video,frame,time_s,fps,track_id,class_id,class_name,confidence,x1,y1,x2,y2,center_x,center_y,box_width,box_height
IMG_0028.mp4,0,0.0,30.0,1,2,traffic_signs,0.6750679612159729,855.5704345703125,506.10760498046875,890.5376586914062,523.1118774414062,873.0540466308594,514.6097412109375,34.96722412109375,17.0042724609375
IMG_0028.mp4,0,0.0,30.0,2,1,traffic_lights,0.37637731432914734,517.7644653320312,680.54248046875,538.6387329101562,709.2420043945312,528.2015991210938,694.8922424316406,20.874267578125,28.69952392578125
IMG_0028.mp4,1,0.03333333333333333,30.0,1,2,traffic_signs,0.7094317674636841,855.6328735351562,506.11376953125,890.7064208984375,523.3960571289062,873.1696472167969,514.7549133300781,35.07354736328125,17.28228759765625
IMG_0028.mp4,2,0.06666666666666667,30.0,1,2,traffic_signs,0.7848734855651855,855.8748168945312,506.1849670410156,890.6605224609375,523.814208984375,873.2676696777344,514.9995880126953,34.78570556640625,17.629241943359375
IMG_0028.mp4,3,0.1,30.0,1,2,traffic_signs,0.7287614941596985,856.1171264648438,506.2230529785156,890.8065795898438,524.2177124023438,873.4618530273438,515.2203826904297,34.689453125,17.994659423828125
IMG_0028.mp4,4,0.13333333333333333,30.0,1,2,traffic_signs,0.6156943440437317,856.3980712890625,506.5699157714844,890.4881591796875,524.4417724609375,873.443115234375,515.5058441162109,34.090087890625,17.871856689453125
IMG_0028.mp4,6,0.2,30.0,1,2,traffic_signs,0.4845797121524811,856.569580078125,507.0822448730469,891.1612548828125,525.4141235351562,873.8654174804688,516.2481842041016,34.5916748046875,18.331878662109375
IMG_0028.mp4,7,0.23333333333333334,30.0,1,2,traffic_signs,0.46527454257011414,856.7487182617188,507.291748046875,891.3707885742188,525.5670776367188,874.0597534179688,516.4294128417969,34.6220703125,18.27532958984375
IMG_0028.mp4,8,0.26666666666666666,30.0,1,2,traffic_signs,0.6059851050376892,857.1165771484375,507.5724792480469,891.5017700195312,525.6220092773438,874.3091735839844,516.5972442626953,34.38519287109375,18.049530029296875
IMG_0028.mp4,8,0.26666666666666666,30.0,2,1,traffic_lights,0.2765417993068695,516.6337890625,680.6766357421875,538.4171142578125,709.9765014648438,527.5254516601562,695.3265686035156,21.7833251953125,29.29986572265625
IMG_0028.mp4,9,0.3,30.0,1,2,traffic_signs,0.6489197015762329,857.3159790039062,507.6882019042969,891.70849609375,525.6519775390625,874.5122375488281,516.6700897216797,34.39251708984375,17.963775634765625
IMG_0028.mp4,10,0.3333333333333333,30.0,1,2,traffic_signs,0.7514946460723877,857.6610107421875,508.0324401855469,891.7752075195312,525.7354736328125,874.7181091308594,516.8839569091797,34.11419677734375,17.703033447265625
IMG_0028.mp4,11,0.36666666666666664,30.0,1,2,traffic_signs,0.7725945115089417,857.81298828125,508.503173828125,891.88134765625,526.6218872070312,874.84716796875,517.5625305175781,34.068359375,18.11871337890625
IMG_0028.mp4,12,0.4,30.0,1,2,traffic_signs,0.3616706430912018,858.0872802734375,508.3985595703125,892.3914794921875,526.8230590820312,875.2393798828125,517.6108093261719,34.30419921875,18.42449951171875
IMG_0028.mp4,17,0.5666666666666667,30.0,1,2,traffic_signs,0.3630610406398773,858.9089965820312,510.8171081542969,892.8843383789062,529.1461791992188,875.8966674804688,519.9816436767578,33.975341796875,18.329071044921875
IMG_0028.mp4,18,0.6,30.0,1,2,traffic_signs,0.2515071928501129,858.911376953125,511.3067321777344,893.002685546875,529.9564208984375,875.95703125,520.6315765380859,34.09130859375,18.649688720703125
IMG_0028.mp4,19,0.6333333333333333,30.0,1,2,traffic_signs,0.3945876955986023,859.1119995117188,511.81536865234375,893.1073608398438,530.6901245117188,876.1096801757812,521.2527465820312,33.995361328125,18.874755859375
IMG_0028.mp4,20,0.6666666666666666,30.0,1,2,traffic_signs,0.5083255171775818,859.15185546875,512.5521240234375,892.5774536132812,530.8434448242188,875.8646545410156,521.6977844238281,33.42559814453125,18.29132080078125
IMG_0028.mp4,21,0.7,30.0,1,2,traffic_signs,0.6040892601013184,858.953369140625,512.5287475585938,893.5509643554688,531.3641357421875,876.2521667480469,521.9464416503906,34.59759521484375,18.83538818359375
IMG_0028.mp4,22,0.7333333333333333,30.0,1,2,traffic_signs,0.4274263381958008,858.628173828125,512.4534301757812,894.218505859375,532.1065063476562,876.42333984375,522.2799682617188,35.59033203125,19.653076171875
IMG_0028.mp4,30,1.0,30.0,4,1,traffic_lights,0.31929776072502136,516.0310668945312,681.0969848632812,539.1455688476562,704.8041381835938,527.5883178710938,692.9505615234375,23.114501953125,23.7071533203125
IMG_0028.mp4,31,1.0333333333333334,30.0,4,1,traffic_lights,0.3805840313434601,516.687744140625,681.2062377929688,539.7189331054688,704.7171020507812,528.2033386230469,692.961669921875,23.03118896484375,23.5108642578125
IMG_0028.mp4,32,1.0666666666666667,30.0,4,1,traffic_lights,0.42298218607902527,517.0361328125,681.0065307617188,540.0874633789062,704.8002319335938,528.5617980957031,692.9033813476562,23.05133056640625,23.793701171875
IMG_0028.mp4,33,1.1,30.0,4,1,traffic_lights,0.3643825352191925,517.25146484375,680.929931640625,539.123779296875,705.026123046875,528.1876220703125,692.97802734375,21.872314453125,24.09619140625
IMG_0028.mp4,36,1.2,30.0,1,2,traffic_signs,0.3211330771446228,860.1901245117188,517.9929809570312,898.2889404296875,539.879638671875,879.2395324707031,528.9363098144531,38.09881591796875,21.88665771484375
IMG_0028.mp4,36,1.2,30.0,4,1,traffic_lights,0.2585865557193756,516.9270629882812,680.962158203125,537.3980712890625,706.0927734375,527.1625671386719,693.5274658203125,20.47100830078125,25.130615234375
IMG_0028.mp4,37,1.2333333333333334,30.0,1,2,traffic_signs,0.3828229606151581,860.7716064453125,518.20751953125,897.9882202148438,540.0631103515625,879.3799133300781,529.1353149414062,37.21661376953125,21.8555908203125
IMG_0028.mp4,38,1.2666666666666666,30.0,1,2,traffic_signs,0.397769570350647,861.397705078125,518.4458618164062,897.3584594726562,539.9388427734375,879.3780822753906,529.1923522949219,35.96075439453125,21.49298095703125
IMG_0028.mp4,39,1.3,30.0,1,2,traffic_signs,0.3732967674732208,861.4476318359375,518.4712524414062,896.9097290039062,540.2489013671875,879.1786804199219,529.3600769042969,35.46209716796875,21.77764892578125
IMG_0028.mp4,40,1.3333333333333333,30.0,1,2,traffic_signs,0.29092204570770264,861.26513671875,518.391357421875,896.4877319335938,540.2742309570312,878.8764343261719,529.3327941894531,35.22259521484375,21.88287353515625
IMG_0028.mp4,70,2.3333333333333335,30.0,11,2,traffic_signs,0.5356926918029785,295.4153137207031,767.61865234375,338.7425842285156,793.9756469726562,317.0789489746094,780.7971496582031,43.3272705078125,26.35699462890625
IMG_0028.mp4,71,2.3666666666666667,30.0,11,2,traffic_signs,0.25737452507019043,295.777099609375,766.724609375,338.4854431152344,793.1158447265625,317.1312713623047,779.9202270507812,42.708343505859375,26.3912353515625
IMG_0028.mp4,76,2.533333333333333,30.0,11,2,traffic_signs,0.40738624334335327,300.3197937011719,766.5911254882812,343.1033020019531,792.4094848632812,321.7115478515625,779.5003051757812,42.78350830078125,25.818359375
IMG_0028.mp4,77,2.566666666666667,30.0,15,1,traffic_lights,0.3557790517807007,515.3785400390625,679.3165893554688,537.553955078125,710.5537719726562,526.4662475585938,694.9351806640625,22.1754150390625,31.2371826171875
IMG_0028.mp4,77,2.566666666666667,30.0,11,2,traffic_signs,0.3318079113960266,302.47332763671875,766.408935546875,344.15570068359375,792.1842041015625,323.31451416015625,779.2965698242188,41.682373046875,25.7752685546875
IMG_0028.mp4,78,2.6,30.0,15,1,traffic_lights,0.36475855112075806,515.2478637695312,679.7447509765625,536.9871215820312,711.1858520507812,526.1174926757812,695.4653015136719,21.7392578125,31.44110107421875
IMG_0028.mp4,80,2.6666666666666665,30.0,11,2,traffic_signs,0.5661816000938416,304.5184020996094,766.8880004882812,344.9061279296875,792.3516845703125,324.71226501464844,779.6198425292969,40.387725830078125,25.46368408203125
IMG_0028.mp4,80,2.6666666666666665,30.0,15,1,traffic_lights,0.6234086751937866,514.8283081054688,679.2008666992188,536.9674682617188,710.8560791015625,525.8978881835938,695.0284729003906,22.13916015625,31.65521240234375
IMG_0028.mp4,81,2.7,30.0,11,2,traffic_signs,0.45081719756126404,308.9455871582031,767.3695678710938,346.4391174316406,790.9993286132812,327.6923522949219,779.1844482421875,37.4935302734375,23.6297607421875
IMG_0028.mp4,81,2.7,30.0,15,1,traffic_lights,0.369204044342041,515.2603149414062,679.2808227539062,537.4182739257812,710.8330078125,526.3392944335938,695.0569152832031,22.157958984375,31.55218505859375
IMG_0028.mp4,82,2.7333333333333334,30.0,15,1,traffic_lights,0.6066668629646301,514.9274291992188,679.708984375,537.335205078125,711.2998046875,526.1313171386719,695.50439453125,22.40777587890625,31.5908203125
IMG_0028.mp4,84,2.8,30.0,15,1,traffic_lights,0.26553866267204285,514.0224609375,679.6909790039062,536.186767578125,710.946533203125,525.1046142578125,695.3187561035156,22.164306640625,31.25555419921875
IMG_0028.mp4,96,3.2,30.0,21,2,traffic_signs,0.6065467596054077,111.24239349365234,779.9835205078125,256.7347717285156,833.6984252929688,183.98858261108398,806.8409729003906,145.49237823486328,53.71490478515625
IMG_0028.mp4,97,3.2333333333333334,30.0,21,2,traffic_signs,0.36424925923347473,128.08966064453125,778.9929809570312,270.5444641113281,831.8285522460938,199.3170623779297,805.4107666015625,142.45480346679688,52.8355712890625
IMG_0028.mp4,104,3.466666666666667,30.0,26,2,traffic_signs,0.7326065897941589,247.29977416992188,866.0628051757812,311.8280029296875,878.4500732421875,279.5638885498047,872.2564392089844,64.52822875976562,12.38726806640625
IMG_0028.mp4,105,3.5,30.0,26,2,traffic_signs,0.8082308769226074,260.69976806640625,863.93701171875,322.1665344238281,876.5485229492188,291.4331512451172,870.2427673339844,61.466766357421875,12.61151123046875
IMG_0028.mp4,106,3.533333333333333,30.0,26,2,traffic_signs,0.6518484950065613,275.6036071777344,861.68212890625,332.6293029785156,873.6734619140625,304.116455078125,867.6777954101562,57.02569580078125,11.9913330078125
IMG_0028.mp4,107,3.566666666666667,30.0,26,2,traffic_signs,0.3325326442718506,286.53277587890625,859.7572021484375,344.6438293457031,871.4496459960938,315.5883026123047,865.6034240722656,58.111053466796875,11.69244384765625
IMG_0028.mp4,133,4.433333333333334,30.0,31,2,traffic_signs,0.39536717534065247,0.10362979769706726,701.6476440429688,12.134267807006836,719.2203369140625,6.118948802351952,710.4339904785156,12.030638009309769,17.57269287109375
IMG_0028.mp4,139,4.633333333333334,30.0,32,1,traffic_lights,0.813533365726471,344.04150390625,777.0477905273438,394.9774169921875,797.1874389648438,369.50946044921875,787.1176147460938,50.9359130859375,20.1396484375
IMG_0028.mp4,140,4.666666666666667,30.0,32,2,traffic_signs,0.44249674677848816,348.0299072265625,776.5604248046875,399.0199890136719,797.5260009765625,373.5249481201172,787.043212890625,50.990081787109375,20.965576171875
IMG_0028.mp4,141,4.7,30.0,32,1,traffic_lights,0.3068971335887909,353.1510925292969,775.9480590820312,404.8213195800781,797.5440673828125,378.9862060546875,786.7460632324219,51.67022705078125,21.59600830078125
IMG_0028.mp4,142,4.733333333333333,30.0,32,2,traffic_signs,0.5894198417663574,357.04705810546875,775.8076171875,408.4337463378906,797.1217651367188,382.7404022216797,786.4646911621094,51.386688232421875,21.31414794921875
IMG_0028.mp4,143,4.766666666666667,30.0,32,1,traffic_lights,0.2787021994590759,362.7970275878906,775.8109130859375,414.05401611328125,797.13427734375,388.42552185058594,786.4725952148438,51.256988525390625,21.3233642578125
IMG_0028.mp4,155,5.166666666666667,30.0,33,2,traffic_signs,0.5248684287071228,303.93170166015625,723.4398803710938,317.6825256347656,738.73193359375,310.80711364746094,731.0859069824219,13.750823974609375,15.29205322265625
IMG_0028.mp4,156,5.2,30.0,33,2,traffic_signs,0.5763968825340271,303.6068115234375,723.849609375,317.3887023925781,738.9953002929688,310.4977569580078,731.4224548339844,13.781890869140625,15.14569091796875
IMG_0028.mp4,157,5.233333333333333,30.0,33,2,traffic_signs,0.40108034014701843,303.07696533203125,724.0298461914062,316.7939453125,738.6670532226562,309.9354553222656,731.3484497070312,13.71697998046875,14.63720703125
IMG_0028.mp4,181,6.033333333333333,30.0,40,1,traffic_lights,0.4021075367927551,480.5262451171875,680.6672973632812,499.542236328125,708.8937377929688,490.03424072265625,694.780517578125,19.0159912109375,28.2264404296875
IMG_0028.mp4,182,6.066666666666666,30.0,40,1,traffic_lights,0.5112223625183105,479.9232177734375,680.1473999023438,498.7730407714844,709.3223876953125,489.34812927246094,694.7348937988281,18.849822998046875,29.17498779296875
IMG_0028.mp4,183,6.1,30.0,40,1,traffic_lights,0.41076940298080444,479.341064453125,680.356689453125,498.33001708984375,709.3587646484375,488.8355407714844,694.8577270507812,18.98895263671875,29.0020751953125
IMG_0028.mp4,184,6.133333333333334,30.0,40,1,traffic_lights,0.6332009434700012,478.88824462890625,691.8272094726562,496.40509033203125,710.1926879882812,487.64666748046875,701.0099487304688,17.516845703125,18.365478515625
IMG_0028.mp4,185,6.166666666666667,30.0,40,1,traffic_lights,0.542938768863678,477.9631652832031,695.9926147460938,495.0244140625,710.7133178710938,486.49378967285156,703.3529663085938,17.061248779296875,14.720703125
IMG_0028.mp4,186,6.2,30.0,40,1,traffic_lights,0.49076804518699646,477.27008056640625,696.2899169921875,493.7248840332031,710.20458984375,485.4974822998047,703.2472534179688,16.454803466796875,13.9146728515625
IMG_0028.mp4,187,6.233333333333333,30.0,40,1,traffic_lights,0.37123364210128784,476.0887451171875,696.8614501953125,492.1661071777344,710.2615356445312,484.12742614746094,703.5614929199219,16.077362060546875,13.40008544921875
IMG_0028.mp4,197,6.566666666666666,30.0,52,1,traffic_lights,0.41136646270751953,890.1804809570312,528.667724609375,905.6469116210938,546.2786865234375,897.9136962890625,537.4732055664062,15.4664306640625,17.6109619140625
IMG_0028.mp4,198,6.6,30.0,52,1,traffic_lights,0.41699647903442383,889.2247924804688,527.3511352539062,904.6748046875,545.7275390625,896.9497985839844,536.5393371582031,15.45001220703125,18.37640380859375
IMG_0028.mp4,200,6.666666666666667,30.0,52,1,traffic_lights,0.5030657649040222,887.800537109375,526.4273681640625,903.1068725585938,545.297607421875,895.4537048339844,535.8624877929688,15.30633544921875,18.8702392578125
IMG_0028.mp4,201,6.7,30.0,52,1,traffic_lights,0.32634827494621277,887.6266479492188,526.3869018554688,902.7603759765625,545.0031127929688,895.1935119628906,535.6950073242188,15.13372802734375,18.6162109375
IMG_0028.mp4,202,6.733333333333333,30.0,52,1,traffic_lights,0.32309991121292114,887.2903442382812,526.8425903320312,902.1748046875,545.1781616210938,894.7325744628906,536.0103759765625,14.88446044921875,18.3355712890625
IMG_0028.mp4,204,6.8,30.0,52,1,traffic_lights,0.44948887825012207,887.1072387695312,526.8114624023438,902.0594482421875,545.4653930664062,894.5833435058594,536.138427734375,14.95220947265625,18.6539306640625
IMG_0028.mp4,205,6.833333333333333,30.0,52,1,traffic_lights,0.5147566795349121,886.9192504882812,527.0125732421875,901.4169311523438,545.4996337890625,894.1680908203125,536.256103515625,14.4976806640625,18.487060546875
IMG_0028.mp4,206,6.866666666666666,30.0,52,1,traffic_lights,0.4374282658100128,886.6588745117188,526.53369140625,900.9335327148438,544.947509765625,893.7962036132812,535.7406005859375,14.274658203125,18.413818359375
IMG_0028.mp4,207,6.9,30.0,52,1,traffic_lights,0.36474308371543884,886.5498046875,526.9522094726562,900.5684204101562,544.804443359375,893.5591125488281,535.8783264160156,14.01861572265625,17.85223388671875
IMG_0028.mp4,208,6.933333333333334,30.0,52,1,traffic_lights,0.4661039113998413,886.177490234375,526.4684448242188,900.3383178710938,544.5691528320312,893.2579040527344,535.518798828125,14.16082763671875,18.1007080078125
IMG_0028.mp4,208,6.933333333333334,30.0,56,1,traffic_lights,0.5088451504707336,429.8190612792969,646.871826171875,453.64404296875,667.2909545898438,441.73155212402344,657.0813903808594,23.824981689453125,20.41912841796875
IMG_0028.mp4,209,6.966666666666667,30.0,52,1,traffic_lights,0.4253634512424469,885.6580200195312,525.72900390625,900.0208740234375,544.2642822265625,892.8394470214844,534.9966430664062,14.36285400390625,18.5352783203125
IMG_0028.mp4,209,6.966666666666667,30.0,56,1,traffic_lights,0.4495410621166229,428.96240234375,646.9285278320312,452.7066650390625,667.4686889648438,440.83453369140625,657.1986083984375,23.7442626953125,20.5401611328125
IMG_0028.mp4,210,7.0,30.0,52,1,traffic_lights,0.4466521441936493,885.5757446289062,525.0721435546875,900.3637084960938,543.95166015625,892.9697265625,534.5119018554688,14.7879638671875,18.8795166015625
IMG_0028.mp4,210,7.0,30.0,56,1,traffic_lights,0.5231622457504272,428.8294372558594,647.0369262695312,452.9171447753906,667.3177490234375,440.873291015625,657.1773376464844,24.08770751953125,20.28082275390625
IMG_0028.mp4,211,7.033333333333333,30.0,52,1,traffic_lights,0.4564428925514221,885.0610961914062,524.0777587890625,900.4159545898438,543.9146118164062,892.738525390625,533.9961853027344,15.3548583984375,19.83685302734375
IMG_0028.mp4,211,7.033333333333333,30.0,56,1,traffic_lights,0.5682684183120728,428.0654296875,647.163330078125,452.1918640136719,667.5531616210938,440.12864685058594,657.3582458496094,24.126434326171875,20.38983154296875
IMG_0028.mp4,212,7.066666666666666,30.0,52,1,traffic_lights,0.5315418243408203,884.6393432617188,523.4945678710938,900.3727416992188,543.8809204101562,892.5060424804688,533.687744140625,15.7333984375,20.3863525390625
IMG_0028.mp4,212,7.066666666666666,30.0,56,1,traffic_lights,0.6327877640724182,427.7220458984375,646.5588989257812,452.3213806152344,667.38720703125,440.02171325683594,656.9730529785156,24.599334716796875,20.82830810546875
IMG_0028.mp4,213,7.1,30.0,52,1,traffic_lights,0.4372974932193756,883.8967895507812,523.2716064453125,899.9443969726562,543.5343627929688,891.9205932617188,533.4029846191406,16.047607421875,20.26275634765625
IMG_0028.mp4,213,7.1,30.0,56,1,traffic_lights,0.6926206946372986,426.61260986328125,646.30419921875,452.6341552734375,667.5806884765625,439.6233825683594,656.9424438476562,26.02154541015625,21.2764892578125
IMG_0028.mp4,214,7.133333333333334,30.0,52,1,traffic_lights,0.5780327916145325,883.591796875,523.4265747070312,899.7135620117188,543.507080078125,891.6526794433594,533.4668273925781,16.12176513671875,20.08050537109375
IMG_0028.mp4,214,7.133333333333334,30.0,56,1,traffic_lights,0.6374097466468811,426.35955810546875,646.5386352539062,452.9881286621094,667.9650268554688,439.67384338378906,657.2518310546875,26.628570556640625,21.4263916015625
IMG_0028.mp4,215,7.166666666666667,30.0,52,1,traffic_lights,0.6457918882369995,883.2194213867188,522.6288452148438,899.4578247070312,543.3876953125,891.338623046875,533.0082702636719,16.2384033203125,20.75885009765625
IMG_0028.mp4,215,7.166666666666667,30.0,56,1,traffic_lights,0.6177038550376892,425.74383544921875,647.0935668945312,452.4967956542969,668.1107177734375,439.1203155517578,657.6021423339844,26.752960205078125,21.01715087890625
IMG_0028.mp4,216,7.2,30.0,52,1,traffic_lights,0.5950709581375122,883.2398681640625,522.096923828125,899.4085693359375,542.9156494140625,891.32421875,532.5062866210938,16.168701171875,20.8187255859375
IMG_0028.mp4,216,7.2,30.0,56,1,traffic_lights,0.6074891686439514,425.8929748535156,646.51416015625,452.2141418457031,667.418212890625,439.0535583496094,656.9661865234375,26.3211669921875,20.904052734375
IMG_0028.mp4,217,7.233333333333333,30.0,52,1,traffic_lights,0.523891806602478,883.04833984375,522.6687622070312,898.7999267578125,542.7853393554688,890.9241333007812,532.72705078125,15.7515869140625,20.1165771484375
IMG_0028.mp4,217,7.233333333333333,30.0,56,1,traffic_lights,0.5168826580047607,425.3630676269531,647.0374145507812,451.10931396484375,667.9122924804688,438.23619079589844,657.474853515625,25.746246337890625,20.8748779296875
IMG_0028.mp4,218,7.266666666666667,30.0,52,1,traffic_lights,0.48584219813346863,883.0982055664062,522.8123168945312,898.214111328125,541.7846069335938,890.6561584472656,532.2984619140625,15.11590576171875,18.9722900390625
IMG_0028.mp4,218,7.266666666666667,30.0,56,1,traffic_lights,0.39497464895248413,424.7851867675781,646.1702270507812,449.4700927734375,667.355224609375,437.1276397705078,656.7627258300781,24.684906005859375,21.18499755859375
IMG_0028.mp4,219,7.3,30.0,52,1,traffic_lights,0.2894973158836365,882.9979248046875,522.5460205078125,898.3428344726562,541.4998779296875,890.6703796386719,532.02294921875,15.34490966796875,18.953857421875
IMG_0028.mp4,219,7.3,30.0,56,1,traffic_lights,0.45028385519981384,424.0582580566406,646.0636596679688,447.6985778808594,667.3951416015625,435.87841796875,656.7294006347656,23.64031982421875,21.33148193359375
IMG_0028.mp4,220,7.333333333333333,30.0,52,1,traffic_lights,0.2936057150363922,882.3706665039062,521.1529541015625,898.249755859375,541.4935913085938,890.3102111816406,531.3232727050781,15.87908935546875,20.34063720703125
IMG_0028.mp4,220,7.333333333333333,30.0,56,1,traffic_lights,0.3150479197502136,423.16162109375,646.2640991210938,445.4075622558594,667.1632690429688,434.2845916748047,656.7136840820312,22.245941162109375,20.899169921875
IMG_0028.mp4,221,7.366666666666666,30.0,52,1,traffic_lights,0.5775521993637085,882.0423583984375,517.644287109375,898.7877197265625,541.1508178710938,890.4150390625,529.3975524902344,16.745361328125,23.50653076171875
IMG_0028.mp4,221,7.366666666666666,30.0,56,1,traffic_lights,0.34480732679367065,423.33050537109375,646.2333374023438,445.152099609375,667.2703247070312,434.2413024902344,656.7518310546875,21.82159423828125,21.0369873046875
IMG_0028.mp4,222,7.4,30.0,52,1,traffic_lights,0.6015108227729797,881.1090087890625,516.2802734375,898.3688354492188,540.7411499023438,889.7389221191406,528.5107116699219,17.25982666015625,24.46087646484375
IMG_0028.mp4,223,7.433333333333334,30.0,52,1,traffic_lights,0.330242395401001,881.343994140625,515.37646484375,898.8811645507812,540.620849609375,890.1125793457031,527.9986572265625,17.53717041015625,25.244384765625
IMG_0028.mp4,224,7.466666666666667,30.0,52,1,traffic_lights,0.6295457482337952,881.1141357421875,514.04296875,898.7457885742188,539.941162109375,889.9299621582031,526.9920654296875,17.63165283203125,25.898193359375
IMG_0028.mp4,225,7.5,30.0,52,1,traffic_lights,0.630944550037384,880.6598510742188,513.3983154296875,899.091064453125,539.4876098632812,889.8754577636719,526.4429626464844,18.43121337890625,26.08929443359375
IMG_0028.mp4,226,7.533333333333333,30.0,52,1,traffic_lights,0.6779901385307312,880.460693359375,513.1696166992188,899.4937133789062,539.2245483398438,889.9772033691406,526.1970825195312,19.03302001953125,26.054931640625
IMG_0028.mp4,227,7.566666666666666,30.0,52,1,traffic_lights,0.6538251042366028,880.4405517578125,512.55322265625,899.4259033203125,538.4129028320312,889.9332275390625,525.4830627441406,18.9853515625,25.85968017578125
IMG_0028.mp4,228,7.6,30.0,52,1,traffic_lights,0.6593077182769775,880.611328125,512.2133178710938,899.3502197265625,538.0245361328125,889.9807739257812,525.1189270019531,18.7388916015625,25.81121826171875
IMG_0028.mp4,229,7.633333333333334,30.0,52,1,traffic_lights,0.5465885400772095,880.591796875,511.7225036621094,899.069091796875,536.8832397460938,889.8304443359375,524.3028717041016,18.477294921875,25.160736083984375
IMG_0028.mp4,230,7.666666666666667,30.0,52,1,traffic_lights,0.4345241189002991,880.3214111328125,511.7991027832031,899.0010986328125,537.0977783203125,889.6612548828125,524.4484405517578,18.6796875,25.298675537109375
IMG_0028.mp4,231,7.7,30.0,52,1,traffic_lights,0.3998548984527588,879.9000244140625,511.44146728515625,898.5868530273438,536.4171142578125,889.2434387207031,523.9292907714844,18.68682861328125,24.97564697265625
IMG_0028.mp4,232,7.733333333333333,30.0,52,1,traffic_lights,0.45520782470703125,879.5043334960938,510.70294189453125,898.3862915039062,535.4550170898438,888.9453125,523.0789794921875,18.8819580078125,24.7520751953125
IMG_0028.mp4,233,7.766666666666667,30.0,52,1,traffic_lights,0.465880811214447,879.4971313476562,509.7491149902344,898.4818115234375,534.8009033203125,888.9894714355469,522.2750091552734,18.98468017578125,25.051788330078125
IMG_0028.mp4,233,7.766666666666667,30.0,68,1,traffic_lights,0.5369583964347839,427.29644775390625,626.4225463867188,442.4136657714844,638.0110473632812,434.8550567626953,632.216796875,15.117218017578125,11.5885009765625
IMG_0028.mp4,234,7.8,30.0,52,1,traffic_lights,0.5281270146369934,879.6299438476562,508.92633056640625,899.2745361328125,534.3726806640625,889.4522399902344,521.6495056152344,19.64459228515625,25.44635009765625
IMG_0028.mp4,234,7.8,30.0,68,1,traffic_lights,0.5500196814537048,426.4306640625,625.8228149414062,441.31170654296875,637.5165405273438,433.8711853027344,631.669677734375,14.88104248046875,11.6937255859375
IMG_0028.mp4,235,7.833333333333333,30.0,52,1,traffic_lights,0.44090086221694946,879.3229370117188,507.9608459472656,899.3128662109375,534.205078125,889.3179016113281,521.0829620361328,19.98992919921875,26.244232177734375
IMG_0028.mp4,235,7.833333333333333,30.0,68,1,traffic_lights,0.558729350566864,425.1100769042969,625.8924560546875,440.241943359375,638.6597290039062,432.67601013183594,632.2760925292969,15.131866455078125,12.76727294921875
IMG_0028.mp4,236,7.866666666666666,30.0,52,1,traffic_lights,0.30382588505744934,879.3421630859375,506.86151123046875,899.9033203125,533.6475219726562,889.6227416992188,520.2545166015625,20.5611572265625,26.7860107421875
IMG_0028.mp4,236,7.866666666666666,30.0,68,1,traffic_lights,0.2846832871437073,424.53692626953125,625.5838623046875,439.1808166503906,638.7479248046875,431.85887145996094,632.1658935546875,14.643890380859375,13.1640625
IMG_0028.mp4,237,7.9,30.0,52,1,traffic_lights,0.39429956674575806,879.3334350585938,505.53631591796875,901.1790771484375,533.0391845703125,890.2562561035156,519.2877502441406,21.84564208984375,27.50286865234375
IMG_0028.mp4,237,7.9,30.0,68,1,traffic_lights,0.388241708278656,423.2458190917969,624.8692626953125,438.2378234863281,637.6307373046875,430.7418212890625,631.25,14.99200439453125,12.761474609375
IMG_0028.mp4,238,7.933333333333334,30.0,52,1,traffic_lights,0.5056896209716797,878.552001953125,504.800537109375,900.5150146484375,532.5657348632812,889.5335083007812,518.6831359863281,21.9630126953125,27.76519775390625
IMG_0028.mp4,239,7.966666666666667,30.0,52,1,traffic_lights,0.4848543107509613,878.4223022460938,503.9471740722656,900.5346069335938,532.0023803710938,889.4784545898438,517.9747772216797,22.1123046875,28.055206298828125
IMG_0028.mp4,240,8.0,30.0,52,1,traffic_lights,0.5075468420982361,878.4913940429688,503.64471435546875,900.2532958984375,531.37744140625,889.3723449707031,517.5110778808594,21.76190185546875,27.73272705078125
IMG_0028.mp4,247,8.233333333333333,30.0,52,1,traffic_lights,0.26249125599861145,878.7652587890625,497.72357177734375,897.7053833007812,525.9290771484375,888.2353210449219,511.8263244628906,18.94012451171875,28.20550537109375
IMG_0028.mp4,250,8.333333333333334,30.0,52,1,traffic_lights,0.3536193370819092,877.881591796875,496.38250732421875,899.0728759765625,525.3677368164062,888.4772338867188,510.8751220703125,21.1912841796875,28.9852294921875
IMG_0028.mp4,251,8.366666666666667,30.0,52,1,traffic_lights,0.4343385100364685,877.712890625,495.60626220703125,899.6514282226562,524.154296875,888.6821594238281,509.8802795410156,21.93853759765625,28.54803466796875
IMG_0028.mp4,252,8.4,30.0,52,1,traffic_lights,0.49574241042137146,877.550048828125,494.9984130859375,900.3076782226562,523.8897094726562,888.9288635253906,509.4440612792969,22.75762939453125,28.89129638671875
IMG_0028.mp4,253,8.433333333333334,30.0,52,1,traffic_lights,0.4052625000476837,877.593017578125,493.2922058105469,899.883056640625,522.872802734375,888.738037109375,508.08250427246094,22.2900390625,29.580596923828125
IMG_0028.mp4,254,8.466666666666667,30.0,52,1,traffic_lights,0.5189435482025146,877.7409057617188,492.0904541015625,900.3934326171875,522.6726684570312,889.0671691894531,507.3815612792969,22.65252685546875,30.58221435546875
IMG_0028.mp4,257,8.566666666666666,30.0,52,1,traffic_lights,0.38256576657295227,877.780029296875,491.72686767578125,899.2135620117188,521.0050659179688,888.4967956542969,506.365966796875,21.43353271484375,29.2781982421875
IMG_0028.mp4,258,8.6,30.0,52,1,traffic_lights,0.3128509819507599,877.435302734375,491.2558288574219,898.9912109375,520.4381713867188,888.2132568359375,505.8470001220703,21.555908203125,29.182342529296875
IMG_0028.mp4,259,8.633333333333333,30.0,52,1,traffic_lights,0.49671655893325806,877.5482177734375,491.1728820800781,899.3007202148438,519.8709716796875,888.4244689941406,505.5219268798828,21.75250244140625,28.698089599609375
IMG_0028.mp4,260,8.666666666666666,30.0,52,1,traffic_lights,0.4420742392539978,877.4072265625,491.22528076171875,899.4425659179688,519.3792724609375,888.4248962402344,505.3022766113281,22.03533935546875,28.15399169921875
IMG_0028.mp4,261,8.7,30.0,52,1,traffic_lights,0.3598308265209198,877.4098510742188,491.2193298339844,899.6382446289062,518.9489135742188,888.5240478515625,505.08412170410156,22.2283935546875,27.729583740234375
IMG_0028.mp4,264,8.8,30.0,52,1,traffic_lights,0.3478910028934479,877.9754028320312,485.8077392578125,899.1951293945312,516.1008911132812,888.5852661132812,500.9543151855469,21.2197265625,30.29315185546875
IMG_0028.mp4,265,8.833333333333334,30.0,52,1,traffic_lights,0.5746896862983704,878.1337890625,484.6301574707031,899.15380859375,515.1094360351562,888.643798828125,499.8697967529297,21.02001953125,30.479278564453125
IMG_0028.mp4,266,8.866666666666667,30.0,52,1,traffic_lights,0.5729323029518127,878.1052856445312,483.7897644042969,899.0369262695312,514.2892456054688,888.5711059570312,499.0395050048828,20.931640625,30.499481201171875
IMG_0028.mp4,267,8.9,30.0,52,1,traffic_lights,0.49297091364860535,877.7484741210938,482.9539794921875,898.553955078125,513.8703002929688,888.1512145996094,498.4121398925781,20.80548095703125,30.91632080078125
IMG_0028.mp4,268,8.933333333333334,30.0,52,1,traffic_lights,0.44347143173217773,877.3623046875,479.6896667480469,898.5209350585938,512.41552734375,887.9416198730469,496.05259704589844,21.15863037109375,32.725860595703125
IMG_0028.mp4,269,8.966666666666667,30.0,52,1,traffic_lights,0.6846475005149841,878.295166015625,477.94110107421875,900.1256103515625,510.99420166015625,889.2103881835938,494.4676513671875,21.8304443359375,33.0531005859375
IMG_0028.mp4,270,9.0,30.0,52,1,traffic_lights,0.658287525177002,878.7465209960938,478.32171630859375,901.7360229492188,510.2629699707031,890.2412719726562,494.29234313964844,22.989501953125,31.941253662109375
IMG_0028.mp4,271,9.033333333333333,30.0,52,1,traffic_lights,0.676443338394165,878.0616455078125,478.39337158203125,900.7297973632812,510.3941650390625,889.3957214355469,494.3937683105469,22.66815185546875,32.00079345703125
IMG_0028.mp4,272,9.066666666666666,30.0,52,1,traffic_lights,0.5672910809516907,877.6470336914062,476.77471923828125,902.6067504882812,509.3818359375,890.1268920898438,493.0782775878906,24.959716796875,32.60711669921875
IMG_0028.mp4,273,9.1,30.0,52,1,traffic_lights,0.6588744521141052,878.0337524414062,474.8651428222656,909.5223388671875,507.6671142578125,893.7780456542969,491.26612854003906,31.48858642578125,32.801971435546875
IMG_0028.mp4,274,9.133333333333333,30.0,52,1,traffic_lights,0.6991721987724304,878.1220703125,474.6470031738281,913.6736450195312,507.457275390625,895.8978576660156,491.05213928222656,35.55157470703125,32.810272216796875
IMG_0028.mp4,275,9.166666666666666,30.0,52,1,traffic_lights,0.6560860872268677,877.5123901367188,474.3055114746094,914.3914184570312,507.36883544921875,895.951904296875,490.83717346191406,36.8790283203125,33.063323974609375
IMG_0028.mp4,277,9.233333333333333,30.0,52,1,traffic_lights,0.4993242919445038,879.1275024414062,472.6581726074219,923.0584716796875,504.6891174316406,901.0929870605469,488.67364501953125,43.93096923828125,32.03094482421875
IMG_0028.mp4,278,9.266666666666667,30.0,52,1,traffic_lights,0.731360137462616,879.5897216796875,471.1946716308594,915.5850219726562,502.9882507324219,897.5873718261719,487.0914611816406,35.99530029296875,31.7935791015625
IMG_0028.mp4,279,9.3,30.0,52,1,traffic_lights,0.6737847328186035,879.7938232421875,471.0036315917969,910.1112670898438,502.84283447265625,894.9525451660156,486.92323303222656,30.31744384765625,31.839202880859375
IMG_0028.mp4,280,9.333333333333334,30.0,52,1,traffic_lights,0.6925158500671387,879.7743530273438,470.57855224609375,906.6358032226562,502.3139953613281,893.205078125,486.44627380371094,26.8614501953125,31.735443115234375
IMG_0028.mp4,281,9.366666666666667,30.0,52,1,traffic_lights,0.42265474796295166,879.1912841796875,469.8902282714844,920.8500366210938,501.5591735839844,900.0206604003906,485.7247009277344,41.65875244140625,31.6689453125
IMG_0028.mp4,282,9.4,30.0,52,1,traffic_lights,0.38605841994285583,878.8775024414062,466.8036193847656,916.2906494140625,499.317138671875,897.5840759277344,483.0603790283203,37.41314697265625,32.513519287109375
IMG_0028.mp4,286,9.533333333333333,30.0,52,1,traffic_lights,0.50332111120224,879.2191162109375,457.1171875,912.9700317382812,496.73345947265625,896.0945739746094,476.9253234863281,33.75091552734375,39.61627197265625
IMG_0028.mp4,287,9.566666666666666,30.0,52,1,traffic_lights,0.3486408293247223,879.0579833984375,455.17010498046875,912.0009765625,495.6682434082031,895.5294799804688,475.41917419433594,32.9429931640625,40.498138427734375
IMG_0028.mp4,288,9.6,30.0,52,1,traffic_lights,0.3527522385120392,879.0960083007812,453.876953125,916.2220458984375,494.4942932128906,897.6590270996094,474.1856231689453,37.12603759765625,40.617340087890625
IMG_0028.mp4,289,9.633333333333333,30.0,52,1,traffic_lights,0.6126267910003662,878.9284057617188,455.1728515625,913.796142578125,493.2392272949219,896.3622741699219,474.20603942871094,34.86773681640625,38.066375732421875
IMG_0028.mp4,290,9.666666666666666,30.0,52,1,traffic_lights,0.5830997228622437,878.8472900390625,449.62677001953125,914.5916137695312,491.9650573730469,896.7194519042969,470.79591369628906,35.74432373046875,42.338287353515625
IMG_0028.mp4,291,9.7,30.0,115,2,traffic_signs,0.6545700430870056,206.17677307128906,719.3722534179688,221.2871551513672,737.1283569335938,213.73196411132812,728.2503051757812,15.110382080078125,17.756103515625
IMG_0028.mp4,292,9.733333333333333,30.0,115,2,traffic_signs,0.6669155359268188,205.26715087890625,719.5390625,219.56776428222656,736.8934936523438,212.4174575805664,728.2162780761719,14.300613403320312,17.35443115234375
IMG_0028.mp4,293,9.766666666666667,30.0,115,2,traffic_signs,0.6094823479652405,204.90109252929688,719.5309448242188,219.4318084716797,737.0707397460938,212.16645050048828,728.3008422851562,14.530715942382812,17.539794921875
IMG_0028.mp4,293,9.766666666666667,30.0,52,1,traffic_lights,0.4952012300491333,878.9671020507812,442.61767578125,909.27490234375,486.9818420410156,894.1210021972656,464.7997589111328,30.30780029296875,44.364166259765625
IMG_0028.mp4,294,9.8,30.0,115,2,traffic_signs,0.678917646408081,204.62367248535156,719.1106567382812,219.15301513671875,736.5670776367188,211.88834381103516,727.8388671875,14.529342651367188,17.4564208984375
IMG_0028.mp4,295,9.833333333333334,30.0,115,2,traffic_signs,0.6827161312103271,203.93890380859375,718.5347290039062,217.85800170898438,735.9346923828125,210.89845275878906,727.2347106933594,13.919097900390625,17.39996337890625
IMG_0028.mp4,296,9.866666666666667,30.0,115,2,traffic_signs,0.7057226300239563,204.47576904296875,718.419189453125,217.33761596679688,735.1742553710938,210.9066925048828,726.7967224121094,12.861846923828125,16.75506591796875
IMG_0028.mp4,297,9.9,30.0,115,2,traffic_signs,0.7113954424858093,203.89109802246094,718.9215698242188,216.6780242919922,735.4287719726562,210.28456115722656,727.1751708984375,12.78692626953125,16.5072021484375
IMG_0028.mp4,298,9.933333333333334,30.0,115,2,traffic_signs,0.473438024520874,203.73016357421875,719.4735717773438,216.2986297607422,735.0713500976562,210.01439666748047,727.2724609375,12.568466186523438,15.5977783203125
IMG_0028.mp4,299,9.966666666666667,30.0,115,2,traffic_signs,0.292717307806015,203.12623596191406,718.3436889648438,215.33673095703125,734.1256103515625,209.23148345947266,726.2346496582031,12.210494995117188,15.78192138671875
IMG_0028.mp4,299,9.966666666666667,30.0,122,1,traffic_lights,0.5027294158935547,391.12908935546875,630.7055053710938,415.3590393066406,653.1652221679688,403.2440643310547,641.9353637695312,24.229949951171875,22.459716796875
IMG_0028.mp4,299,9.966666666666667,30.0,52,1,traffic_lights,0.4737432599067688,877.746826171875,446.5826416015625,905.3943481445312,481.2544860839844,891.5705871582031,463.91856384277344,27.64752197265625,34.671844482421875
IMG_0028.mp4,301,10.033333333333333,30.0,122,1,traffic_lights,0.48092007637023926,390.4026184082031,630.6679077148438,413.7769775390625,652.8472900390625,402.0897979736328,641.7575988769531,23.374359130859375,22.17938232421875
IMG_0028.mp4,301,10.033333333333333,30.0,52,1,traffic_lights,0.39901506900787354,878.1209106445312,445.74859619140625,912.2601318359375,479.3470764160156,895.1905212402344,462.54783630371094,34.13922119140625,33.598480224609375
IMG_0028.mp4,302,10.066666666666666,30.0,122,1,traffic_lights,0.46640390157699585,389.7322998046875,629.7643432617188,413.35369873046875,652.05517578125,401.5429992675781,640.9097595214844,23.62139892578125,22.29083251953125
IMG_0028.mp4,302,10.066666666666666,30.0,52,1,traffic_lights,0.3531586527824402,878.3034057617188,444.3224182128906,925.1380004882812,478.4280090332031,901.720703125,461.3752136230469,46.8345947265625,34.1055908203125
IMG_0028.mp4,303,10.1,30.0,122,1,traffic_lights,0.41239243745803833,390.0736083984375,629.9151000976562,413.58740234375,651.7816772460938,401.83050537109375,640.848388671875,23.5137939453125,21.8665771484375
IMG_0028.mp4,304,10.133333333333333,30.0,122,1,traffic_lights,0.4335029423236847,388.2914733886719,629.6463012695312,412.1846618652344,651.6456909179688,400.2380676269531,640.64599609375,23.8931884765625,21.9993896484375
IMG_0028.mp4,305,10.166666666666666,30.0,122,1,traffic_lights,0.40624552965164185,388.0775451660156,629.5250244140625,411.9830627441406,650.9725952148438,400.0303039550781,640.2488098144531,23.905517578125,21.44757080078125
IMG_0028.mp4,306,10.2,30.0,122,1,traffic_lights,0.6384289860725403,387.6527404785156,629.3875122070312,411.286376953125,650.4474487304688,399.4695587158203,639.91748046875,23.633636474609375,21.0599365234375
IMG_0028.mp4,307,10.233333333333333,30.0,122,1,traffic_lights,0.559277355670929,389.59124755859375,629.3673706054688,413.0915832519531,649.9344482421875,401.34141540527344,639.6509094238281,23.500335693359375,20.56707763671875
IMG_0028.mp4,308,10.266666666666667,30.0,122,1,traffic_lights,0.46247804164886475,387.3849792480469,628.8032836914062,410.4266052246094,649.706298828125,398.9057922363281,639.2547912597656,23.0416259765625,20.90301513671875
IMG_0028.mp4,309,10.3,30.0,52,1,traffic_lights,0.728634238243103,878.37890625,433.50787353515625,933.2742309570312,469.2938232421875,905.8265686035156,451.4008483886719,54.89532470703125,35.78594970703125
IMG_0028.mp4,310,10.333333333333334,30.0,52,1,traffic_lights,0.7438334822654724,879.0518798828125,432.80718994140625,934.2830810546875,468.3165588378906,906.66748046875,450.56187438964844,55.231201171875,35.509368896484375
IMG_0028.mp4,311,10.366666666666667,30.0,52,1,traffic_lights,0.7822353839874268,879.2564086914062,432.1811828613281,934.47802734375,466.7656555175781,906.8672180175781,449.4734191894531,55.22161865234375,34.58447265625
IMG_0028.mp4,312,10.4,30.0,52,1,traffic_lights,0.7031857371330261,879.44287109375,431.1114501953125,934.8627319335938,465.4521179199219,907.1528015136719,448.2817840576172,55.41986083984375,34.340667724609375
IMG_0028.mp4,313,10.433333333333334,30.0,52,1,traffic_lights,0.5919530987739563,879.3844604492188,429.94232177734375,935.0455322265625,464.2072448730469,907.2149963378906,447.0747833251953,55.66107177734375,34.264923095703125
IMG_0028.mp4,314,10.466666666666667,30.0,52,1,traffic_lights,0.7908112406730652,879.2841186523438,429.3308410644531,935.6320190429688,463.3057556152344,907.4580688476562,446.31829833984375,56.347900390625,33.97491455078125
IMG_0028.mp4,315,10.5,30.0,52,1,traffic_lights,0.7927801609039307,878.2290649414062,427.0978698730469,934.8880615234375,461.7674560546875,906.5585632324219,444.4326629638672,56.65899658203125,34.669586181640625
IMG_0028.mp4,316,10.533333333333333,30.0,52,1,traffic_lights,0.6780018210411072,877.73974609375,426.5196838378906,934.9739379882812,461.0652770996094,906.3568420410156,443.79248046875,57.23419189453125,34.54559326171875
IMG_0028.mp4,317,10.566666666666666,30.0,52,1,traffic_lights,0.8133985996246338,877.5199584960938,425.0404357910156,935.2828369140625,459.9303283691406,906.4013977050781,442.4853820800781,57.76287841796875,34.889892578125
IMG_0028.mp4,318,10.6,30.0,52,1,traffic_lights,0.7878395318984985,877.715087890625,422.0205993652344,934.7022705078125,457.8624267578125,906.2086791992188,439.94151306152344,56.9871826171875,35.841827392578125
IMG_0028.mp4,319,10.633333333333333,30.0,52,1,traffic_lights,0.8252142071723938,878.0182495117188,420.8597412109375,934.06884765625,456.05712890625,906.0435485839844,438.45843505859375,56.05059814453125,35.1973876953125
IMG_0028.mp4,319,10.633333333333333,30.0,130,1,traffic_lights,0.7427141666412354,381.4698486328125,623.475830078125,404.5086669921875,645.7788696289062,392.9892578125,634.6273498535156,23.038818359375,22.30303955078125
IMG_0028.mp4,320,10.666666666666666,30.0,52,1,traffic_lights,0.7918523550033569,878.1074829101562,419.786865234375,933.8521728515625,454.6807861328125,905.9798278808594,437.23382568359375,55.74468994140625,34.8939208984375
IMG_0028.mp4,320,10.666666666666666,30.0,130,1,traffic_lights,0.731759250164032,380.7919921875,622.9454345703125,403.6009216308594,645.6295166015625,392.1964569091797,634.2874755859375,22.808929443359375,22.68408203125
IMG_0028.mp4,321,10.7,30.0,52,1,traffic_lights,0.7460925579071045,878.2061767578125,417.7272644042969,933.9530639648438,452.6682434082031,906.0796203613281,435.19775390625,55.74688720703125,34.94097900390625
IMG_0028.mp4,321,10.7,30.0,130,1,traffic_lights,0.7912978529930115,379.5543212890625,622.2417602539062,402.6237487792969,645.05322265625,391.0890350341797,633.6474914550781,23.069427490234375,22.81146240234375
IMG_0028.mp4,322,10.733333333333333,30.0,52,1,traffic_lights,0.3678743839263916,878.15966796875,416.8404235839844,934.0006713867188,451.51922607421875,906.0801696777344,434.17982482910156,55.84100341796875,34.678802490234375
IMG_0028.mp4,322,10.733333333333333,30.0,130,1,traffic_lights,0.7856552004814148,377.9314270019531,622.384033203125,401.646240234375,645.34130859375,389.78883361816406,633.8626708984375,23.714813232421875,22.957275390625
IMG_0028.mp4,323,10.766666666666667,30.0,52,1,traffic_lights,0.7033947110176086,878.1027221679688,415.5691223144531,934.113037109375,450.51556396484375,906.1078796386719,433.04234313964844,56.01031494140625,34.946441650390625
IMG_0028.mp4,323,10.766666666666667,30.0,130,1,traffic_lights,0.788757860660553,377.2704772949219,622.40869140625,401.2002868652344,645.3201904296875,389.2353820800781,633.8644409179688,23.9298095703125,22.9114990234375
IMG_0028.mp4,324,10.8,30.0,130,1,traffic_lights,0.8011263012886047,375.7299499511719,622.6945190429688,399.7318420410156,645.6168212890625,387.73089599609375,634.1556701660156,24.00189208984375,22.92230224609375
IMG_0028.mp4,325,10.833333333333334,30.0,130,1,traffic_lights,0.8083624243736267,376.05938720703125,622.40771484375,400.35260009765625,645.2950439453125,388.20599365234375,633.8513793945312,24.293212890625,22.8873291015625
IMG_0028.mp4,326,10.866666666666667,30.0,130,1,traffic_lights,0.8189904689788818,375.2445373535156,621.1637573242188,399.7970275878906,644.355712890625,387.5207824707031,632.7597351074219,24.552490234375,23.19195556640625
IMG_0028.mp4,327,10.9,30.0,130,1,traffic_lights,0.8571741580963135,374.95648193359375,619.8530883789062,399.68511962890625,643.63720703125,387.32080078125,631.7451477050781,24.7286376953125,23.78411865234375
IMG_0028.mp4,328,10.933333333333334,30.0,130,1,traffic_lights,0.860454261302948,374.2445068359375,619.47509765625,398.6800537109375,643.8104858398438,386.4622802734375,631.6427917480469,24.435546875,24.33538818359375
IMG_0028.mp4,328,10.933333333333334,30.0,52,1,traffic_lights,0.8240575790405273,876.4505004882812,395.07763671875,933.8795776367188,441.4755859375,905.1650390625,418.276611328125,57.4290771484375,46.39794921875
IMG_0028.mp4,329,10.966666666666667,30.0,130,1,traffic_lights,0.839089035987854,372.24365234375,619.33642578125,396.7970886230469,644.2308959960938,384.52037048339844,631.7836608886719,24.553436279296875,24.89447021484375
IMG_0028.mp4,329,10.966666666666667,30.0,132,2,traffic_signs,0.5705979466438293,327.2494201660156,737.1587524414062,352.28631591796875,761.9969482421875,339.7678680419922,749.5778503417969,25.036895751953125,24.83819580078125
IMG_0028.mp4,329,10.966666666666667,30.0,52,1,traffic_lights,0.8442703485488892,875.3989868164062,391.1656494140625,933.58154296875,440.44964599609375,904.4902648925781,415.8076477050781,58.18255615234375,49.28399658203125
IMG_0028.mp4,330,11.0,30.0,130,1,traffic_lights,0.8075774312019348,372.3023376464844,619.920166015625,396.34619140625,644.6683349609375,384.3242645263672,632.2942504882812,24.043853759765625,24.7481689453125
IMG_0028.mp4,330,11.0,30.0,132,2,traffic_signs,0.5661841630935669,325.5351257324219,737.8489990234375,351.4626159667969,763.7229614257812,338.4988708496094,750.7859802246094,25.927490234375,25.87396240234375
IMG_0028.mp4,330,11.0,30.0,52,1,traffic_lights,0.8319643139839172,874.7864379882812,389.6788635253906,933.7200317382812,440.4787292480469,904.2532348632812,415.07879638671875,58.93359375,50.79986572265625
IMG_0028.mp4,331,11.033333333333333,30.0,130,1,traffic_lights,0.7627331614494324,372.2032775878906,619.525390625,396.1980895996094,644.302978515625,384.20068359375,631.9141845703125,23.99481201171875,24.777587890625
IMG_0028.mp4,331,11.033333333333333,30.0,52,1,traffic_lights,0.8058232665061951,874.3616943359375,387.90985107421875,933.3544311523438,439.7306823730469,903.8580627441406,413.8202667236328,58.99273681640625,51.820831298828125
IMG_0028.mp4,332,11.066666666666666,30.0,130,1,traffic_lights,0.8182635307312012,371.5202941894531,618.8016967773438,395.40069580078125,643.3587036132812,383.4604949951172,631.0802001953125,23.880401611328125,24.5570068359375
IMG_0028.mp4,332,11.066666666666666,30.0,52,1,traffic_lights,0.7639418840408325,873.9854125976562,386.0106201171875,933.833740234375,438.1075439453125,903.9095764160156,412.05908203125,59.84832763671875,52.096923828125
IMG_0028.mp4,333,11.1,30.0,130,1,traffic_lights,0.7885733246803284,369.75390625,618.204345703125,394.1646423339844,642.4853515625,381.9592742919922,630.3448486328125,24.410736083984375,24.281005859375
IMG_0028.mp4,333,11.1,30.0,52,1,traffic_lights,0.6124162673950195,873.4359130859375,383.64996337890625,933.164794921875,435.8121337890625,903.3003540039062,409.7310485839844,59.7288818359375,52.16217041015625
IMG_0028.mp4,334,11.133333333333333,30.0,130,1,traffic_lights,0.6529378294944763,368.0691223144531,618.0595092773438,393.3123474121094,642.4374389648438,380.69073486328125,630.2484741210938,25.24322509765625,24.3779296875
IMG_0028.mp4,334,11.133333333333333,30.0,52,1,traffic_lights,0.7462616562843323,874.29296875,380.76171875,931.623291015625,433.0738830566406,902.9581298828125,406.9178009033203,57.330322265625,52.312164306640625
IMG_0028.mp4,335,11.166666666666666,30.0,130,1,traffic_lights,0.7725439071655273,366.72015380859375,618.8505859375,392.0594482421875,642.9491577148438,379.3898010253906,630.8998718261719,25.33929443359375,24.09857177734375
IMG_0028.mp4,335,11.166666666666666,30.0,52,1,traffic_lights,0.8205111622810364,874.25146484375,378.8572692871094,931.5596313476562,431.976806640625,902.9055480957031,405.4170379638672,57.30816650390625,53.119537353515625
IMG_0028.mp4,336,11.2,30.0,130,1,traffic_lights,0.39978259801864624,365.6995849609375,618.8069458007812,392.0132751464844,643.0242309570312,378.85643005371094,630.9155883789062,26.313690185546875,24.21728515625
IMG_0028.mp4,336,11.2,30.0,52,1,traffic_lights,0.8435905575752258,874.1085815429688,376.75079345703125,931.5675659179688,431.0861511230469,902.8380737304688,403.91847229003906,57.458984375,54.335357666015625
IMG_0028.mp4,337,11.233333333333333,30.0,130,1,traffic_lights,0.5187316536903381,364.0641784667969,617.61865234375,390.6709899902344,642.28515625,377.3675842285156,629.951904296875,26.6068115234375,24.66650390625
IMG_0028.mp4,337,11.233333333333333,30.0,52,1,traffic_lights,0.8443587422370911,873.4172973632812,374.6875915527344,931.3621826171875,429.4136657714844,902.3897399902344,402.0506286621094,57.94488525390625,54.72607421875
IMG_0028.mp4,338,11.266666666666667,30.0,130,1,traffic_lights,0.8276318311691284,362.64703369140625,616.5198364257812,388.99676513671875,640.8211669921875,375.8218994140625,628.6705017089844,26.3497314453125,24.30133056640625
IMG_0028.mp4,338,11.266666666666667,30.0,52,1,traffic_lights,0.8698003888130188,872.8014526367188,372.701171875,931.4580688476562,427.15692138671875,902.1297607421875,399.9290466308594,58.6566162109375,54.45574951171875
IMG_0028.mp4,339,11.3,30.0,130,1,traffic_lights,0.7798526287078857,360.64862060546875,616.4450073242188,387.45343017578125,640.7708740234375,374.051025390625,628.6079406738281,26.8048095703125,24.32586669921875
IMG_0028.mp4,339,11.3,30.0,52,1,traffic_lights,0.8386481404304504,872.180908203125,369.96746826171875,931.607421875,425.4610595703125,901.8941650390625,397.7142639160156,59.426513671875,55.49359130859375
IMG_0028.mp4,340,11.333333333333334,30.0,130,1,traffic_lights,0.4719979465007782,360.3620910644531,617.0669555664062,387.5159606933594,641.772216796875,373.93902587890625,629.4195861816406,27.15386962890625,24.70526123046875
IMG_0028.mp4,340,11.333333333333334,30.0,52,1,traffic_lights,0.7478542923927307,872.4362182617188,369.95458984375,931.3744506835938,425.0198059082031,901.9053344726562,397.48719787597656,58.938232421875,55.065216064453125
IMG_0028.mp4,341,11.366666666666667,30.0,130,1,traffic_lights,0.6821125745773315,360.9080810546875,615.947998046875,387.1531982421875,640.6369018554688,374.0306396484375,628.2924499511719,26.2451171875,24.68890380859375
IMG_0028.mp4,341,11.366666666666667,30.0,52,1,traffic_lights,0.8428649306297302,872.3366088867188,369.6919250488281,931.6168212890625,423.69903564453125,901.9767150878906,396.6954803466797,59.28021240234375,54.007110595703125
IMG_0028.mp4,342,11.4,30.0,130,1,traffic_lights,0.6470630764961243,359.487548828125,614.6841430664062,385.6044616699219,639.8536376953125,372.54600524902344,627.2688903808594,26.116912841796875,25.16949462890625
IMG_0028.mp4,342,11.4,30.0,52,1,traffic_lights,0.6320925951004028,872.0297241210938,365.547119140625,931.18701171875,420.4239807128906,901.6083679199219,392.9855499267578,59.15728759765625,54.876861572265625
IMG_0028.mp4,343,11.433333333333334,30.0,130,1,traffic_lights,0.3813111186027527,358.6326904296875,614.6797485351562,384.39776611328125,639.6728515625,371.5152282714844,627.1763000488281,25.76507568359375,24.99310302734375
IMG_0028.mp4,343,11.433333333333334,30.0,52,1,traffic_lights,0.8999978303909302,871.3073120117188,362.0665283203125,931.3057861328125,418.5236511230469,901.3065490722656,390.2950897216797,59.99847412109375,56.457122802734375
IMG_0028.mp4,344,11.466666666666667,30.0,130,1,traffic_lights,0.7379701733589172,357.162353515625,616.3515014648438,382.25982666015625,640.0895385742188,369.7110900878906,628.2205200195312,25.09747314453125,23.738037109375
IMG_0028.mp4,344,11.466666666666667,30.0,52,1,traffic_lights,0.9008132219314575,870.64208984375,360.4732666015625,930.998779296875,417.5662841796875,900.8204345703125,389.019775390625,60.356689453125,57.093017578125
IMG_0028.mp4,345,11.5,30.0,130,1,traffic_lights,0.8019105195999146,357.8997802734375,615.1215209960938,382.9346008300781,639.0523681640625,370.4171905517578,627.0869445800781,25.034820556640625,23.93084716796875
IMG_0028.mp4,345,11.5,30.0,52,1,traffic_lights,0.8955307006835938,870.5319213867188,358.3515319824219,930.7593383789062,416.62249755859375,900.6456298828125,387.4870147705078,60.2274169921875,58.270965576171875
IMG_0028.mp4,346,11.533333333333333,30.0,130,1,traffic_lights,0.6918601393699646,355.21502685546875,613.5777587890625,380.69000244140625,637.7879638671875,367.9525146484375,625.682861328125,25.4749755859375,24.210205078125
IMG_0028.mp4,346,11.533333333333333,30.0,52,1,traffic_lights,0.7820907235145569,869.5808715820312,354.97735595703125,930.4703369140625,413.796875,900.0256042480469,384.3871154785156,60.88946533203125,58.81951904296875
IMG_0028.mp4,347,11.566666666666666,30.0,130,1,traffic_lights,0.6241785883903503,354.0954284667969,612.41552734375,379.9873046875,636.56982421875,367.04136657714844,624.49267578125,25.891876220703125,24.154296875
IMG_0028.mp4,347,11.566666666666666,30.0,52,1,traffic_lights,0.8450711369514465,870.3732299804688,350.95111083984375,930.8748168945312,410.2908020019531,900.6240234375,380.62095642089844,60.5015869140625,59.339691162109375
IMG_0028.mp4,348,11.6,30.0,130,1,traffic_lights,0.6759724617004395,352.5456237792969,613.2543334960938,379.3030700683594,637.9627685546875,365.9243469238281,625.6085510253906,26.7574462890625,24.70843505859375
IMG_0028.mp4,348,11.6,30.0,52,1,traffic_lights,0.862328827381134,870.2271728515625,348.87042236328125,931.0376586914062,408.9955749511719,900.6324157714844,378.93299865722656,60.81048583984375,60.125152587890625
IMG_0028.mp4,349,11.633333333333333,30.0,130,1,traffic_lights,0.745855987071991,351.860107421875,613.21484375,378.7220458984375,637.9216918945312,365.29107666015625,625.5682678222656,26.8619384765625,24.70684814453125
IMG_0028.mp4,349,11.633333333333333,30.0,52,1,traffic_lights,0.8628242015838623,870.1222534179688,347.7828063964844,930.7647705078125,407.0798645019531,900.4435119628906,377.43133544921875,60.64251708984375,59.29705810546875
IMG_0028.mp4,350,11.666666666666666,30.0,130,1,traffic_lights,0.7791618704795837,350.70465087890625,611.9619140625,376.8184814453125,635.9374389648438,363.7615661621094,623.9496765136719,26.11383056640625,23.97552490234375
IMG_0028.mp4,350,11.666666666666666,30.0,52,1,traffic_lights,0.8766756057739258,868.2818603515625,346.01336669921875,930.0529174804688,404.84844970703125,899.1673889160156,375.430908203125,61.77105712890625,58.8350830078125
IMG_0028.mp4,351,11.7,30.0,130,1,traffic_lights,0.8527100682258606,347.9178161621094,610.1253662109375,373.6536865234375,633.8765869140625,360.78575134277344,622.0009765625,25.735870361328125,23.751220703125
IMG_0028.mp4,351,11.7,30.0,52,1,traffic_lights,0.5613102912902832,866.6015625,340.54339599609375,931.2135620117188,401.9476013183594,898.9075622558594,371.24549865722656,64.61199951171875,61.404205322265625
IMG_0028.mp4,352,11.733333333333333,30.0,130,1,traffic_lights,0.5864205956459045,345.8513488769531,611.0324096679688,371.1734619140625,634.5757446289062,358.5124053955078,622.8040771484375,25.322113037109375,23.5433349609375
IMG_0028.mp4,352,11.733333333333333,30.0,52,1,traffic_lights,0.6898278594017029,864.7135009765625,336.13787841796875,930.738525390625,400.2499694824219,897.7260131835938,368.1939239501953,66.0250244140625,64.11209106445312
IMG_0028.mp4,353,11.766666666666667,30.0,130,1,traffic_lights,0.5825837850570679,348.647705078125,611.6688232421875,373.829345703125,635.4554443359375,361.238525390625,623.5621337890625,25.181640625,23.78662109375
IMG_0028.mp4,353,11.766666666666667,30.0,52,1,traffic_lights,0.7810187935829163,865.3381958007812,337.2607727050781,931.61865234375,401.84356689453125,898.4784240722656,369.5521697998047,66.28045654296875,64.58279418945312
IMG_0028.mp4,354,11.8,30.0,130,1,traffic_lights,0.3090531527996063,346.7817687988281,610.0829467773438,371.8349609375,634.0604858398438,359.30836486816406,622.0717163085938,25.053192138671875,23.9775390625
IMG_0028.mp4,354,11.8,30.0,52,1,traffic_lights,0.6656487584114075,865.0733642578125,333.4888610839844,930.1343383789062,398.1269226074219,897.6038513183594,365.8078918457031,65.06097412109375,64.6380615234375
IMG_0028.mp4,355,11.833333333333334,30.0,130,1,traffic_lights,0.4141600430011749,342.75634765625,611.1666259765625,368.27996826171875,634.642822265625,355.5181579589844,622.9047241210938,25.52362060546875,23.4761962890625
IMG_0028.mp4,355,11.833333333333334,30.0,52,1,traffic_lights,0.3665429949760437,863.5602416992188,330.0617980957031,929.5018920898438,395.1563720703125,896.5310668945312,362.6090850830078,65.941650390625,65.09457397460938
IMG_0028.mp4,356,11.866666666666667,30.0,130,1,traffic_lights,0.602697491645813,343.3783264160156,610.6900024414062,369.1427307128906,634.0848388671875,356.2605285644531,622.3874206542969,25.764404296875,23.39483642578125
IMG_0028.mp4,357,11.9,30.0,130,1,traffic_lights,0.7220231294631958,342.78155517578125,609.2590942382812,368.28033447265625,632.5408325195312,355.53094482421875,620.8999633789062,25.498779296875,23.28173828125
IMG_0028.mp4,357,11.9,30.0,52,1,traffic_lights,0.7632013559341431,862.3311157226562,325.8985595703125,930.3567504882812,393.02691650390625,896.3439331054688,359.4627380371094,68.025634765625,67.12835693359375
IMG_0028.mp4,358,11.933333333333334,30.0,130,1,traffic_lights,0.7594331502914429,341.73724365234375,608.4742431640625,367.6313171386719,632.1000366210938,354.6842803955078,620.2871398925781,25.894073486328125,23.62579345703125
IMG_0028.mp4,358,11.933333333333334,30.0,52,1,traffic_lights,0.8406777381896973,861.9201049804688,323.0284423828125,930.6529541015625,390.7560119628906,896.2865295410156,356.89222717285156,68.73284912109375,67.72756958007812
IMG_0028.mp4,359,11.966666666666667,30.0,130,1,traffic_lights,0.5935124158859253,339.9749755859375,609.1702270507812,366.1231384277344,632.8541259765625,353.04905700683594,621.0121765136719,26.148162841796875,23.68389892578125
IMG_0028.mp4,359,11.966666666666667,30.0,52,1,traffic_lights,0.8968312740325928,860.7601318359375,322.0858459472656,930.0425415039062,390.1577453613281,895.4013366699219,356.1217956542969,69.28240966796875,68.0718994140625
IMG_0028.mp4,360,12.0,30.0,130,1,traffic_lights,0.7361070513725281,339.9954528808594,608.7384033203125,366.14935302734375,632.3720703125,353.07240295410156,620.5552368164062,26.153900146484375,23.6336669921875
IMG_0028.mp4,360,12.0,30.0,52,1,traffic_lights,0.895442008972168,861.046142578125,321.3917541503906,930.3016967773438,388.8664245605469,895.6739196777344,355.12908935546875,69.25555419921875,67.47467041015625
IMG_0028.mp4,361,12.033333333333333,30.0,130,1,traffic_lights,0.7192394137382507,337.5314025878906,607.767578125,364.76531982421875,631.9654541015625,351.1483612060547,619.8665161132812,27.233917236328125,24.1978759765625
IMG_0028.mp4,361,12.033333333333333,30.0,52,1,traffic_lights,0.9066758751869202,860.08740234375,318.43426513671875,929.60546875,385.91253662109375,894.846435546875,352.17340087890625,69.51806640625,67.478271484375
IMG_0028.mp4,362,12.066666666666666,30.0,130,1,traffic_lights,0.6397160291671753,334.7772521972656,607.6869506835938,362.0436706542969,632.2005004882812,348.41046142578125,619.9437255859375,27.26641845703125,24.5135498046875
IMG_0028.mp4,362,12.066666666666666,30.0,52,1,traffic_lights,0.8949721455574036,859.4307861328125,315.0932922363281,929.2959594726562,383.37225341796875,894.3633728027344,349.23277282714844,69.86517333984375,68.27896118164062
IMG_0028.mp4,363,12.1,30.0,130,1,traffic_lights,0.4546608328819275,334.8205261230469,607.99609375,362.2815856933594,632.6005859375,348.5510559082031,620.29833984375,27.4610595703125,24.6044921875
IMG_0028.mp4,363,12.1,30.0,52,1,traffic_lights,0.9076051712036133,859.452392578125,313.5719299316406,929.623291015625,382.6889343261719,894.537841796875,348.13043212890625,70.1708984375,69.11700439453125
IMG_0028.mp4,364,12.133333333333333,30.0,52,1,traffic_lights,0.906236469745636,858.7259521484375,310.2503356933594,930.0703125,379.68951416015625,894.3981323242188,344.9699249267578,71.3443603515625,69.43917846679688
IMG_0028.mp4,365,12.166666666666666,30.0,52,1,traffic_lights,0.7898714542388916,856.5316772460938,305.9004211425781,929.0140380859375,377.22332763671875,892.7728576660156,341.56187438964844,72.48236083984375,71.32290649414062
IMG_0028.mp4,365,12.166666666666666,30.0,130,1,traffic_lights,0.29011738300323486,330.4975280761719,606.66015625,359.4714660644531,630.91015625,344.9844970703125,618.78515625,28.97393798828125,24.25
IMG_0028.mp4,366,12.2,30.0,52,1,traffic_lights,0.44772958755493164,855.6608276367188,304.9473571777344,928.8554077148438,377.01947021484375,892.2581176757812,340.98341369628906,73.194580078125,72.07211303710938
IMG_0028.mp4,366,12.2,30.0,130,1,traffic_lights,0.3430224061012268,329.1971130371094,607.3445434570312,357.7164611816406,631.9483642578125,343.456787109375,619.6464538574219,28.51934814453125,24.60382080078125
IMG_0028.mp4,367,12.233333333333333,30.0,52,1,traffic_lights,0.9259524345397949,854.7015380859375,302.0461120605469,927.8644409179688,374.13714599609375,891.2829895019531,338.0916290283203,73.16290283203125,72.09103393554688
IMG_0028.mp4,367,12.233333333333333,30.0,130,1,traffic_lights,0.35555174946784973,327.8436279296875,605.19921875,355.8867492675781,630.467041015625,341.8651885986328,617.8331298828125,28.043121337890625,25.267822265625
IMG_0028.mp4,368,12.266666666666667,30.0,52,1,traffic_lights,0.9360135793685913,853.12060546875,297.94732666015625,926.60888671875,370.6694030761719,889.86474609375,334.30836486816406,73.48828125,72.72207641601562
IMG_0028.mp4,368,12.266666666666667,30.0,130,1,traffic_lights,0.5219364166259766,325.3061828613281,604.9368896484375,353.12591552734375,630.4735107421875,339.21604919433594,617.7052001953125,27.819732666015625,25.53662109375
IMG_0028.mp4,369,12.3,30.0,52,1,traffic_lights,0.9359511137008667,852.484130859375,296.2537841796875,925.8935546875,369.4452819824219,889.1888427734375,332.8495330810547,73.409423828125,73.19149780273438
IMG_0028.mp4,369,12.3,30.0,130,1,traffic_lights,0.2975377142429352,323.76885986328125,606.1896362304688,351.4772033691406,631.4664916992188,337.62303161621094,618.8280639648438,27.708343505859375,25.27685546875
IMG_0028.mp4,370,12.333333333333334,30.0,52,1,traffic_lights,0.9310470223426819,851.6571655273438,293.16455078125,926.0725708007812,367.37060546875,888.8648681640625,330.267578125,74.4154052734375,74.2060546875
IMG_0028.mp4,371,12.366666666666667,30.0,52,1,traffic_lights,0.9209679365158081,849.26025390625,289.3129577636719,924.0481567382812,364.01898193359375,886.6542053222656,326.6659698486328,74.78790283203125,74.70602416992188
IMG_0028.mp4,372,12.4,30.0,52,1,traffic_lights,0.9222635626792908,847.4718627929688,285.5086975097656,922.6685180664062,361.8002014160156,885.0701904296875,323.6544494628906,75.1966552734375,76.29150390625
IMG_0028.mp4,373,12.433333333333334,30.0,52,1,traffic_lights,0.9243637919425964,846.528076171875,284.50994873046875,921.640380859375,360.9796447753906,884.084228515625,322.7447967529297,75.1123046875,76.46969604492188
IMG_0028.mp4,374,12.466666666666667,30.0,52,1,traffic_lights,0.7040961384773254,847.0507202148438,280.38671875,922.7833251953125,357.3805847167969,884.9170227050781,318.88365173339844,75.73260498046875,76.99386596679688
IMG_0028.mp4,375,12.5,30.0,52,1,traffic_lights,0.8961283564567566,844.7288208007812,278.4627685546875,920.8388671875,355.271484375,882.7838439941406,316.86712646484375,76.11004638671875,76.8087158203125
IMG_0028.mp4,376,12.533333333333333,30.0,52,1,traffic_lights,0.9015084505081177,844.5947875976562,274.5687255859375,921.2135009765625,351.8204040527344,882.9041442871094,313.19456481933594,76.61871337890625,77.25167846679688
IMG_0028.mp4,377,12.566666666666666,30.0,52,1,traffic_lights,0.8704259991645813,844.0540771484375,273.832275390625,921.2239379882812,351.2779846191406,882.6390075683594,312.5551300048828,77.16986083984375,77.44570922851562
IMG_0028.mp4,378,12.6,30.0,52,1,traffic_lights,0.8914380073547363,842.4955444335938,270.08966064453125,919.9247436523438,347.7945251464844,881.2101440429688,308.9420928955078,77.42919921875,77.70486450195312
IMG_0028.mp4,379,12.633333333333333,30.0,52,1,traffic_lights,0.8900653719902039,841.8789672851562,268.0386962890625,920.0012817382812,345.8636169433594,880.9401245117188,306.95115661621094,78.122314453125,77.82492065429688
IMG_0028.mp4,380,12.666666666666666,30.0,52,1,traffic_lights,0.9099500775337219,841.0905151367188,265.4494323730469,920.316162109375,344.1588439941406,880.7033386230469,304.80413818359375,79.22564697265625,78.70941162109375
IMG_0028.mp4,380,12.666666666666666,30.0,153,2,traffic_signs,0.503750741481781,1171.92822265625,667.9382934570312,1184.3404541015625,695.4157104492188,1178.1343383789062,681.677001953125,12.4122314453125,27.4774169921875
IMG_0028.mp4,381,12.7,30.0,52,1,traffic_lights,0.9106792211532593,839.586181640625,260.84228515625,919.5557861328125,339.61358642578125,879.5709838867188,300.2279357910156,79.9696044921875,78.77130126953125
IMG_0028.mp4,381,12.7,30.0,153,2,traffic_signs,0.4425073266029358,1173.8746337890625,667.9334716796875,1185.89208984375,693.7091674804688,1179.8833618164062,680.8213195800781,12.0174560546875,25.77569580078125
IMG_0028.mp4,382,12.733333333333333,30.0,52,1,traffic_lights,0.9200536012649536,837.8748168945312,257.8524169921875,918.8331909179688,337.8739318847656,878.35400390625,297.86317443847656,80.9583740234375,80.02151489257812
IMG_0028.mp4,382,12.733333333333333,30.0,153,2,traffic_signs,0.3527022898197174,1173.9012451171875,669.6463623046875,1185.576904296875,695.8483276367188,1179.7390747070312,682.7473449707031,11.6756591796875,26.20196533203125
IMG_0028.mp4,383,12.766666666666667,30.0,52,1,traffic_lights,0.9214937090873718,837.8280029296875,256.4148864746094,919.614990234375,336.7246398925781,878.7214965820312,296.56976318359375,81.7869873046875,80.30975341796875
IMG_0028.mp4,384,12.8,30.0,52,1,traffic_lights,0.9106816053390503,836.7811889648438,252.73321533203125,919.2007446289062,333.7666015625,877.990966796875,293.2499084472656,82.4195556640625,81.03338623046875
IMG_0028.mp4,385,12.833333333333334,30.0,52,1,traffic_lights,0.9322915077209473,834.7950439453125,249.08270263671875,918.0720825195312,330.17962646484375,876.4335632324219,289.63116455078125,83.27703857421875,81.096923828125
IMG_0028.mp4,386,12.866666666666667,30.0,52,1,traffic_lights,0.923891007900238,833.5911865234375,245.8849639892578,917.8665161132812,328.8426513671875,875.7288513183594,287.36380767822266,84.27532958984375,82.95768737792969
IMG_0028.mp4,386,12.866666666666667,30.0,159,2,traffic_signs,0.5886330604553223,1173.4146728515625,668.9560546875,1185.8177490234375,694.101318359375,1179.6162109375,681.5286865234375,12.403076171875,25.145263671875
IMG_0028.mp4,387,12.9,30.0,52,1,traffic_lights,0.9300212860107422,832.9509887695312,243.28123474121094,916.6993408203125,325.0252990722656,874.8251647949219,284.1532669067383,83.74835205078125,81.74406433105469
IMG_0028.mp4,387,12.9,30.0,159,2,traffic_signs,0.47940677404403687,1173.02099609375,667.03515625,1185.6876220703125,691.0934448242188,1179.3543090820312,679.0643005371094,12.6666259765625,24.05828857421875
IMG_0028.mp4,388,12.933333333333334,30.0,52,1,traffic_lights,0.9287029504776001,831.7060546875,238.925048828125,915.8169555664062,321.6250915527344,873.7615051269531,280.2750701904297,84.11090087890625,82.70004272460938
IMG_0028.mp4,388,12.933333333333334,30.0,159,2,traffic_signs,0.5446592569351196,1173.34765625,666.854248046875,1185.7115478515625,691.0116577148438,1179.5296020507812,678.9329528808594,12.3638916015625,24.15740966796875
IMG_0028.mp4,389,12.966666666666667,30.0,52,1,traffic_lights,0.899478554725647,829.8025512695312,236.3582763671875,912.9773559570312,319.41375732421875,871.3899536132812,277.8860168457031,83.1748046875,83.05548095703125
IMG_0028.mp4,389,12.966666666666667,30.0,159,2,traffic_signs,0.5802979469299316,1173.7125244140625,667.9380493164062,1185.7685546875,693.3551635742188,1179.7405395507812,680.6466064453125,12.0560302734375,25.4171142578125
IMG_0028.mp4,390,13.0,30.0,52,1,traffic_lights,0.9390155673027039,828.4541625976562,233.68374633789062,911.6019287109375,316.7562255859375,870.0280456542969,275.21998596191406,83.14776611328125,83.07247924804688
IMG_0028.mp4,390,13.0,30.0,159,2,traffic_signs,0.5176635384559631,1173.4969482421875,666.7116088867188,1185.2747802734375,690.7671508789062,1179.3858642578125,678.7393798828125,11.77783203125,24.0555419921875
IMG_0028.mp4,391,13.033333333333333,30.0,52,1,traffic_lights,0.9392712712287903,825.6849975585938,227.74710083007812,908.9799194335938,311.967041015625,867.3324584960938,269.85707092285156,83.294921875,84.21994018554688
IMG_0028.mp4,391,13.033333333333333,30.0,159,2,traffic_signs,0.4863002896308899,1174.0787353515625,665.6271362304688,1185.652587890625,689.6228637695312,1179.8656616210938,677.625,11.5738525390625,23.9957275390625
IMG_0028.mp4,392,13.066666666666666,30.0,52,1,traffic_lights,0.9339532852172852,823.6211547851562,225.78208923339844,907.2932739257812,309.79364013671875,865.4572143554688,267.7878646850586,83.672119140625,84.01155090332031
IMG_0028.mp4,392,13.066666666666666,30.0,159,2,traffic_signs,0.7021292448043823,1174.62060546875,667.1705322265625,1185.896728515625,692.7730102539062,1180.2586669921875,679.9717712402344,11.276123046875,25.60247802734375
IMG_0028.mp4,393,13.1,30.0,52,1,traffic_lights,0.9248843789100647,822.7431030273438,223.5867156982422,907.048583984375,307.54437255859375,864.8958435058594,265.56554412841797,84.30548095703125,83.95765686035156
IMG_0028.mp4,393,13.1,30.0,159,2,traffic_signs,0.5101454854011536,1174.91162109375,665.7444458007812,1186.182861328125,690.8267822265625,1180.5472412109375,678.2856140136719,11.271240234375,25.08233642578125
IMG_0028.mp4,394,13.133333333333333,30.0,52,1,traffic_lights,0.9025658965110779,821.08056640625,218.5208282470703,905.1296997070312,302.913330078125,863.1051330566406,260.71707916259766,84.04913330078125,84.39250183105469
IMG_0028.mp4,394,13.133333333333333,30.0,159,2,traffic_signs,0.5089142322540283,1175.4102783203125,664.4810180664062,1186.7132568359375,690.05322265625,1181.061767578125,677.2671203613281,11.302978515625,25.57220458984375
IMG_0028.mp4,394,13.133333333333333,30.0,130,1,traffic_lights,0.5881173014640808,291.18011474609375,595.9510498046875,311.4423522949219,621.1619873046875,301.3112335205078,608.5565185546875,20.262237548828125,25.2109375
IMG_0028.mp4,395,13.166666666666666,30.0,52,1,traffic_lights,0.9063485264778137,818.8980102539062,215.0797119140625,904.281494140625,300.0699768066406,861.5897521972656,257.57484436035156,85.38348388671875,84.99026489257812
IMG_0028.mp4,395,13.166666666666666,30.0,159,2,traffic_signs,0.639204204082489,1176.1763916015625,665.4715576171875,1188.0604248046875,692.0765991210938,1182.118408203125,678.7740783691406,11.884033203125,26.60504150390625
IMG_0028.mp4,395,13.166666666666666,30.0,130,1,traffic_lights,0.5055477619171143,295.2210998535156,597.3412475585938,310.8743896484375,621.2341918945312,303.04774475097656,609.2877197265625,15.653289794921875,23.8929443359375
IMG_0028.mp4,396,13.2,30.0,52,1,traffic_lights,0.911120593547821,818.230712890625,213.39944458007812,904.8980102539062,298.6844482421875,861.5643615722656,256.0419464111328,86.66729736328125,85.28500366210938
IMG_0028.mp4,396,13.2,30.0,159,2,traffic_signs,0.6475986242294312,1177.564697265625,664.1983032226562,1190.485595703125,690.6216430664062,1184.025146484375,677.4099731445312,12.9208984375,26.42333984375
IMG_0028.mp4,397,13.233333333333333,30.0,52,1,traffic_lights,0.9171110987663269,815.9298706054688,208.11781311035156,904.9844360351562,293.9422607421875,860.4571533203125,251.03003692626953,89.0545654296875,85.82444763183594
IMG_0028.mp4,397,13.233333333333333,30.0,159,2,traffic_signs,0.6332002878189087,1178.8065185546875,661.6207885742188,1192.2862548828125,688.1452026367188,1185.54638671875,674.8829956054688,13.479736328125,26.5244140625
IMG_0028.mp4,398,13.266666666666667,30.0,52,1,traffic_lights,0.9406545758247375,813.1365966796875,202.54620361328125,904.0751953125,289.8771057128906,858.6058959960938,246.21165466308594,90.9385986328125,87.33090209960938
IMG_0028.mp4,398,13.266666666666667,30.0,159,2,traffic_signs,0.6251839995384216,1179.6226806640625,663.9536743164062,1193.50830078125,689.8478393554688,1186.5654907226562,676.9007568359375,13.8856201171875,25.8941650390625
IMG_0028.mp4,398,13.266666666666667,30.0,176,2,traffic_signs,0.5083600878715515,1236.02490234375,657.0587768554688,1249.5484619140625,683.5537719726562,1242.7866821289062,670.3062744140625,13.5235595703125,26.4949951171875
IMG_0028.mp4,398,13.266666666666667,30.0,177,1,traffic_lights,0.5819289088249207,1204.6873779296875,555.9261474609375,1253.4683837890625,629.4641723632812,1229.077880859375,592.6951599121094,48.781005859375,73.53802490234375
IMG_0028.mp4,399,13.3,30.0,52,1,traffic_lights,0.9348635077476501,813.4629516601562,202.09197998046875,905.0825805664062,289.5369567871094,859.2727661132812,245.81446838378906,91.61962890625,87.44497680664062
IMG_0028.mp4,399,13.3,30.0,159,2,traffic_signs,0.7456566691398621,1179.749267578125,663.8875732421875,1194.8045654296875,690.4579467773438,1187.2769165039062,677.1727600097656,15.0552978515625,26.57037353515625
IMG_0028.mp4,399,13.3,30.0,176,2,traffic_signs,0.8042582273483276,1236.636962890625,656.0436401367188,1249.6640625,683.447021484375,1243.1505126953125,669.7453308105469,13.027099609375,27.40338134765625
IMG_0028.mp4,399,13.3,30.0,177,1,traffic_lights,0.3249184191226959,1206.9263916015625,555.4213256835938,1253.968994140625,628.948486328125,1230.4476928710938,592.1849060058594,47.0426025390625,73.52716064453125
IMG_0028.mp4,399,13.3,30.0,178,1,traffic_lights,0.5036630034446716,280.2348327636719,595.5443115234375,303.61395263671875,620.7459106445312,291.9243927001953,608.1451110839844,23.379119873046875,25.20159912109375
IMG_0028.mp4,400,13.333333333333334,30.0,52,1,traffic_lights,0.926563560962677,811.274658203125,197.8225555419922,904.3160400390625,286.41204833984375,857.7953491210938,242.11730194091797,93.0413818359375,88.58949279785156
IMG_0028.mp4,400,13.333333333333334,30.0,159,2,traffic_signs,0.5394023656845093,1180.6158447265625,660.3441162109375,1195.2008056640625,686.9176025390625,1187.9083251953125,673.630859375,14.5849609375,26.573486328125
IMG_0028.mp4,400,13.333333333333334,30.0,176,2,traffic_signs,0.8081884384155273,1237.622314453125,653.3057250976562,1248.8057861328125,681.2037963867188,1243.2140502929688,667.2547607421875,11.1834716796875,27.8980712890625
IMG_0028.mp4,400,13.333333333333334,30.0,178,1,traffic_lights,0.6658397316932678,277.8873596191406,592.2750854492188,301.6611022949219,617.884033203125,289.77423095703125,605.0795593261719,23.77374267578125,25.60894775390625
IMG_0028.mp4,401,13.366666666666667,30.0,52,1,traffic_lights,0.9226910471916199,807.8506469726562,191.3396453857422,900.8353271484375,281.5557556152344,854.3429870605469,236.44770050048828,92.98468017578125,90.21611022949219
IMG_0028.mp4,401,13.366666666666667,30.0,159,2,traffic_signs,0.6229943633079529,1180.1326904296875,662.4692993164062,1195.912353515625,690.2059326171875,1188.0225219726562,676.3376159667969,15.7796630859375,27.73663330078125
IMG_0028.mp4,401,13.366666666666667,30.0,176,2,traffic_signs,0.8024742007255554,1238.395751953125,653.9688110351562,1249.624755859375,683.6209106445312,1244.01025390625,668.7948608398438,11.22900390625,29.652099609375
IMG_0028.mp4,401,13.366666666666667,30.0,177,1,traffic_lights,0.30926141142845154,1207.7022705078125,551.5884399414062,1255.978515625,626.6527099609375,1231.8403930664062,589.1205749511719,48.2762451171875,75.06427001953125
IMG_0028.mp4,402,13.4,30.0,52,1,traffic_lights,0.9183902740478516,808.3014526367188,188.14633178710938,899.9528198242188,278.945556640625,854.1271362304688,233.5459442138672,91.6513671875,90.79922485351562
IMG_0028.mp4,402,13.4,30.0,159,2,traffic_signs,0.5298029780387878,1180.7386474609375,662.2899780273438,1196.2252197265625,691.4588012695312,1188.48193359375,676.8743896484375,15.486572265625,29.1688232421875
IMG_0028.mp4,402,13.4,30.0,176,2,traffic_signs,0.7348020672798157,1238.7841796875,652.90185546875,1251.1201171875,682.9637451171875,1244.9521484375,667.9328002929688,12.3359375,30.0618896484375
IMG_0028.mp4,402,13.4,30.0,177,1,traffic_lights,0.5607086420059204,1206.7989501953125,550.6939697265625,1279.88134765625,626.8193969726562,1243.3401489257812,588.7566833496094,73.0823974609375,76.12542724609375
IMG_0028.mp4,403,13.433333333333334,30.0,52,1,traffic_lights,0.9043583273887634,806.6849365234375,184.03965759277344,900.263427734375,274.9911804199219,853.4741821289062,229.51541900634766,93.5784912109375,90.95152282714844
IMG_0028.mp4,403,13.433333333333334,30.0,159,2,traffic_signs,0.6195701956748962,1181.6419677734375,659.7840576171875,1196.678955078125,690.3740234375,1189.1604614257812,675.0790405273438,15.0369873046875,30.5899658203125
IMG_0028.mp4,403,13.433333333333334,30.0,176,2,traffic_signs,0.7403318881988525,1239.8524169921875,650.2470092773438,1252.8614501953125,681.3551025390625,1246.35693359375,665.8010559082031,13.009033203125,31.10809326171875
IMG_0028.mp4,403,13.433333333333334,30.0,177,1,traffic_lights,0.2718788683414459,1208.6705322265625,547.5277099609375,1285.0804443359375,625.2350463867188,1246.87548828125,586.3813781738281,76.409912109375,77.70733642578125
IMG_0028.mp4,404,13.466666666666667,30.0,52,1,traffic_lights,0.9080976843833923,804.1729736328125,179.51927185058594,899.060302734375,270.1507873535156,851.6166381835938,224.83502960205078,94.8873291015625,90.63151550292969
IMG_0028.mp4,404,13.466666666666667,30.0,159,2,traffic_signs,0.7286053895950317,1182.267822265625,660.6924438476562,1196.76318359375,692.1454467773438,1189.5155029296875,676.4189453125,14.495361328125,31.4530029296875
IMG_0028.mp4,404,13.466666666666667,30.0,176,2,traffic_signs,0.6421003341674805,1241.2730712890625,650.9295043945312,1254.6505126953125,681.7242431640625,1247.9617919921875,666.3268737792969,13.37744140625,30.79473876953125
IMG_0028.mp4,404,13.466666666666667,30.0,177,1,traffic_lights,0.3729422390460968,1210.2318115234375,545.3902587890625,1274.6683349609375,625.3150024414062,1242.4500732421875,585.3526306152344,64.4365234375,79.92474365234375
IMG_0028.mp4,405,13.5,30.0,52,1,traffic_lights,0.9362732172012329,802.5375366210938,175.82980346679688,898.9280395507812,267.856201171875,850.7327880859375,221.84300231933594,96.3905029296875,92.02639770507812
IMG_0028.mp4,405,13.5,30.0,159,2,traffic_signs,0.7506293654441833,1183.134033203125,661.1636352539062,1197.815673828125,692.89501953125,1190.474853515625,677.0293273925781,14.681640625,31.73138427734375
IMG_0028.mp4,405,13.5,30.0,176,2,traffic_signs,0.7873367071151733,1242.44140625,650.275390625,1256.3909912109375,681.9608154296875,1249.4161987304688,666.1181030273438,13.9495849609375,31.6854248046875
IMG_0028.mp4,405,13.5,30.0,177,1,traffic_lights,0.4242638349533081,1213.009033203125,545.31787109375,1272.3218994140625,625.3323974609375,1242.6654663085938,585.3251342773438,59.3128662109375,80.0145263671875
IMG_0028.mp4,406,13.533333333333333,30.0,52,1,traffic_lights,0.9305071830749512,801.1431274414062,170.7636260986328,899.018310546875,264.13458251953125,850.0807189941406,217.44910430908203,97.87518310546875,93.37095642089844
IMG_0028.mp4,406,13.533333333333333,30.0,159,2,traffic_signs,0.7618889808654785,1182.4224853515625,659.0552368164062,1197.618408203125,690.794921875,1190.0204467773438,674.9250793457031,15.1959228515625,31.73968505859375
IMG_0028.mp4,406,13.533333333333333,30.0,176,2,traffic_signs,0.7345678806304932,1242.624755859375,647.2606811523438,1256.4842529296875,679.7572631835938,1249.5545043945312,663.5089721679688,13.8594970703125,32.49658203125
IMG_0028.mp4,406,13.533333333333333,30.0,177,1,traffic_lights,0.2808174192905426,1216.3660888671875,541.7203979492188,1268.320556640625,623.4004516601562,1242.3433227539062,582.5604248046875,51.9544677734375,81.6800537109375
IMG_0028.mp4,407,13.566666666666666,30.0,52,1,traffic_lights,0.8645068407058716,799.1885375976562,166.03314208984375,898.2111206054688,259.401123046875,848.6998291015625,212.71713256835938,99.0225830078125,93.36798095703125
IMG_0028.mp4,407,13.566666666666666,30.0,159,2,traffic_signs,0.813329815864563,1182.336181640625,659.0721435546875,1198.572265625,691.87109375,1190.4542236328125,675.4716186523438,16.236083984375,32.7989501953125
IMG_0028.mp4,407,13.566666666666666,30.0,176,2,traffic_signs,0.7724637985229492,1243.8067626953125,646.3367309570312,1257.6163330078125,680.4149169921875,1250.7115478515625,663.3758239746094,13.8095703125,34.07818603515625
IMG_0028.mp4,407,13.566666666666666,30.0,192,1,traffic_lights,0.43023011088371277,1272.9970703125,563.531982421875,1299.76708984375,622.3993530273438,1286.382080078125,592.9656677246094,26.77001953125,58.86737060546875
IMG_0028.mp4,408,13.6,30.0,52,1,traffic_lights,0.8019423484802246,797.1051025390625,160.10694885253906,897.2578735351562,255.66720581054688,847.1814880371094,207.88707733154297,100.15277099609375,95.56025695800781
IMG_0028.mp4,408,13.6,30.0,159,2,traffic_signs,0.8184499144554138,1182.315673828125,661.0132446289062,1198.400634765625,693.8533935546875,1190.358154296875,677.4333190917969,16.0849609375,32.84014892578125
IMG_0028.mp4,408,13.6,30.0,176,2,traffic_signs,0.8231767416000366,1244.32421875,647.549072265625,1258.3623046875,682.0656127929688,1251.34326171875,664.8073425292969,14.0380859375,34.51654052734375
IMG_0028.mp4,408,13.6,30.0,192,1,traffic_lights,0.28761106729507446,1275.1912841796875,563.6363525390625,1302.136474609375,623.1060791015625,1288.6638793945312,593.3712158203125,26.9451904296875,59.4697265625
IMG_0028.mp4,408,13.6,30.0,177,1,traffic_lights,0.45314013957977295,1219.0010986328125,543.054931640625,1270.2938232421875,623.8740844726562,1244.6474609375,583.4645080566406,51.292724609375,80.81915283203125
IMG_0028.mp4,409,13.633333333333333,30.0,159,2,traffic_signs,0.812706708908081,1182.935302734375,659.4478759765625,1199.398193359375,692.6612548828125,1191.166748046875,676.0545654296875,16.462890625,33.21337890625
IMG_0028.mp4,409,13.633333333333333,30.0,176,2,traffic_signs,0.7184997200965881,1245.69580078125,645.3336791992188,1260.38330078125,680.913330078125,1253.03955078125,663.1235046386719,14.6875,35.57965087890625
IMG_0028.mp4,409,13.633333333333333,30.0,177,1,traffic_lights,0.3430154025554657,1218.38232421875,540.0989990234375,1271.788818359375,622.06103515625,1245.0855712890625,581.0800170898438,53.406494140625,81.9620361328125
IMG_0028.mp4,410,13.666666666666666,30.0,159,2,traffic_signs,0.80331951379776,1183.2872314453125,657.8821411132812,1200.7034912109375,691.0239868164062,1191.995361328125,674.4530639648438,17.416259765625,33.141845703125
IMG_0028.mp4,410,13.666666666666666,30.0,176,2,traffic_signs,0.7674807906150818,1247.483154296875,642.8694458007812,1262.7838134765625,680.16845703125,1255.1334838867188,661.5189514160156,15.3006591796875,37.29901123046875
IMG_0028.mp4,410,13.666666666666666,30.0,52,1,traffic_lights,0.9098647236824036,794.2865600585938,150.22328186035156,897.4337158203125,246.88729858398438,845.8601379394531,198.55529022216797,103.14715576171875,96.66401672363281
IMG_0028.mp4,411,13.7,30.0,159,2,traffic_signs,0.7658531069755554,1183.5181884765625,658.3721923828125,1201.756591796875,691.7533569335938,1192.6373901367188,675.0627746582031,18.2384033203125,33.38116455078125
IMG_0028.mp4,411,13.7,30.0,176,2,traffic_signs,0.8636004328727722,1248.42236328125,642.7520141601562,1265.283935546875,681.8392333984375,1256.8531494140625,662.2956237792969,16.861572265625,39.08721923828125
IMG_0028.mp4,411,13.7,30.0,199,1,traffic_lights,0.6447294354438782,1375.559326171875,660.627197265625,1388.01904296875,689.234130859375,1381.7891845703125,674.9306640625,12.459716796875,28.60693359375
IMG_0028.mp4,411,13.7,30.0,52,1,traffic_lights,0.7397594451904297,792.182861328125,146.0680694580078,895.8500366210938,243.92662048339844,844.0164489746094,194.99734497070312,103.66717529296875,97.85855102539062
IMG_0028.mp4,412,13.733333333333333,30.0,159,2,traffic_signs,0.8379480838775635,1184.4986572265625,657.4397583007812,1202.6351318359375,690.594482421875,1193.56689453125,674.0171203613281,18.136474609375,33.15472412109375
IMG_0028.mp4,412,13.733333333333333,30.0,176,2,traffic_signs,0.8510668277740479,1250.0450439453125,641.6327514648438,1267.4691162109375,680.6019287109375,1258.757080078125,661.1173400878906,17.424072265625,38.96917724609375
IMG_0028.mp4,412,13.733333333333333,30.0,52,1,traffic_lights,0.8043769001960754,791.6187744140625,142.39816284179688,895.5455932617188,241.43435668945312,843.5821838378906,191.916259765625,103.92681884765625,99.03619384765625
IMG_0028.mp4,413,13.766666666666667,30.0,159,2,traffic_signs,0.8572545647621155,1185.3212890625,655.9224853515625,1203.1395263671875,689.1373901367188,1194.2304077148438,672.5299377441406,17.8182373046875,33.21490478515625
IMG_0028.mp4,413,13.766666666666667,30.0,176,2,traffic_signs,0.8797296285629272,1251.146484375,639.504150390625,1270.37158203125,678.5673217773438,1260.759033203125,659.0357360839844,19.22509765625,39.06317138671875
IMG_0028.mp4,413,13.766666666666667,30.0,52,1,traffic_lights,0.8867654800415039,789.372802734375,135.8587646484375,894.3282470703125,236.0788116455078,841.8505249023438,185.96878814697266,104.9554443359375,100.22004699707031
IMG_0028.mp4,414,13.8,30.0,159,2,traffic_signs,0.8433007001876831,1185.18603515625,657.0690307617188,1203.291748046875,690.8051147460938,1194.2388916015625,673.9370727539062,18.105712890625,33.736083984375
IMG_0028.mp4,414,13.8,30.0,176,2,traffic_signs,0.8640879392623901,1252.521240234375,639.5992431640625,1272.219970703125,679.62548828125,1262.37060546875,659.6123657226562,19.69873046875,40.0262451171875
IMG_0028.mp4,414,13.8,30.0,52,1,traffic_lights,0.34423351287841797,792.1007080078125,129.0775909423828,892.6835327148438,231.42059326171875,842.3921203613281,180.24909210205078,100.58282470703125,102.34300231933594
IMG_0028.mp4,414,13.8,30.0,201,1,traffic_lights,0.7265549898147583,1380.670166015625,658.998291015625,1394.6456298828125,688.0274658203125,1387.6578979492188,673.5128784179688,13.9754638671875,29.0291748046875
IMG_0028.mp4,414,13.8,30.0,177,1,traffic_lights,0.7333821058273315,1225.0482177734375,531.8119506835938,1284.657470703125,617.747314453125,1254.8528442382812,574.7796325683594,59.6092529296875,85.93536376953125
IMG_0028.mp4,415,13.833333333333334,30.0,159,2,traffic_signs,0.8386543393135071,1186.1903076171875,657.1763916015625,1204.362060546875,690.96484375,1195.2761840820312,674.0706176757812,18.1717529296875,33.7884521484375
IMG_0028.mp4,415,13.833333333333334,30.0,176,2,traffic_signs,0.8845053315162659,1253.9581298828125,639.3704223632812,1275.01513671875,679.0383911132812,1264.4866333007812,659.2044067382812,21.0570068359375,39.66796875
IMG_0028.mp4,415,13.833333333333334,30.0,201,1,traffic_lights,0.7202162742614746,1381.9730224609375,658.3291625976562,1396.1007080078125,687.6477661132812,1389.036865234375,672.9884643554688,14.127685546875,29.318603515625
IMG_0028.mp4,415,13.833333333333334,30.0,177,1,traffic_lights,0.817041277885437,1226.4920654296875,530.5791625976562,1287.18603515625,618.0452270507812,1256.8390502929688,574.3121948242188,60.6939697265625,87.466064453125
IMG_0028.mp4,416,13.866666666666667,30.0,159,2,traffic_signs,0.8148193955421448,1187.5750732421875,654.8456420898438,1204.63330078125,688.2152709960938,1196.1041870117188,671.5304565429688,17.0582275390625,33.36962890625
IMG_0028.mp4,416,13.866666666666667,30.0,176,2,traffic_signs,0.861849844455719,1255.0347900390625,636.8516845703125,1276.5919189453125,676.7611083984375,1265.8133544921875,656.806396484375,21.55712890625,39.909423828125
IMG_0028.mp4,416,13.866666666666667,30.0,201,1,traffic_lights,0.6857374310493469,1382.3748779296875,656.7412719726562,1396.943603515625,687.1360473632812,1389.6592407226562,671.9386596679688,14.5687255859375,30.394775390625
IMG_0028.mp4,416,13.866666666666667,30.0,177,1,traffic_lights,0.6676832437515259,1229.4810791015625,524.8511352539062,1288.6441650390625,615.271484375,1259.0626220703125,570.0613098144531,59.1630859375,90.42034912109375
IMG_0028.mp4,417,13.9,30.0,159,2,traffic_signs,0.8513025641441345,1187.6190185546875,654.564697265625,1205.5052490234375,688.87451171875,1196.5621337890625,671.7196044921875,17.88623046875,34.309814453125
IMG_0028.mp4,417,13.9,30.0,176,2,traffic_signs,0.8713365793228149,1256.2122802734375,636.2849731445312,1279.220947265625,677.0787963867188,1267.7166137695312,656.681884765625,23.0086669921875,40.7938232421875
IMG_0028.mp4,417,13.9,30.0,201,1,traffic_lights,0.46679621934890747,1384.5963134765625,657.3002319335938,1399.385986328125,688.0337524414062,1391.9911499023438,672.6669921875,14.7896728515625,30.7335205078125
IMG_0028.mp4,417,13.9,30.0,177,1,traffic_lights,0.864664614200592,1230.37353515625,523.5911254882812,1290.283935546875,613.473876953125,1260.3287353515625,568.5325012207031,59.910400390625,89.88275146484375
IMG_0028.mp4,417,13.9,30.0,52,1,traffic_lights,0.8291468620300293,782.7944946289062,113.50183868408203,888.8258056640625,218.0203094482422,835.8101501464844,165.7610740661621,106.03131103515625,104.51847076416016
IMG_0028.mp4,418,13.933333333333334,30.0,159,2,traffic_signs,0.8513997197151184,1187.9327392578125,655.6590576171875,1206.6636962890625,690.5991821289062,1197.2982177734375,673.1291198730469,18.73095703125,34.94012451171875
IMG_0028.mp4,418,13.933333333333334,30.0,176,2,traffic_signs,0.8904702067375183,1258.077880859375,637.0966796875,1282.162109375,678.4845581054688,1270.1199951171875,657.7906188964844,24.084228515625,41.38787841796875
IMG_0028.mp4,418,13.933333333333334,30.0,201,1,traffic_lights,0.710891842842102,1385.55419921875,658.4684448242188,1400.145263671875,689.4785766601562,1392.8497314453125,673.9735107421875,14.591064453125,31.0101318359375
IMG_0028.mp4,418,13.933333333333334,30.0,177,1,traffic_lights,0.8266744613647461,1232.0828857421875,524.1719360351562,1291.8037109375,613.8665771484375,1261.9432983398438,569.0192565917969,59.7208251953125,89.69464111328125
IMG_0028.mp4,418,13.933333333333334,30.0,52,1,traffic_lights,0.781791090965271,780.5868530273438,108.66405487060547,888.6898803710938,215.46157836914062,834.6383666992188,162.06281661987305,108.10302734375,106.79752349853516
IMG_0028.mp4,419,13.966666666666667,30.0,159,2,traffic_signs,0.8470476269721985,1189.1529541015625,653.8466796875,1207.73681640625,688.713134765625,1198.4448852539062,671.2799072265625,18.5838623046875,34.866455078125
IMG_0028.mp4,419,13.966666666666667,30.0,176,2,traffic_signs,0.7002220153808594,1259.708251953125,635.0651245117188,1284.368408203125,677.4589233398438,1272.038330078125,656.2620239257812,24.66015625,42.393798828125
IMG_0028.mp4,419,13.966666666666667,30.0,201,1,traffic_lights,0.706047773361206,1386.96484375,657.1301879882812,1401.402099609375,687.4703369140625,1394.1834716796875,672.3002624511719,14.437255859375,30.34014892578125
IMG_0028.mp4,419,13.966666666666667,30.0,177,1,traffic_lights,0.8396083116531372,1234.0091552734375,521.1812744140625,1293.837890625,611.16552734375,1263.9235229492188,566.1734008789062,59.8287353515625,89.9842529296875
IMG_0028.mp4,419,13.966666666666667,30.0,52,1,traffic_lights,0.6265750527381897,782.1456909179688,105.17780303955078,887.5641479492188,211.50473022460938,834.8549194335938,158.34126663208008,105.41845703125,106.3269271850586
IMG_0028.mp4,419,13.966666666666667,30.0,207,1,traffic_lights,0.47845685482025146,781.4708862304688,108.90618133544922,826.1050415039062,208.90541076660156,803.7879638671875,158.9057960510254,44.6341552734375,99.99922943115234
IMG_0028.mp4,420,14.0,30.0,159,2,traffic_signs,0.8567692637443542,1188.9952392578125,653.0914916992188,1208.0174560546875,688.11474609375,1198.50634765625,670.6031188964844,19.022216796875,35.02325439453125
IMG_0028.mp4,420,14.0,30.0,176,2,traffic_signs,0.8873100876808167,1260.38916015625,634.3077392578125,1285.922119140625,677.060546875,1273.1556396484375,655.6841430664062,25.532958984375,42.7528076171875
IMG_0028.mp4,420,14.0,30.0,201,1,traffic_lights,0.6891487240791321,1388.837890625,656.6951293945312,1402.9281005859375,687.2603759765625,1395.8829956054688,671.9777526855469,14.0902099609375,30.56524658203125
IMG_0028.mp4,420,14.0,30.0,177,1,traffic_lights,0.7820805311203003,1233.985595703125,518.542724609375,1297.5130615234375,609.2752075195312,1265.7493286132812,563.9089660644531,63.5274658203125,90.73248291015625
IMG_0028.mp4,420,14.0,30.0,52,1,traffic_lights,0.82525634765625,776.0353393554688,97.62835693359375,885.6913452148438,203.4596405029297,830.8633422851562,150.54399871826172,109.656005859375,105.83128356933594
IMG_0028.mp4,421,14.033333333333333,30.0,159,2,traffic_signs,0.5572752952575684,1189.3511962890625,653.4866943359375,1208.1639404296875,688.2819213867188,1198.757568359375,670.8843078613281,18.812744140625,34.79522705078125
IMG_0028.mp4,421,14.033333333333333,30.0,176,2,traffic_signs,0.9018189311027527,1261.1513671875,634.2078857421875,1287.865478515625,677.4398193359375,1274.5084228515625,655.8238525390625,26.714111328125,43.23193359375
IMG_0028.mp4,421,14.033333333333333,30.0,201,1,traffic_lights,0.7852885127067566,1390.3109130859375,656.9758911132812,1404.51611328125,688.493896484375,1397.4135131835938,672.7348937988281,14.2052001953125,31.51800537109375
IMG_0028.mp4,421,14.033333333333333,30.0,177,1,traffic_lights,0.8173292279243469,1235.232666015625,517.4212646484375,1299.392578125,608.6981201171875,1267.3126220703125,563.0596923828125,64.159912109375,91.27685546875
IMG_0028.mp4,421,14.033333333333333,30.0,52,1,traffic_lights,0.8922929763793945,771.7922973632812,92.01791381835938,884.0690307617188,198.74488830566406,827.9306640625,145.38140106201172,112.2767333984375,106.72697448730469
IMG_0028.mp4,422,14.066666666666666,30.0,159,2,traffic_signs,0.513428807258606,1190.9522705078125,652.8258666992188,1209.076416015625,687.8829956054688,1200.0143432617188,670.3544311523438,18.1241455078125,35.05712890625
IMG_0028.mp4,422,14.066666666666666,30.0,176,2,traffic_signs,0.913112461566925,1263.0052490234375,633.3207397460938,1290.247314453125,676.6036376953125,1276.6262817382812,654.9621887207031,27.2420654296875,43.28289794921875
IMG_0028.mp4,422,14.066666666666666,30.0,201,1,traffic_lights,0.5277125239372253,1392.0606689453125,656.420654296875,1407.1776123046875,689.0225219726562,1399.619140625,672.7215881347656,15.116943359375,32.60186767578125
IMG_0028.mp4,422,14.066666666666666,30.0,177,1,traffic_lights,0.36385270953178406,1237.21337890625,515.9424438476562,1303.0909423828125,607.8203125,1270.1521606445312,561.8813781738281,65.8775634765625,91.87786865234375
IMG_0028.mp4,422,14.066666666666666,30.0,52,1,traffic_lights,0.9261510968208313,770.034912109375,87.14363098144531,884.4030151367188,195.96810913085938,827.2189636230469,141.55587005615234,114.36810302734375,108.82447814941406
IMG_0028.mp4,423,14.1,30.0,159,2,traffic_signs,0.7938298583030701,1191.8685302734375,651.9140625,1210.009765625,686.1856079101562,1200.9391479492188,669.0498352050781,18.1412353515625,34.27154541015625
IMG_0028.mp4,423,14.1,30.0,176,2,traffic_signs,0.9097833037376404,1265.0059814453125,631.2028198242188,1292.042236328125,674.5828247070312,1278.5241088867188,652.892822265625,27.0362548828125,43.3800048828125
IMG_0028.mp4,423,14.1,30.0,201,1,traffic_lights,0.7675673961639404,1393.7628173828125,654.6730346679688,1409.213623046875,688.0894165039062,1401.4882202148438,671.3812255859375,15.4508056640625,33.4163818359375
IMG_0028.mp4,423,14.1,30.0,177,1,traffic_lights,0.8311256766319275,1241.3665771484375,512.6524047851562,1306.3143310546875,605.35400390625,1273.8404541015625,559.0032043457031,64.94775390625,92.70159912109375
IMG_0028.mp4,423,14.1,30.0,52,1,traffic_lights,0.8441514372825623,768.1321411132812,81.39957427978516,884.2176513671875,191.20533752441406,826.1748962402344,136.3024559020996,116.08551025390625,109.8057632446289
IMG_0028.mp4,424,14.133333333333333,30.0,159,2,traffic_signs,0.8256800770759583,1191.381103515625,652.5540771484375,1210.1253662109375,687.7276611328125,1200.7532348632812,670.140869140625,18.7442626953125,35.173583984375
IMG_0028.mp4,424,14.133333333333333,30.0,176,2,traffic_signs,0.918555498123169,1265.2913818359375,631.27197265625,1292.7791748046875,675.5907592773438,1279.0352783203125,653.4313659667969,27.48779296875,44.31878662109375
IMG_0028.mp4,424,14.133333333333333,30.0,201,1,traffic_lights,0.5941097736358643,1394.7171630859375,655.4661865234375,1410.411376953125,690.113037109375,1402.5642700195312,672.7896118164062,15.6942138671875,34.6468505859375
IMG_0028.mp4,424,14.133333333333333,30.0,177,1,traffic_lights,0.6834788918495178,1243.4886474609375,510.9566955566406,1309.145751953125,604.8041381835938,1276.3171997070312,557.8804168701172,65.6571044921875,93.84744262695312
IMG_0028.mp4,424,14.133333333333333,30.0,52,1,traffic_lights,0.7515450716018677,766.5272827148438,75.57183837890625,882.3417358398438,185.442138671875,824.4345092773438,130.50698852539062,115.814453125,109.87030029296875
IMG_0028.mp4,425,14.166666666666666,30.0,159,2,traffic_signs,0.8249513506889343,1191.8221435546875,652.0667114257812,1210.4395751953125,687.1107788085938,1201.130859375,669.5887451171875,18.617431640625,35.0440673828125
IMG_0028.mp4,425,14.166666666666666,30.0,176,2,traffic_signs,0.9162557125091553,1266.1468505859375,630.2813720703125,1293.7882080078125,675.3818359375,1279.967529296875,652.8316040039062,27.641357421875,45.1004638671875
IMG_0028.mp4,425,14.166666666666666,30.0,201,1,traffic_lights,0.7397027611732483,1395.600830078125,654.9227905273438,1411.4073486328125,688.6749877929688,1403.5040893554688,671.7988891601562,15.8065185546875,33.752197265625
IMG_0028.mp4,425,14.166666666666666,30.0,177,1,traffic_lights,0.7222473621368408,1245.6031494140625,509.1790466308594,1312.3519287109375,603.4583129882812,1278.9775390625,556.3186798095703,66.748779296875,94.27926635742188
IMG_0028.mp4,425,14.166666666666666,30.0,52,1,traffic_lights,0.8730231523513794,766.5578002929688,69.57506561279297,882.7849731445312,179.0387420654297,824.67138671875,124.30690383911133,116.2271728515625,109.46367645263672
IMG_0028.mp4,426,14.2,30.0,159,2,traffic_signs,0.8354293704032898,1193.8660888671875,650.85693359375,1212.1258544921875,684.6177978515625,1202.9959716796875,667.7373657226562,18.259765625,33.7608642578125
IMG_0028.mp4,426,14.2,30.0,176,2,traffic_signs,0.9056371450424194,1268.6177978515625,628.7693481445312,1296.2698974609375,673.2587890625,1282.44384765625,651.0140686035156,27.652099609375,44.48944091796875
IMG_0028.mp4,426,14.2,30.0,201,1,traffic_lights,0.5333889126777649,1398.6380615234375,654.514892578125,1413.0948486328125,688.2691650390625,1405.866455078125,671.3920288085938,14.456787109375,33.7542724609375
IMG_0028.mp4,426,14.2,30.0,177,1,traffic_lights,0.7734708189964294,1248.4720458984375,506.9990539550781,1328.2833251953125,601.610107421875,1288.377685546875,554.3045806884766,79.811279296875,94.61105346679688
IMG_0028.mp4,426,14.2,30.0,52,1,traffic_lights,0.8763441443443298,765.2271118164062,63.92668533325195,883.3513793945312,174.98983764648438,824.2892456054688,119.45826148986816,118.124267578125,111.06315231323242
IMG_0028.mp4,427,14.233333333333333,30.0,159,2,traffic_signs,0.823661744594574,1194.2659912109375,650.8074951171875,1212.619873046875,684.5030517578125,1203.4429321289062,667.6552734375,18.3538818359375,33.695556640625
IMG_0028.mp4,427,14.233333333333333,30.0,176,2,traffic_signs,0.8860979080200195,1269.9102783203125,628.8145141601562,1296.956787109375,672.6353149414062,1283.4335327148438,650.7249145507812,27.0465087890625,43.82080078125
IMG_0028.mp4,427,14.233333333333333,30.0,201,1,traffic_lights,0.698948085308075,1399.8980712890625,654.48974609375,1415.194091796875,688.9324951171875,1407.5460815429688,671.7111206054688,15.2960205078125,34.4427490234375
IMG_0028.mp4,427,14.233333333333333,30.0,177,1,traffic_lights,0.7615904211997986,1252.5394287109375,504.06439208984375,1329.522705078125,600.685791015625,1291.0310668945312,552.3750915527344,76.9832763671875,96.62139892578125
IMG_0028.mp4,427,14.233333333333333,30.0,52,1,traffic_lights,0.9103002548217773,761.0772705078125,55.56205368041992,880.997802734375,168.3782958984375,821.0375366210938,111.97017478942871,119.9205322265625,112.81624221801758
IMG_0028.mp4,428,14.266666666666667,30.0,159,2,traffic_signs,0.8353074193000793,1195.509765625,650.8599243164062,1213.7899169921875,684.6727905273438,1204.6498413085938,667.766357421875,18.2801513671875,33.8128662109375
IMG_0028.mp4,428,14.266666666666667,30.0,176,2,traffic_signs,0.9138795137405396,1271.0450439453125,628.5739135742188,1299.00390625,672.8463745117188,1285.0244750976562,650.7101440429688,27.9588623046875,44.2724609375
IMG_0028.mp4,428,14.266666666666667,30.0,201,1,traffic_lights,0.5874413847923279,1402.3763427734375,654.9857177734375,1417.2496337890625,688.0462036132812,1409.81298828125,671.5159606933594,14.873291015625,33.06048583984375
IMG_0028.mp4,428,14.266666666666667,30.0,177,1,traffic_lights,0.9149866700172424,1257.171142578125,501.6358337402344,1325.090576171875,600.2042236328125,1291.130859375,550.9200286865234,67.91943359375,98.56838989257812
IMG_0028.mp4,428,14.266666666666667,30.0,52,1,traffic_lights,0.48513051867485046,758.9520263671875,49.61601257324219,880.6018676757812,163.91734313964844,819.7769470214844,106.76667785644531,121.64984130859375,114.30133056640625
IMG_0028.mp4,429,14.3,30.0,159,2,traffic_signs,0.8698030710220337,1195.947998046875,649.5457153320312,1215.290771484375,684.1157836914062,1205.619384765625,666.8307495117188,19.3427734375,34.570068359375
IMG_0028.mp4,429,14.3,30.0,176,2,traffic_signs,0.9185042977333069,1272.03369140625,627.2715454101562,1300.046142578125,672.293701171875,1286.0399169921875,649.7826232910156,28.012451171875,45.02215576171875
IMG_0028.mp4,429,14.3,30.0,201,1,traffic_lights,0.4613625407218933,1403.31884765625,654.7132568359375,1420.062744140625,688.175048828125,1411.6907958984375,671.4441528320312,16.743896484375,33.4617919921875
IMG_0028.mp4,429,14.3,30.0,177,1,traffic_lights,0.8674122095108032,1259.3265380859375,497.8236999511719,1324.59228515625,598.8069458007812,1291.9594116210938,548.3153228759766,65.2657470703125,100.98324584960938
IMG_0028.mp4,429,14.3,30.0,52,1,traffic_lights,0.708954393863678,758.9063720703125,46.42770004272461,829.877197265625,157.49363708496094,794.3917846679688,101.96066856384277,70.9708251953125,111.06593704223633
IMG_0028.mp4,430,14.333333333333334,30.0,159,2,traffic_signs,0.8788588047027588,1196.5460205078125,649.2681884765625,1216.64306640625,684.41552734375,1206.5945434570312,666.8418579101562,20.0970458984375,35.1473388671875
IMG_0028.mp4,430,14.333333333333334,30.0,176,2,traffic_signs,0.9320966601371765,1272.865234375,626.870849609375,1301.2200927734375,672.4134521484375,1287.0426635742188,649.6421508789062,28.3548583984375,45.5426025390625
IMG_0028.mp4,430,14.333333333333334,30.0,177,1,traffic_lights,0.805996298789978,1263.4420166015625,495.1909484863281,1326.2969970703125,596.4741821289062,1294.8695068359375,545.8325653076172,62.85498046875,101.28323364257812
IMG_0028.mp4,430,14.333333333333334,30.0,52,1,traffic_lights,0.8827803730964661,756.9981689453125,41.1442985534668,870.1185913085938,155.8865966796875,813.5583801269531,98.51544761657715,113.12042236328125,114.7422981262207
IMG_0028.mp4,431,14.366666666666667,30.0,159,2,traffic_signs,0.8620888590812683,1197.9151611328125,650.7453002929688,1217.5665283203125,685.5350952148438,1207.7408447265625,668.1401977539062,19.6513671875,34.789794921875
IMG_0028.mp4,431,14.366666666666667,30.0,176,2,traffic_signs,0.9187316298484802,1274.48046875,628.6267700195312,1302.70849609375,673.4268798828125,1288.594482421875,651.0268249511719,28.22802734375,44.80010986328125
IMG_0028.mp4,431,14.366666666666667,30.0,177,1,traffic_lights,0.5353694558143616,1263.165283203125,494.9159851074219,1328.4697265625,596.9812622070312,1295.8175048828125,545.9486236572266,65.304443359375,102.06527709960938
IMG_0028.mp4,431,14.366666666666667,30.0,52,1,traffic_lights,0.8531039953231812,754.7551879882812,35.539669036865234,876.4058227539062,152.8567657470703,815.5805053710938,94.19821739196777,121.650634765625,117.31709671020508
IMG_0028.mp4,431,14.366666666666667,30.0,215,1,traffic_lights,0.5192199349403381,1404.574951171875,653.4823608398438,1423.2236328125,684.3199462890625,1413.8992919921875,668.9011535644531,18.648681640625,30.83758544921875
IMG_0028.mp4,432,14.4,30.0,159,2,traffic_signs,0.8656736612319946,1198.7528076171875,648.8284301757812,1218.5986328125,684.376953125,1208.6757202148438,666.6026916503906,19.8458251953125,35.54852294921875
IMG_0028.mp4,432,14.4,30.0,176,2,traffic_signs,0.8919215798377991,1276.3074951171875,627.8295288085938,1304.779296875,672.0187377929688,1290.5433959960938,649.9241333007812,28.4718017578125,44.189208984375
IMG_0028.mp4,432,14.4,30.0,177,1,traffic_lights,0.6450856328010559,1269.655517578125,492.87567138671875,1331.8331298828125,595.1173706054688,1300.7443237304688,543.9965209960938,62.1776123046875,102.24169921875
IMG_0028.mp4,432,14.4,30.0,52,1,traffic_lights,0.35391148924827576,752.299072265625,28.381803512573242,878.735107421875,148.29444885253906,815.51708984375,88.33812618255615,126.43603515625,119.91264533996582
IMG_0028.mp4,433,14.433333333333334,30.0,159,2,traffic_signs,0.8646865487098694,1199.71484375,647.6362915039062,1219.5921630859375,684.112548828125,1209.6535034179688,665.8744201660156,19.8773193359375,36.47625732421875
IMG_0028.mp4,433,14.433333333333334,30.0,176,2,traffic_signs,0.9104917049407959,1277.9302978515625,626.1958618164062,1306.793701171875,671.4711303710938,1292.3619995117188,648.83349609375,28.8634033203125,45.2752685546875
IMG_0028.mp4,433,14.433333333333334,30.0,177,1,traffic_lights,0.47991418838500977,1272.9141845703125,489.5107421875,1334.4241943359375,593.0059204101562,1303.669189453125,541.2583312988281,61.510009765625,103.49517822265625
IMG_0028.mp4,433,14.433333333333334,30.0,52,1,traffic_lights,0.8298906087875366,748.3724975585938,20.157438278198242,878.4602661132812,140.3117218017578,813.4163818359375,80.23458003997803,130.0877685546875,120.15428352355957
IMG_0028.mp4,434,14.466666666666667,30.0,159,2,traffic_signs,0.6733148097991943,1201.147705078125,648.190185546875,1220.7086181640625,684.50244140625,1210.9281616210938,666.3463134765625,19.5609130859375,36.312255859375
IMG_0028.mp4,434,14.466666666666667,30.0,176,2,traffic_signs,0.8650333285331726,1279.9110107421875,626.3545532226562,1308.6446533203125,671.5601806640625,1294.27783203125,648.9573669433594,28.733642578125,45.20562744140625
IMG_0028.mp4,434,14.466666666666667,30.0,177,1,traffic_lights,0.5747126340866089,1273.461181640625,488.1092834472656,1342.1109619140625,591.5359497070312,1307.7860717773438,539.8226165771484,68.6497802734375,103.42666625976562
IMG_0028.mp4,434,14.466666666666667,30.0,52,1,traffic_lights,0.7974728941917419,746.0031127929688,14.548603057861328,878.3576049804688,133.2905731201172,812.1803588867188,73.91958808898926,132.3544921875,118.74197006225586
IMG_0028.mp4,435,14.5,30.0,159,2,traffic_signs,0.8507527709007263,1201.540771484375,646.9302368164062,1221.0400390625,683.47900390625,1211.2904052734375,665.2046203613281,19.499267578125,36.54876708984375
IMG_0028.mp4,435,14.5,30.0,176,2,traffic_signs,0.8869005441665649,1281.2984619140625,624.7998046875,1310.427490234375,670.509765625,1295.8629760742188,647.65478515625,29.1290283203125,45.7099609375
IMG_0028.mp4,435,14.5,30.0,177,1,traffic_lights,0.598387598991394,1270.404541015625,484.6775817871094,1346.4139404296875,589.5985107421875,1308.4092407226562,537.1380462646484,76.0093994140625,104.92092895507812
IMG_0028.mp4,436,14.533333333333333,30.0,159,2,traffic_signs,0.8808133006095886,1202.5045166015625,646.5643310546875,1222.1575927734375,683.2998046875,1212.3310546875,664.9320678710938,19.653076171875,36.7354736328125
IMG_0028.mp4,436,14.533333333333333,30.0,176,2,traffic_signs,0.882064700126648,1283.3077392578125,623.8119506835938,1312.6568603515625,670.073486328125,1297.9822998046875,646.9427185058594,29.34912109375,46.26153564453125
IMG_0028.mp4,436,14.533333333333333,30.0,177,1,traffic_lights,0.6241850852966309,1273.9674072265625,482.80804443359375,1347.1798095703125,589.7286987304688,1310.5736083984375,536.2683715820312,73.21240234375,106.920654296875
IMG_0028.mp4,436,14.533333333333333,30.0,215,1,traffic_lights,0.42118701338768005,1416.1734619140625,649.0531005859375,1432.150634765625,676.7933349609375,1424.1620483398438,662.9232177734375,15.9771728515625,27.740234375
IMG_0028.mp4,437,14.566666666666666,30.0,159,2,traffic_signs,0.8867564797401428,1203.5072021484375,646.6398315429688,1223.55029296875,683.452880859375,1213.5287475585938,665.0463562011719,20.0430908203125,36.81304931640625
IMG_0028.mp4,437,14.566666666666666,30.0,176,2,traffic_signs,0.9146044850349426,1285.169921875,623.31787109375,1314.9625244140625,670.1470336914062,1300.0662231445312,646.7324523925781,29.7926025390625,46.82916259765625
IMG_0028.mp4,437,14.566666666666666,30.0,216,1,traffic_lights,0.4087549149990082,1239.795166015625,537.653564453125,1252.1561279296875,571.90478515625,1245.9756469726562,554.7791748046875,12.3609619140625,34.251220703125
IMG_0028.mp4,438,14.6,30.0,159,2,traffic_signs,0.8833808302879333,1204.46875,646.2360229492188,1224.455810546875,683.3572998046875,1214.4622802734375,664.7966613769531,19.987060546875,37.12127685546875
IMG_0028.mp4,438,14.6,30.0,176,2,traffic_signs,0.8982474207878113,1286.63623046875,623.1868896484375,1317.16552734375,669.600341796875,1301.90087890625,646.3936157226562,30.529296875,46.4134521484375
IMG_0028.mp4,438,14.6,30.0,216,1,traffic_lights,0.2702140212059021,1240.5794677734375,537.4668579101562,1252.480712890625,571.9017944335938,1246.5300903320312,554.684326171875,11.9012451171875,34.4349365234375
IMG_0028.mp4,438,14.6,30.0,177,1,traffic_lights,0.5317179560661316,1276.8746337890625,476.1499328613281,1353.2138671875,589.48046875,1315.0442504882812,532.8152008056641,76.3392333984375,113.33053588867188
IMG_0028.mp4,439,14.633333333333333,30.0,159,2,traffic_signs,0.8629486560821533,1205.6455078125,644.6015014648438,1225.5723876953125,681.662353515625,1215.6089477539062,663.1319274902344,19.9268798828125,37.06085205078125
IMG_0028.mp4,439,14.633333333333333,30.0,176,2,traffic_signs,0.8919671177864075,1288.066650390625,621.3139038085938,1318.8621826171875,667.3726196289062,1303.4644165039062,644.34326171875,30.7955322265625,46.0587158203125
IMG_0028.mp4,439,14.633333333333333,30.0,177,1,traffic_lights,0.8901302814483643,1278.2431640625,470.10736083984375,1356.097900390625,587.2071533203125,1317.1705322265625,528.6572570800781,77.854736328125,117.09979248046875
IMG_0028.mp4,440,14.666666666666666,30.0,159,2,traffic_signs,0.8709518909454346,1207.226318359375,644.5064086914062,1227.19287109375,682.056640625,1217.2095947265625,663.2815246582031,19.966552734375,37.55023193359375
IMG_0028.mp4,440,14.666666666666666,30.0,176,2,traffic_signs,0.8728976845741272,1289.91064453125,620.5988159179688,1321.249267578125,666.6669311523438,1305.5799560546875,643.6328735351562,31.338623046875,46.068115234375
IMG_0028.mp4,440,14.666666666666666,30.0,177,1,traffic_lights,0.7147602438926697,1278.0557861328125,468.2585144042969,1359.80224609375,583.6071166992188,1318.9290161132812,525.9328155517578,81.7464599609375,115.34860229492188
IMG_0028.mp4,441,14.7,30.0,159,2,traffic_signs,0.8800906538963318,1208.4903564453125,644.8550415039062,1228.65576171875,682.968505859375,1218.5730590820312,663.9117736816406,20.1654052734375,38.11346435546875
IMG_0028.mp4,441,14.7,30.0,176,2,traffic_signs,0.8150820136070251,1292.12353515625,620.733642578125,1322.535400390625,667.2330322265625,1307.3294677734375,643.9833374023438,30.411865234375,46.4993896484375
IMG_0028.mp4,441,14.7,30.0,177,1,traffic_lights,0.6462343335151672,1281.7755126953125,466.2039489746094,1363.1746826171875,581.4446411132812,1322.47509765625,523.8242950439453,81.399169921875,115.24069213867188
IMG_0028.mp4,441,14.7,30.0,216,1,traffic_lights,0.43775564432144165,1243.6971435546875,535.8969116210938,1256.20361328125,570.6235961914062,1249.9503784179688,553.26025390625,12.5064697265625,34.7266845703125
IMG_0028.mp4,442,14.733333333333333,30.0,159,2,traffic_signs,0.868817925453186,1209.2957763671875,642.9130859375,1229.7327880859375,681.4160766601562,1219.5142822265625,662.1645812988281,20.43701171875,38.50299072265625
IMG_0028.mp4,442,14.733333333333333,30.0,176,2,traffic_signs,0.8756126165390015,1294.7633056640625,618.9076538085938,1324.1322021484375,665.8941650390625,1309.44775390625,642.4009094238281,29.368896484375,46.98651123046875
IMG_0028.mp4,442,14.733333333333333,30.0,177,1,traffic_lights,0.4311320185661316,1285.8214111328125,463.1712951660156,1367.1763916015625,579.122802734375,1326.4989013671875,521.1470489501953,81.35498046875,115.95150756835938
IMG_0028.mp4,442,14.733333333333333,30.0,216,1,traffic_lights,0.4335106611251831,1244.7979736328125,534.614501953125,1257.2520751953125,569.1627197265625,1251.0250244140625,551.8886108398438,12.4541015625,34.5482177734375
IMG_0028.mp4,442,14.733333333333333,30.0,52,1,traffic_lights,0.742652952671051,728.113525390625,0.9900627136230469,864.389404296875,80.43608856201172,796.25146484375,40.71307563781738,136.27587890625,79.44602584838867
IMG_0028.mp4,442,14.733333333333333,30.0,215,1,traffic_lights,0.5556504130363464,1427.885009765625,646.7617797851562,1446.0638427734375,676.0618286132812,1436.9744262695312,661.4118041992188,18.1788330078125,29.300048828125
IMG_0028.mp4,443,14.766666666666667,30.0,159,2,traffic_signs,0.4758840501308441,1210.4298095703125,641.9210205078125,1231.0279541015625,681.0974731445312,1220.7288818359375,661.5092468261719,20.59814453125,39.17645263671875
IMG_0028.mp4,443,14.766666666666667,30.0,176,2,traffic_signs,0.9213196635246277,1296.41748046875,616.9730834960938,1326.135498046875,665.2371826171875,1311.2764892578125,641.1051330566406,29.718017578125,48.26409912109375
IMG_0028.mp4,443,14.766666666666667,30.0,177,1,traffic_lights,0.49804258346557617,1290.6492919921875,462.253173828125,1374.6392822265625,575.7733764648438,1332.644287109375,519.0132751464844,83.989990234375,113.52020263671875
IMG_0028.mp4,443,14.766666666666667,30.0,216,1,traffic_lights,0.7359130382537842,1245.330322265625,533.970458984375,1257.9739990234375,568.1641235351562,1251.6521606445312,551.0672912597656,12.6436767578125,34.19366455078125
IMG_0028.mp4,443,14.766666666666667,30.0,52,1,traffic_lights,0.8843298554420471,725.2025146484375,0.30943790078163147,861.4234619140625,70.15946960449219,793.31298828125,35.23445375263691,136.220947265625,69.85003170371056
IMG_0028.mp4,443,14.766666666666667,30.0,215,1,traffic_lights,0.5698788166046143,1429.44921875,646.1384887695312,1448.2381591796875,676.2976684570312,1438.8436889648438,661.2180786132812,18.7889404296875,30.1591796875
IMG_0028.mp4,444,14.8,30.0,159,2,traffic_signs,0.46114400029182434,1211.5472412109375,642.18212890625,1232.0985107421875,681.1194458007812,1221.8228759765625,661.6507873535156,20.55126953125,38.93731689453125
IMG_0028.mp4,444,14.8,30.0,176,2,traffic_signs,0.9010696411132812,1298.126220703125,616.5804443359375,1328.6842041015625,665.42333984375,1313.4052124023438,641.0018920898438,30.5579833984375,48.8428955078125
IMG_0028.mp4,444,14.8,30.0,177,1,traffic_lights,0.3951755464076996,1293.1629638671875,460.8117980957031,1385.021484375,578.5001831054688,1339.0922241210938,519.6559906005859,91.8585205078125,117.68838500976562
IMG_0028.mp4,444,14.8,30.0,216,1,traffic_lights,0.758420467376709,1246.4140625,534.2883911132812,1258.463623046875,568.1437377929688,1252.4388427734375,551.216064453125,12.049560546875,33.8553466796875
IMG_0028.mp4,444,14.8,30.0,52,1,traffic_lights,0.9116657972335815,722.4329833984375,0.2911219000816345,860.8298950195312,62.153770446777344,791.6314392089844,31.22244617342949,138.39691162109375,61.86264854669571
IMG_0028.mp4,444,14.8,30.0,215,1,traffic_lights,0.4072037935256958,1430.80224609375,646.3971557617188,1450.110595703125,676.3250122070312,1440.4564208984375,661.361083984375,19.308349609375,29.9278564453125
IMG_0028.mp4,445,14.833333333333334,30.0,159,2,traffic_signs,0.904298722743988,1212.3360595703125,640.116943359375,1233.5302734375,679.8270263671875,1222.9331665039062,659.9719848632812,21.1942138671875,39.7100830078125
IMG_0028.mp4,445,14.833333333333334,30.0,176,2,traffic_signs,0.8409026861190796,1300.34423828125,614.346923828125,1331.6435546875,663.5101318359375,1315.993896484375,638.9285278320312,31.29931640625,49.1632080078125
IMG_0028.mp4,445,14.833333333333334,30.0,177,1,traffic_lights,0.2896057069301605,1297.5716552734375,455.73468017578125,1385.0330810546875,576.692626953125,1341.3023681640625,516.2136535644531,87.46142578125,120.95794677734375
IMG_0028.mp4,445,14.833333333333334,30.0,216,1,traffic_lights,0.6318279504776001,1248.1258544921875,532.5068969726562,1259.6314697265625,566.7297973632812,1253.878662109375,549.6183471679688,11.505615234375,34.222900390625
IMG_0028.mp4,445,14.833333333333334,30.0,52,1,traffic_lights,0.9128053188323975,720.3726196289062,0.2682455778121948,859.4103393554688,54.9816780090332,789.8914794921875,27.6249617934227,139.0377197265625,54.71343243122101
IMG_0028.mp4,446,14.866666666666667,30.0,159,2,traffic_signs,0.27353015542030334,1212.6751708984375,638.7957153320312,1234.3094482421875,678.795654296875,1223.4923095703125,658.7956848144531,21.63427734375,39.99993896484375
IMG_0028.mp4,446,14.866666666666667,30.0,176,2,traffic_signs,0.8320177793502808,1302.8433837890625,613.280517578125,1333.4283447265625,661.3123168945312,1318.1358642578125,637.2964172363281,30.5849609375,48.03179931640625
IMG_0028.mp4,446,14.866666666666667,30.0,216,1,traffic_lights,0.6861123442649841,1248.6103515625,530.987548828125,1260.0006103515625,565.4854736328125,1254.3054809570312,548.2365112304688,11.3902587890625,34.4979248046875
IMG_0028.mp4,446,14.866666666666667,30.0,52,1,traffic_lights,0.9039960503578186,717.8878784179688,0.0,858.1804809570312,48.287017822265625,788.0341796875,24.143508911132812,140.2926025390625,48.287017822265625
IMG_0028.mp4,447,14.9,30.0,159,2,traffic_signs,0.8860959410667419,1213.62158203125,639.6554565429688,1235.5352783203125,679.9495849609375,1224.5784301757812,659.8025207519531,21.9136962890625,40.29412841796875
IMG_0028.mp4,447,14.9,30.0,176,2,traffic_signs,0.7949203252792358,1304.67041015625,614.0433959960938,1335.881591796875,661.3145751953125,1320.2760009765625,637.6789855957031,31.211181640625,47.27117919921875
IMG_0028.mp4,447,14.9,30.0,216,1,traffic_lights,0.679863452911377,1249.3665771484375,531.6316528320312,1261.158935546875,566.2677612304688,1255.2627563476562,548.94970703125,11.7923583984375,34.6361083984375
IMG_0028.mp4,447,14.9,30.0,52,1,traffic_lights,0.9221426248550415,714.4822387695312,0.06083249673247337,856.7949829101562,40.939369201660156,785.6386108398438,20.500100849196315,142.312744140625,40.87853670492768
IMG_0028.mp4,448,14.933333333333334,30.0,159,2,traffic_signs,0.8817100524902344,1214.527099609375,639.1293334960938,1236.5120849609375,678.9939575195312,1225.5195922851562,659.0616455078125,21.9849853515625,39.8646240234375
IMG_0028.mp4,448,14.933333333333334,30.0,176,2,traffic_signs,0.638934314250946,1307.3734130859375,612.4598999023438,1337.3353271484375,660.39453125,1322.3543701171875,636.4272155761719,29.9619140625,47.93463134765625
IMG_0028.mp4,448,14.933333333333334,30.0,216,1,traffic_lights,0.665908932685852,1249.8060302734375,530.8761596679688,1262.0020751953125,565.6588134765625,1255.904052734375,548.2674865722656,12.196044921875,34.78265380859375
IMG_0028.mp4,448,14.933333333333334,30.0,52,1,traffic_lights,0.9194818735122681,711.4319458007812,0.0,857.0694580078125,32.65453338623047,784.2507019042969,16.327266693115234,145.63751220703125,32.65453338623047
IMG_0028.mp4,448,14.933333333333334,30.0,177,1,traffic_lights,0.6812111139297485,1305.916259765625,443.14739990234375,1394.90966796875,564.8433227539062,1350.4129638671875,503.995361328125,88.993408203125,121.6959228515625
IMG_0028.mp4,449,14.966666666666667,30.0,159,2,traffic_signs,0.8758794069290161,1215.6378173828125,638.6792602539062,1238.0098876953125,678.3583984375,1226.8238525390625,658.5188293457031,22.3720703125,39.67913818359375
IMG_0028.mp4,449,14.966666666666667,30.0,176,2,traffic_signs,0.6599789261817932,1308.358642578125,611.5531616210938,1339.810302734375,660.1367797851562,1324.08447265625,635.844970703125,31.45166015625,48.5836181640625
IMG_0028.mp4,449,14.966666666666667,30.0,216,1,traffic_lights,0.5396921634674072,1250.106201171875,529.3609008789062,1262.98486328125,564.8931274414062,1256.5455322265625,547.1270141601562,12.878662109375,35.5322265625
IMG_0028.mp4,449,14.966666666666667,30.0,52,1,traffic_lights,0.6153485774993896,754.5751342773438,0.0,854.7854614257812,22.843406677246094,804.6802978515625,11.421703338623047,100.2103271484375,22.843406677246094
IMG_0028.mp4,449,14.966666666666667,30.0,177,1,traffic_lights,0.7583958506584167,1306.890869140625,439.91326904296875,1398.961181640625,561.4925537109375,1352.926025390625,500.7029113769531,92.0703125,121.57928466796875
IMG_0028.mp4,450,15.0,30.0,159,2,traffic_signs,0.8795205950737,1216.728271484375,638.6613159179688,1239.5970458984375,679.024658203125,1228.1626586914062,658.8429870605469,22.8687744140625,40.36334228515625
IMG_0028.mp4,450,15.0,30.0,216,1,traffic_lights,0.5329179763793945,1250.949951171875,529.044189453125,1264.2740478515625,564.49853515625,1257.6119995117188,546.7713623046875,13.3240966796875,35.454345703125
IMG_0028.mp4,450,15.0,30.0,177,1,traffic_lights,0.907707691192627,1311.9034423828125,436.33099365234375,1403.490966796875,559.76123046875,1357.6972045898438,498.0461120605469,91.5875244140625,123.43023681640625
IMG_0028.mp4,451,15.033333333333333,30.0,159,2,traffic_signs,0.8935732245445251,1217.6824951171875,637.2274169921875,1240.8973388671875,678.1461791992188,1229.2899169921875,657.6867980957031,23.21484375,40.91876220703125
IMG_0028.mp4,451,15.033333333333333,30.0,216,1,traffic_lights,0.45229583978652954,1251.8800048828125,527.6013793945312,1264.63232421875,563.3213500976562,1258.2561645507812,545.4613647460938,12.7523193359375,35.719970703125
IMG_0028.mp4,451,15.033333333333333,30.0,177,1,traffic_lights,0.831646740436554,1317.508056640625,433.119384765625,1407.8177490234375,556.9935913085938,1362.6629028320312,495.0564880371094,90.3096923828125,123.87420654296875
IMG_0028.mp4,452,15.066666666666666,30.0,159,2,traffic_signs,0.8996652960777283,1218.9866943359375,635.452880859375,1242.5311279296875,677.5953979492188,1230.7589111328125,656.5241394042969,23.54443359375,42.14251708984375
IMG_0028.mp4,452,15.066666666666666,30.0,216,1,traffic_lights,0.253953754901886,1254.3216552734375,526.2214965820312,1266.298095703125,561.6563110351562,1260.3098754882812,543.9389038085938,11.9764404296875,35.434814453125
IMG_0028.mp4,452,15.066666666666666,30.0,177,1,traffic_lights,0.6002782583236694,1327.2989501953125,428.4650573730469,1412.5948486328125,553.9647827148438,1369.9468994140625,491.2149200439453,85.2958984375,125.49972534179688
IMG_0028.mp4,453,15.1,30.0,159,2,traffic_signs,0.9013172388076782,1220.6839599609375,635.7749633789062,1244.0380859375,678.4578857421875,1232.3610229492188,657.1164245605469,23.3541259765625,42.68292236328125
IMG_0028.mp4,453,15.1,30.0,216,1,traffic_lights,0.5549814105033875,1255.548828125,526.4976196289062,1267.5714111328125,562.235595703125,1261.5601196289062,544.3666076660156,12.0225830078125,35.73797607421875
IMG_0028.mp4,453,15.1,30.0,177,1,traffic_lights,0.4216941297054291,1326.124755859375,425.73565673828125,1423.2935791015625,553.2804565429688,1374.7091674804688,489.508056640625,97.1688232421875,127.5447998046875
IMG_0028.mp4,453,15.1,30.0,176,2,traffic_signs,0.5361459255218506,1317.6898193359375,608.2328491210938,1347.7430419921875,650.9031372070312,1332.7164306640625,629.5679931640625,30.05322265625,42.6702880859375
IMG_0028.mp4,454,15.133333333333333,30.0,159,2,traffic_signs,0.8950464725494385,1222.051025390625,636.2019653320312,1245.1728515625,678.7784423828125,1233.6119384765625,657.4902038574219,23.121826171875,42.57647705078125
IMG_0028.mp4,454,15.133333333333333,30.0,216,1,traffic_lights,0.5947880148887634,1255.7322998046875,526.73095703125,1268.187255859375,562.5239868164062,1261.9597778320312,544.6274719238281,12.4549560546875,35.79302978515625
IMG_0028.mp4,454,15.133333333333333,30.0,177,1,traffic_lights,0.8947758674621582,1331.105224609375,423.6838073730469,1426.79736328125,552.7569580078125,1378.9512939453125,488.2203826904297,95.692138671875,129.07315063476562
IMG_0028.mp4,454,15.133333333333333,30.0,229,1,traffic_lights,0.5016891956329346,1435.1690673828125,448.230712890625,1472.2579345703125,548.5751342773438,1453.7135009765625,498.4029235839844,37.0888671875,100.34442138671875
IMG_0028.mp4,454,15.133333333333333,30.0,176,2,traffic_signs,0.4371855854988098,1320.703125,608.735595703125,1349.923583984375,649.6101684570312,1335.3133544921875,629.1728820800781,29.220458984375,40.87457275390625
IMG_0028.mp4,455,15.166666666666666,30.0,159,2,traffic_signs,0.7828141450881958,1223.4564208984375,634.2698974609375,1246.439453125,676.54296875,1234.9479370117188,655.4064331054688,22.9830322265625,42.2730712890625
IMG_0028.mp4,455,15.166666666666666,30.0,216,1,traffic_lights,0.5875292420387268,1256.5223388671875,524.8465576171875,1268.9638671875,561.1962890625,1262.7431030273438,543.0214233398438,12.4415283203125,36.3497314453125
IMG_0028.mp4,455,15.166666666666666,30.0,177,1,traffic_lights,0.8336696028709412,1334.2340087890625,418.880615234375,1430.8486328125,548.4024047851562,1382.5413208007812,483.6415100097656,96.6146240234375,129.52178955078125
IMG_0028.mp4,455,15.166666666666666,30.0,229,1,traffic_lights,0.2975373864173889,1438.676513671875,448.10736083984375,1478.713134765625,543.9927978515625,1458.69482421875,496.0500793457031,40.03662109375,95.88543701171875
IMG_0028.mp4,456,15.2,30.0,159,2,traffic_signs,0.8891251683235168,1224.3714599609375,633.6544799804688,1247.4681396484375,675.8909301757812,1235.9197998046875,654.772705078125,23.0966796875,42.2364501953125
IMG_0028.mp4,456,15.2,30.0,216,1,traffic_lights,0.4869042932987213,1257.22265625,523.7022094726562,1269.5443115234375,560.3186645507812,1263.3834838867188,542.0104370117188,12.3216552734375,36.616455078125
IMG_0028.mp4,456,15.2,30.0,177,1,traffic_lights,0.8574471473693848,1337.064453125,414.0251159667969,1436.548095703125,544.3624877929688,1386.8062744140625,479.1938018798828,99.483642578125,130.33737182617188
IMG_0028.mp4,456,15.2,30.0,229,1,traffic_lights,0.5360276103019714,1444.460205078125,443.9965515136719,1485.52880859375,540.2150268554688,1464.9945068359375,492.1057891845703,41.068603515625,96.21847534179688
IMG_0028.mp4,457,15.233333333333333,30.0,159,2,traffic_signs,0.8924784064292908,1225.698974609375,634.4143676757812,1248.7178955078125,677.3106079101562,1237.2084350585938,655.8624877929688,23.0189208984375,42.896240234375
IMG_0028.mp4,457,15.233333333333333,30.0,216,1,traffic_lights,0.5082747340202332,1258.8328857421875,524.2886352539062,1270.8333740234375,561.0626831054688,1264.8331298828125,542.6756591796875,12.00048828125,36.7740478515625
IMG_0028.mp4,457,15.233333333333333,30.0,177,1,traffic_lights,0.9037266969680786,1341.60107421875,409.8631286621094,1441.9718017578125,542.6768798828125,1391.7864379882812,476.27000427246094,100.3707275390625,132.81375122070312
IMG_0028.mp4,457,15.233333333333333,30.0,229,1,traffic_lights,0.4966096580028534,1451.019287109375,442.284912109375,1492.788330078125,538.5542602539062,1471.90380859375,490.4195861816406,41.76904296875,96.26934814453125
IMG_0028.mp4,458,15.266666666666667,30.0,159,2,traffic_signs,0.8944759368896484,1226.3157958984375,632.8490600585938,1249.4063720703125,676.014892578125,1237.861083984375,654.4319763183594,23.090576171875,43.16583251953125
IMG_0028.mp4,458,15.266666666666667,30.0,216,1,traffic_lights,0.28489112854003906,1258.9449462890625,523.091796875,1271.0548095703125,559.8709106445312,1264.9998779296875,541.4813537597656,12.10986328125,36.77911376953125
IMG_0028.mp4,458,15.266666666666667,30.0,177,1,traffic_lights,0.9290473461151123,1345.3111572265625,405.95196533203125,1446.849853515625,540.33642578125,1396.0805053710938,473.1441955566406,101.5386962890625,134.38446044921875
IMG_0028.mp4,458,15.266666666666667,30.0,232,2,traffic_signs,0.41671308875083923,16.39791488647461,674.8255615234375,27.1682186126709,698.0288696289062,21.783066749572754,686.4272155761719,10.770303726196289,23.20330810546875
IMG_0028.mp4,459,15.3,30.0,159,2,traffic_signs,0.9194297790527344,1227.697509765625,630.1509399414062,1251.4471435546875,673.7859497070312,1239.5723266601562,651.9684448242188,23.7496337890625,43.635009765625
IMG_0028.mp4,459,15.3,30.0,216,1,traffic_lights,0.3674234449863434,1259.4447021484375,520.4263916015625,1272.138916015625,557.6851196289062,1265.7918090820312,539.0557556152344,12.6942138671875,37.25872802734375
IMG_0028.mp4,459,15.3,30.0,177,1,traffic_lights,0.8323439359664917,1349.7706298828125,399.0289306640625,1451.7060546875,536.4160766601562,1400.7383422851562,467.7225036621094,101.9354248046875,137.38714599609375
IMG_0028.mp4,460,15.333333333333334,30.0,159,2,traffic_signs,0.909287691116333,1229.5230712890625,630.1631469726562,1253.6546630859375,674.485107421875,1241.5888671875,652.3241271972656,24.131591796875,44.32196044921875
IMG_0028.mp4,460,15.333333333333334,30.0,216,1,traffic_lights,0.4564324617385864,1260.3583984375,520.1546020507812,1273.6053466796875,557.216064453125,1266.9818725585938,538.6853332519531,13.2469482421875,37.06146240234375
IMG_0028.mp4,460,15.333333333333334,30.0,177,1,traffic_lights,0.4067895710468292,1355.67724609375,393.86114501953125,1457.4476318359375,533.9725341796875,1406.5624389648438,463.9168395996094,101.7703857421875,140.11138916015625
IMG_0028.mp4,461,15.366666666666667,30.0,159,2,traffic_signs,0.9124915599822998,1230.769287109375,630.9114990234375,1255.1888427734375,675.2716674804688,1242.9790649414062,653.0915832519531,24.4195556640625,44.36016845703125
IMG_0028.mp4,461,15.366666666666667,30.0,216,1,traffic_lights,0.5222295522689819,1261.0645751953125,520.477783203125,1275.12109375,558.3739624023438,1268.0928344726562,539.4258728027344,14.0565185546875,37.89617919921875
IMG_0028.mp4,461,15.366666666666667,30.0,177,1,traffic_lights,0.905694842338562,1360.442626953125,389.41961669921875,1464.1834716796875,532.5927124023438,1412.3130493164062,461.00616455078125,103.7408447265625,143.173095703125
IMG_0028.mp4,461,15.366666666666667,30.0,232,2,traffic_signs,0.3112415075302124,8.884510040283203,674.892822265625,19.928279876708984,697.68212890625,14.406394958496094,686.2874755859375,11.043769836425781,22.789306640625
IMG_0028.mp4,462,15.4,30.0,159,2,traffic_signs,0.9091224074363708,1231.790771484375,629.2396240234375,1256.1656494140625,673.7536010742188,1243.9782104492188,651.4966125488281,24.3748779296875,44.51397705078125
IMG_0028.mp4,462,15.4,30.0,216,1,traffic_lights,0.5510936975479126,1261.3404541015625,518.7564086914062,1276.1968994140625,556.7600708007812,1268.7686767578125,537.7582397460938,14.8564453125,38.003662109375
IMG_0028.mp4,462,15.4,30.0,177,1,traffic_lights,0.9373112916946411,1365.7843017578125,384.33917236328125,1470.861083984375,528.96484375,1418.3226928710938,456.6520080566406,105.0767822265625,144.62567138671875
IMG_0028.mp4,463,15.433333333333334,30.0,159,2,traffic_signs,0.9004120826721191,1233.0006103515625,627.8290405273438,1257.6187744140625,672.447265625,1245.3096923828125,650.1381530761719,24.6181640625,44.61822509765625
IMG_0028.mp4,463,15.433333333333334,30.0,216,1,traffic_lights,0.7122052311897278,1261.879638671875,516.65234375,1277.3216552734375,554.8436279296875,1269.6006469726562,535.7479858398438,15.4420166015625,38.1912841796875
IMG_0028.mp4,463,15.433333333333334,30.0,177,1,traffic_lights,0.9498706459999084,1370.2730712890625,377.89727783203125,1476.9442138671875,525.1715698242188,1423.608642578125,451.534423828125,106.671142578125,147.2742919921875
IMG_0028.mp4,464,15.466666666666667,30.0,159,2,traffic_signs,0.8506354689598083,1234.3333740234375,628.0171508789062,1259.194091796875,672.6546020507812,1246.7637329101562,650.3358764648438,24.8607177734375,44.637451171875
IMG_0028.mp4,464,15.466666666666667,30.0,216,1,traffic_lights,0.7306826710700989,1262.960205078125,516.41748046875,1278.584716796875,554.9572143554688,1270.7724609375,535.6873474121094,15.62451171875,38.53973388671875
IMG_0028.mp4,464,15.466666666666667,30.0,177,1,traffic_lights,0.9351336359977722,1373.911865234375,373.2472839355469,1483.7906494140625,521.0046997070312,1428.8512573242188,447.12599182128906,109.8787841796875,147.75741577148438
IMG_0028.mp4,465,15.5,30.0,159,2,traffic_signs,0.9182562828063965,1235.604248046875,628.1549682617188,1260.095703125,673.02587890625,1247.8499755859375,650.5904235839844,24.491455078125,44.87091064453125
IMG_0028.mp4,465,15.5,30.0,216,1,traffic_lights,0.6176847219467163,1263.833740234375,516.1381225585938,1279.7930908203125,555.4761352539062,1271.8134155273438,535.80712890625,15.9593505859375,39.3380126953125
IMG_0028.mp4,465,15.5,30.0,177,1,traffic_lights,0.9452282786369324,1378.1495361328125,368.0567932128906,1491.4798583984375,519.183837890625,1434.814697265625,443.6203155517578,113.330322265625,151.12704467773438
IMG_0028.mp4,465,15.5,30.0,237,2,traffic_signs,0.5638006329536438,1630.135986328125,592.536865234375,1645.0772705078125,649.7841186523438,1637.6066284179688,621.1604919433594,14.9412841796875,57.24725341796875
IMG_0028.mp4,466,15.533333333333333,30.0,159,2,traffic_signs,0.9263611435890198,1236.5772705078125,626.6304931640625,1261.11279296875,671.4401245117188,1248.8450317382812,649.0353088378906,24.5355224609375,44.80963134765625
IMG_0028.mp4,466,15.533333333333333,30.0,216,1,traffic_lights,0.7327035665512085,1264.1490478515625,514.3023071289062,1280.572998046875,553.9952392578125,1272.3610229492188,534.1487731933594,16.4239501953125,39.69293212890625
IMG_0028.mp4,466,15.533333333333333,30.0,177,1,traffic_lights,0.7760456204414368,1381.4014892578125,363.1150207519531,1498.2755126953125,515.3930053710938,1439.8385009765625,439.25401306152344,116.8740234375,152.27798461914062
IMG_0028.mp4,466,15.533333333333333,30.0,176,2,traffic_signs,0.37431731820106506,1351.533203125,594.1342163085938,1381.885986328125,647.7714233398438,1366.7095947265625,620.9528198242188,30.352783203125,53.63720703125
IMG_0028.mp4,467,15.566666666666666,30.0,159,2,traffic_signs,0.6091529726982117,1237.8372802734375,625.7272338867188,1262.4989013671875,670.9454345703125,1250.1680908203125,648.3363342285156,24.66162109375,45.21820068359375
IMG_0028.mp4,467,15.566666666666666,30.0,216,1,traffic_lights,0.7712947130203247,1264.9765625,512.8137817382812,1281.486083984375,552.9471435546875,1273.2313232421875,532.8804626464844,16.509521484375,40.13336181640625
IMG_0028.mp4,467,15.566666666666666,30.0,177,1,traffic_lights,0.9235280156135559,1388.5123291015625,357.0663146972656,1504.8634033203125,512.3849487304688,1446.6878662109375,434.7256317138672,116.35107421875,155.31863403320312
IMG_0028.mp4,468,15.6,30.0,159,2,traffic_signs,0.9225358366966248,1239.68505859375,626.0271606445312,1264.319580078125,671.5155639648438,1252.0023193359375,648.7713623046875,24.634521484375,45.4884033203125
IMG_0028.mp4,468,15.6,30.0,216,1,traffic_lights,0.720866858959198,1266.8807373046875,513.1040649414062,1283.1268310546875,553.1280517578125,1275.0037841796875,533.1160583496094,16.24609375,40.02398681640625
IMG_0028.mp4,468,15.6,30.0,177,1,traffic_lights,0.9350126385688782,1396.1561279296875,350.81304931640625,1511.4764404296875,509.8597106933594,1453.8162841796875,430.3363800048828,115.3203125,159.04666137695312
IMG_0028.mp4,469,15.633333333333333,30.0,159,2,traffic_signs,0.9238072633743286,1240.8394775390625,625.8422241210938,1265.7618408203125,671.5785522460938,1253.3006591796875,648.7103881835938,24.92236328125,45.736328125
IMG_0028.mp4,469,15.633333333333333,30.0,216,1,traffic_lights,0.7429203391075134,1267.957275390625,512.9608764648438,1284.097900390625,552.9102172851562,1276.027587890625,532.935546875,16.140625,39.9493408203125
IMG_0028.mp4,469,15.633333333333333,30.0,177,1,traffic_lights,0.8855223655700684,1401.6527099609375,345.742919921875,1520.0240478515625,507.6174011230469,1460.83837890625,426.68016052246094,118.371337890625,161.87448120117188
IMG_0028.mp4,470,15.666666666666666,30.0,159,2,traffic_signs,0.9061553478240967,1242.280029296875,623.9730224609375,1267.8311767578125,670.3411865234375,1255.0556030273438,647.1571044921875,25.5511474609375,46.3681640625
IMG_0028.mp4,470,15.666666666666666,30.0,216,1,traffic_lights,0.7338793873786926,1269.9549560546875,510.656005859375,1285.055908203125,550.9998168945312,1277.5054321289062,530.8279113769531,15.1009521484375,40.34381103515625
IMG_0028.mp4,470,15.666666666666666,30.0,177,1,traffic_lights,0.9166247844696045,1407.0849609375,339.88726806640625,1527.99365234375,502.98223876953125,1467.539306640625,421.43475341796875,120.90869140625,163.094970703125
IMG_0028.mp4,470,15.666666666666666,30.0,176,2,traffic_signs,0.4636647701263428,1360.11279296875,588.3631591796875,1388.3131103515625,648.130859375,1374.2129516601562,618.2470092773438,28.2003173828125,59.7677001953125
IMG_0028.mp4,471,15.7,30.0,159,2,traffic_signs,0.926506757736206,1243.0263671875,624.2392578125,1269.0830078125,671.3448486328125,1256.0546875,647.7920532226562,26.056640625,47.1055908203125
IMG_0028.mp4,471,15.7,30.0,216,1,traffic_lights,0.7628594040870667,1270.1165771484375,511.0853271484375,1285.3720703125,551.2465209960938,1277.7443237304688,531.1659240722656,15.2554931640625,40.16119384765625
IMG_0028.mp4,471,15.7,30.0,176,2,traffic_signs,0.8632945418357849,1362.2481689453125,589.1880493164062,1390.6986083984375,648.1975708007812,1376.473388671875,618.6928100585938,28.450439453125,59.009521484375
IMG_0028.mp4,472,15.733333333333333,30.0,159,2,traffic_signs,0.9038857221603394,1244.1331787109375,623.7025146484375,1270.318359375,670.815673828125,1257.2257690429688,647.2590942382812,26.1851806640625,47.1131591796875
IMG_0028.mp4,472,15.733333333333333,30.0,216,1,traffic_lights,0.7743011713027954,1270.7662353515625,510.8087463378906,1286.0872802734375,550.6865844726562,1278.4267578125,530.7476654052734,15.321044921875,39.877838134765625
IMG_0028.mp4,472,15.733333333333333,30.0,176,2,traffic_signs,0.8605302572250366,1364.798828125,588.580322265625,1392.4586181640625,647.0211791992188,1378.6287231445312,617.8007507324219,27.6597900390625,58.44085693359375
IMG_0028.mp4,472,15.733333333333333,30.0,177,1,traffic_lights,0.5115442872047424,1418.796142578125,327.7447814941406,1543.957275390625,495.4850158691406,1481.376708984375,411.6148986816406,125.1611328125,167.740234375
IMG_0028.mp4,473,15.766666666666667,30.0,159,2,traffic_signs,0.9282993078231812,1246.2694091796875,622.5147705078125,1272.174072265625,668.5372314453125,1259.2217407226562,645.5260009765625,25.9046630859375,46.0224609375
IMG_0028.mp4,473,15.766666666666667,30.0,216,1,traffic_lights,0.8080176115036011,1272.4163818359375,509.5152282714844,1287.6141357421875,549.5314331054688,1280.0152587890625,529.5233306884766,15.19775390625,40.016204833984375
IMG_0028.mp4,473,15.766666666666667,30.0,176,2,traffic_signs,0.7880250215530396,1368.8863525390625,587.12353515625,1396.1710205078125,645.574462890625,1382.5286865234375,616.3489990234375,27.28466796875,58.450927734375
IMG_0028.mp4,474,15.8,30.0,159,2,traffic_signs,0.8919979929924011,1247.322509765625,622.65966796875,1272.7418212890625,668.7728271484375,1260.0321655273438,645.7162475585938,25.4193115234375,46.1131591796875
IMG_0028.mp4,474,15.8,30.0,216,1,traffic_lights,0.7933247685432434,1272.9765625,509.4092102050781,1288.3961181640625,549.767333984375,1280.6863403320312,529.5882720947266,15.4195556640625,40.358123779296875
IMG_0028.mp4,474,15.8,30.0,176,2,traffic_signs,0.5714466571807861,1371.5701904296875,586.2235717773438,1401.5858154296875,644.8182983398438,1386.5780029296875,615.5209350585938,30.015625,58.5947265625
IMG_0028.mp4,475,15.833333333333334,30.0,159,2,traffic_signs,0.897763729095459,1248.408203125,622.3483276367188,1274.0980224609375,668.9786987304688,1261.2531127929688,645.6635131835938,25.6898193359375,46.63037109375
IMG_0028.mp4,475,15.833333333333334,30.0,216,1,traffic_lights,0.7775988578796387,1273.8880615234375,508.9150085449219,1289.1500244140625,549.8790283203125,1281.51904296875,529.3970184326172,15.261962890625,40.964019775390625
IMG_0028.mp4,475,15.833333333333334,30.0,176,2,traffic_signs,0.6266832947731018,1374.671142578125,585.6529541015625,1405.339111328125,643.537353515625,1390.005126953125,614.5951538085938,30.66796875,57.8843994140625
IMG_0028.mp4,476,15.866666666666667,30.0,159,2,traffic_signs,0.8947945833206177,1250.0882568359375,620.4593505859375,1276.061279296875,667.7078247070312,1263.0747680664062,644.0835876464844,25.9730224609375,47.24847412109375
IMG_0028.mp4,476,15.866666666666667,30.0,216,1,traffic_lights,0.7604445219039917,1275.349853515625,507.39251708984375,1290.9024658203125,548.3172607421875,1283.1261596679688,527.8548889160156,15.5526123046875,40.92474365234375
IMG_0028.mp4,477,15.9,30.0,159,2,traffic_signs,0.9015320539474487,1251.8106689453125,618.4349365234375,1278.391845703125,667.0036010742188,1265.1012573242188,642.7192687988281,26.5811767578125,48.56866455078125
IMG_0028.mp4,477,15.9,30.0,216,1,traffic_lights,0.7108990550041199,1276.364990234375,505.3277893066406,1293.0032958984375,546.5009765625,1284.6841430664062,525.9143829345703,16.6383056640625,41.173187255859375
IMG_0028.mp4,478,15.933333333333334,30.0,159,2,traffic_signs,0.8956933617591858,1253.2005615234375,619.0745849609375,1280.263427734375,668.3114013671875,1266.7319946289062,643.6929931640625,27.0628662109375,49.23681640625
IMG_0028.mp4,478,15.933333333333334,30.0,216,1,traffic_lights,0.8096904158592224,1277.7998046875,505.71185302734375,1294.5858154296875,546.7537841796875,1286.1928100585938,526.2328186035156,16.7860107421875,41.04193115234375
IMG_0028.mp4,478,15.933333333333334,30.0,176,2,traffic_signs,0.6375874280929565,1385.7733154296875,582.7332153320312,1416.768310546875,642.1775512695312,1401.2708129882812,612.4553833007812,30.9949951171875,59.4443359375
IMG_0028.mp4,479,15.966666666666667,30.0,159,2,traffic_signs,0.9051355719566345,1254.298828125,618.5528564453125,1281.5430908203125,667.6725463867188,1267.9209594726562,643.1127014160156,27.2442626953125,49.11968994140625
IMG_0028.mp4,479,15.966666666666667,30.0,216,1,traffic_lights,0.7995065450668335,1278.5867919921875,505.4565734863281,1295.513916015625,545.9337158203125,1287.0503540039062,525.6951446533203,16.9271240234375,40.477142333984375
IMG_0028.mp4,479,15.966666666666667,30.0,176,2,traffic_signs,0.6236712336540222,1388.5699462890625,581.125244140625,1419.3140869140625,640.9368286132812,1403.9420166015625,611.0310363769531,30.744140625,59.81158447265625
IMG_0028.mp4,480,16.0,30.0,159,2,traffic_signs,0.9095513820648193,1255.9012451171875,616.5379028320312,1283.2310791015625,665.2907104492188,1269.566162109375,640.914306640625,27.329833984375,48.7528076171875
IMG_0028.mp4,480,16.0,30.0,216,1,traffic_lights,0.7857488393783569,1279.64208984375,504.21185302734375,1296.522216796875,544.2684936523438,1288.0821533203125,524.2401733398438,16.880126953125,40.056640625
IMG_0028.mp4,480,16.0,30.0,176,2,traffic_signs,0.8450505137443542,1391.9510498046875,577.4547729492188,1422.83154296875,639.464111328125,1407.3912963867188,608.4594421386719,30.8804931640625,62.00933837890625
IMG_0028.mp4,481,16.033333333333335,30.0,159,2,traffic_signs,0.913588285446167,1257.5933837890625,616.9302368164062,1284.690185546875,664.4710083007812,1271.1417846679688,640.7006225585938,27.0968017578125,47.540771484375
IMG_0028.mp4,481,16.033333333333335,30.0,216,1,traffic_lights,0.77350252866745,1281.0081787109375,503.43603515625,1297.332763671875,543.836669921875,1289.1704711914062,523.6363525390625,16.3245849609375,40.400634765625
IMG_0028.mp4,481,16.033333333333335,30.0,176,2,traffic_signs,0.7313700914382935,1395.1944580078125,575.728759765625,1426.8941650390625,640.2908935546875,1411.0443115234375,608.0098266601562,31.69970703125,64.5621337890625
IMG_0028.mp4,482,16.066666666666666,30.0,159,2,traffic_signs,0.9026435613632202,1258.974609375,617.3670043945312,1285.6375732421875,665.0603637695312,1272.3060913085938,641.2136840820312,26.6629638671875,47.693359375
IMG_0028.mp4,482,16.066666666666666,30.0,216,1,traffic_lights,0.787891149520874,1281.948486328125,502.83056640625,1298.0260009765625,543.8353881835938,1289.9872436523438,523.3329772949219,16.0775146484375,41.00482177734375
IMG_0028.mp4,482,16.066666666666666,30.0,176,2,traffic_signs,0.8198227882385254,1398.5538330078125,575.3994140625,1430.0894775390625,640.9303588867188,1414.3216552734375,608.1648864746094,31.53564453125,65.53094482421875
IMG_0028.mp4,483,16.1,30.0,159,2,traffic_signs,0.8993193507194519,1260.857666015625,616.539306640625,1287.3193359375,664.3064575195312,1274.0885009765625,640.4228820800781,26.461669921875,47.76715087890625
IMG_0028.mp4,483,16.1,30.0,216,1,traffic_lights,0.8008356094360352,1282.9627685546875,501.60955810546875,1298.8026123046875,543.3761596679688,1290.8826904296875,522.4928588867188,15.83984375,41.7666015625
IMG_0028.mp4,483,16.1,30.0,176,2,traffic_signs,0.8948807716369629,1401.859130859375,573.764404296875,1433.58349609375,639.9346923828125,1417.7213134765625,606.8495483398438,31.724365234375,66.1702880859375
IMG_0028.mp4,484,16.133333333333333,30.0,159,2,traffic_signs,0.9131145477294922,1261.667236328125,614.2566528320312,1288.9754638671875,662.7859497070312,1275.3213500976562,638.5213012695312,27.3082275390625,48.529296875
IMG_0028.mp4,484,16.133333333333333,30.0,216,1,traffic_lights,0.7889108061790466,1283.0767822265625,499.8407897949219,1299.719970703125,541.5927124023438,1291.3983764648438,520.7167510986328,16.6431884765625,41.751922607421875
IMG_0028.mp4,484,16.133333333333333,30.0,176,2,traffic_signs,0.7060701251029968,1405.394775390625,571.2879638671875,1436.688720703125,637.7962036132812,1421.041748046875,604.5420837402344,31.2939453125,66.50823974609375
IMG_0028.mp4,485,16.166666666666668,30.0,159,2,traffic_signs,0.9372227191925049,1262.834228515625,613.1060791015625,1290.8602294921875,662.7942504882812,1276.8472290039062,637.9501647949219,28.0260009765625,49.68817138671875
IMG_0028.mp4,485,16.166666666666668,30.0,216,1,traffic_lights,0.8033621311187744,1283.866943359375,499.4297790527344,1301.5244140625,541.0704956054688,1292.6956787109375,520.2501373291016,17.657470703125,41.640716552734375
IMG_0028.mp4,485,16.166666666666668,30.0,176,2,traffic_signs,0.8105653524398804,1408.4937744140625,570.0548095703125,1439.7532958984375,637.0408325195312,1424.12353515625,603.5478210449219,31.259521484375,66.98602294921875
IMG_0028.mp4,486,16.2,30.0,159,2,traffic_signs,0.9362291693687439,1264.4970703125,613.029052734375,1292.7950439453125,663.6906127929688,1278.6460571289062,638.3598327636719,28.2979736328125,50.66156005859375
IMG_0028.mp4,486,16.2,30.0,216,1,traffic_lights,0.7850879430770874,1285.1513671875,499.4263000488281,1303.146240234375,541.4700317382812,1294.1488037109375,520.4481658935547,17.994873046875,42.043731689453125
IMG_0028.mp4,486,16.2,30.0,176,2,traffic_signs,0.8538739681243896,1411.877685546875,570.6773681640625,1443.127197265625,637.8682250976562,1427.50244140625,604.2727966308594,31.24951171875,67.19085693359375
IMG_0028.mp4,487,16.233333333333334,30.0,159,2,traffic_signs,0.9336426854133606,1265.5191650390625,612.6571044921875,1294.0543212890625,663.9691162109375,1279.7867431640625,638.3131103515625,28.53515625,51.31201171875
IMG_0028.mp4,487,16.233333333333334,30.0,216,1,traffic_lights,0.7689855694770813,1285.369140625,498.8013610839844,1304.1087646484375,541.27685546875,1294.7389526367188,520.0391082763672,18.7396240234375,42.475494384765625
IMG_0028.mp4,487,16.233333333333334,30.0,176,2,traffic_signs,0.6980344653129578,1415.200439453125,568.998046875,1446.5865478515625,637.2658081054688,1430.8934936523438,603.1319274902344,31.3861083984375,68.26776123046875
IMG_0028.mp4,488,16.266666666666666,30.0,159,2,traffic_signs,0.9286928772926331,1267.410888671875,611.8382568359375,1295.7960205078125,662.6472778320312,1281.6034545898438,637.2427673339844,28.3851318359375,50.80902099609375
IMG_0028.mp4,488,16.266666666666666,30.0,216,1,traffic_lights,0.699620246887207,1286.819580078125,497.4532165527344,1305.0887451171875,540.2070922851562,1295.9541625976562,518.8301544189453,18.2691650390625,42.753875732421875
IMG_0028.mp4,488,16.266666666666666,30.0,176,2,traffic_signs,0.4944860637187958,1418.9007568359375,566.79931640625,1450.1717529296875,635.2828369140625,1434.5362548828125,601.0410766601562,31.27099609375,68.4835205078125
IMG_0028.mp4,489,16.3,30.0,159,2,traffic_signs,0.9212609529495239,1269.2423095703125,611.4749145507812,1297.481201171875,662.0271606445312,1283.3617553710938,636.7510375976562,28.2388916015625,50.55224609375
IMG_0028.mp4,489,16.3,30.0,216,1,traffic_lights,0.7022712826728821,1288.365966796875,495.4950866699219,1306.1278076171875,539.3746948242188,1297.2468872070312,517.4348907470703,17.7618408203125,43.879608154296875
IMG_0028.mp4,489,16.3,30.0,176,2,traffic_signs,0.30570390820503235,1423.293701171875,564.6082153320312,1453.8756103515625,633.9913940429688,1438.5846557617188,599.2998046875,30.5819091796875,69.3831787109375
IMG_0028.mp4,490,16.333333333333332,30.0,159,2,traffic_signs,0.9312233328819275,1270.63330078125,612.4690551757812,1298.5491943359375,663.2919311523438,1284.5912475585938,637.8804931640625,27.9158935546875,50.8228759765625
IMG_0028.mp4,490,16.333333333333332,30.0,216,1,traffic_lights,0.7491077780723572,1289.1229248046875,496.18719482421875,1306.9434814453125,540.2077026367188,1298.033203125,518.1974487304688,17.820556640625,44.0205078125
IMG_0028.mp4,490,16.333333333333332,30.0,176,2,traffic_signs,0.7432881593704224,1427.005126953125,564.0390625,1457.0179443359375,634.6151733398438,1442.0115356445312,599.3271179199219,30.0128173828125,70.57611083984375
IMG_0028.mp4,490,16.333333333333332,30.0,247,1,traffic_lights,0.6352087259292603,97.24161529541016,543.289306640625,121.09788513183594,576.5582275390625,109.16975021362305,559.9237670898438,23.85626983642578,33.2689208984375
IMG_0028.mp4,491,16.366666666666667,30.0,159,2,traffic_signs,0.9387614727020264,1271.6083984375,611.4885864257812,1300.2672119140625,662.772705078125,1285.9378051757812,637.1306457519531,28.6588134765625,51.28411865234375
IMG_0028.mp4,491,16.366666666666667,30.0,216,1,traffic_lights,0.6560686826705933,1289.9759521484375,495.8215637207031,1307.958740234375,539.6671142578125,1298.9673461914062,517.7443389892578,17.9827880859375,43.845550537109375
IMG_0028.mp4,491,16.366666666666667,30.0,176,2,traffic_signs,0.45408371090888977,1430.152099609375,563.718017578125,1460.419677734375,633.3704223632812,1445.285888671875,598.5442199707031,30.267578125,69.65240478515625
IMG_0028.mp4,491,16.366666666666667,30.0,247,1,traffic_lights,0.7329171895980835,95.93556213378906,543.0850219726562,118.84903717041016,576.0198974609375,107.39229965209961,559.5524597167969,22.913475036621094,32.93487548828125
IMG_0028.mp4,492,16.4,30.0,159,2,traffic_signs,0.9320910573005676,1272.85400390625,608.8369140625,1302.11181640625,661.7721557617188,1287.48291015625,635.3045349121094,29.2578125,52.93524169921875
IMG_0028.mp4,492,16.4,30.0,216,1,traffic_lights,0.6427332162857056,1290.970703125,493.6309509277344,1309.132568359375,537.8696899414062,1300.0516357421875,515.7503204345703,18.161865234375,44.238739013671875
IMG_0028.mp4,492,16.4,30.0,176,2,traffic_signs,0.8215981721878052,1433.743896484375,560.7068481445312,1465.1015625,630.5131225585938,1449.4227294921875,595.6099853515625,31.357666015625,69.8062744140625
IMG_0028.mp4,492,16.4,30.0,247,1,traffic_lights,0.723879337310791,93.5022201538086,541.35302734375,113.77490234375,573.8241577148438,103.6385612487793,557.5885925292969,20.272682189941406,32.47113037109375
IMG_0028.mp4,493,16.433333333333334,30.0,159,2,traffic_signs,0.9456768035888672,1274.140869140625,608.1986083984375,1303.72509765625,662.0250244140625,1288.9329833984375,635.11181640625,29.584228515625,53.826416015625
IMG_0028.mp4,493,16.433333333333334,30.0,216,1,traffic_lights,0.7099061012268066,1291.671630859375,492.9320983886719,1309.8465576171875,537.048095703125,1300.7590942382812,514.9900970458984,18.1749267578125,44.115997314453125
IMG_0028.mp4,493,16.433333333333334,30.0,176,2,traffic_signs,0.8929849863052368,1437.7423095703125,559.773193359375,1468.4991455078125,630.6029052734375,1453.1207275390625,595.1880493164062,30.7568359375,70.8297119140625
IMG_0028.mp4,493,16.433333333333334,30.0,247,1,traffic_lights,0.6017695665359497,91.64398193359375,540.5531616210938,114.16272735595703,573.08740234375,102.90335464477539,556.8202819824219,22.51874542236328,32.53424072265625
IMG_0028.mp4,494,16.466666666666665,30.0,159,2,traffic_signs,0.8482420444488525,1276.124755859375,608.3628540039062,1305.2760009765625,661.7245483398438,1290.7003784179688,635.043701171875,29.1512451171875,53.3616943359375
IMG_0028.mp4,494,16.466666666666665,30.0,216,1,traffic_lights,0.7447368502616882,1292.4345703125,492.8999328613281,1310.5140380859375,537.3472290039062,1301.4743041992188,515.1235809326172,18.0794677734375,44.447296142578125
IMG_0028.mp4,494,16.466666666666665,30.0,176,2,traffic_signs,0.9027232527732849,1442.1143798828125,559.56396484375,1472.2247314453125,631.2921142578125,1457.1695556640625,595.4280395507812,30.1103515625,71.7281494140625
IMG_0028.mp4,494,16.466666666666665,30.0,247,1,traffic_lights,0.6837507486343384,89.8669662475586,540.7232666015625,116.55509948730469,574.0584106445312,103.21103286743164,557.3908386230469,26.688133239746094,33.33514404296875
IMG_0028.mp4,495,16.5,30.0,159,2,traffic_signs,0.9447519183158875,1277.3687744140625,608.608642578125,1306.640380859375,661.8402099609375,1292.0045776367188,635.2244262695312,29.2716064453125,53.2315673828125
IMG_0028.mp4,495,16.5,30.0,216,1,traffic_lights,0.771513819694519,1293.0322265625,492.7274475097656,1311.44091796875,537.3590087890625,1302.236572265625,515.0432281494141,18.40869140625,44.631561279296875
IMG_0028.mp4,495,16.5,30.0,176,2,traffic_signs,0.8642283082008362,1445.51171875,558.1395874023438,1475.6495361328125,630.9359741210938,1460.5806274414062,594.5377807617188,30.1378173828125,72.79638671875
IMG_0028.mp4,495,16.5,30.0,247,1,traffic_lights,0.7483469247817993,88.24897003173828,540.7034912109375,118.98544311523438,574.6909790039062,103.61720657348633,557.6972351074219,30.736473083496094,33.98748779296875
IMG_0028.mp4,496,16.533333333333335,30.0,159,2,traffic_signs,0.9373507499694824,1278.6533203125,607.0706787109375,1308.460205078125,660.512451171875,1293.5567626953125,633.7915649414062,29.806884765625,53.4417724609375
IMG_0028.mp4,496,16.533333333333335,30.0,216,1,traffic_lights,0.6948301196098328,1293.70361328125,491.11053466796875,1312.0997314453125,535.6932373046875,1302.9016723632812,513.4018859863281,18.3961181640625,44.58270263671875
IMG_0028.mp4,496,16.533333333333335,30.0,176,2,traffic_signs,0.34731417894363403,1450.3758544921875,555.9600830078125,1479.1485595703125,628.9469604492188,1464.76220703125,592.4535217285156,28.772705078125,72.98687744140625
IMG_0028.mp4,496,16.533333333333335,30.0,247,1,traffic_lights,0.6132736206054688,86.11740112304688,538.7808837890625,116.91231536865234,573.0237426757812,101.51485824584961,555.9023132324219,30.79491424560547,34.24285888671875
IMG_0028.mp4,497,16.566666666666666,30.0,159,2,traffic_signs,0.9306226968765259,1280.40185546875,604.4529418945312,1310.4466552734375,659.572998046875,1295.4242553710938,632.0129699707031,30.0447998046875,55.12005615234375
IMG_0028.mp4,497,16.566666666666666,30.0,216,1,traffic_lights,0.7417438626289368,1295.34619140625,489.2413024902344,1313.4879150390625,533.9955444335938,1304.4170532226562,511.61842346191406,18.1417236328125,44.754241943359375
IMG_0028.mp4,497,16.566666666666666,30.0,247,1,traffic_lights,0.6459070444107056,83.76055145263672,536.6761474609375,118.89573669433594,571.9578857421875,101.32814407348633,554.3170166015625,35.13518524169922,35.28173828125
IMG_0028.mp4,498,16.6,30.0,159,2,traffic_signs,0.927698016166687,1282.105712890625,604.1669311523438,1312.6864013671875,660.7252197265625,1297.3960571289062,632.4460754394531,30.5806884765625,56.55828857421875
IMG_0028.mp4,498,16.6,30.0,216,1,traffic_lights,0.7626919150352478,1296.8038330078125,488.778076171875,1315.1802978515625,533.6345825195312,1305.9920654296875,511.2063293457031,18.37646484375,44.85650634765625
IMG_0028.mp4,498,16.6,30.0,247,1,traffic_lights,0.40131011605262756,81.71890258789062,536.984130859375,117.90277099609375,572.1151733398438,99.81083679199219,554.5496520996094,36.183868408203125,35.13104248046875
IMG_0028.mp4,498,16.6,30.0,176,2,traffic_signs,0.5872833132743835,1458.59423828125,552.8931274414062,1487.620849609375,626.4259033203125,1473.1075439453125,589.6595153808594,29.026611328125,73.53277587890625
IMG_0028.mp4,499,16.633333333333333,30.0,159,2,traffic_signs,0.9321956038475037,1283.66455078125,604.2216186523438,1314.3214111328125,661.5715942382812,1298.9929809570312,632.8966064453125,30.6568603515625,57.3499755859375
IMG_0028.mp4,499,16.633333333333333,30.0,216,1,traffic_lights,0.7336855530738831,1297.8299560546875,488.97442626953125,1315.8170166015625,533.593017578125,1306.823486328125,511.2837219238281,17.987060546875,44.61859130859375
IMG_0028.mp4,499,16.633333333333333,30.0,247,1,traffic_lights,0.6340628266334534,79.09559631347656,538.119140625,114.4654769897461,572.231689453125,96.78053665161133,555.1754150390625,35.36988067626953,34.112548828125
IMG_0028.mp4,499,16.633333333333333,30.0,176,2,traffic_signs,0.30519142746925354,1463.76123046875,551.6072387695312,1491.622314453125,626.29833984375,1477.6917724609375,588.9527893066406,27.861083984375,74.69110107421875
IMG_0028.mp4,500,16.666666666666668,30.0,159,2,traffic_signs,0.9331929087638855,1284.9638671875,602.380126953125,1315.9757080078125,660.1618041992188,1300.4697875976562,631.2709655761719,31.0118408203125,57.78167724609375
IMG_0028.mp4,500,16.666666666666668,30.0,216,1,traffic_lights,0.7224053740501404,1299.0203857421875,487.6678466796875,1316.57470703125,532.2518920898438,1307.7975463867188,509.9598693847656,17.5543212890625,44.58404541015625
IMG_0028.mp4,500,16.666666666666668,30.0,247,1,traffic_lights,0.4667518436908722,76.7979965209961,537.1343994140625,110.76000213623047,571.644775390625,93.77899932861328,554.3895874023438,33.962005615234375,34.5103759765625
IMG_0028.mp4,500,16.666666666666668,30.0,176,2,traffic_signs,0.4005680978298187,1467.458251953125,549.8262329101562,1495.2874755859375,624.4215087890625,1481.3728637695312,587.1238708496094,27.8292236328125,74.59527587890625
IMG_0028.mp4,501,16.7,30.0,159,2,traffic_signs,0.9345622062683105,1286.9764404296875,601.0264892578125,1318.143798828125,658.818359375,1302.5601196289062,629.9224243164062,31.1673583984375,57.7918701171875
IMG_0028.mp4,501,16.7,30.0,216,1,traffic_lights,0.818664014339447,1300.5380859375,485.9475402832031,1317.7021484375,530.8535766601562,1309.1201171875,508.4005584716797,17.1640625,44.906036376953125
IMG_0028.mp4,501,16.7,30.0,247,1,traffic_lights,0.47003287076950073,73.4087905883789,535.776611328125,104.84101104736328,570.6891479492188,89.1249008178711,553.2328796386719,31.432220458984375,34.91253662109375
IMG_0028.mp4,501,16.7,30.0,176,2,traffic_signs,0.33741459250450134,1472.4603271484375,547.9343872070312,1499.312255859375,622.6806640625,1485.8862915039062,585.3075256347656,26.8519287109375,74.74627685546875
IMG_0028.mp4,502,16.733333333333334,30.0,159,2,traffic_signs,0.9349813461303711,1289.4554443359375,600.6704711914062,1320.86767578125,658.3821411132812,1305.1615600585938,629.5263061523438,31.4122314453125,57.711669921875
IMG_0028.mp4,502,16.733333333333334,30.0,216,1,traffic_lights,0.7824082970619202,1302.594482421875,485.2030029296875,1319.657958984375,530.0027465820312,1311.126220703125,507.6028747558594,17.0634765625,44.79974365234375
IMG_0028.mp4,502,16.733333333333334,30.0,247,1,traffic_lights,0.7609148025512695,70.01165771484375,534.9744873046875,105.65717315673828,570.7966918945312,87.83441543579102,552.8855895996094,35.64551544189453,35.82220458984375
IMG_0028.mp4,503,16.766666666666666,30.0,159,2,traffic_signs,0.9266781806945801,1291.021484375,599.5750122070312,1322.8055419921875,657.213134765625,1306.9135131835938,628.3940734863281,31.7840576171875,57.63812255859375
IMG_0028.mp4,503,16.766666666666666,30.0,216,1,traffic_lights,0.7155255079269409,1303.531494140625,483.7080383300781,1320.7705078125,529.0218505859375,1312.1510009765625,506.3649444580078,17.239013671875,45.313812255859375
IMG_0028.mp4,503,16.766666666666666,30.0,247,1,traffic_lights,0.7620270848274231,66.66353607177734,534.2268676757812,104.44800567626953,570.4190063476562,85.55577087402344,552.3229370117188,37.78446960449219,36.192138671875
IMG_0028.mp4,504,16.8,30.0,159,2,traffic_signs,0.8355915546417236,1292.43896484375,599.2314453125,1324.3914794921875,658.0118408203125,1308.4152221679688,628.6216430664062,31.9525146484375,58.7803955078125
IMG_0028.mp4,504,16.8,30.0,216,1,traffic_lights,0.6526090502738953,1304.70947265625,483.79864501953125,1321.964599609375,528.9254760742188,1313.3370361328125,506.362060546875,17.255126953125,45.1268310546875
IMG_0028.mp4,504,16.8,30.0,247,1,traffic_lights,0.5543752908706665,64.24657440185547,534.665771484375,103.45277404785156,571.064697265625,83.84967422485352,552.865234375,39.206199645996094,36.39892578125
IMG_0028.mp4,505,16.833333333333332,30.0,159,2,traffic_signs,0.9273272752761841,1293.9197998046875,598.3026733398438,1326.1287841796875,657.6234130859375,1310.0242919921875,627.9630432128906,32.208984375,59.32073974609375
IMG_0028.mp4,505,16.833333333333332,30.0,216,1,traffic_lights,0.7148858904838562,1305.604736328125,482.8539733886719,1323.097412109375,528.8275146484375,1314.35107421875,505.8407440185547,17.49267578125,45.973541259765625
IMG_0028.mp4,505,16.833333333333332,30.0,247,1,traffic_lights,0.7115845680236816,61.44954299926758,533.9854736328125,101.27381896972656,571.0641479492188,81.36168098449707,552.5248107910156,39.824275970458984,37.07867431640625
IMG_0028.mp4,505,16.833333333333332,30.0,258,2,traffic_signs,0.6072681546211243,1379.1851806640625,639.810302734375,1394.784912109375,673.7625732421875,1386.9850463867188,656.7864379882812,15.5997314453125,33.9522705078125
IMG_0028.mp4,506,16.866666666666667,30.0,159,2,traffic_signs,0.9360012412071228,1296.069091796875,597.16357421875,1328.51220703125,657.1362915039062,1312.2906494140625,627.1499328613281,32.443115234375,59.97271728515625
IMG_0028.mp4,506,16.866666666666667,30.0,216,1,traffic_lights,0.4462243914604187,1306.6424560546875,482.3127746582031,1324.614990234375,529.01318359375,1315.6287231445312,505.66297912597656,17.9725341796875,46.700408935546875
IMG_0028.mp4,506,16.866666666666667,30.0,247,1,traffic_lights,0.7223199009895325,58.002044677734375,533.0056762695312,97.98694610595703,570.8308715820312,77.9944953918457,551.9182739257812,39.984901428222656,37.8251953125
IMG_0028.mp4,507,16.9,30.0,159,2,traffic_signs,0.9345789551734924,1297.8819580078125,595.529296875,1330.8359375,655.7985229492188,1314.3589477539062,625.6639099121094,32.9539794921875,60.26922607421875
IMG_0028.mp4,507,16.9,30.0,216,1,traffic_lights,0.7874688506126404,1307.16748046875,480.9099426269531,1326.339111328125,527.5882568359375,1316.7532958984375,504.2490997314453,19.171630859375,46.678314208984375
IMG_0028.mp4,507,16.9,30.0,247,1,traffic_lights,0.8229837417602539,56.16061782836914,532.0894775390625,95.9211196899414,569.1644897460938,76.04086875915527,550.6269836425781,39.760501861572266,37.07501220703125
IMG_0028.mp4,508,16.933333333333334,30.0,159,2,traffic_signs,0.9363889098167419,1299.784912109375,594.942138671875,1332.9036865234375,655.2841796875,1316.3442993164062,625.1131591796875,33.1187744140625,60.342041015625
IMG_0028.mp4,508,16.933333333333334,30.0,216,1,traffic_lights,0.7713784575462341,1308.025390625,479.26702880859375,1327.2943115234375,526.6642456054688,1317.6598510742188,502.96563720703125,19.2689208984375,47.397216796875
IMG_0028.mp4,508,16.933333333333334,30.0,247,1,traffic_lights,0.8093945384025574,53.815589904785156,531.1278686523438,94.0033187866211,568.361572265625,73.90945434570312,549.7447204589844,40.18772888183594,37.23370361328125
IMG_0028.mp4,509,16.966666666666665,30.0,159,2,traffic_signs,0.9315455555915833,1301.428955078125,594.063232421875,1334.7926025390625,654.5714721679688,1318.1107788085938,624.3173522949219,33.3636474609375,60.50823974609375
IMG_0028.mp4,509,16.966666666666665,30.0,216,1,traffic_lights,0.7736890912055969,1308.8831787109375,477.5914001464844,1328.2562255859375,525.3854370117188,1318.5697021484375,501.48841857910156,19.373046875,47.794036865234375
IMG_0028.mp4,509,16.966666666666665,30.0,247,1,traffic_lights,0.7524331212043762,50.55231857299805,529.9429321289062,91.19409942626953,567.267333984375,70.87320899963379,548.6051330566406,40.641780853271484,37.32440185546875
IMG_0028.mp4,509,16.966666666666665,30.0,258,2,traffic_signs,0.5696216821670532,1385.2174072265625,638.1558227539062,1402.29345703125,670.7514038085938,1393.7554321289062,654.45361328125,17.0760498046875,32.5955810546875
IMG_0028.mp4,510,17.0,30.0,159,2,traffic_signs,0.9127839803695679,1302.971923828125,593.8703002929688,1336.5958251953125,654.135498046875,1319.7838745117188,624.0028991699219,33.6239013671875,60.26519775390625
IMG_0028.mp4,510,17.0,30.0,216,1,traffic_lights,0.7919448614120483,1309.69677734375,477.4341125488281,1328.9635009765625,525.1792602539062,1319.3301391601562,501.3066864013672,19.2667236328125,47.745147705078125
IMG_0028.mp4,510,17.0,30.0,247,1,traffic_lights,0.6940927505493164,49.227787017822266,530.1709594726562,89.66551971435547,567.6605224609375,69.44665336608887,548.9157409667969,40.4377326965332,37.48956298828125
IMG_0028.mp4,510,17.0,30.0,258,2,traffic_signs,0.7807661890983582,1386.2681884765625,638.240966796875,1403.024169921875,670.8370361328125,1394.6461791992188,654.5390014648438,16.7559814453125,32.5960693359375
IMG_0028.mp4,511,17.033333333333335,30.0,159,2,traffic_signs,0.9148083925247192,1303.96435546875,592.5059814453125,1338.066650390625,654.7640991210938,1321.0155029296875,623.6350402832031,34.102294921875,62.25811767578125
IMG_0028.mp4,511,17.033333333333335,30.0,216,1,traffic_lights,0.7777828574180603,1311.2987060546875,476.7288818359375,1330.300048828125,524.9111328125,1320.7993774414062,500.82000732421875,19.0013427734375,48.1822509765625
IMG_0028.mp4,511,17.033333333333335,30.0,247,1,traffic_lights,0.7515401244163513,46.05667495727539,530.5557250976562,86.81658172607422,567.6785278320312,66.4366283416748,549.1171264648438,40.75990676879883,37.122802734375
IMG_0028.mp4,511,17.033333333333335,30.0,258,2,traffic_signs,0.6409396529197693,1387.5386962890625,638.3374633789062,1404.5072021484375,670.8239135742188,1396.02294921875,654.5806884765625,16.968505859375,32.4864501953125
IMG_0028.mp4,512,17.066666666666666,30.0,159,2,traffic_signs,0.9236432313919067,1305.5845947265625,591.7600708007812,1340.0587158203125,654.7962646484375,1322.8216552734375,623.2781677246094,34.47412109375,63.03619384765625
IMG_0028.mp4,512,17.066666666666666,30.0,216,1,traffic_lights,0.7550093531608582,1312.548583984375,476.76025390625,1331.6065673828125,524.2675170898438,1322.0775756835938,500.5138854980469,19.0579833984375,47.50726318359375
IMG_0028.mp4,512,17.066666666666666,30.0,247,1,traffic_lights,0.7198413610458374,42.9400520324707,530.1177368164062,84.27519226074219,567.4321899414062,63.607622146606445,548.7749633789062,41.335140228271484,37.314453125
IMG_0028.mp4,512,17.066666666666666,30.0,258,2,traffic_signs,0.7329670190811157,1389.0731201171875,638.1669921875,1406.367431640625,670.8775024414062,1397.7202758789062,654.5222473144531,17.2943115234375,32.71051025390625
IMG_0028.mp4,513,17.1,30.0,159,2,traffic_signs,0.9231789112091064,1308.7171630859375,591.1740112304688,1343.5096435546875,652.9906005859375,1326.1134033203125,622.0823059082031,34.79248046875,61.81658935546875
IMG_0028.mp4,513,17.1,30.0,216,1,traffic_lights,0.6219168305397034,1314.49169921875,475.0766906738281,1333.8056640625,522.8358764648438,1324.148681640625,498.95628356933594,19.31396484375,47.759185791015625
IMG_0028.mp4,513,17.1,30.0,247,1,traffic_lights,0.8023069500923157,38.652915954589844,528.8993530273438,80.17283630371094,566.7634887695312,59.41287612915039,547.8314208984375,41.519920349121094,37.8641357421875
IMG_0028.mp4,513,17.1,30.0,258,2,traffic_signs,0.639389157295227,1391.8978271484375,637.3068237304688,1408.9483642578125,671.099365234375,1400.423095703125,654.2030944824219,17.050537109375,33.79254150390625
IMG_0028.mp4,514,17.133333333333333,30.0,159,2,traffic_signs,0.9461004137992859,1311.2435302734375,589.1605834960938,1346.334716796875,651.2239990234375,1328.7891235351562,620.1922912597656,35.0911865234375,62.06341552734375
IMG_0028.mp4,514,17.133333333333333,30.0,216,1,traffic_lights,0.6937483549118042,1315.405029296875,473.0302429199219,1334.98876953125,520.6970825195312,1325.1968994140625,496.86366271972656,19.583740234375,47.666839599609375
IMG_0028.mp4,514,17.133333333333333,30.0,247,1,traffic_lights,0.7312254309654236,36.83491134643555,527.1744384765625,78.70866394042969,564.589111328125,57.77178764343262,545.8817749023438,41.87375259399414,37.4146728515625
IMG_0028.mp4,514,17.133333333333333,30.0,258,2,traffic_signs,0.7325965166091919,1393.406494140625,635.9205322265625,1411.0701904296875,669.7106323242188,1402.2383422851562,652.8155822753906,17.6636962890625,33.79010009765625
IMG_0028.mp4,515,17.166666666666668,30.0,159,2,traffic_signs,0.9408164024353027,1313.3427734375,588.1627197265625,1348.8917236328125,650.6287231445312,1331.1172485351562,619.3957214355469,35.5489501953125,62.46600341796875
IMG_0028.mp4,515,17.166666666666668,30.0,216,1,traffic_lights,0.7617398500442505,1316.9410400390625,472.24169921875,1336.1873779296875,520.0944213867188,1326.564208984375,496.1680603027344,19.246337890625,47.85272216796875
IMG_0028.mp4,515,17.166666666666668,30.0,247,1,traffic_lights,0.7524467706680298,34.28445816040039,526.4390869140625,76.8055648803711,563.7938842773438,55.54501152038574,545.1164855957031,42.5211067199707,37.35479736328125
IMG_0028.mp4,515,17.166666666666668,30.0,258,2,traffic_signs,0.8221908211708069,1394.869140625,635.8154907226562,1412.9246826171875,669.7921752929688,1403.8969116210938,652.8038330078125,18.0555419921875,33.9766845703125
IMG_0028.mp4,516,17.2,30.0,159,2,traffic_signs,0.9415303468704224,1314.8016357421875,587.2212524414062,1350.5479736328125,650.082275390625,1332.6748046875,618.6517639160156,35.746337890625,62.86102294921875
IMG_0028.mp4,516,17.2,30.0,216,1,traffic_lights,0.7548955678939819,1317.5224609375,471.415283203125,1336.977294921875,519.440185546875,1327.2498779296875,495.427734375,19.454833984375,48.02490234375
IMG_0028.mp4,516,17.2,30.0,247,1,traffic_lights,0.7555582523345947,31.738117218017578,525.5975952148438,74.02351379394531,563.3211669921875,52.880815505981445,544.4593811035156,42.285396575927734,37.72357177734375
IMG_0028.mp4,516,17.2,30.0,258,2,traffic_signs,0.778485894203186,1396.291259765625,636.2575073242188,1413.8883056640625,669.2391357421875,1405.0897827148438,652.7483215332031,17.5970458984375,32.98162841796875
IMG_0028.mp4,516,17.2,30.0,264,2,traffic_signs,0.4471092224121094,1506.553955078125,522.9635009765625,1529.234130859375,606.7407836914062,1517.89404296875,564.8521423339844,22.68017578125,83.77728271484375
IMG_0028.mp4,517,17.233333333333334,30.0,159,2,traffic_signs,0.924615740776062,1316.5499267578125,586.3795166015625,1352.6470947265625,650.3558349609375,1334.5985107421875,618.36767578125,36.09716796875,63.976318359375
IMG_0028.mp4,517,17.233333333333334,30.0,216,1,traffic_lights,0.7364338636398315,1318.69140625,470.4796142578125,1338.763427734375,519.0499267578125,1328.7274169921875,494.7647705078125,20.072021484375,48.5703125
IMG_0028.mp4,517,17.233333333333334,30.0,247,1,traffic_lights,0.7695033550262451,28.265188217163086,525.5463256835938,70.72149658203125,563.3990478515625,49.49334239959717,544.4726867675781,42.456308364868164,37.85272216796875
IMG_0028.mp4,517,17.233333333333334,30.0,258,2,traffic_signs,0.8337863683700562,1398.10009765625,636.513427734375,1415.298583984375,669.5127563476562,1406.6993408203125,653.0130920410156,17.198486328125,32.99932861328125
IMG_0028.mp4,518,17.266666666666666,30.0,159,2,traffic_signs,0.9402067065238953,1318.3427734375,585.2596435546875,1354.727783203125,648.981689453125,1336.5352783203125,617.1206665039062,36.385009765625,63.7220458984375
IMG_0028.mp4,518,17.266666666666666,30.0,216,1,traffic_lights,0.6805859208106995,1319.6102294921875,468.60186767578125,1339.84912109375,518.0713500976562,1329.7296752929688,493.33660888671875,20.2388916015625,49.469482421875
IMG_0028.mp4,518,17.266666666666666,30.0,247,1,traffic_lights,0.6921753883361816,26.315540313720703,524.7724609375,67.43699645996094,562.3927001953125,46.87626838684082,543.5825805664062,41.121456146240234,37.6202392578125
IMG_0028.mp4,518,17.266666666666666,30.0,258,2,traffic_signs,0.7723703980445862,1399.4892578125,635.3829345703125,1416.281494140625,668.901611328125,1407.8853759765625,652.1422729492188,16.792236328125,33.5186767578125
IMG_0028.mp4,519,17.3,30.0,159,2,traffic_signs,0.946247398853302,1321.246337890625,583.6109619140625,1357.6240234375,647.7068481445312,1339.4351806640625,615.6589050292969,36.377685546875,64.09588623046875
IMG_0028.mp4,519,17.3,30.0,216,1,traffic_lights,0.7427384257316589,1321.4871826171875,467.36346435546875,1341.4747314453125,517.801513671875,1331.48095703125,492.5824890136719,19.987548828125,50.43804931640625
IMG_0028.mp4,519,17.3,30.0,247,1,traffic_lights,0.6209940910339355,23.672670364379883,523.8779296875,64.6912612915039,562.0086669921875,44.181965827941895,542.9432983398438,41.01859092712402,38.1307373046875
IMG_0028.mp4,519,17.3,30.0,258,2,traffic_signs,0.7888043522834778,1401.7369384765625,634.3284912109375,1418.7158203125,669.097412109375,1410.2263793945312,651.7129516601562,16.9788818359375,34.7689208984375
IMG_0028.mp4,520,17.333333333333332,30.0,159,2,traffic_signs,0.9456210136413574,1322.775146484375,583.1604614257812,1359.1634521484375,646.8496704101562,1340.9692993164062,615.0050659179688,36.3883056640625,63.689208984375
IMG_0028.mp4,520,17.333333333333332,30.0,216,1,traffic_lights,0.7132465243339539,1322.5714111328125,466.99176025390625,1341.830810546875,517.16259765625,1332.2011108398438,492.0771789550781,19.2593994140625,50.17083740234375
IMG_0028.mp4,520,17.333333333333332,30.0,247,1,traffic_lights,0.3769962191581726,21.3654727935791,523.3965454101562,62.241275787353516,561.4708251953125,41.80337429046631,542.4336853027344,40.875802993774414,38.07427978515625
IMG_0028.mp4,520,17.333333333333332,30.0,258,2,traffic_signs,0.6859731078147888,1402.9169921875,633.57568359375,1419.9854736328125,669.1983032226562,1411.4512329101562,651.3869934082031,17.0684814453125,35.62261962890625
IMG_0028.mp4,521,17.366666666666667,30.0,159,2,traffic_signs,0.9377182722091675,1325.528564453125,582.054443359375,1362.1605224609375,646.2821655273438,1343.8445434570312,614.1683044433594,36.6319580078125,64.22772216796875
IMG_0028.mp4,521,17.366666666666667,30.0,216,1,traffic_lights,0.7274211645126343,1324.5701904296875,465.8280029296875,1343.60498046875,516.3768310546875,1334.0875854492188,491.1024169921875,19.0347900390625,50.548828125
IMG_0028.mp4,521,17.366666666666667,30.0,258,2,traffic_signs,0.5953800082206726,1405.1517333984375,632.8816528320312,1422.84814453125,669.2852172851562,1413.9999389648438,651.0834350585938,17.6964111328125,36.403564453125
IMG_0028.mp4,522,17.4,30.0,159,2,traffic_signs,0.914778470993042,1326.7806396484375,579.429931640625,1363.93798828125,645.3938598632812,1345.3593139648438,612.4118957519531,37.1573486328125,65.96392822265625
IMG_0028.mp4,522,17.4,30.0,216,1,traffic_lights,0.35356026887893677,1325.5230712890625,464.6978759765625,1344.6556396484375,514.8795776367188,1335.08935546875,489.7887268066406,19.132568359375,50.18170166015625
IMG_0028.mp4,522,17.4,30.0,258,2,traffic_signs,0.43778571486473083,1406.3565673828125,633.2090454101562,1424.4156494140625,669.29736328125,1415.3861083984375,651.2532043457031,18.05908203125,36.08831787109375
IMG_0028.mp4,523,17.433333333333334,30.0,159,2,traffic_signs,0.9237648844718933,1329.301513671875,578.0594482421875,1366.8031005859375,644.5517578125,1348.0523071289062,611.3056030273438,37.5015869140625,66.4923095703125
IMG_0028.mp4,523,17.433333333333334,30.0,216,1,traffic_lights,0.5412627458572388,1326.7452392578125,463.474853515625,1345.6356201171875,513.9744873046875,1336.1904296875,488.72467041015625,18.890380859375,50.4996337890625
IMG_0028.mp4,523,17.433333333333334,30.0,258,2,traffic_signs,0.43128716945648193,1407.93017578125,632.0330200195312,1425.7392578125,669.2367553710938,1416.834716796875,650.6348876953125,17.80908203125,37.2037353515625
IMG_0028.mp4,524,17.466666666666665,30.0,159,2,traffic_signs,0.9219443798065186,1331.71728515625,577.1094970703125,1369.78515625,643.2661743164062,1350.751220703125,610.1878356933594,38.06787109375,66.15667724609375
IMG_0028.mp4,524,17.466666666666665,30.0,216,1,traffic_lights,0.5490052700042725,1328.1549072265625,462.2795715332031,1346.77001953125,512.8067016601562,1337.4624633789062,487.5431365966797,18.6151123046875,50.527130126953125
IMG_0028.mp4,525,17.5,30.0,159,2,traffic_signs,0.9306999444961548,1333.7935791015625,576.899658203125,1371.89990234375,642.5790405273438,1352.8467407226562,609.7393493652344,38.1063232421875,65.67938232421875
IMG_0028.mp4,525,17.5,30.0,216,1,traffic_lights,0.5990213751792908,1329.2431640625,461.5865783691406,1347.7825927734375,511.9918212890625,1338.5128784179688,486.78919982910156,18.5394287109375,50.405242919921875
IMG_0028.mp4,525,17.5,30.0,258,2,traffic_signs,0.36303162574768066,1411.4801025390625,629.9317016601562,1429.9434814453125,668.102783203125,1420.7117919921875,649.0172424316406,18.46337890625,38.17108154296875
IMG_0028.mp4,526,17.533333333333335,30.0,159,2,traffic_signs,0.9274944067001343,1335.5162353515625,576.6840209960938,1373.8143310546875,641.904052734375,1354.665283203125,609.2940368652344,38.298095703125,65.22003173828125
IMG_0028.mp4,526,17.533333333333335,30.0,216,1,traffic_lights,0.6346665024757385,1329.9193115234375,460.78857421875,1349.3580322265625,511.50189208984375,1339.638671875,486.1452331542969,19.438720703125,50.71331787109375
IMG_0028.mp4,526,17.533333333333335,30.0,258,2,traffic_signs,0.5413920283317566,1412.6566162109375,629.375,1432.0281982421875,667.5918579101562,1422.3424072265625,648.4834289550781,19.37158203125,38.21685791015625
IMG_0028.mp4,527,17.566666666666666,30.0,159,2,traffic_signs,0.7456361651420593,1337.9638671875,576.2022705078125,1376.743896484375,641.1948852539062,1357.3538818359375,608.6985778808594,38.780029296875,64.99261474609375
IMG_0028.mp4,527,17.566666666666666,30.0,216,1,traffic_lights,0.7048515677452087,1331.2745361328125,459.27935791015625,1351.2069091796875,510.6194152832031,1341.24072265625,484.9493865966797,19.932373046875,51.340057373046875
IMG_0028.mp4,527,17.566666666666666,30.0,258,2,traffic_signs,0.4704519510269165,1414.8209228515625,629.110107421875,1434.079833984375,667.664794921875,1424.4503784179688,648.387451171875,19.2589111328125,38.5546875
IMG_0028.mp4,528,17.6,30.0,159,2,traffic_signs,0.9243943691253662,1339.7591552734375,574.3866577148438,1379.0240478515625,640.92724609375,1359.3916015625,607.6569519042969,39.264892578125,66.54058837890625
IMG_0028.mp4,528,17.6,30.0,216,1,traffic_lights,0.753857433795929,1332.4610595703125,457.85113525390625,1352.523681640625,509.6268005371094,1342.4923706054688,483.7389678955078,20.0626220703125,51.775665283203125
IMG_0028.mp4,529,17.633333333333333,30.0,159,2,traffic_signs,0.9279754161834717,1342.3585205078125,572.968505859375,1382.22607421875,639.852294921875,1362.2922973632812,606.410400390625,39.8675537109375,66.8837890625
IMG_0028.mp4,529,17.633333333333333,30.0,216,1,traffic_lights,0.7647317051887512,1333.65478515625,456.5623474121094,1353.484130859375,508.2278137207031,1343.5694580078125,482.39508056640625,19.829345703125,51.66546630859375
IMG_0028.mp4,529,17.633333333333333,30.0,258,2,traffic_signs,0.5752370953559875,1417.9522705078125,627.076416015625,1436.4793701171875,666.7186279296875,1427.2158203125,646.8975219726562,18.527099609375,39.6422119140625
IMG_0028.mp4,530,17.666666666666668,30.0,159,2,traffic_signs,0.9293001294136047,1345.2880859375,572.1558227539062,1384.7607421875,638.69873046875,1365.0244140625,605.4272766113281,39.47265625,66.54290771484375
IMG_0028.mp4,530,17.666666666666668,30.0,216,1,traffic_lights,0.47681114077568054,1335.1544189453125,456.01861572265625,1354.9627685546875,507.2989501953125,1345.05859375,481.6587829589844,19.808349609375,51.28033447265625
IMG_0028.mp4,530,17.666666666666668,30.0,258,2,traffic_signs,0.6314935684204102,1419.6422119140625,626.6279296875,1438.488525390625,666.9775390625,1429.0653686523438,646.802734375,18.8463134765625,40.349609375
IMG_0028.mp4,531,17.7,30.0,159,2,traffic_signs,0.9291452765464783,1347.4205322265625,570.427734375,1386.687744140625,637.1231079101562,1367.0541381835938,603.7754211425781,39.2672119140625,66.69537353515625
IMG_0028.mp4,531,17.7,30.0,258,2,traffic_signs,0.5104883909225464,1421.0247802734375,625.9755249023438,1440.549560546875,665.7979125976562,1430.7871704101562,645.88671875,19.5247802734375,39.8223876953125
IMG_0028.mp4,531,17.7,30.0,247,1,traffic_lights,0.41949978470802307,3.2889516353607178,517.2711791992188,32.97425842285156,555.1758422851562,18.13160502910614,536.2235107421875,29.685306787490845,37.9046630859375
IMG_0028.mp4,532,17.733333333333334,30.0,159,2,traffic_signs,0.9074601531028748,1349.6729736328125,568.0203247070312,1389.5498046875,637.5015258789062,1369.6113891601562,602.7609252929688,39.8768310546875,69.481201171875
IMG_0028.mp4,532,17.733333333333334,30.0,258,2,traffic_signs,0.5259709358215332,1423.009033203125,626.1340942382812,1443.14794921875,665.0479125976562,1433.0784912109375,645.5910034179688,20.138916015625,38.913818359375
IMG_0028.mp4,532,17.733333333333334,30.0,247,1,traffic_lights,0.6386744379997253,2.6312644481658936,516.4960327148438,29.980403900146484,554.7040405273438,16.30583417415619,535.6000366210938,27.34913945198059,38.2080078125
IMG_0028.mp4,532,17.733333333333334,30.0,216,1,traffic_lights,0.5519968867301941,1337.6552734375,453.5403137207031,1358.2589111328125,505.4384765625,1347.9570922851562,479.48939514160156,20.6036376953125,51.898162841796875
IMG_0028.mp4,533,17.766666666666666,30.0,159,2,traffic_signs,0.9314570426940918,1352.0294189453125,566.111083984375,1392.796630859375,636.5722045898438,1372.4130249023438,601.3416442871094,40.7672119140625,70.46112060546875
IMG_0028.mp4,533,17.766666666666666,30.0,258,2,traffic_signs,0.2704377770423889,1424.6180419921875,624.7573852539062,1445.1416015625,664.5018310546875,1434.8798217773438,644.6296081542969,20.5235595703125,39.74444580078125
IMG_0028.mp4,533,17.766666666666666,30.0,247,1,traffic_lights,0.747259795665741,2.3284056186676025,515.56689453125,28.189613342285156,553.911376953125,15.25900948047638,534.7391357421875,25.861207723617554,38.344482421875
IMG_0028.mp4,533,17.766666666666666,30.0,216,1,traffic_lights,0.5164675712585449,1339.1219482421875,452.0169982910156,1359.1353759765625,503.9422912597656,1349.128662109375,477.9796447753906,20.013427734375,51.92529296875
IMG_0028.mp4,534,17.8,30.0,159,2,traffic_signs,0.9295244812965393,1354.908203125,564.8043823242188,1396.1527099609375,635.469970703125,1375.5304565429688,600.1371765136719,41.2445068359375,70.66558837890625
IMG_0028.mp4,534,17.8,30.0,258,2,traffic_signs,0.3719893991947174,1427.0284423828125,623.2282104492188,1447.0931396484375,663.7300415039062,1437.060791015625,643.4791259765625,20.064697265625,40.5018310546875
IMG_0028.mp4,534,17.8,30.0,247,1,traffic_lights,0.772864818572998,0.5262443423271179,514.5551147460938,25.48008155822754,552.9909057617188,13.003162950277328,533.7730102539062,24.95383721590042,38.435791015625
IMG_0028.mp4,534,17.8,30.0,216,1,traffic_lights,0.6586160659790039,1340.4989013671875,450.64007568359375,1360.8896484375,501.649658203125,1350.6942749023438,476.1448669433594,20.3907470703125,51.00958251953125
IMG_0028.mp4,535,17.833333333333332,30.0,159,2,traffic_signs,0.9334558248519897,1357.036376953125,564.6996459960938,1398.5328369140625,634.6829833984375,1377.7846069335938,599.6913146972656,41.4964599609375,69.98333740234375
IMG_0028.mp4,535,17.833333333333332,30.0,258,2,traffic_signs,0.6474421620368958,1428.6546630859375,623.1024780273438,1448.5693359375,663.0357666015625,1438.6119995117188,643.0691223144531,19.9146728515625,39.93328857421875
IMG_0028.mp4,535,17.833333333333332,30.0,247,1,traffic_lights,0.7515817284584045,0.2638697922229767,514.53515625,22.15047836303711,552.6534423828125,11.207174077630043,533.5942993164062,21.886608570814133,38.1182861328125
IMG_0028.mp4,535,17.833333333333332,30.0,216,1,traffic_lights,0.5433133840560913,1341.4425048828125,450.106201171875,1362.2095947265625,501.0467224121094,1351.8260498046875,475.5764617919922,20.76708984375,50.940521240234375
IMG_0028.mp4,536,17.866666666666667,30.0,159,2,traffic_signs,0.8468678593635559,1359.3988037109375,563.83984375,1401.584716796875,634.209228515625,1380.4917602539062,599.0245361328125,42.1859130859375,70.369384765625
IMG_0028.mp4,536,17.866666666666667,30.0,258,2,traffic_signs,0.7145337462425232,1430.5155029296875,622.8917236328125,1450.1536865234375,662.7652587890625,1440.3345947265625,642.8284912109375,19.63818359375,39.87353515625
IMG_0028.mp4,536,17.866666666666667,30.0,247,1,traffic_lights,0.8337113261222839,0.0,514.4422607421875,19.61638832092285,552.4260864257812,9.808194160461426,533.4341735839844,19.61638832092285,37.98382568359375
IMG_0028.mp4,536,17.866666666666667,30.0,216,1,traffic_lights,0.702052116394043,1342.8460693359375,448.8628234863281,1363.8197021484375,500.7510070800781,1353.3328857421875,474.8069152832031,20.9736328125,51.88818359375
IMG_0028.mp4,537,17.9,30.0,159,2,traffic_signs,0.9135445356369019,1362.2979736328125,561.06005859375,1404.9488525390625,631.6574096679688,1383.6234130859375,596.3587341308594,42.65087890625,70.59735107421875
IMG_0028.mp4,537,17.9,30.0,258,2,traffic_signs,0.7032177448272705,1432.50927734375,621.9680786132812,1451.9417724609375,661.8417358398438,1442.2255249023438,641.9049072265625,19.4324951171875,39.8736572265625
IMG_0028.mp4,537,17.9,30.0,247,1,traffic_lights,0.8206376433372498,0.033190250396728516,513.2915649414062,17.764739990234375,551.5260009765625,8.898965120315552,532.4087829589844,17.731549739837646,38.23443603515625
IMG_0028.mp4,537,17.9,30.0,216,1,traffic_lights,0.791394829750061,1344.31787109375,446.5296325683594,1365.121337890625,499.19854736328125,1354.7196044921875,472.8640899658203,20.803466796875,52.668914794921875
IMG_0028.mp4,538,17.933333333333334,30.0,159,2,traffic_signs,0.9306604862213135,1365.103759765625,560.0176391601562,1408.39599609375,630.7620849609375,1386.7498779296875,595.3898620605469,43.292236328125,70.74444580078125
IMG_0028.mp4,538,17.933333333333334,30.0,247,1,traffic_lights,0.7906394004821777,0.0,512.8814086914062,14.814778327941895,551.535400390625,7.407389163970947,532.2084045410156,14.814778327941895,38.65399169921875
IMG_0028.mp4,538,17.933333333333334,30.0,216,1,traffic_lights,0.7428338527679443,1345.7144775390625,445.56842041015625,1366.244384765625,498.3221130371094,1355.9794311523438,471.9452667236328,20.5299072265625,52.753692626953125
IMG_0028.mp4,539,17.966666666666665,30.0,159,2,traffic_signs,0.5123776197433472,1367.6029052734375,559.2128295898438,1411.1092529296875,630.842041015625,1389.3560791015625,595.0274353027344,43.50634765625,71.62921142578125
IMG_0028.mp4,539,17.966666666666665,30.0,247,1,traffic_lights,0.7671886086463928,0.0,512.4157104492188,11.939447402954102,550.8023071289062,5.969723701477051,531.6090087890625,11.939447402954102,38.3865966796875
IMG_0028.mp4,539,17.966666666666665,30.0,216,1,traffic_lights,0.5652926564216614,1347.1578369140625,444.5574645996094,1367.8092041015625,497.56884765625,1357.4835205078125,471.0631561279297,20.6513671875,53.011383056640625
IMG_0028.mp4,539,17.966666666666665,30.0,271,1,traffic_lights,0.6319029331207275,1293.157958984375,675.439453125,1305.608642578125,695.6244506835938,1299.38330078125,685.5319519042969,12.45068359375,20.18499755859375
IMG_0028.mp4,540,18.0,30.0,159,2,traffic_signs,0.9161174297332764,1369.87158203125,558.5955200195312,1414.0771484375,629.8088989257812,1391.974365234375,594.2022094726562,44.20556640625,71.21337890625
IMG_0028.mp4,540,18.0,30.0,247,1,traffic_lights,0.6840882301330566,0.0,511.8812255859375,9.983105659484863,550.316162109375,4.991552829742432,531.0986938476562,9.983105659484863,38.4349365234375
IMG_0028.mp4,540,18.0,30.0,216,1,traffic_lights,0.6221591830253601,1348.71533203125,443.3527526855469,1369.276611328125,496.0251770019531,1358.9959716796875,469.68896484375,20.561279296875,52.67242431640625
IMG_0028.mp4,540,18.0,30.0,271,1,traffic_lights,0.4507118761539459,1294.3311767578125,677.9447021484375,1305.9798583984375,694.9887084960938,1300.155517578125,686.4667053222656,11.648681640625,17.04400634765625
IMG_0028.mp4,540,18.0,30.0,258,2,traffic_signs,0.6015334725379944,1438.4305419921875,620.8864135742188,1458.341796875,660.9739990234375,1448.3861694335938,640.9302062988281,19.9112548828125,40.08758544921875
IMG_0028.mp4,541,18.033333333333335,30.0,159,2,traffic_signs,0.9007302522659302,1372.5111083984375,557.1292724609375,1416.5599365234375,630.7651977539062,1394.5355224609375,593.9472351074219,44.048828125,73.63592529296875
IMG_0028.mp4,541,18.033333333333335,30.0,247,1,traffic_lights,0.5590869188308716,0.0,511.141845703125,7.383012294769287,550.4601440429688,3.6915061473846436,530.8009948730469,7.383012294769287,39.31829833984375
IMG_0028.mp4,541,18.033333333333335,30.0,216,1,traffic_lights,0.7104358673095703,1349.990478515625,443.0698547363281,1370.7039794921875,495.54876708984375,1360.3472290039062,469.30931091308594,20.7135009765625,52.478912353515625
IMG_0028.mp4,541,18.033333333333335,30.0,271,1,traffic_lights,0.5518032312393188,1295.3319091796875,674.9619750976562,1306.702392578125,695.0858764648438,1301.0171508789062,685.02392578125,11.3704833984375,20.1239013671875
IMG_0028.mp4,541,18.033333333333335,30.0,258,2,traffic_signs,0.39271658658981323,1440.5428466796875,621.7117919921875,1459.5362548828125,661.696044921875,1450.03955078125,641.7039184570312,18.993408203125,39.9842529296875
IMG_0028.mp4,542,18.066666666666666,30.0,159,2,traffic_signs,0.8675280809402466,1374.8734130859375,554.914306640625,1419.2579345703125,629.55859375,1397.065673828125,592.2364501953125,44.384521484375,74.644287109375
IMG_0028.mp4,542,18.066666666666666,30.0,216,1,traffic_lights,0.821862518787384,1350.52734375,441.7366027832031,1372.10986328125,494.6965637207031,1361.318603515625,468.2165832519531,21.58251953125,52.9599609375
IMG_0028.mp4,542,18.066666666666666,30.0,271,1,traffic_lights,0.37964922189712524,1295.9320068359375,672.7183227539062,1307.89990234375,694.1149291992188,1301.9159545898438,683.4166259765625,11.9678955078125,21.3966064453125
IMG_0028.mp4,543,18.1,30.0,159,2,traffic_signs,0.8627734184265137,1377.6156005859375,552.6065063476562,1422.5728759765625,627.9486694335938,1400.09423828125,590.277587890625,44.957275390625,75.3421630859375
IMG_0028.mp4,543,18.1,30.0,216,1,traffic_lights,0.6890602707862854,1351.2799072265625,440.193603515625,1373.824462890625,493.6730041503906,1362.5521850585938,466.9333038330078,22.5445556640625,53.479400634765625
IMG_0028.mp4,543,18.1,30.0,271,1,traffic_lights,0.4501974284648895,1297.1827392578125,669.779052734375,1309.910888671875,692.9309692382812,1303.5468139648438,681.3550109863281,12.7281494140625,23.15191650390625
IMG_0028.mp4,544,18.133333333333333,30.0,159,2,traffic_signs,0.862304151058197,1380.6280517578125,551.7743530273438,1426.2386474609375,626.4244384765625,1403.433349609375,589.0993957519531,45.610595703125,74.65008544921875
IMG_0028.mp4,544,18.133333333333333,30.0,216,1,traffic_lights,0.7345904111862183,1352.3643798828125,439.2115783691406,1375.8636474609375,493.81817626953125,1364.114013671875,466.51487731933594,23.499267578125,54.606597900390625
IMG_0028.mp4,544,18.133333333333333,30.0,271,1,traffic_lights,0.33376866579055786,1298.4228515625,669.6376342773438,1311.7086181640625,692.7944946289062,1305.0657348632812,681.216064453125,13.2857666015625,23.1568603515625
IMG_0028.mp4,545,18.166666666666668,30.0,159,2,traffic_signs,0.88663649559021,1383.676025390625,548.7885131835938,1429.79541015625,625.5399780273438,1406.7357177734375,587.1642456054688,46.119384765625,76.75146484375
IMG_0028.mp4,545,18.166666666666668,30.0,216,1,traffic_lights,0.7858046889305115,1353.5655517578125,437.83697509765625,1377.306884765625,492.87530517578125,1365.4362182617188,465.35614013671875,23.7413330078125,55.038330078125
IMG_0028.mp4,545,18.166666666666668,30.0,276,2,traffic_signs,0.6824944019317627,1879.549560546875,552.2255249023438,1918.6234130859375,618.0101928710938,1899.0864868164062,585.1178588867188,39.0738525390625,65.78466796875
IMG_0028.mp4,546,18.2,30.0,159,2,traffic_signs,0.8868468403816223,1386.34375,547.0025634765625,1433.1488037109375,624.94775390625,1409.7462768554688,585.9751586914062,46.8050537109375,77.9451904296875
IMG_0028.mp4,546,18.2,30.0,216,1,traffic_lights,0.8120663166046143,1354.513427734375,436.1091613769531,1378.4200439453125,491.4634704589844,1366.4667358398438,463.78631591796875,23.9066162109375,55.35430908203125
IMG_0028.mp4,546,18.2,30.0,276,2,traffic_signs,0.8320239186286926,1885.1048583984375,550.1893920898438,1920.0,616.8516235351562,1902.5524291992188,583.5205078125,34.8951416015625,66.6622314453125
IMG_0028.mp4,546,18.2,30.0,271,1,traffic_lights,0.4230911433696747,1300.5579833984375,666.14111328125,1314.5828857421875,691.9976196289062,1307.5704345703125,679.0693664550781,14.02490234375,25.85650634765625
IMG_0028.mp4,547,18.233333333333334,30.0,159,2,traffic_signs,0.8498426079750061,1389.3599853515625,546.593994140625,1436.578125,623.8895263671875,1412.9690551757812,585.2417602539062,47.2181396484375,77.2955322265625
IMG_0028.mp4,547,18.233333333333334,30.0,216,1,traffic_lights,0.6903892755508423,1355.6138916015625,435.3670654296875,1380.080078125,490.8822937011719,1367.8469848632812,463.1246795654297,24.4661865234375,55.515228271484375
IMG_0028.mp4,547,18.233333333333334,30.0,271,1,traffic_lights,0.2736181914806366,1301.3663330078125,664.8505249023438,1315.3634033203125,692.6019287109375,1308.3648681640625,678.7262268066406,13.9970703125,27.75140380859375
IMG_0028.mp4,548,18.266666666666666,30.0,159,2,traffic_signs,0.6843291521072388,1391.8658447265625,544.670166015625,1439.75439453125,622.0154418945312,1415.8101196289062,583.3428039550781,47.8885498046875,77.34527587890625
IMG_0028.mp4,548,18.266666666666666,30.0,216,1,traffic_lights,0.5975165963172913,1357.9302978515625,434.0311584472656,1381.81689453125,489.6905212402344,1369.8735961914062,461.86083984375,23.8865966796875,55.65936279296875
IMG_0028.mp4,549,18.3,30.0,159,2,traffic_signs,0.9001966118812561,1394.2752685546875,543.10986328125,1441.8370361328125,621.9014282226562,1418.05615234375,582.5056457519531,47.561767578125,78.79156494140625
IMG_0028.mp4,549,18.3,30.0,216,1,traffic_lights,0.7381980419158936,1359.6163330078125,432.6756286621094,1383.35791015625,488.5347595214844,1371.4871215820312,460.6051940917969,23.7415771484375,55.859130859375
IMG_0028.mp4,549,18.3,30.0,271,1,traffic_lights,0.6318962574005127,1304.0186767578125,673.7974853515625,1316.6943359375,692.743408203125,1310.3565063476562,683.2704467773438,12.6756591796875,18.9459228515625
IMG_0028.mp4,550,18.333333333333332,30.0,159,2,traffic_signs,0.9156412482261658,1397.058349609375,541.841064453125,1444.4906005859375,621.2548217773438,1420.7744750976562,581.5479431152344,47.4322509765625,79.41375732421875
IMG_0028.mp4,550,18.333333333333332,30.0,216,1,traffic_lights,0.7780656814575195,1360.9176025390625,431.6561279296875,1384.179443359375,487.6520690917969,1372.5485229492188,459.6540985107422,23.2618408203125,55.995941162109375
IMG_0028.mp4,550,18.333333333333332,30.0,271,1,traffic_lights,0.647513747215271,1305.251708984375,676.9542846679688,1316.70654296875,692.786865234375,1310.9791259765625,684.8705749511719,11.454833984375,15.83258056640625
IMG_0028.mp4,551,18.366666666666667,30.0,159,2,traffic_signs,0.8950288891792297,1400.2659912109375,540.8660278320312,1448.017578125,620.3279418945312,1424.1417846679688,580.5969848632812,47.7515869140625,79.4619140625
IMG_0028.mp4,551,18.366666666666667,30.0,216,1,traffic_lights,0.7242871522903442,1363.012939453125,431.3479919433594,1385.4720458984375,486.9484558105469,1374.2424926757812,459.1482238769531,22.4591064453125,55.6004638671875
IMG_0028.mp4,551,18.366666666666667,30.0,271,1,traffic_lights,0.6143417954444885,1306.0869140625,677.6443481445312,1317.2733154296875,693.0997314453125,1311.6801147460938,685.3720397949219,11.1864013671875,15.45538330078125
IMG_0028.mp4,552,18.4,30.0,159,2,traffic_signs,0.7854238748550415,1402.8011474609375,538.9539184570312,1451.2958984375,618.893310546875,1427.0485229492188,578.9236145019531,48.4947509765625,79.93939208984375
IMG_0028.mp4,552,18.4,30.0,216,1,traffic_lights,0.6903895139694214,1363.9305419921875,429.7323913574219,1386.6068115234375,485.3875427246094,1375.2686767578125,457.5599670410156,22.67626953125,55.6551513671875
IMG_0028.mp4,552,18.4,30.0,271,1,traffic_lights,0.5867982506752014,1306.7225341796875,677.8001708984375,1317.719970703125,693.0321044921875,1312.2212524414062,685.4161376953125,10.9974365234375,15.23193359375
IMG_0028.mp4,553,18.433333333333334,30.0,159,2,traffic_signs,0.49877527356147766,1404.6258544921875,535.3995971679688,1454.761962890625,617.9089965820312,1429.6939086914062,576.654296875,50.1361083984375,82.5093994140625
IMG_0028.mp4,553,18.433333333333334,30.0,216,1,traffic_lights,0.7778328061103821,1365.0921630859375,428.4407653808594,1388.216796875,484.1960144042969,1376.6544799804688,456.3183898925781,23.1246337890625,55.7552490234375
IMG_0028.mp4,553,18.433333333333334,30.0,271,1,traffic_lights,0.5684429407119751,1307.515380859375,676.3440551757812,1318.5792236328125,692.8274536132812,1313.0473022460938,684.5857543945312,11.0638427734375,16.4833984375
IMG_0028.mp4,554,18.466666666666665,30.0,159,2,traffic_signs,0.9004038572311401,1407.439697265625,534.5047607421875,1457.67138671875,616.2694091796875,1432.5555419921875,575.3870849609375,50.231689453125,81.7646484375
IMG_0028.mp4,554,18.466666666666665,30.0,216,1,traffic_lights,0.8235223889350891,1366.56103515625,426.3132019042969,1389.947509765625,482.6158752441406,1378.2542724609375,454.46453857421875,23.386474609375,56.30267333984375
IMG_0028.mp4,554,18.466666666666665,30.0,271,1,traffic_lights,0.5150501728057861,1308.5750732421875,675.679931640625,1320.3416748046875,692.2800903320312,1314.4583740234375,683.9800109863281,11.7666015625,16.60015869140625
IMG_0028.mp4,554,18.466666666666665,30.0,283,2,traffic_signs,0.6249730587005615,1407.7786865234375,532.8698120117188,1458.4766845703125,616.5582275390625,1433.127685546875,574.7140197753906,50.697998046875,83.68841552734375
IMG_0028.mp4,555,18.5,30.0,216,1,traffic_lights,0.689087450504303,1369.4727783203125,425.42877197265625,1392.83544921875,481.3428039550781,1381.1541137695312,453.3857879638672,23.3626708984375,55.914031982421875
IMG_0028.mp4,555,18.5,30.0,271,1,traffic_lights,0.5793813467025757,1310.716064453125,676.1498413085938,1322.97509765625,692.4666748046875,1316.8455810546875,684.3082580566406,12.259033203125,16.31683349609375
IMG_0028.mp4,556,18.533333333333335,30.0,216,1,traffic_lights,0.459492951631546,1370.260986328125,424.26483154296875,1394.0487060546875,480.83502197265625,1382.1548461914062,452.5499267578125,23.7877197265625,56.5701904296875
IMG_0028.mp4,556,18.533333333333335,30.0,271,1,traffic_lights,0.4178360104560852,1311.519775390625,676.7269287109375,1323.31201171875,692.1480102539062,1317.4158935546875,684.4374694824219,11.792236328125,15.42108154296875
IMG_0028.mp4,556,18.533333333333335,30.0,159,2,traffic_signs,0.9538406729698181,1414.0584716796875,533.0905151367188,1465.1649169921875,615.5101928710938,1439.6116943359375,574.3003540039062,51.1064453125,82.419677734375
IMG_0028.mp4,557,18.566666666666666,30.0,216,1,traffic_lights,0.4652610421180725,1371.35693359375,423.1192321777344,1395.7613525390625,479.70269775390625,1383.5591430664062,451.4109649658203,24.4044189453125,56.583465576171875
IMG_0028.mp4,557,18.566666666666666,30.0,159,2,traffic_signs,0.9453434348106384,1417.0579833984375,532.0272216796875,1468.854248046875,614.5211791992188,1442.9561157226562,573.2742004394531,51.7962646484375,82.49395751953125
IMG_0028.mp4,558,18.6,30.0,216,1,traffic_lights,0.6526285409927368,1372.9185791015625,421.9502868652344,1397.3193359375,478.9002685546875,1385.1189575195312,450.42527770996094,24.4007568359375,56.949981689453125
IMG_0028.mp4,558,18.6,30.0,159,2,traffic_signs,0.9356497526168823,1420.4820556640625,530.1798095703125,1472.669677734375,613.1206665039062,1446.5758666992188,571.6502380371094,52.1876220703125,82.94085693359375
IMG_0028.mp4,559,18.633333333333333,30.0,216,1,traffic_lights,0.7166423201560974,1374.7904052734375,420.64581298828125,1398.636474609375,477.86590576171875,1386.7134399414062,449.255859375,23.8460693359375,57.2200927734375
IMG_0028.mp4,559,18.633333333333333,30.0,159,2,traffic_signs,0.9415598511695862,1423.6015625,528.1598510742188,1476.16943359375,612.3418579101562,1449.885498046875,570.2508544921875,52.56787109375,84.1820068359375
IMG_0028.mp4,559,18.633333333333333,30.0,285,2,traffic_signs,0.7655463814735413,1806.116943359375,370.6548156738281,1920.0,517.5470581054688,1863.0584716796875,444.10093688964844,113.883056640625,146.89224243164062
IMG_0028.mp4,560,18.666666666666668,30.0,216,1,traffic_lights,0.600967526435852,1375.9351806640625,418.0183410644531,1399.7666015625,476.9048767089844,1387.8508911132812,447.46160888671875,23.8314208984375,58.88653564453125
IMG_0028.mp4,560,18.666666666666668,30.0,159,2,traffic_signs,0.9315943121910095,1426.39990234375,526.095947265625,1479.952880859375,611.3019409179688,1453.1763916015625,568.6989440917969,53.552978515625,85.20599365234375
IMG_0028.mp4,561,18.7,30.0,216,1,traffic_lights,0.8051586151123047,1377.01416015625,416.95074462890625,1400.9437255859375,476.7436828613281,1388.9789428710938,446.8472137451172,23.9295654296875,59.792938232421875
IMG_0028.mp4,561,18.7,30.0,159,2,traffic_signs,0.946283757686615,1429.14599609375,525.314453125,1483.297607421875,611.1856079101562,1456.2218017578125,568.2500305175781,54.151611328125,85.87115478515625
IMG_0028.mp4,561,18.7,30.0,271,1,traffic_lights,0.3090569078922272,1317.22314453125,675.8330078125,1328.01904296875,690.8167114257812,1322.62109375,683.3248596191406,10.7958984375,14.98370361328125
IMG_0028.mp4,561,18.7,30.0,285,2,traffic_signs,0.6198870539665222,1827.314453125,367.6038818359375,1920.0,515.5748901367188,1873.6572265625,441.5893859863281,92.685546875,147.97100830078125
IMG_0028.mp4,562,18.733333333333334,30.0,216,1,traffic_lights,0.7743234634399414,1378.4803466796875,415.9931335449219,1403.0238037109375,475.4016418457031,1390.7520751953125,445.6973876953125,24.54345703125,59.40850830078125
IMG_0028.mp4,562,18.733333333333334,30.0,159,2,traffic_signs,0.9505778551101685,1432.3631591796875,523.3322143554688,1487.0263671875,609.8702392578125,1459.6947631835938,566.6012268066406,54.6632080078125,86.53802490234375
IMG_0028.mp4,562,18.733333333333334,30.0,271,1,traffic_lights,0.38715893030166626,1318.1453857421875,675.69189453125,1328.767578125,691.296875,1323.4564819335938,683.494384765625,10.6221923828125,15.60498046875
IMG_0028.mp4,563,18.766666666666666,30.0,216,1,traffic_lights,0.744360089302063,1379.280029296875,415.23968505859375,1403.840576171875,474.0055847167969,1391.560302734375,444.6226348876953,24.560546875,58.765899658203125
IMG_0028.mp4,563,18.766666666666666,30.0,159,2,traffic_signs,0.9511806964874268,1435.46337890625,521.7666625976562,1490.1802978515625,608.566162109375,1462.8218383789062,565.1664123535156,54.7169189453125,86.79949951171875
IMG_0028.mp4,564,18.8,30.0,216,1,traffic_lights,0.693056046962738,1380.8760986328125,413.3530578613281,1406.4544677734375,473.0025939941406,1393.665283203125,443.1778259277344,25.578369140625,59.6495361328125
IMG_0028.mp4,564,18.8,30.0,159,2,traffic_signs,0.949922502040863,1438.4114990234375,520.148193359375,1493.8592529296875,608.280517578125,1466.1353759765625,564.21435546875,55.44775390625,88.13232421875
IMG_0028.mp4,564,18.8,30.0,271,1,traffic_lights,0.27148693799972534,1319.70263671875,672.5379028320312,1330.2640380859375,690.4093627929688,1324.9833374023438,681.4736328125,10.5614013671875,17.8714599609375
IMG_0028.mp4,565,18.833333333333332,30.0,216,1,traffic_lights,0.77707839012146,1381.678955078125,411.61676025390625,1407.47802734375,472.36517333984375,1394.5784912109375,441.990966796875,25.799072265625,60.7484130859375
IMG_0028.mp4,565,18.833333333333332,30.0,159,2,traffic_signs,0.9490132331848145,1441.48828125,517.8585815429688,1497.510009765625,606.7161865234375,1469.4991455078125,562.2873840332031,56.021728515625,88.85760498046875
IMG_0028.mp4,566,18.866666666666667,30.0,216,1,traffic_lights,0.8282890915870667,1382.6988525390625,410.1972351074219,1408.4537353515625,471.7062072753906,1395.5762939453125,440.95172119140625,25.7548828125,61.50897216796875
IMG_0028.mp4,566,18.866666666666667,30.0,159,2,traffic_signs,0.9414048194885254,1445.482421875,515.2886352539062,1501.1641845703125,605.1558837890625,1473.3233032226562,560.2222595214844,55.6817626953125,89.86724853515625
IMG_0028.mp4,566,18.866666666666667,30.0,285,2,traffic_signs,0.5338386297225952,1882.60205078125,353.2791748046875,1920.0,497.8388671875,1901.301025390625,425.55902099609375,37.39794921875,144.5596923828125
IMG_0028.mp4,567,18.9,30.0,216,1,traffic_lights,0.8188633918762207,1383.9732666015625,409.162353515625,1409.618896484375,470.6793212890625,1396.7960815429688,439.92083740234375,25.6456298828125,61.5169677734375
IMG_0028.mp4,567,18.9,30.0,159,2,traffic_signs,0.9219825863838196,1448.5755615234375,512.9171752929688,1505.3363037109375,604.227294921875,1476.9559326171875,558.5722351074219,56.7607421875,91.31011962890625
IMG_0028.mp4,568,18.933333333333334,30.0,216,1,traffic_lights,0.7085904479026794,1385.229736328125,408.1607971191406,1411.304443359375,469.2395324707031,1398.26708984375,438.7001647949219,26.07470703125,61.0787353515625
IMG_0028.mp4,568,18.933333333333334,30.0,159,2,traffic_signs,0.8194690346717834,1450.8040771484375,511.9461669921875,1508.14208984375,603.3781127929688,1479.4730834960938,557.6621398925781,57.3380126953125,91.43194580078125
IMG_0028.mp4,569,18.966666666666665,30.0,216,1,traffic_lights,0.7088955640792847,1386.6329345703125,406.68426513671875,1412.4796142578125,468.8784484863281,1399.5562744140625,437.78135681152344,25.8466796875,62.194183349609375
IMG_0028.mp4,569,18.966666666666665,30.0,159,2,traffic_signs,0.9338475465774536,1452.8485107421875,510.47869873046875,1511.2364501953125,602.75,1482.04248046875,556.6143493652344,58.387939453125,92.27130126953125
IMG_0028.mp4,570,19.0,30.0,216,1,traffic_lights,0.793891966342926,1387.9781494140625,404.8014831542969,1413.5604248046875,468.2792663574219,1400.769287109375,436.5403747558594,25.582275390625,63.477783203125
IMG_0028.mp4,570,19.0,30.0,159,2,traffic_signs,0.943522036075592,1455.6663818359375,509.0296936035156,1514.31494140625,601.524658203125,1484.9906616210938,555.2771759033203,58.6485595703125,92.49496459960938
IMG_0028.mp4,571,19.033333333333335,30.0,216,1,traffic_lights,0.8159897327423096,1389.678466796875,403.6260681152344,1414.5987548828125,466.8860778808594,1402.1386108398438,435.2560729980469,24.9202880859375,63.260009765625
IMG_0028.mp4,571,19.033333333333335,30.0,159,2,traffic_signs,0.9448363780975342,1459.0772705078125,507.086181640625,1518.2696533203125,600.4312133789062,1488.6734619140625,553.7586975097656,59.1923828125,93.34503173828125
IMG_0028.mp4,572,19.066666666666666,30.0,216,1,traffic_lights,0.828291118144989,1391.0181884765625,403.30767822265625,1415.39501953125,465.7947082519531,1403.2066040039062,434.5511932373047,24.3768310546875,62.487030029296875
IMG_0028.mp4,572,19.066666666666666,30.0,159,2,traffic_signs,0.9382644891738892,1462.0028076171875,505.4310302734375,1522.5792236328125,599.257080078125,1492.291015625,552.3440551757812,60.576416015625,93.8260498046875
IMG_0028.mp4,573,19.1,30.0,216,1,traffic_lights,0.7595643401145935,1392.232666015625,402.2239685058594,1416.4969482421875,464.6262512207031,1404.3648071289062,433.42510986328125,24.2642822265625,62.40228271484375
IMG_0028.mp4,573,19.1,30.0,159,2,traffic_signs,0.8971183896064758,1465.5750732421875,503.1195373535156,1526.7445068359375,598.0958251953125,1496.1597900390625,550.6076812744141,61.16943359375,94.97628784179688
IMG_0028.mp4,574,19.133333333333333,30.0,216,1,traffic_lights,0.6202971339225769,1393.29833984375,400.5561218261719,1418.640869140625,463.540283203125,1405.9696044921875,432.04820251464844,25.342529296875,62.984161376953125
IMG_0028.mp4,574,19.133333333333333,30.0,159,2,traffic_signs,0.7456458806991577,1469.037841796875,500.857421875,1530.2811279296875,596.12109375,1499.6594848632812,548.4892578125,61.2432861328125,95.263671875
IMG_0028.mp4,574,19.133333333333333,30.0,289,1,traffic_lights,0.5212998390197754,1392.626953125,400.8524475097656,1418.039794921875,463.59344482421875,1405.3333740234375,432.2229461669922,25.412841796875,62.740997314453125
IMG_0028.mp4,575,19.166666666666668,30.0,216,1,traffic_lights,0.8407284617424011,1394.128662109375,399.0497741699219,1420.1063232421875,462.3743591308594,1407.1174926757812,430.7120666503906,25.9776611328125,63.3245849609375
IMG_0028.mp4,575,19.166666666666668,30.0,159,2,traffic_signs,0.9213777184486389,1472.1226806640625,499.19580078125,1534.0035400390625,594.494140625,1503.0631103515625,546.844970703125,61.880859375,95.29833984375
IMG_0028.mp4,576,19.2,30.0,216,1,traffic_lights,0.8253204226493835,1395.2706298828125,398.0389404296875,1421.6024169921875,461.48773193359375,1408.4365234375,429.7633361816406,26.331787109375,63.44879150390625
IMG_0028.mp4,576,19.2,30.0,159,2,traffic_signs,0.924767255783081,1475.3145751953125,497.48974609375,1537.3739013671875,593.2578735351562,1506.34423828125,545.3738098144531,62.059326171875,95.76812744140625
IMG_0028.mp4,577,19.233333333333334,30.0,216,1,traffic_lights,0.7794092297554016,1396.65087890625,396.7653503417969,1423.0013427734375,460.5491027832031,1409.8261108398438,428.6572265625,26.3504638671875,63.78375244140625
IMG_0028.mp4,577,19.233333333333334,30.0,159,2,traffic_signs,0.92617267370224,1477.9970703125,496.11920166015625,1541.048095703125,592.4043579101562,1509.5225830078125,544.2617797851562,63.051025390625,96.28515625
IMG_0028.mp4,578,19.266666666666666,30.0,216,1,traffic_lights,0.6933977603912354,1398.0230712890625,394.4879455566406,1424.3875732421875,459.0978088378906,1411.205322265625,426.7928771972656,26.364501953125,64.60986328125
IMG_0028.mp4,578,19.266666666666666,30.0,159,2,traffic_signs,0.9369938373565674,1480.80810546875,493.8694152832031,1545.0555419921875,591.2000122070312,1512.9318237304688,542.5347137451172,64.2474365234375,97.33059692382812
IMG_0028.mp4,579,19.3,30.0,216,1,traffic_lights,0.7259295582771301,1399.040283203125,392.51226806640625,1425.46044921875,458.22735595703125,1412.2503662109375,425.36981201171875,26.420166015625,65.715087890625
IMG_0028.mp4,579,19.3,30.0,159,2,traffic_signs,0.941587507724762,1483.6275634765625,491.732177734375,1548.525634765625,590.0210571289062,1516.0765991210938,540.8766174316406,64.8980712890625,98.28887939453125
IMG_0028.mp4,580,19.333333333333332,30.0,216,1,traffic_lights,0.8064612746238708,1399.2867431640625,390.9461669921875,1426.08203125,457.73248291015625,1412.6843872070312,424.3393249511719,26.7952880859375,66.78631591796875
IMG_0028.mp4,580,19.333333333333332,30.0,159,2,traffic_signs,0.9178755879402161,1486.2042236328125,490.3271179199219,1551.7332763671875,589.0281982421875,1518.96875,539.6776580810547,65.529052734375,98.70108032226562
IMG_0028.mp4,581,19.366666666666667,30.0,216,1,traffic_lights,0.828980565071106,1400.0087890625,390.30914306640625,1426.516845703125,456.9232482910156,1413.2628173828125,423.61619567871094,26.508056640625,66.61410522460938
IMG_0028.mp4,581,19.366666666666667,30.0,159,2,traffic_signs,0.4463299810886383,1489.1378173828125,488.58270263671875,1555.2882080078125,587.4564819335938,1522.2130126953125,538.0195922851562,66.150390625,98.873779296875
IMG_0028.mp4,582,19.4,30.0,216,1,traffic_lights,0.74815434217453,1400.745361328125,389.6658935546875,1427.3316650390625,456.10406494140625,1414.0385131835938,422.8849792480469,26.5863037109375,66.43817138671875
IMG_0028.mp4,582,19.4,30.0,159,2,traffic_signs,0.8840972185134888,1491.987060546875,486.92083740234375,1558.3121337890625,587.3193359375,1525.1495971679688,537.1200866699219,66.3250732421875,100.39849853515625
IMG_0028.mp4,583,19.433333333333334,30.0,216,1,traffic_lights,0.7361965775489807,1401.815673828125,388.4781188964844,1428.149658203125,454.66552734375,1414.982666015625,421.5718231201172,26.333984375,66.18740844726562
IMG_0028.mp4,583,19.433333333333334,30.0,159,2,traffic_signs,0.915601909160614,1494.956787109375,484.9466857910156,1561.5006103515625,587.0518798828125,1528.2286987304688,535.9992828369141,66.5438232421875,102.10519409179688
IMG_0028.mp4,583,19.433333333333334,30.0,291,1,traffic_lights,0.3757946193218231,1333.7059326171875,639.8687744140625,1365.431640625,687.9215698242188,1349.5687866210938,663.8951721191406,31.7257080078125,48.05279541015625
IMG_0028.mp4,584,19.466666666666665,30.0,216,1,traffic_lights,0.7196805477142334,1402.46630859375,387.1166076660156,1429.1015625,453.25006103515625,1415.783935546875,420.18333435058594,26.63525390625,66.13345336914062
IMG_0028.mp4,584,19.466666666666665,30.0,159,2,traffic_signs,0.9204056262969971,1498.0936279296875,482.568115234375,1565.260009765625,586.2577514648438,1531.6768188476562,534.4129333496094,67.1663818359375,103.68963623046875
IMG_0028.mp4,584,19.466666666666665,30.0,291,1,traffic_lights,0.3974698781967163,1334.157470703125,638.5748901367188,1365.209228515625,686.7901000976562,1349.683349609375,662.6824951171875,31.0517578125,48.2152099609375
IMG_0028.mp4,585,19.5,30.0,216,1,traffic_lights,0.8153917193412781,1403.7086181640625,385.64788818359375,1430.99560546875,451.90252685546875,1417.3521118164062,418.77520751953125,27.2869873046875,66.254638671875
IMG_0028.mp4,585,19.5,30.0,159,2,traffic_signs,0.9162964820861816,1501.3497314453125,480.21575927734375,1569.423583984375,585.9197998046875,1535.3866577148438,533.0677795410156,68.0738525390625,105.70404052734375
IMG_0028.mp4,585,19.5,30.0,291,1,traffic_lights,0.30973708629608154,1334.90478515625,638.2401123046875,1365.273681640625,686.8101196289062,1350.0892333984375,662.5251159667969,30.368896484375,48.57000732421875
IMG_0028.mp4,586,19.533333333333335,30.0,216,1,traffic_lights,0.8410859704017639,1404.0787353515625,384.45330810546875,1431.8199462890625,451.04693603515625,1417.9493408203125,417.7501220703125,27.7412109375,66.5936279296875
IMG_0028.mp4,586,19.533333333333335,30.0,159,2,traffic_signs,0.9281756281852722,1504.430419921875,478.11322021484375,1572.6112060546875,584.3812255859375,1538.5208129882812,531.2472229003906,68.1807861328125,106.26800537109375
IMG_0028.mp4,586,19.533333333333335,30.0,291,1,traffic_lights,0.27034661173820496,1335.6529541015625,637.9968872070312,1365.5966796875,686.4263305664062,1350.6248168945312,662.2116088867188,29.9437255859375,48.429443359375
IMG_0028.mp4,586,19.533333333333335,30.0,292,1,traffic_lights,0.6438643336296082,1403.087890625,384.9850158691406,1430.871826171875,450.88128662109375,1416.9798583984375,417.9331512451172,27.783935546875,65.89627075195312
IMG_0028.mp4,587,19.566666666666666,30.0,216,1,traffic_lights,0.8506457209587097,1404.240966796875,383.09967041015625,1431.94580078125,449.3992919921875,1418.0933837890625,416.2494812011719,27.704833984375,66.29962158203125
IMG_0028.mp4,587,19.566666666666666,30.0,159,2,traffic_signs,0.7581561207771301,1506.8038330078125,475.3313293457031,1576.422119140625,582.9385986328125,1541.6129760742188,529.1349639892578,69.6182861328125,107.60726928710938
IMG_0028.mp4,588,19.6,30.0,216,1,traffic_lights,0.8254155516624451,1405.071533203125,381.9842529296875,1433.152099609375,448.44268798828125,1419.11181640625,415.2134704589844,28.08056640625,66.45843505859375
IMG_0028.mp4,588,19.6,30.0,159,2,traffic_signs,0.9046874642372131,1510.3427734375,473.63714599609375,1580.4576416015625,580.3494262695312,1545.4002075195312,526.9932861328125,70.1148681640625,106.7122802734375
IMG_0028.mp4,589,19.633333333333333,30.0,216,1,traffic_lights,0.8236083388328552,1405.7581787109375,380.9141540527344,1434.0594482421875,447.5135192871094,1419.9088134765625,414.2138366699219,28.30126953125,66.599365234375
IMG_0028.mp4,589,19.633333333333333,30.0,159,2,traffic_signs,0.9432622790336609,1513.1551513671875,471.5782165527344,1583.694091796875,578.5890502929688,1548.4246215820312,525.0836334228516,70.5389404296875,107.01083374023438
IMG_0028.mp4,590,19.666666666666668,30.0,216,1,traffic_lights,0.8131554126739502,1406.78076171875,380.1651611328125,1435.2674560546875,446.36993408203125,1421.0241088867188,413.2675476074219,28.4866943359375,66.20477294921875
IMG_0028.mp4,590,19.666666666666668,30.0,159,2,traffic_signs,0.9436798691749573,1515.571044921875,470.0684509277344,1586.9354248046875,577.0569458007812,1551.2532348632812,523.5626983642578,71.3643798828125,106.98849487304688
IMG_0028.mp4,591,19.7,30.0,216,1,traffic_lights,0.8376357555389404,1407.48583984375,378.7815856933594,1435.419677734375,444.8733215332031,1421.4527587890625,411.82745361328125,27.933837890625,66.09173583984375
IMG_0028.mp4,591,19.7,30.0,159,2,traffic_signs,0.9343857765197754,1518.070068359375,467.4912109375,1591.4766845703125,575.049560546875,1554.7733764648438,521.2703857421875,73.4066162109375,107.558349609375
IMG_0028.mp4,592,19.733333333333334,30.0,216,1,traffic_lights,0.8222691416740417,1408.2440185546875,378.06756591796875,1435.877685546875,443.6185302734375,1422.0608520507812,410.8430480957031,27.6336669921875,65.55096435546875
IMG_0028.mp4,592,19.733333333333334,30.0,159,2,traffic_signs,0.9313881397247314,1521.1751708984375,464.4339294433594,1595.79541015625,573.1566772460938,1558.4852905273438,518.7953033447266,74.6202392578125,108.72274780273438
IMG_0028.mp4,593,19.766666666666666,30.0,216,1,traffic_lights,0.81239914894104,1408.83056640625,377.1162109375,1436.306396484375,442.7520446777344,1422.5684814453125,409.9341278076172,27.475830078125,65.63583374023438
IMG_0028.mp4,593,19.766666666666666,30.0,159,2,traffic_signs,0.8001835346221924,1523.7384033203125,461.5635070800781,1599.134033203125,571.5874633789062,1561.4362182617188,516.5754852294922,75.3956298828125,110.02395629882812
IMG_0028.mp4,593,19.766666666666666,30.0,291,1,traffic_lights,0.2834043502807617,1336.533203125,635.3499145507812,1365.5943603515625,685.5691528320312,1351.0637817382812,660.4595336914062,29.0611572265625,50.21923828125
IMG_0028.mp4,594,19.8,30.0,216,1,traffic_lights,0.771109402179718,1408.6817626953125,375.46075439453125,1436.6492919921875,441.52435302734375,1422.66552734375,408.4925537109375,27.967529296875,66.0635986328125
IMG_0028.mp4,594,19.8,30.0,159,2,traffic_signs,0.7855406403541565,1526.1104736328125,459.244384765625,1602.98095703125,570.0755004882812,1564.5457153320312,514.6599426269531,76.8704833984375,110.83111572265625
IMG_0028.mp4,594,19.8,30.0,291,1,traffic_lights,0.532736599445343,1336.8284912109375,635.2468872070312,1366.1802978515625,685.1346435546875,1351.50439453125,660.1907653808594,29.351806640625,49.88775634765625
IMG_0028.mp4,595,19.833333333333332,30.0,216,1,traffic_lights,0.6386612057685852,1408.11279296875,373.2857666015625,1436.8658447265625,440.1885070800781,1422.4893188476562,406.7371368408203,28.7530517578125,66.90274047851562
IMG_0028.mp4,595,19.833333333333332,30.0,159,2,traffic_signs,0.853696882724762,1528.397216796875,457.0153503417969,1605.930908203125,567.9264526367188,1567.1640625,512.4709014892578,77.53369140625,110.91110229492188
IMG_0028.mp4,595,19.833333333333332,30.0,291,1,traffic_lights,0.26079899072647095,1336.52734375,635.41259765625,1365.9547119140625,684.5911254882812,1351.2410278320312,660.0018615722656,29.4273681640625,49.17852783203125
IMG_0028.mp4,596,19.866666666666667,30.0,216,1,traffic_lights,0.7532533407211304,1408.3201904296875,371.7284851074219,1436.9068603515625,438.5609436035156,1422.613525390625,405.14471435546875,28.586669921875,66.83245849609375
IMG_0028.mp4,596,19.866666666666667,30.0,159,2,traffic_signs,0.8380653262138367,1531.322998046875,455.6533508300781,1608.626220703125,566.5794067382812,1569.974609375,511.1163787841797,77.30322265625,110.92605590820312
IMG_0028.mp4,596,19.866666666666667,30.0,291,1,traffic_lights,0.33935534954071045,1336.051513671875,635.5661010742188,1365.8848876953125,684.4271240234375,1350.9682006835938,659.9966125488281,29.8333740234375,48.86102294921875
IMG_0028.mp4,597,19.9,30.0,216,1,traffic_lights,0.5800126194953918,1407.9775390625,370.4945373535156,1436.9871826171875,437.1110534667969,1422.4823608398438,403.80279541015625,29.0096435546875,66.61651611328125
IMG_0028.mp4,597,19.9,30.0,159,2,traffic_signs,0.70417320728302,1533.693359375,453.0369567871094,1611.364990234375,565.248291015625,1572.5291748046875,509.1426239013672,77.671630859375,112.21133422851562
IMG_0028.mp4,597,19.9,30.0,291,1,traffic_lights,0.4395894408226013,1334.87158203125,636.6554565429688,1365.078369140625,684.2138061523438,1349.9749755859375,660.4346313476562,30.206787109375,47.558349609375
IMG_0028.mp4,598,19.933333333333334,30.0,216,1,traffic_lights,0.5900315046310425,1407.9901123046875,369.4389953613281,1437.199462890625,436.3833923339844,1422.5947875976562,402.91119384765625,29.2093505859375,66.94439697265625
IMG_0028.mp4,598,19.933333333333334,30.0,159,2,traffic_signs,0.7120581865310669,1535.71630859375,450.76104736328125,1613.9739990234375,564.4761962890625,1574.8451538085938,507.6186218261719,78.2576904296875,113.71514892578125
IMG_0028.mp4,598,19.933333333333334,30.0,291,1,traffic_lights,0.6032507419586182,1334.2479248046875,637.2130126953125,1364.549560546875,684.9872436523438,1349.3987426757812,661.1001281738281,30.3016357421875,47.77423095703125
IMG_0028.mp4,599,19.966666666666665,30.0,216,1,traffic_lights,0.5949856638908386,1407.7044677734375,368.4367370605469,1437.7113037109375,435.2913818359375,1422.7078857421875,401.8640594482422,30.0068359375,66.85464477539062
IMG_0028.mp4,599,19.966666666666665,30.0,159,2,traffic_signs,0.8025878667831421,1537.9024658203125,447.42828369140625,1617.84423828125,562.8514404296875,1577.8733520507812,505.1398620605469,79.9417724609375,115.42315673828125
IMG_0028.mp4,599,19.966666666666665,30.0,291,1,traffic_lights,0.6687021851539612,1333.88818359375,634.9915161132812,1364.3485107421875,684.6880493164062,1349.1183471679688,659.8397827148438,30.4603271484375,49.696533203125
IMG_0028.mp4,600,20.0,30.0,216,1,traffic_lights,0.6985712647438049,1407.3192138671875,366.92633056640625,1437.78271484375,434.6705017089844,1422.5509643554688,400.7984161376953,30.4635009765625,67.74417114257812
IMG_0028.mp4,600,20.0,30.0,159,2,traffic_signs,0.7313251495361328,1540.0523681640625,444.8260803222656,1621.935791015625,561.3779296875,1580.9940795898438,503.1020050048828,81.8834228515625,116.55184936523438
IMG_0028.mp4,600,20.0,30.0,291,1,traffic_lights,0.7154825925827026,1333.7379150390625,634.1420288085938,1363.953369140625,685.3067626953125,1348.8456420898438,659.7243957519531,30.2154541015625,51.16473388671875
IMG_0028.mp4,601,20.033333333333335,30.0,216,1,traffic_lights,0.599060595035553,1406.3323974609375,366.71875,1437.691650390625,433.71173095703125,1422.0120239257812,400.2152404785156,31.3592529296875,66.99298095703125
IMG_0028.mp4,601,20.033333333333335,30.0,159,2,traffic_signs,0.6315350532531738,1541.998779296875,442.3759765625,1624.88818359375,560.2741088867188,1583.4434814453125,501.3250427246094,82.889404296875,117.89813232421875
IMG_0028.mp4,601,20.033333333333335,30.0,291,1,traffic_lights,0.6832448840141296,1334.111572265625,633.2699584960938,1363.48779296875,685.1111450195312,1348.7996826171875,659.1905517578125,29.376220703125,51.8411865234375
IMG_0028.mp4,602,20.066666666666666,30.0,216,1,traffic_lights,0.7310167551040649,1406.7772216796875,365.0216064453125,1437.342529296875,432.33673095703125,1422.0598754882812,398.6791687011719,30.5653076171875,67.31512451171875
IMG_0028.mp4,602,20.066666666666666,30.0,159,2,traffic_signs,0.6363030076026917,1544.583251953125,438.7673034667969,1629.0047607421875,558.4970092773438,1586.7940063476562,498.6321563720703,84.4215087890625,119.72970581054688
IMG_0028.mp4,602,20.066666666666666,30.0,291,1,traffic_lights,0.6603941917419434,1333.7000732421875,632.99609375,1363.13916015625,684.89697265625,1348.4196166992188,658.946533203125,29.4390869140625,51.90087890625
IMG_0028.mp4,603,20.1,30.0,216,1,traffic_lights,0.7834607362747192,1406.0281982421875,361.9818115234375,1436.77783203125,430.8943786621094,1421.4030151367188,396.43809509277344,30.7496337890625,68.91256713867188
IMG_0028.mp4,603,20.1,30.0,159,2,traffic_signs,0.7089176177978516,1547.3192138671875,435.6027526855469,1632.0537109375,556.1380615234375,1589.6864624023438,495.8704071044922,84.7344970703125,120.53530883789062
IMG_0028.mp4,603,20.1,30.0,291,1,traffic_lights,0.4865954518318176,1333.731201171875,632.6400146484375,1362.0889892578125,684.1517333984375,1347.9100952148438,658.3958740234375,28.3577880859375,51.51171875
IMG_0028.mp4,604,20.133333333333333,30.0,216,1,traffic_lights,0.8197889924049377,1404.9935302734375,359.1159973144531,1435.9405517578125,429.8326721191406,1420.467041015625,394.4743347167969,30.947021484375,70.7166748046875
IMG_0028.mp4,604,20.133333333333333,30.0,159,2,traffic_signs,0.36490410566329956,1548.7117919921875,433.76629638671875,1633.6231689453125,554.2459106445312,1591.16748046875,494.006103515625,84.911376953125,120.4796142578125
IMG_0028.mp4,604,20.133333333333333,30.0,291,1,traffic_lights,0.392065167427063,1331.4815673828125,630.6370239257812,1360.706787109375,682.4691162109375,1346.0941772460938,656.5530700683594,29.2252197265625,51.83209228515625
IMG_0028.mp4,605,20.166666666666668,30.0,216,1,traffic_lights,0.8483309745788574,1403.9180908203125,358.3043212890625,1434.3408203125,429.0987548828125,1419.1294555664062,393.7015380859375,30.4227294921875,70.79443359375
IMG_0028.mp4,605,20.166666666666668,30.0,159,2,traffic_signs,0.8213923573493958,1551.260498046875,432.1094970703125,1635.8697509765625,553.019287109375,1593.5651245117188,492.56439208984375,84.6092529296875,120.9097900390625
IMG_0028.mp4,605,20.166666666666668,30.0,291,1,traffic_lights,0.2907469868659973,1332.2982177734375,633.7537841796875,1359.8052978515625,681.5004272460938,1346.0517578125,657.6271057128906,27.507080078125,47.74664306640625
IMG_0028.mp4,605,20.166666666666668,30.0,298,2,traffic_signs,0.42407897114753723,1533.5638427734375,576.3463134765625,1563.3804931640625,629.9600219726562,1548.47216796875,603.1531677246094,29.816650390625,53.61370849609375
IMG_0028.mp4,606,20.2,30.0,216,1,traffic_lights,0.8464426398277283,1402.8421630859375,356.628173828125,1433.6112060546875,427.0157165527344,1418.2266845703125,391.8219451904297,30.76904296875,70.38754272460938
IMG_0028.mp4,606,20.2,30.0,159,2,traffic_signs,0.7337943911552429,1553.14599609375,429.06268310546875,1638.7032470703125,551.5068969726562,1595.9246215820312,490.2847900390625,85.5572509765625,122.4442138671875
IMG_0028.mp4,606,20.2,30.0,298,2,traffic_signs,0.5773420333862305,1533.3624267578125,575.1265869140625,1563.044921875,629.391845703125,1548.2036743164062,602.2592163085938,29.6824951171875,54.2652587890625
IMG_0028.mp4,607,20.233333333333334,30.0,216,1,traffic_lights,0.8495981693267822,1402.0740966796875,355.2774353027344,1432.815185546875,425.6161193847656,1417.4446411132812,390.44677734375,30.7410888671875,70.33868408203125
IMG_0028.mp4,607,20.233333333333334,30.0,159,2,traffic_signs,0.7328915596008301,1554.588134765625,426.1153564453125,1642.2940673828125,549.7671508789062,1598.4411010742188,487.9412536621094,87.7059326171875,123.65179443359375
IMG_0028.mp4,607,20.233333333333334,30.0,291,1,traffic_lights,0.3748476803302765,1328.9539794921875,626.9494018554688,1357.8548583984375,681.459228515625,1343.4044189453125,654.2043151855469,28.90087890625,54.50982666015625
IMG_0028.mp4,608,20.266666666666666,30.0,216,1,traffic_lights,0.6704578995704651,1400.800048828125,354.7269592285156,1430.644775390625,424.729248046875,1415.722412109375,389.7281036376953,29.8447265625,70.00228881835938
IMG_0028.mp4,608,20.266666666666666,30.0,159,2,traffic_signs,0.722342848777771,1555.920654296875,423.89691162109375,1644.9969482421875,548.7523193359375,1600.4588012695312,486.3246154785156,89.0762939453125,124.85540771484375
IMG_0028.mp4,608,20.266666666666666,30.0,291,1,traffic_lights,0.43024203181266785,1328.879150390625,625.7705078125,1356.94580078125,681.6868896484375,1342.9124755859375,653.7286987304688,28.066650390625,55.9163818359375
IMG_0028.mp4,608,20.266666666666666,30.0,298,2,traffic_signs,0.5085455179214478,1532.501220703125,573.9794311523438,1562.7130126953125,628.3533935546875,1547.6071166992188,601.1664123535156,30.2117919921875,54.37396240234375
IMG_0028.mp4,609,20.3,30.0,216,1,traffic_lights,0.8172320127487183,1400.3800048828125,353.1689758300781,1428.49072265625,423.8078308105469,1414.4353637695312,388.4884033203125,28.1107177734375,70.63885498046875
IMG_0028.mp4,609,20.3,30.0,159,2,traffic_signs,0.8106473684310913,1557.5897216796875,420.8705139160156,1646.924072265625,546.677490234375,1602.2568969726562,483.7740020751953,89.3343505859375,125.80697631835938
IMG_0028.mp4,609,20.3,30.0,291,1,traffic_lights,0.7396127581596375,1325.2760009765625,624.954345703125,1355.393798828125,679.9144287109375,1340.3348999023438,652.4343872070312,30.1177978515625,54.9600830078125
IMG_0028.mp4,609,20.3,30.0,298,2,traffic_signs,0.8548807501792908,1531.5064697265625,571.6992797851562,1563.13525390625,628.1580200195312,1547.3208618164062,599.9286499023438,31.6287841796875,56.458740234375
IMG_0028.mp4,610,20.333333333333332,30.0,216,1,traffic_lights,0.8070946335792542,1399.494384765625,352.1756286621094,1427.409423828125,422.7916259765625,1413.451904296875,387.48362731933594,27.9150390625,70.61599731445312
IMG_0028.mp4,610,20.333333333333332,30.0,159,2,traffic_signs,0.8415567278862,1559.16064453125,417.8823547363281,1649.1251220703125,544.0167846679688,1604.1428833007812,480.94956970214844,89.9644775390625,126.13442993164062
IMG_0028.mp4,610,20.333333333333332,30.0,291,1,traffic_lights,0.42506372928619385,1323.3199462890625,623.83837890625,1354.15283203125,680.4964599609375,1338.7363891601562,652.1674194335938,30.8328857421875,56.6580810546875
IMG_0028.mp4,610,20.333333333333332,30.0,298,2,traffic_signs,0.7776248455047607,1530.8282470703125,570.5243530273438,1562.67138671875,627.4552612304688,1546.7498168945312,598.9898071289062,31.8431396484375,56.930908203125
IMG_0028.mp4,611,20.366666666666667,30.0,216,1,traffic_lights,0.7822626829147339,1397.8656005859375,350.6930236816406,1425.56591796875,421.8809814453125,1411.7157592773438,386.28700256347656,27.7003173828125,71.18795776367188
IMG_0028.mp4,611,20.366666666666667,30.0,159,2,traffic_signs,0.6985169053077698,1560.1568603515625,414.8617248535156,1650.8240966796875,542.164794921875,1605.490478515625,478.5132598876953,90.667236328125,127.30307006835938
IMG_0028.mp4,611,20.366666666666667,30.0,291,1,traffic_lights,0.3456164002418518,1324.85107421875,623.1714477539062,1352.143310546875,679.2838745117188,1338.4971923828125,651.2276611328125,27.292236328125,56.1124267578125
IMG_0028.mp4,611,20.366666666666667,30.0,298,2,traffic_signs,0.6629481911659241,1529.36962890625,569.7495727539062,1561.2376708984375,626.8023681640625,1545.3036499023438,598.2759704589844,31.8680419921875,57.05279541015625
IMG_0028.mp4,612,20.4,30.0,216,1,traffic_lights,0.8526309728622437,1396.5037841796875,349.18896484375,1424.7286376953125,420.31695556640625,1410.6162109375,384.7529602050781,28.224853515625,71.12799072265625
IMG_0028.mp4,612,20.4,30.0,159,2,traffic_signs,0.7779906392097473,1561.1829833984375,411.7013244628906,1652.9205322265625,540.3290405273438,1607.0517578125,476.0151824951172,91.737548828125,128.62771606445312
IMG_0028.mp4,612,20.4,30.0,298,2,traffic_signs,0.7321180105209351,1528.1756591796875,568.5264892578125,1559.8031005859375,626.1378784179688,1543.9893798828125,597.3321838378906,31.62744140625,57.61138916015625
IMG_0028.mp4,613,20.433333333333334,30.0,216,1,traffic_lights,0.811607837677002,1395.51611328125,346.16143798828125,1423.92626953125,418.67938232421875,1409.72119140625,382.42041015625,28.41015625,72.5179443359375
IMG_0028.mp4,613,20.433333333333334,30.0,159,2,traffic_signs,0.7930585145950317,1562.189697265625,408.8915710449219,1654.8436279296875,538.2805786132812,1608.5166625976562,473.58607482910156,92.6539306640625,129.38900756835938
IMG_0028.mp4,613,20.433333333333334,30.0,298,2,traffic_signs,0.7640933394432068,1527.134521484375,567.4591064453125,1558.7520751953125,625.5009155273438,1542.9432983398438,596.4800109863281,31.6175537109375,58.04180908203125
IMG_0028.mp4,614,20.466666666666665,30.0,216,1,traffic_lights,0.8135567307472229,1394.256591796875,345.1258850097656,1423.3631591796875,417.3706359863281,1408.8098754882812,381.2482604980469,29.1065673828125,72.2447509765625
IMG_0028.mp4,614,20.466666666666665,30.0,159,2,traffic_signs,0.8491884469985962,1563.1021728515625,406.3448181152344,1656.5421142578125,535.8746337890625,1609.8221435546875,471.10972595214844,93.43994140625,129.52981567382812
IMG_0028.mp4,614,20.466666666666665,30.0,298,2,traffic_signs,0.8163802027702332,1526.2384033203125,567.252685546875,1557.4375,624.7650146484375,1541.8379516601562,596.0088500976562,31.1990966796875,57.5123291015625
IMG_0028.mp4,614,20.466666666666665,30.0,291,1,traffic_lights,0.5572771430015564,1313.9608154296875,621.8535766601562,1342.8275146484375,676.6268310546875,1328.3941650390625,649.2402038574219,28.86669921875,54.77325439453125
IMG_0028.mp4,615,20.5,30.0,216,1,traffic_lights,0.8731597661972046,1392.03515625,343.1156311035156,1421.6427001953125,415.5384216308594,1406.8389282226562,379.3270263671875,29.6075439453125,72.42279052734375
IMG_0028.mp4,615,20.5,30.0,159,2,traffic_signs,0.8524963855743408,1563.8638916015625,403.0554504394531,1658.0694580078125,533.5875854492188,1610.9666748046875,468.32151794433594,94.20556640625,130.53213500976562
IMG_0028.mp4,615,20.5,30.0,298,2,traffic_signs,0.8242505192756653,1525.195556640625,566.5584716796875,1555.672607421875,623.338623046875,1540.43408203125,594.9485473632812,30.47705078125,56.7801513671875
IMG_0028.mp4,615,20.5,30.0,291,1,traffic_lights,0.46739161014556885,1312.5057373046875,621.6902465820312,1341.4901123046875,671.0005493164062,1326.9979248046875,646.3453979492188,28.984375,49.310302734375
IMG_0028.mp4,616,20.533333333333335,30.0,216,1,traffic_lights,0.86830073595047,1390.1422119140625,341.4714050292969,1420.3084716796875,413.9015197753906,1405.225341796875,377.68646240234375,30.166259765625,72.43011474609375
IMG_0028.mp4,616,20.533333333333335,30.0,159,2,traffic_signs,0.8008114695549011,1564.901611328125,400.12115478515625,1659.37939453125,531.8369140625,1612.1405029296875,465.9790344238281,94.477783203125,131.71575927734375
IMG_0028.mp4,616,20.533333333333335,30.0,298,2,traffic_signs,0.8323174715042114,1523.379638671875,566.0337524414062,1554.45068359375,622.9224243164062,1538.9151611328125,594.4780883789062,31.071044921875,56.888671875
IMG_0028.mp4,616,20.533333333333335,30.0,291,1,traffic_lights,0.5513255596160889,1311.8416748046875,621.6036987304688,1340.1165771484375,662.7045288085938,1325.9791259765625,642.1541137695312,28.27490234375,41.100830078125
IMG_0028.mp4,617,20.566666666666666,30.0,216,1,traffic_lights,0.8900666832923889,1387.4786376953125,340.4228210449219,1417.8243408203125,413.0343322753906,1402.6514892578125,376.72857666015625,30.345703125,72.61151123046875
IMG_0028.mp4,617,20.566666666666666,30.0,159,2,traffic_signs,0.6782470345497131,1565.6805419921875,397.1453857421875,1660.5726318359375,530.3037719726562,1613.1265869140625,463.7245788574219,94.89208984375,133.15838623046875
IMG_0028.mp4,617,20.566666666666666,30.0,298,2,traffic_signs,0.8136277794837952,1521.9000244140625,564.7797241210938,1553.3238525390625,622.0189208984375,1537.6119384765625,593.3993225097656,31.423828125,57.23919677734375
IMG_0028.mp4,618,20.6,30.0,216,1,traffic_lights,0.8725160360336304,1385.213623046875,339.2814636230469,1415.44580078125,412.0412902832031,1400.3297119140625,375.661376953125,30.232177734375,72.75982666015625
IMG_0028.mp4,618,20.6,30.0,159,2,traffic_signs,0.6193085312843323,1565.663330078125,394.1604919433594,1661.346435546875,528.1809692382812,1613.5048828125,461.1707305908203,95.68310546875,134.02047729492188
IMG_0028.mp4,618,20.6,30.0,298,2,traffic_signs,0.794035792350769,1519.82421875,563.6835327148438,1552.0504150390625,621.2399291992188,1535.9373168945312,592.4617309570312,32.2261962890625,57.556396484375
IMG_0028.mp4,618,20.6,30.0,291,1,traffic_lights,0.41973015666007996,1312.546875,621.828369140625,1336.121826171875,664.3888549804688,1324.3343505859375,643.1086120605469,23.574951171875,42.56048583984375
IMG_0028.mp4,619,20.633333333333333,30.0,216,1,traffic_lights,0.887446939945221,1382.498291015625,337.5154113769531,1413.842529296875,410.48358154296875,1398.17041015625,373.99949645996094,31.34423828125,72.96817016601562
IMG_0028.mp4,619,20.633333333333333,30.0,159,2,traffic_signs,0.6172675490379333,1565.9345703125,390.399658203125,1662.260986328125,524.5863647460938,1614.0977783203125,457.4930114746094,96.326416015625,134.18670654296875
IMG_0028.mp4,619,20.633333333333333,30.0,298,2,traffic_signs,0.8789797425270081,1518.1094970703125,561.4100952148438,1550.66162109375,619.27587890625,1534.3855590820312,590.3429870605469,32.5521240234375,57.86578369140625
IMG_0028.mp4,619,20.633333333333333,30.0,291,1,traffic_lights,0.524875819683075,1304.516845703125,620.64501953125,1332.3177490234375,666.8970947265625,1318.4172973632812,643.7710571289062,27.8009033203125,46.2520751953125
IMG_0028.mp4,620,20.666666666666668,30.0,216,1,traffic_lights,0.8827579021453857,1380.0238037109375,335.0904846191406,1412.24072265625,408.88092041015625,1396.1322631835938,371.98570251464844,32.2169189453125,73.79043579101562
IMG_0028.mp4,620,20.666666666666668,30.0,159,2,traffic_signs,0.5383291244506836,1566.5474853515625,386.54241943359375,1662.6513671875,522.0244140625,1614.5994262695312,454.2834167480469,96.1038818359375,135.48199462890625
IMG_0028.mp4,620,20.666666666666668,30.0,298,2,traffic_signs,0.8454006314277649,1515.7408447265625,559.7975463867188,1548.636474609375,617.6665649414062,1532.1886596679688,588.7320556640625,32.8956298828125,57.8690185546875
IMG_0028.mp4,621,20.7,30.0,216,1,traffic_lights,0.8964682817459106,1377.697998046875,333.6758117675781,1409.14794921875,407.8227233886719,1393.4229736328125,370.749267578125,31.449951171875,74.14691162109375
IMG_0028.mp4,621,20.7,30.0,159,2,traffic_signs,0.6482447981834412,1566.30859375,383.2457580566406,1663.1353759765625,519.4991455078125,1614.7219848632812,451.37245178222656,96.8267822265625,136.25338745117188
IMG_0028.mp4,621,20.7,30.0,298,2,traffic_signs,0.8477395176887512,1513.6561279296875,558.1240844726562,1545.7425537109375,617.9937744140625,1529.6993408203125,588.0589294433594,32.08642578125,59.86968994140625
IMG_0028.mp4,621,20.7,30.0,291,1,traffic_lights,0.5541629791259766,1301.63037109375,619.141845703125,1328.1553955078125,666.5134887695312,1314.8928833007812,642.8276672363281,26.5250244140625,47.37164306640625
IMG_0028.mp4,622,20.733333333333334,30.0,216,1,traffic_lights,0.8507717847824097,1375.0018310546875,332.2422790527344,1405.043212890625,406.8663024902344,1390.0225219726562,369.5542907714844,30.0413818359375,74.6240234375
IMG_0028.mp4,622,20.733333333333334,30.0,159,2,traffic_signs,0.7152478694915771,1565.3197021484375,379.9692077636719,1663.6409912109375,517.906005859375,1614.4803466796875,448.93760681152344,98.3212890625,137.93679809570312
IMG_0028.mp4,622,20.733333333333334,30.0,298,2,traffic_signs,0.8878226280212402,1511.4267578125,556.9649047851562,1543.55517578125,616.6356811523438,1527.490966796875,586.80029296875,32.12841796875,59.6707763671875
IMG_0028.mp4,623,20.766666666666666,30.0,216,1,traffic_lights,0.8505781292915344,1372.08251953125,331.0539245605469,1401.8837890625,405.51861572265625,1386.983154296875,368.28627014160156,29.80126953125,74.46469116210938
IMG_0028.mp4,623,20.766666666666666,30.0,159,2,traffic_signs,0.6862727403640747,1564.6622314453125,376.49853515625,1663.739013671875,516.9166870117188,1614.2006225585938,446.7076110839844,99.0767822265625,140.41815185546875
IMG_0028.mp4,623,20.766666666666666,30.0,298,2,traffic_signs,0.8812628388404846,1509.2685546875,556.0286254882812,1541.52197265625,616.6263427734375,1525.395263671875,586.3274841308594,32.25341796875,60.59771728515625
IMG_0028.mp4,624,20.8,30.0,216,1,traffic_lights,0.8447449803352356,1368.7122802734375,329.8973083496094,1400.222412109375,402.96197509765625,1384.4673461914062,366.4296417236328,31.5101318359375,73.06466674804688
IMG_0028.mp4,624,20.8,30.0,159,2,traffic_signs,0.4420091211795807,1563.5599365234375,373.30914306640625,1664.139404296875,514.2977905273438,1613.8496704101562,443.803466796875,100.5794677734375,140.9886474609375
IMG_0028.mp4,624,20.8,30.0,298,2,traffic_signs,0.895016074180603,1506.789794921875,555.5209350585938,1540.4937744140625,616.6366577148438,1523.6417846679688,586.0787963867188,33.7039794921875,61.11572265625
IMG_0028.mp4,625,20.833333333333332,30.0,216,1,traffic_lights,0.9036760330200195,1365.9693603515625,328.69305419921875,1397.9373779296875,402.1207275390625,1381.953369140625,365.4068908691406,31.968017578125,73.42767333984375
IMG_0028.mp4,625,20.833333333333332,30.0,159,2,traffic_signs,0.514032244682312,1562.571044921875,371.3449401855469,1664.3153076171875,512.1130981445312,1613.4431762695312,441.72901916503906,101.7442626953125,140.76815795898438
IMG_0028.mp4,625,20.833333333333332,30.0,298,2,traffic_signs,0.85612952709198,1504.00390625,555.1897583007812,1538.2930908203125,617.0977172851562,1521.1484985351562,586.1437377929688,34.2891845703125,61.907958984375
IMG_0028.mp4,626,20.866666666666667,30.0,216,1,traffic_lights,0.8767638206481934,1363.3470458984375,328.4240417480469,1394.056640625,401.287109375,1378.7018432617188,364.85557556152344,30.7095947265625,72.86306762695312
IMG_0028.mp4,626,20.866666666666667,30.0,159,2,traffic_signs,0.35308733582496643,1561.5889892578125,368.8443298339844,1664.498291015625,509.2417297363281,1613.0436401367188,439.04302978515625,102.9093017578125,140.39739990234375
IMG_0028.mp4,626,20.866666666666667,30.0,298,2,traffic_signs,0.8488856554031372,1501.3031005859375,554.4207153320312,1534.5828857421875,616.4054565429688,1517.9429931640625,585.4130859375,33.27978515625,61.9847412109375
IMG_0028.mp4,627,20.9,30.0,216,1,traffic_lights,0.8494030833244324,1359.2965087890625,327.159423828125,1390.002197265625,400.1770324707031,1374.6493530273438,363.66822814941406,30.7056884765625,73.01760864257812
IMG_0028.mp4,627,20.9,30.0,159,2,traffic_signs,0.2994023859500885,1561.238037109375,365.6942443847656,1664.5535888671875,507.007568359375,1612.8958129882812,436.3509063720703,103.3155517578125,141.31332397460938
IMG_0028.mp4,627,20.9,30.0,298,2,traffic_signs,0.8021582365036011,1498.1993408203125,553.8875122070312,1531.3013916015625,616.26806640625,1514.7503662109375,585.0777893066406,33.10205078125,62.38055419921875
IMG_0028.mp4,628,20.933333333333334,30.0,216,1,traffic_lights,0.8232794404029846,1356.4029541015625,325.2435302734375,1388.2379150390625,399.0013427734375,1372.3204345703125,362.1224365234375,31.8349609375,73.7578125
IMG_0028.mp4,628,20.933333333333334,30.0,159,2,traffic_signs,0.40312573313713074,1561.5135498046875,362.5303649902344,1664.644775390625,505.1207275390625,1613.0791625976562,433.82554626464844,103.1312255859375,142.59036254882812
IMG_0028.mp4,628,20.933333333333334,30.0,298,2,traffic_signs,0.5879583954811096,1495.489013671875,553.2862548828125,1528.7640380859375,615.0490112304688,1512.1265258789062,584.1676330566406,33.2750244140625,61.76275634765625
IMG_0028.mp4,629,20.966666666666665,30.0,216,1,traffic_lights,0.8790580034255981,1353.75244140625,323.31536865234375,1384.566650390625,397.0668640136719,1369.1595458984375,360.1911163330078,30.814208984375,73.75149536132812
IMG_0028.mp4,629,20.966666666666665,30.0,159,2,traffic_signs,0.4270460903644562,1560.9583740234375,359.6217956542969,1664.9415283203125,502.8605041503906,1612.949951171875,431.24114990234375,103.983154296875,143.23870849609375
IMG_0028.mp4,629,20.966666666666665,30.0,298,2,traffic_signs,0.8291231393814087,1492.9482421875,551.8485107421875,1526.6524658203125,612.9672241210938,1509.8003540039062,582.4078674316406,33.7042236328125,61.11871337890625
IMG_0028.mp4,630,21.0,30.0,216,1,traffic_lights,0.8529478907585144,1350.2559814453125,322.8247985839844,1380.4698486328125,396.8509826660156,1365.3629150390625,359.837890625,30.2138671875,74.02618408203125
IMG_0028.mp4,630,21.0,30.0,159,2,traffic_signs,0.3908398449420929,1559.692138671875,356.2705383300781,1665.22021484375,501.3797607421875,1612.4561767578125,428.8251495361328,105.528076171875,145.10922241210938
IMG_0028.mp4,630,21.0,30.0,298,2,traffic_signs,0.8167759776115417,1490.0010986328125,550.7708740234375,1523.7763671875,613.140625,1506.8887329101562,581.9557495117188,33.7752685546875,62.3697509765625
IMG_0028.mp4,631,21.033333333333335,30.0,216,1,traffic_lights,0.8810932636260986,1346.85791015625,321.43353271484375,1376.619873046875,395.6488342285156,1361.7388916015625,358.5411834716797,29.761962890625,74.21530151367188
IMG_0028.mp4,631,21.033333333333335,30.0,159,2,traffic_signs,0.5972704887390137,1557.851318359375,354.4449462890625,1664.563232421875,500.1712951660156,1611.207275390625,427.30812072753906,106.7119140625,145.72634887695312
IMG_0028.mp4,631,21.033333333333335,30.0,298,2,traffic_signs,0.8572637438774109,1487.1319580078125,549.956298828125,1519.882080078125,612.0718994140625,1503.5070190429688,581.0140991210938,32.7501220703125,62.1156005859375
IMG_0028.mp4,632,21.066666666666666,30.0,216,1,traffic_lights,0.6015592813491821,1343.691162109375,318.92181396484375,1374.9884033203125,394.03094482421875,1359.3397827148438,356.47637939453125,31.2972412109375,75.109130859375
IMG_0028.mp4,632,21.066666666666666,30.0,159,2,traffic_signs,0.6128415465354919,1556.128173828125,352.35968017578125,1664.0264892578125,498.6115417480469,1610.0773315429688,425.48561096191406,107.8983154296875,146.25186157226562
IMG_0028.mp4,632,21.066666666666666,30.0,298,2,traffic_signs,0.8692206740379333,1483.975830078125,549.4093627929688,1517.899658203125,614.2161254882812,1500.937744140625,581.812744140625,33.923828125,64.8067626953125
IMG_0028.mp4,633,21.1,30.0,216,1,traffic_lights,0.5940570831298828,1339.7388916015625,319.0361633300781,1371.51513671875,393.342529296875,1355.6270141601562,356.18934631347656,31.7762451171875,74.30636596679688
IMG_0028.mp4,633,21.1,30.0,159,2,traffic_signs,0.628075122833252,1554.095947265625,350.361572265625,1663.0494384765625,496.73809814453125,1608.5726928710938,423.5498352050781,108.9534912109375,146.37652587890625
IMG_0028.mp4,633,21.1,30.0,298,2,traffic_signs,0.8506876826286316,1480.350830078125,547.9597778320312,1515.2755126953125,614.0033569335938,1497.8131713867188,580.9815673828125,34.9246826171875,66.0435791015625
IMG_0028.mp4,634,21.133333333333333,30.0,216,1,traffic_lights,0.8794509172439575,1335.55224609375,317.23870849609375,1367.2603759765625,392.6325988769531,1351.4063110351562,354.93565368652344,31.7081298828125,75.39389038085938
IMG_0028.mp4,634,21.133333333333333,30.0,298,2,traffic_signs,0.8154690861701965,1476.968017578125,546.3216552734375,1511.650146484375,614.8942260742188,1494.30908203125,580.6079406738281,34.68212890625,68.57257080078125
IMG_0028.mp4,635,21.166666666666668,30.0,216,1,traffic_lights,0.8869872093200684,1331.7794189453125,315.92010498046875,1364.81103515625,391.0032043457031,1348.2952270507812,353.46165466308594,33.0316162109375,75.08309936523438
IMG_0028.mp4,635,21.166666666666668,30.0,298,2,traffic_signs,0.8658056855201721,1472.754638671875,545.3433837890625,1507.3560791015625,614.3192138671875,1490.0553588867188,579.831298828125,34.6014404296875,68.975830078125
IMG_0028.mp4,636,21.2,30.0,216,1,traffic_lights,0.8776781558990479,1329.429443359375,314.32647705078125,1360.3531494140625,390.1551208496094,1344.8912963867188,352.2407989501953,30.9237060546875,75.82864379882812
IMG_0028.mp4,636,21.2,30.0,298,2,traffic_signs,0.8791994452476501,1469.0299072265625,545.599609375,1503.66845703125,609.9370727539062,1486.3491821289062,577.7683410644531,34.6385498046875,64.33746337890625
IMG_0028.mp4,637,21.233333333333334,30.0,216,1,traffic_lights,0.881028413772583,1324.4720458984375,312.83990478515625,1354.5859375,388.6676940917969,1339.5289916992188,350.75379943847656,30.1138916015625,75.82778930664062
IMG_0028.mp4,637,21.233333333333334,30.0,298,2,traffic_signs,0.8975033164024353,1464.779541015625,544.533935546875,1499.33349609375,608.6135864257812,1482.0565185546875,576.5737609863281,34.553955078125,64.07965087890625
IMG_0028.mp4,638,21.266666666666666,30.0,216,1,traffic_lights,0.8560696244239807,1319.034912109375,310.98016357421875,1351.8773193359375,387.3251647949219,1335.4561157226562,349.1526641845703,32.8424072265625,76.34500122070312
IMG_0028.mp4,638,21.266666666666666,30.0,298,2,traffic_signs,0.886423647403717,1460.6759033203125,544.0730590820312,1495.029296875,608.140380859375,1477.8526000976562,576.1067199707031,34.3533935546875,64.06732177734375
IMG_0028.mp4,639,21.3,30.0,216,1,traffic_lights,0.8707234263420105,1313.175048828125,310.4591979980469,1346.9052734375,386.6955261230469,1330.0401611328125,348.5773620605469,33.730224609375,76.236328125
IMG_0028.mp4,639,21.3,30.0,298,2,traffic_signs,0.8421111702919006,1456.235107421875,543.5447387695312,1492.1077880859375,608.7548217773438,1474.1714477539062,576.1497802734375,35.8726806640625,65.2100830078125
IMG_0028.mp4,640,21.333333333333332,30.0,216,1,traffic_lights,0.855012834072113,1309.10107421875,308.7454833984375,1342.1524658203125,385.6358337402344,1325.6267700195312,347.19065856933594,33.0513916015625,76.89035034179688
IMG_0028.mp4,640,21.333333333333332,30.0,298,2,traffic_signs,0.8763577938079834,1451.87646484375,542.75341796875,1486.6732177734375,607.0126342773438,1469.2748413085938,574.8830261230469,34.7967529296875,64.25921630859375
IMG_0028.mp4,641,21.366666666666667,30.0,216,1,traffic_lights,0.847087562084198,1302.51953125,309.1698913574219,1337.747802734375,384.8125915527344,1320.1336669921875,346.9912414550781,35.228271484375,75.6427001953125
IMG_0028.mp4,641,21.366666666666667,30.0,298,2,traffic_signs,0.8640607595443726,1447.2587890625,542.103759765625,1482.3560791015625,605.4588623046875,1464.8074340820312,573.7813110351562,35.0972900390625,63.3551025390625
IMG_0028.mp4,642,21.4,30.0,216,1,traffic_lights,0.8157318830490112,1299.259765625,306.8180236816406,1332.0208740234375,384.0923767089844,1315.6403198242188,345.4552001953125,32.7611083984375,77.27435302734375
IMG_0028.mp4,642,21.4,30.0,298,2,traffic_signs,0.869968593120575,1442.87060546875,541.7017211914062,1477.990966796875,604.9721069335938,1460.4307861328125,573.3369140625,35.120361328125,63.2703857421875
IMG_0028.mp4,643,21.433333333333334,30.0,216,1,traffic_lights,0.5865480899810791,1293.7056884765625,305.1365966796875,1328.686279296875,382.2412414550781,1311.1959838867188,343.6889190673828,34.9805908203125,77.10464477539062
IMG_0028.mp4,643,21.433333333333334,30.0,298,2,traffic_signs,0.8757625222206116,1438.466796875,540.3507690429688,1471.7476806640625,605.1514282226562,1455.1072387695312,572.7510986328125,33.2808837890625,64.8006591796875
IMG_0028.mp4,644,21.466666666666665,30.0,216,1,traffic_lights,0.5099505186080933,1289.5914306640625,304.59375,1324.576416015625,380.9587097167969,1307.0839233398438,342.77622985839844,34.9849853515625,76.36495971679688
IMG_0028.mp4,644,21.466666666666665,30.0,298,2,traffic_signs,0.8542191386222839,1434.306640625,539.33935546875,1468.6539306640625,605.0120239257812,1451.4802856445312,572.1756896972656,34.3472900390625,65.67266845703125
IMG_0028.mp4,645,21.5,30.0,216,1,traffic_lights,0.8922301530838013,1285.6942138671875,304.8309326171875,1319.873046875,381.0526428222656,1302.7836303710938,342.94178771972656,34.1788330078125,76.22171020507812
IMG_0028.mp4,645,21.5,30.0,298,2,traffic_signs,0.8944920301437378,1429.531982421875,537.8826293945312,1464.43017578125,604.4824829101562,1446.9810791015625,571.1825561523438,34.898193359375,66.599853515625
IMG_0028.mp4,646,21.533333333333335,30.0,216,1,traffic_lights,0.8815546035766602,1282.10498046875,303.65106201171875,1316.3546142578125,380.2479553222656,1299.2297973632812,341.9495086669922,34.2496337890625,76.59689331054688
IMG_0028.mp4,646,21.533333333333335,30.0,298,2,traffic_signs,0.8699444532394409,1424.6827392578125,536.8278198242188,1459.0316162109375,605.123046875,1441.857177734375,570.9754333496094,34.348876953125,68.29522705078125
IMG_0028.mp4,647,21.566666666666666,30.0,216,1,traffic_lights,0.8910724520683289,1278.3114013671875,303.217041015625,1310.5738525390625,379.30108642578125,1294.442626953125,341.2590637207031,32.262451171875,76.08404541015625
IMG_0028.mp4,647,21.566666666666666,30.0,298,2,traffic_signs,0.8265095353126526,1420.123046875,536.3711547851562,1455.087890625,605.5961303710938,1437.60546875,570.983642578125,34.96484375,69.2249755859375
IMG_0028.mp4,648,21.6,30.0,216,1,traffic_lights,0.8200770020484924,1272.5716552734375,301.7917175292969,1306.2421875,378.3255920410156,1289.4069213867188,340.05865478515625,33.6705322265625,76.53387451171875
IMG_0028.mp4,648,21.6,30.0,298,2,traffic_signs,0.8805970549583435,1415.4110107421875,535.4613037109375,1449.1539306640625,602.8956909179688,1432.282470703125,569.1784973144531,33.742919921875,67.43438720703125
IMG_0028.mp4,649,21.633333333333333,30.0,216,1,traffic_lights,0.859700083732605,1266.716064453125,302.0348205566406,1301.7647705078125,377.3964538574219,1284.2404174804688,339.71563720703125,35.0487060546875,75.36163330078125
IMG_0028.mp4,649,21.633333333333333,30.0,298,2,traffic_signs,0.7672766447067261,1410.974365234375,535.4019775390625,1445.3536376953125,601.8048095703125,1428.1640014648438,568.6033935546875,34.3792724609375,66.40283203125
IMG_0028.mp4,650,21.666666666666668,30.0,216,1,traffic_lights,0.868251383304596,1261.148681640625,300.0528869628906,1295.2608642578125,376.4616394042969,1278.2047729492188,338.25726318359375,34.1121826171875,76.40875244140625
IMG_0028.mp4,650,21.666666666666668,30.0,298,2,traffic_signs,0.8758015036582947,1405.9599609375,533.892822265625,1441.344970703125,600.422607421875,1423.6524658203125,567.15771484375,35.385009765625,66.52978515625
IMG_0028.mp4,651,21.7,30.0,216,1,traffic_lights,0.8189601302146912,1256.9263916015625,298.41650390625,1291.5281982421875,375.96307373046875,1274.227294921875,337.1897888183594,34.601806640625,77.54656982421875
IMG_0028.mp4,651,21.7,30.0,298,2,traffic_signs,0.8762148022651672,1401.0323486328125,532.4003295898438,1435.3414306640625,602.0116577148438,1418.1868896484375,567.2059936523438,34.30908203125,69.611328125
IMG_0028.mp4,652,21.733333333333334,30.0,216,1,traffic_lights,0.8836432099342346,1251.9898681640625,297.82318115234375,1285.1402587890625,375.4175109863281,1268.5650634765625,336.62034606933594,33.150390625,77.59432983398438
IMG_0028.mp4,652,21.733333333333334,30.0,298,2,traffic_signs,0.8725714683532715,1396.0057373046875,531.624755859375,1431.038818359375,601.8953857421875,1413.5222778320312,566.7600708007812,35.0330810546875,70.2706298828125
IMG_0028.mp4,653,21.766666666666666,30.0,216,1,traffic_lights,0.8753194212913513,1246.949462890625,295.7914733886719,1281.28076171875,374.0868835449219,1264.1151123046875,334.9391784667969,34.331298828125,78.29541015625
IMG_0028.mp4,653,21.766666666666666,30.0,298,2,traffic_signs,0.8908395171165466,1391.2701416015625,531.1775512695312,1425.308349609375,600.30908203125,1408.2892456054688,565.7433166503906,34.0382080078125,69.13153076171875
IMG_0028.mp4,654,21.8,30.0,216,1,traffic_lights,0.8851740956306458,1242.1798095703125,296.62457275390625,1276.818115234375,373.9807434082031,1259.4989624023438,335.3026580810547,34.6383056640625,77.35617065429688
IMG_0028.mp4,654,21.8,30.0,298,2,traffic_signs,0.8803761601448059,1386.6497802734375,531.6806030273438,1421.4420166015625,598.45654296875,1404.0458984375,565.0685729980469,34.792236328125,66.77593994140625
IMG_0028.mp4,655,21.833333333333332,30.0,216,1,traffic_lights,0.8775395154953003,1237.8822021484375,294.6393127441406,1270.95849609375,372.7525634765625,1254.4203491210938,333.69593811035156,33.0762939453125,78.11325073242188
IMG_0028.mp4,655,21.833333333333332,30.0,298,2,traffic_signs,0.8985421657562256,1381.384765625,531.1304931640625,1416.826171875,597.2998657226562,1399.10546875,564.2151794433594,35.44140625,66.16937255859375
IMG_0028.mp4,656,21.866666666666667,30.0,216,1,traffic_lights,0.8966673016548157,1234.2508544921875,294.6669921875,1266.914306640625,372.67950439453125,1250.5825805664062,333.6732482910156,32.6634521484375,78.01251220703125
IMG_0028.mp4,656,21.866666666666667,30.0,298,2,traffic_signs,0.9015443921089172,1376.1907958984375,530.6181030273438,1410.842041015625,596.8351440429688,1393.5164184570312,563.7266235351562,34.6512451171875,66.217041015625
IMG_0028.mp4,657,21.9,30.0,216,1,traffic_lights,0.8440499305725098,1229.384765625,293.88055419921875,1261.161376953125,372.5080871582031,1245.2730712890625,333.19432067871094,31.776611328125,78.62753295898438
IMG_0028.mp4,657,21.9,30.0,298,2,traffic_signs,0.890636146068573,1371.140869140625,530.3154907226562,1406.3597412109375,596.8834228515625,1388.7503051757812,563.5994567871094,35.2188720703125,66.56793212890625
IMG_0028.mp4,658,21.933333333333334,30.0,216,1,traffic_lights,0.8841355443000793,1224.0343017578125,293.65386962890625,1256.86279296875,372.36663818359375,1240.4485473632812,333.01025390625,32.8284912109375,78.7127685546875
IMG_0028.mp4,658,21.933333333333334,30.0,298,2,traffic_signs,0.9183726906776428,1366.3505859375,530.1392211914062,1399.790771484375,596.40771484375,1383.0706787109375,563.2734680175781,33.440185546875,66.26849365234375
IMG_0028.mp4,659,21.966666666666665,30.0,216,1,traffic_lights,0.8339409828186035,1217.7259521484375,292.9512634277344,1251.93798828125,371.2173767089844,1234.8319702148438,332.0843200683594,34.2120361328125,78.26611328125
IMG_0028.mp4,659,21.966666666666665,30.0,298,2,traffic_signs,0.8820044994354248,1361.134033203125,529.3433837890625,1396.703125,598.5612182617188,1378.9185791015625,563.9523010253906,35.569091796875,69.21783447265625
IMG_0028.mp4,660,22.0,30.0,216,1,traffic_lights,0.8054470419883728,1211.64697265625,291.7861633300781,1247.072998046875,370.2797546386719,1229.3599853515625,331.032958984375,35.426025390625,78.49359130859375
IMG_0028.mp4,660,22.0,30.0,298,2,traffic_signs,0.8616275787353516,1356.3212890625,529.4691162109375,1390.7396240234375,596.6983032226562,1373.5304565429688,563.0837097167969,34.4183349609375,67.22918701171875
IMG_0028.mp4,661,22.033333333333335,30.0,216,1,traffic_lights,0.8427296876907349,1205.8885498046875,291.95281982421875,1241.300537109375,369.7338562011719,1223.5945434570312,330.8433380126953,35.4119873046875,77.78103637695312
IMG_0028.mp4,661,22.033333333333335,30.0,298,2,traffic_signs,0.8693572282791138,1351.29150390625,528.6680297851562,1385.69384765625,594.82861328125,1368.49267578125,561.7483215332031,34.40234375,66.16058349609375
IMG_0028.mp4,662,22.066666666666666,30.0,216,1,traffic_lights,0.7959728240966797,1201.1697998046875,291.1999206542969,1235.5687255859375,369.2116394042969,1218.3692626953125,330.2057800292969,34.39892578125,78.01171875
IMG_0028.mp4,662,22.066666666666666,30.0,298,2,traffic_signs,0.8827574253082275,1346.349365234375,528.5538330078125,1381.21826171875,593.8430786132812,1363.7838134765625,561.1984558105469,34.868896484375,65.28924560546875
IMG_0028.mp4,663,22.1,30.0,216,1,traffic_lights,0.8840292096138,1197.2181396484375,289.57061767578125,1231.5511474609375,367.8318176269531,1214.3846435546875,328.7012176513672,34.3330078125,78.26119995117188
IMG_0028.mp4,663,22.1,30.0,298,2,traffic_signs,0.8925483226776123,1341.4287109375,527.785888671875,1375.60205078125,593.302734375,1358.515380859375,560.5443115234375,34.17333984375,65.516845703125
IMG_0028.mp4,664,22.133333333333333,30.0,216,1,traffic_lights,0.9016374945640564,1192.2349853515625,289.43243408203125,1227.13525390625,367.19549560546875,1209.6851196289062,328.31396484375,34.9002685546875,77.7630615234375
IMG_0028.mp4,664,22.133333333333333,30.0,298,2,traffic_signs,0.8612422347068787,1336.2225341796875,527.4563598632812,1372.07373046875,594.0111694335938,1354.1481323242188,560.7337646484375,35.8511962890625,66.5548095703125
IMG_0028.mp4,665,22.166666666666668,30.0,216,1,traffic_lights,0.8887679576873779,1186.9737548828125,287.88739013671875,1222.8118896484375,366.46734619140625,1204.892822265625,327.1773681640625,35.838134765625,78.5799560546875
IMG_0028.mp4,665,22.166666666666668,30.0,298,2,traffic_signs,0.8679025769233704,1330.9168701171875,526.7158813476562,1366.0614013671875,594.648681640625,1348.4891357421875,560.6822814941406,35.14453125,67.93280029296875
IMG_0028.mp4,666,22.2,30.0,216,1,traffic_lights,0.6057197451591492,1183.1324462890625,288.2747497558594,1217.185791015625,366.1778869628906,1200.1591186523438,327.226318359375,34.0533447265625,77.90313720703125
IMG_0028.mp4,666,22.2,30.0,298,2,traffic_signs,0.8593847155570984,1326.30712890625,526.6965942382812,1361.3218994140625,592.2313842773438,1343.8145141601562,559.4639892578125,35.0147705078125,65.5347900390625
IMG_0028.mp4,666,22.2,30.0,317,1,traffic_lights,0.5095434784889221,1105.9818115234375,594.05908203125,1130.7108154296875,644.628173828125,1118.3463134765625,619.3436279296875,24.72900390625,50.569091796875
IMG_0028.mp4,667,22.233333333333334,30.0,216,1,traffic_lights,0.858058750629425,1178.223876953125,286.95843505859375,1210.88232421875,366.17572021484375,1194.5531005859375,326.56707763671875,32.658447265625,79.21728515625
IMG_0028.mp4,667,22.233333333333334,30.0,298,2,traffic_signs,0.887607991695404,1321.3272705078125,526.1870727539062,1356.2891845703125,590.7762451171875,1338.8082275390625,558.4816589355469,34.9619140625,64.58917236328125
IMG_0028.mp4,667,22.233333333333334,30.0,317,1,traffic_lights,0.4693010449409485,1098.6153564453125,592.6920166015625,1125.173828125,648.5714111328125,1111.8945922851562,620.6317138671875,26.5584716796875,55.87939453125
IMG_0028.mp4,668,22.266666666666666,30.0,216,1,traffic_lights,0.8664897084236145,1172.96923828125,286.58270263671875,1207.0426025390625,365.2305908203125,1190.0059204101562,325.9066467285156,34.0733642578125,78.64788818359375
IMG_0028.mp4,668,22.266666666666666,30.0,298,2,traffic_signs,0.8629855513572693,1316.1787109375,525.755859375,1350.8487548828125,590.73583984375,1333.5137329101562,558.245849609375,34.6700439453125,64.97998046875
IMG_0028.mp4,668,22.266666666666666,30.0,317,1,traffic_lights,0.31904566287994385,1092.798095703125,592.5826416015625,1120.430908203125,649.4844970703125,1106.614501953125,621.0335693359375,27.6328125,56.90185546875
IMG_0028.mp4,669,22.3,30.0,216,1,traffic_lights,0.8387302160263062,1167.43603515625,285.44354248046875,1201.103515625,364.5986633300781,1184.269775390625,325.02110290527344,33.66748046875,79.15512084960938
IMG_0028.mp4,669,22.3,30.0,298,2,traffic_signs,0.8758745789527893,1311.3800048828125,525.3391723632812,1347.1964111328125,590.7274780273438,1329.2882080078125,558.0333251953125,35.81640625,65.3883056640625
IMG_0028.mp4,669,22.3,30.0,317,1,traffic_lights,0.32260662317276,1090.235595703125,592.9693603515625,1115.8209228515625,641.3780517578125,1103.0282592773438,617.1737060546875,25.5853271484375,48.40869140625
IMG_0028.mp4,670,22.333333333333332,30.0,216,1,traffic_lights,0.7647191882133484,1163.065185546875,284.3798522949219,1196.9393310546875,363.9233703613281,1180.0022583007812,324.151611328125,33.8741455078125,79.54351806640625
IMG_0028.mp4,670,22.333333333333332,30.0,298,2,traffic_signs,0.8016231656074524,1306.4130859375,523.7859497070312,1340.489013671875,592.0521240234375,1323.4510498046875,557.9190368652344,34.075927734375,68.26617431640625
IMG_0028.mp4,670,22.333333333333332,30.0,317,1,traffic_lights,0.5025026798248291,1088.4989013671875,592.6282958984375,1110.9700927734375,644.46142578125,1099.7344970703125,618.5448608398438,22.47119140625,51.8331298828125
IMG_0028.mp4,671,22.366666666666667,30.0,216,1,traffic_lights,0.782090425491333,1156.865478515625,284.65325927734375,1191.922607421875,364.03662109375,1174.39404296875,324.3449401855469,35.05712890625,79.38336181640625
IMG_0028.mp4,671,22.366666666666667,30.0,298,2,traffic_signs,0.8599979281425476,1301.492431640625,524.6663818359375,1336.2850341796875,589.9373168945312,1318.8887329101562,557.3018493652344,34.7926025390625,65.27093505859375
IMG_0028.mp4,671,22.366666666666667,30.0,317,1,traffic_lights,0.6607177257537842,1084.7938232421875,592.8151245117188,1106.6668701171875,643.89501953125,1095.7303466796875,618.3550720214844,21.873046875,51.07989501953125
IMG_0028.mp4,672,22.4,30.0,216,1,traffic_lights,0.8688698410987854,1153.1102294921875,283.14508056640625,1186.5189208984375,363.8614501953125,1169.8145751953125,323.5032653808594,33.40869140625,80.71636962890625
IMG_0028.mp4,672,22.4,30.0,298,2,traffic_signs,0.8930862545967102,1296.9364013671875,523.9735107421875,1331.4962158203125,588.8030395507812,1314.21630859375,556.3882751464844,34.559814453125,64.82952880859375
IMG_0028.mp4,672,22.4,30.0,317,1,traffic_lights,0.586226761341095,1075.983642578125,591.5091552734375,1102.0467529296875,647.12255859375,1089.0151977539062,619.3158569335938,26.0631103515625,55.6134033203125
IMG_0028.mp4,673,22.433333333333334,30.0,216,1,traffic_lights,0.8673591017723083,1148.0859375,283.06182861328125,1183.3599853515625,362.2339782714844,1165.7229614257812,322.6479034423828,35.2740478515625,79.17214965820312
IMG_0028.mp4,673,22.433333333333334,30.0,298,2,traffic_signs,0.8818152546882629,1291.9571533203125,523.7286987304688,1326.329833984375,588.8446044921875,1309.1434936523438,556.2866516113281,34.3726806640625,65.11590576171875
IMG_0028.mp4,673,22.433333333333334,30.0,317,1,traffic_lights,0.6491290926933289,1068.5908203125,590.990234375,1097.005126953125,648.2601928710938,1082.7979736328125,619.6252136230469,28.414306640625,57.26995849609375
IMG_0028.mp4,674,22.466666666666665,30.0,216,1,traffic_lights,0.8842945098876953,1144.2296142578125,282.3374328613281,1179.02685546875,362.0390625,1161.6282348632812,322.18824768066406,34.7972412109375,79.70162963867188
IMG_0028.mp4,674,22.466666666666665,30.0,298,2,traffic_signs,0.8774596452713013,1287.2860107421875,523.6843872070312,1322.542724609375,588.8558959960938,1304.9143676757812,556.2701416015625,35.2567138671875,65.1715087890625
IMG_0028.mp4,674,22.466666666666665,30.0,317,1,traffic_lights,0.4629448652267456,1062.942626953125,590.56787109375,1092.0556640625,649.0385131835938,1077.4991455078125,619.8031921386719,29.113037109375,58.47064208984375
IMG_0028.mp4,675,22.5,30.0,216,1,traffic_lights,0.8359038829803467,1140.7607421875,281.695556640625,1174.52734375,361.4811096191406,1157.64404296875,321.5883331298828,33.7666015625,79.78555297851562
IMG_0028.mp4,675,22.5,30.0,298,2,traffic_signs,0.8718018531799316,1282.447509765625,522.77734375,1316.9854736328125,590.151611328125,1299.7164916992188,556.4644775390625,34.5379638671875,67.374267578125
IMG_0028.mp4,675,22.5,30.0,317,1,traffic_lights,0.535807728767395,1061.4107666015625,590.922119140625,1087.814697265625,647.5968017578125,1074.6127319335938,619.2594604492188,26.4039306640625,56.6746826171875
IMG_0028.mp4,676,22.533333333333335,30.0,216,1,traffic_lights,0.7396777868270874,1136.9893798828125,281.63238525390625,1169.4691162109375,360.7626037597656,1153.229248046875,321.19749450683594,32.479736328125,79.13021850585938
IMG_0028.mp4,676,22.533333333333335,30.0,298,2,traffic_signs,0.7745651006698608,1278.2452392578125,523.4862670898438,1312.9520263671875,588.4880981445312,1295.5986328125,555.9871826171875,34.706787109375,65.0018310546875
IMG_0028.mp4,676,22.533333333333335,30.0,317,1,traffic_lights,0.7562817931175232,1055.34375,590.8079833984375,1083.4615478515625,647.9188842773438,1069.4026489257812,619.3634338378906,28.1177978515625,57.11090087890625
IMG_0028.mp4,677,22.566666666666666,30.0,216,1,traffic_lights,0.846682608127594,1131.69189453125,281.68682861328125,1164.2540283203125,361.5905456542969,1147.9729614257812,321.63868713378906,32.5621337890625,79.90371704101562
IMG_0028.mp4,677,22.566666666666666,30.0,298,2,traffic_signs,0.8987062573432922,1273.4075927734375,523.0035400390625,1308.3399658203125,586.4486083984375,1290.873779296875,554.72607421875,34.932373046875,63.445068359375
IMG_0028.mp4,677,22.566666666666666,30.0,317,1,traffic_lights,0.7076823115348816,1047.5609130859375,589.763427734375,1078.0269775390625,649.687744140625,1062.7939453125,619.7255859375,30.466064453125,59.92431640625
IMG_0028.mp4,678,22.6,30.0,216,1,traffic_lights,0.6629539728164673,1126.641357421875,280.74957275390625,1160.6402587890625,360.2809753417969,1143.6408081054688,320.51527404785156,33.9989013671875,79.53140258789062
IMG_0028.mp4,678,22.6,30.0,298,2,traffic_signs,0.8918972015380859,1268.4891357421875,522.7100830078125,1303.1827392578125,585.6273803710938,1285.8359375,554.1687316894531,34.693603515625,62.91729736328125
IMG_0028.mp4,678,22.6,30.0,317,1,traffic_lights,0.6965530514717102,1044.411865234375,589.5935668945312,1073.577880859375,648.2224731445312,1058.994873046875,618.9080200195312,29.166015625,58.62890625
IMG_0028.mp4,679,22.633333333333333,30.0,216,1,traffic_lights,0.6651986241340637,1122.138671875,280.8525085449219,1156.084716796875,359.71453857421875,1139.1116943359375,320.2835235595703,33.946044921875,78.86203002929688
IMG_0028.mp4,679,22.633333333333333,30.0,298,2,traffic_signs,0.8870744705200195,1263.7320556640625,522.9617309570312,1299.337646484375,585.5191040039062,1281.5348510742188,554.2404174804688,35.6055908203125,62.557373046875
IMG_0028.mp4,679,22.633333333333333,30.0,317,1,traffic_lights,0.5373291969299316,1042.3919677734375,590.2394409179688,1069.938232421875,646.630859375,1056.1651000976562,618.4351501464844,27.5462646484375,56.39141845703125
IMG_0028.mp4,680,22.666666666666668,30.0,216,1,traffic_lights,0.5289169549942017,1118.5623779296875,281.95440673828125,1150.403076171875,359.8343200683594,1134.4827270507812,320.8943634033203,31.8406982421875,77.87991333007812
IMG_0028.mp4,680,22.666666666666668,30.0,298,2,traffic_signs,0.8825864195823669,1259.302490234375,521.7750244140625,1293.134765625,585.6406860351562,1276.2186279296875,553.7078552246094,33.832275390625,63.86566162109375
IMG_0028.mp4,680,22.666666666666668,30.0,317,1,traffic_lights,0.669703483581543,1037.7821044921875,589.4240112304688,1065.404296875,646.680419921875,1051.5932006835938,618.0522155761719,27.6221923828125,57.25640869140625
IMG_0028.mp4,681,22.7,30.0,216,1,traffic_lights,0.8283362984657288,1113.0107421875,281.5954284667969,1146.369140625,359.997802734375,1129.68994140625,320.79661560058594,33.3583984375,78.40237426757812
IMG_0028.mp4,681,22.7,30.0,298,2,traffic_signs,0.8457344174385071,1254.396728515625,521.7412719726562,1289.136474609375,585.1112670898438,1271.7666015625,553.42626953125,34.73974609375,63.3699951171875
IMG_0028.mp4,681,22.7,30.0,317,1,traffic_lights,0.6909844279289246,1028.2744140625,588.1350708007812,1058.6136474609375,648.841064453125,1043.4440307617188,618.4880676269531,30.3392333984375,60.70599365234375
IMG_0028.mp4,682,22.733333333333334,30.0,216,1,traffic_lights,0.8105443716049194,1108.6444091796875,280.70751953125,1141.4208984375,360.3521423339844,1125.0326538085938,320.5298309326172,32.7764892578125,79.64462280273438
IMG_0028.mp4,682,22.733333333333334,30.0,298,2,traffic_signs,0.906583309173584,1249.9520263671875,521.3947143554688,1284.34814453125,585.0414428710938,1267.1500854492188,553.2180786132812,34.3961181640625,63.646728515625
IMG_0028.mp4,682,22.733333333333334,30.0,317,1,traffic_lights,0.5790645480155945,1026.346923828125,588.1714477539062,1054.5587158203125,648.6923217773438,1040.4528198242188,618.431884765625,28.2117919921875,60.5208740234375
IMG_0028.mp4,683,22.766666666666666,30.0,216,1,traffic_lights,0.8179938793182373,1103.00634765625,280.7524719238281,1137.9007568359375,359.4737243652344,1120.4535522460938,320.11309814453125,34.8944091796875,78.72125244140625
IMG_0028.mp4,683,22.766666666666666,30.0,298,2,traffic_signs,0.9155628085136414,1245.6146240234375,521.164306640625,1278.721435546875,584.2860107421875,1262.1680297851562,552.7251586914062,33.1068115234375,63.1217041015625
IMG_0028.mp4,683,22.766666666666666,30.0,317,1,traffic_lights,0.5968143939971924,1026.9503173828125,588.09326171875,1050.2706298828125,645.48681640625,1038.6104736328125,616.7900390625,23.3203125,57.3935546875
IMG_0028.mp4,684,22.8,30.0,216,1,traffic_lights,0.786773681640625,1100.0357666015625,279.9267272949219,1133.57958984375,358.73260498046875,1116.8076782226562,319.3296661376953,33.5438232421875,78.80587768554688
IMG_0028.mp4,684,22.8,30.0,298,2,traffic_signs,0.8963464498519897,1240.998779296875,520.430908203125,1275.86572265625,584.6152954101562,1258.4322509765625,552.5231018066406,34.866943359375,64.18438720703125
IMG_0028.mp4,684,22.8,30.0,317,1,traffic_lights,0.5850962996482849,1025.4508056640625,588.7717895507812,1046.51611328125,644.9278564453125,1035.9834594726562,616.8498229980469,21.0653076171875,56.15606689453125
IMG_0028.mp4,685,22.833333333333332,30.0,216,1,traffic_lights,0.8885682225227356,1095.448974609375,280.32958984375,1128.8394775390625,358.210205078125,1112.1442260742188,319.2698974609375,33.3905029296875,77.880615234375
IMG_0028.mp4,685,22.833333333333332,30.0,298,2,traffic_signs,0.85261070728302,1236.614013671875,519.5269775390625,1271.9752197265625,583.8814086914062,1254.2946166992188,551.7041931152344,35.3612060546875,64.35443115234375
IMG_0028.mp4,685,22.833333333333332,30.0,317,1,traffic_lights,0.7094916701316833,1013.753662109375,587.2535400390625,1041.919189453125,647.801513671875,1027.83642578125,617.5275268554688,28.16552734375,60.5479736328125
IMG_0028.mp4,686,22.866666666666667,30.0,216,1,traffic_lights,0.7918765544891357,1091.6097412109375,279.4498291015625,1125.445556640625,357.4882507324219,1108.5276489257812,318.4690399169922,33.8358154296875,78.03842163085938
IMG_0028.mp4,686,22.866666666666667,30.0,298,2,traffic_signs,0.9058303833007812,1231.9012451171875,519.6466064453125,1266.830322265625,583.826416015625,1249.3657836914062,551.7365112304688,34.9290771484375,64.1798095703125
IMG_0028.mp4,686,22.866666666666667,30.0,317,1,traffic_lights,0.5701301097869873,1007.4039916992188,586.5932006835938,1037.0875244140625,648.9651489257812,1022.2457580566406,617.7791748046875,29.68353271484375,62.3719482421875
IMG_0028.mp4,687,22.9,30.0,216,1,traffic_lights,0.8159044981002808,1087.8758544921875,278.7088623046875,1120.111572265625,356.5546569824219,1103.9937133789062,317.6317596435547,32.2357177734375,77.84579467773438
IMG_0028.mp4,687,22.9,30.0,298,2,traffic_signs,0.9096819758415222,1227.6754150390625,519.7908935546875,1262.065185546875,583.1177368164062,1244.8703002929688,551.4543151855469,34.3897705078125,63.32684326171875
IMG_0028.mp4,687,22.9,30.0,317,1,traffic_lights,0.664547324180603,1000.9025268554688,586.1862182617188,1032.376220703125,649.5206909179688,1016.6393737792969,617.8534545898438,31.47369384765625,63.33447265625
IMG_0028.mp4,688,22.933333333333334,30.0,216,1,traffic_lights,0.7986962795257568,1082.30859375,278.4681396484375,1115.54541015625,355.8042297363281,1098.927001953125,317.1361846923828,33.23681640625,77.33609008789062
IMG_0028.mp4,688,22.933333333333334,30.0,298,2,traffic_signs,0.9059280157089233,1223.3165283203125,519.321533203125,1256.7388916015625,582.3587036132812,1240.0277099609375,550.8401184082031,33.42236328125,63.03717041015625
IMG_0028.mp4,688,22.933333333333334,30.0,317,1,traffic_lights,0.6958686709403992,1001.5706176757812,585.939208984375,1028.2945556640625,645.6902465820312,1014.9325866699219,615.8147277832031,26.72393798828125,59.75103759765625
IMG_0028.mp4,689,22.966666666666665,30.0,216,1,traffic_lights,0.8656743764877319,1078.082763671875,276.95556640625,1112.16015625,355.6556091308594,1095.1214599609375,316.3055877685547,34.077392578125,78.70004272460938
IMG_0028.mp4,689,22.966666666666665,30.0,298,2,traffic_signs,0.8848723769187927,1218.992919921875,518.8828735351562,1253.5050048828125,582.3194580078125,1236.2489624023438,550.6011657714844,34.5120849609375,63.43658447265625
IMG_0028.mp4,689,22.966666666666665,30.0,317,1,traffic_lights,0.6926302313804626,998.7816162109375,586.1537475585938,1024.4605712890625,646.4153442382812,1011.62109375,616.2845458984375,25.678955078125,60.2615966796875
IMG_0028.mp4,690,23.0,30.0,216,1,traffic_lights,0.8918803334236145,1073.8807373046875,277.6622009277344,1107.471435546875,355.5570373535156,1090.6760864257812,316.609619140625,33.5906982421875,77.89483642578125
IMG_0028.mp4,690,23.0,30.0,298,2,traffic_signs,0.9017014503479004,1214.5052490234375,518.7728881835938,1250.174072265625,583.3224487304688,1232.3396606445312,551.0476684570312,35.6688232421875,64.549560546875
IMG_0028.mp4,690,23.0,30.0,317,1,traffic_lights,0.6209062933921814,994.7114868164062,585.7734375,1020.4136352539062,644.7228393554688,1007.5625610351562,615.2481384277344,25.7021484375,58.94940185546875
IMG_0028.mp4,691,23.033333333333335,30.0,216,1,traffic_lights,0.7593806982040405,1070.1500244140625,276.83697509765625,1102.41845703125,354.9453430175781,1086.2842407226562,315.8911590576172,32.2684326171875,78.10836791992188
IMG_0028.mp4,691,23.033333333333335,30.0,298,2,traffic_signs,0.8908638954162598,1210.174072265625,518.427978515625,1243.887451171875,583.3220825195312,1227.03076171875,550.8750305175781,33.71337890625,64.89410400390625
IMG_0028.mp4,691,23.033333333333335,30.0,317,1,traffic_lights,0.7406778931617737,992.8939208984375,585.6536254882812,1015.8416748046875,644.1015625,1004.3677978515625,614.8775939941406,22.94775390625,58.44793701171875
IMG_0028.mp4,692,23.066666666666666,30.0,216,1,traffic_lights,0.8759668469429016,1065.5252685546875,276.1542053222656,1097.492431640625,354.25860595703125,1081.5088500976562,315.20640563964844,31.9671630859375,78.10440063476562
IMG_0028.mp4,692,23.066666666666666,30.0,298,2,traffic_signs,0.47356802225112915,1206.189453125,518.7606811523438,1239.5345458984375,582.6304931640625,1222.8619995117188,550.6955871582031,33.3450927734375,63.86981201171875
IMG_0028.mp4,692,23.066666666666666,30.0,317,1,traffic_lights,0.7094065546989441,988.892822265625,585.7717895507812,1011.631591796875,645.3094482421875,1000.26220703125,615.5406188964844,22.73876953125,59.53765869140625
IMG_0028.mp4,693,23.1,30.0,216,1,traffic_lights,0.7933870553970337,1061.0328369140625,275.5230712890625,1092.0538330078125,354.64166259765625,1076.5433349609375,315.0823669433594,31.02099609375,79.11859130859375
IMG_0028.mp4,693,23.1,30.0,298,2,traffic_signs,0.901917040348053,1201.6734619140625,518.5810546875,1235.5545654296875,582.5650634765625,1218.614013671875,550.5730590820312,33.881103515625,63.9840087890625
IMG_0028.mp4,693,23.1,30.0,317,1,traffic_lights,0.7278874516487122,978.286376953125,584.8311767578125,1007.486083984375,646.983154296875,992.88623046875,615.9071655273438,29.19970703125,62.1519775390625
IMG_0028.mp4,694,23.133333333333333,30.0,216,1,traffic_lights,0.7797306180000305,1057.0479736328125,274.4449157714844,1089.459716796875,353.7375183105469,1073.2538452148438,314.0912170410156,32.4117431640625,79.2926025390625
IMG_0028.mp4,694,23.133333333333333,30.0,298,2,traffic_signs,0.9086353778839111,1197.512939453125,517.7565307617188,1230.2249755859375,582.3048095703125,1213.8689575195312,550.0306701660156,32.7120361328125,64.54827880859375
IMG_0028.mp4,694,23.133333333333333,30.0,317,1,traffic_lights,0.5956175327301025,977.4530029296875,584.629638671875,1002.5055541992188,644.7719116210938,989.9792785644531,614.7007751464844,25.05255126953125,60.14227294921875
IMG_0028.mp4,695,23.166666666666668,30.0,216,1,traffic_lights,0.918982744216919,1053.5010986328125,274.7587585449219,1086.0255126953125,353.47344970703125,1069.7633056640625,314.11610412597656,32.5244140625,78.71469116210938
IMG_0028.mp4,695,23.166666666666668,30.0,298,2,traffic_signs,0.8568292856216431,1192.879638671875,516.46533203125,1227.6875,584.1847534179688,1210.2835693359375,550.3250427246094,34.807861328125,67.71942138671875
IMG_0028.mp4,695,23.166666666666668,30.0,317,1,traffic_lights,0.7427463531494141,973.0875244140625,584.4208984375,998.633056640625,643.9772338867188,985.8602905273438,614.1990661621094,25.5455322265625,59.55633544921875
IMG_0028.mp4,696,23.2,30.0,216,1,traffic_lights,0.8696296811103821,1049.043701171875,273.6307678222656,1081.1629638671875,353.2826843261719,1065.1033325195312,313.45672607421875,32.1192626953125,79.65191650390625
IMG_0028.mp4,696,23.2,30.0,298,2,traffic_signs,0.9038134217262268,1188.71728515625,516.5013427734375,1223.9598388671875,582.3719482421875,1206.3385620117188,549.4366455078125,35.2425537109375,65.87060546875
IMG_0028.mp4,696,23.2,30.0,317,1,traffic_lights,0.6934818625450134,966.8045043945312,583.8703002929688,994.5137939453125,645.3187866210938,980.6591491699219,614.5945434570312,27.70928955078125,61.448486328125
IMG_0028.mp4,696,23.2,30.0,330,1,traffic_lights,0.3597254157066345,1139.321044921875,531.5867919921875,1162.14013671875,608.2550659179688,1150.7305908203125,569.9209289550781,22.819091796875,76.66827392578125
IMG_0028.mp4,697,23.233333333333334,30.0,216,1,traffic_lights,0.810853898525238,1044.772705078125,272.2452087402344,1077.8348388671875,352.353759765625,1061.3037719726562,312.2994842529297,33.0621337890625,80.10855102539062
IMG_0028.mp4,697,23.233333333333334,30.0,298,2,traffic_signs,0.9062731862068176,1184.4312744140625,516.072509765625,1219.57470703125,581.4598999023438,1202.0029907226562,548.7662048339844,35.1434326171875,65.38739013671875
IMG_0028.mp4,697,23.233333333333334,30.0,317,1,traffic_lights,0.7164477109909058,960.241943359375,584.2593994140625,989.72998046875,645.6914672851562,974.9859619140625,614.9754333496094,29.488037109375,61.43206787109375
IMG_0028.mp4,698,23.266666666666666,30.0,216,1,traffic_lights,0.8389691114425659,1041.67626953125,272.8495788574219,1073.3282470703125,352.23046875,1057.5022583007812,312.54002380371094,31.6519775390625,79.38088989257812
IMG_0028.mp4,698,23.266666666666666,30.0,298,2,traffic_signs,0.8594093918800354,1180.3253173828125,516.1605224609375,1216.082275390625,581.6113891601562,1198.2037963867188,548.8859558105469,35.7569580078125,65.45086669921875
IMG_0028.mp4,698,23.266666666666666,30.0,317,1,traffic_lights,0.7936907410621643,957.0299072265625,584.1115112304688,985.8902587890625,645.8240966796875,971.4600830078125,614.9678039550781,28.8603515625,61.71258544921875
IMG_0028.mp4,699,23.3,30.0,216,1,traffic_lights,0.46731036901474,1037.884521484375,271.4542541503906,1068.7373046875,351.37847900390625,1053.3109130859375,311.41636657714844,30.852783203125,79.92422485351562
IMG_0028.mp4,699,23.3,30.0,298,2,traffic_signs,0.891473114490509,1176.388427734375,516.2171630859375,1210.9722900390625,580.5394897460938,1193.6803588867188,548.3783264160156,34.5838623046875,64.32232666015625
IMG_0028.mp4,699,23.3,30.0,317,1,traffic_lights,0.7119885683059692,954.3196411132812,583.5303955078125,981.938232421875,646.300537109375,968.1289367675781,614.9154663085938,27.61859130859375,62.7701416015625
IMG_0028.mp4,700,23.333333333333332,30.0,216,1,traffic_lights,0.4451618194580078,1033.5484619140625,270.7662048339844,1065.6746826171875,350.0263671875,1049.611572265625,310.3962860107422,32.126220703125,79.26016235351562
IMG_0028.mp4,700,23.333333333333332,30.0,298,2,traffic_signs,0.900660514831543,1171.959228515625,515.6593017578125,1206.69580078125,579.8080444335938,1189.3275146484375,547.7336730957031,34.736572265625,64.14874267578125
IMG_0028.mp4,700,23.333333333333332,30.0,317,1,traffic_lights,0.5376303195953369,945.9593505859375,583.9212646484375,977.8673095703125,643.3222045898438,961.913330078125,613.6217346191406,31.907958984375,59.40093994140625
IMG_0028.mp4,701,23.366666666666667,30.0,216,1,traffic_lights,0.6553750038146973,1029.6724853515625,271.0797424316406,1061.421142578125,350.3016357421875,1045.5468139648438,310.69068908691406,31.7486572265625,79.22189331054688
IMG_0028.mp4,701,23.366666666666667,30.0,298,2,traffic_signs,0.8631231188774109,1167.7159423828125,515.271728515625,1203.9095458984375,580.9850463867188,1185.812744140625,548.1283874511719,36.193603515625,65.71331787109375
IMG_0028.mp4,701,23.366666666666667,30.0,317,1,traffic_lights,0.6860385537147522,945.3638916015625,583.401611328125,974.1922607421875,645.23876953125,959.778076171875,614.3201904296875,28.828369140625,61.837158203125
IMG_0028.mp4,701,23.366666666666667,30.0,330,1,traffic_lights,0.5388121008872986,1121.175048828125,529.6951293945312,1141.6607666015625,609.6390380859375,1131.4179077148438,569.6670837402344,20.4857177734375,79.94390869140625
IMG_0028.mp4,702,23.4,30.0,216,1,traffic_lights,0.39163243770599365,1025.2626953125,270.6654968261719,1055.1939697265625,349.6071472167969,1040.2283325195312,310.1363220214844,29.9312744140625,78.941650390625
IMG_0028.mp4,702,23.4,30.0,298,2,traffic_signs,0.8675237894058228,1163.7177734375,515.2929077148438,1197.93798828125,580.9871826171875,1180.827880859375,548.1400451660156,34.22021484375,65.69427490234375
IMG_0028.mp4,702,23.4,30.0,317,1,traffic_lights,0.7237960696220398,941.975341796875,582.9953002929688,969.9710083007812,646.4718627929688,955.9731750488281,614.7335815429688,27.99566650390625,63.4765625
IMG_0028.mp4,703,23.433333333333334,30.0,216,1,traffic_lights,0.3199138641357422,1020.9317016601562,269.70916748046875,1051.732177734375,348.4815368652344,1036.3319396972656,309.09535217285156,30.80047607421875,78.77236938476562
IMG_0028.mp4,703,23.433333333333334,30.0,298,2,traffic_signs,0.8847719430923462,1159.443603515625,514.4302978515625,1194.2353515625,581.50537109375,1176.8394775390625,547.9678344726562,34.791748046875,67.0750732421875
IMG_0028.mp4,703,23.433333333333334,30.0,317,1,traffic_lights,0.8074135184288025,934.0350341796875,583.2171630859375,965.4274291992188,647.1242065429688,949.7312316894531,615.1706848144531,31.39239501953125,63.90704345703125
IMG_0028.mp4,704,23.466666666666665,30.0,216,1,traffic_lights,0.4610001742839813,1016.6061401367188,269.9880676269531,1046.9141845703125,349.134033203125,1031.7601623535156,309.56105041503906,30.30804443359375,79.14596557617188
IMG_0028.mp4,704,23.466666666666665,30.0,298,2,traffic_signs,0.8568164110183716,1155.51611328125,514.7422485351562,1190.45751953125,581.6755981445312,1172.98681640625,548.2089233398438,34.94140625,66.933349609375
IMG_0028.mp4,704,23.466666666666665,30.0,317,1,traffic_lights,0.7299270033836365,934.617919921875,583.2568359375,961.6127319335938,647.6766357421875,948.1153259277344,615.4667358398438,26.99481201171875,64.4197998046875
IMG_0028.mp4,704,23.466666666666665,30.0,330,1,traffic_lights,0.4845813512802124,1108.6204833984375,529.9451904296875,1129.7818603515625,607.4380493164062,1119.201171875,568.6916198730469,21.161376953125,77.49285888671875
IMG_0028.mp4,705,23.5,30.0,298,2,traffic_signs,0.89058518409729,1151.8731689453125,514.8137817382812,1185.25,580.5712280273438,1168.5615844726562,547.6925048828125,33.3768310546875,65.7574462890625
IMG_0028.mp4,705,23.5,30.0,317,1,traffic_lights,0.710468053817749,929.7938232421875,583.1221313476562,957.5813598632812,647.9164428710938,943.6875915527344,615.519287109375,27.78753662109375,64.7943115234375
IMG_0028.mp4,705,23.5,30.0,330,1,traffic_lights,0.28271543979644775,1103.5738525390625,530.81396484375,1125.850341796875,607.2797241210938,1114.7120971679688,569.0468444824219,22.2764892578125,76.46575927734375
IMG_0028.mp4,706,23.533333333333335,30.0,298,2,traffic_signs,0.8942411541938782,1147.7677001953125,514.2091674804688,1181.76904296875,579.7260131835938,1164.7683715820312,546.9675903320312,34.0013427734375,65.516845703125
IMG_0028.mp4,706,23.533333333333335,30.0,317,1,traffic_lights,0.5541184544563293,920.119384765625,583.0175170898438,952.1596069335938,648.7882080078125,936.1394958496094,615.9028625488281,32.04022216796875,65.77069091796875
IMG_0028.mp4,706,23.533333333333335,30.0,216,1,traffic_lights,0.44812461733818054,1009.7747192382812,270.5302734375,1041.5645751953125,348.3251037597656,1025.6696472167969,309.4276885986328,31.78985595703125,77.79483032226562
IMG_0028.mp4,707,23.566666666666666,30.0,298,2,traffic_signs,0.8906451463699341,1143.7283935546875,513.8074340820312,1179.27392578125,579.7868041992188,1161.5011596679688,546.797119140625,35.5455322265625,65.9793701171875
IMG_0028.mp4,707,23.566666666666666,30.0,317,1,traffic_lights,0.4306041896343231,921.5189208984375,582.2720947265625,948.8754272460938,648.949951171875,935.1971740722656,615.6110229492188,27.35650634765625,66.6778564453125
IMG_0028.mp4,707,23.566666666666666,30.0,216,1,traffic_lights,0.8686010837554932,1006.6640014648438,269.5936279296875,1037.6314697265625,347.8161926269531,1022.1477355957031,308.7049102783203,30.96746826171875,78.22256469726562
IMG_0028.mp4,707,23.566666666666666,30.0,330,1,traffic_lights,0.6160919070243835,1096.219970703125,528.6563720703125,1117.6319580078125,607.080810546875,1106.9259643554688,567.8685913085938,21.4119873046875,78.4244384765625
IMG_0028.mp4,708,23.6,30.0,298,2,traffic_signs,0.8709433674812317,1139.787109375,513.5551147460938,1174.3758544921875,579.1143798828125,1157.0814819335938,546.3347473144531,34.5887451171875,65.55926513671875
IMG_0028.mp4,708,23.6,30.0,317,1,traffic_lights,0.6576277613639832,919.44775390625,582.3053588867188,945.2348022460938,648.3677978515625,932.3412780761719,615.3365783691406,25.78704833984375,66.06243896484375
IMG_0028.mp4,708,23.6,30.0,216,1,traffic_lights,0.7825141549110413,1001.9722900390625,269.665771484375,1033.5582275390625,347.761474609375,1017.7652587890625,308.713623046875,31.5859375,78.095703125
IMG_0028.mp4,708,23.6,30.0,330,1,traffic_lights,0.28745919466018677,1090.1429443359375,528.5217895507812,1113.640625,606.6829223632812,1101.8917846679688,567.6023559570312,23.4976806640625,78.1611328125
IMG_0028.mp4,709,23.633333333333333,30.0,298,2,traffic_signs,0.8805782794952393,1135.671142578125,513.2396850585938,1170.4716796875,578.72900390625,1153.0714111328125,545.9843444824219,34.800537109375,65.48931884765625
IMG_0028.mp4,709,23.633333333333333,30.0,317,1,traffic_lights,0.6400423645973206,911.1101684570312,582.112060546875,940.8098754882812,647.1246948242188,925.9600219726562,614.6183776855469,29.69970703125,65.01263427734375
IMG_0028.mp4,709,23.633333333333333,30.0,216,1,traffic_lights,0.6919776797294617,998.1780395507812,270.1305847167969,1030.378662109375,347.6209716796875,1014.2783508300781,308.8757781982422,32.20062255859375,77.49038696289062
IMG_0028.mp4,710,23.666666666666668,30.0,298,2,traffic_signs,0.8418574929237366,1132.0755615234375,513.35400390625,1167.0255126953125,579.0655517578125,1149.550537109375,546.2097778320312,34.949951171875,65.7115478515625
IMG_0028.mp4,710,23.666666666666668,30.0,317,1,traffic_lights,0.532957136631012,909.2437744140625,582.1272583007812,937.5729370117188,647.019287109375,923.4083557128906,614.5732727050781,28.32916259765625,64.89202880859375
IMG_0028.mp4,710,23.666666666666668,30.0,216,1,traffic_lights,0.8201254606246948,995.1109619140625,270.0166015625,1026.497314453125,347.2764892578125,1010.8041381835938,308.64654541015625,31.3863525390625,77.2598876953125
IMG_0028.mp4,711,23.7,30.0,298,2,traffic_signs,0.8802610635757446,1128.5068359375,513.091552734375,1162.7548828125,577.9525756835938,1145.630859375,545.5220642089844,34.248046875,64.86102294921875
IMG_0028.mp4,711,23.7,30.0,317,1,traffic_lights,0.5152875781059265,906.7772827148438,582.3560791015625,933.8068237304688,641.2969360351562,920.2920532226562,611.8265075683594,27.029541015625,58.94085693359375
IMG_0028.mp4,711,23.7,30.0,216,1,traffic_lights,0.7825787663459778,991.4274291992188,269.5259704589844,1021.592041015625,347.27764892578125,1006.5097351074219,308.4018096923828,30.16461181640625,77.75167846679688
IMG_0028.mp4,711,23.7,30.0,330,1,traffic_lights,0.26728355884552,1079.3397216796875,528.7237548828125,1102.22998046875,605.8585815429688,1090.7848510742188,567.2911682128906,22.8902587890625,77.13482666015625
IMG_0028.mp4,712,23.733333333333334,30.0,298,2,traffic_signs,0.8838693499565125,1124.7991943359375,512.9432983398438,1158.686279296875,577.6893310546875,1141.7427368164062,545.3163146972656,33.8870849609375,64.74603271484375
IMG_0028.mp4,712,23.733333333333334,30.0,317,1,traffic_lights,0.4819026291370392,900.0057983398438,582.3223876953125,930.3512573242188,639.18115234375,915.1785278320312,610.7517700195312,30.345458984375,56.8587646484375
IMG_0028.mp4,712,23.733333333333334,30.0,216,1,traffic_lights,0.416329562664032,987.8786010742188,269.17578125,1019.2008666992188,346.5578918457031,1003.5397338867188,307.86683654785156,31.322265625,77.38211059570312
IMG_0028.mp4,713,23.766666666666666,30.0,298,2,traffic_signs,0.8550629615783691,1120.560302734375,512.8306884765625,1156.146240234375,578.1549682617188,1138.353271484375,545.4928283691406,35.5859375,65.32427978515625
IMG_0028.mp4,713,23.766666666666666,30.0,317,1,traffic_lights,0.5907835960388184,897.5470581054688,582.1209106445312,927.4683837890625,638.5232543945312,912.5077209472656,610.3220825195312,29.92132568359375,56.40234375
IMG_0028.mp4,713,23.766666666666666,30.0,216,1,traffic_lights,0.5119317770004272,983.8848876953125,269.8675231933594,1015.9351806640625,346.10784912109375,999.9100341796875,307.98768615722656,32.05029296875,76.24032592773438
IMG_0028.mp4,713,23.766666666666666,30.0,330,1,traffic_lights,0.43294253945350647,1073.08447265625,528.36474609375,1095.09228515625,606.3524780273438,1084.08837890625,567.3586120605469,22.0078125,77.98773193359375
IMG_0028.mp4,714,23.8,30.0,298,2,traffic_signs,0.8782994151115417,1116.954345703125,511.6533508300781,1152.365478515625,577.54345703125,1134.659912109375,544.5984039306641,35.4111328125,65.89010620117188
IMG_0028.mp4,714,23.8,30.0,317,1,traffic_lights,0.5481605529785156,893.1870727539062,581.3621215820312,923.789794921875,638.6049194335938,908.4884338378906,609.9835205078125,30.60272216796875,57.2427978515625
IMG_0028.mp4,714,23.8,30.0,216,1,traffic_lights,0.6845104098320007,979.1320190429688,269.49627685546875,1011.36865234375,345.2642822265625,995.2503356933594,307.3802795410156,32.23663330078125,75.76800537109375
IMG_0028.mp4,714,23.8,30.0,330,1,traffic_lights,0.3985927402973175,1069.9241943359375,526.9815673828125,1091.074951171875,607.7073364257812,1080.4995727539062,567.3444519042969,21.1507568359375,80.72576904296875
IMG_0028.mp4,715,23.833333333333332,30.0,298,2,traffic_signs,0.8823073506355286,1113.2802734375,511.261474609375,1146.8509521484375,577.5698852539062,1130.0656127929688,544.4156799316406,33.5706787109375,66.30841064453125
IMG_0028.mp4,715,23.833333333333332,30.0,317,1,traffic_lights,0.6653676629066467,888.0511474609375,581.0490112304688,919.590576171875,643.2867431640625,903.8208618164062,612.1678771972656,31.5394287109375,62.23773193359375
IMG_0028.mp4,715,23.833333333333332,30.0,216,1,traffic_lights,0.47311776876449585,975.5932006835938,269.443359375,1006.72265625,345.17327880859375,991.1579284667969,307.3083190917969,31.12945556640625,75.72991943359375
IMG_0028.mp4,716,23.866666666666667,30.0,298,2,traffic_signs,0.8725579380989075,1109.68701171875,512.4383544921875,1143.5762939453125,577.6600341796875,1126.6316528320312,545.0491943359375,33.8892822265625,65.2216796875
IMG_0028.mp4,716,23.866666666666667,30.0,317,1,traffic_lights,0.6050410866737366,881.3032836914062,580.48193359375,915.5299072265625,644.5065307617188,898.4165954589844,612.4942321777344,34.22662353515625,64.02459716796875
IMG_0028.mp4,717,23.9,30.0,298,2,traffic_signs,0.8937257528305054,1106.0970458984375,512.003662109375,1140.4146728515625,578.0219116210938,1123.255859375,545.0127868652344,34.317626953125,66.01824951171875
IMG_0028.mp4,717,23.9,30.0,330,1,traffic_lights,0.5841106176376343,1060.2821044921875,527.8588256835938,1080.2723388671875,604.1053466796875,1070.2772216796875,565.9820861816406,19.990234375,76.24652099609375
IMG_0028.mp4,717,23.9,30.0,216,1,traffic_lights,0.3785324692726135,968.1229248046875,268.47039794921875,998.5158081054688,345.2367858886719,983.3193664550781,306.8535919189453,30.39288330078125,76.76638793945312
IMG_0028.mp4,718,23.933333333333334,30.0,298,2,traffic_signs,0.8936691880226135,1102.4658203125,511.1210021972656,1135.67822265625,577.8832397460938,1119.072021484375,544.5021209716797,33.21240234375,66.76223754882812
IMG_0028.mp4,718,23.933333333333334,30.0,216,1,traffic_lights,0.28674331307411194,963.8995361328125,267.5297546386719,994.4603881835938,345.1171875,979.1799621582031,306.32347106933594,30.56085205078125,77.58743286132812
IMG_0028.mp4,719,23.966666666666665,30.0,298,2,traffic_signs,0.530485212802887,1098.582275390625,511.34271240234375,1133.5244140625,577.8756713867188,1116.0533447265625,544.6091918945312,34.942138671875,66.532958984375
IMG_0028.mp4,719,23.966666666666665,30.0,317,1,traffic_lights,0.6243764758110046,869.0145874023438,580.4505615234375,905.0446166992188,644.0665893554688,887.0296020507812,612.2585754394531,36.030029296875,63.61602783203125
IMG_0028.mp4,719,23.966666666666665,30.0,330,1,traffic_lights,0.4752728044986725,1050.7650146484375,526.9281616210938,1072.63818359375,605.1199951171875,1061.7015991210938,566.0240783691406,21.8731689453125,78.19183349609375
IMG_0028.mp4,720,24.0,30.0,298,2,traffic_signs,0.8918604850769043,1095.2716064453125,511.3324890136719,1131.2294921875,578.10888671875,1113.2505493164062,544.7206878662109,35.9578857421875,66.77639770507812
IMG_0028.mp4,720,24.0,30.0,317,1,traffic_lights,0.6168666481971741,866.4253540039062,579.9845581054688,901.8248291015625,645.6983642578125,884.1250915527344,612.8414611816406,35.39947509765625,65.71380615234375
IMG_0028.mp4,720,24.0,30.0,330,1,traffic_lights,0.7094759941101074,1048.0863037109375,526.6159057617188,1069.50537109375,605.0951538085938,1058.7958374023438,565.8555297851562,21.4190673828125,78.479248046875
IMG_0028.mp4,720,24.0,30.0,216,1,traffic_lights,0.6932999491691589,957.8787231445312,267.1490783691406,988.9473876953125,343.6824951171875,973.4130554199219,305.41578674316406,31.06866455078125,76.53341674804688
IMG_0028.mp4,721,24.033333333333335,30.0,298,2,traffic_signs,0.885261595249176,1091.876708984375,510.5743713378906,1126.95703125,578.066162109375,1109.4168701171875,544.3202667236328,35.080322265625,67.49179077148438
IMG_0028.mp4,721,24.033333333333335,30.0,317,1,traffic_lights,0.4571738541126251,865.62255859375,579.67236328125,898.2848510742188,641.96630859375,881.9537048339844,610.8193359375,32.66229248046875,62.2939453125
IMG_0028.mp4,721,24.033333333333335,30.0,216,1,traffic_lights,0.8599050641059875,954.0606689453125,266.49981689453125,985.8211669921875,343.8819274902344,969.94091796875,305.1908721923828,31.760498046875,77.38211059570312
IMG_0028.mp4,722,24.066666666666666,30.0,298,2,traffic_signs,0.8853607177734375,1088.098388671875,510.5516662597656,1123.273681640625,577.981689453125,1105.68603515625,544.2666778564453,35.17529296875,67.43002319335938
IMG_0028.mp4,722,24.066666666666666,30.0,317,1,traffic_lights,0.6259904503822327,860.671142578125,579.5582885742188,894.1061401367188,644.1050415039062,877.3886413574219,611.8316650390625,33.43499755859375,64.5467529296875
IMG_0028.mp4,722,24.066666666666666,30.0,216,1,traffic_lights,0.7255548238754272,950.7512817382812,266.4775695800781,982.8594970703125,343.6117858886719,966.8053894042969,305.044677734375,32.10821533203125,77.13421630859375
IMG_0028.mp4,723,24.1,30.0,298,2,traffic_signs,0.879951536655426,1085.04248046875,511.102294921875,1120.3958740234375,577.9060668945312,1102.7191772460938,544.5041809082031,35.3533935546875,66.80377197265625
IMG_0028.mp4,723,24.1,30.0,317,1,traffic_lights,0.6056040525436401,860.2890625,580.1397705078125,891.7855224609375,640.9867553710938,876.0372924804688,610.5632629394531,31.4964599609375,60.84698486328125
IMG_0028.mp4,723,24.1,30.0,216,1,traffic_lights,0.530390202999115,947.5488891601562,266.4161682128906,980.1199951171875,342.9339904785156,963.8344421386719,304.6750793457031,32.57110595703125,76.517822265625
IMG_0028.mp4,723,24.1,30.0,330,1,traffic_lights,0.40817561745643616,1036.78759765625,525.8124389648438,1059.361328125,605.3970947265625,1048.074462890625,565.6047668457031,22.57373046875,79.58465576171875
IMG_0028.mp4,724,24.133333333333333,30.0,298,2,traffic_signs,0.890755295753479,1081.73828125,510.6549377441406,1115.8734130859375,577.3221435546875,1098.8058471679688,543.9885406494141,34.1351318359375,66.66720581054688
IMG_0028.mp4,724,24.133333333333333,30.0,317,1,traffic_lights,0.43983525037765503,856.4725952148438,580.2577514648438,888.4517211914062,633.8927001953125,872.462158203125,607.0752258300781,31.9791259765625,53.63494873046875
IMG_0028.mp4,724,24.133333333333333,30.0,216,1,traffic_lights,0.5390903353691101,946.1295776367188,265.8026428222656,976.2227783203125,342.4276123046875,961.1761779785156,304.11512756347656,30.09320068359375,76.62496948242188
IMG_0028.mp4,724,24.133333333333333,30.0,330,1,traffic_lights,0.6231480240821838,1034.8348388671875,526.3054809570312,1055.5870361328125,604.6735229492188,1045.2109375,565.489501953125,20.752197265625,78.3680419921875
IMG_0028.mp4,725,24.166666666666668,30.0,298,2,traffic_signs,0.9001746773719788,1078.158203125,509.69561767578125,1111.4439697265625,576.9195556640625,1094.8010864257812,543.3075866699219,33.2857666015625,67.22393798828125
IMG_0028.mp4,725,24.166666666666668,30.0,317,1,traffic_lights,0.32472798228263855,854.6547241210938,580.3224487304688,884.7499389648438,634.3461303710938,869.7023315429688,607.3342895507812,30.09521484375,54.023681640625
IMG_0028.mp4,725,24.166666666666668,30.0,216,1,traffic_lights,0.3591134548187256,941.9716796875,265.3544006347656,971.7572021484375,342.31683349609375,956.8644409179688,303.8356170654297,29.7855224609375,76.96243286132812
IMG_0028.mp4,725,24.166666666666668,30.0,330,1,traffic_lights,0.3785620629787445,1031.061279296875,526.4446411132812,1052.1087646484375,604.7831420898438,1041.5850219726562,565.6138916015625,21.0474853515625,78.3385009765625
IMG_0028.mp4,726,24.2,30.0,298,2,traffic_signs,0.7157931327819824,1074.9886474609375,510.21917724609375,1109.9544677734375,576.8990478515625,1092.4715576171875,543.5591125488281,34.9658203125,66.67987060546875
IMG_0028.mp4,726,24.2,30.0,317,1,traffic_lights,0.6791808009147644,846.2423706054688,579.9403686523438,881.8150634765625,637.3897705078125,864.0287170410156,608.6650695800781,35.57269287109375,57.44940185546875
IMG_0028.mp4,726,24.2,30.0,216,1,traffic_lights,0.28573736548423767,937.9774780273438,265.29351806640625,970.394775390625,341.27154541015625,954.1861267089844,303.28253173828125,32.41729736328125,75.97802734375
IMG_0028.mp4,726,24.2,30.0,330,1,traffic_lights,0.44416704773902893,1026.92041015625,526.36083984375,1048.69873046875,605.5662841796875,1037.8095703125,565.9635620117188,21.7783203125,79.2054443359375
IMG_0028.mp4,727,24.233333333333334,30.0,298,2,traffic_signs,0.8850403428077698,1071.4658203125,509.5855712890625,1107.2879638671875,576.8092041015625,1089.3768920898438,543.1973876953125,35.8221435546875,67.2236328125
IMG_0028.mp4,727,24.233333333333334,30.0,317,1,traffic_lights,0.3735164701938629,843.699462890625,579.8494262695312,878.282958984375,638.1022338867188,860.9912109375,608.975830078125,34.58349609375,58.2528076171875
IMG_0028.mp4,727,24.233333333333334,30.0,216,1,traffic_lights,0.633652925491333,934.5416870117188,265.6090393066406,966.8700561523438,340.9163818359375,950.7058715820312,303.26271057128906,32.328369140625,75.30734252929688
IMG_0028.mp4,727,24.233333333333334,30.0,330,1,traffic_lights,0.7136545777320862,1024.9945068359375,526.3609008789062,1045.614013671875,605.4616088867188,1035.3042602539062,565.9112548828125,20.6195068359375,79.1007080078125
IMG_0028.mp4,728,24.266666666666666,30.0,298,2,traffic_signs,0.8823845982551575,1067.9593505859375,509.09527587890625,1102.3475341796875,576.7988891601562,1085.1534423828125,542.9470825195312,34.38818359375,67.70361328125
IMG_0028.mp4,728,24.266666666666666,30.0,317,1,traffic_lights,0.47433871030807495,842.2432250976562,579.359619140625,875.1212768554688,637.664306640625,858.6822509765625,608.511962890625,32.8780517578125,58.3046875
IMG_0028.mp4,728,24.266666666666666,30.0,216,1,traffic_lights,0.6192830801010132,930.7306518554688,265.2176818847656,961.754150390625,341.5180358886719,946.2424011230469,303.36785888671875,31.02349853515625,76.30035400390625
IMG_0028.mp4,729,24.3,30.0,298,2,traffic_signs,0.8923675417900085,1064.5845947265625,508.7251281738281,1098.6470947265625,577.4251708984375,1081.6158447265625,543.0751495361328,34.0625,68.70004272460938
IMG_0028.mp4,729,24.3,30.0,317,1,traffic_lights,0.7698202133178711,837.3134765625,578.9772338867188,871.4115600585938,642.6651000976562,854.3625183105469,610.8211669921875,34.09808349609375,63.6878662109375
IMG_0028.mp4,729,24.3,30.0,216,1,traffic_lights,0.35730358958244324,928.1734008789062,264.8335266113281,957.84375,341.1500549316406,943.0085754394531,302.9917907714844,29.67034912109375,76.3165283203125
IMG_0028.mp4,729,24.3,30.0,330,1,traffic_lights,0.47745686769485474,1016.2235717773438,525.363525390625,1039.1473388671875,605.072021484375,1027.6854553222656,565.2177734375,22.92376708984375,79.70849609375
IMG_0028.mp4,730,24.333333333333332,30.0,298,2,traffic_signs,0.8790666460990906,1061.4906005859375,509.57244873046875,1095.8621826171875,577.8358154296875,1078.6763916015625,543.7041320800781,34.37158203125,68.26336669921875
IMG_0028.mp4,730,24.333333333333332,30.0,317,1,traffic_lights,0.4509425461292267,840.1201782226562,579.9566040039062,868.8775634765625,637.3607177734375,854.4988708496094,608.6586608886719,28.75738525390625,57.40411376953125
IMG_0028.mp4,730,24.333333333333332,30.0,330,1,traffic_lights,0.7610058784484863,1013.2125244140625,525.6173706054688,1035.81884765625,605.1163330078125,1024.5156860351562,565.3668518066406,22.6063232421875,79.49896240234375
IMG_0028.mp4,731,24.366666666666667,30.0,298,2,traffic_signs,0.8954045176506042,1058.4493408203125,509.16546630859375,1092.6925048828125,577.91357421875,1075.5709228515625,543.5395202636719,34.2431640625,68.74810791015625
IMG_0028.mp4,731,24.366666666666667,30.0,317,1,traffic_lights,0.4557686448097229,834.7159423828125,580.0018310546875,865.3754272460938,636.7843017578125,850.0456848144531,608.39306640625,30.65948486328125,56.782470703125
IMG_0028.mp4,731,24.366666666666667,30.0,330,1,traffic_lights,0.729206919670105,1011.260498046875,526.0316772460938,1032.54248046875,604.8978881835938,1021.9014892578125,565.4647827148438,21.281982421875,78.8662109375
IMG_0028.mp4,732,24.4,30.0,298,2,traffic_signs,0.9036442041397095,1055.181640625,507.9718933105469,1088.5035400390625,577.1309204101562,1071.8425903320312,542.5514068603516,33.3218994140625,69.15902709960938
IMG_0028.mp4,732,24.4,30.0,330,1,traffic_lights,0.33214494585990906,1007.5050659179688,525.4338989257812,1029.615966796875,603.4887084960938,1018.5605163574219,564.4613037109375,22.11090087890625,78.0548095703125
IMG_0028.mp4,733,24.433333333333334,30.0,298,2,traffic_signs,0.8956629633903503,1051.89697265625,508.72747802734375,1085.9097900390625,577.3287963867188,1068.9033813476562,543.0281372070312,34.0128173828125,68.601318359375
IMG_0028.mp4,733,24.433333333333334,30.0,330,1,traffic_lights,0.6417655944824219,1003.6485595703125,525.5557250976562,1026.3775634765625,604.1614379882812,1015.0130615234375,564.8585815429688,22.72900390625,78.605712890625
IMG_0028.mp4,733,24.433333333333334,30.0,317,1,traffic_lights,0.49071821570396423,825.3526000976562,578.4426879882812,858.3552856445312,644.6137084960938,841.8539428710938,611.5281982421875,33.002685546875,66.1710205078125
IMG_0028.mp4,734,24.466666666666665,30.0,298,2,traffic_signs,0.8779569268226624,1048.6248779296875,508.8373107910156,1083.7362060546875,578.0835571289062,1066.1805419921875,543.4604339599609,35.111328125,69.24624633789062
IMG_0028.mp4,734,24.466666666666665,30.0,330,1,traffic_lights,0.7381719350814819,1001.292236328125,525.129150390625,1023.06787109375,604.3807373046875,1012.1800537109375,564.7549438476562,21.775634765625,79.2515869140625
IMG_0028.mp4,734,24.466666666666665,30.0,317,1,traffic_lights,0.2755358815193176,821.2626953125,578.6804809570312,855.3697509765625,643.5858764648438,838.3162231445312,611.1331787109375,34.1070556640625,64.9053955078125
IMG_0028.mp4,734,24.466666666666665,30.0,216,1,traffic_lights,0.35593554377555847,910.4977416992188,262.91558837890625,944.392822265625,340.083251953125,927.4452819824219,301.4994201660156,33.89508056640625,77.16766357421875
IMG_0028.mp4,735,24.5,30.0,298,2,traffic_signs,0.8984842300415039,1045.5689697265625,508.3009338378906,1081.2850341796875,577.6654663085938,1063.427001953125,542.9832000732422,35.716064453125,69.36453247070312
IMG_0028.mp4,735,24.5,30.0,330,1,traffic_lights,0.7600264549255371,998.3748779296875,524.3521728515625,1019.6848754882812,604.8316040039062,1009.0298767089844,564.5918884277344,21.30999755859375,80.47943115234375
IMG_0028.mp4,735,24.5,30.0,317,1,traffic_lights,0.6221145987510681,815.2720336914062,578.4839477539062,852.0775146484375,641.555908203125,833.6747741699219,610.0199279785156,36.80548095703125,63.07196044921875
IMG_0028.mp4,735,24.5,30.0,216,1,traffic_lights,0.3909119665622711,909.1179809570312,262.03424072265625,941.4188232421875,339.7767639160156,925.2684020996094,300.90550231933594,32.30084228515625,77.74252319335938
IMG_0028.mp4,736,24.533333333333335,30.0,298,2,traffic_signs,0.9007889628410339,1042.494873046875,508.36572265625,1075.9114990234375,577.2716674804688,1059.2031860351562,542.8186950683594,33.4166259765625,68.90594482421875
IMG_0028.mp4,736,24.533333333333335,30.0,330,1,traffic_lights,0.41721633076667786,993.4925537109375,524.4690551757812,1016.9974365234375,604.0152587890625,1005.2449951171875,564.2421569824219,23.5048828125,79.54620361328125
IMG_0028.mp4,736,24.533333333333335,30.0,317,1,traffic_lights,0.4561147093772888,815.3535766601562,578.3660888671875,848.7662353515625,644.1015625,832.0599060058594,611.2338256835938,33.41265869140625,65.7354736328125
IMG_0028.mp4,736,24.533333333333335,30.0,216,1,traffic_lights,0.5272666215896606,905.843994140625,260.8739318847656,935.3785400390625,340.2149963378906,920.6112670898438,300.5444641113281,29.5345458984375,79.341064453125
IMG_0028.mp4,737,24.566666666666666,30.0,298,2,traffic_signs,0.8858612179756165,1039.1268310546875,508.1685791015625,1073.86767578125,577.533447265625,1056.4972534179688,542.8510131835938,34.7408447265625,69.3648681640625
IMG_0028.mp4,737,24.566666666666666,30.0,330,1,traffic_lights,0.6883695721626282,989.5601196289062,523.7645263671875,1014.1287231445312,605.0684814453125,1001.8444213867188,564.41650390625,24.568603515625,81.303955078125
IMG_0028.mp4,737,24.566666666666666,30.0,317,1,traffic_lights,0.6352940201759338,810.3185424804688,577.9922485351562,846.3157958984375,643.05126953125,828.3171691894531,610.5217590332031,35.99725341796875,65.05902099609375
IMG_0028.mp4,737,24.566666666666666,30.0,216,1,traffic_lights,0.453838586807251,903.4612426757812,259.643310546875,933.9812622070312,339.7001037597656,918.7212524414062,299.6717071533203,30.52001953125,80.05679321289062
IMG_0028.mp4,738,24.6,30.0,298,2,traffic_signs,0.8700870275497437,1036.361572265625,508.50665283203125,1070.4080810546875,577.9143676757812,1053.3848266601562,543.2105102539062,34.0465087890625,69.40771484375
IMG_0028.mp4,738,24.6,30.0,330,1,traffic_lights,0.7674713730812073,987.7771606445312,524.0202026367188,1011.0706176757812,606.8944091796875,999.4238891601562,565.4573059082031,23.29345703125,82.87420654296875
IMG_0028.mp4,738,24.6,30.0,317,1,traffic_lights,0.3915829062461853,811.2876586914062,578.6134033203125,843.5104370117188,646.4114990234375,827.3990478515625,612.512451171875,32.2227783203125,67.798095703125
IMG_0028.mp4,738,24.6,30.0,216,1,traffic_lights,0.36893752217292786,900.0376586914062,259.60894775390625,932.5821533203125,339.8963317871094,916.3099060058594,299.7526397705078,32.54449462890625,80.28738403320312
IMG_0028.mp4,738,24.6,30.0,348,2,traffic_signs,0.45555976033210754,1181.0009765625,553.7258911132812,1196.727783203125,599.6817626953125,1188.8643798828125,576.7038269042969,15.726806640625,45.95587158203125
IMG_0028.mp4,739,24.633333333333333,30.0,298,2,traffic_signs,0.8969303965568542,1033.3095703125,507.5680236816406,1067.7352294921875,576.7626953125,1050.5223999023438,542.1653594970703,34.4256591796875,69.19467163085938
IMG_0028.mp4,739,24.633333333333333,30.0,330,1,traffic_lights,0.5714786648750305,985.8355712890625,524.120361328125,1007.5524291992188,606.2496337890625,996.6940002441406,565.1849975585938,21.71685791015625,82.1292724609375
IMG_0028.mp4,739,24.633333333333333,30.0,317,1,traffic_lights,0.5088093876838684,808.6136474609375,578.5311279296875,840.2484130859375,642.708740234375,824.4310302734375,610.6199340820312,31.634765625,64.1776123046875
IMG_0028.mp4,739,24.633333333333333,30.0,216,1,traffic_lights,0.5235488414764404,898.4219360351562,259.8450622558594,929.0811767578125,339.94708251953125,913.7515563964844,299.8960723876953,30.65924072265625,80.10202026367188
IMG_0028.mp4,740,24.666666666666668,30.0,298,2,traffic_signs,0.9172307252883911,1030.5693359375,507.6900329589844,1063.2808837890625,575.4630126953125,1046.9251098632812,541.5765228271484,32.7115478515625,67.77297973632812
IMG_0028.mp4,740,24.666666666666668,30.0,330,1,traffic_lights,0.4138070046901703,982.8148193359375,524.38671875,1005.0176391601562,606.3888549804688,993.9162292480469,565.3877868652344,22.20281982421875,82.00213623046875
IMG_0028.mp4,741,24.7,30.0,298,2,traffic_signs,0.8962776064872742,1027.2471923828125,507.6931457519531,1061.7620849609375,575.3489990234375,1044.504638671875,541.5210723876953,34.514892578125,67.65585327148438
IMG_0028.mp4,741,24.7,30.0,330,1,traffic_lights,0.645535945892334,979.3946533203125,524.4884643554688,1002.1318359375,606.1969604492188,990.7632446289062,565.3427124023438,22.7371826171875,81.70849609375
IMG_0028.mp4,741,24.7,30.0,348,2,traffic_signs,0.5204493999481201,1170.7279052734375,557.2920532226562,1186.190185546875,599.4004516601562,1178.4590454101562,578.3462524414062,15.4622802734375,42.1083984375
IMG_0028.mp4,741,24.7,30.0,317,1,traffic_lights,0.6381086111068726,799.3760986328125,577.998779296875,834.3995971679688,646.0166625976562,816.8878479003906,612.0077209472656,35.02349853515625,68.01788330078125
IMG_0028.mp4,742,24.733333333333334,30.0,298,2,traffic_signs,0.8805450201034546,1024.2337646484375,507.7294006347656,1059.977294921875,575.7125244140625,1042.1055297851562,541.7209625244141,35.7435302734375,67.98312377929688
IMG_0028.mp4,742,24.733333333333334,30.0,330,1,traffic_lights,0.5980657935142517,977.6124877929688,524.2877807617188,998.9614868164062,606.3058471679688,988.2869873046875,565.2968139648438,21.3489990234375,82.01806640625
IMG_0028.mp4,742,24.733333333333334,30.0,216,1,traffic_lights,0.37063127756118774,888.0694580078125,258.78411865234375,921.8306884765625,338.4647216796875,904.9500732421875,298.6244201660156,33.76123046875,79.68060302734375
IMG_0028.mp4,743,24.766666666666666,30.0,298,2,traffic_signs,0.8979811668395996,1021.3579711914062,507.40228271484375,1057.3499755859375,575.1456909179688,1039.3539733886719,541.2739868164062,35.99200439453125,67.743408203125
IMG_0028.mp4,743,24.766666666666666,30.0,330,1,traffic_lights,0.4385790228843689,975.5488891601562,523.0747680664062,995.9436645507812,605.482177734375,985.7462768554688,564.2784729003906,20.394775390625,82.40740966796875
IMG_0028.mp4,743,24.766666666666666,30.0,216,1,traffic_lights,0.73316890001297,885.869873046875,258.5190734863281,918.394287109375,337.92022705078125,902.132080078125,298.2196502685547,32.5244140625,79.40115356445312
IMG_0028.mp4,744,24.8,30.0,298,2,traffic_signs,0.8988373279571533,1018.5686645507812,507.6109313964844,1052.809814453125,575.34326171875,1035.6892395019531,541.4770965576172,34.24114990234375,67.73233032226562
IMG_0028.mp4,744,24.8,30.0,330,1,traffic_lights,0.32320910692214966,970.2974853515625,523.3123168945312,993.5845336914062,602.3871459960938,981.9410095214844,562.8497314453125,23.28704833984375,79.0748291015625
IMG_0028.mp4,744,24.8,30.0,216,1,traffic_lights,0.5038480162620544,882.0816650390625,258.5402526855469,913.791259765625,338.2178649902344,897.9364624023438,298.3790588378906,31.7095947265625,79.6776123046875
IMG_0028.mp4,745,24.833333333333332,30.0,298,2,traffic_signs,0.8870232105255127,1015.3861694335938,506.9699401855469,1050.2674560546875,576.3456420898438,1032.8268127441406,541.6577911376953,34.88128662109375,69.37570190429688
IMG_0028.mp4,745,24.833333333333332,30.0,330,1,traffic_lights,0.4742797017097473,967.2058715820312,523.0427856445312,990.7211303710938,603.8126831054688,978.9635009765625,563.427734375,23.5152587890625,80.7698974609375
IMG_0028.mp4,745,24.833333333333332,30.0,348,2,traffic_signs,0.49093061685562134,1158.292724609375,559.4146118164062,1172.79833984375,598.9529418945312,1165.5455322265625,579.1837768554688,14.505615234375,39.538330078125
IMG_0028.mp4,745,24.833333333333332,30.0,317,1,traffic_lights,0.3515286445617676,789.1895141601562,578.2133178710938,823.5411376953125,643.0765380859375,806.3653259277344,610.6449279785156,34.35162353515625,64.86322021484375
IMG_0028.mp4,746,24.866666666666667,30.0,298,2,traffic_signs,0.871035099029541,1013.2567138671875,507.50787353515625,1047.6805419921875,577.1694946289062,1030.4686279296875,542.3386840820312,34.423828125,69.66162109375
IMG_0028.mp4,746,24.866666666666667,30.0,330,1,traffic_lights,0.7240208387374878,964.9027099609375,523.8864135742188,988.1255493164062,603.232421875,976.5141296386719,563.5594177246094,23.22283935546875,79.34600830078125
IMG_0028.mp4,746,24.866666666666667,30.0,350,1,traffic_lights,0.5106269717216492,1834.3232421875,316.1697692871094,1914.843017578125,446.4317321777344,1874.5831298828125,381.3007507324219,80.519775390625,130.261962890625
IMG_0028.mp4,746,24.866666666666667,30.0,348,2,traffic_signs,0.3595934212207794,1156.0711669921875,560.1207275390625,1169.376708984375,598.0133666992188,1162.7239379882812,579.0670471191406,13.3055419921875,37.89263916015625
IMG_0028.mp4,747,24.9,30.0,298,2,traffic_signs,0.8963934183120728,1010.5912475585938,506.9206237792969,1044.8836669921875,576.9108276367188,1027.7374572753906,541.9157257080078,34.29241943359375,69.99020385742188
IMG_0028.mp4,747,24.9,30.0,330,1,traffic_lights,0.3204338550567627,964.0175170898438,525.0236206054688,985.3534545898438,603.357177734375,974.6854858398438,564.1903991699219,21.3359375,78.33355712890625
IMG_0028.mp4,747,24.9,30.0,350,1,traffic_lights,0.27511298656463623,1830.6685791015625,316.3083801269531,1912.03564453125,449.13848876953125,1871.3521118164062,382.7234344482422,81.3670654296875,132.83010864257812
IMG_0028.mp4,748,24.933333333333334,30.0,298,2,traffic_signs,0.9043594002723694,1008.1018676757812,506.9383544921875,1040.8896484375,576.105712890625,1024.4957580566406,541.5220336914062,32.78778076171875,69.1673583984375
IMG_0028.mp4,748,24.933333333333334,30.0,350,1,traffic_lights,0.5770459771156311,1827.8515625,316.6440734863281,1908.9600830078125,446.85406494140625,1868.4058227539062,381.7490692138672,81.1085205078125,130.20999145507812
IMG_0028.mp4,748,24.933333333333334,30.0,317,1,traffic_lights,0.28454697132110596,787.2109985351562,579.0654907226562,814.5577392578125,642.4371948242188,800.8843688964844,610.7513427734375,27.34674072265625,63.3717041015625
IMG_0028.mp4,749,24.966666666666665,30.0,298,2,traffic_signs,0.9023797512054443,1005.3407592773438,506.5330810546875,1038.876708984375,575.8236083984375,1022.1087341308594,541.1783447265625,33.53594970703125,69.29052734375
IMG_0028.mp4,749,24.966666666666665,30.0,350,1,traffic_lights,0.49535658955574036,1825.3404541015625,317.2436218261719,1905.5667724609375,448.025390625,1865.45361328125,382.63450622558594,80.226318359375,130.78176879882812
IMG_0028.mp4,749,24.966666666666665,30.0,317,1,traffic_lights,0.5102789402008057,778.6282348632812,578.8837890625,811.1929321289062,645.2315673828125,794.9105834960938,612.0576782226562,32.564697265625,66.3477783203125
IMG_0028.mp4,750,25.0,30.0,298,2,traffic_signs,0.5214782953262329,1002.7223510742188,506.765869140625,1037.2822265625,576.0382690429688,1020.0022888183594,541.4020690917969,34.55987548828125,69.27239990234375
IMG_0028.mp4,750,25.0,30.0,350,1,traffic_lights,0.522533118724823,1822.7645263671875,316.7017517089844,1902.3416748046875,447.7554931640625,1862.5531005859375,382.22862243652344,79.5771484375,131.05374145507812
IMG_0028.mp4,750,25.0,30.0,317,1,traffic_lights,0.3194641172885895,774.0970458984375,578.3983154296875,808.8037719726562,647.054931640625,791.4504089355469,612.7266235351562,34.70672607421875,68.6566162109375
IMG_0028.mp4,750,25.0,30.0,216,1,traffic_lights,0.4674164950847626,863.9263305664062,257.3577575683594,897.616455078125,336.6153259277344,880.7713928222656,296.9865417480469,33.69012451171875,79.257568359375
IMG_0028.mp4,750,25.0,30.0,330,1,traffic_lights,0.36283624172210693,955.3670043945312,524.5370483398438,977.2285766601562,604.3863525390625,966.2977905273438,564.4617004394531,21.861572265625,79.84930419921875
IMG_0028.mp4,751,25.033333333333335,30.0,298,2,traffic_signs,0.8882262110710144,999.9146118164062,506.33966064453125,1035.6219482421875,576.7792358398438,1017.7682800292969,541.5594482421875,35.70733642578125,70.4395751953125
IMG_0028.mp4,751,25.033333333333335,30.0,317,1,traffic_lights,0.6038948893547058,768.5645141601562,578.9121704101562,805.097412109375,646.3595581054688,786.8309631347656,612.6358642578125,36.53289794921875,67.4473876953125
IMG_0028.mp4,751,25.033333333333335,30.0,352,0,auth_label,0.6219226121902466,1888.5145263671875,374.4691162109375,1918.8662109375,782.7238159179688,1903.6903686523438,578.5964660644531,30.3516845703125,408.25469970703125
IMG_0028.mp4,751,25.033333333333335,30.0,216,1,traffic_lights,0.6772422194480896,861.1430053710938,256.6307373046875,895.729736328125,336.8678283691406,878.4363708496094,296.74928283691406,34.58673095703125,80.23709106445312
IMG_0028.mp4,751,25.033333333333335,30.0,330,1,traffic_lights,0.6129962801933289,953.3681640625,523.3733520507812,974.2069702148438,604.3329467773438,963.7875671386719,563.8531494140625,20.83880615234375,80.9595947265625
IMG_0028.mp4,752,25.066666666666666,30.0,298,2,traffic_signs,0.8894729018211365,997.4092407226562,505.8497619628906,1033.6192626953125,577.3768310546875,1015.5142517089844,541.6132965087891,36.21002197265625,71.52706909179688
IMG_0028.mp4,752,25.066666666666666,30.0,317,1,traffic_lights,0.3785777688026428,766.43212890625,577.7691650390625,802.7073364257812,643.072021484375,784.5697326660156,610.4205932617188,36.27520751953125,65.3028564453125
IMG_0028.mp4,752,25.066666666666666,30.0,352,0,auth_label,0.540638267993927,1887.7359619140625,367.76611328125,1918.538330078125,775.7337036132812,1903.1371459960938,571.7499084472656,30.8023681640625,407.96759033203125
IMG_0028.mp4,752,25.066666666666666,30.0,216,1,traffic_lights,0.7555524706840515,860.5748901367188,256.11724853515625,893.6268920898438,336.77728271484375,877.1008911132812,296.447265625,33.052001953125,80.6600341796875
IMG_0028.mp4,752,25.066666666666666,30.0,330,1,traffic_lights,0.4158272445201874,951.0796508789062,522.5655517578125,971.7786865234375,604.509765625,961.4291687011719,563.5376586914062,20.69903564453125,81.9442138671875
IMG_0028.mp4,752,25.066666666666666,30.0,350,1,traffic_lights,0.4273574948310852,1817.192138671875,316.11968994140625,1896.9781494140625,444.51611328125,1857.0851440429688,380.3179016113281,79.7860107421875,128.39642333984375
IMG_0028.mp4,753,25.1,30.0,298,2,traffic_signs,0.878746509552002,994.8265991210938,506.40887451171875,1029.4371337890625,579.0474243164062,1012.1318664550781,542.7281494140625,34.61053466796875,72.6385498046875
IMG_0028.mp4,753,25.1,30.0,317,1,traffic_lights,0.6999146342277527,765.7594604492188,578.4301147460938,800.2129516601562,644.020263671875,782.9862060546875,611.2251892089844,34.4534912109375,65.59014892578125
IMG_0028.mp4,753,25.1,30.0,352,0,auth_label,0.4253338575363159,1885.010009765625,357.64654541015625,1919.15283203125,762.2869262695312,1902.0814208984375,559.9667358398438,34.142822265625,404.640380859375
IMG_0028.mp4,753,25.1,30.0,216,1,traffic_lights,0.27661848068237305,858.1956787109375,257.1488037109375,890.1493530273438,338.33880615234375,874.1725158691406,297.7438049316406,31.95367431640625,81.19000244140625
IMG_0028.mp4,753,25.1,30.0,330,1,traffic_lights,0.28237152099609375,944.0823364257812,523.0673828125,969.59326171875,603.2316284179688,956.8377990722656,563.1495056152344,25.51092529296875,80.16424560546875
IMG_0028.mp4,753,25.1,30.0,350,1,traffic_lights,0.8012902140617371,1814.7381591796875,316.3098449707031,1893.9793701171875,444.38714599609375,1854.3587646484375,380.34849548339844,79.2412109375,128.07730102539062
IMG_0028.mp4,754,25.133333333333333,30.0,298,2,traffic_signs,0.8837487101554871,992.1161499023438,506.26971435546875,1026.8023681640625,578.6891479492188,1009.4592590332031,542.4794311523438,34.68621826171875,72.41943359375
IMG_0028.mp4,754,25.133333333333333,30.0,317,1,traffic_lights,0.5491450428962708,763.9038696289062,578.306884765625,798.2077026367188,644.8590087890625,781.0557861328125,611.5829467773438,34.3038330078125,66.5521240234375
IMG_0028.mp4,754,25.133333333333333,30.0,352,0,auth_label,0.6691551804542542,1881.379638671875,356.90087890625,1919.1392822265625,770.8424682617188,1900.2594604492188,563.8716735839844,37.7596435546875,413.94158935546875
IMG_0028.mp4,754,25.133333333333333,30.0,216,1,traffic_lights,0.68553227186203,856.4502563476562,256.8746337890625,887.1342163085938,337.70770263671875,871.792236328125,297.2911682128906,30.6839599609375,80.83306884765625
IMG_0028.mp4,754,25.133333333333333,30.0,350,1,traffic_lights,0.8838866949081421,1812.16845703125,316.2260437011719,1891.2454833984375,445.0544128417969,1851.7069702148438,380.6402282714844,79.0770263671875,128.828369140625
IMG_0028.mp4,755,25.166666666666668,30.0,298,2,traffic_signs,0.8437650203704834,990.0421142578125,507.2515869140625,1024.2115478515625,577.6143188476562,1007.1268310546875,542.4329528808594,34.16943359375,70.36273193359375
IMG_0028.mp4,755,25.166666666666668,30.0,352,0,auth_label,0.5848770141601562,1878.5230712890625,354.0984191894531,1919.01318359375,771.1572265625,1898.7681274414062,562.6278228759766,40.4901123046875,417.0588073730469
IMG_0028.mp4,755,25.166666666666668,30.0,216,1,traffic_lights,0.4130144417285919,854.3462524414062,256.80987548828125,885.470458984375,337.1160888671875,869.9083557128906,296.9629821777344,31.12420654296875,80.30621337890625
IMG_0028.mp4,755,25.166666666666668,30.0,350,1,traffic_lights,0.8275226354598999,1809.2364501953125,316.0210266113281,1888.8311767578125,444.88189697265625,1849.0338134765625,380.4514617919922,79.5947265625,128.86087036132812
IMG_0028.mp4,755,25.166666666666668,30.0,330,1,traffic_lights,0.38963183760643005,941.0853881835938,523.7052612304688,964.7929077148438,604.4349365234375,952.9391479492188,564.0700988769531,23.70751953125,80.72967529296875
IMG_0028.mp4,756,25.2,30.0,298,2,traffic_signs,0.8851016163825989,987.525634765625,507.01318359375,1021.92578125,576.255126953125,1004.7257080078125,541.6341552734375,34.400146484375,69.241943359375
IMG_0028.mp4,756,25.2,30.0,352,0,auth_label,0.7702693939208984,1875.2554931640625,349.6333923339844,1919.2227783203125,764.5057373046875,1897.2391357421875,557.0695648193359,43.96728515625,414.8723449707031
IMG_0028.mp4,756,25.2,30.0,216,1,traffic_lights,0.6931937336921692,852.1256103515625,257.2622375488281,883.5833740234375,337.4902648925781,867.8544921875,297.3762512207031,31.457763671875,80.22802734375
IMG_0028.mp4,756,25.2,30.0,350,1,traffic_lights,0.7568590044975281,1806.1768798828125,316.1722717285156,1886.5240478515625,445.4153747558594,1846.3504638671875,380.7938232421875,80.34716796875,129.24310302734375
IMG_0028.mp4,756,25.2,30.0,330,1,traffic_lights,0.5625578761100769,940.3307495117188,523.9884033203125,962.7050170898438,606.166259765625,951.5178833007812,565.0773315429688,22.374267578125,82.1778564453125
IMG_0028.mp4,757,25.233333333333334,30.0,298,2,traffic_signs,0.8988119959831238,985.2701416015625,506.4751281738281,1019.9794921875,575.4088134765625,1002.6248168945312,540.9419708251953,34.7093505859375,68.93368530273438
IMG_0028.mp4,757,25.233333333333334,30.0,352,0,auth_label,0.5126773118972778,1873.9041748046875,346.87957763671875,1919.533203125,761.9237060546875,1896.7186889648438,554.4016418457031,45.6290283203125,415.04412841796875
IMG_0028.mp4,757,25.233333333333334,30.0,216,1,traffic_lights,0.725603461265564,850.8500366210938,256.2635192871094,881.3656616210938,337.3119812011719,866.1078491210938,296.7877502441406,30.515625,81.0484619140625
IMG_0028.mp4,757,25.233333333333334,30.0,350,1,traffic_lights,0.7525185346603394,1803.72021484375,315.94964599609375,1884.2099609375,444.54913330078125,1843.965087890625,380.2493896484375,80.48974609375,128.5994873046875
IMG_0028.mp4,757,25.233333333333334,30.0,330,1,traffic_lights,0.2598259150981903,938.818115234375,524.1017456054688,960.2987670898438,606.0484008789062,949.5584411621094,565.0750732421875,21.48065185546875,81.9466552734375
IMG_0028.mp4,758,25.266666666666666,30.0,298,2,traffic_signs,0.9073061347007751,982.8908081054688,506.5815124511719,1016.51123046875,574.471435546875,999.7010192871094,540.5264739990234,33.62042236328125,67.88992309570312
IMG_0028.mp4,758,25.266666666666666,30.0,352,0,auth_label,0.6748782396316528,1872.2281494140625,346.0263366699219,1919.59814453125,762.7479858398438,1895.9131469726562,554.3871612548828,47.3699951171875,416.7216491699219
IMG_0028.mp4,758,25.266666666666666,30.0,216,1,traffic_lights,0.2812192738056183,847.5863647460938,256.233642578125,877.7943725585938,337.72857666015625,862.6903686523438,296.9811096191406,30.2080078125,81.49493408203125
IMG_0028.mp4,758,25.266666666666666,30.0,350,1,traffic_lights,0.790071964263916,1801.18701171875,315.5285949707031,1881.62158203125,443.3910217285156,1841.404296875,379.4598083496094,80.4345703125,127.8624267578125
IMG_0028.mp4,759,25.3,30.0,298,2,traffic_signs,0.9029390215873718,980.4705200195312,506.5792236328125,1014.7781372070312,574.5183715820312,997.6243286132812,540.5487976074219,34.3076171875,67.93914794921875
IMG_0028.mp4,759,25.3,30.0,352,0,auth_label,0.7132763862609863,1870.7237548828125,345.8251647949219,1919.7728271484375,764.7681884765625,1895.248291015625,555.2966766357422,49.049072265625,418.9430236816406
IMG_0028.mp4,759,25.3,30.0,350,1,traffic_lights,0.5445733666419983,1798.9686279296875,315.6846618652344,1879.4476318359375,443.6282653808594,1839.2081298828125,379.6564636230469,80.47900390625,127.943603515625
IMG_0028.mp4,760,25.333333333333332,30.0,298,2,traffic_signs,0.8642798662185669,977.9202270507812,507.1231994628906,1013.0352172851562,574.705810546875,995.4777221679688,540.9145050048828,35.114990234375,67.58261108398438
IMG_0028.mp4,760,25.333333333333332,30.0,352,0,auth_label,0.7906506657600403,1868.399169921875,347.1025695800781,1919.6966552734375,765.541748046875,1894.0479125976562,556.3221588134766,51.2974853515625,418.4391784667969
IMG_0028.mp4,760,25.333333333333332,30.0,350,2,traffic_signs,0.45713767409324646,1796.90283203125,315.5635070800781,1877.1181640625,443.36151123046875,1837.010498046875,379.46250915527344,80.21533203125,127.79800415039062
IMG_0028.mp4,760,25.333333333333332,30.0,357,1,traffic_lights,0.40824753046035767,1796.9063720703125,315.65216064453125,1877.008056640625,443.5422668457031,1836.9572143554688,379.5972137451172,80.1016845703125,127.89010620117188
IMG_0028.mp4,761,25.366666666666667,30.0,298,2,traffic_signs,0.8711839914321899,975.2947998046875,506.23065185546875,1011.4541015625,575.1757202148438,993.3744506835938,540.7031860351562,36.1593017578125,68.945068359375
IMG_0028.mp4,761,25.366666666666667,30.0,352,0,auth_label,0.8506529927253723,1866.94775390625,346.3735656738281,1919.9044189453125,764.7511596679688,1893.4260864257812,555.5623626708984,52.9566650390625,418.3775939941406
IMG_0028.mp4,761,25.366666666666667,30.0,350,2,traffic_signs,0.65435391664505,1795.193115234375,315.41351318359375,1874.956298828125,443.9873962402344,1835.07470703125,379.70045471191406,79.76318359375,128.57388305664062
IMG_0028.mp4,761,25.366666666666667,30.0,216,1,traffic_lights,0.6372936367988586,839.430908203125,257.21917724609375,872.832763671875,336.94586181640625,856.1318359375,297.08251953125,33.40185546875,79.7266845703125
IMG_0028.mp4,762,25.4,30.0,298,2,traffic_signs,0.8387869596481323,973.016357421875,505.5614013671875,1009.1338500976562,576.54541015625,991.0751037597656,541.0534057617188,36.11749267578125,70.9840087890625
IMG_0028.mp4,762,25.4,30.0,352,0,auth_label,0.8558541536331177,1865.2091064453125,345.5841369628906,1919.9669189453125,762.9346313476562,1892.5880126953125,554.2593841552734,54.7578125,417.3504943847656
IMG_0028.mp4,762,25.4,30.0,350,2,traffic_signs,0.39863306283950806,1792.8402099609375,314.9532775878906,1872.209716796875,443.2412414550781,1832.5249633789062,379.0972595214844,79.3695068359375,128.2879638671875
IMG_0028.mp4,762,25.4,30.0,216,1,traffic_lights,0.8274269104003906,837.56396484375,256.1206970214844,870.3905029296875,336.4471435546875,853.9772338867188,296.28392028808594,32.8265380859375,80.32644653320312
IMG_0028.mp4,763,25.433333333333334,30.0,298,2,traffic_signs,0.8396599292755127,970.7221069335938,506.117919921875,1004.8004760742188,576.6123657226562,987.7612915039062,541.3651428222656,34.078369140625,70.49444580078125
IMG_0028.mp4,763,25.433333333333334,30.0,352,0,auth_label,0.8688603639602661,1861.65869140625,345.0770263671875,1920.0,761.0736694335938,1890.829345703125,553.0753479003906,58.34130859375,415.99664306640625
IMG_0028.mp4,763,25.433333333333334,30.0,350,1,traffic_lights,0.6685813069343567,1790.75732421875,314.65740966796875,1869.5638427734375,443.16400146484375,1830.1605834960938,378.91070556640625,78.8065185546875,128.506591796875
IMG_0028.mp4,763,25.433333333333334,30.0,216,1,traffic_lights,0.4391614496707916,834.8104248046875,256.5740661621094,866.961669921875,336.7891540527344,850.8860473632812,296.6816101074219,32.1512451171875,80.215087890625
IMG_0028.mp4,764,25.466666666666665,30.0,298,2,traffic_signs,0.8451408743858337,968.203125,505.8128356933594,1002.4884033203125,577.0534057617188,985.3457641601562,541.4331207275391,34.2852783203125,71.24057006835938
IMG_0028.mp4,764,25.466666666666665,30.0,352,0,auth_label,0.8713254928588867,1858.3463134765625,342.3714294433594,1919.99365234375,756.7161865234375,1889.1699829101562,549.5438079833984,61.6473388671875,414.3447570800781
IMG_0028.mp4,764,25.466666666666665,30.0,350,1,traffic_lights,0.5477039813995361,1788.291259765625,315.23138427734375,1866.8570556640625,443.6523742675781,1827.5741577148438,379.44187927246094,78.5657958984375,128.42098999023438
IMG_0028.mp4,764,25.466666666666665,30.0,216,1,traffic_lights,0.4185374975204468,832.1336059570312,257.4532775878906,863.7509155273438,336.77471923828125,847.9422607421875,297.11399841308594,31.6173095703125,79.32144165039062
IMG_0028.mp4,765,25.5,30.0,298,2,traffic_signs,0.5747194886207581,966.0094604492188,505.7701110839844,1000.841064453125,579.3596801757812,983.4252624511719,542.5648956298828,34.83160400390625,73.58956909179688
IMG_0028.mp4,765,25.5,30.0,352,0,auth_label,0.4046217203140259,1854.049072265625,337.5470886230469,1919.8758544921875,752.757080078125,1886.9624633789062,545.1520843505859,65.8267822265625,415.2099914550781
IMG_0028.mp4,765,25.5,30.0,350,2,traffic_signs,0.4573962986469269,1785.615234375,315.2676086425781,1864.14404296875,444.0071105957031,1824.879638671875,379.6373596191406,78.52880859375,128.739501953125
IMG_0028.mp4,765,25.5,30.0,359,1,traffic_lights,0.3699549436569214,1785.4644775390625,315.4484558105469,1864.0155029296875,444.29718017578125,1824.739990234375,379.87281799316406,78.551025390625,128.84872436523438
IMG_0028.mp4,766,25.533333333333335,30.0,298,2,traffic_signs,0.7621939182281494,964.0257568359375,505.7511901855469,998.82470703125,579.5003662109375,981.4252319335938,542.6257781982422,34.7989501953125,73.74917602539062
IMG_0028.mp4,766,25.533333333333335,30.0,350,2,traffic_signs,0.27913886308670044,1783.0396728515625,315.28680419921875,1861.943603515625,444.58587646484375,1822.4916381835938,379.93634033203125,78.9039306640625,129.299072265625
IMG_0028.mp4,766,25.533333333333335,30.0,359,1,traffic_lights,0.5414770245552063,1782.814697265625,315.421630859375,1861.8165283203125,444.8533630371094,1822.3156127929688,380.1374969482422,79.0018310546875,129.43173217773438
IMG_0028.mp4,766,25.533333333333335,30.0,330,1,traffic_lights,0.5742017030715942,917.2708129882812,523.9342041015625,940.0919799804688,607.4827880859375,928.681396484375,565.70849609375,22.8211669921875,83.548583984375
IMG_0028.mp4,767,25.566666666666666,30.0,298,2,traffic_signs,0.8116623163223267,961.8524169921875,506.2030334472656,996.7594604492188,578.9208374023438,979.3059387207031,542.5619354248047,34.90704345703125,72.71780395507812
IMG_0028.mp4,767,25.566666666666666,30.0,216,1,traffic_lights,0.7983793616294861,825.268798828125,255.7738037109375,857.4267578125,336.4870300292969,841.3477783203125,296.1304168701172,32.157958984375,80.71322631835938
IMG_0028.mp4,768,25.6,30.0,298,2,traffic_signs,0.8535972833633423,959.9547119140625,506.3872375488281,994.2131958007812,578.639892578125,977.0839538574219,542.5135650634766,34.25848388671875,72.25265502929688
IMG_0028.mp4,768,25.6,30.0,216,1,traffic_lights,0.2970098555088043,822.1069946289062,255.59373474121094,855.0706787109375,337.51947021484375,838.5888366699219,296.55660247802734,32.96368408203125,81.92573547363281
IMG_0028.mp4,768,25.6,30.0,317,1,traffic_lights,0.25128689408302307,728.1085815429688,577.97314453125,763.5559692382812,647.1320190429688,745.832275390625,612.5525817871094,35.4473876953125,69.15887451171875
IMG_0028.mp4,768,25.6,30.0,350,1,traffic_lights,0.8265071511268616,1778.563232421875,315.14501953125,1857.6417236328125,445.1302490234375,1818.1024780273438,380.13763427734375,79.0784912109375,129.9852294921875
IMG_0028.mp4,769,25.633333333333333,30.0,298,2,traffic_signs,0.8961784839630127,957.8493041992188,506.2433776855469,991.6948852539062,576.9351806640625,974.7720947265625,541.5892791748047,33.8455810546875,70.69180297851562
IMG_0028.mp4,769,25.633333333333333,30.0,216,1,traffic_lights,0.7648827433586121,818.5750122070312,255.61630249023438,852.9759521484375,337.23638916015625,835.7754821777344,296.4263458251953,34.40093994140625,81.62008666992188
IMG_0028.mp4,769,25.633333333333333,30.0,350,1,traffic_lights,0.7522974014282227,1776.5277099609375,315.3047180175781,1855.7056884765625,446.1085205078125,1816.11669921875,380.7066192626953,79.177978515625,130.80380249023438
IMG_0028.mp4,770,25.666666666666668,30.0,298,2,traffic_signs,0.8765392899513245,955.7154541015625,506.51416015625,990.3948974609375,578.0100708007812,973.05517578125,542.2621154785156,34.679443359375,71.49591064453125
IMG_0028.mp4,770,25.666666666666668,30.0,216,1,traffic_lights,0.7496501803398132,815.6565551757812,255.4794464111328,851.5568237304688,336.9714660644531,833.606689453125,296.22545623779297,35.9002685546875,81.49201965332031
IMG_0028.mp4,770,25.666666666666668,30.0,350,1,traffic_lights,0.6399374008178711,1774.3802490234375,315.30670166015625,1853.54638671875,446.8907470703125,1813.9633178710938,381.0987243652344,79.1661376953125,131.58404541015625
IMG_0028.mp4,770,25.666666666666668,30.0,330,1,traffic_lights,0.2513364851474762,907.3851928710938,524.7432250976562,931.7694702148438,608.8846435546875,919.5773315429688,566.8139343261719,24.38427734375,84.14141845703125
IMG_0028.mp4,771,25.7,30.0,298,2,traffic_signs,0.7974022030830383,953.351318359375,506.9541015625,989.0377807617188,580.7428588867188,971.1945495605469,543.8484802246094,35.68646240234375,73.78875732421875
IMG_0028.mp4,771,25.7,30.0,216,1,traffic_lights,0.4073069095611572,814.3038940429688,255.45301818847656,849.8854370117188,335.8868103027344,832.0946655273438,295.66991424560547,35.58154296875,80.43379211425781
IMG_0028.mp4,771,25.7,30.0,350,1,traffic_lights,0.7356945276260376,1772.523193359375,315.2629699707031,1851.3250732421875,446.9227294921875,1811.9241333007812,381.0928497314453,78.8018798828125,131.65975952148438
IMG_0028.mp4,771,25.7,30.0,330,1,traffic_lights,0.4832923710346222,905.7801513671875,524.7777709960938,929.3822631835938,609.39453125,917.5812072753906,567.0861511230469,23.60211181640625,84.61676025390625
IMG_0028.mp4,771,25.7,30.0,317,1,traffic_lights,0.28665828704833984,718.7904663085938,578.1326904296875,755.1808471679688,646.568603515625,736.9856567382812,612.3506469726562,36.390380859375,68.4359130859375
IMG_0028.mp4,772,25.733333333333334,30.0,298,2,traffic_signs,0.846190869808197,951.0729370117188,506.82269287109375,987.4324951171875,581.9544067382812,969.2527160644531,544.3885498046875,36.35955810546875,75.1317138671875
IMG_0028.mp4,772,25.733333333333334,30.0,216,1,traffic_lights,0.8552498817443848,813.1686401367188,256.6366882324219,848.50390625,336.3969421386719,830.8362731933594,296.5168151855469,35.33526611328125,79.76025390625
IMG_0028.mp4,772,25.733333333333334,30.0,350,1,traffic_lights,0.4200555384159088,1770.355712890625,314.7544250488281,1849.0968017578125,446.2072448730469,1809.7262573242188,380.4808349609375,78.7410888671875,131.45281982421875
IMG_0028.mp4,772,25.733333333333334,30.0,330,1,traffic_lights,0.6138775944709778,903.7088012695312,524.1182250976562,927.0853881835938,609.447265625,915.3970947265625,566.7827453613281,23.3765869140625,85.32904052734375
IMG_0028.mp4,773,25.766666666666666,30.0,298,2,traffic_signs,0.8433258533477783,948.8651123046875,506.3218688964844,985.3591918945312,582.683837890625,967.1121520996094,544.5028533935547,36.49407958984375,76.36196899414062
IMG_0028.mp4,773,25.766666666666666,30.0,216,1,traffic_lights,0.8868438601493835,812.6577758789062,255.48526000976562,846.236328125,336.3873291015625,829.4470520019531,295.93629455566406,33.57855224609375,80.90206909179688
IMG_0028.mp4,773,25.766666666666666,30.0,350,1,traffic_lights,0.5651800632476807,1768.330810546875,313.3554992675781,1846.9532470703125,446.02130126953125,1807.6420288085938,379.6884002685547,78.6224365234375,132.66580200195312
IMG_0028.mp4,774,25.8,30.0,298,2,traffic_signs,0.8237060904502869,946.7288818359375,506.8352966308594,982.2776489257812,582.3562622070312,964.5032653808594,544.5957794189453,35.54876708984375,75.52096557617188
IMG_0028.mp4,774,25.8,30.0,216,1,traffic_lights,0.8398048281669617,810.8652954101562,256.2300720214844,843.5335083007812,336.8184509277344,827.1994018554688,296.5242614746094,32.668212890625,80.58837890625
IMG_0028.mp4,774,25.8,30.0,350,1,traffic_lights,0.8164224624633789,1766.604736328125,312.7012939453125,1845.0604248046875,445.80255126953125,1805.8325805664062,379.2519226074219,78.4556884765625,133.10125732421875
IMG_0028.mp4,775,25.833333333333332,30.0,298,2,traffic_signs,0.8587540984153748,944.5692138671875,506.4546813964844,979.716796875,582.6378173828125,962.1430053710938,544.5462493896484,35.1475830078125,76.18313598632812
IMG_0028.mp4,775,25.833333333333332,30.0,216,1,traffic_lights,0.8663017749786377,808.734619140625,256.72918701171875,840.7711791992188,336.8299255371094,824.7528991699219,296.77955627441406,32.03656005859375,80.10073852539062
IMG_0028.mp4,775,25.833333333333332,30.0,350,1,traffic_lights,0.7135840654373169,1764.5181884765625,314.1483459472656,1842.9295654296875,447.0702209472656,1803.723876953125,380.6092834472656,78.411376953125,132.921875
IMG_0028.mp4,776,25.866666666666667,30.0,298,2,traffic_signs,0.8364081978797913,942.4881591796875,506.3441162109375,978.3189086914062,583.7328491210938,960.4035339355469,545.0384826660156,35.83074951171875,77.38873291015625
IMG_0028.mp4,776,25.866666666666667,30.0,216,1,traffic_lights,0.7594197392463684,807.2734375,256.31243896484375,839.3815307617188,336.8111877441406,823.3274841308594,296.5618133544922,32.10809326171875,80.49874877929688
IMG_0028.mp4,776,25.866666666666667,30.0,350,1,traffic_lights,0.7310964465141296,1762.47119140625,314.7657165527344,1840.5828857421875,446.8780212402344,1801.5270385742188,380.8218688964844,78.1116943359375,132.1123046875
IMG_0028.mp4,776,25.866666666666667,30.0,330,1,traffic_lights,0.28768572211265564,894.2575073242188,523.4545288085938,919.7189331054688,609.11279296875,906.9882202148438,566.2836608886719,25.46142578125,85.65826416015625
IMG_0028.mp4,777,25.9,30.0,298,2,traffic_signs,0.7187718152999878,940.9047241210938,507.2706604003906,976.210205078125,583.979736328125,958.5574645996094,545.6251983642578,35.30548095703125,76.70907592773438
IMG_0028.mp4,777,25.9,30.0,216,1,traffic_lights,0.7870314717292786,806.52587890625,256.80682373046875,838.29052734375,336.8614807128906,822.408203125,296.8341522216797,31.7646484375,80.05465698242188
IMG_0028.mp4,777,25.9,30.0,350,1,traffic_lights,0.7820465564727783,1759.822509765625,315.6009521484375,1837.9898681640625,448.2125549316406,1798.9061889648438,381.90675354003906,78.1673583984375,132.61160278320312
IMG_0028.mp4,777,25.9,30.0,330,1,traffic_lights,0.4364655613899231,893.1663818359375,523.7355346679688,917.6089477539062,609.7691040039062,905.3876647949219,566.7523193359375,24.44256591796875,86.0335693359375
IMG_0028.mp4,778,25.933333333333334,30.0,298,2,traffic_signs,0.8157979249954224,938.9149169921875,507.53704833984375,974.115966796875,581.3776245117188,956.5154418945312,544.4573364257812,35.2010498046875,73.840576171875
IMG_0028.mp4,778,25.933333333333334,30.0,216,1,traffic_lights,0.7817010879516602,804.0087280273438,256.2418518066406,835.9563598632812,336.6952819824219,819.9825439453125,296.46856689453125,31.9476318359375,80.45343017578125
IMG_0028.mp4,778,25.933333333333334,30.0,350,1,traffic_lights,0.506733238697052,1757.4349365234375,315.9482116699219,1835.847900390625,448.0870666503906,1796.6414184570312,382.01763916015625,78.4129638671875,132.13885498046875
IMG_0028.mp4,779,25.966666666666665,30.0,298,2,traffic_signs,0.857968807220459,937.0736694335938,507.60137939453125,972.3423461914062,578.5640869140625,954.7080078125,543.0827331542969,35.2686767578125,70.96270751953125
IMG_0028.mp4,779,25.966666666666665,30.0,216,1,traffic_lights,0.8297228217124939,802.6019287109375,254.92868041992188,833.4415893554688,336.20587158203125,818.0217590332031,295.56727600097656,30.83966064453125,81.27719116210938
IMG_0028.mp4,779,25.966666666666665,30.0,350,1,traffic_lights,0.6217791438102722,1755.3804931640625,316.04998779296875,1833.9638671875,446.9796447753906,1794.6721801757812,381.5148162841797,78.5833740234375,130.92965698242188
IMG_0028.mp4,780,26.0,30.0,298,2,traffic_signs,0.8997979164123535,935.0980224609375,507.53424072265625,969.9343872070312,576.3889770507812,952.5162048339844,541.9616088867188,34.83636474609375,68.854736328125
IMG_0028.mp4,780,26.0,30.0,216,1,traffic_lights,0.507602334022522,799.7969970703125,254.822998046875,830.4676513671875,336.5262145996094,815.13232421875,295.6746063232422,30.670654296875,81.70321655273438
IMG_0028.mp4,780,26.0,30.0,350,1,traffic_lights,0.6532524228096008,1753.3353271484375,315.85968017578125,1832.051025390625,445.9161376953125,1792.6931762695312,380.8879089355469,78.7156982421875,130.05645751953125
IMG_0028.mp4,781,26.033333333333335,30.0,298,2,traffic_signs,0.8972901105880737,933.0577392578125,507.1511535644531,967.6988525390625,575.8456420898438,950.3782958984375,541.4983978271484,34.64111328125,68.69448852539062
IMG_0028.mp4,781,26.033333333333335,30.0,216,1,traffic_lights,0.5003359317779541,797.2372436523438,255.13583374023438,828.38720703125,336.1112976074219,812.8122253417969,295.6235656738281,31.14996337890625,80.9754638671875
IMG_0028.mp4,781,26.033333333333335,30.0,350,2,traffic_signs,0.3752206265926361,1751.43017578125,316.33917236328125,1830.2349853515625,446.36383056640625,1790.8325805664062,381.35150146484375,78.8048095703125,130.024658203125
IMG_0028.mp4,782,26.066666666666666,30.0,298,2,traffic_signs,0.8812233209609985,930.9117431640625,507.0666198730469,966.181640625,576.040283203125,948.5466918945312,541.5534515380859,35.2698974609375,68.97366333007812
IMG_0028.mp4,782,26.066666666666666,30.0,216,1,traffic_lights,0.3406485915184021,795.5014038085938,255.52687072753906,827.3402709960938,335.583984375,811.4208374023438,295.55542755126953,31.8388671875,80.05711364746094
IMG_0028.mp4,782,26.066666666666666,30.0,350,2,traffic_signs,0.5393291711807251,1749.6729736328125,316.2697448730469,1828.035888671875,446.1538391113281,1788.8544311523438,381.2117919921875,78.3629150390625,129.88409423828125
IMG_0028.mp4,783,26.1,30.0,298,2,traffic_signs,0.8386587500572205,928.8565063476562,507.4173583984375,965.1405639648438,576.5186157226562,946.99853515625,541.9679870605469,36.2840576171875,69.10125732421875
IMG_0028.mp4,783,26.1,30.0,216,1,traffic_lights,0.6067510843276978,793.810546875,256.3732604980469,826.5848388671875,335.7972717285156,810.1976928710938,296.08526611328125,32.7742919921875,79.42401123046875
IMG_0028.mp4,783,26.1,30.0,350,2,traffic_signs,0.4565640389919281,1748.193359375,316.0863037109375,1826.0103759765625,446.52178955078125,1787.1018676757812,381.3040466308594,77.8170166015625,130.43548583984375
IMG_0028.mp4,783,26.1,30.0,317,1,traffic_lights,0.3147365152835846,690.0625610351562,579.7095947265625,718.5487670898438,639.8212280273438,704.3056640625,609.7654113769531,28.4862060546875,60.11163330078125
IMG_0028.mp4,784,26.133333333333333,30.0,298,2,traffic_signs,0.8728833198547363,926.825927734375,506.546142578125,963.4306030273438,576.3237915039062,945.1282653808594,541.4349670410156,36.60467529296875,69.77764892578125
IMG_0028.mp4,784,26.133333333333333,30.0,216,1,traffic_lights,0.699756383895874,790.5811767578125,255.95555114746094,825.2000122070312,335.80126953125,807.8905944824219,295.87841033935547,34.61883544921875,79.84571838378906
IMG_0028.mp4,784,26.133333333333333,30.0,317,1,traffic_lights,0.3286513686180115,688.119873046875,581.547119140625,711.3529052734375,639.4322509765625,699.7363891601562,610.4896850585938,23.2330322265625,57.8851318359375
IMG_0028.mp4,785,26.166666666666668,30.0,298,2,traffic_signs,0.8631128668785095,924.9382934570312,506.8209533691406,961.509521484375,576.2945556640625,943.2239074707031,541.5577545166016,36.57122802734375,69.47360229492188
IMG_0028.mp4,785,26.166666666666668,30.0,216,1,traffic_lights,0.7998695373535156,789.2930908203125,255.197265625,823.0540161132812,335.8497314453125,806.1735534667969,295.52349853515625,33.76092529296875,80.6524658203125
IMG_0028.mp4,785,26.166666666666668,30.0,317,1,traffic_lights,0.29972344636917114,687.1422729492188,583.6752319335938,711.7052001953125,641.8541870117188,699.4237365722656,612.7647094726562,24.56292724609375,58.178955078125
IMG_0028.mp4,785,26.166666666666668,30.0,350,1,traffic_lights,0.35060474276542664,1744.5728759765625,314.6693115234375,1821.67138671875,446.24163818359375,1783.1221313476562,380.4554748535156,77.0985107421875,131.57232666015625
IMG_0028.mp4,786,26.2,30.0,298,2,traffic_signs,0.8230835795402527,922.8954467773438,506.9259033203125,957.8843383789062,577.6134643554688,940.389892578125,542.2696838378906,34.9888916015625,70.68756103515625
IMG_0028.mp4,786,26.2,30.0,216,1,traffic_lights,0.40359991788864136,786.091796875,255.97654724121094,820.3817749023438,336.2171325683594,803.2367858886719,296.09683990478516,34.28997802734375,80.24058532714844
IMG_0028.mp4,786,26.2,30.0,350,1,traffic_lights,0.7806949615478516,1742.760986328125,314.17523193359375,1819.497802734375,447.2455749511719,1781.12939453125,380.7104034423828,76.73681640625,133.07034301757812
IMG_0028.mp4,787,26.233333333333334,30.0,298,2,traffic_signs,0.8694120049476624,920.8429565429688,506.6929931640625,954.736083984375,577.8353271484375,937.7895202636719,542.26416015625,33.89312744140625,71.142333984375
IMG_0028.mp4,787,26.233333333333334,30.0,216,1,traffic_lights,0.6061075925827026,783.5018310546875,255.90679931640625,817.6873168945312,335.6949462890625,800.5945739746094,295.8008728027344,34.18548583984375,79.78814697265625
IMG_0028.mp4,787,26.233333333333334,30.0,350,1,traffic_lights,0.780329167842865,1741.0728759765625,315.832763671875,1817.452392578125,447.4625549316406,1779.2626342773438,381.6476593017578,76.3795166015625,131.62979125976562
IMG_0028.mp4,788,26.266666666666666,30.0,298,2,traffic_signs,0.8513336777687073,918.8640747070312,506.9279479980469,953.6151123046875,579.06005859375,936.2395935058594,542.9940032958984,34.75103759765625,72.13211059570312
IMG_0028.mp4,788,26.266666666666666,30.0,350,1,traffic_lights,0.7062559127807617,1739.1005859375,316.8354187011719,1815.652587890625,447.8429870605469,1777.3765869140625,382.3392028808594,76.552001953125,131.007568359375
IMG_0028.mp4,789,26.3,30.0,298,2,traffic_signs,0.542551577091217,917.1343383789062,506.2698974609375,951.8724365234375,585.2999267578125,934.5033874511719,545.784912109375,34.73809814453125,79.030029296875
IMG_0028.mp4,789,26.3,30.0,350,1,traffic_lights,0.739201009273529,1737.0009765625,316.9305114746094,1813.700927734375,449.0130920410156,1775.3509521484375,382.9718017578125,76.699951171875,132.08258056640625
IMG_0028.mp4,789,26.3,30.0,317,1,traffic_lights,0.4306621551513672,678.5504760742188,579.8397827148438,710.0254516601562,640.294189453125,694.2879638671875,610.0669860839844,31.4749755859375,60.45440673828125
IMG_0028.mp4,789,26.3,30.0,216,1,traffic_lights,0.2952287197113037,780.789794921875,256.0268249511719,815.192626953125,335.06329345703125,797.9912109375,295.54505920410156,34.40283203125,79.03646850585938
IMG_0028.mp4,790,26.333333333333332,30.0,298,2,traffic_signs,0.7444239854812622,915.24072265625,504.707275390625,950.0529174804688,586.2636108398438,932.6468200683594,545.4854431152344,34.81219482421875,81.55633544921875
IMG_0028.mp4,790,26.333333333333332,30.0,350,1,traffic_lights,0.8174970746040344,1734.5760498046875,317.3521423339844,1811.9180908203125,448.28546142578125,1773.2470703125,382.8188018798828,77.342041015625,130.93331909179688
IMG_0028.mp4,790,26.333333333333332,30.0,216,1,traffic_lights,0.30055010318756104,778.5286254882812,255.66152954101562,813.1871337890625,334.6364440917969,795.8578796386719,295.14898681640625,34.65850830078125,78.97491455078125
IMG_0028.mp4,791,26.366666666666667,30.0,298,2,traffic_signs,0.8165344595909119,913.5716552734375,505.2704162597656,948.4590454101562,582.94091796875,931.0153503417969,544.1056671142578,34.88739013671875,77.67050170898438
IMG_0028.mp4,791,26.366666666666667,30.0,350,1,traffic_lights,0.8270939588546753,1732.30517578125,317.6366271972656,1809.748046875,447.1902770996094,1771.026611328125,382.4134521484375,77.44287109375,129.55364990234375
IMG_0028.mp4,791,26.366666666666667,30.0,216,1,traffic_lights,0.4651084244251251,776.81005859375,254.78611755371094,810.6403198242188,334.40484619140625,793.7251892089844,294.5954818725586,33.83026123046875,79.61872863769531
IMG_0028.mp4,792,26.4,30.0,298,2,traffic_signs,0.8224945664405823,912.0010375976562,505.0235900878906,947.1151733398438,583.3322143554688,929.55810546875,544.1779022216797,35.1141357421875,78.30862426757812
IMG_0028.mp4,792,26.4,30.0,350,1,traffic_lights,0.84088134765625,1729.9100341796875,318.1390686035156,1807.4967041015625,448.149658203125,1768.703369140625,383.1443634033203,77.586669921875,130.01058959960938
IMG_0028.mp4,792,26.4,30.0,368,2,traffic_signs,0.3839534521102905,1895.279296875,336.29986572265625,1919.1219482421875,434.4780578613281,1907.2006225585938,385.3889617919922,23.8426513671875,98.17819213867188
IMG_0028.mp4,792,26.4,30.0,317,1,traffic_lights,0.32716259360313416,674.5059204101562,578.825439453125,711.11669921875,642.5384521484375,692.8113098144531,610.6819458007812,36.61077880859375,63.7130126953125
IMG_0028.mp4,793,26.433333333333334,30.0,298,2,traffic_signs,0.8552520275115967,910.2095947265625,504.6903991699219,944.5286254882812,582.8172607421875,927.3691101074219,543.7538299560547,34.31903076171875,78.12686157226562
IMG_0028.mp4,793,26.433333333333334,30.0,350,1,traffic_lights,0.8400002717971802,1727.8768310546875,318.50494384765625,1805.7728271484375,448.8792419433594,1766.8248291015625,383.6920928955078,77.89599609375,130.37429809570312
IMG_0028.mp4,793,26.433333333333334,30.0,368,2,traffic_signs,0.2619633972644806,1894.122314453125,334.4996032714844,1918.66748046875,436.1294860839844,1906.3948974609375,385.3145446777344,24.545166015625,101.6298828125
IMG_0028.mp4,793,26.433333333333334,30.0,216,1,traffic_lights,0.5714597702026367,771.3668212890625,255.12615966796875,805.4071655273438,335.72344970703125,788.3869934082031,295.4248046875,34.04034423828125,80.5972900390625
IMG_0028.mp4,794,26.466666666666665,30.0,298,2,traffic_signs,0.8942136764526367,908.220458984375,505.64385986328125,943.5520629882812,580.4526977539062,925.8862609863281,543.0482788085938,35.33160400390625,74.808837890625
IMG_0028.mp4,794,26.466666666666665,30.0,350,1,traffic_lights,0.6061219573020935,1726.1685791015625,318.7516174316406,1804.32470703125,449.9336242675781,1765.2466430664062,384.3426208496094,78.1561279296875,131.1820068359375
IMG_0028.mp4,794,26.466666666666665,30.0,368,2,traffic_signs,0.2694917321205139,1892.5931396484375,334.5224609375,1918.9285888671875,435.6316833496094,1905.7608642578125,385.0770721435547,26.33544921875,101.10922241210938
IMG_0028.mp4,794,26.466666666666665,30.0,216,1,traffic_lights,0.3753676414489746,768.0390625,255.17422485351562,803.7677612304688,335.7854309082031,785.9034118652344,295.4798278808594,35.72869873046875,80.6112060546875
IMG_0028.mp4,795,26.5,30.0,298,2,traffic_signs,0.31176745891571045,906.037353515625,505.91644287109375,942.1431274414062,580.3052368164062,924.0902404785156,543.11083984375,36.10577392578125,74.3887939453125
IMG_0028.mp4,795,26.5,30.0,350,1,traffic_lights,0.5501145124435425,1724.4058837890625,317.6517333984375,1802.4388427734375,449.3023681640625,1763.42236328125,383.47705078125,78.032958984375,131.650634765625
IMG_0028.mp4,795,26.5,30.0,368,2,traffic_signs,0.5546417236328125,1890.184814453125,334.26416015625,1919.228759765625,435.3465576171875,1904.706787109375,384.80535888671875,29.0439453125,101.0823974609375
IMG_0028.mp4,795,26.5,30.0,216,1,traffic_lights,0.30543506145477295,765.564453125,255.11891174316406,803.3318481445312,335.21051025390625,784.4481506347656,295.16471099853516,37.76739501953125,80.09159851074219
IMG_0028.mp4,795,26.5,30.0,317,1,traffic_lights,0.3446955382823944,669.2726440429688,578.4441528320312,706.3045654296875,640.942138671875,687.7886047363281,609.6931457519531,37.03192138671875,62.49798583984375
IMG_0028.mp4,796,26.533333333333335,30.0,298,2,traffic_signs,0.8553385734558105,903.957763671875,506.0309753417969,940.6981201171875,581.6512451171875,922.3279418945312,543.8411102294922,36.7403564453125,75.62026977539062
IMG_0028.mp4,796,26.533333333333335,30.0,350,1,traffic_lights,0.8031753301620483,1722.461669921875,317.24017333984375,1800.644775390625,449.461669921875,1761.55322265625,383.3509216308594,78.18310546875,132.22149658203125
IMG_0028.mp4,796,26.533333333333335,30.0,368,2,traffic_signs,0.513228714466095,1888.2149658203125,334.447998046875,1919.38037109375,436.1007080078125,1903.7976684570312,385.27435302734375,31.1654052734375,101.6527099609375
IMG_0028.mp4,796,26.533333333333335,30.0,216,1,traffic_lights,0.3455929756164551,763.8119506835938,255.29232788085938,801.9111328125,334.88458251953125,782.8615417480469,295.0884552001953,38.09918212890625,79.59225463867188
IMG_0028.mp4,797,26.566666666666666,30.0,298,2,traffic_signs,0.8903362154960632,902.1375732421875,506.46112060546875,939.1541137695312,579.9781494140625,920.6458435058594,543.2196350097656,37.01654052734375,73.51702880859375
IMG_0028.mp4,797,26.566666666666666,30.0,350,1,traffic_lights,0.8106451630592346,1720.50830078125,316.520263671875,1798.05322265625,450.7293395996094,1759.28076171875,383.6248016357422,77.544921875,134.20907592773438
IMG_0028.mp4,797,26.566666666666666,30.0,368,2,traffic_signs,0.49072155356407166,1885.9761962890625,334.842041015625,1919.3348388671875,437.7183837890625,1902.655517578125,386.28021240234375,33.358642578125,102.8763427734375
IMG_0028.mp4,797,26.566666666666666,30.0,216,1,traffic_lights,0.6550471186637878,763.0724487304688,255.1930389404297,799.799072265625,335.4638366699219,781.4357604980469,295.3284378051758,36.72662353515625,80.27079772949219
IMG_0028.mp4,798,26.6,30.0,298,2,traffic_signs,0.8806799054145813,900.2422485351562,505.8367004394531,936.8211059570312,578.839599609375,918.5316772460938,542.3381500244141,36.578857421875,73.00289916992188
IMG_0028.mp4,798,26.6,30.0,350,1,traffic_lights,0.852657675743103,1718.7813720703125,316.14849853515625,1795.6375732421875,450.9028625488281,1757.20947265625,383.5256805419922,76.856201171875,134.75436401367188
IMG_0028.mp4,798,26.6,30.0,368,2,traffic_signs,0.48064836859703064,1884.029296875,335.2203063964844,1919.4287109375,437.5121154785156,1901.72900390625,386.3662109375,35.3994140625,102.29180908203125
IMG_0028.mp4,798,26.6,30.0,216,1,traffic_lights,0.3079844117164612,761.5650634765625,255.0712127685547,796.8602294921875,334.6279602050781,779.212646484375,294.8495864868164,35.295166015625,79.55674743652344
IMG_0028.mp4,799,26.633333333333333,30.0,298,2,traffic_signs,0.8510107398033142,898.3309326171875,506.7702941894531,933.5272827148438,580.749755859375,915.9291076660156,543.7600250244141,35.19635009765625,73.97946166992188
IMG_0028.mp4,799,26.633333333333333,30.0,350,1,traffic_lights,0.8571295738220215,1717.021240234375,318.11468505859375,1793.6392822265625,451.4179382324219,1755.3302612304688,384.7663116455078,76.6180419921875,133.30325317382812
IMG_0028.mp4,799,26.633333333333333,30.0,368,2,traffic_signs,0.3594302237033844,1882.4974365234375,336.498046875,1919.54296875,439.19683837890625,1901.0202026367188,387.8474426269531,37.0455322265625,102.69879150390625
IMG_0028.mp4,799,26.633333333333333,30.0,216,1,traffic_lights,0.5989336371421814,760.4682006835938,255.42730712890625,794.580078125,335.4263916015625,777.5241394042969,295.4268493652344,34.11187744140625,79.99908447265625
IMG_0028.mp4,800,26.666666666666668,30.0,298,2,traffic_signs,0.8812966346740723,896.2203979492188,507.1946105957031,931.5590209960938,579.177734375,913.8897094726562,543.1861724853516,35.338623046875,71.98312377929688
IMG_0028.mp4,800,26.666666666666668,30.0,350,1,traffic_lights,0.6900504231452942,1714.96826171875,318.7856750488281,1791.5682373046875,451.31268310546875,1753.2682495117188,385.04917907714844,76.5999755859375,132.52700805664062
IMG_0028.mp4,800,26.666666666666668,30.0,368,2,traffic_signs,0.6469469666481018,1880.16650390625,337.27069091796875,1919.5848388671875,439.79052734375,1899.8756713867188,388.5306091308594,39.4183349609375,102.51983642578125
IMG_0028.mp4,800,26.666666666666668,30.0,216,1,traffic_lights,0.5757431983947754,758.3947143554688,255.38462829589844,792.3919067382812,334.99737548828125,775.393310546875,295.19100189208984,33.9971923828125,79.61274719238281
IMG_0028.mp4,800,26.666666666666668,30.0,330,1,traffic_lights,0.3661770522594452,843.5230102539062,524.8035888671875,874.5999755859375,606.9555053710938,859.0614929199219,565.8795471191406,31.07696533203125,82.15191650390625
IMG_0028.mp4,801,26.7,30.0,298,2,traffic_signs,0.867202877998352,893.9826049804688,508.1088562011719,930.136474609375,578.8025512695312,912.0595397949219,543.4557037353516,36.15386962890625,70.69369506835938
IMG_0028.mp4,801,26.7,30.0,350,1,traffic_lights,0.7261533737182617,1713.0081787109375,318.4284973144531,1790.0020751953125,451.0603332519531,1751.505126953125,384.7444152832031,76.993896484375,132.6318359375
IMG_0028.mp4,801,26.7,30.0,368,2,traffic_signs,0.7867860198020935,1878.2679443359375,336.3165588378906,1919.8363037109375,440.3606872558594,1899.0521240234375,388.338623046875,41.568359375,104.04412841796875
IMG_0028.mp4,801,26.7,30.0,216,1,traffic_lights,0.39303457736968994,757.85205078125,254.97433471679688,791.5308837890625,334.6988220214844,774.6914672851562,294.8365783691406,33.6788330078125,79.7244873046875
IMG_0028.mp4,801,26.7,30.0,330,1,traffic_lights,0.4170859456062317,843.1513671875,525.4251708984375,872.5478515625,607.2500610351562,857.849609375,566.3376159667969,29.396484375,81.82489013671875
IMG_0028.mp4,802,26.733333333333334,30.0,298,2,traffic_signs,0.8398986458778381,892.4310302734375,508.7378234863281,928.6032104492188,577.9365844726562,910.5171203613281,543.3372039794922,36.17218017578125,69.19876098632812
IMG_0028.mp4,802,26.733333333333334,30.0,350,1,traffic_lights,0.763526976108551,1710.605712890625,318.9334411621094,1787.9825439453125,449.26898193359375,1749.2941284179688,384.10121154785156,77.3768310546875,130.33554077148438
IMG_0028.mp4,802,26.733333333333334,30.0,368,2,traffic_signs,0.8185582756996155,1876.4345703125,335.6697692871094,1919.71337890625,441.4696960449219,1898.073974609375,388.5697326660156,43.27880859375,105.7999267578125
IMG_0028.mp4,802,26.733333333333334,30.0,216,1,traffic_lights,0.2520102262496948,756.8900756835938,254.98095703125,790.5204467773438,334.43817138671875,773.7052612304688,294.7095642089844,33.63037109375,79.45721435546875
IMG_0028.mp4,802,26.733333333333334,30.0,330,1,traffic_lights,0.552638053894043,843.5413818359375,524.4486083984375,870.9298095703125,608.3365478515625,857.235595703125,566.392578125,27.388427734375,83.887939453125
IMG_0028.mp4,803,26.766666666666666,30.0,298,2,traffic_signs,0.8900005221366882,890.6838989257812,508.90289306640625,926.5191040039062,576.8275756835938,908.6015014648438,542.865234375,35.835205078125,67.9246826171875
IMG_0028.mp4,803,26.766666666666666,30.0,350,1,traffic_lights,0.697773277759552,1708.3763427734375,319.3271179199219,1785.78955078125,447.44720458984375,1747.0829467773438,383.3871612548828,77.4132080078125,128.12008666992188
IMG_0028.mp4,803,26.766666666666666,30.0,368,2,traffic_signs,0.8936442136764526,1874.2755126953125,335.1160888671875,1919.6741943359375,442.49652099609375,1896.974853515625,388.8063049316406,45.398681640625,107.38043212890625
IMG_0028.mp4,803,26.766666666666666,30.0,216,1,traffic_lights,0.6116800904273987,754.5255126953125,253.88320922851562,788.8882446289062,334.5654602050781,771.7068786621094,294.2243347167969,34.36273193359375,80.6822509765625
IMG_0028.mp4,804,26.8,30.0,298,2,traffic_signs,0.8906326293945312,888.7926025390625,509.4407043457031,923.9928588867188,576.303955078125,906.3927307128906,542.8723297119141,35.20025634765625,66.86325073242188
IMG_0028.mp4,804,26.8,30.0,350,1,traffic_lights,0.609808087348938,1706.80908203125,319.4193115234375,1783.9482421875,448.818115234375,1745.378662109375,384.11871337890625,77.13916015625,129.3988037109375
IMG_0028.mp4,804,26.8,30.0,368,2,traffic_signs,0.9178444147109985,1872.7049560546875,334.2811279296875,1919.8450927734375,443.21600341796875,1896.2750244140625,388.7485656738281,47.14013671875,108.93487548828125
IMG_0028.mp4,804,26.8,30.0,216,1,traffic_lights,0.5644134283065796,753.2932739257812,253.15219116210938,785.6326904296875,333.6392517089844,769.4629821777344,293.3957214355469,32.33941650390625,80.487060546875
IMG_0028.mp4,804,26.8,30.0,372,2,traffic_signs,0.5551780462265015,1717.621826171875,238.41014099121094,1778.552490234375,301.15069580078125,1748.087158203125,269.7804183959961,60.9306640625,62.74055480957031
IMG_0028.mp4,805,26.833333333333332,30.0,298,2,traffic_signs,0.8965972661972046,886.6702270507812,508.34808349609375,921.2462158203125,575.7835693359375,903.9582214355469,542.0658264160156,34.57598876953125,67.43548583984375
IMG_0028.mp4,805,26.833333333333332,30.0,350,1,traffic_lights,0.7256003618240356,1705.2486572265625,319.0368347167969,1782.4755859375,448.6634521484375,1743.8621215820312,383.8501434326172,77.2269287109375,129.62661743164062
IMG_0028.mp4,805,26.833333333333332,30.0,368,2,traffic_signs,0.9189328551292419,1871.2193603515625,333.5605163574219,1920.0,443.398681640625,1895.6096801757812,388.47959899902344,48.7806396484375,109.83816528320312
IMG_0028.mp4,805,26.833333333333332,30.0,216,1,traffic_lights,0.42160555720329285,750.3185424804688,253.4064483642578,781.9051513671875,333.3066101074219,766.1118469238281,293.35652923583984,31.58660888671875,79.90016174316406
IMG_0028.mp4,805,26.833333333333332,30.0,372,2,traffic_signs,0.5013217926025391,1715.2086181640625,237.99612426757812,1776.18994140625,301.0521240234375,1745.6992797851562,269.5241241455078,60.9813232421875,63.055999755859375
IMG_0028.mp4,805,26.833333333333332,30.0,373,0,auth_label,0.7804054617881775,1772.39697265625,329.5100402832031,1918.2239990234375,763.7489013671875,1845.3104858398438,546.6294708251953,145.8270263671875,434.2388610839844
IMG_0028.mp4,806,26.866666666666667,30.0,298,2,traffic_signs,0.903206467628479,884.8104248046875,506.60589599609375,919.6380615234375,575.6998901367188,902.2242431640625,541.1528930664062,34.82763671875,69.093994140625
IMG_0028.mp4,806,26.866666666666667,30.0,350,1,traffic_lights,0.4407091736793518,1703.046630859375,318.2658996582031,1780.4556884765625,447.5375671386719,1741.7511596679688,382.9017333984375,77.4090576171875,129.27166748046875
IMG_0028.mp4,806,26.866666666666667,30.0,368,2,traffic_signs,0.9256753325462341,1868.4122314453125,332.65411376953125,1919.8365478515625,443.4281005859375,1894.1243896484375,388.0411071777344,51.42431640625,110.77398681640625
IMG_0028.mp4,806,26.866666666666667,30.0,216,1,traffic_lights,0.4626743495464325,747.7562866210938,252.20895385742188,779.6568603515625,332.5291442871094,763.7065734863281,292.3690490722656,31.90057373046875,80.3201904296875
IMG_0028.mp4,806,26.866666666666667,30.0,372,2,traffic_signs,0.2970246970653534,1712.538330078125,237.58299255371094,1774.2705078125,300.6621398925781,1743.4044189453125,269.12256622314453,61.732177734375,63.07914733886719
IMG_0028.mp4,806,26.866666666666667,30.0,373,0,auth_label,0.659296989440918,1770.78857421875,332.44732666015625,1918.1102294921875,764.8744506835938,1844.4494018554688,548.660888671875,147.3216552734375,432.4271240234375
IMG_0028.mp4,807,26.9,30.0,298,2,traffic_signs,0.8853976726531982,882.8529663085938,506.5046691894531,918.2572631835938,575.568603515625,900.5551147460938,541.0366363525391,35.404296875,69.06393432617188
IMG_0028.mp4,807,26.9,30.0,350,1,traffic_lights,0.7709918022155762,1701.129638671875,317.79052734375,1778.3619384765625,447.5666198730469,1739.7457885742188,382.67857360839844,77.2322998046875,129.77609252929688
IMG_0028.mp4,807,26.9,30.0,368,2,traffic_signs,0.926194965839386,1865.924072265625,329.3848571777344,1919.6939697265625,443.7690124511719,1892.8090209960938,386.5769348144531,53.7698974609375,114.3841552734375
IMG_0028.mp4,807,26.9,30.0,216,1,traffic_lights,0.33972740173339844,745.9761352539062,251.85675048828125,779.5245971679688,331.9088134765625,762.7503662109375,291.8827819824219,33.5484619140625,80.05206298828125
IMG_0028.mp4,807,26.9,30.0,372,2,traffic_signs,0.30852022767066956,1710.234619140625,235.30076599121094,1772.9766845703125,300.6082458496094,1741.6056518554688,267.95450592041016,62.7420654296875,65.30747985839844
IMG_0028.mp4,807,26.9,30.0,373,0,auth_label,0.3906787931919098,1768.786865234375,334.18109130859375,1918.6014404296875,762.66162109375,1843.6941528320312,548.4213562011719,149.8145751953125,428.48052978515625
IMG_0028.mp4,808,26.933333333333334,30.0,298,2,traffic_signs,0.8286371827125549,880.4655151367188,506.9191589355469,916.9727783203125,576.1778564453125,898.7191467285156,541.5485076904297,36.50726318359375,69.25869750976562
IMG_0028.mp4,808,26.933333333333334,30.0,350,1,traffic_lights,0.7128703594207764,1698.6942138671875,317.7850036621094,1775.7421875,447.5616760253906,1737.2182006835938,382.67333984375,77.0479736328125,129.77667236328125
IMG_0028.mp4,808,26.933333333333334,30.0,368,2,traffic_signs,0.9063981771469116,1864.0313720703125,328.30670166015625,1919.6192626953125,444.7436218261719,1891.8253173828125,386.52516174316406,55.587890625,116.43692016601562
IMG_0028.mp4,808,26.933333333333334,30.0,372,2,traffic_signs,0.5842417478561401,1707.9114990234375,234.91156005859375,1772.1971435546875,300.8106689453125,1740.0543212890625,267.8611145019531,64.28564453125,65.89910888671875
IMG_0028.mp4,808,26.933333333333334,30.0,373,0,auth_label,0.8198895454406738,1765.724853515625,335.036865234375,1918.9180908203125,764.78369140625,1842.3214721679688,549.9102783203125,153.1932373046875,429.746826171875
IMG_0028.mp4,809,26.966666666666665,30.0,298,2,traffic_signs,0.8823564052581787,878.2949829101562,506.4346618652344,915.241455078125,577.4117431640625,896.7682189941406,541.9232025146484,36.94647216796875,70.97708129882812
IMG_0028.mp4,809,26.966666666666665,30.0,350,1,traffic_lights,0.7236161231994629,1697.1448974609375,317.65020751953125,1773.6387939453125,448.4761047363281,1735.391845703125,383.0631561279297,76.493896484375,130.82589721679688
IMG_0028.mp4,809,26.966666666666665,30.0,368,2,traffic_signs,0.8937702178955078,1862.8773193359375,327.74749755859375,1919.98876953125,444.73126220703125,1891.4330444335938,386.2393798828125,57.1114501953125,116.9837646484375
IMG_0028.mp4,809,26.966666666666665,30.0,372,2,traffic_signs,0.5356540083885193,1706.1456298828125,235.05206298828125,1771.789306640625,301.110107421875,1738.9674682617188,268.0810852050781,65.6436767578125,66.05804443359375
IMG_0028.mp4,809,26.966666666666665,30.0,373,0,auth_label,0.7786819338798523,1763.1663818359375,334.4629211425781,1919.431884765625,766.542724609375,1841.2991333007812,550.5028228759766,156.2655029296875,432.0798034667969
IMG_0028.mp4,809,26.966666666666665,30.0,216,1,traffic_lights,0.31958115100860596,740.9774780273438,253.21359252929688,776.7506713867188,332.1611633300781,758.8640747070312,292.6873779296875,35.773193359375,78.94757080078125
IMG_0028.mp4,810,27.0,30.0,298,2,traffic_signs,0.8747252225875854,876.2703857421875,506.0802307128906,912.3709106445312,578.1865844726562,894.3206481933594,542.1334075927734,36.10052490234375,72.10635375976562
IMG_0028.mp4,810,27.0,30.0,350,1,traffic_lights,0.8223722577095032,1695.8128662109375,317.37744140625,1771.95361328125,449.8116760253906,1733.8832397460938,383.5945587158203,76.1407470703125,132.43423461914062
IMG_0028.mp4,810,27.0,30.0,368,2,traffic_signs,0.890383243560791,1862.085205078125,328.26324462890625,1920.0,444.58404541015625,1891.0426025390625,386.42364501953125,57.914794921875,116.32080078125
IMG_0028.mp4,810,27.0,30.0,372,2,traffic_signs,0.4051802456378937,1704.1119384765625,233.45071411132812,1770.443359375,301.1180114746094,1737.2776489257812,267.28436279296875,66.3314208984375,67.66729736328125
IMG_0028.mp4,810,27.0,30.0,373,0,auth_label,0.5428150296211243,1760.4031982421875,332.6724548339844,1919.810791015625,767.4071655273438,1840.1069946289062,550.0398101806641,159.4075927734375,434.7347106933594
IMG_0028.mp4,810,27.0,30.0,216,1,traffic_lights,0.2542433440685272,739.96533203125,251.84814453125,774.3175659179688,330.83880615234375,757.1414489746094,291.3434753417969,34.35223388671875,78.99066162109375
IMG_0028.mp4,811,27.033333333333335,30.0,298,2,traffic_signs,0.8728048801422119,874.1209716796875,506.6234130859375,909.0548706054688,578.1983642578125,891.5879211425781,542.410888671875,34.93389892578125,71.574951171875
IMG_0028.mp4,811,27.033333333333335,30.0,350,1,traffic_lights,0.8823159337043762,1694.31689453125,317.8508605957031,1769.9761962890625,451.09124755859375,1732.1465454101562,384.47105407714844,75.6593017578125,133.24038696289062
IMG_0028.mp4,811,27.033333333333335,30.0,368,2,traffic_signs,0.8736408948898315,1860.742431640625,327.6436462402344,1920.0,444.3055419921875,1890.3712158203125,385.97459411621094,59.257568359375,116.66189575195312
IMG_0028.mp4,811,27.033333333333335,30.0,372,2,traffic_signs,0.5354303121566772,1702.201171875,233.63848876953125,1767.5614013671875,300.90997314453125,1734.8812866210938,267.27423095703125,65.3602294921875,67.271484375
IMG_0028.mp4,811,27.033333333333335,30.0,373,0,auth_label,0.43114805221557617,1757.9278564453125,331.4842834472656,1920.0,769.2452392578125,1838.9639282226562,550.3647613525391,162.0721435546875,437.7609558105469
IMG_0028.mp4,811,27.033333333333335,30.0,216,1,traffic_lights,0.4197562038898468,737.2366943359375,251.8783416748047,770.213134765625,331.6697082519531,753.7249145507812,291.7740249633789,32.9764404296875,79.79136657714844
IMG_0028.mp4,811,27.033333333333335,30.0,376,2,traffic_signs,0.3745981752872467,1876.127685546875,566.931884765625,1902.6072998046875,613.7179565429688,1889.3674926757812,590.3249206542969,26.4796142578125,46.78607177734375
IMG_0028.mp4,812,27.066666666666666,30.0,298,2,traffic_signs,0.8788062334060669,872.0547485351562,505.9920959472656,906.8194580078125,579.5014038085938,889.4371032714844,542.7467498779297,34.76470947265625,73.50930786132812
IMG_0028.mp4,812,27.066666666666666,30.0,350,1,traffic_lights,0.8480291962623596,1692.0692138671875,318.4851989746094,1767.8106689453125,450.598876953125,1729.93994140625,384.5420379638672,75.741455078125,132.11367797851562
IMG_0028.mp4,812,27.066666666666666,30.0,368,2,traffic_signs,0.8592724800109863,1858.645751953125,327.1434631347656,1919.9173583984375,444.9873352050781,1889.2815551757812,386.0653991699219,61.2716064453125,117.8438720703125
IMG_0028.mp4,812,27.066666666666666,30.0,372,2,traffic_signs,0.4537510871887207,1699.9124755859375,234.4105987548828,1765.2430419921875,300.8371887207031,1732.5777587890625,267.62389373779297,65.33056640625,66.42658996582031
IMG_0028.mp4,812,27.066666666666666,30.0,373,0,auth_label,0.6801246404647827,1756.1656494140625,332.06396484375,1919.8841552734375,769.9921875,1838.02490234375,551.028076171875,163.718505859375,437.92822265625
IMG_0028.mp4,812,27.066666666666666,30.0,216,1,traffic_lights,0.2627132534980774,734.4161987304688,252.8851318359375,767.1592407226562,332.27178955078125,750.7877197265625,292.5784606933594,32.7430419921875,79.38665771484375
IMG_0028.mp4,813,27.1,30.0,298,2,traffic_signs,0.8188939690589905,869.9163208007812,506.33740234375,905.5444946289062,582.812744140625,887.7304077148438,544.5750732421875,35.628173828125,76.475341796875
IMG_0028.mp4,813,27.1,30.0,350,1,traffic_lights,0.8489119410514832,1689.874267578125,318.8570556640625,1765.9195556640625,450.78497314453125,1727.8969116210938,384.8210144042969,76.0452880859375,131.92791748046875
IMG_0028.mp4,813,27.1,30.0,368,2,traffic_signs,0.8606346845626831,1856.2685546875,325.3690185546875,1919.7608642578125,445.72491455078125,1888.0147094726562,385.5469665527344,63.4923095703125,120.35589599609375
IMG_0028.mp4,813,27.1,30.0,372,2,traffic_signs,0.43358317017555237,1698.0872802734375,234.05958557128906,1764.095703125,301.8691711425781,1731.0914916992188,267.9643783569336,66.0084228515625,67.80958557128906
IMG_0028.mp4,813,27.1,30.0,373,0,auth_label,0.7584485411643982,1754.31494140625,335.1737976074219,1919.778564453125,770.6126098632812,1837.0467529296875,552.8932037353516,165.463623046875,435.4388122558594
IMG_0028.mp4,813,27.1,30.0,216,1,traffic_lights,0.3760843575000763,731.0806274414062,252.4118194580078,766.6759033203125,332.3813781738281,748.8782653808594,292.39659881591797,35.59527587890625,79.96955871582031
IMG_0028.mp4,814,27.133333333333333,30.0,298,2,traffic_signs,0.7792046070098877,867.7406005859375,506.5605773925781,903.7141723632812,583.7129516601562,885.7273864746094,545.1367645263672,35.97357177734375,77.15237426757812
IMG_0028.mp4,814,27.133333333333333,30.0,350,1,traffic_lights,0.8614783883094788,1687.338623046875,318.9471740722656,1763.8668212890625,449.97314453125,1725.6027221679688,384.4601593017578,76.5281982421875,131.02597045898438
IMG_0028.mp4,814,27.133333333333333,30.0,368,2,traffic_signs,0.8550792336463928,1853.74560546875,324.6951904296875,1919.87255859375,445.08697509765625,1886.80908203125,384.8910827636719,66.126953125,120.39178466796875
IMG_0028.mp4,814,27.133333333333333,30.0,373,0,auth_label,0.7820214033126831,1753.112060546875,333.2323303222656,1919.907470703125,770.2278442382812,1836.509765625,551.7300872802734,166.79541015625,436.9955139160156
IMG_0028.mp4,814,27.133333333333333,30.0,216,1,traffic_lights,0.2883136570453644,728.7338256835938,252.11111450195312,765.6710205078125,331.9076232910156,747.2024230957031,292.0093688964844,36.93719482421875,79.7965087890625
IMG_0028.mp4,814,27.133333333333333,30.0,330,1,traffic_lights,0.32430300116539,820.6517944335938,523.6759033203125,846.6001586914062,607.9752197265625,833.6259765625,565.8255615234375,25.9483642578125,84.29931640625
IMG_0028.mp4,814,27.133333333333333,30.0,376,2,traffic_signs,0.2541217505931854,1868.7408447265625,568.9345703125,1892.5047607421875,614.2706298828125,1880.622802734375,591.6026000976562,23.763916015625,45.3360595703125
IMG_0028.mp4,815,27.166666666666668,30.0,298,2,traffic_signs,0.8500113487243652,865.7908325195312,506.2843933105469,901.8853759765625,581.7174072265625,883.8381042480469,544.0009002685547,36.09454345703125,75.43301391601562
IMG_0028.mp4,815,27.166666666666668,30.0,350,1,traffic_lights,0.8383802175521851,1685.31591796875,318.9316711425781,1761.826171875,449.4881896972656,1723.571044921875,384.2099304199219,76.51025390625,130.5565185546875
IMG_0028.mp4,815,27.166666666666668,30.0,368,2,traffic_signs,0.8247687816619873,1851.2557373046875,323.57098388671875,1920.0,444.31646728515625,1885.6278686523438,383.9437255859375,68.7442626953125,120.7454833984375
IMG_0028.mp4,815,27.166666666666668,30.0,373,0,auth_label,0.8342294096946716,1751.8631591796875,327.9609069824219,1920.0,770.0863037109375,1835.9315795898438,549.0236053466797,168.1368408203125,442.1253967285156
IMG_0028.mp4,815,27.166666666666668,30.0,216,1,traffic_lights,0.5084111094474792,726.8831787109375,251.1178436279297,763.60791015625,330.6554870605469,745.2455444335938,290.8866653442383,36.7247314453125,79.53764343261719
IMG_0028.mp4,815,27.166666666666668,30.0,372,2,traffic_signs,0.5566168427467346,1695.418212890625,233.85337829589844,1761.8348388671875,300.4342041015625,1728.6265258789062,267.14379119873047,66.4166259765625,66.58082580566406
IMG_0028.mp4,816,27.2,30.0,298,2,traffic_signs,0.8565772771835327,863.945556640625,506.1763916015625,899.8314819335938,583.0853271484375,881.8885192871094,544.630859375,35.88592529296875,76.908935546875
IMG_0028.mp4,816,27.2,30.0,350,1,traffic_lights,0.8781800866127014,1683.238037109375,319.1400146484375,1759.7900390625,450.3388671875,1721.5140380859375,384.73944091796875,76.552001953125,131.1988525390625
IMG_0028.mp4,816,27.2,30.0,368,2,traffic_signs,0.8424091935157776,1849.136474609375,322.5250549316406,1920.0,444.5365295410156,1884.5682373046875,383.5307922363281,70.863525390625,122.011474609375
IMG_0028.mp4,816,27.2,30.0,373,0,auth_label,0.8237205147743225,1750.2396240234375,325.1131286621094,1920.0,770.6826782226562,1835.1198120117188,547.8979034423828,169.7603759765625,445.5695495605469
IMG_0028.mp4,816,27.2,30.0,216,1,traffic_lights,0.444114089012146,724.5578002929688,251.21121215820312,759.351806640625,331.35955810546875,741.9548034667969,291.28538513183594,34.79400634765625,80.14834594726562
IMG_0028.mp4,816,27.2,30.0,372,2,traffic_signs,0.39498308300971985,1693.516357421875,233.61402893066406,1760.4720458984375,300.49298095703125,1726.9942016601562,267.05350494384766,66.9556884765625,66.87895202636719
IMG_0028.mp4,817,27.233333333333334,30.0,298,2,traffic_signs,0.8934226632118225,861.8887939453125,505.93243408203125,897.2472534179688,582.0339965820312,879.5680236816406,543.9832153320312,35.35845947265625,76.1015625
IMG_0028.mp4,817,27.233333333333334,30.0,350,1,traffic_lights,0.8892762064933777,1680.8377685546875,319.35430908203125,1757.4744873046875,450.2640686035156,1719.1561279296875,384.80918884277344,76.63671875,130.90975952148438
IMG_0028.mp4,817,27.233333333333334,30.0,368,2,traffic_signs,0.8625427484512329,1846.1593017578125,322.4653625488281,1919.7760009765625,444.42938232421875,1882.9676513671875,383.44737243652344,73.61669921875,121.96401977539062
IMG_0028.mp4,817,27.233333333333334,30.0,373,0,auth_label,0.6803714632987976,1748.193603515625,324.79833984375,1919.180908203125,769.234619140625,1833.687255859375,547.0164794921875,170.9873046875,444.436279296875
IMG_0028.mp4,817,27.233333333333334,30.0,216,1,traffic_lights,0.4105219841003418,722.2982177734375,250.2710418701172,755.8028564453125,331.832275390625,739.050537109375,291.0516586303711,33.504638671875,81.56123352050781
IMG_0028.mp4,817,27.233333333333334,30.0,372,2,traffic_signs,0.30814990401268005,1690.9400634765625,233.3849639892578,1758.1513671875,300.6904296875,1724.5457153320312,267.0376968383789,67.2113037109375,67.30546569824219
IMG_0028.mp4,818,27.266666666666666,30.0,298,2,traffic_signs,0.8914656639099121,859.86767578125,506.22357177734375,895.7554321289062,581.612548828125,877.8115539550781,543.9180603027344,35.88775634765625,75.38897705078125
IMG_0028.mp4,818,27.266666666666666,30.0,350,1,traffic_lights,0.8430948257446289,1678.3665771484375,319.22210693359375,1755.5157470703125,450.3746337890625,1716.941162109375,384.7983703613281,77.149169921875,131.15252685546875
IMG_0028.mp4,818,27.266666666666666,30.0,368,2,traffic_signs,0.8999040722846985,1843.5556640625,321.4214782714844,1919.6258544921875,444.4308776855469,1881.5907592773438,382.9261779785156,76.0701904296875,123.0093994140625
IMG_0028.mp4,818,27.266666666666666,30.0,373,0,auth_label,0.5992254614830017,1745.7371826171875,326.3727111816406,1916.3150634765625,767.6160278320312,1831.026123046875,546.9943695068359,170.577880859375,441.2433166503906
IMG_0028.mp4,818,27.266666666666666,30.0,216,1,traffic_lights,0.5485169291496277,720.114501953125,250.43186950683594,754.575439453125,331.84539794921875,737.344970703125,291.13863372802734,34.4609375,81.41352844238281
IMG_0028.mp4,818,27.266666666666666,30.0,372,2,traffic_signs,0.8655944466590881,1689.3896484375,231.1598358154297,1756.0699462890625,301.86956787109375,1722.7297973632812,266.5147018432617,66.6802978515625,70.70973205566406
IMG_0028.mp4,818,27.266666666666666,30.0,330,1,traffic_lights,0.32333046197891235,809.2124633789062,525.4880981445312,839.0134887695312,606.7323608398438,824.1129760742188,566.1102294921875,29.801025390625,81.2442626953125
IMG_0028.mp4,819,27.3,30.0,298,2,traffic_signs,0.8228114247322083,857.3626708984375,506.1095886230469,893.8756713867188,582.2935180664062,875.6191711425781,544.2015533447266,36.51300048828125,76.18392944335938
IMG_0028.mp4,819,27.3,30.0,350,1,traffic_lights,0.7935541272163391,1676.4278564453125,317.9093933105469,1753.9066162109375,450.0656433105469,1715.167236328125,383.9875183105469,77.478759765625,132.15625
IMG_0028.mp4,819,27.3,30.0,368,2,traffic_signs,0.7330634593963623,1841.6798095703125,319.8193359375,1919.8209228515625,444.1692810058594,1880.7503662109375,381.9943084716797,78.14111328125,124.34994506835938
IMG_0028.mp4,819,27.3,30.0,373,0,auth_label,0.298770934343338,1743.5770263671875,326.986328125,1914.2586669921875,767.6617431640625,1828.9178466796875,547.3240356445312,170.681640625,440.6754150390625
IMG_0028.mp4,819,27.3,30.0,216,1,traffic_lights,0.3644068241119385,717.89599609375,249.81935119628906,754.0208740234375,331.0066223144531,735.9584350585938,290.4129867553711,36.1248779296875,81.18727111816406
IMG_0028.mp4,819,27.3,30.0,372,2,traffic_signs,0.8795874714851379,1687.614990234375,229.63461303710938,1754.0972900390625,301.68133544921875,1720.8561401367188,265.65797424316406,66.4822998046875,72.04672241210938
IMG_0028.mp4,820,27.333333333333332,30.0,298,2,traffic_signs,0.8727155327796936,854.6795043945312,505.71868896484375,891.7785034179688,583.5112915039062,873.22900390625,544.614990234375,37.0989990234375,77.7926025390625
IMG_0028.mp4,820,27.333333333333332,30.0,350,1,traffic_lights,0.7589744925498962,1674.62548828125,317.2391662597656,1752.2142333984375,449.06378173828125,1713.4198608398438,383.15147399902344,77.5887451171875,131.82461547851562
IMG_0028.mp4,820,27.333333333333332,30.0,368,2,traffic_signs,0.8526061177253723,1838.9541015625,319.1837463378906,1919.619873046875,443.21014404296875,1879.2869873046875,381.1969451904297,80.665771484375,124.02639770507812
IMG_0028.mp4,820,27.333333333333332,30.0,216,1,traffic_lights,0.6250463724136353,716.3981323242188,249.3546905517578,752.4381103515625,330.47265625,734.4181213378906,289.9136734008789,36.03997802734375,81.11796569824219
IMG_0028.mp4,820,27.333333333333332,30.0,372,2,traffic_signs,0.6753618121147156,1685.7818603515625,229.4058074951172,1752.097412109375,301.4319763183594,1718.9396362304688,265.4188919067383,66.3155517578125,72.02616882324219
IMG_0028.mp4,821,27.366666666666667,30.0,298,2,traffic_signs,0.876753568649292,852.2250366210938,505.81304931640625,889.2642211914062,582.5931396484375,870.74462890625,544.2030944824219,37.0391845703125,76.78009033203125
IMG_0028.mp4,821,27.366666666666667,30.0,350,1,traffic_lights,0.8086672425270081,1672.866943359375,317.3772888183594,1750.1954345703125,449.4548645019531,1711.5311889648438,383.41607666015625,77.3284912109375,132.07757568359375
IMG_0028.mp4,821,27.366666666666667,30.0,368,2,traffic_signs,0.8988041877746582,1836.5877685546875,318.3475341796875,1919.5155029296875,443.20623779296875,1878.0516357421875,380.7768859863281,82.927734375,124.85870361328125
IMG_0028.mp4,821,27.366666666666667,30.0,216,1,traffic_lights,0.5154410600662231,715.9886474609375,249.24591064453125,749.9281616210938,330.4039611816406,732.9584045410156,289.82493591308594,33.93951416015625,81.15805053710938
IMG_0028.mp4,821,27.366666666666667,30.0,372,2,traffic_signs,0.8323721289634705,1684.4735107421875,226.87464904785156,1749.9898681640625,301.47137451171875,1717.231689453125,264.17301177978516,65.516357421875,74.59672546386719
IMG_0028.mp4,822,27.4,30.0,298,2,traffic_signs,0.8449388742446899,849.85595703125,506.5809020996094,885.6995239257812,584.3678588867188,867.7777404785156,545.4743804931641,35.84356689453125,77.78695678710938
IMG_0028.mp4,822,27.4,30.0,350,1,traffic_lights,0.8812689781188965,1670.85107421875,318.1678771972656,1747.7537841796875,450.5182189941406,1709.3024291992188,384.3430480957031,76.9027099609375,132.350341796875
IMG_0028.mp4,822,27.4,30.0,368,2,traffic_signs,0.9341510534286499,1834.219970703125,317.4740295410156,1919.3001708984375,443.92950439453125,1876.7600708007812,380.70176696777344,85.0802001953125,126.45547485351562
IMG_0028.mp4,822,27.4,30.0,372,2,traffic_signs,0.907529354095459,1682.341796875,226.4394989013672,1748.2547607421875,301.4842834472656,1715.2982788085938,263.9618911743164,65.9129638671875,75.04478454589844
IMG_0028.mp4,823,27.433333333333334,30.0,298,2,traffic_signs,0.8532747626304626,847.585693359375,506.58880615234375,883.9284057617188,584.6365356445312,865.7570495605469,545.6126708984375,36.34271240234375,78.0477294921875
IMG_0028.mp4,823,27.433333333333334,30.0,350,1,traffic_lights,0.8663728833198547,1668.7852783203125,318.6690673828125,1745.202392578125,450.3019714355469,1706.9938354492188,384.4855194091797,76.4171142578125,131.63290405273438
IMG_0028.mp4,823,27.433333333333334,30.0,368,2,traffic_signs,0.9294024705886841,1831.851806640625,316.384033203125,1919.0885009765625,443.4828186035156,1875.4701538085938,379.9334259033203,87.2366943359375,127.09878540039062
IMG_0028.mp4,823,27.433333333333334,30.0,372,2,traffic_signs,0.9111229777336121,1679.4580078125,226.7874298095703,1745.815673828125,301.6522216796875,1712.6368408203125,264.2198257446289,66.357666015625,74.86479187011719
IMG_0028.mp4,823,27.433333333333334,30.0,376,2,traffic_signs,0.4761185944080353,1848.8829345703125,571.4653930664062,1874.292236328125,618.2929077148438,1861.5875854492188,594.879150390625,25.4093017578125,46.8275146484375
IMG_0028.mp4,823,27.433333333333334,30.0,330,1,traffic_lights,0.25470951199531555,796.939453125,525.75634765625,826.3905029296875,606.0139770507812,811.6649780273438,565.8851623535156,29.4510498046875,80.25762939453125
IMG_0028.mp4,824,27.466666666666665,30.0,298,2,traffic_signs,0.8304588198661804,845.138916015625,506.40673828125,882.1851806640625,586.2960205078125,863.6620483398438,546.3513793945312,37.0462646484375,79.8892822265625
IMG_0028.mp4,824,27.466666666666665,30.0,350,1,traffic_lights,0.8443403244018555,1666.3909912109375,318.52276611328125,1743.111083984375,449.3813171386719,1704.7510375976562,383.95204162597656,76.7200927734375,130.85855102539062
IMG_0028.mp4,824,27.466666666666665,30.0,368,2,traffic_signs,0.9344713091850281,1829.5341796875,315.4606018066406,1918.9534912109375,443.2236633300781,1874.2438354492188,379.3421325683594,89.4193115234375,127.7630615234375
IMG_0028.mp4,824,27.466666666666665,30.0,372,2,traffic_signs,0.902168869972229,1676.777099609375,226.9759521484375,1743.1505126953125,301.70123291015625,1709.9638061523438,264.3385925292969,66.3734130859375,74.72528076171875
IMG_0028.mp4,824,27.466666666666665,30.0,376,2,traffic_signs,0.4114343822002411,1843.9677734375,570.9869384765625,1869.7623291015625,617.1724853515625,1856.8650512695312,594.0797119140625,25.7945556640625,46.185546875
IMG_0028.mp4,824,27.466666666666665,30.0,330,1,traffic_lights,0.6093073487281799,796.4488525390625,524.6412963867188,823.4458618164062,605.7225952148438,809.9473571777344,565.1819458007812,26.99700927734375,81.081298828125
IMG_0028.mp4,825,27.5,30.0,298,2,traffic_signs,0.8109613060951233,842.8875122070312,506.36395263671875,880.1128540039062,584.9631958007812,861.5001831054688,545.66357421875,37.225341796875,78.5992431640625
IMG_0028.mp4,825,27.5,30.0,350,1,traffic_lights,0.8570873737335205,1663.9844970703125,318.21197509765625,1741.0511474609375,449.5306396484375,1702.517822265625,383.8713073730469,77.066650390625,131.31866455078125
IMG_0028.mp4,825,27.5,30.0,368,2,traffic_signs,0.9328875541687012,1827.4013671875,315.49542236328125,1918.985107421875,443.4147033691406,1873.1932373046875,379.45506286621094,91.583740234375,127.91928100585938
IMG_0028.mp4,825,27.5,30.0,372,2,traffic_signs,0.8879731893539429,1674.6280517578125,224.07347106933594,1741.4921875,301.7623291015625,1708.0601196289062,262.9179000854492,66.8641357421875,77.68885803222656
IMG_0028.mp4,825,27.5,30.0,376,2,traffic_signs,0.5022060871124268,1840.8067626953125,570.5546875,1866.67041015625,618.3394165039062,1853.7385864257812,594.4470520019531,25.8636474609375,47.78472900390625
IMG_0028.mp4,825,27.5,30.0,373,0,auth_label,0.32328516244888306,1728.299072265625,323.04119873046875,1914.2208251953125,767.9634399414062,1821.2599487304688,545.5023193359375,185.9217529296875,444.9222412109375
IMG_0028.mp4,826,27.533333333333335,30.0,298,2,traffic_signs,0.8655641674995422,840.784423828125,506.6297302246094,877.4930419921875,579.70947265625,859.1387329101562,543.1696014404297,36.7086181640625,73.07974243164062
IMG_0028.mp4,826,27.533333333333335,30.0,350,1,traffic_lights,0.861143946647644,1661.72412109375,318.1180725097656,1738.9771728515625,448.1191101074219,1700.3506469726562,383.11859130859375,77.2530517578125,130.00103759765625
IMG_0028.mp4,826,27.533333333333335,30.0,368,2,traffic_signs,0.9391039609909058,1825.454833984375,315.7160949707031,1919.066162109375,443.5844421386719,1872.260498046875,379.6502685546875,93.611328125,127.86834716796875
IMG_0028.mp4,826,27.533333333333335,30.0,372,2,traffic_signs,0.9057027697563171,1672.7872314453125,222.3120574951172,1739.87255859375,301.345947265625,1706.3298950195312,261.8290023803711,67.0853271484375,79.03388977050781
IMG_0028.mp4,826,27.533333333333335,30.0,376,2,traffic_signs,0.5104304552078247,1838.5478515625,570.4381103515625,1864.8516845703125,617.9210205078125,1851.6997680664062,594.1795654296875,26.3038330078125,47.48291015625
IMG_0028.mp4,826,27.533333333333335,30.0,216,1,traffic_lights,0.36929062008857727,706.0620727539062,247.9501190185547,738.1846923828125,328.8950500488281,722.1233825683594,288.4225845336914,32.12261962890625,80.94493103027344
IMG_0028.mp4,827,27.566666666666666,30.0,298,2,traffic_signs,0.8896657228469849,838.2392578125,506.46484375,874.3946533203125,577.273681640625,856.3169555664062,541.8692626953125,36.1553955078125,70.808837890625
IMG_0028.mp4,827,27.566666666666666,30.0,350,1,traffic_lights,0.8769132494926453,1659.9945068359375,318.3164978027344,1737.342529296875,447.7568664550781,1698.6685180664062,383.03668212890625,77.3480224609375,129.44036865234375
IMG_0028.mp4,827,27.566666666666666,30.0,368,2,traffic_signs,0.9398700594902039,1823.928955078125,315.6530456542969,1919.3671875,444.3177795410156,1871.6480712890625,379.98541259765625,95.438232421875,128.66473388671875
IMG_0028.mp4,827,27.566666666666666,30.0,372,2,traffic_signs,0.8963531851768494,1671.6453857421875,221.67288208007812,1738.4268798828125,301.1060485839844,1705.0361328125,261.38946533203125,66.781494140625,79.43316650390625
IMG_0028.mp4,827,27.566666666666666,30.0,376,2,traffic_signs,0.6142841577529907,1838.235107421875,571.026611328125,1864.4512939453125,618.2138061523438,1851.3432006835938,594.6202087402344,26.2161865234375,47.18719482421875
IMG_0028.mp4,827,27.566666666666666,30.0,391,2,traffic_signs,0.639404296875,19.355552673339844,677.6549072265625,43.0903205871582,703.77783203125,31.222936630249023,690.7163696289062,23.73476791381836,26.1229248046875
IMG_0028.mp4,828,27.6,30.0,298,2,traffic_signs,0.8806397318840027,835.9404296875,505.825927734375,872.5635986328125,577.3587646484375,854.2520141601562,541.5923461914062,36.6231689453125,71.5328369140625
IMG_0028.mp4,828,27.6,30.0,350,1,traffic_lights,0.8975856304168701,1658.3148193359375,318.35498046875,1735.3721923828125,448.94586181640625,1696.843505859375,383.6504211425781,77.057373046875,130.59088134765625
IMG_0028.mp4,828,27.6,30.0,368,2,traffic_signs,0.9345571398735046,1821.9837646484375,315.39019775390625,1919.3477783203125,444.37664794921875,1870.665771484375,379.8834228515625,97.364013671875,128.9864501953125
IMG_0028.mp4,828,27.6,30.0,372,2,traffic_signs,0.8525391817092896,1670.061279296875,219.87928771972656,1737.2529296875,300.5376281738281,1703.6571044921875,260.20845794677734,67.191650390625,80.65834045410156
IMG_0028.mp4,828,27.6,30.0,376,2,traffic_signs,0.5994956493377686,1836.615234375,571.642578125,1862.4617919921875,618.661865234375,1849.5385131835938,595.1522216796875,25.8465576171875,47.019287109375
IMG_0028.mp4,828,27.6,30.0,391,2,traffic_signs,0.5793622732162476,17.29401206970215,677.0084228515625,42.861915588378906,703.075439453125,30.077963829040527,690.0419311523438,25.567903518676758,26.0670166015625
IMG_0028.mp4,828,27.6,30.0,330,1,traffic_lights,0.39379772543907166,785.9664306640625,525.6085205078125,815.0012817382812,604.91552734375,800.4838562011719,565.2620239257812,29.03485107421875,79.3070068359375
IMG_0028.mp4,828,27.6,30.0,373,0,auth_label,0.3944303095340729,1721.830322265625,322.348876953125,1911.992431640625,769.8873901367188,1816.911376953125,546.1181335449219,190.162109375,447.53851318359375
IMG_0028.mp4,829,27.633333333333333,30.0,298,2,traffic_signs,0.7728367447853088,833.79541015625,505.32122802734375,870.5530395507812,582.0355834960938,852.1742248535156,543.6784057617188,36.75762939453125,76.71435546875
IMG_0028.mp4,829,27.633333333333333,30.0,350,1,traffic_lights,0.8709360957145691,1656.474609375,317.683349609375,1733.5927734375,447.8440856933594,1695.03369140625,382.7637176513672,77.1181640625,130.16073608398438
IMG_0028.mp4,829,27.633333333333333,30.0,368,2,traffic_signs,0.9244115948677063,1820.2027587890625,312.71044921875,1919.5380859375,444.2419128417969,1869.8704223632812,378.47618103027344,99.3353271484375,131.53146362304688
IMG_0028.mp4,829,27.633333333333333,30.0,372,2,traffic_signs,0.8778440952301025,1667.744873046875,218.3045654296875,1735.767333984375,299.7227478027344,1701.756103515625,259.01365661621094,68.0224609375,81.41818237304688
IMG_0028.mp4,829,27.633333333333333,30.0,376,2,traffic_signs,0.6296098232269287,1835.2996826171875,571.5397338867188,1860.85546875,618.0272216796875,1848.0775756835938,594.7834777832031,25.5557861328125,46.48748779296875
IMG_0028.mp4,829,27.633333333333333,30.0,392,1,traffic_lights,0.4679214656352997,589.3923950195312,587.936767578125,607.8763427734375,636.0321655273438,598.6343688964844,611.9844665527344,18.48394775390625,48.09539794921875
IMG_0028.mp4,829,27.633333333333333,30.0,330,1,traffic_lights,0.5983733534812927,784.5999145507812,524.1409301757812,812.3598022460938,604.3766479492188,798.4798583984375,564.2587890625,27.7598876953125,80.2357177734375
IMG_0028.mp4,830,27.666666666666668,30.0,298,2,traffic_signs,0.7958530783653259,831.2774658203125,504.73004150390625,869.2164306640625,582.4334716796875,850.2469482421875,543.5817565917969,37.93896484375,77.70343017578125
IMG_0028.mp4,830,27.666666666666668,30.0,350,1,traffic_lights,0.8242763876914978,1654.022216796875,316.72259521484375,1731.041259765625,447.0210266113281,1692.53173828125,381.87181091308594,77.01904296875,130.29843139648438
IMG_0028.mp4,830,27.666666666666668,30.0,368,2,traffic_signs,0.9182158708572388,1817.213623046875,311.43829345703125,1919.2042236328125,444.21112060546875,1868.2089233398438,377.82470703125,101.9906005859375,132.7728271484375
IMG_0028.mp4,830,27.666666666666668,30.0,372,2,traffic_signs,0.8973425030708313,1664.759521484375,216.43023681640625,1732.4561767578125,299.7443542480469,1698.6078491210938,258.08729553222656,67.6966552734375,83.31411743164062
IMG_0028.mp4,830,27.666666666666668,30.0,376,2,traffic_signs,0.5446923971176147,1830.316650390625,569.8136596679688,1857.4287109375,617.9640502929688,1843.8726806640625,593.8888549804688,27.112060546875,48.150390625
IMG_0028.mp4,830,27.666666666666668,30.0,373,0,auth_label,0.782855749130249,1718.09716796875,322.7243347167969,1909.96728515625,770.865966796875,1814.0322265625,546.7951507568359,191.8701171875,448.1416320800781
IMG_0028.mp4,831,27.7,30.0,298,2,traffic_signs,0.8454540967941284,829.1459350585938,504.9908447265625,866.9437866210938,580.5162353515625,848.0448608398438,542.7535400390625,37.7978515625,75.525390625
IMG_0028.mp4,831,27.7,30.0,350,1,traffic_lights,0.8593384027481079,1650.8232421875,315.97003173828125,1728.0069580078125,445.27899169921875,1689.4151000976562,380.62451171875,77.1837158203125,129.3089599609375
IMG_0028.mp4,831,27.7,30.0,368,2,traffic_signs,0.9285594820976257,1813.958251953125,311.9258728027344,1918.8077392578125,443.9560852050781,1866.3829956054688,377.94097900390625,104.8494873046875,132.03021240234375
IMG_0028.mp4,831,27.7,30.0,372,2,traffic_signs,0.9029961824417114,1661.473876953125,216.11024475097656,1729.3046875,300.5702819824219,1695.3892822265625,258.3402633666992,67.830810546875,84.46003723144531
IMG_0028.mp4,831,27.7,30.0,376,2,traffic_signs,0.6185876131057739,1825.908935546875,570.3250122070312,1854.32177734375,617.8475952148438,1840.1153564453125,594.0863037109375,28.412841796875,47.5225830078125
IMG_0028.mp4,831,27.7,30.0,373,0,auth_label,0.5340204834938049,1713.8621826171875,325.3910217285156,1907.12060546875,771.4273681640625,1810.4913940429688,548.4091949462891,193.2584228515625,446.0363464355469
IMG_0028.mp4,832,27.733333333333334,30.0,298,2,traffic_signs,0.8109413981437683,826.2298583984375,505.82379150390625,863.00146484375,580.99072265625,844.6156616210938,543.4072570800781,36.7716064453125,75.16693115234375
IMG_0028.mp4,832,27.733333333333334,30.0,350,1,traffic_lights,0.8949746489524841,1649.1201171875,316.0638122558594,1726.249267578125,446.53338623046875,1687.6846923828125,381.29859924316406,77.129150390625,130.46957397460938
IMG_0028.mp4,832,27.733333333333334,30.0,368,2,traffic_signs,0.9339145421981812,1812.126953125,312.3761901855469,1919.35791015625,444.94873046875,1865.742431640625,378.66246032714844,107.23095703125,132.57254028320312
IMG_0028.mp4,832,27.733333333333334,30.0,372,2,traffic_signs,0.9376612305641174,1660.004150390625,215.8322296142578,1727.91455078125,300.6968994140625,1693.9593505859375,258.26456451416016,67.910400390625,84.86466979980469
IMG_0028.mp4,832,27.733333333333334,30.0,376,2,traffic_signs,0.6350345611572266,1824.095947265625,571.59130859375,1851.55224609375,619.4080810546875,1837.8240966796875,595.4996948242188,27.456298828125,47.8167724609375
IMG_0028.mp4,832,27.733333333333334,30.0,373,0,auth_label,0.47038304805755615,1710.885498046875,328.37139892578125,1900.9073486328125,773.1075439453125,1805.8964233398438,550.7394714355469,190.0218505859375,444.73614501953125
IMG_0028.mp4,833,27.766666666666666,30.0,298,2,traffic_signs,0.7627279758453369,823.613525390625,505.1451110839844,859.45703125,586.1199340820312,841.5352783203125,545.6325225830078,35.843505859375,80.97482299804688
IMG_0028.mp4,833,27.766666666666666,30.0,350,1,traffic_lights,0.8930495381355286,1647.8265380859375,316.45098876953125,1724.2838134765625,448.25579833984375,1686.05517578125,382.3533935546875,76.457275390625,131.8048095703125
IMG_0028.mp4,833,27.766666666666666,30.0,368,2,traffic_signs,0.9390608668327332,1810.908203125,311.7480163574219,1919.8408203125,445.2685852050781,1865.37451171875,378.50830078125,108.9326171875,133.52056884765625
IMG_0028.mp4,833,27.766666666666666,30.0,372,2,traffic_signs,0.5873532295227051,1658.623291015625,214.00169372558594,1726.4921875,300.45367431640625,1692.5577392578125,257.2276840209961,67.868896484375,86.45198059082031
IMG_0028.mp4,833,27.766666666666666,30.0,376,2,traffic_signs,0.6286523342132568,1823.2236328125,572.5023193359375,1849.653564453125,619.3328857421875,1836.4385986328125,595.9176025390625,26.429931640625,46.83056640625
IMG_0028.mp4,833,27.766666666666666,30.0,373,0,auth_label,0.38341423869132996,1709.6190185546875,331.60516357421875,1896.800537109375,774.6703491210938,1803.2097778320312,553.1377563476562,187.1815185546875,443.065185546875
IMG_0028.mp4,833,27.766666666666666,30.0,330,1,traffic_lights,0.2640379071235657,772.67138671875,524.188720703125,800.45556640625,604.4718627929688,786.5634765625,564.3302917480469,27.7841796875,80.28314208984375
IMG_0028.mp4,834,27.8,30.0,298,2,traffic_signs,0.7314862012863159,821.4923706054688,504.4743957519531,857.93994140625,591.0145263671875,839.7161560058594,547.7444610595703,36.44757080078125,86.54013061523438
IMG_0028.mp4,834,27.8,30.0,350,1,traffic_lights,0.9099054932594299,1646.0330810546875,316.1896057128906,1722.4774169921875,446.91937255859375,1684.2552490234375,381.5544891357422,76.4443359375,130.72976684570312
IMG_0028.mp4,834,27.8,30.0,368,2,traffic_signs,0.9439750909805298,1808.992431640625,310.9268493652344,1919.9002685546875,443.54266357421875,1864.4463500976562,377.23475646972656,110.9078369140625,132.61581420898438
IMG_0028.mp4,834,27.8,30.0,372,2,traffic_signs,0.9409103393554688,1656.4718017578125,212.3506622314453,1724.6324462890625,299.4025573730469,1690.5521240234375,255.8766098022461,68.16064453125,87.05189514160156
IMG_0028.mp4,834,27.8,30.0,373,0,auth_label,0.38412001729011536,1708.22119140625,334.18939208984375,1894.510009765625,774.616943359375,1801.3656005859375,554.4031677246094,186.288818359375,440.42755126953125
IMG_0028.mp4,834,27.8,30.0,330,1,traffic_lights,0.3393799662590027,771.6219482421875,523.505615234375,798.3099975585938,601.1282348632812,784.9659729003906,562.3169250488281,26.68804931640625,77.62261962890625
IMG_0028.mp4,834,27.8,30.0,216,1,traffic_lights,0.28614479303359985,682.1214599609375,243.8684844970703,718.701171875,327.224365234375,700.4113159179688,285.54642486572266,36.5797119140625,83.35588073730469
IMG_0028.mp4,834,27.8,30.0,392,1,traffic_lights,0.26751241087913513,576.1224975585938,588.7269897460938,594.3349609375,634.28955078125,585.2287292480469,611.5082702636719,18.21246337890625,45.56256103515625
IMG_0028.mp4,835,27.833333333333332,30.0,298,2,traffic_signs,0.736270010471344,818.7080078125,504.3088073730469,855.5770263671875,591.7063598632812,837.1425170898438,548.0075836181641,36.8690185546875,87.39755249023438
IMG_0028.mp4,835,27.833333333333332,30.0,350,1,traffic_lights,0.8706384897232056,1643.489990234375,315.4933776855469,1720.2568359375,446.3265075683594,1681.8734130859375,380.9099426269531,76.766845703125,130.8331298828125
IMG_0028.mp4,835,27.833333333333332,30.0,368,2,traffic_signs,0.9495558142662048,1806.4940185546875,310.6211853027344,1919.4891357421875,442.083984375,1862.9915771484375,376.3525848388672,112.9951171875,131.46279907226562
IMG_0028.mp4,835,27.833333333333332,30.0,372,2,traffic_signs,0.9326301217079163,1653.5413818359375,211.3545684814453,1721.76171875,298.8818664550781,1687.6515502929688,255.11821746826172,68.2203369140625,87.52729797363281
IMG_0028.mp4,835,27.833333333333332,30.0,373,0,auth_label,0.6151226162910461,1707.391357421875,334.0896911621094,1890.8953857421875,774.8024291992188,1799.1433715820312,554.4460601806641,183.5040283203125,440.7127380371094
IMG_0028.mp4,836,27.866666666666667,30.0,298,2,traffic_signs,0.8259502649307251,816.7866821289062,504.13580322265625,853.6533203125,588.87548828125,835.2200012207031,546.5056457519531,36.86663818359375,84.73968505859375
IMG_0028.mp4,836,27.866666666666667,30.0,350,1,traffic_lights,0.8383893966674805,1641.5078125,315.21356201171875,1718.034912109375,446.2696838378906,1679.7713623046875,380.7416229248047,76.527099609375,131.05612182617188
IMG_0028.mp4,836,27.866666666666667,30.0,368,2,traffic_signs,0.955944299697876,1804.3863525390625,310.7904052734375,1919.206298828125,441.8738098144531,1861.7963256835938,376.3321075439453,114.8199462890625,131.08340454101562
IMG_0028.mp4,836,27.866666666666667,30.0,372,2,traffic_signs,0.9261110424995422,1651.3114013671875,210.86888122558594,1719.5577392578125,298.7513122558594,1685.4345703125,254.81009674072266,68.246337890625,87.88243103027344
IMG_0028.mp4,836,27.866666666666667,30.0,373,0,auth_label,0.701447069644928,1705.910400390625,332.17950439453125,1887.502197265625,774.811279296875,1796.706298828125,553.4953918457031,181.591796875,442.63177490234375
IMG_0028.mp4,836,27.866666666666667,30.0,396,0,auth_label,0.535916268825531,1889.0032958984375,407.6085510253906,1918.57861328125,809.3500366210938,1903.7909545898438,608.4792938232422,29.5753173828125,401.7414855957031
IMG_0028.mp4,837,27.9,30.0,298,2,traffic_signs,0.8596439957618713,814.4149169921875,504.33612060546875,850.633056640625,587.2034301757812,832.5239868164062,545.769775390625,36.2181396484375,82.8673095703125
IMG_0028.mp4,837,27.9,30.0,350,1,traffic_lights,0.8656548857688904,1638.8680419921875,314.5587463378906,1715.739013671875,446.7012939453125,1677.3035278320312,380.63002014160156,76.8709716796875,132.14254760742188
IMG_0028.mp4,837,27.9,30.0,368,2,traffic_signs,0.7776732444763184,1803.007080078125,309.4443664550781,1918.7283935546875,441.8429260253906,1860.8677368164062,375.6436462402344,115.7213134765625,132.3985595703125
IMG_0028.mp4,837,27.9,30.0,372,2,traffic_signs,0.933890700340271,1649.2506103515625,208.58949279785156,1717.6746826171875,298.30377197265625,1683.462646484375,253.4466323852539,68.424072265625,89.71427917480469
IMG_0028.mp4,837,27.9,30.0,373,0,auth_label,0.5692998170852661,1704.1593017578125,327.22064208984375,1881.9639892578125,775.3010864257812,1793.0616455078125,551.2608642578125,177.8046875,448.0804443359375
IMG_0028.mp4,837,27.9,30.0,396,0,auth_label,0.5996378660202026,1888.3394775390625,396.9474792480469,1918.403564453125,810.6685791015625,1903.3715209960938,603.8080291748047,30.0640869140625,413.7210998535156
IMG_0028.mp4,837,27.9,30.0,376,2,traffic_signs,0.3661940097808838,1818.165771484375,573.1312866210938,1840.372314453125,618.0769653320312,1829.26904296875,595.6041259765625,22.20654296875,44.9456787109375
IMG_0028.mp4,838,27.933333333333334,30.0,298,2,traffic_signs,0.8808196783065796,812.2199096679688,503.72137451171875,848.3698120117188,589.8890991210938,830.2948608398438,546.8052368164062,36.14990234375,86.167724609375
IMG_0028.mp4,838,27.933333333333334,30.0,350,1,traffic_lights,0.8972522020339966,1636.714599609375,314.50579833984375,1713.5445556640625,446.60382080078125,1675.1295776367188,380.5548095703125,76.8299560546875,132.0980224609375
IMG_0028.mp4,838,27.933333333333334,30.0,368,2,traffic_signs,0.9324668645858765,1801.10498046875,309.1316833496094,1918.614990234375,442.11444091796875,1859.8599853515625,375.62306213378906,117.510009765625,132.98275756835938
IMG_0028.mp4,838,27.933333333333334,30.0,372,2,traffic_signs,0.9379662275314331,1647.8885498046875,205.5917510986328,1715.9779052734375,298.3022766113281,1681.9332275390625,251.94701385498047,68.08935546875,92.71052551269531
IMG_0028.mp4,838,27.933333333333334,30.0,373,0,auth_label,0.5055056810379028,1702.68408203125,326.6636962890625,1878.8681640625,775.7950439453125,1790.776123046875,551.2293701171875,176.18408203125,449.13134765625
IMG_0028.mp4,838,27.933333333333334,30.0,396,0,auth_label,0.5049569010734558,1887.5223388671875,392.2713928222656,1918.7301025390625,812.5386352539062,1903.126220703125,602.4050140380859,31.207763671875,420.2672424316406
IMG_0028.mp4,838,27.933333333333334,30.0,376,2,traffic_signs,0.37910425662994385,1815.15576171875,573.3154907226562,1837.4991455078125,617.5191040039062,1826.3274536132812,595.4172973632812,22.3433837890625,44.20361328125
IMG_0028.mp4,838,27.933333333333334,30.0,392,1,traffic_lights,0.4608103930950165,565.8555908203125,589.55078125,582.4444580078125,635.77587890625,574.1500244140625,612.663330078125,16.5888671875,46.22509765625
IMG_0028.mp4,839,27.966666666666665,30.0,298,2,traffic_signs,0.8561994433403015,809.8084106445312,503.82965087890625,846.9265747070312,590.033447265625,828.3674926757812,546.9315490722656,37.1181640625,86.20379638671875
IMG_0028.mp4,839,27.966666666666665,30.0,350,1,traffic_lights,0.9084877371788025,1634.5927734375,314.3880920410156,1711.2799072265625,447.4012756347656,1672.9363403320312,380.8946838378906,76.6871337890625,133.01318359375
IMG_0028.mp4,839,27.966666666666665,30.0,368,2,traffic_signs,0.93201744556427,1798.851318359375,308.0086364746094,1918.078369140625,442.3067932128906,1858.46484375,375.15771484375,119.22705078125,134.29815673828125
IMG_0028.mp4,839,27.966666666666665,30.0,372,2,traffic_signs,0.9331197142601013,1646.16162109375,204.66282653808594,1714.209228515625,297.6592102050781,1680.1854248046875,251.16101837158203,68.047607421875,92.99638366699219
IMG_0028.mp4,839,27.966666666666665,30.0,373,0,auth_label,0.4950861930847168,1700.3997802734375,323.4407958984375,1876.6243896484375,774.8812866210938,1788.5120849609375,549.1610412597656,176.224609375,451.44049072265625
IMG_0028.mp4,839,27.966666666666665,30.0,396,0,auth_label,0.5483324527740479,1885.54833984375,405.0345764160156,1918.916748046875,814.9006958007812,1902.2325439453125,609.9676361083984,33.368408203125,409.8661193847656
IMG_0028.mp4,839,27.966666666666665,30.0,376,2,traffic_signs,0.27996957302093506,1813.9163818359375,573.1095581054688,1835.2344970703125,617.3074951171875,1824.575439453125,595.2085266113281,21.318115234375,44.19793701171875
IMG_0028.mp4,839,27.966666666666665,30.0,399,0,auth_label,0.37334877252578735,1885.37109375,404.1069641113281,1918.837158203125,811.6658935546875,1902.1041259765625,607.8864288330078,33.466064453125,407.5589294433594
IMG_0028.mp4,839,27.966666666666665,30.0,216,1,traffic_lights,0.42650771141052246,671.807373046875,243.1116943359375,707.9411010742188,327.8607482910156,689.8742370605469,285.48622131347656,36.13372802734375,84.74905395507812
IMG_0028.mp4,840,28.0,30.0,298,2,traffic_signs,0.819787323474884,807.2929077148438,503.7019348144531,844.9310913085938,586.7869873046875,826.1119995117188,545.2444610595703,37.63818359375,83.08505249023438
IMG_0028.mp4,840,28.0,30.0,350,1,traffic_lights,0.8853455185890198,1632.3377685546875,314.3621826171875,1709.653564453125,446.7493591308594,1670.9956665039062,380.55577087402344,77.3157958984375,132.38717651367188
IMG_0028.mp4,840,28.0,30.0,368,2,traffic_signs,0.9334582090377808,1796.52099609375,307.6748962402344,1917.2337646484375,442.0364685058594,1856.8773803710938,374.8556823730469,120.7127685546875,134.361572265625
IMG_0028.mp4,840,28.0,30.0,372,2,traffic_signs,0.9366098046302795,1643.8525390625,203.72889709472656,1712.3817138671875,297.01947021484375,1678.1171264648438,250.37418365478516,68.5291748046875,93.29057312011719
IMG_0028.mp4,840,28.0,30.0,373,0,auth_label,0.42694950103759766,1698.525634765625,321.87005615234375,1875.2723388671875,775.482421875,1786.8989868164062,548.6762390136719,176.7467041015625,453.61236572265625
IMG_0028.mp4,840,28.0,30.0,396,0,auth_label,0.6545575261116028,1881.6759033203125,403.55596923828125,1919.0321044921875,805.9268798828125,1900.35400390625,604.7414245605469,37.356201171875,402.37091064453125
IMG_0028.mp4,840,28.0,30.0,376,2,traffic_signs,0.3580643832683563,1807.3135986328125,572.7407836914062,1832.8839111328125,618.4144287109375,1820.0987548828125,595.5776062011719,25.5703125,45.67364501953125
IMG_0028.mp4,841,28.033333333333335,30.0,298,2,traffic_signs,0.8833357095718384,804.6943359375,504.1429138183594,842.2601318359375,580.1439208984375,823.4772338867188,542.1434173583984,37.5657958984375,76.00100708007812
IMG_0028.mp4,841,28.033333333333335,30.0,350,1,traffic_lights,0.8448505401611328,1630.184814453125,314.4180603027344,1707.587158203125,446.3374938964844,1668.885986328125,380.3777770996094,77.40234375,131.91943359375
IMG_0028.mp4,841,28.033333333333335,30.0,368,2,traffic_signs,0.9381226301193237,1794.3043212890625,307.13214111328125,1916.154296875,442.1791687011719,1855.2293090820312,374.65565490722656,121.8499755859375,135.04702758789062
IMG_0028.mp4,841,28.033333333333335,30.0,372,2,traffic_signs,0.9480272531509399,1641.5316162109375,202.7943878173828,1709.8497314453125,296.4215087890625,1675.690673828125,249.60794830322266,68.318115234375,93.62712097167969
IMG_0028.mp4,841,28.033333333333335,30.0,396,0,auth_label,0.5507378578186035,1876.826171875,397.6787414550781,1919.114013671875,802.7860717773438,1897.9700927734375,600.2324066162109,42.287841796875,405.1073303222656
IMG_0028.mp4,841,28.033333333333335,30.0,376,2,traffic_signs,0.3407709300518036,1803.414306640625,572.7086181640625,1830.490234375,619.3818359375,1816.9522705078125,596.0452270507812,27.075927734375,46.6732177734375
IMG_0028.mp4,841,28.033333333333335,30.0,216,1,traffic_lights,0.49349990487098694,668.001220703125,242.58824157714844,702.483642578125,325.772216796875,685.242431640625,284.1802291870117,34.482421875,83.18397521972656
IMG_0028.mp4,842,28.066666666666666,30.0,298,2,traffic_signs,0.8709941506385803,801.990966796875,504.4168701171875,837.7332153320312,579.8536987304688,819.8620910644531,542.1352844238281,35.74224853515625,75.43682861328125
IMG_0028.mp4,842,28.066666666666666,30.0,350,1,traffic_lights,0.6371022462844849,1628.2581787109375,313.40484619140625,1705.65283203125,446.511962890625,1666.9555053710938,379.9584045410156,77.3946533203125,133.10711669921875
IMG_0028.mp4,842,28.066666666666666,30.0,368,2,traffic_signs,0.9431536197662354,1792.41845703125,307.22540283203125,1914.9859619140625,442.5927734375,1853.7022094726562,374.9090881347656,122.5675048828125,135.36737060546875
IMG_0028.mp4,842,28.066666666666666,30.0,372,2,traffic_signs,0.9227761030197144,1639.242919921875,202.42413330078125,1707.5302734375,296.0406494140625,1673.3865966796875,249.23239135742188,68.287353515625,93.61651611328125
IMG_0028.mp4,842,28.066666666666666,30.0,396,0,auth_label,0.37748879194259644,1873.5450439453125,391.562744140625,1919.1243896484375,802.0602416992188,1896.334716796875,596.8114929199219,45.579345703125,410.49749755859375
IMG_0028.mp4,842,28.066666666666666,30.0,376,2,traffic_signs,0.4615078270435333,1801.97607421875,573.2666015625,1827.796142578125,620.01171875,1814.8861083984375,596.63916015625,25.820068359375,46.7451171875
IMG_0028.mp4,842,28.066666666666666,30.0,216,1,traffic_lights,0.42560383677482605,665.1477661132812,243.5312957763672,697.7489013671875,325.85595703125,681.4483337402344,284.6936264038086,32.60113525390625,82.32466125488281
IMG_0028.mp4,843,28.1,30.0,298,2,traffic_signs,0.8708945512771606,799.3828125,503.7974853515625,835.5381469726562,582.2488403320312,817.4604797363281,543.0231628417969,36.15533447265625,78.45135498046875
IMG_0028.mp4,843,28.1,30.0,350,1,traffic_lights,0.8397146463394165,1626.19091796875,313.1438903808594,1703.6490478515625,445.5856018066406,1664.9199829101562,379.36474609375,77.4581298828125,132.44171142578125
IMG_0028.mp4,843,28.1,30.0,368,2,traffic_signs,0.9442510008811951,1789.83642578125,307.053955078125,1915.5230712890625,442.3539123535156,1852.6797485351562,374.7039337158203,125.6866455078125,135.29995727539062
IMG_0028.mp4,843,28.1,30.0,372,2,traffic_signs,0.7372041940689087,1637.2698974609375,201.6346435546875,1705.5750732421875,295.7992858886719,1671.4224853515625,248.7169647216797,68.30517578125,94.16464233398438
IMG_0028.mp4,843,28.1,30.0,376,2,traffic_signs,0.5774884223937988,1800.3988037109375,573.2893676757812,1825.240478515625,619.7545776367188,1812.8196411132812,596.52197265625,24.8416748046875,46.4652099609375
IMG_0028.mp4,843,28.1,30.0,330,1,traffic_lights,0.480912446975708,747.0900268554688,522.638916015625,773.7721557617188,603.5008544921875,760.4310913085938,563.0698852539062,26.68212890625,80.8619384765625
IMG_0028.mp4,844,28.133333333333333,30.0,298,2,traffic_signs,0.3890749216079712,796.9823608398438,504.02838134765625,833.6488647460938,586.3067016601562,815.3156127929688,545.1675415039062,36.66650390625,82.2783203125
IMG_0028.mp4,844,28.133333333333333,30.0,350,1,traffic_lights,0.8713725805282593,1624.11572265625,312.31658935546875,1701.5631103515625,444.4002380371094,1662.8394165039062,378.35841369628906,77.4473876953125,132.08364868164062
IMG_0028.mp4,844,28.133333333333333,30.0,368,2,traffic_signs,0.9475647807121277,1787.7847900390625,307.0501708984375,1915.3922119140625,442.2395935058594,1851.5885009765625,374.64488220214844,127.607421875,135.18942260742188
IMG_0028.mp4,844,28.133333333333333,30.0,372,2,traffic_signs,0.9586732983589172,1635.44873046875,200.2633819580078,1703.371826171875,296.2007751464844,1669.4102783203125,248.2320785522461,67.923095703125,95.93739318847656
IMG_0028.mp4,844,28.133333333333333,30.0,376,2,traffic_signs,0.2868274748325348,1796.43359375,573.3738403320312,1822.0321044921875,620.260009765625,1809.2328491210938,596.8169250488281,25.5985107421875,46.88616943359375
IMG_0028.mp4,845,28.166666666666668,30.0,298,2,traffic_signs,0.8404278755187988,794.4203491210938,504.36346435546875,831.7000732421875,582.24560546875,813.0602111816406,543.3045349121094,37.27972412109375,77.88214111328125
IMG_0028.mp4,845,28.166666666666668,30.0,350,1,traffic_lights,0.8732562065124512,1622.142578125,312.3234558105469,1699.39306640625,444.9037170410156,1660.767822265625,378.61358642578125,77.25048828125,132.58026123046875
IMG_0028.mp4,845,28.166666666666668,30.0,368,2,traffic_signs,0.945853590965271,1785.54736328125,307.0655822753906,1915.107421875,442.02142333984375,1850.327392578125,374.5435028076172,129.56005859375,134.95584106445312
IMG_0028.mp4,845,28.166666666666668,30.0,372,2,traffic_signs,0.953563392162323,1633.204833984375,199.7852020263672,1701.4775390625,295.68145751953125,1667.3411865234375,247.73332977294922,68.272705078125,95.89625549316406
IMG_0028.mp4,845,28.166666666666668,30.0,376,2,traffic_signs,0.40433159470558167,1793.11279296875,573.0364379882812,1819.234619140625,621.2279663085938,1806.1737060546875,597.1322021484375,26.121826171875,48.1915283203125
IMG_0028.mp4,846,28.2,30.0,298,2,traffic_signs,0.8823050856590271,792.0332641601562,504.80401611328125,829.6024169921875,578.5294799804688,810.8178405761719,541.666748046875,37.56915283203125,73.7254638671875
IMG_0028.mp4,846,28.2,30.0,350,1,traffic_lights,0.8097067475318909,1620.1783447265625,312.5574035644531,1697.52685546875,445.0342102050781,1658.8526000976562,378.7958068847656,77.3485107421875,132.476806640625
IMG_0028.mp4,846,28.2,30.0,368,2,traffic_signs,0.947008490562439,1783.580322265625,307.0467834472656,1913.0626220703125,442.0498352050781,1848.3214721679688,374.5483093261719,129.4822998046875,135.0030517578125
IMG_0028.mp4,846,28.2,30.0,372,2,traffic_signs,0.9355844259262085,1630.447265625,199.17881774902344,1699.34033203125,295.0508728027344,1664.893798828125,247.1148452758789,68.89306640625,95.87205505371094
IMG_0028.mp4,846,28.2,30.0,376,2,traffic_signs,0.4728660583496094,1791.461181640625,572.9979858398438,1817.431884765625,620.439453125,1804.446533203125,596.7187194824219,25.970703125,47.44146728515625
IMG_0028.mp4,846,28.2,30.0,396,0,auth_label,0.2626294791698456,1864.591064453125,415.2001953125,1913.1937255859375,783.912841796875,1888.8923950195312,599.5565185546875,48.6026611328125,368.712646484375
IMG_0028.mp4,847,28.233333333333334,30.0,298,2,traffic_signs,0.8833376169204712,789.4656372070312,504.7825622558594,826.1657104492188,576.6197509765625,807.815673828125,540.7011566162109,36.7000732421875,71.83718872070312
IMG_0028.mp4,847,28.233333333333334,30.0,350,1,traffic_lights,0.8399166464805603,1617.880126953125,312.29278564453125,1695.1402587890625,444.4251403808594,1656.5101928710938,378.3589630126953,77.2601318359375,132.13235473632812
IMG_0028.mp4,847,28.233333333333334,30.0,368,2,traffic_signs,0.9494614005088806,1781.9906005859375,306.93475341796875,1911.0469970703125,442.61883544921875,1846.518798828125,374.77679443359375,129.056396484375,135.68408203125
IMG_0028.mp4,847,28.233333333333334,30.0,372,2,traffic_signs,0.9486512541770935,1627.890625,198.7564697265625,1696.679931640625,294.8890380859375,1662.2852783203125,246.82275390625,68.789306640625,96.132568359375
IMG_0028.mp4,847,28.233333333333334,30.0,376,2,traffic_signs,0.6384767889976501,1789.9324951171875,573.2819213867188,1815.1497802734375,621.2501831054688,1802.5411376953125,597.2660522460938,25.21728515625,47.96826171875
IMG_0028.mp4,847,28.233333333333334,30.0,396,0,auth_label,0.4787416160106659,1862.48876953125,414.2846984863281,1910.954345703125,781.1395874023438,1886.7215576171875,597.7121429443359,48.465576171875,366.8548889160156
IMG_0028.mp4,847,28.233333333333334,30.0,392,1,traffic_lights,0.42930975556373596,543.1119995117188,591.1469116210938,560.3141479492188,635.7492065429688,551.7130737304688,613.4480590820312,17.2021484375,44.602294921875
IMG_0028.mp4,847,28.233333333333334,30.0,330,1,traffic_lights,0.2537243664264679,736.7498779296875,522.9244995117188,763.6046142578125,601.8126831054688,750.17724609375,562.3685913085938,26.854736328125,78.88818359375
IMG_0028.mp4,848,28.266666666666666,30.0,298,2,traffic_signs,0.8729673027992249,786.915283203125,504.2723693847656,823.832275390625,577.8606567382812,805.373779296875,541.0665130615234,36.9169921875,73.58828735351562
IMG_0028.mp4,848,28.266666666666666,30.0,350,1,traffic_lights,0.8651092648506165,1614.8939208984375,312.0652160644531,1692.769775390625,444.4686584472656,1653.8318481445312,378.2669372558594,77.8758544921875,132.4034423828125
IMG_0028.mp4,848,28.266666666666666,30.0,368,2,traffic_signs,0.8180700540542603,1779.5711669921875,306.73040771484375,1908.8193359375,443.0336608886719,1844.1952514648438,374.8820343017578,129.2481689453125,136.30325317382812
IMG_0028.mp4,848,28.266666666666666,30.0,372,2,traffic_signs,0.9448027610778809,1625.698486328125,198.19244384765625,1694.4149169921875,294.1116943359375,1660.0567016601562,246.15206909179688,68.7164306640625,95.91925048828125
IMG_0028.mp4,848,28.266666666666666,30.0,376,2,traffic_signs,0.6564595699310303,1788.9256591796875,573.1934814453125,1812.7784423828125,620.8160400390625,1800.85205078125,597.0047607421875,23.852783203125,47.62255859375
IMG_0028.mp4,848,28.266666666666666,30.0,396,0,auth_label,0.5393868684768677,1860.1009521484375,415.749755859375,1908.6910400390625,781.6802978515625,1884.39599609375,598.7150268554688,48.590087890625,365.9305419921875
IMG_0028.mp4,848,28.266666666666666,30.0,404,0,auth_label,0.36022788286209106,1859.7926025390625,402.84259033203125,1909.0159912109375,785.4998779296875,1884.404296875,594.1712341308594,49.223388671875,382.65728759765625
IMG_0028.mp4,849,28.3,30.0,298,2,traffic_signs,0.777410089969635,784.4342651367188,503.5107727050781,822.15380859375,582.8665161132812,803.2940368652344,543.1886444091797,37.71954345703125,79.35574340820312
IMG_0028.mp4,849,28.3,30.0,350,1,traffic_lights,0.89102703332901,1612.3271484375,311.8181457519531,1690.0943603515625,444.9606628417969,1651.2107543945312,378.389404296875,77.7672119140625,133.14251708984375
IMG_0028.mp4,849,28.3,30.0,368,2,traffic_signs,0.9335390329360962,1777.267822265625,306.0946044921875,1905.8651123046875,442.7520751953125,1841.5664672851562,374.42333984375,128.5972900390625,136.657470703125
IMG_0028.mp4,849,28.3,30.0,372,2,traffic_signs,0.938791811466217,1623.7943115234375,196.67355346679688,1692.21923828125,294.24560546875,1658.0067749023438,245.45957946777344,68.4249267578125,97.57205200195312
IMG_0028.mp4,849,28.3,30.0,376,2,traffic_signs,0.6015028357505798,1784.65673828125,573.24462890625,1809.39453125,621.1089477539062,1797.025634765625,597.1767883300781,24.73779296875,47.86431884765625
IMG_0028.mp4,850,28.333333333333332,30.0,298,2,traffic_signs,0.750821053981781,781.7069702148438,503.02630615234375,819.9752807617188,585.882080078125,800.8411254882812,544.4541931152344,38.268310546875,82.85577392578125
IMG_0028.mp4,850,28.333333333333332,30.0,350,1,traffic_lights,0.8512437343597412,1609.761474609375,311.86236572265625,1687.6268310546875,444.3644714355469,1648.6941528320312,378.11341857910156,77.8653564453125,132.50210571289062
IMG_0028.mp4,850,28.333333333333332,30.0,368,2,traffic_signs,0.6472686529159546,1774.606689453125,305.8646545410156,1903.4241943359375,442.93280029296875,1839.0154418945312,374.3987274169922,128.8175048828125,137.06814575195312
IMG_0028.mp4,850,28.333333333333332,30.0,372,2,traffic_signs,0.9409322738647461,1621.5340576171875,195.48313903808594,1689.8052978515625,294.6673278808594,1655.669677734375,245.07523345947266,68.271240234375,99.18418884277344
IMG_0028.mp4,850,28.333333333333332,30.0,376,2,traffic_signs,0.7030995488166809,1781.08447265625,573.1895751953125,1806.72265625,621.667724609375,1793.903564453125,597.4286499023438,25.63818359375,48.4781494140625
IMG_0028.mp4,850,28.333333333333332,30.0,216,1,traffic_lights,0.25936684012413025,645.844970703125,241.3064727783203,680.7023315429688,324.9547119140625,663.2736511230469,283.1305923461914,34.85736083984375,83.64823913574219
IMG_0028.mp4,850,28.333333333333332,30.0,396,0,auth_label,0.6587305665016174,1855.7545166015625,404.7737121582031,1905.176513671875,783.015625,1880.4655151367188,593.8946685791016,49.4219970703125,378.2419128417969
IMG_0028.mp4,851,28.366666666666667,30.0,298,2,traffic_signs,0.8074131608009338,779.0320434570312,503.5253601074219,817.0336303710938,584.97412109375,798.0328369140625,544.2497406005859,38.0015869140625,81.44876098632812
IMG_0028.mp4,851,28.366666666666667,30.0,350,1,traffic_lights,0.7267334461212158,1607.3365478515625,312.2635803222656,1685.260498046875,445.86212158203125,1646.2985229492188,379.06285095214844,77.9239501953125,133.59854125976562
IMG_0028.mp4,851,28.366666666666667,30.0,368,2,traffic_signs,0.901016354560852,1772.51416015625,305.7666931152344,1900.385498046875,443.3702087402344,1836.4498291015625,374.5684509277344,127.871337890625,137.603515625
IMG_0028.mp4,851,28.366666666666667,30.0,372,2,traffic_signs,0.9478527903556824,1618.856689453125,195.45889282226562,1687.4251708984375,294.8228759765625,1653.1409301757812,245.14088439941406,68.5684814453125,99.36398315429688
IMG_0028.mp4,851,28.366666666666667,30.0,376,2,traffic_signs,0.6246935725212097,1779.0400390625,573.725830078125,1804.3880615234375,622.3040771484375,1791.7140502929688,598.0149536132812,25.3480224609375,48.5782470703125
IMG_0028.mp4,851,28.366666666666667,30.0,396,0,auth_label,0.5800459384918213,1852.6485595703125,401.6436462402344,1903.5887451171875,784.1140747070312,1878.11865234375,592.8788604736328,50.940185546875,382.4704284667969
IMG_0028.mp4,852,28.4,30.0,350,1,traffic_lights,0.8036155700683594,1605.3973388671875,312.1503601074219,1682.571533203125,446.33551025390625,1643.9844360351562,379.24293518066406,77.1741943359375,134.18515014648438
IMG_0028.mp4,852,28.4,30.0,368,2,traffic_signs,0.9169173240661621,1770.4808349609375,305.8130187988281,1898.1090087890625,443.6997985839844,1834.294921875,374.75640869140625,127.628173828125,137.88677978515625
IMG_0028.mp4,852,28.4,30.0,372,2,traffic_signs,0.9470654129981995,1616.37841796875,195.78709411621094,1685.1065673828125,294.98565673828125,1650.7424926757812,245.3863754272461,68.7281494140625,99.19856262207031
IMG_0028.mp4,852,28.4,30.0,376,2,traffic_signs,0.6269775032997131,1776.1724853515625,573.7599487304688,1801.826171875,623.1349487304688,1788.9993286132812,598.4474487304688,25.6536865234375,49.375
IMG_0028.mp4,852,28.4,30.0,396,0,auth_label,0.4906945526599884,1849.243408203125,397.9495544433594,1902.4547119140625,782.3380737304688,1875.8490600585938,590.1438140869141,53.2113037109375,384.3885192871094
IMG_0028.mp4,852,28.4,30.0,330,1,traffic_lights,0.33733272552490234,723.2315063476562,522.7247314453125,749.0440673828125,599.6007690429688,736.1377868652344,561.1627502441406,25.81256103515625,76.87603759765625
IMG_0028.mp4,853,28.433333333333334,30.0,350,1,traffic_lights,0.8080825805664062,1602.9266357421875,311.49871826171875,1680.3197021484375,445.30450439453125,1641.6231689453125,378.401611328125,77.39306640625,133.8057861328125
IMG_0028.mp4,853,28.433333333333334,30.0,368,2,traffic_signs,0.9285762906074524,1767.3973388671875,305.9688720703125,1895.671142578125,443.4201965332031,1831.5342407226562,374.6945343017578,128.2738037109375,137.45132446289062
IMG_0028.mp4,853,28.433333333333334,30.0,372,2,traffic_signs,0.9491644501686096,1613.955322265625,195.9027862548828,1682.5816650390625,294.95367431640625,1648.2684936523438,245.42823028564453,68.6263427734375,99.05088806152344
IMG_0028.mp4,853,28.433333333333334,30.0,396,0,auth_label,0.4453599154949188,1845.7808837890625,397.9644470214844,1901.6309814453125,781.0186157226562,1873.7059326171875,589.4915313720703,55.85009765625,383.0541687011719
IMG_0028.mp4,853,28.433333333333334,30.0,330,1,traffic_lights,0.4592042863368988,722.7471923828125,523.4209594726562,747.4244995117188,599.34619140625,735.0858459472656,561.3835754394531,24.67730712890625,75.92523193359375
IMG_0028.mp4,853,28.433333333333334,30.0,298,2,traffic_signs,0.38360658288002014,773.9366455078125,503.62451171875,811.0368041992188,596.00927734375,792.4867248535156,549.81689453125,37.10015869140625,92.384765625
IMG_0028.mp4,854,28.466666666666665,30.0,350,1,traffic_lights,0.8777405023574829,1600.6175537109375,311.2009582519531,1677.83935546875,444.8680725097656,1639.2284545898438,378.0345153808594,77.2218017578125,133.6671142578125
IMG_0028.mp4,854,28.466666666666665,30.0,368,2,traffic_signs,0.9270392060279846,1765.0130615234375,306.1185302734375,1893.2249755859375,443.7154541015625,1829.1190185546875,374.9169921875,128.2119140625,137.596923828125
IMG_0028.mp4,854,28.466666666666665,30.0,372,2,traffic_signs,0.9512430429458618,1612.1463623046875,195.17523193359375,1680.056640625,295.8179626464844,1646.1015014648438,245.49659729003906,67.9102783203125,100.64273071289062
IMG_0028.mp4,854,28.466666666666665,30.0,396,0,auth_label,0.3653033375740051,1842.940673828125,399.0604553222656,1899.051025390625,780.16259765625,1870.995849609375,589.6115264892578,56.1103515625,381.1021423339844
IMG_0028.mp4,854,28.466666666666665,30.0,298,2,traffic_signs,0.42236900329589844,772.3658447265625,504.173828125,807.9371948242188,604.3307495117188,790.1515197753906,554.2522888183594,35.57135009765625,100.15692138671875
IMG_0028.mp4,854,28.466666666666665,30.0,373,0,auth_label,0.27858221530914307,1663.00146484375,330.59539794921875,1858.22998046875,773.2944946289062,1760.61572265625,551.9449462890625,195.228515625,442.6990966796875
IMG_0028.mp4,855,28.5,30.0,350,1,traffic_lights,0.885659396648407,1597.928466796875,311.5329284667969,1674.7698974609375,446.4048767089844,1636.3491821289062,378.9689025878906,76.8414306640625,134.8719482421875
IMG_0028.mp4,855,28.5,30.0,368,2,traffic_signs,0.9126559495925903,1761.708251953125,306.08740234375,1890.370361328125,444.66204833984375,1826.039306640625,375.3747253417969,128.662109375,138.57464599609375
IMG_0028.mp4,855,28.5,30.0,372,2,traffic_signs,0.9546193480491638,1609.2913818359375,195.0997314453125,1677.5174560546875,295.5655517578125,1643.4044189453125,245.3326416015625,68.22607421875,100.4658203125
IMG_0028.mp4,855,28.5,30.0,396,0,auth_label,0.44115087389945984,1840.8961181640625,406.3411560058594,1894.3564453125,779.32177734375,1867.6262817382812,592.8314666748047,53.4603271484375,372.9806213378906
IMG_0028.mp4,855,28.5,30.0,298,2,traffic_signs,0.6826078295707703,769.0701904296875,503.9189453125,806.1231689453125,601.7366333007812,787.5966796875,552.8277893066406,37.052978515625,97.81768798828125
IMG_0028.mp4,855,28.5,30.0,373,0,auth_label,0.6772136688232422,1661.3231201171875,326.2080993652344,1849.609619140625,773.3609008789062,1755.4663696289062,549.7845001220703,188.2864990234375,447.1528015136719
IMG_0028.mp4,856,28.533333333333335,30.0,350,1,traffic_lights,0.8329249024391174,1595.679931640625,312.20068359375,1672.37744140625,445.6329040527344,1634.0286865234375,378.9167938232422,76.697509765625,133.43222045898438
IMG_0028.mp4,856,28.533333333333335,30.0,368,2,traffic_signs,0.9295399188995361,1759.204345703125,306.1979675292969,1887.5079345703125,445.29443359375,1823.3561401367188,375.74620056152344,128.3035888671875,139.09646606445312
IMG_0028.mp4,856,28.533333333333335,30.0,372,2,traffic_signs,0.9413119554519653,1606.190185546875,194.4685516357422,1674.6490478515625,295.34649658203125,1640.4196166992188,244.90752410888672,68.4588623046875,100.87794494628906
IMG_0028.mp4,856,28.533333333333335,30.0,396,0,auth_label,0.4245949983596802,1838.9766845703125,415.6173095703125,1890.287109375,779.7479248046875,1864.6318969726562,597.6826171875,51.3104248046875,364.130615234375
IMG_0028.mp4,856,28.533333333333335,30.0,298,2,traffic_signs,0.7962997555732727,766.5706787109375,504.2330627441406,804.013671875,597.6519775390625,785.2921752929688,550.9425201416016,37.4429931640625,93.41891479492188
IMG_0028.mp4,856,28.533333333333335,30.0,373,0,auth_label,0.6642495393753052,1659.8782958984375,322.5871887207031,1846.850830078125,773.0169677734375,1753.3645629882812,547.8020782470703,186.9725341796875,450.4297790527344
IMG_0028.mp4,857,28.566666666666666,30.0,350,1,traffic_lights,0.8472630381584167,1592.684814453125,312.2169189453125,1669.29541015625,446.7654724121094,1630.9901123046875,379.49119567871094,76.610595703125,134.54855346679688
IMG_0028.mp4,857,28.566666666666666,30.0,368,2,traffic_signs,0.9326478838920593,1756.2586669921875,306.4451904296875,1884.643310546875,446.4040222167969,1820.4509887695312,376.4246063232422,128.3846435546875,139.95883178710938
IMG_0028.mp4,857,28.566666666666666,30.0,372,2,traffic_signs,0.9402050375938416,1603.3829345703125,194.66334533691406,1671.9600830078125,295.475341796875,1637.6715087890625,245.06934356689453,68.5771484375,100.81199645996094
IMG_0028.mp4,857,28.566666666666666,30.0,396,0,auth_label,0.5744320750236511,1836.09375,406.7934265136719,1887.6116943359375,782.119384765625,1861.8527221679688,594.4564056396484,51.5179443359375,375.3259582519531
IMG_0028.mp4,857,28.566666666666666,30.0,298,2,traffic_signs,0.8336846232414246,763.8680419921875,504.17388916015625,800.8151245117188,593.8081665039062,782.3415832519531,548.9910278320312,36.94708251953125,89.63427734375
IMG_0028.mp4,857,28.566666666666666,30.0,373,0,auth_label,0.6704679727554321,1656.712890625,322.21673583984375,1843.4718017578125,772.44091796875,1750.0923461914062,547.3288269042969,186.7589111328125,450.22418212890625
IMG_0028.mp4,858,28.6,30.0,350,1,traffic_lights,0.8631134033203125,1589.3773193359375,312.5496520996094,1666.352783203125,445.9109802246094,1627.8650512695312,379.2303161621094,76.9754638671875,133.361328125
IMG_0028.mp4,858,28.6,30.0,368,2,traffic_signs,0.9441835284233093,1753.42431640625,306.7588806152344,1881.2818603515625,447.233642578125,1817.3530883789062,376.9962615966797,127.8575439453125,140.47476196289062
IMG_0028.mp4,858,28.6,30.0,372,2,traffic_signs,0.9407023787498474,1600.8912353515625,194.68093872070312,1669.47705078125,295.70428466796875,1635.1841430664062,245.19261169433594,68.5858154296875,101.02334594726562
IMG_0028.mp4,858,28.6,30.0,396,0,auth_label,0.8079227209091187,1833.124267578125,403.7324523925781,1885.0428466796875,784.0775146484375,1859.0835571289062,593.9049835205078,51.9185791015625,380.3450622558594
IMG_0028.mp4,858,28.6,30.0,298,2,traffic_signs,0.8618889451026917,761.44482421875,504.1933288574219,799.493896484375,593.1896362304688,780.4693603515625,548.6914825439453,38.049072265625,88.99630737304688
IMG_0028.mp4,858,28.6,30.0,373,0,auth_label,0.6594833135604858,1654.6700439453125,321.1424560546875,1837.26416015625,773.080322265625,1745.9671020507812,547.1113891601562,182.5941162109375,451.9378662109375
IMG_0028.mp4,859,28.633333333333333,30.0,350,1,traffic_lights,0.8875377178192139,1586.472900390625,312.6180419921875,1663.6748046875,446.6414794921875,1625.0738525390625,379.6297607421875,77.201904296875,134.0234375
IMG_0028.mp4,859,28.633333333333333,30.0,368,2,traffic_signs,0.9561659097671509,1750.6749267578125,306.9889831542969,1878.684814453125,447.42449951171875,1814.6798706054688,377.2067413330078,128.0098876953125,140.43551635742188
IMG_0028.mp4,859,28.633333333333333,30.0,372,2,traffic_signs,0.9438050389289856,1598.62158203125,194.53013610839844,1666.9835205078125,296.2010498046875,1632.8025512695312,245.36559295654297,68.3619384765625,101.67091369628906
IMG_0028.mp4,859,28.633333333333333,30.0,396,0,auth_label,0.4249783158302307,1831.6397705078125,408.2575988769531,1884.6126708984375,784.6572875976562,1858.126220703125,596.4574432373047,52.972900390625,376.3996887207031
IMG_0028.mp4,859,28.633333333333333,30.0,298,2,traffic_signs,0.7927887439727783,758.9771728515625,504.0915832519531,797.3492431640625,589.992919921875,778.1632080078125,547.0422515869141,38.3720703125,85.90133666992188
IMG_0028.mp4,859,28.633333333333333,30.0,373,0,auth_label,0.7099902629852295,1651.7037353515625,322.0439453125,1827.2484130859375,773.5053100585938,1739.47607421875,547.7746276855469,175.544677734375,451.46136474609375
IMG_0028.mp4,860,28.666666666666668,30.0,350,1,traffic_lights,0.8604658246040344,1583.989501953125,313.5703430175781,1661.472900390625,448.1188659667969,1622.731201171875,380.8446044921875,77.4833984375,134.54852294921875
IMG_0028.mp4,860,28.666666666666668,30.0,368,2,traffic_signs,0.9377068281173706,1748.1875,306.7179870605469,1875.6826171875,447.22705078125,1811.93505859375,376.97251892089844,127.4951171875,140.50906372070312
IMG_0028.mp4,860,28.666666666666668,30.0,372,2,traffic_signs,0.9457338452339172,1596.274658203125,194.66256713867188,1664.6080322265625,296.3523864746094,1630.4413452148438,245.50747680664062,68.3333740234375,101.6898193359375
IMG_0028.mp4,860,28.666666666666668,30.0,298,2,traffic_signs,0.836304783821106,756.2278442382812,504.60833740234375,794.4539184570312,585.9260864257812,775.3408813476562,545.2672119140625,38.22607421875,81.3177490234375
IMG_0028.mp4,860,28.666666666666668,30.0,373,0,auth_label,0.3973201811313629,1650.1678466796875,320.2823486328125,1825.138671875,773.8743896484375,1737.6532592773438,547.078369140625,174.9708251953125,453.592041015625
IMG_0028.mp4,861,28.7,30.0,350,1,traffic_lights,0.49621447920799255,1581.5816650390625,313.17230224609375,1658.9971923828125,447.8372497558594,1620.2894287109375,380.50477600097656,77.41552734375,134.66494750976562
IMG_0028.mp4,861,28.7,30.0,368,2,traffic_signs,0.9259519577026367,1745.3052978515625,306.6054992675781,1873.62158203125,447.1346130371094,1809.4634399414062,376.87005615234375,128.3162841796875,140.52911376953125
IMG_0028.mp4,861,28.7,30.0,372,2,traffic_signs,0.9469773173332214,1593.563232421875,194.50881958007812,1661.740478515625,296.41973876953125,1627.65185546875,245.4642791748047,68.17724609375,101.91091918945312
IMG_0028.mp4,861,28.7,30.0,298,2,traffic_signs,0.7959713339805603,753.121337890625,504.7334899902344,790.3095092773438,584.4576416015625,771.7154235839844,544.5955657958984,37.18817138671875,79.72415161132812
IMG_0028.mp4,861,28.7,30.0,216,1,traffic_lights,0.5486871600151062,613.5928344726562,242.4496307373047,649.1300659179688,324.2652282714844,631.3614501953125,283.35742950439453,35.5372314453125,81.81559753417969
IMG_0028.mp4,862,28.733333333333334,30.0,350,1,traffic_lights,0.8049452304840088,1579.07177734375,313.458251953125,1656.4263916015625,448.1439208984375,1617.7490844726562,380.80108642578125,77.3546142578125,134.6856689453125
IMG_0028.mp4,862,28.733333333333334,30.0,368,2,traffic_signs,0.9358067512512207,1742.2977294921875,307.4093017578125,1870.729736328125,446.9522399902344,1806.5137329101562,377.18077087402344,128.4320068359375,139.54293823242188
IMG_0028.mp4,862,28.733333333333334,30.0,372,2,traffic_signs,0.9504055380821228,1590.7125244140625,194.85704040527344,1659.145263671875,296.5088195800781,1624.9288940429688,245.68292999267578,68.4327392578125,101.65177917480469
IMG_0028.mp4,862,28.733333333333334,30.0,298,2,traffic_signs,0.7578356862068176,750.4050903320312,504.5585632324219,787.6373291015625,589.4224243164062,769.0212097167969,546.9904937744141,37.23223876953125,84.86386108398438
IMG_0028.mp4,862,28.733333333333334,30.0,216,1,traffic_lights,0.4590330123901367,611.6358642578125,241.36326599121094,648.3966064453125,324.56268310546875,630.0162353515625,282.96297454833984,36.7607421875,83.19941711425781
IMG_0028.mp4,862,28.733333333333334,30.0,330,1,traffic_lights,0.45459678769111633,700.3306884765625,524.384765625,723.4802856445312,599.247314453125,711.9054870605469,561.8160400390625,23.14959716796875,74.862548828125
IMG_0028.mp4,863,28.766666666666666,30.0,350,1,traffic_lights,0.8955569863319397,1576.36865234375,313.46112060546875,1653.4373779296875,448.1445617675781,1614.9030151367188,380.80284118652344,77.0687255859375,134.68344116210938
IMG_0028.mp4,863,28.766666666666666,30.0,368,2,traffic_signs,0.948527455329895,1739.17236328125,307.5062255859375,1868.0294189453125,447.06317138671875,1803.6008911132812,377.2846984863281,128.8570556640625,139.55694580078125
IMG_0028.mp4,863,28.766666666666666,30.0,372,2,traffic_signs,0.9525871276855469,1588.1844482421875,194.94007873535156,1656.1451416015625,297.03338623046875,1622.164794921875,245.98673248291016,67.960693359375,102.09330749511719
IMG_0028.mp4,863,28.766666666666666,30.0,298,2,traffic_signs,0.5614628195762634,748.1624755859375,505.41558837890625,784.993896484375,587.7161865234375,766.5781860351562,546.5658874511719,36.8314208984375,82.30059814453125
IMG_0028.mp4,863,28.766666666666666,30.0,216,1,traffic_lights,0.2920069992542267,608.8131103515625,242.13894653320312,646.5717163085938,323.7230529785156,627.6924133300781,282.9309997558594,37.75860595703125,81.5841064453125
IMG_0028.mp4,864,28.8,30.0,350,1,traffic_lights,0.8813868165016174,1573.8804931640625,314.8109436035156,1650.61767578125,449.52264404296875,1612.2490844726562,382.1667938232422,76.7371826171875,134.71170043945312
IMG_0028.mp4,864,28.8,30.0,368,2,traffic_signs,0.9449912309646606,1736.06103515625,308.4232177734375,1864.717529296875,448.2748718261719,1800.3892822265625,378.3490447998047,128.656494140625,139.85165405273438
IMG_0028.mp4,864,28.8,30.0,372,2,traffic_signs,0.9563804268836975,1585.39306640625,195.95726013183594,1653.6002197265625,296.9962158203125,1619.4966430664062,246.47673797607422,68.2071533203125,101.03895568847656
IMG_0028.mp4,864,28.8,30.0,298,2,traffic_signs,0.6212097406387329,745.669921875,506.19671630859375,782.3762817382812,584.9707641601562,764.0231018066406,545.583740234375,36.70635986328125,78.7740478515625
IMG_0028.mp4,864,28.8,30.0,392,1,traffic_lights,0.29617413878440857,497.09771728515625,583.9376220703125,516.217041015625,637.7369995117188,506.6573791503906,610.8373107910156,19.11932373046875,53.79937744140625
IMG_0028.mp4,865,28.833333333333332,30.0,350,1,traffic_lights,0.8868412375450134,1571.0069580078125,314.9740295410156,1647.736083984375,449.5359191894531,1609.3715209960938,382.2549743652344,76.7291259765625,134.5618896484375
IMG_0028.mp4,865,28.833333333333332,30.0,368,2,traffic_signs,0.944104790687561,1732.95947265625,308.5403747558594,1861.3890380859375,447.832763671875,1797.1742553710938,378.1865692138672,128.4295654296875,139.29238891601562
IMG_0028.mp4,865,28.833333333333332,30.0,372,2,traffic_signs,0.9455298185348511,1581.9088134765625,196.4048309326172,1650.45361328125,297.4255676269531,1616.1812133789062,246.91519927978516,68.5447998046875,101.02073669433594
IMG_0028.mp4,865,28.833333333333332,30.0,298,2,traffic_signs,0.8559297323226929,742.5478515625,507.1217346191406,779.8012084960938,579.4721069335938,761.1745300292969,543.2969207763672,37.25335693359375,72.35037231445312
IMG_0028.mp4,866,28.866666666666667,30.0,350,1,traffic_lights,0.8769434094429016,1567.6014404296875,314.8477783203125,1644.758544921875,450.53082275390625,1606.1799926757812,382.6893005371094,77.1571044921875,135.68304443359375
IMG_0028.mp4,866,28.866666666666667,30.0,368,2,traffic_signs,0.9534563422203064,1730.073486328125,309.1481628417969,1857.47802734375,445.913330078125,1793.7757568359375,377.53074645996094,127.404541015625,136.76516723632812
IMG_0028.mp4,866,28.866666666666667,30.0,372,2,traffic_signs,0.9445487260818481,1578.822265625,197.1162109375,1647.48876953125,297.8551025390625,1613.155517578125,247.48565673828125,68.66650390625,100.7388916015625
IMG_0028.mp4,866,28.866666666666667,30.0,298,2,traffic_signs,0.8593801259994507,739.5956420898438,506.2749328613281,776.9691772460938,578.7047119140625,758.2824096679688,542.4898223876953,37.37353515625,72.42977905273438
IMG_0028.mp4,867,28.9,30.0,350,1,traffic_lights,0.9115685224533081,1563.8497314453125,314.77130126953125,1641.1058349609375,451.3116455078125,1602.477783203125,383.0414733886719,77.256103515625,136.54034423828125
IMG_0028.mp4,867,28.9,30.0,368,2,traffic_signs,0.9647400975227356,1726.8697509765625,309.5445251464844,1853.7667236328125,446.39324951171875,1790.3182373046875,377.96888732910156,126.89697265625,136.84872436523438
IMG_0028.mp4,867,28.9,30.0,372,2,traffic_signs,0.9458392858505249,1575.9495849609375,197.4586639404297,1644.3460693359375,298.462890625,1610.1478271484375,247.96077728271484,68.396484375,101.00422668457031
IMG_0028.mp4,867,28.9,30.0,298,2,traffic_signs,0.8024581074714661,736.9238891601562,505.6490478515625,774.8639526367188,579.772216796875,755.8939208984375,542.7106323242188,37.9400634765625,74.1231689453125
IMG_0028.mp4,868,28.933333333333334,30.0,350,1,traffic_lights,0.9206028580665588,1560.8746337890625,315.8055725097656,1638.41259765625,451.87982177734375,1599.6436157226562,383.8426971435547,77.5379638671875,136.07424926757812
IMG_0028.mp4,868,28.933333333333334,30.0,368,2,traffic_signs,0.9493119120597839,1724.5234375,309.3747253417969,1850.0294189453125,447.47613525390625,1787.2764282226562,378.42543029785156,125.5059814453125,138.10140991210938
IMG_0028.mp4,868,28.933333333333334,30.0,372,2,traffic_signs,0.9476087689399719,1573.3175048828125,197.87933349609375,1641.552001953125,298.59991455078125,1607.4347534179688,248.2396240234375,68.2344970703125,100.7205810546875
IMG_0028.mp4,868,28.933333333333334,30.0,298,2,traffic_signs,0.8057852983474731,734.142333984375,505.02978515625,772.2323608398438,580.04248046875,753.1873474121094,542.5361328125,38.09002685546875,75.0126953125
IMG_0028.mp4,869,28.966666666666665,30.0,350,1,traffic_lights,0.8988795280456543,1557.8167724609375,315.6664733886719,1635.2730712890625,452.28253173828125,1596.544921875,383.97450256347656,77.456298828125,136.61605834960938
IMG_0028.mp4,869,28.966666666666665,30.0,368,2,traffic_signs,0.9496007561683655,1721.0335693359375,309.9266662597656,1845.82421875,448.24346923828125,1783.4288940429688,379.08506774902344,124.7906494140625,138.31680297851562
IMG_0028.mp4,869,28.966666666666665,30.0,372,2,traffic_signs,0.9522373080253601,1569.81787109375,198.0778045654297,1638.0101318359375,298.72857666015625,1603.9140014648438,248.40319061279297,68.1922607421875,100.65077209472656
IMG_0028.mp4,869,28.966666666666665,30.0,298,2,traffic_signs,0.8563276529312134,730.7002563476562,505.5214538574219,768.183349609375,578.2846069335938,749.4418029785156,541.9030303955078,37.48309326171875,72.76315307617188
IMG_0028.mp4,870,29.0,30.0,350,1,traffic_lights,0.9094635248184204,1554.897705078125,315.49609375,1631.75634765625,451.1778259277344,1593.3270263671875,383.3369598388672,76.858642578125,135.68173217773438
IMG_0028.mp4,870,29.0,30.0,368,2,traffic_signs,0.9540773630142212,1717.6864013671875,310.5340270996094,1842.92236328125,448.7635803222656,1780.3043823242188,379.6488037109375,125.2359619140625,138.22955322265625
IMG_0028.mp4,870,29.0,30.0,372,2,traffic_signs,0.9572058916091919,1566.33935546875,198.66893005371094,1634.606201171875,299.4785461425781,1600.4727783203125,249.07373809814453,68.266845703125,100.80961608886719
IMG_0028.mp4,870,29.0,30.0,298,2,traffic_signs,0.8370435833930969,727.2042236328125,505.5988464355469,763.908935546875,581.4129638671875,745.5565795898438,543.5059051513672,36.7047119140625,75.81411743164062
IMG_0028.mp4,871,29.033333333333335,30.0,350,1,traffic_lights,0.9133062958717346,1551.7919921875,316.4927673339844,1627.2733154296875,452.13409423828125,1589.5326538085938,384.3134307861328,75.4813232421875,135.64132690429688
IMG_0028.mp4,871,29.033333333333335,30.0,368,2,traffic_signs,0.9407373070716858,1713.0904541015625,311.0069885253906,1838.6126708984375,448.826171875,1775.8515625,379.9165802001953,125.522216796875,137.81918334960938
IMG_0028.mp4,871,29.033333333333335,30.0,372,2,traffic_signs,0.9611237049102783,1563.235107421875,199.3032989501953,1630.8111572265625,299.69976806640625,1597.0231323242188,249.50153350830078,67.5760498046875,100.39646911621094
IMG_0028.mp4,871,29.033333333333335,30.0,298,2,traffic_signs,0.5932285189628601,724.2388305664062,505.60943603515625,761.8666381835938,584.0504760742188,743.052734375,544.8299560546875,37.6278076171875,78.4410400390625
IMG_0028.mp4,872,29.066666666666666,30.0,350,1,traffic_lights,0.8873054385185242,1548.26806640625,317.5260314941406,1623.934326171875,452.62176513671875,1586.1011962890625,385.0738983154297,75.666259765625,135.09573364257812
IMG_0028.mp4,872,29.066666666666666,30.0,368,2,traffic_signs,0.9486908316612244,1709.353271484375,311.5072937011719,1834.5350341796875,449.0491943359375,1771.9441528320312,380.2782440185547,125.1817626953125,137.54190063476562
IMG_0028.mp4,872,29.066666666666666,30.0,372,2,traffic_signs,0.8725091814994812,1558.9031982421875,199.7039794921875,1627.220947265625,300.197265625,1593.0620727539062,249.95062255859375,68.3177490234375,100.4932861328125
IMG_0028.mp4,872,29.066666666666666,30.0,298,2,traffic_signs,0.7328706979751587,720.9866333007812,505.6043395996094,758.4221801757812,585.1094360351562,739.7044067382812,545.3568878173828,37.435546875,79.50509643554688
IMG_0028.mp4,873,29.1,30.0,350,1,traffic_lights,0.8716670274734497,1544.47119140625,317.67657470703125,1620.366455078125,452.52142333984375,1582.4188232421875,385.0989990234375,75.895263671875,134.8448486328125
IMG_0028.mp4,873,29.1,30.0,368,2,traffic_signs,0.9548094272613525,1706.2528076171875,311.8648986816406,1831.0594482421875,449.05712890625,1768.6561279296875,380.4610137939453,124.806640625,137.19223022460938
IMG_0028.mp4,873,29.1,30.0,372,2,traffic_signs,0.955189049243927,1555.12255859375,199.950439453125,1623.5501708984375,300.74249267578125,1589.3363647460938,250.34646606445312,68.4276123046875,100.79205322265625
IMG_0028.mp4,873,29.1,30.0,298,2,traffic_signs,0.8675434589385986,717.5108032226562,506.3000793457031,754.6723022460938,582.4205322265625,736.091552734375,544.3603057861328,37.1614990234375,76.12045288085938
IMG_0028.mp4,874,29.133333333333333,30.0,350,1,traffic_lights,0.9015795588493347,1540.2239990234375,318.0201110839844,1616.322021484375,451.9988708496094,1578.2730102539062,385.0094909667969,76.0980224609375,133.978759765625
IMG_0028.mp4,874,29.133333333333333,30.0,368,2,traffic_signs,0.8452369570732117,1702.99560546875,312.18670654296875,1827.13671875,449.4762878417969,1765.066162109375,380.8314971923828,124.14111328125,137.28958129882812
IMG_0028.mp4,874,29.133333333333333,30.0,372,2,traffic_signs,0.9535616040229797,1552.0098876953125,199.84136962890625,1619.7884521484375,300.51568603515625,1585.899169921875,250.17852783203125,67.778564453125,100.67431640625
IMG_0028.mp4,874,29.133333333333333,30.0,298,2,traffic_signs,0.8860238790512085,714.3738403320312,506.89373779296875,752.2086181640625,581.0675048828125,733.2912292480469,543.9806213378906,37.83477783203125,74.17376708984375
IMG_0028.mp4,875,29.166666666666668,30.0,350,1,traffic_lights,0.9162880778312683,1536.226318359375,319.0136413574219,1613.2391357421875,452.6899719238281,1574.7327270507812,385.851806640625,77.0128173828125,133.67633056640625
IMG_0028.mp4,875,29.166666666666668,30.0,368,2,traffic_signs,0.9529818892478943,1699.30078125,312.5153503417969,1823.3323974609375,450.6150817871094,1761.3165893554688,381.5652160644531,124.0316162109375,138.0997314453125
IMG_0028.mp4,875,29.166666666666668,30.0,372,2,traffic_signs,0.8855781555175781,1548.8995361328125,200.38201904296875,1616.3792724609375,300.41986083984375,1582.639404296875,250.40093994140625,67.479736328125,100.037841796875
IMG_0028.mp4,875,29.166666666666668,30.0,298,2,traffic_signs,0.8575091361999512,710.6339111328125,507.4539794921875,748.908935546875,580.6703491210938,729.7714233398438,544.0621643066406,38.2750244140625,73.21636962890625
IMG_0028.mp4,875,29.166666666666668,30.0,216,1,traffic_lights,0.38204553723335266,569.7120361328125,239.85516357421875,608.98095703125,324.3757629394531,589.3464965820312,282.11546325683594,39.2689208984375,84.52059936523438
IMG_0028.mp4,876,29.2,30.0,350,1,traffic_lights,0.8853853940963745,1532.417724609375,318.0482482910156,1609.5445556640625,452.4980163574219,1570.9811401367188,385.27313232421875,77.1268310546875,134.44976806640625
IMG_0028.mp4,876,29.2,30.0,368,2,traffic_signs,0.958480715751648,1695.0120849609375,312.9085693359375,1819.5987548828125,450.856201171875,1757.305419921875,381.88238525390625,124.586669921875,137.9476318359375
IMG_0028.mp4,876,29.2,30.0,372,2,traffic_signs,0.9375832676887512,1544.63916015625,200.52699279785156,1612.527587890625,300.89202880859375,1578.5833740234375,250.70951080322266,67.888427734375,100.36503601074219
IMG_0028.mp4,876,29.2,30.0,298,2,traffic_signs,0.8828003406524658,706.2536010742188,507.9857482910156,744.1453857421875,579.765380859375,725.1994934082031,543.8755645751953,37.89178466796875,71.77963256835938
IMG_0028.mp4,876,29.2,30.0,216,1,traffic_lights,0.5354493260383606,564.5235595703125,240.6912384033203,604.3731689453125,325.0516357421875,584.4483642578125,282.8714370727539,39.849609375,84.36039733886719
IMG_0028.mp4,877,29.233333333333334,30.0,350,1,traffic_lights,0.9029861092567444,1528.348876953125,317.5667419433594,1604.5343017578125,452.1951599121094,1566.4415893554688,384.8809509277344,76.1854248046875,134.62841796875
IMG_0028.mp4,877,29.233333333333334,30.0,368,2,traffic_signs,0.9438289403915405,1690.6383056640625,313.2856140136719,1814.7120361328125,450.75732421875,1752.6751708984375,382.02146911621094,124.07373046875,137.47171020507812
IMG_0028.mp4,877,29.233333333333334,30.0,372,2,traffic_signs,0.8721510767936707,1540.7564697265625,200.5686492919922,1608.053955078125,300.75634765625,1574.4052124023438,250.6624984741211,67.2974853515625,100.18769836425781
IMG_0028.mp4,877,29.233333333333334,30.0,298,2,traffic_signs,0.8576783537864685,702.2392578125,508.4166259765625,740.285400390625,580.3723754882812,721.2623291015625,544.3945007324219,38.046142578125,71.95574951171875
IMG_0028.mp4,878,29.266666666666666,30.0,350,1,traffic_lights,0.8510282039642334,1524.4625244140625,318.2434387207031,1600.2415771484375,453.6348876953125,1562.35205078125,385.9391632080078,75.779052734375,135.39144897460938
IMG_0028.mp4,878,29.266666666666666,30.0,368,2,traffic_signs,0.9495183229446411,1686.2314453125,314.10736083984375,1809.7706298828125,450.82403564453125,1748.0010375976562,382.4656982421875,123.5391845703125,136.7166748046875
IMG_0028.mp4,878,29.266666666666666,30.0,372,2,traffic_signs,0.9269049763679504,1536.641357421875,201.7852020263672,1603.9024658203125,301.4736633300781,1570.2719116210938,251.62943267822266,67.2611083984375,99.68846130371094
IMG_0028.mp4,878,29.266666666666666,30.0,298,2,traffic_signs,0.7954553365707397,698.1001586914062,510.1671142578125,735.9479370117188,580.0536499023438,717.0240478515625,545.1103820800781,37.8477783203125,69.88653564453125
IMG_0028.mp4,879,29.3,30.0,350,1,traffic_lights,0.9161621928215027,1520.8277587890625,317.5971984863281,1596.8687744140625,454.2720031738281,1558.8482666015625,385.9346008300781,76.041015625,136.6748046875
IMG_0028.mp4,879,29.3,30.0,368,2,traffic_signs,0.9522961378097534,1682.546142578125,313.9052734375,1806.6968994140625,451.2035217285156,1744.6215209960938,382.5543975830078,124.1507568359375,137.29824829101562
IMG_0028.mp4,879,29.3,30.0,372,2,traffic_signs,0.9127492904663086,1532.17041015625,201.30422973632812,1600.2520751953125,301.35198974609375,1566.2112426757812,251.32810974121094,68.0816650390625,100.04776000976562
IMG_0028.mp4,879,29.3,30.0,298,2,traffic_signs,0.8916969895362854,693.7493286132812,510.11224365234375,731.8720703125,579.50927734375,712.8106994628906,544.8107604980469,38.12274169921875,69.39703369140625
IMG_0028.mp4,880,29.333333333333332,30.0,350,1,traffic_lights,0.923855721950531,1516.1580810546875,318.5362243652344,1592.6524658203125,455.42681884765625,1554.4052734375,386.9815216064453,76.494384765625,136.89059448242188
IMG_0028.mp4,880,29.333333333333332,30.0,368,2,traffic_signs,0.9080809950828552,1679.332275390625,314.1662292480469,1801.7247314453125,451.57940673828125,1740.5285034179688,382.87281799316406,122.3924560546875,137.41317749023438
IMG_0028.mp4,880,29.333333333333332,30.0,372,2,traffic_signs,0.6775819063186646,1528.3956298828125,201.46246337890625,1596.2147216796875,301.2342224121094,1562.30517578125,251.3483428955078,67.819091796875,99.77175903320312
IMG_0028.mp4,880,29.333333333333332,30.0,298,2,traffic_signs,0.8726386427879333,689.4625854492188,510.56353759765625,727.7763671875,579.8020629882812,708.6194763183594,545.1828002929688,38.31378173828125,69.238525390625
IMG_0028.mp4,881,29.366666666666667,30.0,350,1,traffic_lights,0.9346546530723572,1511.621826171875,318.9335632324219,1588.707275390625,455.82586669921875,1550.16455078125,387.3797149658203,77.08544921875,136.89230346679688
IMG_0028.mp4,881,29.366666666666667,30.0,368,2,traffic_signs,0.9126392006874084,1674.326904296875,314.3771057128906,1796.7977294921875,451.32427978515625,1735.5623168945312,382.85069274902344,122.4708251953125,136.94717407226562
IMG_0028.mp4,881,29.366666666666667,30.0,372,2,traffic_signs,0.9413895010948181,1524.24658203125,201.065185546875,1592.0361328125,301.12646484375,1558.141357421875,251.0958251953125,67.78955078125,100.061279296875
IMG_0028.mp4,881,29.366666666666667,30.0,298,2,traffic_signs,0.8438994884490967,684.8402099609375,508.8093566894531,723.1996459960938,579.8046264648438,704.0199279785156,544.3069915771484,38.35943603515625,70.99526977539062
IMG_0028.mp4,882,29.4,30.0,350,1,traffic_lights,0.9467885494232178,1507.312744140625,318.14239501953125,1584.2252197265625,456.69195556640625,1545.7689819335938,387.41717529296875,76.9124755859375,138.549560546875
IMG_0028.mp4,882,29.4,30.0,368,2,traffic_signs,0.91083824634552,1669.2935791015625,314.69049072265625,1793.0914306640625,451.5859069824219,1731.1925048828125,383.13819885253906,123.7978515625,136.89541625976562
IMG_0028.mp4,882,29.4,30.0,372,2,traffic_signs,0.9405442476272583,1519.92236328125,201.61001586914062,1587.694580078125,301.4777526855469,1553.8084716796875,251.54388427734375,67.772216796875,99.86773681640625
IMG_0028.mp4,882,29.4,30.0,298,2,traffic_signs,0.83195960521698,679.9661254882812,508.4932556152344,716.907958984375,580.6552124023438,698.4370422363281,544.5742340087891,36.94183349609375,72.16195678710938
IMG_0028.mp4,883,29.433333333333334,30.0,350,1,traffic_lights,0.9253029823303223,1503.6524658203125,318.2624816894531,1579.4075927734375,457.3703308105469,1541.530029296875,387.81640625,75.755126953125,139.10784912109375
IMG_0028.mp4,883,29.433333333333334,30.0,368,2,traffic_signs,0.9182991981506348,1664.27880859375,314.0157470703125,1789.2559814453125,450.78472900390625,1726.7673950195312,382.4002380371094,124.9771728515625,136.76898193359375
IMG_0028.mp4,883,29.433333333333334,30.0,372,2,traffic_signs,0.9550802111625671,1515.9573974609375,200.51516723632812,1583.331298828125,301.1614990234375,1549.6443481445312,250.8383331298828,67.3739013671875,100.64633178710938
IMG_0028.mp4,883,29.433333333333334,30.0,298,2,traffic_signs,0.7652440071105957,674.55810546875,509.70477294921875,712.2680053710938,580.85498046875,693.4130554199219,545.2798767089844,37.70989990234375,71.15020751953125
IMG_0028.mp4,884,29.466666666666665,30.0,350,1,traffic_lights,0.9162689447402954,1498.8994140625,318.6023254394531,1574.58984375,454.94146728515625,1536.74462890625,386.7718963623047,75.6904296875,136.33914184570312
IMG_0028.mp4,884,29.466666666666665,30.0,368,2,traffic_signs,0.9488874077796936,1658.9033203125,313.8445739746094,1783.785888671875,449.869873046875,1721.3446044921875,381.8572235107422,124.882568359375,136.02529907226562
IMG_0028.mp4,884,29.466666666666665,30.0,372,2,traffic_signs,0.902554452419281,1509.9219970703125,200.30259704589844,1578.45263671875,301.0437316894531,1544.1873168945312,250.67316436767578,68.5306396484375,100.74113464355469
IMG_0028.mp4,884,29.466666666666665,30.0,298,2,traffic_signs,0.8897373080253601,669.8594970703125,509.0504455566406,707.6483764648438,579.8367309570312,688.7539367675781,544.4435882568359,37.78887939453125,70.78628540039062
IMG_0028.mp4,884,29.466666666666665,30.0,216,1,traffic_lights,0.3151012063026428,525.7532348632812,237.6717529296875,564.8157348632812,324.2402648925781,545.2844848632812,280.9560089111328,39.0625,86.56851196289062
IMG_0028.mp4,885,29.5,30.0,350,1,traffic_lights,0.9221007823944092,1493.249755859375,319.1514892578125,1569.28955078125,455.5909729003906,1531.2696533203125,387.37123107910156,76.039794921875,136.43948364257812
IMG_0028.mp4,885,29.5,30.0,368,2,traffic_signs,0.9298539757728577,1654.5802001953125,314.1025085449219,1778.1158447265625,450.8009033203125,1716.3480224609375,382.4517059326172,123.53564453125,136.69839477539062
IMG_0028.mp4,885,29.5,30.0,372,2,traffic_signs,0.960358738899231,1504.8460693359375,200.61134338378906,1573.260498046875,301.23974609375,1539.0532836914062,250.92554473876953,68.4144287109375,100.62840270996094
IMG_0028.mp4,885,29.5,30.0,298,2,traffic_signs,0.8735558390617371,665.2317504882812,510.438232421875,703.456787109375,581.8331909179688,684.3442687988281,546.1357116699219,38.22503662109375,71.39495849609375
IMG_0028.mp4,885,29.5,30.0,216,1,traffic_lights,0.5029542446136475,521.676513671875,238.3848114013672,561.8059692382812,325.1158752441406,541.7412414550781,281.7503433227539,40.12945556640625,86.73106384277344
IMG_0028.mp4,886,29.533333333333335,30.0,350,1,traffic_lights,0.9294313788414001,1488.62744140625,320.360595703125,1565.095703125,456.56146240234375,1526.861572265625,388.4610290527344,76.46826171875,136.20086669921875
IMG_0028.mp4,886,29.533333333333335,30.0,368,2,traffic_signs,0.9536650776863098,1650.59619140625,314.8318176269531,1773.60791015625,451.66400146484375,1712.10205078125,383.24790954589844,123.01171875,136.83218383789062
IMG_0028.mp4,886,29.533333333333335,30.0,372,2,traffic_signs,0.8887144923210144,1501.05224609375,200.4604034423828,1569.0662841796875,301.3492736816406,1535.0592651367188,250.90483856201172,68.0140380859375,100.88887023925781
IMG_0028.mp4,886,29.533333333333335,30.0,298,2,traffic_signs,0.8937118053436279,659.298583984375,512.1942138671875,697.5303344726562,582.9976196289062,678.4144592285156,547.5959167480469,38.23175048828125,70.80340576171875
IMG_0028.mp4,886,29.533333333333335,30.0,216,1,traffic_lights,0.4661959707736969,515.890869140625,238.9307403564453,555.5237426757812,325.8585510253906,535.7073059082031,282.39464569091797,39.63287353515625,86.92781066894531
IMG_0028.mp4,887,29.566666666666666,30.0,350,1,traffic_lights,0.9409031867980957,1483.9573974609375,318.26751708984375,1560.6463623046875,457.1166076660156,1522.3018798828125,387.6920623779297,76.68896484375,138.84909057617188
IMG_0028.mp4,887,29.566666666666666,30.0,368,2,traffic_signs,0.9564671516418457,1645.787841796875,314.3929443359375,1770.2227783203125,451.5263671875,1708.0053100585938,382.95965576171875,124.4349365234375,137.1334228515625
IMG_0028.mp4,887,29.566666666666666,30.0,372,2,traffic_signs,0.953376054763794,1496.077392578125,199.9059600830078,1564.588134765625,301.09783935546875,1530.332763671875,250.50189971923828,68.5107421875,101.19187927246094
IMG_0028.mp4,887,29.566666666666666,30.0,298,2,traffic_signs,0.8893864750862122,653.2670288085938,512.5980834960938,691.6907348632812,583.7870483398438,672.4788818359375,548.1925659179688,38.4237060546875,71.18896484375
IMG_0028.mp4,887,29.566666666666666,30.0,426,0,auth_label,0.8898804783821106,1770.166259765625,367.8690185546875,1911.8358154296875,788.2501831054688,1841.0010375976562,578.0596008300781,141.6695556640625,420.38116455078125
IMG_0028.mp4,887,29.566666666666666,30.0,427,1,traffic_lights,0.4950619041919708,0.0,8.596137046813965,107.89842987060547,73.16166687011719,53.949214935302734,40.878901958465576,107.89842987060547,64.56552982330322
IMG_0028.mp4,888,29.6,30.0,350,1,traffic_lights,0.9186833500862122,1479.1624755859375,316.41168212890625,1555.0963134765625,457.1618347167969,1517.12939453125,386.78675842285156,75.933837890625,140.75015258789062
IMG_0028.mp4,888,29.6,30.0,368,2,traffic_signs,0.9542534351348877,1640.6309814453125,313.92144775390625,1765.14501953125,451.5213317871094,1702.8880004882812,382.7213897705078,124.5140380859375,137.59988403320312
IMG_0028.mp4,888,29.6,30.0,372,2,traffic_signs,0.9589188694953918,1491.4869384765625,199.04544067382812,1559.2769775390625,300.0816345214844,1525.3819580078125,249.56353759765625,67.7900390625,101.03619384765625
IMG_0028.mp4,888,29.6,30.0,298,2,traffic_signs,0.8751021027565002,647.1648559570312,513.4783325195312,685.43896484375,583.893310546875,666.3019104003906,548.6858215332031,38.27410888671875,70.41497802734375
IMG_0028.mp4,888,29.6,30.0,426,0,auth_label,0.7764663100242615,1765.97265625,368.1571960449219,1905.8822021484375,786.4340209960938,1835.9274291992188,577.2956085205078,139.9095458984375,418.2768249511719
IMG_0028.mp4,888,29.6,30.0,427,1,traffic_lights,0.686397135257721,0.0,8.748539924621582,100.96598815917969,72.1642837524414,50.482994079589844,40.456411838531494,100.96598815917969,63.415743827819824
IMG_0028.mp4,889,29.633333333333333,30.0,350,1,traffic_lights,0.9277858138084412,1473.8524169921875,316.5605773925781,1549.5977783203125,457.5180358886719,1511.72509765625,387.039306640625,75.745361328125,140.95745849609375
IMG_0028.mp4,889,29.633333333333333,30.0,368,2,traffic_signs,0.9538737535476685,1635.4742431640625,313.52703857421875,1759.606689453125,452.25848388671875,1697.5404663085938,382.89276123046875,124.1324462890625,138.7314453125
IMG_0028.mp4,889,29.633333333333333,30.0,372,2,traffic_signs,0.9552047252655029,1485.1864013671875,198.45187377929688,1553.804443359375,299.86700439453125,1519.4954223632812,249.15943908691406,68.6180419921875,101.41513061523438
IMG_0028.mp4,889,29.633333333333333,30.0,298,2,traffic_signs,0.893849790096283,641.3154907226562,513.3401489257812,679.5404052734375,584.49609375,660.4279479980469,548.9181213378906,38.22491455078125,71.15594482421875
IMG_0028.mp4,889,29.633333333333333,30.0,426,0,auth_label,0.9458202123641968,1763.8267822265625,367.9682922363281,1900.445556640625,785.8958740234375,1832.1361694335938,576.9320831298828,136.6187744140625,417.9275817871094
IMG_0028.mp4,889,29.633333333333333,30.0,427,1,traffic_lights,0.6280485987663269,0.16750313341617584,10.781038284301758,93.60057830810547,71.4354019165039,46.88404072076082,41.10822010040283,93.4330751746893,60.65436363220215
IMG_0028.mp4,889,29.633333333333333,30.0,429,1,traffic_lights,0.7050091624259949,0.0,34.19564437866211,95.66278839111328,70.061279296875,47.83139419555664,52.128461837768555,95.66278839111328,35.86563491821289
IMG_0028.mp4,889,29.633333333333333,30.0,216,1,traffic_lights,0.43728792667388916,497.2074890136719,236.40321350097656,538.4580078125,323.9749755859375,517.8327484130859,280.18909454345703,41.250518798828125,87.57176208496094
IMG_0028.mp4,890,29.666666666666668,30.0,350,1,traffic_lights,0.9350119233131409,1467.3856201171875,317.1548156738281,1543.2628173828125,458.2543029785156,1505.32421875,387.7045593261719,75.877197265625,141.0994873046875
IMG_0028.mp4,890,29.666666666666668,30.0,368,2,traffic_signs,0.9428582787513733,1629.775634765625,313.7808532714844,1753.2701416015625,452.4685974121094,1691.5228881835938,383.1247253417969,123.4945068359375,138.687744140625
IMG_0028.mp4,890,29.666666666666668,30.0,372,2,traffic_signs,0.9507554769515991,1479.60205078125,198.425537109375,1547.808349609375,299.64459228515625,1513.7052001953125,249.03506469726562,68.206298828125,101.21905517578125
IMG_0028.mp4,890,29.666666666666668,30.0,298,2,traffic_signs,0.8634944558143616,635.1568603515625,512.7192993164062,673.1763305664062,585.30126953125,654.1665954589844,549.0102844238281,38.01947021484375,72.58197021484375
IMG_0028.mp4,890,29.666666666666668,30.0,426,0,auth_label,0.9682543277740479,1753.822998046875,367.534912109375,1893.78662109375,786.566650390625,1823.8048095703125,577.05078125,139.963623046875,419.03173828125
IMG_0028.mp4,890,29.666666666666668,30.0,429,1,traffic_lights,0.8333541750907898,0.0,37.22023010253906,87.55603790283203,68.73272705078125,43.778018951416016,52.976478576660156,87.55603790283203,31.512496948242188
IMG_0028.mp4,891,29.7,30.0,350,1,traffic_lights,0.6361147165298462,1461.3726806640625,316.6216125488281,1537.957763671875,457.6240234375,1499.6652221679688,387.12281799316406,76.5850830078125,141.00241088867188
IMG_0028.mp4,891,29.7,30.0,368,2,traffic_signs,0.9494190216064453,1623.9364013671875,314.16680908203125,1747.363037109375,452.3460998535156,1685.6497192382812,383.25645446777344,123.4266357421875,138.17929077148438
IMG_0028.mp4,891,29.7,30.0,372,2,traffic_signs,0.9519236087799072,1473.6614990234375,198.1605224609375,1542.15625,299.8367919921875,1507.9088745117188,248.9986572265625,68.4947509765625,101.67626953125
IMG_0028.mp4,891,29.7,30.0,298,2,traffic_signs,0.8339684009552002,627.9390258789062,511.71942138671875,667.386962890625,587.8424682617188,647.6629943847656,549.7809448242188,39.44793701171875,76.123046875
IMG_0028.mp4,891,29.7,30.0,426,0,auth_label,0.4391445219516754,1737.940673828125,365.7924499511719,1887.916015625,787.62451171875,1812.9283447265625,576.7084808349609,149.975341796875,421.8320617675781
IMG_0028.mp4,891,29.7,30.0,429,1,traffic_lights,0.6969852447509766,0.0,39.425411224365234,78.76211547851562,65.918212890625,39.38105773925781,52.67181205749512,78.76211547851562,26.492801666259766
IMG_0028.mp4,892,29.733333333333334,30.0,350,1,traffic_lights,0.9330963492393494,1455.515380859375,315.82421875,1531.026123046875,456.7576904296875,1493.270751953125,386.29095458984375,75.5107421875,140.9334716796875
IMG_0028.mp4,892,29.733333333333334,30.0,368,2,traffic_signs,0.951781153678894,1617.0518798828125,313.3559265136719,1741.40380859375,451.7142333984375,1679.2278442382812,382.5350799560547,124.3519287109375,138.35830688476562
IMG_0028.mp4,892,29.733333333333334,30.0,372,2,traffic_signs,0.9556962847709656,1467.92626953125,197.73934936523438,1535.984130859375,299.05303955078125,1501.9552001953125,248.3961944580078,68.057861328125,101.31369018554688
IMG_0028.mp4,892,29.733333333333334,30.0,298,2,traffic_signs,0.8696789145469666,621.705078125,511.4870300292969,660.427490234375,586.0595703125,641.0662841796875,548.7733001708984,38.722412109375,74.57254028320312
IMG_0028.mp4,892,29.733333333333334,30.0,426,0,auth_label,0.8429402112960815,1733.77978515625,365.48614501953125,1881.15966796875,786.565673828125,1807.4697265625,576.0259094238281,147.3798828125,421.07952880859375
IMG_0028.mp4,892,29.733333333333334,30.0,429,1,traffic_lights,0.6940729022026062,0.0,36.646549224853516,71.4957046508789,65.92974853515625,35.74785232543945,51.28814888000488,71.4957046508789,29.283199310302734
IMG_0028.mp4,893,29.766666666666666,30.0,350,1,traffic_lights,0.908927857875824,1448.729736328125,315.13922119140625,1524.736083984375,454.89544677734375,1486.73291015625,385.017333984375,76.00634765625,139.7562255859375
IMG_0028.mp4,893,29.766666666666666,30.0,368,2,traffic_signs,0.9519967436790466,1610.38525390625,312.0986633300781,1735.3048095703125,450.533447265625,1672.8450317382812,381.31605529785156,124.9195556640625,138.43478393554688
IMG_0028.mp4,893,29.766666666666666,30.0,372,2,traffic_signs,0.9516735076904297,1460.6414794921875,196.8400421142578,1529.376708984375,298.60040283203125,1495.0090942382812,247.72022247314453,68.7352294921875,101.76036071777344
IMG_0028.mp4,893,29.766666666666666,30.0,298,2,traffic_signs,0.6880213618278503,615.1124267578125,510.9678039550781,654.5580444335938,583.3236694335938,634.8352355957031,547.1457366943359,39.44561767578125,72.35586547851562
IMG_0028.mp4,893,29.766666666666666,30.0,426,0,auth_label,0.7030841708183289,1731.2935791015625,355.3938903808594,1874.9559326171875,786.826171875,1803.124755859375,571.1100311279297,143.662353515625,431.4322814941406
IMG_0028.mp4,893,29.766666666666666,30.0,429,1,traffic_lights,0.46539008617401123,0.0,35.20454025268555,63.138267517089844,63.69937515258789,31.569133758544922,49.45195770263672,63.138267517089844,28.494834899902344
IMG_0028.mp4,893,29.766666666666666,30.0,216,1,traffic_lights,0.36603012681007385,473.02734375,235.1393280029297,513.3944702148438,320.50787353515625,493.2109069824219,277.82360076904297,40.36712646484375,85.36854553222656
IMG_0028.mp4,894,29.8,30.0,350,1,traffic_lights,0.9354473352432251,1442.4090576171875,314.5320739746094,1518.852294921875,454.2521667480469,1480.6306762695312,384.3921203613281,76.4432373046875,139.7200927734375
IMG_0028.mp4,894,29.8,30.0,368,2,traffic_signs,0.9398319125175476,1605.522705078125,310.967041015625,1729.7127685546875,449.9482727050781,1667.6177368164062,380.45765686035156,124.1900634765625,138.98123168945312
IMG_0028.mp4,894,29.8,30.0,372,2,traffic_signs,0.9442248940467834,1455.1334228515625,195.5139617919922,1523.497314453125,297.5352478027344,1489.3153686523438,246.52460479736328,68.3638916015625,102.02128601074219
IMG_0028.mp4,894,29.8,30.0,298,2,traffic_signs,0.8758244514465332,607.8775024414062,509.30755615234375,645.5972900390625,582.9100952148438,626.7373962402344,546.1088256835938,37.71978759765625,73.6025390625
IMG_0028.mp4,894,29.8,30.0,426,0,auth_label,0.5300280451774597,1728.3162841796875,360.8008728027344,1868.957763671875,785.8324584960938,1798.6370239257812,573.3166656494141,140.6414794921875,425.0315856933594
IMG_0028.mp4,895,29.833333333333332,30.0,350,1,traffic_lights,0.8795148134231567,1436.2332763671875,312.443603515625,1513.7586669921875,453.01190185546875,1474.9959716796875,382.7277526855469,77.525390625,140.56829833984375
IMG_0028.mp4,895,29.833333333333332,30.0,368,2,traffic_signs,0.9481106400489807,1599.1256103515625,309.7674560546875,1723.9476318359375,448.58758544921875,1661.53662109375,379.1775207519531,124.822021484375,138.82012939453125
IMG_0028.mp4,895,29.833333333333332,30.0,372,2,traffic_signs,0.9449513554573059,1448.5633544921875,194.2337188720703,1517.489013671875,295.68377685546875,1483.0261840820312,244.95874786376953,68.9256591796875,101.45005798339844
IMG_0028.mp4,895,29.833333333333332,30.0,298,2,traffic_signs,0.7967851758003235,599.34619140625,509.8292236328125,638.1948852539062,583.1419677734375,618.7705383300781,546.485595703125,38.84869384765625,73.312744140625
IMG_0028.mp4,895,29.833333333333332,30.0,426,0,auth_label,0.27562421560287476,1703.550537109375,355.6974182128906,1861.795654296875,788.550537109375,1782.673095703125,572.1239776611328,158.2451171875,432.8531188964844
IMG_0028.mp4,896,29.866666666666667,30.0,350,1,traffic_lights,0.9048685431480408,1430.038818359375,310.5978088378906,1507.202880859375,453.3768005371094,1468.620849609375,381.9873046875,77.1640625,142.77899169921875
IMG_0028.mp4,896,29.866666666666667,30.0,368,2,traffic_signs,0.9427385330200195,1592.6593017578125,309.21710205078125,1718.122314453125,449.0827331542969,1655.3908081054688,379.14991760253906,125.4630126953125,139.86563110351562
IMG_0028.mp4,896,29.866666666666667,30.0,372,2,traffic_signs,0.9515337944030762,1442.60205078125,193.55117797851562,1511.191650390625,294.52880859375,1476.8968505859375,244.0399932861328,68.589599609375,100.97763061523438
IMG_0028.mp4,896,29.866666666666667,30.0,298,2,traffic_signs,0.742768406867981,590.2464599609375,510.19354248046875,631.4790649414062,585.4852294921875,610.8627624511719,547.8393859863281,41.23260498046875,75.29168701171875
IMG_0028.mp4,896,29.866666666666667,30.0,426,0,auth_label,0.5248257517814636,1700.662353515625,342.9912414550781,1856.1929931640625,789.2796630859375,1778.4276733398438,566.1354522705078,155.5306396484375,446.2884216308594
IMG_0028.mp4,897,29.9,30.0,350,1,traffic_lights,0.8371418714523315,1422.57177734375,310.4261169433594,1500.652099609375,453.25665283203125,1461.6119384765625,381.8413848876953,78.080322265625,142.83053588867188
IMG_0028.mp4,897,29.9,30.0,368,2,traffic_signs,0.9476691484451294,1586.056396484375,309.0709533691406,1711.9566650390625,449.83837890625,1649.0065307617188,379.4546661376953,125.9002685546875,140.76742553710938
IMG_0028.mp4,897,29.9,30.0,372,2,traffic_signs,0.9451245665550232,1435.3890380859375,192.55467224121094,1504.667724609375,293.8332824707031,1470.0283813476562,243.19397735595703,69.2786865234375,101.27861022949219
IMG_0028.mp4,897,29.9,30.0,298,2,traffic_signs,0.8608501553535461,582.766845703125,509.8824768066406,622.1331176757812,585.918212890625,602.4499816894531,547.9003448486328,39.36627197265625,76.03573608398438
IMG_0028.mp4,897,29.9,30.0,426,0,auth_label,0.6080203056335449,1701.40869140625,315.0927734375,1848.692626953125,789.7757568359375,1775.0506591796875,552.4342651367188,147.283935546875,474.6829833984375
IMG_0028.mp4,898,29.933333333333334,30.0,350,1,traffic_lights,0.881659746170044,1415.6439208984375,310.72576904296875,1493.4345703125,453.0354919433594,1454.5392456054688,381.88063049316406,77.7906494140625,142.30972290039062
IMG_0028.mp4,898,29.933333333333334,30.0,368,2,traffic_signs,0.933144211769104,1580.1754150390625,308.5997619628906,1704.97216796875,451.0589904785156,1642.5737915039062,379.8293762207031,124.7967529296875,142.459228515625
IMG_0028.mp4,898,29.933333333333334,30.0,372,2,traffic_signs,0.9450579881668091,1428.6373291015625,191.4821319580078,1497.8072509765625,293.6806335449219,1463.2222900390625,242.58138275146484,69.169921875,102.19850158691406
IMG_0028.mp4,898,29.933333333333334,30.0,298,2,traffic_signs,0.8569476008415222,573.6126098632812,511.0157775878906,614.7481689453125,586.7521362304688,594.1803894042969,548.8839569091797,41.13555908203125,75.73635864257812
IMG_0028.mp4,898,29.933333333333334,30.0,426,0,auth_label,0.8767451047897339,1694.596435546875,300.5272216796875,1841.648681640625,790.4517822265625,1768.12255859375,545.489501953125,147.05224609375,489.924560546875
IMG_0028.mp4,899,29.966666666666665,30.0,350,1,traffic_lights,0.7322630882263184,1408.2935791015625,310.1821594238281,1485.8905029296875,452.7305603027344,1447.092041015625,381.45635986328125,77.596923828125,142.54840087890625
IMG_0028.mp4,899,29.966666666666665,30.0,368,2,traffic_signs,0.9145121574401855,1572.26806640625,308.4291076660156,1697.94384765625,450.4962158203125,1635.10595703125,379.46266174316406,125.67578125,142.06710815429688
IMG_0028.mp4,899,29.966666666666665,30.0,372,2,traffic_signs,0.9465294480323792,1421.4678955078125,190.8737030029297,1490.4114990234375,293.2976379394531,1455.939697265625,242.0856704711914,68.943603515625,102.42393493652344
IMG_0028.mp4,899,29.966666666666665,30.0,298,2,traffic_signs,0.6761642098426819,564.3635864257812,511.107421875,607.5213623046875,586.123779296875,585.9424743652344,548.6156005859375,43.15777587890625,75.016357421875
IMG_0028.mp4,899,29.966666666666665,30.0,426,0,auth_label,0.5450296998023987,1668.2664794921875,284.7457580566406,1834.090576171875,790.76513671875,1751.1785278320312,537.7554473876953,165.8240966796875,506.0193786621094
IMG_0028.mp4,899,29.966666666666665,30.0,216,1,traffic_lights,0.3209852874279022,426.1463928222656,229.23684692382812,466.0055847167969,318.604248046875,446.07598876953125,273.92054748535156,39.85919189453125,89.36740112304688
IMG_0028.mp4,900,30.0,30.0,350,1,traffic_lights,0.7411532998085022,1401.14697265625,309.4864196777344,1478.732421875,451.3669128417969,1439.939697265625,380.4266662597656,77.58544921875,141.8804931640625
IMG_0028.mp4,900,30.0,30.0,368,2,traffic_signs,0.9310539364814758,1563.6519775390625,307.9364929199219,1690.332275390625,450.0438537597656,1626.9921264648438,378.99017333984375,126.6802978515625,142.10736083984375
IMG_0028.mp4,900,30.0,30.0,372,2,traffic_signs,0.9223800897598267,1414.4664306640625,189.9015350341797,1483.9244384765625,292.3946838378906,1449.1954345703125,241.14810943603516,69.4580078125,102.49314880371094
IMG_0028.mp4,900,30.0,30.0,298,2,traffic_signs,0.886995255947113,557.110107421875,510.0687561035156,597.275634765625,586.3666381835938,577.19287109375,548.2176971435547,40.16552734375,76.29788208007812
IMG_0028.mp4,900,30.0,30.0,426,0,auth_label,0.769293487071991,1679.2608642578125,277.3861389160156,1825.7113037109375,791.9180297851562,1752.486083984375,534.6520843505859,146.450439453125,514.5318908691406
IMG_0028.mp4,901,30.033333333333335,30.0,350,1,traffic_lights,0.8784400820732117,1393.3662109375,307.98858642578125,1471.5068359375,451.98388671875,1432.4365234375,379.9862365722656,78.140625,143.99530029296875
IMG_0028.mp4,901,30.033333333333335,30.0,368,2,traffic_signs,0.8985419273376465,1557.1336669921875,306.9563293457031,1683.98046875,450.7088928222656,1620.5570678710938,378.8326110839844,126.8468017578125,143.7525634765625
IMG_0028.mp4,901,30.033333333333335,30.0,372,2,traffic_signs,0.9465040564537048,1407.009033203125,188.37002563476562,1476.523193359375,292.02105712890625,1441.76611328125,240.19554138183594,69.51416015625,103.65103149414062
IMG_0028.mp4,901,30.033333333333335,30.0,298,2,traffic_signs,0.8198875188827515,547.8553466796875,510.4718017578125,589.0291748046875,586.29345703125,568.4422607421875,548.3826293945312,41.173828125,75.8216552734375
IMG_0028.mp4,902,30.066666666666666,30.0,350,1,traffic_lights,0.7227305769920349,1385.4783935546875,307.4197082519531,1464.2275390625,451.4198913574219,1424.8529663085938,379.4197998046875,78.7491455078125,144.00018310546875
IMG_0028.mp4,902,30.066666666666666,30.0,368,2,traffic_signs,0.9366362690925598,1549.577392578125,306.4364318847656,1676.3658447265625,449.1789245605469,1612.9716186523438,377.80767822265625,126.7884521484375,142.74249267578125
IMG_0028.mp4,902,30.066666666666666,30.0,372,2,traffic_signs,0.9501594305038452,1399.2098388671875,187.1639404296875,1468.9920654296875,290.4009094238281,1434.1009521484375,238.7824249267578,69.7822265625,103.23696899414062
IMG_0028.mp4,902,30.066666666666666,30.0,298,2,traffic_signs,0.8343324065208435,537.7449340820312,510.3586120605469,580.9364624023438,585.3827514648438,559.3406982421875,547.8706817626953,43.1915283203125,75.02413940429688
IMG_0028.mp4,902,30.066666666666666,30.0,435,2,traffic_signs,0.8736926317214966,1898.322998046875,614.2777099609375,1916.17626953125,637.9279174804688,1907.2496337890625,626.1028137207031,17.853271484375,23.65020751953125
IMG_0028.mp4,902,30.066666666666666,30.0,216,1,traffic_lights,0.3838849663734436,395.4766845703125,223.93984985351562,439.3998718261719,316.9580383300781,417.4382781982422,270.4489440917969,43.923187255859375,93.0181884765625
IMG_0028.mp4,903,30.1,30.0,350,1,traffic_lights,0.7742949724197388,1377.5184326171875,306.584228515625,1455.9342041015625,450.1701354980469,1416.726318359375,378.37718200683594,78.415771484375,143.58590698242188
IMG_0028.mp4,903,30.1,30.0,368,2,traffic_signs,0.9444555640220642,1541.5758056640625,305.9351501464844,1668.8472900390625,448.7234802246094,1605.2115478515625,377.3293151855469,127.271484375,142.788330078125
IMG_0028.mp4,903,30.1,30.0,372,2,traffic_signs,0.9552508592605591,1391.509521484375,186.45664978027344,1461.261962890625,289.5666809082031,1426.3857421875,238.01166534423828,69.75244140625,103.11003112792969
IMG_0028.mp4,903,30.1,30.0,298,2,traffic_signs,0.8214421272277832,525.901123046875,510.1142272949219,572.110595703125,585.8480834960938,549.005859375,547.9811553955078,46.20947265625,75.73385620117188
IMG_0028.mp4,903,30.1,30.0,435,2,traffic_signs,0.8999990820884705,1889.203369140625,614.718994140625,1907.2193603515625,637.777587890625,1898.2113647460938,626.248291015625,18.0159912109375,23.05859375
IMG_0028.mp4,903,30.1,30.0,216,1,traffic_lights,0.706351101398468,387.88739013671875,222.13291931152344,430.1410827636719,314.7673645019531,409.0142364501953,268.4501419067383,42.253692626953125,92.63444519042969
IMG_0028.mp4,903,30.1,30.0,426,0,auth_label,0.6169939041137695,1658.1640625,292.6501159667969,1801.29638671875,792.9810180664062,1729.730224609375,542.8155670166016,143.13232421875,500.3309020996094
IMG_0028.mp4,904,30.133333333333333,30.0,350,1,traffic_lights,0.7008430361747742,1368.5472412109375,306.4742431640625,1447.596923828125,450.06207275390625,1408.0720825195312,378.2681579589844,79.0496826171875,143.58782958984375
IMG_0028.mp4,904,30.133333333333333,30.0,368,2,traffic_signs,0.8837078213691711,1533.5321044921875,305.5845031738281,1660.8133544921875,448.4722595214844,1597.1727294921875,377.02838134765625,127.28125,142.88775634765625
IMG_0028.mp4,904,30.133333333333333,30.0,372,2,traffic_signs,0.9472184181213379,1382.7587890625,185.3743438720703,1452.5220947265625,289.5395202636719,1417.6404418945312,237.4569320678711,69.7633056640625,104.16517639160156
IMG_0028.mp4,904,30.133333333333333,30.0,298,2,traffic_signs,0.9044442176818848,517.7347412109375,509.22369384765625,562.1177978515625,584.9950561523438,539.92626953125,547.109375,44.383056640625,75.7713623046875
IMG_0028.mp4,904,30.133333333333333,30.0,435,2,traffic_signs,0.8698452115058899,1879.22314453125,614.897216796875,1897.09765625,638.0166015625,1888.160400390625,626.4569091796875,17.87451171875,23.119384765625
IMG_0028.mp4,904,30.133333333333333,30.0,216,1,traffic_lights,0.6694579124450684,376.9585876464844,219.2416229248047,420.9464111328125,314.42803955078125,398.95249938964844,266.83483123779297,43.987823486328125,95.18641662597656
IMG_0028.mp4,904,30.133333333333333,30.0,426,0,auth_label,0.46137309074401855,1636.43896484375,311.99267578125,1792.338623046875,792.1493530273438,1714.3887939453125,552.0710144042969,155.899658203125,480.15667724609375
IMG_0028.mp4,905,30.166666666666668,30.0,350,1,traffic_lights,0.4640761911869049,1360.0926513671875,306.3539123535156,1439.66357421875,449.193115234375,1399.8781127929688,377.7735137939453,79.5709228515625,142.83920288085938
IMG_0028.mp4,905,30.166666666666668,30.0,368,2,traffic_signs,0.9027495384216309,1524.4967041015625,305.5989990234375,1652.5570068359375,448.61248779296875,1588.52685546875,377.1057434082031,128.060302734375,143.01348876953125
IMG_0028.mp4,905,30.166666666666668,30.0,372,2,traffic_signs,0.9507290124893188,1374.2459716796875,184.65980529785156,1444.3509521484375,288.6278991699219,1409.2984619140625,236.64385223388672,70.10498046875,103.96809387207031
IMG_0028.mp4,905,30.166666666666668,30.0,298,2,traffic_signs,0.9047517776489258,509.20947265625,508.7001953125,552.2042846679688,584.3355102539062,530.7068786621094,546.5178527832031,42.99481201171875,75.63531494140625
IMG_0028.mp4,905,30.166666666666668,30.0,435,2,traffic_signs,0.8627053499221802,1869.4918212890625,615.3095092773438,1887.033935546875,639.2513427734375,1878.2628784179688,627.2804260253906,17.5421142578125,23.94183349609375
IMG_0028.mp4,905,30.166666666666668,30.0,216,1,traffic_lights,0.46038001775741577,366.4399108886719,216.53005981445312,411.6470642089844,314.4178466796875,389.0434875488281,265.4739532470703,45.2071533203125,97.88778686523438
IMG_0028.mp4,906,30.2,30.0,350,1,traffic_lights,0.6071755886077881,1351.27783203125,305.11761474609375,1431.32275390625,449.4364318847656,1391.30029296875,377.2770233154297,80.044921875,144.31881713867188
IMG_0028.mp4,906,30.2,30.0,368,2,traffic_signs,0.9293403625488281,1516.043701171875,305.67156982421875,1645.16796875,448.498046875,1580.6058349609375,377.0848083496094,129.124267578125,142.82647705078125
IMG_0028.mp4,906,30.2,30.0,372,2,traffic_signs,0.9567767381668091,1366.5474853515625,183.7681427001953,1436.9337158203125,288.290283203125,1401.7406005859375,236.02921295166016,70.38623046875,104.52214050292969
IMG_0028.mp4,906,30.2,30.0,298,2,traffic_signs,0.8535347580909729,499.20147705078125,510.29046630859375,541.7958984375,584.2199096679688,520.4986877441406,547.2551879882812,42.59442138671875,73.929443359375
IMG_0028.mp4,906,30.2,30.0,435,2,traffic_signs,0.8433921933174133,1860.781982421875,616.4428100585938,1877.9307861328125,640.9244995117188,1869.3563842773438,628.6836547851562,17.1488037109375,24.481689453125
IMG_0028.mp4,907,30.233333333333334,30.0,350,1,traffic_lights,0.5954832434654236,1343.1312255859375,304.3028869628906,1423.44677734375,449.8260192871094,1383.2890014648438,377.064453125,80.3155517578125,145.52313232421875
IMG_0028.mp4,907,30.233333333333334,30.0,368,2,traffic_signs,0.48232516646385193,1508.716552734375,304.10260009765625,1639.1795654296875,449.9205322265625,1573.9480590820312,377.0115661621094,130.4630126953125,145.81793212890625
IMG_0028.mp4,907,30.233333333333334,30.0,372,2,traffic_signs,0.946123480796814,1358.707275390625,181.59912109375,1428.6031494140625,286.7198791503906,1393.6552124023438,234.1595001220703,69.8958740234375,105.12075805664062
IMG_0028.mp4,907,30.233333333333334,30.0,298,2,traffic_signs,0.8246274590492249,488.3999328613281,509.2261962890625,529.5538940429688,585.3098754882812,508.97691345214844,547.2680358886719,41.153961181640625,76.08367919921875
IMG_0028.mp4,907,30.233333333333334,30.0,435,2,traffic_signs,0.7709047198295593,1851.880859375,617.4632568359375,1869.3914794921875,642.4699096679688,1860.6361694335938,629.9665832519531,17.5106201171875,25.00665283203125
IMG_0028.mp4,907,30.233333333333334,30.0,440,1,traffic_lights,0.43819037079811096,434.3251953125,529.2152099609375,460.9552307128906,612.0670776367188,447.6402130126953,570.6411437988281,26.630035400390625,82.85186767578125
IMG_0028.mp4,907,30.233333333333334,30.0,216,1,traffic_lights,0.6124585866928101,345.0492248535156,215.13401794433594,390.6497802734375,312.37957763671875,367.84950256347656,263.75679779052734,45.600555419921875,97.24555969238281
IMG_0028.mp4,908,30.266666666666666,30.0,350,1,traffic_lights,0.672184407711029,1334.28515625,302.1582946777344,1414.447265625,447.9406433105469,1374.3662109375,375.0494689941406,80.162109375,145.7823486328125
IMG_0028.mp4,908,30.266666666666666,30.0,368,2,traffic_signs,0.9237804412841797,1499.81982421875,303.2135314941406,1629.978515625,448.29058837890625,1564.899169921875,375.75205993652344,130.15869140625,145.07705688476562
IMG_0028.mp4,908,30.266666666666666,30.0,372,2,traffic_signs,0.9440551400184631,1349.8741455078125,180.2749481201172,1419.73046875,285.5140075683594,1384.8023071289062,232.89447784423828,69.8563232421875,105.23905944824219
IMG_0028.mp4,908,30.266666666666666,30.0,298,2,traffic_signs,0.8222522735595703,478.0772705078125,507.9255676269531,517.9176025390625,585.5097045898438,497.9974365234375,546.7176361083984,39.84033203125,77.58413696289062
IMG_0028.mp4,908,30.266666666666666,30.0,435,2,traffic_signs,0.8409289717674255,1841.8951416015625,617.810546875,1859.5008544921875,642.5228881835938,1850.697998046875,630.1667175292969,17.605712890625,24.71234130859375
IMG_0028.mp4,909,30.3,30.0,350,1,traffic_lights,0.8166552782058716,1324.6876220703125,301.3148193359375,1405.0145263671875,446.4426574707031,1364.85107421875,373.8787384033203,80.326904296875,145.12783813476562
IMG_0028.mp4,909,30.3,30.0,368,2,traffic_signs,0.9496431350708008,1490.79443359375,302.70941162109375,1620.7935791015625,447.59405517578125,1555.7940063476562,375.1517333984375,129.9991455078125,144.8846435546875
IMG_0028.mp4,909,30.3,30.0,372,2,traffic_signs,0.9275470972061157,1340.10888671875,179.16371154785156,1410.4730224609375,284.8240051269531,1375.2909545898438,231.99385833740234,70.3641357421875,105.66029357910156
IMG_0028.mp4,909,30.3,30.0,298,2,traffic_signs,0.8854907155036926,468.6907043457031,507.24786376953125,506.7820739746094,584.4424438476562,487.73638916015625,545.8451538085938,38.09136962890625,77.194580078125
IMG_0028.mp4,909,30.3,30.0,435,2,traffic_signs,0.8291457891464233,1831.279052734375,618.2237548828125,1848.700439453125,642.6626586914062,1839.98974609375,630.4432067871094,17.42138671875,24.43890380859375
IMG_0028.mp4,909,30.3,30.0,426,0,auth_label,0.4595687687397003,1606.49609375,298.75958251953125,1755.348876953125,799.2605590820312,1680.9224853515625,549.0100708007812,148.852783203125,500.5009765625
IMG_0028.mp4,909,30.3,30.0,216,1,traffic_lights,0.27500277757644653,325.9072265625,215.38827514648438,369.4792785644531,309.04486083984375,347.69325256347656,262.21656799316406,43.572052001953125,93.65658569335938
IMG_0028.mp4,910,30.333333333333332,30.0,350,1,traffic_lights,0.46421682834625244,1315.1278076171875,301.311279296875,1396.0494384765625,445.5155944824219,1355.588623046875,373.41343688964844,80.921630859375,144.20431518554688
IMG_0028.mp4,910,30.333333333333332,30.0,368,2,traffic_signs,0.8134557008743286,1482.4654541015625,301.9166564941406,1612.66259765625,449.09912109375,1547.5640258789062,375.5078887939453,130.1971435546875,147.18246459960938
IMG_0028.mp4,910,30.333333333333332,30.0,372,2,traffic_signs,0.942456066608429,1330.9056396484375,177.9652099609375,1401.3184814453125,283.8984680175781,1366.112060546875,230.9318389892578,70.412841796875,105.93325805664062
IMG_0028.mp4,910,30.333333333333332,30.0,298,2,traffic_signs,0.8664923906326294,458.1686706542969,506.1184387207031,494.90631103515625,585.6516723632812,476.53749084472656,545.8850555419922,36.737640380859375,79.53323364257812
IMG_0028.mp4,910,30.333333333333332,30.0,435,2,traffic_signs,0.8335192203521729,1821.3818359375,618.9548950195312,1838.791015625,643.2639770507812,1830.08642578125,631.1094360351562,17.4091796875,24.30908203125
IMG_0028.mp4,910,30.333333333333332,30.0,441,2,traffic_signs,0.9008501172065735,1883.59033203125,564.4759521484375,1914.541015625,636.8175048828125,1899.065673828125,600.646728515625,30.95068359375,72.341552734375
IMG_0028.mp4,910,30.333333333333332,30.0,426,0,auth_label,0.35330843925476074,1590.4700927734375,298.21331787109375,1741.6575927734375,797.4821166992188,1666.0638427734375,547.8477172851562,151.1875,499.268798828125
IMG_0028.mp4,911,30.366666666666667,30.0,350,1,traffic_lights,0.45087146759033203,1305.5853271484375,300.3375244140625,1386.062744140625,445.5345458984375,1345.8240356445312,372.93603515625,80.4774169921875,145.197021484375
IMG_0028.mp4,911,30.366666666666667,30.0,368,2,traffic_signs,0.8989871144294739,1471.728271484375,301.0032043457031,1603.90625,447.36029052734375,1537.8172607421875,374.18174743652344,132.177978515625,146.35708618164062
IMG_0028.mp4,911,30.366666666666667,30.0,372,2,traffic_signs,0.947674036026001,1322.4617919921875,177.05789184570312,1392.335693359375,283.03631591796875,1357.3987426757812,230.04710388183594,69.8739013671875,105.97842407226562
IMG_0028.mp4,911,30.366666666666667,30.0,298,2,traffic_signs,0.8890805244445801,447.124755859375,506.0595397949219,481.47296142578125,585.5802001953125,464.2988586425781,545.8198699951172,34.34820556640625,79.52066040039062
IMG_0028.mp4,911,30.366666666666667,30.0,435,2,traffic_signs,0.8449403047561646,1811.7191162109375,619.5673217773438,1829.109375,644.4365234375,1820.4142456054688,632.0019226074219,17.3902587890625,24.86920166015625
IMG_0028.mp4,911,30.366666666666667,30.0,441,2,traffic_signs,0.7683289051055908,1873.822021484375,567.1597290039062,1909.32080078125,637.1119995117188,1891.5714111328125,602.1358642578125,35.498779296875,69.9522705078125
IMG_0028.mp4,911,30.366666666666667,30.0,216,1,traffic_lights,0.5714606642723083,303.1532287597656,213.49813842773438,348.2944641113281,307.0632019042969,325.7238464355469,260.2806701660156,45.1412353515625,93.5650634765625
IMG_0028.mp4,912,30.4,30.0,368,2,traffic_signs,0.9136077165603638,1462.9124755859375,299.8255615234375,1594.4263916015625,447.3503723144531,1528.66943359375,373.5879669189453,131.513916015625,147.52481079101562
IMG_0028.mp4,912,30.4,30.0,372,2,traffic_signs,0.8869985938072205,1312.7369384765625,175.14569091796875,1382.9720458984375,281.4560852050781,1347.8544921875,228.30088806152344,70.235107421875,106.31039428710938
IMG_0028.mp4,912,30.4,30.0,298,2,traffic_signs,0.875622034072876,436.74639892578125,506.35272216796875,466.2607727050781,585.528076171875,451.5035858154297,545.9403991699219,29.514373779296875,79.17535400390625
IMG_0028.mp4,912,30.4,30.0,435,2,traffic_signs,0.8659249544143677,1801.5302734375,619.8618774414062,1819.035888671875,644.3626708984375,1810.2830810546875,632.1122741699219,17.505615234375,24.50079345703125
IMG_0028.mp4,912,30.4,30.0,441,2,traffic_signs,0.44329679012298584,1863.142822265625,575.1154174804688,1908.289794921875,635.5453491210938,1885.71630859375,605.3303833007812,45.14697265625,60.429931640625
IMG_0028.mp4,912,30.4,30.0,426,0,auth_label,0.7184224724769592,1591.1016845703125,318.55059814453125,1720.9666748046875,796.7560424804688,1656.0341796875,557.6533203125,129.864990234375,478.2054443359375
IMG_0028.mp4,913,30.433333333333334,30.0,368,2,traffic_signs,0.907547116279602,1453.44482421875,298.9493713378906,1584.9639892578125,446.3859558105469,1519.2044067382812,372.66766357421875,131.5191650390625,147.43658447265625
IMG_0028.mp4,913,30.433333333333334,30.0,372,2,traffic_signs,0.9555522799491882,1302.3697509765625,173.73915100097656,1373.490234375,279.7769775390625,1337.9299926757812,226.75806427001953,71.1204833984375,106.03782653808594
IMG_0028.mp4,913,30.433333333333334,30.0,298,2,traffic_signs,0.8117057681083679,426.8616027832031,511.44268798828125,448.68145751953125,582.32666015625,437.7715301513672,546.8846740722656,21.819854736328125,70.88397216796875
IMG_0028.mp4,913,30.433333333333334,30.0,435,2,traffic_signs,0.645060122013092,1790.8134765625,619.7937622070312,1808.331787109375,644.2447509765625,1799.5726318359375,632.0192565917969,17.518310546875,24.45098876953125
IMG_0028.mp4,913,30.433333333333334,30.0,441,2,traffic_signs,0.7099681496620178,1852.026611328125,569.5609741210938,1895.8804931640625,636.664794921875,1873.9535522460938,603.1128845214844,43.8538818359375,67.10382080078125
IMG_0028.mp4,913,30.433333333333334,30.0,350,1,traffic_lights,0.5131939053535461,1286.07373046875,295.2754821777344,1366.59326171875,444.7737121582031,1326.33349609375,370.02459716796875,80.51953125,149.49822998046875
IMG_0028.mp4,913,30.433333333333334,30.0,216,1,traffic_lights,0.627436637878418,280.30023193359375,210.63133239746094,326.4952392578125,305.748291015625,303.3977355957031,258.18981170654297,46.19500732421875,95.11695861816406
IMG_0028.mp4,914,30.466666666666665,30.0,368,2,traffic_signs,0.8985194563865662,1444.6983642578125,298.0473327636719,1574.8079833984375,444.7422790527344,1509.753173828125,371.3948059082031,130.109619140625,146.6949462890625
IMG_0028.mp4,914,30.466666666666665,30.0,372,2,traffic_signs,0.9225799441337585,1292.0250244140625,172.27914428710938,1363.418701171875,278.9219665527344,1327.7218627929688,225.60055541992188,71.3936767578125,106.642822265625
IMG_0028.mp4,914,30.466666666666665,30.0,435,2,traffic_signs,0.8280981183052063,1780.4898681640625,620.8026733398438,1797.649658203125,644.8507690429688,1789.0697631835938,632.8267211914062,17.1597900390625,24.048095703125
IMG_0028.mp4,914,30.466666666666665,30.0,441,2,traffic_signs,0.7055867314338684,1841.7884521484375,572.3801879882812,1888.623779296875,635.7473754882812,1865.2061157226562,604.0637817382812,46.8353271484375,63.3671875
IMG_0028.mp4,914,30.466666666666665,30.0,350,1,traffic_lights,0.7681643962860107,1275.69189453125,295.8919982910156,1356.692626953125,443.2191162109375,1316.1922607421875,369.55555725097656,81.000732421875,147.32711791992188
IMG_0028.mp4,914,30.466666666666665,30.0,426,0,auth_label,0.34727808833122253,1558.59326171875,320.04815673828125,1701.2032470703125,802.662109375,1629.8982543945312,561.3551330566406,142.6099853515625,482.61395263671875
IMG_0028.mp4,915,30.5,30.0,368,2,traffic_signs,0.8241758942604065,1434.7015380859375,296.02728271484375,1566.2916259765625,445.7970275878906,1500.49658203125,370.9121551513672,131.590087890625,149.76974487304688
IMG_0028.mp4,915,30.5,30.0,372,2,traffic_signs,0.9491210579872131,1281.992431640625,170.19967651367188,1353.4052734375,277.6022644042969,1317.6988525390625,223.90097045898438,71.412841796875,107.402587890625
IMG_0028.mp4,915,30.5,30.0,435,2,traffic_signs,0.8155732750892639,1770.472900390625,622.1666870117188,1787.04736328125,646.2398071289062,1778.7601318359375,634.2032470703125,16.574462890625,24.0731201171875
IMG_0028.mp4,915,30.5,30.0,441,2,traffic_signs,0.6703170537948608,1831.1512451171875,570.0865478515625,1873.2059326171875,637.5120849609375,1852.1785888671875,603.79931640625,42.0546875,67.425537109375
IMG_0028.mp4,915,30.5,30.0,350,1,traffic_lights,0.5145437121391296,1265.4757080078125,294.5765380859375,1347.6351318359375,442.568115234375,1306.555419921875,368.57232666015625,82.159423828125,147.9915771484375
IMG_0028.mp4,915,30.5,30.0,426,0,auth_label,0.45038992166519165,1542.3375244140625,318.791259765625,1690.80224609375,800.1659545898438,1616.5698852539062,559.4786071777344,148.4647216796875,481.37469482421875
IMG_0028.mp4,915,30.5,30.0,216,1,traffic_lights,0.7657535672187805,254.59104919433594,207.8185577392578,301.8442687988281,303.2740173339844,278.21765899658203,255.5462875366211,47.25321960449219,95.45545959472656
IMG_0028.mp4,916,30.533333333333335,30.0,368,2,traffic_signs,0.8895946741104126,1423.9114990234375,295.2366027832031,1556.34912109375,442.2728576660156,1490.1303100585938,368.7547302246094,132.4376220703125,147.0362548828125
IMG_0028.mp4,916,30.533333333333335,30.0,372,2,traffic_signs,0.9575772285461426,1272.2774658203125,169.42428588867188,1343.6993408203125,276.7197265625,1307.9884033203125,223.07200622558594,71.421875,107.29544067382812
IMG_0028.mp4,916,30.533333333333335,30.0,435,2,traffic_signs,0.8343098759651184,1760.31298828125,622.7858276367188,1776.7763671875,647.2601928710938,1768.544677734375,635.0230102539062,16.46337890625,24.474365234375
IMG_0028.mp4,916,30.533333333333335,30.0,441,2,traffic_signs,0.6839204430580139,1820.381103515625,570.2513427734375,1856.880126953125,638.3471069335938,1838.630615234375,604.2992248535156,36.4990234375,68.09576416015625
IMG_0028.mp4,916,30.533333333333335,30.0,350,1,traffic_lights,0.3669249713420868,1255.069580078125,294.722900390625,1337.515380859375,442.3280944824219,1296.29248046875,368.52549743652344,82.44580078125,147.60519409179688
IMG_0028.mp4,917,30.566666666666666,30.0,368,2,traffic_signs,0.923774003982544,1413.4327392578125,294.1137390136719,1546.141357421875,441.444091796875,1479.7870483398438,367.77891540527344,132.7086181640625,147.33035278320312
IMG_0028.mp4,917,30.566666666666666,30.0,372,2,traffic_signs,0.9473862648010254,1262.0224609375,167.44532775878906,1333.2039794921875,275.05352783203125,1297.6132202148438,221.24942779541016,71.1815185546875,107.60820007324219
IMG_0028.mp4,917,30.566666666666666,30.0,435,2,traffic_signs,0.8493927717208862,1749.3681640625,623.1483154296875,1766.3084716796875,647.5087890625,1757.8383178710938,635.3285522460938,16.9403076171875,24.3604736328125
IMG_0028.mp4,917,30.566666666666666,30.0,441,2,traffic_signs,0.7809825539588928,1809.572021484375,571.9847412109375,1853.274169921875,639.7168579101562,1831.423095703125,605.8507995605469,43.7021484375,67.73211669921875
IMG_0028.mp4,917,30.566666666666666,30.0,216,1,traffic_lights,0.6578512787818909,229.88735961914062,204.66708374023438,279.44757080078125,300.1557312011719,254.66746520996094,252.41140747070312,49.560211181640625,95.4886474609375
IMG_0028.mp4,918,30.6,30.0,368,2,traffic_signs,0.8267614245414734,1404.4273681640625,292.6128845214844,1536.8544921875,439.793212890625,1470.6409301757812,366.2030487060547,132.4271240234375,147.18032836914062
IMG_0028.mp4,918,30.6,30.0,372,2,traffic_signs,0.9529579877853394,1252.0006103515625,164.79684448242188,1323.2242431640625,273.4691162109375,1287.6124267578125,219.1329803466797,71.2236328125,108.67227172851562
IMG_0028.mp4,918,30.6,30.0,435,2,traffic_signs,0.8273592591285706,1738.945556640625,623.514404296875,1755.7523193359375,647.826904296875,1747.3489379882812,635.670654296875,16.8067626953125,24.3125
IMG_0028.mp4,918,30.6,30.0,441,2,traffic_signs,0.8313868045806885,1799.2457275390625,572.619140625,1844.8240966796875,640.2672119140625,1822.034912109375,606.4431762695312,45.578369140625,67.6480712890625
IMG_0028.mp4,918,30.6,30.0,445,2,traffic_signs,0.8695817589759827,378.5902404785156,509.1036376953125,405.3060607910156,579.59521484375,391.9481506347656,544.3494262695312,26.7158203125,70.4915771484375
IMG_0028.mp4,918,30.6,30.0,350,1,traffic_lights,0.5634303689002991,1234.7236328125,291.0543212890625,1316.833740234375,441.01556396484375,1275.7786865234375,366.0349426269531,82.110107421875,149.96124267578125
IMG_0028.mp4,919,30.633333333333333,30.0,368,2,traffic_signs,0.9287551045417786,1394.455810546875,291.8729553222656,1525.884765625,439.117919921875,1460.1702880859375,365.4954376220703,131.428955078125,147.24496459960938
IMG_0028.mp4,919,30.633333333333333,30.0,372,2,traffic_signs,0.9418987035751343,1241.2642822265625,163.2462615966797,1313.1439208984375,272.69647216796875,1277.2041015625,217.97136688232422,71.879638671875,109.45021057128906
IMG_0028.mp4,919,30.633333333333333,30.0,435,2,traffic_signs,0.8464333415031433,1728.0777587890625,624.0593872070312,1744.753173828125,648.1016845703125,1736.4154663085938,636.0805358886719,16.6754150390625,24.04229736328125
IMG_0028.mp4,919,30.633333333333333,30.0,441,2,traffic_signs,0.8319903016090393,1788.380859375,572.7538452148438,1833.0880126953125,641.2030639648438,1810.7344360351562,606.9784545898438,44.7071533203125,68.44921875
IMG_0028.mp4,919,30.633333333333333,30.0,445,2,traffic_signs,0.8582436442375183,360.1393737792969,504.92791748046875,393.7199401855469,582.1468505859375,376.9296569824219,543.5373840332031,33.58056640625,77.21893310546875
IMG_0028.mp4,919,30.633333333333333,30.0,350,1,traffic_lights,0.8017483353614807,1224.292236328125,290.44921875,1306.587646484375,439.53955078125,1265.43994140625,364.994384765625,82.29541015625,149.09033203125
IMG_0028.mp4,919,30.633333333333333,30.0,216,1,traffic_lights,0.8343682289123535,202.46571350097656,203.9198760986328,249.41903686523438,296.5650329589844,225.94237518310547,250.2424545288086,46.95332336425781,92.64515686035156
IMG_0028.mp4,920,30.666666666666668,30.0,368,2,traffic_signs,0.8827984929084778,1384.878662109375,290.37579345703125,1516.55078125,438.2236328125,1450.7147216796875,364.2997131347656,131.672119140625,147.84783935546875
IMG_0028.mp4,920,30.666666666666668,30.0,372,2,traffic_signs,0.9528746604919434,1230.9298095703125,161.14443969726562,1302.8892822265625,270.66064453125,1266.9095458984375,215.9025421142578,71.95947265625,109.51620483398438
IMG_0028.mp4,920,30.666666666666668,30.0,435,2,traffic_signs,0.8353637456893921,1717.1141357421875,624.4954833984375,1734.238525390625,649.1419067382812,1725.6763305664062,636.8186950683594,17.1243896484375,24.64642333984375
IMG_0028.mp4,920,30.666666666666668,30.0,441,2,traffic_signs,0.8099207282066345,1777.4515380859375,574.1407470703125,1821.9110107421875,641.9725341796875,1799.6812744140625,608.056640625,44.45947265625,67.831787109375
IMG_0028.mp4,920,30.666666666666668,30.0,445,2,traffic_signs,0.861491322517395,340.17950439453125,501.64111328125,381.71337890625,583.2059326171875,360.9464416503906,542.4235229492188,41.53387451171875,81.5648193359375
IMG_0028.mp4,920,30.666666666666668,30.0,350,1,traffic_lights,0.6707839369773865,1213.5675048828125,288.70416259765625,1296.7196044921875,438.2886047363281,1255.1435546875,363.4963836669922,83.152099609375,149.58444213867188
IMG_0028.mp4,920,30.666666666666668,30.0,216,1,traffic_lights,0.34115687012672424,187.97616577148438,201.5560302734375,233.4996795654297,294.459228515625,210.73792266845703,248.00762939453125,45.52351379394531,92.9031982421875
IMG_0028.mp4,920,30.666666666666668,30.0,426,0,auth_label,0.4752306044101715,1496.0806884765625,295.475830078125,1640.289306640625,800.31884765625,1568.1849975585938,547.8973388671875,144.2086181640625,504.843017578125
IMG_0028.mp4,921,30.7,30.0,368,2,traffic_signs,0.9220521450042725,1373.3746337890625,289.20635986328125,1506.666259765625,435.9799499511719,1440.0204467773438,362.59315490722656,133.2916259765625,146.77359008789062
IMG_0028.mp4,921,30.7,30.0,372,2,traffic_signs,0.9547163844108582,1220.5731201171875,159.23439025878906,1292.662353515625,268.6468811035156,1256.6177368164062,213.94063568115234,72.0892333984375,109.41249084472656
IMG_0028.mp4,921,30.7,30.0,435,2,traffic_signs,0.8619772791862488,1706.1456298828125,625.091796875,1723.1446533203125,649.4179077148438,1714.6451416015625,637.2548522949219,16.9990234375,24.32611083984375
IMG_0028.mp4,921,30.7,30.0,441,2,traffic_signs,0.7887601256370544,1766.4381103515625,574.1513671875,1809.7908935546875,643.2097778320312,1788.114501953125,608.6805725097656,43.352783203125,69.05841064453125
IMG_0028.mp4,921,30.7,30.0,445,2,traffic_signs,0.895108699798584,324.26446533203125,501.9204406738281,369.8935241699219,580.9520874023438,347.07899475097656,541.4362640380859,45.629058837890625,79.03164672851562
IMG_0028.mp4,921,30.7,30.0,350,1,traffic_lights,0.39800092577934265,1202.24658203125,285.1883239746094,1285.0548095703125,435.8884582519531,1243.6506958007812,360.53839111328125,82.8082275390625,150.70013427734375
IMG_0028.mp4,922,30.733333333333334,30.0,368,2,traffic_signs,0.9410995841026306,1362.462646484375,287.3800964355469,1496.5487060546875,435.841796875,1429.5056762695312,361.61094665527344,134.0860595703125,148.46170043945312
IMG_0028.mp4,922,30.733333333333334,30.0,372,2,traffic_signs,0.9492529630661011,1209.660400390625,156.50120544433594,1281.74658203125,267.0464172363281,1245.7034912109375,211.77381134033203,72.086181640625,110.54521179199219
IMG_0028.mp4,922,30.733333333333334,30.0,435,2,traffic_signs,0.7243016362190247,1694.958984375,625.2369995117188,1712.2568359375,650.1387939453125,1703.60791015625,637.6878967285156,17.2978515625,24.90179443359375
IMG_0028.mp4,922,30.733333333333334,30.0,441,2,traffic_signs,0.7696356177330017,1754.8631591796875,573.9055786132812,1798.54248046875,644.1573486328125,1776.7028198242188,609.0314636230469,43.6793212890625,70.25177001953125
IMG_0028.mp4,922,30.733333333333334,30.0,445,2,traffic_signs,0.7939432859420776,310.9791564941406,501.51483154296875,356.9927673339844,579.196044921875,333.9859619140625,540.3554382324219,46.01361083984375,77.68121337890625
IMG_0028.mp4,922,30.733333333333334,30.0,216,1,traffic_lights,0.3435916304588318,164.7813720703125,215.83827209472656,207.0479278564453,291.7130432128906,185.9146499633789,253.7756576538086,42.26655578613281,75.87477111816406
IMG_0028.mp4,923,30.766666666666666,30.0,368,2,traffic_signs,0.9303882122039795,1352.8914794921875,286.13238525390625,1485.8377685546875,434.58868408203125,1419.3646240234375,360.36053466796875,132.9462890625,148.456298828125
IMG_0028.mp4,923,30.766666666666666,30.0,372,2,traffic_signs,0.9420080184936523,1198.9378662109375,155.0150146484375,1270.9466552734375,265.78900146484375,1234.9422607421875,210.40200805664062,72.0087890625,110.77398681640625
IMG_0028.mp4,923,30.766666666666666,30.0,435,2,traffic_signs,0.8437790870666504,1684.1326904296875,625.6408081054688,1700.623779296875,650.0930786132812,1692.3782348632812,637.866943359375,16.4910888671875,24.4522705078125
IMG_0028.mp4,923,30.766666666666666,30.0,441,2,traffic_signs,0.8914717435836792,1743.7349853515625,574.2687377929688,1786.529052734375,644.6279907226562,1765.1320190429688,609.4483642578125,42.7940673828125,70.3592529296875
IMG_0028.mp4,923,30.766666666666666,30.0,445,2,traffic_signs,0.8651145100593567,297.7861328125,501.72100830078125,343.9604187011719,578.3902587890625,320.87327575683594,540.0556335449219,46.174285888671875,76.66925048828125
IMG_0028.mp4,923,30.766666666666666,30.0,350,1,traffic_lights,0.8025304675102234,1179.7733154296875,281.43939208984375,1262.33544921875,433.4643249511719,1221.0543823242188,357.4518585205078,82.5621337890625,152.02493286132812
IMG_0028.mp4,924,30.8,30.0,368,2,traffic_signs,0.9544470906257629,1341.0234375,284.682861328125,1474.6756591796875,434.2885437011719,1407.8495483398438,359.48570251464844,133.6522216796875,149.60568237304688
IMG_0028.mp4,924,30.8,30.0,372,2,traffic_signs,0.9368845820426941,1187.3228759765625,152.26524353027344,1259.4921875,263.5357971191406,1223.4075317382812,207.90052032470703,72.1693115234375,111.27055358886719
IMG_0028.mp4,924,30.8,30.0,435,2,traffic_signs,0.8421438932418823,1673.189697265625,626.0457763671875,1689.155029296875,650.790283203125,1681.17236328125,638.4180297851562,15.96533203125,24.7445068359375
IMG_0028.mp4,924,30.8,30.0,441,2,traffic_signs,0.38922858238220215,1732.2135009765625,574.9677734375,1776.0947265625,643.1904296875,1754.1541137695312,609.0791015625,43.8812255859375,68.22265625
IMG_0028.mp4,924,30.8,30.0,445,2,traffic_signs,0.861426830291748,284.14923095703125,502.267822265625,329.82080078125,578.0571899414062,306.9850158691406,540.1625061035156,45.67156982421875,75.78936767578125
IMG_0028.mp4,924,30.8,30.0,447,2,traffic_signs,0.618537425994873,1284.9195556640625,611.9601440429688,1294.343994140625,643.8500366210938,1289.6317749023438,627.9050903320312,9.4244384765625,31.889892578125
IMG_0028.mp4,925,30.833333333333332,30.0,368,2,traffic_signs,0.9420112371444702,1330.7265625,283.4033508300781,1463.862548828125,432.9446716308594,1397.2945556640625,358.17401123046875,133.135986328125,149.54132080078125
IMG_0028.mp4,925,30.833333333333332,30.0,372,2,traffic_signs,0.951825737953186,1176.0347900390625,149.96131896972656,1248.436767578125,261.4756164550781,1212.2357788085938,205.71846771240234,72.4019775390625,111.51429748535156
IMG_0028.mp4,925,30.833333333333332,30.0,435,2,traffic_signs,0.8371986150741577,1662.199462890625,626.5042724609375,1677.508544921875,650.93603515625,1669.85400390625,638.7201538085938,15.30908203125,24.4317626953125
IMG_0028.mp4,925,30.833333333333332,30.0,441,2,traffic_signs,0.5776829123497009,1720.9981689453125,576.7910766601562,1765.1865234375,643.50146484375,1743.0923461914062,610.1462707519531,44.1883544921875,66.71038818359375
IMG_0028.mp4,925,30.833333333333332,30.0,445,2,traffic_signs,0.7102785110473633,270.58917236328125,500.4003601074219,316.1454772949219,577.6514282226562,293.36732482910156,539.0258941650391,45.556304931640625,77.25106811523438
IMG_0028.mp4,925,30.833333333333332,30.0,350,1,traffic_lights,0.7451507449150085,1155.7900390625,278.3269348144531,1239.70166015625,431.090576171875,1197.745849609375,354.70875549316406,83.91162109375,152.76364135742188
IMG_0028.mp4,926,30.866666666666667,30.0,368,2,traffic_signs,0.9461723566055298,1318.8790283203125,281.9713439941406,1452.692626953125,431.9911804199219,1385.7858276367188,356.98126220703125,133.8135986328125,150.01983642578125
IMG_0028.mp4,926,30.866666666666667,30.0,372,2,traffic_signs,0.9517655968666077,1164.102783203125,147.2037353515625,1236.69775390625,259.1856994628906,1200.4002685546875,203.19471740722656,72.594970703125,111.98196411132812
IMG_0028.mp4,926,30.866666666666667,30.0,435,2,traffic_signs,0.8485596776008606,1650.6773681640625,626.9035034179688,1665.85205078125,651.9978637695312,1658.2647094726562,639.45068359375,15.1746826171875,25.0943603515625
IMG_0028.mp4,926,30.866666666666667,30.0,445,2,traffic_signs,0.7292792201042175,255.72605895996094,499.63946533203125,301.93896484375,576.541259765625,278.83251190185547,538.0903625488281,46.21290588378906,76.90179443359375
IMG_0028.mp4,926,30.866666666666667,30.0,350,1,traffic_lights,0.28641682863235474,1144.347412109375,276.49688720703125,1228.9207763671875,430.29974365234375,1186.6340942382812,353.3983154296875,84.5733642578125,153.8028564453125
IMG_0028.mp4,926,30.866666666666667,30.0,426,0,auth_label,0.36667367815971375,1449.518798828125,305.2409362792969,1576.097412109375,800.3904418945312,1512.80810546875,552.8156890869141,126.57861328125,495.1495056152344
IMG_0028.mp4,927,30.9,30.0,368,2,traffic_signs,0.9463845491409302,1308.8529052734375,280.7875671386719,1442.03271484375,431.41583251953125,1375.4428100585938,356.10169982910156,133.1798095703125,150.62826538085938
IMG_0028.mp4,927,30.9,30.0,372,2,traffic_signs,0.9511448740959167,1152.1878662109375,145.1457061767578,1224.964111328125,257.3760681152344,1188.5759887695312,201.2608871459961,72.7762451171875,112.23036193847656
IMG_0028.mp4,927,30.9,30.0,435,2,traffic_signs,0.823607325553894,1639.1947021484375,627.4686279296875,1654.28369140625,652.0520629882812,1646.7391967773438,639.7603454589844,15.0889892578125,24.58343505859375
IMG_0028.mp4,927,30.9,30.0,350,1,traffic_lights,0.5176165103912354,1131.8043212890625,272.445556640625,1216.9185791015625,430.0342712402344,1174.3614501953125,351.2399139404297,85.1142578125,157.58871459960938
IMG_0028.mp4,927,30.9,30.0,447,2,traffic_signs,0.5244876742362976,1252.697509765625,611.8146362304688,1263.145263671875,648.139892578125,1257.92138671875,629.9772644042969,10.44775390625,36.32525634765625
IMG_0028.mp4,927,30.9,30.0,441,2,traffic_signs,0.5670871734619141,1697.7264404296875,578.5181884765625,1741.99560546875,647.2518310546875,1719.8610229492188,612.885009765625,44.2691650390625,68.733642578125
IMG_0028.mp4,928,30.933333333333334,30.0,368,2,traffic_signs,0.9491389989852905,1296.70458984375,279.8995056152344,1429.97265625,430.53289794921875,1363.338623046875,355.21620178222656,133.26806640625,150.63339233398438
IMG_0028.mp4,928,30.933333333333334,30.0,372,2,traffic_signs,0.9464977383613586,1139.7264404296875,141.81820678710938,1212.894287109375,255.29891967773438,1176.3103637695312,198.55856323242188,73.1678466796875,113.480712890625
IMG_0028.mp4,928,30.933333333333334,30.0,435,2,traffic_signs,0.8396052122116089,1628.0614013671875,627.9863891601562,1643.21826171875,653.4151000976562,1635.6398315429688,640.7007446289062,15.1568603515625,25.4287109375
IMG_0028.mp4,928,30.933333333333334,30.0,447,2,traffic_signs,0.7130686640739441,1241.7261962890625,611.443359375,1252.29052734375,648.756591796875,1247.0083618164062,630.0999755859375,10.5643310546875,37.313232421875
IMG_0028.mp4,928,30.933333333333334,30.0,441,2,traffic_signs,0.4124346077442169,1686.5977783203125,579.681884765625,1730.2017822265625,647.15966796875,1708.3997802734375,613.4207763671875,43.60400390625,67.477783203125
IMG_0028.mp4,928,30.933333333333334,30.0,445,2,traffic_signs,0.6990339756011963,225.70352172851562,498.8240051269531,272.0643005371094,575.6971435546875,248.8839111328125,537.2605743408203,46.36077880859375,76.87313842773438
IMG_0028.mp4,929,30.966666666666665,30.0,368,2,traffic_signs,0.9280977845191956,1285.5618896484375,277.9987487792969,1419.9632568359375,429.6070251464844,1352.7625732421875,353.8028869628906,134.4013671875,151.6082763671875
IMG_0028.mp4,929,30.966666666666665,30.0,372,2,traffic_signs,0.952580451965332,1127.6907958984375,138.79244995117188,1201.091552734375,253.0214080810547,1164.3911743164062,195.90692901611328,73.4007568359375,114.22895812988281
IMG_0028.mp4,929,30.966666666666665,30.0,435,2,traffic_signs,0.8196924328804016,1617.247802734375,628.2252807617188,1632.64599609375,653.6585083007812,1624.9468994140625,640.94189453125,15.398193359375,25.4332275390625
IMG_0028.mp4,929,30.966666666666665,30.0,447,2,traffic_signs,0.36227717995643616,1231.0316162109375,612.0668334960938,1241.4619140625,648.0281982421875,1236.2467651367188,630.0475158691406,10.4302978515625,35.96136474609375
IMG_0028.mp4,929,30.966666666666665,30.0,441,2,traffic_signs,0.7583924531936646,1675.4683837890625,579.856689453125,1719.0067138671875,649.1491088867188,1697.237548828125,614.5028991699219,43.538330078125,69.29241943359375
IMG_0028.mp4,929,30.966666666666665,30.0,445,2,traffic_signs,0.7058315873146057,210.63119506835938,498.0807189941406,254.91934204101562,574.9923095703125,232.7752685546875,536.5365142822266,44.28814697265625,76.91159057617188
IMG_0028.mp4,929,30.966666666666665,30.0,350,1,traffic_lights,0.5186711549758911,1107.1068115234375,269.9716491699219,1193.1390380859375,426.41558837890625,1150.1229248046875,348.19361877441406,86.0322265625,156.44393920898438
IMG_0028.mp4,930,31.0,30.0,368,2,traffic_signs,0.9431171417236328,1272.5472412109375,276.0746765136719,1408.239990234375,428.5896301269531,1340.3936157226562,352.3321533203125,135.6927490234375,152.51495361328125
IMG_0028.mp4,930,31.0,30.0,372,2,traffic_signs,0.951799213886261,1115.174072265625,135.54544067382812,1188.844970703125,250.7831268310547,1152.009521484375,193.1642837524414,73.6708984375,115.23768615722656
IMG_0028.mp4,930,31.0,30.0,435,2,traffic_signs,0.8367936015129089,1605.5631103515625,628.4979248046875,1621.1453857421875,654.1981201171875,1613.354248046875,641.3480224609375,15.582275390625,25.7001953125
IMG_0028.mp4,930,31.0,30.0,447,2,traffic_signs,0.5406804084777832,1220.265380859375,612.470947265625,1230.6793212890625,647.9053955078125,1225.4723510742188,630.1881713867188,10.4139404296875,35.4344482421875
IMG_0028.mp4,930,31.0,30.0,441,2,traffic_signs,0.7268035411834717,1663.9556884765625,578.6583862304688,1706.9686279296875,651.5880737304688,1685.462158203125,615.1232299804688,43.012939453125,72.9296875
IMG_0028.mp4,930,31.0,30.0,350,1,traffic_lights,0.31022411584854126,1094.86962890625,267.5103454589844,1181.422607421875,423.80828857421875,1138.1461181640625,345.65931701660156,86.552978515625,156.29794311523438
IMG_0028.mp4,930,31.0,30.0,426,0,auth_label,0.32514941692352295,1402.0926513671875,298.9866027832031,1529.28564453125,803.7742919921875,1465.6891479492188,551.3804473876953,127.1929931640625,504.7876892089844
IMG_0028.mp4,931,31.033333333333335,30.0,368,2,traffic_signs,0.925978422164917,1261.699462890625,273.4153137207031,1397.769775390625,427.0589294433594,1329.734619140625,350.23712158203125,136.0703125,153.64361572265625
IMG_0028.mp4,931,31.033333333333335,30.0,372,2,traffic_signs,0.9427220821380615,1102.97314453125,133.01956176757812,1176.7425537109375,247.79830932617188,1139.8578491210938,190.408935546875,73.7694091796875,114.77874755859375
IMG_0028.mp4,931,31.033333333333335,30.0,435,2,traffic_signs,0.7603812217712402,1593.8509521484375,628.7748413085938,1609.7403564453125,655.3689575195312,1601.795654296875,642.0718994140625,15.889404296875,26.5941162109375
IMG_0028.mp4,931,31.033333333333335,30.0,447,2,traffic_signs,0.5512243509292603,1209.1746826171875,612.9420166015625,1220.251708984375,647.180419921875,1214.7131958007812,630.0612182617188,11.0770263671875,34.2384033203125
IMG_0028.mp4,931,31.033333333333335,30.0,441,2,traffic_signs,0.8077577352523804,1652.1285400390625,578.8004150390625,1695.1954345703125,655.302001953125,1673.6619873046875,617.0512084960938,43.06689453125,76.5015869140625
IMG_0028.mp4,931,31.033333333333335,30.0,452,2,traffic_signs,0.6977478861808777,1653.54443359375,575.5194702148438,1695.7528076171875,656.4783935546875,1674.6486206054688,615.9989318847656,42.2083740234375,80.95892333984375
IMG_0028.mp4,931,31.033333333333335,30.0,445,2,traffic_signs,0.6768022775650024,179.05673217773438,494.44647216796875,225.134033203125,571.8689575195312,202.0953826904297,533.15771484375,46.077301025390625,77.4224853515625
IMG_0028.mp4,932,31.066666666666666,30.0,368,2,traffic_signs,0.9440495371818542,1248.7999267578125,271.03106689453125,1385.1234130859375,425.5118103027344,1316.961669921875,348.2714385986328,136.323486328125,154.48074340820312
IMG_0028.mp4,932,31.066666666666666,30.0,372,2,traffic_signs,0.9304096698760986,1090.4637451171875,129.1842498779297,1164.3861083984375,244.86590576171875,1127.4249267578125,187.02507781982422,73.92236328125,115.68165588378906
IMG_0028.mp4,932,31.066666666666666,30.0,435,2,traffic_signs,0.7754124999046326,1582.9342041015625,629.6802978515625,1598.3887939453125,655.8895263671875,1590.6614990234375,642.784912109375,15.45458984375,26.209228515625
IMG_0028.mp4,932,31.066666666666666,30.0,447,2,traffic_signs,0.8078363537788391,1197.9432373046875,613.1048583984375,1209.5953369140625,648.8158569335938,1203.769287109375,630.9603576660156,11.652099609375,35.71099853515625
IMG_0028.mp4,932,31.066666666666666,30.0,441,2,traffic_signs,0.7263776659965515,1641.0906982421875,578.7266845703125,1683.9305419921875,653.3670043945312,1662.5106201171875,616.0468444824219,42.83984375,74.64031982421875
IMG_0028.mp4,932,31.066666666666666,30.0,452,2,traffic_signs,0.35349562764167786,1642.289306640625,575.9024047851562,1684.77099609375,653.1285400390625,1663.5301513671875,614.5154724121094,42.481689453125,77.22613525390625
IMG_0028.mp4,933,31.1,30.0,368,2,traffic_signs,0.8840184211730957,1236.873291015625,269.21978759765625,1374.25,423.9083251953125,1305.5616455078125,346.5640563964844,137.376708984375,154.68853759765625
IMG_0028.mp4,933,31.1,30.0,372,2,traffic_signs,0.9408352971076965,1078.212890625,126.46372985839844,1152.203369140625,242.352783203125,1115.2081298828125,184.40825653076172,73.990478515625,115.88905334472656
IMG_0028.mp4,933,31.1,30.0,435,2,traffic_signs,0.7865025401115417,1571.3453369140625,630.4898681640625,1586.59521484375,655.7444458007812,1578.9702758789062,643.1171569824219,15.2498779296875,25.25457763671875
IMG_0028.mp4,933,31.1,30.0,447,2,traffic_signs,0.7686280012130737,1186.702880859375,613.8380126953125,1198.605712890625,648.74365234375,1192.654296875,631.2908325195312,11.90283203125,34.9056396484375
IMG_0028.mp4,933,31.1,30.0,441,2,traffic_signs,0.7322193384170532,1629.50244140625,579.213623046875,1672.0341796875,651.0759887695312,1650.768310546875,615.1448059082031,42.53173828125,71.86236572265625
IMG_0028.mp4,933,31.1,30.0,350,1,traffic_lights,0.4353896975517273,1056.4775390625,255.3944091796875,1142.838134765625,416.561767578125,1099.6578369140625,335.97808837890625,86.360595703125,161.1673583984375
IMG_0028.mp4,933,31.1,30.0,445,2,traffic_signs,0.3217523396015167,147.13226318359375,491.35821533203125,191.04537963867188,570.3013916015625,169.0888214111328,530.8298034667969,43.913116455078125,78.94317626953125
IMG_0028.mp4,934,31.133333333333333,30.0,368,2,traffic_signs,0.6237417459487915,1223.9053955078125,267.191650390625,1362.0357666015625,422.1979064941406,1292.9705810546875,344.6947784423828,138.13037109375,155.00625610351562
IMG_0028.mp4,934,31.133333333333333,30.0,372,2,traffic_signs,0.9304549694061279,1065.5015869140625,122.93843078613281,1139.57421875,239.26455688476562,1102.5379028320312,181.10149383544922,74.0726318359375,116.32612609863281
IMG_0028.mp4,934,31.133333333333333,30.0,435,2,traffic_signs,0.7779730558395386,1559.5726318359375,630.7715454101562,1574.643310546875,655.8998413085938,1567.1079711914062,643.335693359375,15.0706787109375,25.1282958984375
IMG_0028.mp4,934,31.133333333333333,30.0,447,2,traffic_signs,0.40389159321784973,1175.3331298828125,614.041015625,1187.572021484375,649.3523559570312,1181.4525756835938,631.6966857910156,12.2388916015625,35.31134033203125
IMG_0028.mp4,934,31.133333333333333,30.0,441,2,traffic_signs,0.7682035565376282,1617.7049560546875,578.7357177734375,1660.0821533203125,652.1311645507812,1638.8935546875,615.4334411621094,42.377197265625,73.39544677734375
IMG_0028.mp4,934,31.133333333333333,30.0,350,1,traffic_lights,0.47209081053733826,1043.791015625,254.60711669921875,1131.0133056640625,415.5466613769531,1087.4021606445312,335.07688903808594,87.2222900390625,160.93954467773438
IMG_0028.mp4,934,31.133333333333333,30.0,445,2,traffic_signs,0.7200107574462891,130.800048828125,489.1067199707031,174.80311584472656,569.23193359375,152.80158233642578,529.1693267822266,44.00306701660156,80.12521362304688
IMG_0028.mp4,935,31.166666666666668,30.0,368,2,traffic_signs,0.8030872941017151,1211.3648681640625,264.3197937011719,1351.101806640625,420.0297546386719,1281.2333374023438,342.1747741699219,139.7369384765625,155.7099609375
IMG_0028.mp4,935,31.166666666666668,30.0,372,2,traffic_signs,0.9483383893966675,1052.8642578125,119.3773193359375,1127.215576171875,236.34925842285156,1090.0399169921875,177.86328887939453,74.351318359375,116.97193908691406
IMG_0028.mp4,935,31.166666666666668,30.0,435,2,traffic_signs,0.8371226787567139,1547.8916015625,630.955078125,1563.290283203125,655.7581176757812,1555.5909423828125,643.3565979003906,15.398681640625,24.80303955078125
IMG_0028.mp4,935,31.166666666666668,30.0,447,2,traffic_signs,0.4976048767566681,1163.872314453125,613.5421142578125,1176.2108154296875,649.5679931640625,1170.0415649414062,631.5550537109375,12.3385009765625,36.02587890625
IMG_0028.mp4,935,31.166666666666668,30.0,441,2,traffic_signs,0.8183383345603943,1605.992919921875,578.1441650390625,1648.461669921875,654.0239868164062,1627.227294921875,616.0840759277344,42.46875,75.87982177734375
IMG_0028.mp4,935,31.166666666666668,30.0,350,1,traffic_lights,0.6850195527076721,1030.8162841796875,249.13174438476562,1117.4505615234375,414.5754699707031,1074.1334228515625,331.8536071777344,86.63427734375,165.4437255859375
IMG_0028.mp4,935,31.166666666666668,30.0,445,2,traffic_signs,0.6746982336044312,113.22242736816406,488.3645935058594,155.95538330078125,568.6031494140625,134.58890533447266,528.4838714599609,42.73295593261719,80.23855590820312
IMG_0028.mp4,935,31.166666666666668,30.0,454,2,traffic_signs,0.511778712272644,1211.8475341796875,264.7742004394531,1352.9306640625,421.6104736328125,1282.3890991210938,343.1923370361328,141.0831298828125,156.83627319335938
IMG_0028.mp4,935,31.166666666666668,30.0,455,2,traffic_signs,0.7213941216468811,1607.21630859375,575.5714721679688,1649.118896484375,655.4581298828125,1628.1676025390625,615.5148010253906,41.902587890625,79.88665771484375
IMG_0028.mp4,936,31.2,30.0,368,2,traffic_signs,0.8907041549682617,1199.5843505859375,262.5046081542969,1338.8173828125,418.01885986328125,1269.2008666992188,340.26173400878906,139.2330322265625,155.51425170898438
IMG_0028.mp4,936,31.2,30.0,372,2,traffic_signs,0.9477647542953491,1039.6636962890625,115.10055541992188,1114.6475830078125,233.09393310546875,1077.1556396484375,174.0972442626953,74.98388671875,117.99337768554688
IMG_0028.mp4,936,31.2,30.0,435,2,traffic_signs,0.7988281846046448,1536.936279296875,631.8866577148438,1552.2381591796875,656.9842529296875,1544.5872192382812,644.4354553222656,15.3018798828125,25.09759521484375
IMG_0028.mp4,936,31.2,30.0,447,2,traffic_signs,0.5467854142189026,1152.66064453125,613.1481323242188,1165.6744384765625,650.838623046875,1159.1675415039062,631.9933776855469,13.0137939453125,37.69049072265625
IMG_0028.mp4,936,31.2,30.0,441,2,traffic_signs,0.7936026453971863,1594.9515380859375,578.8432006835938,1636.6361083984375,654.1481323242188,1615.7938232421875,616.4956665039062,41.6845703125,75.304931640625
IMG_0028.mp4,936,31.2,30.0,350,1,traffic_lights,0.3363625705242157,1017.3554077148438,246.8489532470703,1105.2540283203125,415.0084228515625,1061.3047180175781,330.9286880493164,87.89862060546875,168.1594696044922
IMG_0028.mp4,936,31.2,30.0,445,2,traffic_signs,0.41786596179008484,96.41742706298828,484.8515930175781,139.34580993652344,567.3461303710938,117.88161849975586,526.0988616943359,42.928382873535156,82.49453735351562
IMG_0028.mp4,936,31.2,30.0,455,2,traffic_signs,0.29842469096183777,1595.882080078125,576.7317504882812,1637.7730712890625,655.1235961914062,1616.8275756835938,615.9276733398438,41.8909912109375,78.391845703125
IMG_0028.mp4,937,31.233333333333334,30.0,368,2,traffic_signs,0.94092857837677,1186.7015380859375,259.9429931640625,1328.178466796875,415.7282409667969,1257.4400024414062,337.8356170654297,141.4769287109375,155.78524780273438
IMG_0028.mp4,937,31.233333333333334,30.0,372,2,traffic_signs,0.9449769854545593,1026.7943115234375,111.26094055175781,1102.0804443359375,229.5046844482422,1064.4373779296875,170.3828125,75.2861328125,118.24374389648438
IMG_0028.mp4,937,31.233333333333334,30.0,435,2,traffic_signs,0.802934467792511,1525.0316162109375,631.9227905273438,1540.408447265625,656.7261352539062,1532.7200317382812,644.324462890625,15.3768310546875,24.8033447265625
IMG_0028.mp4,937,31.233333333333334,30.0,447,2,traffic_signs,0.7493374943733215,1141.2835693359375,612.1761474609375,1154.4539794921875,650.8971557617188,1147.8687744140625,631.5366516113281,13.17041015625,38.72100830078125
IMG_0028.mp4,937,31.233333333333334,30.0,441,2,traffic_signs,0.7633037567138672,1583.1138916015625,578.9923095703125,1624.0977783203125,652.5463256835938,1603.6058349609375,615.7693176269531,40.98388671875,73.55401611328125
IMG_0028.mp4,937,31.233333333333334,30.0,350,1,traffic_lights,0.3492010831832886,1003.708984375,244.07144165039062,1091.595703125,413.4869384765625,1047.65234375,328.77919006347656,87.88671875,169.41549682617188
IMG_0028.mp4,937,31.233333333333334,30.0,445,2,traffic_signs,0.461936354637146,79.09406280517578,478.4967956542969,123.54265594482422,566.2620849609375,101.318359375,522.3794403076172,44.44859313964844,87.76528930664062
IMG_0028.mp4,937,31.233333333333334,30.0,455,2,traffic_signs,0.44526901841163635,1584.089599609375,576.7654418945312,1625.7142333984375,653.8807373046875,1604.9019165039062,615.3230895996094,41.6246337890625,77.11529541015625
IMG_0028.mp4,937,31.233333333333334,30.0,457,2,traffic_signs,0.8967074751853943,1890.7236328125,540.3937377929688,1916.7508544921875,601.9961547851562,1903.7372436523438,571.1949462890625,26.0272216796875,61.6024169921875
IMG_0028.mp4,937,31.233333333333334,30.0,426,0,auth_label,0.4326803684234619,1291.5894775390625,297.2708740234375,1452.4189453125,806.6471557617188,1372.0042114257812,551.9590148925781,160.8294677734375,509.37628173828125
IMG_0028.mp4,938,31.266666666666666,30.0,368,2,traffic_signs,0.9159514904022217,1174.5633544921875,258.2637634277344,1315.4273681640625,415.3294372558594,1244.995361328125,336.7966003417969,140.864013671875,157.065673828125
IMG_0028.mp4,938,31.266666666666666,30.0,372,2,traffic_signs,0.9466190934181213,1013.354248046875,107.41718292236328,1088.88525390625,227.39527893066406,1051.1197509765625,167.40623092651367,75.531005859375,119.97809600830078
IMG_0028.mp4,938,31.266666666666666,30.0,435,2,traffic_signs,0.8218892812728882,1513.312255859375,632.3251342773438,1528.7852783203125,657.0775756835938,1521.0487670898438,644.7013549804688,15.4730224609375,24.75244140625
IMG_0028.mp4,938,31.266666666666666,30.0,447,2,traffic_signs,0.517850935459137,1130.088623046875,612.5531616210938,1143.66748046875,650.9159545898438,1136.8780517578125,631.7345581054688,13.578857421875,38.36279296875
IMG_0028.mp4,938,31.266666666666666,30.0,441,2,traffic_signs,0.7540327310562134,1571.545654296875,579.7710571289062,1612.8963623046875,657.098876953125,1592.2210083007812,618.4349670410156,41.3507080078125,77.32781982421875
IMG_0028.mp4,938,31.266666666666666,30.0,350,1,traffic_lights,0.6168680191040039,989.1295166015625,242.1240234375,1078.7386474609375,412.5794677734375,1033.93408203125,327.35174560546875,89.609130859375,170.4554443359375
IMG_0028.mp4,938,31.266666666666666,30.0,445,2,traffic_signs,0.4159736633300781,61.76479721069336,477.16070556640625,107.87718200683594,565.6112060546875,84.82098960876465,521.3859558105469,46.11238479614258,88.45050048828125
IMG_0028.mp4,938,31.266666666666666,30.0,455,2,traffic_signs,0.7760665416717529,1572.332763671875,577.7132568359375,1614.115234375,661.6332397460938,1593.2239990234375,619.6732482910156,41.782470703125,83.91998291015625
IMG_0028.mp4,938,31.266666666666666,30.0,457,2,traffic_signs,0.9082019329071045,1878.1806640625,541.4014892578125,1905.65380859375,601.7927856445312,1891.917236328125,571.5971374511719,27.47314453125,60.39129638671875
IMG_0028.mp4,938,31.266666666666666,30.0,426,0,auth_label,0.277197003364563,1288.339599609375,296.0128479003906,1440.3653564453125,806.7471923828125,1364.3524780273438,551.3800201416016,152.0257568359375,510.7343444824219
IMG_0028.mp4,939,31.3,30.0,368,2,traffic_signs,0.9361459016799927,1162.3441162109375,256.65472412109375,1304.501953125,413.65869140625,1233.4230346679688,335.1567077636719,142.1578369140625,157.00396728515625
IMG_0028.mp4,939,31.3,30.0,372,2,traffic_signs,0.9400345683097839,999.7774047851562,103.12162017822266,1075.59619140625,224.44821166992188,1037.6867980957031,163.78491592407227,75.81878662109375,121.32659149169922
IMG_0028.mp4,939,31.3,30.0,435,2,traffic_signs,0.8243638873100281,1501.514404296875,632.742431640625,1517.1754150390625,657.3402099609375,1509.3449096679688,645.0413208007812,15.6610107421875,24.5977783203125
IMG_0028.mp4,939,31.3,30.0,447,2,traffic_signs,0.4029974639415741,1118.6964111328125,612.642822265625,1132.478759765625,652.0339965820312,1125.5875854492188,632.3384094238281,13.7823486328125,39.39117431640625
IMG_0028.mp4,939,31.3,30.0,441,2,traffic_signs,0.5447474718093872,1559.565185546875,578.7266235351562,1601.37109375,661.8607788085938,1580.4681396484375,620.293701171875,41.805908203125,83.1341552734375
IMG_0028.mp4,939,31.3,30.0,350,1,traffic_lights,0.7674335837364197,976.1583251953125,238.42417907714844,1065.18603515625,409.4918518066406,1020.6721801757812,323.95801544189453,89.0277099609375,171.0676727294922
IMG_0028.mp4,939,31.3,30.0,455,2,traffic_signs,0.8943435549736023,1560.643798828125,577.1642456054688,1602.08154296875,666.8935546875,1581.3626708984375,622.0289001464844,41.437744140625,89.72930908203125
IMG_0028.mp4,939,31.3,30.0,457,2,traffic_signs,0.9260398745536804,1865.78125,542.4557495117188,1893.0472412109375,602.5562133789062,1879.4142456054688,572.5059814453125,27.2659912109375,60.1004638671875
IMG_0028.mp4,940,31.333333333333332,30.0,368,2,traffic_signs,0.9185152649879456,1149.515380859375,254.24557495117188,1290.1856689453125,410.2668151855469,1219.8505249023438,332.2561950683594,140.6702880859375,156.021240234375
IMG_0028.mp4,940,31.333333333333332,30.0,372,2,traffic_signs,0.9330106973648071,986.1857299804688,99.12741088867188,1062.31103515625,220.551025390625,1024.2483825683594,159.83921813964844,76.12530517578125,121.42361450195312
IMG_0028.mp4,940,31.333333333333332,30.0,435,2,traffic_signs,0.8271448612213135,1490.217041015625,633.1685791015625,1505.3878173828125,657.5504150390625,1497.8024291992188,645.3594970703125,15.1707763671875,24.3818359375
IMG_0028.mp4,940,31.333333333333332,30.0,447,2,traffic_signs,0.750735342502594,1107.1861572265625,611.9465942382812,1121.41015625,651.8031616210938,1114.2981567382812,631.8748779296875,14.2239990234375,39.8565673828125
IMG_0028.mp4,940,31.333333333333332,30.0,441,2,traffic_signs,0.8238931894302368,1548.1141357421875,580.0498046875,1589.7359619140625,660.2257690429688,1568.925048828125,620.1377868652344,41.621826171875,80.17596435546875
IMG_0028.mp4,940,31.333333333333332,30.0,350,1,traffic_lights,0.8064689040184021,961.003662109375,231.6348419189453,1051.597900390625,407.44940185546875,1006.30078125,319.54212188720703,90.59423828125,175.81455993652344
IMG_0028.mp4,940,31.333333333333332,30.0,457,2,traffic_signs,0.9024108052253723,1852.437255859375,543.9475708007812,1879.6727294921875,603.2771606445312,1866.0549926757812,573.6123657226562,27.2354736328125,59.32958984375
IMG_0028.mp4,941,31.366666666666667,30.0,368,2,traffic_signs,0.845759928226471,1137.9708251953125,251.3490753173828,1278.5079345703125,409.1458740234375,1208.2393798828125,330.24747467041016,140.537109375,157.7967987060547
IMG_0028.mp4,941,31.366666666666667,30.0,372,2,traffic_signs,0.9399869441986084,972.19189453125,95.30504608154297,1048.5264892578125,217.7553253173828,1010.3591918945312,156.5301856994629,76.3345947265625,122.45027923583984
IMG_0028.mp4,941,31.366666666666667,30.0,435,2,traffic_signs,0.8253026604652405,1478.160400390625,633.6983032226562,1493.6005859375,658.1223754882812,1485.8804931640625,645.9103393554688,15.440185546875,24.424072265625
IMG_0028.mp4,941,31.366666666666667,30.0,447,2,traffic_signs,0.6773939728736877,1095.4058837890625,611.2357788085938,1110.3822021484375,652.4851684570312,1102.89404296875,631.8604736328125,14.976318359375,41.2493896484375
IMG_0028.mp4,941,31.366666666666667,30.0,441,2,traffic_signs,0.7530367970466614,1536.02490234375,580.40576171875,1577.55419921875,658.095947265625,1556.78955078125,619.2508544921875,41.529296875,77.690185546875
IMG_0028.mp4,941,31.366666666666667,30.0,350,1,traffic_lights,0.601405918598175,947.146484375,230.14173889160156,1038.4881591796875,404.6389465332031,992.8173217773438,317.39034271240234,91.3416748046875,174.49720764160156
IMG_0028.mp4,941,31.366666666666667,30.0,457,2,traffic_signs,0.9142343997955322,1839.3280029296875,544.7761840820312,1866.6654052734375,603.7049560546875,1852.9967041015625,574.2405700683594,27.33740234375,58.92877197265625
IMG_0028.mp4,941,31.366666666666667,30.0,461,2,traffic_signs,0.6085466146469116,1754.3585205078125,649.8370971679688,1763.7410888671875,667.7650756835938,1759.0498046875,658.8010864257812,9.382568359375,17.927978515625
IMG_0028.mp4,941,31.366666666666667,30.0,426,0,auth_label,0.7150362133979797,1261.18115234375,290.232421875,1404.75537109375,806.6026000976562,1332.96826171875,548.4175109863281,143.57421875,516.3701782226562
IMG_0028.mp4,942,31.4,30.0,368,2,traffic_signs,0.8603999614715576,1124.20166015625,248.1836395263672,1265.346923828125,408.97088623046875,1194.7742919921875,328.57726287841797,141.145263671875,160.78724670410156
IMG_0028.mp4,942,31.4,30.0,372,2,traffic_signs,0.9363438487052917,958.40966796875,91.26219177246094,1034.7562255859375,215.4025115966797,996.5829467773438,153.3323516845703,76.3465576171875,124.14031982421875
IMG_0028.mp4,942,31.4,30.0,435,2,traffic_signs,0.844050943851471,1466.63330078125,633.8953857421875,1481.88134765625,658.5222778320312,1474.25732421875,646.2088317871094,15.248046875,24.62689208984375
IMG_0028.mp4,942,31.4,30.0,447,2,traffic_signs,0.7590287327766418,1083.8858642578125,612.3642578125,1099.4013671875,650.8613891601562,1091.6436157226562,631.6128234863281,15.5155029296875,38.49713134765625
IMG_0028.mp4,942,31.4,30.0,441,2,traffic_signs,0.7720462679862976,1525.1424560546875,579.1476440429688,1565.943603515625,664.9942016601562,1545.5430297851562,622.0709228515625,40.8011474609375,85.8465576171875
IMG_0028.mp4,942,31.4,30.0,350,1,traffic_lights,0.8992166519165039,932.6211547851562,226.30712890625,1024.1810302734375,402.30401611328125,978.4010925292969,314.3055725097656,91.55987548828125,175.99688720703125
IMG_0028.mp4,942,31.4,30.0,457,2,traffic_signs,0.9108425974845886,1826.531005859375,545.3245239257812,1853.859130859375,604.1940307617188,1840.195068359375,574.75927734375,27.328125,58.8695068359375
IMG_0028.mp4,942,31.4,30.0,462,2,traffic_signs,0.7035558223724365,1525.255126953125,580.2306518554688,1566.1341552734375,663.0631103515625,1545.6946411132812,621.6468811035156,40.8790283203125,82.83245849609375
IMG_0028.mp4,942,31.4,30.0,426,0,auth_label,0.3759821951389313,1256.7501220703125,278.7040710449219,1392.548583984375,806.44873046875,1324.6493530273438,542.5764007568359,135.7984619140625,527.7446594238281
IMG_0028.mp4,943,31.433333333333334,30.0,368,2,traffic_signs,0.8048838376998901,1111.393798828125,245.2226104736328,1255.638916015625,407.7570495605469,1183.516357421875,326.48983001708984,144.2451171875,162.53443908691406
IMG_0028.mp4,943,31.433333333333334,30.0,372,2,traffic_signs,0.9505876302719116,944.2000732421875,86.98921203613281,1020.734375,211.5688018798828,982.4672241210938,149.2790069580078,76.5343017578125,124.57958984375
IMG_0028.mp4,943,31.433333333333334,30.0,435,2,traffic_signs,0.8513935804367065,1454.5511474609375,634.2694091796875,1470.081298828125,658.8712768554688,1462.3162231445312,646.5703430175781,15.5301513671875,24.60186767578125
IMG_0028.mp4,943,31.433333333333334,30.0,447,2,traffic_signs,0.8128483295440674,1072.2884521484375,613.579345703125,1088.3768310546875,650.2438354492188,1080.3326416015625,631.9115905761719,16.08837890625,36.66448974609375
IMG_0028.mp4,943,31.433333333333334,30.0,441,2,traffic_signs,0.7750913500785828,1512.66552734375,579.07958984375,1553.1397705078125,663.3975830078125,1532.9026489257812,621.2385864257812,40.4742431640625,84.3179931640625
IMG_0028.mp4,943,31.433333333333334,30.0,350,1,traffic_lights,0.6354721188545227,917.65869140625,224.0165252685547,1010.3495483398438,399.85687255859375,964.0041198730469,311.9366989135742,92.69085693359375,175.84034729003906
IMG_0028.mp4,943,31.433333333333334,30.0,457,2,traffic_signs,0.9245193600654602,1813.478515625,545.4308471679688,1840.9671630859375,604.1674194335938,1827.2228393554688,574.7991333007812,27.4886474609375,58.736572265625
IMG_0028.mp4,943,31.433333333333334,30.0,462,2,traffic_signs,0.8130982518196106,1513.5980224609375,577.9838256835938,1553.7359619140625,664.0546264648438,1533.6669921875,621.0192260742188,40.137939453125,86.07080078125
IMG_0028.mp4,944,31.466666666666665,30.0,368,2,traffic_signs,0.9297710061073303,1097.918212890625,242.85548400878906,1240.3427734375,406.3807373046875,1169.1304931640625,324.6181106567383,142.424560546875,163.52525329589844
IMG_0028.mp4,944,31.466666666666665,30.0,372,2,traffic_signs,0.9457848072052002,930.2880249023438,83.11267852783203,1007.0684814453125,208.072998046875,968.6782531738281,145.59283828735352,76.78045654296875,124.96031951904297
IMG_0028.mp4,944,31.466666666666665,30.0,435,2,traffic_signs,0.8194888234138489,1443.294189453125,635.2788696289062,1458.418701171875,659.71630859375,1450.8564453125,647.4975891113281,15.12451171875,24.43743896484375
IMG_0028.mp4,944,31.466666666666665,30.0,447,2,traffic_signs,0.8517309427261353,1060.584228515625,614.2941284179688,1077.13818359375,650.6502685546875,1068.8612060546875,632.4721984863281,16.553955078125,36.35614013671875
IMG_0028.mp4,944,31.466666666666665,30.0,441,2,traffic_signs,0.8149183988571167,1500.987060546875,580.6771850585938,1540.9263916015625,662.784912109375,1520.9567260742188,621.7310485839844,39.9393310546875,82.10772705078125
IMG_0028.mp4,944,31.466666666666665,30.0,350,1,traffic_lights,0.772914707660675,903.5540161132812,220.75120544433594,995.6571655273438,399.603271484375,949.6055908203125,310.17723846435547,92.1031494140625,178.85206604003906
IMG_0028.mp4,944,31.466666666666665,30.0,457,2,traffic_signs,0.8873381018638611,1801.06591796875,546.2417602539062,1828.4425048828125,605.7991943359375,1814.7542114257812,576.0204772949219,27.3765869140625,59.55743408203125
IMG_0028.mp4,944,31.466666666666665,30.0,464,1,traffic_lights,0.5610447525978088,254.32424926757812,1054.20751953125,326.8033447265625,1080.0,290.5637969970703,1067.103759765625,72.47909545898438,25.79248046875
IMG_0028.mp4,944,31.466666666666665,30.0,426,0,auth_label,0.47196629643440247,1227.1636962890625,304.664306640625,1368.8433837890625,807.4295654296875,1298.0035400390625,556.0469360351562,141.6796875,502.7652587890625
IMG_0028.mp4,945,31.5,30.0,368,2,traffic_signs,0.7986693382263184,1084.5531005859375,238.78819274902344,1227.3468017578125,405.5568542480469,1155.949951171875,322.17252349853516,142.793701171875,166.76866149902344
IMG_0028.mp4,945,31.5,30.0,372,2,traffic_signs,0.9436328411102295,915.720703125,77.84637451171875,993.26611328125,204.7690887451172,954.493408203125,141.30773162841797,77.54541015625,126.92271423339844
IMG_0028.mp4,945,31.5,30.0,435,2,traffic_signs,0.6427919268608093,1431.72509765625,635.3576049804688,1447.0916748046875,659.63671875,1439.4083862304688,647.4971618652344,15.3665771484375,24.27911376953125
IMG_0028.mp4,945,31.5,30.0,447,2,traffic_signs,0.8223602771759033,1049.05712890625,613.971435546875,1065.9576416015625,650.4312133789062,1057.5073852539062,632.2013244628906,16.9005126953125,36.45977783203125
IMG_0028.mp4,945,31.5,30.0,441,2,traffic_signs,0.8164350986480713,1489.015380859375,581.139404296875,1529.58837890625,659.9746704101562,1509.3018798828125,620.5570373535156,40.572998046875,78.83526611328125
IMG_0028.mp4,945,31.5,30.0,350,1,traffic_lights,0.8622771501541138,887.9833984375,218.0672607421875,980.959716796875,395.07452392578125,934.4715576171875,306.5708923339844,92.976318359375,177.00726318359375
IMG_0028.mp4,945,31.5,30.0,457,2,traffic_signs,0.835273027420044,1788.90771484375,546.06591796875,1816.3770751953125,605.0719604492188,1802.6423950195312,575.5689392089844,27.4693603515625,59.00604248046875
IMG_0028.mp4,945,31.5,30.0,426,0,auth_label,0.47464022040367126,1202.302490234375,284.3312072753906,1358.6954345703125,807.4981689453125,1280.4989624023438,545.9146881103516,156.3929443359375,523.1669616699219
IMG_0028.mp4,946,31.533333333333335,30.0,368,2,traffic_signs,0.9005538821220398,1072.161865234375,236.08871459960938,1213.8060302734375,402.25225830078125,1142.9839477539062,319.1704864501953,141.6441650390625,166.16354370117188
IMG_0028.mp4,946,31.533333333333335,30.0,372,2,traffic_signs,0.9346487522125244,901.7526245117188,73.8513412475586,979.4599609375,201.3800506591797,940.6062927246094,137.61569595336914,77.70733642578125,127.5287094116211
IMG_0028.mp4,946,31.533333333333335,30.0,435,2,traffic_signs,0.47382912039756775,1419.968994140625,635.206787109375,1435.0711669921875,659.5347900390625,1427.5200805664062,647.3707885742188,15.1021728515625,24.3280029296875
IMG_0028.mp4,946,31.533333333333335,30.0,447,2,traffic_signs,0.8501589894294739,1037.9168701171875,613.7837524414062,1054.899169921875,649.4094848632812,1046.4080200195312,631.5966186523438,16.9822998046875,35.625732421875
IMG_0028.mp4,946,31.533333333333335,30.0,441,2,traffic_signs,0.6942518949508667,1477.191650390625,581.7171020507812,1517.15966796875,663.1134033203125,1497.1756591796875,622.4152526855469,39.968017578125,81.39630126953125
IMG_0028.mp4,946,31.533333333333335,30.0,350,1,traffic_lights,0.438414990901947,874.2455444335938,213.3506317138672,968.19921875,394.0746154785156,921.2223815917969,303.7126235961914,93.95367431640625,180.72398376464844
IMG_0028.mp4,946,31.533333333333335,30.0,457,2,traffic_signs,0.8915987610816956,1776.0911865234375,546.5367431640625,1803.17626953125,605.2039794921875,1789.6337280273438,575.870361328125,27.0850830078125,58.667236328125
IMG_0028.mp4,946,31.533333333333335,30.0,426,0,auth_label,0.546684980392456,1197.6048583984375,279.47198486328125,1346.9976806640625,807.3228759765625,1272.30126953125,543.3974304199219,149.392822265625,527.8508911132812
IMG_0028.mp4,946,31.533333333333335,30.0,468,2,traffic_signs,0.44121846556663513,1420.21923828125,635.4589233398438,1435.0301513671875,659.6316528320312,1427.6246948242188,647.5452880859375,14.8109130859375,24.1727294921875
IMG_0028.mp4,947,31.566666666666666,30.0,368,2,traffic_signs,0.5270833373069763,1058.8046875,233.13104248046875,1204.60546875,401.3963623046875,1131.705078125,317.2637023925781,145.80078125,168.26531982421875
IMG_0028.mp4,947,31.566666666666666,30.0,372,2,traffic_signs,0.9406808614730835,886.9575805664062,68.99139404296875,965.351806640625,196.78013610839844,926.1546936035156,132.8857650756836,78.39422607421875,127.78874206542969
IMG_0028.mp4,947,31.566666666666666,30.0,435,2,traffic_signs,0.5473031401634216,1408.70458984375,635.9964599609375,1423.343017578125,660.4189453125,1416.0238037109375,648.2077026367188,14.638427734375,24.4224853515625
IMG_0028.mp4,947,31.566666666666666,30.0,447,2,traffic_signs,0.8095667958259583,1026.80322265625,614.7611083984375,1043.7166748046875,649.3229370117188,1035.2599487304688,632.0420227050781,16.9134521484375,34.56182861328125
IMG_0028.mp4,947,31.566666666666666,30.0,441,2,traffic_signs,0.8578983545303345,1466.0753173828125,579.4556274414062,1506.1156005859375,665.369384765625,1486.095458984375,622.4125061035156,40.040283203125,85.91375732421875
IMG_0028.mp4,947,31.566666666666666,30.0,457,2,traffic_signs,0.9189660549163818,1764.25,546.9115600585938,1790.890625,605.6981811523438,1777.5703125,576.3048706054688,26.640625,58.78662109375
IMG_0028.mp4,947,31.566666666666666,30.0,426,0,auth_label,0.6929171085357666,1043.3094482421875,296.9543762207031,1335.9921875,806.7635498046875,1189.6508178710938,551.8589630126953,292.6827392578125,509.8091735839844
IMG_0028.mp4,947,31.566666666666666,30.0,472,2,traffic_signs,0.7119516134262085,1465.5423583984375,580.4252319335938,1505.0211181640625,664.681396484375,1485.28173828125,622.5533142089844,39.478759765625,84.25616455078125
IMG_0028.mp4,948,31.6,30.0,368,2,traffic_signs,0.9096873998641968,1044.9456787109375,231.17718505859375,1189.62353515625,399.9092712402344,1117.2846069335938,315.54322814941406,144.6778564453125,168.73208618164062
IMG_0028.mp4,948,31.6,30.0,372,2,traffic_signs,0.9467074275016785,872.283447265625,64.1982192993164,951.0867309570312,193.12078857421875,911.6850891113281,128.65950393676758,78.80328369140625,128.92256927490234
IMG_0028.mp4,948,31.6,30.0,435,2,traffic_signs,0.802628219127655,1397.00634765625,636.63330078125,1411.4217529296875,661.896728515625,1404.2140502929688,649.2650146484375,14.4154052734375,25.263427734375
IMG_0028.mp4,948,31.6,30.0,447,2,traffic_signs,0.8077412843704224,1015.1000366210938,614.9716186523438,1032.0823974609375,651.0540161132812,1023.5912170410156,633.0128173828125,16.98236083984375,36.0823974609375
IMG_0028.mp4,948,31.6,30.0,441,2,traffic_signs,0.3998066186904907,1454.4114990234375,579.656005859375,1494.6566162109375,665.8491821289062,1474.5340576171875,622.7525939941406,40.2451171875,86.19317626953125
IMG_0028.mp4,948,31.6,30.0,457,2,traffic_signs,0.5267830491065979,1752.208740234375,546.7861328125,1778.55322265625,610.0082397460938,1765.3809814453125,578.3971862792969,26.344482421875,63.22210693359375
IMG_0028.mp4,948,31.6,30.0,426,0,auth_label,0.6378679871559143,1096.839111328125,298.16998291015625,1323.734130859375,807.939453125,1210.28662109375,553.0547180175781,226.89501953125,509.76947021484375
IMG_0028.mp4,948,31.6,30.0,472,2,traffic_signs,0.8476048707962036,1453.80517578125,582.9520874023438,1493.283447265625,661.9281005859375,1473.5443115234375,622.4400939941406,39.478271484375,78.97601318359375
IMG_0028.mp4,948,31.6,30.0,350,1,traffic_lights,0.5641751885414124,842.7349243164062,206.4502410888672,939.2396850585938,387.92730712890625,890.9873046875,297.1887741088867,96.5047607421875,181.47706604003906
IMG_0028.mp4,949,31.633333333333333,30.0,368,2,traffic_signs,0.7560876607894897,1032.0174560546875,228.040283203125,1176.284423828125,399.73724365234375,1104.1509399414062,313.8887634277344,144.2669677734375,171.69696044921875
IMG_0028.mp4,949,31.633333333333333,30.0,372,2,traffic_signs,0.9335815906524658,858.5498046875,59.880496978759766,937.064208984375,189.83807373046875,897.8070068359375,124.85928535461426,78.514404296875,129.95757675170898
IMG_0028.mp4,949,31.633333333333333,30.0,435,2,traffic_signs,0.8202119469642639,1385.416015625,636.6114501953125,1399.83251953125,662.2607421875,1392.624267578125,649.4360961914062,14.41650390625,25.6492919921875
IMG_0028.mp4,949,31.633333333333333,30.0,447,2,traffic_signs,0.8252053260803223,1003.832763671875,614.763427734375,1021.1034545898438,650.6646728515625,1012.4681091308594,632.7140502929688,17.27069091796875,35.9012451171875
IMG_0028.mp4,949,31.633333333333333,30.0,457,2,traffic_signs,0.7130177021026611,1739.8231201171875,546.9908447265625,1765.5535888671875,608.5875854492188,1752.6883544921875,577.7892150878906,25.73046875,61.59674072265625
IMG_0028.mp4,949,31.633333333333333,30.0,426,0,auth_label,0.3667370080947876,1107.9237060546875,284.74359130859375,1313.204833984375,806.994384765625,1210.5642700195312,545.8689880371094,205.2811279296875,522.2507934570312
IMG_0028.mp4,949,31.633333333333333,30.0,472,2,traffic_signs,0.836482584476471,1441.529296875,583.5205078125,1481.9547119140625,659.2256469726562,1461.7420043945312,621.3730773925781,40.4254150390625,75.70513916015625
IMG_0028.mp4,949,31.633333333333333,30.0,475,2,traffic_signs,0.48573166131973267,1654.6593017578125,653.1021728515625,1663.20849609375,672.3325805664062,1658.9338989257812,662.7173767089844,8.5491943359375,19.23040771484375
IMG_0028.mp4,949,31.633333333333333,30.0,476,2,traffic_signs,0.5330974459648132,1876.03369140625,603.9285888671875,1890.861328125,626.7994384765625,1883.447509765625,615.364013671875,14.82763671875,22.870849609375
IMG_0028.mp4,949,31.633333333333333,30.0,350,1,traffic_lights,0.3826903700828552,829.00244140625,200.99313354492188,924.5339965820312,387.6616516113281,876.7682189941406,294.327392578125,95.53155517578125,186.66851806640625
IMG_0028.mp4,950,31.666666666666668,30.0,368,2,traffic_signs,0.48303505778312683,1017.8662109375,224.55621337890625,1162.642578125,398.5329284667969,1090.25439453125,311.54457092285156,144.7763671875,173.97671508789062
IMG_0028.mp4,950,31.666666666666668,30.0,372,2,traffic_signs,0.9398945569992065,843.4835815429688,54.601966857910156,922.7579956054688,185.25247192382812,883.1207885742188,119.92721939086914,79.2744140625,130.65050506591797
IMG_0028.mp4,950,31.666666666666668,30.0,435,2,traffic_signs,0.8507444262504578,1373.77001953125,637.1712036132812,1388.083984375,662.1823120117188,1380.927001953125,649.6767578125,14.31396484375,25.0111083984375
IMG_0028.mp4,950,31.666666666666668,30.0,447,2,traffic_signs,0.7696780562400818,992.2139282226562,614.4935302734375,1009.6869506835938,651.4443359375,1000.950439453125,632.9689331054688,17.4730224609375,36.9508056640625
IMG_0028.mp4,950,31.666666666666668,30.0,457,2,traffic_signs,0.8769571185112,1727.7196044921875,547.447998046875,1753.2103271484375,608.3165283203125,1740.4649658203125,577.8822631835938,25.49072265625,60.8685302734375
IMG_0028.mp4,950,31.666666666666668,30.0,426,0,auth_label,0.5770827531814575,1127.5333251953125,272.19085693359375,1300.3060302734375,808.4459838867188,1213.919677734375,540.3184204101562,172.772705078125,536.255126953125
IMG_0028.mp4,950,31.666666666666668,30.0,475,2,traffic_signs,0.610414445400238,1642.2711181640625,653.392333984375,1651.1915283203125,672.7051391601562,1646.7313232421875,663.0487365722656,8.92041015625,19.31280517578125
IMG_0028.mp4,950,31.666666666666668,30.0,476,2,traffic_signs,0.6265410780906677,1863.2879638671875,604.0956420898438,1877.6539306640625,627.634765625,1870.470947265625,615.8652038574219,14.365966796875,23.53912353515625
IMG_0028.mp4,950,31.666666666666668,30.0,350,1,traffic_lights,0.6351453065872192,812.9440307617188,194.94972229003906,909.5377197265625,384.6437072753906,861.2408752441406,289.79671478271484,96.59368896484375,189.69398498535156
IMG_0028.mp4,950,31.666666666666668,30.0,441,2,traffic_signs,0.5664405226707458,1431.0179443359375,580.0823974609375,1471.532470703125,671.4420776367188,1451.2752075195312,625.7622375488281,40.5145263671875,91.35968017578125
IMG_0028.mp4,951,31.7,30.0,368,2,traffic_signs,0.6067902445793152,1005.0303344726562,221.42581176757812,1150.8358154296875,397.75836181640625,1077.9330749511719,309.5920867919922,145.80548095703125,176.33255004882812
IMG_0028.mp4,951,31.7,30.0,372,2,traffic_signs,0.9270637631416321,828.8638916015625,49.87974548339844,908.2919921875,181.2343292236328,868.5779418945312,115.55703735351562,79.4281005859375,131.35458374023438
IMG_0028.mp4,951,31.7,30.0,435,2,traffic_signs,0.867031455039978,1362.29052734375,637.6385498046875,1376.778076171875,661.9625854492188,1369.5343017578125,649.8005676269531,14.487548828125,24.32403564453125
IMG_0028.mp4,951,31.7,30.0,447,2,traffic_signs,0.7755264043807983,981.2345581054688,615.7562255859375,998.91552734375,651.5609741210938,990.0750427246094,633.6585998535156,17.68096923828125,35.80474853515625
IMG_0028.mp4,951,31.7,30.0,457,2,traffic_signs,0.7128537893295288,1715.375244140625,547.452392578125,1741.181396484375,609.689453125,1728.2783203125,578.5709228515625,25.80615234375,62.237060546875
IMG_0028.mp4,951,31.7,30.0,426,0,auth_label,0.6410039663314819,984.5455932617188,289.193359375,1288.486572265625,807.6747436523438,1136.5160827636719,548.4340515136719,303.94097900390625,518.4813842773438
IMG_0028.mp4,951,31.7,30.0,350,1,traffic_lights,0.8555745482444763,797.5883178710938,194.0708465576172,895.4714965820312,380.22515869140625,846.5299072265625,287.1480026245117,97.8831787109375,186.15431213378906
IMG_0028.mp4,951,31.7,30.0,472,2,traffic_signs,0.48027533292770386,1418.2293701171875,584.0518188476562,1458.5826416015625,658.5629272460938,1438.406005859375,621.307373046875,40.353271484375,74.5111083984375
IMG_0028.mp4,952,31.733333333333334,30.0,368,2,traffic_signs,0.5730262398719788,992.145263671875,218.93447875976562,1138.1556396484375,394.82293701171875,1065.1504516601562,306.8787078857422,146.0103759765625,175.88845825195312
IMG_0028.mp4,952,31.733333333333334,30.0,372,2,traffic_signs,0.9337401986122131,813.7801513671875,45.152259826660156,893.9053344726562,177.5907745361328,853.8427429199219,111.37151718139648,80.12518310546875,132.43851470947266
IMG_0028.mp4,952,31.733333333333334,30.0,435,2,traffic_signs,0.8483060002326965,1350.7396240234375,638.162109375,1365.2406005859375,662.2447509765625,1357.9901123046875,650.2034301757812,14.5009765625,24.0826416015625
IMG_0028.mp4,952,31.733333333333334,30.0,447,2,traffic_signs,0.7718586325645447,969.830078125,615.8638916015625,987.5115356445312,652.486083984375,978.6708068847656,634.1749877929688,17.68145751953125,36.6221923828125
IMG_0028.mp4,952,31.733333333333334,30.0,457,2,traffic_signs,0.7537438273429871,1703.11962890625,547.420654296875,1728.9932861328125,618.3048706054688,1716.0564575195312,582.8627624511719,25.8736572265625,70.88421630859375
IMG_0028.mp4,952,31.733333333333334,30.0,350,1,traffic_lights,0.679717481136322,782.018798828125,188.6876983642578,880.6426391601562,380.3889465332031,831.3307189941406,284.53832244873047,98.62384033203125,191.7012481689453
IMG_0028.mp4,952,31.733333333333334,30.0,472,2,traffic_signs,0.2937653362751007,1406.660400390625,586.128173828125,1446.5621337890625,658.2559204101562,1426.6112670898438,622.1920471191406,39.9017333984375,72.12774658203125
IMG_0028.mp4,952,31.733333333333334,30.0,475,2,traffic_signs,0.5874233841896057,1618.033203125,654.8401489257812,1626.3853759765625,673.057861328125,1622.2092895507812,663.9490051269531,8.3521728515625,18.21771240234375
IMG_0028.mp4,952,31.733333333333334,30.0,476,2,traffic_signs,0.6056935787200928,1837.1629638671875,605.6514282226562,1852.1416015625,627.9281616210938,1844.6522827148438,616.789794921875,14.9786376953125,22.2767333984375
IMG_0028.mp4,953,31.766666666666666,30.0,368,2,traffic_signs,0.8157695531845093,978.3766479492188,216.32740783691406,1124.8453369140625,390.0548095703125,1051.6109924316406,303.1911087036133,146.46868896484375,173.72740173339844
IMG_0028.mp4,953,31.766666666666666,30.0,372,2,traffic_signs,0.7852164506912231,798.16357421875,40.06821823120117,879.2732543945312,173.13046264648438,838.7184143066406,106.59934043884277,81.10968017578125,133.0622444152832
IMG_0028.mp4,953,31.766666666666666,30.0,435,2,traffic_signs,0.8364502191543579,1339.4073486328125,638.3932495117188,1353.7093505859375,662.6047973632812,1346.558349609375,650.4990234375,14.302001953125,24.2115478515625
IMG_0028.mp4,953,31.766666666666666,30.0,447,2,traffic_signs,0.8184918165206909,958.434326171875,614.5499877929688,976.5164794921875,651.5658569335938,967.4754028320312,633.0579223632812,18.0821533203125,37.015869140625
IMG_0028.mp4,953,31.766666666666666,30.0,457,2,traffic_signs,0.5835914015769958,1691.2066650390625,547.7360229492188,1716.615234375,614.7319946289062,1703.9109497070312,581.2340087890625,25.4085693359375,66.9959716796875
IMG_0028.mp4,953,31.766666666666666,30.0,350,1,traffic_lights,0.41804203391075134,765.8628540039062,184.31959533691406,865.7669067382812,375.541748046875,815.8148803710938,279.93067169189453,99.904052734375,191.22215270996094
IMG_0028.mp4,953,31.766666666666666,30.0,472,2,traffic_signs,0.6177732348442078,1394.9632568359375,586.2608032226562,1436.265625,657.9015502929688,1415.6144409179688,622.0811767578125,41.3023681640625,71.6407470703125
IMG_0028.mp4,953,31.766666666666666,30.0,475,2,traffic_signs,0.2881506681442261,1605.7706298828125,656.0137939453125,1614.031005859375,673.35009765625,1609.9008178710938,664.6819458007812,8.2603759765625,17.3363037109375
IMG_0028.mp4,953,31.766666666666666,30.0,426,0,auth_label,0.7487760186195374,1034.471435546875,286.50823974609375,1262.1754150390625,808.3363037109375,1148.3234252929688,547.4222717285156,227.7039794921875,521.8280639648438
IMG_0028.mp4,954,31.8,30.0,368,2,traffic_signs,0.3262350559234619,964.6018676757812,212.50193786621094,1115.2318115234375,387.53570556640625,1039.9168395996094,300.0188217163086,150.62994384765625,175.0337677001953
IMG_0028.mp4,954,31.8,30.0,372,2,traffic_signs,0.9370793700218201,783.85693359375,35.93681335449219,864.3834838867188,169.858642578125,824.1202087402344,102.8977279663086,80.52655029296875,133.9218292236328
IMG_0028.mp4,954,31.8,30.0,435,2,traffic_signs,0.8347719311714172,1328.1273193359375,638.5162353515625,1342.1104736328125,662.549560546875,1335.118896484375,650.5328979492188,13.983154296875,24.0333251953125
IMG_0028.mp4,954,31.8,30.0,447,2,traffic_signs,0.759026825428009,946.7691040039062,610.4420166015625,965.9474487304688,652.5960083007812,956.3582763671875,631.5190124511719,19.1783447265625,42.15399169921875
IMG_0028.mp4,954,31.8,30.0,457,2,traffic_signs,0.9062722325325012,1678.9229736328125,548.2550659179688,1704.193603515625,612.9890747070312,1691.5582885742188,580.6220703125,25.2706298828125,64.7340087890625
IMG_0028.mp4,954,31.8,30.0,472,2,traffic_signs,0.6783984899520874,1383.568603515625,586.98046875,1424.56396484375,660.7684936523438,1404.0662841796875,623.8744812011719,40.995361328125,73.78802490234375
IMG_0028.mp4,954,31.8,30.0,475,2,traffic_signs,0.5621706247329712,1593.0040283203125,656.2484741210938,1601.8680419921875,673.4533081054688,1597.43603515625,664.8508911132812,8.864013671875,17.204833984375
IMG_0028.mp4,954,31.8,30.0,426,0,auth_label,0.729990541934967,1083.3140869140625,277.1549072265625,1249.57421875,810.2708740234375,1166.4441528320312,543.712890625,166.2601318359375,533.115966796875
IMG_0028.mp4,954,31.8,30.0,441,2,traffic_signs,0.665045440196991,1384.3480224609375,582.5321655273438,1425.432861328125,669.7625122070312,1404.8904418945312,626.1473388671875,41.0848388671875,87.2303466796875
IMG_0028.mp4,954,31.8,30.0,476,2,traffic_signs,0.33806443214416504,1810.4027099609375,606.8463745117188,1826.144775390625,628.9898681640625,1818.2737426757812,617.9181213378906,15.7420654296875,22.14349365234375
IMG_0028.mp4,955,31.833333333333332,30.0,368,2,traffic_signs,0.7562480568885803,949.9334716796875,210.0995330810547,1099.792724609375,387.06182861328125,1024.8630981445312,298.58068084716797,149.8592529296875,176.96229553222656
IMG_0028.mp4,955,31.833333333333332,30.0,372,2,traffic_signs,0.9330147504806519,767.982666015625,30.45306968688965,849.4264526367188,166.37440490722656,808.7045593261719,98.4137372970581,81.44378662109375,135.9213352203369
IMG_0028.mp4,955,31.833333333333332,30.0,435,2,traffic_signs,0.8435907363891602,1316.7257080078125,639.2422485351562,1330.6171875,662.99853515625,1323.6714477539062,651.1203918457031,13.8914794921875,23.75628662109375
IMG_0028.mp4,955,31.833333333333332,30.0,447,2,traffic_signs,0.8444889187812805,935.7401733398438,612.3329467773438,955.0463256835938,652.0386352539062,945.3932495117188,632.185791015625,19.30615234375,39.7056884765625
IMG_0028.mp4,955,31.833333333333332,30.0,457,2,traffic_signs,0.7972930669784546,1666.8094482421875,547.9077758789062,1692.3739013671875,616.0769653320312,1679.5916748046875,581.9923706054688,25.564453125,68.169189453125
IMG_0028.mp4,955,31.833333333333332,30.0,472,2,traffic_signs,0.6751489043235779,1371.898681640625,586.3892822265625,1412.5001220703125,661.0436401367188,1392.1994018554688,623.7164611816406,40.6014404296875,74.65435791015625
IMG_0028.mp4,955,31.833333333333332,30.0,426,0,auth_label,0.2609013020992279,1058.202880859375,281.51690673828125,1237.1234130859375,812.0860595703125,1147.6631469726562,546.8014831542969,178.9205322265625,530.5691528320312
IMG_0028.mp4,955,31.833333333333332,30.0,350,1,traffic_lights,0.8069634437561035,733.5889282226562,170.1321258544922,834.9027099609375,368.75732421875,784.2458190917969,269.4447250366211,101.31378173828125,198.6251983642578
IMG_0028.mp4,956,31.866666666666667,30.0,368,2,traffic_signs,0.8383393287658691,936.1569213867188,207.82264709472656,1087.5242919921875,383.3613586425781,1011.8406066894531,295.59200286865234,151.36737060546875,175.53871154785156
IMG_0028.mp4,956,31.866666666666667,30.0,372,2,traffic_signs,0.9118792414665222,751.7314453125,24.96544647216797,833.9744262695312,161.4544677734375,792.8529357910156,93.20995712280273,82.24298095703125,136.48902130126953
IMG_0028.mp4,956,31.866666666666667,30.0,435,2,traffic_signs,0.8279438018798828,1305.12939453125,639.5596923828125,1319.054931640625,663.2821044921875,1312.0921630859375,651.4208984375,13.925537109375,23.722412109375
IMG_0028.mp4,956,31.866666666666667,30.0,447,2,traffic_signs,0.7854246497154236,924.507080078125,612.1777954101562,943.8867797851562,652.50390625,934.1969299316406,632.3408508300781,19.37969970703125,40.32611083984375
IMG_0028.mp4,956,31.866666666666667,30.0,457,2,traffic_signs,0.6785562038421631,1654.74951171875,548.074462890625,1680.087890625,624.2167358398438,1667.418701171875,586.1455993652344,25.33837890625,76.14227294921875
IMG_0028.mp4,956,31.866666666666667,30.0,472,2,traffic_signs,0.7919124364852905,1360.025390625,587.080810546875,1400.6282958984375,661.3215942382812,1380.3268432617188,624.2012023925781,40.6029052734375,74.24078369140625
IMG_0028.mp4,956,31.866666666666667,30.0,426,0,auth_label,0.7663379907608032,1027.2518310546875,288.9676818847656,1226.5174560546875,810.777587890625,1126.8846435546875,549.8726348876953,199.265625,521.8099060058594
IMG_0028.mp4,956,31.866666666666667,30.0,484,2,traffic_signs,0.3821627199649811,1783.2293701171875,549.1358642578125,1859.5264892578125,778.8321533203125,1821.3779296875,663.9840087890625,76.297119140625,229.6962890625
IMG_0028.mp4,956,31.866666666666667,30.0,475,2,traffic_signs,0.49187377095222473,1569.2451171875,657.9795532226562,1577.849365234375,674.53125,1573.5472412109375,666.2554016113281,8.604248046875,16.55169677734375
IMG_0028.mp4,957,31.9,30.0,368,2,traffic_signs,0.9086414575576782,921.87158203125,203.85821533203125,1070.6619873046875,381.43096923828125,996.2667846679688,292.64459228515625,148.7904052734375,177.57275390625
IMG_0028.mp4,957,31.9,30.0,372,2,traffic_signs,0.9380958676338196,736.432861328125,19.972349166870117,818.2958984375,157.13922119140625,777.3643798828125,88.55578517913818,81.863037109375,137.16687202453613
IMG_0028.mp4,957,31.9,30.0,435,2,traffic_signs,0.7987443208694458,1293.8106689453125,640.1112060546875,1307.7589111328125,664.4592895507812,1300.7847900390625,652.2852478027344,13.9482421875,24.34808349609375
IMG_0028.mp4,957,31.9,30.0,447,2,traffic_signs,0.5562498569488525,913.26220703125,610.9573974609375,932.73486328125,652.1475830078125,922.99853515625,631.552490234375,19.47265625,41.190185546875
IMG_0028.mp4,957,31.9,30.0,457,2,traffic_signs,0.6039093136787415,1642.89013671875,548.0054931640625,1668.1776123046875,619.891357421875,1655.5338745117188,583.9484252929688,25.2874755859375,71.8858642578125
IMG_0028.mp4,957,31.9,30.0,472,2,traffic_signs,0.3263862133026123,1348.4356689453125,586.6576538085938,1389.18359375,659.9517822265625,1368.8096313476562,623.3047180175781,40.7479248046875,73.29412841796875
IMG_0028.mp4,957,31.9,30.0,426,0,auth_label,0.9141505360603333,1043.873779296875,275.6516418457031,1213.774658203125,812.6982421875,1128.82421875,544.1749420166016,169.90087890625,537.0466003417969
IMG_0028.mp4,957,31.9,30.0,484,2,traffic_signs,0.561806321144104,1771.0516357421875,551.0252685546875,1845.31884765625,779.96630859375,1808.1852416992188,665.4957885742188,74.2672119140625,228.9410400390625
IMG_0028.mp4,957,31.9,30.0,475,2,traffic_signs,0.45638588070869446,1557.363525390625,658.7837524414062,1565.6690673828125,675.6498413085938,1561.5162963867188,667.216796875,8.3055419921875,16.8660888671875
IMG_0028.mp4,957,31.9,30.0,350,1,traffic_lights,0.5296549201011658,699.5609130859375,167.93646240234375,803.59716796875,359.7254943847656,751.5790405273438,263.8309783935547,104.0362548828125,191.78903198242188
IMG_0028.mp4,958,31.933333333333334,30.0,368,2,traffic_signs,0.8272378444671631,908.1026611328125,199.74819946289062,1056.8447265625,380.9305419921875,982.4736938476562,290.33937072753906,148.7420654296875,181.18234252929688
IMG_0028.mp4,958,31.933333333333334,30.0,372,2,traffic_signs,0.9359362721443176,719.4080200195312,14.014095306396484,802.6375122070312,151.519775390625,761.0227661132812,82.76693534851074,83.2294921875,137.50568008422852
IMG_0028.mp4,958,31.933333333333334,30.0,435,2,traffic_signs,0.8072881698608398,1282.4942626953125,640.3057250976562,1296.45361328125,665.3739624023438,1289.4739379882812,652.83984375,13.9593505859375,25.0682373046875
IMG_0028.mp4,958,31.933333333333334,30.0,447,2,traffic_signs,0.6755919456481934,901.7232666015625,609.324462890625,921.231689453125,652.6826171875,911.4774780273438,631.0035400390625,19.5084228515625,43.358154296875
IMG_0028.mp4,958,31.933333333333334,30.0,457,2,traffic_signs,0.8235206007957458,1631.3062744140625,548.9451904296875,1656.389892578125,619.5580444335938,1643.8480834960938,584.2516174316406,25.0836181640625,70.61285400390625
IMG_0028.mp4,958,31.933333333333334,30.0,472,2,traffic_signs,0.7587191462516785,1337.0096435546875,586.9532470703125,1377.2601318359375,662.1550903320312,1357.1348876953125,624.5541687011719,40.25048828125,75.20184326171875
IMG_0028.mp4,958,31.933333333333334,30.0,426,0,auth_label,0.48754507303237915,1043.2852783203125,277.86358642578125,1203.490966796875,813.108154296875,1123.3881225585938,545.4858703613281,160.2056884765625,535.2445678710938
IMG_0028.mp4,958,31.933333333333334,30.0,484,2,traffic_signs,0.3740954101085663,1758.69140625,550.0565185546875,1834.3438720703125,779.3058471679688,1796.5176391601562,664.6811828613281,75.6524658203125,229.24932861328125
IMG_0028.mp4,958,31.933333333333334,30.0,475,2,traffic_signs,0.6057668924331665,1545.653076171875,659.4760131835938,1553.8331298828125,676.30419921875,1549.7431030273438,667.8901062011719,8.1800537109375,16.82818603515625
IMG_0028.mp4,959,31.966666666666665,30.0,368,2,traffic_signs,0.774645209312439,893.6675415039062,196.48387145996094,1044.1365966796875,380.0286560058594,968.9020690917969,288.25626373291016,150.46905517578125,183.54478454589844
IMG_0028.mp4,959,31.966666666666665,30.0,372,2,traffic_signs,0.9339935779571533,703.11767578125,8.217236518859863,786.8037109375,147.3347625732422,744.960693359375,77.77599954605103,83.68603515625,139.11752605438232
IMG_0028.mp4,959,31.966666666666665,30.0,435,2,traffic_signs,0.8608649969100952,1271.2789306640625,640.8516845703125,1284.946044921875,665.32958984375,1278.1124877929688,653.0906372070312,13.6671142578125,24.4779052734375
IMG_0028.mp4,959,31.966666666666665,30.0,447,2,traffic_signs,0.8291685581207275,890.7583618164062,610.7935791015625,909.8517456054688,651.0750122070312,900.3050537109375,630.9342956542969,19.0933837890625,40.28143310546875
IMG_0028.mp4,959,31.966666666666665,30.0,457,2,traffic_signs,0.614178478717804,1619.06103515625,550.504638671875,1644.0455322265625,616.6552124023438,1631.5532836914062,583.5799255371094,24.9844970703125,66.15057373046875
IMG_0028.mp4,959,31.966666666666665,30.0,472,2,traffic_signs,0.5282115936279297,1325.2919921875,588.6722412109375,1366.4046630859375,661.24169921875,1345.8483276367188,624.9569702148438,41.1126708984375,72.5694580078125
IMG_0028.mp4,959,31.966666666666665,30.0,426,0,auth_label,0.40458160638809204,1021.0173950195312,278.7314147949219,1190.87841796875,813.6495361328125,1105.9479064941406,546.1904754638672,169.86102294921875,534.9181213378906
IMG_0028.mp4,959,31.966666666666665,30.0,484,2,traffic_signs,0.26690423488616943,1745.579345703125,550.2775268554688,1820.675048828125,780.2568359375,1783.127197265625,665.2671813964844,75.095703125,229.97930908203125
IMG_0028.mp4,959,31.966666666666665,30.0,475,2,traffic_signs,0.5228453278541565,1533.7086181640625,660.22705078125,1541.626708984375,676.3610229492188,1537.6676635742188,668.2940368652344,7.9180908203125,16.13397216796875
IMG_0028.mp4,959,31.966666666666665,30.0,490,2,traffic_signs,0.5367501974105835,1593.449951171875,657.712158203125,1602.0084228515625,673.4448852539062,1597.7291870117188,665.5785217285156,8.5584716796875,15.73272705078125
IMG_0028.mp4,959,31.966666666666665,30.0,491,0,auth_label,0.4886428415775299,835.8972778320312,298.20635986328125,1193.9364013671875,813.5714721679688,1014.9168395996094,555.888916015625,358.03912353515625,515.3651123046875
IMG_0028.mp4,960,32.0,30.0,368,2,traffic_signs,0.8265164494514465,878.3576049804688,192.99163818359375,1029.4317626953125,378.1419372558594,953.8946838378906,285.56678771972656,151.07415771484375,185.15029907226562
IMG_0028.mp4,960,32.0,30.0,372,2,traffic_signs,0.9437463879585266,687.4171752929688,3.2548556327819824,771.0233764648438,142.91098022460938,729.2202758789062,73.08291792869568,83.606201171875,139.6561245918274
IMG_0028.mp4,960,32.0,30.0,435,2,traffic_signs,0.8286903500556946,1259.815673828125,641.1694946289062,1273.38427734375,666.2642211914062,1266.5999755859375,653.7168579101562,13.568603515625,25.0947265625
IMG_0028.mp4,960,32.0,30.0,447,2,traffic_signs,0.7547494173049927,879.3087768554688,611.9837646484375,898.398193359375,651.148193359375,888.8534851074219,631.5659790039062,19.08941650390625,39.1644287109375
IMG_0028.mp4,960,32.0,30.0,457,2,traffic_signs,0.5642527341842651,1607.2470703125,550.7276611328125,1632.2177734375,623.7705688476562,1619.732421875,587.2491149902344,24.970703125,73.04290771484375
IMG_0028.mp4,960,32.0,30.0,472,2,traffic_signs,0.5365652441978455,1313.815673828125,590.2265625,1355.0985107421875,661.0004272460938,1334.4570922851562,625.6134948730469,41.2828369140625,70.77386474609375
IMG_0028.mp4,960,32.0,30.0,426,0,auth_label,0.3724658489227295,986.8584594726562,278.61920166015625,1179.8082275390625,811.5115966796875,1083.3333435058594,545.0653991699219,192.94976806640625,532.8923950195312
IMG_0028.mp4,960,32.0,30.0,484,2,traffic_signs,0.29061228036880493,1732.189697265625,551.4051513671875,1809.4248046875,779.9059448242188,1770.8072509765625,665.6555480957031,77.235107421875,228.50079345703125
IMG_0028.mp4,960,32.0,30.0,475,2,traffic_signs,0.6128367781639099,1522.041748046875,660.4443359375,1529.921630859375,676.443603515625,1525.981689453125,668.4439697265625,7.8798828125,15.999267578125
IMG_0028.mp4,960,32.0,30.0,490,2,traffic_signs,0.3007681369781494,1581.5035400390625,657.9915771484375,1589.4722900390625,673.8572998046875,1585.4879150390625,665.9244384765625,7.96875,15.86572265625
IMG_0028.mp4,960,32.0,30.0,491,0,auth_label,0.2834112048149109,806.6697387695312,302.120849609375,1180.9461669921875,810.4331665039062,993.8079528808594,556.2770080566406,374.27642822265625,508.31231689453125
IMG_0028.mp4,961,32.03333333333333,30.0,368,2,traffic_signs,0.5379727482795715,863.0310668945312,188.1015625,1014.203125,373.241455078125,938.6170959472656,280.6715087890625,151.17205810546875,185.139892578125
IMG_0028.mp4,961,32.03333333333333,30.0,372,2,traffic_signs,0.9270662665367126,670.1322021484375,0.0,754.9531860351562,138.18031311035156,712.5426940917969,69.09015655517578,84.82098388671875,138.18031311035156
IMG_0028.mp4,961,32.03333333333333,30.0,435,2,traffic_signs,0.8304038643836975,1248.650390625,641.781982421875,1262.2191162109375,666.651123046875,1255.4347534179688,654.216552734375,13.5687255859375,24.869140625
IMG_0028.mp4,961,32.03333333333333,30.0,447,2,traffic_signs,0.7661896347999573,867.8424072265625,612.1965942382812,886.9122314453125,651.5042724609375,877.3773193359375,631.8504333496094,19.06982421875,39.30767822265625
IMG_0028.mp4,961,32.03333333333333,30.0,457,2,traffic_signs,0.7714377045631409,1595.2974853515625,551.4003295898438,1619.8245849609375,620.7867431640625,1607.56103515625,586.0935363769531,24.527099609375,69.38641357421875
IMG_0028.mp4,961,32.03333333333333,30.0,472,2,traffic_signs,0.8270522952079773,1302.3914794921875,591.6807861328125,1343.4664306640625,659.4942016601562,1322.928955078125,625.5874938964844,41.074951171875,67.81341552734375
IMG_0028.mp4,961,32.03333333333333,30.0,426,0,auth_label,0.6777414083480835,992.711669921875,274.2107238769531,1167.458984375,814.1526489257812,1080.0853271484375,544.1816864013672,174.747314453125,539.9419250488281
IMG_0028.mp4,961,32.03333333333333,30.0,484,2,traffic_signs,0.4300941526889801,1719.9329833984375,551.7313842773438,1796.1278076171875,780.5101318359375,1758.0303955078125,666.1207580566406,76.19482421875,228.77874755859375
IMG_0028.mp4,961,32.03333333333333,30.0,475,2,traffic_signs,0.6750014424324036,1509.9757080078125,661.2869262695312,1517.83056640625,677.6779174804688,1513.9031372070312,669.482421875,7.8548583984375,16.3909912109375
IMG_0028.mp4,961,32.03333333333333,30.0,491,0,auth_label,0.43053582310676575,790.710205078125,301.75799560546875,1172.9896240234375,812.33837890625,981.8499145507812,557.0481872558594,382.2794189453125,510.58038330078125
IMG_0028.mp4,962,32.06666666666667,30.0,368,2,traffic_signs,0.8022426962852478,847.8353271484375,185.16302490234375,999.9949951171875,369.720947265625,923.9151611328125,277.4419860839844,152.15966796875,184.55792236328125
IMG_0028.mp4,962,32.06666666666667,30.0,372,2,traffic_signs,0.9151357412338257,652.4730834960938,0.0,738.6913452148438,132.6030731201172,695.5822143554688,66.3015365600586,86.21826171875,132.6030731201172
IMG_0028.mp4,962,32.06666666666667,30.0,435,2,traffic_signs,0.8412949442863464,1237.567138671875,642.1209716796875,1251.2265625,666.9287109375,1244.3968505859375,654.5248413085938,13.659423828125,24.8077392578125
IMG_0028.mp4,962,32.06666666666667,30.0,447,2,traffic_signs,0.6028084754943848,856.243408203125,609.3728637695312,875.582763671875,651.940185546875,865.9130859375,630.6565246582031,19.33935546875,42.56732177734375
IMG_0028.mp4,962,32.06666666666667,30.0,457,2,traffic_signs,0.8376365900039673,1583.3109130859375,552.2923583984375,1607.8896484375,619.8580322265625,1595.6002807617188,586.0751953125,24.5787353515625,67.565673828125
IMG_0028.mp4,962,32.06666666666667,30.0,472,2,traffic_signs,0.8301010727882385,1290.923095703125,592.0228881835938,1331.9232177734375,660.1497802734375,1311.4231567382812,626.0863342285156,41.0001220703125,68.12689208984375
IMG_0028.mp4,962,32.06666666666667,30.0,426,0,auth_label,0.6350854635238647,981.3355712890625,270.4974670410156,1157.7772216796875,814.306884765625,1069.556396484375,542.4021759033203,176.441650390625,543.8094177246094
IMG_0028.mp4,962,32.06666666666667,30.0,475,2,traffic_signs,0.6526712775230408,1498.127685546875,661.9020385742188,1506.0897216796875,678.6158447265625,1502.1087036132812,670.2589416503906,7.9620361328125,16.71380615234375
IMG_0028.mp4,962,32.06666666666667,30.0,491,0,auth_label,0.617047905921936,784.585205078125,292.5550231933594,1160.87939453125,813.1212158203125,972.7322998046875,552.8381195068359,376.294189453125,520.5661926269531
IMG_0028.mp4,962,32.06666666666667,30.0,490,2,traffic_signs,0.42403799295425415,1557.1649169921875,659.3312377929688,1565.4345703125,675.4695434570312,1561.2997436523438,667.400390625,8.2696533203125,16.1383056640625
IMG_0028.mp4,963,32.1,30.0,368,2,traffic_signs,0.8123838901519775,832.7136840820312,181.665771484375,984.3607788085938,364.4917907714844,908.5372314453125,273.0787811279297,151.6470947265625,182.82601928710938
IMG_0028.mp4,963,32.1,30.0,372,2,traffic_signs,0.8586641550064087,635.2565307617188,0.0,722.188720703125,126.42849731445312,678.7226257324219,63.21424865722656,86.93218994140625,126.42849731445312
IMG_0028.mp4,963,32.1,30.0,435,2,traffic_signs,0.8545284867286682,1226.0142822265625,642.4533081054688,1240.160400390625,667.0045166015625,1233.0873413085938,654.7289123535156,14.1461181640625,24.55120849609375
IMG_0028.mp4,963,32.1,30.0,447,2,traffic_signs,0.6307120323181152,844.6968383789062,610.6713256835938,863.643798828125,651.9020385742188,854.1703186035156,631.2866821289062,18.94696044921875,41.230712890625
IMG_0028.mp4,963,32.1,30.0,457,2,traffic_signs,0.7498418092727661,1570.966552734375,553.2824096679688,1595.941162109375,619.1671142578125,1583.453857421875,586.2247619628906,24.974609375,65.88470458984375
IMG_0028.mp4,963,32.1,30.0,472,2,traffic_signs,0.8805448412895203,1279.077880859375,591.0999145507812,1320.14794921875,660.4172973632812,1299.6129150390625,625.7586059570312,41.070068359375,69.3173828125
IMG_0028.mp4,963,32.1,30.0,426,0,auth_label,0.38557833433151245,964.3565063476562,283.1348876953125,1146.0379638671875,815.0675659179688,1055.1972351074219,549.1012268066406,181.68145751953125,531.9326782226562
IMG_0028.mp4,963,32.1,30.0,475,2,traffic_signs,0.6595426201820374,1486.035400390625,662.8109130859375,1493.9227294921875,679.3634643554688,1489.9790649414062,671.0871887207031,7.8873291015625,16.55255126953125
IMG_0028.mp4,963,32.1,30.0,490,2,traffic_signs,0.6484822630882263,1545.171875,659.5881958007812,1553.8446044921875,676.2987670898438,1549.5082397460938,667.9434814453125,8.6727294921875,16.7105712890625
IMG_0028.mp4,964,32.13333333333333,30.0,368,2,traffic_signs,0.8038251996040344,817.6422119140625,176.91839599609375,972.1785888671875,363.1194152832031,894.910400390625,270.01890563964844,154.536376953125,186.20101928710938
IMG_0028.mp4,964,32.13333333333333,30.0,372,2,traffic_signs,0.7413429617881775,618.45068359375,0.0,705.4610595703125,122.20944213867188,661.9558715820312,61.10472106933594,87.0103759765625,122.20944213867188
IMG_0028.mp4,964,32.13333333333333,30.0,435,2,traffic_signs,0.8292432427406311,1214.5784912109375,643.13720703125,1229.40380859375,667.9428100585938,1221.9911499023438,655.5400085449219,14.8253173828125,24.80560302734375
IMG_0028.mp4,964,32.13333333333333,30.0,447,2,traffic_signs,0.49842047691345215,832.9530029296875,612.0383911132812,852.0634155273438,651.275390625,842.5082092285156,631.6568908691406,19.11041259765625,39.23699951171875
IMG_0028.mp4,964,32.13333333333333,30.0,457,2,traffic_signs,0.7968591451644897,1559.4635009765625,553.3341064453125,1584.6453857421875,628.2593994140625,1572.054443359375,590.7967529296875,25.181884765625,74.92529296875
IMG_0028.mp4,964,32.13333333333333,30.0,472,2,traffic_signs,0.9153274297714233,1267.6929931640625,591.0155029296875,1308.27734375,661.1138916015625,1287.9851684570312,626.064697265625,40.5843505859375,70.098388671875
IMG_0028.mp4,964,32.13333333333333,30.0,426,0,auth_label,0.5135063529014587,954.5609130859375,282.3358154296875,1135.2711181640625,816.2608032226562,1044.916015625,549.2983093261719,180.710205078125,533.9249877929688
IMG_0028.mp4,964,32.13333333333333,30.0,475,2,traffic_signs,0.7042312026023865,1474.363037109375,663.2296142578125,1482.385009765625,680.1651611328125,1478.3740234375,671.6973876953125,8.02197265625,16.935546875
IMG_0028.mp4,964,32.13333333333333,30.0,490,2,traffic_signs,0.5353672504425049,1533.379150390625,660.5765380859375,1541.658447265625,676.9585571289062,1537.518798828125,668.7675476074219,8.279296875,16.38201904296875
IMG_0028.mp4,964,32.13333333333333,30.0,491,0,auth_label,0.3303773105144501,755.1617431640625,291.3948974609375,1134.824462890625,815.5411987304688,944.9931030273438,553.4680480957031,379.6627197265625,524.1463012695312
IMG_0028.mp4,965,32.166666666666664,30.0,368,2,traffic_signs,0.9002274870872498,802.5714721679688,172.77622985839844,957.80126953125,361.88970947265625,880.1863708496094,267.33296966552734,155.22979736328125,189.1134796142578
IMG_0028.mp4,965,32.166666666666664,30.0,372,2,traffic_signs,0.818647563457489,600.517578125,0.0,689.1593627929688,116.7987060546875,644.8384704589844,58.39935302734375,88.64178466796875,116.7987060546875
IMG_0028.mp4,965,32.166666666666664,30.0,435,2,traffic_signs,0.8251522183418274,1203.410400390625,643.2189331054688,1218.2802734375,667.578369140625,1210.8453369140625,655.3986511230469,14.869873046875,24.35943603515625
IMG_0028.mp4,965,32.166666666666664,30.0,447,2,traffic_signs,0.6049937009811401,822.2094116210938,613.036865234375,840.7681884765625,651.5680541992188,831.4888000488281,632.3024597167969,18.55877685546875,38.53118896484375
IMG_0028.mp4,965,32.166666666666664,30.0,457,2,traffic_signs,0.7002149820327759,1547.495361328125,553.2613525390625,1572.672119140625,625.035888671875,1560.083740234375,589.1486206054688,25.1767578125,71.7745361328125
IMG_0028.mp4,965,32.166666666666664,30.0,472,2,traffic_signs,0.9070249199867249,1256.72705078125,590.9012451171875,1297.02978515625,660.8986206054688,1276.87841796875,625.8999328613281,40.302734375,69.99737548828125
IMG_0028.mp4,965,32.166666666666664,30.0,426,0,auth_label,0.5671510696411133,928.0218505859375,285.22747802734375,1124.2462158203125,815.500732421875,1026.134033203125,550.3641052246094,196.224365234375,530.2732543945312
IMG_0028.mp4,965,32.166666666666664,30.0,475,2,traffic_signs,0.7117918133735657,1462.49560546875,663.3034057617188,1470.520263671875,680.9076538085938,1466.5079345703125,672.1055297851562,8.024658203125,17.604248046875
IMG_0028.mp4,965,32.166666666666664,30.0,490,2,traffic_signs,0.38754576444625854,1521.120849609375,660.9649047851562,1529.5611572265625,676.8760986328125,1525.3410034179688,668.9205017089844,8.4403076171875,15.91119384765625
IMG_0028.mp4,965,32.166666666666664,30.0,491,0,auth_label,0.26322996616363525,753.2958984375,294.4282531738281,1115.507568359375,815.796875,934.4017333984375,555.1125640869141,362.211669921875,521.3686218261719
IMG_0028.mp4,965,32.166666666666664,30.0,484,2,traffic_signs,0.5532892942428589,1670.83447265625,553.4425659179688,1747.2806396484375,785.988037109375,1709.0575561523438,669.7153015136719,76.4461669921875,232.54547119140625
IMG_0028.mp4,966,32.2,30.0,368,2,traffic_signs,0.8834406137466431,787.6677856445312,168.71453857421875,943.80859375,358.7480163574219,865.7381896972656,263.7312774658203,156.14080810546875,190.03347778320312
IMG_0028.mp4,966,32.2,30.0,372,2,traffic_signs,0.6139282584190369,582.0302734375,0.0,671.8390502929688,111.11978912353516,626.9346618652344,55.55989456176758,89.80877685546875,111.11978912353516
IMG_0028.mp4,966,32.2,30.0,435,2,traffic_signs,0.7328247427940369,1191.9957275390625,643.5631713867188,1206.9100341796875,667.7275390625,1199.452880859375,655.6453552246094,14.914306640625,24.16436767578125
IMG_0028.mp4,966,32.2,30.0,447,2,traffic_signs,0.586679220199585,810.0947265625,608.9685668945312,829.3160400390625,653.984130859375,819.7053833007812,631.4763488769531,19.2213134765625,45.01556396484375
IMG_0028.mp4,966,32.2,30.0,457,2,traffic_signs,0.577522337436676,1535.730224609375,553.9942016601562,1560.7830810546875,625.5089111328125,1548.2566528320312,589.7515563964844,25.0528564453125,71.51470947265625
IMG_0028.mp4,966,32.2,30.0,472,2,traffic_signs,0.879847526550293,1245.2469482421875,590.7575073242188,1285.637939453125,661.719970703125,1265.4424438476562,626.2387390136719,40.3909912109375,70.96246337890625
IMG_0028.mp4,966,32.2,30.0,426,0,auth_label,0.772668719291687,930.628173828125,278.1540832519531,1112.6090087890625,816.373779296875,1021.6185913085938,547.2639312744141,181.9808349609375,538.2196960449219
IMG_0028.mp4,966,32.2,30.0,475,2,traffic_signs,0.5771190524101257,1450.3345947265625,663.71826171875,1458.5235595703125,681.2379760742188,1454.4290771484375,672.4781188964844,8.18896484375,17.51971435546875
IMG_0028.mp4,966,32.2,30.0,490,2,traffic_signs,0.5802997946739197,1509.22607421875,661.5797729492188,1517.4156494140625,677.3807373046875,1513.3208618164062,669.4802551269531,8.1895751953125,15.80096435546875
IMG_0028.mp4,966,32.2,30.0,500,2,traffic_signs,0.8919410109519958,1886.5570068359375,599.0488891601562,1917.526123046875,637.9935302734375,1902.0415649414062,618.5212097167969,30.9691162109375,38.94464111328125
IMG_0028.mp4,966,32.2,30.0,484,2,traffic_signs,0.7135411500930786,1661.665771484375,627.9099731445312,1717.0548095703125,783.0574951171875,1689.3602905273438,705.4837341308594,55.3890380859375,155.14752197265625
IMG_0028.mp4,967,32.233333333333334,30.0,368,2,traffic_signs,0.9312170147895813,771.1539306640625,165.01878356933594,928.4810180664062,356.676025390625,849.8174743652344,260.84740447998047,157.32708740234375,191.65724182128906
IMG_0028.mp4,967,32.233333333333334,30.0,435,2,traffic_signs,0.8015614151954651,1180.6781005859375,644.3219604492188,1195.5970458984375,667.4688110351562,1188.1375732421875,655.8953857421875,14.9189453125,23.1468505859375
IMG_0028.mp4,967,32.233333333333334,30.0,447,2,traffic_signs,0.31776100397109985,798.87548828125,607.5718994140625,818.1105346679688,653.715576171875,808.4930114746094,630.6437377929688,19.23504638671875,46.1436767578125
IMG_0028.mp4,967,32.233333333333334,30.0,457,2,traffic_signs,0.6411758065223694,1523.4881591796875,554.8270263671875,1548.910888671875,621.6105346679688,1536.1995239257812,588.2187805175781,25.4227294921875,66.78350830078125
IMG_0028.mp4,967,32.233333333333334,30.0,472,2,traffic_signs,0.8834354877471924,1234.360595703125,590.1605834960938,1274.3238525390625,662.7510375976562,1254.3422241210938,626.455810546875,39.9632568359375,72.5904541015625
IMG_0028.mp4,967,32.233333333333334,30.0,475,2,traffic_signs,0.6870582103729248,1438.584228515625,664.0923461914062,1446.9110107421875,682.2072143554688,1442.7476196289062,673.1497802734375,8.3267822265625,18.1148681640625
IMG_0028.mp4,967,32.233333333333334,30.0,490,2,traffic_signs,0.6399641633033752,1497.64013671875,662.103759765625,1505.98779296875,678.106689453125,1501.81396484375,670.105224609375,8.34765625,16.0029296875
IMG_0028.mp4,967,32.233333333333334,30.0,500,2,traffic_signs,0.8720637559890747,1873.8056640625,599.9053955078125,1912.858154296875,638.1133422851562,1893.3319091796875,619.0093688964844,39.052490234375,38.20794677734375
IMG_0028.mp4,968,32.266666666666666,30.0,368,2,traffic_signs,0.804492175579071,754.9051513671875,160.127685546875,913.5604858398438,356.44366455078125,834.2328186035156,258.2856750488281,158.65533447265625,196.31597900390625
IMG_0028.mp4,968,32.266666666666666,30.0,435,2,traffic_signs,0.8299307227134705,1169.523193359375,644.7388305664062,1184.38916015625,667.6597900390625,1176.9561767578125,656.1993103027344,14.865966796875,22.92095947265625
IMG_0028.mp4,968,32.266666666666666,30.0,447,2,traffic_signs,0.6165984272956848,787.2288818359375,608.2410888671875,806.9286499023438,653.0140380859375,797.0787658691406,630.6275634765625,19.69976806640625,44.77294921875
IMG_0028.mp4,968,32.266666666666666,30.0,457,2,traffic_signs,0.8295636177062988,1511.919677734375,555.4814453125,1537.384033203125,626.385009765625,1524.65185546875,590.9332275390625,25.46435546875,70.903564453125
IMG_0028.mp4,968,32.266666666666666,30.0,472,2,traffic_signs,0.8948941230773926,1222.813720703125,589.690673828125,1262.9974365234375,662.6300048828125,1242.9055786132812,626.1603393554688,40.1837158203125,72.9393310546875
IMG_0028.mp4,968,32.266666666666666,30.0,475,2,traffic_signs,0.6878102421760559,1426.8642578125,664.3303833007812,1435.2581787109375,682.2616577148438,1431.0612182617188,673.2960205078125,8.3939208984375,17.9312744140625
IMG_0028.mp4,968,32.266666666666666,30.0,490,2,traffic_signs,0.6055550575256348,1485.919677734375,662.882080078125,1494.085693359375,678.0964965820312,1490.002685546875,670.4892883300781,8.166015625,15.21441650390625
IMG_0028.mp4,968,32.266666666666666,30.0,500,2,traffic_signs,0.8629809617996216,1860.497314453125,600.7172241210938,1902.9990234375,638.5428466796875,1881.7481689453125,619.6300354003906,42.501708984375,37.82562255859375
IMG_0028.mp4,968,32.266666666666666,30.0,491,0,auth_label,0.3720426559448242,713.1515502929688,282.6872253417969,1091.4774169921875,817.992431640625,902.3144836425781,550.3398284912109,378.32586669921875,535.3052062988281
IMG_0028.mp4,968,32.266666666666666,30.0,484,2,traffic_signs,0.7792282104492188,1638.4158935546875,659.6597900390625,1687.447265625,782.1383056640625,1662.9315795898438,720.8990478515625,49.0313720703125,122.478515625
IMG_0028.mp4,969,32.3,30.0,368,2,traffic_signs,0.6414682269096375,738.9956665039062,155.04103088378906,901.7286987304688,352.9173583984375,820.3621826171875,253.97919464111328,162.7330322265625,197.87632751464844
IMG_0028.mp4,969,32.3,30.0,435,2,traffic_signs,0.8248405456542969,1158.724365234375,645.113525390625,1173.18603515625,668.1369018554688,1165.9552001953125,656.6252136230469,14.461669921875,23.02337646484375
IMG_0028.mp4,969,32.3,30.0,447,2,traffic_signs,0.793308675289154,775.7108154296875,607.5599975585938,795.3290405273438,652.835205078125,785.5199279785156,630.1976013183594,19.61822509765625,45.27520751953125
IMG_0028.mp4,969,32.3,30.0,457,2,traffic_signs,0.6738130450248718,1500.0870361328125,555.8147583007812,1525.822509765625,624.823974609375,1512.9547729492188,590.3193664550781,25.7354736328125,69.00921630859375
IMG_0028.mp4,969,32.3,30.0,472,2,traffic_signs,0.8917719721794128,1211.6422119140625,590.4335327148438,1251.6168212890625,662.1629028320312,1231.6295166015625,626.2982177734375,39.974609375,71.7293701171875
IMG_0028.mp4,969,32.3,30.0,475,2,traffic_signs,0.726528525352478,1415.15087890625,664.6275024414062,1423.567626953125,683.4028930664062,1419.3592529296875,674.0151977539062,8.416748046875,18.775390625
IMG_0028.mp4,969,32.3,30.0,490,2,traffic_signs,0.6405583620071411,1473.8359375,663.2033081054688,1482.3975830078125,678.22412109375,1478.1167602539062,670.7137145996094,8.5616455078125,15.02081298828125
IMG_0028.mp4,969,32.3,30.0,500,2,traffic_signs,0.8280272483825684,1846.9696044921875,601.10595703125,1890.7645263671875,639.204345703125,1868.8670654296875,620.1551513671875,43.794921875,38.098388671875
IMG_0028.mp4,969,32.3,30.0,484,2,traffic_signs,0.7476834058761597,1623.7410888671875,581.5452270507812,1692.3599853515625,788.3399047851562,1658.050537109375,684.9425659179688,68.618896484375,206.794677734375
IMG_0028.mp4,969,32.3,30.0,372,2,traffic_signs,0.26507532596588135,528.4175415039062,0.0,618.5281372070312,95.10114288330078,573.4728393554688,47.55057144165039,90.110595703125,95.10114288330078
IMG_0028.mp4,969,32.3,30.0,426,0,auth_label,0.7371287941932678,900.853271484375,273.7797546386719,1077.82568359375,819.5798950195312,989.3394775390625,546.6798248291016,176.972412109375,545.8001403808594
IMG_0028.mp4,970,32.333333333333336,30.0,368,2,traffic_signs,0.7319574356079102,723.2579345703125,150.63372802734375,885.95458984375,349.12823486328125,804.6062622070312,249.8809814453125,162.6966552734375,198.4945068359375
IMG_0028.mp4,970,32.333333333333336,30.0,435,2,traffic_signs,0.8365321159362793,1148.0255126953125,645.70947265625,1162.1126708984375,668.0211791992188,1155.069091796875,656.8653259277344,14.087158203125,22.31170654296875
IMG_0028.mp4,970,32.333333333333336,30.0,447,2,traffic_signs,0.8027781844139099,763.0330810546875,603.5534057617188,783.7073364257812,653.8933715820312,773.3702087402344,628.723388671875,20.67425537109375,50.3399658203125
IMG_0028.mp4,970,32.333333333333336,30.0,457,2,traffic_signs,0.7740270495414734,1488.3060302734375,556.12890625,1514.0731201171875,623.504638671875,1501.1895751953125,589.8167724609375,25.76708984375,67.375732421875
IMG_0028.mp4,970,32.333333333333336,30.0,472,2,traffic_signs,0.8526730537414551,1200.2437744140625,590.9049072265625,1240.8973388671875,661.6934814453125,1220.570556640625,626.2991943359375,40.653564453125,70.78857421875
IMG_0028.mp4,970,32.333333333333336,30.0,475,2,traffic_signs,0.7482843995094299,1403.5291748046875,664.842529296875,1411.9757080078125,683.533203125,1407.75244140625,674.1878662109375,8.446533203125,18.690673828125
IMG_0028.mp4,970,32.333333333333336,30.0,490,2,traffic_signs,0.552345871925354,1461.9019775390625,663.4276733398438,1470.4857177734375,678.5834350585938,1466.19384765625,671.0055541992188,8.583740234375,15.15576171875
IMG_0028.mp4,970,32.333333333333336,30.0,500,2,traffic_signs,0.8328803777694702,1834.0487060546875,601.6453857421875,1877.6419677734375,639.5413818359375,1855.8453369140625,620.5933837890625,43.59326171875,37.89599609375
IMG_0028.mp4,970,32.333333333333336,30.0,484,2,traffic_signs,0.7868964672088623,1613.58056640625,622.8492431640625,1669.8558349609375,787.017822265625,1641.7182006835938,704.9335327148438,56.2752685546875,164.1685791015625
IMG_0028.mp4,970,32.333333333333336,30.0,426,0,auth_label,0.5937401056289673,890.100341796875,271.9527587890625,1067.4539794921875,819.0989990234375,978.7771606445312,545.52587890625,177.3536376953125,547.146240234375
IMG_0028.mp4,970,32.333333333333336,30.0,491,0,auth_label,0.4150475859642029,681.7725219726562,311.84356689453125,936.516357421875,811.748046875,809.1444396972656,561.7958068847656,254.74383544921875,499.90447998046875
IMG_0028.mp4,971,32.36666666666667,30.0,368,2,traffic_signs,0.42601409554481506,706.2939453125,145.68505859375,871.4349365234375,344.5272521972656,788.8644409179688,245.1061553955078,165.1409912109375,198.84219360351562
IMG_0028.mp4,971,32.36666666666667,30.0,435,2,traffic_signs,0.8322551846504211,1137.1334228515625,645.8856811523438,1151.0699462890625,668.4583129882812,1144.1016845703125,657.1719970703125,13.9365234375,22.5726318359375
IMG_0028.mp4,971,32.36666666666667,30.0,447,2,traffic_signs,0.6376332640647888,751.708740234375,601.6829223632812,772.5082397460938,654.5767822265625,762.1084899902344,628.1298522949219,20.79949951171875,52.89385986328125
IMG_0028.mp4,971,32.36666666666667,30.0,457,2,traffic_signs,0.6561351418495178,1476.2613525390625,556.3644409179688,1502.898193359375,620.7728881835938,1489.5797729492188,588.5686645507812,26.6368408203125,64.408447265625
IMG_0028.mp4,971,32.36666666666667,30.0,472,2,traffic_signs,0.8612226247787476,1189.2486572265625,590.2745361328125,1229.9471435546875,664.4684448242188,1209.597900390625,627.3714904785156,40.698486328125,74.19390869140625
IMG_0028.mp4,971,32.36666666666667,30.0,475,2,traffic_signs,0.708262026309967,1392.4737548828125,665.3936157226562,1400.541748046875,684.724609375,1396.5077514648438,675.0591125488281,8.0679931640625,19.33099365234375
IMG_0028.mp4,971,32.36666666666667,30.0,490,2,traffic_signs,0.5403724908828735,1450.268798828125,663.5880737304688,1458.694580078125,679.2288818359375,1454.481689453125,671.4084777832031,8.42578125,15.64080810546875
IMG_0028.mp4,971,32.36666666666667,30.0,500,2,traffic_signs,0.8668965697288513,1821.09912109375,602.205810546875,1864.7171630859375,640.3551635742188,1842.9081420898438,621.2804870605469,43.6180419921875,38.14935302734375
IMG_0028.mp4,971,32.36666666666667,30.0,426,0,auth_label,0.2687903344631195,876.9003295898438,269.5928649902344,1054.8211669921875,820.9130859375,965.8607482910156,545.2529754638672,177.92083740234375,551.3202209472656
IMG_0028.mp4,971,32.36666666666667,30.0,505,2,traffic_signs,0.453407883644104,1601.11279296875,606.3731689453125,1616.6031494140625,640.8445434570312,1608.8579711914062,623.6088562011719,15.4903564453125,34.47137451171875
IMG_0028.mp4,971,32.36666666666667,30.0,441,2,traffic_signs,0.59736567735672,1190.3365478515625,587.8063354492188,1230.723876953125,672.7780151367188,1210.5302124023438,630.2921752929688,40.3873291015625,84.9716796875
IMG_0028.mp4,972,32.4,30.0,435,2,traffic_signs,0.8454012274742126,1126.054443359375,646.0283203125,1140.2471923828125,668.751220703125,1133.1508178710938,657.3897705078125,14.1927490234375,22.722900390625
IMG_0028.mp4,972,32.4,30.0,447,2,traffic_signs,0.7113710045814514,740.9161376953125,603.0703125,761.1492309570312,653.888427734375,751.0326843261719,628.4793701171875,20.23309326171875,50.818115234375
IMG_0028.mp4,972,32.4,30.0,457,2,traffic_signs,0.8732500076293945,1464.423828125,556.1273803710938,1491.4271240234375,627.0669555664062,1477.9254760742188,591.59716796875,27.0032958984375,70.9395751953125
IMG_0028.mp4,972,32.4,30.0,472,2,traffic_signs,0.885843813419342,1178.162353515625,590.1614379882812,1219.3209228515625,663.2001953125,1198.7416381835938,626.6808166503906,41.1585693359375,73.03875732421875
IMG_0028.mp4,972,32.4,30.0,475,2,traffic_signs,0.755416989326477,1381.1845703125,665.6827392578125,1389.2333984375,684.9703369140625,1385.208984375,675.3265380859375,8.048828125,19.28759765625
IMG_0028.mp4,972,32.4,30.0,490,2,traffic_signs,0.38731199502944946,1438.7508544921875,664.468505859375,1447.0450439453125,679.4783935546875,1442.89794921875,671.9734497070312,8.294189453125,15.0098876953125
IMG_0028.mp4,972,32.4,30.0,500,2,traffic_signs,0.38637346029281616,1808.3603515625,603.0289306640625,1851.068115234375,641.2279663085938,1829.7142333984375,622.1284484863281,42.707763671875,38.19903564453125
IMG_0028.mp4,972,32.4,30.0,426,0,auth_label,0.5180838108062744,857.4099731445312,272.49114990234375,1043.1041259765625,820.1384887695312,950.2570495605469,546.3148193359375,185.69415283203125,547.6473388671875
IMG_0028.mp4,972,32.4,30.0,484,2,traffic_signs,0.8649038076400757,1590.67529296875,655.1956787109375,1640.2281494140625,784.1482543945312,1615.4517211914062,719.6719665527344,49.5528564453125,128.95257568359375
IMG_0028.mp4,973,32.43333333333333,30.0,435,2,traffic_signs,0.8335239887237549,1115.1220703125,646.2943115234375,1129.517822265625,669.436279296875,1122.3199462890625,657.8652954101562,14.395751953125,23.1419677734375
IMG_0028.mp4,973,32.43333333333333,30.0,447,2,traffic_signs,0.8157643675804138,729.325927734375,603.5661010742188,748.5009765625,655.3355712890625,738.9134521484375,629.4508361816406,19.175048828125,51.76947021484375
IMG_0028.mp4,973,32.43333333333333,30.0,457,2,traffic_signs,0.6229314804077148,1452.4630126953125,555.552978515625,1479.984130859375,632.0029296875,1466.2235717773438,593.7779541015625,27.5211181640625,76.449951171875
IMG_0028.mp4,973,32.43333333333333,30.0,472,2,traffic_signs,0.9092302918434143,1167.0269775390625,591.0006713867188,1207.6744384765625,662.6377563476562,1187.3507080078125,626.8192138671875,40.6474609375,71.6370849609375
IMG_0028.mp4,973,32.43333333333333,30.0,475,2,traffic_signs,0.7079026103019714,1369.7750244140625,665.8873901367188,1377.781494140625,684.9754028320312,1373.7782592773438,675.431396484375,8.0064697265625,19.0880126953125
IMG_0028.mp4,973,32.43333333333333,30.0,490,2,traffic_signs,0.6227053999900818,1427.05029296875,664.7784423828125,1435.63671875,680.4871215820312,1431.343505859375,672.6327819824219,8.58642578125,15.70867919921875
IMG_0028.mp4,973,32.43333333333333,30.0,500,2,traffic_signs,0.8526665568351746,1795.962890625,603.6480102539062,1837.0157470703125,641.8836059570312,1816.4893188476562,622.7658081054688,41.0528564453125,38.235595703125
IMG_0028.mp4,973,32.43333333333333,30.0,426,0,auth_label,0.6970207095146179,843.9951782226562,274.4980163574219,1031.913330078125,818.9871826171875,937.9542541503906,546.7425994873047,187.91815185546875,544.4891662597656
IMG_0028.mp4,973,32.43333333333333,30.0,484,2,traffic_signs,0.5906851291656494,1576.6834716796875,580.5397338867188,1645.1568603515625,787.3480834960938,1610.920166015625,683.9439086914062,68.473388671875,206.808349609375
IMG_0028.mp4,973,32.43333333333333,30.0,368,2,traffic_signs,0.6452731490135193,673.8673095703125,135.998046875,841.8519897460938,339.55035400390625,757.8596496582031,237.77420043945312,167.98468017578125,203.55230712890625
IMG_0028.mp4,974,32.46666666666667,30.0,435,2,traffic_signs,0.8358469605445862,1104.453857421875,646.6864624023438,1118.404052734375,669.6060180664062,1111.428955078125,658.146240234375,13.9501953125,22.9195556640625
IMG_0028.mp4,974,32.46666666666667,30.0,447,2,traffic_signs,0.6160192489624023,717.2666015625,603.97412109375,733.7521362304688,657.9984130859375,725.5093688964844,630.9862670898438,16.48553466796875,54.0242919921875
IMG_0028.mp4,974,32.46666666666667,30.0,457,2,traffic_signs,0.8507353067398071,1440.513427734375,556.447509765625,1467.71484375,629.5043334960938,1454.1141357421875,592.9759216308594,27.201416015625,73.05682373046875
IMG_0028.mp4,974,32.46666666666667,30.0,472,2,traffic_signs,0.849561870098114,1155.9951171875,592.1406860351562,1196.640625,661.8699340820312,1176.31787109375,627.0053100585938,40.6455078125,69.729248046875
IMG_0028.mp4,974,32.46666666666667,30.0,475,2,traffic_signs,0.7772683501243591,1358.059326171875,666.2066650390625,1366.1826171875,684.1161499023438,1362.1209716796875,675.1614074707031,8.123291015625,17.90948486328125
IMG_0028.mp4,974,32.46666666666667,30.0,490,2,traffic_signs,0.646062970161438,1415.623291015625,665.1531372070312,1423.7322998046875,680.8302001953125,1419.6777954101562,672.9916687011719,8.1090087890625,15.67706298828125
IMG_0028.mp4,974,32.46666666666667,30.0,500,2,traffic_signs,0.832570493221283,1783.2373046875,604.885986328125,1823.292724609375,642.2921752929688,1803.2650146484375,623.5890808105469,40.055419921875,37.40618896484375
IMG_0028.mp4,974,32.46666666666667,30.0,484,2,traffic_signs,0.8797892928123474,1566.2791748046875,625.5005493164062,1622.7333984375,785.1422729492188,1594.5062866210938,705.3214111328125,56.4542236328125,159.6417236328125
IMG_0028.mp4,974,32.46666666666667,30.0,368,2,traffic_signs,0.6046857237815857,657.3304443359375,130.60684204101562,826.3132934570312,336.483154296875,741.8218688964844,233.5449981689453,168.98284912109375,205.87631225585938
IMG_0028.mp4,974,32.46666666666667,30.0,505,2,traffic_signs,0.6311752200126648,1565.1890869140625,606.7960815429688,1580.9002685546875,643.1419677734375,1573.044677734375,624.9690246582031,15.711181640625,36.34588623046875
IMG_0028.mp4,975,32.5,30.0,435,2,traffic_signs,0.8373710513114929,1093.4837646484375,646.9497680664062,1107.7210693359375,669.9955444335938,1100.6024169921875,658.47265625,14.2373046875,23.0457763671875
IMG_0028.mp4,975,32.5,30.0,457,2,traffic_signs,0.8473091721534729,1428.911865234375,557.3482055664062,1456.22998046875,624.8098754882812,1442.5709228515625,591.0790405273438,27.318115234375,67.461669921875
IMG_0028.mp4,975,32.5,30.0,472,2,traffic_signs,0.8703281283378601,1145.197265625,592.5654907226562,1184.769287109375,664.382568359375,1164.9832763671875,628.4740295410156,39.572021484375,71.81707763671875
IMG_0028.mp4,975,32.5,30.0,475,2,traffic_signs,0.7091971635818481,1346.7838134765625,667.1433715820312,1355.0399169921875,684.1915893554688,1350.911865234375,675.66748046875,8.256103515625,17.0482177734375
IMG_0028.mp4,975,32.5,30.0,490,2,traffic_signs,0.6059495210647583,1404.12060546875,665.3615112304688,1412.101806640625,681.9995727539062,1408.1112060546875,673.6805419921875,7.981201171875,16.6380615234375
IMG_0028.mp4,975,32.5,30.0,500,2,traffic_signs,0.7885359525680542,1770.679931640625,605.5892944335938,1810.53466796875,643.0863647460938,1790.6072998046875,624.3378295898438,39.854736328125,37.4970703125
IMG_0028.mp4,975,32.5,30.0,484,2,traffic_signs,0.6068059206008911,1555.527099609375,652.2040405273438,1607.7877197265625,786.77880859375,1581.6574096679688,719.4914245605469,52.2606201171875,134.57476806640625
IMG_0028.mp4,975,32.5,30.0,505,2,traffic_signs,0.4439219832420349,1553.5704345703125,608.0720825195312,1568.662353515625,642.8135375976562,1561.1163940429688,625.4428100585938,15.0919189453125,34.741455078125
IMG_0028.mp4,975,32.5,30.0,426,0,auth_label,0.7035995721817017,758.1635131835938,273.4220275878906,1007.4519653320312,820.3524780273438,882.8077392578125,546.8872528076172,249.2884521484375,546.9304504394531
IMG_0028.mp4,976,32.53333333333333,30.0,435,2,traffic_signs,0.8336261510848999,1082.5068359375,646.9371337890625,1096.7470703125,670.4581298828125,1089.626953125,658.6976318359375,14.240234375,23.52099609375
IMG_0028.mp4,976,32.53333333333333,30.0,457,2,traffic_signs,0.8648738861083984,1417.643310546875,557.7118530273438,1444.65087890625,625.8539428710938,1431.1470947265625,591.7828979492188,27.007568359375,68.14208984375
IMG_0028.mp4,976,32.53333333333333,30.0,472,2,traffic_signs,0.9101454019546509,1133.858642578125,592.58251953125,1174.4190673828125,662.7667846679688,1154.1388549804688,627.6746520996094,40.5604248046875,70.18426513671875
IMG_0028.mp4,976,32.53333333333333,30.0,475,2,traffic_signs,0.713767409324646,1335.8787841796875,667.3582153320312,1343.8204345703125,683.9310913085938,1339.849609375,675.6446533203125,7.941650390625,16.5728759765625
IMG_0028.mp4,976,32.53333333333333,30.0,490,2,traffic_signs,0.7323490381240845,1392.700439453125,665.8493041992188,1400.5068359375,681.5827026367188,1396.6036376953125,673.7160034179688,7.806396484375,15.7333984375
IMG_0028.mp4,976,32.53333333333333,30.0,500,2,traffic_signs,0.6622439622879028,1758.6468505859375,606.3151245117188,1797.7591552734375,643.1713256835938,1778.2030029296875,624.7432250976562,39.1123046875,36.856201171875
IMG_0028.mp4,976,32.53333333333333,30.0,484,2,traffic_signs,0.8921010494232178,1543.959228515625,662.1820068359375,1593.8309326171875,785.3106079101562,1568.8950805664062,723.7463073730469,49.8717041015625,123.12860107421875
IMG_0028.mp4,976,32.53333333333333,30.0,505,2,traffic_signs,0.42612218856811523,1541.4742431640625,607.5831909179688,1556.7822265625,644.6173706054688,1549.1282348632812,626.1002807617188,15.3079833984375,37.0341796875
IMG_0028.mp4,976,32.53333333333333,30.0,509,1,traffic_lights,0.361780047416687,325.7262878417969,53.875919342041016,461.2283020019531,265.9277038574219,393.477294921875,159.90181159973145,135.50201416015625,212.05178451538086
IMG_0028.mp4,976,32.53333333333333,30.0,426,0,auth_label,0.7881474494934082,733.6724243164062,268.156494140625,996.2536010742188,822.43115234375,864.9630126953125,545.2938232421875,262.5811767578125,554.274658203125
IMG_0028.mp4,977,32.56666666666667,30.0,435,2,traffic_signs,0.8435454368591309,1071.4404296875,646.693359375,1085.9078369140625,670.7642211914062,1078.6741333007812,658.7287902832031,14.4674072265625,24.07086181640625
IMG_0028.mp4,977,32.56666666666667,30.0,457,2,traffic_signs,0.7821345925331116,1405.7515869140625,557.385009765625,1433.39404296875,632.79931640625,1419.5728149414062,595.0921630859375,27.6424560546875,75.414306640625
IMG_0028.mp4,977,32.56666666666667,30.0,472,2,traffic_signs,0.9098297953605652,1122.7642822265625,592.270751953125,1162.4371337890625,663.6182861328125,1142.6007080078125,627.9445190429688,39.6728515625,71.3475341796875
IMG_0028.mp4,977,32.56666666666667,30.0,475,2,traffic_signs,0.7168169617652893,1324.6893310546875,667.3194580078125,1332.292236328125,684.048095703125,1328.4907836914062,675.6837768554688,7.6029052734375,16.7286376953125
IMG_0028.mp4,977,32.56666666666667,30.0,490,2,traffic_signs,0.6607523560523987,1381.30078125,666.3247680664062,1389.16064453125,681.73828125,1385.230712890625,674.0315246582031,7.85986328125,15.41351318359375
IMG_0028.mp4,977,32.56666666666667,30.0,500,2,traffic_signs,0.6275659203529358,1746.083740234375,606.5603637695312,1785.4464111328125,643.8547973632812,1765.7650756835938,625.2075805664062,39.3626708984375,37.29443359375
IMG_0028.mp4,977,32.56666666666667,30.0,484,2,traffic_signs,0.47074437141418457,1531.946044921875,665.6224365234375,1585.2530517578125,787.022216796875,1558.5995483398438,726.3223266601562,53.3070068359375,121.3997802734375
IMG_0028.mp4,978,32.6,30.0,435,2,traffic_signs,0.6565436124801636,1060.5665283203125,647.3208618164062,1074.4320068359375,670.9723510742188,1067.499267578125,659.1466064453125,13.865478515625,23.6514892578125
IMG_0028.mp4,978,32.6,30.0,457,2,traffic_signs,0.8350420594215393,1394.5347900390625,558.0797119140625,1421.5460205078125,630.8042602539062,1408.0404052734375,594.4419860839844,27.01123046875,72.72454833984375
IMG_0028.mp4,978,32.6,30.0,472,2,traffic_signs,0.8755456209182739,1111.6153564453125,593.7282104492188,1151.5069580078125,664.0158081054688,1131.5611572265625,628.8720092773438,39.8916015625,70.28759765625
IMG_0028.mp4,978,32.6,30.0,475,2,traffic_signs,0.7589532136917114,1313.164306640625,667.7915649414062,1321.034912109375,685.290771484375,1317.099609375,676.5411682128906,7.87060546875,17.49920654296875
IMG_0028.mp4,978,32.6,30.0,490,2,traffic_signs,0.7480244040489197,1369.8321533203125,667.4248657226562,1377.89599609375,682.2335205078125,1373.8640747070312,674.8291931152344,8.0638427734375,14.80865478515625
IMG_0028.mp4,978,32.6,30.0,484,2,traffic_signs,0.8624252080917358,1520.747314453125,666.5637817382812,1569.6475830078125,786.701171875,1545.1974487304688,726.6324768066406,48.9002685546875,120.13739013671875
IMG_0028.mp4,978,32.6,30.0,505,2,traffic_signs,0.6209224462509155,1518.9412841796875,608.3228759765625,1533.6929931640625,644.734130859375,1526.317138671875,626.5285034179688,14.751708984375,36.4112548828125
IMG_0028.mp4,978,32.6,30.0,426,0,auth_label,0.6962828040122986,687.9874877929688,262.34161376953125,973.4771728515625,823.5054321289062,830.7323303222656,542.9235229492188,285.48968505859375,561.163818359375
IMG_0028.mp4,979,32.63333333333333,30.0,435,2,traffic_signs,0.8333482146263123,1049.9893798828125,647.558837890625,1063.552978515625,671.2676391601562,1056.7711791992188,659.4132385253906,13.5635986328125,23.70880126953125
IMG_0028.mp4,979,32.63333333333333,30.0,457,2,traffic_signs,0.8023129105567932,1382.84619140625,557.7470703125,1409.848388671875,628.48779296875,1396.3472900390625,593.117431640625,27.002197265625,70.74072265625
IMG_0028.mp4,979,32.63333333333333,30.0,472,2,traffic_signs,0.8750340342521667,1100.2161865234375,594.6199340820312,1140.4022216796875,664.0736083984375,1120.3092041015625,629.3467712402344,40.18603515625,69.45367431640625
IMG_0028.mp4,979,32.63333333333333,30.0,475,2,traffic_signs,0.7097281217575073,1301.7860107421875,668.1087036132812,1309.7193603515625,684.1876220703125,1305.752685546875,676.1481628417969,7.933349609375,16.07891845703125
IMG_0028.mp4,979,32.63333333333333,30.0,490,2,traffic_signs,0.7480502724647522,1358.3819580078125,667.5823364257812,1366.4210205078125,683.1154174804688,1362.4014892578125,675.348876953125,8.0390625,15.5330810546875
IMG_0028.mp4,979,32.63333333333333,30.0,484,2,traffic_signs,0.6786699891090393,1508.93798828125,667.033447265625,1559.6705322265625,788.2191162109375,1534.3042602539062,727.6262817382812,50.7325439453125,121.1856689453125
IMG_0028.mp4,979,32.63333333333333,30.0,511,2,traffic_signs,0.797563910484314,1722.14501953125,604.5470581054688,1760.5679931640625,766.5260009765625,1741.3565063476562,685.5365295410156,38.4229736328125,161.97894287109375
IMG_0028.mp4,979,32.63333333333333,30.0,505,2,traffic_signs,0.408101350069046,1506.7432861328125,608.2000122070312,1521.53515625,644.8697509765625,1514.1392211914062,626.5348815917969,14.7918701171875,36.66973876953125
IMG_0028.mp4,979,32.63333333333333,30.0,426,0,auth_label,0.4365178942680359,675.793701171875,256.7911376953125,960.6287231445312,824.4483642578125,818.2112121582031,540.6197509765625,284.83502197265625,567.6572265625
IMG_0028.mp4,980,32.666666666666664,30.0,435,2,traffic_signs,0.8162638545036316,1039.4822998046875,648.0465087890625,1052.7239990234375,672.1701049804688,1046.1031494140625,660.1083068847656,13.24169921875,24.12359619140625
IMG_0028.mp4,980,32.666666666666664,30.0,457,2,traffic_signs,0.8659498691558838,1371.8577880859375,557.8903198242188,1398.4404296875,630.2123413085938,1385.1491088867188,594.0513305664062,26.5826416015625,72.322021484375
IMG_0028.mp4,980,32.666666666666664,30.0,472,2,traffic_signs,0.8923718929290771,1088.935791015625,594.0385131835938,1129.1282958984375,665.3787231445312,1109.0320434570312,629.7086181640625,40.1925048828125,71.3402099609375
IMG_0028.mp4,980,32.666666666666664,30.0,475,2,traffic_signs,0.6450992226600647,1290.859130859375,668.8487548828125,1298.7120361328125,684.00830078125,1294.7855834960938,676.4285278320312,7.8529052734375,15.1595458984375
IMG_0028.mp4,980,32.666666666666664,30.0,490,2,traffic_signs,0.7675527930259705,1347.4310302734375,668.8709716796875,1355.290283203125,683.518798828125,1351.3606567382812,676.1948852539062,7.8592529296875,14.6478271484375
IMG_0028.mp4,980,32.666666666666664,30.0,484,2,traffic_signs,0.8790713548660278,1497.4320068359375,667.2017211914062,1545.482666015625,786.6626586914062,1521.4573364257812,726.9321899414062,48.0506591796875,119.4609375
IMG_0028.mp4,980,32.666666666666664,30.0,505,2,traffic_signs,0.6902918815612793,1494.845947265625,608.5870361328125,1510.1083984375,644.8554077148438,1502.4771728515625,626.7212219238281,15.262451171875,36.26837158203125
IMG_0028.mp4,980,32.666666666666664,30.0,513,1,traffic_lights,0.5212972164154053,0.6653499603271484,484.2689208984375,15.838894844055176,510.96466064453125,8.252122402191162,497.6167907714844,15.173544883728027,26.69573974609375
IMG_0028.mp4,980,32.666666666666664,30.0,447,2,traffic_signs,0.7777836918830872,647.5361328125,600.5191650390625,667.3616943359375,655.7000122070312,657.4489135742188,628.1095886230469,19.8255615234375,55.18084716796875
IMG_0028.mp4,981,32.7,30.0,435,2,traffic_signs,0.8358846306800842,1028.728759765625,648.7171020507812,1041.982177734375,672.378662109375,1035.35546875,660.5478820800781,13.25341796875,23.66156005859375
IMG_0028.mp4,981,32.7,30.0,457,2,traffic_signs,0.8581594228744507,1360.3797607421875,557.1590576171875,1387.0997314453125,633.7319946289062,1373.73974609375,595.4455261230469,26.719970703125,76.57293701171875
IMG_0028.mp4,981,32.7,30.0,472,2,traffic_signs,0.91750168800354,1077.61279296875,594.2852172851562,1118.3743896484375,665.40234375,1097.9935913085938,629.8437805175781,40.7615966796875,71.11712646484375
IMG_0028.mp4,981,32.7,30.0,475,2,traffic_signs,0.6003721356391907,1279.2349853515625,669.5703125,1287.4505615234375,684.0413818359375,1283.3427734375,676.8058471679688,8.215576171875,14.4710693359375
IMG_0028.mp4,981,32.7,30.0,490,2,traffic_signs,0.7444792985916138,1336.0535888671875,669.7744140625,1343.9364013671875,683.7651977539062,1339.9949951171875,676.7698059082031,7.8828125,13.99078369140625
IMG_0028.mp4,981,32.7,30.0,484,2,traffic_signs,0.3759479522705078,1485.2967529296875,667.582275390625,1537.3314208984375,787.9622192382812,1511.3140869140625,727.7722473144531,52.03466796875,120.37994384765625
IMG_0028.mp4,981,32.7,30.0,447,2,traffic_signs,0.8667144775390625,633.66943359375,599.2706298828125,655.4915161132812,656.9078369140625,644.5804748535156,628.0892333984375,21.82208251953125,57.63720703125
IMG_0028.mp4,981,32.7,30.0,511,2,traffic_signs,0.876757800579071,1698.083740234375,604.8165893554688,1735.940673828125,769.23681640625,1717.01220703125,687.0267028808594,37.85693359375,164.42022705078125
IMG_0028.mp4,981,32.7,30.0,426,0,auth_label,0.850856363773346,684.73681640625,246.1077880859375,936.6316528320312,824.857421875,810.6842346191406,535.4826049804688,251.89483642578125,578.7496337890625
IMG_0028.mp4,982,32.733333333333334,30.0,435,2,traffic_signs,0.4398333430290222,1017.92431640625,649.1404418945312,1031.193115234375,672.8074340820312,1024.5587158203125,660.9739379882812,13.268798828125,23.6669921875
IMG_0028.mp4,982,32.733333333333334,30.0,457,2,traffic_signs,0.8662996292114258,1348.97900390625,557.5115356445312,1375.921142578125,631.4939575195312,1362.4500732421875,594.5027465820312,26.942138671875,73.982421875
IMG_0028.mp4,982,32.733333333333334,30.0,472,2,traffic_signs,0.8990005850791931,1067.1470947265625,593.6376953125,1106.6715087890625,666.3614501953125,1086.9093017578125,629.9995727539062,39.5244140625,72.7237548828125
IMG_0028.mp4,982,32.733333333333334,30.0,475,2,traffic_signs,0.5485554337501526,1268.3341064453125,670.3840942382812,1276.5953369140625,685.2210693359375,1272.4647216796875,677.8025817871094,8.26123046875,14.83697509765625
IMG_0028.mp4,982,32.733333333333334,30.0,490,2,traffic_signs,0.7638166546821594,1325.358642578125,670.7229614257812,1333.42529296875,684.3074340820312,1329.3919677734375,677.5151977539062,8.066650390625,13.58447265625
IMG_0028.mp4,982,32.733333333333334,30.0,484,2,traffic_signs,0.8442329168319702,1474.4969482421875,667.9013061523438,1521.6090087890625,786.9234008789062,1498.052978515625,727.412353515625,47.112060546875,119.0220947265625
IMG_0028.mp4,982,32.733333333333334,30.0,447,2,traffic_signs,0.8691122531890869,620.3502197265625,598.826416015625,643.2681884765625,658.6265869140625,631.8092041015625,628.7265014648438,22.91796875,59.8001708984375
IMG_0028.mp4,982,32.733333333333334,30.0,511,2,traffic_signs,0.5513496398925781,1685.860107421875,605.9513549804688,1724.7401123046875,771.154296875,1705.3001098632812,688.5528259277344,38.8800048828125,165.20294189453125
IMG_0028.mp4,982,32.733333333333334,30.0,426,0,auth_label,0.50244140625,633.22607421875,245.1542510986328,925.7122802734375,826.5608520507812,779.4691772460938,535.857551574707,292.4862060546875,581.4066009521484
IMG_0028.mp4,982,32.733333333333334,30.0,505,2,traffic_signs,0.7404532432556152,1472.6070556640625,609.679443359375,1487.491943359375,645.5230102539062,1480.0494995117188,627.6012268066406,14.8848876953125,35.84356689453125
IMG_0028.mp4,983,32.766666666666666,30.0,435,2,traffic_signs,0.5579085946083069,1006.3245239257812,649.3251953125,1020.5751342773438,672.6808471679688,1013.4498291015625,661.0030212402344,14.2506103515625,23.35565185546875
IMG_0028.mp4,983,32.766666666666666,30.0,457,2,traffic_signs,0.8854771256446838,1337.45703125,557.8458251953125,1364.4259033203125,628.4364013671875,1350.9414672851562,593.14111328125,26.9688720703125,70.590576171875
IMG_0028.mp4,983,32.766666666666666,30.0,472,2,traffic_signs,0.8545379042625427,1056.3323974609375,594.5969848632812,1096.0911865234375,666.7135009765625,1076.2117919921875,630.6552429199219,39.7587890625,72.11651611328125
IMG_0028.mp4,983,32.766666666666666,30.0,475,2,traffic_signs,0.5166528820991516,1257.347900390625,671.2755737304688,1265.4443359375,686.195556640625,1261.3961181640625,678.7355651855469,8.096435546875,14.91998291015625
IMG_0028.mp4,983,32.766666666666666,30.0,490,2,traffic_signs,0.7231090068817139,1314.0626220703125,671.0099487304688,1321.9942626953125,685.0323486328125,1318.0284423828125,678.0211486816406,7.931640625,14.02239990234375
IMG_0028.mp4,983,32.766666666666666,30.0,484,2,traffic_signs,0.8380115628242493,1463.19091796875,668.9024658203125,1512.8572998046875,789.3659057617188,1488.0241088867188,729.1341857910156,49.6663818359375,120.46343994140625
IMG_0028.mp4,983,32.766666666666666,30.0,447,2,traffic_signs,0.8827292919158936,607.000244140625,598.4662475585938,630.6666259765625,659.2800903320312,618.8334350585938,628.8731689453125,23.6663818359375,60.8138427734375
IMG_0028.mp4,983,32.766666666666666,30.0,511,2,traffic_signs,0.41198667883872986,1674.6492919921875,607.5446166992188,1712.6307373046875,720.279296875,1693.6400146484375,663.9119567871094,37.9814453125,112.73468017578125
IMG_0028.mp4,983,32.766666666666666,30.0,505,2,traffic_signs,0.5844956040382385,1461.1187744140625,610.40380859375,1475.772216796875,646.0637817382812,1468.4454956054688,628.2337951660156,14.6534423828125,35.65997314453125
IMG_0028.mp4,984,32.8,30.0,435,2,traffic_signs,0.831719160079956,994.9486694335938,649.0361938476562,1009.8002319335938,673.7191162109375,1002.3744506835938,661.3776550292969,14.8515625,24.68292236328125
IMG_0028.mp4,984,32.8,30.0,457,2,traffic_signs,0.8790095448493958,1325.6468505859375,557.3490600585938,1353.20361328125,631.376708984375,1339.4252319335938,594.3628845214844,27.5567626953125,74.02764892578125
IMG_0028.mp4,984,32.8,30.0,472,2,traffic_signs,0.885828971862793,1045.249267578125,594.40478515625,1084.851318359375,668.1780395507812,1065.05029296875,631.2914123535156,39.60205078125,73.77325439453125
IMG_0028.mp4,984,32.8,30.0,475,2,traffic_signs,0.36858057975769043,1246.83642578125,671.69921875,1254.3153076171875,686.5264892578125,1250.5758666992188,679.1128540039062,7.4788818359375,14.8272705078125
IMG_0028.mp4,984,32.8,30.0,490,2,traffic_signs,0.6796639561653137,1302.8763427734375,671.2789916992188,1310.59228515625,685.001220703125,1306.7343139648438,678.1401062011719,7.7159423828125,13.72222900390625
IMG_0028.mp4,984,32.8,30.0,484,2,traffic_signs,0.8217337131500244,1452.1324462890625,668.7767333984375,1499.2301025390625,788.0977172851562,1475.6812744140625,728.4372253417969,47.09765625,119.32098388671875
IMG_0028.mp4,984,32.8,30.0,447,2,traffic_signs,0.8546271324157715,594.1747436523438,598.4108276367188,617.7116088867188,659.0180053710938,605.9431762695312,628.7144165039062,23.536865234375,60.607177734375
IMG_0028.mp4,984,32.8,30.0,511,2,traffic_signs,0.6139856576919556,1663.7244873046875,608.8886108398438,1700.616455078125,698.7884521484375,1682.1704711914062,653.8385314941406,36.8919677734375,89.89984130859375
IMG_0028.mp4,984,32.8,30.0,505,2,traffic_signs,0.8118415474891663,1449.720947265625,611.2438354492188,1464.544189453125,646.4217529296875,1457.132568359375,628.8327941894531,14.8232421875,35.17791748046875
IMG_0028.mp4,985,32.833333333333336,30.0,435,2,traffic_signs,0.48581835627555847,984.2867431640625,648.7766723632812,999.0487060546875,673.1525268554688,991.667724609375,660.964599609375,14.761962890625,24.3758544921875
IMG_0028.mp4,985,32.833333333333336,30.0,457,2,traffic_signs,0.8770318627357483,1314.8731689453125,556.5923461914062,1342.004150390625,632.127685546875,1328.4386596679688,594.3600158691406,27.1309814453125,75.53533935546875
IMG_0028.mp4,985,32.833333333333336,30.0,472,2,traffic_signs,0.8935874104499817,1034.2191162109375,594.0643310546875,1075.67236328125,666.398193359375,1054.9457397460938,630.2312622070312,41.4532470703125,72.3338623046875
IMG_0028.mp4,985,32.833333333333336,30.0,475,2,traffic_signs,0.4791776239871979,1236.2486572265625,671.684814453125,1243.40185546875,686.174560546875,1239.8252563476562,678.9296875,7.1531982421875,14.48974609375
IMG_0028.mp4,985,32.833333333333336,30.0,490,2,traffic_signs,0.5155817866325378,1291.449951171875,671.1910400390625,1299.3935546875,685.0413818359375,1295.4217529296875,678.1162109375,7.943603515625,13.850341796875
IMG_0028.mp4,985,32.833333333333336,30.0,484,2,traffic_signs,0.7865317463874817,1440.0174560546875,668.7545166015625,1489.7425537109375,789.7651977539062,1464.8800048828125,729.2598571777344,49.72509765625,121.01068115234375
IMG_0028.mp4,985,32.833333333333336,30.0,447,2,traffic_signs,0.8620386719703674,582.5523681640625,598.333740234375,606.1636962890625,659.5533447265625,594.3580322265625,628.9435424804688,23.611328125,61.2196044921875
IMG_0028.mp4,985,32.833333333333336,30.0,511,2,traffic_signs,0.7825693488121033,1651.6759033203125,608.11474609375,1688.1943359375,755.449951171875,1669.9351196289062,681.7823486328125,36.5184326171875,147.335205078125
IMG_0028.mp4,985,32.833333333333336,30.0,505,2,traffic_signs,0.2630111277103424,1438.1844482421875,610.4972534179688,1453.61376953125,647.3004150390625,1445.8991088867188,628.8988342285156,15.4293212890625,36.80316162109375
IMG_0028.mp4,985,32.833333333333336,30.0,426,0,auth_label,0.510888397693634,558.5674438476562,246.54119873046875,890.430908203125,831.4898071289062,724.4991760253906,539.0155029296875,331.86346435546875,584.9486083984375
IMG_0028.mp4,986,32.86666666666667,30.0,435,2,traffic_signs,0.8276605010032654,973.7971801757812,649.1861572265625,988.5099487304688,673.6594848632812,981.153564453125,661.4228210449219,14.7127685546875,24.47332763671875
IMG_0028.mp4,986,32.86666666666667,30.0,457,2,traffic_signs,0.8748082518577576,1304.5257568359375,556.5317993164062,1330.700927734375,629.8536376953125,1317.6133422851562,593.1927185058594,26.1751708984375,73.32183837890625
IMG_0028.mp4,986,32.86666666666667,30.0,472,2,traffic_signs,0.9130827188491821,1023.4796142578125,594.2632446289062,1064.0572509765625,666.394287109375,1043.7684326171875,630.3287658691406,40.57763671875,72.13104248046875
IMG_0028.mp4,986,32.86666666666667,30.0,475,2,traffic_signs,0.6541604399681091,1225.7864990234375,672.048583984375,1233.0123291015625,687.1141967773438,1229.3994140625,679.5813903808594,7.225830078125,15.06561279296875
IMG_0028.mp4,986,32.86666666666667,30.0,490,2,traffic_signs,0.648453950881958,1281.0401611328125,671.4495849609375,1288.969482421875,685.3260498046875,1285.0048217773438,678.3878173828125,7.9293212890625,13.87646484375
IMG_0028.mp4,986,32.86666666666667,30.0,447,2,traffic_signs,0.7866683006286621,570.037109375,598.6412963867188,593.7267456054688,658.9085083007812,581.8819274902344,628.77490234375,23.68963623046875,60.2672119140625
IMG_0028.mp4,986,32.86666666666667,30.0,511,2,traffic_signs,0.6958531737327576,1640.733154296875,609.5650634765625,1676.8773193359375,728.1536865234375,1658.8052368164062,668.859375,36.1441650390625,118.588623046875
IMG_0028.mp4,986,32.86666666666667,30.0,505,2,traffic_signs,0.7801175713539124,1427.4840087890625,610.814697265625,1442.3282470703125,647.1761474609375,1434.9061279296875,628.9954223632812,14.84423828125,36.3614501953125
IMG_0028.mp4,986,32.86666666666667,30.0,426,0,auth_label,0.3126961290836334,538.7581176757812,240.6727294921875,878.5035400390625,830.0228271484375,708.6308288574219,535.3477783203125,339.74542236328125,589.35009765625
IMG_0028.mp4,987,32.9,30.0,435,2,traffic_signs,0.8444864153862,963.2685546875,649.3588256835938,977.8800048828125,673.5411987304688,970.5742797851562,661.4500122070312,14.6114501953125,24.182373046875
IMG_0028.mp4,987,32.9,30.0,457,2,traffic_signs,0.8746956586837769,1293.4822998046875,557.253173828125,1319.3382568359375,626.5249633789062,1306.4102783203125,591.8890686035156,25.85595703125,69.27178955078125
IMG_0028.mp4,987,32.9,30.0,472,2,traffic_signs,0.8954305052757263,1012.9293212890625,593.7333984375,1053.91455078125,665.8843994140625,1033.4219360351562,629.8088989257812,40.9852294921875,72.1510009765625
IMG_0028.mp4,987,32.9,30.0,475,2,traffic_signs,0.6692653894424438,1214.390380859375,672.2246704101562,1222.2452392578125,687.4241943359375,1218.3178100585938,679.8244323730469,7.8548583984375,15.19952392578125
IMG_0028.mp4,987,32.9,30.0,490,2,traffic_signs,0.6511216163635254,1270.075927734375,671.4779052734375,1277.635498046875,685.7120971679688,1273.855712890625,678.5950012207031,7.5595703125,14.23419189453125
IMG_0028.mp4,987,32.9,30.0,447,2,traffic_signs,0.8376613259315491,557.5580444335938,599.055908203125,582.0944213867188,661.4121704101562,569.8262329101562,630.2340393066406,24.536376953125,62.35626220703125
IMG_0028.mp4,987,32.9,30.0,511,2,traffic_signs,0.7374791502952576,1628.368896484375,610.4407958984375,1664.8341064453125,710.549072265625,1646.6015014648438,660.4949340820312,36.4652099609375,100.1082763671875
IMG_0028.mp4,987,32.9,30.0,505,2,traffic_signs,0.6943028569221497,1415.7210693359375,611.4393920898438,1430.8074951171875,647.224853515625,1423.2642822265625,629.3321228027344,15.08642578125,35.78546142578125
IMG_0028.mp4,987,32.9,30.0,522,2,traffic_signs,0.5028377771377563,1628.45361328125,610.981201171875,1665.59814453125,706.927490234375,1647.02587890625,658.954345703125,37.14453125,95.9462890625
IMG_0028.mp4,987,32.9,30.0,484,2,traffic_signs,0.9007409811019897,1418.3240966796875,669.0621948242188,1468.5245361328125,791.3181762695312,1443.42431640625,730.190185546875,50.200439453125,122.2559814453125
IMG_0028.mp4,988,32.93333333333333,30.0,435,2,traffic_signs,0.6881246566772461,952.653564453125,650.007080078125,967.41943359375,673.6211547851562,960.0364990234375,661.8141174316406,14.765869140625,23.61407470703125
IMG_0028.mp4,988,32.93333333333333,30.0,457,2,traffic_signs,0.8359377980232239,1281.6514892578125,556.3499145507812,1308.0823974609375,631.5308227539062,1294.866943359375,593.9403686523438,26.430908203125,75.180908203125
IMG_0028.mp4,988,32.93333333333333,30.0,472,2,traffic_signs,0.5387803912162781,1002.3600463867188,594.8076171875,1042.2855224609375,665.755615234375,1022.3227844238281,630.2816162109375,39.92547607421875,70.947998046875
IMG_0028.mp4,988,32.93333333333333,30.0,475,2,traffic_signs,0.7326609492301941,1203.748291015625,672.676513671875,1211.8177490234375,687.3648071289062,1207.7830200195312,680.0206604003906,8.0694580078125,14.68829345703125
IMG_0028.mp4,988,32.93333333333333,30.0,490,2,traffic_signs,0.6993921995162964,1259.5426025390625,671.7949829101562,1266.9114990234375,687.40185546875,1263.22705078125,679.5984191894531,7.368896484375,15.60687255859375
IMG_0028.mp4,988,32.93333333333333,30.0,447,2,traffic_signs,0.8575372695922852,545.9262084960938,599.9004516601562,570.1561279296875,658.2831420898438,558.0411682128906,629.091796875,24.22991943359375,58.3826904296875
IMG_0028.mp4,988,32.93333333333333,30.0,511,2,traffic_signs,0.8250402808189392,1616.6494140625,611.3283081054688,1653.0404052734375,700.2493286132812,1634.8449096679688,655.788818359375,36.3909912109375,88.9210205078125
IMG_0028.mp4,988,32.93333333333333,30.0,505,2,traffic_signs,0.7883434295654297,1404.3421630859375,610.884765625,1419.1502685546875,646.9469604492188,1411.7462158203125,628.9158630371094,14.80810546875,36.06219482421875
IMG_0028.mp4,988,32.93333333333333,30.0,522,2,traffic_signs,0.2677519619464874,1617.495361328125,611.8922119140625,1653.8238525390625,698.8546142578125,1635.6596069335938,655.3734130859375,36.3284912109375,86.96240234375
IMG_0028.mp4,989,32.96666666666667,30.0,435,2,traffic_signs,0.8482432961463928,942.0237426757812,650.0946044921875,956.4960327148438,674.0665893554688,949.2598876953125,662.0805969238281,14.4722900390625,23.97198486328125
IMG_0028.mp4,989,32.96666666666667,30.0,457,2,traffic_signs,0.8090332746505737,1270.7393798828125,555.6439208984375,1297.1429443359375,634.9070434570312,1283.941162109375,595.2754821777344,26.403564453125,79.26312255859375
IMG_0028.mp4,989,32.96666666666667,30.0,472,2,traffic_signs,0.8726624250411987,990.70947265625,595.1497192382812,1031.931884765625,668.0055541992188,1011.3206787109375,631.57763671875,41.222412109375,72.8558349609375
IMG_0028.mp4,989,32.96666666666667,30.0,475,2,traffic_signs,0.4553811848163605,1193.4888916015625,673.3915405273438,1201.0279541015625,688.3289794921875,1197.2584228515625,680.8602600097656,7.5390625,14.93743896484375
IMG_0028.mp4,989,32.96666666666667,30.0,490,2,traffic_signs,0.6884880661964417,1248.4171142578125,672.539794921875,1255.6119384765625,688.1143188476562,1252.0145263671875,680.3270568847656,7.19482421875,15.57452392578125
IMG_0028.mp4,989,32.96666666666667,30.0,447,2,traffic_signs,0.7931621074676514,534.5556640625,602.2999877929688,558.2739868164062,656.6076049804688,546.4148254394531,629.4537963867188,23.71832275390625,54.3076171875
IMG_0028.mp4,989,32.96666666666667,30.0,511,2,traffic_signs,0.6391252279281616,1604.9326171875,612.53173828125,1641.3216552734375,704.0947875976562,1623.1271362304688,658.3132629394531,36.3890380859375,91.56304931640625
IMG_0028.mp4,989,32.96666666666667,30.0,522,2,traffic_signs,0.8091791868209839,1606.1739501953125,611.3283081054688,1641.7691650390625,757.744384765625,1623.9715576171875,684.5363464355469,35.59521484375,146.41607666015625
IMG_0028.mp4,989,32.96666666666667,30.0,525,2,traffic_signs,0.6375272870063782,1144.9520263671875,663.0153198242188,1151.95166015625,677.3366088867188,1148.4518432617188,670.1759643554688,6.9996337890625,14.3212890625
IMG_0028.mp4,989,32.96666666666667,30.0,426,0,auth_label,0.4307924211025238,459.3509826660156,250.243408203125,845.9302978515625,831.4609375,652.6406402587891,540.8521728515625,386.5793151855469,581.217529296875
IMG_0028.mp4,989,32.96666666666667,30.0,484,2,traffic_signs,0.7349122762680054,1395.0352783203125,668.869140625,1444.4664306640625,792.9334106445312,1419.7508544921875,730.9012756347656,49.43115234375,124.06427001953125
IMG_0028.mp4,990,33.0,30.0,435,2,traffic_signs,0.8461743593215942,931.293212890625,650.1619262695312,945.4662475585938,674.0987548828125,938.3797302246094,662.1303405761719,14.17303466796875,23.93682861328125
IMG_0028.mp4,990,33.0,30.0,457,2,traffic_signs,0.7319327592849731,1259.2481689453125,554.372314453125,1285.5086669921875,634.5263671875,1272.37841796875,594.4493408203125,26.260498046875,80.154052734375
IMG_0028.mp4,990,33.0,30.0,472,2,traffic_signs,0.8521757125854492,979.394775390625,595.685302734375,1020.9335327148438,669.7310180664062,1000.1641540527344,632.7081604003906,41.53875732421875,74.04571533203125
IMG_0028.mp4,990,33.0,30.0,475,2,traffic_signs,0.6238071322441101,1182.4547119140625,673.542724609375,1190.0947265625,687.9446411132812,1186.2747192382812,680.7436828613281,7.6400146484375,14.40191650390625
IMG_0028.mp4,990,33.0,30.0,490,2,traffic_signs,0.6646880507469177,1237.4146728515625,672.2557983398438,1244.6209716796875,687.7667236328125,1241.017822265625,680.0112609863281,7.206298828125,15.51092529296875
IMG_0028.mp4,990,33.0,30.0,447,2,traffic_signs,0.8726354837417603,522.0161743164062,601.3212280273438,546.0078735351562,655.918212890625,534.0120239257812,628.6197204589844,23.99169921875,54.59698486328125
IMG_0028.mp4,990,33.0,30.0,511,2,traffic_signs,0.5906729102134705,1593.2391357421875,613.1400756835938,1629.5684814453125,705.2049560546875,1611.40380859375,659.1725158691406,36.329345703125,92.06488037109375
IMG_0028.mp4,990,33.0,30.0,522,2,traffic_signs,0.8020623922348022,1593.9923095703125,610.5966796875,1629.8870849609375,775.5980834960938,1611.939697265625,693.0973815917969,35.894775390625,165.00140380859375
IMG_0028.mp4,990,33.0,30.0,525,2,traffic_signs,0.7034133672714233,1133.61083984375,662.10009765625,1141.531005859375,677.289306640625,1137.5709228515625,669.6947021484375,7.920166015625,15.189208984375
IMG_0028.mp4,990,33.0,30.0,426,0,auth_label,0.4398481547832489,433.36895751953125,245.83226013183594,832.5689086914062,828.6725463867188,632.9689331054688,537.2524032592773,399.199951171875,582.8402862548828
IMG_0028.mp4,990,33.0,30.0,505,2,traffic_signs,0.6203640103340149,1381.6983642578125,608.7464599609375,1396.6553955078125,647.9374389648438,1389.1768798828125,628.3419494628906,14.95703125,39.19097900390625
IMG_0028.mp4,991,33.03333333333333,30.0,435,2,traffic_signs,0.8305999636650085,920.8306884765625,650.036376953125,934.712158203125,673.8192138671875,927.7714233398438,661.9277954101562,13.8814697265625,23.7828369140625
IMG_0028.mp4,991,33.03333333333333,30.0,457,2,traffic_signs,0.8976708054542542,1247.531005859375,554.3269653320312,1274.343017578125,632.2550048828125,1260.93701171875,593.2909851074219,26.81201171875,77.92803955078125
IMG_0028.mp4,991,33.03333333333333,30.0,472,2,traffic_signs,0.7589706182479858,968.5435180664062,594.6097412109375,1009.6731567382812,669.6257934570312,989.1083374023438,632.1177673339844,41.129638671875,75.01605224609375
IMG_0028.mp4,991,33.03333333333333,30.0,475,2,traffic_signs,0.49947354197502136,1171.3062744140625,673.34521484375,1179.41796875,687.8853149414062,1175.3621215820312,680.6152648925781,8.1116943359375,14.54010009765625
IMG_0028.mp4,991,33.03333333333333,30.0,490,2,traffic_signs,0.7580239176750183,1226.655517578125,672.2521362304688,1234.1685791015625,687.7952880859375,1230.4120483398438,680.0237121582031,7.5130615234375,15.54315185546875
IMG_0028.mp4,991,33.03333333333333,30.0,447,2,traffic_signs,0.857890784740448,509.7209777832031,601.61962890625,531.3260498046875,656.4537963867188,520.5235137939453,629.0367126464844,21.605072021484375,54.83416748046875
IMG_0028.mp4,991,33.03333333333333,30.0,511,2,traffic_signs,0.6375570297241211,1581.2330322265625,613.6328735351562,1617.9722900390625,706.5734252929688,1599.6026611328125,660.1031494140625,36.7392578125,92.9405517578125
IMG_0028.mp4,991,33.03333333333333,30.0,522,2,traffic_signs,0.5148714780807495,1582.000732421875,611.8536987304688,1618.5518798828125,744.3379516601562,1600.2763061523438,678.0958251953125,36.5511474609375,132.4842529296875
IMG_0028.mp4,991,33.03333333333333,30.0,525,2,traffic_signs,0.7644737362861633,1121.934814453125,661.7279052734375,1130.9757080078125,678.470458984375,1126.4552612304688,670.0991821289062,9.0408935546875,16.7425537109375
IMG_0028.mp4,991,33.03333333333333,30.0,426,0,auth_label,0.2934400737285614,411.1776428222656,270.1313781738281,822.3451538085938,828.7060546875,616.7613983154297,549.4187164306641,411.1675109863281,558.5746765136719
IMG_0028.mp4,991,33.03333333333333,30.0,505,2,traffic_signs,0.4154374599456787,1370.475830078125,610.2013549804688,1386.53515625,649.0564575195312,1378.5054931640625,629.62890625,16.059326171875,38.8551025390625
IMG_0028.mp4,991,33.03333333333333,30.0,484,2,traffic_signs,0.8515149354934692,1372.34619140625,668.4837646484375,1420.26513671875,793.5421142578125,1396.3056640625,731.012939453125,47.9189453125,125.058349609375
IMG_0028.mp4,992,33.06666666666667,30.0,435,2,traffic_signs,0.85050368309021,909.9697265625,649.954833984375,924.2954711914062,673.364990234375,917.1325988769531,661.659912109375,14.32574462890625,23.41015625
IMG_0028.mp4,992,33.06666666666667,30.0,457,2,traffic_signs,0.7266749739646912,1234.96142578125,555.8101196289062,1263.59130859375,635.3004760742188,1249.2763671875,595.5552978515625,28.6298828125,79.4903564453125
IMG_0028.mp4,992,33.06666666666667,30.0,472,2,traffic_signs,0.8082567453384399,957.3954467773438,595.3632202148438,999.2451171875,669.59130859375,978.3202819824219,632.4772644042969,41.84967041015625,74.22808837890625
IMG_0028.mp4,992,33.06666666666667,30.0,475,2,traffic_signs,0.4060407280921936,1160.1666259765625,673.177490234375,1168.588134765625,687.8541259765625,1164.3773803710938,680.5158081054688,8.4215087890625,14.6766357421875
IMG_0028.mp4,992,33.06666666666667,30.0,490,2,traffic_signs,0.7637523412704468,1215.9295654296875,672.2313842773438,1223.1883544921875,688.2937622070312,1219.5589599609375,680.2625732421875,7.2587890625,16.0623779296875
IMG_0028.mp4,992,33.06666666666667,30.0,447,2,traffic_signs,0.5308849811553955,496.7276916503906,601.246337890625,512.238525390625,657.3031616210938,504.4831085205078,629.2747497558594,15.510833740234375,56.05682373046875
IMG_0028.mp4,992,33.06666666666667,30.0,511,2,traffic_signs,0.6746333241462708,1569.8475341796875,614.1348266601562,1606.41455078125,705.9189453125,1588.1310424804688,660.0268859863281,36.5670166015625,91.78411865234375
IMG_0028.mp4,992,33.06666666666667,30.0,522,2,traffic_signs,0.43407702445983887,1570.2857666015625,611.1021118164062,1606.51806640625,769.756591796875,1588.4019165039062,690.4293518066406,36.2322998046875,158.65447998046875
IMG_0028.mp4,992,33.06666666666667,30.0,525,2,traffic_signs,0.6885935664176941,1110.525146484375,661.2442016601562,1120.185302734375,679.4378051757812,1115.355224609375,670.3410034179688,9.66015625,18.193603515625
IMG_0028.mp4,992,33.06666666666667,30.0,426,0,auth_label,0.4000941812992096,387.8477478027344,255.85440063476562,809.0781860351562,827.399169921875,598.4629669189453,541.6267852783203,421.2304382324219,571.5447692871094
IMG_0028.mp4,992,33.06666666666667,30.0,505,2,traffic_signs,0.7011292576789856,1359.337890625,610.6931762695312,1375.3663330078125,648.88720703125,1367.3521118164062,629.7901916503906,16.0284423828125,38.19403076171875
IMG_0028.mp4,992,33.06666666666667,30.0,528,2,traffic_signs,0.346908301115036,957.7935180664062,592.462646484375,999.2481689453125,673.4771118164062,978.5208435058594,632.9698791503906,41.45465087890625,81.01446533203125
IMG_0028.mp4,992,33.06666666666667,30.0,484,2,traffic_signs,0.5845444798469543,1361.5712890625,668.9326782226562,1403.610595703125,793.0750732421875,1382.5909423828125,731.0038757324219,42.039306640625,124.14239501953125
IMG_0028.mp4,993,33.1,30.0,435,2,traffic_signs,0.8315156102180481,899.2651977539062,649.725830078125,913.4478149414062,674.147216796875,906.3565063476562,661.9365234375,14.1826171875,24.42138671875
IMG_0028.mp4,993,33.1,30.0,457,2,traffic_signs,0.868799090385437,1224.3106689453125,555.888671875,1253.07421875,637.3955078125,1238.6924438476562,596.64208984375,28.7635498046875,81.5068359375
IMG_0028.mp4,993,33.1,30.0,472,2,traffic_signs,0.6546713709831238,947.0662231445312,591.7506713867188,988.2626953125,673.5158081054688,967.6644592285156,632.6332397460938,41.19647216796875,81.76513671875
IMG_0028.mp4,993,33.1,30.0,475,2,traffic_signs,0.46333208680152893,1149.876953125,673.3427124023438,1158.03955078125,688.9906005859375,1153.958251953125,681.1666564941406,8.16259765625,15.64788818359375
IMG_0028.mp4,993,33.1,30.0,490,2,traffic_signs,0.7836523652076721,1205.3436279296875,672.7298583984375,1212.6832275390625,687.7916259765625,1209.013427734375,680.2607421875,7.339599609375,15.061767578125
IMG_0028.mp4,993,33.1,30.0,511,2,traffic_signs,0.3246133029460907,1559.1619873046875,614.2930297851562,1596.2196044921875,708.9417114257812,1577.6907958984375,661.6173706054688,37.0576171875,94.648681640625
IMG_0028.mp4,993,33.1,30.0,522,2,traffic_signs,0.8254498839378357,1560.1536865234375,611.6024780273438,1596.35986328125,774.301025390625,1578.2567749023438,692.9517517089844,36.2061767578125,162.69854736328125
IMG_0028.mp4,993,33.1,30.0,525,2,traffic_signs,0.7983812093734741,1099.4068603515625,661.4542846679688,1109.5230712890625,679.946044921875,1104.4649658203125,670.7001647949219,10.1162109375,18.49176025390625
IMG_0028.mp4,993,33.1,30.0,426,0,auth_label,0.6258608102798462,454.1116027832031,249.66607666015625,793.7406616210938,831.41357421875,623.9261322021484,540.5398254394531,339.6290588378906,581.7474975585938
IMG_0028.mp4,993,33.1,30.0,505,2,traffic_signs,0.5619879961013794,1348.214599609375,611.0655517578125,1364.6419677734375,650.1205444335938,1356.4282836914062,630.5930480957031,16.4273681640625,39.05499267578125
IMG_0028.mp4,993,33.1,30.0,528,2,traffic_signs,0.7206814885139465,946.5205078125,591.8333740234375,987.0576782226562,672.9348754882812,966.7890930175781,632.3841247558594,40.53717041015625,81.10150146484375
IMG_0028.mp4,993,33.1,30.0,484,2,traffic_signs,0.8246062397956848,1350.0892333984375,669.0665893554688,1395.6544189453125,793.5973510742188,1372.871826171875,731.3319702148438,45.565185546875,124.53076171875
IMG_0028.mp4,994,33.13333333333333,30.0,435,2,traffic_signs,0.8439030647277832,889.0294799804688,649.71875,902.9384155273438,673.94677734375,895.9839477539062,661.832763671875,13.908935546875,24.22802734375
IMG_0028.mp4,994,33.13333333333333,30.0,457,2,traffic_signs,0.7628989219665527,1213.3262939453125,554.9114990234375,1242.1212158203125,640.0791625976562,1227.7237548828125,597.4953308105469,28.794921875,85.16766357421875
IMG_0028.mp4,994,33.13333333333333,30.0,472,2,traffic_signs,0.7225635647773743,936.6967163085938,591.1948852539062,977.9412231445312,675.3670654296875,957.3189697265625,633.2809753417969,41.2445068359375,84.17218017578125
IMG_0028.mp4,994,33.13333333333333,30.0,490,2,traffic_signs,0.7258002758026123,1194.7882080078125,673.078369140625,1201.716064453125,687.7503662109375,1198.2521362304688,680.4143676757812,6.9278564453125,14.6719970703125
IMG_0028.mp4,994,33.13333333333333,30.0,511,2,traffic_signs,0.6072012782096863,1547.813720703125,614.5511474609375,1584.7279052734375,706.1348876953125,1566.2708129882812,660.343017578125,36.9141845703125,91.583740234375
IMG_0028.mp4,994,33.13333333333333,30.0,522,2,traffic_signs,0.38621804118156433,1547.79296875,611.4472045898438,1585.2464599609375,771.2003784179688,1566.5197143554688,691.3237915039062,37.4534912109375,159.753173828125
IMG_0028.mp4,994,33.13333333333333,30.0,525,2,traffic_signs,0.7774221897125244,1087.8426513671875,661.7125854492188,1099.248046875,679.7761840820312,1093.5453491210938,670.744384765625,11.4053955078125,18.0635986328125
IMG_0028.mp4,994,33.13333333333333,30.0,426,0,auth_label,0.8059839010238647,486.4952392578125,249.02989196777344,778.7318115234375,831.359130859375,632.613525390625,540.1945114135742,292.236572265625,582.3292388916016
IMG_0028.mp4,994,33.13333333333333,30.0,528,2,traffic_signs,0.4951745867729187,935.6322631835938,591.9832153320312,974.6282348632812,670.7214965820312,955.1302490234375,631.3523559570312,38.9959716796875,78.73828125
IMG_0028.mp4,995,33.166666666666664,30.0,435,2,traffic_signs,0.8388412594795227,878.1643676757812,649.7019653320312,892.6762084960938,673.7509155273438,885.4202880859375,661.7264404296875,14.5118408203125,24.0489501953125
IMG_0028.mp4,995,33.166666666666664,30.0,457,2,traffic_signs,0.8892872929573059,1201.9473876953125,553.5738525390625,1231.1580810546875,638.9901123046875,1216.552734375,596.281982421875,29.210693359375,85.416259765625
IMG_0028.mp4,995,33.166666666666664,30.0,472,2,traffic_signs,0.3786770701408386,925.9254150390625,590.2594604492188,966.5383911132812,673.5728149414062,946.2319030761719,631.9161376953125,40.61297607421875,83.3133544921875
IMG_0028.mp4,995,33.166666666666664,30.0,490,2,traffic_signs,0.566128134727478,1184.0975341796875,673.4190063476562,1191.44775390625,688.0684204101562,1187.7726440429688,680.7437133789062,7.3502197265625,14.6494140625
IMG_0028.mp4,995,33.166666666666664,30.0,511,2,traffic_signs,0.6755894422531128,1536.1719970703125,614.7325439453125,1573.4937744140625,705.9486694335938,1554.8328857421875,660.3406066894531,37.32177734375,91.21612548828125
IMG_0028.mp4,995,33.166666666666664,30.0,525,2,traffic_signs,0.7669905424118042,1075.819580078125,662.5213623046875,1088.7501220703125,679.9255981445312,1082.2848510742188,671.2234802246094,12.9305419921875,17.40423583984375
IMG_0028.mp4,995,33.166666666666664,30.0,528,2,traffic_signs,0.7472556829452515,924.5584106445312,591.8148803710938,963.59375,668.4107055664062,944.0760803222656,630.11279296875,39.03533935546875,76.5958251953125
IMG_0028.mp4,995,33.166666666666664,30.0,484,2,traffic_signs,0.7412813305854797,1327.43505859375,669.5845336914062,1373.5166015625,794.102783203125,1350.475830078125,731.8436584472656,46.08154296875,124.51824951171875
IMG_0028.mp4,996,33.2,30.0,435,2,traffic_signs,0.8502651453018188,867.5348510742188,649.9019165039062,882.244140625,673.378173828125,874.8894958496094,661.6400451660156,14.70928955078125,23.47625732421875
IMG_0028.mp4,996,33.2,30.0,457,2,traffic_signs,0.8968979120254517,1191.1976318359375,553.390869140625,1220.0079345703125,637.8914184570312,1205.602783203125,595.6411437988281,28.810302734375,84.50054931640625
IMG_0028.mp4,996,33.2,30.0,472,2,traffic_signs,0.4374599754810333,914.879150390625,591.5087280273438,956.4164428710938,670.7744140625,935.6477966308594,631.1415710449219,41.53729248046875,79.26568603515625
IMG_0028.mp4,996,33.2,30.0,490,2,traffic_signs,0.6348940134048462,1173.3643798828125,672.6143798828125,1180.88330078125,688.272705078125,1177.1238403320312,680.4435424804688,7.5189208984375,15.6583251953125
IMG_0028.mp4,996,33.2,30.0,511,2,traffic_signs,0.7775307297706604,1524.957275390625,614.7428588867188,1562.178466796875,703.74609375,1543.56787109375,659.2444763183594,37.22119140625,89.00323486328125
IMG_0028.mp4,996,33.2,30.0,525,2,traffic_signs,0.7064950466156006,1064.6239013671875,662.2213745117188,1077.8475341796875,680.3892211914062,1071.2357177734375,671.3052978515625,13.2236328125,18.1678466796875
IMG_0028.mp4,996,33.2,30.0,528,2,traffic_signs,0.7690343260765076,913.5367431640625,591.626708984375,954.40087890625,667.3255615234375,933.9688110351562,629.4761352539062,40.8641357421875,75.6988525390625
IMG_0028.mp4,996,33.2,30.0,484,2,traffic_signs,0.5330464839935303,1317.17822265625,670.0776977539062,1364.375244140625,795.1251220703125,1340.7767333984375,732.6014099121094,47.197021484375,125.04742431640625
IMG_0028.mp4,996,33.2,30.0,447,2,traffic_signs,0.6517030000686646,449.8270263671875,608.2745361328125,469.9896240234375,653.8478393554688,459.9083251953125,631.0611877441406,20.16259765625,45.57330322265625
IMG_0028.mp4,996,33.2,30.0,426,0,auth_label,0.3408550024032593,442.1836242675781,256.5910339355469,753.726806640625,830.4805297851562,597.9552154541016,543.5357818603516,311.5431823730469,573.8894958496094
IMG_0028.mp4,997,33.233333333333334,30.0,435,2,traffic_signs,0.4599771201610565,856.6455078125,650.0851440429688,871.5611572265625,673.1510620117188,864.1033325195312,661.6181030273438,14.9156494140625,23.06591796875
IMG_0028.mp4,997,33.233333333333334,30.0,457,2,traffic_signs,0.8816691637039185,1179.150634765625,552.23486328125,1208.9359130859375,639.3496704101562,1194.0432739257812,595.7922668457031,29.7852783203125,87.11480712890625
IMG_0028.mp4,997,33.233333333333334,30.0,472,2,traffic_signs,0.34622499346733093,904.4435424804688,590.0127563476562,945.658935546875,672.6442260742188,925.0512390136719,631.3284912109375,41.21539306640625,82.6314697265625
IMG_0028.mp4,997,33.233333333333334,30.0,490,2,traffic_signs,0.6480821371078491,1163.0460205078125,672.48046875,1170.5997314453125,687.8789672851562,1166.8228759765625,680.1797180175781,7.5537109375,15.39849853515625
IMG_0028.mp4,997,33.233333333333334,30.0,511,2,traffic_signs,0.3829415738582611,1513.9296875,614.5142211914062,1551.0201416015625,707.1807861328125,1532.4749145507812,660.8475036621094,37.0904541015625,92.66656494140625
IMG_0028.mp4,997,33.233333333333334,30.0,525,2,traffic_signs,0.7734668254852295,1054.2965087890625,662.1321411132812,1067.160400390625,679.8223266601562,1060.7284545898438,670.9772338867188,12.8638916015625,17.690185546875
IMG_0028.mp4,997,33.233333333333334,30.0,528,2,traffic_signs,0.7786595225334167,903.1484985351562,591.13916015625,944.2301635742188,667.7769165039062,923.6893310546875,629.4580383300781,41.0816650390625,76.63775634765625
IMG_0028.mp4,997,33.233333333333334,30.0,484,2,traffic_signs,0.5411627292633057,1306.384765625,669.545654296875,1350.9100341796875,794.5504150390625,1328.6473999023438,732.0480346679688,44.5252685546875,125.0047607421875
IMG_0028.mp4,997,33.233333333333334,30.0,447,2,traffic_signs,0.7851005792617798,436.0008544921875,603.8133544921875,458.1968078613281,654.614990234375,447.0988311767578,629.2141723632812,22.195953369140625,50.8016357421875
IMG_0028.mp4,997,33.233333333333334,30.0,505,2,traffic_signs,0.6760255098342896,1305.10400390625,611.9824829101562,1320.0594482421875,648.9221801757812,1312.5817260742188,630.4523315429688,14.9554443359375,36.939697265625
IMG_0028.mp4,997,33.233333333333334,30.0,522,2,traffic_signs,0.8743273615837097,1514.2574462890625,614.0167236328125,1552.0025634765625,771.4351806640625,1533.1300048828125,692.7259521484375,37.7451171875,157.41845703125
IMG_0028.mp4,998,33.266666666666666,30.0,435,2,traffic_signs,0.8525164127349854,845.9506225585938,650.0951538085938,860.3162231445312,673.4876098632812,853.1334228515625,661.7913818359375,14.3656005859375,23.3924560546875
IMG_0028.mp4,998,33.266666666666666,30.0,457,2,traffic_signs,0.8832617402076721,1169.32763671875,551.0831298828125,1198.4912109375,640.6235961914062,1183.909423828125,595.8533630371094,29.16357421875,89.54046630859375
IMG_0028.mp4,998,33.266666666666666,30.0,490,2,traffic_signs,0.7323518395423889,1152.579833984375,672.8365478515625,1159.92041015625,688.3916625976562,1156.2501220703125,680.6141052246094,7.340576171875,15.55511474609375
IMG_0028.mp4,998,33.266666666666666,30.0,511,2,traffic_signs,0.5392568707466125,1503.3916015625,615.5287475585938,1540.2005615234375,706.1246948242188,1521.7960815429688,660.8267211914062,36.8089599609375,90.595947265625
IMG_0028.mp4,998,33.266666666666666,30.0,525,2,traffic_signs,0.7085549831390381,1043.8641357421875,662.5563354492188,1057.0875244140625,680.5277709960938,1050.475830078125,671.5420532226562,13.223388671875,17.971435546875
IMG_0028.mp4,998,33.266666666666666,30.0,447,2,traffic_signs,0.8373736143112183,422.8011779785156,601.4285278320312,445.8498840332031,654.17236328125,434.3255310058594,627.8004455566406,23.0487060546875,52.74383544921875
IMG_0028.mp4,998,33.266666666666666,30.0,535,2,traffic_signs,0.7625853419303894,1890.8970947265625,630.0479125976562,1918.1837158203125,665.2427978515625,1904.5404052734375,647.6453552246094,27.28662109375,35.19488525390625
IMG_0028.mp4,998,33.266666666666666,30.0,522,2,traffic_signs,0.3916354179382324,1503.8388671875,614.69140625,1540.4744873046875,768.4625854492188,1522.1566772460938,691.5769958496094,36.6356201171875,153.77117919921875
IMG_0028.mp4,999,33.3,30.0,435,2,traffic_signs,0.8548967242240906,835.1858520507812,650.1820678710938,849.677490234375,673.50341796875,842.4316711425781,661.8427429199219,14.49163818359375,23.32135009765625
IMG_0028.mp4,999,33.3,30.0,457,2,traffic_signs,0.879716694355011,1157.6746826171875,549.9022216796875,1187.61328125,640.68896484375,1172.6439819335938,595.2955932617188,29.9385986328125,90.7867431640625
IMG_0028.mp4,999,33.3,30.0,490,2,traffic_signs,0.7200635075569153,1142.396728515625,672.9940185546875,1149.885009765625,688.776123046875,1146.140869140625,680.8850708007812,7.48828125,15.7821044921875
IMG_0028.mp4,999,33.3,30.0,511,2,traffic_signs,0.49645909667015076,1492.0386962890625,615.3685302734375,1529.2518310546875,705.9256591796875,1510.645263671875,660.6470947265625,37.213134765625,90.55712890625
IMG_0028.mp4,999,33.3,30.0,525,2,traffic_signs,0.7046833038330078,1032.900146484375,662.4392700195312,1046.9483642578125,681.0902709960938,1039.9242553710938,671.7647705078125,14.0482177734375,18.6510009765625
IMG_0028.mp4,999,33.3,30.0,447,2,traffic_signs,0.6825630068778992,409.1441955566406,598.1688232421875,433.1554260253906,654.7743530273438,421.1498107910156,626.4715881347656,24.01123046875,56.60552978515625
IMG_0028.mp4,999,33.3,30.0,535,2,traffic_signs,0.8285504579544067,1879.3614501953125,630.008544921875,1915.1968994140625,665.5090942382812,1897.2791748046875,647.7588195800781,35.83544921875,35.50054931640625
IMG_0028.mp4,999,33.3,30.0,522,2,traffic_signs,0.3149518072605133,1492.2132568359375,614.4774169921875,1530.467041015625,766.0048217773438,1511.3401489257812,690.2411193847656,38.2537841796875,151.52740478515625
IMG_0028.mp4,999,33.3,30.0,426,0,auth_label,0.5150256156921387,396.4776306152344,270.38714599609375,715.2369995117188,831.5513916015625,555.8573150634766,550.9692687988281,318.7593688964844,561.1642456054688
IMG_0028.mp4,999,33.3,30.0,472,2,traffic_signs,0.8245981931686401,881.677490234375,591.6676025390625,923.2225952148438,669.2467651367188,902.4500427246094,630.4571838378906,41.54510498046875,77.57916259765625
IMG_0028.mp4,999,33.3,30.0,505,2,traffic_signs,0.6209889054298401,1284.02783203125,610.7528686523438,1298.9056396484375,648.7367553710938,1291.4667358398438,629.7448120117188,14.8778076171875,37.98388671875
IMG_0028.mp4,1000,33.333333333333336,30.0,435,2,traffic_signs,0.8476116061210632,824.958984375,649.7384643554688,839.1090698242188,673.0804443359375,832.0340270996094,661.4094543457031,14.15008544921875,23.34197998046875
IMG_0028.mp4,1000,33.333333333333336,30.0,457,2,traffic_signs,0.875622570514679,1147.8724365234375,550.2622680664062,1176.24951171875,639.8523559570312,1162.0609741210938,595.0573120117188,28.3770751953125,89.590087890625
IMG_0028.mp4,1000,33.333333333333336,30.0,490,2,traffic_signs,0.7547768354415894,1132.114990234375,673.4146118164062,1139.7510986328125,688.8705444335938,1135.9330444335938,681.142578125,7.6361083984375,15.4559326171875
IMG_0028.mp4,1000,33.333333333333336,30.0,511,2,traffic_signs,0.6252115368843079,1481.4879150390625,615.1491088867188,1518.530029296875,704.8565063476562,1500.0089721679688,660.0028076171875,37.0421142578125,89.7073974609375
IMG_0028.mp4,1000,33.333333333333336,30.0,525,2,traffic_signs,0.7849571704864502,1022.6171264648438,662.2014770507812,1036.2535400390625,681.0252685546875,1029.4353332519531,671.6133728027344,13.63641357421875,18.82379150390625
IMG_0028.mp4,1000,33.333333333333336,30.0,447,2,traffic_signs,0.8306353688240051,396.0174560546875,596.09375,420.6991882324219,653.4169311523438,408.3583221435547,624.7553405761719,24.681732177734375,57.32318115234375
IMG_0028.mp4,1000,33.333333333333336,30.0,535,2,traffic_signs,0.6133111715316772,1866.889404296875,629.9663696289062,1905.666259765625,665.0790405273438,1886.27783203125,647.522705078125,38.77685546875,35.1126708984375
IMG_0028.mp4,1000,33.333333333333336,30.0,426,0,auth_label,0.31855523586273193,375.05078125,267.6075439453125,702.62353515625,831.6649169921875,538.837158203125,549.63623046875,327.57275390625,564.057373046875
IMG_0028.mp4,1000,33.333333333333336,30.0,472,2,traffic_signs,0.7388292551040649,870.0675048828125,593.6643676757812,913.3729858398438,666.606201171875,891.7202453613281,630.1352844238281,43.30548095703125,72.94183349609375
IMG_0028.mp4,1001,33.36666666666667,30.0,435,2,traffic_signs,0.8564943075180054,813.7884521484375,650.0596923828125,828.3147583007812,672.89453125,821.0516052246094,661.4771118164062,14.52630615234375,22.8348388671875
IMG_0028.mp4,1001,33.36666666666667,30.0,457,2,traffic_signs,0.7624594569206238,1134.81103515625,550.1522827148438,1165.532958984375,640.9249267578125,1150.1719970703125,595.5386047363281,30.721923828125,90.77264404296875
IMG_0028.mp4,1001,33.36666666666667,30.0,490,2,traffic_signs,0.6999756693840027,1121.97119140625,674.013427734375,1129.1004638671875,689.33056640625,1125.5358276367188,681.6719970703125,7.1292724609375,15.317138671875
IMG_0028.mp4,1001,33.36666666666667,30.0,511,2,traffic_signs,0.7877536416053772,1470.8033447265625,615.4513549804688,1507.7188720703125,702.1697998046875,1489.2611083984375,658.8105773925781,36.91552734375,86.71844482421875
IMG_0028.mp4,1001,33.36666666666667,30.0,525,2,traffic_signs,0.7546631097793579,1012.0206298828125,662.3151245117188,1025.74853515625,680.92138671875,1018.8845825195312,671.6182556152344,13.7279052734375,18.60626220703125
IMG_0028.mp4,1001,33.36666666666667,30.0,447,2,traffic_signs,0.8376792669296265,381.8309326171875,594.6494750976562,407.49993896484375,654.4922485351562,394.6654357910156,624.5708618164062,25.66900634765625,59.8427734375
IMG_0028.mp4,1001,33.36666666666667,30.0,535,2,traffic_signs,0.8505339622497559,1854.49560546875,630.7073974609375,1893.54345703125,665.830078125,1874.01953125,648.2687377929688,39.0478515625,35.1226806640625
IMG_0028.mp4,1001,33.36666666666667,30.0,472,2,traffic_signs,0.7969338893890381,858.3927001953125,594.4253540039062,902.9098510742188,666.486328125,880.6512756347656,630.4558410644531,44.51715087890625,72.06097412109375
IMG_0028.mp4,1001,33.36666666666667,30.0,538,2,traffic_signs,0.36976489424705505,1471.677978515625,614.8465576171875,1508.3341064453125,701.9175415039062,1490.0060424804688,658.3820495605469,36.6561279296875,87.07098388671875
IMG_0028.mp4,1001,33.36666666666667,30.0,540,2,traffic_signs,0.4232480227947235,1264.9239501953125,670.3255615234375,1301.1224365234375,725.8231811523438,1283.023193359375,698.0743713378906,36.198486328125,55.49761962890625
IMG_0028.mp4,1001,33.36666666666667,30.0,505,2,traffic_signs,0.6923436522483826,1262.53857421875,612.02880859375,1277.8204345703125,649.302001953125,1270.1795043945312,630.6654052734375,15.2818603515625,37.273193359375
IMG_0028.mp4,1002,33.4,30.0,435,2,traffic_signs,0.8307581543922424,803.5233764648438,650.10302734375,817.8385620117188,673.5214233398438,810.6809692382812,661.8122253417969,14.315185546875,23.41839599609375
IMG_0028.mp4,1002,33.4,30.0,457,2,traffic_signs,0.8093562126159668,1125.5576171875,551.2335815429688,1155.109130859375,641.294677734375,1140.3333740234375,596.2641296386719,29.551513671875,90.06109619140625
IMG_0028.mp4,1002,33.4,30.0,490,2,traffic_signs,0.5466778874397278,1111.9266357421875,673.8699951171875,1118.9091796875,689.096923828125,1115.4179077148438,681.4834594726562,6.9825439453125,15.2269287109375
IMG_0028.mp4,1002,33.4,30.0,525,2,traffic_signs,0.8037898540496826,1001.795654296875,662.42333984375,1015.852294921875,681.1743774414062,1008.823974609375,671.7988586425781,14.056640625,18.75103759765625
IMG_0028.mp4,1002,33.4,30.0,447,2,traffic_signs,0.7543672323226929,368.4129638671875,594.0939331054688,394.777099609375,656.408447265625,381.59503173828125,625.2511901855469,26.3641357421875,62.31451416015625
IMG_0028.mp4,1002,33.4,30.0,535,2,traffic_signs,0.7824501991271973,1842.6766357421875,630.6123046875,1881.99755859375,666.85791015625,1862.3370971679688,648.735107421875,39.3209228515625,36.24560546875
IMG_0028.mp4,1002,33.4,30.0,472,2,traffic_signs,0.6060366034507751,847.7654418945312,593.3705444335938,891.9664916992188,667.8101196289062,869.865966796875,630.59033203125,44.2010498046875,74.4395751953125
IMG_0028.mp4,1002,33.4,30.0,505,2,traffic_signs,0.32423025369644165,1251.8455810546875,612.7697143554688,1267.94921875,651.2720336914062,1259.8973999023438,632.0208740234375,16.1036376953125,38.5023193359375
IMG_0028.mp4,1002,33.4,30.0,426,0,auth_label,0.4015309512615204,327.3555908203125,268.0302734375,676.533447265625,827.474853515625,501.94451904296875,547.7525634765625,349.1778564453125,559.444580078125
IMG_0028.mp4,1003,33.43333333333333,30.0,435,2,traffic_signs,0.8420901298522949,793.1259765625,650.3029174804688,807.1088256835938,673.3244018554688,800.1174011230469,661.8136596679688,13.98284912109375,23.021484375
IMG_0028.mp4,1003,33.43333333333333,30.0,457,2,traffic_signs,0.6690260171890259,1111.73583984375,550.6893920898438,1143.93359375,640.8740234375,1127.834716796875,595.7817077636719,32.19775390625,90.18463134765625
IMG_0028.mp4,1003,33.43333333333333,30.0,490,2,traffic_signs,0.6267564296722412,1101.8067626953125,673.3843994140625,1108.92041015625,690.252197265625,1105.3635864257812,681.8182983398438,7.1136474609375,16.8677978515625
IMG_0028.mp4,1003,33.43333333333333,30.0,525,2,traffic_signs,0.7062222957611084,991.3453369140625,662.3493041992188,1005.398681640625,680.5036010742188,998.3720092773438,671.4264526367188,14.0533447265625,18.154296875
IMG_0028.mp4,1003,33.43333333333333,30.0,447,2,traffic_signs,0.8864461183547974,355.34393310546875,593.49609375,381.9485778808594,656.38525390625,368.64625549316406,624.940673828125,26.604644775390625,62.88916015625
IMG_0028.mp4,1003,33.43333333333333,30.0,535,2,traffic_signs,0.8095471262931824,1830.4056396484375,631.0389404296875,1869.1175537109375,668.0077514648438,1849.7615966796875,649.5233459472656,38.7119140625,36.96881103515625
IMG_0028.mp4,1003,33.43333333333333,30.0,472,2,traffic_signs,0.5741625428199768,836.45947265625,593.0314331054688,880.7383422851562,668.2360229492188,858.5989074707031,630.6337280273438,44.27886962890625,75.20458984375
IMG_0028.mp4,1003,33.43333333333333,30.0,505,2,traffic_signs,0.40336325764656067,1241.3536376953125,612.5049438476562,1256.6685791015625,651.4351196289062,1249.0111083984375,631.9700317382812,15.31494140625,38.93017578125
IMG_0028.mp4,1003,33.43333333333333,30.0,542,2,traffic_signs,0.47254887223243713,837.2368774414062,589.9859619140625,881.5751342773438,674.8330078125,859.406005859375,632.4094848632812,44.3382568359375,84.8470458984375
IMG_0028.mp4,1003,33.43333333333333,30.0,426,0,auth_label,0.6779770255088806,297.0888977050781,261.3335266113281,661.6476440429688,830.61669921875,479.36827087402344,545.9751129150391,364.5587463378906,569.2831726074219
IMG_0028.mp4,1003,33.43333333333333,30.0,522,2,traffic_signs,0.5726290345191956,1449.6876220703125,617.081787109375,1486.8292236328125,709.9859619140625,1468.2584228515625,663.5338745117188,37.1416015625,92.9041748046875
IMG_0028.mp4,1003,33.43333333333333,30.0,511,2,traffic_signs,0.7716343402862549,1449.4390869140625,616.66162109375,1486.1497802734375,702.9719848632812,1467.79443359375,659.8168029785156,36.710693359375,86.31036376953125
IMG_0028.mp4,1004,33.46666666666667,30.0,435,2,traffic_signs,0.8375290632247925,782.7670288085938,649.9521484375,797.1588134765625,673.1619262695312,789.9629211425781,661.5570373535156,14.39178466796875,23.20977783203125
IMG_0028.mp4,1004,33.46666666666667,30.0,457,2,traffic_signs,0.8319189548492432,1102.9083251953125,550.4354248046875,1133.3702392578125,638.1536865234375,1118.1392822265625,594.2945556640625,30.4619140625,87.71826171875
IMG_0028.mp4,1004,33.46666666666667,30.0,490,2,traffic_signs,0.5159617066383362,1091.7049560546875,673.8360595703125,1098.82470703125,689.0025024414062,1095.2648315429688,681.4192810058594,7.1197509765625,15.16644287109375
IMG_0028.mp4,1004,33.46666666666667,30.0,525,2,traffic_signs,0.6151648163795471,981.2933959960938,662.2171630859375,995.2808227539062,680.6463012695312,988.287109375,671.4317321777344,13.9874267578125,18.42913818359375
IMG_0028.mp4,1004,33.46666666666667,30.0,447,2,traffic_signs,0.8365170359611511,342.30657958984375,593.3728637695312,369.0791015625,655.9617919921875,355.6928405761719,624.6673278808594,26.77252197265625,62.58892822265625
IMG_0028.mp4,1004,33.46666666666667,30.0,535,2,traffic_signs,0.8126076459884644,1818.89501953125,630.9108276367188,1857.2979736328125,667.6793823242188,1838.0964965820312,649.2951049804688,38.4029541015625,36.7685546875
IMG_0028.mp4,1004,33.46666666666667,30.0,472,2,traffic_signs,0.64220130443573,826.0264282226562,591.2576904296875,868.8978881835938,666.8402709960938,847.462158203125,629.0489807128906,42.8714599609375,75.58258056640625
IMG_0028.mp4,1004,33.46666666666667,30.0,542,2,traffic_signs,0.5570558309555054,826.9481201171875,588.7537841796875,870.0255737304688,670.8028564453125,848.4868469238281,629.7783203125,43.07745361328125,82.049072265625
IMG_0028.mp4,1004,33.46666666666667,30.0,426,0,auth_label,0.4319608807563782,275.0849609375,262.0945739746094,650.9606323242188,826.0286865234375,463.0227966308594,544.0616302490234,375.87567138671875,563.9341125488281
IMG_0028.mp4,1004,33.46666666666667,30.0,522,2,traffic_signs,0.38548511266708374,1439.4576416015625,615.9653930664062,1476.22802734375,703.0449829101562,1457.8428344726562,659.5051879882812,36.7703857421875,87.07958984375
IMG_0028.mp4,1004,33.46666666666667,30.0,511,2,traffic_signs,0.8146044611930847,1439.04931640625,616.1063842773438,1475.607421875,703.2267456054688,1457.328369140625,659.6665649414062,36.55810546875,87.120361328125
IMG_0028.mp4,1004,33.46666666666667,30.0,484,2,traffic_signs,0.5136726498603821,1232.0574951171875,669.84326171875,1272.666748046875,794.92431640625,1252.3621215820312,732.3837890625,40.6092529296875,125.0810546875
IMG_0028.mp4,1005,33.5,30.0,435,2,traffic_signs,0.8474781513214111,771.7181396484375,649.793212890625,786.57763671875,672.7852783203125,779.1478881835938,661.2892456054688,14.8594970703125,22.9920654296875
IMG_0028.mp4,1005,33.5,30.0,457,2,traffic_signs,0.8259178400039673,1091.822509765625,551.1153564453125,1122.7708740234375,639.012939453125,1107.2966918945312,595.0641479492188,30.9483642578125,87.8975830078125
IMG_0028.mp4,1005,33.5,30.0,490,2,traffic_signs,0.6678555011749268,1081.0875244140625,673.2821655273438,1088.2689208984375,688.617431640625,1084.67822265625,680.9497985839844,7.181396484375,15.33526611328125
IMG_0028.mp4,1005,33.5,30.0,525,2,traffic_signs,0.7092801332473755,971.0484619140625,662.1616821289062,985.2286987304688,679.9078979492188,978.1385803222656,671.0347900390625,14.18023681640625,17.7462158203125
IMG_0028.mp4,1005,33.5,30.0,447,2,traffic_signs,0.8352348804473877,329.2373046875,592.8298950195312,356.5394287109375,657.500732421875,342.88836669921875,625.1653137207031,27.3021240234375,64.67083740234375
IMG_0028.mp4,1005,33.5,30.0,535,2,traffic_signs,0.8210980892181396,1807.05615234375,631.0108032226562,1844.4652099609375,667.5698852539062,1825.7606811523438,649.2903442382812,37.4090576171875,36.55908203125
IMG_0028.mp4,1005,33.5,30.0,472,2,traffic_signs,0.43645408749580383,814.7711181640625,591.7274780273438,856.7271728515625,666.029052734375,835.7491455078125,628.8782653808594,41.9560546875,74.30157470703125
IMG_0028.mp4,1005,33.5,30.0,542,2,traffic_signs,0.2639836072921753,815.6248168945312,590.279296875,859.6585693359375,671.3493041992188,837.6416931152344,630.8143005371094,44.03375244140625,81.07000732421875
IMG_0028.mp4,1005,33.5,30.0,511,2,traffic_signs,0.7899585962295532,1428.4515380859375,615.65087890625,1464.883056640625,702.7578735351562,1446.6672973632812,659.2043762207031,36.4315185546875,87.10699462890625
IMG_0028.mp4,1005,33.5,30.0,505,2,traffic_signs,0.31198471784591675,1220.3865966796875,613.0477905273438,1234.998291015625,649.25341796875,1227.6924438476562,631.1506042480469,14.6116943359375,36.20562744140625
IMG_0028.mp4,1006,33.53333333333333,30.0,435,2,traffic_signs,0.7890986800193787,760.812255859375,649.476318359375,775.8713989257812,672.3727416992188,768.3418273925781,660.9245300292969,15.05914306640625,22.89642333984375
IMG_0028.mp4,1006,33.53333333333333,30.0,457,2,traffic_signs,0.8416329026222229,1081.5701904296875,551.2827758789062,1111.9608154296875,638.5390014648438,1096.7655029296875,594.910888671875,30.390625,87.2562255859375
IMG_0028.mp4,1006,33.53333333333333,30.0,490,2,traffic_signs,0.6940171718597412,1071.5498046875,672.9641723632812,1078.745849609375,689.1716918945312,1075.1478271484375,681.0679321289062,7.196044921875,16.20751953125
IMG_0028.mp4,1006,33.53333333333333,30.0,525,2,traffic_signs,0.6308690905570984,960.7100830078125,662.107666015625,975.1917724609375,679.711181640625,967.950927734375,670.909423828125,14.481689453125,17.603515625
IMG_0028.mp4,1006,33.53333333333333,30.0,447,2,traffic_signs,0.9160523414611816,315.4617614746094,592.3885498046875,343.1324157714844,656.03857421875,329.2970886230469,624.2135620117188,27.670654296875,63.6500244140625
IMG_0028.mp4,1006,33.53333333333333,30.0,535,2,traffic_signs,0.8013822436332703,1796.174072265625,630.435791015625,1833.5426025390625,667.1743774414062,1814.8583374023438,648.8050842285156,37.3685302734375,36.73858642578125
IMG_0028.mp4,1006,33.53333333333333,30.0,542,2,traffic_signs,0.45461082458496094,805.6627197265625,588.3607177734375,849.4605102539062,670.8809814453125,827.5616149902344,629.620849609375,43.79779052734375,82.520263671875
IMG_0028.mp4,1006,33.53333333333333,30.0,511,2,traffic_signs,0.7736139893531799,1417.90576171875,615.0574951171875,1454.433837890625,703.2754516601562,1436.1697998046875,659.1664733886719,36.528076171875,88.21795654296875
IMG_0028.mp4,1006,33.53333333333333,30.0,505,2,traffic_signs,0.6024709343910217,1210.1314697265625,612.154541015625,1224.9490966796875,648.2182006835938,1217.540283203125,630.1863708496094,14.817626953125,36.06365966796875
IMG_0028.mp4,1006,33.53333333333333,30.0,426,0,auth_label,0.41404786705970764,217.18453979492188,258.13909912109375,625.3106689453125,823.8081665039062,421.2476043701172,540.9736328125,408.1261291503906,565.6690673828125
IMG_0028.mp4,1006,33.53333333333333,30.0,484,2,traffic_signs,0.44550472497940063,1210.719482421875,668.877197265625,1252.033203125,794.3406982421875,1231.3763427734375,731.6089477539062,41.313720703125,125.4635009765625
IMG_0028.mp4,1007,33.56666666666667,30.0,435,2,traffic_signs,0.606692373752594,750.8745727539062,648.9407348632812,765.144287109375,672.3482666015625,758.0094299316406,660.6445007324219,14.26971435546875,23.40753173828125
IMG_0028.mp4,1007,33.56666666666667,30.0,457,2,traffic_signs,0.6476831436157227,1072.333740234375,550.0662231445312,1101.671142578125,637.76953125,1087.00244140625,593.9178771972656,29.33740234375,87.70330810546875
IMG_0028.mp4,1007,33.56666666666667,30.0,490,2,traffic_signs,0.7487597465515137,1061.501220703125,672.9974975585938,1068.563232421875,688.2815551757812,1065.0322265625,680.6395263671875,7.06201171875,15.2840576171875
IMG_0028.mp4,1007,33.56666666666667,30.0,525,2,traffic_signs,0.7351513504981995,951.0062866210938,661.3626098632812,964.9991455078125,679.0294189453125,958.0027160644531,670.1960144042969,13.99285888671875,17.66680908203125
IMG_0028.mp4,1007,33.56666666666667,30.0,447,2,traffic_signs,0.8761071562767029,303.038330078125,593.1824340820312,330.236572265625,652.6163940429688,316.637451171875,622.8994140625,27.1982421875,59.4339599609375
IMG_0028.mp4,1007,33.56666666666667,30.0,535,2,traffic_signs,0.8139746785163879,1785.6754150390625,630.4898681640625,1821.787353515625,666.6343994140625,1803.7313842773438,648.5621337890625,36.1119384765625,36.14453125
IMG_0028.mp4,1007,33.56666666666667,30.0,542,2,traffic_signs,0.338827908039093,793.8631591796875,587.9944458007812,838.7832641601562,670.6450805664062,816.3232116699219,629.3197631835938,44.92010498046875,82.650634765625
IMG_0028.mp4,1007,33.56666666666667,30.0,511,2,traffic_signs,0.48987364768981934,1407.4595947265625,615.0712890625,1443.6607666015625,705.8848266601562,1425.5601806640625,660.4780578613281,36.201171875,90.81353759765625
IMG_0028.mp4,1007,33.56666666666667,30.0,505,2,traffic_signs,0.46715089678764343,1199.70947265625,611.3638305664062,1214.6309814453125,648.3394165039062,1207.1702270507812,629.8516235351562,14.9215087890625,36.9755859375
IMG_0028.mp4,1007,33.56666666666667,30.0,426,0,auth_label,0.6122169494628906,179.06260681152344,249.53091430664062,610.1260375976562,828.2635498046875,394.59432220458984,538.8972320556641,431.0634307861328,578.7326354980469
IMG_0028.mp4,1008,33.6,30.0,435,2,traffic_signs,0.38408416509628296,740.1622314453125,648.8618774414062,754.6679077148438,672.1845092773438,747.4150695800781,660.523193359375,14.50567626953125,23.3226318359375
IMG_0028.mp4,1008,33.6,30.0,457,2,traffic_signs,0.8788006901741028,1062.906494140625,549.03173828125,1090.6114501953125,630.0399780273438,1076.7589721679688,589.5358581542969,27.7049560546875,81.00823974609375
IMG_0028.mp4,1008,33.6,30.0,490,2,traffic_signs,0.7096214294433594,1051.67529296875,673.2191772460938,1058.7696533203125,689.0764770507812,1055.2224731445312,681.1478271484375,7.0943603515625,15.8572998046875
IMG_0028.mp4,1008,33.6,30.0,525,2,traffic_signs,0.7947570085525513,941.3524169921875,661.1359252929688,954.812744140625,679.989990234375,948.0825805664062,670.5629577636719,13.4603271484375,18.85406494140625
IMG_0028.mp4,1008,33.6,30.0,447,2,traffic_signs,0.777029812335968,289.7357482910156,595.9796752929688,317.03387451171875,654.9695434570312,303.3848114013672,625.474609375,27.298126220703125,58.9898681640625
IMG_0028.mp4,1008,33.6,30.0,535,2,traffic_signs,0.8261131048202515,1774.7601318359375,630.8739013671875,1810.5743408203125,666.70703125,1792.667236328125,648.7904663085938,35.814208984375,35.8331298828125
IMG_0028.mp4,1008,33.6,30.0,542,2,traffic_signs,0.7171512246131897,783.81494140625,587.0278930664062,827.8099365234375,673.8611450195312,805.8124389648438,630.4445190429688,43.9949951171875,86.833251953125
IMG_0028.mp4,1008,33.6,30.0,511,2,traffic_signs,0.2914818823337555,1397.385009765625,614.0291137695312,1434.09375,704.1952514648438,1415.7393798828125,659.1121826171875,36.708740234375,90.1661376953125
IMG_0028.mp4,1008,33.6,30.0,505,2,traffic_signs,0.7244316935539246,1189.82470703125,611.2274780273438,1204.42041015625,647.9783325195312,1197.12255859375,629.6029052734375,14.595703125,36.7508544921875
IMG_0028.mp4,1008,33.6,30.0,472,2,traffic_signs,0.2502102553844452,782.3948974609375,588.2493896484375,824.4583129882812,667.1132202148438,803.4266052246094,627.6813049316406,42.06341552734375,78.86383056640625
IMG_0028.mp4,1009,33.63333333333333,30.0,435,2,traffic_signs,0.7607076168060303,729.5589599609375,648.7205200195312,744.2720947265625,672.4078979492188,736.91552734375,660.564208984375,14.713134765625,23.6873779296875
IMG_0028.mp4,1009,33.63333333333333,30.0,457,2,traffic_signs,0.8411810398101807,1052.3785400390625,546.8284301757812,1079.674072265625,633.278564453125,1066.0263061523438,590.0534973144531,27.2955322265625,86.45013427734375
IMG_0028.mp4,1009,33.63333333333333,30.0,490,2,traffic_signs,0.5939421057701111,1041.7279052734375,672.6879272460938,1049.0850830078125,691.7908935546875,1045.406494140625,682.2394104003906,7.357177734375,19.10296630859375
IMG_0028.mp4,1009,33.63333333333333,30.0,525,2,traffic_signs,0.8232889771461487,931.136474609375,660.8212890625,944.7755737304688,679.8794555664062,937.9560241699219,670.3503723144531,13.63909912109375,19.05816650390625
IMG_0028.mp4,1009,33.63333333333333,30.0,447,2,traffic_signs,0.619434654712677,276.71124267578125,595.2428588867188,304.0784606933594,651.9824829101562,290.3948516845703,623.6126708984375,27.367218017578125,56.7396240234375
IMG_0028.mp4,1009,33.63333333333333,30.0,535,2,traffic_signs,0.8469336032867432,1763.2802734375,631.493896484375,1798.7027587890625,666.5592651367188,1780.9915161132812,649.0265808105469,35.4224853515625,35.06536865234375
IMG_0028.mp4,1009,33.63333333333333,30.0,542,2,traffic_signs,0.46555250883102417,773.2606201171875,587.1389770507812,817.6006469726562,670.2235107421875,795.4306335449219,628.6812438964844,44.34002685546875,83.08453369140625
IMG_0028.mp4,1009,33.63333333333333,30.0,511,2,traffic_signs,0.7183040976524353,1386.5428466796875,613.822509765625,1423.77734375,705.1658935546875,1405.1600952148438,659.4942016601562,37.2344970703125,91.3433837890625
IMG_0028.mp4,1009,33.63333333333333,30.0,505,2,traffic_signs,0.43527457118034363,1179.3583984375,611.8330078125,1194.3499755859375,649.3549194335938,1186.8541870117188,630.5939636230469,14.9915771484375,37.52191162109375
IMG_0028.mp4,1009,33.63333333333333,30.0,472,2,traffic_signs,0.2863023281097412,770.8336791992188,588.2847900390625,816.5988159179688,664.9541625976562,793.7162475585938,626.6194763183594,45.76513671875,76.66937255859375
IMG_0028.mp4,1009,33.63333333333333,30.0,426,0,auth_label,0.48885688185691833,114.14313507080078,248.01905822753906,584.9746704101562,827.9357299804688,349.5589027404785,537.9773941040039,470.83153533935547,579.9166717529297
IMG_0028.mp4,1010,33.666666666666664,30.0,435,2,traffic_signs,0.8486154079437256,719.1436157226562,648.2754516601562,734.0308227539062,671.8079223632812,726.5872192382812,660.0416870117188,14.88720703125,23.532470703125
IMG_0028.mp4,1010,33.666666666666664,30.0,457,2,traffic_signs,0.7320685386657715,1041.1695556640625,546.4500732421875,1069.330810546875,633.017333984375,1055.2501831054688,589.7337036132812,28.1612548828125,86.5672607421875
IMG_0028.mp4,1010,33.666666666666664,30.0,490,2,traffic_signs,0.3382839262485504,1031.667724609375,672.1530151367188,1038.6839599609375,690.8522338867188,1035.1758422851562,681.5026245117188,7.0162353515625,18.69921875
IMG_0028.mp4,1010,33.666666666666664,30.0,525,2,traffic_signs,0.7737472057342529,921.1099243164062,660.8656616210938,934.5379638671875,678.9839477539062,927.8239440917969,669.9248046875,13.42803955078125,18.1182861328125
IMG_0028.mp4,1010,33.666666666666664,30.0,447,2,traffic_signs,0.7641772031784058,263.16802978515625,592.1005249023438,290.8719482421875,652.2579956054688,277.0199890136719,622.1792602539062,27.70391845703125,60.157470703125
IMG_0028.mp4,1010,33.666666666666664,30.0,535,2,traffic_signs,0.8604065775871277,1751.8309326171875,631.1875,1788.01220703125,666.4290771484375,1769.9215698242188,648.8082885742188,36.1812744140625,35.2415771484375
IMG_0028.mp4,1010,33.666666666666664,30.0,542,2,traffic_signs,0.2929404675960541,762.3623046875,587.0684814453125,806.5361938476562,669.4115600585938,784.4492492675781,628.2400207519531,44.17388916015625,82.34307861328125
IMG_0028.mp4,1010,33.666666666666664,30.0,511,2,traffic_signs,0.810838520526886,1376.6195068359375,613.0899658203125,1413.1893310546875,702.7062377929688,1394.9044189453125,657.8981018066406,36.56982421875,89.61627197265625
IMG_0028.mp4,1010,33.666666666666664,30.0,505,2,traffic_signs,0.539442241191864,1169.024658203125,611.52783203125,1183.9420166015625,647.359375,1176.4833374023438,629.443603515625,14.9173583984375,35.83154296875
IMG_0028.mp4,1010,33.666666666666664,30.0,472,2,traffic_signs,0.3050856590270996,760.4213256835938,588.2437744140625,801.8967895507812,663.5965576171875,781.1590576171875,625.920166015625,41.4754638671875,75.352783203125
IMG_0028.mp4,1010,33.666666666666664,30.0,426,0,auth_label,0.3215368688106537,84.1527328491211,243.97389221191406,570.1150512695312,828.0186767578125,327.1338920593262,535.9962844848633,485.96231842041016,584.0447845458984
IMG_0028.mp4,1010,33.666666666666664,30.0,540,2,traffic_signs,0.477737158536911,1171.1912841796875,668.85302734375,1203.9197998046875,725.0375366210938,1187.5555419921875,696.9452819824219,32.728515625,56.18450927734375
IMG_0028.mp4,1011,33.7,30.0,435,2,traffic_signs,0.8494976758956909,708.6141357421875,647.14501953125,723.0045166015625,671.0890502929688,715.809326171875,659.1170349121094,14.390380859375,23.94403076171875
IMG_0028.mp4,1011,33.7,30.0,457,2,traffic_signs,0.7994295954704285,1030.4273681640625,546.2501831054688,1058.8287353515625,630.3928833007812,1044.6280517578125,588.321533203125,28.4013671875,84.1427001953125
IMG_0028.mp4,1011,33.7,30.0,490,2,traffic_signs,0.5680755972862244,1021.6724853515625,671.3616943359375,1028.501708984375,689.2786865234375,1025.0870971679688,680.3201904296875,6.8292236328125,17.9169921875
IMG_0028.mp4,1011,33.7,30.0,525,2,traffic_signs,0.6904845237731934,911.1116943359375,659.85205078125,924.4881591796875,678.5964965820312,917.7999267578125,669.2242736816406,13.37646484375,18.74444580078125
IMG_0028.mp4,1011,33.7,30.0,447,2,traffic_signs,0.5163125395774841,250.31971740722656,591.9700927734375,277.3611755371094,650.3064575195312,263.84044647216797,621.1382751464844,27.041458129882812,58.33636474609375
IMG_0028.mp4,1011,33.7,30.0,535,2,traffic_signs,0.7607089877128601,1740.4154052734375,630.7127685546875,1776.1329345703125,666.5330810546875,1758.274169921875,648.6229248046875,35.717529296875,35.8203125
IMG_0028.mp4,1011,33.7,30.0,511,2,traffic_signs,0.7192087769508362,1366.549560546875,612.760498046875,1402.93505859375,704.7811889648438,1384.7423095703125,658.7708435058594,36.385498046875,92.02069091796875
IMG_0028.mp4,1011,33.7,30.0,505,2,traffic_signs,0.6691862344741821,1158.7984619140625,610.6318969726562,1173.7216796875,646.040283203125,1166.2600708007812,628.3360900878906,14.9232177734375,35.40838623046875
IMG_0028.mp4,1011,33.7,30.0,472,2,traffic_signs,0.6612964272499084,749.1160278320312,587.0479736328125,781.0437622070312,662.7542724609375,765.0798950195312,624.901123046875,31.927734375,75.706298828125
IMG_0028.mp4,1012,33.733333333333334,30.0,435,2,traffic_signs,0.8369650840759277,697.9929809570312,647.2646484375,712.1085815429688,670.9810791015625,705.05078125,659.1228637695312,14.1156005859375,23.7164306640625
IMG_0028.mp4,1012,33.733333333333334,30.0,457,2,traffic_signs,0.8638957142829895,1019.5487670898438,545.7363891601562,1048.3472900390625,625.4512329101562,1033.9480285644531,585.5938110351562,28.79852294921875,79.71484375
IMG_0028.mp4,1012,33.733333333333334,30.0,490,2,traffic_signs,0.7453151345252991,1012.0272827148438,671.599609375,1019.2958374023438,688.9739990234375,1015.6615600585938,680.2868041992188,7.2685546875,17.3743896484375
IMG_0028.mp4,1012,33.733333333333334,30.0,525,2,traffic_signs,0.7821919918060303,901.5213012695312,660.0891723632812,914.7804565429688,678.4127807617188,908.15087890625,669.2509765625,13.2591552734375,18.3236083984375
IMG_0028.mp4,1012,33.733333333333334,30.0,447,2,traffic_signs,0.5016205310821533,236.91612243652344,593.2702026367188,263.65277099609375,657.2006225585938,250.2844467163086,625.2354125976562,26.736648559570312,63.930419921875
IMG_0028.mp4,1012,33.733333333333334,30.0,535,2,traffic_signs,0.8513115048408508,1730.0926513671875,631.00537109375,1766.6650390625,667.3602905273438,1748.3788452148438,649.1828308105469,36.5723876953125,36.35491943359375
IMG_0028.mp4,1012,33.733333333333334,30.0,511,2,traffic_signs,0.6604341864585876,1356.9691162109375,613.2015991210938,1393.4716796875,703.9053344726562,1375.2203979492188,658.553466796875,36.5025634765625,90.7037353515625
IMG_0028.mp4,1012,33.733333333333334,30.0,505,2,traffic_signs,0.5483317375183105,1149.5355224609375,611.5326538085938,1164.11865234375,645.3016967773438,1156.8270874023438,628.4171752929688,14.5831298828125,33.76904296875
IMG_0028.mp4,1012,33.733333333333334,30.0,472,2,traffic_signs,0.8288185596466064,738.15380859375,587.377197265625,763.9403076171875,664.1019897460938,751.0470581054688,625.7395935058594,25.7864990234375,76.72479248046875
IMG_0028.mp4,1012,33.733333333333334,30.0,426,0,auth_label,0.31063923239707947,31.462223052978516,245.97891235351562,543.911376953125,833.9993896484375,287.68680000305176,539.9891510009766,512.4491539001465,588.0204772949219
IMG_0028.mp4,1013,33.766666666666666,30.0,435,2,traffic_signs,0.8533975481987,687.3206787109375,647.1223754882812,701.8650512695312,671.2913818359375,694.5928649902344,659.2068786621094,14.54437255859375,24.16900634765625
IMG_0028.mp4,1013,33.766666666666666,30.0,457,2,traffic_signs,0.8883177042007446,1008.558349609375,545.6375732421875,1037.664306640625,622.9246215820312,1023.111328125,584.2810974121094,29.10595703125,77.28704833984375
IMG_0028.mp4,1013,33.766666666666666,30.0,490,2,traffic_signs,0.6635135412216187,1002.3211059570312,672.3028564453125,1009.2776489257812,691.425048828125,1005.7993774414062,681.8639526367188,6.95654296875,19.1221923828125
IMG_0028.mp4,1013,33.766666666666666,30.0,525,2,traffic_signs,0.8082109093666077,891.6437377929688,659.6029663085938,904.70703125,679.2764892578125,898.1753845214844,669.4397277832031,13.06329345703125,19.67352294921875
IMG_0028.mp4,1013,33.766666666666666,30.0,447,2,traffic_signs,0.6344194412231445,222.52601623535156,589.6240844726562,250.90093994140625,655.2128295898438,236.7134780883789,622.41845703125,28.374923706054688,65.5887451171875
IMG_0028.mp4,1013,33.766666666666666,30.0,535,2,traffic_signs,0.8668612837791443,1719.3084716796875,632.1214599609375,1755.3460693359375,667.5668334960938,1737.3272705078125,649.8441467285156,36.03759765625,35.44537353515625
IMG_0028.mp4,1013,33.766666666666666,30.0,511,2,traffic_signs,0.8284763693809509,1346.472412109375,613.2748413085938,1382.7177734375,703.4016723632812,1364.5950927734375,658.3382568359375,36.245361328125,90.1268310546875
IMG_0028.mp4,1013,33.766666666666666,30.0,505,2,traffic_signs,0.3848945200443268,1139.333984375,610.9517822265625,1154.3946533203125,646.2791748046875,1146.8643188476562,628.615478515625,15.0606689453125,35.327392578125
IMG_0028.mp4,1013,33.766666666666666,30.0,484,2,traffic_signs,0.4177247881889343,1138.172607421875,667.124755859375,1180.7445068359375,794.2618408203125,1159.4585571289062,730.6932983398438,42.5718994140625,127.1370849609375
IMG_0028.mp4,1014,33.8,30.0,435,2,traffic_signs,0.6151511073112488,676.4208984375,646.360595703125,691.2692260742188,669.9882202148438,683.8450622558594,658.1744079589844,14.84832763671875,23.62762451171875
IMG_0028.mp4,1014,33.8,30.0,457,2,traffic_signs,0.8844440579414368,998.0288696289062,543.4619750976562,1027.0667724609375,626.2489013671875,1012.5478210449219,584.8554382324219,29.03790283203125,82.78692626953125
IMG_0028.mp4,1014,33.8,30.0,490,2,traffic_signs,0.298763632774353,992.9321899414062,671.9716186523438,999.225341796875,691.3057250976562,996.0787658691406,681.638671875,6.29315185546875,19.3341064453125
IMG_0028.mp4,1014,33.8,30.0,525,2,traffic_signs,0.8190867900848389,881.8106689453125,658.962158203125,894.6104125976562,677.6181640625,888.2105407714844,668.2901611328125,12.79974365234375,18.656005859375
IMG_0028.mp4,1014,33.8,30.0,447,2,traffic_signs,0.7909854054450989,209.09005737304688,588.6140747070312,237.42832946777344,653.2250366210938,223.25919342041016,620.9195556640625,28.338272094726562,64.6109619140625
IMG_0028.mp4,1014,33.8,30.0,535,2,traffic_signs,0.8872796297073364,1709.096923828125,631.7573852539062,1744.970703125,666.44482421875,1727.0338134765625,649.1011047363281,35.873779296875,34.68743896484375
IMG_0028.mp4,1014,33.8,30.0,511,2,traffic_signs,0.6099923253059387,1336.5980224609375,612.3458862304688,1372.7869873046875,702.1177368164062,1354.6925048828125,657.2318115234375,36.18896484375,89.7718505859375
IMG_0028.mp4,1014,33.8,30.0,505,2,traffic_signs,0.5228179693222046,1129.656005859375,610.1565551757812,1144.5120849609375,645.2869873046875,1137.0840454101562,627.7217712402344,14.8560791015625,35.13043212890625
IMG_0028.mp4,1014,33.8,30.0,542,2,traffic_signs,0.48387739062309265,716.5573120117188,585.9348754882812,764.9916381835938,663.6649780273438,740.7744750976562,624.7999267578125,48.434326171875,77.7301025390625
IMG_0028.mp4,1015,33.833333333333336,30.0,435,2,traffic_signs,0.8482526540756226,666.0511474609375,646.3306884765625,680.7406005859375,670.26806640625,673.3958740234375,658.2993774414062,14.689453125,23.9373779296875
IMG_0028.mp4,1015,33.833333333333336,30.0,457,2,traffic_signs,0.8821764588356018,986.8740234375,542.2180786132812,1016.96728515625,626.8496704101562,1001.920654296875,584.5338745117188,30.09326171875,84.631591796875
IMG_0028.mp4,1015,33.833333333333336,30.0,525,2,traffic_signs,0.861960768699646,871.501953125,659.3219604492188,885.216552734375,677.7698974609375,878.3592529296875,668.5459289550781,13.714599609375,18.44793701171875
IMG_0028.mp4,1015,33.833333333333336,30.0,447,2,traffic_signs,0.681803286075592,195.39041137695312,586.9441528320312,224.1175537109375,652.604736328125,209.7539825439453,619.7744445800781,28.727142333984375,65.66058349609375
IMG_0028.mp4,1015,33.833333333333336,30.0,535,2,traffic_signs,0.8273764252662659,1698.71044921875,631.4437866210938,1734.1015625,666.4235229492188,1716.406005859375,648.9336547851562,35.39111328125,34.979736328125
IMG_0028.mp4,1015,33.833333333333336,30.0,511,2,traffic_signs,0.4904858469963074,1326.6273193359375,611.7116088867188,1363.2615966796875,703.6157836914062,1344.9444580078125,657.6636962890625,36.63427734375,91.9041748046875
IMG_0028.mp4,1015,33.833333333333336,30.0,505,2,traffic_signs,0.7235332727432251,1119.471435546875,609.9727172851562,1134.4483642578125,644.3380737304688,1126.9598999023438,627.1553955078125,14.9769287109375,34.3653564453125
IMG_0028.mp4,1015,33.833333333333336,30.0,540,2,traffic_signs,0.43915578722953796,1118.7518310546875,665.894287109375,1153.1204833984375,722.662353515625,1135.9361572265625,694.2783203125,34.36865234375,56.76806640625
IMG_0028.mp4,1016,33.86666666666667,30.0,435,2,traffic_signs,0.8532942533493042,655.8042602539062,645.9390258789062,670.3055419921875,670.0226440429688,663.0549011230469,657.9808349609375,14.50128173828125,24.0836181640625
IMG_0028.mp4,1016,33.86666666666667,30.0,457,2,traffic_signs,0.9002513885498047,977.166259765625,540.5203247070312,1006.2106323242188,624.6824951171875,991.6884460449219,582.6014099121094,29.04437255859375,84.16217041015625
IMG_0028.mp4,1016,33.86666666666667,30.0,525,2,traffic_signs,0.8416791558265686,861.1080932617188,658.8373413085938,875.0511474609375,678.1260986328125,868.0796203613281,668.4817199707031,13.94305419921875,19.28875732421875
IMG_0028.mp4,1016,33.86666666666667,30.0,447,2,traffic_signs,0.5844272971153259,182.5403594970703,587.130126953125,210.97476196289062,646.4677734375,196.75756072998047,616.7989501953125,28.434402465820312,59.337646484375
IMG_0028.mp4,1016,33.86666666666667,30.0,535,2,traffic_signs,0.7865070104598999,1689.0509033203125,631.2256469726562,1723.66357421875,665.9767456054688,1706.3572387695312,648.6011962890625,34.6126708984375,34.7510986328125
IMG_0028.mp4,1016,33.86666666666667,30.0,511,2,traffic_signs,0.7601013779640198,1317.0740966796875,611.3264770507812,1353.374267578125,703.4698486328125,1335.2241821289062,657.3981628417969,36.3001708984375,92.14337158203125
IMG_0028.mp4,1016,33.86666666666667,30.0,505,2,traffic_signs,0.4753286838531494,1109.3863525390625,608.6683349609375,1124.9954833984375,643.8508911132812,1117.19091796875,626.2596130371094,15.609130859375,35.18255615234375
IMG_0028.mp4,1016,33.86666666666667,30.0,426,0,auth_label,0.40203428268432617,0.0,240.3626251220703,485.0442199707031,834.7138061523438,242.52210998535156,537.538215637207,485.0442199707031,594.3511810302734
IMG_0028.mp4,1016,33.86666666666667,30.0,490,2,traffic_signs,0.3619844317436218,972.6514282226562,671.7054443359375,978.5865478515625,687.788818359375,975.6189880371094,679.7471313476562,5.93511962890625,16.0833740234375
IMG_0028.mp4,1017,33.9,30.0,435,2,traffic_signs,0.8493656516075134,644.7671508789062,645.73046875,659.5047607421875,669.4674682617188,652.1359558105469,657.5989685058594,14.73760986328125,23.73699951171875
IMG_0028.mp4,1017,33.9,30.0,457,2,traffic_signs,0.9008481502532959,966.618896484375,539.3986206054688,995.2505493164062,620.6940307617188,980.9347229003906,580.0463256835938,28.63165283203125,81.29541015625
IMG_0028.mp4,1017,33.9,30.0,525,2,traffic_signs,0.833233118057251,851.419189453125,658.5317993164062,864.9640502929688,677.0404052734375,858.1916198730469,667.7861022949219,13.54486083984375,18.50860595703125
IMG_0028.mp4,1017,33.9,30.0,447,2,traffic_signs,0.49556031823158264,169.14466857910156,588.6305541992188,197.2471466064453,643.073974609375,183.19590759277344,615.8522644042969,28.10247802734375,54.44342041015625
IMG_0028.mp4,1017,33.9,30.0,535,2,traffic_signs,0.8644717335700989,1678.7432861328125,631.0921630859375,1713.77294921875,665.2667236328125,1696.2581176757812,648.179443359375,35.0296630859375,34.174560546875
IMG_0028.mp4,1017,33.9,30.0,511,2,traffic_signs,0.6651355028152466,1307.099365234375,610.9152221679688,1343.3424072265625,701.4054565429688,1325.2208862304688,656.1603393554688,36.2430419921875,90.490234375
IMG_0028.mp4,1017,33.9,30.0,505,2,traffic_signs,0.38783499598503113,1099.05859375,608.213623046875,1115.057861328125,643.7964477539062,1107.0582275390625,626.0050354003906,15.999267578125,35.58282470703125
IMG_0028.mp4,1017,33.9,30.0,561,2,traffic_signs,0.6371097564697266,1307.0316162109375,611.0518188476562,1343.6092529296875,702.4992065429688,1325.3204345703125,656.7755126953125,36.57763671875,91.4473876953125
IMG_0028.mp4,1017,33.9,30.0,426,0,auth_label,0.34509795904159546,0.0,239.71849060058594,469.4477233886719,831.898681640625,234.72386169433594,535.8085861206055,469.4477233886719,592.1801910400391
IMG_0028.mp4,1017,33.9,30.0,490,2,traffic_signs,0.3353436291217804,962.6097412109375,671.1951293945312,968.6331787109375,685.402099609375,965.6214599609375,678.2986145019531,6.0234375,14.20697021484375
IMG_0028.mp4,1018,33.93333333333333,30.0,435,2,traffic_signs,0.8701924085617065,633.7301025390625,645.3055419921875,649.22802734375,669.2664794921875,641.4790649414062,657.2860107421875,15.4979248046875,23.9609375
IMG_0028.mp4,1018,33.93333333333333,30.0,457,2,traffic_signs,0.9076750874519348,956.1619262695312,538.8905029296875,984.8461303710938,626.8582153320312,970.5040283203125,582.8743591308594,28.6842041015625,87.96771240234375
IMG_0028.mp4,1018,33.93333333333333,30.0,525,2,traffic_signs,0.8635045289993286,841.4970092773438,658.2099609375,855.4136962890625,676.599853515625,848.4553527832031,667.4049072265625,13.91668701171875,18.389892578125
IMG_0028.mp4,1018,33.93333333333333,30.0,447,2,traffic_signs,0.49935078620910645,155.1680908203125,584.19384765625,183.1599578857422,642.0513916015625,169.16402435302734,613.1226196289062,27.991867065429688,57.8575439453125
IMG_0028.mp4,1018,33.93333333333333,30.0,535,2,traffic_signs,0.8682765960693359,1668.5828857421875,631.4749755859375,1704.091552734375,665.4017333984375,1686.3372192382812,648.4383544921875,35.5086669921875,33.9267578125
IMG_0028.mp4,1018,33.93333333333333,30.0,511,2,traffic_signs,0.6285526156425476,1297.0579833984375,611.0162353515625,1333.811767578125,703.6154174804688,1315.4348754882812,657.3158264160156,36.7537841796875,92.59918212890625
IMG_0028.mp4,1018,33.93333333333333,30.0,561,2,traffic_signs,0.3476389944553375,1297.4263916015625,611.0391235351562,1334.556396484375,705.433837890625,1315.9913940429688,658.2364807128906,37.1300048828125,94.39471435546875
IMG_0028.mp4,1018,33.93333333333333,30.0,490,2,traffic_signs,0.6515480279922485,953.327392578125,670.9928588867188,959.5339965820312,686.0347900390625,956.4306945800781,678.5138244628906,6.20660400390625,15.04193115234375
IMG_0028.mp4,1018,33.93333333333333,30.0,484,2,traffic_signs,0.5267912745475769,1086.8953857421875,665.0108642578125,1137.8734130859375,794.7074584960938,1112.3843994140625,729.8591613769531,50.97802734375,129.69659423828125
IMG_0028.mp4,1019,33.96666666666667,30.0,435,2,traffic_signs,0.8846263885498047,622.7002563476562,644.9038696289062,638.7576293945312,668.5628662109375,630.7289428710938,656.7333679199219,16.057373046875,23.65899658203125
IMG_0028.mp4,1019,33.96666666666667,30.0,457,2,traffic_signs,0.6310213804244995,944.177001953125,537.3599243164062,974.8207397460938,631.0804443359375,959.4988708496094,584.2201843261719,30.64373779296875,93.72052001953125
IMG_0028.mp4,1019,33.96666666666667,30.0,525,2,traffic_signs,0.8396502137184143,831.3525390625,657.8948364257812,845.32958984375,676.1386108398438,838.341064453125,667.0167236328125,13.97705078125,18.2437744140625
IMG_0028.mp4,1019,33.96666666666667,30.0,447,2,traffic_signs,0.7135671377182007,140.69313049316406,582.9763793945312,168.53013610839844,642.8674926757812,154.61163330078125,612.9219360351562,27.837005615234375,59.89111328125
IMG_0028.mp4,1019,33.96666666666667,30.0,535,2,traffic_signs,0.8779895305633545,1657.4814453125,631.2120971679688,1694.214111328125,665.5040893554688,1675.8477783203125,648.3580932617188,36.732666015625,34.2919921875
IMG_0028.mp4,1019,33.96666666666667,30.0,511,2,traffic_signs,0.5581632852554321,1286.363037109375,611.31396484375,1324.059326171875,697.154541015625,1305.211181640625,654.2342529296875,37.6962890625,85.840576171875
IMG_0028.mp4,1020,34.0,30.0,435,2,traffic_signs,0.8757902383804321,612.4856567382812,644.153564453125,628.5706787109375,668.4292602539062,620.5281677246094,656.2914123535156,16.08502197265625,24.27569580078125
IMG_0028.mp4,1020,34.0,30.0,457,2,traffic_signs,0.7958013415336609,932.8556518554688,536.4269409179688,964.485595703125,632.5911865234375,948.6706237792969,584.5090637207031,31.62994384765625,96.16424560546875
IMG_0028.mp4,1020,34.0,30.0,525,2,traffic_signs,0.8654473423957825,821.3662109375,657.269775390625,835.7600708007812,675.3443603515625,828.5631408691406,666.3070678710938,14.39385986328125,18.0745849609375
IMG_0028.mp4,1020,34.0,30.0,447,2,traffic_signs,0.372108519077301,127.54125213623047,585.1575927734375,155.15966796875,640.3433837890625,141.35046005249023,612.75048828125,27.61841583251953,55.185791015625
IMG_0028.mp4,1020,34.0,30.0,565,2,traffic_signs,0.5915884375572205,933.419677734375,537.5036010742188,964.252685546875,629.4701538085938,948.836181640625,583.4868774414062,30.8330078125,91.966552734375
IMG_0028.mp4,1020,34.0,30.0,505,2,traffic_signs,0.4250325858592987,1070.1236572265625,608.9482421875,1084.8568115234375,642.5386352539062,1077.490234375,625.7434387207031,14.733154296875,33.59039306640625
IMG_0028.mp4,1021,34.03333333333333,30.0,435,2,traffic_signs,0.8734552264213562,601.971923828125,643.6384887695312,618.003173828125,667.6342163085938,609.987548828125,655.6363525390625,16.03125,23.9957275390625
IMG_0028.mp4,1021,34.03333333333333,30.0,525,2,traffic_signs,0.8573406934738159,810.8760375976562,657.1072998046875,825.5550537109375,675.2334594726562,818.2155456542969,666.1703796386719,14.67901611328125,18.12615966796875
IMG_0028.mp4,1021,34.03333333333333,30.0,447,2,traffic_signs,0.4577021598815918,113.20767211914062,578.266357421875,143.83631896972656,639.4441528320312,128.5219955444336,608.8552551269531,30.628646850585938,61.17779541015625
IMG_0028.mp4,1021,34.03333333333333,30.0,565,2,traffic_signs,0.7754075527191162,923.0247802734375,535.5523681640625,953.1316528320312,619.9970703125,938.0782165527344,577.7747192382812,30.10687255859375,84.4447021484375
IMG_0028.mp4,1021,34.03333333333333,30.0,535,2,traffic_signs,0.875136137008667,1636.8980712890625,631.0958862304688,1673.662353515625,664.7808227539062,1655.2802124023438,647.9383544921875,36.7642822265625,33.6849365234375
IMG_0028.mp4,1021,34.03333333333333,30.0,511,2,traffic_signs,0.5172909498214722,1268.614501953125,610.376708984375,1304.868408203125,699.9027099609375,1286.741455078125,655.1397094726562,36.25390625,89.5260009765625
IMG_0028.mp4,1022,34.06666666666667,30.0,435,2,traffic_signs,0.8827359676361084,591.2117919921875,642.6948852539062,607.6503295898438,667.4625854492188,599.4310607910156,655.0787353515625,16.43853759765625,24.7677001953125
IMG_0028.mp4,1022,34.06666666666667,30.0,525,2,traffic_signs,0.8114680647850037,801.0757446289062,656.4420166015625,815.8997192382812,674.7658081054688,808.4877319335938,665.6039123535156,14.823974609375,18.32379150390625
IMG_0028.mp4,1022,34.06666666666667,30.0,565,2,traffic_signs,0.8956162929534912,913.4359741210938,534.3880615234375,942.533203125,611.668701171875,927.9845886230469,573.0283813476562,29.09722900390625,77.2806396484375
IMG_0028.mp4,1022,34.06666666666667,30.0,535,2,traffic_signs,0.8308658003807068,1629.014404296875,630.5858764648438,1663.8118896484375,663.98974609375,1646.4131469726562,647.2878112792969,34.7974853515625,33.40386962890625
IMG_0028.mp4,1022,34.06666666666667,30.0,511,2,traffic_signs,0.4119645655155182,1258.9139404296875,609.3683471679688,1294.90087890625,700.7618408203125,1276.9074096679688,655.0650939941406,35.9869384765625,91.39349365234375
IMG_0028.mp4,1022,34.06666666666667,30.0,542,2,traffic_signs,0.6004775762557983,626.0146484375,592.844482421875,653.5458374023438,656.8494873046875,639.7802429199219,624.8469848632812,27.53118896484375,64.0050048828125
IMG_0028.mp4,1023,34.1,30.0,435,2,traffic_signs,0.8710953593254089,580.5009765625,642.411865234375,597.36767578125,666.8486328125,588.934326171875,654.6302490234375,16.86669921875,24.436767578125
IMG_0028.mp4,1023,34.1,30.0,525,2,traffic_signs,0.8441913723945618,792.0639038085938,655.5913696289062,806.587890625,675.0294189453125,799.3258972167969,665.3103942871094,14.52398681640625,19.43804931640625
IMG_0028.mp4,1023,34.1,30.0,565,2,traffic_signs,0.9100764393806458,904.1161499023438,533.3565063476562,932.7341918945312,609.5067749023438,918.4251708984375,571.431640625,28.6180419921875,76.1502685546875
IMG_0028.mp4,1023,34.1,30.0,535,2,traffic_signs,0.8524258732795715,1620.04541015625,630.4957275390625,1654.1331787109375,663.4824829101562,1637.0892944335938,646.9891052246094,34.0877685546875,32.98675537109375
IMG_0028.mp4,1023,34.1,30.0,542,2,traffic_signs,0.845912516117096,615.4227905273438,582.3721313476562,641.6273803710938,655.9939575195312,628.5250854492188,619.1830444335938,26.20458984375,73.621826171875
IMG_0028.mp4,1023,34.1,30.0,447,2,traffic_signs,0.5111544728279114,85.81331634521484,571.724365234375,118.04071807861328,634.473876953125,101.92701721191406,603.09912109375,32.22740173339844,62.74951171875
IMG_0028.mp4,1024,34.13333333333333,30.0,435,2,traffic_signs,0.8834931254386902,569.91064453125,641.4044189453125,586.6735229492188,665.9666748046875,578.2920837402344,653.685546875,16.76287841796875,24.562255859375
IMG_0028.mp4,1024,34.13333333333333,30.0,525,2,traffic_signs,0.8136731386184692,782.4303588867188,655.0440063476562,796.58154296875,674.3087768554688,789.5059509277344,664.6763916015625,14.15118408203125,19.2647705078125
IMG_0028.mp4,1024,34.13333333333333,30.0,565,2,traffic_signs,0.8904526233673096,892.7769775390625,531.1775512695312,922.8795776367188,612.8676147460938,907.8282775878906,572.0225830078125,30.10260009765625,81.6900634765625
IMG_0028.mp4,1024,34.13333333333333,30.0,535,2,traffic_signs,0.8337120413780212,1609.5396728515625,629.7244262695312,1645.3294677734375,663.558837890625,1627.4345703125,646.6416320800781,35.789794921875,33.83441162109375
IMG_0028.mp4,1024,34.13333333333333,30.0,542,2,traffic_signs,0.7079817652702332,604.1280517578125,578.9617919921875,629.3455200195312,656.0491943359375,616.7367858886719,617.5054931640625,25.21746826171875,77.08740234375
IMG_0028.mp4,1024,34.13333333333333,30.0,447,2,traffic_signs,0.3248863220214844,70.9401626586914,569.0625,102.35694885253906,633.0541381835938,86.64855575561523,601.0583190917969,31.416786193847656,63.99163818359375
IMG_0028.mp4,1024,34.13333333333333,30.0,511,2,traffic_signs,0.375229150056839,1239.2845458984375,609.8832397460938,1276.3323974609375,695.093017578125,1257.8084716796875,652.4881286621094,37.0478515625,85.20977783203125
IMG_0028.mp4,1025,34.166666666666664,30.0,435,2,traffic_signs,0.8778237104415894,559.9017944335938,640.790283203125,576.1273193359375,665.4957885742188,568.0145568847656,653.1430358886719,16.22552490234375,24.70550537109375
IMG_0028.mp4,1025,34.166666666666664,30.0,525,2,traffic_signs,0.8282404541969299,772.3048095703125,654.6316528320312,787.5166015625,673.7183837890625,779.9107055664062,664.1750183105469,15.2117919921875,19.08673095703125
IMG_0028.mp4,1025,34.166666666666664,30.0,565,2,traffic_signs,0.8997237682342529,882.6666870117188,528.4380493164062,912.8615112304688,610.6073608398438,897.7640991210938,569.522705078125,30.19482421875,82.1693115234375
IMG_0028.mp4,1025,34.166666666666664,30.0,535,2,traffic_signs,0.7890415191650391,1600.1915283203125,629.4468383789062,1635.511962890625,663.3995361328125,1617.8517456054688,646.4231872558594,35.3204345703125,33.95269775390625
IMG_0028.mp4,1025,34.166666666666664,30.0,542,2,traffic_signs,0.856698215007782,593.474365234375,576.9796752929688,617.4520874023438,655.0699462890625,605.4632263183594,616.0248107910156,23.97772216796875,78.09027099609375
IMG_0028.mp4,1025,34.166666666666664,30.0,511,2,traffic_signs,0.3325132727622986,1230.5823974609375,607.801513671875,1267.482666015625,710.1743774414062,1249.0325317382812,658.9879455566406,36.9002685546875,102.37286376953125
IMG_0028.mp4,1025,34.166666666666664,30.0,505,2,traffic_signs,0.3526918292045593,1021.9677734375,604.6731567382812,1037.00244140625,639.5481567382812,1029.485107421875,622.1106567382812,15.03466796875,34.875
IMG_0028.mp4,1026,34.2,30.0,435,2,traffic_signs,0.8824084401130676,549.3894653320312,640.3151245117188,565.5446166992188,665.286376953125,557.467041015625,652.8007507324219,16.1551513671875,24.97125244140625
IMG_0028.mp4,1026,34.2,30.0,525,2,traffic_signs,0.8299379944801331,762.0233764648438,653.1768188476562,777.725341796875,673.4848022460938,769.8743591308594,663.330810546875,15.70196533203125,20.3079833984375
IMG_0028.mp4,1026,34.2,30.0,565,2,traffic_signs,0.9261311292648315,873.0596313476562,527.2855834960938,902.4949340820312,607.158203125,887.7772827148438,567.2218933105469,29.435302734375,79.87261962890625
IMG_0028.mp4,1026,34.2,30.0,535,2,traffic_signs,0.8429355621337891,1590.8968505859375,628.9620361328125,1626.3443603515625,663.3744506835938,1608.62060546875,646.1682434082031,35.447509765625,34.41241455078125
IMG_0028.mp4,1026,34.2,30.0,542,2,traffic_signs,0.6711589097976685,582.4052124023438,576.2984008789062,606.557861328125,654.200927734375,594.4815368652344,615.2496643066406,24.15264892578125,77.90252685546875
IMG_0028.mp4,1026,34.2,30.0,447,2,traffic_signs,0.5164523124694824,41.73825454711914,563.3646850585938,71.5487060546875,630.005859375,56.64348030090332,596.6852722167969,29.81045150756836,66.64117431640625
IMG_0028.mp4,1027,34.233333333333334,30.0,435,2,traffic_signs,0.8856773376464844,539.2819213867188,639.8858642578125,555.4034423828125,665.1746826171875,547.3426818847656,652.5302734375,16.12152099609375,25.288818359375
IMG_0028.mp4,1027,34.233333333333334,30.0,525,2,traffic_signs,0.5472615361213684,752.9888916015625,652.8057250976562,768.2880859375,672.9642944335938,760.6384887695312,662.885009765625,15.2991943359375,20.1585693359375
IMG_0028.mp4,1027,34.233333333333334,30.0,565,2,traffic_signs,0.9025800824165344,862.50341796875,527.9590454101562,891.8785400390625,606.4974365234375,877.1909790039062,567.2282409667969,29.3751220703125,78.53839111328125
IMG_0028.mp4,1027,34.233333333333334,30.0,535,2,traffic_signs,0.8586663007736206,1581.881591796875,628.6683959960938,1616.7620849609375,662.8577880859375,1599.3218383789062,645.7630920410156,34.8804931640625,34.18939208984375
IMG_0028.mp4,1027,34.233333333333334,30.0,542,2,traffic_signs,0.8423213958740234,571.5864868164062,575.7771606445312,595.7529296875,652.9141235351562,583.6697082519531,614.3456420898438,24.16644287109375,77.136962890625
IMG_0028.mp4,1028,34.266666666666666,30.0,435,2,traffic_signs,0.8776140213012695,528.9996337890625,638.91650390625,545.3681640625,663.7919921875,537.1838989257812,651.354248046875,16.3685302734375,24.87548828125
IMG_0028.mp4,1028,34.266666666666666,30.0,525,2,traffic_signs,0.6673816442489624,744.3839111328125,651.0752563476562,758.7548828125,672.8157348632812,751.5693969726562,661.9454956054688,14.3709716796875,21.740478515625
IMG_0028.mp4,1028,34.266666666666666,30.0,565,2,traffic_signs,0.8858159780502319,851.4306030273438,526.4546508789062,881.4706420898438,607.8237915039062,866.4506225585938,567.1392211914062,30.0400390625,81.369140625
IMG_0028.mp4,1028,34.266666666666666,30.0,535,2,traffic_signs,0.7785834074020386,1573.1666259765625,628.7467041015625,1607.6912841796875,662.4734497070312,1590.428955078125,645.6100769042969,34.524658203125,33.72674560546875
IMG_0028.mp4,1028,34.266666666666666,30.0,542,2,traffic_signs,0.4667300283908844,560.8092041015625,575.4368896484375,585.1607666015625,651.8141479492188,572.9849853515625,613.6255187988281,24.3515625,76.37725830078125
IMG_0028.mp4,1028,34.266666666666666,30.0,572,2,traffic_signs,0.7724311351776123,10.880233764648438,548.7984619140625,65.43025207519531,771.5619506835938,38.155242919921875,660.1802062988281,54.550018310546875,222.76348876953125
IMG_0028.mp4,1028,34.266666666666666,30.0,511,2,traffic_signs,0.6089783906936646,1204.1092529296875,606.635986328125,1240.919677734375,704.0875244140625,1222.5144653320312,655.3617553710938,36.8104248046875,97.4515380859375
IMG_0028.mp4,1029,34.3,30.0,435,2,traffic_signs,0.8622599244117737,519.09033203125,638.8160400390625,535.7664184570312,663.7570190429688,527.4283752441406,651.2865295410156,16.67608642578125,24.94097900390625
IMG_0028.mp4,1029,34.3,30.0,525,2,traffic_signs,0.6053464412689209,734.9943237304688,649.958251953125,750.593994140625,673.104248046875,742.7941589355469,661.53125,15.59967041015625,23.14599609375
IMG_0028.mp4,1029,34.3,30.0,565,2,traffic_signs,0.821495532989502,837.80419921875,525.1973266601562,871.31396484375,613.2708740234375,854.55908203125,569.2341003417969,33.509765625,88.07354736328125
IMG_0028.mp4,1029,34.3,30.0,535,2,traffic_signs,0.8264977335929871,1562.9217529296875,628.481689453125,1597.86669921875,662.9769897460938,1580.3942260742188,645.7293395996094,34.9449462890625,34.49530029296875
IMG_0028.mp4,1029,34.3,30.0,542,2,traffic_signs,0.5895553231239319,550.0274658203125,575.1580200195312,574.6817626953125,652.03515625,562.3546142578125,613.5965881347656,24.654296875,76.87713623046875
IMG_0028.mp4,1029,34.3,30.0,511,2,traffic_signs,0.34601151943206787,1194.190185546875,606.8043823242188,1230.79150390625,695.9811401367188,1212.4908447265625,651.3927612304688,36.601318359375,89.1767578125
IMG_0028.mp4,1029,34.3,30.0,457,2,traffic_signs,0.8407007455825806,834.9813842773438,524.7454223632812,871.3467407226562,621.0116577148438,853.1640625,572.8785400390625,36.3653564453125,96.2662353515625
IMG_0028.mp4,1030,34.333333333333336,30.0,435,2,traffic_signs,0.5420348048210144,508.25347900390625,637.9695434570312,525.0706176757812,663.0921630859375,516.6620483398438,650.5308532714844,16.817138671875,25.12261962890625
IMG_0028.mp4,1030,34.333333333333336,30.0,525,2,traffic_signs,0.35355186462402344,725.3033447265625,649.8125,741.0557250976562,672.4586181640625,733.1795349121094,661.1355590820312,15.75238037109375,22.6461181640625
IMG_0028.mp4,1030,34.333333333333336,30.0,565,2,traffic_signs,0.7363755702972412,826.4656982421875,523.4071044921875,861.802001953125,614.2442016601562,844.1338500976562,568.8256530761719,35.3363037109375,90.83709716796875
IMG_0028.mp4,1030,34.333333333333336,30.0,535,2,traffic_signs,0.8496297597885132,1554.09130859375,627.5946044921875,1588.7431640625,662.7392578125,1571.417236328125,645.1669311523438,34.65185546875,35.1446533203125
IMG_0028.mp4,1030,34.333333333333336,30.0,511,2,traffic_signs,0.4698169529438019,1185.12158203125,606.0641479492188,1221.9107666015625,694.4589233398438,1203.5161743164062,650.2615356445312,36.7891845703125,88.394775390625
IMG_0028.mp4,1030,34.333333333333336,30.0,457,2,traffic_signs,0.7010048031806946,824.7731323242188,523.3779296875,861.4990844726562,617.987060546875,843.1361083984375,570.6824951171875,36.7259521484375,94.609130859375
IMG_0028.mp4,1031,34.36666666666667,30.0,435,2,traffic_signs,0.8772519826889038,498.6533203125,637.0946655273438,515.5570678710938,662.2279663085938,507.1051940917969,649.6613159179688,16.90374755859375,25.13330078125
IMG_0028.mp4,1031,34.36666666666667,30.0,525,2,traffic_signs,0.4572737216949463,716.0193481445312,649.4720458984375,731.7819213867188,671.6859741210938,723.900634765625,660.5790100097656,15.7625732421875,22.21392822265625
IMG_0028.mp4,1031,34.36666666666667,30.0,565,2,traffic_signs,0.5468152165412903,817.8698120117188,521.9345703125,851.2901611328125,610.206298828125,834.5799865722656,566.0704345703125,33.42034912109375,88.271728515625
IMG_0028.mp4,1031,34.36666666666667,30.0,535,2,traffic_signs,0.8177043199539185,1544.8587646484375,627.1649169921875,1579.342529296875,662.0288696289062,1562.1006469726562,644.5968933105469,34.4837646484375,34.86395263671875
IMG_0028.mp4,1031,34.36666666666667,30.0,457,2,traffic_signs,0.627130925655365,814.3821411132812,522.2672119140625,851.3094482421875,617.971435546875,832.8457946777344,570.1193237304688,36.92730712890625,95.7042236328125
IMG_0028.mp4,1031,34.36666666666667,30.0,542,2,traffic_signs,0.5630605220794678,527.357666015625,570.1943359375,553.9254150390625,650.6807250976562,540.6415405273438,610.4375305175781,26.5677490234375,80.48638916015625
IMG_0028.mp4,1032,34.4,30.0,435,2,traffic_signs,0.8722009658813477,487.27276611328125,636.102783203125,504.54620361328125,661.4332275390625,495.90948486328125,648.7680053710938,17.2734375,25.3304443359375
IMG_0028.mp4,1032,34.4,30.0,525,2,traffic_signs,0.31139856576919556,706.5776977539062,647.8218383789062,722.0613403320312,671.4362182617188,714.3195190429688,659.6290283203125,15.483642578125,23.6143798828125
IMG_0028.mp4,1032,34.4,30.0,565,2,traffic_signs,0.8970516324043274,809.1238403320312,519.36279296875,840.7418212890625,604.011962890625,824.9328308105469,561.6873779296875,31.61798095703125,84.649169921875
IMG_0028.mp4,1032,34.4,30.0,535,2,traffic_signs,0.8388233184814453,1536.21240234375,626.7678833007812,1571.1156005859375,661.69970703125,1553.6640014648438,644.2337951660156,34.9031982421875,34.93182373046875
IMG_0028.mp4,1032,34.4,30.0,542,2,traffic_signs,0.6645736694335938,515.2342529296875,570.6551513671875,542.4986572265625,649.35791015625,528.866455078125,610.0065307617188,27.264404296875,78.7027587890625
IMG_0028.mp4,1032,34.4,30.0,511,2,traffic_signs,0.4432843327522278,1167.2772216796875,604.4456176757812,1204.7095947265625,692.3805541992188,1185.993408203125,648.4130859375,37.432373046875,87.9349365234375
IMG_0028.mp4,1033,34.43333333333333,30.0,435,2,traffic_signs,0.7638883590698242,477.156494140625,635.1521606445312,494.4878234863281,660.71533203125,485.82215881347656,647.9337463378906,17.331329345703125,25.56317138671875
IMG_0028.mp4,1033,34.43333333333333,30.0,525,2,traffic_signs,0.4527181386947632,697.3047485351562,643.7761840820312,712.7842407226562,671.6211547851562,705.0444946289062,657.6986694335938,15.4794921875,27.844970703125
IMG_0028.mp4,1033,34.43333333333333,30.0,565,2,traffic_signs,0.7666430473327637,799.7794189453125,517.04833984375,830.8599243164062,600.6570434570312,815.3196716308594,558.8526916503906,31.08050537109375,83.60870361328125
IMG_0028.mp4,1033,34.43333333333333,30.0,535,2,traffic_signs,0.6736132502555847,1527.9910888671875,627.0731811523438,1560.2060546875,661.0878295898438,1544.0985717773438,644.0805053710938,32.2149658203125,34.0146484375
IMG_0028.mp4,1033,34.43333333333333,30.0,542,2,traffic_signs,0.4613044857978821,504.1395263671875,569.41162109375,532.90576171875,648.4193725585938,518.5226440429688,608.9154968261719,28.7662353515625,79.00775146484375
IMG_0028.mp4,1033,34.43333333333333,30.0,511,2,traffic_signs,0.28049230575561523,1158.386474609375,602.6010131835938,1196.7039794921875,692.0597534179688,1177.5452270507812,647.3303833007812,38.3175048828125,89.458740234375
IMG_0028.mp4,1034,34.46666666666667,30.0,435,2,traffic_signs,0.8730664849281311,467.6910095214844,635.1400756835938,484.8824462890625,660.6799926757812,476.28672790527344,647.9100341796875,17.191436767578125,25.5399169921875
IMG_0028.mp4,1034,34.46666666666667,30.0,565,2,traffic_signs,0.9017661213874817,790.4871215820312,517.7172241210938,820.828369140625,596.7032470703125,805.6577453613281,557.2102355957031,30.34124755859375,78.98602294921875
IMG_0028.mp4,1034,34.46666666666667,30.0,535,2,traffic_signs,0.6714292764663696,1520.8870849609375,626.8123168945312,1552.4974365234375,660.8016357421875,1536.6922607421875,643.8069763183594,31.6103515625,33.98931884765625
IMG_0028.mp4,1034,34.46666666666667,30.0,542,2,traffic_signs,0.8294083476066589,493.49853515625,569.1570434570312,521.4509887695312,647.4686889648438,507.4747619628906,608.3128662109375,27.95245361328125,78.3116455078125
IMG_0028.mp4,1034,34.46666666666667,30.0,511,2,traffic_signs,0.44361796975135803,1151.022216796875,602.5202026367188,1188.4033203125,699.874755859375,1169.7127685546875,651.1974792480469,37.381103515625,97.35455322265625
IMG_0028.mp4,1035,34.5,30.0,435,2,traffic_signs,0.8724005818367004,457.083740234375,634.5637817382812,474.0772399902344,660.046142578125,465.5804901123047,647.3049621582031,16.993499755859375,25.48236083984375
IMG_0028.mp4,1035,34.5,30.0,565,2,traffic_signs,0.867893397808075,778.7907104492188,515.6306762695312,810.4327392578125,597.2781372070312,794.6117248535156,556.4544067382812,31.64202880859375,81.6474609375
IMG_0028.mp4,1035,34.5,30.0,535,2,traffic_signs,0.8643134236335754,1511.31884765625,625.4319458007812,1545.17578125,659.7420043945312,1528.247314453125,642.5869750976562,33.85693359375,34.31005859375
IMG_0028.mp4,1035,34.5,30.0,542,2,traffic_signs,0.7233880758285522,482.2056579589844,590.3465576171875,507.5863037109375,646.5068969726562,494.89598083496094,618.4267272949219,25.380645751953125,56.16033935546875
IMG_0028.mp4,1035,34.5,30.0,511,2,traffic_signs,0.2541466951370239,1142.253662109375,601.2787475585938,1179.6136474609375,695.3009033203125,1160.9336547851562,648.2898254394531,37.3599853515625,94.02215576171875
IMG_0028.mp4,1036,34.53333333333333,30.0,435,2,traffic_signs,0.8709945678710938,447.38079833984375,634.1583862304688,464.2001953125,659.3269653320312,455.7904968261719,646.74267578125,16.81939697265625,25.1685791015625
IMG_0028.mp4,1036,34.53333333333333,30.0,565,2,traffic_signs,0.8875685930252075,767.777587890625,514.4852294921875,800.4754028320312,596.5377197265625,784.1264953613281,555.511474609375,32.69781494140625,82.052490234375
IMG_0028.mp4,1036,34.53333333333333,30.0,535,2,traffic_signs,0.6573330760002136,1502.564697265625,625.706787109375,1534.98388671875,659.6723022460938,1518.7742919921875,642.6895446777344,32.419189453125,33.96551513671875
IMG_0028.mp4,1036,34.53333333333333,30.0,542,2,traffic_signs,0.598845899105072,471.4507751464844,574.3096923828125,497.19195556640625,645.9007568359375,484.3213653564453,610.105224609375,25.741180419921875,71.591064453125
IMG_0028.mp4,1036,34.53333333333333,30.0,511,2,traffic_signs,0.4956831634044647,1133.604248046875,600.7055053710938,1171.28369140625,697.779296875,1152.4439697265625,649.2424011230469,37.679443359375,97.07379150390625
IMG_0028.mp4,1037,34.56666666666667,30.0,435,2,traffic_signs,0.5591941475868225,436.7264404296875,633.2918701171875,453.6307373046875,658.7125244140625,445.1785888671875,646.002197265625,16.904296875,25.420654296875
IMG_0028.mp4,1037,34.56666666666667,30.0,565,2,traffic_signs,0.8572025299072266,755.3681030273438,512.557373046875,790.221923828125,599.3280029296875,772.7950134277344,555.9426879882812,34.85382080078125,86.7706298828125
IMG_0028.mp4,1037,34.56666666666667,30.0,535,2,traffic_signs,0.8244996070861816,1493.8167724609375,625.1109619140625,1527.768798828125,659.2589721679688,1510.7927856445312,642.1849670410156,33.9520263671875,34.14801025390625
IMG_0028.mp4,1037,34.56666666666667,30.0,542,2,traffic_signs,0.6948272585868835,460.31146240234375,567.1405639648438,486.2646789550781,646.2418212890625,473.28807067871094,606.6911926269531,25.953216552734375,79.10125732421875
IMG_0028.mp4,1037,34.56666666666667,30.0,511,2,traffic_signs,0.4929299056529999,1124.8514404296875,599.9869995117188,1162.679931640625,698.3887939453125,1143.7656860351562,649.1878967285156,37.8284912109375,98.40179443359375
IMG_0028.mp4,1037,34.56666666666667,30.0,457,2,traffic_signs,0.7794659733772278,752.106689453125,509.8283996582031,789.8382568359375,612.64208984375,770.9724731445312,561.2352447509766,37.7315673828125,102.81369018554688
IMG_0028.mp4,1037,34.56666666666667,30.0,525,2,traffic_signs,0.4967575669288635,662.995361328125,647.8025512695312,675.0711669921875,667.9246826171875,669.0332641601562,657.8636169433594,12.0758056640625,20.12213134765625
IMG_0028.mp4,1038,34.6,30.0,435,2,traffic_signs,0.8370308876037598,426.5499572753906,633.1336059570312,442.6717224121094,657.9293212890625,434.61083984375,645.5314636230469,16.12176513671875,24.79571533203125
IMG_0028.mp4,1038,34.6,30.0,565,2,traffic_signs,0.8673495650291443,744.4415283203125,510.8826904296875,780.3770751953125,599.0269165039062,762.4093017578125,554.9548034667969,35.935546875,88.14422607421875
IMG_0028.mp4,1038,34.6,30.0,535,2,traffic_signs,0.8867371678352356,1486.3707275390625,624.66259765625,1520.3656005859375,659.2472534179688,1503.3681640625,641.9549255371094,33.994873046875,34.58465576171875
IMG_0028.mp4,1038,34.6,30.0,542,2,traffic_signs,0.6529145240783691,448.7327575683594,563.5074462890625,475.2828369140625,646.041748046875,462.00779724121094,604.7745971679688,26.550079345703125,82.5343017578125
IMG_0028.mp4,1038,34.6,30.0,457,2,traffic_signs,0.5562179684638977,744.2042846679688,507.85784912109375,780.2261352539062,611.6669311523438,762.2152099609375,559.7623901367188,36.0218505859375,103.80908203125
IMG_0028.mp4,1038,34.6,30.0,525,2,traffic_signs,0.8368997573852539,653.8367309570312,648.2361450195312,667.059814453125,668.9108276367188,660.4482727050781,658.573486328125,13.22308349609375,20.6746826171875
IMG_0028.mp4,1039,34.63333333333333,30.0,435,2,traffic_signs,0.8648181557655334,416.67828369140625,633.3123168945312,432.5003967285156,657.4400024414062,424.58934020996094,645.3761596679688,15.822113037109375,24.127685546875
IMG_0028.mp4,1039,34.63333333333333,30.0,565,2,traffic_signs,0.5307740569114685,734.494873046875,509.6726989746094,770.56396484375,597.1657104492188,752.5294189453125,553.4192047119141,36.069091796875,87.49301147460938
IMG_0028.mp4,1039,34.63333333333333,30.0,535,2,traffic_signs,0.6963165998458862,1477.1507568359375,624.85986328125,1510.7354736328125,659.1390380859375,1493.943115234375,641.9994506835938,33.584716796875,34.2791748046875
IMG_0028.mp4,1039,34.63333333333333,30.0,542,2,traffic_signs,0.37571942806243896,437.49908447265625,579.2271728515625,463.4032897949219,644.8338623046875,450.45118713378906,612.030517578125,25.904205322265625,65.606689453125
IMG_0028.mp4,1039,34.63333333333333,30.0,457,2,traffic_signs,0.5814357399940491,734.941162109375,506.31353759765625,771.0154418945312,609.7293090820312,752.9783020019531,558.0214233398438,36.07427978515625,103.415771484375
IMG_0028.mp4,1039,34.63333333333333,30.0,525,2,traffic_signs,0.7238788604736328,642.781005859375,649.4164428710938,657.52099609375,667.8784790039062,650.1510009765625,658.6474609375,14.739990234375,18.4620361328125
IMG_0028.mp4,1039,34.63333333333333,30.0,511,2,traffic_signs,0.43791085481643677,1107.336181640625,598.9384765625,1146.3985595703125,698.4063110351562,1126.8673706054688,648.6723937988281,39.0623779296875,99.46783447265625
IMG_0028.mp4,1040,34.666666666666664,30.0,435,2,traffic_signs,0.842322826385498,406.18939208984375,632.50341796875,422.5363464355469,656.794189453125,414.3628692626953,644.6488037109375,16.346954345703125,24.290771484375
IMG_0028.mp4,1040,34.666666666666664,30.0,565,2,traffic_signs,0.9180994033813477,725.351318359375,507.0411682128906,760.1599731445312,591.6869506835938,742.7556457519531,549.3640594482422,34.80865478515625,84.64578247070312
IMG_0028.mp4,1040,34.666666666666664,30.0,535,2,traffic_signs,0.8306936621665955,1467.9024658203125,624.1298217773438,1502.527587890625,658.7298583984375,1485.2150268554688,641.4298400878906,34.6251220703125,34.60003662109375
IMG_0028.mp4,1040,34.666666666666664,30.0,457,2,traffic_signs,0.33369484543800354,724.986328125,507.5116882324219,759.73095703125,596.5723876953125,742.358642578125,552.0420379638672,34.74462890625,89.06069946289062
IMG_0028.mp4,1040,34.666666666666664,30.0,589,2,traffic_signs,0.6804715394973755,222.28726196289062,627.3157348632812,233.51177978515625,655.7867431640625,227.89952087402344,641.5512390136719,11.224517822265625,28.47100830078125
IMG_0028.mp4,1041,34.7,30.0,435,2,traffic_signs,0.6396868228912354,396.402587890625,631.4735107421875,412.6871643066406,656.1702880859375,404.5448760986328,643.8218994140625,16.284576416015625,24.69677734375
IMG_0028.mp4,1041,34.7,30.0,565,2,traffic_signs,0.9083653688430786,715.1185913085938,505.01519775390625,749.4094848632812,590.6417846679688,732.2640380859375,547.8284912109375,34.2908935546875,85.6265869140625
IMG_0028.mp4,1041,34.7,30.0,535,2,traffic_signs,0.8852292895317078,1461.35595703125,623.6309814453125,1494.7181396484375,658.8516235351562,1478.0370483398438,641.2413024902344,33.3621826171875,35.22064208984375
IMG_0028.mp4,1041,34.7,30.0,457,2,traffic_signs,0.7433756589889526,714.658935546875,505.899658203125,748.9471435546875,592.1674194335938,731.8030395507812,549.0335388183594,34.2882080078125,86.26776123046875
IMG_0028.mp4,1041,34.7,30.0,589,2,traffic_signs,0.48308873176574707,210.5720672607422,626.8682250976562,221.98846435546875,656.2208862304688,216.28026580810547,641.5445556640625,11.416397094726562,29.3526611328125
IMG_0028.mp4,1041,34.7,30.0,542,2,traffic_signs,0.41684022545814514,415.0370788574219,563.1046752929688,442.8785095214844,654.833251953125,428.9577941894531,608.9689636230469,27.8414306640625,91.72857666015625
IMG_0028.mp4,1041,34.7,30.0,525,2,traffic_signs,0.596664547920227,622.1627807617188,647.2244262695312,639.0840454101562,668.3267211914062,630.6234130859375,657.7755737304688,16.9212646484375,21.102294921875
IMG_0028.mp4,1042,34.733333333333334,30.0,435,2,traffic_signs,0.8163476586341858,385.8177490234375,631.141357421875,402.5067138671875,656.0987548828125,394.1622314453125,643.6200561523438,16.68896484375,24.9573974609375
IMG_0028.mp4,1042,34.733333333333334,30.0,535,2,traffic_signs,0.7795466780662537,1451.8463134765625,623.7282104492188,1485.20751953125,658.8838500976562,1468.5269165039062,641.3060302734375,33.3612060546875,35.1556396484375
IMG_0028.mp4,1042,34.733333333333334,30.0,457,2,traffic_signs,0.8945392370223999,703.7128295898438,503.7879943847656,737.9375610351562,590.2254028320312,720.8251953125,547.0066986083984,34.2247314453125,86.43740844726562
IMG_0028.mp4,1042,34.733333333333334,30.0,589,2,traffic_signs,0.48721474409103394,198.7528839111328,626.4156494140625,210.33050537109375,656.7318725585938,204.54169464111328,641.5737609863281,11.577621459960938,30.31622314453125
IMG_0028.mp4,1042,34.733333333333334,30.0,542,2,traffic_signs,0.6756128668785095,404.47076416015625,577.5543212890625,430.5158996582031,648.12158203125,417.4933319091797,612.8379516601562,26.045135498046875,70.5672607421875
IMG_0028.mp4,1042,34.733333333333334,30.0,525,2,traffic_signs,0.729950487613678,613.7679443359375,647.05859375,629.8432006835938,668.6730346679688,621.8055725097656,657.8658142089844,16.07525634765625,21.61444091796875
IMG_0028.mp4,1042,34.733333333333334,30.0,511,2,traffic_signs,0.5644627213478088,1082.593505859375,597.8548583984375,1121.081787109375,697.1198120117188,1101.837646484375,647.4873352050781,38.48828125,99.26495361328125
IMG_0028.mp4,1043,34.766666666666666,30.0,435,2,traffic_signs,0.8240253925323486,376.39312744140625,630.1254272460938,393.37286376953125,655.6868896484375,384.88299560546875,642.9061584472656,16.979736328125,25.56146240234375
IMG_0028.mp4,1043,34.766666666666666,30.0,535,2,traffic_signs,0.8533753752708435,1443.2615966796875,623.2654418945312,1477.1611328125,658.5358276367188,1460.2113647460938,640.900634765625,33.8995361328125,35.2703857421875
IMG_0028.mp4,1043,34.766666666666666,30.0,457,2,traffic_signs,0.8820666074752808,692.6500244140625,502.33026123046875,727.8829956054688,588.96875,710.2665100097656,545.6495056152344,35.23297119140625,86.63848876953125
IMG_0028.mp4,1043,34.766666666666666,30.0,525,2,traffic_signs,0.8005903363227844,605.8945922851562,647.646240234375,621.501708984375,667.3561401367188,613.6981506347656,657.5011901855469,15.60711669921875,19.70989990234375
IMG_0028.mp4,1044,34.8,30.0,435,2,traffic_signs,0.7859064340591431,365.9402770996094,629.4039916992188,382.80841064453125,655.0615234375,374.3743438720703,642.2327575683594,16.868133544921875,25.65753173828125
IMG_0028.mp4,1044,34.8,30.0,535,2,traffic_signs,0.8801395297050476,1436.154296875,622.9346923828125,1470.2879638671875,658.2615966796875,1453.2211303710938,640.59814453125,34.1336669921875,35.326904296875
IMG_0028.mp4,1044,34.8,30.0,457,2,traffic_signs,0.9023478031158447,681.7526245117188,499.971435546875,716.6868896484375,585.8596801757812,699.2197570800781,542.9155578613281,34.93426513671875,85.88824462890625
IMG_0028.mp4,1044,34.8,30.0,525,2,traffic_signs,0.829883873462677,596.9644165039062,647.9736938476562,612.0912475585938,666.006103515625,604.52783203125,656.9898986816406,15.1268310546875,18.03240966796875
IMG_0028.mp4,1045,34.833333333333336,30.0,435,2,traffic_signs,0.5588141679763794,355.2788391113281,629.6499633789062,371.8346252441406,654.8761596679688,363.5567321777344,642.2630615234375,16.5557861328125,25.2261962890625
IMG_0028.mp4,1045,34.833333333333336,30.0,535,2,traffic_signs,0.8207808136940002,1427.576416015625,623.4838256835938,1462.06494140625,658.47705078125,1444.8206787109375,640.9804382324219,34.488525390625,34.99322509765625
IMG_0028.mp4,1045,34.833333333333336,30.0,457,2,traffic_signs,0.8679620027542114,670.2009887695312,498.359619140625,704.4490966796875,588.2030029296875,687.3250427246094,543.2813110351562,34.24810791015625,89.8433837890625
IMG_0028.mp4,1045,34.833333333333336,30.0,525,2,traffic_signs,0.6079843640327454,588.4448852539062,647.91455078125,602.6734008789062,665.6456298828125,595.5591430664062,656.7800903320312,14.228515625,17.7310791015625
IMG_0028.mp4,1045,34.833333333333336,30.0,511,2,traffic_signs,0.3673630356788635,1058.6494140625,594.5665283203125,1097.4149169921875,742.5448608398438,1078.0321655273438,668.5556945800781,38.7655029296875,147.97833251953125
IMG_0028.mp4,1046,34.86666666666667,30.0,435,2,traffic_signs,0.5082418322563171,345.73736572265625,628.0551147460938,362.4999084472656,654.0433959960938,354.11863708496094,641.0492553710938,16.762542724609375,25.98828125
IMG_0028.mp4,1046,34.86666666666667,30.0,535,2,traffic_signs,0.8795402646064758,1418.8070068359375,622.8162231445312,1453.5445556640625,658.1099243164062,1436.17578125,640.4630737304688,34.737548828125,35.293701171875
IMG_0028.mp4,1046,34.86666666666667,30.0,457,2,traffic_signs,0.8854426741600037,658.747802734375,497.45074462890625,693.7806396484375,585.2290649414062,676.2642211914062,541.3399047851562,35.0328369140625,87.7783203125
IMG_0028.mp4,1046,34.86666666666667,30.0,525,2,traffic_signs,0.5919719934463501,579.8043212890625,648.0275268554688,593.5299682617188,664.1491088867188,586.6671447753906,656.0883178710938,13.72564697265625,16.12158203125
IMG_0028.mp4,1046,34.86666666666667,30.0,511,2,traffic_signs,0.4768535792827606,1049.8958740234375,593.9498291015625,1088.9383544921875,754.8336181640625,1069.4171142578125,674.3917236328125,39.04248046875,160.8837890625
IMG_0028.mp4,1047,34.9,30.0,535,2,traffic_signs,0.8910242915153503,1412.575927734375,622.3864135742188,1447.2266845703125,658.1319580078125,1429.9013061523438,640.2591857910156,34.6507568359375,35.74554443359375
IMG_0028.mp4,1047,34.9,30.0,457,2,traffic_signs,0.843823254108429,646.9992065429688,494.73077392578125,682.55908203125,593.02001953125,664.7791442871094,543.8753967285156,35.55987548828125,98.28924560546875
IMG_0028.mp4,1047,34.9,30.0,525,2,traffic_signs,0.697373628616333,569.3779296875,647.9720458984375,584.8934326171875,664.284912109375,577.1356811523438,656.1284790039062,15.5155029296875,16.3128662109375
IMG_0028.mp4,1048,34.93333333333333,30.0,535,2,traffic_signs,0.8418179154396057,1404.11083984375,622.57568359375,1439.6512451171875,658.0979614257812,1421.8810424804688,640.3368225097656,35.5404052734375,35.52227783203125
IMG_0028.mp4,1048,34.93333333333333,30.0,457,2,traffic_signs,0.6154122352600098,635.6420288085938,493.60772705078125,671.8176879882812,588.450439453125,653.7298583984375,541.0290832519531,36.1756591796875,94.84271240234375
IMG_0028.mp4,1048,34.93333333333333,30.0,592,2,traffic_signs,0.5645340085029602,635.7710571289062,493.59429931640625,671.5717163085938,590.9462280273438,653.67138671875,542.270263671875,35.8006591796875,97.3519287109375
IMG_0028.mp4,1048,34.93333333333333,30.0,511,2,traffic_signs,0.6969655752182007,1034.5386962890625,593.4774169921875,1073.1158447265625,762.0706787109375,1053.8272705078125,677.7740478515625,38.5771484375,168.59326171875
IMG_0028.mp4,1049,34.96666666666667,30.0,535,2,traffic_signs,0.8532219529151917,1396.2193603515625,622.3904418945312,1431.415771484375,657.8413696289062,1413.8175659179688,640.1159057617188,35.1964111328125,35.450927734375
IMG_0028.mp4,1049,34.96666666666667,30.0,457,2,traffic_signs,0.6987425684928894,624.41455078125,492.1914978027344,660.820556640625,584.0814819335938,642.6175537109375,538.1364898681641,36.406005859375,91.88998413085938
IMG_0028.mp4,1049,34.96666666666667,30.0,592,2,traffic_signs,0.48800891637802124,624.640869140625,491.86663818359375,660.8490600585938,591.4888305664062,642.7449645996094,541.677734375,36.20819091796875,99.6221923828125
IMG_0028.mp4,1049,34.96666666666667,30.0,511,2,traffic_signs,0.8313905000686646,1025.800048828125,594.027587890625,1064.543701171875,761.4946899414062,1045.171875,677.7611389160156,38.74365234375,167.46710205078125
IMG_0028.mp4,1049,34.96666666666667,30.0,525,2,traffic_signs,0.7610318660736084,551.3779296875,647.0537719726562,566.6509399414062,664.396484375,559.0144348144531,655.7251281738281,15.27301025390625,17.34271240234375
IMG_0028.mp4,1050,35.0,30.0,535,2,traffic_signs,0.9004537463188171,1389.43701171875,621.1396484375,1424.31982421875,656.7982177734375,1406.87841796875,638.9689331054688,34.8828125,35.6585693359375
IMG_0028.mp4,1050,35.0,30.0,457,2,traffic_signs,0.5109444856643677,613.3321533203125,490.3434143066406,651.2213745117188,582.298583984375,632.2767639160156,536.3209991455078,37.88922119140625,91.95516967773438
IMG_0028.mp4,1050,35.0,30.0,592,2,traffic_signs,0.8106855154037476,612.302978515625,489.78570556640625,650.8429565429688,590.8179931640625,631.5729675292969,540.3018493652344,38.53997802734375,101.03228759765625
IMG_0028.mp4,1050,35.0,30.0,511,2,traffic_signs,0.40525126457214355,1017.8816528320312,592.4453735351562,1056.4542236328125,765.7681884765625,1037.1679382324219,679.1067810058594,38.57257080078125,173.32281494140625
IMG_0028.mp4,1051,35.03333333333333,30.0,535,2,traffic_signs,0.8234484791755676,1381.235595703125,621.3491821289062,1417.048828125,656.9271240234375,1399.1422119140625,639.1381530761719,35.813232421875,35.57794189453125
IMG_0028.mp4,1051,35.03333333333333,30.0,457,2,traffic_signs,0.42903274297714233,600.432373046875,487.7571716308594,639.8226318359375,579.9381103515625,620.1275024414062,533.8476409912109,39.3902587890625,92.18093872070312
IMG_0028.mp4,1051,35.03333333333333,30.0,592,2,traffic_signs,0.7973977327346802,599.6420288085938,487.0548095703125,639.4573364257812,588.1424560546875,619.5496826171875,537.5986328125,39.8153076171875,101.087646484375
IMG_0028.mp4,1051,35.03333333333333,30.0,511,2,traffic_signs,0.4406881034374237,1010.4869384765625,591.7418212890625,1049.609375,766.124267578125,1030.0481567382812,678.9330444335938,39.1224365234375,174.3824462890625
IMG_0028.mp4,1051,35.03333333333333,30.0,525,2,traffic_signs,0.3238832950592041,533.8424682617188,646.0436401367188,549.6571044921875,662.974853515625,541.7497863769531,654.5092468261719,15.81463623046875,16.93121337890625
IMG_0028.mp4,1052,35.06666666666667,30.0,535,2,traffic_signs,0.8673582077026367,1373.7978515625,621.27685546875,1409.0911865234375,656.4445190429688,1391.4445190429688,638.8606872558594,35.2933349609375,35.16766357421875
IMG_0028.mp4,1052,35.06666666666667,30.0,592,2,traffic_signs,0.8924170732498169,589.121337890625,485.4513854980469,629.5660400390625,590.750244140625,609.3436889648438,538.1008148193359,40.4447021484375,105.29885864257812
IMG_0028.mp4,1052,35.06666666666667,30.0,511,2,traffic_signs,0.875869631767273,1002.2274780273438,592.2078247070312,1041.0592041015625,762.36083984375,1021.6433410644531,677.2843322753906,38.83172607421875,170.15301513671875
IMG_0028.mp4,1052,35.06666666666667,30.0,525,2,traffic_signs,0.6726645827293396,525.8159790039062,646.2072143554688,541.6848754882812,662.6403198242188,533.7504272460938,654.4237670898438,15.868896484375,16.43310546875
IMG_0028.mp4,1053,35.1,30.0,535,2,traffic_signs,0.8742406368255615,1367.30322265625,620.2141723632812,1402.20947265625,655.5983276367188,1384.75634765625,637.90625,34.90625,35.3841552734375
IMG_0028.mp4,1053,35.1,30.0,511,2,traffic_signs,0.4111335873603821,994.1472778320312,590.3055419921875,1033.2030029296875,767.591064453125,1013.6751403808594,678.9483032226562,39.05572509765625,177.2855224609375
IMG_0028.mp4,1054,35.13333333333333,30.0,535,2,traffic_signs,0.49472421407699585,1360.23828125,620.49462890625,1394.54345703125,655.2872924804688,1377.390869140625,637.8909606933594,34.30517578125,34.79266357421875
IMG_0028.mp4,1054,35.13333333333333,30.0,457,2,traffic_signs,0.8502382040023804,568.0722045898438,480.4472961425781,607.6066284179688,591.7263793945312,587.8394165039062,536.0868377685547,39.534423828125,111.27908325195312
IMG_0028.mp4,1054,35.13333333333333,30.0,525,2,traffic_signs,0.5448312163352966,507.8868713378906,643.9703979492188,523.723388671875,661.1265869140625,515.8051300048828,652.5484924316406,15.836517333984375,17.15618896484375
IMG_0028.mp4,1055,35.166666666666664,30.0,535,2,traffic_signs,0.8529221415519714,1353.157958984375,619.5043334960938,1387.866455078125,655.2095947265625,1370.51220703125,637.3569641113281,34.70849609375,35.70526123046875
IMG_0028.mp4,1055,35.166666666666664,30.0,596,2,traffic_signs,0.43057483434677124,978.5965576171875,590.8294067382812,1017.9566650390625,684.2321166992188,998.276611328125,637.53076171875,39.360107421875,93.4027099609375
IMG_0028.mp4,1055,35.166666666666664,30.0,457,2,traffic_signs,0.5966353416442871,557.2119140625,478.8824462890625,596.9711303710938,580.3731689453125,577.0915222167969,529.6278076171875,39.75921630859375,101.49072265625
IMG_0028.mp4,1055,35.166666666666664,30.0,525,2,traffic_signs,0.6457868814468384,499.6097106933594,644.0746459960938,516.474853515625,661.0650024414062,508.0422821044922,652.56982421875,16.865142822265625,16.9903564453125
IMG_0028.mp4,1055,35.166666666666664,30.0,511,2,traffic_signs,0.25962162017822266,979.6661376953125,588.9608154296875,1018.56298828125,762.5216674804688,999.1145629882812,675.7412414550781,38.8968505859375,173.56085205078125
IMG_0028.mp4,1056,35.2,30.0,535,2,traffic_signs,0.8419564366340637,1346.3585205078125,618.9191284179688,1381.05029296875,655.1359252929688,1363.7044067382812,637.0275268554688,34.6917724609375,36.216796875
IMG_0028.mp4,1056,35.2,30.0,457,2,traffic_signs,0.8666137456893921,546.4784545898438,476.3500671386719,586.0872802734375,583.0725708007812,566.2828674316406,529.7113189697266,39.60882568359375,106.72250366210938
IMG_0028.mp4,1056,35.2,30.0,597,2,traffic_signs,0.3987118601799011,290.35308837890625,581.8944702148438,321.6436767578125,619.4710693359375,305.9983825683594,600.6827697753906,31.29058837890625,37.57659912109375
IMG_0028.mp4,1056,35.2,30.0,511,2,traffic_signs,0.7743204832077026,972.1402587890625,588.1678466796875,1011.0468139648438,758.2587280273438,991.5935363769531,673.2132873535156,38.90655517578125,170.09088134765625
IMG_0028.mp4,1056,35.2,30.0,542,2,traffic_signs,0.5606743693351746,249.65896606445312,585.791748046875,276.74981689453125,643.1869506835938,263.2043914794922,614.4893493652344,27.090850830078125,57.39520263671875
IMG_0028.mp4,1057,35.233333333333334,30.0,535,2,traffic_signs,0.8410249352455139,1339.8963623046875,618.4777221679688,1374.272705078125,654.724853515625,1357.0845336914062,636.6012878417969,34.3763427734375,36.24713134765625
IMG_0028.mp4,1057,35.233333333333334,30.0,457,2,traffic_signs,0.8816418647766113,535.1021118164062,473.526123046875,574.65966796875,573.2476196289062,554.8808898925781,523.3868713378906,39.55755615234375,99.72149658203125
IMG_0028.mp4,1057,35.233333333333334,30.0,542,2,traffic_signs,0.5627250075340271,238.2010040283203,585.443359375,265.4811096191406,636.7256469726562,251.84105682373047,611.0845031738281,27.280105590820312,51.28228759765625
IMG_0028.mp4,1058,35.266666666666666,30.0,535,2,traffic_signs,0.8070397973060608,1332.9122314453125,619.0387573242188,1366.8570556640625,654.8552856445312,1349.8846435546875,636.947021484375,33.94482421875,35.8165283203125
IMG_0028.mp4,1058,35.266666666666666,30.0,457,2,traffic_signs,0.8775702714920044,523.96337890625,471.5540466308594,563.6957397460938,583.70068359375,543.8295593261719,527.6273651123047,39.73236083984375,112.14663696289062
IMG_0028.mp4,1058,35.266666666666666,30.0,511,2,traffic_signs,0.2730836868286133,957.7071533203125,587.6367797851562,997.2484130859375,763.7756958007812,977.477783203125,675.7062377929688,39.541259765625,176.138916015625
IMG_0028.mp4,1059,35.3,30.0,535,2,traffic_signs,0.8087567090988159,1325.30126953125,618.6513671875,1359.9051513671875,653.015869140625,1342.6032104492188,635.8336181640625,34.6038818359375,34.364501953125
IMG_0028.mp4,1059,35.3,30.0,457,2,traffic_signs,0.7670959234237671,512.5802612304688,470.1004333496094,552.8603515625,576.3477783203125,532.7203063964844,523.2241058349609,40.28009033203125,106.24734497070312
IMG_0028.mp4,1059,35.3,30.0,601,2,traffic_signs,0.5997722744941711,511.2652587890625,469.852294921875,552.4020385742188,570.6036376953125,531.8336486816406,520.2279663085938,41.13677978515625,100.7513427734375
IMG_0028.mp4,1059,35.3,30.0,511,2,traffic_signs,0.7098172903060913,949.7308959960938,585.751708984375,989.8516235351562,764.158203125,969.791259765625,674.9549560546875,40.1207275390625,178.406494140625
IMG_0028.mp4,1059,35.3,30.0,542,2,traffic_signs,0.4333541989326477,216.6109161376953,583.7894897460938,244.35745239257812,633.177490234375,230.48418426513672,608.4834899902344,27.746536254882812,49.38800048828125
IMG_0028.mp4,1060,35.333333333333336,30.0,535,2,traffic_signs,0.5553292632102966,1319.7391357421875,617.9136962890625,1354.94482421875,652.772705078125,1337.3419799804688,635.3432006835938,35.2056884765625,34.8590087890625
IMG_0028.mp4,1060,35.333333333333336,30.0,457,2,traffic_signs,0.38801127672195435,500.3411560058594,467.9915771484375,540.68896484375,564.7608032226562,520.5150604248047,516.3761901855469,40.347808837890625,96.76922607421875
IMG_0028.mp4,1060,35.333333333333336,30.0,601,2,traffic_signs,0.69124436378479,499.68035888671875,468.55517578125,540.4537963867188,561.8146362304688,520.0670776367188,515.1849060058594,40.7734375,93.25946044921875
IMG_0028.mp4,1060,35.333333333333336,30.0,511,2,traffic_signs,0.4274333715438843,942.47216796875,584.5181884765625,982.5696411132812,765.94873046875,962.5209045410156,675.2334594726562,40.09747314453125,181.4305419921875
IMG_0028.mp4,1060,35.333333333333336,30.0,604,2,traffic_signs,0.5438660979270935,1723.2716064453125,421.72119140625,1832.4805908203125,527.2874145507812,1777.8760986328125,474.5043029785156,109.208984375,105.56622314453125
IMG_0028.mp4,1061,35.36666666666667,30.0,535,2,traffic_signs,0.7023131251335144,1313.842529296875,618.0188598632812,1348.40185546875,652.6837768554688,1331.1221923828125,635.351318359375,34.559326171875,34.6649169921875
IMG_0028.mp4,1061,35.36666666666667,30.0,457,2,traffic_signs,0.7084868550300598,490.2830505371094,466.1840515136719,530.0963745117188,562.9893188476562,510.18971252441406,514.5866851806641,39.813323974609375,96.80526733398438
IMG_0028.mp4,1061,35.36666666666667,30.0,601,2,traffic_signs,0.2516467273235321,488.8869934082031,466.8424987792969,529.8309936523438,559.7266235351562,509.35899353027344,513.2845611572266,40.944000244140625,92.88412475585938
IMG_0028.mp4,1061,35.36666666666667,30.0,511,2,traffic_signs,0.840658962726593,935.623779296875,584.7811889648438,976.0928955078125,763.090576171875,955.8583374023438,673.9358825683594,40.4691162109375,178.30938720703125
IMG_0028.mp4,1061,35.36666666666667,30.0,604,2,traffic_signs,0.3268364369869232,1720.146240234375,419.5173645019531,1829.498779296875,526.4107666015625,1774.822509765625,472.9640655517578,109.3525390625,106.89340209960938
IMG_0028.mp4,1061,35.36666666666667,30.0,525,2,traffic_signs,0.5358748435974121,451.1703186035156,641.8389282226562,466.2328186035156,660.7234497070312,458.7015686035156,651.2811889648438,15.0625,18.884521484375
IMG_0028.mp4,1061,35.36666666666667,30.0,542,2,traffic_signs,0.6113994121551514,192.79080200195312,547.1146240234375,222.86019897460938,640.6279296875,207.82550048828125,593.8712768554688,30.06939697265625,93.5133056640625
IMG_0028.mp4,1062,35.4,30.0,535,2,traffic_signs,0.8697099089622498,1307.2999267578125,617.2621459960938,1342.3594970703125,651.9561157226562,1324.8297119140625,634.609130859375,35.0595703125,34.6939697265625
IMG_0028.mp4,1062,35.4,30.0,457,2,traffic_signs,0.7927323579788208,479.32177734375,463.7331237792969,520.1565551757812,573.51123046875,499.7391662597656,518.6221771240234,40.83477783203125,109.77810668945312
IMG_0028.mp4,1062,35.4,30.0,511,2,traffic_signs,0.8877720832824707,928.798095703125,583.8418579101562,968.44775390625,759.803466796875,948.6229248046875,671.8226623535156,39.649658203125,175.96160888671875
IMG_0028.mp4,1062,35.4,30.0,604,2,traffic_signs,0.2515852153301239,1716.91015625,416.13275146484375,1825.78955078125,527.0830078125,1771.349853515625,471.6078796386719,108.87939453125,110.95025634765625
IMG_0028.mp4,1062,35.4,30.0,542,2,traffic_signs,0.6081271171569824,183.12930297851562,539.2623901367188,213.31788635253906,644.1365966796875,198.22359466552734,591.6994934082031,30.188583374023438,104.87420654296875
IMG_0028.mp4,1063,35.43333333333333,30.0,535,2,traffic_signs,0.7424941062927246,1301.7274169921875,617.7540283203125,1336.1976318359375,652.3878173828125,1318.9625244140625,635.0709228515625,34.47021484375,34.6337890625
IMG_0028.mp4,1063,35.43333333333333,30.0,511,2,traffic_signs,0.9081577658653259,921.981689453125,583.3482666015625,961.0601806640625,762.3651733398438,941.5209350585938,672.8567199707031,39.0784912109375,179.01690673828125
IMG_0028.mp4,1063,35.43333333333333,30.0,604,2,traffic_signs,0.607745885848999,1713.5634765625,413.8493957519531,1822.7869873046875,525.3339233398438,1768.1752319335938,469.59165954589844,109.2235107421875,111.48452758789062
IMG_0028.mp4,1063,35.43333333333333,30.0,601,2,traffic_signs,0.6874634623527527,467.415771484375,459.4943542480469,508.4123229980469,559.1114501953125,487.91404724121094,509.3029022216797,40.996551513671875,99.61709594726562
IMG_0028.mp4,1064,35.46666666666667,30.0,535,2,traffic_signs,0.8612736463546753,1296.1712646484375,617.353515625,1331.0748291015625,652.1719360351562,1313.623046875,634.7627258300781,34.903564453125,34.81842041015625
IMG_0028.mp4,1064,35.46666666666667,30.0,511,2,traffic_signs,0.7296802997589111,914.8694458007812,582.6600952148438,955.5982666015625,765.670166015625,935.2338562011719,674.1651306152344,40.72882080078125,183.01007080078125
IMG_0028.mp4,1064,35.46666666666667,30.0,604,2,traffic_signs,0.7495973706245422,1710.4466552734375,410.76983642578125,1820.583740234375,524.7183837890625,1765.5151977539062,467.7441101074219,110.1370849609375,113.94854736328125
IMG_0028.mp4,1064,35.46666666666667,30.0,601,2,traffic_signs,0.6429340243339539,454.6010437011719,456.81915283203125,496.3132629394531,554.1424560546875,475.4571533203125,505.4808044433594,41.71221923828125,97.32330322265625
IMG_0028.mp4,1065,35.5,30.0,535,2,traffic_signs,0.2714877724647522,1289.5360107421875,617.2018432617188,1324.334228515625,651.5396728515625,1306.9351196289062,634.3707580566406,34.7982177734375,34.33782958984375
IMG_0028.mp4,1065,35.5,30.0,604,2,traffic_signs,0.9260621666908264,1707.4560546875,408.26953125,1818.221435546875,521.9777221679688,1762.8387451171875,465.1236267089844,110.765380859375,113.70819091796875
IMG_0028.mp4,1065,35.5,30.0,601,2,traffic_signs,0.6721320748329163,443.6404113769531,455.4814453125,485.3067321777344,551.062255859375,464.47357177734375,503.2718505859375,41.66632080078125,95.580810546875
IMG_0028.mp4,1066,35.53333333333333,30.0,604,2,traffic_signs,0.9410363435745239,1705.87841796875,406.611083984375,1816.15087890625,519.2518920898438,1761.0146484375,462.9314880371094,110.2724609375,112.64080810546875
IMG_0028.mp4,1066,35.53333333333333,30.0,601,2,traffic_signs,0.35035982728004456,431.0952453613281,453.98980712890625,473.6086730957031,552.9923706054688,452.3519592285156,503.4910888671875,42.513427734375,99.0025634765625
IMG_0028.mp4,1066,35.53333333333333,30.0,614,2,traffic_signs,0.9173001646995544,584.0449829101562,453.17742919921875,687.5364990234375,565.1635131835938,635.7907409667969,509.17047119140625,103.49151611328125,111.986083984375
IMG_0028.mp4,1066,35.53333333333333,30.0,542,2,traffic_signs,0.3857833743095398,138.033447265625,532.6743774414062,170.30848693847656,626.7882080078125,154.17096710205078,579.7312927246094,32.27503967285156,94.11383056640625
IMG_0028.mp4,1066,35.53333333333333,30.0,511,2,traffic_signs,0.46159690618515015,901.2180786132812,581.147705078125,941.345947265625,767.86328125,921.2820129394531,674.5054931640625,40.12786865234375,186.715576171875
IMG_0028.mp4,1067,35.56666666666667,30.0,604,2,traffic_signs,0.6808943748474121,1703.465576171875,405.1654968261719,1814.2069091796875,517.0603637695312,1758.8362426757812,461.11293029785156,110.7413330078125,111.89486694335938
IMG_0028.mp4,1067,35.56666666666667,30.0,601,2,traffic_signs,0.8597310185432434,420.1999816894531,448.0523986816406,463.1105041503906,548.5230102539062,441.6552429199219,498.28770446777344,42.9105224609375,100.47061157226562
IMG_0028.mp4,1067,35.56666666666667,30.0,614,2,traffic_signs,0.7531960606575012,573.9095458984375,450.50897216796875,677.7257080078125,566.249755859375,625.817626953125,508.3793640136719,103.816162109375,115.74078369140625
IMG_0028.mp4,1067,35.56666666666667,30.0,542,2,traffic_signs,0.3071981370449066,127.82512664794922,532.8308715820312,160.22140502929688,624.9839477539062,144.02326583862305,578.9074096679688,32.396278381347656,92.153076171875
IMG_0028.mp4,1067,35.56666666666667,30.0,511,2,traffic_signs,0.8946983218193054,894.8110961914062,581.9121704101562,935.3271484375,768.2495727539062,915.0691223144531,675.0808715820312,40.51605224609375,186.33740234375
IMG_0028.mp4,1067,35.56666666666667,30.0,535,2,traffic_signs,0.4862705171108246,1277.9688720703125,617.3319702148438,1312.19921875,652.1475219726562,1295.0840454101562,634.73974609375,34.2303466796875,34.8155517578125
IMG_0028.mp4,1068,35.6,30.0,604,2,traffic_signs,0.498623251914978,1701.5069580078125,402.47576904296875,1811.8363037109375,515.3033447265625,1756.671630859375,458.8895568847656,110.329345703125,112.82757568359375
IMG_0028.mp4,1068,35.6,30.0,601,2,traffic_signs,0.8362549543380737,408.0162353515625,448.2941589355469,451.5363464355469,546.6781616210938,429.7762908935547,497.4861602783203,43.520111083984375,98.38400268554688
IMG_0028.mp4,1068,35.6,30.0,614,2,traffic_signs,0.751689612865448,561.7777099609375,448.77203369140625,667.38330078125,567.5191040039062,614.5805053710938,508.14556884765625,105.6055908203125,118.7470703125
IMG_0028.mp4,1068,35.6,30.0,542,2,traffic_signs,0.5438100099563599,116.93566131591797,531.250244140625,149.75509643554688,624.48095703125,133.34537887573242,577.8656005859375,32.819435119628906,93.230712890625
IMG_0028.mp4,1068,35.6,30.0,511,2,traffic_signs,0.9132172465324402,888.3682250976562,581.9795532226562,929.20654296875,766.8613891601562,908.7873840332031,674.4204711914062,40.83831787109375,184.8818359375
IMG_0028.mp4,1068,35.6,30.0,535,2,traffic_signs,0.836072564125061,1272.0045166015625,616.8665161132812,1306.8828125,652.0462036132812,1289.4436645507812,634.4563598632812,34.8782958984375,35.1796875
IMG_0028.mp4,1069,35.63333333333333,30.0,604,2,traffic_signs,0.7853219509124756,1698.9228515625,401.3190002441406,1811.1080322265625,514.259521484375,1755.0154418945312,457.7892608642578,112.1851806640625,112.94052124023438
IMG_0028.mp4,1069,35.63333333333333,30.0,601,2,traffic_signs,0.8501604795455933,395.680908203125,446.7597351074219,439.7913513183594,544.279052734375,417.7361297607422,495.51939392089844,44.110443115234375,97.51931762695312
IMG_0028.mp4,1069,35.63333333333333,30.0,614,2,traffic_signs,0.8517627716064453,549.9957275390625,446.951171875,656.3373413085938,565.4970703125,603.1665344238281,506.22412109375,106.34161376953125,118.5458984375
IMG_0028.mp4,1069,35.63333333333333,30.0,542,2,traffic_signs,0.7616446614265442,104.9650650024414,530.0646362304688,138.14207458496094,624.714599609375,121.55356979370117,577.3896179199219,33.17700958251953,94.64996337890625
IMG_0028.mp4,1069,35.63333333333333,30.0,511,2,traffic_signs,0.9133759140968323,881.0234985351562,581.4320068359375,921.7319946289062,763.741455078125,901.3777465820312,672.5867309570312,40.70849609375,182.3094482421875
IMG_0028.mp4,1069,35.63333333333333,30.0,535,2,traffic_signs,0.7892881631851196,1266.33740234375,616.9976196289062,1301.271240234375,652.541015625,1283.8043212890625,634.7693176269531,34.933837890625,35.54339599609375
IMG_0028.mp4,1070,35.666666666666664,30.0,604,2,traffic_signs,0.5786771178245544,1696.258544921875,399.39520263671875,1809.5955810546875,512.0209350585938,1752.9270629882812,455.70806884765625,113.3370361328125,112.625732421875
IMG_0028.mp4,1070,35.666666666666664,30.0,601,2,traffic_signs,0.9005305767059326,384.0537414550781,445.2128601074219,428.838134765625,542.953369140625,406.44593811035156,494.08311462402344,44.784393310546875,97.74050903320312
IMG_0028.mp4,1070,35.666666666666664,30.0,614,2,traffic_signs,0.798772931098938,537.7802734375,443.92340087890625,645.9450073242188,565.2833862304688,591.8626403808594,504.6033935546875,108.16473388671875,121.3599853515625
IMG_0028.mp4,1070,35.666666666666664,30.0,542,2,traffic_signs,0.39676928520202637,93.91389465332031,529.1900634765625,128.4635009765625,621.0126953125,111.1886978149414,575.1013793945312,34.54960632324219,91.8226318359375
IMG_0028.mp4,1070,35.666666666666664,30.0,511,2,traffic_signs,0.9260591864585876,874.3735961914062,580.9456176757812,915.43505859375,757.9122924804688,894.9043273925781,669.428955078125,41.06146240234375,176.9666748046875
IMG_0028.mp4,1070,35.666666666666664,30.0,535,2,traffic_signs,0.7547093629837036,1259.99560546875,616.6151733398438,1294.440185546875,652.0114135742188,1277.2178955078125,634.3132934570312,34.444580078125,35.396240234375
IMG_0028.mp4,1071,35.7,30.0,604,2,traffic_signs,0.6779403686523438,1694.718994140625,396.9091491699219,1808.939697265625,510.9174499511719,1751.829345703125,453.9132995605469,114.220703125,114.00830078125
IMG_0028.mp4,1071,35.7,30.0,601,2,traffic_signs,0.8736075162887573,371.7674560546875,442.5161437988281,416.91412353515625,540.6324462890625,394.3407897949219,491.5742950439453,45.14666748046875,98.11630249023438
IMG_0028.mp4,1071,35.7,30.0,614,2,traffic_signs,0.8360494375228882,525.5996704101562,441.1195983886719,634.8944702148438,562.771728515625,580.2470703125,501.94566345214844,109.2947998046875,121.65213012695312
IMG_0028.mp4,1071,35.7,30.0,542,2,traffic_signs,0.8073211312294006,81.8453598022461,528.1039428710938,116.38292694091797,621.8299560546875,99.11414337158203,574.9669494628906,34.537567138671875,93.72601318359375
IMG_0028.mp4,1071,35.7,30.0,511,2,traffic_signs,0.9003351330757141,867.8815307617188,580.8409423828125,909.6406860351562,754.8613891601562,888.7611083984375,667.8511657714844,41.7591552734375,174.02044677734375
IMG_0028.mp4,1071,35.7,30.0,535,2,traffic_signs,0.8151964545249939,1254.492431640625,616.1756591796875,1289.562255859375,651.9993286132812,1272.02734375,634.0874938964844,35.06982421875,35.82366943359375
IMG_0028.mp4,1071,35.7,30.0,621,2,traffic_signs,0.5498663187026978,110.01026916503906,617.0779418945312,127.30134582519531,643.927001953125,118.65580749511719,630.5024719238281,17.29107666015625,26.84906005859375
IMG_0028.mp4,1072,35.733333333333334,30.0,604,2,traffic_signs,0.5149337649345398,1692.4981689453125,394.2825012207031,1807.5223388671875,509.6211242675781,1750.01025390625,451.9518127441406,115.024169921875,115.338623046875
IMG_0028.mp4,1072,35.733333333333334,30.0,601,2,traffic_signs,0.8837133049964905,359.41815185546875,441.8055419921875,405.8965759277344,541.1569213867188,382.65736389160156,491.4812316894531,46.478424072265625,99.35137939453125
IMG_0028.mp4,1072,35.733333333333334,30.0,614,2,traffic_signs,0.42717230319976807,512.8623657226562,438.95953369140625,624.3798828125,562.8881225585938,568.6211242675781,500.923828125,111.51751708984375,123.9285888671875
IMG_0028.mp4,1072,35.733333333333334,30.0,542,2,traffic_signs,0.7335741519927979,70.61903381347656,527.6590576171875,106.21937561035156,621.287353515625,88.41920471191406,574.4732055664062,35.600341796875,93.6282958984375
IMG_0028.mp4,1072,35.733333333333334,30.0,511,2,traffic_signs,0.9066323041915894,861.614501953125,580.8988037109375,904.0643920898438,759.1250610351562,882.8394470214844,670.0119323730469,42.44989013671875,178.22625732421875
IMG_0028.mp4,1072,35.733333333333334,30.0,535,2,traffic_signs,0.8124439120292664,1248.9415283203125,616.7006225585938,1284.627197265625,652.152587890625,1266.7843627929688,634.4266052246094,35.6856689453125,35.45196533203125
IMG_0028.mp4,1072,35.733333333333334,30.0,621,2,traffic_signs,0.4393916428089142,100.1903076171875,618.0924682617188,118.44446563720703,643.9899291992188,109.31738662719727,631.0411987304688,18.25415802001953,25.8974609375
IMG_0028.mp4,1073,35.766666666666666,30.0,604,2,traffic_signs,0.43366116285324097,1689.8974609375,390.488037109375,1806.61865234375,506.6107482910156,1748.258056640625,448.5493927001953,116.72119140625,116.12271118164062
IMG_0028.mp4,1073,35.766666666666666,30.0,601,2,traffic_signs,0.896202027797699,347.5164489746094,439.43377685546875,394.180419921875,538.7744750976562,370.8484344482422,489.1041259765625,46.663970947265625,99.3406982421875
IMG_0028.mp4,1073,35.766666666666666,30.0,614,2,traffic_signs,0.6142855286598206,501.1986999511719,436.7103271484375,613.64501953125,566.6747436523438,557.4218597412109,501.6925354003906,112.44631958007812,129.96441650390625
IMG_0028.mp4,1073,35.766666666666666,30.0,542,2,traffic_signs,0.8393461108207703,59.70987319946289,527.0737915039062,95.0922622680664,621.8631591796875,77.40106773376465,574.4684753417969,35.382389068603516,94.78936767578125
IMG_0028.mp4,1073,35.766666666666666,30.0,511,2,traffic_signs,0.9276328682899475,854.302001953125,580.3197631835938,896.8880004882812,761.8798217773438,875.5950012207031,671.0997924804688,42.58599853515625,181.56005859375
IMG_0028.mp4,1073,35.766666666666666,30.0,535,2,traffic_signs,0.7619998455047607,1243.75732421875,616.6471557617188,1279.5955810546875,652.1183471679688,1261.6764526367188,634.3827514648438,35.8382568359375,35.47119140625
IMG_0028.mp4,1073,35.766666666666666,30.0,621,2,traffic_signs,0.3878645896911621,91.66121673583984,618.3507080078125,110.47858428955078,644.0725708007812,101.06990051269531,631.2116394042969,18.817367553710938,25.72186279296875
IMG_0028.mp4,1073,35.766666666666666,30.0,625,2,traffic_signs,0.5843005776405334,601.0189819335938,558.9314575195312,621.580078125,612.1499633789062,611.2995300292969,585.5407104492188,20.56109619140625,53.218505859375
IMG_0028.mp4,1074,35.8,30.0,604,2,traffic_signs,0.29548048973083496,1689.2105712890625,387.7648010253906,1806.0235595703125,504.27618408203125,1747.6170654296875,446.02049255371094,116.81298828125,116.51138305664062
IMG_0028.mp4,1074,35.8,30.0,601,2,traffic_signs,0.541918933391571,334.4075012207031,427.0549621582031,381.978271484375,538.489013671875,358.19288635253906,482.77198791503906,47.570770263671875,111.43405151367188
IMG_0028.mp4,1074,35.8,30.0,614,2,traffic_signs,0.3474136292934418,488.55609130859375,433.5501403808594,602.76318359375,573.4935302734375,545.6596374511719,503.52183532714844,114.20709228515625,139.94338989257812
IMG_0028.mp4,1074,35.8,30.0,542,2,traffic_signs,0.6927909255027771,48.02418899536133,525.8416748046875,84.14220428466797,620.9668579101562,66.08319664001465,573.4042663574219,36.11801528930664,95.12518310546875
IMG_0028.mp4,1074,35.8,30.0,511,2,traffic_signs,0.9214773178100586,848.2416381835938,579.823974609375,889.9630126953125,763.7470703125,869.1023254394531,671.7855224609375,41.72137451171875,183.923095703125
IMG_0028.mp4,1074,35.8,30.0,535,2,traffic_signs,0.6073841452598572,1238.17529296875,616.7933349609375,1273.4892578125,652.4583129882812,1255.832275390625,634.6258239746094,35.31396484375,35.66497802734375
IMG_0028.mp4,1074,35.8,30.0,625,2,traffic_signs,0.6524533629417419,593.2802124023438,559.3504638671875,614.49169921875,610.9046630859375,603.8859558105469,585.1275634765625,21.21148681640625,51.55419921875
IMG_0028.mp4,1075,35.833333333333336,30.0,601,2,traffic_signs,0.7460697889328003,322.03070068359375,424.1465759277344,369.43951416015625,535.70849609375,345.735107421875,479.9275360107422,47.4088134765625,111.56192016601562
IMG_0028.mp4,1075,35.833333333333336,30.0,614,2,traffic_signs,0.4789137840270996,476.3029479980469,430.50970458984375,591.2488403320312,573.6295776367188,533.7758941650391,502.06964111328125,114.94589233398438,143.119873046875
IMG_0028.mp4,1075,35.833333333333336,30.0,542,2,traffic_signs,0.8008820414543152,36.127593994140625,524.8945922851562,72.11556243896484,620.3630981445312,54.121578216552734,572.6288452148438,35.98796844482422,95.468505859375
IMG_0028.mp4,1075,35.833333333333336,30.0,511,2,traffic_signs,0.9097480773925781,842.2479858398438,579.78369140625,883.7344360351562,766.1126098632812,862.9912109375,672.9481506347656,41.4864501953125,186.32891845703125
IMG_0028.mp4,1075,35.833333333333336,30.0,535,2,traffic_signs,0.5722671747207642,1233.5133056640625,616.5448608398438,1267.3465576171875,652.2667236328125,1250.429931640625,634.4057922363281,33.833251953125,35.72186279296875
IMG_0028.mp4,1075,35.833333333333336,30.0,625,2,traffic_signs,0.5123308897018433,585.689208984375,558.193115234375,606.767822265625,612.0234985351562,596.228515625,585.1083068847656,21.07861328125,53.83038330078125
IMG_0028.mp4,1075,35.833333333333336,30.0,621,2,traffic_signs,0.44925862550735474,73.42247772216797,617.257080078125,92.75042724609375,643.3192749023438,83.08645248413086,630.2881774902344,19.32794952392578,26.06219482421875
IMG_0028.mp4,1076,35.86666666666667,30.0,601,2,traffic_signs,0.9001113772392273,310.5298767089844,422.1847839355469,359.0066223144531,534.230712890625,334.76824951171875,478.20774841308594,48.47674560546875,112.04592895507812
IMG_0028.mp4,1076,35.86666666666667,30.0,542,2,traffic_signs,0.3389045000076294,26.50034523010254,524.6707763671875,62.91591262817383,620.7303466796875,44.708128929138184,572.7005615234375,36.41556739807129,96.0595703125
IMG_0028.mp4,1076,35.86666666666667,30.0,511,2,traffic_signs,0.3893415331840515,836.0844116210938,579.3140258789062,878.7691650390625,766.1823120117188,857.4267883300781,672.7481689453125,42.68475341796875,186.8682861328125
IMG_0028.mp4,1076,35.86666666666667,30.0,535,2,traffic_signs,0.7402768731117249,1227.783203125,616.0092163085938,1262.2445068359375,651.9566650390625,1245.0138549804688,633.9829406738281,34.4613037109375,35.94744873046875
IMG_0028.mp4,1076,35.86666666666667,30.0,625,2,traffic_signs,0.5410889387130737,578.957763671875,558.3057861328125,599.335205078125,609.6822509765625,589.146484375,583.9940185546875,20.37744140625,51.37646484375
IMG_0028.mp4,1076,35.86666666666667,30.0,628,2,traffic_signs,0.7478516101837158,417.1697082519531,655.8343505859375,428.3652648925781,673.7921142578125,422.7674865722656,664.813232421875,11.195556640625,17.957763671875
IMG_0028.mp4,1076,35.86666666666667,30.0,621,2,traffic_signs,0.42210108041763306,66.08570098876953,616.8552856445312,85.2640380859375,643.2460327148438,75.67486953735352,630.0506591796875,19.17833709716797,26.3907470703125
IMG_0028.mp4,1077,35.9,30.0,601,2,traffic_signs,0.8594926595687866,299.3119812011719,422.33740234375,347.9893493652344,530.1316528320312,323.6506652832031,476.2345275878906,48.6773681640625,107.79425048828125
IMG_0028.mp4,1077,35.9,30.0,542,2,traffic_signs,0.33433786034584045,16.399873733520508,522.7680053710938,52.785091400146484,620.6456298828125,34.592482566833496,571.7068176269531,36.38521766662598,97.87762451171875
IMG_0028.mp4,1077,35.9,30.0,511,2,traffic_signs,0.9152526259422302,829.8914794921875,578.67138671875,872.062744140625,761.324951171875,850.9771118164062,669.9981689453125,42.1712646484375,182.653564453125
IMG_0028.mp4,1077,35.9,30.0,535,2,traffic_signs,0.7561812400817871,1222.72998046875,615.702880859375,1257.81201171875,652.2107543945312,1240.27099609375,633.9568176269531,35.08203125,36.50787353515625
IMG_0028.mp4,1077,35.9,30.0,625,2,traffic_signs,0.6998968124389648,571.4935302734375,558.1185913085938,592.891845703125,608.1546020507812,582.1926879882812,583.1365966796875,21.3983154296875,50.0360107421875
IMG_0028.mp4,1077,35.9,30.0,628,2,traffic_signs,0.6171625256538391,411.16943359375,656.2808227539062,421.96881103515625,673.2258911132812,416.5691223144531,664.7533569335938,10.79937744140625,16.945068359375
IMG_0028.mp4,1077,35.9,30.0,621,2,traffic_signs,0.858124852180481,58.601810455322266,616.230224609375,77.35557556152344,642.873779296875,67.97869300842285,629.552001953125,18.753765106201172,26.6435546875
IMG_0028.mp4,1078,35.93333333333333,30.0,601,2,traffic_signs,0.6968525648117065,286.53826904296875,423.3489685058594,336.0477294921875,531.3652954101562,311.2929992675781,477.3571319580078,49.50946044921875,108.01632690429688
IMG_0028.mp4,1078,35.93333333333333,30.0,542,2,traffic_signs,0.8101121187210083,5.191484451293945,521.5532836914062,42.06490707397461,619.6818237304688,23.628195762634277,570.6175537109375,36.873422622680664,98.1285400390625
IMG_0028.mp4,1078,35.93333333333333,30.0,511,2,traffic_signs,0.9143264889717102,823.8958740234375,578.8253173828125,865.9508056640625,754.4609375,844.92333984375,666.6431274414062,42.054931640625,175.6356201171875
IMG_0028.mp4,1078,35.93333333333333,30.0,535,2,traffic_signs,0.7919106483459473,1218.2200927734375,616.0632934570312,1254.0736083984375,652.5946655273438,1236.1468505859375,634.3289794921875,35.853515625,36.5313720703125
IMG_0028.mp4,1078,35.93333333333333,30.0,625,2,traffic_signs,0.45016390085220337,563.8150024414062,556.8069458007812,584.6142578125,610.1387939453125,574.2146301269531,583.4728698730469,20.79925537109375,53.33184814453125
IMG_0028.mp4,1078,35.93333333333333,30.0,628,2,traffic_signs,0.4860518276691437,405.0694274902344,656.5523681640625,415.5847473144531,674.2294311523438,410.32708740234375,665.3908996582031,10.51531982421875,17.67706298828125
IMG_0028.mp4,1078,35.93333333333333,30.0,621,2,traffic_signs,0.8248210549354553,49.79313659667969,616.4100952148438,68.88232421875,643.1141967773438,59.337730407714844,629.7621459960938,19.089187622070312,26.7041015625
IMG_0028.mp4,1079,35.96666666666667,30.0,601,2,traffic_signs,0.7851542234420776,273.8852233886719,419.852783203125,324.33026123046875,528.2764282226562,299.1077423095703,474.0646057128906,50.445037841796875,108.42364501953125
IMG_0028.mp4,1079,35.96666666666667,30.0,511,2,traffic_signs,0.9084328413009644,818.4819946289062,578.0151977539062,860.2642822265625,757.9601440429688,839.3731384277344,667.9876708984375,41.78228759765625,179.9449462890625
IMG_0028.mp4,1079,35.96666666666667,30.0,535,2,traffic_signs,0.6612985730171204,1213.5323486328125,615.4508056640625,1249.986328125,652.4100952148438,1231.7593383789062,633.9304504394531,36.4539794921875,36.95928955078125
IMG_0028.mp4,1079,35.96666666666667,30.0,625,2,traffic_signs,0.5731810331344604,555.6140747070312,555.1923217773438,576.7742919921875,607.05908203125,566.1941833496094,581.1257019042969,21.16021728515625,51.86676025390625
IMG_0028.mp4,1079,35.96666666666667,30.0,621,2,traffic_signs,0.7990496754646301,39.71138000488281,615.6266479492188,59.39440155029297,642.2208862304688,49.55289077758789,628.9237670898438,19.683021545410156,26.59423828125
IMG_0028.mp4,1079,35.96666666666667,30.0,604,2,traffic_signs,0.5311459302902222,1686.097412109375,377.698974609375,1807.3502197265625,495.9623107910156,1746.7238159179688,436.8306427001953,121.2528076171875,118.26333618164062
IMG_0028.mp4,1080,36.0,30.0,601,2,traffic_signs,0.9220138192176819,262.1768798828125,419.5845642089844,314.4281311035156,526.4403076171875,288.30250549316406,473.01243591308594,52.251251220703125,106.85574340820312
IMG_0028.mp4,1080,36.0,30.0,511,2,traffic_signs,0.8868178725242615,812.6595458984375,577.74951171875,855.6392211914062,765.8687133789062,834.1493835449219,671.8091125488281,42.97967529296875,188.11920166015625
IMG_0028.mp4,1080,36.0,30.0,535,2,traffic_signs,0.7958871722221375,1209.020263671875,615.3851928710938,1245.0618896484375,652.3673706054688,1227.0410766601562,633.8762817382812,36.0416259765625,36.982177734375
IMG_0028.mp4,1080,36.0,30.0,625,2,traffic_signs,0.7057129740715027,549.0498657226562,554.69189453125,570.2203369140625,607.9473876953125,559.6351013183594,581.3196411132812,21.17047119140625,53.2554931640625
IMG_0028.mp4,1080,36.0,30.0,634,2,traffic_signs,0.42173275351524353,310.296630859375,640.9733276367188,325.0927429199219,660.2526245117188,317.69468688964844,650.6129760742188,14.796112060546875,19.279296875
IMG_0028.mp4,1080,36.0,30.0,604,2,traffic_signs,0.42662420868873596,1686.1845703125,373.5145568847656,1807.959716796875,494.8827819824219,1747.0721435546875,434.19866943359375,121.775146484375,121.36822509765625
IMG_0028.mp4,1080,36.0,30.0,597,2,traffic_signs,0.7012122273445129,52.89331817626953,563.8994140625,87.99120330810547,605.5733642578125,70.4422607421875,584.7363891601562,35.09788513183594,41.6739501953125
IMG_0028.mp4,1080,36.0,30.0,628,2,traffic_signs,0.5710747838020325,392.0436706542969,655.3878784179688,403.0562744140625,672.7891235351562,397.5499725341797,664.0885009765625,11.012603759765625,17.4012451171875
IMG_0028.mp4,1081,36.03333333333333,30.0,601,2,traffic_signs,0.8430370092391968,250.86273193359375,417.4354553222656,303.6417541503906,523.8609008789062,277.2522430419922,470.64817810058594,52.779022216796875,106.42544555664062
IMG_0028.mp4,1081,36.03333333333333,30.0,511,2,traffic_signs,0.6074016690254211,806.8057861328125,576.640625,850.0339965820312,764.9882202148438,828.4198913574219,670.8144226074219,43.22821044921875,188.34759521484375
IMG_0028.mp4,1081,36.03333333333333,30.0,535,2,traffic_signs,0.827109158039093,1204.17431640625,615.1494140625,1240.27490234375,651.4696655273438,1222.224609375,633.3095397949219,36.1005859375,36.32025146484375
IMG_0028.mp4,1081,36.03333333333333,30.0,625,2,traffic_signs,0.6525331735610962,542.208251953125,553.4117431640625,562.9758911132812,606.9691162109375,552.5920715332031,580.1904296875,20.76763916015625,53.557373046875
IMG_0028.mp4,1081,36.03333333333333,30.0,634,2,traffic_signs,0.262777179479599,303.3410949707031,639.6975708007812,319.7133483886719,660.004150390625,311.5272216796875,649.8508605957031,16.37225341796875,20.30657958984375
IMG_0028.mp4,1081,36.03333333333333,30.0,604,2,traffic_signs,0.8243199586868286,1686.1065673828125,369.3423156738281,1808.6058349609375,492.6214294433594,1747.356201171875,430.98187255859375,122.499267578125,123.27911376953125
IMG_0028.mp4,1081,36.03333333333333,30.0,597,2,traffic_signs,0.5961530804634094,43.90247344970703,563.1326904296875,79.6057357788086,604.6978759765625,61.75410461425781,583.915283203125,35.70326232910156,41.565185546875
IMG_0028.mp4,1081,36.03333333333333,30.0,628,2,traffic_signs,0.3340054750442505,386.909423828125,655.6983032226562,398.6425476074219,672.1776733398438,392.77598571777344,663.93798828125,11.733123779296875,16.4793701171875
IMG_0028.mp4,1082,36.06666666666667,30.0,601,2,traffic_signs,0.89096999168396,238.0681915283203,412.0993347167969,291.69390869140625,522.8529052734375,264.8810501098633,467.4761199951172,53.62571716308594,110.75357055664062
IMG_0028.mp4,1082,36.06666666666667,30.0,511,2,traffic_signs,0.9323937892913818,800.9874267578125,576.0486450195312,843.9151611328125,768.6142578125,822.4512939453125,672.3314514160156,42.927734375,192.56561279296875
IMG_0028.mp4,1082,36.06666666666667,30.0,535,2,traffic_signs,0.8149983882904053,1200.3011474609375,615.3889770507812,1237.004638671875,651.69384765625,1218.6528930664062,633.5414123535156,36.7034912109375,36.30487060546875
IMG_0028.mp4,1082,36.06666666666667,30.0,625,2,traffic_signs,0.7871315479278564,534.9297485351562,553.1600341796875,555.6393432617188,606.4901123046875,545.2845458984375,579.8250732421875,20.7095947265625,53.330078125
IMG_0028.mp4,1082,36.06666666666667,30.0,634,2,traffic_signs,0.5259602069854736,296.2799072265625,638.2955932617188,313.09326171875,660.9721069335938,304.68658447265625,649.6338500976562,16.8133544921875,22.676513671875
IMG_0028.mp4,1082,36.06666666666667,30.0,604,2,traffic_signs,0.8202599287033081,1687.637451171875,367.13739013671875,1810.6387939453125,489.8183288574219,1749.1381225585938,428.4778594970703,123.0013427734375,122.68093872070312
IMG_0028.mp4,1082,36.06666666666667,30.0,597,2,traffic_signs,0.8774130344390869,33.885860443115234,562.600830078125,69.70535278320312,604.2069091796875,51.79560661315918,583.4038696289062,35.81949234008789,41.6060791015625
IMG_0028.mp4,1082,36.06666666666667,30.0,636,2,traffic_signs,0.5831372737884521,136.60842895507812,605.97802734375,148.34803771972656,631.2152709960938,142.47823333740234,618.5966491699219,11.739608764648438,25.23724365234375
IMG_0028.mp4,1083,36.1,30.0,601,2,traffic_signs,0.6164793372154236,225.45538330078125,410.076904296875,280.1671447753906,520.7505493164062,252.81126403808594,465.4137268066406,54.711761474609375,110.67364501953125
IMG_0028.mp4,1083,36.1,30.0,511,2,traffic_signs,0.9121776223182678,796.3226928710938,575.4754028320312,838.6686401367188,767.4721069335938,817.4956665039062,671.4737548828125,42.345947265625,191.9967041015625
IMG_0028.mp4,1083,36.1,30.0,535,2,traffic_signs,0.8455842733383179,1196.8662109375,614.467041015625,1233.7738037109375,651.610595703125,1215.3200073242188,633.038818359375,36.9075927734375,37.1435546875
IMG_0028.mp4,1083,36.1,30.0,625,2,traffic_signs,0.7945953011512756,528.0973510742188,552.7386474609375,548.2028198242188,605.8771362304688,538.1500854492188,579.3078918457031,20.10546875,53.13848876953125
IMG_0028.mp4,1083,36.1,30.0,634,2,traffic_signs,0.5993056297302246,290.453125,637.286865234375,307.457275390625,661.5716552734375,298.9552001953125,649.4292602539062,17.004150390625,24.2847900390625
IMG_0028.mp4,1083,36.1,30.0,604,2,traffic_signs,0.7898229360580444,1689.0301513671875,362.8215026855469,1812.77392578125,487.74774169921875,1750.9020385742188,425.2846221923828,123.7437744140625,124.92623901367188
IMG_0028.mp4,1083,36.1,30.0,597,2,traffic_signs,0.8273246884346008,24.13271141052246,561.5354614257812,60.927398681640625,603.6495361328125,42.53005504608154,582.5924987792969,36.794687271118164,42.11407470703125
IMG_0028.mp4,1083,36.1,30.0,636,2,traffic_signs,0.7374632954597473,129.6348419189453,605.2298583984375,141.76576232910156,629.8204956054688,135.70030212402344,617.5251770019531,12.13092041015625,24.59063720703125
IMG_0028.mp4,1083,36.1,30.0,621,2,traffic_signs,0.8815909624099731,9.383355140686035,614.45947265625,30.05036735534668,641.6742553710938,19.716861248016357,628.0668640136719,20.667012214660645,27.21478271484375
IMG_0028.mp4,1084,36.13333333333333,30.0,601,2,traffic_signs,0.5130825042724609,213.09144592285156,407.8140869140625,268.3445129394531,518.6618041992188,240.71797943115234,463.2379455566406,55.25306701660156,110.84771728515625
IMG_0028.mp4,1084,36.13333333333333,30.0,511,2,traffic_signs,0.9089393615722656,791.1831665039062,575.0208740234375,834.3494262695312,770.4979858398438,812.7662963867188,672.7594299316406,43.166259765625,195.47711181640625
IMG_0028.mp4,1084,36.13333333333333,30.0,535,2,traffic_signs,0.4173367917537689,1192.152587890625,614.5791625976562,1229.2490234375,651.6890258789062,1210.7008056640625,633.1340942382812,37.096435546875,37.10986328125
IMG_0028.mp4,1084,36.13333333333333,30.0,625,2,traffic_signs,0.664669930934906,521.2869873046875,551.5894165039062,541.9180297851562,606.0689086914062,531.6025085449219,578.8291625976562,20.63104248046875,54.4794921875
IMG_0028.mp4,1084,36.13333333333333,30.0,634,2,traffic_signs,0.5519758462905884,284.5253601074219,635.9190063476562,301.16217041015625,661.5476684570312,292.84376525878906,648.7333374023438,16.636810302734375,25.628662109375
IMG_0028.mp4,1084,36.13333333333333,30.0,604,2,traffic_signs,0.7218508124351501,1690.79052734375,357.7779235839844,1815.4117431640625,485.4573669433594,1753.1011352539062,421.6176452636719,124.6212158203125,127.679443359375
IMG_0028.mp4,1084,36.13333333333333,30.0,597,2,traffic_signs,0.8631581664085388,15.322020530700684,561.1702270507812,53.017520904541016,602.0299072265625,34.16977071762085,581.6000671386719,37.69550037384033,40.85968017578125
IMG_0028.mp4,1084,36.13333333333333,30.0,636,2,traffic_signs,0.548158586025238,122.41939544677734,604.7351684570312,135.6430206298828,632.2676391601562,129.03120803833008,618.5014038085938,13.223625183105469,27.532470703125
IMG_0028.mp4,1084,36.13333333333333,30.0,621,2,traffic_signs,0.8465768694877625,1.5898035764694214,613.7908325195312,22.544496536254883,641.2015380859375,12.067150056362152,627.4961853027344,20.95469295978546,27.41070556640625
IMG_0028.mp4,1085,36.166666666666664,30.0,601,2,traffic_signs,0.31442469358444214,200.1602325439453,404.72308349609375,255.97659301757812,518.0221557617188,228.06841278076172,461.37261962890625,55.81636047363281,113.299072265625
IMG_0028.mp4,1085,36.166666666666664,30.0,511,2,traffic_signs,0.751343309879303,785.4783935546875,575.1572265625,829.0134887695312,768.574462890625,807.2459411621094,671.8658447265625,43.53509521484375,193.417236328125
IMG_0028.mp4,1085,36.166666666666664,30.0,535,2,traffic_signs,0.6944180130958557,1188.0826416015625,614.2003173828125,1225.6683349609375,651.7260131835938,1206.87548828125,632.9631652832031,37.585693359375,37.52569580078125
IMG_0028.mp4,1085,36.166666666666664,30.0,625,2,traffic_signs,0.6776619553565979,514.0439453125,550.9512329101562,534.0120849609375,605.1363525390625,524.0280151367188,578.0437927246094,19.9681396484375,54.18511962890625
IMG_0028.mp4,1085,36.166666666666664,30.0,634,2,traffic_signs,0.6811501979827881,277.6893310546875,632.4160766601562,294.73931884765625,661.8970336914062,286.2143249511719,647.1565551757812,17.04998779296875,29.48095703125
IMG_0028.mp4,1085,36.166666666666664,30.0,604,2,traffic_signs,0.8067891597747803,1693.540771484375,353.2856750488281,1818.4713134765625,483.227783203125,1756.0060424804688,418.25672912597656,124.9305419921875,129.94210815429688
IMG_0028.mp4,1085,36.166666666666664,30.0,597,2,traffic_signs,0.7587936520576477,6.413692951202393,560.0449829101562,43.257530212402344,601.1724243164062,24.835611581802368,580.6087036132812,36.84383726119995,41.12744140625
IMG_0028.mp4,1085,36.166666666666664,30.0,636,2,traffic_signs,0.7403128147125244,115.20116424560547,604.3858642578125,128.525634765625,632.4653930664062,121.86339950561523,618.4256286621094,13.324470520019531,28.07952880859375
IMG_0028.mp4,1085,36.166666666666664,30.0,621,2,traffic_signs,0.7658088803291321,0.0,613.7169189453125,14.51074504852295,640.6420288085938,7.255372524261475,627.1794738769531,14.51074504852295,26.92510986328125
IMG_0028.mp4,1086,36.2,30.0,601,2,traffic_signs,0.6657792329788208,187.38099670410156,402.574951171875,244.70132446289062,517.093017578125,216.0411605834961,459.833984375,57.32032775878906,114.51806640625
IMG_0028.mp4,1086,36.2,30.0,511,2,traffic_signs,0.9284681081771851,779.9179077148438,573.7921142578125,824.2957763671875,767.442138671875,802.1068420410156,670.6171264648438,44.37786865234375,193.6500244140625
IMG_0028.mp4,1086,36.2,30.0,535,2,traffic_signs,0.7807753086090088,1185.1055908203125,613.95458984375,1220.7978515625,651.6417846679688,1202.9517211914062,632.7981872558594,35.6922607421875,37.68719482421875
IMG_0028.mp4,1086,36.2,30.0,625,2,traffic_signs,0.8534725904464722,507.4584655761719,549.7986450195312,526.8289794921875,603.4338989257812,517.1437225341797,576.6162719726562,19.370513916015625,53.63525390625
IMG_0028.mp4,1086,36.2,30.0,634,2,traffic_signs,0.7309550046920776,272.061279296875,630.5034790039062,289.6381530761719,662.3864135742188,280.84971618652344,646.4449462890625,17.576873779296875,31.8829345703125
IMG_0028.mp4,1086,36.2,30.0,604,2,traffic_signs,0.6973356008529663,1695.58740234375,349.2021484375,1820.799560546875,480.666748046875,1758.1934814453125,414.9344482421875,125.212158203125,131.464599609375
IMG_0028.mp4,1086,36.2,30.0,636,2,traffic_signs,0.7325277328491211,109.25403594970703,603.6770629882812,122.0910873413086,631.59521484375,115.67256164550781,617.6361389160156,12.837051391601562,27.91815185546875
IMG_0028.mp4,1086,36.2,30.0,621,2,traffic_signs,0.4908302426338196,0.0,613.4981689453125,7.891689777374268,640.2677612304688,3.945844888687134,626.8829650878906,7.891689777374268,26.76959228515625
IMG_0028.mp4,1087,36.233333333333334,30.0,601,2,traffic_signs,0.833817720413208,173.2698211669922,399.6148681640625,231.16392517089844,512.2789916992188,202.2168731689453,455.9469299316406,57.89410400390625,112.66412353515625
IMG_0028.mp4,1087,36.233333333333334,30.0,511,2,traffic_signs,0.836215078830719,774.3695678710938,572.7259521484375,818.838134765625,772.312744140625,796.6038513183594,672.5193481445312,44.46856689453125,199.5867919921875
IMG_0028.mp4,1087,36.233333333333334,30.0,535,2,traffic_signs,0.837421715259552,1180.539306640625,613.946044921875,1217.1385498046875,651.5298461914062,1198.8389282226562,632.7379455566406,36.5992431640625,37.58380126953125
IMG_0028.mp4,1087,36.233333333333334,30.0,625,2,traffic_signs,0.8372787833213806,500.01593017578125,548.7400512695312,519.947509765625,604.3267211914062,509.9817199707031,576.5333862304688,19.93157958984375,55.586669921875
IMG_0028.mp4,1087,36.233333333333334,30.0,634,2,traffic_signs,0.5956453084945679,265.447021484375,624.1026611328125,283.82122802734375,663.28173828125,274.6341247558594,643.6921997070312,18.37420654296875,39.1790771484375
IMG_0028.mp4,1087,36.233333333333334,30.0,604,2,traffic_signs,0.8647446632385254,1698.092041015625,344.1146545410156,1822.598388671875,479.58013916015625,1760.34521484375,411.84739685058594,124.50634765625,135.46548461914062
IMG_0028.mp4,1087,36.233333333333334,30.0,636,2,traffic_signs,0.7362886071205139,102.6824722290039,603.4957885742188,114.64805603027344,628.0303955078125,108.66526412963867,615.7630920410156,11.965583801269531,24.53460693359375
IMG_0028.mp4,1087,36.233333333333334,30.0,597,2,traffic_signs,0.7322445511817932,0.0,559.247802734375,26.059368133544922,599.5359497070312,13.029684066772461,579.3918762207031,26.059368133544922,40.28814697265625
IMG_0028.mp4,1088,36.266666666666666,30.0,511,2,traffic_signs,0.8715859055519104,770.1997680664062,572.0567626953125,814.0553588867188,764.9489135742188,792.1275634765625,668.5028381347656,43.8555908203125,192.89215087890625
IMG_0028.mp4,1088,36.266666666666666,30.0,535,2,traffic_signs,0.8434168696403503,1176.99267578125,613.1868286132812,1214.350341796875,651.0820922851562,1195.6715087890625,632.1344604492188,37.357666015625,37.895263671875
IMG_0028.mp4,1088,36.266666666666666,30.0,625,2,traffic_signs,0.530530571937561,494.0670166015625,547.776123046875,513.3469848632812,603.2008056640625,503.7070007324219,575.4884643554688,19.27996826171875,55.4246826171875
IMG_0028.mp4,1088,36.266666666666666,30.0,634,2,traffic_signs,0.6793012619018555,259.33233642578125,627.9951171875,278.0461120605469,662.374267578125,268.68922424316406,645.1846923828125,18.713775634765625,34.379150390625
IMG_0028.mp4,1088,36.266666666666666,30.0,604,2,traffic_signs,0.7962058186531067,1699.9097900390625,339.3245544433594,1826.2110595703125,479.43780517578125,1763.0604248046875,409.3811798095703,126.30126953125,140.11325073242188
IMG_0028.mp4,1088,36.266666666666666,30.0,636,2,traffic_signs,0.7474680542945862,96.79952239990234,603.2988891601562,108.95276641845703,627.9810180664062,102.87614440917969,615.6399536132812,12.153244018554688,24.68212890625
IMG_0028.mp4,1088,36.266666666666666,30.0,597,2,traffic_signs,0.6918051242828369,0.0,557.7756958007812,18.84121322631836,597.63134765625,9.42060661315918,577.7035217285156,18.84121322631836,39.85565185546875
IMG_0028.mp4,1089,36.3,30.0,511,2,traffic_signs,0.8977240324020386,764.4970703125,571.3521118164062,809.35546875,772.2371215820312,786.92626953125,671.7946166992188,44.8583984375,200.885009765625
IMG_0028.mp4,1089,36.3,30.0,535,2,traffic_signs,0.8007539510726929,1174.1014404296875,613.2352294921875,1210.7960205078125,651.3003540039062,1192.44873046875,632.2677917480469,36.694580078125,38.06512451171875
IMG_0028.mp4,1089,36.3,30.0,625,2,traffic_signs,0.7911468148231506,486.8779296875,547.3884887695312,506.5916748046875,602.6552734375,496.73480224609375,575.0218811035156,19.7137451171875,55.26678466796875
IMG_0028.mp4,1089,36.3,30.0,634,2,traffic_signs,0.5165621042251587,252.35440063476562,629.97119140625,272.41571044921875,663.1069946289062,262.3850555419922,646.5390930175781,20.061309814453125,33.13580322265625
IMG_0028.mp4,1089,36.3,30.0,604,2,traffic_signs,0.704012930393219,1701.14697265625,335.13323974609375,1831.0330810546875,476.2727355957031,1766.0900268554688,405.70298767089844,129.8861083984375,141.13949584960938
IMG_0028.mp4,1089,36.3,30.0,636,2,traffic_signs,0.8006710410118103,91.14617919921875,603.6844482421875,102.1907730102539,626.880126953125,96.66847610473633,615.2822875976562,11.044593811035156,23.1956787109375
IMG_0028.mp4,1089,36.3,30.0,597,2,traffic_signs,0.6454613208770752,0.0,559.9341430664062,8.813592910766602,595.7730712890625,4.406796455383301,577.8536071777344,8.813592910766602,35.83892822265625
IMG_0028.mp4,1089,36.3,30.0,601,2,traffic_signs,0.7992504835128784,146.8179931640625,393.44677734375,206.8110809326172,507.5237121582031,176.81453704833984,450.48524475097656,59.99308776855469,114.07693481445312
IMG_0028.mp4,1090,36.333333333333336,30.0,511,2,traffic_signs,0.8661894202232361,759.01611328125,571.711181640625,803.6326904296875,770.848876953125,781.3244018554688,671.280029296875,44.6165771484375,199.1376953125
IMG_0028.mp4,1090,36.333333333333336,30.0,535,2,traffic_signs,0.869741678237915,1170.99755859375,612.9513549804688,1208.76025390625,651.2604370117188,1189.87890625,632.1058959960938,37.7626953125,38.30908203125
IMG_0028.mp4,1090,36.333333333333336,30.0,625,2,traffic_signs,0.860988199710846,479.86181640625,545.9335327148438,499.4649658203125,601.7227172851562,489.66339111328125,573.828125,19.6031494140625,55.7891845703125
IMG_0028.mp4,1090,36.333333333333336,30.0,634,2,traffic_signs,0.5167475938796997,246.0158233642578,620.7189331054688,266.81195068359375,662.3602294921875,256.4138870239258,641.5395812988281,20.796127319335938,41.64129638671875
IMG_0028.mp4,1090,36.333333333333336,30.0,604,2,traffic_signs,0.3565148115158081,1704.8126220703125,330.00701904296875,1836.9365234375,473.6387939453125,1770.8745727539062,401.8229064941406,132.1239013671875,143.63177490234375
IMG_0028.mp4,1090,36.333333333333336,30.0,636,2,traffic_signs,0.7505031228065491,84.86015319824219,603.1505126953125,95.36829376220703,625.986328125,90.11422348022461,614.5684204101562,10.508140563964844,22.8358154296875
IMG_0028.mp4,1090,36.333333333333336,30.0,601,2,traffic_signs,0.5372717380523682,132.94627380371094,388.8698425292969,194.50424194335938,507.4922790527344,163.72525787353516,448.1810607910156,61.55796813964844,118.6224365234375
IMG_0028.mp4,1091,36.36666666666667,30.0,511,2,traffic_signs,0.9307340979576111,754.6206665039062,569.8414306640625,799.7159423828125,773.5403442382812,777.1683044433594,671.6908874511719,45.09527587890625,203.69891357421875
IMG_0028.mp4,1091,36.36666666666667,30.0,535,2,traffic_signs,0.7247312068939209,1167.596435546875,612.6949462890625,1204.0069580078125,650.70458984375,1185.8016967773438,631.6997680664062,36.4105224609375,38.0096435546875
IMG_0028.mp4,1091,36.36666666666667,30.0,625,2,traffic_signs,0.8614509701728821,474.1526184082031,545.0631713867188,494.98687744140625,600.907470703125,484.5697479248047,572.9853210449219,20.834259033203125,55.84429931640625
IMG_0028.mp4,1091,36.36666666666667,30.0,636,2,traffic_signs,0.7796395421028137,80.19795227050781,602.0955200195312,90.65949249267578,625.476806640625,85.4287223815918,613.7861633300781,10.461540222167969,23.38128662109375
IMG_0028.mp4,1091,36.36666666666667,30.0,601,2,traffic_signs,0.5076725482940674,121.1400375366211,385.4978942871094,183.64736938476562,502.0406799316406,152.39370346069336,443.769287109375,62.50733184814453,116.54278564453125
IMG_0028.mp4,1092,36.4,30.0,511,2,traffic_signs,0.9030027985572815,749.9075317382812,569.8125610351562,794.3709106445312,777.8093872070312,772.1392211914062,673.8109741210938,44.46337890625,207.996826171875
IMG_0028.mp4,1092,36.4,30.0,535,2,traffic_signs,0.6800636649131775,1164.130126953125,613.2989501953125,1201.0704345703125,651.4385375976562,1182.6002807617188,632.3687438964844,36.9403076171875,38.13958740234375
IMG_0028.mp4,1092,36.4,30.0,625,2,traffic_signs,0.8818647861480713,466.6541748046875,544.3826904296875,487.6513366699219,600.7359008789062,477.1527557373047,572.5592956542969,20.997161865234375,56.35321044921875
IMG_0028.mp4,1092,36.4,30.0,601,2,traffic_signs,0.2871628403663635,105.87614440917969,381.4869079589844,169.4831085205078,510.51129150390625,137.67962646484375,445.9990997314453,63.606964111328125,129.02438354492188
IMG_0028.mp4,1092,36.4,30.0,645,2,traffic_signs,0.7517015337944031,409.68243408203125,621.1815185546875,481.02386474609375,823.4320678710938,445.3531494140625,722.3067932128906,71.3414306640625,202.25054931640625
IMG_0028.mp4,1092,36.4,30.0,634,2,traffic_signs,0.36183544993400574,235.84005737304688,612.1913452148438,256.3621520996094,662.9453125,246.10110473632812,637.5683288574219,20.5220947265625,50.75396728515625
IMG_0028.mp4,1093,36.43333333333333,30.0,511,2,traffic_signs,0.9001175761222839,746.1192626953125,567.6834716796875,789.90185546875,770.3695678710938,768.0105590820312,669.0265197753906,43.7825927734375,202.68609619140625
IMG_0028.mp4,1093,36.43333333333333,30.0,535,2,traffic_signs,0.7693479061126709,1162.0106201171875,612.1819458007812,1197.154052734375,650.3688354492188,1179.5823364257812,631.275390625,35.1434326171875,38.1868896484375
IMG_0028.mp4,1093,36.43333333333333,30.0,625,2,traffic_signs,0.8611283898353577,460.05010986328125,541.3877563476562,481.31060791015625,598.4965209960938,470.68035888671875,569.942138671875,21.260498046875,57.1087646484375
IMG_0028.mp4,1093,36.43333333333333,30.0,601,2,traffic_signs,0.7644169330596924,91.42755889892578,376.505615234375,156.62159729003906,501.36456298828125,124.02457809448242,438.9350891113281,65.19403839111328,124.85894775390625
IMG_0028.mp4,1094,36.46666666666667,30.0,511,2,traffic_signs,0.8444553017616272,742.3497924804688,566.813720703125,786.7045288085938,769.3975830078125,764.5271606445312,668.1056518554688,44.354736328125,202.5838623046875
IMG_0028.mp4,1094,36.46666666666667,30.0,535,2,traffic_signs,0.8426640033721924,1158.96533203125,612.1397705078125,1195.593017578125,650.5233154296875,1177.2791748046875,631.33154296875,36.627685546875,38.383544921875
IMG_0028.mp4,1094,36.46666666666667,30.0,625,2,traffic_signs,0.8766456246376038,454.4364318847656,540.9844970703125,476.19561767578125,597.6103515625,465.31602478027344,569.2974243164062,21.759185791015625,56.6258544921875
IMG_0028.mp4,1094,36.46666666666667,30.0,601,2,traffic_signs,0.7475333213806152,76.41902160644531,373.67236328125,144.40673828125,497.21990966796875,110.41287994384766,435.4461364746094,67.98771667480469,123.54754638671875
IMG_0028.mp4,1094,36.46666666666667,30.0,645,2,traffic_signs,0.34514644742012024,394.3587646484375,617.485595703125,469.3147888183594,822.0706176757812,431.83677673339844,719.7781066894531,74.95602416992188,204.58502197265625
IMG_0028.mp4,1095,36.5,30.0,511,2,traffic_signs,0.44260790944099426,736.1792602539062,568.419189453125,781.6488647460938,770.6174926757812,758.9140625,669.5183410644531,45.4696044921875,202.19830322265625
IMG_0028.mp4,1095,36.5,30.0,535,2,traffic_signs,0.8222137093544006,1155.9576416015625,612.887939453125,1192.9488525390625,651.0311279296875,1174.4532470703125,631.9595336914062,36.9912109375,38.1431884765625
IMG_0028.mp4,1095,36.5,30.0,625,2,traffic_signs,0.8741440773010254,446.5725402832031,540.7403564453125,469.28765869140625,598.089111328125,457.9300994873047,569.4147338867188,22.715118408203125,57.3487548828125
IMG_0028.mp4,1095,36.5,30.0,601,2,traffic_signs,0.6776077747344971,61.324581146240234,369.6045227050781,130.32257080078125,495.8274841308594,95.82357597351074,432.71600341796875,68.99798965454102,126.22296142578125
IMG_0028.mp4,1096,36.53333333333333,30.0,511,2,traffic_signs,0.7341826558113098,731.88037109375,567.1234741210938,777.3145751953125,773.3560180664062,754.5974731445312,670.23974609375,45.4342041015625,206.2325439453125
IMG_0028.mp4,1096,36.53333333333333,30.0,535,2,traffic_signs,0.8701541423797607,1153.0537109375,611.7009887695312,1190.48486328125,649.6697998046875,1171.769287109375,630.6853942871094,37.43115234375,37.96881103515625
IMG_0028.mp4,1096,36.53333333333333,30.0,625,2,traffic_signs,0.8740909695625305,440.6794128417969,538.7063598632812,463.68890380859375,596.41455078125,452.1841583251953,567.5604553222656,23.009490966796875,57.70819091796875
IMG_0028.mp4,1096,36.53333333333333,30.0,601,2,traffic_signs,0.7608537673950195,48.35984420776367,364.76263427734375,118.23458099365234,488.6985168457031,83.29721260070801,426.73057556152344,69.87473678588867,123.93588256835938
IMG_0028.mp4,1097,36.56666666666667,30.0,511,2,traffic_signs,0.45982491970062256,728.0565795898438,566.6574096679688,773.9957275390625,777.1113891601562,751.0261535644531,671.8843994140625,45.93914794921875,210.4539794921875
IMG_0028.mp4,1097,36.56666666666667,30.0,535,2,traffic_signs,0.8129180669784546,1151.111572265625,611.7745361328125,1187.60595703125,650.11083984375,1169.3587646484375,630.9426879882812,36.494384765625,38.3363037109375
IMG_0028.mp4,1097,36.56666666666667,30.0,625,2,traffic_signs,0.8815566897392273,435.2305908203125,539.0858154296875,458.2253723144531,595.4237670898438,446.7279815673828,567.2547912597656,22.994781494140625,56.33795166015625
IMG_0028.mp4,1097,36.56666666666667,30.0,601,2,traffic_signs,0.5546445250511169,34.311866760253906,361.0765075683594,106.00112915039062,484.8677673339844,70.15649795532227,422.9721374511719,71.68926239013672,123.791259765625
IMG_0028.mp4,1098,36.6,30.0,511,2,traffic_signs,0.334994912147522,723.574462890625,566.5413208007812,769.5408935546875,755.6986083984375,746.5576782226562,661.1199645996094,45.9664306640625,189.15728759765625
IMG_0028.mp4,1098,36.6,30.0,535,2,traffic_signs,0.8345859050750732,1148.3189697265625,612.3427124023438,1185.7596435546875,651.1261596679688,1167.039306640625,631.7344360351562,37.440673828125,38.783447265625
IMG_0028.mp4,1098,36.6,30.0,625,2,traffic_signs,0.8910568356513977,427.5278625488281,538.1363525390625,450.79547119140625,594.14892578125,439.1616668701172,566.1426391601562,23.267608642578125,56.0125732421875
IMG_0028.mp4,1098,36.6,30.0,636,2,traffic_signs,0.4967552125453949,36.865135192871094,600.6449584960938,48.32022476196289,624.5021362304688,42.59267997741699,612.5735473632812,11.455089569091797,23.857177734375
IMG_0028.mp4,1099,36.63333333333333,30.0,511,2,traffic_signs,0.8845648765563965,720.1870727539062,564.319091796875,766.1477661132812,759.614501953125,743.1674194335938,661.966796875,45.960693359375,195.29541015625
IMG_0028.mp4,1099,36.63333333333333,30.0,535,2,traffic_signs,0.8014511466026306,1146.1500244140625,611.4412231445312,1185.037109375,651.1126708984375,1165.5935668945312,631.2769470214844,38.8870849609375,39.67144775390625
IMG_0028.mp4,1099,36.63333333333333,30.0,625,2,traffic_signs,0.9121662974357605,421.775634765625,535.5891723632812,444.94073486328125,592.88232421875,433.3581848144531,564.2357482910156,23.16510009765625,57.29315185546875
IMG_0028.mp4,1099,36.63333333333333,30.0,636,2,traffic_signs,0.6846708059310913,31.447969436645508,598.7854614257812,42.67393493652344,625.3991088867188,37.06095218658447,612.09228515625,11.22596549987793,26.6136474609375
IMG_0028.mp4,1099,36.63333333333333,30.0,601,2,traffic_signs,0.6366902589797974,3.2245914936065674,350.4540100097656,77.55306243896484,475.95013427734375,40.388826966285706,413.2020721435547,74.32847094535828,125.49612426757812
IMG_0028.mp4,1100,36.666666666666664,30.0,511,2,traffic_signs,0.8805772662162781,716.7799682617188,562.5728149414062,763.0916137695312,768.9729614257812,739.935791015625,665.7728881835938,46.3116455078125,206.400146484375
IMG_0028.mp4,1100,36.666666666666664,30.0,535,2,traffic_signs,0.6453449726104736,1143.7806396484375,610.8076782226562,1182.6995849609375,650.4319458007812,1163.2401123046875,630.6198120117188,38.9189453125,39.624267578125
IMG_0028.mp4,1100,36.666666666666664,30.0,625,2,traffic_signs,0.9118301868438721,416.97601318359375,533.2710571289062,440.5518493652344,592.312255859375,428.76393127441406,562.7916564941406,23.575836181640625,59.04119873046875
IMG_0028.mp4,1101,36.7,30.0,511,2,traffic_signs,0.562711238861084,711.6599731445312,562.70751953125,759.817626953125,773.4177856445312,735.7388000488281,668.0626525878906,48.15765380859375,210.71026611328125
IMG_0028.mp4,1101,36.7,30.0,535,2,traffic_signs,0.662176787853241,1141.1116943359375,611.7205200195312,1179.21044921875,651.0735473632812,1160.1610717773438,631.3970336914062,38.0987548828125,39.35302734375
IMG_0028.mp4,1101,36.7,30.0,625,2,traffic_signs,0.9063910841941833,410.3822021484375,533.8988037109375,434.36090087890625,592.2991943359375,422.3715515136719,563.0989990234375,23.97869873046875,58.400390625
IMG_0028.mp4,1102,36.733333333333334,30.0,511,2,traffic_signs,0.537358283996582,706.3952026367188,563.5778198242188,753.86474609375,779.7990112304688,730.1299743652344,671.6884155273438,47.46954345703125,216.22119140625
IMG_0028.mp4,1102,36.733333333333334,30.0,535,2,traffic_signs,0.5682801008224487,1139.2965087890625,611.7304077148438,1178.2535400390625,651.7509765625,1158.7750244140625,631.7406921386719,38.95703125,40.02056884765625
IMG_0028.mp4,1102,36.733333333333334,30.0,625,2,traffic_signs,0.9003598690032959,402.986083984375,531.9547119140625,427.2142333984375,592.2178955078125,415.10015869140625,562.0863037109375,24.2281494140625,60.26318359375
IMG_0028.mp4,1102,36.733333333333334,30.0,636,2,traffic_signs,0.566002607345581,10.443598747253418,599.349609375,25.807201385498047,639.9329223632812,18.125400066375732,619.6412658691406,15.363602638244629,40.58331298828125
IMG_0028.mp4,1102,36.733333333333334,30.0,601,2,traffic_signs,0.5765379667282104,0.0,333.3739929199219,34.497711181640625,469.3223876953125,17.248855590820312,401.3481903076172,34.497711181640625,135.94839477539062
IMG_0028.mp4,1103,36.766666666666666,30.0,511,2,traffic_signs,0.9093029499053955,703.5253295898438,560.1541748046875,751.4969482421875,777.7236328125,727.5111389160156,668.9389038085938,47.97161865234375,217.5694580078125
IMG_0028.mp4,1103,36.766666666666666,30.0,535,2,traffic_signs,0.6083680391311646,1137.9091796875,609.7129516601562,1175.77490234375,649.87353515625,1156.842041015625,629.7932434082031,37.86572265625,40.16058349609375
IMG_0028.mp4,1103,36.766666666666666,30.0,625,2,traffic_signs,0.8816263675689697,398.0669860839844,528.3369140625,423.4206237792969,590.5029907226562,410.7438049316406,559.4199523925781,25.3536376953125,62.16607666015625
IMG_0028.mp4,1103,36.766666666666666,30.0,636,2,traffic_signs,0.7538759708404541,8.779486656188965,597.5867919921875,22.884765625,631.1592407226562,15.832126140594482,614.3730163574219,14.105278968811035,33.57244873046875
IMG_0028.mp4,1103,36.766666666666666,30.0,601,2,traffic_signs,0.7673958539962769,0.0,332.9383850097656,21.042438507080078,459.3292236328125,10.521219253540039,396.13380432128906,21.042438507080078,126.39083862304688
IMG_0028.mp4,1104,36.8,30.0,511,2,traffic_signs,0.8653818368911743,701.2138061523438,559.1517333984375,748.8942260742188,776.7017211914062,725.0540161132812,667.9267272949219,47.680419921875,217.54998779296875
IMG_0028.mp4,1104,36.8,30.0,535,2,traffic_signs,0.5120294690132141,1136.1827392578125,609.8612060546875,1171.65673828125,649.3212890625,1153.9197387695312,629.5912475585938,35.4739990234375,39.4600830078125
IMG_0028.mp4,1104,36.8,30.0,625,2,traffic_signs,0.9051151275634766,393.3553161621094,527.925048828125,418.4866027832031,590.2880859375,405.92095947265625,559.1065673828125,25.13128662109375,62.363037109375
IMG_0028.mp4,1104,36.8,30.0,636,2,traffic_signs,0.7305818200111389,6.560389041900635,597.7085571289062,19.91497802734375,625.0921020507812,13.237683534622192,611.4003295898438,13.354588985443115,27.383544921875
IMG_0028.mp4,1105,36.833333333333336,30.0,511,2,traffic_signs,0.8388163447380066,698.0962524414062,559.3040161132812,745.28125,773.2091674804688,721.6887512207031,666.256591796875,47.18499755859375,213.9051513671875
IMG_0028.mp4,1105,36.833333333333336,30.0,535,2,traffic_signs,0.7782745957374573,1134.5235595703125,610.8137817382812,1171.062255859375,650.4144287109375,1152.7929077148438,630.6141052246094,36.5386962890625,39.60064697265625
IMG_0028.mp4,1105,36.833333333333336,30.0,625,2,traffic_signs,0.8850159645080566,386.2768249511719,527.5062255859375,412.4041748046875,590.1394653320312,399.3404998779297,558.8228454589844,26.127349853515625,62.63323974609375
IMG_0028.mp4,1105,36.833333333333336,30.0,636,2,traffic_signs,0.37964215874671936,0.9688822031021118,598.0108642578125,13.709949493408203,622.0098876953125,7.3394158482551575,610.0103759765625,12.741067290306091,23.9990234375
IMG_0028.mp4,1106,36.86666666666667,30.0,535,2,traffic_signs,0.8533137440681458,1134.05126953125,610.6521606445312,1171.5982666015625,650.7010498046875,1152.8247680664062,630.6766052246094,37.5469970703125,40.04888916015625
IMG_0028.mp4,1106,36.86666666666667,30.0,625,2,traffic_signs,0.9187160730361938,380.24005126953125,527.2972412109375,406.0277404785156,588.46728515625,393.13389587402344,557.8822631835938,25.787689208984375,61.1700439453125
IMG_0028.mp4,1106,36.86666666666667,30.0,636,2,traffic_signs,0.7134870290756226,0.0,596.600830078125,7.699678897857666,621.0077514648438,3.849839448928833,608.8042907714844,7.699678897857666,24.40692138671875
IMG_0028.mp4,1106,36.86666666666667,30.0,652,2,traffic_signs,0.5117013454437256,172.4553985595703,630.8649291992188,191.14654541015625,656.409912109375,181.80097198486328,643.6374206542969,18.691146850585938,25.54498291015625
IMG_0028.mp4,1107,36.9,30.0,535,2,traffic_signs,0.717280387878418,1133.6949462890625,609.1134033203125,1169.3760986328125,648.5902099609375,1151.5355224609375,628.851806640625,35.68115234375,39.476806640625
IMG_0028.mp4,1107,36.9,30.0,625,2,traffic_signs,0.8943920135498047,376.14007568359375,524.2328491210938,401.99139404296875,585.8035278320312,389.06573486328125,555.0181884765625,25.851318359375,61.5706787109375
IMG_0028.mp4,1107,36.9,30.0,511,2,traffic_signs,0.8000079393386841,692.263427734375,555.1426391601562,740.0960693359375,779.5227661132812,716.1797485351562,667.3327026367188,47.8326416015625,224.380126953125
IMG_0028.mp4,1108,36.93333333333333,30.0,535,2,traffic_signs,0.8928943276405334,1131.7677001953125,609.5045166015625,1167.1640625,647.9135131835938,1149.4658813476562,628.7090148925781,35.3963623046875,38.40899658203125
IMG_0028.mp4,1108,36.93333333333333,30.0,625,2,traffic_signs,0.6847109198570251,371.60150146484375,523.4434204101562,397.5,585.2216796875,384.5507507324219,554.3325500488281,25.89849853515625,61.77825927734375
IMG_0028.mp4,1108,36.93333333333333,30.0,511,2,traffic_signs,0.7339847087860107,688.7799072265625,554.8504638671875,737.4990234375,775.1554565429688,713.1394653320312,665.0029602050781,48.7191162109375,220.30499267578125
IMG_0028.mp4,1108,36.93333333333333,30.0,652,2,traffic_signs,0.7255527377128601,166.57472229003906,629.1397094726562,186.4558563232422,652.8458251953125,176.51528930664062,640.9927673339844,19.881134033203125,23.70611572265625
IMG_0028.mp4,1109,36.96666666666667,30.0,535,2,traffic_signs,0.9059237837791443,1130.18212890625,610.2098999023438,1165.7750244140625,648.3274536132812,1147.9785766601562,629.2686767578125,35.5928955078125,38.1175537109375
IMG_0028.mp4,1109,36.96666666666667,30.0,625,2,traffic_signs,0.9125904440879822,365.5130920410156,522.8905029296875,391.87078857421875,585.5411987304688,378.6919403076172,554.2158508300781,26.357696533203125,62.65069580078125
IMG_0028.mp4,1109,36.96666666666667,30.0,511,2,traffic_signs,0.4958237409591675,684.48291015625,555.5438842773438,733.8546752929688,778.7464599609375,709.1687927246094,667.1451721191406,49.37176513671875,223.20257568359375
IMG_0028.mp4,1109,36.96666666666667,30.0,652,2,traffic_signs,0.5520383715629578,161.5706024169922,630.7197265625,182.88327026367188,653.279296875,172.22693634033203,641.99951171875,21.312667846679688,22.5595703125
IMG_0028.mp4,1110,37.0,30.0,535,2,traffic_signs,0.9077760577201843,1129.32373046875,610.435302734375,1165.8369140625,649.2335815429688,1147.580322265625,629.8344421386719,36.51318359375,38.79827880859375
IMG_0028.mp4,1110,37.0,30.0,625,2,traffic_signs,0.8558400869369507,359.1832580566406,522.1646728515625,385.7345275878906,584.6832885742188,372.4588928222656,553.4239807128906,26.55126953125,62.51861572265625
IMG_0028.mp4,1110,37.0,30.0,511,2,traffic_signs,0.8570655584335327,679.884033203125,555.656494140625,729.90234375,776.5488891601562,704.8931884765625,666.1026916503906,50.018310546875,220.89239501953125
IMG_0028.mp4,1111,37.03333333333333,30.0,535,2,traffic_signs,0.913677453994751,1129.0341796875,609.213623046875,1166.3294677734375,648.9148559570312,1147.6818237304688,629.0642395019531,37.2952880859375,39.70123291015625
IMG_0028.mp4,1111,37.03333333333333,30.0,625,2,traffic_signs,0.7980140447616577,352.93798828125,519.8538818359375,380.1177978515625,582.4827270507812,366.52789306640625,551.1683044433594,27.1798095703125,62.62884521484375
IMG_0028.mp4,1111,37.03333333333333,30.0,511,2,traffic_signs,0.8219177722930908,676.676025390625,553.617919921875,726.9393310546875,785.8167114257812,701.8076782226562,669.7173156738281,50.2633056640625,232.19879150390625
IMG_0028.mp4,1112,37.06666666666667,30.0,535,2,traffic_signs,0.9031047821044922,1128.7459716796875,607.1185913085938,1167.084228515625,647.1172485351562,1147.9151000976562,627.117919921875,38.3382568359375,39.9986572265625
IMG_0028.mp4,1112,37.06666666666667,30.0,625,2,traffic_signs,0.9057462811470032,348.9304504394531,516.8885498046875,376.3140869140625,579.9155883789062,362.6222686767578,548.4020690917969,27.383636474609375,63.02703857421875
IMG_0028.mp4,1112,37.06666666666667,30.0,511,2,traffic_signs,0.7099789381027222,674.857666015625,552.1736450195312,724.9788208007812,765.4185791015625,699.9182434082031,658.7961120605469,50.12115478515625,213.24493408203125
IMG_0028.mp4,1113,37.1,30.0,535,2,traffic_signs,0.8925222754478455,1127.8216552734375,606.8374633789062,1166.8052978515625,647.2262573242188,1147.3134765625,627.0318603515625,38.983642578125,40.3887939453125
IMG_0028.mp4,1113,37.1,30.0,625,2,traffic_signs,0.9236159324645996,344.7983703613281,515.7501220703125,371.9611511230469,579.557861328125,358.3797607421875,547.6539916992188,27.16278076171875,63.8077392578125
IMG_0028.mp4,1113,37.1,30.0,511,2,traffic_signs,0.32149025797843933,673.1263427734375,551.3897094726562,723.0896606445312,761.197265625,698.1080017089844,656.2934875488281,49.96331787109375,209.80755615234375
IMG_0028.mp4,1114,37.13333333333333,30.0,535,2,traffic_signs,0.9035380482673645,1126.778564453125,606.7838745117188,1166.2344970703125,647.4411010742188,1146.5065307617188,627.1124877929688,39.4559326171875,40.6572265625
IMG_0028.mp4,1114,37.13333333333333,30.0,625,2,traffic_signs,0.908266544342041,339.1481628417969,515.2232666015625,366.6569519042969,579.7483520507812,352.9025573730469,547.4858093261719,27.5087890625,64.52508544921875
IMG_0028.mp4,1114,37.13333333333333,30.0,511,2,traffic_signs,0.7246062159538269,669.3070678710938,551.6666870117188,720.5761108398438,748.8938598632812,694.9415893554688,650.2802734375,51.26904296875,197.2271728515625
IMG_0028.mp4,1115,37.166666666666664,30.0,535,2,traffic_signs,0.9079142212867737,1126.18994140625,608.0263061523438,1166.2213134765625,649.1199951171875,1146.2056274414062,628.5731506347656,40.0313720703125,41.09368896484375
IMG_0028.mp4,1115,37.166666666666664,30.0,625,2,traffic_signs,0.9228251576423645,333.12188720703125,515.4451293945312,361.16851806640625,580.754150390625,347.14520263671875,548.0996398925781,28.046630859375,65.30902099609375
IMG_0028.mp4,1115,37.166666666666664,30.0,511,2,traffic_signs,0.8986243605613708,666.6104736328125,551.1196899414062,717.3692016601562,769.0057983398438,691.9898376464844,660.062744140625,50.75872802734375,217.8861083984375
IMG_0028.mp4,1116,37.2,30.0,535,2,traffic_signs,0.910662055015564,1126.0975341796875,607.5475463867188,1165.8919677734375,649.0861206054688,1145.9947509765625,628.3168334960938,39.79443359375,41.53857421875
IMG_0028.mp4,1116,37.2,30.0,625,2,traffic_signs,0.8926827907562256,326.0975036621094,513.6680908203125,354.7508850097656,579.8190307617188,340.4241943359375,546.7435607910156,28.65338134765625,66.15093994140625
IMG_0028.mp4,1116,37.2,30.0,511,2,traffic_signs,0.8523871898651123,663.0997924804688,549.3720092773438,714.6257934570312,778.3723754882812,688.86279296875,663.8721923828125,51.5260009765625,229.0003662109375
IMG_0028.mp4,1117,37.233333333333334,30.0,535,2,traffic_signs,0.8785978555679321,1126.252197265625,605.9290161132812,1166.35546875,647.0255737304688,1146.3038330078125,626.477294921875,40.103271484375,41.0965576171875
IMG_0028.mp4,1117,37.233333333333334,30.0,625,2,traffic_signs,0.91496741771698,321.1878662109375,510.30462646484375,350.6418151855469,577.34130859375,335.9148406982422,543.8229675292969,29.453948974609375,67.03668212890625
IMG_0028.mp4,1117,37.233333333333334,30.0,511,2,traffic_signs,0.5271447896957397,660.637939453125,547.1007690429688,713.5834350585938,781.6536865234375,687.1106872558594,664.3772277832031,52.94549560546875,234.55291748046875
IMG_0028.mp4,1117,37.233333333333334,30.0,657,2,traffic_signs,0.46921348571777344,660.9447021484375,547.06591796875,713.9354858398438,784.9736328125,687.4400939941406,666.019775390625,52.99078369140625,237.90771484375
IMG_0028.mp4,1117,37.233333333333334,30.0,652,2,traffic_signs,0.32293257117271423,135.38059997558594,627.9143676757812,156.99012756347656,649.49658203125,146.18536376953125,638.7054748535156,21.609527587890625,21.58221435546875
IMG_0028.mp4,1118,37.266666666666666,30.0,535,2,traffic_signs,0.871228039264679,1125.5792236328125,605.2313232421875,1166.30908203125,646.3206176757812,1145.9441528320312,625.7759704589844,40.7298583984375,41.08929443359375
IMG_0028.mp4,1118,37.266666666666666,30.0,625,2,traffic_signs,0.9044815897941589,317.34014892578125,508.4747619628906,346.81915283203125,575.7643432617188,332.07965087890625,542.1195526123047,29.47900390625,67.28958129882812
IMG_0028.mp4,1118,37.266666666666666,30.0,511,2,traffic_signs,0.5273424386978149,658.322998046875,545.976806640625,711.032470703125,781.2816162109375,684.677734375,663.6292114257812,52.70947265625,235.3048095703125
IMG_0028.mp4,1119,37.3,30.0,535,2,traffic_signs,0.8790905475616455,1125.3096923828125,605.535400390625,1166.4283447265625,646.4189453125,1145.8690185546875,625.9771728515625,41.11865234375,40.883544921875
IMG_0028.mp4,1119,37.3,30.0,625,2,traffic_signs,0.8973271250724792,312.90789794921875,508.3312072753906,342.36663818359375,575.6602783203125,327.63726806640625,541.9957427978516,29.458740234375,67.32907104492188
IMG_0028.mp4,1119,37.3,30.0,511,2,traffic_signs,0.742030143737793,655.5143432617188,545.9315795898438,708.1210327148438,777.0936889648438,681.8176879882812,661.5126342773438,52.606689453125,231.162109375
IMG_0028.mp4,1120,37.333333333333336,30.0,535,2,traffic_signs,0.8585798740386963,1125.3875732421875,605.2847900390625,1166.626708984375,646.3928833007812,1146.0071411132812,625.8388366699219,41.2391357421875,41.10809326171875
IMG_0028.mp4,1120,37.333333333333336,30.0,625,2,traffic_signs,0.8676397204399109,307.5159606933594,507.1867980957031,337.17413330078125,574.8831176757812,322.3450469970703,541.0349578857422,29.658172607421875,67.69631958007812
IMG_0028.mp4,1120,37.333333333333336,30.0,511,2,traffic_signs,0.7137869000434875,653.3714599609375,545.4688110351562,705.317138671875,775.9741821289062,679.3442993164062,660.7214965820312,51.9456787109375,230.50537109375
IMG_0028.mp4,1121,37.36666666666667,30.0,535,2,traffic_signs,0.8719428181648254,1125.5987548828125,605.7517700195312,1167.0955810546875,647.03759765625,1146.34716796875,626.3946838378906,41.496826171875,41.28582763671875
IMG_0028.mp4,1121,37.36666666666667,30.0,625,2,traffic_signs,0.5991998314857483,301.64111328125,506.4980773925781,331.2326354980469,573.8741455078125,316.43687438964844,540.1861114501953,29.591522216796875,67.37606811523438
IMG_0028.mp4,1121,37.36666666666667,30.0,511,2,traffic_signs,0.7982841730117798,651.1685180664062,545.1328125,702.9695434570312,782.11083984375,677.0690307617188,663.621826171875,51.801025390625,236.97802734375
IMG_0028.mp4,1122,37.4,30.0,535,2,traffic_signs,0.8740593194961548,1126.049072265625,605.9229736328125,1167.2147216796875,647.6365356445312,1146.6318969726562,626.7797546386719,41.1656494140625,41.71356201171875
IMG_0028.mp4,1122,37.4,30.0,625,2,traffic_signs,0.8176612257957458,297.0101318359375,504.050048828125,326.9722595214844,573.5819091796875,311.99119567871094,538.8159790039062,29.962127685546875,69.5318603515625
IMG_0028.mp4,1122,37.4,30.0,511,2,traffic_signs,0.787407398223877,649.4544677734375,544.0084838867188,700.788818359375,785.9044189453125,675.1216430664062,664.9564514160156,51.3343505859375,241.89593505859375
IMG_0028.mp4,1122,37.4,30.0,652,2,traffic_signs,0.33912160992622375,123.04318237304688,626.903076171875,143.52882385253906,648.6339721679688,133.28600311279297,637.7685241699219,20.485641479492188,21.73089599609375
IMG_0028.mp4,1123,37.43333333333333,30.0,535,2,traffic_signs,0.8559322953224182,1126.37744140625,605.1929321289062,1167.983154296875,647.0906372070312,1147.1802978515625,626.1417846679688,41.605712890625,41.897705078125
IMG_0028.mp4,1123,37.43333333333333,30.0,625,2,traffic_signs,0.8944165110588074,291.9798278808594,501.00439453125,322.4791259765625,571.4442749023438,307.22947692871094,536.2243347167969,30.499298095703125,70.43988037109375
IMG_0028.mp4,1123,37.43333333333333,30.0,511,2,traffic_signs,0.7801934480667114,646.9526977539062,542.5656127929688,699.3589477539062,787.57177734375,673.1558227539062,665.0686950683594,52.40625,245.00616455078125
IMG_0028.mp4,1124,37.46666666666667,30.0,535,2,traffic_signs,0.8486638069152832,1126.6260986328125,604.5772094726562,1168.7772216796875,646.5782470703125,1147.70166015625,625.5777282714844,42.151123046875,42.00103759765625
IMG_0028.mp4,1124,37.46666666666667,30.0,625,2,traffic_signs,0.9053634405136108,287.2743835449219,498.66064453125,318.2126159667969,568.7808837890625,302.7434997558594,533.7207641601562,30.938232421875,70.1202392578125
IMG_0028.mp4,1124,37.46666666666667,30.0,511,2,traffic_signs,0.6944847702980042,644.7365112304688,540.9411010742188,697.6375122070312,786.55517578125,671.18701171875,663.7481384277344,52.9010009765625,245.61407470703125
IMG_0028.mp4,1125,37.5,30.0,625,2,traffic_signs,0.9134257435798645,283.2770690917969,495.95904541015625,314.7010803222656,565.259033203125,298.98907470703125,530.6090393066406,31.42401123046875,69.29998779296875
IMG_0028.mp4,1125,37.5,30.0,511,2,traffic_signs,0.576534628868103,643.5511474609375,538.2825317382812,696.0601196289062,785.62744140625,669.8056335449219,661.9549865722656,52.50897216796875,247.34490966796875
IMG_0028.mp4,1126,37.53333333333333,30.0,625,2,traffic_signs,0.9190798401832581,279.43524169921875,493.9191589355469,310.6031494140625,563.1162109375,295.0191955566406,528.5176849365234,31.16790771484375,69.19705200195312
IMG_0028.mp4,1126,37.53333333333333,30.0,511,2,traffic_signs,0.38735994696617126,642.5112915039062,536.8136596679688,694.8488159179688,782.4866943359375,668.6800537109375,659.6501770019531,52.3375244140625,245.67303466796875
IMG_0028.mp4,1126,37.53333333333333,30.0,535,2,traffic_signs,0.5928876399993896,1127.774169921875,602.7201538085938,1169.593505859375,644.2201538085938,1148.683837890625,623.4701538085938,41.8193359375,41.5
IMG_0028.mp4,1127,37.56666666666667,30.0,625,2,traffic_signs,0.9148183465003967,275.1568603515625,493.1352233886719,305.97601318359375,562.06005859375,290.5664367675781,527.5976409912109,30.81915283203125,68.92483520507812
IMG_0028.mp4,1127,37.56666666666667,30.0,535,2,traffic_signs,0.5294660329818726,1129.372802734375,603.1445922851562,1170.41552734375,644.7152099609375,1149.8941650390625,623.9299011230469,41.042724609375,41.57061767578125
IMG_0028.mp4,1128,37.6,30.0,625,2,traffic_signs,0.8996762037277222,269.7921142578125,492.259521484375,300.56121826171875,560.736572265625,285.1766662597656,526.498046875,30.76910400390625,68.47705078125
IMG_0028.mp4,1128,37.6,30.0,535,2,traffic_signs,0.5464826226234436,1130.64697265625,603.3013305664062,1171.0416259765625,644.8455200195312,1150.8442993164062,624.0734252929688,40.3946533203125,41.544189453125
IMG_0028.mp4,1129,37.63333333333333,30.0,625,2,traffic_signs,0.8530117273330688,264.3078918457031,491.0432434082031,296.14447021484375,560.0941162109375,280.22618103027344,525.5686798095703,31.836578369140625,69.05087280273438
IMG_0028.mp4,1129,37.63333333333333,30.0,535,2,traffic_signs,0.6796550154685974,1131.361328125,603.2228393554688,1171.896484375,645.24169921875,1151.62890625,624.2322692871094,40.53515625,42.01885986328125
IMG_0028.mp4,1130,37.666666666666664,30.0,625,2,traffic_signs,0.873741865158081,259.25262451171875,488.677490234375,291.5848693847656,559.1316528320312,275.4187469482422,523.9045715332031,32.332244873046875,70.45416259765625
IMG_0028.mp4,1130,37.666666666666664,30.0,535,2,traffic_signs,0.6240988969802856,1131.433349609375,602.8379516601562,1173.402587890625,644.9112548828125,1152.41796875,623.8746032714844,41.96923828125,42.07330322265625
IMG_0028.mp4,1130,37.666666666666664,30.0,511,2,traffic_signs,0.5126342177391052,633.5210571289062,534.9774169921875,688.987060546875,795.8995361328125,661.2540588378906,665.4384765625,55.46600341796875,260.922119140625
IMG_0028.mp4,1131,37.7,30.0,625,2,traffic_signs,0.9290353059768677,254.42547607421875,486.68280029296875,286.8952941894531,557.2743530273438,270.66038513183594,521.9785766601562,32.469818115234375,70.591552734375
IMG_0028.mp4,1131,37.7,30.0,535,2,traffic_signs,0.6216290593147278,1132.6279296875,602.368896484375,1174.663330078125,644.4456176757812,1153.6456298828125,623.4072570800781,42.035400390625,42.07672119140625
IMG_0028.mp4,1131,37.7,30.0,511,2,traffic_signs,0.4029107391834259,631.1021728515625,533.8311157226562,687.7018432617188,798.9984741210938,659.4020080566406,666.414794921875,56.59967041015625,265.1673583984375
IMG_0028.mp4,1132,37.733333333333334,30.0,625,2,traffic_signs,0.9269056916236877,249.95526123046875,484.4842834472656,282.4429016113281,555.779052734375,266.19908142089844,520.1316680908203,32.487640380859375,71.29476928710938
IMG_0028.mp4,1132,37.733333333333334,30.0,535,2,traffic_signs,0.585867702960968,1134.4207763671875,601.207275390625,1176.068603515625,643.4176025390625,1155.2446899414062,622.3124389648438,41.6478271484375,42.2103271484375
IMG_0028.mp4,1132,37.733333333333334,30.0,511,2,traffic_signs,0.3294813632965088,630.2185668945312,532.7066650390625,686.6533813476562,794.4741821289062,658.4359741210938,663.5904235839844,56.434814453125,261.76751708984375
IMG_0028.mp4,1133,37.766666666666666,30.0,625,2,traffic_signs,0.9206016659736633,245.31069946289062,482.0875549316406,278.6965637207031,553.3983154296875,262.0036315917969,517.7429351806641,33.3858642578125,71.31076049804688
IMG_0028.mp4,1133,37.766666666666666,30.0,535,2,traffic_signs,0.30886581540107727,1136.7294921875,600.2986450195312,1176.9091796875,641.57568359375,1156.8193359375,620.9371643066406,40.1796875,41.27703857421875
IMG_0028.mp4,1133,37.766666666666666,30.0,511,2,traffic_signs,0.3350691795349121,628.8318481445312,531.0131225585938,685.277099609375,795.7412719726562,657.0544738769531,663.377197265625,56.44525146484375,264.7281494140625
IMG_0028.mp4,1134,37.8,30.0,625,2,traffic_signs,0.9121991395950317,241.0459442138672,479.4436340332031,274.2941589355469,551.379150390625,257.67005157470703,515.4113922119141,33.24821472167969,71.93551635742188
IMG_0028.mp4,1134,37.8,30.0,535,2,traffic_signs,0.3867334723472595,1138.029296875,599.5221557617188,1178.200927734375,641.257080078125,1158.1151123046875,620.3896179199219,40.171630859375,41.73492431640625
IMG_0028.mp4,1134,37.8,30.0,511,2,traffic_signs,0.32009443640708923,627.7284545898438,529.906005859375,684.1819458007812,788.556640625,655.9552001953125,659.2313232421875,56.4534912109375,258.650634765625
IMG_0028.mp4,1135,37.833333333333336,30.0,625,2,traffic_signs,0.5503994822502136,236.15158081054688,478.230712890625,270.63250732421875,549.5762329101562,253.3920440673828,513.9034729003906,34.480926513671875,71.34552001953125
IMG_0028.mp4,1135,37.833333333333336,30.0,535,2,traffic_signs,0.324398398399353,1138.4798583984375,599.1192016601562,1180.4871826171875,640.9794311523438,1159.4835205078125,620.04931640625,42.00732421875,41.8602294921875
IMG_0028.mp4,1136,37.86666666666667,30.0,625,2,traffic_signs,0.9280168414115906,232.29881286621094,476.8016662597656,267.34185791015625,547.6143188476562,249.8203353881836,512.2079925537109,35.04304504394531,70.81265258789062
IMG_0028.mp4,1136,37.86666666666667,30.0,535,2,traffic_signs,0.36075422167778015,1138.7498779296875,599.0093383789062,1182.478271484375,640.8571166992188,1160.6140747070312,619.9332275390625,43.7283935546875,41.8477783203125
IMG_0028.mp4,1137,37.9,30.0,625,2,traffic_signs,0.9213719367980957,226.4944305419922,475.51873779296875,260.9803161621094,546.460693359375,243.73737335205078,510.9897155761719,34.48588562011719,70.94195556640625
IMG_0028.mp4,1137,37.9,30.0,535,2,traffic_signs,0.44318029284477234,1139.7794189453125,599.5777587890625,1184.3270263671875,641.5330810546875,1162.05322265625,620.555419921875,44.547607421875,41.955322265625
IMG_0028.mp4,1138,37.93333333333333,30.0,625,2,traffic_signs,0.9185869097709656,220.58880615234375,474.37835693359375,255.9039764404297,545.9367065429688,238.24639129638672,510.15753173828125,35.31517028808594,71.558349609375
IMG_0028.mp4,1138,37.93333333333333,30.0,535,2,traffic_signs,0.6581978797912598,1143.0755615234375,599.812744140625,1185.499267578125,643.2294311523438,1164.2874145507812,621.5210876464844,42.4237060546875,43.41668701171875
IMG_0028.mp4,1139,37.96666666666667,30.0,625,2,traffic_signs,0.9246484041213989,215.80349731445312,471.4471435546875,250.99305725097656,543.4957275390625,233.39827728271484,507.471435546875,35.18955993652344,72.048583984375
IMG_0028.mp4,1139,37.96666666666667,30.0,535,2,traffic_signs,0.8766568899154663,1144.492431640625,598.4498291015625,1187.317626953125,642.0813598632812,1165.905029296875,620.2655944824219,42.8251953125,43.63153076171875
IMG_0028.mp4,1140,38.0,30.0,625,2,traffic_signs,0.9068407416343689,211.20530700683594,468.8200378417969,247.14759826660156,540.868896484375,229.17645263671875,504.84446716308594,35.942291259765625,72.04885864257812
IMG_0028.mp4,1140,38.0,30.0,535,2,traffic_signs,0.8607987761497498,1146.40625,597.4921875,1188.8592529296875,640.8427124023438,1167.6327514648438,619.1674499511719,42.4530029296875,43.35052490234375
IMG_0028.mp4,1141,38.03333333333333,30.0,625,2,traffic_signs,0.9089967012405396,206.8486328125,465.052734375,244.05810546875,538.0801391601562,225.453369140625,501.5664367675781,37.20947265625,73.02740478515625
IMG_0028.mp4,1141,38.03333333333333,30.0,535,2,traffic_signs,0.780846118927002,1149.10986328125,595.3292236328125,1191.6749267578125,639.1859741210938,1170.3923950195312,617.2575988769531,42.5650634765625,43.85675048828125
IMG_0028.mp4,1142,38.06666666666667,30.0,625,2,traffic_signs,0.9015413522720337,204.22035217285156,464.0263671875,242.1293182373047,536.7088012695312,223.17483520507812,500.3675842285156,37.908966064453125,72.68243408203125
IMG_0028.mp4,1142,38.06666666666667,30.0,535,2,traffic_signs,0.74537593126297,1150.59375,594.7182006835938,1193.4967041015625,639.0316772460938,1172.0452270507812,616.8749389648438,42.9029541015625,44.3134765625
IMG_0028.mp4,1143,38.1,30.0,625,2,traffic_signs,0.9296680688858032,201.0288543701172,462.20074462890625,238.8678436279297,535.680908203125,219.94834899902344,498.9408264160156,37.8389892578125,73.48016357421875
IMG_0028.mp4,1143,38.1,30.0,535,2,traffic_signs,0.7549490332603455,1152.409423828125,595.0963134765625,1194.1304931640625,639.0738525390625,1173.2699584960938,617.0850830078125,41.7210693359375,43.9775390625
IMG_0028.mp4,1144,38.13333333333333,30.0,625,2,traffic_signs,0.9301316142082214,195.96990966796875,460.39447021484375,233.92611694335938,534.5535888671875,214.94801330566406,497.4740295410156,37.956207275390625,74.15911865234375
IMG_0028.mp4,1144,38.13333333333333,30.0,535,2,traffic_signs,0.7058543562889099,1154.117919921875,595.4893798828125,1197.1571044921875,639.2752075195312,1175.6375122070312,617.3822937011719,43.0391845703125,43.78582763671875
IMG_0028.mp4,1145,38.166666666666664,30.0,625,2,traffic_signs,0.9358361959457397,191.58242797851562,458.0704650878906,229.3983917236328,533.099609375,210.49040985107422,495.5850372314453,37.81596374511719,75.02914428710938
IMG_0028.mp4,1145,38.166666666666664,30.0,535,2,traffic_signs,0.8544002771377563,1155.4921875,595.333984375,1199.72119140625,639.4863891601562,1177.606689453125,617.4101867675781,44.22900390625,44.15240478515625
IMG_0028.mp4,1145,38.166666666666664,30.0,652,2,traffic_signs,0.5055673718452454,94.59493255615234,617.7052612304688,115.29084777832031,640.2996215820312,104.94289016723633,629.00244140625,20.69591522216797,22.5943603515625
IMG_0028.mp4,1146,38.2,30.0,625,2,traffic_signs,0.9196004271507263,187.3653564453125,454.9869689941406,225.3644256591797,530.6676635742188,206.3648910522461,492.8273162841797,37.99906921386719,75.68069458007812
IMG_0028.mp4,1146,38.2,30.0,535,2,traffic_signs,0.6987593770027161,1158.3681640625,594.8470458984375,1203.6719970703125,638.9842529296875,1181.0200805664062,616.9156494140625,45.3038330078125,44.13720703125
IMG_0028.mp4,1146,38.2,30.0,652,2,traffic_signs,0.6279088854789734,93.43732452392578,616.7994384765625,114.64088439941406,640.4785766601562,104.03910446166992,628.6390075683594,21.20355987548828,23.67913818359375
IMG_0028.mp4,1147,38.233333333333334,30.0,625,2,traffic_signs,0.9093393087387085,182.96473693847656,451.03564453125,222.86886596679688,527.8497924804688,202.91680145263672,489.4427185058594,39.90412902832031,76.81414794921875
IMG_0028.mp4,1147,38.233333333333334,30.0,535,2,traffic_signs,0.3484298884868622,1161.26318359375,593.3795776367188,1207.4107666015625,637.6944580078125,1184.3369750976562,615.5370178222656,46.1475830078125,44.31488037109375
IMG_0028.mp4,1147,38.233333333333334,30.0,652,2,traffic_signs,0.6183526515960693,93.57596588134766,613.7973022460938,114.91034698486328,639.1909790039062,104.24315643310547,626.494140625,21.334381103515625,25.3936767578125
IMG_0028.mp4,1148,38.266666666666666,30.0,625,2,traffic_signs,0.9400941729545593,179.97842407226562,448.7154846191406,220.8162078857422,526.0719604492188,200.3973159790039,487.3937225341797,40.83778381347656,77.35647583007812
IMG_0028.mp4,1148,38.266666666666666,30.0,535,2,traffic_signs,0.3549152612686157,1164.350830078125,591.1752319335938,1210.1497802734375,636.6685791015625,1187.2503051757812,613.9219055175781,45.7989501953125,45.49334716796875
IMG_0028.mp4,1148,38.266666666666666,30.0,652,2,traffic_signs,0.28717395663261414,94.70848083496094,612.5316162109375,115.77920532226562,638.5396118164062,105.24384307861328,625.5356140136719,21.070724487304688,26.00799560546875
IMG_0028.mp4,1149,38.3,30.0,625,2,traffic_signs,0.9372103214263916,177.55426025390625,446.4120178222656,218.1149139404297,524.4009399414062,197.83458709716797,485.40647888183594,40.56065368652344,77.98892211914062
IMG_0028.mp4,1149,38.3,30.0,535,2,traffic_signs,0.6975407004356384,1165.5291748046875,589.692138671875,1212.9215087890625,636.265380859375,1189.225341796875,612.978759765625,47.392333984375,46.5732421875
IMG_0028.mp4,1149,38.3,30.0,652,2,traffic_signs,0.26825234293937683,95.99279022216797,612.0515747070312,117.10861206054688,637.8585815429688,106.55070114135742,624.955078125,21.115821838378906,25.8070068359375
IMG_0028.mp4,1149,38.3,30.0,661,2,traffic_signs,0.4804939329624176,614.5213012695312,512.6126708984375,676.872314453125,573.6143188476562,645.6968078613281,543.1134948730469,62.35101318359375,61.00164794921875
IMG_0028.mp4,1150,38.333333333333336,30.0,625,2,traffic_signs,0.9372966289520264,174.68714904785156,443.7525634765625,214.87814331054688,522.803466796875,194.78264617919922,483.27801513671875,40.19099426269531,79.0509033203125
IMG_0028.mp4,1150,38.333333333333336,30.0,535,2,traffic_signs,0.7614755034446716,1168.052978515625,588.7321166992188,1215.0733642578125,635.8089599609375,1191.5631713867188,612.2705383300781,47.0203857421875,47.07684326171875
IMG_0028.mp4,1150,38.333333333333336,30.0,652,2,traffic_signs,0.6030312776565552,96.70162963867188,611.678955078125,118.09109497070312,637.4112548828125,107.3963623046875,624.5451049804688,21.38946533203125,25.7322998046875
IMG_0028.mp4,1150,38.333333333333336,30.0,661,2,traffic_signs,0.5075525045394897,614.9909057617188,510.9394226074219,677.7739868164062,573.397216796875,646.3824462890625,542.1683197021484,62.7830810546875,62.457794189453125
IMG_0028.mp4,1151,38.36666666666667,30.0,625,2,traffic_signs,0.93349289894104,170.47080993652344,442.579345703125,210.92816162109375,521.2304077148438,190.6994857788086,481.9048767089844,40.45735168457031,78.65106201171875
IMG_0028.mp4,1151,38.36666666666667,30.0,652,2,traffic_signs,0.39939647912979126,96.67853546142578,611.8513793945312,118.68037414550781,637.294677734375,107.6794548034668,624.5730285644531,22.00183868408203,25.44329833984375
IMG_0028.mp4,1152,38.4,30.0,625,2,traffic_signs,0.9374906420707703,166.51431274414062,440.2720947265625,207.7356719970703,519.5697631835938,187.12499237060547,479.9209289550781,41.22135925292969,79.29766845703125
IMG_0028.mp4,1152,38.4,30.0,535,2,traffic_signs,0.4468395411968231,1175.8924560546875,588.9468383789062,1220.316650390625,635.61767578125,1198.1045532226562,612.2822570800781,44.4241943359375,46.67083740234375
IMG_0028.mp4,1153,38.43333333333333,30.0,625,2,traffic_signs,0.8913983106613159,162.25775146484375,436.83026123046875,203.728759765625,517.7440185546875,182.99325561523438,477.2871398925781,41.47100830078125,80.91375732421875
IMG_0028.mp4,1153,38.43333333333333,30.0,535,2,traffic_signs,0.6633778810501099,1178.537841796875,587.8941040039062,1225.037841796875,635.6320190429688,1201.787841796875,611.7630615234375,46.5,47.7379150390625
IMG_0028.mp4,1153,38.43333333333333,30.0,661,2,traffic_signs,0.26848819851875305,615.2778930664062,506.61651611328125,678.5582885742188,571.7005615234375,646.9180908203125,539.1585388183594,63.2803955078125,65.08404541015625
IMG_0028.mp4,1154,38.46666666666667,30.0,625,2,traffic_signs,0.46211037039756775,158.01341247558594,433.04473876953125,200.29879760742188,515.1809692382812,179.1561050415039,474.11285400390625,42.28538513183594,82.13623046875
IMG_0028.mp4,1154,38.46666666666667,30.0,535,2,traffic_signs,0.5196077227592468,1181.4652099609375,586.2420043945312,1229.859375,634.6978759765625,1205.6622924804688,610.4699401855469,48.3941650390625,48.45587158203125
IMG_0028.mp4,1155,38.5,30.0,625,2,traffic_signs,0.9079084396362305,155.4306640625,430.7019958496094,198.96649169921875,512.3973999023438,177.19857788085938,471.54969787597656,43.53582763671875,81.69540405273438
IMG_0028.mp4,1156,38.53333333333333,30.0,625,2,traffic_signs,0.9106893539428711,152.91232299804688,428.5871887207031,197.23529052734375,510.9916687011719,175.0738067626953,469.7894287109375,44.322967529296875,82.40447998046875
IMG_0028.mp4,1156,38.53333333333333,30.0,535,2,traffic_signs,0.624748170375824,1192.175048828125,585.6937255859375,1236.3292236328125,632.9512329101562,1214.2521362304688,609.3224792480469,44.1541748046875,47.25750732421875
IMG_0028.mp4,1157,38.56666666666667,30.0,625,2,traffic_signs,0.8990769386291504,149.260009765625,426.01287841796875,193.3212432861328,509.7892761230469,171.2906265258789,467.9010772705078,44.06123352050781,83.77639770507812
IMG_0028.mp4,1157,38.56666666666667,30.0,535,2,traffic_signs,0.5011892318725586,1193.868408203125,586.6141357421875,1237.582763671875,633.1243286132812,1215.7255859375,609.8692321777344,43.71435546875,46.51019287109375
IMG_0028.mp4,1158,38.6,30.0,625,2,traffic_signs,0.5956724286079407,142.96517944335938,425.0796813964844,187.8768768310547,509.48504638671875,165.42102813720703,467.28236389160156,44.91169738769531,84.40536499023438
IMG_0028.mp4,1159,38.63333333333333,30.0,625,2,traffic_signs,0.8354673981666565,137.74583435058594,421.7274169921875,184.92356872558594,508.07391357421875,161.33470153808594,464.9006652832031,47.177734375,86.34649658203125
IMG_0028.mp4,1159,38.63333333333333,30.0,665,2,traffic_signs,0.4495307207107544,415.95599365234375,635.1762084960938,434.7396240234375,648.4008178710938,425.3478088378906,641.7885131835938,18.78363037109375,13.224609375
IMG_0028.mp4,1159,38.63333333333333,30.0,535,2,traffic_signs,0.3644058406352997,1203.2376708984375,586.8983764648438,1247.8970947265625,633.23388671875,1225.5673828125,610.0661315917969,44.659423828125,46.33551025390625
IMG_0028.mp4,1160,38.666666666666664,30.0,625,2,traffic_signs,0.6283755898475647,136.27923583984375,418.2569580078125,183.47410583496094,505.0455627441406,159.87667083740234,461.65126037597656,47.19486999511719,86.78860473632812
IMG_0028.mp4,1161,38.7,30.0,625,2,traffic_signs,0.6195319890975952,134.81529235839844,414.9433288574219,182.41552734375,503.0905456542969,158.61540985107422,459.0169372558594,47.60023498535156,88.147216796875
IMG_0028.mp4,1161,38.7,30.0,666,2,traffic_signs,0.46901556849479675,135.6542510986328,415.7843322753906,183.03610229492188,503.05426025390625,159.34517669677734,459.41929626464844,47.38185119628906,87.26992797851562
IMG_0028.mp4,1162,38.733333333333334,30.0,625,2,traffic_signs,0.8371723890304565,131.7021484375,413.22161865234375,179.8013153076172,502.16845703125,155.7517318725586,457.6950378417969,48.09916687011719,88.94683837890625
IMG_0028.mp4,1162,38.733333333333334,30.0,661,2,traffic_signs,0.2798020541667938,619.036376953125,493.93853759765625,688.3109741210938,562.2235717773438,653.6736755371094,528.0810546875,69.27459716796875,68.2850341796875
IMG_0028.mp4,1163,38.766666666666666,30.0,625,2,traffic_signs,0.9092905521392822,127.00761413574219,411.6804504394531,175.35800170898438,501.8249206542969,151.18280792236328,456.752685546875,48.35038757324219,90.14447021484375
IMG_0028.mp4,1164,38.8,30.0,625,2,traffic_signs,0.9130996465682983,123.8272705078125,409.1159973144531,172.0605010986328,499.67279052734375,147.94388580322266,454.39439392089844,48.23323059082031,90.55679321289062
IMG_0028.mp4,1164,38.8,30.0,661,2,traffic_signs,0.3518828749656677,620.9635009765625,491.3008728027344,690.9199829101562,561.7818603515625,655.9417419433594,526.5413665771484,69.95648193359375,70.48098754882812
IMG_0028.mp4,1165,38.833333333333336,30.0,625,2,traffic_signs,0.9152618050575256,123.12974548339844,406.069580078125,172.16407775878906,496.3538818359375,147.64691162109375,451.21173095703125,49.034332275390625,90.2843017578125
IMG_0028.mp4,1165,38.833333333333336,30.0,665,2,traffic_signs,0.7272912859916687,432.9888916015625,632.4163208007812,448.7594909667969,647.3703002929688,440.8741912841797,639.893310546875,15.770599365234375,14.9539794921875
IMG_0028.mp4,1166,38.86666666666667,30.0,625,2,traffic_signs,0.9191676378250122,122.40487670898438,405.43115234375,171.22964477539062,495.5897216796875,146.8172607421875,450.51043701171875,48.82476806640625,90.1585693359375
IMG_0028.mp4,1166,38.86666666666667,30.0,665,2,traffic_signs,0.5350663661956787,437.20355224609375,633.7369995117188,452.6354064941406,647.7014770507812,444.9194793701172,640.71923828125,15.431854248046875,13.9644775390625
IMG_0028.mp4,1167,38.9,30.0,625,2,traffic_signs,0.9290866255760193,118.78248596191406,403.7315979003906,167.98260498046875,494.3460388183594,143.3825454711914,449.038818359375,49.20011901855469,90.61444091796875
IMG_0028.mp4,1167,38.9,30.0,665,2,traffic_signs,0.6888667345046997,439.13470458984375,634.1390991210938,455.06976318359375,648.2164916992188,447.10223388671875,641.1777954101562,15.93505859375,14.077392578125
IMG_0028.mp4,1167,38.9,30.0,535,2,traffic_signs,0.29115593433380127,1239.430419921875,582.92041015625,1280.30322265625,631.9193115234375,1259.8668212890625,607.4198608398438,40.872802734375,48.9989013671875
IMG_0028.mp4,1168,38.93333333333333,30.0,625,2,traffic_signs,0.9273842573165894,116.76026153564453,401.58685302734375,167.04010009765625,493.16815185546875,141.9001808166504,447.37750244140625,50.27983856201172,91.581298828125
IMG_0028.mp4,1168,38.93333333333333,30.0,665,2,traffic_signs,0.6201274394989014,441.8603820800781,634.2684936523438,458.6695251464844,648.3243408203125,450.26495361328125,641.2964172363281,16.80914306640625,14.05584716796875
IMG_0028.mp4,1168,38.93333333333333,30.0,661,2,traffic_signs,0.39130619168281555,629.605712890625,486.7492370605469,701.2544555664062,556.404296875,665.4300842285156,521.5767669677734,71.64874267578125,69.65505981445312
IMG_0028.mp4,1169,38.96666666666667,30.0,625,2,traffic_signs,0.9236200451850891,115.00855255126953,399.0513610839844,166.3199462890625,491.4159240722656,140.66424942016602,445.233642578125,51.31139373779297,92.36456298828125
IMG_0028.mp4,1169,38.96666666666667,30.0,665,2,traffic_signs,0.5229942202568054,444.18951416015625,634.390869140625,461.3563537597656,648.1226196289062,452.77293395996094,641.2567443847656,17.166839599609375,13.73175048828125
IMG_0028.mp4,1169,38.96666666666667,30.0,661,2,traffic_signs,0.3499225080013275,631.8045654296875,485.0027160644531,703.5859375,555.529541015625,667.6952514648438,520.2661285400391,71.7813720703125,70.52682495117188
IMG_0028.mp4,1169,38.96666666666667,30.0,535,2,traffic_signs,0.3446770906448364,1250.03955078125,582.5682983398438,1297.514892578125,631.6727294921875,1273.7772216796875,607.1205139160156,47.475341796875,49.10443115234375
IMG_0028.mp4,1170,39.0,30.0,625,2,traffic_signs,0.921151876449585,113.58364868164062,396.7102966308594,165.57571411132812,489.1253967285156,139.57968139648438,442.9178466796875,51.9920654296875,92.41510009765625
IMG_0028.mp4,1170,39.0,30.0,661,2,traffic_signs,0.691959798336029,635.16796875,483.39019775390625,706.8303833007812,554.4452514648438,670.9991760253906,518.917724609375,71.66241455078125,71.0550537109375
IMG_0028.mp4,1171,39.03333333333333,30.0,625,2,traffic_signs,0.92026686668396,111.644775390625,394.4459533691406,165.300537109375,487.9148864746094,138.47265625,441.180419921875,53.65576171875,93.46893310546875
IMG_0028.mp4,1171,39.03333333333333,30.0,661,2,traffic_signs,0.7208192944526672,637.2010498046875,481.8211975097656,709.808837890625,553.8483276367188,673.5049438476562,517.8347625732422,72.6077880859375,72.02713012695312
IMG_0028.mp4,1172,39.06666666666667,30.0,625,2,traffic_signs,0.9291256070137024,109.87332916259766,392.0259704589844,164.06423950195312,486.3251037597656,136.9687843322754,439.175537109375,54.19091033935547,94.29913330078125
IMG_0028.mp4,1172,39.06666666666667,30.0,661,2,traffic_signs,0.7099129557609558,639.13720703125,480.5736999511719,712.4791259765625,553.943115234375,675.8081665039062,517.2584075927734,73.3419189453125,73.36941528320312
IMG_0028.mp4,1173,39.1,30.0,625,2,traffic_signs,0.9417874217033386,109.45328521728516,389.086669921875,164.26602172851562,484.5130920410156,136.8596534729004,436.7998809814453,54.81273651123047,95.42642211914062
IMG_0028.mp4,1173,39.1,30.0,661,2,traffic_signs,0.7581756114959717,642.2102661132812,478.94903564453125,715.8648071289062,552.559326171875,679.0375366210938,515.7541809082031,73.654541015625,73.61029052734375
IMG_0028.mp4,1174,39.13333333333333,30.0,625,2,traffic_signs,0.933769941329956,108.62274932861328,387.265869140625,163.7653350830078,483.1026916503906,136.19404220581055,435.1842803955078,55.14258575439453,95.83682250976562
IMG_0028.mp4,1174,39.13333333333333,30.0,661,2,traffic_signs,0.5474437475204468,646.207275390625,478.9871520996094,719.630859375,552.1619873046875,682.9190673828125,515.5745697021484,73.423583984375,73.17483520507812
IMG_0028.mp4,1175,39.166666666666664,30.0,625,2,traffic_signs,0.9269213676452637,107.54605102539062,384.5663146972656,163.357421875,480.9681396484375,135.4517364501953,432.76722717285156,55.811370849609375,96.40182495117188
IMG_0028.mp4,1175,39.166666666666664,30.0,661,2,traffic_signs,0.5901772975921631,648.7288208007812,477.3127746582031,723.7381591796875,551.775390625,686.2334899902344,514.5440826416016,75.00933837890625,74.46261596679688
IMG_0028.mp4,1176,39.2,30.0,625,2,traffic_signs,0.9228284955024719,105.97395324707031,382.248779296875,162.64747619628906,479.0980529785156,134.3107147216797,430.6734161376953,56.67352294921875,96.84927368164062
IMG_0028.mp4,1176,39.2,30.0,661,2,traffic_signs,0.6299067139625549,652.0233154296875,476.1512451171875,727.3253173828125,551.4700927734375,689.67431640625,513.8106689453125,75.302001953125,75.31884765625
IMG_0028.mp4,1177,39.233333333333334,30.0,625,2,traffic_signs,0.9154707789421082,105.69098663330078,380.1876220703125,162.87857055664062,477.480712890625,134.2847785949707,428.83416748046875,57.187583923339844,97.2930908203125
IMG_0028.mp4,1177,39.233333333333334,30.0,661,2,traffic_signs,0.7784560918807983,655.5328979492188,474.0966796875,730.6157836914062,550.957275390625,693.0743408203125,512.5269775390625,75.0828857421875,76.860595703125
IMG_0028.mp4,1178,39.266666666666666,30.0,625,2,traffic_signs,0.9116696715354919,104.84869384765625,378.6521911621094,162.7523193359375,476.44140625,133.80050659179688,427.5467987060547,57.90362548828125,97.78921508789062
IMG_0028.mp4,1178,39.266666666666666,30.0,661,2,traffic_signs,0.8037439584732056,659.1541137695312,472.90185546875,734.181396484375,550.3748779296875,696.6677551269531,511.63836669921875,75.02728271484375,77.4730224609375
IMG_0028.mp4,1179,39.3,30.0,625,2,traffic_signs,0.9101974368095398,105.21456146240234,376.3694152832031,163.55221557617188,474.84014892578125,134.3833885192871,425.6047821044922,58.33765411376953,98.47073364257812
IMG_0028.mp4,1179,39.3,30.0,661,2,traffic_signs,0.6973249912261963,663.1054077148438,471.3644714355469,738.4287719726562,548.8335571289062,700.76708984375,510.09901428222656,75.3233642578125,77.46908569335938
IMG_0028.mp4,1179,39.3,30.0,652,2,traffic_signs,0.5024129748344421,170.89495849609375,613.6747436523438,188.40994262695312,640.5739135742188,179.65245056152344,627.1243286132812,17.514984130859375,26.899169921875
IMG_0028.mp4,1180,39.333333333333336,30.0,625,2,traffic_signs,0.9110678434371948,105.47996520996094,374.3975524902344,164.13746643066406,473.5379943847656,134.8087158203125,423.9677734375,58.657501220703125,99.14044189453125
IMG_0028.mp4,1180,39.333333333333336,30.0,661,2,traffic_signs,0.47346988320350647,666.993896484375,470.8294677734375,742.5076293945312,548.318359375,704.7507629394531,509.57391357421875,75.51373291015625,77.4888916015625
IMG_0028.mp4,1180,39.333333333333336,30.0,652,2,traffic_signs,0.7478961944580078,173.9100799560547,613.7955932617188,193.46583557128906,641.5083618164062,183.68795776367188,627.6519775390625,19.555755615234375,27.7127685546875
IMG_0028.mp4,1181,39.36666666666667,30.0,625,2,traffic_signs,0.9151449203491211,105.81554412841797,372.66876220703125,165.0238037109375,472.23895263671875,135.41967391967773,422.453857421875,59.20825958251953,99.5701904296875
IMG_0028.mp4,1181,39.36666666666667,30.0,661,2,traffic_signs,0.5294865965843201,671.3997192382812,470.49615478515625,748.49853515625,547.9862060546875,709.9491271972656,509.2411804199219,77.09881591796875,77.49005126953125
IMG_0028.mp4,1181,39.36666666666667,30.0,652,2,traffic_signs,0.6949049234390259,177.1810302734375,614.2164306640625,198.83958435058594,641.2473754882812,188.01030731201172,627.7319030761719,21.658554077148438,27.03094482421875
IMG_0028.mp4,1182,39.4,30.0,625,2,traffic_signs,0.917509913444519,106.00359344482422,371.17431640625,165.73779296875,471.55767822265625,135.8706932067871,421.3659973144531,59.73419952392578,100.38336181640625
IMG_0028.mp4,1182,39.4,30.0,661,2,traffic_signs,0.5806432962417603,676.4116821289062,469.82647705078125,753.0903930664062,547.6678466796875,714.7510375976562,508.7471618652344,76.6787109375,77.84136962890625
IMG_0028.mp4,1182,39.4,30.0,652,2,traffic_signs,0.29975175857543945,181.00527954101562,614.5013427734375,203.23573303222656,641.4534912109375,192.1205062866211,627.9774169921875,22.230453491210938,26.9521484375
IMG_0028.mp4,1183,39.43333333333333,30.0,625,2,traffic_signs,0.9172747731208801,106.73878479003906,369.4569396972656,166.8227081298828,471.08416748046875,136.78074645996094,420.2705535888672,60.08392333984375,101.62722778320312
IMG_0028.mp4,1183,39.43333333333333,30.0,661,2,traffic_signs,0.4530414640903473,680.584228515625,468.4869079589844,758.4122314453125,546.3783569335938,719.4982299804688,507.43263244628906,77.8280029296875,77.89144897460938
IMG_0028.mp4,1183,39.43333333333333,30.0,652,2,traffic_signs,0.8434313535690308,185.22251892089844,615.3301391601562,208.73785400390625,642.088623046875,196.98018646240234,628.7093811035156,23.515335083007812,26.75848388671875
IMG_0028.mp4,1184,39.46666666666667,30.0,625,2,traffic_signs,0.9255653619766235,107.49765014648438,367.7986755371094,168.46044921875,470.6493225097656,137.9790496826172,419.2239990234375,60.962799072265625,102.85064697265625
IMG_0028.mp4,1184,39.46666666666667,30.0,661,2,traffic_signs,0.5019737482070923,685.6188354492188,467.44573974609375,763.9912109375,545.82470703125,724.8050231933594,506.6352233886719,78.37237548828125,78.37896728515625
IMG_0028.mp4,1184,39.46666666666667,30.0,652,2,traffic_signs,0.8499597311019897,190.757568359375,615.7213745117188,214.380859375,642.5955200195312,202.5692138671875,629.158447265625,23.623291015625,26.8741455078125
IMG_0028.mp4,1185,39.5,30.0,625,2,traffic_signs,0.9477139711380005,108.42475891113281,365.5791931152344,170.13345336914062,470.2206726074219,139.27910614013672,417.8999328613281,61.70869445800781,104.6414794921875
IMG_0028.mp4,1185,39.5,30.0,661,2,traffic_signs,0.40338781476020813,690.1195068359375,466.9424133300781,769.7210693359375,545.5604858398438,729.9202880859375,506.25144958496094,79.6015625,78.61807250976562
IMG_0028.mp4,1185,39.5,30.0,652,2,traffic_signs,0.8649379014968872,196.20736694335938,617.3071899414062,220.05360412597656,644.2208251953125,208.13048553466797,630.7640075683594,23.846237182617188,26.91363525390625
IMG_0028.mp4,1186,39.53333333333333,30.0,625,2,traffic_signs,0.9412086009979248,110.11802673339844,363.9383239746094,172.33985900878906,469.207275390625,141.22894287109375,416.5727996826172,62.221832275390625,105.26895141601562
IMG_0028.mp4,1186,39.53333333333333,30.0,661,2,traffic_signs,0.5761745572090149,695.2779541015625,466.0566101074219,776.0398559570312,545.3099975585938,735.6589050292969,505.6833038330078,80.76190185546875,79.25338745117188
IMG_0028.mp4,1186,39.53333333333333,30.0,652,2,traffic_signs,0.8725091218948364,203.98162841796875,618.1629638671875,227.0633087158203,645.1605834960938,215.52246856689453,631.6617736816406,23.081680297851562,26.99761962890625
IMG_0028.mp4,1186,39.53333333333333,30.0,672,2,traffic_signs,0.8521766662597656,1.7228419780731201,569.7284545898438,16.537567138671875,602.0133666992188,9.130204558372498,585.8709106445312,14.814725160598755,32.284912109375
IMG_0028.mp4,1187,39.56666666666667,30.0,625,2,traffic_signs,0.9349063634872437,111.11542510986328,362.3009948730469,174.03326416015625,468.32000732421875,142.57434463500977,415.3105010986328,62.91783905029297,106.01901245117188
IMG_0028.mp4,1187,39.56666666666667,30.0,661,2,traffic_signs,0.538004994392395,699.9146728515625,464.8100280761719,781.3184204101562,545.0991821289062,740.6165466308594,504.95460510253906,81.40374755859375,80.28915405273438
IMG_0028.mp4,1187,39.56666666666667,30.0,652,2,traffic_signs,0.8748785853385925,209.64306640625,620.0047607421875,232.6429443359375,645.3715209960938,221.14300537109375,632.6881408691406,22.9998779296875,25.36676025390625
IMG_0028.mp4,1187,39.56666666666667,30.0,672,2,traffic_signs,0.8804289102554321,5.732268333435059,571.0592651367188,22.18035316467285,602.1973876953125,13.956310749053955,586.6283264160156,16.448084831237793,31.13812255859375
IMG_0028.mp4,1188,39.6,30.0,625,2,traffic_signs,0.9334498047828674,112.44817352294922,360.4164123535156,176.2047576904297,467.5517272949219,144.32646560668945,413.98406982421875,63.75658416748047,107.13531494140625
IMG_0028.mp4,1188,39.6,30.0,661,2,traffic_signs,0.5124821066856384,705.6793823242188,463.9763488769531,787.0704345703125,544.0594482421875,746.3749084472656,504.0178985595703,81.39105224609375,80.08309936523438
IMG_0028.mp4,1188,39.6,30.0,652,2,traffic_signs,0.5758079290390015,216.6610565185547,620.5621948242188,238.4653778076172,646.3194580078125,227.56321716308594,633.4408264160156,21.8043212890625,25.75726318359375
IMG_0028.mp4,1188,39.6,30.0,672,2,traffic_signs,0.8614250421524048,11.998337745666504,571.7661743164062,28.545610427856445,604.977294921875,20.271974086761475,588.3717346191406,16.54727268218994,33.21112060546875
IMG_0028.mp4,1189,39.63333333333333,30.0,625,2,traffic_signs,0.9286121129989624,113.7551040649414,358.87127685546875,178.3867950439453,467.05267333984375,146.07094955444336,412.96197509765625,64.6316909790039,108.181396484375
IMG_0028.mp4,1189,39.63333333333333,30.0,661,2,traffic_signs,0.2991170883178711,711.7459106445312,463.16400146484375,792.4256591796875,543.81640625,752.0857849121094,503.4902038574219,80.67974853515625,80.65240478515625
IMG_0028.mp4,1189,39.63333333333333,30.0,652,2,traffic_signs,0.8763712644577026,223.37356567382812,621.9690551757812,244.49993896484375,647.187255859375,233.93675231933594,634.5781555175781,21.126373291015625,25.21820068359375
IMG_0028.mp4,1189,39.63333333333333,30.0,672,2,traffic_signs,0.8003403544425964,17.97648048400879,573.5413818359375,35.376346588134766,606.2649536132812,26.676413536071777,589.9031677246094,17.399866104125977,32.72357177734375
IMG_0028.mp4,1190,39.666666666666664,30.0,625,2,traffic_signs,0.9226902723312378,115.2854995727539,356.869140625,181.0306854248047,466.15936279296875,148.1580924987793,411.5142517089844,65.74518585205078,109.29022216796875
IMG_0028.mp4,1190,39.666666666666664,30.0,652,2,traffic_signs,0.8712248802185059,230.10598754882812,622.6689453125,251.1636962890625,647.243896484375,240.6348419189453,634.9564208984375,21.057708740234375,24.574951171875
IMG_0028.mp4,1190,39.666666666666664,30.0,672,2,traffic_signs,0.7286980152130127,23.82042694091797,573.7467651367188,41.52635192871094,607.3934936523438,32.67338943481445,590.5701293945312,17.70592498779297,33.646728515625
IMG_0028.mp4,1191,39.7,30.0,625,2,traffic_signs,0.9303526878356934,117.35515594482422,355.1316833496094,183.64791870117188,464.5043640136719,150.50153732299805,409.8180236816406,66.29276275634766,109.3726806640625
IMG_0028.mp4,1191,39.7,30.0,652,2,traffic_signs,0.8924900889396667,236.3667755126953,622.802978515625,258.28875732421875,646.8472290039062,247.32776641845703,634.8251037597656,21.921981811523438,24.04425048828125
IMG_0028.mp4,1191,39.7,30.0,672,2,traffic_signs,0.5955578088760376,31.764116287231445,574.2149047851562,48.693992614746094,608.5570068359375,40.22905445098877,591.3859558105469,16.92987632751465,34.34210205078125
IMG_0028.mp4,1192,39.733333333333334,30.0,625,2,traffic_signs,0.8713200092315674,119.25160217285156,353.9096374511719,186.38291931152344,463.24945068359375,152.8172607421875,408.5795440673828,67.13131713867188,109.33981323242188
IMG_0028.mp4,1192,39.733333333333334,30.0,652,2,traffic_signs,0.8741387724876404,243.10525512695312,624.0227661132812,264.5817565917969,647.8583984375,253.843505859375,635.9405822753906,21.47650146484375,23.83563232421875
IMG_0028.mp4,1192,39.733333333333334,30.0,672,2,traffic_signs,0.7938728332519531,38.780086517333984,574.7744750976562,55.11549377441406,609.9695434570312,46.94779014587402,592.3720092773438,16.335407257080078,35.195068359375
IMG_0028.mp4,1193,39.766666666666666,30.0,625,2,traffic_signs,0.9267078042030334,122.06465911865234,352.0893859863281,189.59190368652344,462.3787536621094,155.8282814025879,407.23406982421875,67.5272445678711,110.28936767578125
IMG_0028.mp4,1193,39.766666666666666,30.0,652,2,traffic_signs,0.8372098207473755,249.33941650390625,624.6490478515625,271.859375,648.808837890625,260.5993957519531,636.7289428710938,22.51995849609375,24.1597900390625
IMG_0028.mp4,1193,39.766666666666666,30.0,672,2,traffic_signs,0.45829281210899353,45.13467788696289,575.3464965820312,63.00507354736328,610.613037109375,54.069875717163086,592.9797668457031,17.87039566040039,35.26654052734375
IMG_0028.mp4,1193,39.766666666666666,30.0,675,2,traffic_signs,0.4321976900100708,897.664306640625,648.7127075195312,910.795654296875,668.9973754882812,904.22998046875,658.8550415039062,13.13134765625,20.28466796875
IMG_0028.mp4,1193,39.766666666666666,30.0,661,2,traffic_signs,0.3415595293045044,735.5914916992188,458.7976379394531,817.8306274414062,542.2572021484375,776.7110595703125,500.5274200439453,82.2391357421875,83.45956420898438
IMG_0028.mp4,1194,39.8,30.0,625,2,traffic_signs,0.9240079522132874,124.41239166259766,349.92962646484375,192.92140197753906,461.265625,158.66689682006836,405.5976257324219,68.5090103149414,111.33599853515625
IMG_0028.mp4,1194,39.8,30.0,652,2,traffic_signs,0.86049884557724,257.41912841796875,625.6011352539062,279.0603332519531,649.0825805664062,268.23973083496094,637.3418579101562,21.641204833984375,23.4814453125
IMG_0028.mp4,1194,39.8,30.0,672,2,traffic_signs,0.5529744625091553,52.29465103149414,575.9313354492188,70.26225280761719,611.7654418945312,61.278451919555664,593.848388671875,17.967601776123047,35.8341064453125
IMG_0028.mp4,1194,39.8,30.0,675,2,traffic_signs,0.5305445790290833,904.9132080078125,649.128173828125,919.0817260742188,668.3270874023438,911.9974670410156,658.7276306152344,14.16851806640625,19.19891357421875
IMG_0028.mp4,1194,39.8,30.0,661,2,traffic_signs,0.623816728591919,742.2938842773438,457.6172790527344,824.8073120117188,541.8246459960938,783.5505981445312,499.72096252441406,82.513427734375,84.20736694335938
IMG_0028.mp4,1195,39.833333333333336,30.0,625,2,traffic_signs,0.9197848439216614,126.78272247314453,348.3721618652344,196.02011108398438,461.3680419921875,161.40141677856445,404.87010192871094,69.23738861083984,112.99588012695312
IMG_0028.mp4,1195,39.833333333333336,30.0,652,2,traffic_signs,0.8575006127357483,264.331787109375,625.8447265625,284.93548583984375,649.7380981445312,274.6336364746094,637.7914123535156,20.60369873046875,23.89337158203125
IMG_0028.mp4,1195,39.833333333333336,30.0,672,2,traffic_signs,0.44184398651123047,60.76401138305664,576.51806640625,78.36483001708984,614.9951171875,69.56442070007324,595.756591796875,17.600818634033203,38.47705078125
IMG_0028.mp4,1195,39.833333333333336,30.0,675,2,traffic_signs,0.6645152568817139,912.1096801757812,649.99365234375,926.8784790039062,668.8406982421875,919.4940795898438,659.4171752929688,14.768798828125,18.8470458984375
IMG_0028.mp4,1195,39.833333333333336,30.0,661,2,traffic_signs,0.4968265891075134,748.3071899414062,456.7829895019531,832.2141723632812,541.0862426757812,790.2606811523438,498.9346160888672,83.906982421875,84.30325317382812
IMG_0028.mp4,1196,39.86666666666667,30.0,625,2,traffic_signs,0.9142346978187561,129.60426330566406,346.3316650390625,199.7358856201172,461.12457275390625,164.67007446289062,403.7281188964844,70.13162231445312,114.79290771484375
IMG_0028.mp4,1196,39.86666666666667,30.0,652,2,traffic_signs,0.8050446510314941,271.93804931640625,625.346435546875,293.54443359375,650.6206665039062,282.7412414550781,637.9835510253906,21.60638427734375,25.27423095703125
IMG_0028.mp4,1196,39.86666666666667,30.0,672,2,traffic_signs,0.2552829086780548,68.90788269042969,577.4606323242188,86.63948059082031,615.2946166992188,77.773681640625,596.3776245117188,17.731597900390625,37.833984375
IMG_0028.mp4,1196,39.86666666666667,30.0,675,2,traffic_signs,0.6064331531524658,919.5343017578125,651.1416015625,933.8837890625,669.22802734375,926.7090454101562,660.184814453125,14.3494873046875,18.08642578125
IMG_0028.mp4,1196,39.86666666666667,30.0,661,2,traffic_signs,0.33518338203430176,755.1424560546875,455.73370361328125,838.6365356445312,540.5515747070312,796.8894958496094,498.14263916015625,83.49407958984375,84.81787109375
IMG_0028.mp4,1197,39.9,30.0,625,2,traffic_signs,0.919788658618927,133.46759033203125,344.2123718261719,203.3517608642578,459.5254821777344,168.40967559814453,401.8689270019531,69.88417053222656,115.3131103515625
IMG_0028.mp4,1197,39.9,30.0,652,2,traffic_signs,0.8661527633666992,279.26031494140625,626.2813720703125,301.3497009277344,651.7974243164062,290.3050079345703,639.0393981933594,22.089385986328125,25.51605224609375
IMG_0028.mp4,1197,39.9,30.0,672,2,traffic_signs,0.7751816511154175,76.89815521240234,578.21435546875,94.63743591308594,615.0462036132812,85.76779556274414,596.6302795410156,17.739280700683594,36.83184814453125
IMG_0028.mp4,1197,39.9,30.0,675,2,traffic_signs,0.4659099876880646,927.4633178710938,650.9218139648438,941.2643432617188,670.0216674804688,934.3638305664062,660.4717407226562,13.801025390625,19.099853515625
IMG_0028.mp4,1198,39.93333333333333,30.0,625,2,traffic_signs,0.927664041519165,136.97384643554688,342.4808044433594,207.19894409179688,457.6576843261719,172.08639526367188,400.0692443847656,70.22509765625,115.1768798828125
IMG_0028.mp4,1198,39.93333333333333,30.0,652,2,traffic_signs,0.8553320169448853,285.57183837890625,627.037841796875,309.27691650390625,651.9915161132812,297.42437744140625,639.5146789550781,23.705078125,24.95367431640625
IMG_0028.mp4,1198,39.93333333333333,30.0,675,2,traffic_signs,0.5626107454299927,935.4834594726562,651.061767578125,949.086181640625,671.8104248046875,942.2848205566406,661.4360961914062,13.60272216796875,20.7486572265625
IMG_0028.mp4,1199,39.96666666666667,30.0,625,2,traffic_signs,0.925042450428009,141.5213165283203,341.3977966308594,211.67742919921875,455.1103820800781,176.59937286376953,398.25408935546875,70.15611267089844,113.71258544921875
IMG_0028.mp4,1199,39.96666666666667,30.0,652,2,traffic_signs,0.8697721362113953,293.8592224121094,627.7085571289062,316.9156188964844,653.2978515625,305.3874206542969,640.5032043457031,23.056396484375,25.58929443359375
IMG_0028.mp4,1199,39.96666666666667,30.0,675,2,traffic_signs,0.5189144611358643,943.6356811523438,651.4873046875,957.2826538085938,671.8843994140625,950.4591674804688,661.6858520507812,13.64697265625,20.3970947265625
IMG_0028.mp4,1199,39.96666666666667,30.0,661,2,traffic_signs,0.6144872903823853,777.5745849609375,453.78125,862.2809448242188,539.185302734375,819.9277648925781,496.4832763671875,84.70635986328125,85.404052734375
IMG_0028.mp4,1200,40.0,30.0,625,2,traffic_signs,0.9474341869354248,145.690673828125,339.8588562011719,216.23092651367188,454.0523986816406,180.96080017089844,396.95562744140625,70.54025268554688,114.19354248046875
IMG_0028.mp4,1200,40.0,30.0,652,2,traffic_signs,0.8830484747886658,302.8778076171875,628.2551879882812,324.68597412109375,655.2841796875,313.7818908691406,641.7696838378906,21.80816650390625,27.02899169921875
IMG_0028.mp4,1200,40.0,30.0,675,2,traffic_signs,0.4818571209907532,951.9522094726562,650.94384765625,965.6380615234375,672.1256103515625,958.7951354980469,661.5347290039062,13.68585205078125,21.1817626953125
IMG_0028.mp4,1200,40.0,30.0,661,2,traffic_signs,0.6938774585723877,785.4828491210938,453.6551208496094,871.273193359375,539.4172973632812,828.3780212402344,496.5362091064453,85.79034423828125,85.76217651367188
IMG_0028.mp4,1201,40.03333333333333,30.0,625,2,traffic_signs,0.9406519532203674,149.48919677734375,337.5032958984375,220.90579223632812,452.7132568359375,185.19749450683594,395.1082763671875,71.41659545898438,115.2099609375
IMG_0028.mp4,1201,40.03333333333333,30.0,652,2,traffic_signs,0.8913422226905823,310.8246765136719,629.3656616210938,331.9709777832031,656.0477905273438,321.3978271484375,642.7067260742188,21.14630126953125,26.68212890625
IMG_0028.mp4,1201,40.03333333333333,30.0,675,2,traffic_signs,0.5956584215164185,960.29052734375,651.1680908203125,973.8583984375,672.988525390625,967.074462890625,662.0783081054688,13.56787109375,21.8204345703125
IMG_0028.mp4,1201,40.03333333333333,30.0,661,2,traffic_signs,0.6370275020599365,792.8654174804688,452.0445556640625,879.7569580078125,537.890380859375,836.3111877441406,494.96746826171875,86.89154052734375,85.8458251953125
IMG_0028.mp4,1202,40.06666666666667,30.0,625,2,traffic_signs,0.9390400052070618,154.0615692138672,335.35400390625,225.85488891601562,451.679931640625,189.9582290649414,393.5169677734375,71.79331970214844,116.325927734375
IMG_0028.mp4,1202,40.06666666666667,30.0,652,2,traffic_signs,0.8506693840026855,319.5527038574219,629.753662109375,340.00238037109375,656.4678955078125,329.7775421142578,643.1107788085938,20.449676513671875,26.7142333984375
IMG_0028.mp4,1202,40.06666666666667,30.0,675,2,traffic_signs,0.6485005021095276,969.2784423828125,652.2842407226562,982.3328247070312,673.0094604492188,975.8056335449219,662.6468505859375,13.05438232421875,20.7252197265625
IMG_0028.mp4,1202,40.06666666666667,30.0,661,2,traffic_signs,0.6358379125595093,801.4253540039062,450.9593811035156,887.4016723632812,536.7047119140625,844.4135131835938,493.83204650878906,85.976318359375,85.74533081054688
IMG_0028.mp4,1203,40.1,30.0,625,2,traffic_signs,0.9384881854057312,158.64138793945312,333.2779541015625,230.9578399658203,450.8804626464844,194.79961395263672,392.07920837402344,72.31645202636719,117.60250854492188
IMG_0028.mp4,1203,40.1,30.0,652,2,traffic_signs,0.8842108249664307,327.7760009765625,630.153564453125,348.5644836425781,657.4979248046875,338.1702423095703,643.8257446289062,20.788482666015625,27.3443603515625
IMG_0028.mp4,1203,40.1,30.0,661,2,traffic_signs,0.6003629565238953,809.83984375,450.2340393066406,896.6053466796875,537.2127075195312,853.2225952148438,493.72337341308594,86.7655029296875,86.97866821289062
IMG_0028.mp4,1204,40.13333333333333,30.0,625,2,traffic_signs,0.9537987112998962,164.35137939453125,332.71563720703125,236.9080352783203,448.9493408203125,200.62970733642578,390.8324890136719,72.55665588378906,116.23370361328125
IMG_0028.mp4,1204,40.13333333333333,30.0,652,2,traffic_signs,0.8910252451896667,336.4064636230469,630.4425048828125,356.23272705078125,658.7703857421875,346.31959533691406,644.6064453125,19.826263427734375,28.327880859375
IMG_0028.mp4,1204,40.13333333333333,30.0,661,2,traffic_signs,0.6258273720741272,818.0929565429688,448.6378173828125,906.069091796875,537.3677368164062,862.0810241699219,493.0027770996094,87.97613525390625,88.72991943359375
IMG_0028.mp4,1204,40.13333333333333,30.0,675,2,traffic_signs,0.8073012232780457,986.1915283203125,652.3958740234375,999.5086059570312,675.5771484375,992.8500671386719,663.9865112304688,13.31707763671875,23.1812744140625
IMG_0028.mp4,1205,40.166666666666664,30.0,625,2,traffic_signs,0.9454389810562134,169.30979919433594,331.1937255859375,242.7724609375,447.8489074707031,206.04113006591797,389.5213165283203,73.46266174316406,116.65518188476562
IMG_0028.mp4,1205,40.166666666666664,30.0,652,2,traffic_signs,0.8494692444801331,344.8029479980469,632.2811889648438,363.6015319824219,659.9221801757812,354.2022399902344,646.1016845703125,18.798583984375,27.6409912109375
IMG_0028.mp4,1205,40.166666666666664,30.0,661,2,traffic_signs,0.8522440791130066,827.4314575195312,448.6060791015625,915.3944091796875,537.2117919921875,871.4129333496094,492.908935546875,87.96295166015625,88.605712890625
IMG_0028.mp4,1205,40.166666666666664,30.0,675,2,traffic_signs,0.6471628546714783,995.4140014648438,652.9874877929688,1008.2033081054688,676.304931640625,1001.8086547851562,664.6462097167969,12.789306640625,23.31744384765625
IMG_0028.mp4,1206,40.2,30.0,625,2,traffic_signs,0.9470996260643005,174.40989685058594,329.2796325683594,248.44606018066406,447.1978454589844,211.427978515625,388.2387390136719,74.03616333007812,117.918212890625
IMG_0028.mp4,1206,40.2,30.0,652,2,traffic_signs,0.8629211783409119,354.21722412109375,631.7239990234375,372.00555419921875,659.1904907226562,363.11138916015625,645.4572448730469,17.788330078125,27.46649169921875
IMG_0028.mp4,1206,40.2,30.0,661,2,traffic_signs,0.8344016075134277,835.8259887695312,447.657958984375,924.2430419921875,536.1588134765625,880.0345153808594,491.90838623046875,88.41705322265625,88.5008544921875
IMG_0028.mp4,1206,40.2,30.0,675,2,traffic_signs,0.6677960157394409,1004.9815673828125,653.7584838867188,1017.5895385742188,675.4627075195312,1011.2855529785156,664.610595703125,12.60797119140625,21.7042236328125
IMG_0028.mp4,1207,40.233333333333334,30.0,625,2,traffic_signs,0.9431759715080261,179.33702087402344,327.8905029296875,254.00958251953125,446.8692321777344,216.67330169677734,387.37986755371094,74.67256164550781,118.97872924804688
IMG_0028.mp4,1207,40.233333333333334,30.0,652,2,traffic_signs,0.5851937532424927,362.7917785644531,632.8618774414062,379.83026123046875,659.6256103515625,371.31101989746094,646.2437438964844,17.038482666015625,26.76373291015625
IMG_0028.mp4,1207,40.233333333333334,30.0,661,2,traffic_signs,0.81169193983078,844.6796264648438,446.5131530761719,933.1134033203125,535.3447265625,888.8965148925781,490.92893981933594,88.43377685546875,88.83157348632812
IMG_0028.mp4,1207,40.233333333333334,30.0,675,2,traffic_signs,0.4849398732185364,1014.3450317382812,654.5618896484375,1027.1424560546875,676.3699951171875,1020.7437438964844,665.4659423828125,12.79742431640625,21.80810546875
IMG_0028.mp4,1208,40.266666666666666,30.0,625,2,traffic_signs,0.8889384269714355,184.61190795898438,326.1304931640625,259.93780517578125,446.3779296875,222.2748565673828,386.25421142578125,75.32589721679688,120.2474365234375
IMG_0028.mp4,1208,40.266666666666666,30.0,652,2,traffic_signs,0.32077330350875854,372.4110107421875,635.068115234375,387.2124328613281,659.543212890625,379.8117218017578,647.3056640625,14.801422119140625,24.47509765625
IMG_0028.mp4,1208,40.266666666666666,30.0,661,2,traffic_signs,0.749270498752594,853.9730224609375,446.21917724609375,943.0303955078125,534.9429931640625,898.501708984375,490.5810852050781,89.057373046875,88.72381591796875
IMG_0028.mp4,1208,40.266666666666666,30.0,675,2,traffic_signs,0.5750222206115723,1023.9820556640625,654.4053955078125,1036.9703369140625,678.5057983398438,1030.4761962890625,666.4555969238281,12.98828125,24.10040283203125
IMG_0028.mp4,1209,40.3,30.0,625,2,traffic_signs,0.945641815662384,190.27984619140625,324.8117980957031,266.2281494140625,445.1769104003906,228.25399780273438,384.9943542480469,75.94830322265625,120.3651123046875
IMG_0028.mp4,1209,40.3,30.0,652,2,traffic_signs,0.8097411394119263,381.36822509765625,635.5353393554688,395.47509765625,660.0485229492188,388.4216613769531,647.7919311523438,14.10687255859375,24.51318359375
IMG_0028.mp4,1209,40.3,30.0,661,2,traffic_signs,0.7801299691200256,862.4343872070312,444.5755920410156,953.1175537109375,533.812255859375,907.7759704589844,489.1939239501953,90.68316650390625,89.23666381835938
IMG_0028.mp4,1209,40.3,30.0,675,2,traffic_signs,0.5223744511604309,1033.5078125,655.0479736328125,1046.6199951171875,679.0272827148438,1040.0639038085938,667.0376281738281,13.1121826171875,23.97930908203125
IMG_0028.mp4,1209,40.3,30.0,678,2,traffic_signs,0.7319310903549194,1.7687358856201172,593.6619873046875,22.63682746887207,625.8131103515625,12.202781677246094,609.737548828125,20.868091583251953,32.151123046875
IMG_0028.mp4,1210,40.333333333333336,30.0,625,2,traffic_signs,0.9384168982505798,196.44772338867188,323.186279296875,272.4945983886719,444.20758056640625,234.47116088867188,383.6969299316406,76.046875,121.02130126953125
IMG_0028.mp4,1210,40.333333333333336,30.0,652,2,traffic_signs,0.3132984936237335,391.18408203125,635.6185302734375,404.1639709472656,660.0323486328125,397.6740264892578,647.825439453125,12.979888916015625,24.413818359375
IMG_0028.mp4,1210,40.333333333333336,30.0,661,2,traffic_signs,0.6965071558952332,872.5980224609375,443.9709167480469,963.5650634765625,533.6582641601562,918.08154296875,488.81459045410156,90.967041015625,89.68734741210938
IMG_0028.mp4,1210,40.333333333333336,30.0,675,2,traffic_signs,0.5160039067268372,1043.325439453125,656.6344604492188,1056.39990234375,679.0328979492188,1049.8626708984375,667.8336791992188,13.074462890625,22.3984375
IMG_0028.mp4,1210,40.333333333333336,30.0,678,2,traffic_signs,0.8392193913459778,6.803122043609619,594.6484985351562,32.456260681152344,628.011962890625,19.62969136238098,611.3302307128906,25.653138637542725,33.36346435546875
IMG_0028.mp4,1210,40.333333333333336,30.0,672,2,traffic_signs,0.8114185929298401,199.63150024414062,592.4738159179688,210.36366271972656,621.5641479492188,204.9975814819336,607.0189819335938,10.732162475585938,29.09033203125
IMG_0028.mp4,1211,40.36666666666667,30.0,625,2,traffic_signs,0.9274619817733765,201.70950317382812,321.1322021484375,278.30718994140625,443.1406555175781,240.0083465576172,382.1364288330078,76.59768676757812,122.00845336914062
IMG_0028.mp4,1211,40.36666666666667,30.0,652,2,traffic_signs,0.3303859531879425,399.7848815917969,637.3410034179688,411.767822265625,660.2760620117188,405.77635192871094,648.8085327148438,11.982940673828125,22.93505859375
IMG_0028.mp4,1211,40.36666666666667,30.0,661,2,traffic_signs,0.8559637069702148,882.3616943359375,443.0385437011719,973.277099609375,533.2652587890625,927.8193969726562,488.1519012451172,90.9154052734375,90.22671508789062
IMG_0028.mp4,1211,40.36666666666667,30.0,675,2,traffic_signs,0.6911196112632751,1052.9642333984375,657.1565551757812,1066.4185791015625,678.5655517578125,1059.69140625,667.8610534667969,13.454345703125,21.40899658203125
IMG_0028.mp4,1211,40.36666666666667,30.0,678,2,traffic_signs,0.8115173578262329,14.205774307250977,596.650634765625,42.121463775634766,629.4031372070312,28.16361904144287,613.0268859863281,27.91568946838379,32.75250244140625
IMG_0028.mp4,1211,40.36666666666667,30.0,672,2,traffic_signs,0.7393064498901367,206.5457000732422,592.9815063476562,219.54859924316406,623.744140625,213.04714965820312,608.3628234863281,13.002899169921875,30.76263427734375
IMG_0028.mp4,1212,40.4,30.0,625,2,traffic_signs,0.9495203495025635,209.03045654296875,320.3203430175781,285.6291809082031,442.45513916015625,247.32981872558594,381.3877410888672,76.59872436523438,122.13479614257812
IMG_0028.mp4,1212,40.4,30.0,652,2,traffic_signs,0.6335312128067017,410.0516357421875,638.8946533203125,421.2319641113281,660.6463012695312,415.6417999267578,649.7704772949219,11.180328369140625,21.75164794921875
IMG_0028.mp4,1212,40.4,30.0,661,2,traffic_signs,0.8668929934501648,891.8588256835938,441.28118896484375,983.4231567382812,532.1889038085938,937.6409912109375,486.73504638671875,91.5643310546875,90.90771484375
IMG_0028.mp4,1212,40.4,30.0,675,2,traffic_signs,0.3087296485900879,1063.339111328125,657.7356567382812,1076.698974609375,678.7741088867188,1070.01904296875,668.2548828125,13.35986328125,21.0384521484375
IMG_0028.mp4,1212,40.4,30.0,678,2,traffic_signs,0.8368178009986877,24.643739700317383,598.0510864257812,52.462703704833984,630.1968994140625,38.553221702575684,614.1239929199219,27.8189640045166,32.14581298828125
IMG_0028.mp4,1212,40.4,30.0,672,2,traffic_signs,0.856484591960907,215.22430419921875,593.2311401367188,229.63685607910156,627.0091552734375,222.43058013916016,610.1201477050781,14.412551879882812,33.77801513671875
IMG_0028.mp4,1213,40.43333333333333,30.0,625,2,traffic_signs,0.9402150511741638,214.6184844970703,318.4843444824219,292.2639465332031,441.4172668457031,253.44121551513672,379.9508056640625,77.64546203613281,122.93292236328125
IMG_0028.mp4,1213,40.43333333333333,30.0,661,2,traffic_signs,0.5617479681968689,901.8901977539062,440.5430603027344,994.1964111328125,531.73974609375,948.0433044433594,486.1414031982422,92.30621337890625,91.19668579101562
IMG_0028.mp4,1213,40.43333333333333,30.0,678,2,traffic_signs,0.8207248449325562,34.2557373046875,599.406982421875,62.816341400146484,631.428955078125,48.53603935241699,615.41796875,28.560604095458984,32.02197265625
IMG_0028.mp4,1213,40.43333333333333,30.0,672,2,traffic_signs,0.8608099222183228,223.94696044921875,594.3575439453125,239.1342315673828,626.943359375,231.54059600830078,610.6504516601562,15.187271118164062,32.5858154296875
IMG_0028.mp4,1214,40.46666666666667,30.0,625,2,traffic_signs,0.944471001625061,220.86705017089844,316.6862487792969,299.42388916015625,440.3423767089844,260.14546966552734,378.5143127441406,78.55683898925781,123.6561279296875
IMG_0028.mp4,1214,40.46666666666667,30.0,661,2,traffic_signs,0.8540468811988831,912.51708984375,439.5378723144531,1005.3444213867188,531.4857788085938,958.9307556152344,485.51182556152344,92.82733154296875,91.94790649414062
IMG_0028.mp4,1214,40.46666666666667,30.0,678,2,traffic_signs,0.4505331218242645,45.77737808227539,600.0604858398438,73.69488525390625,632.1154174804688,59.73613166809082,616.0879516601562,27.91750717163086,32.054931640625
IMG_0028.mp4,1214,40.46666666666667,30.0,672,2,traffic_signs,0.8158831596374512,234.9005584716797,595.2623291015625,249.92385864257812,629.5559692382812,242.4122085571289,612.4091491699219,15.023300170898438,34.29364013671875
IMG_0028.mp4,1214,40.46666666666667,30.0,652,2,traffic_signs,0.37111392617225647,428.54913330078125,642.2086181640625,440.1009216308594,662.7522583007812,434.3250274658203,652.4804382324219,11.551788330078125,20.54364013671875
IMG_0028.mp4,1214,40.46666666666667,30.0,675,2,traffic_signs,0.5477525591850281,1082.8963623046875,658.3953857421875,1097.2587890625,680.2327880859375,1090.0775756835938,669.3140869140625,14.3624267578125,21.83740234375
IMG_0028.mp4,1215,40.5,30.0,625,2,traffic_signs,0.9480814933776855,226.8643035888672,314.4022216796875,306.444091796875,438.86273193359375,266.6541976928711,376.6324768066406,79.57978820800781,124.46051025390625
IMG_0028.mp4,1215,40.5,30.0,661,2,traffic_signs,0.8938865661621094,922.58056640625,438.6924743652344,1016.7394409179688,530.8244018554688,969.6600036621094,484.75843811035156,94.15887451171875,92.13192749023438
IMG_0028.mp4,1215,40.5,30.0,678,2,traffic_signs,0.8334159255027771,56.3519172668457,600.355224609375,84.20439147949219,633.2721557617188,70.27815437316895,616.8136901855469,27.852474212646484,32.91693115234375
IMG_0028.mp4,1215,40.5,30.0,672,2,traffic_signs,0.789124071598053,245.69435119628906,595.4190673828125,260.7247619628906,630.9542846679688,253.20955657958984,613.1866760253906,15.030410766601562,35.53521728515625
IMG_0028.mp4,1215,40.5,30.0,675,2,traffic_signs,0.5212236642837524,1092.8636474609375,658.9747924804688,1107.8363037109375,680.27734375,1100.3499755859375,669.6260681152344,14.97265625,21.30255126953125
IMG_0028.mp4,1216,40.53333333333333,30.0,625,2,traffic_signs,0.9530825018882751,234.3221893310547,312.41650390625,313.8758239746094,437.7947082519531,274.09900665283203,375.10560607910156,79.55363464355469,125.37820434570312
IMG_0028.mp4,1216,40.53333333333333,30.0,661,2,traffic_signs,0.8601594567298889,933.6041259765625,436.8809814453125,1028.0157470703125,529.7576904296875,980.8099365234375,483.3193359375,94.41162109375,92.876708984375
IMG_0028.mp4,1216,40.53333333333333,30.0,678,2,traffic_signs,0.8442181348800659,67.75146484375,600.935546875,95.05828857421875,634.1142578125,81.40487670898438,617.52490234375,27.30682373046875,33.1787109375
IMG_0028.mp4,1216,40.53333333333333,30.0,672,2,traffic_signs,0.6403246521949768,256.132080078125,596.4381103515625,270.90972900390625,631.9041137695312,263.5209045410156,614.1711120605469,14.77764892578125,35.46600341796875
IMG_0028.mp4,1216,40.53333333333333,30.0,675,2,traffic_signs,0.5388144850730896,1104.1895751953125,658.9850463867188,1119.1331787109375,679.9086303710938,1111.661376953125,669.4468383789062,14.943603515625,20.923583984375
IMG_0028.mp4,1217,40.56666666666667,30.0,625,2,traffic_signs,0.9506996870040894,240.55921936035156,310.61846923828125,320.748046875,437.87872314453125,280.6536331176758,374.24859619140625,80.18882751464844,127.26025390625
IMG_0028.mp4,1217,40.56666666666667,30.0,661,2,traffic_signs,0.9004951119422913,943.9010009765625,436.59912109375,1039.908935546875,529.98486328125,991.9049682617188,483.2919921875,96.0079345703125,93.3857421875
IMG_0028.mp4,1217,40.56666666666667,30.0,678,2,traffic_signs,0.837124764919281,79.14600372314453,602.1849365234375,106.41673278808594,636.1130981445312,92.78136825561523,619.1490173339844,27.270729064941406,33.92816162109375
IMG_0028.mp4,1217,40.56666666666667,30.0,672,2,traffic_signs,0.622277557849884,265.8955078125,598.594482421875,281.290771484375,631.65966796875,273.5931396484375,615.1270751953125,15.395263671875,33.065185546875
IMG_0028.mp4,1217,40.56666666666667,30.0,675,2,traffic_signs,0.5298721194267273,1113.7958984375,660.0347900390625,1129.9281005859375,681.340576171875,1121.8619995117188,670.6876831054688,16.1322021484375,21.3057861328125
IMG_0028.mp4,1217,40.56666666666667,30.0,686,2,traffic_signs,0.4801737070083618,467.2944641113281,643.7669677734375,482.55718994140625,666.804443359375,474.9258270263672,655.2857055664062,15.262725830078125,23.0374755859375
IMG_0028.mp4,1218,40.6,30.0,625,2,traffic_signs,0.948915421962738,246.83807373046875,308.0832824707031,327.7877197265625,436.45477294921875,287.3128967285156,372.26902770996094,80.94964599609375,128.37149047851562
IMG_0028.mp4,1218,40.6,30.0,661,2,traffic_signs,0.855991780757904,955.3441772460938,435.02813720703125,1051.814453125,529.22021484375,1003.5793151855469,482.1241760253906,96.47027587890625,94.19207763671875
IMG_0028.mp4,1218,40.6,30.0,678,2,traffic_signs,0.8390618562698364,90.49897766113281,603.3897705078125,117.86665344238281,637.3994750976562,104.18281555175781,620.3946228027344,27.36767578125,34.00970458984375
IMG_0028.mp4,1218,40.6,30.0,672,2,traffic_signs,0.7976788878440857,276.5441589355469,599.367919921875,291.68414306640625,631.9471435546875,284.11415100097656,615.6575317382812,15.139984130859375,32.5792236328125
IMG_0028.mp4,1218,40.6,30.0,675,2,traffic_signs,0.5258814692497253,1125.22998046875,660.3452758789062,1141.361083984375,681.7545166015625,1133.2955322265625,671.0498962402344,16.131103515625,21.40924072265625
IMG_0028.mp4,1218,40.6,30.0,686,2,traffic_signs,0.8068523406982422,479.30322265625,644.8671875,493.0594482421875,668.026123046875,486.18133544921875,656.4466552734375,13.7562255859375,23.158935546875
IMG_0028.mp4,1219,40.63333333333333,30.0,625,2,traffic_signs,0.9605752825737,254.9949951171875,306.778564453125,336.0514831542969,435.9357604980469,295.5232391357422,371.35716247558594,81.05648803710938,129.15719604492188
IMG_0028.mp4,1219,40.63333333333333,30.0,661,2,traffic_signs,0.908821702003479,966.4365234375,433.5465393066406,1063.9437255859375,528.3942260742188,1015.1901245117188,480.9703826904297,97.5072021484375,94.84768676757812
IMG_0028.mp4,1219,40.63333333333333,30.0,678,2,traffic_signs,0.7309815287590027,102.73382568359375,604.0487060546875,129.55335998535156,638.8308715820312,116.14359283447266,621.4397888183594,26.819534301757812,34.78216552734375
IMG_0028.mp4,1219,40.63333333333333,30.0,672,2,traffic_signs,0.6402465105056763,288.7019348144531,599.7586059570312,303.3857116699219,632.9028930664062,296.0438232421875,616.3307495117188,14.68377685546875,33.144287109375
IMG_0028.mp4,1219,40.63333333333333,30.0,675,2,traffic_signs,0.7145169973373413,1135.998779296875,660.158447265625,1152.4732666015625,682.3941040039062,1144.2360229492188,671.2762756347656,16.4744873046875,22.23565673828125
IMG_0028.mp4,1219,40.63333333333333,30.0,686,2,traffic_signs,0.8513760566711426,490.690673828125,644.7153930664062,504.0081481933594,669.4622192382812,497.3494110107422,657.0888061523438,13.317474365234375,24.746826171875
IMG_0028.mp4,1219,40.63333333333333,30.0,687,2,traffic_signs,0.5075362920761108,791.3834838867188,656.135986328125,809.2986450195312,675.790283203125,800.341064453125,665.963134765625,17.9151611328125,19.654296875
IMG_0028.mp4,1220,40.666666666666664,30.0,625,2,traffic_signs,0.9495360851287842,261.1766662597656,304.6571044921875,343.4026184082031,434.1275939941406,302.2896423339844,369.39234924316406,82.2259521484375,129.47048950195312
IMG_0028.mp4,1220,40.666666666666664,30.0,661,2,traffic_signs,0.8782144784927368,978.4651489257812,431.6731262207031,1075.559326171875,527.34326171875,1027.0122375488281,479.50819396972656,97.09417724609375,95.67013549804688
IMG_0028.mp4,1220,40.666666666666664,30.0,678,2,traffic_signs,0.8186449408531189,113.66761016845703,605.2310180664062,140.08311462402344,639.7274780273438,126.87536239624023,622.479248046875,26.415504455566406,34.4964599609375
IMG_0028.mp4,1220,40.666666666666664,30.0,672,2,traffic_signs,0.6053115725517273,299.45147705078125,599.9359130859375,313.5541076660156,636.5670166015625,306.50279235839844,618.25146484375,14.102630615234375,36.631103515625
IMG_0028.mp4,1220,40.666666666666664,30.0,675,2,traffic_signs,0.7510284781455994,1147.9490966796875,660.0655517578125,1163.9686279296875,682.8615112304688,1155.9588623046875,671.4635314941406,16.01953125,22.79595947265625
IMG_0028.mp4,1220,40.666666666666664,30.0,686,2,traffic_signs,0.8477148413658142,502.0660705566406,645.0786743164062,514.2532958984375,670.4729614257812,508.15968322753906,657.7758178710938,12.187225341796875,25.394287109375
IMG_0028.mp4,1221,40.7,30.0,625,2,traffic_signs,0.9525893926620483,267.7420654296875,302.31298828125,351.08770751953125,432.09808349609375,309.4148864746094,367.2055358886719,83.34564208984375,129.78509521484375
IMG_0028.mp4,1221,40.7,30.0,661,2,traffic_signs,0.8990324139595032,990.2425537109375,429.8493957519531,1088.3385009765625,527.130126953125,1039.29052734375,478.48976135253906,98.095947265625,97.28073120117188
IMG_0028.mp4,1221,40.7,30.0,678,2,traffic_signs,0.7741006016731262,125.33393859863281,606.0557861328125,152.15585327148438,640.6814575195312,138.7448959350586,623.3686218261719,26.821914672851562,34.62567138671875
IMG_0028.mp4,1221,40.7,30.0,672,2,traffic_signs,0.5939363837242126,310.5579833984375,601.25732421875,324.65972900390625,637.7324829101562,317.6088562011719,619.4949035644531,14.10174560546875,36.47515869140625
IMG_0028.mp4,1221,40.7,30.0,675,2,traffic_signs,0.8282915353775024,1159.5745849609375,659.909912109375,1175.7442626953125,684.4021606445312,1167.659423828125,672.1560363769531,16.169677734375,24.49224853515625
IMG_0028.mp4,1221,40.7,30.0,686,2,traffic_signs,0.8809224963188171,512.0901489257812,645.3126831054688,525.4613647460938,671.2408447265625,518.7757568359375,658.2767639160156,13.3712158203125,25.92816162109375
IMG_0028.mp4,1221,40.7,30.0,688,2,traffic_signs,0.5811979174613953,1663.0755615234375,709.209228515625,1680.298583984375,742.1365966796875,1671.6870727539062,725.6729125976562,17.2230224609375,32.9273681640625
IMG_0028.mp4,1222,40.733333333333334,30.0,625,2,traffic_signs,0.9527782797813416,274.739990234375,300.0931701660156,358.6495361328125,430.6201171875,316.69476318359375,365.3566436767578,83.9095458984375,130.52694702148438
IMG_0028.mp4,1222,40.733333333333334,30.0,661,2,traffic_signs,0.8790595531463623,1002.7741088867188,428.68499755859375,1101.085205078125,526.6824951171875,1051.9296569824219,477.6837463378906,98.31109619140625,97.99749755859375
IMG_0028.mp4,1222,40.733333333333334,30.0,678,2,traffic_signs,0.8046225309371948,137.12274169921875,607.1238403320312,163.5340576171875,641.6612548828125,150.32839965820312,624.3925476074219,26.41131591796875,34.53741455078125
IMG_0028.mp4,1222,40.733333333333334,30.0,672,2,traffic_signs,0.6994407176971436,321.6597595214844,602.66943359375,335.3838195800781,639.8071899414062,328.52178955078125,621.2383117675781,13.72406005859375,37.13775634765625
IMG_0028.mp4,1222,40.733333333333334,30.0,675,2,traffic_signs,0.8197715878486633,1171.0511474609375,659.9500122070312,1187.2822265625,685.8187866210938,1179.1666870117188,672.8843994140625,16.2310791015625,25.8687744140625
IMG_0028.mp4,1222,40.733333333333334,30.0,686,2,traffic_signs,0.8669013381004333,522.5910034179688,646.0892333984375,536.0806884765625,672.187744140625,529.3358459472656,659.1384887695312,13.48968505859375,26.0985107421875
IMG_0028.mp4,1223,40.766666666666666,30.0,625,2,traffic_signs,0.9470567107200623,282.4278259277344,297.6315612792969,366.9157409667969,429.7669372558594,324.6717834472656,363.6992492675781,84.4879150390625,132.1353759765625
IMG_0028.mp4,1223,40.766666666666666,30.0,661,2,traffic_signs,0.9098256826400757,1014.909912109375,427.15191650390625,1114.5557861328125,525.7523193359375,1064.7328491210938,476.4521179199219,99.6458740234375,98.60040283203125
IMG_0028.mp4,1223,40.766666666666666,30.0,678,2,traffic_signs,0.7833768725395203,148.50985717773438,608.3021850585938,173.97598266601562,642.540283203125,161.242919921875,625.4212341308594,25.46612548828125,34.23809814453125
IMG_0028.mp4,1223,40.766666666666666,30.0,672,2,traffic_signs,0.8141517639160156,332.4129333496094,604.0255126953125,346.4154968261719,640.27978515625,339.4142150878906,622.1526489257812,14.0025634765625,36.2542724609375
IMG_0028.mp4,1223,40.766666666666666,30.0,675,2,traffic_signs,0.8480982780456543,1182.8720703125,660.8018188476562,1198.88720703125,686.2827758789062,1190.879638671875,673.5422973632812,16.01513671875,25.48095703125
IMG_0028.mp4,1223,40.766666666666666,30.0,686,2,traffic_signs,0.6344318985939026,532.6034545898438,647.0493774414062,547.0614624023438,673.1319580078125,539.8324584960938,660.0906677246094,14.4580078125,26.08258056640625
IMG_0028.mp4,1224,40.8,30.0,625,2,traffic_signs,0.9467073082923889,290.3177185058594,295.4282531738281,375.1019592285156,428.71875,332.7098388671875,362.07350158691406,84.78424072265625,133.29049682617188
IMG_0028.mp4,1224,40.8,30.0,661,2,traffic_signs,0.8910453915596008,1027.6904296875,425.6175537109375,1127.7705078125,524.9495239257812,1077.73046875,475.2835388183594,100.080078125,99.33197021484375
IMG_0028.mp4,1224,40.8,30.0,678,2,traffic_signs,0.7108718156814575,160.79344177246094,609.3851928710938,185.62408447265625,643.754638671875,173.2087631225586,626.5699157714844,24.830642700195312,34.36944580078125
IMG_0028.mp4,1224,40.8,30.0,672,2,traffic_signs,0.8650575280189514,344.11895751953125,604.7982788085938,358.4162292480469,639.8275756835938,351.26759338378906,622.3129272460938,14.297271728515625,35.029296875
IMG_0028.mp4,1224,40.8,30.0,675,2,traffic_signs,0.7679885029792786,1194.7227783203125,661.674072265625,1210.7037353515625,686.249755859375,1202.7132568359375,673.9619140625,15.98095703125,24.57568359375
IMG_0028.mp4,1224,40.8,30.0,686,2,traffic_signs,0.8423048257827759,542.9362182617188,648.2006225585938,558.527099609375,674.2828979492188,550.7316589355469,661.2417602539062,15.59088134765625,26.082275390625
IMG_0028.mp4,1225,40.833333333333336,30.0,625,2,traffic_signs,0.9500367641448975,297.8849792480469,292.84326171875,383.5962219238281,426.7068786621094,340.7406005859375,359.7750701904297,85.71124267578125,133.86361694335938
IMG_0028.mp4,1225,40.833333333333336,30.0,661,2,traffic_signs,0.9032085537910461,1040.0595703125,424.04510498046875,1142.2825927734375,524.6726684570312,1091.1710815429688,474.35888671875,102.2230224609375,100.6275634765625
IMG_0028.mp4,1225,40.833333333333336,30.0,678,2,traffic_signs,0.6627711057662964,173.07464599609375,609.85693359375,197.0792694091797,644.9640502929688,185.07695770263672,627.4104919433594,24.004623413085938,35.10711669921875
IMG_0028.mp4,1225,40.833333333333336,30.0,672,2,traffic_signs,0.7743323445320129,356.0059509277344,605.7498168945312,370.57476806640625,641.7740478515625,363.2903594970703,623.7619323730469,14.568817138671875,36.02423095703125
IMG_0028.mp4,1225,40.833333333333336,30.0,675,2,traffic_signs,0.7246155142784119,1206.7181396484375,662.4149780273438,1222.712890625,687.3045043945312,1214.7155151367188,674.8597412109375,15.9947509765625,24.8895263671875
IMG_0028.mp4,1225,40.833333333333336,30.0,686,2,traffic_signs,0.86081862449646,553.78271484375,649.0521850585938,569.7904052734375,674.7345581054688,561.7865600585938,661.8933715820312,16.0076904296875,25.682373046875
IMG_0028.mp4,1226,40.86666666666667,30.0,625,2,traffic_signs,0.9395689964294434,305.90081787109375,291.13848876953125,392.53985595703125,425.5351867675781,349.2203369140625,358.3368377685547,86.6390380859375,134.39669799804688
IMG_0028.mp4,1226,40.86666666666667,30.0,661,2,traffic_signs,0.8975696563720703,1053.2264404296875,422.3357238769531,1156.244384765625,524.1123046875,1104.7354125976562,473.22401428222656,103.0179443359375,101.77658081054688
IMG_0028.mp4,1226,40.86666666666667,30.0,678,2,traffic_signs,0.6854676604270935,185.2905731201172,610.9765625,208.73936462402344,646.2981567382812,197.0149688720703,628.6373596191406,23.44879150390625,35.32159423828125
IMG_0028.mp4,1226,40.86666666666667,30.0,672,2,traffic_signs,0.6284724473953247,367.4699401855469,606.6715087890625,382.3782043457031,646.2772216796875,374.924072265625,626.474365234375,14.90826416015625,39.605712890625
IMG_0028.mp4,1226,40.86666666666667,30.0,675,2,traffic_signs,0.6929178237915039,1219.362060546875,663.7364501953125,1234.77880859375,688.8001098632812,1227.0704345703125,676.2682800292969,15.416748046875,25.06365966796875
IMG_0028.mp4,1226,40.86666666666667,30.0,686,2,traffic_signs,0.8547883033752441,564.760986328125,649.6602172851562,581.1749267578125,675.2302856445312,572.9679565429688,662.4452514648438,16.4139404296875,25.570068359375
IMG_0028.mp4,1227,40.9,30.0,625,2,traffic_signs,0.9391396045684814,313.1958923339844,287.4915466308594,401.2477111816406,423.4532470703125,357.2218017578125,355.47239685058594,88.05181884765625,135.96170043945312
IMG_0028.mp4,1227,40.9,30.0,661,2,traffic_signs,0.8936299681663513,1067.7001953125,420.0124816894531,1170.753662109375,522.9921875,1119.2269287109375,471.50233459472656,103.053466796875,102.97970581054688
IMG_0028.mp4,1227,40.9,30.0,678,2,traffic_signs,0.7672969102859497,197.04904174804688,612.1995239257812,219.78582763671875,647.205810546875,208.4174346923828,629.7026672363281,22.736785888671875,35.00628662109375
IMG_0028.mp4,1227,40.9,30.0,672,2,traffic_signs,0.7783819437026978,379.60235595703125,607.7659912109375,394.2397155761719,645.2059936523438,386.92103576660156,626.4859924316406,14.637359619140625,37.44000244140625
IMG_0028.mp4,1227,40.9,30.0,675,2,traffic_signs,0.797185480594635,1233.1837158203125,664.5728759765625,1248.2178955078125,690.1144409179688,1240.7008056640625,677.3436584472656,15.0341796875,25.54156494140625
IMG_0028.mp4,1227,40.9,30.0,686,2,traffic_signs,0.8734992146492004,575.7103271484375,650.6640625,592.5465087890625,676.434814453125,584.12841796875,663.5494384765625,16.836181640625,25.770751953125
IMG_0028.mp4,1228,40.93333333333333,30.0,625,2,traffic_signs,0.9552867412567139,321.99200439453125,285.3045654296875,411.0610046386719,422.5964050292969,366.52650451660156,353.9504852294922,89.06900024414062,137.29183959960938
IMG_0028.mp4,1228,40.93333333333333,30.0,661,2,traffic_signs,0.725176215171814,1081.5860595703125,417.7402648925781,1185.33349609375,521.1668701171875,1133.4597778320312,469.4535675048828,103.7474365234375,103.42660522460938
IMG_0028.mp4,1228,40.93333333333333,30.0,678,2,traffic_signs,0.8324506878852844,209.57675170898438,612.8652954101562,232.2884979248047,648.2907104492188,220.93262481689453,630.5780029296875,22.711746215820312,35.4254150390625
IMG_0028.mp4,1228,40.93333333333333,30.0,672,2,traffic_signs,0.7756494879722595,391.970703125,608.8857421875,406.415283203125,645.0888061523438,399.1929931640625,626.9872741699219,14.444580078125,36.20306396484375
IMG_0028.mp4,1228,40.93333333333333,30.0,675,2,traffic_signs,0.46729421615600586,1247.010986328125,665.1360473632812,1261.4683837890625,692.949951171875,1254.2396850585938,679.0429992675781,14.4573974609375,27.81390380859375
IMG_0028.mp4,1228,40.93333333333333,30.0,686,2,traffic_signs,0.8158628344535828,587.2573852539062,651.2897338867188,604.433837890625,677.6492309570312,595.8456115722656,664.469482421875,17.17645263671875,26.3594970703125
IMG_0028.mp4,1229,40.96666666666667,30.0,625,2,traffic_signs,0.9608134031295776,331.1691589355469,282.8354187011719,420.36505126953125,421.4347839355469,375.76710510253906,352.1351013183594,89.19589233398438,138.599365234375
IMG_0028.mp4,1229,40.96666666666667,30.0,661,2,traffic_signs,0.8956364393234253,1096.7183837890625,416.2197265625,1200.765625,520.2564086914062,1148.7420043945312,468.2380676269531,104.0472412109375,104.03668212890625
IMG_0028.mp4,1229,40.96666666666667,30.0,678,2,traffic_signs,0.861452579498291,222.14602661132812,613.3817138671875,244.53384399414062,649.0525512695312,233.33993530273438,631.2171325683594,22.3878173828125,35.67083740234375
IMG_0028.mp4,1229,40.96666666666667,30.0,672,2,traffic_signs,0.7620877623558044,403.5291442871094,609.6290283203125,418.2141418457031,648.8428955078125,410.87164306640625,629.2359619140625,14.68499755859375,39.2138671875
IMG_0028.mp4,1229,40.96666666666667,30.0,675,2,traffic_signs,0.4955810308456421,1260.6063232421875,664.84033203125,1275.4144287109375,697.4368896484375,1268.0103759765625,681.1386108398438,14.80810546875,32.5965576171875
IMG_0028.mp4,1229,40.96666666666667,30.0,686,2,traffic_signs,0.8578859567642212,599.2130126953125,652.15625,616.2935791015625,678.0429077148438,607.7532958984375,665.0995788574219,17.08056640625,25.88665771484375
IMG_0028.mp4,1230,41.0,30.0,625,2,traffic_signs,0.9476277232170105,340.0433654785156,280.66253662109375,429.7160949707031,419.9592590332031,384.8797302246094,350.31089782714844,89.6727294921875,139.29672241210938
IMG_0028.mp4,1230,41.0,30.0,661,2,traffic_signs,0.859345555305481,1110.8172607421875,414.6336364746094,1215.9949951171875,519.3270874023438,1163.4061279296875,466.98036193847656,105.177734375,104.69345092773438
IMG_0028.mp4,1230,41.0,30.0,678,2,traffic_signs,0.6864619851112366,235.00732421875,614.26953125,257.94659423828125,650.5625,246.47695922851562,632.416015625,22.93927001953125,36.29296875
IMG_0028.mp4,1230,41.0,30.0,672,2,traffic_signs,0.5145887136459351,415.0819396972656,610.2860717773438,430.9358215332031,656.5941772460938,423.0088806152344,633.4401245117188,15.8538818359375,46.30810546875
IMG_0028.mp4,1230,41.0,30.0,675,2,traffic_signs,0.706343948841095,1274.114501953125,665.234375,1288.8504638671875,695.1962890625,1281.4824829101562,680.21533203125,14.7359619140625,29.9619140625
IMG_0028.mp4,1230,41.0,30.0,686,2,traffic_signs,0.834439218044281,610.826904296875,653.153076171875,628.580810546875,679.1753540039062,619.703857421875,666.1642150878906,17.75390625,26.02227783203125
IMG_0028.mp4,1231,41.03333333333333,30.0,625,2,traffic_signs,0.9503900408744812,349.0371398925781,277.5414123535156,440.18963623046875,419.1851501464844,394.61338806152344,348.36328125,91.15249633789062,141.64373779296875
IMG_0028.mp4,1231,41.03333333333333,30.0,661,2,traffic_signs,0.9085731506347656,1125.19384765625,412.1286926269531,1231.698974609375,517.8806762695312,1178.4464111328125,465.0046844482422,106.505126953125,105.75198364257812
IMG_0028.mp4,1231,41.03333333333333,30.0,678,2,traffic_signs,0.7131950259208679,247.38282775878906,615.6669311523438,271.00592041015625,651.8959350585938,259.19437408447266,633.7814331054688,23.623092651367188,36.22900390625
IMG_0028.mp4,1231,41.03333333333333,30.0,672,2,traffic_signs,0.5694947242736816,427.7273254394531,611.29931640625,443.5257263183594,656.7216186523438,435.62652587890625,634.0104675292969,15.79840087890625,45.42230224609375
IMG_0028.mp4,1231,41.03333333333333,30.0,675,2,traffic_signs,0.502626359462738,1287.664306640625,665.237060546875,1303.605224609375,695.6659545898438,1295.634765625,680.4515075683594,15.94091796875,30.42889404296875
IMG_0028.mp4,1231,41.03333333333333,30.0,686,2,traffic_signs,0.8779838681221008,622.577880859375,653.77294921875,641.062744140625,680.5462646484375,631.8203125,667.1596069335938,18.48486328125,26.7733154296875
IMG_0028.mp4,1232,41.06666666666667,30.0,625,2,traffic_signs,0.9511651396751404,358.0138244628906,274.3448791503906,450.17730712890625,417.2497253417969,404.09556579589844,345.79730224609375,92.16348266601562,142.90484619140625
IMG_0028.mp4,1232,41.06666666666667,30.0,661,2,traffic_signs,0.9002873301506042,1140.3668212890625,410.1649169921875,1248.322509765625,517.1857299804688,1194.3446655273438,463.6753234863281,107.9556884765625,107.02081298828125
IMG_0028.mp4,1232,41.06666666666667,30.0,678,2,traffic_signs,0.8510127663612366,260.328125,616.9750366210938,283.81756591796875,652.6898803710938,272.0728454589844,634.8324584960938,23.48944091796875,35.71484375
IMG_0028.mp4,1232,41.06666666666667,30.0,672,2,traffic_signs,0.6708100438117981,440.72686767578125,611.9485473632812,456.1142272949219,656.51416015625,448.42054748535156,634.2313537597656,15.387359619140625,44.56561279296875
IMG_0028.mp4,1232,41.06666666666667,30.0,675,2,traffic_signs,0.6264891028404236,1302.568603515625,664.8320922851562,1318.533447265625,697.4185791015625,1310.551025390625,681.1253356933594,15.96484375,32.58648681640625
IMG_0028.mp4,1232,41.06666666666667,30.0,686,2,traffic_signs,0.888320803642273,634.7774047851562,654.4752807617188,653.6310424804688,682.72265625,644.2042236328125,668.5989685058594,18.8536376953125,28.24737548828125
IMG_0028.mp4,1232,41.06666666666667,30.0,691,2,traffic_signs,0.4903278946876526,813.7257080078125,635.8077392578125,830.9139404296875,669.5645141601562,822.31982421875,652.6861267089844,17.188232421875,33.75677490234375
IMG_0028.mp4,1233,41.1,30.0,625,2,traffic_signs,0.9456270933151245,367.219970703125,271.226318359375,460.5821533203125,415.7448425292969,413.90106201171875,343.48558044433594,93.3621826171875,144.51852416992188
IMG_0028.mp4,1233,41.1,30.0,661,2,traffic_signs,0.9120733141899109,1155.8289794921875,407.3462829589844,1265.4293212890625,516.2069702148438,1210.629150390625,461.77662658691406,109.600341796875,108.86068725585938
IMG_0028.mp4,1233,41.1,30.0,678,2,traffic_signs,0.8316103219985962,273.38616943359375,617.7549438476562,296.6082458496094,653.1373901367188,284.99720764160156,635.4461669921875,23.222076416015625,35.3824462890625
IMG_0028.mp4,1233,41.1,30.0,672,2,traffic_signs,0.6739434003829956,453.21484375,612.57861328125,469.2667236328125,661.2499389648438,461.24078369140625,636.9142761230469,16.0518798828125,48.67132568359375
IMG_0028.mp4,1233,41.1,30.0,675,2,traffic_signs,0.603383481502533,1317.20654296875,665.6725463867188,1333.212646484375,697.17431640625,1325.2095947265625,681.4234313964844,16.006103515625,31.50177001953125
IMG_0028.mp4,1233,41.1,30.0,686,2,traffic_signs,0.8724737167358398,647.3389892578125,655.1931762695312,666.4036254882812,683.8314819335938,656.8713073730469,669.5123291015625,19.06463623046875,28.6383056640625
IMG_0028.mp4,1233,41.1,30.0,691,2,traffic_signs,0.464817613363266,827.1326904296875,636.6685791015625,843.5927734375,668.6144409179688,835.3627319335938,652.6415100097656,16.4600830078125,31.94586181640625
IMG_0028.mp4,1234,41.13333333333333,30.0,625,2,traffic_signs,0.9499133825302124,377.3860168457031,268.3259582519531,470.5976867675781,413.6964416503906,423.9918518066406,341.0111999511719,93.211669921875,145.3704833984375
IMG_0028.mp4,1234,41.13333333333333,30.0,661,2,traffic_signs,0.9217895865440369,1172.2498779296875,405.33380126953125,1282.1986083984375,514.5216674804688,1227.2242431640625,459.927734375,109.94873046875,109.1878662109375
IMG_0028.mp4,1234,41.13333333333333,30.0,678,2,traffic_signs,0.8355838060379028,286.8140563964844,618.9337158203125,309.469970703125,653.7603759765625,298.1420135498047,636.3470458984375,22.655914306640625,34.82666015625
IMG_0028.mp4,1234,41.13333333333333,30.0,672,2,traffic_signs,0.6659572720527649,466.49896240234375,613.7230224609375,482.38201904296875,661.654296875,474.44049072265625,637.6886596679688,15.883056640625,47.9312744140625
IMG_0028.mp4,1234,41.13333333333333,30.0,686,2,traffic_signs,0.8406831622123718,659.6154174804688,656.3738403320312,679.0349731445312,684.8327026367188,669.3251953125,670.603271484375,19.4195556640625,28.4588623046875
IMG_0028.mp4,1234,41.13333333333333,30.0,691,2,traffic_signs,0.7038320302963257,839.5006713867188,637.3444213867188,856.6065673828125,669.9390869140625,848.0536193847656,653.6417541503906,17.10589599609375,32.59466552734375
IMG_0028.mp4,1235,41.166666666666664,30.0,625,2,traffic_signs,0.9568697214126587,387.3072509765625,264.6641845703125,481.3457946777344,411.6933288574219,434.32652282714844,338.1787567138672,94.03854370117188,147.02914428710938
IMG_0028.mp4,1235,41.166666666666664,30.0,661,2,traffic_signs,0.9226590991020203,1188.4853515625,403.1416931152344,1300.5609130859375,513.4642944335938,1244.5231323242188,458.30299377441406,112.0755615234375,110.32260131835938
IMG_0028.mp4,1235,41.166666666666664,30.0,678,2,traffic_signs,0.8344213366508484,300.4693603515625,620.8276977539062,321.8907775878906,654.5424194335938,311.18006896972656,637.68505859375,21.421417236328125,33.7147216796875
IMG_0028.mp4,1235,41.166666666666664,30.0,672,2,traffic_signs,0.8268788456916809,479.6015625,614.7678833007812,495.533203125,659.8137817382812,487.5673828125,637.2908325195312,15.931640625,45.0458984375
IMG_0028.mp4,1235,41.166666666666664,30.0,686,2,traffic_signs,0.8351267576217651,672.5269775390625,658.0558471679688,691.8251953125,685.923095703125,682.1760864257812,671.9894714355469,19.2982177734375,27.86724853515625
IMG_0028.mp4,1235,41.166666666666664,30.0,691,2,traffic_signs,0.5203720927238464,852.4364624023438,636.9833984375,869.6661376953125,670.471923828125,861.0513000488281,653.7276611328125,17.22967529296875,33.488525390625
IMG_0028.mp4,1235,41.166666666666664,30.0,675,2,traffic_signs,0.2839871942996979,1347.4246826171875,667.7726440429688,1363.7386474609375,697.115966796875,1355.5816650390625,682.4443054199219,16.31396484375,29.34332275390625
IMG_0028.mp4,1236,41.2,30.0,625,2,traffic_signs,0.9494670629501343,397.750244140625,261.1595458984375,492.6417541503906,409.29364013671875,445.1959991455078,335.2265930175781,94.89151000976562,148.13409423828125
IMG_0028.mp4,1236,41.2,30.0,661,2,traffic_signs,0.9204961061477661,1204.8455810546875,400.8146057128906,1317.6759033203125,511.5707092285156,1261.2607421875,456.1926574707031,112.830322265625,110.756103515625
IMG_0028.mp4,1236,41.2,30.0,678,2,traffic_signs,0.565746545791626,313.8333435058594,622.1426391601562,335.3966369628906,655.3011474609375,324.614990234375,638.7218933105469,21.56329345703125,33.15850830078125
IMG_0028.mp4,1236,41.2,30.0,672,2,traffic_signs,0.6579596400260925,492.23638916015625,615.1597900390625,508.8328857421875,659.87158203125,500.5346374511719,637.5156860351562,16.59649658203125,44.7117919921875
IMG_0028.mp4,1236,41.2,30.0,686,2,traffic_signs,0.7270447611808777,685.6376342773438,658.4863891601562,704.9896240234375,685.7922973632812,695.3136291503906,672.1393432617188,19.35198974609375,27.305908203125
IMG_0028.mp4,1236,41.2,30.0,691,2,traffic_signs,0.7342883348464966,865.2496337890625,637.0845947265625,882.1998901367188,671.3211669921875,873.7247619628906,654.202880859375,16.95025634765625,34.236572265625
IMG_0028.mp4,1237,41.233333333333334,30.0,625,2,traffic_signs,0.9470362067222595,407.42626953125,257.8712463378906,503.607177734375,406.7295227050781,455.5167236328125,332.3003845214844,96.180908203125,148.8582763671875
IMG_0028.mp4,1237,41.233333333333334,30.0,661,2,traffic_signs,0.9340735077857971,1222.54931640625,397.9841613769531,1337.29052734375,509.74658203125,1279.919921875,453.86537170410156,114.7412109375,111.76242065429688
IMG_0028.mp4,1237,41.233333333333334,30.0,678,2,traffic_signs,0.7684667110443115,326.9549255371094,622.9828491210938,349.041259765625,656.9540405273438,337.9980926513672,639.9684448242188,22.086334228515625,33.97119140625
IMG_0028.mp4,1237,41.233333333333334,30.0,672,2,traffic_signs,0.7740082144737244,505.9684753417969,615.9580078125,522.2401733398438,657.4615478515625,514.1043243408203,636.7097778320312,16.271697998046875,41.5035400390625
IMG_0028.mp4,1237,41.233333333333334,30.0,686,2,traffic_signs,0.8828846216201782,699.4896240234375,659.1356811523438,718.3909301757812,686.3594970703125,708.9402770996094,672.7475891113281,18.90130615234375,27.22381591796875
IMG_0028.mp4,1237,41.233333333333334,30.0,691,2,traffic_signs,0.7010383605957031,879.0167236328125,637.719482421875,895.3351440429688,671.5853881835938,887.1759338378906,654.6524353027344,16.31842041015625,33.86590576171875
IMG_0028.mp4,1238,41.266666666666666,30.0,625,2,traffic_signs,0.9570205807685852,418.22100830078125,255.40179443359375,515.7574462890625,404.9210205078125,466.9892272949219,330.1614074707031,97.53643798828125,149.51922607421875
IMG_0028.mp4,1238,41.266666666666666,30.0,661,2,traffic_signs,0.9258704781532288,1240.689697265625,394.7118835449219,1355.875,507.4665832519531,1298.2823486328125,451.0892333984375,115.185302734375,112.75469970703125
IMG_0028.mp4,1238,41.266666666666666,30.0,678,2,traffic_signs,0.871025800704956,341.5017395019531,623.805419921875,362.67620849609375,657.449462890625,352.08897399902344,640.62744140625,21.174468994140625,33.64404296875
IMG_0028.mp4,1238,41.266666666666666,30.0,672,2,traffic_signs,0.8208092451095581,520.577880859375,616.52490234375,536.39697265625,657.66748046875,528.4874267578125,637.09619140625,15.819091796875,41.142578125
IMG_0028.mp4,1238,41.266666666666666,30.0,686,2,traffic_signs,0.8696416020393372,713.1603393554688,659.688720703125,731.8334350585938,686.5767211914062,722.4968872070312,673.1327209472656,18.673095703125,26.88800048828125
IMG_0028.mp4,1238,41.266666666666666,30.0,691,2,traffic_signs,0.6339515447616577,892.1309814453125,638.1417846679688,908.0473022460938,672.3529052734375,900.0891418457031,655.2473449707031,15.91632080078125,34.21112060546875
IMG_0028.mp4,1239,41.3,30.0,625,2,traffic_signs,0.9535583257675171,428.5524597167969,252.08070373535156,527.6672973632812,402.7286682128906,478.10987854003906,327.4046859741211,99.11483764648438,150.64796447753906
IMG_0028.mp4,1239,41.3,30.0,661,2,traffic_signs,0.9259214997291565,1258.3897705078125,392.3400573730469,1375.9088134765625,505.1178283691406,1317.1492919921875,448.72894287109375,117.51904296875,112.77777099609375
IMG_0028.mp4,1239,41.3,30.0,678,2,traffic_signs,0.8180031776428223,355.8772888183594,625.0167236328125,376.3424987792969,658.837646484375,366.1098937988281,641.9271850585938,20.4652099609375,33.8209228515625
IMG_0028.mp4,1239,41.3,30.0,672,2,traffic_signs,0.8112407922744751,535.2866821289062,618.76025390625,550.2039184570312,657.55126953125,542.7453002929688,638.15576171875,14.917236328125,38.791015625
IMG_0028.mp4,1239,41.3,30.0,686,2,traffic_signs,0.8375336527824402,726.1724243164062,661.0653686523438,745.5146484375,687.8009643554688,735.8435363769531,674.4331665039062,19.34222412109375,26.735595703125
IMG_0028.mp4,1239,41.3,30.0,691,2,traffic_signs,0.6438956260681152,905.8986206054688,638.0162353515625,922.0216064453125,673.5939331054688,913.9601135253906,655.8050842285156,16.12298583984375,35.57769775390625
IMG_0028.mp4,1240,41.333333333333336,30.0,625,2,traffic_signs,0.9450652599334717,438.866455078125,248.6693878173828,540.022216796875,400.96966552734375,489.4443359375,324.8195266723633,101.15576171875,152.30027770996094
IMG_0028.mp4,1240,41.333333333333336,30.0,661,2,traffic_signs,0.9246207475662231,1276.3701171875,390.328857421875,1396.3956298828125,503.53814697265625,1336.3828735351562,446.9335021972656,120.0255126953125,113.20928955078125
IMG_0028.mp4,1240,41.333333333333336,30.0,678,2,traffic_signs,0.7853338718414307,370.04425048828125,625.6476440429688,391.0914306640625,660.3694458007812,380.5678405761719,643.008544921875,21.04718017578125,34.7218017578125
IMG_0028.mp4,1240,41.333333333333336,30.0,672,2,traffic_signs,0.6841243505477905,548.4317016601562,620.8199462890625,563.7006225585938,660.710205078125,556.066162109375,640.7650756835938,15.2689208984375,39.8902587890625
IMG_0028.mp4,1240,41.333333333333336,30.0,686,2,traffic_signs,0.876548707485199,739.6966552734375,662.6752319335938,759.5936889648438,688.4662475585938,749.6451721191406,675.5707397460938,19.89703369140625,25.791015625
IMG_0028.mp4,1240,41.333333333333336,30.0,691,2,traffic_signs,0.4463730752468109,920.0281372070312,638.31005859375,935.9407348632812,674.2764282226562,927.9844360351562,656.2932434082031,15.91259765625,35.96636962890625
IMG_0028.mp4,1240,41.333333333333336,30.0,693,2,traffic_signs,0.901539146900177,2.092288017272949,467.4398498535156,30.953693389892578,540.4802856445312,16.522990703582764,503.96006774902344,28.86140537261963,73.04043579101562
IMG_0028.mp4,1241,41.36666666666667,30.0,625,2,traffic_signs,0.9590013027191162,450.6963195800781,245.69052124023438,552.4346923828125,398.6202392578125,501.5655059814453,322.15538024902344,101.73837280273438,152.92971801757812
IMG_0028.mp4,1241,41.36666666666667,30.0,661,2,traffic_signs,0.9258930683135986,1296.4525146484375,387.0157165527344,1416.99609375,501.7367858886719,1356.7243041992188,444.3762512207031,120.5435791015625,114.7210693359375
IMG_0028.mp4,1241,41.36666666666667,30.0,678,2,traffic_signs,0.6217526793479919,384.53057861328125,626.7381591796875,405.2594909667969,661.1476440429688,394.89503479003906,643.9429016113281,20.728912353515625,34.40948486328125
IMG_0028.mp4,1241,41.36666666666667,30.0,672,2,traffic_signs,0.6191034913063049,562.62060546875,620.9532470703125,578.0391235351562,664.8937377929688,570.3298645019531,642.9234924316406,15.41851806640625,43.94049072265625
IMG_0028.mp4,1241,41.36666666666667,30.0,686,2,traffic_signs,0.8451656699180603,753.8049926757812,662.9839477539062,772.9329223632812,689.0980834960938,763.3689575195312,676.041015625,19.1279296875,26.1141357421875
IMG_0028.mp4,1241,41.36666666666667,30.0,691,2,traffic_signs,0.8306201100349426,934.177001953125,638.4343872070312,949.8405151367188,675.0665893554688,942.0087585449219,656.75048828125,15.66351318359375,36.6322021484375
IMG_0028.mp4,1241,41.36666666666667,30.0,693,2,traffic_signs,0.8319543600082397,4.939084053039551,468.49462890625,45.32655715942383,542.020751953125,25.13282060623169,505.2576904296875,40.38747310638428,73.526123046875
IMG_0028.mp4,1241,41.36666666666667,30.0,695,2,traffic_signs,0.8611759543418884,1063.8905029296875,671.0304565429688,1086.8262939453125,691.7766723632812,1075.3583984375,681.403564453125,22.935791015625,20.7462158203125
IMG_0028.mp4,1242,41.4,30.0,625,2,traffic_signs,0.9560050964355469,463.24371337890625,242.32989501953125,565.3960571289062,396.8776550292969,514.3198852539062,319.60377502441406,102.15234375,154.54776000976562
IMG_0028.mp4,1242,41.4,30.0,661,2,traffic_signs,0.925125002861023,1315.990234375,383.7796936035156,1437.4088134765625,500.5227355957031,1376.6995239257812,442.1512145996094,121.4185791015625,116.7430419921875
IMG_0028.mp4,1242,41.4,30.0,678,2,traffic_signs,0.7260067462921143,399.1901550292969,627.7855834960938,420.27484130859375,662.9328002929688,409.7324981689453,645.3591918945312,21.084686279296875,35.147216796875
IMG_0028.mp4,1242,41.4,30.0,672,2,traffic_signs,0.759669303894043,576.738525390625,622.1141357421875,592.547119140625,663.1499633789062,584.642822265625,642.6320495605469,15.80859375,41.03582763671875
IMG_0028.mp4,1242,41.4,30.0,686,2,traffic_signs,0.8941006660461426,767.7327880859375,664.3267822265625,786.841796875,690.8214721679688,777.2872924804688,677.5741271972656,19.1090087890625,26.49468994140625
IMG_0028.mp4,1242,41.4,30.0,691,2,traffic_signs,0.7747973203659058,948.3939819335938,639.5225219726562,963.737548828125,675.4304809570312,956.0657653808594,657.4765014648438,15.34356689453125,35.907958984375
IMG_0028.mp4,1242,41.4,30.0,693,2,traffic_signs,0.8531576991081238,10.41795539855957,471.1270446777344,59.117218017578125,541.1159057617188,34.76758670806885,506.12147521972656,48.699262619018555,69.98886108398438
IMG_0028.mp4,1242,41.4,30.0,695,2,traffic_signs,0.8995901346206665,1077.6741943359375,671.9492797851562,1102.188720703125,693.6468505859375,1089.9314575195312,682.7980651855469,24.5145263671875,21.69757080078125
IMG_0028.mp4,1243,41.43333333333333,30.0,625,2,traffic_signs,0.9597356915473938,476.4983215332031,237.86834716796875,578.6065673828125,394.535400390625,527.5524444580078,316.2018737792969,102.10824584960938,156.66705322265625
IMG_0028.mp4,1243,41.43333333333333,30.0,661,2,traffic_signs,0.9411276578903198,1336.8565673828125,380.0234069824219,1458.59326171875,498.3177795410156,1397.7249145507812,439.17059326171875,121.7366943359375,118.29437255859375
IMG_0028.mp4,1243,41.43333333333333,30.0,678,2,traffic_signs,0.8185566663742065,413.6114501953125,628.6375122070312,434.9418029785156,663.39501953125,424.27662658691406,646.0162658691406,21.330352783203125,34.75750732421875
IMG_0028.mp4,1243,41.43333333333333,30.0,672,2,traffic_signs,0.6558605432510376,591.274658203125,622.6607055664062,606.8114624023438,666.1091918945312,599.0430603027344,644.3849487304688,15.53680419921875,43.448486328125
IMG_0028.mp4,1243,41.43333333333333,30.0,686,2,traffic_signs,0.7964339852333069,782.2409057617188,664.8789672851562,801.5225830078125,691.221435546875,791.8817443847656,678.0502014160156,19.28167724609375,26.34246826171875
IMG_0028.mp4,1243,41.43333333333333,30.0,691,2,traffic_signs,0.7698563933372498,963.1412963867188,640.3063354492188,978.6692504882812,676.3665771484375,970.9052734375,658.3364562988281,15.5279541015625,36.06024169921875
IMG_0028.mp4,1243,41.43333333333333,30.0,693,2,traffic_signs,0.7771940231323242,21.063295364379883,471.3768310546875,73.98208618164062,541.1810913085938,47.522690773010254,506.2789611816406,52.91879081726074,69.80426025390625
IMG_0028.mp4,1243,41.43333333333333,30.0,695,2,traffic_signs,0.888603687286377,1092.35595703125,671.465087890625,1117.133544921875,694.4689331054688,1104.7447509765625,682.9670104980469,24.777587890625,23.00384521484375
IMG_0028.mp4,1244,41.46666666666667,30.0,625,2,traffic_signs,0.9550926089286804,489.9217834472656,234.26931762695312,592.0545043945312,392.426025390625,540.9881439208984,313.34767150878906,102.13272094726562,158.15670776367188
IMG_0028.mp4,1244,41.46666666666667,30.0,661,2,traffic_signs,0.9476765394210815,1358.021728515625,377.3771057128906,1481.0047607421875,496.3126220703125,1419.5132446289062,436.84486389160156,122.9830322265625,118.93551635742188
IMG_0028.mp4,1244,41.46666666666667,30.0,672,2,traffic_signs,0.7780302166938782,605.4819946289062,623.6414184570312,621.0604858398438,666.5636596679688,613.271240234375,645.1025390625,15.5784912109375,42.9222412109375
IMG_0028.mp4,1244,41.46666666666667,30.0,686,2,traffic_signs,0.8509244322776794,797.062255859375,664.9979248046875,815.9442749023438,692.4902954101562,806.5032653808594,678.7441101074219,18.88201904296875,27.49237060546875
IMG_0028.mp4,1244,41.46666666666667,30.0,693,2,traffic_signs,0.8056869506835938,35.76926040649414,472.69903564453125,88.93830108642578,543.0341796875,62.35378074645996,507.8666076660156,53.16904067993164,70.33514404296875
IMG_0028.mp4,1244,41.46666666666667,30.0,695,2,traffic_signs,0.9059617519378662,1106.92822265625,672.40283203125,1132.2025146484375,694.9810791015625,1119.5653686523438,683.6919555664062,25.2742919921875,22.5782470703125
IMG_0028.mp4,1245,41.5,30.0,625,2,traffic_signs,0.9616732001304626,503.1557312011719,231.50442504882812,606.1519165039062,390.0360412597656,554.6538238525391,310.7702331542969,102.99618530273438,158.5316162109375
IMG_0028.mp4,1245,41.5,30.0,661,2,traffic_signs,0.9555751085281372,1377.4464111328125,374.2846374511719,1504.202392578125,494.8594970703125,1440.8244018554688,434.5720672607422,126.7559814453125,120.57485961914062
IMG_0028.mp4,1245,41.5,30.0,672,2,traffic_signs,0.7913966178894043,620.6033935546875,624.379150390625,635.9461669921875,668.486572265625,628.2747802734375,646.432861328125,15.3427734375,44.107421875
IMG_0028.mp4,1245,41.5,30.0,686,2,traffic_signs,0.86520916223526,811.453369140625,665.8219604492188,830.6148681640625,692.970458984375,821.0341186523438,679.3962097167969,19.1614990234375,27.14849853515625
IMG_0028.mp4,1245,41.5,30.0,693,2,traffic_signs,0.8711844682693481,50.60780715942383,473.77947998046875,103.59638214111328,543.1983032226562,77.10209465026855,508.4888916015625,52.98857498168945,69.4188232421875
IMG_0028.mp4,1245,41.5,30.0,695,2,traffic_signs,0.9153687953948975,1122.6495361328125,672.794677734375,1147.936279296875,695.811767578125,1135.2929077148438,684.30322265625,25.2867431640625,23.01708984375
IMG_0028.mp4,1245,41.5,30.0,678,2,traffic_signs,0.5015718936920166,444.0399475097656,631.2637939453125,464.8424987792969,664.7815551757812,454.44122314453125,648.0226745605469,20.80255126953125,33.51776123046875
IMG_0028.mp4,1245,41.5,30.0,691,2,traffic_signs,0.48642802238464355,992.6663818359375,641.5935668945312,1008.7437744140625,677.965576171875,1000.705078125,659.7795715332031,16.077392578125,36.37200927734375
IMG_0028.mp4,1246,41.53333333333333,30.0,625,2,traffic_signs,0.9564588665962219,516.3167114257812,227.0251007080078,620.1207885742188,387.7132263183594,568.21875,307.3691635131836,103.8040771484375,160.68812561035156
IMG_0028.mp4,1246,41.53333333333333,30.0,661,2,traffic_signs,0.9519200325012207,1399.033447265625,370.7108154296875,1528.141357421875,492.45074462890625,1463.58740234375,431.5807800292969,129.10791015625,121.73992919921875
IMG_0028.mp4,1246,41.53333333333333,30.0,672,2,traffic_signs,0.5264250040054321,635.43896484375,624.946044921875,650.8759765625,670.4553833007812,643.157470703125,647.7007141113281,15.43701171875,45.50933837890625
IMG_0028.mp4,1246,41.53333333333333,30.0,686,2,traffic_signs,0.8099809288978577,826.2286376953125,666.5332641601562,844.87646484375,694.093994140625,835.5525512695312,680.3136291503906,18.6478271484375,27.56072998046875
IMG_0028.mp4,1246,41.53333333333333,30.0,693,2,traffic_signs,0.3907480239868164,64.81072235107422,475.2279357910156,116.98562622070312,543.3466796875,90.89817428588867,509.2873077392578,52.174903869628906,68.11874389648438
IMG_0028.mp4,1246,41.53333333333333,30.0,695,2,traffic_signs,0.8986983895301819,1137.24072265625,672.9598999023438,1163.228759765625,696.0534057617188,1150.2347412109375,684.5066528320312,25.988037109375,23.093505859375
IMG_0028.mp4,1246,41.53333333333333,30.0,678,2,traffic_signs,0.7837656736373901,458.5630798339844,632.0375366210938,479.8236999511719,665.9382934570312,469.1933898925781,648.9879150390625,21.2606201171875,33.9007568359375
IMG_0028.mp4,1247,41.56666666666667,30.0,625,2,traffic_signs,0.959363579750061,530.3757934570312,223.21144104003906,633.9324951171875,384.36328125,582.1541442871094,303.78736114501953,103.55670166015625,161.15184020996094
IMG_0028.mp4,1247,41.56666666666667,30.0,661,2,traffic_signs,0.944047212600708,1421.407958984375,367.44427490234375,1551.6988525390625,490.47625732421875,1486.5534057617188,428.96026611328125,130.2908935546875,123.031982421875
IMG_0028.mp4,1247,41.56666666666667,30.0,672,2,traffic_signs,0.6247039437294006,650.5112915039062,625.85546875,666.1298828125,669.1271362304688,658.3205871582031,647.4913024902344,15.61859130859375,43.27166748046875
IMG_0028.mp4,1247,41.56666666666667,30.0,686,2,traffic_signs,0.8821809887886047,842.2420043945312,666.8853759765625,860.0021362304688,694.678955078125,851.1220703125,680.7821655273438,17.7601318359375,27.7935791015625
IMG_0028.mp4,1247,41.56666666666667,30.0,693,2,traffic_signs,0.7495818138122559,81.28428649902344,476.02764892578125,133.23855590820312,544.7614135742188,107.26142120361328,510.39453125,51.95426940917969,68.7337646484375
IMG_0028.mp4,1247,41.56666666666667,30.0,695,2,traffic_signs,0.8907433152198792,1152.7608642578125,673.1694946289062,1179.7608642578125,696.438232421875,1166.2608642578125,684.8038635253906,27.0,23.26873779296875
IMG_0028.mp4,1247,41.56666666666667,30.0,678,2,traffic_signs,0.7389751672744751,474.1306457519531,632.9321899414062,495.7828674316406,667.0799560546875,484.9567565917969,650.0060729980469,21.6522216796875,34.14776611328125
IMG_0028.mp4,1247,41.56666666666667,30.0,691,2,traffic_signs,0.5044499635696411,1022.97216796875,644.4056396484375,1038.609619140625,678.309814453125,1030.7908935546875,661.3577270507812,15.637451171875,33.9041748046875
IMG_0028.mp4,1248,41.6,30.0,625,2,traffic_signs,0.9563409686088562,544.2872314453125,220.62982177734375,649.28662109375,382.5487060546875,596.7869262695312,301.5892639160156,104.9993896484375,161.91888427734375
IMG_0028.mp4,1248,41.6,30.0,661,2,traffic_signs,0.9460011124610901,1444.1591796875,365.34454345703125,1576.57177734375,488.7172546386719,1510.365478515625,427.03089904785156,132.41259765625,123.37271118164062
IMG_0028.mp4,1248,41.6,30.0,672,2,traffic_signs,0.8435869216918945,666.517822265625,627.3187866210938,681.7141723632812,667.5532836914062,674.1159973144531,647.43603515625,15.19635009765625,40.2344970703125
IMG_0028.mp4,1248,41.6,30.0,686,2,traffic_signs,0.9007917642593384,858.518310546875,668.6791381835938,875.3375244140625,694.6004028320312,866.9279174804688,681.6397705078125,16.8192138671875,25.9212646484375
IMG_0028.mp4,1248,41.6,30.0,693,2,traffic_signs,0.6404008865356445,97.9230728149414,477.3735656738281,148.96621704101562,547.084716796875,123.44464492797852,512.2291412353516,51.04314422607422,69.71115112304688
IMG_0028.mp4,1248,41.6,30.0,695,2,traffic_signs,0.7207538485527039,1168.6568603515625,673.841064453125,1196.16259765625,697.4537963867188,1182.4097290039062,685.6474304199219,27.5057373046875,23.61273193359375
IMG_0028.mp4,1248,41.6,30.0,678,2,traffic_signs,0.4044404625892639,490.2678527832031,634.354736328125,511.0137634277344,668.5778198242188,500.64080810546875,651.4662780761719,20.74591064453125,34.22308349609375
IMG_0028.mp4,1248,41.6,30.0,691,2,traffic_signs,0.680423378944397,1038.9091796875,646.8070678710938,1054.5516357421875,680.105712890625,1046.7304077148438,663.4563903808594,15.6424560546875,33.29864501953125
IMG_0028.mp4,1249,41.63333333333333,30.0,625,2,traffic_signs,0.9705500602722168,557.3382568359375,216.4973602294922,663.6770629882812,380.1839904785156,610.5076599121094,298.3406753540039,106.33880615234375,163.68663024902344
IMG_0028.mp4,1249,41.63333333333333,30.0,661,2,traffic_signs,0.9346080422401428,1467.0887451171875,361.2064208984375,1601.2830810546875,486.2709045410156,1534.1859130859375,423.73866271972656,134.1943359375,125.06448364257812
IMG_0028.mp4,1249,41.63333333333333,30.0,672,2,traffic_signs,0.7534406185150146,681.0249633789062,628.0162353515625,696.459716796875,668.4782104492188,688.7423400878906,648.2472229003906,15.43475341796875,40.46197509765625
IMG_0028.mp4,1249,41.63333333333333,30.0,686,2,traffic_signs,0.871791660785675,873.9086303710938,669.4896850585938,890.1140747070312,695.10595703125,882.0113525390625,682.2978210449219,16.2054443359375,25.61627197265625
IMG_0028.mp4,1249,41.63333333333333,30.0,693,2,traffic_signs,0.7408844828605652,112.76679992675781,477.0221862792969,163.36497497558594,547.9340209960938,138.06588745117188,512.4781036376953,50.598175048828125,70.91183471679688
IMG_0028.mp4,1249,41.63333333333333,30.0,695,2,traffic_signs,0.7132654786109924,1183.80078125,673.782958984375,1211.9395751953125,697.7252807617188,1197.8701782226562,685.7541198730469,28.1387939453125,23.94232177734375
IMG_0028.mp4,1249,41.63333333333333,30.0,678,2,traffic_signs,0.8492626547813416,505.4639587402344,635.4393920898438,526.2496948242188,669.47802734375,515.8568267822266,652.4587097167969,20.785736083984375,34.03863525390625
IMG_0028.mp4,1249,41.63333333333333,30.0,691,2,traffic_signs,0.6509530544281006,1054.7347412109375,645.4338989257812,1070.870849609375,680.3405151367188,1062.8027954101562,662.88720703125,16.1361083984375,34.9066162109375
IMG_0028.mp4,1250,41.666666666666664,30.0,625,2,traffic_signs,0.8961238265037537,571.890625,212.22982788085938,679.291259765625,377.51617431640625,625.5909423828125,294.8730010986328,107.400634765625,165.28634643554688
IMG_0028.mp4,1250,41.666666666666664,30.0,661,2,traffic_signs,0.9402488470077515,1491.99560546875,357.0219421386719,1626.815185546875,484.03680419921875,1559.4053955078125,420.5293731689453,134.819580078125,127.01486206054688
IMG_0028.mp4,1250,41.666666666666664,30.0,672,2,traffic_signs,0.6435706615447998,696.9349975585938,629.0894775390625,712.1414794921875,668.7159423828125,704.5382385253906,648.9027099609375,15.20648193359375,39.62646484375
IMG_0028.mp4,1250,41.666666666666664,30.0,686,2,traffic_signs,0.854101300239563,890.635498046875,671.3405151367188,905.7340698242188,696.5565185546875,898.1847839355469,683.9485168457031,15.09857177734375,25.21600341796875
IMG_0028.mp4,1250,41.666666666666664,30.0,693,2,traffic_signs,0.6586900949478149,128.2910614013672,477.4186096191406,178.61166381835938,548.9703979492188,153.45136260986328,513.1945037841797,50.32060241699219,71.55178833007812
IMG_0028.mp4,1250,41.666666666666664,30.0,695,2,traffic_signs,0.6352112293243408,1201.1082763671875,674.1854858398438,1229.2423095703125,698.9286499023438,1215.17529296875,686.5570678710938,28.134033203125,24.7431640625
IMG_0028.mp4,1250,41.666666666666664,30.0,678,2,traffic_signs,0.738332211971283,521.6148681640625,636.4764404296875,543.0812377929688,670.916015625,532.3480529785156,653.6962280273438,21.46636962890625,34.4395751953125
IMG_0028.mp4,1251,41.7,30.0,625,2,traffic_signs,0.9600547552108765,586.3832397460938,208.62237548828125,694.2164306640625,375.3317565917969,640.2998352050781,291.97706604003906,107.83319091796875,166.70938110351562
IMG_0028.mp4,1251,41.7,30.0,661,2,traffic_signs,0.9488019943237305,1515.2344970703125,354.065185546875,1652.34619140625,482.0995788574219,1583.7903442382812,418.08238220214844,137.1116943359375,128.03439331054688
IMG_0028.mp4,1251,41.7,30.0,672,2,traffic_signs,0.813186526298523,712.2346801757812,629.46142578125,727.2987670898438,668.517578125,719.7667236328125,648.989501953125,15.0640869140625,39.05615234375
IMG_0028.mp4,1251,41.7,30.0,686,2,traffic_signs,0.8749909400939941,906.328369140625,672.0034790039062,920.8060302734375,696.9026489257812,913.5671997070312,684.4530639648438,14.4776611328125,24.899169921875
IMG_0028.mp4,1251,41.7,30.0,693,2,traffic_signs,0.7989848852157593,143.7751007080078,476.9225158691406,194.38856506347656,549.9910888671875,169.0818328857422,513.4568023681641,50.61346435546875,73.06857299804688
IMG_0028.mp4,1251,41.7,30.0,695,2,traffic_signs,0.8526962399482727,1217.409423828125,675.4290161132812,1246.7613525390625,699.7360229492188,1232.0853881835938,687.58251953125,29.3519287109375,24.3070068359375
IMG_0028.mp4,1251,41.7,30.0,678,2,traffic_signs,0.6073682308197021,537.1351318359375,637.9207763671875,557.1785278320312,671.630615234375,547.1568298339844,654.7756958007812,20.04339599609375,33.7098388671875
IMG_0028.mp4,1251,41.7,30.0,691,2,traffic_signs,0.589546799659729,1087.2476806640625,648.7839965820312,1103.1134033203125,682.02978515625,1095.1805419921875,665.4068908691406,15.86572265625,33.24578857421875
IMG_0028.mp4,1252,41.733333333333334,30.0,625,2,traffic_signs,0.907680869102478,601.1112060546875,203.84815979003906,709.222900390625,372.2912292480469,655.1670532226562,288.06969451904297,108.1116943359375,168.4430694580078
IMG_0028.mp4,1252,41.733333333333334,30.0,661,2,traffic_signs,0.9541342258453369,1539.8226318359375,349.9969787597656,1678.964599609375,479.35400390625,1609.3936157226562,414.6754913330078,139.1419677734375,129.35702514648438
IMG_0028.mp4,1252,41.733333333333334,30.0,672,2,traffic_signs,0.8187298774719238,728.3078002929688,631.0888671875,743.1505737304688,667.6893310546875,735.7291870117188,649.3890991210938,14.8427734375,36.6004638671875
IMG_0028.mp4,1252,41.733333333333334,30.0,686,2,traffic_signs,0.8337175846099854,922.2572021484375,672.2120971679688,936.78662109375,698.3690795898438,929.5219116210938,685.2905883789062,14.5294189453125,26.156982421875
IMG_0028.mp4,1252,41.733333333333334,30.0,693,2,traffic_signs,0.8539417386054993,159.75299072265625,478.4609680175781,209.96109008789062,550.6373291015625,184.85704040527344,514.5491485595703,50.208099365234375,72.17636108398438
IMG_0028.mp4,1252,41.733333333333334,30.0,695,2,traffic_signs,0.5119513273239136,1234.3121337890625,675.0492553710938,1264.6351318359375,700.1429443359375,1249.4736328125,687.5960998535156,30.322998046875,25.09368896484375
IMG_0028.mp4,1252,41.733333333333334,30.0,678,2,traffic_signs,0.769695520401001,553.171630859375,638.9866943359375,573.4603881835938,672.8383178710938,563.3160095214844,655.9125061035156,20.28875732421875,33.85162353515625
IMG_0028.mp4,1252,41.733333333333334,30.0,691,2,traffic_signs,0.46307384967803955,1103.3287353515625,648.3179931640625,1120.111328125,682.9837036132812,1111.7200317382812,665.6508483886719,16.7825927734375,34.66571044921875
IMG_0028.mp4,1253,41.766666666666666,30.0,625,2,traffic_signs,0.9620537161827087,616.8010864257812,198.44529724121094,726.2383422851562,370.004150390625,671.5197143554688,284.22472381591797,109.437255859375,171.55885314941406
IMG_0028.mp4,1253,41.766666666666666,30.0,661,2,traffic_signs,0.9595075249671936,1564.432373046875,345.6528015136719,1706.2783203125,477.227294921875,1635.3553466796875,411.44004821777344,141.845947265625,131.57449340820312
IMG_0028.mp4,1253,41.766666666666666,30.0,672,2,traffic_signs,0.45449721813201904,744.2989501953125,631.596435546875,759.1497192382812,668.7987670898438,751.7243347167969,650.1976013183594,14.85076904296875,37.20233154296875
IMG_0028.mp4,1253,41.766666666666666,30.0,686,2,traffic_signs,0.8252405524253845,939.4774780273438,672.6729736328125,952.6956176757812,697.973388671875,946.0865478515625,685.3231811523438,13.2181396484375,25.3004150390625
IMG_0028.mp4,1253,41.766666666666666,30.0,693,2,traffic_signs,0.8687566518783569,175.63340759277344,479.3387451171875,225.6289520263672,551.8697509765625,200.6311798095703,515.604248046875,49.99554443359375,72.531005859375
IMG_0028.mp4,1253,41.766666666666666,30.0,695,2,traffic_signs,0.8859221339225769,1252.4365234375,675.5701904296875,1281.999267578125,700.7059326171875,1267.2178955078125,688.1380615234375,29.562744140625,25.1357421875
IMG_0028.mp4,1253,41.766666666666666,30.0,678,2,traffic_signs,0.8182414174079895,569.6241455078125,638.9375610351562,590.808837890625,673.1542358398438,580.2164916992188,656.0458984375,21.1846923828125,34.2166748046875
IMG_0028.mp4,1253,41.766666666666666,30.0,691,2,traffic_signs,0.7299156785011292,1120.5242919921875,649.6947631835938,1136.383544921875,682.9957275390625,1128.4539184570312,666.3452453613281,15.8592529296875,33.30096435546875
IMG_0028.mp4,1254,41.8,30.0,625,2,traffic_signs,0.9564070701599121,632.1475830078125,194.984130859375,743.2415161132812,368.1648254394531,687.6945495605469,281.57447814941406,111.09393310546875,173.18069458007812
IMG_0028.mp4,1254,41.8,30.0,661,2,traffic_signs,0.9584965109825134,1590.5333251953125,342.6559753417969,1734.030517578125,475.2749938964844,1662.2819213867188,408.9654846191406,143.4971923828125,132.6190185546875
IMG_0028.mp4,1254,41.8,30.0,672,2,traffic_signs,0.764380693435669,758.3053588867188,632.3310546875,776.0314331054688,687.6815795898438,767.1683959960938,660.0063171386719,17.72607421875,55.35052490234375
IMG_0028.mp4,1254,41.8,30.0,686,2,traffic_signs,0.859184980392456,957.0419921875,673.9461669921875,969.4935913085938,698.5772705078125,963.2677917480469,686.26171875,12.45159912109375,24.631103515625
IMG_0028.mp4,1254,41.8,30.0,693,2,traffic_signs,0.8424723148345947,192.7195281982422,479.0994567871094,243.33319091796875,553.2716674804688,218.02635955810547,516.1855621337891,50.61366271972656,74.17221069335938
IMG_0028.mp4,1254,41.8,30.0,695,2,traffic_signs,0.6406310200691223,1270.297119140625,676.2074584960938,1299.643310546875,701.5242309570312,1284.97021484375,688.8658447265625,29.34619140625,25.3167724609375
IMG_0028.mp4,1254,41.8,30.0,678,2,traffic_signs,0.8108687400817871,586.6552734375,640.79052734375,606.7125854492188,674.3657836914062,596.6839294433594,657.5781555175781,20.05731201171875,33.57525634765625
IMG_0028.mp4,1254,41.8,30.0,691,2,traffic_signs,0.7514289617538452,1138.8687744140625,650.9474487304688,1153.5186767578125,682.7177124023438,1146.1937255859375,666.8325805664062,14.64990234375,31.770263671875
IMG_0028.mp4,1255,41.833333333333336,30.0,625,2,traffic_signs,0.9492323398590088,648.3344116210938,190.47303771972656,759.3963012695312,364.7217712402344,703.8653564453125,277.59740447998047,111.0618896484375,174.2487335205078
IMG_0028.mp4,1255,41.833333333333336,30.0,661,2,traffic_signs,0.964482307434082,1616.2064208984375,338.24224853515625,1763.2696533203125,472.8050842285156,1689.738037109375,405.52366638183594,147.063232421875,134.56283569335938
IMG_0028.mp4,1255,41.833333333333336,30.0,672,2,traffic_signs,0.779630720615387,776.3557739257812,633.7791748046875,792.1040649414062,678.5090942382812,784.2299194335938,656.1441345214844,15.748291015625,44.72991943359375
IMG_0028.mp4,1255,41.833333333333336,30.0,686,2,traffic_signs,0.7358823418617249,974.3229370117188,675.8143920898438,985.539306640625,699.2230224609375,979.9311218261719,687.5187072753906,11.21636962890625,23.40863037109375
IMG_0028.mp4,1255,41.833333333333336,30.0,693,2,traffic_signs,0.8256322741508484,209.94168090820312,480.6059875488281,260.0890808105469,554.04248046875,235.015380859375,517.3242340087891,50.14739990234375,73.43649291992188
IMG_0028.mp4,1255,41.833333333333336,30.0,695,2,traffic_signs,0.680799663066864,1288.1529541015625,677.0244750976562,1318.3519287109375,702.2426147460938,1303.25244140625,689.633544921875,30.198974609375,25.2181396484375
IMG_0028.mp4,1255,41.833333333333336,30.0,678,2,traffic_signs,0.7737194895744324,603.1533203125,641.9284057617188,623.4283447265625,675.0996704101562,613.2908325195312,658.5140380859375,20.2750244140625,33.1712646484375
IMG_0028.mp4,1255,41.833333333333336,30.0,691,2,traffic_signs,0.7290756702423096,1155.2825927734375,651.268310546875,1171.560791015625,684.2418823242188,1163.4216918945312,667.7550964355469,16.2781982421875,32.97357177734375
IMG_0028.mp4,1256,41.86666666666667,30.0,625,2,traffic_signs,0.9596531987190247,664.73828125,186.322509765625,777.0148315429688,361.7301330566406,720.8765563964844,274.0263214111328,112.27655029296875,175.40762329101562
IMG_0028.mp4,1256,41.86666666666667,30.0,661,2,traffic_signs,0.9435871839523315,1643.847412109375,333.2685546875,1795.1689453125,469.3976135253906,1719.5081787109375,401.3330841064453,151.321533203125,136.12905883789062
IMG_0028.mp4,1256,41.86666666666667,30.0,686,2,traffic_signs,0.809883177280426,992.2229614257812,676.4532470703125,1002.4393920898438,699.2378540039062,997.3311767578125,687.8455505371094,10.2164306640625,22.78460693359375
IMG_0028.mp4,1256,41.86666666666667,30.0,693,2,traffic_signs,0.8154805898666382,227.0167694091797,481.91607666015625,275.91131591796875,557.4826049804688,251.46404266357422,519.6993408203125,48.89454650878906,75.5665283203125
IMG_0028.mp4,1256,41.86666666666667,30.0,695,2,traffic_signs,0.6691678762435913,1306.8551025390625,678.0324096679688,1337.1368408203125,704.7285766601562,1321.9959716796875,691.3804931640625,30.28173828125,26.6961669921875
IMG_0028.mp4,1256,41.86666666666667,30.0,678,2,traffic_signs,0.8420194387435913,619.9598999023438,642.80029296875,640.7545776367188,676.4527587890625,630.3572387695312,659.6265258789062,20.794677734375,33.6524658203125
IMG_0028.mp4,1256,41.86666666666667,30.0,691,2,traffic_signs,0.6802642941474915,1173.287353515625,652.8890380859375,1189.421142578125,684.0147705078125,1181.354248046875,668.451904296875,16.1337890625,31.125732421875
IMG_0028.mp4,1257,41.9,30.0,625,2,traffic_signs,0.6534004211425781,681.2256469726562,181.295166015625,795.6038208007812,358.9357604980469,738.4147338867188,270.11546325683594,114.378173828125,177.64059448242188
IMG_0028.mp4,1257,41.9,30.0,661,2,traffic_signs,0.9487958550453186,1672.6497802734375,328.8801574707031,1826.8770751953125,465.804931640625,1749.763427734375,397.34254455566406,154.227294921875,136.92477416992188
IMG_0028.mp4,1257,41.9,30.0,686,2,traffic_signs,0.6702194809913635,1009.9251098632812,677.2863159179688,1019.5768432617188,700.1790771484375,1014.7509765625,688.7326965332031,9.6517333984375,22.89276123046875
IMG_0028.mp4,1257,41.9,30.0,693,2,traffic_signs,0.8788747191429138,243.8209991455078,482.3008728027344,294.0018310546875,558.4724731445312,268.91141510009766,520.3866729736328,50.18083190917969,76.17160034179688
IMG_0028.mp4,1257,41.9,30.0,695,2,traffic_signs,0.8023473620414734,1325.178466796875,678.261474609375,1356.0120849609375,705.5756225585938,1340.5952758789062,691.9185485839844,30.8336181640625,27.31414794921875
IMG_0028.mp4,1257,41.9,30.0,678,2,traffic_signs,0.801744282245636,636.9776000976562,643.9703369140625,656.9046630859375,676.8372192382812,646.9411315917969,660.4037780761719,19.92706298828125,32.86688232421875
IMG_0028.mp4,1257,41.9,30.0,691,2,traffic_signs,0.7667995095252991,1191.36767578125,653.9046630859375,1207.1029052734375,685.5040283203125,1199.2352905273438,669.704345703125,15.7352294921875,31.599365234375
IMG_0028.mp4,1257,41.9,30.0,672,2,traffic_signs,0.7140965461730957,808.9096069335938,635.1438598632812,824.8892822265625,678.6796875,816.8994445800781,656.9117736816406,15.97967529296875,43.53582763671875
IMG_0028.mp4,1258,41.93333333333333,30.0,625,2,traffic_signs,0.9541963338851929,698.3306274414062,175.9934844970703,813.7118530273438,356.4786071777344,756.021240234375,266.23604583740234,115.3812255859375,180.48512268066406
IMG_0028.mp4,1258,41.93333333333333,30.0,661,2,traffic_signs,0.9458029270172119,1701.5174560546875,322.62664794921875,1860.649658203125,463.2352600097656,1781.0835571289062,392.9309539794922,159.1322021484375,140.60861206054688
IMG_0028.mp4,1258,41.93333333333333,30.0,693,2,traffic_signs,0.6689414978027344,259.9073486328125,483.7224426269531,310.6453552246094,559.5164184570312,285.27635192871094,521.6194305419922,50.738006591796875,75.79397583007812
IMG_0028.mp4,1258,41.93333333333333,30.0,678,2,traffic_signs,0.8332284092903137,653.6477661132812,644.8616943359375,674.1707763671875,678.1763305664062,663.9092712402344,661.5190124511719,20.52301025390625,33.31463623046875
IMG_0028.mp4,1258,41.93333333333333,30.0,691,2,traffic_signs,0.735357403755188,1209.5704345703125,655.0046997070312,1225.3341064453125,686.5824584960938,1217.4522705078125,670.7935791015625,15.763671875,31.5777587890625
IMG_0028.mp4,1258,41.93333333333333,30.0,672,2,traffic_signs,0.6761011481285095,826.1906127929688,635.83984375,841.778564453125,677.4132690429688,833.9845886230469,656.6265563964844,15.58795166015625,41.57342529296875
IMG_0028.mp4,1259,41.96666666666667,30.0,625,2,traffic_signs,0.9533082246780396,716.0752563476562,171.6939239501953,831.5247192382812,352.4883117675781,773.7999877929688,262.0911178588867,115.449462890625,180.7943878173828
IMG_0028.mp4,1259,41.96666666666667,30.0,661,2,traffic_signs,0.9475723505020142,1732.0338134765625,319.15435791015625,1895.432373046875,459.70556640625,1813.7330932617188,389.4299621582031,163.3985595703125,140.55120849609375
IMG_0028.mp4,1259,41.96666666666667,30.0,693,2,traffic_signs,0.8146531581878662,276.1644287109375,484.25006103515625,327.32818603515625,560.1123046875,301.7463073730469,522.1811828613281,51.16375732421875,75.86224365234375
IMG_0028.mp4,1259,41.96666666666667,30.0,678,2,traffic_signs,0.868240475654602,670.0504760742188,645.17431640625,690.900634765625,679.7410888671875,680.4755554199219,662.4577026367188,20.85015869140625,34.5667724609375
IMG_0028.mp4,1259,41.96666666666667,30.0,691,2,traffic_signs,0.40176069736480713,1228.03369140625,654.7833251953125,1244.0245361328125,687.3444213867188,1236.0291137695312,671.0638732910156,15.9908447265625,32.56109619140625
IMG_0028.mp4,1259,41.96666666666667,30.0,695,2,traffic_signs,0.8049283027648926,1363.4814453125,679.1696166992188,1394.7587890625,706.9144287109375,1379.1201171875,693.0420227050781,31.27734375,27.74481201171875
IMG_0028.mp4,1260,42.0,30.0,625,2,traffic_signs,0.9550312757492065,734.3649291992188,166.11398315429688,850.879150390625,349.63238525390625,792.6220397949219,257.87318420410156,116.51422119140625,183.51840209960938
IMG_0028.mp4,1260,42.0,30.0,661,2,traffic_signs,0.9468866586685181,1763.1575927734375,318.5329284667969,1920.0,456.3273620605469,1841.5787963867188,387.4301452636719,156.8424072265625,137.79443359375
IMG_0028.mp4,1260,42.0,30.0,693,2,traffic_signs,0.6444464921951294,293.89453125,485.8933410644531,345.3349914550781,561.5830688476562,319.61476135253906,523.7382049560547,51.440460205078125,75.68972778320312
IMG_0028.mp4,1260,42.0,30.0,678,2,traffic_signs,0.8020657300949097,687.599609375,646.8493041992188,708.1294555664062,680.5135498046875,697.8645324707031,663.6814270019531,20.52984619140625,33.66424560546875
IMG_0028.mp4,1260,42.0,30.0,691,2,traffic_signs,0.8327305912971497,1245.715087890625,655.6693115234375,1264.0726318359375,687.2950439453125,1254.8938598632812,671.482177734375,18.3575439453125,31.625732421875
IMG_0028.mp4,1260,42.0,30.0,695,2,traffic_signs,0.8905661106109619,1384.129150390625,679.3447265625,1414.1884765625,707.896240234375,1399.1588134765625,693.6204833984375,30.059326171875,28.551513671875
IMG_0028.mp4,1260,42.0,30.0,672,2,traffic_signs,0.701683759689331,859.4407348632812,638.3035278320312,875.4752807617188,683.2022705078125,867.4580078125,660.7528991699219,16.0345458984375,44.89874267578125
IMG_0028.mp4,1261,42.03333333333333,30.0,625,2,traffic_signs,0.9498903751373291,752.6019897460938,160.78823852539062,870.327392578125,346.7138366699219,811.4646911621094,253.75103759765625,117.72540283203125,185.92559814453125
IMG_0028.mp4,1261,42.03333333333333,30.0,661,2,traffic_signs,0.9633673429489136,1794.885498046875,318.59246826171875,1920.0,453.41278076171875,1857.4427490234375,386.00262451171875,125.114501953125,134.8203125
IMG_0028.mp4,1261,42.03333333333333,30.0,693,2,traffic_signs,0.8719227313995361,311.29217529296875,486.5025634765625,361.8992004394531,561.5779418945312,336.59568786621094,524.0402526855469,50.607025146484375,75.07537841796875
IMG_0028.mp4,1261,42.03333333333333,30.0,678,2,traffic_signs,0.8471280932426453,705.4739379882812,647.0321655273438,725.5825805664062,681.416259765625,715.5282592773438,664.2242126464844,20.108642578125,34.38409423828125
IMG_0028.mp4,1261,42.03333333333333,30.0,691,2,traffic_signs,0.638126015663147,1264.569091796875,655.4876098632812,1283.3675537109375,688.7630615234375,1273.9683227539062,672.1253356933594,18.7984619140625,33.27545166015625
IMG_0028.mp4,1261,42.03333333333333,30.0,695,2,traffic_signs,0.8902342319488525,1404.2265625,679.3746948242188,1433.8704833984375,708.561279296875,1419.0485229492188,693.9679870605469,29.6439208984375,29.18658447265625
IMG_0028.mp4,1261,42.03333333333333,30.0,704,2,traffic_signs,0.6263453960418701,1067.4967041015625,679.676025390625,1079.333984375,703.14599609375,1073.4153442382812,691.4110107421875,11.8372802734375,23.469970703125
IMG_0028.mp4,1261,42.03333333333333,30.0,672,2,traffic_signs,0.5188366770744324,876.6242065429688,638.8746948242188,893.0399169921875,682.588623046875,884.8320617675781,660.7316589355469,16.41571044921875,43.71392822265625
IMG_0028.mp4,1262,42.06666666666667,30.0,625,2,traffic_signs,0.9530048370361328,771.866455078125,154.1079559326172,890.143310546875,343.8587646484375,831.0048828125,248.98336029052734,118.27685546875,189.7508087158203
IMG_0028.mp4,1262,42.06666666666667,30.0,661,2,traffic_signs,0.9355422854423523,1828.30126953125,324.4908142089844,1920.0,449.14251708984375,1874.150634765625,386.81666564941406,91.69873046875,124.65170288085938
IMG_0028.mp4,1262,42.06666666666667,30.0,693,2,traffic_signs,0.6817551255226135,329.7900695800781,486.9981994628906,379.7364807128906,562.4647216796875,354.7632751464844,524.7314605712891,49.9464111328125,75.46652221679688
IMG_0028.mp4,1262,42.06666666666667,30.0,678,2,traffic_signs,0.6104768514633179,722.5740966796875,648.1192626953125,743.9164428710938,682.2603149414062,733.2452697753906,665.1897888183594,21.34234619140625,34.14105224609375
IMG_0028.mp4,1262,42.06666666666667,30.0,691,2,traffic_signs,0.48759835958480835,1283.817138671875,656.9420166015625,1304.1759033203125,690.6114501953125,1293.9965209960938,673.7767333984375,20.3587646484375,33.66943359375
IMG_0028.mp4,1262,42.06666666666667,30.0,695,2,traffic_signs,0.8418129682540894,1424.0379638671875,679.7379150390625,1454.7137451171875,709.3783569335938,1439.3758544921875,694.5581359863281,30.67578125,29.64044189453125
IMG_0028.mp4,1262,42.06666666666667,30.0,672,2,traffic_signs,0.7398176789283752,894.3765869140625,639.6942138671875,910.3325805664062,679.0634155273438,902.3545837402344,659.3788146972656,15.95599365234375,39.36920166015625
IMG_0028.mp4,1263,42.1,30.0,625,2,traffic_signs,0.9409719705581665,791.182861328125,147.93946838378906,910.2850952148438,339.53497314453125,850.7339782714844,243.73722076416016,119.10223388671875,191.5955047607422
IMG_0028.mp4,1263,42.1,30.0,661,2,traffic_signs,0.8711429238319397,1863.42822265625,333.26312255859375,1920.0,442.1759948730469,1891.714111328125,387.7195587158203,56.57177734375,108.91287231445312
IMG_0028.mp4,1263,42.1,30.0,693,2,traffic_signs,0.5589856505393982,347.3879699707031,488.39007568359375,397.06463623046875,563.28076171875,372.22630310058594,525.8354187011719,49.676666259765625,74.89068603515625
IMG_0028.mp4,1263,42.1,30.0,678,2,traffic_signs,0.8244003057479858,740.6754150390625,649.29052734375,761.6196899414062,683.2097778320312,751.1475524902344,666.2501525878906,20.94427490234375,33.91925048828125
IMG_0028.mp4,1263,42.1,30.0,691,2,traffic_signs,0.4264316260814667,1302.64892578125,657.3309326171875,1324.337646484375,690.12109375,1313.4932861328125,673.7260131835938,21.688720703125,32.7901611328125
IMG_0028.mp4,1263,42.1,30.0,695,2,traffic_signs,0.5661722421646118,1443.6644287109375,680.6470947265625,1475.9293212890625,709.8840942382812,1459.796875,695.2655944824219,32.264892578125,29.23699951171875
IMG_0028.mp4,1263,42.1,30.0,672,2,traffic_signs,0.7848783135414124,912.1712646484375,640.3668823242188,927.7568359375,679.8302001953125,919.9640502929688,660.0985412597656,15.5855712890625,39.46331787109375
IMG_0028.mp4,1263,42.1,30.0,704,2,traffic_signs,0.8004354238510132,1103.077392578125,681.4623413085938,1119.692626953125,708.5620727539062,1111.385009765625,695.01220703125,16.615234375,27.0997314453125
IMG_0028.mp4,1264,42.13333333333333,30.0,625,2,traffic_signs,0.9535000324249268,810.5020751953125,141.38998413085938,931.4752807617188,335.6070251464844,870.9886779785156,238.49850463867188,120.97320556640625,194.217041015625
IMG_0028.mp4,1264,42.13333333333333,30.0,693,2,traffic_signs,0.6841253042221069,365.3672790527344,488.58221435546875,415.5052795410156,564.894775390625,390.436279296875,526.7384948730469,50.13800048828125,76.31256103515625
IMG_0028.mp4,1264,42.13333333333333,30.0,678,2,traffic_signs,0.7108302712440491,758.3573608398438,650.1763916015625,779.9754638671875,684.656982421875,769.1664123535156,667.4166870117188,21.61810302734375,34.4805908203125
IMG_0028.mp4,1264,42.13333333333333,30.0,672,2,traffic_signs,0.8056193590164185,929.776123046875,641.308349609375,945.928955078125,680.6596069335938,937.8525390625,660.9839782714844,16.15283203125,39.35125732421875
IMG_0028.mp4,1264,42.13333333333333,30.0,704,2,traffic_signs,0.7057127356529236,1121.828857421875,682.2564697265625,1140.2716064453125,709.98779296875,1131.0502319335938,696.1221313476562,18.4427490234375,27.7313232421875
IMG_0028.mp4,1265,42.166666666666664,30.0,625,2,traffic_signs,0.9414668679237366,830.5875854492188,134.84011840820312,953.1065063476562,331.0775451660156,891.8470458984375,232.95883178710938,122.5189208984375,196.2374267578125
IMG_0028.mp4,1265,42.166666666666664,30.0,693,2,traffic_signs,0.47100603580474854,382.8541259765625,488.9747009277344,432.993896484375,563.9661254882812,407.92401123046875,526.4704132080078,50.1397705078125,74.99142456054688
IMG_0028.mp4,1265,42.166666666666664,30.0,678,2,traffic_signs,0.8018754720687866,776.0516357421875,651.273681640625,797.307373046875,684.9901123046875,786.6795043945312,668.1318969726562,21.2557373046875,33.7164306640625
IMG_0028.mp4,1265,42.166666666666664,30.0,672,2,traffic_signs,0.4655388593673706,947.6537475585938,642.4051513671875,963.6959228515625,683.5598754882812,955.6748352050781,662.9825134277344,16.04217529296875,41.15472412109375
IMG_0028.mp4,1265,42.166666666666664,30.0,704,2,traffic_signs,0.4238138198852539,1140.5548095703125,683.1676635742188,1160.8778076171875,711.281982421875,1150.71630859375,697.2248229980469,20.322998046875,28.11431884765625
IMG_0028.mp4,1265,42.166666666666664,30.0,691,2,traffic_signs,0.5338645577430725,1343.8646240234375,659.83935546875,1365.4449462890625,693.361572265625,1354.65478515625,676.6004638671875,21.580322265625,33.522216796875
IMG_0028.mp4,1266,42.2,30.0,625,2,traffic_signs,0.9376419186592102,851.076416015625,127.91167449951172,975.0830078125,326.8712463378906,913.0797119140625,227.39146041870117,124.006591796875,198.9595718383789
IMG_0028.mp4,1266,42.2,30.0,693,2,traffic_signs,0.6628912687301636,401.5436096191406,489.9192199707031,451.5690002441406,564.2005615234375,426.5563049316406,527.0598907470703,50.025390625,74.28134155273438
IMG_0028.mp4,1266,42.2,30.0,678,2,traffic_signs,0.7827022075653076,794.3480834960938,652.360595703125,815.4375610351562,686.0584106445312,804.892822265625,669.2095031738281,21.0894775390625,33.69781494140625
IMG_0028.mp4,1266,42.2,30.0,672,2,traffic_signs,0.7518190145492554,966.070068359375,643.2081909179688,981.9038696289062,683.0833129882812,973.9869689941406,663.145751953125,15.83380126953125,39.8751220703125
IMG_0028.mp4,1266,42.2,30.0,704,2,traffic_signs,0.33007535338401794,1159.4420166015625,683.6890869140625,1181.163818359375,713.7994995117188,1170.3029174804688,698.7442932128906,21.7218017578125,30.11041259765625
IMG_0028.mp4,1266,42.2,30.0,691,2,traffic_signs,0.6644871234893799,1365.958251953125,660.587646484375,1385.22216796875,694.7075805664062,1375.5902099609375,677.6476135253906,19.263916015625,34.11993408203125
IMG_0028.mp4,1267,42.233333333333334,30.0,625,2,traffic_signs,0.9526736736297607,872.1961669921875,120.88397979736328,996.8984375,323.1300048828125,934.5473022460938,222.0069923400879,124.7022705078125,202.24602508544922
IMG_0028.mp4,1267,42.233333333333334,30.0,693,2,traffic_signs,0.6724256277084351,420.6728210449219,489.8836669921875,470.2178649902344,565.415283203125,445.4453430175781,527.6494750976562,49.5450439453125,75.5316162109375
IMG_0028.mp4,1267,42.233333333333334,30.0,678,2,traffic_signs,0.813330888748169,812.7290649414062,653.4566650390625,833.7633056640625,686.9945068359375,823.2461853027344,670.2255859375,21.03424072265625,33.537841796875
IMG_0028.mp4,1267,42.233333333333334,30.0,672,2,traffic_signs,0.7016468048095703,983.70947265625,644.0009155273438,999.728271484375,682.7290649414062,991.7188720703125,663.364990234375,16.018798828125,38.7281494140625
IMG_0028.mp4,1267,42.233333333333334,30.0,704,2,traffic_signs,0.8474189639091492,1178.634033203125,685.2351684570312,1200.878662109375,714.3275756835938,1189.75634765625,699.7813720703125,22.24462890625,29.0924072265625
IMG_0028.mp4,1267,42.233333333333334,30.0,691,2,traffic_signs,0.5030750632286072,1386.861083984375,660.9588012695312,1406.6597900390625,695.2886352539062,1396.7604370117188,678.1237182617188,19.7987060546875,34.329833984375
IMG_0028.mp4,1267,42.233333333333334,30.0,695,2,traffic_signs,0.7244822978973389,1528.6593017578125,681.8845825195312,1561.8388671875,715.5574951171875,1545.2490844726562,698.7210388183594,33.1795654296875,33.67291259765625
IMG_0028.mp4,1268,42.266666666666666,30.0,625,2,traffic_signs,0.9389176964759827,893.6251831054688,114.03741455078125,1019.8936767578125,317.623779296875,956.7594299316406,215.83059692382812,126.26849365234375,203.58636474609375
IMG_0028.mp4,1268,42.266666666666666,30.0,693,2,traffic_signs,0.5143567323684692,439.02569580078125,490.8084411621094,489.00390625,567.0799560546875,464.0148010253906,528.9441986083984,49.97821044921875,76.27151489257812
IMG_0028.mp4,1268,42.266666666666666,30.0,678,2,traffic_signs,0.45386171340942383,831.2278442382812,653.8133544921875,852.09130859375,688.3291015625,841.6595764160156,671.0712280273438,20.86346435546875,34.5157470703125
IMG_0028.mp4,1268,42.266666666666666,30.0,672,2,traffic_signs,0.7905442118644714,1002.6860961914062,645.6341552734375,1018.1253051757812,683.3110961914062,1010.4057006835938,664.4726257324219,15.439208984375,37.67694091796875
IMG_0028.mp4,1268,42.266666666666666,30.0,704,2,traffic_signs,0.8854143023490906,1198.00244140625,687.3757934570312,1221.000244140625,715.6015625,1209.5013427734375,701.4886779785156,22.997802734375,28.22576904296875
IMG_0028.mp4,1268,42.266666666666666,30.0,691,2,traffic_signs,0.5337548851966858,1408.661865234375,662.0222778320312,1428.5416259765625,696.8065795898438,1418.6017456054688,679.4144287109375,19.8797607421875,34.7843017578125
IMG_0028.mp4,1268,42.266666666666666,30.0,695,2,traffic_signs,0.7808084487915039,1551.77880859375,682.1160888671875,1584.242919921875,716.1792602539062,1568.0108642578125,699.1476745605469,32.464111328125,34.06317138671875
IMG_0028.mp4,1269,42.3,30.0,625,2,traffic_signs,0.9342573285102844,916.2657470703125,106.03803253173828,1042.958740234375,312.83245849609375,979.6122436523438,209.43524551391602,126.6929931640625,206.79442596435547
IMG_0028.mp4,1269,42.3,30.0,693,2,traffic_signs,0.8139684796333313,458.4644470214844,491.2370910644531,507.9300231933594,566.8982543945312,483.1972351074219,529.0676727294922,49.465576171875,75.66116333007812
IMG_0028.mp4,1269,42.3,30.0,678,2,traffic_signs,0.8206385374069214,849.6087646484375,654.9345703125,870.3423461914062,688.5398559570312,859.9755554199219,671.7372131347656,20.73358154296875,33.60528564453125
IMG_0028.mp4,1269,42.3,30.0,672,2,traffic_signs,0.7210652828216553,1020.7837524414062,645.9071655273438,1036.8306884765625,682.42919921875,1028.8072204589844,664.1681823730469,16.04693603515625,36.52203369140625
IMG_0028.mp4,1269,42.3,30.0,704,2,traffic_signs,0.8340523838996887,1217.905517578125,688.6278686523438,1240.3453369140625,717.0778198242188,1229.1254272460938,702.8528442382812,22.4398193359375,28.449951171875
IMG_0028.mp4,1269,42.3,30.0,691,2,traffic_signs,0.373649924993515,1429.529541015625,662.237060546875,1451.3736572265625,696.8773193359375,1440.4515991210938,679.5571899414062,21.8441162109375,34.6402587890625
IMG_0028.mp4,1269,42.3,30.0,695,2,traffic_signs,0.5833206176757812,1574.3619384765625,681.5853271484375,1606.373291015625,717.045654296875,1590.3676147460938,699.3154907226562,32.0113525390625,35.4603271484375
IMG_0028.mp4,1270,42.333333333333336,30.0,625,2,traffic_signs,0.9451923966407776,938.8584594726562,96.9720687866211,1066.63818359375,308.4737243652344,1002.7483215332031,202.72289657592773,127.77972412109375,211.50165557861328
IMG_0028.mp4,1270,42.333333333333336,30.0,693,2,traffic_signs,0.40918251872062683,477.3502502441406,492.15435791015625,526.3380126953125,570.2073974609375,501.84413146972656,531.1808776855469,48.987762451171875,78.05303955078125
IMG_0028.mp4,1270,42.333333333333336,30.0,678,2,traffic_signs,0.8457226753234863,868.1055297851562,655.491943359375,889.2437744140625,689.6860961914062,878.6746520996094,672.5890197753906,21.13824462890625,34.19415283203125
IMG_0028.mp4,1270,42.333333333333336,30.0,672,2,traffic_signs,0.8124561309814453,1040.2003173828125,647.212158203125,1055.2958984375,682.7852783203125,1047.7481079101562,664.9987182617188,15.0955810546875,35.5731201171875
IMG_0028.mp4,1270,42.333333333333336,30.0,704,2,traffic_signs,0.8929605484008789,1237.8433837890625,689.5004272460938,1260.666259765625,717.9808959960938,1249.2548217773438,703.7406616210938,22.8228759765625,28.48046875
IMG_0028.mp4,1271,42.36666666666667,30.0,625,2,traffic_signs,0.9006735682487488,962.2786254882812,89.28678131103516,1090.341064453125,302.9537048339844,1026.3098449707031,196.12024307250977,128.06243896484375,213.66692352294922
IMG_0028.mp4,1271,42.36666666666667,30.0,693,2,traffic_signs,0.7799249887466431,497.1122131347656,493.1733093261719,545.509033203125,569.4501953125,521.3106231689453,531.3117523193359,48.396820068359375,76.27688598632812
IMG_0028.mp4,1271,42.36666666666667,30.0,678,2,traffic_signs,0.8399031758308411,886.7822875976562,656.4970092773438,907.6151733398438,690.4705200195312,897.19873046875,673.4837646484375,20.8328857421875,33.9735107421875
IMG_0028.mp4,1271,42.36666666666667,30.0,672,2,traffic_signs,0.8328724503517151,1058.8736572265625,647.666015625,1074.0059814453125,682.451416015625,1066.4398193359375,665.0587158203125,15.13232421875,34.785400390625
IMG_0028.mp4,1271,42.36666666666667,30.0,704,2,traffic_signs,0.7587403655052185,1256.919677734375,689.5765991210938,1280.3609619140625,718.6847534179688,1268.6403198242188,704.1306762695312,23.4412841796875,29.108154296875
IMG_0028.mp4,1272,42.4,30.0,625,2,traffic_signs,0.9089189171791077,985.5689697265625,79.85960388183594,1115.2913818359375,297.7108459472656,1050.43017578125,188.78522491455078,129.722412109375,217.8512420654297
IMG_0028.mp4,1272,42.4,30.0,693,2,traffic_signs,0.6333606839179993,516.75390625,493.2975158691406,564.5084228515625,575.7274169921875,540.6311645507812,534.5124664306641,47.7545166015625,82.42990112304688
IMG_0028.mp4,1272,42.4,30.0,678,2,traffic_signs,0.45409008860588074,905.2450561523438,657.4295654296875,925.899169921875,691.544189453125,915.5721130371094,674.4868774414062,20.65411376953125,34.1146240234375
IMG_0028.mp4,1272,42.4,30.0,672,2,traffic_signs,0.86583411693573,1078.06005859375,647.9332275390625,1093.3896484375,683.1119384765625,1085.724853515625,665.5225830078125,15.32958984375,35.1787109375
IMG_0028.mp4,1272,42.4,30.0,704,2,traffic_signs,0.8675661087036133,1277.6944580078125,690.836181640625,1300.5869140625,718.6107177734375,1289.1406860351562,704.7234497070312,22.8924560546875,27.7745361328125
IMG_0028.mp4,1272,42.4,30.0,712,2,traffic_signs,0.9356688261032104,4.564696311950684,419.4079284667969,102.05484008789062,532.0899047851562,53.309768199920654,475.74891662597656,97.49014377593994,112.68197631835938
IMG_0028.mp4,1272,42.4,30.0,713,2,traffic_signs,0.7989925146102905,1537.05224609375,729.3011474609375,1549.1162109375,748.9866333007812,1543.084228515625,739.1438903808594,12.06396484375,19.68548583984375
IMG_0028.mp4,1273,42.43333333333333,30.0,625,2,traffic_signs,0.910045862197876,1010.0972290039062,70.91019439697266,1140.9560546875,291.64276123046875,1075.5266418457031,181.2764778137207,130.85882568359375,220.7325668334961
IMG_0028.mp4,1273,42.43333333333333,30.0,693,2,traffic_signs,0.38419100642204285,535.8043212890625,493.5735778808594,584.13818359375,580.9196166992188,559.9712524414062,537.2465972900391,48.3338623046875,87.34603881835938
IMG_0028.mp4,1273,42.43333333333333,30.0,678,2,traffic_signs,0.802643358707428,924.7716674804688,658.3472290039062,944.6177368164062,692.3508911132812,934.6947021484375,675.3490600585938,19.8460693359375,34.003662109375
IMG_0028.mp4,1273,42.43333333333333,30.0,672,2,traffic_signs,0.8742875456809998,1098.07568359375,648.8842163085938,1113.1236572265625,683.7493896484375,1105.5996704101562,666.3168029785156,15.0479736328125,34.86517333984375
IMG_0028.mp4,1273,42.43333333333333,30.0,704,2,traffic_signs,0.8142046332359314,1298.9031982421875,690.9165649414062,1321.077880859375,720.0159301757812,1309.9905395507812,705.4662475585938,22.1746826171875,29.099365234375
IMG_0028.mp4,1273,42.43333333333333,30.0,712,2,traffic_signs,0.9353463649749756,7.970635890960693,419.2254943847656,120.35438537597656,533.5343627929688,64.16251063346863,476.3799285888672,112.38374948501587,114.30886840820312
IMG_0028.mp4,1273,42.43333333333333,30.0,713,2,traffic_signs,0.7067540287971497,1559.29541015625,729.6790771484375,1570.56787109375,750.1500244140625,1564.931640625,739.91455078125,11.2724609375,20.470947265625
IMG_0028.mp4,1273,42.43333333333333,30.0,715,2,traffic_signs,0.3384227156639099,535.1148681640625,494.0909423828125,583.8663330078125,572.5612182617188,559.4906005859375,533.3260803222656,48.75146484375,78.47027587890625
IMG_0028.mp4,1274,42.46666666666667,30.0,625,2,traffic_signs,0.8410259485244751,1035.0576171875,61.757110595703125,1168.0513916015625,285.4644775390625,1101.5545043945312,173.6107940673828,132.9937744140625,223.70736694335938
IMG_0028.mp4,1274,42.46666666666667,30.0,693,2,traffic_signs,0.8120487332344055,555.37841796875,494.95306396484375,603.9274291992188,584.0735473632812,579.6529235839844,539.5133056640625,48.54901123046875,89.1204833984375
IMG_0028.mp4,1274,42.46666666666667,30.0,678,2,traffic_signs,0.7433547377586365,944.2156982421875,659.3743896484375,964.0054321289062,694.2467651367188,954.1105651855469,676.8105773925781,19.78973388671875,34.87237548828125
IMG_0028.mp4,1274,42.46666666666667,30.0,672,2,traffic_signs,0.6795098185539246,1117.39404296875,650.642333984375,1132.7685546875,687.223876953125,1125.081298828125,668.93310546875,15.37451171875,36.58154296875
IMG_0028.mp4,1274,42.46666666666667,30.0,704,2,traffic_signs,0.8949961066246033,1319.9864501953125,693.1211547851562,1342.2008056640625,721.3319091796875,1331.0936279296875,707.2265319824219,22.21435546875,28.21075439453125
IMG_0028.mp4,1274,42.46666666666667,30.0,712,2,traffic_signs,0.9344337582588196,18.231952667236328,420.0346984863281,139.409423828125,534.63916015625,78.82068824768066,477.33692932128906,121.17747116088867,114.60446166992188
IMG_0028.mp4,1274,42.46666666666667,30.0,713,2,traffic_signs,0.8160718083381653,1581.62939453125,730.763427734375,1592.8524169921875,751.9337768554688,1587.2409057617188,741.3486022949219,11.2230224609375,21.17034912109375
IMG_0028.mp4,1274,42.46666666666667,30.0,715,2,traffic_signs,0.28320732712745667,554.7176513671875,494.2827453613281,604.1513671875,577.5493774414062,579.4345092773438,535.9160614013672,49.4337158203125,83.26663208007812
IMG_0028.mp4,1275,42.5,30.0,625,2,traffic_signs,0.7746280431747437,1060.869873046875,51.521080017089844,1195.543212890625,278.66571044921875,1128.20654296875,165.0933952331543,134.67333984375,227.1446304321289
IMG_0028.mp4,1275,42.5,30.0,693,2,traffic_signs,0.28980568051338196,574.7875366210938,495.84661865234375,623.0436401367188,579.4110107421875,598.9155883789062,537.6288146972656,48.256103515625,83.56439208984375
IMG_0028.mp4,1275,42.5,30.0,678,2,traffic_signs,0.84074467420578,963.2781982421875,660.0574340820312,984.68310546875,694.6212158203125,973.9806518554688,677.3393249511719,21.4049072265625,34.56378173828125
IMG_0028.mp4,1275,42.5,30.0,672,2,traffic_signs,0.6519593000411987,1137.265625,651.4689331054688,1152.488037109375,688.5569458007812,1144.8768310546875,670.012939453125,15.222412109375,37.0880126953125
IMG_0028.mp4,1275,42.5,30.0,704,2,traffic_signs,0.8792450428009033,1341.6712646484375,693.6201782226562,1363.36376953125,722.730224609375,1352.5175170898438,708.1752014160156,21.6925048828125,29.11004638671875
IMG_0028.mp4,1275,42.5,30.0,712,2,traffic_signs,0.8983908891677856,35.472896575927734,420.3443908691406,159.16526794433594,534.6270141601562,97.31908226013184,477.48570251464844,123.6923713684082,114.28262329101562
IMG_0028.mp4,1275,42.5,30.0,713,2,traffic_signs,0.7716002464294434,1603.8173828125,732.061279296875,1615.1583251953125,752.97509765625,1609.4878540039062,742.5181884765625,11.3409423828125,20.913818359375
IMG_0028.mp4,1275,42.5,30.0,715,2,traffic_signs,0.4199829399585724,574.6145629882812,495.2687072753906,622.609130859375,578.0853271484375,598.6118469238281,536.6770172119141,47.99456787109375,82.81661987304688
IMG_0028.mp4,1276,42.53333333333333,30.0,625,2,traffic_signs,0.5097916722297668,1087.0211181640625,40.24971008300781,1223.4329833984375,271.69720458984375,1155.22705078125,155.97345733642578,136.411865234375,231.44749450683594
IMG_0028.mp4,1276,42.53333333333333,30.0,678,2,traffic_signs,0.7631762027740479,982.9442749023438,660.7426147460938,1003.9696044921875,694.8931274414062,993.4569396972656,677.81787109375,21.02532958984375,34.1505126953125
IMG_0028.mp4,1276,42.53333333333333,30.0,672,2,traffic_signs,0.7265089750289917,1157.765869140625,651.6505126953125,1173.4178466796875,688.553955078125,1165.5918579101562,670.1022338867188,15.6519775390625,36.9034423828125
IMG_0028.mp4,1276,42.53333333333333,30.0,704,2,traffic_signs,0.7746607661247253,1363.35986328125,694.349853515625,1386.023193359375,723.264892578125,1374.6915283203125,708.807373046875,22.663330078125,28.9150390625
IMG_0028.mp4,1276,42.53333333333333,30.0,712,2,traffic_signs,0.9253091812133789,54.00881576538086,422.0919494628906,178.3283233642578,535.2373657226562,116.16856956481934,478.66465759277344,124.31950759887695,113.14541625976562
IMG_0028.mp4,1276,42.53333333333333,30.0,713,2,traffic_signs,0.7626757025718689,1626.9521484375,732.6939086914062,1638.6817626953125,753.6372680664062,1632.8169555664062,743.1655883789062,11.7296142578125,20.943359375
IMG_0028.mp4,1276,42.53333333333333,30.0,691,2,traffic_signs,0.3683100640773773,1593.940673828125,668.5787353515625,1613.1431884765625,702.4666137695312,1603.5419311523438,685.5226745605469,19.2025146484375,33.88787841796875
IMG_0028.mp4,1277,42.56666666666667,30.0,625,2,traffic_signs,0.561441957950592,1114.7991943359375,29.37064552307129,1252.0272216796875,265.54278564453125,1183.4132080078125,147.45671558380127,137.22802734375,236.17214012145996
IMG_0028.mp4,1277,42.56666666666667,30.0,678,2,traffic_signs,0.8211597204208374,1002.3491821289062,661.9526977539062,1024.837158203125,696.1945190429688,1013.5931701660156,679.0736083984375,22.48797607421875,34.2418212890625
IMG_0028.mp4,1277,42.56666666666667,30.0,672,2,traffic_signs,0.3581765592098236,1177.895263671875,652.5689086914062,1193.7813720703125,687.2672119140625,1185.8383178710938,669.9180603027344,15.8861083984375,34.69830322265625
IMG_0028.mp4,1277,42.56666666666667,30.0,704,2,traffic_signs,0.7284556031227112,1384.4937744140625,695.5449829101562,1407.88330078125,724.1930541992188,1396.1885375976562,709.8690185546875,23.3895263671875,28.6480712890625
IMG_0028.mp4,1277,42.56666666666667,30.0,712,2,traffic_signs,0.9247029423713684,74.47229766845703,423.3075866699219,198.57000732421875,536.445556640625,136.5211524963379,479.87657165527344,124.09770965576172,113.13796997070312
IMG_0028.mp4,1277,42.56666666666667,30.0,713,2,traffic_signs,0.3346934914588928,1650.002197265625,734.4375,1661.3465576171875,754.4691772460938,1655.6743774414062,744.4533386230469,11.3443603515625,20.03167724609375
IMG_0028.mp4,1277,42.56666666666667,30.0,719,2,traffic_signs,0.6821990013122559,1550.9779052734375,731.5244140625,1561.263671875,750.132568359375,1556.1207885742188,740.8284912109375,10.2857666015625,18.608154296875
IMG_0028.mp4,1277,42.56666666666667,30.0,693,2,traffic_signs,0.33233290910720825,614.8661499023438,495.2155456542969,663.371337890625,583.0634765625,639.1187438964844,539.1395111083984,48.50518798828125,87.84793090820312
IMG_0028.mp4,1278,42.6,30.0,678,2,traffic_signs,0.7541185617446899,1022.2398681640625,662.3052978515625,1044.96630859375,697.391845703125,1033.6030883789062,679.8485717773438,22.7264404296875,35.0865478515625
IMG_0028.mp4,1278,42.6,30.0,704,2,traffic_signs,0.7880955934524536,1405.3868408203125,695.7962646484375,1430.31982421875,725.1318969726562,1417.8533325195312,710.4640808105469,24.9329833984375,29.33563232421875
IMG_0028.mp4,1278,42.6,30.0,712,2,traffic_signs,0.9104886651039124,95.47978210449219,423.5177307128906,218.1989288330078,537.4024658203125,156.83935546875,480.46009826660156,122.71914672851562,113.88473510742188
IMG_0028.mp4,1278,42.6,30.0,719,2,traffic_signs,0.7658827900886536,1573.031005859375,732.1694946289062,1583.9744873046875,752.1310424804688,1578.5027465820312,742.1502685546875,10.9434814453125,19.9615478515625
IMG_0028.mp4,1279,42.63333333333333,30.0,678,2,traffic_signs,0.5425080060958862,1042.0654296875,663.5278930664062,1065.467041015625,697.956298828125,1053.7662353515625,680.7420959472656,23.401611328125,34.42840576171875
IMG_0028.mp4,1279,42.63333333333333,30.0,704,2,traffic_signs,0.8706213235855103,1428.5565185546875,696.5357666015625,1452.9176025390625,726.8712768554688,1440.737060546875,711.7035217285156,24.361083984375,30.33551025390625
IMG_0028.mp4,1279,42.63333333333333,30.0,712,2,traffic_signs,0.9249376058578491,116.56612396240234,423.5437316894531,238.29373168945312,537.8131713867188,177.42992782592773,480.67845153808594,121.72760772705078,114.26943969726562
IMG_0028.mp4,1279,42.63333333333333,30.0,719,2,traffic_signs,0.7787808179855347,1596.43017578125,733.3058471679688,1607.207275390625,752.7504272460938,1601.8187255859375,743.0281372070312,10.777099609375,19.444580078125
IMG_0028.mp4,1280,42.666666666666664,30.0,678,2,traffic_signs,0.2843107581138611,1062.2410888671875,664.4635009765625,1085.80078125,698.5877075195312,1074.0209350585938,681.5256042480469,23.5596923828125,34.12420654296875
IMG_0028.mp4,1280,42.666666666666664,30.0,704,2,traffic_signs,0.6477847099304199,1452.0421142578125,697.3349609375,1475.8497314453125,727.9481811523438,1463.9459228515625,712.6415710449219,23.8076171875,30.61322021484375
IMG_0028.mp4,1280,42.666666666666664,30.0,712,2,traffic_signs,0.9008894562721252,137.5001220703125,423.6328125,258.8342590332031,538.5769653320312,198.1671905517578,481.1048889160156,121.33413696289062,114.94415283203125
IMG_0028.mp4,1280,42.666666666666664,30.0,719,2,traffic_signs,0.38832688331604004,1619.4818115234375,733.968505859375,1630.256591796875,754.824951171875,1624.8692016601562,744.396728515625,10.7747802734375,20.8564453125
IMG_0028.mp4,1280,42.666666666666664,30.0,672,2,traffic_signs,0.7624848484992981,1241.139892578125,655.3504028320312,1256.8062744140625,687.188232421875,1248.9730834960938,671.2693176269531,15.6663818359375,31.83782958984375
IMG_0028.mp4,1280,42.666666666666664,30.0,693,2,traffic_signs,0.4674973487854004,675.8925170898438,496.37738037109375,724.3264770507812,580.238037109375,700.1094970703125,538.3077087402344,48.4339599609375,83.86065673828125
IMG_0028.mp4,1281,42.7,30.0,704,2,traffic_signs,0.6736828684806824,1475.207763671875,697.8272094726562,1499.4271240234375,729.8984985351562,1487.3174438476562,713.8628540039062,24.2193603515625,32.0712890625
IMG_0028.mp4,1281,42.7,30.0,712,2,traffic_signs,0.8797436356544495,158.82424926757812,424.1365051269531,279.17938232421875,538.542236328125,219.00181579589844,481.33937072753906,120.35513305664062,114.40573120117188
IMG_0028.mp4,1281,42.7,30.0,719,2,traffic_signs,0.7007032632827759,1643.923095703125,734.802490234375,1654.41259765625,755.8328857421875,1649.1678466796875,745.3176879882812,10.489501953125,21.0303955078125
IMG_0028.mp4,1281,42.7,30.0,693,2,traffic_signs,0.6246762275695801,696.3134765625,496.06353759765625,744.2178955078125,577.2091674804688,720.2656860351562,536.6363525390625,47.9044189453125,81.1456298828125
IMG_0028.mp4,1282,42.733333333333334,30.0,704,2,traffic_signs,0.4082881808280945,1500.48583984375,698.6126708984375,1523.3983154296875,731.5029907226562,1511.9420776367188,715.0578308105469,22.9124755859375,32.89031982421875
IMG_0028.mp4,1282,42.733333333333334,30.0,712,2,traffic_signs,0.8822014927864075,179.8911895751953,423.8080139160156,299.3917541503906,538.63818359375,239.64147186279297,481.2230987548828,119.50056457519531,114.83016967773438
IMG_0028.mp4,1282,42.733333333333334,30.0,719,2,traffic_signs,0.5396104454994202,1668.104248046875,735.1328735351562,1678.9136962890625,756.26904296875,1673.5089721679688,745.7009582519531,10.8094482421875,21.13616943359375
IMG_0028.mp4,1283,42.766666666666666,30.0,704,2,traffic_signs,0.8693642616271973,1526.8759765625,698.1306762695312,1546.6474609375,731.3388061523438,1536.76171875,714.7347412109375,19.771484375,33.2081298828125
IMG_0028.mp4,1283,42.766666666666666,30.0,712,2,traffic_signs,0.8928279876708984,201.89926147460938,424.4925842285156,321.0250549316406,538.9766235351562,261.462158203125,481.73460388183594,119.12579345703125,114.48403930664062
IMG_0028.mp4,1283,42.766666666666666,30.0,719,2,traffic_signs,0.6644495725631714,1691.8050537109375,735.5554809570312,1703.029541015625,757.51806640625,1697.4172973632812,746.5367736816406,11.2244873046875,21.96258544921875
IMG_0028.mp4,1283,42.766666666666666,30.0,678,2,traffic_signs,0.33115628361701965,1124.7579345703125,666.3604736328125,1150.599365234375,700.756591796875,1137.6786499023438,683.5585327148438,25.8414306640625,34.3961181640625
IMG_0028.mp4,1283,42.766666666666666,30.0,693,2,traffic_signs,0.5551879405975342,738.7490844726562,496.9794006347656,787.1943359375,575.6004638671875,762.9717102050781,536.2899322509766,48.44525146484375,78.62106323242188
IMG_0028.mp4,1284,42.8,30.0,712,2,traffic_signs,0.9023462533950806,223.51913452148438,424.6928405761719,343.0096435546875,539.0191040039062,283.26438903808594,481.85597229003906,119.49050903320312,114.32626342773438
IMG_0028.mp4,1284,42.8,30.0,719,2,traffic_signs,0.5216472744941711,1716.9417724609375,736.0398559570312,1728.531982421875,757.5562744140625,1722.7368774414062,746.7980651855469,11.5902099609375,21.51641845703125
IMG_0028.mp4,1284,42.8,30.0,678,2,traffic_signs,0.750872790813446,1145.9573974609375,666.7515258789062,1172.2333984375,702.025390625,1159.0953979492188,684.3884582519531,26.2760009765625,35.27386474609375
IMG_0028.mp4,1284,42.8,30.0,693,2,traffic_signs,0.3472817838191986,760.183349609375,496.5431823730469,808.8990478515625,576.9268188476562,784.5411987304688,536.7350006103516,48.7156982421875,80.38363647460938
IMG_0028.mp4,1285,42.833333333333336,30.0,712,2,traffic_signs,0.9035983085632324,244.09228515625,424.9196472167969,364.53997802734375,539.1351318359375,304.3161315917969,482.0273895263672,120.44769287109375,114.21548461914062
IMG_0028.mp4,1285,42.833333333333336,30.0,719,2,traffic_signs,0.5409361720085144,1740.876953125,737.0550537109375,1752.5897216796875,758.3240356445312,1746.7333374023438,747.6895446777344,11.7127685546875,21.26898193359375
IMG_0028.mp4,1285,42.833333333333336,30.0,693,2,traffic_signs,0.6456155776977539,780.69287109375,496.6346740722656,829.154541015625,575.6991577148438,804.9237060546875,536.1669158935547,48.461669921875,79.06448364257812
IMG_0028.mp4,1285,42.833333333333336,30.0,722,2,traffic_signs,0.5014960765838623,1382.1947021484375,4.153415203094482,1521.2193603515625,197.46768188476562,1451.70703125,100.81054854393005,139.024658203125,193.31426668167114
IMG_0028.mp4,1285,42.833333333333336,30.0,672,2,traffic_signs,0.48697951436042786,1350.2838134765625,658.8778686523438,1367.504150390625,688.4617309570312,1358.8939819335938,673.6697998046875,17.2203369140625,29.5838623046875
IMG_0028.mp4,1286,42.86666666666667,30.0,712,2,traffic_signs,0.9109670519828796,264.39727783203125,424.08099365234375,385.36346435546875,539.381103515625,324.88037109375,481.7310485839844,120.9661865234375,115.30010986328125
IMG_0028.mp4,1286,42.86666666666667,30.0,693,2,traffic_signs,0.6503770351409912,802.3994140625,497.8253173828125,849.8515625,574.021484375,826.12548828125,535.9234008789062,47.4521484375,76.1961669921875
IMG_0028.mp4,1286,42.86666666666667,30.0,722,2,traffic_signs,0.49731793999671936,1411.45068359375,1.103963851928711,1552.6734619140625,187.0710906982422,1482.0620727539062,94.08752727508545,141.2227783203125,185.96712684631348
IMG_0028.mp4,1286,42.86666666666667,30.0,672,2,traffic_signs,0.5871284008026123,1373.9307861328125,659.1476440429688,1389.8697509765625,690.1490478515625,1381.9002685546875,674.6483459472656,15.93896484375,31.00140380859375
IMG_0028.mp4,1286,42.86666666666667,30.0,678,2,traffic_signs,0.5591522455215454,1189.022705078125,668.5594482421875,1215.52490234375,704.310791015625,1202.2738037109375,686.4351196289062,26.502197265625,35.7513427734375
IMG_0028.mp4,1287,42.9,30.0,712,2,traffic_signs,0.9053762555122375,286.47113037109375,424.2742614746094,407.0841979980469,539.8797607421875,346.7776641845703,482.07701110839844,120.61306762695312,115.60549926757812
IMG_0028.mp4,1287,42.9,30.0,693,2,traffic_signs,0.6636661887168884,823.8017578125,499.3035888671875,871.4823608398438,573.9422607421875,847.6420593261719,536.6229248046875,47.68060302734375,74.638671875
IMG_0028.mp4,1287,42.9,30.0,672,2,traffic_signs,0.7702130675315857,1396.6136474609375,659.8627319335938,1412.5914306640625,693.9402465820312,1404.6025390625,676.9014892578125,15.977783203125,34.0775146484375
IMG_0028.mp4,1287,42.9,30.0,678,2,traffic_signs,0.5965261459350586,1211.0281982421875,669.6162719726562,1237.4798583984375,705.8893432617188,1224.2540283203125,687.7528076171875,26.45166015625,36.2730712890625
IMG_0028.mp4,1287,42.9,30.0,704,2,traffic_signs,0.8316538333892822,1621.173828125,702.7117919921875,1640.801025390625,733.867431640625,1630.9874267578125,718.2896118164062,19.627197265625,31.1556396484375
IMG_0028.mp4,1288,42.93333333333333,30.0,712,2,traffic_signs,0.9282863140106201,307.43536376953125,423.988037109375,428.2201232910156,539.6788940429688,367.82774353027344,481.8334655761719,120.78475952148438,115.69085693359375
IMG_0028.mp4,1288,42.93333333333333,30.0,693,2,traffic_signs,0.7563257813453674,845.647705078125,498.582275390625,893.7388305664062,573.6511840820312,869.6932678222656,536.1167297363281,48.09112548828125,75.06890869140625
IMG_0028.mp4,1288,42.93333333333333,30.0,678,2,traffic_signs,0.8851815462112427,1233.016845703125,670.1537475585938,1260.4278564453125,706.6084594726562,1246.7223510742188,688.381103515625,27.4110107421875,36.4547119140625
IMG_0028.mp4,1288,42.93333333333333,30.0,704,2,traffic_signs,0.7033165097236633,1646.3193359375,702.8799438476562,1669.523681640625,734.0072021484375,1657.9215087890625,718.4435729980469,23.204345703125,31.12725830078125
IMG_0028.mp4,1289,42.96666666666667,30.0,712,2,traffic_signs,0.8620038628578186,328.444091796875,422.74609375,449.5281066894531,539.2675170898438,388.98609924316406,481.0068054199219,121.08401489257812,116.52142333984375
IMG_0028.mp4,1289,42.96666666666667,30.0,693,2,traffic_signs,0.4517461955547333,867.4713134765625,496.205078125,915.447509765625,574.419189453125,891.4594116210938,535.3121337890625,47.9761962890625,78.214111328125
IMG_0028.mp4,1289,42.96666666666667,30.0,678,2,traffic_signs,0.8663153648376465,1254.5174560546875,669.9309692382812,1282.9847412109375,706.6403198242188,1268.7510986328125,688.28564453125,28.46728515625,36.7093505859375
IMG_0028.mp4,1289,42.96666666666667,30.0,704,2,traffic_signs,0.6709545254707336,1671.3050537109375,702.53125,1696.431884765625,734.2603759765625,1683.8684692382812,718.3958129882812,25.1268310546875,31.7291259765625
IMG_0028.mp4,1290,43.0,30.0,712,2,traffic_signs,0.9329081177711487,349.5380554199219,422.93682861328125,470.902099609375,540.2246704101562,410.22007751464844,481.58074951171875,121.36404418945312,117.287841796875
IMG_0028.mp4,1290,43.0,30.0,693,2,traffic_signs,0.4434789717197418,887.8966674804688,496.4533996582031,937.0369262695312,575.6154174804688,912.466796875,536.0344085693359,49.1402587890625,79.16201782226562
IMG_0028.mp4,1290,43.0,30.0,678,2,traffic_signs,0.8468981385231018,1276.1328125,671.0758056640625,1305.275634765625,707.6439208984375,1290.7042236328125,689.35986328125,29.142822265625,36.568115234375
IMG_0028.mp4,1290,43.0,30.0,704,2,traffic_signs,0.3459412753582001,1695.787353515625,701.8287963867188,1722.38232421875,735.1715698242188,1709.0848388671875,718.5001831054688,26.594970703125,33.3427734375
IMG_0028.mp4,1291,43.03333333333333,30.0,712,2,traffic_signs,0.9392548203468323,370.57666015625,423.5839538574219,492.040771484375,539.7724609375,431.3087158203125,481.67820739746094,121.464111328125,116.18850708007812
IMG_0028.mp4,1291,43.03333333333333,30.0,693,2,traffic_signs,0.6335644125938416,909.4426879882812,498.9635925292969,957.5541381835938,574.9832153320312,933.4984130859375,536.9734039306641,48.1114501953125,76.01962280273438
IMG_0028.mp4,1291,43.03333333333333,30.0,678,2,traffic_signs,0.7687796354293823,1298.0887451171875,671.3927001953125,1327.7880859375,708.1314086914062,1312.9384155273438,689.7620544433594,29.6993408203125,36.73870849609375
IMG_0028.mp4,1291,43.03333333333333,30.0,704,2,traffic_signs,0.5544134378433228,1721.2109375,702.0919189453125,1748.2005615234375,735.5025634765625,1734.7057495117188,718.7972412109375,26.9896240234375,33.41064453125
IMG_0028.mp4,1292,43.06666666666667,30.0,712,2,traffic_signs,0.9365334510803223,391.118896484375,422.38385009765625,512.7476806640625,540.068115234375,451.93328857421875,481.2259826660156,121.6287841796875,117.68426513671875
IMG_0028.mp4,1292,43.06666666666667,30.0,693,2,traffic_signs,0.7482618093490601,930.853759765625,497.1542053222656,980.0108032226562,573.9140014648438,955.4322814941406,535.5341033935547,49.15704345703125,76.75979614257812
IMG_0028.mp4,1292,43.06666666666667,30.0,678,2,traffic_signs,0.7488700747489929,1320.8079833984375,671.9325561523438,1351.2156982421875,708.47607421875,1336.0118408203125,690.2043151855469,30.40771484375,36.54351806640625
IMG_0028.mp4,1293,43.1,30.0,712,2,traffic_signs,0.9311115145683289,411.5575256347656,420.8541564941406,533.9652709960938,539.7227172851562,472.7613983154297,480.28843688964844,122.40774536132812,118.86856079101562
IMG_0028.mp4,1293,43.1,30.0,693,2,traffic_signs,0.6901625990867615,952.98193359375,495.1159362792969,1002.9916381835938,573.7637329101562,977.9867858886719,534.4398345947266,50.00970458984375,78.64779663085938
IMG_0028.mp4,1293,43.1,30.0,678,2,traffic_signs,0.7904894351959229,1344.1802978515625,672.2879638671875,1374.5162353515625,709.5574340820312,1359.3482666015625,690.9226989746094,30.3359375,37.26947021484375
IMG_0028.mp4,1294,43.13333333333333,30.0,712,2,traffic_signs,0.9122052192687988,432.26702880859375,419.38946533203125,555.7671508789062,539.7202758789062,494.01708984375,479.55487060546875,123.5001220703125,120.330810546875
IMG_0028.mp4,1294,43.13333333333333,30.0,693,2,traffic_signs,0.6484017372131348,975.8169555664062,493.3871765136719,1025.4022216796875,574.4883422851562,1000.6095886230469,533.9377593994141,49.58526611328125,81.10116577148438
IMG_0028.mp4,1294,43.13333333333333,30.0,678,2,traffic_signs,0.8025363087654114,1367.1368408203125,672.6608276367188,1397.508056640625,710.0907592773438,1382.3224487304688,691.3757934570312,30.3712158203125,37.429931640625
IMG_0028.mp4,1294,43.13333333333333,30.0,726,2,traffic_signs,0.36353060603141785,976.7685546875,494.0457458496094,1026.254638671875,575.87939453125,1001.5115966796875,534.9625701904297,49.486083984375,81.83364868164062
IMG_0028.mp4,1295,43.166666666666664,30.0,712,2,traffic_signs,0.9154615998268127,454.2468566894531,417.97930908203125,577.7235717773438,538.5103759765625,515.9852142333984,478.2448425292969,123.47671508789062,120.53106689453125
IMG_0028.mp4,1295,43.166666666666664,30.0,693,2,traffic_signs,0.5932199358940125,997.7496948242188,491.4600524902344,1048.0960693359375,573.8594360351562,1022.9228820800781,532.6597442626953,50.34637451171875,82.39938354492188
IMG_0028.mp4,1295,43.166666666666664,30.0,678,2,traffic_signs,0.8395923376083374,1391.1986083984375,672.750244140625,1421.565185546875,710.2147827148438,1406.3818969726562,691.4825134277344,30.3665771484375,37.46453857421875
IMG_0028.mp4,1295,43.166666666666664,30.0,726,2,traffic_signs,0.49431467056274414,998.2642211914062,492.8056945800781,1048.8646240234375,574.568115234375,1023.5644226074219,533.6869049072266,50.60040283203125,81.76242065429688
IMG_0028.mp4,1296,43.2,30.0,712,2,traffic_signs,0.9219181537628174,476.4295654296875,416.7098388671875,599.1873779296875,538.422119140625,537.8084716796875,477.56597900390625,122.7578125,121.7122802734375
IMG_0028.mp4,1296,43.2,30.0,693,2,traffic_signs,0.4690571129322052,1020.4810180664062,490.41357421875,1070.6710205078125,573.6454467773438,1045.5760192871094,532.0295104980469,50.19000244140625,83.23187255859375
IMG_0028.mp4,1296,43.2,30.0,678,2,traffic_signs,0.8362399339675903,1416.142578125,673.8305053710938,1446.2236328125,710.9035034179688,1431.18310546875,692.3670043945312,30.0810546875,37.072998046875
IMG_0028.mp4,1297,43.233333333333334,30.0,712,2,traffic_signs,0.9270442128181458,498.8203125,414.0542297363281,621.3502807617188,537.7372436523438,560.0852966308594,475.89573669433594,122.52996826171875,123.68301391601562
IMG_0028.mp4,1297,43.233333333333334,30.0,693,2,traffic_signs,0.753382682800293,1042.81884765625,488.1734924316406,1093.9383544921875,571.9525756835938,1068.3786010742188,530.0630340576172,51.1195068359375,83.77908325195312
IMG_0028.mp4,1297,43.233333333333334,30.0,678,2,traffic_signs,0.8639853000640869,1440.25146484375,673.68310546875,1470.2720947265625,711.1807250976562,1455.2617797851562,692.4319152832031,30.0206298828125,37.49761962890625
IMG_0028.mp4,1298,43.266666666666666,30.0,712,2,traffic_signs,0.8206348419189453,521.2433471679688,413.0749206542969,643.7435913085938,536.8741455078125,582.4934692382812,474.9745330810547,122.500244140625,123.79922485351562
IMG_0028.mp4,1298,43.266666666666666,30.0,693,2,traffic_signs,0.6454848647117615,1066.1475830078125,486.6730651855469,1117.5931396484375,571.5269165039062,1091.870361328125,529.0999908447266,51.445556640625,84.85385131835938
IMG_0028.mp4,1298,43.266666666666666,30.0,678,2,traffic_signs,0.8756225109100342,1464.6005859375,673.9039916992188,1494.652587890625,711.4375,1479.6265869140625,692.6707458496094,30.052001953125,37.53350830078125
IMG_0028.mp4,1299,43.3,30.0,712,2,traffic_signs,0.8822140097618103,543.1541137695312,412.1290588378906,666.15771484375,536.5182495117188,604.6559143066406,474.3236541748047,123.00360107421875,124.38919067382812
IMG_0028.mp4,1299,43.3,30.0,693,2,traffic_signs,0.7999757528305054,1088.846435546875,485.66815185546875,1140.8060302734375,570.62548828125,1114.8262329101562,528.1468200683594,51.9595947265625,84.95733642578125
IMG_0028.mp4,1299,43.3,30.0,678,2,traffic_signs,0.8439623117446899,1489.652587890625,674.65869140625,1519.3548583984375,711.4962768554688,1504.5037231445312,693.0774841308594,29.7022705078125,36.83758544921875
IMG_0028.mp4,1300,43.333333333333336,30.0,712,2,traffic_signs,0.899236261844635,565.294677734375,409.8971862792969,687.6422119140625,535.7448120117188,626.4684448242188,472.8209991455078,122.3475341796875,125.84762573242188
IMG_0028.mp4,1300,43.333333333333336,30.0,693,2,traffic_signs,0.8447615504264832,1113.1529541015625,484.0403747558594,1164.669677734375,569.687255859375,1138.9113159179688,526.8638153076172,51.5167236328125,85.64688110351562
IMG_0028.mp4,1300,43.333333333333336,30.0,678,2,traffic_signs,0.7723742723464966,1514.968505859375,674.1677856445312,1544.0447998046875,711.267333984375,1529.5066528320312,692.7175598144531,29.0762939453125,37.09954833984375
IMG_0028.mp4,1300,43.333333333333336,30.0,733,2,traffic_signs,0.5115931630134583,100.16228485107422,520.2919311523438,175.68438720703125,617.802734375,137.92333602905273,569.0473327636719,75.52210235595703,97.51080322265625
IMG_0028.mp4,1301,43.36666666666667,30.0,712,2,traffic_signs,0.9073663353919983,587.4598999023438,408.8737487792969,710.0366821289062,534.8126831054688,648.748291015625,471.8432159423828,122.5767822265625,125.93893432617188
IMG_0028.mp4,1301,43.36666666666667,30.0,693,2,traffic_signs,0.9018125534057617,1135.81396484375,482.3557434082031,1188.7481689453125,568.837646484375,1162.2810668945312,525.5966949462891,52.9342041015625,86.48190307617188
IMG_0028.mp4,1301,43.36666666666667,30.0,678,2,traffic_signs,0.5923847556114197,1540.7591552734375,674.6156616210938,1568.8409423828125,710.9091796875,1554.800048828125,692.7624206542969,28.081787109375,36.29351806640625
IMG_0028.mp4,1301,43.36666666666667,30.0,733,2,traffic_signs,0.7200605869293213,122.30204772949219,521.579833984375,197.76034545898438,601.34912109375,160.03119659423828,561.4644775390625,75.45829772949219,79.769287109375
IMG_0028.mp4,1302,43.4,30.0,712,2,traffic_signs,0.9072576761245728,608.46484375,406.650634765625,732.0660400390625,533.9347534179688,670.2654418945312,470.2926940917969,123.6011962890625,127.28411865234375
IMG_0028.mp4,1302,43.4,30.0,693,2,traffic_signs,0.8940622806549072,1159.16796875,478.9352722167969,1212.878662109375,567.8535766601562,1186.0233154296875,523.3944244384766,53.710693359375,88.91830444335938
IMG_0028.mp4,1302,43.4,30.0,678,2,traffic_signs,0.5178311467170715,1566.444091796875,673.90087890625,1593.939453125,711.4140014648438,1580.1917724609375,692.6574401855469,27.495361328125,37.51312255859375
IMG_0028.mp4,1302,43.4,30.0,733,2,traffic_signs,0.49222639203071594,144.43212890625,521.4573364257812,220.70790100097656,611.3484497070312,182.57001495361328,566.4028930664062,76.27577209472656,89.89111328125
IMG_0028.mp4,1303,43.43333333333333,30.0,712,2,traffic_signs,0.9075628519058228,629.353515625,404.6468200683594,754.49609375,532.1825561523438,691.9248046875,468.41468811035156,125.142578125,127.53573608398438
IMG_0028.mp4,1303,43.43333333333333,30.0,693,2,traffic_signs,0.8712218999862671,1182.961669921875,475.9717712402344,1237.7442626953125,566.8274536132812,1210.3529663085938,521.3996124267578,54.7825927734375,90.85568237304688
IMG_0028.mp4,1303,43.43333333333333,30.0,678,2,traffic_signs,0.2780558466911316,1588.507080078125,674.63525390625,1618.9002685546875,710.9696044921875,1603.7036743164062,692.8024291992188,30.3931884765625,36.3343505859375
IMG_0028.mp4,1303,43.43333333333333,30.0,733,2,traffic_signs,0.312228798866272,167.69239807128906,521.6416015625,242.0677947998047,604.0986328125,204.88009643554688,562.8701171875,74.37539672851562,82.45703125
IMG_0028.mp4,1303,43.43333333333333,30.0,737,2,traffic_signs,0.7972972393035889,1796.01953125,661.9977416992188,1814.1270751953125,696.4151611328125,1805.0733032226562,679.2064514160156,18.1075439453125,34.41741943359375
IMG_0028.mp4,1304,43.46666666666667,30.0,712,2,traffic_signs,0.8531293869018555,651.1033935546875,403.1442565917969,776.0285034179688,530.818359375,713.5659484863281,466.98130798339844,124.92510986328125,127.67410278320312
IMG_0028.mp4,1304,43.46666666666667,30.0,693,2,traffic_signs,0.9091549515724182,1208.0361328125,475.5347595214844,1263.4044189453125,565.9908447265625,1235.7202758789062,520.7628021240234,55.3682861328125,90.45608520507812
IMG_0028.mp4,1304,43.46666666666667,30.0,733,2,traffic_signs,0.6634204387664795,190.0413818359375,521.9584350585938,263.5224914550781,615.2323608398438,226.7819366455078,568.5953979492188,73.48110961914062,93.27392578125
IMG_0028.mp4,1304,43.46666666666667,30.0,737,2,traffic_signs,0.8779830932617188,1823.7545166015625,660.5639038085938,1842.0330810546875,695.0093994140625,1832.893798828125,677.7866516113281,18.278564453125,34.44549560546875
IMG_0028.mp4,1305,43.5,30.0,712,2,traffic_signs,0.8975556492805481,673.598876953125,401.8369445800781,798.3652954101562,529.4519653320312,735.9820861816406,465.6444549560547,124.76641845703125,127.61502075195312
IMG_0028.mp4,1305,43.5,30.0,693,2,traffic_signs,0.9245797991752625,1231.59716796875,474.1877136230469,1288.4014892578125,565.2425537109375,1259.9993286132812,519.7151336669922,56.8043212890625,91.05484008789062
IMG_0028.mp4,1305,43.5,30.0,733,2,traffic_signs,0.41639065742492676,212.23812866210938,521.8237915039062,285.19854736328125,613.7069091796875,248.7183380126953,567.7653503417969,72.96041870117188,91.88311767578125
IMG_0028.mp4,1305,43.5,30.0,737,2,traffic_signs,0.8690089583396912,1851.845703125,660.1483154296875,1869.5115966796875,693.4780883789062,1860.6786499023438,676.8132019042969,17.6658935546875,33.32977294921875
IMG_0028.mp4,1306,43.53333333333333,30.0,712,2,traffic_signs,0.9070248007774353,696.2028198242188,399.63604736328125,821.4874877929688,528.0579223632812,758.8451538085938,463.84698486328125,125.28466796875,128.421875
IMG_0028.mp4,1306,43.53333333333333,30.0,693,2,traffic_signs,0.912530779838562,1256.198974609375,472.645751953125,1313.924560546875,564.2015380859375,1285.061767578125,518.4236450195312,57.7255859375,91.5557861328125
IMG_0028.mp4,1306,43.53333333333333,30.0,733,2,traffic_signs,0.5635528564453125,233.44967651367188,521.57763671875,307.1539611816406,621.296875,270.30181884765625,571.437255859375,73.70428466796875,99.71923828125
IMG_0028.mp4,1306,43.53333333333333,30.0,737,2,traffic_signs,0.8873476982116699,1880.839111328125,659.7561645507812,1898.90185546875,693.1152954101562,1889.8704833984375,676.4357299804688,18.062744140625,33.359130859375
IMG_0028.mp4,1306,43.53333333333333,30.0,678,2,traffic_signs,0.6871492266654968,1663.1771240234375,679.3705444335938,1683.1971435546875,707.8688354492188,1673.1871337890625,693.6196899414062,20.02001953125,28.498291015625
IMG_0028.mp4,1307,43.56666666666667,30.0,712,2,traffic_signs,0.9395425319671631,718.6982421875,397.4490051269531,844.0415649414062,527.3643188476562,781.3699035644531,462.4066619873047,125.34332275390625,129.91531372070312
IMG_0028.mp4,1307,43.56666666666667,30.0,693,2,traffic_signs,0.9232164621353149,1280.447998046875,471.3310546875,1339.6666259765625,563.3711547851562,1310.0573120117188,517.3511047363281,59.2186279296875,92.04010009765625
IMG_0028.mp4,1307,43.56666666666667,30.0,733,2,traffic_signs,0.3077816963195801,254.8502960205078,522.1422729492188,328.994873046875,622.6577758789062,291.9225845336914,572.4000244140625,74.14457702636719,100.5155029296875
IMG_0028.mp4,1307,43.56666666666667,30.0,678,2,traffic_signs,0.8773343563079834,1689.157470703125,676.5249633789062,1711.2913818359375,708.5242309570312,1700.2244262695312,692.5245971679688,22.1339111328125,31.999267578125
IMG_0028.mp4,1308,43.6,30.0,712,2,traffic_signs,0.933341383934021,741.3816528320312,393.4591369628906,867.3272094726562,526.2666015625,804.3544311523438,459.8628692626953,125.945556640625,132.80746459960938
IMG_0028.mp4,1308,43.6,30.0,693,2,traffic_signs,0.92448890209198,1306.9693603515625,469.61572265625,1365.9365234375,562.114501953125,1336.4529418945312,515.8651123046875,58.9671630859375,92.498779296875
IMG_0028.mp4,1308,43.6,30.0,733,2,traffic_signs,0.7856695055961609,275.3247375488281,522.3048706054688,350.1238708496094,627.1608276367188,312.72430419921875,574.7328491210938,74.79913330078125,104.85595703125
IMG_0028.mp4,1308,43.6,30.0,678,2,traffic_signs,0.8188865184783936,1715.346435546875,674.3592529296875,1742.422119140625,709.3820190429688,1728.88427734375,691.8706359863281,27.07568359375,35.02276611328125
IMG_0028.mp4,1309,43.63333333333333,30.0,712,2,traffic_signs,0.942093551158905,763.63232421875,390.74017333984375,890.7392578125,524.816162109375,827.185791015625,457.7781677246094,127.10693359375,134.07598876953125
IMG_0028.mp4,1309,43.63333333333333,30.0,693,2,traffic_signs,0.9302324056625366,1333.1224365234375,467.6620178222656,1392.582763671875,561.1044921875,1362.8526000976562,514.3832550048828,59.4603271484375,93.44247436523438
IMG_0028.mp4,1309,43.63333333333333,30.0,733,2,traffic_signs,0.5100445747375488,297.8852233886719,522.2713623046875,372.1065979003906,630.2434692382812,334.99591064453125,576.2574157714844,74.22137451171875,107.97210693359375
IMG_0028.mp4,1309,43.63333333333333,30.0,678,2,traffic_signs,0.8808150887489319,1741.1900634765625,672.6427001953125,1773.0672607421875,709.8135986328125,1757.128662109375,691.2281494140625,31.877197265625,37.1708984375
IMG_0028.mp4,1310,43.666666666666664,30.0,712,2,traffic_signs,0.9325664639472961,785.2269897460938,387.0262451171875,913.5673828125,522.7190551757812,849.3971862792969,454.8726501464844,128.34039306640625,135.69281005859375
IMG_0028.mp4,1310,43.666666666666664,30.0,693,2,traffic_signs,0.9445359706878662,1358.6331787109375,465.29443359375,1419.80517578125,559.2725219726562,1389.2191772460938,512.2834777832031,61.1719970703125,93.97808837890625
IMG_0028.mp4,1310,43.666666666666664,30.0,733,2,traffic_signs,0.7786843180656433,320.4710388183594,521.8933715820312,393.2200927734375,622.7080078125,356.84556579589844,572.3006896972656,72.74905395507812,100.81463623046875
IMG_0028.mp4,1310,43.666666666666664,30.0,678,2,traffic_signs,0.8878664374351501,1767.864501953125,671.5011596679688,1802.0845947265625,708.201416015625,1784.9745483398438,689.8512878417969,34.2200927734375,36.70025634765625
IMG_0028.mp4,1311,43.7,30.0,712,2,traffic_signs,0.8516080379486084,807.806884765625,384.11846923828125,936.2986450195312,520.6405029296875,872.0527648925781,452.3794860839844,128.49176025390625,136.52203369140625
IMG_0028.mp4,1311,43.7,30.0,693,2,traffic_signs,0.9380934238433838,1384.823974609375,462.4666748046875,1446.5635986328125,557.28271484375,1415.6937866210938,509.87469482421875,61.7396240234375,94.8160400390625
IMG_0028.mp4,1311,43.7,30.0,733,2,traffic_signs,0.49993205070495605,342.1934814453125,522.0426025390625,415.0539855957031,627.0535888671875,378.6237335205078,574.548095703125,72.86050415039062,105.010986328125
IMG_0028.mp4,1311,43.7,30.0,678,2,traffic_signs,0.8886715769767761,1794.1160888671875,670.6568603515625,1829.7989501953125,708.9500732421875,1811.95751953125,689.803466796875,35.682861328125,38.293212890625
IMG_0028.mp4,1311,43.7,30.0,741,2,traffic_signs,0.6531081199645996,828.866943359375,266.9143371582031,935.5283203125,379.48590087890625,882.1976318359375,323.2001190185547,106.661376953125,112.57156372070312
IMG_0028.mp4,1312,43.733333333333334,30.0,712,2,traffic_signs,0.899648904800415,830.92822265625,380.816650390625,959.0901489257812,519.1572265625,895.0091857910156,449.9869384765625,128.16192626953125,138.340576171875
IMG_0028.mp4,1312,43.733333333333334,30.0,693,2,traffic_signs,0.9355321526527405,1410.729736328125,459.983154296875,1473.298583984375,555.6075439453125,1442.01416015625,507.79534912109375,62.56884765625,95.6243896484375
IMG_0028.mp4,1312,43.733333333333334,30.0,678,2,traffic_signs,0.9022865891456604,1821.2021484375,669.775146484375,1857.006103515625,708.9110107421875,1839.1041259765625,689.3430786132812,35.803955078125,39.1358642578125
IMG_0028.mp4,1312,43.733333333333334,30.0,741,2,traffic_signs,0.4368128776550293,849.4541625976562,264.50933837890625,958.5122680664062,378.47625732421875,903.9832153320312,321.4927978515625,109.05810546875,113.9669189453125
IMG_0028.mp4,1313,43.766666666666666,30.0,712,2,traffic_signs,0.9098280072212219,853.5440063476562,378.89593505859375,982.1921997070312,517.617431640625,917.8681030273438,448.2566833496094,128.648193359375,138.72149658203125
IMG_0028.mp4,1313,43.766666666666666,30.0,693,2,traffic_signs,0.9388856291770935,1437.8870849609375,457.37841796875,1500.8216552734375,553.7728881835938,1469.3543701171875,505.5756530761719,62.9345703125,96.39447021484375
IMG_0028.mp4,1313,43.766666666666666,30.0,678,2,traffic_signs,0.8689342737197876,1848.9493408203125,669.0592041015625,1885.9666748046875,709.3453979492188,1867.4580078125,689.2023010253906,37.017333984375,40.28619384765625
IMG_0028.mp4,1313,43.766666666666666,30.0,743,2,traffic_signs,0.7195626497268677,16.436105728149414,451.4801330566406,45.199459075927734,575.965576171875,30.817782402038574,513.7228546142578,28.76335334777832,124.48544311523438
IMG_0028.mp4,1314,43.8,30.0,712,2,traffic_signs,0.8832880854606628,876.7247924804688,376.0382385253906,1006.140869140625,514.9765014648438,941.4328308105469,445.5073699951172,129.41607666015625,138.93826293945312
IMG_0028.mp4,1314,43.8,30.0,693,2,traffic_signs,0.9407278895378113,1464.867919921875,454.654052734375,1528.9871826171875,552.050048828125,1496.9275512695312,503.35205078125,64.1192626953125,97.39599609375
IMG_0028.mp4,1314,43.8,30.0,678,2,traffic_signs,0.9003348350524902,1876.6168212890625,668.1680908203125,1914.439697265625,709.4131469726562,1895.5282592773438,688.7906188964844,37.8228759765625,41.24505615234375
IMG_0028.mp4,1314,43.8,30.0,743,2,traffic_signs,0.9310991168022156,36.09358215332031,452.2969970703125,66.5880355834961,572.8173217773438,51.3408088684082,512.5571594238281,30.49445343017578,120.52032470703125
IMG_0028.mp4,1314,43.8,30.0,741,2,traffic_signs,0.5366790294647217,893.8322143554688,254.25665283203125,1006.361328125,372.1927795410156,950.0967712402344,313.22471618652344,112.52911376953125,117.93612670898438
IMG_0028.mp4,1315,43.833333333333336,30.0,712,2,traffic_signs,0.9138869047164917,898.6438598632812,372.43548583984375,1029.3236083984375,512.7138061523438,963.9837341308594,442.57464599609375,130.67974853515625,140.2783203125
IMG_0028.mp4,1315,43.833333333333336,30.0,693,2,traffic_signs,0.9327017068862915,1491.740234375,451.1031188964844,1556.71826171875,549.9986572265625,1524.229248046875,500.55088806152344,64.97802734375,98.89553833007812
IMG_0028.mp4,1315,43.833333333333336,30.0,743,2,traffic_signs,0.921630322933197,57.623226165771484,452.79052734375,87.50103759765625,571.5040893554688,72.56213188171387,512.1473083496094,29.877811431884766,118.71356201171875
IMG_0028.mp4,1315,43.833333333333336,30.0,741,2,traffic_signs,0.5912492275238037,917.0706787109375,249.3714599609375,1030.446044921875,366.41204833984375,973.7583618164062,307.8917541503906,113.3753662109375,117.04058837890625
IMG_0028.mp4,1315,43.833333333333336,30.0,733,2,traffic_signs,0.540927529335022,423.6711730957031,521.2234497070312,497.45159912109375,626.1597900390625,460.56138610839844,573.6916198730469,73.78042602539062,104.93634033203125
IMG_0028.mp4,1316,43.86666666666667,30.0,712,2,traffic_signs,0.8669569492340088,921.2152709960938,367.7865905761719,1053.2493896484375,510.0459899902344,987.2323303222656,438.9162902832031,132.03411865234375,142.2593994140625
IMG_0028.mp4,1316,43.86666666666667,30.0,693,2,traffic_signs,0.9234693646430969,1518.8226318359375,447.7523193359375,1585.112060546875,547.5736694335938,1551.9673461914062,497.6629943847656,66.2894287109375,99.82135009765625
IMG_0028.mp4,1316,43.86666666666667,30.0,743,2,traffic_signs,0.6348104476928711,79.47435760498047,452.5038757324219,108.70185852050781,571.5164184570312,94.08810806274414,512.0101470947266,29.227500915527344,119.01254272460938
IMG_0028.mp4,1316,43.86666666666667,30.0,741,2,traffic_signs,0.7125127911567688,939.5164794921875,243.65216064453125,1054.2027587890625,361.1753845214844,996.859619140625,302.4137725830078,114.686279296875,117.52322387695312
IMG_0028.mp4,1317,43.9,30.0,712,2,traffic_signs,0.9061431288719177,943.1567993164062,365.1180725097656,1077.09228515625,507.2419128417969,1010.1245422363281,436.17999267578125,133.93548583984375,142.12384033203125
IMG_0028.mp4,1317,43.9,30.0,693,2,traffic_signs,0.9231429100036621,1546.1229248046875,444.0776672363281,1613.7431640625,544.8953857421875,1579.9330444335938,494.4865264892578,67.6202392578125,100.81771850585938
IMG_0028.mp4,1317,43.9,30.0,743,2,traffic_signs,0.8736905455589294,99.22804260253906,451.82470703125,129.98150634765625,574.3805541992188,114.60477447509766,513.1026306152344,30.753463745117188,122.55584716796875
IMG_0028.mp4,1317,43.9,30.0,741,2,traffic_signs,0.8511413335800171,963.1215209960938,238.3802032470703,1077.0784912109375,357.07177734375,1020.1000061035156,297.72599029541016,113.95697021484375,118.69157409667969
IMG_0028.mp4,1317,43.9,30.0,733,2,traffic_signs,0.5873032808303833,465.1866455078125,520.5498657226562,537.312744140625,616.674560546875,501.24969482421875,568.6122131347656,72.1260986328125,96.12469482421875
IMG_0028.mp4,1318,43.93333333333333,30.0,712,2,traffic_signs,0.9349641799926758,966.0874633789062,360.984130859375,1100.93505859375,504.5413818359375,1033.5112609863281,432.76275634765625,134.84759521484375,143.5572509765625
IMG_0028.mp4,1318,43.93333333333333,30.0,693,2,traffic_signs,0.7257757782936096,1573.0733642578125,440.98388671875,1641.86328125,542.9408569335938,1607.4683227539062,491.9623718261719,68.7899169921875,101.95697021484375
IMG_0028.mp4,1318,43.93333333333333,30.0,743,2,traffic_signs,0.8682853579521179,120.89815521240234,453.7288513183594,150.94107055664062,574.826904296875,135.91961288452148,514.2778778076172,30.04291534423828,121.09805297851562
IMG_0028.mp4,1318,43.93333333333333,30.0,741,2,traffic_signs,0.667572557926178,984.7595825195312,233.9354705810547,1100.7884521484375,353.48248291015625,1042.7740173339844,293.70897674560547,116.02886962890625,119.54701232910156
IMG_0028.mp4,1318,43.93333333333333,30.0,733,2,traffic_signs,0.6287253499031067,485.10107421875,520.691650390625,557.3252563476562,615.8307495117188,521.2131652832031,568.2611999511719,72.22418212890625,95.13909912109375
IMG_0028.mp4,1319,43.96666666666667,30.0,712,2,traffic_signs,0.944239616394043,988.9058837890625,357.494384765625,1124.3681640625,503.1050720214844,1056.6370239257812,430.2997283935547,135.4622802734375,145.61068725585938
IMG_0028.mp4,1319,43.96666666666667,30.0,693,2,traffic_signs,0.9329391121864319,1599.9715576171875,437.81842041015625,1670.360595703125,541.207275390625,1635.1660766601562,489.5128479003906,70.3890380859375,103.38885498046875
IMG_0028.mp4,1319,43.96666666666667,30.0,743,2,traffic_signs,0.8126771450042725,140.50262451171875,454.2577819824219,171.9961395263672,578.8609619140625,156.24938201904297,516.5593719482422,31.493515014648438,124.60317993164062
IMG_0028.mp4,1319,43.96666666666667,30.0,741,2,traffic_signs,0.6474650502204895,1006.2138671875,228.65541076660156,1123.6700439453125,351.6422424316406,1064.9419555664062,290.1488265991211,117.4561767578125,122.98683166503906
IMG_0028.mp4,1320,44.0,30.0,712,2,traffic_signs,0.9363553524017334,1011.5540771484375,353.1169128417969,1148.519775390625,499.91314697265625,1080.0369262695312,426.51502990722656,136.9656982421875,146.79623413085938
IMG_0028.mp4,1320,44.0,30.0,693,2,traffic_signs,0.6568521857261658,1627.2591552734375,434.5956726074219,1698.8873291015625,538.8394775390625,1663.0732421875,486.7175750732422,71.628173828125,104.24380493164062
IMG_0028.mp4,1320,44.0,30.0,743,2,traffic_signs,0.7752094864845276,160.14144897460938,454.1434326171875,192.1071319580078,580.39111328125,176.1242904663086,517.2672729492188,31.965682983398438,126.2476806640625
IMG_0028.mp4,1320,44.0,30.0,741,2,traffic_signs,0.8645696640014648,1028.460205078125,222.68276977539062,1147.5333251953125,347.135986328125,1087.9967651367188,284.9093780517578,119.0731201171875,124.45321655273438
IMG_0028.mp4,1320,44.0,30.0,733,2,traffic_signs,0.3539621829986572,523.5485229492188,519.1793823242188,595.9552612304688,611.8878173828125,559.7518920898438,565.5335998535156,72.40673828125,92.70843505859375
IMG_0028.mp4,1321,44.03333333333333,30.0,712,2,traffic_signs,0.9064970016479492,1033.446044921875,348.2999572753906,1173.1859130859375,497.0164489746094,1103.3159790039062,422.658203125,139.7398681640625,148.71649169921875
IMG_0028.mp4,1321,44.03333333333333,30.0,693,2,traffic_signs,0.934209406375885,1655.0718994140625,431.2034606933594,1728.1158447265625,536.3858642578125,1691.5938720703125,483.79466247558594,73.0439453125,105.18240356445312
IMG_0028.mp4,1321,44.03333333333333,30.0,743,2,traffic_signs,0.7446775436401367,178.9773406982422,453.3191833496094,211.81349182128906,579.89990234375,195.39541625976562,516.6095428466797,32.836151123046875,126.58071899414062
IMG_0028.mp4,1321,44.03333333333333,30.0,741,2,traffic_signs,0.28372225165367126,1052.0770263671875,216.8848876953125,1172.3739013671875,343.0544128417969,1112.2254638671875,279.9696502685547,120.296875,126.16952514648438
IMG_0028.mp4,1322,44.06666666666667,30.0,712,2,traffic_signs,0.8927037119865417,1055.0572509765625,342.7426452636719,1198.18505859375,494.3850402832031,1126.6211547851562,418.5638427734375,143.1278076171875,151.64239501953125
IMG_0028.mp4,1322,44.06666666666667,30.0,693,2,traffic_signs,0.9297561645507812,1683.538330078125,426.9588317871094,1758.2100830078125,533.1231689453125,1720.8742065429688,480.04100036621094,74.6717529296875,106.16433715820312
IMG_0028.mp4,1322,44.06666666666667,30.0,743,2,traffic_signs,0.8700997233390808,199.53074645996094,453.1328125,231.35504150390625,579.0991821289062,215.4428939819336,516.1159973144531,31.824295043945312,125.96636962890625
IMG_0028.mp4,1322,44.06666666666667,30.0,741,2,traffic_signs,0.9087381362915039,1075.206298828125,210.38841247558594,1196.6982421875,336.96466064453125,1135.9522705078125,273.6765365600586,121.491943359375,126.57624816894531
IMG_0028.mp4,1322,44.06666666666667,30.0,733,2,traffic_signs,0.4925445020198822,563.121826171875,517.3873901367188,635.2424926757812,615.4544677734375,599.1821594238281,566.4209289550781,72.12066650390625,98.06707763671875
IMG_0028.mp4,1323,44.1,30.0,712,2,traffic_signs,0.8906391859054565,1079.111328125,337.74530029296875,1223.1893310546875,491.39508056640625,1151.1503295898438,414.5701904296875,144.0780029296875,153.6497802734375
IMG_0028.mp4,1323,44.1,30.0,693,2,traffic_signs,0.9094408750534058,1711.6951904296875,422.60626220703125,1788.366943359375,529.6917724609375,1750.0310668945312,476.1490173339844,76.6717529296875,107.08551025390625
IMG_0028.mp4,1323,44.1,30.0,743,2,traffic_signs,0.8422127962112427,221.07339477539062,451.6689147949219,251.02786254882812,577.7314453125,236.05062866210938,514.7001800537109,29.9544677734375,126.06253051757812
IMG_0028.mp4,1323,44.1,30.0,741,2,traffic_signs,0.48958784341812134,1098.9417724609375,204.1548614501953,1221.6591796875,332.940673828125,1160.3004760742188,268.54776763916016,122.7174072265625,128.7858123779297
IMG_0028.mp4,1323,44.1,30.0,733,2,traffic_signs,0.7070391774177551,584.0643920898438,517.3642578125,654.7952880859375,614.5875854492188,619.4298400878906,565.9759216308594,70.73089599609375,97.22332763671875
IMG_0028.mp4,1324,44.13333333333333,30.0,712,2,traffic_signs,0.823237419128418,1103.4866943359375,331.5684814453125,1249.629150390625,488.0479736328125,1176.5579223632812,409.8082275390625,146.1424560546875,156.4794921875
IMG_0028.mp4,1324,44.13333333333333,30.0,693,2,traffic_signs,0.8988820314407349,1740.299072265625,418.4314880371094,1818.430419921875,526.7352294921875,1779.36474609375,472.58335876464844,78.13134765625,108.30374145507812
IMG_0028.mp4,1324,44.13333333333333,30.0,743,2,traffic_signs,0.8882516026496887,241.7838592529297,451.13543701171875,271.273193359375,577.1279296875,256.52852630615234,514.1316833496094,29.489334106445312,125.99249267578125
IMG_0028.mp4,1324,44.13333333333333,30.0,741,2,traffic_signs,0.4145231544971466,1121.9951171875,198.21726989746094,1245.8345947265625,330.0338439941406,1183.9148559570312,264.1255569458008,123.8394775390625,131.8165740966797
IMG_0028.mp4,1325,44.166666666666664,30.0,712,2,traffic_signs,0.8564490079879761,1127.1365966796875,328.66351318359375,1274.9461669921875,484.78570556640625,1201.0413818359375,406.724609375,147.8095703125,156.1221923828125
IMG_0028.mp4,1325,44.166666666666664,30.0,693,2,traffic_signs,0.8897910118103027,1769.3363037109375,414.42144775390625,1849.8370361328125,523.3446044921875,1809.586669921875,468.8830261230469,80.500732421875,108.92315673828125
IMG_0028.mp4,1325,44.166666666666664,30.0,733,2,traffic_signs,0.42460083961486816,620.902099609375,515.877197265625,691.9300537109375,610.6555786132812,656.4160766601562,563.2663879394531,71.0279541015625,94.77838134765625
IMG_0028.mp4,1326,44.2,30.0,712,2,traffic_signs,0.5639395117759705,1150.076904296875,320.07110595703125,1300.82275390625,481.0566101074219,1225.4498291015625,400.56385803222656,150.745849609375,160.98550415039062
IMG_0028.mp4,1326,44.2,30.0,693,2,traffic_signs,0.9309952855110168,1798.18701171875,409.8491516113281,1881.04150390625,519.3123168945312,1839.6142578125,464.5807342529297,82.8544921875,109.46316528320312
IMG_0028.mp4,1326,44.2,30.0,743,2,traffic_signs,0.38655877113342285,278.2334899902344,450.15203857421875,310.2518615722656,580.300537109375,294.24267578125,515.2262878417969,32.01837158203125,130.14849853515625
IMG_0028.mp4,1326,44.2,30.0,741,2,traffic_signs,0.31031328439712524,1168.7413330078125,184.71998596191406,1296.0169677734375,316.16180419921875,1232.379150390625,250.4408950805664,127.275634765625,131.4418182373047
IMG_0028.mp4,1327,44.233333333333334,30.0,712,2,traffic_signs,0.6640588641166687,1174.4261474609375,317.09088134765625,1326.3966064453125,476.8526916503906,1250.411376953125,396.97178649902344,151.970458984375,159.76181030273438
IMG_0028.mp4,1327,44.233333333333334,30.0,693,2,traffic_signs,0.9103913307189941,1827.5374755859375,407.74029541015625,1912.7733154296875,515.5343627929688,1870.1553955078125,461.6373291015625,85.23583984375,107.7940673828125
IMG_0028.mp4,1327,44.233333333333334,30.0,743,2,traffic_signs,0.8465003967285156,297.0769958496094,450.01171875,327.83514404296875,581.1958618164062,312.45606994628906,515.6037902832031,30.758148193359375,131.18414306640625
IMG_0028.mp4,1327,44.233333333333334,30.0,733,2,traffic_signs,0.5800758004188538,659.0865478515625,510.7895202636719,729.4447021484375,610.4547119140625,694.265625,560.6221160888672,70.358154296875,99.66519165039062
IMG_0028.mp4,1328,44.266666666666666,30.0,712,2,traffic_signs,0.5471442937850952,1198.063720703125,310.2761535644531,1352.1336669921875,472.835205078125,1275.0986938476562,391.55567932128906,154.0699462890625,162.55905151367188
IMG_0028.mp4,1328,44.266666666666666,30.0,693,2,traffic_signs,0.6863714456558228,1858.835205078125,410.3845520019531,1920.0,512.1383666992188,1889.4176025390625,461.26145935058594,61.164794921875,101.75381469726562
IMG_0028.mp4,1328,44.266666666666666,30.0,743,2,traffic_signs,0.8103142976760864,317.1343078613281,448.94317626953125,346.7006530761719,577.006591796875,331.91748046875,512.9748840332031,29.56634521484375,128.06341552734375
IMG_0028.mp4,1328,44.266666666666666,30.0,733,2,traffic_signs,0.40176838636398315,677.3049926757812,510.9207458496094,747.9188842773438,607.1892700195312,712.6119384765625,559.0550079345703,70.6138916015625,96.26852416992188
IMG_0028.mp4,1329,44.3,30.0,693,2,traffic_signs,0.6438409686088562,1889.763427734375,421.5146789550781,1920.0,507.7654724121094,1904.8817138671875,464.64007568359375,30.236572265625,86.25079345703125
IMG_0028.mp4,1329,44.3,30.0,743,2,traffic_signs,0.8447299599647522,336.9800720214844,447.3583679199219,365.4099426269531,573.4578857421875,351.19500732421875,510.4081268310547,28.42987060546875,126.09951782226562
IMG_0028.mp4,1330,44.333333333333336,30.0,743,2,traffic_signs,0.48174524307250977,355.1661682128906,447.2468566894531,383.1025390625,571.6508178710938,369.1343536376953,509.44883728027344,27.936370849609375,124.40396118164062
IMG_0028.mp4,1330,44.333333333333336,30.0,741,2,traffic_signs,0.3975610136985779,1265.6949462890625,154.653564453125,1400.47021484375,287.0687561035156,1333.0825805664062,220.8611602783203,134.7752685546875,132.41519165039062
IMG_0028.mp4,1331,44.36666666666667,30.0,743,2,traffic_signs,0.7835224866867065,371.7134094238281,445.6878356933594,401.0544128417969,569.1758422851562,386.3839111328125,507.4318389892578,29.34100341796875,123.48800659179688
IMG_0028.mp4,1331,44.36666666666667,30.0,741,2,traffic_signs,0.5076366662979126,1290.7362060546875,146.31216430664062,1425.6484375,281.793701171875,1358.1923217773438,214.0529327392578,134.9122314453125,135.48153686523438
IMG_0028.mp4,1331,44.36666666666667,30.0,712,2,traffic_signs,0.274720698595047,1271.9093017578125,290.41668701171875,1431.01318359375,460.6655578613281,1351.4612426757812,375.54112243652344,159.1038818359375,170.24887084960938
IMG_0028.mp4,1332,44.4,30.0,743,2,traffic_signs,0.8125856518745422,390.904296875,444.1555480957031,418.55145263671875,566.7857666015625,404.7278747558594,505.4706573486328,27.64715576171875,122.63021850585938
IMG_0028.mp4,1333,44.43333333333333,30.0,743,2,traffic_signs,0.8510008454322815,408.7943115234375,443.7087707519531,435.5947265625,561.6571655273438,422.19451904296875,502.68296813964844,26.8004150390625,117.94839477539062
IMG_0028.mp4,1333,44.43333333333333,30.0,712,2,traffic_signs,0.4661983549594879,1322.09228515625,274.5264892578125,1484.4368896484375,450.9079284667969,1403.2645874023438,362.7172088623047,162.3446044921875,176.38143920898438
IMG_0028.mp4,1334,44.46666666666667,30.0,743,2,traffic_signs,0.8596076965332031,424.7466735839844,442.2325134277344,452.8523254394531,563.1083374023438,438.79949951171875,502.67042541503906,28.10565185546875,120.87582397460938
IMG_0028.mp4,1335,44.5,30.0,743,2,traffic_signs,0.796133279800415,440.6526184082031,439.9266662597656,469.0515441894531,566.2599487304688,454.8520812988281,503.0933074951172,28.39892578125,126.33328247070312
IMG_0028.mp4,1336,44.53333333333333,30.0,743,2,traffic_signs,0.8464468121528625,457.87249755859375,439.25482177734375,485.235595703125,563.7268676757812,471.5540466308594,501.4908447265625,27.36309814453125,124.4720458984375
IMG_0028.mp4,1336,44.53333333333333,30.0,733,2,traffic_signs,0.5143418908119202,814.8150634765625,459.6930847167969,888.5037231445312,589.7677612304688,851.6593933105469,524.7304229736328,73.68865966796875,130.07467651367188
IMG_0028.mp4,1336,44.53333333333333,30.0,741,2,traffic_signs,0.7568063139915466,1419.23095703125,122.46890258789062,1477.35546875,226.6087646484375,1448.293212890625,174.53883361816406,58.12451171875,104.13986206054688
IMG_0028.mp4,1337,44.56666666666667,30.0,743,2,traffic_signs,0.8908213376998901,474.4719543457031,437.94873046875,501.3245544433594,559.1218872070312,487.89825439453125,498.5353088378906,26.85260009765625,121.17315673828125
IMG_0028.mp4,1338,44.6,30.0,743,2,traffic_signs,0.6930364966392517,490.78631591796875,436.67254638671875,517.0285034179688,562.9030151367188,503.90740966796875,499.78778076171875,26.2421875,126.23046875
IMG_0028.mp4,1338,44.6,30.0,712,2,traffic_signs,0.5803418159484863,1446.7421875,240.973876953125,1624.0777587890625,424.0619812011719,1535.4099731445312,332.51792907714844,177.3355712890625,183.08810424804688
IMG_0028.mp4,1339,44.63333333333333,30.0,743,2,traffic_signs,0.8484164476394653,507.1712951660156,436.0235595703125,533.4622802734375,561.0999145507812,520.3167877197266,498.5617370605469,26.290985107421875,125.07635498046875
IMG_0028.mp4,1339,44.63333333333333,30.0,712,2,traffic_signs,0.5211854577064514,1473.7476806640625,237.8541259765625,1653.4241943359375,419.80078125,1563.5859375,328.82745361328125,179.676513671875,181.9466552734375
IMG_0028.mp4,1339,44.63333333333333,30.0,733,2,traffic_signs,0.5647291541099548,862.3765869140625,451.5065612792969,937.4114379882812,579.33837890625,899.8940124511719,515.4224700927734,75.03485107421875,127.83181762695312
IMG_0028.mp4,1340,44.666666666666664,30.0,743,2,traffic_signs,0.9018002152442932,522.6116333007812,434.0391845703125,549.3735961914062,560.0010375976562,535.9926147460938,497.0201110839844,26.761962890625,125.96185302734375
IMG_0028.mp4,1340,44.666666666666664,30.0,712,2,traffic_signs,0.8071680665016174,1500.5960693359375,241.8717041015625,1679.8211669921875,413.7146911621094,1590.2086181640625,327.79319763183594,179.22509765625,171.84298706054688
IMG_0028.mp4,1341,44.7,30.0,743,2,traffic_signs,0.7871478796005249,538.0381469726562,430.6667175292969,564.6487426757812,563.1519775390625,551.3434448242188,496.9093475341797,26.610595703125,132.48526000976562
IMG_0028.mp4,1341,44.7,30.0,712,2,traffic_signs,0.8228562474250793,1526.9775390625,247.1427459716797,1706.04931640625,407.7770690917969,1616.513427734375,327.4599075317383,179.07177734375,160.6343231201172
IMG_0028.mp4,1342,44.733333333333334,30.0,743,2,traffic_signs,0.839708149433136,553.6080932617188,429.8494873046875,579.5616455078125,557.46044921875,566.5848693847656,493.65496826171875,25.95355224609375,127.6109619140625
IMG_0028.mp4,1342,44.733333333333334,30.0,712,2,traffic_signs,0.7319875359535217,1552.1671142578125,254.23851013183594,1732.765625,400.5511169433594,1642.4663696289062,327.39481353759766,180.5985107421875,146.31260681152344
IMG_0028.mp4,1343,44.766666666666666,30.0,743,2,traffic_signs,0.872577428817749,568.461669921875,427.9111328125,594.8794555664062,560.0650634765625,581.6705627441406,493.98809814453125,26.41778564453125,132.1539306640625
IMG_0028.mp4,1343,44.766666666666666,30.0,712,2,traffic_signs,0.47490155696868896,1584.139892578125,269.7386779785156,1757.9874267578125,393.9488525390625,1671.0636596679688,331.84376525878906,173.8475341796875,124.21017456054688
IMG_0028.mp4,1344,44.8,30.0,743,2,traffic_signs,0.8532742857933044,584.1875,426.3564453125,610.068359375,562.0009765625,597.1279296875,494.1787109375,25.880859375,135.64453125
IMG_0028.mp4,1344,44.8,30.0,733,2,traffic_signs,0.6731371283531189,943.1453857421875,443.4351501464844,1018.6029052734375,590.4076538085938,980.8741455078125,516.9214019775391,75.45751953125,146.97250366210938
IMG_0028.mp4,1345,44.833333333333336,30.0,743,2,traffic_signs,0.8543955683708191,599.534912109375,424.9461975097656,624.6843872070312,557.5725708007812,612.1096496582031,491.25938415527344,25.14947509765625,132.62637329101562
IMG_0028.mp4,1345,44.833333333333336,30.0,733,2,traffic_signs,0.30266737937927246,957.4942626953125,440.8170166015625,1034.2208251953125,585.5137939453125,995.8575439453125,513.1654052734375,76.7265625,144.69677734375
IMG_0028.mp4,1346,44.86666666666667,30.0,743,2,traffic_signs,0.8584160208702087,613.2653198242188,423.82269287109375,638.9807739257812,557.3406372070312,626.123046875,490.5816650390625,25.7154541015625,133.5179443359375
IMG_0028.mp4,1347,44.9,30.0,743,2,traffic_signs,0.8868377208709717,628.4172973632812,422.69635009765625,654.3696899414062,557.0223388671875,641.3934936523438,489.8593444824219,25.952392578125,134.32598876953125
IMG_0028.mp4,1347,44.9,30.0,733,2,traffic_signs,0.6255233883857727,990.3880004882812,437.1421813964844,1065.5960693359375,578.0142211914062,1027.9920349121094,507.5782012939453,75.20806884765625,140.87203979492188
IMG_0028.mp4,1348,44.93333333333333,30.0,743,2,traffic_signs,0.8831705451011658,642.1241455078125,421.097900390625,668.9667358398438,552.4078979492188,655.5454406738281,486.7528991699219,26.84259033203125,131.30999755859375
IMG_0028.mp4,1348,44.93333333333333,30.0,733,2,traffic_signs,0.2862198054790497,1005.5443725585938,434.968017578125,1081.6483154296875,580.5582275390625,1043.5963439941406,507.76312255859375,76.10394287109375,145.5902099609375
IMG_0028.mp4,1349,44.96666666666667,30.0,743,2,traffic_signs,0.8411716818809509,656.3526000976562,419.16693115234375,683.08349609375,556.9822998046875,669.7180480957031,488.0746154785156,26.73089599609375,137.81536865234375
IMG_0028.mp4,1350,45.0,30.0,743,2,traffic_signs,0.921341598033905,671.0167846679688,417.4876708984375,696.9813842773438,553.5950317382812,683.9990844726562,485.5413513183594,25.964599609375,136.10736083984375
IMG_0028.mp4,1350,45.0,30.0,733,2,traffic_signs,0.3246408998966217,1033.912109375,431.20318603515625,1112.4239501953125,586.01171875,1073.1680297851562,508.6074523925781,78.5118408203125,154.80853271484375
IMG_0028.mp4,1351,45.03333333333333,30.0,743,2,traffic_signs,0.8063417673110962,684.0750732421875,416.351318359375,710.4083862304688,549.9951782226562,697.2417297363281,483.1732482910156,26.33331298828125,133.64385986328125
IMG_0028.mp4,1352,45.06666666666667,30.0,743,2,traffic_signs,0.8551161289215088,697.9755859375,415.626708984375,723.5174560546875,547.0835571289062,710.7465209960938,481.3551330566406,25.5418701171875,131.45684814453125
IMG_0028.mp4,1352,45.06666666666667,30.0,753,2,traffic_signs,0.3903978765010834,698.2691040039062,418.2955322265625,723.3079833984375,541.4424438476562,710.7885437011719,479.8689880371094,25.03887939453125,123.14691162109375
IMG_0028.mp4,1353,45.1,30.0,743,2,traffic_signs,0.8868322968482971,709.9961547851562,415.04937744140625,735.9774780273438,550.03369140625,722.98681640625,482.5415344238281,25.9813232421875,134.98431396484375
IMG_0028.mp4,1354,45.13333333333333,30.0,743,2,traffic_signs,0.8840207457542419,722.67333984375,413.9997253417969,749.0521240234375,551.305419921875,735.8627319335938,482.65257263183594,26.3787841796875,137.30569458007812
IMG_0028.mp4,1354,45.13333333333333,30.0,733,2,traffic_signs,0.453700989484787,1090.790283203125,463.6510314941406,1171.4219970703125,569.1532592773438,1131.1061401367188,516.4021453857422,80.6317138671875,105.50222778320312
IMG_0028.mp4,1355,45.166666666666664,30.0,743,2,traffic_signs,0.8476916551589966,734.3634643554688,412.0186767578125,760.778076171875,550.3948364257812,747.5707702636719,481.2067565917969,26.41461181640625,138.37615966796875
IMG_0028.mp4,1355,45.166666666666664,30.0,756,2,traffic_signs,0.58900386095047,735.2210693359375,414.51226806640625,760.5072631835938,540.8356323242188,747.8641662597656,477.6739501953125,25.28619384765625,126.3233642578125
IMG_0028.mp4,1355,45.166666666666664,30.0,733,2,traffic_signs,0.3305633068084717,1105.395751953125,467.4845275878906,1185.6741943359375,567.3806762695312,1145.5349731445312,517.4326019287109,80.2784423828125,99.89614868164062
IMG_0028.mp4,1356,45.2,30.0,743,2,traffic_signs,0.8486050963401794,746.59033203125,410.878662109375,773.4403686523438,550.0125122070312,760.0153503417969,480.4455871582031,26.85003662109375,139.13385009765625
IMG_0028.mp4,1356,45.2,30.0,757,2,traffic_signs,0.6953468918800354,220.25755310058594,702.3592529296875,242.19700622558594,719.2422485351562,231.22727966308594,710.8007507324219,21.939453125,16.88299560546875
IMG_0028.mp4,1357,45.233333333333334,30.0,743,2,traffic_signs,0.8717719316482544,757.7255249023438,407.1382141113281,785.1175537109375,550.3595581054688,771.4215393066406,478.74888610839844,27.39202880859375,143.22134399414062
IMG_0028.mp4,1357,45.233333333333334,30.0,757,2,traffic_signs,0.8426414728164673,231.4058074951172,701.8753051757812,255.9630889892578,719.46240234375,243.6844482421875,710.6688537597656,24.557281494140625,17.58709716796875
IMG_0028.mp4,1358,45.266666666666666,30.0,743,2,traffic_signs,0.861013650894165,769.4981689453125,404.89801025390625,796.5479736328125,549.2313842773438,783.0230712890625,477.064697265625,27.0498046875,144.3333740234375
IMG_0028.mp4,1358,45.266666666666666,30.0,757,2,traffic_signs,0.4811326861381531,243.39158630371094,701.86669921875,266.8661193847656,718.505859375,255.12885284423828,710.186279296875,23.474533081054688,16.63916015625
IMG_0028.mp4,1358,45.266666666666666,30.0,733,2,traffic_signs,0.41536346077919006,1143.7691650390625,417.9150390625,1227.7056884765625,574.15576171875,1185.7374267578125,496.035400390625,83.9365234375,156.24072265625
IMG_0028.mp4,1359,45.3,30.0,743,2,traffic_signs,0.8267406225204468,780.3429565429688,403.5071105957031,807.56005859375,545.8321533203125,793.9515075683594,474.6696319580078,27.21710205078125,142.32504272460938
IMG_0028.mp4,1359,45.3,30.0,757,2,traffic_signs,0.43529635667800903,255.2849884033203,701.7598266601562,278.1852722167969,717.895751953125,266.7351303100586,709.8277893066406,22.900283813476562,16.13592529296875
IMG_0028.mp4,1360,45.333333333333336,30.0,743,2,traffic_signs,0.7714604139328003,792.75634765625,401.35125732421875,818.4805297851562,539.808837890625,805.6184387207031,470.5800476074219,25.72418212890625,138.45758056640625
IMG_0028.mp4,1360,45.333333333333336,30.0,757,2,traffic_signs,0.6765910983085632,267.3165283203125,701.3162841796875,290.0517578125,717.4112548828125,278.68414306640625,709.36376953125,22.7352294921875,16.094970703125
IMG_0028.mp4,1361,45.36666666666667,30.0,743,2,traffic_signs,0.4374300241470337,803.2308959960938,398.3595886230469,829.6209716796875,540.8150024414062,816.4259338378906,469.58729553222656,26.39007568359375,142.45541381835938
IMG_0028.mp4,1361,45.36666666666667,30.0,757,2,traffic_signs,0.7871710658073425,278.1380310058594,700.5478515625,303.6537170410156,717.4400634765625,290.8958740234375,708.9939575195312,25.51568603515625,16.8922119140625
IMG_0028.mp4,1362,45.4,30.0,743,2,traffic_signs,0.7401728630065918,815.0003662109375,395.6004943847656,840.885498046875,543.09423828125,827.9429321289062,469.3473663330078,25.8851318359375,147.49374389648438
IMG_0028.mp4,1362,45.4,30.0,757,2,traffic_signs,0.5196717381477356,289.8737487792969,700.4279174804688,315.135986328125,716.7850341796875,302.50486755371094,708.6064758300781,25.262237548828125,16.35711669921875
IMG_0028.mp4,1363,45.43333333333333,30.0,743,2,traffic_signs,0.5902663469314575,825.5050048828125,392.68963623046875,852.041015625,542.7225341796875,838.7730102539062,467.7060852050781,26.5360107421875,150.03289794921875
IMG_0028.mp4,1364,45.46666666666667,30.0,743,2,traffic_signs,0.8302613496780396,836.272705078125,390.8236389160156,862.3619995117188,538.156005859375,849.3173522949219,464.4898223876953,26.08929443359375,147.33236694335938
IMG_0028.mp4,1364,45.46666666666667,30.0,757,2,traffic_signs,0.39771682024002075,309.6229248046875,699.9295043945312,334.4241943359375,716.3651123046875,322.0235595703125,708.1473083496094,24.80126953125,16.43560791015625
IMG_0028.mp4,1365,45.5,30.0,743,2,traffic_signs,0.6901191473007202,847.4806518554688,389.36712646484375,873.39599609375,534.4998779296875,860.4383239746094,461.9335021972656,25.91534423828125,145.13275146484375
IMG_0028.mp4,1365,45.5,30.0,757,2,traffic_signs,0.43444395065307617,318.63671875,698.6641845703125,343.8978271484375,715.4387817382812,331.26727294921875,707.0514831542969,25.2611083984375,16.77459716796875
IMG_0028.mp4,1366,45.53333333333333,30.0,743,2,traffic_signs,0.7972506880760193,858.1202392578125,387.8305969238281,883.906982421875,529.7342529296875,871.0136108398438,458.7824249267578,25.7867431640625,141.90365600585938
IMG_0028.mp4,1366,45.53333333333333,30.0,757,2,traffic_signs,0.706164538860321,328.23712158203125,698.7372436523438,353.7806091308594,715.1298217773438,341.0088653564453,706.9335327148438,25.543487548828125,16.392578125
IMG_0028.mp4,1367,45.56666666666667,30.0,743,2,traffic_signs,0.8121606707572937,868.7744140625,384.9773864746094,894.6941528320312,531.3800048828125,881.7342834472656,458.17869567871094,25.91973876953125,146.40261840820312
IMG_0028.mp4,1367,45.56666666666667,30.0,757,2,traffic_signs,0.3377734124660492,339.2413330078125,698.59130859375,363.0736389160156,715.1578979492188,351.15748596191406,706.8746032714844,23.832305908203125,16.56658935546875
IMG_0028.mp4,1368,45.6,30.0,743,2,traffic_signs,0.8266616463661194,877.5703735351562,382.6393737792969,904.4339599609375,531.4732055664062,891.0021667480469,457.05628967285156,26.86358642578125,148.83383178710938
IMG_0028.mp4,1369,45.63333333333333,30.0,743,2,traffic_signs,0.7351827025413513,889.3363037109375,380.95892333984375,914.500244140625,530.1917114257812,901.9182739257812,455.5753173828125,25.1639404296875,149.2327880859375
IMG_0028.mp4,1370,45.666666666666664,30.0,743,2,traffic_signs,0.2902151048183441,899.9674072265625,378.0638732910156,924.3335571289062,525.755126953125,912.1504821777344,451.9095001220703,24.36614990234375,147.69125366210938
IMG_0028.mp4,1370,45.666666666666664,30.0,757,2,traffic_signs,0.2892029583454132,367.1708068847656,697.5447387695312,390.4877624511719,714.1870727539062,378.82928466796875,705.8659057617188,23.31695556640625,16.642333984375
IMG_0028.mp4,1371,45.7,30.0,743,2,traffic_signs,0.776317834854126,909.8256225585938,377.08380126953125,934.4094848632812,529.02001953125,922.1175537109375,453.0519104003906,24.5838623046875,151.93621826171875
IMG_0028.mp4,1371,45.7,30.0,757,2,traffic_signs,0.740050196647644,376.0777282714844,697.685791015625,400.60150146484375,714.5084838867188,388.33961486816406,706.0971374511719,24.523773193359375,16.82269287109375
IMG_0028.mp4,1372,45.733333333333334,30.0,743,2,traffic_signs,0.7465877532958984,919.9636840820312,374.314453125,944.5550537109375,524.6339111328125,932.2593688964844,449.47418212890625,24.59136962890625,150.3194580078125
IMG_0028.mp4,1373,45.766666666666666,30.0,743,2,traffic_signs,0.623046338558197,927.7499389648438,373.2137451171875,953.0049438476562,514.864990234375,940.37744140625,444.03936767578125,25.2550048828125,141.6512451171875
IMG_0028.mp4,1374,45.8,30.0,743,2,traffic_signs,0.7256811261177063,937.468017578125,370.8001708984375,962.1663818359375,519.08203125,949.8171997070312,444.94110107421875,24.6983642578125,148.2818603515625
IMG_0028.mp4,1374,45.8,30.0,757,2,traffic_signs,0.5898621678352356,401.4571533203125,697.439697265625,422.4390869140625,713.7184448242188,411.9481201171875,705.5790710449219,20.98193359375,16.27874755859375
IMG_0028.mp4,1375,45.833333333333336,30.0,743,2,traffic_signs,0.2760331928730011,946.4425048828125,368.080078125,971.5975952148438,520.0040283203125,959.0200500488281,444.04205322265625,25.15509033203125,151.9239501953125
IMG_0028.mp4,1376,45.86666666666667,30.0,743,2,traffic_signs,0.7969374060630798,955.3729858398438,368.45208740234375,980.5901489257812,509.0205993652344,967.9815673828125,438.73634338378906,25.2171630859375,140.56851196289062
IMG_0028.mp4,1377,45.9,30.0,743,2,traffic_signs,0.7697782516479492,964.6983642578125,366.9106140136719,989.6090698242188,505.29974365234375,977.1537170410156,436.1051788330078,24.91070556640625,138.38912963867188
IMG_0028.mp4,1377,45.9,30.0,757,2,traffic_signs,0.7212182879447937,425.2242736816406,697.7910766601562,448.4821472167969,714.5388793945312,436.85321044921875,706.1649780273438,23.25787353515625,16.747802734375
IMG_0028.mp4,1378,45.93333333333333,30.0,743,2,traffic_signs,0.5634863376617432,972.19873046875,365.5367736816406,997.7564697265625,503.30755615234375,984.9776000976562,434.4221649169922,25.5577392578125,137.77078247070312
IMG_0028.mp4,1378,45.93333333333333,30.0,757,2,traffic_signs,0.25517749786376953,433.86578369140625,698.3457641601562,456.7740478515625,714.9981689453125,445.3199157714844,706.6719665527344,22.90826416015625,16.65240478515625
IMG_0028.mp4,1379,45.96666666666667,30.0,743,2,traffic_signs,0.7033373713493347,980.2196044921875,363.7236633300781,1006.11474609375,505.490234375,993.1671752929688,434.60694885253906,25.8951416015625,141.76657104492188
IMG_0028.mp4,1379,45.96666666666667,30.0,757,2,traffic_signs,0.6010681390762329,438.984130859375,697.9371948242188,464.16802978515625,715.0474243164062,451.5760803222656,706.4923095703125,25.18389892578125,17.1102294921875
IMG_0028.mp4,1380,46.0,30.0,743,2,traffic_signs,0.6303154230117798,988.2393798828125,361.3362121582031,1014.44580078125,500.76031494140625,1001.3425903320312,431.0482635498047,26.2064208984375,139.42410278320312
IMG_0028.mp4,1380,46.0,30.0,757,2,traffic_signs,0.6690783500671387,446.8348083496094,698.4036865234375,472.0663757324219,715.2343139648438,459.4505920410156,706.8190002441406,25.2315673828125,16.83062744140625
IMG_0028.mp4,1381,46.03333333333333,30.0,743,2,traffic_signs,0.39707356691360474,995.980712890625,358.2187194824219,1021.8841552734375,498.7234191894531,1008.9324340820312,428.4710693359375,25.9034423828125,140.50469970703125
IMG_0028.mp4,1381,46.03333333333333,30.0,757,2,traffic_signs,0.4145081043243408,452.7532653808594,697.98583984375,475.2948913574219,714.4295654296875,464.0240783691406,706.2077026367188,22.5416259765625,16.4437255859375
IMG_0028.mp4,1382,46.06666666666667,30.0,743,2,traffic_signs,0.6702614426612854,1004.1329345703125,355.8074951171875,1030.184814453125,501.9172668457031,1017.1588745117188,428.8623809814453,26.0518798828125,146.10977172851562
IMG_0028.mp4,1382,46.06666666666667,30.0,762,2,traffic_signs,0.333356112241745,1005.5076293945312,362.71728515625,1030.1497802734375,493.1601867675781,1017.8287048339844,427.93873596191406,24.64215087890625,130.44290161132812
IMG_0028.mp4,1383,46.1,30.0,743,2,traffic_signs,0.624060869216919,1012.20068359375,354.414306640625,1037.6976318359375,491.8165588378906,1024.9491577148438,423.1154327392578,25.4969482421875,137.40225219726562
IMG_0028.mp4,1383,46.1,30.0,762,2,traffic_signs,0.5310018062591553,1012.2483520507812,363.641845703125,1037.3250732421875,491.7007141113281,1024.7867126464844,427.67127990722656,25.07672119140625,128.05886840820312
IMG_0028.mp4,1384,46.13333333333333,30.0,743,2,traffic_signs,0.40194937586784363,1019.3427734375,350.922119140625,1045.021728515625,491.0888977050781,1032.1822509765625,421.00550842285156,25.678955078125,140.16677856445312
IMG_0028.mp4,1384,46.13333333333333,30.0,757,2,traffic_signs,0.7937421202659607,471.6541748046875,698.2213134765625,495.2601623535156,715.5120239257812,483.45716857910156,706.8666687011719,23.605987548828125,17.29071044921875
IMG_0028.mp4,1385,46.166666666666664,30.0,743,2,traffic_signs,0.2895667552947998,1026.630126953125,351.0029602050781,1052.2674560546875,485.91522216796875,1039.4487915039062,418.45909118652344,25.6373291015625,134.91226196289062
IMG_0028.mp4,1385,46.166666666666664,30.0,757,2,traffic_signs,0.7479697465896606,476.2790222167969,698.1349487304688,501.2938232421875,716.2138061523438,488.7864227294922,707.1743774414062,25.014801025390625,18.078857421875
IMG_0028.mp4,1386,46.2,30.0,743,2,traffic_signs,0.42458418011665344,1034.0577392578125,348.2261047363281,1060.0777587890625,493.5692138671875,1047.0677490234375,420.8976593017578,26.02001953125,145.34310913085938
IMG_0028.mp4,1386,46.2,30.0,757,2,traffic_signs,0.5324559807777405,483.19830322265625,698.7698364257812,507.30780029296875,716.4794311523438,495.2530517578125,707.6246337890625,24.1094970703125,17.7095947265625
IMG_0028.mp4,1387,46.233333333333334,30.0,743,2,traffic_signs,0.3214247226715088,1041.0804443359375,345.6016845703125,1067.8116455078125,498.5567321777344,1054.446044921875,422.07920837402344,26.731201171875,152.95504760742188
IMG_0028.mp4,1387,46.233333333333334,30.0,757,2,traffic_signs,0.3033316135406494,489.1311950683594,699.178955078125,514.0532836914062,717.1778564453125,501.5922393798828,708.1784057617188,24.922088623046875,17.9989013671875
IMG_0028.mp4,1388,46.266666666666666,30.0,743,2,traffic_signs,0.4360000193119049,1047.19482421875,342.6921081542969,1074.766845703125,489.4667663574219,1060.9808349609375,416.0794372558594,27.572021484375,146.774658203125
IMG_0028.mp4,1388,46.266666666666666,30.0,757,2,traffic_signs,0.7188897728919983,495.39471435546875,699.7980346679688,519.0618286132812,717.6116943359375,507.228271484375,708.7048645019531,23.6671142578125,17.81365966796875
IMG_0028.mp4,1389,46.3,30.0,743,2,traffic_signs,0.45902296900749207,1055.0810546875,342.1400451660156,1082.1947021484375,488.1492614746094,1068.6378784179688,415.1446533203125,27.1136474609375,146.00921630859375
IMG_0028.mp4,1389,46.3,30.0,757,2,traffic_signs,0.5274481773376465,499.8195495605469,699.9979248046875,524.9009399414062,717.438232421875,512.3602447509766,708.7180786132812,25.081390380859375,17.4403076171875
IMG_0028.mp4,1390,46.333333333333336,30.0,743,2,traffic_signs,0.547705888748169,1062.3328857421875,339.65155029296875,1089.30712890625,482.52178955078125,1075.8200073242188,411.086669921875,26.9742431640625,142.8702392578125
IMG_0028.mp4,1390,46.333333333333336,30.0,757,2,traffic_signs,0.6426743268966675,506.1811828613281,700.63916015625,528.7271118164062,717.817626953125,517.4541473388672,709.2283935546875,22.545928955078125,17.178466796875
IMG_0028.mp4,1391,46.36666666666667,30.0,743,2,traffic_signs,0.3257295787334442,1068.1064453125,337.5249328613281,1095.0184326171875,475.3782958984375,1081.5624389648438,406.4516143798828,26.9119873046875,137.85336303710938
IMG_0028.mp4,1391,46.36666666666667,30.0,757,2,traffic_signs,0.522072970867157,509.946533203125,700.7221069335938,533.6783447265625,717.8994140625,521.8124389648438,709.3107604980469,23.7318115234375,17.17730712890625
IMG_0028.mp4,1392,46.4,30.0,757,2,traffic_signs,0.7319149971008301,514.2409057617188,700.5933837890625,537.90478515625,718.4151000976562,526.0728454589844,709.5042419433594,23.66387939453125,17.82171630859375
IMG_0028.mp4,1393,46.43333333333333,30.0,757,2,traffic_signs,0.6999488472938538,518.9115600585938,701.1989135742188,542.5352172851562,719.2702026367188,530.723388671875,710.2345581054688,23.6236572265625,18.0712890625
IMG_0028.mp4,1394,46.46666666666667,30.0,757,2,traffic_signs,0.7441800236701965,522.3612060546875,700.9932861328125,547.8042602539062,718.9921875,535.0827331542969,709.9927368164062,25.44305419921875,17.9989013671875
IMG_0028.mp4,1394,46.46666666666667,30.0,743,2,traffic_signs,0.34413352608680725,1088.123779296875,329.916748046875,1114.466552734375,473.3970031738281,1101.295166015625,401.65687561035156,26.3427734375,143.48025512695312
IMG_0028.mp4,1395,46.5,30.0,757,2,traffic_signs,0.45129886269569397,528.3431396484375,701.3233032226562,551.5195922851562,719.5046997070312,539.9313659667969,710.4140014648438,23.17645263671875,18.181396484375
IMG_0028.mp4,1396,46.53333333333333,30.0,757,2,traffic_signs,0.419302374124527,532.7488403320312,701.7638549804688,555.6192626953125,719.8070678710938,544.1840515136719,710.7854614257812,22.87042236328125,18.043212890625
IMG_0028.mp4,1396,46.53333333333333,30.0,743,2,traffic_signs,0.29209426045417786,1101.832275390625,329.00604248046875,1126.9254150390625,472.4955749511719,1114.3788452148438,400.7508087158203,25.0931396484375,143.48953247070312
IMG_0028.mp4,1397,46.56666666666667,30.0,757,2,traffic_signs,0.3649606704711914,536.5547485351562,702.0089721679688,559.8099975585938,719.8070678710938,548.182373046875,710.9080200195312,23.2552490234375,17.798095703125
IMG_0028.mp4,1398,46.6,30.0,757,2,traffic_signs,0.2728930115699768,540.4703369140625,702.0924682617188,562.7785034179688,719.74658203125,551.6244201660156,710.9195251464844,22.30816650390625,17.65411376953125
IMG_0028.mp4,1399,46.63333333333333,30.0,757,2,traffic_signs,0.27063173055648804,544.7686767578125,702.5103149414062,567.07958984375,720.0132446289062,555.9241333007812,711.2617797851562,22.3109130859375,17.5029296875
IMG_0028.mp4,1401,46.7,30.0,757,2,traffic_signs,0.4679229259490967,554.1719360351562,702.2388916015625,575.0304565429688,720.6337280273438,564.6011962890625,711.4363098144531,20.8585205078125,18.39483642578125
IMG_0028.mp4,1403,46.766666666666666,30.0,757,2,traffic_signs,0.375103235244751,560.8135986328125,702.7968139648438,584.30712890625,721.3893432617188,572.5603637695312,712.0930786132812,23.4935302734375,18.592529296875
IMG_0028.mp4,1405,46.833333333333336,30.0,757,2,traffic_signs,0.46774083375930786,567.9298706054688,703.943603515625,591.9532470703125,722.3867797851562,579.9415588378906,713.1651916503906,24.02337646484375,18.44317626953125
IMG_0028.mp4,1406,46.86666666666667,30.0,766,1,traffic_lights,0.44421425461769104,627.4758911132812,391.2630615234375,795.10791015625,431.9919128417969,711.2919006347656,411.6274871826172,167.63201904296875,40.728851318359375
IMG_0028.mp4,1406,46.86666666666667,30.0,757,2,traffic_signs,0.32472947239875793,573.5823974609375,704.8697509765625,596.2693481445312,722.7398681640625,584.9258728027344,713.8048095703125,22.68695068359375,17.8701171875
IMG_0028.mp4,1407,46.9,30.0,766,1,traffic_lights,0.4626408815383911,631.2705078125,391.545654296875,799.5747680664062,432.3468933105469,715.4226379394531,411.94627380371094,168.30426025390625,40.801239013671875
IMG_0028.mp4,1407,46.9,30.0,757,2,traffic_signs,0.5433257222175598,578.6284790039062,706.1650390625,599.969482421875,723.9292602539062,589.2989807128906,715.0471496582031,21.34100341796875,17.76422119140625
IMG_0028.mp4,1408,46.93333333333333,30.0,766,1,traffic_lights,0.3330066204071045,635.4194946289062,391.4700622558594,805.6754760742188,432.7065124511719,720.5474853515625,412.0882873535156,170.2559814453125,41.2364501953125
IMG_0028.mp4,1408,46.93333333333333,30.0,757,2,traffic_signs,0.36349064111709595,582.2279663085938,706.4058227539062,603.2042236328125,724.625244140625,592.7160949707031,715.5155334472656,20.97625732421875,18.21942138671875
IMG_0028.mp4,1415,47.166666666666664,30.0,757,2,traffic_signs,0.6497998237609863,615.5443725585938,710.177978515625,642.3002319335938,729.874755859375,628.9223022460938,720.0263671875,26.755859375,19.69677734375
IMG_0028.mp4,1416,47.2,30.0,757,2,traffic_signs,0.5647563934326172,620.182373046875,709.5328369140625,646.296875,729.5872802734375,633.2396240234375,719.56005859375,26.114501953125,20.054443359375
IMG_0028.mp4,1430,47.666666666666664,30.0,757,2,traffic_signs,0.7973246574401855,716.4151000976562,715.3994140625,737.1436767578125,735.8919067382812,726.7793884277344,725.6456604003906,20.72857666015625,20.49249267578125
IMG_0028.mp4,1431,47.7,30.0,757,2,traffic_signs,0.5196977257728577,724.409912109375,715.60498046875,744.7539672851562,735.8138427734375,734.5819396972656,725.7094116210938,20.34405517578125,20.2088623046875
IMG_0028.mp4,1432,47.733333333333334,30.0,757,2,traffic_signs,0.4519651532173157,732.1813354492188,716.1263427734375,753.7491455078125,735.4304809570312,742.9652404785156,725.7784118652344,21.56781005859375,19.30413818359375
IMG_0028.mp4,1433,47.766666666666666,30.0,757,2,traffic_signs,0.3870856761932373,742.1082153320312,716.4361572265625,763.1290283203125,735.93505859375,752.6186218261719,726.1856079101562,21.02081298828125,19.4989013671875
IMG_0028.mp4,1433,47.766666666666666,30.0,774,2,traffic_signs,0.5586515069007874,817.1740112304688,718.904296875,829.796630859375,735.524169921875,823.4853210449219,727.2142333984375,12.62261962890625,16.619873046875
IMG_0028.mp4,1434,47.8,30.0,757,2,traffic_signs,0.4238106906414032,753.1105346679688,717.0831909179688,772.5863037109375,737.3698120117188,762.8484191894531,727.2265014648438,19.47576904296875,20.28662109375
IMG_0028.mp4,1434,47.8,30.0,774,2,traffic_signs,0.5534418821334839,827.2239990234375,719.3890991210938,838.87744140625,735.5061645507812,833.0507202148438,727.4476318359375,11.6534423828125,16.1170654296875
IMG_0028.mp4,1435,47.833333333333336,30.0,757,2,traffic_signs,0.786450982093811,761.8113403320312,716.1654663085938,783.087646484375,737.4584350585938,772.4494934082031,726.8119506835938,21.27630615234375,21.29296875
IMG_0028.mp4,1435,47.833333333333336,30.0,774,2,traffic_signs,0.6779851317405701,837.0661010742188,719.3942260742188,848.9290771484375,735.4348754882812,842.9975891113281,727.41455078125,11.86297607421875,16.0406494140625
IMG_0028.mp4,1436,47.86666666666667,30.0,757,2,traffic_signs,0.780836820602417,772.7645874023438,716.8585205078125,793.1041259765625,737.4864501953125,782.9343566894531,727.1724853515625,20.33953857421875,20.6279296875
IMG_0028.mp4,1436,47.86666666666667,30.0,774,2,traffic_signs,0.708359956741333,847.4534301757812,719.9647216796875,859.2093505859375,735.3584594726562,853.3313903808594,727.6615905761719,11.75592041015625,15.39373779296875
IMG_0028.mp4,1437,47.9,30.0,757,2,traffic_signs,0.5235328674316406,783.7661743164062,718.2785034179688,804.272705078125,738.0303344726562,794.0194396972656,728.1544189453125,20.50653076171875,19.7518310546875
IMG_0028.mp4,1437,47.9,30.0,774,2,traffic_signs,0.6621575355529785,858.30517578125,720.0640869140625,870.5411376953125,736.26611328125,864.4231567382812,728.1651000976562,12.2359619140625,16.2020263671875
IMG_0028.mp4,1438,47.93333333333333,30.0,757,2,traffic_signs,0.6866891980171204,795.8338623046875,718.9147338867188,816.479248046875,739.276611328125,806.1565551757812,729.0956726074219,20.6453857421875,20.36187744140625
IMG_0028.mp4,1438,47.93333333333333,30.0,774,2,traffic_signs,0.3943181335926056,870.059326171875,719.8056030273438,882.017333984375,736.4528198242188,876.038330078125,728.1292114257812,11.9580078125,16.647216796875
IMG_0028.mp4,1439,47.96666666666667,30.0,757,2,traffic_signs,0.7976812124252319,808.6937866210938,718.9461669921875,828.7129516601562,740.0640258789062,818.703369140625,729.5050964355469,20.0191650390625,21.11785888671875
IMG_0028.mp4,1439,47.96666666666667,30.0,774,2,traffic_signs,0.5384544730186462,882.2162475585938,720.1875610351562,894.1366577148438,736.9605102539062,888.1764526367188,728.5740356445312,11.92041015625,16.77294921875
IMG_0028.mp4,1440,48.0,30.0,757,2,traffic_signs,0.7664841413497925,820.2969970703125,719.0509643554688,840.458740234375,740.592529296875,830.3778686523438,729.8217468261719,20.1617431640625,21.54156494140625
IMG_0028.mp4,1440,48.0,30.0,774,2,traffic_signs,0.4862767159938812,894.0031127929688,720.256103515625,906.3943481445312,737.22607421875,900.19873046875,728.7410888671875,12.3912353515625,16.969970703125
IMG_0028.mp4,1441,48.03333333333333,30.0,757,2,traffic_signs,0.4388277232646942,832.8622436523438,719.4103393554688,852.7657470703125,739.7212524414062,842.8139953613281,729.5657958984375,19.90350341796875,20.3109130859375
IMG_0028.mp4,1441,48.03333333333333,30.0,774,2,traffic_signs,0.757701575756073,907.337158203125,721.090576171875,919.380615234375,737.6287231445312,913.35888671875,729.3596496582031,12.04345703125,16.53814697265625
IMG_0028.mp4,1442,48.06666666666667,30.0,757,2,traffic_signs,0.6210721731185913,845.9784545898438,719.5902709960938,866.1488037109375,739.7741088867188,856.0636291503906,729.6821899414062,20.17034912109375,20.183837890625
IMG_0028.mp4,1442,48.06666666666667,30.0,774,2,traffic_signs,0.6358356475830078,920.9286499023438,721.5357055664062,932.7022705078125,738.306640625,926.8154602050781,729.9211730957031,11.77362060546875,16.77093505859375
IMG_0028.mp4,1443,48.1,30.0,757,2,traffic_signs,0.790894091129303,857.79638671875,718.9004516601562,879.7750854492188,739.922119140625,868.7857360839844,729.4112854003906,21.97869873046875,21.02166748046875
IMG_0028.mp4,1443,48.1,30.0,774,2,traffic_signs,0.802969753742218,934.57666015625,721.2138671875,946.6287841796875,738.1221923828125,940.6027221679688,729.6680297851562,12.0521240234375,16.9083251953125
IMG_0028.mp4,1444,48.13333333333333,30.0,757,2,traffic_signs,0.6026223301887512,871.5745239257812,719.0077514648438,892.246337890625,739.7178955078125,881.9104309082031,729.3628234863281,20.67181396484375,20.71014404296875
IMG_0028.mp4,1444,48.13333333333333,30.0,774,2,traffic_signs,0.7033045291900635,948.720947265625,721.5352172851562,960.9713134765625,738.4146118164062,954.8461303710938,729.9749145507812,12.2503662109375,16.87939453125
IMG_0028.mp4,1445,48.166666666666664,30.0,757,2,traffic_signs,0.638797402381897,884.5584106445312,719.4494018554688,909.6290283203125,740.0175170898438,897.0937194824219,729.7334594726562,25.07061767578125,20.568115234375
IMG_0028.mp4,1445,48.166666666666664,30.0,774,2,traffic_signs,0.43419745564460754,963.1945190429688,722.073974609375,975.6495361328125,739.5048828125,969.4220275878906,730.7894287109375,12.45501708984375,17.430908203125
IMG_0028.mp4,1446,48.2,30.0,757,2,traffic_signs,0.6898633241653442,901.1165771484375,719.3150024414062,923.8535766601562,741.0714111328125,912.4850769042969,730.1932067871094,22.73699951171875,21.75640869140625
IMG_0028.mp4,1446,48.2,30.0,774,2,traffic_signs,0.3582296073436737,978.0731811523438,723.7798461914062,990.1351318359375,740.4933471679688,984.1041564941406,732.1365966796875,12.06195068359375,16.7135009765625
IMG_0028.mp4,1446,48.2,30.0,780,1,traffic_lights,0.6742787957191467,1016.8460083007812,40.673912048339844,1038.9071044921875,63.58943176269531,1027.8765563964844,52.13167190551758,22.06109619140625,22.91551971435547
IMG_0028.mp4,1447,48.233333333333334,30.0,757,2,traffic_signs,0.5886667966842651,916.1735229492188,720.04296875,937.903564453125,741.1383056640625,927.0385437011719,730.5906372070312,21.73004150390625,21.0953369140625
IMG_0028.mp4,1447,48.233333333333334,30.0,774,2,traffic_signs,0.2733578085899353,993.826904296875,723.5421752929688,1005.5023803710938,739.75537109375,999.6646423339844,731.6487731933594,11.67547607421875,16.21319580078125
IMG_0028.mp4,1447,48.233333333333334,30.0,780,1,traffic_lights,0.6416401267051697,1030.6502685546875,39.23433303833008,1053.284912109375,62.219512939453125,1041.9675903320312,50.7269229888916,22.6346435546875,22.985179901123047
IMG_0028.mp4,1448,48.266666666666666,30.0,757,2,traffic_signs,0.32919058203697205,931.16552734375,720.3527221679688,953.2308959960938,740.3106079101562,942.1982116699219,730.3316650390625,22.06536865234375,19.9578857421875
IMG_0028.mp4,1448,48.266666666666666,30.0,774,2,traffic_signs,0.5430417656898499,1009.7117309570312,724.3214721679688,1022.0602416992188,740.9407958984375,1015.885986328125,732.6311340332031,12.3485107421875,16.61932373046875
IMG_0028.mp4,1449,48.3,30.0,757,2,traffic_signs,0.7618744373321533,945.620361328125,720.0416870117188,969.548828125,740.874267578125,957.5845947265625,730.4579772949219,23.928466796875,20.83258056640625
IMG_0028.mp4,1449,48.3,30.0,774,2,traffic_signs,0.37788981199264526,1025.5885009765625,724.7471313476562,1038.296630859375,741.5933837890625,1031.9425659179688,733.1702575683594,12.7081298828125,16.84625244140625
IMG_0028.mp4,1450,48.333333333333336,30.0,757,2,traffic_signs,0.7794846296310425,962.769775390625,720.4517822265625,985.3468017578125,741.8934936523438,974.0582885742188,731.1726379394531,22.5770263671875,21.44171142578125
IMG_0028.mp4,1450,48.333333333333336,30.0,774,2,traffic_signs,0.7340406179428101,1042.8934326171875,725.7490844726562,1055.6978759765625,742.0527954101562,1049.295654296875,733.9009399414062,12.804443359375,16.3037109375
IMG_0028.mp4,1451,48.36666666666667,30.0,757,2,traffic_signs,0.2878268361091614,979.3456420898438,720.287353515625,1001.0658569335938,741.0485229492188,990.2057495117188,730.6679382324219,21.72021484375,20.76116943359375
IMG_0028.mp4,1451,48.36666666666667,30.0,774,2,traffic_signs,0.7305298447608948,1059.041748046875,725.5770263671875,1073.1981201171875,742.3035888671875,1066.1199340820312,733.9403076171875,14.1563720703125,16.7265625
IMG_0028.mp4,1452,48.4,30.0,757,2,traffic_signs,0.8143720626831055,998.03466796875,719.9918212890625,1019.9688110351562,742.1597290039062,1009.0017395019531,731.0757751464844,21.93414306640625,22.16790771484375
IMG_0028.mp4,1452,48.4,30.0,774,2,traffic_signs,0.7738792300224304,1076.5234375,725.8801879882812,1090.54638671875,742.0296630859375,1083.534912109375,733.9549255371094,14.02294921875,16.14947509765625
IMG_0028.mp4,1453,48.43333333333333,30.0,757,2,traffic_signs,0.526942789554596,1014.6947631835938,720.6981201171875,1036.2152099609375,741.697265625,1025.4549865722656,731.1976928710938,21.52044677734375,20.9991455078125
IMG_0028.mp4,1453,48.43333333333333,30.0,774,2,traffic_signs,0.7302436232566833,1094.197509765625,726.4030151367188,1108.855224609375,742.4163818359375,1101.5263671875,734.4096984863281,14.65771484375,16.01336669921875
IMG_0028.mp4,1453,48.43333333333333,30.0,782,1,traffic_lights,0.5480735898017883,1124.3316650390625,31.574445724487305,1148.9654541015625,53.996219635009766,1136.6485595703125,42.785332679748535,24.6337890625,22.42177391052246
IMG_0028.mp4,1454,48.46666666666667,30.0,774,2,traffic_signs,0.7169550061225891,1113.189208984375,726.4638671875,1126.8133544921875,742.147705078125,1120.0012817382812,734.3057861328125,13.6241455078125,15.683837890625
IMG_0028.mp4,1455,48.5,30.0,774,2,traffic_signs,0.7414424419403076,1132.4566650390625,725.7590942382812,1145.5211181640625,742.8762817382812,1138.9888916015625,734.3176879882812,13.064453125,17.1171875
IMG_0028.mp4,1455,48.5,30.0,757,2,traffic_signs,0.7178196310997009,1049.525390625,720.5421142578125,1073.4232177734375,742.5844116210938,1061.4743041992188,731.5632629394531,23.8978271484375,22.04229736328125
IMG_0028.mp4,1455,48.5,30.0,782,1,traffic_lights,0.7760206460952759,1160.5208740234375,27.375240325927734,1183.333251953125,50.26996994018555,1171.9270629882812,38.82260513305664,22.8123779296875,22.894729614257812
IMG_0028.mp4,1456,48.53333333333333,30.0,774,2,traffic_signs,0.47414278984069824,1152.28662109375,725.4052124023438,1164.4576416015625,743.027099609375,1158.3721313476562,734.2161560058594,12.1710205078125,17.62188720703125
IMG_0028.mp4,1457,48.56666666666667,30.0,774,2,traffic_signs,0.46271300315856934,1171.722900390625,724.8428955078125,1184.3482666015625,743.0451049804688,1178.0355834960938,733.9440002441406,12.6253662109375,18.20220947265625
IMG_0028.mp4,1457,48.56666666666667,30.0,757,2,traffic_signs,0.4146972894668579,1090.6298828125,721.36083984375,1114.4915771484375,743.2000122070312,1102.5607299804688,732.2804260253906,23.8616943359375,21.83917236328125
IMG_0028.mp4,1458,48.6,30.0,774,2,traffic_signs,0.6635704040527344,1193.12109375,724.1572265625,1205.19677734375,742.98388671875,1199.158935546875,733.570556640625,12.07568359375,18.82666015625
IMG_0028.mp4,1458,48.6,30.0,782,1,traffic_lights,0.6792227625846863,1215.81982421875,20.495759963989258,1239.747802734375,43.34899139404297,1227.7838134765625,31.922375679016113,23.927978515625,22.85323143005371
IMG_0028.mp4,1459,48.63333333333333,30.0,774,2,traffic_signs,0.8149067759513855,1215.08251953125,723.9422607421875,1228.0439453125,743.5634765625,1221.563232421875,733.7528686523438,12.96142578125,19.6212158203125
IMG_0028.mp4,1459,48.63333333333333,30.0,757,2,traffic_signs,0.604553759098053,1133.6580810546875,722.9664916992188,1158.31591796875,744.306396484375,1145.9869995117188,733.6364440917969,24.6578369140625,21.33990478515625
IMG_0028.mp4,1460,48.666666666666664,30.0,774,2,traffic_signs,0.823681652545929,1237.5303955078125,724.3673095703125,1250.2738037109375,744.3502807617188,1243.902099609375,734.3587951660156,12.743408203125,19.98297119140625
IMG_0028.mp4,1460,48.666666666666664,30.0,782,1,traffic_lights,0.4886170029640198,1255.4302978515625,16.30431365966797,1278.69384765625,39.1265983581543,1267.0620727539062,27.715456008911133,23.2635498046875,22.822284698486328
IMG_0028.mp4,1461,48.7,30.0,774,2,traffic_signs,0.8309654593467712,1260.58837890625,724.65673828125,1273.4921875,744.2840576171875,1267.040283203125,734.4703979492188,12.90380859375,19.6273193359375
IMG_0028.mp4,1461,48.7,30.0,757,2,traffic_signs,0.46715161204338074,1178.0421142578125,723.4327392578125,1201.3778076171875,744.9478759765625,1189.7099609375,734.1903076171875,23.335693359375,21.51513671875
IMG_0028.mp4,1462,48.733333333333334,30.0,774,2,traffic_signs,0.8156688213348389,1282.5970458984375,724.6683959960938,1296.6859130859375,744.6268920898438,1289.6414794921875,734.6476440429688,14.0888671875,19.95849609375
IMG_0028.mp4,1462,48.733333333333334,30.0,782,1,traffic_lights,0.30566665530204773,1295.2237548828125,11.773910522460938,1320.013916015625,35.074405670166016,1307.6188354492188,23.424158096313477,24.7901611328125,23.300495147705078
IMG_0028.mp4,1463,48.766666666666666,30.0,774,2,traffic_signs,0.8199268579483032,1306.2718505859375,724.493408203125,1321.14990234375,744.7030639648438,1313.7108764648438,734.5982360839844,14.8780517578125,20.20965576171875
IMG_0028.mp4,1463,48.766666666666666,30.0,782,1,traffic_lights,0.6222336292266846,1317.2799072265625,8.059515953063965,1341.7998046875,32.029972076416016,1329.5398559570312,20.04474401473999,24.5198974609375,23.97045612335205
IMG_0028.mp4,1463,48.766666666666666,30.0,757,2,traffic_signs,0.5129189491271973,1224.2266845703125,724.2310791015625,1248.0762939453125,745.6235961914062,1236.1514892578125,734.9273376464844,23.849609375,21.39251708984375
IMG_0028.mp4,1464,48.8,30.0,774,2,traffic_signs,0.7926942706108093,1330.8636474609375,725.4530029296875,1345.592041015625,745.2592163085938,1338.2278442382812,735.3561096191406,14.7283935546875,19.80621337890625
IMG_0028.mp4,1464,48.8,30.0,782,1,traffic_lights,0.7396942973136902,1337.0653076171875,5.373834133148193,1363.3873291015625,29.14530372619629,1350.226318359375,17.25956892967224,26.322021484375,23.771469593048096
IMG_0028.mp4,1464,48.8,30.0,757,2,traffic_signs,0.30371013283729553,1245.918212890625,723.5321044921875,1270.58203125,745.2326049804688,1258.2501220703125,734.3823547363281,24.663818359375,21.70050048828125
IMG_0028.mp4,1465,48.833333333333336,30.0,774,2,traffic_signs,0.7874568700790405,1354.9764404296875,726.0574951171875,1370.58154296875,745.8190307617188,1362.7789916992188,735.9382629394531,15.6051025390625,19.76153564453125
IMG_0028.mp4,1465,48.833333333333336,30.0,782,1,traffic_lights,0.8005434274673462,1359.5943603515625,2.92173171043396,1385.0032958984375,26.769216537475586,1372.298828125,14.845474123954773,25.408935546875,23.847484827041626
IMG_0028.mp4,1465,48.833333333333336,30.0,757,2,traffic_signs,0.5697811245918274,1270.2440185546875,724.0834350585938,1296.229736328125,745.67578125,1283.2368774414062,734.8796081542969,25.9857177734375,21.59234619140625
IMG_0028.mp4,1465,48.833333333333336,30.0,785,1,traffic_lights,0.6184625029563904,314.9938049316406,841.8194580078125,342.3003845214844,866.4616088867188,328.6470947265625,854.1405334472656,27.30657958984375,24.64215087890625
IMG_0028.mp4,1466,48.86666666666667,30.0,774,2,traffic_signs,0.8188130855560303,1379.758544921875,727.0189819335938,1393.9749755859375,747.0928955078125,1386.8667602539062,737.0559387207031,14.2164306640625,20.07391357421875
IMG_0028.mp4,1466,48.86666666666667,30.0,782,1,traffic_lights,0.5124245285987854,1382.01220703125,1.002332329750061,1407.0196533203125,24.472393035888672,1394.5159301757812,12.737362682819366,25.0074462890625,23.47006070613861
IMG_0028.mp4,1466,48.86666666666667,30.0,785,1,traffic_lights,0.3144483268260956,338.27545166015625,842.8040771484375,365.49371337890625,867.524658203125,351.88458251953125,855.1643676757812,27.21826171875,24.7205810546875
IMG_0028.mp4,1467,48.9,30.0,774,2,traffic_signs,0.8275399804115295,1405.0513916015625,729.0159301757812,1420.3282470703125,748.0137939453125,1412.6898193359375,738.5148620605469,15.27685546875,18.99786376953125
IMG_0028.mp4,1467,48.9,30.0,785,1,traffic_lights,0.5139862895011902,362.1831970214844,842.746826171875,388.8985900878906,868.350830078125,375.5408935546875,855.548828125,26.71539306640625,25.60400390625
IMG_0028.mp4,1467,48.9,30.0,757,2,traffic_signs,0.658777117729187,1319.4676513671875,724.533447265625,1347.0404052734375,747.5135498046875,1333.2540283203125,736.0234985351562,27.57275390625,22.9801025390625
IMG_0028.mp4,1468,48.93333333333333,30.0,774,2,traffic_signs,0.4954635500907898,1432.35888671875,730.4387817382812,1445.618896484375,747.7992553710938,1438.9888916015625,739.1190185546875,13.260009765625,17.3604736328125
IMG_0028.mp4,1468,48.93333333333333,30.0,785,1,traffic_lights,0.30198052525520325,385.7607421875,843.4218139648438,413.13470458984375,869.3350219726562,399.4477233886719,856.37841796875,27.37396240234375,25.9132080078125
IMG_0028.mp4,1469,48.96666666666667,30.0,774,2,traffic_signs,0.7864063382148743,1458.57568359375,729.4096069335938,1472.0491943359375,747.6022338867188,1465.3124389648438,738.5059204101562,13.4735107421875,18.192626953125
IMG_0028.mp4,1469,48.96666666666667,30.0,785,1,traffic_lights,0.523074209690094,410.2080078125,843.2808837890625,437.29144287109375,869.8621215820312,423.7497253417969,856.5715026855469,27.08343505859375,26.58123779296875
IMG_0028.mp4,1469,48.96666666666667,30.0,757,2,traffic_signs,0.7537513971328735,1370.7479248046875,725.0261840820312,1398.7691650390625,748.495361328125,1384.758544921875,736.7607727050781,28.021240234375,23.46917724609375
IMG_0028.mp4,1470,49.0,30.0,774,2,traffic_signs,0.8151689767837524,1486.63427734375,728.91162109375,1500.4578857421875,748.144775390625,1493.5460815429688,738.5281982421875,13.8236083984375,19.233154296875
IMG_0028.mp4,1471,49.03333333333333,30.0,774,2,traffic_signs,0.6671361923217773,1515.401611328125,728.5366821289062,1530.2275390625,748.7396240234375,1522.8145751953125,738.6381530761719,14.825927734375,20.20294189453125
IMG_0028.mp4,1471,49.03333333333333,30.0,785,1,traffic_lights,0.39290741086006165,458.9805908203125,843.1436767578125,486.1798095703125,871.0050659179688,472.5802001953125,857.0743713378906,27.19921875,27.86138916015625
IMG_0028.mp4,1472,49.06666666666667,30.0,774,2,traffic_signs,0.7398631572723389,1544.25,730.842041015625,1559.108154296875,749.0765991210938,1551.6790771484375,739.9593200683594,14.858154296875,18.23455810546875
IMG_0028.mp4,1473,49.1,30.0,774,2,traffic_signs,0.39031654596328735,1571.0987548828125,730.643798828125,1588.221435546875,749.8114624023438,1579.6600952148438,740.2276306152344,17.1226806640625,19.16766357421875
IMG_0028.mp4,1473,49.1,30.0,785,1,traffic_lights,0.4704906940460205,508.7726135253906,845.53759765625,535.848876953125,872.3594360351562,522.3107452392578,858.9485168457031,27.076263427734375,26.82183837890625
IMG_0028.mp4,1474,49.13333333333333,30.0,774,2,traffic_signs,0.42636358737945557,1600.669677734375,731.134765625,1617.7166748046875,750.4638061523438,1609.1931762695312,740.7992858886719,17.0469970703125,19.32904052734375
IMG_0028.mp4,1475,49.166666666666664,30.0,785,1,traffic_lights,0.37140709161758423,560.421875,843.6763916015625,587.1327514648438,873.72314453125,573.7773132324219,858.6997680664062,26.71087646484375,30.0467529296875
IMG_0028.mp4,1477,49.233333333333334,30.0,785,1,traffic_lights,0.32459166646003723,613.6830444335938,845.0409545898438,639.8126220703125,874.9112548828125,626.7478332519531,859.9761047363281,26.12957763671875,29.87030029296875
IMG_0028.mp4,1478,49.266666666666666,30.0,785,1,traffic_lights,0.2649291455745697,640.5391845703125,846.9059448242188,666.630615234375,875.3700561523438,653.5848999023438,861.1380004882812,26.0914306640625,28.464111328125
IMG_0028.mp4,1479,49.3,30.0,785,1,traffic_lights,0.29479631781578064,667.5026245117188,847.751220703125,693.5491943359375,876.0111694335938,680.5259094238281,861.8811950683594,26.04656982421875,28.25994873046875
IMG_0028.mp4,1480,49.333333333333336,30.0,785,1,traffic_lights,0.5332849621772766,694.544921875,844.7490234375,721.150146484375,876.447265625,707.8475341796875,860.59814453125,26.605224609375,31.6982421875
IMG_0028.mp4,1482,49.4,30.0,785,1,traffic_lights,0.5000724792480469,750.2706298828125,850.0365600585938,776.7813110351562,877.9446411132812,763.5259704589844,863.9906005859375,26.51068115234375,27.9080810546875
IMG_0028.mp4,1483,49.43333333333333,30.0,785,1,traffic_lights,0.45742353796958923,778.0926513671875,851.3458251953125,804.3228759765625,878.5726928710938,791.207763671875,864.9592590332031,26.230224609375,27.22686767578125
IMG_0028.mp4,1485,49.5,30.0,785,1,traffic_lights,0.4312470853328705,833.6178588867188,851.1483764648438,861.44189453125,879.9053344726562,847.5298767089844,865.52685546875,27.82403564453125,28.7569580078125
IMG_0028.mp4,1487,49.56666666666667,30.0,792,2,traffic_signs,0.9567157626152039,6.634655475616455,514.8987426757812,81.00433349609375,586.4699096679688,43.8194944858551,550.684326171875,74.3696780204773,71.5711669921875
IMG_0028.mp4,1488,49.6,30.0,792,2,traffic_signs,0.9498019218444824,31.187358856201172,516.6785888671875,109.51760864257812,587.4075317382812,70.35248374938965,552.0430603027344,78.33024978637695,70.72894287109375
IMG_0028.mp4,1489,49.63333333333333,30.0,792,2,traffic_signs,0.9414999485015869,58.99429702758789,517.0795288085938,136.96856689453125,587.9609375,97.98143196105957,552.5202331542969,77.97426986694336,70.88140869140625
IMG_0028.mp4,1490,49.666666666666664,30.0,792,2,traffic_signs,0.8369938135147095,87.00827026367188,518.4241333007812,163.1060791015625,588.4385986328125,125.05717468261719,553.4313659667969,76.09780883789062,70.01446533203125
IMG_0028.mp4,1491,49.7,30.0,797,2,traffic_signs,0.8856317400932312,13.430713653564453,470.3668518066406,76.08340454101562,529.1296997070312,44.75705909729004,499.74827575683594,62.65269088745117,58.762847900390625
IMG_0028.mp4,1491,49.7,30.0,798,1,traffic_lights,0.6925617456436157,1697.846435546875,877.2969360351562,1740.16943359375,898.4929809570312,1719.0079345703125,887.8949584960938,42.322998046875,21.196044921875
IMG_0028.mp4,1492,49.733333333333334,30.0,797,2,traffic_signs,0.8851532340049744,40.507911682128906,471.496337890625,103.92459869384766,530.5234375,72.21625518798828,501.0098876953125,63.41668701171875,59.027099609375
IMG_0028.mp4,1492,49.733333333333334,30.0,798,1,traffic_lights,0.7772840261459351,1740.3232421875,879.6060791015625,1783.73681640625,900.7035522460938,1762.030029296875,890.1548156738281,43.41357421875,21.09747314453125
IMG_0028.mp4,1493,49.766666666666666,30.0,797,2,traffic_signs,0.8869556784629822,68.38316345214844,472.3252868652344,132.6103057861328,530.8123168945312,100.49673461914062,501.5688018798828,64.22714233398438,58.487030029296875
IMG_0028.mp4,1493,49.766666666666666,30.0,792,2,traffic_signs,0.799241304397583,171.3820037841797,520.8817749023438,245.36752319335938,590.4857788085938,208.37476348876953,555.6837768554688,73.98551940917969,69.60400390625
IMG_0028.mp4,1494,49.8,30.0,797,2,traffic_signs,0.9032391905784607,96.60469055175781,473.76971435546875,159.68435668945312,531.8426513671875,128.14452362060547,502.8061828613281,63.07966613769531,58.07293701171875
IMG_0028.mp4,1494,49.8,30.0,792,2,traffic_signs,0.9308832883834839,198.25558471679688,521.1316528320312,271.66998291015625,591.9542846679688,234.96278381347656,556.54296875,73.41439819335938,70.8226318359375
IMG_0028.mp4,1495,49.833333333333336,30.0,797,2,traffic_signs,0.9096387028694153,123.43046569824219,473.7840576171875,185.4954833984375,532.6755981445312,154.46297454833984,503.2298278808594,62.06501770019531,58.89154052734375
IMG_0028.mp4,1495,49.833333333333336,30.0,792,2,traffic_signs,0.8210616707801819,225.6327667236328,521.6102294921875,297.7773742675781,592.1448974609375,261.70507049560547,556.8775634765625,72.14460754394531,70.53466796875
IMG_0028.mp4,1496,49.86666666666667,30.0,797,2,traffic_signs,0.9105350375175476,150.73423767089844,474.5263977050781,212.70419311523438,533.736328125,181.7192153930664,504.13136291503906,61.96995544433594,59.209930419921875
IMG_0028.mp4,1496,49.86666666666667,30.0,792,2,traffic_signs,0.9136441946029663,251.85519409179688,521.858154296875,323.517578125,592.6741333007812,287.68638610839844,557.2661437988281,71.66238403320312,70.81597900390625
IMG_0028.mp4,1497,49.9,30.0,797,2,traffic_signs,0.927428662776947,178.59986877441406,475.0440979003906,240.44454956054688,534.25244140625,209.52220916748047,504.6482696533203,61.84468078613281,59.208343505859375
IMG_0028.mp4,1497,49.9,30.0,792,2,traffic_signs,0.8925285339355469,278.87506103515625,522.9301147460938,350.0220947265625,593.4857177734375,314.4485778808594,558.2079162597656,71.14703369140625,70.55560302734375
IMG_0028.mp4,1498,49.93333333333333,30.0,797,2,traffic_signs,0.5466901659965515,205.1272430419922,474.54168701171875,265.976806640625,533.7328491210938,235.5520248413086,504.13726806640625,60.84956359863281,59.191162109375
IMG_0028.mp4,1498,49.93333333333333,30.0,792,2,traffic_signs,0.893227756023407,304.6343688964844,522.8070068359375,375.07421875,593.6350708007812,339.8542938232422,558.2210388183594,70.43984985351562,70.82806396484375
IMG_0028.mp4,1499,49.96666666666667,30.0,797,2,traffic_signs,0.8589589595794678,233.47300720214844,475.2713928222656,293.2463073730469,534.3989868164062,263.35965728759766,504.83518981933594,59.77330017089844,59.127593994140625
IMG_0028.mp4,1499,49.96666666666667,30.0,792,2,traffic_signs,0.8736186027526855,331.6541748046875,523.5255126953125,401.5680847167969,593.7991333007812,366.6111297607422,558.6623229980469,69.91390991210938,70.27362060546875
IMG_0028.mp4,1500,50.0,30.0,797,2,traffic_signs,0.9103562831878662,260.49432373046875,476.9125671386719,319.8184814453125,535.778076171875,290.1564025878906,506.34532165527344,59.32415771484375,58.865509033203125
IMG_0028.mp4,1500,50.0,30.0,792,2,traffic_signs,0.8572435975074768,358.4718933105469,523.5897216796875,427.15521240234375,593.7318725585938,392.8135528564453,558.6607971191406,68.68331909179688,70.14215087890625
IMG_0028.mp4,1501,50.03333333333333,30.0,797,2,traffic_signs,0.9025875329971313,286.09405517578125,477.5885925292969,345.607421875,536.8678588867188,315.8507385253906,507.2282257080078,59.51336669921875,59.279266357421875
IMG_0028.mp4,1501,50.03333333333333,30.0,792,2,traffic_signs,0.8518497347831726,385.0248718261719,523.6954956054688,452.58917236328125,594.0380249023438,418.80702209472656,558.8667602539062,67.56430053710938,70.342529296875
IMG_0028.mp4,1502,50.06666666666667,30.0,797,2,traffic_signs,0.8945852518081665,311.4122009277344,478.1017150878906,371.9982604980469,537.7171020507812,341.7052307128906,507.90940856933594,60.5860595703125,59.615386962890625
IMG_0028.mp4,1502,50.06666666666667,30.0,792,2,traffic_signs,0.6093296408653259,411.030029296875,524.201904296875,477.4296875,594.684814453125,444.2298583984375,559.443359375,66.399658203125,70.48291015625
IMG_0028.mp4,1503,50.1,30.0,797,2,traffic_signs,0.8891053795814514,336.6683654785156,478.1611022949219,397.5166931152344,538.7835693359375,367.092529296875,508.4723358154297,60.84832763671875,60.622467041015625
IMG_0028.mp4,1503,50.1,30.0,792,2,traffic_signs,0.8084798455238342,435.9118957519531,525.3303833007812,503.87225341796875,595.2677612304688,469.89207458496094,560.299072265625,67.96035766601562,69.9373779296875
IMG_0028.mp4,1504,50.13333333333333,30.0,797,2,traffic_signs,0.8934392929077148,361.5292053222656,477.8675231933594,422.4183654785156,539.527587890625,391.9737854003906,508.6975555419922,60.88916015625,61.660064697265625
IMG_0028.mp4,1504,50.13333333333333,30.0,792,2,traffic_signs,0.8305988311767578,460.7608337402344,525.6263427734375,528.6710815429688,595.334716796875,494.71595764160156,560.4805297851562,67.91024780273438,69.7083740234375
IMG_0028.mp4,1505,50.166666666666664,30.0,797,2,traffic_signs,0.8903113603591919,386.76702880859375,478.379638671875,447.18353271484375,540.1096801757812,416.97528076171875,509.2446594238281,60.41650390625,61.73004150390625
IMG_0028.mp4,1505,50.166666666666664,30.0,792,2,traffic_signs,0.9015094041824341,485.8028869628906,526.1111450195312,553.6209716796875,595.41845703125,519.7119293212891,560.7648010253906,67.81808471679688,69.30731201171875
IMG_0028.mp4,1506,50.2,30.0,797,2,traffic_signs,0.8975926041603088,412.0757751464844,478.40850830078125,472.383056640625,539.5795288085938,442.2294158935547,508.9940185546875,60.307281494140625,61.1710205078125
IMG_0028.mp4,1506,50.2,30.0,792,2,traffic_signs,0.850061297416687,510.9951477050781,526.3253173828125,578.255126953125,595.1117553710938,544.6251373291016,560.7185363769531,67.25997924804688,68.78643798828125
IMG_0028.mp4,1506,50.2,30.0,804,2,traffic_signs,0.7551377415657043,29.354108810424805,599.5838012695312,45.44040298461914,624.6469116210938,37.39725589752197,612.1153564453125,16.086294174194336,25.0631103515625
IMG_0028.mp4,1507,50.233333333333334,30.0,797,2,traffic_signs,0.893072247505188,436.97650146484375,479.1148986816406,496.6669006347656,540.1455688476562,466.8217010498047,509.63023376464844,59.690399169921875,61.030670166015625
IMG_0028.mp4,1507,50.233333333333334,30.0,792,2,traffic_signs,0.9045655727386475,535.19140625,527.00244140625,601.9895629882812,595.3519897460938,568.5904846191406,561.1772155761719,66.79815673828125,68.34954833984375
IMG_0028.mp4,1507,50.233333333333334,30.0,804,2,traffic_signs,0.3053954243659973,56.67057800292969,600.7608032226562,72.15666198730469,624.7853393554688,64.41361999511719,612.7730712890625,15.486083984375,24.0245361328125
IMG_0028.mp4,1508,50.266666666666666,30.0,797,2,traffic_signs,0.8965452313423157,460.8088073730469,479.1848449707031,520.6602172851562,540.246826171875,490.73451232910156,509.71583557128906,59.851409912109375,61.061981201171875
IMG_0028.mp4,1508,50.266666666666666,30.0,792,2,traffic_signs,0.8714920878410339,559.3202514648438,526.9699096679688,625.6619262695312,595.348388671875,592.4910888671875,561.1591491699219,66.3416748046875,68.37847900390625
IMG_0028.mp4,1508,50.266666666666666,30.0,804,2,traffic_signs,0.6677669882774353,83.87513732910156,601.8075561523438,98.20622253417969,624.9749755859375,91.04067993164062,613.3912658691406,14.331085205078125,23.16741943359375
IMG_0028.mp4,1508,50.266666666666666,30.0,805,1,traffic_lights,0.9057539105415344,4.676754951477051,115.38662719726562,43.49726486206055,223.95254516601562,24.0870099067688,169.66958618164062,38.820509910583496,108.56591796875
IMG_0028.mp4,1509,50.3,30.0,797,2,traffic_signs,0.8969782590866089,483.6482849121094,479.0963134765625,543.8055419921875,540.3629760742188,513.7269134521484,509.7296447753906,60.157257080078125,61.26666259765625
IMG_0028.mp4,1509,50.3,30.0,792,2,traffic_signs,0.9063639044761658,582.3216552734375,526.9285888671875,648.8327026367188,595.3848876953125,615.5771789550781,561.15673828125,66.51104736328125,68.456298828125
IMG_0028.mp4,1509,50.3,30.0,805,1,traffic_lights,0.9434064626693726,9.051739692687988,111.52350616455078,65.64888763427734,225.39028930664062,37.350313663482666,168.4568977355957,56.597147941589355,113.86678314208984
IMG_0028.mp4,1510,50.333333333333336,30.0,797,2,traffic_signs,0.9002141952514648,507.62896728515625,479.40777587890625,567.6207885742188,541.0291748046875,537.6248779296875,510.2184753417969,59.9918212890625,61.62139892578125
IMG_0028.mp4,1510,50.333333333333336,30.0,792,2,traffic_signs,0.8918121457099915,606.162353515625,526.8851318359375,672.3230590820312,595.1168823242188,639.2427062988281,561.0010070800781,66.16070556640625,68.23175048828125
IMG_0028.mp4,1510,50.333333333333336,30.0,805,1,traffic_lights,0.9372273087501526,29.463794708251953,113.7642822265625,93.24354553222656,226.79296875,61.35367012023926,170.27862548828125,63.77975082397461,113.0286865234375
IMG_0028.mp4,1511,50.36666666666667,30.0,797,2,traffic_signs,0.8980841636657715,531.3997802734375,478.8705139160156,590.9711303710938,540.6373901367188,561.1854553222656,509.7539520263672,59.57135009765625,61.766876220703125
IMG_0028.mp4,1511,50.36666666666667,30.0,792,2,traffic_signs,0.8772170543670654,629.7503662109375,526.4287719726562,695.7908325195312,594.5050659179688,662.7705993652344,560.4669189453125,66.04046630859375,68.0762939453125
IMG_0028.mp4,1511,50.36666666666667,30.0,805,1,traffic_lights,0.9238497018814087,52.140281677246094,114.29606628417969,118.00684356689453,227.31402587890625,85.07356262207031,170.80504608154297,65.86656188964844,113.01795959472656
IMG_0028.mp4,1511,50.36666666666667,30.0,808,1,traffic_lights,0.4969564974308014,526.590576171875,535.3663940429688,592.0704956054688,623.8562622070312,559.3305358886719,579.611328125,65.47991943359375,88.4898681640625
IMG_0028.mp4,1512,50.4,30.0,797,2,traffic_signs,0.9015687704086304,554.1738891601562,478.6426696777344,613.83251953125,540.9308471679688,584.0032043457031,509.78675842285156,59.65863037109375,62.288177490234375
IMG_0028.mp4,1512,50.4,30.0,792,2,traffic_signs,0.7157810926437378,652.8086547851562,525.4276123046875,717.4140625,594.1660766601562,685.1113586425781,559.7968444824219,64.60540771484375,68.73846435546875
IMG_0028.mp4,1512,50.4,30.0,805,1,traffic_lights,0.9309399724006653,76.42354583740234,115.17521667480469,141.83905029296875,227.95669555664062,109.13129806518555,171.56595611572266,65.4155044555664,112.78147888183594
IMG_0028.mp4,1512,50.4,30.0,808,1,traffic_lights,0.4524260461330414,549.2936401367188,535.64501953125,615.0565185546875,623.3359375,582.1750793457031,579.490478515625,65.76287841796875,87.69091796875
IMG_0028.mp4,1513,50.43333333333333,30.0,797,2,traffic_signs,0.8978676795959473,576.6314697265625,479.550048828125,636.1632080078125,541.0865478515625,606.3973388671875,510.31829833984375,59.53173828125,61.5364990234375
IMG_0028.mp4,1513,50.43333333333333,30.0,792,2,traffic_signs,0.8637499213218689,675.3304443359375,525.3526611328125,739.3377075195312,594.15478515625,707.3340759277344,559.7537231445312,64.00726318359375,68.8021240234375
IMG_0028.mp4,1513,50.43333333333333,30.0,805,1,traffic_lights,0.9134825468063354,103.20127868652344,117.71129608154297,167.4512939453125,229.94239807128906,135.32628631591797,173.82684707641602,64.25001525878906,112.2311019897461
IMG_0028.mp4,1514,50.46666666666667,30.0,797,2,traffic_signs,0.9027161598205566,598.2882080078125,480.40582275390625,658.148681640625,541.2206420898438,628.2184448242188,510.813232421875,59.8604736328125,60.8148193359375
IMG_0028.mp4,1514,50.46666666666667,30.0,792,2,traffic_signs,0.9143568873405457,697.4064331054688,525.3677978515625,761.1066284179688,594.276611328125,729.2565307617188,559.8222045898438,63.7001953125,68.9088134765625
IMG_0028.mp4,1514,50.46666666666667,30.0,805,1,traffic_lights,0.9190784096717834,128.74281311035156,119.70689392089844,191.92298889160156,231.4318084716797,160.33290100097656,175.56935119628906,63.18017578125,111.72491455078125
IMG_0028.mp4,1514,50.46666666666667,30.0,811,2,traffic_signs,0.41647574305534363,695.90380859375,525.43896484375,760.2114868164062,592.8602905273438,728.0576477050781,559.1496276855469,64.30767822265625,67.42132568359375
IMG_0028.mp4,1515,50.5,30.0,797,2,traffic_signs,0.9069173336029053,620.6463623046875,480.02313232421875,679.488037109375,540.0901489257812,650.0671997070312,510.056640625,58.8416748046875,60.0670166015625
IMG_0028.mp4,1515,50.5,30.0,805,1,traffic_lights,0.9056225419044495,153.3343963623047,120.52033996582031,215.3709259033203,231.8233184814453,184.3526611328125,176.1718292236328,62.036529541015625,111.302978515625
IMG_0028.mp4,1516,50.53333333333333,30.0,797,2,traffic_signs,0.7594326734542847,642.5567016601562,479.53363037109375,700.4111938476562,539.1068725585938,671.4839477539062,509.32025146484375,57.8544921875,59.5732421875
IMG_0028.mp4,1516,50.53333333333333,30.0,805,1,traffic_lights,0.9156734347343445,176.33201599121094,121.06494903564453,238.4949493408203,232.0513458251953,207.41348266601562,176.55814743041992,62.162933349609375,110.98639678955078
IMG_0028.mp4,1516,50.53333333333333,30.0,792,2,traffic_signs,0.9047676920890808,740.0886840820312,524.9132690429688,805.8300170898438,593.5247192382812,772.9593505859375,559.218994140625,65.7413330078125,68.6114501953125
IMG_0028.mp4,1517,50.56666666666667,30.0,797,2,traffic_signs,0.8973005414009094,664.3163452148438,478.8330993652344,722.9058837890625,538.9337768554688,693.6111145019531,508.88343811035156,58.58953857421875,60.100677490234375
IMG_0028.mp4,1517,50.56666666666667,30.0,805,1,traffic_lights,0.8233963251113892,198.3494110107422,120.61778259277344,260.4937744140625,231.75607299804688,229.42159271240234,176.18692779541016,62.14436340332031,111.13829040527344
IMG_0028.mp4,1517,50.56666666666667,30.0,808,1,traffic_lights,0.25327256321907043,663.2349243164062,533.7484741210938,725.7994995117188,622.1697387695312,694.5172119140625,577.9591064453125,62.5645751953125,88.4212646484375
IMG_0028.mp4,1518,50.6,30.0,797,2,traffic_signs,0.8954437971115112,685.4886474609375,478.2355041503906,744.4345092773438,539.0322265625,714.9615783691406,508.6338653564453,58.94586181640625,60.796722412109375
IMG_0028.mp4,1518,50.6,30.0,805,1,traffic_lights,0.27834317088127136,220.83981323242188,121.39788818359375,282.9468078613281,231.76600646972656,251.893310546875,176.58194732666016,62.10699462890625,110.36811828613281
IMG_0028.mp4,1518,50.6,30.0,792,2,traffic_signs,0.8633546233177185,783.111572265625,523.8375854492188,849.6558227539062,592.1566772460938,816.3836975097656,557.9971313476562,66.54425048828125,68.319091796875
IMG_0028.mp4,1519,50.63333333333333,30.0,797,2,traffic_signs,0.9090877175331116,706.34716796875,478.5169372558594,764.2738037109375,538.1478271484375,735.3104858398438,508.33238220214844,57.9266357421875,59.630889892578125
IMG_0028.mp4,1519,50.63333333333333,30.0,805,1,traffic_lights,0.8592106699943542,242.87515258789062,121.90254974365234,304.2738037109375,232.15602111816406,273.57447814941406,177.0292854309082,61.398651123046875,110.25347137451172
IMG_0028.mp4,1519,50.63333333333333,30.0,792,2,traffic_signs,0.6737650632858276,804.3646240234375,523.3619995117188,870.4384155273438,591.7154541015625,837.4015197753906,557.5387268066406,66.07379150390625,68.35345458984375
IMG_0028.mp4,1520,50.666666666666664,30.0,797,2,traffic_signs,0.6417309641838074,727.2432861328125,477.9013977050781,785.0238647460938,537.256103515625,756.1335754394531,507.57875061035156,57.78057861328125,59.354705810546875
IMG_0028.mp4,1520,50.666666666666664,30.0,805,1,traffic_lights,0.8502556681632996,263.60137939453125,122.20420837402344,324.8878479003906,232.0532684326172,294.24461364746094,177.1287384033203,61.286468505859375,109.84906005859375
IMG_0028.mp4,1520,50.666666666666664,30.0,792,2,traffic_signs,0.8847131729125977,824.223388671875,523.4219360351562,890.7545166015625,592.1170654296875,857.4889526367188,557.7695007324219,66.5311279296875,68.69512939453125
IMG_0028.mp4,1521,50.7,30.0,797,2,traffic_signs,0.8997764587402344,746.7550048828125,477.3013610839844,805.3469848632812,537.5213012695312,776.0509948730469,507.4113311767578,58.59197998046875,60.219940185546875
IMG_0028.mp4,1521,50.7,30.0,805,1,traffic_lights,0.8587818741798401,284.1517028808594,122.46122741699219,345.7436218261719,232.1315460205078,314.9476623535156,177.29638671875,61.5919189453125,109.67031860351562
IMG_0028.mp4,1521,50.7,30.0,792,2,traffic_signs,0.7851592302322388,844.8681640625,522.0811157226562,910.2455444335938,591.5505981445312,877.5568542480469,556.8158569335938,65.37738037109375,69.469482421875
IMG_0028.mp4,1522,50.733333333333334,30.0,797,2,traffic_signs,0.9129267334938049,766.5657348632812,476.8235778808594,824.22998046875,536.7515869140625,795.3978576660156,506.78758239746094,57.66424560546875,59.928009033203125
IMG_0028.mp4,1522,50.733333333333334,30.0,805,1,traffic_lights,0.7923938035964966,304.6241760253906,122.57492065429688,364.22662353515625,231.12814331054688,334.42539978027344,176.85153198242188,59.602447509765625,108.55322265625
IMG_0028.mp4,1522,50.733333333333334,30.0,792,2,traffic_signs,0.8464462161064148,865.7274169921875,521.2294921875,930.5083618164062,590.5320434570312,898.1178894042969,555.8807678222656,64.78094482421875,69.30255126953125
IMG_0028.mp4,1523,50.766666666666666,30.0,797,2,traffic_signs,0.8851737976074219,786.4609375,476.6501159667969,843.5647583007812,536.274658203125,815.0128479003906,506.46238708496094,57.10382080078125,59.624542236328125
IMG_0028.mp4,1523,50.766666666666666,30.0,805,1,traffic_lights,0.8648726344108582,324.9397277832031,121.87480163574219,383.4498291015625,231.39566040039062,354.1947784423828,176.6352310180664,58.510101318359375,109.52085876464844
IMG_0028.mp4,1523,50.766666666666666,30.0,792,2,traffic_signs,0.8896729350090027,884.9376220703125,520.9683837890625,950.524169921875,590.5489501953125,917.7308959960938,555.7586669921875,65.5865478515625,69.58056640625
IMG_0028.mp4,1523,50.766666666666666,30.0,808,1,traffic_lights,0.29654961824417114,787.0420532226562,529.030517578125,848.2278442382812,620.7808227539062,817.6349487304688,574.9056701660156,61.185791015625,91.75030517578125
IMG_0028.mp4,1524,50.8,30.0,797,2,traffic_signs,0.8849194645881653,804.9441528320312,475.78302001953125,863.4547119140625,535.4410400390625,834.1994323730469,505.6120300292969,58.51055908203125,59.65802001953125
IMG_0028.mp4,1524,50.8,30.0,805,1,traffic_lights,0.8124542236328125,344.1676940917969,120.62057495117188,402.98779296875,231.093017578125,373.57774353027344,175.85679626464844,58.820098876953125,110.47244262695312
IMG_0028.mp4,1525,50.833333333333336,30.0,797,2,traffic_signs,0.8946699500083923,824.6868286132812,475.2498474121094,882.7637329101562,535.4341430664062,853.7252807617188,505.3419952392578,58.076904296875,60.184295654296875
IMG_0028.mp4,1525,50.833333333333336,30.0,805,1,traffic_lights,0.4451342225074768,362.77685546875,120.09346008300781,421.81591796875,230.8028564453125,392.29638671875,175.44815826416016,59.0390625,110.70939636230469
IMG_0028.mp4,1525,50.833333333333336,30.0,792,2,traffic_signs,0.8171596527099609,923.7772216796875,519.7647094726562,989.4425048828125,589.1192016601562,956.60986328125,554.4419555664062,65.665283203125,69.3544921875
IMG_0028.mp4,1526,50.86666666666667,30.0,797,2,traffic_signs,0.8675665855407715,843.2352905273438,474.652099609375,902.2315673828125,534.9822998046875,872.7334289550781,504.81719970703125,58.99627685546875,60.3302001953125
IMG_0028.mp4,1526,50.86666666666667,30.0,805,1,traffic_lights,0.8992623686790466,381.51873779296875,119.31104278564453,440.8280334472656,230.2532196044922,411.1733856201172,174.78213119506836,59.309295654296875,110.94217681884766
IMG_0028.mp4,1526,50.86666666666667,30.0,792,2,traffic_signs,0.270647257566452,942.322021484375,519.3831787109375,1008.4702758789062,588.6006469726562,975.3961486816406,553.9919128417969,66.14825439453125,69.21746826171875
IMG_0028.mp4,1527,50.9,30.0,797,2,traffic_signs,0.9033141732215881,861.9118041992188,474.2111511230469,920.0661010742188,534.498046875,890.9889526367188,504.35459899902344,58.154296875,60.286895751953125
IMG_0028.mp4,1527,50.9,30.0,805,1,traffic_lights,0.787023663520813,400.2220153808594,118.92405700683594,458.0084228515625,230.00135803222656,429.11521911621094,174.46270751953125,57.786407470703125,111.07730102539062
IMG_0028.mp4,1527,50.9,30.0,792,2,traffic_signs,0.3056432902812958,961.9734497070312,518.3379516601562,1026.7027587890625,587.579345703125,994.3381042480469,552.9586486816406,64.72930908203125,69.24139404296875
IMG_0028.mp4,1528,50.93333333333333,30.0,797,2,traffic_signs,0.9048545360565186,879.5100708007812,472.9969482421875,939.6680297851562,534.41943359375,909.5890502929688,503.70819091796875,60.157958984375,61.4224853515625
IMG_0028.mp4,1528,50.93333333333333,30.0,805,1,traffic_lights,0.9151761531829834,418.5216369628906,117.7630844116211,476.1988220214844,229.22146606445312,447.3602294921875,173.4922752380371,57.67718505859375,111.45838165283203
IMG_0028.mp4,1528,50.93333333333333,30.0,792,2,traffic_signs,0.5061046481132507,979.3344116210938,518.5850219726562,1045.6522216796875,587.3709106445312,1012.4933166503906,552.9779663085938,66.31781005859375,68.785888671875
IMG_0028.mp4,1529,50.96666666666667,30.0,797,2,traffic_signs,0.8857805728912354,896.8495483398438,472.0667419433594,957.546142578125,534.11572265625,927.1978454589844,503.0912322998047,60.69659423828125,62.048980712890625
IMG_0028.mp4,1529,50.96666666666667,30.0,805,1,traffic_lights,0.8968912959098816,436.01116943359375,116.93470764160156,493.4958801269531,228.59324645996094,464.75352478027344,172.76397705078125,57.484710693359375,111.65853881835938
IMG_0028.mp4,1529,50.96666666666667,30.0,821,2,traffic_signs,0.445886492729187,540.5363159179688,609.7451782226562,553.3787841796875,633.0057373046875,546.9575500488281,621.3754577636719,12.84246826171875,23.26055908203125
IMG_0028.mp4,1530,51.0,30.0,797,2,traffic_signs,0.887042760848999,915.3284912109375,470.9897155761719,975.3422241210938,533.5054321289062,945.3353576660156,502.24757385253906,60.01373291015625,62.515716552734375
IMG_0028.mp4,1530,51.0,30.0,805,1,traffic_lights,0.9108679890632629,452.85394287109375,115.68446350097656,511.0360412597656,227.2316131591797,481.9449920654297,171.45803833007812,58.182098388671875,111.54714965820312
IMG_0028.mp4,1530,51.0,30.0,821,2,traffic_signs,0.36256277561187744,558.4351196289062,610.3449096679688,570.7352294921875,632.47509765625,564.5851745605469,621.4100036621094,12.30010986328125,22.13018798828125
IMG_0028.mp4,1530,51.0,30.0,792,2,traffic_signs,0.45191875100135803,1016.5045166015625,516.826171875,1082.951416015625,585.9937744140625,1049.7279663085938,551.4099731445312,66.4468994140625,69.1676025390625
IMG_0028.mp4,1531,51.03333333333333,30.0,797,2,traffic_signs,0.8824307322502136,932.5576782226562,469.9087829589844,991.8986206054688,533.3043212890625,962.2281494140625,501.60655212402344,59.3409423828125,63.395538330078125
IMG_0028.mp4,1531,51.03333333333333,30.0,805,1,traffic_lights,0.9034140706062317,470.02593994140625,114.89099884033203,528.0039672851562,226.33837890625,499.01495361328125,170.61468887329102,57.97802734375,111.44738006591797
IMG_0028.mp4,1531,51.03333333333333,30.0,821,2,traffic_signs,0.7354416847229004,574.6842651367188,610.1067504882812,587.2972412109375,632.6641235351562,580.9907531738281,621.3854370117188,12.61297607421875,22.557373046875
IMG_0028.mp4,1532,51.06666666666667,30.0,797,2,traffic_signs,0.8818538188934326,949.8265380859375,468.72052001953125,1009.6875,532.3602905273438,979.7570190429688,500.5404052734375,59.8609619140625,63.6397705078125
IMG_0028.mp4,1532,51.06666666666667,30.0,805,1,traffic_lights,0.8000360131263733,486.0260009765625,113.90322875976562,545.1888427734375,225.27613830566406,515.607421875,169.58968353271484,59.162841796875,111.37290954589844
IMG_0028.mp4,1532,51.06666666666667,30.0,821,2,traffic_signs,0.7052685022354126,591.7584838867188,610.3394165039062,603.4082641601562,632.032958984375,597.5833740234375,621.1861877441406,11.6497802734375,21.69354248046875
IMG_0028.mp4,1533,51.1,30.0,797,2,traffic_signs,0.7999177575111389,966.851318359375,467.034912109375,1026.2520751953125,530.6187133789062,996.5516967773438,498.8268127441406,59.4007568359375,63.58380126953125
IMG_0028.mp4,1533,51.1,30.0,805,1,traffic_lights,0.9095988273620605,502.6991271972656,112.69351959228516,561.7587280273438,223.6561279296875,532.2289276123047,168.17482376098633,59.059600830078125,110.96260833740234
IMG_0028.mp4,1533,51.1,30.0,821,2,traffic_signs,0.514090895652771,608.0567626953125,609.9159545898438,619.298828125,631.4888916015625,613.6777954101562,620.7024230957031,11.2420654296875,21.57293701171875
IMG_0028.mp4,1534,51.13333333333333,30.0,797,2,traffic_signs,0.8738166093826294,983.0302124023438,466.7156677246094,1043.1318359375,531.0479736328125,1013.0810241699219,498.88182067871094,60.10162353515625,64.33230590820312
IMG_0028.mp4,1534,51.13333333333333,30.0,805,1,traffic_lights,0.9060640931129456,518.74951171875,111.2823486328125,576.4087524414062,222.90428161621094,547.5791320800781,167.09331512451172,57.65924072265625,111.62193298339844
IMG_0028.mp4,1534,51.13333333333333,30.0,821,2,traffic_signs,0.6143194437026978,623.2244262695312,610.00927734375,635.2473754882812,632.43701171875,629.2359008789062,621.22314453125,12.02294921875,22.427734375
IMG_0028.mp4,1534,51.13333333333333,30.0,792,2,traffic_signs,0.2948034703731537,1087.908447265625,514.48193359375,1155.6617431640625,583.9877319335938,1121.7850952148438,549.2348327636719,67.7532958984375,69.50579833984375
IMG_0028.mp4,1535,51.166666666666664,30.0,797,2,traffic_signs,0.899806797504425,999.4889526367188,465.53643798828125,1060.218017578125,529.9255981445312,1029.8534851074219,497.73101806640625,60.72906494140625,64.38916015625
IMG_0028.mp4,1535,51.166666666666664,30.0,805,1,traffic_lights,0.877600371837616,533.402587890625,109.3323974609375,592.61669921875,221.10791015625,563.0096435546875,165.22015380859375,59.214111328125,111.7755126953125
IMG_0028.mp4,1535,51.166666666666664,30.0,821,2,traffic_signs,0.5272713899612427,639.161865234375,609.8200073242188,650.58251953125,631.5205688476562,644.8721923828125,620.6702880859375,11.420654296875,21.7005615234375
IMG_0028.mp4,1535,51.166666666666664,30.0,826,2,traffic_signs,0.4523898959159851,732.4288330078125,634.4164428710938,740.8365478515625,646.0150756835938,736.6326904296875,640.2157592773438,8.40771484375,11.5986328125
IMG_0028.mp4,1536,51.2,30.0,797,2,traffic_signs,0.8710379004478455,1015.5607299804688,464.90142822265625,1075.39599609375,529.6362915039062,1045.4783630371094,497.26885986328125,59.83526611328125,64.73486328125
IMG_0028.mp4,1536,51.2,30.0,805,1,traffic_lights,0.8920866847038269,548.781982421875,107.75890350341797,607.1943969726562,219.32025146484375,577.9881896972656,163.53957748413086,58.41241455078125,111.56134796142578
IMG_0028.mp4,1536,51.2,30.0,821,2,traffic_signs,0.3152746260166168,653.962890625,610.1561279296875,665.4740600585938,631.5906982421875,659.7184753417969,620.8734130859375,11.51116943359375,21.4345703125
IMG_0028.mp4,1536,51.2,30.0,792,2,traffic_signs,0.4681337773799896,1120.7999267578125,512.5490112304688,1191.008056640625,583.4906616210938,1155.9039916992188,548.0198364257812,70.2081298828125,70.941650390625
IMG_0028.mp4,1537,51.233333333333334,30.0,797,2,traffic_signs,0.8635842800140381,1031.08447265625,463.7555236816406,1091.257568359375,528.7171630859375,1061.1710205078125,496.23634338378906,60.173095703125,64.96163940429688
IMG_0028.mp4,1537,51.233333333333334,30.0,805,1,traffic_lights,0.8942115306854248,564.0957641601562,106.07097625732422,621.1966552734375,217.74156188964844,592.6462097167969,161.90626907348633,57.10089111328125,111.67058563232422
IMG_0028.mp4,1537,51.233333333333334,30.0,821,2,traffic_signs,0.6614681482315063,668.5269165039062,609.8955688476562,680.4104614257812,631.6972045898438,674.4686889648438,620.79638671875,11.883544921875,21.8016357421875
IMG_0028.mp4,1538,51.266666666666666,30.0,797,2,traffic_signs,0.8810256123542786,1046.9273681640625,462.8206787109375,1107.4683837890625,526.7333984375,1077.1978759765625,494.77703857421875,60.541015625,63.9127197265625
IMG_0028.mp4,1538,51.266666666666666,30.0,805,1,traffic_lights,0.9169586300849915,578.2330322265625,104.5945053100586,636.2239379882812,216.00462341308594,607.2284851074219,160.29956436157227,57.99090576171875,111.41011810302734
IMG_0028.mp4,1538,51.266666666666666,30.0,821,2,traffic_signs,0.43054139614105225,683.0458984375,609.9822998046875,694.9601440429688,632.098876953125,689.0030212402344,621.0405883789062,11.91424560546875,22.1165771484375
IMG_0028.mp4,1539,51.3,30.0,797,2,traffic_signs,0.8726487755775452,1062.9183349609375,462.1116638183594,1122.17822265625,526.4593505859375,1092.5482788085938,494.28550720214844,59.2598876953125,64.34768676757812
IMG_0028.mp4,1539,51.3,30.0,805,1,traffic_lights,0.8721674680709839,592.292724609375,103.00192260742188,648.8989868164062,214.74578857421875,620.5958557128906,158.8738555908203,56.60626220703125,111.74386596679688
IMG_0028.mp4,1539,51.3,30.0,830,1,traffic_lights,0.38386401534080505,315.79620361328125,470.2164001464844,354.9297180175781,565.6430053710938,335.3629608154297,517.9297027587891,39.133514404296875,95.42660522460938
IMG_0028.mp4,1540,51.333333333333336,30.0,797,2,traffic_signs,0.808224081993103,1077.601806640625,460.36456298828125,1137.8331298828125,524.4015502929688,1107.7174682617188,492.383056640625,60.2313232421875,64.0369873046875
IMG_0028.mp4,1540,51.333333333333336,30.0,805,1,traffic_lights,0.9189634323120117,606.190185546875,101.02936553955078,662.5577392578125,213.0902557373047,634.3739624023438,157.05981063842773,56.3675537109375,112.0608901977539
IMG_0028.mp4,1540,51.333333333333336,30.0,821,2,traffic_signs,0.7344496250152588,710.7099609375,609.9071044921875,722.9928588867188,631.7999267578125,716.8514099121094,620.853515625,12.28289794921875,21.892822265625
IMG_0028.mp4,1541,51.36666666666667,30.0,797,2,traffic_signs,0.9026094675064087,1092.8065185546875,458.7906494140625,1153.7374267578125,523.7567138671875,1123.27197265625,491.273681640625,60.930908203125,64.966064453125
IMG_0028.mp4,1541,51.36666666666667,30.0,805,1,traffic_lights,0.8765328526496887,619.326416015625,100.51654815673828,676.5957641601562,211.20008850097656,647.9610900878906,155.85831832885742,57.26934814453125,110.68354034423828
IMG_0028.mp4,1541,51.36666666666667,30.0,821,2,traffic_signs,0.6330726742744446,723.9736938476562,609.7919311523438,736.0735473632812,631.33447265625,730.0236206054688,620.5632019042969,12.099853515625,21.54254150390625
IMG_0028.mp4,1541,51.36666666666667,30.0,808,1,traffic_lights,0.31459420919418335,1095.2335205078125,513.97021484375,1164.691650390625,615.20751953125,1129.9625854492188,564.5888671875,69.4581298828125,101.2373046875
IMG_0028.mp4,1542,51.4,30.0,797,2,traffic_signs,0.908287763595581,1107.6883544921875,457.919921875,1169.585205078125,523.1950073242188,1138.6367797851562,490.5574645996094,61.8968505859375,65.27508544921875
IMG_0028.mp4,1542,51.4,30.0,805,1,traffic_lights,0.8955183625221252,633.2965698242188,97.51944732666016,690.0963745117188,209.6926727294922,661.6964721679688,153.60606002807617,56.7998046875,112.17322540283203
IMG_0028.mp4,1542,51.4,30.0,821,2,traffic_signs,0.5508303642272949,737.227783203125,610.3695068359375,749.0548095703125,631.4651489257812,743.1412963867188,620.9173278808594,11.8270263671875,21.09564208984375
IMG_0028.mp4,1542,51.4,30.0,808,1,traffic_lights,0.3676951229572296,1108.760986328125,513.0891723632812,1180.7684326171875,614.4400634765625,1144.7647094726562,563.7646179199219,72.0074462890625,101.35089111328125
IMG_0028.mp4,1542,51.4,30.0,830,1,traffic_lights,0.8054799437522888,358.6899108886719,468.64178466796875,400.50323486328125,562.7507934570312,379.59657287597656,515.6962890625,41.813323974609375,94.1090087890625
IMG_0028.mp4,1543,51.43333333333333,30.0,797,2,traffic_signs,0.8855060935020447,1122.303466796875,456.4674377441406,1184.209716796875,522.7085571289062,1153.256591796875,489.58799743652344,61.90625,66.24111938476562
IMG_0028.mp4,1543,51.43333333333333,30.0,805,1,traffic_lights,0.8232919573783875,645.7425537109375,95.12920379638672,703.1535034179688,207.8441619873047,674.4480285644531,151.4866828918457,57.41094970703125,112.71495819091797
IMG_0028.mp4,1543,51.43333333333333,30.0,821,2,traffic_signs,0.2694622278213501,749.8093872070312,610.1365356445312,761.7683715820312,631.2200317382812,755.7888793945312,620.6782836914062,11.958984375,21.08349609375
IMG_0028.mp4,1544,51.46666666666667,30.0,797,2,traffic_signs,0.8635257482528687,1136.20654296875,455.023681640625,1198.9119873046875,520.3706665039062,1167.5592651367188,487.6971740722656,62.7054443359375,65.34698486328125
IMG_0028.mp4,1544,51.46666666666667,30.0,805,1,traffic_lights,0.8814547061920166,658.8184204101562,92.8702163696289,715.5144653320312,206.2868194580078,687.1664428710938,149.57851791381836,56.696044921875,113.4166030883789
IMG_0028.mp4,1544,51.46666666666667,30.0,821,2,traffic_signs,0.3690866529941559,761.56298828125,609.3883056640625,774.131103515625,630.874267578125,767.8470458984375,620.1312866210938,12.568115234375,21.4859619140625
IMG_0028.mp4,1544,51.46666666666667,30.0,830,1,traffic_lights,0.6051495671272278,382.7015686035156,465.8819274902344,424.503173828125,563.415283203125,403.6023712158203,514.6486053466797,41.801605224609375,97.53335571289062
IMG_0028.mp4,1545,51.5,30.0,797,2,traffic_signs,0.8780922889709473,1150.0789794921875,453.43121337890625,1213.6710205078125,518.8213500976562,1181.875,486.12628173828125,63.592041015625,65.39013671875
IMG_0028.mp4,1545,51.5,30.0,805,1,traffic_lights,0.9068183302879333,671.0184326171875,91.1920166015625,728.601806640625,204.72682189941406,699.8101196289062,147.95941925048828,57.5833740234375,113.53480529785156
IMG_0028.mp4,1545,51.5,30.0,821,2,traffic_signs,0.31813791394233704,774.0386962890625,609.462646484375,786.4418334960938,630.9425659179688,780.2402648925781,620.2026062011719,12.40313720703125,21.47991943359375
IMG_0028.mp4,1545,51.5,30.0,830,1,traffic_lights,0.3209802806377411,394.0621643066406,464.7155456542969,435.08056640625,563.81103515625,414.5713653564453,514.2632904052734,41.018402099609375,99.09548950195312
IMG_0028.mp4,1546,51.53333333333333,30.0,797,2,traffic_signs,0.8848029375076294,1164.306884765625,451.9615173339844,1228.490234375,517.5166625976562,1196.3985595703125,484.7390899658203,64.183349609375,65.55514526367188
IMG_0028.mp4,1546,51.53333333333333,30.0,805,1,traffic_lights,0.858181357383728,682.8954467773438,89.00816345214844,740.1773681640625,203.6350555419922,711.5364074707031,146.3216094970703,57.28192138671875,114.62689208984375
IMG_0028.mp4,1546,51.53333333333333,30.0,821,2,traffic_signs,0.31448593735694885,785.7568969726562,609.4610595703125,797.8748168945312,630.7527465820312,791.8158569335938,620.1069030761719,12.117919921875,21.29168701171875
IMG_0028.mp4,1546,51.53333333333333,30.0,830,1,traffic_lights,0.7061823606491089,406.9815673828125,464.2691345214844,447.31268310546875,562.0287475585938,427.1471252441406,513.1489410400391,40.33111572265625,97.75961303710938
IMG_0028.mp4,1547,51.56666666666667,30.0,797,2,traffic_signs,0.915401041507721,1178.874755859375,450.86895751953125,1242.2923583984375,516.16650390625,1210.5835571289062,483.5177307128906,63.4176025390625,65.29754638671875
IMG_0028.mp4,1547,51.56666666666667,30.0,805,1,traffic_lights,0.8676331639289856,693.9695434570312,86.14241790771484,752.5531616210938,201.0975799560547,723.2613525390625,143.61999893188477,58.5836181640625,114.95516204833984
IMG_0028.mp4,1547,51.56666666666667,30.0,832,2,traffic_signs,0.46417778730392456,888.3716430664062,633.3733520507812,896.9284057617188,645.5203247070312,892.6500244140625,639.4468383789062,8.5567626953125,12.14697265625
IMG_0028.mp4,1548,51.6,30.0,797,2,traffic_signs,0.8595887422561646,1192.355712890625,449.6441345214844,1256.31103515625,514.9882202148438,1224.3333740234375,482.31617736816406,63.955322265625,65.34408569335938
IMG_0028.mp4,1548,51.6,30.0,805,1,traffic_lights,0.8826137185096741,705.7190551757812,83.75444793701172,763.8679809570312,199.77284240722656,734.7935180664062,141.76364517211914,58.14892578125,116.01839447021484
IMG_0028.mp4,1548,51.6,30.0,832,2,traffic_signs,0.33615928888320923,899.8673706054688,633.5281372070312,908.2670288085938,645.804443359375,904.0671997070312,639.6662902832031,8.399658203125,12.27630615234375
IMG_0028.mp4,1548,51.6,30.0,821,2,traffic_signs,0.6687712669372559,808.548583984375,609.1416015625,820.4368286132812,630.9569091796875,814.4927062988281,620.0492553710938,11.88824462890625,21.8153076171875
IMG_0028.mp4,1548,51.6,30.0,830,1,traffic_lights,0.5942420363426208,428.8938293457031,462.330322265625,468.2941589355469,561.4754638671875,448.593994140625,511.90289306640625,39.40032958984375,99.1451416015625
IMG_0028.mp4,1549,51.63333333333333,30.0,797,2,traffic_signs,0.7597370743751526,1205.02734375,448.6119689941406,1269.9095458984375,514.097412109375,1237.4684448242188,481.3546905517578,64.8822021484375,65.48544311523438
IMG_0028.mp4,1549,51.63333333333333,30.0,805,1,traffic_lights,0.807906985282898,716.6190185546875,81.73916625976562,775.5938110351562,197.15811157226562,746.1064147949219,139.44863891601562,58.97479248046875,115.4189453125
IMG_0028.mp4,1549,51.63333333333333,30.0,821,2,traffic_signs,0.38179856538772583,819.66552734375,608.382568359375,830.9642944335938,629.6513061523438,825.3149108886719,619.0169372558594,11.29876708984375,21.26873779296875
IMG_0028.mp4,1550,51.666666666666664,30.0,797,2,traffic_signs,0.6737599968910217,1218.3729248046875,447.0452880859375,1283.37548828125,512.8165283203125,1250.8742065429688,479.930908203125,65.0025634765625,65.771240234375
IMG_0028.mp4,1550,51.666666666666664,30.0,805,1,traffic_lights,0.8652347326278687,727.4525756835938,80.2256088256836,786.7471313476562,195.41534423828125,757.099853515625,137.82047653198242,59.2945556640625,115.18973541259766
IMG_0028.mp4,1551,51.7,30.0,797,2,traffic_signs,0.8698480725288391,1230.7664794921875,445.63970947265625,1296.955078125,510.7484436035156,1263.8607788085938,478.19407653808594,66.1885986328125,65.10873413085938
IMG_0028.mp4,1551,51.7,30.0,805,1,traffic_lights,0.7148365378379822,737.60107421875,78.20729064941406,795.9282836914062,193.1819610595703,766.7646789550781,135.6946258544922,58.32720947265625,114.97467041015625
IMG_0028.mp4,1552,51.733333333333334,30.0,797,2,traffic_signs,0.86583411693573,1243.01904296875,443.9126281738281,1309.6275634765625,510.0522155761719,1276.3233032226562,476.982421875,66.6085205078125,66.13958740234375
IMG_0028.mp4,1552,51.733333333333334,30.0,805,1,traffic_lights,0.8134211301803589,747.9285278320312,76.2028579711914,805.9667358398438,191.320068359375,776.9476318359375,133.7614631652832,58.0382080078125,115.1172103881836
IMG_0028.mp4,1552,51.733333333333334,30.0,821,2,traffic_signs,0.41264989972114563,850.651611328125,607.6824340820312,862.3064575195312,629.5761108398438,856.4790344238281,618.6292724609375,11.65484619140625,21.8936767578125
IMG_0028.mp4,1553,51.766666666666666,30.0,797,2,traffic_signs,0.8303413987159729,1254.4556884765625,442.28900146484375,1322.1734619140625,508.9615478515625,1288.3145751953125,475.6252746582031,67.7177734375,66.67254638671875
IMG_0028.mp4,1553,51.766666666666666,30.0,805,1,traffic_lights,0.8724069595336914,757.9678955078125,73.57917785644531,814.9354858398438,189.131591796875,786.4516906738281,131.35538482666016,56.96759033203125,115.55241394042969
IMG_0028.mp4,1553,51.766666666666666,30.0,821,2,traffic_signs,0.6058133840560913,859.6642456054688,607.5136108398438,871.2586059570312,629.8148193359375,865.46142578125,618.6642150878906,11.5943603515625,22.30120849609375
IMG_0028.mp4,1554,51.8,30.0,797,2,traffic_signs,0.8140716552734375,1266.689453125,440.77020263671875,1334.66259765625,507.1856994628906,1300.676025390625,473.9779510498047,67.97314453125,66.41549682617188
IMG_0028.mp4,1554,51.8,30.0,805,1,traffic_lights,0.7165393233299255,768.1026611328125,72.412353515625,825.8601684570312,187.26864624023438,796.9814147949219,129.8404998779297,57.75750732421875,114.85629272460938
IMG_0028.mp4,1554,51.8,30.0,821,2,traffic_signs,0.5297414064407349,869.3388061523438,607.9176635742188,880.7299194335938,630.0938110351562,875.0343627929688,619.0057373046875,11.39111328125,22.1761474609375
IMG_0028.mp4,1555,51.833333333333336,30.0,797,2,traffic_signs,0.806978166103363,1278.1751708984375,439.6089782714844,1346.83447265625,505.9242858886719,1312.5048217773438,472.7666320800781,68.6593017578125,66.3153076171875
IMG_0028.mp4,1555,51.833333333333336,30.0,805,1,traffic_lights,0.8470706939697266,776.9868774414062,70.34751892089844,835.1826782226562,185.5196990966797,806.0847778320312,127.93360900878906,58.19580078125,115.17218017578125
IMG_0028.mp4,1555,51.833333333333336,30.0,821,2,traffic_signs,0.45322874188423157,878.6475219726562,607.6088256835938,889.6708984375,629.64697265625,884.1592102050781,618.6278991699219,11.02337646484375,22.03814697265625
IMG_0028.mp4,1555,51.833333333333336,30.0,835,2,traffic_signs,0.38833457231521606,1278.67138671875,439.87884521484375,1346.4239501953125,507.15576171875,1312.5476684570312,473.5173034667969,67.7525634765625,67.27691650390625
IMG_0028.mp4,1556,51.86666666666667,30.0,797,2,traffic_signs,0.7801638245582581,1289.9581298828125,438.23199462890625,1358.9776611328125,505.1081237792969,1324.4678955078125,471.67005920410156,69.01953125,66.87612915039062
IMG_0028.mp4,1556,51.86666666666667,30.0,805,1,traffic_lights,0.8891856074333191,785.4400024414062,66.32917022705078,843.384521484375,182.22584533691406,814.4122619628906,124.27750778198242,57.94451904296875,115.89667510986328
IMG_0028.mp4,1556,51.86666666666667,30.0,821,2,traffic_signs,0.7202537655830383,887.1915283203125,607.5186767578125,898.822265625,629.985107421875,893.0068969726562,618.7518920898438,11.6307373046875,22.4664306640625
IMG_0028.mp4,1556,51.86666666666667,30.0,835,2,traffic_signs,0.49520936608314514,1290.4735107421875,438.20477294921875,1358.65087890625,506.52203369140625,1324.5621948242188,472.3634033203125,68.1773681640625,68.3172607421875
IMG_0028.mp4,1557,51.9,30.0,797,2,traffic_signs,0.5980813503265381,1300.4703369140625,436.77728271484375,1370.57861328125,503.9414367675781,1335.5244750976562,470.35935974121094,70.1082763671875,67.16415405273438
IMG_0028.mp4,1557,51.9,30.0,805,1,traffic_lights,0.9128420948982239,793.91552734375,64.17485809326172,852.69970703125,180.19004821777344,823.3076171875,122.18245315551758,58.7841796875,116.01519012451172
IMG_0028.mp4,1557,51.9,30.0,821,2,traffic_signs,0.7223898768424988,895.894287109375,607.2008056640625,907.4033203125,629.9996948242188,901.6488037109375,618.6002502441406,11.509033203125,22.79888916015625
IMG_0028.mp4,1557,51.9,30.0,835,2,traffic_signs,0.4565446376800537,1301.52783203125,437.2370300292969,1370.589111328125,506.0106506347656,1336.0584716796875,471.62384033203125,69.061279296875,68.77362060546875
IMG_0028.mp4,1557,51.9,30.0,808,1,traffic_lights,0.33352547883987427,1302.53857421875,493.5283508300781,1381.6087646484375,610.27392578125,1342.0736694335938,551.9011383056641,79.0701904296875,116.74557495117188
IMG_0028.mp4,1558,51.93333333333333,30.0,797,2,traffic_signs,0.5420634746551514,1311.9696044921875,434.8371887207031,1382.164794921875,502.5018005371094,1347.0671997070312,468.66949462890625,70.1951904296875,67.66461181640625
IMG_0028.mp4,1558,51.93333333333333,30.0,805,1,traffic_lights,0.8945103287696838,802.88623046875,61.35218048095703,861.5050659179688,178.14752197265625,832.1956481933594,119.74985122680664,58.61883544921875,116.79534149169922
IMG_0028.mp4,1558,51.93333333333333,30.0,821,2,traffic_signs,0.8089606165885925,903.7138671875,606.6768188476562,915.7047729492188,629.5103759765625,909.7093200683594,618.0935974121094,11.99090576171875,22.83355712890625
IMG_0028.mp4,1558,51.93333333333333,30.0,835,2,traffic_signs,0.5397371649742126,1312.5821533203125,435.0881652832031,1382.0770263671875,503.7796936035156,1347.32958984375,469.4339294433594,69.494873046875,68.6915283203125
IMG_0028.mp4,1559,51.96666666666667,30.0,797,2,traffic_signs,0.45473700761795044,1323.217529296875,432.69189453125,1392.92724609375,500.6609191894531,1358.0723876953125,466.67640686035156,69.709716796875,67.96902465820312
IMG_0028.mp4,1559,51.96666666666667,30.0,805,1,traffic_lights,0.8855283260345459,810.6307983398438,58.25351333618164,871.0314331054688,175.61988830566406,840.8311157226562,116.93670082092285,60.400634765625,117.36637496948242
IMG_0028.mp4,1559,51.96666666666667,30.0,821,2,traffic_signs,0.8031461834907532,911.3507080078125,606.2970581054688,924.022705078125,628.969970703125,917.6867065429688,617.6335144042969,12.6719970703125,22.67291259765625
IMG_0028.mp4,1559,51.96666666666667,30.0,835,2,traffic_signs,0.6021145582199097,1323.90771484375,433.8888854980469,1393.5556640625,501.8451232910156,1358.731689453125,467.86700439453125,69.64794921875,67.95623779296875
IMG_0028.mp4,1560,52.0,30.0,797,2,traffic_signs,0.7320910096168518,1334.0338134765625,431.1291198730469,1404.2919921875,498.91851806640625,1369.1629028320312,465.02381896972656,70.2581787109375,67.78939819335938
IMG_0028.mp4,1560,52.0,30.0,805,1,traffic_lights,0.8988341689109802,818.956298828125,56.077152252197266,878.7822265625,172.96327209472656,848.8692626953125,114.52021217346191,59.825927734375,116.8861198425293
IMG_0028.mp4,1560,52.0,30.0,821,2,traffic_signs,0.741732120513916,919.8635864257812,606.323486328125,932.2169799804688,628.6659545898438,926.040283203125,617.4947204589844,12.3533935546875,22.34246826171875
IMG_0028.mp4,1560,52.0,30.0,835,2,traffic_signs,0.7213107347488403,1334.6978759765625,431.0556945800781,1404.5289306640625,498.6257629394531,1369.6134033203125,464.8407287597656,69.8310546875,67.570068359375
IMG_0028.mp4,1560,52.0,30.0,840,2,traffic_signs,0.719386875629425,541.4567260742188,451.701171875,572.0432739257812,483.5898132324219,556.75,467.64549255371094,30.5865478515625,31.888641357421875
IMG_0028.mp4,1561,52.03333333333333,30.0,797,2,traffic_signs,0.8774099946022034,1344.4613037109375,428.91888427734375,1414.5880126953125,497.4079284667969,1379.524658203125,463.1634063720703,70.126708984375,68.48904418945312
IMG_0028.mp4,1561,52.03333333333333,30.0,805,1,traffic_lights,0.8793250322341919,827.9571533203125,53.676513671875,886.4813232421875,170.65167236328125,857.21923828125,112.16409301757812,58.524169921875,116.97515869140625
IMG_0028.mp4,1561,52.03333333333333,30.0,821,2,traffic_signs,0.6917974948883057,927.3284912109375,606.2240600585938,939.248046875,627.9279174804688,933.2882690429688,617.0759887695312,11.9195556640625,21.703857421875
IMG_0028.mp4,1561,52.03333333333333,30.0,840,2,traffic_signs,0.28504589200019836,549.4863891601562,451.24615478515625,578.7280883789062,482.0979919433594,564.1072387695312,466.6720733642578,29.24169921875,30.851837158203125
IMG_0028.mp4,1561,52.03333333333333,30.0,841,2,traffic_signs,0.5112752914428711,1018.240966796875,632.7879638671875,1026.68798828125,644.4336547851562,1022.4644775390625,638.6108093261719,8.447021484375,11.64569091796875
IMG_0028.mp4,1562,52.06666666666667,30.0,797,2,traffic_signs,0.7906815409660339,1354.439697265625,427.7345275878906,1425.64453125,496.4652099609375,1390.0421142578125,462.09986877441406,71.204833984375,68.73068237304688
IMG_0028.mp4,1562,52.06666666666667,30.0,805,1,traffic_lights,0.7735319137573242,834.3854370117188,50.420379638671875,894.2759399414062,168.34408569335938,864.3306884765625,109.38223266601562,59.8905029296875,117.9237060546875
IMG_0028.mp4,1562,52.06666666666667,30.0,821,2,traffic_signs,0.7212401628494263,934.2870483398438,606.0576171875,946.51904296875,627.7294311523438,940.4030456542969,616.8935241699219,12.23199462890625,21.67181396484375
IMG_0028.mp4,1562,52.06666666666667,30.0,830,1,traffic_lights,0.6142164468765259,551.0653686523438,448.65972900390625,598.8414306640625,550.2736206054688,574.9533996582031,499.4666748046875,47.77606201171875,101.6138916015625
IMG_0028.mp4,1563,52.1,30.0,797,2,traffic_signs,0.6845643520355225,1364.126220703125,426.8894958496094,1435.834228515625,495.2834167480469,1399.980224609375,461.0864562988281,71.7080078125,68.3939208984375
IMG_0028.mp4,1563,52.1,30.0,805,1,traffic_lights,0.7864394783973694,841.8421020507812,47.99292755126953,901.326416015625,165.9666290283203,871.5842590332031,106.97977828979492,59.48431396484375,117.97370147705078
IMG_0028.mp4,1563,52.1,30.0,821,2,traffic_signs,0.5191118121147156,941.759521484375,606.4287719726562,953.8606567382812,628.3779907226562,947.8100891113281,617.4033813476562,12.10113525390625,21.94921875
IMG_0028.mp4,1563,52.1,30.0,842,2,traffic_signs,0.6081046462059021,1363.6781005859375,427.1346435546875,1435.585693359375,496.420654296875,1399.6318969726562,461.77764892578125,71.9075927734375,69.2860107421875
IMG_0028.mp4,1563,52.1,30.0,840,2,traffic_signs,0.4171132445335388,562.676513671875,450.13134765625,591.9322509765625,479.9517822265625,577.3043823242188,465.04156494140625,29.2557373046875,29.8204345703125
IMG_0028.mp4,1564,52.13333333333333,30.0,797,2,traffic_signs,0.9291068315505981,1373.4813232421875,425.63690185546875,1445.4852294921875,493.7566833496094,1409.4832763671875,459.69679260253906,72.00390625,68.11978149414062
IMG_0028.mp4,1564,52.13333333333333,30.0,805,1,traffic_lights,0.8757403492927551,849.2403564453125,45.77199172973633,908.16796875,164.01376342773438,878.7041625976562,104.89287757873535,58.9276123046875,118.24177169799805
IMG_0028.mp4,1564,52.13333333333333,30.0,821,2,traffic_signs,0.702584445476532,948.795654296875,606.3917236328125,960.6341552734375,628.2718505859375,954.7149047851562,617.331787109375,11.8385009765625,21.880126953125
IMG_0028.mp4,1564,52.13333333333333,30.0,842,2,traffic_signs,0.4005582630634308,1372.4805908203125,426.19732666015625,1444.878662109375,494.0556335449219,1408.6796264648438,460.12648010253906,72.3980712890625,67.85830688476562
IMG_0028.mp4,1564,52.13333333333333,30.0,830,1,traffic_lights,0.2632717788219452,562.0238037109375,444.2061767578125,615.4765014648438,551.74755859375,588.7501525878906,497.97686767578125,53.45269775390625,107.5413818359375
IMG_0028.mp4,1565,52.166666666666664,30.0,797,2,traffic_signs,0.9236549139022827,1382.703369140625,423.9723205566406,1455.4906005859375,493.4442138671875,1419.0969848632812,458.70826721191406,72.7872314453125,69.47189331054688
IMG_0028.mp4,1565,52.166666666666664,30.0,805,1,traffic_lights,0.8778660297393799,855.6277465820312,42.00980758666992,914.3068237304688,161.83590698242188,884.96728515625,101.9228572845459,58.6790771484375,119.82609939575195
IMG_0028.mp4,1565,52.166666666666664,30.0,821,2,traffic_signs,0.7210543751716614,955.3629150390625,605.9297485351562,967.3760986328125,627.740478515625,961.3695068359375,616.8351135253906,12.01318359375,21.81072998046875
IMG_0028.mp4,1565,52.166666666666664,30.0,842,2,traffic_signs,0.49947571754455566,1382.4005126953125,425.09808349609375,1454.9390869140625,492.6198425292969,1418.6697998046875,458.8589630126953,72.53857421875,67.52175903320312
IMG_0028.mp4,1566,52.2,30.0,797,2,traffic_signs,0.7620405554771423,1392.165771484375,423.17132568359375,1465.5484619140625,493.13909912109375,1428.8571166992188,458.15521240234375,73.3826904296875,69.9677734375
IMG_0028.mp4,1566,52.2,30.0,805,1,traffic_lights,0.915005624294281,862.4462280273438,39.12700653076172,922.9264526367188,159.8971710205078,892.6863403320312,99.51208877563477,60.480224609375,120.7701644897461
IMG_0028.mp4,1566,52.2,30.0,821,2,traffic_signs,0.7644041776657104,961.8848266601562,605.7398071289062,973.8609619140625,627.7028198242188,967.8728942871094,616.7213134765625,11.97613525390625,21.9630126953125
IMG_0028.mp4,1566,52.2,30.0,842,2,traffic_signs,0.37790927290916443,1392.5101318359375,423.8135681152344,1464.8358154296875,492.24127197265625,1428.6729736328125,458.0274200439453,72.32568359375,68.42770385742188
IMG_0028.mp4,1566,52.2,30.0,845,2,traffic_signs,0.6574578881263733,1409.6275634765625,498.1195068359375,1434.4901123046875,524.0462646484375,1422.058837890625,511.0828857421875,24.862548828125,25.9267578125
IMG_0028.mp4,1566,52.2,30.0,840,2,traffic_signs,0.32555991411209106,581.0328979492188,447.0454406738281,611.1463012695312,478.1600036621094,596.089599609375,462.60272216796875,30.1134033203125,31.11456298828125
IMG_0028.mp4,1567,52.233333333333334,30.0,797,2,traffic_signs,0.9294377565383911,1401.19677734375,421.4939270019531,1474.40966796875,491.5578308105469,1437.80322265625,456.52587890625,73.212890625,70.06390380859375
IMG_0028.mp4,1567,52.233333333333334,30.0,805,1,traffic_lights,0.9300398826599121,868.4947509765625,35.88744354248047,930.010009765625,157.23269653320312,899.2523803710938,96.5600700378418,61.5152587890625,121.34525299072266
IMG_0028.mp4,1567,52.233333333333334,30.0,821,2,traffic_signs,0.7308455109596252,968.5278930664062,605.6461791992188,980.4931030273438,627.3223876953125,974.510498046875,616.4842834472656,11.9652099609375,21.67620849609375
IMG_0028.mp4,1567,52.233333333333334,30.0,840,2,traffic_signs,0.5369865894317627,586.5325317382812,445.6981506347656,616.1871948242188,477.9699401855469,601.35986328125,461.83404541015625,29.6546630859375,32.27178955078125
IMG_0028.mp4,1568,52.266666666666666,30.0,797,2,traffic_signs,0.9237797856330872,1408.506103515625,419.5877685546875,1482.848876953125,491.4269104003906,1445.677490234375,455.50733947753906,74.3427734375,71.83914184570312
IMG_0028.mp4,1568,52.266666666666666,30.0,805,1,traffic_lights,0.8963212966918945,875.1267700195312,34.761314392089844,935.816162109375,155.85975646972656,905.4714660644531,95.3105354309082,60.68939208984375,121.09844207763672
IMG_0028.mp4,1568,52.266666666666666,30.0,840,2,traffic_signs,0.6591620445251465,591.2767944335938,444.6230163574219,621.9093017578125,477.5305480957031,606.5930480957031,461.0767822265625,30.63250732421875,32.90753173828125
IMG_0028.mp4,1568,52.266666666666666,30.0,847,2,traffic_signs,0.4931943118572235,443.7485046386719,426.2862243652344,561.5550537109375,571.2545166015625,502.6517791748047,498.77037048339844,117.80654907226562,144.96829223632812
IMG_0028.mp4,1569,52.3,30.0,797,2,traffic_signs,0.9309511184692383,1418.024658203125,418.221923828125,1491.538330078125,489.0604553222656,1454.781494140625,453.6411895751953,73.513671875,70.83853149414062
IMG_0028.mp4,1569,52.3,30.0,805,1,traffic_lights,0.8671679496765137,879.7760620117188,31.66626739501953,940.968505859375,153.41123962402344,910.3722839355469,92.53875350952148,61.19244384765625,121.7449722290039
IMG_0028.mp4,1569,52.3,30.0,847,2,traffic_signs,0.728010356426239,449.0126953125,424.9840087890625,566.8528442382812,570.1776733398438,507.9327697753906,497.5808410644531,117.84014892578125,145.19366455078125
IMG_0028.mp4,1569,52.3,30.0,845,2,traffic_signs,0.5133430361747742,1435.33203125,494.21453857421875,1460.8814697265625,520.473388671875,1448.1067504882812,507.3439636230469,25.5494384765625,26.25885009765625
IMG_0028.mp4,1569,52.3,30.0,821,2,traffic_signs,0.3450990319252014,980.4254760742188,605.1660766601562,991.9780883789062,625.7212524414062,986.2017822265625,615.4436645507812,11.5526123046875,20.55517578125
IMG_0028.mp4,1570,52.333333333333336,30.0,797,2,traffic_signs,0.9042952656745911,1425.9503173828125,416.43463134765625,1499.93310546875,487.7047424316406,1462.9417114257812,452.06968688964844,73.9827880859375,71.27011108398438
IMG_0028.mp4,1570,52.333333333333336,30.0,805,1,traffic_lights,0.8614709377288818,884.9161376953125,29.649181365966797,946.98046875,151.3632354736328,915.9483032226562,90.5062084197998,62.0643310546875,121.71405410766602
IMG_0028.mp4,1570,52.333333333333336,30.0,847,2,traffic_signs,0.7567008137702942,453.7903137207031,423.4179992675781,570.9808959960938,568.2377319335938,512.3856048583984,495.82786560058594,117.19058227539062,144.81973266601562
IMG_0028.mp4,1570,52.333333333333336,30.0,845,2,traffic_signs,0.3047031760215759,1442.7255859375,492.539794921875,1469.14990234375,519.4519653320312,1455.937744140625,505.9958801269531,26.42431640625,26.91217041015625
IMG_0028.mp4,1570,52.333333333333336,30.0,830,1,traffic_lights,0.3335195481777191,594.7520141601562,440.3315124511719,644.7239379882812,545.724609375,619.7379760742188,493.02806091308594,49.971923828125,105.39309692382812
IMG_0028.mp4,1571,52.36666666666667,30.0,797,2,traffic_signs,0.9071191549301147,1433.2447509765625,415.1003723144531,1508.29345703125,486.7960205078125,1470.7691040039062,450.9481964111328,75.0487060546875,71.69564819335938
IMG_0028.mp4,1571,52.36666666666667,30.0,805,1,traffic_lights,0.720034658908844,890.4774780273438,26.647735595703125,953.0076904296875,149.18048095703125,921.7425842285156,87.91410827636719,62.53021240234375,122.53274536132812
IMG_0028.mp4,1571,52.36666666666667,30.0,847,2,traffic_signs,0.5866535305976868,457.972412109375,422.54620361328125,574.4185791015625,566.9055786132812,516.1954956054688,494.72589111328125,116.4461669921875,144.359375
IMG_0028.mp4,1571,52.36666666666667,30.0,830,1,traffic_lights,0.6755483150482178,598.7427978515625,438.8777770996094,647.6331176757812,545.545166015625,623.1879577636719,492.2114715576172,48.89031982421875,106.66738891601562
IMG_0028.mp4,1571,52.36666666666667,30.0,821,2,traffic_signs,0.6611105799674988,991.0245971679688,604.5492553710938,1003.502197265625,626.2030639648438,997.2633972167969,615.3761596679688,12.47760009765625,21.65380859375
IMG_0028.mp4,1572,52.4,30.0,797,2,traffic_signs,0.8843210935592651,1442.4608154296875,414.1254577636719,1516.3828125,484.7434997558594,1479.4218139648438,449.4344787597656,73.9219970703125,70.6180419921875
IMG_0028.mp4,1572,52.4,30.0,805,1,traffic_lights,0.8446494340896606,896.6165771484375,24.40055274963379,957.9114379882812,146.82196044921875,927.2640075683594,85.61125659942627,61.29486083984375,122.42140769958496
IMG_0028.mp4,1572,52.4,30.0,847,2,traffic_signs,0.886240541934967,463.3540344238281,422.225341796875,578.6500854492188,567.1507568359375,521.0020599365234,494.68804931640625,115.29605102539062,144.9254150390625
IMG_0028.mp4,1572,52.4,30.0,830,1,traffic_lights,0.4828850030899048,602.4840087890625,441.2491455078125,663.2200317382812,544.4469604492188,632.8520202636719,492.8480529785156,60.73602294921875,103.19781494140625
IMG_0028.mp4,1572,52.4,30.0,850,2,traffic_signs,0.3704618811607361,1442.4000244140625,414.8782958984375,1515.9404296875,483.6058349609375,1479.1702270507812,449.2420654296875,73.5404052734375,68.7275390625
IMG_0028.mp4,1572,52.4,30.0,821,2,traffic_signs,0.7338474988937378,995.8207397460938,604.6928100585938,1008.4678344726562,626.6689453125,1002.144287109375,615.6808776855469,12.6470947265625,21.97613525390625
IMG_0028.mp4,1573,52.43333333333333,30.0,797,2,traffic_signs,0.8987253308296204,1450.3873291015625,412.2119445800781,1524.1663818359375,483.8943786621094,1487.27685546875,448.05316162109375,73.779052734375,71.68243408203125
IMG_0028.mp4,1573,52.43333333333333,30.0,805,1,traffic_lights,0.7942761778831482,901.9264526367188,22.042741775512695,961.0570678710938,144.07437133789062,931.4917602539062,83.05855655670166,59.130615234375,122.03162956237793
IMG_0028.mp4,1573,52.43333333333333,30.0,847,2,traffic_signs,0.7628000974655151,466.7279052734375,420.3829345703125,583.37451171875,566.8084716796875,525.0512084960938,493.595703125,116.6466064453125,146.425537109375
IMG_0028.mp4,1573,52.43333333333333,30.0,830,1,traffic_lights,0.2690175473690033,605.656982421875,440.9085998535156,671.0478515625,544.928466796875,638.3524169921875,492.9185333251953,65.390869140625,104.01986694335938
IMG_0028.mp4,1573,52.43333333333333,30.0,821,2,traffic_signs,0.7996043562889099,1000.2770385742188,604.4277954101562,1013.0225830078125,626.419921875,1006.6498107910156,615.4238586425781,12.74554443359375,21.99212646484375
IMG_0028.mp4,1573,52.43333333333333,30.0,840,2,traffic_signs,0.558409571647644,613.9681396484375,439.11651611328125,645.8829956054688,471.362548828125,629.9255676269531,455.2395324707031,31.91485595703125,32.24603271484375
IMG_0028.mp4,1574,52.46666666666667,30.0,797,2,traffic_signs,0.9127975106239319,1456.1990966796875,410.9433898925781,1531.006591796875,482.3092041015625,1493.6028442382812,446.6262969970703,74.8074951171875,71.36581420898438
IMG_0028.mp4,1574,52.46666666666667,30.0,805,1,traffic_lights,0.8899382948875427,906.27001953125,18.354257583618164,968.0022583007812,142.6527557373047,937.1361389160156,80.50350666046143,61.73223876953125,124.29849815368652
IMG_0028.mp4,1574,52.46666666666667,30.0,847,2,traffic_signs,0.33912429213523865,469.59356689453125,419.47381591796875,589.2510986328125,566.608154296875,529.4223327636719,493.0409851074219,119.65753173828125,147.13433837890625
IMG_0028.mp4,1574,52.46666666666667,30.0,830,1,traffic_lights,0.6151111125946045,609.4987182617188,439.005126953125,673.1375122070312,543.7144775390625,641.318115234375,491.35980224609375,63.6387939453125,104.7093505859375
IMG_0028.mp4,1574,52.46666666666667,30.0,821,2,traffic_signs,0.7579749226570129,1005.2404174804688,604.0792236328125,1017.8434448242188,625.9035034179688,1011.5419311523438,614.9913635253906,12.60302734375,21.82427978515625
IMG_0028.mp4,1574,52.46666666666667,30.0,840,2,traffic_signs,0.40902817249298096,619.7590942382812,437.5970764160156,650.5874633789062,470.5130920410156,635.1732788085938,454.0550842285156,30.828369140625,32.916015625
IMG_0028.mp4,1575,52.5,30.0,797,2,traffic_signs,0.911208987236023,1463.4393310546875,409.8701477050781,1538.594970703125,481.05126953125,1501.0171508789062,445.46070861816406,75.1556396484375,71.18112182617188
IMG_0028.mp4,1575,52.5,30.0,805,1,traffic_lights,0.3418443202972412,911.6569213867188,17.13123893737793,973.6449584960938,140.91184997558594,942.6509399414062,79.02154445648193,61.988037109375,123.78061103820801
IMG_0028.mp4,1575,52.5,30.0,847,2,traffic_signs,0.7851523160934448,474.1266784667969,418.0990295410156,592.66748046875,566.1068115234375,533.3970794677734,492.10292053222656,118.54080200195312,148.00778198242188
IMG_0028.mp4,1575,52.5,30.0,830,1,traffic_lights,0.5537512302398682,613.4580078125,435.8038024902344,667.8383178710938,544.8577270507812,640.6481628417969,490.3307647705078,54.38031005859375,109.05392456054688
IMG_0028.mp4,1575,52.5,30.0,821,2,traffic_signs,0.7384604811668396,1009.9876098632812,604.0052490234375,1022.9010009765625,625.6766357421875,1016.4443054199219,614.8409423828125,12.91339111328125,21.67138671875
IMG_0028.mp4,1575,52.5,30.0,851,1,traffic_lights,0.4685203731060028,1445.4144287109375,463.3857116699219,1467.675537109375,504.8160400390625,1456.5449829101562,484.1008758544922,22.2611083984375,41.430328369140625
IMG_0028.mp4,1575,52.5,30.0,845,2,traffic_signs,0.5301724076271057,1481.9102783203125,487.2216491699219,1507.85693359375,513.5841064453125,1494.8836059570312,500.4028778076172,25.9466552734375,26.362457275390625
IMG_0028.mp4,1576,52.53333333333333,30.0,797,2,traffic_signs,0.9192548990249634,1470.040771484375,407.3045959472656,1545.819091796875,480.09979248046875,1507.929931640625,443.7021942138672,75.7783203125,72.79519653320312
IMG_0028.mp4,1576,52.53333333333333,30.0,805,1,traffic_lights,0.940121054649353,915.9041748046875,15.389707565307617,978.9932250976562,138.94393920898438,947.4486999511719,77.166823387146,63.08905029296875,123.55423164367676
IMG_0028.mp4,1576,52.53333333333333,30.0,847,2,traffic_signs,0.8533668518066406,477.7298278808594,416.7302551269531,595.4558715820312,565.2484741210938,536.5928497314453,490.98936462402344,117.72604370117188,148.51821899414062
IMG_0028.mp4,1576,52.53333333333333,30.0,830,1,traffic_lights,0.3649424612522125,617.819580078125,435.06524658203125,667.0709228515625,543.4572143554688,642.4452514648438,489.26123046875,49.2513427734375,108.3919677734375
IMG_0028.mp4,1576,52.53333333333333,30.0,821,2,traffic_signs,0.7526764273643494,1014.7665405273438,603.4063720703125,1027.712158203125,625.1201782226562,1021.2393493652344,614.2632751464844,12.94561767578125,21.71380615234375
IMG_0028.mp4,1576,52.53333333333333,30.0,851,1,traffic_lights,0.7236181497573853,1451.0057373046875,462.3694152832031,1471.3338623046875,503.8548583984375,1461.1697998046875,483.1121368408203,20.328125,41.485443115234375
IMG_0028.mp4,1577,52.56666666666667,30.0,797,2,traffic_signs,0.9284039735794067,1477.1475830078125,405.5041198730469,1552.8798828125,480.0482482910156,1515.0137329101562,442.77618408203125,75.7322998046875,74.54412841796875
IMG_0028.mp4,1577,52.56666666666667,30.0,805,1,traffic_lights,0.9267069697380066,921.2410278320312,16.04691505432129,982.3759765625,136.58396911621094,951.8085021972656,76.31544208526611,61.13494873046875,120.53705406188965
IMG_0028.mp4,1577,52.56666666666667,30.0,847,2,traffic_signs,0.8390215635299683,482.0177001953125,416.9266052246094,599.3128051757812,564.7505493164062,540.6652526855469,490.8385772705078,117.29510498046875,147.82394409179688
IMG_0028.mp4,1577,52.56666666666667,30.0,821,2,traffic_signs,0.6465717554092407,1018.9874267578125,603.9540405273438,1031.5146484375,625.404052734375,1025.2510375976562,614.6790466308594,12.5272216796875,21.45001220703125
IMG_0028.mp4,1577,52.56666666666667,30.0,840,2,traffic_signs,0.42266523838043213,631.2948608398438,435.08233642578125,662.5858764648438,467.6864929199219,646.9403686523438,451.38441467285156,31.291015625,32.604156494140625
IMG_0028.mp4,1578,52.6,30.0,797,2,traffic_signs,0.9290028810501099,1483.2073974609375,404.0493469238281,1559.336669921875,478.2183837890625,1521.2720336914062,441.1338653564453,76.1292724609375,74.16903686523438
IMG_0028.mp4,1578,52.6,30.0,805,1,traffic_lights,0.9095260500907898,925.3795776367188,15.686761856079102,984.3157958984375,133.33389282226562,954.8476867675781,74.51032733917236,58.93621826171875,117.64713096618652
IMG_0028.mp4,1578,52.6,30.0,847,2,traffic_signs,0.8756991028785706,484.88446044921875,416.1127014160156,601.5603637695312,564.56396484375,543.222412109375,490.3383331298828,116.6759033203125,148.45126342773438
IMG_0028.mp4,1578,52.6,30.0,821,2,traffic_signs,0.273568719625473,1023.5623168945312,603.7991943359375,1035.2821044921875,624.787841796875,1029.4222106933594,614.2935180664062,11.71978759765625,20.9886474609375
IMG_0028.mp4,1578,52.6,30.0,840,2,traffic_signs,0.4335783123970032,634.2014770507812,434.76611328125,664.617919921875,466.3963928222656,649.4096984863281,450.5812530517578,30.41644287109375,31.630279541015625
IMG_0028.mp4,1578,52.6,30.0,851,1,traffic_lights,0.5682855248451233,1461.44921875,461.32159423828125,1483.1746826171875,502.92620849609375,1472.3119506835938,482.1239013671875,21.7254638671875,41.6046142578125
IMG_0028.mp4,1579,52.63333333333333,30.0,797,2,traffic_signs,0.9280975461006165,1489.7977294921875,403.2061462402344,1566.3544921875,477.2080993652344,1528.0761108398438,440.2071228027344,76.5567626953125,74.001953125
IMG_0028.mp4,1579,52.63333333333333,30.0,805,1,traffic_lights,0.885754406452179,927.8922729492188,14.064952850341797,988.884521484375,130.95343017578125,958.3883972167969,72.50919151306152,60.99224853515625,116.88847732543945
IMG_0028.mp4,1579,52.63333333333333,30.0,847,2,traffic_signs,0.8859033584594727,488.0608825683594,415.019775390625,603.598388671875,563.6135864257812,545.8296356201172,489.3166809082031,115.53750610351562,148.59381103515625
IMG_0028.mp4,1579,52.63333333333333,30.0,840,2,traffic_signs,0.6029843091964722,636.34716796875,432.7221374511719,667.4408569335938,465.90509033203125,651.8940124511719,449.31361389160156,31.09368896484375,33.182952880859375
IMG_0028.mp4,1579,52.63333333333333,30.0,851,1,traffic_lights,0.4891407787799835,1466.048828125,461.7948913574219,1488.144287109375,502.5238952636719,1477.0965576171875,482.1593933105469,22.095458984375,40.72900390625
IMG_0028.mp4,1580,52.666666666666664,30.0,797,2,traffic_signs,0.7026818990707397,1495.8194580078125,401.6178283691406,1573.1087646484375,475.4696044921875,1534.464111328125,438.54371643066406,77.289306640625,73.85177612304688
IMG_0028.mp4,1580,52.666666666666664,30.0,805,1,traffic_lights,0.899495542049408,930.9456176757812,12.044313430786133,993.1358032226562,128.7096405029297,962.0407104492188,70.37697696685791,62.190185546875,116.66532707214355
IMG_0028.mp4,1580,52.666666666666664,30.0,847,2,traffic_signs,0.8847867846488953,489.9350891113281,414.2677001953125,605.8701171875,562.6617431640625,547.9026031494141,488.4647216796875,115.93502807617188,148.39404296875
IMG_0028.mp4,1580,52.666666666666664,30.0,840,2,traffic_signs,0.713007926940918,638.5078735351562,431.7015075683594,670.7162475585938,465.1509094238281,654.612060546875,448.42620849609375,32.2083740234375,33.44940185546875
IMG_0028.mp4,1580,52.666666666666664,30.0,851,1,traffic_lights,0.7221494317054749,1469.961669921875,460.4763488769531,1493.7198486328125,501.9538269042969,1481.8407592773438,481.215087890625,23.7581787109375,41.47747802734375
IMG_0028.mp4,1581,52.7,30.0,797,2,traffic_signs,0.9404383897781372,1501.846435546875,400.1398620605469,1579.37158203125,473.868408203125,1540.6090087890625,437.00413513183594,77.525146484375,73.72854614257812
IMG_0028.mp4,1581,52.7,30.0,805,1,traffic_lights,0.8597272634506226,935.0234985351562,9.586775779724121,996.7855834960938,126.2506332397461,965.904541015625,67.91870450973511,61.7620849609375,116.66385746002197
IMG_0028.mp4,1581,52.7,30.0,847,2,traffic_signs,0.7026528120040894,491.3213806152344,413.09991455078125,609.5782470703125,562.2973022460938,550.4498138427734,487.6986083984375,118.25686645507812,149.1973876953125
IMG_0028.mp4,1581,52.7,30.0,851,1,traffic_lights,0.4469588100910187,1474.9229736328125,460.7771301269531,1497.9459228515625,501.3580017089844,1486.4344482421875,481.06756591796875,23.02294921875,40.58087158203125
IMG_0028.mp4,1582,52.733333333333334,30.0,797,2,traffic_signs,0.8823080062866211,1507.3067626953125,399.3084411621094,1585.7662353515625,472.8733825683594,1546.5364990234375,436.0909118652344,78.45947265625,73.56494140625
IMG_0028.mp4,1582,52.733333333333334,30.0,805,1,traffic_lights,0.4994291067123413,938.0731811523438,6.726051330566406,1001.22998046875,124.30451202392578,969.6515808105469,65.5152816772461,63.15679931640625,117.57846069335938
IMG_0028.mp4,1582,52.733333333333334,30.0,847,2,traffic_signs,0.6794893145561218,492.5257263183594,412.1236877441406,612.8394165039062,560.77099609375,552.6825714111328,486.4473419189453,120.31369018554688,148.64730834960938
IMG_0028.mp4,1582,52.733333333333334,30.0,851,1,traffic_lights,0.25026196241378784,1479.53173828125,460.9209289550781,1500.7550048828125,500.7552185058594,1490.1433715820312,480.83807373046875,21.2232666015625,39.83428955078125
IMG_0028.mp4,1582,52.733333333333334,30.0,845,2,traffic_signs,0.41614988446235657,1526.2576904296875,478.4609680175781,1554.2470703125,507.3500061035156,1540.2523803710938,492.9054870605469,27.9893798828125,28.8890380859375
IMG_0028.mp4,1582,52.733333333333334,30.0,821,2,traffic_signs,0.5105782151222229,1038.1552734375,602.7490234375,1050.798583984375,624.2149658203125,1044.4769287109375,613.4819946289062,12.643310546875,21.4659423828125
IMG_0028.mp4,1583,52.766666666666666,30.0,797,2,traffic_signs,0.9592062830924988,1513.3870849609375,397.81243896484375,1591.5963134765625,470.793212890625,1552.49169921875,434.3028259277344,78.209228515625,72.98077392578125
IMG_0028.mp4,1583,52.766666666666666,30.0,805,1,traffic_lights,0.8012672662734985,941.7374267578125,4.320762634277344,1004.4634399414062,122.15145874023438,973.1004333496094,63.23611068725586,62.72601318359375,117.83069610595703
IMG_0028.mp4,1583,52.766666666666666,30.0,847,2,traffic_signs,0.7656917572021484,493.9182434082031,410.70587158203125,613.88720703125,559.631591796875,553.9027252197266,485.1687316894531,119.96896362304688,148.92572021484375
IMG_0028.mp4,1583,52.766666666666666,30.0,851,1,traffic_lights,0.4294525384902954,1484.6624755859375,459.59942626953125,1506.1556396484375,500.84246826171875,1495.4090576171875,480.220947265625,21.4931640625,41.2430419921875
IMG_0028.mp4,1583,52.766666666666666,30.0,821,2,traffic_signs,0.7305225729942322,1041.46630859375,603.1947631835938,1053.787841796875,624.610595703125,1047.6270751953125,613.9026794433594,12.321533203125,21.41583251953125
IMG_0028.mp4,1584,52.8,30.0,797,2,traffic_signs,0.9458568096160889,1518.902099609375,395.979736328125,1597.278564453125,469.14306640625,1558.09033203125,432.5614013671875,78.37646484375,73.163330078125
IMG_0028.mp4,1584,52.8,30.0,805,1,traffic_lights,0.7717166543006897,945.4722290039062,3.3608176708221436,1006.3712158203125,120.04744720458984,975.9217224121094,61.704132437705994,60.89898681640625,116.6866295337677
IMG_0028.mp4,1584,52.8,30.0,847,2,traffic_signs,0.7714141607284546,495.5475158691406,408.5947570800781,616.2421875,559.9595947265625,555.8948516845703,484.2771759033203,120.69467163085938,151.36483764648438
IMG_0028.mp4,1584,52.8,30.0,851,1,traffic_lights,0.6231511831283569,1488.1690673828125,458.9953308105469,1510.1207275390625,500.7129821777344,1499.1448974609375,479.8541564941406,21.95166015625,41.7176513671875
IMG_0028.mp4,1584,52.8,30.0,821,2,traffic_signs,0.6451260447502136,1044.0933837890625,602.33642578125,1057.30517578125,624.7242431640625,1050.6992797851562,613.5303344726562,13.2117919921875,22.3878173828125
IMG_0028.mp4,1585,52.833333333333336,30.0,797,2,traffic_signs,0.9356854557991028,1523.832763671875,393.9046325683594,1602.52392578125,468.3598327636719,1563.1783447265625,431.1322326660156,78.691162109375,74.4552001953125
IMG_0028.mp4,1585,52.833333333333336,30.0,805,1,traffic_lights,0.5949605107307434,948.831787109375,1.8292704820632935,1008.0698852539062,117.20313262939453,978.4508361816406,59.51620155572891,59.23809814453125,115.37386214733124
IMG_0028.mp4,1585,52.833333333333336,30.0,847,2,traffic_signs,0.7741588354110718,496.84490966796875,407.1822509765625,618.02294921875,559.4868774414062,557.4339294433594,483.3345642089844,121.17803955078125,152.30462646484375
IMG_0028.mp4,1585,52.833333333333336,30.0,851,1,traffic_lights,0.6735314726829529,1491.9306640625,457.92022705078125,1515.1572265625,499.91009521484375,1503.5439453125,478.9151611328125,23.2265625,41.9898681640625
IMG_0028.mp4,1585,52.833333333333336,30.0,821,2,traffic_signs,0.7605127692222595,1047.0233154296875,602.5914916992188,1059.9642333984375,624.2365112304688,1053.4937744140625,613.4140014648438,12.94091796875,21.64501953125
IMG_0028.mp4,1586,52.86666666666667,30.0,797,2,traffic_signs,0.9406667351722717,1528.289306640625,392.40313720703125,1607.8653564453125,468.22943115234375,1568.0773315429688,430.3162841796875,79.5760498046875,75.8262939453125
IMG_0028.mp4,1586,52.86666666666667,30.0,805,1,traffic_lights,0.5270175933837891,950.6714477539062,0.6333266496658325,1011.7625732421875,115.23224639892578,981.2170104980469,57.93278652429581,61.09112548828125,114.59891974925995
IMG_0028.mp4,1586,52.86666666666667,30.0,847,2,traffic_signs,0.7119629383087158,497.9908752441406,405.5310974121094,619.460205078125,558.5028686523438,558.7255401611328,482.01698303222656,121.46932983398438,152.97177124023438
IMG_0028.mp4,1586,52.86666666666667,30.0,851,1,traffic_lights,0.5325122475624084,1494.870361328125,457.92535400390625,1518.727294921875,498.7971496582031,1506.798828125,478.3612518310547,23.85693359375,40.871795654296875
IMG_0028.mp4,1586,52.86666666666667,30.0,821,2,traffic_signs,0.3743961453437805,1049.55517578125,601.9450073242188,1063.0528564453125,623.7543334960938,1056.3040161132812,612.8496704101562,13.4976806640625,21.809326171875
IMG_0028.mp4,1586,52.86666666666667,30.0,845,2,traffic_signs,0.5859614014625549,1548.1927490234375,474.2917785644531,1576.5447998046875,502.3729553222656,1562.3687744140625,488.3323669433594,28.35205078125,28.0811767578125
IMG_0028.mp4,1587,52.9,30.0,797,2,traffic_signs,0.9558162689208984,1533.0531005859375,391.7053527832031,1612.73193359375,467.0058288574219,1572.8925170898438,429.3555908203125,79.6788330078125,75.30047607421875
IMG_0028.mp4,1587,52.9,30.0,805,1,traffic_lights,0.5506746172904968,952.5768432617188,0.5296908020973206,1014.6513061523438,113.60616302490234,983.6140747070312,57.06792691349983,62.074462890625,113.07647222280502
IMG_0028.mp4,1587,52.9,30.0,847,2,traffic_signs,0.6748911142349243,499.6535339355469,404.5514831542969,621.0665283203125,557.6883544921875,560.3600311279297,481.1199188232422,121.41299438476562,153.13687133789062
IMG_0028.mp4,1587,52.9,30.0,851,1,traffic_lights,0.6517136693000793,1497.9862060546875,458.06878662109375,1521.1634521484375,498.1876220703125,1509.5748291015625,478.1282043457031,23.17724609375,40.11883544921875
IMG_0028.mp4,1587,52.9,30.0,821,2,traffic_signs,0.7125792503356934,1052.6396484375,602.1666259765625,1065.5177001953125,623.7342529296875,1059.0786743164062,612.950439453125,12.8780517578125,21.567626953125
IMG_0028.mp4,1587,52.9,30.0,845,2,traffic_signs,0.7368625998497009,1553.44580078125,473.7801513671875,1581.705078125,501.4593505859375,1567.575439453125,487.6197509765625,28.25927734375,27.67919921875
IMG_0028.mp4,1588,52.93333333333333,30.0,797,2,traffic_signs,0.9377663731575012,1538.000732421875,390.11639404296875,1617.69384765625,466.189208984375,1577.8472900390625,428.1528015136719,79.693115234375,76.07281494140625
IMG_0028.mp4,1588,52.93333333333333,30.0,805,1,traffic_lights,0.6967185735702515,955.3379516601562,0.0,1018.298095703125,110.59031677246094,986.8180236816406,55.29515838623047,62.96014404296875,110.59031677246094
IMG_0028.mp4,1588,52.93333333333333,30.0,847,2,traffic_signs,0.6719977855682373,500.4996337890625,403.40252685546875,621.36865234375,556.8693237304688,560.9341430664062,480.13592529296875,120.8690185546875,153.466796875
IMG_0028.mp4,1588,52.93333333333333,30.0,851,1,traffic_lights,0.681587278842926,1500.5882568359375,458.0459899902344,1523.2330322265625,497.4124450683594,1511.91064453125,477.7292175292969,22.644775390625,39.366455078125
IMG_0028.mp4,1588,52.93333333333333,30.0,821,2,traffic_signs,0.6205644011497498,1054.9700927734375,601.3137817382812,1067.9957275390625,623.8486328125,1061.48291015625,612.5812072753906,13.025634765625,22.53485107421875
IMG_0028.mp4,1588,52.93333333333333,30.0,845,2,traffic_signs,0.46070000529289246,1558.2191162109375,472.27789306640625,1586.6778564453125,500.6900329589844,1572.448486328125,486.4839630126953,28.458740234375,28.412139892578125
IMG_0028.mp4,1589,52.96666666666667,30.0,797,2,traffic_signs,0.9349608421325684,1542.6715087890625,388.4750061035156,1622.5491943359375,464.9935607910156,1582.6103515625,426.7342834472656,79.877685546875,76.5185546875
IMG_0028.mp4,1589,52.96666666666667,30.0,805,1,traffic_lights,0.7176749110221863,957.1554565429688,0.0,1021.3060913085938,108.03564453125,989.2307739257812,54.017822265625,64.150634765625,108.03564453125
IMG_0028.mp4,1589,52.96666666666667,30.0,847,2,traffic_signs,0.7116132974624634,500.83978271484375,402.51800537109375,620.7344970703125,556.4869995117188,560.7871398925781,479.50250244140625,119.89471435546875,153.968994140625
IMG_0028.mp4,1589,52.96666666666667,30.0,851,1,traffic_lights,0.5533539652824402,1503.968505859375,455.60693359375,1529.2391357421875,497.328369140625,1516.6038208007812,476.4676513671875,25.2706298828125,41.721435546875
IMG_0028.mp4,1589,52.96666666666667,30.0,821,2,traffic_signs,0.6074162125587463,1057.6763916015625,601.1513671875,1070.39501953125,623.3294677734375,1064.0357055664062,612.2404174804688,12.7186279296875,22.1781005859375
IMG_0028.mp4,1589,52.96666666666667,30.0,845,2,traffic_signs,0.48721280694007874,1563.675537109375,471.85748291015625,1591.149169921875,499.8043212890625,1577.412353515625,485.8309020996094,27.4736328125,27.94683837890625
IMG_0028.mp4,1590,53.0,30.0,797,2,traffic_signs,0.9286871552467346,1546.8741455078125,387.6043701171875,1626.8984375,463.79168701171875,1586.8862915039062,425.6980285644531,80.0242919921875,76.18731689453125
IMG_0028.mp4,1590,53.0,30.0,805,1,traffic_lights,0.6710435748100281,959.903076171875,0.0,1024.46044921875,106.27787780761719,992.1817626953125,53.138938903808594,64.557373046875,106.27787780761719
IMG_0028.mp4,1590,53.0,30.0,847,2,traffic_signs,0.6498566269874573,501.1827392578125,401.72015380859375,620.5355224609375,556.225341796875,560.859130859375,478.9727478027344,119.352783203125,154.50518798828125
IMG_0028.mp4,1590,53.0,30.0,851,1,traffic_lights,0.6610543727874756,1506.890625,455.0946044921875,1532.3662109375,496.71319580078125,1519.62841796875,475.9039001464844,25.4755859375,41.61859130859375
IMG_0028.mp4,1590,53.0,30.0,821,2,traffic_signs,0.7511648535728455,1060.0352783203125,601.15576171875,1072.5855712890625,623.1370239257812,1066.3104248046875,612.1463928222656,12.55029296875,21.98126220703125
IMG_0028.mp4,1590,53.0,30.0,845,2,traffic_signs,0.2597382664680481,1568.0889892578125,470.5170593261719,1595.97412109375,498.9921569824219,1582.0315551757812,484.7546081542969,27.8851318359375,28.47509765625
IMG_0028.mp4,1590,53.0,30.0,830,1,traffic_lights,0.46432527899742126,651.8702392578125,420.6178283691406,695.4459228515625,533.7928466796875,673.6580810546875,477.20533752441406,43.57568359375,113.17501831054688
IMG_0028.mp4,1591,53.03333333333333,30.0,797,2,traffic_signs,0.9315611124038696,1550.6817626953125,386.295654296875,1631.652099609375,462.88934326171875,1591.1669311523438,424.5924987792969,80.9703369140625,76.59368896484375
IMG_0028.mp4,1591,53.03333333333333,30.0,805,1,traffic_lights,0.898205041885376,962.0078735351562,0.0,1026.9364013671875,104.79405975341797,994.4721374511719,52.397029876708984,64.92852783203125,104.79405975341797
IMG_0028.mp4,1591,53.03333333333333,30.0,847,2,traffic_signs,0.4371573030948639,501.6634521484375,400.6614685058594,619.8209228515625,556.4318237304688,560.7421875,478.54664611816406,118.157470703125,155.77035522460938
IMG_0028.mp4,1591,53.03333333333333,30.0,851,1,traffic_lights,0.6038681864738464,1510.28955078125,455.22528076171875,1534.51220703125,496.406982421875,1522.40087890625,475.8161315917969,24.22265625,41.18170166015625
IMG_0028.mp4,1591,53.03333333333333,30.0,821,2,traffic_signs,0.5406692624092102,1062.443359375,601.1785278320312,1074.912841796875,623.4031372070312,1068.6781005859375,612.2908325195312,12.469482421875,22.224609375
IMG_0028.mp4,1591,53.03333333333333,30.0,845,2,traffic_signs,0.7093222141265869,1571.9000244140625,469.07806396484375,1599.842529296875,498.74163818359375,1585.8712768554688,483.90985107421875,27.9425048828125,29.66357421875
IMG_0028.mp4,1591,53.03333333333333,30.0,830,1,traffic_lights,0.7626489400863647,650.6058959960938,418.92034912109375,695.71142578125,533.4282836914062,673.1586608886719,476.17431640625,45.10552978515625,114.5079345703125
IMG_0028.mp4,1592,53.06666666666667,30.0,797,2,traffic_signs,0.9033803343772888,1554.881591796875,385.110595703125,1635.79638671875,460.922119140625,1595.3389892578125,423.016357421875,80.914794921875,75.8115234375
IMG_0028.mp4,1592,53.06666666666667,30.0,805,1,traffic_lights,0.864883303642273,963.309326171875,0.0,1028.595703125,103.13068389892578,995.9525146484375,51.56534194946289,65.286376953125,103.13068389892578
IMG_0028.mp4,1592,53.06666666666667,30.0,847,2,traffic_signs,0.28352704644203186,501.81170654296875,399.49139404296875,615.71484375,555.806884765625,558.7632751464844,477.6491394042969,113.90313720703125,156.31549072265625
IMG_0028.mp4,1592,53.06666666666667,30.0,851,1,traffic_lights,0.5087288022041321,1513.1522216796875,454.836669921875,1538.045654296875,495.9517822265625,1525.5989379882812,475.39422607421875,24.8934326171875,41.1151123046875
IMG_0028.mp4,1592,53.06666666666667,30.0,821,2,traffic_signs,0.7035916447639465,1064.4842529296875,600.9174194335938,1076.77734375,623.2208862304688,1070.6307983398438,612.0691528320312,12.2930908203125,22.303466796875
IMG_0028.mp4,1592,53.06666666666667,30.0,845,2,traffic_signs,0.7720281481742859,1575.3048095703125,467.4072570800781,1604.1839599609375,497.2796936035156,1589.744384765625,482.3434753417969,28.879150390625,29.8724365234375
IMG_0028.mp4,1592,53.06666666666667,30.0,830,1,traffic_lights,0.7547686696052551,649.8568115234375,417.44769287109375,697.0095825195312,532.6116943359375,673.4331970214844,475.0296936035156,47.15277099609375,115.16400146484375
IMG_0028.mp4,1592,53.06666666666667,30.0,840,2,traffic_signs,0.3585399091243744,659.4039916992188,420.2561340332031,691.37353515625,454.7123718261719,675.3887634277344,437.4842529296875,31.96954345703125,34.45623779296875
IMG_0028.mp4,1593,53.1,30.0,797,2,traffic_signs,0.9340279698371887,1558.8408203125,383.0914306640625,1640.15966796875,459.947021484375,1599.500244140625,421.51922607421875,81.31884765625,76.8555908203125
IMG_0028.mp4,1593,53.1,30.0,805,1,traffic_lights,0.7076030373573303,965.0424194335938,0.0,1030.3072509765625,100.84559631347656,997.6748352050781,50.42279815673828,65.26483154296875,100.84559631347656
IMG_0028.mp4,1593,53.1,30.0,847,2,traffic_signs,0.36208662390708923,502.3330078125,398.5333557128906,616.9595947265625,554.9358520507812,559.6463012695312,476.73460388183594,114.6265869140625,156.40249633789062
IMG_0028.mp4,1593,53.1,30.0,821,2,traffic_signs,0.5441433191299438,1066.4383544921875,600.4585571289062,1079.095458984375,623.475341796875,1072.7669067382812,611.9669494628906,12.6571044921875,23.01678466796875
IMG_0028.mp4,1593,53.1,30.0,830,1,traffic_lights,0.5907684564590454,649.8366088867188,415.8103942871094,698.1436157226562,531.9441528320312,673.9901123046875,473.8772735595703,48.3070068359375,116.13375854492188
IMG_0028.mp4,1593,53.1,30.0,859,2,traffic_signs,0.582047700881958,0.0,558.95361328125,13.171601295471191,574.7380981445312,6.585800647735596,566.8458557128906,13.171601295471191,15.78448486328125
IMG_0028.mp4,1593,53.1,30.0,840,2,traffic_signs,0.32001277804374695,659.917724609375,418.6964416503906,692.7228393554688,453.92633056640625,676.3202819824219,436.31138610839844,32.80511474609375,35.229888916015625
IMG_0028.mp4,1594,53.13333333333333,30.0,797,2,traffic_signs,0.9287526607513428,1562.829833984375,381.1048278808594,1644.4327392578125,458.37939453125,1603.6312866210938,419.7421112060547,81.6029052734375,77.27456665039062
IMG_0028.mp4,1594,53.13333333333333,30.0,805,1,traffic_lights,0.2746150493621826,966.6699829101562,0.0,1031.490966796875,98.2397232055664,999.0804748535156,49.1198616027832,64.82098388671875,98.2397232055664
IMG_0028.mp4,1594,53.13333333333333,30.0,821,2,traffic_signs,0.31709596514701843,1068.1627197265625,600.6045532226562,1081.3319091796875,623.2357788085938,1074.747314453125,611.920166015625,13.169189453125,22.6312255859375
IMG_0028.mp4,1594,53.13333333333333,30.0,830,1,traffic_lights,0.47620758414268494,649.708984375,414.66949462890625,698.9921264648438,531.3815307617188,674.3505554199219,473.0255126953125,49.28314208984375,116.7120361328125
IMG_0028.mp4,1594,53.13333333333333,30.0,840,2,traffic_signs,0.47313371300697327,660.5372924804688,417.704833984375,693.9659423828125,452.938232421875,677.2516174316406,435.321533203125,33.42864990234375,35.2333984375
IMG_0028.mp4,1595,53.166666666666664,30.0,797,2,traffic_signs,0.932145357131958,1566.0631103515625,379.53668212890625,1648.157958984375,457.3189392089844,1607.1105346679688,418.4278106689453,82.0948486328125,77.78225708007812
IMG_0028.mp4,1595,53.166666666666664,30.0,805,1,traffic_lights,0.4703698456287384,967.9260864257812,0.0,1032.6304931640625,96.35798645019531,1000.2782897949219,48.178993225097656,64.70440673828125,96.35798645019531
IMG_0028.mp4,1595,53.166666666666664,30.0,821,2,traffic_signs,0.7608658671379089,1070.06884765625,600.758056640625,1083.40673828125,622.8187255859375,1076.73779296875,611.7883911132812,13.337890625,22.0606689453125
IMG_0028.mp4,1595,53.166666666666664,30.0,830,1,traffic_lights,0.7064912915229797,649.879150390625,413.3034973144531,700.1655883789062,531.0416870117188,675.0223693847656,472.17259216308594,50.28643798828125,117.73818969726562
IMG_0028.mp4,1595,53.166666666666664,30.0,840,2,traffic_signs,0.416890412569046,660.6755981445312,416.5931396484375,694.5861206054688,452.0155944824219,677.630859375,434.3043670654297,33.9105224609375,35.422454833984375
IMG_0028.mp4,1595,53.166666666666664,30.0,860,2,traffic_signs,0.6004592776298523,0.48896080255508423,557.311767578125,13.59349250793457,567.1194458007812,7.041226655244827,562.2156066894531,13.104531705379486,9.80767822265625
IMG_0028.mp4,1595,53.166666666666664,30.0,847,2,traffic_signs,0.3038281202316284,502.51025390625,395.7213439941406,617.8480834960938,553.5479736328125,560.1791687011719,474.63465881347656,115.33782958984375,157.82662963867188
IMG_0028.mp4,1596,53.2,30.0,797,2,traffic_signs,0.9362557530403137,1569.68798828125,378.7185363769531,1651.9615478515625,456.61376953125,1610.8247680664062,417.66615295410156,82.2735595703125,77.89523315429688
IMG_0028.mp4,1596,53.2,30.0,821,2,traffic_signs,0.7288041114807129,1071.99853515625,601.1448364257812,1085.0732421875,622.6926879882812,1078.535888671875,611.9187622070312,13.07470703125,21.5478515625
IMG_0028.mp4,1596,53.2,30.0,830,1,traffic_lights,0.8190667629241943,650.3016967773438,412.93719482421875,701.4404296875,531.159423828125,675.8710632324219,472.0483093261719,51.13873291015625,118.22222900390625
IMG_0028.mp4,1596,53.2,30.0,860,2,traffic_signs,0.6256672739982605,0.4906371533870697,557.6079711914062,15.058609008789062,567.66015625,7.774623081088066,562.6340637207031,14.567971855401993,10.05218505859375
IMG_0028.mp4,1596,53.2,30.0,851,1,traffic_lights,0.3578462302684784,1521.8712158203125,452.1071472167969,1548.6583251953125,494.6288146972656,1535.2647705078125,473.36798095703125,26.787109375,42.52166748046875
IMG_0028.mp4,1597,53.233333333333334,30.0,797,2,traffic_signs,0.9475911855697632,1573.0164794921875,377.411376953125,1655.7054443359375,456.03094482421875,1614.3609619140625,416.7211608886719,82.68896484375,78.61956787109375
IMG_0028.mp4,1597,53.233333333333334,30.0,821,2,traffic_signs,0.34826138615608215,1073.5667724609375,600.3515625,1086.5740966796875,622.2535400390625,1080.0704345703125,611.3025512695312,13.00732421875,21.9019775390625
IMG_0028.mp4,1597,53.233333333333334,30.0,830,1,traffic_lights,0.6962201595306396,651.3924560546875,412.3706359863281,702.5968017578125,530.612548828125,676.99462890625,471.49159240722656,51.204345703125,118.24191284179688
IMG_0028.mp4,1597,53.233333333333334,30.0,860,2,traffic_signs,0.6032700538635254,0.810512900352478,557.1588134765625,16.432830810546875,568.5253295898438,8.621671855449677,562.8420715332031,15.622317910194397,11.36651611328125
IMG_0028.mp4,1597,53.233333333333334,30.0,851,1,traffic_lights,0.5044988393783569,1524.9945068359375,451.8402404785156,1551.43310546875,493.8775329589844,1538.2138061523438,472.85888671875,26.4385986328125,42.03729248046875
IMG_0028.mp4,1598,53.266666666666666,30.0,797,2,traffic_signs,0.44429194927215576,1576.3671875,376.3387451171875,1659.81591796875,455.53143310546875,1618.091552734375,415.9350891113281,83.44873046875,79.19268798828125
IMG_0028.mp4,1598,53.266666666666666,30.0,821,2,traffic_signs,0.6488295197486877,1075.1334228515625,600.1229248046875,1088.4195556640625,622.7465209960938,1081.7764892578125,611.4347229003906,13.2861328125,22.62359619140625
IMG_0028.mp4,1598,53.266666666666666,30.0,830,1,traffic_lights,0.6518198847770691,652.7052001953125,411.8979797363281,703.4260864257812,529.9067993164062,678.0656433105469,470.9023895263672,50.72088623046875,118.00881958007812
IMG_0028.mp4,1598,53.266666666666666,30.0,851,1,traffic_lights,0.6422194838523865,1525.9449462890625,450.96124267578125,1553.5889892578125,493.62646484375,1539.7669677734375,472.2938537597656,27.64404296875,42.66522216796875
IMG_0028.mp4,1598,53.266666666666666,30.0,845,2,traffic_signs,0.42223939299583435,1598.4931640625,460.8583679199219,1627.76123046875,490.5905456542969,1613.127197265625,475.7244567871094,29.26806640625,29.732177734375
IMG_0028.mp4,1599,53.3,30.0,797,2,traffic_signs,0.8786320686340332,1580.06640625,375.5462341308594,1663.92041015625,455.02178955078125,1621.993408203125,415.2840118408203,83.85400390625,79.47555541992188
IMG_0028.mp4,1599,53.3,30.0,821,2,traffic_signs,0.5748307108879089,1076.28955078125,600.2173461914062,1089.66552734375,622.9403076171875,1082.9775390625,611.5788269042969,13.3759765625,22.72296142578125
IMG_0028.mp4,1599,53.3,30.0,830,1,traffic_lights,0.8120994567871094,653.3862915039062,410.9475402832031,704.2631225585938,529.45947265625,678.82470703125,470.20350646972656,50.8768310546875,118.51193237304688
IMG_0028.mp4,1599,53.3,30.0,851,1,traffic_lights,0.3296199142932892,1527.6563720703125,450.33160400390625,1556.042236328125,493.4023742675781,1541.8493041992188,471.8669891357422,28.3858642578125,43.070770263671875
IMG_0028.mp4,1599,53.3,30.0,845,2,traffic_signs,0.3007541000843048,1602.45458984375,459.754638671875,1632.931640625,489.7265930175781,1617.693115234375,474.74061584472656,30.47705078125,29.971954345703125
IMG_0028.mp4,1600,53.333333333333336,30.0,797,2,traffic_signs,0.9621949195861816,1583.1561279296875,374.531494140625,1667.5653076171875,453.23736572265625,1625.3607177734375,413.8844299316406,84.4091796875,78.70587158203125
IMG_0028.mp4,1600,53.333333333333336,30.0,821,2,traffic_signs,0.606863260269165,1077.5382080078125,600.0108032226562,1091.33447265625,623.5736083984375,1084.4363403320312,611.7922058105469,13.7962646484375,23.56280517578125
IMG_0028.mp4,1600,53.333333333333336,30.0,830,1,traffic_lights,0.695526659488678,653.875732421875,410.6977844238281,704.9817504882812,529.0071411132812,679.4287414550781,469.8524627685547,51.10601806640625,118.30935668945312
IMG_0028.mp4,1600,53.333333333333336,30.0,851,1,traffic_lights,0.3222622573375702,1529.7191162109375,450.4208984375,1553.7440185546875,493.2580261230469,1541.7315673828125,471.83946228027344,24.02490234375,42.837127685546875
IMG_0028.mp4,1600,53.333333333333336,30.0,845,2,traffic_signs,0.36546555161476135,1606.0806884765625,458.9095458984375,1635.6297607421875,488.9916076660156,1620.855224609375,473.95057678222656,29.549072265625,30.082061767578125
IMG_0028.mp4,1600,53.333333333333336,30.0,805,1,traffic_lights,0.4642009139060974,973.7396240234375,0.21020203828811646,1040.481689453125,85.58067321777344,1007.1106567382812,42.89543762803078,66.7420654296875,85.37047117948532
IMG_0028.mp4,1601,53.36666666666667,30.0,797,2,traffic_signs,0.9495313167572021,1586.4141845703125,372.9618835449219,1670.7933349609375,451.3463134765625,1628.603759765625,412.1540985107422,84.379150390625,78.38442993164062
IMG_0028.mp4,1601,53.36666666666667,30.0,821,2,traffic_signs,0.7635173797607422,1078.842529296875,599.9135131835938,1092.751953125,623.6349487304688,1085.7972412109375,611.7742309570312,13.909423828125,23.721435546875
IMG_0028.mp4,1601,53.36666666666667,30.0,830,1,traffic_lights,0.8147228360176086,654.6085205078125,409.8984069824219,705.6021118164062,528.6320190429688,680.1053161621094,469.2652130126953,50.99359130859375,118.73361206054688
IMG_0028.mp4,1601,53.36666666666667,30.0,851,1,traffic_lights,0.5280683040618896,1531.2662353515625,450.2668151855469,1551.93603515625,493.0630798339844,1541.6011352539062,471.6649475097656,20.6697998046875,42.7962646484375
IMG_0028.mp4,1601,53.36666666666667,30.0,845,2,traffic_signs,0.2583494484424591,1609.4305419921875,457.8936462402344,1638.408935546875,488.1874694824219,1623.9197387695312,473.0405578613281,28.9783935546875,30.2938232421875
IMG_0028.mp4,1601,53.36666666666667,30.0,805,1,traffic_lights,0.6264199614524841,974.1765747070312,0.40204161405563354,1042.0450439453125,84.24557495117188,1008.1108093261719,42.323808282613754,67.86846923828125,83.84353333711624
IMG_0028.mp4,1602,53.4,30.0,797,2,traffic_signs,0.942859947681427,1589.004638671875,371.1192321777344,1673.5650634765625,450.0688781738281,1631.2848510742188,410.59405517578125,84.5604248046875,78.94964599609375
IMG_0028.mp4,1602,53.4,30.0,821,2,traffic_signs,0.7690849304199219,1080.2474365234375,599.9048461914062,1094.2987060546875,623.6062622070312,1087.2730712890625,611.7555541992188,14.05126953125,23.701416015625
IMG_0028.mp4,1602,53.4,30.0,830,1,traffic_lights,0.855432391166687,654.8450927734375,409.4475402832031,705.8804931640625,528.2666015625,680.36279296875,468.85707092285156,51.035400390625,118.81906127929688
IMG_0028.mp4,1602,53.4,30.0,851,1,traffic_lights,0.5068910717964172,1533.743896484375,450.4236755371094,1557.4449462890625,492.7402648925781,1545.5944213867188,471.58197021484375,23.7010498046875,42.31658935546875
IMG_0028.mp4,1602,53.4,30.0,845,2,traffic_signs,0.2969170808792114,1613.0059814453125,456.98748779296875,1641.795166015625,486.68206787109375,1627.4005737304688,471.83477783203125,28.7891845703125,29.694580078125
IMG_0028.mp4,1602,53.4,30.0,805,1,traffic_lights,0.5825714468955994,974.693115234375,0.5260153412818909,1043.4149169921875,82.76309204101562,1009.0540161132812,41.64455369114876,68.7218017578125,82.23707669973373
IMG_0028.mp4,1603,53.43333333333333,30.0,797,2,traffic_signs,0.9392265677452087,1592.136474609375,369.5997009277344,1676.7276611328125,449.6920471191406,1634.4320678710938,409.6458740234375,84.5911865234375,80.09234619140625
IMG_0028.mp4,1603,53.43333333333333,30.0,821,2,traffic_signs,0.8078766465187073,1081.461669921875,600.1211547851562,1095.5706787109375,623.4115600585938,1088.5161743164062,611.766357421875,14.1090087890625,23.2904052734375
IMG_0028.mp4,1603,53.43333333333333,30.0,830,1,traffic_lights,0.8882405161857605,654.7984619140625,408.77490234375,706.0892944335938,528.261474609375,680.4438781738281,468.5181884765625,51.29083251953125,119.486572265625
IMG_0028.mp4,1603,53.43333333333333,30.0,851,1,traffic_lights,0.4934426546096802,1535.3134765625,449.4899597167969,1561.3802490234375,492.3441467285156,1548.3468627929688,470.91705322265625,26.0667724609375,42.85418701171875
IMG_0028.mp4,1603,53.43333333333333,30.0,845,2,traffic_signs,0.6927851438522339,1615.608154296875,456.1719055175781,1645.710693359375,486.4764099121094,1630.659423828125,471.32415771484375,30.1025390625,30.30450439453125
IMG_0028.mp4,1603,53.43333333333333,30.0,805,1,traffic_lights,0.5157749652862549,975.1237182617188,0.48765531182289124,1044.7772216796875,80.98743438720703,1009.9504699707031,40.73754484951496,69.65350341796875,80.49977907538414
IMG_0028.mp4,1604,53.46666666666667,30.0,797,2,traffic_signs,0.941013753414154,1594.7843017578125,368.4773864746094,1680.0245361328125,449.35760498046875,1637.4044189453125,408.91749572753906,85.240234375,80.88021850585938
IMG_0028.mp4,1604,53.46666666666667,30.0,821,2,traffic_signs,0.8180436491966248,1082.551025390625,600.3108520507812,1096.4898681640625,623.1810913085938,1089.5204467773438,611.7459716796875,13.9388427734375,22.8702392578125
IMG_0028.mp4,1604,53.46666666666667,30.0,830,1,traffic_lights,0.9299319982528687,654.6041870117188,407.9498596191406,706.3478393554688,528.3702392578125,680.4760131835938,468.16004943847656,51.74365234375,120.42037963867188
IMG_0028.mp4,1604,53.46666666666667,30.0,851,1,traffic_lights,0.26607662439346313,1537.0010986328125,449.0176086425781,1563.290283203125,491.8692932128906,1550.1456909179688,470.4434509277344,26.2891845703125,42.8516845703125
IMG_0028.mp4,1604,53.46666666666667,30.0,845,2,traffic_signs,0.7204883098602295,1618.224609375,455.0273132324219,1648.137939453125,485.6683349609375,1633.1812744140625,470.3478240966797,29.913330078125,30.641021728515625
IMG_0028.mp4,1604,53.46666666666667,30.0,805,1,traffic_lights,0.5326725840568542,975.6776733398438,0.3994913101196289,1045.434326171875,79.6318588256836,1010.5559997558594,40.01567506790161,69.75665283203125,79.23236751556396
IMG_0028.mp4,1605,53.5,30.0,797,2,traffic_signs,0.9309444427490234,1597.552734375,367.3785095214844,1682.912109375,448.317138671875,1640.232421875,407.8478240966797,85.359375,80.93862915039062
IMG_0028.mp4,1605,53.5,30.0,821,2,traffic_signs,0.8093716502189636,1083.517578125,600.173095703125,1097.2811279296875,623.0894775390625,1090.3993530273438,611.6312866210938,13.7635498046875,22.9163818359375
IMG_0028.mp4,1605,53.5,30.0,830,1,traffic_lights,0.9396027326583862,653.6875,407.4526672363281,706.250732421875,528.1349487304688,679.9691162109375,467.79380798339844,52.563232421875,120.68228149414062
IMG_0028.mp4,1605,53.5,30.0,851,1,traffic_lights,0.46318456530570984,1538.34912109375,449.07269287109375,1565.12646484375,492.06292724609375,1551.73779296875,470.56781005859375,26.77734375,42.990234375
IMG_0028.mp4,1605,53.5,30.0,845,2,traffic_signs,0.7013713717460632,1620.796875,454.1505126953125,1651.0467529296875,484.6473083496094,1635.9218139648438,469.39891052246094,30.2498779296875,30.496795654296875
IMG_0028.mp4,1605,53.5,30.0,805,1,traffic_lights,0.5489986538887024,976.2604370117188,0.2520250976085663,1046.0068359375,77.65265655517578,1011.1336364746094,38.952340826392174,69.74639892578125,77.40063145756721
IMG_0028.mp4,1605,53.5,30.0,860,2,traffic_signs,0.7706134915351868,1.021878957748413,558.1240234375,24.35570526123047,582.8444213867188,12.688792109489441,570.4842224121094,23.333826303482056,24.72039794921875
IMG_0028.mp4,1606,53.53333333333333,30.0,797,2,traffic_signs,0.9585126042366028,1600.612548828125,366.86871337890625,1685.5643310546875,446.90350341796875,1643.0884399414062,406.8861083984375,84.9517822265625,80.0347900390625
IMG_0028.mp4,1606,53.53333333333333,30.0,821,2,traffic_signs,0.6325335502624512,1084.52880859375,600.14306640625,1097.927001953125,622.8800048828125,1091.2279052734375,611.5115356445312,13.398193359375,22.7369384765625
IMG_0028.mp4,1606,53.53333333333333,30.0,830,1,traffic_lights,0.9371476173400879,652.9066162109375,406.0733642578125,705.8397827148438,527.792724609375,679.3731994628906,466.93304443359375,52.93316650390625,121.7193603515625
IMG_0028.mp4,1606,53.53333333333333,30.0,851,1,traffic_lights,0.7307047843933105,1539.890380859375,448.98089599609375,1566.603271484375,491.3655090332031,1553.246826171875,470.17320251464844,26.712890625,42.384613037109375
IMG_0028.mp4,1606,53.53333333333333,30.0,845,2,traffic_signs,0.7773733139038086,1622.9010009765625,453.7004089355469,1653.9334716796875,483.94366455078125,1638.417236328125,468.82203674316406,31.032470703125,30.243255615234375
IMG_0028.mp4,1606,53.53333333333333,30.0,805,1,traffic_lights,0.6609340310096741,976.8136596679688,0.009726844727993011,1046.5439453125,75.43732452392578,1011.6788024902344,37.72352568432689,69.73028564453125,75.42759767919779
IMG_0028.mp4,1606,53.53333333333333,30.0,860,2,traffic_signs,0.8114969730377197,0.9077626466751099,558.3148193359375,24.386396408081055,583.7207641601562,12.647079527378082,571.0177917480469,23.478633761405945,25.40594482421875
IMG_0028.mp4,1607,53.56666666666667,30.0,797,2,traffic_signs,0.9498738646507263,1603.16259765625,365.8559265136719,1688.3377685546875,445.3412170410156,1645.7501831054688,405.59857177734375,85.1751708984375,79.48529052734375
IMG_0028.mp4,1607,53.56666666666667,30.0,821,2,traffic_signs,0.5079308152198792,1085.4749755859375,599.871826171875,1098.6324462890625,623.1040649414062,1092.0537109375,611.4879455566406,13.157470703125,23.23223876953125
IMG_0028.mp4,1607,53.56666666666667,30.0,830,1,traffic_lights,0.931610107421875,652.6517333984375,405.15911865234375,705.7833862304688,527.6502685546875,679.2175598144531,466.4046936035156,53.13165283203125,122.49114990234375
IMG_0028.mp4,1607,53.56666666666667,30.0,851,1,traffic_lights,0.7380052208900452,1541.1422119140625,448.84954833984375,1567.621337890625,490.9791259765625,1554.3817749023438,469.9143371582031,26.4791259765625,42.12957763671875
IMG_0028.mp4,1607,53.56666666666667,30.0,845,2,traffic_signs,0.6955220699310303,1625.680908203125,453.33392333984375,1656.5247802734375,482.8604736328125,1641.1028442382812,468.0971984863281,30.8438720703125,29.52655029296875
IMG_0028.mp4,1607,53.56666666666667,30.0,805,1,traffic_lights,0.8198514580726624,977.2388916015625,0.019388409331440926,1047.2225341796875,73.50677490234375,1012.230712890625,36.763081655837595,69.983642578125,73.48738649301231
IMG_0028.mp4,1607,53.56666666666667,30.0,860,2,traffic_signs,0.7242252230644226,1.0603671073913574,558.648681640625,24.567411422729492,584.0860595703125,12.813889265060425,571.3673706054688,23.507044315338135,25.4373779296875
IMG_0028.mp4,1607,53.56666666666667,30.0,847,2,traffic_signs,0.33705615997314453,500.2566833496094,386.2591247558594,623.77734375,549.088623046875,562.0170135498047,467.6738739013672,123.52066040039062,162.82949829101562
IMG_0028.mp4,1608,53.6,30.0,797,2,traffic_signs,0.9424847364425659,1605.5531005859375,364.7141418457031,1690.7030029296875,443.60003662109375,1648.1280517578125,404.15708923339844,85.14990234375,78.88589477539062
IMG_0028.mp4,1608,53.6,30.0,821,2,traffic_signs,0.7709910869598389,1086.2275390625,599.6080932617188,1099.636962890625,623.4353637695312,1092.9322509765625,611.521728515625,13.409423828125,23.8272705078125
IMG_0028.mp4,1608,53.6,30.0,830,1,traffic_lights,0.9391869902610779,652.3353881835938,404.42169189453125,705.5213623046875,527.1676635742188,678.9283752441406,465.794677734375,53.18597412109375,122.7459716796875
IMG_0028.mp4,1608,53.6,30.0,851,1,traffic_lights,0.7479607462882996,1542.8848876953125,448.4164123535156,1568.2357177734375,490.5675354003906,1555.560302734375,469.4919738769531,25.350830078125,42.151123046875
IMG_0028.mp4,1608,53.6,30.0,845,2,traffic_signs,0.41308897733688354,1629.413818359375,452.3354797363281,1657.9014892578125,481.392578125,1643.6576538085938,466.86402893066406,28.4876708984375,29.057098388671875
IMG_0028.mp4,1608,53.6,30.0,805,1,traffic_lights,0.773603618144989,977.7149047851562,0.0,1048.01904296875,71.79766082763672,1012.8669738769531,35.89883041381836,70.30413818359375,71.79766082763672
IMG_0028.mp4,1608,53.6,30.0,860,2,traffic_signs,0.5246971845626831,1.1266471147537231,559.0310668945312,24.705490112304688,584.1705932617188,12.916068613529205,571.600830078125,23.578842997550964,25.1395263671875
IMG_0028.mp4,1608,53.6,30.0,847,2,traffic_signs,0.6195564866065979,499.61956787109375,385.5032958984375,624.3025512695312,548.9669189453125,561.9610595703125,467.235107421875,124.6829833984375,163.463623046875
IMG_0028.mp4,1609,53.63333333333333,30.0,797,2,traffic_signs,0.9427655339241028,1607.1722412109375,363.912109375,1692.8409423828125,443.1040954589844,1650.006591796875,403.5081024169922,85.668701171875,79.19198608398438
IMG_0028.mp4,1609,53.63333333333333,30.0,821,2,traffic_signs,0.7811356782913208,1086.7462158203125,599.2645263671875,1100.4122314453125,623.6017456054688,1093.5792236328125,611.4331359863281,13.666015625,24.33721923828125
IMG_0028.mp4,1609,53.63333333333333,30.0,830,1,traffic_lights,0.8948929309844971,652.4158935546875,403.6365966796875,705.4185791015625,526.6172485351562,678.917236328125,465.1269226074219,53.002685546875,122.98065185546875
IMG_0028.mp4,1609,53.63333333333333,30.0,851,1,traffic_lights,0.7397034764289856,1543.9234619140625,448.300537109375,1568.5325927734375,490.5065612792969,1556.22802734375,469.40354919433594,24.609130859375,42.206024169921875
IMG_0028.mp4,1609,53.63333333333333,30.0,845,2,traffic_signs,0.5104938745498657,1631.455322265625,451.6960754394531,1660.3251953125,480.7501525878906,1645.8902587890625,466.2231140136719,28.869873046875,29.0540771484375
IMG_0028.mp4,1609,53.63333333333333,30.0,805,1,traffic_lights,0.7706961035728455,978.0365600585938,0.12587076425552368,1048.7889404296875,70.22964477539062,1013.4127502441406,35.177757769823074,70.75238037109375,70.1037740111351
IMG_0028.mp4,1609,53.63333333333333,30.0,860,2,traffic_signs,0.5929157137870789,1.3172409534454346,559.3145751953125,24.807220458984375,584.2117919921875,13.062230706214905,571.76318359375,23.48997950553894,24.897216796875
IMG_0028.mp4,1609,53.63333333333333,30.0,847,2,traffic_signs,0.6471388339996338,498.84429931640625,384.8139953613281,624.9882202148438,548.4593505859375,561.916259765625,466.6366729736328,126.1439208984375,163.64535522460938
IMG_0028.mp4,1610,53.666666666666664,30.0,797,2,traffic_signs,0.9367597103118896,1609.2452392578125,363.476806640625,1695.0078125,442.1010437011719,1652.1265258789062,402.78892517089844,85.7625732421875,78.62423706054688
IMG_0028.mp4,1610,53.666666666666664,30.0,821,2,traffic_signs,0.7768354415893555,1087.3800048828125,599.4326171875,1101.181640625,623.8421630859375,1094.2808227539062,611.6373901367188,13.8016357421875,24.4095458984375
IMG_0028.mp4,1610,53.666666666666664,30.0,830,1,traffic_lights,0.9040138125419617,651.859619140625,403.40802001953125,705.3888549804688,526.4955444335938,678.6242370605469,464.9517822265625,53.52923583984375,123.0875244140625
IMG_0028.mp4,1610,53.666666666666664,30.0,851,1,traffic_lights,0.7450904250144958,1544.7547607421875,448.42095947265625,1569.3609619140625,490.73760986328125,1557.057861328125,469.57928466796875,24.606201171875,42.316650390625
IMG_0028.mp4,1610,53.666666666666664,30.0,845,2,traffic_signs,0.39067476987838745,1633.27099609375,451.04254150390625,1662.51513671875,480.0956726074219,1647.89306640625,465.56910705566406,29.244140625,29.053131103515625
IMG_0028.mp4,1610,53.666666666666664,30.0,805,1,traffic_lights,0.7725588083267212,978.4270629882812,0.13401047885417938,1049.20947265625,68.3385238647461,1013.8182678222656,34.23626717180014,70.78240966796875,68.20451338589191
IMG_0028.mp4,1610,53.666666666666664,30.0,860,2,traffic_signs,0.6736145615577698,1.2773383855819702,559.4511108398438,24.63263511657715,584.1083374023438,12.95498675107956,571.7797241210938,23.355296730995178,24.6572265625
IMG_0028.mp4,1610,53.666666666666664,30.0,847,2,traffic_signs,0.5635432004928589,497.9358825683594,384.3915710449219,624.9385375976562,548.0999145507812,561.4372100830078,466.24574279785156,127.00265502929688,163.70834350585938
IMG_0028.mp4,1611,53.7,30.0,797,2,traffic_signs,0.9338207244873047,1611.115234375,362.3044738769531,1697.3331298828125,441.2691955566406,1654.2241821289062,401.7868347167969,86.2178955078125,78.9647216796875
IMG_0028.mp4,1611,53.7,30.0,821,2,traffic_signs,0.763494074344635,1087.9747314453125,599.4039916992188,1101.641357421875,623.7694702148438,1094.8080444335938,611.5867309570312,13.6666259765625,24.365478515625
IMG_0028.mp4,1611,53.7,30.0,830,1,traffic_lights,0.93208247423172,651.300537109375,402.93988037109375,705.578369140625,525.8497924804688,678.439453125,464.39483642578125,54.27783203125,122.909912109375
IMG_0028.mp4,1611,53.7,30.0,851,1,traffic_lights,0.7308034896850586,1545.443603515625,448.3414306640625,1569.8089599609375,490.6205749511719,1557.6262817382812,469.4810028076172,24.3653564453125,42.279144287109375
IMG_0028.mp4,1611,53.7,30.0,845,2,traffic_signs,0.5368606448173523,1635.6033935546875,450.1752014160156,1665.1676025390625,478.9365539550781,1650.385498046875,464.5558776855469,29.564208984375,28.7613525390625
IMG_0028.mp4,1611,53.7,30.0,805,1,traffic_lights,0.8112218379974365,978.8366088867188,0.15747612714767456,1049.576416015625,66.9726333618164,1014.2065124511719,33.56505474448204,70.73980712890625,66.81515723466873
IMG_0028.mp4,1611,53.7,30.0,860,2,traffic_signs,0.7601603269577026,1.2543929815292358,559.4525756835938,24.402856826782227,584.1502685546875,12.828624904155731,571.8014221191406,23.14846384525299,24.69769287109375
IMG_0028.mp4,1611,53.7,30.0,847,2,traffic_signs,0.6245601177215576,496.98565673828125,383.6420593261719,625.0802612304688,547.6709594726562,561.032958984375,465.65650939941406,128.0946044921875,164.02890014648438
IMG_0028.mp4,1612,53.733333333333334,30.0,797,2,traffic_signs,0.9325651526451111,1612.887939453125,361.1655578613281,1699.4534912109375,440.9314270019531,1656.1707153320312,401.0484924316406,86.5655517578125,79.765869140625
IMG_0028.mp4,1612,53.733333333333334,30.0,821,2,traffic_signs,0.7365203499794006,1088.613037109375,599.4385375976562,1102.1834716796875,623.8921508789062,1095.3982543945312,611.6653442382812,13.5704345703125,24.45361328125
IMG_0028.mp4,1612,53.733333333333334,30.0,830,1,traffic_lights,0.9204695224761963,650.888427734375,402.5997314453125,705.8618774414062,525.1613159179688,678.3751525878906,463.8805236816406,54.97344970703125,122.56158447265625
IMG_0028.mp4,1612,53.733333333333334,30.0,851,1,traffic_lights,0.7313477993011475,1545.7877197265625,448.14263916015625,1570.504150390625,490.3739318847656,1558.1459350585938,469.25828552246094,24.7164306640625,42.231292724609375
IMG_0028.mp4,1612,53.733333333333334,30.0,845,2,traffic_signs,0.7713465094566345,1637.23828125,449.477783203125,1667.659423828125,478.28662109375,1652.4488525390625,463.8822021484375,30.421142578125,28.808837890625
IMG_0028.mp4,1612,53.733333333333334,30.0,805,1,traffic_lights,0.811760425567627,979.2568359375,0.4865126311779022,1049.93798828125,65.51876831054688,1014.597412109375,33.00264047086239,70.68115234375,65.03225567936897
IMG_0028.mp4,1612,53.733333333333334,30.0,860,2,traffic_signs,0.8062337040901184,1.3106093406677246,559.5416259765625,24.415122985839844,584.1885375976562,12.862866163253784,571.8650817871094,23.10451364517212,24.64691162109375
IMG_0028.mp4,1612,53.733333333333334,30.0,847,2,traffic_signs,0.6135843992233276,496.228759765625,383.0645446777344,624.9829711914062,547.0654907226562,560.6058654785156,465.0650177001953,128.75421142578125,164.00094604492188
IMG_0028.mp4,1613,53.766666666666666,30.0,797,2,traffic_signs,0.9295204877853394,1614.7972412109375,359.607421875,1700.9061279296875,440.241943359375,1657.8516845703125,399.9246826171875,86.10888671875,80.634521484375
IMG_0028.mp4,1613,53.766666666666666,30.0,821,2,traffic_signs,0.7481234669685364,1089.1146240234375,599.1746215820312,1102.7457275390625,623.8421630859375,1095.93017578125,611.5083923339844,13.631103515625,24.66754150390625
IMG_0028.mp4,1613,53.766666666666666,30.0,830,1,traffic_lights,0.9343545436859131,650.7836303710938,401.967041015625,705.8370971679688,524.2936401367188,678.3103637695312,463.1303405761719,55.053466796875,122.32659912109375
IMG_0028.mp4,1613,53.766666666666666,30.0,851,1,traffic_lights,0.7669810056686401,1546.099365234375,447.8614196777344,1571.2674560546875,489.71026611328125,1558.6834106445312,468.7858428955078,25.1680908203125,41.848846435546875
IMG_0028.mp4,1613,53.766666666666666,30.0,845,2,traffic_signs,0.6189414858818054,1638.9560546875,448.4232482910156,1669.389404296875,477.6444091796875,1654.1727294921875,463.03382873535156,30.433349609375,29.221160888671875
IMG_0028.mp4,1613,53.766666666666666,30.0,805,1,traffic_lights,0.7778855562210083,979.893798828125,0.6420646905899048,1049.9998779296875,63.96577453613281,1014.9468383789062,32.30391961336136,70.1060791015625,63.32370984554291
IMG_0028.mp4,1613,53.766666666666666,30.0,860,2,traffic_signs,0.44091612100601196,1.4363113641738892,559.7435913085938,24.62067413330078,584.80859375,13.028492748737335,572.2760925292969,23.184362769126892,25.06500244140625
IMG_0028.mp4,1613,53.766666666666666,30.0,847,2,traffic_signs,0.5298478007316589,495.7591247558594,382.3539123535156,625.1514282226562,546.3517456054688,560.4552764892578,464.3528289794922,129.39230346679688,163.99783325195312
IMG_0028.mp4,1614,53.8,30.0,797,2,traffic_signs,0.9296901226043701,1617.0164794921875,358.55010986328125,1703.1722412109375,439.47998046875,1660.0943603515625,399.0150451660156,86.15576171875,80.92987060546875
IMG_0028.mp4,1614,53.8,30.0,821,2,traffic_signs,0.7531598806381226,1089.64892578125,599.0172729492188,1103.2867431640625,623.9071044921875,1096.4678344726562,611.4621887207031,13.6378173828125,24.88983154296875
IMG_0028.mp4,1614,53.8,30.0,830,1,traffic_lights,0.9333405494689941,650.9535522460938,401.28497314453125,705.716552734375,523.5806274414062,678.3350524902344,462.43280029296875,54.76300048828125,122.295654296875
IMG_0028.mp4,1614,53.8,30.0,851,1,traffic_lights,0.7216892242431641,1546.986083984375,447.3492736816406,1571.9476318359375,489.22076416015625,1559.4668579101562,468.28501892089844,24.9615478515625,41.871490478515625
IMG_0028.mp4,1614,53.8,30.0,845,2,traffic_signs,0.8081806302070618,1640.6004638671875,447.4493103027344,1671.04248046875,476.9890441894531,1655.8214721679688,462.21917724609375,30.4420166015625,29.53973388671875
IMG_0028.mp4,1614,53.8,30.0,805,1,traffic_lights,0.5213977694511414,980.1146850585938,0.47616592049598694,1050.54638671875,61.80202102661133,1015.3305358886719,31.139093473553658,70.43170166015625,61.32585510611534
IMG_0028.mp4,1614,53.8,30.0,860,2,traffic_signs,0.687677264213562,1.3652288913726807,559.7456665039062,24.875377655029297,585.0505981445312,13.120303273200989,572.3981323242188,23.510148763656616,25.304931640625
IMG_0028.mp4,1614,53.8,30.0,847,2,traffic_signs,0.5966004729270935,495.5195617675781,381.8218994140625,624.8106079101562,545.9385375976562,560.1650848388672,463.8802185058594,129.29104614257812,164.11663818359375
IMG_0028.mp4,1615,53.833333333333336,30.0,797,2,traffic_signs,0.9366651177406311,1619.0247802734375,357.2749328613281,1705.498291015625,438.5162353515625,1662.2615356445312,397.8955841064453,86.4735107421875,81.24130249023438
IMG_0028.mp4,1615,53.833333333333336,30.0,821,2,traffic_signs,0.7675415277481079,1090.134765625,598.759765625,1104.1044921875,623.9644165039062,1097.11962890625,611.3620910644531,13.9697265625,25.20465087890625
IMG_0028.mp4,1615,53.833333333333336,30.0,830,1,traffic_lights,0.8855838775634766,650.963134765625,400.4906005859375,705.567138671875,523.212158203125,678.26513671875,461.85137939453125,54.60400390625,122.7215576171875
IMG_0028.mp4,1615,53.833333333333336,30.0,851,1,traffic_lights,0.6887544989585876,1547.3287353515625,446.24017333984375,1574.814697265625,489.1958923339844,1561.0717163085938,467.71803283691406,27.4859619140625,42.955718994140625
IMG_0028.mp4,1615,53.833333333333336,30.0,845,2,traffic_signs,0.8144498467445374,1641.9852294921875,446.39569091796875,1673.168701171875,476.8051452636719,1657.5769653320312,461.6004180908203,31.1834716796875,30.409454345703125
IMG_0028.mp4,1615,53.833333333333336,30.0,805,1,traffic_lights,0.44100603461265564,980.3880615234375,0.3899643123149872,1051.0528564453125,60.388790130615234,1015.720458984375,30.38937722146511,70.664794921875,59.99882581830025
IMG_0028.mp4,1615,53.833333333333336,30.0,860,2,traffic_signs,0.8155203461647034,1.5293792486190796,559.571533203125,25.145919799804688,584.9905395507812,13.337649524211884,572.2810363769531,23.616540551185608,25.41900634765625
IMG_0028.mp4,1615,53.833333333333336,30.0,847,2,traffic_signs,0.7157496809959412,495.25726318359375,381.2248229980469,624.5757446289062,544.7456665039062,559.91650390625,462.98524475097656,129.3184814453125,163.52084350585938
IMG_0028.mp4,1615,53.833333333333336,30.0,840,2,traffic_signs,0.4706619679927826,663.9823608398438,403.4344177246094,698.0497436523438,435.67022705078125,681.0160522460938,419.5523223876953,34.0673828125,32.235809326171875
IMG_0028.mp4,1616,53.86666666666667,30.0,797,2,traffic_signs,0.9308489561080933,1620.670166015625,356.60772705078125,1707.5513916015625,437.7677001953125,1664.1107788085938,397.1877136230469,86.8812255859375,81.15997314453125
IMG_0028.mp4,1616,53.86666666666667,30.0,821,2,traffic_signs,0.7550487518310547,1090.5081787109375,598.8842163085938,1104.4959716796875,624.0850830078125,1097.5020751953125,611.4846496582031,13.98779296875,25.20086669921875
IMG_0028.mp4,1616,53.86666666666667,30.0,830,1,traffic_lights,0.8846567273139954,650.7369995117188,400.095703125,705.2565307617188,523.2373046875,677.9967651367188,461.66650390625,54.51953125,123.1416015625
IMG_0028.mp4,1616,53.86666666666667,30.0,851,1,traffic_lights,0.6403376460075378,1547.4893798828125,445.5246276855469,1576.45556640625,488.9332275390625,1561.9724731445312,467.2289276123047,28.9661865234375,43.408599853515625
IMG_0028.mp4,1616,53.86666666666667,30.0,845,2,traffic_signs,0.8076555728912354,1643.658447265625,445.5657043457031,1674.62158203125,476.5616149902344,1659.1400146484375,461.06365966796875,30.963134765625,30.99591064453125
IMG_0028.mp4,1616,53.86666666666667,30.0,805,1,traffic_lights,0.40255898237228394,980.5352783203125,0.5741509795188904,1051.5318603515625,59.04476547241211,1016.0335693359375,29.8094582259655,70.99658203125,58.47061449289322
IMG_0028.mp4,1616,53.86666666666667,30.0,860,2,traffic_signs,0.6750470399856567,1.2915654182434082,559.604736328125,25.0675048828125,585.2988891601562,13.179535150527954,572.4518127441406,23.775939464569092,25.69415283203125
IMG_0028.mp4,1616,53.86666666666667,30.0,847,2,traffic_signs,0.6531943082809448,494.46820068359375,380.87335205078125,624.3187866210938,544.3212890625,559.3934936523438,462.5973205566406,129.8505859375,163.44793701171875
IMG_0028.mp4,1616,53.86666666666667,30.0,840,2,traffic_signs,0.4292518198490143,663.786376953125,403.190673828125,697.6993408203125,435.08953857421875,680.7428588867188,419.1401062011719,33.9129638671875,31.89886474609375
IMG_0028.mp4,1617,53.9,30.0,797,2,traffic_signs,0.9162169098854065,1623.2451171875,356.1180725097656,1709.5738525390625,436.56787109375,1666.4094848632812,396.3429718017578,86.3287353515625,80.44979858398438
IMG_0028.mp4,1617,53.9,30.0,821,2,traffic_signs,0.7336103320121765,1090.8626708984375,598.3956298828125,1105.0718994140625,623.873291015625,1097.96728515625,611.1344604492188,14.209228515625,25.4776611328125
IMG_0028.mp4,1617,53.9,30.0,830,1,traffic_lights,0.9199724793434143,650.9718017578125,399.2879638671875,705.165283203125,522.6943359375,678.0685424804688,460.99114990234375,54.1934814453125,123.4063720703125
IMG_0028.mp4,1617,53.9,30.0,851,1,traffic_lights,0.6941648125648499,1548.02685546875,444.9134216308594,1577.6146240234375,488.5774841308594,1562.8207397460938,466.7454528808594,29.5877685546875,43.6640625
IMG_0028.mp4,1617,53.9,30.0,845,2,traffic_signs,0.7287313342094421,1646.076904296875,444.2372131347656,1676.7550048828125,474.7321472167969,1661.4159545898438,459.48468017578125,30.6781005859375,30.49493408203125
IMG_0028.mp4,1617,53.9,30.0,805,1,traffic_lights,0.32841038703918457,980.8535766601562,0.6294469237327576,1051.92041015625,57.815162658691406,1016.3869934082031,29.222304791212082,71.06683349609375,57.18571573495865
IMG_0028.mp4,1617,53.9,30.0,860,2,traffic_signs,0.7906485795974731,1.357431173324585,559.4922485351562,25.21023178100586,585.3456420898438,13.283831477165222,572.4189453125,23.852800607681274,25.8533935546875
IMG_0028.mp4,1617,53.9,30.0,847,2,traffic_signs,0.39062589406967163,494.05401611328125,380.3101806640625,624.0001220703125,543.36328125,559.0270690917969,461.83673095703125,129.94610595703125,163.0531005859375
IMG_0028.mp4,1618,53.93333333333333,30.0,797,2,traffic_signs,0.943570613861084,1624.857421875,355.48895263671875,1711.449951171875,436.0522155761719,1668.1536865234375,395.7705841064453,86.592529296875,80.56326293945312
IMG_0028.mp4,1618,53.93333333333333,30.0,821,2,traffic_signs,0.7511418461799622,1091.110107421875,598.3364868164062,1105.479248046875,623.838134765625,1098.294677734375,611.0873107910156,14.369140625,25.50164794921875
IMG_0028.mp4,1618,53.93333333333333,30.0,830,1,traffic_lights,0.8776073455810547,650.68701171875,398.4748229980469,705.1080322265625,522.7582397460938,677.8975219726562,460.6165313720703,54.4210205078125,124.28341674804688
IMG_0028.mp4,1618,53.93333333333333,30.0,851,1,traffic_lights,0.7124834656715393,1548.638916015625,444.6647033691406,1578.3154296875,488.67523193359375,1563.4771728515625,466.6699676513672,29.676513671875,44.010528564453125
IMG_0028.mp4,1618,53.93333333333333,30.0,845,2,traffic_signs,0.807399570941925,1647.8570556640625,443.27947998046875,1679.2760009765625,474.25103759765625,1663.5665283203125,458.7652587890625,31.4189453125,30.9715576171875
IMG_0028.mp4,1618,53.93333333333333,30.0,805,1,traffic_lights,0.3680744469165802,982.3643188476562,0.33701589703559875,1051.9298095703125,57.03449249267578,1017.1470642089844,28.68575419485569,69.56549072265625,56.69747659564018
IMG_0028.mp4,1618,53.93333333333333,30.0,847,2,traffic_signs,0.2546815276145935,493.37017822265625,379.9573059082031,623.4453735351562,542.2349853515625,558.4077758789062,461.0961456298828,130.0751953125,162.27767944335938
IMG_0028.mp4,1619,53.96666666666667,30.0,797,2,traffic_signs,0.9410485029220581,1625.94970703125,354.6565856933594,1713.252197265625,435.6465148925781,1669.6009521484375,395.15155029296875,87.302490234375,80.98992919921875
IMG_0028.mp4,1619,53.96666666666667,30.0,821,2,traffic_signs,0.7053118944168091,1091.4342041015625,598.0726318359375,1105.93310546875,623.9093017578125,1098.6836547851562,610.990966796875,14.4989013671875,25.836669921875
IMG_0028.mp4,1619,53.96666666666667,30.0,830,1,traffic_lights,0.8828030228614807,650.49462890625,397.6016540527344,704.948486328125,522.8228759765625,677.7215576171875,460.21226501464844,54.453857421875,125.22122192382812
IMG_0028.mp4,1619,53.96666666666667,30.0,851,1,traffic_lights,0.7231491208076477,1549.2442626953125,444.6725769042969,1578.942138671875,488.7304382324219,1564.0932006835938,466.7015075683594,29.6978759765625,44.057861328125
IMG_0028.mp4,1619,53.96666666666667,30.0,845,2,traffic_signs,0.6822723746299744,1649.7164306640625,442.6976318359375,1680.9345703125,473.6513671875,1665.3255004882812,458.17449951171875,31.2181396484375,30.9537353515625
IMG_0028.mp4,1619,53.96666666666667,30.0,805,1,traffic_lights,0.4176160991191864,983.0224609375,0.250727117061615,1052.1787109375,56.005615234375,1017.6005859375,28.128171175718307,69.15625,55.754888117313385
IMG_0028.mp4,1619,53.96666666666667,30.0,860,2,traffic_signs,0.5071518421173096,1.3540858030319214,560.1715698242188,24.972923278808594,586.1596069335938,13.163504540920258,573.1655883789062,23.618837475776672,25.988037109375
IMG_0028.mp4,1620,54.0,30.0,797,2,traffic_signs,0.9402766823768616,1627.4022216796875,353.70465087890625,1714.973876953125,434.96734619140625,1671.1880493164062,394.33599853515625,87.5716552734375,81.2626953125
IMG_0028.mp4,1620,54.0,30.0,821,2,traffic_signs,0.7293530106544495,1091.6180419921875,597.9511108398438,1106.1162109375,623.9151611328125,1098.8671264648438,610.9331359863281,14.4981689453125,25.96405029296875
IMG_0028.mp4,1620,54.0,30.0,830,1,traffic_lights,0.9067519307136536,650.2869262695312,396.9106750488281,704.5086669921875,522.5533447265625,677.3977966308594,459.7320098876953,54.22174072265625,125.64266967773438
IMG_0028.mp4,1620,54.0,30.0,851,1,traffic_lights,0.7007500529289246,1550.0045166015625,444.6995544433594,1579.529296875,488.5328674316406,1564.7669067382812,466.6162109375,29.5247802734375,43.83331298828125
IMG_0028.mp4,1620,54.0,30.0,845,2,traffic_signs,0.5322874188423157,1651.6043701171875,442.446044921875,1682.1876220703125,472.5997314453125,1666.89599609375,457.52288818359375,30.583251953125,30.1536865234375
IMG_0028.mp4,1620,54.0,30.0,805,1,traffic_lights,0.2707705497741699,982.8555908203125,0.1250375360250473,1052.5089111328125,55.00297164916992,1017.6822509765625,27.564004592597485,69.6533203125,54.877934113144875
IMG_0028.mp4,1620,54.0,30.0,875,1,traffic_lights,0.4119379222393036,103.12084197998047,584.0267333984375,116.46050262451172,606.4158935546875,109.7906723022461,595.2213134765625,13.33966064453125,22.38916015625
IMG_0028.mp4,1620,54.0,30.0,860,2,traffic_signs,0.5530897378921509,1.444949984550476,560.272216796875,24.37697410583496,585.2976684570312,12.910962045192719,572.7849426269531,22.932024121284485,25.02545166015625
IMG_0028.mp4,1620,54.0,30.0,847,2,traffic_signs,0.2964590787887573,491.2872009277344,376.6950988769531,621.4382934570312,542.3973388671875,556.3627471923828,459.5462188720703,130.15109252929688,165.70223999023438
IMG_0028.mp4,1621,54.03333333333333,30.0,797,2,traffic_signs,0.9424520134925842,1628.492431640625,353.3115234375,1716.4898681640625,434.61749267578125,1672.4911499023438,393.9645080566406,87.9974365234375,81.30596923828125
IMG_0028.mp4,1621,54.03333333333333,30.0,821,2,traffic_signs,0.7341321706771851,1091.775634765625,598.0891723632812,1106.3226318359375,623.9509887695312,1099.0491333007812,611.0200805664062,14.5469970703125,25.86181640625
IMG_0028.mp4,1621,54.03333333333333,30.0,830,1,traffic_lights,0.9222055673599243,649.6361083984375,396.330322265625,704.17236328125,522.7978515625,676.9042358398438,459.5640869140625,54.5362548828125,126.467529296875
IMG_0028.mp4,1621,54.03333333333333,30.0,851,1,traffic_lights,0.7275182008743286,1550.775146484375,444.8793029785156,1579.983642578125,488.461181640625,1565.37939453125,466.6702423095703,29.20849609375,43.581878662109375
IMG_0028.mp4,1621,54.03333333333333,30.0,845,2,traffic_signs,0.5842665433883667,1653.1820068359375,441.6443786621094,1683.87158203125,472.62994384765625,1668.5267944335938,457.1371612548828,30.6895751953125,30.985565185546875
IMG_0028.mp4,1621,54.03333333333333,30.0,875,1,traffic_lights,0.3951856791973114,103.23016357421875,584.2032470703125,116.26651000976562,606.6499633789062,109.74833679199219,595.4266052246094,13.036346435546875,22.44671630859375
IMG_0028.mp4,1621,54.03333333333333,30.0,860,2,traffic_signs,0.6042091846466064,1.457474946975708,560.945556640625,23.85797882080078,585.2305297851562,12.657726883888245,573.0880432128906,22.400503873825073,24.28497314453125
IMG_0028.mp4,1621,54.03333333333333,30.0,847,2,traffic_signs,0.476502001285553,490.3974914550781,376.14593505859375,620.8592529296875,542.73046875,555.6283721923828,459.4382019042969,130.46176147460938,166.58453369140625
IMG_0028.mp4,1622,54.06666666666667,30.0,797,2,traffic_signs,0.9492722749710083,1629.639404296875,352.8171081542969,1717.835205078125,434.1212158203125,1673.7373046875,393.4691619873047,88.19580078125,81.30410766601562
IMG_0028.mp4,1622,54.06666666666667,30.0,821,2,traffic_signs,0.7557092308998108,1092.164794921875,598.6080932617188,1106.5543212890625,623.9562377929688,1099.3595581054688,611.2821655273438,14.3895263671875,25.34814453125
IMG_0028.mp4,1622,54.06666666666667,30.0,830,1,traffic_lights,0.916756272315979,649.1239013671875,395.6527099609375,703.4244995117188,523.02783203125,676.2742004394531,459.34027099609375,54.30059814453125,127.3751220703125
IMG_0028.mp4,1622,54.06666666666667,30.0,851,1,traffic_lights,0.7260129451751709,1551.3812255859375,445.1964111328125,1580.1234130859375,488.31396484375,1565.7523193359375,466.75518798828125,28.7421875,43.1175537109375
IMG_0028.mp4,1622,54.06666666666667,30.0,845,2,traffic_signs,0.5084003806114197,1654.4158935546875,441.2261962890625,1685.6817626953125,472.589111328125,1670.048828125,456.90765380859375,31.265869140625,31.3629150390625
IMG_0028.mp4,1622,54.06666666666667,30.0,875,1,traffic_lights,0.2723529040813446,103.09481048583984,584.778564453125,116.28826141357422,607.3930053710938,109.69153594970703,596.0857849121094,13.193450927734375,22.61444091796875
IMG_0028.mp4,1622,54.06666666666667,30.0,860,2,traffic_signs,0.6473059058189392,1.2303292751312256,561.6725463867188,23.360719680786133,585.0065307617188,12.29552447795868,573.3395385742188,22.130390405654907,23.333984375
IMG_0028.mp4,1622,54.06666666666667,30.0,847,2,traffic_signs,0.5192939639091492,489.7583923339844,375.84228515625,620.88623046875,542.6301879882812,555.3223114013672,459.2362365722656,131.12783813476562,166.78790283203125
IMG_0028.mp4,1622,54.06666666666667,30.0,805,1,traffic_lights,0.2599175274372101,982.508544921875,0.2456292062997818,1052.1583251953125,52.71882629394531,1017.3334350585938,26.482227750122547,69.6497802734375,52.47319708764553
IMG_0028.mp4,1623,54.1,30.0,797,2,traffic_signs,0.8999745845794678,1630.2470703125,351.7913818359375,1719.0755615234375,433.7572021484375,1674.6613159179688,392.7742919921875,88.8284912109375,81.9658203125
IMG_0028.mp4,1623,54.1,30.0,821,2,traffic_signs,0.7437368035316467,1092.2176513671875,598.8287963867188,1106.570556640625,623.993896484375,1099.3941040039062,611.4113464355469,14.3529052734375,25.16510009765625
IMG_0028.mp4,1623,54.1,30.0,830,1,traffic_lights,0.9191813468933105,648.244384765625,395.2956237792969,703.0083618164062,522.823974609375,675.6263732910156,459.05979919433594,54.76397705078125,127.52835083007812
IMG_0028.mp4,1623,54.1,30.0,851,1,traffic_lights,0.7765757441520691,1551.697021484375,445.2501525878906,1580.338134765625,488.3109130859375,1566.017578125,466.78053283691406,28.64111328125,43.060760498046875
IMG_0028.mp4,1623,54.1,30.0,845,2,traffic_signs,0.573935866355896,1655.6041259765625,440.829833984375,1686.6248779296875,471.8151550292969,1671.114501953125,456.32249450683594,31.020751953125,30.985321044921875
IMG_0028.mp4,1623,54.1,30.0,860,2,traffic_signs,0.6372993588447571,1.2035642862319946,562.1130981445312,23.133054733276367,585.138427734375,12.168309509754181,573.6257629394531,21.929490447044373,23.02532958984375
IMG_0028.mp4,1623,54.1,30.0,847,2,traffic_signs,0.26527565717697144,488.791748046875,375.3753967285156,619.1546630859375,542.6264038085938,553.9732055664062,459.0009002685547,130.3629150390625,167.25100708007812
IMG_0028.mp4,1623,54.1,30.0,805,1,traffic_lights,0.28543469309806824,981.9876098632812,0.028931573033332825,1052.0430908203125,51.60044860839844,1017.0153503417969,25.814690090715885,70.05548095703125,51.571517035365105
IMG_0028.mp4,1624,54.13333333333333,30.0,797,2,traffic_signs,0.9626309871673584,1630.7257080078125,351.0440979003906,1720.1785888671875,433.4597473144531,1675.4521484375,392.2519226074219,89.452880859375,82.4156494140625
IMG_0028.mp4,1624,54.13333333333333,30.0,821,2,traffic_signs,0.7661924958229065,1092.1455078125,599.1722412109375,1106.51513671875,624.142822265625,1099.330322265625,611.6575317382812,14.36962890625,24.9705810546875
IMG_0028.mp4,1624,54.13333333333333,30.0,830,1,traffic_lights,0.9104887843132019,647.5366821289062,394.2845153808594,702.662109375,522.9053955078125,675.0993957519531,458.59495544433594,55.12542724609375,128.62088012695312
IMG_0028.mp4,1624,54.13333333333333,30.0,851,1,traffic_lights,0.7614219188690186,1551.992919921875,445.20831298828125,1580.6336669921875,488.4199523925781,1566.3132934570312,466.8141326904297,28.6407470703125,43.211639404296875
IMG_0028.mp4,1624,54.13333333333333,30.0,845,2,traffic_signs,0.7684005498886108,1656.1441650390625,440.6359558105469,1687.523193359375,471.77874755859375,1671.8336791992188,456.2073516845703,31.3790283203125,31.142791748046875
IMG_0028.mp4,1624,54.13333333333333,30.0,860,2,traffic_signs,0.5514557957649231,1.161202311515808,562.734130859375,22.833498001098633,585.119873046875,11.99735015630722,573.927001953125,21.672295689582825,22.3857421875
IMG_0028.mp4,1624,54.13333333333333,30.0,805,1,traffic_lights,0.41871803998947144,981.3016357421875,0.057843077927827835,1051.984375,50.631813049316406,1016.6430053710938,25.344828063622117,70.6827392578125,50.57396997138858
IMG_0028.mp4,1624,54.13333333333333,30.0,875,1,traffic_lights,0.2602218985557556,102.04911041259766,585.0755004882812,115.70042419433594,607.5206298828125,108.8747673034668,596.2980651855469,13.651313781738281,22.44512939453125
IMG_0028.mp4,1625,54.166666666666664,30.0,797,2,traffic_signs,0.9563600420951843,1631.8377685546875,350.2178955078125,1721.6273193359375,432.89508056640625,1676.7325439453125,391.5564880371094,89.78955078125,82.67718505859375
IMG_0028.mp4,1625,54.166666666666664,30.0,821,2,traffic_signs,0.763166606426239,1092.2921142578125,599.251953125,1106.74755859375,624.140625,1099.5198364257812,611.6962890625,14.4554443359375,24.888671875
IMG_0028.mp4,1625,54.166666666666664,30.0,830,1,traffic_lights,0.6747827529907227,646.5039672851562,394.09320068359375,702.0718994140625,522.7865600585938,674.2879333496094,458.43988037109375,55.56793212890625,128.693359375
IMG_0028.mp4,1625,54.166666666666664,30.0,851,1,traffic_lights,0.7682769894599915,1552.75537109375,445.1986083984375,1580.8516845703125,488.2703857421875,1566.8035278320312,466.7344970703125,28.0963134765625,43.07177734375
IMG_0028.mp4,1625,54.166666666666664,30.0,845,2,traffic_signs,0.7660689949989319,1657.2830810546875,440.0528259277344,1689.2861328125,470.9417724609375,1673.2846069335938,455.49729919433594,32.0030517578125,30.888946533203125
IMG_0028.mp4,1625,54.166666666666664,30.0,860,2,traffic_signs,0.6178479194641113,1.0641357898712158,562.9763793945312,22.501873016357422,585.0626220703125,11.783004403114319,574.0195007324219,21.437737226486206,22.08624267578125
IMG_0028.mp4,1625,54.166666666666664,30.0,805,1,traffic_lights,0.5525609254837036,979.98193359375,0.0,1053.0255126953125,49.73681640625,1016.5037231445312,24.868408203125,73.0435791015625,49.73681640625
IMG_0028.mp4,1626,54.2,30.0,797,2,traffic_signs,0.9527227878570557,1632.9359130859375,349.4004821777344,1722.978515625,432.2417907714844,1677.9572143554688,390.8211364746094,90.0426025390625,82.84130859375
IMG_0028.mp4,1626,54.2,30.0,821,2,traffic_signs,0.7566547989845276,1092.573486328125,599.3999633789062,1106.953857421875,624.1497192382812,1099.763671875,611.7748413085938,14.38037109375,24.749755859375
IMG_0028.mp4,1626,54.2,30.0,830,1,traffic_lights,0.8388242125511169,646.2665405273438,394.55328369140625,701.6045532226562,521.9862670898438,673.935546875,458.269775390625,55.3380126953125,127.4329833984375
IMG_0028.mp4,1626,54.2,30.0,851,1,traffic_lights,0.7007118463516235,1553.6263427734375,445.0893249511719,1581.007568359375,488.0731201171875,1567.3169555664062,466.5812225341797,27.3812255859375,42.983795166015625
IMG_0028.mp4,1626,54.2,30.0,845,2,traffic_signs,0.6222609877586365,1659.4910888671875,439.4447937011719,1690.566162109375,469.8022155761719,1675.0286254882812,454.6235046386719,31.0750732421875,30.357421875
IMG_0028.mp4,1626,54.2,30.0,860,2,traffic_signs,0.654405951499939,1.0009926557540894,563.1883544921875,22.08418083190918,585.1801147460938,11.542586743831635,574.1842346191406,21.08318817615509,21.99176025390625
IMG_0028.mp4,1626,54.2,30.0,805,1,traffic_lights,0.46779757738113403,979.3429565429688,0.0,1053.34716796875,48.76142501831055,1016.3450622558594,24.380712509155273,74.00421142578125,48.76142501831055
IMG_0028.mp4,1627,54.233333333333334,30.0,797,2,traffic_signs,0.9501570463180542,1633.665283203125,348.4359130859375,1724.19677734375,431.7899169921875,1678.9310302734375,390.1129150390625,90.531494140625,83.35400390625
IMG_0028.mp4,1627,54.233333333333334,30.0,821,2,traffic_signs,0.7532707452774048,1092.7633056640625,599.4129638671875,1107.1324462890625,624.047119140625,1099.9478759765625,611.7300415039062,14.369140625,24.6341552734375
IMG_0028.mp4,1627,54.233333333333334,30.0,830,1,traffic_lights,0.7914214730262756,645.60888671875,393.7751159667969,701.3485107421875,521.9814453125,673.4786987304688,457.87828063964844,55.7396240234375,128.20632934570312
IMG_0028.mp4,1627,54.233333333333334,30.0,851,1,traffic_lights,0.6810702681541443,1554.12890625,445.0142822265625,1581.2200927734375,487.9192810058594,1567.6744995117188,466.46678161621094,27.0911865234375,42.904998779296875
IMG_0028.mp4,1627,54.233333333333334,30.0,845,2,traffic_signs,0.7272905111312866,1660.5220947265625,438.7820739746094,1692.6336669921875,469.7545471191406,1676.577880859375,454.268310546875,32.111572265625,30.97247314453125
IMG_0028.mp4,1627,54.233333333333334,30.0,860,2,traffic_signs,0.6430123448371887,1.001034140586853,563.2232666015625,21.839664459228516,585.5227661132812,11.420349299907684,574.3730163574219,20.838630318641663,22.29949951171875
IMG_0028.mp4,1627,54.233333333333334,30.0,805,1,traffic_lights,0.48155477643013,980.2659301757812,0.0,1052.5877685546875,47.62430953979492,1016.4268493652344,23.81215476989746,72.32183837890625,47.62430953979492
IMG_0028.mp4,1628,54.266666666666666,30.0,797,2,traffic_signs,0.9497097730636597,1634.7122802734375,347.5595703125,1725.4022216796875,431.6321716308594,1680.0572509765625,389.5958709716797,90.68994140625,84.07260131835938
IMG_0028.mp4,1628,54.266666666666666,30.0,821,2,traffic_signs,0.7285919785499573,1092.9110107421875,599.403564453125,1107.24462890625,623.7470703125,1100.0778198242188,611.5753173828125,14.3336181640625,24.343505859375
IMG_0028.mp4,1628,54.266666666666666,30.0,830,1,traffic_lights,0.7825316786766052,644.8746948242188,393.0645751953125,701.0941162109375,521.8006591796875,672.9844055175781,457.4326171875,56.21942138671875,128.736083984375
IMG_0028.mp4,1628,54.266666666666666,30.0,851,1,traffic_lights,0.595282793045044,1554.5987548828125,444.6763000488281,1581.0802001953125,487.6312561035156,1567.8394775390625,466.1537780761719,26.4814453125,42.9549560546875
IMG_0028.mp4,1628,54.266666666666666,30.0,845,2,traffic_signs,0.5381025075912476,1661.680419921875,438.23028564453125,1693.5728759765625,468.88525390625,1677.6266479492188,453.5577697753906,31.8924560546875,30.65496826171875
IMG_0028.mp4,1628,54.266666666666666,30.0,860,2,traffic_signs,0.6058300137519836,0.948403000831604,563.2216186523438,21.514671325683594,585.8464965820312,11.231537163257599,574.5340576171875,20.56626832485199,22.6248779296875
IMG_0028.mp4,1628,54.266666666666666,30.0,805,1,traffic_lights,0.7762935757637024,981.3519287109375,0.0,1052.6702880859375,45.639644622802734,1017.0111083984375,22.819822311401367,71.318359375,45.639644622802734
IMG_0028.mp4,1629,54.3,30.0,797,2,traffic_signs,0.9491442441940308,1635.860595703125,346.6536865234375,1726.4151611328125,431.4209289550781,1681.1378784179688,389.0373077392578,90.5545654296875,84.76724243164062
IMG_0028.mp4,1629,54.3,30.0,821,2,traffic_signs,0.7060934901237488,1093.1644287109375,599.4434204101562,1107.49755859375,623.4822387695312,1100.3309936523438,611.4628295898438,14.3331298828125,24.038818359375
IMG_0028.mp4,1629,54.3,30.0,830,1,traffic_lights,0.858132541179657,644.4421997070312,392.75067138671875,700.554931640625,521.4332275390625,672.4985656738281,457.0919494628906,56.11273193359375,128.68255615234375
IMG_0028.mp4,1629,54.3,30.0,851,1,traffic_lights,0.5541092753410339,1554.9578857421875,444.3816223144531,1581.47021484375,487.35577392578125,1568.2140502929688,465.8686981201172,26.5123291015625,42.974151611328125
IMG_0028.mp4,1629,54.3,30.0,845,2,traffic_signs,0.41067826747894287,1662.789794921875,437.42510986328125,1694.2342529296875,467.57208251953125,1678.5120239257812,452.49859619140625,31.4444580078125,30.14697265625
IMG_0028.mp4,1629,54.3,30.0,860,2,traffic_signs,0.6589959263801575,0.8835136294364929,563.2265014648438,21.178647994995117,586.4560546875,11.031080812215805,574.8412780761719,20.295134365558624,23.22955322265625
IMG_0028.mp4,1629,54.3,30.0,805,1,traffic_lights,0.781739354133606,981.3161010742188,0.0,1052.596435546875,44.295265197753906,1016.9562683105469,22.147632598876953,71.28033447265625,44.295265197753906
IMG_0028.mp4,1630,54.333333333333336,30.0,797,2,traffic_signs,0.9476062059402466,1637.1822509765625,345.8507995605469,1727.8072509765625,430.9524841308594,1682.4947509765625,388.4016418457031,90.625,85.1016845703125
IMG_0028.mp4,1630,54.333333333333336,30.0,821,2,traffic_signs,0.7336634397506714,1093.2449951171875,599.3807983398438,1107.6611328125,623.3424072265625,1100.4530639648438,611.3616027832031,14.4161376953125,23.96160888671875
IMG_0028.mp4,1630,54.333333333333336,30.0,830,1,traffic_lights,0.7373870611190796,643.139404296875,391.99456787109375,700.18017578125,521.243896484375,671.6597900390625,456.6192321777344,57.040771484375,129.24932861328125
IMG_0028.mp4,1630,54.333333333333336,30.0,851,1,traffic_lights,0.5129210948944092,1555.259521484375,444.0759582519531,1581.55029296875,487.2190246582031,1568.4049072265625,465.6474914550781,26.290771484375,43.14306640625
IMG_0028.mp4,1630,54.333333333333336,30.0,845,2,traffic_signs,0.6105337738990784,1663.6383056640625,436.598388671875,1695.65966796875,467.12030029296875,1679.6489868164062,451.8593444824219,32.0213623046875,30.52191162109375
IMG_0028.mp4,1630,54.333333333333336,30.0,860,2,traffic_signs,0.6680029034614563,0.8215932846069336,563.13671875,20.60385513305664,586.9012451171875,10.712724208831787,575.0189819335938,19.782261848449707,23.7645263671875
IMG_0028.mp4,1630,54.333333333333336,30.0,805,1,traffic_lights,0.8017336130142212,980.992431640625,0.0,1052.4560546875,43.433197021484375,1016.7242431640625,21.716598510742188,71.463623046875,43.433197021484375
IMG_0028.mp4,1631,54.36666666666667,30.0,797,2,traffic_signs,0.9497383832931519,1638.6807861328125,345.21112060546875,1729.485107421875,430.4075012207031,1684.0829467773438,387.80931091308594,90.8043212890625,85.19638061523438
IMG_0028.mp4,1631,54.36666666666667,30.0,821,2,traffic_signs,0.6721291542053223,1093.3231201171875,599.5444946289062,1107.8822021484375,623.44287109375,1100.6026611328125,611.4936828613281,14.55908203125,23.89837646484375
IMG_0028.mp4,1631,54.36666666666667,30.0,830,1,traffic_lights,0.8175250887870789,642.5728149414062,391.267822265625,699.7056274414062,521.06201171875,671.1392211914062,456.1649169921875,57.1328125,129.794189453125
IMG_0028.mp4,1631,54.36666666666667,30.0,851,1,traffic_lights,0.5825517773628235,1555.649658203125,444.17791748046875,1582.106689453125,487.2377014160156,1568.878173828125,465.7078094482422,26.45703125,43.059783935546875
IMG_0028.mp4,1631,54.36666666666667,30.0,845,2,traffic_signs,0.5376307964324951,1664.342529296875,435.8970947265625,1697.22802734375,466.5460510253906,1680.7852783203125,451.22157287597656,32.885498046875,30.648956298828125
IMG_0028.mp4,1631,54.36666666666667,30.0,860,2,traffic_signs,0.5388590693473816,0.8286908268928528,563.0079956054688,20.30809211730957,587.610107421875,10.568391472101212,575.3090515136719,19.479401290416718,24.60211181640625
IMG_0028.mp4,1631,54.36666666666667,30.0,805,1,traffic_lights,0.7273024320602417,980.497314453125,0.0,1052.5194091796875,42.64812469482422,1016.5083618164062,21.32406234741211,72.0220947265625,42.64812469482422
IMG_0028.mp4,1631,54.36666666666667,30.0,875,1,traffic_lights,0.2541866600513458,97.82007598876953,585.6260986328125,112.93598175048828,609.438720703125,105.3780288696289,597.5324096679688,15.11590576171875,23.8126220703125
IMG_0028.mp4,1632,54.4,30.0,797,2,traffic_signs,0.9474368691444397,1639.880615234375,344.4658508300781,1731.051513671875,429.68206787109375,1685.466064453125,387.07395935058594,91.1708984375,85.21621704101562
IMG_0028.mp4,1632,54.4,30.0,821,2,traffic_signs,0.6222121119499207,1093.360595703125,599.6378173828125,1107.8292236328125,623.5047607421875,1100.5949096679688,611.5712890625,14.4686279296875,23.866943359375
IMG_0028.mp4,1632,54.4,30.0,830,1,traffic_lights,0.8966926336288452,641.7344360351562,390.19842529296875,699.3287963867188,520.8941650390625,670.5316162109375,455.5462951660156,57.5943603515625,130.69573974609375
IMG_0028.mp4,1632,54.4,30.0,851,1,traffic_lights,0.5185285806655884,1556.16748046875,444.1322937011719,1582.089599609375,487.1704406738281,1569.1285400390625,465.6513671875,25.922119140625,43.03814697265625
IMG_0028.mp4,1632,54.4,30.0,845,2,traffic_signs,0.6066368222236633,1665.217529296875,435.5882568359375,1698.2650146484375,465.8968505859375,1681.7412719726562,450.7425537109375,33.0474853515625,30.30859375
IMG_0028.mp4,1632,54.4,30.0,860,2,traffic_signs,0.6233276128768921,0.7396724224090576,563.1780395507812,19.9980411529541,587.891845703125,10.36885678768158,575.5349426269531,19.258368730545044,24.71380615234375
IMG_0028.mp4,1632,54.4,30.0,805,1,traffic_lights,0.8211259841918945,980.2513427734375,0.0,1052.4423828125,41.715179443359375,1016.3468627929688,20.857589721679688,72.1910400390625,41.715179443359375
IMG_0028.mp4,1632,54.4,30.0,875,1,traffic_lights,0.3975459337234497,97.32464599609375,586.0379028320312,112.54215240478516,609.5552368164062,104.93339920043945,597.7965698242188,15.217506408691406,23.517333984375
IMG_0028.mp4,1633,54.43333333333333,30.0,797,2,traffic_signs,0.9477223753929138,1640.958251953125,343.7983703613281,1732.3753662109375,429.0150146484375,1686.6668090820312,386.4066925048828,91.4171142578125,85.21664428710938
IMG_0028.mp4,1633,54.43333333333333,30.0,821,2,traffic_signs,0.4694257378578186,1093.478515625,599.6216430664062,1107.75390625,623.5261840820312,1100.6162109375,611.5739135742188,14.275390625,23.904541015625
IMG_0028.mp4,1633,54.43333333333333,30.0,830,1,traffic_lights,0.8291829228401184,640.7415771484375,390.2447814941406,699.0762939453125,520.8167724609375,669.908935546875,455.53077697753906,58.334716796875,130.57199096679688
IMG_0028.mp4,1633,54.43333333333333,30.0,851,1,traffic_lights,0.588986337184906,1556.43994140625,443.9178771972656,1582.899658203125,487.1357421875,1569.6697998046875,465.5268096923828,26.459716796875,43.217864990234375
IMG_0028.mp4,1633,54.43333333333333,30.0,845,2,traffic_signs,0.7076957821846008,1666.044189453125,434.8911437988281,1699.3963623046875,466.02667236328125,1682.7202758789062,450.4589080810547,33.3521728515625,31.135528564453125
IMG_0028.mp4,1633,54.43333333333333,30.0,860,2,traffic_signs,0.3449702560901642,0.7276318669319153,563.4231567382812,19.661380767822266,588.0718994140625,10.19450631737709,575.7475280761719,18.93374890089035,24.64874267578125
IMG_0028.mp4,1633,54.43333333333333,30.0,805,1,traffic_lights,0.7929648160934448,979.3865966796875,0.0,1052.5250244140625,40.34187316894531,1015.955810546875,20.170936584472656,73.138427734375,40.34187316894531
IMG_0028.mp4,1633,54.43333333333333,30.0,875,1,traffic_lights,0.40193605422973633,96.94181823730469,586.4429321289062,112.14160919189453,609.7566528320312,104.54171371459961,598.0997924804688,15.199790954589844,23.313720703125
IMG_0028.mp4,1634,54.46666666666667,30.0,797,2,traffic_signs,0.9471567869186401,1642.2867431640625,343.3650207519531,1733.6917724609375,428.38543701171875,1687.9892578125,385.87522888183594,91.405029296875,85.02041625976562
IMG_0028.mp4,1634,54.46666666666667,30.0,821,2,traffic_signs,0.604055643081665,1093.4842529296875,599.636474609375,1107.648681640625,623.642822265625,1100.5664672851562,611.6396484375,14.1644287109375,24.00634765625
IMG_0028.mp4,1634,54.46666666666667,30.0,830,1,traffic_lights,0.8497970700263977,639.9276733398438,390.15814208984375,698.4019165039062,520.6226196289062,669.164794921875,455.390380859375,58.4742431640625,130.4644775390625
IMG_0028.mp4,1634,54.46666666666667,30.0,851,1,traffic_lights,0.6376714110374451,1556.7757568359375,443.8171081542969,1583.580810546875,487.07537841796875,1570.1782836914062,465.4462432861328,26.8050537109375,43.258270263671875
IMG_0028.mp4,1634,54.46666666666667,30.0,845,2,traffic_signs,0.7756925821304321,1667.046630859375,434.2953186035156,1700.33447265625,465.8997802734375,1683.6905517578125,450.09754943847656,33.287841796875,31.604461669921875
IMG_0028.mp4,1634,54.46666666666667,30.0,860,2,traffic_signs,0.5566226840019226,0.461732417345047,563.865966796875,19.364307403564453,588.59619140625,9.91301991045475,576.2310791015625,18.902574986219406,24.730224609375
IMG_0028.mp4,1634,54.46666666666667,30.0,805,1,traffic_lights,0.8804963231086731,979.8563232421875,0.0,1052.1566162109375,38.75878143310547,1016.0064697265625,19.379390716552734,72.30029296875,38.75878143310547
IMG_0028.mp4,1634,54.46666666666667,30.0,875,1,traffic_lights,0.5044769048690796,96.28075408935547,586.8203125,111.43943786621094,610.06298828125,103.8600959777832,598.441650390625,15.158683776855469,23.24267578125
IMG_0028.mp4,1634,54.46666666666667,30.0,880,2,traffic_signs,0.6554805636405945,1827.0823974609375,391.1013488769531,1920.0,502.4017639160156,1873.5411987304688,446.7515563964844,92.9176025390625,111.3004150390625
IMG_0028.mp4,1635,54.5,30.0,797,2,traffic_signs,0.8405855298042297,1643.2193603515625,342.5415954589844,1735.02587890625,427.9236755371094,1689.1226196289062,385.2326354980469,91.8065185546875,85.382080078125
IMG_0028.mp4,1635,54.5,30.0,821,2,traffic_signs,0.4968469440937042,1093.56298828125,599.6256103515625,1107.6973876953125,623.7041015625,1100.6301879882812,611.6648559570312,14.1343994140625,24.0784912109375
IMG_0028.mp4,1635,54.5,30.0,830,1,traffic_lights,0.911765992641449,639.1505737304688,390.2939147949219,697.616943359375,520.772705078125,668.3837585449219,455.53330993652344,58.46636962890625,130.47879028320312
IMG_0028.mp4,1635,54.5,30.0,851,1,traffic_lights,0.6394080519676208,1557.3427734375,443.71343994140625,1583.86962890625,486.8107604980469,1570.606201171875,465.26210021972656,26.52685546875,43.097320556640625
IMG_0028.mp4,1635,54.5,30.0,845,2,traffic_signs,0.8411298990249634,1668.3795166015625,433.7319641113281,1701.5455322265625,465.28424072265625,1684.9625244140625,449.5081024169922,33.166015625,31.552276611328125
IMG_0028.mp4,1635,54.5,30.0,860,2,traffic_signs,0.4471103847026825,0.35654720664024353,564.1673583984375,19.13315773010254,588.9398803710938,9.744852468371391,576.5536193847656,18.776610523462296,24.77252197265625
IMG_0028.mp4,1635,54.5,30.0,805,1,traffic_lights,0.9030212759971619,979.9562377929688,0.0,1052.21728515625,37.59507751464844,1016.0867614746094,18.79753875732422,72.26104736328125,37.59507751464844
IMG_0028.mp4,1635,54.5,30.0,875,1,traffic_lights,0.5458420515060425,95.91561126708984,587.0750732421875,110.89644622802734,610.3206787109375,103.4060287475586,598.6978759765625,14.9808349609375,23.24560546875
IMG_0028.mp4,1635,54.5,30.0,880,2,traffic_signs,0.28427669405937195,1828.9681396484375,390.0489501953125,1920.0,501.38134765625,1874.4840698242188,445.71514892578125,91.0318603515625,111.3323974609375
IMG_0028.mp4,1636,54.53333333333333,30.0,797,2,traffic_signs,0.960831344127655,1644.6475830078125,342.0060729980469,1735.9786376953125,427.38116455078125,1690.3131103515625,384.69361877441406,91.3310546875,85.37509155273438
IMG_0028.mp4,1636,54.53333333333333,30.0,821,2,traffic_signs,0.3620786964893341,1093.576416015625,599.5968017578125,1107.670654296875,623.6762084960938,1100.62353515625,611.6365051269531,14.09423828125,24.07940673828125
IMG_0028.mp4,1636,54.53333333333333,30.0,830,1,traffic_lights,0.8819020390510559,638.1409301757812,389.8628234863281,697.0404663085938,521.1207275390625,667.5906982421875,455.4917755126953,58.8995361328125,131.25790405273438
IMG_0028.mp4,1636,54.53333333333333,30.0,851,1,traffic_lights,0.6094964146614075,1557.5386962890625,443.7744445800781,1583.92919921875,486.733642578125,1570.7339477539062,465.25404357910156,26.3905029296875,42.959197998046875
IMG_0028.mp4,1636,54.53333333333333,30.0,845,2,traffic_signs,0.8507558703422546,1669.48583984375,432.862548828125,1703.4658203125,465.2595520019531,1686.475830078125,449.06105041503906,33.97998046875,32.397003173828125
IMG_0028.mp4,1636,54.53333333333333,30.0,860,2,traffic_signs,0.5725582242012024,0.3083062171936035,564.364013671875,18.69861602783203,588.9226684570312,9.503461122512817,576.6433410644531,18.390309810638428,24.55865478515625
IMG_0028.mp4,1636,54.53333333333333,30.0,805,1,traffic_lights,0.9012615084648132,979.8525390625,0.0,1052.2664794921875,36.66693878173828,1016.0595092773438,18.33346939086914,72.4139404296875,36.66693878173828
IMG_0028.mp4,1636,54.53333333333333,30.0,875,1,traffic_lights,0.5579017400741577,95.32889556884766,587.254150390625,110.34880828857422,610.4287719726562,102.83885192871094,598.8414611816406,15.019912719726562,23.17462158203125
IMG_0028.mp4,1637,54.56666666666667,30.0,797,2,traffic_signs,0.9575265645980835,1645.7850341796875,341.28106689453125,1737.5302734375,426.9384460449219,1691.6576538085938,384.10975646972656,91.7452392578125,85.65737915039062
IMG_0028.mp4,1637,54.56666666666667,30.0,821,2,traffic_signs,0.603390634059906,1093.552490234375,599.6846923828125,1107.6817626953125,623.4766235351562,1100.6171264648438,611.5806579589844,14.1292724609375,23.79193115234375
IMG_0028.mp4,1637,54.56666666666667,30.0,830,1,traffic_lights,0.848179817199707,637.3859252929688,389.31622314453125,696.5665893554688,521.76513671875,666.9762573242188,455.5406799316406,59.1806640625,132.44891357421875
IMG_0028.mp4,1637,54.56666666666667,30.0,851,1,traffic_lights,0.6112443804740906,1557.7352294921875,443.865966796875,1584.1429443359375,486.6461181640625,1570.9390869140625,465.25604248046875,26.40771484375,42.7801513671875
IMG_0028.mp4,1637,54.56666666666667,30.0,845,2,traffic_signs,0.8507311940193176,1670.579833984375,432.4662170410156,1704.7998046875,465.0708923339844,1687.6898193359375,448.7685546875,34.219970703125,32.60467529296875
IMG_0028.mp4,1637,54.56666666666667,30.0,860,2,traffic_signs,0.7052887082099915,0.294056236743927,564.5254516601562,18.345483779907227,589.0507202148438,9.319770008325577,576.7880859375,18.0514275431633,24.5252685546875
IMG_0028.mp4,1637,54.56666666666667,30.0,805,1,traffic_lights,0.895873486995697,979.5597534179688,0.022613678127527237,1052.5404052734375,35.409854888916016,1016.0500793457031,17.71623428352177,72.98065185546875,35.38724121078849
IMG_0028.mp4,1637,54.56666666666667,30.0,875,1,traffic_lights,0.5210192203521729,94.78602600097656,587.5375366210938,109.73905944824219,610.8284301757812,102.26254272460938,599.1829833984375,14.953033447265625,23.2908935546875
IMG_0028.mp4,1638,54.6,30.0,797,2,traffic_signs,0.9547020792961121,1646.9921875,340.474853515625,1738.7081298828125,426.00494384765625,1692.8501586914062,383.2398986816406,91.7159423828125,85.53009033203125
IMG_0028.mp4,1638,54.6,30.0,821,2,traffic_signs,0.7616646885871887,1093.48095703125,599.8008422851562,1107.738525390625,623.417724609375,1100.6097412109375,611.6092834472656,14.257568359375,23.61688232421875
IMG_0028.mp4,1638,54.6,30.0,830,1,traffic_lights,0.9124689102172852,636.6932373046875,388.41522216796875,695.8203735351562,522.0347290039062,666.2568054199219,455.2249755859375,59.12713623046875,133.6195068359375
IMG_0028.mp4,1638,54.6,30.0,851,1,traffic_lights,0.5702046751976013,1558.10107421875,443.7880859375,1584.0333251953125,486.68829345703125,1571.0671997070312,465.2381896972656,25.9322509765625,42.90020751953125
IMG_0028.mp4,1638,54.6,30.0,845,2,traffic_signs,0.8347799777984619,1672.78173828125,432.4522399902344,1705.6160888671875,464.1759338378906,1689.1989135742188,448.3140869140625,32.8343505859375,31.72369384765625
IMG_0028.mp4,1638,54.6,30.0,860,2,traffic_signs,0.7561227083206177,0.16925287246704102,564.4410400390625,17.656713485717773,588.7788696289062,8.912983179092407,576.6099548339844,17.487460613250732,24.33782958984375
IMG_0028.mp4,1638,54.6,30.0,805,1,traffic_lights,0.8991227746009827,979.1264038085938,0.0,1052.4246826171875,33.831626892089844,1015.7755432128906,16.915813446044922,73.29827880859375,33.831626892089844
IMG_0028.mp4,1638,54.6,30.0,875,1,traffic_lights,0.5664509534835815,93.80883026123047,587.4225463867188,109.02607727050781,610.9002685546875,101.41745376586914,599.1614074707031,15.217247009277344,23.47772216796875
IMG_0028.mp4,1639,54.63333333333333,30.0,797,2,traffic_signs,0.9516187906265259,1648.201171875,339.7080078125,1740.0372314453125,425.1379699707031,1694.1192016601562,382.42298889160156,91.8360595703125,85.42996215820312
IMG_0028.mp4,1639,54.63333333333333,30.0,821,2,traffic_signs,0.7753946185112,1093.5155029296875,599.9447021484375,1107.8634033203125,623.4239501953125,1100.689453125,611.684326171875,14.347900390625,23.479248046875
IMG_0028.mp4,1639,54.63333333333333,30.0,830,1,traffic_lights,0.8785032629966736,636.3160400390625,387.51593017578125,694.7482299804688,522.0130615234375,665.5321350097656,454.7644958496094,58.43218994140625,134.49713134765625
IMG_0028.mp4,1639,54.63333333333333,30.0,851,1,traffic_lights,0.454484224319458,1558.3251953125,443.8030090332031,1584.1986083984375,486.61199951171875,1571.2619018554688,465.20750427246094,25.8734130859375,42.808990478515625
IMG_0028.mp4,1639,54.63333333333333,30.0,845,2,traffic_signs,0.8291123509407043,1673.8389892578125,431.49700927734375,1707.279052734375,463.9277038574219,1690.5590209960938,447.7123565673828,33.4400634765625,32.430694580078125
IMG_0028.mp4,1639,54.63333333333333,30.0,860,2,traffic_signs,0.7602348923683167,0.15482580661773682,564.412841796875,16.733234405517578,588.7615966796875,8.444030106067657,576.5872192382812,16.57840859889984,24.3487548828125
IMG_0028.mp4,1639,54.63333333333333,30.0,805,1,traffic_lights,0.9029682874679565,978.7247314453125,0.0,1052.51904296875,32.29942321777344,1015.6218872070312,16.14971160888672,73.7943115234375,32.29942321777344
IMG_0028.mp4,1639,54.63333333333333,30.0,875,1,traffic_lights,0.2565414011478424,93.06475067138672,587.2682495117188,108.31986999511719,611.06201171875,100.69231033325195,599.1651306152344,15.255119323730469,23.79376220703125
IMG_0028.mp4,1639,54.63333333333333,30.0,883,2,traffic_signs,0.4288671016693115,1191.07958984375,626.0853881835938,1200.2740478515625,639.0523071289062,1195.6768188476562,632.56884765625,9.1944580078125,12.9669189453125
IMG_0028.mp4,1639,54.63333333333333,30.0,880,2,traffic_signs,0.3323320746421814,1836.4259033203125,387.6300354003906,1919.5928955078125,501.5103759765625,1878.0093994140625,444.57020568847656,83.1669921875,113.88034057617188
IMG_0028.mp4,1640,54.666666666666664,30.0,797,2,traffic_signs,0.9497371912002563,1649.1600341796875,339.1780700683594,1741.283203125,423.9304504394531,1695.2216186523438,381.55426025390625,92.1231689453125,84.75238037109375
IMG_0028.mp4,1640,54.666666666666664,30.0,821,2,traffic_signs,0.8137520551681519,1093.391845703125,600.1932983398438,1108.00048828125,623.6353149414062,1100.6961669921875,611.914306640625,14.608642578125,23.4420166015625
IMG_0028.mp4,1640,54.666666666666664,30.0,830,1,traffic_lights,0.8341048955917358,636.16162109375,386.8217468261719,693.71044921875,521.9788208007812,664.93603515625,454.40028381347656,57.548828125,135.15707397460938
IMG_0028.mp4,1640,54.666666666666664,30.0,851,1,traffic_lights,0.4103671610355377,1558.451904296875,443.7398986816406,1583.3541259765625,486.61285400390625,1570.9030151367188,465.17637634277344,24.9022216796875,42.872955322265625
IMG_0028.mp4,1640,54.666666666666664,30.0,845,2,traffic_signs,0.7561334371566772,1675.2744140625,430.5381774902344,1708.4852294921875,463.7138366699219,1691.8798217773438,447.1260070800781,33.2108154296875,33.1756591796875
IMG_0028.mp4,1640,54.666666666666664,30.0,860,2,traffic_signs,0.7133380174636841,0.16630209982395172,564.4570922851562,15.8195219039917,588.9498291015625,7.9929120019078255,576.7034606933594,15.653219804167747,24.49273681640625
IMG_0028.mp4,1640,54.666666666666664,30.0,805,1,traffic_lights,0.9093560576438904,978.4945678710938,0.0014173972886055708,1052.3948974609375,31.22040367126465,1015.4447326660156,15.610910534276627,73.90032958984375,31.218986273976043
IMG_0028.mp4,1640,54.666666666666664,30.0,883,2,traffic_signs,0.37104982137680054,1191.0087890625,626.16552734375,1200.3465576171875,639.2080078125,1195.6776733398438,632.686767578125,9.3377685546875,13.04248046875
IMG_0028.mp4,1640,54.666666666666664,30.0,884,1,traffic_lights,0.42575931549072266,1559.9659423828125,442.3152770996094,1586.1356201171875,485.7969055175781,1573.05078125,464.05609130859375,26.169677734375,43.48162841796875
IMG_0028.mp4,1641,54.7,30.0,797,2,traffic_signs,0.946930468082428,1650.668212890625,338.38116455078125,1742.4503173828125,422.35821533203125,1696.5592651367188,380.36968994140625,91.7821044921875,83.97705078125
IMG_0028.mp4,1641,54.7,30.0,821,2,traffic_signs,0.7821398377418518,1093.44482421875,600.3125,1108.0333251953125,623.8018188476562,1100.7390747070312,612.0571594238281,14.5885009765625,23.48931884765625
IMG_0028.mp4,1641,54.7,30.0,830,1,traffic_lights,0.8912721276283264,635.2897338867188,386.1353759765625,692.8563232421875,522.142578125,664.0730285644531,454.13897705078125,57.56658935546875,136.0072021484375
IMG_0028.mp4,1641,54.7,30.0,845,2,traffic_signs,0.6341179609298706,1676.9930419921875,430.04010009765625,1709.761962890625,462.93853759765625,1693.3775024414062,446.48931884765625,32.7689208984375,32.8984375
IMG_0028.mp4,1641,54.7,30.0,860,2,traffic_signs,0.7012421488761902,0.1489260494709015,564.5164184570312,14.720552444458008,588.9966430664062,7.434739246964455,576.7565307617188,14.571626394987106,24.480224609375
IMG_0028.mp4,1641,54.7,30.0,805,1,traffic_lights,0.9118750095367432,978.2810668945312,0.0,1052.4683837890625,30.05467414855957,1015.3747253417969,15.027337074279785,74.18731689453125,30.05467414855957
IMG_0028.mp4,1641,54.7,30.0,883,2,traffic_signs,0.3477334678173065,1191.07275390625,626.2346801757812,1200.5579833984375,639.0497436523438,1195.8153686523438,632.6422119140625,9.4852294921875,12.8150634765625
IMG_0028.mp4,1641,54.7,30.0,884,1,traffic_lights,0.5933007597923279,1559.8079833984375,442.3363037109375,1586.5198974609375,485.6322326660156,1573.1639404296875,463.98426818847656,26.7119140625,43.295928955078125
IMG_0028.mp4,1641,54.7,30.0,880,2,traffic_signs,0.2789323329925537,1839.680419921875,387.0724792480469,1919.91748046875,501.27313232421875,1879.7989501953125,444.1728057861328,80.237060546875,114.20065307617188
IMG_0028.mp4,1642,54.733333333333334,30.0,797,2,traffic_signs,0.9468290209770203,1651.71728515625,337.831787109375,1743.2508544921875,421.8073425292969,1697.4840698242188,379.81956481933594,91.5335693359375,83.97555541992188
IMG_0028.mp4,1642,54.733333333333334,30.0,821,2,traffic_signs,0.7704867124557495,1093.4993896484375,600.3760986328125,1107.915771484375,623.9094848632812,1100.7075805664062,612.1427917480469,14.4163818359375,23.53338623046875
IMG_0028.mp4,1642,54.733333333333334,30.0,830,1,traffic_lights,0.6733431816101074,634.7431640625,386.1946716308594,692.1688842773438,521.8385009765625,663.4560241699219,454.01658630371094,57.42572021484375,135.64382934570312
IMG_0028.mp4,1642,54.733333333333334,30.0,845,2,traffic_signs,0.7457453608512878,1678.438232421875,429.759765625,1710.6370849609375,462.4857482910156,1694.5376586914062,446.1227569580078,32.1988525390625,32.725982666015625
IMG_0028.mp4,1642,54.733333333333334,30.0,860,2,traffic_signs,0.6772199273109436,0.11230910569429398,564.6954345703125,13.996660232543945,588.6981201171875,7.05448466911912,576.69677734375,13.884351126849651,24.002685546875
IMG_0028.mp4,1642,54.733333333333334,30.0,805,1,traffic_lights,0.9146602749824524,978.36474609375,0.0,1052.4302978515625,28.773303985595703,1015.3975219726562,14.386651992797852,74.0655517578125,28.773303985595703
IMG_0028.mp4,1642,54.733333333333334,30.0,883,2,traffic_signs,0.4528941214084625,1190.9381103515625,626.224853515625,1200.7734375,639.0730590820312,1195.8557739257812,632.6489562988281,9.8353271484375,12.84820556640625
IMG_0028.mp4,1642,54.733333333333334,30.0,884,1,traffic_lights,0.6088382601737976,1559.6800537109375,442.3877258300781,1586.631103515625,485.9047546386719,1573.1555786132812,464.146240234375,26.9510498046875,43.51702880859375
IMG_0028.mp4,1643,54.766666666666666,30.0,797,2,traffic_signs,0.9461904764175415,1652.3697509765625,336.6134338378906,1744.408203125,421.2012634277344,1698.3889770507812,378.9073486328125,92.0384521484375,84.58782958984375
IMG_0028.mp4,1643,54.766666666666666,30.0,821,2,traffic_signs,0.8108481764793396,1093.45703125,600.3156127929688,1107.8455810546875,623.9141235351562,1100.6513061523438,612.1148681640625,14.3885498046875,23.5985107421875
IMG_0028.mp4,1643,54.766666666666666,30.0,830,1,traffic_lights,0.6541842222213745,633.4302978515625,385.5719299316406,691.504638671875,521.7442016601562,662.4674682617188,453.65806579589844,58.0743408203125,136.17227172851562
IMG_0028.mp4,1643,54.766666666666666,30.0,845,2,traffic_signs,0.7346240282058716,1679.234375,429.50653076171875,1711.7186279296875,461.6998596191406,1695.4765014648438,445.6031951904297,32.4842529296875,32.193328857421875
IMG_0028.mp4,1643,54.766666666666666,30.0,860,2,traffic_signs,0.6407666802406311,0.10402996093034744,564.6122436523438,13.469555854797363,588.6670532226562,6.786792907863855,576.6396484375,13.365525893867016,24.0548095703125
IMG_0028.mp4,1643,54.766666666666666,30.0,805,1,traffic_lights,0.9230132102966309,977.890380859375,0.0,1052.5518798828125,27.543190002441406,1015.2211303710938,13.771595001220703,74.6614990234375,27.543190002441406
IMG_0028.mp4,1643,54.766666666666666,30.0,883,2,traffic_signs,0.4753781855106354,1190.7857666015625,626.1676635742188,1200.9576416015625,639.4241333007812,1195.8717041015625,632.7958984375,10.171875,13.2564697265625
IMG_0028.mp4,1643,54.766666666666666,30.0,884,1,traffic_lights,0.5971461534500122,1559.699462890625,442.6295166015625,1586.7601318359375,485.8430480957031,1573.2297973632812,464.2362823486328,27.0606689453125,43.213531494140625
IMG_0028.mp4,1644,54.8,30.0,797,2,traffic_signs,0.9422461986541748,1653.526123046875,335.6286926269531,1745.6676025390625,420.12164306640625,1699.5968627929688,377.8751678466797,92.1414794921875,84.49295043945312
IMG_0028.mp4,1644,54.8,30.0,821,2,traffic_signs,0.7828398942947388,1093.4400634765625,600.4312744140625,1107.8804931640625,623.9642333984375,1100.6602783203125,612.19775390625,14.4404296875,23.532958984375
IMG_0028.mp4,1644,54.8,30.0,830,1,traffic_lights,0.8150199055671692,632.0066528320312,385.3948059082031,690.6793212890625,521.7467651367188,661.3429870605469,453.57078552246094,58.67266845703125,136.35195922851562
IMG_0028.mp4,1644,54.8,30.0,845,2,traffic_signs,0.6241020560264587,1680.255615234375,429.2519836425781,1712.847900390625,460.7960510253906,1696.5517578125,445.0240173339844,32.59228515625,31.5440673828125
IMG_0028.mp4,1644,54.8,30.0,860,2,traffic_signs,0.6649328470230103,0.10569806396961212,564.7323608398438,12.887730598449707,589.0348510742188,6.49671433120966,576.8836059570312,12.782032534480095,24.302490234375
IMG_0028.mp4,1644,54.8,30.0,805,1,traffic_lights,0.9162982702255249,977.1962280273438,0.0,1052.2457275390625,26.338356018066406,1014.7209777832031,13.169178009033203,75.04949951171875,26.338356018066406
IMG_0028.mp4,1644,54.8,30.0,883,2,traffic_signs,0.5143936276435852,1190.6912841796875,626.1324462890625,1201.1719970703125,640.0692749023438,1195.931640625,633.1008605957031,10.480712890625,13.93682861328125
IMG_0028.mp4,1645,54.833333333333336,30.0,797,2,traffic_signs,0.9397562146186829,1654.23779296875,334.56591796875,1746.86474609375,419.46258544921875,1700.55126953125,377.0142517089844,92.626953125,84.89666748046875
IMG_0028.mp4,1645,54.833333333333336,30.0,821,2,traffic_signs,0.8003828525543213,1093.394287109375,600.4310913085938,1107.7733154296875,623.950439453125,1100.5838012695312,612.1907653808594,14.3790283203125,23.51934814453125
IMG_0028.mp4,1645,54.833333333333336,30.0,830,1,traffic_lights,0.5119328498840332,630.6653442382812,385.2785949707031,690.216796875,521.6002197265625,660.4410705566406,453.4394073486328,59.55145263671875,136.32162475585938
IMG_0028.mp4,1645,54.833333333333336,30.0,845,2,traffic_signs,0.7826337218284607,1681.35888671875,428.6235656738281,1714.9345703125,460.39898681640625,1698.146728515625,444.5112762451172,33.57568359375,31.775421142578125
IMG_0028.mp4,1645,54.833333333333336,30.0,860,2,traffic_signs,0.6765055656433105,0.055136166512966156,564.619873046875,12.309123039245605,589.1629638671875,6.182129602879286,576.8914184570312,12.25398687273264,24.5430908203125
IMG_0028.mp4,1645,54.833333333333336,30.0,805,1,traffic_lights,0.9075680375099182,976.36181640625,0.007033520843833685,1052.280029296875,25.13274574279785,1014.3209228515625,12.569889631820843,75.918212890625,25.125712221954018
IMG_0028.mp4,1645,54.833333333333336,30.0,883,2,traffic_signs,0.530040979385376,1190.704833984375,626.2640991210938,1201.0537109375,640.5758666992188,1195.8792724609375,633.4199829101562,10.348876953125,14.311767578125
IMG_0028.mp4,1645,54.833333333333336,30.0,851,1,traffic_lights,0.7498114109039307,1559.1390380859375,442.647705078125,1587.0927734375,486.0865783691406,1573.1159057617188,464.3671417236328,27.9537353515625,43.438873291015625
IMG_0028.mp4,1646,54.86666666666667,30.0,797,2,traffic_signs,0.938453733921051,1655.3450927734375,333.8664855957031,1748.17236328125,418.51812744140625,1701.7587280273438,376.1923065185547,92.8272705078125,84.65164184570312
IMG_0028.mp4,1646,54.86666666666667,30.0,821,2,traffic_signs,0.5819992423057556,1093.4013671875,600.5765380859375,1107.76171875,623.9383544921875,1100.58154296875,612.2574462890625,14.3603515625,23.36181640625
IMG_0028.mp4,1646,54.86666666666667,30.0,830,1,traffic_lights,0.7385602593421936,628.965576171875,383.8373718261719,689.09375,520.5572509765625,659.0296630859375,452.1973114013672,60.128173828125,136.71987915039062
IMG_0028.mp4,1646,54.86666666666667,30.0,845,2,traffic_signs,0.761662483215332,1682.712158203125,428.22686767578125,1716.6002197265625,459.8966979980469,1699.6561889648438,444.06178283691406,33.8880615234375,31.669830322265625
IMG_0028.mp4,1646,54.86666666666667,30.0,860,2,traffic_signs,0.3530673086643219,0.0,564.7506713867188,11.377517700195312,588.6648559570312,5.688758850097656,576.707763671875,11.377517700195312,23.9141845703125
IMG_0028.mp4,1646,54.86666666666667,30.0,805,1,traffic_lights,0.8931732177734375,976.01025390625,0.0,1052.010498046875,23.876991271972656,1014.0103759765625,11.938495635986328,76.000244140625,23.876991271972656
IMG_0028.mp4,1646,54.86666666666667,30.0,883,2,traffic_signs,0.5192846655845642,1190.7855224609375,626.4791870117188,1200.8001708984375,640.510009765625,1195.7928466796875,633.4945983886719,10.0146484375,14.03082275390625
IMG_0028.mp4,1646,54.86666666666667,30.0,851,1,traffic_lights,0.7099261283874512,1559.4302978515625,442.48236083984375,1587.5574951171875,485.9835510253906,1573.493896484375,464.2329559326172,28.127197265625,43.501190185546875
IMG_0028.mp4,1647,54.9,30.0,797,2,traffic_signs,0.9399527907371521,1656.4268798828125,333.1639404296875,1749.404296875,417.6294860839844,1702.9155883789062,375.39671325683594,92.9774169921875,84.46554565429688
IMG_0028.mp4,1647,54.9,30.0,821,2,traffic_signs,0.6014143824577332,1093.4814453125,600.6282348632812,1107.746826171875,623.829833984375,1100.6141357421875,612.2290344238281,14.265380859375,23.20159912109375
IMG_0028.mp4,1647,54.9,30.0,830,1,traffic_lights,0.7929370403289795,627.1339721679688,383.5761413574219,687.4747924804688,520.138671875,657.3043823242188,451.85740661621094,60.3408203125,136.56253051757812
IMG_0028.mp4,1647,54.9,30.0,845,2,traffic_signs,0.5590497851371765,1684.2723388671875,427.87103271484375,1717.23193359375,458.9913330078125,1700.7521362304688,443.4311828613281,32.9595947265625,31.12030029296875
IMG_0028.mp4,1647,54.9,30.0,805,1,traffic_lights,0.86036616563797,975.6670532226562,0.013725723139941692,1052.0770263671875,22.72993278503418,1013.8720397949219,11.37182925408706,76.40997314453125,22.716207061894238
IMG_0028.mp4,1647,54.9,30.0,883,2,traffic_signs,0.43699976801872253,1190.6783447265625,626.4495849609375,1200.7044677734375,640.5242309570312,1195.69140625,633.4869079589844,10.026123046875,14.07464599609375
IMG_0028.mp4,1647,54.9,30.0,851,1,traffic_lights,0.7419142127037048,1559.494384765625,442.1532287597656,1587.854248046875,485.8359069824219,1573.67431640625,463.99456787109375,28.35986328125,43.68267822265625
IMG_0028.mp4,1647,54.9,30.0,885,2,traffic_signs,0.419112890958786,1093.1895751953125,600.3486938476562,1107.49072265625,624.0631713867188,1100.3401489257812,612.2059326171875,14.3011474609375,23.7144775390625
IMG_0028.mp4,1648,54.93333333333333,30.0,797,2,traffic_signs,0.9426996111869812,1657.691162109375,332.6374816894531,1751.068603515625,417.42474365234375,1704.3798828125,375.03111267089844,93.37744140625,84.78726196289062
IMG_0028.mp4,1648,54.93333333333333,30.0,821,2,traffic_signs,0.43870627880096436,1093.382568359375,600.6121215820312,1107.8131103515625,623.90478515625,1100.5978393554688,612.2584533691406,14.4305419921875,23.29266357421875
IMG_0028.mp4,1648,54.93333333333333,30.0,830,1,traffic_lights,0.6440042853355408,626.3674926757812,382.2216796875,686.5302734375,519.7071533203125,656.4488830566406,450.96441650390625,60.16278076171875,137.4854736328125
IMG_0028.mp4,1648,54.93333333333333,30.0,845,2,traffic_signs,0.6193856000900269,1685.2415771484375,427.20977783203125,1718.611083984375,458.7506408691406,1701.9263305664062,442.98020935058594,33.3695068359375,31.540863037109375
IMG_0028.mp4,1648,54.93333333333333,30.0,805,1,traffic_lights,0.861075758934021,974.7125244140625,0.13451921939849854,1052.6656494140625,21.60420799255371,1013.6890869140625,10.869363605976105,77.953125,21.469688773155212
IMG_0028.mp4,1648,54.93333333333333,30.0,883,2,traffic_signs,0.5305217504501343,1190.6884765625,626.5880126953125,1200.721923828125,640.6279296875,1195.7052001953125,633.6079711914062,10.033447265625,14.0399169921875
IMG_0028.mp4,1648,54.93333333333333,30.0,851,1,traffic_lights,0.7095034718513489,1559.982666015625,441.8722839355469,1588.118408203125,485.8690185546875,1574.050537109375,463.8706512451172,28.1357421875,43.996734619140625
IMG_0028.mp4,1648,54.93333333333333,30.0,885,2,traffic_signs,0.49374330043792725,1093.0487060546875,600.2601318359375,1107.562744140625,624.17724609375,1100.3057250976562,612.2186889648438,14.5140380859375,23.9171142578125
IMG_0028.mp4,1648,54.93333333333333,30.0,860,2,traffic_signs,0.38001585006713867,0.0,565.2428588867188,10.455755233764648,588.2261962890625,5.227877616882324,576.7345275878906,10.455755233764648,22.98333740234375
IMG_0028.mp4,1649,54.96666666666667,30.0,797,2,traffic_signs,0.9436811208724976,1658.77880859375,331.9250183105469,1752.6966552734375,417.46533203125,1705.7377319335938,374.69517517089844,93.9178466796875,85.54031372070312
IMG_0028.mp4,1649,54.96666666666667,30.0,830,1,traffic_lights,0.3589112162590027,625.780517578125,381.0172119140625,685.43017578125,519.0691528320312,655.6053466796875,450.0431823730469,59.649658203125,138.05194091796875
IMG_0028.mp4,1649,54.96666666666667,30.0,845,2,traffic_signs,0.7890351414680481,1686.403564453125,426.50958251953125,1720.0472412109375,458.1191101074219,1703.2254028320312,442.31434631347656,33.6436767578125,31.609527587890625
IMG_0028.mp4,1649,54.96666666666667,30.0,805,1,traffic_lights,0.8614327311515808,974.1373291015625,0.03365382179617882,1053.075927734375,20.719356536865234,1013.6066284179688,10.376505179330707,78.9385986328125,20.685702715069056
IMG_0028.mp4,1649,54.96666666666667,30.0,883,2,traffic_signs,0.5664162635803223,1190.615966796875,626.5870361328125,1200.797607421875,640.5026245117188,1195.706787109375,633.5448303222656,10.181640625,13.91558837890625
IMG_0028.mp4,1649,54.96666666666667,30.0,851,1,traffic_lights,0.7045066952705383,1560.24609375,441.7481384277344,1588.1873779296875,485.7938232421875,1574.2167358398438,463.77098083496094,27.9412841796875,44.045684814453125
IMG_0028.mp4,1649,54.96666666666667,30.0,860,2,traffic_signs,0.44777581095695496,0.0,565.5460205078125,10.16546630859375,587.9442749023438,5.082733154296875,576.7451477050781,10.16546630859375,22.39825439453125
IMG_0028.mp4,1650,55.0,30.0,797,2,traffic_signs,0.9443254470825195,1659.743896484375,331.3203430175781,1754.14013671875,416.83062744140625,1706.9420166015625,374.0754852294922,94.396240234375,85.51028442382812
IMG_0028.mp4,1650,55.0,30.0,845,2,traffic_signs,0.6528637409210205,1687.82177734375,425.8203430175781,1720.9107666015625,456.7760925292969,1704.3662719726562,441.2982177734375,33.0889892578125,30.95574951171875
IMG_0028.mp4,1650,55.0,30.0,805,1,traffic_lights,0.8427131772041321,973.2432861328125,0.0,1053.56201171875,20.11921501159668,1013.4026489257812,10.05960750579834,80.3187255859375,20.11921501159668
IMG_0028.mp4,1650,55.0,30.0,883,2,traffic_signs,0.4642295241355896,1190.428955078125,626.5697631835938,1200.7303466796875,640.3072509765625,1195.5796508789062,633.4385070800781,10.3013916015625,13.73748779296875
IMG_0028.mp4,1650,55.0,30.0,851,1,traffic_lights,0.7114238739013672,1560.5274658203125,441.5558776855469,1588.346435546875,485.39129638671875,1574.4369506835938,463.4735870361328,27.8189697265625,43.835418701171875
IMG_0028.mp4,1650,55.0,30.0,860,2,traffic_signs,0.4581746459007263,0.0,565.7913208007812,9.634345054626465,587.3765258789062,4.817172527313232,576.5839233398438,9.634345054626465,21.585205078125
IMG_0028.mp4,1650,55.0,30.0,821,2,traffic_signs,0.7805156707763672,1092.9344482421875,600.330322265625,1107.56396484375,624.4246826171875,1100.2492065429688,612.3775024414062,14.6295166015625,24.0943603515625
IMG_0028.mp4,1651,55.03333333333333,30.0,797,2,traffic_signs,0.9441059827804565,1660.5611572265625,330.8892822265625,1755.4500732421875,416.71099853515625,1708.005615234375,373.8001403808594,94.888916015625,85.82171630859375
IMG_0028.mp4,1651,55.03333333333333,30.0,845,2,traffic_signs,0.7912847995758057,1688.6402587890625,424.7427062988281,1722.593505859375,456.7716369628906,1705.6168823242188,440.7571716308594,33.9532470703125,32.0289306640625
IMG_0028.mp4,1651,55.03333333333333,30.0,805,1,traffic_lights,0.8411956429481506,972.8927001953125,0.0,1053.7391357421875,19.175378799438477,1013.31591796875,9.587689399719238,80.846435546875,19.175378799438477
IMG_0028.mp4,1651,55.03333333333333,30.0,883,2,traffic_signs,0.5429269671440125,1190.4085693359375,626.6731567382812,1200.7962646484375,640.2619018554688,1195.6024169921875,633.467529296875,10.3876953125,13.5887451171875
IMG_0028.mp4,1651,55.03333333333333,30.0,851,1,traffic_lights,0.6275128722190857,1561.0382080078125,441.4982604980469,1588.4189453125,485.22955322265625,1574.7285766601562,463.36390686035156,27.3807373046875,43.731292724609375
IMG_0028.mp4,1651,55.03333333333333,30.0,860,2,traffic_signs,0.4899877607822418,0.0,566.0733642578125,9.1961088180542,587.0128784179688,4.5980544090271,576.5431213378906,9.1961088180542,20.93951416015625
IMG_0028.mp4,1651,55.03333333333333,30.0,821,2,traffic_signs,0.8301845192909241,1092.6885986328125,600.246337890625,1107.533447265625,624.7191162109375,1100.1110229492188,612.4827270507812,14.8448486328125,24.4727783203125
IMG_0028.mp4,1651,55.03333333333333,30.0,830,1,traffic_lights,0.26735183596611023,625.0525512695312,379.8912658691406,684.2622680664062,517.5082397460938,654.6574096679688,448.6997528076172,59.209716796875,137.61697387695312
IMG_0028.mp4,1652,55.06666666666667,30.0,797,2,traffic_signs,0.9462776780128479,1661.7757568359375,330.50067138671875,1756.7454833984375,416.5413818359375,1709.2606201171875,373.5210266113281,94.9697265625,86.04071044921875
IMG_0028.mp4,1652,55.06666666666667,30.0,845,2,traffic_signs,0.8082555532455444,1689.6055908203125,424.21990966796875,1723.6187744140625,457.0833435058594,1706.6121826171875,440.65162658691406,34.01318359375,32.863433837890625
IMG_0028.mp4,1652,55.06666666666667,30.0,805,1,traffic_lights,0.8023354411125183,972.7119140625,0.011707022786140442,1053.7684326171875,18.160144805908203,1013.2401733398438,9.085925914347172,81.0565185546875,18.148437783122063
IMG_0028.mp4,1652,55.06666666666667,30.0,883,2,traffic_signs,0.5405243635177612,1190.479736328125,626.941162109375,1200.6729736328125,640.27197265625,1195.5763549804688,633.6065673828125,10.1932373046875,13.330810546875
IMG_0028.mp4,1652,55.06666666666667,30.0,851,1,traffic_lights,0.5864190459251404,1561.796142578125,441.4698486328125,1588.48779296875,485.2781982421875,1575.1419677734375,463.3740234375,26.691650390625,43.808349609375
IMG_0028.mp4,1652,55.06666666666667,30.0,860,2,traffic_signs,0.47496694326400757,0.0,566.558837890625,8.59478759765625,586.880615234375,4.297393798828125,576.7197265625,8.59478759765625,20.32177734375
IMG_0028.mp4,1652,55.06666666666667,30.0,821,2,traffic_signs,0.8260833024978638,1092.581298828125,600.464599609375,1107.3470458984375,624.9916381835938,1099.9641723632812,612.7281188964844,14.7657470703125,24.52703857421875
IMG_0028.mp4,1652,55.06666666666667,30.0,888,2,traffic_signs,0.4383508861064911,454.76300048828125,356.08160400390625,554.875244140625,454.9667663574219,504.8191223144531,405.52418518066406,100.11224365234375,98.88516235351562
IMG_0028.mp4,1653,55.1,30.0,797,2,traffic_signs,0.9489443302154541,1663.1768798828125,330.0078430175781,1758.0172119140625,415.7878723144531,1710.5970458984375,372.8978576660156,94.84033203125,85.780029296875
IMG_0028.mp4,1653,55.1,30.0,845,2,traffic_signs,0.8017584085464478,1690.9482421875,424.0985412597656,1724.32763671875,456.2532043457031,1707.637939453125,440.1758728027344,33.37939453125,32.1546630859375
IMG_0028.mp4,1653,55.1,30.0,805,1,traffic_lights,0.781360924243927,973.1799926757812,0.027089398354291916,1053.6044921875,16.808982849121094,1013.3922424316406,8.418036123737693,80.42449951171875,16.781893450766802
IMG_0028.mp4,1653,55.1,30.0,883,2,traffic_signs,0.5163151621818542,1190.6748046875,627.0496826171875,1200.4686279296875,640.3634643554688,1195.5717163085938,633.7065734863281,9.7938232421875,13.31378173828125
IMG_0028.mp4,1653,55.1,30.0,851,1,traffic_lights,0.6451033353805542,1561.5802001953125,441.387939453125,1588.6923828125,485.324951171875,1575.1362915039062,463.3564453125,27.1121826171875,43.93701171875
IMG_0028.mp4,1653,55.1,30.0,860,2,traffic_signs,0.4592357575893402,0.0,566.8742065429688,8.026863098144531,586.8046264648438,4.013431549072266,576.8394165039062,8.026863098144531,19.930419921875
IMG_0028.mp4,1653,55.1,30.0,821,2,traffic_signs,0.8235739469528198,1092.5897216796875,600.5540161132812,1107.329833984375,624.9608764648438,1099.9597778320312,612.7574462890625,14.7401123046875,24.4068603515625
IMG_0028.mp4,1653,55.1,30.0,888,2,traffic_signs,0.28674447536468506,453.6177062988281,355.34942626953125,555.3363037109375,461.9720153808594,504.4770050048828,408.6607208251953,101.71859741210938,106.62258911132812
IMG_0028.mp4,1654,55.13333333333333,30.0,797,2,traffic_signs,0.8559324741363525,1664.3883056640625,329.3673400878906,1759.224365234375,415.04559326171875,1711.8063354492188,372.2064666748047,94.8360595703125,85.67825317382812
IMG_0028.mp4,1654,55.13333333333333,30.0,845,2,traffic_signs,0.8154749870300293,1691.653564453125,423.6898193359375,1725.85595703125,456.2186279296875,1708.7547607421875,439.9542236328125,34.202392578125,32.52880859375
IMG_0028.mp4,1654,55.13333333333333,30.0,805,1,traffic_lights,0.8017297387123108,973.6513671875,0.04973425343632698,1053.195068359375,15.700927734375,1013.4232177734375,7.8753309939056635,79.543701171875,15.651193480938673
IMG_0028.mp4,1654,55.13333333333333,30.0,883,2,traffic_signs,0.5666258335113525,1190.878662109375,627.0820922851562,1200.489013671875,640.5247192382812,1195.683837890625,633.8034057617188,9.6103515625,13.442626953125
IMG_0028.mp4,1654,55.13333333333333,30.0,851,1,traffic_lights,0.600662887096405,1561.466064453125,441.3245849609375,1588.877685546875,485.3779602050781,1575.171875,463.3512725830078,27.41162109375,44.053375244140625
IMG_0028.mp4,1654,55.13333333333333,30.0,860,2,traffic_signs,0.3066227436065674,0.0,567.6454467773438,7.274294376373291,586.6578369140625,3.6371471881866455,577.1516418457031,7.274294376373291,19.01239013671875
IMG_0028.mp4,1654,55.13333333333333,30.0,821,2,traffic_signs,0.8307457566261292,1092.6468505859375,600.6123046875,1107.3446044921875,624.93603515625,1099.9957275390625,612.774169921875,14.69775390625,24.32373046875
IMG_0028.mp4,1654,55.13333333333333,30.0,888,2,traffic_signs,0.5608781576156616,452.82476806640625,355.0652160644531,551.6508178710938,457.93536376953125,502.23779296875,406.5002899169922,98.8260498046875,102.87014770507812
IMG_0028.mp4,1654,55.13333333333333,30.0,830,1,traffic_lights,0.31676027178764343,621.9296264648438,379.8777770996094,681.8768920898438,513.9793701171875,651.9032592773438,446.92857360839844,59.947265625,134.10159301757812
IMG_0028.mp4,1655,55.166666666666664,30.0,797,2,traffic_signs,0.9481905698776245,1665.3427734375,328.87261962890625,1760.8919677734375,414.8799743652344,1713.1173706054688,371.8762969970703,95.5491943359375,86.00735473632812
IMG_0028.mp4,1655,55.166666666666664,30.0,845,2,traffic_signs,0.7874838709831238,1692.28076171875,422.7749328613281,1727.2811279296875,455.5891418457031,1709.7809448242188,439.1820373535156,35.0003662109375,32.814208984375
IMG_0028.mp4,1655,55.166666666666664,30.0,805,1,traffic_lights,0.5052621960639954,972.9710083007812,0.012126564048230648,1052.8511962890625,14.864583969116211,1012.9111022949219,7.438355266582221,79.88018798828125,14.85245740506798
IMG_0028.mp4,1655,55.166666666666664,30.0,883,2,traffic_signs,0.5746260285377502,1190.95068359375,626.7550048828125,1200.3123779296875,640.4947509765625,1195.6315307617188,633.6248779296875,9.3616943359375,13.73974609375
IMG_0028.mp4,1655,55.166666666666664,30.0,851,1,traffic_lights,0.48587721586227417,1562.0400390625,440.9694519042969,1588.9632568359375,485.076904296875,1575.5016479492188,463.02317810058594,26.9232177734375,44.107452392578125
IMG_0028.mp4,1655,55.166666666666664,30.0,860,2,traffic_signs,0.2618686556816101,0.0,567.9085693359375,7.102837085723877,586.3060913085938,3.5514185428619385,577.1073303222656,7.102837085723877,18.39752197265625
IMG_0028.mp4,1655,55.166666666666664,30.0,821,2,traffic_signs,0.8233801126480103,1092.56201171875,600.614990234375,1107.3094482421875,624.8637084960938,1099.9357299804688,612.7393493652344,14.7474365234375,24.24871826171875
IMG_0028.mp4,1655,55.166666666666664,30.0,889,2,traffic_signs,0.423035591840744,635.5825805664062,381.86395263671875,671.2522583007812,416.59356689453125,653.4174194335938,399.228759765625,35.669677734375,34.7296142578125
IMG_0028.mp4,1656,55.2,30.0,797,2,traffic_signs,0.9531776905059814,1666.421630859375,328.4183044433594,1762.1395263671875,414.3441162109375,1714.2805786132812,371.38121032714844,95.7178955078125,85.92581176757812
IMG_0028.mp4,1656,55.2,30.0,845,2,traffic_signs,0.7011098861694336,1693.6480712890625,422.6012878417969,1728.4844970703125,454.7566223144531,1711.0662841796875,438.678955078125,34.83642578125,32.15533447265625
IMG_0028.mp4,1656,55.2,30.0,883,2,traffic_signs,0.558506190776825,1190.978271484375,626.702392578125,1200.2861328125,640.51513671875,1195.6322021484375,633.6087646484375,9.307861328125,13.812744140625
IMG_0028.mp4,1656,55.2,30.0,851,1,traffic_lights,0.4208585321903229,1562.359619140625,440.7783508300781,1588.9696044921875,485.0064392089844,1575.6646118164062,462.89239501953125,26.6099853515625,44.22808837890625
IMG_0028.mp4,1656,55.2,30.0,821,2,traffic_signs,0.8231782913208008,1092.500732421875,600.8070678710938,1107.2994384765625,624.8056640625,1099.9000854492188,612.8063659667969,14.7987060546875,23.99859619140625
IMG_0028.mp4,1657,55.233333333333334,30.0,797,2,traffic_signs,0.9512799382209778,1667.5301513671875,327.9037780761719,1763.0496826171875,414.2403869628906,1715.2899169921875,371.07208251953125,95.51953125,86.33660888671875
IMG_0028.mp4,1657,55.233333333333334,30.0,845,2,traffic_signs,0.7808091044425964,1694.812255859375,422.29058837890625,1729.52587890625,454.4742431640625,1712.1690673828125,438.3824157714844,34.713623046875,32.18365478515625
IMG_0028.mp4,1657,55.233333333333334,30.0,883,2,traffic_signs,0.5619572401046753,1191.0218505859375,626.747802734375,1200.2701416015625,640.561279296875,1195.64599609375,633.654541015625,9.248291015625,13.8134765625
IMG_0028.mp4,1657,55.233333333333334,30.0,851,1,traffic_lights,0.3286677896976471,1562.69873046875,440.5782165527344,1588.9931640625,485.0196533203125,1575.845947265625,462.79893493652344,26.29443359375,44.441436767578125
IMG_0028.mp4,1657,55.233333333333334,30.0,821,2,traffic_signs,0.817801833152771,1092.448486328125,600.9235229492188,1107.2142333984375,624.7449340820312,1099.8313598632812,612.834228515625,14.7657470703125,23.8214111328125
IMG_0028.mp4,1657,55.233333333333334,30.0,889,2,traffic_signs,0.3424552381038666,634.4281005859375,380.924072265625,669.2218627929688,415.98944091796875,651.8249816894531,398.4567565917969,34.79376220703125,35.06536865234375
IMG_0028.mp4,1658,55.266666666666666,30.0,797,2,traffic_signs,0.9524151682853699,1669.13232421875,327.1869201660156,1764.27783203125,413.4780578613281,1716.705078125,370.3324890136719,95.1455078125,86.2911376953125
IMG_0028.mp4,1658,55.266666666666666,30.0,845,2,traffic_signs,0.78755122423172,1696.117431640625,421.7914733886719,1730.54345703125,454.02813720703125,1713.3304443359375,437.90980529785156,34.426025390625,32.236663818359375
IMG_0028.mp4,1658,55.266666666666666,30.0,883,2,traffic_signs,0.49761059880256653,1190.94384765625,626.6448364257812,1200.0595703125,640.3993530273438,1195.501708984375,633.5220947265625,9.11572265625,13.7545166015625
IMG_0028.mp4,1658,55.266666666666666,30.0,851,1,traffic_lights,0.271868497133255,1562.919921875,440.4384460449219,1589.17626953125,484.9329833984375,1576.048095703125,462.6857147216797,26.25634765625,44.494537353515625
IMG_0028.mp4,1658,55.266666666666666,30.0,821,2,traffic_signs,0.8075574636459351,1092.3282470703125,600.9545288085938,1107.0628662109375,624.677001953125,1099.695556640625,612.8157653808594,14.734619140625,23.72247314453125
IMG_0028.mp4,1658,55.266666666666666,30.0,889,2,traffic_signs,0.2559921145439148,634.1736450195312,380.5528869628906,668.2955322265625,415.59100341796875,651.2345886230469,398.0719451904297,34.12188720703125,35.038116455078125
IMG_0028.mp4,1658,55.266666666666666,30.0,875,1,traffic_lights,0.329651415348053,81.4716796875,589.4943237304688,97.62936401367188,612.78759765625,89.55052185058594,601.1409606933594,16.157684326171875,23.29327392578125
IMG_0028.mp4,1658,55.266666666666666,30.0,830,1,traffic_lights,0.34757301211357117,619.3279418945312,377.3184814453125,678.9490966796875,511.6922912597656,649.1385192871094,444.50538635253906,59.62115478515625,134.37380981445312
IMG_0028.mp4,1659,55.3,30.0,797,2,traffic_signs,0.9239557385444641,1670.3426513671875,326.58941650390625,1765.3321533203125,412.72015380859375,1717.83740234375,369.65478515625,94.989501953125,86.1307373046875
IMG_0028.mp4,1659,55.3,30.0,845,2,traffic_signs,0.5988126397132874,1697.5074462890625,421.43353271484375,1731.5035400390625,453.33465576171875,1714.5054931640625,437.38409423828125,33.99609375,31.901123046875
IMG_0028.mp4,1659,55.3,30.0,883,2,traffic_signs,0.3800455331802368,1190.8294677734375,626.687255859375,1200.008544921875,640.2212524414062,1195.4190063476562,633.4542541503906,9.1790771484375,13.53399658203125
IMG_0028.mp4,1659,55.3,30.0,851,1,traffic_lights,0.34763702750205994,1562.7347412109375,440.3099060058594,1589.28271484375,484.93359375,1576.0087280273438,462.6217498779297,26.5479736328125,44.623687744140625
IMG_0028.mp4,1659,55.3,30.0,821,2,traffic_signs,0.7782415151596069,1092.344970703125,600.9671630859375,1106.8653564453125,624.72900390625,1099.6051635742188,612.8480834960938,14.5203857421875,23.7618408203125
IMG_0028.mp4,1659,55.3,30.0,830,1,traffic_lights,0.25627338886260986,619.1012573242188,376.9107971191406,678.3283081054688,511.36895751953125,648.7147827148438,444.13987731933594,59.22705078125,134.45816040039062
IMG_0028.mp4,1660,55.333333333333336,30.0,797,2,traffic_signs,0.9703731536865234,1670.72412109375,325.6017761230469,1766.2454833984375,412.32147216796875,1718.4848022460938,368.9616241455078,95.5213623046875,86.71969604492188
IMG_0028.mp4,1660,55.333333333333336,30.0,845,2,traffic_signs,0.5311281085014343,1698.1524658203125,420.30474853515625,1732.7813720703125,453.2193908691406,1715.4669189453125,436.76206970214844,34.62890625,32.914642333984375
IMG_0028.mp4,1660,55.333333333333336,30.0,883,2,traffic_signs,0.38914018869400024,1190.8953857421875,626.6832885742188,1200.064697265625,640.0150756835938,1195.4800415039062,633.3491821289062,9.1693115234375,13.331787109375
IMG_0028.mp4,1660,55.333333333333336,30.0,851,1,traffic_lights,0.3919912874698639,1563.0672607421875,440.17449951171875,1589.43994140625,484.9105529785156,1576.2536010742188,462.5425262451172,26.3726806640625,44.736053466796875
IMG_0028.mp4,1660,55.333333333333336,30.0,821,2,traffic_signs,0.7814990878105164,1092.331787109375,600.9461059570312,1106.85205078125,624.7371215820312,1099.5919189453125,612.8416137695312,14.520263671875,23.791015625
IMG_0028.mp4,1660,55.333333333333336,30.0,888,2,traffic_signs,0.2813262343406677,445.72064208984375,352.6676025390625,549.7398071289062,471.20184326171875,497.730224609375,411.9347229003906,104.0191650390625,118.53424072265625
IMG_0028.mp4,1661,55.36666666666667,30.0,797,2,traffic_signs,0.9654091596603394,1671.482421875,324.8204650878906,1767.1435546875,412.0957336425781,1719.31298828125,368.4580993652344,95.6611328125,87.2752685546875
IMG_0028.mp4,1661,55.36666666666667,30.0,845,2,traffic_signs,0.5522211194038391,1698.9188232421875,419.6439208984375,1733.9881591796875,453.1460266113281,1716.4534912109375,436.3949737548828,35.0693359375,33.502105712890625
IMG_0028.mp4,1661,55.36666666666667,30.0,883,2,traffic_signs,0.454513281583786,1190.83984375,626.9368896484375,1200.1341552734375,640.1959838867188,1195.4869995117188,633.5664367675781,9.2943115234375,13.25909423828125
IMG_0028.mp4,1661,55.36666666666667,30.0,851,1,traffic_lights,0.43672969937324524,1562.731201171875,440.2318420410156,1589.743896484375,484.9551696777344,1576.237548828125,462.593505859375,27.0126953125,44.72332763671875
IMG_0028.mp4,1661,55.36666666666667,30.0,821,2,traffic_signs,0.781789243221283,1092.128662109375,601.0172729492188,1106.8245849609375,624.8834838867188,1099.4766235351562,612.9503784179688,14.6959228515625,23.8662109375
IMG_0028.mp4,1661,55.36666666666667,30.0,889,2,traffic_signs,0.3140838146209717,632.8934936523438,379.9421691894531,666.9921264648438,413.5129699707031,649.9428100585938,396.7275695800781,34.0986328125,33.57080078125
IMG_0028.mp4,1662,55.4,30.0,797,2,traffic_signs,0.961564838886261,1672.2977294921875,324.01666259765625,1768.2640380859375,411.6094970703125,1720.2808837890625,367.8130798339844,95.96630859375,87.59283447265625
IMG_0028.mp4,1662,55.4,30.0,845,2,traffic_signs,0.5578582286834717,1700.3338623046875,419.2476806640625,1734.5377197265625,452.411376953125,1717.435791015625,435.82952880859375,34.203857421875,33.1636962890625
IMG_0028.mp4,1662,55.4,30.0,883,2,traffic_signs,0.2855013906955719,1190.6541748046875,627.0969848632812,1199.96875,640.0938110351562,1195.3114624023438,633.5953979492188,9.3145751953125,12.996826171875
IMG_0028.mp4,1662,55.4,30.0,851,1,traffic_lights,0.33233630657196045,1562.704833984375,440.21832275390625,1590.0052490234375,484.98516845703125,1576.3550415039062,462.60174560546875,27.3004150390625,44.766845703125
IMG_0028.mp4,1662,55.4,30.0,821,2,traffic_signs,0.7876225113868713,1091.9656982421875,601.0825805664062,1106.7296142578125,624.7981567382812,1099.34765625,612.9403686523438,14.763916015625,23.715576171875
IMG_0028.mp4,1662,55.4,30.0,889,2,traffic_signs,0.2712900638580322,631.92626953125,379.48797607421875,665.9840698242188,412.76849365234375,648.9551696777344,396.12823486328125,34.05780029296875,33.280517578125
IMG_0028.mp4,1662,55.4,30.0,830,1,traffic_lights,0.7020275592803955,617.3842163085938,376.34429931640625,677.2990112304688,510.29364013671875,647.3416137695312,443.3189697265625,59.914794921875,133.9493408203125
IMG_0028.mp4,1663,55.43333333333333,30.0,797,2,traffic_signs,0.9594550132751465,1673.02685546875,323.11541748046875,1769.205078125,411.048583984375,1721.115966796875,367.0820007324219,96.17822265625,87.93316650390625
IMG_0028.mp4,1663,55.43333333333333,30.0,845,2,traffic_signs,0.568322479724884,1700.797607421875,418.16912841796875,1735.541259765625,452.34698486328125,1718.16943359375,435.258056640625,34.74365234375,34.1778564453125
IMG_0028.mp4,1663,55.43333333333333,30.0,851,1,traffic_lights,0.3981609642505646,1562.4989013671875,439.98095703125,1590.3214111328125,484.8299560546875,1576.41015625,462.40545654296875,27.822509765625,44.8489990234375
IMG_0028.mp4,1663,55.43333333333333,30.0,821,2,traffic_signs,0.7728229761123657,1091.9200439453125,600.89794921875,1106.674072265625,624.7623901367188,1099.2970581054688,612.8301696777344,14.7540283203125,23.86444091796875
IMG_0028.mp4,1663,55.43333333333333,30.0,889,2,traffic_signs,0.5190125703811646,631.7081298828125,379.1148376464844,665.8117065429688,412.0755920410156,648.7599182128906,395.59521484375,34.10357666015625,32.96075439453125
IMG_0028.mp4,1663,55.43333333333333,30.0,830,1,traffic_lights,0.612820029258728,616.5113525390625,376.3585510253906,676.9979858398438,510.3062744140625,646.7546691894531,443.33241271972656,60.48663330078125,133.94772338867188
IMG_0028.mp4,1664,55.46666666666667,30.0,797,2,traffic_signs,0.9568524956703186,1674.245849609375,322.1054382324219,1770.5465087890625,410.5393371582031,1722.3961791992188,366.3223876953125,96.3006591796875,88.43389892578125
IMG_0028.mp4,1664,55.46666666666667,30.0,845,2,traffic_signs,0.43450674414634705,1702.3856201171875,417.6033630371094,1737.0001220703125,452.31658935546875,1719.69287109375,434.95997619628906,34.614501953125,34.713226318359375
IMG_0028.mp4,1664,55.46666666666667,30.0,851,1,traffic_lights,0.37447142601013184,1562.630859375,439.6369934082031,1590.7095947265625,484.68890380859375,1576.6702270507812,462.16294860839844,28.0787353515625,45.051910400390625
IMG_0028.mp4,1664,55.46666666666667,30.0,821,2,traffic_signs,0.8010827302932739,1091.953125,600.8164672851562,1106.78076171875,624.7031860351562,1099.366943359375,612.7598266601562,14.82763671875,23.88671875
IMG_0028.mp4,1664,55.46666666666667,30.0,889,2,traffic_signs,0.6291311383247375,631.3963623046875,378.1636962890625,665.3709716796875,411.4472961425781,648.3836669921875,394.8054962158203,33.974609375,33.283599853515625
IMG_0028.mp4,1664,55.46666666666667,30.0,830,1,traffic_lights,0.6205335855484009,616.1609497070312,375.6878967285156,676.5714111328125,509.94500732421875,646.3661804199219,442.8164520263672,60.41046142578125,134.25711059570312
IMG_0028.mp4,1665,55.5,30.0,797,2,traffic_signs,0.9559311270713806,1675.1737060546875,321.4988098144531,1771.5701904296875,410.3838806152344,1723.3719482421875,365.94134521484375,96.396484375,88.88507080078125
IMG_0028.mp4,1665,55.5,30.0,851,1,traffic_lights,0.25634220242500305,1562.750244140625,439.6015625,1590.5830078125,484.8307800292969,1576.6666259765625,462.21617126464844,27.832763671875,45.229217529296875
IMG_0028.mp4,1665,55.5,30.0,821,2,traffic_signs,0.7848353385925293,1091.7947998046875,600.8002319335938,1106.6414794921875,624.775634765625,1099.2181396484375,612.7879333496094,14.8466796875,23.97540283203125
IMG_0028.mp4,1665,55.5,30.0,889,2,traffic_signs,0.36626702547073364,631.1295776367188,378.1982727050781,664.33642578125,410.3744812011719,647.7330017089844,394.286376953125,33.20684814453125,32.17620849609375
IMG_0028.mp4,1665,55.5,30.0,830,1,traffic_lights,0.8454805016517639,615.7001342773438,375.97283935546875,676.2000732421875,509.5754699707031,645.9501037597656,442.77415466308594,60.49993896484375,133.60263061523438
IMG_0028.mp4,1666,55.53333333333333,30.0,797,2,traffic_signs,0.9550222754478455,1675.6934814453125,321.0973815917969,1772.730224609375,410.0416259765625,1724.2118530273438,365.5695037841797,97.0367431640625,88.94424438476562
IMG_0028.mp4,1666,55.53333333333333,30.0,851,1,traffic_lights,0.3295848071575165,1562.727783203125,439.6624450683594,1590.8331298828125,484.82769775390625,1576.7804565429688,462.2450714111328,28.1053466796875,45.165252685546875
IMG_0028.mp4,1666,55.53333333333333,30.0,821,2,traffic_signs,0.7823407649993896,1091.7236328125,600.8076171875,1106.552978515625,624.761474609375,1099.1383056640625,612.7845458984375,14.829345703125,23.953857421875
IMG_0028.mp4,1666,55.53333333333333,30.0,889,2,traffic_signs,0.3557261526584625,630.2389526367188,377.89666748046875,663.8765869140625,410.2278747558594,647.0577697753906,394.06227111816406,33.63763427734375,32.331207275390625
IMG_0028.mp4,1666,55.53333333333333,30.0,830,1,traffic_lights,0.8183996677398682,615.2665405273438,375.5837097167969,675.73583984375,509.24407958984375,645.5011901855469,442.4138946533203,60.46929931640625,133.66036987304688
IMG_0028.mp4,1666,55.53333333333333,30.0,845,2,traffic_signs,0.4807862341403961,1704.4447021484375,417.1691589355469,1740.032958984375,451.710205078125,1722.2388305664062,434.43968200683594,35.5882568359375,34.541046142578125
IMG_0028.mp4,1667,55.56666666666667,30.0,797,2,traffic_signs,0.95416259765625,1676.3746337890625,320.38336181640625,1773.53759765625,409.4781494140625,1724.9561157226562,364.9307556152344,97.1629638671875,89.09478759765625
IMG_0028.mp4,1667,55.56666666666667,30.0,851,1,traffic_lights,0.472398042678833,1562.611328125,439.5921936035156,1590.9945068359375,484.7439270019531,1576.8029174804688,462.1680603027344,28.3831787109375,45.1517333984375
IMG_0028.mp4,1667,55.56666666666667,30.0,821,2,traffic_signs,0.7822842597961426,1091.6209716796875,600.7093505859375,1106.466552734375,624.683349609375,1099.0437622070312,612.6963500976562,14.8455810546875,23.9739990234375
IMG_0028.mp4,1667,55.56666666666667,30.0,889,2,traffic_signs,0.35399600863456726,629.658203125,377.0257263183594,663.3801879882812,409.88372802734375,646.5191955566406,393.45472717285156,33.72198486328125,32.858001708984375
IMG_0028.mp4,1667,55.56666666666667,30.0,830,1,traffic_lights,0.639694094657898,614.3094482421875,374.53466796875,675.1680297851562,509.1894836425781,644.7387390136719,441.86207580566406,60.85858154296875,134.65481567382812
IMG_0028.mp4,1667,55.56666666666667,30.0,845,2,traffic_signs,0.4128647446632385,1705.4351806640625,416.872314453125,1740.897216796875,451.308837890625,1723.1661987304688,434.090576171875,35.4620361328125,34.4365234375
IMG_0028.mp4,1668,55.6,30.0,797,2,traffic_signs,0.953168511390686,1677.059326171875,320.0509033203125,1774.255859375,409.1069641113281,1725.6575927734375,364.5789337158203,97.196533203125,89.05606079101562
IMG_0028.mp4,1668,55.6,30.0,851,1,traffic_lights,0.44581910967826843,1562.62451171875,439.5947570800781,1590.9659423828125,484.8878479003906,1576.7952270507812,462.2413024902344,28.3414306640625,45.2930908203125
IMG_0028.mp4,1668,55.6,30.0,821,2,traffic_signs,0.7910252809524536,1091.5421142578125,600.7371215820312,1106.4710693359375,624.7344970703125,1099.006591796875,612.7358093261719,14.928955078125,23.99737548828125
IMG_0028.mp4,1668,55.6,30.0,889,2,traffic_signs,0.34491464495658875,629.8804321289062,377.36700439453125,662.6444091796875,408.99090576171875,646.2624206542969,393.178955078125,32.76397705078125,31.6239013671875
IMG_0028.mp4,1668,55.6,30.0,830,1,traffic_lights,0.536463737487793,613.8116455078125,374.5580749511719,674.7413330078125,509.02056884765625,644.2764892578125,441.78932189941406,60.9296875,134.46249389648438
IMG_0028.mp4,1669,55.63333333333333,30.0,797,2,traffic_signs,0.9526074528694153,1677.5223388671875,319.6839599609375,1775.0079345703125,408.851318359375,1726.26513671875,364.26763916015625,97.485595703125,89.1673583984375
IMG_0028.mp4,1669,55.63333333333333,30.0,851,1,traffic_lights,0.427448570728302,1562.649658203125,439.5165710449219,1590.8905029296875,484.9077453613281,1576.7700805664062,462.212158203125,28.2408447265625,45.39117431640625
IMG_0028.mp4,1669,55.63333333333333,30.0,821,2,traffic_signs,0.8080630898475647,1091.411865234375,600.67236328125,1106.486328125,624.7324829101562,1098.9490966796875,612.7024230957031,15.074462890625,24.06011962890625
IMG_0028.mp4,1669,55.63333333333333,30.0,889,2,traffic_signs,0.2813524901866913,629.271728515625,376.78045654296875,662.6406860351562,409.2862243652344,645.9562072753906,393.03334045410156,33.36895751953125,32.505767822265625
IMG_0028.mp4,1669,55.63333333333333,30.0,830,1,traffic_lights,0.6478058695793152,612.9551391601562,374.147216796875,674.299072265625,508.4483947753906,643.6271057128906,441.2978057861328,61.34393310546875,134.30117797851562
IMG_0028.mp4,1669,55.63333333333333,30.0,883,2,traffic_signs,0.3861704170703888,1190.2647705078125,627.4484252929688,1200.1390380859375,640.2123413085938,1195.201904296875,633.8303833007812,9.874267578125,12.763916015625
IMG_0028.mp4,1669,55.63333333333333,30.0,845,2,traffic_signs,0.4716443419456482,1706.8056640625,416.4900207519531,1741.890625,450.6513671875,1724.34814453125,433.57069396972656,35.0849609375,34.161346435546875
IMG_0028.mp4,1670,55.666666666666664,30.0,797,2,traffic_signs,0.9526136517524719,1678.125,319.5437927246094,1775.9547119140625,408.7186584472656,1727.0398559570312,364.1312255859375,97.8297119140625,89.17486572265625
IMG_0028.mp4,1670,55.666666666666664,30.0,851,1,traffic_lights,0.35674992203712463,1562.727783203125,439.50665283203125,1590.74267578125,484.9549865722656,1576.7352294921875,462.23081970214844,28.014892578125,45.448333740234375
IMG_0028.mp4,1670,55.666666666666664,30.0,821,2,traffic_signs,0.8204584717750549,1091.2901611328125,600.6411743164062,1106.6009521484375,624.76416015625,1098.945556640625,612.7026672363281,15.310791015625,24.12298583984375
IMG_0028.mp4,1670,55.666666666666664,30.0,830,1,traffic_lights,0.7776013612747192,612.35498046875,373.6714782714844,674.0599365234375,507.7873840332031,643.2074584960938,440.72943115234375,61.7049560546875,134.11590576171875
IMG_0028.mp4,1670,55.666666666666664,30.0,883,2,traffic_signs,0.4618157148361206,1190.015869140625,627.4078979492188,1200.1138916015625,640.2159423828125,1195.0648803710938,633.8119201660156,10.0980224609375,12.80804443359375
IMG_0028.mp4,1670,55.666666666666664,30.0,845,2,traffic_signs,0.5488501191139221,1707.274169921875,416.3717346191406,1742.57470703125,450.35113525390625,1724.9244384765625,433.36143493652344,35.300537109375,33.979400634765625
IMG_0028.mp4,1671,55.7,30.0,797,2,traffic_signs,0.9534434676170349,1678.7462158203125,319.22149658203125,1776.9051513671875,408.4847412109375,1727.82568359375,363.8531188964844,98.158935546875,89.26324462890625
IMG_0028.mp4,1671,55.7,30.0,851,1,traffic_lights,0.36730730533599854,1562.8017578125,439.4757385253906,1590.702880859375,484.8638610839844,1576.7523193359375,462.1697998046875,27.901123046875,45.38812255859375
IMG_0028.mp4,1671,55.7,30.0,821,2,traffic_signs,0.8201890587806702,1091.2392578125,600.6246337890625,1106.70947265625,624.7763671875,1098.974365234375,612.7005004882812,15.47021484375,24.1517333984375
IMG_0028.mp4,1671,55.7,30.0,830,1,traffic_lights,0.8272825479507446,612.25634765625,373.28216552734375,673.7103881835938,507.0901794433594,642.9833679199219,440.18617248535156,61.45404052734375,133.80801391601562
IMG_0028.mp4,1671,55.7,30.0,883,2,traffic_signs,0.5145575404167175,1189.703369140625,627.5,1200.1669921875,640.4151611328125,1194.9351806640625,633.9575805664062,10.463623046875,12.9151611328125
IMG_0028.mp4,1672,55.733333333333334,30.0,797,2,traffic_signs,0.9536885023117065,1679.431396484375,319.10076904296875,1777.69091796875,408.5335693359375,1728.5611572265625,363.8171691894531,98.259521484375,89.43280029296875
IMG_0028.mp4,1672,55.733333333333334,30.0,851,1,traffic_lights,0.3418777883052826,1562.7508544921875,439.5545349121094,1590.6500244140625,484.9276123046875,1576.700439453125,462.24107360839844,27.899169921875,45.373077392578125
IMG_0028.mp4,1672,55.733333333333334,30.0,821,2,traffic_signs,0.8126490712165833,1091.223876953125,600.6246948242188,1106.7662353515625,624.8303833007812,1098.9950561523438,612.7275390625,15.5423583984375,24.2056884765625
IMG_0028.mp4,1672,55.733333333333334,30.0,830,1,traffic_lights,0.7639694213867188,612.0625610351562,372.706298828125,673.2268676757812,506.8498840332031,642.6447143554688,439.77809143066406,61.164306640625,134.14358520507812
IMG_0028.mp4,1672,55.733333333333334,30.0,883,2,traffic_signs,0.5716643333435059,1189.5367431640625,627.4325561523438,1200.2996826171875,640.913330078125,1194.918212890625,634.1729431152344,10.762939453125,13.48077392578125
IMG_0028.mp4,1672,55.733333333333334,30.0,845,2,traffic_signs,0.5685084462165833,1708.72021484375,416.17181396484375,1743.99658203125,449.6719055175781,1726.3583984375,432.92185974121094,35.2763671875,33.500091552734375
IMG_0028.mp4,1673,55.766666666666666,30.0,797,2,traffic_signs,0.9536269307136536,1680.2862548828125,318.7269592285156,1778.202880859375,408.4327087402344,1729.2445678710938,363.579833984375,97.9166259765625,89.70574951171875
IMG_0028.mp4,1673,55.766666666666666,30.0,821,2,traffic_signs,0.8060619235038757,1091.263427734375,600.6636962890625,1106.659423828125,624.8187866210938,1098.96142578125,612.7412414550781,15.39599609375,24.15509033203125
IMG_0028.mp4,1673,55.766666666666666,30.0,830,1,traffic_lights,0.6054885983467102,612.0380249023438,372.3199768066406,672.7697143554688,506.38861083984375,642.4038696289062,439.3542938232422,60.731689453125,134.06863403320312
IMG_0028.mp4,1673,55.766666666666666,30.0,883,2,traffic_signs,0.5870676040649414,1189.57421875,627.2994384765625,1200.2757568359375,641.2658081054688,1194.9249877929688,634.2826232910156,10.7015380859375,13.96636962890625
IMG_0028.mp4,1673,55.766666666666666,30.0,890,1,traffic_lights,0.3442762792110443,76.42676544189453,589.099853515625,92.28339385986328,612.09375,84.3550796508789,600.5968017578125,15.85662841796875,22.993896484375
IMG_0028.mp4,1673,55.766666666666666,30.0,845,2,traffic_signs,0.5812088251113892,1709.13232421875,416.0547180175781,1744.5693359375,449.5126037597656,1726.850830078125,432.7836608886719,35.43701171875,33.4578857421875
IMG_0028.mp4,1674,55.8,30.0,797,2,traffic_signs,0.9531302452087402,1681.0482177734375,318.40869140625,1778.795654296875,408.0821838378906,1729.9219360351562,363.2454376220703,97.7474365234375,89.67349243164062
IMG_0028.mp4,1674,55.8,30.0,821,2,traffic_signs,0.8063862323760986,1091.18994140625,600.7191772460938,1106.6163330078125,624.80810546875,1098.9031372070312,612.7636413574219,15.4263916015625,24.08892822265625
IMG_0028.mp4,1674,55.8,30.0,830,1,traffic_lights,0.621213972568512,611.4034423828125,372.75634765625,671.7338256835938,506.1738586425781,641.5686340332031,439.46510314941406,60.33038330078125,133.41751098632812
IMG_0028.mp4,1674,55.8,30.0,883,2,traffic_signs,0.6339845061302185,1189.505126953125,627.2987670898438,1200.2266845703125,641.6517333984375,1194.8659057617188,634.4752502441406,10.7215576171875,14.35296630859375
IMG_0028.mp4,1674,55.8,30.0,845,2,traffic_signs,0.4455641508102417,1710.387451171875,415.6106262207031,1744.367919921875,448.106201171875,1727.377685546875,431.85841369628906,33.98046875,32.495574951171875
IMG_0028.mp4,1674,55.8,30.0,851,1,traffic_lights,0.2566526532173157,1562.872314453125,439.7061462402344,1590.57177734375,485.1081237792969,1576.7220458984375,462.4071350097656,27.699462890625,45.4019775390625
IMG_0028.mp4,1675,55.833333333333336,30.0,797,2,traffic_signs,0.9537326693534851,1681.561279296875,318.0243225097656,1779.4874267578125,408.0817565917969,1730.5243530273438,363.05303955078125,97.9261474609375,90.05743408203125
IMG_0028.mp4,1675,55.833333333333336,30.0,821,2,traffic_signs,0.806167721748352,1091.1810302734375,600.84521484375,1106.6492919921875,624.94970703125,1098.9151611328125,612.8974609375,15.46826171875,24.1044921875
IMG_0028.mp4,1675,55.833333333333336,30.0,830,1,traffic_lights,0.38138288259506226,611.8963012695312,371.9620361328125,671.6347045898438,506.0008239746094,641.7655029296875,438.98143005371094,59.7384033203125,134.03878784179688
IMG_0028.mp4,1675,55.833333333333336,30.0,883,2,traffic_signs,0.4529208242893219,1189.397216796875,627.521728515625,1200.0648193359375,642.3978271484375,1194.7310180664062,634.9597778320312,10.6676025390625,14.8760986328125
IMG_0028.mp4,1675,55.833333333333336,30.0,845,2,traffic_signs,0.5402582883834839,1710.7633056640625,415.1547546386719,1745.5828857421875,449.084228515625,1728.173095703125,432.11949157714844,34.819580078125,33.929473876953125
IMG_0028.mp4,1675,55.833333333333336,30.0,851,1,traffic_lights,0.3366372287273407,1563.0875244140625,439.94024658203125,1590.65478515625,485.3335876464844,1576.8711547851562,462.6369171142578,27.5672607421875,45.393341064453125
IMG_0028.mp4,1676,55.86666666666667,30.0,797,2,traffic_signs,0.9538012146949768,1682.17138671875,317.7524719238281,1780.3494873046875,407.90179443359375,1731.2604370117188,362.82713317871094,98.1781005859375,90.14932250976562
IMG_0028.mp4,1676,55.86666666666667,30.0,821,2,traffic_signs,0.7986464500427246,1091.2147216796875,600.8106689453125,1106.70263671875,624.9298095703125,1098.9586791992188,612.8702392578125,15.4879150390625,24.119140625
IMG_0028.mp4,1676,55.86666666666667,30.0,830,1,traffic_lights,0.31395193934440613,612.1574096679688,371.4512634277344,671.3674926757812,505.6492614746094,641.762451171875,438.5502624511719,59.2100830078125,134.197998046875
IMG_0028.mp4,1676,55.86666666666667,30.0,883,2,traffic_signs,0.4251116216182709,1189.1893310546875,628.1591186523438,1199.91650390625,642.9762573242188,1194.5529174804688,635.5676879882812,10.7271728515625,14.817138671875
IMG_0028.mp4,1676,55.86666666666667,30.0,845,2,traffic_signs,0.6751570701599121,1711.2431640625,414.8734436035156,1746.5875244140625,449.16033935546875,1728.9153442382812,432.0168914794922,35.3443603515625,34.286895751953125
IMG_0028.mp4,1676,55.86666666666667,30.0,891,2,traffic_signs,0.3585512042045593,1189.4356689453125,627.990478515625,1200.0184326171875,642.7254028320312,1194.72705078125,635.3579406738281,10.582763671875,14.73492431640625
IMG_0028.mp4,1676,55.86666666666667,30.0,892,1,traffic_lights,0.30496740341186523,611.6500854492188,371.9216003417969,670.765380859375,505.73321533203125,641.2077331542969,438.82740783691406,59.11529541015625,133.81161499023438
IMG_0028.mp4,1677,55.9,30.0,797,2,traffic_signs,0.9540278911590576,1682.515380859375,317.58746337890625,1781.1519775390625,408.088134765625,1731.8336791992188,362.8377990722656,98.6365966796875,90.50067138671875
IMG_0028.mp4,1677,55.9,30.0,821,2,traffic_signs,0.7558687925338745,1091.1629638671875,600.8506469726562,1106.5389404296875,624.9392700195312,1098.8509521484375,612.8949584960938,15.3759765625,24.088623046875
IMG_0028.mp4,1677,55.9,30.0,883,2,traffic_signs,0.4049058258533478,1189.1265869140625,628.5750122070312,1199.7279052734375,643.3870239257812,1194.42724609375,635.9810180664062,10.601318359375,14.81201171875
IMG_0028.mp4,1678,55.93333333333333,30.0,797,2,traffic_signs,0.9544413685798645,1682.99560546875,317.5785827636719,1781.664794921875,408.1044616699219,1732.3302001953125,362.8415222167969,98.669189453125,90.52587890625
IMG_0028.mp4,1678,55.93333333333333,30.0,821,2,traffic_signs,0.7575855255126953,1091.1473388671875,600.9878540039062,1106.39697265625,624.9649658203125,1098.7721557617188,612.9764099121094,15.2496337890625,23.97711181640625
IMG_0028.mp4,1678,55.93333333333333,30.0,830,1,traffic_lights,0.656082272529602,610.0969848632812,371.2789001464844,670.3526611328125,506.0410461425781,640.2248229980469,438.65997314453125,60.25567626953125,134.76214599609375
IMG_0028.mp4,1678,55.93333333333333,30.0,845,2,traffic_signs,0.6948552131652832,1711.9332275390625,414.4554138183594,1747.2218017578125,448.97747802734375,1729.5775146484375,431.71644592285156,35.28857421875,34.522064208984375
IMG_0028.mp4,1679,55.96666666666667,30.0,797,2,traffic_signs,0.9551887512207031,1683.4033203125,317.3695373535156,1782.0087890625,408.0940856933594,1732.7060546875,362.7318115234375,98.60546875,90.72454833984375
IMG_0028.mp4,1679,55.96666666666667,30.0,821,2,traffic_signs,0.7473230361938477,1090.9949951171875,600.8796997070312,1106.268798828125,625.0247192382812,1098.6318969726562,612.9522094726562,15.2738037109375,24.14501953125
IMG_0028.mp4,1679,55.96666666666667,30.0,830,1,traffic_lights,0.5519322752952576,609.6502075195312,370.9084167480469,669.978515625,505.9860534667969,639.8143615722656,438.4472351074219,60.32830810546875,135.07763671875
IMG_0028.mp4,1679,55.96666666666667,30.0,845,2,traffic_signs,0.6946903467178345,1711.953125,414.1396484375,1747.69091796875,448.7533874511719,1729.822021484375,431.44651794433594,35.73779296875,34.613739013671875
IMG_0028.mp4,1680,56.0,30.0,797,2,traffic_signs,0.9551932215690613,1683.731201171875,317.25,1782.2186279296875,408.04364013671875,1732.9749145507812,362.6468200683594,98.4874267578125,90.79364013671875
IMG_0028.mp4,1680,56.0,30.0,821,2,traffic_signs,0.7444555759429932,1091.0009765625,600.8282470703125,1106.2913818359375,625.0653076171875,1098.6461791992188,612.94677734375,15.2904052734375,24.237060546875
IMG_0028.mp4,1680,56.0,30.0,830,1,traffic_lights,0.6920211911201477,609.30615234375,371.22698974609375,669.8436279296875,505.94482421875,639.5748901367188,438.5859069824219,60.5374755859375,134.71783447265625
IMG_0028.mp4,1680,56.0,30.0,845,2,traffic_signs,0.5912575125694275,1712.9627685546875,414.3186340332031,1747.290771484375,447.9464416503906,1730.1267700195312,431.1325378417969,34.3280029296875,33.6278076171875
IMG_0028.mp4,1681,56.03333333333333,30.0,797,2,traffic_signs,0.955638587474823,1683.8565673828125,317.25323486328125,1782.41259765625,408.05413818359375,1733.1345825195312,362.6536865234375,98.5560302734375,90.8009033203125
IMG_0028.mp4,1681,56.03333333333333,30.0,821,2,traffic_signs,0.7368097305297852,1090.7650146484375,600.8595581054688,1106.2725830078125,625.2095947265625,1098.518798828125,613.0345764160156,15.507568359375,24.35003662109375
IMG_0028.mp4,1681,56.03333333333333,30.0,830,1,traffic_lights,0.4681882858276367,609.1177978515625,370.1183166503906,670.0847778320312,505.81512451171875,639.6012878417969,437.9667205810547,60.96697998046875,135.69680786132812
IMG_0028.mp4,1681,56.03333333333333,30.0,845,2,traffic_signs,0.6821028590202332,1713.011962890625,413.8352966308594,1747.7750244140625,448.57940673828125,1730.3934936523438,431.2073516845703,34.7630615234375,34.744110107421875
IMG_0028.mp4,1681,56.03333333333333,30.0,890,1,traffic_lights,0.32546037435531616,73.5115737915039,589.490478515625,90.21671295166016,612.6221923828125,81.86414337158203,601.0563354492188,16.70513916015625,23.1317138671875
IMG_0028.mp4,1682,56.06666666666667,30.0,797,2,traffic_signs,0.956303596496582,1683.8905029296875,317.25347900390625,1782.472412109375,408.1397399902344,1733.1814575195312,362.6966094970703,98.5819091796875,90.88626098632812
IMG_0028.mp4,1682,56.06666666666667,30.0,821,2,traffic_signs,0.7312381863594055,1090.61572265625,600.982666015625,1106.0511474609375,625.2625122070312,1098.3334350585938,613.1225891113281,15.4354248046875,24.27984619140625
IMG_0028.mp4,1682,56.06666666666667,30.0,830,1,traffic_lights,0.6398846507072449,608.5385131835938,370.1376953125,669.6206665039062,506.2548522949219,639.07958984375,438.19627380371094,61.0821533203125,136.11715698242188
IMG_0028.mp4,1682,56.06666666666667,30.0,845,2,traffic_signs,0.6766634583473206,1713.064208984375,413.6890869140625,1748.3975830078125,448.6563720703125,1730.7308959960938,431.1727294921875,35.3333740234375,34.96728515625
IMG_0028.mp4,1682,56.06666666666667,30.0,890,1,traffic_lights,0.342690646648407,73.5521469116211,589.4450073242188,90.24475860595703,612.587646484375,81.89845275878906,601.0163269042969,16.692611694335938,23.14263916015625
IMG_0028.mp4,1683,56.1,30.0,797,2,traffic_signs,0.957025945186615,1684.140869140625,317.1668395996094,1782.8311767578125,407.9684143066406,1733.4860229492188,362.567626953125,98.6903076171875,90.80157470703125
IMG_0028.mp4,1683,56.1,30.0,821,2,traffic_signs,0.7664520740509033,1090.5526123046875,601.0059204101562,1105.9124755859375,625.2626953125,1098.2325439453125,613.1343078613281,15.35986328125,24.25677490234375
IMG_0028.mp4,1683,56.1,30.0,830,1,traffic_lights,0.8331406116485596,608.0232543945312,370.43572998046875,669.49560546875,506.2312927246094,638.7594299316406,438.33351135253906,61.47235107421875,135.79556274414062
IMG_0028.mp4,1683,56.1,30.0,845,2,traffic_signs,0.6108577251434326,1713.7767333984375,414.0295715332031,1748.25390625,447.61053466796875,1731.0153198242188,430.82005310058594,34.4771728515625,33.580963134765625
IMG_0028.mp4,1683,56.1,30.0,890,1,traffic_lights,0.29293689131736755,73.49916076660156,589.3374633789062,90.15288543701172,612.6651000976562,81.82602310180664,601.0012817382812,16.653724670410156,23.32763671875
IMG_0028.mp4,1684,56.13333333333333,30.0,797,2,traffic_signs,0.9572879672050476,1684.058349609375,317.1927490234375,1782.838134765625,407.9577941894531,1733.4482421875,362.5752716064453,98.77978515625,90.76504516601562
IMG_0028.mp4,1684,56.13333333333333,30.0,821,2,traffic_signs,0.7948467135429382,1090.2662353515625,600.9857177734375,1105.7987060546875,625.3043823242188,1098.032470703125,613.1450500488281,15.532470703125,24.31866455078125
IMG_0028.mp4,1684,56.13333333333333,30.0,830,1,traffic_lights,0.7558090090751648,607.8178100585938,370.30718994140625,669.1768188476562,506.21795654296875,638.497314453125,438.2625732421875,61.3590087890625,135.9107666015625
IMG_0028.mp4,1684,56.13333333333333,30.0,845,2,traffic_signs,0.6847004294395447,1713.4356689453125,413.6981201171875,1748.84716796875,448.18267822265625,1731.1414184570312,430.9403991699219,35.4114990234375,34.48455810546875
IMG_0028.mp4,1684,56.13333333333333,30.0,890,1,traffic_lights,0.2983003854751587,73.36919403076172,589.3458862304688,89.89485931396484,612.8018188476562,81.63202667236328,601.0738525390625,16.525665283203125,23.4559326171875
IMG_0028.mp4,1684,56.13333333333333,30.0,851,1,traffic_lights,0.2732430398464203,1563.767578125,439.9910583496094,1590.7467041015625,485.26019287109375,1577.2571411132812,462.62562561035156,26.9791259765625,45.269134521484375
IMG_0028.mp4,1685,56.166666666666664,30.0,797,2,traffic_signs,0.957279622554779,1684.1102294921875,317.16595458984375,1782.97314453125,407.83721923828125,1733.5416870117188,362.5015869140625,98.8629150390625,90.6712646484375
IMG_0028.mp4,1685,56.166666666666664,30.0,821,2,traffic_signs,0.7670265436172485,1090.2314453125,600.9920654296875,1105.8304443359375,625.2197265625,1098.0309448242188,613.1058959960938,15.5989990234375,24.2276611328125
IMG_0028.mp4,1685,56.166666666666664,30.0,830,1,traffic_lights,0.5805842876434326,607.8342895507812,370.0804443359375,669.012939453125,506.1977844238281,638.4236145019531,438.1391143798828,61.17864990234375,136.11734008789062
IMG_0028.mp4,1685,56.166666666666664,30.0,845,2,traffic_signs,0.6686808466911316,1713.439697265625,413.6357727050781,1749.23583984375,448.39117431640625,1731.3377685546875,431.0134735107422,35.796142578125,34.755401611328125
IMG_0028.mp4,1685,56.166666666666664,30.0,890,1,traffic_lights,0.29644256830215454,73.27416229248047,589.3412475585938,89.92908477783203,612.6779174804688,81.60162353515625,601.0095825195312,16.654922485351562,23.336669921875
IMG_0028.mp4,1686,56.2,30.0,797,2,traffic_signs,0.9564436078071594,1684.0865478515625,317.2574462890625,1782.7926025390625,407.7583312988281,1733.4395751953125,362.5078887939453,98.7060546875,90.50088500976562
IMG_0028.mp4,1686,56.2,30.0,821,2,traffic_signs,0.7497550249099731,1090.2943115234375,600.865234375,1105.6815185546875,625.017578125,1097.9879150390625,612.94140625,15.38720703125,24.15234375
IMG_0028.mp4,1686,56.2,30.0,830,1,traffic_lights,0.7685573101043701,607.6370849609375,370.5439758300781,669.0184936523438,506.01641845703125,638.3277893066406,438.2801971435547,61.38140869140625,135.47244262695312
IMG_0028.mp4,1686,56.2,30.0,845,2,traffic_signs,0.6059203743934631,1713.7113037109375,413.86199951171875,1748.143310546875,447.6862487792969,1730.9273071289062,430.7741241455078,34.4320068359375,33.824249267578125
IMG_0028.mp4,1686,56.2,30.0,890,1,traffic_lights,0.25631365180015564,73.29935455322266,589.3308715820312,90.06539916992188,612.6234130859375,81.68237686157227,600.9771423339844,16.76604461669922,23.29254150390625
IMG_0028.mp4,1686,56.2,30.0,851,1,traffic_lights,0.3020395338535309,1563.502685546875,440.10406494140625,1590.779541015625,485.2111511230469,1577.14111328125,462.65760803222656,27.27685546875,45.107086181640625
IMG_0028.mp4,1687,56.233333333333334,30.0,797,2,traffic_signs,0.9565454721450806,1684.10986328125,317.41827392578125,1782.8818359375,407.9671325683594,1733.495849609375,362.6927032470703,98.77197265625,90.54885864257812
IMG_0028.mp4,1687,56.233333333333334,30.0,821,2,traffic_signs,0.77556312084198,1090.500732421875,600.9152221679688,1105.7767333984375,625.1181640625,1098.1387329101562,613.0166931152344,15.2760009765625,24.20294189453125
IMG_0028.mp4,1687,56.233333333333334,30.0,830,1,traffic_lights,0.5361832976341248,607.5463256835938,370.4180603027344,668.9548950195312,506.3152770996094,638.2506103515625,438.3666687011719,61.4085693359375,135.897216796875
IMG_0028.mp4,1687,56.233333333333334,30.0,845,2,traffic_signs,0.6001936197280884,1713.5869140625,413.7639465332031,1748.9412841796875,448.46429443359375,1731.2640991210938,431.11412048339844,35.3543701171875,34.700347900390625
IMG_0028.mp4,1687,56.233333333333334,30.0,890,1,traffic_lights,0.3116181194782257,73.43527221679688,589.4212646484375,90.07823181152344,612.7154541015625,81.75675201416016,601.068359375,16.642959594726562,23.294189453125
IMG_0028.mp4,1687,56.233333333333334,30.0,851,1,traffic_lights,0.32759931683540344,1563.6336669921875,440.207275390625,1590.847412109375,485.29638671875,1577.2405395507812,462.7518310546875,27.2137451171875,45.089111328125
IMG_0028.mp4,1688,56.266666666666666,30.0,797,2,traffic_signs,0.956695556640625,1684.0596923828125,317.5014953613281,1782.9178466796875,408.1463317871094,1733.48876953125,362.82391357421875,98.858154296875,90.64483642578125
IMG_0028.mp4,1688,56.266666666666666,30.0,821,2,traffic_signs,0.7214840054512024,1090.2806396484375,601.0459594726562,1105.35009765625,625.0859375,1097.8153686523438,613.0659484863281,15.0694580078125,24.03997802734375
IMG_0028.mp4,1688,56.266666666666666,30.0,830,1,traffic_lights,0.5173417925834656,607.5777587890625,369.9830322265625,668.8040161132812,506.3808288574219,638.1908874511719,438.1819305419922,61.22625732421875,136.39779663085938
IMG_0028.mp4,1688,56.266666666666666,30.0,845,2,traffic_signs,0.6274466514587402,1713.505126953125,413.8720397949219,1749.2152099609375,448.75128173828125,1731.3601684570312,431.31166076660156,35.7100830078125,34.879241943359375
IMG_0028.mp4,1688,56.266666666666666,30.0,890,1,traffic_lights,0.2909238338470459,73.5716323852539,589.51416015625,90.077880859375,612.7462158203125,81.82475662231445,601.1301879882812,16.506248474121094,23.2320556640625
IMG_0028.mp4,1688,56.266666666666666,30.0,851,1,traffic_lights,0.380757600069046,1563.65576171875,440.4425964355469,1590.9210205078125,485.558837890625,1577.2883911132812,463.00071716308594,27.2652587890625,45.116241455078125
IMG_0028.mp4,1689,56.3,30.0,797,2,traffic_signs,0.9571948647499084,1684.2325439453125,317.4700622558594,1783.4530029296875,408.2034912109375,1733.8427734375,362.83677673339844,99.220458984375,90.73342895507812
IMG_0028.mp4,1689,56.3,30.0,821,2,traffic_signs,0.40152496099472046,1090.123779296875,601.301025390625,1105.298828125,624.8722534179688,1097.7113037109375,613.0866394042969,15.175048828125,23.57122802734375
IMG_0028.mp4,1689,56.3,30.0,830,1,traffic_lights,0.7452883720397949,606.9590454101562,370.7299499511719,668.3958129882812,506.513427734375,637.6774291992188,438.62168884277344,61.436767578125,135.78347778320312
IMG_0028.mp4,1689,56.3,30.0,845,2,traffic_signs,0.34722620248794556,1714.0009765625,414.53021240234375,1748.8426513671875,448.1880798339844,1731.4218139648438,431.35914611816406,34.8416748046875,33.657867431640625
IMG_0028.mp4,1689,56.3,30.0,890,1,traffic_lights,0.36071091890335083,72.9020767211914,589.8685913085938,89.28054809570312,612.8897094726562,81.09131240844727,601.379150390625,16.37847137451172,23.0211181640625
IMG_0028.mp4,1690,56.333333333333336,30.0,797,2,traffic_signs,0.9570056200027466,1684.2808837890625,317.6513977050781,1783.6029052734375,408.20098876953125,1733.94189453125,362.9261932373047,99.322021484375,90.54959106445312
IMG_0028.mp4,1690,56.333333333333336,30.0,821,2,traffic_signs,0.3297179043292999,1090.153564453125,601.485595703125,1105.822998046875,625.7577514648438,1097.98828125,613.6216735839844,15.66943359375,24.27215576171875
IMG_0028.mp4,1690,56.333333333333336,30.0,830,1,traffic_lights,0.6654500365257263,607.900634765625,369.9444885253906,668.8273315429688,506.38397216796875,638.3639831542969,438.1642303466797,60.92669677734375,136.43948364257812
IMG_0028.mp4,1690,56.333333333333336,30.0,845,2,traffic_signs,0.6280831098556519,1714.0654296875,414.61480712890625,1749.4932861328125,448.7312927246094,1731.7793579101562,431.6730499267578,35.4278564453125,34.116485595703125
IMG_0028.mp4,1690,56.333333333333336,30.0,890,1,traffic_lights,0.4132727086544037,72.9878158569336,589.862548828125,89.35380554199219,612.909423828125,81.17081069946289,601.385986328125,16.365989685058594,23.046875
IMG_0028.mp4,1690,56.333333333333336,30.0,851,1,traffic_lights,0.31641629338264465,1564.3009033203125,440.764404296875,1591.586669921875,485.6849670410156,1577.9437866210938,463.2246856689453,27.2857666015625,44.920562744140625
IMG_0028.mp4,1691,56.36666666666667,30.0,797,2,traffic_signs,0.956573486328125,1684.0960693359375,317.3438415527344,1783.301513671875,408.07427978515625,1733.6987915039062,362.7090606689453,99.2054443359375,90.73043823242188
IMG_0028.mp4,1691,56.36666666666667,30.0,821,2,traffic_signs,0.4014637768268585,1090.0242919921875,601.7279052734375,1106.552490234375,624.8468627929688,1098.2883911132812,613.2873840332031,16.5281982421875,23.11895751953125
IMG_0028.mp4,1691,56.36666666666667,30.0,830,1,traffic_lights,0.5676671862602234,608.3325805664062,369.1815185546875,668.871826171875,505.71197509765625,638.6022033691406,437.4467468261719,60.53924560546875,136.53045654296875
IMG_0028.mp4,1691,56.36666666666667,30.0,845,2,traffic_signs,0.6873679161071777,1713.6805419921875,414.1300964355469,1749.155029296875,448.6440124511719,1731.4177856445312,431.3870544433594,35.4744873046875,34.513916015625
IMG_0028.mp4,1691,56.36666666666667,30.0,890,1,traffic_lights,0.41845253109931946,72.78715515136719,589.6893920898438,89.19624328613281,612.912109375,80.99169921875,601.3007507324219,16.409088134765625,23.22271728515625
IMG_0028.mp4,1691,56.36666666666667,30.0,889,2,traffic_signs,0.3547019362449646,623.044921875,372.51336669921875,656.866943359375,407.0038146972656,639.9559326171875,389.7585906982422,33.822021484375,34.490447998046875
IMG_0028.mp4,1692,56.4,30.0,797,2,traffic_signs,0.9565278887748718,1684.0196533203125,317.31036376953125,1783.0660400390625,408.02752685546875,1733.5428466796875,362.6689453125,99.04638671875,90.7171630859375
IMG_0028.mp4,1692,56.4,30.0,830,1,traffic_lights,0.6033070683479309,608.1106567382812,370.1534729003906,668.7474365234375,505.3360900878906,638.4290466308594,437.7447814941406,60.63677978515625,135.1826171875
IMG_0028.mp4,1692,56.4,30.0,845,2,traffic_signs,0.6814662218093872,1713.6053466796875,414.2724304199219,1748.139404296875,448.0194396972656,1730.8723754882812,431.14593505859375,34.5340576171875,33.74700927734375
IMG_0028.mp4,1692,56.4,30.0,890,1,traffic_lights,0.4486326575279236,72.88208770751953,589.6127319335938,89.4244384765625,613.0175170898438,81.15326309204102,601.3151245117188,16.54235076904297,23.40478515625
IMG_0028.mp4,1693,56.43333333333333,30.0,797,2,traffic_signs,0.9573042392730713,1683.7154541015625,317.58258056640625,1782.783935546875,408.4821472167969,1733.2496948242188,363.03236389160156,99.0684814453125,90.89956665039062
IMG_0028.mp4,1693,56.43333333333333,30.0,830,1,traffic_lights,0.7161662578582764,608.2252197265625,369.6302490234375,669.169189453125,506.17657470703125,638.6972045898438,437.9034118652344,60.9439697265625,136.54632568359375
IMG_0028.mp4,1693,56.43333333333333,30.0,845,2,traffic_signs,0.7189755439758301,1713.1121826171875,414.40362548828125,1748.32763671875,449.0149841308594,1730.7199096679688,431.7093048095703,35.2154541015625,34.611358642578125
IMG_0028.mp4,1693,56.43333333333333,30.0,890,1,traffic_lights,0.47541505098342896,73.16411590576172,589.7562866210938,89.5743179321289,613.1803588867188,81.36921691894531,601.4683227539062,16.410202026367188,23.424072265625
IMG_0028.mp4,1693,56.43333333333333,30.0,889,2,traffic_signs,0.30883845686912537,623.4004516601562,372.6110534667969,657.3463745117188,407.10247802734375,640.3734130859375,389.8567657470703,33.9459228515625,34.491424560546875
IMG_0028.mp4,1694,56.46666666666667,30.0,797,2,traffic_signs,0.9576160907745361,1684.044921875,317.75115966796875,1783.020751953125,408.7510986328125,1733.5328369140625,363.2511291503906,98.975830078125,90.99993896484375
IMG_0028.mp4,1694,56.46666666666667,30.0,830,1,traffic_lights,0.8242707848548889,607.8607177734375,369.28631591796875,669.3736572265625,506.77001953125,638.6171875,438.0281677246094,61.512939453125,137.48370361328125
IMG_0028.mp4,1694,56.46666666666667,30.0,845,2,traffic_signs,0.6731218099594116,1713.52490234375,414.6690673828125,1748.812744140625,449.4103698730469,1731.1688232421875,432.0397186279297,35.287841796875,34.741302490234375
IMG_0028.mp4,1694,56.46666666666667,30.0,890,1,traffic_lights,0.4373055398464203,73.03565979003906,589.8509521484375,89.23419189453125,613.0885009765625,81.13492584228516,601.4697265625,16.198532104492188,23.237548828125
IMG_0028.mp4,1695,56.5,30.0,797,2,traffic_signs,0.957789957523346,1684.2740478515625,317.751220703125,1783.094970703125,408.7706298828125,1733.6845092773438,363.26092529296875,98.8209228515625,91.0194091796875
IMG_0028.mp4,1695,56.5,30.0,830,1,traffic_lights,0.7573561668395996,607.3560791015625,370.27655029296875,669.558837890625,506.80096435546875,638.4574584960938,438.53875732421875,62.2027587890625,136.5244140625
IMG_0028.mp4,1695,56.5,30.0,845,2,traffic_signs,0.3880634009838104,1713.895751953125,415.2708435058594,1748.3145751953125,448.9442138671875,1731.1051635742188,432.10752868652344,34.4188232421875,33.673370361328125
IMG_0028.mp4,1695,56.5,30.0,890,1,traffic_lights,0.43415603041648865,72.96798706054688,589.8359985351562,89.28685760498047,613.0223388671875,81.12742233276367,601.4291687011719,16.318870544433594,23.18634033203125
IMG_0028.mp4,1696,56.53333333333333,30.0,797,2,traffic_signs,0.9580766558647156,1684.3226318359375,317.6585388183594,1783.2498779296875,408.7386169433594,1733.7862548828125,363.1985778808594,98.92724609375,91.080078125
IMG_0028.mp4,1696,56.53333333333333,30.0,830,1,traffic_lights,0.8537962436676025,607.6826782226562,369.744873046875,669.531005859375,506.6114807128906,638.6068420410156,438.1781768798828,61.84832763671875,136.86660766601562
IMG_0028.mp4,1696,56.53333333333333,30.0,845,2,traffic_signs,0.6664702892303467,1713.842041015625,414.92864990234375,1749.056884765625,449.25146484375,1731.449462890625,432.0900573730469,35.21484375,34.32281494140625
IMG_0028.mp4,1696,56.53333333333333,30.0,890,1,traffic_lights,0.29178109765052795,72.79095458984375,589.7717895507812,89.21343231201172,612.8607177734375,81.00219345092773,601.3162536621094,16.42247772216797,23.08892822265625
IMG_0028.mp4,1697,56.56666666666667,30.0,797,2,traffic_signs,0.9581565856933594,1684.2645263671875,317.665771484375,1783.226806640625,408.7530517578125,1733.7456665039062,363.20941162109375,98.9622802734375,91.0872802734375
IMG_0028.mp4,1697,56.56666666666667,30.0,830,1,traffic_lights,0.7556913495063782,608.0044555664062,369.3637390136719,669.4609985351562,506.36260986328125,638.7327270507812,437.86317443847656,61.45654296875,136.99887084960938
IMG_0028.mp4,1697,56.56666666666667,30.0,845,2,traffic_signs,0.6946555972099304,1713.7705078125,414.8282775878906,1749.0013427734375,449.374755859375,1731.3859252929688,432.1015167236328,35.2308349609375,34.546478271484375
IMG_0028.mp4,1697,56.56666666666667,30.0,889,2,traffic_signs,0.27506837248802185,623.6397094726562,372.627197265625,657.319091796875,407.076171875,640.4794006347656,389.8516845703125,33.67938232421875,34.448974609375
IMG_0028.mp4,1698,56.6,30.0,797,2,traffic_signs,0.9579011797904968,1684.2684326171875,317.57012939453125,1783.0462646484375,408.43011474609375,1733.6573486328125,363.0001220703125,98.77783203125,90.8599853515625
IMG_0028.mp4,1698,56.6,30.0,830,1,traffic_lights,0.6004597544670105,607.9325561523438,370.1066589355469,669.2774047851562,506.06744384765625,638.60498046875,438.08705139160156,61.3448486328125,135.96078491210938
IMG_0028.mp4,1698,56.6,30.0,845,2,traffic_signs,0.2642132639884949,1713.89599609375,415.0680236816406,1748.2926025390625,448.235595703125,1731.0942993164062,431.6518096923828,34.3966064453125,33.167572021484375
IMG_0028.mp4,1699,56.63333333333333,30.0,797,2,traffic_signs,0.9584211707115173,1684.1820068359375,317.7391357421875,1783.135009765625,408.6708984375,1733.6585083007812,363.20501708984375,98.9530029296875,90.9317626953125
IMG_0028.mp4,1699,56.63333333333333,30.0,830,1,traffic_lights,0.8108229637145996,607.8787231445312,370.01446533203125,669.4454956054688,506.61566162109375,638.662109375,438.3150634765625,61.5667724609375,136.6011962890625
IMG_0028.mp4,1699,56.63333333333333,30.0,845,2,traffic_signs,0.6630262136459351,1713.78955078125,415.14697265625,1748.310302734375,448.9820556640625,1731.0499267578125,432.06451416015625,34.520751953125,33.8350830078125
IMG_0028.mp4,1699,56.63333333333333,30.0,851,1,traffic_lights,0.35028529167175293,1563.974609375,441.20574951171875,1591.659423828125,485.9677734375,1577.8170166015625,463.5867614746094,27.684814453125,44.76202392578125
IMG_0028.mp4,1699,56.63333333333333,30.0,890,1,traffic_lights,0.25287941098213196,73.10368347167969,589.8673095703125,89.04216003417969,612.8677978515625,81.07292175292969,601.3675537109375,15.9384765625,23.00048828125
IMG_0028.mp4,1700,56.666666666666664,30.0,797,2,traffic_signs,0.9582574963569641,1684.1903076171875,317.72283935546875,1782.9874267578125,408.7061462402344,1733.5888671875,363.21449279785156,98.797119140625,90.98330688476562
IMG_0028.mp4,1700,56.666666666666664,30.0,830,1,traffic_lights,0.8263675570487976,608.076171875,369.8250732421875,669.5108642578125,506.77935791015625,638.7935180664062,438.3022155761719,61.4346923828125,136.95428466796875
IMG_0028.mp4,1700,56.666666666666664,30.0,845,2,traffic_signs,0.6626285314559937,1713.5714111328125,414.94818115234375,1748.720947265625,449.0185546875,1731.1461791992188,431.9833679199219,35.1495361328125,34.07037353515625
IMG_0028.mp4,1700,56.666666666666664,30.0,851,1,traffic_lights,0.31141409277915955,1563.7139892578125,441.2145080566406,1591.6180419921875,485.9947509765625,1577.666015625,463.60462951660156,27.904052734375,44.780242919921875
IMG_0028.mp4,1700,56.666666666666664,30.0,890,1,traffic_lights,0.39563071727752686,73.0981674194336,589.8226928710938,89.15808868408203,613.0291137695312,81.12812805175781,601.4259033203125,16.059921264648438,23.2064208984375
IMG_0028.mp4,1700,56.666666666666664,30.0,821,2,traffic_signs,0.36949869990348816,1091.2640380859375,602.0440063476562,1106.48779296875,617.1723022460938,1098.8759155273438,609.608154296875,15.2237548828125,15.1282958984375
IMG_0028.mp4,1701,56.7,30.0,797,2,traffic_signs,0.9582511186599731,1684.21240234375,317.8067626953125,1782.8614501953125,408.8204650878906,1733.5369262695312,363.31361389160156,98.6490478515625,91.01370239257812
IMG_0028.mp4,1701,56.7,30.0,830,1,traffic_lights,0.777057409286499,608.0850830078125,370.46539306640625,669.597900390625,506.8246154785156,638.8414916992188,438.64500427246094,61.5128173828125,136.35922241210938
IMG_0028.mp4,1701,56.7,30.0,845,2,traffic_signs,0.5280245542526245,1713.86328125,415.4403991699219,1747.9603271484375,448.6464538574219,1730.9118041992188,432.0434265136719,34.0970458984375,33.2060546875
IMG_0028.mp4,1701,56.7,30.0,851,1,traffic_lights,0.25051432847976685,1563.88916015625,441.3922119140625,1591.533447265625,486.0619201660156,1577.7113037109375,463.72706604003906,27.644287109375,44.669708251953125
IMG_0028.mp4,1702,56.733333333333334,30.0,797,2,traffic_signs,0.9577863812446594,1684.1702880859375,317.8546142578125,1782.739990234375,408.78802490234375,1733.4551391601562,363.3213195800781,98.5697021484375,90.93341064453125
IMG_0028.mp4,1702,56.733333333333334,30.0,830,1,traffic_lights,0.7177269458770752,608.4649658203125,370.1282958984375,669.4710083007812,507.1678771972656,638.9679870605469,438.64808654785156,61.00604248046875,137.03958129882812
IMG_0028.mp4,1702,56.733333333333334,30.0,845,2,traffic_signs,0.6903623938560486,1713.55078125,415.22283935546875,1748.2552490234375,449.06695556640625,1730.9030151367188,432.1448974609375,34.7044677734375,33.8441162109375
IMG_0028.mp4,1702,56.733333333333334,30.0,851,1,traffic_lights,0.36063152551651,1563.6572265625,441.35894775390625,1591.6097412109375,486.10247802734375,1577.6334838867188,463.730712890625,27.9525146484375,44.7435302734375
IMG_0028.mp4,1702,56.733333333333334,30.0,889,2,traffic_signs,0.2655329704284668,623.4952392578125,373.1709899902344,657.0731811523438,407.4643859863281,640.2842102050781,390.31768798828125,33.57794189453125,34.29339599609375
IMG_0028.mp4,1703,56.766666666666666,30.0,797,2,traffic_signs,0.958190381526947,1684.2601318359375,318.05731201171875,1782.959228515625,408.82440185546875,1733.6096801757812,363.44085693359375,98.6990966796875,90.76708984375
IMG_0028.mp4,1703,56.766666666666666,30.0,830,1,traffic_lights,0.7301166653633118,608.5203247070312,369.89947509765625,669.4525146484375,507.4091796875,638.9864196777344,438.6543273925781,60.93218994140625,137.50970458984375
IMG_0028.mp4,1703,56.766666666666666,30.0,845,2,traffic_signs,0.6464505791664124,1713.614501953125,415.2095031738281,1748.638427734375,449.3542785644531,1731.12646484375,432.2818908691406,35.02392578125,34.144775390625
IMG_0028.mp4,1703,56.766666666666666,30.0,851,1,traffic_lights,0.3549916744232178,1563.5677490234375,441.340087890625,1591.68994140625,486.105224609375,1577.6288452148438,463.72265625,28.1221923828125,44.76513671875
IMG_0028.mp4,1703,56.766666666666666,30.0,889,2,traffic_signs,0.3014208674430847,623.447509765625,373.1658020019531,657.1036987304688,407.58917236328125,640.2756042480469,390.3774871826172,33.65618896484375,34.423370361328125
IMG_0028.mp4,1703,56.766666666666666,30.0,890,1,traffic_lights,0.28183555603027344,73.02468872070312,589.7589111328125,89.18475341796875,613.0917358398438,81.10472106933594,601.4253234863281,16.160064697265625,23.33282470703125
IMG_0028.mp4,1704,56.8,30.0,797,2,traffic_signs,0.9581968188285828,1684.2674560546875,317.8956298828125,1782.8736572265625,408.63006591796875,1733.570556640625,363.2628479003906,98.606201171875,90.73443603515625
IMG_0028.mp4,1704,56.8,30.0,830,1,traffic_lights,0.8009881377220154,607.955322265625,370.447509765625,669.5902709960938,507.1373596191406,638.7727966308594,438.7924346923828,61.63494873046875,136.68984985351562
IMG_0028.mp4,1704,56.8,30.0,845,2,traffic_signs,0.41640228033065796,1713.836181640625,415.37060546875,1747.9486083984375,448.7936706542969,1730.8923950195312,432.08213806152344,34.1124267578125,33.423065185546875
IMG_0028.mp4,1705,56.833333333333336,30.0,797,2,traffic_signs,0.9582757353782654,1684.30126953125,317.8882751464844,1783.14794921875,408.6304016113281,1733.724609375,363.25933837890625,98.8466796875,90.74212646484375
IMG_0028.mp4,1705,56.833333333333336,30.0,830,1,traffic_lights,0.600581705570221,608.1455688476562,369.7435607910156,669.5444946289062,507.20074462890625,638.8450317382812,438.47215270996094,61.39892578125,137.45718383789062
IMG_0028.mp4,1705,56.833333333333336,30.0,845,2,traffic_signs,0.6599635481834412,1713.6744384765625,415.0537109375,1748.81494140625,449.02642822265625,1731.2446899414062,432.0400695800781,35.1405029296875,33.97271728515625
IMG_0028.mp4,1705,56.833333333333336,30.0,851,1,traffic_lights,0.2989332675933838,1563.8856201171875,441.2998352050781,1591.7344970703125,485.9986572265625,1577.81005859375,463.6492462158203,27.848876953125,44.698822021484375
IMG_0028.mp4,1705,56.833333333333336,30.0,889,2,traffic_signs,0.3617382049560547,623.5831909179688,372.85693359375,657.2286376953125,407.3990783691406,640.4059143066406,390.1280059814453,33.64544677734375,34.542144775390625
IMG_0028.mp4,1706,56.86666666666667,30.0,797,2,traffic_signs,0.9581336975097656,1684.1170654296875,317.98126220703125,1782.9359130859375,408.6889953613281,1733.5264892578125,363.3351287841797,98.81884765625,90.70773315429688
IMG_0028.mp4,1706,56.86666666666667,30.0,830,1,traffic_lights,0.5317973494529724,607.9238891601562,369.465087890625,669.4596557617188,507.32611083984375,638.6917724609375,438.3955993652344,61.5357666015625,137.86102294921875
IMG_0028.mp4,1706,56.86666666666667,30.0,845,2,traffic_signs,0.7329944372177124,1713.4476318359375,415.0212707519531,1748.6290283203125,449.4217834472656,1731.038330078125,432.2215270996094,35.181396484375,34.4005126953125
IMG_0028.mp4,1706,56.86666666666667,30.0,851,1,traffic_lights,0.43698805570602417,1563.5284423828125,441.3092956542969,1591.741943359375,486.104248046875,1577.6351928710938,463.70677185058594,28.2135009765625,44.794952392578125
IMG_0028.mp4,1706,56.86666666666667,30.0,889,2,traffic_signs,0.33014094829559326,623.5313720703125,372.795166015625,657.3773803710938,407.5325622558594,640.4543762207031,390.1638641357422,33.84600830078125,34.737396240234375
IMG_0028.mp4,1707,56.9,30.0,797,2,traffic_signs,0.9577280879020691,1684.25830078125,317.71966552734375,1783.180908203125,408.4674987792969,1733.7196044921875,363.0935821533203,98.922607421875,90.74783325195312
IMG_0028.mp4,1707,56.9,30.0,830,1,traffic_lights,0.6506583094596863,606.9849853515625,370.7409362792969,669.0625610351562,507.2925720214844,638.0237731933594,439.0167541503906,62.07757568359375,136.5516357421875
IMG_0028.mp4,1707,56.9,30.0,845,2,traffic_signs,0.4458511471748352,1713.755859375,415.1966857910156,1748.45849609375,448.81524658203125,1731.107177734375,432.00596618652344,34.70263671875,33.618560791015625
IMG_0028.mp4,1707,56.9,30.0,851,1,traffic_lights,0.33475878834724426,1563.78515625,441.2183532714844,1591.881591796875,485.96673583984375,1577.8333740234375,463.59254455566406,28.096435546875,44.748382568359375
IMG_0028.mp4,1708,56.93333333333333,30.0,797,2,traffic_signs,0.9580097198486328,1684.2991943359375,317.6051940917969,1783.210693359375,408.4089050292969,1733.7549438476562,363.0070495605469,98.9114990234375,90.8037109375
IMG_0028.mp4,1708,56.93333333333333,30.0,830,1,traffic_lights,0.6262741684913635,607.4617919921875,370.10009765625,669.3009033203125,507.33984375,638.38134765625,438.719970703125,61.839111328125,137.23974609375
IMG_0028.mp4,1708,56.93333333333333,30.0,845,2,traffic_signs,0.5649853944778442,1713.8621826171875,414.8351745605469,1749.095947265625,448.8519287109375,1731.4790649414062,431.8435516357422,35.2337646484375,34.016754150390625
IMG_0028.mp4,1708,56.93333333333333,30.0,851,1,traffic_lights,0.3717629909515381,1564.063720703125,441.10009765625,1591.9063720703125,485.8406066894531,1577.9850463867188,463.47035217285156,27.8426513671875,44.740509033203125
IMG_0028.mp4,1709,56.96666666666667,30.0,797,2,traffic_signs,0.9581365585327148,1684.2015380859375,317.6727294921875,1783.1827392578125,408.56805419921875,1733.692138671875,363.1203918457031,98.981201171875,90.89532470703125
IMG_0028.mp4,1709,56.96666666666667,30.0,830,1,traffic_lights,0.5506638884544373,607.3880615234375,370.4090881347656,669.4116821289062,507.4888000488281,638.3998718261719,438.9489440917969,62.02362060546875,137.0797119140625
IMG_0028.mp4,1709,56.96666666666667,30.0,845,2,traffic_signs,0.6223291158676147,1713.7264404296875,414.7383728027344,1748.9041748046875,449.1339416503906,1731.3153076171875,431.9361572265625,35.177734375,34.39556884765625
IMG_0028.mp4,1709,56.96666666666667,30.0,851,1,traffic_lights,0.3693959414958954,1564.021240234375,441.1795959472656,1591.8983154296875,485.8468017578125,1577.9597778320312,463.51319885253906,27.8770751953125,44.667205810546875
IMG_0028.mp4,1710,57.0,30.0,797,2,traffic_signs,0.9577627182006836,1684.07861328125,317.88519287109375,1783.0341796875,408.70526123046875,1733.556396484375,363.29522705078125,98.95556640625,90.820068359375
IMG_0028.mp4,1710,57.0,30.0,830,1,traffic_lights,0.31993183493614197,606.5736694335938,371.64105224609375,669.1290893554688,507.6798095703125,637.8513793945312,439.6604309082031,62.555419921875,136.03875732421875
IMG_0028.mp4,1710,57.0,30.0,845,2,traffic_signs,0.4973023235797882,1713.77587890625,415.2475891113281,1748.2451171875,448.790771484375,1731.010498046875,432.01918029785156,34.46923828125,33.543182373046875
IMG_0028.mp4,1710,57.0,30.0,851,1,traffic_lights,0.2998882830142975,1564.009765625,441.2969665527344,1591.726806640625,485.986083984375,1577.8682861328125,463.6415252685547,27.717041015625,44.689117431640625
IMG_0028.mp4,1711,57.03333333333333,30.0,797,2,traffic_signs,0.9577359557151794,1684.0330810546875,318.0002746582031,1782.96142578125,408.89752197265625,1733.4972534179688,363.4488983154297,98.9283447265625,90.89724731445312
IMG_0028.mp4,1711,57.03333333333333,30.0,830,1,traffic_lights,0.7345014810562134,607.2161254882812,371.3719482421875,669.5096435546875,507.72967529296875,638.3628845214844,439.5508117675781,62.29351806640625,136.35772705078125
IMG_0028.mp4,1711,57.03333333333333,30.0,845,2,traffic_signs,0.6508992910385132,1713.3526611328125,415.16815185546875,1748.7513427734375,449.2958679199219,1731.052001953125,432.2320098876953,35.398681640625,34.127716064453125
IMG_0028.mp4,1711,57.03333333333333,30.0,851,1,traffic_lights,0.4151521623134613,1563.7911376953125,441.3392639160156,1591.7183837890625,485.9781799316406,1577.7547607421875,463.6587219238281,27.92724609375,44.638916015625
IMG_0028.mp4,1712,57.06666666666667,30.0,797,2,traffic_signs,0.9578260779380798,1684.044189453125,317.9746398925781,1783.0439453125,408.8788146972656,1733.5440673828125,363.4267272949219,98.999755859375,90.9041748046875
IMG_0028.mp4,1712,57.06666666666667,30.0,830,1,traffic_lights,0.7298123240470886,607.531494140625,370.7138671875,669.7371826171875,507.6964416503906,638.6343383789062,439.2051544189453,62.2056884765625,136.98257446289062
IMG_0028.mp4,1712,57.06666666666667,30.0,845,2,traffic_signs,0.6441763639450073,1713.373046875,415.0439147949219,1749.1820068359375,449.5769348144531,1731.2775268554688,432.3104248046875,35.8089599609375,34.53302001953125
IMG_0028.mp4,1712,57.06666666666667,30.0,851,1,traffic_lights,0.3679609000682831,1563.7669677734375,441.30291748046875,1591.8515625,485.9132385253906,1577.8092651367188,463.6080780029297,28.0845947265625,44.610321044921875
IMG_0028.mp4,1712,57.06666666666667,30.0,890,1,traffic_lights,0.3536936640739441,73.23163604736328,590.1823120117188,89.82815551757812,612.0253295898438,81.5298957824707,601.1038208007812,16.596519470214844,21.843017578125
IMG_0028.mp4,1713,57.1,30.0,797,2,traffic_signs,0.9573389887809753,1684.011474609375,317.8988037109375,1782.9749755859375,408.8449401855469,1733.4932250976562,363.3718719482422,98.9635009765625,90.94613647460938
IMG_0028.mp4,1713,57.1,30.0,830,1,traffic_lights,0.6802334189414978,607.5571899414062,370.9793701171875,669.6707763671875,507.7091979980469,638.6139831542969,439.3442840576172,62.11358642578125,136.72982788085938
IMG_0028.mp4,1713,57.1,30.0,845,2,traffic_signs,0.41427692770957947,1713.7874755859375,415.4367370605469,1748.23486328125,448.7673034667969,1731.0111694335938,432.1020202636719,34.4473876953125,33.33056640625
IMG_0028.mp4,1713,57.1,30.0,851,1,traffic_lights,0.28603026270866394,1563.816650390625,441.38616943359375,1591.7518310546875,485.7215576171875,1577.7842407226562,463.5538635253906,27.9351806640625,44.33538818359375
IMG_0028.mp4,1714,57.13333333333333,30.0,797,2,traffic_signs,0.9575704336166382,1684.14990234375,317.84002685546875,1783.298583984375,408.84228515625,1733.7242431640625,363.3411560058594,99.148681640625,91.00225830078125
IMG_0028.mp4,1714,57.13333333333333,30.0,830,1,traffic_lights,0.7547065615653992,607.8357543945312,370.4555969238281,669.7392578125,507.7459716796875,638.7875061035156,439.1007843017578,61.90350341796875,137.29037475585938
IMG_0028.mp4,1714,57.13333333333333,30.0,845,2,traffic_signs,0.5596583485603333,1713.7095947265625,415.2075500488281,1748.99365234375,449.3830261230469,1731.3516235351562,432.2952880859375,35.2840576171875,34.17547607421875
IMG_0028.mp4,1714,57.13333333333333,30.0,851,1,traffic_lights,0.290682852268219,1564.0699462890625,441.2548828125,1591.9285888671875,485.6504821777344,1577.999267578125,463.4526824951172,27.858642578125,44.395599365234375
IMG_0028.mp4,1715,57.166666666666664,30.0,797,2,traffic_signs,0.9575260281562805,1684.1373291015625,317.8234558105469,1783.163818359375,408.7929992675781,1733.6505737304688,363.3082275390625,99.0264892578125,90.96954345703125
IMG_0028.mp4,1715,57.166666666666664,30.0,830,1,traffic_lights,0.7568368911743164,607.9788208007812,370.11431884765625,669.6651611328125,507.6545715332031,638.8219909667969,438.8844451904297,61.68634033203125,137.54025268554688
IMG_0028.mp4,1715,57.166666666666664,30.0,845,2,traffic_signs,0.5565193891525269,1713.632568359375,415.0672607421875,1748.9752197265625,449.5751953125,1731.3038940429688,432.32122802734375,35.3426513671875,34.5079345703125
IMG_0028.mp4,1715,57.166666666666664,30.0,851,1,traffic_lights,0.3975094258785248,1563.8756103515625,441.3108215332031,1591.8250732421875,485.58209228515625,1577.850341796875,463.4464569091797,27.949462890625,44.271270751953125
IMG_0028.mp4,1716,57.2,30.0,797,2,traffic_signs,0.9577932357788086,1684.1585693359375,317.72991943359375,1783.302490234375,408.81689453125,1733.7305297851562,363.2734069824219,99.1439208984375,91.08697509765625
IMG_0028.mp4,1716,57.2,30.0,830,1,traffic_lights,0.4077036678791046,607.15966796875,371.123046875,669.2132568359375,507.70257568359375,638.1864624023438,439.4128112792969,62.0535888671875,136.57952880859375
IMG_0028.mp4,1716,57.2,30.0,845,2,traffic_signs,0.4138590395450592,1713.8590087890625,415.4137878417969,1748.608642578125,449.0526428222656,1731.2338256835938,432.23321533203125,34.7496337890625,33.63885498046875
IMG_0028.mp4,1716,57.2,30.0,851,1,traffic_lights,0.35988640785217285,1563.9490966796875,441.3330383300781,1592.01220703125,485.6394958496094,1577.9806518554688,463.48626708984375,28.0631103515625,44.30645751953125
IMG_0028.mp4,1716,57.2,30.0,890,1,traffic_lights,0.2542259991168976,73.0248031616211,589.5645141601562,89.22966003417969,612.2687377929688,81.12723159790039,600.9166259765625,16.204856872558594,22.7042236328125
IMG_0028.mp4,1717,57.233333333333334,30.0,797,2,traffic_signs,0.9578717947006226,1684.07958984375,317.7868347167969,1783.341796875,408.95751953125,1733.710693359375,363.37217712402344,99.26220703125,91.17068481445312
IMG_0028.mp4,1717,57.233333333333334,30.0,830,1,traffic_lights,0.6177432537078857,607.4517822265625,370.5697021484375,669.4121704101562,507.74517822265625,638.4319763183594,439.1574401855469,61.96038818359375,137.17547607421875
IMG_0028.mp4,1717,57.233333333333334,30.0,845,2,traffic_signs,0.5945960879325867,1713.7967529296875,415.38592529296875,1749.425537109375,449.7396545410156,1731.6111450195312,432.5627899169922,35.6287841796875,34.353729248046875
IMG_0028.mp4,1717,57.233333333333334,30.0,851,1,traffic_lights,0.3489590287208557,1564.0936279296875,441.267822265625,1591.9154052734375,485.64617919921875,1578.0045166015625,463.4570007324219,27.82177734375,44.37835693359375
IMG_0028.mp4,1717,57.233333333333334,30.0,890,1,traffic_lights,0.2897252142429352,73.04647064208984,589.6365356445312,89.2001724243164,612.6280517578125,81.12332153320312,601.1322937011719,16.153701782226562,22.99151611328125
IMG_0028.mp4,1718,57.266666666666666,30.0,797,2,traffic_signs,0.957863986492157,1684.0970458984375,317.74755859375,1783.3775634765625,408.9610290527344,1733.7373046875,363.3542938232422,99.280517578125,91.21347045898438
IMG_0028.mp4,1718,57.266666666666666,30.0,830,1,traffic_lights,0.6468786001205444,607.5680541992188,370.16156005859375,669.4327392578125,508.01116943359375,638.5003967285156,439.08636474609375,61.86468505859375,137.849609375
IMG_0028.mp4,1718,57.266666666666666,30.0,845,2,traffic_signs,0.6866073608398438,1713.8656005859375,415.1247863769531,1749.6700439453125,449.9812316894531,1731.767822265625,432.5530090332031,35.804443359375,34.8564453125
IMG_0028.mp4,1718,57.266666666666666,30.0,851,1,traffic_lights,0.27310121059417725,1564.447998046875,441.2392578125,1591.8360595703125,485.6971435546875,1578.1420288085938,463.46820068359375,27.3880615234375,44.4578857421875
IMG_0028.mp4,1719,57.3,30.0,797,2,traffic_signs,0.9574341177940369,1683.9888916015625,317.79180908203125,1783.21728515625,408.952880859375,1733.6030883789062,363.3723449707031,99.2283935546875,91.16107177734375
IMG_0028.mp4,1719,57.3,30.0,830,1,traffic_lights,0.7469169497489929,606.8306274414062,371.1322937011719,669.2040405273438,508.08453369140625,638.017333984375,439.60841369628906,62.3734130859375,136.95223999023438
IMG_0028.mp4,1719,57.3,30.0,845,2,traffic_signs,0.46009084582328796,1713.8619384765625,415.3114013671875,1748.7984619140625,449.1510009765625,1731.3302001953125,432.231201171875,34.9365234375,33.839599609375
IMG_0028.mp4,1720,57.333333333333336,30.0,797,2,traffic_signs,0.9575842022895813,1683.8978271484375,317.89471435546875,1783.0133056640625,409.0300598144531,1733.45556640625,363.46238708496094,99.115478515625,91.13534545898438
IMG_0028.mp4,1720,57.333333333333336,30.0,830,1,traffic_lights,0.6510000228881836,607.650634765625,370.7364501953125,669.5733642578125,508.0001525878906,638.6119995117188,439.36830139160156,61.9227294921875,137.26370239257812
IMG_0028.mp4,1720,57.333333333333336,30.0,845,2,traffic_signs,0.7035366892814636,1713.39599609375,415.0707092285156,1749.3475341796875,449.6769104003906,1731.3717651367188,432.3738098144531,35.9515380859375,34.606201171875
IMG_0028.mp4,1720,57.333333333333336,30.0,851,1,traffic_lights,0.2900933027267456,1564.3602294921875,441.2361145019531,1591.6297607421875,485.82147216796875,1577.9949951171875,463.52879333496094,27.26953125,44.585357666015625
IMG_0028.mp4,1721,57.36666666666667,30.0,797,2,traffic_signs,0.9574607014656067,1683.9119873046875,317.8651428222656,1782.9813232421875,409.12939453125,1733.4466552734375,363.4972686767578,99.0693359375,91.26425170898438
IMG_0028.mp4,1721,57.36666666666667,30.0,830,1,traffic_lights,0.8029801249504089,608.079833984375,370.5823059082031,669.6218872070312,507.9485778808594,638.8508605957031,439.26544189453125,61.54205322265625,137.36627197265625
IMG_0028.mp4,1721,57.36666666666667,30.0,845,2,traffic_signs,0.7496347427368164,1713.2509765625,415.13116455078125,1749.2451171875,450.06854248046875,1731.248046875,432.599853515625,35.994140625,34.9373779296875
IMG_0028.mp4,1721,57.36666666666667,30.0,890,1,traffic_lights,0.27705663442611694,73.80709075927734,589.4990844726562,89.8702163696289,612.8560791015625,81.83865356445312,601.1775817871094,16.063125610351562,23.35699462890625
IMG_0028.mp4,1722,57.4,30.0,797,2,traffic_signs,0.95726478099823,1683.929931640625,317.9917297363281,1782.869140625,409.08807373046875,1733.3995361328125,363.53990173339844,98.939208984375,91.09634399414062
IMG_0028.mp4,1722,57.4,30.0,830,1,traffic_lights,0.6828571557998657,607.4639892578125,371.5894470214844,669.120849609375,508.0067443847656,638.2924194335938,439.798095703125,61.6568603515625,136.41729736328125
IMG_0028.mp4,1722,57.4,30.0,845,2,traffic_signs,0.47687897086143494,1713.604736328125,415.6199035644531,1748.31298828125,449.2899475097656,1730.9588623046875,432.4549255371094,34.708251953125,33.6700439453125
IMG_0028.mp4,1722,57.4,30.0,890,1,traffic_lights,0.26954975724220276,73.71593475341797,589.4403686523438,89.77059936523438,612.7570190429688,81.74326705932617,601.0986938476562,16.054664611816406,23.316650390625
IMG_0028.mp4,1722,57.4,30.0,851,1,traffic_lights,0.26941514015197754,1564.2822265625,441.2891540527344,1591.6114501953125,485.85382080078125,1577.9468383789062,463.5714874267578,27.3292236328125,44.564666748046875
IMG_0028.mp4,1723,57.43333333333333,30.0,797,2,traffic_signs,0.9581279754638672,1684.163330078125,318.1169738769531,1783.2347412109375,409.2012023925781,1733.6990356445312,363.6590881347656,99.0714111328125,91.084228515625
IMG_0028.mp4,1723,57.43333333333333,30.0,830,1,traffic_lights,0.37042054533958435,607.7014770507812,371.51934814453125,668.821533203125,507.837890625,638.2615051269531,439.6786193847656,61.12005615234375,136.31854248046875
IMG_0028.mp4,1723,57.43333333333333,30.0,845,2,traffic_signs,0.6381297707557678,1713.781494140625,415.6077880859375,1749.420654296875,449.658935546875,1731.60107421875,432.63336181640625,35.63916015625,34.0511474609375
IMG_0028.mp4,1723,57.43333333333333,30.0,890,1,traffic_lights,0.31009095907211304,73.46070861816406,589.5353393554688,89.64795684814453,612.9181518554688,81.5543327331543,601.2267456054688,16.18724822998047,23.3828125
IMG_0028.mp4,1723,57.43333333333333,30.0,851,1,traffic_lights,0.29556766152381897,1564.2100830078125,441.34686279296875,1591.7896728515625,485.87603759765625,1577.9998779296875,463.6114501953125,27.57958984375,44.5291748046875
IMG_0028.mp4,1724,57.46666666666667,30.0,797,2,traffic_signs,0.9581379294395447,1684.2109375,318.12677001953125,1783.36328125,409.1719665527344,1733.787109375,363.6493682861328,99.15234375,91.04519653320312
IMG_0028.mp4,1724,57.46666666666667,30.0,830,1,traffic_lights,0.6917926669120789,608.093994140625,370.52191162109375,669.1653442382812,507.8646240234375,638.6296691894531,439.1932678222656,61.07135009765625,137.34271240234375
IMG_0028.mp4,1724,57.46666666666667,30.0,845,2,traffic_signs,0.6316400170326233,1713.8179931640625,415.3927307128906,1749.94482421875,449.7552185058594,1731.8814086914062,432.573974609375,36.1268310546875,34.36248779296875
IMG_0028.mp4,1724,57.46666666666667,30.0,890,1,traffic_lights,0.4126265048980713,73.20478057861328,589.6286010742188,89.55520629882812,613.0027465820312,81.3799934387207,601.315673828125,16.350425720214844,23.3741455078125
IMG_0028.mp4,1724,57.46666666666667,30.0,851,1,traffic_lights,0.28885021805763245,1564.1561279296875,441.4118957519531,1591.8802490234375,485.93115234375,1578.0181884765625,463.67152404785156,27.72412109375,44.519256591796875
IMG_0028.mp4,1725,57.5,30.0,797,2,traffic_signs,0.9577627182006836,1684.2288818359375,318.0019226074219,1783.4857177734375,408.969482421875,1733.8572998046875,363.48570251464844,99.2568359375,90.96755981445312
IMG_0028.mp4,1725,57.5,30.0,830,1,traffic_lights,0.5649111866950989,607.6019287109375,371.301513671875,668.7246704101562,507.8716735839844,638.1632995605469,439.5865936279297,61.12274169921875,136.57015991210938
IMG_0028.mp4,1725,57.5,30.0,845,2,traffic_signs,0.5095882415771484,1714.13427734375,415.64013671875,1748.90234375,449.07196044921875,1731.518310546875,432.3560485839844,34.76806640625,33.43182373046875
IMG_0028.mp4,1725,57.5,30.0,890,1,traffic_lights,0.40691491961479187,72.87506103515625,589.6666259765625,89.17324829101562,613.0123901367188,81.02415466308594,601.3395080566406,16.298187255859375,23.34576416015625
IMG_0028.mp4,1725,57.5,30.0,851,1,traffic_lights,0.26709046959877014,1564.2249755859375,441.4398498535156,1591.9061279296875,485.8810119628906,1578.0655517578125,463.6604309082031,27.68115234375,44.441162109375
IMG_0028.mp4,1726,57.53333333333333,30.0,797,2,traffic_signs,0.9584118723869324,1684.1951904296875,317.96612548828125,1783.325439453125,409.0641784667969,1733.7603149414062,363.51515197753906,99.1302490234375,91.09805297851562
IMG_0028.mp4,1726,57.53333333333333,30.0,830,1,traffic_lights,0.717413604259491,608.3052978515625,370.51373291015625,668.98583984375,507.887939453125,638.6455688476562,439.2008361816406,60.6805419921875,137.37420654296875
IMG_0028.mp4,1726,57.53333333333333,30.0,845,2,traffic_signs,0.6754801273345947,1713.9571533203125,415.5306701660156,1749.71142578125,449.40789794921875,1731.8342895507812,432.4692840576172,35.7542724609375,33.877227783203125
IMG_0028.mp4,1726,57.53333333333333,30.0,890,1,traffic_lights,0.4557400345802307,72.81755065917969,589.6671752929688,89.15436553955078,613.0770263671875,80.98595809936523,601.3721008300781,16.336814880371094,23.40985107421875
IMG_0028.mp4,1727,57.56666666666667,30.0,797,2,traffic_signs,0.9583097100257874,1684.1854248046875,318.0381164550781,1783.27685546875,409.05731201171875,1733.7311401367188,363.54771423339844,99.0914306640625,91.01919555664062
IMG_0028.mp4,1727,57.56666666666667,30.0,830,1,traffic_lights,0.6825774312019348,608.6142578125,370.4482421875,669.2026977539062,507.8341064453125,638.9084777832031,439.14117431640625,60.58843994140625,137.3858642578125
IMG_0028.mp4,1727,57.56666666666667,30.0,845,2,traffic_signs,0.6814839839935303,1713.8135986328125,415.3919372558594,1749.748291015625,449.4386291503906,1731.7809448242188,432.415283203125,35.9346923828125,34.04669189453125
IMG_0028.mp4,1727,57.56666666666667,30.0,890,1,traffic_lights,0.42036929726600647,72.96581268310547,589.752685546875,89.31907653808594,613.1438598632812,81.1424446105957,601.4482727050781,16.35326385498047,23.39117431640625
IMG_0028.mp4,1728,57.6,30.0,797,2,traffic_signs,0.958046019077301,1684.1683349609375,318.21063232421875,1783.1995849609375,409.0952453613281,1733.6839599609375,363.65293884277344,99.03125,90.88461303710938
IMG_0028.mp4,1728,57.6,30.0,830,1,traffic_lights,0.6499059200286865,608.2071533203125,371.1426086425781,669.3900756835938,507.9407958984375,638.7986145019531,439.5417022705078,61.18292236328125,136.79818725585938
IMG_0028.mp4,1728,57.6,30.0,845,2,traffic_signs,0.5600360035896301,1713.935791015625,415.73138427734375,1748.6531982421875,449.10345458984375,1731.2944946289062,432.41741943359375,34.7174072265625,33.3720703125
IMG_0028.mp4,1728,57.6,30.0,890,1,traffic_lights,0.3365620970726013,73.20516204833984,589.8590087890625,89.51959991455078,613.1754150390625,81.36238098144531,601.5172119140625,16.314437866210938,23.31640625
IMG_0028.mp4,1728,57.6,30.0,851,1,traffic_lights,0.3144940733909607,1564.126220703125,441.57891845703125,1591.7841796875,486.0116882324219,1577.9552001953125,463.79530334472656,27.657958984375,44.432769775390625
IMG_0028.mp4,1729,57.63333333333333,30.0,797,2,traffic_signs,0.9581639170646667,1684.0965576171875,318.2834777832031,1783.0985107421875,409.13885498046875,1733.5975341796875,363.71116638183594,99.001953125,90.85537719726562
IMG_0028.mp4,1729,57.63333333333333,30.0,830,1,traffic_lights,0.6190001964569092,608.1329956054688,370.9309997558594,669.4105834960938,507.68878173828125,638.7717895507812,439.3098907470703,61.277587890625,136.75778198242188
IMG_0028.mp4,1729,57.63333333333333,30.0,845,2,traffic_signs,0.7365690469741821,1713.7073974609375,415.5914611816406,1749.111083984375,449.7758483886719,1731.4092407226562,432.68365478515625,35.4036865234375,34.18438720703125
IMG_0028.mp4,1729,57.63333333333333,30.0,890,1,traffic_lights,0.31355369091033936,73.09012603759766,589.8652954101562,89.38780975341797,613.0708618164062,81.23896789550781,601.4680786132812,16.297683715820312,23.20556640625
IMG_0028.mp4,1729,57.63333333333333,30.0,851,1,traffic_lights,0.34458720684051514,1563.90576171875,441.5689697265625,1591.694091796875,486.0238952636719,1577.7999267578125,463.7964324951172,27.788330078125,44.454925537109375
IMG_0028.mp4,1730,57.666666666666664,30.0,797,2,traffic_signs,0.9580041170120239,1684.21533203125,318.2746887207031,1783.164306640625,409.1494445800781,1733.6898193359375,363.7120666503906,98.948974609375,90.874755859375
IMG_0028.mp4,1730,57.666666666666664,30.0,830,1,traffic_lights,0.5708500742912292,608.43701171875,370.30743408203125,669.4561767578125,507.7880554199219,638.9465942382812,439.04774475097656,61.0191650390625,137.48062133789062
IMG_0028.mp4,1730,57.666666666666664,30.0,845,2,traffic_signs,0.7645206451416016,1713.79638671875,415.53521728515625,1749.7742919921875,450.0107116699219,1731.7853393554688,432.77296447753906,35.9779052734375,34.475494384765625
IMG_0028.mp4,1730,57.666666666666664,30.0,851,1,traffic_lights,0.3033703863620758,1564.1697998046875,441.57708740234375,1591.7601318359375,486.0971984863281,1577.9649658203125,463.83714294433594,27.59033203125,44.520111083984375
IMG_0028.mp4,1731,57.7,30.0,797,2,traffic_signs,0.9577035903930664,1684.3604736328125,318.21502685546875,1783.16064453125,409.0595703125,1733.7605590820312,363.6372985839844,98.8001708984375,90.84454345703125
IMG_0028.mp4,1731,57.7,30.0,830,1,traffic_lights,0.5120842456817627,608.0836181640625,370.6124267578125,669.6694946289062,507.9278869628906,638.8765563964844,439.27015686035156,61.58587646484375,137.31546020507812
IMG_0028.mp4,1731,57.7,30.0,845,2,traffic_signs,0.6524248123168945,1713.9793701171875,415.7168273925781,1748.794921875,449.31201171875,1731.3871459960938,432.51441955566406,34.8155517578125,33.595184326171875
IMG_0028.mp4,1731,57.7,30.0,851,1,traffic_lights,0.3052366077899933,1564.27734375,441.5691833496094,1591.76611328125,486.0589599609375,1578.021728515625,463.81407165527344,27.48876953125,44.489776611328125
IMG_0028.mp4,1732,57.733333333333334,30.0,797,2,traffic_signs,0.958368182182312,1684.3660888671875,318.2436828613281,1783.2557373046875,409.2507629394531,1733.8109130859375,363.7472229003906,98.8896484375,91.007080078125
IMG_0028.mp4,1732,57.733333333333334,30.0,830,1,traffic_lights,0.547123908996582,608.1529541015625,370.1368713378906,669.68994140625,507.745849609375,638.9214477539062,438.9413604736328,61.5369873046875,137.60897827148438
IMG_0028.mp4,1732,57.733333333333334,30.0,845,2,traffic_signs,0.7729642987251282,1713.8140869140625,415.62017822265625,1749.21484375,449.68768310546875,1731.5144653320312,432.6539306640625,35.4007568359375,34.0675048828125
IMG_0028.mp4,1732,57.733333333333334,30.0,851,1,traffic_lights,0.3060804605484009,1564.4554443359375,441.5427551269531,1591.74658203125,486.0795593261719,1578.1010131835938,463.8111572265625,27.2911376953125,44.53680419921875
IMG_0028.mp4,1733,57.766666666666666,30.0,797,2,traffic_signs,0.9581922292709351,1684.3465576171875,318.1268615722656,1783.4351806640625,409.26611328125,1733.890869140625,363.6964874267578,99.088623046875,91.13925170898438
IMG_0028.mp4,1733,57.766666666666666,30.0,830,1,traffic_lights,0.6094917058944702,608.1473388671875,370.0892333984375,669.6719970703125,507.44451904296875,638.90966796875,438.7668762207031,61.524658203125,137.35528564453125
IMG_0028.mp4,1733,57.766666666666666,30.0,845,2,traffic_signs,0.7559318542480469,1713.8306884765625,415.4090270996094,1749.6373291015625,449.8189697265625,1731.7340087890625,432.61399841308594,35.806640625,34.409942626953125
IMG_0028.mp4,1733,57.766666666666666,30.0,851,1,traffic_lights,0.2651720345020294,1564.6800537109375,441.4960021972656,1591.714599609375,485.992431640625,1578.1973266601562,463.7442169189453,27.0345458984375,44.496429443359375
IMG_0028.mp4,1734,57.8,30.0,797,2,traffic_signs,0.9579369425773621,1684.3492431640625,317.9895935058594,1783.5843505859375,408.9703063964844,1733.966796875,363.4799499511719,99.235107421875,90.980712890625
IMG_0028.mp4,1734,57.8,30.0,830,1,traffic_lights,0.5609400272369385,607.834716796875,370.68829345703125,669.5517578125,507.352294921875,638.6932373046875,439.0202941894531,61.717041015625,136.66400146484375
IMG_0028.mp4,1734,57.8,30.0,845,2,traffic_signs,0.6429263353347778,1714.27978515625,415.71356201171875,1748.938232421875,449.0791320800781,1731.6090087890625,432.39634704589844,34.658447265625,33.365570068359375
IMG_0028.mp4,1734,57.8,30.0,851,1,traffic_lights,0.2881017029285431,1564.7406005859375,441.4849548339844,1591.7550048828125,485.960205078125,1578.247802734375,463.7225799560547,27.014404296875,44.475250244140625
IMG_0028.mp4,1735,57.833333333333336,30.0,797,2,traffic_signs,0.9585134983062744,1684.2733154296875,317.919921875,1783.5201416015625,409.0958251953125,1733.896728515625,363.50787353515625,99.246826171875,91.1759033203125
IMG_0028.mp4,1735,57.833333333333336,30.0,830,1,traffic_lights,0.5998555421829224,608.0393676757812,370.5140075683594,669.6029052734375,507.2770080566406,638.8211364746094,438.8955078125,61.56353759765625,136.76300048828125
IMG_0028.mp4,1735,57.833333333333336,30.0,845,2,traffic_signs,0.7859321236610413,1713.900634765625,415.47528076171875,1749.70751953125,449.6999206542969,1731.8040771484375,432.5876007080078,35.806884765625,34.224639892578125
IMG_0028.mp4,1735,57.833333333333336,30.0,851,1,traffic_lights,0.3106805980205536,1564.57763671875,441.3948974609375,1591.6324462890625,485.9044189453125,1578.1050415039062,463.649658203125,27.0548095703125,44.509521484375
IMG_0028.mp4,1736,57.86666666666667,30.0,797,2,traffic_signs,0.9588857889175415,1684.177490234375,317.8294677734375,1783.3734130859375,409.02728271484375,1733.7754516601562,363.4283752441406,99.1959228515625,91.19781494140625
IMG_0028.mp4,1736,57.86666666666667,30.0,830,1,traffic_lights,0.6122639179229736,608.6793212890625,369.8914489746094,669.6497192382812,506.96063232421875,639.1645202636719,438.42604064941406,60.97039794921875,137.06918334960938
IMG_0028.mp4,1736,57.86666666666667,30.0,845,2,traffic_signs,0.773178219795227,1713.602294921875,415.1409606933594,1749.9241943359375,449.56915283203125,1731.7632446289062,432.3550567626953,36.3218994140625,34.428192138671875
IMG_0028.mp4,1737,57.9,30.0,797,2,traffic_signs,0.9587734341621399,1684.1405029296875,317.9591369628906,1783.1595458984375,409.21185302734375,1733.6500244140625,363.5854949951172,99.01904296875,91.25271606445312
IMG_0028.mp4,1737,57.9,30.0,830,1,traffic_lights,0.30349838733673096,608.2915649414062,370.55474853515625,669.6934814453125,506.8168029785156,638.9925231933594,438.68577575683594,61.40191650390625,136.26205444335938
IMG_0028.mp4,1737,57.9,30.0,845,2,traffic_signs,0.708615779876709,1713.7408447265625,415.404052734375,1748.7850341796875,448.7723388671875,1731.262939453125,432.08819580078125,35.044189453125,33.3682861328125
IMG_0028.mp4,1738,57.93333333333333,30.0,797,2,traffic_signs,0.9585256576538086,1684.1593017578125,318.0439453125,1783.092041015625,409.2076416015625,1733.6256713867188,363.62579345703125,98.9327392578125,91.1636962890625
IMG_0028.mp4,1738,57.93333333333333,30.0,830,1,traffic_lights,0.440601110458374,608.508544921875,369.9522705078125,669.6002807617188,506.9871520996094,639.0544128417969,438.46971130371094,61.09173583984375,137.03488159179688
IMG_0028.mp4,1738,57.93333333333333,30.0,845,2,traffic_signs,0.7727540135383606,1713.5128173828125,415.1608581542969,1749.28564453125,449.3700866699219,1731.3992309570312,432.2654724121094,35.7728271484375,34.209228515625
IMG_0028.mp4,1739,57.96666666666667,30.0,797,2,traffic_signs,0.9584774374961853,1684.2420654296875,318.0997619628906,1783.3822021484375,409.24072265625,1733.8121337890625,363.6702423095703,99.14013671875,91.14096069335938
IMG_0028.mp4,1739,57.96666666666667,30.0,830,1,traffic_lights,0.4818039834499359,608.5078125,370.0036926269531,669.6306762695312,506.96697998046875,639.0692443847656,438.48533630371094,61.12286376953125,136.96328735351562
IMG_0028.mp4,1739,57.96666666666667,30.0,845,2,traffic_signs,0.7605132460594177,1713.7633056640625,415.1882629394531,1749.9376220703125,449.6499938964844,1731.8504638671875,432.41912841796875,36.17431640625,34.46173095703125
IMG_0028.mp4,1740,58.0,30.0,797,2,traffic_signs,0.9582588076591492,1684.3280029296875,318.1484375,1783.56640625,409.1484069824219,1733.9472045898438,363.64842224121094,99.2384033203125,90.99996948242188
IMG_0028.mp4,1740,58.0,30.0,830,1,traffic_lights,0.556159257888794,607.6542358398438,370.6310119628906,669.43212890625,507.1490783691406,638.5431823730469,438.8900451660156,61.77789306640625,136.51806640625
IMG_0028.mp4,1740,58.0,30.0,845,2,traffic_signs,0.7096068859100342,1714.0892333984375,415.4778747558594,1749.14111328125,448.9803161621094,1731.6151733398438,432.2290954589844,35.0518798828125,33.50244140625
IMG_0028.mp4,1740,58.0,30.0,851,1,traffic_lights,0.261074960231781,1564.6448974609375,441.3514709472656,1591.755615234375,485.8898620605469,1578.2002563476562,463.62066650390625,27.1107177734375,44.53839111328125
IMG_0028.mp4,1741,58.03333333333333,30.0,797,2,traffic_signs,0.9586083292961121,1684.372314453125,318.11822509765625,1783.659912109375,409.1809387207031,1734.01611328125,363.6495819091797,99.28759765625,91.06271362304688
IMG_0028.mp4,1741,58.03333333333333,30.0,830,1,traffic_lights,0.7301313281059265,607.7075805664062,370.4577941894531,669.3490600585938,507.0937805175781,638.5283203125,438.7757873535156,61.6414794921875,136.635986328125
IMG_0028.mp4,1741,58.03333333333333,30.0,845,2,traffic_signs,0.7906959652900696,1713.9869384765625,415.47015380859375,1749.23779296875,449.5272216796875,1731.6123657226562,432.4986877441406,35.2508544921875,34.05706787109375
IMG_0028.mp4,1741,58.03333333333333,30.0,851,1,traffic_lights,0.27255043387413025,1565.0645751953125,441.31622314453125,1591.885986328125,485.9383544921875,1578.4752807617188,463.6272888183594,26.8214111328125,44.62213134765625
IMG_0028.mp4,1742,58.06666666666667,30.0,797,2,traffic_signs,0.9583374857902527,1684.242919921875,318.1505432128906,1783.5765380859375,409.1518249511719,1733.9097290039062,363.65118408203125,99.3336181640625,91.00128173828125
IMG_0028.mp4,1742,58.06666666666667,30.0,830,1,traffic_lights,0.7863198518753052,607.204345703125,370.0871276855469,669.449462890625,507.4358825683594,638.326904296875,438.7615051269531,62.2451171875,137.3487548828125
IMG_0028.mp4,1742,58.06666666666667,30.0,845,2,traffic_signs,0.7763567566871643,1713.906494140625,415.4779968261719,1749.72412109375,449.8812561035156,1731.8153076171875,432.67962646484375,35.817626953125,34.40325927734375
IMG_0028.mp4,1742,58.06666666666667,30.0,851,1,traffic_lights,0.3090645670890808,1564.940185546875,441.230712890625,1591.7843017578125,486.0259094238281,1578.3622436523438,463.62831115722656,26.8441162109375,44.795196533203125
IMG_0028.mp4,1743,58.1,30.0,797,2,traffic_signs,0.9575353264808655,1684.0106201171875,318.00958251953125,1783.5294189453125,408.9971618652344,1733.77001953125,363.5033721923828,99.518798828125,90.98757934570312
IMG_0028.mp4,1743,58.1,30.0,830,1,traffic_lights,0.8243784308433533,607.0436401367188,370.77130126953125,669.6699829101562,507.0788879394531,638.3568115234375,438.9250946044922,62.6263427734375,136.30758666992188
IMG_0028.mp4,1743,58.1,30.0,845,2,traffic_signs,0.5526196360588074,1714.0089111328125,415.6716613769531,1748.745849609375,449.25946044921875,1731.3773803710938,432.46556091308594,34.7369384765625,33.587799072265625
IMG_0028.mp4,1743,58.1,30.0,851,1,traffic_lights,0.2958188056945801,1564.7073974609375,441.1282043457031,1591.655517578125,485.8135986328125,1578.1814575195312,463.4709014892578,26.9481201171875,44.685394287109375
IMG_0028.mp4,1744,58.13333333333333,30.0,797,2,traffic_signs,0.9575337171554565,1683.84423828125,318.1468505859375,1783.298583984375,409.0940856933594,1733.5714111328125,363.62046813964844,99.454345703125,90.94723510742188
IMG_0028.mp4,1744,58.13333333333333,30.0,830,1,traffic_lights,0.8671146631240845,607.1563720703125,370.70709228515625,669.97705078125,507.322998046875,638.5667114257812,439.0150451660156,62.8206787109375,136.61590576171875
IMG_0028.mp4,1744,58.13333333333333,30.0,845,2,traffic_signs,0.7270506024360657,1713.602783203125,415.47320556640625,1749.243896484375,449.6651916503906,1731.42333984375,432.56919860839844,35.64111328125,34.191986083984375
IMG_0028.mp4,1744,58.13333333333333,30.0,851,1,traffic_lights,0.366486132144928,1564.4295654296875,441.16070556640625,1591.5888671875,485.8744812011719,1578.0092163085938,463.51759338378906,27.1593017578125,44.713775634765625
IMG_0028.mp4,1745,58.166666666666664,30.0,797,2,traffic_signs,0.9574093222618103,1683.89306640625,318.1213684082031,1783.2879638671875,409.0605163574219,1733.5905151367188,363.5909423828125,99.3948974609375,90.93914794921875
IMG_0028.mp4,1745,58.166666666666664,30.0,830,1,traffic_lights,0.8984206318855286,607.1739501953125,370.8736572265625,670.1422729492188,507.6944274902344,638.6581115722656,439.28404235839844,62.96832275390625,136.82077026367188
IMG_0028.mp4,1745,58.166666666666664,30.0,845,2,traffic_signs,0.7342468500137329,1713.63232421875,415.508056640625,1749.201171875,450.0614929199219,1731.416748046875,432.78477478027344,35.56884765625,34.553436279296875
IMG_0028.mp4,1745,58.166666666666664,30.0,851,1,traffic_lights,0.31044280529022217,1564.6943359375,441.318115234375,1591.4908447265625,486.0205078125,1578.0925903320312,463.6693115234375,26.7965087890625,44.702392578125
IMG_0028.mp4,1746,58.2,30.0,797,2,traffic_signs,0.9572571516036987,1684.0684814453125,318.0442199707031,1783.33984375,408.8828430175781,1733.7041625976562,363.4635314941406,99.2713623046875,90.838623046875
IMG_0028.mp4,1746,58.2,30.0,830,1,traffic_lights,0.8888845443725586,607.0431518554688,371.36956787109375,670.0382080078125,507.6553649902344,638.5406799316406,439.51246643066406,62.99505615234375,136.28579711914062
IMG_0028.mp4,1746,58.2,30.0,845,2,traffic_signs,0.6156023144721985,1713.70751953125,415.7177734375,1748.5943603515625,449.1694641113281,1731.1509399414062,432.44361877441406,34.8868408203125,33.451690673828125
IMG_0028.mp4,1746,58.2,30.0,851,1,traffic_lights,0.36815494298934937,1564.657958984375,441.3705749511719,1591.52587890625,485.9988708496094,1578.0919189453125,463.6847229003906,26.867919921875,44.6282958984375
IMG_0028.mp4,1747,58.233333333333334,30.0,797,2,traffic_signs,0.957503080368042,1684.02392578125,318.12457275390625,1783.5247802734375,409.15362548828125,1733.7743530273438,363.63909912109375,99.5008544921875,91.029052734375
IMG_0028.mp4,1747,58.233333333333334,30.0,830,1,traffic_lights,0.8740604519844055,606.9727783203125,371.1141662597656,670.038818359375,507.8197326660156,638.5057983398438,439.4669494628906,63.0660400390625,136.70556640625
IMG_0028.mp4,1747,58.233333333333334,30.0,845,2,traffic_signs,0.7731006145477295,1713.5264892578125,415.6791687011719,1749.196044921875,449.871337890625,1731.3612670898438,432.77525329589844,35.6695556640625,34.192169189453125
IMG_0028.mp4,1747,58.233333333333334,30.0,851,1,traffic_lights,0.3598877191543579,1564.78515625,441.4901123046875,1591.629638671875,486.1205749511719,1578.2073974609375,463.8053436279297,26.844482421875,44.630462646484375
IMG_0028.mp4,1747,58.233333333333334,30.0,901,2,traffic_signs,0.6008925437927246,1188.844482421875,632.7115478515625,1200.04443359375,642.9251098632812,1194.4444580078125,637.8183288574219,11.199951171875,10.21356201171875
IMG_0028.mp4,1748,58.266666666666666,30.0,797,2,traffic_signs,0.9570255875587463,1684.086181640625,318.22808837890625,1783.79345703125,409.2265319824219,1733.9398193359375,363.72731018066406,99.707275390625,90.99844360351562
IMG_0028.mp4,1748,58.266666666666666,30.0,830,1,traffic_lights,0.6528868079185486,606.5701904296875,371.0560302734375,670.012939453125,507.859130859375,638.2915649414062,439.45758056640625,63.4427490234375,136.8031005859375
IMG_0028.mp4,1748,58.266666666666666,30.0,845,2,traffic_signs,0.7352220416069031,1713.708984375,415.66363525390625,1750.1077880859375,450.1124572753906,1731.9083862304688,432.88804626464844,36.3988037109375,34.448822021484375
IMG_0028.mp4,1748,58.266666666666666,30.0,851,1,traffic_lights,0.3704099655151367,1564.559326171875,441.63385009765625,1591.8294677734375,486.329345703125,1578.1943969726562,463.9815979003906,27.2701416015625,44.69549560546875
IMG_0028.mp4,1748,58.266666666666666,30.0,901,2,traffic_signs,0.551421582698822,1189.06884765625,632.748779296875,1200.06396484375,643.2382202148438,1194.56640625,637.9934997558594,10.9951171875,10.48944091796875
IMG_0028.mp4,1748,58.266666666666666,30.0,890,1,traffic_lights,0.3038727939128876,73.45845031738281,589.6809692382812,89.82575225830078,612.3241577148438,81.6421012878418,601.0025634765625,16.36730194091797,22.6431884765625
IMG_0028.mp4,1749,58.3,30.0,797,2,traffic_signs,0.9569343328475952,1684.3092041015625,318.1179504394531,1783.8603515625,408.9681396484375,1734.0847778320312,363.5430450439453,99.5511474609375,90.85018920898438
IMG_0028.mp4,1749,58.3,30.0,830,1,traffic_lights,0.798225998878479,605.8882446289062,371.84271240234375,669.4658813476562,507.85858154296875,637.6770629882812,439.85064697265625,63.57763671875,136.015869140625
IMG_0028.mp4,1749,58.3,30.0,845,2,traffic_signs,0.5125377178192139,1713.9393310546875,415.7076721191406,1749.3408203125,449.2744140625,1731.6400756835938,432.4910430908203,35.4014892578125,33.566741943359375
IMG_0028.mp4,1749,58.3,30.0,851,1,traffic_lights,0.3800165355205536,1564.524658203125,441.65667724609375,1591.894775390625,486.36981201171875,1578.209716796875,464.01324462890625,27.3701171875,44.713134765625
IMG_0028.mp4,1749,58.3,30.0,901,2,traffic_signs,0.5115564465522766,1189.1199951171875,632.6964721679688,1200.0936279296875,643.2959594726562,1194.6068115234375,637.9962158203125,10.9736328125,10.5994873046875
IMG_0028.mp4,1749,58.3,30.0,902,2,traffic_signs,0.8453813791275024,1090.7900390625,602.4435424804688,1105.8955078125,625.0109252929688,1098.3427734375,613.7272338867188,15.10546875,22.5673828125
IMG_0028.mp4,1749,58.3,30.0,890,1,traffic_lights,0.33594831824302673,73.30186462402344,589.591552734375,89.55579376220703,612.25537109375,81.42882919311523,600.9234619140625,16.253929138183594,22.663818359375
IMG_0028.mp4,1750,58.333333333333336,30.0,797,2,traffic_signs,0.9569437503814697,1684.5986328125,318.1285400390625,1783.9664306640625,408.9233703613281,1734.2825317382812,363.5259552001953,99.3677978515625,90.79483032226562
IMG_0028.mp4,1750,58.333333333333336,30.0,830,1,traffic_lights,0.8608548641204834,606.0178833007812,371.4562683105469,669.7814331054688,508.2674560546875,637.899658203125,439.8618621826172,63.7635498046875,136.81118774414062
IMG_0028.mp4,1750,58.333333333333336,30.0,845,2,traffic_signs,0.7083455920219421,1714.026611328125,415.7286682128906,1749.8328857421875,450.10052490234375,1731.9297485351562,432.9145965576172,35.8062744140625,34.371856689453125
IMG_0028.mp4,1750,58.333333333333336,30.0,851,1,traffic_lights,0.45151233673095703,1564.6083984375,441.6944885253906,1592.060791015625,486.50823974609375,1578.3345947265625,464.1013641357422,27.452392578125,44.813751220703125
IMG_0028.mp4,1750,58.333333333333336,30.0,901,2,traffic_signs,0.4608326554298401,1189.2686767578125,633.027099609375,1200.052490234375,643.934814453125,1194.6605834960938,638.48095703125,10.7838134765625,10.90771484375
IMG_0028.mp4,1750,58.333333333333336,30.0,902,2,traffic_signs,0.8445433974266052,1090.5814208984375,602.6597290039062,1105.94873046875,625.809814453125,1098.2650756835938,614.2347717285156,15.3673095703125,23.15008544921875
IMG_0028.mp4,1750,58.333333333333336,30.0,890,1,traffic_lights,0.43332424759864807,73.30653381347656,589.9691772460938,89.10892486572266,612.4312133789062,81.20772933959961,601.2001953125,15.802391052246094,22.4620361328125
IMG_0028.mp4,1751,58.36666666666667,30.0,797,2,traffic_signs,0.9562568068504333,1684.6829833984375,318.03118896484375,1784.076904296875,408.75421142578125,1734.3799438476562,363.3927001953125,99.3939208984375,90.7230224609375
IMG_0028.mp4,1751,58.36666666666667,30.0,830,1,traffic_lights,0.8408678770065308,605.9413452148438,371.1834411621094,669.92236328125,508.2504577636719,637.9318542480469,439.7169494628906,63.98101806640625,137.0670166015625
IMG_0028.mp4,1751,58.36666666666667,30.0,845,2,traffic_signs,0.6868453025817871,1714.103271484375,415.4889221191406,1749.888916015625,450.11181640625,1731.99609375,432.8003692626953,35.78564453125,34.622894287109375
IMG_0028.mp4,1751,58.36666666666667,30.0,851,1,traffic_lights,0.46456730365753174,1564.512451171875,441.4613037109375,1592.1163330078125,486.3389587402344,1578.3143920898438,463.90013122558594,27.6038818359375,44.877655029296875
IMG_0028.mp4,1751,58.36666666666667,30.0,901,2,traffic_signs,0.43334367871284485,1189.3804931640625,632.7192993164062,1199.9737548828125,644.0658569335938,1194.6771240234375,638.392578125,10.59326171875,11.3465576171875
IMG_0028.mp4,1751,58.36666666666667,30.0,902,2,traffic_signs,0.8258171677589417,1090.74951171875,602.288330078125,1105.8712158203125,625.7529296875,1098.3103637695312,614.0206298828125,15.1217041015625,23.464599609375
IMG_0028.mp4,1751,58.36666666666667,30.0,890,1,traffic_lights,0.5513432621955872,73.61408996582031,589.7640991210938,89.20758056640625,612.85205078125,81.41083526611328,601.3080749511719,15.593490600585938,23.08795166015625
IMG_0028.mp4,1752,58.4,30.0,797,2,traffic_signs,0.9568278193473816,1684.75146484375,318.04254150390625,1784.1279296875,408.59210205078125,1734.439697265625,363.31732177734375,99.37646484375,90.549560546875
IMG_0028.mp4,1752,58.4,30.0,830,1,traffic_lights,0.7349210381507874,605.8489990234375,371.9161376953125,669.69091796875,508.19268798828125,637.7699584960938,440.0544128417969,63.8419189453125,136.27655029296875
IMG_0028.mp4,1752,58.4,30.0,845,2,traffic_signs,0.5929508805274963,1714.4632568359375,415.7108459472656,1749.378662109375,449.31884765625,1731.9209594726562,432.5148468017578,34.9154052734375,33.608001708984375
IMG_0028.mp4,1752,58.4,30.0,851,1,traffic_lights,0.4508516490459442,1564.54638671875,441.3691101074219,1592.1810302734375,486.1878356933594,1578.3637084960938,463.7784729003906,27.6346435546875,44.8187255859375
IMG_0028.mp4,1752,58.4,30.0,902,2,traffic_signs,0.8342123031616211,1090.9267578125,602.2625122070312,1106.060791015625,625.7723999023438,1098.4937744140625,614.0174560546875,15.134033203125,23.5098876953125
IMG_0028.mp4,1752,58.4,30.0,890,1,traffic_lights,0.6091697812080383,73.80050659179688,589.757568359375,89.21996307373047,613.0474853515625,81.51023483276367,601.4025268554688,15.419456481933594,23.2899169921875
IMG_0028.mp4,1753,58.43333333333333,30.0,797,2,traffic_signs,0.9569730758666992,1684.5081787109375,318.07342529296875,1783.7464599609375,408.68646240234375,1734.1273193359375,363.37994384765625,99.23828125,90.613037109375
IMG_0028.mp4,1753,58.43333333333333,30.0,830,1,traffic_lights,0.7784245610237122,606.1181030273438,371.73284912109375,669.7261352539062,508.018798828125,637.922119140625,439.8758239746094,63.6080322265625,136.28594970703125
IMG_0028.mp4,1753,58.43333333333333,30.0,845,2,traffic_signs,0.6368878483772278,1714.052490234375,415.4515686035156,1749.318603515625,449.63287353515625,1731.685546875,432.54222106933594,35.26611328125,34.181304931640625
IMG_0028.mp4,1753,58.43333333333333,30.0,851,1,traffic_lights,0.4004564583301544,1564.495361328125,441.0560607910156,1591.84765625,486.0764465332031,1578.1715087890625,463.5662536621094,27.352294921875,45.0203857421875
IMG_0028.mp4,1753,58.43333333333333,30.0,902,2,traffic_signs,0.8304536938667297,1090.7691650390625,602.122802734375,1106.0838623046875,625.68310546875,1098.426513671875,613.9029541015625,15.314697265625,23.560302734375
IMG_0028.mp4,1753,58.43333333333333,30.0,890,1,traffic_lights,0.5272929668426514,73.99739837646484,589.3502197265625,89.37120056152344,612.739501953125,81.68429946899414,601.0448608398438,15.373802185058594,23.3892822265625
IMG_0028.mp4,1754,58.46666666666667,30.0,797,2,traffic_signs,0.9567723870277405,1684.4886474609375,318.2113342285156,1783.6351318359375,408.8641052246094,1734.0618896484375,363.5377197265625,99.146484375,90.65277099609375
IMG_0028.mp4,1754,58.46666666666667,30.0,830,1,traffic_lights,0.8020460605621338,606.62353515625,371.2498779296875,670.2177734375,507.8467102050781,638.420654296875,439.5482940673828,63.59423828125,136.59683227539062
IMG_0028.mp4,1754,58.46666666666667,30.0,845,2,traffic_signs,0.6885727047920227,1713.774658203125,415.5281677246094,1749.3568115234375,450.0218505859375,1731.5657348632812,432.77500915527344,35.5821533203125,34.493682861328125
IMG_0028.mp4,1754,58.46666666666667,30.0,851,1,traffic_lights,0.49209848046302795,1564.240234375,441.20184326171875,1591.9669189453125,486.124755859375,1578.1035766601562,463.6632995605469,27.7266845703125,44.92291259765625
IMG_0028.mp4,1754,58.46666666666667,30.0,902,2,traffic_signs,0.8279167413711548,1090.7984619140625,602.1611328125,1106.06591796875,625.6649169921875,1098.4321899414062,613.9130249023438,15.2674560546875,23.5037841796875
IMG_0028.mp4,1754,58.46666666666667,30.0,890,1,traffic_lights,0.33694568276405334,74.1727523803711,589.3023681640625,89.39837646484375,612.7737426757812,81.78556442260742,601.0380554199219,15.225624084472656,23.47137451171875
IMG_0028.mp4,1755,58.5,30.0,797,2,traffic_signs,0.9569364190101624,1684.6885986328125,318.15130615234375,1783.752197265625,409.0028381347656,1734.2203979492188,363.5770721435547,99.0635986328125,90.85153198242188
IMG_0028.mp4,1755,58.5,30.0,830,1,traffic_lights,0.7905098795890808,607.2446899414062,371.7179870605469,670.317626953125,507.6295166015625,638.7811584472656,439.6737518310547,63.07293701171875,135.91152954101562
IMG_0028.mp4,1755,58.5,30.0,845,2,traffic_signs,0.41982099413871765,1714.2293701171875,415.8260803222656,1748.7261962890625,449.2215881347656,1731.477783203125,432.5238342285156,34.496826171875,33.3955078125
IMG_0028.mp4,1755,58.5,30.0,851,1,traffic_lights,0.41649898886680603,1564.3629150390625,441.22625732421875,1592.096435546875,486.0373840332031,1578.2296752929688,463.63182067871094,27.7335205078125,44.811126708984375
IMG_0028.mp4,1755,58.5,30.0,902,2,traffic_signs,0.8271996974945068,1090.864013671875,601.9592895507812,1106.2080078125,625.7035522460938,1098.5360107421875,613.8314208984375,15.343994140625,23.7442626953125
IMG_0028.mp4,1755,58.5,30.0,890,1,traffic_lights,0.42072227597236633,74.16259765625,589.159912109375,89.68939971923828,612.6473999023438,81.92599868774414,600.9036560058594,15.526802062988281,23.48748779296875
IMG_0028.mp4,1756,58.53333333333333,30.0,797,2,traffic_signs,0.9571946859359741,1684.5845947265625,318.16650390625,1783.4361572265625,408.85687255859375,1734.0103759765625,363.5116882324219,98.8515625,90.69036865234375
IMG_0028.mp4,1756,58.53333333333333,30.0,830,1,traffic_lights,0.8936111927032471,607.4224243164062,371.16656494140625,670.1395263671875,507.9499206542969,638.7809753417969,439.55824279785156,62.71710205078125,136.78335571289062
IMG_0028.mp4,1756,58.53333333333333,30.0,845,2,traffic_signs,0.6642186045646667,1713.8404541015625,415.59979248046875,1749.035888671875,449.6026306152344,1731.4381713867188,432.60121154785156,35.1954345703125,34.002838134765625
IMG_0028.mp4,1756,58.53333333333333,30.0,851,1,traffic_lights,0.44095462560653687,1564.16552734375,441.2086181640625,1591.9722900390625,486.0029602050781,1578.0689086914062,463.6057891845703,27.8067626953125,44.794342041015625
IMG_0028.mp4,1756,58.53333333333333,30.0,902,2,traffic_signs,0.7943151593208313,1090.80322265625,601.6508178710938,1106.202392578125,625.7506103515625,1098.5028076171875,613.7007141113281,15.399169921875,24.09979248046875
IMG_0028.mp4,1756,58.53333333333333,30.0,890,1,traffic_lights,0.38479337096214294,73.85404205322266,589.1044921875,89.8859634399414,612.59912109375,81.87000274658203,600.851806640625,16.03192138671875,23.49462890625
IMG_0028.mp4,1757,58.56666666666667,30.0,797,2,traffic_signs,0.9568284749984741,1684.7015380859375,318.23779296875,1783.64111328125,408.7633972167969,1734.1713256835938,363.50059509277344,98.9395751953125,90.52560424804688
IMG_0028.mp4,1757,58.56666666666667,30.0,830,1,traffic_lights,0.917434573173523,607.6205444335938,371.2029113769531,669.9564819335938,507.9023132324219,638.7885131835938,439.5526123046875,62.3359375,136.69940185546875
IMG_0028.mp4,1757,58.56666666666667,30.0,845,2,traffic_signs,0.6537549495697021,1713.888427734375,415.5151062011719,1749.195068359375,449.99786376953125,1731.541748046875,432.75648498535156,35.306640625,34.482757568359375
IMG_0028.mp4,1757,58.56666666666667,30.0,851,1,traffic_lights,0.37863093614578247,1564.4288330078125,441.3125305175781,1592.017333984375,486.0382080078125,1578.2230834960938,463.6753692626953,27.5885009765625,44.725677490234375
IMG_0028.mp4,1757,58.56666666666667,30.0,902,2,traffic_signs,0.7966961860656738,1090.802978515625,601.6319580078125,1106.3482666015625,625.8088989257812,1098.5756225585938,613.7204284667969,15.5452880859375,24.17694091796875
IMG_0028.mp4,1758,58.6,30.0,797,2,traffic_signs,0.9568103551864624,1684.784423828125,318.20245361328125,1783.80126953125,408.6603698730469,1734.2928466796875,363.43141174316406,99.016845703125,90.45791625976562
IMG_0028.mp4,1758,58.6,30.0,830,1,traffic_lights,0.8376479744911194,607.2506103515625,371.627197265625,669.7139892578125,507.9547119140625,638.4822998046875,439.79095458984375,62.46337890625,136.3275146484375
IMG_0028.mp4,1758,58.6,30.0,845,2,traffic_signs,0.5047281980514526,1714.108642578125,415.7615661621094,1748.6168212890625,449.3270568847656,1731.3627319335938,432.5443115234375,34.5081787109375,33.56549072265625
IMG_0028.mp4,1758,58.6,30.0,851,1,traffic_lights,0.36012303829193115,1564.5400390625,441.3785095214844,1592.0819091796875,486.081298828125,1578.3109741210938,463.7299041748047,27.5418701171875,44.702789306640625
IMG_0028.mp4,1758,58.6,30.0,902,2,traffic_signs,0.7544341683387756,1090.7806396484375,601.5972900390625,1106.36572265625,625.6185913085938,1098.5731811523438,613.6079406738281,15.5850830078125,24.02130126953125
IMG_0028.mp4,1759,58.63333333333333,30.0,797,2,traffic_signs,0.9572663307189941,1684.8726806640625,318.1463928222656,1783.970703125,408.544189453125,1734.4216918945312,363.3452911376953,99.0980224609375,90.39779663085938
IMG_0028.mp4,1759,58.63333333333333,30.0,830,1,traffic_lights,0.8884975910186768,607.1533813476562,371.3175354003906,669.5913696289062,508.137939453125,638.3723754882812,439.7277374267578,62.43798828125,136.82040405273438
IMG_0028.mp4,1759,58.63333333333333,30.0,845,2,traffic_signs,0.7408025860786438,1714.012939453125,415.6012268066406,1749.255615234375,449.7208557128906,1731.63427734375,432.6610412597656,35.24267578125,34.11962890625
IMG_0028.mp4,1759,58.63333333333333,30.0,851,1,traffic_lights,0.3078334927558899,1564.653076171875,441.3407897949219,1591.994140625,486.10174560546875,1578.3236083984375,463.7212677001953,27.341064453125,44.760955810546875
IMG_0028.mp4,1759,58.63333333333333,30.0,902,2,traffic_signs,0.6771407127380371,1090.79345703125,601.5838623046875,1106.17529296875,625.6185302734375,1098.484375,613.6011962890625,15.3818359375,24.03466796875
IMG_0028.mp4,1760,58.666666666666664,30.0,797,2,traffic_signs,0.9575857520103455,1684.842041015625,318.1122741699219,1784.0382080078125,408.5938720703125,1734.4401245117188,363.3530731201172,99.1961669921875,90.48159790039062
IMG_0028.mp4,1760,58.666666666666664,30.0,830,1,traffic_lights,0.7015603184700012,607.0697021484375,370.9732360839844,669.5423583984375,508.76776123046875,638.3060302734375,439.87049865722656,62.47265625,137.79452514648438
IMG_0028.mp4,1760,58.666666666666664,30.0,845,2,traffic_signs,0.7596625089645386,1714.0811767578125,415.5267333984375,1749.5498046875,450.0337829589844,1731.8154907226562,432.78025817871094,35.4686279296875,34.507049560546875
IMG_0028.mp4,1760,58.666666666666664,30.0,851,1,traffic_lights,0.3604835569858551,1564.614990234375,441.365966796875,1592.0592041015625,486.1192321777344,1578.3370971679688,463.7425994873047,27.4442138671875,44.753265380859375
IMG_0028.mp4,1760,58.666666666666664,30.0,902,2,traffic_signs,0.5977165699005127,1090.72607421875,601.6475219726562,1106.1971435546875,625.6529541015625,1098.4616088867188,613.6502380371094,15.4710693359375,24.00543212890625
IMG_0028.mp4,1761,58.7,30.0,797,2,traffic_signs,0.9579810500144958,1684.9219970703125,317.96014404296875,1784.134033203125,408.631591796875,1734.5280151367188,363.2958679199219,99.2120361328125,90.67144775390625
IMG_0028.mp4,1761,58.7,30.0,830,1,traffic_lights,0.6449019908905029,607.0013427734375,371.2637023925781,669.7310791015625,509.3024597167969,638.3662109375,440.2830810546875,62.729736328125,138.03875732421875
IMG_0028.mp4,1761,58.7,30.0,845,2,traffic_signs,0.5320267081260681,1714.5079345703125,415.59259033203125,1749.2081298828125,449.2784423828125,1731.8580322265625,432.4355163574219,34.7001953125,33.68585205078125
IMG_0028.mp4,1761,58.7,30.0,851,1,traffic_lights,0.36959102749824524,1564.4193115234375,441.3232421875,1592.14892578125,485.9499816894531,1578.2841186523438,463.63661193847656,27.7296142578125,44.626739501953125
IMG_0028.mp4,1761,58.7,30.0,902,2,traffic_signs,0.3688720464706421,1090.82373046875,601.4884643554688,1106.34033203125,625.38818359375,1098.58203125,613.4383239746094,15.5166015625,23.89971923828125
IMG_0028.mp4,1762,58.733333333333334,30.0,797,2,traffic_signs,0.9577944278717041,1684.6839599609375,318.09210205078125,1783.848876953125,408.6333312988281,1734.2664184570312,363.3627166748047,99.1649169921875,90.54122924804688
IMG_0028.mp4,1762,58.733333333333334,30.0,830,1,traffic_lights,0.8555023670196533,607.27978515625,370.69610595703125,669.8549194335938,509.5616760253906,638.5673522949219,440.12889099121094,62.57513427734375,138.86557006835938
IMG_0028.mp4,1762,58.733333333333334,30.0,845,2,traffic_signs,0.7177284955978394,1714.1846923828125,415.4376220703125,1749.5059814453125,449.7347717285156,1731.8453369140625,432.58619689941406,35.3212890625,34.297149658203125
IMG_0028.mp4,1762,58.733333333333334,30.0,851,1,traffic_lights,0.2869471609592438,1564.66650390625,441.2297668457031,1591.801513671875,485.9045104980469,1578.2340087890625,463.567138671875,27.135009765625,44.67474365234375
IMG_0028.mp4,1762,58.733333333333334,30.0,902,2,traffic_signs,0.3774595558643341,1090.7464599609375,601.4973754882812,1106.205810546875,625.295654296875,1098.4761352539062,613.3965148925781,15.4593505859375,23.79827880859375
IMG_0028.mp4,1763,58.766666666666666,30.0,797,2,traffic_signs,0.9579493403434753,1684.533203125,318.1587829589844,1783.584228515625,408.6542663574219,1734.0587158203125,363.4065246582031,99.051025390625,90.4954833984375
IMG_0028.mp4,1763,58.766666666666666,30.0,830,1,traffic_lights,0.7805851101875305,607.2622680664062,370.57421875,669.8729248046875,509.5281677246094,638.5675964355469,440.0511932373047,62.61065673828125,138.95394897460938
IMG_0028.mp4,1763,58.766666666666666,30.0,845,2,traffic_signs,0.7017312049865723,1713.9197998046875,415.3813781738281,1749.3739013671875,449.8754577636719,1731.6468505859375,432.62841796875,35.4541015625,34.49407958984375
IMG_0028.mp4,1763,58.766666666666666,30.0,851,1,traffic_lights,0.2978915274143219,1564.438232421875,441.1868591308594,1591.754150390625,485.9015808105469,1578.09619140625,463.5442199707031,27.31591796875,44.7147216796875
IMG_0028.mp4,1763,58.766666666666666,30.0,902,2,traffic_signs,0.37141892313957214,1090.6021728515625,601.5256958007812,1106.049072265625,625.2400512695312,1098.3256225585938,613.3828735351562,15.4468994140625,23.71435546875
IMG_0028.mp4,1764,58.8,30.0,797,2,traffic_signs,0.9577851295471191,1684.7769775390625,318.0978088378906,1783.813720703125,408.65838623046875,1734.2953491210938,363.3780975341797,99.0367431640625,90.56057739257812
IMG_0028.mp4,1764,58.8,30.0,830,1,traffic_lights,0.5275476574897766,607.4840698242188,370.97308349609375,669.8912963867188,509.1147155761719,638.6876831054688,440.0438995361328,62.4072265625,138.14163208007812
IMG_0028.mp4,1764,58.8,30.0,845,2,traffic_signs,0.5973794460296631,1714.1778564453125,415.50665283203125,1748.913330078125,449.20904541015625,1731.5455932617188,432.35784912109375,34.7354736328125,33.702392578125
IMG_0028.mp4,1764,58.8,30.0,851,1,traffic_lights,0.325427383184433,1564.459228515625,441.27978515625,1591.9638671875,485.889892578125,1578.2115478515625,463.5848388671875,27.504638671875,44.610107421875
IMG_0028.mp4,1764,58.8,30.0,902,2,traffic_signs,0.3158469498157501,1090.661376953125,601.5759887695312,1106.1845703125,625.1195678710938,1098.4229736328125,613.3477783203125,15.523193359375,23.5435791015625
IMG_0028.mp4,1765,58.833333333333336,30.0,797,2,traffic_signs,0.9579567909240723,1684.771728515625,318.1029357910156,1783.759521484375,408.6465759277344,1734.265625,363.374755859375,98.98779296875,90.54364013671875
IMG_0028.mp4,1765,58.833333333333336,30.0,830,1,traffic_lights,0.7375380992889404,607.6846313476562,370.701416015625,669.9705810546875,508.9750671386719,638.8276062011719,439.83824157714844,62.28594970703125,138.27365112304688
IMG_0028.mp4,1765,58.833333333333336,30.0,845,2,traffic_signs,0.7005019783973694,1714.0274658203125,415.3616943359375,1749.7049560546875,449.4794006347656,1731.8662109375,432.42054748535156,35.677490234375,34.117706298828125
IMG_0028.mp4,1765,58.833333333333336,30.0,851,1,traffic_lights,0.35360583662986755,1564.4468994140625,441.30792236328125,1591.912841796875,485.9375915527344,1578.1798706054688,463.6227569580078,27.4659423828125,44.629669189453125
IMG_0028.mp4,1765,58.833333333333336,30.0,902,2,traffic_signs,0.46905261278152466,1090.509033203125,601.6439208984375,1106.24267578125,625.0640869140625,1098.3758544921875,613.35400390625,15.733642578125,23.420166015625
IMG_0028.mp4,1766,58.86666666666667,30.0,797,2,traffic_signs,0.9576979875564575,1684.8822021484375,318.06744384765625,1783.8026123046875,408.69036865234375,1734.3424072265625,363.37890625,98.92041015625,90.6229248046875
IMG_0028.mp4,1766,58.86666666666667,30.0,830,1,traffic_lights,0.7844081521034241,607.9498291015625,370.4434814453125,670.0595703125,508.2679443359375,639.0046997070312,439.355712890625,62.1097412109375,137.824462890625
IMG_0028.mp4,1766,58.86666666666667,30.0,845,2,traffic_signs,0.7199375629425049,1714.104248046875,415.3973388671875,1750.01123046875,449.76837158203125,1732.0577392578125,432.5828552246094,35.906982421875,34.37103271484375
IMG_0028.mp4,1766,58.86666666666667,30.0,851,1,traffic_lights,0.2898256778717041,1564.560302734375,441.2929382324219,1591.8817138671875,485.9548645019531,1578.2210083007812,463.6239013671875,27.3214111328125,44.66192626953125
IMG_0028.mp4,1766,58.86666666666667,30.0,902,2,traffic_signs,0.739870548248291,1090.5023193359375,601.72802734375,1106.468017578125,625.0222778320312,1098.4851684570312,613.3751525878906,15.9656982421875,23.29425048828125
IMG_0028.mp4,1767,58.9,30.0,797,2,traffic_signs,0.9576122760772705,1684.9520263671875,318.0007019042969,1783.7164306640625,408.8480224609375,1734.334228515625,363.4243621826172,98.764404296875,90.84732055664062
IMG_0028.mp4,1767,58.9,30.0,830,1,traffic_lights,0.5996948480606079,606.577392578125,371.4410095214844,669.6461791992188,508.69989013671875,638.1117858886719,440.07044982910156,63.06878662109375,137.25888061523438
IMG_0028.mp4,1767,58.9,30.0,845,2,traffic_signs,0.5894752144813538,1714.32470703125,415.8778991699219,1749.1041259765625,449.1383972167969,1731.7144165039062,432.5081481933594,34.7794189453125,33.260498046875
IMG_0028.mp4,1767,58.9,30.0,851,1,traffic_lights,0.31165698170661926,1564.4876708984375,441.30255126953125,1591.92529296875,485.9151916503906,1578.2064819335938,463.60887145996094,27.4376220703125,44.612640380859375
IMG_0028.mp4,1767,58.9,30.0,902,2,traffic_signs,0.7289648056030273,1090.5299072265625,601.7048950195312,1106.48876953125,625.0364990234375,1098.5093383789062,613.3706970214844,15.9588623046875,23.33160400390625
IMG_0028.mp4,1768,58.93333333333333,30.0,797,2,traffic_signs,0.9573505520820618,1685.0601806640625,317.93243408203125,1783.9853515625,408.7629089355469,1734.5227661132812,363.34767150878906,98.9251708984375,90.83047485351562
IMG_0028.mp4,1768,58.93333333333333,30.0,830,1,traffic_lights,0.5096389055252075,606.9682006835938,370.97857666015625,669.8893432617188,508.7072448730469,638.4287719726562,439.84291076660156,62.921142578125,137.72866821289062
IMG_0028.mp4,1768,58.93333333333333,30.0,845,2,traffic_signs,0.7379003167152405,1714.372314453125,415.4580383300781,1750.2586669921875,449.7204284667969,1732.3154907226562,432.5892333984375,35.8863525390625,34.26239013671875
IMG_0028.mp4,1768,58.93333333333333,30.0,902,2,traffic_signs,0.7894756197929382,1090.655029296875,601.7752685546875,1106.6231689453125,625.17041015625,1098.6390991210938,613.4728393554688,15.9681396484375,23.3951416015625
IMG_0028.mp4,1769,58.96666666666667,30.0,797,2,traffic_signs,0.957078218460083,1684.9595947265625,317.8699951171875,1783.942626953125,408.6855773925781,1734.4511108398438,363.2777862548828,98.9830322265625,90.81558227539062
IMG_0028.mp4,1769,58.96666666666667,30.0,830,1,traffic_lights,0.47368136048316956,606.5460205078125,371.15130615234375,669.4553833007812,508.3931579589844,638.0007019042969,439.77223205566406,62.90936279296875,137.24185180664062
IMG_0028.mp4,1769,58.96666666666667,30.0,845,2,traffic_signs,0.704120397567749,1714.144287109375,415.2993469238281,1750.6256103515625,449.98785400390625,1732.3849487304688,432.6436004638672,36.4813232421875,34.688507080078125
IMG_0028.mp4,1769,58.96666666666667,30.0,902,2,traffic_signs,0.7924567461013794,1090.7257080078125,601.7532348632812,1106.5576171875,625.2567138671875,1098.6416625976562,613.5049743652344,15.8319091796875,23.50347900390625
IMG_0028.mp4,1769,58.96666666666667,30.0,851,1,traffic_lights,0.2911675274372101,1564.4281005859375,441.41937255859375,1592.1243896484375,485.81011962890625,1578.2762451171875,463.61474609375,27.6962890625,44.3907470703125
IMG_0028.mp4,1770,59.0,30.0,797,2,traffic_signs,0.956627607345581,1685.0218505859375,317.9130859375,1783.926025390625,408.67559814453125,1734.4739379882812,363.2943420410156,98.9041748046875,90.76251220703125
IMG_0028.mp4,1770,59.0,30.0,830,1,traffic_lights,0.7445510029792786,606.8751220703125,371.8027038574219,669.400146484375,508.0376892089844,638.1376342773438,439.9201965332031,62.5250244140625,136.2349853515625
IMG_0028.mp4,1770,59.0,30.0,845,2,traffic_signs,0.4747241735458374,1714.5421142578125,415.72296142578125,1749.6868896484375,449.48468017578125,1732.114501953125,432.60382080078125,35.144775390625,33.76171875
IMG_0028.mp4,1770,59.0,30.0,902,2,traffic_signs,0.7858918309211731,1090.8070068359375,601.8729248046875,1106.6224365234375,625.4293823242188,1098.7147216796875,613.6511535644531,15.8154296875,23.55645751953125
IMG_0028.mp4,1770,59.0,30.0,851,1,traffic_lights,0.26680710911750793,1564.3829345703125,441.5169372558594,1592.08251953125,485.94488525390625,1578.2327270507812,463.7309112548828,27.6995849609375,44.427947998046875
IMG_0028.mp4,1770,59.0,30.0,901,2,traffic_signs,0.28794726729393005,1188.880859375,632.2789306640625,1200.09716796875,644.170654296875,1194.489013671875,638.2247924804688,11.21630859375,11.8917236328125
IMG_0028.mp4,1771,59.03333333333333,30.0,797,2,traffic_signs,0.9566336870193481,1684.9107666015625,317.9630432128906,1783.809814453125,408.6961669921875,1734.3602905273438,363.32960510253906,98.8990478515625,90.73312377929688
IMG_0028.mp4,1771,59.03333333333333,30.0,830,1,traffic_lights,0.6509354710578918,607.5595703125,371.2884826660156,669.8335571289062,507.6644592285156,638.6965637207031,439.4764709472656,62.27398681640625,136.3759765625
IMG_0028.mp4,1771,59.03333333333333,30.0,845,2,traffic_signs,0.6777154803276062,1714.1600341796875,415.6393737792969,1749.90234375,449.7884826660156,1732.0311889648438,432.71392822265625,35.7423095703125,34.14910888671875
IMG_0028.mp4,1771,59.03333333333333,30.0,902,2,traffic_signs,0.7568572163581848,1090.57373046875,601.8775024414062,1106.396484375,625.6488647460938,1098.485107421875,613.76318359375,15.82275390625,23.7713623046875
IMG_0028.mp4,1771,59.03333333333333,30.0,851,1,traffic_lights,0.31946203112602234,1564.318603515625,441.4727478027344,1592.0252685546875,486.0511474609375,1578.1719360351562,463.76194763183594,27.7066650390625,44.578399658203125
IMG_0028.mp4,1772,59.06666666666667,30.0,797,2,traffic_signs,0.9565454721450806,1684.828857421875,318.05816650390625,1783.6226806640625,408.5202941894531,1734.2257690429688,363.2892303466797,98.7938232421875,90.46212768554688
IMG_0028.mp4,1772,59.06666666666667,30.0,830,1,traffic_lights,0.5683898329734802,607.8502807617188,370.7566833496094,670.0336303710938,507.3384094238281,638.9419555664062,439.04754638671875,62.183349609375,136.58172607421875
IMG_0028.mp4,1772,59.06666666666667,30.0,845,2,traffic_signs,0.647739052772522,1714.0018310546875,415.393310546875,1749.9053955078125,449.9347839355469,1731.95361328125,432.66404724121094,35.903564453125,34.541473388671875
IMG_0028.mp4,1772,59.06666666666667,30.0,902,2,traffic_signs,0.657548725605011,1090.461669921875,601.8779907226562,1106.148681640625,625.6785278320312,1098.30517578125,613.7782592773438,15.68701171875,23.800537109375
IMG_0028.mp4,1772,59.06666666666667,30.0,851,1,traffic_lights,0.35801348090171814,1564.27587890625,441.3770446777344,1591.9222412109375,485.9798889160156,1578.0990600585938,463.678466796875,27.6463623046875,44.60284423828125
IMG_0028.mp4,1772,59.06666666666667,30.0,901,2,traffic_signs,0.30622923374176025,1188.612548828125,631.9080810546875,1200.3341064453125,644.55712890625,1194.4733276367188,638.2326049804688,11.7215576171875,12.6490478515625
IMG_0028.mp4,1773,59.1,30.0,797,2,traffic_signs,0.9560147523880005,1684.9219970703125,318.1007995605469,1783.6168212890625,408.60833740234375,1734.2694091796875,363.3545684814453,98.69482421875,90.50753784179688
IMG_0028.mp4,1773,59.1,30.0,830,1,traffic_lights,0.8097571730613708,607.3269653320312,371.5465087890625,669.8525390625,507.3441162109375,638.5897521972656,439.4453125,62.52557373046875,135.797607421875
IMG_0028.mp4,1773,59.1,30.0,845,2,traffic_signs,0.4331076443195343,1714.2320556640625,415.77301025390625,1748.9361572265625,449.1882019042969,1731.5841064453125,432.48060607910156,34.7041015625,33.415191650390625
IMG_0028.mp4,1773,59.1,30.0,902,2,traffic_signs,0.7127073407173157,1090.4979248046875,601.873779296875,1106.2071533203125,625.7311401367188,1098.3525390625,613.8024597167969,15.709228515625,23.85736083984375
IMG_0028.mp4,1773,59.1,30.0,851,1,traffic_lights,0.3046017587184906,1564.3319091796875,441.41937255859375,1591.9293212890625,486.0342712402344,1578.130615234375,463.72682189941406,27.597412109375,44.614898681640625
IMG_0028.mp4,1773,59.1,30.0,901,2,traffic_signs,0.4248795211315155,1188.52880859375,631.8907470703125,1200.6104736328125,644.8518676757812,1194.5696411132812,638.3713073730469,12.0816650390625,12.96112060546875
IMG_0028.mp4,1774,59.13333333333333,30.0,797,2,traffic_signs,0.9560078978538513,1684.871337890625,318.1802673339844,1783.5301513671875,408.7449035644531,1734.2007446289062,363.46258544921875,98.6588134765625,90.56463623046875
IMG_0028.mp4,1774,59.13333333333333,30.0,830,1,traffic_lights,0.6719857454299927,607.1638793945312,371.29730224609375,669.688232421875,507.3819274902344,638.4260559082031,439.33961486816406,62.52435302734375,136.08462524414062
IMG_0028.mp4,1774,59.13333333333333,30.0,845,2,traffic_signs,0.609163224697113,1714.1021728515625,415.5733642578125,1749.3399658203125,449.8452453613281,1731.7210693359375,432.7093048095703,35.23779296875,34.271881103515625
IMG_0028.mp4,1774,59.13333333333333,30.0,902,2,traffic_signs,0.729337751865387,1090.337890625,601.905517578125,1106.167724609375,625.9471435546875,1098.2528076171875,613.9263305664062,15.829833984375,24.0416259765625
IMG_0028.mp4,1774,59.13333333333333,30.0,851,1,traffic_lights,0.3607346713542938,1564.2518310546875,441.5367126464844,1591.876953125,486.05914306640625,1578.0643920898438,463.7979278564453,27.6251220703125,44.522430419921875
IMG_0028.mp4,1774,59.13333333333333,30.0,901,2,traffic_signs,0.6086828708648682,1188.3179931640625,632.078369140625,1200.385986328125,645.0811767578125,1194.3519897460938,638.5797729492188,12.0679931640625,13.0028076171875
IMG_0028.mp4,1775,59.166666666666664,30.0,797,2,traffic_signs,0.9562406539916992,1684.9622802734375,318.12994384765625,1783.6531982421875,408.7060546875,1734.3077392578125,363.4179992675781,98.69091796875,90.57611083984375
IMG_0028.mp4,1775,59.166666666666664,30.0,830,1,traffic_lights,0.36641523241996765,606.9076538085938,371.3591613769531,669.6227416992188,507.39227294921875,638.2651977539062,439.37571716308594,62.715087890625,136.03311157226562
IMG_0028.mp4,1775,59.166666666666664,30.0,845,2,traffic_signs,0.595880925655365,1714.104248046875,415.3906555175781,1749.6572265625,449.9698791503906,1731.8807373046875,432.6802673339844,35.552978515625,34.5792236328125
IMG_0028.mp4,1775,59.166666666666664,30.0,902,2,traffic_signs,0.7137117385864258,1090.3367919921875,601.7060546875,1106.159912109375,625.9564208984375,1098.2483520507812,613.8312377929688,15.8231201171875,24.2503662109375
IMG_0028.mp4,1775,59.166666666666664,30.0,851,1,traffic_lights,0.32323572039604187,1564.3939208984375,441.47467041015625,1591.93115234375,485.96124267578125,1578.1625366210938,463.71795654296875,27.5372314453125,44.486572265625
IMG_0028.mp4,1775,59.166666666666664,30.0,901,2,traffic_signs,0.4248121678829193,1188.433349609375,631.7652587890625,1200.384765625,645.0133666992188,1194.4090576171875,638.3893127441406,11.951416015625,13.24810791015625
IMG_0028.mp4,1776,59.2,30.0,797,2,traffic_signs,0.9558537602424622,1684.976806640625,318.13665771484375,1783.59423828125,408.58477783203125,1734.2855224609375,363.3607177734375,98.617431640625,90.4481201171875
IMG_0028.mp4,1776,59.2,30.0,830,1,traffic_lights,0.5953550934791565,606.4025268554688,371.7764892578125,669.5275268554688,507.3450927734375,637.9650268554688,439.560791015625,63.125,135.568603515625
IMG_0028.mp4,1776,59.2,30.0,845,2,traffic_signs,0.5164051651954651,1714.2822265625,415.6144104003906,1749.05029296875,449.1756896972656,1731.666259765625,432.3950500488281,34.76806640625,33.561279296875
IMG_0028.mp4,1776,59.2,30.0,902,2,traffic_signs,0.775359570980072,1090.378173828125,601.6722412109375,1106.0950927734375,625.878173828125,1098.2366333007812,613.7752075195312,15.7169189453125,24.2059326171875
IMG_0028.mp4,1776,59.2,30.0,851,1,traffic_lights,0.38090646266937256,1564.1605224609375,441.5061950683594,1592.0213623046875,485.9370422363281,1578.0909423828125,463.72161865234375,27.86083984375,44.43084716796875
IMG_0028.mp4,1776,59.2,30.0,901,2,traffic_signs,0.4004295766353607,1188.5003662109375,631.8899536132812,1200.10888671875,644.6971435546875,1194.3046264648438,638.2935485839844,11.6085205078125,12.80718994140625
IMG_0028.mp4,1777,59.233333333333334,30.0,797,2,traffic_signs,0.9555516242980957,1685.0574951171875,318.2017517089844,1783.7965087890625,408.8322448730469,1734.427001953125,363.5169982910156,98.739013671875,90.6304931640625
IMG_0028.mp4,1777,59.233333333333334,30.0,830,1,traffic_lights,0.8389003872871399,606.6693725585938,371.2391357421875,670.0618896484375,507.7388916015625,638.3656311035156,439.489013671875,63.39251708984375,136.499755859375
IMG_0028.mp4,1777,59.233333333333334,30.0,845,2,traffic_signs,0.6624088287353516,1714.4508056640625,415.5006103515625,1749.991943359375,449.9633483886719,1732.2213745117188,432.7319793701172,35.5411376953125,34.462738037109375
IMG_0028.mp4,1777,59.233333333333334,30.0,902,2,traffic_signs,0.785574734210968,1090.7374267578125,601.7242431640625,1106.3189697265625,625.9328002929688,1098.5281982421875,613.8285217285156,15.58154296875,24.20855712890625
IMG_0028.mp4,1777,59.233333333333334,30.0,851,1,traffic_lights,0.3371359705924988,1564.2435302734375,441.75872802734375,1592.1539306640625,486.0257263183594,1578.19873046875,463.89222717285156,27.910400390625,44.266998291015625
IMG_0028.mp4,1777,59.233333333333334,30.0,901,2,traffic_signs,0.3787575960159302,1188.7802734375,632.0502319335938,1200.042724609375,644.5687866210938,1194.4114990234375,638.3095092773438,11.262451171875,12.5185546875
IMG_0028.mp4,1778,59.266666666666666,30.0,797,2,traffic_signs,0.955650269985199,1684.9697265625,318.1897277832031,1783.8526611328125,408.7994689941406,1734.4111938476562,363.4945983886719,98.8829345703125,90.6097412109375
IMG_0028.mp4,1778,59.266666666666666,30.0,830,1,traffic_lights,0.833280086517334,606.916259765625,370.6116638183594,670.1209716796875,507.87298583984375,638.5186157226562,439.24232482910156,63.2047119140625,137.26132202148438
IMG_0028.mp4,1778,59.266666666666666,30.0,845,2,traffic_signs,0.6774024963378906,1714.2259521484375,415.5570983886719,1750.1124267578125,450.08795166015625,1732.169189453125,432.82252502441406,35.886474609375,34.530853271484375
IMG_0028.mp4,1778,59.266666666666666,30.0,902,2,traffic_signs,0.8244901299476624,1090.6485595703125,601.8619384765625,1106.3585205078125,626.1130981445312,1098.5035400390625,613.9875183105469,15.7099609375,24.25115966796875
IMG_0028.mp4,1778,59.266666666666666,30.0,851,1,traffic_lights,0.33563679456710815,1564.2703857421875,441.844482421875,1592.144775390625,486.0296936035156,1578.2075805664062,463.9370880126953,27.8743896484375,44.185211181640625
IMG_0028.mp4,1778,59.266666666666666,30.0,901,2,traffic_signs,0.6150822043418884,1188.7705078125,632.4129638671875,1200.0665283203125,644.5618286132812,1194.4185180664062,638.4873962402344,11.2960205078125,12.14886474609375
IMG_0028.mp4,1779,59.3,30.0,797,2,traffic_signs,0.9554812908172607,1685.307861328125,318.04266357421875,1784.21337890625,408.5462341308594,1734.7606201171875,363.29444885253906,98.905517578125,90.50357055664062
IMG_0028.mp4,1779,59.3,30.0,830,1,traffic_lights,0.7742645144462585,606.4441528320312,371.1409606933594,669.5408935546875,507.900146484375,637.9925231933594,439.5205535888672,63.09674072265625,136.75918579101562
IMG_0028.mp4,1779,59.3,30.0,845,2,traffic_signs,0.4591076374053955,1714.9901123046875,415.56793212890625,1750.0732421875,449.33935546875,1732.5316772460938,432.4536437988281,35.0831298828125,33.77142333984375
IMG_0028.mp4,1779,59.3,30.0,902,2,traffic_signs,0.830551028251648,1090.816650390625,601.7254638671875,1106.6143798828125,626.0961303710938,1098.7155151367188,613.9107971191406,15.7977294921875,24.37066650390625
IMG_0028.mp4,1779,59.3,30.0,851,1,traffic_lights,0.33167409896850586,1564.349609375,441.9273986816406,1592.3292236328125,485.9474182128906,1578.3394165039062,463.9374084472656,27.9796142578125,44.02001953125
IMG_0028.mp4,1779,59.3,30.0,901,2,traffic_signs,0.5665961503982544,1189.27978515625,632.2926635742188,1200.1221923828125,644.4121704101562,1194.7009887695312,638.3524169921875,10.8424072265625,12.1195068359375
IMG_0028.mp4,1780,59.333333333333336,30.0,797,2,traffic_signs,0.9561570882797241,1685.210205078125,317.9538879394531,1784.164794921875,408.5746765136719,1734.6875,363.2642822265625,98.95458984375,90.62078857421875
IMG_0028.mp4,1780,59.333333333333336,30.0,830,1,traffic_lights,0.7093340158462524,606.4325561523438,370.86358642578125,669.3507080078125,507.8044738769531,637.8916320800781,439.3340301513672,62.91815185546875,136.94088745117188
IMG_0028.mp4,1780,59.333333333333336,30.0,845,2,traffic_signs,0.6612949371337891,1714.482177734375,415.3725891113281,1750.42822265625,449.8487548828125,1732.4552001953125,432.6106719970703,35.946044921875,34.476165771484375
IMG_0028.mp4,1780,59.333333333333336,30.0,902,2,traffic_signs,0.8299476504325867,1090.8095703125,601.8994140625,1106.331787109375,626.0501708984375,1098.5706787109375,613.9747924804688,15.522216796875,24.1507568359375
IMG_0028.mp4,1780,59.333333333333336,30.0,851,1,traffic_lights,0.40804222226142883,1564.16162109375,441.8439636230469,1592.2520751953125,485.998779296875,1578.2068481445312,463.92137145996094,28.0904541015625,44.154815673828125
IMG_0028.mp4,1780,59.333333333333336,30.0,901,2,traffic_signs,0.6613852977752686,1189.310791015625,632.1654663085938,1200.0794677734375,644.3943481445312,1194.6951293945312,638.2799072265625,10.7686767578125,12.2288818359375
IMG_0028.mp4,1781,59.36666666666667,30.0,797,2,traffic_signs,0.9561575055122375,1685.1419677734375,317.8775939941406,1784.1175537109375,408.55169677734375,1734.6297607421875,363.2146453857422,98.9755859375,90.67410278320312
IMG_0028.mp4,1781,59.36666666666667,30.0,830,1,traffic_lights,0.7552123665809631,607.1805419921875,370.7070007324219,669.4186401367188,507.2814025878906,638.2995910644531,438.99420166015625,62.23809814453125,136.57440185546875
IMG_0028.mp4,1781,59.36666666666667,30.0,845,2,traffic_signs,0.6027222275733948,1714.2630615234375,415.22491455078125,1750.523681640625,449.86163330078125,1732.3933715820312,432.54327392578125,36.2606201171875,34.63671875
IMG_0028.mp4,1781,59.36666666666667,30.0,902,2,traffic_signs,0.8215130567550659,1091.0299072265625,601.8365478515625,1106.2821044921875,625.786376953125,1098.656005859375,613.8114624023438,15.252197265625,23.9498291015625
IMG_0028.mp4,1781,59.36666666666667,30.0,851,1,traffic_lights,0.37117958068847656,1564.0657958984375,441.7520751953125,1592.218505859375,485.8505859375,1578.1421508789062,463.80133056640625,28.1527099609375,44.0985107421875
IMG_0028.mp4,1781,59.36666666666667,30.0,901,2,traffic_signs,0.5451724529266357,1189.665771484375,631.9993286132812,1199.92431640625,644.3001708984375,1194.7950439453125,638.1497497558594,10.258544921875,12.30084228515625
IMG_0028.mp4,1782,59.4,30.0,797,2,traffic_signs,0.9561273455619812,1685.0267333984375,317.7930603027344,1784.0047607421875,408.37139892578125,1734.5157470703125,363.0822296142578,98.97802734375,90.57833862304688
IMG_0028.mp4,1782,59.4,30.0,830,1,traffic_lights,0.8627073168754578,607.3187866210938,370.8638000488281,669.5858764648438,506.848876953125,638.4523315429688,438.85633850097656,62.26708984375,135.98507690429688
IMG_0028.mp4,1782,59.4,30.0,845,2,traffic_signs,0.5074281096458435,1714.55419921875,415.30718994140625,1749.905029296875,449.14752197265625,1732.2296142578125,432.22735595703125,35.350830078125,33.84033203125
IMG_0028.mp4,1782,59.4,30.0,902,2,traffic_signs,0.8260128498077393,1091.1795654296875,601.6972045898438,1106.3509521484375,625.5778198242188,1098.7652587890625,613.6375122070312,15.17138671875,23.880615234375
IMG_0028.mp4,1782,59.4,30.0,851,1,traffic_lights,0.3796350657939911,1563.9542236328125,441.5491027832031,1592.16650390625,485.7370910644531,1578.0603637695312,463.6430969238281,28.2122802734375,44.18798828125
IMG_0028.mp4,1782,59.4,30.0,901,2,traffic_signs,0.5788364410400391,1189.7100830078125,631.69921875,1199.7498779296875,644.0272827148438,1194.72998046875,637.8632507324219,10.039794921875,12.32806396484375
IMG_0028.mp4,1783,59.43333333333333,30.0,797,2,traffic_signs,0.9562152028083801,1684.228759765625,318.096435546875,1783.3936767578125,408.6571960449219,1733.8112182617188,363.37681579589844,99.1649169921875,90.56076049804688
IMG_0028.mp4,1783,59.43333333333333,30.0,830,1,traffic_lights,0.7820352911949158,607.6673583984375,370.7083435058594,669.8038940429688,506.79742431640625,638.7356262207031,438.7528839111328,62.13653564453125,136.08908081054688
IMG_0028.mp4,1783,59.43333333333333,30.0,845,2,traffic_signs,0.7029510140419006,1713.7135009765625,415.06964111328125,1749.7962646484375,449.9184875488281,1731.7548828125,432.4940643310547,36.082763671875,34.848846435546875
IMG_0028.mp4,1783,59.43333333333333,30.0,902,2,traffic_signs,0.8159434795379639,1091.0250244140625,601.6408081054688,1106.1378173828125,625.68798828125,1098.5814208984375,613.6643981933594,15.11279296875,24.04718017578125
IMG_0028.mp4,1783,59.43333333333333,30.0,851,1,traffic_lights,0.46296191215515137,1564.037353515625,441.40081787109375,1591.7403564453125,486.11724853515625,1577.8888549804688,463.759033203125,27.7030029296875,44.7164306640625
IMG_0028.mp4,1783,59.43333333333333,30.0,901,2,traffic_signs,0.5305593013763428,1189.5987548828125,631.7914428710938,1199.45361328125,644.1024169921875,1194.5261840820312,637.9469299316406,9.8548583984375,12.31097412109375
IMG_0028.mp4,1784,59.46666666666667,30.0,797,2,traffic_signs,0.9562851786613464,1684.2547607421875,318.1488952636719,1783.373291015625,408.73583984375,1733.8140258789062,363.44236755371094,99.1185302734375,90.58694458007812
IMG_0028.mp4,1784,59.46666666666667,30.0,830,1,traffic_lights,0.7355620861053467,607.7763061523438,370.6617126464844,669.9016723632812,506.8257751464844,638.8389892578125,438.7437438964844,62.1253662109375,136.1640625
IMG_0028.mp4,1784,59.46666666666667,30.0,845,2,traffic_signs,0.6992459893226624,1713.54345703125,415.1102600097656,1749.8770751953125,450.210693359375,1731.7102661132812,432.6604766845703,36.3336181640625,35.100433349609375
IMG_0028.mp4,1784,59.46666666666667,30.0,902,2,traffic_signs,0.8075030446052551,1090.950927734375,601.6769409179688,1105.9981689453125,625.8131103515625,1098.4745483398438,613.7450256347656,15.0472412109375,24.13616943359375
IMG_0028.mp4,1784,59.46666666666667,30.0,851,1,traffic_lights,0.448334276676178,1564.27587890625,441.3186340332031,1591.7369384765625,486.2374267578125,1578.0064086914062,463.7780303955078,27.4610595703125,44.918792724609375
IMG_0028.mp4,1784,59.46666666666667,30.0,901,2,traffic_signs,0.510450005531311,1189.619384765625,631.812255859375,1199.3743896484375,644.14208984375,1194.4968872070312,637.9771728515625,9.7550048828125,12.329833984375
IMG_0028.mp4,1785,59.5,30.0,797,2,traffic_signs,0.95609050989151,1684.3023681640625,318.0390319824219,1783.3641357421875,408.62408447265625,1733.833251953125,363.33155822753906,99.061767578125,90.58505249023438
IMG_0028.mp4,1785,59.5,30.0,830,1,traffic_lights,0.825215756893158,608.0800170898438,371.1602783203125,670.0791015625,506.3818664550781,639.0795593261719,438.7710723876953,61.99908447265625,135.22158813476562
IMG_0028.mp4,1785,59.5,30.0,845,2,traffic_signs,0.5096399784088135,1713.9088134765625,415.53680419921875,1748.8927001953125,449.3124694824219,1731.4007568359375,432.4246368408203,34.98388671875,33.775665283203125
IMG_0028.mp4,1785,59.5,30.0,902,2,traffic_signs,0.8066436648368835,1090.9822998046875,601.69140625,1105.848388671875,625.6376342773438,1098.4153442382812,613.6645202636719,14.8660888671875,23.94622802734375
IMG_0028.mp4,1785,59.5,30.0,851,1,traffic_lights,0.45062026381492615,1564.2874755859375,441.3563232421875,1591.8319091796875,486.1308898925781,1578.0596923828125,463.7436065673828,27.54443359375,44.774566650390625
IMG_0028.mp4,1785,59.5,30.0,901,2,traffic_signs,0.44710731506347656,1189.7828369140625,631.3628540039062,1199.263916015625,643.9846801757812,1194.5233764648438,637.6737670898438,9.4810791015625,12.621826171875
IMG_0028.mp4,1786,59.53333333333333,30.0,797,2,traffic_signs,0.9562114477157593,1684.9971923828125,317.9982604980469,1784.0782470703125,408.68084716796875,1734.5377197265625,363.3395538330078,99.0810546875,90.68258666992188
IMG_0028.mp4,1786,59.53333333333333,30.0,830,1,traffic_lights,0.7778021097183228,607.2818603515625,371.05133056640625,669.7178955078125,506.277099609375,638.4998779296875,438.6642150878906,62.43603515625,135.22576904296875
IMG_0028.mp4,1786,59.53333333333333,30.0,845,2,traffic_signs,0.7404163479804993,1714.1671142578125,415.3907165527344,1750.0955810546875,449.8551940917969,1732.13134765625,432.6229553222656,35.928466796875,34.4644775390625
IMG_0028.mp4,1786,59.53333333333333,30.0,902,2,traffic_signs,0.815883457660675,1091.1138916015625,601.841552734375,1106.0045166015625,625.6339721679688,1098.5592041015625,613.7377624511719,14.890625,23.79241943359375
IMG_0028.mp4,1786,59.53333333333333,30.0,851,1,traffic_lights,0.4062865376472473,1564.3597412109375,441.4938659667969,1592.240478515625,486.06292724609375,1578.3001098632812,463.7783966064453,27.8807373046875,44.569061279296875
IMG_0028.mp4,1786,59.53333333333333,30.0,901,2,traffic_signs,0.516200602054596,1189.9881591796875,631.7225952148438,1199.6341552734375,643.9561767578125,1194.8111572265625,637.8393859863281,9.64599609375,12.23358154296875
IMG_0028.mp4,1787,59.56666666666667,30.0,797,2,traffic_signs,0.9566459059715271,1685.0003662109375,318.1466064453125,1784.1439208984375,408.86578369140625,1734.5721435546875,363.5061950683594,99.1435546875,90.71917724609375
IMG_0028.mp4,1787,59.56666666666667,30.0,830,1,traffic_lights,0.794641375541687,607.2759399414062,370.89019775390625,670.0056762695312,506.27447509765625,638.6408081054688,438.58233642578125,62.729736328125,135.38427734375
IMG_0028.mp4,1787,59.56666666666667,30.0,845,2,traffic_signs,0.7171235084533691,1714.1654052734375,415.6037902832031,1750.6678466796875,450.29290771484375,1732.4166259765625,432.94834899902344,36.50244140625,34.689117431640625
IMG_0028.mp4,1787,59.56666666666667,30.0,902,2,traffic_signs,0.8126363158226013,1091.008056640625,601.9131469726562,1106.11962890625,625.8916625976562,1098.5638427734375,613.9024047851562,15.111572265625,23.978515625
IMG_0028.mp4,1787,59.56666666666667,30.0,851,1,traffic_lights,0.39438727498054504,1564.3662109375,441.677734375,1592.1236572265625,486.26239013671875,1578.2449340820312,463.9700622558594,27.7574462890625,44.58465576171875
IMG_0028.mp4,1787,59.56666666666667,30.0,901,2,traffic_signs,0.5379828214645386,1189.7451171875,632.2254638671875,1199.67041015625,643.9562377929688,1194.707763671875,638.0908508300781,9.92529296875,11.73077392578125
IMG_0028.mp4,1788,59.6,30.0,797,2,traffic_signs,0.9566368460655212,1685.184814453125,318.1093444824219,1784.2783203125,408.8536682128906,1734.7315673828125,363.48150634765625,99.093505859375,90.74432373046875
IMG_0028.mp4,1788,59.6,30.0,830,1,traffic_lights,0.5793744921684265,606.7762451171875,371.196533203125,669.9591674804688,506.2790222167969,638.3677062988281,438.73777770996094,63.18292236328125,135.08248901367188
IMG_0028.mp4,1788,59.6,30.0,845,2,traffic_signs,0.5335507988929749,1714.650146484375,415.8301086425781,1749.93359375,449.5087890625,1732.2918701171875,432.66944885253906,35.283447265625,33.678680419921875
IMG_0028.mp4,1788,59.6,30.0,902,2,traffic_signs,0.8086454272270203,1091.050537109375,602.0850830078125,1106.2235107421875,626.1133422851562,1098.6370239257812,614.0992126464844,15.1729736328125,24.02825927734375
IMG_0028.mp4,1788,59.6,30.0,851,1,traffic_lights,0.42520102858543396,1564.1534423828125,441.8518371582031,1592.327392578125,486.1573181152344,1578.2404174804688,464.00457763671875,28.1739501953125,44.30548095703125
IMG_0028.mp4,1788,59.6,30.0,901,2,traffic_signs,0.5798618793487549,1189.6324462890625,632.2565307617188,1200.06103515625,644.2062377929688,1194.8467407226562,638.2313842773438,10.4285888671875,11.94970703125
IMG_0028.mp4,1789,59.63333333333333,30.0,797,2,traffic_signs,0.9570863246917725,1685.1851806640625,318.0449523925781,1784.2738037109375,408.8022155761719,1734.7294921875,363.423583984375,99.088623046875,90.75726318359375
IMG_0028.mp4,1789,59.63333333333333,30.0,830,1,traffic_lights,0.474210649728775,606.3162231445312,371.15399169921875,669.4224243164062,507.01953125,637.8693237304688,439.0867614746094,63.106201171875,135.86553955078125
IMG_0028.mp4,1789,59.63333333333333,30.0,845,2,traffic_signs,0.6851420998573303,1714.3875732421875,415.5968017578125,1750.63818359375,449.9656677246094,1732.5128784179688,432.78123474121094,36.2506103515625,34.368865966796875
IMG_0028.mp4,1789,59.63333333333333,30.0,902,2,traffic_signs,0.8143132328987122,1090.8524169921875,602.14697265625,1106.061279296875,626.119873046875,1098.4568481445312,614.1334228515625,15.2088623046875,23.972900390625
IMG_0028.mp4,1789,59.63333333333333,30.0,851,1,traffic_lights,0.4697055220603943,1564.043212890625,441.8230895996094,1592.372802734375,486.0474853515625,1578.2080078125,463.93528747558594,28.32958984375,44.224395751953125
IMG_0028.mp4,1789,59.63333333333333,30.0,901,2,traffic_signs,0.6812049150466919,1189.285888671875,632.1854858398438,1200.25146484375,644.1332397460938,1194.7686767578125,638.1593627929688,10.965576171875,11.94775390625
IMG_0028.mp4,1790,59.666666666666664,30.0,797,2,traffic_signs,0.956642210483551,1685.185546875,318.058837890625,1784.176025390625,408.7284240722656,1734.6807861328125,363.3936309814453,98.990478515625,90.66958618164062
IMG_0028.mp4,1790,59.666666666666664,30.0,830,1,traffic_lights,0.8737393617630005,607.1415405273438,370.75201416015625,669.7876586914062,507.4063720703125,638.464599609375,439.0791931152344,62.6461181640625,136.65435791015625
IMG_0028.mp4,1790,59.666666666666664,30.0,845,2,traffic_signs,0.7056582570075989,1714.237548828125,415.5542297363281,1750.947998046875,450.17620849609375,1732.5927734375,432.86521911621094,36.71044921875,34.621978759765625
IMG_0028.mp4,1790,59.666666666666664,30.0,902,2,traffic_signs,0.8115896582603455,1091.01904296875,602.1669921875,1106.13525390625,626.090576171875,1098.5771484375,614.1287841796875,15.1162109375,23.923583984375
IMG_0028.mp4,1790,59.666666666666664,30.0,851,1,traffic_lights,0.4644896984100342,1564.04443359375,441.83270263671875,1592.375244140625,486.06695556640625,1578.2098388671875,463.9498291015625,28.330810546875,44.2342529296875
IMG_0028.mp4,1790,59.666666666666664,30.0,901,2,traffic_signs,0.6848622560501099,1189.6324462890625,632.2966918945312,1200.25390625,643.9861450195312,1194.9431762695312,638.1414184570312,10.6214599609375,11.689453125
IMG_0028.mp4,1791,59.7,30.0,797,2,traffic_signs,0.9564995169639587,1684.947265625,317.8923034667969,1784.072509765625,408.3328857421875,1734.5098876953125,363.1125946044922,99.125244140625,90.44058227539062
IMG_0028.mp4,1791,59.7,30.0,830,1,traffic_lights,0.8765205144882202,607.083251953125,371.3152160644531,669.6087036132812,507.3028869628906,638.3459777832031,439.3090515136719,62.52545166015625,135.9876708984375
IMG_0028.mp4,1791,59.7,30.0,845,2,traffic_signs,0.5039047598838806,1714.384033203125,415.5688171386719,1750.1048583984375,449.265625,1732.2444458007812,432.41722106933594,35.7208251953125,33.696807861328125
IMG_0028.mp4,1791,59.7,30.0,902,2,traffic_signs,0.8194074034690857,1090.9803466796875,602.0498046875,1106.0654296875,625.8439331054688,1098.5228881835938,613.9468688964844,15.0850830078125,23.79412841796875
IMG_0028.mp4,1791,59.7,30.0,851,1,traffic_lights,0.42347732186317444,1564.1265869140625,441.5978698730469,1592.355712890625,485.7747497558594,1578.2411499023438,463.6863098144531,28.2291259765625,44.1768798828125
IMG_0028.mp4,1791,59.7,30.0,901,2,traffic_signs,0.7006736397743225,1189.5345458984375,632.344970703125,1200.186279296875,644.0153198242188,1194.8604125976562,638.1801452636719,10.6517333984375,11.67034912109375
IMG_0028.mp4,1792,59.733333333333334,30.0,797,2,traffic_signs,0.956706166267395,1684.4593505859375,317.9895324707031,1783.5814208984375,408.531005859375,1734.0203857421875,363.26026916503906,99.1220703125,90.54147338867188
IMG_0028.mp4,1792,59.733333333333334,30.0,830,1,traffic_lights,0.7740115523338318,607.5586547851562,371.04693603515625,669.601806640625,507.203857421875,638.5802307128906,439.1253967285156,62.04315185546875,136.15692138671875
IMG_0028.mp4,1792,59.733333333333334,30.0,845,2,traffic_signs,0.6043922901153564,1713.886474609375,415.3131103515625,1750.0845947265625,449.50250244140625,1731.9855346679688,432.4078063964844,36.1981201171875,34.18939208984375
IMG_0028.mp4,1792,59.733333333333334,30.0,902,2,traffic_signs,0.8172568082809448,1090.939697265625,601.8614501953125,1106.09423828125,625.6297607421875,1098.5169677734375,613.74560546875,15.154541015625,23.768310546875
IMG_0028.mp4,1792,59.733333333333334,30.0,851,1,traffic_lights,0.3507755398750305,1564.2838134765625,441.3405456542969,1592.00537109375,485.82049560546875,1578.1445922851562,463.5805206298828,27.7215576171875,44.479949951171875
IMG_0028.mp4,1792,59.733333333333334,30.0,901,2,traffic_signs,0.6741621494293213,1189.4022216796875,632.2162475585938,1200.0845947265625,643.8399658203125,1194.743408203125,638.0281066894531,10.682373046875,11.62371826171875
IMG_0028.mp4,1793,59.766666666666666,30.0,797,2,traffic_signs,0.956889808177948,1684.4407958984375,318.0873718261719,1783.607666015625,408.6850891113281,1734.0242309570312,363.38623046875,99.1668701171875,90.59771728515625
IMG_0028.mp4,1793,59.766666666666666,30.0,830,1,traffic_lights,0.5231115818023682,607.5145874023438,371.3277282714844,669.5230712890625,507.3321838378906,638.5188293457031,439.3299560546875,62.00848388671875,136.00445556640625
IMG_0028.mp4,1793,59.766666666666666,30.0,845,2,traffic_signs,0.5644532442092896,1713.8095703125,415.2236328125,1750.1636962890625,449.6427917480469,1731.9866333007812,432.43321228027344,36.3541259765625,34.419158935546875
IMG_0028.mp4,1793,59.766666666666666,30.0,902,2,traffic_signs,0.7977129220962524,1091.052734375,601.7548217773438,1106.0235595703125,625.716796875,1098.5381469726562,613.7358093261719,14.9708251953125,23.96197509765625
IMG_0028.mp4,1793,59.766666666666666,30.0,851,1,traffic_lights,0.29290252923965454,1564.4464111328125,441.22283935546875,1591.8919677734375,485.79803466796875,1578.169189453125,463.51043701171875,27.445556640625,44.5751953125
IMG_0028.mp4,1793,59.766666666666666,30.0,901,2,traffic_signs,0.6567236185073853,1189.568603515625,632.1165161132812,1199.859375,643.8951416015625,1194.7139892578125,638.0058288574219,10.290771484375,11.77862548828125
IMG_0028.mp4,1794,59.8,30.0,797,2,traffic_signs,0.9570167660713196,1684.4342041015625,318.15509033203125,1783.445068359375,408.6503601074219,1733.9396362304688,363.40272521972656,99.0108642578125,90.49526977539062
IMG_0028.mp4,1794,59.8,30.0,830,1,traffic_lights,0.8251997828483582,607.65380859375,371.78472900390625,669.626953125,507.20501708984375,638.640380859375,439.494873046875,61.97314453125,135.4202880859375
IMG_0028.mp4,1794,59.8,30.0,845,2,traffic_signs,0.5003221035003662,1714.133056640625,415.64105224609375,1748.9267578125,448.90277099609375,1731.5299072265625,432.27191162109375,34.793701171875,33.26171875
IMG_0028.mp4,1794,59.8,30.0,902,2,traffic_signs,0.809852123260498,1091.1751708984375,601.6929321289062,1106.1378173828125,625.6014404296875,1098.656494140625,613.6471862792969,14.962646484375,23.90850830078125
IMG_0028.mp4,1794,59.8,30.0,901,2,traffic_signs,0.6469737887382507,1189.537109375,632.0677490234375,1199.74755859375,643.7421875,1194.642333984375,637.9049682617188,10.21044921875,11.6744384765625
IMG_0028.mp4,1795,59.833333333333336,30.0,797,2,traffic_signs,0.9570804238319397,1684.3236083984375,318.2108459472656,1783.4683837890625,408.75384521484375,1733.89599609375,363.4823455810547,99.144775390625,90.54299926757812
IMG_0028.mp4,1795,59.833333333333336,30.0,830,1,traffic_lights,0.7646562457084656,607.7847290039062,371.4732971191406,669.7120361328125,507.0741882324219,638.7483825683594,439.27374267578125,61.92730712890625,135.60089111328125
IMG_0028.mp4,1795,59.833333333333336,30.0,845,2,traffic_signs,0.6877174377441406,1713.8060302734375,415.428466796875,1749.5694580078125,449.5209655761719,1731.687744140625,432.47471618652344,35.763427734375,34.092498779296875
IMG_0028.mp4,1795,59.833333333333336,30.0,902,2,traffic_signs,0.8126771450042725,1091.1195068359375,601.6915283203125,1106.1402587890625,625.583740234375,1098.6298828125,613.6376342773438,15.020751953125,23.8922119140625
IMG_0028.mp4,1795,59.833333333333336,30.0,901,2,traffic_signs,0.6577956676483154,1189.4774169921875,632.0405883789062,1199.641357421875,643.7680053710938,1194.5593872070312,637.904296875,10.1639404296875,11.7274169921875
IMG_0028.mp4,1795,59.833333333333336,30.0,851,1,traffic_lights,0.2790871262550354,1564.5291748046875,441.14483642578125,1591.7166748046875,485.8243103027344,1578.1229248046875,463.4845733642578,27.1875,44.679473876953125
IMG_0028.mp4,1796,59.86666666666667,30.0,797,2,traffic_signs,0.9570344686508179,1684.3270263671875,318.26123046875,1783.462646484375,408.7620544433594,1733.8948364257812,363.5116424560547,99.1356201171875,90.50082397460938
IMG_0028.mp4,1796,59.86666666666667,30.0,830,1,traffic_lights,0.6387917399406433,607.8762817382812,370.837158203125,669.6778564453125,507.19677734375,638.7770690917969,439.0169677734375,61.80157470703125,136.359619140625
IMG_0028.mp4,1796,59.86666666666667,30.0,845,2,traffic_signs,0.6511291861534119,1713.614501953125,415.3660583496094,1749.8367919921875,449.8141174316406,1731.7256469726562,432.590087890625,36.2222900390625,34.44805908203125
IMG_0028.mp4,1796,59.86666666666667,30.0,902,2,traffic_signs,0.8122646808624268,1091.1136474609375,601.7269897460938,1106.1304931640625,625.5686645507812,1098.6220703125,613.6478271484375,15.016845703125,23.8416748046875
IMG_0028.mp4,1796,59.86666666666667,30.0,901,2,traffic_signs,0.6910825371742249,1189.371337890625,631.9771728515625,1199.59423828125,643.7711181640625,1194.4827880859375,637.8741455078125,10.222900390625,11.7939453125
IMG_0028.mp4,1796,59.86666666666667,30.0,851,1,traffic_lights,0.3356207609176636,1564.4630126953125,441.1548767089844,1591.72900390625,485.9830322265625,1578.0960083007812,463.56895446777344,27.2659912109375,44.828155517578125
IMG_0028.mp4,1797,59.9,30.0,797,2,traffic_signs,0.9573104381561279,1684.3677978515625,318.2138366699219,1783.539306640625,408.97027587890625,1733.9535522460938,363.59205627441406,99.1715087890625,90.75643920898438
IMG_0028.mp4,1797,59.9,30.0,830,1,traffic_lights,0.7700214385986328,607.126953125,371.5376892089844,669.6119995117188,507.4024353027344,638.3694763183594,439.4700622558594,62.48504638671875,135.86474609375
IMG_0028.mp4,1797,59.9,30.0,845,2,traffic_signs,0.4827432334423065,1714.0416259765625,415.66619873046875,1748.939453125,449.07794189453125,1731.4905395507812,432.3720703125,34.8978271484375,33.4117431640625
IMG_0028.mp4,1797,59.9,30.0,902,2,traffic_signs,0.811898946762085,1091.1810302734375,601.7841796875,1106.1749267578125,625.559326171875,1098.677978515625,613.6717529296875,14.993896484375,23.775146484375
IMG_0028.mp4,1797,59.9,30.0,901,2,traffic_signs,0.670503556728363,1189.5657958984375,631.8985595703125,1199.6727294921875,643.73291015625,1194.6192626953125,637.8157348632812,10.10693359375,11.8343505859375
IMG_0028.mp4,1797,59.9,30.0,851,1,traffic_lights,0.2825535237789154,1564.5638427734375,441.2227783203125,1591.7626953125,486.05047607421875,1578.1632690429688,463.6366271972656,27.1988525390625,44.82769775390625
IMG_0028.mp4,1798,59.93333333333333,30.0,797,2,traffic_signs,0.9570361971855164,1684.4283447265625,318.3244323730469,1783.5643310546875,408.9389343261719,1733.996337890625,363.6316833496094,99.135986328125,90.614501953125
IMG_0028.mp4,1798,59.93333333333333,30.0,830,1,traffic_lights,0.6420987248420715,606.9762573242188,371.2956237792969,669.5737915039062,507.87884521484375,638.2750244140625,439.5872344970703,62.5975341796875,136.58322143554688
IMG_0028.mp4,1798,59.93333333333333,30.0,845,2,traffic_signs,0.6814738512039185,1713.916259765625,415.69000244140625,1749.4132080078125,449.72564697265625,1731.6647338867188,432.70782470703125,35.4969482421875,34.03564453125
IMG_0028.mp4,1798,59.93333333333333,30.0,902,2,traffic_signs,0.8135567307472229,1091.0714111328125,601.838623046875,1106.04931640625,625.6426391601562,1098.5603637695312,613.7406311035156,14.9779052734375,23.80401611328125
IMG_0028.mp4,1798,59.93333333333333,30.0,901,2,traffic_signs,0.6875250935554504,1189.482421875,632.053466796875,1199.620849609375,643.7661743164062,1194.5516357421875,637.9098205566406,10.138427734375,11.71270751953125
IMG_0028.mp4,1798,59.93333333333333,30.0,851,1,traffic_lights,0.3453167676925659,1564.587646484375,441.3658447265625,1591.835205078125,486.16278076171875,1578.21142578125,463.7643127441406,27.24755859375,44.79693603515625
IMG_0028.mp4,1799,59.96666666666667,30.0,797,2,traffic_signs,0.9571516513824463,1684.52685546875,318.1129455566406,1783.862548828125,408.9385681152344,1734.1947021484375,363.5257568359375,99.335693359375,90.82562255859375
IMG_0028.mp4,1799,59.96666666666667,30.0,830,1,traffic_lights,0.7072187066078186,606.5044555664062,371.013427734375,669.599853515625,508.2088623046875,638.0521545410156,439.61114501953125,63.09539794921875,137.1954345703125
IMG_0028.mp4,1799,59.96666666666667,30.0,845,2,traffic_signs,0.6688080430030823,1714.04541015625,415.6681213378906,1749.8944091796875,450.0193786621094,1731.9699096679688,432.84375,35.8489990234375,34.35125732421875
IMG_0028.mp4,1799,59.96666666666667,30.0,902,2,traffic_signs,0.8083243370056152,1091.108154296875,602.0458374023438,1105.982421875,625.9262084960938,1098.5452880859375,613.9860229492188,14.874267578125,23.88037109375
IMG_0028.mp4,1799,59.96666666666667,30.0,901,2,traffic_signs,0.6653761267662048,1189.82373046875,632.087890625,1199.7586669921875,643.9429931640625,1194.7911987304688,638.0154418945312,9.9349365234375,11.8551025390625
IMG_0028.mp4,1799,59.96666666666667,30.0,851,1,traffic_lights,0.32485243678092957,1564.564208984375,441.4606628417969,1592.0028076171875,486.2253723144531,1578.2835083007812,463.843017578125,27.4385986328125,44.76470947265625
IMG_0028.mp4,1800,60.0,30.0,797,2,traffic_signs,0.9567027688026428,1684.5948486328125,317.973388671875,1783.906982421875,408.7391357421875,1734.2509155273438,363.35626220703125,99.3121337890625,90.7657470703125
IMG_0028.mp4,1800,60.0,30.0,830,1,traffic_lights,0.8564708828926086,606.04150390625,371.2846374511719,669.5830688476562,508.3622131347656,637.8122863769531,439.82342529296875,63.54156494140625,137.07757568359375
IMG_0028.mp4,1800,60.0,30.0,845,2,traffic_signs,0.45334523916244507,1714.38525390625,415.84063720703125,1749.1153564453125,449.2252502441406,1731.7503051757812,432.53294372558594,34.7301025390625,33.384613037109375
IMG_0028.mp4,1800,60.0,30.0,902,2,traffic_signs,0.8136546015739441,1091.074951171875,601.991455078125,1105.872802734375,625.8113403320312,1098.473876953125,613.9013977050781,14.7978515625,23.81988525390625
IMG_0028.mp4,1800,60.0,30.0,901,2,traffic_signs,0.6032167077064514,1189.912353515625,631.9108276367188,1199.76318359375,643.6832275390625,1194.8377685546875,637.7970275878906,9.850830078125,11.77239990234375
IMG_0028.mp4,1800,60.0,30.0,851,1,traffic_lights,0.31554675102233887,1564.67138671875,441.3891296386719,1591.9227294921875,486.1452331542969,1578.2970581054688,463.7671813964844,27.2513427734375,44.756103515625
IMG_0028.mp4,1801,60.03333333333333,30.0,797,2,traffic_signs,0.9569908976554871,1684.5174560546875,317.87640380859375,1783.8890380859375,408.7066955566406,1734.2032470703125,363.2915496826172,99.37158203125,90.83029174804688
IMG_0028.mp4,1801,60.03333333333333,30.0,830,1,traffic_lights,0.8310337662696838,606.1722412109375,370.6627502441406,669.8082275390625,508.0345764160156,637.990234375,439.3486633300781,63.635986328125,137.371826171875
IMG_0028.mp4,1801,60.03333333333333,30.0,845,2,traffic_signs,0.6933764815330505,1714.23046875,415.5389099121094,1749.7392578125,449.5882873535156,1731.98486328125,432.5635986328125,35.5087890625,34.04937744140625
IMG_0028.mp4,1801,60.03333333333333,30.0,902,2,traffic_signs,0.8066178560256958,1091.1944580078125,601.7913818359375,1106.0067138671875,625.6972045898438,1098.6005859375,613.7442932128906,14.812255859375,23.90582275390625
IMG_0028.mp4,1801,60.03333333333333,30.0,901,2,traffic_signs,0.5991469025611877,1189.992431640625,632.0342407226562,1199.8397216796875,643.5833129882812,1194.9160766601562,637.8087768554688,9.8472900390625,11.549072265625
IMG_0028.mp4,1801,60.03333333333333,30.0,851,1,traffic_lights,0.3076605200767517,1564.73046875,441.23236083984375,1591.8349609375,486.04339599609375,1578.28271484375,463.63787841796875,27.1044921875,44.81103515625
IMG_0028.mp4,1802,60.06666666666667,30.0,797,2,traffic_signs,0.9566172361373901,1684.58935546875,317.8975524902344,1783.79345703125,408.67095947265625,1734.19140625,363.2842559814453,99.2041015625,90.77340698242188
IMG_0028.mp4,1802,60.06666666666667,30.0,830,1,traffic_lights,0.8143773674964905,606.276611328125,370.08984375,669.788330078125,508.0986328125,638.032470703125,439.09423828125,63.51171875,138.0087890625
IMG_0028.mp4,1802,60.06666666666667,30.0,845,2,traffic_signs,0.6058586835861206,1714.2686767578125,415.513916015625,1749.970703125,449.8320617675781,1732.1196899414062,432.67298889160156,35.7020263671875,34.318145751953125
IMG_0028.mp4,1802,60.06666666666667,30.0,902,2,traffic_signs,0.8039421439170837,1091.2015380859375,601.8053588867188,1105.946044921875,625.6089477539062,1098.5737915039062,613.7071533203125,14.7445068359375,23.8035888671875
IMG_0028.mp4,1802,60.06666666666667,30.0,901,2,traffic_signs,0.6081039309501648,1189.9417724609375,632.2035522460938,1199.8641357421875,643.542724609375,1194.9029541015625,637.8731384277344,9.92236328125,11.33917236328125
IMG_0028.mp4,1802,60.06666666666667,30.0,851,1,traffic_lights,0.3047837018966675,1564.751953125,441.1425476074219,1591.791015625,486.0599365234375,1578.271484375,463.6012420654297,27.0390625,44.917388916015625
IMG_0028.mp4,1803,60.1,30.0,797,2,traffic_signs,0.9566013813018799,1684.4591064453125,317.927490234375,1783.6400146484375,408.70263671875,1734.049560546875,363.3150634765625,99.180908203125,90.775146484375
IMG_0028.mp4,1803,60.1,30.0,830,1,traffic_lights,0.8807398080825806,606.2535400390625,370.7158508300781,669.8291015625,507.9788818359375,638.0413208007812,439.3473663330078,63.5755615234375,137.26303100585938
IMG_0028.mp4,1803,60.1,30.0,845,2,traffic_signs,0.3851742446422577,1714.249267578125,415.8055114746094,1749.13525390625,449.310791015625,1731.6922607421875,432.5581512451172,34.885986328125,33.505279541015625
IMG_0028.mp4,1803,60.1,30.0,902,2,traffic_signs,0.796299397945404,1091.1676025390625,601.747802734375,1105.8466796875,625.4715576171875,1098.5071411132812,613.6096801757812,14.6790771484375,23.7237548828125
IMG_0028.mp4,1803,60.1,30.0,901,2,traffic_signs,0.5747984647750854,1189.952392578125,632.0889892578125,1199.874267578125,643.45361328125,1194.913330078125,637.7713012695312,9.921875,11.3646240234375
IMG_0028.mp4,1803,60.1,30.0,851,1,traffic_lights,0.33126646280288696,1564.7479248046875,441.120849609375,1591.609619140625,486.1285095214844,1578.1787719726562,463.6246795654297,26.8616943359375,45.007659912109375
IMG_0028.mp4,1804,60.13333333333333,30.0,797,2,traffic_signs,0.9565935730934143,1684.2882080078125,318.1214904785156,1783.5032958984375,408.8432312011719,1733.895751953125,363.48236083984375,99.215087890625,90.72174072265625
IMG_0028.mp4,1804,60.13333333333333,30.0,830,1,traffic_lights,0.819948673248291,606.7251586914062,370.5492248535156,669.961669921875,507.68145751953125,638.3434143066406,439.11534118652344,63.23651123046875,137.13223266601562
IMG_0028.mp4,1804,60.13333333333333,30.0,845,2,traffic_signs,0.6113321185112,1713.7843017578125,415.43353271484375,1749.341552734375,449.7489013671875,1731.5629272460938,432.5912170410156,35.5572509765625,34.31536865234375
IMG_0028.mp4,1804,60.13333333333333,30.0,902,2,traffic_signs,0.7855194807052612,1091.2086181640625,601.72900390625,1105.821044921875,625.5158081054688,1098.5148315429688,613.6224060058594,14.6124267578125,23.78680419921875
IMG_0028.mp4,1804,60.13333333333333,30.0,901,2,traffic_signs,0.5720916390419006,1189.944580078125,631.8842163085938,1199.83837890625,643.5328369140625,1194.8914794921875,637.7085266113281,9.893798828125,11.64862060546875
IMG_0028.mp4,1804,60.13333333333333,30.0,851,1,traffic_lights,0.3986901342868805,1564.699462890625,441.1231689453125,1591.5911865234375,486.1869812011719,1578.1453247070312,463.6550750732422,26.8917236328125,45.063812255859375
IMG_0028.mp4,1805,60.166666666666664,30.0,797,2,traffic_signs,0.9562523365020752,1684.199951171875,318.1834716796875,1783.4530029296875,408.91021728515625,1733.8264770507812,363.5468444824219,99.2530517578125,90.72674560546875
IMG_0028.mp4,1805,60.166666666666664,30.0,830,1,traffic_lights,0.8331231474876404,606.7479248046875,370.1360778808594,670.034423828125,507.6044921875,638.3911743164062,438.8702850341797,63.2864990234375,137.46841430664062
IMG_0028.mp4,1805,60.166666666666664,30.0,845,2,traffic_signs,0.5554312467575073,1713.57861328125,415.1789245605469,1749.3067626953125,449.8758239746094,1731.4426879882812,432.5273742675781,35.7281494140625,34.6968994140625
IMG_0028.mp4,1805,60.166666666666664,30.0,902,2,traffic_signs,0.7881882786750793,1091.17041015625,601.6583862304688,1105.82568359375,625.4541015625,1098.498046875,613.5562438964844,14.6552734375,23.79571533203125
IMG_0028.mp4,1805,60.166666666666664,30.0,901,2,traffic_signs,0.5873119831085205,1189.8828125,631.767333984375,1199.8294677734375,643.525146484375,1194.8561401367188,637.646240234375,9.9466552734375,11.7578125
IMG_0028.mp4,1805,60.166666666666664,30.0,851,1,traffic_lights,0.37579435110092163,1564.7696533203125,441.052734375,1591.5487060546875,486.2008056640625,1578.1591796875,463.62677001953125,26.779052734375,45.1480712890625
IMG_0028.mp4,1806,60.2,30.0,797,2,traffic_signs,0.9563684463500977,1684.2325439453125,318.2181091308594,1783.4482421875,408.89178466796875,1733.8403930664062,363.55494689941406,99.2156982421875,90.67367553710938
IMG_0028.mp4,1806,60.2,30.0,830,1,traffic_lights,0.8661838173866272,606.61376953125,370.7774353027344,670.0119018554688,507.6603698730469,638.3128356933594,439.2189025878906,63.39813232421875,136.8829345703125
IMG_0028.mp4,1806,60.2,30.0,845,2,traffic_signs,0.41605907678604126,1713.8614501953125,415.63177490234375,1748.4830322265625,449.26190185546875,1731.1722412109375,432.44683837890625,34.62158203125,33.630126953125
IMG_0028.mp4,1806,60.2,30.0,902,2,traffic_signs,0.7890389561653137,1091.1370849609375,601.6454467773438,1105.8746337890625,625.4820556640625,1098.505859375,613.5637512207031,14.737548828125,23.83660888671875
IMG_0028.mp4,1806,60.2,30.0,901,2,traffic_signs,0.6192657947540283,1189.8402099609375,631.726318359375,1199.8922119140625,643.6194458007812,1194.8662109375,637.6728820800781,10.052001953125,11.89312744140625
IMG_0028.mp4,1806,60.2,30.0,851,1,traffic_lights,0.33833250403404236,1564.7861328125,441.09075927734375,1591.5596923828125,486.17132568359375,1578.1729125976562,463.63104248046875,26.7735595703125,45.08056640625
IMG_0028.mp4,1807,60.233333333333334,30.0,797,2,traffic_signs,0.9566193222999573,1684.085693359375,318.20904541015625,1783.3892822265625,408.8619384765625,1733.7374877929688,363.5354919433594,99.3035888671875,90.65289306640625
IMG_0028.mp4,1807,60.233333333333334,30.0,830,1,traffic_lights,0.8303712606430054,607.1105346679688,370.5677795410156,669.9553833007812,507.313232421875,638.532958984375,438.9405059814453,62.8448486328125,136.74545288085938
IMG_0028.mp4,1807,60.233333333333334,30.0,845,2,traffic_signs,0.5116251111030579,1713.694091796875,415.23272705078125,1749.317138671875,449.58795166015625,1731.505615234375,432.41033935546875,35.623046875,34.355224609375
IMG_0028.mp4,1807,60.233333333333334,30.0,902,2,traffic_signs,0.7917171120643616,1091.0592041015625,601.4608764648438,1105.826416015625,625.2744750976562,1098.4428100585938,613.36767578125,14.7672119140625,23.8135986328125
IMG_0028.mp4,1807,60.233333333333334,30.0,901,2,traffic_signs,0.6200800538063049,1189.848388671875,631.6475830078125,1199.781494140625,643.5779418945312,1194.81494140625,637.6127624511719,9.93310546875,11.93035888671875
IMG_0028.mp4,1807,60.233333333333334,30.0,851,1,traffic_lights,0.35792380571365356,1564.7496337890625,440.9434509277344,1591.4974365234375,486.0655212402344,1578.12353515625,463.5044860839844,26.747802734375,45.1220703125
IMG_0028.mp4,1808,60.266666666666666,30.0,797,2,traffic_signs,0.9566251635551453,1684.1011962890625,318.16876220703125,1783.4217529296875,408.7684020996094,1733.761474609375,363.4685821533203,99.320556640625,90.59963989257812
IMG_0028.mp4,1808,60.266666666666666,30.0,830,1,traffic_lights,0.7502471804618835,607.363525390625,370.1207580566406,669.943359375,506.9868469238281,638.6534423828125,438.5538024902344,62.579833984375,136.8660888671875
IMG_0028.mp4,1808,60.266666666666666,30.0,845,2,traffic_signs,0.5474992990493774,1713.7314453125,414.99505615234375,1749.6724853515625,449.80657958984375,1731.7019653320312,432.40081787109375,35.9410400390625,34.8115234375
IMG_0028.mp4,1808,60.266666666666666,30.0,902,2,traffic_signs,0.7957555651664734,1091.1156005859375,601.2677001953125,1105.9439697265625,625.2142333984375,1098.52978515625,613.240966796875,14.828369140625,23.946533203125
IMG_0028.mp4,1808,60.266666666666666,30.0,901,2,traffic_signs,0.5999765992164612,1189.8255615234375,631.7066040039062,1199.71630859375,643.5159912109375,1194.7709350585938,637.6112976074219,9.8907470703125,11.80938720703125
IMG_0028.mp4,1808,60.266666666666666,30.0,851,1,traffic_lights,0.302741140127182,1564.908935546875,440.7844543457031,1591.28125,485.9154968261719,1578.0950927734375,463.3499755859375,26.372314453125,45.13104248046875
IMG_0028.mp4,1809,60.3,30.0,797,2,traffic_signs,0.9563692212104797,1683.92724609375,318.2281188964844,1783.235107421875,408.8028259277344,1733.5811767578125,363.5154724121094,99.307861328125,90.57470703125
IMG_0028.mp4,1809,60.3,30.0,830,1,traffic_lights,0.5942914485931396,606.9608154296875,370.98101806640625,669.9755249023438,507.3253173828125,638.4681701660156,439.1531677246094,63.01470947265625,136.34429931640625
IMG_0028.mp4,1809,60.3,30.0,845,2,traffic_signs,0.4189091920852661,1713.8594970703125,415.3673400878906,1748.674072265625,449.3333740234375,1731.2667846679688,432.35035705566406,34.8145751953125,33.966033935546875
IMG_0028.mp4,1809,60.3,30.0,902,2,traffic_signs,0.7923241257667542,1091.111572265625,601.3532104492188,1105.91552734375,625.2554931640625,1098.5135498046875,613.3043518066406,14.803955078125,23.90228271484375
IMG_0028.mp4,1809,60.3,30.0,901,2,traffic_signs,0.6060768365859985,1189.73974609375,631.75732421875,1199.6658935546875,643.5728759765625,1194.7028198242188,637.6651000976562,9.9261474609375,11.8155517578125
IMG_0028.mp4,1809,60.3,30.0,851,1,traffic_lights,0.2857416272163391,1564.855712890625,440.98065185546875,1591.2628173828125,486.0017395019531,1578.0592651367188,463.49119567871094,26.4071044921875,45.021087646484375
IMG_0028.mp4,1810,60.333333333333336,30.0,797,2,traffic_signs,0.9565867781639099,1684.045166015625,318.3152770996094,1783.4635009765625,408.89337158203125,1733.7543334960938,363.6043243408203,99.4183349609375,90.57809448242188
IMG_0028.mp4,1810,60.333333333333336,30.0,830,1,traffic_lights,0.8693374991416931,607.3953857421875,370.5331115722656,670.1452026367188,507.9573669433594,638.7702941894531,439.2452392578125,62.74981689453125,137.42425537109375
IMG_0028.mp4,1810,60.333333333333336,30.0,845,2,traffic_signs,0.6179657578468323,1713.8359375,415.47430419921875,1749.239990234375,449.82904052734375,1731.5379638671875,432.65167236328125,35.404052734375,34.354736328125
IMG_0028.mp4,1810,60.333333333333336,30.0,902,2,traffic_signs,0.7927079200744629,1091.1455078125,601.4917602539062,1105.9210205078125,625.2948608398438,1098.5332641601562,613.393310546875,14.7755126953125,23.8031005859375
IMG_0028.mp4,1810,60.333333333333336,30.0,901,2,traffic_signs,0.6314629316329956,1189.7294921875,631.7984619140625,1199.686279296875,643.6409301757812,1194.7078857421875,637.7196960449219,9.956787109375,11.84246826171875
IMG_0028.mp4,1810,60.333333333333336,30.0,851,1,traffic_lights,0.3251112401485443,1565.123779296875,441.1937561035156,1591.375732421875,486.25457763671875,1578.249755859375,463.7241668701172,26.251953125,45.060821533203125
IMG_0028.mp4,1811,60.36666666666667,30.0,797,2,traffic_signs,0.9562057852745056,1684.1656494140625,318.3606872558594,1783.5955810546875,408.9668884277344,1733.880615234375,363.6637878417969,99.429931640625,90.606201171875
IMG_0028.mp4,1811,60.36666666666667,30.0,830,1,traffic_lights,0.8712999820709229,607.2219848632812,370.28485107421875,670.21875,508.3245849609375,638.7203674316406,439.3047180175781,62.99676513671875,138.03973388671875
IMG_0028.mp4,1811,60.36666666666667,30.0,845,2,traffic_signs,0.669669508934021,1713.8541259765625,415.5376281738281,1749.4599609375,450.08349609375,1731.6570434570312,432.81056213378906,35.6058349609375,34.545867919921875
IMG_0028.mp4,1811,60.36666666666667,30.0,902,2,traffic_signs,0.7964188456535339,1091.01318359375,601.7517700195312,1105.8575439453125,625.508544921875,1098.4353637695312,613.6301574707031,14.8443603515625,23.75677490234375
IMG_0028.mp4,1811,60.36666666666667,30.0,901,2,traffic_signs,0.6447576284408569,1189.7071533203125,631.9200439453125,1199.7027587890625,643.8417358398438,1194.7049560546875,637.8808898925781,9.99560546875,11.92169189453125
IMG_0028.mp4,1811,60.36666666666667,30.0,851,1,traffic_lights,0.34083113074302673,1565.004150390625,441.3779296875,1591.444580078125,486.422119140625,1578.224365234375,463.9000244140625,26.4404296875,45.044189453125
IMG_0028.mp4,1812,60.4,30.0,797,2,traffic_signs,0.9562808275222778,1684.845947265625,318.0920715332031,1784.057861328125,408.7934875488281,1734.451904296875,363.4427795410156,99.2119140625,90.701416015625
IMG_0028.mp4,1812,60.4,30.0,830,1,traffic_lights,0.8452356457710266,606.002197265625,371.2486267089844,669.5211181640625,508.1579895019531,637.7616577148438,439.70330810546875,63.5189208984375,136.90936279296875
IMG_0028.mp4,1812,60.4,30.0,845,2,traffic_signs,0.480648934841156,1714.339599609375,415.5926208496094,1749.4573974609375,449.3190002441406,1731.8984985351562,432.455810546875,35.1177978515625,33.72637939453125
IMG_0028.mp4,1812,60.4,30.0,902,2,traffic_signs,0.7927175760269165,1091.125732421875,601.8837890625,1105.9056396484375,625.7560424804688,1098.5156860351562,613.8199157714844,14.7799072265625,23.87225341796875
IMG_0028.mp4,1812,60.4,30.0,901,2,traffic_signs,0.6586499810218811,1189.923583984375,632.1355590820312,1199.971435546875,643.9688110351562,1194.947509765625,638.0521850585938,10.0478515625,11.833251953125
IMG_0028.mp4,1813,60.43333333333333,30.0,797,2,traffic_signs,0.9559532403945923,1684.8927001953125,318.0113830566406,1784.1083984375,408.83868408203125,1734.5005493164062,363.42503356933594,99.2156982421875,90.82730102539062
IMG_0028.mp4,1813,60.43333333333333,30.0,830,1,traffic_lights,0.768013060092926,606.0750732421875,371.20458984375,669.3944091796875,508.2702331542969,637.7347412109375,439.73741149902344,63.3193359375,137.06564331054688
IMG_0028.mp4,1813,60.43333333333333,30.0,845,2,traffic_signs,0.6433272957801819,1714.4730224609375,415.29827880859375,1750.1297607421875,449.7369689941406,1732.3013916015625,432.5176239013672,35.65673828125,34.438690185546875
IMG_0028.mp4,1813,60.43333333333333,30.0,902,2,traffic_signs,0.7940558195114136,1091.0855712890625,601.87841796875,1105.953125,625.887939453125,1098.5193481445312,613.8831787109375,14.8675537109375,24.009521484375
IMG_0028.mp4,1813,60.43333333333333,30.0,901,2,traffic_signs,0.6517391800880432,1190.02734375,632.1222534179688,1200.067626953125,644.07080078125,1195.0474853515625,638.0965270996094,10.040283203125,11.94854736328125
IMG_0028.mp4,1814,60.46666666666667,30.0,797,2,traffic_signs,0.9562562704086304,1684.943603515625,317.9493408203125,1784.2027587890625,408.8509521484375,1734.5731811523438,363.400146484375,99.2591552734375,90.901611328125
IMG_0028.mp4,1814,60.46666666666667,30.0,830,1,traffic_lights,0.558475136756897,606.1442260742188,370.9106750488281,669.220458984375,508.3269348144531,637.6823425292969,439.6188049316406,63.07623291015625,137.416259765625
IMG_0028.mp4,1814,60.46666666666667,30.0,845,2,traffic_signs,0.6914993524551392,1714.50439453125,415.1819763183594,1750.4595947265625,449.8966064453125,1732.4819946289062,432.53929138183594,35.9552001953125,34.714630126953125
IMG_0028.mp4,1814,60.46666666666667,30.0,902,2,traffic_signs,0.800451934337616,1091.142333984375,601.9697265625,1106.0826416015625,625.9476318359375,1098.6124877929688,613.9586791992188,14.9403076171875,23.9779052734375
IMG_0028.mp4,1814,60.46666666666667,30.0,901,2,traffic_signs,0.6494140625,1190.353515625,632.14013671875,1200.1312255859375,644.1238403320312,1195.2423706054688,638.1319885253906,9.7777099609375,11.98370361328125
IMG_0028.mp4,1815,60.5,30.0,797,2,traffic_signs,0.9563107490539551,1684.7867431640625,317.9755859375,1784.029052734375,408.8410339355469,1734.4078979492188,363.40830993652344,99.2423095703125,90.86544799804688
IMG_0028.mp4,1815,60.5,30.0,830,1,traffic_lights,0.8744672536849976,606.1542358398438,371.6035461425781,669.387451171875,508.28302001953125,637.7708435058594,439.9432830810547,63.23321533203125,136.67947387695312
IMG_0028.mp4,1815,60.5,30.0,845,2,traffic_signs,0.5937332510948181,1714.627197265625,415.6284484863281,1749.689697265625,449.5688171386719,1732.158447265625,432.5986328125,35.0625,33.94036865234375
IMG_0028.mp4,1815,60.5,30.0,902,2,traffic_signs,0.7930904626846313,1091.16748046875,601.9418334960938,1106.0316162109375,625.97607421875,1098.5995483398438,613.9589538574219,14.8641357421875,24.03424072265625
IMG_0028.mp4,1815,60.5,30.0,901,2,traffic_signs,0.6410950422286987,1190.2867431640625,632.160888671875,1200.1087646484375,644.06884765625,1195.19775390625,638.1148681640625,9.822021484375,11.907958984375
IMG_0028.mp4,1816,60.53333333333333,30.0,797,2,traffic_signs,0.956350564956665,1684.62890625,318.00262451171875,1783.94775390625,408.84454345703125,1734.288330078125,363.423583984375,99.31884765625,90.8419189453125
IMG_0028.mp4,1816,60.53333333333333,30.0,830,1,traffic_lights,0.8284428715705872,606.5423583984375,371.0761413574219,669.3829345703125,508.1845397949219,637.962646484375,439.6303405761719,62.840576171875,137.1083984375
IMG_0028.mp4,1816,60.53333333333333,30.0,845,2,traffic_signs,0.6566324234008789,1714.2291259765625,415.3873291015625,1749.8636474609375,449.9523010253906,1732.04638671875,432.66981506347656,35.634521484375,34.564971923828125
IMG_0028.mp4,1816,60.53333333333333,30.0,902,2,traffic_signs,0.7986389398574829,1091.1475830078125,601.9509887695312,1105.9091796875,625.9940795898438,1098.5283813476562,613.9725341796875,14.7615966796875,24.0430908203125
IMG_0028.mp4,1816,60.53333333333333,30.0,901,2,traffic_signs,0.6444569826126099,1190.189697265625,632.128662109375,1200.0421142578125,644.0780029296875,1195.1159057617188,638.1033325195312,9.8524169921875,11.9493408203125
IMG_0028.mp4,1817,60.56666666666667,30.0,797,2,traffic_signs,0.9561125040054321,1684.5802001953125,318.1437072753906,1783.8958740234375,408.81072998046875,1734.238037109375,363.4772186279297,99.315673828125,90.66702270507812
IMG_0028.mp4,1817,60.56666666666667,30.0,830,1,traffic_lights,0.6620415449142456,606.8089599609375,371.2017822265625,669.4384765625,507.8747863769531,638.1237182617188,439.5382843017578,62.6295166015625,136.67300415039062
IMG_0028.mp4,1817,60.56666666666667,30.0,845,2,traffic_signs,0.5837855339050293,1714.1175537109375,415.28521728515625,1749.657470703125,450.02099609375,1731.8875122070312,432.6531066894531,35.5399169921875,34.73577880859375
IMG_0028.mp4,1817,60.56666666666667,30.0,902,2,traffic_signs,0.7930907607078552,1091.1866455078125,601.9405517578125,1105.8638916015625,625.9473266601562,1098.5252685546875,613.9439392089844,14.67724609375,24.00677490234375
IMG_0028.mp4,1817,60.56666666666667,30.0,901,2,traffic_signs,0.6242969036102295,1190.1097412109375,632.1622314453125,1199.978271484375,643.999267578125,1195.0440063476562,638.0807495117188,9.8685302734375,11.8370361328125
IMG_0028.mp4,1818,60.6,30.0,797,2,traffic_signs,0.9558300375938416,1684.647216796875,318.19415283203125,1783.84033203125,408.6986389160156,1734.2437744140625,363.44639587402344,99.193115234375,90.50448608398438
IMG_0028.mp4,1818,60.6,30.0,830,1,traffic_lights,0.8732344508171082,606.797119140625,371.7884521484375,669.4822387695312,507.46173095703125,638.1396789550781,439.6250915527344,62.68511962890625,135.67327880859375
IMG_0028.mp4,1818,60.6,30.0,845,2,traffic_signs,0.5031668543815613,1714.32666015625,415.6112976074219,1748.85595703125,449.3279724121094,1731.59130859375,432.4696350097656,34.529296875,33.7166748046875
IMG_0028.mp4,1818,60.6,30.0,902,2,traffic_signs,0.8023596405982971,1091.267578125,601.9730224609375,1105.9166259765625,625.891845703125,1098.5921020507812,613.9324340820312,14.6490478515625,23.9188232421875
IMG_0028.mp4,1818,60.6,30.0,901,2,traffic_signs,0.6276336908340454,1190.0731201171875,632.1655883789062,1199.981689453125,643.93603515625,1195.0274047851562,638.0508117675781,9.9085693359375,11.77044677734375
IMG_0028.mp4,1819,60.63333333333333,30.0,797,2,traffic_signs,0.9563679099082947,1684.7158203125,317.92987060546875,1783.9853515625,408.671875,1734.3505859375,363.3008728027344,99.26953125,90.74200439453125
IMG_0028.mp4,1819,60.63333333333333,30.0,830,1,traffic_lights,0.7633890509605408,607.182861328125,371.0536193847656,669.1692504882812,506.96844482421875,638.1760559082031,439.0110321044922,61.98638916015625,135.91482543945312
IMG_0028.mp4,1819,60.63333333333333,30.0,845,2,traffic_signs,0.6697167754173279,1714.2381591796875,415.1024475097656,1749.8714599609375,449.51690673828125,1732.0548095703125,432.30967712402344,35.63330078125,34.414459228515625
IMG_0028.mp4,1819,60.63333333333333,30.0,902,2,traffic_signs,0.7996217608451843,1091.1317138671875,601.8605346679688,1105.8677978515625,625.7896118164062,1098.499755859375,613.8250732421875,14.736083984375,23.9290771484375
IMG_0028.mp4,1819,60.63333333333333,30.0,901,2,traffic_signs,0.6395503282546997,1189.9718017578125,632.0517578125,1199.9892578125,643.9292602539062,1194.9805297851562,637.9905090332031,10.0174560546875,11.87750244140625
IMG_0028.mp4,1819,60.63333333333333,30.0,851,1,traffic_lights,0.2806337773799896,1564.9132080078125,441.12664794921875,1591.72900390625,485.7312316894531,1578.3211059570312,463.42893981933594,26.8157958984375,44.604583740234375
IMG_0028.mp4,1820,60.666666666666664,30.0,797,2,traffic_signs,0.9563375115394592,1684.617431640625,318.1041259765625,1783.803955078125,408.6465759277344,1734.210693359375,363.37535095214844,99.1865234375,90.54244995117188
IMG_0028.mp4,1820,60.666666666666664,30.0,830,1,traffic_lights,0.7842969298362732,607.6937866210938,370.5251159667969,669.202392578125,506.6853332519531,638.4480895996094,438.605224609375,61.50860595703125,136.16021728515625
IMG_0028.mp4,1820,60.666666666666664,30.0,845,2,traffic_signs,0.6856274604797363,1714.064453125,414.98712158203125,1749.899658203125,449.5456237792969,1731.9820556640625,432.26637268066406,35.835205078125,34.558502197265625
IMG_0028.mp4,1820,60.666666666666664,30.0,902,2,traffic_signs,0.8018405437469482,1091.117919921875,601.6229248046875,1106.0223388671875,625.6658935546875,1098.5701293945312,613.6444091796875,14.9044189453125,24.04296875
IMG_0028.mp4,1820,60.666666666666664,30.0,901,2,traffic_signs,0.626020073890686,1189.9805908203125,631.5819702148438,1200.0008544921875,643.9846801757812,1194.99072265625,637.7833251953125,10.020263671875,12.4027099609375
IMG_0028.mp4,1821,60.7,30.0,797,2,traffic_signs,0.9563394784927368,1684.6656494140625,318.25347900390625,1783.75439453125,408.7825012207031,1734.2100219726562,363.5179901123047,99.0887451171875,90.52902221679688
IMG_0028.mp4,1821,60.7,30.0,830,1,traffic_lights,0.8642326593399048,607.5820922851562,371.1595458984375,669.3252563476562,506.7384033203125,638.4536743164062,438.948974609375,61.7431640625,135.578857421875
IMG_0028.mp4,1821,60.7,30.0,845,2,traffic_signs,0.5730714201927185,1714.314453125,415.50177001953125,1748.9552001953125,449.0511779785156,1731.6348266601562,432.27647399902344,34.6407470703125,33.549407958984375
IMG_0028.mp4,1821,60.7,30.0,902,2,traffic_signs,0.8024308681488037,1091.0947265625,601.6630859375,1106.1400146484375,625.7838745117188,1098.6173706054688,613.7234802246094,15.0452880859375,24.12078857421875
IMG_0028.mp4,1821,60.7,30.0,901,2,traffic_signs,0.636471152305603,1189.990966796875,631.86767578125,1199.9398193359375,644.3226318359375,1194.9653930664062,638.0951538085938,9.9488525390625,12.4549560546875
IMG_0028.mp4,1822,60.733333333333334,30.0,797,2,traffic_signs,0.9562273621559143,1684.64892578125,318.3041076660156,1783.70751953125,408.8009033203125,1734.17822265625,363.55250549316406,99.05859375,90.49679565429688
IMG_0028.mp4,1822,60.733333333333334,30.0,830,1,traffic_lights,0.730596661567688,607.46533203125,370.9496154785156,669.2633666992188,507.1302795410156,638.3643493652344,439.0399475097656,61.79803466796875,136.1806640625
IMG_0028.mp4,1822,60.733333333333334,30.0,845,2,traffic_signs,0.7096432447433472,1714.08203125,415.40142822265625,1749.5194091796875,449.77752685546875,1731.8007202148438,432.5894775390625,35.4373779296875,34.3760986328125
IMG_0028.mp4,1822,60.733333333333334,30.0,902,2,traffic_signs,0.8134927749633789,1091.062255859375,601.8165283203125,1106.184814453125,625.8238525390625,1098.62353515625,613.8201904296875,15.12255859375,24.00732421875
IMG_0028.mp4,1822,60.733333333333334,30.0,901,2,traffic_signs,0.67331463098526,1189.9083251953125,632.0098266601562,1200.010498046875,644.4651489257812,1194.9594116210938,638.2374877929688,10.1021728515625,12.455322265625
IMG_0028.mp4,1823,60.766666666666666,30.0,797,2,traffic_signs,0.9560798406600952,1684.740234375,318.31005859375,1783.87109375,408.9123840332031,1734.3056640625,363.61122131347656,99.130859375,90.60232543945312
IMG_0028.mp4,1823,60.766666666666666,30.0,830,1,traffic_lights,0.6744264364242554,607.8201904296875,370.3810119628906,669.6873779296875,507.0384826660156,638.7537841796875,438.7097473144531,61.8671875,136.657470703125
IMG_0028.mp4,1823,60.766666666666666,30.0,845,2,traffic_signs,0.7291669845581055,1714.1412353515625,415.25872802734375,1749.61328125,449.8232116699219,1731.8772583007812,432.5409698486328,35.4720458984375,34.564483642578125
IMG_0028.mp4,1823,60.766666666666666,30.0,902,2,traffic_signs,0.8043375015258789,1091.0093994140625,601.7943725585938,1106.2135009765625,625.9500122070312,1098.6114501953125,613.8721923828125,15.2041015625,24.1556396484375
IMG_0028.mp4,1823,60.766666666666666,30.0,901,2,traffic_signs,0.644599199295044,1189.9677734375,631.9306640625,1200.0174560546875,644.5130004882812,1194.9926147460938,638.2218322753906,10.0496826171875,12.58233642578125
IMG_0028.mp4,1824,60.8,30.0,797,2,traffic_signs,0.9552736878395081,1684.8311767578125,318.32928466796875,1783.9542236328125,408.8849792480469,1734.3927001953125,363.6071319580078,99.123046875,90.55569458007812
IMG_0028.mp4,1824,60.8,30.0,830,1,traffic_lights,0.7871812582015991,607.4820556640625,371.4532165527344,669.4523315429688,507.1857604980469,638.4671936035156,439.3194885253906,61.97027587890625,135.7325439453125
IMG_0028.mp4,1824,60.8,30.0,845,2,traffic_signs,0.6452952027320862,1714.406982421875,415.6726989746094,1749.2454833984375,449.4266052246094,1731.8262329101562,432.5496520996094,34.8385009765625,33.75390625
IMG_0028.mp4,1824,60.8,30.0,902,2,traffic_signs,0.804929792881012,1091.0460205078125,601.9987182617188,1106.212158203125,626.0905151367188,1098.6290893554688,614.0446166992188,15.1661376953125,24.091796875
IMG_0028.mp4,1824,60.8,30.0,901,2,traffic_signs,0.5750276446342468,1190.0552978515625,631.907958984375,1199.8843994140625,644.6179809570312,1194.9698486328125,638.2629699707031,9.8291015625,12.71002197265625
IMG_0028.mp4,1825,60.833333333333336,30.0,797,2,traffic_signs,0.9557585716247559,1684.9141845703125,318.2021179199219,1783.9976806640625,408.828125,1734.4559326171875,363.51512145996094,99.08349609375,90.62600708007812
IMG_0028.mp4,1825,60.833333333333336,30.0,830,1,traffic_lights,0.6997471451759338,607.6129150390625,371.3169860839844,669.3516235351562,507.2117004394531,638.4822692871094,439.26434326171875,61.73870849609375,135.89471435546875
IMG_0028.mp4,1825,60.833333333333336,30.0,845,2,traffic_signs,0.7121367454528809,1714.376708984375,415.4064025878906,1749.9735107421875,449.9173278808594,1732.1751098632812,432.661865234375,35.5968017578125,34.51092529296875
IMG_0028.mp4,1825,60.833333333333336,30.0,902,2,traffic_signs,0.8126459717750549,1091.0189208984375,601.900634765625,1106.309326171875,626.0784912109375,1098.6641235351562,613.9895629882812,15.2904052734375,24.1778564453125
IMG_0028.mp4,1825,60.833333333333336,30.0,901,2,traffic_signs,0.5652399063110352,1190.2740478515625,631.9618530273438,1199.9468994140625,644.5785522460938,1195.1104736328125,638.2702026367188,9.6728515625,12.61669921875
IMG_0028.mp4,1825,60.833333333333336,30.0,851,1,traffic_lights,0.3135537803173065,1564.439453125,441.59991455078125,1591.9658203125,485.9974365234375,1578.20263671875,463.7986755371094,27.5263671875,44.39752197265625
IMG_0028.mp4,1826,60.86666666666667,30.0,797,2,traffic_signs,0.9554868340492249,1684.87451171875,318.2091064453125,1783.9334716796875,408.83758544921875,1734.4039916992188,363.5233459472656,99.0589599609375,90.62847900390625
IMG_0028.mp4,1826,60.86666666666667,30.0,830,1,traffic_lights,0.754412829875946,607.4583740234375,371.0372314453125,669.4645385742188,507.3143005371094,638.4614562988281,439.17576599121094,62.00616455078125,136.27706909179688
IMG_0028.mp4,1826,60.86666666666667,30.0,845,2,traffic_signs,0.7166109681129456,1714.2855224609375,415.3006591796875,1750.0350341796875,450.2197570800781,1732.1602783203125,432.7602081298828,35.74951171875,34.919097900390625
IMG_0028.mp4,1826,60.86666666666667,30.0,902,2,traffic_signs,0.8091377019882202,1091.03662109375,601.9325561523438,1106.34814453125,625.947265625,1098.6923828125,613.9399108886719,15.3115234375,24.01470947265625
IMG_0028.mp4,1826,60.86666666666667,30.0,901,2,traffic_signs,0.5035232901573181,1190.3421630859375,631.9917602539062,1199.86474609375,644.5037841796875,1195.1034545898438,638.2477722167969,9.5225830078125,12.51202392578125
IMG_0028.mp4,1826,60.86666666666667,30.0,851,1,traffic_lights,0.36049124598503113,1564.5135498046875,441.540283203125,1591.9365234375,486.1375732421875,1578.2250366210938,463.83892822265625,27.4229736328125,44.5972900390625
IMG_0028.mp4,1827,60.9,30.0,797,2,traffic_signs,0.9551613330841064,1684.8197021484375,318.08001708984375,1783.9378662109375,408.59454345703125,1734.3787841796875,363.3372802734375,99.1181640625,90.5145263671875
IMG_0028.mp4,1827,60.9,30.0,830,1,traffic_lights,0.7875227928161621,607.42138671875,371.53857421875,669.4896850585938,507.4472961425781,638.4555358886719,439.49293518066406,62.06829833984375,135.90872192382812
IMG_0028.mp4,1827,60.9,30.0,845,2,traffic_signs,0.6203364133834839,1714.2811279296875,415.2799377441406,1749.4510498046875,449.33990478515625,1731.8660888671875,432.30992126464844,35.169921875,34.059967041015625
IMG_0028.mp4,1827,60.9,30.0,902,2,traffic_signs,0.8013836741447449,1091.0333251953125,601.8374633789062,1106.275634765625,625.8209838867188,1098.6544799804688,613.8292236328125,15.2423095703125,23.9835205078125
IMG_0028.mp4,1827,60.9,30.0,901,2,traffic_signs,0.44168877601623535,1190.2999267578125,631.7833862304688,1199.8216552734375,644.212646484375,1195.060791015625,637.9980163574219,9.521728515625,12.42926025390625
IMG_0028.mp4,1827,60.9,30.0,851,1,traffic_lights,0.26146700978279114,1564.702392578125,441.4867858886719,1591.7835693359375,486.0575256347656,1578.2429809570312,463.77215576171875,27.0811767578125,44.57073974609375
IMG_0028.mp4,1828,60.93333333333333,30.0,797,2,traffic_signs,0.9550657272338867,1684.7796630859375,318.19708251953125,1783.9327392578125,408.7553405761719,1734.356201171875,363.47621154785156,99.153076171875,90.55825805664062
IMG_0028.mp4,1828,60.93333333333333,30.0,830,1,traffic_lights,0.8004262447357178,607.5272216796875,371.1507568359375,669.5941772460938,507.54296875,638.5606994628906,439.34686279296875,62.06695556640625,136.3922119140625
IMG_0028.mp4,1828,60.93333333333333,30.0,845,2,traffic_signs,0.7206037640571594,1714.182861328125,415.2718505859375,1749.6474609375,449.82501220703125,1731.9151611328125,432.5484313964844,35.464599609375,34.55316162109375
IMG_0028.mp4,1828,60.93333333333333,30.0,902,2,traffic_signs,0.8062198758125305,1091.050048828125,601.884521484375,1106.201416015625,625.8239135742188,1098.625732421875,613.8542175292969,15.1513671875,23.93939208984375
IMG_0028.mp4,1828,60.93333333333333,30.0,901,2,traffic_signs,0.511139452457428,1190.1087646484375,632.0006713867188,1199.91064453125,643.9581909179688,1195.0097045898438,637.9794311523438,9.8018798828125,11.95751953125
IMG_0028.mp4,1828,60.93333333333333,30.0,851,1,traffic_lights,0.2578977346420288,1564.751220703125,441.53680419921875,1591.6781005859375,486.2232971191406,1578.2146606445312,463.8800506591797,26.9268798828125,44.686492919921875
IMG_0028.mp4,1829,60.96666666666667,30.0,797,2,traffic_signs,0.9547942280769348,1684.8323974609375,318.1726379394531,1783.971923828125,408.794921875,1734.4021606445312,363.48377990722656,99.1395263671875,90.62228393554688
IMG_0028.mp4,1829,60.96666666666667,30.0,830,1,traffic_lights,0.8056183457374573,607.86962890625,370.97723388671875,669.5881958007812,507.5825500488281,638.7289123535156,439.27989196777344,61.71856689453125,136.60531616210938
IMG_0028.mp4,1829,60.96666666666667,30.0,845,2,traffic_signs,0.7116093635559082,1714.16015625,415.23956298828125,1749.764404296875,449.7430419921875,1731.9622802734375,432.4913024902344,35.604248046875,34.50347900390625
IMG_0028.mp4,1829,60.96666666666667,30.0,902,2,traffic_signs,0.8101997971534729,1091.0823974609375,601.9334106445312,1106.186279296875,625.817626953125,1098.6343383789062,613.8755187988281,15.1038818359375,23.88421630859375
IMG_0028.mp4,1829,60.96666666666667,30.0,901,2,traffic_signs,0.41441842913627625,1189.995849609375,632.1762084960938,1200.02392578125,643.8248901367188,1195.0098876953125,638.0005493164062,10.028076171875,11.648681640625
IMG_0028.mp4,1829,60.96666666666667,30.0,851,1,traffic_lights,0.2652130126953125,1564.739013671875,441.5915222167969,1591.73486328125,486.278076171875,1578.2369384765625,463.93479919433594,26.995849609375,44.686553955078125
IMG_0028.mp4,1830,61.0,30.0,797,2,traffic_signs,0.95464688539505,1684.911376953125,318.1650085449219,1783.9378662109375,408.6384582519531,1734.4246215820312,363.4017333984375,99.0264892578125,90.47344970703125
IMG_0028.mp4,1830,61.0,30.0,830,1,traffic_lights,0.853200376033783,607.8639526367188,371.4462585449219,669.648193359375,507.60003662109375,638.7560729980469,439.5231475830078,61.78424072265625,136.15377807617188
IMG_0028.mp4,1830,61.0,30.0,845,2,traffic_signs,0.5425882935523987,1714.3778076171875,415.3405456542969,1749.4266357421875,449.2726745605469,1731.9022216796875,432.3066101074219,35.048828125,33.93212890625
IMG_0028.mp4,1830,61.0,30.0,902,2,traffic_signs,0.791588306427002,1091.08935546875,601.9259643554688,1106.1492919921875,625.833984375,1098.6193237304688,613.8799743652344,15.0599365234375,23.90802001953125
IMG_0028.mp4,1830,61.0,30.0,901,2,traffic_signs,0.26237228512763977,1189.9801025390625,632.1238403320312,1200.0426025390625,643.7618408203125,1195.0113525390625,637.9428405761719,10.0625,11.63800048828125
IMG_0028.mp4,1831,61.03333333333333,30.0,797,2,traffic_signs,0.9544621109962463,1684.943603515625,318.22393798828125,1783.9495849609375,408.79248046875,1734.4465942382812,363.5082092285156,99.0059814453125,90.56854248046875
IMG_0028.mp4,1831,61.03333333333333,30.0,830,1,traffic_lights,0.8429722189903259,607.8096313476562,371.0783386230469,669.689453125,507.5397033691406,638.7495422363281,439.30902099609375,61.87982177734375,136.46136474609375
IMG_0028.mp4,1831,61.03333333333333,30.0,845,2,traffic_signs,0.6794886589050293,1714.2799072265625,415.48779296875,1749.700927734375,449.9208984375,1731.9904174804688,432.704345703125,35.4210205078125,34.43310546875
IMG_0028.mp4,1831,61.03333333333333,30.0,902,2,traffic_signs,0.8099634647369385,1091.0682373046875,601.98388671875,1106.2091064453125,625.8661499023438,1098.638671875,613.9250183105469,15.140869140625,23.88226318359375
IMG_0028.mp4,1831,61.03333333333333,30.0,851,1,traffic_lights,0.29306158423423767,1565.0469970703125,441.48565673828125,1591.6270751953125,486.3092346191406,1578.3370361328125,463.89744567871094,26.580078125,44.823577880859375
IMG_0028.mp4,1832,61.06666666666667,30.0,797,2,traffic_signs,0.9546738266944885,1685.03955078125,318.1520080566406,1784.0648193359375,408.8599853515625,1734.5521850585938,363.50599670410156,99.0252685546875,90.70797729492188
IMG_0028.mp4,1832,61.06666666666667,30.0,830,1,traffic_lights,0.8164522647857666,607.4344482421875,370.7843933105469,669.5686645507812,507.5782470703125,638.5015563964844,439.1813201904297,62.13421630859375,136.79385375976562
IMG_0028.mp4,1832,61.06666666666667,30.0,845,2,traffic_signs,0.7284537553787231,1714.279052734375,415.5030822753906,1750.05322265625,450.0576171875,1732.1661376953125,432.7803497314453,35.774169921875,34.554534912109375
IMG_0028.mp4,1832,61.06666666666667,30.0,902,2,traffic_signs,0.7918751239776611,1091.095947265625,601.94091796875,1106.240234375,625.8135986328125,1098.6680908203125,613.8772583007812,15.144287109375,23.8726806640625
IMG_0028.mp4,1833,61.1,30.0,797,2,traffic_signs,0.9548685550689697,1685.2618408203125,318.0296325683594,1784.1536865234375,408.9312744140625,1734.707763671875,363.48045349121094,98.891845703125,90.90164184570312
IMG_0028.mp4,1833,61.1,30.0,830,1,traffic_lights,0.8632554411888123,607.0232543945312,371.22265625,669.511474609375,507.58935546875,638.2673645019531,439.406005859375,62.48822021484375,136.36669921875
IMG_0028.mp4,1833,61.1,30.0,845,2,traffic_signs,0.5983067154884338,1714.5977783203125,415.66693115234375,1749.499755859375,449.5119934082031,1732.0487670898438,432.58946228027344,34.9019775390625,33.845062255859375
IMG_0028.mp4,1833,61.1,30.0,902,2,traffic_signs,0.8091919422149658,1091.0634765625,602.0433349609375,1106.3074951171875,625.8992919921875,1098.6854858398438,613.9713134765625,15.2440185546875,23.85595703125
IMG_0028.mp4,1834,61.13333333333333,30.0,797,2,traffic_signs,0.9550729393959045,1685.440673828125,317.9731750488281,1784.303955078125,408.74951171875,1734.872314453125,363.36134338378906,98.86328125,90.77633666992188
IMG_0028.mp4,1834,61.13333333333333,30.0,830,1,traffic_lights,0.8204259276390076,607.0355224609375,370.7434997558594,669.486328125,507.47845458984375,638.2609252929688,439.11097717285156,62.4508056640625,136.73495483398438
IMG_0028.mp4,1834,61.13333333333333,30.0,845,2,traffic_signs,0.7444916367530823,1714.60888671875,415.42608642578125,1750.0364990234375,449.9252624511719,1732.3226928710938,432.67567443847656,35.4276123046875,34.499176025390625
IMG_0028.mp4,1834,61.13333333333333,30.0,902,2,traffic_signs,0.8176090121269226,1091.0635986328125,602.0360717773438,1106.4705810546875,625.9481201171875,1098.76708984375,613.9920959472656,15.406982421875,23.91204833984375
IMG_0028.mp4,1834,61.13333333333333,30.0,901,2,traffic_signs,0.4670751392841339,1189.9610595703125,632.2015991210938,1200.5062255859375,643.9341430664062,1195.233642578125,638.06787109375,10.545166015625,11.7325439453125
IMG_0028.mp4,1835,61.166666666666664,30.0,797,2,traffic_signs,0.9558761119842529,1685.3173828125,317.89971923828125,1784.25634765625,408.7268981933594,1734.786865234375,363.3133087158203,98.93896484375,90.82717895507812
IMG_0028.mp4,1835,61.166666666666664,30.0,830,1,traffic_lights,0.7924443483352661,606.956787109375,370.82427978515625,669.5078125,507.39337158203125,638.2322998046875,439.10882568359375,62.551025390625,136.569091796875
IMG_0028.mp4,1835,61.166666666666664,30.0,845,2,traffic_signs,0.7314866185188293,1714.5238037109375,415.3327941894531,1750.2412109375,450.0202941894531,1732.3825073242188,432.6765441894531,35.7174072265625,34.6875
IMG_0028.mp4,1835,61.166666666666664,30.0,902,2,traffic_signs,0.8111933469772339,1091.0225830078125,601.993408203125,1106.5386962890625,625.9752807617188,1098.7806396484375,613.9843444824219,15.51611328125,23.98187255859375
IMG_0028.mp4,1835,61.166666666666664,30.0,901,2,traffic_signs,0.4872845411300659,1189.8094482421875,632.17333984375,1200.6864013671875,643.950927734375,1195.2479248046875,638.0621337890625,10.876953125,11.777587890625
IMG_0028.mp4,1836,61.2,30.0,797,2,traffic_signs,0.9563184976577759,1685.097900390625,317.9022216796875,1784.10498046875,408.7306213378906,1734.6014404296875,363.31642150878906,99.007080078125,90.82839965820312
IMG_0028.mp4,1836,61.2,30.0,830,1,traffic_lights,0.8590654134750366,606.5275268554688,371.46551513671875,669.5,507.3638000488281,638.0137634277344,439.41465759277344,62.97247314453125,135.89828491210938
IMG_0028.mp4,1836,61.2,30.0,845,2,traffic_signs,0.6123802661895752,1714.6591796875,415.4804992675781,1749.4599609375,449.3144226074219,1732.0595703125,432.3974609375,34.80078125,33.83392333984375
IMG_0028.mp4,1836,61.2,30.0,902,2,traffic_signs,0.816290557384491,1090.9962158203125,601.9954223632812,1106.547607421875,625.972412109375,1098.7719116210938,613.9839172363281,15.5513916015625,23.97698974609375
IMG_0028.mp4,1836,61.2,30.0,901,2,traffic_signs,0.46311864256858826,1189.5333251953125,632.0552368164062,1200.603271484375,644.188232421875,1195.0682983398438,638.1217346191406,11.0699462890625,12.13299560546875
IMG_0028.mp4,1837,61.233333333333334,30.0,797,2,traffic_signs,0.9563397765159607,1685.111328125,317.8896484375,1784.2314453125,408.8453369140625,1734.67138671875,363.36749267578125,99.1201171875,90.9556884765625
IMG_0028.mp4,1837,61.233333333333334,30.0,830,1,traffic_lights,0.8106217980384827,606.5115356445312,370.86126708984375,669.5249633789062,507.3367614746094,638.0182495117188,439.09901428222656,63.013427734375,136.47549438476562
IMG_0028.mp4,1837,61.233333333333334,30.0,845,2,traffic_signs,0.7574388384819031,1714.4593505859375,415.2703552246094,1750.1051025390625,449.7100830078125,1732.2822265625,432.49021911621094,35.645751953125,34.439727783203125
IMG_0028.mp4,1837,61.233333333333334,30.0,902,2,traffic_signs,0.8128401637077332,1091.0234375,601.9402465820312,1106.5748291015625,625.923828125,1098.7991333007812,613.9320373535156,15.5513916015625,23.98358154296875
IMG_0028.mp4,1837,61.233333333333334,30.0,901,2,traffic_signs,0.33432167768478394,1189.498779296875,631.9027099609375,1200.3948974609375,644.5307006835938,1194.9468383789062,638.2167053222656,10.8961181640625,12.62799072265625
IMG_0028.mp4,1838,61.266666666666666,30.0,797,2,traffic_signs,0.9569454789161682,1685.0772705078125,317.8534240722656,1784.010498046875,408.9034423828125,1734.5438842773438,363.37843322753906,98.9332275390625,91.05001831054688
IMG_0028.mp4,1838,61.266666666666666,30.0,830,1,traffic_lights,0.8018444776535034,606.3738403320312,370.53155517578125,669.49609375,507.329833984375,637.9349670410156,438.9306945800781,63.12225341796875,136.79827880859375
IMG_0028.mp4,1838,61.266666666666666,30.0,845,2,traffic_signs,0.7678911685943604,1714.374267578125,415.1796875,1750.317626953125,449.6597595214844,1732.345947265625,432.4197235107422,35.943359375,34.480072021484375
IMG_0028.mp4,1838,61.266666666666666,30.0,902,2,traffic_signs,0.7526934742927551,1091.0755615234375,601.8621215820312,1106.4990234375,625.6834106445312,1098.7872924804688,613.7727661132812,15.4234619140625,23.8212890625
IMG_0028.mp4,1839,61.3,30.0,797,2,traffic_signs,0.9571185111999512,1685.12548828125,317.8404541015625,1784.05126953125,408.8397521972656,1734.58837890625,363.34010314941406,98.92578125,90.99929809570312
IMG_0028.mp4,1839,61.3,30.0,830,1,traffic_lights,0.8578436970710754,606.2299194335938,371.2660827636719,669.5901489257812,507.3828430175781,637.9100341796875,439.324462890625,63.3602294921875,136.11676025390625
IMG_0028.mp4,1839,61.3,30.0,845,2,traffic_signs,0.6737446784973145,1714.5340576171875,415.3640441894531,1749.889404296875,449.3203430175781,1732.2117309570312,432.3421936035156,35.3553466796875,33.956298828125
IMG_0028.mp4,1839,61.3,30.0,902,2,traffic_signs,0.7681971788406372,1091.0833740234375,601.936279296875,1106.537841796875,625.6847534179688,1098.8106079101562,613.8105163574219,15.4544677734375,23.74847412109375
IMG_0028.mp4,1839,61.3,30.0,901,2,traffic_signs,0.3311847746372223,1189.289306640625,632.0433349609375,1200.5186767578125,644.5585327148438,1194.9039916992188,638.3009338378906,11.2293701171875,12.51519775390625
IMG_0028.mp4,1840,61.333333333333336,30.0,797,2,traffic_signs,0.9573683738708496,1684.9219970703125,317.865234375,1783.8619384765625,408.8502197265625,1734.3919677734375,363.35772705078125,98.93994140625,90.9849853515625
IMG_0028.mp4,1840,61.333333333333336,30.0,830,1,traffic_lights,0.7379457950592041,606.7053833007812,370.8200988769531,669.4923706054688,507.2767333984375,638.098876953125,439.0484161376953,62.7869873046875,136.45663452148438
IMG_0028.mp4,1840,61.333333333333336,30.0,845,2,traffic_signs,0.7783218622207642,1714.3060302734375,415.0290222167969,1750.15673828125,449.5145568847656,1732.2313842773438,432.27178955078125,35.8507080078125,34.48553466796875
IMG_0028.mp4,1840,61.333333333333336,30.0,902,2,traffic_signs,0.7561158537864685,1091.07763671875,601.8327026367188,1106.375244140625,625.5921020507812,1098.7264404296875,613.71240234375,15.297607421875,23.7593994140625
IMG_0028.mp4,1840,61.333333333333336,30.0,901,2,traffic_signs,0.2978726923465729,1189.3607177734375,632.1171264648438,1200.3568115234375,644.2568969726562,1194.8587646484375,638.18701171875,10.99609375,12.1397705078125
IMG_0028.mp4,1841,61.36666666666667,30.0,797,2,traffic_signs,0.9567276239395142,1684.847900390625,317.9286193847656,1783.833740234375,408.87762451171875,1734.3408203125,363.4031219482422,98.98583984375,90.94900512695312
IMG_0028.mp4,1841,61.36666666666667,30.0,830,1,traffic_lights,0.7502696514129639,607.1900634765625,370.6323547363281,669.54833984375,506.9655456542969,638.3692016601562,438.7989501953125,62.3582763671875,136.33319091796875
IMG_0028.mp4,1841,61.36666666666667,30.0,845,2,traffic_signs,0.7493857145309448,1714.155517578125,414.930908203125,1749.81103515625,449.52398681640625,1731.9832763671875,432.2274475097656,35.655517578125,34.59307861328125
IMG_0028.mp4,1841,61.36666666666667,30.0,902,2,traffic_signs,0.6744920015335083,1091.083251953125,601.7861328125,1106.3280029296875,625.66015625,1098.7056274414062,613.72314453125,15.2447509765625,23.8740234375
IMG_0028.mp4,1841,61.36666666666667,30.0,901,2,traffic_signs,0.42902037501335144,1189.371826171875,632.1860961914062,1200.6649169921875,644.2931518554688,1195.0183715820312,638.2396240234375,11.2930908203125,12.1070556640625
IMG_0028.mp4,1842,61.4,30.0,797,2,traffic_signs,0.9563421607017517,1684.794189453125,318.0653076171875,1783.677490234375,408.7041015625,1734.23583984375,363.38470458984375,98.88330078125,90.6387939453125
IMG_0028.mp4,1842,61.4,30.0,830,1,traffic_lights,0.7957176566123962,607.0926513671875,371.61749267578125,669.4356689453125,506.897705078125,638.26416015625,439.2575988769531,62.343017578125,135.28021240234375
IMG_0028.mp4,1842,61.4,30.0,845,2,traffic_signs,0.6072685718536377,1714.384765625,415.46453857421875,1749.2061767578125,449.12921142578125,1731.7954711914062,432.296875,34.8214111328125,33.6646728515625
IMG_0028.mp4,1842,61.4,30.0,902,2,traffic_signs,0.6010048389434814,1091.0736083984375,601.7850341796875,1105.9866943359375,625.4109497070312,1098.5301513671875,613.5979919433594,14.9130859375,23.62591552734375
IMG_0028.mp4,1842,61.4,30.0,901,2,traffic_signs,0.5527926683425903,1189.294921875,632.071533203125,1200.758056640625,644.22607421875,1195.0264892578125,638.1488037109375,11.463134765625,12.154541015625
IMG_0028.mp4,1843,61.43333333333333,30.0,797,2,traffic_signs,0.9560428857803345,1684.787109375,318.13299560546875,1783.8614501953125,408.8334655761719,1734.3242797851562,363.4832305908203,99.0743408203125,90.70046997070312
IMG_0028.mp4,1843,61.43333333333333,30.0,830,1,traffic_lights,0.7577112317085266,606.9508056640625,371.3368835449219,669.3428344726562,507.0903015136719,638.1468200683594,439.2135925292969,62.39202880859375,135.75341796875
IMG_0028.mp4,1843,61.43333333333333,30.0,845,2,traffic_signs,0.6824895739555359,1714.4036865234375,415.45501708984375,1749.7467041015625,449.51483154296875,1732.0751953125,432.48492431640625,35.343017578125,34.059814453125
IMG_0028.mp4,1843,61.43333333333333,30.0,902,2,traffic_signs,0.7090726494789124,1091.0440673828125,602.0066528320312,1105.970458984375,625.7059326171875,1098.5072631835938,613.8562927246094,14.9263916015625,23.69927978515625
IMG_0028.mp4,1843,61.43333333333333,30.0,901,2,traffic_signs,0.525924563407898,1189.42431640625,632.1604614257812,1200.841064453125,644.7835083007812,1195.1326904296875,638.4719848632812,11.416748046875,12.623046875
IMG_0028.mp4,1844,61.46666666666667,30.0,797,2,traffic_signs,0.9554888010025024,1684.843505859375,318.13555908203125,1783.8809814453125,408.9532165527344,1734.3622436523438,363.5443878173828,99.0374755859375,90.81765747070312
IMG_0028.mp4,1844,61.46666666666667,30.0,830,1,traffic_lights,0.7509767413139343,606.9242553710938,370.90960693359375,669.3275146484375,507.1481018066406,638.1258850097656,439.0288543701172,62.40325927734375,136.23849487304688
IMG_0028.mp4,1844,61.46666666666667,30.0,845,2,traffic_signs,0.7031522989273071,1714.367431640625,415.2763671875,1750.1051025390625,449.6597900390625,1732.2362670898438,432.46807861328125,35.7376708984375,34.3834228515625
IMG_0028.mp4,1844,61.46666666666667,30.0,902,2,traffic_signs,0.7675000429153442,1090.9866943359375,602.0679321289062,1106.0159912109375,625.8063354492188,1098.5013427734375,613.9371337890625,15.029296875,23.7384033203125
IMG_0028.mp4,1844,61.46666666666667,30.0,901,2,traffic_signs,0.5044165849685669,1189.66650390625,632.2079467773438,1200.6337890625,644.83740234375,1195.150146484375,638.5226745605469,10.96728515625,12.62945556640625
IMG_0028.mp4,1845,61.5,30.0,797,2,traffic_signs,0.9551803469657898,1685.18017578125,318.093017578125,1784.098876953125,409.0148010253906,1734.6395263671875,363.5539093017578,98.918701171875,90.92178344726562
IMG_0028.mp4,1845,61.5,30.0,830,1,traffic_lights,0.8564278483390808,606.9598999023438,371.1853332519531,669.411865234375,507.0183410644531,638.1858825683594,439.1018371582031,62.45196533203125,135.8330078125
IMG_0028.mp4,1845,61.5,30.0,845,2,traffic_signs,0.47672784328460693,1714.982666015625,415.6123352050781,1749.552490234375,449.0151672363281,1732.267578125,432.3137512207031,34.56982421875,33.40283203125
IMG_0028.mp4,1845,61.5,30.0,902,2,traffic_signs,0.7707198262214661,1090.8192138671875,602.2354125976562,1105.8433837890625,625.9013061523438,1098.331298828125,614.068359375,15.024169921875,23.6658935546875
IMG_0028.mp4,1845,61.5,30.0,901,2,traffic_signs,0.5303084850311279,1189.9244384765625,632.4802856445312,1200.4237060546875,644.8347778320312,1195.174072265625,638.6575317382812,10.499267578125,12.3544921875
IMG_0028.mp4,1846,61.53333333333333,30.0,797,2,traffic_signs,0.954217791557312,1685.4053955078125,317.93682861328125,1784.1976318359375,408.826904296875,1734.801513671875,363.3818664550781,98.792236328125,90.89007568359375
IMG_0028.mp4,1846,61.53333333333333,30.0,830,1,traffic_lights,0.7733243703842163,607.33251953125,370.4132385253906,669.4190063476562,507.03326416015625,638.3757629394531,438.72325134277344,62.08648681640625,136.62002563476562
IMG_0028.mp4,1846,61.53333333333333,30.0,845,2,traffic_signs,0.6086517572402954,1714.95654296875,415.1266784667969,1750.1068115234375,449.0771789550781,1732.5316772460938,432.1019287109375,35.1502685546875,33.95050048828125
IMG_0028.mp4,1846,61.53333333333333,30.0,902,2,traffic_signs,0.8018200993537903,1090.949462890625,602.09521484375,1106.12548828125,625.7136840820312,1098.5374755859375,613.9044494628906,15.176025390625,23.61846923828125
IMG_0028.mp4,1846,61.53333333333333,30.0,901,2,traffic_signs,0.6764193177223206,1189.939453125,632.3002319335938,1200.391357421875,644.6610717773438,1195.1654052734375,638.4806518554688,10.451904296875,12.36083984375
IMG_0028.mp4,1847,61.56666666666667,30.0,797,2,traffic_signs,0.9538102149963379,1685.270263671875,317.94793701171875,1784.218505859375,408.8006591796875,1734.744384765625,363.3742980957031,98.9482421875,90.85272216796875
IMG_0028.mp4,1847,61.56666666666667,30.0,830,1,traffic_lights,0.7573133707046509,607.5477294921875,370.3671875,669.42138671875,507.1404113769531,638.4845581054688,438.75379943847656,61.8736572265625,136.77322387695312
IMG_0028.mp4,1847,61.56666666666667,30.0,845,2,traffic_signs,0.49187421798706055,1714.8123779296875,414.8200378417969,1750.4989013671875,449.28631591796875,1732.6556396484375,432.0531768798828,35.6865234375,34.466278076171875
IMG_0028.mp4,1847,61.56666666666667,30.0,902,2,traffic_signs,0.8213150501251221,1090.8798828125,602.0350341796875,1106.121826171875,625.7193603515625,1098.5008544921875,613.877197265625,15.241943359375,23.684326171875
IMG_0028.mp4,1847,61.56666666666667,30.0,901,2,traffic_signs,0.6983402967453003,1189.9083251953125,632.2785034179688,1200.362060546875,644.66552734375,1195.1351928710938,638.4720153808594,10.4537353515625,12.38702392578125
IMG_0028.mp4,1848,61.6,30.0,797,2,traffic_signs,0.9528267979621887,1685.1220703125,318.0330505371094,1784.1343994140625,408.65399169921875,1734.6282348632812,363.34352111816406,99.0123291015625,90.62094116210938
IMG_0028.mp4,1848,61.6,30.0,830,1,traffic_lights,0.8457922339439392,607.6052856445312,370.7444152832031,669.5123291015625,506.8465881347656,638.5588073730469,438.7955017089844,61.90704345703125,136.1021728515625
IMG_0028.mp4,1848,61.6,30.0,845,2,traffic_signs,0.4236656129360199,1714.6697998046875,415.0050048828125,1749.79150390625,448.7247619628906,1732.2306518554688,431.86488342285156,35.1217041015625,33.719757080078125
IMG_0028.mp4,1848,61.6,30.0,902,2,traffic_signs,0.8345285654067993,1090.9832763671875,601.9226684570312,1106.252197265625,625.55517578125,1098.6177368164062,613.7389221191406,15.2689208984375,23.63250732421875
IMG_0028.mp4,1848,61.6,30.0,901,2,traffic_signs,0.7070081830024719,1189.8719482421875,631.9417114257812,1200.3240966796875,644.4866943359375,1195.0980224609375,638.2142028808594,10.4521484375,12.54498291015625
IMG_0028.mp4,1848,61.6,30.0,908,1,traffic_lights,0.35285067558288574,72.63630676269531,589.88427734375,89.67274475097656,611.389892578125,81.15452575683594,600.6370849609375,17.03643798828125,21.505615234375
IMG_0028.mp4,1849,61.63333333333333,30.0,797,2,traffic_signs,0.9521669745445251,1684.93701171875,318.39202880859375,1783.97021484375,408.8212890625,1734.45361328125,363.6066589355469,99.033203125,90.42926025390625
IMG_0028.mp4,1849,61.63333333333333,30.0,830,1,traffic_lights,0.7635305523872375,607.6817016601562,370.5747375488281,669.6107177734375,507.0889587402344,638.6462097167969,438.83184814453125,61.92901611328125,136.51422119140625
IMG_0028.mp4,1849,61.63333333333333,30.0,845,2,traffic_signs,0.5718258619308472,1714.229248046875,415.0555725097656,1749.7330322265625,449.1474609375,1731.9811401367188,432.1015167236328,35.5037841796875,34.091888427734375
IMG_0028.mp4,1849,61.63333333333333,30.0,902,2,traffic_signs,0.8352217674255371,1091.059814453125,601.931884765625,1106.3695068359375,625.672607421875,1098.7146606445312,613.80224609375,15.3096923828125,23.74072265625
IMG_0028.mp4,1849,61.63333333333333,30.0,901,2,traffic_signs,0.6978973150253296,1189.884765625,632.0842895507812,1200.31298828125,644.6564331054688,1195.098876953125,638.370361328125,10.42822265625,12.5721435546875
IMG_0028.mp4,1849,61.63333333333333,30.0,908,1,traffic_lights,0.38919463753700256,73.12227630615234,589.8946533203125,90.02059936523438,611.874755859375,81.57143783569336,600.8847045898438,16.89832305908203,21.9801025390625
IMG_0028.mp4,1850,61.666666666666664,30.0,797,2,traffic_signs,0.950643002986908,1684.87890625,318.4937744140625,1783.859619140625,408.8509826660156,1734.3692626953125,363.67237854003906,98.980712890625,90.35720825195312
IMG_0028.mp4,1850,61.666666666666664,30.0,830,1,traffic_lights,0.7276051640510559,607.8472900390625,370.57196044921875,669.7398681640625,507.4366455078125,638.7935791015625,439.0043029785156,61.892578125,136.86468505859375
IMG_0028.mp4,1850,61.666666666666664,30.0,845,2,traffic_signs,0.537474513053894,1713.9781494140625,415.0320739746094,1749.8671875,449.3682556152344,1731.9226684570312,432.2001647949219,35.8890380859375,34.336181640625
IMG_0028.mp4,1850,61.666666666666664,30.0,902,2,traffic_signs,0.8275116682052612,1091.1123046875,601.9315795898438,1106.363037109375,625.718505859375,1098.7376708984375,613.8250427246094,15.250732421875,23.78692626953125
IMG_0028.mp4,1850,61.666666666666664,30.0,901,2,traffic_signs,0.6967592835426331,1189.936279296875,631.93310546875,1200.088623046875,644.578369140625,1195.012451171875,638.2557373046875,10.15234375,12.645263671875
IMG_0028.mp4,1851,61.7,30.0,797,2,traffic_signs,0.9511426091194153,1684.8646240234375,318.47930908203125,1783.9393310546875,408.8589782714844,1734.4019775390625,363.6691436767578,99.07470703125,90.37966918945312
IMG_0028.mp4,1851,61.7,30.0,830,1,traffic_lights,0.8425034284591675,607.593994140625,371.1045837402344,669.7764892578125,507.27020263671875,638.6852416992188,439.18739318847656,62.1824951171875,136.16561889648438
IMG_0028.mp4,1851,61.7,30.0,845,2,traffic_signs,0.41912218928337097,1714.0916748046875,415.3072814941406,1749.31298828125,448.9347839355469,1731.7023315429688,432.12103271484375,35.2213134765625,33.62750244140625
IMG_0028.mp4,1851,61.7,30.0,902,2,traffic_signs,0.8220076560974121,1091.107666015625,601.8516235351562,1106.2889404296875,625.7186279296875,1098.6983032226562,613.7851257324219,15.1812744140625,23.86700439453125
IMG_0028.mp4,1851,61.7,30.0,901,2,traffic_signs,0.6664389371871948,1189.960693359375,631.8170776367188,1199.991455078125,644.49951171875,1194.97607421875,638.1582946777344,10.03076171875,12.68243408203125
IMG_0028.mp4,1852,61.733333333333334,30.0,797,2,traffic_signs,0.9508604407310486,1684.8974609375,318.46875,1784.0859375,408.80609130859375,1734.49169921875,363.6374206542969,99.1884765625,90.33734130859375
IMG_0028.mp4,1852,61.733333333333334,30.0,830,1,traffic_lights,0.8145315647125244,607.6887817382812,370.59234619140625,669.7806396484375,507.19268798828125,638.7347106933594,438.89251708984375,62.09185791015625,136.600341796875
IMG_0028.mp4,1852,61.733333333333334,30.0,845,2,traffic_signs,0.5199531316757202,1714.1500244140625,415.1969909667969,1749.796630859375,449.06060791015625,1731.9733276367188,432.12879943847656,35.6466064453125,33.863616943359375
IMG_0028.mp4,1852,61.733333333333334,30.0,902,2,traffic_signs,0.7993025183677673,1091.1798095703125,601.77490234375,1106.1572265625,625.6820068359375,1098.6685180664062,613.7284545898438,14.9774169921875,23.9071044921875
IMG_0028.mp4,1852,61.733333333333334,30.0,901,2,traffic_signs,0.6108516454696655,1190.1094970703125,631.7318115234375,1199.9049072265625,644.3817749023438,1195.0072021484375,638.0567932128906,9.79541015625,12.64996337890625
IMG_0028.mp4,1853,61.766666666666666,30.0,797,2,traffic_signs,0.9516980051994324,1684.8343505859375,318.4075012207031,1783.973876953125,408.81085205078125,1734.4041137695312,363.6091766357422,99.1395263671875,90.40335083007812
IMG_0028.mp4,1853,61.766666666666666,30.0,830,1,traffic_lights,0.8420116901397705,607.488525390625,370.335693359375,669.704345703125,507.2220764160156,638.596435546875,438.7788848876953,62.2158203125,136.88638305664062
IMG_0028.mp4,1853,61.766666666666666,30.0,845,2,traffic_signs,0.5525200963020325,1714.04248046875,415.05743408203125,1749.6806640625,449.0711364746094,1731.861572265625,432.0642852783203,35.63818359375,34.013702392578125
IMG_0028.mp4,1853,61.766666666666666,30.0,902,2,traffic_signs,0.8037977814674377,1091.130615234375,601.70458984375,1106.152587890625,625.784423828125,1098.6416015625,613.7445068359375,15.02197265625,24.079833984375
IMG_0028.mp4,1853,61.766666666666666,30.0,901,2,traffic_signs,0.5792635083198547,1190.053466796875,631.7911987304688,1199.790771484375,644.261474609375,1194.922119140625,638.0263366699219,9.7373046875,12.47027587890625
IMG_0028.mp4,1854,61.8,30.0,797,2,traffic_signs,0.951781153678894,1685.0631103515625,318.41033935546875,1784.183837890625,408.5691223144531,1734.6234741210938,363.48973083496094,99.1207275390625,90.15878295898438
IMG_0028.mp4,1854,61.8,30.0,830,1,traffic_lights,0.8791616559028625,606.9517211914062,371.038330078125,669.580810546875,507.3659362792969,638.2662658691406,439.20213317871094,62.62908935546875,136.32760620117188
IMG_0028.mp4,1854,61.8,30.0,845,2,traffic_signs,0.3566904067993164,1714.3760986328125,415.2984619140625,1749.448486328125,448.82281494140625,1731.9122924804688,432.0606384277344,35.0723876953125,33.52435302734375
IMG_0028.mp4,1854,61.8,30.0,902,2,traffic_signs,0.794222354888916,1091.2125244140625,601.7828979492188,1106.213134765625,625.837158203125,1098.7128295898438,613.8100280761719,15.0006103515625,24.05426025390625
IMG_0028.mp4,1854,61.8,30.0,901,2,traffic_signs,0.5638578534126282,1190.205322265625,631.6868896484375,1199.777587890625,644.1697998046875,1194.991455078125,637.9283447265625,9.572265625,12.48291015625
IMG_0028.mp4,1855,61.833333333333336,30.0,797,2,traffic_signs,0.9523972272872925,1685.2510986328125,318.33349609375,1784.41064453125,408.7991943359375,1734.8308715820312,363.56634521484375,99.1595458984375,90.4656982421875
IMG_0028.mp4,1855,61.833333333333336,30.0,830,1,traffic_lights,0.8328437805175781,606.496826171875,370.7030029296875,669.4871826171875,507.56829833984375,637.9920043945312,439.1356506347656,62.9903564453125,136.86529541015625
IMG_0028.mp4,1855,61.833333333333336,30.0,845,2,traffic_signs,0.6018707752227783,1714.3709716796875,415.32574462890625,1750.500732421875,449.2469482421875,1732.4358520507812,432.2863464355469,36.1297607421875,33.92120361328125
IMG_0028.mp4,1855,61.833333333333336,30.0,902,2,traffic_signs,0.7862975001335144,1091.15185546875,601.90625,1106.2904052734375,626.0051879882812,1098.7211303710938,613.9557189941406,15.1385498046875,24.09893798828125
IMG_0028.mp4,1855,61.833333333333336,30.0,901,2,traffic_signs,0.6032600402832031,1190.3162841796875,631.7981567382812,1199.8636474609375,644.330078125,1195.0899658203125,638.0641174316406,9.54736328125,12.53192138671875
IMG_0028.mp4,1855,61.833333333333336,30.0,908,1,traffic_lights,0.31854715943336487,73.21542358398438,589.9502563476562,89.40565490722656,613.5588989257812,81.31053924560547,601.7545776367188,16.190231323242188,23.608642578125
IMG_0028.mp4,1856,61.86666666666667,30.0,797,2,traffic_signs,0.9520601034164429,1685.3492431640625,318.11083984375,1784.550537109375,408.73150634765625,1734.9498901367188,363.4211730957031,99.2012939453125,90.62066650390625
IMG_0028.mp4,1856,61.86666666666667,30.0,830,1,traffic_lights,0.8591705560684204,606.3802490234375,370.36138916015625,669.341552734375,507.77886962890625,637.8609008789062,439.07012939453125,62.9613037109375,137.41748046875
IMG_0028.mp4,1856,61.86666666666667,30.0,845,2,traffic_signs,0.6522046327590942,1714.5294189453125,415.17486572265625,1750.774169921875,449.4815673828125,1732.6517944335938,432.3282165527344,36.2447509765625,34.30670166015625
IMG_0028.mp4,1856,61.86666666666667,30.0,902,2,traffic_signs,0.7822261452674866,1091.11181640625,601.9434204101562,1106.3170166015625,626.1202392578125,1098.7144165039062,614.0318298339844,15.2052001953125,24.17681884765625
IMG_0028.mp4,1856,61.86666666666667,30.0,901,2,traffic_signs,0.5798405408859253,1190.4146728515625,631.9405517578125,1199.8092041015625,644.4706420898438,1195.1119384765625,638.2055969238281,9.39453125,12.53009033203125
IMG_0028.mp4,1856,61.86666666666667,30.0,908,1,traffic_lights,0.36010679602622986,73.0323486328125,590.2666625976562,88.81974792480469,613.6751708984375,80.9260482788086,601.9709167480469,15.787399291992188,23.40850830078125
IMG_0028.mp4,1857,61.9,30.0,797,2,traffic_signs,0.9535497426986694,1685.319580078125,318.01220703125,1784.60205078125,408.56561279296875,1734.9608154296875,363.2889099121094,99.282470703125,90.55340576171875
IMG_0028.mp4,1857,61.9,30.0,830,1,traffic_lights,0.8926230669021606,606.443359375,370.9611511230469,669.4151611328125,507.7764587402344,637.9292602539062,439.3688049316406,62.9718017578125,136.8153076171875
IMG_0028.mp4,1857,61.9,30.0,845,2,traffic_signs,0.40177488327026367,1714.8975830078125,415.5162048339844,1750.686767578125,448.9839782714844,1732.7921752929688,432.2500915527344,35.7891845703125,33.4677734375
IMG_0028.mp4,1857,61.9,30.0,902,2,traffic_signs,0.7775701284408569,1091.2171630859375,601.84765625,1106.3529052734375,626.0389404296875,1098.7850341796875,613.9432983398438,15.1357421875,24.1912841796875
IMG_0028.mp4,1857,61.9,30.0,901,2,traffic_signs,0.5494590401649475,1190.5054931640625,631.7310791015625,1199.839599609375,644.301025390625,1195.1725463867188,638.0160522460938,9.3341064453125,12.5699462890625
IMG_0028.mp4,1857,61.9,30.0,908,1,traffic_lights,0.4331512153148651,73.14684295654297,590.3425903320312,88.76609802246094,613.5842895507812,80.95647048950195,601.9634399414062,15.619255065917969,23.24169921875
IMG_0028.mp4,1858,61.93333333333333,30.0,797,2,traffic_signs,0.9556292295455933,1685.1920166015625,317.7593688964844,1784.4219970703125,408.3294677734375,1734.8070068359375,363.04441833496094,99.22998046875,90.57009887695312
IMG_0028.mp4,1858,61.93333333333333,30.0,830,1,traffic_lights,0.8597018718719482,606.7794799804688,369.96209716796875,669.4273681640625,507.3318786621094,638.1034240722656,438.64698791503906,62.64788818359375,137.36978149414062
IMG_0028.mp4,1858,61.93333333333333,30.0,845,2,traffic_signs,0.6261286735534668,1714.5577392578125,415.0244445800781,1750.701171875,449.08770751953125,1732.6294555664062,432.0560760498047,36.1434326171875,34.063262939453125
IMG_0028.mp4,1858,61.93333333333333,30.0,902,2,traffic_signs,0.7803670167922974,1091.2928466796875,601.69189453125,1106.381591796875,625.770751953125,1098.8372192382812,613.7313232421875,15.0887451171875,24.078857421875
IMG_0028.mp4,1858,61.93333333333333,30.0,901,2,traffic_signs,0.3767627477645874,1190.562744140625,631.4038696289062,1199.529052734375,643.8377075195312,1195.0458984375,637.6207885742188,8.96630859375,12.433837890625
IMG_0028.mp4,1858,61.93333333333333,30.0,908,1,traffic_lights,0.41795551776885986,73.27119445800781,590.1302490234375,88.77101135253906,613.7222900390625,81.02110290527344,601.92626953125,15.49981689453125,23.592041015625
IMG_0028.mp4,1859,61.96666666666667,30.0,797,2,traffic_signs,0.9552223682403564,1685.0283203125,317.76434326171875,1784.2568359375,408.4360656738281,1734.642578125,363.10020446777344,99.228515625,90.67172241210938
IMG_0028.mp4,1859,61.96666666666667,30.0,830,1,traffic_lights,0.8468554615974426,607.0070190429688,369.7504577636719,669.5702514648438,507.1446838378906,638.2886352539062,438.44757080078125,62.563232421875,137.39422607421875
IMG_0028.mp4,1859,61.96666666666667,30.0,845,2,traffic_signs,0.6189626455307007,1714.2503662109375,414.79656982421875,1750.600830078125,449.4630126953125,1732.4255981445312,432.1297912597656,36.3504638671875,34.66644287109375
IMG_0028.mp4,1859,61.96666666666667,30.0,902,2,traffic_signs,0.780616283416748,1091.3035888671875,601.5545043945312,1106.2559814453125,625.6213989257812,1098.77978515625,613.5879516601562,14.952392578125,24.06689453125
IMG_0028.mp4,1859,61.96666666666667,30.0,901,2,traffic_signs,0.3612622022628784,1190.4930419921875,631.2557373046875,1199.243896484375,643.5277099609375,1194.8684692382812,637.3917236328125,8.7508544921875,12.27197265625
IMG_0028.mp4,1859,61.96666666666667,30.0,908,1,traffic_lights,0.28098413348197937,73.16412353515625,590.0777587890625,89.16006469726562,613.5366821289062,81.16209411621094,601.8072204589844,15.995941162109375,23.45892333984375
IMG_0028.mp4,1860,62.0,30.0,797,2,traffic_signs,0.9546438455581665,1684.517822265625,318.1469421386719,1783.6806640625,408.6192932128906,1734.0992431640625,363.38311767578125,99.162841796875,90.47235107421875
IMG_0028.mp4,1860,62.0,30.0,830,1,traffic_lights,0.8607406616210938,607.2225341796875,371.027099609375,669.841064453125,507.395263671875,638.5317993164062,439.211181640625,62.6185302734375,136.3681640625
IMG_0028.mp4,1860,62.0,30.0,845,2,traffic_signs,0.4857371151447296,1713.8985595703125,415.30078125,1749.1397705078125,449.0839538574219,1731.5191650390625,432.19236755371094,35.2412109375,33.783172607421875
IMG_0028.mp4,1860,62.0,30.0,902,2,traffic_signs,0.766980767250061,1091.1549072265625,601.6773071289062,1106.1234130859375,625.6719360351562,1098.63916015625,613.6746215820312,14.968505859375,23.99462890625
IMG_0028.mp4,1860,62.0,30.0,901,2,traffic_signs,0.45644667744636536,1190.1685791015625,630.9027709960938,1198.7269287109375,643.2711791992188,1194.44775390625,637.0869750976562,8.558349609375,12.368408203125
IMG_0028.mp4,1860,62.0,30.0,908,1,traffic_lights,0.4516923427581787,73.66918182373047,590.189453125,89.9276351928711,613.445556640625,81.79840850830078,601.8175048828125,16.258453369140625,23.256103515625
IMG_0028.mp4,1860,62.0,30.0,851,1,traffic_lights,0.25911271572113037,1564.668212890625,441.4115905761719,1592.17138671875,486.1493225097656,1578.4197998046875,463.78045654296875,27.503173828125,44.73773193359375
IMG_0028.mp4,1861,62.03333333333333,30.0,797,2,traffic_signs,0.9552826285362244,1684.472412109375,318.2294616699219,1783.5552978515625,408.7783203125,1734.0138549804688,363.50389099121094,99.0828857421875,90.54885864257812
IMG_0028.mp4,1861,62.03333333333333,30.0,830,1,traffic_lights,0.7971503138542175,607.4962768554688,370.8803405761719,669.8600463867188,507.4934387207031,638.6781616210938,439.1868896484375,62.36376953125,136.61309814453125
IMG_0028.mp4,1861,62.03333333333333,30.0,845,2,traffic_signs,0.6542348861694336,1713.870849609375,415.2021484375,1749.41650390625,449.4343566894531,1731.6436767578125,432.31825256347656,35.545654296875,34.232208251953125
IMG_0028.mp4,1861,62.03333333333333,30.0,902,2,traffic_signs,0.7417540550231934,1091.0831298828125,601.6914672851562,1105.9488525390625,625.6543579101562,1098.5159912109375,613.6729125976562,14.86572265625,23.962890625
IMG_0028.mp4,1861,62.03333333333333,30.0,908,1,traffic_lights,0.5181156992912292,73.72577667236328,590.2843627929688,90.18385314941406,613.55419921875,81.95481491088867,601.9192810058594,16.45807647705078,23.26983642578125
IMG_0028.mp4,1861,62.03333333333333,30.0,851,1,traffic_lights,0.2554100453853607,1564.6612548828125,441.5768737792969,1592.09033203125,486.1569519042969,1578.3757934570312,463.8669128417969,27.4290771484375,44.580078125
IMG_0028.mp4,1862,62.06666666666667,30.0,797,2,traffic_signs,0.9551329612731934,1684.41455078125,318.2546691894531,1783.314208984375,408.8103942871094,1733.8643798828125,363.53253173828125,98.899658203125,90.55572509765625
IMG_0028.mp4,1862,62.06666666666667,30.0,830,1,traffic_lights,0.7356809377670288,607.6583862304688,370.6771545410156,669.8313598632812,507.5421447753906,638.744873046875,439.1096496582031,62.1729736328125,136.864990234375
IMG_0028.mp4,1862,62.06666666666667,30.0,845,2,traffic_signs,0.6492010354995728,1713.804931640625,415.0849304199219,1749.0958251953125,449.5952453613281,1731.4503784179688,432.340087890625,35.2908935546875,34.51031494140625
IMG_0028.mp4,1862,62.06666666666667,30.0,902,2,traffic_signs,0.7242711186408997,1091.0291748046875,601.5609130859375,1105.7894287109375,625.6447143554688,1098.4093017578125,613.6028137207031,14.76025390625,24.08380126953125
IMG_0028.mp4,1862,62.06666666666667,30.0,908,1,traffic_lights,0.4533887505531311,73.78258514404297,590.345458984375,90.280029296875,613.84423828125,82.03130722045898,602.0948486328125,16.49744415283203,23.498779296875
IMG_0028.mp4,1863,62.1,30.0,797,2,traffic_signs,0.9550480246543884,1684.45361328125,318.2665710449219,1783.5157470703125,408.8899230957031,1733.9846801757812,363.5782470703125,99.0621337890625,90.62335205078125
IMG_0028.mp4,1863,62.1,30.0,830,1,traffic_lights,0.7927973866462708,607.6290893554688,371.44061279296875,669.7723999023438,507.6319274902344,638.7007446289062,439.53627014160156,62.143310546875,136.19131469726562
IMG_0028.mp4,1863,62.1,30.0,845,2,traffic_signs,0.5437972545623779,1714.0963134765625,415.5431823730469,1748.5753173828125,449.23968505859375,1731.3358154296875,432.3914337158203,34.47900390625,33.696502685546875
IMG_0028.mp4,1863,62.1,30.0,902,2,traffic_signs,0.681946873664856,1091.0523681640625,601.615234375,1105.7620849609375,625.8805541992188,1098.4072265625,613.7478942871094,14.709716796875,24.26531982421875
IMG_0028.mp4,1863,62.1,30.0,908,1,traffic_lights,0.47717344760894775,73.76815795898438,590.2299194335938,90.34031677246094,613.148681640625,82.05423736572266,601.6893005371094,16.572158813476562,22.91876220703125
IMG_0028.mp4,1864,62.13333333333333,30.0,797,2,traffic_signs,0.9555612802505493,1684.3826904296875,318.24237060546875,1783.60595703125,408.891357421875,1733.9943237304688,363.5668640136719,99.2232666015625,90.64898681640625
IMG_0028.mp4,1864,62.13333333333333,30.0,830,1,traffic_lights,0.7828754186630249,607.6556396484375,370.73077392578125,669.7960815429688,507.64849853515625,638.7258605957031,439.18963623046875,62.14044189453125,136.917724609375
IMG_0028.mp4,1864,62.13333333333333,30.0,845,2,traffic_signs,0.6182482242584229,1714.1651611328125,415.3122863769531,1749.349853515625,449.6578674316406,1731.7575073242188,432.4850769042969,35.1846923828125,34.3455810546875
IMG_0028.mp4,1864,62.13333333333333,30.0,902,2,traffic_signs,0.5154848694801331,1091.055419921875,601.6032104492188,1105.640869140625,625.8060302734375,1098.34814453125,613.7046203613281,14.58544921875,24.20281982421875
IMG_0028.mp4,1864,62.13333333333333,30.0,908,1,traffic_lights,0.46145451068878174,73.83219909667969,590.03076171875,90.25872802734375,612.86328125,82.04546356201172,601.447021484375,16.426528930664062,22.83251953125
IMG_0028.mp4,1864,62.13333333333333,30.0,851,1,traffic_lights,0.2648155987262726,1564.2548828125,441.4720153808594,1592.0869140625,486.303955078125,1578.1708984375,463.8879852294922,27.83203125,44.831939697265625
IMG_0028.mp4,1865,62.166666666666664,30.0,797,2,traffic_signs,0.9563784599304199,1684.75439453125,318.1607971191406,1784.0638427734375,408.91131591796875,1734.4091186523438,363.5360565185547,99.3094482421875,90.75051879882812
IMG_0028.mp4,1865,62.166666666666664,30.0,830,1,traffic_lights,0.6231420040130615,607.356689453125,370.6133728027344,669.91796875,507.62078857421875,638.6373291015625,439.11708068847656,62.561279296875,137.00741577148438
IMG_0028.mp4,1865,62.166666666666664,30.0,845,2,traffic_signs,0.651846170425415,1714.4969482421875,415.2064208984375,1750.146484375,449.7332458496094,1732.3217163085938,432.46983337402344,35.6495361328125,34.526824951171875
IMG_0028.mp4,1865,62.166666666666664,30.0,902,2,traffic_signs,0.25602126121520996,1091.1380615234375,601.66162109375,1105.5738525390625,625.9038696289062,1098.35595703125,613.7827453613281,14.435791015625,24.24224853515625
IMG_0028.mp4,1865,62.166666666666664,30.0,908,1,traffic_lights,0.43623849749565125,73.20056915283203,590.0523681640625,89.46144104003906,612.96533203125,81.33100509643555,601.5088500976562,16.26087188720703,22.9129638671875
IMG_0028.mp4,1866,62.2,30.0,797,2,traffic_signs,0.9557663202285767,1684.99658203125,318.1207580566406,1784.035888671875,408.6358642578125,1734.5162353515625,363.37831115722656,99.039306640625,90.51510620117188
IMG_0028.mp4,1866,62.2,30.0,830,1,traffic_lights,0.5482138991355896,606.5902709960938,371.4712219238281,669.6300659179688,507.70501708984375,638.1101684570312,439.58811950683594,63.039794921875,136.23379516601562
IMG_0028.mp4,1866,62.2,30.0,845,2,traffic_signs,0.5203751921653748,1714.73828125,415.54400634765625,1749.637451171875,449.1596374511719,1732.1878662109375,432.35182189941406,34.899169921875,33.615631103515625
IMG_0028.mp4,1866,62.2,30.0,908,1,traffic_lights,0.4288382828235626,73.01411437988281,589.9910888671875,89.12577056884766,612.88916015625,81.06994247436523,601.4401245117188,16.111656188964844,22.8980712890625
IMG_0028.mp4,1867,62.233333333333334,30.0,797,2,traffic_signs,0.9560638070106506,1684.844482421875,318.1178894042969,1783.9306640625,408.7403564453125,1734.3875732421875,363.4291229248047,99.086181640625,90.62246704101562
IMG_0028.mp4,1867,62.233333333333334,30.0,830,1,traffic_lights,0.7579845786094666,606.92724609375,371.22552490234375,669.6845703125,507.7181701660156,638.305908203125,439.4718475341797,62.75732421875,136.49264526367188
IMG_0028.mp4,1867,62.233333333333334,30.0,845,2,traffic_signs,0.7200782895088196,1714.3179931640625,415.3859558105469,1750.09619140625,449.51141357421875,1732.2070922851562,432.4486846923828,35.7781982421875,34.125457763671875
IMG_0028.mp4,1868,62.266666666666666,30.0,797,2,traffic_signs,0.9565004110336304,1684.8304443359375,318.1085510253906,1783.9493408203125,408.8354797363281,1734.389892578125,363.4720153808594,99.118896484375,90.7269287109375
IMG_0028.mp4,1868,62.266666666666666,30.0,830,1,traffic_lights,0.6764706969261169,606.90380859375,371.0105285644531,669.7023315429688,507.9481201171875,638.3030700683594,439.4793243408203,62.79852294921875,136.93759155273438
IMG_0028.mp4,1868,62.266666666666666,30.0,845,2,traffic_signs,0.700903594493866,1714.3709716796875,415.25653076171875,1750.2939453125,449.7498779296875,1732.3324584960938,432.5032043457031,35.9229736328125,34.49334716796875
IMG_0028.mp4,1868,62.266666666666666,30.0,908,1,traffic_lights,0.34788039326667786,73.32965087890625,590.0934448242188,89.30023956298828,612.7884521484375,81.31494522094727,601.4409484863281,15.970588684082031,22.69500732421875
IMG_0028.mp4,1869,62.3,30.0,797,2,traffic_signs,0.9565451145172119,1684.6640625,318.027099609375,1783.887451171875,408.7746276855469,1734.2757568359375,363.40086364746094,99.223388671875,90.74752807617188
IMG_0028.mp4,1869,62.3,30.0,830,1,traffic_lights,0.7832390666007996,606.6609497070312,371.3302001953125,669.671875,507.59954833984375,638.1664123535156,439.4648742675781,63.01092529296875,136.26934814453125
IMG_0028.mp4,1869,62.3,30.0,845,2,traffic_signs,0.5046258568763733,1714.30859375,415.48834228515625,1749.4083251953125,449.19415283203125,1731.8584594726562,432.34124755859375,35.0997314453125,33.705810546875
IMG_0028.mp4,1869,62.3,30.0,908,1,traffic_lights,0.4160459637641907,73.35791015625,590.0641479492188,89.4541244506836,612.6912231445312,81.4060173034668,601.377685546875,16.096214294433594,22.6270751953125
IMG_0028.mp4,1870,62.333333333333336,30.0,797,2,traffic_signs,0.9566009640693665,1684.5035400390625,318.0113830566406,1783.7030029296875,408.7607116699219,1734.103271484375,363.38604736328125,99.199462890625,90.74932861328125
IMG_0028.mp4,1870,62.333333333333336,30.0,830,1,traffic_lights,0.4101056158542633,607.1549682617188,370.8851623535156,669.5774536132812,507.42193603515625,638.3662109375,439.15354919433594,62.4224853515625,136.53677368164062
IMG_0028.mp4,1870,62.333333333333336,30.0,845,2,traffic_signs,0.563811182975769,1714.1610107421875,415.2463073730469,1750.017822265625,449.4508972167969,1732.0894165039062,432.3486022949219,35.8568115234375,34.20458984375
IMG_0028.mp4,1870,62.333333333333336,30.0,908,1,traffic_lights,0.37401267886161804,73.53736114501953,589.8860473632812,89.6348648071289,612.736328125,81.58611297607422,601.3111877441406,16.097503662109375,22.85028076171875
IMG_0028.mp4,1871,62.36666666666667,30.0,797,2,traffic_signs,0.9566009640693665,1684.42041015625,318.10943603515625,1783.58837890625,408.874755859375,1734.00439453125,363.4920959472656,99.16796875,90.76531982421875
IMG_0028.mp4,1871,62.36666666666667,30.0,830,1,traffic_lights,0.5942873954772949,607.1690673828125,370.7992858886719,669.619873046875,507.40771484375,638.3944702148438,439.10350036621094,62.4508056640625,136.60842895507812
IMG_0028.mp4,1871,62.36666666666667,30.0,845,2,traffic_signs,0.567486047744751,1713.9508056640625,415.1253356933594,1749.6107177734375,449.5941162109375,1731.78076171875,432.35972595214844,35.659912109375,34.468780517578125
IMG_0028.mp4,1871,62.36666666666667,30.0,908,1,traffic_lights,0.367173433303833,73.63285827636719,589.8148803710938,89.8270492553711,612.7066650390625,81.72995376586914,601.2607727050781,16.194190979003906,22.89178466796875
IMG_0028.mp4,1872,62.4,30.0,797,2,traffic_signs,0.9559665322303772,1684.4169921875,318.1717529296875,1783.5390625,408.8953857421875,1733.97802734375,363.5335693359375,99.1220703125,90.7236328125
IMG_0028.mp4,1872,62.4,30.0,830,1,traffic_lights,0.7652116417884827,607.0164794921875,371.51751708984375,669.51318359375,507.2720642089844,638.2648315429688,439.39479064941406,62.4967041015625,135.75454711914062
IMG_0028.mp4,1872,62.4,30.0,845,2,traffic_signs,0.48743316531181335,1714.02001953125,415.4914855957031,1748.777587890625,449.0232849121094,1731.3988037109375,432.25738525390625,34.757568359375,33.53179931640625
IMG_0028.mp4,1872,62.4,30.0,908,1,traffic_lights,0.3445839583873749,73.71954345703125,589.7821655273438,89.78189086914062,612.8011474609375,81.75071716308594,601.2916564941406,16.062347412109375,23.01898193359375
IMG_0028.mp4,1872,62.4,30.0,851,1,traffic_lights,0.2647033631801605,1564.6683349609375,441.3210144042969,1591.929931640625,485.9678039550781,1578.2991333007812,463.6444091796875,27.2615966796875,44.64678955078125
IMG_0028.mp4,1873,62.43333333333333,30.0,797,2,traffic_signs,0.9564911127090454,1684.4716796875,318.20806884765625,1783.5595703125,409.0086669921875,1734.015625,363.6083679199219,99.087890625,90.80059814453125
IMG_0028.mp4,1873,62.43333333333333,30.0,830,1,traffic_lights,0.6063147187232971,607.6195678710938,370.5232238769531,670.083251953125,507.24481201171875,638.8514099121094,438.88401794433594,62.46368408203125,136.72158813476562
IMG_0028.mp4,1873,62.43333333333333,30.0,845,2,traffic_signs,0.6469302177429199,1714.134033203125,415.4133605957031,1749.2579345703125,449.3613586425781,1731.6959838867188,432.3873596191406,35.1239013671875,33.947998046875
IMG_0028.mp4,1873,62.43333333333333,30.0,908,1,traffic_lights,0.4023739993572235,73.90353393554688,589.8438110351562,90.00962829589844,612.7452392578125,81.95658111572266,601.2945251464844,16.106094360351562,22.90142822265625
IMG_0028.mp4,1873,62.43333333333333,30.0,851,1,traffic_lights,0.33271893858909607,1564.5228271484375,441.30474853515625,1592.016357421875,485.95098876953125,1578.2695922851562,463.62786865234375,27.4935302734375,44.646240234375
IMG_0028.mp4,1874,62.46666666666667,30.0,797,2,traffic_signs,0.9565947651863098,1684.524658203125,318.241943359375,1783.609375,409.0097961425781,1734.0670166015625,363.62586975097656,99.084716796875,90.76785278320312
IMG_0028.mp4,1874,62.46666666666667,30.0,830,1,traffic_lights,0.6741502285003662,607.1251831054688,370.6842041015625,669.8107299804688,507.49407958984375,638.4679565429688,439.0891418457031,62.685546875,136.80987548828125
IMG_0028.mp4,1874,62.46666666666667,30.0,845,2,traffic_signs,0.6650660634040833,1714.1865234375,415.37811279296875,1749.6591796875,449.5572204589844,1731.9228515625,432.46766662597656,35.47265625,34.179107666015625
IMG_0028.mp4,1874,62.46666666666667,30.0,908,1,traffic_lights,0.4281320571899414,73.86685943603516,589.7612915039062,89.80229949951172,612.9041748046875,81.83457946777344,601.3327331542969,15.935440063476562,23.14288330078125
IMG_0028.mp4,1874,62.46666666666667,30.0,851,1,traffic_lights,0.26420891284942627,1564.4525146484375,441.3739929199219,1592.0145263671875,485.9674072265625,1578.2335205078125,463.6707000732422,27.56201171875,44.593414306640625
IMG_0028.mp4,1875,62.5,30.0,797,2,traffic_signs,0.9560136795043945,1684.455810546875,318.321044921875,1783.5885009765625,409.0183410644531,1734.0221557617188,363.66969299316406,99.1326904296875,90.69729614257812
IMG_0028.mp4,1875,62.5,30.0,830,1,traffic_lights,0.7620955109596252,606.6889038085938,371.5624694824219,669.6723022460938,507.8323669433594,638.1806030273438,439.6974182128906,62.9833984375,136.2698974609375
IMG_0028.mp4,1875,62.5,30.0,845,2,traffic_signs,0.44591736793518066,1714.3326416015625,415.97515869140625,1749.1434326171875,449.5057373046875,1731.738037109375,432.7404479980469,34.810791015625,33.53057861328125
IMG_0028.mp4,1875,62.5,30.0,908,1,traffic_lights,0.46107789874076843,73.97006225585938,589.870361328125,89.6694107055664,613.1050415039062,81.81973648071289,601.4877014160156,15.699348449707031,23.23468017578125
IMG_0028.mp4,1875,62.5,30.0,851,1,traffic_lights,0.3023107349872589,1564.4334716796875,441.6614990234375,1591.9508056640625,486.2950744628906,1578.192138671875,463.97828674316406,27.517333984375,44.633575439453125
IMG_0028.mp4,1876,62.53333333333333,30.0,797,2,traffic_signs,0.9560601115226746,1684.903076171875,318.11962890625,1784.120849609375,408.8990478515625,1734.511962890625,363.50933837890625,99.2177734375,90.7794189453125
IMG_0028.mp4,1876,62.53333333333333,30.0,830,1,traffic_lights,0.7453200221061707,606.0764770507812,371.16925048828125,669.3673095703125,507.8572082519531,637.7218933105469,439.5132293701172,63.29083251953125,136.68795776367188
IMG_0028.mp4,1876,62.53333333333333,30.0,845,2,traffic_signs,0.6516956686973572,1714.7069091796875,415.48406982421875,1750.382568359375,449.6795654296875,1732.5447387695312,432.5818176269531,35.6756591796875,34.19549560546875
IMG_0028.mp4,1876,62.53333333333333,30.0,908,1,traffic_lights,0.5148236155509949,73.15680694580078,590.2769775390625,88.92485809326172,613.5673217773438,81.04083251953125,601.9221496582031,15.768051147460938,23.29034423828125
IMG_0028.mp4,1876,62.53333333333333,30.0,851,1,traffic_lights,0.32263150811195374,1564.5079345703125,441.7522888183594,1592.312744140625,486.1153259277344,1578.4103393554688,463.9338073730469,27.8048095703125,44.363037109375
IMG_0028.mp4,1877,62.56666666666667,30.0,797,2,traffic_signs,0.955488920211792,1685.0655517578125,318.15704345703125,1784.196044921875,408.8088073730469,1734.6307983398438,363.48292541503906,99.1304931640625,90.65176391601562
IMG_0028.mp4,1877,62.56666666666667,30.0,830,1,traffic_lights,0.7305595278739929,605.7919311523438,371.4783630371094,669.3121337890625,508.26336669921875,637.5520324707031,439.87086486816406,63.52020263671875,136.78500366210938
IMG_0028.mp4,1877,62.56666666666667,30.0,845,2,traffic_signs,0.6362378597259521,1714.7947998046875,415.33258056640625,1750.6834716796875,449.8765563964844,1732.7391357421875,432.6045684814453,35.888671875,34.543975830078125
IMG_0028.mp4,1877,62.56666666666667,30.0,908,1,traffic_lights,0.5170462727546692,72.93256378173828,590.4519653320312,88.80219268798828,613.7675170898438,80.86737823486328,602.1097412109375,15.86962890625,23.3155517578125
IMG_0028.mp4,1877,62.56666666666667,30.0,851,1,traffic_lights,0.2779746651649475,1564.3876953125,442.0348205566406,1592.3741455078125,486.1016540527344,1578.3809204101562,464.0682373046875,27.9864501953125,44.06683349609375
IMG_0028.mp4,1878,62.6,30.0,797,2,traffic_signs,0.9553338885307312,1684.9537353515625,318.24261474609375,1784.001708984375,408.6918640136719,1734.4777221679688,363.4672393798828,99.0479736328125,90.44924926757812
IMG_0028.mp4,1878,62.6,30.0,830,1,traffic_lights,0.8073201775550842,605.6143188476562,372.05291748046875,669.3533935546875,508.24462890625,637.4838562011719,440.1487731933594,63.73907470703125,136.19171142578125
IMG_0028.mp4,1878,62.6,30.0,845,2,traffic_signs,0.4200955927371979,1714.6297607421875,415.7345886230469,1749.60205078125,449.662109375,1732.1159057617188,432.69834899902344,34.9722900390625,33.927520751953125
IMG_0028.mp4,1878,62.6,30.0,908,1,traffic_lights,0.5581914782524109,72.99878692626953,590.4966430664062,88.95423126220703,613.7024536132812,80.97650909423828,602.0995483398438,15.9554443359375,23.205810546875
IMG_0028.mp4,1878,62.6,30.0,851,1,traffic_lights,0.2668308913707733,1564.1019287109375,442.0392761230469,1592.3101806640625,486.0997619628906,1578.2060546875,464.06951904296875,28.208251953125,44.06048583984375
IMG_0028.mp4,1879,62.63333333333333,30.0,797,2,traffic_signs,0.9557815790176392,1685.098388671875,317.9510803222656,1784.1600341796875,408.5645446777344,1734.6292114257812,363.2578125,99.0616455078125,90.61346435546875
IMG_0028.mp4,1879,62.63333333333333,30.0,830,1,traffic_lights,0.7683461904525757,605.7197265625,371.4874267578125,669.2359008789062,507.9051208496094,637.4778137207031,439.69627380371094,63.51617431640625,136.41769409179688
IMG_0028.mp4,1879,62.63333333333333,30.0,845,2,traffic_signs,0.5143850445747375,1714.6534423828125,415.47113037109375,1750.315673828125,449.5892028808594,1732.4845581054688,432.53016662597656,35.6622314453125,34.118072509765625
IMG_0028.mp4,1879,62.63333333333333,30.0,908,1,traffic_lights,0.5784249305725098,72.89913177490234,590.4854125976562,88.78936767578125,613.657958984375,80.8442497253418,602.0716857910156,15.890235900878906,23.17254638671875
IMG_0028.mp4,1879,62.63333333333333,30.0,851,1,traffic_lights,0.26846158504486084,1564.3974609375,441.8733825683594,1592.3231201171875,485.8603820800781,1578.3602905273438,463.86688232421875,27.9256591796875,43.98699951171875
IMG_0028.mp4,1880,62.666666666666664,30.0,797,2,traffic_signs,0.9560648798942566,1684.948486328125,317.8798828125,1784.0567626953125,408.54705810546875,1734.5026245117188,363.2134704589844,99.1082763671875,90.66717529296875
IMG_0028.mp4,1880,62.666666666666664,30.0,830,1,traffic_lights,0.7195693850517273,606.0319213867188,371.2579650878906,669.3635864257812,507.8161315917969,637.69775390625,439.53704833984375,63.3316650390625,136.55816650390625
IMG_0028.mp4,1880,62.666666666666664,30.0,845,2,traffic_signs,0.5714831352233887,1714.4681396484375,415.3143005371094,1750.2001953125,449.64398193359375,1732.3341674804688,432.47914123535156,35.7320556640625,34.329681396484375
IMG_0028.mp4,1880,62.666666666666664,30.0,908,1,traffic_lights,0.5681228637695312,73.14212036132812,590.4412231445312,88.994140625,613.7027587890625,81.06813049316406,602.0719909667969,15.852020263671875,23.26153564453125
IMG_0028.mp4,1881,62.7,30.0,797,2,traffic_signs,0.9558669328689575,1684.9013671875,317.7939453125,1783.9324951171875,408.43072509765625,1734.4169311523438,363.1123352050781,99.0311279296875,90.63677978515625
IMG_0028.mp4,1881,62.7,30.0,830,1,traffic_lights,0.7951953411102295,605.8397216796875,371.6404724121094,669.2996215820312,507.7530517578125,637.5696716308594,439.69676208496094,63.45989990234375,136.11257934570312
IMG_0028.mp4,1881,62.7,30.0,845,2,traffic_signs,0.4079330563545227,1714.2882080078125,415.42559814453125,1749.562255859375,449.1904296875,1731.9252319335938,432.3080139160156,35.2740478515625,33.76483154296875
IMG_0028.mp4,1881,62.7,30.0,908,1,traffic_lights,0.5959071516990662,73.14579772949219,590.3025512695312,89.04027557373047,613.7347412109375,81.09303665161133,602.0186462402344,15.894477844238281,23.43218994140625
IMG_0028.mp4,1882,62.733333333333334,30.0,797,2,traffic_signs,0.9563472867012024,1685.014404296875,317.86248779296875,1784.0185546875,408.5941467285156,1734.5164794921875,363.2283172607422,99.004150390625,90.73165893554688
IMG_0028.mp4,1882,62.733333333333334,30.0,830,1,traffic_lights,0.655685544013977,606.4111938476562,371.24346923828125,669.336669921875,507.74578857421875,637.8739318847656,439.49462890625,62.92547607421875,136.5023193359375
IMG_0028.mp4,1882,62.733333333333334,30.0,845,2,traffic_signs,0.5888667106628418,1714.4296875,415.3374938964844,1750.28662109375,449.6330261230469,1732.358154296875,432.4852600097656,35.85693359375,34.2955322265625
IMG_0028.mp4,1882,62.733333333333334,30.0,908,1,traffic_lights,0.5824499726295471,73.27719116210938,590.2276611328125,89.1302490234375,613.8377075195312,81.20372009277344,602.0326843261719,15.853057861328125,23.61004638671875
IMG_0028.mp4,1883,62.766666666666666,30.0,797,2,traffic_signs,0.956418514251709,1684.79931640625,317.81304931640625,1783.861328125,408.7833251953125,1734.330322265625,363.2981872558594,99.06201171875,90.97027587890625
IMG_0028.mp4,1883,62.766666666666666,30.0,830,1,traffic_lights,0.6743942499160767,606.9688110351562,371.0224304199219,669.4906005859375,507.31341552734375,638.2297058105469,439.1679229736328,62.52178955078125,136.29098510742188
IMG_0028.mp4,1883,62.766666666666666,30.0,845,2,traffic_signs,0.5786311626434326,1714.110107421875,415.1767883300781,1749.9105224609375,449.5721130371094,1732.0103149414062,432.37445068359375,35.8004150390625,34.39532470703125
IMG_0028.mp4,1883,62.766666666666666,30.0,908,1,traffic_lights,0.5360228419303894,73.40497589111328,589.9714965820312,89.61769104003906,613.7205810546875,81.51133346557617,601.8460388183594,16.21271514892578,23.74908447265625
IMG_0028.mp4,1884,62.8,30.0,797,2,traffic_signs,0.9558500647544861,1684.757080078125,318.021728515625,1783.7974853515625,408.8620300292969,1734.2772827148438,363.44187927246094,99.0404052734375,90.84030151367188
IMG_0028.mp4,1884,62.8,30.0,830,1,traffic_lights,0.7060497403144836,607.0979614257812,371.7572021484375,669.5686645507812,507.2659606933594,638.3333129882812,439.51158142089844,62.470703125,135.50875854492188
IMG_0028.mp4,1884,62.8,30.0,845,2,traffic_signs,0.505643367767334,1714.099365234375,415.4935302734375,1749.15283203125,449.3404846191406,1731.6260986328125,432.41700744628906,35.053466796875,33.846954345703125
IMG_0028.mp4,1884,62.8,30.0,908,1,traffic_lights,0.4420405924320221,73.55928039550781,589.844970703125,90.05023193359375,613.5234375,81.80475616455078,601.6842041015625,16.490951538085938,23.678466796875
IMG_0028.mp4,1885,62.833333333333336,30.0,797,2,traffic_signs,0.9559413194656372,1684.8150634765625,317.9886474609375,1784.0946044921875,408.7458190917969,1734.454833984375,363.3672332763672,99.279541015625,90.75717163085938
IMG_0028.mp4,1885,62.833333333333336,30.0,830,1,traffic_lights,0.6327864527702332,607.2064819335938,371.0120849609375,669.3079833984375,506.9172058105469,638.2572326660156,438.9646453857422,62.10150146484375,135.90512084960938
IMG_0028.mp4,1885,62.833333333333336,30.0,845,2,traffic_signs,0.6506409049034119,1714.193115234375,415.2001953125,1749.933349609375,449.4037780761719,1732.063232421875,432.30198669433594,35.740234375,34.203582763671875
IMG_0028.mp4,1885,62.833333333333336,30.0,908,1,traffic_lights,0.5159502625465393,73.13510131835938,589.9293823242188,89.57391357421875,613.473876953125,81.35450744628906,601.7016296386719,16.438812255859375,23.54449462890625
IMG_0028.mp4,1886,62.86666666666667,30.0,797,2,traffic_signs,0.9547697305679321,1684.78076171875,318.1923828125,1783.9420166015625,408.9104309082031,1734.3613891601562,363.55140686035156,99.1612548828125,90.71804809570312
IMG_0028.mp4,1886,62.86666666666667,30.0,830,1,traffic_lights,0.6107078790664673,607.58935546875,371.21368408203125,669.5680541992188,507.17828369140625,638.5787048339844,439.19598388671875,61.97869873046875,135.964599609375
IMG_0028.mp4,1886,62.86666666666667,30.0,845,2,traffic_signs,0.6821284890174866,1713.9549560546875,415.37835693359375,1749.8563232421875,449.75592041015625,1731.9056396484375,432.567138671875,35.9013671875,34.3775634765625
IMG_0028.mp4,1886,62.86666666666667,30.0,908,1,traffic_lights,0.5535234212875366,73.4903793334961,589.9344482421875,89.82080841064453,613.440673828125,81.65559387207031,601.6875610351562,16.330429077148438,23.5062255859375
IMG_0028.mp4,1887,62.9,30.0,797,2,traffic_signs,0.9557899236679077,1684.9205322265625,318.08734130859375,1784.1151123046875,409.090576171875,1734.517822265625,363.5889587402344,99.194580078125,91.00323486328125
IMG_0028.mp4,1887,62.9,30.0,830,1,traffic_lights,0.7001136541366577,607.1720581054688,371.88177490234375,669.3738403320312,507.0804138183594,638.27294921875,439.48109436035156,62.2017822265625,135.19863891601562
IMG_0028.mp4,1887,62.9,30.0,845,2,traffic_signs,0.5984418988227844,1714.3359375,415.87548828125,1749.621826171875,449.34112548828125,1731.9788818359375,432.6083068847656,35.285888671875,33.46563720703125
IMG_0028.mp4,1887,62.9,30.0,908,1,traffic_lights,0.5596101880073547,73.19017028808594,589.8975219726562,89.38770294189453,613.4349975585938,81.28893661499023,601.666259765625,16.197532653808594,23.5374755859375
IMG_0028.mp4,1888,62.93333333333333,30.0,797,2,traffic_signs,0.9558620452880859,1684.8472900390625,318.0993957519531,1784.223876953125,408.9939880371094,1734.5355834960938,363.54669189453125,99.3765869140625,90.89459228515625
IMG_0028.mp4,1888,62.93333333333333,30.0,830,1,traffic_lights,0.722357988357544,607.3624267578125,371.52886962890625,669.5687255859375,507.06524658203125,638.465576171875,439.29705810546875,62.206298828125,135.536376953125
IMG_0028.mp4,1888,62.93333333333333,30.0,845,2,traffic_signs,0.6835560202598572,1714.24267578125,415.58349609375,1749.9349365234375,449.98736572265625,1732.0888061523438,432.7854309082031,35.6922607421875,34.40386962890625
IMG_0028.mp4,1888,62.93333333333333,30.0,908,1,traffic_lights,0.5621811747550964,73.36315155029297,589.832275390625,89.39586639404297,613.3557739257812,81.37950897216797,601.5940246582031,16.03271484375,23.52349853515625
IMG_0028.mp4,1889,62.96666666666667,30.0,797,2,traffic_signs,0.9561418294906616,1684.808837890625,318.02508544921875,1784.0975341796875,408.6961669921875,1734.4531860351562,363.3606262207031,99.2886962890625,90.67108154296875
IMG_0028.mp4,1889,62.96666666666667,30.0,830,1,traffic_lights,0.767238199710846,607.339599609375,371.26593017578125,669.746337890625,506.939208984375,638.54296875,439.1025695800781,62.40673828125,135.67327880859375
IMG_0028.mp4,1889,62.96666666666667,30.0,845,2,traffic_signs,0.5659475326538086,1714.1400146484375,415.2021484375,1750.0179443359375,449.9696350097656,1732.0789794921875,432.5858917236328,35.8779296875,34.767486572265625
IMG_0028.mp4,1889,62.96666666666667,30.0,908,1,traffic_lights,0.5597854852676392,73.28972625732422,589.7680053710938,89.45297241210938,613.1573486328125,81.3713493347168,601.4626770019531,16.163246154785156,23.38934326171875
IMG_0028.mp4,1890,63.0,30.0,797,2,traffic_signs,0.9563696384429932,1684.7041015625,318.15875244140625,1783.835205078125,408.5987243652344,1734.2696533203125,363.3787384033203,99.131103515625,90.43997192382812
IMG_0028.mp4,1890,63.0,30.0,830,1,traffic_lights,0.8246983289718628,607.2862548828125,372.013916015625,670.0134887695312,507.0752258300781,638.6498718261719,439.54457092285156,62.72723388671875,135.06130981445312
IMG_0028.mp4,1890,63.0,30.0,845,2,traffic_signs,0.5320044159889221,1714.0880126953125,415.5453796386719,1748.9034423828125,449.294677734375,1731.4957275390625,432.42002868652344,34.8154296875,33.749298095703125
IMG_0028.mp4,1890,63.0,30.0,908,1,traffic_lights,0.5181871056556702,73.81424713134766,589.6155395507812,89.78752899169922,613.306640625,81.80088806152344,601.4610900878906,15.973281860351562,23.69110107421875
IMG_0028.mp4,1890,63.0,30.0,851,1,traffic_lights,0.3042103052139282,1564.6575927734375,441.3819274902344,1591.91552734375,485.91796875,1578.2865600585938,463.6499481201172,27.2579345703125,44.536041259765625
IMG_0028.mp4,1891,63.03333333333333,30.0,797,2,traffic_signs,0.9566678404808044,1684.6807861328125,318.1805725097656,1783.682373046875,408.77301025390625,1734.1815795898438,363.47679138183594,99.0015869140625,90.59243774414062
IMG_0028.mp4,1891,63.03333333333333,30.0,830,1,traffic_lights,0.743448793888092,607.6470336914062,371.65728759765625,670.218994140625,507.0168762207031,638.9330139160156,439.3370819091797,62.57196044921875,135.35958862304688
IMG_0028.mp4,1891,63.03333333333333,30.0,845,2,traffic_signs,0.7063902616500854,1713.9049072265625,415.28753662109375,1749.5179443359375,449.98638916015625,1731.71142578125,432.636962890625,35.613037109375,34.6988525390625
IMG_0028.mp4,1891,63.03333333333333,30.0,908,1,traffic_lights,0.5178825855255127,74.09674072265625,589.3489990234375,90.03862762451172,613.2110595703125,82.06768417358398,601.280029296875,15.941886901855469,23.862060546875
IMG_0028.mp4,1891,63.03333333333333,30.0,851,1,traffic_lights,0.3274659812450409,1564.5426025390625,441.3371276855469,1591.8922119140625,485.923828125,1578.2174072265625,463.63047790527344,27.349609375,44.586700439453125
IMG_0028.mp4,1892,63.06666666666667,30.0,797,2,traffic_signs,0.9564257860183716,1684.7479248046875,318.17730712890625,1783.734130859375,408.92193603515625,1734.2410278320312,363.54962158203125,98.9862060546875,90.74462890625
IMG_0028.mp4,1892,63.06666666666667,30.0,830,1,traffic_lights,0.7147279977798462,607.9666137695312,371.3902282714844,670.3668823242188,507.08917236328125,639.166748046875,439.2397003173828,62.4002685546875,135.69894409179688
IMG_0028.mp4,1892,63.06666666666667,30.0,845,2,traffic_signs,0.7215330600738525,1713.94580078125,415.3412780761719,1749.56494140625,450.10308837890625,1731.75537109375,432.72218322753906,35.619140625,34.761810302734375
IMG_0028.mp4,1892,63.06666666666667,30.0,908,1,traffic_lights,0.4481549859046936,74.0470962524414,589.3223876953125,90.11679077148438,613.0350952148438,82.08194351196289,601.1787414550781,16.06969451904297,23.71270751953125
IMG_0028.mp4,1892,63.06666666666667,30.0,851,1,traffic_lights,0.33859774470329285,1564.436767578125,441.3219909667969,1592.0103759765625,485.8657531738281,1578.2235717773438,463.5938720703125,27.5736083984375,44.54376220703125
IMG_0028.mp4,1893,63.1,30.0,797,2,traffic_signs,0.9567697644233704,1684.7784423828125,318.1462097167969,1783.72314453125,409.0292053222656,1734.2507934570312,363.58770751953125,98.9447021484375,90.88299560546875
IMG_0028.mp4,1893,63.1,30.0,830,1,traffic_lights,0.7630591988563538,607.7769165039062,371.8137512207031,670.2542724609375,507.1163330078125,639.0155944824219,439.4650421142578,62.47735595703125,135.30258178710938
IMG_0028.mp4,1893,63.1,30.0,845,2,traffic_signs,0.5320236086845398,1714.123291015625,415.8353271484375,1748.690673828125,449.5280456542969,1731.406982421875,432.6816864013672,34.5673828125,33.692718505859375
IMG_0028.mp4,1893,63.1,30.0,908,1,traffic_lights,0.39710384607315063,74.01764678955078,589.5,90.07443237304688,613.2259521484375,82.04603958129883,601.3629760742188,16.056785583496094,23.7259521484375
IMG_0028.mp4,1893,63.1,30.0,851,1,traffic_lights,0.3210718333721161,1564.3607177734375,441.4633483886719,1591.9794921875,485.9500732421875,1578.1701049804688,463.7067108154297,27.6187744140625,44.486724853515625
IMG_0028.mp4,1894,63.13333333333333,30.0,797,2,traffic_signs,0.9554300308227539,1685.1707763671875,318.2811584472656,1784.0673828125,409.1548156738281,1734.6190795898438,363.7179870605469,98.8966064453125,90.8736572265625
IMG_0028.mp4,1894,63.13333333333333,30.0,830,1,traffic_lights,0.6734371185302734,607.3215942382812,371.2908020019531,669.77294921875,507.3011779785156,638.5472717285156,439.2959899902344,62.45135498046875,136.0103759765625
IMG_0028.mp4,1894,63.13333333333333,30.0,845,2,traffic_signs,0.7331575155258179,1714.2633056640625,415.60504150390625,1749.781005859375,449.7402038574219,1732.0221557617188,432.67262268066406,35.5177001953125,34.135162353515625
IMG_0028.mp4,1894,63.13333333333333,30.0,908,1,traffic_lights,0.43635931611061096,73.41313171386719,589.8049926757812,89.63042449951172,613.33837890625,81.52177810668945,601.5716857910156,16.21729278564453,23.53338623046875
IMG_0028.mp4,1895,63.166666666666664,30.0,797,2,traffic_signs,0.9538557529449463,1684.9447021484375,318.406982421875,1783.7769775390625,409.2832336425781,1734.36083984375,363.84510803222656,98.832275390625,90.87625122070312
IMG_0028.mp4,1895,63.166666666666664,30.0,830,1,traffic_lights,0.7468042373657227,607.3074340820312,371.3533630371094,669.8768310546875,507.3893737792969,638.5921325683594,439.3713684082031,62.56939697265625,136.0360107421875
IMG_0028.mp4,1895,63.166666666666664,30.0,845,2,traffic_signs,0.6635037064552307,1714.110595703125,415.5169372558594,1749.736083984375,449.6611633300781,1731.92333984375,432.58905029296875,35.62548828125,34.14422607421875
IMG_0028.mp4,1895,63.166666666666664,30.0,908,1,traffic_lights,0.503926694393158,73.4556884765625,589.8341064453125,89.7907485961914,613.1805419921875,81.62321853637695,601.50732421875,16.335060119628906,23.346435546875
IMG_0028.mp4,1896,63.2,30.0,797,2,traffic_signs,0.9543282389640808,1685.3720703125,318.29608154296875,1784.331298828125,409.18798828125,1734.8516845703125,363.7420349121094,98.959228515625,90.89190673828125
IMG_0028.mp4,1896,63.2,30.0,830,1,traffic_lights,0.7902805209159851,606.85107421875,371.93865966796875,669.7572021484375,507.40557861328125,638.3041381835938,439.672119140625,62.9061279296875,135.4669189453125
IMG_0028.mp4,1896,63.2,30.0,845,2,traffic_signs,0.561793863773346,1714.8287353515625,415.85540771484375,1749.9161376953125,449.2982482910156,1732.3724365234375,432.5768280029297,35.08740234375,33.442840576171875
IMG_0028.mp4,1896,63.2,30.0,908,1,traffic_lights,0.5005397796630859,72.9207763671875,589.9810791015625,89.13035583496094,613.1425170898438,81.02556610107422,601.5617980957031,16.209579467773438,23.16143798828125
IMG_0028.mp4,1897,63.233333333333334,30.0,797,2,traffic_signs,0.9548927545547485,1685.116455078125,318.29412841796875,1784.0457763671875,409.0962829589844,1734.5811157226562,363.69520568847656,98.9293212890625,90.80215454101562
IMG_0028.mp4,1897,63.233333333333334,30.0,830,1,traffic_lights,0.6844640374183655,607.2034301757812,371.5184326171875,669.8633422851562,507.46783447265625,638.5333862304688,439.4931335449219,62.659912109375,135.94940185546875
IMG_0028.mp4,1897,63.233333333333334,30.0,845,2,traffic_signs,0.5986316800117493,1714.43359375,415.61737060546875,1749.8896484375,449.35369873046875,1732.16162109375,432.48553466796875,35.4560546875,33.736328125
IMG_0028.mp4,1897,63.233333333333334,30.0,908,1,traffic_lights,0.43897542357444763,73.25379943847656,589.8405151367188,89.5408706665039,613.1119384765625,81.39733505249023,601.4762268066406,16.287071228027344,23.27142333984375
IMG_0028.mp4,1898,63.266666666666666,30.0,797,2,traffic_signs,0.9543824195861816,1684.8658447265625,318.2584533691406,1783.8948974609375,408.8133239746094,1734.38037109375,363.535888671875,99.029052734375,90.55487060546875
IMG_0028.mp4,1898,63.266666666666666,30.0,830,1,traffic_lights,0.7631258964538574,607.2837524414062,371.16925048828125,669.9271850585938,507.5093688964844,638.60546875,439.3393096923828,62.6434326171875,136.34011840820312
IMG_0028.mp4,1898,63.266666666666666,30.0,845,2,traffic_signs,0.5245566368103027,1714.28466796875,415.2832946777344,1749.953369140625,449.36376953125,1732.1190185546875,432.3235321044922,35.668701171875,34.080474853515625
IMG_0028.mp4,1898,63.266666666666666,30.0,908,1,traffic_lights,0.3452889323234558,73.53004455566406,589.6404418945312,89.64186096191406,612.885498046875,81.58595275878906,601.2629699707031,16.11181640625,23.24505615234375
IMG_0028.mp4,1899,63.3,30.0,797,2,traffic_signs,0.9549009203910828,1684.752197265625,318.2076416015625,1783.73095703125,408.6722717285156,1734.2415771484375,363.43995666503906,98.978759765625,90.46463012695312
IMG_0028.mp4,1899,63.3,30.0,830,1,traffic_lights,0.8661330938339233,607.3771362304688,371.5001220703125,669.91650390625,507.2134094238281,638.6468200683594,439.3567657470703,62.53936767578125,135.71328735351562
IMG_0028.mp4,1899,63.3,30.0,845,2,traffic_signs,0.47810786962509155,1714.224609375,415.3888244628906,1749.1016845703125,448.8909912109375,1731.6631469726562,432.13990783691406,34.8770751953125,33.502166748046875
IMG_0028.mp4,1899,63.3,30.0,851,1,traffic_lights,0.3089403212070465,1564.1611328125,440.95977783203125,1592.138916015625,485.76080322265625,1578.1500244140625,463.36029052734375,27.977783203125,44.801025390625
IMG_0028.mp4,1900,63.333333333333336,30.0,797,2,traffic_signs,0.9553964138031006,1684.707763671875,318.3134765625,1783.67919921875,408.7143249511719,1734.1934814453125,363.51390075683594,98.971435546875,90.40084838867188
IMG_0028.mp4,1900,63.333333333333336,30.0,830,1,traffic_lights,0.829272449016571,607.740234375,371.0383605957031,669.8511962890625,506.99853515625,638.7957153320312,439.01844787597656,62.1109619140625,135.96017456054688
IMG_0028.mp4,1900,63.333333333333336,30.0,845,2,traffic_signs,0.6523500084877014,1713.9923095703125,415.2864990234375,1749.509033203125,449.230712890625,1731.7506713867188,432.25860595703125,35.5167236328125,33.9442138671875
IMG_0028.mp4,1900,63.333333333333336,30.0,851,1,traffic_lights,0.36132362484931946,1564.1339111328125,441.14215087890625,1592.2303466796875,485.67919921875,1578.18212890625,463.4106750488281,28.096435546875,44.53704833984375
IMG_0028.mp4,1901,63.36666666666667,30.0,797,2,traffic_signs,0.9560652375221252,1684.916748046875,318.2192077636719,1783.8934326171875,408.6843566894531,1734.4050903320312,363.4517822265625,98.9766845703125,90.46514892578125
IMG_0028.mp4,1901,63.36666666666667,30.0,830,1,traffic_lights,0.5621305108070374,608.6923828125,370.5903015136719,670.2929077148438,507.0434265136719,639.4926452636719,438.8168640136719,61.60052490234375,136.453125
IMG_0028.mp4,1901,63.36666666666667,30.0,845,2,traffic_signs,0.6522722840309143,1714.230712890625,415.0904235839844,1750.012939453125,449.5453796386719,1732.121826171875,432.3179016113281,35.7822265625,34.4549560546875
IMG_0028.mp4,1901,63.36666666666667,30.0,851,1,traffic_lights,0.2831808030605316,1564.4151611328125,441.4058532714844,1591.9609375,485.94091796875,1578.1880493164062,463.6733856201172,27.5457763671875,44.535064697265625
IMG_0028.mp4,1902,63.4,30.0,797,2,traffic_signs,0.955963134765625,1685.157470703125,318.1542053222656,1783.9600830078125,408.63861083984375,1734.5587768554688,363.3964080810547,98.8026123046875,90.48440551757812
IMG_0028.mp4,1902,63.4,30.0,830,1,traffic_lights,0.8494170904159546,608.24853515625,371.3866271972656,669.9783935546875,506.61175537109375,639.1134643554688,438.9991912841797,61.7298583984375,135.22512817382812
IMG_0028.mp4,1902,63.4,30.0,845,2,traffic_signs,0.5187863707542419,1714.3798828125,415.3097839355469,1749.394775390625,449.3824768066406,1731.8873291015625,432.34613037109375,35.014892578125,34.07269287109375
IMG_0028.mp4,1902,63.4,30.0,851,1,traffic_lights,0.26787829399108887,1564.427490234375,441.5346374511719,1591.794189453125,486.07080078125,1578.11083984375,463.80271911621094,27.36669921875,44.536163330078125
IMG_0028.mp4,1903,63.43333333333333,30.0,797,2,traffic_signs,0.9560379981994629,1685.2283935546875,317.9729309082031,1784.16064453125,408.8342590332031,1734.6945190429688,363.4035949707031,98.9322509765625,90.861328125
IMG_0028.mp4,1903,63.43333333333333,30.0,830,1,traffic_lights,0.8110955357551575,607.8782958984375,371.2349853515625,669.8424682617188,506.4861145019531,638.8603820800781,438.8605499267578,61.96417236328125,135.25112915039062
IMG_0028.mp4,1903,63.43333333333333,30.0,845,2,traffic_signs,0.6812562346458435,1714.35107421875,415.2606506347656,1750.0654296875,449.9069519042969,1732.208251953125,432.58380126953125,35.71435546875,34.64630126953125
IMG_0028.mp4,1904,63.46666666666667,30.0,797,2,traffic_signs,0.955898642539978,1685.1741943359375,317.9620361328125,1784.1375732421875,408.92901611328125,1734.6558837890625,363.4455261230469,98.96337890625,90.96697998046875
IMG_0028.mp4,1904,63.46666666666667,30.0,830,1,traffic_lights,0.815505862236023,607.9403686523438,371.0370788574219,669.8262939453125,506.1888427734375,638.8833312988281,438.6129608154297,61.88592529296875,135.15176391601562
IMG_0028.mp4,1904,63.46666666666667,30.0,845,2,traffic_signs,0.6953511834144592,1714.2672119140625,415.1313171386719,1750.1993408203125,450.08514404296875,1732.2332763671875,432.6082305908203,35.93212890625,34.953826904296875
IMG_0028.mp4,1905,63.5,30.0,797,2,traffic_signs,0.9558107256889343,1685.1744384765625,317.8697204589844,1784.1309814453125,408.81494140625,1734.6527099609375,363.3423309326172,98.95654296875,90.94522094726562
IMG_0028.mp4,1905,63.5,30.0,830,1,traffic_lights,0.827525794506073,607.5380859375,371.2981872558594,669.654052734375,506.21441650390625,638.5960693359375,438.7563018798828,62.115966796875,134.91622924804688
IMG_0028.mp4,1905,63.5,30.0,845,2,traffic_signs,0.5478307604789734,1714.4945068359375,415.3689270019531,1749.76025390625,449.6645202636719,1732.1273803710938,432.5167236328125,35.2657470703125,34.29559326171875
IMG_0028.mp4,1906,63.53333333333333,30.0,797,2,traffic_signs,0.9559361338615417,1684.9388427734375,317.9842834472656,1783.9891357421875,408.9895324707031,1734.4639892578125,363.4869079589844,99.05029296875,91.0052490234375
IMG_0028.mp4,1906,63.53333333333333,30.0,830,1,traffic_lights,0.7573072910308838,608.0784912109375,370.4648742675781,670.167236328125,506.4652404785156,639.1228637695312,438.4650573730469,62.0887451171875,136.0003662109375
IMG_0028.mp4,1906,63.53333333333333,30.0,845,2,traffic_signs,0.718528687953949,1714.196044921875,415.3080139160156,1749.939453125,450.2517395019531,1732.0677490234375,432.7798767089844,35.743408203125,34.9437255859375
IMG_0028.mp4,1906,63.53333333333333,30.0,851,1,traffic_lights,0.27395957708358765,1564.583740234375,441.3726501464844,1591.606689453125,486.1667785644531,1578.09521484375,463.76971435546875,27.02294921875,44.79412841796875
IMG_0028.mp4,1907,63.56666666666667,30.0,797,2,traffic_signs,0.9557723999023438,1684.750244140625,318.0719299316406,1783.8299560546875,409.0218811035156,1734.2901000976562,363.5469055175781,99.0797119140625,90.949951171875
IMG_0028.mp4,1907,63.56666666666667,30.0,830,1,traffic_lights,0.5840126276016235,608.255615234375,370.9020080566406,670.1600341796875,506.4702453613281,639.2078247070312,438.6861267089844,61.9044189453125,135.5682373046875
IMG_0028.mp4,1907,63.56666666666667,30.0,845,2,traffic_signs,0.6134052872657776,1714.1077880859375,415.1304626464844,1749.808349609375,450.2921447753906,1731.9580688476562,432.7113037109375,35.7005615234375,35.16168212890625
IMG_0028.mp4,1907,63.56666666666667,30.0,851,1,traffic_lights,0.25703972578048706,1564.495849609375,441.3307800292969,1591.55322265625,486.1434020996094,1578.0245361328125,463.7370910644531,27.057373046875,44.8126220703125
IMG_0028.mp4,1908,63.6,30.0,797,2,traffic_signs,0.9558227062225342,1684.8740234375,318.0811462402344,1783.869140625,408.98175048828125,1734.37158203125,363.5314483642578,98.9951171875,90.90060424804688
IMG_0028.mp4,1908,63.6,30.0,830,1,traffic_lights,0.8176395893096924,608.1920166015625,371.4515380859375,670.1651611328125,506.66119384765625,639.1785888671875,439.0563659667969,61.97314453125,135.20965576171875
IMG_0028.mp4,1908,63.6,30.0,845,2,traffic_signs,0.4407353699207306,1714.31396484375,415.3031311035156,1749.29248046875,449.79937744140625,1731.80322265625,432.55125427246094,34.978515625,34.496246337890625
IMG_0028.mp4,1908,63.6,30.0,912,2,traffic_signs,0.8587118983268738,1091.193359375,602.3889770507812,1106.570068359375,625.6008911132812,1098.8817138671875,613.9949340820312,15.376708984375,23.2119140625
IMG_0028.mp4,1909,63.63333333333333,30.0,797,2,traffic_signs,0.9562274813652039,1684.629150390625,318.07672119140625,1783.75341796875,409.0108947753906,1734.1912841796875,363.54380798339844,99.124267578125,90.93417358398438
IMG_0028.mp4,1909,63.63333333333333,30.0,830,1,traffic_lights,0.8134043216705322,608.0670166015625,370.95343017578125,670.2590942382812,507.045654296875,639.1630554199219,438.9995422363281,62.19207763671875,136.09222412109375
IMG_0028.mp4,1909,63.63333333333333,30.0,845,2,traffic_signs,0.6780272126197815,1713.893310546875,414.97406005859375,1749.4212646484375,449.884033203125,1731.6572875976562,432.4290466308594,35.5279541015625,34.90997314453125
IMG_0028.mp4,1909,63.63333333333333,30.0,912,2,traffic_signs,0.8481252193450928,1090.97412109375,602.0510864257812,1106.3240966796875,625.6921997070312,1098.6491088867188,613.8716430664062,15.3499755859375,23.64111328125
IMG_0028.mp4,1909,63.63333333333333,30.0,914,2,traffic_signs,0.5189482569694519,1189.921142578125,631.0018310546875,1199.6810302734375,643.984619140625,1194.8010864257812,637.4932250976562,9.7598876953125,12.9827880859375
IMG_0028.mp4,1909,63.63333333333333,30.0,851,1,traffic_lights,0.3680301010608673,1564.28515625,441.425048828125,1591.892822265625,485.9671936035156,1578.0889892578125,463.6961212158203,27.607666015625,44.542144775390625
IMG_0028.mp4,1910,63.666666666666664,30.0,797,2,traffic_signs,0.955900251865387,1684.93017578125,318.1263122558594,1783.977294921875,409.03558349609375,1734.4537353515625,363.58094787597656,99.047119140625,90.90927124023438
IMG_0028.mp4,1910,63.666666666666664,30.0,830,1,traffic_lights,0.7024327516555786,608.0404052734375,370.75323486328125,670.4334106445312,507.1816101074219,639.2369079589844,438.96742248535156,62.39300537109375,136.42837524414062
IMG_0028.mp4,1910,63.666666666666664,30.0,845,2,traffic_signs,0.6265328526496887,1714.1558837890625,414.9870300292969,1749.766845703125,450.0110778808594,1731.9613647460938,432.4990539550781,35.6109619140625,35.0240478515625
IMG_0028.mp4,1910,63.666666666666664,30.0,912,2,traffic_signs,0.8405033349990845,1091.2093505859375,601.9393310546875,1106.600830078125,625.958740234375,1098.9050903320312,613.9490356445312,15.3914794921875,24.0194091796875
IMG_0028.mp4,1910,63.666666666666664,30.0,914,2,traffic_signs,0.6335741281509399,1190.0126953125,630.3848876953125,1200.1309814453125,644.361083984375,1195.0718383789062,637.3729858398438,10.1182861328125,13.9761962890625
IMG_0028.mp4,1910,63.666666666666664,30.0,851,1,traffic_lights,0.3160107731819153,1564.2005615234375,441.5653076171875,1592.0621337890625,486.0561828613281,1578.13134765625,463.8107452392578,27.861572265625,44.490875244140625
IMG_0028.mp4,1911,63.7,30.0,797,2,traffic_signs,0.9554107785224915,1684.703369140625,317.8674011230469,1783.8040771484375,408.99151611328125,1734.2537231445312,363.42945861816406,99.1007080078125,91.12411499023438
IMG_0028.mp4,1911,63.7,30.0,830,1,traffic_lights,0.8638530373573303,607.8735961914062,371.174560546875,670.254638671875,506.7735900878906,639.0641174316406,438.9740753173828,62.38104248046875,135.59902954101562
IMG_0028.mp4,1911,63.7,30.0,845,2,traffic_signs,0.524520993232727,1713.9884033203125,415.130859375,1748.872802734375,449.33392333984375,1731.4306030273438,432.2323913574219,34.8843994140625,34.20306396484375
IMG_0028.mp4,1911,63.7,30.0,912,2,traffic_signs,0.8181655406951904,1091.1116943359375,601.5786743164062,1106.4635009765625,625.9336547851562,1098.78759765625,613.7561645507812,15.351806640625,24.35498046875
IMG_0028.mp4,1911,63.7,30.0,914,2,traffic_signs,0.6329438090324402,1189.500732421875,630.0093994140625,1200.1934814453125,644.5639038085938,1194.8471069335938,637.2866516113281,10.6927490234375,14.55450439453125
IMG_0028.mp4,1911,63.7,30.0,851,1,traffic_lights,0.3292829096317291,1564.3031005859375,441.3808898925781,1591.9154052734375,485.8690490722656,1578.1092529296875,463.6249694824219,27.6123046875,44.4881591796875
IMG_0028.mp4,1911,63.7,30.0,908,1,traffic_lights,0.30260607600212097,73.86536407470703,589.7288818359375,90.48229217529297,611.8300170898438,82.173828125,600.7794494628906,16.616928100585938,22.10113525390625
IMG_0028.mp4,1912,63.733333333333334,30.0,797,2,traffic_signs,0.9554777145385742,1684.899169921875,318.05560302734375,1783.995849609375,408.94970703125,1734.447509765625,363.5026550292969,99.0966796875,90.89410400390625
IMG_0028.mp4,1912,63.733333333333334,30.0,830,1,traffic_lights,0.7616304159164429,607.6156005859375,370.9381408691406,670.2244262695312,507.1053466796875,638.9200134277344,439.02174377441406,62.60882568359375,136.16720581054688
IMG_0028.mp4,1912,63.733333333333334,30.0,845,2,traffic_signs,0.7019469738006592,1714.028564453125,415.1904296875,1749.612060546875,449.8420104980469,1731.8203125,432.51622009277344,35.58349609375,34.651580810546875
IMG_0028.mp4,1912,63.733333333333334,30.0,912,2,traffic_signs,0.8149610757827759,1091.2755126953125,601.685302734375,1106.5115966796875,625.798828125,1098.8935546875,613.7420654296875,15.236083984375,24.113525390625
IMG_0028.mp4,1912,63.733333333333334,30.0,914,2,traffic_signs,0.619782567024231,1189.489013671875,630.0320434570312,1200.248046875,645.2218017578125,1194.8685302734375,637.6269226074219,10.759033203125,15.18975830078125
IMG_0028.mp4,1912,63.733333333333334,30.0,908,1,traffic_lights,0.37195879220962524,73.81775665283203,589.891845703125,90.56836700439453,612.1116943359375,82.19306182861328,601.0017700195312,16.7506103515625,22.2198486328125
IMG_0028.mp4,1913,63.766666666666666,30.0,797,2,traffic_signs,0.9557549953460693,1685.1993408203125,318.03802490234375,1783.9833984375,408.5262451171875,1734.5913696289062,363.2821350097656,98.7840576171875,90.48822021484375
IMG_0028.mp4,1913,63.766666666666666,30.0,830,1,traffic_lights,0.9343887567520142,607.2853393554688,370.7067565917969,670.099853515625,507.2057189941406,638.6925964355469,438.95623779296875,62.81451416015625,136.49896240234375
IMG_0028.mp4,1913,63.766666666666666,30.0,912,2,traffic_signs,0.8114808797836304,1091.2513427734375,601.7115478515625,1106.453857421875,625.7387084960938,1098.8526000976562,613.7251281738281,15.2025146484375,24.02716064453125
IMG_0028.mp4,1913,63.766666666666666,30.0,914,2,traffic_signs,0.4085840582847595,1189.3856201171875,630.3348388671875,1200.1375732421875,644.9606323242188,1194.7615966796875,637.6477355957031,10.751953125,14.62579345703125
IMG_0028.mp4,1913,63.766666666666666,30.0,908,1,traffic_lights,0.4680240750312805,73.48483276367188,589.7039184570312,90.33743286132812,612.2803955078125,81.9111328125,600.9921569824219,16.85260009765625,22.57647705078125
IMG_0028.mp4,1913,63.766666666666666,30.0,851,1,traffic_lights,0.2761857211589813,1564.5205078125,441.5553283691406,1591.8516845703125,486.04388427734375,1578.1860961914062,463.7996063232422,27.3311767578125,44.488555908203125
IMG_0028.mp4,1914,63.8,30.0,797,2,traffic_signs,0.9558393955230713,1685.4581298828125,317.9794006347656,1783.9739990234375,407.999755859375,1734.716064453125,362.9895782470703,98.515869140625,90.02035522460938
IMG_0028.mp4,1914,63.8,30.0,830,1,traffic_lights,0.93843013048172,607.0282592773438,366.2698669433594,670.3270263671875,506.6333312988281,638.6776428222656,436.45159912109375,63.29876708984375,140.36346435546875
IMG_0028.mp4,1914,63.8,30.0,912,2,traffic_signs,0.7972729206085205,1091.29541015625,601.7083129882812,1106.4625244140625,625.7440795898438,1098.8789672851562,613.7261962890625,15.1671142578125,24.0357666015625
IMG_0028.mp4,1914,63.8,30.0,908,1,traffic_lights,0.4054521918296814,73.34141540527344,589.6844482421875,90.00263214111328,612.782958984375,81.67202377319336,601.2337036132812,16.661216735839844,23.0985107421875
IMG_0028.mp4,1914,63.8,30.0,851,1,traffic_lights,0.3192567229270935,1564.5150146484375,441.708251953125,1591.97802734375,486.09234619140625,1578.2465209960938,463.9002990722656,27.4630126953125,44.38409423828125
IMG_0028.mp4,1915,63.833333333333336,30.0,797,2,traffic_signs,0.9560500979423523,1685.454833984375,317.90008544921875,1783.9814453125,407.8190002441406,1734.7181396484375,362.8595428466797,98.526611328125,89.91891479492188
IMG_0028.mp4,1915,63.833333333333336,30.0,830,1,traffic_lights,0.9291369318962097,607.1138305664062,364.6827697753906,670.2685546875,506.2232971191406,638.6911926269531,435.4530334472656,63.15472412109375,141.54052734375
IMG_0028.mp4,1915,63.833333333333336,30.0,912,2,traffic_signs,0.7836337685585022,1091.3232421875,601.779296875,1106.2781982421875,625.7791137695312,1098.8007202148438,613.7792053222656,14.9549560546875,23.99981689453125
IMG_0028.mp4,1915,63.833333333333336,30.0,908,1,traffic_lights,0.3559117615222931,73.41505432128906,589.7669677734375,89.82865142822266,612.7922973632812,81.62185287475586,601.2796325683594,16.413597106933594,23.02532958984375
IMG_0028.mp4,1915,63.833333333333336,30.0,851,1,traffic_lights,0.35936325788497925,1564.4525146484375,441.756591796875,1592.02001953125,486.16827392578125,1578.2362670898438,463.9624328613281,27.5675048828125,44.41168212890625
IMG_0028.mp4,1915,63.833333333333336,30.0,915,2,traffic_signs,0.542424738407135,1763.4227294921875,456.00189208984375,1805.074951171875,532.4384155273438,1784.2488403320312,494.22015380859375,41.6522216796875,76.4365234375
IMG_0028.mp4,1915,63.833333333333336,30.0,916,2,traffic_signs,0.4307601749897003,1763.77783203125,455.3802795410156,1805.193115234375,532.5185546875,1784.4854736328125,493.9494171142578,41.415283203125,77.13827514648438
IMG_0028.mp4,1915,63.833333333333336,30.0,914,2,traffic_signs,0.43785232305526733,1189.5430908203125,630.5640258789062,1200.5467529296875,644.794921875,1195.044921875,637.6794738769531,11.003662109375,14.23089599609375
IMG_0028.mp4,1916,63.86666666666667,30.0,797,2,traffic_signs,0.9562280178070068,1685.36865234375,317.81378173828125,1783.8798828125,407.84033203125,1734.624267578125,362.8270568847656,98.51123046875,90.02655029296875
IMG_0028.mp4,1916,63.86666666666667,30.0,830,1,traffic_lights,0.9409326314926147,607.2323608398438,363.7357177734375,670.2468872070312,506.2690734863281,638.7396240234375,435.0023956298828,63.0145263671875,142.53335571289062
IMG_0028.mp4,1916,63.86666666666667,30.0,912,2,traffic_signs,0.8061017394065857,1091.322998046875,601.8973999023438,1106.3189697265625,625.8890991210938,1098.8209838867188,613.8932495117188,14.9959716796875,23.99169921875
IMG_0028.mp4,1916,63.86666666666667,30.0,908,1,traffic_lights,0.5639197826385498,73.75436401367188,589.6793823242188,89.66423034667969,613.0791015625,81.70929718017578,601.3792419433594,15.909866333007812,23.39971923828125
IMG_0028.mp4,1916,63.86666666666667,30.0,851,1,traffic_lights,0.37930384278297424,1564.429931640625,441.5787048339844,1591.9708251953125,486.0492248535156,1578.2003784179688,463.81396484375,27.5408935546875,44.47052001953125
IMG_0028.mp4,1916,63.86666666666667,30.0,915,2,traffic_signs,0.5254018902778625,1763.3466796875,455.716552734375,1804.9915771484375,532.5184326171875,1784.1691284179688,494.11749267578125,41.6448974609375,76.8018798828125
IMG_0028.mp4,1916,63.86666666666667,30.0,916,2,traffic_signs,0.3462686836719513,1763.6885986328125,455.6191101074219,1805.0360107421875,532.5484008789062,1784.3623046875,494.08375549316406,41.347412109375,76.92929077148438
IMG_0028.mp4,1916,63.86666666666667,30.0,914,2,traffic_signs,0.5016937255859375,1189.99072265625,631.1539916992188,1200.5693359375,644.6279907226562,1195.280029296875,637.8909912109375,10.57861328125,13.4739990234375
IMG_0028.mp4,1917,63.9,30.0,797,2,traffic_signs,0.9562516808509827,1685.1343994140625,317.8512268066406,1783.7548828125,407.778076171875,1734.4446411132812,362.8146514892578,98.6204833984375,89.92684936523438
IMG_0028.mp4,1917,63.9,30.0,830,1,traffic_lights,0.9435914158821106,607.4347534179688,363.41510009765625,670.44189453125,506.5771179199219,638.9383239746094,434.99610900878906,63.00714111328125,143.16201782226562
IMG_0028.mp4,1917,63.9,30.0,912,2,traffic_signs,0.8098495602607727,1091.2708740234375,601.8889770507812,1106.3045654296875,625.9940185546875,1098.7877197265625,613.9414978027344,15.03369140625,24.10504150390625
IMG_0028.mp4,1917,63.9,30.0,908,1,traffic_lights,0.590333878993988,74.11253356933594,589.7520751953125,89.6781997680664,613.39306640625,81.89536666870117,601.5725708007812,15.565666198730469,23.6409912109375
IMG_0028.mp4,1917,63.9,30.0,851,1,traffic_lights,0.3593885004520416,1564.341796875,441.5022277832031,1591.83447265625,486.0442199707031,1578.088134765625,463.7732238769531,27.49267578125,44.5419921875
IMG_0028.mp4,1917,63.9,30.0,915,2,traffic_signs,0.3885931372642517,1763.41796875,455.4449157714844,1805.14892578125,532.8048706054688,1784.283447265625,494.12489318847656,41.73095703125,77.35995483398438
IMG_0028.mp4,1917,63.9,30.0,916,2,traffic_signs,0.6275010108947754,1763.349853515625,455.775390625,1804.9547119140625,532.7156982421875,1784.1522827148438,494.24554443359375,41.6048583984375,76.9403076171875
IMG_0028.mp4,1917,63.9,30.0,914,2,traffic_signs,0.5474175214767456,1190.0084228515625,631.7390747070312,1200.396240234375,644.4813232421875,1195.2023315429688,638.1101989746094,10.3878173828125,12.74224853515625
IMG_0028.mp4,1918,63.93333333333333,30.0,797,2,traffic_signs,0.9561775922775269,1685.0611572265625,317.9427185058594,1783.6630859375,407.69683837890625,1734.3621215820312,362.8197784423828,98.6019287109375,89.75411987304688
IMG_0028.mp4,1918,63.93333333333333,30.0,830,1,traffic_lights,0.9424492716789246,607.291015625,363.3623962402344,670.3822021484375,506.71868896484375,638.8366088867188,435.04054260253906,63.0911865234375,143.35629272460938
IMG_0028.mp4,1918,63.93333333333333,30.0,912,2,traffic_signs,0.8178768754005432,1091.1922607421875,601.9374389648438,1106.294189453125,625.9205322265625,1098.7432250976562,613.9289855957031,15.1019287109375,23.98309326171875
IMG_0028.mp4,1918,63.93333333333333,30.0,908,1,traffic_lights,0.6096739172935486,74.169677734375,589.8843994140625,89.85710144042969,613.6170043945312,82.01338958740234,601.7507019042969,15.687423706054688,23.73260498046875
IMG_0028.mp4,1918,63.93333333333333,30.0,851,1,traffic_lights,0.4072108864784241,1564.48193359375,441.4544372558594,1591.897216796875,485.9458923339844,1578.1895751953125,463.7001647949219,27.415283203125,44.491455078125
IMG_0028.mp4,1918,63.93333333333333,30.0,915,2,traffic_signs,0.387432724237442,1763.241943359375,455.7393493652344,1804.7528076171875,533.1788940429688,1783.9973754882812,494.45912170410156,41.5108642578125,77.43954467773438
IMG_0028.mp4,1918,63.93333333333333,30.0,916,2,traffic_signs,0.6002482771873474,1763.069091796875,456.0799560546875,1804.611083984375,533.1384887695312,1783.840087890625,494.6092224121094,41.5419921875,77.05853271484375
IMG_0028.mp4,1918,63.93333333333333,30.0,914,2,traffic_signs,0.6266850233078003,1189.9578857421875,631.8665161132812,1200.390380859375,644.2826538085938,1195.1741333007812,638.0745849609375,10.4324951171875,12.4161376953125
IMG_0028.mp4,1919,63.96666666666667,30.0,797,2,traffic_signs,0.9564948678016663,1685.0328369140625,317.91827392578125,1783.689208984375,407.662841796875,1734.3610229492188,362.7905578613281,98.6563720703125,89.74456787109375
IMG_0028.mp4,1919,63.96666666666667,30.0,830,1,traffic_lights,0.944557249546051,607.407958984375,363.1184997558594,670.47607421875,506.77276611328125,638.9420166015625,434.9456329345703,63.068115234375,143.65426635742188
IMG_0028.mp4,1919,63.96666666666667,30.0,912,2,traffic_signs,0.8241144418716431,1091.297119140625,601.8553466796875,1106.301025390625,625.7418212890625,1098.799072265625,613.798583984375,15.00390625,23.886474609375
IMG_0028.mp4,1919,63.96666666666667,30.0,908,1,traffic_lights,0.5859963297843933,74.23372650146484,589.7250366210938,89.98108673095703,613.6165161132812,82.10740661621094,601.6707763671875,15.747360229492188,23.8914794921875
IMG_0028.mp4,1919,63.96666666666667,30.0,851,1,traffic_lights,0.479137659072876,1564.3433837890625,441.440185546875,1591.998046875,485.94537353515625,1578.1707153320312,463.6927795410156,27.6546630859375,44.50518798828125
IMG_0028.mp4,1919,63.96666666666667,30.0,915,2,traffic_signs,0.4284104108810425,1763.2840576171875,455.672119140625,1804.7802734375,533.2402954101562,1784.0321655273438,494.4562072753906,41.4962158203125,77.56817626953125
IMG_0028.mp4,1919,63.96666666666667,30.0,916,2,traffic_signs,0.5911540389060974,1763.071533203125,456.031005859375,1804.7083740234375,533.0745849609375,1783.8899536132812,494.55279541015625,41.6368408203125,77.0435791015625
IMG_0028.mp4,1919,63.96666666666667,30.0,914,2,traffic_signs,0.5941228866577148,1190.045166015625,631.3507080078125,1200.33203125,643.9893188476562,1195.1885986328125,637.6700134277344,10.286865234375,12.63861083984375
IMG_0028.mp4,1920,64.0,30.0,797,2,traffic_signs,0.9565796852111816,1684.9716796875,317.99658203125,1783.5980224609375,407.74847412109375,1734.2848510742188,362.8725280761719,98.6263427734375,89.75189208984375
IMG_0028.mp4,1920,64.0,30.0,830,1,traffic_lights,0.9429875612258911,607.4153442382812,363.2723388671875,670.5653686523438,506.7797546386719,638.9903564453125,435.0260467529297,63.1500244140625,143.50741577148438
IMG_0028.mp4,1920,64.0,30.0,912,2,traffic_signs,0.8242484331130981,1091.362548828125,601.7832641601562,1106.38330078125,625.6348876953125,1098.8729248046875,613.7090759277344,15.020751953125,23.85162353515625
IMG_0028.mp4,1920,64.0,30.0,908,1,traffic_lights,0.5851532220840454,74.2340087890625,589.5847778320312,90.1064682006836,613.599609375,82.17023849487305,601.5921936035156,15.872459411621094,24.01483154296875
IMG_0028.mp4,1920,64.0,30.0,851,1,traffic_lights,0.5188935399055481,1564.200439453125,441.53350830078125,1592.0028076171875,486.0278625488281,1578.1016235351562,463.7806854248047,27.8023681640625,44.494354248046875
IMG_0028.mp4,1920,64.0,30.0,915,2,traffic_signs,0.4519329071044922,1763.12939453125,455.6696472167969,1805.0455322265625,533.3529663085938,1784.0874633789062,494.5113067626953,41.9161376953125,77.68331909179688
IMG_0028.mp4,1920,64.0,30.0,916,2,traffic_signs,0.575677216053009,1762.937255859375,455.78680419921875,1804.891845703125,532.993408203125,1783.91455078125,494.3901062011719,41.95458984375,77.20660400390625
IMG_0028.mp4,1920,64.0,30.0,914,2,traffic_signs,0.6282016038894653,1190.1009521484375,631.1019287109375,1200.2423095703125,643.9785766601562,1195.171630859375,637.5402526855469,10.141357421875,12.87664794921875
IMG_0028.mp4,1921,64.03333333333333,30.0,797,2,traffic_signs,0.956864058971405,1685.0994873046875,317.988037109375,1783.6669921875,407.7183837890625,1734.3832397460938,362.85321044921875,98.5675048828125,89.7303466796875
IMG_0028.mp4,1921,64.03333333333333,30.0,830,1,traffic_lights,0.9400609731674194,607.4706420898438,363.34747314453125,670.4485473632812,506.4525451660156,638.9595947265625,434.90000915527344,62.9779052734375,143.10507202148438
IMG_0028.mp4,1921,64.03333333333333,30.0,912,2,traffic_signs,0.8237348794937134,1091.478271484375,601.8125,1106.3985595703125,625.546875,1098.9384155273438,613.6796875,14.9202880859375,23.734375
IMG_0028.mp4,1921,64.03333333333333,30.0,908,1,traffic_lights,0.6303710341453552,74.0953140258789,589.4292602539062,90.0281753540039,613.3840942382812,82.0617446899414,601.4066772460938,15.932861328125,23.954833984375
IMG_0028.mp4,1921,64.03333333333333,30.0,851,1,traffic_lights,0.5460392236709595,1564.1591796875,441.6029052734375,1592.0804443359375,486.0583801269531,1578.1198120117188,463.8306427001953,27.9212646484375,44.455474853515625
IMG_0028.mp4,1921,64.03333333333333,30.0,915,2,traffic_signs,0.4073919653892517,1763.0479736328125,455.73553466796875,1804.879638671875,533.6005249023438,1783.9638061523438,494.66802978515625,41.8316650390625,77.864990234375
IMG_0028.mp4,1921,64.03333333333333,30.0,916,2,traffic_signs,0.5559788942337036,1762.8160400390625,455.623291015625,1804.8150634765625,533.3717041015625,1783.8155517578125,494.49749755859375,41.9990234375,77.7484130859375
IMG_0028.mp4,1921,64.03333333333333,30.0,914,2,traffic_signs,0.5933800935745239,1190.0736083984375,630.8299560546875,1200.2261962890625,643.8600463867188,1195.14990234375,637.3450012207031,10.152587890625,13.03009033203125
IMG_0028.mp4,1922,64.06666666666666,30.0,797,2,traffic_signs,0.956584632396698,1685.108642578125,317.955810546875,1783.6966552734375,407.7142639160156,1734.4026489257812,362.8350372314453,98.5880126953125,89.75845336914062
IMG_0028.mp4,1922,64.06666666666666,30.0,830,1,traffic_lights,0.9407835006713867,607.708740234375,363.6305236816406,670.4825439453125,506.3855895996094,639.0956420898438,435.008056640625,62.7738037109375,142.75506591796875
IMG_0028.mp4,1922,64.06666666666666,30.0,912,2,traffic_signs,0.8110736608505249,1091.4947509765625,601.7783203125,1106.309326171875,625.5071411132812,1098.9020385742188,613.6427307128906,14.8145751953125,23.72882080078125
IMG_0028.mp4,1922,64.06666666666666,30.0,908,1,traffic_lights,0.6000045537948608,74.2992935180664,589.3338012695312,90.13475799560547,613.0315551757812,82.21702575683594,601.1826782226562,15.835464477539062,23.69775390625
IMG_0028.mp4,1922,64.06666666666666,30.0,851,1,traffic_lights,0.5458753705024719,1564.097900390625,441.617431640625,1592.1138916015625,486.0615234375,1578.1058959960938,463.8394775390625,28.0159912109375,44.444091796875
IMG_0028.mp4,1922,64.06666666666666,30.0,915,2,traffic_signs,0.2954103350639343,1763.0723876953125,455.83599853515625,1804.5595703125,533.54345703125,1783.8159790039062,494.6897277832031,41.4871826171875,77.70745849609375
IMG_0028.mp4,1922,64.06666666666666,30.0,916,2,traffic_signs,0.5441644191741943,1762.8802490234375,455.5842590332031,1804.573486328125,533.3348388671875,1783.7268676757812,494.4595489501953,41.6932373046875,77.75057983398438
IMG_0028.mp4,1922,64.06666666666666,30.0,914,2,traffic_signs,0.5985514521598816,1190.1075439453125,630.7394409179688,1200.12451171875,643.8819580078125,1195.1160278320312,637.3106994628906,10.0169677734375,13.14251708984375
IMG_0028.mp4,1923,64.1,30.0,797,2,traffic_signs,0.957172155380249,1685.2242431640625,317.93829345703125,1783.865966796875,407.8769836425781,1734.5451049804688,362.9076385498047,98.6417236328125,89.93869018554688
IMG_0028.mp4,1923,64.1,30.0,830,1,traffic_lights,0.9406792521476746,607.7125244140625,363.76611328125,670.5282592773438,506.57086181640625,639.1203918457031,435.1684875488281,62.81573486328125,142.80474853515625
IMG_0028.mp4,1923,64.1,30.0,912,2,traffic_signs,0.8132943511009216,1091.2901611328125,601.8763427734375,1106.1600341796875,625.6800537109375,1098.72509765625,613.7781982421875,14.869873046875,23.8037109375
IMG_0028.mp4,1923,64.1,30.0,908,1,traffic_lights,0.6440368890762329,74.01739501953125,589.5426025390625,89.83948516845703,613.0693359375,81.92844009399414,601.3059692382812,15.822090148925781,23.5267333984375
IMG_0028.mp4,1923,64.1,30.0,851,1,traffic_lights,0.4964475929737091,1564.0604248046875,441.7102355957031,1592.1898193359375,486.0546569824219,1578.1251220703125,463.8824462890625,28.12939453125,44.34442138671875
IMG_0028.mp4,1923,64.1,30.0,915,2,traffic_signs,0.43332988023757935,1763.1368408203125,455.5355224609375,1805.142333984375,533.8641357421875,1784.1395874023438,494.6998291015625,42.0054931640625,78.32861328125
IMG_0028.mp4,1923,64.1,30.0,916,2,traffic_signs,0.5618248581886292,1762.90283203125,455.15948486328125,1805.05322265625,533.4588012695312,1783.97802734375,494.30914306640625,42.150390625,78.29931640625
IMG_0028.mp4,1923,64.1,30.0,914,2,traffic_signs,0.5849761366844177,1190.249755859375,631.0593872070312,1200.1531982421875,644.0252075195312,1195.2014770507812,637.5422973632812,9.9034423828125,12.9658203125
IMG_0028.mp4,1924,64.13333333333334,30.0,797,2,traffic_signs,0.9565069675445557,1685.3345947265625,317.9801025390625,1783.9053955078125,407.9742431640625,1734.6199951171875,362.9771728515625,98.57080078125,89.994140625
IMG_0028.mp4,1924,64.13333333333334,30.0,830,1,traffic_lights,0.939314067363739,607.3991088867188,363.84564208984375,670.3231201171875,506.6557312011719,638.8611145019531,435.2506866455078,62.92401123046875,142.81008911132812
IMG_0028.mp4,1924,64.13333333333334,30.0,912,2,traffic_signs,0.7969627380371094,1091.3753662109375,601.9019775390625,1106.0216064453125,625.8433227539062,1098.698486328125,613.8726501464844,14.646240234375,23.94134521484375
IMG_0028.mp4,1924,64.13333333333334,30.0,908,1,traffic_lights,0.6099310517311096,74.05117797851562,589.7216186523438,89.6554183959961,613.0413818359375,81.85329818725586,601.3815002441406,15.604240417480469,23.31976318359375
IMG_0028.mp4,1924,64.13333333333334,30.0,851,1,traffic_lights,0.506644606590271,1563.9581298828125,441.8119812011719,1592.2747802734375,486.0671081542969,1578.116455078125,463.9395446777344,28.316650390625,44.255126953125
IMG_0028.mp4,1924,64.13333333333334,30.0,915,2,traffic_signs,0.31602758169174194,1763.354736328125,455.68048095703125,1805.1636962890625,533.7418212890625,1784.2592163085938,494.7111511230469,41.8089599609375,78.06134033203125
IMG_0028.mp4,1924,64.13333333333334,30.0,916,2,traffic_signs,0.5480182766914368,1763.13232421875,455.2762756347656,1804.973388671875,533.4326171875,1784.0528564453125,494.3544464111328,41.841064453125,78.15634155273438
IMG_0028.mp4,1924,64.13333333333334,30.0,914,2,traffic_signs,0.5210356116294861,1190.44482421875,631.2901611328125,1200.0784912109375,643.95751953125,1195.2616577148438,637.6238403320312,9.6336669921875,12.6673583984375
IMG_0028.mp4,1925,64.16666666666667,30.0,797,2,traffic_signs,0.956575870513916,1685.4017333984375,317.79193115234375,1783.9161376953125,407.9509582519531,1734.658935546875,362.87144470214844,98.514404296875,90.15902709960938
IMG_0028.mp4,1925,64.16666666666667,30.0,830,1,traffic_lights,0.9398674964904785,607.4617919921875,363.9109802246094,670.3859252929688,506.195556640625,638.9238586425781,435.0532684326172,62.92413330078125,142.28457641601562
IMG_0028.mp4,1925,64.16666666666667,30.0,912,2,traffic_signs,0.7919753789901733,1091.4193115234375,601.8538818359375,1106.068115234375,625.8643798828125,1098.7437133789062,613.859130859375,14.6488037109375,24.010498046875
IMG_0028.mp4,1925,64.16666666666667,30.0,908,1,traffic_lights,0.6476051807403564,73.93692016601562,589.8402709960938,89.5982666015625,612.989990234375,81.76759338378906,601.4151306152344,15.661346435546875,23.14971923828125
IMG_0028.mp4,1925,64.16666666666667,30.0,851,1,traffic_lights,0.46633243560791016,1564.021484375,441.8250427246094,1592.2637939453125,486.03253173828125,1578.1426391601562,463.9287872314453,28.2423095703125,44.207489013671875
IMG_0028.mp4,1925,64.16666666666667,30.0,915,2,traffic_signs,0.4586194157600403,1763.316162109375,455.425048828125,1805.778076171875,533.8475341796875,1784.547119140625,494.63629150390625,42.4619140625,78.4224853515625
IMG_0028.mp4,1925,64.16666666666667,30.0,916,2,traffic_signs,0.5230884552001953,1763.0968017578125,455.0568542480469,1805.4822998046875,533.4456176757812,1784.28955078125,494.25123596191406,42.385498046875,78.38876342773438
IMG_0028.mp4,1925,64.16666666666667,30.0,914,2,traffic_signs,0.49746257066726685,1190.4969482421875,631.3124389648438,1200.2093505859375,643.8853149414062,1195.3531494140625,637.598876953125,9.71240234375,12.5728759765625
IMG_0028.mp4,1926,64.2,30.0,797,2,traffic_signs,0.9560485482215881,1685.3922119140625,317.89813232421875,1783.9080810546875,407.9443664550781,1734.650146484375,362.92124938964844,98.515869140625,90.04623413085938
IMG_0028.mp4,1926,64.2,30.0,830,1,traffic_lights,0.9380028247833252,607.6748657226562,363.8359069824219,670.543212890625,506.3415222167969,639.1090393066406,435.0887145996094,62.86834716796875,142.505615234375
IMG_0028.mp4,1926,64.2,30.0,912,2,traffic_signs,0.7992434501647949,1091.462158203125,601.8348388671875,1106.2366943359375,625.8750610351562,1098.8494262695312,613.8549499511719,14.7745361328125,24.04022216796875
IMG_0028.mp4,1926,64.2,30.0,908,1,traffic_lights,0.6864453554153442,74.03643798828125,589.944580078125,89.83924865722656,613.0556030273438,81.9378433227539,601.5000915527344,15.802810668945312,23.11102294921875
IMG_0028.mp4,1926,64.2,30.0,851,1,traffic_lights,0.45536819100379944,1564.08056640625,441.81536865234375,1592.262939453125,486.0492858886719,1578.1717529296875,463.9323272705078,28.182373046875,44.233917236328125
IMG_0028.mp4,1926,64.2,30.0,915,2,traffic_signs,0.5320430994033813,1763.23583984375,455.4601745605469,1806.4525146484375,533.751953125,1784.8441772460938,494.60606384277344,43.2166748046875,78.29177856445312
IMG_0028.mp4,1926,64.2,30.0,916,2,traffic_signs,0.6257714033126831,1763.0975341796875,455.4002380371094,1805.9542236328125,533.099853515625,1784.52587890625,494.2500457763672,42.856689453125,77.69961547851562
IMG_0028.mp4,1926,64.2,30.0,914,2,traffic_signs,0.5254382491111755,1190.551513671875,631.3460693359375,1200.2606201171875,643.9105834960938,1195.4060668945312,637.6283264160156,9.7091064453125,12.56451416015625
IMG_0028.mp4,1927,64.23333333333333,30.0,797,2,traffic_signs,0.9558560252189636,1685.0361328125,317.7123718261719,1783.7774658203125,407.892822265625,1734.4067993164062,362.80259704589844,98.7413330078125,90.18045043945312
IMG_0028.mp4,1927,64.23333333333333,30.0,830,1,traffic_lights,0.9386034607887268,607.5126342773438,363.9088134765625,670.4088134765625,506.1918640136719,638.9607238769531,435.0503387451172,62.89617919921875,142.28305053710938
IMG_0028.mp4,1927,64.23333333333333,30.0,912,2,traffic_signs,0.7949638366699219,1091.39453125,601.7285766601562,1106.155029296875,625.9251098632812,1098.7747802734375,613.8268432617188,14.760498046875,24.196533203125
IMG_0028.mp4,1927,64.23333333333333,30.0,908,1,traffic_lights,0.6953895688056946,73.95661926269531,589.8885498046875,89.86919403076172,612.9445190429688,81.91290664672852,601.4165344238281,15.912574768066406,23.05596923828125
IMG_0028.mp4,1927,64.23333333333333,30.0,851,1,traffic_lights,0.4072023928165436,1564.1881103515625,441.49969482421875,1592.04931640625,486.0766906738281,1578.1187133789062,463.78819274902344,27.8612060546875,44.576995849609375
IMG_0028.mp4,1927,64.23333333333333,30.0,915,2,traffic_signs,0.35961833596229553,1763.5093994140625,455.233642578125,1806.635009765625,533.8942260742188,1785.0722045898438,494.5639343261719,43.1256103515625,78.66058349609375
IMG_0028.mp4,1927,64.23333333333333,30.0,916,2,traffic_signs,0.33138805627822876,1763.107666015625,455.2657775878906,1806.0809326171875,533.3075561523438,1784.5942993164062,494.2866668701172,42.9732666015625,78.04177856445312
IMG_0028.mp4,1927,64.23333333333333,30.0,914,2,traffic_signs,0.5313993692398071,1190.30029296875,631.4131469726562,1200.1607666015625,643.8862915039062,1195.2305297851562,637.6497192382812,9.8604736328125,12.47314453125
IMG_0028.mp4,1928,64.26666666666667,30.0,797,2,traffic_signs,0.9568737745285034,1684.9691162109375,317.9343566894531,1783.709228515625,407.9698181152344,1734.3391723632812,362.95208740234375,98.7401123046875,90.03546142578125
IMG_0028.mp4,1928,64.26666666666667,30.0,830,1,traffic_lights,0.9365773797035217,607.7407836914062,363.83404541015625,670.6033935546875,505.7881164550781,639.1720886230469,434.8110809326172,62.86260986328125,141.95407104492188
IMG_0028.mp4,1928,64.26666666666667,30.0,912,2,traffic_signs,0.7957008481025696,1091.3983154296875,601.6768188476562,1106.1978759765625,625.968017578125,1098.798095703125,613.8224182128906,14.799560546875,24.29119873046875
IMG_0028.mp4,1928,64.26666666666667,30.0,908,1,traffic_lights,0.6949918270111084,74.10799407958984,589.7706909179688,90.10599517822266,613.0518188476562,82.10699462890625,601.4112548828125,15.998001098632812,23.2811279296875
IMG_0028.mp4,1928,64.26666666666667,30.0,851,1,traffic_lights,0.46841561794281006,1564.1080322265625,441.5995178222656,1592.11083984375,486.09454345703125,1578.1094360351562,463.84703063964844,28.0028076171875,44.495025634765625
IMG_0028.mp4,1928,64.26666666666667,30.0,914,2,traffic_signs,0.5452055335044861,1190.106201171875,631.3978881835938,1200.0244140625,643.8800659179688,1195.0653076171875,637.6389770507812,9.918212890625,12.482177734375
IMG_0028.mp4,1929,64.3,30.0,797,2,traffic_signs,0.9566378593444824,1684.8221435546875,317.81787109375,1783.7071533203125,407.90478515625,1734.2646484375,362.861328125,98.885009765625,90.0869140625
IMG_0028.mp4,1929,64.3,30.0,830,1,traffic_lights,0.9303474426269531,608.1315307617188,363.8222351074219,670.502685546875,505.057373046875,639.3171081542969,434.43980407714844,62.37115478515625,141.23513793945312
IMG_0028.mp4,1929,64.3,30.0,912,2,traffic_signs,0.7925092577934265,1091.3585205078125,601.52734375,1106.1549072265625,625.9934692382812,1098.7567138671875,613.7604064941406,14.79638671875,24.46612548828125
IMG_0028.mp4,1929,64.3,30.0,908,1,traffic_lights,0.726379930973053,73.8158950805664,589.5960693359375,90.15864562988281,613.2122802734375,81.98727035522461,601.4041748046875,16.342750549316406,23.6162109375
IMG_0028.mp4,1929,64.3,30.0,851,1,traffic_lights,0.4197452962398529,1564.257080078125,441.3121643066406,1591.9857177734375,485.8917236328125,1578.1213989257812,463.60194396972656,27.7286376953125,44.579559326171875
IMG_0028.mp4,1929,64.3,30.0,914,2,traffic_signs,0.5538269877433777,1190.0120849609375,631.2998046875,1200.0382080078125,643.7931518554688,1195.025146484375,637.5464782714844,10.026123046875,12.49334716796875
IMG_0028.mp4,1930,64.33333333333333,30.0,797,2,traffic_signs,0.9568543434143066,1684.9036865234375,317.9917907714844,1783.7083740234375,407.9997863769531,1734.3060302734375,362.99578857421875,98.8046875,90.00799560546875
IMG_0028.mp4,1930,64.33333333333333,30.0,830,1,traffic_lights,0.9280291795730591,608.1158447265625,363.8427429199219,670.3930053710938,504.9102783203125,639.2544250488281,434.3765106201172,62.27716064453125,141.06753540039062
IMG_0028.mp4,1930,64.33333333333333,30.0,912,2,traffic_signs,0.7987161874771118,1091.345947265625,601.7123413085938,1106.1497802734375,626.0834350585938,1098.7478637695312,613.8978881835938,14.8038330078125,24.37109375
IMG_0028.mp4,1930,64.33333333333333,30.0,908,1,traffic_lights,0.6959831118583679,73.95795440673828,589.7627563476562,90.27396392822266,613.3894653320312,82.11595916748047,601.5761108398438,16.316009521484375,23.626708984375
IMG_0028.mp4,1930,64.33333333333333,30.0,851,1,traffic_lights,0.4681786596775055,1564.234130859375,441.48455810546875,1592.0595703125,486.07208251953125,1578.1468505859375,463.7783203125,27.825439453125,44.5875244140625
IMG_0028.mp4,1930,64.33333333333333,30.0,914,2,traffic_signs,0.5581002831459045,1189.9141845703125,631.467529296875,1199.9522705078125,643.866943359375,1194.9332275390625,637.667236328125,10.0380859375,12.3994140625
IMG_0028.mp4,1931,64.36666666666666,30.0,797,2,traffic_signs,0.9568442702293396,1684.95458984375,318.0041198730469,1783.6632080078125,407.9884033203125,1734.3088989257812,362.9962615966797,98.7086181640625,89.98428344726562
IMG_0028.mp4,1931,64.36666666666666,30.0,830,1,traffic_lights,0.9311185479164124,607.9547119140625,363.4769287109375,670.4185791015625,505.1914367675781,639.1866455078125,434.3341827392578,62.4638671875,141.71450805664062
IMG_0028.mp4,1931,64.36666666666666,30.0,912,2,traffic_signs,0.7948547005653381,1091.32080078125,601.725830078125,1106.05126953125,625.9698486328125,1098.68603515625,613.8478393554688,14.73046875,24.2440185546875
IMG_0028.mp4,1931,64.36666666666666,30.0,908,1,traffic_lights,0.6832810044288635,73.8489990234375,589.5980834960938,90.31529235839844,613.5218505859375,82.08214569091797,601.5599670410156,16.466293334960938,23.92376708984375
IMG_0028.mp4,1931,64.36666666666666,30.0,851,1,traffic_lights,0.4705391526222229,1564.076416015625,441.5069274902344,1592.064697265625,486.06011962890625,1578.070556640625,463.7835235595703,27.98828125,44.553192138671875
IMG_0028.mp4,1931,64.36666666666666,30.0,914,2,traffic_signs,0.5272356867790222,1190.0093994140625,631.2752685546875,1199.9864501953125,643.71142578125,1194.9979248046875,637.4933471679688,9.97705078125,12.4361572265625
IMG_0028.mp4,1932,64.4,30.0,797,2,traffic_signs,0.957085132598877,1685.0272216796875,317.9986572265625,1783.7088623046875,407.94390869140625,1734.3680419921875,362.9712829589844,98.681640625,89.94525146484375
IMG_0028.mp4,1932,64.4,30.0,830,1,traffic_lights,0.9293781518936157,607.9046630859375,363.40264892578125,670.378173828125,505.5036315917969,639.1414184570312,434.45314025878906,62.4735107421875,142.10098266601562
IMG_0028.mp4,1932,64.4,30.0,912,2,traffic_signs,0.7721744775772095,1091.3653564453125,601.6942749023438,1105.986083984375,625.8333129882812,1098.6757202148438,613.7637939453125,14.6207275390625,24.1390380859375
IMG_0028.mp4,1932,64.4,30.0,908,1,traffic_lights,0.6793738007545471,73.78044891357422,589.4329833984375,90.4103012084961,613.4242553710938,82.09537506103516,601.4286193847656,16.629852294921875,23.99127197265625
IMG_0028.mp4,1932,64.4,30.0,851,1,traffic_lights,0.4621463418006897,1564.1522216796875,441.59429931640625,1592.1131591796875,486.09027099609375,1578.1326904296875,463.84228515625,27.9609375,44.4959716796875
IMG_0028.mp4,1932,64.4,30.0,914,2,traffic_signs,0.5127938389778137,1189.9754638671875,631.2089233398438,1199.968994140625,643.4775390625,1194.9722290039062,637.3432312011719,9.9935302734375,12.26861572265625
IMG_0028.mp4,1933,64.43333333333334,30.0,797,2,traffic_signs,0.9571847319602966,1685.124267578125,318.1228942871094,1783.7781982421875,408.1312561035156,1734.4512329101562,363.1270751953125,98.6539306640625,90.00836181640625
IMG_0028.mp4,1933,64.43333333333334,30.0,830,1,traffic_lights,0.9281637072563171,607.5269775390625,363.58154296875,670.34912109375,505.62225341796875,638.9380493164062,434.6018981933594,62.8221435546875,142.04071044921875
IMG_0028.mp4,1933,64.43333333333334,30.0,912,2,traffic_signs,0.785137951374054,1091.20703125,601.9545288085938,1105.880615234375,626.0776977539062,1098.5438232421875,614.01611328125,14.673583984375,24.1231689453125
IMG_0028.mp4,1933,64.43333333333334,30.0,908,1,traffic_lights,0.6238610744476318,73.74363708496094,589.63037109375,90.21202087402344,613.4841918945312,81.97782897949219,601.5572814941406,16.4683837890625,23.85382080078125
IMG_0028.mp4,1933,64.43333333333334,30.0,851,1,traffic_lights,0.36621713638305664,1564.134765625,441.6979675292969,1592.1278076171875,486.3831481933594,1578.1312866210938,464.0405578613281,27.9930419921875,44.6851806640625
IMG_0028.mp4,1933,64.43333333333334,30.0,914,2,traffic_signs,0.5712838768959045,1189.6488037109375,631.408935546875,1200.0458984375,643.68603515625,1194.8473510742188,637.5474853515625,10.3970947265625,12.277099609375
IMG_0028.mp4,1934,64.46666666666667,30.0,797,2,traffic_signs,0.9574103951454163,1685.2508544921875,318.0469665527344,1783.94775390625,408.0729064941406,1734.5993041992188,363.0599365234375,98.6968994140625,90.02593994140625
IMG_0028.mp4,1934,64.46666666666667,30.0,830,1,traffic_lights,0.9393216371536255,607.4112548828125,364.0096435546875,670.242919921875,505.7615966796875,638.8270874023438,434.8856201171875,62.8316650390625,141.751953125
IMG_0028.mp4,1934,64.46666666666667,30.0,912,2,traffic_signs,0.7866379022598267,1091.231689453125,602.0020751953125,1105.9932861328125,626.105712890625,1098.6124877929688,614.0538940429688,14.7615966796875,24.1036376953125
IMG_0028.mp4,1934,64.46666666666667,30.0,908,1,traffic_lights,0.5327807664871216,73.58589935302734,589.6837768554688,89.82405853271484,613.4044799804688,81.7049789428711,601.5441284179688,16.2381591796875,23.720703125
IMG_0028.mp4,1934,64.46666666666667,30.0,851,1,traffic_lights,0.3346221446990967,1564.187744140625,441.70751953125,1592.20751953125,486.3236083984375,1578.1976318359375,464.01556396484375,28.019775390625,44.6160888671875
IMG_0028.mp4,1934,64.46666666666667,30.0,914,2,traffic_signs,0.5964315533638,1189.796142578125,631.622314453125,1200.146728515625,643.80517578125,1194.971435546875,637.7137451171875,10.3505859375,12.182861328125
IMG_0028.mp4,1935,64.5,30.0,797,2,traffic_signs,0.9576151371002197,1685.3056640625,317.86737060546875,1783.9010009765625,408.0599670410156,1734.6033325195312,362.9636688232422,98.5953369140625,90.19259643554688
IMG_0028.mp4,1935,64.5,30.0,830,1,traffic_lights,0.9421881437301636,607.3839111328125,363.8759460449219,670.2202758789062,505.5646667480469,638.8020935058594,434.7203063964844,62.83636474609375,141.688720703125
IMG_0028.mp4,1935,64.5,30.0,912,2,traffic_signs,0.790392279624939,1091.17529296875,601.98974609375,1106.037109375,626.0113525390625,1098.606201171875,614.0005493164062,14.86181640625,24.0216064453125
IMG_0028.mp4,1935,64.5,30.0,908,1,traffic_lights,0.46266674995422363,73.72865295410156,589.5948486328125,89.72749328613281,613.0546264648438,81.72807312011719,601.3247375488281,15.99884033203125,23.45977783203125
IMG_0028.mp4,1935,64.5,30.0,851,1,traffic_lights,0.3831430673599243,1564.042724609375,441.74249267578125,1592.1839599609375,486.2623596191406,1578.1133422851562,464.00242614746094,28.1412353515625,44.519866943359375
IMG_0028.mp4,1935,64.5,30.0,914,2,traffic_signs,0.591516375541687,1189.8192138671875,631.6921997070312,1200.1051025390625,643.9053955078125,1194.962158203125,637.7987976074219,10.285888671875,12.21319580078125
IMG_0028.mp4,1936,64.53333333333333,30.0,797,2,traffic_signs,0.9574182033538818,1685.31787109375,317.9325866699219,1783.9442138671875,408.0397644042969,1734.6310424804688,362.9861755371094,98.6263427734375,90.107177734375
IMG_0028.mp4,1936,64.53333333333333,30.0,830,1,traffic_lights,0.9413939714431763,607.4185180664062,363.81768798828125,670.224853515625,504.9679870605469,638.8216857910156,434.39283752441406,62.80633544921875,141.15029907226562
IMG_0028.mp4,1936,64.53333333333333,30.0,912,2,traffic_signs,0.7984407544136047,1091.2164306640625,602.1189575195312,1106.0732421875,626.0787963867188,1098.6448364257812,614.098876953125,14.8568115234375,23.9598388671875
IMG_0028.mp4,1936,64.53333333333333,30.0,908,1,traffic_lights,0.4921678900718689,73.68782806396484,589.8109741210938,89.75592803955078,613.2313232421875,81.72187805175781,601.5211486816406,16.068099975585938,23.42034912109375
IMG_0028.mp4,1936,64.53333333333333,30.0,851,1,traffic_lights,0.39020484685897827,1563.99462890625,441.77471923828125,1592.2020263671875,486.24676513671875,1578.0983276367188,464.0107421875,28.2073974609375,44.4720458984375
IMG_0028.mp4,1936,64.53333333333333,30.0,914,2,traffic_signs,0.5923233032226562,1189.78759765625,631.7820434570312,1200.09619140625,644.0386352539062,1194.94189453125,637.9103393554688,10.30859375,12.256591796875
IMG_0028.mp4,1937,64.56666666666666,30.0,797,2,traffic_signs,0.9581118822097778,1685.2108154296875,317.8656005859375,1783.8690185546875,407.92291259765625,1734.5399169921875,362.8942565917969,98.658203125,90.05731201171875
IMG_0028.mp4,1937,64.56666666666666,30.0,830,1,traffic_lights,0.9414550065994263,607.223388671875,363.5741882324219,670.345947265625,505.4395751953125,638.78466796875,434.5068817138672,63.12255859375,141.86538696289062
IMG_0028.mp4,1937,64.56666666666666,30.0,912,2,traffic_signs,0.7964470982551575,1091.2152099609375,601.823486328125,1106.055908203125,625.9300537109375,1098.6355590820312,613.8767700195312,14.8406982421875,24.1065673828125
IMG_0028.mp4,1937,64.56666666666666,30.0,908,1,traffic_lights,0.2668877840042114,73.92740631103516,589.5973510742188,90.07408905029297,612.9981079101562,82.00074768066406,601.2977294921875,16.146682739257812,23.4007568359375
IMG_0028.mp4,1937,64.56666666666666,30.0,851,1,traffic_lights,0.42789649963378906,1563.8515625,441.5899353027344,1592.198974609375,486.0465393066406,1578.0252685546875,463.8182373046875,28.347412109375,44.45660400390625
IMG_0028.mp4,1937,64.56666666666666,30.0,914,2,traffic_signs,0.5809451341629028,1189.7550048828125,631.5153198242188,1200.132080078125,643.9136352539062,1194.9435424804688,637.7144775390625,10.3770751953125,12.3983154296875
IMG_0028.mp4,1938,64.6,30.0,797,2,traffic_signs,0.957779586315155,1684.9345703125,318.0592956542969,1783.7095947265625,407.9197998046875,1734.3220825195312,362.9895477294922,98.7750244140625,89.86050415039062
IMG_0028.mp4,1938,64.6,30.0,830,1,traffic_lights,0.9431138038635254,607.2345581054688,363.4190673828125,670.5118408203125,505.9628601074219,638.8731994628906,434.6909637451172,63.27728271484375,142.54379272460938
IMG_0028.mp4,1938,64.6,30.0,912,2,traffic_signs,0.7944321632385254,1091.1622314453125,601.803955078125,1106.0313720703125,625.9777221679688,1098.5968017578125,613.8908386230469,14.869140625,24.17376708984375
IMG_0028.mp4,1938,64.6,30.0,851,1,traffic_lights,0.457556813955307,1564.0467529296875,441.60205078125,1592.150390625,486.1480712890625,1578.0985717773438,463.87506103515625,28.1036376953125,44.5460205078125
IMG_0028.mp4,1938,64.6,30.0,914,2,traffic_signs,0.5934015512466431,1189.7027587890625,631.4862670898438,1200.0482177734375,643.9453125,1194.87548828125,637.7157897949219,10.345458984375,12.45904541015625
IMG_0028.mp4,1939,64.63333333333334,30.0,797,2,traffic_signs,0.9576634764671326,1684.9244384765625,318.1092224121094,1783.7449951171875,407.9064025878906,1734.334716796875,363.0078125,98.820556640625,89.79718017578125
IMG_0028.mp4,1939,64.63333333333334,30.0,830,1,traffic_lights,0.9361647367477417,607.4410400390625,363.23895263671875,670.4913940429688,506.0213317871094,638.9662170410156,434.63014221191406,63.05035400390625,142.78237915039062
IMG_0028.mp4,1939,64.63333333333334,30.0,912,2,traffic_signs,0.7862539887428284,1091.12353515625,601.7708740234375,1105.9998779296875,626.0234375,1098.5617065429688,613.8971557617188,14.8763427734375,24.2525634765625
IMG_0028.mp4,1939,64.63333333333334,30.0,851,1,traffic_lights,0.4380348026752472,1564.200439453125,441.61822509765625,1592.14892578125,486.186279296875,1578.1746826171875,463.9022521972656,27.948486328125,44.56805419921875
IMG_0028.mp4,1939,64.63333333333334,30.0,914,2,traffic_signs,0.5937684178352356,1189.791748046875,631.4795532226562,1200.0887451171875,643.9585571289062,1194.9402465820312,637.7190551757812,10.2969970703125,12.47900390625
IMG_0028.mp4,1940,64.66666666666667,30.0,797,2,traffic_signs,0.9576069116592407,1684.925048828125,318.107177734375,1783.644775390625,407.90716552734375,1734.284912109375,363.0071716308594,98.7197265625,89.79998779296875
IMG_0028.mp4,1940,64.66666666666667,30.0,830,1,traffic_lights,0.9389174580574036,607.3244018554688,363.1723327636719,670.4656982421875,506.29345703125,638.8950500488281,434.73289489746094,63.14129638671875,143.12112426757812
IMG_0028.mp4,1940,64.66666666666667,30.0,912,2,traffic_signs,0.7886921167373657,1091.09033203125,601.7906494140625,1105.9896240234375,626.0637817382812,1098.5399780273438,613.9272155761719,14.8992919921875,24.27313232421875
IMG_0028.mp4,1940,64.66666666666667,30.0,851,1,traffic_lights,0.4956306219100952,1564.1656494140625,441.6370544433594,1592.130126953125,486.31292724609375,1578.1478881835938,463.97499084472656,27.9644775390625,44.675872802734375
IMG_0028.mp4,1940,64.66666666666667,30.0,914,2,traffic_signs,0.5958954095840454,1189.809814453125,631.37353515625,1200.0869140625,643.9160766601562,1194.9483642578125,637.6448059082031,10.277099609375,12.54254150390625
IMG_0028.mp4,1941,64.7,30.0,797,2,traffic_signs,0.9582865834236145,1685.13525390625,318.0509338378906,1783.8282470703125,407.90802001953125,1734.4817504882812,362.97947692871094,98.6929931640625,89.85708618164062
IMG_0028.mp4,1941,64.7,30.0,830,1,traffic_lights,0.9361177086830139,607.4569091796875,363.0864562988281,670.31103515625,506.23236083984375,638.8839721679688,434.65940856933594,62.8541259765625,143.14590454101562
IMG_0028.mp4,1941,64.7,30.0,912,2,traffic_signs,0.7962349057197571,1091.103759765625,601.786376953125,1106.0023193359375,626.0547485351562,1098.5530395507812,613.9205627441406,14.8985595703125,24.26837158203125
IMG_0028.mp4,1941,64.7,30.0,851,1,traffic_lights,0.4280790388584137,1564.242919921875,441.5557556152344,1592.1981201171875,486.2646789550781,1578.2205200195312,463.91021728515625,27.9552001953125,44.70892333984375
IMG_0028.mp4,1941,64.7,30.0,914,2,traffic_signs,0.61516934633255,1189.7762451171875,631.3182983398438,1200.1595458984375,643.9277954101562,1194.9678955078125,637.623046875,10.38330078125,12.6094970703125
IMG_0028.mp4,1942,64.73333333333333,30.0,797,2,traffic_signs,0.9580768942832947,1685.140625,318.1091003417969,1783.783935546875,407.86083984375,1734.4622802734375,362.98497009277344,98.643310546875,89.75173950195312
IMG_0028.mp4,1942,64.73333333333333,30.0,830,1,traffic_lights,0.9331536293029785,607.319580078125,363.1435241699219,670.291748046875,506.5612487792969,638.8056640625,434.8523864746094,62.97216796875,143.417724609375
IMG_0028.mp4,1942,64.73333333333333,30.0,912,2,traffic_signs,0.7998459935188293,1091.0743408203125,601.8160400390625,1105.966064453125,626.009521484375,1098.5202026367188,613.9127807617188,14.8917236328125,24.1934814453125
IMG_0028.mp4,1942,64.73333333333333,30.0,851,1,traffic_lights,0.4022994339466095,1564.1632080078125,441.6554870605469,1592.10546875,486.41387939453125,1578.1343383789062,464.03468322753906,27.9422607421875,44.758392333984375
IMG_0028.mp4,1942,64.73333333333333,30.0,914,2,traffic_signs,0.6083898544311523,1189.70361328125,631.2935180664062,1200.131103515625,643.920166015625,1194.9173583984375,637.6068420410156,10.427490234375,12.62664794921875
IMG_0028.mp4,1943,64.76666666666667,30.0,797,2,traffic_signs,0.9579803943634033,1685.3365478515625,318.1252746582031,1783.965576171875,407.8784484863281,1734.6510620117188,363.0018615722656,98.6290283203125,89.753173828125
IMG_0028.mp4,1943,64.76666666666667,30.0,830,1,traffic_lights,0.935905396938324,606.95849609375,363.5729064941406,670.1028442382812,507.05230712890625,638.5306701660156,435.31260681152344,63.14434814453125,143.47940063476562
IMG_0028.mp4,1943,64.76666666666667,30.0,912,2,traffic_signs,0.803075909614563,1091.1324462890625,602.0531005859375,1105.9376220703125,626.2117309570312,1098.5350341796875,614.1324157714844,14.80517578125,24.15863037109375
IMG_0028.mp4,1943,64.76666666666667,30.0,851,1,traffic_lights,0.41264665126800537,1564.181884765625,441.7948913574219,1592.31005859375,486.4220886230469,1578.2459716796875,464.1084899902344,28.128173828125,44.627197265625
IMG_0028.mp4,1943,64.76666666666667,30.0,914,2,traffic_signs,0.6419738531112671,1189.8656005859375,631.5361938476562,1200.218505859375,644.1782836914062,1195.0420532226562,637.8572387695312,10.3529052734375,12.64208984375
IMG_0028.mp4,1943,64.76666666666667,30.0,915,2,traffic_signs,0.3086536228656769,1763.2205810546875,457.6539306640625,1805.807861328125,532.5615234375,1784.5142211914062,495.10772705078125,42.5872802734375,74.9075927734375
IMG_0028.mp4,1943,64.76666666666667,30.0,916,2,traffic_signs,0.6718573570251465,1763.2423095703125,458.20855712890625,1805.0457763671875,530.7406005859375,1784.14404296875,494.4745788574219,41.803466796875,72.53204345703125
IMG_0028.mp4,1944,64.8,30.0,797,2,traffic_signs,0.9579083323478699,1685.3922119140625,318.0756530761719,1784.0164794921875,407.7668151855469,1734.704345703125,362.9212341308594,98.624267578125,89.691162109375
IMG_0028.mp4,1944,64.8,30.0,830,1,traffic_lights,0.9320517182350159,606.6417846679688,363.7063293457031,670.0488891601562,507.3255920410156,638.3453369140625,435.5159606933594,63.4071044921875,143.6192626953125
IMG_0028.mp4,1944,64.8,30.0,912,2,traffic_signs,0.8011311292648315,1091.159912109375,602.0751953125,1105.906982421875,626.218994140625,1098.533447265625,614.1470947265625,14.7470703125,24.143798828125
IMG_0028.mp4,1944,64.8,30.0,851,1,traffic_lights,0.4074418246746063,1564.16650390625,441.75543212890625,1592.3465576171875,486.28497314453125,1578.2565307617188,464.02020263671875,28.1800537109375,44.529541015625
IMG_0028.mp4,1944,64.8,30.0,914,2,traffic_signs,0.6586988568305969,1189.8616943359375,631.61865234375,1200.2396240234375,644.2422485351562,1195.0506591796875,637.9304504394531,10.3779296875,12.62359619140625
IMG_0028.mp4,1944,64.8,30.0,915,2,traffic_signs,0.639290452003479,1763.2567138671875,457.3511962890625,1805.7537841796875,532.4827880859375,1784.5052490234375,494.9169921875,42.4970703125,75.131591796875
IMG_0028.mp4,1944,64.8,30.0,916,2,traffic_signs,0.4722770154476166,1763.272705078125,457.17242431640625,1806.1007080078125,532.8088989257812,1784.6867065429688,494.99066162109375,42.8280029296875,75.636474609375
IMG_0028.mp4,1945,64.83333333333333,30.0,797,2,traffic_signs,0.9584643244743347,1685.371337890625,318.0522766113281,1784.049560546875,407.8254699707031,1734.71044921875,362.9388732910156,98.67822265625,89.773193359375
IMG_0028.mp4,1945,64.83333333333333,30.0,830,1,traffic_lights,0.928918719291687,606.7769165039062,363.93072509765625,669.920166015625,506.9012145996094,638.3485412597656,435.4159698486328,63.14324951171875,142.97048950195312
IMG_0028.mp4,1945,64.83333333333333,30.0,912,2,traffic_signs,0.8024576306343079,1091.1884765625,602.1771240234375,1105.9061279296875,626.3154907226562,1098.5473022460938,614.2463073730469,14.7176513671875,24.13836669921875
IMG_0028.mp4,1945,64.83333333333333,30.0,851,1,traffic_lights,0.38917919993400574,1564.1070556640625,442.0219421386719,1592.3321533203125,486.31146240234375,1578.2196044921875,464.1667022705078,28.22509765625,44.289520263671875
IMG_0028.mp4,1945,64.83333333333333,30.0,914,2,traffic_signs,0.6932776570320129,1189.8797607421875,631.6527709960938,1200.3502197265625,644.404052734375,1195.114990234375,638.0284118652344,10.470458984375,12.75128173828125
IMG_0028.mp4,1945,64.83333333333333,30.0,915,2,traffic_signs,0.6606197953224182,1763.347412109375,457.4627990722656,1805.8280029296875,532.1026000976562,1784.5877075195312,494.78269958496094,42.4805908203125,74.63980102539062
IMG_0028.mp4,1945,64.83333333333333,30.0,916,2,traffic_signs,0.4351711869239807,1763.3299560546875,456.88909912109375,1806.6485595703125,533.0659790039062,1784.9892578125,494.9775390625,43.318603515625,76.1768798828125
IMG_0028.mp4,1946,64.86666666666666,30.0,797,2,traffic_signs,0.958773136138916,1685.382568359375,317.92913818359375,1784.0279541015625,407.6642150878906,1734.7052612304688,362.7966766357422,98.6453857421875,89.73507690429688
IMG_0028.mp4,1946,64.86666666666666,30.0,830,1,traffic_lights,0.9215619564056396,606.9248657226562,364.02239990234375,669.9910888671875,506.7322998046875,638.4579772949219,435.3773498535156,63.06622314453125,142.70989990234375
IMG_0028.mp4,1946,64.86666666666666,30.0,912,2,traffic_signs,0.8054624795913696,1091.185546875,602.0475463867188,1105.9674072265625,626.2208862304688,1098.5764770507812,614.1342163085938,14.7818603515625,24.17333984375
IMG_0028.mp4,1946,64.86666666666666,30.0,851,1,traffic_lights,0.39082133769989014,1564.045166015625,441.8753356933594,1592.31591796875,486.2185974121094,1578.1805419921875,464.0469665527344,28.270751953125,44.34326171875
IMG_0028.mp4,1946,64.86666666666666,30.0,914,2,traffic_signs,0.6951311230659485,1189.829345703125,631.6712646484375,1200.35498046875,644.3849487304688,1195.0921630859375,638.0281066894531,10.525634765625,12.71368408203125
IMG_0028.mp4,1946,64.86666666666666,30.0,915,2,traffic_signs,0.5766730308532715,1763.347900390625,456.8255615234375,1805.7464599609375,532.1128540039062,1784.5471801757812,494.4692077636719,42.3985595703125,75.28729248046875
IMG_0028.mp4,1946,64.86666666666666,30.0,916,2,traffic_signs,0.5316783785820007,1763.4384765625,456.2453308105469,1806.7314453125,533.5777587890625,1785.0849609375,494.9115447998047,43.29296875,77.33242797851562
IMG_0028.mp4,1947,64.9,30.0,797,2,traffic_signs,0.9584461450576782,1685.1754150390625,317.95098876953125,1783.831787109375,407.5391845703125,1734.5036010742188,362.7450866699219,98.6563720703125,89.58819580078125
IMG_0028.mp4,1947,64.9,30.0,830,1,traffic_lights,0.9184414744377136,607.167724609375,363.6393127441406,670.005859375,506.7055358886719,638.5867919921875,435.17242431640625,62.838134765625,143.06622314453125
IMG_0028.mp4,1947,64.9,30.0,912,2,traffic_signs,0.8063458800315857,1091.156494140625,602.0188598632812,1105.91845703125,626.0631103515625,1098.5374755859375,614.0409851074219,14.761962890625,24.04425048828125
IMG_0028.mp4,1947,64.9,30.0,851,1,traffic_lights,0.4154946804046631,1563.910400390625,441.5838928222656,1592.20654296875,486.04400634765625,1578.0584716796875,463.81394958496094,28.296142578125,44.460113525390625
IMG_0028.mp4,1947,64.9,30.0,914,2,traffic_signs,0.6803827881813049,1189.6893310546875,631.5302734375,1200.22998046875,644.2027587890625,1194.9596557617188,637.8665161132812,10.5406494140625,12.6724853515625
IMG_0028.mp4,1947,64.9,30.0,915,2,traffic_signs,0.5716885924339294,1763.188232421875,456.5121765136719,1805.5501708984375,532.3484497070312,1784.3692016601562,494.43031311035156,42.3619384765625,75.83627319335938
IMG_0028.mp4,1947,64.9,30.0,916,2,traffic_signs,0.46934768557548523,1763.3292236328125,455.91925048828125,1806.430419921875,533.9755249023438,1784.8798217773438,494.9473876953125,43.1011962890625,78.0562744140625
IMG_0028.mp4,1948,64.93333333333334,30.0,797,2,traffic_signs,0.9580293893814087,1684.9864501953125,318.156005859375,1783.6756591796875,407.65802001953125,1734.3310546875,362.9070129394531,98.689208984375,89.50201416015625
IMG_0028.mp4,1948,64.93333333333334,30.0,830,1,traffic_lights,0.901899516582489,607.4297485351562,363.9542541503906,670.08740234375,506.9393310546875,638.7585754394531,435.44679260253906,62.65765380859375,142.98507690429688
IMG_0028.mp4,1948,64.93333333333334,30.0,912,2,traffic_signs,0.7977022528648376,1091.154296875,602.0686645507812,1105.8846435546875,626.2039794921875,1098.5194702148438,614.1363220214844,14.7303466796875,24.13531494140625
IMG_0028.mp4,1948,64.93333333333334,30.0,851,1,traffic_lights,0.4428219497203827,1563.90625,441.67852783203125,1592.1231689453125,486.1648254394531,1578.0147094726562,463.9216766357422,28.2169189453125,44.486297607421875
IMG_0028.mp4,1948,64.93333333333334,30.0,914,2,traffic_signs,0.7015116214752197,1189.729736328125,631.935302734375,1200.2315673828125,644.3785400390625,1194.9806518554688,638.1569213867188,10.5018310546875,12.4432373046875
IMG_0028.mp4,1948,64.93333333333334,30.0,915,2,traffic_signs,0.6701204180717468,1763.0982666015625,457.071044921875,1805.074951171875,532.8160400390625,1784.0866088867188,494.94354248046875,41.9766845703125,75.7449951171875
IMG_0028.mp4,1948,64.93333333333334,30.0,916,2,traffic_signs,0.39969077706336975,1763.210693359375,456.4490051269531,1805.895263671875,534.1084594726562,1784.552978515625,495.2787322998047,42.6845703125,77.65945434570312
IMG_0028.mp4,1949,64.96666666666667,30.0,797,2,traffic_signs,0.9580555558204651,1684.9769287109375,318.2842712402344,1783.71337890625,407.6864318847656,1734.3451538085938,362.9853515625,98.7364501953125,89.40216064453125
IMG_0028.mp4,1949,64.96666666666667,30.0,830,1,traffic_lights,0.923467218875885,607.5195922851562,364.115478515625,670.252685546875,507.09600830078125,638.8861389160156,435.6057434082031,62.73309326171875,142.98052978515625
IMG_0028.mp4,1949,64.96666666666667,30.0,912,2,traffic_signs,0.7936635613441467,1091.1986083984375,602.0526733398438,1105.8853759765625,626.3019409179688,1098.5419921875,614.1773071289062,14.686767578125,24.249267578125
IMG_0028.mp4,1949,64.96666666666667,30.0,851,1,traffic_lights,0.44194772839546204,1563.955810546875,441.7682189941406,1592.1064453125,486.1774597167969,1578.0311279296875,463.97283935546875,28.150634765625,44.40924072265625
IMG_0028.mp4,1949,64.96666666666667,30.0,914,2,traffic_signs,0.7046553492546082,1189.6995849609375,632.0721435546875,1200.2109375,644.4793090820312,1194.9552612304688,638.2757263183594,10.5113525390625,12.40716552734375
IMG_0028.mp4,1949,64.96666666666667,30.0,915,2,traffic_signs,0.7066118717193604,1763.03857421875,457.06768798828125,1805.148193359375,532.6466064453125,1784.0933837890625,494.8571472167969,42.109619140625,75.57891845703125
IMG_0028.mp4,1949,64.96666666666667,30.0,916,2,traffic_signs,0.5007624626159668,1763.0794677734375,456.6112060546875,1805.83154296875,534.0795288085938,1784.4555053710938,495.3453674316406,42.7520751953125,77.46832275390625
IMG_0028.mp4,1950,65.0,30.0,797,2,traffic_signs,0.9582376480102539,1685.1727294921875,318.2111511230469,1783.795654296875,407.5939025878906,1734.4841918945312,362.90252685546875,98.6229248046875,89.38275146484375
IMG_0028.mp4,1950,65.0,30.0,830,1,traffic_lights,0.8984676599502563,607.735107421875,364.0362548828125,670.31494140625,507.2719421386719,639.0250244140625,435.6540985107422,62.579833984375,143.23568725585938
IMG_0028.mp4,1950,65.0,30.0,912,2,traffic_signs,0.7958884239196777,1091.2452392578125,602.0264892578125,1105.9046630859375,626.2383422851562,1098.574951171875,614.1324157714844,14.659423828125,24.21185302734375
IMG_0028.mp4,1950,65.0,30.0,851,1,traffic_lights,0.3747062087059021,1564.0751953125,441.7910461425781,1592.148681640625,486.09136962890625,1578.1119384765625,463.9412078857422,28.073486328125,44.300323486328125
IMG_0028.mp4,1950,65.0,30.0,914,2,traffic_signs,0.7047629356384277,1189.797607421875,632.0370483398438,1200.2779541015625,644.4263916015625,1195.0377807617188,638.2317199707031,10.4803466796875,12.38934326171875
IMG_0028.mp4,1950,65.0,30.0,915,2,traffic_signs,0.7330623865127563,1763.2569580078125,456.9964294433594,1805.61376953125,532.3334350585938,1784.4353637695312,494.66493225097656,42.3568115234375,75.33700561523438
IMG_0028.mp4,1950,65.0,30.0,916,2,traffic_signs,0.5467188954353333,1763.2259521484375,456.5107727050781,1806.2994384765625,533.8009643554688,1784.7626953125,495.15586853027344,43.073486328125,77.29019165039062
IMG_0028.mp4,1951,65.03333333333333,30.0,797,2,traffic_signs,0.9579488635063171,1684.9471435546875,318.161376953125,1783.7650146484375,407.57940673828125,1734.3560791015625,362.8703918457031,98.81787109375,89.41802978515625
IMG_0028.mp4,1951,65.03333333333333,30.0,830,1,traffic_lights,0.867676317691803,607.4562377929688,363.6058349609375,670.0230102539062,507.0549621582031,638.7396240234375,435.3303985595703,62.5667724609375,143.44912719726562
IMG_0028.mp4,1951,65.03333333333333,30.0,912,2,traffic_signs,0.7979032397270203,1091.2301025390625,601.8948974609375,1105.91552734375,626.1553344726562,1098.5728149414062,614.0251159667969,14.6854248046875,24.26043701171875
IMG_0028.mp4,1951,65.03333333333333,30.0,851,1,traffic_lights,0.46291282773017883,1563.9801025390625,441.6628112792969,1592.0775146484375,485.942138671875,1578.02880859375,463.80247497558594,28.097412109375,44.279327392578125
IMG_0028.mp4,1951,65.03333333333333,30.0,914,2,traffic_signs,0.7080724835395813,1189.7607421875,632.0556640625,1200.228271484375,644.3899536132812,1194.9945068359375,638.2228088378906,10.467529296875,12.33428955078125
IMG_0028.mp4,1951,65.03333333333333,30.0,915,2,traffic_signs,0.7018386125564575,1763.1995849609375,457.2354431152344,1805.3203125,532.2382202148438,1784.2599487304688,494.73683166503906,42.1207275390625,75.00277709960938
IMG_0028.mp4,1951,65.03333333333333,30.0,916,2,traffic_signs,0.44691556692123413,1763.176025390625,456.5686340332031,1806.0355224609375,533.469970703125,1784.6057739257812,495.01930236816406,42.8594970703125,76.90133666992188
IMG_0028.mp4,1952,65.06666666666666,30.0,797,2,traffic_signs,0.9582036137580872,1685.0145263671875,318.25262451171875,1783.8089599609375,407.7218017578125,1734.4117431640625,362.9872131347656,98.79443359375,89.46917724609375
IMG_0028.mp4,1952,65.06666666666666,30.0,830,1,traffic_lights,0.9054777026176453,607.2913818359375,363.68017578125,669.953857421875,506.7530822753906,638.6226196289062,435.2166290283203,62.6624755859375,143.07290649414062
IMG_0028.mp4,1952,65.06666666666666,30.0,912,2,traffic_signs,0.7947758436203003,1091.2930908203125,602.0128784179688,1105.9183349609375,626.2272338867188,1098.605712890625,614.1200561523438,14.625244140625,24.21435546875
IMG_0028.mp4,1952,65.06666666666666,30.0,851,1,traffic_lights,0.4097015857696533,1563.94580078125,441.8603210449219,1592.11767578125,486.0645446777344,1578.03173828125,463.9624328613281,28.171875,44.2042236328125
IMG_0028.mp4,1952,65.06666666666666,30.0,914,2,traffic_signs,0.7048869729042053,1189.818603515625,632.1680908203125,1200.34423828125,644.5166625976562,1195.0814208984375,638.3423767089844,10.525634765625,12.34857177734375
IMG_0028.mp4,1952,65.06666666666666,30.0,915,2,traffic_signs,0.6850233674049377,1763.380126953125,457.018310546875,1805.427734375,532.3622436523438,1784.4039306640625,494.6902770996094,42.047607421875,75.34393310546875
IMG_0028.mp4,1952,65.06666666666666,30.0,916,2,traffic_signs,0.5311603546142578,1763.419677734375,456.3481140136719,1806.191162109375,533.6104736328125,1784.805419921875,494.9792938232422,42.771484375,77.26235961914062
IMG_0028.mp4,1953,65.1,30.0,797,2,traffic_signs,0.9579880237579346,1685.0694580078125,318.2371520996094,1783.8206787109375,407.6715393066406,1734.445068359375,362.954345703125,98.751220703125,89.43438720703125
IMG_0028.mp4,1953,65.1,30.0,830,1,traffic_lights,0.8199998736381531,607.1832275390625,363.69873046875,669.912109375,506.7312927246094,638.5476684570312,435.2150115966797,62.7288818359375,143.03256225585938
IMG_0028.mp4,1953,65.1,30.0,912,2,traffic_signs,0.796164333820343,1091.31201171875,601.9796752929688,1105.9315185546875,626.2259521484375,1098.6217651367188,614.1028137207031,14.6195068359375,24.24627685546875
IMG_0028.mp4,1953,65.1,30.0,851,1,traffic_lights,0.4842657446861267,1563.80908203125,441.8799133300781,1592.1485595703125,486.1368103027344,1577.9788208007812,464.00836181640625,28.3394775390625,44.25689697265625
IMG_0028.mp4,1953,65.1,30.0,914,2,traffic_signs,0.7147674560546875,1189.8363037109375,632.01123046875,1200.447265625,644.5642700195312,1195.1417846679688,638.2877502441406,10.6109619140625,12.55303955078125
IMG_0028.mp4,1953,65.1,30.0,915,2,traffic_signs,0.6769787073135376,1763.447265625,457.140625,1805.4736328125,532.2632446289062,1784.46044921875,494.7019348144531,42.0263671875,75.12261962890625
IMG_0028.mp4,1953,65.1,30.0,916,2,traffic_signs,0.5669849514961243,1763.4588623046875,456.3518981933594,1806.2567138671875,533.6531982421875,1784.8577880859375,495.00254821777344,42.7978515625,77.30130004882812
IMG_0028.mp4,1954,65.13333333333334,30.0,797,2,traffic_signs,0.9582261443138123,1685.24658203125,318.2373352050781,1783.9437255859375,407.7203369140625,1734.5951538085938,362.9788360595703,98.6971435546875,89.48300170898438
IMG_0028.mp4,1954,65.13333333333334,30.0,830,1,traffic_lights,0.8339443802833557,606.9895629882812,363.9061279296875,669.8618774414062,506.6125183105469,638.4257202148438,435.2593231201172,62.872314453125,142.70639038085938
IMG_0028.mp4,1954,65.13333333333334,30.0,912,2,traffic_signs,0.7931640148162842,1091.375732421875,601.9570922851562,1105.9588623046875,626.2598876953125,1098.6672973632812,614.1084899902344,14.5831298828125,24.30279541015625
IMG_0028.mp4,1954,65.13333333333334,30.0,851,1,traffic_lights,0.37597939372062683,1563.9619140625,441.8310546875,1592.1705322265625,486.156494140625,1578.0662231445312,463.9937744140625,28.2086181640625,44.325439453125
IMG_0028.mp4,1954,65.13333333333334,30.0,914,2,traffic_signs,0.7253088355064392,1189.933837890625,632.1985473632812,1200.512451171875,644.677978515625,1195.22314453125,638.4382629394531,10.57861328125,12.47943115234375
IMG_0028.mp4,1954,65.13333333333334,30.0,915,2,traffic_signs,0.753127932548523,1763.6881103515625,456.95635986328125,1805.636962890625,531.93603515625,1784.6625366210938,494.4461975097656,41.9488525390625,74.97967529296875
IMG_0028.mp4,1954,65.13333333333334,30.0,916,2,traffic_signs,0.477914422750473,1763.70458984375,456.17694091796875,1806.510498046875,533.3204956054688,1785.1075439453125,494.74871826171875,42.805908203125,77.1435546875
IMG_0028.mp4,1955,65.16666666666667,30.0,797,2,traffic_signs,0.9580498933792114,1685.224609375,318.22100830078125,1783.939453125,407.7190856933594,1734.58203125,362.9700469970703,98.71484375,89.49807739257812
IMG_0028.mp4,1955,65.16666666666667,30.0,830,1,traffic_lights,0.8547306656837463,606.708740234375,364.27752685546875,669.8890380859375,506.6963195800781,638.2988891601562,435.48692321777344,63.1802978515625,142.41879272460938
IMG_0028.mp4,1955,65.16666666666667,30.0,912,2,traffic_signs,0.7948713302612305,1091.3555908203125,601.9554443359375,1105.95751953125,626.2779541015625,1098.6565551757812,614.11669921875,14.6019287109375,24.322509765625
IMG_0028.mp4,1955,65.16666666666667,30.0,851,1,traffic_lights,0.3457874357700348,1564.064208984375,441.78704833984375,1592.07421875,486.3252868652344,1578.0692138671875,464.05616760253906,28.010009765625,44.538238525390625
IMG_0028.mp4,1955,65.16666666666667,30.0,914,2,traffic_signs,0.7187008261680603,1189.96240234375,632.2683715820312,1200.497802734375,644.66162109375,1195.2301025390625,638.4649963378906,10.535400390625,12.39324951171875
IMG_0028.mp4,1955,65.16666666666667,30.0,915,2,traffic_signs,0.7124885320663452,1763.7237548828125,456.73162841796875,1805.773681640625,531.4854736328125,1784.7487182617188,494.1085510253906,42.0499267578125,74.75384521484375
IMG_0028.mp4,1955,65.16666666666667,30.0,916,2,traffic_signs,0.5210369825363159,1763.746337890625,455.99371337890625,1806.66455078125,532.8781127929688,1785.2054443359375,494.4359130859375,42.918212890625,76.8843994140625
IMG_0028.mp4,1956,65.2,30.0,797,2,traffic_signs,0.9577113389968872,1685.233642578125,318.33306884765625,1783.94921875,407.81298828125,1734.5914306640625,363.0730285644531,98.715576171875,89.47991943359375
IMG_0028.mp4,1956,65.2,30.0,830,1,traffic_lights,0.8912136554718018,606.9320678710938,364.6832580566406,669.8617553710938,506.82586669921875,638.3969116210938,435.7545623779297,62.9296875,142.14260864257812
IMG_0028.mp4,1956,65.2,30.0,912,2,traffic_signs,0.7956759929656982,1091.397705078125,602.1958618164062,1105.9091796875,626.5136108398438,1098.6534423828125,614.354736328125,14.511474609375,24.3177490234375
IMG_0028.mp4,1956,65.2,30.0,851,1,traffic_lights,0.3847523033618927,1564.1121826171875,441.956787109375,1592.0355224609375,486.63763427734375,1578.0738525390625,464.2972106933594,27.92333984375,44.68084716796875
IMG_0028.mp4,1956,65.2,30.0,914,2,traffic_signs,0.7289763689041138,1189.942138671875,632.2147216796875,1200.4122314453125,644.7778930664062,1195.1771850585938,638.4963073730469,10.4700927734375,12.56317138671875
IMG_0028.mp4,1956,65.2,30.0,915,2,traffic_signs,0.7007794380187988,1763.703125,456.77880859375,1805.532958984375,531.376708984375,1784.6180419921875,494.0777587890625,41.829833984375,74.597900390625
IMG_0028.mp4,1956,65.2,30.0,916,2,traffic_signs,0.46755942702293396,1763.7266845703125,456.2428283691406,1806.3626708984375,532.6552734375,1785.044677734375,494.4490509033203,42.635986328125,76.41244506835938
IMG_0028.mp4,1957,65.23333333333333,30.0,797,2,traffic_signs,0.9576866030693054,1685.0599365234375,318.1045837402344,1783.791748046875,407.6329650878906,1734.4258422851562,362.8687744140625,98.7318115234375,89.52838134765625
IMG_0028.mp4,1957,65.23333333333333,30.0,830,1,traffic_lights,0.8821622729301453,607.3397827148438,364.04052734375,669.8275756835938,506.23394775390625,638.5836791992188,435.1372375488281,62.48779296875,142.19342041015625
IMG_0028.mp4,1957,65.23333333333333,30.0,912,2,traffic_signs,0.7911038994789124,1091.41845703125,601.7774658203125,1105.97119140625,626.2344970703125,1098.69482421875,614.0059814453125,14.552734375,24.45703125
IMG_0028.mp4,1957,65.23333333333333,30.0,851,1,traffic_lights,0.3929126560688019,1564.2381591796875,441.5002746582031,1591.9879150390625,486.11505126953125,1578.113037109375,463.8076629638672,27.749755859375,44.614776611328125
IMG_0028.mp4,1957,65.23333333333333,30.0,914,2,traffic_signs,0.708405077457428,1190.103515625,631.65576171875,1200.4774169921875,644.29638671875,1195.2904663085938,637.97607421875,10.3739013671875,12.640625
IMG_0028.mp4,1957,65.23333333333333,30.0,915,2,traffic_signs,0.6077789068222046,1763.527099609375,456.689697265625,1804.965087890625,531.4485473632812,1784.24609375,494.0691223144531,41.43798828125,74.75885009765625
IMG_0028.mp4,1957,65.23333333333333,30.0,916,2,traffic_signs,0.3352656960487366,1763.709716796875,455.6195373535156,1805.6536865234375,532.497802734375,1784.6817016601562,494.0586700439453,41.9439697265625,76.87826538085938
IMG_0028.mp4,1957,65.23333333333333,30.0,918,2,traffic_signs,0.4378856122493744,434.00665283203125,344.8007507324219,568.7689208984375,523.9779052734375,501.3877868652344,434.3893280029297,134.76226806640625,179.17715454101562
IMG_0028.mp4,1958,65.26666666666667,30.0,797,2,traffic_signs,0.9581505656242371,1684.9681396484375,318.3617858886719,1783.614013671875,407.83966064453125,1734.2910766601562,363.10072326660156,98.6458740234375,89.47787475585938
IMG_0028.mp4,1958,65.26666666666667,30.0,830,1,traffic_lights,0.9054877758026123,607.4641723632812,364.1258850097656,670.0233154296875,506.4178771972656,638.7437438964844,435.2718811035156,62.55914306640625,142.2919921875
IMG_0028.mp4,1958,65.26666666666667,30.0,912,2,traffic_signs,0.7877908945083618,1091.4720458984375,601.9484252929688,1105.937744140625,626.3095092773438,1098.7048950195312,614.1289672851562,14.4656982421875,24.361083984375
IMG_0028.mp4,1958,65.26666666666667,30.0,851,1,traffic_lights,0.4264988601207733,1564.2320556640625,441.684814453125,1591.862548828125,486.3881530761719,1578.0473022460938,464.03648376464844,27.6304931640625,44.703338623046875
IMG_0028.mp4,1958,65.26666666666667,30.0,914,2,traffic_signs,0.7140874266624451,1190.1072998046875,631.9585571289062,1200.3568115234375,644.4036865234375,1195.2320556640625,638.1811218261719,10.24951171875,12.44512939453125
IMG_0028.mp4,1958,65.26666666666667,30.0,918,2,traffic_signs,0.4728943109512329,433.9893798828125,345.0400695800781,568.7949829101562,524.6336059570312,501.3921813964844,434.8368377685547,134.80560302734375,179.59353637695312
IMG_0028.mp4,1959,65.3,30.0,797,2,traffic_signs,0.957854688167572,1684.9935302734375,318.2161865234375,1783.6844482421875,407.8062438964844,1734.3389892578125,363.01121520996094,98.69091796875,89.59005737304688
IMG_0028.mp4,1959,65.3,30.0,830,1,traffic_lights,0.8799794316291809,607.64697265625,363.62823486328125,670.0303344726562,506.42193603515625,638.8386535644531,435.02508544921875,62.38336181640625,142.793701171875
IMG_0028.mp4,1959,65.3,30.0,912,2,traffic_signs,0.785722017288208,1091.58642578125,601.8734741210938,1106.08837890625,626.2470703125,1098.83740234375,614.0602722167969,14.501953125,24.37359619140625
IMG_0028.mp4,1959,65.3,30.0,851,1,traffic_lights,0.37691357731819153,1564.386962890625,441.4947509765625,1591.913818359375,486.2475280761719,1578.150390625,463.8711395263672,27.52685546875,44.752777099609375
IMG_0028.mp4,1959,65.3,30.0,914,2,traffic_signs,0.7162103056907654,1190.1456298828125,631.7816162109375,1200.43505859375,644.3819580078125,1195.2903442382812,638.081787109375,10.2894287109375,12.600341796875
IMG_0028.mp4,1959,65.3,30.0,918,2,traffic_signs,0.4353031516075134,433.9861145019531,344.921630859375,568.9310302734375,524.5142822265625,501.4585723876953,434.71795654296875,134.94491577148438,179.5926513671875
IMG_0028.mp4,1960,65.33333333333333,30.0,797,2,traffic_signs,0.9577497243881226,1685.0072021484375,318.16259765625,1783.6861572265625,407.83514404296875,1734.3466796875,362.9988708496094,98.678955078125,89.67254638671875
IMG_0028.mp4,1960,65.33333333333333,30.0,830,1,traffic_lights,0.8859500288963318,607.6551513671875,363.1097717285156,670.0831909179688,506.3365783691406,638.8691711425781,434.7231750488281,62.42803955078125,143.226806640625
IMG_0028.mp4,1960,65.33333333333333,30.0,912,2,traffic_signs,0.786716878414154,1091.6885986328125,601.8037109375,1106.1904296875,626.2766723632812,1098.9395141601562,614.0401916503906,14.5018310546875,24.47296142578125
IMG_0028.mp4,1960,65.33333333333333,30.0,851,1,traffic_lights,0.32507357001304626,1564.36279296875,441.38958740234375,1591.953857421875,486.1393737792969,1578.1583251953125,463.7644805908203,27.591064453125,44.749786376953125
IMG_0028.mp4,1960,65.33333333333333,30.0,914,2,traffic_signs,0.7122265100479126,1190.18212890625,631.55419921875,1200.500244140625,644.3392944335938,1195.3411865234375,637.9467468261719,10.318115234375,12.78509521484375
IMG_0028.mp4,1960,65.33333333333333,30.0,918,2,traffic_signs,0.4766591489315033,434.0299072265625,344.8514099121094,569.1786499023438,524.55078125,501.6042785644531,434.7010955810547,135.14874267578125,179.69937133789062
IMG_0028.mp4,1961,65.36666666666666,30.0,797,2,traffic_signs,0.9578632116317749,1685.3751220703125,318.1500549316406,1784.0992431640625,407.8592529296875,1734.7371826171875,363.00465393066406,98.72412109375,89.70919799804688
IMG_0028.mp4,1961,65.36666666666666,30.0,830,1,traffic_lights,0.9076383709907532,607.472900390625,362.8984375,670.1439819335938,506.47393798828125,638.8084411621094,434.6861877441406,62.67108154296875,143.57550048828125
IMG_0028.mp4,1961,65.36666666666666,30.0,912,2,traffic_signs,0.7842050194740295,1091.7137451171875,601.875732421875,1106.1861572265625,626.3704833984375,1098.949951171875,614.1231079101562,14.472412109375,24.4947509765625
IMG_0028.mp4,1961,65.36666666666666,30.0,851,1,traffic_lights,0.262892484664917,1564.551513671875,441.70556640625,1592.03076171875,486.1173400878906,1578.2911376953125,463.9114532470703,27.479248046875,44.411773681640625
IMG_0028.mp4,1961,65.36666666666666,30.0,914,2,traffic_signs,0.7039584517478943,1190.326416015625,631.5280151367188,1200.5570068359375,644.4837036132812,1195.4417114257812,638.005859375,10.2305908203125,12.9556884765625
IMG_0028.mp4,1961,65.36666666666666,30.0,918,2,traffic_signs,0.5203515887260437,433.8932189941406,344.8990173339844,568.9928588867188,524.5663452148438,501.4430389404297,434.73268127441406,135.09963989257812,179.66732788085938
IMG_0028.mp4,1962,65.4,30.0,797,2,traffic_signs,0.953766942024231,1685.6312255859375,318.3603820800781,1784.215087890625,408.0394592285156,1734.9231567382812,363.1999206542969,98.5838623046875,89.6790771484375
IMG_0028.mp4,1962,65.4,30.0,830,1,traffic_lights,0.914513349533081,607.1223754882812,362.98193359375,670.18701171875,506.7508544921875,638.6546936035156,434.86639404296875,63.06463623046875,143.7689208984375
IMG_0028.mp4,1962,65.4,30.0,912,2,traffic_signs,0.7850691080093384,1091.73486328125,602.1226196289062,1106.18408203125,626.4854736328125,1098.95947265625,614.3040466308594,14.44921875,24.36285400390625
IMG_0028.mp4,1962,65.4,30.0,914,2,traffic_signs,0.7179139256477356,1190.406005859375,631.8235473632812,1200.5640869140625,644.6769409179688,1195.4850463867188,638.250244140625,10.1580810546875,12.8533935546875
IMG_0028.mp4,1962,65.4,30.0,918,2,traffic_signs,0.4873192310333252,433.9098205566406,345.13916015625,568.7684936523438,524.61669921875,501.3391571044922,434.8779296875,134.85867309570312,179.4775390625
IMG_0028.mp4,1963,65.43333333333334,30.0,797,2,traffic_signs,0.948161780834198,1685.8062744140625,318.14251708984375,1784.4278564453125,408.0023498535156,1735.1170654296875,363.0724334716797,98.62158203125,89.85983276367188
IMG_0028.mp4,1963,65.43333333333334,30.0,830,1,traffic_lights,0.837168276309967,606.7930297851562,363.3935241699219,669.8346557617188,506.5487365722656,638.3138427734375,434.97113037109375,63.0416259765625,143.15521240234375
IMG_0028.mp4,1963,65.43333333333334,30.0,912,2,traffic_signs,0.7911234498023987,1091.7415771484375,602.1664428710938,1106.2191162109375,626.4901123046875,1098.9803466796875,614.3282775878906,14.4775390625,24.32366943359375
IMG_0028.mp4,1963,65.43333333333334,30.0,914,2,traffic_signs,0.722382664680481,1190.4593505859375,631.7813720703125,1200.5537109375,644.7943115234375,1195.5065307617188,638.287841796875,10.0943603515625,13.012939453125
IMG_0028.mp4,1963,65.43333333333334,30.0,918,2,traffic_signs,0.4063277840614319,433.4184265136719,344.9950866699219,568.5731811523438,524.053466796875,500.9958038330078,434.52427673339844,135.15475463867188,179.05838012695312
IMG_0028.mp4,1963,65.43333333333334,30.0,851,1,traffic_lights,0.2517920434474945,1564.46923828125,442.1549377441406,1591.7646484375,486.3725891113281,1578.116943359375,464.2637634277344,27.29541015625,44.2176513671875
IMG_0028.mp4,1964,65.46666666666667,30.0,797,2,traffic_signs,0.9505405426025391,1685.76953125,318.0555419921875,1784.4425048828125,407.8641662597656,1735.1060180664062,362.95985412597656,98.6729736328125,89.80862426757812
IMG_0028.mp4,1964,65.46666666666667,30.0,830,1,traffic_lights,0.8129744529724121,606.3158569335938,363.6755676269531,669.6466674804688,506.76593017578125,637.9812622070312,435.2207489013672,63.330810546875,143.09036254882812
IMG_0028.mp4,1964,65.46666666666667,30.0,912,2,traffic_signs,0.7909543514251709,1091.79541015625,602.176513671875,1106.20751953125,626.5269165039062,1099.00146484375,614.3517150878906,14.412109375,24.35040283203125
IMG_0028.mp4,1964,65.46666666666667,30.0,914,2,traffic_signs,0.7209458947181702,1190.494873046875,631.773681640625,1200.4742431640625,644.8660278320312,1195.4845581054688,638.3198547363281,9.9793701171875,13.09234619140625
IMG_0028.mp4,1964,65.46666666666667,30.0,918,2,traffic_signs,0.4276363253593445,433.1926574707031,344.9282531738281,568.5836791992188,523.8421630859375,500.88816833496094,434.3852081298828,135.39102172851562,178.91390991210938
IMG_0028.mp4,1965,65.5,30.0,797,2,traffic_signs,0.9454126954078674,1685.83984375,317.9119567871094,1784.560546875,407.70599365234375,1735.2001953125,362.80897521972656,98.720703125,89.79403686523438
IMG_0028.mp4,1965,65.5,30.0,830,1,traffic_lights,0.8831071257591248,606.4248657226562,363.88116455078125,669.8739624023438,506.8607177734375,638.1494140625,435.3709411621094,63.4490966796875,142.97955322265625
IMG_0028.mp4,1965,65.5,30.0,912,2,traffic_signs,0.7928271293640137,1091.8623046875,601.9937744140625,1106.2744140625,626.3190307617188,1099.068359375,614.1564025878906,14.412109375,24.32525634765625
IMG_0028.mp4,1965,65.5,30.0,914,2,traffic_signs,0.7033218741416931,1190.6131591796875,631.61279296875,1200.565673828125,644.6311645507812,1195.5894165039062,638.1219787597656,9.9525146484375,13.01837158203125
IMG_0028.mp4,1965,65.5,30.0,918,2,traffic_signs,0.49405843019485474,433.2000427246094,344.8321533203125,568.7008056640625,523.9283447265625,500.95042419433594,434.3802490234375,135.50076293945312,179.09619140625
IMG_0028.mp4,1965,65.5,30.0,851,1,traffic_lights,0.2656249701976776,1564.3785400390625,441.7904052734375,1591.776123046875,485.98333740234375,1578.0773315429688,463.8868713378906,27.3975830078125,44.19293212890625
IMG_0028.mp4,1966,65.53333333333333,30.0,797,2,traffic_signs,0.9571426510810852,1685.4566650390625,317.9919128417969,1784.03564453125,407.8199157714844,1734.7461547851562,362.9059143066406,98.5789794921875,89.8280029296875
IMG_0028.mp4,1966,65.53333333333333,30.0,830,1,traffic_lights,0.8997305631637573,606.8956298828125,363.5533142089844,670.186279296875,506.52362060546875,638.5409545898438,435.03846740722656,63.2906494140625,142.97030639648438
IMG_0028.mp4,1966,65.53333333333333,30.0,912,2,traffic_signs,0.7943200469017029,1091.7664794921875,601.9446411132812,1106.1365966796875,626.1919555664062,1098.9515380859375,614.0682983398438,14.3701171875,24.247314453125
IMG_0028.mp4,1966,65.53333333333333,30.0,914,2,traffic_signs,0.7150017023086548,1190.5848388671875,631.5399169921875,1200.5552978515625,644.5426635742188,1195.570068359375,638.0412902832031,9.970458984375,13.00274658203125
IMG_0028.mp4,1966,65.53333333333333,30.0,918,2,traffic_signs,0.5075040459632874,433.7317810058594,345.0707092285156,568.8317260742188,524.2537231445312,501.28175354003906,434.66221618652344,135.09994506835938,179.18301391601562
IMG_0028.mp4,1967,65.56666666666666,30.0,797,2,traffic_signs,0.9576539397239685,1685.22412109375,317.8900146484375,1783.985595703125,407.7816162109375,1734.6048583984375,362.8358154296875,98.761474609375,89.8916015625
IMG_0028.mp4,1967,65.56666666666666,30.0,830,1,traffic_lights,0.8944758176803589,607.3938598632812,363.3093566894531,670.3389892578125,506.4893798828125,638.8664245605469,434.8993682861328,62.94512939453125,143.18002319335938
IMG_0028.mp4,1967,65.56666666666666,30.0,912,2,traffic_signs,0.7982786297798157,1091.9146728515625,601.75341796875,1106.1468505859375,625.9417724609375,1099.03076171875,613.8475952148438,14.232177734375,24.1883544921875
IMG_0028.mp4,1967,65.56666666666666,30.0,914,2,traffic_signs,0.6961132884025574,1190.649169921875,631.3892822265625,1200.6077880859375,644.3425903320312,1195.6284790039062,637.8659362792969,9.9586181640625,12.95330810546875
IMG_0028.mp4,1967,65.56666666666666,30.0,918,2,traffic_signs,0.4573829472064972,433.8450012207031,345.0566711425781,568.832275390625,523.9052124023438,501.33863830566406,434.48094177246094,134.98727416992188,178.84854125976562
IMG_0028.mp4,1967,65.56666666666666,30.0,851,1,traffic_lights,0.26114311814308167,1564.072265625,441.40228271484375,1591.8236083984375,485.7628479003906,1577.9479370117188,463.5825653076172,27.7513427734375,44.360565185546875
IMG_0028.mp4,1968,65.6,30.0,797,2,traffic_signs,0.9572940468788147,1685.1136474609375,317.9852294921875,1783.9444580078125,407.96539306640625,1734.529052734375,362.9753112792969,98.830810546875,89.98016357421875
IMG_0028.mp4,1968,65.6,30.0,830,1,traffic_lights,0.9043399095535278,607.7341918945312,363.5472412109375,670.3485107421875,506.5008850097656,639.0413513183594,435.02406311035156,62.61431884765625,142.95364379882812
IMG_0028.mp4,1968,65.6,30.0,912,2,traffic_signs,0.7950339317321777,1091.72802734375,601.7467041015625,1106.0831298828125,625.943115234375,1098.9055786132812,613.8449096679688,14.3551025390625,24.1964111328125
IMG_0028.mp4,1968,65.6,30.0,914,2,traffic_signs,0.7135668992996216,1190.5948486328125,631.569091796875,1200.5257568359375,644.418212890625,1195.560302734375,637.99365234375,9.930908203125,12.84912109375
IMG_0028.mp4,1968,65.6,30.0,918,2,traffic_signs,0.4949853718280792,433.9153137207031,345.0398254394531,568.81640625,524.382080078125,501.36585998535156,434.71095275878906,134.90109252929688,179.34225463867188
IMG_0028.mp4,1969,65.63333333333334,30.0,797,2,traffic_signs,0.9569457173347473,1685.0498046875,318.1221618652344,1783.8697509765625,407.94464111328125,1734.4597778320312,363.0334014892578,98.8199462890625,89.82247924804688
IMG_0028.mp4,1969,65.63333333333334,30.0,830,1,traffic_lights,0.8821989893913269,607.6045532226562,363.52362060546875,670.16455078125,506.3811950683594,638.8845520019531,434.95240783691406,62.55999755859375,142.85757446289062
IMG_0028.mp4,1969,65.63333333333334,30.0,912,2,traffic_signs,0.7914523482322693,1091.6806640625,601.7313842773438,1106.04248046875,625.9092407226562,1098.861572265625,613.8203125,14.36181640625,24.1778564453125
IMG_0028.mp4,1969,65.63333333333334,30.0,914,2,traffic_signs,0.7112632989883423,1190.5770263671875,631.6609497070312,1200.44482421875,644.41796875,1195.5109252929688,638.0394592285156,9.8677978515625,12.75701904296875
IMG_0028.mp4,1969,65.63333333333334,30.0,918,2,traffic_signs,0.4745580554008484,433.9020080566406,345.029541015625,568.8284301757812,524.439208984375,501.36521911621094,434.734375,134.92642211914062,179.40966796875
IMG_0028.mp4,1969,65.63333333333334,30.0,851,1,traffic_lights,0.3198755979537964,1564.13134765625,441.3436584472656,1592.0159912109375,485.91455078125,1578.0736694335938,463.6291046142578,27.8846435546875,44.570892333984375
IMG_0028.mp4,1970,65.66666666666667,30.0,797,2,traffic_signs,0.9570512771606445,1685.097412109375,318.2123718261719,1783.87109375,407.9441223144531,1734.4842529296875,363.0782470703125,98.773681640625,89.73175048828125
IMG_0028.mp4,1970,65.66666666666667,30.0,830,1,traffic_lights,0.9044879078865051,607.7307739257812,363.3006591796875,670.3530883789062,506.4905090332031,639.0419311523438,434.8955841064453,62.622314453125,143.18984985351562
IMG_0028.mp4,1970,65.66666666666667,30.0,912,2,traffic_signs,0.7971825003623962,1091.7060546875,601.7847290039062,1106.1058349609375,625.8954467773438,1098.9059448242188,613.840087890625,14.3997802734375,24.1107177734375
IMG_0028.mp4,1970,65.66666666666667,30.0,914,2,traffic_signs,0.7135158181190491,1190.6363525390625,631.7545166015625,1200.4693603515625,644.425537109375,1195.5528564453125,638.0900268554688,9.8330078125,12.6710205078125
IMG_0028.mp4,1970,65.66666666666667,30.0,918,2,traffic_signs,0.4709572196006775,433.9892578125,345.0073547363281,568.8516235351562,524.6281127929688,501.4204406738281,434.81773376464844,134.86236572265625,179.62075805664062
IMG_0028.mp4,1970,65.66666666666667,30.0,851,1,traffic_lights,0.29899895191192627,1564.1595458984375,441.34063720703125,1592.07421875,485.9349365234375,1578.1168823242188,463.6377868652344,27.9146728515625,44.59429931640625
IMG_0028.mp4,1971,65.7,30.0,797,2,traffic_signs,0.9567009210586548,1684.8563232421875,318.2003173828125,1783.7393798828125,407.9394226074219,1734.2978515625,363.0698699951172,98.883056640625,89.73910522460938
IMG_0028.mp4,1971,65.7,30.0,830,1,traffic_lights,0.9034582376480103,607.7853393554688,363.2987060546875,670.390380859375,506.4693298339844,639.0878601074219,434.88401794433594,62.60504150390625,143.17062377929688
IMG_0028.mp4,1971,65.7,30.0,912,2,traffic_signs,0.7959470152854919,1091.641845703125,601.7788696289062,1106.0906982421875,625.801513671875,1098.8662719726562,613.7901916503906,14.4488525390625,24.02264404296875
IMG_0028.mp4,1971,65.7,30.0,914,2,traffic_signs,0.7093659043312073,1190.4842529296875,631.6708984375,1200.282958984375,644.400390625,1195.3836059570312,638.03564453125,9.7987060546875,12.7294921875
IMG_0028.mp4,1971,65.7,30.0,918,2,traffic_signs,0.45974376797676086,434.1573181152344,344.7990417480469,569.0032348632812,524.5786743164062,501.5802764892578,434.68885803222656,134.84591674804688,179.77963256835938
IMG_0028.mp4,1971,65.7,30.0,851,1,traffic_lights,0.3321619927883148,1564.1204833984375,441.24444580078125,1591.9093017578125,486.0955810546875,1578.014892578125,463.6700134277344,27.788818359375,44.85113525390625
IMG_0028.mp4,1972,65.73333333333333,30.0,797,2,traffic_signs,0.9569095373153687,1684.93115234375,318.24090576171875,1783.80615234375,407.94879150390625,1734.36865234375,363.0948486328125,98.875,89.7078857421875
IMG_0028.mp4,1972,65.73333333333333,30.0,830,1,traffic_lights,0.9022732973098755,607.795654296875,363.1201171875,670.4271240234375,506.3023681640625,639.1113891601562,434.71124267578125,62.6314697265625,143.1822509765625
IMG_0028.mp4,1972,65.73333333333333,30.0,912,2,traffic_signs,0.7940972447395325,1091.573974609375,601.817626953125,1106.1416015625,625.9119873046875,1098.8577880859375,613.8648071289062,14.567626953125,24.0943603515625
IMG_0028.mp4,1972,65.73333333333333,30.0,914,2,traffic_signs,0.7115125060081482,1190.3974609375,631.8485107421875,1200.3028564453125,644.5198974609375,1195.3501586914062,638.1842041015625,9.9053955078125,12.67138671875
IMG_0028.mp4,1972,65.73333333333333,30.0,918,2,traffic_signs,0.44163984060287476,434.1644592285156,344.9092102050781,569.0099487304688,525.0962524414062,501.5872039794922,435.0027313232422,134.84548950195312,180.18704223632812
IMG_0028.mp4,1972,65.73333333333333,30.0,851,1,traffic_lights,0.3185785114765167,1564.2783203125,441.3604431152344,1591.8084716796875,486.2991027832031,1578.0433959960938,463.82977294921875,27.5301513671875,44.93865966796875
IMG_0028.mp4,1973,65.76666666666667,30.0,797,2,traffic_signs,0.9568643569946289,1685.0819091796875,318.2889709472656,1783.92333984375,408.014404296875,1734.5026245117188,363.1516876220703,98.8414306640625,89.72543334960938
IMG_0028.mp4,1973,65.76666666666667,30.0,830,1,traffic_lights,0.9033058881759644,607.6806030273438,363.40447998046875,670.3961181640625,506.6072692871094,639.0383605957031,435.00587463378906,62.71551513671875,143.20278930664062
IMG_0028.mp4,1973,65.76666666666667,30.0,912,2,traffic_signs,0.7917225360870361,1091.4906005859375,601.9917602539062,1106.085205078125,626.1231079101562,1098.7879028320312,614.0574340820312,14.5946044921875,24.13134765625
IMG_0028.mp4,1973,65.76666666666667,30.0,914,2,traffic_signs,0.7205862402915955,1190.413818359375,631.8049926757812,1200.274658203125,644.607666015625,1195.34423828125,638.2063293457031,9.86083984375,12.80267333984375
IMG_0028.mp4,1973,65.76666666666667,30.0,918,2,traffic_signs,0.4566890001296997,433.9957580566406,344.9466247558594,569.0171508789062,525.3121948242188,501.50645446777344,435.12940979003906,135.02139282226562,180.36557006835938
IMG_0028.mp4,1973,65.76666666666667,30.0,851,1,traffic_lights,0.3742377758026123,1564.2579345703125,441.6537170410156,1591.849609375,486.4797058105469,1578.0537719726562,464.06671142578125,27.5916748046875,44.82598876953125
IMG_0028.mp4,1973,65.76666666666667,30.0,915,2,traffic_signs,0.5551121234893799,1763.122314453125,458.1081237792969,1804.9737548828125,530.6287841796875,1784.0480346679688,494.3684539794922,41.8514404296875,72.52066040039062
IMG_0028.mp4,1973,65.76666666666667,30.0,916,2,traffic_signs,0.4053807854652405,1763.1134033203125,457.0564270019531,1805.548095703125,532.1057739257812,1784.3307495117188,494.5811004638672,42.4346923828125,75.04934692382812
IMG_0028.mp4,1974,65.8,30.0,797,2,traffic_signs,0.955581784248352,1685.7645263671875,318.2293395996094,1784.3343505859375,407.8829040527344,1735.0494384765625,363.0561218261719,98.56982421875,89.653564453125
IMG_0028.mp4,1974,65.8,30.0,830,1,traffic_lights,0.8851442933082581,607.4022827148438,363.4564208984375,670.2425537109375,506.6440124511719,638.8224182128906,435.0502166748047,62.84027099609375,143.18759155273438
IMG_0028.mp4,1974,65.8,30.0,912,2,traffic_signs,0.803772509098053,1091.5623779296875,602.1451416015625,1106.290283203125,626.2503662109375,1098.9263305664062,614.19775390625,14.7279052734375,24.105224609375
IMG_0028.mp4,1974,65.8,30.0,914,2,traffic_signs,0.7153348326683044,1190.82373046875,631.9569702148438,1200.5794677734375,644.6202392578125,1195.7015991210938,638.2886047363281,9.7557373046875,12.66326904296875
IMG_0028.mp4,1974,65.8,30.0,918,2,traffic_signs,0.3943922519683838,433.70098876953125,344.8542175292969,568.8179931640625,524.9137573242188,501.2594909667969,434.8839874267578,135.11700439453125,180.05953979492188
IMG_0028.mp4,1974,65.8,30.0,851,1,traffic_lights,0.3409043252468109,1564.498046875,441.8528747558594,1592.2193603515625,486.3037414550781,1578.3587036132812,464.07830810546875,27.7213134765625,44.45086669921875
IMG_0028.mp4,1974,65.8,30.0,915,2,traffic_signs,0.6122591495513916,1763.6082763671875,456.85479736328125,1805.9599609375,531.047119140625,1784.7841186523438,493.9509582519531,42.3516845703125,74.19232177734375
IMG_0028.mp4,1974,65.8,30.0,916,2,traffic_signs,0.5427372455596924,1763.70458984375,456.1561584472656,1806.8087158203125,532.64892578125,1785.2566528320312,494.4025421142578,43.1041259765625,76.49276733398438
IMG_0028.mp4,1975,65.83333333333333,30.0,797,2,traffic_signs,0.9552456140518188,1685.665771484375,318.1659240722656,1784.259033203125,407.92779541015625,1734.96240234375,363.04685974121094,98.59326171875,89.76187133789062
IMG_0028.mp4,1975,65.83333333333333,30.0,830,1,traffic_lights,0.876923143863678,607.0484008789062,363.6596374511719,669.7567138671875,506.8470153808594,638.4025573730469,435.2533264160156,62.70831298828125,143.1873779296875
IMG_0028.mp4,1975,65.83333333333333,30.0,912,2,traffic_signs,0.8005802631378174,1091.4757080078125,602.1787719726562,1106.214599609375,626.1776123046875,1098.8451538085938,614.1781921386719,14.7388916015625,23.99884033203125
IMG_0028.mp4,1975,65.83333333333333,30.0,914,2,traffic_signs,0.7145618796348572,1190.7520751953125,631.734619140625,1200.5487060546875,644.5438232421875,1195.650390625,638.1392211914062,9.796630859375,12.8092041015625
IMG_0028.mp4,1975,65.83333333333333,30.0,918,2,traffic_signs,0.38399675488471985,433.5905456542969,344.86151123046875,568.7130737304688,524.7081298828125,501.1518096923828,434.7848205566406,135.12252807617188,179.84661865234375
IMG_0028.mp4,1975,65.83333333333333,30.0,851,1,traffic_lights,0.3647119402885437,1564.305419921875,441.9016418457031,1592.1331787109375,486.28875732421875,1578.2192993164062,464.09519958496094,27.8277587890625,44.387115478515625
IMG_0028.mp4,1975,65.83333333333333,30.0,915,2,traffic_signs,0.5900271534919739,1763.7821044921875,456.5850524902344,1806.140625,531.3849487304688,1784.9613647460938,493.98500061035156,42.3585205078125,74.79989624023438
IMG_0028.mp4,1975,65.83333333333333,30.0,916,2,traffic_signs,0.5081378221511841,1763.967529296875,455.898193359375,1807.1248779296875,532.8209838867188,1785.5462036132812,494.3595886230469,43.1573486328125,76.92279052734375
IMG_0028.mp4,1976,65.86666666666666,30.0,797,2,traffic_signs,0.9551749229431152,1685.62353515625,318.0893249511719,1784.231201171875,407.9046325683594,1734.9273681640625,362.9969787597656,98.607666015625,89.8153076171875
IMG_0028.mp4,1976,65.86666666666666,30.0,830,1,traffic_lights,0.9031771421432495,606.9683227539062,363.66900634765625,669.8253173828125,506.8870544433594,638.3968200683594,435.2780303955078,62.85699462890625,143.21804809570312
IMG_0028.mp4,1976,65.86666666666666,30.0,912,2,traffic_signs,0.7941973805427551,1091.478515625,602.1648559570312,1106.260009765625,626.198486328125,1098.8692626953125,614.1816711425781,14.781494140625,24.03363037109375
IMG_0028.mp4,1976,65.86666666666666,30.0,914,2,traffic_signs,0.7135462164878845,1190.8944091796875,631.83837890625,1200.747314453125,644.4954833984375,1195.8208618164062,638.1669311523438,9.8529052734375,12.6571044921875
IMG_0028.mp4,1976,65.86666666666666,30.0,918,2,traffic_signs,0.43332889676094055,433.6137390136719,344.8136291503906,568.8148193359375,524.7245483398438,501.2142791748047,434.7690887451172,135.20108032226562,179.91091918945312
IMG_0028.mp4,1976,65.86666666666666,30.0,851,1,traffic_lights,0.33225950598716736,1564.3140869140625,441.9145812988281,1592.015625,486.22125244140625,1578.1648559570312,464.0679168701172,27.7015380859375,44.306671142578125
IMG_0028.mp4,1976,65.86666666666666,30.0,915,2,traffic_signs,0.5667322278022766,1763.7569580078125,455.9718017578125,1806.271240234375,531.0115356445312,1785.0140991210938,493.4916687011719,42.5142822265625,75.03973388671875
IMG_0028.mp4,1976,65.86666666666666,30.0,916,2,traffic_signs,0.5259494185447693,1763.9222412109375,455.657470703125,1807.30810546875,532.5118408203125,1785.6151733398438,494.08465576171875,43.3858642578125,76.8543701171875
IMG_0028.mp4,1977,65.9,30.0,797,2,traffic_signs,0.9565572142601013,1685.0875244140625,318.1463623046875,1783.773193359375,407.9150085449219,1734.4303588867188,363.0306854248047,98.6856689453125,89.76864624023438
IMG_0028.mp4,1977,65.9,30.0,830,1,traffic_lights,0.9024055600166321,607.4423828125,363.5674133300781,670.1094970703125,507.02197265625,638.7759399414062,435.29469299316406,62.6671142578125,143.45455932617188
IMG_0028.mp4,1977,65.9,30.0,912,2,traffic_signs,0.7803694009780884,1091.46142578125,602.0093994140625,1106.24658203125,626.1378173828125,1098.85400390625,614.0736083984375,14.78515625,24.12841796875
IMG_0028.mp4,1977,65.9,30.0,914,2,traffic_signs,0.7132654786109924,1190.610595703125,631.8589477539062,1200.603759765625,644.3597412109375,1195.607177734375,638.1093444824219,9.9931640625,12.50079345703125
IMG_0028.mp4,1977,65.9,30.0,918,2,traffic_signs,0.40854209661483765,434.0034484863281,344.8589172363281,569.0576171875,524.948974609375,501.53053283691406,434.90394592285156,135.05416870117188,180.09005737304688
IMG_0028.mp4,1977,65.9,30.0,851,1,traffic_lights,0.26877063512802124,1564.1424560546875,441.431396484375,1591.615478515625,486.1453857421875,1577.8789672851562,463.78839111328125,27.4730224609375,44.7139892578125
IMG_0028.mp4,1977,65.9,30.0,915,2,traffic_signs,0.5873485207557678,1763.3338623046875,455.7012023925781,1805.4630126953125,531.583740234375,1784.3984375,493.64247131347656,42.129150390625,75.88253784179688
IMG_0028.mp4,1977,65.9,30.0,916,2,traffic_signs,0.44554826617240906,1763.515380859375,455.66192626953125,1806.2703857421875,532.71142578125,1784.8928833007812,494.1866760253906,42.7550048828125,77.04949951171875
IMG_0028.mp4,1978,65.93333333333334,30.0,797,2,traffic_signs,0.9560083150863647,1684.9981689453125,318.3044128417969,1783.661376953125,407.9482421875,1734.3297729492188,363.12632751464844,98.6632080078125,89.64382934570312
IMG_0028.mp4,1978,65.93333333333334,30.0,830,1,traffic_lights,0.8926389217376709,607.670166015625,363.5711975097656,670.2171630859375,506.9317932128906,638.9436645507812,435.2514953613281,62.5469970703125,143.360595703125
IMG_0028.mp4,1978,65.93333333333334,30.0,912,2,traffic_signs,0.7891694903373718,1091.5093994140625,602.0258178710938,1106.2855224609375,626.15869140625,1098.8974609375,614.0922546386719,14.776123046875,24.13287353515625
IMG_0028.mp4,1978,65.93333333333334,30.0,914,2,traffic_signs,0.7054972052574158,1190.574951171875,631.9633178710938,1200.5513916015625,644.3466796875,1195.5631713867188,638.1549987792969,9.9764404296875,12.38336181640625
IMG_0028.mp4,1978,65.93333333333334,30.0,918,2,traffic_signs,0.39175084233283997,434.18365478515625,344.9787292480469,569.2381591796875,525.1088256835938,501.7109069824219,435.0437774658203,135.05450439453125,180.13009643554688
IMG_0028.mp4,1978,65.93333333333334,30.0,915,2,traffic_signs,0.5523727536201477,1763.301025390625,455.611328125,1805.0142822265625,531.9014282226562,1784.1576538085938,493.7563781738281,41.7132568359375,76.29010009765625
IMG_0028.mp4,1978,65.93333333333334,30.0,916,2,traffic_signs,0.2799763083457947,1763.5616455078125,455.8938903808594,1805.4564208984375,532.8442993164062,1784.509033203125,494.3690948486328,41.894775390625,76.95040893554688
IMG_0028.mp4,1979,65.96666666666667,30.0,797,2,traffic_signs,0.9565461874008179,1684.991455078125,318.3076477050781,1783.5770263671875,407.9020080566406,1734.2842407226562,363.1048278808594,98.5855712890625,89.5943603515625
IMG_0028.mp4,1979,65.96666666666667,30.0,830,1,traffic_lights,0.897170901298523,607.72412109375,363.6596984863281,670.3519287109375,506.97052001953125,639.0380249023438,435.3151092529297,62.6278076171875,143.31082153320312
IMG_0028.mp4,1979,65.96666666666667,30.0,912,2,traffic_signs,0.76617032289505,1091.492431640625,602.007568359375,1106.2198486328125,626.1546020507812,1098.8561401367188,614.0810852050781,14.7274169921875,24.14703369140625
IMG_0028.mp4,1979,65.96666666666667,30.0,914,2,traffic_signs,0.6951618194580078,1190.4796142578125,631.9911499023438,1200.558349609375,644.3781127929688,1195.5189819335938,638.1846313476562,10.0787353515625,12.386962890625
IMG_0028.mp4,1979,65.96666666666667,30.0,918,2,traffic_signs,0.3670971095561981,434.286865234375,344.93487548828125,569.3024291992188,525.2771606445312,501.7946472167969,435.10601806640625,135.01556396484375,180.34228515625
IMG_0028.mp4,1979,65.96666666666667,30.0,915,2,traffic_signs,0.5812951922416687,1763.30029296875,455.4983215332031,1804.9798583984375,532.2037963867188,1784.1400756835938,493.85105895996094,41.6795654296875,76.70547485351562
IMG_0028.mp4,1979,65.96666666666667,30.0,916,2,traffic_signs,0.38919755816459656,1763.4866943359375,455.6581726074219,1805.4002685546875,533.1827392578125,1784.4434814453125,494.4204559326172,41.91357421875,77.52456665039062
IMG_0028.mp4,1980,66.0,30.0,797,2,traffic_signs,0.9564294219017029,1685.0076904296875,318.2965393066406,1783.5780029296875,407.83843994140625,1734.2928466796875,363.06748962402344,98.5703125,89.54190063476562
IMG_0028.mp4,1980,66.0,30.0,830,1,traffic_lights,0.9045524597167969,607.6060791015625,363.61871337890625,670.286865234375,506.9602966308594,638.9464721679688,435.2895050048828,62.6807861328125,143.34158325195312
IMG_0028.mp4,1980,66.0,30.0,912,2,traffic_signs,0.7694771885871887,1091.4615478515625,602.0239868164062,1106.1279296875,626.1088256835938,1098.7947387695312,614.06640625,14.6663818359375,24.0848388671875
IMG_0028.mp4,1980,66.0,30.0,914,2,traffic_signs,0.6949614882469177,1190.3858642578125,632.0026245117188,1200.5465087890625,644.281005859375,1195.4661865234375,638.1418151855469,10.16064453125,12.27838134765625
IMG_0028.mp4,1980,66.0,30.0,918,2,traffic_signs,0.34220466017723083,434.331787109375,344.86163330078125,569.2302856445312,525.2503051757812,501.7810363769531,435.05596923828125,134.89849853515625,180.388671875
IMG_0028.mp4,1980,66.0,30.0,915,2,traffic_signs,0.5202257037162781,1763.3565673828125,455.4620666503906,1804.8272705078125,532.0664672851562,1784.0919189453125,493.76426696777344,41.470703125,76.60440063476562
IMG_0028.mp4,1980,66.0,30.0,916,2,traffic_signs,0.2742519974708557,1763.5660400390625,455.3272399902344,1805.160888671875,533.0076904296875,1784.3634643554688,494.16746520996094,41.5948486328125,77.68045043945312
IMG_0028.mp4,1980,66.0,30.0,851,1,traffic_lights,0.34263575077056885,1564.0303955078125,441.53851318359375,1591.6676025390625,486.23455810546875,1577.8489990234375,463.88653564453125,27.63720703125,44.696044921875
IMG_0028.mp4,1981,66.03333333333333,30.0,797,2,traffic_signs,0.9568194150924683,1685.201416015625,318.3241882324219,1783.706787109375,407.9173583984375,1734.4541015625,363.1207733154297,98.50537109375,89.59317016601562
IMG_0028.mp4,1981,66.03333333333333,30.0,830,1,traffic_lights,0.9068797826766968,607.7706909179688,363.6148681640625,670.1983642578125,506.5611572265625,638.9845275878906,435.0880126953125,62.42767333984375,142.9462890625
IMG_0028.mp4,1981,66.03333333333333,30.0,912,2,traffic_signs,0.7404336333274841,1091.490478515625,602.013916015625,1106.1065673828125,626.0459594726562,1098.7985229492188,614.0299377441406,14.6160888671875,24.03204345703125
IMG_0028.mp4,1981,66.03333333333333,30.0,914,2,traffic_signs,0.6993783116340637,1190.4622802734375,631.9089965820312,1200.5716552734375,644.2211303710938,1195.5169677734375,638.0650634765625,10.109375,12.3121337890625
IMG_0028.mp4,1981,66.03333333333333,30.0,918,2,traffic_signs,0.3593079447746277,434.3251037597656,344.8432922363281,569.325927734375,525.2996215820312,501.8255157470703,435.0714569091797,135.00082397460938,180.45632934570312
IMG_0028.mp4,1981,66.03333333333333,30.0,915,2,traffic_signs,0.4794032573699951,1763.6846923828125,455.84234619140625,1805.280029296875,532.125732421875,1784.4823608398438,493.9840393066406,41.5953369140625,76.28338623046875
IMG_0028.mp4,1981,66.03333333333333,30.0,916,2,traffic_signs,0.28945955634117126,1764.07177734375,454.8994445800781,1805.7432861328125,532.9320678710938,1784.9075317382812,493.91575622558594,41.6715087890625,78.03262329101562
IMG_0028.mp4,1982,66.06666666666666,30.0,797,2,traffic_signs,0.9562700986862183,1684.98779296875,318.3743591308594,1783.5755615234375,407.9757080078125,1734.2816772460938,363.17503356933594,98.5877685546875,89.60134887695312
IMG_0028.mp4,1982,66.06666666666666,30.0,830,1,traffic_lights,0.8994019031524658,607.65966796875,363.908447265625,670.1768798828125,506.91748046875,638.9182739257812,435.4129638671875,62.5172119140625,143.009033203125
IMG_0028.mp4,1982,66.06666666666666,30.0,912,2,traffic_signs,0.7420403957366943,1091.4425048828125,602.055908203125,1106.0430908203125,626.0831909179688,1098.7427978515625,614.0695495605469,14.6005859375,24.02728271484375
IMG_0028.mp4,1982,66.06666666666666,30.0,914,2,traffic_signs,0.680569589138031,1190.3349609375,631.9529418945312,1200.4635009765625,644.226806640625,1195.3992309570312,638.0898742675781,10.1285400390625,12.27386474609375
IMG_0028.mp4,1982,66.06666666666666,30.0,918,2,traffic_signs,0.3188479244709015,434.22894287109375,344.982666015625,569.240234375,525.532958984375,501.7345886230469,435.2578125,135.01129150390625,180.55029296875
IMG_0028.mp4,1982,66.06666666666666,30.0,915,2,traffic_signs,0.47348079085350037,1763.3521728515625,455.6259765625,1805.068603515625,532.4124145507812,1784.2103881835938,494.0191955566406,41.7164306640625,76.78643798828125
IMG_0028.mp4,1982,66.06666666666666,30.0,851,1,traffic_lights,0.26905807852745056,1564.09033203125,441.7337951660156,1591.620361328125,486.3444519042969,1577.8553466796875,464.03912353515625,27.530029296875,44.61065673828125
IMG_0028.mp4,1983,66.1,30.0,797,2,traffic_signs,0.9562093019485474,1685.1251220703125,318.4573669433594,1783.8692626953125,408.19189453125,1734.4971923828125,363.3246307373047,98.744140625,89.73452758789062
IMG_0028.mp4,1983,66.1,30.0,830,1,traffic_lights,0.8931844830513,607.705322265625,363.91839599609375,670.1000366210938,507.2510986328125,638.9026794433594,435.5847473144531,62.39471435546875,143.33270263671875
IMG_0028.mp4,1983,66.1,30.0,912,2,traffic_signs,0.73438560962677,1091.3974609375,602.3094482421875,1106.0328369140625,626.2900390625,1098.7151489257812,614.2997436523438,14.6353759765625,23.9805908203125
IMG_0028.mp4,1983,66.1,30.0,914,2,traffic_signs,0.6721398830413818,1190.4439697265625,632.1368408203125,1200.3800048828125,644.5017700195312,1195.4119873046875,638.3193054199219,9.93603515625,12.36492919921875
IMG_0028.mp4,1983,66.1,30.0,918,2,traffic_signs,0.30092018842697144,433.9647216796875,345.18829345703125,569.18505859375,525.8475952148438,501.57489013671875,435.5179443359375,135.2203369140625,180.6593017578125
IMG_0028.mp4,1983,66.1,30.0,915,2,traffic_signs,0.6400753259658813,1763.5682373046875,455.92864990234375,1805.29931640625,532.7261962890625,1784.4337768554688,494.3274230957031,41.7310791015625,76.79754638671875
IMG_0028.mp4,1983,66.1,30.0,851,1,traffic_lights,0.2768736183643341,1564.0960693359375,441.9517822265625,1591.682861328125,486.59454345703125,1577.8894653320312,464.2731628417969,27.5867919921875,44.64276123046875
IMG_0028.mp4,1984,66.13333333333334,30.0,797,2,traffic_signs,0.9562365412712097,1685.162353515625,318.367919921875,1783.974365234375,408.1481018066406,1734.568359375,363.2580108642578,98.81201171875,89.78018188476562
IMG_0028.mp4,1984,66.13333333333334,30.0,830,1,traffic_lights,0.8929674029350281,607.5958251953125,363.8580322265625,669.7853393554688,507.1366271972656,638.6905822753906,435.49732971191406,62.18951416015625,143.27859497070312
IMG_0028.mp4,1984,66.13333333333334,30.0,912,2,traffic_signs,0.7082381844520569,1091.352783203125,602.36181640625,1105.95654296875,626.35009765625,1098.6546630859375,614.35595703125,14.603759765625,23.98828125
IMG_0028.mp4,1984,66.13333333333334,30.0,914,2,traffic_signs,0.6783599853515625,1190.556640625,632.04833984375,1200.322265625,644.4647827148438,1195.439453125,638.2565612792969,9.765625,12.41644287109375
IMG_0028.mp4,1984,66.13333333333334,30.0,918,2,traffic_signs,0.31666800379753113,433.78668212890625,345.1410217285156,569.1441040039062,525.7618408203125,501.46539306640625,435.45143127441406,135.357421875,180.62081909179688
IMG_0028.mp4,1984,66.13333333333334,30.0,915,2,traffic_signs,0.705706000328064,1763.6148681640625,456.42718505859375,1805.63134765625,532.66259765625,1784.6231079101562,494.5448913574219,42.0164794921875,76.23541259765625
IMG_0028.mp4,1984,66.13333333333334,30.0,851,1,traffic_lights,0.26437050104141235,1564.034423828125,441.9757080078125,1591.546142578125,486.5897216796875,1577.790283203125,464.28271484375,27.51171875,44.614013671875
IMG_0028.mp4,1984,66.13333333333334,30.0,919,2,traffic_signs,0.4443974494934082,1763.66357421875,456.0383605957031,1806.37841796875,533.8124389648438,1785.02099609375,494.92539978027344,42.71484375,77.77407836914062
IMG_0028.mp4,1985,66.16666666666667,30.0,797,2,traffic_signs,0.9560560584068298,1685.3275146484375,318.2191467285156,1784.08984375,408.0118408203125,1734.7086791992188,363.11549377441406,98.7623291015625,89.79269409179688
IMG_0028.mp4,1985,66.16666666666667,30.0,830,1,traffic_lights,0.9089785814285278,607.0892333984375,363.7728576660156,669.6915893554688,507.4299011230469,638.3904113769531,435.60137939453125,62.60235595703125,143.65704345703125
IMG_0028.mp4,1985,66.16666666666667,30.0,912,2,traffic_signs,0.6785393953323364,1091.3719482421875,602.2531127929688,1105.94775390625,626.367431640625,1098.6598510742188,614.3102722167969,14.5758056640625,24.11431884765625
IMG_0028.mp4,1985,66.16666666666667,30.0,914,2,traffic_signs,0.6776440143585205,1190.7607421875,632.1127319335938,1200.3287353515625,644.40869140625,1195.5447387695312,638.2607116699219,9.5679931640625,12.29595947265625
IMG_0028.mp4,1985,66.16666666666667,30.0,918,2,traffic_signs,0.3578706383705139,433.6177978515625,345.09173583984375,568.948486328125,525.5352172851562,501.28314208984375,435.3134765625,135.3306884765625,180.4434814453125
IMG_0028.mp4,1985,66.16666666666667,30.0,915,2,traffic_signs,0.6586422324180603,1763.4876708984375,456.2780456542969,1806.1878662109375,532.9689331054688,1784.8377685546875,494.6234893798828,42.7001953125,76.69088745117188
IMG_0028.mp4,1985,66.16666666666667,30.0,851,1,traffic_lights,0.27996525168418884,1564.034423828125,441.9726257324219,1591.51220703125,486.54815673828125,1577.7733154296875,464.26039123535156,27.477783203125,44.575531005859375
IMG_0028.mp4,1985,66.16666666666667,30.0,919,2,traffic_signs,0.5700624585151672,1763.4759521484375,455.4873962402344,1806.896728515625,534.7510986328125,1785.1863403320312,495.11924743652344,43.4207763671875,79.26370239257812
IMG_0028.mp4,1986,66.2,30.0,797,2,traffic_signs,0.9560441970825195,1685.3226318359375,318.181884765625,1784.1065673828125,407.9743347167969,1734.714599609375,363.07810974121094,98.783935546875,89.79244995117188
IMG_0028.mp4,1986,66.2,30.0,830,1,traffic_lights,0.9141106605529785,606.9169921875,363.67071533203125,669.6741943359375,507.62603759765625,638.2955932617188,435.64837646484375,62.7572021484375,143.955322265625
IMG_0028.mp4,1986,66.2,30.0,912,2,traffic_signs,0.6782516241073608,1091.3857421875,602.2086181640625,1105.9207763671875,626.4498901367188,1098.6532592773438,614.3292541503906,14.5350341796875,24.24127197265625
IMG_0028.mp4,1986,66.2,30.0,914,2,traffic_signs,0.6894579529762268,1190.8475341796875,632.1516723632812,1200.3660888671875,644.4239501953125,1195.6068115234375,638.2878112792969,9.5185546875,12.27227783203125
IMG_0028.mp4,1986,66.2,30.0,918,2,traffic_signs,0.3623645603656769,433.6764831542969,345.1185607910156,568.9114990234375,525.371826171875,501.2939910888672,435.2451934814453,135.23501586914062,180.25326538085938
IMG_0028.mp4,1986,66.2,30.0,915,2,traffic_signs,0.5744735598564148,1763.33837890625,456.14263916015625,1806.3887939453125,533.07421875,1784.8635864257812,494.6084289550781,43.0504150390625,76.93157958984375
IMG_0028.mp4,1986,66.2,30.0,851,1,traffic_lights,0.3056732416152954,1564.0225830078125,441.93707275390625,1591.47705078125,486.5709228515625,1577.7498168945312,464.2539978027344,27.4544677734375,44.63385009765625
IMG_0028.mp4,1986,66.2,30.0,919,2,traffic_signs,0.4546220600605011,1763.5328369140625,454.5752258300781,1807.119384765625,534.998046875,1785.3261108398438,494.78663635253906,43.5865478515625,80.42282104492188
IMG_0028.mp4,1987,66.23333333333333,30.0,797,2,traffic_signs,0.9561524987220764,1685.260009765625,318.1601867675781,1784.010986328125,407.97003173828125,1734.635498046875,363.0651092529297,98.7509765625,89.80984497070312
IMG_0028.mp4,1987,66.23333333333333,30.0,830,1,traffic_lights,0.8978546857833862,607.104248046875,363.64935302734375,669.5820922851562,507.48236083984375,638.3431701660156,435.56585693359375,62.47784423828125,143.8330078125
IMG_0028.mp4,1987,66.23333333333333,30.0,912,2,traffic_signs,0.6619492769241333,1091.3934326171875,602.1476440429688,1105.9429931640625,626.3344116210938,1098.668212890625,614.2410278320312,14.549560546875,24.186767578125
IMG_0028.mp4,1987,66.23333333333333,30.0,914,2,traffic_signs,0.666491687297821,1190.8214111328125,632.1414794921875,1200.288330078125,644.41748046875,1195.5548706054688,638.2794799804688,9.4669189453125,12.2760009765625
IMG_0028.mp4,1987,66.23333333333333,30.0,918,2,traffic_signs,0.3545403480529785,433.7143859863281,345.1455383300781,568.8355712890625,525.1567993164062,501.2749786376953,435.1511688232422,135.12118530273438,180.01126098632812
IMG_0028.mp4,1987,66.23333333333333,30.0,915,2,traffic_signs,0.6266974806785583,1763.4024658203125,456.18011474609375,1805.9146728515625,532.6027221679688,1784.6585693359375,494.39141845703125,42.51220703125,76.422607421875
IMG_0028.mp4,1987,66.23333333333333,30.0,851,1,traffic_lights,0.34877076745033264,1563.91748046875,441.8632507324219,1591.508056640625,486.607666015625,1577.7127685546875,464.23545837402344,27.590576171875,44.744415283203125
IMG_0028.mp4,1987,66.23333333333333,30.0,919,2,traffic_signs,0.37233680486679077,1763.613037109375,454.8427429199219,1806.7138671875,533.9553833007812,1785.1634521484375,494.39906311035156,43.100830078125,79.11264038085938
IMG_0028.mp4,1988,66.26666666666667,30.0,797,2,traffic_signs,0.9563198089599609,1685.2294921875,318.0674133300781,1783.8397216796875,408.049560546875,1734.5346069335938,363.05848693847656,98.6102294921875,89.98214721679688
IMG_0028.mp4,1988,66.26666666666667,30.0,830,1,traffic_lights,0.9219902157783508,606.97900390625,363.6131286621094,669.7808837890625,507.684326171875,638.3799438476562,435.6487274169922,62.8018798828125,144.07119750976562
IMG_0028.mp4,1988,66.26666666666667,30.0,912,2,traffic_signs,0.6348742842674255,1091.392822265625,602.083740234375,1105.9576416015625,626.1444702148438,1098.6752319335938,614.1141052246094,14.5648193359375,24.06072998046875
IMG_0028.mp4,1988,66.26666666666667,30.0,914,2,traffic_signs,0.6556136608123779,1190.7828369140625,632.086669921875,1200.2249755859375,644.3756103515625,1195.50390625,638.2311401367188,9.442138671875,12.2889404296875
IMG_0028.mp4,1988,66.26666666666667,30.0,918,2,traffic_signs,0.3589369058609009,433.7790222167969,345.0893249511719,568.8287353515625,525.221435546875,501.3038787841797,435.15538024902344,135.04971313476562,180.13211059570312
IMG_0028.mp4,1988,66.26666666666667,30.0,851,1,traffic_lights,0.3200716972351074,1563.93603515625,441.90411376953125,1591.5516357421875,486.42120361328125,1577.7438354492188,464.16265869140625,27.6156005859375,44.51708984375
IMG_0028.mp4,1989,66.3,30.0,797,2,traffic_signs,0.9560881853103638,1685.166259765625,318.0243225097656,1783.73974609375,408.0174560546875,1734.4530029296875,363.02088928222656,98.573486328125,89.99313354492188
IMG_0028.mp4,1989,66.3,30.0,830,1,traffic_lights,0.9213559627532959,606.9739990234375,363.7270812988281,669.8673706054688,507.567626953125,638.4206848144531,435.64735412597656,62.89337158203125,143.84054565429688
IMG_0028.mp4,1989,66.3,30.0,912,2,traffic_signs,0.6664897799491882,1091.3245849609375,602.00341796875,1105.9625244140625,626.1421508789062,1098.6435546875,614.0727844238281,14.637939453125,24.13873291015625
IMG_0028.mp4,1989,66.3,30.0,914,2,traffic_signs,0.6490889191627502,1190.693115234375,631.897216796875,1200.2100830078125,644.3545532226562,1195.4515991210938,638.1258850097656,9.5169677734375,12.45733642578125
IMG_0028.mp4,1989,66.3,30.0,918,2,traffic_signs,0.38713741302490234,433.8009948730469,345.1188659667969,568.80224609375,525.1972045898438,501.30162048339844,435.1580352783203,135.00125122070312,180.07833862304688
IMG_0028.mp4,1989,66.3,30.0,851,1,traffic_lights,0.3631110191345215,1563.8494873046875,441.858154296875,1591.589599609375,486.2611999511719,1577.7195434570312,464.05967712402344,27.7401123046875,44.403045654296875
IMG_0028.mp4,1990,66.33333333333333,30.0,797,2,traffic_signs,0.9558833837509155,1685.191650390625,318.08880615234375,1783.85546875,408.0647888183594,1734.5235595703125,363.07679748535156,98.663818359375,89.97598266601562
IMG_0028.mp4,1990,66.33333333333333,30.0,830,1,traffic_lights,0.9193721413612366,607.1563110351562,363.7914733886719,669.8709716796875,507.4043273925781,638.5136413574219,435.597900390625,62.71466064453125,143.61285400390625
IMG_0028.mp4,1990,66.33333333333333,30.0,912,2,traffic_signs,0.658333420753479,1091.3580322265625,602.167236328125,1105.97021484375,626.1908569335938,1098.6641235351562,614.1790466308594,14.6121826171875,24.02362060546875
IMG_0028.mp4,1990,66.33333333333333,30.0,914,2,traffic_signs,0.6480177640914917,1190.7257080078125,631.9548950195312,1200.2301025390625,644.4291381835938,1195.4779052734375,638.1920166015625,9.50439453125,12.4742431640625
IMG_0028.mp4,1990,66.33333333333333,30.0,918,2,traffic_signs,0.36998918652534485,433.8674621582031,345.16278076171875,568.8297729492188,525.2304077148438,501.34861755371094,435.19659423828125,134.96231079101562,180.067626953125
IMG_0028.mp4,1990,66.33333333333333,30.0,851,1,traffic_lights,0.3186829686164856,1563.9456787109375,441.8649597167969,1591.6134033203125,486.3650207519531,1577.779541015625,464.114990234375,27.667724609375,44.50006103515625
IMG_0028.mp4,1991,66.36666666666666,30.0,797,2,traffic_signs,0.9562011361122131,1685.1734619140625,317.9542541503906,1783.907470703125,407.9566955566406,1734.5404663085938,362.9554748535156,98.7340087890625,90.00244140625
IMG_0028.mp4,1991,66.36666666666666,30.0,830,1,traffic_lights,0.9282991886138916,606.5030517578125,363.78887939453125,669.6532592773438,507.8246154785156,638.0781555175781,435.80674743652344,63.15020751953125,144.03573608398438
IMG_0028.mp4,1991,66.36666666666666,30.0,912,2,traffic_signs,0.6251499056816101,1091.2891845703125,602.1637573242188,1105.8720703125,626.24072265625,1098.5806274414062,614.2022399902344,14.5828857421875,24.07696533203125
IMG_0028.mp4,1991,66.36666666666666,30.0,914,2,traffic_signs,0.6186429858207703,1190.716796875,631.8851318359375,1200.2000732421875,644.424072265625,1195.4584350585938,638.1546020507812,9.4832763671875,12.5389404296875
IMG_0028.mp4,1991,66.36666666666666,30.0,918,2,traffic_signs,0.35817569494247437,433.63525390625,345.000244140625,568.5453491210938,524.8594970703125,501.0903015136719,434.92987060546875,134.91009521484375,179.8592529296875
IMG_0028.mp4,1991,66.36666666666666,30.0,851,1,traffic_lights,0.3495219051837921,1564.0382080078125,441.764892578125,1591.5948486328125,486.2676086425781,1577.8165283203125,464.01625061035156,27.556640625,44.502716064453125
IMG_0028.mp4,1992,66.4,30.0,797,2,traffic_signs,0.9554924368858337,1685.278076171875,317.9819641113281,1784.001708984375,408.02496337890625,1734.639892578125,363.0034637451172,98.7236328125,90.04299926757812
IMG_0028.mp4,1992,66.4,30.0,830,1,traffic_lights,0.9331778287887573,606.3430786132812,363.97149658203125,669.6531372070312,507.8215637207031,637.9981079101562,435.8965301513672,63.31005859375,143.85006713867188
IMG_0028.mp4,1992,66.4,30.0,912,2,traffic_signs,0.6183369159698486,1091.3297119140625,602.2647094726562,1105.88330078125,626.30859375,1098.6065063476562,614.2866516113281,14.5535888671875,24.04388427734375
IMG_0028.mp4,1992,66.4,30.0,914,2,traffic_signs,0.6268467903137207,1190.7626953125,631.8442993164062,1200.2060546875,644.4619140625,1195.484375,638.1531066894531,9.443359375,12.61761474609375
IMG_0028.mp4,1992,66.4,30.0,918,2,traffic_signs,0.33186089992523193,433.6487121582031,345.0456848144531,568.7431640625,525.0774536132812,501.19593811035156,435.0615692138672,135.09445190429688,180.03176879882812
IMG_0028.mp4,1992,66.4,30.0,851,1,traffic_lights,0.3850521445274353,1564.2144775390625,441.8504638671875,1591.6951904296875,486.3392639160156,1577.954833984375,464.09486389160156,27.480712890625,44.488800048828125
IMG_0028.mp4,1993,66.43333333333334,30.0,797,2,traffic_signs,0.9556873440742493,1685.2545166015625,318.0071105957031,1783.9891357421875,407.99859619140625,1734.621826171875,363.0028533935547,98.734619140625,89.99148559570312
IMG_0028.mp4,1993,66.43333333333334,30.0,830,1,traffic_lights,0.9296615719795227,605.8389282226562,363.79046630859375,669.4420166015625,507.7596740722656,637.6404724121094,435.7750701904297,63.60308837890625,143.96920776367188
IMG_0028.mp4,1993,66.43333333333334,30.0,912,2,traffic_signs,0.599633514881134,1091.260009765625,602.2747802734375,1105.840576171875,626.4554443359375,1098.55029296875,614.3651123046875,14.58056640625,24.1806640625
IMG_0028.mp4,1993,66.43333333333334,30.0,914,2,traffic_signs,0.652133047580719,1190.673828125,631.9210815429688,1200.19580078125,644.591796875,1195.434814453125,638.2564392089844,9.52197265625,12.67071533203125
IMG_0028.mp4,1993,66.43333333333334,30.0,918,2,traffic_signs,0.3450520634651184,433.53277587890625,344.9840087890625,568.7093505859375,524.9796142578125,501.1210632324219,434.9818115234375,135.17657470703125,179.99560546875
IMG_0028.mp4,1993,66.43333333333334,30.0,851,1,traffic_lights,0.40317922830581665,1564.2412109375,441.8268737792969,1591.7171630859375,486.32171630859375,1577.9791870117188,464.0742950439453,27.4759521484375,44.494842529296875
IMG_0028.mp4,1994,66.46666666666667,30.0,797,2,traffic_signs,0.9551671147346497,1685.4036865234375,317.94488525390625,1784.033935546875,407.9820861816406,1734.7188110351562,362.96348571777344,98.6302490234375,90.03720092773438
IMG_0028.mp4,1994,66.46666666666667,30.0,830,1,traffic_lights,0.9393193125724792,605.429443359375,363.54388427734375,669.4522094726562,507.98095703125,637.4408264160156,435.7624206542969,64.02276611328125,144.43707275390625
IMG_0028.mp4,1994,66.46666666666667,30.0,912,2,traffic_signs,0.642487645149231,1091.2637939453125,602.2974853515625,1105.775146484375,626.4989624023438,1098.5194702148438,614.3982238769531,14.5113525390625,24.20147705078125
IMG_0028.mp4,1994,66.46666666666667,30.0,914,2,traffic_signs,0.6552574038505554,1190.717041015625,632.0918579101562,1200.17822265625,644.7301025390625,1195.4476318359375,638.4109802246094,9.461181640625,12.63824462890625
IMG_0028.mp4,1994,66.46666666666667,30.0,918,2,traffic_signs,0.36210623383522034,433.5002746582031,344.974853515625,568.8590698242188,524.802734375,501.17967224121094,434.8887939453125,135.35879516601562,179.827880859375
IMG_0028.mp4,1994,66.46666666666667,30.0,851,1,traffic_lights,0.44943177700042725,1564.2523193359375,441.7988586425781,1591.799072265625,486.3217468261719,1578.0256958007812,464.060302734375,27.5467529296875,44.52288818359375
IMG_0028.mp4,1995,66.5,30.0,797,2,traffic_signs,0.9565598368644714,1685.0302734375,317.5600280761719,1783.7716064453125,407.7391357421875,1734.4009399414062,362.6495819091797,98.7413330078125,90.17910766601562
IMG_0028.mp4,1995,66.5,30.0,830,1,traffic_lights,0.9346510171890259,605.4000854492188,363.2504577636719,669.3367309570312,507.6843566894531,637.368408203125,435.4674072265625,63.9366455078125,144.43389892578125
IMG_0028.mp4,1995,66.5,30.0,912,2,traffic_signs,0.6068138480186462,1091.1138916015625,601.9501342773438,1105.55615234375,626.125732421875,1098.3350219726562,614.0379333496094,14.4422607421875,24.17559814453125
IMG_0028.mp4,1995,66.5,30.0,914,2,traffic_signs,0.6586214303970337,1190.3525390625,631.6004638671875,1200.0911865234375,644.33740234375,1195.2218627929688,637.9689331054688,9.7386474609375,12.7369384765625
IMG_0028.mp4,1995,66.5,30.0,918,2,traffic_signs,0.3728630542755127,433.2626953125,344.67681884765625,568.8436279296875,523.9741821289062,501.05316162109375,434.32550048828125,135.5809326171875,179.29736328125
IMG_0028.mp4,1995,66.5,30.0,851,1,traffic_lights,0.40130624175071716,1564.095947265625,441.1668395996094,1591.5765380859375,485.82281494140625,1577.8362426757812,463.4948272705078,27.4805908203125,44.655975341796875
IMG_0028.mp4,1996,66.53333333333333,30.0,797,2,traffic_signs,0.9563611745834351,1685.1102294921875,317.63885498046875,1783.9666748046875,407.8128967285156,1734.5384521484375,362.7258758544922,98.8564453125,90.17404174804688
IMG_0028.mp4,1996,66.53333333333333,30.0,830,1,traffic_lights,0.9274112582206726,605.5747680664062,363.1755676269531,669.3844604492188,507.65386962890625,637.4796142578125,435.4147186279297,63.8096923828125,144.47830200195312
IMG_0028.mp4,1996,66.53333333333333,30.0,912,2,traffic_signs,0.6505323648452759,1091.3309326171875,601.9603881835938,1105.637939453125,626.09228515625,1098.4844360351562,614.0263366699219,14.3070068359375,24.13189697265625
IMG_0028.mp4,1996,66.53333333333333,30.0,914,2,traffic_signs,0.6450840830802917,1190.3094482421875,631.43017578125,1200.1353759765625,644.2753295898438,1195.222412109375,637.8527526855469,9.825927734375,12.84515380859375
IMG_0028.mp4,1996,66.53333333333333,30.0,918,2,traffic_signs,0.36456742882728577,433.16766357421875,344.7479553222656,568.8651733398438,524.0782470703125,501.01641845703125,434.41310119628906,135.697509765625,179.33029174804688
IMG_0028.mp4,1996,66.53333333333333,30.0,851,1,traffic_lights,0.44194233417510986,1564.12109375,441.2733459472656,1591.7742919921875,486.0340881347656,1577.9476928710938,463.6537170410156,27.6531982421875,44.7607421875
IMG_0028.mp4,1997,66.56666666666666,30.0,797,2,traffic_signs,0.9567887187004089,1685.167724609375,317.4136657714844,1784.062744140625,407.7501220703125,1734.615234375,362.58189392089844,98.89501953125,90.33645629882812
IMG_0028.mp4,1997,66.56666666666666,30.0,830,1,traffic_lights,0.9186657667160034,605.2590942382812,363.4677734375,669.2128295898438,507.96856689453125,637.2359619140625,435.7181701660156,63.9537353515625,144.50079345703125
IMG_0028.mp4,1997,66.56666666666666,30.0,912,2,traffic_signs,0.5465984344482422,1091.259765625,601.9330444335938,1105.548828125,626.0839233398438,1098.404296875,614.0084838867188,14.2890625,24.15087890625
IMG_0028.mp4,1997,66.56666666666666,30.0,914,2,traffic_signs,0.6375871300697327,1190.244140625,631.5568237304688,1199.99658203125,644.245849609375,1195.120361328125,637.9013366699219,9.75244140625,12.68902587890625
IMG_0028.mp4,1997,66.56666666666666,30.0,918,2,traffic_signs,0.2961701452732086,432.7242126464844,344.5531005859375,568.7059936523438,524.2008056640625,500.71510314941406,434.376953125,135.98178100585938,179.647705078125
IMG_0028.mp4,1997,66.56666666666666,30.0,851,1,traffic_lights,0.41444098949432373,1564.1656494140625,441.2834167480469,1591.794921875,486.0985412597656,1577.9802856445312,463.69097900390625,27.6292724609375,44.81512451171875
IMG_0028.mp4,1998,66.6,30.0,797,2,traffic_signs,0.9566185474395752,1685.30126953125,317.32586669921875,1784.07421875,407.7640075683594,1734.687744140625,362.54493713378906,98.77294921875,90.43814086914062
IMG_0028.mp4,1998,66.6,30.0,830,1,traffic_lights,0.9307529926300049,605.0486450195312,363.9944763183594,669.0321044921875,508.221923828125,637.0403747558594,436.1082000732422,63.98345947265625,144.22744750976562
IMG_0028.mp4,1998,66.6,30.0,912,2,traffic_signs,0.583792507648468,1091.209716796875,601.9500732421875,1105.5186767578125,626.0867309570312,1098.3641967773438,614.0184020996094,14.3089599609375,24.13665771484375
IMG_0028.mp4,1998,66.6,30.0,914,2,traffic_signs,0.6332629919052124,1190.2900390625,631.6572875976562,1199.9654541015625,644.19970703125,1195.1277465820312,637.9284973144531,9.6754150390625,12.54241943359375
IMG_0028.mp4,1998,66.6,30.0,918,2,traffic_signs,0.31470268964767456,432.4116516113281,344.4263610839844,568.4756469726562,524.041015625,500.4436492919922,434.2336883544922,136.06399536132812,179.61465454101562
IMG_0028.mp4,1998,66.6,30.0,851,1,traffic_lights,0.4180513322353363,1564.2550048828125,441.284912109375,1591.808349609375,486.1009216308594,1578.0316772460938,463.6929168701172,27.5533447265625,44.816009521484375
IMG_0028.mp4,1998,66.6,30.0,920,1,traffic_lights,0.42391517758369446,73.12206268310547,590.251708984375,89.44249725341797,612.0210571289062,81.28227996826172,601.1363830566406,16.3204345703125,21.76934814453125
IMG_0028.mp4,1999,66.63333333333334,30.0,797,2,traffic_signs,0.9562387466430664,1685.435791015625,317.1659851074219,1784.1646728515625,407.5801086425781,1734.8002319335938,362.373046875,98.7288818359375,90.41412353515625
IMG_0028.mp4,1999,66.63333333333334,30.0,830,1,traffic_lights,0.9282720685005188,604.856689453125,364.1955871582031,668.6819458007812,508.26007080078125,636.7693176269531,436.2278289794922,63.82525634765625,144.06448364257812
IMG_0028.mp4,1999,66.63333333333334,30.0,912,2,traffic_signs,0.5083445906639099,1091.150390625,601.884521484375,1105.401123046875,626.2476806640625,1098.2757568359375,614.0661010742188,14.250732421875,24.3631591796875
IMG_0028.mp4,1999,66.63333333333334,30.0,914,2,traffic_signs,0.6288001537322998,1190.312255859375,631.6536254882812,1199.893310546875,644.1951904296875,1195.102783203125,637.9244079589844,9.5810546875,12.54156494140625
IMG_0028.mp4,1999,66.63333333333334,30.0,918,2,traffic_signs,0.29095402359962463,432.00653076171875,344.2622985839844,568.3089599609375,523.8939819335938,500.1577453613281,434.07814025878906,136.30242919921875,179.63168334960938
IMG_0028.mp4,1999,66.63333333333334,30.0,851,1,traffic_lights,0.44581839442253113,1564.3150634765625,441.220947265625,1591.8206787109375,486.1056823730469,1578.06787109375,463.66331481933594,27.505615234375,44.884735107421875
IMG_0028.mp4,1999,66.63333333333334,30.0,920,1,traffic_lights,0.3534430265426636,72.93665313720703,590.2086791992188,89.33269500732422,611.8758544921875,81.13467407226562,601.0422668457031,16.396041870117188,21.66717529296875
IMG_0028.mp4,2000,66.66666666666667,30.0,797,2,traffic_signs,0.7923879027366638,1685.79248046875,316.94635009765625,1784.7244873046875,407.2911682128906,1735.2584838867188,362.11875915527344,98.9320068359375,90.34481811523438
IMG_0028.mp4,2000,66.66666666666667,30.0,830,1,traffic_lights,0.9422202706336975,604.5326538085938,364.12603759765625,668.617919921875,507.9910888671875,636.5752868652344,436.0585632324219,64.08526611328125,143.86505126953125
IMG_0028.mp4,2000,66.66666666666667,30.0,912,2,traffic_signs,0.6247711777687073,1091.1810302734375,601.9841918945312,1105.3040771484375,626.065673828125,1098.2425537109375,614.0249328613281,14.123046875,24.08148193359375
IMG_0028.mp4,2000,66.66666666666667,30.0,914,2,traffic_signs,0.5703152418136597,1190.274658203125,631.5492553710938,1199.619140625,643.6862182617188,1194.9468994140625,637.6177368164062,9.344482421875,12.136962890625
IMG_0028.mp4,2000,66.66666666666667,30.0,918,2,traffic_signs,0.3756231367588043,431.6922912597656,344.3516540527344,568.0496826171875,524.1845703125,499.87098693847656,434.2681121826172,136.35739135742188,179.83291625976562
IMG_0028.mp4,2000,66.66666666666667,30.0,851,1,traffic_lights,0.32723331451416016,1564.5479736328125,441.1545715332031,1591.748291015625,485.8477783203125,1578.1481323242188,463.5011749267578,27.2003173828125,44.693206787109375
IMG_0028.mp4,2000,66.66666666666667,30.0,920,1,traffic_lights,0.394220769405365,72.65583801269531,590.4452514648438,88.9769287109375,612.0315551757812,80.8163833618164,601.2384033203125,16.321090698242188,21.5863037109375
IMG_0028.mp4,2001,66.7,30.0,797,2,traffic_signs,0.5676836371421814,1685.93115234375,316.81884765625,1785.162109375,407.1635437011719,1735.546630859375,361.99119567871094,99.23095703125,90.34469604492188
IMG_0028.mp4,2001,66.7,30.0,830,1,traffic_lights,0.9396869540214539,604.43505859375,364.09814453125,668.3995361328125,507.74407958984375,636.4172973632812,435.9211120605469,63.9644775390625,143.64593505859375
IMG_0028.mp4,2001,66.7,30.0,912,2,traffic_signs,0.5430601835250854,1091.04248046875,601.9199829101562,1105.221923828125,625.9473266601562,1098.1322021484375,613.9336547851562,14.179443359375,24.02734375
IMG_0028.mp4,2001,66.7,30.0,914,2,traffic_signs,0.4440566301345825,1189.987060546875,631.4129638671875,1199.258544921875,643.5108032226562,1194.622802734375,637.4618835449219,9.271484375,12.09783935546875
IMG_0028.mp4,2001,66.7,30.0,918,2,traffic_signs,0.3164672553539276,431.2439270019531,344.1346740722656,567.9776000976562,524.41259765625,499.6107635498047,434.2736358642578,136.73367309570312,180.27792358398438
IMG_0028.mp4,2001,66.7,30.0,851,1,traffic_lights,0.3198542296886444,1564.6263427734375,441.0950012207031,1591.6593017578125,485.70355224609375,1578.142822265625,463.39927673339844,27.032958984375,44.608551025390625
IMG_0028.mp4,2001,66.7,30.0,920,1,traffic_lights,0.3565061390399933,72.33602142333984,590.4912719726562,88.61518859863281,612.1634521484375,80.47560501098633,601.3273620605469,16.27916717529297,21.67218017578125
IMG_0028.mp4,2002,66.73333333333333,30.0,797,2,traffic_signs,0.6504306793212891,1684.816162109375,316.6733093261719,1785.666748046875,407.1902160644531,1735.241455078125,361.9317626953125,100.8505859375,90.51690673828125
IMG_0028.mp4,2002,66.73333333333333,30.0,830,1,traffic_lights,0.936421275138855,604.6332397460938,364.11669921875,668.2872314453125,507.3935546875,636.4602355957031,435.755126953125,63.65399169921875,143.27685546875
IMG_0028.mp4,2002,66.73333333333333,30.0,912,2,traffic_signs,0.5274639129638672,1090.932373046875,601.7498168945312,1105.200927734375,625.9852294921875,1098.066650390625,613.8675231933594,14.2685546875,24.23541259765625
IMG_0028.mp4,2002,66.73333333333333,30.0,914,2,traffic_signs,0.4723359942436218,1189.87841796875,631.2843627929688,1199.10107421875,643.4615478515625,1194.48974609375,637.3729553222656,9.22265625,12.17718505859375
IMG_0028.mp4,2002,66.73333333333333,30.0,918,2,traffic_signs,0.3644431531429291,431.05682373046875,343.96435546875,567.5358276367188,524.5032348632812,499.29632568359375,434.2337951660156,136.47900390625,180.53887939453125
IMG_0028.mp4,2002,66.73333333333333,30.0,851,1,traffic_lights,0.33414357900619507,1564.546142578125,441.0354919433594,1591.532470703125,485.5357360839844,1578.039306640625,463.2856140136719,26.986328125,44.500244140625
IMG_0028.mp4,2002,66.73333333333333,30.0,920,1,traffic_lights,0.5057554244995117,72.49531555175781,590.50146484375,88.47740173339844,612.260009765625,80.48635864257812,601.3807373046875,15.982086181640625,21.758544921875
IMG_0028.mp4,2002,66.73333333333333,30.0,921,2,traffic_signs,0.39949747920036316,1685.4976806640625,316.75408935546875,1785.4013671875,407.094970703125,1735.4495239257812,361.9245300292969,99.9036865234375,90.34088134765625
IMG_0028.mp4,2003,66.76666666666667,30.0,797,2,traffic_signs,0.5825173258781433,1684.521728515625,316.5381774902344,1786.0474853515625,406.9810791015625,1735.2846069335938,361.75962829589844,101.5257568359375,90.44290161132812
IMG_0028.mp4,2003,66.76666666666667,30.0,830,1,traffic_lights,0.909002423286438,604.361572265625,363.907470703125,668.1771850585938,507.65020751953125,636.2693786621094,435.7788391113281,63.81561279296875,143.74273681640625
IMG_0028.mp4,2003,66.76666666666667,30.0,912,2,traffic_signs,0.548828661441803,1090.9117431640625,601.66943359375,1105.1754150390625,626.0263671875,1098.0435791015625,613.847900390625,14.263671875,24.35693359375
IMG_0028.mp4,2003,66.76666666666667,30.0,914,2,traffic_signs,0.48555704951286316,1189.895751953125,631.2118530273438,1199.07080078125,643.42529296875,1194.4832763671875,637.3185729980469,9.175048828125,12.21343994140625
IMG_0028.mp4,2003,66.76666666666667,30.0,918,2,traffic_signs,0.3465283215045929,430.6801452636719,343.6357116699219,567.3657836914062,523.9378051757812,499.02296447753906,433.78675842285156,136.68563842773438,180.30209350585938
IMG_0028.mp4,2003,66.76666666666667,30.0,851,1,traffic_lights,0.3447718918323517,1564.481689453125,440.96221923828125,1591.5462646484375,485.47088623046875,1578.0139770507812,463.216552734375,27.0645751953125,44.5086669921875
IMG_0028.mp4,2003,66.76666666666667,30.0,920,1,traffic_lights,0.3438003659248352,72.41034698486328,590.4495849609375,88.16340637207031,612.0363159179688,80.2868766784668,601.2429504394531,15.753059387207031,21.58673095703125
IMG_0028.mp4,2003,66.76666666666667,30.0,921,2,traffic_signs,0.43647754192352295,1685.9034423828125,316.6402893066406,1785.503662109375,406.8387145996094,1735.7035522460938,361.739501953125,99.6002197265625,90.19842529296875
IMG_0028.mp4,2004,66.8,30.0,797,2,traffic_signs,0.9298772811889648,1684.4981689453125,316.3833923339844,1786.294189453125,406.60369873046875,1735.3961791992188,361.49354553222656,101.7960205078125,90.22030639648438
IMG_0028.mp4,2004,66.8,30.0,830,1,traffic_lights,0.3403741419315338,603.7583618164062,362.1573181152344,667.5699462890625,507.5895690917969,635.6641540527344,434.8734436035156,63.81158447265625,145.4322509765625
IMG_0028.mp4,2004,66.8,30.0,912,2,traffic_signs,0.5210113525390625,1090.797607421875,601.4317016601562,1104.8538818359375,625.8658447265625,1097.8257446289062,613.6487731933594,14.0562744140625,24.43414306640625
IMG_0028.mp4,2004,66.8,30.0,914,2,traffic_signs,0.41836366057395935,1189.6083984375,630.98974609375,1198.8048095703125,643.0614013671875,1194.2066040039062,637.0255737304688,9.1964111328125,12.0716552734375
IMG_0028.mp4,2004,66.8,30.0,851,1,traffic_lights,0.33485013246536255,1564.3197021484375,440.877197265625,1591.410400390625,485.44927978515625,1577.8650512695312,463.1632385253906,27.0906982421875,44.57208251953125
IMG_0028.mp4,2004,66.8,30.0,920,1,traffic_lights,0.5430710911750793,72.14080047607422,590.49267578125,87.89017486572266,612.223388671875,80.01548767089844,601.3580322265625,15.749374389648438,21.730712890625
IMG_0028.mp4,2005,66.83333333333333,30.0,797,2,traffic_signs,0.9520401954650879,1684.8009033203125,316.3115539550781,1786.540771484375,406.33721923828125,1735.6708374023438,361.3243865966797,101.7398681640625,90.02566528320312
IMG_0028.mp4,2005,66.83333333333333,30.0,830,1,traffic_lights,0.8261357545852661,603.474365234375,361.9565124511719,667.134765625,507.507568359375,635.3045654296875,434.73204040527344,63.660400390625,145.55105590820312
IMG_0028.mp4,2005,66.83333333333333,30.0,912,2,traffic_signs,0.5978408455848694,1090.7222900390625,601.6576538085938,1104.7838134765625,626.0139770507812,1097.7530517578125,613.8358154296875,14.0615234375,24.3563232421875
IMG_0028.mp4,2005,66.83333333333333,30.0,914,2,traffic_signs,0.45200037956237793,1189.6087646484375,630.9017944335938,1198.8138427734375,643.232666015625,1194.2113037109375,637.0672302246094,9.205078125,12.33087158203125
IMG_0028.mp4,2005,66.83333333333333,30.0,851,1,traffic_lights,0.33169302344322205,1564.359619140625,440.90863037109375,1591.3482666015625,485.523681640625,1577.8539428710938,463.2161560058594,26.9886474609375,44.61505126953125
IMG_0028.mp4,2005,66.83333333333333,30.0,920,1,traffic_lights,0.5475923418998718,71.94938659667969,590.7645263671875,87.4708251953125,612.482177734375,79.7101058959961,601.6233520507812,15.521438598632812,21.7176513671875
IMG_0028.mp4,2006,66.86666666666666,30.0,797,2,traffic_signs,0.9638769030570984,1685.179443359375,316.1299133300781,1786.8125,405.9830017089844,1735.9959716796875,361.05645751953125,101.633056640625,89.85308837890625
IMG_0028.mp4,2006,66.86666666666666,30.0,830,1,traffic_lights,0.7434936761856079,603.2630615234375,361.9769592285156,666.9583129882812,507.6512145996094,635.1106872558594,434.8140869140625,63.69525146484375,145.67425537109375
IMG_0028.mp4,2006,66.86666666666666,30.0,912,2,traffic_signs,0.5729591846466064,1090.65380859375,601.4976196289062,1104.590576171875,626.0576171875,1097.6221923828125,613.7776184082031,13.936767578125,24.55999755859375
IMG_0028.mp4,2006,66.86666666666666,30.0,914,2,traffic_signs,0.4849241077899933,1189.6260986328125,630.8873291015625,1198.8519287109375,643.3631591796875,1194.239013671875,637.125244140625,9.225830078125,12.475830078125
IMG_0028.mp4,2006,66.86666666666666,30.0,851,1,traffic_lights,0.3050467371940613,1564.3555908203125,440.88421630859375,1591.1748046875,485.5307312011719,1577.7651977539062,463.2074737548828,26.8192138671875,44.646514892578125
IMG_0028.mp4,2006,66.86666666666666,30.0,920,1,traffic_lights,0.5831977725028992,71.7216796875,590.8056030273438,87.1342544555664,612.5465698242188,79.4279670715332,601.6760864257812,15.412574768066406,21.740966796875
IMG_0028.mp4,2007,66.9,30.0,797,2,traffic_signs,0.9628021121025085,1685.692138671875,315.7811279296875,1787.1395263671875,405.6221923828125,1736.4158325195312,360.70166015625,101.4473876953125,89.841064453125
IMG_0028.mp4,2007,66.9,30.0,830,1,traffic_lights,0.8392605185508728,603.2193603515625,361.6968688964844,666.6322021484375,507.4595642089844,634.92578125,434.5782165527344,63.412841796875,145.7626953125
IMG_0028.mp4,2007,66.9,30.0,912,2,traffic_signs,0.6747094988822937,1090.509033203125,601.4647827148438,1104.4927978515625,626.0661010742188,1097.5009155273438,613.7654418945312,13.9837646484375,24.601318359375
IMG_0028.mp4,2007,66.9,30.0,914,2,traffic_signs,0.4872986376285553,1189.6004638671875,630.6072387695312,1198.837890625,643.3599853515625,1194.2191772460938,636.9836120605469,9.2374267578125,12.75274658203125
IMG_0028.mp4,2007,66.9,30.0,920,1,traffic_lights,0.5808009505271912,71.48069763183594,590.803955078125,86.71891021728516,612.736572265625,79.09980392456055,601.770263671875,15.238212585449219,21.9326171875
IMG_0028.mp4,2008,66.93333333333334,30.0,797,2,traffic_signs,0.9616068601608276,1686.0770263671875,315.5048522949219,1787.271240234375,405.1675109863281,1736.6741333007812,360.336181640625,101.1942138671875,89.66265869140625
IMG_0028.mp4,2008,66.93333333333334,30.0,830,1,traffic_lights,0.8537668585777283,603.2841796875,361.18609619140625,666.3016357421875,507.3963623046875,634.7929077148438,434.2912292480469,63.0174560546875,146.21026611328125
IMG_0028.mp4,2008,66.93333333333334,30.0,912,2,traffic_signs,0.6753624677658081,1090.3350830078125,601.3736572265625,1104.36474609375,626.078369140625,1097.3499145507812,613.7260131835938,14.0296630859375,24.7047119140625
IMG_0028.mp4,2008,66.93333333333334,30.0,914,2,traffic_signs,0.5180556774139404,1189.472900390625,630.1531982421875,1198.6929931640625,643.202392578125,1194.0829467773438,636.6777954101562,9.2200927734375,13.0491943359375
IMG_0028.mp4,2008,66.93333333333334,30.0,920,1,traffic_lights,0.5851247906684875,71.18472290039062,590.6063232421875,86.3321533203125,612.8126220703125,78.75843811035156,601.70947265625,15.147430419921875,22.206298828125
IMG_0028.mp4,2008,66.93333333333334,30.0,918,2,traffic_signs,0.2859732210636139,427.356689453125,342.2857360839844,566.0131225585938,522.2310180664062,496.6849060058594,432.2583770751953,138.65643310546875,179.94528198242188
IMG_0028.mp4,2008,66.93333333333334,30.0,851,1,traffic_lights,0.29593226313591003,1564.0474853515625,440.5417785644531,1591.020751953125,485.2638854980469,1577.5341186523438,462.90283203125,26.9732666015625,44.72210693359375
IMG_0028.mp4,2009,66.96666666666667,30.0,797,2,traffic_signs,0.9609119892120361,1686.292724609375,314.9407043457031,1787.54736328125,404.9079895019531,1736.9200439453125,359.9243469238281,101.254638671875,89.96728515625
IMG_0028.mp4,2009,66.96666666666667,30.0,830,1,traffic_lights,0.7930052876472473,603.2642211914062,360.6712341308594,665.9539184570312,507.6864929199219,634.6090698242188,434.1788635253906,62.689697265625,147.0152587890625
IMG_0028.mp4,2009,66.96666666666667,30.0,912,2,traffic_signs,0.6804460287094116,1090.216552734375,601.3616943359375,1104.3099365234375,626.0305786132812,1097.2632446289062,613.6961364746094,14.0933837890625,24.66888427734375
IMG_0028.mp4,2009,66.96666666666667,30.0,914,2,traffic_signs,0.45693981647491455,1189.341796875,629.754150390625,1198.5460205078125,642.916259765625,1193.9439086914062,636.335205078125,9.2042236328125,13.162109375
IMG_0028.mp4,2009,66.96666666666667,30.0,920,1,traffic_lights,0.551387369632721,70.5653076171875,590.434326171875,85.78111267089844,613.0540771484375,78.17321014404297,601.7442016601562,15.215805053710938,22.6197509765625
IMG_0028.mp4,2009,66.96666666666667,30.0,918,2,traffic_signs,0.31684571504592896,426.2889404296875,341.96337890625,565.79931640625,521.65625,496.04412841796875,431.809814453125,139.5103759765625,179.69287109375
IMG_0028.mp4,2009,66.96666666666667,30.0,851,1,traffic_lights,0.308382123708725,1563.778564453125,440.4089660644531,1591.034423828125,485.10968017578125,1577.406494140625,462.7593231201172,27.255859375,44.700714111328125
IMG_0028.mp4,2010,67.0,30.0,797,2,traffic_signs,0.9604416489601135,1686.6173095703125,314.69683837890625,1787.82177734375,404.715576171875,1737.2195434570312,359.7062072753906,101.2044677734375,90.01873779296875
IMG_0028.mp4,2010,67.0,30.0,830,1,traffic_lights,0.8627852201461792,602.9285278320312,360.412353515625,665.8074951171875,508.3448791503906,634.3680114746094,434.3786163330078,62.87896728515625,147.93252563476562
IMG_0028.mp4,2010,67.0,30.0,912,2,traffic_signs,0.6672624349594116,1090.1976318359375,601.3848876953125,1104.3175048828125,626.123779296875,1097.257568359375,613.7543334960938,14.119873046875,24.7388916015625
IMG_0028.mp4,2010,67.0,30.0,914,2,traffic_signs,0.48533713817596436,1189.30078125,629.7922973632812,1198.55419921875,643.0576171875,1193.927490234375,636.4249572753906,9.25341796875,13.26531982421875
IMG_0028.mp4,2010,67.0,30.0,920,1,traffic_lights,0.5270947217941284,70.19071960449219,590.5842895507812,85.61885833740234,613.1910400390625,77.90478897094727,601.8876647949219,15.428138732910156,22.60675048828125
IMG_0028.mp4,2010,67.0,30.0,918,2,traffic_signs,0.25366586446762085,425.3096618652344,341.6364440917969,565.7744140625,521.8937377929688,495.5420379638672,431.7650909423828,140.46475219726562,180.25729370117188
IMG_0028.mp4,2010,67.0,30.0,851,1,traffic_lights,0.2800227403640747,1563.8021240234375,440.40740966796875,1591.13720703125,485.1360778808594,1577.4696655273438,462.77174377441406,27.3350830078125,44.728668212890625
IMG_0028.mp4,2011,67.03333333333333,30.0,797,2,traffic_signs,0.9597079157829285,1687.0107421875,314.3445129394531,1788.1763916015625,404.52740478515625,1737.5935668945312,359.4359588623047,101.1656494140625,90.18289184570312
IMG_0028.mp4,2011,67.03333333333333,30.0,830,1,traffic_lights,0.8424868583679199,602.2722778320312,360.06365966796875,665.5492553710938,509.7433776855469,633.9107666015625,434.9035186767578,63.2769775390625,149.67971801757812
IMG_0028.mp4,2011,67.03333333333333,30.0,912,2,traffic_signs,0.6504787802696228,1090.08935546875,601.4365844726562,1104.2474365234375,626.05029296875,1097.1683959960938,613.7434387207031,14.1580810546875,24.61370849609375
IMG_0028.mp4,2011,67.03333333333333,30.0,914,2,traffic_signs,0.45779284834861755,1189.2459716796875,630.018310546875,1198.5166015625,643.0936889648438,1193.8812866210938,636.5559997558594,9.2706298828125,13.07537841796875
IMG_0028.mp4,2011,67.03333333333333,30.0,920,1,traffic_lights,0.47886890172958374,69.6170654296875,590.4971313476562,85.36503601074219,613.286865234375,77.49105072021484,601.8919982910156,15.747970581054688,22.78973388671875
IMG_0028.mp4,2011,67.03333333333333,30.0,918,2,traffic_signs,0.26762866973876953,424.5313415527344,341.5177917480469,565.0745239257812,521.6270751953125,494.8029327392578,431.5724334716797,140.54318237304688,180.10928344726562
IMG_0028.mp4,2012,67.06666666666666,30.0,797,2,traffic_signs,0.9578657746315002,1687.81103515625,313.81842041015625,1788.7017822265625,404.15814208984375,1738.2564086914062,358.98828125,100.8907470703125,90.3397216796875
IMG_0028.mp4,2012,67.06666666666666,30.0,830,1,traffic_lights,0.8215492963790894,601.3764038085938,359.709228515625,665.1817016601562,510.7066955566406,633.279052734375,435.2079620361328,63.8052978515625,150.99746704101562
IMG_0028.mp4,2012,67.06666666666666,30.0,912,2,traffic_signs,0.7083501219749451,1089.9769287109375,601.4703979492188,1104.0726318359375,625.9711303710938,1097.0247802734375,613.7207641601562,14.095703125,24.500732421875
IMG_0028.mp4,2012,67.06666666666666,30.0,914,2,traffic_signs,0.4749588966369629,1189.077392578125,629.9164428710938,1198.4462890625,642.9833984375,1193.7618408203125,636.4499206542969,9.368896484375,13.06695556640625
IMG_0028.mp4,2012,67.06666666666666,30.0,920,1,traffic_lights,0.5143654942512512,68.7152099609375,590.2406005859375,84.77115631103516,613.4767456054688,76.74318313598633,601.8586730957031,16.055946350097656,23.23614501953125
IMG_0028.mp4,2013,67.1,30.0,797,2,traffic_signs,0.9573012590408325,1688.2911376953125,313.123779296875,1789.0263671875,403.9322814941406,1738.6587524414062,358.5280303955078,100.7352294921875,90.80850219726562
IMG_0028.mp4,2013,67.1,30.0,830,1,traffic_lights,0.8402697443962097,600.7974853515625,359.1520080566406,664.7614135742188,510.65228271484375,632.7794494628906,434.9021453857422,63.96392822265625,151.50027465820312
IMG_0028.mp4,2013,67.1,30.0,912,2,traffic_signs,0.6966788172721863,1089.86962890625,601.1665649414062,1103.9112548828125,625.85205078125,1096.8904418945312,613.5093078613281,14.0416259765625,24.68548583984375
IMG_0028.mp4,2013,67.1,30.0,914,2,traffic_signs,0.4011629521846771,1188.9490966796875,629.5381469726562,1198.2740478515625,642.77783203125,1193.611572265625,636.1579895019531,9.324951171875,13.23968505859375
IMG_0028.mp4,2013,67.1,30.0,920,1,traffic_lights,0.5144832134246826,68.32857513427734,589.9652709960938,84.20829772949219,613.9669799804688,76.26843643188477,601.9661254882812,15.879722595214844,24.001708984375
IMG_0028.mp4,2013,67.1,30.0,851,1,traffic_lights,0.29338538646698,1563.632080078125,439.83001708984375,1590.951171875,484.7875061035156,1577.2916259765625,462.3087615966797,27.319091796875,44.957489013671875
IMG_0028.mp4,2014,67.13333333333334,30.0,797,2,traffic_signs,0.9563969373703003,1688.8048095703125,312.629638671875,1789.4046630859375,403.80487060546875,1739.104736328125,358.2172546386719,100.599853515625,91.17523193359375
IMG_0028.mp4,2014,67.13333333333334,30.0,830,1,traffic_lights,0.8570414185523987,600.4041137695312,358.43231201171875,664.3893432617188,509.6816711425781,632.396728515625,434.05699157714844,63.9852294921875,151.24935913085938
IMG_0028.mp4,2014,67.13333333333334,30.0,912,2,traffic_signs,0.7293157577514648,1089.75048828125,601.0907592773438,1103.7418212890625,625.7525634765625,1096.7461547851562,613.4216613769531,13.9913330078125,24.66180419921875
IMG_0028.mp4,2014,67.13333333333334,30.0,914,2,traffic_signs,0.43377557396888733,1188.9716796875,629.7291870117188,1198.23779296875,642.8271484375,1193.604736328125,636.2781677246094,9.26611328125,13.09796142578125
IMG_0028.mp4,2014,67.13333333333334,30.0,920,1,traffic_lights,0.563651442527771,68.05635070800781,589.8868408203125,83.95310974121094,614.181884765625,76.00473022460938,602.0343627929688,15.896759033203125,24.2950439453125
IMG_0028.mp4,2014,67.13333333333334,30.0,918,2,traffic_signs,0.27489736676216125,422.0847473144531,339.9800109863281,561.7017822265625,521.6066284179688,491.8932647705078,430.79331970214844,139.61703491210938,181.62661743164062
IMG_0028.mp4,2015,67.16666666666667,30.0,797,2,traffic_signs,0.9560849666595459,1689.385498046875,311.9816589355469,1789.6761474609375,403.40582275390625,1739.5308227539062,357.69374084472656,100.2906494140625,91.42416381835938
IMG_0028.mp4,2015,67.16666666666667,30.0,830,1,traffic_lights,0.8589922189712524,600.4700927734375,357.7792053222656,663.9826049804688,508.8251953125,632.2263488769531,433.3022003173828,63.51251220703125,151.04598999023438
IMG_0028.mp4,2015,67.16666666666667,30.0,912,2,traffic_signs,0.7361438870429993,1089.599853515625,600.9179077148438,1103.5740966796875,625.6188354492188,1096.5869750976562,613.2683715820312,13.9742431640625,24.700927734375
IMG_0028.mp4,2015,67.16666666666667,30.0,914,2,traffic_signs,0.4457196593284607,1189.0035400390625,629.7869262695312,1198.1143798828125,642.814453125,1193.5589599609375,636.3006896972656,9.11083984375,13.02752685546875
IMG_0028.mp4,2015,67.16666666666667,30.0,920,1,traffic_lights,0.4886804223060608,67.78192901611328,589.610595703125,83.72764587402344,613.9981079101562,75.75478744506836,601.8043518066406,15.945716857910156,24.38751220703125
IMG_0028.mp4,2015,67.16666666666667,30.0,918,2,traffic_signs,0.3167310655117035,421.471923828125,339.7828674316406,560.9513549804688,521.3140258789062,491.2116394042969,430.54844665527344,139.47943115234375,181.53115844726562
IMG_0028.mp4,2016,67.2,30.0,797,2,traffic_signs,0.9550285935401917,1690.1099853515625,311.6828308105469,1789.9169921875,403.029541015625,1740.0134887695312,357.35618591308594,99.8070068359375,91.34671020507812
IMG_0028.mp4,2016,67.2,30.0,830,1,traffic_lights,0.8613491654396057,599.65625,357.4473876953125,663.4642333984375,508.1103515625,631.5602416992188,432.77886962890625,63.8079833984375,150.6629638671875
IMG_0028.mp4,2016,67.2,30.0,912,2,traffic_signs,0.7469436526298523,1089.48681640625,600.801025390625,1103.32373046875,625.3984985351562,1096.4052734375,613.0997619628906,13.8369140625,24.59747314453125
IMG_0028.mp4,2016,67.2,30.0,914,2,traffic_signs,0.4207829535007477,1189.1212158203125,629.9668579101562,1197.966796875,642.5076904296875,1193.5440063476562,636.2372741699219,8.8455810546875,12.54083251953125
IMG_0028.mp4,2016,67.2,30.0,920,1,traffic_lights,0.45460575819015503,67.381591796875,589.5502319335938,83.28887176513672,614.0108642578125,75.33523178100586,601.7805480957031,15.907279968261719,24.46063232421875
IMG_0028.mp4,2016,67.2,30.0,918,2,traffic_signs,0.29434895515441895,420.9285583496094,339.6498107910156,559.5848999023438,521.1402587890625,490.25672912597656,430.39503479003906,138.65634155273438,181.49044799804688
IMG_0028.mp4,2017,67.23333333333333,30.0,797,2,traffic_signs,0.9547116160392761,1690.4383544921875,311.32373046875,1790.1239013671875,402.86529541015625,1740.2811279296875,357.0945129394531,99.685546875,91.54156494140625
IMG_0028.mp4,2017,67.23333333333333,30.0,830,1,traffic_lights,0.8724221587181091,599.2703247070312,357.74078369140625,662.9524536132812,505.4217834472656,631.1113891601562,431.58128356933594,63.68212890625,147.68099975585938
IMG_0028.mp4,2017,67.23333333333333,30.0,912,2,traffic_signs,0.7323819994926453,1089.21044921875,600.8946533203125,1103.0445556640625,625.37060546875,1096.1275024414062,613.1326293945312,13.8341064453125,24.4759521484375
IMG_0028.mp4,2017,67.23333333333333,30.0,914,2,traffic_signs,0.41762715578079224,1188.8603515625,630.4059448242188,1197.7298583984375,642.523193359375,1193.2951049804688,636.4645690917969,8.8695068359375,12.11724853515625
IMG_0028.mp4,2017,67.23333333333333,30.0,920,1,traffic_lights,0.3890824019908905,66.95417785644531,589.56494140625,82.88372039794922,614.1370849609375,74.91894912719727,601.8510131835938,15.929542541503906,24.5721435546875
IMG_0028.mp4,2017,67.23333333333333,30.0,918,2,traffic_signs,0.2672850787639618,420.2620544433594,339.2624816894531,558.8269653320312,520.5421142578125,489.5445098876953,429.9022979736328,138.56491088867188,181.27963256835938
IMG_0028.mp4,2018,67.26666666666667,30.0,797,2,traffic_signs,0.9554812908172607,1691.2852783203125,310.7049255371094,1790.7279052734375,402.5524597167969,1741.006591796875,356.6286926269531,99.442626953125,91.8475341796875
IMG_0028.mp4,2018,67.26666666666667,30.0,830,1,traffic_lights,0.8699483275413513,598.97802734375,357.25714111328125,662.3402099609375,504.81805419921875,630.6591186523438,431.03759765625,63.3621826171875,147.5609130859375
IMG_0028.mp4,2018,67.26666666666667,30.0,912,2,traffic_signs,0.7294799089431763,1089.009521484375,601.0120849609375,1102.833740234375,625.3878784179688,1095.921630859375,613.1999816894531,13.82421875,24.37579345703125
IMG_0028.mp4,2018,67.26666666666667,30.0,914,2,traffic_signs,0.44482266902923584,1188.520263671875,630.5938720703125,1197.4593505859375,642.6279907226562,1192.9898071289062,636.6109313964844,8.9390869140625,12.03411865234375
IMG_0028.mp4,2018,67.26666666666667,30.0,920,1,traffic_lights,0.3084588050842285,66.2667236328125,590.0471801757812,82.32412719726562,614.0731811523438,74.29542541503906,602.0601806640625,16.057403564453125,24.0260009765625
IMG_0028.mp4,2018,67.26666666666667,30.0,918,2,traffic_signs,0.36441147327423096,419.74981689453125,338.8252868652344,557.790283203125,520.070068359375,488.7700500488281,429.4476776123047,138.04046630859375,181.24478149414062
IMG_0028.mp4,2019,67.3,30.0,797,2,traffic_signs,0.9549774527549744,1691.9847412109375,310.11224365234375,1791.169921875,402.1103210449219,1741.5773315429688,356.1112823486328,99.1851806640625,91.99807739257812
IMG_0028.mp4,2019,67.3,30.0,830,1,traffic_lights,0.8507149815559387,598.2661743164062,356.8645935058594,661.87939453125,505.1660461425781,630.0727844238281,431.01531982421875,63.61322021484375,148.30145263671875
IMG_0028.mp4,2019,67.3,30.0,912,2,traffic_signs,0.7487387657165527,1088.793212890625,600.9454345703125,1102.658203125,625.11572265625,1095.7257080078125,613.0305786132812,13.864990234375,24.1702880859375
IMG_0028.mp4,2019,67.3,30.0,914,2,traffic_signs,0.4920808672904968,1188.2930908203125,630.5375366210938,1197.22021484375,642.661376953125,1192.7566528320312,636.5994567871094,8.9271240234375,12.12384033203125
IMG_0028.mp4,2019,67.3,30.0,920,1,traffic_lights,0.3836936354637146,66.07980346679688,590.0709838867188,82.21964263916016,613.9440307617188,74.14972305297852,602.0075073242188,16.13983917236328,23.873046875
IMG_0028.mp4,2019,67.3,30.0,918,2,traffic_signs,0.29756641387939453,419.4403381347656,338.3743896484375,557.12451171875,519.4461669921875,488.2824249267578,428.9102783203125,137.68417358398438,181.07177734375
IMG_0028.mp4,2020,67.33333333333333,30.0,797,2,traffic_signs,0.9533387422561646,1692.5751953125,309.5716247558594,1791.61962890625,401.4246826171875,1742.097412109375,355.49815368652344,99.04443359375,91.85305786132812
IMG_0028.mp4,2020,67.33333333333333,30.0,830,1,traffic_lights,0.8978439569473267,597.6461181640625,356.2846984863281,660.7899780273438,503.9917297363281,629.2180480957031,430.1382141113281,63.14385986328125,147.70703125
IMG_0028.mp4,2020,67.33333333333333,30.0,912,2,traffic_signs,0.7247803211212158,1088.57666015625,600.8077392578125,1102.3140869140625,624.7900390625,1095.4453735351562,612.7988891601562,13.7374267578125,23.9822998046875
IMG_0028.mp4,2020,67.33333333333333,30.0,914,2,traffic_signs,0.3847113251686096,1188.307373046875,630.5214233398438,1196.803955078125,642.4212646484375,1192.5556640625,636.4713439941406,8.49658203125,11.89984130859375
IMG_0028.mp4,2020,67.33333333333333,30.0,920,1,traffic_lights,0.44921332597732544,65.46871948242188,589.9522094726562,81.71315002441406,613.9424438476562,73.59093475341797,601.9473266601562,16.244430541992188,23.990234375
IMG_0028.mp4,2021,67.36666666666666,30.0,797,2,traffic_signs,0.9520843625068665,1693.3912353515625,308.9796142578125,1792.2548828125,400.78961181640625,1742.8230590820312,354.8846130371094,98.8636474609375,91.80999755859375
IMG_0028.mp4,2021,67.36666666666666,30.0,830,1,traffic_lights,0.9180828928947449,597.5625610351562,354.4582214355469,660.1607055664062,503.9909362792969,628.8616333007812,429.2245788574219,62.59814453125,149.53271484375
IMG_0028.mp4,2021,67.36666666666666,30.0,912,2,traffic_signs,0.752366840839386,1088.5540771484375,600.7962646484375,1102.1427001953125,624.6671142578125,1095.348388671875,612.731689453125,13.588623046875,23.870849609375
IMG_0028.mp4,2021,67.36666666666666,30.0,914,2,traffic_signs,0.3507130742073059,1188.623291015625,630.125732421875,1197.0035400390625,642.2798461914062,1192.8134155273438,636.2027893066406,8.3802490234375,12.15411376953125
IMG_0028.mp4,2021,67.36666666666666,30.0,920,1,traffic_lights,0.42447373270988464,65.39171600341797,589.918701171875,81.3878173828125,613.7299194335938,73.38976669311523,601.8243103027344,15.996101379394531,23.81121826171875
IMG_0028.mp4,2021,67.36666666666666,30.0,918,2,traffic_signs,0.3119792640209198,417.77947998046875,337.282958984375,554.502197265625,518.7894287109375,486.1408386230469,428.03619384765625,136.72271728515625,181.5064697265625
IMG_0028.mp4,2022,67.4,30.0,797,2,traffic_signs,0.951090931892395,1694.15380859375,308.42510986328125,1792.6558837890625,400.14862060546875,1743.4048461914062,354.286865234375,98.5020751953125,91.7235107421875
IMG_0028.mp4,2022,67.4,30.0,830,1,traffic_lights,0.8850044012069702,595.8997802734375,354.6457824707031,659.2317504882812,504.24017333984375,627.5657653808594,429.44297790527344,63.33197021484375,149.59439086914062
IMG_0028.mp4,2022,67.4,30.0,912,2,traffic_signs,0.7179834246635437,1088.1669921875,600.9392700195312,1101.74462890625,624.9368286132812,1094.955810546875,612.9380493164062,13.57763671875,23.99755859375
IMG_0028.mp4,2022,67.4,30.0,914,2,traffic_signs,0.3771234452724457,1188.164794921875,630.7095336914062,1196.4527587890625,642.5452880859375,1192.3087768554688,636.6274108886719,8.2879638671875,11.83575439453125
IMG_0028.mp4,2022,67.4,30.0,920,1,traffic_lights,0.5471502542495728,64.1119613647461,589.9745483398438,80.19441986083984,613.585693359375,72.15319061279297,601.7801208496094,16.08245849609375,23.61114501953125
IMG_0028.mp4,2022,67.4,30.0,918,2,traffic_signs,0.2640557885169983,416.3045349121094,336.416015625,552.8243408203125,518.3651733398438,484.56443786621094,427.3905944824219,136.51980590820312,181.94915771484375
IMG_0028.mp4,2023,67.43333333333334,30.0,797,2,traffic_signs,0.9498263597488403,1695.0048828125,307.88507080078125,1793.2843017578125,399.647705078125,1744.1445922851562,353.7663879394531,98.2794189453125,91.76263427734375
IMG_0028.mp4,2023,67.43333333333334,30.0,830,1,traffic_lights,0.838141918182373,593.6945190429688,355.00616455078125,658.4700927734375,506.1715087890625,626.0823059082031,430.5888366699219,64.77557373046875,151.16534423828125
IMG_0028.mp4,2023,67.43333333333334,30.0,912,2,traffic_signs,0.7027982473373413,1088.136962890625,600.9944458007812,1101.60498046875,624.9129028320312,1094.8709716796875,612.9536743164062,13.468017578125,23.91845703125
IMG_0028.mp4,2023,67.43333333333334,30.0,914,2,traffic_signs,0.4001224935054779,1188.003662109375,630.73193359375,1196.5667724609375,642.6668701171875,1192.2852172851562,636.6994018554688,8.5631103515625,11.9349365234375
IMG_0028.mp4,2023,67.43333333333334,30.0,920,1,traffic_lights,0.30719926953315735,63.242156982421875,589.9556274414062,79.96455383300781,613.5392456054688,71.60335540771484,601.7474365234375,16.722396850585938,23.5836181640625
IMG_0028.mp4,2024,67.46666666666667,30.0,797,2,traffic_signs,0.9476003050804138,1695.29833984375,307.21875,1793.5643310546875,398.48040771484375,1744.4313354492188,352.8495788574219,98.2659912109375,91.26165771484375
IMG_0028.mp4,2024,67.46666666666667,30.0,830,1,traffic_lights,0.8813401460647583,592.20458984375,354.3802185058594,657.7351684570312,507.1776123046875,624.9698791503906,430.77891540527344,65.53057861328125,152.79739379882812
IMG_0028.mp4,2024,67.46666666666667,30.0,912,2,traffic_signs,0.6031080484390259,1087.8294677734375,600.625244140625,1101.2490234375,624.3512573242188,1094.5392456054688,612.4882507324219,13.4195556640625,23.72601318359375
IMG_0028.mp4,2024,67.46666666666667,30.0,914,2,traffic_signs,0.4107986092567444,1187.7822265625,630.1282348632812,1196.447998046875,642.0847778320312,1192.1151123046875,636.1065063476562,8.665771484375,11.95654296875
IMG_0028.mp4,2024,67.46666666666667,30.0,920,1,traffic_lights,0.4786026179790497,62.60379409790039,589.5476684570312,79.32740020751953,613.1779174804688,70.96559715270996,601.36279296875,16.72360610961914,23.6302490234375
IMG_0028.mp4,2025,67.5,30.0,797,2,traffic_signs,0.945514440536499,1695.9722900390625,306.7715759277344,1794.6922607421875,398.0010681152344,1745.332275390625,352.3863220214844,98.719970703125,91.2294921875
IMG_0028.mp4,2025,67.5,30.0,830,1,traffic_lights,0.8773378729820251,591.3299560546875,353.7370910644531,656.6904296875,507.9712829589844,624.0101928710938,430.85418701171875,65.3604736328125,154.23419189453125
IMG_0028.mp4,2025,67.5,30.0,912,2,traffic_signs,0.6478735208511353,1087.692626953125,600.8267822265625,1101.0146484375,624.434814453125,1094.3536376953125,612.6307983398438,13.322021484375,23.6080322265625
IMG_0028.mp4,2025,67.5,30.0,914,2,traffic_signs,0.3150874078273773,1187.648681640625,630.1728515625,1196.0897216796875,641.84765625,1191.8692016601562,636.01025390625,8.4410400390625,11.6748046875
IMG_0028.mp4,2025,67.5,30.0,920,1,traffic_lights,0.5938910841941833,61.55070877075195,589.8156127929688,78.29339599609375,613.2568969726562,69.92205238342285,601.5362548828125,16.742687225341797,23.4412841796875
IMG_0028.mp4,2026,67.53333333333333,30.0,797,2,traffic_signs,0.9433287978172302,1696.9205322265625,306.1969299316406,1795.8155517578125,397.36102294921875,1746.3680419921875,351.7789764404297,98.89501953125,91.16409301757812
IMG_0028.mp4,2026,67.53333333333333,30.0,830,1,traffic_lights,0.8250137567520142,590.36962890625,352.84698486328125,655.811767578125,506.6314697265625,623.0906982421875,429.7392272949219,65.442138671875,153.78448486328125
IMG_0028.mp4,2026,67.53333333333333,30.0,912,2,traffic_signs,0.7022643685340881,1087.63232421875,600.9953002929688,1100.9478759765625,624.3572998046875,1094.2901000976562,612.6763000488281,13.3155517578125,23.36199951171875
IMG_0028.mp4,2026,67.53333333333333,30.0,914,2,traffic_signs,0.3416022062301636,1187.510986328125,629.99560546875,1195.6416015625,641.8515625,1191.5762939453125,635.923583984375,8.130615234375,11.85595703125
IMG_0028.mp4,2026,67.53333333333333,30.0,920,1,traffic_lights,0.6369789838790894,60.48015594482422,589.8748168945312,77.22042083740234,613.4175415039062,68.85028839111328,601.6461791992188,16.740264892578125,23.542724609375
IMG_0028.mp4,2027,67.56666666666666,30.0,797,2,traffic_signs,0.9421170949935913,1697.501708984375,305.77044677734375,1796.4774169921875,396.9434814453125,1746.9895629882812,351.3569641113281,98.9757080078125,91.17303466796875
IMG_0028.mp4,2027,67.56666666666666,30.0,830,1,traffic_lights,0.8644760847091675,589.09326171875,352.5492248535156,655.1613159179688,506.58447265625,622.1272888183594,429.5668487548828,66.06805419921875,154.03524780273438
IMG_0028.mp4,2027,67.56666666666666,30.0,912,2,traffic_signs,0.6298537850379944,1087.4227294921875,600.9213256835938,1100.75732421875,624.243408203125,1094.0900268554688,612.5823669433594,13.3345947265625,23.32208251953125
IMG_0028.mp4,2027,67.56666666666666,30.0,914,2,traffic_signs,0.38634541630744934,1187.396728515625,629.7666625976562,1195.3985595703125,642.0833129882812,1191.3976440429688,635.9249877929688,8.0018310546875,12.316650390625
IMG_0028.mp4,2027,67.56666666666666,30.0,920,1,traffic_lights,0.6538373827934265,60.165950775146484,590.0224609375,76.51187133789062,613.2562866210938,68.33891105651855,601.6393737792969,16.34592056274414,23.23382568359375
IMG_0028.mp4,2027,67.56666666666666,30.0,924,1,traffic_lights,0.4307379722595215,1581.111572265625,440.9747009277344,1592.209228515625,479.9702453613281,1586.660400390625,460.47247314453125,11.09765625,38.99554443359375
IMG_0028.mp4,2028,67.6,30.0,797,2,traffic_signs,0.9414864182472229,1698.2562255859375,305.05059814453125,1797.5244140625,396.0431823730469,1747.8903198242188,350.54689025878906,99.2681884765625,90.99258422851562
IMG_0028.mp4,2028,67.6,30.0,830,1,traffic_lights,0.4419582486152649,587.4660034179688,351.4007873535156,653.680419921875,505.6630554199219,620.5732116699219,428.53192138671875,66.21441650390625,154.26226806640625
IMG_0028.mp4,2028,67.6,30.0,912,2,traffic_signs,0.5045062303543091,1086.970458984375,601.0582885742188,1100.437255859375,623.9495239257812,1093.703857421875,612.50390625,13.466796875,22.8912353515625
IMG_0028.mp4,2028,67.6,30.0,914,2,traffic_signs,0.4646631181240082,1187.248291015625,629.4752197265625,1195.1839599609375,642.302734375,1191.2161254882812,635.8889770507812,7.9356689453125,12.8275146484375
IMG_0028.mp4,2028,67.6,30.0,920,1,traffic_lights,0.7181324362754822,59.650699615478516,590.0259399414062,75.57736206054688,613.143310546875,67.6140308380127,601.5846252441406,15.92666244506836,23.11737060546875
IMG_0028.mp4,2028,67.6,30.0,924,1,traffic_lights,0.47238919138908386,1581.1483154296875,440.9059143066406,1592.055419921875,479.69610595703125,1586.6018676757812,460.30101013183594,10.9071044921875,38.790191650390625
IMG_0028.mp4,2029,67.63333333333334,30.0,797,2,traffic_signs,0.9406419396400452,1698.80712890625,304.3316650390625,1798.7012939453125,394.91973876953125,1748.7542114257812,349.6257019042969,99.8941650390625,90.58807373046875
IMG_0028.mp4,2029,67.63333333333334,30.0,830,1,traffic_lights,0.6007548570632935,585.9257202148438,348.3729553222656,652.8410034179688,503.8404235839844,619.3833618164062,426.106689453125,66.915283203125,155.46746826171875
IMG_0028.mp4,2029,67.63333333333334,30.0,912,2,traffic_signs,0.69219571352005,1086.9005126953125,600.7355346679688,1100.1943359375,623.4420776367188,1093.5474243164062,612.0888061523438,13.2938232421875,22.70654296875
IMG_0028.mp4,2029,67.63333333333334,30.0,914,2,traffic_signs,0.49472305178642273,1187.2352294921875,629.1177978515625,1195.1092529296875,642.3895263671875,1191.1722412109375,635.753662109375,7.8740234375,13.271728515625
IMG_0028.mp4,2029,67.63333333333334,30.0,920,1,traffic_lights,0.7436277270317078,58.98929214477539,589.6220703125,74.72035217285156,613.0994873046875,66.85482215881348,601.3607788085938,15.731060028076172,23.4774169921875
IMG_0028.mp4,2029,67.63333333333334,30.0,924,1,traffic_lights,0.2882326543331146,1580.74560546875,440.6019592285156,1591.8505859375,479.4251708984375,1586.298095703125,460.01356506347656,11.10498046875,38.823211669921875
IMG_0028.mp4,2030,67.66666666666667,30.0,797,2,traffic_signs,0.9418087005615234,1699.825927734375,303.9264221191406,1799.8292236328125,394.7278137207031,1749.8275756835938,349.3271179199219,100.0032958984375,90.8013916015625
IMG_0028.mp4,2030,67.66666666666667,30.0,830,1,traffic_lights,0.42080503702163696,585.1572265625,345.1045227050781,651.4302368164062,500.0814514160156,618.2937316894531,422.5929870605469,66.27301025390625,154.9769287109375
IMG_0028.mp4,2030,67.66666666666667,30.0,912,2,traffic_signs,0.39533019065856934,1086.4400634765625,601.0848388671875,1099.5289306640625,623.7418212890625,1092.9844970703125,612.413330078125,13.0888671875,22.656982421875
IMG_0028.mp4,2030,67.66666666666667,30.0,914,2,traffic_signs,0.44294193387031555,1186.859375,629.4130249023438,1194.525146484375,642.7298583984375,1190.6922607421875,636.0714416503906,7.665771484375,13.31683349609375
IMG_0028.mp4,2030,67.66666666666667,30.0,920,1,traffic_lights,0.7357673645019531,57.71524429321289,589.468994140625,73.52993774414062,613.8453369140625,65.62259101867676,601.6571655273438,15.814693450927734,24.3763427734375
IMG_0028.mp4,2030,67.66666666666667,30.0,924,1,traffic_lights,0.38261979818344116,1580.8858642578125,440.71527099609375,1591.8717041015625,479.59490966796875,1586.3787841796875,460.15509033203125,10.98583984375,38.879638671875
IMG_0028.mp4,2031,67.7,30.0,797,2,traffic_signs,0.9428545236587524,1700.568603515625,303.0928955078125,1801.14404296875,394.43402099609375,1750.8563232421875,348.7634582519531,100.575439453125,91.34112548828125
IMG_0028.mp4,2031,67.7,30.0,830,1,traffic_lights,0.48736950755119324,584.3167114257812,341.34344482421875,650.4991455078125,498.91131591796875,617.4079284667969,420.12738037109375,66.18243408203125,157.56787109375
IMG_0028.mp4,2031,67.7,30.0,912,2,traffic_signs,0.5063410997390747,1086.174072265625,600.8150634765625,1099.161376953125,623.5618286132812,1092.667724609375,612.1884460449219,12.9873046875,22.74676513671875
IMG_0028.mp4,2031,67.7,30.0,914,2,traffic_signs,0.3312479555606842,1186.44091796875,629.0686645507812,1194.04296875,642.628662109375,1190.241943359375,635.8486633300781,7.60205078125,13.55999755859375
IMG_0028.mp4,2031,67.7,30.0,920,1,traffic_lights,0.5808587670326233,57.13339614868164,589.2200317382812,73.03640747070312,614.0172119140625,65.08490180969238,601.6186218261719,15.903011322021484,24.79718017578125
IMG_0028.mp4,2031,67.7,30.0,924,1,traffic_lights,0.256975382566452,1580.052978515625,440.364013671875,1591.580810546875,479.5699157714844,1585.81689453125,459.9669647216797,11.52783203125,39.205902099609375
IMG_0028.mp4,2032,67.73333333333333,30.0,797,2,traffic_signs,0.9479371905326843,1701.868408203125,302.269287109375,1802.82421875,393.9564514160156,1752.3463134765625,348.1128692626953,100.955810546875,91.68716430664062
IMG_0028.mp4,2032,67.73333333333333,30.0,830,1,traffic_lights,0.7009001970291138,583.5704956054688,344.9805603027344,648.4147338867188,498.8646240234375,615.9926147460938,421.92259216308594,64.84423828125,153.88406372070312
IMG_0028.mp4,2032,67.73333333333333,30.0,914,2,traffic_signs,0.27516481280326843,1186.2266845703125,629.18115234375,1193.645751953125,642.9208984375,1189.9362182617188,636.051025390625,7.4190673828125,13.73974609375
IMG_0028.mp4,2032,67.73333333333333,30.0,920,1,traffic_lights,0.7023472785949707,55.568328857421875,589.4512329101562,71.72258758544922,614.437255859375,63.64545822143555,601.9442443847656,16.154258728027344,24.98602294921875
IMG_0028.mp4,2033,67.76666666666667,30.0,797,2,traffic_signs,0.9628056883811951,1702.88427734375,300.7435302734375,1803.774169921875,392.6624450683594,1753.3292236328125,346.70298767089844,100.889892578125,91.91891479492188
IMG_0028.mp4,2033,67.76666666666667,30.0,830,1,traffic_lights,0.749198853969574,581.8698120117188,346.6017761230469,647.2080688476562,498.7542724609375,614.5389404296875,422.6780242919922,65.3382568359375,152.15249633789062
IMG_0028.mp4,2033,67.76666666666667,30.0,920,1,traffic_lights,0.6551516056060791,54.451351165771484,589.1231689453125,70.98192596435547,613.8643798828125,62.71663856506348,601.4937744140625,16.530574798583984,24.7412109375
IMG_0028.mp4,2033,67.76666666666667,30.0,912,2,traffic_signs,0.39856094121932983,1085.6182861328125,600.2360229492188,1098.7108154296875,623.5670166015625,1092.16455078125,611.9015197753906,13.092529296875,23.33099365234375
IMG_0028.mp4,2033,67.76666666666667,30.0,924,1,traffic_lights,0.25328338146209717,1579.9180908203125,439.4687194824219,1591.53564453125,479.3578796386719,1585.7268676757812,459.4132995605469,11.6175537109375,39.88916015625
IMG_0028.mp4,2034,67.8,30.0,797,2,traffic_signs,0.9607043266296387,1703.5338134765625,299.9759826660156,1804.914794921875,392.1255798339844,1754.2243041992188,346.05078125,101.3809814453125,92.14959716796875
IMG_0028.mp4,2034,67.8,30.0,830,1,traffic_lights,0.7942265272140503,580.6141357421875,347.1793518066406,646.0616455078125,497.5115051269531,613.337890625,422.3454284667969,65.447509765625,150.3321533203125
IMG_0028.mp4,2034,67.8,30.0,920,1,traffic_lights,0.6575800776481628,53.64181900024414,589.8191528320312,70.27346801757812,613.8633422851562,61.95764350891113,601.8412475585938,16.631649017333984,24.044189453125
IMG_0028.mp4,2034,67.8,30.0,912,2,traffic_signs,0.4059855341911316,1084.8021240234375,600.534912109375,1098.2176513671875,623.8414916992188,1091.5098876953125,612.1882019042969,13.41552734375,23.30657958984375
IMG_0028.mp4,2034,67.8,30.0,924,1,traffic_lights,0.3248617351055145,1579.177734375,439.71295166015625,1591.118408203125,479.748291015625,1585.1480712890625,459.7306213378906,11.940673828125,40.03533935546875
IMG_0028.mp4,2035,67.83333333333333,30.0,797,2,traffic_signs,0.9570387005805969,1705.0400390625,298.2388916015625,1806.634765625,391.0126037597656,1755.83740234375,344.62574768066406,101.5947265625,92.77371215820312
IMG_0028.mp4,2035,67.83333333333333,30.0,830,1,traffic_lights,0.7372274398803711,577.899658203125,345.9020080566406,643.9447631835938,496.9627380371094,610.9222106933594,421.432373046875,66.04510498046875,151.06072998046875
IMG_0028.mp4,2035,67.83333333333333,30.0,920,1,traffic_lights,0.6317951083183289,52.06333541870117,589.2809448242188,68.47054290771484,613.3828125,60.26693916320801,601.3318786621094,16.407207489013672,24.10186767578125
IMG_0028.mp4,2035,67.83333333333333,30.0,912,2,traffic_signs,0.32080376148223877,1084.5615234375,600.4893798828125,1097.56103515625,623.1092529296875,1091.061279296875,611.79931640625,12.99951171875,22.619873046875
IMG_0028.mp4,2036,67.86666666666666,30.0,797,2,traffic_signs,0.9533107876777649,1705.9310302734375,297.3283386230469,1807.5281982421875,389.9808654785156,1756.7296142578125,343.65460205078125,101.59716796875,92.65252685546875
IMG_0028.mp4,2036,67.86666666666666,30.0,830,1,traffic_lights,0.7780776023864746,576.2924194335938,345.2086181640625,643.3162841796875,494.9559631347656,609.8043518066406,420.08229064941406,67.02386474609375,149.74734497070312
IMG_0028.mp4,2036,67.86666666666666,30.0,920,1,traffic_lights,0.6583287119865417,52.15884780883789,589.0460815429688,68.43197631835938,613.0115966796875,60.29541206359863,601.0288391113281,16.273128509521484,23.96551513671875
IMG_0028.mp4,2036,67.86666666666666,30.0,912,2,traffic_signs,0.37118837237358093,1084.400634765625,600.2109985351562,1097.4171142578125,622.6210327148438,1090.9088745117188,611.416015625,13.0164794921875,22.4100341796875
IMG_0028.mp4,2037,67.9,30.0,797,2,traffic_signs,0.9463085532188416,1707.21826171875,296.7925720214844,1809.539306640625,390.1934814453125,1758.3787841796875,343.49302673339844,102.321044921875,93.40090942382812
IMG_0028.mp4,2037,67.9,30.0,830,1,traffic_lights,0.8362008333206177,573.58154296875,344.5629577636719,641.0181274414062,491.97320556640625,607.2998352050781,418.26808166503906,67.43658447265625,147.41024780273438
IMG_0028.mp4,2037,67.9,30.0,920,1,traffic_lights,0.5694435238838196,49.658084869384766,590.4932861328125,66.26801300048828,613.7926025390625,57.96304893493652,602.1429443359375,16.609928131103516,23.29931640625
IMG_0028.mp4,2038,67.93333333333334,30.0,797,2,traffic_signs,0.9655822515487671,1707.8492431640625,294.635498046875,1811.792236328125,388.7204895019531,1759.8207397460938,341.67799377441406,103.9429931640625,94.08499145507812
IMG_0028.mp4,2038,67.93333333333334,30.0,830,1,traffic_lights,0.7351272106170654,572.6298217773438,342.71466064453125,639.5183715820312,484.4141540527344,606.0740966796875,413.5644073486328,66.8885498046875,141.69949340820312
IMG_0028.mp4,2038,67.93333333333334,30.0,920,1,traffic_lights,0.4348383843898773,48.10210037231445,589.9465942382812,64.6034927368164,612.955810546875,56.35279655456543,601.4512023925781,16.501392364501953,23.00921630859375
IMG_0028.mp4,2039,67.96666666666667,30.0,797,2,traffic_signs,0.9613216519355774,1707.9144287109375,293.423583984375,1812.86328125,387.8433837890625,1760.3888549804688,340.63348388671875,104.9488525390625,94.4197998046875
IMG_0028.mp4,2039,67.96666666666667,30.0,830,1,traffic_lights,0.8725768327713013,571.4972534179688,341.63189697265625,638.7906494140625,486.7088928222656,605.1439514160156,414.17039489746094,67.29339599609375,145.07699584960938
IMG_0028.mp4,2039,67.96666666666667,30.0,920,1,traffic_lights,0.4601520001888275,47.96100616455078,589.6572875976562,64.59724426269531,612.776123046875,56.27912521362305,601.2167053222656,16.63623809814453,23.11883544921875
IMG_0028.mp4,2040,68.0,30.0,797,2,traffic_signs,0.9554070830345154,1709.7635498046875,292.6785888671875,1815.0625,387.4030456542969,1762.4130249023438,340.0408172607422,105.2989501953125,94.72445678710938
IMG_0028.mp4,2040,68.0,30.0,830,1,traffic_lights,0.8924186825752258,566.451171875,341.6014099121094,635.9854736328125,487.4932861328125,601.2183227539062,414.54734802246094,69.5343017578125,145.89187622070312
IMG_0028.mp4,2040,68.0,30.0,920,1,traffic_lights,0.7294889092445374,44.70328903198242,590.1449584960938,61.30955505371094,613.7523193359375,53.00642204284668,601.9486389160156,16.606266021728516,23.60736083984375
IMG_0028.mp4,2041,68.03333333333333,30.0,797,2,traffic_signs,0.9550153017044067,1711.3179931640625,291.04302978515625,1816.679443359375,385.585693359375,1763.9987182617188,338.3143615722656,105.3614501953125,94.54266357421875
IMG_0028.mp4,2041,68.03333333333333,30.0,830,1,traffic_lights,0.8645610809326172,565.2637939453125,339.83551025390625,634.7021484375,486.0296936035156,599.9829711914062,412.93260192871094,69.4383544921875,146.19418334960938
IMG_0028.mp4,2041,68.03333333333333,30.0,920,1,traffic_lights,0.6413300037384033,43.463172912597656,589.3436889648438,60.28849411010742,613.7178344726562,51.87583351135254,601.53076171875,16.825321197509766,24.3741455078125
IMG_0028.mp4,2042,68.06666666666666,30.0,797,2,traffic_signs,0.9548243880271912,1712.6243896484375,290.3389892578125,1817.413818359375,384.6490478515625,1765.0191040039062,337.4940185546875,104.7894287109375,94.31005859375
IMG_0028.mp4,2042,68.06666666666666,30.0,830,1,traffic_lights,0.8453277349472046,563.2935180664062,340.013916015625,633.3994750976562,485.41375732421875,598.3464965820312,412.7138366699219,70.10595703125,145.39984130859375
IMG_0028.mp4,2042,68.06666666666666,30.0,920,1,traffic_lights,0.6063821315765381,42.403255462646484,589.6046142578125,59.40354537963867,614.2415161132812,50.90340042114258,601.9230651855469,17.000289916992188,24.63690185546875
IMG_0028.mp4,2043,68.1,30.0,797,2,traffic_signs,0.9528546929359436,1715.024658203125,289.091796875,1819.8922119140625,383.75457763671875,1767.4584350585938,336.4231872558594,104.8675537109375,94.66278076171875
IMG_0028.mp4,2043,68.1,30.0,830,1,traffic_lights,0.8847128748893738,561.5421752929688,338.7440490722656,631.35400390625,482.24237060546875,596.4480895996094,410.4932098388672,69.81182861328125,143.49832153320312
IMG_0028.mp4,2043,68.1,30.0,920,1,traffic_lights,0.6519054174423218,40.20672607421875,590.104736328125,57.160438537597656,614.857666015625,48.6835823059082,602.481201171875,16.953712463378906,24.7529296875
IMG_0028.mp4,2044,68.13333333333334,30.0,797,2,traffic_signs,0.9514380693435669,1717.324951171875,287.4515075683594,1821.58935546875,382.571044921875,1769.4571533203125,335.0112762451172,104.264404296875,95.11953735351562
IMG_0028.mp4,2044,68.13333333333334,30.0,830,1,traffic_lights,0.8429558873176575,561.332763671875,336.7370910644531,630.442626953125,479.2669677734375,595.8876953125,408.0020294189453,69.10986328125,142.52987670898438
IMG_0028.mp4,2044,68.13333333333334,30.0,920,1,traffic_lights,0.5422895550727844,40.007328033447266,589.5873413085938,56.65763473510742,614.4716796875,48.332481384277344,602.0295104980469,16.650306701660156,24.88433837890625
IMG_0028.mp4,2045,68.16666666666667,30.0,797,2,traffic_signs,0.9521005153656006,1719.4754638671875,286.4761962890625,1823.802978515625,381.7389221191406,1771.6392211914062,334.10755920410156,104.3275146484375,95.26272583007812
IMG_0028.mp4,2045,68.16666666666667,30.0,830,1,traffic_lights,0.8785614371299744,559.936767578125,335.642333984375,628.5462036132812,479.3429260253906,594.2414855957031,407.4926300048828,68.60943603515625,143.70059204101562
IMG_0028.mp4,2045,68.16666666666667,30.0,920,1,traffic_lights,0.5161024332046509,37.98801803588867,590.1658935546875,54.4742546081543,614.5084228515625,46.231136322021484,602.337158203125,16.486236572265625,24.342529296875
IMG_0028.mp4,2045,68.16666666666667,30.0,927,2,traffic_signs,0.4584518074989319,1802.010009765625,431.3829650878906,1848.624267578125,518.9216918945312,1825.317138671875,475.15232849121094,46.6142578125,87.53872680664062
IMG_0028.mp4,2046,68.2,30.0,797,2,traffic_signs,0.9557893872261047,1721.1375732421875,284.6661376953125,1825.8343505859375,380.12799072265625,1773.4859619140625,332.3970642089844,104.69677734375,95.46185302734375
IMG_0028.mp4,2046,68.2,30.0,830,1,traffic_lights,0.9356676936149597,558.1716918945312,333.55279541015625,626.4467163085938,478.44537353515625,592.3092041015625,405.99908447265625,68.2750244140625,144.892578125
IMG_0028.mp4,2046,68.2,30.0,920,1,traffic_lights,0.5637298226356506,36.686588287353516,589.8160400390625,52.874183654785156,613.7928466796875,44.780385971069336,601.804443359375,16.18759536743164,23.976806640625
IMG_0028.mp4,2046,68.2,30.0,927,2,traffic_signs,0.591572105884552,1805.3314208984375,431.7475891113281,1851.7593994140625,518.4039306640625,1828.54541015625,475.0757598876953,46.427978515625,86.65634155273438
IMG_0028.mp4,2047,68.23333333333333,30.0,797,2,traffic_signs,0.9561469554901123,1722.9945068359375,283.1655578613281,1828.281005859375,378.8208923339844,1775.6377563476562,330.99322509765625,105.2864990234375,95.65533447265625
IMG_0028.mp4,2047,68.23333333333333,30.0,830,1,traffic_lights,0.9366875290870667,555.2517700195312,332.4070739746094,623.8878173828125,478.20733642578125,589.5697937011719,405.3072052001953,68.63604736328125,145.80026245117188
IMG_0028.mp4,2047,68.23333333333333,30.0,920,1,traffic_lights,0.6276586055755615,35.55992889404297,590.03515625,51.30874252319336,613.5072021484375,43.434335708618164,601.7711791992188,15.74881362915039,23.4720458984375
IMG_0028.mp4,2047,68.23333333333333,30.0,927,2,traffic_signs,0.5142549872398376,1808.8939208984375,430.31597900390625,1854.64404296875,515.8635864257812,1831.7689819335938,473.08978271484375,45.7501220703125,85.547607421875
IMG_0028.mp4,2047,68.23333333333333,30.0,928,1,traffic_lights,0.6259714365005493,1558.3187255859375,435.92852783203125,1577.7012939453125,481.74786376953125,1568.010009765625,458.83819580078125,19.382568359375,45.8193359375
IMG_0028.mp4,2048,68.26666666666667,30.0,797,2,traffic_signs,0.9518204927444458,1725.1053466796875,281.7367248535156,1830.50341796875,377.52630615234375,1777.8043823242188,329.6315155029297,105.3980712890625,95.78958129882812
IMG_0028.mp4,2048,68.26666666666667,30.0,830,1,traffic_lights,0.9066193699836731,551.643798828125,330.35687255859375,621.455322265625,479.52569580078125,586.549560546875,404.9412841796875,69.8115234375,149.1688232421875
IMG_0028.mp4,2048,68.26666666666667,30.0,920,1,traffic_lights,0.5662589073181152,34.17387390136719,589.781982421875,49.440338134765625,613.8309326171875,41.807106018066406,601.8064575195312,15.266464233398438,24.0489501953125
IMG_0028.mp4,2048,68.26666666666667,30.0,928,1,traffic_lights,0.4864000976085663,1558.134521484375,436.44189453125,1578.056640625,481.7669677734375,1568.0955810546875,459.10443115234375,19.922119140625,45.3250732421875
IMG_0028.mp4,2049,68.3,30.0,797,2,traffic_signs,0.9473546743392944,1726.8841552734375,280.3005065917969,1833.0689697265625,376.24102783203125,1779.9765625,328.27076721191406,106.184814453125,95.94052124023438
IMG_0028.mp4,2049,68.3,30.0,830,1,traffic_lights,0.9142361879348755,548.4271240234375,328.2851257324219,619.1068115234375,482.6714172363281,583.7669677734375,405.478271484375,70.6796875,154.38629150390625
IMG_0028.mp4,2049,68.3,30.0,920,1,traffic_lights,0.4372935891151428,32.20928192138672,589.3684692382812,47.47846984863281,613.87548828125,39.843875885009766,601.6219787597656,15.269187927246094,24.50701904296875
IMG_0028.mp4,2049,68.3,30.0,928,1,traffic_lights,0.711990475654602,1557.878173828125,436.09527587890625,1578.396240234375,481.78546142578125,1568.13720703125,458.94036865234375,20.51806640625,45.690185546875
IMG_0028.mp4,2050,68.33333333333333,30.0,797,2,traffic_signs,0.9405395984649658,1729.1309814453125,278.7529296875,1835.5882568359375,374.7716064453125,1782.359619140625,326.76226806640625,106.457275390625,96.0186767578125
IMG_0028.mp4,2050,68.33333333333333,30.0,830,1,traffic_lights,0.9166862964630127,542.9990234375,326.41192626953125,617.06982421875,484.1273193359375,580.034423828125,405.2696228027344,74.07080078125,157.71539306640625
IMG_0028.mp4,2050,68.33333333333333,30.0,920,1,traffic_lights,0.28207555413246155,30.260290145874023,589.501953125,45.94241714477539,613.8659057617188,38.10135364532471,601.6839294433594,15.682126998901367,24.36395263671875
IMG_0028.mp4,2050,68.33333333333333,30.0,928,1,traffic_lights,0.7456840872764587,1557.8961181640625,436.05615234375,1578.838623046875,481.7867736816406,1568.3673706054688,458.9214630126953,20.9425048828125,45.730621337890625
IMG_0028.mp4,2051,68.36666666666666,30.0,797,2,traffic_signs,0.9614363312721252,1730.86767578125,276.9084167480469,1838.14501953125,373.3504943847656,1784.50634765625,325.12945556640625,107.27734375,96.44207763671875
IMG_0028.mp4,2051,68.36666666666666,30.0,830,1,traffic_lights,0.9314988255500793,540.2642822265625,325.3260498046875,614.0987548828125,484.9524230957031,577.1815185546875,405.1392364501953,73.83447265625,159.62637329101562
IMG_0028.mp4,2051,68.36666666666666,30.0,920,1,traffic_lights,0.5212914943695068,28.65422248840332,589.3056640625,44.671607971191406,613.992919921875,36.66291522979736,601.6492919921875,16.017385482788086,24.687255859375
IMG_0028.mp4,2051,68.36666666666666,30.0,928,1,traffic_lights,0.7247291207313538,1557.5423583984375,435.9292297363281,1578.983154296875,481.9778747558594,1568.2627563476562,458.95355224609375,21.4407958984375,46.04864501953125
IMG_0028.mp4,2052,68.4,30.0,797,2,traffic_signs,0.9394147992134094,1732.255859375,275.3560485839844,1840.156494140625,371.42828369140625,1786.2061767578125,323.3921661376953,107.900634765625,96.07223510742188
IMG_0028.mp4,2052,68.4,30.0,830,1,traffic_lights,0.928349494934082,538.0271606445312,323.5937805175781,611.5740356445312,483.60467529296875,574.8005981445312,403.59922790527344,73.546875,160.01089477539062
IMG_0028.mp4,2052,68.4,30.0,928,1,traffic_lights,0.7811419367790222,1557.347900390625,435.7742004394531,1578.837646484375,482.00396728515625,1568.0927734375,458.8890838623047,21.48974609375,46.229766845703125
IMG_0028.mp4,2053,68.43333333333334,30.0,797,2,traffic_signs,0.9366161823272705,1734.2191162109375,273.5993347167969,1842.0609130859375,370.1153259277344,1788.1400146484375,321.8573303222656,107.841796875,96.5159912109375
IMG_0028.mp4,2053,68.43333333333334,30.0,830,1,traffic_lights,0.9248394966125488,536.4117431640625,321.7792663574219,609.0548095703125,482.450439453125,572.7332763671875,402.11485290527344,72.64306640625,160.67117309570312
IMG_0028.mp4,2053,68.43333333333334,30.0,928,1,traffic_lights,0.7885826826095581,1557.3331298828125,435.6139221191406,1579.6883544921875,482.1402587890625,1568.5107421875,458.87709045410156,22.355224609375,46.526336669921875
IMG_0028.mp4,2053,68.43333333333334,30.0,920,1,traffic_lights,0.4878878593444824,24.974042892456055,589.73291015625,40.98246765136719,613.6806640625,32.97825527191162,601.706787109375,16.008424758911133,23.94775390625
IMG_0028.mp4,2054,68.46666666666667,30.0,797,2,traffic_signs,0.9455826878547668,1736.788818359375,271.79840087890625,1844.7947998046875,369.0674743652344,1790.7918090820312,320.4329376220703,108.0059814453125,97.26907348632812
IMG_0028.mp4,2054,68.46666666666667,30.0,830,1,traffic_lights,0.9175722599029541,531.8143920898438,320.5412902832031,606.452880859375,482.8729248046875,569.1336364746094,401.7071075439453,74.63848876953125,162.33163452148438
IMG_0028.mp4,2054,68.46666666666667,30.0,928,1,traffic_lights,0.7498391270637512,1557.360107421875,435.5693664550781,1579.0406494140625,481.92266845703125,1568.2003784179688,458.7460174560547,21.6805419921875,46.353302001953125
IMG_0028.mp4,2054,68.46666666666667,30.0,920,1,traffic_lights,0.3949931263923645,23.364429473876953,590.2920532226562,38.503421783447266,614.1929931640625,30.93392562866211,602.2425231933594,15.138992309570312,23.90093994140625
IMG_0028.mp4,2055,68.5,30.0,797,2,traffic_signs,0.9508793354034424,1739.4373779296875,271.3338928222656,1847.6817626953125,367.51971435546875,1793.5595703125,319.4268035888672,108.244384765625,96.18582153320312
IMG_0028.mp4,2055,68.5,30.0,830,1,traffic_lights,0.905746340751648,528.9736328125,318.61279296875,603.886962890625,482.1521911621094,566.4302978515625,400.3824920654297,74.913330078125,163.53939819335938
IMG_0028.mp4,2055,68.5,30.0,928,1,traffic_lights,0.7720801830291748,1557.4310302734375,435.4260559082031,1578.658935546875,481.616943359375,1568.0449829101562,458.52149963378906,21.2279052734375,46.190887451171875
IMG_0028.mp4,2056,68.53333333333333,30.0,797,2,traffic_signs,0.9534624218940735,1742.5225830078125,271.50140380859375,1851.09423828125,365.1690368652344,1796.8084106445312,318.33522033691406,108.5716552734375,93.66763305664062
IMG_0028.mp4,2056,68.53333333333333,30.0,830,1,traffic_lights,0.7420554757118225,524.9673461914062,316.9593811035156,600.3972778320312,479.57379150390625,562.6823120117188,398.26658630371094,75.429931640625,162.61441040039062
IMG_0028.mp4,2056,68.53333333333333,30.0,928,1,traffic_lights,0.7653580904006958,1557.5399169921875,435.5234375,1577.6334228515625,481.3514709472656,1567.586669921875,458.4374542236328,20.093505859375,45.828033447265625
IMG_0028.mp4,2057,68.56666666666666,30.0,797,2,traffic_signs,0.9538712501525879,1744.6751708984375,271.0263671875,1854.3515625,363.2838134765625,1799.5133666992188,317.15509033203125,109.6763916015625,92.2574462890625
IMG_0028.mp4,2057,68.56666666666666,30.0,830,1,traffic_lights,0.9201154708862305,519.9004516601562,314.76483154296875,597.234375,479.3497009277344,558.5674133300781,397.05726623535156,77.33392333984375,164.58486938476562
IMG_0028.mp4,2057,68.56666666666666,30.0,928,1,traffic_lights,0.7797186970710754,1557.3543701171875,435.41741943359375,1577.0908203125,481.25567626953125,1567.2225952148438,458.3365478515625,19.7364501953125,45.8382568359375
IMG_0028.mp4,2058,68.6,30.0,797,2,traffic_signs,0.9543943405151367,1747.525390625,270.9509582519531,1858.0552978515625,361.4561462402344,1802.7903442382812,316.20355224609375,110.5299072265625,90.50518798828125
IMG_0028.mp4,2058,68.6,30.0,830,1,traffic_lights,0.9222732186317444,516.3533325195312,312.50115966796875,594.3684692382812,478.04754638671875,555.3609008789062,395.27435302734375,78.01513671875,165.54638671875
IMG_0028.mp4,2058,68.6,30.0,928,1,traffic_lights,0.7211927771568298,1557.221435546875,434.8182373046875,1577.1802978515625,480.844482421875,1567.2008666992188,457.83135986328125,19.9588623046875,46.0262451171875
IMG_0028.mp4,2059,68.63333333333334,30.0,797,2,traffic_signs,0.8409640789031982,1750.05419921875,270.46429443359375,1861.3948974609375,359.57666015625,1805.7245483398438,315.0204772949219,111.3406982421875,89.11236572265625
IMG_0028.mp4,2059,68.63333333333334,30.0,830,1,traffic_lights,0.48772042989730835,513.4818725585938,309.6263427734375,591.6171264648438,476.09771728515625,552.5494995117188,392.8620300292969,78.13525390625,166.47137451171875
IMG_0028.mp4,2059,68.63333333333334,30.0,928,1,traffic_lights,0.6448294520378113,1556.9212646484375,434.3319396972656,1577.5184326171875,480.6349792480469,1567.2198486328125,457.48345947265625,20.59716796875,46.30303955078125
IMG_0028.mp4,2060,68.66666666666667,30.0,797,2,traffic_signs,0.9649387001991272,1752.257568359375,271.10565185546875,1864.0780029296875,358.3104553222656,1808.1677856445312,314.7080535888672,111.8204345703125,87.20480346679688
IMG_0028.mp4,2060,68.66666666666667,30.0,830,1,traffic_lights,0.9310745000839233,510.15142822265625,306.9825439453125,588.4190063476562,475.5640563964844,549.2852172851562,391.27330017089844,78.267578125,168.58151245117188
IMG_0028.mp4,2060,68.66666666666667,30.0,928,1,traffic_lights,0.5243045091629028,1556.25341796875,434.0057067871094,1577.741455078125,480.4811706542969,1566.9974365234375,457.2434387207031,21.488037109375,46.4754638671875
IMG_0028.mp4,2061,68.7,30.0,797,2,traffic_signs,0.958472490310669,1754.6405029296875,270.9564208984375,1867.0601806640625,356.5439453125,1810.850341796875,313.75018310546875,112.419677734375,85.5875244140625
IMG_0028.mp4,2061,68.7,30.0,830,1,traffic_lights,0.9491671323776245,506.2854309082031,304.711669921875,584.9832153320312,473.193359375,545.6343231201172,388.9525146484375,78.69778442382812,168.481689453125
IMG_0028.mp4,2061,68.7,30.0,928,1,traffic_lights,0.35982927680015564,1555.945556640625,433.50677490234375,1578.47509765625,479.8992614746094,1567.2103271484375,456.70301818847656,22.529541015625,46.392486572265625
IMG_0028.mp4,2062,68.73333333333333,30.0,797,2,traffic_signs,0.9524728059768677,1757.8189697265625,271.4974365234375,1869.83544921875,355.07476806640625,1813.8272094726562,313.2861022949219,112.0164794921875,83.57733154296875
IMG_0028.mp4,2062,68.73333333333333,30.0,830,1,traffic_lights,0.9491514563560486,502.85699462890625,301.92608642578125,581.2612915039062,470.4228515625,542.0591430664062,386.1744689941406,78.404296875,168.49676513671875
IMG_0028.mp4,2063,68.76666666666667,30.0,797,2,traffic_signs,0.9478871822357178,1760.9520263671875,271.72100830078125,1870.9620361328125,353.3696594238281,1815.95703125,312.5453338623047,110.010009765625,81.64865112304688
IMG_0028.mp4,2063,68.76666666666667,30.0,830,1,traffic_lights,0.9217414855957031,497.1939392089844,297.6337585449219,577.244873046875,466.4765319824219,537.2194061279297,382.0551452636719,80.05093383789062,168.8427734375
IMG_0028.mp4,2063,68.76666666666667,30.0,928,1,traffic_lights,0.3144446015357971,1555.555908203125,432.75787353515625,1580.1331787109375,479.68658447265625,1567.8445434570312,456.22222900390625,24.5772705078125,46.9287109375
IMG_0028.mp4,2064,68.8,30.0,797,2,traffic_signs,0.9343261122703552,1765.740478515625,271.6427307128906,1871.8447265625,350.8691101074219,1818.7926025390625,311.25592041015625,106.104248046875,79.22637939453125
IMG_0028.mp4,2064,68.8,30.0,830,1,traffic_lights,0.8930732011795044,493.4059143066406,294.7261657714844,572.7825317382812,465.3721923828125,533.0942230224609,380.04917907714844,79.37661743164062,170.64602661132812
IMG_0028.mp4,2064,68.8,30.0,928,1,traffic_lights,0.34097084403038025,1555.7559814453125,432.4336242675781,1580.69677734375,479.44720458984375,1568.2263793945312,455.94041442871094,24.9407958984375,47.013580322265625
IMG_0028.mp4,2065,68.83333333333333,30.0,797,2,traffic_signs,0.9326690435409546,1769.136474609375,271.0955505371094,1871.3018798828125,349.0109558105469,1820.2191772460938,310.0532531738281,102.1654052734375,77.9154052734375
IMG_0028.mp4,2065,68.83333333333333,30.0,830,1,traffic_lights,0.888573169708252,489.38018798828125,292.00146484375,568.7445678710938,463.8740539550781,529.0623779296875,377.93775939941406,79.3643798828125,171.87258911132812
IMG_0028.mp4,2066,68.86666666666666,30.0,797,2,traffic_signs,0.908868670463562,1773.569091796875,272.05426025390625,1873.4091796875,346.918701171875,1823.4891357421875,309.4864807128906,99.840087890625,74.86444091796875
IMG_0028.mp4,2066,68.86666666666666,30.0,830,1,traffic_lights,0.9299151301383972,483.4239807128906,290.01837158203125,565.4583740234375,463.99847412109375,524.4411773681641,377.0084228515625,82.03439331054688,173.9801025390625
IMG_0028.mp4,2067,68.9,30.0,797,2,traffic_signs,0.6814819574356079,1777.6883544921875,270.792236328125,1875.98486328125,343.1744079589844,1826.8366088867188,306.9833221435547,98.2965087890625,72.38217163085938
IMG_0028.mp4,2067,68.9,30.0,830,1,traffic_lights,0.8654787540435791,476.59490966796875,286.4322204589844,561.2753295898438,462.42559814453125,518.9351196289062,374.4289093017578,84.680419921875,175.99337768554688
IMG_0028.mp4,2068,68.93333333333334,30.0,797,2,traffic_signs,0.8065392971038818,1782.6953125,273.4911193847656,1880.3193359375,340.6007080078125,1831.50732421875,307.04591369628906,97.6240234375,67.10958862304688
IMG_0028.mp4,2068,68.93333333333334,30.0,830,1,traffic_lights,0.8486986756324768,470.4543762207031,283.3393859863281,556.4683837890625,460.97125244140625,513.4613800048828,372.1553192138672,86.01400756835938,177.63186645507812
IMG_0028.mp4,2069,68.96666666666667,30.0,797,2,traffic_signs,0.6894034147262573,1786.843017578125,273.4535217285156,1881.6536865234375,338.5330810546875,1834.2483520507812,305.99330139160156,94.8106689453125,65.07955932617188
IMG_0028.mp4,2069,68.96666666666667,30.0,830,1,traffic_lights,0.4959058165550232,465.6873779296875,279.7789611816406,552.0538330078125,459.3187255859375,508.87060546875,369.54884338378906,86.366455078125,179.53976440429688
IMG_0028.mp4,2070,69.0,30.0,797,2,traffic_signs,0.7610607147216797,1791.8350830078125,272.47491455078125,1885.1241455078125,336.9127197265625,1838.4796142578125,304.6938171386719,93.2890625,64.43780517578125
IMG_0028.mp4,2070,69.0,30.0,830,1,traffic_lights,0.7523126602172852,461.1231994628906,276.52203369140625,546.836669921875,456.192626953125,503.9799346923828,366.3573303222656,85.71347045898438,179.67059326171875
IMG_0028.mp4,2071,69.03333333333333,30.0,797,2,traffic_signs,0.32149577140808105,1796.2879638671875,272.4002685546875,1888.2684326171875,337.15521240234375,1842.2781982421875,304.7777404785156,91.98046875,64.75494384765625
IMG_0028.mp4,2071,69.03333333333333,30.0,830,1,traffic_lights,0.6988405585289001,457.0906066894531,272.78173828125,542.9152221679688,454.0103454589844,500.00291442871094,363.3960418701172,85.82461547851562,181.22860717773438
IMG_0028.mp4,2071,69.03333333333333,30.0,930,2,traffic_signs,0.49407052993774414,1061.8944091796875,597.8968505859375,1075.403076171875,623.929443359375,1068.6487426757812,610.9131469726562,13.5086669921875,26.0325927734375
IMG_0028.mp4,2072,69.06666666666666,30.0,830,1,traffic_lights,0.9330009818077087,451.1042175292969,269.1687316894531,538.7705078125,451.81048583984375,494.93736267089844,360.48960876464844,87.66629028320312,182.64175415039062
IMG_0028.mp4,2072,69.06666666666666,30.0,930,2,traffic_signs,0.543074369430542,1060.9273681640625,597.94384765625,1074.52734375,623.4458618164062,1067.7273559570312,610.6948547363281,13.5999755859375,25.50201416015625
IMG_0028.mp4,2073,69.1,30.0,830,1,traffic_lights,0.9168790578842163,443.75872802734375,266.11004638671875,533.76513671875,449.460693359375,488.7619323730469,357.7853698730469,90.00640869140625,183.35064697265625
IMG_0028.mp4,2073,69.1,30.0,930,2,traffic_signs,0.660851776599884,1060.35400390625,598.4825439453125,1074.152099609375,623.5498046875,1067.2530517578125,611.0161743164062,13.798095703125,25.0672607421875
IMG_0028.mp4,2074,69.13333333333334,30.0,830,1,traffic_lights,0.8621646761894226,436.59039306640625,260.8702697753906,528.0921630859375,446.275390625,482.3412780761719,353.5728302001953,91.50177001953125,185.40512084960938
IMG_0028.mp4,2074,69.13333333333334,30.0,930,2,traffic_signs,0.6268191337585449,1059.72900390625,598.3488159179688,1073.862060546875,623.5609130859375,1066.7955322265625,610.9548645019531,14.133056640625,25.21209716796875
IMG_0028.mp4,2075,69.16666666666667,30.0,830,1,traffic_lights,0.5089523792266846,426.5209045410156,253.36647033691406,523.7840576171875,445.67138671875,475.15248107910156,349.51892852783203,97.26315307617188,192.30491638183594
IMG_0028.mp4,2075,69.16666666666667,30.0,930,2,traffic_signs,0.43801411986351013,1059.0035400390625,598.3612060546875,1073.4334716796875,623.7314453125,1066.218505859375,611.0463256835938,14.429931640625,25.3702392578125
IMG_0028.mp4,2077,69.23333333333333,30.0,928,1,traffic_lights,0.6099079251289368,1557.6004638671875,427.4906921386719,1585.818115234375,474.845947265625,1571.7092895507812,451.16831970214844,28.2176513671875,47.355255126953125
IMG_0028.mp4,2077,69.23333333333333,30.0,830,1,traffic_lights,0.4555280804634094,413.1493835449219,244.85353088378906,511.9182434082031,437.6830749511719,462.5338134765625,341.26830291748047,98.76885986328125,192.8295440673828
IMG_0028.mp4,2078,69.26666666666667,30.0,928,1,traffic_lights,0.6490933299064636,1557.092529296875,427.0509033203125,1585.5489501953125,474.85040283203125,1571.3207397460938,450.9506530761719,28.4564208984375,47.79949951171875
IMG_0028.mp4,2078,69.26666666666667,30.0,830,1,traffic_lights,0.5924457907676697,407.7106628417969,241.64598083496094,506.71966552734375,435.0780029296875,457.2151641845703,338.3619918823242,99.00900268554688,193.43202209472656
IMG_0028.mp4,2079,69.3,30.0,928,1,traffic_lights,0.5316218733787537,1557.40234375,425.9234313964844,1586.560791015625,474.2637939453125,1571.9815673828125,450.09361267089844,29.158447265625,48.340362548828125
IMG_0028.mp4,2079,69.3,30.0,830,1,traffic_lights,0.7747934460639954,402.06781005859375,238.3742218017578,501.28729248046875,432.5306396484375,451.67755126953125,335.45243072509766,99.219482421875,194.1564178466797
IMG_0028.mp4,2080,69.33333333333333,30.0,928,1,traffic_lights,0.3702329695224762,1561.824951171875,424.4478454589844,1588.697998046875,472.63262939453125,1575.261474609375,448.5402374267578,26.873046875,48.184783935546875
IMG_0028.mp4,2080,69.33333333333333,30.0,830,1,traffic_lights,0.5759878158569336,392.8924560546875,231.012939453125,494.694091796875,428.86737060546875,443.79327392578125,329.9401550292969,101.8016357421875,197.85443115234375
IMG_0028.mp4,2081,69.36666666666666,30.0,928,1,traffic_lights,0.3888095021247864,1563.328857421875,422.863525390625,1589.8228759765625,471.4552917480469,1576.5758666992188,447.15940856933594,26.4940185546875,48.591766357421875
IMG_0028.mp4,2082,69.4,30.0,928,1,traffic_lights,0.45696157217025757,1562.1258544921875,422.33685302734375,1589.67138671875,471.0716857910156,1575.8986206054688,446.7042694091797,27.5455322265625,48.734832763671875
IMG_0028.mp4,2083,69.43333333333334,30.0,928,1,traffic_lights,0.733768105506897,1561.4404296875,420.7353515625,1589.7242431640625,470.26904296875,1575.5823364257812,445.502197265625,28.2838134765625,49.53369140625
IMG_0028.mp4,2084,69.46666666666667,30.0,928,1,traffic_lights,0.7277041673660278,1560.8402099609375,420.3471374511719,1589.9429931640625,470.1510925292969,1575.3916015625,445.2491149902344,29.102783203125,49.803955078125
IMG_0028.mp4,2085,69.5,30.0,928,1,traffic_lights,0.562176525592804,1561.9132080078125,418.8292541503906,1590.9296875,468.5934143066406,1576.4214477539062,443.7113342285156,29.0164794921875,49.76416015625
IMG_0028.mp4,2086,69.53333333333333,30.0,928,1,traffic_lights,0.7271410226821899,1561.0125732421875,418.5066223144531,1591.991943359375,468.8077392578125,1576.5022583007812,443.6571807861328,30.9793701171875,50.301116943359375
IMG_0028.mp4,2087,69.56666666666666,30.0,928,1,traffic_lights,0.748954176902771,1560.481201171875,416.7232971191406,1592.911865234375,467.4188537597656,1576.696533203125,442.0710754394531,32.4306640625,50.695556640625
IMG_0028.mp4,2088,69.6,30.0,928,1,traffic_lights,0.7363715171813965,1560.103759765625,416.300537109375,1593.0369873046875,467.1069641113281,1576.5703735351562,441.70375061035156,32.9332275390625,50.806427001953125
IMG_0028.mp4,2089,69.63333333333334,30.0,928,1,traffic_lights,0.7558808326721191,1561.1229248046875,415.94720458984375,1593.465087890625,467.07843017578125,1577.2940063476562,441.5128173828125,32.3421630859375,51.1312255859375
IMG_0028.mp4,2090,69.66666666666667,30.0,928,1,traffic_lights,0.41716504096984863,1563.1087646484375,413.7454833984375,1594.710205078125,465.0289001464844,1578.9094848632812,439.38719177246094,31.6014404296875,51.283416748046875
IMG_0028.mp4,2091,69.7,30.0,928,1,traffic_lights,0.40853023529052734,1563.1231689453125,413.5203857421875,1594.2847900390625,465.4189758300781,1578.7039794921875,439.4696807861328,31.16162109375,51.898590087890625
IMG_0028.mp4,2092,69.73333333333333,30.0,928,1,traffic_lights,0.38572555780410767,1563.5487060546875,412.085693359375,1592.6787109375,464.4884948730469,1578.1137084960938,438.28709411621094,29.1300048828125,52.402801513671875
IMG_0028.mp4,2093,69.76666666666667,30.0,928,1,traffic_lights,0.31564396619796753,1564.636962890625,410.7900390625,1592.6129150390625,463.49017333984375,1578.6249389648438,437.1401062011719,27.9759521484375,52.70013427734375
IMG_0028.mp4,2094,69.8,30.0,928,1,traffic_lights,0.4546589255332947,1564.93896484375,411.6087951660156,1591.6240234375,463.9015197753906,1578.281494140625,437.7551574707031,26.68505859375,52.292724609375
IMG_0028.mp4,2095,69.83333333333333,30.0,928,1,traffic_lights,0.6199560761451721,1566.3887939453125,410.37078857421875,1592.2109375,462.2118225097656,1579.2998657226562,436.2913055419922,25.8221435546875,51.841033935546875
IMG_0028.mp4,2096,69.86666666666666,30.0,928,1,traffic_lights,0.5943682789802551,1566.9473876953125,410.603271484375,1589.931884765625,462.125,1578.4396362304688,436.3641357421875,22.9844970703125,51.521728515625
IMG_0028.mp4,2097,69.9,30.0,928,1,traffic_lights,0.4773949682712555,1568.2479248046875,410.3764343261719,1593.3248291015625,462.2613525390625,1580.786376953125,436.3188934326172,25.076904296875,51.884918212890625
IMG_0028.mp4,2098,69.93333333333334,30.0,928,1,traffic_lights,0.771528422832489,1570.548828125,407.6175537109375,1601.0345458984375,460.91259765625,1585.7916870117188,434.26507568359375,30.4857177734375,53.2950439453125
IMG_0028.mp4,2099,69.96666666666667,30.0,928,1,traffic_lights,0.6784213781356812,1571.42529296875,406.78546142578125,1603.6300048828125,459.9432678222656,1587.5276489257812,433.36436462402344,32.2047119140625,53.157806396484375
IMG_0028.mp4,2100,70.0,30.0,928,1,traffic_lights,0.6849707365036011,1571.551025390625,407.59869384765625,1604.5360107421875,460.5119934082031,1588.0435180664062,434.0553436279297,32.9849853515625,52.913299560546875
IMG_0028.mp4,2101,70.03333333333333,30.0,928,1,traffic_lights,0.794073224067688,1571.5091552734375,408.05987548828125,1605.7154541015625,460.7362976074219,1588.6123046875,434.39808654785156,34.206298828125,52.676422119140625
IMG_0028.mp4,2102,70.06666666666666,30.0,928,1,traffic_lights,0.4067040979862213,1573.9898681640625,407.4761047363281,1608.617431640625,460.2594299316406,1591.3036499023438,433.8677673339844,34.6275634765625,52.7833251953125
IMG_0028.mp4,2103,70.1,30.0,928,1,traffic_lights,0.28775548934936523,1574.7059326171875,405.9049072265625,1610.526123046875,458.9162292480469,1592.6160278320312,432.4105682373047,35.8201904296875,53.011322021484375
IMG_0028.mp4,2104,70.13333333333334,30.0,928,1,traffic_lights,0.48575735092163086,1575.6195068359375,404.70758056640625,1611.365966796875,457.63995361328125,1593.4927368164062,431.17376708984375,35.7464599609375,52.932373046875
IMG_0028.mp4,2105,70.16666666666667,30.0,928,1,traffic_lights,0.5681626796722412,1576.07275390625,403.6905822753906,1611.3997802734375,456.9325256347656,1593.7362670898438,430.3115539550781,35.3270263671875,53.241943359375
IMG_0028.mp4,2107,70.23333333333333,30.0,928,1,traffic_lights,0.512502908706665,1581.2489013671875,401.5019226074219,1615.1871337890625,456.3387145996094,1598.218017578125,428.9203186035156,33.938232421875,54.8367919921875
IMG_0028.mp4,2108,70.26666666666667,30.0,928,1,traffic_lights,0.7078199982643127,1582.4027099609375,400.4963684082031,1616.72998046875,455.5212097167969,1599.5663452148438,428.0087890625,34.3272705078125,55.02484130859375
IMG_0028.mp4,2109,70.3,30.0,928,1,traffic_lights,0.627887487411499,1584.4825439453125,399.325439453125,1617.405517578125,454.9270935058594,1600.9440307617188,427.1262664794922,32.9229736328125,55.601654052734375
IMG_0028.mp4,2110,70.33333333333333,30.0,928,1,traffic_lights,0.6285490393638611,1586.4224853515625,398.30511474609375,1618.0015869140625,454.0410461425781,1602.2120361328125,426.17308044433594,31.5791015625,55.735931396484375
IMG_0028.mp4,2110,70.33333333333333,30.0,948,1,traffic_lights,0.38052624464035034,1606.34375,400.53570556640625,1622.295654296875,448.6612243652344,1614.3197021484375,424.5984649658203,15.951904296875,48.125518798828125
IMG_0028.mp4,2111,70.36666666666666,30.0,928,1,traffic_lights,0.7038105130195618,1587.6114501953125,397.6198425292969,1618.39794921875,452.8320007324219,1603.0046997070312,425.2259216308594,30.7864990234375,55.212158203125
IMG_0028.mp4,2112,70.4,30.0,928,1,traffic_lights,0.6458006501197815,1588.6622314453125,396.2967224121094,1619.0732421875,450.753662109375,1603.8677368164062,423.5251922607422,30.4110107421875,54.456939697265625
IMG_0028.mp4,2113,70.43333333333334,30.0,928,1,traffic_lights,0.3916738033294678,1594.1556396484375,394.3039245605469,1624.829833984375,449.0955505371094,1609.4927368164062,421.6997375488281,30.6741943359375,54.7916259765625
IMG_0028.mp4,2114,70.46666666666667,30.0,928,1,traffic_lights,0.8185366988182068,1595.0218505859375,393.5608825683594,1628.4346923828125,449.5652770996094,1611.728271484375,421.5630798339844,33.412841796875,56.00439453125
IMG_0028.mp4,2115,70.5,30.0,928,1,traffic_lights,0.6038654446601868,1596.320556640625,393.601806640625,1631.1124267578125,449.60638427734375,1613.7164916992188,421.6040954589844,34.7918701171875,56.00457763671875
IMG_0028.mp4,2116,70.53333333333333,30.0,928,1,traffic_lights,0.7440429329872131,1597.200927734375,393.0589904785156,1632.619384765625,449.09149169921875,1614.91015625,421.0752410888672,35.41845703125,56.032501220703125
IMG_0028.mp4,2117,70.56666666666666,30.0,928,1,traffic_lights,0.7250465750694275,1600.030517578125,392.8213195800781,1635.4100341796875,449.0299987792969,1617.7202758789062,420.9256591796875,35.3795166015625,56.20867919921875
IMG_0028.mp4,2117,70.56666666666666,30.0,951,1,traffic_lights,0.7070273756980896,0.0,0.0,32.7021484375,132.87466430664062,16.35107421875,66.43733215332031,32.7021484375,132.87466430664062
IMG_0028.mp4,2118,70.6,30.0,928,1,traffic_lights,0.7186877131462097,1604.340576171875,391.49102783203125,1639.632080078125,448.0399169921875,1621.986328125,419.7654724121094,35.29150390625,56.54888916015625
IMG_0028.mp4,2119,70.63333333333334,30.0,928,1,traffic_lights,0.7823102474212646,1605.951416015625,389.75189208984375,1642.1070556640625,447.5406188964844,1624.0292358398438,418.64625549316406,36.1556396484375,57.788726806640625
IMG_0028.mp4,2120,70.66666666666667,30.0,928,1,traffic_lights,0.5946714282035828,1609.0802001953125,389.518310546875,1643.10888671875,446.3353271484375,1626.0945434570312,417.92681884765625,34.0286865234375,56.8170166015625
IMG_0028.mp4,2121,70.7,30.0,928,1,traffic_lights,0.50063157081604,1611.498291015625,389.7290954589844,1641.66259765625,446.47808837890625,1626.5804443359375,418.1035919189453,30.164306640625,56.748992919921875
IMG_0028.mp4,2122,70.73333333333333,30.0,928,1,traffic_lights,0.4551297724246979,1614.6436767578125,389.7099914550781,1645.373779296875,446.1092224121094,1630.0087280273438,417.90960693359375,30.7301025390625,56.39923095703125
IMG_0028.mp4,2122,70.73333333333333,30.0,948,1,traffic_lights,0.7517554759979248,1639.3251953125,390.7261962890625,1653.1484375,440.8061218261719,1646.23681640625,415.7661590576172,13.8232421875,50.079925537109375
IMG_0028.mp4,2123,70.76666666666667,30.0,928,1,traffic_lights,0.3223066031932831,1617.714111328125,389.531494140625,1645.96142578125,445.1925048828125,1631.8377685546875,417.36199951171875,28.247314453125,55.6610107421875
IMG_0028.mp4,2123,70.76666666666667,30.0,948,1,traffic_lights,0.6942429542541504,1642.5682373046875,390.4750061035156,1655.958984375,439.78204345703125,1649.2636108398438,415.12852478027344,13.3907470703125,49.307037353515625
IMG_0028.mp4,2124,70.8,30.0,928,1,traffic_lights,0.6841640472412109,1620.7904052734375,387.7713623046875,1654.2308349609375,445.9901428222656,1637.5106201171875,416.88075256347656,33.4404296875,58.218780517578125
IMG_0028.mp4,2125,70.83333333333333,30.0,928,1,traffic_lights,0.5958561301231384,1623.3465576171875,388.1759948730469,1655.1268310546875,446.1212463378906,1639.2366943359375,417.14862060546875,31.7802734375,57.94525146484375
IMG_0028.mp4,2125,70.83333333333333,30.0,948,1,traffic_lights,0.3212352693080902,1649.7459716796875,390.6054992675781,1662.8031005859375,440.44244384765625,1656.2745361328125,415.5239715576172,13.05712890625,49.836944580078125
IMG_0028.mp4,2126,70.86666666666666,30.0,928,1,traffic_lights,0.43787115812301636,1630.42919921875,387.00225830078125,1662.9013671875,445.71746826171875,1646.665283203125,416.35986328125,32.47216796875,58.7152099609375
IMG_0028.mp4,2126,70.86666666666666,30.0,948,1,traffic_lights,0.6002469062805176,1652.81689453125,389.4939270019531,1666.4217529296875,440.5672607421875,1659.6193237304688,415.0305938720703,13.6048583984375,51.073333740234375
IMG_0028.mp4,2127,70.9,30.0,928,1,traffic_lights,0.35492199659347534,1631.486572265625,388.6931457519531,1660.601806640625,445.4876403808594,1646.044189453125,417.09039306640625,29.115234375,56.79449462890625
IMG_0028.mp4,2127,70.9,30.0,948,1,traffic_lights,0.6190094351768494,1655.8792724609375,389.81866455078125,1669.837890625,440.3857727050781,1662.8585815429688,415.1022186279297,13.9586181640625,50.567108154296875
IMG_0028.mp4,2128,70.93333333333334,30.0,928,1,traffic_lights,0.5197362899780273,1634.0213623046875,387.0919189453125,1665.4189453125,445.3869323730469,1649.7201538085938,416.2394256591797,31.3975830078125,58.295013427734375
IMG_0028.mp4,2129,70.96666666666667,30.0,928,1,traffic_lights,0.5875902771949768,1635.792236328125,386.0713195800781,1666.32177734375,444.66900634765625,1651.0570068359375,415.3701629638672,30.529541015625,58.597686767578125
IMG_0028.mp4,2129,70.96666666666667,30.0,948,1,traffic_lights,0.5610896348953247,1660.666748046875,386.9674987792969,1676.06494140625,439.7699890136719,1668.3658447265625,413.3687438964844,15.398193359375,52.802490234375
IMG_0028.mp4,2130,71.0,30.0,928,1,traffic_lights,0.6966881155967712,1641.80517578125,382.1639709472656,1675.241943359375,442.1543884277344,1658.5235595703125,412.1591796875,33.436767578125,59.99041748046875
IMG_0028.mp4,2131,71.03333333333333,30.0,928,1,traffic_lights,0.6492277383804321,1646.205322265625,382.4501647949219,1679.7034912109375,442.3848571777344,1662.9544067382812,412.4175109863281,33.4981689453125,59.9346923828125
IMG_0028.mp4,2131,71.03333333333333,30.0,948,1,traffic_lights,0.4074496626853943,1672.740966796875,383.8860168457031,1686.6072998046875,434.9203796386719,1679.6741333007812,409.4031982421875,13.8663330078125,51.03436279296875
IMG_0028.mp4,2132,71.06666666666666,30.0,948,1,traffic_lights,0.5583916902542114,1675.4915771484375,383.98272705078125,1689.7874755859375,435.7022705078125,1682.6395263671875,409.8424987792969,14.2958984375,51.71954345703125
IMG_0028.mp4,2133,71.1,30.0,948,1,traffic_lights,0.32924237847328186,1678.93359375,385.1058654785156,1694.073974609375,436.4084167480469,1686.5037841796875,410.75714111328125,15.140380859375,51.30255126953125
IMG_0028.mp4,2133,71.1,30.0,928,1,traffic_lights,0.43083661794662476,1652.946044921875,384.3952941894531,1682.1270751953125,442.60137939453125,1667.5365600585938,413.4983367919922,29.1810302734375,58.206085205078125
IMG_0028.mp4,2134,71.13333333333334,30.0,948,1,traffic_lights,0.35769525170326233,1684.183837890625,382.73095703125,1698.511962890625,433.659423828125,1691.347900390625,408.1951904296875,14.328125,50.928466796875
IMG_0028.mp4,2134,71.13333333333334,30.0,928,1,traffic_lights,0.6538177728652954,1657.1148681640625,382.23284912109375,1687.705322265625,440.9825439453125,1672.4100952148438,411.6076965332031,30.5904541015625,58.74969482421875
IMG_0028.mp4,2135,71.16666666666667,30.0,928,1,traffic_lights,0.7210309505462646,1663.7803955078125,378.494384765625,1698.8211669921875,439.4361267089844,1681.30078125,408.9652557373047,35.040771484375,60.941741943359375
IMG_0028.mp4,2136,71.2,30.0,928,1,traffic_lights,0.7377617359161377,1669.218994140625,379.51763916015625,1706.4764404296875,440.6700439453125,1687.8477172851562,410.0938415527344,37.2574462890625,61.15240478515625
IMG_0028.mp4,2136,71.2,30.0,948,1,traffic_lights,0.45721980929374695,1697.2076416015625,381.1315612792969,1711.65673828125,433.090087890625,1704.4321899414062,407.11082458496094,14.4490966796875,51.958526611328125
IMG_0028.mp4,2137,71.23333333333333,30.0,928,1,traffic_lights,0.748312771320343,1673.5509033203125,377.5429992675781,1712.859130859375,439.5498962402344,1693.2050170898438,408.54644775390625,39.3082275390625,62.00689697265625
IMG_0028.mp4,2137,71.23333333333333,30.0,958,2,traffic_signs,0.6185665130615234,1191.6890869140625,644.222900390625,1204.005859375,658.7416381835938,1197.8474731445312,651.4822692871094,12.3167724609375,14.51873779296875
IMG_0028.mp4,2138,71.26666666666667,30.0,928,1,traffic_lights,0.6939718127250671,1679.4549560546875,376.02740478515625,1718.7547607421875,438.16168212890625,1699.1048583984375,407.09454345703125,39.2998046875,62.13427734375
IMG_0028.mp4,2138,71.26666666666667,30.0,958,2,traffic_signs,0.5990831851959229,1195.04296875,642.7595825195312,1207.01513671875,658.08837890625,1201.029052734375,650.4239807128906,11.97216796875,15.32879638671875
IMG_0028.mp4,2139,71.3,30.0,928,1,traffic_lights,0.738245964050293,1685.9061279296875,374.9049072265625,1726.148681640625,437.5925598144531,1706.0274047851562,406.2487335205078,40.2425537109375,62.687652587890625
IMG_0028.mp4,2139,71.3,30.0,958,2,traffic_signs,0.6745686531066895,1198.06884765625,643.7172241210938,1210.4979248046875,660.2789916992188,1204.2833862304688,651.9981079101562,12.4290771484375,16.561767578125
IMG_0028.mp4,2140,71.33333333333333,30.0,928,1,traffic_lights,0.6949827671051025,1693.0760498046875,375.32733154296875,1734.966796875,439.05078125,1714.0214233398438,407.1890563964844,41.8907470703125,63.72344970703125
IMG_0028.mp4,2140,71.33333333333333,30.0,958,2,traffic_signs,0.6949265599250793,1202.740234375,646.9140625,1215.519287109375,663.0193481445312,1209.1297607421875,654.9667053222656,12.779052734375,16.10528564453125
IMG_0028.mp4,2140,71.33333333333333,30.0,948,1,traffic_lights,0.3723562955856323,1719.9814453125,376.7890319824219,1736.39599609375,431.7740173339844,1728.188720703125,404.2815246582031,16.41455078125,54.9849853515625
IMG_0028.mp4,2141,71.36666666666666,30.0,928,1,traffic_lights,0.738639771938324,1696.588623046875,374.55078125,1738.362548828125,438.10076904296875,1717.4755859375,406.3257751464844,41.77392578125,63.54998779296875
IMG_0028.mp4,2141,71.36666666666666,30.0,958,2,traffic_signs,0.7608339190483093,1204.6583251953125,647.1806640625,1217.0543212890625,662.6731567382812,1210.8563232421875,654.9269104003906,12.39599609375,15.49249267578125
IMG_0028.mp4,2142,71.4,30.0,928,1,traffic_lights,0.7243832945823669,1703.8634033203125,373.3881530761719,1745.7664794921875,438.1148681640625,1724.81494140625,405.7515106201172,41.903076171875,64.72671508789062
IMG_0028.mp4,2142,71.4,30.0,958,2,traffic_signs,0.7075908184051514,1208.9154052734375,648.324462890625,1221.662841796875,664.2783203125,1215.2891235351562,656.3013916015625,12.7474365234375,15.953857421875
IMG_0028.mp4,2143,71.43333333333334,30.0,928,1,traffic_lights,0.8385428190231323,1710.5101318359375,371.4595031738281,1752.7286376953125,436.6845703125,1731.619384765625,404.07203674316406,42.218505859375,65.22506713867188
IMG_0028.mp4,2143,71.43333333333334,30.0,958,2,traffic_signs,0.718904972076416,1212.7689208984375,649.101318359375,1225.3231201171875,664.8726196289062,1219.0460205078125,656.9869689941406,12.55419921875,15.77130126953125
IMG_0028.mp4,2144,71.46666666666667,30.0,928,1,traffic_lights,0.8675158619880676,1714.798828125,370.82781982421875,1758.8662109375,435.93316650390625,1736.83251953125,403.3804931640625,44.0673828125,65.1053466796875
IMG_0028.mp4,2144,71.46666666666667,30.0,958,2,traffic_signs,0.653106153011322,1215.4515380859375,648.96484375,1228.277587890625,664.7380981445312,1221.8645629882812,656.8514709472656,12.8260498046875,15.77325439453125
IMG_0028.mp4,2145,71.5,30.0,928,1,traffic_lights,0.7935423851013184,1724.57373046875,371.0260009765625,1767.133544921875,436.2529602050781,1745.8536376953125,403.6394805908203,42.559814453125,65.22695922851562
IMG_0028.mp4,2145,71.5,30.0,958,2,traffic_signs,0.5966606140136719,1221.046875,651.0588989257812,1233.4322509765625,667.18017578125,1227.2395629882812,659.1195373535156,12.3853759765625,16.12127685546875
IMG_0028.mp4,2146,71.53333333333333,30.0,928,1,traffic_lights,0.8215075731277466,1732.2916259765625,370.2099609375,1775.5462646484375,436.3962097167969,1753.9189453125,403.30308532714844,43.254638671875,66.18624877929688
IMG_0028.mp4,2146,71.53333333333333,30.0,958,2,traffic_signs,0.7140613794326782,1225.591552734375,653.4451293945312,1237.7117919921875,670.2755126953125,1231.6516723632812,661.8603210449219,12.1202392578125,16.83038330078125
IMG_0028.mp4,2147,71.56666666666666,30.0,928,1,traffic_lights,0.8026546835899353,1737.888427734375,368.48748779296875,1781.9530029296875,434.3180847167969,1759.9207153320312,401.4027862548828,44.0645751953125,65.83059692382812
IMG_0028.mp4,2147,71.56666666666666,30.0,958,2,traffic_signs,0.417938768863678,1229.645263671875,651.183349609375,1242.2510986328125,668.8784790039062,1235.9481811523438,660.0309143066406,12.6058349609375,17.69512939453125
IMG_0028.mp4,2148,71.6,30.0,928,1,traffic_lights,0.7605037689208984,1745.88330078125,366.73345947265625,1789.368896484375,433.8294372558594,1767.6260986328125,400.2814483642578,43.485595703125,67.09597778320312
IMG_0028.mp4,2148,71.6,30.0,958,2,traffic_signs,0.673042893409729,1234.096435546875,652.4642944335938,1247.081298828125,670.4559326171875,1240.5888671875,661.4601135253906,12.98486328125,17.99163818359375
IMG_0028.mp4,2149,71.63333333333334,30.0,928,1,traffic_lights,0.8051213622093201,1754.3316650390625,365.0993347167969,1798.293212890625,432.9361572265625,1776.3124389648438,399.0177459716797,43.9615478515625,67.83682250976562
IMG_0028.mp4,2149,71.63333333333334,30.0,958,2,traffic_signs,0.7996886968612671,1239.0289306640625,653.0037841796875,1253.42822265625,670.8807983398438,1246.2285766601562,661.9422912597656,14.3992919921875,17.87701416015625
IMG_0028.mp4,2150,71.66666666666667,30.0,928,1,traffic_lights,0.7408820390701294,1760.9681396484375,364.76519775390625,1805.1630859375,431.7677307128906,1783.0656127929688,398.26646423339844,44.1949462890625,67.00253295898438
IMG_0028.mp4,2150,71.66666666666667,30.0,958,2,traffic_signs,0.7647533416748047,1243.7332763671875,653.3943481445312,1257.6693115234375,670.4976196289062,1250.7012939453125,661.9459838867188,13.93603515625,17.103271484375
IMG_0028.mp4,2150,71.66666666666667,30.0,948,1,traffic_lights,0.42083898186683655,1790.9561767578125,367.05364990234375,1808.7388916015625,424.6630859375,1799.8475341796875,395.8583679199219,17.78271484375,57.60943603515625
IMG_0028.mp4,2151,71.7,30.0,928,1,traffic_lights,0.6094860434532166,1771.8343505859375,364.3829345703125,1812.7857666015625,431.80523681640625,1792.31005859375,398.0940856933594,40.951416015625,67.42230224609375
IMG_0028.mp4,2151,71.7,30.0,958,2,traffic_signs,0.7698496580123901,1250.337158203125,655.9742431640625,1264.2613525390625,672.7172241210938,1257.2992553710938,664.3457336425781,13.9241943359375,16.74298095703125
IMG_0028.mp4,2151,71.7,30.0,948,1,traffic_lights,0.553106963634491,1803.9722900390625,366.6459045410156,1819.5601806640625,423.92535400390625,1811.7662353515625,395.28562927246094,15.587890625,57.279449462890625
IMG_0028.mp4,2152,71.73333333333333,30.0,928,1,traffic_lights,0.6964249014854431,1780.34814453125,365.5575866699219,1819.028076171875,431.2614440917969,1799.6881103515625,398.4095153808594,38.679931640625,65.703857421875
IMG_0028.mp4,2152,71.73333333333333,30.0,958,2,traffic_signs,0.7159079909324646,1256.0303955078125,657.9981689453125,1269.9423828125,673.4142456054688,1262.9863891601562,665.7062072753906,13.9119873046875,15.41607666015625
IMG_0028.mp4,2152,71.73333333333333,30.0,948,1,traffic_lights,0.36782848834991455,1811.9462890625,365.7983703613281,1828.522216796875,424.50689697265625,1820.2342529296875,395.1526336669922,16.575927734375,58.708526611328125
IMG_0028.mp4,2153,71.76666666666667,30.0,928,1,traffic_lights,0.6405197381973267,1791.12451171875,361.0390319824219,1833.6075439453125,428.318603515625,1812.3660278320312,394.67881774902344,42.4830322265625,67.27957153320312
IMG_0028.mp4,2153,71.76666666666667,30.0,958,2,traffic_signs,0.5456129312515259,1261.97265625,658.6133422851562,1275.27294921875,674.2503662109375,1268.622802734375,666.4318542480469,13.30029296875,15.63702392578125
IMG_0028.mp4,2154,71.8,30.0,928,1,traffic_lights,0.7649022340774536,1803.32373046875,359.5404357910156,1847.048828125,427.6351623535156,1825.186279296875,393.5877990722656,43.72509765625,68.0947265625
IMG_0028.mp4,2154,71.8,30.0,958,2,traffic_signs,0.547306478023529,1268.3861083984375,660.0369262695312,1281.846923828125,675.54150390625,1275.1165161132812,667.7892150878906,13.4608154296875,15.50457763671875
IMG_0028.mp4,2154,71.8,30.0,959,1,traffic_lights,0.5928928852081299,1799.851806640625,360.9879150390625,1843.3118896484375,429.00579833984375,1821.5818481445312,394.9968566894531,43.4600830078125,68.01788330078125
IMG_0028.mp4,2155,71.83333333333333,30.0,928,1,traffic_lights,0.48144903779029846,1818.5172119140625,357.1921691894531,1858.400390625,425.8606872558594,1838.4588012695312,391.52642822265625,39.8831787109375,68.66851806640625
IMG_0028.mp4,2155,71.83333333333333,30.0,958,2,traffic_signs,0.5885716676712036,1275.168701171875,659.7540893554688,1288.3507080078125,675.354736328125,1281.7597045898438,667.5544128417969,13.1820068359375,15.60064697265625
IMG_0028.mp4,2155,71.83333333333333,30.0,959,1,traffic_lights,0.33309292793273926,1809.10791015625,361.7640380859375,1847.2982177734375,427.0921325683594,1828.2030639648438,394.42808532714844,38.1903076171875,65.32809448242188
IMG_0028.mp4,2155,71.83333333333333,30.0,948,1,traffic_lights,0.40659433603286743,1844.0712890625,360.0088806152344,1859.7735595703125,420.4142761230469,1851.9224243164062,390.2115783691406,15.7022705078125,60.4053955078125
IMG_0028.mp4,2156,71.86666666666666,30.0,928,1,traffic_lights,0.5417594909667969,1836.1275634765625,357.4266357421875,1870.9010009765625,425.7662658691406,1853.5142822265625,391.59645080566406,34.7734375,68.33963012695312
IMG_0028.mp4,2156,71.86666666666666,30.0,958,2,traffic_signs,0.7297855615615845,1282.3818359375,661.9016723632812,1295.438720703125,677.8817749023438,1288.9102783203125,669.8917236328125,13.056884765625,15.9801025390625
IMG_0028.mp4,2156,71.86666666666666,30.0,959,1,traffic_lights,0.4727408289909363,1821.47802734375,362.9275207519531,1851.825927734375,427.87969970703125,1836.6519775390625,395.4036102294922,30.347900390625,64.95217895507812
IMG_0028.mp4,2156,71.86666666666666,30.0,948,1,traffic_lights,0.5392419695854187,1854.80810546875,359.7843017578125,1871.7877197265625,421.13031005859375,1863.2979125976562,390.4573059082031,16.9796142578125,61.34600830078125
IMG_0028.mp4,2157,71.9,30.0,928,1,traffic_lights,0.3255108892917633,1847.9288330078125,356.51995849609375,1880.509765625,423.6308288574219,1864.2192993164062,390.0753936767578,32.5809326171875,67.11087036132812
IMG_0028.mp4,2157,71.9,30.0,958,2,traffic_signs,0.797382652759552,1287.73828125,661.2659912109375,1301.5001220703125,678.0328979492188,1294.6192016601562,669.6494445800781,13.7618408203125,16.76690673828125
IMG_0028.mp4,2157,71.9,30.0,959,1,traffic_lights,0.3626146912574768,1831.083251953125,358.6676940917969,1866.568359375,426.7011413574219,1848.8258056640625,392.6844177246094,35.485107421875,68.033447265625
IMG_0028.mp4,2157,71.9,30.0,948,1,traffic_lights,0.49588003754615784,1862.9183349609375,357.1159362792969,1881.104736328125,420.13427734375,1872.0115356445312,388.62510681152344,18.1864013671875,63.018341064453125
IMG_0028.mp4,2157,71.9,30.0,960,2,traffic_signs,0.5538196563720703,1633.6937255859375,663.1791381835938,1649.0953369140625,682.687744140625,1641.39453125,672.9334411621094,15.401611328125,19.50860595703125
IMG_0028.mp4,2158,71.93333333333334,30.0,928,1,traffic_lights,0.7441983819007874,1858.5919189453125,354.0537109375,1894.2275390625,422.91131591796875,1876.4097290039062,388.4825134277344,35.6356201171875,68.85760498046875
IMG_0028.mp4,2158,71.93333333333334,30.0,958,2,traffic_signs,0.7249224185943604,1296.0360107421875,661.6892700195312,1309.5321044921875,678.7466430664062,1302.7840576171875,670.2179565429688,13.49609375,17.057373046875
IMG_0028.mp4,2158,71.93333333333334,30.0,959,1,traffic_lights,0.6108196377754211,1845.0184326171875,357.3259582519531,1878.3214111328125,425.0409240722656,1861.669921875,391.1834411621094,33.302978515625,67.7149658203125
IMG_0028.mp4,2158,71.93333333333334,30.0,960,2,traffic_signs,0.6819615960121155,1643.5709228515625,663.0322875976562,1658.8717041015625,684.1797485351562,1651.2213134765625,673.6060180664062,15.30078125,21.1474609375
IMG_0028.mp4,2159,71.96666666666667,30.0,928,1,traffic_lights,0.5142633318901062,1860.8082275390625,352.7378845214844,1903.2823486328125,423.4252014160156,1882.0452880859375,388.08154296875,42.47412109375,70.68731689453125
IMG_0028.mp4,2159,71.96666666666667,30.0,958,2,traffic_signs,0.6568064093589783,1302.2247314453125,663.052978515625,1315.7225341796875,679.7708740234375,1308.9736328125,671.4119262695312,13.497802734375,16.7178955078125
IMG_0028.mp4,2159,71.96666666666667,30.0,959,1,traffic_lights,0.305958092212677,1855.77734375,356.06591796875,1891.8043212890625,423.89447021484375,1873.7908325195312,389.9801940917969,36.0269775390625,67.82855224609375
IMG_0028.mp4,2159,71.96666666666667,30.0,960,2,traffic_signs,0.6946576237678528,1650.714111328125,663.5599365234375,1667.009033203125,684.2283935546875,1658.861572265625,673.8941650390625,16.294921875,20.66845703125
IMG_0028.mp4,2160,72.0,30.0,958,2,traffic_signs,0.8144611716270447,1311.630615234375,665.42724609375,1325.297607421875,682.17236328125,1318.464111328125,673.7998046875,13.6669921875,16.7451171875
IMG_0028.mp4,2160,72.0,30.0,959,1,traffic_lights,0.7123541235923767,1869.5445556640625,354.7169189453125,1905.7413330078125,424.13482666015625,1887.6429443359375,389.4258728027344,36.19677734375,69.41790771484375
IMG_0028.mp4,2160,72.0,30.0,960,2,traffic_signs,0.6887381076812744,1661.72119140625,666.6290893554688,1678.32763671875,685.7848510742188,1670.0244140625,676.2069702148438,16.6064453125,19.15576171875
IMG_0028.mp4,2161,72.03333333333333,30.0,958,2,traffic_signs,0.7767850160598755,1316.8709716796875,665.5659790039062,1330.488525390625,682.3582763671875,1323.6797485351562,673.9621276855469,13.6175537109375,16.79229736328125
IMG_0028.mp4,2161,72.03333333333333,30.0,959,1,traffic_lights,0.7739134430885315,1878.6778564453125,348.2232666015625,1916.5032958984375,423.59527587890625,1897.590576171875,385.9092712402344,37.825439453125,75.37200927734375
IMG_0028.mp4,2161,72.03333333333333,30.0,960,2,traffic_signs,0.4968254864215851,1667.452880859375,666.2659301757812,1684.0257568359375,685.6239013671875,1675.7393188476562,675.9449157714844,16.5728759765625,19.35797119140625
IMG_0028.mp4,2161,72.03333333333333,30.0,965,2,traffic_signs,0.5000708103179932,1776.75830078125,677.4772338867188,1791.7864990234375,695.3070678710938,1784.2723999023438,686.3921508789062,15.0281982421875,17.829833984375
IMG_0028.mp4,2162,72.06666666666666,30.0,958,2,traffic_signs,0.4811607301235199,1325.4818115234375,664.9459838867188,1338.6265869140625,681.828125,1332.05419921875,673.3870544433594,13.144775390625,16.88214111328125
IMG_0028.mp4,2162,72.06666666666666,30.0,959,1,traffic_lights,0.862525224685669,1892.4564208984375,347.5299072265625,1920.0,420.6832580566406,1906.2282104492188,384.10658264160156,27.5435791015625,73.15335083007812
IMG_0028.mp4,2162,72.06666666666666,30.0,960,2,traffic_signs,0.6843013763427734,1677.5853271484375,664.7939453125,1695.1671142578125,684.0676879882812,1686.376220703125,674.4308166503906,17.581787109375,19.27374267578125
IMG_0028.mp4,2163,72.1,30.0,958,2,traffic_signs,0.8037236332893372,1334.25,666.6898193359375,1347.4296875,683.2952880859375,1340.83984375,674.9925537109375,13.1796875,16.60546875
IMG_0028.mp4,2163,72.1,30.0,959,1,traffic_lights,0.7388888597488403,1906.191162109375,351.7939758300781,1920.0,422.4974365234375,1913.0955810546875,387.1457061767578,13.808837890625,70.70346069335938
IMG_0028.mp4,2163,72.1,30.0,960,2,traffic_signs,0.34587526321411133,1688.7967529296875,665.9972534179688,1705.9266357421875,686.2726440429688,1697.3616943359375,676.1349487304688,17.1298828125,20.275390625
IMG_0028.mp4,2163,72.1,30.0,965,2,traffic_signs,0.41595378518104553,1799.8946533203125,677.8094482421875,1814.3685302734375,696.1534423828125,1807.131591796875,686.9814453125,14.473876953125,18.343994140625
IMG_0028.mp4,2164,72.13333333333334,30.0,958,2,traffic_signs,0.7817826271057129,1343.1707763671875,667.534423828125,1356.232421875,684.7601318359375,1349.7015991210938,676.1472778320312,13.0616455078125,17.2257080078125
IMG_0028.mp4,2165,72.16666666666667,30.0,958,2,traffic_signs,0.7874166369438171,1352.438232421875,670.3486938476562,1366.030517578125,687.4225463867188,1359.234375,678.8856201171875,13.59228515625,17.0738525390625
IMG_0028.mp4,2166,72.2,30.0,958,2,traffic_signs,0.8201354742050171,1360.0406494140625,668.2832641601562,1373.825927734375,684.634765625,1366.9332885742188,676.4590148925781,13.7852783203125,16.35150146484375
IMG_0028.mp4,2166,72.2,30.0,960,2,traffic_signs,0.3054167628288269,1720.591552734375,667.5989379882812,1740.86328125,687.5880126953125,1730.7274169921875,677.5934753417969,20.271728515625,19.98907470703125
IMG_0028.mp4,2167,72.23333333333333,30.0,958,2,traffic_signs,0.7759619355201721,1368.5498046875,668.9827880859375,1382.6341552734375,684.2487182617188,1375.5919799804688,676.6157531738281,14.0843505859375,15.26593017578125
IMG_0028.mp4,2167,72.23333333333333,30.0,960,2,traffic_signs,0.44212856888771057,1730.85595703125,667.4625244140625,1749.904052734375,687.3012084960938,1740.3800048828125,677.3818664550781,19.048095703125,19.83868408203125
IMG_0028.mp4,2168,72.26666666666667,30.0,958,2,traffic_signs,0.7612687349319458,1378.48193359375,671.6387329101562,1392.9442138671875,686.4382934570312,1385.7130737304688,679.0385131835938,14.4622802734375,14.799560546875
IMG_0028.mp4,2169,72.3,30.0,958,2,traffic_signs,0.7778501510620117,1388.149658203125,671.874267578125,1403.4486083984375,687.0117797851562,1395.7991333007812,679.4430236816406,15.2989501953125,15.13751220703125
IMG_0028.mp4,2170,72.33333333333333,30.0,958,2,traffic_signs,0.7982006072998047,1398.79345703125,672.3140258789062,1414.5308837890625,688.0050048828125,1406.6621704101562,680.1595153808594,15.7374267578125,15.69097900390625
IMG_0028.mp4,2171,72.36666666666666,30.0,958,2,traffic_signs,0.7252379655838013,1408.6934814453125,671.6402587890625,1422.7640380859375,686.5835571289062,1415.728759765625,679.1119079589844,14.070556640625,14.94329833984375
IMG_0028.mp4,2172,72.4,30.0,958,2,traffic_signs,0.6933088898658752,1419.48681640625,672.5560302734375,1433.2281494140625,687.167236328125,1426.3574829101562,679.8616333007812,13.7413330078125,14.6112060546875
IMG_0028.mp4,2172,72.4,30.0,960,2,traffic_signs,0.3375051021575928,1793.0596923828125,667.0371704101562,1811.7801513671875,689.6615600585938,1802.419921875,678.349365234375,18.720458984375,22.6243896484375
IMG_0028.mp4,2173,72.43333333333334,30.0,958,2,traffic_signs,0.757904589176178,1429.8153076171875,672.4506225585938,1444.3748779296875,687.3256225585938,1437.0950927734375,679.8881225585938,14.5595703125,14.875
IMG_0028.mp4,2174,72.46666666666667,30.0,958,2,traffic_signs,0.7753528952598572,1441.037353515625,672.1329345703125,1456.8790283203125,687.3700561523438,1448.9581909179688,679.7514953613281,15.8416748046875,15.23712158203125
IMG_0028.mp4,2174,72.46666666666667,30.0,960,2,traffic_signs,0.40817791223526,1820.742431640625,667.401123046875,1840.802490234375,689.4691772460938,1830.7724609375,678.4351501464844,20.06005859375,22.06805419921875
IMG_0028.mp4,2175,72.5,30.0,958,2,traffic_signs,0.7487872242927551,1452.471923828125,672.2778930664062,1468.5169677734375,687.7373046875,1460.4944458007812,680.0075988769531,16.0450439453125,15.45941162109375
IMG_0028.mp4,2176,72.53333333333333,30.0,958,2,traffic_signs,0.6654500365257263,1465.1640625,673.7581787109375,1481.0391845703125,689.0618896484375,1473.1016235351562,681.4100341796875,15.8751220703125,15.3037109375
IMG_0028.mp4,2176,72.53333333333333,30.0,960,2,traffic_signs,0.3477681279182434,1850.3546142578125,669.0250854492188,1869.5657958984375,691.6275024414062,1859.960205078125,680.3262939453125,19.211181640625,22.6024169921875
IMG_0028.mp4,2177,72.56666666666666,30.0,958,2,traffic_signs,0.6895230412483215,1476.8560791015625,672.8754272460938,1493.1124267578125,688.8124389648438,1484.9842529296875,680.8439331054688,16.25634765625,15.93701171875
IMG_0028.mp4,2178,72.6,30.0,958,2,traffic_signs,0.6707245707511902,1488.87841796875,674.1844482421875,1505.6385498046875,689.4506225585938,1497.2584838867188,681.8175354003906,16.7601318359375,15.26617431640625
IMG_0028.mp4,2178,72.6,30.0,969,1,traffic_lights,0.6096010804176331,2.892496347427368,227.54591369628906,58.77073669433594,248.34942626953125,30.831616520881653,237.94766998291016,55.87824034690857,20.803512573242188
IMG_0028.mp4,2179,72.63333333333334,30.0,958,2,traffic_signs,0.3560950756072998,1500.9541015625,674.2098999023438,1517.1478271484375,688.9866943359375,1509.0509643554688,681.5982971191406,16.1937255859375,14.77679443359375
IMG_0028.mp4,2179,72.63333333333334,30.0,969,1,traffic_lights,0.7757009267807007,3.8717145919799805,225.55987548828125,67.2974624633789,248.36354064941406,35.58458852767944,236.96170806884766,63.425747871398926,22.803665161132812
IMG_0028.mp4,2179,72.63333333333334,30.0,960,2,traffic_signs,0.5107836723327637,1895.05419921875,666.9581909179688,1914.9609375,690.5641479492188,1905.007568359375,678.7611694335938,19.90673828125,23.60595703125
IMG_0028.mp4,2180,72.66666666666667,30.0,958,2,traffic_signs,0.4146024286746979,1514.1868896484375,674.890625,1529.998779296875,688.4993286132812,1522.0928344726562,681.6949768066406,15.8118896484375,13.60870361328125
IMG_0028.mp4,2180,72.66666666666667,30.0,969,1,traffic_lights,0.4502401649951935,3.260852098464966,223.74163818359375,74.72249603271484,249.17909240722656,38.991674065589905,236.46036529541016,71.46164393424988,25.437454223632812
IMG_0028.mp4,2181,72.7,30.0,969,1,traffic_lights,0.7390803098678589,2.7500433921813965,224.73509216308594,82.30784606933594,249.85287475585938,42.52894473075867,237.29398345947266,79.55780267715454,25.117782592773438
IMG_0028.mp4,2182,72.73333333333333,30.0,969,1,traffic_lights,0.35285308957099915,3.7793660163879395,225.2664031982422,90.83564758300781,248.9139862060547,47.307506799697876,237.09019470214844,87.05628156661987,23.6475830078125
IMG_0028.mp4,2182,72.73333333333333,30.0,958,2,traffic_signs,0.4449695944786072,1541.8031005859375,675.4695434570312,1556.579345703125,689.9860229492188,1549.1912231445312,682.727783203125,14.7762451171875,14.5164794921875
IMG_0028.mp4,2183,72.76666666666667,30.0,969,1,traffic_lights,0.5533702373504639,4.524616718292236,224.88011169433594,100.44953918457031,250.33668518066406,52.487077951431274,237.6083984375,95.92492246627808,25.456573486328125
IMG_0028.mp4,2184,72.8,30.0,969,1,traffic_lights,0.46504437923431396,2.947051763534546,223.3189697265625,107.87911224365234,250.89047241210938,55.413082003593445,237.10472106933594,104.9320604801178,27.571502685546875
IMG_0028.mp4,2185,72.83333333333333,30.0,969,1,traffic_lights,0.3285972774028778,2.325378894805908,221.80419921875,116.50491333007812,250.6675567626953,59.41514611244202,236.23587799072266,114.17953443527222,28.863357543945312
IMG_0028.mp4,2186,72.86666666666666,30.0,969,1,traffic_lights,0.4640260934829712,1.0562776327133179,222.4910430908203,121.605712890625,251.6908721923828,61.33099526166916,237.09095764160156,120.54943525791168,29.1998291015625
IMG_0028.mp4,2187,72.9,30.0,969,1,traffic_lights,0.32429370284080505,1.486586332321167,223.50172424316406,130.81288146972656,252.94252014160156,66.14973390102386,238.2221221923828,129.3262951374054,29.4407958984375
IMG_0028.mp4,2200,73.33333333333333,30.0,975,2,traffic_signs,0.5238447189331055,1.5385353565216064,652.9481201171875,29.7139949798584,687.4402465820312,15.626265168190002,670.1941833496094,28.175459623336792,34.49212646484375
IMG_0028.mp4,2201,73.36666666666666,30.0,975,2,traffic_signs,0.6303941011428833,9.551017761230469,654.7778930664062,39.7485237121582,689.09765625,24.649770736694336,671.9377746582031,30.197505950927734,34.31976318359375
IMG_0028.mp4,2202,73.4,30.0,975,2,traffic_signs,0.7923961877822876,19.132110595703125,654.8759765625,49.68079376220703,689.5691528320312,34.40645217895508,672.2225646972656,30.548683166503906,34.69317626953125
IMG_0028.mp4,2203,73.43333333333334,30.0,975,2,traffic_signs,0.755133867263794,33.26911163330078,654.6903686523438,64.59569549560547,688.7014770507812,48.932403564453125,671.6959228515625,31.326583862304688,34.0111083984375
IMG_0028.mp4,2204,73.46666666666667,30.0,975,2,traffic_signs,0.4699050784111023,45.9360466003418,654.5567016601562,77.12178802490234,688.0820922851562,61.52891731262207,671.3193969726562,31.185741424560547,33.525390625
IMG_0028.mp4,2205,73.5,30.0,975,2,traffic_signs,0.7124457955360413,55.3223762512207,655.328857421875,85.72339630126953,689.1808471679688,70.52288627624512,672.2548522949219,30.401020050048828,33.85198974609375
IMG_0028.mp4,2206,73.53333333333333,30.0,975,2,traffic_signs,0.6208537220954895,66.972900390625,654.9989624023438,97.70779418945312,688.337646484375,82.34034729003906,671.6683044433594,30.734893798828125,33.33868408203125
IMG_0028.mp4,2207,73.56666666666666,30.0,975,2,traffic_signs,0.6603041291236877,78.35218048095703,655.4410400390625,108.69981384277344,688.7639770507812,93.52599716186523,672.1025085449219,30.347633361816406,33.32293701171875
IMG_0028.mp4,2208,73.6,30.0,975,2,traffic_signs,0.5663267970085144,90.47064208984375,655.231689453125,121.04792022705078,689.77587890625,105.75928115844727,672.5037841796875,30.57727813720703,34.544189453125
IMG_0028.mp4,2209,73.63333333333334,30.0,975,2,traffic_signs,0.7499616146087646,101.70770263671875,654.3391723632812,132.64955139160156,688.8544311523438,117.17862701416016,671.5968017578125,30.941848754882812,34.5152587890625
IMG_0028.mp4,2210,73.66666666666667,30.0,975,2,traffic_signs,0.29072919487953186,114.64474487304688,654.459228515625,145.66238403320312,689.0092163085938,130.153564453125,671.7342224121094,31.01763916015625,34.54998779296875
IMG_0028.mp4,2245,74.83333333333333,30.0,978,1,traffic_lights,0.3586745858192444,307.6078796386719,642.08154296875,327.71270751953125,692.283935546875,317.66029357910156,667.1827392578125,20.104827880859375,50.202392578125
IMG_0028.mp4,2252,75.06666666666666,30.0,978,1,traffic_lights,0.4796891510486603,392.7462463378906,637.0584716796875,417.2939453125,686.7467651367188,405.0200958251953,661.9026184082031,24.547698974609375,49.68829345703125
IMG_0028.mp4,2253,75.1,30.0,978,1,traffic_lights,0.43208372592926025,406.4070129394531,636.9794311523438,431.86444091796875,686.2518310546875,419.13572692871094,661.6156311035156,25.457427978515625,49.27239990234375
IMG_0028.mp4,2256,75.2,30.0,978,1,traffic_lights,0.636318027973175,441.4909362792969,634.3759155273438,469.2513122558594,687.593994140625,455.3711242675781,660.9849548339844,27.7603759765625,53.21807861328125
IMG_0028.mp4,2259,75.3,30.0,978,1,traffic_lights,0.4367963373661041,485.025634765625,635.0399169921875,512.8899536132812,688.095703125,498.9577941894531,661.5678100585938,27.86431884765625,53.0557861328125
IMG_0028.mp4,2275,75.83333333333333,30.0,984,1,traffic_lights,0.5499465465545654,686.7245483398438,619.2655029296875,721.891845703125,683.8335571289062,704.3081970214844,651.5495300292969,35.16729736328125,64.56805419921875
IMG_0028.mp4,2278,75.93333333333334,30.0,984,1,traffic_lights,0.3304336369037628,729.9227905273438,621.9125366210938,766.1365356445312,680.1954956054688,748.0296630859375,651.0540161132812,36.2137451171875,58.282958984375
IMG_0028.mp4,2279,75.96666666666667,30.0,984,1,traffic_lights,0.5454219579696655,743.7361450195312,620.5433959960938,779.8045654296875,679.248291015625,761.7703552246094,649.8958435058594,36.06842041015625,58.70489501953125
IMG_0028.mp4,2281,76.03333333333333,30.0,984,1,traffic_lights,0.6336409449577332,771.52783203125,618.8937377929688,805.5140991210938,677.8975830078125,788.5209655761719,648.3956604003906,33.98626708984375,59.00384521484375
IMG_0028.mp4,2282,76.06666666666666,30.0,984,1,traffic_lights,0.704106867313385,784.1995239257812,618.3365478515625,820.0194702148438,678.1651611328125,802.1094970703125,648.2508544921875,35.8199462890625,59.82861328125
IMG_0028.mp4,2283,76.1,30.0,984,1,traffic_lights,0.5271422863006592,794.4385375976562,616.0582275390625,832.4727172851562,677.2933959960938,813.4556274414062,646.6758117675781,38.0341796875,61.23516845703125
IMG_0028.mp4,2284,76.13333333333334,30.0,984,1,traffic_lights,0.4475805163383484,813.9263305664062,618.210693359375,848.001708984375,675.6429443359375,830.9640197753906,646.9268188476562,34.07537841796875,57.4322509765625
IMG_0028.mp4,2284,76.13333333333334,30.0,985,1,traffic_lights,0.7607419490814209,1117.0860595703125,0.7856151461601257,1147.864501953125,24.21922492980957,1132.4752807617188,12.502420037984848,30.7784423828125,23.433609783649445
IMG_0028.mp4,2285,76.16666666666667,30.0,984,1,traffic_lights,0.4411587119102478,818.7457885742188,615.0352172851562,860.9935302734375,675.647216796875,839.8696594238281,645.3412170410156,42.24774169921875,60.61199951171875
IMG_0028.mp4,2285,76.16666666666667,30.0,985,1,traffic_lights,0.7735409736633301,1131.6593017578125,0.09612517058849335,1162.5521240234375,19.045623779296875,1147.105712890625,9.570874474942684,30.892822265625,18.94949860870838
IMG_0028.mp4,2286,76.2,30.0,984,1,traffic_lights,0.609351634979248,836.63525390625,613.3803100585938,875.4036254882812,674.5113525390625,856.0194396972656,643.9458312988281,38.76837158203125,61.13104248046875
IMG_0028.mp4,2287,76.23333333333333,30.0,984,1,traffic_lights,0.629215657711029,853.8955078125,613.0418701171875,889.5189819335938,674.1426391601562,871.7072448730469,643.5922546386719,35.62347412109375,61.10076904296875
IMG_0028.mp4,2288,76.26666666666667,30.0,984,1,traffic_lights,0.7756708264350891,865.3558959960938,611.6510620117188,901.2957763671875,674.5614013671875,883.3258361816406,643.1062316894531,35.93988037109375,62.91033935546875
IMG_0028.mp4,2289,76.3,30.0,984,1,traffic_lights,0.7207557559013367,871.9728393554688,609.69384765625,916.202880859375,674.7264404296875,894.0878601074219,642.2101440429688,44.23004150390625,65.0325927734375
IMG_0028.mp4,2290,76.33333333333333,30.0,984,1,traffic_lights,0.6162489056587219,883.6358032226562,609.3790283203125,929.7239990234375,672.2274780273438,906.6799011230469,640.8032531738281,46.08819580078125,62.84844970703125
IMG_0028.mp4,2291,76.36666666666666,30.0,984,1,traffic_lights,0.7705403566360474,907.498291015625,611.8366088867188,946.465576171875,671.7694091796875,926.98193359375,641.8030090332031,38.96728515625,59.93280029296875
IMG_0028.mp4,2292,76.4,30.0,984,1,traffic_lights,0.7309616208076477,922.67822265625,609.9902954101562,960.8157958984375,672.335693359375,941.7470092773438,641.1629943847656,38.1375732421875,62.34539794921875
IMG_0028.mp4,2293,76.43333333333334,30.0,984,1,traffic_lights,0.7652583718299866,932.6401977539062,607.8325805664062,974.5462036132812,671.9395141601562,953.5932006835938,639.8860473632812,41.906005859375,64.10693359375
IMG_0028.mp4,2294,76.46666666666667,30.0,984,1,traffic_lights,0.5159045457839966,954.5827026367188,611.2188720703125,990.7560424804688,671.5330200195312,972.6693725585938,641.3759460449219,36.17333984375,60.31414794921875
IMG_0028.mp4,2295,76.5,30.0,984,1,traffic_lights,0.4608238935470581,966.0328369140625,609.7014770507812,1006.5304565429688,670.42626953125,986.2816467285156,640.0638732910156,40.49761962890625,60.72479248046875
IMG_0028.mp4,2296,76.53333333333333,30.0,984,1,traffic_lights,0.7593162059783936,982.1643676757812,607.0281982421875,1021.5118408203125,668.9075317382812,1001.8381042480469,637.9678649902344,39.34747314453125,61.87933349609375
IMG_0028.mp4,2297,76.56666666666666,30.0,984,1,traffic_lights,0.6939732432365417,1001.4083862304688,605.53662109375,1035.5498046875,667.967041015625,1018.4790954589844,636.7518310546875,34.14141845703125,62.430419921875
IMG_0028.mp4,2298,76.6,30.0,984,1,traffic_lights,0.8090701103210449,1014.7620239257812,601.834228515625,1047.511962890625,668.0956420898438,1031.1369934082031,634.9649353027344,32.74993896484375,66.26141357421875
IMG_0028.mp4,2299,76.63333333333334,30.0,984,1,traffic_lights,0.27711769938468933,1026.9566650390625,601.9325561523438,1065.1761474609375,666.4346313476562,1046.06640625,634.18359375,38.219482421875,64.5020751953125
IMG_0028.mp4,2301,76.7,30.0,984,1,traffic_lights,0.8035629391670227,1057.5806884765625,597.3998413085938,1094.947021484375,665.2840576171875,1076.2638549804688,631.3419494628906,37.3663330078125,67.88421630859375
IMG_0028.mp4,2302,76.73333333333333,30.0,984,1,traffic_lights,0.7163418531417847,1068.343505859375,596.4107666015625,1112.5169677734375,664.6455078125,1090.4302368164062,630.5281372070312,44.1734619140625,68.2347412109375
IMG_0028.mp4,2303,76.76666666666667,30.0,984,1,traffic_lights,0.4792727828025818,1084.338134765625,596.8729858398438,1129.356201171875,665.2543334960938,1106.84716796875,631.0636596679688,45.01806640625,68.38134765625
IMG_0028.mp4,2304,76.8,30.0,984,1,traffic_lights,0.8630231022834778,1105.517333984375,594.9595336914062,1142.8790283203125,664.3055419921875,1124.1981811523438,629.6325378417969,37.3616943359375,69.34600830078125
IMG_0028.mp4,2305,76.83333333333333,30.0,984,1,traffic_lights,0.8315058946609497,1123.8798828125,596.2276000976562,1160.341552734375,663.5960083007812,1142.1107177734375,629.9118041992188,36.461669921875,67.368408203125
IMG_0028.mp4,2306,76.86666666666666,30.0,984,1,traffic_lights,0.8396722674369812,1137.2135009765625,594.3224487304688,1176.6353759765625,664.0499877929688,1156.9244384765625,629.1862182617188,39.421875,69.7275390625
IMG_0028.mp4,2306,76.86666666666666,30.0,990,2,traffic_signs,0.493144690990448,1653.1007080078125,569.212646484375,1707.170654296875,646.2141723632812,1680.1356811523438,607.7134094238281,54.0699462890625,77.00152587890625
IMG_0028.mp4,2307,76.9,30.0,984,1,traffic_lights,0.8954174518585205,1156.1453857421875,591.237548828125,1191.4246826171875,663.2438354492188,1173.7850341796875,627.2406921386719,35.279296875,72.00628662109375
IMG_0028.mp4,2307,76.9,30.0,990,2,traffic_signs,0.5600837469100952,1678.797119140625,567.1220703125,1733.68603515625,645.0306396484375,1706.2415771484375,606.0763549804688,54.888916015625,77.9085693359375
IMG_0028.mp4,2308,76.93333333333334,30.0,984,1,traffic_lights,0.8573062419891357,1173.350830078125,590.3751831054688,1208.252197265625,662.5285034179688,1190.801513671875,626.4518432617188,34.9013671875,72.1533203125
IMG_0028.mp4,2308,76.93333333333334,30.0,990,2,traffic_signs,0.33442291617393494,1704.6953125,563.2799072265625,1761.02783203125,641.890625,1732.861572265625,602.5852661132812,56.33251953125,78.6107177734375
IMG_0028.mp4,2309,76.96666666666667,30.0,984,1,traffic_lights,0.8487963676452637,1189.1744384765625,590.3981323242188,1225.0281982421875,662.4249267578125,1207.101318359375,626.4115295410156,35.853759765625,72.02679443359375
IMG_0028.mp4,2309,76.96666666666667,30.0,990,2,traffic_signs,0.4940602779388428,1732.5543212890625,561.0194702148438,1790.8023681640625,640.6663818359375,1761.6783447265625,600.8429260253906,58.248046875,79.64691162109375
IMG_0028.mp4,2310,77.0,30.0,984,1,traffic_lights,0.8118999600410461,1206.3170166015625,586.4747924804688,1239.234619140625,661.492431640625,1222.7758178710938,623.9836120605469,32.9176025390625,75.01763916015625
IMG_0028.mp4,2310,77.0,30.0,993,1,traffic_lights,0.6479402780532837,2.35290789604187,543.2758178710938,43.028358459472656,615.35986328125,22.690633177757263,579.3178405761719,40.675450563430786,72.08404541015625
IMG_0028.mp4,2311,77.03333333333333,30.0,984,1,traffic_lights,0.7131918668746948,1224.6304931640625,585.50244140625,1256.2705078125,660.4366455078125,1240.4505004882812,622.9695434570312,31.6400146484375,74.9342041015625
IMG_0028.mp4,2311,77.03333333333333,30.0,994,2,traffic_signs,0.5825687646865845,1582.438720703125,541.1006469726562,1643.981201171875,607.61279296875,1613.2099609375,574.3567199707031,61.54248046875,66.51214599609375
IMG_0028.mp4,2312,77.06666666666666,30.0,984,1,traffic_lights,0.8005080819129944,1243.7486572265625,585.5477905273438,1273.265625,659.4931030273438,1258.5071411132812,622.5204467773438,29.5169677734375,73.9453125
IMG_0028.mp4,2312,77.06666666666666,30.0,990,2,traffic_signs,0.3836463689804077,1816.6239013671875,550.3826904296875,1878.9351806640625,632.9569702148438,1847.779541015625,591.6698303222656,62.311279296875,82.57427978515625
IMG_0028.mp4,2312,77.06666666666666,30.0,993,1,traffic_lights,0.6164863705635071,2.6739485263824463,529.1411743164062,57.229183197021484,615.6868286132812,29.951565861701965,572.4140014648438,54.55523467063904,86.545654296875
IMG_0028.mp4,2313,77.1,30.0,984,1,traffic_lights,0.6118706464767456,1261.6488037109375,585.8961791992188,1289.4697265625,659.3202514648438,1275.5592651367188,622.6082153320312,27.8209228515625,73.424072265625
IMG_0028.mp4,2314,77.13333333333334,30.0,984,1,traffic_lights,0.8406771421432495,1278.1185302734375,583.5029907226562,1306.953857421875,658.360595703125,1292.5361938476562,620.9317932128906,28.8353271484375,74.85760498046875
IMG_0028.mp4,2315,77.16666666666667,30.0,984,1,traffic_lights,0.8118127584457397,1295.8096923828125,583.0439453125,1325.6885986328125,656.9700927734375,1310.7491455078125,620.0070190429688,29.87890625,73.9261474609375
IMG_0028.mp4,2317,77.23333333333333,30.0,996,2,traffic_signs,0.5695974826812744,1730.7991943359375,522.5438232421875,1794.9415283203125,592.837158203125,1762.870361328125,557.6904907226562,64.142333984375,70.2933349609375
IMG_0028.mp4,2317,77.23333333333333,30.0,984,1,traffic_lights,0.4637356996536255,1323.873046875,568.4832763671875,1355.6927490234375,652.82666015625,1339.7828979492188,610.6549682617188,31.8197021484375,84.3433837890625
IMG_0028.mp4,2318,77.26666666666667,30.0,996,2,traffic_signs,0.6797035932540894,1756.469482421875,519.081787109375,1821.874755859375,591.2157592773438,1789.172119140625,555.1487731933594,65.4052734375,72.13397216796875
IMG_0028.mp4,2319,77.3,30.0,996,2,traffic_signs,0.43914783000946045,1783.750732421875,515.9950561523438,1848.7437744140625,588.9624633789062,1816.2472534179688,552.478759765625,64.9930419921875,72.9674072265625
IMG_0028.mp4,2320,77.33333333333333,30.0,996,2,traffic_signs,0.3149273991584778,1812.1280517578125,511.4648132324219,1880.52001953125,585.751953125,1846.3240356445312,548.6083831787109,68.3919677734375,74.28713989257812
IMG_0028.mp4,2321,77.36666666666666,30.0,996,2,traffic_signs,0.44274547696113586,1839.392333984375,507.5466613769531,1911.0711669921875,581.9884643554688,1875.2317504882812,544.7675628662109,71.6788330078125,74.44180297851562
IMG_0028.mp4,2328,77.6,30.0,984,1,traffic_lights,0.5423094034194946,1497.781005859375,515.63232421875,1540.7264404296875,640.0050048828125,1519.2537231445312,577.8186645507812,42.9454345703125,124.3726806640625
IMG_0028.mp4,2329,77.63333333333334,30.0,998,2,traffic_signs,0.5850409269332886,1734.8638916015625,351.0742492675781,1914.378662109375,421.903076171875,1824.6212768554688,386.48866271972656,179.5147705078125,70.82882690429688
IMG_0028.mp4,2330,77.66666666666667,30.0,998,2,traffic_signs,0.8049942255020142,1754.4969482421875,352.6798095703125,1919.6771240234375,419.59710693359375,1837.0870361328125,386.1384582519531,165.18017578125,66.91729736328125
IMG_0029.mp4,0,0.0,29.97,1,1,traffic_lights,0.8905630707740784,1340.50830078125,468.1273193359375,1371.9947509765625,521.7022705078125,1356.2515258789062,494.914794921875,31.4864501953125,53.574951171875
IMG_0029.mp4,0,0.0,29.97,2,2,traffic_signs,0.49304792284965515,1542.12060546875,721.1077880859375,1569.774169921875,746.8519897460938,1555.9473876953125,733.9798889160156,27.653564453125,25.74420166015625
IMG_0029.mp4,0,0.0,29.97,3,2,traffic_signs,0.32010501623153687,1003.42529296875,807.5179443359375,1024.735107421875,828.7018432617188,1014.0802001953125,818.1098937988281,21.309814453125,21.18389892578125
IMG_0029.mp4,1,0.033366700033366704,29.97,1,1,traffic_lights,0.8912472724914551,1341.6265869140625,464.51153564453125,1372.4798583984375,518.7477416992188,1357.05322265625,491.629638671875,30.853271484375,54.2362060546875
IMG_0029.mp4,1,0.033366700033366704,29.97,2,2,traffic_signs,0.6681913137435913,1544.1058349609375,720.1862182617188,1571.890869140625,746.2139892578125,1557.9983520507812,733.2001037597656,27.7850341796875,26.02777099609375
IMG_0029.mp4,1,0.033366700033366704,29.97,3,2,traffic_signs,0.26101329922676086,1000.3983764648438,807.684814453125,1022.2615356445312,828.8687133789062,1011.3299560546875,818.2767639160156,21.8631591796875,21.18389892578125
IMG_0029.mp4,2,0.06673340006673341,29.97,1,1,traffic_lights,0.9056524038314819,1343.358154296875,460.1926574707031,1374.2083740234375,514.3424072265625,1358.7832641601562,487.2675323486328,30.8502197265625,54.149749755859375
IMG_0029.mp4,2,0.06673340006673341,29.97,2,2,traffic_signs,0.8184270262718201,1546.7459716796875,719.7892456054688,1574.633544921875,745.837158203125,1560.6897583007812,732.8132019042969,27.8875732421875,26.04791259765625
IMG_0029.mp4,2,0.06673340006673341,29.97,3,2,traffic_signs,0.33913540840148926,998.9913940429688,807.6608276367188,1020.234375,828.5695190429688,1009.6128845214844,818.1151733398438,21.24298095703125,20.90869140625
IMG_0029.mp4,3,0.1001001001001001,29.97,1,1,traffic_lights,0.9085404872894287,1344.4854736328125,455.33453369140625,1375.30859375,510.14117431640625,1359.8970336914062,482.73785400390625,30.8231201171875,54.806640625
IMG_0029.mp4,3,0.1001001001001001,29.97,2,2,traffic_signs,0.6146946549415588,1548.0941162109375,719.080810546875,1576.7657470703125,745.5391845703125,1562.429931640625,732.3099975585938,28.671630859375,26.4583740234375
IMG_0029.mp4,3,0.1001001001001001,29.97,3,2,traffic_signs,0.2747926414012909,996.6318359375,807.8977661132812,1018.6172485351562,828.9215698242188,1007.6245422363281,818.40966796875,21.98541259765625,21.0238037109375
IMG_0029.mp4,4,0.13346680013346682,29.97,1,1,traffic_lights,0.8836879730224609,1345.5462646484375,450.3526306152344,1377.4971923828125,506.7122802734375,1361.521728515625,478.53245544433594,31.950927734375,56.359649658203125
IMG_0029.mp4,4,0.13346680013346682,29.97,3,2,traffic_signs,0.28752100467681885,994.3601684570312,808.3986206054688,1016.75439453125,829.549072265625,1005.5572814941406,818.9738464355469,22.39422607421875,21.15045166015625
IMG_0029.mp4,5,0.16683350016683351,29.97,1,1,traffic_lights,0.9041265249252319,1346.8514404296875,445.9383239746094,1380.6502685546875,503.27105712890625,1363.7508544921875,474.6046905517578,33.798828125,57.332733154296875
IMG_0029.mp4,6,0.2002002002002002,29.97,1,1,traffic_lights,0.8801231980323792,1348.5023193359375,440.79156494140625,1383.5225830078125,499.3165588378906,1366.012451171875,470.05406188964844,35.020263671875,58.524993896484375
IMG_0029.mp4,6,0.2002002002002002,29.97,2,2,traffic_signs,0.349212110042572,1556.59033203125,717.4287109375,1583.2333984375,743.4031982421875,1569.911865234375,730.4159545898438,26.64306640625,25.9744873046875
IMG_0029.mp4,7,0.2335669002335669,29.97,1,1,traffic_lights,0.8995828032493591,1352.774169921875,435.9154357910156,1386.0950927734375,493.8747863769531,1369.4346313476562,464.8951110839844,33.3209228515625,57.9593505859375
IMG_0029.mp4,8,0.26693360026693363,29.97,1,1,traffic_lights,0.8798643350601196,1355.0452880859375,430.13592529296875,1388.5260009765625,490.087158203125,1371.78564453125,460.1115417480469,33.480712890625,59.95123291015625
IMG_0029.mp4,8,0.26693360026693363,29.97,3,2,traffic_signs,0.7118657231330872,982.9742431640625,805.7999877929688,1008.2693481445312,830.9202270507812,995.6217956542969,818.360107421875,25.29510498046875,25.1202392578125
IMG_0029.mp4,9,0.3003003003003003,29.97,1,1,traffic_lights,0.8944570422172546,1356.3414306640625,425.21844482421875,1390.412841796875,484.4603576660156,1373.3771362304688,454.8394012451172,34.0714111328125,59.241912841796875
IMG_0029.mp4,9,0.3003003003003003,29.97,3,2,traffic_signs,0.7837176322937012,979.8412475585938,805.3486938476562,1006.2913818359375,832.1013793945312,993.0663146972656,818.7250366210938,26.45013427734375,26.752685546875
IMG_0029.mp4,10,0.33366700033366703,29.97,1,1,traffic_lights,0.889186441898346,1358.376708984375,420.41925048828125,1393.5924072265625,480.3525695800781,1375.9845581054688,450.3859100341797,35.2156982421875,59.933319091796875
IMG_0029.mp4,10,0.33366700033366703,29.97,3,2,traffic_signs,0.7865355610847473,976.865478515625,805.4043579101562,1003.1453247070312,832.6957397460938,990.0054016113281,819.050048828125,26.27984619140625,27.2913818359375
IMG_0029.mp4,11,0.3670337003670337,29.97,1,1,traffic_lights,0.8614336252212524,1361.2562255859375,414.73858642578125,1396.56298828125,476.4535217285156,1378.9096069335938,445.59605407714844,35.3067626953125,61.714935302734375
IMG_0029.mp4,11,0.3670337003670337,29.97,3,2,traffic_signs,0.7677245140075684,974.36767578125,805.265869140625,1000.4614868164062,832.6580810546875,987.4145812988281,818.9619750976562,26.09381103515625,27.3922119140625
IMG_0029.mp4,11,0.3670337003670337,29.97,2,2,traffic_signs,0.6037026047706604,1570.197509765625,711.9483032226562,1598.7960205078125,739.0361328125,1584.4967651367188,725.4922180175781,28.5985107421875,27.08782958984375
IMG_0029.mp4,12,0.4004004004004004,29.97,1,1,traffic_lights,0.8866669535636902,1364.19580078125,409.2122802734375,1399.0355224609375,471.7357482910156,1381.6156616210938,440.47401428222656,34.8397216796875,62.523468017578125
IMG_0029.mp4,12,0.4004004004004004,29.97,3,2,traffic_signs,0.49262362718582153,971.7511596679688,805.2182006835938,997.8323364257812,832.66162109375,984.791748046875,818.9399108886719,26.0811767578125,27.44342041015625
IMG_0029.mp4,13,0.4337671004337671,29.97,1,1,traffic_lights,0.35829252004623413,1364.333740234375,402.71746826171875,1400.7508544921875,466.98980712890625,1382.5422973632812,434.8536376953125,36.4171142578125,64.2723388671875
IMG_0029.mp4,13,0.4337671004337671,29.97,3,2,traffic_signs,0.812678337097168,968.2210083007812,805.03759765625,994.93701171875,832.848876953125,981.5790100097656,818.9432373046875,26.71600341796875,27.811279296875
IMG_0029.mp4,13,0.4337671004337671,29.97,2,2,traffic_signs,0.3461463153362274,1574.71240234375,710.2450561523438,1603.3370361328125,737.6430053710938,1589.0247192382812,723.9440307617188,28.6246337890625,27.39794921875
IMG_0029.mp4,14,0.4671338004671338,29.97,1,1,traffic_lights,0.8632259368896484,1366.203857421875,396.2852783203125,1402.8206787109375,460.2522277832031,1384.5122680664062,428.2687530517578,36.6168212890625,63.966949462890625
IMG_0029.mp4,14,0.4671338004671338,29.97,3,2,traffic_signs,0.8159676790237427,964.3358764648438,804.97900390625,991.8792114257812,833.488037109375,978.1075439453125,819.2335205078125,27.5433349609375,28.509033203125
IMG_0029.mp4,14,0.4671338004671338,29.97,2,2,traffic_signs,0.36170631647109985,1577.5108642578125,709.4851684570312,1606.83740234375,736.5640258789062,1592.1741333007812,723.0245971679688,29.3265380859375,27.078857421875
IMG_0029.mp4,15,0.5005005005005005,29.97,1,1,traffic_lights,0.8588714003562927,1368.061767578125,389.3699645996094,1406.3656005859375,454.114501953125,1387.2136840820312,421.7422332763672,38.3038330078125,64.74453735351562
IMG_0029.mp4,15,0.5005005005005005,29.97,3,2,traffic_signs,0.8077412843704224,961.3721313476562,804.7141723632812,988.6289672851562,833.8662109375,975.0005493164062,819.2901916503906,27.2568359375,29.15203857421875
IMG_0029.mp4,15,0.5005005005005005,29.97,2,2,traffic_signs,0.7844103574752808,1580.320068359375,708.72265625,1609.966796875,735.442626953125,1595.1434326171875,722.0826416015625,29.646728515625,26.719970703125
IMG_0029.mp4,16,0.5338672005338673,29.97,1,1,traffic_lights,0.8158338665962219,1369.610107421875,382.3735656738281,1409.98095703125,448.1603088378906,1389.7955322265625,415.2669372558594,40.370849609375,65.7867431640625
IMG_0029.mp4,16,0.5338672005338673,29.97,3,2,traffic_signs,0.7713249921798706,958.6998901367188,804.3045043945312,985.3695678710938,832.6600341796875,972.0347290039062,818.4822692871094,26.669677734375,28.35552978515625
IMG_0029.mp4,17,0.5672339005672339,29.97,1,1,traffic_lights,0.7843695282936096,1373.00244140625,373.9664001464844,1413.31298828125,442.1821594238281,1393.15771484375,408.07427978515625,40.310546875,68.21575927734375
IMG_0029.mp4,17,0.5672339005672339,29.97,3,2,traffic_signs,0.7924932837486267,954.3231201171875,803.961181640625,982.2161254882812,832.9737548828125,968.2696228027344,818.4674682617188,27.89300537109375,29.0125732421875
IMG_0029.mp4,18,0.6006006006006006,29.97,1,1,traffic_lights,0.8645508289337158,1375.9041748046875,367.17132568359375,1417.3553466796875,436.0703430175781,1396.6297607421875,401.62083435058594,41.451171875,68.89901733398438
IMG_0029.mp4,18,0.6006006006006006,29.97,3,2,traffic_signs,0.7814489006996155,950.6348266601562,803.8599853515625,978.8521728515625,833.002685546875,964.7434997558594,818.4313354492188,28.21734619140625,29.1427001953125
IMG_0029.mp4,19,0.6339673006339673,29.97,1,1,traffic_lights,0.8217630386352539,1379.3240966796875,358.5653076171875,1420.340087890625,428.9590759277344,1399.8320922851562,393.76219177246094,41.0159912109375,70.39376831054688
IMG_0029.mp4,19,0.6339673006339673,29.97,3,2,traffic_signs,0.7468891739845276,947.0870361328125,803.421142578125,975.2081298828125,833.1299438476562,961.1475830078125,818.2755432128906,28.12109375,29.70880126953125
IMG_0029.mp4,20,0.6673340006673341,29.97,1,1,traffic_lights,0.5411912202835083,1380.6314697265625,348.78759765625,1424.375244140625,422.2907409667969,1402.5033569335938,385.53916931152344,43.7437744140625,73.50314331054688
IMG_0029.mp4,20,0.6673340006673341,29.97,3,2,traffic_signs,0.8214937448501587,943.377197265625,803.498779296875,971.780029296875,833.4882202148438,957.57861328125,818.4934997558594,28.40283203125,29.98944091796875
IMG_0029.mp4,21,0.7007007007007007,29.97,1,1,traffic_lights,0.42213961482048035,1383.8438720703125,342.39471435546875,1426.26318359375,415.601318359375,1405.0535278320312,378.9980163574219,42.4193115234375,73.20660400390625
IMG_0029.mp4,21,0.7007007007007007,29.97,3,2,traffic_signs,0.8201607465744019,939.2042236328125,803.1461181640625,967.686767578125,834.1708374023438,953.4454956054688,818.6584777832031,28.4825439453125,31.02471923828125
IMG_0029.mp4,22,0.7340674007340674,29.97,1,1,traffic_lights,0.7044151425361633,1386.7489013671875,333.63726806640625,1429.9715576171875,408.69183349609375,1408.3602294921875,371.16455078125,43.22265625,75.0545654296875
IMG_0029.mp4,22,0.7340674007340674,29.97,3,2,traffic_signs,0.8268494606018066,935.3880004882812,802.8587646484375,964.1212768554688,834.4701538085938,949.754638671875,818.6644592285156,28.7332763671875,31.61138916015625
IMG_0029.mp4,23,0.7674341007674341,29.97,3,2,traffic_signs,0.8507575988769531,930.9569091796875,802.3706665039062,960.031982421875,834.3495483398438,945.4944458007812,818.360107421875,29.0750732421875,31.9788818359375
IMG_0029.mp4,24,0.8008008008008008,29.97,3,2,traffic_signs,0.8504735827445984,925.8548583984375,802.2922973632812,955.9768676757812,834.9208984375,940.9158630371094,818.6065979003906,30.12200927734375,32.62860107421875
IMG_0029.mp4,24,0.8008008008008008,29.97,2,2,traffic_signs,0.73350590467453,1610.018798828125,697.7794189453125,1642.9727783203125,727.032470703125,1626.4957885742188,712.4059448242188,32.9539794921875,29.2530517578125
IMG_0029.mp4,25,0.8341675008341676,29.97,3,2,traffic_signs,0.46187689900398254,921.3988647460938,801.533447265625,951.7898559570312,835.3653564453125,936.5943603515625,818.4494018554688,30.3909912109375,33.8319091796875
IMG_0029.mp4,25,0.8341675008341676,29.97,2,2,traffic_signs,0.41942596435546875,1614.57177734375,696.4569702148438,1646.908935546875,725.9840087890625,1630.7403564453125,711.2204895019531,32.337158203125,29.52703857421875
IMG_0029.mp4,26,0.8675342008675342,29.97,3,2,traffic_signs,0.8652191758155823,916.2398071289062,801.1577758789062,948.1631469726562,835.9354248046875,932.2014770507812,818.5466003417969,31.92333984375,34.77764892578125
IMG_0029.mp4,27,0.9009009009009009,29.97,3,2,traffic_signs,0.8528953790664673,911.6920166015625,800.8486938476562,943.26708984375,835.9277954101562,927.4795532226562,818.3882446289062,31.5750732421875,35.0791015625
IMG_0029.mp4,28,0.9342676009342676,29.97,3,2,traffic_signs,0.884427011013031,907.217529296875,800.6244506835938,939.25927734375,835.7461547851562,923.2384033203125,818.185302734375,32.041748046875,35.1217041015625
IMG_0029.mp4,29,0.9676343009676344,29.97,3,2,traffic_signs,0.8559880256652832,902.5269165039062,800.3731079101562,934.740478515625,835.8468627929688,918.6336975097656,818.1099853515625,32.21356201171875,35.4737548828125
IMG_0029.mp4,30,1.001001001001001,29.97,3,2,traffic_signs,0.8402552604675293,896.8692626953125,799.3563232421875,930.3214721679688,836.4443359375,913.5953674316406,817.9003295898438,33.45220947265625,37.0880126953125
IMG_0029.mp4,31,1.0343677010343677,29.97,3,2,traffic_signs,0.8685004711151123,890.9147338867188,799.1067504882812,925.50830078125,836.0850830078125,908.2115173339844,817.5959167480469,34.59356689453125,36.97833251953125
IMG_0029.mp4,32,1.0677344010677345,29.97,3,2,traffic_signs,0.8932265043258667,884.3419189453125,799.4011840820312,919.1235961914062,836.0502319335938,901.7327575683594,817.7257080078125,34.78167724609375,36.6490478515625
IMG_0029.mp4,33,1.1011011011011012,29.97,3,2,traffic_signs,0.8715522289276123,878.393798828125,799.0806274414062,913.15869140625,836.6602783203125,895.7762451171875,817.8704528808594,34.764892578125,37.57965087890625
IMG_0029.mp4,34,1.1344678011344678,29.97,3,2,traffic_signs,0.7319750189781189,871.8095703125,798.9219970703125,906.9495239257812,837.2724609375,889.3795471191406,818.0972290039062,35.13995361328125,38.3504638671875
IMG_0029.mp4,35,1.1678345011678346,29.97,3,2,traffic_signs,0.856663703918457,865.261474609375,798.3930053710938,901.2893676757812,837.9804077148438,883.2754211425781,818.1867065429688,36.02789306640625,39.58740234375
IMG_0029.mp4,35,1.1678345011678346,29.97,2,2,traffic_signs,0.3586024045944214,1658.51513671875,681.8863525390625,1697.048583984375,712.4313354492188,1677.7818603515625,697.1588439941406,38.533447265625,30.54498291015625
IMG_0029.mp4,36,1.2012012012012012,29.97,3,2,traffic_signs,0.8738570213317871,859.3121948242188,797.6419677734375,894.4548950195312,837.8645629882812,876.883544921875,817.7532653808594,35.1427001953125,40.22259521484375
IMG_0029.mp4,37,1.234567901234568,29.97,3,2,traffic_signs,0.8752976059913635,851.268798828125,796.94384765625,887.9522094726562,838.9967041015625,869.6105041503906,817.9702758789062,36.68341064453125,42.0528564453125
IMG_0029.mp4,38,1.2679346012679347,29.97,3,2,traffic_signs,0.8566128015518188,843.9783935546875,796.5040283203125,881.96142578125,838.1498413085938,862.9699096679688,817.3269348144531,37.9830322265625,41.64581298828125
IMG_0029.mp4,39,1.3013013013013013,29.97,3,2,traffic_signs,0.848889172077179,835.767578125,796.2064208984375,874.42724609375,838.4689331054688,855.097412109375,817.3376770019531,38.65966796875,42.26251220703125
IMG_0029.mp4,39,1.3013013013013013,29.97,2,2,traffic_signs,0.3759059011936188,1681.10546875,673.9494018554688,1721.9964599609375,706.0751342773438,1701.5509643554688,690.0122680664062,40.8909912109375,32.125732421875
IMG_0029.mp4,40,1.3346680013346681,29.97,3,2,traffic_signs,0.8727483749389648,827.7310791015625,796.5130004882812,866.843505859375,839.6873779296875,847.2872924804688,818.1001892089844,39.1124267578125,43.17437744140625
IMG_0029.mp4,40,1.3346680013346681,29.97,2,2,traffic_signs,0.7834952473640442,1687.109130859375,672.6015625,1727.4163818359375,705.04443359375,1707.2627563476562,688.822998046875,40.3072509765625,32.44287109375
IMG_0029.mp4,41,1.3680347013680347,29.97,3,2,traffic_signs,0.8465415835380554,819.8248291015625,795.7760620117188,858.9005737304688,839.4113159179688,839.3627014160156,817.5936889648438,39.07574462890625,43.63525390625
IMG_0029.mp4,41,1.3680347013680347,29.97,2,2,traffic_signs,0.7503973841667175,1693.147705078125,670.5772705078125,1732.84765625,703.6636352539062,1712.9976806640625,687.1204528808594,39.699951171875,33.08636474609375
IMG_0029.mp4,41,1.3680347013680347,29.97,13,1,traffic_lights,0.8749549388885498,1474.9674072265625,65.39751434326172,1553.2437744140625,178.70777893066406,1514.1055908203125,122.05264663696289,78.2763671875,113.31026458740234
IMG_0029.mp4,42,1.4014014014014013,29.97,3,2,traffic_signs,0.8345280885696411,811.1799926757812,794.88330078125,850.9115600585938,840.240966796875,831.0457763671875,817.5621337890625,39.7315673828125,45.357666015625
IMG_0029.mp4,42,1.4014014014014013,29.97,2,2,traffic_signs,0.805976152420044,1699.1448974609375,668.5665283203125,1738.1727294921875,702.4136352539062,1718.6588134765625,685.4900817871094,39.02783203125,33.84710693359375
IMG_0029.mp4,42,1.4014014014014013,29.97,13,1,traffic_lights,0.9011440277099609,1482.6400146484375,44.195125579833984,1561.8663330078125,161.32470703125,1522.253173828125,102.75991630554199,79.226318359375,117.12958145141602
IMG_0029.mp4,43,1.4347681014347682,29.97,3,2,traffic_signs,0.8529665470123291,802.31884765625,794.4745483398438,842.9930419921875,840.4292602539062,822.6559448242188,817.451904296875,40.6741943359375,45.9547119140625
IMG_0029.mp4,43,1.4347681014347682,29.97,2,2,traffic_signs,0.8298998475074768,1705.1800537109375,666.1297607421875,1744.93603515625,700.4789428710938,1725.0580444335938,683.3043518066406,39.7559814453125,34.34918212890625
IMG_0029.mp4,43,1.4347681014347682,29.97,13,1,traffic_lights,0.8770667910575867,1489.771484375,16.83460235595703,1575.7808837890625,139.1160125732422,1532.7761840820312,77.97530746459961,86.0093994140625,122.28141021728516
IMG_0029.mp4,44,1.4681348014681348,29.97,3,2,traffic_signs,0.8023372292518616,792.51904296875,793.08984375,834.9290161132812,839.7195434570312,813.7240295410156,816.4046936035156,42.40997314453125,46.62969970703125
IMG_0029.mp4,44,1.4681348014681348,29.97,2,2,traffic_signs,0.8276016116142273,1712.3604736328125,663.1799926757812,1752.128173828125,699.4224853515625,1732.2443237304688,681.3012390136719,39.7677001953125,36.24249267578125
IMG_0029.mp4,45,1.5015015015015016,29.97,3,2,traffic_signs,0.5798279643058777,782.38134765625,792.4107055664062,825.1712036132812,839.3707275390625,803.7762756347656,815.8907165527344,42.78985595703125,46.96002197265625
IMG_0029.mp4,45,1.5015015015015016,29.97,2,2,traffic_signs,0.6132729649543762,1718.796142578125,661.1492309570312,1759.4962158203125,697.7217407226562,1739.1461791992188,679.4354858398438,40.7000732421875,36.572509765625
IMG_0029.mp4,46,1.5348682015348682,29.97,3,2,traffic_signs,0.7036523222923279,771.5994262695312,791.4640502929688,814.2440795898438,840.4540405273438,792.9217529296875,815.9590454101562,42.6446533203125,48.989990234375
IMG_0029.mp4,46,1.5348682015348682,29.97,2,2,traffic_signs,0.861705482006073,1726.3477783203125,659.0721435546875,1767.21728515625,695.5700073242188,1746.7825317382812,677.3210754394531,40.8695068359375,36.49786376953125
IMG_0029.mp4,47,1.5682349015682349,29.97,3,2,traffic_signs,0.6447573900222778,760.1165771484375,790.6932983398438,803.2308349609375,840.737548828125,781.6737060546875,815.7154235839844,43.1142578125,50.04425048828125
IMG_0029.mp4,47,1.5682349015682349,29.97,2,2,traffic_signs,0.829343855381012,1732.7445068359375,656.7740478515625,1775.2523193359375,693.4359741210938,1753.9984130859375,675.1050109863281,42.5078125,36.66192626953125
IMG_0029.mp4,48,1.6016016016016017,29.97,3,2,traffic_signs,0.76226407289505,748.2161865234375,790.2033081054688,791.918701171875,842.1687622070312,770.0674438476562,816.18603515625,43.7025146484375,51.9654541015625
IMG_0029.mp4,48,1.6016016016016017,29.97,2,2,traffic_signs,0.7716797590255737,1740.2371826171875,654.8987426757812,1782.8421630859375,691.572265625,1761.5396728515625,673.2355041503906,42.60498046875,36.67352294921875
IMG_0029.mp4,49,1.6349683016349683,29.97,3,2,traffic_signs,0.42063164710998535,734.9133911132812,790.2257690429688,780.106689453125,842.5050659179688,757.5100402832031,816.3654174804688,45.19329833984375,52.279296875
IMG_0029.mp4,49,1.6349683016349683,29.97,2,2,traffic_signs,0.7737390398979187,1749.0506591796875,651.0862426757812,1790.819580078125,689.2919311523438,1769.9351196289062,670.1890869140625,41.7689208984375,38.2056884765625
IMG_0029.mp4,50,1.6683350016683351,29.97,3,2,traffic_signs,0.3675568699836731,719.9633178710938,790.0654907226562,768.0166015625,843.543212890625,743.9899597167969,816.8043518066406,48.05328369140625,53.47772216796875
IMG_0029.mp4,51,1.7017017017017018,29.97,3,2,traffic_signs,0.4374066889286041,706.466064453125,788.5658569335938,755.0369873046875,844.8572998046875,730.7515258789062,816.7115783691406,48.5709228515625,56.29144287109375
IMG_0029.mp4,51,1.7017017017017018,29.97,2,2,traffic_signs,0.5592209100723267,1765.1021728515625,646.425048828125,1808.783203125,686.0111083984375,1786.9426879882812,666.2180786132812,43.6810302734375,39.5860595703125
IMG_0029.mp4,52,1.7350684017350684,29.97,2,2,traffic_signs,0.30033618211746216,1773.5509033203125,644.12646484375,1817.993896484375,682.7178344726562,1795.7723999023438,663.4221496582031,44.4429931640625,38.59136962890625
IMG_0029.mp4,53,1.7684351017684352,29.97,2,2,traffic_signs,0.7850978970527649,1782.860595703125,640.0389404296875,1828.14453125,680.416259765625,1805.5025634765625,660.2276000976562,45.283935546875,40.3773193359375
IMG_0029.mp4,53,1.7684351017684352,29.97,14,2,traffic_signs,0.3305491805076599,1559.09765625,720.2903442382812,1591.3614501953125,759.579833984375,1575.2295532226562,739.9350891113281,32.2637939453125,39.28948974609375
IMG_0029.mp4,54,1.8018018018018018,29.97,2,2,traffic_signs,0.751838743686676,1792.5565185546875,637.4412841796875,1838.21923828125,677.7688598632812,1815.3878784179688,657.6050720214844,45.6627197265625,40.32757568359375
IMG_0029.mp4,55,1.8351685018351687,29.97,2,2,traffic_signs,0.8092644810676575,1801.5399169921875,636.0908203125,1847.5997314453125,675.6350708007812,1824.56982421875,655.8629455566406,46.059814453125,39.54425048828125
IMG_0029.mp4,55,1.8351685018351687,29.97,14,2,traffic_signs,0.3475033938884735,1569.1165771484375,718.3636474609375,1602.3504638671875,758.2339477539062,1585.7335205078125,738.2987976074219,33.23388671875,39.87030029296875
IMG_0029.mp4,56,1.8685352018685353,29.97,2,2,traffic_signs,0.7249028086662292,1811.278564453125,635.1268920898438,1857.654296875,672.2869873046875,1834.4664306640625,653.7069396972656,46.375732421875,37.16009521484375
IMG_0029.mp4,57,1.901901901901902,29.97,2,2,traffic_signs,0.6861382126808167,1822.135009765625,635.7003173828125,1867.3623046875,670.2230834960938,1844.7486572265625,652.9617004394531,45.227294921875,34.52276611328125
IMG_0029.mp4,60,2.002002002002002,29.97,14,2,traffic_signs,0.5771076083183289,1597.0494384765625,710.1167602539062,1632.6182861328125,751.6561279296875,1614.8338623046875,730.8864440917969,35.56884765625,41.53936767578125
IMG_0029.mp4,61,2.0353687020353686,29.97,14,2,traffic_signs,0.7445731163024902,1601.3157958984375,707.6544799804688,1638.30322265625,750.3350830078125,1619.8095092773438,728.9947814941406,36.9874267578125,42.68060302734375
IMG_0029.mp4,62,2.0687354020687354,29.97,14,2,traffic_signs,0.7130895256996155,1606.8599853515625,706.1502075195312,1645.786376953125,749.7747192382812,1626.3231811523438,727.9624633789062,38.9263916015625,43.62451171875
IMG_0029.mp4,63,2.1021021021021022,29.97,14,2,traffic_signs,0.652825653553009,1614.0377197265625,704.9664306640625,1652.2843017578125,748.9893798828125,1633.1610107421875,726.9779052734375,38.24658203125,44.02294921875
IMG_0029.mp4,64,2.135468802135469,29.97,14,2,traffic_signs,0.6259889006614685,1620.077392578125,703.385986328125,1659.3497314453125,746.75,1639.7135620117188,725.0679931640625,39.2723388671875,43.364013671875
IMG_0029.mp4,65,2.1688355021688355,29.97,14,2,traffic_signs,0.8169749975204468,1627.0584716796875,699.7992553710938,1666.2723388671875,745.964599609375,1646.6654052734375,722.8819274902344,39.2138671875,46.16534423828125
IMG_0029.mp4,66,2.2022022022022023,29.97,14,2,traffic_signs,0.5475002527236938,1633.83740234375,697.697265625,1675.02099609375,744.0075073242188,1654.42919921875,720.8523864746094,41.18359375,46.31024169921875
IMG_0029.mp4,67,2.235568902235569,29.97,14,2,traffic_signs,0.6481895446777344,1638.98193359375,694.6405639648438,1682.8668212890625,742.3076171875,1660.9243774414062,718.4740905761719,43.8848876953125,47.66705322265625
IMG_0029.mp4,68,2.2689356022689355,29.97,14,2,traffic_signs,0.8219498991966248,1646.923828125,692.8438720703125,1690.3856201171875,741.5400390625,1668.6547241210938,717.1919555664062,43.4617919921875,48.6961669921875
IMG_0029.mp4,69,2.3023023023023024,29.97,14,2,traffic_signs,0.8222638368606567,1654.2498779296875,690.3292236328125,1700.779052734375,740.4614868164062,1677.5144653320312,715.3953552246094,46.5291748046875,50.13226318359375
IMG_0029.mp4,69,2.3023023023023024,29.97,16,1,traffic_lights,0.43509620428085327,1079.3243408203125,718.5985107421875,1097.5091552734375,733.096923828125,1088.416748046875,725.8477172851562,18.184814453125,14.4984130859375
IMG_0029.mp4,70,2.335669002335669,29.97,14,2,traffic_signs,0.764472246170044,1662.26611328125,687.5718994140625,1710.9024658203125,738.6666870117188,1686.5842895507812,713.1192932128906,48.6363525390625,51.09478759765625
IMG_0029.mp4,70,2.335669002335669,29.97,16,1,traffic_lights,0.45220232009887695,1078.1253662109375,718.0714111328125,1096.622314453125,732.137939453125,1087.3738403320312,725.1046752929688,18.4969482421875,14.0665283203125
IMG_0029.mp4,71,2.3690357023690356,29.97,14,2,traffic_signs,0.7389850616455078,1670.3209228515625,684.622802734375,1719.6572265625,738.0667114257812,1694.9890747070312,711.3447570800781,49.3363037109375,53.44390869140625
IMG_0029.mp4,72,2.4024024024024024,29.97,14,2,traffic_signs,0.7383790016174316,1679.27783203125,681.7395629882812,1729.16748046875,735.49609375,1704.22265625,708.6178283691406,49.8896484375,53.75653076171875
IMG_0029.mp4,73,2.4357691024357693,29.97,14,2,traffic_signs,0.8468834757804871,1688.8226318359375,679.8733520507812,1740.800048828125,733.8148803710938,1714.8113403320312,706.8441162109375,51.9774169921875,53.9415283203125
IMG_0029.mp4,74,2.469135802469136,29.97,14,2,traffic_signs,0.884427011013031,1698.254638671875,676.04150390625,1751.8629150390625,732.1178588867188,1725.0587768554688,704.0796813964844,53.6082763671875,56.07635498046875
IMG_0029.mp4,75,2.5025025025025025,29.97,14,2,traffic_signs,0.8818812370300293,1708.0975341796875,673.3197021484375,1762.4163818359375,730.4755249023438,1735.2569580078125,701.8976135253906,54.31884765625,57.15582275390625
IMG_0029.mp4,76,2.5358692025358693,29.97,14,2,traffic_signs,0.8358001112937927,1718.0093994140625,669.9108276367188,1773.3441162109375,727.557373046875,1745.6767578125,698.7341003417969,55.334716796875,57.64654541015625
IMG_0029.mp4,77,2.569235902569236,29.97,14,2,traffic_signs,0.8507051467895508,1730.0457763671875,666.9514770507812,1786.7686767578125,725.1878662109375,1758.4072265625,696.0696716308594,56.722900390625,58.23638916015625
IMG_0029.mp4,78,2.6026026026026026,29.97,14,2,traffic_signs,0.8459203243255615,1739.940673828125,664.0694580078125,1798.1168212890625,723.0256958007812,1769.0287475585938,693.5475769042969,58.1761474609375,58.95623779296875
IMG_0029.mp4,79,2.6359693026359694,29.97,14,2,traffic_signs,0.8684875965118408,1752.4820556640625,660.5826416015625,1812.736083984375,720.1490478515625,1782.6090698242188,690.3658447265625,60.2540283203125,59.56640625
IMG_0029.mp4,80,2.6693360026693362,29.97,14,2,traffic_signs,0.86005699634552,1764.87451171875,657.2603149414062,1825.821533203125,718.4469604492188,1795.3480224609375,687.8536376953125,60.947021484375,61.1866455078125
IMG_0029.mp4,80,2.6693360026693362,29.97,20,1,traffic_lights,0.4374045729637146,1067.7403564453125,706.4859008789062,1085.613525390625,720.6555786132812,1076.6769409179688,713.5707397460938,17.8731689453125,14.169677734375
IMG_0029.mp4,81,2.7027027027027026,29.97,14,2,traffic_signs,0.39558395743370056,1779.0264892578125,652.9398193359375,1840.5865478515625,715.7277221679688,1809.8065185546875,684.3337707519531,61.56005859375,62.78790283203125
IMG_0029.mp4,81,2.7027027027027026,29.97,20,1,traffic_lights,0.5558851957321167,1067.394287109375,704.65234375,1084.7001953125,719.1643676757812,1076.0472412109375,711.9083557128906,17.305908203125,14.51202392578125
IMG_0029.mp4,82,2.7360694027360695,29.97,14,2,traffic_signs,0.4679267406463623,1793.9285888671875,648.3212280273438,1856.135986328125,713.2313232421875,1825.0322875976562,680.7762756347656,62.2073974609375,64.91009521484375
IMG_0029.mp4,82,2.7360694027360695,29.97,20,1,traffic_lights,0.7254830598831177,1067.3048095703125,702.5189208984375,1083.310302734375,717.0706787109375,1075.3075561523438,709.7947998046875,16.0054931640625,14.5517578125
IMG_0029.mp4,83,2.7694361027694363,29.97,14,2,traffic_signs,0.473384827375412,1807.59521484375,646.105712890625,1872.0987548828125,711.132080078125,1839.8469848632812,678.618896484375,64.5035400390625,65.0263671875
IMG_0029.mp4,83,2.7694361027694363,29.97,20,1,traffic_lights,0.44969987869262695,1064.431396484375,700.6958618164062,1082.0372314453125,715.5963134765625,1073.2343139648438,708.1460876464844,17.6058349609375,14.90045166015625
IMG_0029.mp4,84,2.8028028028028027,29.97,20,1,traffic_lights,0.3547060787677765,1064.1572265625,699.7435913085938,1080.329833984375,714.4086303710938,1072.2435302734375,707.0761108398438,16.172607421875,14.6650390625
IMG_0029.mp4,85,2.8361695028361695,29.97,20,1,traffic_lights,0.2959124445915222,1062.7271728515625,697.7282104492188,1078.3153076171875,712.6228637695312,1070.521240234375,705.175537109375,15.588134765625,14.8946533203125
IMG_0029.mp4,85,2.8361695028361695,29.97,14,2,traffic_signs,0.5427733659744263,1846.4422607421875,659.9656982421875,1908.218505859375,704.4144287109375,1877.3303833007812,682.1900634765625,61.7762451171875,44.44873046875
IMG_0029.mp4,86,2.8695362028695364,29.97,20,1,traffic_lights,0.4470500349998474,1061.4737548828125,695.6390380859375,1077.3211669921875,711.1879272460938,1069.3974609375,703.4134826660156,15.847412109375,15.54888916015625
IMG_0029.mp4,87,2.902902902902903,29.97,20,1,traffic_lights,0.5115953087806702,1059.6533203125,693.8059692382812,1075.5230712890625,709.4284057617188,1067.5881958007812,701.6171875,15.8697509765625,15.6224365234375
IMG_0029.mp4,88,2.9362696029362696,29.97,20,1,traffic_lights,0.6829160451889038,1056.912353515625,692.4818115234375,1073.3729248046875,707.7991333007812,1065.1426391601562,700.1404724121094,16.4605712890625,15.31732177734375
IMG_0029.mp4,89,2.9696363029696364,29.97,20,1,traffic_lights,0.8153269290924072,1052.70751953125,689.7448120117188,1071.6209716796875,706.2178955078125,1062.1642456054688,697.9813537597656,18.9134521484375,16.47308349609375
IMG_0029.mp4,90,3.0030030030030033,29.97,20,1,traffic_lights,0.43728721141815186,1047.337890625,687.2750854492188,1070.0623779296875,704.6096801757812,1058.7001342773438,695.9423828125,22.7244873046875,17.3345947265625
IMG_0029.mp4,92,3.0697364030697365,29.97,20,1,traffic_lights,0.3759635388851166,1042.423583984375,682.7225341796875,1065.8988037109375,700.6635131835938,1054.1611938476562,691.6930236816406,23.4752197265625,17.94097900390625
IMG_0029.mp4,93,3.1031031031031033,29.97,20,1,traffic_lights,0.6235394477844238,1044.255126953125,681.1531982421875,1064.153564453125,698.5845336914062,1054.204345703125,689.8688659667969,19.8984375,17.43133544921875
IMG_0029.mp4,94,3.1364698031364697,29.97,20,1,traffic_lights,0.6939651966094971,1041.730712890625,678.5260009765625,1061.6346435546875,696.05322265625,1051.6826782226562,687.2896118164062,19.9039306640625,17.5272216796875
IMG_0029.mp4,95,3.1698365031698366,29.97,20,1,traffic_lights,0.6149568557739258,1039.852294921875,675.8756103515625,1059.1558837890625,693.4318237304688,1049.5040893554688,684.6537170410156,19.3035888671875,17.55621337890625
IMG_0029.mp4,96,3.2032032032032034,29.97,20,1,traffic_lights,0.36949992179870605,1039.7103271484375,674.2236938476562,1057.013916015625,690.9597778320312,1048.3621215820312,682.5917358398438,17.3035888671875,16.736083984375
IMG_0029.mp4,96,3.2032032032032034,29.97,33,2,traffic_signs,0.5343498587608337,958.2191772460938,791.2088012695312,999.2099609375,833.4319458007812,978.7145690917969,812.3203735351562,40.99078369140625,42.22314453125
IMG_0029.mp4,99,3.3033033033033035,29.97,20,1,traffic_lights,0.4542544186115265,1027.5711669921875,664.974365234375,1049.9742431640625,684.868408203125,1038.772705078125,674.92138671875,22.403076171875,19.89404296875
IMG_0029.mp4,101,3.3700367033700367,29.97,36,2,traffic_signs,0.4789440929889679,1575.0577392578125,673.700927734375,1620.90625,708.6997680664062,1597.9819946289062,691.2003479003906,45.8485107421875,34.99884033203125
IMG_0029.mp4,102,3.4034034034034035,29.97,36,2,traffic_signs,0.6917656064033508,1582.6451416015625,670.4766235351562,1628.5150146484375,707.0157470703125,1605.580078125,688.7461853027344,45.869873046875,36.53912353515625
IMG_0029.mp4,103,3.4367701034367704,29.97,36,2,traffic_signs,0.8018641471862793,1588.46728515625,667.8424072265625,1636.3963623046875,704.482666015625,1612.4318237304688,686.1625366210938,47.9290771484375,36.6402587890625
IMG_0029.mp4,104,3.4701368034701368,29.97,36,2,traffic_signs,0.8991851806640625,1596.5550537109375,664.4950561523438,1645.32177734375,702.9453735351562,1620.9384155273438,683.72021484375,48.7667236328125,38.4503173828125
IMG_0029.mp4,105,3.5035035035035036,29.97,36,2,traffic_signs,0.6603514552116394,1604.7972412109375,661.8850708007812,1655.512939453125,699.835693359375,1630.1550903320312,680.8603820800781,50.7156982421875,37.95062255859375
IMG_0029.mp4,106,3.5368702035368704,29.97,36,2,traffic_signs,0.6033458709716797,1612.3223876953125,658.7129516601562,1663.074951171875,698.0902709960938,1637.6986694335938,678.401611328125,50.7525634765625,39.3773193359375
IMG_0029.mp4,107,3.570236903570237,29.97,36,2,traffic_signs,0.8361444473266602,1620.343505859375,656.33154296875,1672.1419677734375,695.2578125,1646.2427368164062,675.794677734375,51.7984619140625,38.92626953125
IMG_0029.mp4,108,3.6036036036036037,29.97,36,2,traffic_signs,0.9066444635391235,1628.1693115234375,652.6112060546875,1682.2672119140625,692.9179077148438,1655.21826171875,672.7645568847656,54.097900390625,40.30670166015625
IMG_0029.mp4,109,3.6369703036369705,29.97,36,2,traffic_signs,0.3778766095638275,1637.8204345703125,649.4073486328125,1694.134033203125,689.0946655273438,1665.9772338867188,669.2510070800781,56.3135986328125,39.68731689453125
IMG_0029.mp4,110,3.6703370036703373,29.97,36,2,traffic_signs,0.7983380556106567,1646.60009765625,645.8330688476562,1703.01953125,686.2340087890625,1674.809814453125,666.0335388183594,56.41943359375,40.40093994140625
IMG_0029.mp4,111,3.7037037037037037,29.97,36,2,traffic_signs,0.8464624285697937,1656.4991455078125,641.349853515625,1714.8717041015625,683.8435668945312,1685.6854248046875,662.5967102050781,58.37255859375,42.49371337890625
IMG_0029.mp4,112,3.7370704037370706,29.97,36,2,traffic_signs,0.8148650527000427,1665.3253173828125,637.8267211914062,1725.4757080078125,680.7481689453125,1695.4005126953125,659.2874450683594,60.150390625,42.92144775390625
IMG_0029.mp4,113,3.7704371037704374,29.97,36,2,traffic_signs,0.45003077387809753,1677.2080078125,633.4117431640625,1737.4146728515625,675.8219604492188,1707.3113403320312,654.6168518066406,60.2066650390625,42.41021728515625
IMG_0029.mp4,113,3.7704371037704374,29.97,43,1,traffic_lights,0.43668022751808167,891.350341796875,609.1732177734375,996.8155517578125,654.4973754882812,944.0829467773438,631.8352966308594,105.4652099609375,45.32415771484375
IMG_0029.mp4,114,3.803803803803804,29.97,36,2,traffic_signs,0.8336548209190369,1688.9027099609375,628.322509765625,1750.0738525390625,672.51220703125,1719.48828125,650.4173583984375,61.171142578125,44.189697265625
IMG_0029.mp4,114,3.803803803803804,29.97,43,1,traffic_lights,0.46169883012771606,883.897216796875,604.2094116210938,992.0357055664062,644.4837036132812,937.9664611816406,624.3465576171875,108.13848876953125,40.2742919921875
IMG_0029.mp4,115,3.8371705038371706,29.97,36,2,traffic_signs,0.611423909664154,1700.9375,624.9360961914062,1763.653076171875,670.8641967773438,1732.2952880859375,647.900146484375,62.715576171875,45.9281005859375
IMG_0029.mp4,115,3.8371705038371706,29.97,43,1,traffic_lights,0.8492334485054016,874.25,598.2424926757812,986.8153686523438,634.8173217773438,930.5326843261719,616.5299072265625,112.56536865234375,36.5748291015625
IMG_0029.mp4,116,3.8705372038705375,29.97,36,2,traffic_signs,0.8030695915222168,1711.3482666015625,619.3411254882812,1775.38134765625,664.4104614257812,1743.3648071289062,641.8757934570312,64.0330810546875,45.0693359375
IMG_0029.mp4,116,3.8705372038705375,29.97,43,1,traffic_lights,0.8173745274543762,869.1046142578125,592.0449829101562,982.2794799804688,629.7867431640625,925.6920471191406,610.9158630371094,113.17486572265625,37.74176025390625
IMG_0029.mp4,117,3.903903903903904,29.97,36,2,traffic_signs,0.6047550439834595,1725.4412841796875,615.0403442382812,1790.3897705078125,660.882568359375,1757.91552734375,637.9614562988281,64.948486328125,45.84222412109375
IMG_0029.mp4,118,3.9372706039372707,29.97,36,2,traffic_signs,0.8115482926368713,1739.532958984375,609.369873046875,1806.4752197265625,656.30615234375,1773.0040893554688,632.8380126953125,66.9422607421875,46.936279296875
IMG_0029.mp4,118,3.9372706039372707,29.97,43,1,traffic_lights,0.825913667678833,846.0050048828125,576.9129638671875,968.5945434570312,617.8375854492188,907.2997741699219,597.3752746582031,122.58953857421875,40.92462158203125
IMG_0029.mp4,119,3.9706373039706375,29.97,36,2,traffic_signs,0.36488574743270874,1750.265869140625,607.3137817382812,1806.1053466796875,651.3516235351562,1778.1856079101562,629.3327026367188,55.8394775390625,44.037841796875
IMG_0029.mp4,119,3.9706373039706375,29.97,43,1,traffic_lights,0.8709731698036194,835.6360473632812,568.8538208007812,962.5684204101562,612.6463623046875,899.1022338867188,590.7500915527344,126.932373046875,43.79254150390625
IMG_0029.mp4,120,4.004004004004004,29.97,43,1,traffic_lights,0.8830649852752686,825.4974975585938,562.932373046875,955.483154296875,606.8382568359375,890.4903259277344,584.8853149414062,129.98565673828125,43.9058837890625
IMG_0029.mp4,121,4.037370704037371,29.97,43,1,traffic_lights,0.8530598282814026,816.54833984375,555.4807739257812,947.9315185546875,601.2061767578125,882.2399291992188,578.3434753417969,131.3831787109375,45.72540283203125
IMG_0029.mp4,122,4.070737404070737,29.97,43,1,traffic_lights,0.5787470936775208,803.6712036132812,545.4169921875,938.7955322265625,591.7374267578125,871.2333679199219,568.5772094726562,135.12432861328125,46.3204345703125
IMG_0029.mp4,122,4.070737404070737,29.97,46,2,traffic_signs,0.6687403917312622,1406.451171875,734.680908203125,1450.7398681640625,761.6046752929688,1428.5955200195312,748.1427917480469,44.2886962890625,26.92376708984375
IMG_0029.mp4,123,4.104104104104104,29.97,46,2,traffic_signs,0.7720807790756226,1408.72216796875,733.2700805664062,1454.67822265625,760.5100708007812,1431.7001953125,746.8900756835938,45.9560546875,27.239990234375
IMG_0029.mp4,124,4.137470804137471,29.97,46,2,traffic_signs,0.7351142168045044,1411.2352294921875,732.0435791015625,1456.83349609375,759.6617431640625,1434.0343627929688,745.8526611328125,45.5982666015625,27.6181640625
IMG_0029.mp4,125,4.170837504170838,29.97,46,2,traffic_signs,0.4517655670642853,1414.1165771484375,731.9087524414062,1459.37109375,759.4590454101562,1436.7438354492188,745.6838989257812,45.2545166015625,27.55029296875
IMG_0029.mp4,125,4.170837504170838,29.97,43,1,traffic_lights,0.6654736399650574,754.769287109375,513.4780883789062,909.155029296875,562.2642211914062,831.962158203125,537.8711547851562,154.3857421875,48.7861328125
IMG_0029.mp4,126,4.2042042042042045,29.97,46,2,traffic_signs,0.47768929600715637,1416.74658203125,730.555908203125,1461.5499267578125,760.0892944335938,1439.1482543945312,745.3226013183594,44.8033447265625,29.53338623046875
IMG_0029.mp4,127,4.237570904237571,29.97,46,2,traffic_signs,0.7378954887390137,1417.5179443359375,728.5117797851562,1465.1820068359375,758.6128540039062,1441.3499755859375,743.5623168945312,47.6640625,30.10107421875
IMG_0029.mp4,128,4.270937604270938,29.97,46,2,traffic_signs,0.39955374598503113,1419.4588623046875,727.1773071289062,1467.2298583984375,757.20263671875,1443.3443603515625,742.1899719238281,47.77099609375,30.02532958984375
IMG_0029.mp4,129,4.3043043043043046,29.97,46,2,traffic_signs,0.39223700761795044,1422.0458984375,726.6640625,1469.6700439453125,755.9193725585938,1445.8579711914062,741.2917175292969,47.6241455078125,29.25531005859375
IMG_0029.mp4,130,4.337671004337671,29.97,46,2,traffic_signs,0.4287889897823334,1423.8167724609375,724.3969116210938,1473.3125,753.1885986328125,1448.5646362304688,738.7927551269531,49.4957275390625,28.79168701171875
IMG_0029.mp4,131,4.371037704371038,29.97,46,2,traffic_signs,0.3141959011554718,1426.553466796875,722.732177734375,1476.2008056640625,750.2078247070312,1451.3771362304688,736.4700012207031,49.6473388671875,27.47564697265625
IMG_0029.mp4,134,4.471137804471138,29.97,46,2,traffic_signs,0.37201669812202454,1433.5045166015625,716.3909301757812,1486.177978515625,744.40283203125,1459.8412475585938,730.3968811035156,52.6734619140625,28.01190185546875
IMG_0029.mp4,135,4.504504504504505,29.97,46,2,traffic_signs,0.5102362632751465,1436.4254150390625,714.9117431640625,1491.0692138671875,746.9097290039062,1463.747314453125,730.9107360839844,54.643798828125,31.99798583984375
IMG_0029.mp4,136,4.537871204537871,29.97,46,2,traffic_signs,0.41914844512939453,1439.2464599609375,712.33984375,1494.6768798828125,744.0833129882812,1466.961669921875,728.2115783691406,55.430419921875,31.74346923828125
IMG_0029.mp4,137,4.571237904571238,29.97,46,2,traffic_signs,0.739337146282196,1442.384521484375,710.9196166992188,1499.1064453125,744.1085205078125,1470.7454833984375,727.5140686035156,56.721923828125,33.18890380859375
IMG_0029.mp4,138,4.604604604604605,29.97,46,2,traffic_signs,0.48737722635269165,1446.6873779296875,710.1284790039062,1504.4996337890625,746.09228515625,1475.593505859375,728.1103820800781,57.812255859375,35.96380615234375
IMG_0029.mp4,139,4.637971304637971,29.97,46,2,traffic_signs,0.5156224966049194,1450.561767578125,709.1986694335938,1508.005615234375,743.257568359375,1479.28369140625,726.2281188964844,57.44384765625,34.05889892578125
IMG_0029.mp4,140,4.671338004671338,29.97,46,2,traffic_signs,0.3043407201766968,1456.720458984375,709.1156616210938,1512.357421875,741.3064575195312,1484.5389404296875,725.2110595703125,55.636962890625,32.1907958984375
IMG_0029.mp4,141,4.704704704704705,29.97,46,2,traffic_signs,0.510309636592865,1457.44873046875,704.8807983398438,1516.080322265625,735.0576782226562,1486.7645263671875,719.96923828125,58.631591796875,30.1768798828125
IMG_0029.mp4,142,4.738071404738071,29.97,46,2,traffic_signs,0.6628829836845398,1459.5196533203125,702.7872314453125,1520.3929443359375,733.3948974609375,1489.956298828125,718.091064453125,60.873291015625,30.607666015625
IMG_0029.mp4,143,4.7714381047714385,29.97,46,2,traffic_signs,0.5913842916488647,1463.015380859375,700.7612915039062,1526.209716796875,732.868896484375,1494.612548828125,716.8150939941406,63.1943359375,32.10760498046875
IMG_0029.mp4,144,4.804804804804805,29.97,46,2,traffic_signs,0.3440892994403839,1471.511474609375,699.3494873046875,1532.0361328125,732.05078125,1501.7738037109375,715.7001342773438,60.524658203125,32.7012939453125
IMG_0029.mp4,145,4.838171504838171,29.97,46,2,traffic_signs,0.2779083549976349,1481.566650390625,698.1475219726562,1537.4619140625,730.397216796875,1509.5142822265625,714.2723693847656,55.895263671875,32.24969482421875
IMG_0029.mp4,146,4.8715382048715385,29.97,46,2,traffic_signs,0.3640143871307373,1485.013916015625,696.4735717773438,1542.780517578125,727.2613525390625,1513.897216796875,711.8674621582031,57.7666015625,30.78778076171875
IMG_0029.mp4,146,4.8715382048715385,29.97,48,2,traffic_signs,0.4859010875225067,1511.8624267578125,723.9248657226562,1540.900634765625,740.87939453125,1526.3815307617188,732.4021301269531,29.0382080078125,16.95452880859375
IMG_0029.mp4,147,4.904904904904905,29.97,46,2,traffic_signs,0.686128556728363,1488.6202392578125,693.4927978515625,1547.6810302734375,726.2000122070312,1518.150634765625,709.8464050292969,59.060791015625,32.70721435546875
IMG_0029.mp4,148,4.938271604938272,29.97,46,2,traffic_signs,0.31255921721458435,1493.970703125,692.905029296875,1553.1214599609375,728.711669921875,1523.5460815429688,710.808349609375,59.1507568359375,35.806640625
IMG_0029.mp4,149,4.971638304971639,29.97,46,2,traffic_signs,0.6580662727355957,1495.0927734375,688.9077758789062,1558.685302734375,724.2417602539062,1526.8890380859375,706.5747680664062,63.592529296875,35.333984375
IMG_0029.mp4,150,5.005005005005005,29.97,46,2,traffic_signs,0.6811415553092957,1497.0283203125,686.3950805664062,1564.60693359375,721.0836181640625,1530.817626953125,703.7393493652344,67.57861328125,34.68853759765625
IMG_0029.mp4,151,5.038371705038372,29.97,46,2,traffic_signs,0.5972782969474792,1505.0875244140625,684.8494873046875,1571.624755859375,718.4189453125,1538.3561401367188,701.6342163085938,66.5372314453125,33.5694580078125
IMG_0029.mp4,153,5.105105105105105,29.97,46,2,traffic_signs,0.4124771058559418,1513.0089111328125,680.0989990234375,1584.9588623046875,716.8060302734375,1548.98388671875,698.4525146484375,71.949951171875,36.70703125
IMG_0029.mp4,155,5.171838505171839,29.97,46,2,traffic_signs,0.30374500155448914,1521.3251953125,674.4703369140625,1597.7420654296875,722.1015625,1559.5336303710938,698.2859497070312,76.4168701171875,47.6312255859375
IMG_0029.mp4,161,5.372038705372039,29.97,46,2,traffic_signs,0.6670680046081543,1556.177490234375,652.4053955078125,1644.157958984375,701.9624633789062,1600.167724609375,677.1839294433594,87.98046875,49.55706787109375
IMG_0029.mp4,162,5.405405405405405,29.97,46,2,traffic_signs,0.4538554847240448,1560.8055419921875,649.5720825195312,1651.757568359375,699.13916015625,1606.2815551757812,674.3556213378906,90.9520263671875,49.56707763671875
IMG_0029.mp4,166,5.538872205538873,29.97,46,2,traffic_signs,0.6025314331054688,1593.6243896484375,637.271240234375,1693.0882568359375,685.3148193359375,1643.3563232421875,661.2930297851562,99.4638671875,48.0435791015625
IMG_0029.mp4,167,5.572238905572239,29.97,46,2,traffic_signs,0.38974660634994507,1600.0078125,632.4036865234375,1702.6201171875,678.9744873046875,1651.31396484375,655.6890869140625,102.6123046875,46.57080078125
IMG_0029.mp4,172,5.739072405739073,29.97,56,1,traffic_lights,0.5210051536560059,1227.9481201171875,744.1246948242188,1241.05322265625,756.6605834960938,1234.5006713867188,750.3926391601562,13.1051025390625,12.535888671875
IMG_0029.mp4,173,5.772439105772439,29.97,56,1,traffic_lights,0.4180395007133484,1229.6258544921875,743.6566772460938,1242.7115478515625,756.2028198242188,1236.168701171875,749.9297485351562,13.085693359375,12.546142578125
IMG_0029.mp4,173,5.772439105772439,29.97,58,2,traffic_signs,0.5636470317840576,1667.2183837890625,639.6452026367188,1707.2291259765625,661.8006591796875,1687.2237548828125,650.7229309082031,40.0107421875,22.15545654296875
IMG_0029.mp4,174,5.805805805805806,29.97,56,1,traffic_lights,0.4727674126625061,1229.4576416015625,743.8601684570312,1242.91748046875,756.2676391601562,1236.1875610351562,750.0639038085938,13.4598388671875,12.407470703125
IMG_0029.mp4,175,5.839172505839173,29.97,56,1,traffic_lights,0.4989922046661377,1230.84521484375,743.5331420898438,1244.2218017578125,755.8024291992188,1237.5335083007812,749.6677856445312,13.3765869140625,12.269287109375
IMG_0029.mp4,176,5.872539205872539,29.97,56,1,traffic_lights,0.5615137815475464,1231.8623046875,743.05615234375,1244.9658203125,755.4180297851562,1238.4140625,749.2370910644531,13.103515625,12.36187744140625
IMG_0029.mp4,177,5.9059059059059065,29.97,56,1,traffic_lights,0.6111751198768616,1230.9720458984375,742.6463012695312,1243.986572265625,755.2642822265625,1237.4793090820312,748.9552917480469,13.0145263671875,12.61798095703125
IMG_0029.mp4,177,5.9059059059059065,29.97,58,2,traffic_signs,0.682731568813324,1716.3787841796875,622.3850708007812,1761.664794921875,645.353759765625,1739.0217895507812,633.8694152832031,45.2860107421875,22.96868896484375
IMG_0029.mp4,178,5.939272605939273,29.97,56,1,traffic_lights,0.6341754794120789,1231.747314453125,742.2882690429688,1245.0093994140625,754.8438110351562,1238.3783569335938,748.5660400390625,13.2620849609375,12.5555419921875
IMG_0029.mp4,178,5.939272605939273,29.97,58,2,traffic_signs,0.8531991243362427,1731.8743896484375,616.5629272460938,1780.302001953125,642.6752319335938,1756.0881958007812,629.6190795898438,48.4276123046875,26.1123046875
IMG_0029.mp4,179,5.972639305972639,29.97,56,1,traffic_lights,0.618871808052063,1234.5347900390625,742.037353515625,1247.54931640625,754.164794921875,1241.0420532226562,748.10107421875,13.0145263671875,12.12744140625
IMG_0029.mp4,179,5.972639305972639,29.97,58,2,traffic_signs,0.7902385592460632,1743.7886962890625,611.0385131835938,1792.7119140625,637.2448120117188,1768.2503051757812,624.1416625976562,48.9232177734375,26.206298828125
IMG_0029.mp4,180,6.0060060060060065,29.97,56,1,traffic_lights,0.5006670951843262,1234.5869140625,742.128662109375,1247.431884765625,753.908447265625,1241.0093994140625,748.0185546875,12.844970703125,11.77978515625
IMG_0029.mp4,181,6.039372706039373,29.97,56,1,traffic_lights,0.3417940139770508,1235.4417724609375,741.3314819335938,1248.0406494140625,752.7908935546875,1241.7412109375,747.0611877441406,12.598876953125,11.45941162109375
IMG_0029.mp4,182,6.072739406072739,29.97,56,1,traffic_lights,0.30682066082954407,1235.6273193359375,740.7804565429688,1248.301025390625,751.9609375,1241.9641723632812,746.3706970214844,12.6737060546875,11.18048095703125
IMG_0029.mp4,183,6.106106106106107,29.97,56,1,traffic_lights,0.33125609159469604,1235.837890625,740.53466796875,1248.32763671875,751.5904541015625,1242.082763671875,746.0625610351562,12.48974609375,11.0557861328125
IMG_0029.mp4,184,6.139472806139473,29.97,56,1,traffic_lights,0.3090839087963104,1235.9324951171875,740.0174560546875,1248.6405029296875,750.8550415039062,1242.2864990234375,745.4362487792969,12.7080078125,10.83758544921875
IMG_0029.mp4,185,6.172839506172839,29.97,56,1,traffic_lights,0.38067328929901123,1235.749755859375,739.2217407226562,1248.55224609375,749.3196411132812,1242.1510009765625,744.2706909179688,12.802490234375,10.097900390625
IMG_0029.mp4,186,6.206206206206207,29.97,56,1,traffic_lights,0.5275800824165344,1236.325439453125,738.3646850585938,1249.125,748.4959716796875,1242.7252197265625,743.4303283691406,12.799560546875,10.13128662109375
IMG_0029.mp4,187,6.239572906239573,29.97,56,1,traffic_lights,0.5016524791717529,1236.2274169921875,738.1927490234375,1249.041015625,748.4049682617188,1242.6342163085938,743.2988586425781,12.8135986328125,10.21221923828125
IMG_0029.mp4,188,6.2729396062729395,29.97,56,1,traffic_lights,0.5437535047531128,1237.83642578125,737.311279296875,1250.7427978515625,748.048095703125,1244.2896118164062,742.6796875,12.9063720703125,10.73681640625
IMG_0029.mp4,189,6.306306306306307,29.97,56,1,traffic_lights,0.6094846725463867,1238.4112548828125,736.3007202148438,1251.4305419921875,747.5523681640625,1244.9208984375,741.9265441894531,13.019287109375,11.25164794921875
IMG_0029.mp4,190,6.339673006339673,29.97,56,1,traffic_lights,0.6408538818359375,1239.27978515625,735.942626953125,1252.49462890625,747.726806640625,1245.88720703125,741.834716796875,13.21484375,11.7841796875
IMG_0029.mp4,191,6.3730397063730395,29.97,56,1,traffic_lights,0.6538417339324951,1238.4415283203125,735.53857421875,1251.6678466796875,747.6070556640625,1245.0546875,741.5728149414062,13.226318359375,12.0684814453125
IMG_0029.mp4,192,6.406406406406407,29.97,56,1,traffic_lights,0.7293168902397156,1239.6014404296875,735.212890625,1252.8121337890625,747.4736938476562,1246.206787109375,741.3432922363281,13.210693359375,12.26080322265625
IMG_0029.mp4,193,6.439773106439773,29.97,56,1,traffic_lights,0.7104023098945618,1240.8758544921875,734.9119262695312,1254.21240234375,747.9467163085938,1247.5441284179688,741.4293212890625,13.3365478515625,13.0347900390625
IMG_0029.mp4,194,6.4731398064731405,29.97,56,1,traffic_lights,0.6907464861869812,1241.4456787109375,734.5814819335938,1255.2020263671875,747.6625366210938,1248.3238525390625,741.1220092773438,13.75634765625,13.0810546875
IMG_0029.mp4,195,6.506506506506507,29.97,56,1,traffic_lights,0.4097590148448944,1242.286865234375,733.994384765625,1256.445556640625,747.884765625,1249.3662109375,740.9395751953125,14.15869140625,13.890380859375
IMG_0029.mp4,196,6.539873206539873,29.97,56,1,traffic_lights,0.6716040968894958,1242.55810546875,733.7269287109375,1256.9312744140625,748.2376708984375,1249.7446899414062,740.9822998046875,14.3731689453125,14.5107421875
IMG_0029.mp4,197,6.5732399065732405,29.97,56,1,traffic_lights,0.7414671778678894,1243.0213623046875,733.2177734375,1257.040771484375,747.9334716796875,1250.0310668945312,740.5756225585938,14.0194091796875,14.7156982421875
IMG_0029.mp4,198,6.606606606606607,29.97,56,1,traffic_lights,0.7762961387634277,1243.349853515625,732.7140502929688,1257.5067138671875,747.5361328125,1250.4282836914062,740.1250915527344,14.1568603515625,14.82208251953125
IMG_0029.mp4,199,6.639973306639973,29.97,56,1,traffic_lights,0.7729219198226929,1244.0,732.5496215820312,1258.25048828125,747.6422729492188,1251.125244140625,740.095947265625,14.25048828125,15.0926513671875
IMG_0029.mp4,200,6.673340006673341,29.97,56,1,traffic_lights,0.7407917976379395,1244.69970703125,732.4426879882812,1258.8687744140625,747.1596069335938,1251.7842407226562,739.8011474609375,14.1690673828125,14.7169189453125
IMG_0029.mp4,201,6.706706706706707,29.97,56,1,traffic_lights,0.6888712048530579,1245.42138671875,731.8343505859375,1259.656982421875,746.4510498046875,1252.5391845703125,739.1427001953125,14.235595703125,14.61669921875
IMG_0029.mp4,202,6.740073406740073,29.97,56,1,traffic_lights,0.6381148099899292,1245.330322265625,731.5931396484375,1259.6397705078125,746.3295288085938,1252.4850463867188,738.9613342285156,14.3094482421875,14.73638916015625
IMG_0029.mp4,203,6.773440106773441,29.97,56,1,traffic_lights,0.5724881887435913,1246.2694091796875,731.1826782226562,1260.572021484375,746.0230712890625,1253.4207153320312,738.6028747558594,14.3026123046875,14.84039306640625
IMG_0029.mp4,204,6.806806806806807,29.97,56,1,traffic_lights,0.5455162525177002,1247.2275390625,730.2405395507812,1261.1700439453125,745.2537231445312,1254.1987915039062,737.7471313476562,13.9425048828125,15.01318359375
IMG_0029.mp4,205,6.8401735068401734,29.97,56,1,traffic_lights,0.5685954689979553,1247.2213134765625,729.7968139648438,1260.791015625,744.8446044921875,1254.0061645507812,737.3207092285156,13.5697021484375,15.04779052734375
IMG_0029.mp4,206,6.873540206873541,29.97,56,1,traffic_lights,0.6311772465705872,1247.6873779296875,729.361328125,1260.9952392578125,744.5614013671875,1254.34130859375,736.9613647460938,13.307861328125,15.2000732421875
IMG_0029.mp4,207,6.906906906906907,29.97,56,1,traffic_lights,0.7251408696174622,1248.4814453125,728.6365356445312,1261.5892333984375,744.3050537109375,1255.0353393554688,736.4707946777344,13.1077880859375,15.66851806640625
IMG_0029.mp4,208,6.9402736069402735,29.97,56,1,traffic_lights,0.785178005695343,1249.45263671875,728.6799926757812,1262.619384765625,743.9540405273438,1256.0360107421875,736.3170166015625,13.166748046875,15.2740478515625
IMG_0029.mp4,209,6.973640306973641,29.97,56,1,traffic_lights,0.787548303604126,1249.573974609375,728.2693481445312,1262.4193115234375,743.1857299804688,1255.9966430664062,735.7275390625,12.8453369140625,14.9163818359375
IMG_0029.mp4,210,7.007007007007007,29.97,56,1,traffic_lights,0.791435182094574,1250.532958984375,727.8400268554688,1263.505859375,742.5116577148438,1257.0194091796875,735.1758422851562,12.972900390625,14.671630859375
IMG_0029.mp4,211,7.040373707040374,29.97,56,1,traffic_lights,0.7909163236618042,1251.5172119140625,727.4202880859375,1263.8851318359375,742.2202758789062,1257.701171875,734.8202819824219,12.367919921875,14.79998779296875
IMG_0029.mp4,212,7.073740407073741,29.97,56,1,traffic_lights,0.44295793771743774,1252.6654052734375,726.765380859375,1265.1881103515625,741.7207641601562,1258.9267578125,734.2430725097656,12.522705078125,14.95538330078125
IMG_0029.mp4,213,7.107107107107107,29.97,56,1,traffic_lights,0.7094634175300598,1254.497314453125,726.6554565429688,1269.073974609375,741.7689819335938,1261.78564453125,734.2122192382812,14.57666015625,15.113525390625
IMG_0029.mp4,214,7.140473807140474,29.97,56,1,traffic_lights,0.7882419228553772,1255.728515625,726.9912109375,1271.15380859375,741.9553833007812,1263.441162109375,734.4732971191406,15.42529296875,14.96417236328125
IMG_0029.mp4,215,7.173840507173841,29.97,56,1,traffic_lights,0.7496256828308105,1257.061279296875,726.44775390625,1272.87109375,741.8193969726562,1264.9661865234375,734.1335754394531,15.809814453125,15.37164306640625
IMG_0029.mp4,216,7.207207207207207,29.97,56,1,traffic_lights,0.6815819144248962,1257.7725830078125,725.9107055664062,1274.141845703125,741.4862670898438,1265.9572143554688,733.698486328125,16.3692626953125,15.5755615234375
IMG_0029.mp4,217,7.240573907240575,29.97,56,1,traffic_lights,0.5415911674499512,1258.986328125,724.9771728515625,1275.371337890625,740.4319458007812,1267.1788330078125,732.7045593261719,16.385009765625,15.45477294921875
IMG_0029.mp4,218,7.273940607273941,29.97,56,1,traffic_lights,0.5812485218048096,1259.1058349609375,723.885986328125,1274.8035888671875,739.2310180664062,1266.9547119140625,731.5585021972656,15.69775390625,15.34503173828125
IMG_0029.mp4,219,7.307307307307307,29.97,56,1,traffic_lights,0.7022053003311157,1260.1826171875,722.9398803710938,1276.0465087890625,738.8693237304688,1268.1145629882812,730.9046020507812,15.8638916015625,15.929443359375
IMG_0029.mp4,220,7.340674007340675,29.97,56,1,traffic_lights,0.6556071639060974,1261.4141845703125,723.09228515625,1276.9498291015625,738.927978515625,1269.1820068359375,731.0101318359375,15.53564453125,15.835693359375
IMG_0029.mp4,221,7.374040707374041,29.97,56,1,traffic_lights,0.7655166387557983,1263.3587646484375,721.9074096679688,1278.4091796875,737.93994140625,1270.8839721679688,729.9236755371094,15.0504150390625,16.03253173828125
IMG_0029.mp4,222,7.407407407407407,29.97,56,1,traffic_lights,0.7345362305641174,1264.85400390625,721.657470703125,1279.3643798828125,737.86474609375,1272.1091918945312,729.7611083984375,14.5103759765625,16.207275390625
IMG_0029.mp4,223,7.440774107440775,29.97,56,1,traffic_lights,0.5435185432434082,1265.3104248046875,720.8429565429688,1279.4024658203125,737.2125244140625,1272.3564453125,729.0277404785156,14.092041015625,16.36956787109375
IMG_0029.mp4,224,7.474140807474141,29.97,56,1,traffic_lights,0.5412241816520691,1267.620849609375,721.41064453125,1282.7232666015625,737.52685546875,1275.1720581054688,729.46875,15.1024169921875,16.1162109375
IMG_0029.mp4,225,7.5075075075075075,29.97,56,1,traffic_lights,0.6935104131698608,1268.510498046875,721.1510009765625,1284.7156982421875,737.6090698242188,1276.6130981445312,729.3800354003906,16.2052001953125,16.45806884765625
IMG_0029.mp4,226,7.540874207540875,29.97,56,1,traffic_lights,0.7253777980804443,1270.1656494140625,720.9393920898438,1287.6346435546875,737.6891479492188,1278.900146484375,729.3142700195312,17.468994140625,16.749755859375
IMG_0029.mp4,227,7.574240907574241,29.97,56,1,traffic_lights,0.6894606351852417,1270.3304443359375,719.8237915039062,1288.8682861328125,737.80517578125,1279.599365234375,728.8144836425781,18.537841796875,17.98138427734375
IMG_0029.mp4,228,7.607607607607608,29.97,56,1,traffic_lights,0.6566217541694641,1271.9649658203125,719.107666015625,1290.18603515625,737.3307495117188,1281.0755004882812,728.2192077636719,18.2210693359375,18.22308349609375
IMG_0029.mp4,229,7.640974307640975,29.97,56,1,traffic_lights,0.3365497291088104,1275.7569580078125,718.93994140625,1293.9207763671875,736.33984375,1284.8388671875,727.639892578125,18.163818359375,17.39990234375
IMG_0029.mp4,231,7.707707707707708,29.97,56,1,traffic_lights,0.3672257363796234,1280.6943359375,718.3250732421875,1297.382080078125,734.6035766601562,1289.0382080078125,726.4643249511719,16.687744140625,16.27850341796875
IMG_0029.mp4,232,7.741074407741075,29.97,56,1,traffic_lights,0.4746728241443634,1282.0802001953125,718.111572265625,1298.2705078125,734.36328125,1290.1753540039062,726.2374267578125,16.1903076171875,16.251708984375
IMG_0029.mp4,233,7.774441107774441,29.97,56,1,traffic_lights,0.5906348824501038,1283.0166015625,717.259765625,1299.52001953125,734.3285522460938,1291.268310546875,725.7941589355469,16.50341796875,17.06878662109375
IMG_0029.mp4,234,7.807807807807808,29.97,56,1,traffic_lights,0.6100279688835144,1285.28466796875,716.1326904296875,1301.10400390625,734.4095458984375,1293.1943359375,725.2711181640625,15.8193359375,18.27685546875
IMG_0029.mp4,235,7.841174507841175,29.97,56,1,traffic_lights,0.5852360725402832,1285.73046875,715.3689575195312,1301.6748046875,735.3154907226562,1293.70263671875,725.3422241210938,15.9443359375,19.946533203125
IMG_0029.mp4,236,7.874541207874541,29.97,56,1,traffic_lights,0.6055161952972412,1286.9608154296875,714.8070678710938,1302.122802734375,734.599853515625,1294.5418090820312,724.7034606933594,15.1619873046875,19.79278564453125
IMG_0029.mp4,237,7.907907907907909,29.97,56,1,traffic_lights,0.6093191504478455,1290.0689697265625,714.5101928710938,1305.34423828125,734.0454711914062,1297.7066040039062,724.27783203125,15.2752685546875,19.5352783203125
IMG_0029.mp4,238,7.941274607941275,29.97,56,1,traffic_lights,0.6962758898735046,1291.9990234375,713.8092041015625,1307.37646484375,733.4300537109375,1299.687744140625,723.61962890625,15.37744140625,19.620849609375
IMG_0029.mp4,239,7.974641307974641,29.97,56,1,traffic_lights,0.6135040521621704,1293.8153076171875,712.8113403320312,1309.2412109375,732.9974365234375,1301.5282592773438,722.9043884277344,15.4259033203125,20.18609619140625
IMG_0029.mp4,240,8.008008008008009,29.97,56,1,traffic_lights,0.6287097930908203,1295.9063720703125,712.0816650390625,1311.8719482421875,731.712158203125,1303.88916015625,721.8969116210938,15.965576171875,19.6304931640625
IMG_0029.mp4,241,8.041374708041374,29.97,56,1,traffic_lights,0.6272132396697998,1296.79052734375,711.4437866210938,1312.751708984375,731.5809326171875,1304.7711181640625,721.5123596191406,15.961181640625,20.13714599609375
IMG_0029.mp4,242,8.074741408074741,29.97,56,1,traffic_lights,0.4472466707229614,1297.6309814453125,711.0382690429688,1311.9033203125,730.5191040039062,1304.7671508789062,720.7786865234375,14.2723388671875,19.4808349609375
IMG_0029.mp4,243,8.108108108108109,29.97,56,1,traffic_lights,0.4603767693042755,1300.0201416015625,710.1524047851562,1313.3597412109375,727.9302978515625,1306.68994140625,719.0413513183594,13.339599609375,17.77789306640625
IMG_0029.mp4,244,8.141474808141474,29.97,81,1,traffic_lights,0.4412549138069153,1304.365234375,709.9691772460938,1318.8572998046875,727.7677001953125,1311.6112670898438,718.8684387207031,14.4920654296875,17.79852294921875
IMG_0029.mp4,245,8.174841508174842,29.97,81,1,traffic_lights,0.6318671703338623,1305.46240234375,708.8832397460938,1320.656005859375,728.4093627929688,1313.0592041015625,718.6463012695312,15.193603515625,19.526123046875
IMG_0029.mp4,246,8.208208208208209,29.97,81,1,traffic_lights,0.3483523726463318,1306.31494140625,708.4641723632812,1321.9334716796875,729.2003784179688,1314.1242065429688,718.832275390625,15.6185302734375,20.7362060546875
IMG_0029.mp4,246,8.208208208208209,29.97,56,1,traffic_lights,0.5820633172988892,1305.602783203125,708.4808349609375,1319.44091796875,728.171630859375,1312.5218505859375,718.3262329101562,13.838134765625,19.6907958984375
IMG_0029.mp4,247,8.241574908241574,29.97,56,1,traffic_lights,0.680129885673523,1306.9560546875,707.7702026367188,1320.47216796875,726.4992065429688,1313.714111328125,717.1347045898438,13.51611328125,18.72900390625
IMG_0029.mp4,248,8.274941608274942,29.97,56,1,traffic_lights,0.7820656895637512,1309.1070556640625,706.8760986328125,1322.297607421875,726.1846313476562,1315.7023315429688,716.5303649902344,13.1905517578125,19.30853271484375
IMG_0029.mp4,249,8.308308308308309,29.97,81,1,traffic_lights,0.7181730270385742,1313.4105224609375,706.8312377929688,1331.485107421875,726.3181762695312,1322.4478149414062,716.57470703125,18.0745849609375,19.4869384765625
IMG_0029.mp4,250,8.341675008341676,29.97,81,1,traffic_lights,0.7157972455024719,1314.7745361328125,706.008544921875,1333.9847412109375,725.8865356445312,1324.379638671875,715.9475402832031,19.210205078125,19.87799072265625
IMG_0029.mp4,251,8.375041708375042,29.97,81,1,traffic_lights,0.46309611201286316,1316.2357177734375,705.1953125,1334.8870849609375,725.5377197265625,1325.5614013671875,715.3665161132812,18.6513671875,20.3424072265625
IMG_0029.mp4,252,8.408408408408409,29.97,84,1,traffic_lights,0.4635810852050781,1326.3721923828125,705.873046875,1340.811767578125,724.6514892578125,1333.5919799804688,715.2622680664062,14.4395751953125,18.7784423828125
IMG_0029.mp4,252,8.408408408408409,29.97,56,1,traffic_lights,0.5785260200500488,1316.767822265625,704.38330078125,1330.8922119140625,722.3937377929688,1323.8300170898438,713.3885192871094,14.1243896484375,18.01043701171875
IMG_0029.mp4,253,8.441775108441776,29.97,84,1,traffic_lights,0.4679699242115021,1328.4224853515625,704.631103515625,1343.6929931640625,724.1671142578125,1336.0577392578125,714.3991088867188,15.2705078125,19.5360107421875
IMG_0029.mp4,253,8.441775108441776,29.97,56,1,traffic_lights,0.7896795868873596,1319.7772216796875,703.7470092773438,1333.8614501953125,722.82470703125,1326.8193359375,713.2858581542969,14.084228515625,19.07769775390625
IMG_0029.mp4,254,8.475141808475142,29.97,84,1,traffic_lights,0.5675876140594482,1331.064697265625,704.2137451171875,1346.2806396484375,723.9163208007812,1338.6726684570312,714.0650329589844,15.2159423828125,19.70257568359375
IMG_0029.mp4,254,8.475141808475142,29.97,56,1,traffic_lights,0.6089116334915161,1323.1802978515625,703.2303466796875,1337.0655517578125,722.5647583007812,1330.1229248046875,712.8975524902344,13.88525390625,19.33441162109375
IMG_0029.mp4,255,8.508508508508509,29.97,56,1,traffic_lights,0.29836708307266235,1326.11669921875,702.2473754882812,1339.155517578125,722.4214477539062,1332.6361083984375,712.3344116210938,13.038818359375,20.174072265625
IMG_0029.mp4,255,8.508508508508509,29.97,81,1,traffic_lights,0.3958810865879059,1327.6519775390625,702.3104248046875,1344.59228515625,723.8397827148438,1336.1221313476562,713.0751037597656,16.9403076171875,21.52935791015625
IMG_0029.mp4,256,8.541875208541876,29.97,56,1,traffic_lights,0.5486966371536255,1329.0684814453125,701.8729248046875,1344.0611572265625,723.7520751953125,1336.5648193359375,712.8125,14.99267578125,21.879150390625
IMG_0029.mp4,256,8.541875208541876,29.97,84,1,traffic_lights,0.41633445024490356,1335.8341064453125,703.66796875,1350.696533203125,724.7006225585938,1343.2653198242188,714.1842956542969,14.8624267578125,21.03265380859375
IMG_0029.mp4,257,8.575241908575242,29.97,56,1,traffic_lights,0.7640841007232666,1331.3184814453125,700.8382568359375,1347.3416748046875,723.4141235351562,1339.330078125,712.1261901855469,16.023193359375,22.57586669921875
IMG_0029.mp4,258,8.608608608608609,29.97,56,1,traffic_lights,0.821049153804779,1333.439697265625,700.0750122070312,1350.495849609375,723.7571411132812,1341.9677734375,711.9160766601562,17.05615234375,23.68212890625
IMG_0029.mp4,259,8.641975308641976,29.97,56,1,traffic_lights,0.3794039785861969,1336.1021728515625,699.32861328125,1355.6124267578125,724.5591430664062,1345.8572998046875,711.9438781738281,19.51025390625,25.23052978515625
IMG_0029.mp4,260,8.675342008675342,29.97,56,1,traffic_lights,0.31812891364097595,1338.8365478515625,698.8847045898438,1358.8314208984375,723.4220581054688,1348.833984375,711.1533813476562,19.994873046875,24.537353515625
IMG_0029.mp4,261,8.70870870870871,29.97,56,1,traffic_lights,0.4692915081977844,1341.6661376953125,698.172607421875,1360.4678955078125,722.5805053710938,1351.0670166015625,710.3765563964844,18.8017578125,24.40789794921875
IMG_0029.mp4,261,8.70870870870871,29.97,84,1,traffic_lights,0.30741751194000244,1348.16943359375,699.3025512695312,1363.442138671875,721.8970947265625,1355.8057861328125,710.5998229980469,15.272705078125,22.59454345703125
IMG_0029.mp4,262,8.742075408742076,29.97,56,1,traffic_lights,0.6990634799003601,1343.739013671875,696.6610717773438,1362.1773681640625,721.5165405273438,1352.9581909179688,709.0888061523438,18.4383544921875,24.85546875
IMG_0029.mp4,263,8.775442108775442,29.97,84,1,traffic_lights,0.5539320707321167,1349.169189453125,696.4320068359375,1367.6885986328125,720.9560546875,1358.4288940429688,708.6940307617188,18.5194091796875,24.5240478515625
IMG_0029.mp4,264,8.80880880880881,29.97,84,1,traffic_lights,0.4751952886581421,1351.11474609375,695.703125,1370.5997314453125,720.4793701171875,1360.8572387695312,708.0912475585938,19.4849853515625,24.7762451171875
IMG_0029.mp4,265,8.842175508842177,29.97,84,1,traffic_lights,0.6359536051750183,1353.622802734375,694.9473876953125,1373.0145263671875,719.2393188476562,1363.3186645507812,707.0933532714844,19.3917236328125,24.29193115234375
IMG_0029.mp4,266,8.875542208875542,29.97,84,1,traffic_lights,0.6846611499786377,1355.7535400390625,694.7837524414062,1374.8114013671875,717.8452758789062,1365.282470703125,706.3145141601562,19.057861328125,23.0615234375
IMG_0029.mp4,266,8.875542208875542,29.97,85,2,traffic_signs,0.5140763521194458,1465.4034423828125,770.8193969726562,1475.257568359375,780.7167358398438,1470.3305053710938,775.76806640625,9.8541259765625,9.8973388671875
IMG_0029.mp4,267,8.90890890890891,29.97,84,1,traffic_lights,0.8021281361579895,1357.8406982421875,694.306884765625,1376.01708984375,717.143798828125,1366.9288940429688,705.725341796875,18.1763916015625,22.8369140625
IMG_0029.mp4,268,8.942275608942277,29.97,81,1,traffic_lights,0.7600951194763184,1361.6590576171875,693.9835205078125,1382.2607421875,718.2438354492188,1371.9598999023438,706.1136779785156,20.6016845703125,24.26031494140625
IMG_0029.mp4,269,8.975642308975642,29.97,81,1,traffic_lights,0.7540680766105652,1364.0174560546875,693.21923828125,1385.2095947265625,716.9048461914062,1374.613525390625,705.0620422363281,21.192138671875,23.68560791015625
IMG_0029.mp4,270,9.00900900900901,29.97,81,1,traffic_lights,0.6238753795623779,1366.273681640625,692.9647216796875,1387.5906982421875,715.9381103515625,1376.9321899414062,704.451416015625,21.3170166015625,22.973388671875
IMG_0029.mp4,271,9.042375709042377,29.97,81,1,traffic_lights,0.6949765086174011,1370.9078369140625,692.0707397460938,1390.6302490234375,714.4630126953125,1380.76904296875,703.2668762207031,19.722412109375,22.39227294921875
IMG_0029.mp4,271,9.042375709042377,29.97,56,1,traffic_lights,0.4787530303001404,1367.6348876953125,692.0932006835938,1387.2882080078125,713.9752807617188,1377.4615478515625,703.0342407226562,19.6533203125,21.882080078125
IMG_0029.mp4,272,9.075742409075742,29.97,81,1,traffic_lights,0.5684553384780884,1376.3052978515625,692.1393432617188,1393.8338623046875,714.3515625,1385.069580078125,703.2454528808594,17.528564453125,22.21221923828125
IMG_0029.mp4,272,9.075742409075742,29.97,56,1,traffic_lights,0.6092417240142822,1369.473876953125,691.5794677734375,1387.3541259765625,714.141845703125,1378.4140014648438,702.8606567382812,17.8802490234375,22.5623779296875
IMG_0029.mp4,273,9.10910910910911,29.97,81,1,traffic_lights,0.5837772488594055,1376.2904052734375,691.386474609375,1396.2550048828125,714.1596069335938,1386.272705078125,702.7730407714844,19.964599609375,22.77313232421875
IMG_0029.mp4,274,9.142475809142477,29.97,81,1,traffic_lights,0.4695264399051666,1377.859375,690.822998046875,1398.6556396484375,713.6371459960938,1388.2575073242188,702.2300720214844,20.7962646484375,22.81414794921875
IMG_0029.mp4,275,9.175842509175842,29.97,81,1,traffic_lights,0.5939840078353882,1380.0252685546875,689.8365478515625,1401.2264404296875,713.2921142578125,1390.6258544921875,701.5643310546875,21.201171875,23.45556640625
IMG_0029.mp4,276,9.20920920920921,29.97,81,1,traffic_lights,0.6147872805595398,1383.3900146484375,689.1270751953125,1403.717041015625,712.3772583007812,1393.5535278320312,700.7521667480469,20.3270263671875,23.25018310546875
IMG_0029.mp4,289,9.642976309642977,29.97,118,1,traffic_lights,0.412545382976532,1407.407470703125,683.2054443359375,1432.83203125,704.501220703125,1420.1197509765625,693.8533325195312,25.424560546875,21.2957763671875
IMG_0029.mp4,290,9.676343009676343,29.97,118,1,traffic_lights,0.5261449813842773,1408.730712890625,682.0311279296875,1433.689697265625,704.4763793945312,1421.210205078125,693.2537536621094,24.958984375,22.44525146484375
IMG_0029.mp4,291,9.70970970970971,29.97,118,1,traffic_lights,0.550090491771698,1410.7115478515625,681.846435546875,1436.4053955078125,704.6207275390625,1423.5584716796875,693.2335815429688,25.69384765625,22.7742919921875
IMG_0029.mp4,292,9.743076409743077,29.97,118,1,traffic_lights,0.4590195417404175,1412.256103515625,681.7423095703125,1437.46826171875,705.5374755859375,1424.8621826171875,693.639892578125,25.212158203125,23.795166015625
IMG_0029.mp4,293,9.776443109776443,29.97,118,1,traffic_lights,0.5395575761795044,1414.327392578125,681.1026000976562,1439.0445556640625,705.473876953125,1426.6859741210938,693.2882385253906,24.7171630859375,24.37127685546875
IMG_0029.mp4,294,9.80980980980981,29.97,118,1,traffic_lights,0.6819115281105042,1415.2940673828125,680.192138671875,1439.91015625,705.7349853515625,1427.6021118164062,692.9635620117188,24.6160888671875,25.5428466796875
IMG_0029.mp4,295,9.843176509843177,29.97,118,1,traffic_lights,0.727652370929718,1415.993408203125,678.9476318359375,1440.93701171875,705.7955932617188,1428.4652099609375,692.3716125488281,24.943603515625,26.84796142578125
IMG_0029.mp4,296,9.876543209876544,29.97,118,1,traffic_lights,0.46369469165802,1419.708984375,679.1627197265625,1443.2257080078125,706.173828125,1431.4673461914062,692.6682739257812,23.5167236328125,27.0111083984375
IMG_0029.mp4,297,9.90990990990991,29.97,118,1,traffic_lights,0.4756046235561371,1420.1444091796875,678.1284790039062,1444.687744140625,705.729736328125,1432.4160766601562,691.9291076660156,24.5433349609375,27.60125732421875
IMG_0029.mp4,298,9.943276609943277,29.97,118,1,traffic_lights,0.3566225469112396,1420.9730224609375,677.7454833984375,1446.5430908203125,705.7673950195312,1433.758056640625,691.7564392089844,25.570068359375,28.02191162109375
IMG_0029.mp4,299,9.976643309976645,29.97,118,1,traffic_lights,0.3442705571651459,1422.6275634765625,678.006103515625,1447.629150390625,706.4747314453125,1435.1283569335938,692.2404174804688,25.0015869140625,28.4686279296875
IMG_0029.mp4,300,10.01001001001001,29.97,118,1,traffic_lights,0.35111960768699646,1423.8914794921875,676.9027709960938,1447.2491455078125,705.4014282226562,1435.5703125,691.152099609375,23.357666015625,28.4986572265625
IMG_0029.mp4,301,10.043376710043377,29.97,118,1,traffic_lights,0.36490681767463684,1424.7969970703125,676.20458984375,1447.7152099609375,704.0368041992188,1436.256103515625,690.1206970214844,22.918212890625,27.83221435546875
IMG_0029.mp4,303,10.11011011011011,29.97,141,1,traffic_lights,0.4405279755592346,1425.921875,675.2018432617188,1449.387939453125,701.7520751953125,1437.6549072265625,688.4769592285156,23.466064453125,26.55023193359375
IMG_0029.mp4,304,10.143476810143477,29.97,141,1,traffic_lights,0.6694941520690918,1426.840576171875,674.0521850585938,1453.5194091796875,701.9324951171875,1440.1799926757812,687.9923400878906,26.6788330078125,27.88031005859375
IMG_0029.mp4,305,10.176843510176845,29.97,141,1,traffic_lights,0.576918363571167,1427.51025390625,672.9300537109375,1455.312255859375,700.9010009765625,1441.4112548828125,686.91552734375,27.802001953125,27.970947265625
IMG_0029.mp4,306,10.21021021021021,29.97,141,1,traffic_lights,0.4735212028026581,1428.6070556640625,672.4390258789062,1456.4429931640625,700.3903198242188,1442.5250244140625,686.4146728515625,27.8359375,27.9512939453125
IMG_0029.mp4,307,10.243576910243577,29.97,141,1,traffic_lights,0.3914100229740143,1430.4031982421875,671.8103637695312,1457.355712890625,699.2526245117188,1443.8794555664062,685.531494140625,26.9525146484375,27.4422607421875
IMG_0029.mp4,308,10.276943610276945,29.97,141,1,traffic_lights,0.2899991571903229,1431.8516845703125,672.27197265625,1458.6326904296875,699.9420166015625,1445.2421875,686.1069946289062,26.781005859375,27.6700439453125
IMG_0029.mp4,309,10.31031031031031,29.97,141,1,traffic_lights,0.6798578500747681,1432.304443359375,671.7208251953125,1460.205078125,698.36279296875,1446.2547607421875,685.0418090820312,27.900634765625,26.6419677734375
IMG_0029.mp4,310,10.343677010343677,29.97,141,1,traffic_lights,0.6717551350593567,1433.0267333984375,671.45849609375,1461.1767578125,697.4414672851562,1447.1017456054688,684.4499816894531,28.1500244140625,25.98297119140625
IMG_0029.mp4,311,10.377043710377045,29.97,141,1,traffic_lights,0.6050641536712646,1433.98095703125,671.0782470703125,1462.169189453125,696.9148559570312,1448.0750732421875,683.9965515136719,28.188232421875,25.83660888671875
IMG_0029.mp4,312,10.41041041041041,29.97,141,1,traffic_lights,0.4376221001148224,1435.4124755859375,670.7587280273438,1461.8953857421875,696.281982421875,1448.6539306640625,683.5203552246094,26.48291015625,25.52325439453125
IMG_0029.mp4,312,10.41041041041041,29.97,149,2,traffic_signs,0.41897037625312805,904.9895629882812,784.9054565429688,936.7289428710938,811.8255615234375,920.8592529296875,798.3655090332031,31.7393798828125,26.92010498046875
IMG_0029.mp4,313,10.443777110443778,29.97,141,1,traffic_lights,0.42712366580963135,1436.2447509765625,670.0578002929688,1461.841064453125,695.5813598632812,1449.0429077148438,682.819580078125,25.5963134765625,25.5235595703125
IMG_0029.mp4,313,10.443777110443778,29.97,149,2,traffic_signs,0.5932180881500244,897.1258544921875,784.9175415039062,930.6896362304688,812.4132080078125,913.9077453613281,798.6653747558594,33.56378173828125,27.49566650390625
IMG_0029.mp4,314,10.477143810477145,29.97,141,1,traffic_lights,0.41927194595336914,1436.6768798828125,669.5098266601562,1461.8349609375,695.0299072265625,1449.2559204101562,682.2698669433594,25.1580810546875,25.52008056640625
IMG_0029.mp4,315,10.51051051051051,29.97,141,1,traffic_lights,0.5983149409294128,1436.8892822265625,668.5288696289062,1462.007080078125,693.7743530273438,1449.4481811523438,681.151611328125,25.1177978515625,25.2454833984375
IMG_0029.mp4,316,10.543877210543878,29.97,141,1,traffic_lights,0.6270829439163208,1437.0966796875,667.7845458984375,1461.851806640625,692.9893798828125,1449.4742431640625,680.386962890625,24.755126953125,25.204833984375
IMG_0029.mp4,317,10.577243910577245,29.97,141,1,traffic_lights,0.5128799080848694,1437.5863037109375,667.0053100585938,1464.035400390625,692.3225708007812,1450.8108520507812,679.6639404296875,26.4490966796875,25.3172607421875
IMG_0029.mp4,318,10.61061061061061,29.97,141,1,traffic_lights,0.6637589931488037,1437.7470703125,666.4144897460938,1464.9808349609375,691.7164916992188,1451.3639526367188,679.0654907226562,27.2337646484375,25.302001953125
IMG_0029.mp4,318,10.61061061061061,29.97,153,1,traffic_lights,0.3998143970966339,1437.316650390625,666.4521484375,1462.6810302734375,691.341796875,1449.9988403320312,678.89697265625,25.3643798828125,24.8896484375
IMG_0029.mp4,319,10.643977310643978,29.97,141,1,traffic_lights,0.7604832649230957,1437.953857421875,665.3401489257812,1465.9512939453125,691.0103759765625,1451.9525756835938,678.1752624511719,27.9974365234375,25.67022705078125
IMG_0029.mp4,320,10.677344010677345,29.97,141,1,traffic_lights,0.8280354738235474,1438.3260498046875,664.616455078125,1466.919189453125,690.4578857421875,1452.6226196289062,677.5371704101562,28.5931396484375,25.8414306640625
IMG_0029.mp4,321,10.71071071071071,29.97,141,1,traffic_lights,0.8422796130180359,1438.443115234375,664.1774291992188,1467.4698486328125,689.8156127929688,1452.9564819335938,676.9965209960938,29.0267333984375,25.63818359375
IMG_0029.mp4,322,10.744077410744078,29.97,141,1,traffic_lights,0.8290538191795349,1438.821044921875,663.4920043945312,1468.2850341796875,689.14599609375,1453.5530395507812,676.3190002441406,29.4639892578125,25.65399169921875
IMG_0029.mp4,323,10.777444110777445,29.97,141,1,traffic_lights,0.7976616621017456,1439.10498046875,662.5411987304688,1468.3895263671875,688.548583984375,1453.7472534179688,675.5448913574219,29.2845458984375,26.00738525390625
IMG_0029.mp4,324,10.81081081081081,29.97,141,1,traffic_lights,0.5831038951873779,1440.111572265625,661.951904296875,1468.3858642578125,687.7827758789062,1454.2487182617188,674.8673400878906,28.2742919921875,25.83087158203125
IMG_0029.mp4,324,10.81081081081081,29.97,153,1,traffic_lights,0.771325945854187,1439.025146484375,662.5637817382812,1460.859375,687.4102172851562,1449.9422607421875,674.9869995117188,21.834228515625,24.846435546875
IMG_0029.mp4,325,10.844177510844178,29.97,141,1,traffic_lights,0.5136079788208008,1441.0201416015625,661.0179443359375,1468.7664794921875,687.1026000976562,1454.893310546875,674.0602722167969,27.746337890625,26.08465576171875
IMG_0029.mp4,325,10.844177510844178,29.97,153,1,traffic_lights,0.8023388981819153,1438.73486328125,661.7100219726562,1457.2677001953125,686.6526489257812,1448.0012817382812,674.1813354492188,18.5328369140625,24.942626953125
IMG_0029.mp4,326,10.877544210877545,29.97,141,1,traffic_lights,0.6373670101165771,1441.2281494140625,660.4024047851562,1468.9207763671875,686.6356201171875,1455.074462890625,673.5190124511719,27.692626953125,26.23321533203125
IMG_0029.mp4,326,10.877544210877545,29.97,153,1,traffic_lights,0.8109968304634094,1438.865966796875,661.2390747070312,1457.130859375,686.2213745117188,1447.9984130859375,673.730224609375,18.264892578125,24.9822998046875
IMG_0029.mp4,327,10.91091091091091,29.97,141,1,traffic_lights,0.5200750231742859,1442.4439697265625,660.2631225585938,1468.9384765625,685.6676025390625,1455.6912231445312,672.9653625488281,26.4945068359375,25.40447998046875
IMG_0029.mp4,327,10.91091091091091,29.97,153,1,traffic_lights,0.8368698954582214,1439.1395263671875,660.7317504882812,1456.0203857421875,685.3511962890625,1447.5799560546875,673.0414733886719,16.880859375,24.61944580078125
IMG_0029.mp4,328,10.944277610944278,29.97,141,1,traffic_lights,0.36559247970581055,1442.218505859375,659.7700805664062,1469.2205810546875,685.1427001953125,1455.7195434570312,672.4563903808594,27.0020751953125,25.37261962890625
IMG_0029.mp4,328,10.944277610944278,29.97,153,1,traffic_lights,0.8285042643547058,1439.185302734375,660.1741333007812,1456.5350341796875,684.8419799804688,1447.8601684570312,672.508056640625,17.3497314453125,24.6678466796875
IMG_0029.mp4,329,10.977644310977645,29.97,141,1,traffic_lights,0.2513692378997803,1441.998046875,658.9862670898438,1469.27294921875,684.4528198242188,1455.635498046875,671.7195434570312,27.27490234375,25.466552734375
IMG_0029.mp4,329,10.977644310977645,29.97,153,1,traffic_lights,0.6612989902496338,1439.406005859375,659.4619750976562,1457.3839111328125,684.1680297851562,1448.3949584960938,671.8150024414062,17.9779052734375,24.7060546875
IMG_0029.mp4,330,11.01101101101101,29.97,153,1,traffic_lights,0.5775256156921387,1439.5106201171875,658.9445190429688,1458.6038818359375,683.489990234375,1449.0572509765625,671.2172546386719,19.09326171875,24.54547119140625
IMG_0029.mp4,331,11.044377711044378,29.97,153,1,traffic_lights,0.6960057616233826,1439.509521484375,657.714599609375,1459.2154541015625,683.6510620117188,1449.3624877929688,670.6828308105469,19.7059326171875,25.93646240234375
IMG_0029.mp4,332,11.077744411077745,29.97,153,1,traffic_lights,0.6849266886711121,1439.9188232421875,656.7177734375,1459.55615234375,683.3088989257812,1449.7374877929688,670.0133361816406,19.6373291015625,26.59112548828125
IMG_0029.mp4,333,11.11111111111111,29.97,153,1,traffic_lights,0.7543138265609741,1439.73486328125,655.9951782226562,1458.6661376953125,682.5198364257812,1449.2005004882812,669.2575073242188,18.9312744140625,26.524658203125
IMG_0029.mp4,334,11.144477811144478,29.97,153,1,traffic_lights,0.7411611676216125,1439.5516357421875,655.1476440429688,1458.2562255859375,681.6825561523438,1448.9039306640625,668.4151000976562,18.70458984375,26.534912109375
IMG_0029.mp4,335,11.177844511177845,29.97,153,1,traffic_lights,0.7679051160812378,1439.7598876953125,654.7611083984375,1458.6947021484375,681.2261962890625,1449.227294921875,667.99365234375,18.934814453125,26.465087890625
IMG_0029.mp4,336,11.21121121121121,29.97,153,1,traffic_lights,0.8174411654472351,1440.1614990234375,654.208251953125,1458.4483642578125,680.3660278320312,1449.304931640625,667.2871398925781,18.286865234375,26.15777587890625
IMG_0029.mp4,337,11.244577911244578,29.97,153,1,traffic_lights,0.798693060874939,1440.2723388671875,653.3072509765625,1458.3538818359375,679.7598266601562,1449.3131103515625,666.5335388183594,18.08154296875,26.45257568359375
IMG_0029.mp4,338,11.277944611277945,29.97,153,1,traffic_lights,0.7848543524742126,1440.119873046875,652.7863159179688,1457.7008056640625,679.3193969726562,1448.9103393554688,666.0528564453125,17.5809326171875,26.5330810546875
IMG_0029.mp4,339,11.311311311311313,29.97,153,1,traffic_lights,0.7560915350914001,1438.8890380859375,651.5529174804688,1456.58056640625,678.1622314453125,1447.7348022460938,664.8575744628906,17.6915283203125,26.60931396484375
IMG_0029.mp4,340,11.344678011344678,29.97,153,1,traffic_lights,0.7244598269462585,1438.2889404296875,650.7240600585938,1455.4544677734375,677.3988037109375,1446.8717041015625,664.0614318847656,17.16552734375,26.67474365234375
IMG_0029.mp4,340,11.344678011344678,29.97,163,2,traffic_signs,0.5187466740608215,612.5530395507812,762.1720581054688,643.3993530273438,786.7159423828125,627.9761962890625,774.4440002441406,30.8463134765625,24.54388427734375
IMG_0029.mp4,341,11.378044711378045,29.97,163,2,traffic_signs,0.8285471200942993,586.3445434570312,759.5579223632812,619.2332153320312,785.7510375976562,602.7888793945312,772.6544799804688,32.888671875,26.193115234375
IMG_0029.mp4,341,11.378044711378045,29.97,141,1,traffic_lights,0.6990479826927185,1439.3431396484375,650.4664306640625,1457.044921875,677.2097778320312,1448.1940307617188,663.8381042480469,17.7017822265625,26.74334716796875
IMG_0029.mp4,342,11.411411411411413,29.97,163,2,traffic_signs,0.7338491678237915,559.6192016601562,757.3530883789062,593.6432495117188,784.0491943359375,576.6312255859375,770.7011413574219,34.0240478515625,26.69610595703125
IMG_0029.mp4,342,11.411411411411413,29.97,141,1,traffic_lights,0.6785830855369568,1438.8270263671875,649.9771728515625,1457.036376953125,676.4091186523438,1447.9317016601562,663.1931457519531,18.2093505859375,26.43194580078125
IMG_0029.mp4,343,11.444778111444778,29.97,163,2,traffic_signs,0.8944096565246582,529.623779296875,753.8684692382812,566.0999145507812,782.2074584960938,547.8618469238281,768.0379638671875,36.47613525390625,28.3389892578125
IMG_0029.mp4,343,11.444778111444778,29.97,141,1,traffic_lights,0.777705192565918,1437.514892578125,649.0084838867188,1456.1260986328125,675.6964111328125,1446.8204956054688,662.3524475097656,18.6112060546875,26.68792724609375
IMG_0029.mp4,344,11.478144811478145,29.97,163,2,traffic_signs,0.7272774577140808,496.6325988769531,750.70458984375,535.2560424804688,780.5783081054688,515.9443206787109,765.6414489746094,38.623443603515625,29.87371826171875
IMG_0029.mp4,344,11.478144811478145,29.97,141,1,traffic_lights,0.7568188905715942,1436.7298583984375,648.575927734375,1457.7103271484375,675.1229858398438,1447.2200927734375,661.8494567871094,20.98046875,26.54705810546875
IMG_0029.mp4,345,11.511511511511513,29.97,163,2,traffic_signs,0.48961836099624634,462.7579040527344,747.5402221679688,503.1563720703125,777.67529296875,482.95713806152344,762.6077575683594,40.398468017578125,30.13507080078125
IMG_0029.mp4,345,11.511511511511513,29.97,141,1,traffic_lights,0.5443692207336426,1437.15283203125,648.0989990234375,1460.7972412109375,674.2791137695312,1448.9750366210938,661.1890563964844,23.6444091796875,26.18011474609375
IMG_0029.mp4,345,11.511511511511513,29.97,167,1,traffic_lights,0.5562388300895691,1438.4615478515625,647.1611938476562,1469.87451171875,674.5226440429688,1454.1680297851562,660.8419189453125,31.4129638671875,27.3614501953125
IMG_0029.mp4,346,11.544878211544878,29.97,167,1,traffic_lights,0.8032177090644836,1437.34375,646.4898681640625,1469.2054443359375,673.6133422851562,1453.2745971679688,660.0516052246094,31.8616943359375,27.12347412109375
IMG_0029.mp4,347,11.578244911578246,29.97,167,1,traffic_lights,0.7880887389183044,1438.1007080078125,646.5352172851562,1469.96435546875,673.1726684570312,1454.0325317382812,659.8539428710938,31.8636474609375,26.637451171875
IMG_0029.mp4,348,11.611611611611613,29.97,167,1,traffic_lights,0.5637235045433044,1441.3013916015625,646.5736694335938,1471.6392822265625,672.9560546875,1456.4703369140625,659.7648620605469,30.337890625,26.38238525390625
IMG_0029.mp4,349,11.644978311644978,29.97,172,2,traffic_signs,0.7322410345077515,441.0950927734375,803.6369018554688,471.9646911621094,826.3810424804688,456.52989196777344,815.0089721679688,30.869598388671875,22.744140625
IMG_0029.mp4,350,11.678345011678346,29.97,175,1,traffic_lights,0.4736308157444,1438.928955078125,644.4766845703125,1470.65380859375,671.6505737304688,1454.7913818359375,658.0636291503906,31.724853515625,27.17388916015625
IMG_0029.mp4,351,11.711711711711713,29.97,175,1,traffic_lights,0.7679183483123779,1434.50244140625,642.7333374023438,1462.17919921875,670.7465209960938,1448.3408203125,656.7399291992188,27.6767578125,28.01318359375
IMG_0029.mp4,351,11.711711711711713,29.97,178,2,traffic_signs,0.615554690361023,159.4890899658203,608.7255859375,222.0630645751953,627.5068969726562,190.7760772705078,618.1162414550781,62.573974609375,18.78131103515625
IMG_0029.mp4,352,11.745078411745078,29.97,175,1,traffic_lights,0.6482106447219849,1437.6878662109375,642.6378173828125,1464.1480712890625,670.833251953125,1450.91796875,656.7355346679688,26.460205078125,28.1954345703125
IMG_0029.mp4,352,11.745078411745078,29.97,181,1,traffic_lights,0.629486620426178,1438.3240966796875,642.4883422851562,1470.4189453125,670.2757568359375,1454.3715209960938,656.3820495605469,32.0948486328125,27.78741455078125
IMG_0029.mp4,353,11.778445111778446,29.97,175,1,traffic_lights,0.6929633021354675,1438.1297607421875,641.7513427734375,1465.0843505859375,670.0916748046875,1451.6070556640625,655.9215087890625,26.95458984375,28.34033203125
IMG_0029.mp4,353,11.778445111778446,29.97,181,1,traffic_lights,0.7235121130943298,1437.78369140625,641.3954467773438,1470.1785888671875,669.5673217773438,1453.9811401367188,655.4813842773438,32.3948974609375,28.171875
IMG_0029.mp4,354,11.811811811811813,29.97,175,1,traffic_lights,0.8184083700180054,1438.150390625,641.0171508789062,1465.322021484375,669.4837036132812,1451.7362060546875,655.2504272460938,27.171630859375,28.466552734375
IMG_0029.mp4,354,11.811811811811813,29.97,181,1,traffic_lights,0.4421873986721039,1437.5120849609375,640.605712890625,1470.20654296875,669.1773681640625,1453.8593139648438,654.8915405273438,32.6944580078125,28.5716552734375
IMG_0029.mp4,355,11.845178511845178,29.97,175,1,traffic_lights,0.516465425491333,1437.6610107421875,640.0780029296875,1466.979736328125,668.8939819335938,1452.3203735351562,654.4859924316406,29.3187255859375,28.81597900390625
IMG_0029.mp4,355,11.845178511845178,29.97,181,1,traffic_lights,0.8079578876495361,1436.6630859375,639.8086547851562,1470.443359375,668.6962280273438,1453.55322265625,654.25244140625,33.7802734375,28.8875732421875
IMG_0029.mp4,356,11.878545211878546,29.97,181,1,traffic_lights,0.8511355519294739,1436.04931640625,638.9610595703125,1470.6663818359375,668.150634765625,1453.3578491210938,653.5558471679688,34.6170654296875,29.1895751953125
IMG_0029.mp4,357,11.911911911911913,29.97,181,1,traffic_lights,0.313872754573822,1435.78369140625,638.2660522460938,1470.154296875,667.5961303710938,1452.968994140625,652.9310913085938,34.37060546875,29.330078125
IMG_0029.mp4,357,11.911911911911913,29.97,186,2,traffic_signs,0.5665668249130249,1751.176513671875,719.5104370117188,1780.531982421875,747.199462890625,1765.854248046875,733.3549499511719,29.35546875,27.68902587890625
IMG_0029.mp4,357,11.911911911911913,29.97,175,1,traffic_lights,0.7358474731445312,1436.914306640625,638.7222290039062,1467.2176513671875,667.6736450195312,1452.0659790039062,653.1979370117188,30.3033447265625,28.951416015625
IMG_0029.mp4,358,11.945278611945279,29.97,181,1,traffic_lights,0.4207395017147064,1435.6661376953125,637.3505249023438,1470.0614013671875,667.0128784179688,1452.86376953125,652.1817016601562,34.395263671875,29.662353515625
IMG_0029.mp4,358,11.945278611945279,29.97,186,2,traffic_signs,0.47541195154190063,1752.8306884765625,719.2481689453125,1782.6851806640625,747.111328125,1767.7579345703125,733.1797485351562,29.8544921875,27.8631591796875
IMG_0029.mp4,358,11.945278611945279,29.97,175,1,traffic_lights,0.7204568386077881,1436.3919677734375,637.9657592773438,1466.6456298828125,666.9527587890625,1451.518798828125,652.4592590332031,30.253662109375,28.98699951171875
IMG_0029.mp4,359,11.978645311978646,29.97,181,1,traffic_lights,0.3456113040447235,1436.3525390625,636.9017333984375,1470.10791015625,666.7302856445312,1453.230224609375,651.8160095214844,33.75537109375,29.82855224609375
IMG_0029.mp4,359,11.978645311978646,29.97,186,2,traffic_signs,0.3245832026004791,1754.1617431640625,718.8333740234375,1784.4306640625,746.695068359375,1769.2962036132812,732.7642211914062,30.2689208984375,27.8616943359375
IMG_0029.mp4,359,11.978645311978646,29.97,175,1,traffic_lights,0.6872482299804688,1436.465576171875,637.4990844726562,1466.2520751953125,666.5234375,1451.3588256835938,652.0112609863281,29.7864990234375,29.02435302734375
IMG_0029.mp4,360,12.012012012012013,29.97,186,2,traffic_signs,0.44470393657684326,1755.288330078125,718.0183715820312,1786.184326171875,745.9027709960938,1770.736328125,731.9605712890625,30.89599609375,27.8843994140625
IMG_0029.mp4,360,12.012012012012013,29.97,175,1,traffic_lights,0.730776309967041,1436.0751953125,636.882568359375,1463.9859619140625,665.6417236328125,1450.0305786132812,651.2621459960938,27.9107666015625,28.7591552734375
IMG_0029.mp4,361,12.045378712045379,29.97,175,1,traffic_lights,0.6801468729972839,1435.5203857421875,635.725341796875,1464.5115966796875,664.7789916992188,1450.0159912109375,650.2521667480469,28.9912109375,29.05364990234375
IMG_0029.mp4,362,12.078745412078746,29.97,175,1,traffic_lights,0.6870922446250916,1434.9788818359375,635.2025756835938,1464.633056640625,664.000244140625,1449.8059692382812,649.6014099121094,29.6541748046875,28.79766845703125
IMG_0029.mp4,362,12.078745412078746,29.97,186,2,traffic_signs,0.41657114028930664,1759.8133544921875,717.0184326171875,1791.1968994140625,744.1982421875,1775.505126953125,730.6083374023438,31.383544921875,27.1798095703125
IMG_0029.mp4,363,12.112112112112113,29.97,175,1,traffic_lights,0.6303519010543823,1434.09619140625,634.6209106445312,1462.6124267578125,662.9019165039062,1448.3543090820312,648.7614135742188,28.5162353515625,28.281005859375
IMG_0029.mp4,363,12.112112112112113,29.97,186,2,traffic_signs,0.4653241038322449,1761.8990478515625,716.357421875,1793.6533203125,744.22265625,1777.7761840820312,730.2900390625,31.7542724609375,27.865234375
IMG_0029.mp4,364,12.145478812145479,29.97,175,1,traffic_lights,0.5598019957542419,1433.728759765625,633.3046875,1461.9530029296875,662.0596313476562,1447.8408813476562,647.6821594238281,28.2242431640625,28.75494384765625
IMG_0029.mp4,364,12.145478812145479,29.97,186,2,traffic_signs,0.5217866897583008,1763.4871826171875,715.37744140625,1795.4326171875,743.939208984375,1779.4598999023438,729.6583251953125,31.9454345703125,28.561767578125
IMG_0029.mp4,365,12.178845512178846,29.97,175,1,traffic_lights,0.3793922960758209,1432.5479736328125,632.2203979492188,1461.8358154296875,661.4963989257812,1447.19189453125,646.8583984375,29.287841796875,29.2760009765625
IMG_0029.mp4,366,12.212212212212213,29.97,175,1,traffic_lights,0.6601991057395935,1431.91455078125,631.459716796875,1461.83154296875,660.755859375,1446.873046875,646.1077880859375,29.9169921875,29.296142578125
IMG_0029.mp4,367,12.245578912245579,29.97,175,1,traffic_lights,0.7357895970344543,1431.6351318359375,630.05224609375,1464.956298828125,660.0169067382812,1448.2957153320312,645.0345764160156,33.3211669921875,29.96466064453125
IMG_0029.mp4,367,12.245578912245579,29.97,186,2,traffic_signs,0.4176139533519745,1770.5587158203125,713.3919677734375,1803.675048828125,742.0079345703125,1787.1168823242188,727.699951171875,33.1163330078125,28.615966796875
IMG_0029.mp4,368,12.278945612278946,29.97,175,1,traffic_lights,0.7047513723373413,1431.828857421875,629.1229248046875,1467.0511474609375,659.4679565429688,1449.4400024414062,644.2954406738281,35.2222900390625,30.34503173828125
IMG_0029.mp4,368,12.278945612278946,29.97,186,2,traffic_signs,0.6875148415565491,1773.30615234375,712.7034301757812,1805.9005126953125,741.9186401367188,1789.6033325195312,727.31103515625,32.5943603515625,29.2152099609375
IMG_0029.mp4,369,12.312312312312313,29.97,175,1,traffic_lights,0.7484221458435059,1431.115966796875,628.1487426757812,1467.03076171875,658.6253662109375,1449.0733642578125,643.3870544433594,35.914794921875,30.47662353515625
IMG_0029.mp4,369,12.312312312312313,29.97,186,2,traffic_signs,0.633242130279541,1774.71875,712.1729736328125,1807.5516357421875,741.1779174804688,1791.1351928710938,726.6754455566406,32.8328857421875,29.00494384765625
IMG_0029.mp4,370,12.345679012345679,29.97,175,1,traffic_lights,0.7093175053596497,1430.267333984375,627.0174560546875,1467.953369140625,657.4739990234375,1449.1103515625,642.2457275390625,37.68603515625,30.45654296875
IMG_0029.mp4,370,12.345679012345679,29.97,186,2,traffic_signs,0.7325125932693481,1776.09423828125,711.226806640625,1809.6380615234375,740.6102905273438,1792.8661499023438,725.9185485839844,33.5438232421875,29.38348388671875
IMG_0029.mp4,385,12.84617951284618,29.97,222,2,traffic_signs,0.4969203472137451,249.12014770507812,635.4910278320312,290.0049133300781,670.2763671875,269.5625305175781,652.8836975097656,40.884765625,34.78533935546875
IMG_0029.mp4,386,12.879546212879546,29.97,222,2,traffic_signs,0.5861108899116516,191.591796875,624.4327392578125,237.25062561035156,662.2481079101562,214.42121124267578,643.3404235839844,45.65882873535156,37.81536865234375
IMG_0029.mp4,388,12.946279612946281,29.97,229,2,traffic_signs,0.7720834016799927,365.3825378417969,642.7786254882812,405.0584716796875,670.9796752929688,385.2205047607422,656.879150390625,39.675933837890625,28.2010498046875
IMG_0029.mp4,393,13.113113113113114,29.97,238,1,traffic_lights,0.7896994352340698,1423.758056640625,605.8546752929688,1464.9859619140625,638.7920532226562,1444.3720092773438,622.3233642578125,41.2279052734375,32.9373779296875
IMG_0029.mp4,393,13.113113113113114,29.97,239,2,traffic_signs,0.6285833120346069,1841.619140625,690.884521484375,1881.5931396484375,724.9075927734375,1861.6061401367188,707.8960571289062,39.9739990234375,34.0230712890625
IMG_0029.mp4,394,13.146479813146481,29.97,238,1,traffic_lights,0.8219285607337952,1422.2613525390625,603.3253173828125,1464.3067626953125,637.8916015625,1443.2840576171875,620.6084594726562,42.04541015625,34.5662841796875
IMG_0029.mp4,394,13.146479813146481,29.97,239,2,traffic_signs,0.559546947479248,1846.2576904296875,689.9100952148438,1886.2108154296875,724.5321044921875,1866.2342529296875,707.2210998535156,39.953125,34.62200927734375
IMG_0029.mp4,395,13.179846513179847,29.97,238,1,traffic_lights,0.8504573106765747,1422.4627685546875,601.5656127929688,1464.456787109375,636.8821411132812,1443.4597778320312,619.223876953125,41.9940185546875,35.3165283203125
IMG_0029.mp4,396,13.213213213213214,29.97,238,1,traffic_lights,0.8231067657470703,1421.6270751953125,601.030029296875,1463.525634765625,636.3479614257812,1442.5763549804688,618.6889953613281,41.8985595703125,35.31793212890625
IMG_0029.mp4,396,13.213213213213214,29.97,239,2,traffic_signs,0.4240105152130127,1853.513916015625,688.7565307617188,1892.27001953125,722.1044311523438,1872.8919677734375,705.4304809570312,38.756103515625,33.347900390625
IMG_0029.mp4,405,13.513513513513514,29.97,254,2,traffic_signs,0.7694602608680725,1892.9100341796875,678.9171142578125,1920.0,715.196533203125,1906.4550170898438,697.0568237304688,27.0899658203125,36.2794189453125
IMG_0029.mp4,405,13.513513513513514,29.97,255,1,traffic_lights,0.4051443934440613,1425.2764892578125,592.1865234375,1466.14404296875,627.3441162109375,1445.7102661132812,609.7653198242188,40.8675537109375,35.1575927734375
IMG_0029.mp4,416,13.880547213880547,29.97,263,2,traffic_signs,0.6391399502754211,5.8242597579956055,614.8598022460938,35.49888610839844,633.98583984375,20.66157293319702,624.4228210449219,29.674626350402832,19.12603759765625
IMG_0029.mp4,489,16.316316316316318,29.97,266,2,traffic_signs,0.39533042907714844,1585.9974365234375,719.0450439453125,1623.8411865234375,743.9871215820312,1604.9193115234375,731.5160827636719,37.84375,24.94207763671875
IMG_0029.mp4,490,16.349683016349683,29.97,266,2,traffic_signs,0.3740067481994629,1586.2291259765625,718.7664794921875,1624.431884765625,744.1950073242188,1605.3305053710938,731.4807434082031,38.2027587890625,25.42852783203125
IMG_0029.mp4,521,17.384050717384053,29.97,267,2,traffic_signs,0.36027151346206665,214.14573669433594,828.02587890625,242.57858276367188,855.2189331054688,228.3621597290039,841.6224060058594,28.432846069335938,27.19305419921875
IMG_0029.mp4,522,17.41741741741742,29.97,267,2,traffic_signs,0.45893779397010803,207.64813232421875,827.6627807617188,238.83004760742188,854.5908813476562,223.2390899658203,841.1268310546875,31.181915283203125,26.9281005859375
IMG_0029.mp4,523,17.450784117450784,29.97,267,2,traffic_signs,0.3813866376876831,204.60487365722656,828.5961303710938,233.38575744628906,854.7063598632812,218.9953155517578,841.6512451171875,28.7808837890625,26.1102294921875
IMG_0029.mp4,524,17.484150817484153,29.97,267,2,traffic_signs,0.3598891496658325,202.1316680908203,829.1328125,227.2327880859375,854.9227294921875,214.6822280883789,842.0277709960938,25.101119995117188,25.7899169921875
IMG_0029.mp4,524,17.484150817484153,29.97,269,2,traffic_signs,0.32840919494628906,1142.8468017578125,772.4320068359375,1184.7874755859375,786.35986328125,1163.817138671875,779.3959350585938,41.940673828125,13.9278564453125
IMG_0029.mp4,530,17.684351017684353,29.97,270,2,traffic_signs,0.37697574496269226,1608.716552734375,712.0446166992188,1647.9029541015625,739.6051025390625,1628.3097534179688,725.8248596191406,39.1864013671875,27.56048583984375
IMG_0029.mp4,531,17.71771771771772,29.97,270,2,traffic_signs,0.46000248193740845,1609.489990234375,711.8603515625,1648.53125,739.0264892578125,1629.0106201171875,725.4434204101562,39.041259765625,27.1661376953125
IMG_0029.mp4,532,17.751084417751084,29.97,270,2,traffic_signs,0.37908056378364563,1610.118408203125,712.0263671875,1649.017333984375,738.1468505859375,1629.56787109375,725.0866088867188,38.89892578125,26.1204833984375
IMG_0029.mp4,533,17.784451117784453,29.97,270,2,traffic_signs,0.46431684494018555,1610.6494140625,712.3413696289062,1649.4815673828125,738.3179321289062,1630.0654907226562,725.3296508789062,38.8321533203125,25.9765625
IMG_0029.mp4,534,17.81781781781782,29.97,270,2,traffic_signs,0.5616503953933716,1610.876220703125,712.0875854492188,1649.6717529296875,737.9486083984375,1630.2739868164062,725.0180969238281,38.7955322265625,25.86102294921875
IMG_0029.mp4,551,18.385051718385053,29.97,271,2,traffic_signs,0.3064965307712555,1614.115234375,711.5381469726562,1652.8568115234375,736.715576171875,1633.4860229492188,724.1268615722656,38.7415771484375,25.17742919921875
IMG_0029.mp4,553,18.451785118451784,29.97,271,2,traffic_signs,0.28711920976638794,1614.35791015625,711.1937866210938,1652.5496826171875,736.882568359375,1633.4537963867188,724.0381774902344,38.1917724609375,25.68878173828125
IMG_0029.mp4,554,18.485151818485154,29.97,271,2,traffic_signs,0.3396124243736267,1614.385009765625,711.0614624023438,1652.66064453125,736.881103515625,1633.5228271484375,723.9712829589844,38.275634765625,25.81964111328125
IMG_0029.mp4,555,18.51851851851852,29.97,271,2,traffic_signs,0.4133090376853943,1614.3311767578125,710.9290771484375,1652.876220703125,737.1502075195312,1633.6036987304688,724.0396423339844,38.5450439453125,26.22113037109375
IMG_0029.mp4,556,18.551885218551885,29.97,271,2,traffic_signs,0.3231799304485321,1614.572509765625,710.9696655273438,1653.2003173828125,737.069091796875,1633.8864135742188,724.0193786621094,38.6278076171875,26.09942626953125
IMG_0029.mp4,557,18.585251918585254,29.97,271,2,traffic_signs,0.3926824927330017,1614.7149658203125,710.8448486328125,1653.3184814453125,737.25341796875,1634.0167236328125,724.0491333007812,38.603515625,26.4085693359375
IMG_0029.mp4,558,18.61861861861862,29.97,271,2,traffic_signs,0.32124942541122437,1614.7681884765625,710.7943725585938,1653.3228759765625,737.2672119140625,1634.0455322265625,724.0307922363281,38.5546875,26.47283935546875
IMG_0029.mp4,559,18.651985318651985,29.97,271,2,traffic_signs,0.3605020046234131,1614.7755126953125,710.7258911132812,1653.5631103515625,737.4961547851562,1634.1693115234375,724.1110229492188,38.78759765625,26.770263671875
IMG_0029.mp4,560,18.685352018685354,29.97,271,2,traffic_signs,0.35128965973854065,1614.880859375,710.7254028320312,1653.8233642578125,737.5722045898438,1634.3521118164062,724.1488037109375,38.9425048828125,26.8468017578125
IMG_0029.mp4,561,18.71871871871872,29.97,271,2,traffic_signs,0.4614083170890808,1614.9873046875,710.7446899414062,1653.829833984375,737.6997680664062,1634.4085693359375,724.2222290039062,38.842529296875,26.955078125
IMG_0029.mp4,562,18.752085418752085,29.97,271,2,traffic_signs,0.39418646693229675,1615.1513671875,710.7654418945312,1653.780029296875,737.7255859375,1634.4656982421875,724.2455139160156,38.628662109375,26.96014404296875
IMG_0029.mp4,563,18.785452118785454,29.97,271,2,traffic_signs,0.369051992893219,1615.4443359375,710.7970581054688,1653.7666015625,737.8690795898438,1634.60546875,724.3330688476562,38.322265625,27.072021484375
IMG_0029.mp4,564,18.81881881881882,29.97,271,2,traffic_signs,0.3451453745365143,1615.8331298828125,710.9418334960938,1654.0556640625,738.16259765625,1634.9443969726562,724.5522155761719,38.2225341796875,27.22076416015625
IMG_0029.mp4,565,18.852185518852185,29.97,271,2,traffic_signs,0.2822891175746918,1615.9061279296875,710.9922485351562,1653.9417724609375,738.3713989257812,1634.9239501953125,724.6818237304688,38.03564453125,27.379150390625
IMG_0029.mp4,566,18.885552218885554,29.97,271,2,traffic_signs,0.2512228488922119,1615.622802734375,711.1429443359375,1653.7943115234375,738.3168334960938,1634.7085571289062,724.7298889160156,38.1715087890625,27.17388916015625
IMG_0029.mp4,567,18.91891891891892,29.97,271,2,traffic_signs,0.2929893434047699,1615.578369140625,711.0498657226562,1654.0155029296875,738.4235229492188,1634.7969360351562,724.7366943359375,38.4371337890625,27.3736572265625
IMG_0029.mp4,634,21.15448782115449,29.97,274,2,traffic_signs,0.31783604621887207,1616.619873046875,712.0361938476562,1654.7396240234375,739.0858764648438,1635.6797485351562,725.56103515625,38.1197509765625,27.0496826171875
IMG_0029.mp4,635,21.187854521187855,29.97,274,2,traffic_signs,0.346943199634552,1616.3441162109375,711.904296875,1654.4122314453125,739.5536499023438,1635.378173828125,725.7289733886719,38.068115234375,27.64935302734375
IMG_0029.mp4,636,21.22122122122122,29.97,274,2,traffic_signs,0.48250648379325867,1616.0965576171875,711.9066162109375,1654.072265625,739.7901611328125,1635.0844116210938,725.848388671875,37.9757080078125,27.883544921875
IMG_0029.mp4,637,21.25458792125459,29.97,274,2,traffic_signs,0.35946470499038696,1616.2191162109375,711.7789306640625,1654.08642578125,740.0986938476562,1635.1527709960938,725.9388122558594,37.8673095703125,28.31976318359375
IMG_0029.mp4,638,21.287954621287955,29.97,274,2,traffic_signs,0.2952535152435303,1616.0770263671875,711.6982421875,1654.015625,739.9026489257812,1635.0463256835938,725.8004455566406,37.9385986328125,28.20440673828125
IMG_0029.mp4,639,21.32132132132132,29.97,274,2,traffic_signs,0.4749591052532196,1615.833740234375,711.5390014648438,1654.4093017578125,740.362060546875,1635.1215209960938,725.9505310058594,38.5755615234375,28.82305908203125
IMG_0029.mp4,645,21.52152152152152,29.97,274,2,traffic_signs,0.3599590063095093,1616.313232421875,712.0580444335938,1653.572998046875,739.4829711914062,1634.943115234375,725.7705078125,37.259765625,27.4249267578125
IMG_0029.mp4,646,21.55488822155489,29.97,274,2,traffic_signs,0.48209503293037415,1616.0731201171875,712.0203247070312,1653.027587890625,739.5792236328125,1634.5503540039062,725.7997741699219,36.9544677734375,27.55889892578125
IMG_0029.mp4,647,21.588254921588256,29.97,274,2,traffic_signs,0.3826150894165039,1615.827392578125,712.129150390625,1653.3719482421875,739.5599365234375,1634.5996704101562,725.8445434570312,37.5445556640625,27.4307861328125
IMG_0029.mp4,648,21.62162162162162,29.97,274,2,traffic_signs,0.3074941635131836,1615.62353515625,712.1161499023438,1653.3687744140625,739.2378540039062,1634.4961547851562,725.677001953125,37.7452392578125,27.1217041015625
IMG_0029.mp4,649,21.65498832165499,29.97,274,2,traffic_signs,0.29829132556915283,1615.7174072265625,712.05712890625,1653.448486328125,739.2965087890625,1634.5829467773438,725.6768188476562,37.7310791015625,27.2393798828125
IMG_0029.mp4,651,21.72172172172172,29.97,274,2,traffic_signs,0.39139923453330994,1616.4385986328125,712.1664428710938,1653.297119140625,740.1747436523438,1634.8678588867188,726.1705932617188,36.8585205078125,28.00830078125
IMG_0029.mp4,652,21.75508842175509,29.97,274,2,traffic_signs,0.28519684076309204,1616.80126953125,712.266845703125,1653.094970703125,740.3110961914062,1634.9481201171875,726.2889709472656,36.293701171875,28.04425048828125
IMG_0029.mp4,653,21.788455121788456,29.97,274,2,traffic_signs,0.2647618353366852,1616.8551025390625,712.3460083007812,1652.9149169921875,740.0861206054688,1634.885009765625,726.216064453125,36.059814453125,27.7401123046875
IMG_0029.mp4,654,21.82182182182182,29.97,274,2,traffic_signs,0.3028765320777893,1616.8515625,712.49951171875,1652.8946533203125,739.7636108398438,1634.8731079101562,726.1315612792969,36.0430908203125,27.26409912109375
IMG_0029.mp4,655,21.85518852185519,29.97,274,2,traffic_signs,0.3297642767429352,1617.0540771484375,712.5721435546875,1653.0433349609375,739.6259155273438,1635.0487060546875,726.0990295410156,35.9892578125,27.05377197265625
IMG_0029.mp4,656,21.888555221888556,29.97,274,2,traffic_signs,0.27026593685150146,1616.964111328125,712.7109375,1652.984375,739.3826904296875,1634.9742431640625,726.0468139648438,36.020263671875,26.6717529296875
IMG_0029.mp4,662,22.088755422088756,29.97,274,2,traffic_signs,0.2588702142238617,1616.528076171875,711.99462890625,1652.7177734375,739.7269287109375,1634.6229248046875,725.8607788085938,36.189697265625,27.7322998046875
IMG_0029.mp4,695,23.189856523189857,29.97,280,2,traffic_signs,0.8130030632019043,1526.0977783203125,823.7799072265625,1581.20166015625,851.2730102539062,1553.6497192382812,837.5264587402344,55.1038818359375,27.49310302734375
IMG_0029.mp4,696,23.223223223223226,29.97,280,2,traffic_signs,0.806515634059906,1509.8970947265625,823.532958984375,1561.87353515625,849.872314453125,1535.8853149414062,836.70263671875,51.9764404296875,26.33935546875
IMG_0029.mp4,697,23.25658992325659,29.97,280,2,traffic_signs,0.6545084118843079,1491.1409912109375,823.695556640625,1539.3116455078125,848.8206787109375,1515.226318359375,836.2581176757812,48.170654296875,25.1251220703125
IMG_0029.mp4,699,23.323323323323326,29.97,280,2,traffic_signs,0.7862594127655029,1461.9632568359375,823.6284790039062,1503.6827392578125,846.5086669921875,1482.822998046875,835.0685729980469,41.719482421875,22.88018798828125
IMG_0029.mp4,728,24.290957624290957,29.97,288,2,traffic_signs,0.31511634588241577,1616.1422119140625,711.9466552734375,1653.6053466796875,740.7574462890625,1634.873779296875,726.35205078125,37.463134765625,28.810791015625
IMG_0029.mp4,739,24.657991324657992,29.97,288,2,traffic_signs,0.25339949131011963,1615.8948974609375,711.8171997070312,1652.9259033203125,739.3012084960938,1634.410400390625,725.5592041015625,37.031005859375,27.4840087890625
IMG_0029.mp4,740,24.691358024691358,29.97,288,2,traffic_signs,0.26867178082466125,1615.9617919921875,711.714111328125,1653.0322265625,739.524169921875,1634.4970092773438,725.619140625,37.0704345703125,27.81005859375
IMG_0029.mp4,742,24.758091424758092,29.97,288,2,traffic_signs,0.29270654916763306,1615.643310546875,711.353515625,1652.592529296875,739.6177368164062,1634.117919921875,725.4856262207031,36.94921875,28.26422119140625
IMG_0029.mp4,743,24.791458124791458,29.97,288,2,traffic_signs,0.3419257402420044,1615.594970703125,711.4302978515625,1652.7109375,740.1993408203125,1634.1529541015625,725.8148193359375,37.115966796875,28.76904296875
IMG_0029.mp4,744,24.824824824824827,29.97,288,2,traffic_signs,0.4049238860607147,1615.3966064453125,711.049072265625,1652.74755859375,739.942626953125,1634.0720825195312,725.495849609375,37.3509521484375,28.8935546875
IMG_0029.mp4,745,24.858191524858192,29.97,288,2,traffic_signs,0.5633165240287781,1615.49462890625,711.2449951171875,1652.892333984375,740.18994140625,1634.1934814453125,725.7174682617188,37.397705078125,28.9449462890625
IMG_0029.mp4,746,24.891558224891558,29.97,288,2,traffic_signs,0.5873115062713623,1615.39794921875,710.9378051757812,1653.006103515625,739.7776489257812,1634.2020263671875,725.3577270507812,37.608154296875,28.83984375
IMG_0029.mp4,747,24.924924924924927,29.97,288,2,traffic_signs,0.5355005264282227,1615.7471923828125,711.183349609375,1653.283447265625,740.0665283203125,1634.5153198242188,725.6249389648438,37.5362548828125,28.8831787109375
IMG_0029.mp4,748,24.958291624958292,29.97,288,2,traffic_signs,0.5388050079345703,1615.45458984375,710.970703125,1653.2708740234375,739.8446044921875,1634.3627319335938,725.4076538085938,37.8162841796875,28.8739013671875
IMG_0029.mp4,749,24.991658324991658,29.97,288,2,traffic_signs,0.5196829438209534,1615.7144775390625,711.0845336914062,1653.4967041015625,739.8289794921875,1634.6055908203125,725.4567565917969,37.7822265625,28.74444580078125
IMG_0029.mp4,750,25.025025025025027,29.97,288,2,traffic_signs,0.575551450252533,1615.9898681640625,711.0973510742188,1653.2337646484375,739.804931640625,1634.61181640625,725.4511413574219,37.243896484375,28.70758056640625
IMG_0029.mp4,751,25.058391725058392,29.97,288,2,traffic_signs,0.4568330645561218,1615.7677001953125,711.1427612304688,1653.0269775390625,739.6103515625,1634.3973388671875,725.3765563964844,37.25927734375,28.46759033203125
IMG_0029.mp4,752,25.091758425091758,29.97,288,2,traffic_signs,0.35250124335289,1615.522705078125,711.02490234375,1652.796875,739.5621948242188,1634.1597900390625,725.2935485839844,37.274169921875,28.53729248046875
IMG_0029.mp4,753,25.125125125125127,29.97,288,2,traffic_signs,0.32973065972328186,1615.5814208984375,711.0957641601562,1652.919677734375,739.61669921875,1634.2505493164062,725.3562316894531,37.3382568359375,28.52093505859375
IMG_0029.mp4,765,25.525525525525527,29.97,288,2,traffic_signs,0.3014860451221466,1615.912841796875,711.6534423828125,1653.3934326171875,739.373291015625,1634.6531372070312,725.5133666992188,37.4805908203125,27.7198486328125
IMG_0029.mp4,766,25.558892225558893,29.97,288,2,traffic_signs,0.25412827730178833,1616.0211181640625,711.909423828125,1653.406982421875,739.2920532226562,1634.7140502929688,725.6007385253906,37.3858642578125,27.38262939453125
IMG_0029.mp4,771,25.725725725725727,29.97,288,2,traffic_signs,0.29334259033203125,1615.6463623046875,711.724853515625,1653.220703125,738.7442626953125,1634.4335327148438,725.2345581054688,37.5743408203125,27.0194091796875
IMG_0029.mp4,773,25.792459125792462,29.97,288,2,traffic_signs,0.303245484828949,1615.7786865234375,712.0653686523438,1652.7467041015625,739.5508422851562,1634.2626953125,725.80810546875,36.968017578125,27.4854736328125
IMG_0029.mp4,774,25.825825825825827,29.97,288,2,traffic_signs,0.2681275010108948,1615.9393310546875,712.173583984375,1652.5377197265625,739.6441040039062,1634.238525390625,725.9088439941406,36.598388671875,27.47052001953125
IMG_0029.mp4,776,25.892559225892562,29.97,288,2,traffic_signs,0.29707518219947815,1615.7718505859375,711.8370971679688,1652.641845703125,739.9188232421875,1634.2068481445312,725.8779602050781,36.8699951171875,28.08172607421875
IMG_0029.mp4,843,28.12812812812813,29.97,290,2,traffic_signs,0.32560619711875916,1616.6468505859375,712.1507568359375,1652.57470703125,739.762451171875,1634.6107788085938,725.9566040039062,35.9278564453125,27.6116943359375
IMG_0029.mp4,844,28.161494828161494,29.97,290,2,traffic_signs,0.27382540702819824,1616.6717529296875,712.244384765625,1652.5693359375,739.8031005859375,1634.6205444335938,726.0237426757812,35.8975830078125,27.5587158203125
IMG_0029.mp4,845,28.194861528194863,29.97,290,2,traffic_signs,0.2882779538631439,1616.647705078125,712.1722412109375,1652.5828857421875,739.7133178710938,1634.6152954101562,725.9427795410156,35.9351806640625,27.54107666015625
IMG_0029.mp4,846,28.22822822822823,29.97,290,2,traffic_signs,0.25856733322143555,1616.7283935546875,712.2145385742188,1652.6624755859375,739.7388916015625,1634.6954345703125,725.9767150878906,35.93408203125,27.52435302734375
IMG_0029.mp4,870,29.02902902902903,29.97,290,2,traffic_signs,0.2615017294883728,1616.17529296875,711.8554077148438,1653.1121826171875,739.7685546875,1634.6437377929688,725.8119812011719,36.9368896484375,27.91314697265625
IMG_0029.mp4,871,29.0623957290624,29.97,290,2,traffic_signs,0.25077030062675476,1616.272705078125,711.8592529296875,1653.4111328125,739.5988159179688,1634.8419189453125,725.7290344238281,37.138427734375,27.73956298828125
IMG_0029.mp4,875,29.195862529195864,29.97,290,2,traffic_signs,0.2888423800468445,1615.9864501953125,711.88134765625,1653.529052734375,739.6536254882812,1634.7577514648438,725.7674865722656,37.5426025390625,27.77227783203125
IMG_0029.mp4,887,29.596262929596264,29.97,290,2,traffic_signs,0.2536725699901581,1616.306396484375,711.7666015625,1653.8424072265625,739.3206787109375,1635.0744018554688,725.5436401367188,37.5360107421875,27.5540771484375
IMG_0029.mp4,893,29.796463129796464,29.97,290,2,traffic_signs,0.25105199217796326,1616.23046875,711.7875366210938,1653.2406005859375,739.4884033203125,1634.7355346679688,725.6379699707031,37.0101318359375,27.70086669921875
IMG_0029.mp4,971,32.399065732399066,29.97,292,2,traffic_signs,0.3682001233100891,1615.62890625,712.202880859375,1653.61328125,738.759521484375,1634.62109375,725.481201171875,37.984375,26.556640625
IMG_0029.mp4,972,32.432432432432435,29.97,292,2,traffic_signs,0.3219805657863617,1615.0687255859375,711.975341796875,1653.395263671875,738.5493774414062,1634.2319946289062,725.2623596191406,38.3265380859375,26.57403564453125
IMG_0029.mp4,973,32.4657991324658,29.97,292,2,traffic_signs,0.33034101128578186,1615.5264892578125,711.876220703125,1653.6727294921875,738.697998046875,1634.599609375,725.287109375,38.146240234375,26.82177734375
IMG_0029.mp4,984,32.832832832832835,29.97,292,2,traffic_signs,0.34936049580574036,1615.7191162109375,711.8870239257812,1654.3370361328125,740.357177734375,1635.028076171875,726.1221008300781,38.617919921875,28.47015380859375
IMG_0029.mp4,985,32.8661995328662,29.97,292,2,traffic_signs,0.3671243488788605,1615.7879638671875,711.8521118164062,1653.999755859375,740.8943481445312,1634.8938598632812,726.3732299804688,38.2117919921875,29.042236328125
IMG_0029.mp4,986,32.899566232899566,29.97,292,2,traffic_signs,0.28323596715927124,1615.7176513671875,711.9271240234375,1654.0196533203125,741.1472778320312,1634.86865234375,726.5372009277344,38.302001953125,29.22015380859375
IMG_0029.mp4,992,33.09976643309977,29.97,294,2,traffic_signs,0.7630079388618469,1601.5240478515625,830.5742797851562,1694.5906982421875,852.532470703125,1648.057373046875,841.5533752441406,93.066650390625,21.95819091796875
IMG_0029.mp4,993,33.133133133133136,29.97,294,2,traffic_signs,0.48770102858543396,1578.68359375,830.4223022460938,1664.9891357421875,851.20751953125,1621.8363647460938,840.8149108886719,86.3055419921875,20.78521728515625
IMG_0029.mp4,995,33.19986653319987,29.97,292,2,traffic_signs,0.3075169026851654,1615.1268310546875,712.0010375976562,1654.051513671875,740.4796142578125,1634.5891723632812,726.2403259277344,38.9246826171875,28.47857666015625
IMG_0029.mp4,1003,33.466800133466805,29.97,292,2,traffic_signs,0.2540470361709595,1615.994873046875,712.2802734375,1653.618896484375,739.7416381835938,1634.806884765625,726.0109558105469,37.6240234375,27.46136474609375
IMG_0029.mp4,1004,33.50016683350017,29.97,292,2,traffic_signs,0.3343859612941742,1615.90234375,712.1324462890625,1653.21044921875,739.5917358398438,1634.556396484375,725.8620910644531,37.30810546875,27.45928955078125
IMG_0029.mp4,1005,33.533533533533536,29.97,292,2,traffic_signs,0.38424932956695557,1615.8695068359375,712.0663452148438,1653.0147705078125,739.84130859375,1634.442138671875,725.9538269042969,37.145263671875,27.77496337890625
IMG_0029.mp4,1006,33.566900233566905,29.97,292,2,traffic_signs,0.4875199794769287,1615.641845703125,711.71240234375,1652.7691650390625,739.842041015625,1634.2055053710938,725.7772216796875,37.1273193359375,28.129638671875
IMG_0029.mp4,1007,33.60026693360027,29.97,292,2,traffic_signs,0.4307829439640045,1616.0426025390625,711.761962890625,1652.9140625,740.0103149414062,1634.4783325195312,725.8861389160156,36.8714599609375,28.24835205078125
IMG_0029.mp4,1008,33.633633633633636,29.97,292,2,traffic_signs,0.3743303716182709,1616.1671142578125,711.76220703125,1652.841552734375,740.0127563476562,1634.5043334960938,725.8874816894531,36.6744384765625,28.25054931640625
IMG_0029.mp4,1009,33.667000333667005,29.97,292,2,traffic_signs,0.29348039627075195,1616.3426513671875,711.8314819335938,1652.84912109375,739.8924560546875,1634.5958862304688,725.8619689941406,36.5064697265625,28.06097412109375
IMG_0029.mp4,1010,33.70036703370037,29.97,292,2,traffic_signs,0.28175604343414307,1616.2418212890625,711.8236083984375,1652.736328125,739.94921875,1634.4890747070312,725.8864135742188,36.4945068359375,28.1256103515625
IMG_0029.mp4,1011,33.733733733733736,29.97,292,2,traffic_signs,0.29529181122779846,1616.3065185546875,711.8642578125,1652.737548828125,739.9118041992188,1634.5220336914062,725.8880310058594,36.4310302734375,28.04754638671875
IMG_0029.mp4,1012,33.767100433767105,29.97,292,2,traffic_signs,0.2503821551799774,1616.3994140625,711.8997192382812,1652.7034912109375,739.787109375,1634.5514526367188,725.8434143066406,36.3040771484375,27.88739013671875
IMG_0029.mp4,1017,33.933933933933936,29.97,292,2,traffic_signs,0.27684515714645386,1617.2095947265625,711.9690551757812,1653.475830078125,739.6665649414062,1635.3427124023438,725.8178100585938,36.2662353515625,27.697509765625
IMG_0029.mp4,1018,33.967300633967305,29.97,292,2,traffic_signs,0.28001669049263,1617.2650146484375,712.0142822265625,1653.552734375,739.4349975585938,1635.4088745117188,725.7246398925781,36.2877197265625,27.42071533203125
IMG_0029.mp4,1021,34.067400734067405,29.97,292,2,traffic_signs,0.28131988644599915,1616.841552734375,711.8219604492188,1653.633544921875,740.6097412109375,1635.237548828125,726.2158508300781,36.7919921875,28.78778076171875
IMG_0029.mp4,1044,34.83483483483484,29.97,295,2,traffic_signs,0.30761489272117615,1141.198974609375,771.1722412109375,1180.5574951171875,784.6511840820312,1160.8782348632812,777.9117126464844,39.3585205078125,13.47894287109375
IMG_0029.mp4,1045,34.868201534868206,29.97,295,2,traffic_signs,0.33562809228897095,1141.204345703125,771.2117309570312,1180.6204833984375,784.6629638671875,1160.9124145507812,777.9373474121094,39.4161376953125,13.45123291015625
IMG_0029.mp4,1046,34.90156823490157,29.97,295,2,traffic_signs,0.4015406370162964,1141.1824951171875,771.0839233398438,1180.1923828125,784.5676879882812,1160.6874389648438,777.8258056640625,39.0098876953125,13.4837646484375
IMG_0029.mp4,1047,34.93493493493494,29.97,295,2,traffic_signs,0.4084632396697998,1141.1722412109375,771.0859375,1180.1590576171875,784.5867309570312,1160.6656494140625,777.8363342285156,38.98681640625,13.50079345703125
IMG_0029.mp4,1048,34.968301634968306,29.97,295,2,traffic_signs,0.4009301960468292,1141.2041015625,771.0830078125,1180.0079345703125,784.5394897460938,1160.6060180664062,777.8112487792969,38.8038330078125,13.45648193359375
IMG_0029.mp4,1049,35.00166833500167,29.97,295,2,traffic_signs,0.3693937361240387,1141.2452392578125,771.0679931640625,1180.1434326171875,784.5106811523438,1160.6943359375,777.7893371582031,38.898193359375,13.44268798828125
IMG_0029.mp4,1050,35.03503503503504,29.97,295,2,traffic_signs,0.3407685458660126,1141.1807861328125,770.9566040039062,1179.90771484375,784.3826904296875,1160.5442504882812,777.6696472167969,38.7269287109375,13.42608642578125
IMG_0029.mp4,1051,35.068401735068406,29.97,295,2,traffic_signs,0.3152298629283905,1141.202880859375,771.05419921875,1179.750732421875,784.4779052734375,1160.476806640625,777.7660522460938,38.5478515625,13.4237060546875
IMG_0029.mp4,1053,35.13513513513514,29.97,295,2,traffic_signs,0.2943413257598877,1141.1729736328125,771.0574340820312,1179.5823974609375,784.4988403320312,1160.377685546875,777.7781372070312,38.409423828125,13.44140625
IMG_0029.mp4,1083,36.13613613613614,29.97,300,2,traffic_signs,0.3102191984653473,1614.85986328125,711.5533447265625,1652.602783203125,739.4691162109375,1633.7313232421875,725.51123046875,37.742919921875,27.915771484375
IMG_0029.mp4,1084,36.16950283616951,29.97,300,2,traffic_signs,0.3206218481063843,1615.1737060546875,711.6281127929688,1652.7366943359375,739.7373046875,1633.9552001953125,725.6827087402344,37.56298828125,28.10919189453125
IMG_0029.mp4,1085,36.20286953620287,29.97,300,2,traffic_signs,0.31136298179626465,1615.36083984375,711.46923828125,1652.76416015625,739.5875854492188,1634.0625,725.5284118652344,37.4033203125,28.11834716796875
IMG_0029.mp4,1290,43.04304304304304,29.97,307,2,traffic_signs,0.4347333610057831,1616.3992919921875,712.181884765625,1654.3240966796875,739.3378295898438,1635.3616943359375,725.7598571777344,37.9248046875,27.15594482421875
IMG_0029.mp4,1291,43.07640974307641,29.97,307,2,traffic_signs,0.3624638319015503,1616.634765625,712.1851806640625,1654.597900390625,739.2548828125,1635.6163330078125,725.7200317382812,37.963134765625,27.0697021484375
IMG_0029.mp4,1292,43.10977644310978,29.97,307,2,traffic_signs,0.548927366733551,1616.564208984375,712.0908813476562,1654.7568359375,739.8945922851562,1635.6605224609375,725.9927368164062,38.192626953125,27.8037109375
IMG_0029.mp4,1293,43.14314314314314,29.97,307,2,traffic_signs,0.3962646722793579,1616.70654296875,712.3030395507812,1654.4906005859375,739.4177856445312,1635.5985717773438,725.8604125976562,37.7840576171875,27.11474609375
IMG_0029.mp4,1294,43.17650984317651,29.97,307,2,traffic_signs,0.5094345211982727,1616.6341552734375,712.303466796875,1654.3555908203125,739.318359375,1635.494873046875,725.8109130859375,37.721435546875,27.014892578125
IMG_0029.mp4,1295,43.20987654320988,29.97,307,2,traffic_signs,0.44152650237083435,1616.8199462890625,712.4227294921875,1654.2235107421875,739.434326171875,1635.521728515625,725.9285278320312,37.403564453125,27.0115966796875
IMG_0029.mp4,1301,43.41007674341008,29.97,307,2,traffic_signs,0.34707826375961304,1615.9403076171875,712.0382080078125,1653.3048095703125,739.4168701171875,1634.62255859375,725.7275390625,37.364501953125,27.378662109375
IMG_0029.mp4,1302,43.44344344344344,29.97,307,2,traffic_signs,0.2671858072280884,1616.049560546875,711.9703369140625,1653.6337890625,739.3177490234375,1634.8416748046875,725.64404296875,37.584228515625,27.347412109375
IMG_0029.mp4,1303,43.47681014347681,29.97,307,2,traffic_signs,0.3472617566585541,1616.2020263671875,712.0994262695312,1653.881103515625,739.6972045898438,1635.0415649414062,725.8983154296875,37.6790771484375,27.5977783203125
IMG_0029.mp4,1304,43.51017684351018,29.97,307,2,traffic_signs,0.3531191349029541,1615.981201171875,711.8519897460938,1653.5904541015625,739.6552124023438,1634.7858276367188,725.7536010742188,37.6092529296875,27.80322265625
IMG_0029.mp4,1401,46.74674674674675,29.97,312,2,traffic_signs,0.3643413484096527,1616.0462646484375,712.4267578125,1653.9171142578125,739.79736328125,1634.981689453125,726.112060546875,37.870849609375,27.37060546875
IMG_0029.mp4,1402,46.78011344678011,29.97,312,2,traffic_signs,0.35561227798461914,1615.7037353515625,712.1754150390625,1653.5972900390625,739.7026977539062,1634.6505126953125,725.9390563964844,37.8935546875,27.52728271484375
IMG_0029.mp4,1403,46.81348014681348,29.97,312,2,traffic_signs,0.32726147770881653,1616.4365234375,712.4451904296875,1654.3209228515625,739.446044921875,1635.3787231445312,725.9456176757812,37.8843994140625,27.0008544921875
IMG_0029.mp4,1404,46.84684684684685,29.97,312,2,traffic_signs,0.33661508560180664,1616.3758544921875,712.2987670898438,1653.8231201171875,739.3087158203125,1635.0994873046875,725.8037414550781,37.447265625,27.00994873046875
IMG_0029.mp4,1405,46.88021354688021,29.97,312,2,traffic_signs,0.2926357686519623,1616.227783203125,712.231201171875,1653.91552734375,739.8793334960938,1635.0716552734375,726.0552673339844,37.687744140625,27.64813232421875
IMG_0029.mp4,1406,46.91358024691358,29.97,312,2,traffic_signs,0.3448111414909363,1616.298095703125,712.2996826171875,1653.8367919921875,739.9343872070312,1635.0674438476562,726.1170349121094,37.5386962890625,27.63470458984375
IMG_0029.mp4,1407,46.94694694694695,29.97,312,2,traffic_signs,0.31395819783210754,1616.330078125,712.299560546875,1653.8431396484375,739.910400390625,1635.0866088867188,726.10498046875,37.5130615234375,27.61083984375
IMG_0029.mp4,1408,46.98031364698031,29.97,312,2,traffic_signs,0.3171250820159912,1616.5965576171875,712.3146362304688,1654.2266845703125,739.9799194335938,1635.41162109375,726.1472778320312,37.630126953125,27.665283203125
IMG_0029.mp4,1412,47.11378044711378,29.97,312,2,traffic_signs,0.2560073733329773,1616.7158203125,712.4169921875,1654.092529296875,740.0105590820312,1635.4041748046875,726.2137756347656,37.376708984375,27.59356689453125
IMG_0029.mp4,1413,47.14714714714715,29.97,312,2,traffic_signs,0.2843204736709595,1616.9039306640625,712.3651733398438,1654.374267578125,739.9945068359375,1635.6390991210938,726.1798400878906,37.4703369140625,27.62933349609375
IMG_0029.mp4,1414,47.180513847180514,29.97,312,2,traffic_signs,0.3219354748725891,1616.7637939453125,712.32275390625,1654.03271484375,739.9423828125,1635.3982543945312,726.132568359375,37.2689208984375,27.61962890625
IMG_0029.mp4,1415,47.21388054721388,29.97,312,2,traffic_signs,0.3466697037220001,1616.7733154296875,712.1480102539062,1654.209228515625,739.9999389648438,1635.4912719726562,726.073974609375,37.4359130859375,27.8519287109375
IMG_0029.mp4,1416,47.24724724724725,29.97,312,2,traffic_signs,0.3284798860549927,1616.7349853515625,712.2489013671875,1654.3138427734375,740.0350952148438,1635.5244140625,726.1419982910156,37.578857421875,27.78619384765625
IMG_0029.mp4,1417,47.280613947280614,29.97,312,2,traffic_signs,0.3265851140022278,1616.81298828125,712.1881103515625,1654.3367919921875,739.96142578125,1635.5748901367188,726.0747680664062,37.5238037109375,27.7733154296875
IMG_0029.mp4,1418,47.31398064731398,29.97,312,2,traffic_signs,0.27357667684555054,1616.860107421875,712.1730346679688,1654.298583984375,739.8922119140625,1635.579345703125,726.0326232910156,37.4384765625,27.71917724609375
IMG_0029.mp4,1421,47.41408074741408,29.97,312,2,traffic_signs,0.2591792047023773,1616.5810546875,712.1107177734375,1653.9991455078125,740.0343017578125,1635.2901000976562,726.072509765625,37.4180908203125,27.923583984375
IMG_0029.mp4,1423,47.480814147480814,29.97,312,2,traffic_signs,0.26597902178764343,1616.5169677734375,711.93603515625,1653.5526123046875,740.0678100585938,1635.0347900390625,726.0019226074219,37.03564453125,28.13177490234375
IMG_0029.mp4,1425,47.54754754754755,29.97,312,2,traffic_signs,0.3006781041622162,1616.4866943359375,711.9751586914062,1653.5435791015625,739.7675170898438,1635.01513671875,725.871337890625,37.056884765625,27.7923583984375
IMG_0029.mp4,1432,47.781114447781114,29.97,312,2,traffic_signs,0.2564418315887451,1616.63525390625,712.2723388671875,1653.35302734375,739.9261474609375,1634.994140625,726.0992431640625,36.7177734375,27.65380859375
IMG_0029.mp4,1433,47.81448114781448,29.97,312,2,traffic_signs,0.2522794306278229,1616.602294921875,712.3184204101562,1653.345458984375,739.7426147460938,1634.973876953125,726.030517578125,36.7431640625,27.4241943359375
IMG_0029.mp4,1450,48.381715048381714,29.97,312,2,traffic_signs,0.27661189436912537,1615.8653564453125,711.9772338867188,1652.97900390625,740.3226928710938,1634.4221801757812,726.1499633789062,37.1136474609375,28.345458984375
IMG_0029.mp4,1451,48.41508174841508,29.97,312,2,traffic_signs,0.3118777573108673,1615.7188720703125,712.0571899414062,1653.0323486328125,740.5606689453125,1634.3756103515625,726.3089294433594,37.3134765625,28.50347900390625
IMG_0029.mp4,1461,48.74874874874875,29.97,312,2,traffic_signs,0.2972104251384735,1616.175048828125,712.0562744140625,1653.7806396484375,739.6893310546875,1634.9778442382812,725.872802734375,37.6055908203125,27.633056640625
IMG_0029.mp4,1462,48.782115448782115,29.97,312,2,traffic_signs,0.30056652426719666,1615.8739013671875,711.8395385742188,1653.646728515625,739.937255859375,1634.7603149414062,725.8883972167969,37.7728271484375,28.09771728515625
IMG_0029.mp4,1463,48.815482148815484,29.97,312,2,traffic_signs,0.27171266078948975,1615.8616943359375,711.982177734375,1653.606689453125,739.9094848632812,1634.7341918945312,725.9458312988281,37.7449951171875,27.92730712890625
IMG_0029.mp4,1464,48.84884884884885,29.97,312,2,traffic_signs,0.28275352716445923,1615.624755859375,712.083984375,1653.258056640625,739.8391723632812,1634.44140625,725.9615783691406,37.63330078125,27.75518798828125
IMG_0029.mp4,2010,67.06706706706707,29.97,317,2,traffic_signs,0.31281837821006775,1616.5784912109375,712.0072631835938,1653.8846435546875,739.8329467773438,1635.2315673828125,725.9201049804688,37.30615234375,27.82568359375
IMG_0029.mp4,2011,67.10043376710044,29.97,317,2,traffic_signs,0.2693133056163788,1616.88623046875,712.1131591796875,1654.0252685546875,739.9596557617188,1635.4557495117188,726.0364074707031,37.1390380859375,27.84649658203125
IMG_0029.mp4,2012,67.13380046713381,29.97,317,2,traffic_signs,0.27482932806015015,1616.83056640625,712.058837890625,1653.9791259765625,739.7966918945312,1635.4048461914062,725.9277648925781,37.1485595703125,27.73785400390625
IMG_0029.mp4,2215,73.90724057390725,29.97,328,2,traffic_signs,0.43169599771499634,1624.4200439453125,712.9974975585938,1663.183837890625,742.177734375,1643.8019409179688,727.5876159667969,38.7637939453125,29.18023681640625
IMG_0029.mp4,2216,73.94060727394061,29.97,328,2,traffic_signs,0.5111690163612366,1625.3370361328125,713.1520385742188,1664.646728515625,742.494384765625,1644.9918823242188,727.8232116699219,39.3096923828125,29.34234619140625
IMG_0029.mp4,2217,73.97397397397398,29.97,328,2,traffic_signs,0.47519221901893616,1625.180419921875,712.9215698242188,1664.478271484375,741.9189453125,1644.829345703125,727.4202575683594,39.2978515625,28.99737548828125
IMG_0029.mp4,2218,74.00734067400734,29.97,328,2,traffic_signs,0.5424228310585022,1625.51953125,712.7533569335938,1664.608642578125,741.9356079101562,1645.0640869140625,727.344482421875,39.089111328125,29.1822509765625
IMG_0029.mp4,2219,74.04070737404071,29.97,328,2,traffic_signs,0.4994490146636963,1626.208984375,712.772705078125,1665.0692138671875,742.1390380859375,1645.6390991210938,727.4558715820312,38.8602294921875,29.3663330078125
IMG_0029.mp4,2220,74.07407407407408,29.97,328,2,traffic_signs,0.5549498200416565,1626.2774658203125,712.551025390625,1665.2984619140625,742.025390625,1645.7879638671875,727.2882080078125,39.02099609375,29.474365234375
IMG_0029.mp4,2221,74.10744077410745,29.97,328,2,traffic_signs,0.5699185729026794,1626.7432861328125,712.6474609375,1666.13427734375,741.9193115234375,1646.4387817382812,727.2833862304688,39.3909912109375,29.2718505859375
IMG_0029.mp4,2222,74.14080747414081,29.97,328,2,traffic_signs,0.597550094127655,1630.7689208984375,712.9595947265625,1670.5496826171875,741.9401245117188,1650.6593017578125,727.4498596191406,39.78076171875,28.98052978515625
IMG_0029.mp4,2223,74.17417417417418,29.97,328,2,traffic_signs,0.7301181554794312,1629.8035888671875,712.3331909179688,1669.6875,741.1079711914062,1649.7455444335938,726.7205810546875,39.8839111328125,28.7747802734375
IMG_0029.mp4,2224,74.20754087420754,29.97,328,2,traffic_signs,0.6745893955230713,1628.8193359375,712.4959106445312,1669.0653076171875,740.8145141601562,1648.9423217773438,726.6552124023438,40.2459716796875,28.318603515625
IMG_0029.mp4,2225,74.24090757424091,29.97,328,2,traffic_signs,0.6892099976539612,1629.17138671875,712.2971801757812,1669.5052490234375,740.4713745117188,1649.3383178710938,726.38427734375,40.3338623046875,28.1741943359375
IMG_0029.mp4,2226,74.27427427427428,29.97,328,2,traffic_signs,0.6828480362892151,1629.8701171875,712.1195068359375,1670.5020751953125,740.6015625,1650.1860961914062,726.3605346679688,40.6319580078125,28.4820556640625
IMG_0029.mp4,2227,74.30764097430765,29.97,328,2,traffic_signs,0.6497422456741333,1630.5843505859375,711.864990234375,1671.3016357421875,740.491455078125,1650.9429931640625,726.17822265625,40.71728515625,28.62646484375
IMG_0029.mp4,2228,74.34100767434101,29.97,328,2,traffic_signs,0.6274586915969849,1631.8546142578125,711.6814575195312,1672.715087890625,740.1690063476562,1652.2848510742188,725.9252319335938,40.8604736328125,28.487548828125
IMG_0029.mp4,2229,74.37437437437438,29.97,328,2,traffic_signs,0.6189576983451843,1631.9302978515625,711.8558959960938,1673.0595703125,740.3929443359375,1652.4949340820312,726.1244201660156,41.1292724609375,28.53704833984375
IMG_0029.mp4,2230,74.40774107440774,29.97,328,2,traffic_signs,0.3451123833656311,1632.9757080078125,711.9720458984375,1674.240478515625,740.5511474609375,1653.6080932617188,726.2615966796875,41.2647705078125,28.5791015625
IMG_0029.mp4,2231,74.44110777444111,29.97,328,2,traffic_signs,0.6063708066940308,1640.0869140625,711.0509643554688,1680.774169921875,740.4423217773438,1660.4305419921875,725.7466430664062,40.687255859375,29.391357421875
IMG_0029.mp4,2232,74.47447447447448,29.97,328,2,traffic_signs,0.7119354009628296,1636.6636962890625,711.1409912109375,1676.45556640625,740.72705078125,1656.5596313476562,725.9340209960938,39.7918701171875,29.5860595703125
IMG_0029.mp4,2233,74.50784117450785,29.97,328,2,traffic_signs,0.6256545782089233,1636.884033203125,710.5196533203125,1676.0543212890625,740.6163330078125,1656.4691772460938,725.5679931640625,39.1702880859375,30.0966796875
IMG_0029.mp4,2234,74.54120787454121,29.97,328,2,traffic_signs,0.501995325088501,1638.016357421875,710.4017944335938,1676.7474365234375,740.3434448242188,1657.3818969726562,725.3726196289062,38.7310791015625,29.941650390625
IMG_0029.mp4,2236,74.60794127460794,29.97,329,2,traffic_signs,0.46421384811401367,1640.233154296875,709.9716796875,1681.306884765625,739.4523315429688,1660.77001953125,724.7120056152344,41.07373046875,29.48065185546875
IMG_0029.mp4,2237,74.64130797464131,29.97,329,2,traffic_signs,0.4903738796710968,1641.646728515625,709.3775024414062,1683.2669677734375,739.08935546875,1662.4568481445312,724.2334289550781,41.6202392578125,29.71185302734375
IMG_0029.mp4,2238,74.67467467467468,29.97,329,2,traffic_signs,0.4464068114757538,1643.0328369140625,708.9216918945312,1684.2874755859375,738.8355102539062,1663.66015625,723.8786010742188,41.254638671875,29.913818359375
IMG_0029.mp4,2255,75.24190857524191,29.97,335,2,traffic_signs,0.4427292048931122,1675.004638671875,700.4155883789062,1717.40380859375,732.1746215820312,1696.2042236328125,716.2951049804688,42.399169921875,31.759033203125
IMG_0029.mp4,2256,75.27527527527528,29.97,335,2,traffic_signs,0.3631717562675476,1677.196044921875,700.4071044921875,1719.3726806640625,731.9955444335938,1698.2843627929688,716.2013244628906,42.1766357421875,31.58843994140625
IMG_0029.mp4,2257,75.30864197530865,29.97,335,2,traffic_signs,0.31845709681510925,1680.054931640625,699.17626953125,1722.3988037109375,731.9021606445312,1701.2268676757812,715.5392150878906,42.3438720703125,32.72589111328125
IMG_0029.mp4,2258,75.34200867534202,29.97,335,2,traffic_signs,0.4339386224746704,1681.896484375,698.01708984375,1724.228759765625,731.0931396484375,1703.0626220703125,714.5551147460938,42.332275390625,33.0760498046875
IMG_0029.mp4,2259,75.37537537537538,29.97,335,2,traffic_signs,0.47698622941970825,1684.07275390625,696.4470825195312,1726.619873046875,730.5712280273438,1705.3463134765625,713.5091552734375,42.547119140625,34.1241455078125
IMG_0029.mp4,2260,75.40874207540874,29.97,335,2,traffic_signs,0.3641623556613922,1686.6488037109375,695.9020385742188,1729.9970703125,729.8407592773438,1708.3229370117188,712.8713989257812,43.3482666015625,33.938720703125
IMG_0029.mp4,2261,75.44210877544211,29.97,336,1,traffic_lights,0.48370274901390076,920.9612426757812,692.7241821289062,935.1521606445312,710.0731201171875,928.0567016601562,701.3986511230469,14.19091796875,17.34893798828125
IMG_0029.mp4,2262,75.47547547547548,29.97,336,1,traffic_lights,0.713849663734436,919.9435424804688,691.4385986328125,934.478271484375,709.4844970703125,927.2109069824219,700.4615478515625,14.53472900390625,18.0458984375
IMG_0029.mp4,2262,75.47547547547548,29.97,335,2,traffic_signs,0.35881882905960083,1692.2972412109375,694.255126953125,1737.2666015625,727.2601928710938,1714.7819213867188,710.7576599121094,44.9693603515625,33.00506591796875
IMG_0029.mp4,2263,75.50884217550885,29.97,336,1,traffic_lights,0.6884223818778992,919.4171752929688,690.4320068359375,934.0452270507812,709.0496215820312,926.731201171875,699.7408142089844,14.6280517578125,18.61761474609375
IMG_0029.mp4,2263,75.50884217550885,29.97,335,2,traffic_signs,0.4551541805267334,1694.2542724609375,693.5111083984375,1740.4622802734375,726.8511962890625,1717.3582763671875,710.18115234375,46.2080078125,33.340087890625
IMG_0029.mp4,2264,75.54220887554222,29.97,336,1,traffic_lights,0.8322799801826477,919.1785888671875,689.35009765625,933.7089233398438,708.899658203125,926.4437561035156,699.1248779296875,14.53033447265625,19.549560546875
IMG_0029.mp4,2264,75.54220887554222,29.97,335,2,traffic_signs,0.6360282301902771,1697.1827392578125,692.3533325195312,1744.1622314453125,725.965576171875,1720.6724853515625,709.1594543457031,46.9794921875,33.61224365234375
IMG_0029.mp4,2265,75.57557557557558,29.97,336,1,traffic_lights,0.7992907762527466,919.0219116210938,688.9645385742188,933.3692626953125,708.4957275390625,926.1955871582031,698.7301330566406,14.34735107421875,19.53118896484375
IMG_0029.mp4,2265,75.57557557557558,29.97,335,2,traffic_signs,0.6439177393913269,1700.110595703125,691.5654907226562,1747.7393798828125,725.7366333007812,1723.9249877929688,708.6510620117188,47.6287841796875,34.171142578125
IMG_0029.mp4,2266,75.60894227560894,29.97,336,1,traffic_lights,0.7354737520217896,918.4188842773438,688.62158203125,932.7437133789062,707.8108520507812,925.581298828125,698.2162170410156,14.3248291015625,19.18927001953125
IMG_0029.mp4,2266,75.60894227560894,29.97,335,2,traffic_signs,0.6075142025947571,1703.9111328125,691.2763671875,1750.751220703125,724.7351684570312,1727.3311767578125,708.0057678222656,46.840087890625,33.45880126953125
IMG_0029.mp4,2267,75.64230897564231,29.97,336,1,traffic_lights,0.6005373001098633,917.9654541015625,688.6997680664062,932.3167114257812,707.1364135742188,925.1410827636719,697.9180908203125,14.35125732421875,18.4366455078125
IMG_0029.mp4,2267,75.64230897564231,29.97,335,2,traffic_signs,0.517240583896637,1707.7183837890625,689.6670532226562,1754.856201171875,724.6708374023438,1731.2872924804688,707.1689453125,47.1378173828125,35.0037841796875
IMG_0029.mp4,2268,75.67567567567568,29.97,336,1,traffic_lights,0.4110030233860016,917.7295532226562,688.6185302734375,931.8259887695312,706.716796875,924.7777709960938,697.6676635742188,14.096435546875,18.0982666015625
IMG_0029.mp4,2268,75.67567567567568,29.97,335,2,traffic_signs,0.4699152708053589,1711.3529052734375,688.9065551757812,1758.9302978515625,724.367919921875,1735.1416015625,706.6372375488281,47.577392578125,35.46136474609375
IMG_0029.mp4,2269,75.70904237570905,29.97,336,1,traffic_lights,0.4374770224094391,917.2200317382812,689.0795288085938,931.1593627929688,706.5669555664062,924.189697265625,697.8232421875,13.9393310546875,17.4874267578125
IMG_0029.mp4,2269,75.70904237570905,29.97,335,2,traffic_signs,0.5977258086204529,1715.0499267578125,688.6937866210938,1763.175048828125,723.6950073242188,1739.1124877929688,706.1943969726562,48.1251220703125,35.001220703125
IMG_0029.mp4,2270,75.74240907574242,29.97,336,1,traffic_lights,0.7564023733139038,916.4193725585938,689.5109252929688,930.1773681640625,706.3715209960938,923.2983703613281,697.9412231445312,13.75799560546875,16.860595703125
IMG_0029.mp4,2270,75.74240907574242,29.97,335,2,traffic_signs,0.5616713166236877,1718.8287353515625,687.781005859375,1766.7047119140625,722.686279296875,1742.7667236328125,705.233642578125,47.8759765625,34.9052734375
IMG_0029.mp4,2271,75.77577577577578,29.97,336,1,traffic_lights,0.6959801316261292,915.3433837890625,689.1708984375,929.4722290039062,705.8753051757812,922.4078063964844,697.5231018066406,14.12884521484375,16.70440673828125
IMG_0029.mp4,2271,75.77577577577578,29.97,335,2,traffic_signs,0.36718007922172546,1722.7540283203125,686.8278198242188,1771.87890625,721.8360595703125,1747.3164672851562,704.3319396972656,49.1248779296875,35.00823974609375
IMG_0029.mp4,2272,75.80914247580914,29.97,336,1,traffic_lights,0.6542892456054688,914.42919921875,688.4848022460938,928.9407958984375,705.4276123046875,921.6849975585938,696.9562072753906,14.5115966796875,16.94281005859375
IMG_0029.mp4,2272,75.80914247580914,29.97,335,2,traffic_signs,0.2561071217060089,1726.332763671875,686.19189453125,1775.59423828125,721.4984130859375,1750.9635009765625,703.8451538085938,49.261474609375,35.3065185546875
IMG_0029.mp4,2273,75.84250917584251,29.97,336,1,traffic_lights,0.5149357914924622,913.6613159179688,687.9125366210938,928.1759643554688,704.7469482421875,920.9186401367188,696.3297424316406,14.5146484375,16.83441162109375
IMG_0029.mp4,2273,75.84250917584251,29.97,335,2,traffic_signs,0.5308502912521362,1730.0625,683.9666137695312,1779.6466064453125,721.0093994140625,1754.8545532226562,702.4880065917969,49.5841064453125,37.04278564453125
IMG_0029.mp4,2274,75.87587587587588,29.97,336,1,traffic_lights,0.63115394115448,912.3829956054688,686.2976684570312,927.6255493164062,704.0464477539062,920.0042724609375,695.1720581054688,15.2425537109375,17.748779296875
IMG_0029.mp4,2274,75.87587587587588,29.97,335,2,traffic_signs,0.3304435610771179,1733.7552490234375,682.1051635742188,1784.3154296875,719.9342651367188,1759.0353393554688,701.0197143554688,50.5601806640625,37.8291015625
IMG_0029.mp4,2275,75.90924257590925,29.97,336,1,traffic_lights,0.7669047117233276,912.3268432617188,685.2678833007812,927.471435546875,703.5579223632812,919.8991394042969,694.4129028320312,15.14459228515625,18.2900390625
IMG_0029.mp4,2275,75.90924257590925,29.97,335,2,traffic_signs,0.7071627974510193,1737.95361328125,681.3193969726562,1788.841552734375,719.6875610351562,1763.3975830078125,700.5034790039062,50.887939453125,38.3681640625
IMG_0029.mp4,2276,75.94260927594262,29.97,336,1,traffic_lights,0.799822211265564,912.4725341796875,684.72265625,927.4918823242188,703.185302734375,919.9822082519531,693.9539794921875,15.01934814453125,18.462646484375
IMG_0029.mp4,2276,75.94260927594262,29.97,335,2,traffic_signs,0.6160885095596313,1742.3310546875,680.4525146484375,1793.8094482421875,718.77880859375,1768.0702514648438,699.6156616210938,51.4783935546875,38.3262939453125
IMG_0029.mp4,2277,75.97597597597598,29.97,336,1,traffic_lights,0.7661417722702026,912.7506103515625,684.2203979492188,927.1671752929688,703.0206298828125,919.9588928222656,693.6205139160156,14.41656494140625,18.80023193359375
IMG_0029.mp4,2277,75.97597597597598,29.97,335,2,traffic_signs,0.6063293814659119,1746.89794921875,679.6841430664062,1798.611328125,717.6173095703125,1772.754638671875,698.6507263183594,51.71337890625,37.93316650390625
IMG_0029.mp4,2278,76.00934267600934,29.97,336,1,traffic_lights,0.7985240817070007,913.0191040039062,683.3602294921875,926.9037475585938,702.7098999023438,919.96142578125,693.0350646972656,13.8846435546875,19.34967041015625
IMG_0029.mp4,2278,76.00934267600934,29.97,335,2,traffic_signs,0.6629586219787598,1751.1544189453125,678.743408203125,1803.5723876953125,717.0809936523438,1777.3634033203125,697.9122009277344,52.41796875,38.33758544921875
IMG_0029.mp4,2279,76.04270937604271,29.97,336,1,traffic_lights,0.8320493698120117,912.1881103515625,682.3552856445312,926.5191040039062,702.1279907226562,919.3536071777344,692.2416381835938,14.33099365234375,19.772705078125
IMG_0029.mp4,2279,76.04270937604271,29.97,335,2,traffic_signs,0.5542763471603394,1756.511962890625,677.8356323242188,1809.4493408203125,715.92138671875,1782.9806518554688,696.8785095214844,52.9373779296875,38.08575439453125
IMG_0029.mp4,2280,76.07607607607608,29.97,336,1,traffic_lights,0.8579246401786804,911.6017456054688,681.5197143554688,926.2904052734375,701.2819213867188,918.9460754394531,691.4008178710938,14.68865966796875,19.76220703125
IMG_0029.mp4,2281,76.10944277610945,29.97,336,1,traffic_lights,0.8627476692199707,911.6019897460938,680.783935546875,926.4628295898438,700.6210327148438,919.0324096679688,690.7024841308594,14.86083984375,19.83709716796875
IMG_0029.mp4,2281,76.10944277610945,29.97,335,2,traffic_signs,0.6916454434394836,1767.5743408203125,675.8525390625,1821.4776611328125,714.09375,1794.5260009765625,694.97314453125,53.9033203125,38.2412109375
IMG_0029.mp4,2282,76.14280947614282,29.97,336,1,traffic_lights,0.8700946569442749,911.525146484375,680.491943359375,926.3580932617188,700.1206665039062,918.9416198730469,690.3063049316406,14.83294677734375,19.62872314453125
IMG_0029.mp4,2282,76.14280947614282,29.97,335,2,traffic_signs,0.4828279912471771,1773.4375,674.9288940429688,1826.7607421875,712.1908569335938,1800.09912109375,693.5598754882812,53.3232421875,37.261962890625
IMG_0029.mp4,2283,76.17617617617618,29.97,336,1,traffic_lights,0.8285943269729614,911.8182983398438,680.6189575195312,926.2540283203125,699.857421875,919.0361633300781,690.2381896972656,14.43572998046875,19.23846435546875
IMG_0029.mp4,2284,76.20954287620954,29.97,336,1,traffic_lights,0.8372247219085693,911.6234130859375,680.2390747070312,925.9127197265625,699.242919921875,918.76806640625,689.7409973144531,14.289306640625,19.00384521484375
IMG_0029.mp4,2284,76.20954287620954,29.97,335,2,traffic_signs,0.29357069730758667,1784.4659423828125,671.4945068359375,1838.1756591796875,710.1995239257812,1811.32080078125,690.8470153808594,53.709716796875,38.70501708984375
IMG_0029.mp4,2285,76.24290957624291,29.97,336,1,traffic_lights,0.8404766917228699,911.7391967773438,679.9401245117188,925.6907958984375,698.8746948242188,918.7149963378906,689.4074096679688,13.95159912109375,18.9345703125
IMG_0029.mp4,2285,76.24290957624291,29.97,335,2,traffic_signs,0.35687434673309326,1790.7015380859375,669.58984375,1845.5623779296875,708.9484252929688,1818.1319580078125,689.2691345214844,54.86083984375,39.35858154296875
IMG_0029.mp4,2286,76.27627627627628,29.97,336,1,traffic_lights,0.8117133975028992,911.5738525390625,679.2181396484375,925.57861328125,698.244384765625,918.5762329101562,688.7312622070312,14.0047607421875,19.0262451171875
IMG_0029.mp4,2286,76.27627627627628,29.97,335,2,traffic_signs,0.5081057548522949,1797.7454833984375,668.5250244140625,1853.6375732421875,708.2152099609375,1825.6915283203125,688.3701171875,55.89208984375,39.690185546875
IMG_0029.mp4,2287,76.30964297630965,29.97,336,1,traffic_lights,0.7808009386062622,911.4791870117188,678.6300048828125,925.49658203125,697.7611694335938,918.4878845214844,688.1955871582031,14.01739501953125,19.13116455078125
IMG_0029.mp4,2287,76.30964297630965,29.97,335,2,traffic_signs,0.5628676414489746,1804.8492431640625,667.2111206054688,1862.377685546875,706.8184814453125,1833.6134643554688,687.0148010253906,57.5284423828125,39.60736083984375
IMG_0029.mp4,2288,76.34300967634302,29.97,336,1,traffic_lights,0.8379138112068176,911.689697265625,678.1444702148438,925.8271484375,697.2810668945312,918.7584228515625,687.7127685546875,14.137451171875,19.1365966796875
IMG_0029.mp4,2288,76.34300967634302,29.97,335,2,traffic_signs,0.6524443030357361,1812.5269775390625,665.5104370117188,1869.322509765625,705.3349609375,1840.9247436523438,685.4226989746094,56.7955322265625,39.82452392578125
IMG_0029.mp4,2289,76.37637637637638,29.97,336,1,traffic_lights,0.7066623568534851,911.92626953125,678.3817749023438,925.8221435546875,696.8924560546875,918.8742065429688,687.6371154785156,13.8958740234375,18.51068115234375
IMG_0029.mp4,2289,76.37637637637638,29.97,335,2,traffic_signs,0.7173517346382141,1819.1431884765625,664.1856079101562,1876.004150390625,704.5164794921875,1847.5736694335938,684.3510437011719,56.8609619140625,40.33087158203125
IMG_0029.mp4,2290,76.40974307640974,29.97,336,1,traffic_lights,0.7272118330001831,912.3134155273438,678.6322631835938,926.355712890625,696.3091430664062,919.3345642089844,687.470703125,14.04229736328125,17.6768798828125
IMG_0029.mp4,2290,76.40974307640974,29.97,335,2,traffic_signs,0.7322851419448853,1828.7044677734375,662.72705078125,1884.93994140625,701.6011962890625,1856.8222045898438,682.1641235351562,56.2354736328125,38.8741455078125
IMG_0029.mp4,2291,76.44310977644311,29.97,336,1,traffic_lights,0.6480925679206848,912.4827880859375,679.0525512695312,926.5733642578125,695.8609619140625,919.528076171875,687.4567565917969,14.090576171875,16.80841064453125
IMG_0029.mp4,2291,76.44310977644311,29.97,335,2,traffic_signs,0.7354544401168823,1836.7784423828125,660.6795043945312,1898.0732421875,700.4620361328125,1867.4258422851562,680.5707702636719,61.2947998046875,39.78253173828125
IMG_0029.mp4,2292,76.47647647647648,29.97,336,1,traffic_lights,0.822403609752655,912.9938354492188,677.8360595703125,926.992431640625,695.1632080078125,919.9931335449219,686.4996337890625,13.99859619140625,17.3271484375
IMG_0029.mp4,2292,76.47647647647648,29.97,335,2,traffic_signs,0.7188338041305542,1843.8106689453125,657.648681640625,1909.21728515625,699.0177612304688,1876.5139770507812,678.3332214355469,65.4066162109375,41.36907958984375
IMG_0029.mp4,2293,76.50984317650985,29.97,336,1,traffic_lights,0.8007641434669495,912.9619750976562,677.34375,927.6900634765625,695.0857543945312,920.3260192871094,686.2147521972656,14.72808837890625,17.74200439453125
IMG_0029.mp4,2293,76.50984317650985,29.97,335,2,traffic_signs,0.5115483999252319,1853.348388671875,657.318115234375,1916.847412109375,698.3534545898438,1885.097900390625,677.8357849121094,63.4990234375,41.03533935546875
IMG_0029.mp4,2294,76.54320987654322,29.97,336,1,traffic_lights,0.693244457244873,913.0077514648438,677.8394775390625,927.8111572265625,694.667236328125,920.4094543457031,686.2533569335938,14.80340576171875,16.8277587890625
IMG_0029.mp4,2295,76.57657657657658,29.97,336,1,traffic_lights,0.6308879256248474,913.2347412109375,677.1005859375,928.21728515625,694.172119140625,920.7260131835938,685.6363525390625,14.9825439453125,17.071533203125
IMG_0029.mp4,2296,76.60994327660994,29.97,336,1,traffic_lights,0.7078981399536133,913.83349609375,676.5843505859375,929.013916015625,694.0313110351562,921.4237060546875,685.3078308105469,15.180419921875,17.44696044921875
IMG_0029.mp4,2297,76.64330997664331,29.97,336,1,traffic_lights,0.7062256932258606,914.3453979492188,675.810302734375,929.52294921875,693.7764892578125,921.9341735839844,684.7933959960938,15.17755126953125,17.9661865234375
IMG_0029.mp4,2298,76.67667667667668,29.97,336,1,traffic_lights,0.45574021339416504,914.9611206054688,675.5762329101562,930.2732543945312,692.9306030273438,922.6171875,684.25341796875,15.3121337890625,17.3543701171875
IMG_0029.mp4,2300,76.74341007674342,29.97,336,1,traffic_lights,0.6300898790359497,915.8529663085938,673.1971435546875,931.9176635742188,691.8515014648438,923.8853149414062,682.5243225097656,16.064697265625,18.65435791015625
IMG_0029.mp4,2301,76.77677677677679,29.97,336,1,traffic_lights,0.5004794597625732,917.6499633789062,671.3768310546875,933.4415893554688,691.3179321289062,925.5457763671875,681.3473815917969,15.7916259765625,19.94110107421875
IMG_0029.mp4,2302,76.81014347681014,29.97,336,1,traffic_lights,0.7384646534919739,918.763916015625,670.6998901367188,934.115966796875,690.6593627929688,926.43994140625,680.6796264648438,15.35205078125,19.95947265625
IMG_0029.mp4,2303,76.84351017684351,29.97,336,1,traffic_lights,0.7575856447219849,919.3197021484375,669.0997314453125,934.6685180664062,690.1187744140625,926.9941101074219,679.6092529296875,15.34881591796875,21.01904296875
IMG_0029.mp4,2304,76.87687687687688,29.97,336,1,traffic_lights,0.8345869779586792,920.6629638671875,669.3033447265625,936.3301391601562,690.0137939453125,928.4965515136719,679.6585693359375,15.66717529296875,20.71044921875
IMG_0029.mp4,2305,76.91024357691025,29.97,336,1,traffic_lights,0.7665884494781494,921.482177734375,669.3782348632812,937.4259643554688,689.4049682617188,929.4540710449219,679.3916015625,15.94378662109375,20.0267333984375
IMG_0029.mp4,2306,76.94361027694362,29.97,336,1,traffic_lights,0.8008593916893005,922.367919921875,669.261474609375,938.4254150390625,688.9013671875,930.3966674804688,679.0814208984375,16.0574951171875,19.639892578125
IMG_0029.mp4,2307,76.97697697697699,29.97,336,1,traffic_lights,0.8491588234901428,923.658203125,669.490966796875,939.5205078125,688.4963989257812,931.58935546875,678.9936828613281,15.8623046875,19.00543212890625
IMG_0029.mp4,2308,77.01034367701034,29.97,336,1,traffic_lights,0.8673486709594727,924.8629760742188,667.7074584960938,940.9343872070312,687.6514892578125,932.898681640625,677.6794738769531,16.0714111328125,19.94403076171875
IMG_0029.mp4,2309,77.04371037704371,29.97,336,1,traffic_lights,0.8893100023269653,926.6409912109375,667.4486694335938,942.0630493164062,686.9796752929688,934.3520202636719,677.2141723632812,15.42205810546875,19.531005859375
IMG_0029.mp4,2310,77.07707707707708,29.97,336,1,traffic_lights,0.7741117477416992,928.0817260742188,666.4668579101562,943.2804565429688,686.3319091796875,935.6810913085938,676.3993835449219,15.19873046875,19.86505126953125
IMG_0029.mp4,2311,77.11044377711045,29.97,336,1,traffic_lights,0.8656195402145386,930.0326538085938,664.5637817382812,945.3936767578125,685.36328125,937.7131652832031,674.9635314941406,15.36102294921875,20.79949951171875
IMG_0029.mp4,2312,77.14381047714382,29.97,336,1,traffic_lights,0.8682347536087036,931.4222412109375,664.1597290039062,946.8908081054688,684.8578491210938,939.1565246582031,674.5087890625,15.46856689453125,20.6981201171875
IMG_0029.mp4,2313,77.17717717717719,29.97,336,1,traffic_lights,0.8205474019050598,932.6735229492188,663.517578125,948.3350219726562,683.7169189453125,940.5042724609375,673.6172485351562,15.6614990234375,20.1993408203125
IMG_0029.mp4,2314,77.21054387721054,29.97,336,1,traffic_lights,0.8171434998512268,934.8427124023438,663.5654907226562,950.44921875,683.20751953125,942.6459655761719,673.3865051269531,15.60650634765625,19.64202880859375
IMG_0029.mp4,2315,77.24391057724391,29.97,336,1,traffic_lights,0.8316679000854492,935.8345336914062,663.0613403320312,951.9496459960938,682.8587646484375,943.89208984375,672.9600524902344,16.1151123046875,19.79742431640625
IMG_0029.mp4,2316,77.27727727727728,29.97,336,1,traffic_lights,0.6780605316162109,937.906494140625,662.3794555664062,954.0272827148438,682.3897705078125,945.9668884277344,672.3846130371094,16.12078857421875,20.01031494140625
IMG_0029.mp4,2319,77.37737737737739,29.97,336,1,traffic_lights,0.3071688115596771,944.0418701171875,660.6153564453125,962.1343994140625,679.9400634765625,953.088134765625,670.2777099609375,18.092529296875,19.32470703125
IMG_0029.mp4,2322,77.47747747747748,29.97,336,1,traffic_lights,0.256143718957901,952.2542724609375,658.4317626953125,969.7512817382812,678.42529296875,961.0027770996094,668.4285278320312,17.49700927734375,19.9935302734375
IMG_0029.mp4,2323,77.51084417751085,29.97,336,1,traffic_lights,0.7149513363838196,957.1962890625,657.0606689453125,972.59326171875,676.88818359375,964.894775390625,666.9744262695312,15.39697265625,19.8275146484375
IMG_0029.mp4,2324,77.54421087754422,29.97,336,1,traffic_lights,0.7525084018707275,959.9488525390625,655.2100219726562,974.9427490234375,676.1812133789062,967.44580078125,665.6956176757812,14.993896484375,20.97119140625
IMG_0029.mp4,2325,77.57757757757759,29.97,336,1,traffic_lights,0.8011634945869446,962.850830078125,655.5813598632812,977.9694213867188,675.9241943359375,970.4101257324219,665.7527770996094,15.11859130859375,20.34283447265625
IMG_0029.mp4,2326,77.61094427761094,29.97,336,1,traffic_lights,0.8565930724143982,965.7809448242188,652.152099609375,981.3841552734375,674.83349609375,973.5825500488281,663.4927978515625,15.60321044921875,22.681396484375
IMG_0029.mp4,2327,77.64431097764431,29.97,336,1,traffic_lights,0.8594675064086914,969.29541015625,651.0000610351562,984.3175048828125,673.828125,976.8064575195312,662.4140930175781,15.0220947265625,22.82806396484375
IMG_0029.mp4,2328,77.67767767767768,29.97,336,1,traffic_lights,0.8772575855255127,972.46044921875,650.8759155273438,987.4505004882812,673.3423461914062,979.9554748535156,662.109130859375,14.99005126953125,22.4664306640625
IMG_0029.mp4,2329,77.71104437771105,29.97,336,1,traffic_lights,0.48332712054252625,975.8465576171875,648.875,991.2471923828125,672.6865234375,983.546875,660.78076171875,15.400634765625,23.8115234375
IMG_0029.mp4,2330,77.74441107774442,29.97,336,1,traffic_lights,0.7725780606269836,980.1094970703125,646.8636474609375,995.0874633789062,671.7177124023438,987.5984802246094,659.2906799316406,14.97796630859375,24.85406494140625
IMG_0029.mp4,2331,77.77777777777779,29.97,336,1,traffic_lights,0.6026965379714966,983.764892578125,647.5309448242188,998.4637451171875,670.803466796875,991.1143188476562,659.1672058105469,14.6988525390625,23.27252197265625
IMG_0029.mp4,2332,77.81114447781114,29.97,336,1,traffic_lights,0.5242356061935425,987.370849609375,647.6148681640625,1002.0484619140625,669.8107299804688,994.7096557617188,658.7127990722656,14.6776123046875,22.19586181640625
IMG_0029.mp4,2333,77.84451117784451,29.97,336,1,traffic_lights,0.6209402084350586,990.724853515625,647.19287109375,1006.5076904296875,668.4083251953125,998.6162719726562,657.8005981445312,15.7828369140625,21.2154541015625
IMG_0029.mp4,2334,77.87787787787788,29.97,336,1,traffic_lights,0.27035820484161377,994.5260009765625,645.6802978515625,1011.1781005859375,667.9737548828125,1002.85205078125,656.8270263671875,16.652099609375,22.29345703125
IMG_0029.mp4,2335,77.91124457791125,29.97,336,1,traffic_lights,0.4323117434978485,997.505126953125,644.5315551757812,1014.6800537109375,667.8287353515625,1006.0925903320312,656.1801452636719,17.1749267578125,23.29718017578125
IMG_0029.mp4,2336,77.94461127794462,29.97,336,1,traffic_lights,0.26839137077331543,1002.34130859375,643.593994140625,1019.0382690429688,666.3936157226562,1010.6897888183594,654.9938049316406,16.69696044921875,22.79962158203125
IMG_0029.mp4,2337,77.97797797797799,29.97,336,1,traffic_lights,0.3922174870967865,1006.8297119140625,642.293701171875,1022.5028076171875,665.3319702148438,1014.666259765625,653.8128356933594,15.673095703125,23.03826904296875
IMG_0029.mp4,2338,78.01134467801134,29.97,336,1,traffic_lights,0.794632077217102,1011.438232421875,640.4432373046875,1027.0252685546875,664.1432495117188,1019.2317504882812,652.2932434082031,15.5870361328125,23.70001220703125
IMG_0029.mp4,2339,78.04471137804471,29.97,336,1,traffic_lights,0.8417645692825317,1015.7517700195312,638.240478515625,1031.3099365234375,662.41748046875,1023.5308532714844,650.3289794921875,15.55816650390625,24.177001953125
IMG_0029.mp4,2340,78.07807807807808,29.97,336,1,traffic_lights,0.8384800553321838,1019.4874267578125,638.6913452148438,1035.6944580078125,661.5662231445312,1027.5909423828125,650.1287841796875,16.20703125,22.8748779296875
IMG_0029.mp4,2341,78.11144477811145,29.97,336,1,traffic_lights,0.2663288712501526,1023.5479125976562,636.66015625,1040.31005859375,660.0008544921875,1031.9289855957031,648.3305053710938,16.76214599609375,23.3406982421875
IMG_0029.mp4,2342,78.14481147814482,29.97,336,1,traffic_lights,0.8159922361373901,1029.170166015625,634.1160278320312,1044.942138671875,658.2008056640625,1037.05615234375,646.1584167480469,15.77197265625,24.08477783203125
IMG_0029.mp4,2343,78.17817817817819,29.97,336,1,traffic_lights,0.8851187825202942,1033.6041259765625,633.2229614257812,1049.3685302734375,657.3302612304688,1041.486328125,645.276611328125,15.764404296875,24.1072998046875
IMG_0029.mp4,2344,78.21154487821154,29.97,336,1,traffic_lights,0.8759627938270569,1038.4029541015625,633.034912109375,1054.1356201171875,655.7704467773438,1046.269287109375,644.4026794433594,15.732666015625,22.73553466796875
IMG_0029.mp4,2345,78.24491157824491,29.97,336,1,traffic_lights,0.8705157041549683,1043.2410888671875,631.7677612304688,1059.27099609375,654.8662719726562,1051.2560424804688,643.3170166015625,16.0299072265625,23.0985107421875
IMG_0029.mp4,2346,78.27827827827828,29.97,336,1,traffic_lights,0.5412651300430298,1047.9144287109375,630.1568603515625,1064.2042236328125,653.3308715820312,1056.059326171875,641.7438659667969,16.289794921875,23.17401123046875
IMG_0029.mp4,2347,78.31164497831165,29.97,336,1,traffic_lights,0.8519914150238037,1053.9075927734375,628.5392456054688,1068.8389892578125,651.1533813476562,1061.373291015625,639.8463134765625,14.931396484375,22.6141357421875
IMG_0029.mp4,2348,78.34501167834502,29.97,336,1,traffic_lights,0.7396445274353027,1059.4481201171875,626.7958984375,1074.836181640625,649.6836547851562,1067.1421508789062,638.2397766113281,15.3880615234375,22.88775634765625
IMG_0029.mp4,2349,78.37837837837839,29.97,336,1,traffic_lights,0.7921679615974426,1064.3621826171875,626.5087280273438,1079.9241943359375,648.5796508789062,1072.1431884765625,637.544189453125,15.56201171875,22.0709228515625
IMG_0029.mp4,2350,78.41174507841176,29.97,336,1,traffic_lights,0.8689577579498291,1069.1793212890625,625.653564453125,1085.3033447265625,647.9593505859375,1077.2413330078125,636.8064575195312,16.1240234375,22.3057861328125
IMG_0029.mp4,2351,78.44511177844511,29.97,336,1,traffic_lights,0.8591374158859253,1075.2528076171875,619.8776245117188,1091.1043701171875,646.2718505859375,1083.1785888671875,633.0747375488281,15.8515625,26.39422607421875
IMG_0029.mp4,2352,78.47847847847848,29.97,336,1,traffic_lights,0.8154849410057068,1080.5352783203125,619.0984497070312,1096.8951416015625,645.2278442382812,1088.7152099609375,632.1631469726562,16.35986328125,26.12939453125
IMG_0029.mp4,2353,78.51184517851185,29.97,336,1,traffic_lights,0.8166433572769165,1086.79931640625,619.412353515625,1103.3424072265625,643.5911254882812,1095.0708618164062,631.5017395019531,16.5430908203125,24.17877197265625
IMG_0029.mp4,2354,78.54521187854522,29.97,336,1,traffic_lights,0.8437132239341736,1092.8009033203125,618.8531494140625,1109.4927978515625,642.827392578125,1101.1468505859375,630.8402709960938,16.69189453125,23.9742431640625
IMG_0029.mp4,2355,78.57857857857859,29.97,336,1,traffic_lights,0.8538049459457397,1099.454345703125,616.98388671875,1115.108642578125,640.9609375,1107.281494140625,628.972412109375,15.654296875,23.97705078125
IMG_0029.mp4,2356,78.61194527861196,29.97,336,1,traffic_lights,0.8756213784217834,1105.8887939453125,617.5343017578125,1121.6109619140625,639.6846313476562,1113.7498779296875,628.6094665527344,15.72216796875,22.15032958984375
IMG_0029.mp4,2357,78.64531197864531,29.97,336,1,traffic_lights,0.8690466284751892,1111.9818115234375,614.9246215820312,1127.53662109375,638.210693359375,1119.7592163085938,626.5676574707031,15.5548095703125,23.28607177734375
IMG_0029.mp4,2358,78.67867867867868,29.97,336,1,traffic_lights,0.882972776889801,1117.0545654296875,612.8554077148438,1133.68359375,636.816162109375,1125.3690795898438,624.8357849121094,16.6290283203125,23.96075439453125
IMG_0029.mp4,2359,78.71204537871205,29.97,336,1,traffic_lights,0.8361513614654541,1123.8602294921875,610.0458374023438,1140.000732421875,635.4622802734375,1131.9304809570312,622.7540588378906,16.1405029296875,25.41644287109375
IMG_0029.mp4,2360,78.74541207874542,29.97,336,1,traffic_lights,0.8417441844940186,1129.7288818359375,609.3611450195312,1146.004150390625,634.0919799804688,1137.8665161132812,621.7265625,16.2752685546875,24.7308349609375
IMG_0029.mp4,2361,78.77877877877879,29.97,336,1,traffic_lights,0.8427490592002869,1137.3131103515625,606.37255859375,1153.4490966796875,631.6292724609375,1145.381103515625,619.0009155273438,16.135986328125,25.2567138671875
IMG_0029.mp4,2362,78.81214547881216,29.97,336,1,traffic_lights,0.6403622031211853,1143.09765625,604.6730346679688,1160.0279541015625,629.929443359375,1151.5628051757812,617.3012390136719,16.9302978515625,25.25640869140625
IMG_0029.mp4,2363,78.84551217884551,29.97,336,1,traffic_lights,0.7807366251945496,1150.5723876953125,604.3931274414062,1166.8359375,628.1554565429688,1158.7041625976562,616.2742919921875,16.2635498046875,23.7623291015625
IMG_0029.mp4,2364,78.87887887887888,29.97,336,1,traffic_lights,0.7560833096504211,1156.4498291015625,601.2489013671875,1174.5482177734375,626.3666381835938,1165.4990234375,613.8077697753906,18.098388671875,25.11773681640625
IMG_0029.mp4,2365,78.91224557891225,29.97,336,1,traffic_lights,0.8059302568435669,1163.5281982421875,596.50927734375,1181.6539306640625,624.6859741210938,1172.591064453125,610.5976257324219,18.125732421875,28.17669677734375
IMG_0029.mp4,2366,78.94561227894562,29.97,336,1,traffic_lights,0.8034217357635498,1171.3695068359375,594.8248901367188,1188.9735107421875,623.0615844726562,1180.1715087890625,608.9432373046875,17.60400390625,28.2366943359375
IMG_0029.mp4,2367,78.97897897897899,29.97,336,1,traffic_lights,0.8031949400901794,1178.0511474609375,593.291259765625,1196.37939453125,621.2207641601562,1187.2152709960938,607.2560119628906,18.3282470703125,27.92950439453125
IMG_0029.mp4,2368,79.01234567901236,29.97,336,1,traffic_lights,0.7924002408981323,1186.1500244140625,592.3431396484375,1203.94189453125,619.3275146484375,1195.0459594726562,605.8353271484375,17.7918701171875,26.984375
IMG_0029.mp4,2371,79.11244577911245,29.97,336,1,traffic_lights,0.25762030482292175,1209.5396728515625,587.5015869140625,1228.0067138671875,613.62060546875,1218.773193359375,600.5610961914062,18.467041015625,26.1190185546875
IMG_0029.mp4,2372,79.14581247914582,29.97,336,1,traffic_lights,0.2649075984954834,1216.5316162109375,584.876220703125,1235.5411376953125,611.6825561523438,1226.036376953125,598.2793884277344,19.009521484375,26.80633544921875
IMG_0029.mp4,2375,79.24591257924591,29.97,336,1,traffic_lights,0.4703776240348816,1241.573974609375,579.5487670898438,1261.1702880859375,605.4130249023438,1251.3721313476562,592.4808959960938,19.5963134765625,25.8642578125
IMG_0029.mp4,2377,79.31264597931265,29.97,336,1,traffic_lights,0.6936302185058594,1258.16015625,570.814453125,1278.0765380859375,600.5968017578125,1268.1183471679688,585.7056274414062,19.9163818359375,29.7823486328125
IMG_0029.mp4,2378,79.34601267934602,29.97,336,1,traffic_lights,0.5812093019485474,1267.1866455078125,568.03857421875,1287.3118896484375,598.404052734375,1277.249267578125,583.2213134765625,20.125244140625,30.365478515625
IMG_0029.mp4,2380,79.41274607941276,29.97,336,1,traffic_lights,0.306421160697937,1285.6258544921875,566.9425048828125,1306.278076171875,593.2213745117188,1295.9519653320312,580.0819396972656,20.6522216796875,26.27886962890625
IMG_0029.mp4,2381,79.44611277944611,29.97,336,1,traffic_lights,0.39911317825317383,1294.692626953125,565.6458740234375,1316.5460205078125,590.9314575195312,1305.6193237304688,578.2886657714844,21.8533935546875,25.28558349609375
IMG_0029.mp4,2382,79.47947947947948,29.97,336,1,traffic_lights,0.28805288672447205,1304.8751220703125,560.8359985351562,1326.5438232421875,588.8097534179688,1315.70947265625,574.8228759765625,21.668701171875,27.9737548828125
IMG_0029.mp4,2422,80.81414748081416,29.97,346,1,traffic_lights,0.5508060455322266,641.4866333007812,720.7044677734375,667.96728515625,748.0225830078125,654.7269592285156,734.363525390625,26.48065185546875,27.318115234375
IMG_0029.mp4,2425,80.91424758091425,29.97,346,1,traffic_lights,0.4761003255844116,652.85107421875,708.5371704101562,679.3447875976562,741.9412841796875,666.0979309082031,725.2392272949219,26.49371337890625,33.40411376953125
IMG_0029.mp4,2434,81.21454788121456,29.97,349,2,traffic_signs,0.41472128033638,489.832763671875,810.9527587890625,515.7695922851562,838.1992797851562,502.8011779785156,824.5760192871094,25.93682861328125,27.24652099609375
IMG_0029.mp4,2468,82.34901568234902,29.97,354,2,traffic_signs,0.6338375210762024,805.7569580078125,794.9933471679688,820.752197265625,817.5623779296875,813.2545776367188,806.2778625488281,14.9952392578125,22.56903076171875
IMG_0029.mp4,2469,82.38238238238239,29.97,354,2,traffic_signs,0.5635342001914978,808.0377197265625,794.570556640625,823.98388671875,817.1356201171875,816.0108032226562,805.8530883789062,15.9461669921875,22.5650634765625
IMG_0029.mp4,2470,82.41574908241576,29.97,354,2,traffic_signs,0.6034976840019226,814.5331420898438,794.5452270507812,829.2597045898438,815.7776489257812,821.8964233398438,805.1614379882812,14.7265625,21.232421875
IMG_0029.mp4,2471,82.44911578244911,29.97,354,2,traffic_signs,0.5832216739654541,818.6243896484375,792.9814453125,833.8849487304688,813.7891235351562,826.2546691894531,803.3852844238281,15.26055908203125,20.80767822265625
IMG_0029.mp4,2472,82.48248248248248,29.97,354,2,traffic_signs,0.6956892609596252,823.4308471679688,792.895263671875,838.0120849609375,812.7510375976562,830.7214660644531,802.8231506347656,14.58123779296875,19.85577392578125
IMG_0029.mp4,2473,82.51584918251585,29.97,354,2,traffic_signs,0.654110848903656,827.6649780273438,792.2448120117188,841.7050170898438,810.582763671875,834.6849975585938,801.4137878417969,14.0400390625,18.33795166015625
IMG_0029.mp4,2474,82.54921588254922,29.97,354,2,traffic_signs,0.5095942616462708,830.9899291992188,791.3719482421875,845.5037231445312,809.4290771484375,838.246826171875,800.4005126953125,14.5137939453125,18.05712890625
IMG_0029.mp4,2475,82.58258258258259,29.97,354,2,traffic_signs,0.36557233333587646,836.4713745117188,791.7671508789062,848.7783203125,808.8815307617188,842.6248474121094,800.3243408203125,12.30694580078125,17.1143798828125
IMG_0029.mp4,2476,82.61594928261596,29.97,354,2,traffic_signs,0.3966827988624573,841.5718994140625,790.7685546875,853.1754150390625,808.4056396484375,847.3736572265625,799.5870971679688,11.603515625,17.6370849609375
IMG_0029.mp4,2477,82.64931598264931,29.97,354,2,traffic_signs,0.31782621145248413,843.5560302734375,788.8694458007812,857.1976928710938,807.7950439453125,850.3768615722656,798.3322448730469,13.64166259765625,18.92559814453125
IMG_0029.mp4,2479,82.71604938271605,29.97,357,2,traffic_signs,0.5345600843429565,1194.95849609375,726.2095336914062,1226.3336181640625,774.5618896484375,1210.6460571289062,750.3857116699219,31.3751220703125,48.35235595703125
IMG_0029.mp4,2480,82.74941608274942,29.97,357,2,traffic_signs,0.4003438353538513,1200.30517578125,723.7787475585938,1231.540283203125,773.2075805664062,1215.9227294921875,748.4931640625,31.235107421875,49.4288330078125
IMG_0029.mp4,2481,82.78278278278279,29.97,357,2,traffic_signs,0.5655609369277954,1203.9107666015625,722.1939697265625,1237.1510009765625,771.7794189453125,1220.5308837890625,746.9866943359375,33.240234375,49.58544921875
IMG_0029.mp4,2482,82.81614948281616,29.97,357,2,traffic_signs,0.6700369715690613,1210.4658203125,720.1961669921875,1242.1304931640625,771.2382202148438,1226.2981567382812,745.7171936035156,31.6646728515625,51.04205322265625
IMG_0029.mp4,2483,82.84951618284951,29.97,357,2,traffic_signs,0.4304327666759491,1215.1971435546875,719.5913696289062,1246.9136962890625,770.7987060546875,1231.055419921875,745.1950378417969,31.716552734375,51.20733642578125
IMG_0029.mp4,2484,82.88288288288288,29.97,357,2,traffic_signs,0.41417819261550903,1221.53759765625,718.3640747070312,1253.1968994140625,768.6486206054688,1237.3672485351562,743.50634765625,31.6593017578125,50.2845458984375
IMG_0029.mp4,2485,82.91624958291625,29.97,357,2,traffic_signs,0.5704628825187683,1225.1273193359375,716.7193603515625,1256.5933837890625,768.501220703125,1240.8603515625,742.6102905273438,31.466064453125,51.7818603515625
IMG_0029.mp4,2486,82.94961628294962,29.97,357,2,traffic_signs,0.7506186962127686,1230.51171875,715.2876586914062,1261.6815185546875,767.16357421875,1246.0966186523438,741.2256164550781,31.1697998046875,51.87591552734375
IMG_0029.mp4,2487,82.98298298298299,29.97,357,2,traffic_signs,0.48365890979766846,1236.0535888671875,713.4342651367188,1266.9732666015625,766.5901489257812,1251.513427734375,740.01220703125,30.919677734375,53.1558837890625
IMG_0029.mp4,2488,83.01634968301636,29.97,357,2,traffic_signs,0.4028296172618866,1241.3253173828125,711.173583984375,1272.8038330078125,764.7977294921875,1257.0645751953125,737.9856567382812,31.478515625,53.6241455078125
IMG_0029.mp4,2489,83.04971638304971,29.97,357,2,traffic_signs,0.5270055532455444,1246.50439453125,709.23095703125,1277.8248291015625,762.7362670898438,1262.1646118164062,735.9836120605469,31.3204345703125,53.50531005859375
IMG_0029.mp4,2490,83.08308308308308,29.97,357,2,traffic_signs,0.4446558952331543,1250.474365234375,708.0488891601562,1281.5914306640625,762.023193359375,1266.0328979492188,735.0360412597656,31.1170654296875,53.97430419921875
IMG_0029.mp4,2491,83.11644978311645,29.97,357,2,traffic_signs,0.5791589021682739,1255.115478515625,707.0840454101562,1286.722900390625,760.2601928710938,1270.919189453125,733.672119140625,31.607421875,53.1761474609375
IMG_0029.mp4,2492,83.14981648314982,29.97,357,2,traffic_signs,0.7584525942802429,1260.2926025390625,705.3630981445312,1291.879150390625,759.9608154296875,1276.0858764648438,732.6619567871094,31.5865478515625,54.59771728515625
IMG_0029.mp4,2493,83.18318318318319,29.97,357,2,traffic_signs,0.7937525510787964,1265.504150390625,703.02490234375,1297.23779296875,759.376953125,1281.3709716796875,731.200927734375,31.733642578125,56.35205078125
IMG_0029.mp4,2494,83.21654988321656,29.97,357,2,traffic_signs,0.6861000061035156,1268.164794921875,701.947021484375,1300.0841064453125,758.8535766601562,1284.1244506835938,730.4002990722656,31.9193115234375,56.90655517578125
IMG_0029.mp4,2495,83.24991658324991,29.97,357,2,traffic_signs,0.6660866737365723,1271.4996337890625,700.5200805664062,1304.0234375,758.593017578125,1287.7615356445312,729.5565490722656,32.5238037109375,58.07293701171875
IMG_0029.mp4,2496,83.28328328328328,29.97,357,2,traffic_signs,0.316070556640625,1276.27490234375,698.8734130859375,1308.94677734375,757.0582885742188,1292.61083984375,727.9658508300781,32.671875,58.18487548828125
IMG_0029.mp4,2497,83.31664998331665,29.97,357,2,traffic_signs,0.38795557618141174,1281.6326904296875,697.1150512695312,1313.492431640625,755.650390625,1297.5625610351562,726.3827209472656,31.8597412109375,58.53533935546875
IMG_0029.mp4,2511,83.78378378378379,29.97,363,2,traffic_signs,0.6198800802230835,1358.52783203125,665.0159912109375,1394.9698486328125,727.3888549804688,1376.7488403320312,696.2024230957031,36.4420166015625,62.37286376953125
IMG_0029.mp4,2512,83.81715048381716,29.97,363,2,traffic_signs,0.631554365158081,1364.4022216796875,662.4247436523438,1400.9254150390625,724.976318359375,1382.663818359375,693.7005310058594,36.523193359375,62.55157470703125
IMG_0029.mp4,2513,83.85051718385051,29.97,363,2,traffic_signs,0.5977232456207275,1369.6170654296875,659.59619140625,1406.505126953125,724.3806762695312,1388.0610961914062,691.9884338378906,36.8880615234375,64.78448486328125
IMG_0029.mp4,2514,83.88388388388388,29.97,363,2,traffic_signs,0.3575609624385834,1375.651123046875,657.704833984375,1412.1728515625,723.1736450195312,1393.9119873046875,690.4392395019531,36.521728515625,65.46881103515625
IMG_0029.mp4,2515,83.91725058391725,29.97,363,2,traffic_signs,0.3478352725505829,1381.03857421875,655.4003295898438,1418.5400390625,721.351318359375,1399.789306640625,688.3758239746094,37.50146484375,65.95098876953125
IMG_0029.mp4,2517,83.98398398398399,29.97,363,2,traffic_signs,0.4613649249076843,1392.1256103515625,650.4893798828125,1430.967529296875,715.167236328125,1411.5465698242188,682.8283081054688,38.8419189453125,64.6778564453125
IMG_0029.mp4,2518,84.01735068401736,29.97,363,2,traffic_signs,0.3015574514865875,1399.0908203125,649.543212890625,1437.2255859375,713.255126953125,1418.158203125,681.399169921875,38.134765625,63.7119140625
IMG_0029.mp4,2519,84.05071738405071,29.97,363,2,traffic_signs,0.7852191925048828,1403.95751953125,644.5411376953125,1444.41015625,712.4497680664062,1424.183837890625,678.4954528808594,40.45263671875,67.90863037109375
IMG_0029.mp4,2520,84.08408408408408,29.97,363,2,traffic_signs,0.675325870513916,1409.07763671875,642.0122680664062,1450.1885986328125,710.4459838867188,1429.6331176757812,676.2291259765625,41.1109619140625,68.4337158203125
IMG_0029.mp4,2521,84.11745078411745,29.97,363,2,traffic_signs,0.3397351801395416,1414.04296875,637.6050415039062,1456.879150390625,709.2282104492188,1435.4610595703125,673.4166259765625,42.836181640625,71.6231689453125
IMG_0029.mp4,2522,84.15081748415082,29.97,363,2,traffic_signs,0.3859856426715851,1419.9957275390625,634.4321899414062,1464.6854248046875,706.3750610351562,1442.340576171875,670.4036254882812,44.689697265625,71.94287109375
IMG_0029.mp4,2523,84.18418418418419,29.97,363,2,traffic_signs,0.6457203030586243,1426.4490966796875,631.3428955078125,1472.8712158203125,705.6219482421875,1449.66015625,668.482421875,46.422119140625,74.279052734375
IMG_0029.mp4,2526,84.28428428428428,29.97,363,2,traffic_signs,0.29192304611206055,1446.08349609375,621.48291015625,1495.8404541015625,697.9924926757812,1470.9619750976562,659.7377014160156,49.7569580078125,76.50958251953125
IMG_0029.mp4,2529,84.38438438438439,29.97,363,2,traffic_signs,0.384225070476532,1466.0794677734375,609.8659057617188,1517.5361328125,691.2276611328125,1491.8078002929688,650.5467834472656,51.4566650390625,81.36175537109375
IMG_0029.mp4,2530,84.41775108441776,29.97,363,2,traffic_signs,0.36605632305145264,1474.84814453125,605.8474731445312,1525.853759765625,689.0975341796875,1500.3509521484375,647.4725036621094,51.005615234375,83.25006103515625
IMG_0029.mp4,2531,84.45111778445113,29.97,363,2,traffic_signs,0.7734276652336121,1480.4639892578125,601.599365234375,1532.7091064453125,686.0405883789062,1506.5865478515625,643.8199768066406,52.2451171875,84.44122314453125
IMG_0029.mp4,2532,84.48448448448448,29.97,363,2,traffic_signs,0.8054962754249573,1485.248779296875,598.7998046875,1542.073974609375,683.867431640625,1513.661376953125,641.3336181640625,56.8251953125,85.067626953125
IMG_0029.mp4,2533,84.51785118451785,29.97,363,2,traffic_signs,0.5791797041893005,1492.98681640625,594.4102172851562,1550.1978759765625,679.5286865234375,1521.5923461914062,636.9694519042969,57.2110595703125,85.11846923828125
IMG_0029.mp4,2534,84.55121788455122,29.97,363,2,traffic_signs,0.6734712719917297,1501.7042236328125,589.6618041992188,1559.1480712890625,676.9442749023438,1530.4261474609375,633.3030395507812,57.44384765625,87.282470703125
IMG_0029.mp4,2535,84.58458458458459,29.97,363,2,traffic_signs,0.7083964347839355,1507.03515625,585.5933227539062,1567.1092529296875,674.5965576171875,1537.0722045898438,630.0949401855469,60.0740966796875,89.00323486328125
IMG_0029.mp4,2536,84.61795128461796,29.97,363,2,traffic_signs,0.3249039947986603,1516.61474609375,582.1546020507812,1575.09423828125,671.718505859375,1545.8544921875,626.9365539550781,58.4794921875,89.56390380859375
IMG_0029.mp4,2537,84.65131798465133,29.97,363,2,traffic_signs,0.8047293424606323,1523.7725830078125,576.3779296875,1583.528076171875,669.335693359375,1553.6503295898438,622.8568115234375,59.7554931640625,92.957763671875
IMG_0029.mp4,2538,84.68468468468468,29.97,363,2,traffic_signs,0.8087610006332397,1530.7652587890625,571.8416137695312,1592.6041259765625,665.966064453125,1561.6846923828125,618.9038391113281,61.8388671875,94.12445068359375
IMG_0029.mp4,2579,86.05271938605273,29.97,371,1,traffic_lights,0.42169880867004395,474.6983947753906,669.674560546875,504.94189453125,704.3971557617188,489.8201446533203,687.0358581542969,30.243499755859375,34.72259521484375
IMG_0029.mp4,2858,95.36202869536203,29.97,400,2,traffic_signs,0.6745506525039673,919.970947265625,848.5602416992188,956.9085693359375,860.8689575195312,938.4397583007812,854.714599609375,36.9376220703125,12.3087158203125
IMG_0029.mp4,2859,95.3953953953954,29.97,400,2,traffic_signs,0.6417497992515564,914.3839721679688,849.2650146484375,951.9837036132812,862.1932373046875,933.183837890625,855.7291259765625,37.5997314453125,12.92822265625
IMG_0029.mp4,2860,95.42876209542877,29.97,400,2,traffic_signs,0.7311040759086609,907.9659423828125,849.5802001953125,947.6553344726562,862.3764038085938,927.8106384277344,855.9783020019531,39.68939208984375,12.79620361328125
IMG_0029.mp4,2861,95.46212879546214,29.97,400,2,traffic_signs,0.4136207699775696,901.5685424804688,850.3414916992188,942.8843994140625,863.2257080078125,922.2264709472656,856.7835998535156,41.31585693359375,12.88421630859375
IMG_0029.mp4,2862,95.4954954954955,29.97,400,2,traffic_signs,0.5201877951622009,894.6764526367188,850.7863159179688,936.6972045898438,864.266845703125,915.6868286132812,857.5265808105469,42.020751953125,13.48052978515625
IMG_0029.mp4,2862,95.4954954954955,29.97,401,0,auth_label,0.707786500453949,141.08001708984375,1015.5728149414062,502.47772216796875,1080.0,321.77886962890625,1047.7864074707031,361.397705078125,64.42718505859375
IMG_0029.mp4,2863,95.52886219552886,29.97,400,2,traffic_signs,0.4991500675678253,887.3425903320312,851.4697265625,931.9168701171875,865.7460327148438,909.6297302246094,858.6078796386719,44.57427978515625,14.27630615234375
IMG_0029.mp4,2866,95.62896229562897,29.97,400,2,traffic_signs,0.28494980931282043,862.4473266601562,853.8466796875,912.8781127929688,869.0274658203125,887.6627197265625,861.4370727539062,50.4307861328125,15.1807861328125
IMG_0029.mp4,2867,95.66232899566234,29.97,400,2,traffic_signs,0.41036635637283325,852.4105224609375,854.5057983398438,907.5054931640625,870.33935546875,879.9580078125,862.4225769042969,55.094970703125,15.83355712890625
IMG_0029.mp4,2868,95.6956956956957,29.97,400,2,traffic_signs,0.4746335446834564,843.09716796875,855.4379272460938,900.1446533203125,871.407958984375,871.6209106445312,863.4229431152344,57.0474853515625,15.97003173828125
IMG_0029.mp4,2869,95.72906239572906,29.97,400,2,traffic_signs,0.6777467131614685,834.0316772460938,856.4304809570312,890.9049682617188,872.9806518554688,862.4683227539062,864.70556640625,56.873291015625,16.5501708984375
IMG_0029.mp4,2870,95.76242909576243,29.97,400,2,traffic_signs,0.7091653347015381,824.4717407226562,857.16552734375,883.95263671875,874.463134765625,854.2121887207031,865.8143310546875,59.48089599609375,17.297607421875
IMG_0029.mp4,2871,95.7957957957958,29.97,400,2,traffic_signs,0.7801421284675598,813.2333374023438,858.2118530273438,874.0634155273438,875.3160400390625,843.6483764648438,866.7639465332031,60.830078125,17.10418701171875
IMG_0029.mp4,2872,95.82916249582917,29.97,400,2,traffic_signs,0.8295783400535583,801.3373413085938,859.125,863.35546875,876.8763427734375,832.3464050292969,868.0006713867188,62.01812744140625,17.7513427734375
IMG_0029.mp4,2873,95.86252919586254,29.97,400,2,traffic_signs,0.8524266481399536,787.287109375,860.6038818359375,855.054443359375,879.2924194335938,821.1707763671875,869.9481506347656,67.767333984375,18.68853759765625
IMG_0029.mp4,2874,95.8958958958959,29.97,400,2,traffic_signs,0.843472421169281,772.2015991210938,861.7886962890625,845.8726196289062,882.1036987304688,809.037109375,871.9461975097656,73.6710205078125,20.31500244140625
IMG_0029.mp4,2875,95.92926259592926,29.97,400,2,traffic_signs,0.8360771536827087,756.2041015625,863.0850219726562,832.9613037109375,884.7684936523438,794.5827026367188,873.9267578125,76.7572021484375,21.6834716796875
IMG_0029.mp4,2876,95.96262929596263,29.97,400,2,traffic_signs,0.8176597952842712,740.62060546875,865.0426025390625,820.2523193359375,886.8425903320312,780.4364624023438,875.9425964355469,79.6317138671875,21.79998779296875
IMG_0029.mp4,2877,95.995995995996,29.97,400,2,traffic_signs,0.6261060833930969,722.0986938476562,867.3259887695312,807.6657104492188,890.1260986328125,764.8822021484375,878.7260437011719,85.5670166015625,22.80010986328125
IMG_0029.mp4,2878,96.02936269602937,29.97,400,2,traffic_signs,0.696578860282898,701.9692993164062,869.6904907226562,794.2555541992188,893.627197265625,748.1124267578125,881.6588439941406,92.2862548828125,23.93670654296875
IMG_0029.mp4,2880,96.0960960960961,29.97,400,2,traffic_signs,0.38244062662124634,663.3450927734375,874.3075561523438,760.1138916015625,899.9921264648438,711.7294921875,887.1498413085938,96.768798828125,25.6845703125
IMG_0029.mp4,2884,96.22956289622957,29.97,404,2,traffic_signs,0.785250723361969,759.3368530273438,878.043701171875,822.9341430664062,901.7311401367188,791.135498046875,889.8874206542969,63.5972900390625,23.68743896484375
IMG_0029.mp4,2888,96.36302969636303,29.97,407,0,auth_label,0.7148808240890503,353.12457275390625,908.1347045898438,562.5848999023438,952.3308715820312,457.854736328125,930.2327880859375,209.4603271484375,44.1961669921875
IMG_0029.mp4,2889,96.3963963963964,29.97,407,0,auth_label,0.7706905007362366,291.55255126953125,914.624267578125,516.9453735351562,963.3754272460938,404.24896240234375,938.9998474121094,225.392822265625,48.75115966796875
IMG_0029.mp4,2890,96.42976309642977,29.97,407,0,auth_label,0.9201143383979797,215.157958984375,922.3154296875,462.08209228515625,975.7223510742188,338.6200256347656,949.0188903808594,246.92413330078125,53.40692138671875
IMG_0029.mp4,2891,96.46312979646314,29.97,407,0,auth_label,0.5985970497131348,121.57316589355469,932.991943359375,398.8101806640625,991.7622680664062,260.1916732788086,962.3771057128906,277.2370147705078,58.77032470703125
IMG_0029.mp4,2891,96.46312979646314,29.97,408,0,auth_label,0.5444545149803162,557.4757080078125,899.8116455078125,766.4779663085938,942.2244873046875,661.9768371582031,921.01806640625,209.00225830078125,42.412841796875
IMG_0029.mp4,2892,96.4964964964965,29.97,407,0,auth_label,0.6454014778137207,19.024736404418945,943.2742309570312,327.4963073730469,1005.1923217773438,173.2605218887329,974.2332763671875,308.47157096862793,61.9180908203125
IMG_0029.mp4,2892,96.4964964964965,29.97,408,0,auth_label,0.5630685091018677,512.8325805664062,905.068603515625,779.1320190429688,951.2357177734375,645.9822998046875,928.1521606445312,266.2994384765625,46.1671142578125
IMG_0029.mp4,2893,96.52986319652987,29.97,408,0,auth_label,0.7394281029701233,462.2559814453125,912.5098876953125,754.1390380859375,961.2781372070312,608.197509765625,936.8940124511719,291.883056640625,48.76824951171875
IMG_0029.mp4,2894,96.56322989656323,29.97,408,0,auth_label,0.7513443827629089,399.3534240722656,919.2212524414062,736.8728637695312,973.8641967773438,568.1131439208984,946.542724609375,337.5194396972656,54.6429443359375
IMG_0029.mp4,2898,96.6966966966967,29.97,409,1,traffic_lights,0.36428913474082947,1163.515380859375,715.154541015625,1179.8736572265625,730.8704833984375,1171.6945190429688,723.0125122070312,16.3582763671875,15.7159423828125
IMG_0029.mp4,2899,96.73006339673007,29.97,409,1,traffic_lights,0.2874464690685272,1164.03125,714.5640869140625,1180.424072265625,730.4635620117188,1172.2276611328125,722.5138244628906,16.392822265625,15.89947509765625
IMG_0029.mp4,2900,96.76343009676343,29.97,409,1,traffic_lights,0.3193603456020355,1164.3994140625,714.0606079101562,1180.47216796875,730.1951904296875,1172.435791015625,722.1278991699219,16.07275390625,16.13458251953125
IMG_0029.mp4,2946,98.2982982982983,29.97,422,0,auth_label,0.8273440003395081,525.4485473632812,875.67529296875,1083.533935546875,1053.07568359375,804.4912414550781,964.37548828125,558.0853881835938,177.400390625
IMG_0029.mp4,2947,98.33166499833168,29.97,422,0,auth_label,0.7836874723434448,476.02294921875,874.7410888671875,1101.2391357421875,1056.0196533203125,788.6310424804688,965.38037109375,625.2161865234375,181.278564453125
IMG_0029.mp4,2948,98.36503169836503,29.97,422,0,auth_label,0.6472387313842773,453.23541259765625,876.728271484375,1098.0364990234375,1056.64404296875,775.6359558105469,966.6861572265625,644.8010864257812,179.915771484375
IMG_0029.mp4,2949,98.3983983983984,29.97,423,0,auth_label,0.5144658088684082,84.15957641601562,1025.0936279296875,525.31787109375,1080.0,304.7387237548828,1052.5468139648438,441.1582946777344,54.9063720703125
IMG_0029.mp4,2985,99.5995995995996,29.97,428,1,traffic_lights,0.4154687523841858,1026.1141357421875,567.3475952148438,1049.5904541015625,579.533203125,1037.852294921875,573.4403991699219,23.476318359375,12.18560791015625
IMG_0029.mp4,2986,99.63296629963297,29.97,428,1,traffic_lights,0.3839285969734192,1025.166748046875,565.3399658203125,1049.1571044921875,578.776611328125,1037.1619262695312,572.0582885742188,23.9903564453125,13.4366455078125
IMG_0029.mp4,3089,103.06973640306974,29.97,431,0,auth_label,0.4906051456928253,1538.426513671875,820.167724609375,1827.7744140625,854.6156005859375,1683.1004638671875,837.3916625976562,289.347900390625,34.4478759765625
IMG_0029.mp4,3091,103.13646980313648,29.97,431,0,auth_label,0.35868796706199646,1556.4908447265625,821.7138061523438,1872.8360595703125,856.6469116210938,1714.6634521484375,839.1803588867188,316.34521484375,34.93310546875
IMG_0029.mp4,3092,103.16983650316985,29.97,431,0,auth_label,0.7433290481567383,1555.4193115234375,821.6422729492188,1876.0562744140625,858.7230224609375,1715.73779296875,840.1826477050781,320.636962890625,37.08074951171875
IMG_0029.mp4,3093,103.2032032032032,29.97,431,0,auth_label,0.265775591135025,1567.444580078125,822.575439453125,1892.0584716796875,859.9390258789062,1729.7515258789062,841.2572326660156,324.6138916015625,37.36358642578125
IMG_0029.mp4,3094,103.23656990323657,29.97,431,0,auth_label,0.36083000898361206,1576.482177734375,823.150390625,1912.50732421875,868.75390625,1744.4947509765625,845.9521484375,336.025146484375,45.603515625
IMG_0029.mp4,3095,103.26993660326994,29.97,431,0,auth_label,0.252737432718277,1609.547119140625,823.2030029296875,1917.6561279296875,870.2359619140625,1763.6016235351562,846.719482421875,308.1090087890625,47.032958984375
IMG_0029.mp4,3136,104.63797130463797,29.97,432,2,traffic_signs,0.3904288709163666,1694.11181640625,727.4564208984375,1920.0,791.1678466796875,1807.055908203125,759.3121337890625,225.88818359375,63.71142578125
IMG_0029.mp4,3147,105.005005005005,29.97,433,2,traffic_signs,0.4573200047016144,1551.096435546875,553.3821411132812,1616.1556396484375,653.859375,1583.6260375976562,603.6207580566406,65.0592041015625,100.47723388671875
IMG_0029.mp4,3162,105.50550550550551,29.97,435,2,traffic_signs,0.7038258910179138,1662.6090087890625,588.2332153320312,1709.9112548828125,613.2750244140625,1686.2601318359375,600.7541198730469,47.30224609375,25.04180908203125
IMG_0029.mp4,3163,105.53887220553888,29.97,435,2,traffic_signs,0.4720272123813629,1670.6241455078125,588.4093627929688,1710.013916015625,610.17138671875,1690.3190307617188,599.2903747558594,39.3897705078125,21.76202392578125
IMG_0029.mp4,3179,106.07273940607274,29.97,439,2,traffic_signs,0.6137175559997559,438.43560791015625,955.3329467773438,482.57135009765625,971.2547607421875,460.50347900390625,963.2938537597656,44.1357421875,15.92181396484375
IMG_0029.mp4,3180,106.10610610610611,29.97,439,2,traffic_signs,0.31978535652160645,419.08056640625,958.4429321289062,465.25408935546875,974.4722900390625,442.1673278808594,966.4576110839844,46.17352294921875,16.02935791015625
IMG_0029.mp4,3182,106.17283950617285,29.97,440,2,traffic_signs,0.5220903158187866,522.7176513671875,950.4353637695312,562.3972778320312,965.4852905273438,542.5574645996094,957.9603271484375,39.67962646484375,15.0499267578125
IMG_0029.mp4,3184,106.23957290623957,29.97,439,2,traffic_signs,0.7556402087211609,314.55120849609375,975.4947509765625,371.3916320800781,995.2704467773438,342.97142028808594,985.3825988769531,56.840423583984375,19.77569580078125
IMG_0029.mp4,3185,106.27293960627294,29.97,439,2,traffic_signs,0.7542857527732849,283.7983093261719,981.4701538085938,343.9755859375,1001.2388305664062,313.88694763183594,991.3544921875,60.177276611328125,19.7686767578125
IMG_0029.mp4,3186,106.30630630630631,29.97,439,2,traffic_signs,0.8264639377593994,252.36439514160156,986.0564575195312,314.1451110839844,1007.58740234375,283.25475311279297,996.8219299316406,61.78071594238281,21.53094482421875
IMG_0029.mp4,3186,106.30630630630631,29.97,441,2,traffic_signs,0.5992112159729004,761.115234375,771.1472778320312,809.9656372070312,784.60693359375,785.5404357910156,777.8771057128906,48.85040283203125,13.45965576171875
IMG_0029.mp4,3187,106.33967300633968,29.97,439,2,traffic_signs,0.6830636858940125,215.72393798828125,992.1995239257812,283.1937255859375,1014.3533325195312,249.45883178710938,1003.2764282226562,67.46978759765625,22.15380859375
IMG_0029.mp4,3187,106.33967300633968,29.97,441,2,traffic_signs,0.2760258615016937,748.8985595703125,769.5864868164062,798.76806640625,783.6502685546875,773.8333129882812,776.6183776855469,49.8695068359375,14.06378173828125
IMG_0029.mp4,3188,106.37303970637305,29.97,441,2,traffic_signs,0.35102009773254395,737.1754760742188,766.9061889648438,787.8677368164062,782.8655395507812,762.5216064453125,774.8858642578125,50.6922607421875,15.9593505859375
IMG_0029.mp4,3188,106.37303970637305,29.97,440,2,traffic_signs,0.2750518321990967,391.0227355957031,974.4816284179688,438.3865051269531,991.77734375,414.7046203613281,983.1294860839844,47.36376953125,17.29571533203125
IMG_0029.mp4,3189,106.4064064064064,29.97,440,2,traffic_signs,0.32799938321113586,365.889892578125,978.531494140625,416.2420654296875,996.7590942382812,391.06597900390625,987.6452941894531,50.3521728515625,18.22760009765625
IMG_0029.mp4,3189,106.4064064064064,29.97,439,2,traffic_signs,0.8863279819488525,144.30149841308594,1006.3866577148438,216.30517578125,1027.2000732421875,180.30333709716797,1016.7933654785156,72.00367736816406,20.81341552734375
IMG_0029.mp4,3190,106.43977310643977,29.97,440,2,traffic_signs,0.38457202911376953,337.9773864746094,984.597412109375,391.1915283203125,1003.7942504882812,364.58445739746094,994.1958312988281,53.214141845703125,19.19683837890625
IMG_0029.mp4,3190,106.43977310643977,29.97,439,2,traffic_signs,0.6506758332252502,102.2022933959961,1012.6744995117188,181.68023681640625,1035.49951171875,141.94126510620117,1024.0870056152344,79.47794342041016,22.82501220703125
IMG_0029.mp4,3193,106.53987320653988,29.97,440,2,traffic_signs,0.5230855941772461,243.18240356445312,1000.6317749023438,307.1874694824219,1022.6478881835938,275.1849365234375,1011.6398315429688,64.00506591796875,22.01611328125
IMG_0029.mp4,3209,107.07374040707374,29.97,458,1,traffic_lights,0.5781246423721313,1037.057861328125,566.5144653320312,1058.965576171875,581.5910034179688,1048.01171875,574.052734375,21.90771484375,15.0765380859375
IMG_0029.mp4,3210,107.10710710710711,29.97,458,1,traffic_lights,0.5554234385490417,1036.1533203125,564.665771484375,1058.1251220703125,580.2271118164062,1047.1392211914062,572.4464416503906,21.9718017578125,15.56134033203125
IMG_0029.mp4,3213,107.2072072072072,29.97,458,1,traffic_lights,0.345758318901062,1036.5244140625,558.9833984375,1057.110595703125,575.5535278320312,1046.8175048828125,567.2684631347656,20.586181640625,16.57012939453125
IMG_0029.mp4,3214,107.24057390724057,29.97,458,1,traffic_lights,0.6924120783805847,1036.4072265625,557.2107543945312,1056.5986328125,574.3441772460938,1046.5029296875,565.7774658203125,20.19140625,17.1334228515625
IMG_0029.mp4,3215,107.27394060727394,29.97,458,1,traffic_lights,0.46834081411361694,1036.151611328125,556.4755249023438,1056.819580078125,573.219482421875,1046.485595703125,564.8475036621094,20.66796875,16.74395751953125
IMG_0029.mp4,3216,107.30730730730731,29.97,458,1,traffic_lights,0.6056016087532043,1035.8056640625,555.1724853515625,1056.734375,571.4373779296875,1046.27001953125,563.304931640625,20.9287109375,16.264892578125
IMG_0029.mp4,3217,107.34067400734068,29.97,458,1,traffic_lights,0.7376759052276611,1035.9063720703125,553.8218994140625,1057.2694091796875,569.9566650390625,1046.587890625,561.8892822265625,21.363037109375,16.134765625
IMG_0029.mp4,3218,107.37404070737405,29.97,458,1,traffic_lights,0.6775158643722534,1036.0372314453125,553.100830078125,1057.1390380859375,568.9019775390625,1046.588134765625,561.0014038085938,21.101806640625,15.8011474609375
IMG_0029.mp4,3219,107.4074074074074,29.97,458,1,traffic_lights,0.33784356713294983,1036.324951171875,552.211669921875,1057.2421875,567.450439453125,1046.7835693359375,559.8310546875,20.917236328125,15.23876953125
IMG_0029.mp4,3221,107.47414080747414,29.97,458,1,traffic_lights,0.6212274432182312,1036.19091796875,547.9237060546875,1057.56787109375,563.852294921875,1046.87939453125,555.8880004882812,21.376953125,15.9285888671875
IMG_0029.mp4,3222,107.50750750750751,29.97,458,1,traffic_lights,0.5276851654052734,1036.00537109375,545.9896240234375,1057.888916015625,562.4797973632812,1046.9471435546875,554.2347106933594,21.883544921875,16.49017333984375
IMG_0029.mp4,3223,107.54087420754088,29.97,458,1,traffic_lights,0.5699520111083984,1036.5047607421875,544.8902587890625,1059.057373046875,560.9003295898438,1047.7810668945312,552.8952941894531,22.5526123046875,16.01007080078125
IMG_0029.mp4,3224,107.57424090757425,29.97,458,1,traffic_lights,0.46490201354026794,1036.8504638671875,543.7759399414062,1059.75830078125,558.9475708007812,1048.3043823242188,551.3617553710938,22.9078369140625,15.171630859375
IMG_0029.mp4,3225,107.6076076076076,29.97,458,1,traffic_lights,0.665171205997467,1036.9234619140625,542.134521484375,1060.19775390625,557.7744750976562,1048.5606079101562,549.9544982910156,23.2742919921875,15.63995361328125
IMG_0029.mp4,3230,107.77444110777445,29.97,458,1,traffic_lights,0.37347716093063354,1040.7958984375,532.6350708007812,1063.4036865234375,549.389404296875,1052.0997924804688,541.0122375488281,22.6077880859375,16.75433349609375
IMG_0029.mp4,3236,107.97464130797465,29.97,458,1,traffic_lights,0.25693440437316895,1046.698486328125,521.6710815429688,1070.236572265625,538.1751708984375,1058.467529296875,529.9231262207031,23.5380859375,16.50408935546875
IMG_0029.mp4,3237,108.008008008008,29.97,458,1,traffic_lights,0.3050566613674164,1047.450927734375,519.5192260742188,1071.30859375,536.1917724609375,1059.3797607421875,527.8554992675781,23.857666015625,16.67254638671875
IMG_0029.mp4,3245,108.27494160827494,29.97,459,2,traffic_signs,0.6940973997116089,1525.691650390625,935.7018432617188,1590.885009765625,949.2342529296875,1558.288330078125,942.4680480957031,65.193359375,13.53240966796875
IMG_0029.mp4,3246,108.30830830830831,29.97,459,2,traffic_signs,0.46837669610977173,1541.3282470703125,939.0142211914062,1611.1026611328125,952.84326171875,1576.2154541015625,945.9287414550781,69.7744140625,13.82904052734375
IMG_0029.mp4,3247,108.34167500834168,29.97,459,2,traffic_signs,0.7828788757324219,1559.2550048828125,942.5957641601562,1632.7694091796875,957.6651611328125,1596.01220703125,950.1304626464844,73.514404296875,15.06939697265625
IMG_0029.mp4,3248,108.37504170837505,29.97,459,2,traffic_signs,0.4638403356075287,1575.4293212890625,945.9631958007812,1655.947509765625,961.7514038085938,1615.6884155273438,953.8572998046875,80.5181884765625,15.7882080078125
IMG_0029.mp4,3249,108.4084084084084,29.97,459,2,traffic_signs,0.8796241879463196,1596.9266357421875,951.0814819335938,1679.322265625,966.007080078125,1638.1244506835938,958.5442810058594,82.3956298828125,14.92559814453125
IMG_0029.mp4,3250,108.44177510844177,29.97,459,2,traffic_signs,0.8397913575172424,1620.3197021484375,957.4008178710938,1707.358154296875,971.8643798828125,1663.8389282226562,964.6325988769531,87.0384521484375,14.46356201171875
IMG_0029.mp4,3251,108.47514180847514,29.97,459,2,traffic_signs,0.6522219181060791,1641.69140625,962.9201049804688,1735.9654541015625,977.283447265625,1688.8284301757812,970.1017761230469,94.2740478515625,14.36334228515625
IMG_0029.mp4,3255,108.60860860860862,29.97,469,1,traffic_lights,0.5022079944610596,1072.484375,471.667236328125,1101.567626953125,492.99334716796875,1087.0260009765625,482.3302917480469,29.083251953125,21.32611083984375
IMG_0029.mp4,3256,108.64197530864197,29.97,469,1,traffic_lights,0.3804995119571686,1074.9097900390625,469.1056823730469,1103.6268310546875,490.46502685546875,1089.268310546875,479.7853546142578,28.717041015625,21.359344482421875
IMG_0029.mp4,3258,108.70870870870871,29.97,469,1,traffic_lights,0.35442063212394714,1079.1300048828125,465.45263671875,1106.5706787109375,484.7908020019531,1092.850341796875,475.12171936035156,27.440673828125,19.338165283203125
IMG_0029.mp4,3259,108.74207540874208,29.97,469,1,traffic_lights,0.37208491563796997,1081.1285400390625,462.4627685546875,1108.509033203125,481.9645080566406,1094.8187866210938,472.21363830566406,27.3804931640625,19.501739501953125
IMG_0029.mp4,3260,108.77544210877545,29.97,469,1,traffic_lights,0.4483816921710968,1082.2467041015625,458.796142578125,1110.3626708984375,478.71124267578125,1096.3046875,468.7536926269531,28.115966796875,19.91510009765625
IMG_0029.mp4,3262,108.84217550884217,29.97,469,1,traffic_lights,0.49369582533836365,1085.0550537109375,453.6549072265625,1112.793212890625,473.491943359375,1098.9241333007812,463.57342529296875,27.7381591796875,19.8370361328125
IMG_0029.mp4,3263,108.87554220887554,29.97,469,1,traffic_lights,0.3291454315185547,1085.8238525390625,450.09222412109375,1113.2769775390625,470.1055603027344,1099.5504150390625,460.09889221191406,27.453125,20.013336181640625
IMG_0029.mp4,3264,108.90890890890891,29.97,469,1,traffic_lights,0.3364236652851105,1086.3558349609375,445.0681457519531,1114.5938720703125,466.1082458496094,1100.474853515625,455.58819580078125,28.238037109375,21.04010009765625
IMG_0029.mp4,3265,108.94227560894228,29.97,469,1,traffic_lights,0.4566168189048767,1086.90087890625,442.6899108886719,1115.49169921875,463.1580810546875,1101.1962890625,452.9239959716797,28.5908203125,20.468170166015625
IMG_0029.mp4,3266,108.97564230897565,29.97,469,1,traffic_lights,0.2627789378166199,1087.4764404296875,438.42120361328125,1115.178466796875,459.576416015625,1101.3274536132812,448.9988098144531,27.7020263671875,21.15521240234375
IMG_0029.mp4,3274,109.24257590924257,29.97,482,2,traffic_signs,0.49982261657714844,790.7609252929688,842.24267578125,841.5250854492188,875.8173217773438,816.1430053710938,859.0299987792969,50.76416015625,33.57464599609375
IMG_0029.mp4,3276,109.30930930930931,29.97,482,2,traffic_signs,0.6281808614730835,774.0970458984375,842.83984375,829.5050048828125,878.30615234375,801.801025390625,860.572998046875,55.407958984375,35.46630859375
IMG_0029.mp4,3277,109.34267600934268,29.97,482,2,traffic_signs,0.2751907706260681,764.2573852539062,842.9019775390625,823.1326904296875,879.7621459960938,793.6950378417969,861.3320617675781,58.87530517578125,36.86016845703125
IMG_0029.mp4,3299,110.07674341007674,29.97,491,2,traffic_signs,0.8109968900680542,1801.9515380859375,826.5831909179688,1920.0,887.6356811523438,1860.9757690429688,857.1094360351562,118.0484619140625,61.052490234375
IMG_0029.mp4,3311,110.47714381047714,29.97,495,2,traffic_signs,0.6304128170013428,1391.693359375,645.7008666992188,1430.05517578125,684.6568603515625,1410.874267578125,665.1788635253906,38.36181640625,38.95599365234375
IMG_0029.mp4,3312,110.51051051051051,29.97,495,2,traffic_signs,0.5794199705123901,1393.6749267578125,643.2728271484375,1432.255126953125,684.2681884765625,1412.9650268554688,663.7705078125,38.5802001953125,40.995361328125
IMG_0029.mp4,3314,110.57724391057725,29.97,495,2,traffic_signs,0.5556883215904236,1397.56396484375,637.3828735351562,1436.283935546875,684.278076171875,1416.9239501953125,660.8304748535156,38.719970703125,46.89520263671875
IMG_0029.mp4,3315,110.61061061061062,29.97,495,2,traffic_signs,0.8055753111839294,1399.117431640625,633.3783569335938,1438.6942138671875,685.1992797851562,1418.9058227539062,659.288818359375,39.5767822265625,51.8209228515625
IMG_0029.mp4,3316,110.64397731064398,29.97,495,2,traffic_signs,0.4844612777233124,1400.9407958984375,631.1237182617188,1439.2877197265625,678.8070678710938,1420.1142578125,654.9653930664062,38.346923828125,47.683349609375
IMG_0029.mp4,3317,110.67734401067734,29.97,495,2,traffic_signs,0.5037333369255066,1402.0755615234375,629.0897827148438,1442.5518798828125,674.0184936523438,1422.313720703125,651.5541381835938,40.476318359375,44.9287109375
IMG_0029.mp4,3366,112.31231231231232,29.97,505,2,traffic_signs,0.7031037211418152,1274.05078125,632.7057495117188,1327.8646240234375,708.7837524414062,1300.9577026367188,670.7447509765625,53.8138427734375,76.0780029296875
IMG_0029.mp4,3367,112.34567901234568,29.97,505,2,traffic_signs,0.7492099404335022,1275.817138671875,629.7266235351562,1329.6617431640625,707.0742797851562,1302.7394409179688,668.4004516601562,53.8446044921875,77.34765625
IMG_0029.mp4,3368,112.37904571237905,29.97,505,2,traffic_signs,0.7817303538322449,1277.658203125,626.9935302734375,1331.190673828125,704.7235717773438,1304.4244384765625,665.8585510253906,53.532470703125,77.73004150390625
IMG_0029.mp4,3369,112.41241241241242,29.97,505,2,traffic_signs,0.8359015583992004,1278.6339111328125,624.6201782226562,1332.2962646484375,702.34765625,1305.465087890625,663.4839172363281,53.662353515625,77.72747802734375
IMG_0029.mp4,3370,112.44577911244578,29.97,505,2,traffic_signs,0.8890208005905151,1279.814697265625,620.8112182617188,1333.4686279296875,700.2850341796875,1306.6416625976562,660.5481262207031,53.6539306640625,79.47381591796875
IMG_0029.mp4,3371,112.47914581247915,29.97,505,2,traffic_signs,0.890691876411438,1281.1365966796875,617.9991455078125,1335.79150390625,698.2342529296875,1308.4640502929688,658.11669921875,54.6549072265625,80.235107421875
IMG_0029.mp4,3372,112.51251251251252,29.97,505,2,traffic_signs,0.6170182824134827,1282.9713134765625,614.5999145507812,1338.339599609375,696.3929443359375,1310.6554565429688,655.4964294433594,55.3682861328125,81.79302978515625
IMG_0029.mp4,3373,112.54587921254588,29.97,505,2,traffic_signs,0.7297542095184326,1284.7421875,612.8802490234375,1342.1685791015625,695.2391357421875,1313.4553833007812,654.0596923828125,57.4263916015625,82.35888671875
IMG_0029.mp4,3374,112.57924591257925,29.97,505,2,traffic_signs,0.8413949012756348,1285.4378662109375,609.354248046875,1343.4019775390625,693.9657592773438,1314.419921875,651.6600036621094,57.964111328125,84.61151123046875
IMG_0029.mp4,3375,112.61261261261262,29.97,505,2,traffic_signs,0.8059165477752686,1287.2445068359375,605.9888305664062,1346.437255859375,691.4950561523438,1316.8408813476562,648.741943359375,59.1927490234375,85.5062255859375
IMG_0029.mp4,3376,112.64597931264598,29.97,505,2,traffic_signs,0.5611712336540222,1287.7353515625,602.5841064453125,1349.366455078125,689.4046020507812,1318.5509033203125,645.9943542480469,61.631103515625,86.82049560546875
IMG_0029.mp4,3377,112.67934601267935,29.97,505,2,traffic_signs,0.6733332872390747,1288.30712890625,598.4251708984375,1352.6572265625,687.4613647460938,1320.482177734375,642.9432678222656,64.35009765625,89.03619384765625
IMG_0029.mp4,3378,112.71271271271272,29.97,505,2,traffic_signs,0.7912113666534424,1289.7498779296875,595.6971435546875,1355.159912109375,685.2764892578125,1322.4548950195312,640.48681640625,65.4100341796875,89.579345703125
IMG_0029.mp4,3379,112.74607941274608,29.97,505,2,traffic_signs,0.7264773845672607,1290.8731689453125,591.1253662109375,1356.8052978515625,682.6193237304688,1323.8392333984375,636.8723449707031,65.93212890625,91.49395751953125
IMG_0029.mp4,3380,112.77944611277945,29.97,505,2,traffic_signs,0.8558580279350281,1292.699951171875,588.1873168945312,1358.07421875,679.0106811523438,1325.3870849609375,633.5989990234375,65.374267578125,90.8233642578125
IMG_0029.mp4,3381,112.81281281281282,29.97,505,2,traffic_signs,0.5134980082511902,1294.7916259765625,585.1849365234375,1360.396484375,677.46435546875,1327.5940551757812,631.3246459960938,65.6048583984375,92.2794189453125
IMG_0029.mp4,3383,112.87954621287955,29.97,505,2,traffic_signs,0.7944103479385376,1299.289794921875,576.4575805664062,1366.1549072265625,673.173583984375,1332.7223510742188,624.8155822753906,66.8651123046875,96.71600341796875
IMG_0029.mp4,3384,112.91291291291292,29.97,505,2,traffic_signs,0.8481457829475403,1301.183837890625,572.2501220703125,1368.6639404296875,669.975341796875,1334.9238891601562,621.1127319335938,67.4801025390625,97.7252197265625
IMG_0029.mp4,3385,112.94627961294628,29.97,505,2,traffic_signs,0.8547064661979675,1303.0849609375,567.489501953125,1372.764892578125,666.6980590820312,1337.9249267578125,617.0937805175781,69.679931640625,99.20855712890625
IMG_0029.mp4,3386,112.97964631297965,29.97,505,2,traffic_signs,0.6269210577011108,1305.1370849609375,562.1563720703125,1376.9322509765625,663.2910766601562,1341.03466796875,612.7237243652344,71.795166015625,101.13470458984375
IMG_0029.mp4,3387,113.01301301301302,29.97,505,2,traffic_signs,0.8138683438301086,1307.2103271484375,557.5684814453125,1380.213134765625,660.829345703125,1343.7117309570312,609.1989135742188,73.0028076171875,103.2608642578125
IMG_0029.mp4,3388,113.04637971304638,29.97,505,2,traffic_signs,0.7595090866088867,1309.057373046875,552.3912353515625,1383.7105712890625,658.4956665039062,1346.3839721679688,605.4434509277344,74.6531982421875,106.10443115234375
IMG_0029.mp4,3389,113.07974641307975,29.97,505,2,traffic_signs,0.6243718266487122,1311.046875,547.4485473632812,1387.271728515625,655.0340576171875,1349.1593017578125,601.2413024902344,76.224853515625,107.58551025390625
IMG_0029.mp4,3390,113.11311311311312,29.97,505,2,traffic_signs,0.42818883061408997,1314.7662353515625,542.9501953125,1392.4901123046875,652.3017578125,1353.628173828125,597.6259765625,77.723876953125,109.3515625
IMG_0029.mp4,3391,113.14647981314648,29.97,505,2,traffic_signs,0.6456792950630188,1316.9248046875,536.8425903320312,1396.355224609375,649.5156860351562,1356.6400146484375,593.1791381835938,79.430419921875,112.673095703125
IMG_0029.mp4,3392,113.17984651317985,29.97,505,2,traffic_signs,0.5986320972442627,1318.409423828125,530.2786254882812,1399.3450927734375,645.7940063476562,1358.8772583007812,588.0363159179688,80.9356689453125,115.515380859375
IMG_0029.mp4,3407,113.68034701368035,29.97,520,1,traffic_lights,0.6202921867370605,851.0542602539062,387.7591552734375,871.7713623046875,404.697021484375,861.4128112792969,396.22808837890625,20.71710205078125,16.9378662109375
IMG_0029.mp4,3557,118.68535201868535,29.97,538,1,traffic_lights,0.7058830261230469,1184.1422119140625,577.0686645507812,1198.952880859375,592.7586059570312,1191.5475463867188,584.9136352539062,14.8106689453125,15.68994140625
IMG_0029.mp4,3558,118.71871871871872,29.97,538,1,traffic_lights,0.6374461650848389,1183.6385498046875,573.1924438476562,1197.7421875,588.4476928710938,1190.6903686523438,580.820068359375,14.1036376953125,15.2552490234375
IMG_0029.mp4,3559,118.75208541875209,29.97,538,1,traffic_lights,0.27364206314086914,1182.9188232421875,568.4472045898438,1198.54931640625,584.4843139648438,1190.7340698242188,576.4657592773438,15.6304931640625,16.037109375
IMG_0029.mp4,3560,118.78545211878546,29.97,538,1,traffic_lights,0.43027082085609436,1182.232666015625,563.1605834960938,1198.2484130859375,578.9652099609375,1190.2405395507812,571.0628967285156,16.0157470703125,15.80462646484375
IMG_0029.mp4,3561,118.81881881881883,29.97,538,1,traffic_lights,0.7165038585662842,1181.9310302734375,557.69921875,1199.981201171875,573.8897094726562,1190.9561157226562,565.7944641113281,18.0501708984375,16.19049072265625
IMG_0029.mp4,3562,118.8521855188522,29.97,538,1,traffic_lights,0.47475293278694153,1181.3887939453125,552.3084716796875,1199.437744140625,567.9498901367188,1190.4132690429688,560.1291809082031,18.0489501953125,15.64141845703125
IMG_0029.mp4,3563,118.88555221888555,29.97,539,0,auth_label,0.7050077319145203,186.9982452392578,862.3771362304688,576.732177734375,961.3523559570312,381.8652114868164,911.86474609375,389.7339324951172,98.9752197265625
IMG_0029.mp4,3564,118.91891891891892,29.97,539,0,auth_label,0.6410384178161621,142.6475830078125,863.0714111328125,529.1529541015625,957.8047485351562,335.9002685546875,910.4380798339844,386.50537109375,94.73333740234375
IMG_0029.mp4,3565,118.95228561895229,29.97,539,0,auth_label,0.6118592619895935,61.68990707397461,861.7197265625,475.4608154296875,965.9005737304688,268.57536125183105,913.8101501464844,413.7709083557129,104.18084716796875
IMG_0029.mp4,3567,119.01901901901903,29.97,538,1,traffic_lights,0.3438188135623932,1175.7520751953125,519.3123168945312,1199.920166015625,540.0027465820312,1187.8361206054688,529.6575317382812,24.1680908203125,20.6904296875
IMG_0029.mp4,3623,120.88755422088757,29.97,544,1,traffic_lights,0.579987645149231,1206.2684326171875,491.1015625,1224.7559814453125,502.3747253417969,1215.51220703125,496.73814392089844,18.487548828125,11.273162841796875
IMG_0029.mp4,3624,120.92092092092092,29.97,544,1,traffic_lights,0.35662102699279785,1206.7738037109375,487.90570068359375,1224.6666259765625,498.1269836425781,1215.72021484375,493.01634216308594,17.892822265625,10.221282958984375
IMG_0029.mp4,3646,121.654988321655,29.97,547,2,traffic_signs,0.43546491861343384,1133.357421875,725.4535522460938,1151.6483154296875,756.4370727539062,1142.5028686523438,740.9453125,18.2908935546875,30.9835205078125
IMG_0029.mp4,3647,121.68835502168837,29.97,547,2,traffic_signs,0.5027782917022705,1133.08837890625,724.005126953125,1151.4833984375,756.8342895507812,1142.285888671875,740.4197082519531,18.39501953125,32.82916259765625
IMG_0029.mp4,3648,121.72172172172172,29.97,547,2,traffic_signs,0.32723405957221985,1133.2298583984375,723.3502807617188,1152.076904296875,756.5964965820312,1142.6533813476562,739.973388671875,18.8470458984375,33.2462158203125
IMG_0029.mp4,3649,121.75508842175509,29.97,547,2,traffic_signs,0.6083866357803345,1133.572509765625,722.5916137695312,1152.283203125,756.6643676757812,1142.9278564453125,739.6279907226562,18.710693359375,34.07275390625
IMG_0029.mp4,3650,121.78845512178846,29.97,547,2,traffic_signs,0.5444220304489136,1133.9471435546875,722.0584106445312,1152.875244140625,755.874755859375,1143.4111938476562,738.9665832519531,18.9281005859375,33.81634521484375
IMG_0029.mp4,3651,121.82182182182183,29.97,547,2,traffic_signs,0.6224667429924011,1133.4063720703125,721.6359252929688,1152.9381103515625,756.1467895507812,1143.1722412109375,738.891357421875,19.53173828125,34.5108642578125
IMG_0029.mp4,3652,121.8551885218552,29.97,547,2,traffic_signs,0.6907119154930115,1133.389892578125,721.3526611328125,1153.6025390625,755.9464721679688,1143.4962158203125,738.6495666503906,20.212646484375,34.59381103515625
IMG_0029.mp4,3653,121.88855522188857,29.97,547,2,traffic_signs,0.6644920706748962,1133.0372314453125,720.4505615234375,1154.1607666015625,755.9244995117188,1143.5989990234375,738.1875305175781,21.12353515625,35.47393798828125
IMG_0029.mp4,3654,121.92192192192192,29.97,547,2,traffic_signs,0.4704132080078125,1132.5206298828125,719.8819580078125,1154.5718994140625,754.9892578125,1143.5462646484375,737.4356079101562,22.05126953125,35.1072998046875
IMG_0029.mp4,3655,121.95528862195529,29.97,547,2,traffic_signs,0.4317925274372101,1133.168212890625,719.0728149414062,1155.9515380859375,754.7279052734375,1144.5598754882812,736.9003601074219,22.7833251953125,35.65509033203125
IMG_0029.mp4,3656,121.98865532198866,29.97,547,2,traffic_signs,0.36369356513023376,1133.7972412109375,717.552734375,1156.804443359375,754.0004272460938,1145.3008422851562,735.7765808105469,23.0072021484375,36.44769287109375
IMG_0029.mp4,3657,122.02202202202203,29.97,547,2,traffic_signs,0.45926252007484436,1133.86474609375,717.0497436523438,1157.3411865234375,753.7354736328125,1145.6029663085938,735.3926086425781,23.4764404296875,36.68572998046875
IMG_0029.mp4,3658,122.0553887220554,29.97,547,2,traffic_signs,0.44959557056427,1134.2464599609375,715.8692016601562,1156.6102294921875,752.4229736328125,1145.4283447265625,734.1460876464844,22.36376953125,36.55377197265625
IMG_0029.mp4,3659,122.08875542208877,29.97,547,2,traffic_signs,0.5555885434150696,1134.81640625,714.9772338867188,1155.9652099609375,751.7670288085938,1145.3908081054688,733.3721313476562,21.1488037109375,36.789794921875
IMG_0029.mp4,3660,122.12212212212212,29.97,547,2,traffic_signs,0.3714674413204193,1134.6702880859375,714.4693603515625,1155.5570068359375,751.6241455078125,1145.1136474609375,733.0467529296875,20.88671875,37.15478515625
IMG_0029.mp4,3661,122.15548882215549,29.97,547,2,traffic_signs,0.32041963934898376,1134.614013671875,713.9818115234375,1155.778564453125,751.446044921875,1145.1962890625,732.7139282226562,21.16455078125,37.4642333984375
IMG_0029.mp4,3693,123.22322322322323,29.97,556,2,traffic_signs,0.5754067897796631,1164.76806640625,696.157470703125,1184.27099609375,735.855712890625,1174.51953125,716.006591796875,19.5029296875,39.6982421875
IMG_0029.mp4,3703,123.55689022355689,29.97,558,2,traffic_signs,0.47865286469459534,580.7649536132812,781.2733154296875,600.1839599609375,830.1334228515625,590.4744567871094,805.703369140625,19.41900634765625,48.860107421875
IMG_0029.mp4,3705,123.62362362362363,29.97,556,2,traffic_signs,0.3262903094291687,1189.5313720703125,683.892578125,1209.781494140625,731.0873413085938,1199.6564331054688,707.4899597167969,20.2501220703125,47.19476318359375
IMG_0029.mp4,3713,123.89055722389057,29.97,556,2,traffic_signs,0.36641478538513184,1208.5736083984375,677.9884643554688,1232.69091796875,730.0503540039062,1220.6322631835938,704.0194091796875,24.1173095703125,52.0618896484375
IMG_0029.mp4,3717,124.02402402402403,29.97,556,2,traffic_signs,0.31804701685905457,1218.67041015625,673.4558715820312,1246.4215087890625,728.9140625,1232.5459594726562,701.1849670410156,27.7510986328125,55.45819091796875
IMG_0029.mp4,3718,124.0573907240574,29.97,556,2,traffic_signs,0.4850165843963623,1221.938720703125,672.9808959960938,1248.68017578125,726.5769653320312,1235.3094482421875,699.7789306640625,26.741455078125,53.5960693359375
IMG_0029.mp4,3719,124.09075742409077,29.97,556,2,traffic_signs,0.30746662616729736,1224.47802734375,672.348876953125,1251.6522216796875,726.3834838867188,1238.0651245117188,699.3661804199219,27.1741943359375,54.03460693359375
IMG_0029.mp4,3803,126.89356022689357,29.97,571,2,traffic_signs,0.37804293632507324,1215.793701171875,777.0404052734375,1234.3448486328125,794.5794067382812,1225.0692749023438,785.8099060058594,18.5511474609375,17.53900146484375
IMG_0029.mp4,3808,127.0603937270604,29.97,571,2,traffic_signs,0.27129504084587097,1218.138671875,772.083740234375,1240.3685302734375,790.5617065429688,1229.2536010742188,781.3227233886719,22.2298583984375,18.47796630859375
IMG_0029.mp4,3809,127.09376042709377,29.97,571,2,traffic_signs,0.7199971675872803,1219.759521484375,771.0714111328125,1241.4761962890625,789.3636474609375,1230.6178588867188,780.217529296875,21.7166748046875,18.292236328125
IMG_0029.mp4,3810,127.12712712712714,29.97,571,2,traffic_signs,0.49411895871162415,1221.4012451171875,769.4961547851562,1241.96923828125,788.0510864257812,1231.6852416992188,778.7736206054688,20.5679931640625,18.554931640625
IMG_0029.mp4,3811,127.1604938271605,29.97,571,2,traffic_signs,0.5555776953697205,1223.30615234375,768.3741455078125,1242.6668701171875,787.05517578125,1232.9865112304688,777.7146606445312,19.3607177734375,18.6810302734375
IMG_0029.mp4,3812,127.19386052719386,29.97,571,2,traffic_signs,0.3073291778564453,1223.654052734375,767.2994995117188,1243.3916015625,786.1487426757812,1233.5228271484375,776.72412109375,19.737548828125,18.8492431640625
IMG_0029.mp4,3813,127.22722722722723,29.97,571,2,traffic_signs,0.4375951588153839,1223.99365234375,766.3761596679688,1244.2620849609375,784.9207153320312,1234.1278686523438,775.6484375,20.2684326171875,18.5445556640625
IMG_0029.mp4,3815,127.29396062729397,29.97,571,2,traffic_signs,0.5894225835800171,1225.8175048828125,764.2276000976562,1245.7200927734375,782.5776977539062,1235.768798828125,773.4026489257812,19.902587890625,18.35009765625
IMG_0029.mp4,3816,127.32732732732734,29.97,571,2,traffic_signs,0.41924840211868286,1226.335693359375,762.2571411132812,1246.4642333984375,781.581787109375,1236.3999633789062,771.9194641113281,20.1285400390625,19.32464599609375
IMG_0029.mp4,3817,127.3606940273607,29.97,571,2,traffic_signs,0.4035153090953827,1226.36572265625,760.3171997070312,1247.3197021484375,780.629150390625,1236.8427124023438,770.4731750488281,20.9539794921875,20.31195068359375
IMG_0029.mp4,3818,127.39406072739406,29.97,571,2,traffic_signs,0.3335328698158264,1226.928955078125,758.93359375,1248.4393310546875,780.1063232421875,1237.6841430664062,769.5199584960938,21.5103759765625,21.1727294921875
IMG_0029.mp4,3819,127.42742742742743,29.97,571,2,traffic_signs,0.6228113770484924,1227.52978515625,757.2168579101562,1249.580810546875,778.7798461914062,1238.5552978515625,767.9983520507812,22.051025390625,21.56298828125
IMG_0029.mp4,3820,127.4607941274608,29.97,571,2,traffic_signs,0.5418676733970642,1228.3404541015625,755.7062377929688,1250.552001953125,777.3400268554688,1239.4462280273438,766.5231323242188,22.2115478515625,21.6337890625
IMG_0029.mp4,3821,127.49416082749417,29.97,571,2,traffic_signs,0.6042532324790955,1230.3529052734375,753.947021484375,1251.1995849609375,775.3493041992188,1240.7762451171875,764.6481628417969,20.8466796875,21.40228271484375
IMG_0029.mp4,3822,127.52752752752754,29.97,571,2,traffic_signs,0.5144317746162415,1231.8568115234375,752.35400390625,1251.880615234375,774.0371704101562,1241.8687133789062,763.1955871582031,20.0238037109375,21.68316650390625
IMG_0029.mp4,3823,127.5608942275609,29.97,571,2,traffic_signs,0.8000137209892273,1233.0953369140625,750.9393310546875,1252.9107666015625,772.290283203125,1243.0030517578125,761.6148071289062,19.8154296875,21.3509521484375
IMG_0029.mp4,3824,127.59426092759426,29.97,571,2,traffic_signs,0.7578085660934448,1233.9951171875,749.342529296875,1253.89453125,770.9487915039062,1243.94482421875,760.1456604003906,19.8994140625,21.60626220703125
IMG_0029.mp4,3825,127.62762762762763,29.97,571,2,traffic_signs,0.7874688506126404,1234.320556640625,747.87841796875,1254.711181640625,770.093505859375,1244.515869140625,758.9859619140625,20.390625,22.215087890625
IMG_0029.mp4,3826,127.660994327661,29.97,571,2,traffic_signs,0.7462905645370483,1235.368896484375,746.6932983398438,1255.76220703125,769.4274291992188,1245.5655517578125,758.0603637695312,20.393310546875,22.734130859375
IMG_0029.mp4,3827,127.69436102769437,29.97,571,2,traffic_signs,0.7246246933937073,1236.44140625,745.5887451171875,1256.9656982421875,769.0399780273438,1246.7035522460938,757.3143615722656,20.5242919921875,23.45123291015625
IMG_0029.mp4,3828,127.72772772772774,29.97,571,2,traffic_signs,0.5739186406135559,1237.4332275390625,744.4981689453125,1258.5770263671875,767.9938354492188,1248.005126953125,756.2460021972656,21.143798828125,23.49566650390625
IMG_0029.mp4,3829,127.7610944277611,29.97,571,2,traffic_signs,0.8272247314453125,1238.4373779296875,743.625244140625,1259.732177734375,766.6157836914062,1249.0847778320312,755.1205139160156,21.2947998046875,22.99053955078125
IMG_0029.mp4,3830,127.79446112779446,29.97,571,2,traffic_signs,0.7883349657058716,1239.6248779296875,742.6224365234375,1260.860107421875,765.8895874023438,1250.2424926757812,754.2560119628906,21.2352294921875,23.26715087890625
IMG_0029.mp4,3831,127.82782782782783,29.97,571,2,traffic_signs,0.8191711902618408,1240.82958984375,741.4889526367188,1262.513916015625,764.2073364257812,1251.6717529296875,752.84814453125,21.684326171875,22.7183837890625
IMG_0029.mp4,3832,127.8611945278612,29.97,571,2,traffic_signs,0.8307957053184509,1242.63037109375,739.9420776367188,1263.7471923828125,762.8187255859375,1253.1887817382812,751.3804016113281,21.1168212890625,22.87664794921875
IMG_0029.mp4,3833,127.89456122789457,29.97,571,2,traffic_signs,0.865919828414917,1243.3529052734375,738.31689453125,1264.8515625,761.3468627929688,1254.1022338867188,749.8318786621094,21.4986572265625,23.02996826171875
IMG_0029.mp4,3834,127.92792792792794,29.97,571,2,traffic_signs,0.8590030670166016,1244.091552734375,737.1910400390625,1265.9078369140625,760.4364624023438,1254.9996948242188,748.8137512207031,21.8162841796875,23.24542236328125
IMG_0029.mp4,3835,127.9612946279613,29.97,571,2,traffic_signs,0.8414745330810547,1245.153564453125,735.80810546875,1266.4248046875,759.1748046875,1255.7891845703125,747.491455078125,21.271240234375,23.36669921875
IMG_0029.mp4,3836,127.99466132799466,29.97,571,2,traffic_signs,0.8324906826019287,1246.473876953125,734.7017211914062,1268.16259765625,757.3663330078125,1257.3182373046875,746.0340270996094,21.688720703125,22.66461181640625
IMG_0029.mp4,3837,128.02802802802805,29.97,571,2,traffic_signs,0.846493124961853,1247.81640625,733.9249877929688,1269.6552734375,756.559326171875,1258.73583984375,745.2421569824219,21.8388671875,22.63433837890625
IMG_0029.mp4,3839,128.09476142809476,29.97,579,2,traffic_signs,0.42950424551963806,1480.85009765625,805.3793334960938,1515.0631103515625,838.2639770507812,1497.9566040039062,821.8216552734375,34.2130126953125,32.8846435546875
IMG_0029.mp4,3839,128.09476142809476,29.97,571,2,traffic_signs,0.8542183637619019,1250.541748046875,731.908935546875,1273.05126953125,755.5535888671875,1261.7965087890625,743.7312622070312,22.509521484375,23.6446533203125
IMG_0029.mp4,3840,128.12812812812814,29.97,579,2,traffic_signs,0.6185336112976074,1487.1103515625,803.8504638671875,1523.211181640625,838.2007446289062,1505.1607666015625,821.0256042480469,36.100830078125,34.35028076171875
IMG_0029.mp4,3840,128.12812812812814,29.97,571,2,traffic_signs,0.8436853289604187,1252.201171875,730.7052612304688,1274.5924072265625,754.9956665039062,1263.3967895507812,742.8504638671875,22.3912353515625,24.2904052734375
IMG_0029.mp4,3841,128.1614948281615,29.97,579,2,traffic_signs,0.7835475206375122,1495.48291015625,802.4218139648438,1532.941650390625,838.0856323242188,1514.2122802734375,820.2537231445312,37.458740234375,35.663818359375
IMG_0029.mp4,3841,128.1614948281615,29.97,571,2,traffic_signs,0.836292564868927,1254.35107421875,729.574951171875,1276.6163330078125,753.9527587890625,1265.4837036132812,741.7638549804688,22.2652587890625,24.3778076171875
IMG_0029.mp4,3842,128.19486152819488,29.97,571,2,traffic_signs,0.823667585849762,1256.1280517578125,728.0758666992188,1278.605712890625,752.9774780273438,1267.3668823242188,740.5266723632812,22.4776611328125,24.901611328125
IMG_0029.mp4,3843,128.22822822822823,29.97,571,2,traffic_signs,0.8432603478431702,1257.484130859375,726.7702026367188,1280.460693359375,751.94921875,1268.972412109375,739.3597106933594,22.9765625,25.17901611328125
IMG_0029.mp4,3844,128.2615949282616,29.97,571,2,traffic_signs,0.7346146106719971,1259.1588134765625,725.2490234375,1281.47998046875,751.1058959960938,1270.3193969726562,738.1774597167969,22.3211669921875,25.85687255859375
IMG_0029.mp4,3845,128.29496162829497,29.97,571,2,traffic_signs,0.7864184975624084,1261.2525634765625,724.6185913085938,1283.8006591796875,750.2382202148438,1272.526611328125,737.4284057617188,22.548095703125,25.61962890625
IMG_0029.mp4,3846,128.32832832832833,29.97,571,2,traffic_signs,0.8280344009399414,1263.0118408203125,723.876708984375,1286.134765625,749.0435180664062,1274.5733032226562,736.4601135253906,23.1229248046875,25.16680908203125
IMG_0029.mp4,3847,128.3616950283617,29.97,571,2,traffic_signs,0.8531255125999451,1264.7974853515625,722.921875,1288.25,747.6683349609375,1276.5237426757812,735.2951049804688,23.4525146484375,24.7464599609375
IMG_0029.mp4,3848,128.39506172839506,29.97,571,2,traffic_signs,0.8050251603126526,1267.021484375,721.7472534179688,1289.9569091796875,746.4778442382812,1278.4891967773438,734.112548828125,22.9354248046875,24.7305908203125
IMG_0029.mp4,3848,128.39506172839506,29.97,579,2,traffic_signs,0.5643329620361328,1563.5467529296875,791.8505249023438,1617.6409912109375,839.783203125,1590.5938720703125,815.8168640136719,54.09423828125,47.93267822265625
IMG_0029.mp4,3849,128.42842842842845,29.97,571,2,traffic_signs,0.7875906229019165,1269.271240234375,720.5515747070312,1292.18505859375,745.7974853515625,1280.7281494140625,733.1745300292969,22.913818359375,25.24591064453125
IMG_0029.mp4,3849,128.42842842842845,29.97,579,2,traffic_signs,0.5234526991844177,1578.8568115234375,791.0607299804688,1631.87646484375,838.537109375,1605.3666381835938,814.7989196777344,53.0196533203125,47.47637939453125
IMG_0029.mp4,3850,128.4617951284618,29.97,571,2,traffic_signs,0.8255621790885925,1271.3055419921875,719.4773559570312,1294.3662109375,744.791015625,1282.8358764648438,732.1341857910156,23.0606689453125,25.31365966796875
IMG_0029.mp4,3850,128.4617951284618,29.97,579,2,traffic_signs,0.4188007712364197,1589.4359130859375,789.4091186523438,1648.744140625,836.6921997070312,1619.0900268554688,813.0506591796875,59.3082275390625,47.2830810546875
IMG_0029.mp4,3851,128.49516182849516,29.97,571,2,traffic_signs,0.6656135320663452,1273.711669921875,718.7714233398438,1296.2413330078125,743.9985961914062,1284.9765014648438,731.385009765625,22.5296630859375,25.2271728515625
IMG_0029.mp4,3851,128.49516182849516,29.97,579,2,traffic_signs,0.2896018922328949,1608.6046142578125,788.0009155273438,1665.638427734375,836.4918823242188,1637.1215209960938,812.2463989257812,57.0338134765625,48.490966796875
IMG_0029.mp4,3852,128.52852852852854,29.97,571,2,traffic_signs,0.8662628531455994,1275.4515380859375,718.175537109375,1299.031494140625,743.908203125,1287.2415161132812,731.0418701171875,23.5799560546875,25.732666015625
IMG_0029.mp4,3852,128.52852852852854,29.97,579,2,traffic_signs,0.6390992999076843,1627.8580322265625,786.2428588867188,1683.425537109375,835.3504028320312,1655.6417846679688,810.796630859375,55.5675048828125,49.1075439453125
IMG_0029.mp4,3853,128.5618952285619,29.97,571,2,traffic_signs,0.8708024621009827,1277.498046875,716.4014892578125,1301.8095703125,743.3389282226562,1289.65380859375,729.8702087402344,24.3115234375,26.93743896484375
IMG_0029.mp4,3854,128.59526192859528,29.97,571,2,traffic_signs,0.8763096332550049,1279.8446044921875,715.4540405273438,1304.5389404296875,742.6005859375,1292.1917724609375,729.0273132324219,24.6943359375,27.14654541015625
IMG_0029.mp4,3855,128.62862862862863,29.97,571,2,traffic_signs,0.8859043717384338,1282.0643310546875,714.1593627929688,1307.2762451171875,740.723388671875,1294.6702880859375,727.4413757324219,25.2119140625,26.56402587890625
IMG_0029.mp4,3856,128.661995328662,29.97,571,2,traffic_signs,0.5319172739982605,1284.7012939453125,714.0420532226562,1308.8016357421875,740.3103637695312,1296.75146484375,727.1762084960938,24.100341796875,26.268310546875
IMG_0029.mp4,3857,128.69536202869537,29.97,571,2,traffic_signs,0.8724580407142639,1286.8477783203125,713.3380126953125,1310.9378662109375,739.2398071289062,1298.892822265625,726.2889099121094,24.090087890625,25.90179443359375
IMG_0029.mp4,3858,128.72872872872873,29.97,571,2,traffic_signs,0.8729545474052429,1289.91064453125,712.0177001953125,1312.5880126953125,738.7628784179688,1301.2493286132812,725.3902893066406,22.6773681640625,26.74517822265625
IMG_0029.mp4,3859,128.7620954287621,29.97,571,2,traffic_signs,0.8677887320518494,1292.1246337890625,711.6597900390625,1315.0126953125,737.921875,1303.5686645507812,724.7908325195312,22.8880615234375,26.2620849609375
IMG_0029.mp4,3860,128.79546212879546,29.97,571,2,traffic_signs,0.8688908219337463,1294.9393310546875,710.5706176757812,1318.2552490234375,737.165771484375,1306.5972900390625,723.8681945800781,23.31591796875,26.59515380859375
IMG_0029.mp4,3861,128.82882882882885,29.97,571,2,traffic_signs,0.8546180129051208,1297.21240234375,709.624755859375,1321.416259765625,736.5698852539062,1309.3143310546875,723.0973205566406,24.203857421875,26.94512939453125
IMG_0029.mp4,3862,128.8621955288622,29.97,571,2,traffic_signs,0.8399370312690735,1299.720947265625,708.7891845703125,1324.9683837890625,736.1642456054688,1312.3446655273438,722.4767150878906,25.2474365234375,27.37506103515625
IMG_0029.mp4,3863,128.89556222889556,29.97,571,2,traffic_signs,0.8757902383804321,1302.3021240234375,707.5829467773438,1328.237548828125,735.2056274414062,1315.2698364257812,721.394287109375,25.9354248046875,27.6226806640625
IMG_0029.mp4,3864,128.92892892892894,29.97,571,2,traffic_signs,0.891950786113739,1305.9931640625,706.8192138671875,1332.0906982421875,734.1091918945312,1319.0419311523438,720.4642028808594,26.0975341796875,27.28997802734375
IMG_0029.mp4,3865,128.9622956289623,29.97,571,2,traffic_signs,0.6261146068572998,1309.240478515625,706.0437622070312,1336.315185546875,733.5828247070312,1322.77783203125,719.8132934570312,27.07470703125,27.5390625
IMG_0029.mp4,3866,128.99566232899568,29.97,571,2,traffic_signs,0.8983030319213867,1311.4432373046875,705.7699584960938,1339.96044921875,732.8960571289062,1325.7018432617188,719.3330078125,28.5172119140625,27.1260986328125
IMG_0029.mp4,3867,129.02902902902903,29.97,571,2,traffic_signs,0.8906988501548767,1314.1964111328125,704.5691528320312,1343.6588134765625,731.9033203125,1328.9276123046875,718.2362365722656,29.46240234375,27.33416748046875
IMG_0029.mp4,3868,129.0623957290624,29.97,571,2,traffic_signs,0.7387605309486389,1317.037353515625,703.936767578125,1346.3048095703125,731.2664794921875,1331.6710815429688,717.6016235351562,29.2674560546875,27.3297119140625
IMG_0029.mp4,3869,129.09576242909577,29.97,571,2,traffic_signs,0.88008713722229,1320.1900634765625,703.050537109375,1349.6507568359375,730.8131713867188,1334.92041015625,716.9318542480469,29.460693359375,27.76263427734375
IMG_0029.mp4,3870,129.12912912912913,29.97,571,2,traffic_signs,0.8864672183990479,1323.88671875,702.7465209960938,1353.3096923828125,730.373291015625,1338.5982055664062,716.5599060058594,29.4229736328125,27.62677001953125
IMG_0029.mp4,3871,129.1624958291625,29.97,571,2,traffic_signs,0.9064374566078186,1327.1929931640625,701.5502319335938,1357.5252685546875,729.253173828125,1342.359130859375,715.4017028808594,30.332275390625,27.70294189453125
IMG_0029.mp4,3872,129.19586252919586,29.97,571,2,traffic_signs,0.8943427801132202,1330.9041748046875,701.1300659179688,1361.7529296875,728.8017578125,1346.3285522460938,714.9659118652344,30.8487548828125,27.67169189453125
IMG_0029.mp4,3873,129.22922922922925,29.97,571,2,traffic_signs,0.8827224969863892,1333.7586669921875,700.9244995117188,1364.95751953125,728.6798095703125,1349.3580932617188,714.8021545410156,31.1988525390625,27.75531005859375
IMG_0029.mp4,3874,129.2625959292626,29.97,571,2,traffic_signs,0.883193850517273,1336.894775390625,700.6312255859375,1367.8826904296875,727.3060913085938,1352.3887329101562,713.9686584472656,30.9879150390625,26.67486572265625
IMG_0029.mp4,3875,129.29596262929596,29.97,571,2,traffic_signs,0.8629924654960632,1340.2747802734375,699.69677734375,1371.1956787109375,726.8672485351562,1355.7352294921875,713.2820129394531,30.9208984375,27.17047119140625
IMG_0029.mp4,3876,129.32932932932934,29.97,571,2,traffic_signs,0.8811857104301453,1343.9080810546875,699.2490234375,1373.972900390625,726.7437133789062,1358.9404907226562,712.9963684082031,30.0648193359375,27.49468994140625
IMG_0029.mp4,3877,129.3626960293627,29.97,571,2,traffic_signs,0.8824540376663208,1346.5155029296875,698.6539306640625,1377.06982421875,726.3604736328125,1361.7926635742188,712.5072021484375,30.5543212890625,27.70654296875
IMG_0029.mp4,3878,129.39606272939608,29.97,571,2,traffic_signs,0.8841683268547058,1349.7861328125,698.3900756835938,1379.5201416015625,725.606689453125,1364.6531372070312,711.9983825683594,29.7340087890625,27.21661376953125
IMG_0029.mp4,3879,129.42942942942943,29.97,571,2,traffic_signs,0.8584807515144348,1353.8836669921875,696.9089965820312,1384.4974365234375,724.800537109375,1369.1905517578125,710.8547668457031,30.61376953125,27.89154052734375
IMG_0029.mp4,3880,129.4627961294628,29.97,571,2,traffic_signs,0.8549208045005798,1356.8974609375,696.246826171875,1387.7587890625,724.1036987304688,1372.328125,710.1752624511719,30.861328125,27.85687255859375
IMG_0029.mp4,3881,129.49616282949617,29.97,571,2,traffic_signs,0.8659436106681824,1360.8853759765625,695.3306884765625,1392.2265625,723.5419921875,1376.5559692382812,709.4363403320312,31.3411865234375,28.2113037109375
IMG_0029.mp4,3882,129.52952952952953,29.97,571,2,traffic_signs,0.6912890076637268,1364.030029296875,694.8473510742188,1395.6123046875,722.7274780273438,1379.8211669921875,708.7874145507812,31.582275390625,27.880126953125
IMG_0029.mp4,3883,129.5628962295629,29.97,571,2,traffic_signs,0.7124487161636353,1367.958984375,693.64013671875,1399.249755859375,722.502197265625,1383.6043701171875,708.0711669921875,31.290771484375,28.862060546875
IMG_0029.mp4,3884,129.59626292959626,29.97,571,2,traffic_signs,0.7290477752685547,1371.0418701171875,692.8961181640625,1402.639892578125,722.2227783203125,1386.8408813476562,707.5594482421875,31.5980224609375,29.32666015625
IMG_0029.mp4,3885,129.62962962962965,29.97,571,2,traffic_signs,0.5065730810165405,1374.7652587890625,692.2362670898438,1407.2542724609375,721.0037231445312,1391.009765625,706.6199951171875,32.489013671875,28.7674560546875
IMG_0029.mp4,3886,129.662996329663,29.97,571,2,traffic_signs,0.8415822982788086,1378.1361083984375,690.9949951171875,1410.8182373046875,720.2841186523438,1394.4771728515625,705.6395568847656,32.68212890625,29.28912353515625
IMG_0029.mp4,3887,129.69636302969636,29.97,571,2,traffic_signs,0.8212792873382568,1380.675048828125,690.1890869140625,1413.8184814453125,720.2432861328125,1397.2467651367188,705.2161865234375,33.1434326171875,30.05419921875
IMG_0029.mp4,3888,129.72972972972974,29.97,571,2,traffic_signs,0.7552143335342407,1382.7935791015625,689.6879272460938,1416.6837158203125,720.0853271484375,1399.7386474609375,704.8866271972656,33.89013671875,30.39739990234375
IMG_0029.mp4,3889,129.7630964297631,29.97,571,2,traffic_signs,0.6475266218185425,1387.1534423828125,688.147705078125,1421.737548828125,719.1873779296875,1404.4454956054688,703.6675415039062,34.5841064453125,31.0396728515625
IMG_0029.mp4,3890,129.79646312979648,29.97,571,2,traffic_signs,0.8563759326934814,1389.91943359375,687.2343139648438,1424.894775390625,718.8609008789062,1407.4071044921875,703.047607421875,34.975341796875,31.6265869140625
IMG_0029.mp4,3891,129.82982982982983,29.97,571,2,traffic_signs,0.6867117881774902,1393.7425537109375,685.831787109375,1429.47900390625,718.1298217773438,1411.6107788085938,701.9808044433594,35.7364501953125,32.29803466796875
IMG_0029.mp4,3892,129.8631965298632,29.97,571,2,traffic_signs,0.7830579280853271,1396.258056640625,685.4464111328125,1431.9056396484375,717.30615234375,1414.0818481445312,701.3762817382812,35.6475830078125,31.8597412109375
IMG_0029.mp4,3893,129.89656322989657,29.97,571,2,traffic_signs,0.7225304245948792,1401.4495849609375,683.4959106445312,1435.81787109375,716.0772705078125,1418.6337280273438,699.7865905761719,34.3682861328125,32.58135986328125
IMG_0029.mp4,3894,129.92992992992993,29.97,571,2,traffic_signs,0.2709443271160126,1405.039306640625,682.564453125,1438.572509765625,714.519287109375,1421.805908203125,698.5418701171875,33.533203125,31.954833984375
IMG_0029.mp4,3897,130.03003003003005,29.97,571,2,traffic_signs,0.5633472204208374,1412.179443359375,678.6630249023438,1448.446044921875,711.673095703125,1430.312744140625,695.1680603027344,36.2666015625,33.01007080078125
IMG_0029.mp4,3898,130.0633967300634,29.97,585,2,traffic_signs,0.784769594669342,1628.69287109375,907.0777587890625,1661.478271484375,926.3948974609375,1645.0855712890625,916.736328125,32.785400390625,19.317138671875
IMG_0029.mp4,3898,130.0633967300634,29.97,571,2,traffic_signs,0.6238064169883728,1417.444580078125,676.6890869140625,1453.8251953125,710.5964965820312,1435.6348876953125,693.6427917480469,36.380615234375,33.90740966796875
IMG_0029.mp4,3899,130.09676343009676,29.97,585,2,traffic_signs,0.8555187582969666,1649.1944580078125,911.053466796875,1684.312255859375,931.310546875,1666.7533569335938,921.1820068359375,35.1177978515625,20.257080078125
IMG_0029.mp4,3899,130.09676343009676,29.97,571,2,traffic_signs,0.5449594259262085,1419.53369140625,675.8729248046875,1458.61376953125,709.626953125,1439.07373046875,692.7499389648438,39.080078125,33.7540283203125
IMG_0029.mp4,3900,130.13013013013014,29.97,585,2,traffic_signs,0.8657321929931641,1673.151123046875,916.317626953125,1710.151611328125,937.2659912109375,1691.6513671875,926.7918090820312,37.00048828125,20.9483642578125
IMG_0029.mp4,3900,130.13013013013014,29.97,571,2,traffic_signs,0.7696364521980286,1423.397705078125,674.7172241210938,1462.255859375,708.9635009765625,1442.8267822265625,691.8403625488281,38.858154296875,34.24627685546875
IMG_0029.mp4,3901,130.1634968301635,29.97,585,2,traffic_signs,0.778246283531189,1699.9178466796875,920.8693237304688,1739.8638916015625,943.162353515625,1719.890869140625,932.0158386230469,39.946044921875,22.29302978515625
IMG_0029.mp4,3901,130.1634968301635,29.97,571,2,traffic_signs,0.7291795611381531,1427.10791015625,673.2380981445312,1466.1656494140625,707.9361572265625,1446.6367797851562,690.5871276855469,39.0577392578125,34.69805908203125
IMG_0029.mp4,3902,130.19686353019688,29.97,585,2,traffic_signs,0.7325729727745056,1726.621826171875,927.7257080078125,1769.39306640625,949.8062744140625,1748.0074462890625,938.7659912109375,42.771240234375,22.08056640625
IMG_0029.mp4,3902,130.19686353019688,29.97,571,2,traffic_signs,0.7664903402328491,1428.93359375,672.4345703125,1468.73828125,707.8727416992188,1448.8359375,690.1536560058594,39.8046875,35.43817138671875
IMG_0029.mp4,3903,130.23023023023023,29.97,571,2,traffic_signs,0.8025047779083252,1431.0390625,670.881103515625,1472.2537841796875,706.5430908203125,1451.6464233398438,688.7120971679688,41.2147216796875,35.6619873046875
IMG_0029.mp4,3904,130.2635969302636,29.97,571,2,traffic_signs,0.837647557258606,1431.4862060546875,669.886962890625,1473.9886474609375,705.6468505859375,1452.7374267578125,687.7669067382812,42.50244140625,35.7598876953125
IMG_0029.mp4,3905,130.29696363029697,29.97,571,2,traffic_signs,0.8232153654098511,1437.1754150390625,668.5679321289062,1479.5843505859375,703.9808349609375,1458.3798828125,686.2743835449219,42.408935546875,35.41290283203125
IMG_0029.mp4,3906,130.33033033033033,29.97,571,2,traffic_signs,0.8278259634971619,1439.2607421875,667.2619018554688,1481.6748046875,702.4454956054688,1460.4677734375,684.8536987304688,42.4140625,35.18359375
IMG_0029.mp4,3907,130.3636970303637,29.97,571,2,traffic_signs,0.8279704451560974,1443.55322265625,665.154541015625,1485.209228515625,700.1697998046875,1464.3812255859375,682.6621704101562,41.656005859375,35.0152587890625
IMG_0029.mp4,3908,130.39706373039706,29.97,571,2,traffic_signs,0.7766923904418945,1446.785400390625,663.832763671875,1487.2818603515625,699.0775146484375,1467.0336303710938,681.4551391601562,40.4964599609375,35.2447509765625
IMG_0029.mp4,3909,130.43043043043045,29.97,571,2,traffic_signs,0.5074543356895447,1450.776611328125,661.3919067382812,1493.311279296875,697.5888061523438,1472.0439453125,679.4903564453125,42.53466796875,36.1968994140625
IMG_0029.mp4,3911,130.49716383049716,29.97,571,2,traffic_signs,0.461341917514801,1456.441162109375,656.7725830078125,1499.7640380859375,693.81103515625,1478.1026000976562,675.2918090820312,43.3228759765625,37.0384521484375
IMG_0029.mp4,3912,130.53053053053054,29.97,571,2,traffic_signs,0.626988410949707,1460.8717041015625,654.2071533203125,1505.6422119140625,692.0928955078125,1483.2569580078125,673.1500244140625,44.7705078125,37.8857421875
IMG_0029.mp4,3913,130.5638972305639,29.97,571,2,traffic_signs,0.7936294078826904,1459.92138671875,653.9822387695312,1506.2264404296875,692.9765625,1483.0739135742188,673.4794006347656,46.3050537109375,38.99432373046875
IMG_0029.mp4,3914,130.59726393059728,29.97,571,2,traffic_signs,0.8252833485603333,1463.3773193359375,652.372802734375,1510.5166015625,691.2522583007812,1486.9469604492188,671.8125305175781,47.1392822265625,38.87945556640625
IMG_0029.mp4,3915,130.63063063063063,29.97,571,2,traffic_signs,0.776595950126648,1467.554443359375,650.5684204101562,1513.9510498046875,689.9285888671875,1490.7527465820312,670.2485046386719,46.3966064453125,39.36016845703125
IMG_0029.mp4,3916,130.663997330664,29.97,571,2,traffic_signs,0.7254950404167175,1469.6778564453125,650.0001220703125,1515.636962890625,688.2689208984375,1492.6574096679688,669.134521484375,45.9591064453125,38.268798828125
IMG_0029.mp4,3917,130.69736403069737,29.97,571,2,traffic_signs,0.7998665571212769,1472.6890869140625,647.8268432617188,1518.74853515625,686.3001098632812,1495.7188110351562,667.0634765625,46.0594482421875,38.4732666015625
IMG_0029.mp4,3918,130.73073073073073,29.97,571,2,traffic_signs,0.8402876257896423,1475.0596923828125,646.2467651367188,1521.1666259765625,684.9797973632812,1498.1131591796875,665.61328125,46.10693359375,38.7330322265625
IMG_0029.mp4,3919,130.7640974307641,29.97,571,2,traffic_signs,0.8334611654281616,1477.5550537109375,643.9042358398438,1525.3880615234375,683.1234130859375,1501.4715576171875,663.5138244628906,47.8330078125,39.21917724609375
IMG_0029.mp4,3920,130.79746413079747,29.97,571,2,traffic_signs,0.85565185546875,1479.6524658203125,641.4781494140625,1528.736083984375,681.4935913085938,1504.1942749023438,661.4858703613281,49.0836181640625,40.01544189453125
IMG_0029.mp4,3921,130.83083083083085,29.97,571,2,traffic_signs,0.9004663825035095,1485.3223876953125,637.796630859375,1535.32177734375,678.8816528320312,1510.3220825195312,658.3391418457031,49.9993896484375,41.08502197265625
IMG_0029.mp4,3922,130.8641975308642,29.97,571,2,traffic_signs,0.8664165735244751,1486.7962646484375,636.57666015625,1536.28857421875,677.1797485351562,1511.5424194335938,656.8782043457031,49.4923095703125,40.60308837890625
IMG_0029.mp4,3923,130.89756423089756,29.97,571,2,traffic_signs,0.7829604744911194,1490.03955078125,633.8273315429688,1539.907958984375,675.4625854492188,1514.9737548828125,654.6449584960938,49.868408203125,41.63525390625
IMG_0029.mp4,3924,130.93093093093094,29.97,571,2,traffic_signs,0.8324581384658813,1492.6614990234375,631.2680053710938,1543.1932373046875,673.6729736328125,1517.9273681640625,652.4704895019531,50.53173828125,42.40496826171875
IMG_0029.mp4,3925,130.9642976309643,29.97,571,2,traffic_signs,0.857224702835083,1495.6932373046875,629.3042602539062,1547.0029296875,671.9135131835938,1521.3480834960938,650.60888671875,51.3096923828125,42.6092529296875
IMG_0029.mp4,3926,130.99766433099768,29.97,571,2,traffic_signs,0.8596023917198181,1499.2208251953125,626.82373046875,1551.4425048828125,669.4396362304688,1525.3316650390625,648.1316833496094,52.2216796875,42.61590576171875
IMG_0029.mp4,3927,131.03103103103103,29.97,571,2,traffic_signs,0.6997930407524109,1502.74609375,624.049072265625,1555.08349609375,667.1519775390625,1528.914794921875,645.6005249023438,52.33740234375,43.1029052734375
IMG_0029.mp4,3928,131.0643977310644,29.97,571,2,traffic_signs,0.7085129618644714,1505.994140625,620.5182495117188,1558.7059326171875,664.8172607421875,1532.3500366210938,642.6677551269531,52.7117919921875,44.29901123046875
IMG_0029.mp4,3929,131.09776443109777,29.97,571,2,traffic_signs,0.8183959722518921,1509.0576171875,617.6060791015625,1563.3277587890625,663.7733154296875,1536.1926879882812,640.689697265625,54.2701416015625,46.167236328125
IMG_0029.mp4,3930,131.13113113113113,29.97,571,2,traffic_signs,0.837040901184082,1513.6529541015625,614.7594604492188,1568.70458984375,660.7750244140625,1541.1787719726562,637.7672424316406,55.0516357421875,46.01556396484375
IMG_0029.mp4,3931,131.1644978311645,29.97,571,2,traffic_signs,0.8133651614189148,1517.228271484375,611.8253784179688,1573.4681396484375,658.1787719726562,1545.3482055664062,635.0020751953125,56.2398681640625,46.3533935546875
IMG_0029.mp4,3932,131.19786453119787,29.97,571,2,traffic_signs,0.7900254726409912,1522.7779541015625,608.5348510742188,1579.4237060546875,655.676025390625,1551.100830078125,632.1054382324219,56.645751953125,47.14117431640625
IMG_0029.mp4,3933,131.23123123123125,29.97,571,2,traffic_signs,0.7337871193885803,1526.1934814453125,605.3096923828125,1583.1934814453125,653.2261962890625,1554.6934814453125,629.2679443359375,57.0,47.91650390625
IMG_0029.mp4,3934,131.2645979312646,29.97,571,2,traffic_signs,0.8005380630493164,1529.92626953125,602.2977905273438,1588.5029296875,650.9798583984375,1559.214599609375,626.6388244628906,58.57666015625,48.68206787109375
IMG_0029.mp4,3935,131.29796463129796,29.97,571,2,traffic_signs,0.6230309009552002,1534.080078125,598.7584228515625,1593.6820068359375,648.1995239257812,1563.8810424804688,623.4789733886719,59.6019287109375,49.44110107421875
IMG_0029.mp4,3936,131.33133133133134,29.97,571,2,traffic_signs,0.8529823422431946,1538.12939453125,595.2401123046875,1598.4554443359375,644.5928955078125,1568.2924194335938,619.91650390625,60.3260498046875,49.352783203125
IMG_0029.mp4,3937,131.3646980313647,29.97,571,2,traffic_signs,0.8553892374038696,1543.064208984375,592.232177734375,1603.8052978515625,642.0822143554688,1573.4347534179688,617.1571960449219,60.7410888671875,49.85003662109375
IMG_0029.mp4,3938,131.39806473139808,29.97,571,2,traffic_signs,0.8690460920333862,1547.6226806640625,588.949951171875,1609.445068359375,639.0897216796875,1578.5338745117188,614.0198364257812,61.8223876953125,50.1397705078125
IMG_0029.mp4,3939,131.43143143143143,29.97,571,2,traffic_signs,0.883902907371521,1553.2369384765625,583.8245849609375,1617.8648681640625,634.8368530273438,1585.5509033203125,609.3307189941406,64.6279296875,51.01226806640625
IMG_0029.mp4,3940,131.4647981314648,29.97,571,2,traffic_signs,0.7775917649269104,1558.243408203125,580.3178100585938,1623.6181640625,631.3982543945312,1590.9307861328125,605.8580322265625,65.374755859375,51.0804443359375
IMG_0029.mp4,3941,131.49816483149817,29.97,571,2,traffic_signs,0.8349806666374207,1564.16357421875,576.0516967773438,1632.4525146484375,627.8804321289062,1598.3080444335938,601.966064453125,68.2889404296875,51.8287353515625
IMG_0029.mp4,3942,131.53153153153153,29.97,571,2,traffic_signs,0.26685813069343567,1570.02294921875,571.6638793945312,1636.9921875,624.16455078125,1603.507568359375,597.9142150878906,66.96923828125,52.50067138671875
IMG_0029.mp4,3943,131.5648982315649,29.97,571,2,traffic_signs,0.8222830891609192,1575.83935546875,567.3859252929688,1644.033203125,620.6722412109375,1609.936279296875,594.0290832519531,68.19384765625,53.28631591796875
IMG_0029.mp4,3944,131.59826493159827,29.97,571,2,traffic_signs,0.6701421141624451,1581.67041015625,562.7603149414062,1653.6031494140625,617.5150756835938,1617.6367797851562,590.1376953125,71.9327392578125,54.7547607421875
IMG_0029.mp4,3945,131.63163163163165,29.97,571,2,traffic_signs,0.6223390102386475,1588.636962890625,557.9635620117188,1660.8951416015625,613.3077392578125,1624.7660522460938,585.6356506347656,72.2581787109375,55.34417724609375
IMG_0029.mp4,3946,131.664998331665,29.97,571,2,traffic_signs,0.35347166657447815,1595.289794921875,551.4530029296875,1667.72900390625,609.2190551757812,1631.5093994140625,580.3360290527344,72.439208984375,57.76605224609375
IMG_0029.mp4,3947,131.69836503169836,29.97,571,2,traffic_signs,0.6693357229232788,1602.7899169921875,546.9595336914062,1678.9876708984375,605.540283203125,1640.8887939453125,576.2499084472656,76.19775390625,58.58074951171875
IMG_0029.mp4,3947,131.69836503169836,29.97,590,2,traffic_signs,0.39335018396377563,1601.3526611328125,547.2322387695312,1680.1292724609375,605.7642211914062,1640.740966796875,576.4982299804688,78.776611328125,58.531982421875
IMG_0029.mp4,3948,131.73173173173174,29.97,571,2,traffic_signs,0.8782663941383362,1609.3568115234375,544.5530395507812,1689.7723388671875,601.4140625,1649.5645751953125,572.9835510253906,80.41552734375,56.86102294921875
IMG_0029.mp4,3949,131.7650984317651,29.97,571,2,traffic_signs,0.8638425469398499,1616.5643310546875,544.3287963867188,1698.9852294921875,597.6852416992188,1657.7747802734375,571.0070190429688,82.4208984375,53.3564453125
IMG_0029.mp4,3950,131.79846513179848,29.97,571,2,traffic_signs,0.8406260013580322,1623.8704833984375,546.2672729492188,1704.01220703125,592.7295532226562,1663.9413452148438,569.4984130859375,80.1417236328125,46.4622802734375
IMG_0029.mp4,3951,131.83183183183183,29.97,571,2,traffic_signs,0.89053875207901,1633.524658203125,549.3239135742188,1705.689208984375,586.4585571289062,1669.60693359375,567.8912353515625,72.16455078125,37.1346435546875
IMG_0029.mp4,3952,131.8651985318652,29.97,571,2,traffic_signs,0.7644660472869873,1638.4451904296875,553.310546875,1708.3538818359375,584.554443359375,1673.3995361328125,568.9324951171875,69.90869140625,31.243896484375
IMG_0029.mp4,3973,132.5658992325659,29.97,594,2,traffic_signs,0.7034367322921753,1655.445068359375,688.9443359375,1920.0,762.10546875,1787.7225341796875,725.52490234375,264.554931640625,73.1611328125
IMG_0029.mp4,3974,132.59926593259928,29.97,594,2,traffic_signs,0.7650404572486877,1674.751953125,687.2705688476562,1920.0,760.2957763671875,1797.3759765625,723.7831726074219,245.248046875,73.02520751953125
IMG_0029.mp4,3975,132.63263263263264,29.97,594,2,traffic_signs,0.9016929268836975,1701.002685546875,682.1085205078125,1920.0,757.4398193359375,1810.5013427734375,719.774169921875,218.997314453125,75.331298828125
IMG_0029.mp4,3976,132.66599933266602,29.97,594,2,traffic_signs,0.8747631907463074,1728.133056640625,679.1626586914062,1920.0,753.9962158203125,1824.0665283203125,716.5794372558594,191.866943359375,74.83355712890625
IMG_0029.mp4,3977,132.69936603269937,29.97,594,2,traffic_signs,0.7862803339958191,1754.1099853515625,673.3897094726562,1920.0,749.2674560546875,1837.0549926757812,711.3285827636719,165.8900146484375,75.87774658203125
IMG_0029.mp4,3978,132.73273273273273,29.97,594,2,traffic_signs,0.31973162293434143,1783.098388671875,668.3864135742188,1920.0,744.7516479492188,1851.5491943359375,706.5690307617188,136.901611328125,76.365234375
IMG_0029.mp4,3978,132.73273273273273,29.97,595,2,traffic_signs,0.7839391827583313,1595.961181640625,703.1522827148438,1774.8154296875,785.0279541015625,1685.3883056640625,744.0901184082031,178.854248046875,81.87567138671875
IMG_0029.mp4,3979,132.7660994327661,29.97,595,2,traffic_signs,0.512158989906311,1608.3612060546875,697.1629028320312,1806.6607666015625,784.1444091796875,1707.510986328125,740.6536560058594,198.299560546875,86.98150634765625
IMG_0029.mp4,3980,132.79946613279947,29.97,595,2,traffic_signs,0.28837528824806213,1637.41748046875,689.9694213867188,1846.3282470703125,782.1978759765625,1741.8728637695312,736.0836486816406,208.9107666015625,92.22845458984375
IMG_0029.mp4,4102,136.8702035368702,29.97,605,0,auth_label,0.5318639874458313,1372.4652099609375,815.0494384765625,1682.3563232421875,864.8287963867188,1527.4107666015625,839.9391174316406,309.89111328125,49.77935791015625
IMG_0029.mp4,4104,136.93693693693695,29.97,605,0,auth_label,0.376463919878006,1377.5638427734375,815.4634399414062,1726.6639404296875,871.2744750976562,1552.1138916015625,843.3689575195312,349.10009765625,55.81103515625
IMG_0029.mp4,4105,136.9703036369703,29.97,605,0,auth_label,0.8134830594062805,1382.7081298828125,813.7318115234375,1734.80517578125,871.5668334960938,1558.7566528320312,842.6493225097656,352.0970458984375,57.83502197265625
IMG_0029.mp4,4106,137.00367033700368,29.97,605,0,auth_label,0.6220006942749023,1406.2928466796875,814.7591552734375,1744.928466796875,870.2241821289062,1575.6106567382812,842.4916687011719,338.6356201171875,55.46502685546875
IMG_0029.mp4,4107,137.03703703703704,29.97,605,0,auth_label,0.45887672901153564,1413.22412109375,813.3253784179688,1775.3138427734375,872.6464233398438,1594.2689819335938,842.9859008789062,362.0897216796875,59.321044921875
IMG_0029.mp4,4127,137.70437103770436,29.97,610,2,traffic_signs,0.41948139667510986,462.6719970703125,712.9401245117188,501.34161376953125,880.3828125,482.0068054199219,796.6614685058594,38.66961669921875,167.44268798828125
IMG_0029.mp4,4128,137.73773773773775,29.97,610,2,traffic_signs,0.4823892414569855,451.1156005859375,711.507568359375,490.0663146972656,874.870849609375,470.59095764160156,793.189208984375,38.950714111328125,163.36328125
IMG_0029.mp4,4134,137.93793793793793,29.97,611,2,traffic_signs,0.6402790546417236,368.444580078125,892.1942749023438,451.7423095703125,1013.9238891601562,410.09344482421875,953.05908203125,83.2977294921875,121.7296142578125
IMG_0029.mp4,4135,137.97130463797131,29.97,611,2,traffic_signs,0.8492529392242432,336.7938537597656,895.1307373046875,427.827392578125,1022.7843627929688,382.3106231689453,958.9575500488281,91.03353881835938,127.65362548828125
IMG_0029.mp4,4138,138.0714047380714,29.97,614,2,traffic_signs,0.5488569736480713,209.87472534179688,906.0546875,330.5036315917969,1051.9300537109375,270.1891784667969,978.9923706054688,120.62890625,145.8753662109375
IMG_0029.mp4,4138,138.0714047380714,29.97,615,2,traffic_signs,0.8046289086341858,292.6248474121094,691.7479248046875,351.5719299316406,755.0757446289062,322.098388671875,723.4118347167969,58.94708251953125,63.32781982421875
IMG_0029.mp4,4139,138.10477143810476,29.97,615,2,traffic_signs,0.8131042718887329,274.23321533203125,688.9136352539062,334.88507080078125,754.2015380859375,304.55914306640625,721.5575866699219,60.65185546875,65.28790283203125
IMG_0029.mp4,4140,138.13813813813815,29.97,615,2,traffic_signs,0.5418575406074524,253.45130920410156,684.4063720703125,316.58209228515625,752.0248413085938,285.0167007446289,718.2156066894531,63.13078308105469,67.61846923828125
IMG_0029.mp4,4141,138.1715048381715,29.97,615,2,traffic_signs,0.7897798418998718,231.1676788330078,680.2166748046875,298.57635498046875,750.9633178710938,264.8720169067383,715.5899963378906,67.40867614746094,70.74664306640625
IMG_0029.mp4,4142,138.20487153820488,29.97,615,2,traffic_signs,0.8309289216995239,207.8910369873047,676.7207641601562,277.47393798828125,749.2689208984375,242.68248748779297,712.9948425292969,69.58290100097656,72.54815673828125
IMG_0029.mp4,4143,138.23823823823824,29.97,615,2,traffic_signs,0.7941045761108398,184.39566040039062,673.8026123046875,258.5101318359375,747.9417724609375,221.45289611816406,710.8721923828125,74.11447143554688,74.13916015625
IMG_0029.mp4,4144,138.27160493827162,29.97,615,2,traffic_signs,0.6028397679328918,160.72178649902344,670.2496337890625,237.94479370117188,745.7997436523438,199.33329010009766,708.0246887207031,77.22300720214844,75.55010986328125
IMG_0029.mp4,4145,138.30497163830498,29.97,615,2,traffic_signs,0.8975746631622314,134.11546325683594,666.067626953125,214.61561584472656,743.8624877929688,174.36553955078125,704.9650573730469,80.50015258789062,77.79486083984375
IMG_0029.mp4,4146,138.33833833833833,29.97,615,2,traffic_signs,0.7706028819084167,108.49327850341797,661.9351196289062,191.8684539794922,742.1824340820312,150.18086624145508,702.0587768554688,83.37517547607422,80.247314453125
IMG_0029.mp4,4147,138.37170503837172,29.97,615,2,traffic_signs,0.892401397228241,79.85730743408203,657.9061279296875,167.51528930664062,739.5094604492188,123.68629837036133,698.7077941894531,87.6579818725586,81.60333251953125
IMG_0029.mp4,4148,138.40507173840507,29.97,615,2,traffic_signs,0.904771625995636,48.57358932495117,653.1159057617188,142.60653686523438,736.8389892578125,95.59006309509277,694.9774475097656,94.0329475402832,83.72308349609375
IMG_0029.mp4,4149,138.43843843843845,29.97,615,2,traffic_signs,0.8940067887306213,16.814149856567383,648.8700561523438,115.61510467529297,735.0562744140625,66.21462726593018,691.9631652832031,98.80095481872559,86.18621826171875
IMG_0029.mp4,4150,138.4718051384718,29.97,615,2,traffic_signs,0.8719015717506409,0.0,644.665771484375,88.39250183105469,732.706787109375,44.196250915527344,688.686279296875,88.39250183105469,88.041015625
IMG_0029.mp4,4151,138.50517183850516,29.97,615,2,traffic_signs,0.701900839805603,0.0,640.3373413085938,58.28638458251953,730.2893676757812,29.143192291259766,685.3133544921875,58.28638458251953,89.9520263671875
IMG_0029.mp4,4169,139.10577243910578,29.97,620,2,traffic_signs,0.4898817241191864,1681.490478515625,790.7120361328125,1761.2730712890625,818.7020874023438,1721.3817749023438,804.7070617675781,79.7825927734375,27.99005126953125
IMG_0029.mp4,4170,139.13913913913913,29.97,620,2,traffic_signs,0.47136390209198,1696.69091796875,790.1262817382812,1773.7740478515625,818.9925537109375,1735.2324829101562,804.5594177246094,77.0831298828125,28.86627197265625
IMG_0029.mp4,4193,139.90657323990658,29.97,622,2,traffic_signs,0.40570178627967834,1284.4649658203125,766.9496459960938,1303.18115234375,783.0332641601562,1293.8230590820312,774.991455078125,18.7161865234375,16.0836181640625
IMG_0029.mp4,4194,139.93993993993993,29.97,622,2,traffic_signs,0.5464916229248047,1284.587158203125,766.682861328125,1303.1124267578125,782.5079345703125,1293.8497924804688,774.5953979492188,18.5252685546875,15.8250732421875
IMG_0029.mp4,4195,139.97330663997332,29.97,622,2,traffic_signs,0.6337662935256958,1284.504150390625,766.1898803710938,1303.6075439453125,782.2342529296875,1294.0558471679688,774.2120666503906,19.1033935546875,16.04437255859375
IMG_0029.mp4,4196,140.00667334000667,29.97,622,2,traffic_signs,0.7004729509353638,1284.435791015625,765.9329223632812,1304.0335693359375,781.6825561523438,1294.2346801757812,773.8077392578125,19.5977783203125,15.7496337890625
IMG_0029.mp4,4197,140.04004004004005,29.97,622,2,traffic_signs,0.6969705820083618,1284.4796142578125,765.3516235351562,1304.6494140625,781.7182006835938,1294.5645141601562,773.534912109375,20.1697998046875,16.3665771484375
IMG_0029.mp4,4198,140.0734067400734,29.97,622,2,traffic_signs,0.7603052854537964,1284.4857177734375,764.9899291992188,1305.2720947265625,781.8466796875,1294.87890625,773.4183044433594,20.786376953125,16.85675048828125
IMG_0029.mp4,4199,140.1067734401068,29.97,622,2,traffic_signs,0.4725499153137207,1284.5594482421875,764.4307861328125,1306.0869140625,781.9801635742188,1295.3231811523438,773.2054748535156,21.5274658203125,17.54937744140625
IMG_0029.mp4,4200,140.14014014014015,29.97,622,2,traffic_signs,0.8093127608299255,1284.4678955078125,764.1182861328125,1305.804443359375,782.1473388671875,1295.1361694335938,773.1328125,21.3365478515625,18.029052734375
IMG_0029.mp4,4201,140.1735068401735,29.97,622,2,traffic_signs,0.80176842212677,1284.59619140625,763.7968139648438,1305.78466796875,782.3441162109375,1295.1904296875,773.0704650878906,21.1884765625,18.54730224609375
IMG_0029.mp4,4202,140.20687354020689,29.97,622,2,traffic_signs,0.8119564652442932,1284.5565185546875,763.4917602539062,1305.920654296875,782.4348754882812,1295.2385864257812,772.9633178710938,21.3641357421875,18.943115234375
IMG_0029.mp4,4203,140.24024024024024,29.97,622,2,traffic_signs,0.7268112897872925,1284.2750244140625,763.3283081054688,1305.9852294921875,782.4291381835938,1295.130126953125,772.8787231445312,21.710205078125,19.100830078125
IMG_0029.mp4,4204,140.27360694027362,29.97,622,2,traffic_signs,0.7679296135902405,1284.1346435546875,763.5496826171875,1305.1456298828125,782.3431396484375,1294.64013671875,772.9464111328125,21.010986328125,18.79345703125
IMG_0029.mp4,4205,140.30697364030698,29.97,622,2,traffic_signs,0.6602607369422913,1284.2374267578125,763.0708618164062,1305.379150390625,782.2454223632812,1294.8082885742188,772.6581420898438,21.1417236328125,19.174560546875
IMG_0029.mp4,4206,140.34034034034033,29.97,622,2,traffic_signs,0.6602248549461365,1284.271728515625,762.3439331054688,1305.985595703125,782.029052734375,1295.128662109375,772.1864929199219,21.7138671875,19.68511962890625
IMG_0029.mp4,4207,140.37370704037372,29.97,622,2,traffic_signs,0.6927132606506348,1284.501708984375,762.126953125,1305.97802734375,781.8958740234375,1295.2398681640625,772.0114135742188,21.476318359375,19.7689208984375
IMG_0029.mp4,4208,140.40707374040707,29.97,622,2,traffic_signs,0.7585166096687317,1284.6468505859375,761.8621215820312,1305.6239013671875,781.6473388671875,1295.1353759765625,771.7547302246094,20.97705078125,19.78521728515625
IMG_0029.mp4,4209,140.44044044044045,29.97,622,2,traffic_signs,0.7022956013679504,1284.5535888671875,761.1708374023438,1305.639892578125,781.3474731445312,1295.0967407226562,771.2591552734375,21.0863037109375,20.1766357421875
IMG_0029.mp4,4210,140.4738071404738,29.97,622,2,traffic_signs,0.7375327348709106,1284.6529541015625,761.0900268554688,1305.42431640625,780.9453735351562,1295.0386352539062,771.0177001953125,20.7713623046875,19.8553466796875
IMG_0029.mp4,4211,140.5071738405072,29.97,622,2,traffic_signs,0.7444272041320801,1284.5284423828125,760.9583740234375,1305.3909912109375,780.7196655273438,1294.959716796875,770.8390197753906,20.862548828125,19.76129150390625
IMG_0029.mp4,4212,140.54054054054055,29.97,622,2,traffic_signs,0.792729914188385,1284.2681884765625,760.8030395507812,1305.0594482421875,780.337890625,1294.663818359375,770.5704650878906,20.791259765625,19.53485107421875
IMG_0029.mp4,4213,140.5739072405739,29.97,622,2,traffic_signs,0.735600471496582,1283.9234619140625,760.6136474609375,1304.854736328125,780.1131591796875,1294.3890991210938,770.3634033203125,20.9312744140625,19.49951171875
IMG_0029.mp4,4214,140.60727394060729,29.97,622,2,traffic_signs,0.70127934217453,1283.605712890625,760.3255615234375,1304.610595703125,779.9291381835938,1294.108154296875,770.1273498535156,21.0048828125,19.60357666015625
IMG_0029.mp4,4215,140.64064064064064,29.97,622,2,traffic_signs,0.7186651825904846,1283.344482421875,759.7799682617188,1304.563720703125,779.865966796875,1293.9541015625,769.8229675292969,21.21923828125,20.08599853515625
IMG_0029.mp4,4216,140.67400734067402,29.97,622,2,traffic_signs,0.819776713848114,1283.1544189453125,759.5872192382812,1304.04541015625,780.0262451171875,1293.5999145507812,769.8067321777344,20.8909912109375,20.43902587890625
IMG_0029.mp4,4217,140.70737404070738,29.97,622,2,traffic_signs,0.7831168174743652,1283.0322265625,759.1712036132812,1304.1502685546875,780.0108642578125,1293.5912475585938,769.5910339355469,21.1180419921875,20.83966064453125
IMG_0029.mp4,4218,140.74074074074073,29.97,622,2,traffic_signs,0.7791026830673218,1282.8814697265625,758.9007568359375,1304.0875244140625,780.124755859375,1293.4844970703125,769.5127563476562,21.2060546875,21.2239990234375
IMG_0029.mp4,4219,140.77410744077412,29.97,622,2,traffic_signs,0.7832778096199036,1282.787841796875,758.3934326171875,1304.572998046875,779.8095703125,1293.680419921875,769.1015014648438,21.78515625,21.4161376953125
IMG_0029.mp4,4220,140.80747414080747,29.97,622,2,traffic_signs,0.7818429470062256,1282.7110595703125,758.0672607421875,1304.6046142578125,779.724853515625,1293.6578369140625,768.8960571289062,21.8935546875,21.6575927734375
IMG_0029.mp4,4221,140.84084084084085,29.97,622,2,traffic_signs,0.7784157991409302,1282.3985595703125,757.5177612304688,1304.78857421875,779.4142456054688,1293.5935668945312,768.4660034179688,22.3900146484375,21.896484375
IMG_0029.mp4,4222,140.8742075408742,29.97,622,2,traffic_signs,0.7663156986236572,1281.385498046875,757.6348266601562,1303.9840087890625,779.6952514648438,1292.6847534179688,768.6650390625,22.5985107421875,22.0604248046875
IMG_0029.mp4,4223,140.9075742409076,29.97,622,2,traffic_signs,0.5171874761581421,1281.4866943359375,756.7810668945312,1304.9215087890625,778.890625,1293.2041015625,767.8358459472656,23.434814453125,22.10955810546875
IMG_0029.mp4,4224,140.94094094094095,29.97,622,2,traffic_signs,0.484404593706131,1281.383544921875,756.5902709960938,1304.198974609375,778.770751953125,1292.791259765625,767.6805114746094,22.8154296875,22.18048095703125
IMG_0029.mp4,4225,140.9743076409743,29.97,622,2,traffic_signs,0.3551618158817291,1281.236572265625,756.3488159179688,1304.0657958984375,778.7070922851562,1292.6511840820312,767.5279541015625,22.8292236328125,22.3582763671875
IMG_0029.mp4,4226,141.0076743410077,29.97,622,2,traffic_signs,0.6508663296699524,1280.9617919921875,755.9290771484375,1303.94580078125,778.685791015625,1292.4537963867188,767.3074340820312,22.9840087890625,22.7567138671875
IMG_0029.mp4,4227,141.04104104104104,29.97,622,2,traffic_signs,0.7527637481689453,1280.3218994140625,755.7813720703125,1303.388427734375,778.9793701171875,1291.8551635742188,767.38037109375,23.0665283203125,23.197998046875
IMG_0029.mp4,4228,141.07440774107442,29.97,622,2,traffic_signs,0.8277003169059753,1280.2413330078125,755.9630126953125,1302.70166015625,779.3511352539062,1291.4714965820312,767.6570739746094,22.4603271484375,23.38812255859375
IMG_0029.mp4,4229,141.10777444110778,29.97,622,2,traffic_signs,0.7864207029342651,1279.3671875,755.9363403320312,1302.0361328125,779.329345703125,1290.70166015625,767.6328430175781,22.6689453125,23.39300537109375
IMG_0029.mp4,4230,141.14114114114113,29.97,622,2,traffic_signs,0.813751757144928,1279.580078125,755.5468139648438,1302.1640625,779.4384155273438,1290.8720703125,767.4926147460938,22.583984375,23.8916015625
IMG_0029.mp4,4231,141.17450784117452,29.97,622,2,traffic_signs,0.810499370098114,1279.955078125,754.7841186523438,1302.6641845703125,779.010009765625,1291.3096313476562,766.8970642089844,22.7091064453125,24.22589111328125
IMG_0029.mp4,4232,141.20787454120787,29.97,622,2,traffic_signs,0.6968964338302612,1279.0228271484375,754.52685546875,1301.1988525390625,778.9885864257812,1290.11083984375,766.7577209472656,22.176025390625,24.46173095703125
IMG_0029.mp4,4233,141.24124124124126,29.97,622,2,traffic_signs,0.7136635780334473,1279.4810791015625,753.4177856445312,1301.943115234375,778.1865844726562,1290.7120971679688,765.8021850585938,22.4620361328125,24.768798828125
IMG_0029.mp4,4234,141.2746079412746,29.97,622,2,traffic_signs,0.6790130734443665,1278.8580322265625,753.1796264648438,1301.3577880859375,778.4036254882812,1290.10791015625,765.7916259765625,22.499755859375,25.2239990234375
IMG_0029.mp4,4235,141.307974641308,29.97,622,2,traffic_signs,0.6467871069908142,1278.7005615234375,752.6529541015625,1301.0164794921875,778.351318359375,1289.8585205078125,765.5021362304688,22.31591796875,25.6983642578125
IMG_0029.mp4,4236,141.34134134134135,29.97,622,2,traffic_signs,0.622882604598999,1277.793701171875,752.2715454101562,1300.0828857421875,778.2734985351562,1288.9382934570312,765.2725219726562,22.2891845703125,26.001953125
IMG_0029.mp4,4237,141.3747080413747,29.97,622,2,traffic_signs,0.7043043375015259,1277.86328125,751.7734375,1300.78076171875,778.2175903320312,1289.322021484375,764.9955139160156,22.91748046875,26.44415283203125
IMG_0029.mp4,4238,141.4080747414081,29.97,622,2,traffic_signs,0.6643723249435425,1277.6474609375,751.1708374023438,1300.847412109375,777.9922485351562,1289.2474365234375,764.58154296875,23.199951171875,26.8214111328125
IMG_0029.mp4,4239,141.44144144144144,29.97,622,2,traffic_signs,0.7459801435470581,1278.6336669921875,750.1309814453125,1302.06298828125,777.3596801757812,1290.3483276367188,763.7453308105469,23.4293212890625,27.22869873046875
IMG_0029.mp4,4240,141.47480814147482,29.97,622,2,traffic_signs,0.5617875456809998,1276.729736328125,750.8899536132812,1300.521728515625,778.5664672851562,1288.625732421875,764.7282104492188,23.7919921875,27.676513671875
IMG_0029.mp4,4241,141.50817484150818,29.97,622,2,traffic_signs,0.6232380270957947,1276.12939453125,750.6078491210938,1300.11474609375,778.7197875976562,1288.1220703125,764.663818359375,23.9853515625,28.1119384765625
IMG_0029.mp4,4242,141.54154154154153,29.97,622,2,traffic_signs,0.4485246241092682,1277.2618408203125,749.4199829101562,1301.00732421875,777.7520141601562,1289.1345825195312,763.5859985351562,23.7454833984375,28.33203125
IMG_0029.mp4,4243,141.57490824157492,29.97,622,2,traffic_signs,0.5448546409606934,1277.1654052734375,749.2081298828125,1300.8636474609375,777.3576049804688,1289.0145263671875,763.2828674316406,23.6982421875,28.14947509765625
IMG_0029.mp4,4244,141.60827494160827,29.97,622,2,traffic_signs,0.4258422255516052,1276.15673828125,749.356689453125,1299.7000732421875,777.6854248046875,1287.9284057617188,763.5210571289062,23.5433349609375,28.3287353515625
IMG_0029.mp4,4245,141.64164164164166,29.97,622,2,traffic_signs,0.35309267044067383,1277.353271484375,748.2418212890625,1300.8101806640625,775.9458618164062,1289.0817260742188,762.0938415527344,23.4569091796875,27.70404052734375
IMG_0029.mp4,4246,141.675008341675,29.97,622,2,traffic_signs,0.36386263370513916,1276.009765625,748.635009765625,1299.3023681640625,776.4266357421875,1287.6560668945312,762.5308227539062,23.2926025390625,27.7916259765625
IMG_0029.mp4,4247,141.7083750417084,29.97,622,2,traffic_signs,0.3461075723171234,1277.2601318359375,747.3446655273438,1300.8399658203125,774.4345092773438,1289.050048828125,760.8895874023438,23.579833984375,27.08984375
IMG_0029.mp4,4248,141.74174174174175,29.97,622,2,traffic_signs,0.3126212954521179,1275.470947265625,747.461181640625,1299.0048828125,774.8524169921875,1287.2379150390625,761.1567993164062,23.533935546875,27.3912353515625
IMG_0029.mp4,4249,141.7751084417751,29.97,622,2,traffic_signs,0.38211601972579956,1274.79833984375,747.1148681640625,1298.522705078125,774.9557495117188,1286.6605224609375,761.0353088378906,23.724365234375,27.84088134765625
IMG_0029.mp4,4250,141.8084751418085,29.97,622,2,traffic_signs,0.29183462262153625,1275.420166015625,746.0970458984375,1299.5687255859375,773.59716796875,1287.4944458007812,759.8471069335938,24.1485595703125,27.5001220703125
IMG_0029.mp4,4251,141.84184184184184,29.97,622,2,traffic_signs,0.3317839205265045,1275.338623046875,745.3078002929688,1299.7745361328125,772.7288818359375,1287.5565795898438,759.0183410644531,24.4359130859375,27.42108154296875
IMG_0029.mp4,4258,142.0754087420754,29.97,623,2,traffic_signs,0.3968088924884796,1275.965087890625,742.4725952148438,1302.6905517578125,770.5219116210938,1289.3278198242188,756.4972534179688,26.7254638671875,28.04931640625
IMG_0029.mp4,4259,142.1087754421088,29.97,623,2,traffic_signs,0.5818848609924316,1276.1104736328125,741.9571533203125,1303.1898193359375,769.7963256835938,1289.650146484375,755.8767395019531,27.079345703125,27.83917236328125
IMG_0029.mp4,4260,142.14214214214215,29.97,623,2,traffic_signs,0.5373754501342773,1276.35986328125,741.2024536132812,1303.2305908203125,769.2398071289062,1289.7952270507812,755.2211303710938,26.8707275390625,28.037353515625
IMG_0029.mp4,4261,142.1755088421755,29.97,623,2,traffic_signs,0.5029568672180176,1275.81689453125,740.0380859375,1302.588134765625,769.4641723632812,1289.2025146484375,754.7511291503906,26.771240234375,29.42608642578125
IMG_0029.mp4,4262,142.2088755422089,29.97,623,2,traffic_signs,0.5553494691848755,1276.5185546875,739.0775146484375,1303.5050048828125,768.7311401367188,1290.0117797851562,753.9043273925781,26.9864501953125,29.65362548828125
IMG_0029.mp4,4263,142.24224224224224,29.97,623,2,traffic_signs,0.638289213180542,1276.7471923828125,738.1798706054688,1304.2967529296875,767.1836547851562,1290.52197265625,752.6817626953125,27.549560546875,29.0037841796875
IMG_0029.mp4,4264,142.27560894227562,29.97,623,2,traffic_signs,0.7148804068565369,1277.2431640625,737.120361328125,1305.1146240234375,765.82763671875,1291.1788940429688,751.4739990234375,27.8714599609375,28.707275390625
IMG_0029.mp4,4265,142.30897564230898,29.97,623,2,traffic_signs,0.7728549838066101,1277.2296142578125,736.1917114257812,1305.42578125,764.93505859375,1291.3276977539062,750.5633850097656,28.1961669921875,28.74334716796875
IMG_0029.mp4,4266,142.34234234234233,29.97,623,2,traffic_signs,0.7800434827804565,1277.6236572265625,735.6068725585938,1305.67626953125,764.2119750976562,1291.6499633789062,749.909423828125,28.0526123046875,28.6051025390625
IMG_0029.mp4,4267,142.37570904237572,29.97,623,2,traffic_signs,0.8354376554489136,1278.58544921875,734.7726440429688,1306.887451171875,763.5863647460938,1292.7364501953125,749.1795043945312,28.302001953125,28.813720703125
IMG_0029.mp4,4268,142.40907574240907,29.97,623,2,traffic_signs,0.8314423561096191,1278.34912109375,734.1576538085938,1307.0294189453125,763.2571411132812,1292.6892700195312,748.7073974609375,28.6802978515625,29.0994873046875
IMG_0029.mp4,4269,142.44244244244246,29.97,623,2,traffic_signs,0.8363577723503113,1279.808837890625,733.2747192382812,1308.6583251953125,762.3040161132812,1294.2335815429688,747.7893676757812,28.8494873046875,29.029296875
IMG_0029.mp4,4270,142.4758091424758,29.97,623,2,traffic_signs,0.8477890491485596,1279.2591552734375,732.4971313476562,1308.24267578125,761.7477416992188,1293.7509155273438,747.1224365234375,28.9835205078125,29.2506103515625
IMG_0029.mp4,4271,142.5091758425092,29.97,623,2,traffic_signs,0.8405376672744751,1280.33056640625,731.4768676757812,1309.85888671875,761.6661987304688,1295.0947265625,746.571533203125,29.5283203125,30.1893310546875
IMG_0029.mp4,4272,142.54254254254255,29.97,623,2,traffic_signs,0.7973501086235046,1281.0458984375,730.2230224609375,1310.7076416015625,761.2271728515625,1295.8767700195312,745.72509765625,29.6617431640625,31.004150390625
IMG_0029.mp4,4273,142.5759092425759,29.97,623,2,traffic_signs,0.7616974115371704,1281.723388671875,729.7090454101562,1311.5955810546875,761.0952758789062,1296.6594848632812,745.4021606445312,29.8721923828125,31.38623046875
IMG_0029.mp4,4274,142.6092759426093,29.97,623,2,traffic_signs,0.7879534959793091,1282.3404541015625,728.0704345703125,1312.632568359375,760.2432861328125,1297.4865112304688,744.1568603515625,30.2921142578125,32.1728515625
IMG_0029.mp4,4275,142.64264264264264,29.97,623,2,traffic_signs,0.7993696928024292,1282.8829345703125,726.755615234375,1313.833984375,759.3285522460938,1298.3584594726562,743.0420837402344,30.9510498046875,32.57293701171875
IMG_0029.mp4,4276,142.67600934267602,29.97,623,2,traffic_signs,0.8095844388008118,1283.815673828125,725.8072509765625,1314.95849609375,758.906005859375,1299.3870849609375,742.3566284179688,31.142822265625,33.0987548828125
IMG_0029.mp4,4277,142.70937604270938,29.97,623,2,traffic_signs,0.8647165298461914,1284.5137939453125,723.771728515625,1316.6207275390625,757.0728759765625,1300.5672607421875,740.4223022460938,32.10693359375,33.3011474609375
IMG_0029.mp4,4278,142.74274274274273,29.97,623,2,traffic_signs,0.8651613593101501,1284.254150390625,723.3698120117188,1316.581787109375,756.7672729492188,1300.41796875,740.0685424804688,32.32763671875,33.3974609375
IMG_0029.mp4,4279,142.77610944277612,29.97,623,2,traffic_signs,0.8476311564445496,1285.9500732421875,722.1317749023438,1318.6654052734375,755.6427001953125,1302.3077392578125,738.8872375488281,32.71533203125,33.51092529296875
IMG_0029.mp4,4280,142.80947614280947,29.97,623,2,traffic_signs,0.8775945901870728,1285.969970703125,721.299560546875,1318.4495849609375,754.9775390625,1302.2097778320312,738.1385498046875,32.4796142578125,33.677978515625
IMG_0029.mp4,4281,142.84284284284286,29.97,623,2,traffic_signs,0.8716803789138794,1287.1748046875,719.9776000976562,1319.7623291015625,753.7642211914062,1303.4685668945312,736.8709106445312,32.5875244140625,33.78662109375
IMG_0029.mp4,4282,142.8762095428762,29.97,623,2,traffic_signs,0.8404845595359802,1289.0772705078125,718.8031005859375,1321.2918701171875,752.6361694335938,1305.1845703125,735.7196350097656,32.214599609375,33.83306884765625
IMG_0029.mp4,4283,142.9095762429096,29.97,623,2,traffic_signs,0.8490391373634338,1289.7066650390625,717.8714599609375,1321.8466796875,751.9093627929688,1305.7766723632812,734.8904113769531,32.1400146484375,34.03790283203125
IMG_0029.mp4,4284,142.94294294294295,29.97,623,2,traffic_signs,0.8625082969665527,1291.9259033203125,716.689453125,1324.523193359375,751.778076171875,1308.2245483398438,734.2337646484375,32.5972900390625,35.088623046875
IMG_0029.mp4,4285,142.9763096429763,29.97,623,2,traffic_signs,0.87455815076828,1292.4931640625,715.6544189453125,1325.4010009765625,751.3939819335938,1308.9470825195312,733.5242004394531,32.9078369140625,35.73956298828125
IMG_0029.mp4,4286,143.0096763430097,29.97,623,2,traffic_signs,0.8829693794250488,1293.5146484375,714.9935302734375,1326.5992431640625,750.5424194335938,1310.0569458007812,732.7679748535156,33.0845947265625,35.54888916015625
IMG_0029.mp4,4287,143.04304304304304,29.97,623,2,traffic_signs,0.897182822227478,1295.29296875,713.9163208007812,1328.87060546875,748.929443359375,1312.081787109375,731.4228820800781,33.57763671875,35.01312255859375
IMG_0029.mp4,4288,143.07640974307643,29.97,623,2,traffic_signs,0.9142439365386963,1295.5728759765625,712.9688110351562,1330.2152099609375,747.8178100585938,1312.89404296875,730.393310546875,34.642333984375,34.8489990234375
IMG_0029.mp4,4289,143.10977644310978,29.97,623,2,traffic_signs,0.8757780194282532,1297.45849609375,711.8164672851562,1333.0548095703125,747.4721069335938,1315.2566528320312,729.644287109375,35.5963134765625,35.6556396484375
IMG_0029.mp4,4290,143.14314314314313,29.97,623,2,traffic_signs,0.8651110529899597,1298.664794921875,710.7492065429688,1335.0003662109375,746.2011108398438,1316.8325805664062,728.4751586914062,36.3355712890625,35.451904296875
IMG_0029.mp4,4291,143.17650984317652,29.97,623,2,traffic_signs,0.8750662207603455,1299.4854736328125,709.695556640625,1336.6439208984375,745.4464111328125,1318.064697265625,727.5709838867188,37.158447265625,35.7508544921875
IMG_0029.mp4,4292,143.20987654320987,29.97,623,2,traffic_signs,0.8947765231132507,1301.7843017578125,708.2332763671875,1338.716064453125,743.9539794921875,1320.2501831054688,726.0936279296875,36.9317626953125,35.720703125
IMG_0029.mp4,4293,143.24324324324326,29.97,623,2,traffic_signs,0.8872573375701904,1303.2186279296875,707.027587890625,1340.0936279296875,743.264404296875,1321.6561279296875,725.14599609375,36.875,36.23681640625
IMG_0029.mp4,4294,143.2766099432766,29.97,623,2,traffic_signs,0.8893499970436096,1305.095947265625,705.5962524414062,1341.9228515625,742.6163330078125,1323.5093994140625,724.1062927246094,36.826904296875,37.02008056640625
IMG_0029.mp4,4295,143.30997664331,29.97,623,2,traffic_signs,0.885757327079773,1306.656494140625,704.0361328125,1343.0062255859375,741.8591918945312,1324.8313598632812,722.9476623535156,36.3497314453125,37.82305908203125
IMG_0029.mp4,4296,143.34334334334335,29.97,623,2,traffic_signs,0.8787546753883362,1308.185791015625,702.79638671875,1344.658203125,740.6893920898438,1326.4219970703125,721.7428894042969,36.472412109375,37.89300537109375
IMG_0029.mp4,4297,143.3767100433767,29.97,623,2,traffic_signs,0.8391583561897278,1311.49365234375,701.0928955078125,1348.2744140625,739.198486328125,1329.884033203125,720.1456909179688,36.78076171875,38.1055908203125
IMG_0029.mp4,4298,143.4100767434101,29.97,623,2,traffic_signs,0.7516492009162903,1313.4815673828125,699.9439086914062,1350.4871826171875,737.8554077148438,1331.984375,718.899658203125,37.005615234375,37.9114990234375
IMG_0029.mp4,4299,143.44344344344344,29.97,623,2,traffic_signs,0.871854841709137,1315.032470703125,698.5249633789062,1353.25,736.3527221679688,1334.1412353515625,717.4388427734375,38.217529296875,37.8277587890625
IMG_0029.mp4,4300,143.47681014347683,29.97,623,2,traffic_signs,0.8515906929969788,1316.7418212890625,697.0275268554688,1355.409912109375,735.6840209960938,1336.0758666992188,716.3557739257812,38.6680908203125,38.656494140625
IMG_0029.mp4,4301,143.51017684351018,29.97,623,2,traffic_signs,0.8237582445144653,1318.761474609375,695.4098510742188,1358.4945068359375,735.3872680664062,1338.6279907226562,715.3985595703125,39.7330322265625,39.9774169921875
IMG_0029.mp4,4302,143.54354354354354,29.97,623,2,traffic_signs,0.8300038576126099,1321.1435546875,693.6028442382812,1361.7664794921875,734.3512573242188,1341.4550170898438,713.97705078125,40.6229248046875,40.7484130859375
IMG_0029.mp4,4303,143.57691024357692,29.97,623,2,traffic_signs,0.8412081003189087,1322.54296875,692.5087890625,1364.048828125,733.7945556640625,1343.2958984375,713.1516723632812,41.505859375,41.2857666015625
IMG_0029.mp4,4304,143.61027694361027,29.97,623,2,traffic_signs,0.873254656791687,1324.081298828125,691.7254638671875,1366.4110107421875,732.6107788085938,1345.2461547851562,712.1681213378906,42.3297119140625,40.88531494140625
IMG_0029.mp4,4305,143.64364364364366,29.97,623,2,traffic_signs,0.8808967471122742,1325.701904296875,690.211181640625,1368.1123046875,731.2025146484375,1346.9071044921875,710.7068481445312,42.410400390625,40.9913330078125
IMG_0029.mp4,4306,143.677010343677,29.97,623,2,traffic_signs,0.8919228911399841,1327.31884765625,689.6099853515625,1370.20068359375,730.7026977539062,1348.759765625,710.1563415527344,42.8818359375,41.09271240234375
IMG_0029.mp4,4307,143.7103770437104,29.97,623,2,traffic_signs,0.8775030374526978,1329.0782470703125,688.4559936523438,1373.063720703125,730.4685668945312,1351.0709838867188,709.4622802734375,43.9854736328125,42.0125732421875
IMG_0029.mp4,4308,143.74374374374375,29.97,623,2,traffic_signs,0.8389536142349243,1331.1864013671875,686.9403076171875,1375.2391357421875,729.6453857421875,1353.2127685546875,708.2928466796875,44.052734375,42.705078125
IMG_0029.mp4,4309,143.7771104437771,29.97,623,2,traffic_signs,0.8424549698829651,1333.716064453125,685.206298828125,1377.91064453125,728.546630859375,1355.8133544921875,706.87646484375,44.194580078125,43.34033203125
IMG_0029.mp4,4310,143.8104771438105,29.97,623,2,traffic_signs,0.8661191463470459,1336.2412109375,683.928955078125,1380.6243896484375,727.4173583984375,1358.4328002929688,705.6731567382812,44.3831787109375,43.4884033203125
IMG_0029.mp4,4311,143.84384384384384,29.97,623,2,traffic_signs,0.6357223987579346,1339.043212890625,683.2539672851562,1383.947265625,726.7044067382812,1361.4952392578125,704.9791870117188,44.904052734375,43.450439453125
IMG_0029.mp4,4312,143.87721054387723,29.97,623,2,traffic_signs,0.831096351146698,1341.6700439453125,680.5897216796875,1387.9180908203125,725.2107543945312,1364.7940673828125,702.9002380371094,46.248046875,44.62103271484375
IMG_0029.mp4,4313,143.91057724391058,29.97,623,2,traffic_signs,0.6942822337150574,1343.8089599609375,678.7382202148438,1390.6685791015625,724.106689453125,1367.23876953125,701.4224548339844,46.859619140625,45.36846923828125
IMG_0029.mp4,4314,143.94394394394394,29.97,623,2,traffic_signs,0.8693037033081055,1347.4912109375,677.3595581054688,1394.911376953125,723.0624389648438,1371.2012939453125,700.2109985351562,47.420166015625,45.702880859375
IMG_0029.mp4,4315,143.97731064397732,29.97,623,2,traffic_signs,0.8720714449882507,1350.89697265625,675.1661376953125,1398.846435546875,722.1149291992188,1374.8717041015625,698.6405334472656,47.949462890625,46.94879150390625
IMG_0029.mp4,4316,144.01067734401067,29.97,623,2,traffic_signs,0.8745441436767578,1353.3587646484375,673.6978149414062,1401.3646240234375,720.8782348632812,1377.3616943359375,697.2880249023438,48.005859375,47.180419921875
IMG_0029.mp4,4317,144.04404404404406,29.97,623,2,traffic_signs,0.8838448524475098,1355.613037109375,671.7135009765625,1405.51123046875,720.3040161132812,1380.5621337890625,696.0087585449219,49.898193359375,48.59051513671875
IMG_0029.mp4,4318,144.0774107440774,29.97,623,2,traffic_signs,0.8948675394058228,1358.0467529296875,670.3720092773438,1409.1041259765625,718.94921875,1383.575439453125,694.6606140136719,51.057373046875,48.57720947265625
IMG_0029.mp4,4319,144.1107774441108,29.97,623,2,traffic_signs,0.8711392879486084,1361.1885986328125,668.2625122070312,1412.4267578125,717.3156127929688,1386.8076782226562,692.7890625,51.2381591796875,49.0531005859375
IMG_0029.mp4,4320,144.14414414414415,29.97,623,2,traffic_signs,0.8625107407569885,1363.841552734375,666.0435791015625,1415.0777587890625,715.9617919921875,1389.4596557617188,691.002685546875,51.2362060546875,49.918212890625
IMG_0029.mp4,4321,144.1775108441775,29.97,623,2,traffic_signs,0.8707166910171509,1366.198974609375,664.1930541992188,1417.7955322265625,714.4241943359375,1391.9972534179688,689.3086242675781,51.5965576171875,50.23114013671875
IMG_0029.mp4,4322,144.2108775442109,29.97,623,2,traffic_signs,0.8821901082992554,1369.4227294921875,661.986083984375,1422.2628173828125,712.916015625,1395.8427734375,687.4510498046875,52.840087890625,50.929931640625
IMG_0029.mp4,4323,144.24424424424424,29.97,623,2,traffic_signs,0.8873160481452942,1373.2227783203125,659.2599487304688,1425.97509765625,711.8707885742188,1399.5989379882812,685.5653686523438,52.7523193359375,52.61083984375
IMG_0029.mp4,4324,144.27761094427763,29.97,623,2,traffic_signs,0.5567693114280701,1376.61474609375,656.9296875,1430.080810546875,709.6990356445312,1403.3477783203125,683.3143615722656,53.466064453125,52.76934814453125
IMG_0029.mp4,4325,144.31097764431098,29.97,623,2,traffic_signs,0.8649057149887085,1379.821533203125,653.699951171875,1435.3564453125,707.3759155273438,1407.5889892578125,680.5379333496094,55.534912109375,53.67596435546875
IMG_0029.mp4,4326,144.34434434434434,29.97,623,2,traffic_signs,0.8987923860549927,1383.2236328125,651.0419311523438,1439.3560791015625,705.4698486328125,1411.2898559570312,678.2558898925781,56.1324462890625,54.42791748046875
IMG_0029.mp4,4327,144.37771104437772,29.97,623,2,traffic_signs,0.884036123752594,1386.6798095703125,648.6456298828125,1443.3436279296875,703.9445190429688,1415.01171875,676.2950744628906,56.663818359375,55.29888916015625
IMG_0029.mp4,4328,144.41107774441107,29.97,623,2,traffic_signs,0.8666255474090576,1390.0462646484375,646.4249267578125,1448.7774658203125,701.0087280273438,1419.411865234375,673.7168273925781,58.731201171875,54.58380126953125
IMG_0029.mp4,4329,144.44444444444446,29.97,623,2,traffic_signs,0.8793193101882935,1393.5205078125,643.2617797851562,1454.0140380859375,698.8048095703125,1423.7672729492188,671.0332946777344,60.4935302734375,55.54302978515625
IMG_0029.mp4,4330,144.4778111444778,29.97,623,2,traffic_signs,0.8599123954772949,1398.6458740234375,640.3818359375,1459.997802734375,696.7340087890625,1429.3218383789062,668.5579223632812,61.3519287109375,56.3521728515625
IMG_0029.mp4,4331,144.5111778445112,29.97,623,2,traffic_signs,0.8958498239517212,1402.25634765625,637.7096557617188,1465.3565673828125,694.0286865234375,1433.8064575195312,665.8691711425781,63.1002197265625,56.31903076171875
IMG_0029.mp4,4332,144.54454454454455,29.97,623,2,traffic_signs,0.8316456079483032,1408.7064208984375,634.8936767578125,1471.494873046875,692.4540405273438,1440.1006469726562,663.6738586425781,62.7884521484375,57.56036376953125
IMG_0029.mp4,4333,144.5779112445779,29.97,623,2,traffic_signs,0.8104528188705444,1413.7850341796875,630.7652587890625,1477.5704345703125,690.299560546875,1445.677734375,660.5324096679688,63.785400390625,59.5343017578125
IMG_0029.mp4,4334,144.6112779446113,29.97,623,2,traffic_signs,0.5593466758728027,1419.506591796875,627.4695434570312,1484.03369140625,688.2952270507812,1451.7701416015625,657.8823852539062,64.527099609375,60.82568359375
IMG_0029.mp4,4335,144.64464464464464,29.97,623,2,traffic_signs,0.6450315117835999,1423.643310546875,624.0114135742188,1490.816162109375,685.1754760742188,1457.229736328125,654.5934448242188,67.1728515625,61.1640625
IMG_0029.mp4,4336,144.67801134467803,29.97,623,2,traffic_signs,0.5728975534439087,1428.4739990234375,619.1737670898438,1497.8714599609375,682.872802734375,1463.1727294921875,651.0232849121094,69.3974609375,63.69903564453125
IMG_0029.mp4,4337,144.71137804471138,29.97,623,2,traffic_signs,0.7724713683128357,1432.2525634765625,615.125244140625,1504.910888671875,679.9913940429688,1468.5817260742188,647.5583190917969,72.6583251953125,64.86614990234375
IMG_0029.mp4,4338,144.74474474474476,29.97,623,2,traffic_signs,0.8153366446495056,1437.4613037109375,611.2847290039062,1511.808837890625,676.9745483398438,1474.6350708007812,644.129638671875,74.3475341796875,65.6898193359375
IMG_0029.mp4,4339,144.77811144477812,29.97,623,2,traffic_signs,0.8765326142311096,1442.933349609375,606.0742797851562,1519.694580078125,674.3409423828125,1481.31396484375,640.2076110839844,76.76123046875,68.26666259765625
IMG_0029.mp4,4340,144.81147814481147,29.97,623,2,traffic_signs,0.887100338935852,1447.8653564453125,601.5474243164062,1527.109375,671.6310424804688,1487.4873657226562,636.5892333984375,79.2440185546875,70.0836181640625
IMG_0029.mp4,4341,144.84484484484486,29.97,623,2,traffic_signs,0.9105029106140137,1453.62451171875,596.7337036132812,1534.8289794921875,668.2526245117188,1494.2267456054688,632.4931640625,81.2044677734375,71.5189208984375
IMG_0029.mp4,4342,144.8782115448782,29.97,623,2,traffic_signs,0.8938493132591248,1459.918701171875,592.12255859375,1544.0250244140625,664.7996826171875,1501.9718627929688,628.4611206054688,84.1063232421875,72.6771240234375
IMG_0029.mp4,4343,144.9115782449116,29.97,623,2,traffic_signs,0.9118639230728149,1466.677978515625,586.8780517578125,1553.4012451171875,661.9609985351562,1510.0396118164062,624.4195251464844,86.7232666015625,75.08294677734375
IMG_0029.mp4,4344,144.94494494494495,29.97,623,2,traffic_signs,0.7938334345817566,1473.2757568359375,581.0630493164062,1562.5592041015625,657.9486694335938,1517.91748046875,619.505859375,89.283447265625,76.8856201171875
IMG_0029.mp4,4345,144.9783116449783,29.97,623,2,traffic_signs,0.8891397714614868,1480.9102783203125,575.6754150390625,1572.54541015625,653.9737548828125,1526.7278442382812,614.8245849609375,91.6351318359375,78.29833984375
IMG_0029.mp4,4346,145.0116783450117,29.97,623,2,traffic_signs,0.8993417024612427,1488.348388671875,569.5090942382812,1582.9610595703125,650.1998901367188,1535.6547241210938,609.8544921875,94.6126708984375,80.6907958984375
IMG_0029.mp4,4347,145.04504504504504,29.97,623,2,traffic_signs,0.9416527152061462,1496.1585693359375,563.2424926757812,1595.06201171875,646.3048095703125,1545.6102905273438,604.7736511230469,98.9034423828125,83.06231689453125
IMG_0029.mp4,4348,145.07841174507843,29.97,623,2,traffic_signs,0.9161583781242371,1504.613525390625,556.4118041992188,1606.5643310546875,641.5331420898438,1555.5889282226562,598.9724731445312,101.9508056640625,85.121337890625
IMG_0029.mp4,4349,145.11177844511178,29.97,623,2,traffic_signs,0.9302065372467041,1514.0645751953125,549.5416259765625,1618.7828369140625,636.40380859375,1566.4237060546875,592.9727172851562,104.71826171875,86.8621826171875
IMG_0029.mp4,4350,145.14514514514516,29.97,623,2,traffic_signs,0.9432255029678345,1523.2061767578125,541.72412109375,1631.4525146484375,630.475830078125,1577.329345703125,586.0999755859375,108.246337890625,88.751708984375
IMG_0029.mp4,4351,145.17851184517852,29.97,623,2,traffic_signs,0.9410827159881592,1532.335205078125,532.646484375,1645.216552734375,625.0545043945312,1588.77587890625,578.8504943847656,112.88134765625,92.40802001953125
IMG_0029.mp4,4352,145.21187854521187,29.97,623,2,traffic_signs,0.9382100105285645,1542.9215087890625,526.5286254882812,1659.3134765625,619.0352172851562,1601.1174926757812,572.7819213867188,116.3919677734375,92.506591796875
IMG_0029.mp4,4353,145.24524524524526,29.97,623,2,traffic_signs,0.9402932524681091,1554.3026123046875,522.998046875,1675.365478515625,612.8776245117188,1614.8340454101562,567.9378356933594,121.0628662109375,89.87957763671875
IMG_0029.mp4,4354,145.2786119452786,29.97,623,2,traffic_signs,0.888778030872345,1565.431640625,522.7614135742188,1690.0235595703125,606.7386474609375,1627.7276000976562,564.7500305175781,124.5919189453125,83.97723388671875
IMG_0029.mp4,4355,145.311978645312,29.97,623,2,traffic_signs,0.7005547881126404,1578.363525390625,524.6378173828125,1702.97216796875,601.3817749023438,1640.6678466796875,563.0097961425781,124.608642578125,76.74395751953125
IMG_0029.mp4,4356,145.34534534534535,29.97,623,2,traffic_signs,0.31511878967285156,1592.9058837890625,528.2919921875,1711.5115966796875,593.1978759765625,1652.208740234375,560.7449340820312,118.605712890625,64.9058837890625
IMG_0029.mp4,4371,145.84584584584584,29.97,633,2,traffic_signs,0.6344856023788452,995.7041015625,766.69189453125,1013.8064575195312,785.66064453125,1004.7552795410156,776.17626953125,18.10235595703125,18.96875
IMG_0029.mp4,4372,145.87921254587923,29.97,633,2,traffic_signs,0.3379596471786499,994.6571655273438,766.3206176757812,1012.5331420898438,785.5204467773438,1003.5951538085938,775.9205322265625,17.8759765625,19.1998291015625
IMG_0029.mp4,4373,145.91257924591258,29.97,633,2,traffic_signs,0.2564031779766083,993.5740356445312,766.2897338867188,1011.9580688476562,785.2943115234375,1002.7660522460938,775.7920227050781,18.384033203125,19.00457763671875
IMG_0029.mp4,4377,146.04604604604606,29.97,633,2,traffic_signs,0.27804169058799744,988.5492553710938,764.0390014648438,1007.7382202148438,783.2493286132812,998.1437377929688,773.6441650390625,19.18896484375,19.2103271484375
IMG_0029.mp4,4378,146.0794127460794,29.97,633,2,traffic_signs,0.44403189420700073,987.8035888671875,763.718505859375,1006.7481079101562,782.6008911132812,997.2758483886719,773.1596984863281,18.94451904296875,18.88238525390625
IMG_0029.mp4,4379,146.1127794461128,29.97,633,2,traffic_signs,0.3931969404220581,986.7484130859375,762.7810668945312,1005.8845825195312,782.2760009765625,996.3164978027344,772.5285339355469,19.13616943359375,19.49493408203125
IMG_0029.mp4,4380,146.14614614614615,29.97,633,2,traffic_signs,0.28929150104522705,985.6813354492188,762.0195922851562,1004.9927368164062,781.798095703125,995.3370361328125,771.9088439941406,19.3114013671875,19.77850341796875
IMG_0029.mp4,4381,146.1795128461795,29.97,633,2,traffic_signs,0.701727032661438,984.6714477539062,761.1055297851562,1004.1484375,782.174072265625,994.4099426269531,771.6398010253906,19.47698974609375,21.06854248046875
IMG_0029.mp4,4382,146.2128795462129,29.97,633,2,traffic_signs,0.7574231028556824,983.9978637695312,760.6443481445312,1002.6321411132812,781.8206176757812,993.3150024414062,771.2324829101562,18.63427734375,21.17626953125
IMG_0029.mp4,4383,146.24624624624624,29.97,633,2,traffic_signs,0.5514798760414124,982.9315795898438,760.1392822265625,1001.4244384765625,781.47705078125,992.1780090332031,770.8081665039062,18.49285888671875,21.3377685546875
IMG_0029.mp4,4384,146.27961294627963,29.97,633,2,traffic_signs,0.5006358623504639,982.25390625,759.5209350585938,1000.8419799804688,780.7241821289062,991.5479431152344,770.12255859375,18.58807373046875,21.2032470703125
IMG_0029.mp4,4385,146.31297964631298,29.97,633,2,traffic_signs,0.591444194316864,980.62890625,759.4241943359375,999.9230346679688,780.2141723632812,990.2759704589844,769.8191833496094,19.29412841796875,20.78997802734375
IMG_0029.mp4,4386,146.34634634634637,29.97,633,2,traffic_signs,0.3876050114631653,978.67431640625,759.3645629882812,998.484375,780.1162719726562,988.579345703125,769.7404174804688,19.81005859375,20.751708984375
IMG_0029.mp4,4387,146.37971304637972,29.97,633,2,traffic_signs,0.49157607555389404,977.2302856445312,759.2318115234375,997.136962890625,779.7099609375,987.1836242675781,769.4708862304688,19.90667724609375,20.4781494140625
IMG_0029.mp4,4388,146.41307974641308,29.97,633,2,traffic_signs,0.7523052096366882,975.7975463867188,758.7998046875,995.5399780273438,778.9625244140625,985.6687622070312,768.8811645507812,19.742431640625,20.1627197265625
IMG_0029.mp4,4389,146.44644644644646,29.97,633,2,traffic_signs,0.7887982130050659,975.0783081054688,758.5855712890625,994.7305297851562,778.8078002929688,984.9044189453125,768.6966857910156,19.6522216796875,20.22222900390625
IMG_0029.mp4,4390,146.4798131464798,29.97,633,2,traffic_signs,0.771537184715271,974.15625,757.984375,993.4804077148438,778.6908569335938,983.8183288574219,768.3376159667969,19.32415771484375,20.70648193359375
IMG_0029.mp4,4391,146.5131798465132,29.97,633,2,traffic_signs,0.862088680267334,972.1809692382812,757.1851806640625,991.5055541992188,779.2183227539062,981.84326171875,768.2017517089844,19.3245849609375,22.03314208984375
IMG_0029.mp4,4392,146.54654654654655,29.97,633,2,traffic_signs,0.8680364489555359,970.9674072265625,756.662353515625,990.1008911132812,779.2615966796875,980.5341491699219,767.9619750976562,19.13348388671875,22.5992431640625
IMG_0029.mp4,4393,146.5799132465799,29.97,633,2,traffic_signs,0.8640580177307129,969.8416748046875,756.5177612304688,989.1964111328125,779.3802490234375,979.51904296875,767.9490051269531,19.354736328125,22.86248779296875
IMG_0029.mp4,4394,146.6132799466133,29.97,633,2,traffic_signs,0.8469390869140625,967.9574584960938,756.125732421875,987.7398071289062,778.8110961914062,977.8486328125,767.4684143066406,19.7823486328125,22.68536376953125
IMG_0029.mp4,4395,146.64664664664664,29.97,633,2,traffic_signs,0.7303110957145691,966.59375,755.5599975585938,986.8516845703125,778.120361328125,976.7227172851562,766.8401794433594,20.2579345703125,22.56036376953125
IMG_0029.mp4,4396,146.68001334668003,29.97,633,2,traffic_signs,0.6042000651359558,965.0236206054688,755.7975463867188,984.9867553710938,777.7907104492188,975.0051879882812,766.7941284179688,19.963134765625,21.9931640625
IMG_0029.mp4,4397,146.71338004671338,29.97,633,2,traffic_signs,0.7748187780380249,964.0182495117188,756.0736083984375,983.7930908203125,777.9651489257812,973.9056701660156,767.0193786621094,19.77484130859375,21.89154052734375
IMG_0029.mp4,4398,146.74674674674677,29.97,633,2,traffic_signs,0.7561049461364746,962.4927368164062,754.984130859375,982.4468994140625,777.296630859375,972.4698181152344,766.140380859375,19.95416259765625,22.3125
IMG_0029.mp4,4399,146.78011344678012,29.97,633,2,traffic_signs,0.7261916399002075,961.2991943359375,754.3291625976562,981.4356689453125,777.1347045898438,971.367431640625,765.73193359375,20.136474609375,22.8055419921875
IMG_0029.mp4,4400,146.81348014681348,29.97,633,2,traffic_signs,0.7962607741355896,960.4137573242188,753.7310791015625,980.8038330078125,776.6480102539062,970.6087951660156,765.1895446777344,20.39007568359375,22.91693115234375
IMG_0029.mp4,4401,146.84684684684686,29.97,633,2,traffic_signs,0.7355025410652161,959.2051391601562,753.3289794921875,979.08642578125,776.8283081054688,969.1457824707031,765.0786437988281,19.88128662109375,23.49932861328125
IMG_0029.mp4,4402,146.8802135468802,29.97,633,2,traffic_signs,0.794787585735321,957.0526123046875,753.123046875,977.094970703125,776.1259765625,967.0737915039062,764.62451171875,20.0423583984375,23.0029296875
IMG_0029.mp4,4402,146.8802135468802,29.97,636,2,traffic_signs,0.6348363161087036,1267.93798828125,738.7722778320312,1293.67333984375,757.31298828125,1280.8056640625,748.0426330566406,25.7353515625,18.54071044921875
IMG_0029.mp4,4403,146.9135802469136,29.97,633,2,traffic_signs,0.7136014103889465,954.54345703125,752.5247802734375,975.4590454101562,775.8475341796875,965.0012512207031,764.1861572265625,20.91558837890625,23.32275390625
IMG_0029.mp4,4403,146.9135802469136,29.97,636,2,traffic_signs,0.6351749300956726,1268.22216796875,738.41650390625,1294.041748046875,757.4340209960938,1281.1319580078125,747.9252624511719,25.819580078125,19.01751708984375
IMG_0029.mp4,4404,146.94694694694695,29.97,636,2,traffic_signs,0.7076016664505005,1268.838623046875,737.7578735351562,1294.934326171875,757.38720703125,1281.886474609375,747.5725402832031,26.095703125,19.62933349609375
IMG_0029.mp4,4405,146.9803136469803,29.97,636,2,traffic_signs,0.4750140905380249,1269.56494140625,737.0750122070312,1295.989990234375,757.4915771484375,1282.7774658203125,747.2832946777344,26.425048828125,20.41656494140625
IMG_0029.mp4,4405,146.9803136469803,29.97,633,2,traffic_signs,0.296511709690094,951.9078979492188,751.722900390625,973.2786865234375,774.9452514648438,962.5932922363281,763.3340759277344,21.37078857421875,23.22235107421875
IMG_0029.mp4,4406,147.0136803470137,29.97,636,2,traffic_signs,0.4154677987098694,1270.0333251953125,736.7063598632812,1296.9425048828125,758.79248046875,1283.4879150390625,747.7494201660156,26.9091796875,22.08612060546875
IMG_0029.mp4,4406,147.0136803470137,29.97,633,2,traffic_signs,0.6239163279533386,949.9279174804688,751.3411254882812,971.8658447265625,775.0050659179688,960.8968811035156,763.173095703125,21.93792724609375,23.6639404296875
IMG_0029.mp4,4407,147.04704704704704,29.97,636,2,traffic_signs,0.4087511897087097,1270.3680419921875,736.22216796875,1297.57568359375,758.4449462890625,1283.9718627929688,747.3335571289062,27.2076416015625,22.2227783203125
IMG_0029.mp4,4407,147.04704704704704,29.97,633,2,traffic_signs,0.36614397168159485,948.2025756835938,750.1849365234375,970.709228515625,774.8486938476562,959.4559020996094,762.5168151855469,22.50665283203125,24.66375732421875
IMG_0029.mp4,4408,147.08041374708043,29.97,636,2,traffic_signs,0.45656731724739075,1272.04736328125,735.8392333984375,1299.220703125,757.556396484375,1285.634033203125,746.6978149414062,27.17333984375,21.7171630859375
IMG_0029.mp4,4408,147.08041374708043,29.97,633,2,traffic_signs,0.5757179856300354,946.8876342773438,749.9019775390625,970.1880493164062,774.4188842773438,958.537841796875,762.1604309082031,23.3004150390625,24.51690673828125
IMG_0029.mp4,4409,147.11378044711378,29.97,636,2,traffic_signs,0.3219858705997467,1272.1591796875,735.27197265625,1299.35986328125,756.6090087890625,1285.759521484375,745.9404907226562,27.20068359375,21.3370361328125
IMG_0029.mp4,4409,147.11378044711378,29.97,633,2,traffic_signs,0.7234821915626526,945.4849243164062,749.3731079101562,968.550537109375,773.8722534179688,957.0177307128906,761.6226806640625,23.06561279296875,24.4991455078125
IMG_0029.mp4,4410,147.14714714714717,29.97,636,2,traffic_signs,0.30851882696151733,1272.7626953125,734.9519653320312,1299.59765625,756.7498168945312,1286.18017578125,745.8508911132812,26.8349609375,21.7978515625
IMG_0029.mp4,4411,147.18051384718052,29.97,636,2,traffic_signs,0.39338183403015137,1273.22119140625,734.1465454101562,1300.3345947265625,756.5203247070312,1286.7778930664062,745.3334350585938,27.1134033203125,22.373779296875
IMG_0029.mp4,4411,147.18051384718052,29.97,633,2,traffic_signs,0.4814226031303406,941.6458129882812,748.6755981445312,964.2357177734375,773.151611328125,952.9407653808594,760.9136047363281,22.58990478515625,24.47601318359375
IMG_0029.mp4,4412,147.21388054721388,29.97,636,2,traffic_signs,0.5073203444480896,1273.1890869140625,733.5402221679688,1300.2672119140625,756.32666015625,1286.7281494140625,744.9334411621094,27.078125,22.78643798828125
IMG_0029.mp4,4412,147.21388054721388,29.97,633,2,traffic_signs,0.42145219445228577,939.8972778320312,748.1549682617188,962.4442138671875,772.4840698242188,951.1707458496094,760.3195190429688,22.54693603515625,24.3291015625
IMG_0029.mp4,4413,147.24724724724726,29.97,636,2,traffic_signs,0.3670048117637634,1272.15283203125,733.0850219726562,1300.09765625,756.52490234375,1286.125244140625,744.8049621582031,27.94482421875,23.43988037109375
IMG_0029.mp4,4413,147.24724724724726,29.97,633,2,traffic_signs,0.6164024472236633,939.0225830078125,747.7904052734375,961.5057373046875,772.3589477539062,950.26416015625,760.0746765136719,22.483154296875,24.56854248046875
IMG_0029.mp4,4414,147.2806139472806,29.97,633,2,traffic_signs,0.7156631350517273,936.7153930664062,747.7515258789062,959.0286254882812,772.0848999023438,947.8720092773438,759.918212890625,22.313232421875,24.3333740234375
IMG_0029.mp4,4415,147.313980647314,29.97,633,2,traffic_signs,0.8390430212020874,935.202880859375,748.2206420898438,957.6651000976562,773.0289306640625,946.4339904785156,760.6247863769531,22.46221923828125,24.80828857421875
IMG_0029.mp4,4416,147.34734734734735,29.97,633,2,traffic_signs,0.8394614458084106,933.800048828125,747.05810546875,955.7470092773438,771.7236938476562,944.7735290527344,759.3908996582031,21.94696044921875,24.66558837890625
IMG_0029.mp4,4417,147.3807140473807,29.97,633,2,traffic_signs,0.8578596711158752,931.7069091796875,746.4054565429688,953.9345703125,771.4636840820312,942.8207397460938,758.9345703125,22.2276611328125,25.0582275390625
IMG_0029.mp4,4418,147.4140807474141,29.97,633,2,traffic_signs,0.8208563923835754,929.8599243164062,746.1744384765625,952.3397216796875,771.4625854492188,941.0998229980469,758.8185119628906,22.47979736328125,25.28814697265625
IMG_0029.mp4,4419,147.44744744744744,29.97,633,2,traffic_signs,0.8707522749900818,927.81494140625,746.2136840820312,950.6602783203125,771.4147338867188,939.2376098632812,758.814208984375,22.8453369140625,25.2010498046875
IMG_0029.mp4,4419,147.44744744744744,29.97,638,2,traffic_signs,0.5336466431617737,1279.2945556640625,728.5675659179688,1307.4136962890625,753.278564453125,1293.3541259765625,740.9230651855469,28.119140625,24.71099853515625
IMG_0029.mp4,4420,147.48081414748083,29.97,633,2,traffic_signs,0.8073968887329102,925.828369140625,746.183837890625,948.6514282226562,771.75048828125,937.2398986816406,758.9671630859375,22.82305908203125,25.566650390625
IMG_0029.mp4,4420,147.48081414748083,29.97,638,2,traffic_signs,0.6878880262374878,1280.78125,728.3404541015625,1309.2855224609375,752.7566528320312,1295.0333862304688,740.5485534667969,28.5042724609375,24.41619873046875
IMG_0029.mp4,4421,147.51418084751418,29.97,638,2,traffic_signs,0.4062233567237854,1280.18115234375,727.9812622070312,1308.8870849609375,753.3411254882812,1294.5341186523438,740.6611938476562,28.7059326171875,25.35986328125
IMG_0029.mp4,4422,147.54754754754757,29.97,638,2,traffic_signs,0.37668493390083313,1280.11962890625,727.4913330078125,1309.569580078125,753.5983276367188,1294.8446044921875,740.5448303222656,29.449951171875,26.10699462890625
IMG_0029.mp4,4422,147.54754754754757,29.97,633,2,traffic_signs,0.8595359325408936,922.9049072265625,745.6906127929688,944.7544555664062,771.4466552734375,933.8296813964844,758.5686340332031,21.84954833984375,25.75604248046875
IMG_0029.mp4,4423,147.58091424758092,29.97,633,2,traffic_signs,0.8190433979034424,920.9342041015625,745.1614990234375,942.5652465820312,771.2308959960938,931.7497253417969,758.1961975097656,21.63104248046875,26.06939697265625
IMG_0029.mp4,4424,147.61428094761428,29.97,633,2,traffic_signs,0.6295077204704285,919.13037109375,744.6170654296875,941.0122680664062,770.781005859375,930.0713195800781,757.6990356445312,21.88189697265625,26.1639404296875
IMG_0029.mp4,4425,147.64764764764766,29.97,633,2,traffic_signs,0.6466972827911377,916.7562866210938,744.3187255859375,939.5175170898438,771.2254028320312,928.1369018554688,757.7720642089844,22.76123046875,26.90667724609375
IMG_0029.mp4,4426,147.681014347681,29.97,633,2,traffic_signs,0.527741014957428,914.7266845703125,744.2954711914062,937.7396240234375,771.3915405273438,926.233154296875,757.843505859375,23.012939453125,27.0960693359375
IMG_0029.mp4,4427,147.7143810477144,29.97,633,2,traffic_signs,0.6142959594726562,912.9324951171875,744.0958862304688,935.31640625,771.3746337890625,924.1244506835938,757.7352600097656,22.3839111328125,27.27874755859375
IMG_0029.mp4,4428,147.74774774774775,29.97,633,2,traffic_signs,0.6354747414588928,910.386962890625,743.3027954101562,933.2906494140625,770.8594970703125,921.8388061523438,757.0811462402344,22.9036865234375,27.55670166015625
IMG_0029.mp4,4428,147.74774774774775,29.97,639,2,traffic_signs,0.8901137113571167,270.7244873046875,551.9842529296875,343.56317138671875,636.16455078125,307.1438293457031,594.0744018554688,72.83868408203125,84.1802978515625
IMG_0029.mp4,4429,147.7811144477811,29.97,633,2,traffic_signs,0.6464203000068665,908.2964477539062,743.0474853515625,931.1371459960938,770.842041015625,919.716796875,756.9447631835938,22.8406982421875,27.7945556640625
IMG_0029.mp4,4429,147.7811144477811,29.97,639,2,traffic_signs,0.8783779740333557,246.9569854736328,545.478271484375,321.8188781738281,632.07470703125,284.38793182373047,588.7764892578125,74.86189270019531,86.596435546875
IMG_0029.mp4,4430,147.8144811478145,29.97,633,2,traffic_signs,0.7729314565658569,906.3270263671875,743.0438842773438,929.5205078125,770.6556396484375,917.9237670898438,756.8497619628906,23.1934814453125,27.61175537109375
IMG_0029.mp4,4430,147.8144811478145,29.97,639,2,traffic_signs,0.8479155898094177,217.9111785888672,537.13623046875,296.7663879394531,626.1561889648438,257.33878326416016,581.6462097167969,78.85520935058594,89.01995849609375
IMG_0029.mp4,4431,147.84784784784785,29.97,633,2,traffic_signs,0.707617461681366,904.3150024414062,742.6940307617188,928.0685424804688,770.4595336914062,916.1917724609375,756.5767822265625,23.7535400390625,27.7655029296875
IMG_0029.mp4,4431,147.84784784784785,29.97,639,2,traffic_signs,0.8987076282501221,189.0782928466797,529.751220703125,270.2672424316406,620.2691650390625,229.67276763916016,575.0101928710938,81.18894958496094,90.5179443359375
IMG_0029.mp4,4431,147.84784784784785,29.97,640,2,traffic_signs,0.31072360277175903,1286.7327880859375,720.908447265625,1318.0604248046875,749.2379150390625,1302.3966064453125,735.0731811523438,31.32763671875,28.3294677734375
IMG_0029.mp4,4432,147.88121454788123,29.97,639,2,traffic_signs,0.839378297328949,159.73654174804688,521.6244506835938,242.7377471923828,614.8217163085938,201.23714447021484,568.2230834960938,83.00120544433594,93.197265625
IMG_0029.mp4,4433,147.91458124791458,29.97,639,2,traffic_signs,0.91358882188797,129.25601196289062,513.5950927734375,213.6490478515625,609.241943359375,171.45252990722656,561.4185180664062,84.39303588867188,95.6468505859375
IMG_0029.mp4,4434,147.94794794794797,29.97,639,2,traffic_signs,0.9287487268447876,95.9751205444336,504.9705810546875,183.47760009765625,603.3856201171875,139.72636032104492,554.1781005859375,87.50247955322266,98.4150390625
IMG_0029.mp4,4435,147.98131464798132,29.97,639,2,traffic_signs,0.9183101654052734,61.50499725341797,495.93218994140625,151.9767608642578,596.5836791992188,106.74087905883789,546.2579345703125,90.47176361083984,100.6514892578125
IMG_0029.mp4,4435,147.98131464798132,29.97,640,2,traffic_signs,0.43810662627220154,1291.0679931640625,716.36962890625,1323.314208984375,745.208740234375,1307.1911010742188,730.7891845703125,32.2462158203125,28.839111328125
IMG_0029.mp4,4436,148.01468134801468,29.97,639,2,traffic_signs,0.9141877889633179,24.639434814453125,485.3972473144531,117.0293960571289,590.3101196289062,70.83441543579102,537.8536834716797,92.38996124267578,104.91287231445312
IMG_0029.mp4,4436,148.01468134801468,29.97,640,2,traffic_signs,0.6684331893920898,1292.1976318359375,715.606201171875,1324.7239990234375,744.9862060546875,1308.4608154296875,730.2962036132812,32.5263671875,29.3800048828125
IMG_0029.mp4,4437,148.04804804804806,29.97,639,2,traffic_signs,0.8860144019126892,0.0,473.7675476074219,81.01227569580078,582.9742431640625,40.50613784790039,528.3708953857422,81.01227569580078,109.20669555664062
IMG_0029.mp4,4437,148.04804804804806,29.97,640,2,traffic_signs,0.6276907324790955,1293.0545654296875,714.5469970703125,1326.099365234375,744.800048828125,1309.5769653320312,729.6735229492188,33.0447998046875,30.2530517578125
IMG_0029.mp4,4438,148.08141474808141,29.97,639,2,traffic_signs,0.5690810680389404,0.0,465.975830078125,40.89506530761719,570.654296875,20.447532653808594,518.3150634765625,40.89506530761719,104.678466796875
IMG_0029.mp4,4438,148.08141474808141,29.97,640,2,traffic_signs,0.7185492515563965,1293.869384765625,713.9920043945312,1327.15966796875,744.7113647460938,1310.5145263671875,729.3516845703125,33.290283203125,30.7193603515625
IMG_0029.mp4,4439,148.1147814481148,29.97,640,2,traffic_signs,0.8173792362213135,1294.27978515625,713.1548461914062,1328.52001953125,745.0095825195312,1311.39990234375,729.0822143554688,34.240234375,31.854736328125
IMG_0029.mp4,4439,148.1147814481148,29.97,633,2,traffic_signs,0.25887158513069153,884.1517944335938,739.2532348632812,909.58984375,767.453857421875,896.8708190917969,753.3535461425781,25.43804931640625,28.20062255859375
IMG_0029.mp4,4440,148.14814814814815,29.97,640,2,traffic_signs,0.7999623417854309,1295.2786865234375,712.4547729492188,1329.7755126953125,745.149169921875,1312.527099609375,728.8019714355469,34.496826171875,32.69439697265625
IMG_0029.mp4,4440,148.14814814814815,29.97,633,2,traffic_signs,0.598919689655304,881.9505004882812,739.2500610351562,907.2177124023438,766.791015625,894.5841064453125,753.0205383300781,25.2672119140625,27.54095458984375
IMG_0029.mp4,4441,148.1815148481815,29.97,640,2,traffic_signs,0.7725920081138611,1295.7164306640625,711.42333984375,1330.666259765625,744.5703735351562,1313.1913452148438,727.9968566894531,34.9498291015625,33.14703369140625
IMG_0029.mp4,4441,148.1815148481815,29.97,633,2,traffic_signs,0.3589872419834137,878.789306640625,739.01171875,904.9273681640625,766.9865112304688,891.8583374023438,752.9991149902344,26.1380615234375,27.97479248046875
IMG_0029.mp4,4442,148.2148815482149,29.97,640,2,traffic_signs,0.6849096417427063,1296.42236328125,711.0184936523438,1331.904052734375,743.9564819335938,1314.1632080078125,727.4874877929688,35.481689453125,32.93798828125
IMG_0029.mp4,4442,148.2148815482149,29.97,633,2,traffic_signs,0.7075074911117554,876.3759155273438,738.5496826171875,901.7587280273438,767.0606689453125,889.0673217773438,752.80517578125,25.3828125,28.510986328125
IMG_0029.mp4,4443,148.24824824824825,29.97,640,2,traffic_signs,0.6323923468589783,1296.9776611328125,710.2127075195312,1333.5836181640625,743.0413818359375,1315.2806396484375,726.6270446777344,36.60595703125,32.82867431640625
IMG_0029.mp4,4443,148.24824824824825,29.97,633,2,traffic_signs,0.7282508611679077,873.4817504882812,737.4432983398438,898.9635620117188,767.0213623046875,886.22265625,752.2323303222656,25.4818115234375,29.57806396484375
IMG_0029.mp4,4444,148.28161494828163,29.97,640,2,traffic_signs,0.5960341095924377,1298.096435546875,709.3801879882812,1334.680419921875,742.5215454101562,1316.388427734375,725.9508666992188,36.583984375,33.141357421875
IMG_0029.mp4,4444,148.28161494828163,29.97,633,2,traffic_signs,0.7862312197685242,870.75244140625,736.5375366210938,896.9867553710938,766.5770874023438,883.8695983886719,751.5573120117188,26.23431396484375,30.03955078125
IMG_0029.mp4,4445,148.31498164831498,29.97,633,2,traffic_signs,0.5455995202064514,868.5314331054688,736.1658935546875,894.4732666015625,766.3282470703125,881.5023498535156,751.2470703125,25.94183349609375,30.162353515625
IMG_0029.mp4,4446,148.34834834834837,29.97,640,2,traffic_signs,0.45483750104904175,1300.3538818359375,707.0350341796875,1337.96533203125,742.3617553710938,1319.1596069335938,724.6983947753906,37.6114501953125,35.32672119140625
IMG_0029.mp4,4447,148.38171504838172,29.97,640,2,traffic_signs,0.4638500213623047,1301.978759765625,705.7269287109375,1339.071044921875,741.3724365234375,1320.52490234375,723.5496826171875,37.09228515625,35.6455078125
IMG_0029.mp4,4448,148.41508174841508,29.97,640,2,traffic_signs,0.6867386698722839,1303.6552734375,705.296630859375,1340.564208984375,741.202392578125,1322.1097412109375,723.24951171875,36.908935546875,35.90576171875
IMG_0029.mp4,4448,148.41508174841508,29.97,633,2,traffic_signs,0.8471946716308594,859.7635498046875,736.2775268554688,887.53271484375,766.3161010742188,873.6481323242188,751.2968139648438,27.7691650390625,30.03857421875
IMG_0029.mp4,4449,148.44844844844846,29.97,640,2,traffic_signs,0.664535641670227,1305.322021484375,704.4255981445312,1342.0904541015625,740.4661865234375,1323.7062377929688,722.4458923339844,36.7684326171875,36.04058837890625
IMG_0029.mp4,4449,148.44844844844846,29.97,633,2,traffic_signs,0.8944567441940308,856.9332885742188,735.9830932617188,885.0474243164062,766.3896484375,870.9903564453125,751.1863708496094,28.1141357421875,30.40655517578125
IMG_0029.mp4,4450,148.48181514848181,29.97,640,2,traffic_signs,0.711039125919342,1306.9853515625,703.8228149414062,1344.9200439453125,739.7616577148438,1325.9526977539062,721.792236328125,37.9346923828125,35.9388427734375
IMG_0029.mp4,4450,148.48181514848181,29.97,633,2,traffic_signs,0.8834142088890076,854.5289306640625,735.5661010742188,882.8333740234375,766.4682006835938,868.68115234375,751.0171508789062,28.304443359375,30.902099609375
IMG_0029.mp4,4451,148.5151818485152,29.97,640,2,traffic_signs,0.6591812968254089,1308.45849609375,703.2625732421875,1347.8525390625,738.7069702148438,1328.155517578125,720.9847717285156,39.39404296875,35.44439697265625
IMG_0029.mp4,4451,148.5151818485152,29.97,633,2,traffic_signs,0.8769267797470093,851.7261962890625,735.3682250976562,880.096923828125,766.7131958007812,865.9115600585938,751.0407104492188,28.3707275390625,31.344970703125
IMG_0029.mp4,4452,148.54854854854855,29.97,640,2,traffic_signs,0.7418491840362549,1309.8416748046875,702.5592041015625,1349.3660888671875,737.9910888671875,1329.6038818359375,720.275146484375,39.5244140625,35.431884765625
IMG_0029.mp4,4452,148.54854854854855,29.97,633,2,traffic_signs,0.8298754096031189,848.7967529296875,735.29833984375,877.751220703125,766.8263549804688,863.2739868164062,751.0623474121094,28.9544677734375,31.52801513671875
IMG_0029.mp4,4453,148.5819152485819,29.97,640,2,traffic_signs,0.6600503921508789,1311.24462890625,701.4962158203125,1352.4520263671875,736.9119873046875,1331.8483276367188,719.2041015625,41.2073974609375,35.415771484375
IMG_0029.mp4,4453,148.5819152485819,29.97,633,2,traffic_signs,0.8875956535339355,845.9493408203125,734.7620849609375,874.8429565429688,766.7376098632812,860.3961486816406,750.7498474121094,28.89361572265625,31.97552490234375
IMG_0029.mp4,4453,148.5819152485819,29.97,647,2,traffic_signs,0.4261985719203949,47.69974136352539,588.071044921875,147.11819458007812,713.9595947265625,97.40896797180176,651.0153198242188,99.41845321655273,125.8885498046875
IMG_0029.mp4,4454,148.6152819486153,29.97,640,2,traffic_signs,0.7414897680282593,1312.5478515625,700.5068359375,1353.539794921875,736.5759887695312,1333.0438232421875,718.5414123535156,40.991943359375,36.06915283203125
IMG_0029.mp4,4454,148.6152819486153,29.97,633,2,traffic_signs,0.8373798131942749,842.8729248046875,734.1473999023438,872.198486328125,766.7567749023438,857.5357055664062,750.4520874023438,29.3255615234375,32.609375
IMG_0029.mp4,4455,148.64864864864865,29.97,640,2,traffic_signs,0.6686892509460449,1314.2845458984375,699.3414916992188,1356.329833984375,736.40478515625,1335.3071899414062,717.8731384277344,42.0452880859375,37.06329345703125
IMG_0029.mp4,4455,148.64864864864865,29.97,633,2,traffic_signs,0.5901080965995789,839.4607543945312,733.292236328125,869.7235107421875,766.7660522460938,854.5921325683594,750.0291442871094,30.26275634765625,33.47381591796875
IMG_0029.mp4,4456,148.68201534868203,29.97,640,2,traffic_signs,0.6406187415122986,1315.423828125,698.4204711914062,1359.3636474609375,735.6914672851562,1337.3937377929688,717.0559692382812,43.9398193359375,37.27099609375
IMG_0029.mp4,4456,148.68201534868203,29.97,633,2,traffic_signs,0.5262640714645386,836.2072143554688,732.9268188476562,866.6832885742188,766.9738159179688,851.4452514648438,749.9503173828125,30.47607421875,34.0469970703125
IMG_0029.mp4,4457,148.71538204871538,29.97,640,2,traffic_signs,0.6801676154136658,1316.79248046875,697.6051025390625,1360.82958984375,734.8619995117188,1338.81103515625,716.2335510253906,44.037109375,37.25689697265625
IMG_0029.mp4,4457,148.71538204871538,29.97,633,2,traffic_signs,0.7615554332733154,833.428955078125,733.2142333984375,864.009765625,766.7112426757812,848.7193603515625,749.9627380371094,30.580810546875,33.49700927734375
IMG_0029.mp4,4458,148.74874874874877,29.97,640,2,traffic_signs,0.7545808553695679,1318.455078125,696.6038818359375,1362.1033935546875,734.6595458984375,1340.2792358398438,715.6317138671875,43.6483154296875,38.0556640625
IMG_0029.mp4,4458,148.74874874874877,29.97,633,2,traffic_signs,0.6371985673904419,830.333740234375,732.4813842773438,861.1718139648438,766.460205078125,845.7527770996094,749.4707946777344,30.83807373046875,33.97882080078125
IMG_0029.mp4,4459,148.78211544878212,29.97,640,2,traffic_signs,0.8188415169715881,1320.650634765625,695.0581665039062,1364.4034423828125,734.118408203125,1342.5270385742188,714.5882873535156,43.7528076171875,39.06024169921875
IMG_0029.mp4,4459,148.78211544878212,29.97,633,2,traffic_signs,0.7670556902885437,827.46435546875,731.8306884765625,859.1581420898438,766.174072265625,843.3112487792969,749.0023803710938,31.69378662109375,34.3433837890625
IMG_0029.mp4,4460,148.81548214881548,29.97,640,2,traffic_signs,0.3750474154949188,1321.845947265625,693.8448486328125,1365.3287353515625,733.4966430664062,1343.5873413085938,713.6707458496094,43.4827880859375,39.65179443359375
IMG_0029.mp4,4460,148.81548214881548,29.97,633,2,traffic_signs,0.7332066297531128,824.567138671875,730.8153686523438,855.7239379882812,765.8516235351562,840.1455383300781,748.33349609375,31.15679931640625,35.0362548828125
IMG_0029.mp4,4461,148.84884884884886,29.97,640,2,traffic_signs,0.8457264304161072,1323.252685546875,692.6853637695312,1366.98291015625,731.9149780273438,1345.1177978515625,712.3001708984375,43.730224609375,39.2296142578125
IMG_0029.mp4,4461,148.84884884884886,29.97,633,2,traffic_signs,0.7988890409469604,821.1867065429688,730.04638671875,852.5142211914062,764.8461303710938,836.8504638671875,747.4462585449219,31.3275146484375,34.79974365234375
IMG_0029.mp4,4461,148.84884884884886,29.97,650,2,traffic_signs,0.43122124671936035,1264.4798583984375,737.5372924804688,1299.6273193359375,771.04638671875,1282.0535888671875,754.2918395996094,35.1474609375,33.50909423828125
IMG_0029.mp4,4462,148.88221554888221,29.97,640,2,traffic_signs,0.8875237107276917,1324.95458984375,691.7802124023438,1368.2957763671875,731.0537719726562,1346.6251831054688,711.4169921875,43.3411865234375,39.2735595703125
IMG_0029.mp4,4462,148.88221554888221,29.97,650,2,traffic_signs,0.42007455229759216,1264.285888671875,737.5587158203125,1299.7420654296875,771.6810913085938,1282.0139770507812,754.6199035644531,35.4561767578125,34.12237548828125
IMG_0029.mp4,4462,148.88221554888221,29.97,651,2,traffic_signs,0.35916414856910706,1266.9642333984375,736.7527465820312,1300.501708984375,768.2628784179688,1283.7329711914062,752.5078125,33.5374755859375,31.5101318359375
IMG_0029.mp4,4463,148.9155822489156,29.97,640,2,traffic_signs,0.8712826371192932,1326.4525146484375,690.4039916992188,1369.735595703125,730.6483764648438,1348.0940551757812,710.5261840820312,43.2830810546875,40.244384765625
IMG_0029.mp4,4463,148.9155822489156,29.97,650,2,traffic_signs,0.26129403710365295,1264.1165771484375,736.7631225585938,1299.9962158203125,772.0104370117188,1282.056396484375,754.3867797851562,35.879638671875,35.247314453125
IMG_0029.mp4,4463,148.9155822489156,29.97,651,2,traffic_signs,0.29091858863830566,1265.892822265625,735.3548583984375,1301.1998291015625,769.7421264648438,1283.5463256835938,752.5484924316406,35.3070068359375,34.38726806640625
IMG_0029.mp4,4464,148.94894894894895,29.97,640,2,traffic_signs,0.9015644192695618,1328.74072265625,689.386962890625,1372.564453125,730.3196411132812,1350.652587890625,709.8533020019531,43.82373046875,40.93267822265625
IMG_0029.mp4,4464,148.94894894894895,29.97,651,2,traffic_signs,0.43935829401016235,1265.8836669921875,733.9636840820312,1302.0599365234375,770.0067749023438,1283.9718017578125,751.9852294921875,36.17626953125,36.0430908203125
IMG_0029.mp4,4465,148.9823156489823,29.97,640,2,traffic_signs,0.90786212682724,1330.60791015625,687.9962768554688,1375.1790771484375,730.64501953125,1352.8934936523438,709.3206481933594,44.5711669921875,42.64874267578125
IMG_0029.mp4,4465,148.9823156489823,29.97,651,2,traffic_signs,0.5302918553352356,1266.23974609375,734.2014770507812,1303.2332763671875,769.1561279296875,1284.7365112304688,751.6788024902344,36.9935302734375,34.95465087890625
IMG_0029.mp4,4466,149.0156823490157,29.97,640,2,traffic_signs,0.8774803876876831,1331.9481201171875,686.4693603515625,1377.278076171875,730.136474609375,1354.6130981445312,708.3029174804688,45.3299560546875,43.6671142578125
IMG_0029.mp4,4466,149.0156823490157,29.97,651,2,traffic_signs,0.46275490522384644,1267.564208984375,733.2467041015625,1304.1939697265625,768.4976806640625,1285.8790893554688,750.8721923828125,36.6297607421875,35.2509765625
IMG_0029.mp4,4466,149.0156823490157,29.97,652,2,traffic_signs,0.46386757493019104,1271.798828125,705.2630615234375,1305.0189208984375,736.727294921875,1288.4088745117188,720.9951782226562,33.2200927734375,31.4642333984375
IMG_0029.mp4,4467,149.04904904904905,29.97,640,2,traffic_signs,0.8576540350914001,1334.0643310546875,685.1882934570312,1379.634033203125,729.7638549804688,1356.8491821289062,707.47607421875,45.5697021484375,44.5755615234375
IMG_0029.mp4,4467,149.04904904904905,29.97,651,2,traffic_signs,0.42358025908470154,1268.3525390625,733.1762084960938,1305.8349609375,769.4010009765625,1287.09375,751.2886047363281,37.482421875,36.22479248046875
IMG_0029.mp4,4467,149.04904904904905,29.97,652,2,traffic_signs,0.5897662043571472,1272.39208984375,703.3731079101562,1307.16064453125,736.6333618164062,1289.7763671875,720.0032348632812,34.7685546875,33.26025390625
IMG_0029.mp4,4468,149.08241574908243,29.97,640,2,traffic_signs,0.6674049496650696,1336.293701171875,684.4072875976562,1383.1461181640625,727.7557983398438,1359.7199096679688,706.08154296875,46.8524169921875,43.3485107421875
IMG_0029.mp4,4468,149.08241574908243,29.97,651,2,traffic_signs,0.423216849565506,1269.55615234375,732.1555786132812,1307.1749267578125,769.7108154296875,1288.3655395507812,750.9331970214844,37.6187744140625,37.55523681640625
IMG_0029.mp4,4468,149.08241574908243,29.97,652,2,traffic_signs,0.4019871652126312,1273.5296630859375,702.6685791015625,1308.319580078125,736.3886108398438,1290.9246215820312,719.5285949707031,34.7899169921875,33.72003173828125
IMG_0029.mp4,4468,149.08241574908243,29.97,633,2,traffic_signs,0.2988576292991638,796.6859130859375,724.7498168945312,827.61279296875,761.6204223632812,812.1493530273438,743.1851196289062,30.9268798828125,36.87060546875
IMG_0029.mp4,4469,149.11578244911578,29.97,640,2,traffic_signs,0.7538415193557739,1338.8612060546875,681.828369140625,1386.9031982421875,725.651611328125,1362.8822021484375,703.739990234375,48.0419921875,43.8232421875
IMG_0029.mp4,4469,149.11578244911578,29.97,652,2,traffic_signs,0.3793557286262512,1274.9058837890625,700.8156127929688,1310.3514404296875,735.3406372070312,1292.628662109375,718.078125,35.445556640625,34.5250244140625
IMG_0029.mp4,4469,149.11578244911578,29.97,633,2,traffic_signs,0.3462459146976471,792.7089233398438,723.7062377929688,824.7586669921875,760.539306640625,808.7337951660156,742.1227722167969,32.04974365234375,36.83306884765625
IMG_0029.mp4,4469,149.11578244911578,29.97,650,2,traffic_signs,0.53034508228302,1269.69140625,733.4291381835938,1308.3756103515625,770.8308715820312,1289.0335083007812,752.1300048828125,38.6842041015625,37.4017333984375
IMG_0029.mp4,4470,149.14914914914917,29.97,640,2,traffic_signs,0.7558950185775757,1340.1207275390625,680.317138671875,1389.47314453125,724.6580200195312,1364.7969360351562,702.4875793457031,49.3524169921875,44.34088134765625
IMG_0029.mp4,4470,149.14914914914917,29.97,652,2,traffic_signs,0.3464517891407013,1275.3360595703125,700.2056884765625,1310.292724609375,735.2900390625,1292.8143920898438,717.7478637695312,34.9566650390625,35.0843505859375
IMG_0029.mp4,4470,149.14914914914917,29.97,650,2,traffic_signs,0.48693814873695374,1270.2423095703125,733.2607421875,1309.10302734375,770.6699829101562,1289.6726684570312,751.9653625488281,38.8607177734375,37.40924072265625
IMG_0029.mp4,4471,149.18251584918252,29.97,640,2,traffic_signs,0.6899806261062622,1341.8583984375,678.7007446289062,1391.30859375,723.2806396484375,1366.58349609375,700.9906921386719,49.4501953125,44.57989501953125
IMG_0029.mp4,4471,149.18251584918252,29.97,652,2,traffic_signs,0.4907125234603882,1276.2393798828125,698.7717895507812,1310.8653564453125,734.80615234375,1293.5523681640625,716.7889709472656,34.6259765625,36.03436279296875
IMG_0029.mp4,4471,149.18251584918252,29.97,650,2,traffic_signs,0.3485229015350342,1270.804931640625,733.2229614257812,1309.7691650390625,770.7357788085938,1290.2870483398438,751.9793701171875,38.9642333984375,37.5128173828125
IMG_0029.mp4,4471,149.18251584918252,29.97,633,2,traffic_signs,0.3058571517467499,785.1211547851562,722.6709594726562,817.9959106445312,759.3956909179688,801.5585327148438,741.0333251953125,32.874755859375,36.7247314453125
IMG_0029.mp4,4472,149.21588254921588,29.97,640,2,traffic_signs,0.8222357034683228,1344.208984375,677.6729125976562,1393.3739013671875,721.962158203125,1368.7914428710938,699.8175354003906,49.1649169921875,44.28924560546875
IMG_0029.mp4,4472,149.21588254921588,29.97,652,2,traffic_signs,0.6105654835700989,1277.138916015625,697.9169921875,1310.9658203125,734.2630615234375,1294.0523681640625,716.0900268554688,33.826904296875,36.3460693359375
IMG_0029.mp4,4472,149.21588254921588,29.97,650,2,traffic_signs,0.3469359874725342,1271.6949462890625,733.3026123046875,1310.0823974609375,770.519287109375,1290.888671875,751.9109497070312,38.387451171875,37.2166748046875
IMG_0029.mp4,4473,149.24924924924926,29.97,640,2,traffic_signs,0.8516855835914612,1346.3154296875,676.1193237304688,1396.801513671875,720.7238159179688,1371.5584716796875,698.4215698242188,50.486083984375,44.6044921875
IMG_0029.mp4,4473,149.24924924924926,29.97,652,2,traffic_signs,0.6221213340759277,1277.3668212890625,697.3202514648438,1311.9996337890625,733.56494140625,1294.6832275390625,715.4425964355469,34.6328125,36.24468994140625
IMG_0029.mp4,4473,149.24924924924926,29.97,650,2,traffic_signs,0.5148233771324158,1271.99462890625,733.4537353515625,1310.7000732421875,771.198486328125,1291.3473510742188,752.3261108398438,38.7054443359375,37.7447509765625
IMG_0029.mp4,4474,149.28261594928262,29.97,640,2,traffic_signs,0.8601070046424866,1349.111083984375,674.4454345703125,1400.00146484375,719.3500366210938,1374.5562744140625,696.8977355957031,50.890380859375,44.90460205078125
IMG_0029.mp4,4474,149.28261594928262,29.97,652,2,traffic_signs,0.5525885224342346,1278.050048828125,696.6366577148438,1313.6248779296875,732.5090942382812,1295.8374633789062,714.5728759765625,35.5748291015625,35.8724365234375
IMG_0029.mp4,4474,149.28261594928262,29.97,650,2,traffic_signs,0.5309818387031555,1273.453369140625,733.2197265625,1311.6217041015625,771.1583251953125,1292.5375366210938,752.1890258789062,38.1683349609375,37.9385986328125
IMG_0029.mp4,4475,149.315982649316,29.97,640,2,traffic_signs,0.9028952121734619,1351.49609375,673.166748046875,1403.928955078125,718.6914672851562,1377.7125244140625,695.9291076660156,52.432861328125,45.52471923828125
IMG_0029.mp4,4475,149.315982649316,29.97,652,2,traffic_signs,0.7542615532875061,1277.6312255859375,696.3472900390625,1314.6220703125,733.0234985351562,1296.1266479492188,714.6853942871094,36.9908447265625,36.67620849609375
IMG_0029.mp4,4475,149.315982649316,29.97,650,2,traffic_signs,0.5890327095985413,1274.084228515625,733.68359375,1312.818359375,771.252685546875,1293.4512939453125,752.4681396484375,38.734130859375,37.569091796875
IMG_0029.mp4,4476,149.34934934934935,29.97,640,2,traffic_signs,0.8809349536895752,1354.0772705078125,671.4386596679688,1406.743896484375,718.9370727539062,1380.4105834960938,695.1878662109375,52.6666259765625,47.4984130859375
IMG_0029.mp4,4476,149.34934934934935,29.97,652,2,traffic_signs,0.7755377292633057,1278.3726806640625,695.5205078125,1315.5804443359375,733.179443359375,1296.9765625,714.3499755859375,37.207763671875,37.658935546875
IMG_0029.mp4,4476,149.34934934934935,29.97,650,2,traffic_signs,0.3922211229801178,1274.784912109375,733.659423828125,1314.43408203125,771.3140258789062,1294.6094970703125,752.4867248535156,39.649169921875,37.65460205078125
IMG_0029.mp4,4477,149.3827160493827,29.97,652,2,traffic_signs,0.7768058180809021,1279.050537109375,694.00048828125,1316.947021484375,732.31982421875,1297.998779296875,713.16015625,37.896484375,38.3193359375
IMG_0029.mp4,4477,149.3827160493827,29.97,650,2,traffic_signs,0.4738351106643677,1275.3153076171875,733.4358520507812,1316.6944580078125,770.896240234375,1296.0048828125,752.1660461425781,41.379150390625,37.46038818359375
IMG_0029.mp4,4478,149.4160827494161,29.97,652,2,traffic_signs,0.8272513151168823,1280.40478515625,692.6609497070312,1318.7325439453125,731.649169921875,1299.5686645507812,712.1550598144531,38.3277587890625,38.98822021484375
IMG_0029.mp4,4478,149.4160827494161,29.97,650,2,traffic_signs,0.4358946979045868,1275.8900146484375,733.1707153320312,1318.6981201171875,771.0253295898438,1297.2940673828125,752.0980224609375,42.80810546875,37.8546142578125
IMG_0029.mp4,4478,149.4160827494161,29.97,640,2,traffic_signs,0.7924192547798157,1359.6904296875,667.16650390625,1412.520751953125,716.1972045898438,1386.1055908203125,691.6818542480469,52.830322265625,49.03070068359375
IMG_0029.mp4,4479,149.44944944944945,29.97,652,2,traffic_signs,0.8681254982948303,1281.9921875,691.2642211914062,1321.0703125,731.0513305664062,1301.53125,711.1577758789062,39.078125,39.787109375
IMG_0029.mp4,4479,149.44944944944945,29.97,650,2,traffic_signs,0.667644739151001,1276.9697265625,732.991455078125,1320.8665771484375,770.81396484375,1298.9181518554688,751.9027099609375,43.8968505859375,37.822509765625
IMG_0029.mp4,4479,149.44944944944945,29.97,640,2,traffic_signs,0.8067304491996765,1362.672119140625,665.3115234375,1416.334228515625,714.0536499023438,1389.503173828125,689.6825866699219,53.662109375,48.74212646484375
IMG_0029.mp4,4480,149.48281614948283,29.97,652,2,traffic_signs,0.8615900874137878,1283.3804931640625,690.4688110351562,1323.1676025390625,730.3558349609375,1303.2740478515625,710.4123229980469,39.787109375,39.88702392578125
IMG_0029.mp4,4480,149.48281614948283,29.97,650,2,traffic_signs,0.6527156233787537,1277.497314453125,732.691650390625,1322.3165283203125,771.0376586914062,1299.9069213867188,751.8646545410156,44.8192138671875,38.34600830078125
IMG_0029.mp4,4480,149.48281614948283,29.97,640,2,traffic_signs,0.7950048446655273,1365.609130859375,664.7699584960938,1420.56689453125,712.7408447265625,1393.0880126953125,688.7554016113281,54.957763671875,47.97088623046875
IMG_0029.mp4,4481,149.51618284951618,29.97,652,2,traffic_signs,0.8559428453445435,1285.0977783203125,689.4453735351562,1324.907958984375,729.9136962890625,1305.0028686523438,709.6795349121094,39.8101806640625,40.46832275390625
IMG_0029.mp4,4481,149.51618284951618,29.97,650,2,traffic_signs,0.6260877847671509,1278.470703125,732.047607421875,1323.7158203125,771.2611083984375,1301.09326171875,751.6543579101562,45.2451171875,39.2135009765625
IMG_0029.mp4,4481,149.51618284951618,29.97,640,2,traffic_signs,0.8496782183647156,1369.5198974609375,663.0531616210938,1424.6474609375,711.9596557617188,1397.0836791992188,687.5064086914062,55.1275634765625,48.906494140625
IMG_0029.mp4,4482,149.54954954954957,29.97,652,2,traffic_signs,0.8524771332740784,1285.703857421875,688.3084106445312,1325.3411865234375,728.7416381835938,1305.5225219726562,708.5250244140625,39.6373291015625,40.4332275390625
IMG_0029.mp4,4482,149.54954954954957,29.97,650,2,traffic_signs,0.5519777536392212,1278.2464599609375,731.4036865234375,1323.5394287109375,771.2413940429688,1300.8929443359375,751.3225402832031,45.29296875,39.83770751953125
IMG_0029.mp4,4482,149.54954954954957,29.97,640,2,traffic_signs,0.835532546043396,1371.51318359375,661.0147094726562,1426.8238525390625,711.3960571289062,1399.1685180664062,686.2053833007812,55.3106689453125,50.38134765625
IMG_0029.mp4,4483,149.58291624958292,29.97,652,2,traffic_signs,0.854792594909668,1287.563720703125,687.7727661132812,1327.548095703125,728.2950439453125,1307.555908203125,708.0339050292969,39.984375,40.52227783203125
IMG_0029.mp4,4483,149.58291624958292,29.97,650,2,traffic_signs,0.6302080750465393,1279.713134765625,731.4142456054688,1324.931396484375,771.528564453125,1302.322265625,751.4714050292969,45.21826171875,40.11431884765625
IMG_0029.mp4,4483,149.58291624958292,29.97,640,2,traffic_signs,0.8056456446647644,1374.6627197265625,658.5433349609375,1431.4923095703125,711.1845092773438,1403.0775146484375,684.8639221191406,56.82958984375,52.64117431640625
IMG_0029.mp4,4484,149.61628294961628,29.97,652,2,traffic_signs,0.8624132871627808,1287.96875,687.21435546875,1328.27197265625,727.1609497070312,1308.120361328125,707.1876525878906,40.30322265625,39.94659423828125
IMG_0029.mp4,4484,149.61628294961628,29.97,650,2,traffic_signs,0.6061367988586426,1280.142333984375,731.1919555664062,1324.9456787109375,771.672119140625,1302.5440063476562,751.4320373535156,44.8033447265625,40.48016357421875
IMG_0029.mp4,4484,149.61628294961628,29.97,640,2,traffic_signs,0.7212710380554199,1377.3536376953125,656.102783203125,1435.665283203125,709.6567993164062,1406.5094604492188,682.8797912597656,58.3116455078125,53.55401611328125
IMG_0029.mp4,4485,149.64964964964966,29.97,652,2,traffic_signs,0.864176869392395,1289.0518798828125,686.92333984375,1329.3570556640625,726.0753173828125,1309.2044677734375,706.4993286132812,40.30517578125,39.1519775390625
IMG_0029.mp4,4485,149.64964964964966,29.97,650,2,traffic_signs,0.6161342859268188,1280.9085693359375,731.2088623046875,1326.0963134765625,771.5862426757812,1303.50244140625,751.3975524902344,45.187744140625,40.37738037109375
IMG_0029.mp4,4485,149.64964964964966,29.97,640,2,traffic_signs,0.8042553663253784,1380.9620361328125,653.7611694335938,1439.6163330078125,708.050537109375,1410.2891845703125,680.9058532714844,58.654296875,54.28936767578125
IMG_0029.mp4,4486,149.68301634968302,29.97,652,2,traffic_signs,0.8656682968139648,1290.6148681640625,686.5955810546875,1329.901611328125,725.2825927734375,1310.2582397460938,705.9390869140625,39.2867431640625,38.68701171875
IMG_0029.mp4,4486,149.68301634968302,29.97,650,2,traffic_signs,0.5263741612434387,1281.5030517578125,731.2308959960938,1326.6619873046875,771.5896606445312,1304.08251953125,751.4102783203125,45.158935546875,40.3587646484375
IMG_0029.mp4,4486,149.68301634968302,29.97,640,2,traffic_signs,0.8132414221763611,1384.0579833984375,651.4762573242188,1443.110107421875,706.8040771484375,1413.5840454101562,679.1401672363281,59.0521240234375,55.32781982421875
IMG_0029.mp4,4487,149.7163830497164,29.97,652,2,traffic_signs,0.8722175359725952,1291.333984375,685.2997436523438,1331.4156494140625,724.2601318359375,1311.3748168945312,704.7799377441406,40.0816650390625,38.96038818359375
IMG_0029.mp4,4487,149.7163830497164,29.97,650,2,traffic_signs,0.4515194296836853,1281.923828125,730.6607666015625,1327.6748046875,770.8045654296875,1304.79931640625,750.732666015625,45.7509765625,40.143798828125
IMG_0029.mp4,4487,149.7163830497164,29.97,640,2,traffic_signs,0.8101778030395508,1387.253173828125,648.9801025390625,1447.5281982421875,704.341796875,1417.3906860351562,676.6609497070312,60.2750244140625,55.3616943359375
IMG_0029.mp4,4488,149.74974974974975,29.97,652,2,traffic_signs,0.857399582862854,1292.375244140625,683.8888549804688,1333.0576171875,723.6046142578125,1312.7164306640625,703.7467346191406,40.682373046875,39.71575927734375
IMG_0029.mp4,4488,149.74974974974975,29.97,640,2,traffic_signs,0.8453578948974609,1389.939453125,646.5938720703125,1452.2923583984375,701.4800415039062,1421.1159057617188,674.0369567871094,62.3529052734375,54.88616943359375
IMG_0029.mp4,4489,149.7831164497831,29.97,652,2,traffic_signs,0.8380969762802124,1292.618896484375,682.656494140625,1334.6864013671875,723.008544921875,1313.6526489257812,702.83251953125,42.0675048828125,40.35205078125
IMG_0029.mp4,4489,149.7831164497831,29.97,640,2,traffic_signs,0.8340250253677368,1392.769775390625,643.6915283203125,1456.403564453125,700.2418823242188,1424.586669921875,671.9667053222656,63.6337890625,56.55035400390625
IMG_0029.mp4,4489,149.7831164497831,29.97,650,2,traffic_signs,0.37889808416366577,1283.8603515625,729.06103515625,1332.64990234375,770.1947021484375,1308.255126953125,749.6278686523438,48.78955078125,41.1336669921875
IMG_0029.mp4,4490,149.8164831498165,29.97,652,2,traffic_signs,0.7865057587623596,1293.665283203125,681.2337646484375,1336.5347900390625,722.381103515625,1315.1000366210938,701.8074340820312,42.8695068359375,41.1473388671875
IMG_0029.mp4,4490,149.8164831498165,29.97,640,2,traffic_signs,0.25267523527145386,1397.0948486328125,641.2085571289062,1461.4949951171875,696.714599609375,1429.294921875,668.9615783691406,64.400146484375,55.50604248046875
IMG_0029.mp4,4490,149.8164831498165,29.97,650,2,traffic_signs,0.4695848822593689,1284.31298828125,727.0536499023438,1334.159912109375,770.3219604492188,1309.2364501953125,748.6878051757812,49.846923828125,43.268310546875
IMG_0029.mp4,4491,149.84984984984985,29.97,652,2,traffic_signs,0.817132830619812,1295.043212890625,679.7620239257812,1339.0113525390625,721.0626220703125,1317.0272827148438,700.4123229980469,43.9681396484375,41.30059814453125
IMG_0029.mp4,4491,149.84984984984985,29.97,640,2,traffic_signs,0.7711275815963745,1401.005126953125,638.6045532226562,1466.6136474609375,694.0656127929688,1433.8093872070312,666.3350830078125,65.6085205078125,55.4610595703125
IMG_0029.mp4,4491,149.84984984984985,29.97,650,2,traffic_signs,0.45949652791023254,1285.36669921875,724.6851196289062,1336.0201416015625,769.7700805664062,1310.6934204101562,747.2276000976562,50.6534423828125,45.0849609375
IMG_0029.mp4,4492,149.88321654988323,29.97,652,2,traffic_signs,0.8629984259605408,1295.482666015625,678.6948852539062,1340.0284423828125,719.8607788085938,1317.7555541992188,699.27783203125,44.5457763671875,41.1658935546875
IMG_0029.mp4,4492,149.88321654988323,29.97,640,2,traffic_signs,0.7524054050445557,1403.8909912109375,634.9896240234375,1471.32177734375,694.699951171875,1437.6063842773438,664.8447875976562,67.4307861328125,59.7103271484375
IMG_0029.mp4,4492,149.88321654988323,29.97,650,2,traffic_signs,0.549338161945343,1285.34130859375,723.7903442382812,1337.23779296875,768.764892578125,1311.28955078125,746.2776184082031,51.896484375,44.97454833984375
IMG_0029.mp4,4492,149.88321654988323,29.97,655,2,traffic_signs,0.4038480818271637,1404.6805419921875,635.8064575195312,1471.398681640625,694.7185668945312,1438.0396118164062,665.2625122070312,66.7181396484375,58.912109375
IMG_0029.mp4,4493,149.91658324991658,29.97,652,2,traffic_signs,0.8831413388252258,1296.224609375,677.1456909179688,1341.0701904296875,718.9425048828125,1318.6473999023438,698.0440979003906,44.8455810546875,41.79681396484375
IMG_0029.mp4,4493,149.91658324991658,29.97,640,2,traffic_signs,0.38989609479904175,1408.356689453125,632.7908935546875,1476.690673828125,692.822998046875,1442.523681640625,662.8069458007812,68.333984375,60.0321044921875
IMG_0029.mp4,4493,149.91658324991658,29.97,650,2,traffic_signs,0.5518383383750916,1285.4134521484375,723.3084716796875,1338.9642333984375,767.8511962890625,1312.1888427734375,745.579833984375,53.55078125,44.542724609375
IMG_0029.mp4,4493,149.91658324991658,29.97,655,2,traffic_signs,0.7949703335762024,1408.313232421875,631.5333251953125,1477.8848876953125,694.0485229492188,1443.0990600585938,662.7909240722656,69.5716552734375,62.51519775390625
IMG_0029.mp4,4493,149.91658324991658,29.97,633,2,traffic_signs,0.5952395796775818,679.8807373046875,695.1783447265625,721.87353515625,741.818359375,700.8771362304688,718.4983520507812,41.9927978515625,46.6400146484375
IMG_0029.mp4,4494,149.94994994994997,29.97,652,2,traffic_signs,0.8713859915733337,1297.428955078125,675.7420654296875,1342.2816162109375,717.810302734375,1319.8552856445312,696.7761840820312,44.8526611328125,42.0682373046875
IMG_0029.mp4,4494,149.94994994994997,29.97,650,2,traffic_signs,0.4708394706249237,1286.1533203125,722.497802734375,1340.041748046875,766.5714721679688,1313.0975341796875,744.5346374511719,53.888427734375,44.07366943359375
IMG_0029.mp4,4494,149.94994994994997,29.97,633,2,traffic_signs,0.6455078125,674.1448974609375,693.0078125,717.4814453125,741.33154296875,695.8131713867188,717.169677734375,43.3365478515625,48.32373046875
IMG_0029.mp4,4495,149.98331664998332,29.97,652,2,traffic_signs,0.8518802523612976,1298.31298828125,674.8200073242188,1343.1456298828125,718.0628662109375,1320.7293090820312,696.4414367675781,44.8326416015625,43.24285888671875
IMG_0029.mp4,4495,149.98331664998332,29.97,650,2,traffic_signs,0.2928881049156189,1286.4857177734375,721.816650390625,1340.32177734375,765.9298706054688,1313.4037475585938,743.8732604980469,53.8360595703125,44.11322021484375
IMG_0029.mp4,4495,149.98331664998332,29.97,633,2,traffic_signs,0.6269172430038452,669.4633178710938,691.1876220703125,711.481689453125,740.337890625,690.4725036621094,715.7627563476562,42.01837158203125,49.1502685546875
IMG_0029.mp4,4495,149.98331664998332,29.97,640,2,traffic_signs,0.7409152388572693,1416.21240234375,625.984375,1487.28955078125,689.5349731445312,1451.7509765625,657.7596740722656,71.0771484375,63.55059814453125
IMG_0029.mp4,4496,150.01668335001668,29.97,652,2,traffic_signs,0.9165825843811035,1300.095458984375,673.677490234375,1344.53076171875,717.3447265625,1322.3131103515625,695.5111083984375,44.435302734375,43.667236328125
IMG_0029.mp4,4496,150.01668335001668,29.97,633,2,traffic_signs,0.5760750770568848,663.6841430664062,688.8047485351562,706.1980590820312,738.970703125,684.9411010742188,713.8877258300781,42.513916015625,50.16595458984375
IMG_0029.mp4,4496,150.01668335001668,29.97,640,2,traffic_signs,0.779660165309906,1419.70458984375,622.1970825195312,1492.537353515625,686.517333984375,1456.1209716796875,654.3572082519531,72.832763671875,64.32025146484375
IMG_0029.mp4,4497,150.05005005005006,29.97,652,2,traffic_signs,0.886550784111023,1301.1607666015625,672.1174926757812,1346.4185791015625,716.0713500976562,1323.7896728515625,694.0944213867188,45.2578125,43.953857421875
IMG_0029.mp4,4497,150.05005005005006,29.97,633,2,traffic_signs,0.7956315875053406,658.5015869140625,687.0113525390625,700.5232543945312,737.71240234375,679.5124206542969,712.3618774414062,42.02166748046875,50.7010498046875
IMG_0029.mp4,4497,150.05005005005006,29.97,640,2,traffic_signs,0.7088044285774231,1424.043701171875,617.531494140625,1498.584716796875,683.7484130859375,1461.314208984375,650.6399536132812,74.541015625,66.2169189453125
IMG_0029.mp4,4498,150.08341675008342,29.97,652,2,traffic_signs,0.8664419054985046,1302.096923828125,670.855712890625,1348.185302734375,714.4277954101562,1325.14111328125,692.6417541503906,46.08837890625,43.57208251953125
IMG_0029.mp4,4498,150.08341675008342,29.97,640,2,traffic_signs,0.8183979988098145,1428.1463623046875,614.4122924804688,1504.5870361328125,680.3208618164062,1466.36669921875,647.3665771484375,76.440673828125,65.9085693359375
IMG_0029.mp4,4499,150.1167834501168,29.97,652,2,traffic_signs,0.8777922987937927,1303.0843505859375,669.305419921875,1350.744384765625,712.7649536132812,1326.9143676757812,691.0351867675781,47.6600341796875,43.45953369140625
IMG_0029.mp4,4499,150.1167834501168,29.97,640,2,traffic_signs,0.8545976877212524,1432.309814453125,610.9197998046875,1510.8077392578125,676.7733154296875,1471.5587768554688,643.8465576171875,78.4979248046875,65.853515625
IMG_0029.mp4,4499,150.1167834501168,29.97,650,2,traffic_signs,0.2705513536930084,1290.4188232421875,718.0963134765625,1340.8919677734375,761.9732055664062,1315.6553955078125,740.0347595214844,50.47314453125,43.87689208984375
IMG_0029.mp4,4499,150.1167834501168,29.97,633,2,traffic_signs,0.36630433797836304,645.6668090820312,683.8970336914062,688.354736328125,734.5612182617188,667.0107727050781,709.2291259765625,42.68792724609375,50.6641845703125
IMG_0029.mp4,4500,150.15015015015015,29.97,652,2,traffic_signs,0.8923546075820923,1304.3568115234375,667.99365234375,1352.3118896484375,711.8512573242188,1328.3343505859375,689.9224548339844,47.955078125,43.85760498046875
IMG_0029.mp4,4500,150.15015015015015,29.97,640,2,traffic_signs,0.8571090698242188,1437.6307373046875,607.2300415039062,1517.200439453125,674.89306640625,1477.4155883789062,641.0615539550781,79.5697021484375,67.66302490234375
IMG_0029.mp4,4501,150.1835168501835,29.97,652,2,traffic_signs,0.8936187028884888,1305.45849609375,666.0111694335938,1353.33349609375,711.1403198242188,1329.39599609375,688.5757446289062,47.875,45.129150390625
IMG_0029.mp4,4501,150.1835168501835,29.97,640,2,traffic_signs,0.8295942544937134,1442.5548095703125,603.3046875,1523.3082275390625,672.8980102539062,1482.9315185546875,638.1013488769531,80.75341796875,69.59332275390625
IMG_0029.mp4,4501,150.1835168501835,29.97,650,2,traffic_signs,0.5351414084434509,1293.08984375,725.6812744140625,1329.9033203125,762.925048828125,1311.49658203125,744.3031616210938,36.8134765625,37.2437744140625
IMG_0029.mp4,4502,150.2168835502169,29.97,652,2,traffic_signs,0.8945850133895874,1306.9351806640625,664.0521240234375,1354.5455322265625,709.6768798828125,1330.7403564453125,686.864501953125,47.6103515625,45.624755859375
IMG_0029.mp4,4502,150.2168835502169,29.97,640,2,traffic_signs,0.7803478240966797,1447.645263671875,599.200927734375,1530.2730712890625,670.1815795898438,1488.9591674804688,634.6912536621094,82.6278076171875,70.98065185546875
IMG_0029.mp4,4502,150.2168835502169,29.97,650,2,traffic_signs,0.7250678539276123,1294.9443359375,727.5563354492188,1328.4468994140625,763.1152954101562,1311.6956176757812,745.3358154296875,33.5025634765625,35.5589599609375
IMG_0029.mp4,4503,150.25025025025025,29.97,652,2,traffic_signs,0.8996539115905762,1308.3590087890625,662.6264038085938,1355.780029296875,708.3929443359375,1332.0695190429688,685.5096740722656,47.4210205078125,45.76654052734375
IMG_0029.mp4,4503,150.25025025025025,29.97,640,2,traffic_signs,0.777549684047699,1453.7266845703125,595.1986083984375,1537.339599609375,667.1658935546875,1495.5331420898438,631.1822509765625,83.6129150390625,71.96728515625
IMG_0029.mp4,4503,150.25025025025025,29.97,650,2,traffic_signs,0.7943447828292847,1295.9169921875,727.5792236328125,1330.383056640625,762.6456909179688,1313.1500244140625,745.1124572753906,34.466064453125,35.06646728515625
IMG_0029.mp4,4504,150.28361695028363,29.97,652,2,traffic_signs,0.8673564791679382,1309.4754638671875,661.539306640625,1357.0927734375,706.7899169921875,1333.2841186523438,684.1646118164062,47.6173095703125,45.2506103515625
IMG_0029.mp4,4504,150.28361695028363,29.97,640,2,traffic_signs,0.8559154868125916,1458.530517578125,590.3612670898438,1543.9215087890625,664.3170776367188,1501.2260131835938,627.3391723632812,85.3909912109375,73.955810546875
IMG_0029.mp4,4504,150.28361695028363,29.97,650,2,traffic_signs,0.7875994443893433,1296.6888427734375,727.1429443359375,1332.755615234375,761.58837890625,1314.7222290039062,744.3656616210938,36.0667724609375,34.4454345703125
IMG_0029.mp4,4505,150.31698365031698,29.97,652,2,traffic_signs,0.886719822883606,1310.013671875,659.7349853515625,1358.7161865234375,705.7997436523438,1334.3649291992188,682.7673645019531,48.7025146484375,46.06475830078125
IMG_0029.mp4,4505,150.31698365031698,29.97,640,2,traffic_signs,0.8514195680618286,1462.761474609375,585.3240966796875,1550.974853515625,661.2841186523438,1506.8681640625,623.3041076660156,88.21337890625,75.96002197265625
IMG_0029.mp4,4505,150.31698365031698,29.97,650,2,traffic_signs,0.8037675619125366,1296.9365234375,725.270751953125,1334.58447265625,760.526611328125,1315.760498046875,742.898681640625,37.64794921875,35.255859375
IMG_0029.mp4,4506,150.35035035035037,29.97,652,2,traffic_signs,0.8428223133087158,1312.0103759765625,658.1803588867188,1361.0562744140625,705.8065185546875,1336.5333251953125,681.9934387207031,49.0458984375,47.62615966796875
IMG_0029.mp4,4506,150.35035035035037,29.97,640,2,traffic_signs,0.8526561856269836,1468.8270263671875,579.9649658203125,1558.6187744140625,656.1918334960938,1513.722900390625,618.0783996582031,89.791748046875,76.22686767578125
IMG_0029.mp4,4506,150.35035035035037,29.97,650,2,traffic_signs,0.8281248211860657,1298.4847412109375,724.237060546875,1335.822509765625,759.92041015625,1317.1536254882812,742.0787353515625,37.3377685546875,35.683349609375
IMG_0029.mp4,4507,150.38371705038372,29.97,652,2,traffic_signs,0.8347903490066528,1313.2408447265625,656.0113525390625,1363.5328369140625,704.8096313476562,1338.3868408203125,680.4104919433594,50.2919921875,48.79827880859375
IMG_0029.mp4,4507,150.38371705038372,29.97,640,2,traffic_signs,0.9203092455863953,1474.6612548828125,575.0835571289062,1565.9798583984375,653.358154296875,1520.320556640625,614.2208557128906,91.318603515625,78.27459716796875
IMG_0029.mp4,4507,150.38371705038372,29.97,650,2,traffic_signs,0.3540695309638977,1299.33984375,720.07568359375,1339.5401611328125,759.366943359375,1319.4400024414062,739.7213134765625,40.2003173828125,39.291259765625
IMG_0029.mp4,4508,150.41708375041708,29.97,652,2,traffic_signs,0.8605273365974426,1314.3343505859375,653.8244018554688,1365.474609375,702.3612670898438,1339.9044799804688,678.0928344726562,51.1402587890625,48.536865234375
IMG_0029.mp4,4508,150.41708375041708,29.97,640,2,traffic_signs,0.8935620784759521,1481.0830078125,568.9816284179688,1575.254638671875,649.1009521484375,1528.1688232421875,609.0412902832031,94.171630859375,80.11932373046875
IMG_0029.mp4,4508,150.41708375041708,29.97,650,2,traffic_signs,0.46820029616355896,1300.7698974609375,710.1940307617188,1356.3428955078125,758.89306640625,1328.556396484375,734.5435485839844,55.572998046875,48.69903564453125
IMG_0029.mp4,4509,150.45045045045046,29.97,652,2,traffic_signs,0.8729113340377808,1315.65869140625,651.3802490234375,1367.7845458984375,700.7686767578125,1341.7216186523438,676.074462890625,52.1258544921875,49.388427734375
IMG_0029.mp4,4509,150.45045045045046,29.97,640,2,traffic_signs,0.9248743057250977,1487.33837890625,563.2908935546875,1585.2763671875,646.163818359375,1536.307373046875,604.7273559570312,97.93798828125,82.8729248046875
IMG_0029.mp4,4509,150.45045045045046,29.97,650,2,traffic_signs,0.25809428095817566,1301.7342529296875,705.9139404296875,1364.0966796875,757.9257202148438,1332.9154663085938,731.9198303222656,62.3624267578125,52.01177978515625
IMG_0029.mp4,4510,150.48381715048382,29.97,652,2,traffic_signs,0.583499550819397,1316.6690673828125,649.912353515625,1369.9149169921875,699.195556640625,1343.2919921875,674.553955078125,53.245849609375,49.283203125
IMG_0029.mp4,4510,150.48381715048382,29.97,640,2,traffic_signs,0.937823474407196,1494.1575927734375,557.524658203125,1594.375732421875,642.6824951171875,1544.2666625976562,600.1035766601562,100.2181396484375,85.1578369140625
IMG_0029.mp4,4510,150.48381715048382,29.97,650,2,traffic_signs,0.3582492470741272,1303.5994873046875,703.6160278320312,1369.791015625,756.8270874023438,1336.6952514648438,730.2215576171875,66.1915283203125,53.2110595703125
IMG_0029.mp4,4511,150.5171838505172,29.97,652,2,traffic_signs,0.8658918738365173,1318.5640869140625,648.6206665039062,1372.289306640625,697.305419921875,1345.4266967773438,672.9630432128906,53.7252197265625,48.68475341796875
IMG_0029.mp4,4511,150.5171838505172,29.97,640,2,traffic_signs,0.9040153622627258,1503.246826171875,551.6224365234375,1604.5174560546875,637.5547485351562,1553.8821411132812,594.5885925292969,101.2706298828125,85.93231201171875
IMG_0029.mp4,4511,150.5171838505172,29.97,650,2,traffic_signs,0.28027036786079407,1305.1378173828125,702.2670288085938,1373.5970458984375,754.3399047851562,1339.367431640625,728.303466796875,68.459228515625,52.0728759765625
IMG_0029.mp4,4512,150.55055055055055,29.97,652,2,traffic_signs,0.8938568830490112,1320.075927734375,647.06005859375,1373.9229736328125,695.6746826171875,1346.9994506835938,671.3673706054688,53.8470458984375,48.6146240234375
IMG_0029.mp4,4512,150.55055055055055,29.97,640,2,traffic_signs,0.9063464403152466,1510.8236083984375,545.2847290039062,1614.697509765625,632.7000732421875,1562.7605590820312,588.9924011230469,103.8739013671875,87.41534423828125
IMG_0029.mp4,4512,150.55055055055055,29.97,650,2,traffic_signs,0.31660425662994385,1306.3785400390625,701.8698120117188,1375.029541015625,754.5332641601562,1340.7040405273438,728.2015380859375,68.6510009765625,52.6634521484375
IMG_0029.mp4,4513,150.5839172505839,29.97,652,2,traffic_signs,0.8512589335441589,1321.2437744140625,645.8414916992188,1375.6083984375,694.9242553710938,1348.4260864257812,670.3828735351562,54.3646240234375,49.082763671875
IMG_0029.mp4,4513,150.5839172505839,29.97,640,2,traffic_signs,0.9359164834022522,1517.85693359375,537.97509765625,1625.2060546875,628.3310546875,1571.531494140625,583.153076171875,107.34912109375,90.35595703125
IMG_0029.mp4,4514,150.6172839506173,29.97,652,2,traffic_signs,0.8249529004096985,1323.0667724609375,644.3365478515625,1377.4512939453125,693.972900390625,1350.259033203125,669.1547241210938,54.384521484375,49.6363525390625
IMG_0029.mp4,4514,150.6172839506173,29.97,640,2,traffic_signs,0.9317165017127991,1526.2266845703125,533.1103515625,1636.2735595703125,624.317626953125,1581.2501220703125,578.7139892578125,110.046875,91.207275390625
IMG_0029.mp4,4514,150.6172839506173,29.97,661,2,traffic_signs,0.3511326313018799,523.8934936523438,645.4308471679688,576.4068603515625,708.1248779296875,550.1501770019531,676.7778625488281,52.51336669921875,62.69403076171875
IMG_0029.mp4,4514,150.6172839506173,29.97,650,2,traffic_signs,0.2982918322086334,1310.4466552734375,691.1201171875,1379.1080322265625,752.2232055664062,1344.77734375,721.6716613769531,68.661376953125,61.10308837890625
IMG_0029.mp4,4515,150.65065065065065,29.97,652,2,traffic_signs,0.8378492593765259,1324.2313232421875,642.42236328125,1379.327880859375,692.81787109375,1351.7796020507812,667.6201171875,55.0965576171875,50.3955078125
IMG_0029.mp4,4515,150.65065065065065,29.97,640,2,traffic_signs,0.9508628249168396,1534.1617431640625,530.8201904296875,1646.8624267578125,620.6394653320312,1590.5120849609375,575.7298278808594,112.70068359375,89.81927490234375
IMG_0029.mp4,4515,150.65065065065065,29.97,661,2,traffic_signs,0.2778984010219574,512.5234375,642.429443359375,565.3964233398438,706.6083984375,538.9599304199219,674.5189208984375,52.87298583984375,64.178955078125
IMG_0029.mp4,4515,150.65065065065065,29.97,662,2,traffic_signs,0.5613651275634766,1309.2481689453125,714.1950073242188,1351.420166015625,752.9382934570312,1330.3341674804688,733.566650390625,42.1719970703125,38.7432861328125
IMG_0029.mp4,4515,150.65065065065065,29.97,650,2,traffic_signs,0.33204764127731323,1311.721923828125,690.3829956054688,1379.9423828125,751.4996337890625,1345.8321533203125,720.9413146972656,68.220458984375,61.11663818359375
IMG_0029.mp4,4516,150.68401735068403,29.97,652,2,traffic_signs,0.8496053218841553,1325.481201171875,640.200927734375,1381.3883056640625,690.6173706054688,1353.4347534179688,665.4091491699219,55.9071044921875,50.41644287109375
IMG_0029.mp4,4516,150.68401735068403,29.97,640,2,traffic_signs,0.9287901520729065,1542.096923828125,530.2730712890625,1658.682373046875,616.0464477539062,1600.3896484375,573.1597595214844,116.58544921875,85.77337646484375
IMG_0029.mp4,4516,150.68401735068403,29.97,661,2,traffic_signs,0.3931978642940521,501.9495544433594,639.2291259765625,557.00830078125,704.9041137695312,529.4789276123047,672.0666198730469,55.058746337890625,65.67498779296875
IMG_0029.mp4,4516,150.68401735068403,29.97,662,2,traffic_signs,0.8254661560058594,1310.343994140625,714.5123901367188,1350.1600341796875,752.1838989257812,1330.2520141601562,733.34814453125,39.8160400390625,37.6715087890625
IMG_0029.mp4,4516,150.68401735068403,29.97,650,2,traffic_signs,0.25695616006851196,1318.365966796875,689.2466430664062,1380.9625244140625,748.1846923828125,1349.6642456054688,718.7156677246094,62.5965576171875,58.93804931640625
IMG_0029.mp4,4517,150.71738405071738,29.97,652,2,traffic_signs,0.6435023546218872,1326.6597900390625,638.7483520507812,1382.8994140625,689.374267578125,1354.7796020507812,664.0613098144531,56.2396240234375,50.62591552734375
IMG_0029.mp4,4517,150.71738405071738,29.97,640,2,traffic_signs,0.9222003221511841,1550.722412109375,532.0218505859375,1668.8214111328125,610.75146484375,1609.7719116210938,571.3866577148438,118.0989990234375,78.7296142578125
IMG_0029.mp4,4517,150.71738405071738,29.97,662,2,traffic_signs,0.8276097774505615,1311.5531005859375,714.9751586914062,1349.9765625,751.4887084960938,1330.7648315429688,733.23193359375,38.4234619140625,36.5135498046875
IMG_0029.mp4,4518,150.75075075075077,29.97,652,2,traffic_signs,0.865164577960968,1328.8663330078125,636.8884887695312,1385.72412109375,687.9963989257812,1357.2952270507812,662.4424438476562,56.8577880859375,51.10791015625
IMG_0029.mp4,4518,150.75075075075077,29.97,640,2,traffic_signs,0.9275271892547607,1560.549072265625,533.7960205078125,1679.7327880859375,605.1446533203125,1620.1409301757812,569.4703369140625,119.1837158203125,71.3486328125
IMG_0029.mp4,4518,150.75075075075077,29.97,662,2,traffic_signs,0.4829427897930145,1312.0279541015625,712.4510498046875,1357.155517578125,751.08740234375,1334.5917358398438,731.7692260742188,45.1275634765625,38.6363525390625
IMG_0029.mp4,4519,150.78411745078412,29.97,652,2,traffic_signs,0.8484660983085632,1329.6834716796875,634.5657958984375,1387.2945556640625,686.5333862304688,1358.489013671875,660.5495910644531,57.611083984375,51.96759033203125
IMG_0029.mp4,4519,150.78411745078412,29.97,640,2,traffic_signs,0.767208993434906,1570.160888671875,536.7654418945312,1671.9925537109375,599.0750732421875,1621.0767211914062,567.9202575683594,101.8316650390625,62.30963134765625
IMG_0029.mp4,4519,150.78411745078412,29.97,662,2,traffic_signs,0.6498169302940369,1312.4000244140625,710.6795654296875,1361.533447265625,750.2498779296875,1336.9667358398438,730.4647216796875,49.1334228515625,39.5703125
IMG_0029.mp4,4520,150.81748415081748,29.97,652,2,traffic_signs,0.33784934878349304,1331.619384765625,633.3870849609375,1388.871337890625,685.2320556640625,1360.245361328125,659.3095703125,57.251953125,51.844970703125
IMG_0029.mp4,4520,150.81748415081748,29.97,640,2,traffic_signs,0.9162633419036865,1582.2874755859375,539.7097778320312,1671.8934326171875,592.7493286132812,1627.0904541015625,566.2295532226562,89.60595703125,53.03955078125
IMG_0029.mp4,4520,150.81748415081748,29.97,662,2,traffic_signs,0.7669484615325928,1313.619140625,711.46728515625,1360.4364013671875,749.609375,1337.0277709960938,730.538330078125,46.8172607421875,38.14208984375
IMG_0029.mp4,4520,150.81748415081748,29.97,661,2,traffic_signs,0.3347366154193878,457.18170166015625,626.677734375,516.4879760742188,695.0020751953125,486.8348388671875,660.8399047851562,59.3062744140625,68.3243408203125
IMG_0029.mp4,4521,150.85085085085086,29.97,652,2,traffic_signs,0.8142186403274536,1332.6611328125,630.9692993164062,1390.0870361328125,684.5436401367188,1361.3740844726562,657.7564697265625,57.4259033203125,53.5743408203125
IMG_0029.mp4,4521,150.85085085085086,29.97,640,2,traffic_signs,0.9011513590812683,1598.4810791015625,546.2094116210938,1674.3079833984375,585.66259765625,1636.39453125,565.9360046386719,75.826904296875,39.45318603515625
IMG_0029.mp4,4521,150.85085085085086,29.97,662,2,traffic_signs,0.8241720795631409,1314.438720703125,711.4867553710938,1359.5980224609375,748.8204956054688,1337.0183715820312,730.1536254882812,45.1593017578125,37.333740234375
IMG_0029.mp4,4522,150.88421755088422,29.97,652,2,traffic_signs,0.8259950876235962,1334.3382568359375,628.5506591796875,1391.927734375,683.2957763671875,1363.1329956054688,655.9232177734375,57.5894775390625,54.7451171875
IMG_0029.mp4,4522,150.88421755088422,29.97,640,2,traffic_signs,0.9076701998710632,1614.0135498046875,548.5513916015625,1681.2021484375,578.9909057617188,1647.6078491210938,563.7711486816406,67.1885986328125,30.43951416015625
IMG_0029.mp4,4522,150.88421755088422,29.97,662,2,traffic_signs,0.6896162033081055,1316.0382080078125,707.7861938476562,1359.9737548828125,747.883056640625,1338.0059814453125,727.8346252441406,43.935546875,40.09686279296875
IMG_0029.mp4,4523,150.9175842509176,29.97,652,2,traffic_signs,0.8460302948951721,1335.5211181640625,626.2321166992188,1394.1214599609375,681.9112548828125,1364.8212890625,654.0716857910156,58.600341796875,55.67913818359375
IMG_0029.mp4,4523,150.9175842509176,29.97,662,2,traffic_signs,0.6970831751823425,1318.0152587890625,706.7853393554688,1361.1904296875,747.1661376953125,1339.6028442382812,726.9757385253906,43.1751708984375,40.38079833984375
IMG_0029.mp4,4523,150.9175842509176,29.97,668,2,traffic_signs,0.38432660698890686,1354.4508056640625,686.4342651367188,1395.3057861328125,725.6790161132812,1374.8782958984375,706.056640625,40.85498046875,39.2447509765625
IMG_0029.mp4,4523,150.9175842509176,29.97,669,2,traffic_signs,0.4267963171005249,819.83984375,723.0685424804688,874.1322631835938,792.1806030273438,846.9860534667969,757.6245727539062,54.29241943359375,69.112060546875
IMG_0029.mp4,4524,150.95095095095095,29.97,652,2,traffic_signs,0.8735507130622864,1337.1785888671875,624.5381469726562,1396.61962890625,680.0439453125,1366.8991088867188,652.2910461425781,59.4410400390625,55.50579833984375
IMG_0029.mp4,4524,150.95095095095095,29.97,662,2,traffic_signs,0.6630116701126099,1319.2149658203125,706.8082275390625,1362.6170654296875,746.4791259765625,1340.916015625,726.6436767578125,43.402099609375,39.6708984375
IMG_0029.mp4,4524,150.95095095095095,29.97,661,2,traffic_signs,0.451139360666275,406.3165588378906,613.2804565429688,467.2007141113281,686.6448364257812,436.7586364746094,649.962646484375,60.8841552734375,73.3643798828125
IMG_0029.mp4,4525,150.98431765098434,29.97,652,2,traffic_signs,0.8485823273658752,1338.9862060546875,622.5676879882812,1399.599365234375,678.0942993164062,1369.2927856445312,650.3309936523438,60.6131591796875,55.526611328125
IMG_0029.mp4,4525,150.98431765098434,29.97,662,2,traffic_signs,0.7897744178771973,1320.0177001953125,706.2694702148438,1363.3804931640625,744.6354370117188,1341.6990966796875,725.4524536132812,43.36279296875,38.365966796875
IMG_0029.mp4,4526,151.0176843510177,29.97,652,2,traffic_signs,0.8150336146354675,1340.823486328125,620.4234008789062,1402.0633544921875,675.8624877929688,1371.4434204101562,648.1429443359375,61.2398681640625,55.4390869140625
IMG_0029.mp4,4526,151.0176843510177,29.97,662,2,traffic_signs,0.7020105719566345,1320.2705078125,706.4866333007812,1365.085693359375,743.655029296875,1342.6781005859375,725.0708312988281,44.815185546875,37.16839599609375
IMG_0029.mp4,4526,151.0176843510177,29.97,668,2,traffic_signs,0.3912164866924286,1357.952392578125,681.576171875,1402.1732177734375,721.9825439453125,1380.0628051757812,701.7793579101562,44.2208251953125,40.4063720703125
IMG_0029.mp4,4527,151.05105105105105,29.97,652,2,traffic_signs,0.7605171203613281,1342.6025390625,617.8820190429688,1404.509033203125,674.4827270507812,1373.5557861328125,646.182373046875,61.906494140625,56.6007080078125
IMG_0029.mp4,4527,151.05105105105105,29.97,662,2,traffic_signs,0.8728749752044678,1322.8795166015625,705.6279296875,1367.511474609375,743.147705078125,1345.1954956054688,724.3878173828125,44.6319580078125,37.519775390625
IMG_0029.mp4,4527,151.05105105105105,29.97,668,2,traffic_signs,0.6511046886444092,1361.4151611328125,679.8858032226562,1403.7529296875,720.9437866210938,1382.5840454101562,700.414794921875,42.3377685546875,41.0579833984375
IMG_0029.mp4,4527,151.05105105105105,29.97,661,2,traffic_signs,0.4667189121246338,366.22198486328125,602.3872680664062,427.9136657714844,678.4815673828125,397.0678253173828,640.4344177246094,61.691680908203125,76.09429931640625
IMG_0029.mp4,4528,151.08441775108443,29.97,652,2,traffic_signs,0.8229114413261414,1344.6126708984375,616.1756591796875,1408.1224365234375,672.839599609375,1376.3675537109375,644.5076293945312,63.509765625,56.6639404296875
IMG_0029.mp4,4528,151.08441775108443,29.97,662,2,traffic_signs,0.8601818680763245,1325.0233154296875,704.727294921875,1369.462646484375,743.1107177734375,1347.2429809570312,723.9190063476562,44.4393310546875,38.3834228515625
IMG_0029.mp4,4528,151.08441775108443,29.97,668,2,traffic_signs,0.5786760449409485,1364.1004638671875,677.4910278320312,1406.52099609375,718.58154296875,1385.3107299804688,698.0362854003906,42.4205322265625,41.09051513671875
IMG_0029.mp4,4528,151.08441775108443,29.97,661,2,traffic_signs,0.3842594623565674,352.15350341796875,598.1478881835938,413.4512939453125,676.2445068359375,382.8023986816406,637.1961975097656,61.29779052734375,78.09661865234375
IMG_0029.mp4,4528,151.08441775108443,29.97,669,2,traffic_signs,0.6555027365684509,772.3296508789062,709.1088256835938,833.1661987304688,788.62548828125,802.7479248046875,748.8671569824219,60.8365478515625,79.51666259765625
IMG_0029.mp4,4529,151.11778445111779,29.97,652,2,traffic_signs,0.8599343299865723,1345.642578125,612.6119995117188,1410.9322509765625,670.4154052734375,1378.2874145507812,641.5137023925781,65.2896728515625,57.80340576171875
IMG_0029.mp4,4529,151.11778445111779,29.97,662,2,traffic_signs,0.8485382795333862,1326.208251953125,702.7946166992188,1370.4227294921875,741.6830444335938,1348.3154907226562,722.2388305664062,44.2144775390625,38.888427734375
IMG_0029.mp4,4529,151.11778445111779,29.97,668,2,traffic_signs,0.5756204128265381,1365.32177734375,675.5380859375,1408.5274658203125,716.1929321289062,1386.9246215820312,695.8655090332031,43.2056884765625,40.65484619140625
IMG_0029.mp4,4529,151.11778445111779,29.97,669,2,traffic_signs,0.5781196355819702,761.6185302734375,694.841796875,823.7205810546875,787.5167846679688,792.6695556640625,741.1792907714844,62.10205078125,92.67498779296875
IMG_0029.mp4,4530,151.15115115115117,29.97,652,2,traffic_signs,0.8120608329772949,1348.116943359375,610.2022094726562,1413.7159423828125,668.8582153320312,1380.9164428710938,639.5302124023438,65.5989990234375,58.656005859375
IMG_0029.mp4,4530,151.15115115115117,29.97,662,2,traffic_signs,0.7501524090766907,1327.9630126953125,700.6680297851562,1373.722900390625,741.045654296875,1350.8429565429688,720.8568420410156,45.7598876953125,40.37762451171875
IMG_0029.mp4,4530,151.15115115115117,29.97,668,2,traffic_signs,0.52044278383255,1368.0377197265625,673.9911499023438,1412.171142578125,715.2816162109375,1390.1044311523438,694.6363830566406,44.1334228515625,41.29046630859375
IMG_0029.mp4,4530,151.15115115115117,29.97,661,2,traffic_signs,0.850681722164154,321.2689208984375,590.591552734375,385.1370849609375,670.3001708984375,353.2030029296875,630.4458618164062,63.8681640625,79.7086181640625
IMG_0029.mp4,4531,151.18451785118452,29.97,652,2,traffic_signs,0.7978730797767639,1349.4603271484375,608.2608032226562,1415.796142578125,667.8756713867188,1382.6282348632812,638.0682373046875,66.3358154296875,59.6148681640625
IMG_0029.mp4,4531,151.18451785118452,29.97,662,2,traffic_signs,0.8353614807128906,1329.188232421875,699.6996459960938,1375.6424560546875,740.5291748046875,1352.4153442382812,720.1144104003906,46.4542236328125,40.82952880859375
IMG_0029.mp4,4531,151.18451785118452,29.97,668,2,traffic_signs,0.36015909910202026,1370.482177734375,671.9978637695312,1413.7783203125,715.2982177734375,1392.1302490234375,693.6480407714844,43.296142578125,43.30035400390625
IMG_0029.mp4,4531,151.18451785118452,29.97,661,2,traffic_signs,0.6463680267333984,304.32476806640625,584.8847045898438,368.6143798828125,667.0836181640625,336.4695739746094,625.9841613769531,64.28961181640625,82.19891357421875
IMG_0029.mp4,4532,151.21788455121788,29.97,652,2,traffic_signs,0.6986664533615112,1350.861083984375,604.8877563476562,1418.631103515625,665.9229736328125,1384.74609375,635.4053649902344,67.77001953125,61.03521728515625
IMG_0029.mp4,4532,151.21788455121788,29.97,662,2,traffic_signs,0.8267884254455566,1330.4202880859375,699.2017211914062,1377.6226806640625,739.410888671875,1354.021484375,719.3063049316406,47.202392578125,40.20916748046875
IMG_0029.mp4,4532,151.21788455121788,29.97,668,2,traffic_signs,0.8211390376091003,1370.7442626953125,670.5410766601562,1415.9473876953125,714.0172119140625,1393.3458251953125,692.2791442871094,45.203125,43.47613525390625
IMG_0029.mp4,4532,151.21788455121788,29.97,661,2,traffic_signs,0.8350226879119873,285.5722351074219,579.783935546875,353.0002746582031,663.8485107421875,319.2862548828125,621.8162231445312,67.42803955078125,84.0645751953125
IMG_0029.mp4,4533,151.25125125125126,29.97,652,2,traffic_signs,0.8020285367965698,1353.0177001953125,603.6607055664062,1420.374755859375,663.6390991210938,1386.6962280273438,633.64990234375,67.3570556640625,59.9783935546875
IMG_0029.mp4,4533,151.25125125125126,29.97,662,2,traffic_signs,0.8661568760871887,1332.0574951171875,698.4883422851562,1379.089599609375,739.0423583984375,1355.5735473632812,718.7653503417969,47.0321044921875,40.55401611328125
IMG_0029.mp4,4533,151.25125125125126,29.97,668,2,traffic_signs,0.8113159537315369,1371.2098388671875,669.3296508789062,1418.7425537109375,713.0980224609375,1394.9761962890625,691.2138366699219,47.53271484375,43.76837158203125
IMG_0029.mp4,4533,151.25125125125126,29.97,661,2,traffic_signs,0.7483815550804138,267.82684326171875,575.4048461914062,336.0879211425781,660.770751953125,301.95738220214844,618.0877990722656,68.26107788085938,85.36590576171875
IMG_0029.mp4,4534,151.28461795128462,29.97,652,2,traffic_signs,0.8174134492874146,1354.6392822265625,601.155517578125,1422.972900390625,661.2608642578125,1388.8060913085938,631.2081909179688,68.3336181640625,60.1053466796875
IMG_0029.mp4,4534,151.28461795128462,29.97,662,2,traffic_signs,0.8196519017219543,1332.4542236328125,696.3355712890625,1379.44921875,737.4326782226562,1355.9517211914062,716.8841247558594,46.9949951171875,41.09710693359375
IMG_0029.mp4,4534,151.28461795128462,29.97,668,2,traffic_signs,0.7748305797576904,1372.7769775390625,667.57958984375,1421.635009765625,711.5963745117188,1397.2059936523438,689.5879821777344,48.8580322265625,44.01678466796875
IMG_0029.mp4,4534,151.28461795128462,29.97,661,2,traffic_signs,0.5964524149894714,249.9862823486328,570.6112060546875,318.5676574707031,657.9765625,284.27696990966797,614.2938842773438,68.58137512207031,87.3653564453125
IMG_0029.mp4,4535,151.317984651318,29.97,652,2,traffic_signs,0.5651904940605164,1355.64501953125,598.871337890625,1425.21630859375,660.0045166015625,1390.4306640625,629.4379272460938,69.5712890625,61.1331787109375
IMG_0029.mp4,4535,151.317984651318,29.97,662,2,traffic_signs,0.8444909453392029,1333.34375,694.7069091796875,1380.040771484375,736.1690673828125,1356.6922607421875,715.43798828125,46.697021484375,41.462158203125
IMG_0029.mp4,4535,151.317984651318,29.97,668,2,traffic_signs,0.8091152906417847,1374.074951171875,664.8844604492188,1424.9521484375,709.9747924804688,1399.5135498046875,687.4296264648438,50.877197265625,45.09033203125
IMG_0029.mp4,4535,151.317984651318,29.97,661,2,traffic_signs,0.7325705289840698,231.3645782470703,565.0403442382812,299.59912109375,654.7679443359375,265.48184967041016,609.9041442871094,68.23454284667969,89.72760009765625
IMG_0029.mp4,4535,151.317984651318,29.97,672,2,traffic_signs,0.4516487717628479,1355.3262939453125,598.4164428710938,1425.8875732421875,661.6826171875,1390.60693359375,630.0495300292969,70.561279296875,63.26617431640625
IMG_0029.mp4,4536,151.35135135135135,29.97,652,2,traffic_signs,0.47065678238868713,1357.6099853515625,597.5908203125,1427.520263671875,658.6605224609375,1392.5651245117188,628.1256713867188,69.9102783203125,61.0697021484375
IMG_0029.mp4,4536,151.35135135135135,29.97,662,2,traffic_signs,0.8311517238616943,1334.73828125,693.4253540039062,1382.7764892578125,736.2576293945312,1358.7573852539062,714.8414916992188,48.0382080078125,42.832275390625
IMG_0029.mp4,4536,151.35135135135135,29.97,668,2,traffic_signs,0.6764629483222961,1378.423583984375,663.9263916015625,1428.4302978515625,709.3436279296875,1403.4269409179688,686.635009765625,50.0067138671875,45.417236328125
IMG_0029.mp4,4536,151.35135135135135,29.97,661,2,traffic_signs,0.8165394067764282,208.5991973876953,558.8072509765625,277.7950439453125,650.8046264648438,243.1971206665039,604.8059387207031,69.19584655761719,91.99737548828125
IMG_0029.mp4,4536,151.35135135135135,29.97,672,2,traffic_signs,0.2560507655143738,1357.6973876953125,596.4354858398438,1428.5284423828125,659.843994140625,1393.1129150390625,628.1397399902344,70.8310546875,63.40850830078125
IMG_0029.mp4,4537,151.38471805138474,29.97,652,2,traffic_signs,0.4462484121322632,1359.9676513671875,595.1198120117188,1430.89501953125,656.8928833007812,1395.4313354492188,626.00634765625,70.9273681640625,61.7730712890625
IMG_0029.mp4,4537,151.38471805138474,29.97,662,2,traffic_signs,0.8411818146705627,1335.3563232421875,691.8695068359375,1385.163818359375,735.7915649414062,1360.2600708007812,713.8305358886719,49.8074951171875,43.92205810546875
IMG_0029.mp4,4537,151.38471805138474,29.97,668,2,traffic_signs,0.5491646528244019,1381.9403076171875,662.00390625,1430.7392578125,708.4439086914062,1406.3397827148438,685.2239074707031,48.7989501953125,46.44000244140625
IMG_0029.mp4,4537,151.38471805138474,29.97,661,2,traffic_signs,0.5879791378974915,187.9041290283203,553.4049682617188,257.7485656738281,647.54541015625,222.82634735107422,600.4751892089844,69.84443664550781,94.14044189453125
IMG_0029.mp4,4537,151.38471805138474,29.97,672,2,traffic_signs,0.7677456140518188,1359.1094970703125,594.0547485351562,1431.1981201171875,658.1167602539062,1395.15380859375,626.0857543945312,72.088623046875,64.06201171875
IMG_0029.mp4,4538,151.4180847514181,29.97,652,2,traffic_signs,0.8784136772155762,1361.9324951171875,592.734619140625,1434.4488525390625,656.5213623046875,1398.190673828125,624.6279907226562,72.516357421875,63.7867431640625
IMG_0029.mp4,4538,151.4180847514181,29.97,662,2,traffic_signs,0.8515836000442505,1338.7906494140625,691.1666259765625,1388.458740234375,736.1085815429688,1363.6246948242188,713.6376037597656,49.6680908203125,44.94195556640625
IMG_0029.mp4,4538,151.4180847514181,29.97,668,2,traffic_signs,0.7006686329841614,1387.439453125,660.9866333007812,1434.453125,708.585693359375,1410.9462890625,684.7861633300781,47.013671875,47.59906005859375
IMG_0029.mp4,4538,151.4180847514181,29.97,661,2,traffic_signs,0.9074530005455017,165.8441619873047,548.1812744140625,238.6180419921875,643.1096801757812,202.2311019897461,595.6454772949219,72.77388000488281,94.92840576171875
IMG_0029.mp4,4539,151.45145145145145,29.97,652,2,traffic_signs,0.869522213935852,1362.5081787109375,589.188232421875,1436.0264892578125,652.8743286132812,1399.267333984375,621.0312805175781,73.518310546875,63.68609619140625
IMG_0029.mp4,4539,151.45145145145145,29.97,662,2,traffic_signs,0.8405879735946655,1339.222412109375,688.87158203125,1390.4091796875,734.49755859375,1364.8157958984375,711.6845703125,51.186767578125,45.6259765625
IMG_0029.mp4,4539,151.45145145145145,29.97,668,2,traffic_signs,0.7514259219169617,1388.4776611328125,658.9658203125,1436.0521240234375,706.0345458984375,1412.264892578125,682.5001831054688,47.574462890625,47.0687255859375
IMG_0029.mp4,4540,151.48481815148483,29.97,652,2,traffic_signs,0.8845809698104858,1363.9573974609375,586.484375,1437.826171875,650.5549926757812,1400.8917846679688,618.5196838378906,73.8687744140625,64.07061767578125
IMG_0029.mp4,4540,151.48481815148483,29.97,662,2,traffic_signs,0.8686525225639343,1340.125732421875,687.7931518554688,1392.9664306640625,733.6868896484375,1366.5460815429688,710.7400207519531,52.8406982421875,45.89373779296875
IMG_0029.mp4,4540,151.48481815148483,29.97,668,2,traffic_signs,0.7389127016067505,1386.187744140625,656.795166015625,1438.02490234375,704.2706909179688,1412.1063232421875,680.5329284667969,51.837158203125,47.47552490234375
IMG_0029.mp4,4540,151.48481815148483,29.97,673,2,traffic_signs,0.5954636335372925,1365.5928955078125,586.8395385742188,1438.6065673828125,649.3780517578125,1402.0997314453125,618.1087951660156,73.013671875,62.53851318359375
IMG_0029.mp4,4540,151.48481815148483,29.97,661,2,traffic_signs,0.29385805130004883,120.38516998291016,537.4419555664062,196.7321014404297,635.6869506835938,158.55863571166992,586.564453125,76.34693145751953,98.2449951171875
IMG_0029.mp4,4541,151.51818485151819,29.97,652,2,traffic_signs,0.8816571235656738,1365.823974609375,583.8358154296875,1440.7777099609375,648.6192626953125,1403.3008422851562,616.2275390625,74.9537353515625,64.783447265625
IMG_0029.mp4,4541,151.51818485151819,29.97,662,2,traffic_signs,0.9104662537574768,1341.4580078125,686.7877807617188,1393.61474609375,733.5862426757812,1367.536376953125,710.18701171875,52.15673828125,46.7984619140625
IMG_0029.mp4,4541,151.51818485151819,29.97,668,2,traffic_signs,0.598195493221283,1386.6187744140625,653.85546875,1440.6304931640625,702.221923828125,1413.6246337890625,678.0386962890625,54.01171875,48.366455078125
IMG_0029.mp4,4542,151.55155155155157,29.97,652,2,traffic_signs,0.6182522773742676,1368.3570556640625,581.39697265625,1443.59912109375,647.1087036132812,1405.9780883789062,614.2528381347656,75.2420654296875,65.71173095703125
IMG_0029.mp4,4542,151.55155155155157,29.97,662,2,traffic_signs,0.9188359379768372,1343.48095703125,685.6185913085938,1394.42626953125,733.3549194335938,1368.95361328125,709.4867553710938,50.9453125,47.736328125
IMG_0029.mp4,4542,151.55155155155157,29.97,668,2,traffic_signs,0.7312891483306885,1389.0218505859375,652.4523315429688,1443.6920166015625,700.9343872070312,1416.35693359375,676.693359375,54.670166015625,48.4820556640625
IMG_0029.mp4,4542,151.55155155155157,29.97,661,2,traffic_signs,0.7645355463027954,69.94034576416016,523.8242797851562,149.43441772460938,626.68115234375,109.68738174438477,575.2527160644531,79.49407196044922,102.85687255859375
IMG_0029.mp4,4543,151.58491825158492,29.97,652,2,traffic_signs,0.8933772444725037,1370.770751953125,578.4705200195312,1447.262939453125,645.450927734375,1409.016845703125,611.9607238769531,76.4921875,66.98040771484375
IMG_0029.mp4,4543,151.58491825158492,29.97,662,2,traffic_signs,0.8912084102630615,1345.491455078125,684.17236328125,1396.4271240234375,732.6761474609375,1370.9592895507812,708.4242553710938,50.9356689453125,48.5037841796875
IMG_0029.mp4,4543,151.58491825158492,29.97,668,2,traffic_signs,0.7802646160125732,1390.9136962890625,651.7299194335938,1448.0750732421875,699.3394775390625,1419.494384765625,675.5346984863281,57.161376953125,47.60955810546875
IMG_0029.mp4,4543,151.58491825158492,29.97,661,2,traffic_signs,0.32303568720817566,43.57556915283203,516.4290161132812,124.8975601196289,622.424560546875,84.23656463623047,569.4267883300781,81.32199096679688,105.99554443359375
IMG_0029.mp4,4544,151.61828495161828,29.97,652,2,traffic_signs,0.8813066482543945,1373.47021484375,575.8679809570312,1450.6038818359375,643.7269897460938,1412.0370483398438,609.7974853515625,77.1336669921875,67.8590087890625
IMG_0029.mp4,4544,151.61828495161828,29.97,662,2,traffic_signs,0.8573716282844543,1347.3953857421875,682.7044677734375,1398.8011474609375,731.8357543945312,1373.0982666015625,707.2701110839844,51.40576171875,49.13128662109375
IMG_0029.mp4,4544,151.61828495161828,29.97,668,2,traffic_signs,0.8386020660400391,1394.0279541015625,650.0635986328125,1452.2568359375,698.3472290039062,1423.1423950195312,674.2054138183594,58.2288818359375,48.28363037109375
IMG_0029.mp4,4544,151.61828495161828,29.97,661,2,traffic_signs,0.46415528655052185,11.991443634033203,507.6163330078125,98.32445526123047,618.5880126953125,55.157949447631836,563.1021728515625,86.33301162719727,110.9716796875
IMG_0029.mp4,4545,151.65165165165166,29.97,652,2,traffic_signs,0.7887773513793945,1375.5675048828125,573.2681884765625,1453.6600341796875,641.3153686523438,1414.61376953125,607.2917785644531,78.092529296875,68.04718017578125
IMG_0029.mp4,4545,151.65165165165166,29.97,662,2,traffic_signs,0.8886615037918091,1349.1566162109375,681.602294921875,1401.5562744140625,730.8555908203125,1375.3564453125,706.2289428710938,52.399658203125,49.2532958984375
IMG_0029.mp4,4545,151.65165165165166,29.97,668,2,traffic_signs,0.7216306328773499,1396.9090576171875,648.168212890625,1454.7073974609375,696.70556640625,1425.8082275390625,672.4368896484375,57.79833984375,48.537353515625
IMG_0029.mp4,4546,151.68501835168502,29.97,652,2,traffic_signs,0.7167556285858154,1378.17236328125,570.9627075195312,1457.5450439453125,639.891845703125,1417.8587036132812,605.4272766113281,79.3726806640625,68.92913818359375
IMG_0029.mp4,4546,151.68501835168502,29.97,662,2,traffic_signs,0.6920492053031921,1351.722412109375,681.1790161132812,1404.688720703125,730.2493896484375,1378.20556640625,705.7142028808594,52.96630859375,49.07037353515625
IMG_0029.mp4,4546,151.68501835168502,29.97,668,2,traffic_signs,0.3638479709625244,1402.0811767578125,645.78466796875,1456.2393798828125,694.729248046875,1429.1602783203125,670.2569580078125,54.158203125,48.944580078125
IMG_0029.mp4,4547,151.7183850517184,29.97,652,2,traffic_signs,0.7037131190299988,1380.718017578125,567.9200439453125,1460.6923828125,637.7691040039062,1420.7052001953125,602.8445739746094,79.974365234375,69.84906005859375
IMG_0029.mp4,4547,151.7183850517184,29.97,662,2,traffic_signs,0.8646390438079834,1353.2637939453125,680.3765258789062,1406.9400634765625,729.3479614257812,1380.1019287109375,704.8622436523438,53.67626953125,48.971435546875
IMG_0029.mp4,4547,151.7183850517184,29.97,668,2,traffic_signs,0.6975184082984924,1405.4586181640625,643.91357421875,1462.079833984375,692.5806274414062,1433.7692260742188,668.2471008300781,56.6212158203125,48.66705322265625
IMG_0029.mp4,4548,151.75175175175175,29.97,652,2,traffic_signs,0.38882604241371155,1383.3538818359375,564.5072631835938,1464.8193359375,635.2119140625,1424.0866088867188,599.8595886230469,81.4654541015625,70.70465087890625
IMG_0029.mp4,4548,151.75175175175175,29.97,662,2,traffic_signs,0.8602747321128845,1356.054931640625,678.741943359375,1409.769287109375,728.778076171875,1382.912109375,703.760009765625,53.71435546875,50.0361328125
IMG_0029.mp4,4548,151.75175175175175,29.97,668,2,traffic_signs,0.8028414845466614,1406.8001708984375,640.4744873046875,1466.308349609375,691.3292846679688,1436.5542602539062,665.9018859863281,59.5081787109375,50.85479736328125
IMG_0029.mp4,4549,151.78511845178514,29.97,652,2,traffic_signs,0.40080130100250244,1385.4105224609375,561.3234252929688,1468.0130615234375,633.5028076171875,1426.7117919921875,597.4131164550781,82.6025390625,72.17938232421875
IMG_0029.mp4,4549,151.78511845178514,29.97,662,2,traffic_signs,0.8629400134086609,1357.970703125,677.2539672851562,1411.958984375,728.0863037109375,1384.96484375,702.6701354980469,53.98828125,50.83233642578125
IMG_0029.mp4,4549,151.78511845178514,29.97,668,2,traffic_signs,0.8224207758903503,1407.895263671875,638.4136962890625,1469.0460205078125,690.3079223632812,1438.4706420898438,664.3608093261719,61.1507568359375,51.89422607421875
IMG_0029.mp4,4550,151.8184851518185,29.97,652,2,traffic_signs,0.5839244723320007,1389.2969970703125,558.7913818359375,1472.2943115234375,631.2369995117188,1430.795654296875,595.0141906738281,82.997314453125,72.44561767578125
IMG_0029.mp4,4550,151.8184851518185,29.97,662,2,traffic_signs,0.8715542554855347,1361.6356201171875,676.1548461914062,1416.46923828125,726.60498046875,1389.0524291992188,701.3799133300781,54.8336181640625,50.45013427734375
IMG_0029.mp4,4550,151.8184851518185,29.97,668,2,traffic_signs,0.722446858882904,1416.338134765625,637.251220703125,1472.60546875,688.7803955078125,1444.4718017578125,663.0158081054688,56.267333984375,51.5291748046875
IMG_0029.mp4,4551,151.85185185185185,29.97,652,2,traffic_signs,0.4826487898826599,1391.122802734375,555.4395751953125,1474.8553466796875,628.0911865234375,1432.9890747070312,591.765380859375,83.7325439453125,72.651611328125
IMG_0029.mp4,4551,151.85185185185185,29.97,662,2,traffic_signs,0.8823651075363159,1362.6776123046875,675.1056518554688,1417.82666015625,725.2894897460938,1390.2521362304688,700.1975708007812,55.1490478515625,50.183837890625
IMG_0029.mp4,4551,151.85185185185185,29.97,668,2,traffic_signs,0.7405175566673279,1419.045166015625,636.1209106445312,1475.9267578125,687.2286987304688,1447.4859619140625,661.6748046875,56.881591796875,51.1077880859375
IMG_0029.mp4,4552,151.88521855188523,29.97,652,2,traffic_signs,0.5948137640953064,1393.631103515625,551.8819580078125,1478.364013671875,626.3118286132812,1435.99755859375,589.0968933105469,84.73291015625,74.42987060546875
IMG_0029.mp4,4552,151.88521855188523,29.97,662,2,traffic_signs,0.8231033086776733,1363.8780517578125,673.924072265625,1419.3756103515625,724.6076049804688,1391.6268310546875,699.2658386230469,55.49755859375,50.68353271484375
IMG_0029.mp4,4552,151.88521855188523,29.97,668,2,traffic_signs,0.4402725398540497,1421.6484375,632.9061279296875,1478.7318115234375,686.0469360351562,1450.1901245117188,659.4765319824219,57.0833740234375,53.14080810546875
IMG_0029.mp4,4553,151.91858525191859,29.97,652,2,traffic_signs,0.830620288848877,1395.9619140625,548.2915649414062,1481.4437255859375,624.475830078125,1438.7028198242188,586.3836975097656,85.4818115234375,76.18426513671875
IMG_0029.mp4,4553,151.91858525191859,29.97,662,2,traffic_signs,0.9085448384284973,1363.724853515625,670.9588623046875,1420.699462890625,724.2433471679688,1392.212158203125,697.6011047363281,56.974609375,53.28448486328125
IMG_0029.mp4,4553,151.91858525191859,29.97,668,2,traffic_signs,0.6887912750244141,1421.79833984375,630.4254760742188,1482.5650634765625,685.4091796875,1452.1817016601562,657.9173278808594,60.7667236328125,54.98370361328125
IMG_0029.mp4,4554,151.95195195195197,29.97,652,2,traffic_signs,0.8671806454658508,1398.5950927734375,544.8643188476562,1485.8548583984375,623.4524536132812,1442.2249755859375,584.1583862304688,87.259765625,78.588134765625
IMG_0029.mp4,4554,151.95195195195197,29.97,662,2,traffic_signs,0.9046385288238525,1365.460693359375,668.3992919921875,1423.3095703125,723.58251953125,1394.3851318359375,695.9909057617188,57.848876953125,55.1832275390625
IMG_0029.mp4,4554,151.95195195195197,29.97,668,2,traffic_signs,0.6173094511032104,1427.396728515625,629.104248046875,1486.6214599609375,683.8514404296875,1457.0090942382812,656.4778442382812,59.2247314453125,54.7471923828125
IMG_0029.mp4,4555,151.98531865198532,29.97,652,2,traffic_signs,0.8847923278808594,1400.44189453125,541.750732421875,1489.3255615234375,619.9896240234375,1444.8837280273438,580.8701782226562,88.8836669921875,78.2388916015625
IMG_0029.mp4,4555,151.98531865198532,29.97,662,2,traffic_signs,0.9053022861480713,1366.828857421875,666.857666015625,1425.76611328125,722.3106079101562,1396.2974853515625,694.5841369628906,58.937255859375,55.45294189453125
IMG_0029.mp4,4555,151.98531865198532,29.97,668,2,traffic_signs,0.525208055973053,1429.6131591796875,626.7625732421875,1489.8292236328125,682.3838500976562,1459.72119140625,654.5732116699219,60.216064453125,55.62127685546875
IMG_0029.mp4,4556,152.01868535201868,29.97,652,2,traffic_signs,0.8128712773323059,1402.690185546875,538.294189453125,1493.4600830078125,616.7298583984375,1448.0751342773438,577.5120239257812,90.7698974609375,78.4356689453125
IMG_0029.mp4,4556,152.01868535201868,29.97,662,2,traffic_signs,0.7642708420753479,1368.77685546875,665.7398681640625,1429.1778564453125,720.6537475585938,1398.9773559570312,693.1968078613281,60.4010009765625,54.91387939453125
IMG_0029.mp4,4556,152.01868535201868,29.97,668,2,traffic_signs,0.6593490839004517,1430.4027099609375,622.9951782226562,1495.5299072265625,679.9139404296875,1462.96630859375,651.4545593261719,65.127197265625,56.91876220703125
IMG_0029.mp4,4557,152.05205205205206,29.97,652,2,traffic_signs,0.9369600415229797,1405.7061767578125,534.750244140625,1497.8572998046875,614.1009521484375,1451.78173828125,574.4255981445312,92.151123046875,79.3507080078125
IMG_0029.mp4,4557,152.05205205205206,29.97,662,2,traffic_signs,0.8956249952316284,1371.34228515625,664.1514282226562,1432.0001220703125,719.3358764648438,1401.6712036132812,691.74365234375,60.6578369140625,55.1844482421875
IMG_0029.mp4,4557,152.05205205205206,29.97,668,2,traffic_signs,0.5375382900238037,1431.6036376953125,619.5286865234375,1500.116943359375,677.6381225585938,1465.8602905273438,648.5834045410156,68.5133056640625,58.10943603515625
IMG_0029.mp4,4558,152.08541875208542,29.97,652,2,traffic_signs,0.9232314825057983,1408.2039794921875,531.2367553710938,1501.4658203125,611.8477172851562,1454.8348999023438,571.542236328125,93.2618408203125,80.6109619140625
IMG_0029.mp4,4558,152.08541875208542,29.97,662,2,traffic_signs,0.8909276723861694,1373.15234375,662.9776000976562,1434.8819580078125,718.6273803710938,1404.0171508789062,690.802490234375,61.7296142578125,55.6497802734375
IMG_0029.mp4,4559,152.1187854521188,29.97,652,2,traffic_signs,0.899306058883667,1410.392822265625,527.0254516601562,1505.306396484375,608.8807373046875,1457.849609375,567.9530944824219,94.91357421875,81.85528564453125
IMG_0029.mp4,4559,152.1187854521188,29.97,662,2,traffic_signs,0.8178636431694031,1374.6912841796875,660.90283203125,1437.146484375,717.862060546875,1405.9188842773438,689.3824462890625,62.4552001953125,56.959228515625
IMG_0029.mp4,4560,152.15215215215215,29.97,652,2,traffic_signs,0.9044920802116394,1413.264892578125,523.4628295898438,1509.6678466796875,604.8143920898438,1461.4663696289062,564.1386108398438,96.4029541015625,81.3515625
IMG_0029.mp4,4560,152.15215215215215,29.97,662,2,traffic_signs,0.8756595253944397,1378.0279541015625,657.6524047851562,1439.9698486328125,717.5380249023438,1408.9989013671875,687.59521484375,61.94189453125,59.8856201171875
IMG_0029.mp4,4561,152.18551885218554,29.97,652,2,traffic_signs,0.9140996336936951,1416.1085205078125,519.583251953125,1514.6741943359375,603.0056762695312,1465.391357421875,561.2944641113281,98.565673828125,83.42242431640625
IMG_0029.mp4,4561,152.18551885218554,29.97,662,2,traffic_signs,0.8823060989379883,1379.3819580078125,655.7882690429688,1442.0377197265625,716.452880859375,1410.7098388671875,686.1205749511719,62.65576171875,60.66461181640625
IMG_0029.mp4,4561,152.18551885218554,29.97,668,2,traffic_signs,0.39727750420570374,1441.07958984375,608.2477416992188,1517.7120361328125,670.4929809570312,1479.3958129882812,639.370361328125,76.6324462890625,62.2452392578125
IMG_0029.mp4,4562,152.2188855522189,29.97,652,2,traffic_signs,0.8487190008163452,1419.778076171875,514.9266967773438,1520.0823974609375,599.9661865234375,1469.9302368164062,557.4464416503906,100.3043212890625,85.03948974609375
IMG_0029.mp4,4562,152.2188855522189,29.97,662,2,traffic_signs,0.8911021947860718,1381.933837890625,653.5775146484375,1444.9317626953125,714.5341796875,1413.4328002929688,684.0558471679688,62.9979248046875,60.9566650390625
IMG_0029.mp4,4562,152.2188855522189,29.97,668,2,traffic_signs,0.5289124250411987,1444.7650146484375,604.2661743164062,1521.6639404296875,667.802490234375,1483.2144775390625,636.0343322753906,76.89892578125,63.53631591796875
IMG_0029.mp4,4563,152.25225225225225,29.97,652,2,traffic_signs,0.9527860879898071,1422.5712890625,511.22589111328125,1525.1949462890625,597.50146484375,1473.8831176757812,554.3636779785156,102.6236572265625,86.27557373046875
IMG_0029.mp4,4563,152.25225225225225,29.97,662,2,traffic_signs,0.8591374754905701,1384.8934326171875,652.2867431640625,1447.3819580078125,713.0773315429688,1416.1376953125,682.6820373535156,62.488525390625,60.79058837890625
IMG_0029.mp4,4563,152.25225225225225,29.97,668,2,traffic_signs,0.5848734378814697,1449.3470458984375,601.5066528320312,1526.785888671875,664.847412109375,1488.0664672851562,633.1770324707031,77.4388427734375,63.34075927734375
IMG_0029.mp4,4564,152.28561895228563,29.97,652,2,traffic_signs,0.941602349281311,1425.8570556640625,506.92236328125,1529.7393798828125,594.1258544921875,1477.7982177734375,550.5241088867188,103.88232421875,87.2034912109375
IMG_0029.mp4,4564,152.28561895228563,29.97,662,2,traffic_signs,0.7180699706077576,1386.578857421875,649.5648803710938,1451.23095703125,712.4453735351562,1418.9049072265625,681.005126953125,64.652099609375,62.8804931640625
IMG_0029.mp4,4564,152.28561895228563,29.97,668,2,traffic_signs,0.42893561720848083,1453.0343017578125,598.4854736328125,1531.8897705078125,662.6964721679688,1492.4620361328125,630.5909729003906,78.85546875,64.21099853515625
IMG_0029.mp4,4565,152.318985652319,29.97,652,2,traffic_signs,0.9336111545562744,1429.4493408203125,501.6477966308594,1534.867431640625,590.5181884765625,1482.1583862304688,546.0829925537109,105.4180908203125,88.87039184570312
IMG_0029.mp4,4565,152.318985652319,29.97,662,2,traffic_signs,0.7718406319618225,1388.6173095703125,647.4854736328125,1454.2337646484375,710.9803466796875,1421.425537109375,679.23291015625,65.616455078125,63.494873046875
IMG_0029.mp4,4566,152.35235235235237,29.97,652,2,traffic_signs,0.9313909411430359,1432.208984375,498.5609130859375,1539.060302734375,587.6906127929688,1485.6346435546875,543.1257629394531,106.851318359375,89.12969970703125
IMG_0029.mp4,4566,152.35235235235237,29.97,662,2,traffic_signs,0.42014598846435547,1390.37353515625,648.49169921875,1456.78857421875,710.7606201171875,1423.5810546875,679.6261596679688,66.4150390625,62.2689208984375
IMG_0029.mp4,4567,152.38571905238572,29.97,652,2,traffic_signs,0.9247101545333862,1435.3763427734375,494.03076171875,1544.8043212890625,584.2406616210938,1490.09033203125,539.1357116699219,109.427978515625,90.20989990234375
IMG_0029.mp4,4567,152.38571905238572,29.97,662,2,traffic_signs,0.3534577190876007,1392.6483154296875,646.9026489257812,1460.277587890625,709.4074096679688,1426.4629516601562,678.155029296875,67.6292724609375,62.5047607421875
IMG_0029.mp4,4567,152.38571905238572,29.97,668,2,traffic_signs,0.2720102071762085,1462.524169921875,586.7222290039062,1547.9490966796875,655.2117309570312,1505.2366333007812,620.9669799804688,85.4249267578125,68.489501953125
IMG_0029.mp4,4568,152.41908575241908,29.97,652,2,traffic_signs,0.8747029900550842,1438.9989013671875,489.58148193359375,1549.825439453125,581.0952758789062,1494.4121704101562,535.33837890625,110.8265380859375,91.5137939453125
IMG_0029.mp4,4568,152.41908575241908,29.97,668,2,traffic_signs,0.25258103013038635,1466.5206298828125,581.7654418945312,1553.3909912109375,652.9851684570312,1509.955810546875,617.3753051757812,86.870361328125,71.2197265625
IMG_0029.mp4,4569,152.45245245245246,29.97,652,2,traffic_signs,0.9375285506248474,1441.449462890625,486.31866455078125,1554.7886962890625,578.0086059570312,1498.1190795898438,532.1636352539062,113.3392333984375,91.68994140625
IMG_0029.mp4,4569,152.45245245245246,29.97,662,2,traffic_signs,0.5452978014945984,1397.008056640625,644.5465698242188,1467.13330078125,707.1656494140625,1432.0706787109375,675.8561096191406,70.125244140625,62.61907958984375
IMG_0029.mp4,4570,152.48581915248582,29.97,652,2,traffic_signs,0.9063190221786499,1444.700927734375,482.75360107421875,1560.923095703125,574.5463256835938,1502.81201171875,528.6499633789062,116.22216796875,91.792724609375
IMG_0029.mp4,4570,152.48581915248582,29.97,662,2,traffic_signs,0.7499881386756897,1399.538818359375,641.3817749023438,1470.188232421875,705.4717407226562,1434.863525390625,673.4267578125,70.6494140625,64.0899658203125
IMG_0029.mp4,4571,152.5191858525192,29.97,652,2,traffic_signs,0.9148266315460205,1448.6915283203125,478.7395324707031,1565.96435546875,570.197265625,1507.3279418945312,524.4683990478516,117.2728271484375,91.45773315429688
IMG_0029.mp4,4571,152.5191858525192,29.97,662,2,traffic_signs,0.9267842769622803,1402.3310546875,638.8309936523438,1472.4903564453125,703.7183227539062,1437.4107055664062,671.274658203125,70.1593017578125,64.8873291015625
IMG_0029.mp4,4571,152.5191858525192,29.97,668,2,traffic_signs,0.5020284652709961,1480.06640625,571.7326049804688,1569.4383544921875,649.044189453125,1524.7523803710938,610.3883972167969,89.3719482421875,77.31158447265625
IMG_0029.mp4,4572,152.55255255255256,29.97,652,2,traffic_signs,0.8799340128898621,1452.92333984375,475.62310791015625,1569.62158203125,566.1817016601562,1511.2724609375,520.9024047851562,116.6982421875,90.55859375
IMG_0029.mp4,4572,152.55255255255256,29.97,662,2,traffic_signs,0.915725827217102,1404.228759765625,636.2900390625,1475.938232421875,701.8458862304688,1440.08349609375,669.0679626464844,71.70947265625,65.55584716796875
IMG_0029.mp4,4572,152.55255255255256,29.97,668,2,traffic_signs,0.658783495426178,1484.6768798828125,567.1791381835938,1575.3172607421875,645.9365844726562,1529.9970703125,606.557861328125,90.640380859375,78.7574462890625
IMG_0029.mp4,4573,152.58591925258594,29.97,652,2,traffic_signs,0.8479255437850952,1456.5330810546875,473.11865234375,1571.539794921875,562.59130859375,1514.0364379882812,517.85498046875,115.0067138671875,89.47265625
IMG_0029.mp4,4573,152.58591925258594,29.97,662,2,traffic_signs,0.9013758301734924,1406.9036865234375,633.5767211914062,1479.4344482421875,700.7495727539062,1443.1690673828125,667.1631469726562,72.53076171875,67.1728515625
IMG_0029.mp4,4573,152.58591925258594,29.97,668,2,traffic_signs,0.7914337515830994,1489.7371826171875,563.4037475585938,1581.3936767578125,642.8184204101562,1535.5654296875,603.111083984375,91.656494140625,79.4146728515625
IMG_0029.mp4,4574,152.6192859526193,29.97,652,2,traffic_signs,0.8178154826164246,1459.819580078125,471.4274597167969,1573.278076171875,556.9945678710938,1516.548828125,514.2110137939453,113.45849609375,85.56710815429688
IMG_0029.mp4,4574,152.6192859526193,29.97,662,2,traffic_signs,0.8491402268409729,1409.3389892578125,631.1300659179688,1483.0677490234375,698.2891235351562,1446.203369140625,664.7095947265625,73.728759765625,67.1590576171875
IMG_0029.mp4,4574,152.6192859526193,29.97,668,2,traffic_signs,0.8917858600616455,1491.5657958984375,559.4530639648438,1588.352783203125,640.1805419921875,1539.9592895507812,599.8168029785156,96.7869873046875,80.72747802734375
IMG_0029.mp4,4575,152.65265265265265,29.97,652,2,traffic_signs,0.8770428895950317,1463.4508056640625,470.2353515625,1575.2000732421875,551.9195556640625,1519.325439453125,511.07745361328125,111.749267578125,81.6842041015625
IMG_0029.mp4,4575,152.65265265265265,29.97,662,2,traffic_signs,0.8472171425819397,1412.609619140625,628.5459594726562,1487.36279296875,696.1644897460938,1449.9862060546875,662.355224609375,74.753173828125,67.6185302734375
IMG_0029.mp4,4575,152.65265265265265,29.97,668,2,traffic_signs,0.8942769169807434,1494.7509765625,556.0708618164062,1595.07421875,636.8387451171875,1544.91259765625,596.4548034667969,100.3232421875,80.76788330078125
IMG_0029.mp4,4576,152.68601935268603,29.97,652,2,traffic_signs,0.7611692547798157,1468.73046875,468.9396667480469,1575.64453125,546.8515014648438,1522.1875,507.8955841064453,106.9140625,77.91183471679688
IMG_0029.mp4,4576,152.68601935268603,29.97,662,2,traffic_signs,0.9173966646194458,1414.70263671875,626.3070678710938,1492.3302001953125,694.7501831054688,1453.5164184570312,660.5286254882812,77.6275634765625,68.443115234375
IMG_0029.mp4,4576,152.68601935268603,29.97,668,2,traffic_signs,0.8686918616294861,1501.06591796875,551.9478149414062,1601.02734375,633.2422485351562,1551.046630859375,592.5950317382812,99.96142578125,81.29443359375
IMG_0029.mp4,4577,152.7193860527194,29.97,662,2,traffic_signs,0.9225177764892578,1417.7880859375,623.585693359375,1495.2420654296875,693.1182861328125,1456.5150756835938,658.3519897460938,77.4539794921875,69.5325927734375
IMG_0029.mp4,4577,152.7193860527194,29.97,668,2,traffic_signs,0.659264862537384,1507.1201171875,545.6837158203125,1607.7086181640625,629.7010498046875,1557.4143676757812,587.6923828125,100.5885009765625,84.017333984375
IMG_0029.mp4,4578,152.75275275275277,29.97,662,2,traffic_signs,0.9197269678115845,1420.365478515625,620.5496215820312,1499.97509765625,691.008544921875,1460.1702880859375,655.7790832519531,79.609619140625,70.45892333984375
IMG_0029.mp4,4578,152.75275275275277,29.97,668,2,traffic_signs,0.6991708278656006,1512.7637939453125,540.0947875976562,1614.3470458984375,626.1615600585938,1563.555419921875,583.128173828125,101.583251953125,86.0667724609375
IMG_0029.mp4,4579,152.78611945278612,29.97,662,2,traffic_signs,0.9226344227790833,1424.118408203125,617.05615234375,1504.189208984375,688.8063354492188,1464.15380859375,652.9312438964844,80.07080078125,71.75018310546875
IMG_0029.mp4,4579,152.78611945278612,29.97,668,2,traffic_signs,0.7573743462562561,1516.429931640625,536.000244140625,1621.7625732421875,622.9542236328125,1569.0962524414062,579.4772338867188,105.3326416015625,86.9539794921875
IMG_0029.mp4,4580,152.81948615281948,29.97,662,2,traffic_signs,0.9132328629493713,1426.80419921875,614.6575927734375,1508.062255859375,687.1929931640625,1467.4332275390625,650.92529296875,81.258056640625,72.535400390625
IMG_0029.mp4,4580,152.81948615281948,29.97,668,2,traffic_signs,0.7588779330253601,1521.56787109375,530.8560180664062,1630.265625,619.0599975585938,1575.916748046875,574.9580078125,108.69775390625,88.2039794921875
IMG_0029.mp4,4581,152.85285285285286,29.97,662,2,traffic_signs,0.9071847796440125,1428.5858154296875,611.3289184570312,1512.157958984375,685.0809936523438,1470.3718872070312,648.2049560546875,83.5721435546875,73.7520751953125
IMG_0029.mp4,4581,152.85285285285286,29.97,668,2,traffic_signs,0.6277762651443481,1527.443359375,527.823486328125,1638.3052978515625,615.663330078125,1582.8743286132812,571.743408203125,110.8619384765625,87.83984375
IMG_0029.mp4,4582,152.88621955288622,29.97,662,2,traffic_signs,0.8856183290481567,1431.79638671875,608.6951904296875,1516.5557861328125,682.8587646484375,1474.1760864257812,645.7769775390625,84.7593994140625,74.16357421875
IMG_0029.mp4,4582,152.88621955288622,29.97,668,2,traffic_signs,0.5687360763549805,1536.2542724609375,527.281982421875,1647.5682373046875,612.525146484375,1591.9112548828125,569.903564453125,111.31396484375,85.2431640625
IMG_0029.mp4,4583,152.9195862529196,29.97,662,2,traffic_signs,0.9411736130714417,1436.53759765625,605.8296508789062,1521.67431640625,680.9856567382812,1479.10595703125,643.4076538085938,85.13671875,75.156005859375
IMG_0029.mp4,4583,152.9195862529196,29.97,668,2,traffic_signs,0.47366461157798767,1542.9136962890625,526.7743530273438,1656.221923828125,607.7594604492188,1599.5678100585938,567.2669067382812,113.3082275390625,80.985107421875
IMG_0029.mp4,4584,152.95295295295296,29.97,662,2,traffic_signs,0.9199146628379822,1439.1734619140625,603.453369140625,1527.5350341796875,679.4553833007812,1483.354248046875,641.4543762207031,88.361572265625,76.00201416015625
IMG_0029.mp4,4585,152.98631965298634,29.97,662,2,traffic_signs,0.8947446942329407,1441.991455078125,599.2530517578125,1531.532958984375,677.4239501953125,1486.76220703125,638.3385009765625,89.54150390625,78.1708984375
IMG_0029.mp4,4586,153.0196863530197,29.97,662,2,traffic_signs,0.8941627740859985,1445.22607421875,595.362060546875,1536.791748046875,675.8584594726562,1491.0089111328125,635.6102600097656,91.565673828125,80.49639892578125
IMG_0029.mp4,4587,153.05305305305305,29.97,662,2,traffic_signs,0.8867067098617554,1448.8062744140625,591.8709106445312,1542.60302734375,674.059326171875,1495.7046508789062,632.9651184082031,93.7967529296875,82.18841552734375
IMG_0029.mp4,4588,153.08641975308643,29.97,662,2,traffic_signs,0.9313799142837524,1450.51220703125,588.9563598632812,1547.6500244140625,670.7619018554688,1499.0811157226562,629.859130859375,97.1378173828125,81.8055419921875
IMG_0029.mp4,4589,153.1197864531198,29.97,662,2,traffic_signs,0.9273144602775574,1454.8031005859375,584.492919921875,1553.92041015625,667.9331665039062,1504.3617553710938,626.2130432128906,99.1173095703125,83.44024658203125
IMG_0029.mp4,4590,153.15315315315317,29.97,662,2,traffic_signs,0.9110426306724548,1458.455810546875,581.1193237304688,1560.0057373046875,665.6615600585938,1509.2307739257812,623.3904418945312,101.5499267578125,84.542236328125
IMG_0029.mp4,4591,153.18651985318652,29.97,662,2,traffic_signs,0.9068654775619507,1460.97998046875,577.42431640625,1563.6790771484375,663.5609741210938,1512.3295288085938,620.4926452636719,102.6990966796875,86.13665771484375
IMG_0029.mp4,4592,153.21988655321988,29.97,662,2,traffic_signs,0.5862820744514465,1464.5535888671875,572.4653930664062,1569.17236328125,660.4595336914062,1516.8629760742188,616.4624633789062,104.6187744140625,87.994140625
IMG_0029.mp4,4593,153.25325325325326,29.97,662,2,traffic_signs,0.9218809604644775,1468.7103271484375,568.4884033203125,1575.747314453125,659.1651611328125,1522.2288208007812,613.8267822265625,107.0369873046875,90.6767578125
IMG_0029.mp4,4594,153.28661995328662,29.97,662,2,traffic_signs,0.9233313798904419,1474.2244873046875,564.0983276367188,1583.8355712890625,656.112548828125,1529.030029296875,610.1054382324219,109.611083984375,92.01422119140625
IMG_0029.mp4,4595,153.31998665332,29.97,662,2,traffic_signs,0.8630583882331848,1478.535888671875,560.8361206054688,1589.0638427734375,654.2854614257812,1533.7998657226562,607.560791015625,110.5279541015625,93.4493408203125
IMG_0029.mp4,4596,153.35335335335336,29.97,662,2,traffic_signs,0.7670825719833374,1483.3267822265625,556.6461791992188,1595.61669921875,651.2427368164062,1539.4717407226562,603.9444580078125,112.2899169921875,94.5965576171875
IMG_0029.mp4,4597,153.38672005338674,29.97,662,2,traffic_signs,0.6510505676269531,1487.8338623046875,550.8753051757812,1603.2681884765625,648.23388671875,1545.551025390625,599.5545959472656,115.434326171875,97.35858154296875
IMG_0029.mp4,4598,153.4200867534201,29.97,662,2,traffic_signs,0.3955187499523163,1489.730712890625,546.8079833984375,1609.31201171875,645.073974609375,1549.5213623046875,595.9409790039062,119.581298828125,98.2659912109375
IMG_0029.mp4,4602,153.55355355355357,29.97,662,2,traffic_signs,0.35645464062690735,1506.8697509765625,528.666748046875,1637.140625,631.7280883789062,1572.0051879882812,580.1974182128906,130.2708740234375,103.06134033203125
IMG_0029.mp4,4604,153.62028695362028,29.97,662,2,traffic_signs,0.4304739534854889,1517.54345703125,521.495361328125,1653.6741943359375,622.8112182617188,1585.6088256835938,572.1532897949219,136.1307373046875,101.31585693359375
IMG_0029.mp4,4612,153.88722055388723,29.97,680,2,traffic_signs,0.43946918845176697,1212.115966796875,770.3391723632812,1253.12548828125,782.8435668945312,1232.6207275390625,776.5913696289062,41.009521484375,12.50439453125
IMG_0029.mp4,4613,153.9205872539206,29.97,680,2,traffic_signs,0.26115405559539795,1211.89453125,770.103759765625,1253.48291015625,782.6494140625,1232.688720703125,776.3765869140625,41.58837890625,12.545654296875
IMG_0029.mp4,4640,154.82148815482148,29.97,682,1,traffic_lights,0.3883654475212097,1124.37646484375,825.410888671875,1182.158935546875,848.6309814453125,1153.2677001953125,837.0209350585938,57.782470703125,23.2200927734375
IMG_0029.mp4,4641,154.85485485485486,29.97,682,1,traffic_lights,0.2626369595527649,1122.72119140625,825.67578125,1180.91064453125,849.14306640625,1151.81591796875,837.409423828125,58.189453125,23.46728515625
IMG_0029.mp4,4915,163.99733066399733,29.97,699,2,traffic_signs,0.5306422114372253,1270.411865234375,831.4325561523438,1316.583740234375,854.5098876953125,1293.497802734375,842.9712219238281,46.171875,23.07733154296875
IMG_0029.mp4,4916,164.03069736403071,29.97,699,2,traffic_signs,0.4979090392589569,1276.551513671875,830.658935546875,1324.5247802734375,854.5424194335938,1300.5381469726562,842.6006774902344,47.9732666015625,23.88348388671875
IMG_0029.mp4,4917,164.06406406406407,29.97,699,2,traffic_signs,0.5750220417976379,1285.9061279296875,830.3386840820312,1332.860595703125,853.3641967773438,1309.3833618164062,841.8514404296875,46.9544677734375,23.0255126953125
IMG_0029.mp4,5271,175.8758758758759,29.97,744,2,traffic_signs,0.4101824164390564,798.3406982421875,762.5687255859375,819.9946899414062,779.5830078125,809.1676940917969,771.0758666992188,21.65399169921875,17.0142822265625
IMG_0029.mp4,5273,175.94260927594263,29.97,744,2,traffic_signs,0.4262203574180603,782.5927124023438,763.2156982421875,804.564697265625,779.5733642578125,793.5787048339844,771.39453125,21.97198486328125,16.357666015625
IMG_0029.mp4,5274,175.97597597597598,29.97,744,2,traffic_signs,0.5115705728530884,776.1866455078125,762.8251953125,797.025390625,779.4584350585938,786.6060180664062,771.1418151855469,20.8387451171875,16.63323974609375
IMG_0029.mp4,5276,176.04270937604272,29.97,744,2,traffic_signs,0.2705283761024475,759.1819458007812,762.8389892578125,780.3775634765625,779.215576171875,769.7797546386719,771.0272827148438,21.19561767578125,16.3765869140625
IMG_0029.mp4,5277,176.07607607607608,29.97,744,2,traffic_signs,0.6270030736923218,748.6964721679688,762.10107421875,770.6793212890625,778.7713012695312,759.6878967285156,770.4361877441406,21.98284912109375,16.67022705078125
IMG_0029.mp4,5278,176.10944277610946,29.97,744,2,traffic_signs,0.4760686755180359,737.6886596679688,761.4989624023438,761.5529174804688,778.8681640625,749.6207885742188,770.1835632324219,23.8642578125,17.36920166015625
IMG_0029.mp4,5279,176.14280947614282,29.97,744,2,traffic_signs,0.2908242642879486,726.182861328125,761.622802734375,751.6934204101562,778.4617919921875,738.9381408691406,770.0422973632812,25.51055908203125,16.8389892578125
IMG_0029.mp4,5473,182.61594928261596,29.97,756,1,traffic_lights,0.47148630023002625,1109.8602294921875,635.6820068359375,1126.6483154296875,651.8550415039062,1118.2542724609375,643.7685241699219,16.7880859375,16.17303466796875
IMG_0029.mp4,5474,182.6493159826493,29.97,756,1,traffic_lights,0.5791686177253723,1108.9664306640625,633.492431640625,1126.173583984375,650.491943359375,1117.5700073242188,641.9921875,17.2071533203125,16.99951171875
IMG_0029.mp4,5476,182.71604938271605,29.97,756,1,traffic_lights,0.6884015798568726,1105.96240234375,630.806640625,1123.9935302734375,646.7871704101562,1114.9779663085938,638.7969055175781,18.0311279296875,15.98052978515625
IMG_0029.mp4,5477,182.74941608274943,29.97,756,1,traffic_lights,0.5441920757293701,1104.6263427734375,628.826904296875,1122.9293212890625,645.0066528320312,1113.77783203125,636.9167785644531,18.302978515625,16.17974853515625
IMG_0029.mp4,5478,182.7827827827828,29.97,756,1,traffic_lights,0.28086113929748535,1105.3046875,626.2862548828125,1123.9827880859375,643.6849975585938,1114.6437377929688,634.9856262207031,18.6781005859375,17.39874267578125
IMG_0029.mp4,5479,182.81614948281614,29.97,756,1,traffic_lights,0.6091107726097107,1104.17724609375,626.2206420898438,1122.5296630859375,642.4271240234375,1113.3534545898438,634.3238830566406,18.3524169921875,16.20648193359375
IMG_0029.mp4,5480,182.84951618284953,29.97,756,1,traffic_lights,0.7454355359077454,1102.8912353515625,625.09130859375,1121.079833984375,640.9273071289062,1111.9855346679688,633.0093078613281,18.1885986328125,15.83599853515625
IMG_0029.mp4,5480,182.84951618284953,29.97,758,1,traffic_lights,0.7604402899742126,1115.2752685546875,452.691162109375,1132.9359130859375,468.48748779296875,1124.1055908203125,460.5893249511719,17.66064453125,15.79632568359375
IMG_0029.mp4,5481,182.88288288288288,29.97,756,1,traffic_lights,0.7514670491218567,1102.250732421875,622.7041015625,1119.62353515625,639.2860717773438,1110.9371337890625,630.9950866699219,17.372802734375,16.58197021484375
IMG_0029.mp4,5481,182.88288288288288,29.97,758,1,traffic_lights,0.632033109664917,1114.041015625,446.8193664550781,1132.2174072265625,462.9278564453125,1123.1292114257812,454.8736114501953,18.1763916015625,16.108489990234375
IMG_0029.mp4,5482,182.91624958291627,29.97,756,1,traffic_lights,0.7514800429344177,1101.303466796875,620.6013793945312,1119.121826171875,637.9819946289062,1110.212646484375,629.2916870117188,17.818359375,17.380615234375
IMG_0029.mp4,5482,182.91624958291627,29.97,758,1,traffic_lights,0.8212240934371948,1113.0931396484375,441.20013427734375,1131.39453125,457.46295166015625,1122.2438354492188,449.33154296875,18.3013916015625,16.2628173828125
IMG_0029.mp4,5483,182.94961628294962,29.97,756,1,traffic_lights,0.7463060021400452,1099.5985107421875,617.7855834960938,1117.3121337890625,635.233154296875,1108.455322265625,626.5093688964844,17.713623046875,17.44757080078125
IMG_0029.mp4,5484,182.982982982983,29.97,756,1,traffic_lights,0.7922783493995667,1099.899169921875,617.0100708007812,1116.77685546875,634.6217651367188,1108.3380126953125,625.81591796875,16.877685546875,17.6116943359375
IMG_0029.mp4,5484,182.982982982983,29.97,758,1,traffic_lights,0.8517575860023499,1109.17431640625,427.0567626953125,1128.3868408203125,445.80499267578125,1118.7805786132812,436.4308776855469,19.2125244140625,18.74822998046875
IMG_0029.mp4,5485,183.01634968301636,29.97,756,1,traffic_lights,0.7362280488014221,1099.486083984375,616.3451538085938,1115.7474365234375,633.2011108398438,1107.6167602539062,624.7731323242188,16.2613525390625,16.85595703125
IMG_0029.mp4,5485,183.01634968301636,29.97,758,1,traffic_lights,0.51668381690979,1107.9710693359375,422.2273254394531,1127.339111328125,440.91180419921875,1117.6550903320312,431.56956481933594,19.3680419921875,18.684478759765625
IMG_0029.mp4,5486,183.0497163830497,29.97,756,1,traffic_lights,0.6060388684272766,1098.2510986328125,613.9653930664062,1115.4202880859375,630.802001953125,1106.835693359375,622.3836975097656,17.169189453125,16.83660888671875
IMG_0029.mp4,5487,183.0830830830831,29.97,756,1,traffic_lights,0.6074494123458862,1097.3197021484375,612.3887329101562,1114.12841796875,628.4255981445312,1105.7240600585938,620.4071655273438,16.8087158203125,16.036865234375
IMG_0029.mp4,5488,183.11644978311645,29.97,756,1,traffic_lights,0.5144360065460205,1096.4674072265625,611.7356567382812,1113.6180419921875,626.1911010742188,1105.042724609375,618.96337890625,17.150634765625,14.4554443359375
IMG_0029.mp4,5489,183.14981648314983,29.97,756,1,traffic_lights,0.6639239192008972,1095.1837158203125,609.786376953125,1112.549072265625,624.5051879882812,1103.8663940429688,617.1457824707031,17.3653564453125,14.71881103515625
IMG_0029.mp4,5490,183.1831831831832,29.97,756,1,traffic_lights,0.6189869046211243,1094.3114013671875,605.9799194335938,1111.142822265625,622.818359375,1102.7271118164062,614.3991394042969,16.8314208984375,16.83843994140625
IMG_0029.mp4,5491,183.21654988321654,29.97,756,1,traffic_lights,0.3428591787815094,1092.237548828125,602.1049194335938,1109.859130859375,620.1301879882812,1101.04833984375,611.1175537109375,17.62158203125,18.0252685546875
IMG_0029.mp4,5491,183.21654988321654,29.97,764,1,traffic_lights,0.4969728887081146,1098.192626953125,380.1501159667969,1122.2650146484375,402.4398193359375,1110.2288208007812,391.2949676513672,24.0723876953125,22.289703369140625
IMG_0029.mp4,5492,183.24991658324993,29.97,756,1,traffic_lights,0.6424465179443359,1090.703857421875,599.8093872070312,1108.7550048828125,618.202880859375,1099.7294311523438,609.0061340332031,18.0511474609375,18.39349365234375
IMG_0029.mp4,5492,183.24991658324993,29.97,764,1,traffic_lights,0.6815999150276184,1096.892578125,375.553955078125,1119.25048828125,396.01983642578125,1108.071533203125,385.7868957519531,22.35791015625,20.46588134765625
IMG_0029.mp4,5493,183.28328328328328,29.97,756,1,traffic_lights,0.423667848110199,1089.3717041015625,598.1677856445312,1107.4849853515625,616.8231811523438,1098.4283447265625,607.4954833984375,18.11328125,18.6553955078125
IMG_0029.mp4,5494,183.31664998331667,29.97,756,1,traffic_lights,0.3338145613670349,1088.595703125,596.4536743164062,1106.4237060546875,614.2760620117188,1097.5097045898438,605.3648681640625,17.8280029296875,17.8223876953125
IMG_0029.mp4,5504,183.65031698365033,29.97,772,1,traffic_lights,0.45400476455688477,1125.9310302734375,680.8316040039062,1147.61669921875,698.0289916992188,1136.7738647460938,689.4302978515625,21.6856689453125,17.1973876953125
IMG_0029.mp4,5505,183.68368368368368,29.97,772,1,traffic_lights,0.6535952091217041,1125.57080078125,680.3887329101562,1146.608642578125,697.4724731445312,1136.0897216796875,688.9306030273438,21.037841796875,17.083740234375
IMG_0029.mp4,5506,183.71705038371707,29.97,772,1,traffic_lights,0.6885039806365967,1123.92724609375,680.0588989257812,1145.7926025390625,697.4052124023438,1134.8599243164062,688.7320556640625,21.8653564453125,17.3463134765625
IMG_0029.mp4,5507,183.75041708375042,29.97,772,1,traffic_lights,0.7545617818832397,1123.8724365234375,679.5210571289062,1146.421142578125,697.2855834960938,1135.1467895507812,688.4033203125,22.5487060546875,17.7645263671875
IMG_0029.mp4,5508,183.7837837837838,29.97,772,1,traffic_lights,0.7539545297622681,1123.3372802734375,677.9536743164062,1146.968017578125,696.3958740234375,1135.1526489257812,687.1747741699219,23.6307373046875,18.44219970703125
IMG_0029.mp4,5509,183.81715048381716,29.97,772,1,traffic_lights,0.6263309121131897,1123.467041015625,677.6648559570312,1143.259033203125,695.7217407226562,1133.363037109375,686.6932983398438,19.7919921875,18.056884765625
IMG_0029.mp4,5510,183.8505171838505,29.97,772,1,traffic_lights,0.5517317652702332,1123.2315673828125,677.146240234375,1141.7239990234375,694.604736328125,1132.477783203125,685.87548828125,18.492431640625,17.45849609375
IMG_0029.mp4,5511,183.8838838838839,29.97,772,1,traffic_lights,0.46524250507354736,1122.6622314453125,676.6805419921875,1139.5467529296875,693.6651000976562,1131.1044921875,685.1728210449219,16.884521484375,16.98455810546875
IMG_0029.mp4,5517,184.08408408408408,29.97,780,1,traffic_lights,0.5972069501876831,1119.7850341796875,669.123779296875,1147.1544189453125,688.9288940429688,1133.4697265625,679.0263366699219,27.369384765625,19.80511474609375
IMG_0029.mp4,5518,184.11745078411747,29.97,780,1,traffic_lights,0.6473760008811951,1119.0953369140625,666.7886352539062,1146.943115234375,687.5621948242188,1133.0192260742188,677.1754150390625,27.8477783203125,20.7735595703125
IMG_0029.mp4,5519,184.15081748415082,29.97,780,1,traffic_lights,0.5284419059753418,1119.0528564453125,664.8705444335938,1146.6331787109375,687.1771850585938,1132.843017578125,676.0238647460938,27.580322265625,22.306640625
IMG_0029.mp4,5520,184.1841841841842,29.97,780,1,traffic_lights,0.47739970684051514,1117.8070068359375,663.9569702148438,1145.775390625,686.580810546875,1131.7911987304688,675.2688903808594,27.9683837890625,22.62384033203125
IMG_0029.mp4,5521,184.21755088421756,29.97,780,1,traffic_lights,0.5723971724510193,1117.916748046875,663.2974243164062,1145.7646484375,686.2955932617188,1131.8406982421875,674.7965087890625,27.847900390625,22.9981689453125
IMG_0029.mp4,5522,184.2509175842509,29.97,780,1,traffic_lights,0.42633670568466187,1117.7049560546875,662.024169921875,1143.226806640625,685.0721435546875,1130.4658813476562,673.5481567382812,25.5218505859375,23.0479736328125
IMG_0029.mp4,5523,184.2842842842843,29.97,780,1,traffic_lights,0.7592360973358154,1118.1688232421875,662.30908203125,1135.0386962890625,685.23095703125,1126.603759765625,673.77001953125,16.869873046875,22.921875
IMG_0029.mp4,5524,184.31765098431765,29.97,780,1,traffic_lights,0.7819387912750244,1117.49365234375,660.0582885742188,1131.43115234375,682.8837890625,1124.46240234375,671.4710388183594,13.9375,22.82550048828125
IMG_0029.mp4,5525,184.35101768435104,29.97,780,1,traffic_lights,0.6164182424545288,1117.4327392578125,658.5446166992188,1130.9359130859375,681.459716796875,1124.184326171875,670.0021667480469,13.503173828125,22.91510009765625
IMG_0029.mp4,5526,184.3843843843844,29.97,780,1,traffic_lights,0.7252461314201355,1118.7869873046875,658.951904296875,1133.4354248046875,682.6364135742188,1126.1112060546875,670.7941589355469,14.6484375,23.68450927734375
IMG_0029.mp4,5527,184.41775108441774,29.97,780,1,traffic_lights,0.7927899360656738,1117.91015625,657.5101318359375,1133.40234375,682.1522216796875,1125.65625,669.8311767578125,15.4921875,24.64208984375
IMG_0029.mp4,5528,184.45111778445113,29.97,780,1,traffic_lights,0.8115175366401672,1116.5155029296875,656.53125,1134.3927001953125,681.40185546875,1125.4541015625,668.966552734375,17.877197265625,24.87060546875
IMG_0029.mp4,5529,184.48448448448448,29.97,780,1,traffic_lights,0.7660757899284363,1116.922119140625,655.8123779296875,1135.678466796875,680.5630493164062,1126.30029296875,668.1877136230469,18.75634765625,24.75067138671875
IMG_0029.mp4,5530,184.51785118451787,29.97,780,1,traffic_lights,0.8092936873435974,1115.757568359375,654.6438598632812,1136.5452880859375,679.4155883789062,1126.1514282226562,667.0297241210938,20.7877197265625,24.771728515625
IMG_0029.mp4,5531,184.55121788455122,29.97,780,1,traffic_lights,0.7543320655822754,1115.20654296875,653.370849609375,1136.239990234375,678.2926025390625,1125.7232666015625,665.8317260742188,21.033447265625,24.9217529296875
IMG_0029.mp4,5532,184.5845845845846,29.97,780,1,traffic_lights,0.8125418424606323,1115.6915283203125,652.8565673828125,1136.8819580078125,677.456298828125,1126.2867431640625,665.1564331054688,21.1904296875,24.5997314453125
IMG_0029.mp4,5533,184.61795128461796,29.97,780,1,traffic_lights,0.8105838894844055,1114.860595703125,651.4078369140625,1138.1160888671875,676.0513916015625,1126.4883422851562,663.7296142578125,23.2554931640625,24.6435546875
IMG_0029.mp4,5534,184.6513179846513,29.97,780,1,traffic_lights,0.8266203999519348,1115.366455078125,650.5079956054688,1139.8677978515625,675.6867065429688,1127.6171264648438,663.0973510742188,24.5013427734375,25.1787109375
IMG_0029.mp4,5534,184.6513179846513,29.97,784,1,traffic_lights,0.51481693983078,852.7064208984375,767.7919311523438,863.1859130859375,796.1256713867188,857.9461669921875,781.9588012695312,10.4794921875,28.333740234375
IMG_0029.mp4,5535,184.6846846846847,29.97,780,1,traffic_lights,0.848668098449707,1114.5404052734375,649.1002807617188,1139.4625244140625,674.6495971679688,1127.00146484375,661.8749389648438,24.922119140625,25.54931640625
IMG_0029.mp4,5535,184.6846846846847,29.97,784,1,traffic_lights,0.5551683902740479,850.0027465820312,767.1098022460938,860.5504150390625,795.89453125,855.2765808105469,781.5021667480469,10.54766845703125,28.78472900390625
IMG_0029.mp4,5536,184.71805138471805,29.97,780,1,traffic_lights,0.8632743954658508,1114.544189453125,648.2354736328125,1140.32177734375,673.8738403320312,1127.4329833984375,661.0546569824219,25.777587890625,25.63836669921875
IMG_0029.mp4,5536,184.71805138471805,29.97,784,1,traffic_lights,0.5148566961288452,849.1469116210938,767.21630859375,859.8573608398438,795.4346923828125,854.5021362304688,781.3255004882812,10.71044921875,28.2183837890625
IMG_0029.mp4,5537,184.75141808475144,29.97,780,1,traffic_lights,0.8767367005348206,1114.4918212890625,646.9795532226562,1140.5284423828125,672.6104125976562,1127.5101318359375,659.7949829101562,26.03662109375,25.630859375
IMG_0029.mp4,5537,184.75141808475144,29.97,784,1,traffic_lights,0.41097259521484375,847.2385864257812,766.0167846679688,859.2195434570312,795.4321899414062,853.2290649414062,780.7244873046875,11.98095703125,29.4154052734375
IMG_0029.mp4,5538,184.7847847847848,29.97,780,1,traffic_lights,0.836677074432373,1113.3319091796875,644.805908203125,1138.4666748046875,670.81689453125,1125.8992919921875,657.8114013671875,25.134765625,26.010986328125
IMG_0029.mp4,5539,184.81815148481815,29.97,780,1,traffic_lights,0.8652960062026978,1112.866943359375,642.8231201171875,1138.6004638671875,669.135986328125,1125.7337036132812,655.9795532226562,25.7335205078125,26.3128662109375
IMG_0029.mp4,5540,184.85151818485153,29.97,780,1,traffic_lights,0.8769499063491821,1112.34375,641.769775390625,1139.2984619140625,668.3674926757812,1125.8211059570312,655.0686340332031,26.9547119140625,26.59771728515625
IMG_0029.mp4,5541,184.88488488488488,29.97,780,1,traffic_lights,0.8763173222541809,1111.485595703125,639.94140625,1139.31640625,667.4662475585938,1125.4010009765625,653.7038269042969,27.830810546875,27.52484130859375
IMG_0029.mp4,5542,184.91825158491827,29.97,780,1,traffic_lights,0.8668410181999207,1110.789794921875,638.520263671875,1139.1334228515625,666.5702514648438,1124.9616088867188,652.5452575683594,28.3436279296875,28.04998779296875
IMG_0029.mp4,5543,184.95161828495162,29.97,780,1,traffic_lights,0.8713830709457397,1110.0338134765625,637.8914794921875,1139.063232421875,665.957763671875,1124.5485229492188,651.9246215820312,29.0294189453125,28.0662841796875
IMG_0029.mp4,5544,184.984984984985,29.97,780,1,traffic_lights,0.8679693937301636,1109.606689453125,636.3193969726562,1139.3370361328125,664.5964965820312,1124.4718627929688,650.4579467773438,29.7303466796875,28.277099609375
IMG_0029.mp4,5545,185.01835168501836,29.97,780,1,traffic_lights,0.864554226398468,1109.3905029296875,634.4788208007812,1138.958740234375,662.9683227539062,1124.1746215820312,648.7235717773438,29.5682373046875,28.489501953125
IMG_0029.mp4,5546,185.05171838505171,29.97,780,1,traffic_lights,0.8969553709030151,1109.2508544921875,633.166748046875,1138.7294921875,661.5888061523438,1123.9901733398438,647.3777770996094,29.4786376953125,28.42205810546875
IMG_0029.mp4,5547,185.0850850850851,29.97,780,1,traffic_lights,0.8701367378234863,1108.7525634765625,631.5492553710938,1138.0518798828125,660.8688354492188,1123.4022216796875,646.2090454101562,29.29931640625,29.319580078125
IMG_0029.mp4,5548,185.11845178511845,29.97,780,1,traffic_lights,0.8769810795783997,1108.2166748046875,630.65234375,1138.255126953125,659.8931884765625,1123.2359008789062,645.2727661132812,30.0384521484375,29.2408447265625
IMG_0029.mp4,5549,185.15181848515184,29.97,780,1,traffic_lights,0.8985446691513062,1107.9591064453125,628.8603515625,1138.9520263671875,658.2005004882812,1123.45556640625,643.5304260253906,30.992919921875,29.34014892578125
IMG_0029.mp4,5550,185.1851851851852,29.97,780,1,traffic_lights,0.890162467956543,1107.05810546875,626.6724853515625,1139.0159912109375,656.3232421875,1123.0370483398438,641.4978637695312,31.9578857421875,29.6507568359375
IMG_0029.mp4,5551,185.21855188521855,29.97,780,1,traffic_lights,0.8847405910491943,1106.5841064453125,625.2412109375,1139.0677490234375,655.2939453125,1122.825927734375,640.267578125,32.483642578125,30.052734375
IMG_0029.mp4,5552,185.25191858525193,29.97,780,1,traffic_lights,0.8925073742866516,1106.2176513671875,623.47705078125,1138.65185546875,653.9138793945312,1122.4347534179688,638.6954650878906,32.4342041015625,30.43682861328125
IMG_0029.mp4,5553,185.28528528528528,29.97,780,1,traffic_lights,0.9042285680770874,1105.6539306640625,621.2950439453125,1138.2076416015625,652.5254516601562,1121.9307861328125,636.9102478027344,32.5537109375,31.23040771484375
IMG_0029.mp4,5554,185.31865198531867,29.97,780,1,traffic_lights,0.9175766706466675,1105.41015625,619.6411743164062,1137.6873779296875,651.6488037109375,1121.5487670898438,635.6449890136719,32.2772216796875,32.00762939453125
IMG_0029.mp4,5555,185.35201868535202,29.97,780,1,traffic_lights,0.9074622392654419,1104.776611328125,617.4519653320312,1136.7789306640625,650.5640258789062,1120.7777709960938,634.0079956054688,32.0023193359375,33.112060546875
IMG_0029.mp4,5556,185.3853853853854,29.97,780,1,traffic_lights,0.8958276510238647,1104.4732666015625,616.3588256835938,1136.1802978515625,649.226806640625,1120.3267822265625,632.7928161621094,31.70703125,32.86798095703125
IMG_0029.mp4,5557,185.41875208541876,29.97,780,1,traffic_lights,0.9077354073524475,1103.8250732421875,613.5253295898438,1136.3602294921875,647.0568237304688,1120.0926513671875,630.2910766601562,32.53515625,33.531494140625
IMG_0029.mp4,5558,185.45211878545211,29.97,780,1,traffic_lights,0.89152991771698,1104.8065185546875,613.3497314453125,1138.4381103515625,646.3720703125,1121.622314453125,629.8609008789062,33.631591796875,33.0223388671875
IMG_0029.mp4,5558,185.45211878545211,29.97,788,1,traffic_lights,0.4820181429386139,797.302490234375,758.2921142578125,809.4615478515625,788.2979736328125,803.3820190429688,773.2950439453125,12.1590576171875,30.005859375
IMG_0029.mp4,5559,185.4854854854855,29.97,780,1,traffic_lights,0.8861929178237915,1102.3192138671875,610.9208984375,1136.593017578125,644.0033569335938,1119.4561157226562,627.4621276855469,34.2738037109375,33.08245849609375
IMG_0029.mp4,5560,185.51885218551885,29.97,780,1,traffic_lights,0.8850152492523193,1100.654052734375,609.8961791992188,1135.498046875,642.8325805664062,1118.0760498046875,626.3643798828125,34.843994140625,32.9364013671875
IMG_0029.mp4,5561,185.55221888555224,29.97,780,1,traffic_lights,0.8940331935882568,1100.1983642578125,608.5233764648438,1135.5533447265625,641.0389404296875,1117.8758544921875,624.7811584472656,35.35498046875,32.51556396484375
IMG_0029.mp4,5562,185.5855855855856,29.97,780,1,traffic_lights,0.8996593356132507,1103.08984375,609.1221313476562,1137.9102783203125,641.0159301757812,1120.5000610351562,625.0690307617188,34.8204345703125,31.893798828125
IMG_0029.mp4,5562,185.5855855855856,29.97,791,1,traffic_lights,0.6084693670272827,786.5859985351562,755.7656860351562,801.0682373046875,786.6074829101562,793.8271179199219,771.1865844726562,14.48223876953125,30.841796875
IMG_0029.mp4,5563,185.61895228561895,29.97,780,1,traffic_lights,0.8979940414428711,1102.1727294921875,605.8724975585938,1137.26171875,638.8673095703125,1119.7172241210938,622.3699035644531,35.0889892578125,32.99481201171875
IMG_0029.mp4,5564,185.65231898565233,29.97,780,1,traffic_lights,0.9117199182510376,1101.0609130859375,603.355224609375,1136.59228515625,636.688232421875,1118.8265991210938,620.021728515625,35.5313720703125,33.3330078125
IMG_0029.mp4,5565,185.68568568568568,29.97,780,1,traffic_lights,0.9098609685897827,1100.293212890625,602.4159545898438,1136.6793212890625,635.3375854492188,1118.4862670898438,618.8767700195312,36.3861083984375,32.921630859375
IMG_0029.mp4,5566,185.71905238571907,29.97,780,1,traffic_lights,0.9009090065956116,1099.4144287109375,601.596923828125,1136.3656005859375,635.1016845703125,1117.8900146484375,618.3493041992188,36.951171875,33.5047607421875
IMG_0029.mp4,5567,185.75241908575242,29.97,780,1,traffic_lights,0.8971328735351562,1099.238037109375,598.6033325195312,1136.045654296875,632.5985717773438,1117.641845703125,615.6009521484375,36.8076171875,33.9952392578125
IMG_0029.mp4,5567,185.75241908575242,29.97,800,1,traffic_lights,0.47508493065834045,1279.468017578125,732.219970703125,1305.1961669921875,762.9451904296875,1292.3320922851562,747.5825805664062,25.7281494140625,30.7252197265625
IMG_0029.mp4,5568,185.7857857857858,29.97,780,1,traffic_lights,0.9031058549880981,1098.992919921875,595.905029296875,1135.9088134765625,630.7333984375,1117.4508666992188,613.3192138671875,36.9158935546875,34.828369140625
IMG_0029.mp4,5568,185.7857857857858,29.97,800,1,traffic_lights,0.5258824825286865,1280.5811767578125,731.9109497070312,1305.9473876953125,761.8971557617188,1293.2642822265625,746.904052734375,25.3662109375,29.9862060546875
IMG_0029.mp4,5569,185.81915248581916,29.97,780,1,traffic_lights,0.8594909906387329,1101.3140869140625,594.85302734375,1138.2393798828125,630.0731811523438,1119.7767333984375,612.4631042480469,36.92529296875,35.22015380859375
IMG_0029.mp4,5569,185.81915248581916,29.97,800,1,traffic_lights,0.6539832949638367,1281.9761962890625,731.1737060546875,1307.446044921875,761.3683471679688,1294.7111206054688,746.2710266113281,25.4698486328125,30.19464111328125
IMG_0029.mp4,5569,185.81915248581916,29.97,803,1,traffic_lights,0.713982880115509,766.455078125,752.7864990234375,780.035888671875,782.83447265625,773.2454833984375,767.8104858398438,13.580810546875,30.0479736328125
IMG_0029.mp4,5569,185.81915248581916,29.97,804,2,traffic_signs,0.6867392659187317,309.9938049316406,761.2527465820312,334.8780212402344,783.7464599609375,322.4359130859375,772.4996032714844,24.88421630859375,22.49371337890625
IMG_0029.mp4,5570,185.85251918585251,29.97,780,1,traffic_lights,0.9222077131271362,1102.33251953125,593.4524536132812,1138.80126953125,628.240234375,1120.56689453125,610.8463439941406,36.46875,34.78778076171875
IMG_0029.mp4,5570,185.85251918585251,29.97,800,1,traffic_lights,0.44354984164237976,1284.543212890625,731.8038330078125,1309.3814697265625,761.56396484375,1296.9623413085938,746.6838989257812,24.8382568359375,29.7601318359375
IMG_0029.mp4,5570,185.85251918585251,29.97,803,1,traffic_lights,0.5311697125434875,763.8453369140625,751.7444458007812,777.8033447265625,782.3970947265625,770.8243408203125,767.0707702636719,13.9580078125,30.65264892578125
IMG_0029.mp4,5570,185.85251918585251,29.97,804,2,traffic_signs,0.8331849575042725,302.3753662109375,760.6585083007812,327.6883850097656,783.7877197265625,315.03187561035156,772.2231140136719,25.313018798828125,23.12921142578125
IMG_0029.mp4,5571,185.8858858858859,29.97,780,1,traffic_lights,0.9258618950843811,1102.2230224609375,591.5392456054688,1138.4510498046875,626.8198852539062,1120.3370361328125,609.1795654296875,36.22802734375,35.2806396484375
IMG_0029.mp4,5571,185.8858858858859,29.97,800,1,traffic_lights,0.6939405798912048,1285.08251953125,730.5711059570312,1311.5150146484375,761.296630859375,1298.2987670898438,745.9338684082031,26.4324951171875,30.72552490234375
IMG_0029.mp4,5571,185.8858858858859,29.97,804,2,traffic_signs,0.7819296717643738,295.5733947753906,759.9033813476562,322.148193359375,783.3865966796875,308.8607940673828,771.6449890136719,26.574798583984375,23.48321533203125
IMG_0029.mp4,5572,185.91925258591925,29.97,780,1,traffic_lights,0.9304385781288147,1101.5755615234375,589.8887329101562,1137.8983154296875,625.1459350585938,1119.7369384765625,607.517333984375,36.32275390625,35.2572021484375
IMG_0029.mp4,5572,185.91925258591925,29.97,800,1,traffic_lights,0.7190910577774048,1286.6702880859375,729.0113525390625,1312.0631103515625,760.91796875,1299.36669921875,744.9646606445312,25.392822265625,31.9066162109375
IMG_0029.mp4,5572,185.91925258591925,29.97,804,2,traffic_signs,0.5217283964157104,290.198974609375,758.9932861328125,316.8954162597656,782.552734375,303.5471954345703,770.7730102539062,26.696441650390625,23.5594482421875
IMG_0029.mp4,5573,185.95261928595264,29.97,780,1,traffic_lights,0.9119813442230225,1101.2054443359375,587.5399780273438,1137.88134765625,623.3432006835938,1119.5433959960938,605.4415893554688,36.6759033203125,35.80322265625
IMG_0029.mp4,5573,185.95261928595264,29.97,800,1,traffic_lights,0.6760685443878174,1288.7421875,726.280029296875,1312.9385986328125,760.298828125,1300.8403930664062,743.2894287109375,24.1964111328125,34.018798828125
IMG_0029.mp4,5573,185.95261928595264,29.97,804,2,traffic_signs,0.4847971498966217,283.2579650878906,758.6616821289062,310.6032409667969,782.3433227539062,296.93060302734375,770.5025024414062,27.34527587890625,23.681640625
IMG_0029.mp4,5573,185.95261928595264,29.97,803,1,traffic_lights,0.6810221672058105,753.28564453125,750.4917602539062,768.3958740234375,783.0438232421875,760.8407592773438,766.7677917480469,15.1102294921875,32.55206298828125
IMG_0029.mp4,5574,185.985985985986,29.97,780,1,traffic_lights,0.8882558941841125,1100.1036376953125,584.6756591796875,1137.0531005859375,621.0064697265625,1118.578369140625,602.841064453125,36.949462890625,36.330810546875
IMG_0029.mp4,5574,185.985985985986,29.97,800,1,traffic_lights,0.6851361393928528,1289.548583984375,724.272216796875,1314.5615234375,759.5152587890625,1302.0550537109375,741.8937377929688,25.012939453125,35.2430419921875
IMG_0029.mp4,5574,185.985985985986,29.97,804,2,traffic_signs,0.5757028460502625,274.2626037597656,757.2326049804688,302.4786682128906,781.4417114257812,288.3706359863281,769.337158203125,28.216064453125,24.2091064453125
IMG_0029.mp4,5574,185.985985985986,29.97,803,1,traffic_lights,0.6299453377723694,749.091796875,749.6129760742188,764.3314208984375,782.134521484375,756.7116088867188,765.8737487792969,15.2396240234375,32.52154541015625
IMG_0029.mp4,5575,186.01935268601935,29.97,780,1,traffic_lights,0.909498929977417,1099.9271240234375,581.9588623046875,1137.104736328125,618.633544921875,1118.5159301757812,600.2962036132812,37.1776123046875,36.6746826171875
IMG_0029.mp4,5575,186.01935268601935,29.97,800,1,traffic_lights,0.7170159220695496,1290.1478271484375,723.199462890625,1316.5531005859375,759.227294921875,1303.3504638671875,741.21337890625,26.4052734375,36.02783203125
IMG_0029.mp4,5575,186.01935268601935,29.97,804,2,traffic_signs,0.6314120888710022,266.2884826660156,756.24462890625,294.8837585449219,780.4180297851562,280.58612060546875,768.3313293457031,28.59527587890625,24.17340087890625
IMG_0029.mp4,5575,186.01935268601935,29.97,803,1,traffic_lights,0.7686312794685364,745.6959228515625,748.79736328125,760.549072265625,779.8806762695312,753.1224975585938,764.3390197753906,14.8531494140625,31.08331298828125
IMG_0029.mp4,5576,186.05271938605273,29.97,780,1,traffic_lights,0.9249717593193054,1099.6749267578125,579.42333984375,1137.0230712890625,615.9783325195312,1118.3489990234375,597.7008361816406,37.34814453125,36.55499267578125
IMG_0029.mp4,5576,186.05271938605273,29.97,800,1,traffic_lights,0.6446129679679871,1291.571044921875,721.8101196289062,1319.303955078125,758.9170532226562,1305.4375,740.3635864257812,27.73291015625,37.10693359375
IMG_0029.mp4,5576,186.05271938605273,29.97,804,2,traffic_signs,0.3795205354690552,258.9308776855469,756.3781127929688,287.3584899902344,780.2886962890625,273.1446838378906,768.3334045410156,28.4276123046875,23.91058349609375
IMG_0029.mp4,5576,186.05271938605273,29.97,803,1,traffic_lights,0.779160737991333,742.2678833007812,748.3184814453125,757.6006469726562,778.7262573242188,749.9342651367188,763.5223693847656,15.332763671875,30.40777587890625
IMG_0029.mp4,5577,186.08608608608608,29.97,780,1,traffic_lights,0.9135861992835999,1099.0157470703125,576.917724609375,1136.7874755859375,614.1265869140625,1117.901611328125,595.5221557617188,37.771728515625,37.2088623046875
IMG_0029.mp4,5577,186.08608608608608,29.97,800,1,traffic_lights,0.7422564029693604,1293.20263671875,721.0936889648438,1322.5228271484375,758.1495971679688,1307.8627319335938,739.6216430664062,29.3201904296875,37.055908203125
IMG_0029.mp4,5577,186.08608608608608,29.97,804,2,traffic_signs,0.7162612080574036,251.28627014160156,754.586669921875,280.44989013671875,780.0994262695312,265.86808013916016,767.3430480957031,29.163619995117188,25.51275634765625
IMG_0029.mp4,5577,186.08608608608608,29.97,803,1,traffic_lights,0.6251664161682129,739.0132446289062,747.4918823242188,755.0518798828125,779.1234741210938,747.0325622558594,763.3076782226562,16.03863525390625,31.631591796875
IMG_0029.mp4,5578,186.11945278611947,29.97,780,1,traffic_lights,0.9161717891693115,1098.4600830078125,574.6954345703125,1136.8121337890625,612.7037963867188,1117.6361083984375,593.6996154785156,38.35205078125,38.00836181640625
IMG_0029.mp4,5578,186.11945278611947,29.97,800,1,traffic_lights,0.7462992072105408,1294.4324951171875,720.8704223632812,1324.198974609375,757.2833251953125,1309.3157348632812,739.0768737792969,29.7664794921875,36.41290283203125
IMG_0029.mp4,5578,186.11945278611947,29.97,804,2,traffic_signs,0.7980926036834717,246.4874267578125,754.4217529296875,276.0831604003906,779.9144897460938,261.28529357910156,767.1681213378906,29.595733642578125,25.49273681640625
IMG_0029.mp4,5578,186.11945278611947,29.97,803,1,traffic_lights,0.6935529708862305,736.6212768554688,746.8956909179688,753.7380981445312,780.0072631835938,745.1796875,763.4514770507812,17.1168212890625,33.111572265625
IMG_0029.mp4,5579,186.15281948615282,29.97,780,1,traffic_lights,0.8974693417549133,1098.1026611328125,572.0707397460938,1137.1707763671875,610.3991088867188,1117.63671875,591.2349243164062,39.068115234375,38.328369140625
IMG_0029.mp4,5579,186.15281948615282,29.97,800,1,traffic_lights,0.7056374549865723,1295.9176025390625,720.1815185546875,1326.2659912109375,756.5442504882812,1311.091796875,738.3628845214844,30.348388671875,36.36273193359375
IMG_0029.mp4,5579,186.15281948615282,29.97,804,2,traffic_signs,0.6578301787376404,238.82733154296875,754.2836303710938,268.3626403808594,780.15966796875,253.59498596191406,767.2216491699219,29.535308837890625,25.87603759765625
IMG_0029.mp4,5579,186.15281948615282,29.97,803,1,traffic_lights,0.6141578555107117,733.0703735351562,746.0065307617188,753.111328125,780.5836791992188,743.0908508300781,763.2951049804688,20.04095458984375,34.5771484375
IMG_0029.mp4,5580,186.1861861861862,29.97,780,1,traffic_lights,0.30609288811683655,1096.519287109375,569.2647094726562,1136.5611572265625,608.2640991210938,1116.5402221679688,588.764404296875,40.0418701171875,38.9993896484375
IMG_0029.mp4,5580,186.1861861861862,29.97,800,1,traffic_lights,0.43651390075683594,1297.1739501953125,719.3456420898438,1326.5794677734375,756.41162109375,1311.876708984375,737.8786315917969,29.405517578125,37.06597900390625
IMG_0029.mp4,5580,186.1861861861862,29.97,804,2,traffic_signs,0.6966462135314941,228.9609375,754.0150146484375,259.47528076171875,779.0507202148438,244.21810913085938,766.5328674316406,30.51434326171875,25.03570556640625
IMG_0029.mp4,5580,186.1861861861862,29.97,803,1,traffic_lights,0.7078912258148193,728.2984619140625,745.0350952148438,748.134765625,778.7334594726562,738.2166137695312,761.88427734375,19.8363037109375,33.6983642578125
IMG_0029.mp4,5581,186.21955288621956,29.97,780,1,traffic_lights,0.25763025879859924,1096.29833984375,567.4100952148438,1137.717041015625,606.62109375,1117.0076904296875,587.0155944824219,41.418701171875,39.21099853515625
IMG_0029.mp4,5581,186.21955288621956,29.97,800,1,traffic_lights,0.4498794972896576,1297.2548828125,718.4708862304688,1323.4765625,756.2151489257812,1310.36572265625,737.343017578125,26.2216796875,37.7442626953125
IMG_0029.mp4,5581,186.21955288621956,29.97,804,2,traffic_signs,0.636127769947052,219.89854431152344,753.1757202148438,251.26419067382812,778.6921997070312,235.58136749267578,765.9339599609375,31.365646362304688,25.5164794921875
IMG_0029.mp4,5581,186.21955288621956,29.97,803,1,traffic_lights,0.6929529309272766,724.1448974609375,744.4659423828125,743.5504760742188,778.572509765625,733.8476867675781,761.5192260742188,19.40557861328125,34.1065673828125
IMG_0029.mp4,5582,186.25291958625291,29.97,780,1,traffic_lights,0.8676585555076599,1095.9014892578125,565.053955078125,1137.36181640625,604.6953735351562,1116.6316528320312,584.8746643066406,41.4603271484375,39.64141845703125
IMG_0029.mp4,5582,186.25291958625291,29.97,800,1,traffic_lights,0.5097777247428894,1299.097412109375,716.9998779296875,1324.030029296875,755.0899658203125,1311.563720703125,736.044921875,24.9326171875,38.090087890625
IMG_0029.mp4,5582,186.25291958625291,29.97,804,2,traffic_signs,0.8077601194381714,213.09022521972656,751.787109375,244.554931640625,777.5990600585938,228.82257843017578,764.6930847167969,31.464706420898438,25.81195068359375
IMG_0029.mp4,5582,186.25291958625291,29.97,803,1,traffic_lights,0.5074929594993591,720.205322265625,743.53271484375,739.410400390625,777.0924682617188,729.807861328125,760.3125915527344,19.205078125,33.55975341796875
IMG_0029.mp4,5583,186.2862862862863,29.97,780,1,traffic_lights,0.8701783418655396,1095.1566162109375,562.3013916015625,1136.5609130859375,602.0991821289062,1115.8587646484375,582.2002868652344,41.404296875,39.79779052734375
IMG_0029.mp4,5583,186.2862862862863,29.97,800,1,traffic_lights,0.5282865166664124,1299.8470458984375,716.0746459960938,1324.2890625,754.8325805664062,1312.0680541992188,735.45361328125,24.4420166015625,38.7579345703125
IMG_0029.mp4,5583,186.2862862862863,29.97,804,2,traffic_signs,0.819372832775116,204.06021118164062,751.705322265625,236.32615661621094,777.7823486328125,220.19318389892578,764.7438354492188,32.26594543457031,26.0770263671875
IMG_0029.mp4,5583,186.2862862862863,29.97,803,1,traffic_lights,0.7595773339271545,715.3003540039062,742.8457641601562,734.1882934570312,777.2935791015625,724.7443237304688,760.0696716308594,18.887939453125,34.44781494140625
IMG_0029.mp4,5584,186.31965298631965,29.97,780,1,traffic_lights,0.4747139811515808,1094.30712890625,559.23583984375,1135.7674560546875,599.3994140625,1115.0372924804688,579.317626953125,41.4603271484375,40.16357421875
IMG_0029.mp4,5584,186.31965298631965,29.97,800,1,traffic_lights,0.5584741830825806,1302.3046875,715.4400024414062,1325.1453857421875,754.576171875,1313.7250366210938,735.0080871582031,22.8406982421875,39.13616943359375
IMG_0029.mp4,5584,186.31965298631965,29.97,804,2,traffic_signs,0.800319492816925,194.8613739013672,749.6912231445312,227.2746124267578,776.2061157226562,211.0679931640625,762.9486694335938,32.413238525390625,26.514892578125
IMG_0029.mp4,5584,186.31965298631965,29.97,803,1,traffic_lights,0.7193601131439209,710.65087890625,741.9127197265625,730.5267333984375,776.18310546875,720.5888061523438,759.0479125976562,19.8758544921875,34.2703857421875
IMG_0029.mp4,5585,186.35301968635304,29.97,780,1,traffic_lights,0.8306936621665955,1094.504150390625,557.5178833007812,1136.5245361328125,597.2766723632812,1115.5143432617188,577.3972778320312,42.0203857421875,39.7587890625
IMG_0029.mp4,5585,186.35301968635304,29.97,800,1,traffic_lights,0.6437388062477112,1304.7705078125,713.8154296875,1327.5003662109375,753.5853271484375,1316.1354370117188,733.7003784179688,22.7298583984375,39.7698974609375
IMG_0029.mp4,5585,186.35301968635304,29.97,804,2,traffic_signs,0.7692067623138428,187.66249084472656,749.8562622070312,221.3154296875,776.2249755859375,204.48896026611328,763.0406188964844,33.65293884277344,26.36871337890625
IMG_0029.mp4,5585,186.35301968635304,29.97,803,1,traffic_lights,0.7586280107498169,708.2056274414062,741.1618041992188,728.8427124023438,776.2383422851562,718.524169921875,758.7000732421875,20.6370849609375,35.0765380859375
IMG_0029.mp4,5586,186.3863863863864,29.97,780,1,traffic_lights,0.895693838596344,1094.9656982421875,554.8536376953125,1137.411376953125,595.276123046875,1116.1885375976562,575.0648803710938,42.4456787109375,40.4224853515625
IMG_0029.mp4,5586,186.3863863863864,29.97,800,1,traffic_lights,0.6871597170829773,1307.8507080078125,712.385498046875,1328.556396484375,752.8003540039062,1318.2035522460938,732.5929260253906,20.7056884765625,40.41485595703125
IMG_0029.mp4,5586,186.3863863863864,29.97,804,2,traffic_signs,0.742752730846405,180.6803436279297,749.850830078125,214.43368530273438,775.9818725585938,197.55701446533203,762.9163513183594,33.75334167480469,26.13104248046875
IMG_0029.mp4,5586,186.3863863863864,29.97,803,1,traffic_lights,0.7743961811065674,705.015380859375,740.612548828125,725.2346801757812,776.70849609375,715.1250305175781,758.6605224609375,20.21929931640625,36.095947265625
IMG_0029.mp4,5587,186.41975308641975,29.97,780,1,traffic_lights,0.882152259349823,1094.426513671875,551.676025390625,1137.780029296875,593.2020263671875,1116.103271484375,572.4390258789062,43.353515625,41.5260009765625
IMG_0029.mp4,5587,186.41975308641975,29.97,800,1,traffic_lights,0.6895957589149475,1309.76318359375,710.9032592773438,1329.208984375,751.1172485351562,1319.486083984375,731.01025390625,19.44580078125,40.2139892578125
IMG_0029.mp4,5587,186.41975308641975,29.97,804,2,traffic_signs,0.6285748481750488,171.32113647460938,748.5184936523438,205.0782012939453,775.1334228515625,188.19966888427734,761.8259582519531,33.75706481933594,26.61492919921875
IMG_0029.mp4,5587,186.41975308641975,29.97,803,1,traffic_lights,0.6852439045906067,700.3836669921875,739.9171752929688,722.211181640625,776.2901611328125,711.2974243164062,758.1036682128906,21.8275146484375,36.37298583984375
IMG_0029.mp4,5588,186.45311978645313,29.97,780,1,traffic_lights,0.9171438813209534,1092.8985595703125,548.4472045898438,1136.5225830078125,590.2687377929688,1114.7105712890625,569.3579711914062,43.6240234375,41.821533203125
IMG_0029.mp4,5588,186.45311978645313,29.97,800,1,traffic_lights,0.6481471061706543,1310.6639404296875,710.4229125976562,1330.8369140625,750.3985595703125,1320.7504272460938,730.4107360839844,20.1729736328125,39.97564697265625
IMG_0029.mp4,5589,186.48648648648648,29.97,780,1,traffic_lights,0.9037334322929382,1092.5946044921875,546.282470703125,1136.59814453125,588.1827392578125,1114.5963745117188,567.2326049804688,44.0035400390625,41.9002685546875
IMG_0029.mp4,5589,186.48648648648648,29.97,800,1,traffic_lights,0.6700243353843689,1312.6812744140625,709.4447021484375,1335.1092529296875,749.1395874023438,1323.895263671875,729.2921447753906,22.427978515625,39.69488525390625
IMG_0029.mp4,5590,186.51985318651987,29.97,780,1,traffic_lights,0.9172070622444153,1092.1365966796875,544.05712890625,1136.9715576171875,586.9922485351562,1114.5540771484375,565.5246887207031,44.8349609375,42.93511962890625
IMG_0029.mp4,5590,186.51985318651987,29.97,800,1,traffic_lights,0.6631054878234863,1314.7249755859375,709.1753540039062,1337.12255859375,748.7802124023438,1325.9237670898438,728.977783203125,22.3975830078125,39.6048583984375
IMG_0029.mp4,5591,186.55321988655322,29.97,780,1,traffic_lights,0.8938822150230408,1091.942626953125,541.06787109375,1136.677734375,584.49072265625,1114.3101806640625,562.779296875,44.735107421875,43.4228515625
IMG_0029.mp4,5591,186.55321988655322,29.97,800,1,traffic_lights,0.6892200112342834,1317.0970458984375,707.6604614257812,1338.750244140625,747.6882934570312,1327.9236450195312,727.6743774414062,21.6531982421875,40.02783203125
IMG_0029.mp4,5592,186.5865865865866,29.97,780,1,traffic_lights,0.88950514793396,1091.3297119140625,538.2266235351562,1136.5098876953125,582.3433837890625,1113.9197998046875,560.2850036621094,45.18017578125,44.11676025390625
IMG_0029.mp4,5592,186.5865865865866,29.97,800,1,traffic_lights,0.6944267153739929,1318.6221923828125,706.2592163085938,1339.626220703125,746.8567504882812,1329.1242065429688,726.5579833984375,21.0040283203125,40.5975341796875
IMG_0029.mp4,5593,186.61995328661996,29.97,780,1,traffic_lights,0.8849808573722839,1090.81591796875,535.5784301757812,1136.3525390625,579.58056640625,1113.584228515625,557.5794982910156,45.53662109375,44.00213623046875
IMG_0029.mp4,5593,186.61995328661996,29.97,800,1,traffic_lights,0.6950278282165527,1320.8804931640625,705.6077880859375,1342.5670166015625,745.8624267578125,1331.7237548828125,725.735107421875,21.6865234375,40.254638671875
IMG_0029.mp4,5594,186.65331998665332,29.97,780,1,traffic_lights,0.8987741470336914,1090.853759765625,532.9856567382812,1136.8721923828125,577.2251586914062,1113.8629760742188,555.1054077148438,46.0184326171875,44.239501953125
IMG_0029.mp4,5594,186.65331998665332,29.97,800,1,traffic_lights,0.6010791659355164,1321.8572998046875,704.6508178710938,1348.19921875,745.4405517578125,1335.0282592773438,725.0456848144531,26.3419189453125,40.78973388671875
IMG_0029.mp4,5594,186.65331998665332,29.97,818,1,traffic_lights,0.7386134266853333,670.591064453125,733.0322875976562,699.39697265625,770.025390625,684.9940185546875,751.5288391113281,28.805908203125,36.99310302734375
IMG_0029.mp4,5595,186.6866866866867,29.97,780,1,traffic_lights,0.881057620048523,1090.5836181640625,529.779296875,1136.6661376953125,574.107421875,1113.6248779296875,551.943359375,46.08251953125,44.328125
IMG_0029.mp4,5595,186.6866866866867,29.97,800,1,traffic_lights,0.8217954635620117,1323.504638671875,706.0621337890625,1358.93994140625,743.8233032226562,1341.2222900390625,724.9427185058594,35.435302734375,37.76116943359375
IMG_0029.mp4,5595,186.6866866866867,29.97,818,1,traffic_lights,0.7061821222305298,664.3054809570312,732.0317993164062,692.1542358398438,770.1781616210938,678.2298583984375,751.10498046875,27.8487548828125,38.1463623046875
IMG_0029.mp4,5596,186.72005338672005,29.97,780,1,traffic_lights,0.8928990364074707,1089.842529296875,526.9087524414062,1136.8341064453125,571.7175903320312,1113.3383178710938,549.3131713867188,46.9915771484375,44.808837890625
IMG_0029.mp4,5596,186.72005338672005,29.97,800,1,traffic_lights,0.7912492156028748,1325.147705078125,704.1728515625,1363.9620361328125,743.5571899414062,1344.5548706054688,723.8650207519531,38.8143310546875,39.38433837890625
IMG_0029.mp4,5596,186.72005338672005,29.97,818,1,traffic_lights,0.775704562664032,660.799560546875,730.9092407226562,692.3187255859375,768.7614135742188,676.5591430664062,749.8353271484375,31.5191650390625,37.8521728515625
IMG_0029.mp4,5597,186.75342008675344,29.97,780,1,traffic_lights,0.8837828636169434,1089.23779296875,523.9466552734375,1136.313232421875,568.8387451171875,1112.7755126953125,546.3927001953125,47.075439453125,44.89208984375
IMG_0029.mp4,5597,186.75342008675344,29.97,800,1,traffic_lights,0.803843080997467,1327.7850341796875,701.4185791015625,1368.1522216796875,742.9076538085938,1347.9686279296875,722.1631164550781,40.3671875,41.48907470703125
IMG_0029.mp4,5597,186.75342008675344,29.97,818,1,traffic_lights,0.7613474130630493,656.1312255859375,729.7110595703125,689.3389282226562,768.1796875,672.7350769042969,748.9453735351562,33.20770263671875,38.4686279296875
IMG_0029.mp4,5598,186.7867867867868,29.97,780,1,traffic_lights,0.8914719223976135,1088.612548828125,519.5910034179688,1136.4866943359375,565.8150024414062,1112.5496215820312,542.7030029296875,47.8741455078125,46.2239990234375
IMG_0029.mp4,5598,186.7867867867868,29.97,800,1,traffic_lights,0.38606858253479004,1330.9422607421875,698.353759765625,1370.408935546875,742.1812133789062,1350.6755981445312,720.2674865722656,39.4666748046875,43.82745361328125
IMG_0029.mp4,5598,186.7867867867868,29.97,818,1,traffic_lights,0.6762360334396362,651.29931640625,729.8033447265625,684.7085571289062,767.3363647460938,668.0039367675781,748.5698547363281,33.40924072265625,37.53302001953125
IMG_0029.mp4,5599,186.82015348682017,29.97,780,1,traffic_lights,0.879593014717102,1087.3599853515625,516.0222778320312,1135.62939453125,562.4862670898438,1111.4946899414062,539.2542724609375,48.2694091796875,46.4639892578125
IMG_0029.mp4,5599,186.82015348682017,29.97,800,1,traffic_lights,0.831983208656311,1332.5484619140625,696.5321044921875,1372.536865234375,740.1962890625,1352.5426635742188,718.3641967773438,39.9884033203125,43.6641845703125
IMG_0029.mp4,5599,186.82015348682017,29.97,818,1,traffic_lights,0.7291385531425476,646.2584838867188,728.6239624023438,681.0713500976562,765.6251831054688,663.6649169921875,747.1245727539062,34.8128662109375,37.001220703125
IMG_0029.mp4,5600,186.85352018685353,29.97,780,1,traffic_lights,0.870216965675354,1086.2208251953125,512.3792114257812,1135.30224609375,559.7374267578125,1110.7615356445312,536.0583190917969,49.0814208984375,47.35821533203125
IMG_0029.mp4,5600,186.85352018685353,29.97,800,1,traffic_lights,0.4909663498401642,1334.676513671875,695.49609375,1374.307861328125,738.9735717773438,1354.4921875,717.2348327636719,39.63134765625,43.47747802734375
IMG_0029.mp4,5600,186.85352018685353,29.97,818,1,traffic_lights,0.7349284887313843,641.3060302734375,728.3792724609375,675.7710571289062,765.44384765625,658.5385437011719,746.9115600585938,34.46502685546875,37.0645751953125
IMG_0029.mp4,5601,186.88688688688688,29.97,780,1,traffic_lights,0.860294759273529,1085.1885986328125,508.17706298828125,1134.5526123046875,556.44921875,1109.87060546875,532.3131408691406,49.364013671875,48.27215576171875
IMG_0029.mp4,5601,186.88688688688688,29.97,800,1,traffic_lights,0.6579650044441223,1336.58056640625,694.0834350585938,1377.7911376953125,738.293212890625,1357.1858520507812,716.1883239746094,41.2105712890625,44.20977783203125
IMG_0029.mp4,5601,186.88688688688688,29.97,818,1,traffic_lights,0.5129318237304688,634.8192749023438,727.1587524414062,669.5878295898438,765.2575073242188,652.2035522460938,746.2081298828125,34.7685546875,38.0987548828125
IMG_0029.mp4,5602,186.92025358692027,29.97,780,1,traffic_lights,0.8778720498085022,1084.0203857421875,503.9366760253906,1134.0643310546875,552.9026489257812,1109.0423583984375,528.4196624755859,50.0439453125,48.965972900390625
IMG_0029.mp4,5602,186.92025358692027,29.97,800,1,traffic_lights,0.7600199580192566,1338.7366943359375,691.837890625,1380.1285400390625,737.6866455078125,1359.4326171875,714.7622680664062,41.391845703125,45.8487548828125
IMG_0029.mp4,5603,186.95362028695362,29.97,780,1,traffic_lights,0.8725128173828125,1083.990966796875,500.8622741699219,1134.5426025390625,549.2432250976562,1109.2667846679688,525.0527496337891,50.5516357421875,48.380950927734375
IMG_0029.mp4,5603,186.95362028695362,29.97,800,1,traffic_lights,0.8009665608406067,1342.721435546875,689.9935913085938,1384.637939453125,736.0648803710938,1363.6796875,713.0292358398438,41.91650390625,46.0712890625
IMG_0029.mp4,5603,186.95362028695362,29.97,818,1,traffic_lights,0.677189290523529,622.9461059570312,724.0363159179688,659.3453369140625,764.702880859375,641.1457214355469,744.3695983886719,36.39923095703125,40.66656494140625
IMG_0029.mp4,5604,186.986986986987,29.97,780,1,traffic_lights,0.851606011390686,1082.706298828125,496.81512451171875,1133.56884765625,546.4959716796875,1108.1375732421875,521.6555480957031,50.862548828125,49.68084716796875
IMG_0029.mp4,5604,186.986986986987,29.97,800,1,traffic_lights,0.8223974704742432,1345.311279296875,688.5895385742188,1385.93359375,735.061279296875,1365.6224365234375,711.8254089355469,40.622314453125,46.47174072265625
IMG_0029.mp4,5604,186.986986986987,29.97,818,1,traffic_lights,0.683605968952179,617.1096801757812,723.0255737304688,654.457763671875,764.75927734375,635.7837219238281,743.8924255371094,37.34808349609375,41.73370361328125
IMG_0029.mp4,5605,187.02035368702036,29.97,780,1,traffic_lights,0.8747299909591675,1082.22998046875,493.0334167480469,1133.8192138671875,543.0214233398438,1108.0245971679688,518.0274200439453,51.5892333984375,49.988006591796875
IMG_0029.mp4,5605,187.02035368702036,29.97,800,1,traffic_lights,0.8161701560020447,1346.719970703125,686.895263671875,1382.0972900390625,733.5821533203125,1364.4086303710938,710.2387084960938,35.3773193359375,46.6868896484375
IMG_0029.mp4,5606,187.05372038705372,29.97,780,1,traffic_lights,0.8728058934211731,1081.2799072265625,489.9046630859375,1133.4716796875,539.6156005859375,1107.3757934570312,514.7601318359375,52.1917724609375,49.7109375
IMG_0029.mp4,5606,187.05372038705372,29.97,800,1,traffic_lights,0.7676851153373718,1350.0379638671875,685.3983154296875,1380.7601318359375,732.7098388671875,1365.3990478515625,709.0540771484375,30.72216796875,47.3115234375
IMG_0029.mp4,5607,187.0870870870871,29.97,780,1,traffic_lights,0.8089175820350647,1082.08251953125,486.15850830078125,1133.064208984375,535.933349609375,1107.5733642578125,511.0459289550781,50.981689453125,49.77484130859375
IMG_0029.mp4,5607,187.0870870870871,29.97,800,1,traffic_lights,0.7590686678886414,1354.473388671875,683.6763916015625,1390.855712890625,731.6259765625,1372.66455078125,707.6511840820312,36.38232421875,47.9495849609375
IMG_0029.mp4,5608,187.12045378712045,29.97,780,1,traffic_lights,0.8529133200645447,1080.0809326171875,480.9559326171875,1132.792236328125,532.2981567382812,1106.4365844726562,506.6270446777344,52.7113037109375,51.34222412109375
IMG_0029.mp4,5608,187.12045378712045,29.97,800,1,traffic_lights,0.6737210154533386,1356.7430419921875,682.5394897460938,1394.7158203125,729.7332153320312,1375.7294311523438,706.1363525390625,37.9727783203125,47.1937255859375
IMG_0029.mp4,5608,187.12045378712045,29.97,833,2,traffic_signs,0.398866206407547,1355.75927734375,747.2314453125,1369.81103515625,769.361083984375,1362.78515625,758.2962646484375,14.0517578125,22.129638671875
IMG_0029.mp4,5609,187.15382048715384,29.97,780,1,traffic_lights,0.8505882620811462,1078.190673828125,476.78497314453125,1132.57666015625,527.8331298828125,1105.3836669921875,502.3090515136719,54.385986328125,51.04815673828125
IMG_0029.mp4,5609,187.15382048715384,29.97,800,1,traffic_lights,0.6598736643791199,1359.3599853515625,681.7258911132812,1395.5648193359375,728.24755859375,1377.46240234375,704.9867248535156,36.204833984375,46.52166748046875
IMG_0029.mp4,5609,187.15382048715384,29.97,833,2,traffic_signs,0.3411160409450531,1358.122314453125,746.1155395507812,1372.4830322265625,768.5455322265625,1365.3026733398438,757.3305358886719,14.3607177734375,22.42999267578125
IMG_0029.mp4,5610,187.1871871871872,29.97,780,1,traffic_lights,0.8158676624298096,1079.653564453125,473.04010009765625,1132.933837890625,524.2573852539062,1106.293701171875,498.64874267578125,53.2802734375,51.21728515625
IMG_0029.mp4,5610,187.1871871871872,29.97,800,1,traffic_lights,0.7666195631027222,1363.860107421875,679.873046875,1404.9921875,727.6325073242188,1384.4261474609375,703.7527770996094,41.132080078125,47.75946044921875
IMG_0029.mp4,5611,187.22055388722058,29.97,780,1,traffic_lights,0.865204393863678,1078.407470703125,468.7021789550781,1132.904296875,521.1311645507812,1105.6558837890625,494.9166717529297,54.496826171875,52.428985595703125
IMG_0029.mp4,5611,187.22055388722058,29.97,800,1,traffic_lights,0.7545677423477173,1367.229736328125,677.8385009765625,1405.3187255859375,726.2827758789062,1386.2742309570312,702.0606384277344,38.0889892578125,48.44427490234375
IMG_0029.mp4,5612,187.25392058725393,29.97,780,1,traffic_lights,0.8829423189163208,1076.5848388671875,464.4134521484375,1132.6092529296875,516.8441162109375,1104.5970458984375,490.6287841796875,56.0244140625,52.4306640625
IMG_0029.mp4,5612,187.25392058725393,29.97,800,1,traffic_lights,0.7972529530525208,1369.1793212890625,675.3743286132812,1401.582763671875,725.2445068359375,1385.3810424804688,700.3094177246094,32.4034423828125,49.87017822265625
IMG_0029.mp4,5613,187.28728728728728,29.97,780,1,traffic_lights,0.89348965883255,1074.8880615234375,459.3538818359375,1132.6728515625,513.00439453125,1103.7804565429688,486.17913818359375,57.7847900390625,53.6505126953125
IMG_0029.mp4,5613,187.28728728728728,29.97,800,1,traffic_lights,0.841191291809082,1372.3829345703125,672.228271484375,1400.293701171875,723.7029418945312,1386.3383178710938,697.9656066894531,27.9107666015625,51.47467041015625
IMG_0029.mp4,5614,187.32065398732067,29.97,780,1,traffic_lights,0.8840874433517456,1074.6927490234375,453.8612976074219,1133.3465576171875,509.0205383300781,1104.0196533203125,481.44091796875,58.65380859375,55.15924072265625
IMG_0029.mp4,5614,187.32065398732067,29.97,800,1,traffic_lights,0.7551975846290588,1376.3914794921875,669.3868408203125,1403.113525390625,721.0296020507812,1389.7525024414062,695.2082214355469,26.7220458984375,51.64276123046875
IMG_0029.mp4,5615,187.35402068735402,29.97,780,1,traffic_lights,0.6578158140182495,1078.3765869140625,448.46539306640625,1132.7039794921875,502.1695556640625,1105.540283203125,475.3174743652344,54.327392578125,53.70416259765625
IMG_0029.mp4,5615,187.35402068735402,29.97,800,1,traffic_lights,0.8165118098258972,1379.28857421875,664.8292846679688,1405.621826171875,717.7409057617188,1392.4552001953125,691.2850952148438,26.333251953125,52.91162109375
IMG_0029.mp4,5616,187.3873873873874,29.97,800,1,traffic_lights,0.8177900910377502,1383.6829833984375,664.0491333007812,1411.3272705078125,717.7738037109375,1397.505126953125,690.9114685058594,27.644287109375,53.72467041015625
IMG_0029.mp4,5617,187.42075408742076,29.97,800,1,traffic_lights,0.795135498046875,1385.12939453125,662.5225219726562,1415.156005859375,715.2815551757812,1400.1427001953125,688.9020385742188,30.026611328125,52.759033203125
IMG_0029.mp4,5617,187.42075408742076,29.97,780,1,traffic_lights,0.4714198112487793,1071.9091796875,438.01080322265625,1129.55859375,496.01678466796875,1100.73388671875,467.0137939453125,57.6494140625,58.0059814453125
IMG_0029.mp4,5618,187.45412078745412,29.97,800,1,traffic_lights,0.8086354732513428,1389.313720703125,659.2990112304688,1421.0792236328125,714.7985229492188,1405.1964721679688,687.0487670898438,31.7655029296875,55.49951171875
IMG_0029.mp4,5618,187.45412078745412,29.97,780,1,traffic_lights,0.5592392683029175,1070.2086181640625,432.5683288574219,1130.3687744140625,491.6231384277344,1100.2886962890625,462.0957336425781,60.16015625,59.0548095703125
IMG_0029.mp4,5619,187.4874874874875,29.97,800,1,traffic_lights,0.8624823689460754,1392.3597412109375,655.1567993164062,1423.193359375,712.79296875,1407.7765502929688,683.9748840332031,30.8336181640625,57.63616943359375
IMG_0029.mp4,5619,187.4874874874875,29.97,780,1,traffic_lights,0.6290451884269714,1068.166015625,425.8433837890625,1130.0966796875,486.65924072265625,1099.13134765625,456.2513122558594,61.9306640625,60.81585693359375
IMG_0029.mp4,5620,187.52085418752085,29.97,800,1,traffic_lights,0.8190089464187622,1396.06103515625,653.319580078125,1426.5948486328125,710.857421875,1411.3279418945312,682.0885009765625,30.5338134765625,57.537841796875
IMG_0029.mp4,5620,187.52085418752085,29.97,780,1,traffic_lights,0.40107303857803345,1066.6993408203125,420.417236328125,1131.016845703125,481.8757019042969,1098.8580932617188,451.14646911621094,64.3175048828125,61.458465576171875
IMG_0029.mp4,5621,187.55422088755424,29.97,800,1,traffic_lights,0.6095311641693115,1398.812255859375,651.9335327148438,1433.0638427734375,710.67578125,1415.9380493164062,681.3046569824219,34.2515869140625,58.74224853515625
IMG_0029.mp4,5621,187.55422088755424,29.97,780,1,traffic_lights,0.7847968339920044,1065.9173583984375,417.5898132324219,1131.0240478515625,478.77362060546875,1098.470703125,448.1817169189453,65.106689453125,61.183807373046875
IMG_0029.mp4,5622,187.5875875875876,29.97,800,1,traffic_lights,0.7464576959609985,1403.5147705078125,650.7413330078125,1439.141357421875,709.8650512695312,1421.3280639648438,680.3031921386719,35.6265869140625,59.12371826171875
IMG_0029.mp4,5622,187.5875875875876,29.97,780,1,traffic_lights,0.4924831986427307,1066.7039794921875,416.6463317871094,1130.8502197265625,477.6106262207031,1098.777099609375,447.12847900390625,64.146240234375,60.96429443359375
IMG_0029.mp4,5622,187.5875875875876,29.97,852,1,traffic_lights,0.4792200028896332,489.6781005859375,698.712158203125,516.1236572265625,748.6228637695312,502.90087890625,723.6675109863281,26.445556640625,49.91070556640625
IMG_0029.mp4,5623,187.62095428762098,29.97,800,1,traffic_lights,0.7745718955993652,1408.34033203125,648.4296264648438,1442.680419921875,707.8674926757812,1425.5103759765625,678.1485595703125,34.340087890625,59.4378662109375
IMG_0029.mp4,5623,187.62095428762098,29.97,780,1,traffic_lights,0.7541394233703613,1066.770751953125,410.69622802734375,1131.1591796875,472.9647216796875,1098.9649658203125,441.8304748535156,64.388427734375,62.26849365234375
IMG_0029.mp4,5623,187.62095428762098,29.97,852,1,traffic_lights,0.45914435386657715,480.7438049316406,695.6746826171875,507.5663757324219,748.0008544921875,494.15509033203125,721.8377685546875,26.82257080078125,52.326171875
IMG_0029.mp4,5623,187.62095428762098,29.97,853,1,traffic_lights,0.37459516525268555,1452.651611328125,662.1821899414062,1470.789794921875,702.3936157226562,1461.720703125,682.2879028320312,18.13818359375,40.21142578125
IMG_0029.mp4,5624,187.65432098765433,29.97,800,1,traffic_lights,0.4032689034938812,1412.9683837890625,644.3600463867188,1450.469482421875,706.7304077148438,1431.7189331054688,675.5452270507812,37.5010986328125,62.370361328125
IMG_0029.mp4,5624,187.65432098765433,29.97,780,1,traffic_lights,0.6326104998588562,1065.613037109375,405.0207214355469,1131.140625,467.89434814453125,1098.3768310546875,436.45753479003906,65.527587890625,62.873626708984375
IMG_0029.mp4,5624,187.65432098765433,29.97,852,1,traffic_lights,0.48998895287513733,472.312255859375,693.294189453125,498.38739013671875,746.2926635742188,485.3498229980469,719.7934265136719,26.07513427734375,52.99847412109375
IMG_0029.mp4,5625,187.68768768768768,29.97,800,1,traffic_lights,0.7819980978965759,1416.624755859375,641.9810180664062,1453.005859375,704.385986328125,1434.8153076171875,673.1835021972656,36.381103515625,62.40496826171875
IMG_0029.mp4,5625,187.68768768768768,29.97,780,1,traffic_lights,0.7604779005050659,1064.740966796875,398.69195556640625,1129.44384765625,460.9355163574219,1097.0924072265625,429.81373596191406,64.702880859375,62.243560791015625
IMG_0029.mp4,5625,187.68768768768768,29.97,852,1,traffic_lights,0.5124652981758118,462.7361755371094,688.9088745117188,488.49859619140625,745.647705078125,475.6173858642578,717.2782897949219,25.762420654296875,56.73883056640625
IMG_0029.mp4,5625,187.68768768768768,29.97,854,2,traffic_signs,0.45251327753067017,1398.9698486328125,735.3702392578125,1410.445068359375,763.37353515625,1404.7074584960938,749.3718872070312,11.4752197265625,28.0032958984375
IMG_0029.mp4,5625,187.68768768768768,29.97,855,1,traffic_lights,0.5534675717353821,1062.701904296875,393.96722412109375,1130.0709228515625,458.0426940917969,1096.3864135742188,426.0049591064453,67.3690185546875,64.07546997070312
IMG_0029.mp4,5625,187.68768768768768,29.97,853,1,traffic_lights,0.8291249871253967,1462.225830078125,655.5824584960938,1482.099853515625,699.0133666992188,1472.162841796875,677.2979125976562,19.8740234375,43.430908203125
IMG_0029.mp4,5626,187.72105438772107,29.97,800,1,traffic_lights,0.8208561539649963,1420.87744140625,640.2758178710938,1459.4429931640625,702.8045043945312,1440.1602172851562,671.5401611328125,38.5655517578125,62.5286865234375
IMG_0029.mp4,5626,187.72105438772107,29.97,854,2,traffic_signs,0.4998140335083008,1400.2227783203125,733.8158569335938,1413.130615234375,763.08154296875,1406.6766967773438,748.4486999511719,12.9078369140625,29.26568603515625
IMG_0029.mp4,5626,187.72105438772107,29.97,855,1,traffic_lights,0.3954789936542511,1060.576904296875,387.5240478515625,1130.3863525390625,452.6434020996094,1095.4816284179688,420.08372497558594,69.8094482421875,65.11935424804688
IMG_0029.mp4,5626,187.72105438772107,29.97,853,1,traffic_lights,0.8074905872344971,1466.3494873046875,651.9465942382812,1488.3553466796875,697.181640625,1477.3524169921875,674.5641174316406,22.005859375,45.23504638671875
IMG_0029.mp4,5627,187.75442108775442,29.97,800,1,traffic_lights,0.7992144227027893,1423.768798828125,639.7261352539062,1464.1993408203125,700.8089599609375,1443.9840698242188,670.2675476074219,40.4305419921875,61.08282470703125
IMG_0029.mp4,5627,187.75442108775442,29.97,855,1,traffic_lights,0.7715279459953308,1058.7528076171875,380.23858642578125,1128.593017578125,444.846435546875,1093.6729125976562,412.5425109863281,69.8402099609375,64.60784912109375
IMG_0029.mp4,5627,187.75442108775442,29.97,853,1,traffic_lights,0.8366883397102356,1471.6353759765625,648.8721923828125,1494.4261474609375,695.6931762695312,1483.03076171875,672.2826843261719,22.790771484375,46.82098388671875
IMG_0029.mp4,5628,187.7877877877878,29.97,800,1,traffic_lights,0.7529070973396301,1429.1285400390625,635.4942016601562,1470.170654296875,698.6273803710938,1449.6495971679688,667.060791015625,41.0421142578125,63.1331787109375
IMG_0029.mp4,5628,187.7877877877878,29.97,855,1,traffic_lights,0.35446709394454956,1056.6331787109375,373.4541015625,1128.81396484375,439.4709777832031,1092.7235717773438,406.46253967285156,72.1807861328125,66.01687622070312
IMG_0029.mp4,5628,187.7877877877878,29.97,853,1,traffic_lights,0.6258805990219116,1477.3011474609375,645.9843139648438,1500.9990234375,693.511474609375,1489.1500854492188,669.7478942871094,23.6978759765625,47.52716064453125
IMG_0029.mp4,5629,187.82115448782116,29.97,800,1,traffic_lights,0.8031959533691406,1435.0384521484375,630.6389770507812,1476.107666015625,696.2982788085938,1455.5730590820312,663.4686279296875,41.0692138671875,65.6593017578125
IMG_0029.mp4,5629,187.82115448782116,29.97,855,1,traffic_lights,0.6353910565376282,1055.1253662109375,365.9067077636719,1128.0447998046875,433.6414489746094,1091.5850830078125,399.7740783691406,72.91943359375,67.7347412109375
IMG_0029.mp4,5629,187.82115448782116,29.97,853,1,traffic_lights,0.7667345404624939,1483.390380859375,642.638916015625,1507.5955810546875,690.8152465820312,1495.4929809570312,666.7270812988281,24.2052001953125,48.17633056640625
IMG_0029.mp4,5630,187.85452118785452,29.97,800,1,traffic_lights,0.29398688673973083,1439.149658203125,628.5087890625,1481.885986328125,694.2503662109375,1460.517822265625,661.3795776367188,42.736328125,65.7415771484375
IMG_0029.mp4,5630,187.85452118785452,29.97,855,1,traffic_lights,0.5272194147109985,1053.14501953125,358.7626953125,1128.4078369140625,428.2123718261719,1090.7764282226562,393.48753356933594,75.2628173828125,69.44967651367188
IMG_0029.mp4,5630,187.85452118785452,29.97,853,1,traffic_lights,0.2644539773464203,1488.9581298828125,639.166015625,1515.0753173828125,688.8956298828125,1502.0167236328125,664.0308227539062,26.1171875,49.7296142578125
IMG_0029.mp4,5630,187.85452118785452,29.97,854,2,traffic_signs,0.4572429656982422,1409.95947265625,731.3594360351562,1423.4346923828125,760.9720458984375,1416.6970825195312,746.1657409667969,13.4752197265625,29.61260986328125
IMG_0029.mp4,5631,187.8878878878879,29.97,800,1,traffic_lights,0.4208308458328247,1444.457275390625,621.2973022460938,1487.6435546875,692.2806396484375,1466.0504150390625,656.7889709472656,43.186279296875,70.98333740234375
IMG_0029.mp4,5631,187.8878878878879,29.97,855,1,traffic_lights,0.34480929374694824,1051.722900390625,350.0790100097656,1128.059814453125,422.23968505859375,1089.891357421875,386.1593475341797,76.3369140625,72.16067504882812
IMG_0029.mp4,5631,187.8878878878879,29.97,854,2,traffic_signs,0.4588402807712555,1412.2906494140625,729.6104736328125,1426.60791015625,760.2825317382812,1419.4492797851562,744.9465026855469,14.3172607421875,30.67205810546875
IMG_0029.mp4,5632,187.92125458792125,29.97,855,1,traffic_lights,0.8175979256629944,1049.140380859375,342.4332275390625,1127.6214599609375,415.1463928222656,1088.3809204101562,378.78981018066406,78.4810791015625,72.71316528320312
IMG_0029.mp4,5632,187.92125458792125,29.97,854,2,traffic_signs,0.5891239047050476,1414.383544921875,728.4139404296875,1427.72705078125,759.0648193359375,1421.0552978515625,743.7393798828125,13.343505859375,30.65087890625
IMG_0029.mp4,5632,187.92125458792125,29.97,864,1,traffic_lights,0.6520131230354309,1091.68505859375,344.4707336425781,1126.4224853515625,411.7984924316406,1109.0537719726562,378.1346130371094,34.7374267578125,67.3277587890625
IMG_0029.mp4,5632,187.92125458792125,29.97,853,1,traffic_lights,0.6662527918815613,1500.886474609375,632.7059326171875,1529.2103271484375,683.9689331054688,1515.0484008789062,658.3374328613281,28.3238525390625,51.26300048828125
IMG_0029.mp4,5633,187.95462128795464,29.97,855,1,traffic_lights,0.9003815054893494,1046.5224609375,334.93499755859375,1126.42041015625,408.64141845703125,1086.471435546875,371.7882080078125,79.89794921875,73.7064208984375
IMG_0029.mp4,5633,187.95462128795464,29.97,854,2,traffic_signs,0.5836077928543091,1416.8583984375,727.8865966796875,1429.6932373046875,759.0809936523438,1423.2758178710938,743.4837951660156,12.8348388671875,31.19439697265625
IMG_0029.mp4,5633,187.95462128795464,29.97,853,1,traffic_lights,0.565528392791748,1507.0567626953125,628.6691284179688,1537.04833984375,681.4177856445312,1522.0525512695312,655.04345703125,29.9915771484375,52.7486572265625
IMG_0029.mp4,5633,187.95462128795464,29.97,800,1,traffic_lights,0.3763851523399353,1452.212646484375,612.0392456054688,1500.6973876953125,688.6940307617188,1476.4550170898438,650.3666381835938,48.4847412109375,76.65478515625
IMG_0029.mp4,5634,187.987987987988,29.97,855,1,traffic_lights,0.8009516596794128,1044.3900146484375,326.1712951660156,1125.578369140625,401.79791259765625,1084.9841918945312,363.98460388183594,81.1883544921875,75.62661743164062
IMG_0029.mp4,5634,187.987987987988,29.97,854,2,traffic_signs,0.7111753225326538,1419.30615234375,726.193603515625,1433.241455078125,758.2117309570312,1426.2738037109375,742.2026672363281,13.935302734375,32.01812744140625
IMG_0029.mp4,5634,187.987987987988,29.97,853,1,traffic_lights,0.8131402134895325,1513.833740234375,626.3064575195312,1544.48388671875,679.0836181640625,1529.1588134765625,652.6950378417969,30.650146484375,52.77716064453125
IMG_0029.mp4,5634,187.987987987988,29.97,865,2,traffic_signs,0.4681045711040497,1348.853515625,745.5917358398438,1361.685302734375,773.342529296875,1355.2694091796875,759.4671325683594,12.831787109375,27.75079345703125
IMG_0029.mp4,5635,188.02135468802138,29.97,855,1,traffic_lights,0.8640398979187012,1042.3714599609375,318.2334289550781,1125.616943359375,394.3910217285156,1083.9942016601562,356.3122253417969,83.2454833984375,76.1575927734375
IMG_0029.mp4,5635,188.02135468802138,29.97,854,2,traffic_signs,0.5997070074081421,1422.7965087890625,725.8282470703125,1436.1602783203125,756.6700439453125,1429.4783935546875,741.2491455078125,13.36376953125,30.841796875
IMG_0029.mp4,5635,188.02135468802138,29.97,865,2,traffic_signs,0.2785540521144867,1350.3580322265625,745.1331176757812,1363.676025390625,772.7332153320312,1357.0170288085938,758.9331665039062,13.3179931640625,27.60009765625
IMG_0029.mp4,5635,188.02135468802138,29.97,800,1,traffic_lights,0.8020910024642944,1462.53076171875,605.0746459960938,1515.294189453125,684.321533203125,1488.9124755859375,644.6980895996094,52.763427734375,79.24688720703125
IMG_0029.mp4,5636,188.05472138805473,29.97,855,1,traffic_lights,0.8923473954200745,1039.81396484375,310.25830078125,1124.6180419921875,387.1837158203125,1082.2160034179688,348.72100830078125,84.8040771484375,76.9254150390625
IMG_0029.mp4,5636,188.05472138805473,29.97,854,2,traffic_signs,0.42639774084091187,1425.7802734375,725.0446166992188,1438.8983154296875,755.7258911132812,1432.3392944335938,740.38525390625,13.1180419921875,30.6812744140625
IMG_0029.mp4,5636,188.05472138805473,29.97,867,1,traffic_lights,0.646836519241333,343.28631591796875,668.0661010742188,373.9765930175781,731.0594482421875,358.63145446777344,699.5627746582031,30.690277099609375,62.99334716796875
IMG_0029.mp4,5636,188.05472138805473,29.97,800,1,traffic_lights,0.723775327205658,1467.624755859375,599.6510009765625,1522.744140625,681.0169067382812,1495.1844482421875,640.3339538574219,55.119384765625,81.36590576171875
IMG_0029.mp4,5636,188.05472138805473,29.97,853,1,traffic_lights,0.35326212644577026,1527.636962890625,616.4610595703125,1560.903076171875,670.894775390625,1544.27001953125,643.6779174804688,33.26611328125,54.4337158203125
IMG_0029.mp4,5637,188.08808808808809,29.97,855,1,traffic_lights,0.5696403980255127,1069.00146484375,300.197265625,1123.623291015625,376.08740234375,1096.3123779296875,338.142333984375,54.621826171875,75.89013671875
IMG_0029.mp4,5637,188.08808808808809,29.97,854,2,traffic_signs,0.5820690989494324,1428.3848876953125,724.0872192382812,1442.05078125,755.602783203125,1435.2178344726562,739.8450012207031,13.6658935546875,31.51556396484375
IMG_0029.mp4,5637,188.08808808808809,29.97,867,1,traffic_lights,0.41916120052337646,330.9654541015625,665.9507446289062,362.8805847167969,729.8653564453125,346.9230194091797,697.9080505371094,31.915130615234375,63.91461181640625
IMG_0029.mp4,5637,188.08808808808809,29.97,800,1,traffic_lights,0.866571307182312,1470.1273193359375,593.2279052734375,1528.7489013671875,676.7683715820312,1499.4381103515625,634.9981384277344,58.62158203125,83.54046630859375
IMG_0029.mp4,5637,188.08808808808809,29.97,865,2,traffic_signs,0.7004905939102173,1352.7039794921875,743.6845092773438,1366.3563232421875,771.1627197265625,1359.5301513671875,757.4236145019531,13.65234375,27.47821044921875
IMG_0029.mp4,5638,188.12145478812147,29.97,855,1,traffic_lights,0.832596480846405,1079.35009765625,291.6338195800781,1122.080078125,367.29583740234375,1100.715087890625,329.46482849121094,42.72998046875,75.66201782226562
IMG_0029.mp4,5638,188.12145478812147,29.97,854,2,traffic_signs,0.3922716975212097,1430.8135986328125,722.2744140625,1444.9556884765625,753.9819946289062,1437.8846435546875,738.1282043457031,14.14208984375,31.70758056640625
IMG_0029.mp4,5638,188.12145478812147,29.97,800,1,traffic_lights,0.7543658018112183,1480.5281982421875,588.7449340820312,1536.9910888671875,674.3252563476562,1508.7596435546875,631.5350952148438,56.462890625,85.580322265625
IMG_0029.mp4,5638,188.12145478812147,29.97,865,2,traffic_signs,0.4380356967449188,1354.04736328125,742.898193359375,1367.7305908203125,771.2711791992188,1360.8889770507812,757.0846862792969,13.6832275390625,28.37298583984375
IMG_0029.mp4,5638,188.12145478812147,29.97,853,1,traffic_lights,0.4123496115207672,1544.8367919921875,608.8194580078125,1577.2652587890625,665.053466796875,1561.051025390625,636.9364624023438,32.428466796875,56.2340087890625
IMG_0029.mp4,5639,188.15482148815482,29.97,855,1,traffic_lights,0.7785269618034363,1079.990234375,282.7705078125,1121.720458984375,359.3329772949219,1100.8553466796875,321.05174255371094,41.730224609375,76.56246948242188
IMG_0029.mp4,5639,188.15482148815482,29.97,854,2,traffic_signs,0.6317500472068787,1433.3480224609375,721.2637939453125,1447.7752685546875,752.9710083007812,1440.5616455078125,737.1174011230469,14.42724609375,31.70721435546875
IMG_0029.mp4,5639,188.15482148815482,29.97,800,1,traffic_lights,0.4745757579803467,1484.8662109375,582.4365234375,1548.06494140625,679.9955444335938,1516.465576171875,631.2160339355469,63.19873046875,97.55902099609375
IMG_0029.mp4,5639,188.15482148815482,29.97,865,2,traffic_signs,0.356134831905365,1355.7548828125,742.0702514648438,1369.8150634765625,771.6900024414062,1362.7849731445312,756.880126953125,14.0601806640625,29.6197509765625
IMG_0029.mp4,5639,188.15482148815482,29.97,871,1,traffic_lights,0.640476644039154,1035.5777587890625,289.5537109375,1072.013671875,364.2546691894531,1053.7957153320312,326.90419006347656,36.4359130859375,74.70095825195312
IMG_0029.mp4,5639,188.15482148815482,29.97,872,1,traffic_lights,0.4952787756919861,1353.8885498046875,678.4186401367188,1362.1300048828125,703.0784912109375,1358.00927734375,690.7485656738281,8.241455078125,24.65985107421875
IMG_0029.mp4,5639,188.15482148815482,29.97,853,1,traffic_lights,0.44714316725730896,1551.1639404296875,602.0116577148438,1586.3724365234375,660.1851806640625,1568.7681884765625,631.0984191894531,35.20849609375,58.17352294921875
IMG_0029.mp4,5640,188.1881881881882,29.97,855,1,traffic_lights,0.6817367076873779,1077.7012939453125,274.138916015625,1120.8541259765625,351.9262390136719,1099.2777099609375,313.03257751464844,43.15283203125,77.78732299804688
IMG_0029.mp4,5640,188.1881881881882,29.97,865,2,traffic_signs,0.471586138010025,1357.59375,741.8593139648438,1371.5140380859375,770.8140869140625,1364.5538940429688,756.3367004394531,13.9202880859375,28.95477294921875
IMG_0029.mp4,5640,188.1881881881882,29.97,871,1,traffic_lights,0.8156003952026367,1033.07763671875,280.8632507324219,1066.7327880859375,357.03253173828125,1049.9052124023438,318.94789123535156,33.6551513671875,76.16928100585938
IMG_0029.mp4,5640,188.1881881881882,29.97,872,1,traffic_lights,0.4728453755378723,1354.9183349609375,677.6210327148438,1363.323974609375,702.3550415039062,1359.1211547851562,689.988037109375,8.4056396484375,24.7340087890625
IMG_0029.mp4,5640,188.1881881881882,29.97,853,1,traffic_lights,0.5946837067604065,1559.8717041015625,598.274169921875,1594.56298828125,657.08740234375,1577.2173461914062,627.6807861328125,34.6912841796875,58.813232421875
IMG_0029.mp4,5640,188.1881881881882,29.97,873,1,traffic_lights,0.39991122484207153,1044.435302734375,273.1959533691406,1122.0504150390625,356.044189453125,1083.2428588867188,314.6200714111328,77.6151123046875,82.84823608398438
IMG_0029.mp4,5641,188.22155488822156,29.97,855,1,traffic_lights,0.4812016785144806,1077.4974365234375,263.03656005859375,1120.2559814453125,343.4563903808594,1098.876708984375,303.24647521972656,42.758544921875,80.41983032226562
IMG_0029.mp4,5641,188.22155488822156,29.97,865,2,traffic_signs,0.26756352186203003,1359.6158447265625,740.8282470703125,1373.4056396484375,769.0770263671875,1366.5107421875,754.95263671875,13.789794921875,28.248779296875
IMG_0029.mp4,5641,188.22155488822156,29.97,871,1,traffic_lights,0.7893337607383728,1030.7884521484375,270.9988708496094,1064.16748046875,347.6273193359375,1047.4779663085938,309.31309509277344,33.3790283203125,76.62844848632812
IMG_0029.mp4,5641,188.22155488822156,29.97,872,1,traffic_lights,0.5518640875816345,1356.255615234375,676.7269287109375,1364.757080078125,701.1843872070312,1360.50634765625,688.9556579589844,8.50146484375,24.45745849609375
IMG_0029.mp4,5641,188.22155488822156,29.97,873,1,traffic_lights,0.48320138454437256,1060.797119140625,263.8006591796875,1120.6822509765625,346.7796325683594,1090.7396850585938,305.29014587402344,59.8851318359375,82.97897338867188
IMG_0029.mp4,5641,188.22155488822156,29.97,874,1,traffic_lights,0.730417788028717,274.6548767089844,656.1670532226562,311.63922119140625,724.8102416992188,293.1470489501953,690.4886474609375,36.984344482421875,68.6431884765625
IMG_0029.mp4,5641,188.22155488822156,29.97,800,1,traffic_lights,0.6116674542427063,1500.77001953125,572.8670043945312,1564.1141357421875,665.9110717773438,1532.4420776367188,619.3890380859375,63.3441162109375,93.0440673828125
IMG_0029.mp4,5642,188.25492158825492,29.97,871,1,traffic_lights,0.29772791266441345,1028.092041015625,259.0248718261719,1065.6475830078125,337.4507141113281,1046.8698120117188,298.23779296875,37.5555419921875,78.42584228515625
IMG_0029.mp4,5642,188.25492158825492,29.97,872,1,traffic_lights,0.5277341604232788,1356.6429443359375,675.7476196289062,1365.52099609375,701.1190185546875,1361.0819702148438,688.4333190917969,8.8780517578125,25.37139892578125
IMG_0029.mp4,5642,188.25492158825492,29.97,873,1,traffic_lights,0.8728768825531006,1029.9229736328125,252.69363403320312,1119.970458984375,340.2568664550781,1074.9467163085938,296.4752502441406,90.0474853515625,87.563232421875
IMG_0029.mp4,5642,188.25492158825492,29.97,874,1,traffic_lights,0.39003080129623413,260.9945068359375,652.7025756835938,298.13983154296875,723.0328979492188,279.5671691894531,687.8677368164062,37.14532470703125,70.330322265625
IMG_0029.mp4,5643,188.2882882882883,29.97,871,1,traffic_lights,0.8435232639312744,1024.526611328125,248.54275512695312,1060.6060791015625,329.5885314941406,1042.5663452148438,289.0656433105469,36.0794677734375,81.0457763671875
IMG_0029.mp4,5643,188.2882882882883,29.97,872,1,traffic_lights,0.6277161240577698,1357.567626953125,675.056884765625,1366.3709716796875,700.4696044921875,1361.9692993164062,687.7632446289062,8.8033447265625,25.4127197265625
IMG_0029.mp4,5643,188.2882882882883,29.97,853,1,traffic_lights,0.5840306878089905,1587.0653076171875,584.6759033203125,1627.2415771484375,646.923095703125,1607.1534423828125,615.7994995117188,40.17626953125,62.2471923828125
IMG_0029.mp4,5643,188.2882882882883,29.97,855,1,traffic_lights,0.8655588030815125,1077.25,240.40167236328125,1117.2003173828125,324.6155700683594,1097.2251586914062,282.5086212158203,39.9503173828125,84.21389770507812
IMG_0029.mp4,5643,188.2882882882883,29.97,865,2,traffic_signs,0.324433833360672,1361.8394775390625,739.449951171875,1375.816162109375,769.1495361328125,1368.8278198242188,754.2997436523438,13.9766845703125,29.6995849609375
IMG_0029.mp4,5643,188.2882882882883,29.97,800,1,traffic_lights,0.665109395980835,1514.2261962890625,564.0819091796875,1594.9891357421875,656.757080078125,1554.607666015625,610.4194946289062,80.762939453125,92.6751708984375
IMG_0029.mp4,5644,188.32165498832165,29.97,871,1,traffic_lights,0.8657428026199341,1020.985595703125,236.58120727539062,1057.3682861328125,320.88922119140625,1039.1769409179688,278.73521423339844,36.3826904296875,84.30801391601562
IMG_0029.mp4,5644,188.32165498832165,29.97,872,1,traffic_lights,0.6252155900001526,1358.078369140625,673.8221435546875,1367.362060546875,700.1344604492188,1362.72021484375,686.9783020019531,9.28369140625,26.31231689453125
IMG_0029.mp4,5644,188.32165498832165,29.97,853,1,traffic_lights,0.45300284028053284,1597.5107421875,578.3450317382812,1637.1309814453125,643.28564453125,1617.3208618164062,610.8153381347656,39.6202392578125,64.94061279296875
IMG_0029.mp4,5644,188.32165498832165,29.97,855,1,traffic_lights,0.40518999099731445,1071.810791015625,228.14122009277344,1115.315673828125,315.45806884765625,1093.563232421875,271.79964447021484,43.5048828125,87.31684875488281
IMG_0029.mp4,5644,188.32165498832165,29.97,800,1,traffic_lights,0.8630333542823792,1517.2293701171875,557.0677490234375,1596.145263671875,652.6739501953125,1556.6873168945312,604.870849609375,78.9158935546875,95.606201171875
IMG_0029.mp4,5644,188.32165498832165,29.97,874,1,traffic_lights,0.3916272222995758,227.03904724121094,648.6260986328125,267.15948486328125,718.9713745117188,247.0992660522461,683.7987365722656,40.12043762207031,70.34527587890625
IMG_0029.mp4,5645,188.35502168835504,29.97,871,1,traffic_lights,0.7082797884941101,1018.22607421875,226.66578674316406,1056.2601318359375,311.781982421875,1037.2431030273438,269.22388458251953,38.0340576171875,85.11619567871094
IMG_0029.mp4,5645,188.35502168835504,29.97,872,1,traffic_lights,0.5815277695655823,1358.942626953125,672.9044799804688,1368.912109375,699.8452758789062,1363.9273681640625,686.3748779296875,9.969482421875,26.9407958984375
IMG_0029.mp4,5645,188.35502168835504,29.97,853,1,traffic_lights,0.3395591676235199,1607.9140625,570.7217407226562,1648.01416015625,636.3028564453125,1627.964111328125,603.5122985839844,40.10009765625,65.58111572265625
IMG_0029.mp4,5645,188.35502168835504,29.97,800,1,traffic_lights,0.3330826759338379,1525.33056640625,548.845458984375,1620.5672607421875,651.623291015625,1572.9489135742188,600.234375,95.2366943359375,102.77783203125
IMG_0029.mp4,5645,188.35502168835504,29.97,873,1,traffic_lights,0.625933051109314,1014.0601196289062,220.27517700195312,1116.0718994140625,311.5789489746094,1065.0660095214844,265.92706298828125,102.01177978515625,91.30377197265625
IMG_0029.mp4,5646,188.3883883883884,29.97,871,1,traffic_lights,0.4732511639595032,1015.4934692382812,214.56568908691406,1055.4991455078125,301.6453857421875,1035.4963073730469,258.1055374145508,40.00567626953125,87.07969665527344
IMG_0029.mp4,5646,188.3883883883884,29.97,872,1,traffic_lights,0.5274303555488586,1359.8572998046875,672.53857421875,1370.1309814453125,699.72900390625,1364.994140625,686.1337890625,10.273681640625,27.1904296875
IMG_0029.mp4,5646,188.3883883883884,29.97,853,1,traffic_lights,0.4004894495010376,1618.325439453125,564.5758056640625,1660.5489501953125,631.8370361328125,1639.4371948242188,598.2064208984375,42.2235107421875,67.26123046875
IMG_0029.mp4,5646,188.3883883883884,29.97,855,1,traffic_lights,0.6052277088165283,1070.323486328125,206.1409149169922,1114.400390625,297.72650146484375,1092.3619384765625,251.93370819091797,44.076904296875,91.58558654785156
IMG_0029.mp4,5647,188.42175508842178,29.97,871,1,traffic_lights,0.34895867109298706,1012.3418579101562,200.8817596435547,1059.2491455078125,292.2306213378906,1035.7955017089844,246.55619049072266,46.90728759765625,91.34886169433594
IMG_0029.mp4,5647,188.42175508842178,29.97,872,1,traffic_lights,0.5119179487228394,1360.4954833984375,672.5187377929688,1370.7293701171875,699.3894653320312,1365.6124267578125,685.9541015625,10.23388671875,26.8707275390625
IMG_0029.mp4,5647,188.42175508842178,29.97,853,1,traffic_lights,0.874717116355896,1628.4576416015625,559.619384765625,1671.81640625,627.7454223632812,1650.1370239257812,593.6824035644531,43.3587646484375,68.12603759765625
IMG_0029.mp4,5647,188.42175508842178,29.97,855,1,traffic_lights,0.4565316438674927,1066.927978515625,195.44822692871094,1111.623779296875,289.8428649902344,1089.27587890625,242.64554595947266,44.69580078125,94.39463806152344
IMG_0029.mp4,5647,188.42175508842178,29.97,865,2,traffic_signs,0.27176305651664734,1367.2723388671875,737.1827392578125,1381.8128662109375,765.8018798828125,1374.5426025390625,751.4923095703125,14.54052734375,28.619140625
IMG_0029.mp4,5647,188.42175508842178,29.97,874,1,traffic_lights,0.6754692196846008,181.23411560058594,638.1427612304688,223.26565551757812,713.7123413085938,202.24988555908203,675.9275512695312,42.03153991699219,75.569580078125
IMG_0029.mp4,5647,188.42175508842178,29.97,800,1,traffic_lights,0.32531988620758057,1535.366455078125,535.0782470703125,1627.6865234375,644.493408203125,1581.5264892578125,589.7858276367188,92.320068359375,109.4151611328125
IMG_0029.mp4,5648,188.45512178845513,29.97,872,1,traffic_lights,0.397286981344223,1361.7642822265625,671.60595703125,1371.8924560546875,698.9909057617188,1366.828369140625,685.2984313964844,10.128173828125,27.38494873046875
IMG_0029.mp4,5648,188.45512178845513,29.97,853,1,traffic_lights,0.7771462798118591,1641.32275390625,557.5286865234375,1686.1812744140625,621.5850219726562,1663.7520141601562,589.5568542480469,44.8585205078125,64.05633544921875
IMG_0029.mp4,5648,188.45512178845513,29.97,865,2,traffic_signs,0.5406565070152283,1368.8818359375,736.485595703125,1383.379150390625,765.34228515625,1376.1304931640625,750.9139404296875,14.497314453125,28.856689453125
IMG_0029.mp4,5648,188.45512178845513,29.97,873,1,traffic_lights,0.5134286880493164,1010.63525390625,181.77984619140625,1108.6220703125,282.0216064453125,1059.628662109375,231.90072631835938,97.98681640625,100.24176025390625
IMG_0029.mp4,5649,188.48848848848849,29.97,853,1,traffic_lights,0.9000695943832397,1653.249267578125,559.9525146484375,1700.15771484375,618.9238891601562,1676.7034912109375,589.4382019042969,46.908447265625,58.97137451171875
IMG_0029.mp4,5649,188.48848848848849,29.97,865,2,traffic_signs,0.5969343781471252,1370.5704345703125,735.8671875,1385.018310546875,764.8784790039062,1377.7943725585938,750.3728332519531,14.4478759765625,29.01129150390625
IMG_0029.mp4,5649,188.48848848848849,29.97,871,1,traffic_lights,0.32528796792030334,1004.7337036132812,176.77992248535156,1046.95166015625,269.4631042480469,1025.8426818847656,223.12151336669922,42.21795654296875,92.68318176269531
IMG_0029.mp4,5649,188.48848848848849,29.97,855,1,traffic_lights,0.6645603179931641,1063.3599853515625,169.90402221679688,1106.451416015625,266.8098449707031,1084.9057006835938,218.35693359375,43.0914306640625,96.90582275390625
IMG_0029.mp4,5650,188.52185518852187,29.97,853,1,traffic_lights,0.8278039693832397,1666.90380859375,562.054931640625,1715.0587158203125,616.6898193359375,1690.9812622070312,589.3723754882812,48.1549072265625,54.6348876953125
IMG_0029.mp4,5650,188.52185518852187,29.97,865,2,traffic_signs,0.727590799331665,1371.7652587890625,735.1962280273438,1386.7525634765625,764.8479614257812,1379.2589111328125,750.0220947265625,14.9873046875,29.6517333984375
IMG_0029.mp4,5650,188.52185518852187,29.97,871,1,traffic_lights,0.4426368772983551,1000.7214965820312,160.30516052246094,1043.5443115234375,257.9001159667969,1022.1329040527344,209.1026382446289,42.82281494140625,97.59495544433594
IMG_0029.mp4,5650,188.52185518852187,29.97,855,1,traffic_lights,0.7745938301086426,1058.97509765625,154.9462127685547,1105.3795166015625,254.0921173095703,1082.1773071289062,204.5191650390625,46.4044189453125,99.14590454101562
IMG_0029.mp4,5650,188.52185518852187,29.97,854,2,traffic_signs,0.287659615278244,1468.9832763671875,708.9168701171875,1482.965576171875,744.938720703125,1475.9744262695312,726.9277954101562,13.9822998046875,36.0218505859375
IMG_0029.mp4,5650,188.52185518852187,29.97,872,1,traffic_lights,0.3963302969932556,1364.2132568359375,671.0337524414062,1373.351318359375,697.6503295898438,1368.7822875976562,684.342041015625,9.1380615234375,26.6165771484375
IMG_0029.mp4,5651,188.55522188855522,29.97,853,1,traffic_lights,0.5014305114746094,1677.7176513671875,565.3250122070312,1725.110107421875,610.9395141601562,1701.4138793945312,588.1322631835938,47.3924560546875,45.614501953125
IMG_0029.mp4,5651,188.55522188855522,29.97,865,2,traffic_signs,0.25395432114601135,1372.189697265625,735.2244873046875,1387.841064453125,765.26513671875,1380.015380859375,750.2448120117188,15.6513671875,30.0406494140625
IMG_0029.mp4,5651,188.55522188855522,29.97,854,2,traffic_signs,0.541199266910553,1471.516357421875,707.3624877929688,1486.080078125,744.5662231445312,1478.7982177734375,725.96435546875,14.563720703125,37.2037353515625
IMG_0029.mp4,5651,188.55522188855522,29.97,872,1,traffic_lights,0.4478333294391632,1364.5775146484375,671.2530517578125,1373.4490966796875,697.4548950195312,1369.0133056640625,684.3539733886719,8.87158203125,26.20184326171875
IMG_0029.mp4,5651,188.55522188855522,29.97,873,1,traffic_lights,0.8905071020126343,993.4844360351562,142.5749969482422,1106.210693359375,246.56723022460938,1049.8475646972656,194.57111358642578,112.72625732421875,103.99223327636719
IMG_0029.mp4,5652,188.5885885885886,29.97,865,2,traffic_signs,0.6240968704223633,1373.572998046875,734.7730102539062,1389.4949951171875,765.2730102539062,1381.5339965820312,750.0230102539062,15.9219970703125,30.5
IMG_0029.mp4,5652,188.5885885885886,29.97,854,2,traffic_signs,0.5894807577133179,1475.2208251953125,705.7796630859375,1490.0433349609375,744.6847534179688,1482.632080078125,725.2322082519531,14.822509765625,38.90509033203125
IMG_0029.mp4,5652,188.5885885885886,29.97,872,1,traffic_lights,0.5077837109565735,1365.7763671875,670.5219116210938,1374.5740966796875,696.8385009765625,1370.1752319335938,683.6802062988281,8.7977294921875,26.31658935546875
IMG_0029.mp4,5652,188.5885885885886,29.97,873,1,traffic_lights,0.9088718295097351,989.5667114257812,129.0187225341797,1104.981201171875,234.4698028564453,1047.2739562988281,181.7442626953125,115.41448974609375,105.45108032226562
IMG_0029.mp4,5653,188.62195528862196,29.97,865,2,traffic_signs,0.7597470879554749,1374.739990234375,733.869140625,1390.8055419921875,764.8612670898438,1382.7727661132812,749.3652038574219,16.0655517578125,30.99212646484375
IMG_0029.mp4,5653,188.62195528862196,29.97,854,2,traffic_signs,0.3767065405845642,1479.1800537109375,703.9049072265625,1494.1357421875,744.2343139648438,1486.6578979492188,724.0696105957031,14.9556884765625,40.32940673828125
IMG_0029.mp4,5653,188.62195528862196,29.97,872,1,traffic_lights,0.46889129281044006,1366.619140625,669.318359375,1375.2064208984375,695.476806640625,1370.9127807617188,682.3975830078125,8.5872802734375,26.158447265625
IMG_0029.mp4,5653,188.62195528862196,29.97,873,1,traffic_lights,0.38009876012802124,1007.78076171875,111.03164672851562,1101.16748046875,219.57911682128906,1054.47412109375,165.30538177490234,93.38671875,108.54747009277344
IMG_0029.mp4,5654,188.65532198865532,29.97,865,2,traffic_signs,0.7703315019607544,1375.882568359375,733.5275268554688,1392.0621337890625,764.5239868164062,1383.9723510742188,749.0257568359375,16.1795654296875,30.9964599609375
IMG_0029.mp4,5654,188.65532198865532,29.97,854,2,traffic_signs,0.43980470299720764,1482.7813720703125,703.2529907226562,1497.015869140625,742.4210205078125,1489.8986206054688,722.8370056152344,14.2344970703125,39.16802978515625
IMG_0029.mp4,5654,188.65532198865532,29.97,872,1,traffic_lights,0.5346390604972839,1367.189208984375,668.7060546875,1375.567626953125,694.7001342773438,1371.37841796875,681.7030944824219,8.37841796875,25.99407958984375
IMG_0029.mp4,5654,188.65532198865532,29.97,873,1,traffic_lights,0.4691757559776306,988.297119140625,95.94520568847656,1101.3131103515625,207.20755004882812,1044.8051147460938,151.57637786865234,113.0159912109375,111.26234436035156
IMG_0029.mp4,5654,188.65532198865532,29.97,884,2,traffic_signs,0.634056031703949,286.8221130371094,788.094482421875,311.13922119140625,823.7205810546875,298.9806671142578,805.9075317382812,24.317108154296875,35.6260986328125
IMG_0029.mp4,5654,188.65532198865532,29.97,874,1,traffic_lights,0.6018732786178589,40.938594818115234,611.2611083984375,104.1224136352539,711.758056640625,72.53050422668457,661.5095825195312,63.18381881713867,100.4969482421875
IMG_0029.mp4,5655,188.6886886886887,29.97,865,2,traffic_signs,0.737773597240448,1377.31005859375,733.181884765625,1393.7867431640625,763.8958129882812,1385.5484008789062,748.5388488769531,16.4766845703125,30.71392822265625
IMG_0029.mp4,5655,188.6886886886887,29.97,854,2,traffic_signs,0.5351055860519409,1486.101806640625,701.5045166015625,1500.208984375,741.700927734375,1493.1553955078125,721.6027221679688,14.107177734375,40.1964111328125
IMG_0029.mp4,5655,188.6886886886887,29.97,872,1,traffic_lights,0.5161955952644348,1368.041015625,668.0903930664062,1376.51806640625,694.3014526367188,1372.279541015625,681.1959228515625,8.47705078125,26.2110595703125
IMG_0029.mp4,5655,188.6886886886887,29.97,873,1,traffic_lights,0.7740916013717651,979.9614868164062,79.64798736572266,1098.70654296875,195.23094177246094,1039.3340148925781,137.4394645690918,118.74505615234375,115.58295440673828
IMG_0029.mp4,5655,188.6886886886887,29.97,884,2,traffic_signs,0.6603899598121643,271.40545654296875,788.3403930664062,296.4633483886719,825.1358642578125,283.9344024658203,806.7381286621094,25.057891845703125,36.79547119140625
IMG_0029.mp4,5655,188.6886886886887,29.97,874,1,traffic_lights,0.5608919858932495,12.933248519897461,606.7889404296875,81.02200317382812,711.8556518554688,46.97762584686279,659.3222961425781,68.08875465393066,105.06671142578125
IMG_0029.mp4,5656,188.72205538872205,29.97,865,2,traffic_signs,0.74905925989151,1379.6453857421875,732.3040771484375,1396.36572265625,762.89306640625,1388.0055541992188,747.5985717773438,16.7203369140625,30.5889892578125
IMG_0029.mp4,5656,188.72205538872205,29.97,854,2,traffic_signs,0.5196184515953064,1490.236328125,699.6681518554688,1504.5601806640625,740.7014770507812,1497.3982543945312,720.184814453125,14.3238525390625,41.0333251953125
IMG_0029.mp4,5656,188.72205538872205,29.97,872,1,traffic_lights,0.4843321740627289,1369.6514892578125,667.0971069335938,1378.1783447265625,693.6231689453125,1373.9149169921875,680.3601379394531,8.52685546875,26.52606201171875
IMG_0029.mp4,5656,188.72205538872205,29.97,873,1,traffic_lights,0.8810759782791138,972.0289306640625,62.25324249267578,1097.9232177734375,179.9456787109375,1034.97607421875,121.09946060180664,125.894287109375,117.69243621826172
IMG_0029.mp4,5656,188.72205538872205,29.97,884,2,traffic_signs,0.7771021723747253,256.4331970214844,788.5245971679688,281.0862731933594,825.9307861328125,268.7597351074219,807.2276916503906,24.653076171875,37.40618896484375
IMG_0029.mp4,5656,188.72205538872205,29.97,867,1,traffic_lights,0.7719089388847351,64.1113052368164,635.3056640625,122.89170837402344,726.6961669921875,93.50150680541992,681.0009155273438,58.78040313720703,91.3905029296875
IMG_0029.mp4,5657,188.75542208875544,29.97,865,2,traffic_signs,0.7071729302406311,1381.094482421875,731.530517578125,1398.11669921875,762.4527587890625,1389.6055908203125,746.9916381835938,17.022216796875,30.9222412109375
IMG_0029.mp4,5657,188.75542208875544,29.97,872,1,traffic_lights,0.4805651009082794,1370.393798828125,666.0888061523438,1379.14990234375,693.25244140625,1374.7718505859375,679.6706237792969,8.756103515625,27.16363525390625
IMG_0029.mp4,5657,188.75542208875544,29.97,873,1,traffic_lights,0.7717525959014893,965.6243286132812,44.490020751953125,1096.7069091796875,165.07789611816406,1031.1656188964844,104.7839584350586,131.08258056640625,120.58787536621094
IMG_0029.mp4,5657,188.75542208875544,29.97,884,2,traffic_signs,0.6580139398574829,240.92967224121094,787.0242919921875,265.948974609375,826.2638549804688,253.43932342529297,806.6440734863281,25.019302368164062,39.23956298828125
IMG_0029.mp4,5657,188.75542208875544,29.97,867,1,traffic_lights,0.25617533922195435,35.60942077636719,631.5887451171875,101.71929931640625,728.8217163085938,68.66436004638672,680.2052307128906,66.10987854003906,97.23297119140625
IMG_0029.mp4,5658,188.7887887887888,29.97,865,2,traffic_signs,0.7021145224571228,1382.817626953125,730.6442260742188,1400.122802734375,761.887451171875,1391.47021484375,746.2658386230469,17.30517578125,31.24322509765625
IMG_0029.mp4,5658,188.7887887887888,29.97,872,1,traffic_lights,0.5252130627632141,1371.1385498046875,664.9359741210938,1380.0274658203125,691.7476196289062,1375.5830078125,678.341796875,8.888916015625,26.8116455078125
IMG_0029.mp4,5658,188.7887887887888,29.97,873,1,traffic_lights,0.8628637790679932,960.2267456054688,24.603605270385742,1092.6798095703125,150.39846801757812,1026.4532775878906,87.50103664398193,132.45306396484375,125.79486274719238
IMG_0029.mp4,5659,188.82215548882218,29.97,865,2,traffic_signs,0.6708053946495056,1384.2332763671875,729.9623413085938,1401.47021484375,761.260009765625,1392.8517456054688,745.6111755371094,17.2369384765625,31.29766845703125
IMG_0029.mp4,5659,188.82215548882218,29.97,872,1,traffic_lights,0.5610520839691162,1371.75,664.178466796875,1381.1123046875,690.750732421875,1376.43115234375,677.464599609375,9.3623046875,26.572265625
IMG_0029.mp4,5659,188.82215548882218,29.97,873,1,traffic_lights,0.8997319936752319,954.8331909179688,6.1755452156066895,1089.241943359375,133.3231201171875,1022.0375671386719,69.7493326663971,134.40875244140625,127.14757490158081
IMG_0029.mp4,5659,188.82215548882218,29.97,884,2,traffic_signs,0.5206191539764404,208.48355102539062,786.0170288085938,234.9243927001953,826.65966796875,221.70397186279297,806.3383483886719,26.440841674804688,40.64263916015625
IMG_0029.mp4,5660,188.85552218885553,29.97,865,2,traffic_signs,0.7355780005455017,1384.788330078125,729.965087890625,1402.1334228515625,760.7734985351562,1393.4608764648438,745.3692932128906,17.3450927734375,30.80841064453125
IMG_0029.mp4,5660,188.85552218885553,29.97,872,1,traffic_lights,0.5813051462173462,1371.7359619140625,664.2791137695312,1381.1868896484375,690.9982299804688,1376.46142578125,677.638671875,9.450927734375,26.7191162109375
IMG_0029.mp4,5660,188.85552218885553,29.97,873,1,traffic_lights,0.7692511081695557,950.7421264648438,0.0,1089.06298828125,120.04850006103516,1019.9025573730469,60.02425003051758,138.32086181640625,120.04850006103516
IMG_0029.mp4,5660,188.85552218885553,29.97,884,2,traffic_signs,0.7733616828918457,195.45596313476562,785.8309326171875,221.2088623046875,826.69189453125,208.33241271972656,806.2614135742188,25.752899169921875,40.8609619140625
IMG_0029.mp4,5661,188.88888888888889,29.97,865,2,traffic_signs,0.73673015832901,1386.156005859375,729.4129638671875,1404.0419921875,760.0924682617188,1395.0989990234375,744.7527160644531,17.885986328125,30.67950439453125
IMG_0029.mp4,5661,188.88888888888889,29.97,872,1,traffic_lights,0.6151580810546875,1372.50146484375,663.4342041015625,1382.0394287109375,690.4383544921875,1377.2704467773438,676.936279296875,9.5379638671875,27.004150390625
IMG_0029.mp4,5661,188.88888888888889,29.97,873,1,traffic_lights,0.8413465023040771,943.429443359375,0.0,1085.7574462890625,102.29585266113281,1014.5934448242188,51.147926330566406,142.3280029296875,102.29585266113281
IMG_0029.mp4,5661,188.88888888888889,29.97,884,2,traffic_signs,0.7646236419677734,177.88497924804688,786.1701049804688,205.80235290527344,826.587890625,191.84366607666016,806.3789978027344,27.917373657226562,40.41778564453125
IMG_0029.mp4,5662,188.92225558892227,29.97,865,2,traffic_signs,0.5819161534309387,1387.2791748046875,728.6263427734375,1406.0570068359375,759.5836181640625,1396.6680908203125,744.10498046875,18.77783203125,30.957275390625
IMG_0029.mp4,5662,188.92225558892227,29.97,872,1,traffic_lights,0.6193795800209045,1373.0762939453125,663.0804443359375,1382.47412109375,689.74462890625,1377.7752075195312,676.4125366210938,9.3978271484375,26.6641845703125
IMG_0029.mp4,5662,188.92225558892227,29.97,873,1,traffic_lights,0.8825456500053406,937.3659057617188,0.0,1082.162109375,82.74946594238281,1009.7640075683594,41.374732971191406,144.79620361328125,82.74946594238281
IMG_0029.mp4,5662,188.92225558892227,29.97,855,1,traffic_lights,0.5977140069007874,1016.25341796875,1.5998075008392334,1079.372314453125,68.78086853027344,1047.8128662109375,35.190338015556335,63.118896484375,67.1810610294342
IMG_0029.mp4,5663,188.95562228895562,29.97,865,2,traffic_signs,0.8222475647926331,1388.505859375,728.018798828125,1407.6798095703125,759.7664184570312,1398.0928344726562,743.8926086425781,19.1739501953125,31.74761962890625
IMG_0029.mp4,5663,188.95562228895562,29.97,872,1,traffic_lights,0.5828312039375305,1373.6483154296875,662.1019897460938,1383.19873046875,689.1119995117188,1378.4235229492188,675.6069946289062,9.5504150390625,27.010009765625
IMG_0029.mp4,5663,188.95562228895562,29.97,873,1,traffic_lights,0.9200412631034851,931.0860595703125,0.0,1079.861328125,62.08146286010742,1005.4736938476562,31.04073143005371,148.7752685546875,62.08146286010742
IMG_0029.mp4,5664,188.988988988989,29.97,865,2,traffic_signs,0.8098489046096802,1389.8548583984375,727.3743896484375,1408.8988037109375,759.2711181640625,1399.3768310546875,743.32275390625,19.0439453125,31.896728515625
IMG_0029.mp4,5664,188.988988988989,29.97,872,1,traffic_lights,0.43130767345428467,1374.3480224609375,661.2393798828125,1383.7066650390625,688.3517456054688,1379.02734375,674.7955627441406,9.358642578125,27.11236572265625
IMG_0029.mp4,5664,188.988988988989,29.97,873,1,traffic_lights,0.5474740266799927,925.2412109375,0.0,1064.9852294921875,41.63413619995117,995.1132202148438,20.817068099975586,139.7440185546875,41.63413619995117
IMG_0029.mp4,5665,189.02235568902236,29.97,865,2,traffic_signs,0.8106761574745178,1391.7744140625,726.5144653320312,1410.8033447265625,758.3286743164062,1401.2888793945312,742.4215698242188,19.0289306640625,31.814208984375
IMG_0029.mp4,5665,189.02235568902236,29.97,872,1,traffic_lights,0.5912153720855713,1375.5283203125,660.7977905273438,1384.822021484375,687.2135620117188,1380.1751708984375,674.0056762695312,9.293701171875,26.415771484375
IMG_0029.mp4,5665,189.02235568902236,29.97,896,2,traffic_signs,0.8049253225326538,1828.2586669921875,672.6759033203125,1854.50830078125,711.0181274414062,1841.3834838867188,691.8470153808594,26.2496337890625,38.34222412109375
IMG_0029.mp4,5666,189.05572238905572,29.97,865,2,traffic_signs,0.823106050491333,1392.775390625,725.3927612304688,1411.731689453125,757.519775390625,1402.2535400390625,741.4562683105469,18.956298828125,32.12701416015625
IMG_0029.mp4,5666,189.05572238905572,29.97,872,1,traffic_lights,0.3415006697177887,1375.814697265625,660.60498046875,1384.8533935546875,687.2061157226562,1380.3340454101562,673.9055480957031,9.0386962890625,26.60113525390625
IMG_0029.mp4,5667,189.0890890890891,29.97,865,2,traffic_signs,0.35331663489341736,1393.847412109375,724.4191284179688,1413.3160400390625,756.9071655273438,1403.5817260742188,740.6631469726562,19.4686279296875,32.488037109375
IMG_0029.mp4,5667,189.0890890890891,29.97,872,1,traffic_lights,0.5549187660217285,1376.2410888671875,660.1866455078125,1385.25634765625,686.7295532226562,1380.7487182617188,673.4580993652344,9.0152587890625,26.54290771484375
IMG_0029.mp4,5668,189.12245578912245,29.97,865,2,traffic_signs,0.8499420285224915,1394.80908203125,723.25048828125,1414.4288330078125,756.6068725585938,1404.6189575195312,739.9286804199219,19.6197509765625,33.35638427734375
IMG_0029.mp4,5668,189.12245578912245,29.97,872,1,traffic_lights,0.5742670297622681,1376.65234375,659.6456909179688,1385.6990966796875,685.8896484375,1381.1757202148438,672.7676696777344,9.0467529296875,26.24395751953125
IMG_0029.mp4,5669,189.15582248915584,29.97,865,2,traffic_signs,0.8474674820899963,1396.181640625,722.8541870117188,1416.47900390625,756.9585571289062,1406.330322265625,739.9063720703125,20.29736328125,34.1043701171875
IMG_0029.mp4,5669,189.15582248915584,29.97,872,1,traffic_lights,0.6033798456192017,1377.357666015625,658.8794555664062,1386.6761474609375,685.2155151367188,1382.0169067382812,672.0474853515625,9.3184814453125,26.3360595703125
IMG_0029.mp4,5669,189.15582248915584,29.97,854,2,traffic_signs,0.5463006496429443,1513.078857421875,683.699462890625,1534.3055419921875,729.8040161132812,1523.6921997070312,706.7517395019531,21.2266845703125,46.10455322265625
IMG_0029.mp4,5670,189.1891891891892,29.97,865,2,traffic_signs,0.8546781539916992,1397.6556396484375,722.4111328125,1418.548095703125,757.4111328125,1408.1018676757812,739.9111328125,20.8924560546875,35.0
IMG_0029.mp4,5670,189.1891891891892,29.97,872,1,traffic_lights,0.6195551156997681,1377.964111328125,658.2649536132812,1387.31494140625,684.6241455078125,1382.6395263671875,671.4445495605469,9.350830078125,26.35919189453125
IMG_0029.mp4,5670,189.1891891891892,29.97,854,2,traffic_signs,0.5128922462463379,1516.130859375,682.6268920898438,1539.010009765625,728.9443359375,1527.5704345703125,705.7856140136719,22.879150390625,46.31744384765625
IMG_0029.mp4,5671,189.22255588922258,29.97,865,2,traffic_signs,0.866295576095581,1399.1871337890625,721.7888793945312,1420.3232421875,757.22998046875,1409.7551879882812,739.5094299316406,21.1361083984375,35.44110107421875
IMG_0029.mp4,5671,189.22255588922258,29.97,872,1,traffic_lights,0.6180965304374695,1378.51025390625,657.5687255859375,1387.8060302734375,684.1658325195312,1383.1581420898438,670.8672790527344,9.2957763671875,26.59710693359375
IMG_0029.mp4,5671,189.22255588922258,29.97,854,2,traffic_signs,0.7736174464225769,1519.3148193359375,681.0838623046875,1543.6016845703125,727.8499755859375,1531.458251953125,704.4669189453125,24.286865234375,46.76611328125
IMG_0029.mp4,5672,189.25592258925593,29.97,865,2,traffic_signs,0.8813784718513489,1400.85302734375,721.3259887695312,1421.762451171875,756.6715087890625,1411.3077392578125,738.9987487792969,20.909423828125,35.34552001953125
IMG_0029.mp4,5672,189.25592258925593,29.97,872,1,traffic_lights,0.6243425011634827,1378.9798583984375,656.9364624023438,1388.216796875,683.5179443359375,1383.5983276367188,670.2272033691406,9.2369384765625,26.58148193359375
IMG_0029.mp4,5672,189.25592258925593,29.97,854,2,traffic_signs,0.6275783777236938,1522.96630859375,679.5104370117188,1547.949951171875,726.5654296875,1535.4581298828125,703.0379333496094,24.983642578125,47.05499267578125
IMG_0029.mp4,5673,189.2892892892893,29.97,865,2,traffic_signs,0.8683078289031982,1402.0528564453125,720.4027709960938,1423.2955322265625,755.6515502929688,1412.6741943359375,738.0271606445312,21.24267578125,35.248779296875
IMG_0029.mp4,5673,189.2892892892893,29.97,872,1,traffic_lights,0.6197625994682312,1379.334716796875,656.0428466796875,1388.6427001953125,682.794921875,1383.9887084960938,669.4188842773438,9.3079833984375,26.7520751953125
IMG_0029.mp4,5673,189.2892892892893,29.97,854,2,traffic_signs,0.5933929681777954,1527.2294921875,678.6172485351562,1554.0611572265625,725.0970458984375,1540.6453247070312,701.8571472167969,26.8316650390625,46.47979736328125
IMG_0029.mp4,5674,189.32265598932267,29.97,865,2,traffic_signs,0.8650334477424622,1403.379638671875,719.4485473632812,1425.040771484375,754.7223510742188,1414.210205078125,737.08544921875,21.6611328125,35.2738037109375
IMG_0029.mp4,5674,189.32265598932267,29.97,872,1,traffic_lights,0.6198578476905823,1379.8187255859375,655.1415405273438,1389.0909423828125,682.09765625,1384.454833984375,668.6195983886719,9.272216796875,26.95611572265625
IMG_0029.mp4,5674,189.32265598932267,29.97,854,2,traffic_signs,0.7861748933792114,1531.351806640625,677.0760498046875,1559.3397216796875,723.8660888671875,1545.3457641601562,700.4710693359375,27.9879150390625,46.7900390625
IMG_0029.mp4,5675,189.35602268935602,29.97,865,2,traffic_signs,0.6747819185256958,1404.5953369140625,718.5712280273438,1426.5909423828125,753.6369018554688,1415.5931396484375,736.1040649414062,21.99560546875,35.065673828125
IMG_0029.mp4,5675,189.35602268935602,29.97,872,1,traffic_lights,0.616205096244812,1380.1060791015625,654.3917236328125,1389.4666748046875,681.5227661132812,1384.786376953125,667.9572448730469,9.360595703125,27.13104248046875
IMG_0029.mp4,5675,189.35602268935602,29.97,854,2,traffic_signs,0.6750154495239258,1535.1336669921875,674.982421875,1564.7174072265625,722.1980590820312,1549.925537109375,698.5902404785156,29.583740234375,47.21563720703125
IMG_0029.mp4,5676,189.3893893893894,29.97,865,2,traffic_signs,0.857954740524292,1406.1077880859375,717.7540893554688,1427.67919921875,752.9263305664062,1416.8934936523438,735.3402099609375,21.5714111328125,35.1722412109375
IMG_0029.mp4,5676,189.3893893893894,29.97,872,1,traffic_lights,0.6217880845069885,1380.3587646484375,653.803466796875,1389.808837890625,680.98876953125,1385.0838012695312,667.3961181640625,9.4500732421875,27.185302734375
IMG_0029.mp4,5676,189.3893893893894,29.97,854,2,traffic_signs,0.3456402122974396,1539.4090576171875,673.0824584960938,1569.7506103515625,720.875,1554.579833984375,696.9787292480469,30.341552734375,47.79254150390625
IMG_0029.mp4,5677,189.42275608942276,29.97,865,2,traffic_signs,0.8470279574394226,1407.671875,716.7861328125,1429.406982421875,752.2831420898438,1418.5394287109375,734.5346374511719,21.735107421875,35.49700927734375
IMG_0029.mp4,5677,189.42275608942276,29.97,872,1,traffic_lights,0.639346718788147,1380.8853759765625,652.867919921875,1390.373779296875,680.154052734375,1385.6295776367188,666.510986328125,9.4884033203125,27.2861328125
IMG_0029.mp4,5677,189.42275608942276,29.97,854,2,traffic_signs,0.7001132965087891,1543.558349609375,670.3662719726562,1576.3504638671875,720.3948364257812,1559.9544067382812,695.3805541992188,32.7921142578125,50.028564453125
IMG_0029.mp4,5678,189.45612278945612,29.97,865,2,traffic_signs,0.8645864725112915,1408.925048828125,716.1217651367188,1430.9732666015625,751.8729248046875,1419.9491577148438,733.9973449707031,22.0482177734375,35.75115966796875
IMG_0029.mp4,5678,189.45612278945612,29.97,872,1,traffic_lights,0.6577947735786438,1381.4742431640625,651.9834594726562,1390.8404541015625,679.3771362304688,1386.1573486328125,665.6802978515625,9.3662109375,27.3936767578125
IMG_0029.mp4,5678,189.45612278945612,29.97,854,2,traffic_signs,0.8624767661094666,1547.479736328125,668.8112182617188,1584.6497802734375,719.1281127929688,1566.0647583007812,693.9696655273438,37.1700439453125,50.31689453125
IMG_0029.mp4,5679,189.4894894894895,29.97,865,2,traffic_signs,0.8985110521316528,1409.8917236328125,715.3840942382812,1432.2918701171875,751.12353515625,1421.091796875,733.2538146972656,22.400146484375,35.73944091796875
IMG_0029.mp4,5679,189.4894894894895,29.97,872,1,traffic_lights,0.6680598258972168,1381.746337890625,651.0684814453125,1391.200439453125,678.7941284179688,1386.473388671875,664.9313049316406,9.4541015625,27.72564697265625
IMG_0029.mp4,5679,189.4894894894895,29.97,854,2,traffic_signs,0.7501460909843445,1551.686767578125,666.2935180664062,1591.19482421875,717.5122680664062,1571.4407958984375,691.9028930664062,39.508056640625,51.21875
IMG_0029.mp4,5680,189.52285618952286,29.97,865,2,traffic_signs,0.9176639318466187,1410.8388671875,714.101318359375,1433.8028564453125,750.4830322265625,1422.3208618164062,732.2921752929688,22.9639892578125,36.3817138671875
IMG_0029.mp4,5680,189.52285618952286,29.97,872,1,traffic_lights,0.6872183084487915,1382.1331787109375,650.3502807617188,1391.754150390625,678.0885620117188,1386.9436645507812,664.2194213867188,9.6209716796875,27.73828125
IMG_0029.mp4,5680,189.52285618952286,29.97,854,2,traffic_signs,0.8616783618927002,1555.6746826171875,663.4822998046875,1596.676025390625,716.3734741210938,1576.1753540039062,689.9278869628906,41.0013427734375,52.89117431640625
IMG_0029.mp4,5681,189.55622288955624,29.97,865,2,traffic_signs,0.8846418261528015,1412.18603515625,712.8948364257812,1435.244140625,749.9514770507812,1423.715087890625,731.4231567382812,23.05810546875,37.056640625
IMG_0029.mp4,5681,189.55622288955624,29.97,872,1,traffic_lights,0.6785730719566345,1382.4459228515625,649.6570434570312,1392.3128662109375,677.3598022460938,1387.37939453125,663.5084228515625,9.866943359375,27.7027587890625
IMG_0029.mp4,5681,189.55622288955624,29.97,854,2,traffic_signs,0.8930583000183105,1559.61474609375,661.379638671875,1603.731689453125,715.27734375,1581.6732177734375,688.3284912109375,44.116943359375,53.897705078125
IMG_0029.mp4,5682,189.5895895895896,29.97,865,2,traffic_signs,0.8821526169776917,1413.6553955078125,711.53759765625,1436.7100830078125,749.1411743164062,1425.1827392578125,730.3393859863281,23.0546875,37.60357666015625
IMG_0029.mp4,5682,189.5895895895896,29.97,872,1,traffic_lights,0.6780178546905518,1382.75146484375,648.8306884765625,1392.7149658203125,676.3880004882812,1387.7332153320312,662.6093444824219,9.9635009765625,27.55731201171875
IMG_0029.mp4,5682,189.5895895895896,29.97,854,2,traffic_signs,0.7121921181678772,1563.4931640625,658.5572509765625,1609.7374267578125,714.43994140625,1586.6152954101562,686.4985961914062,46.2442626953125,55.8826904296875
IMG_0029.mp4,5683,189.62295628962298,29.97,865,2,traffic_signs,0.8731318116188049,1414.878173828125,710.6051025390625,1438.2596435546875,748.55029296875,1426.5689086914062,729.5776977539062,23.3814697265625,37.9451904296875
IMG_0029.mp4,5683,189.62295628962298,29.97,872,1,traffic_lights,0.6852071285247803,1382.846923828125,647.8988647460938,1393.1339111328125,675.7700805664062,1387.9904174804688,661.83447265625,10.2869873046875,27.8712158203125
IMG_0029.mp4,5683,189.62295628962298,29.97,854,2,traffic_signs,0.7919877767562866,1567.9794921875,656.5427856445312,1618.025146484375,712.9403686523438,1593.0023193359375,684.7415771484375,50.045654296875,56.3975830078125
IMG_0029.mp4,5684,189.65632298965633,29.97,865,2,traffic_signs,0.46007922291755676,1416.0693359375,709.7305908203125,1439.458740234375,747.9226684570312,1427.7640380859375,728.8266296386719,23.389404296875,38.19207763671875
IMG_0029.mp4,5684,189.65632298965633,29.97,872,1,traffic_lights,0.6530242562294006,1382.9674072265625,647.1724243164062,1393.2652587890625,675.1476440429688,1388.1163330078125,661.1600341796875,10.2978515625,27.9752197265625
IMG_0029.mp4,5684,189.65632298965633,29.97,854,2,traffic_signs,0.7682986855506897,1574.2357177734375,654.8434448242188,1626.5040283203125,710.907470703125,1600.369873046875,682.8754577636719,52.268310546875,56.06402587890625
IMG_0029.mp4,5685,189.6896896896897,29.97,865,2,traffic_signs,0.8706568479537964,1417.1322021484375,709.3605346679688,1440.739013671875,748.12744140625,1428.9356079101562,728.7439880371094,23.6068115234375,38.76690673828125
IMG_0029.mp4,5685,189.6896896896897,29.97,872,1,traffic_lights,0.4397217035293579,1382.9107666015625,647.052490234375,1393.435791015625,675.1557006835938,1388.1732788085938,661.1040954589844,10.5250244140625,28.10321044921875
IMG_0029.mp4,5685,189.6896896896897,29.97,854,2,traffic_signs,0.8989661931991577,1578.6041259765625,652.3472900390625,1632.6748046875,708.5303955078125,1605.6394653320312,680.4388427734375,54.0706787109375,56.18310546875
IMG_0029.mp4,5686,189.72305638972307,29.97,865,2,traffic_signs,0.8693797588348389,1418.796142578125,707.9829711914062,1442.90966796875,747.5224609375,1430.8529052734375,727.7527160644531,24.113525390625,39.53948974609375
IMG_0029.mp4,5686,189.72305638972307,29.97,872,1,traffic_lights,0.5113946795463562,1383.52294921875,646.2578735351562,1393.8699951171875,673.8800659179688,1388.6964721679688,660.0689697265625,10.3470458984375,27.6221923828125
IMG_0029.mp4,5686,189.72305638972307,29.97,854,2,traffic_signs,0.7152880430221558,1583.66796875,649.08984375,1640.595458984375,707.6607055664062,1612.1317138671875,678.3752746582031,56.927490234375,58.57086181640625
IMG_0029.mp4,5687,189.75642308975642,29.97,865,2,traffic_signs,0.8624812960624695,1419.7501220703125,706.0625610351562,1444.5838623046875,746.8392944335938,1432.1669921875,726.450927734375,24.833740234375,40.7767333984375
IMG_0029.mp4,5687,189.75642308975642,29.97,872,1,traffic_lights,0.5282180905342102,1383.7509765625,645.36328125,1393.92333984375,672.710205078125,1388.837158203125,659.0367431640625,10.17236328125,27.346923828125
IMG_0029.mp4,5687,189.75642308975642,29.97,854,2,traffic_signs,0.7389400005340576,1589.0460205078125,645.9841918945312,1648.452880859375,707.1273803710938,1618.7494506835938,676.5557861328125,59.4068603515625,61.1431884765625
IMG_0029.mp4,5688,189.7897897897898,29.97,865,2,traffic_signs,0.8839578628540039,1420.572509765625,705.26416015625,1445.8719482421875,746.12841796875,1433.2222290039062,725.6962890625,25.2994384765625,40.8642578125
IMG_0029.mp4,5688,189.7897897897898,29.97,872,1,traffic_lights,0.5360190272331238,1383.674560546875,644.6393432617188,1393.9110107421875,672.1014404296875,1388.7927856445312,658.3703918457031,10.2364501953125,27.46209716796875
IMG_0029.mp4,5688,189.7897897897898,29.97,854,2,traffic_signs,0.8240380883216858,1593.090087890625,642.7630615234375,1654.746337890625,705.6812133789062,1623.918212890625,674.2221374511719,61.65625,62.91815185546875
IMG_0029.mp4,5688,189.7897897897898,29.97,909,1,traffic_lights,0.5348362326622009,1285.2763671875,6.102842330932617,1333.94482421875,35.01354217529297,1309.610595703125,20.558192253112793,48.66845703125,28.91069984436035
IMG_0029.mp4,5689,189.82315648982316,29.97,865,2,traffic_signs,0.8892984986305237,1422.0341796875,703.9990234375,1447.83837890625,744.8091430664062,1434.936279296875,724.4040832519531,25.80419921875,40.81011962890625
IMG_0029.mp4,5689,189.82315648982316,29.97,872,1,traffic_lights,0.5625156760215759,1383.6436767578125,643.663818359375,1394.093505859375,671.0250854492188,1388.8685913085938,657.3444519042969,10.4498291015625,27.36126708984375
IMG_0029.mp4,5689,189.82315648982316,29.97,854,2,traffic_signs,0.7481340169906616,1599.7625732421875,639.155517578125,1661.3458251953125,702.5563354492188,1630.55419921875,670.8559265136719,61.583251953125,63.40081787109375
IMG_0029.mp4,5690,189.85652318985652,29.97,865,2,traffic_signs,0.8777802586555481,1423.41650390625,703.3893432617188,1449.2393798828125,743.8756713867188,1436.3279418945312,723.6325073242188,25.8228759765625,40.486328125
IMG_0029.mp4,5690,189.85652318985652,29.97,872,1,traffic_lights,0.5803253650665283,1383.5262451171875,642.350830078125,1393.9869384765625,670.1425170898438,1388.756591796875,656.2466735839844,10.460693359375,27.79168701171875
IMG_0029.mp4,5690,189.85652318985652,29.97,854,2,traffic_signs,0.8191850185394287,1604.4022216796875,636.3151245117188,1667.707275390625,700.0679321289062,1636.0547485351562,668.1915283203125,63.3050537109375,63.7528076171875
IMG_0029.mp4,5691,189.8898898898899,29.97,865,2,traffic_signs,0.8462717533111572,1424.4959716796875,702.765380859375,1450.6287841796875,743.3224487304688,1437.5623779296875,723.0439147949219,26.1328125,40.55706787109375
IMG_0029.mp4,5691,189.8898898898899,29.97,872,1,traffic_lights,0.5740765333175659,1383.2493896484375,641.8101806640625,1393.7578125,669.6963500976562,1388.5036010742188,655.7532653808594,10.5084228515625,27.88616943359375
IMG_0029.mp4,5691,189.8898898898899,29.97,854,2,traffic_signs,0.7076296806335449,1607.86181640625,634.5982666015625,1674.534912109375,698.1976318359375,1641.1983642578125,666.39794921875,66.673095703125,63.599365234375
IMG_0029.mp4,5692,189.92325658992326,29.97,865,2,traffic_signs,0.8851357698440552,1425.7109375,701.1699829101562,1452.6099853515625,742.0404663085938,1439.1604614257812,721.605224609375,26.8990478515625,40.8704833984375
IMG_0029.mp4,5692,189.92325658992326,29.97,872,1,traffic_lights,0.587908923625946,1383.100830078125,640.4298095703125,1393.91943359375,668.8202514648438,1388.5101318359375,654.6250305175781,10.818603515625,28.39044189453125
IMG_0029.mp4,5692,189.92325658992326,29.97,854,2,traffic_signs,0.7549774646759033,1613.0062255859375,631.325439453125,1680.9642333984375,696.3924560546875,1646.9852294921875,663.8589477539062,67.9580078125,65.0670166015625
IMG_0029.mp4,5692,189.92325658992326,29.97,910,2,traffic_signs,0.6773543953895569,1612.6011962890625,631.13818359375,1679.83935546875,695.7822265625,1646.2202758789062,663.460205078125,67.2381591796875,64.64404296875
IMG_0029.mp4,5693,189.95662328995664,29.97,865,2,traffic_signs,0.8485924601554871,1426.4678955078125,699.1152954101562,1453.9859619140625,741.3356323242188,1440.2269287109375,720.2254638671875,27.51806640625,42.2203369140625
IMG_0029.mp4,5693,189.95662328995664,29.97,872,1,traffic_lights,0.580839216709137,1383.120361328125,639.3578491210938,1393.9022216796875,667.9523315429688,1388.5112915039062,653.6550903320312,10.7818603515625,28.594482421875
IMG_0029.mp4,5693,189.95662328995664,29.97,854,2,traffic_signs,0.8664323091506958,1618.5657958984375,628.2449951171875,1688.42431640625,694.0404052734375,1653.4950561523438,661.1427001953125,69.8585205078125,65.79541015625
IMG_0029.mp4,5693,189.95662328995664,29.97,910,2,traffic_signs,0.28288593888282776,1620.7642822265625,628.0806884765625,1687.614501953125,693.462158203125,1654.1893920898438,660.7714233398438,66.8502197265625,65.3814697265625
IMG_0029.mp4,5694,189.98998998999,29.97,865,2,traffic_signs,0.879113495349884,1427.232421875,698.3139038085938,1455.5723876953125,741.2300415039062,1441.4024047851562,719.77197265625,28.3399658203125,42.9161376953125
IMG_0029.mp4,5694,189.98998998999,29.97,872,1,traffic_lights,0.6071805953979492,1383.076416015625,638.8016357421875,1393.89453125,667.4441528320312,1388.4854736328125,653.1228942871094,10.818115234375,28.64251708984375
IMG_0029.mp4,5694,189.98998998999,29.97,854,2,traffic_signs,0.9003864526748657,1623.869873046875,624.3118896484375,1695.77001953125,691.8350830078125,1659.8199462890625,658.073486328125,71.900146484375,67.523193359375
IMG_0029.mp4,5695,190.02335669002338,29.97,865,2,traffic_signs,0.8562160134315491,1427.5390625,697.43505859375,1456.5450439453125,740.54248046875,1442.0420532226562,718.98876953125,29.0059814453125,43.107421875
IMG_0029.mp4,5695,190.02335669002338,29.97,872,1,traffic_lights,0.6121670007705688,1382.72021484375,637.7142944335938,1393.823486328125,666.4429321289062,1388.2718505859375,652.07861328125,11.103271484375,28.7286376953125
IMG_0029.mp4,5695,190.02335669002338,29.97,854,2,traffic_signs,0.9375702738761902,1629.1922607421875,621.3604125976562,1702.2098388671875,689.3917236328125,1665.7010498046875,655.3760681152344,73.017578125,68.03131103515625
IMG_0029.mp4,5695,190.02335669002338,29.97,912,1,traffic_lights,0.7607913017272949,684.2763671875,709.2090454101562,701.5717163085938,726.9909057617188,692.9240417480469,718.0999755859375,17.29534912109375,17.7818603515625
IMG_0029.mp4,5696,190.05672339005673,29.97,865,2,traffic_signs,0.8236916661262512,1428.1396484375,696.3887939453125,1457.673095703125,739.76123046875,1442.9063720703125,718.0750122070312,29.533447265625,43.3724365234375
IMG_0029.mp4,5696,190.05672339005673,29.97,872,1,traffic_lights,0.6210077404975891,1382.4854736328125,637.2276611328125,1393.5616455078125,666.0852661132812,1388.0235595703125,651.6564636230469,11.076171875,28.85760498046875
IMG_0029.mp4,5696,190.05672339005673,29.97,854,2,traffic_signs,0.9321652054786682,1634.7958984375,618.5776977539062,1709.4251708984375,687.464599609375,1672.1105346679688,653.0211486816406,74.6292724609375,68.88690185546875
IMG_0029.mp4,5696,190.05672339005673,29.97,912,1,traffic_lights,0.8476572632789612,681.6475830078125,708.742431640625,699.4485473632812,726.7024536132812,690.5480651855469,717.7224426269531,17.80096435546875,17.96002197265625
IMG_0029.mp4,5697,190.0900900900901,29.97,865,2,traffic_signs,0.8055437803268433,1428.98779296875,694.4676513671875,1458.6448974609375,738.6343383789062,1443.8163452148438,716.5509948730469,29.6571044921875,44.16668701171875
IMG_0029.mp4,5697,190.0900900900901,29.97,872,1,traffic_lights,0.6469277739524841,1382.29248046875,636.2611083984375,1393.482421875,665.522705078125,1387.887451171875,650.8919067382812,11.18994140625,29.2615966796875
IMG_0029.mp4,5697,190.0900900900901,29.97,854,2,traffic_signs,0.949507474899292,1639.5792236328125,614.7439575195312,1717.3851318359375,686.0682983398438,1678.482177734375,650.4061279296875,77.805908203125,71.3243408203125
IMG_0029.mp4,5697,190.0900900900901,29.97,912,1,traffic_lights,0.8442409038543701,678.3968505859375,708.4493408203125,696.8967895507812,726.6780395507812,687.6468200683594,717.5636901855469,18.49993896484375,18.22869873046875
IMG_0029.mp4,5697,190.0900900900901,29.97,913,1,traffic_lights,0.48612162470817566,1358.95068359375,752.1250610351562,1378.478515625,781.1474609375,1368.714599609375,766.6362609863281,19.52783203125,29.02239990234375
IMG_0029.mp4,5698,190.12345679012347,29.97,865,2,traffic_signs,0.8309810161590576,1430.591796875,693.3619384765625,1460.1866455078125,737.3128662109375,1445.3892211914062,715.33740234375,29.5948486328125,43.950927734375
IMG_0029.mp4,5698,190.12345679012347,29.97,872,1,traffic_lights,0.666560173034668,1382.544921875,635.3165893554688,1393.68017578125,664.7152709960938,1388.112548828125,650.0159301757812,11.13525390625,29.398681640625
IMG_0029.mp4,5698,190.12345679012347,29.97,854,2,traffic_signs,0.9432207345962524,1646.003173828125,611.2091674804688,1724.9923095703125,684.054931640625,1685.4977416992188,647.6320495605469,78.9891357421875,72.84576416015625
IMG_0029.mp4,5698,190.12345679012347,29.97,912,1,traffic_lights,0.8394650220870972,675.1267700195312,708.0320434570312,693.9285278320312,726.58447265625,684.5276489257812,717.3082580566406,18.8017578125,18.55242919921875
IMG_0029.mp4,5698,190.12345679012347,29.97,913,1,traffic_lights,0.34277471899986267,1358.8619384765625,752.2649536132812,1378.3226318359375,780.786376953125,1368.59228515625,766.5256652832031,19.460693359375,28.52142333984375
IMG_0029.mp4,5699,190.15682349015682,29.97,865,2,traffic_signs,0.8389089703559875,1431.63916015625,692.2308349609375,1461.67822265625,736.0274047851562,1446.65869140625,714.1291198730469,30.0390625,43.79656982421875
IMG_0029.mp4,5699,190.15682349015682,29.97,872,1,traffic_lights,0.6118167042732239,1382.54296875,634.0706176757812,1393.0592041015625,664.0677490234375,1387.8010864257812,649.0691833496094,10.5162353515625,29.99713134765625
IMG_0029.mp4,5699,190.15682349015682,29.97,854,2,traffic_signs,0.951913058757782,1652.3109130859375,607.8743286132812,1732.4385986328125,681.8764038085938,1692.374755859375,644.8753662109375,80.127685546875,74.0020751953125
IMG_0029.mp4,5699,190.15682349015682,29.97,912,1,traffic_lights,0.8943055868148804,672.9590454101562,707.4495239257812,691.6098022460938,726.1041870117188,682.284423828125,716.77685546875,18.6507568359375,18.6546630859375
IMG_0029.mp4,5699,190.15682349015682,29.97,913,1,traffic_lights,0.4437611997127533,1356.7486572265625,751.0656127929688,1376.9149169921875,781.1386108398438,1366.831787109375,766.1021118164062,20.166259765625,30.072998046875
IMG_0029.mp4,5700,190.1901901901902,29.97,865,2,traffic_signs,0.8354828357696533,1432.5443115234375,691.3460693359375,1462.8304443359375,734.8107299804688,1447.6873779296875,713.0783996582031,30.2861328125,43.46466064453125
IMG_0029.mp4,5700,190.1901901901902,29.97,872,1,traffic_lights,0.5716549754142761,1382.261962890625,633.1785278320312,1392.560791015625,663.478759765625,1387.411376953125,648.3286437988281,10.298828125,30.30023193359375
IMG_0029.mp4,5700,190.1901901901902,29.97,854,2,traffic_signs,0.9170289039611816,1657.9010009765625,603.135009765625,1740.8515625,679.3934326171875,1699.3762817382812,641.2642211914062,82.9505615234375,76.2584228515625
IMG_0029.mp4,5700,190.1901901901902,29.97,912,1,traffic_lights,0.9137778878211975,670.321044921875,706.8428955078125,688.9985961914062,725.5711669921875,679.6598205566406,716.20703125,18.67755126953125,18.728271484375
IMG_0029.mp4,5700,190.1901901901902,29.97,913,1,traffic_lights,0.5982111096382141,1355.822021484375,750.5686645507812,1375.4405517578125,781.1035766601562,1365.6312866210938,765.8361206054688,19.6185302734375,30.534912109375
IMG_0029.mp4,5701,190.22355689022356,29.97,865,2,traffic_signs,0.7895647287368774,1433.862548828125,690.5278930664062,1464.5582275390625,733.4860229492188,1449.2103881835938,712.0069580078125,30.6956787109375,42.9581298828125
IMG_0029.mp4,5701,190.22355689022356,29.97,872,1,traffic_lights,0.5605035424232483,1382.4793701171875,632.0634765625,1392.5755615234375,662.5196533203125,1387.5274658203125,647.2915649414062,10.09619140625,30.4561767578125
IMG_0029.mp4,5701,190.22355689022356,29.97,854,2,traffic_signs,0.9088946580886841,1663.77392578125,598.869384765625,1749.5455322265625,676.6542358398438,1706.6597290039062,637.7618103027344,85.7716064453125,77.78485107421875
IMG_0029.mp4,5701,190.22355689022356,29.97,912,1,traffic_lights,0.9073041081428528,668.0446166992188,706.1527099609375,686.8727416992188,724.7752685546875,677.4586791992188,715.4639892578125,18.828125,18.62255859375
IMG_0029.mp4,5701,190.22355689022356,29.97,913,1,traffic_lights,0.6427990794181824,1355.6434326171875,750.184814453125,1375.63720703125,781.0138549804688,1365.6403198242188,765.5993347167969,19.9937744140625,30.82904052734375
IMG_0029.mp4,5702,190.25692359025692,29.97,865,2,traffic_signs,0.722836434841156,1434.7474365234375,688.8085327148438,1465.7164306640625,732.6174926757812,1450.23193359375,710.7130126953125,30.968994140625,43.8089599609375
IMG_0029.mp4,5702,190.25692359025692,29.97,872,1,traffic_lights,0.5304296612739563,1382.0535888671875,631.492919921875,1391.919921875,661.9089965820312,1386.9867553710938,646.7009582519531,9.8663330078125,30.41607666015625
IMG_0029.mp4,5702,190.25692359025692,29.97,854,2,traffic_signs,0.9127437472343445,1669.279541015625,595.729736328125,1757.9346923828125,674.866455078125,1713.6071166992188,635.298095703125,88.6551513671875,79.13671875
IMG_0029.mp4,5702,190.25692359025692,29.97,912,1,traffic_lights,0.8777298331260681,664.2817993164062,705.9229125976562,683.1610107421875,724.6143188476562,673.7214050292969,715.2686157226562,18.87921142578125,18.69140625
IMG_0029.mp4,5702,190.25692359025692,29.97,913,1,traffic_lights,0.631532609462738,1354.257080078125,750.4530029296875,1374.56982421875,780.8475952148438,1364.4134521484375,765.6502990722656,20.312744140625,30.39459228515625
IMG_0029.mp4,5703,190.2902902902903,29.97,865,2,traffic_signs,0.7447015047073364,1436.4913330078125,687.2406616210938,1467.0257568359375,731.6508178710938,1451.758544921875,709.4457397460938,30.534423828125,44.41015625
IMG_0029.mp4,5703,190.2902902902903,29.97,872,1,traffic_lights,0.5591558218002319,1381.9918212890625,630.5093383789062,1391.7359619140625,660.9312133789062,1386.8638916015625,645.7202758789062,9.744140625,30.421875
IMG_0029.mp4,5703,190.2902902902903,29.97,854,2,traffic_signs,0.8943181037902832,1676.3092041015625,592.8697509765625,1767.5164794921875,672.467529296875,1721.912841796875,632.6686401367188,91.207275390625,79.5977783203125
IMG_0029.mp4,5703,190.2902902902903,29.97,912,1,traffic_lights,0.9130120873451233,661.8683471679688,705.387939453125,680.3289184570312,723.729736328125,671.0986328125,714.558837890625,18.4605712890625,18.341796875
IMG_0029.mp4,5703,190.2902902902903,29.97,913,1,traffic_lights,0.5911070108413696,1353.2484130859375,750.5118408203125,1373.25146484375,780.6624145507812,1363.2499389648438,765.5871276855469,20.0030517578125,30.15057373046875
IMG_0029.mp4,5703,190.2902902902903,29.97,914,2,traffic_signs,0.63312828540802,1767.41650390625,676.659912109375,1799.742919921875,715.7990112304688,1783.5797119140625,696.2294616699219,32.326416015625,39.13909912109375
IMG_0029.mp4,5704,190.32365699032366,29.97,865,2,traffic_signs,0.8016809225082397,1437.574951171875,686.1138916015625,1468.2119140625,731.0300903320312,1452.8934326171875,708.5719909667969,30.636962890625,44.91619873046875
IMG_0029.mp4,5704,190.32365699032366,29.97,872,1,traffic_lights,0.572429358959198,1381.531005859375,629.916015625,1391.0799560546875,660.0890502929688,1386.3054809570312,645.0025329589844,9.5489501953125,30.17303466796875
IMG_0029.mp4,5704,190.32365699032366,29.97,854,2,traffic_signs,0.5067853331565857,1683.657470703125,591.4301147460938,1776.6912841796875,671.1353149414062,1730.1743774414062,631.28271484375,93.0338134765625,79.7052001953125
IMG_0029.mp4,5704,190.32365699032366,29.97,912,1,traffic_lights,0.9160841107368469,658.8701782226562,704.9678344726562,677.2037353515625,723.1552124023438,668.0369567871094,714.0615234375,18.33355712890625,18.1873779296875
IMG_0029.mp4,5704,190.32365699032366,29.97,913,1,traffic_lights,0.557830274105072,1352.60302734375,750.983154296875,1372.5858154296875,780.4701538085938,1362.5944213867188,765.7266540527344,19.9827880859375,29.48699951171875
IMG_0029.mp4,5704,190.32365699032366,29.97,914,2,traffic_signs,0.4449302852153778,1769.3963623046875,675.764404296875,1804.3138427734375,715.0126342773438,1786.8551025390625,695.3885192871094,34.91748046875,39.24822998046875
IMG_0029.mp4,5705,190.35702369035704,29.97,865,2,traffic_signs,0.9053456783294678,1438.0994873046875,685.0449829101562,1469.34033203125,730.798828125,1453.7199096679688,707.9219055175781,31.2408447265625,45.75384521484375
IMG_0029.mp4,5705,190.35702369035704,29.97,872,1,traffic_lights,0.5722594857215881,1381.1817626953125,629.2446899414062,1390.5548095703125,659.0343017578125,1385.8682861328125,644.1394958496094,9.373046875,29.78961181640625
IMG_0029.mp4,5705,190.35702369035704,29.97,854,2,traffic_signs,0.5531497001647949,1689.807373046875,589.5126342773438,1786.849609375,669.9791870117188,1738.3284912109375,629.7459106445312,97.042236328125,80.466552734375
IMG_0029.mp4,5705,190.35702369035704,29.97,912,1,traffic_lights,0.9071066975593567,656.304931640625,704.4635009765625,675.1820068359375,722.802978515625,665.7434692382812,713.6332397460938,18.8770751953125,18.3394775390625
IMG_0029.mp4,5705,190.35702369035704,29.97,913,1,traffic_lights,0.6705962419509888,1352.6298828125,751.4572143554688,1372.21826171875,780.5028076171875,1362.424072265625,765.9800109863281,19.58837890625,29.04559326171875
IMG_0029.mp4,5705,190.35702369035704,29.97,914,2,traffic_signs,0.36943891644477844,1773.7315673828125,674.4224243164062,1808.0242919921875,713.9921264648438,1790.8779296875,694.207275390625,34.292724609375,39.5697021484375
IMG_0029.mp4,5706,190.3903903903904,29.97,865,2,traffic_signs,0.9174796342849731,1438.4779052734375,683.6500244140625,1470.8572998046875,730.6856079101562,1454.6676025390625,707.1678161621094,32.37939453125,47.03558349609375
IMG_0029.mp4,5706,190.3903903903904,29.97,872,1,traffic_lights,0.5829019546508789,1380.73779296875,628.229736328125,1390.3333740234375,658.0685424804688,1385.5355834960938,643.1491394042969,9.5955810546875,29.83880615234375
IMG_0029.mp4,5706,190.3903903903904,29.97,912,1,traffic_lights,0.880668580532074,652.7000122070312,704.3533935546875,672.126220703125,722.6159057617188,662.4131164550781,713.4846496582031,19.42620849609375,18.26251220703125
IMG_0029.mp4,5706,190.3903903903904,29.97,913,1,traffic_lights,0.6539457440376282,1351.664794921875,751.6921997070312,1371.41943359375,780.7544555664062,1361.5421142578125,766.2233276367188,19.754638671875,29.062255859375
IMG_0029.mp4,5706,190.3903903903904,29.97,914,2,traffic_signs,0.8368154764175415,1777.9940185546875,672.6585083007812,1812.5667724609375,713.0546875,1795.2803955078125,692.8565979003906,34.57275390625,40.39617919921875
IMG_0029.mp4,5707,190.42375709042378,29.97,865,2,traffic_signs,0.9056127667427063,1438.5787353515625,682.196533203125,1473.0257568359375,730.2415161132812,1455.80224609375,706.2190246582031,34.447021484375,48.04498291015625
IMG_0029.mp4,5707,190.42375709042378,29.97,872,1,traffic_lights,0.6034800410270691,1379.894287109375,627.4804077148438,1389.7196044921875,657.4584350585938,1384.8069458007812,642.4694213867188,9.8253173828125,29.97802734375
IMG_0029.mp4,5707,190.42375709042378,29.97,912,1,traffic_lights,0.906087338924408,649.8618774414062,704.0661010742188,669.2744750976562,722.3616333007812,659.5681762695312,713.2138671875,19.41259765625,18.2955322265625
IMG_0029.mp4,5707,190.42375709042378,29.97,913,1,traffic_lights,0.6688612699508667,1351.2864990234375,751.7659912109375,1370.788818359375,780.4197387695312,1361.0376586914062,766.0928649902344,19.5023193359375,28.65374755859375
IMG_0029.mp4,5707,190.42375709042378,29.97,914,2,traffic_signs,0.8091155886650085,1783.321533203125,671.0040283203125,1816.90771484375,711.9353637695312,1800.1146240234375,691.4696960449219,33.586181640625,40.93133544921875
IMG_0029.mp4,5708,190.45712379045713,29.97,865,2,traffic_signs,0.9047724604606628,1439.16015625,680.89501953125,1474.3846435546875,729.1231689453125,1456.7723999023438,705.0090942382812,35.2244873046875,48.2281494140625
IMG_0029.mp4,5708,190.45712379045713,29.97,872,1,traffic_lights,0.5830301642417908,1379.09912109375,626.8015747070312,1389.0693359375,656.744873046875,1384.084228515625,641.7732238769531,9.97021484375,29.94329833984375
IMG_0029.mp4,5708,190.45712379045713,29.97,912,1,traffic_lights,0.9105862379074097,647.0779418945312,703.6188354492188,666.2417602539062,722.0706787109375,656.6598510742188,712.8447570800781,19.163818359375,18.45184326171875
IMG_0029.mp4,5708,190.45712379045713,29.97,913,1,traffic_lights,0.6983757019042969,1351.1654052734375,751.6819458007812,1370.5836181640625,779.353271484375,1360.87451171875,765.5176086425781,19.418212890625,27.67132568359375
IMG_0029.mp4,5708,190.45712379045713,29.97,914,2,traffic_signs,0.8140852451324463,1789.4122314453125,669.4473876953125,1821.67626953125,711.3207397460938,1805.5442504882812,690.3840637207031,32.2640380859375,41.87335205078125
IMG_0029.mp4,5709,190.4904904904905,29.97,865,2,traffic_signs,0.914063036441803,1439.6929931640625,679.7103881835938,1475.5958251953125,727.9217529296875,1457.6444091796875,703.8160705566406,35.90283203125,48.21136474609375
IMG_0029.mp4,5709,190.4904904904905,29.97,872,1,traffic_lights,0.5733856558799744,1378.328857421875,625.76025390625,1388.2357177734375,655.9774169921875,1383.2822875976562,640.8688354492188,9.9068603515625,30.2171630859375
IMG_0029.mp4,5709,190.4904904904905,29.97,912,1,traffic_lights,0.8841076493263245,643.577880859375,703.0402221679688,663.124267578125,721.8145141601562,653.35107421875,712.4273681640625,19.54638671875,18.7742919921875
IMG_0029.mp4,5709,190.4904904904905,29.97,913,1,traffic_lights,0.6816636323928833,1350.336181640625,750.9224853515625,1369.546875,778.7644653320312,1359.9415283203125,764.8434753417969,19.210693359375,27.84197998046875
IMG_0029.mp4,5710,190.52385719052387,29.97,865,2,traffic_signs,0.9251853227615356,1440.6942138671875,678.3418579101562,1476.30810546875,726.6143188476562,1458.5011596679688,702.4780883789062,35.6138916015625,48.2724609375
IMG_0029.mp4,5710,190.52385719052387,29.97,872,1,traffic_lights,0.5804892778396606,1377.5352783203125,624.9957885742188,1387.667236328125,655.1859741210938,1382.6012573242188,640.0908813476562,10.1319580078125,30.190185546875
IMG_0029.mp4,5710,190.52385719052387,29.97,912,1,traffic_lights,0.8467214107513428,639.9109497070312,702.0877685546875,659.6868896484375,721.756103515625,649.7989196777344,711.9219360351562,19.77593994140625,19.6683349609375
IMG_0029.mp4,5710,190.52385719052387,29.97,913,1,traffic_lights,0.6837303042411804,1349.4869384765625,749.15673828125,1368.3079833984375,778.421875,1358.8974609375,763.789306640625,18.821044921875,29.26513671875
IMG_0029.mp4,5711,190.55722389055722,29.97,865,2,traffic_signs,0.9307627081871033,1442.00634765625,676.752685546875,1477.7918701171875,725.2301635742188,1459.8991088867188,700.9914245605469,35.7855224609375,48.47747802734375
IMG_0029.mp4,5711,190.55722389055722,29.97,872,1,traffic_lights,0.5958350300788879,1377.1051025390625,623.657470703125,1387.328125,654.1856079101562,1382.2166137695312,638.9215393066406,10.2230224609375,30.52813720703125
IMG_0029.mp4,5711,190.55722389055722,29.97,912,1,traffic_lights,0.9141150712966919,636.9531860351562,701.4716186523438,656.486572265625,721.1211547851562,646.7198791503906,711.29638671875,19.53338623046875,19.6495361328125
IMG_0029.mp4,5711,190.55722389055722,29.97,913,1,traffic_lights,0.637909471988678,1349.009521484375,748.9415283203125,1366.6268310546875,777.5216674804688,1357.8181762695312,763.2315979003906,17.6173095703125,28.58013916015625
IMG_0029.mp4,5712,190.5905905905906,29.97,865,2,traffic_signs,0.9168518781661987,1443.282958984375,675.3678588867188,1479.5736083984375,723.9559326171875,1461.4282836914062,699.6618957519531,36.2906494140625,48.58807373046875
IMG_0029.mp4,5712,190.5905905905906,29.97,872,1,traffic_lights,0.30981507897377014,1376.508056640625,622.4002685546875,1386.869140625,653.47802734375,1381.6885986328125,637.9391479492188,10.361083984375,31.0777587890625
IMG_0029.mp4,5712,190.5905905905906,29.97,912,1,traffic_lights,0.912697970867157,634.0903930664062,701.052978515625,653.1886596679688,720.5228881835938,643.6395263671875,710.7879333496094,19.0982666015625,19.46990966796875
IMG_0029.mp4,5712,190.5905905905906,29.97,913,1,traffic_lights,0.6142125725746155,1349.48876953125,748.839599609375,1365.9259033203125,777.5088500976562,1357.7073364257812,763.1742248535156,16.4371337890625,28.66925048828125
IMG_0029.mp4,5712,190.5905905905906,29.97,917,1,traffic_lights,0.5195655822753906,1720.907958984375,676.1504516601562,1748.1910400390625,713.6055297851562,1734.5494995117188,694.8779907226562,27.2830810546875,37.455078125
IMG_0029.mp4,5713,190.62395729062396,29.97,865,2,traffic_signs,0.9013797640800476,1443.9937744140625,674.0458374023438,1480.875,723.0734252929688,1462.4343872070312,698.5596313476562,36.8812255859375,49.027587890625
IMG_0029.mp4,5713,190.62395729062396,29.97,872,1,traffic_lights,0.5745777487754822,1375.6124267578125,621.285888671875,1385.931396484375,652.9851684570312,1380.7719116210938,637.1355285644531,10.3189697265625,31.69927978515625
IMG_0029.mp4,5713,190.62395729062396,29.97,912,1,traffic_lights,0.9082280993461609,630.1568603515625,700.9019165039062,650.2274169921875,720.0186767578125,640.192138671875,710.4602966308594,20.070556640625,19.11676025390625
IMG_0029.mp4,5713,190.62395729062396,29.97,913,1,traffic_lights,0.5701088309288025,1349.04052734375,749.0526733398438,1364.543701171875,777.138916015625,1356.7921142578125,763.0957946777344,15.503173828125,28.08624267578125
IMG_0029.mp4,5713,190.62395729062396,29.97,917,1,traffic_lights,0.6325909495353699,1724.6632080078125,674.3441772460938,1751.7086181640625,712.1062622070312,1738.1859130859375,693.2252197265625,27.04541015625,37.7620849609375
IMG_0029.mp4,5713,190.62395729062396,29.97,914,2,traffic_signs,0.520419716835022,1806.5714111328125,661.5527954101562,1838.11083984375,705.8457641601562,1822.3411254882812,683.6992797851562,31.5394287109375,44.29296875
IMG_0029.mp4,5714,190.65732399065732,29.97,865,2,traffic_signs,0.8953273892402649,1444.8017578125,672.994873046875,1482.4219970703125,722.1578979492188,1463.6118774414062,697.5763854980469,37.6202392578125,49.16302490234375
IMG_0029.mp4,5714,190.65732399065732,29.97,872,1,traffic_lights,0.4591277837753296,1374.809814453125,620.132080078125,1385.2359619140625,652.195556640625,1380.0228881835938,636.163818359375,10.4261474609375,32.0634765625
IMG_0029.mp4,5714,190.65732399065732,29.97,912,1,traffic_lights,0.876639187335968,626.5570678710938,700.510986328125,646.4231567382812,719.4571533203125,636.4901123046875,709.9840698242188,19.8660888671875,18.9461669921875
IMG_0029.mp4,5714,190.65732399065732,29.97,913,1,traffic_lights,0.707137942314148,1347.7685546875,748.8930053710938,1363.2369384765625,776.51611328125,1355.5027465820312,762.7045593261719,15.4683837890625,27.62310791015625
IMG_0029.mp4,5714,190.65732399065732,29.97,917,1,traffic_lights,0.6190395951271057,1728.304443359375,670.7056884765625,1754.669677734375,712.4878540039062,1741.487060546875,691.5967712402344,26.365234375,41.78216552734375
IMG_0029.mp4,5714,190.65732399065732,29.97,914,2,traffic_signs,0.8841617107391357,1809.5762939453125,659.6883544921875,1847.83251953125,705.2763061523438,1828.7044067382812,682.4823303222656,38.2562255859375,45.58795166015625
IMG_0029.mp4,5715,190.6906906906907,29.97,865,2,traffic_signs,0.8777428865432739,1445.6693115234375,671.2830200195312,1483.37939453125,721.3765869140625,1464.5243530273438,696.3298034667969,37.7100830078125,50.09356689453125
IMG_0029.mp4,5715,190.6906906906907,29.97,872,1,traffic_lights,0.4494006633758545,1374.099365234375,619.5230712890625,1384.40087890625,651.3812255859375,1379.2501220703125,635.4521484375,10.301513671875,31.858154296875
IMG_0029.mp4,5715,190.6906906906907,29.97,912,1,traffic_lights,0.89480060338974,623.23974609375,700.2197875976562,642.998046875,719.3223876953125,633.118896484375,709.7710876464844,19.75830078125,19.10260009765625
IMG_0029.mp4,5715,190.6906906906907,29.97,913,1,traffic_lights,0.7279019951820374,1346.5706787109375,748.5517578125,1362.4451904296875,776.5306396484375,1354.5079345703125,762.5411987304688,15.87451171875,27.9788818359375
IMG_0029.mp4,5715,190.6906906906907,29.97,917,1,traffic_lights,0.7463433742523193,1731.925537109375,668.5155029296875,1759.2552490234375,713.15234375,1745.5903930664062,690.8339233398438,27.3297119140625,44.6368408203125
IMG_0029.mp4,5715,190.6906906906907,29.97,914,2,traffic_signs,0.8669074177742004,1813.4365234375,658.671142578125,1855.0423583984375,704.4246826171875,1834.2394409179688,681.5479125976562,41.6058349609375,45.7535400390625
IMG_0029.mp4,5716,190.72405739072406,29.97,865,2,traffic_signs,0.8931321501731873,1446.05126953125,669.61865234375,1484.6077880859375,720.2627563476562,1465.3295288085938,694.9407043457031,38.5565185546875,50.64410400390625
IMG_0029.mp4,5716,190.72405739072406,29.97,872,1,traffic_lights,0.5776980519294739,1373.3157958984375,618.7432861328125,1383.658447265625,650.8192138671875,1378.4871215820312,634.78125,10.3426513671875,32.075927734375
IMG_0029.mp4,5716,190.72405739072406,29.97,912,1,traffic_lights,0.918451189994812,619.337646484375,699.160888671875,639.8265991210938,718.7208862304688,629.5821228027344,708.9408874511719,20.48895263671875,19.55999755859375
IMG_0029.mp4,5716,190.72405739072406,29.97,913,1,traffic_lights,0.7341904044151306,1345.249755859375,748.060546875,1361.4049072265625,776.26953125,1353.3273315429688,762.1650390625,16.1551513671875,28.208984375
IMG_0029.mp4,5716,190.72405739072406,29.97,917,1,traffic_lights,0.37640953063964844,1734.580078125,667.6744384765625,1763.0,711.3606567382812,1748.7900390625,689.5175476074219,28.419921875,43.68621826171875
IMG_0029.mp4,5716,190.72405739072406,29.97,914,2,traffic_signs,0.8671802878379822,1818.084228515625,657.4918212890625,1861.189697265625,702.968505859375,1839.636962890625,680.2301635742188,43.10546875,45.4766845703125
IMG_0029.mp4,5717,190.75742409075744,29.97,865,2,traffic_signs,0.8925784230232239,1446.084716796875,668.721435546875,1485.1915283203125,719.0911254882812,1465.6381225585938,693.9062805175781,39.1068115234375,50.36968994140625
IMG_0029.mp4,5717,190.75742409075744,29.97,872,1,traffic_lights,0.5905696153640747,1372.1551513671875,618.1253662109375,1382.6353759765625,650.2576293945312,1377.395263671875,634.1914978027344,10.480224609375,32.13226318359375
IMG_0029.mp4,5717,190.75742409075744,29.97,912,1,traffic_lights,0.7063534259796143,615.987548828125,698.24755859375,636.4656982421875,718.3160400390625,626.2266235351562,708.2817993164062,20.4781494140625,20.0684814453125
IMG_0029.mp4,5717,190.75742409075744,29.97,913,1,traffic_lights,0.740193247795105,1344.2088623046875,748.3493041992188,1360.5826416015625,775.9559326171875,1352.395751953125,762.1526184082031,16.373779296875,27.60662841796875
IMG_0029.mp4,5717,190.75742409075744,29.97,917,1,traffic_lights,0.2915259599685669,1737.8616943359375,666.2071533203125,1765.0615234375,709.2327270507812,1751.4616088867188,687.7199401855469,27.1998291015625,43.02557373046875
IMG_0029.mp4,5717,190.75742409075744,29.97,914,2,traffic_signs,0.8667538166046143,1821.9114990234375,657.1973266601562,1865.73291015625,701.6181030273438,1843.8222045898438,679.40771484375,43.8214111328125,44.4207763671875
IMG_0029.mp4,5718,190.7907907907908,29.97,865,2,traffic_signs,0.8642899394035339,1446.2137451171875,667.1616821289062,1486.0924072265625,718.1296997070312,1466.153076171875,692.6456909179688,39.878662109375,50.968017578125
IMG_0029.mp4,5718,190.7907907907908,29.97,872,1,traffic_lights,0.6082289218902588,1371.177978515625,617.2725830078125,1381.6136474609375,649.2339477539062,1376.3958129882812,633.2532653808594,10.4356689453125,31.96136474609375
IMG_0029.mp4,5718,190.7907907907908,29.97,912,1,traffic_lights,0.5924883484840393,612.2327880859375,697.7916259765625,632.4859008789062,718.0298461914062,622.3593444824219,707.9107360839844,20.25311279296875,20.23822021484375
IMG_0029.mp4,5718,190.7907907907908,29.97,913,1,traffic_lights,0.7421517372131348,1343.612060546875,748.6515502929688,1359.8309326171875,775.8881225585938,1351.7214965820312,762.2698364257812,16.2188720703125,27.236572265625
IMG_0029.mp4,5718,190.7907907907908,29.97,917,1,traffic_lights,0.41603001952171326,1741.7518310546875,664.941650390625,1768.9993896484375,707.3951416015625,1755.3756103515625,686.1683959960938,27.24755859375,42.4534912109375
IMG_0029.mp4,5718,190.7907907907908,29.97,914,2,traffic_signs,0.8188426494598389,1825.208740234375,657.1472778320312,1869.7662353515625,700.1488037109375,1847.4874877929688,678.6480407714844,44.5574951171875,43.00152587890625
IMG_0029.mp4,5719,190.82415749082418,29.97,865,2,traffic_signs,0.8733612895011902,1446.5970458984375,665.7516479492188,1487.09423828125,717.0501708984375,1466.8456420898438,691.4009094238281,40.4971923828125,51.29852294921875
IMG_0029.mp4,5719,190.82415749082418,29.97,872,1,traffic_lights,0.6236470341682434,1370.1973876953125,616.2908935546875,1380.5975341796875,648.5592651367188,1375.3974609375,632.4250793457031,10.400146484375,32.26837158203125
IMG_0029.mp4,5719,190.82415749082418,29.97,912,1,traffic_lights,0.8631318807601929,608.5146484375,697.277099609375,628.9617919921875,717.4951171875,618.7382202148438,707.3861083984375,20.4471435546875,20.218017578125
IMG_0029.mp4,5719,190.82415749082418,29.97,913,1,traffic_lights,0.7603127956390381,1342.8319091796875,748.636474609375,1358.3074951171875,775.712158203125,1350.5697021484375,762.17431640625,15.4755859375,27.07568359375
IMG_0029.mp4,5719,190.82415749082418,29.97,917,1,traffic_lights,0.5773696899414062,1745.1376953125,663.0213012695312,1772.9857177734375,706.3145141601562,1759.0617065429688,684.6679077148438,27.8480224609375,43.293212890625
IMG_0029.mp4,5719,190.82415749082418,29.97,914,2,traffic_signs,0.8561968207359314,1827.5806884765625,658.107421875,1873.7681884765625,699.1431274414062,1850.6744384765625,678.6252746582031,46.1875,41.03570556640625
IMG_0029.mp4,5720,190.85752419085753,29.97,865,2,traffic_signs,0.8945186734199524,1447.33544921875,664.0145874023438,1488.074462890625,715.9097290039062,1467.7049560546875,689.962158203125,40.739013671875,51.8951416015625
IMG_0029.mp4,5720,190.85752419085753,29.97,872,1,traffic_lights,0.6331343054771423,1369.1497802734375,615.3442993164062,1379.5927734375,647.8507080078125,1374.3712768554688,631.5975036621094,10.4429931640625,32.50640869140625
IMG_0029.mp4,5720,190.85752419085753,29.97,912,1,traffic_lights,0.8765470385551453,604.5343017578125,696.6781616210938,625.2316284179688,717.0543212890625,614.8829650878906,706.8662414550781,20.69732666015625,20.37615966796875
IMG_0029.mp4,5720,190.85752419085753,29.97,913,1,traffic_lights,0.7384679913520813,1341.2550048828125,747.9208374023438,1355.478271484375,775.5174560546875,1348.3666381835938,761.7191467285156,14.2232666015625,27.59661865234375
IMG_0029.mp4,5720,190.85752419085753,29.97,914,2,traffic_signs,0.795252799987793,1831.1678466796875,658.2394409179688,1876.996826171875,698.7146606445312,1854.0823364257812,678.47705078125,45.8289794921875,40.4752197265625
IMG_0029.mp4,5721,190.8908908908909,29.97,865,2,traffic_signs,0.8981060981750488,1447.8922119140625,662.0551147460938,1489.0306396484375,714.7941284179688,1468.46142578125,688.4246215820312,41.138427734375,52.739013671875
IMG_0029.mp4,5721,190.8908908908909,29.97,872,1,traffic_lights,0.6206806302070618,1367.6785888671875,614.5460205078125,1378.3975830078125,646.7334594726562,1373.0380859375,630.6397399902344,10.718994140625,32.18743896484375
IMG_0029.mp4,5721,190.8908908908909,29.97,912,1,traffic_lights,0.7910248637199402,601.225830078125,696.326416015625,621.29443359375,716.6836547851562,611.2601318359375,706.5050354003906,20.068603515625,20.35723876953125
IMG_0029.mp4,5721,190.8908908908909,29.97,913,1,traffic_lights,0.7090917825698853,1338.866943359375,746.5904541015625,1353.4490966796875,775.0502319335938,1346.1580200195312,760.8203430175781,14.5821533203125,28.45977783203125
IMG_0029.mp4,5721,190.8908908908909,29.97,914,2,traffic_signs,0.4981672763824463,1835.37109375,660.1957397460938,1880.54052734375,698.5020141601562,1857.955810546875,679.348876953125,45.16943359375,38.3062744140625
IMG_0029.mp4,5721,190.8908908908909,29.97,917,1,traffic_lights,0.8525592684745789,1751.2086181640625,660.8934936523438,1780.5579833984375,703.8984985351562,1765.88330078125,682.39599609375,29.349365234375,43.0050048828125
IMG_0029.mp4,5722,190.92425759092427,29.97,865,2,traffic_signs,0.9006542563438416,1448.1781005859375,660.3661499023438,1489.9332275390625,713.9552001953125,1469.0556640625,687.1606750488281,41.755126953125,53.58905029296875
IMG_0029.mp4,5722,190.92425759092427,29.97,872,1,traffic_lights,0.5996939539909363,1365.618408203125,613.6845092773438,1376.99072265625,646.04150390625,1371.3045654296875,629.8630065917969,11.372314453125,32.35699462890625
IMG_0029.mp4,5722,190.92425759092427,29.97,912,1,traffic_lights,0.8911939263343811,596.7388305664062,695.8119506835938,617.8366088867188,716.1583862304688,607.2877197265625,705.9851684570312,21.0977783203125,20.346435546875
IMG_0029.mp4,5722,190.92425759092427,29.97,913,1,traffic_lights,0.6962724328041077,1335.72900390625,745.134521484375,1352.3414306640625,775.0055541992188,1344.0352172851562,760.0700378417969,16.6124267578125,29.87103271484375
IMG_0029.mp4,5722,190.92425759092427,29.97,917,1,traffic_lights,0.7441867589950562,1753.0645751953125,659.3975219726562,1783.1595458984375,703.2237548828125,1768.112060546875,681.3106384277344,30.094970703125,43.82623291015625
IMG_0029.mp4,5723,190.95762429095763,29.97,865,2,traffic_signs,0.890893816947937,1448.4827880859375,658.9146728515625,1491.338134765625,712.98681640625,1469.9104614257812,685.9507446289062,42.8553466796875,54.0721435546875
IMG_0029.mp4,5723,190.95762429095763,29.97,872,1,traffic_lights,0.6435396075248718,1364.296142578125,612.7890625,1375.9345703125,645.426025390625,1370.1153564453125,629.1075439453125,11.638427734375,32.636962890625
IMG_0029.mp4,5723,190.95762429095763,29.97,912,1,traffic_lights,0.9024175405502319,592.3463745117188,695.1199951171875,614.2948608398438,715.8193359375,603.3206176757812,705.4696655273438,21.948486328125,20.6993408203125
IMG_0029.mp4,5723,190.95762429095763,29.97,913,1,traffic_lights,0.7475308179855347,1333.98779296875,745.5546264648438,1351.5653076171875,774.9607543945312,1342.7765502929688,760.2576904296875,17.5775146484375,29.4061279296875
IMG_0029.mp4,5723,190.95762429095763,29.97,917,1,traffic_lights,0.769408643245697,1756.0670166015625,657.7483520507812,1786.1519775390625,703.3446044921875,1771.1094970703125,680.5464782714844,30.0849609375,45.59625244140625
IMG_0029.mp4,5724,190.990990990991,29.97,865,2,traffic_signs,0.8855298161506653,1448.30615234375,656.864501953125,1492.4615478515625,711.8013305664062,1470.3838500976562,684.3329162597656,44.1553955078125,54.93682861328125
IMG_0029.mp4,5724,190.990990990991,29.97,872,1,traffic_lights,0.6108994483947754,1362.7589111328125,611.4824829101562,1374.572265625,644.865234375,1368.6655883789062,628.1738586425781,11.8133544921875,33.38275146484375
IMG_0029.mp4,5724,190.990990990991,29.97,912,1,traffic_lights,0.7967954277992249,588.987060546875,695.07666015625,610.2553100585938,715.7202758789062,599.6211853027344,705.3984680175781,21.26824951171875,20.64361572265625
IMG_0029.mp4,5724,190.990990990991,29.97,913,1,traffic_lights,0.7311028242111206,1332.4560546875,745.201171875,1349.1239013671875,774.6961059570312,1340.7899780273438,759.9486389160156,16.6678466796875,29.49493408203125
IMG_0029.mp4,5724,190.990990990991,29.97,917,1,traffic_lights,0.7110087871551514,1757.8465576171875,655.8742065429688,1788.14404296875,701.57568359375,1772.9953002929688,678.7249450683594,30.2974853515625,45.70147705078125
IMG_0029.mp4,5725,191.02435769102436,29.97,865,2,traffic_signs,0.8971249461174011,1448.209228515625,654.7435913085938,1493.4454345703125,710.5100708007812,1470.8273315429688,682.6268310546875,45.2362060546875,55.7664794921875
IMG_0029.mp4,5725,191.02435769102436,29.97,872,1,traffic_lights,0.5693717002868652,1361.1151123046875,610.4974975585938,1373.38427734375,644.2406616210938,1367.2496948242188,627.3690795898438,12.2691650390625,33.7431640625
IMG_0029.mp4,5725,191.02435769102436,29.97,912,1,traffic_lights,0.9160668253898621,585.1424560546875,694.5173950195312,606.2837524414062,715.1958618164062,595.7131042480469,704.8566284179688,21.14129638671875,20.678466796875
IMG_0029.mp4,5725,191.02435769102436,29.97,913,1,traffic_lights,0.7026243209838867,1331.112060546875,744.7571411132812,1348.259765625,774.1796875,1339.6859130859375,759.4684143066406,17.147705078125,29.42254638671875
IMG_0029.mp4,5725,191.02435769102436,29.97,917,1,traffic_lights,0.7408719658851624,1759.823974609375,654.2247314453125,1790.51806640625,702.3225708007812,1775.1710205078125,678.2736511230469,30.694091796875,48.09783935546875
IMG_0029.mp4,5726,191.05772439105772,29.97,865,2,traffic_signs,0.7598062753677368,1447.9375,652.7576904296875,1494.21533203125,709.1915283203125,1471.076416015625,680.974609375,46.27783203125,56.433837890625
IMG_0029.mp4,5726,191.05772439105772,29.97,872,1,traffic_lights,0.6875812411308289,1359.514404296875,609.4435424804688,1371.5030517578125,643.2816162109375,1365.5087280273438,626.3625793457031,11.9886474609375,33.83807373046875
IMG_0029.mp4,5726,191.05772439105772,29.97,912,1,traffic_lights,0.9161697626113892,580.6041870117188,693.9623413085938,602.5001831054688,714.8685302734375,591.5521850585938,704.4154357910156,21.89599609375,20.90618896484375
IMG_0029.mp4,5726,191.05772439105772,29.97,913,1,traffic_lights,0.7480500936508179,1330.15380859375,745.5201416015625,1346.3050537109375,774.4219360351562,1338.2294311523438,759.9710388183594,16.1512451171875,28.90179443359375
IMG_0029.mp4,5726,191.05772439105772,29.97,917,1,traffic_lights,0.6837387681007385,1762.022705078125,652.2349853515625,1793.214599609375,700.9693603515625,1777.61865234375,676.6021728515625,31.19189453125,48.734375
IMG_0029.mp4,5727,191.0910910910911,29.97,865,2,traffic_signs,0.9176121354103088,1448.486572265625,651.685302734375,1495.1739501953125,709.07275390625,1471.8302612304688,680.3790283203125,46.6873779296875,57.387451171875
IMG_0029.mp4,5727,191.0910910910911,29.97,872,1,traffic_lights,0.4276863634586334,1358.0687255859375,608.7075805664062,1369.925048828125,642.5436401367188,1363.9968872070312,625.6256103515625,11.8563232421875,33.8360595703125
IMG_0029.mp4,5727,191.0910910910911,29.97,912,1,traffic_lights,0.9254707098007202,576.4292602539062,694.024658203125,597.9322509765625,714.6046752929688,587.1807556152344,704.3146667480469,21.50299072265625,20.58001708984375
IMG_0029.mp4,5727,191.0910910910911,29.97,913,1,traffic_lights,0.6944658160209656,1329.013427734375,745.2685546875,1343.7396240234375,774.765625,1336.3765258789062,760.01708984375,14.7261962890625,29.4970703125
IMG_0029.mp4,5727,191.0910910910911,29.97,917,1,traffic_lights,0.7145205140113831,1764.4954833984375,650.857666015625,1796.3814697265625,699.1148071289062,1780.4384765625,674.9862365722656,31.885986328125,48.25714111328125
IMG_0029.mp4,5728,191.12445779112446,29.97,865,2,traffic_signs,0.9152982831001282,1448.65771484375,650.666015625,1495.5322265625,707.8675537109375,1472.094970703125,679.2667846679688,46.87451171875,57.2015380859375
IMG_0029.mp4,5728,191.12445779112446,29.97,872,1,traffic_lights,0.5947406888008118,1356.80322265625,607.8406982421875,1368.232421875,642.2099609375,1362.517822265625,625.0253295898438,11.42919921875,34.3692626953125
IMG_0029.mp4,5728,191.12445779112446,29.97,912,1,traffic_lights,0.9328458309173584,571.7028198242188,693.4344482421875,593.479736328125,714.0137329101562,582.5912780761719,703.7240905761719,21.77691650390625,20.57928466796875
IMG_0029.mp4,5728,191.12445779112446,29.97,913,1,traffic_lights,0.6296522617340088,1327.1009521484375,744.7880249023438,1341.5498046875,774.4800415039062,1334.3253784179688,759.634033203125,14.4488525390625,29.6920166015625
IMG_0029.mp4,5728,191.12445779112446,29.97,917,1,traffic_lights,0.39285898208618164,1768.023681640625,648.8347778320312,1799.70166015625,697.1798706054688,1783.8626708984375,673.00732421875,31.677978515625,48.3450927734375
IMG_0029.mp4,5729,191.15782449115784,29.97,865,2,traffic_signs,0.9186213612556458,1448.7457275390625,649.690185546875,1496.1917724609375,706.5784912109375,1472.46875,678.1343383789062,47.446044921875,56.8883056640625
IMG_0029.mp4,5729,191.15782449115784,29.97,872,1,traffic_lights,0.5691989064216614,1354.9915771484375,607.2579956054688,1366.2362060546875,641.1808471679688,1360.6138916015625,624.2194213867188,11.24462890625,33.9228515625
IMG_0029.mp4,5729,191.15782449115784,29.97,912,1,traffic_lights,0.9179359078407288,566.7999877929688,692.6649169921875,589.12646484375,713.7600708007812,577.9632263183594,703.2124938964844,22.32647705078125,21.09515380859375
IMG_0029.mp4,5729,191.15782449115784,29.97,913,1,traffic_lights,0.5615686774253845,1324.470947265625,745.1080322265625,1339.7796630859375,774.1824340820312,1332.1253051757812,759.6452331542969,15.3087158203125,29.07440185546875
IMG_0029.mp4,5729,191.15782449115784,29.97,917,1,traffic_lights,0.5169410109519958,1770.9537353515625,647.573974609375,1802.7017822265625,696.7299194335938,1786.8277587890625,672.1519470214844,31.748046875,49.15594482421875
IMG_0029.mp4,5730,191.1911911911912,29.97,865,2,traffic_signs,0.9003057479858398,1448.408935546875,647.7907104492188,1496.7222900390625,705.5740356445312,1472.5656127929688,676.682373046875,48.3133544921875,57.7833251953125
IMG_0029.mp4,5730,191.1911911911912,29.97,872,1,traffic_lights,0.6425246596336365,1352.5374755859375,606.4908447265625,1363.910400390625,640.5089111328125,1358.2239379882812,623.4998779296875,11.3729248046875,34.01806640625
IMG_0029.mp4,5730,191.1911911911912,29.97,912,1,traffic_lights,0.9338285326957703,562.832275390625,692.3468017578125,584.7425537109375,713.2533569335938,573.7874145507812,702.8000793457031,21.9102783203125,20.90655517578125
IMG_0029.mp4,5730,191.1911911911912,29.97,913,1,traffic_lights,0.6399292349815369,1321.52294921875,744.6825561523438,1336.570556640625,773.932861328125,1329.0467529296875,759.3077087402344,15.047607421875,29.25030517578125
IMG_0029.mp4,5730,191.1911911911912,29.97,917,1,traffic_lights,0.3641422390937805,1774.1239013671875,646.1580200195312,1805.7225341796875,697.0283203125,1789.9232177734375,671.5931701660156,31.5986328125,50.87030029296875
IMG_0029.mp4,5731,191.22455789122458,29.97,865,2,traffic_signs,0.900806188583374,1447.411376953125,645.8085327148438,1497.14892578125,704.541015625,1472.2801513671875,675.1747741699219,49.737548828125,58.73248291015625
IMG_0029.mp4,5731,191.22455789122458,29.97,872,1,traffic_lights,0.6369033455848694,1350.5341796875,605.5043334960938,1362.118408203125,639.890380859375,1356.3262939453125,622.6973571777344,11.584228515625,34.38604736328125
IMG_0029.mp4,5731,191.22455789122458,29.97,912,1,traffic_lights,0.9348052740097046,557.9672241210938,691.885009765625,580.4900512695312,712.7194213867188,569.2286376953125,702.3022155761719,22.5228271484375,20.83441162109375
IMG_0029.mp4,5731,191.22455789122458,29.97,913,1,traffic_lights,0.6358928084373474,1318.926025390625,744.6080932617188,1334.81591796875,773.9243774414062,1326.8709716796875,759.2662353515625,15.889892578125,29.3162841796875
IMG_0029.mp4,5731,191.22455789122458,29.97,920,2,traffic_signs,0.3900924324989319,1435.2965087890625,715.846435546875,1448.4273681640625,742.879150390625,1441.8619384765625,729.36279296875,13.130859375,27.03271484375
IMG_0029.mp4,5732,191.25792459125793,29.97,865,2,traffic_signs,0.9045295715332031,1446.264404296875,643.6555786132812,1496.9295654296875,703.3661499023438,1471.5969848632812,673.5108642578125,50.6651611328125,59.7105712890625
IMG_0029.mp4,5732,191.25792459125793,29.97,872,1,traffic_lights,0.618847668170929,1348.3372802734375,604.4924926757812,1359.8670654296875,639.0938110351562,1354.1021728515625,621.7931518554688,11.52978515625,34.601318359375
IMG_0029.mp4,5732,191.25792459125793,29.97,912,1,traffic_lights,0.9282534718513489,553.200439453125,691.1632080078125,576.0193481445312,712.6597900390625,564.6098937988281,701.9114990234375,22.81890869140625,21.49658203125
IMG_0029.mp4,5732,191.25792459125793,29.97,913,1,traffic_lights,0.6492314338684082,1317.3607177734375,744.2146606445312,1331.856201171875,773.7964477539062,1324.6084594726562,759.0055541992188,14.4954833984375,29.581787109375
IMG_0029.mp4,5733,191.2912912912913,29.97,865,2,traffic_signs,0.9111636281013489,1445.89501953125,641.6946411132812,1497.1470947265625,701.995361328125,1471.5210571289062,671.8450012207031,51.2520751953125,60.30072021484375
IMG_0029.mp4,5733,191.2912912912913,29.97,872,1,traffic_lights,0.5902395844459534,1346.4217529296875,603.9330444335938,1357.8521728515625,638.3779296875,1352.136962890625,621.1554870605469,11.430419921875,34.44488525390625
IMG_0029.mp4,5733,191.2912912912913,29.97,912,1,traffic_lights,0.9297168254852295,548.4730224609375,690.5148315429688,571.05810546875,711.9554443359375,559.7655639648438,701.2351379394531,22.5850830078125,21.44061279296875
IMG_0029.mp4,5733,191.2912912912913,29.97,913,1,traffic_lights,0.6788287162780762,1315.0736083984375,743.6729125976562,1328.8621826171875,773.1843872070312,1321.9678955078125,758.4286499023438,13.78857421875,29.511474609375
IMG_0029.mp4,5734,191.32465799132467,29.97,865,2,traffic_signs,0.9151580929756165,1445.7996826171875,639.7459716796875,1497.261962890625,700.2743530273438,1471.5308227539062,670.0101623535156,51.4622802734375,60.52838134765625
IMG_0029.mp4,5734,191.32465799132467,29.97,872,1,traffic_lights,0.5900324583053589,1344.390380859375,603.0338134765625,1355.7001953125,637.9346313476562,1350.0452880859375,620.4842224121094,11.309814453125,34.90081787109375
IMG_0029.mp4,5734,191.32465799132467,29.97,912,1,traffic_lights,0.9193388223648071,543.1544189453125,689.6554565429688,566.2554931640625,711.5679931640625,554.7049560546875,700.6117248535156,23.10107421875,21.91253662109375
IMG_0029.mp4,5734,191.32465799132467,29.97,913,1,traffic_lights,0.7602812051773071,1310.8345947265625,742.9382934570312,1327.7655029296875,772.759765625,1319.300048828125,757.8490295410156,16.930908203125,29.82147216796875
IMG_0029.mp4,5735,191.35802469135803,29.97,865,2,traffic_signs,0.8943747282028198,1445.931884765625,637.884033203125,1497.0894775390625,698.8817138671875,1471.5106811523438,668.3828735351562,51.1575927734375,60.9976806640625
IMG_0029.mp4,5735,191.35802469135803,29.97,872,1,traffic_lights,0.6143029928207397,1341.322265625,601.9791259765625,1353.302490234375,637.137451171875,1347.3123779296875,619.5582885742188,11.980224609375,35.1583251953125
IMG_0029.mp4,5735,191.35802469135803,29.97,912,1,traffic_lights,0.9242798089981079,538.5820922851562,688.9491577148438,561.2312622070312,711.0206909179688,549.9066772460938,699.9849243164062,22.649169921875,22.071533203125
IMG_0029.mp4,5735,191.35802469135803,29.97,913,1,traffic_lights,0.7757458090782166,1307.5491943359375,742.4127197265625,1324.6356201171875,772.169189453125,1316.0924072265625,757.2909545898438,17.08642578125,29.7564697265625
IMG_0029.mp4,5736,191.3913913913914,29.97,865,2,traffic_signs,0.8667173385620117,1444.842529296875,636.4209594726562,1496.9732666015625,697.2420654296875,1470.9078979492188,666.8315124511719,52.1307373046875,60.82110595703125
IMG_0029.mp4,5736,191.3913913913914,29.97,872,1,traffic_lights,0.675963282585144,1338.7528076171875,600.8159790039062,1351.3037109375,636.36376953125,1345.0282592773438,618.5898742675781,12.5509033203125,35.54779052734375
IMG_0029.mp4,5736,191.3913913913914,29.97,912,1,traffic_lights,0.9316410422325134,532.8500366210938,688.4939575195312,556.220947265625,710.4717407226562,544.5354919433594,699.4828491210938,23.37091064453125,21.977783203125
IMG_0029.mp4,5736,191.3913913913914,29.97,913,1,traffic_lights,0.7316199541091919,1305.9794921875,743.6986694335938,1321.4427490234375,771.9049682617188,1313.7111206054688,757.8018188476562,15.4632568359375,28.206298828125
IMG_0029.mp4,5737,191.42475809142476,29.97,865,2,traffic_signs,0.8999757170677185,1443.1898193359375,633.8426513671875,1496.572021484375,695.6608276367188,1469.8809204101562,664.7517395019531,53.3822021484375,61.81817626953125
IMG_0029.mp4,5737,191.42475809142476,29.97,872,1,traffic_lights,0.6617239117622375,1335.98779296875,599.891357421875,1348.7447509765625,635.499755859375,1342.3662719726562,617.695556640625,12.7569580078125,35.6083984375
IMG_0029.mp4,5737,191.42475809142476,29.97,912,1,traffic_lights,0.8778398633003235,527.9915161132812,688.055908203125,551.5205078125,710.0686645507812,539.7560119628906,699.0622863769531,23.52899169921875,22.01275634765625
IMG_0029.mp4,5737,191.42475809142476,29.97,913,1,traffic_lights,0.7761253714561462,1304.2177734375,743.7211303710938,1318.2491455078125,771.3306884765625,1311.2334594726562,757.5259094238281,14.0313720703125,27.60955810546875
IMG_0029.mp4,5738,191.45812479145812,29.97,865,2,traffic_signs,0.9086627960205078,1442.08203125,630.974609375,1496.421630859375,694.4381713867188,1469.2518310546875,662.7063903808594,54.339599609375,63.46356201171875
IMG_0029.mp4,5738,191.45812479145812,29.97,872,1,traffic_lights,0.698962926864624,1333.3323974609375,599.0834350585938,1346.1513671875,634.9445190429688,1339.7418823242188,617.0139770507812,12.8189697265625,35.861083984375
IMG_0029.mp4,5738,191.45812479145812,29.97,912,1,traffic_lights,0.9286280274391174,521.7835083007812,687.4434204101562,545.629150390625,709.5088500976562,533.7063293457031,698.4761352539062,23.84564208984375,22.0654296875
IMG_0029.mp4,5738,191.45812479145812,29.97,913,1,traffic_lights,0.716569721698761,1302.8216552734375,743.7936401367188,1316.369140625,770.9588623046875,1309.5953979492188,757.3762512207031,13.5474853515625,27.16522216796875
IMG_0029.mp4,5739,191.4914914914915,29.97,865,2,traffic_signs,0.9080668687820435,1440.7935791015625,628.1596069335938,1495.9404296875,693.2940063476562,1468.3670043945312,660.726806640625,55.1468505859375,65.1343994140625
IMG_0029.mp4,5739,191.4914914914915,29.97,872,1,traffic_lights,0.6548511385917664,1330.8248291015625,598.4092407226562,1343.150390625,634.408935546875,1336.9876098632812,616.4090881347656,12.3255615234375,35.99969482421875
IMG_0029.mp4,5739,191.4914914914915,29.97,912,1,traffic_lights,0.7947288751602173,516.2153930664062,687.08984375,539.7516479492188,708.8975830078125,527.9835205078125,697.9937133789062,23.5362548828125,21.8077392578125
IMG_0029.mp4,5739,191.4914914914915,29.97,913,1,traffic_lights,0.8140832781791687,1299.593505859375,743.0419921875,1313.502685546875,770.6009521484375,1306.548095703125,756.8214721679688,13.9091796875,27.5589599609375
IMG_0029.mp4,5740,191.52485819152486,29.97,865,2,traffic_signs,0.895207405090332,1439.6375732421875,625.8016357421875,1494.917724609375,691.8418579101562,1467.2776489257812,658.8217468261719,55.2801513671875,66.04022216796875
IMG_0029.mp4,5740,191.52485819152486,29.97,872,1,traffic_lights,0.6743981838226318,1327.81640625,597.5563354492188,1340.3970947265625,633.9176025390625,1334.1067504882812,615.7369689941406,12.5806884765625,36.36126708984375
IMG_0029.mp4,5740,191.52485819152486,29.97,912,1,traffic_lights,0.9329421520233154,510.1600036621094,686.6546020507812,534.230224609375,708.0739135742188,522.1951141357422,697.3642578125,24.070220947265625,21.4193115234375
IMG_0029.mp4,5740,191.52485819152486,29.97,913,1,traffic_lights,0.7651951313018799,1296.91796875,743.7234497070312,1310.50830078125,770.7598876953125,1303.713134765625,757.2416687011719,13.59033203125,27.03643798828125
IMG_0029.mp4,5741,191.55822489155824,29.97,865,2,traffic_signs,0.8906363248825073,1438.518798828125,623.93701171875,1494.48388671875,690.2073974609375,1466.5013427734375,657.0722045898438,55.965087890625,66.2703857421875
IMG_0029.mp4,5741,191.55822489155824,29.97,872,1,traffic_lights,0.36841368675231934,1325.47412109375,596.9173583984375,1337.90283203125,633.2258911132812,1331.6884765625,615.0716247558594,12.4287109375,36.30853271484375
IMG_0029.mp4,5741,191.55822489155824,29.97,912,1,traffic_lights,0.687975287437439,504.1304931640625,686.0742797851562,528.1790771484375,707.5303955078125,516.15478515625,696.8023376464844,24.048583984375,21.45611572265625
IMG_0029.mp4,5741,191.55822489155824,29.97,913,1,traffic_lights,0.756430447101593,1293.5291748046875,743.265380859375,1305.9700927734375,770.7634887695312,1299.7496337890625,757.0144348144531,12.44091796875,27.49810791015625
IMG_0029.mp4,5742,191.5915915915916,29.97,865,2,traffic_signs,0.8510031700134277,1437.3033447265625,622.0934448242188,1494.0904541015625,688.718017578125,1465.6968994140625,655.4057312011719,56.787109375,66.62457275390625
IMG_0029.mp4,5742,191.5915915915916,29.97,872,1,traffic_lights,0.6669943332672119,1322.38818359375,596.0640258789062,1334.77099609375,632.2915649414062,1328.57958984375,614.1777954101562,12.3828125,36.2275390625
IMG_0029.mp4,5742,191.5915915915916,29.97,912,1,traffic_lights,0.8480325937271118,497.9022521972656,685.1237182617188,522.5474243164062,707.158935546875,510.22483825683594,696.1413269042969,24.645172119140625,22.03521728515625
IMG_0029.mp4,5742,191.5915915915916,29.97,913,1,traffic_lights,0.601326584815979,1290.45947265625,743.5555419921875,1303.3316650390625,770.0823974609375,1296.8955688476562,756.8189697265625,12.8721923828125,26.52685546875
IMG_0029.mp4,5743,191.62495829162498,29.97,865,2,traffic_signs,0.866375207901001,1436.6654052734375,620.638427734375,1493.3765869140625,688.076171875,1465.02099609375,654.3572998046875,56.711181640625,67.437744140625
IMG_0029.mp4,5743,191.62495829162498,29.97,872,1,traffic_lights,0.4848790764808655,1319.6513671875,595.2000732421875,1331.712158203125,631.513671875,1325.6817626953125,613.3568725585938,12.060791015625,36.3135986328125
IMG_0029.mp4,5743,191.62495829162498,29.97,912,1,traffic_lights,0.8363174200057983,491.9412536621094,684.2350463867188,516.143798828125,706.9561157226562,504.0425262451172,695.5955810546875,24.202545166015625,22.7210693359375
IMG_0029.mp4,5743,191.62495829162498,29.97,913,1,traffic_lights,0.7316585183143616,1286.7490234375,742.5811157226562,1299.8345947265625,770.2220458984375,1293.2918090820312,756.4015808105469,13.0855712890625,27.64093017578125
IMG_0029.mp4,5743,191.62495829162498,29.97,926,2,traffic_signs,0.790444552898407,150.39784240722656,766.7514038085938,174.8279571533203,785.9043579101562,162.61289978027344,776.327880859375,24.43011474609375,19.1529541015625
IMG_0029.mp4,5744,191.65832499165833,29.97,865,2,traffic_signs,0.788349986076355,1435.49951171875,618.4818725585938,1492.5218505859375,687.2493286132812,1464.0106811523438,652.8656005859375,57.0223388671875,68.7674560546875
IMG_0029.mp4,5744,191.65832499165833,29.97,872,1,traffic_lights,0.6594533324241638,1316.1966552734375,594.3490600585938,1328.4539794921875,630.7774658203125,1322.3253173828125,612.5632629394531,12.25732421875,36.42840576171875
IMG_0029.mp4,5744,191.65832499165833,29.97,912,1,traffic_lights,0.9170061349868774,485.3807373046875,683.44140625,509.9455871582031,706.19384765625,497.6631622314453,694.817626953125,24.564849853515625,22.75244140625
IMG_0029.mp4,5744,191.65832499165833,29.97,913,1,traffic_lights,0.7530015110969543,1283.3775634765625,743.1156616210938,1295.075439453125,770.3334350585938,1289.2265014648438,756.7245483398438,11.6978759765625,27.2177734375
IMG_0029.mp4,5744,191.65832499165833,29.97,926,2,traffic_signs,0.7623417973518372,139.02403259277344,765.4879760742188,165.21310424804688,785.5943603515625,152.11856842041016,775.5411682128906,26.189071655273438,20.10638427734375
IMG_0029.mp4,5745,191.6916916916917,29.97,865,2,traffic_signs,0.7101226449012756,1433.2166748046875,616.3712768554688,1491.5081787109375,685.3521118164062,1462.3624267578125,650.8616943359375,58.29150390625,68.9808349609375
IMG_0029.mp4,5745,191.6916916916917,29.97,872,1,traffic_lights,0.6068341135978699,1312.670654296875,593.5196533203125,1325.066650390625,629.4795532226562,1318.86865234375,611.4996032714844,12.39599609375,35.95989990234375
IMG_0029.mp4,5745,191.6916916916917,29.97,912,1,traffic_lights,0.6419063210487366,479.24664306640625,682.826904296875,503.71673583984375,705.6139526367188,491.481689453125,694.2204284667969,24.4700927734375,22.78704833984375
IMG_0029.mp4,5745,191.6916916916917,29.97,913,1,traffic_lights,0.7428762912750244,1280.334228515625,743.259765625,1291.394775390625,770.1915283203125,1285.864501953125,756.7256469726562,11.060546875,26.9317626953125
IMG_0029.mp4,5745,191.6916916916917,29.97,926,2,traffic_signs,0.8496074676513672,127.67855072021484,765.1018676757812,154.92257690429688,785.7897338867188,141.30056381225586,775.44580078125,27.24402618408203,20.6878662109375
IMG_0029.mp4,5746,191.72505839172507,29.97,865,2,traffic_signs,0.829424262046814,1430.9715576171875,614.4248046875,1489.583251953125,683.4976806640625,1460.2774047851562,648.9612426757812,58.6116943359375,69.0728759765625
IMG_0029.mp4,5746,191.72505839172507,29.97,872,1,traffic_lights,0.6533735990524292,1309.2110595703125,592.68505859375,1321.546630859375,628.662353515625,1315.3788452148438,610.6737060546875,12.3355712890625,35.977294921875
IMG_0029.mp4,5746,191.72505839172507,29.97,912,1,traffic_lights,0.8964828848838806,472.0906066894531,682.0070190429688,497.2803955078125,704.8128051757812,484.6855010986328,693.409912109375,25.189788818359375,22.8057861328125
IMG_0029.mp4,5746,191.72505839172507,29.97,913,1,traffic_lights,0.6165697574615479,1276.396240234375,742.5936279296875,1287.6561279296875,769.6182861328125,1282.0261840820312,756.10595703125,11.2598876953125,27.024658203125
IMG_0029.mp4,5746,191.72505839172507,29.97,926,2,traffic_signs,0.8424822092056274,115.57328796386719,765.1796264648438,143.94723510742188,786.2947998046875,129.76026153564453,775.7372131347656,28.373947143554688,21.11517333984375
IMG_0029.mp4,5746,191.72505839172507,29.97,929,1,traffic_lights,0.46990981698036194,1357.51806640625,708.57275390625,1382.8009033203125,748.0432739257812,1370.1594848632812,728.3080139160156,25.2828369140625,39.47052001953125
IMG_0029.mp4,5746,191.72505839172507,29.97,920,2,traffic_signs,0.4129321277141571,1397.0469970703125,706.6709594726562,1412.052001953125,734.5505981445312,1404.5494995117188,720.6107788085938,15.0050048828125,27.879638671875
IMG_0029.mp4,5747,191.75842509175843,29.97,865,2,traffic_signs,0.7079077959060669,1428.96826171875,612.427001953125,1487.5806884765625,681.92724609375,1458.2744750976562,647.1771240234375,58.6124267578125,69.500244140625
IMG_0029.mp4,5747,191.75842509175843,29.97,872,1,traffic_lights,0.6332767009735107,1305.5328369140625,591.9351196289062,1317.841552734375,627.9588623046875,1311.6871948242188,609.9469909667969,12.3087158203125,36.02374267578125
IMG_0029.mp4,5747,191.75842509175843,29.97,912,1,traffic_lights,0.8917074799537659,465.12664794921875,681.37353515625,490.49945068359375,704.2085571289062,477.81304931640625,692.7910461425781,25.372802734375,22.83502197265625
IMG_0029.mp4,5747,191.75842509175843,29.97,913,1,traffic_lights,0.7100841999053955,1273.3367919921875,742.7161254882812,1285.046630859375,769.5289306640625,1279.1917114257812,756.1225280761719,11.7098388671875,26.81280517578125
IMG_0029.mp4,5747,191.75842509175843,29.97,926,2,traffic_signs,0.864216148853302,103.99579620361328,764.610107421875,132.65394592285156,785.780029296875,118.32487106323242,775.195068359375,28.65814971923828,21.169921875
IMG_0029.mp4,5747,191.75842509175843,29.97,920,2,traffic_signs,0.6846259236335754,1394.120361328125,705.7637329101562,1409.1534423828125,734.7862548828125,1401.6369018554688,720.2749938964844,15.0330810546875,29.02252197265625
IMG_0029.mp4,5748,191.7917917917918,29.97,865,2,traffic_signs,0.7407214045524597,1426.5909423828125,611.2921142578125,1485.912353515625,681.0411987304688,1456.2516479492188,646.1666564941406,59.3214111328125,69.74908447265625
IMG_0029.mp4,5748,191.7917917917918,29.97,872,1,traffic_lights,0.5352108478546143,1301.806396484375,591.05908203125,1314.2451171875,627.428955078125,1308.0257568359375,609.2440185546875,12.438720703125,36.369873046875
IMG_0029.mp4,5748,191.7917917917918,29.97,912,1,traffic_lights,0.921055793762207,457.8094482421875,680.5065307617188,483.9664611816406,703.6306762695312,470.88795471191406,692.068603515625,26.157012939453125,23.1241455078125
IMG_0029.mp4,5748,191.7917917917918,29.97,913,1,traffic_lights,0.4193378984928131,1269.1619873046875,742.7940063476562,1280.874267578125,769.7733154296875,1275.0181274414062,756.2836608886719,11.7122802734375,26.97930908203125
IMG_0029.mp4,5748,191.7917917917918,29.97,926,2,traffic_signs,0.8759804964065552,92.306640625,764.2881469726562,121.34134674072266,784.9005126953125,106.82399368286133,774.5943298339844,29.034706115722656,20.61236572265625
IMG_0029.mp4,5748,191.7917917917918,29.97,920,2,traffic_signs,0.5643240213394165,1389.89501953125,705.5028076171875,1405.088623046875,734.72265625,1397.4918212890625,720.1127319335938,15.193603515625,29.2198486328125
IMG_0029.mp4,5749,191.82515849182516,29.97,865,2,traffic_signs,0.74955815076828,1424.407958984375,609.7402954101562,1484.1331787109375,678.7901000976562,1454.2705688476562,644.2651977539062,59.7252197265625,69.0498046875
IMG_0029.mp4,5749,191.82515849182516,29.97,872,1,traffic_lights,0.6530960202217102,1297.9920654296875,590.8997192382812,1309.8671875,626.4163818359375,1303.9296264648438,608.6580505371094,11.8751220703125,35.51666259765625
IMG_0029.mp4,5749,191.82515849182516,29.97,912,1,traffic_lights,0.8896821141242981,450.34271240234375,679.7122802734375,476.64892578125,702.8976440429688,463.4958190917969,691.3049621582031,26.30621337890625,23.18536376953125
IMG_0029.mp4,5749,191.82515849182516,29.97,913,1,traffic_lights,0.6610860228538513,1263.2833251953125,741.3485107421875,1276.717041015625,769.8357543945312,1270.0001831054688,755.5921325683594,13.4337158203125,28.48724365234375
IMG_0029.mp4,5749,191.82515849182516,29.97,926,2,traffic_signs,0.7754544019699097,80.63317108154297,763.070556640625,109.53022766113281,784.292236328125,95.08169937133789,773.681396484375,28.897056579589844,21.2216796875
IMG_0029.mp4,5749,191.82515849182516,29.97,920,2,traffic_signs,0.6518368124961853,1386.1517333984375,704.7874755859375,1401.4451904296875,734.3152465820312,1393.7984619140625,719.5513610839844,15.29345703125,29.52777099609375
IMG_0029.mp4,5749,191.82515849182516,29.97,929,1,traffic_lights,0.48257628083229065,1342.7552490234375,707.9733276367188,1370.0987548828125,747.7830810546875,1356.427001953125,727.8782043457031,27.343505859375,39.80975341796875
IMG_0029.mp4,5750,191.85852519185852,29.97,872,1,traffic_lights,0.5975551605224609,1293.0496826171875,590.218505859375,1305.138671875,625.631103515625,1299.0941772460938,607.9248046875,12.0889892578125,35.41259765625
IMG_0029.mp4,5750,191.85852519185852,29.97,912,1,traffic_lights,0.8854561448097229,442.8665771484375,678.7747802734375,469.5123596191406,702.6287841796875,456.18946838378906,690.7017822265625,26.645782470703125,23.85400390625
IMG_0029.mp4,5750,191.85852519185852,29.97,913,1,traffic_lights,0.6781057119369507,1259.59619140625,741.5150756835938,1272.9014892578125,770.2417602539062,1266.2488403320312,755.87841796875,13.3052978515625,28.7266845703125
IMG_0029.mp4,5750,191.85852519185852,29.97,926,2,traffic_signs,0.33169302344322205,68.77210998535156,762.6168212890625,97.4336929321289,783.4500122070312,83.10290145874023,773.0334167480469,28.661582946777344,20.83319091796875
IMG_0029.mp4,5750,191.85852519185852,29.97,920,2,traffic_signs,0.7565218806266785,1382.6219482421875,704.53955078125,1397.211669921875,733.8184814453125,1389.9168090820312,719.1790161132812,14.5897216796875,29.2789306640625
IMG_0029.mp4,5750,191.85852519185852,29.97,929,1,traffic_lights,0.4733840525150299,1337.966064453125,705.4156494140625,1365.6976318359375,747.5230712890625,1351.8318481445312,726.4693603515625,27.7315673828125,42.107421875
IMG_0029.mp4,5751,191.8918918918919,29.97,872,1,traffic_lights,0.5467667579650879,1288.657958984375,589.1004028320312,1301.08935546875,624.7101440429688,1294.8736572265625,606.9052734375,12.431396484375,35.6097412109375
IMG_0029.mp4,5751,191.8918918918919,29.97,912,1,traffic_lights,0.9322839379310608,434.916259765625,678.0450439453125,461.9469909667969,701.79248046875,448.43162536621094,689.9187622070312,27.030731201171875,23.7474365234375
IMG_0029.mp4,5751,191.8918918918919,29.97,913,1,traffic_lights,0.6822940707206726,1256.1412353515625,741.2775268554688,1268.9443359375,769.95556640625,1262.5427856445312,755.6165466308594,12.8031005859375,28.67803955078125
IMG_0029.mp4,5751,191.8918918918919,29.97,926,2,traffic_signs,0.38128143548965454,55.21450424194336,761.5811767578125,84.29725646972656,783.7481079101562,69.75588035583496,772.6646423339844,29.082752227783203,22.16693115234375
IMG_0029.mp4,5751,191.8918918918919,29.97,920,2,traffic_signs,0.41476160287857056,1377.6142578125,704.5250244140625,1392.4874267578125,733.191650390625,1385.0508422851562,718.8583374023438,14.8731689453125,28.6666259765625
IMG_0029.mp4,5751,191.8918918918919,29.97,929,1,traffic_lights,0.5618917346000671,1333.4420166015625,706.0490112304688,1361.5465087890625,747.5606689453125,1347.4942626953125,726.8048400878906,28.1044921875,41.51165771484375
IMG_0029.mp4,5751,191.8918918918919,29.97,865,2,traffic_signs,0.6089756488800049,1417.546142578125,605.3284301757812,1479.77783203125,676.2620239257812,1448.6619873046875,640.7952270507812,62.231689453125,70.93359375
IMG_0029.mp4,5752,191.92525859192526,29.97,872,1,traffic_lights,0.7122888565063477,1284.31787109375,588.4261474609375,1296.6529541015625,624.2223510742188,1290.4854125976562,606.3242492675781,12.3350830078125,35.79620361328125
IMG_0029.mp4,5752,191.92525859192526,29.97,912,1,traffic_lights,0.8796767592430115,427.1434631347656,676.8748168945312,454.6299743652344,701.0142211914062,440.88671875,688.9445190429688,27.48651123046875,24.139404296875
IMG_0029.mp4,5752,191.92525859192526,29.97,913,1,traffic_lights,0.5898903608322144,1250.5572509765625,741.1622924804688,1263.532958984375,769.6388549804688,1257.0451049804688,755.4005737304688,12.9757080078125,28.4765625
IMG_0029.mp4,5752,191.92525859192526,29.97,926,2,traffic_signs,0.6798924803733826,41.28453063964844,761.3338012695312,70.69329071044922,783.988525390625,55.98891067504883,772.6611633300781,29.40876007080078,22.65472412109375
IMG_0029.mp4,5752,191.92525859192526,29.97,920,2,traffic_signs,0.3535201847553253,1373.42626953125,704.4041748046875,1387.869384765625,732.729736328125,1380.6478271484375,718.5669555664062,14.443115234375,28.3255615234375
IMG_0029.mp4,5752,191.92525859192526,29.97,929,1,traffic_lights,0.5267000794410706,1330.5374755859375,705.5785522460938,1356.7830810546875,747.7774658203125,1343.6602783203125,726.6780090332031,26.24560546875,42.19891357421875
IMG_0029.mp4,5752,191.92525859192526,29.97,930,2,traffic_signs,0.5385007262229919,1413.818603515625,601.98095703125,1476.318359375,675.2521362304688,1445.0684814453125,638.6165466308594,62.499755859375,73.27117919921875
IMG_0029.mp4,5752,191.92525859192526,29.97,865,2,traffic_signs,0.7729867100715637,1414.2642822265625,602.5653686523438,1476.6185302734375,675.0436401367188,1445.44140625,638.8045043945312,62.354248046875,72.478271484375
IMG_0029.mp4,5753,191.95862529195864,29.97,872,1,traffic_lights,0.6936302185058594,1279.150146484375,587.8898315429688,1292.0626220703125,623.8682861328125,1285.6063842773438,605.8790588378906,12.9124755859375,35.97845458984375
IMG_0029.mp4,5753,191.95862529195864,29.97,912,1,traffic_lights,0.9155554175376892,418.98309326171875,676.0658569335938,446.7041931152344,700.8165283203125,432.84364318847656,688.4411926269531,27.721099853515625,24.75067138671875
IMG_0029.mp4,5753,191.95862529195864,29.97,913,1,traffic_lights,0.6201115250587463,1246.3538818359375,741.1861572265625,1259.119384765625,769.99755859375,1252.7366333007812,755.5918579101562,12.7655029296875,28.8114013671875
IMG_0029.mp4,5753,191.95862529195864,29.97,926,2,traffic_signs,0.5467085838317871,28.125694274902344,760.7215576171875,58.247398376464844,783.6265258789062,43.186546325683594,772.1740417480469,30.1217041015625,22.90496826171875
IMG_0029.mp4,5753,191.95862529195864,29.97,920,2,traffic_signs,0.6584588885307312,1368.6517333984375,703.6026611328125,1383.19580078125,732.8248291015625,1375.9237670898438,718.2137451171875,14.5440673828125,29.22216796875
IMG_0029.mp4,5753,191.95862529195864,29.97,929,1,traffic_lights,0.33160191774368286,1325.47705078125,703.738037109375,1352.8070068359375,747.6350708007812,1339.1420288085938,725.6865539550781,27.3299560546875,43.89703369140625
IMG_0029.mp4,5753,191.95862529195864,29.97,930,2,traffic_signs,0.44385725259780884,1410.314208984375,600.0386962890625,1472.7537841796875,674.4376831054688,1441.5339965820312,637.2381896972656,62.4395751953125,74.39898681640625
IMG_0029.mp4,5753,191.95862529195864,29.97,865,2,traffic_signs,0.36629414558410645,1411.3463134765625,599.2347412109375,1473.7694091796875,673.5994873046875,1442.557861328125,636.4171142578125,62.423095703125,74.36474609375
IMG_0029.mp4,5754,191.991991991992,29.97,872,1,traffic_lights,0.6755428314208984,1274.537109375,587.3006591796875,1287.4813232421875,623.0859985351562,1281.0092163085938,605.1933288574219,12.9442138671875,35.78533935546875
IMG_0029.mp4,5754,191.991991991992,29.97,912,1,traffic_lights,0.9334006309509277,410.0123291015625,675.5684814453125,438.1219787597656,700.1124877929688,424.06715393066406,687.8404846191406,28.109649658203125,24.54400634765625
IMG_0029.mp4,5754,191.991991991992,29.97,913,1,traffic_lights,0.5973145365715027,1240.23828125,739.7444458007812,1254.3438720703125,769.3593139648438,1247.2910766601562,754.5518798828125,14.1055908203125,29.6148681640625
IMG_0029.mp4,5754,191.991991991992,29.97,926,2,traffic_signs,0.29521018266677856,13.43858528137207,760.4715576171875,44.54026794433594,783.9835815429688,28.989426612854004,772.2275695800781,31.101682662963867,23.51202392578125
IMG_0029.mp4,5754,191.991991991992,29.97,920,2,traffic_signs,0.5923527479171753,1363.9820556640625,702.9754028320312,1378.508544921875,731.821044921875,1371.2453002929688,717.3982238769531,14.5264892578125,28.84564208984375
IMG_0029.mp4,5754,191.991991991992,29.97,929,1,traffic_lights,0.5054441094398499,1320.2694091796875,704.1275024414062,1347.5430908203125,746.5065307617188,1333.90625,725.3170166015625,27.273681640625,42.3790283203125
IMG_0029.mp4,5755,192.02535869202538,29.97,872,1,traffic_lights,0.5457162857055664,1269.9140625,586.760986328125,1282.480224609375,622.5220947265625,1276.1971435546875,604.6415405273438,12.566162109375,35.7611083984375
IMG_0029.mp4,5755,192.02535869202538,29.97,912,1,traffic_lights,0.8980293273925781,401.29180908203125,674.7079467773438,430.00457763671875,699.3909301757812,415.648193359375,687.0494384765625,28.7127685546875,24.6829833984375
IMG_0029.mp4,5755,192.02535869202538,29.97,913,1,traffic_lights,0.6917269825935364,1235.153076171875,739.842041015625,1248.7589111328125,769.5860595703125,1241.9559936523438,754.7140502929688,13.6058349609375,29.7440185546875
IMG_0029.mp4,5755,192.02535869202538,29.97,920,2,traffic_signs,0.712873101234436,1359.389404296875,702.4603271484375,1373.8555908203125,731.732177734375,1366.6224975585938,717.0962524414062,14.4661865234375,29.2718505859375
IMG_0029.mp4,5755,192.02535869202538,29.97,865,2,traffic_signs,0.7425108551979065,1404.2669677734375,596.6627807617188,1466.4090576171875,671.8541259765625,1435.3380126953125,634.2584533691406,62.14208984375,75.19134521484375
IMG_0029.mp4,5756,192.05872539205873,29.97,872,1,traffic_lights,0.5662754774093628,1264.9384765625,585.7859497070312,1277.9068603515625,622.1471557617188,1271.4226684570312,603.966552734375,12.9683837890625,36.3612060546875
IMG_0029.mp4,5756,192.05872539205873,29.97,912,1,traffic_lights,0.912608802318573,393.58258056640625,674.1976318359375,421.7654113769531,698.5059814453125,407.6739959716797,686.351806640625,28.182830810546875,24.308349609375
IMG_0029.mp4,5756,192.05872539205873,29.97,913,1,traffic_lights,0.6219448447227478,1231.578857421875,740.2613525390625,1244.4141845703125,769.5011596679688,1237.9965209960938,754.8812561035156,12.8353271484375,29.23980712890625
IMG_0029.mp4,5756,192.05872539205873,29.97,920,2,traffic_signs,0.6744685173034668,1353.7689208984375,702.138427734375,1368.5478515625,730.8778076171875,1361.1583862304688,716.5081176757812,14.7789306640625,28.7393798828125
IMG_0029.mp4,5756,192.05872539205873,29.97,865,2,traffic_signs,0.804036557674408,1400.251708984375,595.6175537109375,1463.540283203125,670.44482421875,1431.89599609375,633.0311889648438,63.28857421875,74.8272705078125
IMG_0029.mp4,5756,192.05872539205873,29.97,929,1,traffic_lights,0.407423198223114,1310.063232421875,703.2879028320312,1338.1917724609375,744.2285766601562,1324.1275024414062,723.7582397460938,28.1285400390625,40.940673828125
IMG_0029.mp4,5757,192.0920920920921,29.97,872,1,traffic_lights,0.6138644814491272,1260.22509765625,585.2178955078125,1272.1502685546875,621.3759155273438,1266.1876831054688,603.2969055175781,11.9251708984375,36.15802001953125
IMG_0029.mp4,5757,192.0920920920921,29.97,912,1,traffic_lights,0.9437455534934998,384.6319274902344,673.3443603515625,413.2352600097656,698.0005493164062,398.93359375,685.6724548339844,28.60333251953125,24.65618896484375
IMG_0029.mp4,5757,192.0920920920921,29.97,913,1,traffic_lights,0.6037267446517944,1225.3157958984375,740.3577270507812,1238.3134765625,769.0296020507812,1231.8146362304688,754.6936645507812,12.9976806640625,28.671875
IMG_0029.mp4,5757,192.0920920920921,29.97,920,2,traffic_signs,0.4391210377216339,1348.142333984375,701.4508666992188,1363.533935546875,730.5977783203125,1355.838134765625,716.0243225097656,15.3916015625,29.14691162109375
IMG_0029.mp4,5757,192.0920920920921,29.97,865,2,traffic_signs,0.9059603810310364,1395.91455078125,592.889892578125,1460.000732421875,669.4352416992188,1427.9576416015625,631.1625671386719,64.086181640625,76.54534912109375
IMG_0029.mp4,5757,192.0920920920921,29.97,929,1,traffic_lights,0.26948919892311096,1304.695068359375,701.1542358398438,1332.4111328125,744.0531616210938,1318.5531005859375,722.6036987304688,27.716064453125,42.89892578125
IMG_0029.mp4,5758,192.12545879212547,29.97,872,1,traffic_lights,0.6400123238563538,1255.0743408203125,584.6473999023438,1267.2655029296875,620.8140258789062,1261.169921875,602.730712890625,12.191162109375,36.1666259765625
IMG_0029.mp4,5758,192.12545879212547,29.97,912,1,traffic_lights,0.9225550889968872,375.418701171875,671.8524169921875,405.03076171875,696.6876220703125,390.2247314453125,684.27001953125,29.612060546875,24.835205078125
IMG_0029.mp4,5758,192.12545879212547,29.97,913,1,traffic_lights,0.6604624390602112,1219.73583984375,739.6615600585938,1232.8558349609375,768.460205078125,1226.2958374023438,754.0608825683594,13.1199951171875,28.79864501953125
IMG_0029.mp4,5758,192.12545879212547,29.97,920,2,traffic_signs,0.8053257465362549,1343.0098876953125,701.1778564453125,1358.1947021484375,730.5289916992188,1350.602294921875,715.8534240722656,15.184814453125,29.35113525390625
IMG_0029.mp4,5758,192.12545879212547,29.97,865,2,traffic_signs,0.9007208943367004,1391.5582275390625,590.5743408203125,1457.1041259765625,667.1083374023438,1424.3311767578125,628.8413391113281,65.5458984375,76.53399658203125
IMG_0029.mp4,5758,192.12545879212547,29.97,929,1,traffic_lights,0.4280907213687897,1298.646484375,700.5906372070312,1327.379638671875,743.309814453125,1313.0130615234375,721.9502258300781,28.733154296875,42.71917724609375
IMG_0029.mp4,5759,192.15882549215883,29.97,872,1,traffic_lights,0.6492346525192261,1249.9207763671875,584.5,1261.580322265625,620.3316650390625,1255.7505493164062,602.4158325195312,11.6595458984375,35.8316650390625
IMG_0029.mp4,5759,192.15882549215883,29.97,912,1,traffic_lights,0.8662371635437012,366.4818420410156,671.2286376953125,395.8983154296875,696.1449584960938,381.19007873535156,683.6867980957031,29.416473388671875,24.91632080078125
IMG_0029.mp4,5759,192.15882549215883,29.97,913,1,traffic_lights,0.6674551367759705,1212.693115234375,739.9906005859375,1226.98828125,768.15966796875,1219.8406982421875,754.0751342773438,14.295166015625,28.1690673828125
IMG_0029.mp4,5759,192.15882549215883,29.97,920,2,traffic_signs,0.7856618762016296,1337.4898681640625,699.85888671875,1353.26025390625,730.6810913085938,1345.3750610351562,715.2699890136719,15.7703857421875,30.82220458984375
IMG_0029.mp4,5759,192.15882549215883,29.97,865,2,traffic_signs,0.8485162258148193,1387.1051025390625,588.8910522460938,1453.332763671875,665.4852905273438,1420.2189331054688,627.1881713867188,66.2276611328125,76.59423828125
IMG_0029.mp4,5759,192.15882549215883,29.97,929,1,traffic_lights,0.43814489245414734,1294.6529541015625,700.8897705078125,1321.1932373046875,743.4423828125,1307.923095703125,722.1660766601562,26.540283203125,42.5526123046875
IMG_0029.mp4,5760,192.1921921921922,29.97,912,1,traffic_lights,0.8927834033966064,357.5473327636719,670.1148071289062,386.4393615722656,695.7183837890625,371.99334716796875,682.9165954589844,28.89202880859375,25.60357666015625
IMG_0029.mp4,5760,192.1921921921922,29.97,913,1,traffic_lights,0.648250937461853,1207.959716796875,739.2315673828125,1221.0438232421875,768.7111206054688,1214.5017700195312,753.9713439941406,13.0841064453125,29.47955322265625
IMG_0029.mp4,5760,192.1921921921922,29.97,920,2,traffic_signs,0.7996369004249573,1331.8863525390625,699.7178344726562,1347.545166015625,730.6949462890625,1339.7157592773438,715.2063903808594,15.6588134765625,30.97711181640625
IMG_0029.mp4,5760,192.1921921921922,29.97,865,2,traffic_signs,0.9466462135314941,1381.9246826171875,586.600341796875,1449.0103759765625,664.3037109375,1415.467529296875,625.4520263671875,67.085693359375,77.703369140625
IMG_0029.mp4,5761,192.22555889222556,29.97,912,1,traffic_lights,0.9303334951400757,347.30126953125,668.6677856445312,377.4411926269531,695.1073608398438,362.37123107910156,681.8875732421875,30.139923095703125,26.4395751953125
IMG_0029.mp4,5761,192.22555889222556,29.97,913,1,traffic_lights,0.6872480511665344,1201.9566650390625,739.3326416015625,1215.5601806640625,768.5298461914062,1208.7584228515625,753.9312438964844,13.603515625,29.19720458984375
IMG_0029.mp4,5761,192.22555889222556,29.97,920,2,traffic_signs,0.7639096975326538,1326.1676025390625,699.3988647460938,1341.944091796875,730.604248046875,1334.0558471679688,715.0015563964844,15.7764892578125,31.20538330078125
IMG_0029.mp4,5761,192.22555889222556,29.97,865,2,traffic_signs,0.9497385025024414,1377.5203857421875,583.8403930664062,1444.8218994140625,662.4484252929688,1411.171142578125,623.1444091796875,67.301513671875,78.6080322265625
IMG_0029.mp4,5761,192.22555889222556,29.97,872,1,traffic_lights,0.6042817234992981,1238.795654296875,583.0576782226562,1250.4892578125,619.190185546875,1244.6424560546875,601.1239318847656,11.693603515625,36.13250732421875
IMG_0029.mp4,5762,192.25892559225892,29.97,912,1,traffic_lights,0.941620409488678,336.6490783691406,667.4885864257812,367.46295166015625,694.2634887695312,352.05601501464844,680.8760375976562,30.813873291015625,26.77490234375
IMG_0029.mp4,5762,192.25892559225892,29.97,913,1,traffic_lights,0.6538078188896179,1196.2012939453125,738.7606201171875,1209.69580078125,768.8081665039062,1202.9485473632812,753.7843933105469,13.4945068359375,30.04754638671875
IMG_0029.mp4,5762,192.25892559225892,29.97,920,2,traffic_signs,0.8169053196907043,1320.3851318359375,699.0632934570312,1336.0311279296875,730.011962890625,1328.2081298828125,714.5376281738281,15.64599609375,30.94866943359375
IMG_0029.mp4,5762,192.25892559225892,29.97,865,2,traffic_signs,0.9571880102157593,1373.0655517578125,581.5026245117188,1439.95263671875,661.4114990234375,1406.5090942382812,621.4570617675781,66.8870849609375,79.90887451171875
IMG_0029.mp4,5762,192.25892559225892,29.97,872,1,traffic_lights,0.546593964099884,1232.718505859375,582.3311157226562,1245.229736328125,618.6321411132812,1238.97412109375,600.4816284179688,12.51123046875,36.301025390625
IMG_0029.mp4,5763,192.2922922922923,29.97,912,1,traffic_lights,0.9068859815597534,325.8225402832031,666.4354248046875,357.7172546386719,693.3800659179688,341.7698974609375,679.9077453613281,31.89471435546875,26.94464111328125
IMG_0029.mp4,5763,192.2922922922923,29.97,913,1,traffic_lights,0.7270913124084473,1189.4825439453125,739.0660400390625,1203.46484375,768.2516479492188,1196.4736938476562,753.6588439941406,13.9822998046875,29.18560791015625
IMG_0029.mp4,5763,192.2922922922923,29.97,920,2,traffic_signs,0.803873598575592,1314.2259521484375,698.63916015625,1330.2916259765625,729.6388549804688,1322.2587890625,714.1390075683594,16.065673828125,30.99969482421875
IMG_0029.mp4,5763,192.2922922922923,29.97,865,2,traffic_signs,0.9449861645698547,1367.6522216796875,579.4840698242188,1435.3834228515625,660.4029541015625,1401.517822265625,619.9435119628906,67.731201171875,80.91888427734375
IMG_0029.mp4,5763,192.2922922922923,29.97,872,1,traffic_lights,0.5965919494628906,1227.272705078125,581.8328247070312,1239.26171875,618.1596069335938,1233.2672119140625,599.9962158203125,11.989013671875,36.3267822265625
IMG_0029.mp4,5764,192.32565899232566,29.97,912,1,traffic_lights,0.9303233027458191,314.81744384765625,665.5643310546875,347.4400634765625,692.1883544921875,331.1287536621094,678.8763427734375,32.62261962890625,26.6240234375
IMG_0029.mp4,5764,192.32565899232566,29.97,913,1,traffic_lights,0.6842928528785706,1184.21923828125,738.838134765625,1197.381591796875,767.6777954101562,1190.8004150390625,753.2579650878906,13.162353515625,28.83966064453125
IMG_0029.mp4,5764,192.32565899232566,29.97,920,2,traffic_signs,0.811491847038269,1308.080078125,698.4847412109375,1324.0439453125,729.0262451171875,1316.06201171875,713.7554931640625,15.9638671875,30.54150390625
IMG_0029.mp4,5764,192.32565899232566,29.97,865,2,traffic_signs,0.9394818544387817,1362.0029296875,577.7900390625,1431.05419921875,659.3707885742188,1396.528564453125,618.5804138183594,69.05126953125,81.58074951171875
IMG_0029.mp4,5764,192.32565899232566,29.97,872,1,traffic_lights,0.5201073884963989,1221.239990234375,580.6323852539062,1233.4371337890625,617.5159301757812,1227.3385620117188,599.0741577148438,12.1971435546875,36.883544921875
IMG_0029.mp4,5765,192.35902569235904,29.97,912,1,traffic_lights,0.9177954196929932,304.0707702636719,664.533203125,337.1078796386719,691.2398681640625,320.5893249511719,677.8865356445312,33.037109375,26.7066650390625
IMG_0029.mp4,5765,192.35902569235904,29.97,913,1,traffic_lights,0.6683048605918884,1177.6239013671875,738.2869873046875,1191.2186279296875,767.5156860351562,1184.4212646484375,752.9013366699219,13.5947265625,29.22869873046875
IMG_0029.mp4,5765,192.35902569235904,29.97,920,2,traffic_signs,0.8244426250457764,1301.61328125,698.3338012695312,1317.8421630859375,728.8893432617188,1309.7277221679688,713.611572265625,16.2288818359375,30.5555419921875
IMG_0029.mp4,5765,192.35902569235904,29.97,865,2,traffic_signs,0.935502290725708,1355.939453125,576.4532470703125,1426.1875,657.68408203125,1391.0634765625,617.0686645507812,70.248046875,81.2308349609375
IMG_0029.mp4,5765,192.35902569235904,29.97,872,1,traffic_lights,0.6541995406150818,1215.0582275390625,580.0580444335938,1227.2056884765625,616.9526977539062,1221.1319580078125,598.50537109375,12.1474609375,36.8946533203125
IMG_0029.mp4,5766,192.3923923923924,29.97,912,1,traffic_lights,0.9199797511100769,292.7852783203125,663.6947631835938,325.89605712890625,690.2659301757812,309.3406677246094,676.9803466796875,33.11077880859375,26.5711669921875
IMG_0029.mp4,5766,192.3923923923924,29.97,913,1,traffic_lights,0.6392064094543457,1171.0540771484375,737.2483520507812,1185.23046875,767.273193359375,1178.1422729492188,752.2607727050781,14.1763916015625,30.02484130859375
IMG_0029.mp4,5766,192.3923923923924,29.97,920,2,traffic_signs,0.8315412402153015,1295.33740234375,698.2947998046875,1311.301025390625,728.681884765625,1303.3192138671875,713.4883422851562,15.963623046875,30.3870849609375
IMG_0029.mp4,5766,192.3923923923924,29.97,865,2,traffic_signs,0.9369572401046753,1350.567626953125,574.45947265625,1420.8447265625,656.1329345703125,1385.7061767578125,615.2962036132812,70.277099609375,81.6734619140625
IMG_0029.mp4,5766,192.3923923923924,29.97,872,1,traffic_lights,0.6071239709854126,1208.5584716796875,579.6149291992188,1220.8367919921875,616.6265869140625,1214.6976318359375,598.1207580566406,12.2783203125,37.01165771484375
IMG_0029.mp4,5767,192.42575909242578,29.97,912,1,traffic_lights,0.9047826528549194,280.7544250488281,662.4569702148438,314.4974365234375,689.6244506835938,297.6259307861328,676.0407104492188,33.743011474609375,27.16748046875
IMG_0029.mp4,5767,192.42575909242578,29.97,913,1,traffic_lights,0.6876052021980286,1164.1683349609375,737.15380859375,1178.150390625,767.0127563476562,1171.1593627929688,752.0832824707031,13.9820556640625,29.85894775390625
IMG_0029.mp4,5767,192.42575909242578,29.97,920,2,traffic_signs,0.8323033452033997,1288.719482421875,697.7537841796875,1305.2027587890625,728.5878295898438,1296.9611206054688,713.1708068847656,16.4832763671875,30.83404541015625
IMG_0029.mp4,5767,192.42575909242578,29.97,865,2,traffic_signs,0.8102632164955139,1344.666748046875,572.5668334960938,1415.9638671875,654.6297607421875,1380.3153076171875,613.5982971191406,71.297119140625,82.06292724609375
IMG_0029.mp4,5767,192.42575909242578,29.97,872,1,traffic_lights,0.5275881886482239,1202.47412109375,579.5560302734375,1214.510498046875,615.9569702148438,1208.4923095703125,597.7565002441406,12.036376953125,36.40093994140625
IMG_0029.mp4,5768,192.45912579245913,29.97,912,1,traffic_lights,0.9020770192146301,268.44732666015625,661.468017578125,302.9032287597656,688.6280517578125,285.67527770996094,675.0480346679688,34.455902099609375,27.1600341796875
IMG_0029.mp4,5768,192.45912579245913,29.97,913,1,traffic_lights,0.6941617727279663,1157.98974609375,736.2940063476562,1171.897216796875,766.5991821289062,1164.9434814453125,751.4465942382812,13.907470703125,30.30517578125
IMG_0029.mp4,5768,192.45912579245913,29.97,920,2,traffic_signs,0.8087654113769531,1281.705078125,697.563720703125,1298.052490234375,728.3416748046875,1289.8787841796875,712.9526977539062,16.347412109375,30.7779541015625
IMG_0029.mp4,5768,192.45912579245913,29.97,865,2,traffic_signs,0.9344164729118347,1338.40673828125,569.5452880859375,1409.960205078125,653.2904663085938,1374.1834716796875,611.4178771972656,71.553466796875,83.74517822265625
IMG_0029.mp4,5768,192.45912579245913,29.97,872,1,traffic_lights,0.4498967230319977,1195.551025390625,579.0203247070312,1207.921875,615.25439453125,1201.7364501953125,597.1373596191406,12.370849609375,36.23406982421875
IMG_0029.mp4,5769,192.4924924924925,29.97,912,1,traffic_lights,0.8909973502159119,256.1644592285156,660.3377685546875,291.322021484375,687.5745849609375,273.7432403564453,673.9561767578125,35.157562255859375,27.23681640625
IMG_0029.mp4,5769,192.4924924924925,29.97,913,1,traffic_lights,0.716496467590332,1150.5496826171875,736.0718383789062,1163.9559326171875,767.3536376953125,1157.2528076171875,751.7127380371094,13.40625,31.28179931640625
IMG_0029.mp4,5769,192.4924924924925,29.97,920,2,traffic_signs,0.843979001045227,1274.935302734375,697.2205810546875,1291.281494140625,728.0510864257812,1283.1083984375,712.6358337402344,16.34619140625,30.83050537109375
IMG_0029.mp4,5769,192.4924924924925,29.97,865,2,traffic_signs,0.9348980188369751,1331.54345703125,566.3624877929688,1403.4365234375,652.0111694335938,1367.489990234375,609.1868286132812,71.89306640625,85.648681640625
IMG_0029.mp4,5769,192.4924924924925,29.97,872,1,traffic_lights,0.5458122491836548,1188.9473876953125,578.4959106445312,1201.286376953125,614.7093505859375,1195.1168823242188,596.6026306152344,12.3389892578125,36.21343994140625
IMG_0029.mp4,5770,192.52585919252587,29.97,912,1,traffic_lights,0.8991557359695435,242.873779296875,659.1648559570312,278.67218017578125,686.289306640625,260.7729797363281,672.7270812988281,35.79840087890625,27.12445068359375
IMG_0029.mp4,5770,192.52585919252587,29.97,913,1,traffic_lights,0.7556896209716797,1143.1961669921875,736.3121337890625,1157.179931640625,767.1563110351562,1150.1880493164062,751.7342224121094,13.9837646484375,30.84417724609375
IMG_0029.mp4,5770,192.52585919252587,29.97,920,2,traffic_signs,0.804558277130127,1268.079345703125,697.2271728515625,1284.074462890625,727.9562377929688,1276.076904296875,712.5917053222656,15.9951171875,30.72906494140625
IMG_0029.mp4,5770,192.52585919252587,29.97,865,2,traffic_signs,0.9596102833747864,1324.969970703125,563.3627319335938,1395.9508056640625,650.5122680664062,1360.4603881835938,606.9375,70.9808349609375,87.1495361328125
IMG_0029.mp4,5770,192.52585919252587,29.97,872,1,traffic_lights,0.6077486872673035,1181.98095703125,577.8963012695312,1194.443359375,614.7531127929688,1188.212158203125,596.32470703125,12.46240234375,36.8568115234375
IMG_0029.mp4,5771,192.55922589255923,29.97,912,1,traffic_lights,0.8388897180557251,229.93740844726562,657.40625,266.1828918457031,685.38623046875,248.06015014648438,671.396240234375,36.2454833984375,27.97998046875
IMG_0029.mp4,5771,192.55922589255923,29.97,913,1,traffic_lights,0.758036196231842,1135.95703125,736.0919799804688,1149.7021484375,767.4091796875,1142.82958984375,751.7505798339844,13.7451171875,31.31719970703125
IMG_0029.mp4,5771,192.55922589255923,29.97,920,2,traffic_signs,0.8098387718200684,1260.87451171875,696.4258422851562,1277.2117919921875,727.8099975585938,1269.0431518554688,712.117919921875,16.3372802734375,31.3841552734375
IMG_0029.mp4,5771,192.55922589255923,29.97,865,2,traffic_signs,0.8447651267051697,1317.7681884765625,562.0554809570312,1390.502685546875,649.0844116210938,1354.1354370117188,605.5699462890625,72.7344970703125,87.0289306640625
IMG_0029.mp4,5771,192.55922589255923,29.97,872,1,traffic_lights,0.621375322341919,1175.7506103515625,576.9517211914062,1187.575439453125,614.2235107421875,1181.6630249023438,595.5876159667969,11.8248291015625,37.27178955078125
IMG_0029.mp4,5772,192.5925925925926,29.97,912,1,traffic_lights,0.8787975907325745,217.315673828125,656.1052856445312,253.6338653564453,684.3095703125,235.47476959228516,670.2074279785156,36.31819152832031,28.20428466796875
IMG_0029.mp4,5772,192.5925925925926,29.97,913,1,traffic_lights,0.6844308972358704,1128.3758544921875,736.7122802734375,1142.8690185546875,767.6633911132812,1135.6224365234375,752.1878356933594,14.4931640625,30.95111083984375
IMG_0029.mp4,5772,192.5925925925926,29.97,920,2,traffic_signs,0.8387225866317749,1253.2200927734375,696.6315307617188,1269.43994140625,727.8557739257812,1261.3300170898438,712.24365234375,16.2198486328125,31.2242431640625
IMG_0029.mp4,5772,192.5925925925926,29.97,865,2,traffic_signs,0.9454789757728577,1310.6475830078125,559.7686157226562,1384.2879638671875,648.1133422851562,1347.4677734375,603.9409790039062,73.640380859375,88.3447265625
IMG_0029.mp4,5772,192.5925925925926,29.97,872,1,traffic_lights,0.6412889957427979,1168.4530029296875,576.7218017578125,1180.6866455078125,613.9346313476562,1174.56982421875,595.3282165527344,12.233642578125,37.21282958984375
IMG_0029.mp4,5773,192.62595929262596,29.97,912,1,traffic_lights,0.8742983937263489,201.97393798828125,654.7001953125,239.30816650390625,683.5947875976562,220.64105224609375,669.1474914550781,37.334228515625,28.89459228515625
IMG_0029.mp4,5773,192.62595929262596,29.97,913,1,traffic_lights,0.5352262854576111,1120.5484619140625,735.1227416992188,1135.016845703125,767.4802856445312,1127.7826538085938,751.301513671875,14.4683837890625,32.3575439453125
IMG_0029.mp4,5773,192.62595929262596,29.97,920,2,traffic_signs,0.8284837007522583,1245.9256591796875,696.6434326171875,1261.9359130859375,727.7257690429688,1253.9307861328125,712.1846008300781,16.01025390625,31.08233642578125
IMG_0029.mp4,5773,192.62595929262596,29.97,865,2,traffic_signs,0.9432453513145447,1303.8270263671875,557.2459716796875,1377.6884765625,646.2782592773438,1340.7577514648438,601.7621154785156,73.8614501953125,89.03228759765625
IMG_0029.mp4,5773,192.62595929262596,29.97,872,1,traffic_lights,0.6429374814033508,1161.4000244140625,576.3447265625,1173.3634033203125,613.4268798828125,1167.3817138671875,594.8858032226562,11.96337890625,37.0821533203125
IMG_0029.mp4,5773,192.62595929262596,29.97,929,1,traffic_lights,0.36186447739601135,1199.9281005859375,699.9328002929688,1230.6895751953125,743.7706909179688,1215.308837890625,721.8517456054688,30.761474609375,43.837890625
IMG_0029.mp4,5774,192.65932599265932,29.97,912,1,traffic_lights,0.7847789525985718,187.85720825195312,653.421875,226.0614471435547,682.6343994140625,206.9593276977539,668.0281372070312,38.20423889160156,29.2125244140625
IMG_0029.mp4,5774,192.65932599265932,29.97,913,1,traffic_lights,0.7009336352348328,1113.021240234375,734.680419921875,1126.7381591796875,767.8903198242188,1119.8796997070312,751.2853698730469,13.7169189453125,33.20989990234375
IMG_0029.mp4,5774,192.65932599265932,29.97,920,2,traffic_signs,0.8393223285675049,1238.868408203125,696.0789794921875,1254.4383544921875,727.49169921875,1246.6533813476562,711.7853393554688,15.5699462890625,31.4127197265625
IMG_0029.mp4,5774,192.65932599265932,29.97,865,2,traffic_signs,0.9516242742538452,1297.425537109375,554.5225219726562,1369.990966796875,643.9498291015625,1333.708251953125,599.2361755371094,72.5654296875,89.42730712890625
IMG_0029.mp4,5774,192.65932599265932,29.97,872,1,traffic_lights,0.6913325190544128,1154.313720703125,576.25341796875,1166.0069580078125,613.1825561523438,1160.1603393554688,594.7179870605469,11.6932373046875,36.92913818359375
IMG_0029.mp4,5774,192.65932599265932,29.97,929,1,traffic_lights,0.33099332451820374,1191.679443359375,698.6796264648438,1222.77978515625,743.6085815429688,1207.2296142578125,721.1441040039062,31.100341796875,44.928955078125
IMG_0029.mp4,5775,192.6926926926927,29.97,912,1,traffic_lights,0.7606239318847656,171.09165954589844,651.7014770507812,211.5995330810547,681.268310546875,191.34559631347656,666.4848937988281,40.50787353515625,29.56683349609375
IMG_0029.mp4,5775,192.6926926926927,29.97,913,1,traffic_lights,0.7539227604866028,1104.87060546875,735.5302124023438,1119.978759765625,767.5875244140625,1112.4246826171875,751.5588684082031,15.108154296875,32.05731201171875
IMG_0029.mp4,5775,192.6926926926927,29.97,920,2,traffic_signs,0.8175399899482727,1230.740966796875,696.45068359375,1246.787841796875,727.4993896484375,1238.764404296875,711.9750366210938,16.046875,31.0487060546875
IMG_0029.mp4,5775,192.6926926926927,29.97,865,2,traffic_signs,0.9369294047355652,1289.73876953125,551.2081298828125,1363.6484375,642.259765625,1326.693603515625,596.7339477539062,73.90966796875,91.0516357421875
IMG_0029.mp4,5775,192.6926926926927,29.97,872,1,traffic_lights,0.5157914161682129,1146.337890625,575.4747314453125,1158.5322265625,612.73046875,1152.43505859375,594.1026000976562,12.1943359375,37.2557373046875
IMG_0029.mp4,5775,192.6926926926927,29.97,929,1,traffic_lights,0.4738277196884155,1187.2747802734375,699.357177734375,1214.5994873046875,744.5646362304688,1200.9371337890625,721.9609069824219,27.32470703125,45.20745849609375
IMG_0029.mp4,5776,192.72605939272606,29.97,912,1,traffic_lights,0.741251528263092,156.3072967529297,650.4525146484375,197.67703247070312,680.1559448242188,176.9921646118164,665.3042297363281,41.36973571777344,29.70343017578125
IMG_0029.mp4,5776,192.72605939272606,29.97,913,1,traffic_lights,0.8144503235816956,1097.055908203125,735.0404663085938,1113.151123046875,767.6810913085938,1105.103515625,751.3607788085938,16.09521484375,32.640625
IMG_0029.mp4,5776,192.72605939272606,29.97,920,2,traffic_signs,0.8332799673080444,1222.72900390625,695.9092407226562,1238.8309326171875,727.1194458007812,1230.7799682617188,711.5143432617188,16.1019287109375,31.210205078125
IMG_0029.mp4,5776,192.72605939272606,29.97,865,2,traffic_signs,0.9249146580696106,1281.75732421875,548.6386108398438,1355.8875732421875,639.8460693359375,1318.8224487304688,594.2423400878906,74.1302490234375,91.20745849609375
IMG_0029.mp4,5776,192.72605939272606,29.97,872,1,traffic_lights,0.676327109336853,1138.97021484375,574.8505859375,1150.7093505859375,612.1541137695312,1144.8397827148438,593.5023498535156,11.7391357421875,37.30352783203125
IMG_0029.mp4,5776,192.72605939272606,29.97,929,1,traffic_lights,0.39762815833091736,1177.281005859375,698.8059692382812,1207.242919921875,745.038818359375,1192.261962890625,721.9223937988281,29.9619140625,46.23284912109375
IMG_0029.mp4,5777,192.75942609275944,29.97,912,1,traffic_lights,0.8429897427558899,140.6737823486328,649.3464965820312,181.59188842773438,678.7476806640625,161.1328353881836,664.0470886230469,40.91810607910156,29.40118408203125
IMG_0029.mp4,5777,192.75942609275944,29.97,913,1,traffic_lights,0.7552164196968079,1088.844482421875,734.8165283203125,1104.134033203125,768.0293579101562,1096.4892578125,751.4229431152344,15.28955078125,33.21282958984375
IMG_0029.mp4,5777,192.75942609275944,29.97,920,2,traffic_signs,0.8266685009002686,1214.7703857421875,695.34716796875,1230.4974365234375,727.2073974609375,1222.6339111328125,711.2772827148438,15.72705078125,31.8602294921875
IMG_0029.mp4,5777,192.75942609275944,29.97,865,2,traffic_signs,0.9321979880332947,1273.618896484375,547.3800659179688,1347.3209228515625,638.0120239257812,1310.4699096679688,592.696044921875,73.7020263671875,90.6319580078125
IMG_0029.mp4,5777,192.75942609275944,29.97,872,1,traffic_lights,0.7219080924987793,1130.9468994140625,574.7864990234375,1142.7091064453125,612.0363159179688,1136.8280029296875,593.4114074707031,11.76220703125,37.24981689453125
IMG_0029.mp4,5777,192.75942609275944,29.97,929,1,traffic_lights,0.42659029364585876,1167.294189453125,697.7228393554688,1198.5831298828125,744.8489990234375,1182.9386596679688,721.2859191894531,31.2889404296875,47.12615966796875
IMG_0029.mp4,5778,192.7927927927928,29.97,912,1,traffic_lights,0.5200250148773193,124.32775115966797,647.2656860351562,166.6092529296875,677.629638671875,145.46850204467773,662.4476623535156,42.28150177001953,30.36395263671875
IMG_0029.mp4,5778,192.7927927927928,29.97,913,1,traffic_lights,0.6709911823272705,1081.1240234375,735.5228881835938,1097.1820068359375,767.5993041992188,1089.1530151367188,751.5610961914062,16.0579833984375,32.076416015625
IMG_0029.mp4,5778,192.7927927927928,29.97,920,2,traffic_signs,0.8261640071868896,1206.482177734375,695.7750244140625,1221.9609375,726.7813110351562,1214.2215576171875,711.2781677246094,15.478759765625,31.00628662109375
IMG_0029.mp4,5778,192.7927927927928,29.97,865,2,traffic_signs,0.9237882494926453,1265.5224609375,542.587158203125,1339.889404296875,636.3815307617188,1302.7059326171875,589.4843444824219,74.366943359375,93.79437255859375
IMG_0029.mp4,5778,192.7927927927928,29.97,872,1,traffic_lights,0.6584674715995789,1123.12109375,574.0699462890625,1135.573486328125,611.7369995117188,1129.3472900390625,592.9034729003906,12.452392578125,37.66705322265625
IMG_0029.mp4,5778,192.7927927927928,29.97,929,1,traffic_lights,0.4672422707080841,1159.639404296875,697.867431640625,1189.974609375,744.7420654296875,1174.8070068359375,721.3047485351562,30.335205078125,46.8746337890625
IMG_0029.mp4,5779,192.82615949282618,29.97,912,1,traffic_lights,0.816983699798584,108.25257110595703,645.4072875976562,151.16397094726562,676.6539306640625,129.70827102661133,661.0306091308594,42.911399841308594,31.24664306640625
IMG_0029.mp4,5779,192.82615949282618,29.97,913,1,traffic_lights,0.5556210279464722,1073.140869140625,734.8721313476562,1089.1328125,767.3218994140625,1081.1368408203125,751.0970153808594,15.991943359375,32.44976806640625
IMG_0029.mp4,5779,192.82615949282618,29.97,920,2,traffic_signs,0.8246922492980957,1198.2041015625,695.3311157226562,1213.940185546875,726.7890625,1206.0721435546875,711.0600891113281,15.736083984375,31.45794677734375
IMG_0029.mp4,5779,192.82615949282618,29.97,865,2,traffic_signs,0.9276061654090881,1257.969482421875,538.5951538085938,1332.321533203125,634.8958740234375,1295.1455078125,586.7455139160156,74.35205078125,96.30072021484375
IMG_0029.mp4,5779,192.82615949282618,29.97,872,1,traffic_lights,0.6259075999259949,1115.3795166015625,573.5186157226562,1127.3299560546875,611.2232666015625,1121.354736328125,592.3709411621094,11.950439453125,37.70465087890625
IMG_0029.mp4,5779,192.82615949282618,29.97,929,1,traffic_lights,0.5862963795661926,1150.46044921875,698.7111206054688,1182.11083984375,744.6085205078125,1166.28564453125,721.6598205566406,31.650390625,45.89739990234375
IMG_0029.mp4,5780,192.85952619285953,29.97,912,1,traffic_lights,0.6936166286468506,92.02068328857422,643.2772827148438,134.37953186035156,675.2123413085938,113.20010757446289,659.2448120117188,42.358848571777344,31.93505859375
IMG_0029.mp4,5780,192.85952619285953,29.97,913,1,traffic_lights,0.6896454095840454,1064.2974853515625,734.3572998046875,1080.547119140625,768.1571655273438,1072.4223022460938,751.2572326660156,16.2496337890625,33.79986572265625
IMG_0029.mp4,5780,192.85952619285953,29.97,920,2,traffic_signs,0.8343688249588013,1190.4967041015625,694.886962890625,1205.9898681640625,727.03271484375,1198.2432861328125,710.9598388671875,15.4931640625,32.145751953125
IMG_0029.mp4,5780,192.85952619285953,29.97,865,2,traffic_signs,0.8667547106742859,1250.4105224609375,535.8896484375,1323.7403564453125,633.2592163085938,1287.075439453125,584.5744323730469,73.329833984375,97.36956787109375
IMG_0029.mp4,5780,192.85952619285953,29.97,872,1,traffic_lights,0.6515248417854309,1107.6019287109375,573.2911376953125,1119.5423583984375,610.8474731445312,1113.5721435546875,592.0693054199219,11.9404296875,37.55633544921875
IMG_0029.mp4,5781,192.8928928928929,29.97,912,1,traffic_lights,0.4278446435928345,75.02603149414062,641.468017578125,118.19324493408203,673.8585815429688,96.60963821411133,657.6632995605469,43.167213439941406,32.39056396484375
IMG_0029.mp4,5781,192.8928928928929,29.97,913,1,traffic_lights,0.701427161693573,1056.14404296875,734.9058227539062,1073.1767578125,768.9135131835938,1064.660400390625,751.90966796875,17.03271484375,34.0076904296875
IMG_0029.mp4,5781,192.8928928928929,29.97,920,2,traffic_signs,0.8431010842323303,1181.7130126953125,694.8278198242188,1197.4376220703125,726.51123046875,1189.5753173828125,710.6695251464844,15.724609375,31.68341064453125
IMG_0029.mp4,5781,192.8928928928929,29.97,865,2,traffic_signs,0.8983749747276306,1241.5987548828125,532.459228515625,1316.4903564453125,631.7620849609375,1279.0445556640625,582.1106567382812,74.8916015625,99.3028564453125
IMG_0029.mp4,5781,192.8928928928929,29.97,872,1,traffic_lights,0.5940948724746704,1099.925048828125,572.2556762695312,1111.9468994140625,610.365234375,1105.9359741210938,591.3104553222656,12.0218505859375,38.10955810546875
IMG_0029.mp4,5781,192.8928928928929,29.97,929,1,traffic_lights,0.5680927038192749,1136.5933837890625,700.4518432617188,1165.551513671875,744.4557495117188,1151.0724487304688,722.4537963867188,28.9581298828125,44.00390625
IMG_0029.mp4,5782,192.92625959292627,29.97,912,1,traffic_lights,0.7449144721031189,56.90877914428711,640.0689086914062,100.12214660644531,672.9125366210938,78.51546287536621,656.49072265625,43.2133674621582,32.8436279296875
IMG_0029.mp4,5782,192.92625959292627,29.97,913,1,traffic_lights,0.7586538195610046,1047.056884765625,734.8958129882812,1063.3687744140625,768.2315063476562,1055.2128295898438,751.5636596679688,16.3118896484375,33.335693359375
IMG_0029.mp4,5782,192.92625959292627,29.97,920,2,traffic_signs,0.8239105343818665,1173.4476318359375,695.1157836914062,1189.1197509765625,726.7345581054688,1181.28369140625,710.9251708984375,15.672119140625,31.6187744140625
IMG_0029.mp4,5782,192.92625959292627,29.97,865,2,traffic_signs,0.8727257251739502,1233.8428955078125,529.8787231445312,1309.079833984375,630.4187622070312,1271.4613647460938,580.1487426757812,75.2369384765625,100.5400390625
IMG_0029.mp4,5782,192.92625959292627,29.97,872,1,traffic_lights,0.6041382551193237,1091.942626953125,572.026123046875,1103.5670166015625,610.0249633789062,1097.7548217773438,591.0255432128906,11.6243896484375,37.99884033203125
IMG_0029.mp4,5782,192.92625959292627,29.97,929,1,traffic_lights,0.37885576486587524,1126.826416015625,700.094970703125,1157.729248046875,744.998046875,1142.27783203125,722.5465087890625,30.90283203125,44.903076171875
IMG_0029.mp4,5783,192.95962629295963,29.97,912,1,traffic_lights,0.3766656517982483,37.518714904785156,638.409912109375,83.06591033935547,671.4100952148438,60.29231262207031,654.9100036621094,45.54719543457031,33.00018310546875
IMG_0029.mp4,5783,192.95962629295963,29.97,913,1,traffic_lights,0.7462186217308044,1038.7413330078125,734.9489135742188,1054.3936767578125,768.8214111328125,1046.5675048828125,751.8851623535156,15.65234375,33.87249755859375
IMG_0029.mp4,5783,192.95962629295963,29.97,920,2,traffic_signs,0.82203209400177,1165.47216796875,694.9517822265625,1181.21142578125,727.1312866210938,1173.341796875,711.0415344238281,15.7392578125,32.17950439453125
IMG_0029.mp4,5783,192.95962629295963,29.97,865,2,traffic_signs,0.8805827498435974,1225.5830078125,527.6582641601562,1301.191650390625,629.0214233398438,1263.3873291015625,578.33984375,75.608642578125,101.3631591796875
IMG_0029.mp4,5783,192.95962629295963,29.97,872,1,traffic_lights,0.7236481308937073,1083.7779541015625,571.6101684570312,1095.545166015625,609.9656982421875,1089.6615600585938,590.7879333496094,11.7672119140625,38.35552978515625
IMG_0029.mp4,5783,192.95962629295963,29.97,929,1,traffic_lights,0.4938245713710785,1117.023681640625,699.0597534179688,1149.5582275390625,746.0338745117188,1133.2909545898438,722.5468139648438,32.5345458984375,46.97412109375
IMG_0029.mp4,5784,192.992992992993,29.97,912,1,traffic_lights,0.7738837599754333,17.459514617919922,637.0089721679688,64.16217041015625,669.622802734375,40.810842514038086,653.3158874511719,46.70265579223633,32.61383056640625
IMG_0029.mp4,5784,192.992992992993,29.97,913,1,traffic_lights,0.6605641841888428,1030.0750732421875,734.8290405273438,1045.98828125,769.2769165039062,1038.0316772460938,752.052978515625,15.9132080078125,34.4478759765625
IMG_0029.mp4,5784,192.992992992993,29.97,920,2,traffic_signs,0.7319347858428955,1156.4283447265625,694.9271850585938,1172.4786376953125,727.2098999023438,1164.4534912109375,711.0685424804688,16.05029296875,32.28271484375
IMG_0029.mp4,5784,192.992992992993,29.97,872,1,traffic_lights,0.6871258020401001,1075.538330078125,571.0113525390625,1087.7462158203125,609.6661987304688,1081.6422729492188,590.3387756347656,12.2078857421875,38.65484619140625
IMG_0029.mp4,5784,192.992992992993,29.97,929,1,traffic_lights,0.5915331244468689,1107.065185546875,699.598388671875,1141.0673828125,746.0484008789062,1124.0662841796875,722.8233947753906,34.002197265625,46.45001220703125
IMG_0029.mp4,5785,193.02635969302636,29.97,912,1,traffic_lights,0.3825089931488037,1.422240138053894,634.9689331054688,47.01026916503906,668.0980834960938,24.21625465154648,651.5335083007812,45.58802902698517,33.129150390625
IMG_0029.mp4,5785,193.02635969302636,29.97,913,1,traffic_lights,0.694171667098999,1021.1139526367188,735.1307983398438,1038.3270263671875,769.3548583984375,1029.7204895019531,752.2428283691406,17.21307373046875,34.22406005859375
IMG_0029.mp4,5785,193.02635969302636,29.97,920,2,traffic_signs,0.8347206711769104,1148.081787109375,695.1868286132812,1163.9691162109375,727.67626953125,1156.0254516601562,711.4315490722656,15.8873291015625,32.48944091796875
IMG_0029.mp4,5785,193.02635969302636,29.97,872,1,traffic_lights,0.6107865571975708,1067.0977783203125,570.461181640625,1079.3388671875,610.0294799804688,1073.2183227539062,590.2453308105469,12.2410888671875,39.56829833984375
IMG_0029.mp4,5785,193.02635969302636,29.97,929,1,traffic_lights,0.6309003829956055,1098.2752685546875,700.7160034179688,1132.1651611328125,745.9141845703125,1115.22021484375,723.3150939941406,33.889892578125,45.19818115234375
IMG_0029.mp4,5785,193.02635969302636,29.97,865,2,traffic_signs,0.8437544703483582,1208.4080810546875,521.2012939453125,1285.315673828125,626.2672119140625,1246.8618774414062,573.7342529296875,76.9075927734375,105.06591796875
IMG_0029.mp4,5786,193.05972639305975,29.97,913,1,traffic_lights,0.7379375696182251,1013.0538330078125,734.8941650390625,1030.184326171875,768.9168090820312,1021.6190795898438,751.9054870605469,17.1304931640625,34.02264404296875
IMG_0029.mp4,5786,193.05972639305975,29.97,920,2,traffic_signs,0.8486623167991638,1138.9208984375,694.9581298828125,1155.4210205078125,728.0245971679688,1147.1709594726562,711.4913635253906,16.5001220703125,33.06646728515625
IMG_0029.mp4,5786,193.05972639305975,29.97,872,1,traffic_lights,0.5108994841575623,1058.4620361328125,570.385498046875,1070.6578369140625,609.4329833984375,1064.5599365234375,589.9092407226562,12.19580078125,39.0474853515625
IMG_0029.mp4,5786,193.05972639305975,29.97,865,2,traffic_signs,0.8327237367630005,1199.5684814453125,518.2560424804688,1275.8682861328125,624.4700317382812,1237.7183837890625,571.363037109375,76.2998046875,106.2139892578125
IMG_0029.mp4,5787,193.0930930930931,29.97,913,1,traffic_lights,0.7459006905555725,1003.0977783203125,734.9900512695312,1020.15869140625,769.81640625,1011.6282348632812,752.4032287597656,17.0609130859375,34.82635498046875
IMG_0029.mp4,5787,193.0930930930931,29.97,920,2,traffic_signs,0.8516781330108643,1129.7340087890625,695.0985107421875,1146.3094482421875,728.1172485351562,1138.021728515625,711.6078796386719,16.575439453125,33.01873779296875
IMG_0029.mp4,5787,193.0930930930931,29.97,872,1,traffic_lights,0.43383079767227173,1049.0877685546875,570.0203247070312,1061.9166259765625,608.86279296875,1055.502197265625,589.4415588378906,12.828857421875,38.84246826171875
IMG_0029.mp4,5787,193.0930930930931,29.97,865,2,traffic_signs,0.27145710587501526,1187.90771484375,513.84033203125,1267.375732421875,623.0244750976562,1227.6417236328125,568.4324035644531,79.468017578125,109.18414306640625
IMG_0029.mp4,5787,193.0930930930931,29.97,929,1,traffic_lights,0.6720240712165833,1079.54736328125,699.74609375,1113.9622802734375,747.1796875,1096.7548217773438,723.462890625,34.4149169921875,47.43359375
IMG_0029.mp4,5788,193.12645979312646,29.97,913,1,traffic_lights,0.7492010593414307,994.3300170898438,735.3986206054688,1010.810546875,771.4983520507812,1002.5702819824219,753.448486328125,16.48052978515625,36.0997314453125
IMG_0029.mp4,5788,193.12645979312646,29.97,920,2,traffic_signs,0.8497853875160217,1120.3953857421875,695.0488891601562,1137.47216796875,728.4480590820312,1128.9337768554688,711.7484741210938,17.0767822265625,33.399169921875
IMG_0029.mp4,5788,193.12645979312646,29.97,872,1,traffic_lights,0.6750006079673767,1040.4632568359375,569.2179565429688,1053.02587890625,609.2939453125,1046.7445678710938,589.2559509277344,12.5626220703125,40.07598876953125
IMG_0029.mp4,5788,193.12645979312646,29.97,865,2,traffic_signs,0.7241174578666687,1178.52490234375,513.396484375,1258.539794921875,620.9390258789062,1218.5323486328125,567.1677551269531,80.014892578125,107.54254150390625
IMG_0029.mp4,5788,193.12645979312646,29.97,929,1,traffic_lights,0.3121320307254791,1070.671142578125,699.6233520507812,1104.484375,748.077392578125,1087.5777587890625,723.8503723144531,33.813232421875,48.45404052734375
IMG_0029.mp4,5789,193.15982649315984,29.97,913,1,traffic_lights,0.6372634172439575,984.7672119140625,735.5410766601562,1002.3682861328125,771.87939453125,993.5677490234375,753.7102355957031,17.60107421875,36.33831787109375
IMG_0029.mp4,5789,193.15982649315984,29.97,920,2,traffic_signs,0.8416390419006348,1110.9166259765625,695.2636108398438,1127.60986328125,728.456787109375,1119.2632446289062,711.8601989746094,16.6932373046875,33.19317626953125
IMG_0029.mp4,5789,193.15982649315984,29.97,872,1,traffic_lights,0.4337861239910126,1031.460693359375,568.9889526367188,1043.900390625,608.7586059570312,1037.6805419921875,588.873779296875,12.439697265625,39.7696533203125
IMG_0029.mp4,5789,193.15982649315984,29.97,865,2,traffic_signs,0.6277558207511902,1168.060302734375,510.61846923828125,1248.9649658203125,620.0867309570312,1208.5126342773438,565.3526000976562,80.9046630859375,109.46826171875
IMG_0029.mp4,5789,193.15982649315984,29.97,929,1,traffic_lights,0.7265744209289551,1061.0758056640625,699.3902587890625,1095.0859375,747.2435302734375,1078.0808715820312,723.31689453125,34.0101318359375,47.853271484375
IMG_0029.mp4,5790,193.1931931931932,29.97,913,1,traffic_lights,0.6144172549247742,975.1564331054688,735.5968017578125,993.0663452148438,770.983154296875,984.1113891601562,753.2899780273438,17.909912109375,35.3863525390625
IMG_0029.mp4,5790,193.1931931931932,29.97,920,2,traffic_signs,0.8488907814025879,1101.1964111328125,694.9760131835938,1117.952392578125,728.9664916992188,1109.5744018554688,711.9712524414062,16.7559814453125,33.990478515625
IMG_0029.mp4,5790,193.1931931931932,29.97,872,1,traffic_lights,0.7591810822486877,1022.4089965820312,568.3645629882812,1034.492919921875,608.608642578125,1028.4509582519531,588.4866027832031,12.08392333984375,40.24407958984375
IMG_0029.mp4,5790,193.1931931931932,29.97,865,2,traffic_signs,0.7027403116226196,1157.3812255859375,506.7242126464844,1239.564208984375,618.32177734375,1198.4727172851562,562.5229949951172,82.1829833984375,111.59756469726562
IMG_0029.mp4,5790,193.1931931931932,29.97,929,1,traffic_lights,0.6192351579666138,1050.7498779296875,700.2693481445312,1085.64990234375,747.6100463867188,1068.1998901367188,723.939697265625,34.9000244140625,47.3406982421875
IMG_0029.mp4,5790,193.1931931931932,29.97,942,1,traffic_lights,0.5032209753990173,1572.9818115234375,562.7049560546875,1625.78369140625,637.87841796875,1599.3827514648438,600.2916870117188,52.8018798828125,75.1734619140625
IMG_0029.mp4,5791,193.22655989322658,29.97,913,1,traffic_lights,0.7608413696289062,965.6173706054688,735.213134765625,983.4783935546875,771.7032470703125,974.5478820800781,753.4581909179688,17.86102294921875,36.4901123046875
IMG_0029.mp4,5791,193.22655989322658,29.97,920,2,traffic_signs,0.8456078171730042,1091.23876953125,694.6546630859375,1108.11279296875,729.1528930664062,1099.67578125,711.9037780761719,16.8740234375,34.49822998046875
IMG_0029.mp4,5791,193.22655989322658,29.97,872,1,traffic_lights,0.5524234771728516,1013.3071899414062,568.0588989257812,1025.4737548828125,608.0679931640625,1019.3904724121094,588.0634460449219,12.16656494140625,40.00909423828125
IMG_0029.mp4,5791,193.22655989322658,29.97,929,1,traffic_lights,0.44790196418762207,1041.9998779296875,700.0756225585938,1076.1932373046875,748.0121459960938,1059.0965576171875,724.0438842773438,34.193359375,47.9365234375
IMG_0029.mp4,5792,193.25992659325993,29.97,913,1,traffic_lights,0.7476648688316345,955.6635131835938,735.80419921875,973.830322265625,771.8006591796875,964.7469177246094,753.8024291992188,18.16680908203125,35.9964599609375
IMG_0029.mp4,5792,193.25992659325993,29.97,920,2,traffic_signs,0.8459529876708984,1081.8094482421875,694.8248291015625,1098.404541015625,729.2669067382812,1090.1069946289062,712.0458679199219,16.5950927734375,34.44207763671875
IMG_0029.mp4,5792,193.25992659325993,29.97,872,1,traffic_lights,0.7900098562240601,1003.5553588867188,567.5985107421875,1016.19189453125,607.8718872070312,1009.8736267089844,587.7351989746094,12.63653564453125,40.27337646484375
IMG_0029.mp4,5792,193.25992659325993,29.97,929,1,traffic_lights,0.7251104116439819,1031.4140625,699.918212890625,1066.1705322265625,748.0255737304688,1048.7922973632812,723.9718933105469,34.7564697265625,48.10736083984375
IMG_0029.mp4,5792,193.25992659325993,29.97,865,2,traffic_signs,0.39164015650749207,1134.9434814453125,500.5589294433594,1216.3509521484375,614.4255981445312,1175.647216796875,557.4922637939453,81.407470703125,113.86666870117188
IMG_0029.mp4,5793,193.2932932932933,29.97,913,1,traffic_lights,0.7358967661857605,945.4103393554688,735.8853759765625,963.06640625,772.50244140625,954.2383728027344,754.1939086914062,17.65606689453125,36.6170654296875
IMG_0029.mp4,5793,193.2932932932933,29.97,920,2,traffic_signs,0.8461108803749084,1071.5147705078125,694.6505737304688,1088.09912109375,729.57861328125,1079.8069458007812,712.1145935058594,16.5843505859375,34.92803955078125
IMG_0029.mp4,5793,193.2932932932933,29.97,872,1,traffic_lights,0.6740421056747437,993.9505615234375,567.2866821289062,1006.2179565429688,607.1311645507812,1000.0842590332031,587.2089233398438,12.26739501953125,39.844482421875
IMG_0029.mp4,5793,193.2932932932933,29.97,929,1,traffic_lights,0.5364397764205933,1020.4293212890625,699.9573364257812,1056.1500244140625,748.6494750976562,1038.2896728515625,724.3034057617188,35.720703125,48.692138671875
IMG_0029.mp4,5793,193.2932932932933,29.97,944,0,auth_label,0.53530353307724,1593.029541015625,575.2857055664062,1848.7130126953125,818.8580932617188,1720.8712768554688,697.0718994140625,255.6834716796875,243.5723876953125
IMG_0029.mp4,5793,193.2932932932933,29.97,945,2,traffic_signs,0.4492817521095276,1521.3165283203125,719.7424926757812,1534.8465576171875,745.0668334960938,1528.08154296875,732.4046630859375,13.530029296875,25.3243408203125
IMG_0029.mp4,5794,193.32665999332667,29.97,913,1,traffic_lights,0.6664992570877075,935.7233276367188,735.7400512695312,954.408935546875,773.1841430664062,945.0661315917969,754.4620971679688,18.68560791015625,37.444091796875
IMG_0029.mp4,5794,193.32665999332667,29.97,920,2,traffic_signs,0.8637211918830872,1061.293212890625,695.1158447265625,1077.9423828125,729.2782592773438,1069.6177978515625,712.1970520019531,16.649169921875,34.16241455078125
IMG_0029.mp4,5794,193.32665999332667,29.97,872,1,traffic_lights,0.48062843084335327,984.4677734375,567.4795532226562,996.9593505859375,606.709716796875,990.7135620117188,587.0946350097656,12.4915771484375,39.23016357421875
IMG_0029.mp4,5794,193.32665999332667,29.97,929,1,traffic_lights,0.6925603151321411,1009.9922485351562,699.892822265625,1045.9625244140625,747.458251953125,1027.9773864746094,723.675537109375,35.97027587890625,47.5654296875
IMG_0029.mp4,5794,193.32665999332667,29.97,944,0,auth_label,0.26086828112602234,1583.4423828125,570.852294921875,1837.9283447265625,819.1027221679688,1710.6853637695312,694.9775085449219,254.4859619140625,248.25042724609375
IMG_0029.mp4,5794,193.32665999332667,29.97,945,2,traffic_signs,0.26807090640068054,1509.685791015625,720.84814453125,1522.7530517578125,745.8782958984375,1516.2194213867188,733.3632202148438,13.0672607421875,25.0301513671875
IMG_0029.mp4,5795,193.36002669336003,29.97,913,1,traffic_lights,0.6679028272628784,925.280517578125,735.5973510742188,944.3197021484375,772.9622192382812,934.8001098632812,754.27978515625,19.0391845703125,37.3648681640625
IMG_0029.mp4,5795,193.36002669336003,29.97,920,2,traffic_signs,0.8446990847587585,1051.4569091796875,695.218994140625,1067.939453125,729.4158325195312,1059.6981811523438,712.3174133300781,16.4825439453125,34.19683837890625
IMG_0029.mp4,5795,193.36002669336003,29.97,872,1,traffic_lights,0.7469663023948669,974.4095458984375,566.86328125,987.1258544921875,607.0575561523438,980.7677001953125,586.9604187011719,12.71630859375,40.19427490234375
IMG_0029.mp4,5795,193.36002669336003,29.97,929,1,traffic_lights,0.6674864292144775,999.6592407226562,699.8141479492188,1035.421630859375,747.2774658203125,1017.5404357910156,723.5458068847656,35.76239013671875,47.46331787109375
IMG_0029.mp4,5795,193.36002669336003,29.97,942,1,traffic_lights,0.27157482504844666,1523.067626953125,558.45947265625,1572.865478515625,637.4912719726562,1547.966552734375,597.9753723144531,49.7978515625,79.03179931640625
IMG_0029.mp4,5796,193.3933933933934,29.97,913,1,traffic_lights,0.5229654312133789,914.6699829101562,735.308837890625,933.5699462890625,771.9192504882812,924.1199645996094,753.6140441894531,18.89996337890625,36.61041259765625
IMG_0029.mp4,5796,193.3933933933934,29.97,920,2,traffic_signs,0.8359336853027344,1040.9312744140625,694.954833984375,1057.536376953125,729.5875244140625,1049.2338256835938,712.2711791992188,16.6051025390625,34.6326904296875
IMG_0029.mp4,5796,193.3933933933934,29.97,872,1,traffic_lights,0.6041417121887207,964.9368286132812,566.2664794921875,977.5042114257812,606.511962890625,971.2205200195312,586.3892211914062,12.5673828125,40.2454833984375
IMG_0029.mp4,5796,193.3933933933934,29.97,929,1,traffic_lights,0.7001838088035583,988.8475952148438,700.4774780273438,1025.117431640625,747.198974609375,1006.9825134277344,723.8382263183594,36.26983642578125,46.72149658203125
IMG_0029.mp4,5796,193.3933933933934,29.97,946,0,auth_label,0.7068862915039062,1522.34912109375,581.5027465820312,1566.2724609375,824.8268432617188,1544.310791015625,703.164794921875,43.92333984375,243.3240966796875
IMG_0029.mp4,5796,193.3933933933934,29.97,865,2,traffic_signs,0.43436041474342346,1087.21240234375,486.5799560546875,1169.1544189453125,610.4241943359375,1128.1834106445312,548.5020751953125,81.9420166015625,123.84423828125
IMG_0029.mp4,5797,193.42676009342676,29.97,913,1,traffic_lights,0.7821416258811951,904.2802124023438,736.1299438476562,923.7512817382812,772.712890625,914.0157470703125,754.4214172363281,19.4710693359375,36.58294677734375
IMG_0029.mp4,5797,193.42676009342676,29.97,920,2,traffic_signs,0.8387420177459717,1030.2738037109375,694.7579956054688,1046.8826904296875,729.920654296875,1038.5782470703125,712.3393249511719,16.60888671875,35.16265869140625
IMG_0029.mp4,5797,193.42676009342676,29.97,872,1,traffic_lights,0.8253577947616577,954.7274169921875,565.241943359375,967.5219116210938,606.0130004882812,961.1246643066406,585.6274719238281,12.79449462890625,40.77105712890625
IMG_0029.mp4,5797,193.42676009342676,29.97,929,1,traffic_lights,0.6877842545509338,978.068603515625,700.67333984375,1014.7631225585938,748.5025024414062,996.4158630371094,724.5879211425781,36.69451904296875,47.82916259765625
IMG_0029.mp4,5797,193.42676009342676,29.97,947,2,traffic_signs,0.789344310760498,1602.0771484375,557.0610961914062,1684.499267578125,626.1016235351562,1643.2882080078125,591.5813598632812,82.422119140625,69.04052734375
IMG_0029.mp4,5797,193.42676009342676,29.97,865,2,traffic_signs,0.3554016649723053,1073.7042236328125,483.3835754394531,1156.5413818359375,608.8219604492188,1115.122802734375,546.1027679443359,82.837158203125,125.43838500976562
IMG_0029.mp4,5798,193.46012679346015,29.97,913,1,traffic_lights,0.751923143863678,893.5616455078125,735.8126220703125,913.5950927734375,773.09521484375,903.578369140625,754.4539184570312,20.033447265625,37.2825927734375
IMG_0029.mp4,5798,193.46012679346015,29.97,920,2,traffic_signs,0.8377717733383179,1020.1557006835938,694.8583984375,1036.67333984375,729.8883666992188,1028.4145202636719,712.3733825683594,16.51763916015625,35.02996826171875
IMG_0029.mp4,5798,193.46012679346015,29.97,872,1,traffic_lights,0.7813105583190918,945.0184936523438,564.8226928710938,957.8444213867188,605.431884765625,951.4314575195312,585.1272888183594,12.825927734375,40.60919189453125
IMG_0029.mp4,5798,193.46012679346015,29.97,929,1,traffic_lights,0.5651740431785583,967.87109375,700.3300170898438,1005.0753173828125,748.6010131835938,986.4732055664062,724.4655151367188,37.2042236328125,48.27099609375
IMG_0029.mp4,5798,193.46012679346015,29.97,947,2,traffic_signs,0.8825032114982605,1591.1162109375,553.6090698242188,1674.394287109375,626.32275390625,1632.7552490234375,589.9659118652344,83.278076171875,72.71368408203125
IMG_0029.mp4,5798,193.46012679346015,29.97,865,2,traffic_signs,0.5686415433883667,1060.2918701171875,478.924072265625,1144.6790771484375,607.4093627929688,1102.4854736328125,543.1667175292969,84.38720703125,128.48529052734375
IMG_0029.mp4,5798,193.46012679346015,29.97,952,2,traffic_signs,0.8283045291900635,1856.0567626953125,682.2611083984375,1889.9591064453125,721.1893920898438,1873.0079345703125,701.7252502441406,33.90234375,38.92828369140625
IMG_0029.mp4,5798,193.46012679346015,29.97,944,0,auth_label,0.47245049476623535,1651.024658203125,565.5730590820312,1775.654541015625,828.4035034179688,1713.339599609375,696.98828125,124.6298828125,262.8304443359375
IMG_0029.mp4,5798,193.46012679346015,29.97,946,0,auth_label,0.8155760765075684,1499.564697265625,573.57568359375,1543.60400390625,825.7733154296875,1521.5843505859375,699.6744995117188,44.039306640625,252.1976318359375
IMG_0029.mp4,5799,193.4934934934935,29.97,913,1,traffic_lights,0.6884203553199768,883.0969848632812,736.4531860351562,903.5650634765625,772.7742309570312,893.3310241699219,754.6137084960938,20.46807861328125,36.321044921875
IMG_0029.mp4,5799,193.4934934934935,29.97,920,2,traffic_signs,0.859663188457489,1010.0831298828125,695.1704711914062,1026.2200927734375,730.2532958984375,1018.151611328125,712.7118835449219,16.136962890625,35.08282470703125
IMG_0029.mp4,5799,193.4934934934935,29.97,872,1,traffic_lights,0.5205919742584229,935.1619262695312,565.1317749023438,947.964599609375,604.9844360351562,941.5632629394531,585.05810546875,12.80267333984375,39.8526611328125
IMG_0029.mp4,5799,193.4934934934935,29.97,929,1,traffic_lights,0.7308111786842346,957.0643310546875,700.35595703125,994.5829467773438,748.4492797851562,975.8236389160156,724.4026184082031,37.51861572265625,48.09332275390625
IMG_0029.mp4,5799,193.4934934934935,29.97,947,2,traffic_signs,0.7943106293678284,1581.6519775390625,550.1829223632812,1663.5716552734375,626.7267456054688,1622.61181640625,588.454833984375,81.919677734375,76.5438232421875
IMG_0029.mp4,5799,193.4934934934935,29.97,865,2,traffic_signs,0.5228849649429321,1047.759033203125,476.8672790527344,1131.7958984375,607.2431030273438,1089.7774658203125,542.0551910400391,84.036865234375,130.37582397460938
IMG_0029.mp4,5799,193.4934934934935,29.97,944,0,auth_label,0.6512472033500671,1651.3948974609375,563.4044799804688,1763.080810546875,831.7228393554688,1707.2378540039062,697.5636596679688,111.6859130859375,268.318359375
IMG_0029.mp4,5799,193.4934934934935,29.97,946,0,auth_label,0.903066873550415,1488.3126220703125,572.8760375976562,1532.5985107421875,828.0798950195312,1510.45556640625,700.4779663085938,44.285888671875,255.203857421875
IMG_0029.mp4,5800,193.52686019352686,29.97,913,1,traffic_lights,0.7816457152366638,872.1431274414062,736.687744140625,892.8687133789062,773.2103881835938,882.5059204101562,754.9490661621094,20.7255859375,36.52264404296875
IMG_0029.mp4,5800,193.52686019352686,29.97,920,2,traffic_signs,0.8724935054779053,999.4957275390625,695.2833251953125,1015.682373046875,730.5086059570312,1007.5890502929688,712.8959655761719,16.1866455078125,35.22528076171875
IMG_0029.mp4,5800,193.52686019352686,29.97,872,1,traffic_lights,0.7637523412704468,924.562255859375,564.4120483398438,937.3291625976562,604.47802734375,930.9457092285156,584.4450378417969,12.76690673828125,40.06597900390625
IMG_0029.mp4,5800,193.52686019352686,29.97,929,1,traffic_lights,0.5958921909332275,946.4445190429688,698.8032836914062,983.626708984375,748.6488037109375,965.0356140136719,723.7260437011719,37.18218994140625,49.84552001953125
IMG_0029.mp4,5800,193.52686019352686,29.97,947,2,traffic_signs,0.9080570936203003,1570.3968505859375,546.6822509765625,1652.42919921875,626.5489501953125,1611.4130249023438,586.6156005859375,82.0323486328125,79.86669921875
IMG_0029.mp4,5800,193.52686019352686,29.97,865,2,traffic_signs,0.6007003784179688,1034.1728515625,472.4263610839844,1119.0380859375,605.0333251953125,1076.60546875,538.7298431396484,84.865234375,132.60696411132812
IMG_0029.mp4,5800,193.52686019352686,29.97,944,0,auth_label,0.2930198609828949,1643.1920166015625,562.0950927734375,1751.302734375,831.6649169921875,1697.2473754882812,696.8800048828125,108.1107177734375,269.56982421875
IMG_0029.mp4,5800,193.52686019352686,29.97,946,0,auth_label,0.8148152828216553,1477.6187744140625,574.6254272460938,1522.1195068359375,827.53662109375,1499.869140625,701.0810241699219,44.500732421875,252.91119384765625
IMG_0029.mp4,5800,193.52686019352686,29.97,955,2,traffic_signs,0.6455300450325012,1467.0347900390625,495.00750732421875,1510.4375,547.2376708984375,1488.7361450195312,521.1225891113281,43.4027099609375,52.23016357421875
IMG_0029.mp4,5800,193.52686019352686,29.97,957,0,auth_label,0.5460168719291687,1523.4107666015625,562.7129516601562,1633.58642578125,825.928955078125,1578.4985961914062,694.3209533691406,110.1756591796875,263.21600341796875
IMG_0029.mp4,5801,193.56022689356024,29.97,920,2,traffic_signs,0.6590820550918579,988.1744995117188,695.73681640625,1004.345458984375,730.693359375,996.2599792480469,713.215087890625,16.17095947265625,34.95654296875
IMG_0029.mp4,5801,193.56022689356024,29.97,872,1,traffic_lights,0.7726069092750549,914.03564453125,563.6256713867188,926.6055908203125,604.1231079101562,920.3206176757812,583.8743896484375,12.5699462890625,40.4974365234375
IMG_0029.mp4,5801,193.56022689356024,29.97,929,1,traffic_lights,0.6868881583213806,935.6107177734375,699.6234130859375,972.4052734375,748.8896484375,954.0079956054688,724.2565307617188,36.7945556640625,49.2662353515625
IMG_0029.mp4,5801,193.56022689356024,29.97,947,2,traffic_signs,0.7843164801597595,1560.458984375,544.8859252929688,1641.802978515625,626.2155151367188,1601.1309814453125,585.5507202148438,81.343994140625,81.32958984375
IMG_0029.mp4,5801,193.56022689356024,29.97,946,0,auth_label,0.8131060004234314,1466.8646240234375,573.50732421875,1510.7506103515625,828.6054077148438,1488.8076171875,701.0563659667969,43.885986328125,255.09808349609375
IMG_0029.mp4,5801,193.56022689356024,29.97,955,2,traffic_signs,0.5652607679367065,1456.5157470703125,493.2584228515625,1499.5267333984375,547.0386352539062,1478.021240234375,520.1485290527344,43.010986328125,53.78021240234375
IMG_0029.mp4,5801,193.56022689356024,29.97,957,0,auth_label,0.4875475764274597,1513.878173828125,565.32861328125,1626.97412109375,824.6668090820312,1570.4261474609375,694.9977111816406,113.095947265625,259.33819580078125
IMG_0029.mp4,5802,193.5935935935936,29.97,920,2,traffic_signs,0.8499480485916138,977.7740478515625,696.0335083007812,993.8717651367188,731.1348876953125,985.8229064941406,713.5841979980469,16.09771728515625,35.10137939453125
IMG_0029.mp4,5802,193.5935935935936,29.97,872,1,traffic_lights,0.820587158203125,903.8099365234375,563.1218872070312,916.728759765625,603.7501831054688,910.2693481445312,583.43603515625,12.9188232421875,40.6282958984375
IMG_0029.mp4,5802,193.5935935935936,29.97,929,1,traffic_lights,0.49779650568962097,925.1332397460938,701.3403930664062,961.8513793945312,748.6363525390625,943.4923095703125,724.9883728027344,36.7181396484375,47.29595947265625
IMG_0029.mp4,5802,193.5935935935936,29.97,947,2,traffic_signs,0.7685133814811707,1548.31884765625,544.4555053710938,1630.2606201171875,625.6030883789062,1589.2897338867188,585.029296875,81.9417724609375,81.1475830078125
IMG_0029.mp4,5802,193.5935935935936,29.97,946,0,auth_label,0.7052482962608337,1455.83544921875,574.7279052734375,1500.834228515625,829.677001953125,1478.3348388671875,702.2024536132812,44.998779296875,254.9490966796875
IMG_0029.mp4,5802,193.5935935935936,29.97,955,2,traffic_signs,0.7858570218086243,1445.80615234375,492.369873046875,1488.33544921875,546.0261840820312,1467.07080078125,519.1980285644531,42.529296875,53.65631103515625
IMG_0029.mp4,5802,193.5935935935936,29.97,957,0,auth_label,0.5672376751899719,1502.3883056640625,565.9744873046875,1612.3154296875,826.09814453125,1557.3518676757812,696.0363159179688,109.9271240234375,260.1236572265625
IMG_0029.mp4,5802,193.5935935935936,29.97,913,1,traffic_lights,0.40963953733444214,850.8621215820312,737.523193359375,873.5420532226562,774.3773803710938,862.2020874023438,755.9502868652344,22.679931640625,36.85418701171875
IMG_0029.mp4,5802,193.5935935935936,29.97,944,0,auth_label,0.4849044382572174,1630.07958984375,565.3949584960938,1723.6214599609375,834.500732421875,1676.8505249023438,699.9478454589844,93.5418701171875,269.10577392578125
IMG_0029.mp4,5803,193.62696029362698,29.97,920,2,traffic_signs,0.861364483833313,966.6137084960938,696.2980346679688,983.2410888671875,731.4122314453125,974.9273986816406,713.8551330566406,16.62738037109375,35.11419677734375
IMG_0029.mp4,5803,193.62696029362698,29.97,872,1,traffic_lights,0.7131115794181824,893.857177734375,562.2859497070312,907.1324462890625,603.8411865234375,900.4948120117188,583.0635681152344,13.2752685546875,41.55523681640625
IMG_0029.mp4,5803,193.62696029362698,29.97,929,1,traffic_lights,0.5955529808998108,913.7623901367188,701.4359130859375,950.9482421875,749.9613647460938,932.3553161621094,725.6986389160156,37.18585205078125,48.52545166015625
IMG_0029.mp4,5803,193.62696029362698,29.97,947,2,traffic_signs,0.8930158615112305,1538.541015625,544.7396240234375,1620.185791015625,626.1296997070312,1579.3634033203125,585.4346618652344,81.644775390625,81.39007568359375
IMG_0029.mp4,5803,193.62696029362698,29.97,946,0,auth_label,0.8926901817321777,1444.6329345703125,574.9888305664062,1489.27294921875,831.3981323242188,1466.9529418945312,703.1934814453125,44.6400146484375,256.4093017578125
IMG_0029.mp4,5803,193.62696029362698,29.97,957,0,auth_label,0.7129665613174438,1493.4010009765625,564.9463500976562,1600.4005126953125,826.9673461914062,1546.9007568359375,695.9568481445312,106.99951171875,262.02099609375
IMG_0029.mp4,5803,193.62696029362698,29.97,913,1,traffic_lights,0.6654319763183594,839.18994140625,736.4737548828125,860.7429809570312,774.50439453125,849.9664611816406,755.4890747070312,21.55303955078125,38.0306396484375
IMG_0029.mp4,5803,193.62696029362698,29.97,944,0,auth_label,0.43710756301879883,1623.438232421875,568.8681030273438,1707.992919921875,831.9724731445312,1665.715576171875,700.4202880859375,84.5546875,263.1043701171875
IMG_0029.mp4,5804,193.66032699366033,29.97,920,2,traffic_signs,0.8519492149353027,955.6896362304688,696.1717529296875,972.2821044921875,731.4622802734375,963.9858703613281,713.8170166015625,16.59246826171875,35.29052734375
IMG_0029.mp4,5804,193.66032699366033,29.97,872,1,traffic_lights,0.729575514793396,883.1043701171875,561.7100219726562,896.7445678710938,603.453125,889.9244689941406,582.5815734863281,13.64019775390625,41.74310302734375
IMG_0029.mp4,5804,193.66032699366033,29.97,929,1,traffic_lights,0.6781705021858215,902.379150390625,701.6289672851562,939.4841918945312,749.6468505859375,920.9316711425781,725.6379089355469,37.10504150390625,48.01788330078125
IMG_0029.mp4,5804,193.66032699366033,29.97,947,2,traffic_signs,0.8871856927871704,1526.8997802734375,544.5128784179688,1609.30810546875,625.5015869140625,1568.1039428710938,585.0072326660156,82.4083251953125,80.98870849609375
IMG_0029.mp4,5804,193.66032699366033,29.97,946,0,auth_label,0.7250218391418457,1433.4847412109375,578.3087768554688,1478.8463134765625,830.7454833984375,1456.16552734375,704.5271301269531,45.361572265625,252.43670654296875
IMG_0029.mp4,5804,193.66032699366033,29.97,957,0,auth_label,0.7682996988296509,1480.5352783203125,566.8861694335938,1587.8477783203125,825.203369140625,1534.1915283203125,696.0447692871094,107.3125,258.31719970703125
IMG_0029.mp4,5804,193.66032699366033,29.97,913,1,traffic_lights,0.6284599304199219,828.1950073242188,737.655029296875,851.2880859375,774.6661987304688,839.7415466308594,756.1606140136719,23.09307861328125,37.01116943359375
IMG_0029.mp4,5804,193.66032699366033,29.97,944,0,auth_label,0.8316150903701782,1613.3040771484375,572.8054809570312,1693.8507080078125,833.2838134765625,1653.577392578125,703.0446472167969,80.546630859375,260.47833251953125
IMG_0029.mp4,5804,193.66032699366033,29.97,865,2,traffic_signs,0.7076289057731628,978.5258178710938,457.5072937011719,1064.63037109375,597.8614501953125,1021.5780944824219,527.6843719482422,86.10455322265625,140.35415649414062
IMG_0029.mp4,5804,193.66032699366033,29.97,955,2,traffic_signs,0.6610698103904724,1424.156005859375,490.5558776855469,1467.767578125,544.9713134765625,1445.9617919921875,517.7635955810547,43.611572265625,54.415435791015625
IMG_0029.mp4,5805,193.6936936936937,29.97,920,2,traffic_signs,0.8491250872612,944.71728515625,695.9368286132812,961.5484008789062,731.6712646484375,953.1328430175781,713.8040466308594,16.83111572265625,35.73443603515625
IMG_0029.mp4,5805,193.6936936936937,29.97,872,1,traffic_lights,0.8198937177658081,872.5062255859375,560.8534545898438,885.8821411132812,603.0018310546875,879.1941833496094,581.9276428222656,13.37591552734375,42.14837646484375
IMG_0029.mp4,5805,193.6936936936937,29.97,929,1,traffic_lights,0.7337079048156738,891.1078491210938,701.8444213867188,927.7041015625,749.8800048828125,909.4059753417969,725.8622131347656,36.59625244140625,48.03558349609375
IMG_0029.mp4,5805,193.6936936936937,29.97,947,2,traffic_signs,0.9004239439964294,1516.628173828125,544.064208984375,1598.810546875,626.2285766601562,1557.7193603515625,585.1463928222656,82.182373046875,82.16436767578125
IMG_0029.mp4,5805,193.6936936936937,29.97,946,0,auth_label,0.29828980565071106,1423.23291015625,580.4524536132812,1467.933837890625,832.6361694335938,1445.5833740234375,706.5443115234375,44.700927734375,252.1837158203125
IMG_0029.mp4,5805,193.6936936936937,29.97,957,0,auth_label,0.7272029519081116,1469.6759033203125,568.5490112304688,1578.3834228515625,827.366943359375,1524.0296630859375,697.9579772949219,108.70751953125,258.81793212890625
IMG_0029.mp4,5805,193.6936936936937,29.97,913,1,traffic_lights,0.7363740801811218,817.5930786132812,737.7020263671875,841.2710571289062,774.8722534179688,829.4320678710938,756.2871398925781,23.677978515625,37.17022705078125
IMG_0029.mp4,5805,193.6936936936937,29.97,944,0,auth_label,0.6722604632377625,1602.207275390625,571.52197265625,1680.8494873046875,832.439453125,1641.5283813476562,701.980712890625,78.6422119140625,260.91748046875
IMG_0029.mp4,5805,193.6936936936937,29.97,959,0,auth_label,0.46774959564208984,1574.7554931640625,596.0018920898438,1596.437255859375,707.3162841796875,1585.5963745117188,651.6590881347656,21.6817626953125,111.31439208984375
IMG_0029.mp4,5805,193.6936936936937,29.97,865,2,traffic_signs,0.6961798667907715,963.23681640625,452.7509765625,1051.0670166015625,592.4977416992188,1007.1519165039062,522.6243591308594,87.8302001953125,139.74676513671875
IMG_0029.mp4,5805,193.6936936936937,29.97,955,2,traffic_signs,0.4873965382575989,1413.5228271484375,489.32330322265625,1457.592529296875,544.0467529296875,1435.5576782226562,516.6850280761719,44.0697021484375,54.72344970703125
IMG_0029.mp4,5806,193.72706039372707,29.97,920,2,traffic_signs,0.8443642854690552,933.9952392578125,695.8717041015625,950.4746704101562,731.8521728515625,942.2349548339844,713.8619384765625,16.47943115234375,35.98046875
IMG_0029.mp4,5806,193.72706039372707,29.97,872,1,traffic_lights,0.81553053855896,861.9776611328125,560.5862426757812,875.1630249023438,602.1698608398438,868.5703430175781,581.3780517578125,13.18536376953125,41.5836181640625
IMG_0029.mp4,5806,193.72706039372707,29.97,929,1,traffic_lights,0.6356139779090881,879.5540161132812,702.956298828125,916.484619140625,749.8849487304688,898.0193176269531,726.4206237792969,36.93060302734375,46.92864990234375
IMG_0029.mp4,5806,193.72706039372707,29.97,947,2,traffic_signs,0.5161210298538208,1505.9564208984375,543.8336791992188,1588.989013671875,625.6873779296875,1547.4727172851562,584.7605285644531,83.0325927734375,81.85369873046875
IMG_0029.mp4,5806,193.72706039372707,29.97,946,0,auth_label,0.6245773434638977,1412.548583984375,584.1967163085938,1457.384765625,831.3806762695312,1434.9666748046875,707.7886962890625,44.836181640625,247.1839599609375
IMG_0029.mp4,5806,193.72706039372707,29.97,957,0,auth_label,0.5543600916862488,1458.6781005859375,570.1831665039062,1570.9859619140625,826.1715698242188,1514.83203125,698.1773681640625,112.307861328125,255.9884033203125
IMG_0029.mp4,5806,193.72706039372707,29.97,913,1,traffic_lights,0.7253875136375427,806.3347778320312,738.257080078125,829.610107421875,776.24609375,817.9724426269531,757.2515869140625,23.27532958984375,37.989013671875
IMG_0029.mp4,5806,193.72706039372707,29.97,944,0,auth_label,0.5647575259208679,1591.467529296875,571.2637939453125,1668.3990478515625,834.4793701171875,1629.9332885742188,702.87158203125,76.9315185546875,263.215576171875
IMG_0029.mp4,5806,193.72706039372707,29.97,865,2,traffic_signs,0.774661660194397,948.8442993164062,449.1833801269531,1036.661376953125,589.7557983398438,992.7528381347656,519.4695892333984,87.81707763671875,140.57241821289062
IMG_0029.mp4,5806,193.72706039372707,29.97,955,2,traffic_signs,0.7891718745231628,1403.0556640625,487.66375732421875,1447.2193603515625,543.27099609375,1425.1375122070312,515.4673767089844,44.1636962890625,55.60723876953125
IMG_0029.mp4,5807,193.76042709376043,29.97,920,2,traffic_signs,0.8563272356987,922.438720703125,696.3837890625,939.094482421875,732.0965576171875,930.7666015625,714.2401733398438,16.65576171875,35.7127685546875
IMG_0029.mp4,5807,193.76042709376043,29.97,872,1,traffic_lights,0.8320477604866028,850.787841796875,560.2962646484375,863.9402465820312,601.8005981445312,857.3640441894531,581.0484313964844,13.15240478515625,41.50433349609375
IMG_0029.mp4,5807,193.76042709376043,29.97,929,1,traffic_lights,0.4183548092842102,868.1754760742188,702.7477416992188,904.448486328125,749.5722045898438,886.3119812011719,726.1599731445312,36.27301025390625,46.824462890625
IMG_0029.mp4,5807,193.76042709376043,29.97,947,2,traffic_signs,0.9021674394607544,1494.511474609375,543.2686157226562,1576.9171142578125,626.8449096679688,1535.7142944335938,585.0567626953125,82.4056396484375,83.5762939453125
IMG_0029.mp4,5807,193.76042709376043,29.97,946,0,auth_label,0.2782635986804962,1400.4151611328125,580.9814453125,1445.2568359375,832.4856567382812,1422.8359985351562,706.7335510253906,44.8416748046875,251.50421142578125
IMG_0029.mp4,5807,193.76042709376043,29.97,957,0,auth_label,0.8210006952285767,1446.8062744140625,569.6878051757812,1557.1044921875,827.5635375976562,1501.9553833007812,698.6256713867188,110.2982177734375,257.875732421875
IMG_0029.mp4,5807,193.76042709376043,29.97,913,1,traffic_lights,0.5741126537322998,794.5506591796875,738.6506958007812,816.7780151367188,776.1898193359375,805.6643371582031,757.4202575683594,22.22735595703125,37.53912353515625
IMG_0029.mp4,5807,193.76042709376043,29.97,944,0,auth_label,0.5875622630119324,1579.361083984375,573.5895385742188,1654.2503662109375,833.4525756835938,1616.8057250976562,703.5210571289062,74.8892822265625,259.863037109375
IMG_0029.mp4,5807,193.76042709376043,29.97,865,2,traffic_signs,0.4565238356590271,932.7040405273438,443.992431640625,1022.414306640625,584.8506469726562,977.5591735839844,514.4215393066406,89.71026611328125,140.85821533203125
IMG_0029.mp4,5807,193.76042709376043,29.97,955,2,traffic_signs,0.48434314131736755,1391.9984130859375,486.7380676269531,1435.623779296875,542.1245727539062,1413.8110961914062,514.4313201904297,43.6253662109375,55.386505126953125
IMG_0029.mp4,5807,193.76042709376043,29.97,959,0,auth_label,0.6455610394477844,1552.5224609375,597.09423828125,1573.1505126953125,703.0907592773438,1562.8364868164062,650.0924987792969,20.6280517578125,105.99652099609375
IMG_0029.mp4,5808,193.7937937937938,29.97,920,2,traffic_signs,0.8615466952323914,911.4454345703125,696.9780883789062,928.0993041992188,732.479248046875,919.7723693847656,714.7286682128906,16.65386962890625,35.50115966796875
IMG_0029.mp4,5808,193.7937937937938,29.97,872,1,traffic_lights,0.6965296864509583,840.1535034179688,560.8056640625,853.5502319335938,601.2020874023438,846.8518676757812,581.0038757324219,13.396728515625,40.39642333984375
IMG_0029.mp4,5808,193.7937937937938,29.97,929,1,traffic_lights,0.7403762340545654,856.224609375,703.8335571289062,893.2962646484375,749.8495483398438,874.7604370117188,726.841552734375,37.0716552734375,46.0159912109375
IMG_0029.mp4,5808,193.7937937937938,29.97,947,2,traffic_signs,0.6971397399902344,1483.0870361328125,543.3778686523438,1565.7076416015625,627.2530517578125,1524.3973388671875,585.3154602050781,82.62060546875,83.87518310546875
IMG_0029.mp4,5808,193.7937937937938,29.97,946,0,auth_label,0.5004010200500488,1389.044189453125,583.0078125,1433.474853515625,833.2049560546875,1411.259521484375,708.1063842773438,44.4306640625,250.1971435546875
IMG_0029.mp4,5808,193.7937937937938,29.97,957,0,auth_label,0.8549181222915649,1434.5067138671875,572.2655029296875,1546.1827392578125,828.622314453125,1490.3447265625,700.4439086914062,111.676025390625,256.3568115234375
IMG_0029.mp4,5808,193.7937937937938,29.97,913,1,traffic_lights,0.7018384337425232,783.2140502929688,739.3961181640625,806.0540771484375,777.018798828125,794.6340637207031,758.2074584960938,22.84002685546875,37.6226806640625
IMG_0029.mp4,5808,193.7937937937938,29.97,944,0,auth_label,0.7617980241775513,1566.94970703125,575.6798706054688,1641.7532958984375,835.9462280273438,1604.3515014648438,705.8130493164062,74.8035888671875,260.266357421875
IMG_0029.mp4,5808,193.7937937937938,29.97,865,2,traffic_signs,0.6833276152610779,917.2122802734375,439.41485595703125,1007.3447265625,582.2542724609375,962.2785034179688,510.8345642089844,90.1324462890625,142.83941650390625
IMG_0029.mp4,5808,193.7937937937938,29.97,955,2,traffic_signs,0.2976895272731781,1381.3719482421875,486.2160949707031,1424.498779296875,542.3011474609375,1402.9353637695312,514.2586212158203,43.1268310546875,56.085052490234375
IMG_0029.mp4,5808,193.7937937937938,29.97,961,0,auth_label,0.4296066164970398,1389.6278076171875,583.3819580078125,1433.244140625,833.0318603515625,1411.4359741210938,708.2069091796875,43.6163330078125,249.64990234375
IMG_0029.mp4,5808,193.7937937937938,29.97,959,0,auth_label,0.48767149448394775,1541.5985107421875,599.197021484375,1561.6502685546875,706.9901123046875,1551.6243896484375,653.0935668945312,20.0517578125,107.7930908203125
IMG_0029.mp4,5809,193.82716049382717,29.97,920,2,traffic_signs,0.8625271916389465,899.3638305664062,697.161376953125,916.5906372070312,732.54150390625,907.9772338867188,714.8514404296875,17.226806640625,35.380126953125
IMG_0029.mp4,5809,193.82716049382717,29.97,872,1,traffic_lights,0.7651244401931763,828.4320678710938,559.9727783203125,842.2830200195312,600.4955444335938,835.3575439453125,580.2341613769531,13.8509521484375,40.52276611328125
IMG_0029.mp4,5809,193.82716049382717,29.97,929,1,traffic_lights,0.671632707118988,843.8255615234375,704.0115966796875,881.1739501953125,749.6961669921875,862.499755859375,726.8538818359375,37.348388671875,45.6845703125
IMG_0029.mp4,5809,193.82716049382717,29.97,947,2,traffic_signs,0.8581787347793579,1471.6055908203125,542.86767578125,1553.581787109375,627.6922607421875,1512.5936889648438,585.2799682617188,81.9761962890625,84.8245849609375
IMG_0029.mp4,5809,193.82716049382717,29.97,946,0,auth_label,0.8713811635971069,1378.3231201171875,585.826416015625,1421.3623046875,834.9622802734375,1399.8427124023438,710.3943481445312,43.0391845703125,249.1358642578125
IMG_0029.mp4,5809,193.82716049382717,29.97,957,0,auth_label,0.8968996405601501,1422.2032470703125,574.1129760742188,1534.1689453125,830.3082275390625,1478.1860961914062,702.2106018066406,111.9656982421875,256.19525146484375
IMG_0029.mp4,5809,193.82716049382717,29.97,913,1,traffic_lights,0.6878786087036133,770.996337890625,739.771484375,793.0071411132812,777.6436157226562,782.0017395019531,758.7075500488281,22.01080322265625,37.87213134765625
IMG_0029.mp4,5809,193.82716049382717,29.97,944,0,auth_label,0.7154836058616638,1555.98046875,576.1514892578125,1628.10986328125,834.9920043945312,1592.045166015625,705.5717468261719,72.12939453125,258.84051513671875
IMG_0029.mp4,5809,193.82716049382717,29.97,865,2,traffic_signs,0.7310310006141663,901.2672729492188,434.7669677734375,991.1793823242188,581.7686767578125,946.2233276367188,508.267822265625,89.912109375,147.001708984375
IMG_0029.mp4,5809,193.82716049382717,29.97,955,2,traffic_signs,0.4421735107898712,1370.1949462890625,484.9244079589844,1413.1534423828125,541.4147338867188,1391.6741943359375,513.1695709228516,42.95849609375,56.490325927734375
IMG_0029.mp4,5809,193.82716049382717,29.97,959,0,auth_label,0.5743688941001892,1531.050048828125,600.9398803710938,1549.052734375,706.9466552734375,1540.0513916015625,653.9432678222656,18.002685546875,106.00677490234375
IMG_0029.mp4,5810,193.86052719386055,29.97,920,2,traffic_signs,0.8711691498756409,887.8455200195312,697.350830078125,905.0287475585938,732.9252319335938,896.4371337890625,715.1380310058594,17.1832275390625,35.57440185546875
IMG_0029.mp4,5810,193.86052719386055,29.97,872,1,traffic_lights,0.7665773630142212,817.3864135742188,558.843505859375,831.2051391601562,599.9617919921875,824.2957763671875,579.4026489257812,13.8187255859375,41.1182861328125
IMG_0029.mp4,5810,193.86052719386055,29.97,929,1,traffic_lights,0.6089438199996948,832.6527099609375,703.6881103515625,869.9481201171875,750.0065307617188,851.3004150390625,726.8473205566406,37.29541015625,46.31842041015625
IMG_0029.mp4,5810,193.86052719386055,29.97,947,2,traffic_signs,0.8597903251647949,1460.0872802734375,543.088134765625,1542.4921875,627.4520874023438,1501.2897338867188,585.2701110839844,82.4049072265625,84.36395263671875
IMG_0029.mp4,5810,193.86052719386055,29.97,946,0,auth_label,0.3821622431278229,1367.2286376953125,589.0746459960938,1409.541015625,834.7115478515625,1388.3848266601562,711.8930969238281,42.3123779296875,245.63690185546875
IMG_0029.mp4,5810,193.86052719386055,29.97,957,0,auth_label,0.8689461350440979,1409.9990234375,574.7119750976562,1520.7786865234375,829.47705078125,1465.3888549804688,702.0945129394531,110.7796630859375,254.76507568359375
IMG_0029.mp4,5810,193.86052719386055,29.97,913,1,traffic_lights,0.7545403838157654,758.3201904296875,739.9572143554688,781.2379760742188,778.0453491210938,769.7790832519531,759.0012817382812,22.91778564453125,38.088134765625
IMG_0029.mp4,5810,193.86052719386055,29.97,944,0,auth_label,0.8251515030860901,1544.2093505859375,575.9436645507812,1616.3585205078125,836.9918823242188,1580.283935546875,706.4677734375,72.149169921875,261.0482177734375
IMG_0029.mp4,5810,193.86052719386055,29.97,865,2,traffic_signs,0.8126963376998901,884.0604248046875,430.1455078125,975.6141357421875,577.0991821289062,929.8372802734375,503.6223449707031,91.5537109375,146.95367431640625
IMG_0029.mp4,5810,193.86052719386055,29.97,955,2,traffic_signs,0.4113525152206421,1359.0091552734375,483.6748352050781,1401.9654541015625,540.7769775390625,1380.4873046875,512.2259063720703,42.956298828125,57.102142333984375
IMG_0029.mp4,5810,193.86052719386055,29.97,959,0,auth_label,0.6057908535003662,1520.21923828125,601.3408203125,1537.66064453125,707.0946655273438,1528.93994140625,654.2177429199219,17.44140625,105.75384521484375
IMG_0029.mp4,5811,193.8938938938939,29.97,920,2,traffic_signs,0.8437387943267822,876.216796875,696.96044921875,893.4545288085938,733.2528686523438,884.8356628417969,715.1066589355469,17.23773193359375,36.29241943359375
IMG_0029.mp4,5811,193.8938938938939,29.97,872,1,traffic_lights,0.8497334718704224,805.7021484375,557.6226196289062,820.2755126953125,599.7037963867188,812.9888305664062,578.6632080078125,14.5733642578125,42.0811767578125
IMG_0029.mp4,5811,193.8938938938939,29.97,929,1,traffic_lights,0.6258509159088135,820.4478759765625,702.98583984375,858.63330078125,750.757080078125,839.5405883789062,726.8714599609375,38.1854248046875,47.771240234375
IMG_0029.mp4,5811,193.8938938938939,29.97,947,2,traffic_signs,0.8099603652954102,1448.5704345703125,542.5932006835938,1530.6048583984375,627.6701049804688,1489.587646484375,585.1316528320312,82.034423828125,85.076904296875
IMG_0029.mp4,5811,193.8938938938939,29.97,946,0,auth_label,0.9087989926338196,1356.4144287109375,591.7412719726562,1397.543212890625,836.22119140625,1376.9788208007812,713.9812316894531,41.1287841796875,244.47991943359375
IMG_0029.mp4,5811,193.8938938938939,29.97,957,0,auth_label,0.9019953608512878,1399.09716796875,575.30517578125,1508.2144775390625,831.3711547851562,1453.6558227539062,703.3381652832031,109.1173095703125,256.06597900390625
IMG_0029.mp4,5811,193.8938938938939,29.97,913,1,traffic_lights,0.6578413844108582,745.72265625,740.1783447265625,768.5708618164062,778.2484130859375,757.1467590332031,759.21337890625,22.84820556640625,38.070068359375
IMG_0029.mp4,5811,193.8938938938939,29.97,944,0,auth_label,0.7873898148536682,1532.916015625,578.996826171875,1599.6693115234375,836.102783203125,1566.2926635742188,707.5498046875,66.7532958984375,257.10595703125
IMG_0029.mp4,5811,193.8938938938939,29.97,865,2,traffic_signs,0.8233421444892883,867.0435791015625,425.0469970703125,959.3956909179688,570.9938354492188,913.2196350097656,498.0204162597656,92.35211181640625,145.94683837890625
IMG_0029.mp4,5811,193.8938938938939,29.97,955,2,traffic_signs,0.746696949005127,1348.03369140625,482.67730712890625,1390.1025390625,539.7410888671875,1369.068115234375,511.2091979980469,42.06884765625,57.06378173828125
IMG_0029.mp4,5811,193.8938938938939,29.97,959,0,auth_label,0.5837904214859009,1508.187255859375,601.1480102539062,1525.4759521484375,705.4755859375,1516.8316040039062,653.3117980957031,17.2886962890625,104.32757568359375
IMG_0029.mp4,5811,193.8938938938939,29.97,942,1,traffic_lights,0.42607295513153076,1349.6458740234375,544.07763671875,1399.6856689453125,633.4320678710938,1374.665771484375,588.7548522949219,50.039794921875,89.35443115234375
IMG_0029.mp4,5812,193.92726059392726,29.97,920,2,traffic_signs,0.8430492281913757,864.7017822265625,697.2716674804688,882.0066528320312,733.9354248046875,873.3542175292969,715.6035461425781,17.30487060546875,36.66375732421875
IMG_0029.mp4,5812,193.92726059392726,29.97,872,1,traffic_lights,0.5495312809944153,795.2727661132812,556.8414916992188,809.5086669921875,598.9344482421875,802.3907165527344,577.8879699707031,14.23590087890625,42.09295654296875
IMG_0029.mp4,5812,193.92726059392726,29.97,929,1,traffic_lights,0.7431012392044067,808.3939208984375,704.319580078125,847.7152099609375,751.669921875,828.0545654296875,727.9947509765625,39.3212890625,47.350341796875
IMG_0029.mp4,5812,193.92726059392726,29.97,947,2,traffic_signs,0.83797287940979,1437.8980712890625,543.1107177734375,1519.1175537109375,627.3333740234375,1478.5078125,585.2220458984375,81.219482421875,84.22265625
IMG_0029.mp4,5812,193.92726059392726,29.97,946,0,auth_label,0.8533902168273926,1345.0050048828125,590.4900512695312,1385.8787841796875,836.8220825195312,1365.44189453125,713.6560668945312,40.873779296875,246.33203125
IMG_0029.mp4,5812,193.92726059392726,29.97,957,0,auth_label,0.8859776258468628,1387.421630859375,574.5532836914062,1496.8800048828125,833.2998046875,1442.1508178710938,703.9265441894531,109.4583740234375,258.74652099609375
IMG_0029.mp4,5812,193.92726059392726,29.97,913,1,traffic_lights,0.6750796437263489,733.7952270507812,740.7838745117188,757.5449829101562,779.1444702148438,745.6701049804688,759.9641723632812,23.749755859375,38.360595703125
IMG_0029.mp4,5812,193.92726059392726,29.97,944,0,auth_label,0.6927126049995422,1518.0723876953125,578.3866577148438,1587.7962646484375,838.443603515625,1552.934326171875,708.4151306152344,69.723876953125,260.05694580078125
IMG_0029.mp4,5812,193.92726059392726,29.97,865,2,traffic_signs,0.9246377944946289,850.4902954101562,419.9712829589844,942.8487548828125,567.4593505859375,896.6695251464844,493.71531677246094,92.35845947265625,147.48806762695312
IMG_0029.mp4,5812,193.92726059392726,29.97,955,2,traffic_signs,0.7108394503593445,1337.0516357421875,481.6396179199219,1379.1512451171875,538.8388671875,1358.1014404296875,510.23924255371094,42.099609375,57.199249267578125
IMG_0029.mp4,5812,193.92726059392726,29.97,959,0,auth_label,0.5964516997337341,1496.0482177734375,601.2783203125,1514.5433349609375,708.6605224609375,1505.2957763671875,654.9694213867188,18.4951171875,107.3822021484375
IMG_0029.mp4,5813,193.96062729396064,29.97,920,2,traffic_signs,0.8222798705101013,852.8130493164062,696.9217529296875,870.30712890625,733.8925170898438,861.5600891113281,715.4071350097656,17.49407958984375,36.97076416015625
IMG_0029.mp4,5813,193.96062729396064,29.97,872,1,traffic_lights,0.2911854386329651,784.3410034179688,555.9490356445312,798.590576171875,598.6166381835938,791.4657897949219,577.2828369140625,14.24957275390625,42.6676025390625
IMG_0029.mp4,5813,193.96062729396064,29.97,929,1,traffic_lights,0.7227764129638672,795.9044189453125,704.3130493164062,835.9287719726562,750.8561401367188,815.9165954589844,727.5845947265625,40.02435302734375,46.5430908203125
IMG_0029.mp4,5813,193.96062729396064,29.97,947,2,traffic_signs,0.6868537664413452,1425.8536376953125,542.0384521484375,1507.3741455078125,627.9331665039062,1466.6138916015625,584.9858093261719,81.5205078125,85.89471435546875
IMG_0029.mp4,5813,193.96062729396064,29.97,946,0,auth_label,0.8753416538238525,1333.71923828125,588.3783569335938,1374.6243896484375,838.4442138671875,1354.1718139648438,713.4112854003906,40.9051513671875,250.06585693359375
IMG_0029.mp4,5813,193.96062729396064,29.97,957,0,auth_label,0.9280949831008911,1376.34033203125,576.1707763671875,1484.3995361328125,835.7106323242188,1430.3699340820312,705.9407043457031,108.0592041015625,259.53985595703125
IMG_0029.mp4,5813,193.96062729396064,29.97,913,1,traffic_lights,0.7116119265556335,721.6651000976562,740.7714233398438,745.1480102539062,779.1585693359375,733.4065551757812,759.9649963378906,23.48291015625,38.38714599609375
IMG_0029.mp4,5813,193.96062729396064,29.97,944,0,auth_label,0.8933443427085876,1508.7696533203125,578.1287841796875,1575.5718994140625,838.1907958984375,1542.1707763671875,708.1597900390625,66.80224609375,260.06201171875
IMG_0029.mp4,5813,193.96062729396064,29.97,865,2,traffic_signs,0.6794410943984985,832.8208618164062,414.5093994140625,925.6953125,563.6060180664062,879.2580871582031,489.0577087402344,92.87445068359375,149.09661865234375
IMG_0029.mp4,5813,193.96062729396064,29.97,955,2,traffic_signs,0.8373321890830994,1325.9627685546875,480.5040283203125,1368.036865234375,538.1340942382812,1346.9998168945312,509.3190612792969,42.0740966796875,57.63006591796875
IMG_0029.mp4,5813,193.96062729396064,29.97,959,0,auth_label,0.540712833404541,1485.14306640625,601.8142700195312,1502.828369140625,708.0897827148438,1493.9857177734375,654.9520263671875,17.685302734375,106.2755126953125
IMG_0029.mp4,5813,193.96062729396064,29.97,965,2,traffic_signs,0.8499064445495605,1861.35888671875,662.8292846679688,1886.927978515625,700.0970458984375,1874.1434326171875,681.4631652832031,25.569091796875,37.26776123046875
IMG_0029.mp4,5813,193.96062729396064,29.97,942,1,traffic_lights,0.5957856178283691,1328.0009765625,542.136474609375,1376.4312744140625,634.419921875,1352.2161254882812,588.2781982421875,48.4302978515625,92.283447265625
IMG_0029.mp4,5814,193.993993993994,29.97,920,2,traffic_signs,0.6304630041122437,840.7894897460938,697.0991821289062,857.5805053710938,734.6279907226562,849.1849975585938,715.8635864257812,16.791015625,37.52880859375
IMG_0029.mp4,5814,193.993993993994,29.97,872,1,traffic_lights,0.6939153671264648,772.9260864257812,555.2044067382812,787.13671875,597.9852294921875,780.0314025878906,576.5948181152344,14.21063232421875,42.78082275390625
IMG_0029.mp4,5814,193.993993993994,29.97,929,1,traffic_lights,0.6138800978660583,784.38037109375,704.8580322265625,823.9652709960938,750.7451782226562,804.1728210449219,727.8016052246094,39.58489990234375,45.88714599609375
IMG_0029.mp4,5814,193.993993993994,29.97,947,2,traffic_signs,0.8404305577278137,1414.805419921875,541.9060668945312,1496.2789306640625,627.3519287109375,1455.5421752929688,584.6289978027344,81.4735107421875,85.44586181640625
IMG_0029.mp4,5814,193.993993993994,29.97,946,0,auth_label,0.8445005416870117,1323.0604248046875,591.299072265625,1363.6270751953125,838.2542114257812,1343.34375,714.7766418457031,40.566650390625,246.95513916015625
IMG_0029.mp4,5814,193.993993993994,29.97,957,0,auth_label,0.8615748286247253,1364.9876708984375,576.6600341796875,1473.9635009765625,833.87548828125,1419.4755859375,705.2677612304688,108.975830078125,257.2154541015625
IMG_0029.mp4,5814,193.993993993994,29.97,913,1,traffic_lights,0.7298466563224792,708.9214477539062,740.8772583007812,733.6527709960938,778.8903198242188,721.287109375,759.8837890625,24.7313232421875,38.0130615234375
IMG_0029.mp4,5814,193.993993993994,29.97,944,0,auth_label,0.887776792049408,1498.28466796875,579.734619140625,1563.197021484375,839.744873046875,1530.7408447265625,709.73974609375,64.912353515625,260.01025390625
IMG_0029.mp4,5814,193.993993993994,29.97,865,2,traffic_signs,0.6939653754234314,813.7999267578125,408.13360595703125,908.5116577148438,560.7255859375,861.1557922363281,484.4295959472656,94.71173095703125,152.59197998046875
IMG_0029.mp4,5814,193.993993993994,29.97,955,2,traffic_signs,0.7345783114433289,1314.735595703125,479.0955505371094,1357.114501953125,537.2056884765625,1335.925048828125,508.15061950683594,42.37890625,58.110137939453125
IMG_0029.mp4,5814,193.993993993994,29.97,959,0,auth_label,0.47487348318099976,1473.5050048828125,602.8091430664062,1489.9586181640625,711.0651245117188,1481.7318115234375,656.9371337890625,16.45361328125,108.2559814453125
IMG_0029.mp4,5814,193.993993993994,29.97,965,2,traffic_signs,0.8887869715690613,1846.9130859375,663.7030029296875,1871.1302490234375,701.3026733398438,1859.0216674804688,682.5028381347656,24.2171630859375,37.59967041015625
IMG_0029.mp4,5815,194.02736069402738,29.97,872,1,traffic_lights,0.729177713394165,761.5872802734375,554.1797485351562,776.4306640625,597.6145629882812,769.0089721679688,575.8971557617188,14.8433837890625,43.434814453125
IMG_0029.mp4,5815,194.02736069402738,29.97,929,1,traffic_lights,0.6891677975654602,772.607421875,704.8614501953125,812.5874633789062,750.5138549804688,792.5974426269531,727.6876525878906,39.98004150390625,45.65240478515625
IMG_0029.mp4,5815,194.02736069402738,29.97,947,2,traffic_signs,0.8953210711479187,1403.22998046875,540.5153198242188,1485.0035400390625,626.8177490234375,1444.1167602539062,583.6665344238281,81.7735595703125,86.30242919921875
IMG_0029.mp4,5815,194.02736069402738,29.97,946,0,auth_label,0.884932816028595,1312.3934326171875,593.111572265625,1351.979736328125,839.7769165039062,1332.1865844726562,716.4442443847656,39.5863037109375,246.66534423828125
IMG_0029.mp4,5815,194.02736069402738,29.97,957,0,auth_label,0.6608160734176636,1353.828125,577.8679809570312,1462.40185546875,834.6389770507812,1408.114990234375,706.2534790039062,108.57373046875,256.77099609375
IMG_0029.mp4,5815,194.02736069402738,29.97,913,1,traffic_lights,0.7732408046722412,696.1439819335938,741.0720825195312,722.0060424804688,779.4591674804688,709.0750122070312,760.265625,25.862060546875,38.3870849609375
IMG_0029.mp4,5815,194.02736069402738,29.97,944,0,auth_label,0.5031813979148865,1487.2403564453125,580.3167724609375,1549.7701416015625,840.5576782226562,1518.5052490234375,710.4372253417969,62.52978515625,260.24090576171875
IMG_0029.mp4,5815,194.02736069402738,29.97,865,2,traffic_signs,0.5605760216712952,794.6549072265625,402.13031005859375,890.7964477539062,558.0670166015625,842.7256774902344,480.0986633300781,96.14154052734375,155.93670654296875
IMG_0029.mp4,5815,194.02736069402738,29.97,955,2,traffic_signs,0.8828741908073425,1303.6348876953125,478.16693115234375,1346.403076171875,535.5274047851562,1325.0189819335938,506.84716796875,42.7681884765625,57.3604736328125
IMG_0029.mp4,5815,194.02736069402738,29.97,959,0,auth_label,0.5989618301391602,1462.3890380859375,604.5296020507812,1479.60400390625,709.9573364257812,1470.9965209960938,657.2434692382812,17.2149658203125,105.427734375
IMG_0029.mp4,5815,194.02736069402738,29.97,965,2,traffic_signs,0.8676972389221191,1830.8138427734375,665.48828125,1854.7054443359375,703.8359375,1842.7596435546875,684.662109375,23.8916015625,38.34765625
IMG_0029.mp4,5815,194.02736069402738,29.97,942,1,traffic_lights,0.5285590887069702,1306.0107421875,539.3351440429688,1354.0357666015625,634.4296264648438,1330.0232543945312,586.8823852539062,48.0250244140625,95.094482421875
IMG_0029.mp4,5816,194.06072739406073,29.97,872,1,traffic_lights,0.6164376735687256,749.9580078125,552.9339599609375,765.2322387695312,596.0093994140625,757.5951232910156,574.4716796875,15.27423095703125,43.075439453125
IMG_0029.mp4,5816,194.06072739406073,29.97,929,1,traffic_lights,0.8038460612297058,758.8125610351562,705.61083984375,801.0371704101562,750.4244384765625,779.9248657226562,728.0176391601562,42.224609375,44.8135986328125
IMG_0029.mp4,5816,194.06072739406073,29.97,947,2,traffic_signs,0.8703633546829224,1392.75048828125,539.6792602539062,1473.6209716796875,625.5387573242188,1433.1857299804688,582.6090087890625,80.8704833984375,85.8594970703125
IMG_0029.mp4,5816,194.06072739406073,29.97,946,0,auth_label,0.8267553448677063,1302.2484130859375,591.5114135742188,1341.0146484375,841.3809204101562,1321.6315307617188,716.4461669921875,38.7662353515625,249.8695068359375
IMG_0029.mp4,5816,194.06072739406073,29.97,957,0,auth_label,0.9011479616165161,1344.238525390625,576.2713012695312,1451.7158203125,835.8544921875,1397.9771728515625,706.0628967285156,107.477294921875,259.58319091796875
IMG_0029.mp4,5816,194.06072739406073,29.97,913,1,traffic_lights,0.7287055253982544,683.2310180664062,741.8102416992188,710.3668823242188,779.2992553710938,696.7989501953125,760.5547485351562,27.1358642578125,37.489013671875
IMG_0029.mp4,5816,194.06072739406073,29.97,944,0,auth_label,0.9058783054351807,1476.8638916015625,581.912109375,1538.3536376953125,842.5794067382812,1507.6087646484375,712.2457580566406,61.48974609375,260.66729736328125
IMG_0029.mp4,5816,194.06072739406073,29.97,865,2,traffic_signs,0.9172866940498352,774.7439575195312,395.0060119628906,872.5370483398438,552.470458984375,823.6405029296875,473.7382354736328,97.7930908203125,157.46444702148438
IMG_0029.mp4,5816,194.06072739406073,29.97,955,2,traffic_signs,0.8600561022758484,1292.2872314453125,476.1778564453125,1335.445556640625,534.1795043945312,1313.8663940429688,505.1786804199219,43.1583251953125,58.00164794921875
IMG_0029.mp4,5816,194.06072739406073,29.97,959,0,auth_label,0.5491188168525696,1451.08349609375,604.7174682617188,1469.7413330078125,713.1591186523438,1460.4124145507812,658.9382934570312,18.6578369140625,108.441650390625
IMG_0029.mp4,5816,194.06072739406073,29.97,965,2,traffic_signs,0.893145740032196,1814.909423828125,666.8113403320312,1838.206787109375,706.0087280273438,1826.55810546875,686.4100341796875,23.29736328125,39.1973876953125
IMG_0029.mp4,5817,194.0940940940941,29.97,872,1,traffic_lights,0.4981851577758789,739.0111083984375,552.0389404296875,754.6114501953125,594.3615112304688,746.811279296875,573.2002258300781,15.600341796875,42.32257080078125
IMG_0029.mp4,5817,194.0940940940941,29.97,929,1,traffic_lights,0.4551997780799866,755.3507080078125,706.7996215820312,790.2694091796875,749.8365478515625,772.81005859375,728.3180847167969,34.918701171875,43.03692626953125
IMG_0029.mp4,5817,194.0940940940941,29.97,947,2,traffic_signs,0.7799387574195862,1381.6502685546875,538.72509765625,1461.98876953125,624.7154541015625,1421.8195190429688,581.7202758789062,80.3385009765625,85.9903564453125
IMG_0029.mp4,5817,194.0940940940941,29.97,946,0,auth_label,0.896933376789093,1291.0958251953125,592.6864624023438,1329.538818359375,841.664794921875,1310.3173217773438,717.1756286621094,38.4429931640625,248.97833251953125
IMG_0029.mp4,5817,194.0940940940941,29.97,957,0,auth_label,0.9288778901100159,1332.5980224609375,576.4771728515625,1440.1007080078125,837.4834594726562,1386.349365234375,706.9803161621094,107.502685546875,261.00628662109375
IMG_0029.mp4,5817,194.0940940940941,29.97,913,1,traffic_lights,0.7330692410469055,671.8040771484375,742.0497436523438,698.9953002929688,779.2523803710938,685.3996887207031,760.6510620117188,27.19122314453125,37.20263671875
IMG_0029.mp4,5817,194.0940940940941,29.97,944,0,auth_label,0.8521345257759094,1465.93359375,581.2333984375,1526.4119873046875,842.7339477539062,1496.1727905273438,711.9836730957031,60.4783935546875,261.50054931640625
IMG_0029.mp4,5817,194.0940940940941,29.97,865,2,traffic_signs,0.7695754766464233,756.650146484375,388.4673156738281,855.1070556640625,546.9566040039062,805.8786010742188,467.7119598388672,98.4569091796875,158.48928833007812
IMG_0029.mp4,5817,194.0940940940941,29.97,955,2,traffic_signs,0.8989180326461792,1281.50244140625,474.40032958984375,1325.031005859375,533.2761840820312,1303.2667236328125,503.8382568359375,43.528564453125,58.8758544921875
IMG_0029.mp4,5817,194.0940940940941,29.97,959,0,auth_label,0.5113884806632996,1439.7431640625,605.2272338867188,1458.8499755859375,714.7506713867188,1449.2965698242188,659.9889526367188,19.1068115234375,109.5234375
IMG_0029.mp4,5817,194.0940940940941,29.97,965,2,traffic_signs,0.8821757435798645,1799.68505859375,668.6100463867188,1821.8671875,707.313720703125,1810.776123046875,687.9618835449219,22.18212890625,38.70367431640625
IMG_0029.mp4,5817,194.0940940940941,29.97,942,1,traffic_lights,0.5177698135375977,1283.166015625,538.7858276367188,1331.7750244140625,632.62890625,1307.4705200195312,585.7073669433594,48.6090087890625,93.84307861328125
IMG_0029.mp4,5818,194.12746079412747,29.97,872,1,traffic_lights,0.60723477602005,726.5753784179688,550.8357543945312,742.4412841796875,593.3419799804688,734.5083312988281,572.0888671875,15.86590576171875,42.5062255859375
IMG_0029.mp4,5818,194.12746079412747,29.97,929,1,traffic_lights,0.4602661430835724,741.8977661132812,706.947021484375,778.6213989257812,752.816650390625,760.2595825195312,729.8818359375,36.7236328125,45.86962890625
IMG_0029.mp4,5818,194.12746079412747,29.97,947,2,traffic_signs,0.8360325694084167,1371.2838134765625,537.8038940429688,1451.5609130859375,623.3280639648438,1411.42236328125,580.5659790039062,80.277099609375,85.524169921875
IMG_0029.mp4,5818,194.12746079412747,29.97,946,0,auth_label,0.8629839420318604,1280.828369140625,596.1861572265625,1318.6197509765625,841.582275390625,1299.7240600585938,718.8842163085938,37.7913818359375,245.3961181640625
IMG_0029.mp4,5818,194.12746079412747,29.97,957,0,auth_label,0.8274739384651184,1323.705322265625,575.4574584960938,1428.0426025390625,836.3145751953125,1375.8739624023438,705.8860168457031,104.3372802734375,260.85711669921875
IMG_0029.mp4,5818,194.12746079412747,29.97,913,1,traffic_lights,0.697676956653595,658.9458618164062,741.7114868164062,686.2425537109375,779.5421142578125,672.5942077636719,760.6268005371094,27.29669189453125,37.83062744140625
IMG_0029.mp4,5818,194.12746079412747,29.97,944,0,auth_label,0.8989328145980835,1456.3238525390625,582.5858154296875,1514.875,844.0687255859375,1485.5994262695312,713.3272705078125,58.5511474609375,261.48291015625
IMG_0029.mp4,5818,194.12746079412747,29.97,865,2,traffic_signs,0.7709953188896179,736.4513549804688,379.7013244628906,835.4532470703125,541.552490234375,785.9523010253906,460.6269073486328,99.00189208984375,161.85116577148438
IMG_0029.mp4,5818,194.12746079412747,29.97,955,2,traffic_signs,0.8710414171218872,1270.101806640625,471.7532043457031,1314.4935302734375,531.3915405273438,1292.2976684570312,501.57237243652344,44.3917236328125,59.638336181640625
IMG_0029.mp4,5818,194.12746079412747,29.97,959,0,auth_label,0.4291985332965851,1427.913818359375,602.4424438476562,1447.9124755859375,713.7969970703125,1437.9131469726562,658.1197204589844,19.9986572265625,111.35455322265625
IMG_0029.mp4,5818,194.12746079412747,29.97,965,2,traffic_signs,0.8883848786354065,1786.0164794921875,669.4198608398438,1807.51025390625,708.3119506835938,1796.7633666992188,688.8659057617188,21.4937744140625,38.89208984375
IMG_0029.mp4,5818,194.12746079412747,29.97,942,1,traffic_lights,0.645467221736908,1271.2069091796875,537.6714477539062,1321.223388671875,631.8544921875,1296.2151489257812,584.7629699707031,50.0164794921875,94.18304443359375
IMG_0029.mp4,5818,194.12746079412747,29.97,920,2,traffic_signs,0.8621830940246582,794.4461059570312,696.0123291015625,810.7966918945312,733.4601440429688,802.6213989257812,714.7362365722656,16.3505859375,37.44781494140625
IMG_0029.mp4,5819,194.16082749416083,29.97,872,1,traffic_lights,0.5930300951004028,714.4390258789062,549.6327514648438,730.2847290039062,592.4315795898438,722.3618774414062,571.0321655273438,15.845703125,42.798828125
IMG_0029.mp4,5819,194.16082749416083,29.97,947,2,traffic_signs,0.6937483549118042,1359.85205078125,536.735107421875,1440.2548828125,621.9431762695312,1400.053466796875,579.3391418457031,80.40283203125,85.20806884765625
IMG_0029.mp4,5819,194.16082749416083,29.97,946,0,auth_label,0.9038344621658325,1270.886474609375,600.8095703125,1307.2572021484375,841.0599365234375,1289.0718383789062,720.9347534179688,36.3707275390625,240.2503662109375
IMG_0029.mp4,5819,194.16082749416083,29.97,957,0,auth_label,0.9195486903190613,1311.56103515625,575.1439208984375,1417.2791748046875,836.373291015625,1364.4201049804688,705.7586059570312,105.7181396484375,261.2293701171875
IMG_0029.mp4,5819,194.16082749416083,29.97,913,1,traffic_lights,0.40220773220062256,645.9774780273438,741.3229370117188,672.8182373046875,779.3363647460938,659.3978576660156,760.3296508789062,26.84075927734375,38.013427734375
IMG_0029.mp4,5819,194.16082749416083,29.97,944,0,auth_label,0.8983876705169678,1444.7088623046875,581.9747314453125,1502.676025390625,843.8800048828125,1473.6924438476562,712.9273681640625,57.9671630859375,261.9052734375
IMG_0029.mp4,5819,194.16082749416083,29.97,865,2,traffic_signs,0.7712219953536987,715.2885131835938,371.4872741699219,815.5481567382812,537.2032470703125,765.4183349609375,454.3452606201172,100.2596435546875,165.71597290039062
IMG_0029.mp4,5819,194.16082749416083,29.97,955,2,traffic_signs,0.8820141553878784,1259.0625,470.2076721191406,1303.76708984375,529.4552612304688,1281.414794921875,499.8314666748047,44.70458984375,59.247589111328125
IMG_0029.mp4,5819,194.16082749416083,29.97,959,0,auth_label,0.3946469724178314,1418.7054443359375,599.6839599609375,1437.4036865234375,715.2251586914062,1428.0545654296875,657.4545593261719,18.6982421875,115.54119873046875
IMG_0029.mp4,5819,194.16082749416083,29.97,965,2,traffic_signs,0.9008040428161621,1771.6666259765625,670.9993286132812,1793.7684326171875,709.0928344726562,1782.717529296875,690.0460815429688,22.101806640625,38.093505859375
IMG_0029.mp4,5819,194.16082749416083,29.97,942,1,traffic_lights,0.2903904616832733,1260.600830078125,536.7685546875,1310.1572265625,631.0238037109375,1285.3790283203125,583.8961791992188,49.556396484375,94.2552490234375
IMG_0029.mp4,5819,194.16082749416083,29.97,977,1,traffic_lights,0.6823500990867615,719.07080078125,716.4752807617188,739.903076171875,750.0477905273438,729.4869384765625,733.2615356445312,20.832275390625,33.572509765625
IMG_0029.mp4,5819,194.16082749416083,29.97,920,2,traffic_signs,0.8816776275634766,781.1943969726562,695.67578125,798.427001953125,734.6139526367188,789.8106994628906,715.1448669433594,17.23260498046875,38.93817138671875
IMG_0029.mp4,5820,194.1941941941942,29.97,872,1,traffic_lights,0.7006648182868958,702.8104248046875,548.3280029296875,718.6221313476562,591.5813598632812,710.7162780761719,569.9546813964844,15.81170654296875,43.25335693359375
IMG_0029.mp4,5820,194.1941941941942,29.97,947,2,traffic_signs,0.8605062961578369,1348.95166015625,535.357177734375,1429.3956298828125,622.0361938476562,1389.1736450195312,578.6966857910156,80.4439697265625,86.67901611328125
IMG_0029.mp4,5820,194.1941941941942,29.97,946,0,auth_label,0.8642757534980774,1260.46728515625,601.120849609375,1295.5556640625,841.2747192382812,1278.011474609375,721.1977844238281,35.08837890625,240.15386962890625
IMG_0029.mp4,5820,194.1941941941942,29.97,957,0,auth_label,0.6395790576934814,1301.9739990234375,573.891845703125,1405.57421875,836.1956787109375,1353.7741088867188,705.0437622070312,103.6002197265625,262.3038330078125
IMG_0029.mp4,5820,194.1941941941942,29.97,913,1,traffic_lights,0.5509178638458252,633.3397216796875,741.1314697265625,661.3307495117188,779.0570068359375,647.3352355957031,760.09423828125,27.99102783203125,37.925537109375
IMG_0029.mp4,5820,194.1941941941942,29.97,944,0,auth_label,0.9179637432098389,1433.2960205078125,582.3704833984375,1491.1231689453125,845.143798828125,1462.2095947265625,713.7571411132812,57.8271484375,262.7733154296875
IMG_0029.mp4,5820,194.1941941941942,29.97,865,2,traffic_signs,0.6904588341712952,693.7738037109375,363.4993591308594,795.2239990234375,532.1044921875,744.4989013671875,447.8019256591797,101.4501953125,168.60513305664062
IMG_0029.mp4,5820,194.1941941941942,29.97,955,2,traffic_signs,0.8855097889900208,1247.8070068359375,468.52838134765625,1292.5863037109375,527.8973999023438,1270.1966552734375,498.212890625,44.779296875,59.3690185546875
IMG_0029.mp4,5820,194.1941941941942,29.97,959,0,auth_label,0.5469666719436646,1407.4111328125,599.3963623046875,1425.87939453125,716.7266235351562,1416.645263671875,658.0614929199219,18.46826171875,117.33026123046875
IMG_0029.mp4,5820,194.1941941941942,29.97,965,2,traffic_signs,0.8893495202064514,1756.967041015625,672.5390014648438,1778.1558837890625,709.8768920898438,1767.5614624023438,691.2079467773438,21.1888427734375,37.337890625
IMG_0029.mp4,5820,194.1941941941942,29.97,942,1,traffic_lights,0.48699575662612915,1248.2174072265625,532.8773803710938,1298.65234375,628.4292602539062,1273.4348754882812,580.6533203125,50.4349365234375,95.5518798828125
IMG_0029.mp4,5820,194.1941941941942,29.97,977,1,traffic_lights,0.3210367262363434,706.6279296875,716.3387451171875,727.0499267578125,749.5646362304688,716.8389282226562,732.9516906738281,20.4219970703125,33.22589111328125
IMG_0029.mp4,5820,194.1941941941942,29.97,920,2,traffic_signs,0.893742561340332,768.7221069335938,695.1408081054688,786.412841796875,734.8399658203125,777.5674743652344,714.9903869628906,17.69073486328125,39.69915771484375
IMG_0029.mp4,5820,194.1941941941942,29.97,981,0,auth_label,0.5155636668205261,1405.8355712890625,595.107177734375,1425.325439453125,711.2164306640625,1415.5805053710938,653.1618041992188,19.4898681640625,116.1092529296875
IMG_0029.mp4,5821,194.22756089422757,29.97,872,1,traffic_lights,0.6113011240959167,691.12890625,546.8853759765625,707.1109619140625,591.1815795898438,699.1199340820312,569.0334777832031,15.9820556640625,44.29620361328125
IMG_0029.mp4,5821,194.22756089422757,29.97,947,2,traffic_signs,0.8443991541862488,1337.2955322265625,533.9661254882812,1417.7335205078125,620.780029296875,1377.5145263671875,577.3730773925781,80.43798828125,86.81390380859375
IMG_0029.mp4,5821,194.22756089422757,29.97,946,0,auth_label,0.8990635275840759,1249.5150146484375,600.9630126953125,1283.9144287109375,842.208740234375,1266.7147216796875,721.5858764648438,34.3994140625,241.2457275390625
IMG_0029.mp4,5821,194.22756089422757,29.97,957,0,auth_label,0.9019289016723633,1289.82080078125,576.4401245117188,1393.7215576171875,838.47998046875,1341.7711791992188,707.4600524902344,103.9007568359375,262.03985595703125
IMG_0029.mp4,5821,194.22756089422757,29.97,913,1,traffic_lights,0.35985082387924194,621.9022827148438,740.3517456054688,648.6844482421875,778.5372924804688,635.2933654785156,759.4445190429688,26.78216552734375,38.185546875
IMG_0029.mp4,5821,194.22756089422757,29.97,944,0,auth_label,0.8806281089782715,1421.9276123046875,581.7188110351562,1478.4993896484375,844.1580200195312,1450.2135009765625,712.9384155273438,56.57177734375,262.439208984375
IMG_0029.mp4,5821,194.22756089422757,29.97,865,2,traffic_signs,0.7310982942581177,671.6864624023438,354.79449462890625,775.3230590820312,527.2839965820312,723.5047607421875,441.03924560546875,103.6365966796875,172.489501953125
IMG_0029.mp4,5821,194.22756089422757,29.97,955,2,traffic_signs,0.9121931791305542,1236.82275390625,466.8917236328125,1281.0911865234375,526.5761108398438,1258.9569702148438,496.7339172363281,44.2684326171875,59.68438720703125
IMG_0029.mp4,5821,194.22756089422757,29.97,959,0,auth_label,0.6398380398750305,1396.0736083984375,598.46337890625,1414.5692138671875,719.6749267578125,1405.3214111328125,659.0691528320312,18.49560546875,121.2115478515625
IMG_0029.mp4,5821,194.22756089422757,29.97,965,2,traffic_signs,0.8400080800056458,1741.927490234375,674.15185546875,1762.2628173828125,712.9722290039062,1752.0951538085938,693.5620422363281,20.3353271484375,38.82037353515625
IMG_0029.mp4,5821,194.22756089422757,29.97,942,1,traffic_lights,0.5733082890510559,1236.9925537109375,530.4820556640625,1286.746337890625,625.7780151367188,1261.8694458007812,578.1300354003906,49.7537841796875,95.29595947265625
IMG_0029.mp4,5821,194.22756089422757,29.97,977,1,traffic_lights,0.6874847412109375,694.2213134765625,715.6838989257812,711.34130859375,748.345947265625,702.7813110351562,732.0149230957031,17.1199951171875,32.66204833984375
IMG_0029.mp4,5821,194.22756089422757,29.97,920,2,traffic_signs,0.8572698831558228,757.0526733398438,694.75146484375,775.0068969726562,734.07373046875,766.02978515625,714.41259765625,17.9542236328125,39.322265625
IMG_0029.mp4,5821,194.22756089422757,29.97,981,0,auth_label,0.4383482038974762,1394.53173828125,594.8668212890625,1413.6297607421875,713.7008056640625,1404.0807495117188,654.2838134765625,19.0980224609375,118.833984375
IMG_0029.mp4,5821,194.22756089422757,29.97,929,1,traffic_lights,0.5902075171470642,721.158203125,705.08544921875,741.486328125,750.0277709960938,731.322265625,727.5566101074219,20.328125,44.94232177734375
IMG_0029.mp4,5822,194.26092759426095,29.97,872,1,traffic_lights,0.7111353278160095,679.6541748046875,545.7637329101562,696.7864379882812,589.53955078125,688.2203063964844,567.6516418457031,17.13226318359375,43.77581787109375
IMG_0029.mp4,5822,194.26092759426095,29.97,947,2,traffic_signs,0.8640374541282654,1326.7547607421875,532.3770751953125,1407.226806640625,619.94677734375,1366.9907836914062,576.1619262695312,80.4720458984375,87.5697021484375
IMG_0029.mp4,5822,194.26092759426095,29.97,946,0,auth_label,0.8683756589889526,1239.0787353515625,601.0953979492188,1271.8594970703125,842.023193359375,1255.4691162109375,721.5592956542969,32.78076171875,240.92779541015625
IMG_0029.mp4,5822,194.26092759426095,29.97,957,0,auth_label,0.8634350299835205,1278.3292236328125,578.6736450195312,1381.1307373046875,837.1964111328125,1329.72998046875,707.9350280761719,102.801513671875,258.52276611328125
IMG_0029.mp4,5822,194.26092759426095,29.97,944,0,auth_label,0.8765097260475159,1410.55322265625,582.9918212890625,1467.193603515625,844.9518432617188,1438.8734130859375,713.9718322753906,56.640380859375,261.96002197265625
IMG_0029.mp4,5822,194.26092759426095,29.97,865,2,traffic_signs,0.26435551047325134,648.8868408203125,345.56732177734375,754.8251953125,520.1196899414062,701.8560180664062,432.843505859375,105.9383544921875,174.5523681640625
IMG_0029.mp4,5822,194.26092759426095,29.97,955,2,traffic_signs,0.9229542016983032,1226.3077392578125,463.7852783203125,1270.0428466796875,524.1986083984375,1248.17529296875,493.991943359375,43.735107421875,60.413330078125
IMG_0029.mp4,5822,194.26092759426095,29.97,959,0,auth_label,0.5264027118682861,1385.59912109375,598.185546875,1403.577392578125,718.7721557617188,1394.5882568359375,658.4788513183594,17.978271484375,120.58660888671875
IMG_0029.mp4,5822,194.26092759426095,29.97,965,2,traffic_signs,0.8324991464614868,1728.5628662109375,675.7195434570312,1748.822998046875,713.3701171875,1738.6929321289062,694.5448303222656,20.2601318359375,37.65057373046875
IMG_0029.mp4,5822,194.26092759426095,29.97,942,1,traffic_lights,0.7757521271705627,1225.616455078125,529.0082397460938,1275.965087890625,623.5012817382812,1250.790771484375,576.2547607421875,50.3486328125,94.4930419921875
IMG_0029.mp4,5822,194.26092759426095,29.97,920,2,traffic_signs,0.8002985715866089,744.6199951171875,694.79296875,762.4080810546875,733.3787231445312,753.5140380859375,714.0858459472656,17.7880859375,38.58575439453125
IMG_0029.mp4,5822,194.26092759426095,29.97,981,0,auth_label,0.61138516664505,1383.542236328125,594.52880859375,1402.765869140625,712.5111083984375,1393.154052734375,653.5199584960938,19.2236328125,117.9822998046875
IMG_0029.mp4,5822,194.26092759426095,29.97,929,1,traffic_lights,0.616686999797821,707.2674560546875,702.0465087890625,728.1358032226562,750.8917236328125,717.7016296386719,726.4691162109375,20.86834716796875,48.84521484375
IMG_0029.mp4,5823,194.2942942942943,29.97,947,2,traffic_signs,0.8028529286384583,1315.986328125,531.7061767578125,1396.6927490234375,618.0487670898438,1356.3395385742188,574.8774719238281,80.7064208984375,86.34259033203125
IMG_0029.mp4,5823,194.2942942942943,29.97,946,0,auth_label,0.8947974443435669,1229.3228759765625,603.7230224609375,1260.4727783203125,840.2124633789062,1244.8978271484375,721.9677429199219,31.14990234375,236.48944091796875
IMG_0029.mp4,5823,194.2942942942943,29.97,957,0,auth_label,0.8879354596138,1266.1474609375,578.4967651367188,1372.28076171875,835.6713256835938,1319.214111328125,707.0840454101562,106.13330078125,257.174560546875
IMG_0029.mp4,5823,194.2942942942943,29.97,944,0,auth_label,0.8492632508277893,1399.1719970703125,581.4052734375,1455.291748046875,844.3310546875,1427.2318725585938,712.8681640625,56.1197509765625,262.92578125
IMG_0029.mp4,5823,194.2942942942943,29.97,865,2,traffic_signs,0.4756494462490082,624.8134765625,334.8906555175781,732.591552734375,513.6283569335938,678.7025146484375,424.25950622558594,107.778076171875,178.73770141601562
IMG_0029.mp4,5823,194.2942942942943,29.97,955,2,traffic_signs,0.8442943692207336,1215.533935546875,460.24542236328125,1259.1346435546875,522.2010498046875,1237.3342895507812,491.2232360839844,43.6007080078125,61.95562744140625
IMG_0029.mp4,5823,194.2942942942943,29.97,965,2,traffic_signs,0.8601565361022949,1715.18115234375,675.7210693359375,1735.5921630859375,713.558349609375,1725.3866577148438,694.6397094726562,20.4110107421875,37.8372802734375
IMG_0029.mp4,5823,194.2942942942943,29.97,942,1,traffic_lights,0.5276974439620972,1214.396484375,527.8538818359375,1264.5611572265625,620.6961059570312,1239.4788208007812,574.2749938964844,50.1646728515625,92.84222412109375
IMG_0029.mp4,5823,194.2942942942943,29.97,920,2,traffic_signs,0.7644366025924683,731.6857299804688,694.1375122070312,749.8201293945312,734.0675048828125,740.7529296875,714.1025085449219,18.1343994140625,39.92999267578125
IMG_0029.mp4,5823,194.2942942942943,29.97,981,0,auth_label,0.6453550457954407,1373.3052978515625,591.757568359375,1391.990234375,712.6622314453125,1382.6477661132812,652.2098999023438,18.6849365234375,120.9046630859375
IMG_0029.mp4,5823,194.2942942942943,29.97,929,1,traffic_lights,0.6843229532241821,684.8966064453125,701.296142578125,714.2183837890625,751.2998657226562,699.5574951171875,726.2980041503906,29.32177734375,50.00372314453125
IMG_0029.mp4,5823,194.2942942942943,29.97,913,1,traffic_lights,0.26826703548431396,596.8798828125,740.6023559570312,624.0321044921875,778.6815795898438,610.4559936523438,759.6419677734375,27.1522216796875,38.0792236328125
IMG_0029.mp4,5824,194.32766099432766,29.97,947,2,traffic_signs,0.8569066524505615,1304.4903564453125,529.540771484375,1385.9703369140625,617.5254516601562,1345.2303466796875,573.5331115722656,81.47998046875,87.98468017578125
IMG_0029.mp4,5824,194.32766099432766,29.97,946,0,auth_label,0.8771488666534424,1219.072998046875,601.9718017578125,1247.9051513671875,840.4390258789062,1233.4890747070312,721.2054138183594,28.8321533203125,238.46722412109375
IMG_0029.mp4,5824,194.32766099432766,29.97,957,0,auth_label,0.8233107924461365,1254.7408447265625,578.4627075195312,1360.1741943359375,833.9757690429688,1307.45751953125,706.21923828125,105.433349609375,255.5130615234375
IMG_0029.mp4,5824,194.32766099432766,29.97,944,0,auth_label,0.9166877865791321,1388.536376953125,583.0433349609375,1443.2904052734375,845.7257080078125,1415.9133911132812,714.384521484375,54.7540283203125,262.682373046875
IMG_0029.mp4,5824,194.32766099432766,29.97,865,2,traffic_signs,0.28859394788742065,599.3111572265625,325.0202331542969,711.2957153320312,507.3305358886719,655.3034362792969,416.1753845214844,111.98455810546875,182.310302734375
IMG_0029.mp4,5824,194.32766099432766,29.97,955,2,traffic_signs,0.8706098794937134,1204.418701171875,458.15216064453125,1247.3956298828125,520.0426025390625,1225.9071655273438,489.0973815917969,42.9769287109375,61.89044189453125
IMG_0029.mp4,5824,194.32766099432766,29.97,965,2,traffic_signs,0.5542442798614502,1701.9554443359375,677.2518920898438,1721.034912109375,715.4019165039062,1711.4951782226562,696.326904296875,19.0794677734375,38.1500244140625
IMG_0029.mp4,5824,194.32766099432766,29.97,942,1,traffic_lights,0.8821109533309937,1202.931884765625,527.01708984375,1253.04443359375,618.2339477539062,1227.9881591796875,572.6255187988281,50.112548828125,91.21685791015625
IMG_0029.mp4,5824,194.32766099432766,29.97,920,2,traffic_signs,0.7985522747039795,719.1044311523438,693.7568969726562,737.2588500976562,733.4810180664062,728.181640625,713.6189575195312,18.1544189453125,39.72412109375
IMG_0029.mp4,5824,194.32766099432766,29.97,981,0,auth_label,0.7337483763694763,1362.5576171875,591.6804809570312,1381.0322265625,711.13525390625,1371.794921875,651.4078674316406,18.474609375,119.45477294921875
IMG_0029.mp4,5825,194.36102769436104,29.97,947,2,traffic_signs,0.8853705525398254,1293.654296875,527.9443359375,1375.67431640625,617.5709838867188,1334.664306640625,572.7576599121094,82.02001953125,89.62664794921875
IMG_0029.mp4,5825,194.36102769436104,29.97,946,0,auth_label,0.6131922006607056,1209.4129638671875,600.4764404296875,1236.01220703125,837.4024047851562,1222.7125854492188,718.9394226074219,26.5992431640625,236.92596435546875
IMG_0029.mp4,5825,194.36102769436104,29.97,957,0,auth_label,0.8088237047195435,1243.2064208984375,573.40673828125,1351.7547607421875,837.1221923828125,1297.4805908203125,705.2644653320312,108.54833984375,263.7154541015625
IMG_0029.mp4,5825,194.36102769436104,29.97,944,0,auth_label,0.5185060501098633,1378.1258544921875,580.7880249023438,1432.9674072265625,847.875,1405.546630859375,714.3315124511719,54.841552734375,267.08697509765625
IMG_0029.mp4,5825,194.36102769436104,29.97,865,2,traffic_signs,0.5102497339248657,573.3790283203125,316.2846374511719,688.07080078125,500.10906982421875,630.7249145507812,408.1968536376953,114.6917724609375,183.82443237304688
IMG_0029.mp4,5825,194.36102769436104,29.97,955,2,traffic_signs,0.8237160444259644,1193.1026611328125,455.92303466796875,1236.189453125,518.2650756835938,1214.6460571289062,487.09405517578125,43.0867919921875,62.342041015625
IMG_0029.mp4,5825,194.36102769436104,29.97,965,2,traffic_signs,0.8276921510696411,1688.506591796875,677.925537109375,1707.7318115234375,717.7667236328125,1698.1192016601562,697.8461303710938,19.2252197265625,39.8411865234375
IMG_0029.mp4,5825,194.36102769436104,29.97,942,1,traffic_lights,0.6475738286972046,1190.5435791015625,525.1515502929688,1240.6905517578125,617.0849609375,1215.6170654296875,571.1182556152344,50.14697265625,91.93341064453125
IMG_0029.mp4,5825,194.36102769436104,29.97,920,2,traffic_signs,0.8471612930297852,705.8967895507812,693.529052734375,724.3757934570312,733.4683837890625,715.1362915039062,713.4987182617188,18.47900390625,39.9393310546875
IMG_0029.mp4,5825,194.36102769436104,29.97,981,0,auth_label,0.6235705614089966,1351.195068359375,591.7775268554688,1371.532958984375,715.1654663085938,1361.364013671875,653.4714965820312,20.337890625,123.387939453125
IMG_0029.mp4,5825,194.36102769436104,29.97,872,1,traffic_lights,0.8490291833877563,642.2411499023438,541.523681640625,660.8775024414062,587.3147583007812,651.559326171875,564.4192199707031,18.6363525390625,45.79107666015625
IMG_0029.mp4,5825,194.36102769436104,29.97,959,0,auth_label,0.26067957282066345,1352.4501953125,595.131103515625,1372.606689453125,721.2111206054688,1362.5284423828125,658.1711120605469,20.156494140625,126.08001708984375
IMG_0029.mp4,5825,194.36102769436104,29.97,929,1,traffic_lights,0.5312561392784119,650.2853393554688,701.8248291015625,688.3140258789062,751.4592895507812,669.2996826171875,726.6420593261719,38.0286865234375,49.63446044921875
IMG_0029.mp4,5826,194.3943943943944,29.97,947,2,traffic_signs,0.8778554797172546,1282.19873046875,525.97900390625,1364.3223876953125,616.748046875,1323.2605590820312,571.363525390625,82.1236572265625,90.76904296875
IMG_0029.mp4,5826,194.3943943943944,29.97,946,0,auth_label,0.8859285712242126,1198.42333984375,601.3839111328125,1223.878662109375,840.3067016601562,1211.1510009765625,720.8453063964844,25.455322265625,238.92279052734375
IMG_0029.mp4,5826,194.3943943943944,29.97,957,0,auth_label,0.8463696241378784,1231.8778076171875,576.7208862304688,1339.3040771484375,835.3204345703125,1285.5909423828125,706.0206604003906,107.42626953125,258.59954833984375
IMG_0029.mp4,5826,194.3943943943944,29.97,944,0,auth_label,0.9167602062225342,1367.6302490234375,584.4824829101562,1420.7718505859375,847.0067138671875,1394.2010498046875,715.7445983886719,53.1416015625,262.52423095703125
IMG_0029.mp4,5826,194.3943943943944,29.97,955,2,traffic_signs,0.8963666558265686,1181.2958984375,453.61907958984375,1224.838134765625,516.5516357421875,1203.0670166015625,485.0853576660156,43.542236328125,62.93255615234375
IMG_0029.mp4,5826,194.3943943943944,29.97,965,2,traffic_signs,0.8274998068809509,1675.157470703125,678.6279296875,1693.906494140625,720.3141479492188,1684.531982421875,699.4710388183594,18.7490234375,41.68621826171875
IMG_0029.mp4,5826,194.3943943943944,29.97,942,1,traffic_lights,0.71014803647995,1178.7374267578125,523.5025024414062,1229.70947265625,615.7009887695312,1204.2234497070312,569.6017456054688,50.9720458984375,92.198486328125
IMG_0029.mp4,5826,194.3943943943944,29.97,920,2,traffic_signs,0.8118345737457275,693.2066040039062,693.295166015625,711.657958984375,732.9376831054688,702.4322814941406,713.1164245605469,18.45135498046875,39.64251708984375
IMG_0029.mp4,5826,194.3943943943944,29.97,872,1,traffic_lights,0.8215131759643555,629.4093017578125,540.0105590820312,647.7813110351562,586.297119140625,638.5953063964844,563.1538391113281,18.37200927734375,46.28656005859375
IMG_0029.mp4,5826,194.3943943943944,29.97,959,0,auth_label,0.7644540667533875,1341.39501953125,594.2235107421875,1361.8167724609375,714.7744750976562,1351.6058959960938,654.4989929199219,20.4217529296875,120.55096435546875
IMG_0029.mp4,5827,194.42776109442778,29.97,947,2,traffic_signs,0.8770775198936462,1271.4462890625,524.5652465820312,1353.624267578125,616.7249755859375,1312.5352783203125,570.6451110839844,82.177978515625,92.15972900390625
IMG_0029.mp4,5827,194.42776109442778,29.97,946,0,auth_label,0.5760562419891357,1187.5162353515625,604.3262939453125,1212.8165283203125,838.4011840820312,1200.1663818359375,721.3637390136719,25.30029296875,234.07489013671875
IMG_0029.mp4,5827,194.42776109442778,29.97,957,0,auth_label,0.5143770575523376,1220.32470703125,575.0248413085938,1328.8182373046875,836.5687866210938,1274.5714721679688,705.7968139648438,108.4935302734375,261.5439453125
IMG_0029.mp4,5827,194.42776109442778,29.97,944,0,auth_label,0.8874958157539368,1356.66650390625,582.7633056640625,1410.3941650390625,848.887939453125,1383.5303344726562,715.8256225585938,53.7276611328125,266.1246337890625
IMG_0029.mp4,5827,194.42776109442778,29.97,955,2,traffic_signs,0.9021255373954773,1170.0709228515625,451.2359619140625,1213.733154296875,514.8418579101562,1191.9020385742188,483.0389099121094,43.6622314453125,63.60589599609375
IMG_0029.mp4,5827,194.42776109442778,29.97,965,2,traffic_signs,0.8125120997428894,1662.257080078125,679.5416259765625,1681.00439453125,720.08349609375,1671.6307373046875,699.8125610351562,18.747314453125,40.5418701171875
IMG_0029.mp4,5827,194.42776109442778,29.97,942,1,traffic_lights,0.38993826508522034,1167.174560546875,521.5123901367188,1218.2554931640625,615.775390625,1192.7150268554688,568.6438903808594,51.0809326171875,94.26300048828125
IMG_0029.mp4,5827,194.42776109442778,29.97,920,2,traffic_signs,0.7634551525115967,679.8713989257812,692.5841064453125,699.1076049804688,733.7406616210938,689.489501953125,713.1623840332031,19.2362060546875,41.15655517578125
IMG_0029.mp4,5827,194.42776109442778,29.97,872,1,traffic_lights,0.8352681398391724,617.002685546875,537.7548828125,635.0226440429688,584.9918823242188,626.0126647949219,561.3733825683594,18.01995849609375,47.23699951171875
IMG_0029.mp4,5827,194.42776109442778,29.97,959,0,auth_label,0.7192386388778687,1330.187744140625,592.4207153320312,1351.2301025390625,714.1969604492188,1340.7089233398438,653.308837890625,21.0423583984375,121.7762451171875
IMG_0029.mp4,5827,194.42776109442778,29.97,995,2,traffic_signs,0.5337895154953003,1463.87158203125,702.3294067382812,1485.7388916015625,752.2572021484375,1474.8052368164062,727.2933044433594,21.8673095703125,49.92779541015625
IMG_0029.mp4,5828,194.46112779446113,29.97,947,2,traffic_signs,0.8616691827774048,1259.6307373046875,522.4354858398438,1342.48974609375,616.0119018554688,1301.0602416992188,569.2236938476562,82.8590087890625,93.576416015625
IMG_0029.mp4,5828,194.46112779446113,29.97,946,0,auth_label,0.757962703704834,1179.0035400390625,604.2679443359375,1200.904052734375,839.9345703125,1189.9537963867188,722.1012573242188,21.9005126953125,235.6666259765625
IMG_0029.mp4,5828,194.46112779446113,29.97,957,0,auth_label,0.8008639216423035,1209.6807861328125,580.6224975585938,1318.2415771484375,832.4947509765625,1263.961181640625,706.5586242675781,108.560791015625,251.87225341796875
IMG_0029.mp4,5828,194.46112779446113,29.97,944,0,auth_label,0.9310367703437805,1346.0372314453125,584.4191284179688,1398.3436279296875,848.3513793945312,1372.1904296875,716.38525390625,52.306396484375,263.9322509765625
IMG_0029.mp4,5828,194.46112779446113,29.97,955,2,traffic_signs,0.9069094061851501,1158.278076171875,447.4281311035156,1202.1090087890625,512.21142578125,1180.1935424804688,479.8197784423828,43.8309326171875,64.78329467773438
IMG_0029.mp4,5828,194.46112779446113,29.97,965,2,traffic_signs,0.8336636424064636,1649.2906494140625,680.5537109375,1668.0687255859375,722.3872680664062,1658.6796875,701.4704895019531,18.778076171875,41.83355712890625
IMG_0029.mp4,5828,194.46112779446113,29.97,942,1,traffic_lights,0.8834248185157776,1155.352294921875,518.1080322265625,1206.751708984375,614.117431640625,1181.052001953125,566.1127319335938,51.3994140625,96.0093994140625
IMG_0029.mp4,5828,194.46112779446113,29.97,920,2,traffic_signs,0.7592215538024902,666.2236938476562,690.8486328125,685.4553833007812,734.4354248046875,675.8395385742188,712.6420288085938,19.231689453125,43.5867919921875
IMG_0029.mp4,5828,194.46112779446113,29.97,872,1,traffic_lights,0.7448779344558716,604.2779541015625,535.4900512695312,622.2145385742188,583.2532348632812,613.2462463378906,559.3716430664062,17.93658447265625,47.76318359375
IMG_0029.mp4,5828,194.46112779446113,29.97,959,0,auth_label,0.7309321761131287,1319.428955078125,591.1878662109375,1339.7025146484375,712.1704711914062,1329.5657348632812,651.6791687011719,20.2735595703125,120.98260498046875
IMG_0029.mp4,5828,194.46112779446113,29.97,995,2,traffic_signs,0.3392075300216675,1452.64501953125,701.1595458984375,1470.5511474609375,752.861572265625,1461.5980834960938,727.0105590820312,17.9061279296875,51.7020263671875
IMG_0029.mp4,5828,194.46112779446113,29.97,997,2,traffic_signs,0.44918379187583923,1243.1397705078125,731.0949096679688,1255.2996826171875,756.5738525390625,1249.2197265625,743.8343811035156,12.159912109375,25.47894287109375
IMG_0029.mp4,5828,194.46112779446113,29.97,977,1,traffic_lights,0.4374221861362457,599.3496704101562,715.02001953125,620.8257446289062,750.1339111328125,610.0877075195312,732.5769653320312,21.47607421875,35.1138916015625
IMG_0029.mp4,5829,194.4944944944945,29.97,947,2,traffic_signs,0.8791849613189697,1248.380615234375,520.7039184570312,1331.8447265625,615.1692504882812,1290.1126708984375,567.9365844726562,83.464111328125,94.46533203125
IMG_0029.mp4,5829,194.4944944944945,29.97,957,0,auth_label,0.4552370309829712,1196.9937744140625,580.2450561523438,1306.7801513671875,834.2236328125,1251.886962890625,707.2343444824219,109.786376953125,253.97857666015625
IMG_0029.mp4,5829,194.4944944944945,29.97,944,0,auth_label,0.8967065215110779,1335.5101318359375,585.5612182617188,1388.4732666015625,850.196044921875,1361.99169921875,717.8786315917969,52.963134765625,264.63482666015625
IMG_0029.mp4,5829,194.4944944944945,29.97,955,2,traffic_signs,0.8876757025718689,1146.411865234375,445.3839111328125,1190.40966796875,510.47698974609375,1168.4107666015625,477.9304504394531,43.997802734375,65.09307861328125
IMG_0029.mp4,5829,194.4944944944945,29.97,965,2,traffic_signs,0.8250411152839661,1636.9771728515625,681.3069458007812,1655.852294921875,721.7848510742188,1646.4147338867188,701.5458984375,18.8751220703125,40.4779052734375
IMG_0029.mp4,5829,194.4944944944945,29.97,942,1,traffic_lights,0.5562981367111206,1142.8858642578125,514.930908203125,1193.77099609375,612.85595703125,1168.3284301757812,563.8934326171875,50.8851318359375,97.925048828125
IMG_0029.mp4,5829,194.4944944944945,29.97,920,2,traffic_signs,0.8608049750328064,652.666748046875,690.5877685546875,672.1968994140625,734.3056640625,662.4318237304688,712.4467163085938,19.5301513671875,43.7178955078125
IMG_0029.mp4,5829,194.4944944944945,29.97,872,1,traffic_lights,0.8747298121452332,591.4387817382812,533.6907348632812,609.6184692382812,582.1898193359375,600.5286254882812,557.9402770996094,18.1796875,48.49908447265625
IMG_0029.mp4,5829,194.4944944944945,29.97,959,0,auth_label,0.5833081603050232,1307.5479736328125,592.2468872070312,1328.5771484375,715.1307983398438,1318.0625610351562,653.6888427734375,21.0291748046875,122.8839111328125
IMG_0029.mp4,5829,194.4944944944945,29.97,995,2,traffic_signs,0.6398778557777405,1441.3956298828125,700.2782592773438,1460.263916015625,754.9682006835938,1450.8297729492188,727.6232299804688,18.8682861328125,54.68994140625
IMG_0029.mp4,5829,194.4944944944945,29.97,997,2,traffic_signs,0.4630894958972931,1233.3179931640625,731.7962646484375,1245.7001953125,757.532958984375,1239.5090942382812,744.6646118164062,12.3822021484375,25.7366943359375
IMG_0029.mp4,5829,194.4944944944945,29.97,998,2,traffic_signs,0.8270967602729797,1888.1737060546875,695.457763671875,1916.5667724609375,719.4822387695312,1902.3702392578125,707.4700012207031,28.39306640625,24.02447509765625
IMG_0029.mp4,5829,194.4944944944945,29.97,977,1,traffic_lights,0.6972333788871765,585.3121948242188,714.2341918945312,606.4361572265625,749.7364501953125,595.8741760253906,731.9853210449219,21.12396240234375,35.50225830078125
IMG_0029.mp4,5829,194.4944944944945,29.97,913,1,traffic_lights,0.6514186859130859,518.2110595703125,740.55029296875,546.130126953125,764.0904541015625,532.1705932617188,752.3203735351562,27.9190673828125,23.5401611328125
IMG_0029.mp4,5830,194.52786119452787,29.97,947,2,traffic_signs,0.8844159841537476,1237.1954345703125,519.7262573242188,1321.2984619140625,614.0806274414062,1279.2469482421875,566.9034423828125,84.10302734375,94.3543701171875
IMG_0029.mp4,5830,194.52786119452787,29.97,957,0,auth_label,0.6314109563827515,1187.1627197265625,581.5728759765625,1295.722412109375,836.8631591796875,1241.4425659179688,709.218017578125,108.5596923828125,255.290283203125
IMG_0029.mp4,5830,194.52786119452787,29.97,944,0,auth_label,0.9196319580078125,1324.4266357421875,585.6519165039062,1377.105712890625,848.530029296875,1350.7661743164062,717.0909729003906,52.6790771484375,262.87811279296875
IMG_0029.mp4,5830,194.52786119452787,29.97,955,2,traffic_signs,0.900736927986145,1134.8673095703125,443.3053283691406,1178.9346923828125,508.754638671875,1156.9010009765625,476.0299835205078,44.0673828125,65.44931030273438
IMG_0029.mp4,5830,194.52786119452787,29.97,965,2,traffic_signs,0.8386313319206238,1624.476806640625,683.0195922851562,1642.6722412109375,723.1541137695312,1633.5745239257812,703.0868530273438,18.1954345703125,40.134521484375
IMG_0029.mp4,5830,194.52786119452787,29.97,942,1,traffic_lights,0.8878063559532166,1131.1376953125,513.8114624023438,1182.7606201171875,611.7674560546875,1156.9491577148438,562.7894592285156,51.6229248046875,97.95599365234375
IMG_0029.mp4,5830,194.52786119452787,29.97,920,2,traffic_signs,0.5056262016296387,640.162353515625,690.8154907226562,659.02197265625,733.5332641601562,649.5921630859375,712.1743774414062,18.859619140625,42.7177734375
IMG_0029.mp4,5830,194.52786119452787,29.97,872,1,traffic_lights,0.8596910238265991,579.7220458984375,532.4319458007812,597.7928466796875,580.4072875976562,588.7574462890625,556.4196166992188,18.07080078125,47.975341796875
IMG_0029.mp4,5830,194.52786119452787,29.97,959,0,auth_label,0.5311545133590698,1295.861328125,592.6103515625,1317.3701171875,715.0650024414062,1306.61572265625,653.8376770019531,21.5087890625,122.45465087890625
IMG_0029.mp4,5830,194.52786119452787,29.97,997,2,traffic_signs,0.31118425726890564,1223.6416015625,732.838623046875,1235.8974609375,757.9605102539062,1229.76953125,745.3995666503906,12.255859375,25.12188720703125
IMG_0029.mp4,5830,194.52786119452787,29.97,998,2,traffic_signs,0.8282234072685242,1873.1947021484375,696.8054809570312,1904.2098388671875,720.8905639648438,1888.7022705078125,708.8480224609375,31.01513671875,24.0850830078125
IMG_0029.mp4,5830,194.52786119452787,29.97,977,1,traffic_lights,0.7345026135444641,571.9815673828125,713.5086059570312,593.533203125,749.466552734375,582.7573852539062,731.4875793457031,21.5516357421875,35.95794677734375
IMG_0029.mp4,5830,194.52786119452787,29.97,1003,2,traffic_signs,0.6417962312698364,1704.9140625,705.0850830078125,1718.55078125,730.7635498046875,1711.732421875,717.92431640625,13.63671875,25.678466796875
IMG_0029.mp4,5830,194.52786119452787,29.97,913,1,traffic_lights,0.6234758496284485,505.39080810546875,740.0974731445312,533.2582397460938,762.8221435546875,519.3245239257812,751.4598083496094,27.867431640625,22.72467041015625
IMG_0029.mp4,5830,194.52786119452787,29.97,946,0,auth_label,0.4981788098812103,1157.1947021484375,600.8953247070312,1177.810791015625,843.076416015625,1167.5027465820312,721.9858703613281,20.6160888671875,242.18109130859375
IMG_0029.mp4,5831,194.56122789456123,29.97,947,2,traffic_signs,0.8511234521865845,1226.4866943359375,518.218994140625,1310.2532958984375,612.3229370117188,1268.3699951171875,565.2709655761719,83.7666015625,94.10394287109375
IMG_0029.mp4,5831,194.56122789456123,29.97,944,0,auth_label,0.9044654965400696,1312.92822265625,587.2606811523438,1365.440673828125,850.1419067382812,1339.1844482421875,718.7012939453125,52.512451171875,262.8812255859375
IMG_0029.mp4,5831,194.56122789456123,29.97,955,2,traffic_signs,0.8354748487472534,1123.12255859375,440.3486328125,1167.4002685546875,506.26959228515625,1145.2614135742188,473.3091125488281,44.2777099609375,65.92095947265625
IMG_0029.mp4,5831,194.56122789456123,29.97,965,2,traffic_signs,0.7981927990913391,1612.495849609375,684.1172485351562,1630.2999267578125,722.7700805664062,1621.3978881835938,703.4436645507812,17.8040771484375,38.65283203125
IMG_0029.mp4,5831,194.56122789456123,29.97,920,2,traffic_signs,0.8438336849212646,626.2388305664062,688.8795776367188,645.404052734375,733.3095703125,635.8214416503906,711.0945739746094,19.16522216796875,44.42999267578125
IMG_0029.mp4,5831,194.56122789456123,29.97,872,1,traffic_lights,0.8866841197013855,564.8641357421875,530.9815673828125,584.78466796875,579.30078125,574.8244018554688,555.1411743164062,19.9205322265625,48.3192138671875
IMG_0029.mp4,5831,194.56122789456123,29.97,959,0,auth_label,0.32179000973701477,1284.5087890625,592.1966552734375,1306.4217529296875,715.92041015625,1295.4652709960938,654.0585327148438,21.9129638671875,123.7237548828125
IMG_0029.mp4,5831,194.56122789456123,29.97,997,2,traffic_signs,0.5083326697349548,1212.958740234375,732.93408203125,1225.3505859375,758.8153686523438,1219.1546630859375,745.8747253417969,12.391845703125,25.88128662109375
IMG_0029.mp4,5831,194.56122789456123,29.97,998,2,traffic_signs,0.8793588876724243,1857.812744140625,697.8610229492188,1889.343505859375,722.3275756835938,1873.578125,710.0942993164062,31.53076171875,24.466552734375
IMG_0029.mp4,5831,194.56122789456123,29.97,1003,2,traffic_signs,0.7324012517929077,1691.74609375,706.5426635742188,1704.8583984375,731.2144775390625,1698.30224609375,718.8785705566406,13.1123046875,24.67181396484375
IMG_0029.mp4,5832,194.5945945945946,29.97,947,2,traffic_signs,0.8641021847724915,1214.626708984375,516.3646240234375,1299.6827392578125,610.1591796875,1257.1547241210938,563.2619018554688,85.0560302734375,93.7945556640625
IMG_0029.mp4,5832,194.5945945945946,29.97,944,0,auth_label,0.9213321208953857,1302.4351806640625,584.8081665039062,1354.510009765625,849.7830810546875,1328.4725952148438,717.2956237792969,52.0748291015625,264.97491455078125
IMG_0029.mp4,5832,194.5945945945946,29.97,955,2,traffic_signs,0.9182388782501221,1111.4083251953125,436.91571044921875,1155.8272705078125,504.4674377441406,1133.6177978515625,470.6915740966797,44.4189453125,67.55172729492188
IMG_0029.mp4,5832,194.5945945945946,29.97,965,2,traffic_signs,0.811255693435669,1600.5572509765625,685.6304931640625,1618.3033447265625,724.0343627929688,1609.4302978515625,704.8324279785156,17.74609375,38.40386962890625
IMG_0029.mp4,5832,194.5945945945946,29.97,920,2,traffic_signs,0.6295669078826904,612.9915161132812,686.5105590820312,632.3386840820312,732.4229125976562,622.6651000976562,709.4667358398438,19.34716796875,45.912353515625
IMG_0029.mp4,5832,194.5945945945946,29.97,872,1,traffic_lights,0.7173792123794556,552.3771362304688,529.3108520507812,572.5181274414062,577.5564575195312,562.4476318359375,553.4336547851562,20.1409912109375,48.24560546875
IMG_0029.mp4,5832,194.5945945945946,29.97,959,0,auth_label,0.41168633103370667,1273.93701171875,589.5984497070312,1295.2203369140625,715.73583984375,1284.5786743164062,652.6671447753906,21.2833251953125,126.13739013671875
IMG_0029.mp4,5832,194.5945945945946,29.97,997,2,traffic_signs,0.3194855749607086,1202.989013671875,733.7163696289062,1215.865966796875,759.7611694335938,1209.427490234375,746.73876953125,12.876953125,26.0447998046875
IMG_0029.mp4,5832,194.5945945945946,29.97,998,2,traffic_signs,0.8525139689445496,1841.5970458984375,699.853271484375,1873.6531982421875,724.305908203125,1857.6251220703125,712.07958984375,32.05615234375,24.45263671875
IMG_0029.mp4,5832,194.5945945945946,29.97,995,2,traffic_signs,0.46107912063598633,1409.622802734375,706.399169921875,1428.092529296875,756.2467651367188,1418.857666015625,731.3229675292969,18.4697265625,49.84759521484375
IMG_0029.mp4,5832,194.5945945945946,29.97,957,0,auth_label,0.7357276678085327,1158.499755859375,582.192138671875,1269.841796875,847.8958129882812,1214.1707763671875,715.0439758300781,111.342041015625,265.70367431640625
IMG_0029.mp4,5832,194.5945945945946,29.97,942,1,traffic_lights,0.8848713040351868,1107.01513671875,509.4046936035156,1159.1844482421875,607.5479125976562,1133.0997924804688,558.4763031005859,52.1693115234375,98.14321899414062
IMG_0029.mp4,5832,194.5945945945946,29.97,977,1,traffic_lights,0.5106707215309143,542.9036865234375,712.4007568359375,566.1854858398438,748.9639282226562,554.5445861816406,730.6823425292969,23.28179931640625,36.56317138671875
IMG_0029.mp4,5832,194.5945945945946,29.97,913,1,traffic_lights,0.4901479184627533,473.3885498046875,740.56103515625,505.92034912109375,768.6720581054688,489.6544494628906,754.6165466308594,32.53179931640625,28.11102294921875
IMG_0029.mp4,5833,194.62796129462797,29.97,947,2,traffic_signs,0.854378342628479,1203.7747802734375,514.0218505859375,1289.6834716796875,608.741455078125,1246.7291259765625,561.3816528320312,85.90869140625,94.7196044921875
IMG_0029.mp4,5833,194.62796129462797,29.97,944,0,auth_label,0.9012137055397034,1292.7105712890625,587.2406616210938,1344.0462646484375,850.5287475585938,1318.37841796875,718.8847045898438,51.335693359375,263.2880859375
IMG_0029.mp4,5833,194.62796129462797,29.97,955,2,traffic_signs,0.9034086465835571,1100.069580078125,433.275634765625,1145.430908203125,501.4237365722656,1122.750244140625,467.3496856689453,45.361328125,68.14810180664062
IMG_0029.mp4,5833,194.62796129462797,29.97,965,2,traffic_signs,0.7957483530044556,1589.7979736328125,686.0303955078125,1607.781494140625,724.71826171875,1598.7897338867188,705.3743286132812,17.9835205078125,38.6878662109375
IMG_0029.mp4,5833,194.62796129462797,29.97,872,1,traffic_lights,0.8700138330459595,538.297607421875,527.5661010742188,558.9821166992188,575.7217407226562,548.6398620605469,551.6439208984375,20.68450927734375,48.1556396484375
IMG_0029.mp4,5833,194.62796129462797,29.97,959,0,auth_label,0.6266718506813049,1262.515869140625,588.051025390625,1284.9991455078125,717.9010620117188,1273.7575073242188,652.9760437011719,22.4832763671875,129.85003662109375
IMG_0029.mp4,5833,194.62796129462797,29.97,998,2,traffic_signs,0.8738167881965637,1827.6312255859375,700.856201171875,1859.7247314453125,725.9191284179688,1843.677978515625,713.3876647949219,32.093505859375,25.06292724609375
IMG_0029.mp4,5833,194.62796129462797,29.97,995,2,traffic_signs,0.3263618052005768,1399.3033447265625,700.6441040039062,1418.7679443359375,758.1995849609375,1409.03564453125,729.4218444824219,19.464599609375,57.55548095703125
IMG_0029.mp4,5833,194.62796129462797,29.97,957,0,auth_label,0.6262838244438171,1146.2039794921875,577.3646850585938,1260.51611328125,849.1976318359375,1203.3600463867188,713.2811584472656,114.3121337890625,271.83294677734375
IMG_0029.mp4,5833,194.62796129462797,29.97,977,1,traffic_lights,0.7272818088531494,527.3843383789062,712.8847045898438,550.3241577148438,749.1380004882812,538.854248046875,731.0113525390625,22.9398193359375,36.2532958984375
IMG_0029.mp4,5833,194.62796129462797,29.97,913,1,traffic_lights,0.4227820336818695,457.7779235839844,740.4203491210938,491.54736328125,768.4241943359375,474.6626434326172,754.4222717285156,33.769439697265625,28.00384521484375
IMG_0029.mp4,5834,194.66132799466135,29.97,947,2,traffic_signs,0.47819218039512634,1192.0322265625,512.47607421875,1278.7603759765625,607.1049194335938,1235.3963012695312,559.7904968261719,86.7281494140625,94.62884521484375
IMG_0029.mp4,5834,194.66132799466135,29.97,944,0,auth_label,0.9236974120140076,1282.0494384765625,584.390380859375,1334.2440185546875,850.0603637695312,1308.146728515625,717.2253723144531,52.194580078125,265.66998291015625
IMG_0029.mp4,5834,194.66132799466135,29.97,955,2,traffic_signs,0.8862744569778442,1088.0252685546875,430.84661865234375,1133.4349365234375,499.2066345214844,1110.7301025390625,465.02662658691406,45.40966796875,68.36001586914062
IMG_0029.mp4,5834,194.66132799466135,29.97,965,2,traffic_signs,0.8025069236755371,1578.2301025390625,687.13427734375,1595.5174560546875,725.8938598632812,1586.873779296875,706.5140686035156,17.287353515625,38.75958251953125
IMG_0029.mp4,5834,194.66132799466135,29.97,872,1,traffic_lights,0.7318969964981079,524.8841552734375,525.7970581054688,545.51513671875,573.8988037109375,535.1996459960938,549.8479309082031,20.6309814453125,48.10174560546875
IMG_0029.mp4,5834,194.66132799466135,29.97,959,0,auth_label,0.46846431493759155,1251.77490234375,588.5604858398438,1273.6226806640625,726.7280883789062,1262.6987915039062,657.644287109375,21.8477783203125,138.1676025390625
IMG_0029.mp4,5834,194.66132799466135,29.97,998,2,traffic_signs,0.8947725296020508,1811.7904052734375,701.6871948242188,1842.94091796875,726.9647827148438,1827.3656616210938,714.3259887695312,31.1505126953125,25.277587890625
IMG_0029.mp4,5834,194.66132799466135,29.97,995,2,traffic_signs,0.7745174765586853,1389.6524658203125,709.3759155273438,1408.913818359375,758.2603759765625,1399.2831420898438,733.8181457519531,19.2613525390625,48.88446044921875
IMG_0029.mp4,5834,194.66132799466135,29.97,957,0,auth_label,0.8490338325500488,1133.7767333984375,581.402099609375,1246.7493896484375,849.6365966796875,1190.2630615234375,715.5193481445312,112.97265625,268.2344970703125
IMG_0029.mp4,5834,194.66132799466135,29.97,977,1,traffic_lights,0.4971969723701477,513.1005859375,712.4628295898438,534.7108154296875,748.8379516601562,523.9057006835938,730.650390625,21.6102294921875,36.3751220703125
IMG_0029.mp4,5834,194.66132799466135,29.97,1012,2,traffic_signs,0.6278073191642761,1653.978515625,709.2002563476562,1665.9136962890625,734.3640747070312,1659.9461059570312,721.7821655273438,11.9351806640625,25.163818359375
IMG_0029.mp4,5834,194.66132799466135,29.97,920,2,traffic_signs,0.6188088059425354,584.8903198242188,687.6336669921875,604.8585815429688,731.326416015625,594.8744506835938,709.4800415039062,19.96826171875,43.6927490234375
IMG_0029.mp4,5834,194.66132799466135,29.97,997,2,traffic_signs,0.27549809217453003,1184.11572265625,735.2203369140625,1197.2979736328125,761.1842041015625,1190.7068481445312,748.2022705078125,13.1822509765625,25.9638671875
IMG_0029.mp4,5834,194.66132799466135,29.97,942,1,traffic_lights,0.8816221356391907,1081.9178466796875,503.21966552734375,1134.79443359375,604.0624389648438,1108.3561401367188,553.6410522460938,52.8765869140625,100.8427734375
IMG_0029.mp4,5835,194.6946946946947,29.97,947,2,traffic_signs,0.867319643497467,1180.70556640625,509.6358947753906,1267.308349609375,606.5802612304688,1224.0069580078125,558.1080780029297,86.602783203125,96.94436645507812
IMG_0029.mp4,5835,194.6946946946947,29.97,944,0,auth_label,0.9072731733322144,1270.731689453125,586.8875122070312,1323.0252685546875,850.581787109375,1296.8784790039062,718.7346496582031,52.2935791015625,263.69427490234375
IMG_0029.mp4,5835,194.6946946946947,29.97,955,2,traffic_signs,0.8658637404441833,1076.3338623046875,428.0186462402344,1121.8594970703125,496.57696533203125,1099.0966796875,462.2978057861328,45.525634765625,68.55831909179688
IMG_0029.mp4,5835,194.6946946946947,29.97,965,2,traffic_signs,0.8064998388290405,1566.42431640625,687.999267578125,1584.203125,726.4028930664062,1575.313720703125,707.2010803222656,17.77880859375,38.40362548828125
IMG_0029.mp4,5835,194.6946946946947,29.97,872,1,traffic_lights,0.7983967065811157,511.2304992675781,524.1985473632812,532.494873046875,572.5543823242188,521.8626861572266,548.37646484375,21.264373779296875,48.3558349609375
IMG_0029.mp4,5835,194.6946946946947,29.97,959,0,auth_label,0.5639197826385498,1242.1195068359375,589.4229125976562,1263.4952392578125,729.9661254882812,1252.807373046875,659.6945190429688,21.375732421875,140.543212890625
IMG_0029.mp4,5835,194.6946946946947,29.97,998,2,traffic_signs,0.8438944816589355,1797.133056640625,702.770263671875,1827.65087890625,728.5338134765625,1812.3919677734375,715.6520385742188,30.517822265625,25.7635498046875
IMG_0029.mp4,5835,194.6946946946947,29.97,995,2,traffic_signs,0.6178281903266907,1379.31689453125,712.6469116210938,1398.968505859375,758.676025390625,1389.1427001953125,735.6614685058594,19.651611328125,46.02911376953125
IMG_0029.mp4,5835,194.6946946946947,29.97,957,0,auth_label,0.6057721376419067,1121.6275634765625,579.043701171875,1236.1707763671875,848.8218383789062,1178.899169921875,713.9327697753906,114.543212890625,269.77813720703125
IMG_0029.mp4,5835,194.6946946946947,29.97,977,1,traffic_lights,0.5636366605758667,498.81817626953125,711.4202880859375,520.123779296875,748.818359375,509.4709777832031,730.1193237304688,21.30560302734375,37.3980712890625
IMG_0029.mp4,5835,194.6946946946947,29.97,1012,2,traffic_signs,0.48512062430381775,1641.38525390625,710.605224609375,1653.9361572265625,734.8856201171875,1647.6607055664062,722.7454223632812,12.5509033203125,24.2803955078125
IMG_0029.mp4,5835,194.6946946946947,29.97,1014,0,auth_label,0.42348432540893555,1240.5869140625,585.982666015625,1263.3497314453125,724.2884521484375,1251.9683227539062,655.1355590820312,22.7628173828125,138.3057861328125
IMG_0029.mp4,5835,194.6946946946947,29.97,1015,2,traffic_signs,0.5213205218315125,1462.534912109375,750.413818359375,1470.258056640625,762.932373046875,1466.396484375,756.673095703125,7.72314453125,12.5185546875
IMG_0029.mp4,5835,194.6946946946947,29.97,920,2,traffic_signs,0.3432144522666931,571.02978515625,688.7596435546875,590.8665161132812,730.9552001953125,580.9481506347656,709.857421875,19.83673095703125,42.195556640625
IMG_0029.mp4,5835,194.6946946946947,29.97,997,2,traffic_signs,0.39915135502815247,1174.31689453125,735.1073608398438,1187.6622314453125,761.9295654296875,1180.9895629882812,748.5184631347656,13.3453369140625,26.82220458984375
IMG_0029.mp4,5835,194.6946946946947,29.97,942,1,traffic_lights,0.6750999689102173,1069.341064453125,501.304931640625,1122.4862060546875,603.7940673828125,1095.9136352539062,552.5494995117188,53.1451416015625,102.4891357421875
IMG_0029.mp4,5835,194.6946946946947,29.97,913,1,traffic_lights,0.4938105046749115,438.3486022949219,740.0597534179688,463.04913330078125,769.1921997070312,450.69886779785156,754.6259765625,24.700531005859375,29.1324462890625
IMG_0029.mp4,5836,194.72806139472806,29.97,947,2,traffic_signs,0.8983551859855652,1169.609619140625,508.185302734375,1256.3846435546875,606.151123046875,1212.9971313476562,557.168212890625,86.7750244140625,97.9658203125
IMG_0029.mp4,5836,194.72806139472806,29.97,944,0,auth_label,0.8501019477844238,1259.5780029296875,584.5328369140625,1312.8193359375,853.1439819335938,1286.1986694335938,718.8384094238281,53.2413330078125,268.61114501953125
IMG_0029.mp4,5836,194.72806139472806,29.97,955,2,traffic_signs,0.9166513085365295,1064.6424560546875,424.00421142578125,1110.55810546875,493.8012390136719,1087.6002807617188,458.90272521972656,45.9156494140625,69.79702758789062
IMG_0029.mp4,5836,194.72806139472806,29.97,965,2,traffic_signs,0.8067479729652405,1555.607421875,689.1495971679688,1573.0982666015625,727.0944213867188,1564.3528442382812,708.1220092773438,17.4908447265625,37.94482421875
IMG_0029.mp4,5836,194.72806139472806,29.97,959,0,auth_label,0.5310972929000854,1232.6317138671875,590.48193359375,1254.0369873046875,728.4876098632812,1243.3343505859375,659.4847717285156,21.4052734375,138.00567626953125
IMG_0029.mp4,5836,194.72806139472806,29.97,998,2,traffic_signs,0.9091138243675232,1783.46728515625,704.3187866210938,1813.3646240234375,729.5798950195312,1798.4159545898438,716.9493408203125,29.8973388671875,25.2611083984375
IMG_0029.mp4,5836,194.72806139472806,29.97,995,2,traffic_signs,0.6298408508300781,1369.2049560546875,711.8012084960938,1387.0499267578125,758.2462768554688,1378.12744140625,735.0237426757812,17.844970703125,46.445068359375
IMG_0029.mp4,5836,194.72806139472806,29.97,957,0,auth_label,0.8339338898658752,1106.8453369140625,580.9098510742188,1221.318603515625,852.87109375,1164.0819702148438,716.8904724121094,114.4732666015625,271.96124267578125
IMG_0029.mp4,5836,194.72806139472806,29.97,977,1,traffic_lights,0.42899712920188904,483.1846923828125,712.4774169921875,501.729736328125,747.7202758789062,492.45721435546875,730.0988464355469,18.5450439453125,35.24285888671875
IMG_0029.mp4,5836,194.72806139472806,29.97,1014,0,auth_label,0.4969936013221741,1231.86669921875,585.4723510742188,1254.0009765625,721.66552734375,1242.933837890625,653.5689392089844,22.13427734375,136.19317626953125
IMG_0029.mp4,5836,194.72806139472806,29.97,1015,2,traffic_signs,0.480256587266922,1451.9647216796875,751.243896484375,1459.6787109375,763.3438110351562,1455.8217163085938,757.2938537597656,7.7139892578125,12.09991455078125
IMG_0029.mp4,5836,194.72806139472806,29.97,920,2,traffic_signs,0.56783527135849,557.2443237304688,686.27001953125,577.3873291015625,731.1198120117188,567.3158264160156,708.6949157714844,20.14300537109375,44.84979248046875
IMG_0029.mp4,5836,194.72806139472806,29.97,997,2,traffic_signs,0.5050638318061829,1164.8057861328125,734.6031494140625,1178.4117431640625,763.6537475585938,1171.6087646484375,749.1284484863281,13.60595703125,29.05059814453125
IMG_0029.mp4,5836,194.72806139472806,29.97,942,1,traffic_lights,0.9238303899765015,1056.7371826171875,498.3373718261719,1110.7403564453125,602.5729370117188,1083.73876953125,550.4551544189453,54.003173828125,104.23556518554688
IMG_0029.mp4,5836,194.72806139472806,29.97,913,1,traffic_lights,0.7729810476303101,419.1918029785156,739.6903076171875,449.0053405761719,766.404296875,434.09857177734375,753.0473022460938,29.81353759765625,26.7139892578125
IMG_0029.mp4,5837,194.76142809476144,29.97,947,2,traffic_signs,0.8609409928321838,1157.89697265625,505.69207763671875,1245.5399169921875,604.2136840820312,1201.7184448242188,554.952880859375,87.6429443359375,98.5216064453125
IMG_0029.mp4,5837,194.76142809476144,29.97,944,0,auth_label,0.9119403958320618,1249.307861328125,583.785400390625,1301.98974609375,853.8439331054688,1275.6488037109375,718.8146667480469,52.681884765625,270.05853271484375
IMG_0029.mp4,5837,194.76142809476144,29.97,955,2,traffic_signs,0.9186155796051025,1053.0340576171875,420.8324279785156,1099.5228271484375,491.24652099609375,1076.2784423828125,456.0394744873047,46.48876953125,70.41409301757812
IMG_0029.mp4,5837,194.76142809476144,29.97,965,2,traffic_signs,0.8163684010505676,1544.34521484375,689.752197265625,1562.3787841796875,727.2186889648438,1553.3619995117188,708.4854431152344,18.0335693359375,37.46649169921875
IMG_0029.mp4,5837,194.76142809476144,29.97,959,0,auth_label,0.4156380295753479,1222.149169921875,592.3738403320312,1243.72998046875,725.6880493164062,1232.9395751953125,659.0309448242188,21.580810546875,133.314208984375
IMG_0029.mp4,5837,194.76142809476144,29.97,998,2,traffic_signs,0.8765001893043518,1768.7445068359375,705.4644775390625,1798.8133544921875,730.6929931640625,1783.7789306640625,718.0787353515625,30.06884765625,25.228515625
IMG_0029.mp4,5837,194.76142809476144,29.97,995,2,traffic_signs,0.6734102368354797,1359.0989990234375,712.4840087890625,1374.9970703125,758.949462890625,1367.0480346679688,735.7167358398438,15.8980712890625,46.4654541015625
IMG_0029.mp4,5837,194.76142809476144,29.97,957,0,auth_label,0.5380598306655884,1096.998291015625,582.1152954101562,1212.031982421875,853.21337890625,1154.51513671875,717.6643371582031,115.03369140625,271.09808349609375
IMG_0029.mp4,5837,194.76142809476144,29.97,977,1,traffic_lights,0.5494107007980347,469.2243347167969,711.7785034179688,486.8874206542969,747.4017944335938,478.0558776855469,729.5901489257812,17.6630859375,35.623291015625
IMG_0029.mp4,5837,194.76142809476144,29.97,1014,0,auth_label,0.4122232496738434,1221.241455078125,586.8502197265625,1243.953125,719.28564453125,1232.5972900390625,653.0679321289062,22.711669921875,132.4354248046875
IMG_0029.mp4,5837,194.76142809476144,29.97,1015,2,traffic_signs,0.3213863670825958,1441.334228515625,751.6619873046875,1448.7200927734375,763.3654174804688,1445.0271606445312,757.5137023925781,7.3858642578125,11.70343017578125
IMG_0029.mp4,5837,194.76142809476144,29.97,920,2,traffic_signs,0.6084020733833313,544.5687866210938,685.3663940429688,562.7979125976562,730.59423828125,553.683349609375,707.9803161621094,18.2291259765625,45.22784423828125
IMG_0029.mp4,5837,194.76142809476144,29.97,997,2,traffic_signs,0.2835994064807892,1155.11962890625,735.1287841796875,1169.0523681640625,763.7540893554688,1162.0859985351562,749.4414367675781,13.9327392578125,28.62530517578125
IMG_0029.mp4,5837,194.76142809476144,29.97,942,1,traffic_lights,0.918987512588501,1044.5333251953125,494.61383056640625,1098.805419921875,601.93115234375,1071.6693725585938,548.2724914550781,54.2720947265625,107.31732177734375
IMG_0029.mp4,5837,194.76142809476144,29.97,913,1,traffic_lights,0.8074734210968018,403.30230712890625,739.6398315429688,435.8639831542969,766.5479736328125,419.58314514160156,753.0939025878906,32.561676025390625,26.90814208984375
IMG_0029.mp4,5837,194.76142809476144,29.97,1012,2,traffic_signs,0.5575578212738037,1617.3017578125,712.844970703125,1629.383056640625,737.954833984375,1623.3424072265625,725.39990234375,12.081298828125,25.10986328125
IMG_0029.mp4,5838,194.7947947947948,29.97,947,2,traffic_signs,0.9055879712104797,1147.1114501953125,503.178955078125,1235.0301513671875,603.2744750976562,1191.07080078125,553.2267150878906,87.918701171875,100.09552001953125
IMG_0029.mp4,5838,194.7947947947948,29.97,944,0,auth_label,0.9132159352302551,1239.0758056640625,583.850830078125,1292.408203125,855.5120239257812,1265.7420043945312,719.6814270019531,53.3323974609375,271.66119384765625
IMG_0029.mp4,5838,194.7947947947948,29.97,955,2,traffic_signs,0.8852601051330566,1040.9248046875,417.6768493652344,1087.7420654296875,488.2528991699219,1064.3334350585938,452.9648742675781,46.8172607421875,70.5760498046875
IMG_0029.mp4,5838,194.7947947947948,29.97,965,2,traffic_signs,0.8110454082489014,1533.8140869140625,690.5079345703125,1551.1328125,728.2010498046875,1542.4734497070312,709.3544921875,17.3187255859375,37.693115234375
IMG_0029.mp4,5838,194.7947947947948,29.97,959,0,auth_label,0.4014551639556885,1211.3240966796875,592.768310546875,1233.724365234375,727.1473388671875,1222.5242309570312,659.9578247070312,22.4002685546875,134.3790283203125
IMG_0029.mp4,5838,194.7947947947948,29.97,998,2,traffic_signs,0.8893476724624634,1755.1173095703125,707.0037841796875,1785.39453125,731.5021362304688,1770.2559204101562,719.2529602050781,30.2772216796875,24.49835205078125
IMG_0029.mp4,5838,194.7947947947948,29.97,995,2,traffic_signs,0.7169674038887024,1349.194091796875,710.671142578125,1366.869873046875,759.9998168945312,1358.031982421875,735.3354797363281,17.67578125,49.32867431640625
IMG_0029.mp4,5838,194.7947947947948,29.97,957,0,auth_label,0.8079571723937988,1085.3134765625,584.0220947265625,1201.5106201171875,855.1622314453125,1143.4120483398438,719.5921630859375,116.1971435546875,271.14013671875
IMG_0029.mp4,5838,194.7947947947948,29.97,977,1,traffic_lights,0.6621522307395935,453.7397766113281,710.79833984375,472.4771423339844,747.3970336914062,463.10845947265625,729.0976867675781,18.73736572265625,36.59869384765625
IMG_0029.mp4,5838,194.7947947947948,29.97,1014,0,auth_label,0.41364622116088867,1210.34765625,587.0511474609375,1234.0736083984375,720.3519897460938,1222.2106323242188,653.7015686035156,23.7259521484375,133.30084228515625
IMG_0029.mp4,5838,194.7947947947948,29.97,1015,2,traffic_signs,0.33812493085861206,1430.821533203125,752.8567504882812,1438.5272216796875,764.2711791992188,1434.6743774414062,758.56396484375,7.7056884765625,11.4144287109375
IMG_0029.mp4,5838,194.7947947947948,29.97,920,2,traffic_signs,0.28146451711654663,530.3447875976562,684.646728515625,549.6104736328125,729.7803344726562,539.9776306152344,707.2135314941406,19.26568603515625,45.13360595703125
IMG_0029.mp4,5838,194.7947947947948,29.97,997,2,traffic_signs,0.5967496633529663,1145.69970703125,735.4105224609375,1160.092529296875,763.5257568359375,1152.8961181640625,749.4681396484375,14.392822265625,28.115234375
IMG_0029.mp4,5838,194.7947947947948,29.97,942,1,traffic_lights,0.8965042233467102,1031.678466796875,492.2238464355469,1086.4110107421875,600.080810546875,1059.0447387695312,546.1523284912109,54.7325439453125,107.85696411132812
IMG_0029.mp4,5838,194.7947947947948,29.97,913,1,traffic_lights,0.36661964654922485,391.2098693847656,739.8487548828125,421.40240478515625,766.317626953125,406.30613708496094,753.0831909179688,30.192535400390625,26.4688720703125
IMG_0029.mp4,5838,194.7947947947948,29.97,1012,2,traffic_signs,0.5852384567260742,1605.495361328125,713.6261596679688,1616.799072265625,738.7899780273438,1611.147216796875,726.2080688476562,11.3037109375,25.163818359375
IMG_0029.mp4,5839,194.82816149482818,29.97,947,2,traffic_signs,0.9104143381118774,1135.880126953125,500.9580383300781,1225.0272216796875,601.9729614257812,1180.4536743164062,551.4654998779297,89.1470947265625,101.01492309570312
IMG_0029.mp4,5839,194.82816149482818,29.97,944,0,auth_label,0.9312116503715515,1229.3616943359375,584.5938110351562,1283.3701171875,854.5236206054688,1256.3659057617188,719.5587158203125,54.0084228515625,269.9298095703125
IMG_0029.mp4,5839,194.82816149482818,29.97,955,2,traffic_signs,0.9016183018684387,1029.1641845703125,413.9331359863281,1076.087158203125,485.10601806640625,1052.6256713867188,449.5195770263672,46.9229736328125,71.17288208007812
IMG_0029.mp4,5839,194.82816149482818,29.97,965,2,traffic_signs,0.7959274649620056,1523.0615234375,691.4932861328125,1540.6339111328125,728.34521484375,1531.8477172851562,709.9192504882812,17.5723876953125,36.8519287109375
IMG_0029.mp4,5839,194.82816149482818,29.97,998,2,traffic_signs,0.4645872712135315,1741.9859619140625,708.2376098632812,1772.2303466796875,732.35107421875,1757.108154296875,720.2943420410156,30.244384765625,24.11346435546875
IMG_0029.mp4,5839,194.82816149482818,29.97,995,2,traffic_signs,0.8321070671081543,1339.9114990234375,714.7945556640625,1358.3701171875,760.9793701171875,1349.1408081054688,737.886962890625,18.4586181640625,46.184814453125
IMG_0029.mp4,5839,194.82816149482818,29.97,957,0,auth_label,0.7919447422027588,1073.7901611328125,583.1729736328125,1193.8760986328125,855.115966796875,1133.8331298828125,719.1444702148438,120.0859375,271.9429931640625
IMG_0029.mp4,5839,194.82816149482818,29.97,1014,0,auth_label,0.4736591577529907,1198.6923828125,588.9235229492188,1223.47119140625,720.7139282226562,1211.081787109375,654.8187255859375,24.77880859375,131.7904052734375
IMG_0029.mp4,5839,194.82816149482818,29.97,1015,2,traffic_signs,0.4190516471862793,1421.2197265625,754.1837768554688,1429.0869140625,765.07763671875,1425.1533203125,759.6307067871094,7.8671875,10.89385986328125
IMG_0029.mp4,5839,194.82816149482818,29.97,920,2,traffic_signs,0.3220723867416382,515.9534912109375,683.691162109375,535.8743286132812,728.631103515625,525.9139099121094,706.1611328125,19.92083740234375,44.93994140625
IMG_0029.mp4,5839,194.82816149482818,29.97,997,2,traffic_signs,0.4046485126018524,1136.9517822265625,736.2684936523438,1150.6578369140625,763.3302001953125,1143.8048095703125,749.7993469238281,13.7060546875,27.06170654296875
IMG_0029.mp4,5839,194.82816149482818,29.97,942,1,traffic_lights,0.9035786390304565,1019.5693969726562,489.7972106933594,1074.8228759765625,598.2080078125,1047.1961364746094,544.0026092529297,55.25347900390625,108.41079711914062
IMG_0029.mp4,5839,194.82816149482818,29.97,913,1,traffic_lights,0.509779155254364,376.8994445800781,739.7466430664062,407.0105285644531,764.6443481445312,391.9549865722656,752.1954956054688,30.111083984375,24.897705078125
IMG_0029.mp4,5839,194.82816149482818,29.97,1012,2,traffic_signs,0.3732043206691742,1593.238037109375,714.2994384765625,1605.4302978515625,739.13720703125,1599.3341674804688,726.7183227539062,12.1922607421875,24.8377685546875
IMG_0029.mp4,5839,194.82816149482818,29.97,872,1,traffic_lights,0.338329553604126,456.2117004394531,516.1204223632812,482.6041259765625,564.6716918945312,469.4079132080078,540.3960571289062,26.392425537109375,48.55126953125
IMG_0029.mp4,5840,194.86152819486153,29.97,947,2,traffic_signs,0.915556788444519,1125.0146484375,498.4167175292969,1214.811279296875,600.1556396484375,1169.9129638671875,549.2861785888672,89.796630859375,101.73892211914062
IMG_0029.mp4,5840,194.86152819486153,29.97,944,0,auth_label,0.8814110159873962,1218.48779296875,583.3318481445312,1272.7008056640625,855.1250610351562,1245.5942993164062,719.2284545898438,54.2130126953125,271.793212890625
IMG_0029.mp4,5840,194.86152819486153,29.97,955,2,traffic_signs,0.9165300130844116,1017.4185180664062,410.3895263671875,1064.9521484375,481.5376892089844,1041.1853332519531,445.96360778808594,47.53363037109375,71.14816284179688
IMG_0029.mp4,5840,194.86152819486153,29.97,965,2,traffic_signs,0.7541252374649048,1512.7740478515625,692.5589599609375,1529.6307373046875,729.0924682617188,1521.202392578125,710.8257141113281,16.856689453125,36.53350830078125
IMG_0029.mp4,5840,194.86152819486153,29.97,998,2,traffic_signs,0.8791528940200806,1729.7623291015625,709.3333740234375,1758.293212890625,733.09814453125,1744.0277709960938,721.2157592773438,28.5308837890625,23.7647705078125
IMG_0029.mp4,5840,194.86152819486153,29.97,995,2,traffic_signs,0.8034836053848267,1330.3328857421875,717.0694580078125,1350.067138671875,760.9158935546875,1340.2000122070312,738.99267578125,19.7342529296875,43.846435546875
IMG_0029.mp4,5840,194.86152819486153,29.97,1015,2,traffic_signs,0.37855103611946106,1411.4716796875,754.3892822265625,1418.94970703125,765.513427734375,1415.210693359375,759.9513549804688,7.47802734375,11.1241455078125
IMG_0029.mp4,5840,194.86152819486153,29.97,997,2,traffic_signs,0.631624698638916,1127.9246826171875,735.6564331054688,1142.30712890625,764.7764282226562,1135.1159057617188,750.2164306640625,14.3824462890625,29.1199951171875
IMG_0029.mp4,5840,194.86152819486153,29.97,942,1,traffic_lights,0.9211193323135376,1006.7972412109375,486.45111083984375,1062.57421875,594.8408813476562,1034.6857299804688,540.64599609375,55.7769775390625,108.3897705078125
IMG_0029.mp4,5840,194.86152819486153,29.97,913,1,traffic_lights,0.3331263065338135,362.0883483886719,739.3653564453125,392.7108459472656,766.15771484375,377.39959716796875,752.7615356445312,30.62249755859375,26.7923583984375
IMG_0029.mp4,5841,194.8948948948949,29.97,947,2,traffic_signs,0.8958536386489868,1113.9937744140625,496.1620788574219,1204.734619140625,598.9816284179688,1159.3641967773438,547.5718536376953,90.7408447265625,102.81954956054688
IMG_0029.mp4,5841,194.8948948948949,29.97,944,0,auth_label,0.6254906058311462,1209.719970703125,580.3170776367188,1263.3619384765625,856.1500244140625,1236.5409545898438,718.2335510253906,53.6419677734375,275.83294677734375
IMG_0029.mp4,5841,194.8948948948949,29.97,955,2,traffic_signs,0.8814268708229065,1005.9257202148438,406.06494140625,1053.151611328125,478.7865295410156,1029.5386657714844,442.4257354736328,47.22589111328125,72.72158813476562
IMG_0029.mp4,5841,194.8948948948949,29.97,965,2,traffic_signs,0.6856989860534668,1502.585693359375,692.811279296875,1520.03662109375,729.7677001953125,1511.3111572265625,711.2894897460938,17.450927734375,36.9564208984375
IMG_0029.mp4,5841,194.8948948948949,29.97,998,2,traffic_signs,0.8910104632377625,1717.40380859375,710.2919311523438,1745.7318115234375,734.5978393554688,1731.5678100585938,722.4448852539062,28.3280029296875,24.305908203125
IMG_0029.mp4,5841,194.8948948948949,29.97,995,2,traffic_signs,0.7420533299446106,1321.15771484375,718.055908203125,1340.825927734375,760.7579956054688,1330.9918212890625,739.4069519042969,19.668212890625,42.70208740234375
IMG_0029.mp4,5841,194.8948948948949,29.97,1015,2,traffic_signs,0.40035584568977356,1402.2635498046875,754.9063110351562,1409.0751953125,765.708984375,1405.6693725585938,760.3076477050781,6.8116455078125,10.80267333984375
IMG_0029.mp4,5841,194.8948948948949,29.97,997,2,traffic_signs,0.7291411757469177,1118.6826171875,735.6495971679688,1133.6531982421875,765.9487915039062,1126.1679077148438,750.7991943359375,14.9705810546875,30.2991943359375
IMG_0029.mp4,5841,194.8948948948949,29.97,942,1,traffic_lights,0.4007554352283478,994.313232421875,481.2928466796875,1050.0631103515625,591.53515625,1022.1881713867188,536.4140014648438,55.7498779296875,110.2423095703125
IMG_0029.mp4,5841,194.8948948948949,29.97,913,1,traffic_lights,0.6563963294029236,349.8843078613281,738.7850952148438,378.7641296386719,765.06591796875,364.32421875,751.9255065917969,28.87982177734375,26.28082275390625
IMG_0029.mp4,5841,194.8948948948949,29.97,957,0,auth_label,0.6111583113670349,1051.499755859375,582.3667602539062,1171.7982177734375,858.2166137695312,1111.6489868164062,720.2916870117188,120.2984619140625,275.849853515625
IMG_0029.mp4,5841,194.8948948948949,29.97,1012,2,traffic_signs,0.3779243230819702,1571.307861328125,715.2442626953125,1583.809326171875,739.5419921875,1577.55859375,727.3931274414062,12.50146484375,24.2977294921875
IMG_0029.mp4,5842,194.92826159492827,29.97,947,2,traffic_signs,0.8836839199066162,1103.1680908203125,493.14697265625,1193.7843017578125,596.8302612304688,1148.4761962890625,544.9886169433594,90.6162109375,103.68328857421875
IMG_0029.mp4,5842,194.92826159492827,29.97,944,0,auth_label,0.8814379572868347,1200.146484375,577.3260498046875,1254.563720703125,856.45751953125,1227.3551025390625,716.8917846679688,54.417236328125,279.1314697265625
IMG_0029.mp4,5842,194.92826159492827,29.97,955,2,traffic_signs,0.9086635112762451,993.8736572265625,401.1299743652344,1041.693115234375,474.9977722167969,1017.7833862304688,438.0638732910156,47.8194580078125,73.8677978515625
IMG_0029.mp4,5842,194.92826159492827,29.97,965,2,traffic_signs,0.83744877576828,1492.927001953125,693.1590576171875,1510.074462890625,730.3614501953125,1501.500732421875,711.76025390625,17.1474609375,37.202392578125
IMG_0029.mp4,5842,194.92826159492827,29.97,998,2,traffic_signs,0.9023557901382446,1705.4473876953125,710.8856201171875,1733.0936279296875,735.1937866210938,1719.2705078125,723.0397033691406,27.646240234375,24.30816650390625
IMG_0029.mp4,5842,194.92826159492827,29.97,995,2,traffic_signs,0.7075023651123047,1312.209228515625,712.9148559570312,1331.1851806640625,763.1243896484375,1321.6972045898438,738.0196228027344,18.9759521484375,50.20953369140625
IMG_0029.mp4,5842,194.92826159492827,29.97,1015,2,traffic_signs,0.3177540600299835,1392.78369140625,755.4511108398438,1399.2315673828125,766.4755249023438,1396.0076293945312,760.9633178710938,6.4478759765625,11.0244140625
IMG_0029.mp4,5842,194.92826159492827,29.97,997,2,traffic_signs,0.6758325099945068,1110.2476806640625,736.1807861328125,1124.620849609375,765.7752075195312,1117.4342651367188,750.9779968261719,14.3731689453125,29.59442138671875
IMG_0029.mp4,5842,194.92826159492827,29.97,942,1,traffic_lights,0.9065476059913635,981.1422729492188,478.44061279296875,1038.0501708984375,588.7640991210938,1009.5962219238281,533.6023559570312,56.90789794921875,110.323486328125
IMG_0029.mp4,5842,194.92826159492827,29.97,913,1,traffic_lights,0.6812069416046143,339.2161865234375,739.1286010742188,363.67138671875,763.8208618164062,351.44378662109375,751.4747314453125,24.4552001953125,24.6922607421875
IMG_0029.mp4,5842,194.92826159492827,29.97,1012,2,traffic_signs,0.6070864200592041,1560.9757080078125,716.2728271484375,1572.9681396484375,740.6394653320312,1566.971923828125,728.4561462402344,11.992431640625,24.36663818359375
IMG_0029.mp4,5842,194.92826159492827,29.97,1014,0,auth_label,0.4844301640987396,1167.8968505859375,578.3267211914062,1195.2403564453125,834.7550048828125,1181.568603515625,706.5408630371094,27.343505859375,256.42828369140625
IMG_0029.mp4,5842,194.92826159492827,29.97,872,1,traffic_lights,0.2523335814476013,415.9034423828125,508.5832824707031,445.7664794921875,558.5152587890625,430.8349609375,533.5492706298828,29.863037109375,49.931976318359375
IMG_0029.mp4,5843,194.96162829496163,29.97,947,2,traffic_signs,0.9225186705589294,1092.347900390625,490.3456115722656,1183.7105712890625,595.3482666015625,1138.0292358398438,542.8469390869141,91.3626708984375,105.00265502929688
IMG_0029.mp4,5843,194.96162829496163,29.97,944,0,auth_label,0.922561764717102,1189.7227783203125,574.31884765625,1245.2313232421875,857.720703125,1217.47705078125,716.019775390625,55.508544921875,283.40185546875
IMG_0029.mp4,5843,194.96162829496163,29.97,955,2,traffic_signs,0.8173223733901978,982.09765625,396.8587341308594,1030.3480224609375,470.7141418457031,1006.2228393554688,433.78643798828125,48.2503662109375,73.85540771484375
IMG_0029.mp4,5843,194.96162829496163,29.97,965,2,traffic_signs,0.8363257050514221,1482.8990478515625,693.1702880859375,1500.4921875,730.7679443359375,1491.6956176757812,711.9691162109375,17.5931396484375,37.59765625
IMG_0029.mp4,5843,194.96162829496163,29.97,998,2,traffic_signs,0.8956073522567749,1693.7261962890625,711.9698486328125,1721.0655517578125,736.2696533203125,1707.3958740234375,724.1197509765625,27.33935546875,24.2998046875
IMG_0029.mp4,5843,194.96162829496163,29.97,995,2,traffic_signs,0.7996520400047302,1302.447021484375,713.005859375,1321.2274169921875,763.1415405273438,1311.8372192382812,738.0736999511719,18.7803955078125,50.13568115234375
IMG_0029.mp4,5843,194.96162829496163,29.97,997,2,traffic_signs,0.7245213389396667,1101.703857421875,736.7693481445312,1115.9630126953125,765.0507202148438,1108.8334350585938,750.9100341796875,14.2591552734375,28.2813720703125
IMG_0029.mp4,5843,194.96162829496163,29.97,942,1,traffic_lights,0.8922408223152161,968.1460571289062,473.4125671386719,1025.724853515625,586.0523681640625,996.9354553222656,529.7324676513672,57.57879638671875,112.63980102539062
IMG_0029.mp4,5843,194.96162829496163,29.97,1012,2,traffic_signs,0.30353862047195435,1550.319091796875,716.8109130859375,1562.36328125,740.552490234375,1556.3411865234375,728.6817016601562,12.044189453125,23.7415771484375
IMG_0029.mp4,5843,194.96162829496163,29.97,1014,0,auth_label,0.4199826717376709,1157.3421630859375,580.1973876953125,1183.7880859375,852.7520751953125,1170.5651245117188,716.4747314453125,26.4459228515625,272.5546875
IMG_0029.mp4,5843,194.96162829496163,29.97,872,1,traffic_lights,0.6194953322410583,401.1801452636719,506.01287841796875,435.01898193359375,556.8463745117188,418.0995635986328,531.4296264648438,33.838836669921875,50.83349609375
IMG_0029.mp4,5844,194.994994994995,29.97,947,2,traffic_signs,0.9219827055931091,1081.1585693359375,487.3100280761719,1171.984130859375,593.3919677734375,1126.5713500976562,540.3509979248047,90.8255615234375,106.08193969726562
IMG_0029.mp4,5844,194.994994994995,29.97,944,0,auth_label,0.7161420583724976,1177.83251953125,573.2093505859375,1236.035400390625,858.0484619140625,1206.9339599609375,715.62890625,58.202880859375,284.839111328125
IMG_0029.mp4,5844,194.994994994995,29.97,955,2,traffic_signs,0.8876360654830933,969.999267578125,392.3618469238281,1018.138916015625,467.42181396484375,994.069091796875,429.89183044433594,48.1396484375,75.05996704101562
IMG_0029.mp4,5844,194.994994994995,29.97,965,2,traffic_signs,0.8188661336898804,1473.14013671875,693.8825073242188,1490.3699951171875,731.4296264648438,1481.7550659179688,712.6560668945312,17.2298583984375,37.547119140625
IMG_0029.mp4,5844,194.994994994995,29.97,998,2,traffic_signs,0.8962976336479187,1681.9749755859375,712.8360595703125,1708.2891845703125,737.3283081054688,1695.132080078125,725.0821838378906,26.314208984375,24.49224853515625
IMG_0029.mp4,5844,194.994994994995,29.97,995,2,traffic_signs,0.8195840120315552,1293.7242431640625,718.0139770507812,1311.97216796875,763.8534545898438,1302.8482055664062,740.9337158203125,18.2479248046875,45.8394775390625
IMG_0029.mp4,5844,194.994994994995,29.97,997,2,traffic_signs,0.7435431480407715,1092.9041748046875,736.5594482421875,1106.98828125,765.7853393554688,1099.9462280273438,751.1723937988281,14.0841064453125,29.22589111328125
IMG_0029.mp4,5844,194.994994994995,29.97,942,1,traffic_lights,0.9221359491348267,955.0451049804688,469.400390625,1013.2009887695312,583.4581909179688,984.123046875,526.4292907714844,58.1558837890625,114.05780029296875
IMG_0029.mp4,5844,194.994994994995,29.97,1014,0,auth_label,0.636787474155426,1145.00732421875,575.7029418945312,1173.27392578125,859.248291015625,1159.140625,717.4756164550781,28.2666015625,283.54534912109375
IMG_0029.mp4,5844,194.994994994995,29.97,957,0,auth_label,0.7055116891860962,1023.74853515625,579.8763427734375,1138.1846923828125,858.35546875,1080.9666137695312,719.1159057617188,114.4361572265625,278.4791259765625
IMG_0029.mp4,5844,194.994994994995,29.97,1015,2,traffic_signs,0.45523974299430847,1373.869873046875,756.6553344726562,1380.5723876953125,767.3372802734375,1377.2211303710938,761.9963073730469,6.7025146484375,10.68194580078125
IMG_0029.mp4,5845,195.02836169502837,29.97,947,2,traffic_signs,0.9260998964309692,1070.164306640625,484.40350341796875,1162.0780029296875,591.749267578125,1116.1211547851562,538.0763854980469,91.9136962890625,107.34576416015625
IMG_0029.mp4,5845,195.02836169502837,29.97,944,0,auth_label,0.8883576989173889,1166.7528076171875,569.2088623046875,1226.35498046875,858.5451049804688,1196.5538940429688,713.8769836425781,59.6021728515625,289.33624267578125
IMG_0029.mp4,5845,195.02836169502837,29.97,955,2,traffic_signs,0.7241612076759338,957.7213134765625,387.3258361816406,1006.1387939453125,463.7938232421875,981.9300537109375,425.55982971191406,48.41748046875,76.46798706054688
IMG_0029.mp4,5845,195.02836169502837,29.97,965,2,traffic_signs,0.8111557960510254,1463.1802978515625,694.4671020507812,1480.140869140625,732.3145141601562,1471.6605834960938,713.3908081054688,16.9605712890625,37.847412109375
IMG_0029.mp4,5845,195.02836169502837,29.97,998,2,traffic_signs,0.8913648724555969,1670.093505859375,713.440185546875,1697.1954345703125,737.94677734375,1683.6444702148438,725.6934814453125,27.1019287109375,24.506591796875
IMG_0029.mp4,5845,195.02836169502837,29.97,995,2,traffic_signs,0.8213611245155334,1285.329345703125,721.6720581054688,1303.376220703125,762.8103637695312,1294.352783203125,742.2412109375,18.046875,41.1383056640625
IMG_0029.mp4,5845,195.02836169502837,29.97,997,2,traffic_signs,0.7263973355293274,1083.685546875,736.520751953125,1097.7127685546875,766.3234252929688,1090.6991577148438,751.4220886230469,14.0272216796875,29.80267333984375
IMG_0029.mp4,5845,195.02836169502837,29.97,942,1,traffic_lights,0.9466244578361511,941.6429443359375,465.8089904785156,1001.0614013671875,580.9505615234375,971.3521728515625,523.3797760009766,59.41845703125,115.14157104492188
IMG_0029.mp4,5845,195.02836169502837,29.97,957,0,auth_label,0.7138506174087524,1018.3765258789062,582.068603515625,1126.4036865234375,855.7894897460938,1072.3901062011719,718.9290466308594,108.02716064453125,273.72088623046875
IMG_0029.mp4,5845,195.02836169502837,29.97,1015,2,traffic_signs,0.34761345386505127,1364.2398681640625,757.0902709960938,1370.583984375,767.4611206054688,1367.4119262695312,762.2756958007812,6.3441162109375,10.370849609375
IMG_0029.mp4,5845,195.02836169502837,29.97,913,1,traffic_lights,0.37261709570884705,296.1526184082031,739.0374755859375,318.3055725097656,762.9949951171875,307.2290954589844,751.0162353515625,22.1529541015625,23.95751953125
IMG_0029.mp4,5845,195.02836169502837,29.97,1012,2,traffic_signs,0.38495323061943054,1529.3203125,717.6128540039062,1541.0010986328125,740.6390991210938,1535.1607055664062,729.1259765625,11.6807861328125,23.0262451171875
IMG_0029.mp4,5846,195.06172839506175,29.97,947,2,traffic_signs,0.9022955894470215,1059.00439453125,480.7001953125,1150.03564453125,589.9227905273438,1104.52001953125,535.3114929199219,91.03125,109.22259521484375
IMG_0029.mp4,5846,195.06172839506175,29.97,955,2,traffic_signs,0.47948700189590454,945.2350463867188,382.3464660644531,994.5151977539062,459.0031433105469,969.8751220703125,420.6748046875,49.2801513671875,76.65667724609375
IMG_0029.mp4,5846,195.06172839506175,29.97,965,2,traffic_signs,0.8445944786071777,1453.505615234375,695.5722045898438,1470.0357666015625,731.4963989257812,1461.7706909179688,713.5343017578125,16.5301513671875,35.9241943359375
IMG_0029.mp4,5846,195.06172839506175,29.97,998,2,traffic_signs,0.890985906124115,1658.3648681640625,714.666748046875,1685.4613037109375,738.5784301757812,1671.9130859375,726.6225891113281,27.096435546875,23.91168212890625
IMG_0029.mp4,5846,195.06172839506175,29.97,995,2,traffic_signs,0.7928916215896606,1276.67919921875,722.1400756835938,1294.840576171875,764.5374755859375,1285.7598876953125,743.3387756347656,18.161376953125,42.39739990234375
IMG_0029.mp4,5846,195.06172839506175,29.97,997,2,traffic_signs,0.7167472839355469,1074.6934814453125,736.3006591796875,1088.300048828125,767.0974731445312,1081.4967651367188,751.6990661621094,13.6065673828125,30.79681396484375
IMG_0029.mp4,5846,195.06172839506175,29.97,942,1,traffic_lights,0.9001956582069397,928.1163330078125,461.9779357910156,988.32666015625,578.714599609375,958.2214965820312,520.3462677001953,60.2103271484375,116.73666381835938
IMG_0029.mp4,5846,195.06172839506175,29.97,957,0,auth_label,0.6552634239196777,1006.7099609375,578.6226806640625,1116.114990234375,860.2443237304688,1061.4124755859375,719.4335021972656,109.405029296875,281.62164306640625
IMG_0029.mp4,5846,195.06172839506175,29.97,1015,2,traffic_signs,0.5324761867523193,1355.1697998046875,757.5853881835938,1361.626708984375,768.3508911132812,1358.3982543945312,762.9681396484375,6.4569091796875,10.7655029296875
IMG_0029.mp4,5846,195.06172839506175,29.97,1012,2,traffic_signs,0.28688132762908936,1519.38037109375,718.1773071289062,1530.4024658203125,742.0552978515625,1524.8914184570312,730.1163024902344,11.0220947265625,23.87799072265625
IMG_0029.mp4,5846,195.06172839506175,29.97,1014,0,auth_label,0.7111157774925232,1124.107177734375,576.934814453125,1152.4290771484375,860.6640014648438,1138.2681274414062,718.7994079589844,28.3218994140625,283.72918701171875
IMG_0029.mp4,5847,195.0950950950951,29.97,947,2,traffic_signs,0.9121010303497314,1047.6114501953125,477.23187255859375,1140.2957763671875,588.126708984375,1093.95361328125,532.6792907714844,92.684326171875,110.89483642578125
IMG_0029.mp4,5847,195.0950950950951,29.97,955,2,traffic_signs,0.822176992893219,933.1410522460938,377.1461181640625,981.9931640625,455.28997802734375,957.5671081542969,416.2180480957031,48.85211181640625,78.14385986328125
IMG_0029.mp4,5847,195.0950950950951,29.97,965,2,traffic_signs,0.8493916988372803,1444.201171875,695.677001953125,1461.279541015625,731.8185424804688,1452.7403564453125,713.7477722167969,17.078369140625,36.14154052734375
IMG_0029.mp4,5847,195.0950950950951,29.97,998,2,traffic_signs,0.869361937046051,1647.52978515625,715.8596801757812,1674.733154296875,739.4810791015625,1661.1314697265625,727.6703796386719,27.203369140625,23.62139892578125
IMG_0029.mp4,5847,195.0950950950951,29.97,995,2,traffic_signs,0.8101717829704285,1267.757080078125,721.7348022460938,1285.7042236328125,764.9910278320312,1276.7306518554688,743.3629150390625,17.9471435546875,43.2562255859375
IMG_0029.mp4,5847,195.0950950950951,29.97,997,2,traffic_signs,0.7402327060699463,1066.6885986328125,736.7150268554688,1080.085693359375,767.3624267578125,1073.3871459960938,752.0387268066406,13.3970947265625,30.64739990234375
IMG_0029.mp4,5847,195.0950950950951,29.97,942,1,traffic_lights,0.9258360862731934,914.3399658203125,456.8977966308594,975.21142578125,575.0711669921875,944.7756958007812,515.9844818115234,60.8714599609375,118.17337036132812
IMG_0029.mp4,5847,195.0950950950951,29.97,957,0,auth_label,0.8018340468406677,999.8878173828125,582.3993530273438,1104.279296875,856.195556640625,1052.0835571289062,719.2974548339844,104.3914794921875,273.79620361328125
IMG_0029.mp4,5847,195.0950950950951,29.97,1015,2,traffic_signs,0.3993023633956909,1346.0765380859375,757.8197021484375,1352.4571533203125,769.6192016601562,1349.266845703125,763.7194519042969,6.380615234375,11.79949951171875
IMG_0029.mp4,5847,195.0950950950951,29.97,1012,2,traffic_signs,0.4377310276031494,1509.550537109375,719.2452392578125,1520.4976806640625,743.5306396484375,1515.0241088867188,731.387939453125,10.9471435546875,24.285400390625
IMG_0029.mp4,5847,195.0950950950951,29.97,1014,0,auth_label,0.43127644062042236,1113.9073486328125,577.6028442382812,1143.85986328125,855.8135375976562,1128.8836059570312,716.7081909179688,29.9525146484375,278.210693359375
IMG_0029.mp4,5847,195.0950950950951,29.97,944,0,auth_label,0.7884246706962585,1146.5872802734375,562.5556640625,1208.16943359375,859.091064453125,1177.3783569335938,710.8233642578125,61.5821533203125,296.535400390625
IMG_0029.mp4,5848,195.12846179512846,29.97,947,2,traffic_signs,0.9203653931617737,1036.023681640625,473.0562744140625,1129.2529296875,583.4567260742188,1082.6383056640625,528.2565002441406,93.229248046875,110.40045166015625
IMG_0029.mp4,5848,195.12846179512846,29.97,955,2,traffic_signs,0.7470816969871521,920.0386962890625,371.4115905761719,969.8348388671875,449.8098449707031,944.936767578125,410.6107177734375,49.796142578125,78.39825439453125
IMG_0029.mp4,5848,195.12846179512846,29.97,965,2,traffic_signs,0.8263420462608337,1435.502685546875,696.1881103515625,1451.76025390625,732.1669921875,1443.6314697265625,714.1775512695312,16.257568359375,35.9788818359375
IMG_0029.mp4,5848,195.12846179512846,29.97,998,2,traffic_signs,0.8814805746078491,1637.5076904296875,716.3318481445312,1664.0379638671875,740.256591796875,1650.7728271484375,728.2942199707031,26.5302734375,23.92474365234375
IMG_0029.mp4,5848,195.12846179512846,29.97,995,2,traffic_signs,0.7808340787887573,1259.8785400390625,722.9449462890625,1277.1475830078125,763.8397216796875,1268.5130615234375,743.392333984375,17.26904296875,40.894775390625
IMG_0029.mp4,5848,195.12846179512846,29.97,997,2,traffic_signs,0.7786178588867188,1058.390625,737.31396484375,1071.7547607421875,767.1754150390625,1065.0726928710938,752.2446899414062,13.3641357421875,29.8614501953125
IMG_0029.mp4,5848,195.12846179512846,29.97,942,1,traffic_lights,0.9282073378562927,899.939697265625,452.0658874511719,962.2149047851562,569.7445068359375,931.0773010253906,510.9051971435547,62.27520751953125,117.67861938476562
IMG_0029.mp4,5848,195.12846179512846,29.97,957,0,auth_label,0.39460664987564087,992.6748657226562,581.653564453125,1091.5953369140625,855.2849731445312,1042.1351013183594,718.4692687988281,98.92047119140625,273.63140869140625
IMG_0029.mp4,5848,195.12846179512846,29.97,1014,0,auth_label,0.7496609091758728,1102.3673095703125,577.02392578125,1133.4932861328125,858.2823486328125,1117.9302978515625,717.6531372070312,31.1259765625,281.2584228515625
IMG_0029.mp4,5848,195.12846179512846,29.97,1031,2,traffic_signs,0.5162298679351807,1515.0447998046875,754.7469482421875,1543.68359375,789.8265991210938,1529.3641967773438,772.2867736816406,28.6387939453125,35.07965087890625
IMG_0029.mp4,5848,195.12846179512846,29.97,944,0,auth_label,0.869377076625824,1136.479248046875,556.9196166992188,1198.6951904296875,860.4625244140625,1167.5872192382812,708.6910705566406,62.2159423828125,303.54290771484375
IMG_0029.mp4,5849,195.16182849516184,29.97,947,2,traffic_signs,0.9127364158630371,1024.62451171875,469.89178466796875,1119.0343017578125,580.18798828125,1071.8294067382812,525.0398864746094,94.4097900390625,110.29620361328125
IMG_0029.mp4,5849,195.16182849516184,29.97,955,2,traffic_signs,0.3785821497440338,907.2080688476562,366.29962158203125,956.7003173828125,446.63861083984375,931.9541931152344,406.4691162109375,49.49224853515625,80.3389892578125
IMG_0029.mp4,5849,195.16182849516184,29.97,965,2,traffic_signs,0.8337211012840271,1426.021728515625,696.4468994140625,1442.5196533203125,733.0088500976562,1434.2706909179688,714.7278747558594,16.4979248046875,36.56195068359375
IMG_0029.mp4,5849,195.16182849516184,29.97,998,2,traffic_signs,0.8744975328445435,1627.284912109375,717.0625,1652.932373046875,740.6697387695312,1640.108642578125,728.8661193847656,25.6474609375,23.60723876953125
IMG_0029.mp4,5849,195.16182849516184,29.97,995,2,traffic_signs,0.742059588432312,1250.8656005859375,725.0474853515625,1268.847900390625,765.1940307617188,1259.8567504882812,745.1207580566406,17.9822998046875,40.14654541015625
IMG_0029.mp4,5849,195.16182849516184,29.97,997,2,traffic_signs,0.7420685291290283,1050.15869140625,737.68115234375,1063.028076171875,766.9505615234375,1056.5933837890625,752.3158569335938,12.869384765625,29.2694091796875
IMG_0029.mp4,5849,195.16182849516184,29.97,942,1,traffic_lights,0.9238395094871521,885.2445678710938,446.2645568847656,948.995361328125,566.7251586914062,917.1199645996094,506.49485778808594,63.75079345703125,120.46060180664062
IMG_0029.mp4,5849,195.16182849516184,29.97,957,0,auth_label,0.565578043460846,981.6006469726562,575.7533569335938,1081.8992919921875,860.5011596679688,1031.7499694824219,718.1272583007812,100.29864501953125,284.747802734375
IMG_0029.mp4,5849,195.16182849516184,29.97,1014,0,auth_label,0.8453457951545715,1091.214599609375,576.2324829101562,1123.8438720703125,855.76904296875,1107.5292358398438,716.0007629394531,32.6292724609375,279.53656005859375
IMG_0029.mp4,5849,195.16182849516184,29.97,1031,2,traffic_signs,0.7674596309661865,1505.0867919921875,755.34033203125,1534.4844970703125,819.1229858398438,1519.78564453125,787.2316589355469,29.397705078125,63.78265380859375
IMG_0029.mp4,5849,195.16182849516184,29.97,944,0,auth_label,0.8231571912765503,1126.2115478515625,556.8981323242188,1190.8885498046875,860.4261474609375,1158.550048828125,708.6621398925781,64.677001953125,303.52801513671875
IMG_0029.mp4,5849,195.16182849516184,29.97,872,1,traffic_lights,0.5932027101516724,311.2660217285156,488.26239013671875,346.8874816894531,543.9323120117188,329.0767517089844,516.0973510742188,35.6214599609375,55.669921875
IMG_0029.mp4,5850,195.1951951951952,29.97,947,2,traffic_signs,0.9193391799926758,1013.1436157226562,465.8718566894531,1108.54638671875,578.3267211914062,1060.8450012207031,522.0992889404297,95.40277099609375,112.45486450195312
IMG_0029.mp4,5850,195.1951951951952,29.97,955,2,traffic_signs,0.6903038620948792,894.2992553710938,359.96514892578125,944.0064697265625,441.4610900878906,919.1528625488281,400.71311950683594,49.70721435546875,81.49594116210938
IMG_0029.mp4,5850,195.1951951951952,29.97,965,2,traffic_signs,0.7919116020202637,1417.260009765625,697.1947631835938,1433.21875,733.6947631835938,1425.2393798828125,715.4447631835938,15.958740234375,36.5
IMG_0029.mp4,5850,195.1951951951952,29.97,998,2,traffic_signs,0.8744847774505615,1616.845947265625,717.6806030273438,1642.0928955078125,741.3080444335938,1629.4694213867188,729.4943237304688,25.2469482421875,23.62744140625
IMG_0029.mp4,5850,195.1951951951952,29.97,995,2,traffic_signs,0.8447403907775879,1243.0125732421875,726.53076171875,1261.05078125,764.6904907226562,1252.0316772460938,745.6106262207031,18.0382080078125,38.15972900390625
IMG_0029.mp4,5850,195.1951951951952,29.97,997,2,traffic_signs,0.5997786521911621,1041.6663818359375,738.1410522460938,1053.76318359375,766.1919555664062,1047.7147827148438,752.16650390625,12.0968017578125,28.0509033203125
IMG_0029.mp4,5850,195.1951951951952,29.97,942,1,traffic_lights,0.9390573501586914,870.7919311523438,442.2553405761719,935.6453857421875,564.15234375,903.2186584472656,503.20384216308594,64.85345458984375,121.89700317382812
IMG_0029.mp4,5850,195.1951951951952,29.97,957,0,auth_label,0.9243274331092834,971.4686279296875,571.8765258789062,1070.092041015625,858.8463134765625,1020.7803344726562,715.3614196777344,98.6234130859375,286.96978759765625
IMG_0029.mp4,5850,195.1951951951952,29.97,1014,0,auth_label,0.7520143389701843,1079.4893798828125,578.0610961914062,1113.4447021484375,856.8101196289062,1096.467041015625,717.4356079101562,33.955322265625,278.7490234375
IMG_0029.mp4,5850,195.1951951951952,29.97,944,0,auth_label,0.9085675477981567,1116.479736328125,556.1669311523438,1181.396240234375,860.0626220703125,1148.93798828125,708.1147766113281,64.91650390625,303.89569091796875
IMG_0029.mp4,5850,195.1951951951952,29.97,1036,2,traffic_signs,0.5518298745155334,1005.01416015625,743.9491577148438,1016.0208740234375,774.5973510742188,1010.5175170898438,759.2732543945312,11.0067138671875,30.648193359375
IMG_0029.mp4,5850,195.1951951951952,29.97,872,1,traffic_lights,0.3010983467102051,295.31243896484375,486.5481872558594,329.3150939941406,541.1725463867188,312.3137664794922,513.8603668212891,34.002655029296875,54.624359130859375
IMG_0029.mp4,5850,195.1951951951952,29.97,1012,2,traffic_signs,0.32735711336135864,1480.83251953125,720.5706787109375,1492.0643310546875,743.4029541015625,1486.4484252929688,731.98681640625,11.2318115234375,22.832275390625
IMG_0029.mp4,5851,195.22856189522858,29.97,947,2,traffic_signs,0.9182302355766296,1001.6329345703125,461.8034973144531,1097.56787109375,576.01416015625,1049.6004028320312,518.9088287353516,95.9349365234375,114.21066284179688
IMG_0029.mp4,5851,195.22856189522858,29.97,965,2,traffic_signs,0.8532751202583313,1408.387451171875,697.3569946289062,1424.946044921875,733.6026000976562,1416.666748046875,715.4797973632812,16.55859375,36.24560546875
IMG_0029.mp4,5851,195.22856189522858,29.97,998,2,traffic_signs,0.8692260980606079,1606.2198486328125,718.4625244140625,1631.463134765625,742.3805541992188,1618.8414916992188,730.4215393066406,25.2432861328125,23.91802978515625
IMG_0029.mp4,5851,195.22856189522858,29.97,995,2,traffic_signs,0.7513202428817749,1235.23974609375,725.1478881835938,1253.8720703125,764.8075561523438,1244.555908203125,744.9777221679688,18.63232421875,39.65966796875
IMG_0029.mp4,5851,195.22856189522858,29.97,997,2,traffic_signs,0.6948755979537964,1033.861572265625,738.259033203125,1045.918701171875,766.8162231445312,1039.89013671875,752.5376281738281,12.05712890625,28.55718994140625
IMG_0029.mp4,5851,195.22856189522858,29.97,942,1,traffic_lights,0.920272946357727,856.1830444335938,437.0948791503906,921.6516723632812,561.0776977539062,888.9173583984375,499.08628845214844,65.4686279296875,123.98281860351562
IMG_0029.mp4,5851,195.22856189522858,29.97,957,0,auth_label,0.811616063117981,961.6288452148438,577.021484375,1057.9622802734375,857.9217529296875,1009.7955627441406,717.4716186523438,96.33343505859375,280.9002685546875
IMG_0029.mp4,5851,195.22856189522858,29.97,1014,0,auth_label,0.8646109104156494,1067.749755859375,576.8276977539062,1102.4322509765625,855.6795654296875,1085.0910034179688,716.2536315917969,34.6824951171875,278.85186767578125
IMG_0029.mp4,5851,195.22856189522858,29.97,944,0,auth_label,0.8484039902687073,1106.3179931640625,556.08984375,1172.36767578125,860.7642822265625,1139.3428344726562,708.4270629882812,66.0496826171875,304.6744384765625
IMG_0029.mp4,5851,195.22856189522858,29.97,1036,2,traffic_signs,0.7313868999481201,996.4510498046875,744.892822265625,1007.35400390625,773.9063720703125,1001.9025268554688,759.3995971679688,10.9029541015625,29.0135498046875
IMG_0029.mp4,5851,195.22856189522858,29.97,872,1,traffic_lights,0.7501322627067566,279.9433898925781,484.0052490234375,314.21685791015625,538.42919921875,297.0801239013672,511.21722412109375,34.273468017578125,54.4239501953125
IMG_0029.mp4,5851,195.22856189522858,29.97,1038,2,traffic_signs,0.42447441816329956,930.1138305664062,751.1679077148438,942.595703125,773.3934936523438,936.3547668457031,762.2807006835938,12.48187255859375,22.2255859375
IMG_0029.mp4,5851,195.22856189522858,29.97,1012,2,traffic_signs,0.3288968801498413,1472.0361328125,720.8025512695312,1483.391357421875,745.1112670898438,1477.7137451171875,732.9569091796875,11.355224609375,24.3087158203125
IMG_0029.mp4,5852,195.26192859526194,29.97,947,2,traffic_signs,0.9315416216850281,989.6426391601562,458.638427734375,1086.3614501953125,573.8355712890625,1038.0020446777344,516.2369995117188,96.71881103515625,115.1971435546875
IMG_0029.mp4,5852,195.26192859526194,29.97,965,2,traffic_signs,0.828187108039856,1400.1676025390625,698.2935180664062,1416.0206298828125,733.27392578125,1408.0941162109375,715.7837219238281,15.85302734375,34.98040771484375
IMG_0029.mp4,5852,195.26192859526194,29.97,998,2,traffic_signs,0.8588268160820007,1595.747802734375,719.4059448242188,1621.2030029296875,743.5572509765625,1608.4754028320312,731.4815979003906,25.4552001953125,24.15130615234375
IMG_0029.mp4,5852,195.26192859526194,29.97,995,2,traffic_signs,0.5886369943618774,1226.7266845703125,725.2333374023438,1245.0135498046875,765.6898193359375,1235.8701171875,745.4615783691406,18.286865234375,40.45648193359375
IMG_0029.mp4,5852,195.26192859526194,29.97,997,2,traffic_signs,0.6679980754852295,1024.7802734375,738.43701171875,1037.099365234375,765.9360961914062,1030.9398193359375,752.1865539550781,12.319091796875,27.49908447265625
IMG_0029.mp4,5852,195.26192859526194,29.97,942,1,traffic_lights,0.7176873087882996,840.6712036132812,431.8244934082031,907.800048828125,557.4903564453125,874.2356262207031,494.6574249267578,67.12884521484375,125.66586303710938
IMG_0029.mp4,5852,195.26192859526194,29.97,957,0,auth_label,0.9172743558883667,953.0874633789062,571.1531372070312,1045.6982421875,859.965087890625,999.3928527832031,715.5591125488281,92.61077880859375,288.81195068359375
IMG_0029.mp4,5852,195.26192859526194,29.97,1014,0,auth_label,0.6387265920639038,1055.9984130859375,576.1566162109375,1091.4173583984375,856.7406005859375,1073.7078857421875,716.4486083984375,35.4189453125,280.583984375
IMG_0029.mp4,5852,195.26192859526194,29.97,944,0,auth_label,0.8842790722846985,1093.869873046875,553.971923828125,1164.251708984375,861.8623046875,1129.060791015625,707.9171142578125,70.3818359375,307.890380859375
IMG_0029.mp4,5852,195.26192859526194,29.97,1036,2,traffic_signs,0.428102046251297,988.831787109375,744.9644165039062,999.8858642578125,773.7503051757812,994.3588256835938,759.3573608398438,11.0540771484375,28.785888671875
IMG_0029.mp4,5852,195.26192859526194,29.97,872,1,traffic_lights,0.5763289332389832,264.2369689941406,480.1148681640625,299.4266662597656,536.179443359375,281.8318176269531,508.14715576171875,35.189697265625,56.0645751953125
IMG_0029.mp4,5852,195.26192859526194,29.97,1038,2,traffic_signs,0.6470991969108582,920.5384521484375,749.9331665039062,932.7731323242188,774.7171020507812,926.6557922363281,762.3251342773438,12.23468017578125,24.783935546875
IMG_0029.mp4,5852,195.26192859526194,29.97,1012,2,traffic_signs,0.5644358992576599,1462.8883056640625,721.6727294921875,1473.8702392578125,745.9219970703125,1468.3792724609375,733.79736328125,10.98193359375,24.249267578125
IMG_0029.mp4,5852,195.26192859526194,29.97,1031,2,traffic_signs,0.6161304712295532,1477.69677734375,758.9859619140625,1505.403076171875,829.6329956054688,1491.5499267578125,794.3094787597656,27.706298828125,70.64703369140625
IMG_0029.mp4,5852,195.26192859526194,29.97,955,2,traffic_signs,0.7098138332366943,868.7085571289062,347.6810302734375,917.5745239257812,431.5301513671875,893.1415405273438,389.6055908203125,48.865966796875,83.84912109375
IMG_0029.mp4,5853,195.2952952952953,29.97,947,2,traffic_signs,0.9191127419471741,977.441650390625,454.0497131347656,1074.908203125,570.4464721679688,1026.1749267578125,512.2480926513672,97.466552734375,116.39675903320312
IMG_0029.mp4,5853,195.2952952952953,29.97,965,2,traffic_signs,0.8215429782867432,1391.2408447265625,698.3552856445312,1407.2880859375,734.216796875,1399.2644653320312,716.2860412597656,16.0472412109375,35.86151123046875
IMG_0029.mp4,5853,195.2952952952953,29.97,998,2,traffic_signs,0.8345755338668823,1585.788818359375,719.8275756835938,1611.31396484375,744.2542724609375,1598.5513916015625,732.0409240722656,25.525146484375,24.42669677734375
IMG_0029.mp4,5853,195.2952952952953,29.97,995,2,traffic_signs,0.8495069146156311,1219.3553466796875,727.2695922851562,1237.736328125,765.5234985351562,1228.5458374023438,746.3965454101562,18.3809814453125,38.25390625
IMG_0029.mp4,5853,195.2952952952953,29.97,997,2,traffic_signs,0.6218831539154053,1017.1864013671875,738.4935913085938,1028.80419921875,765.3626098632812,1022.9953002929688,751.9281005859375,11.6177978515625,26.8690185546875
IMG_0029.mp4,5853,195.2952952952953,29.97,942,1,traffic_lights,0.9320417642593384,825.0250854492188,425.43536376953125,893.3087158203125,553.5919799804688,859.1669006347656,489.513671875,68.28363037109375,128.1566162109375
IMG_0029.mp4,5853,195.2952952952953,29.97,957,0,auth_label,0.8944840431213379,944.757568359375,575.80078125,1034.2918701171875,859.2770385742188,989.5247192382812,717.5389099121094,89.5343017578125,283.47625732421875
IMG_0029.mp4,5853,195.2952952952953,29.97,1014,0,auth_label,0.839180052280426,1043.8897705078125,575.0909423828125,1079.9688720703125,855.3502807617188,1061.9293212890625,715.2206115722656,36.0791015625,280.25933837890625
IMG_0029.mp4,5853,195.2952952952953,29.97,944,0,auth_label,0.829072117805481,1082.5814208984375,552.9107666015625,1155.39599609375,863.398681640625,1118.9887084960938,708.1547241210938,72.8145751953125,310.4879150390625
IMG_0029.mp4,5853,195.2952952952953,29.97,1036,2,traffic_signs,0.6649929285049438,981.0682373046875,744.8151245117188,992.1678466796875,773.7504272460938,986.6180419921875,759.2827758789062,11.099609375,28.935302734375
IMG_0029.mp4,5853,195.2952952952953,29.97,872,1,traffic_lights,0.35437873005867004,248.7527313232422,476.6838684082031,284.9721984863281,533.4242553710938,266.86246490478516,505.05406188964844,36.21946716308594,56.740386962890625
IMG_0029.mp4,5853,195.2952952952953,29.97,1038,2,traffic_signs,0.5630900859832764,911.8975830078125,749.2202758789062,924.7411499023438,776.2855834960938,918.3193664550781,762.7529296875,12.84356689453125,27.0653076171875
IMG_0029.mp4,5853,195.2952952952953,29.97,1012,2,traffic_signs,0.4281376600265503,1453.7901611328125,722.232177734375,1464.85986328125,745.768798828125,1459.3250122070312,734.00048828125,11.0697021484375,23.53662109375
IMG_0029.mp4,5853,195.2952952952953,29.97,955,2,traffic_signs,0.7205553650856018,854.5826416015625,341.51904296875,904.0523071289062,425.6402893066406,879.3174743652344,383.5796661376953,49.46966552734375,84.12124633789062
IMG_0029.mp4,5854,195.32866199532867,29.97,947,2,traffic_signs,0.933204174041748,964.6389770507812,449.9045104980469,1064.7335205078125,567.3910522460938,1014.6862487792969,508.6477813720703,100.09454345703125,117.48654174804688
IMG_0029.mp4,5854,195.32866199532867,29.97,965,2,traffic_signs,0.6002368927001953,1382.9718017578125,699.09716796875,1398.3663330078125,734.7420043945312,1390.6690673828125,716.9195861816406,15.39453125,35.64483642578125
IMG_0029.mp4,5854,195.32866199532867,29.97,998,2,traffic_signs,0.8189109563827515,1576.0247802734375,720.465576171875,1601.4444580078125,744.672607421875,1588.734619140625,732.569091796875,25.419677734375,24.20703125
IMG_0029.mp4,5854,195.32866199532867,29.97,995,2,traffic_signs,0.7476934790611267,1211.5245361328125,727.3541870117188,1231.3206787109375,765.7177124023438,1221.422607421875,746.5359497070312,19.796142578125,38.363525390625
IMG_0029.mp4,5854,195.32866199532867,29.97,942,1,traffic_lights,0.9367609620094299,808.798828125,420.33575439453125,878.6448974609375,549.7479858398438,843.7218627929688,485.0418701171875,69.8460693359375,129.4122314453125
IMG_0029.mp4,5854,195.32866199532867,29.97,957,0,auth_label,0.8139887452125549,935.067138671875,577.8737182617188,1021.2048950195312,859.9406127929688,978.1360168457031,718.9071655273438,86.13775634765625,282.06689453125
IMG_0029.mp4,5854,195.32866199532867,29.97,1014,0,auth_label,0.7362481951713562,1031.798583984375,575.1981811523438,1069.721923828125,854.9273681640625,1050.76025390625,715.0627746582031,37.92333984375,279.72918701171875
IMG_0029.mp4,5854,195.32866199532867,29.97,944,0,auth_label,0.9225732684135437,1071.2327880859375,549.9841918945312,1147.43896484375,864.5506591796875,1109.3358764648438,707.2674255371094,76.2061767578125,314.56646728515625
IMG_0029.mp4,5854,195.32866199532867,29.97,1036,2,traffic_signs,0.5510945916175842,973.1029052734375,743.5827026367188,984.0485229492188,774.2753295898438,978.5757141113281,758.9290161132812,10.94561767578125,30.692626953125
IMG_0029.mp4,5854,195.32866199532867,29.97,872,1,traffic_lights,0.570758044719696,232.20135498046875,474.52288818359375,269.5729675292969,530.7113037109375,250.8871612548828,502.6170959472656,37.371612548828125,56.18841552734375
IMG_0029.mp4,5854,195.32866199532867,29.97,1038,2,traffic_signs,0.5565826892852783,903.3140869140625,749.6585693359375,916.64599609375,776.60986328125,909.9800415039062,763.1342163085938,13.3319091796875,26.9512939453125
IMG_0029.mp4,5854,195.32866199532867,29.97,955,2,traffic_signs,0.8534186482429504,840.1317749023438,335.1945495605469,889.9110107421875,420.7749938964844,865.0213928222656,377.9847717285156,49.77923583984375,85.5804443359375
IMG_0029.mp4,5854,195.32866199532867,29.97,1031,2,traffic_signs,0.49655014276504517,1458.9703369140625,759.0562133789062,1487.6475830078125,828.6281127929688,1473.3089599609375,793.8421630859375,28.67724609375,69.5718994140625
IMG_0029.mp4,5855,195.36202869536203,29.97,947,2,traffic_signs,0.9302158355712891,952.813720703125,445.29888916015625,1052.4708251953125,564.3905639648438,1002.6422729492188,504.8447265625,99.6571044921875,119.0916748046875
IMG_0029.mp4,5855,195.36202869536203,29.97,965,2,traffic_signs,0.7565960884094238,1375.2586669921875,699.6305541992188,1390.5528564453125,735.172607421875,1382.90576171875,717.4015808105469,15.294189453125,35.54205322265625
IMG_0029.mp4,5855,195.36202869536203,29.97,998,2,traffic_signs,0.8496623635292053,1567.4422607421875,720.8077392578125,1591.91455078125,745.3546752929688,1579.6784057617188,733.0812072753906,24.4722900390625,24.54693603515625
IMG_0029.mp4,5855,195.36202869536203,29.97,995,2,traffic_signs,0.7425165176391602,1203.743896484375,728.3792724609375,1223.6202392578125,766.8760986328125,1213.6820678710938,747.627685546875,19.8763427734375,38.496826171875
IMG_0029.mp4,5855,195.36202869536203,29.97,942,1,traffic_lights,0.9475510716438293,792.9240112304688,414.8136291503906,864.7182006835938,545.9144287109375,828.8211059570312,480.36402893066406,71.794189453125,131.10079956054688
IMG_0029.mp4,5855,195.36202869536203,29.97,957,0,auth_label,0.8976972103118896,926.4894409179688,581.084228515625,1008.4398803710938,860.389404296875,967.4646606445312,720.73681640625,81.950439453125,279.30517578125
IMG_0029.mp4,5855,195.36202869536203,29.97,1014,0,auth_label,0.9117229580879211,1019.662353515625,576.9945678710938,1057.8890380859375,852.6078491210938,1038.7756958007812,714.8012084960938,38.2266845703125,275.61328125
IMG_0029.mp4,5855,195.36202869536203,29.97,944,0,auth_label,0.8770008683204651,1060.13037109375,553.2373046875,1139.6546630859375,864.3182983398438,1099.8925170898438,708.7778015136719,79.5242919921875,311.08099365234375
IMG_0029.mp4,5855,195.36202869536203,29.97,1036,2,traffic_signs,0.513556957244873,965.3236694335938,742.3506469726562,976.9841918945312,775.5375366210938,971.1539306640625,758.944091796875,11.6605224609375,33.1868896484375
IMG_0029.mp4,5855,195.36202869536203,29.97,872,1,traffic_lights,0.47563645243644714,215.8926239013672,470.3404541015625,253.53701782226562,528.2974243164062,234.7148208618164,499.3189392089844,37.64439392089844,57.95697021484375
IMG_0029.mp4,5855,195.36202869536203,29.97,1038,2,traffic_signs,0.4326574206352234,894.201904296875,749.3883666992188,908.242431640625,776.1458740234375,901.22216796875,762.7671203613281,14.04052734375,26.75750732421875
IMG_0029.mp4,5855,195.36202869536203,29.97,955,2,traffic_signs,0.7606754302978516,826.2483520507812,327.7787170410156,876.3484497070312,414.03314208984375,851.2984008789062,370.9059295654297,50.10009765625,86.25442504882812
IMG_0029.mp4,5855,195.36202869536203,29.97,1049,1,traffic_lights,0.553903341293335,100.22531127929688,761.8880004882812,119.58370208740234,782.6408081054688,109.90450668334961,772.264404296875,19.35839080810547,20.7528076171875
IMG_0029.mp4,5855,195.36202869536203,29.97,1031,2,traffic_signs,0.6667115092277527,1450.716064453125,758.8651733398438,1478.2469482421875,828.7774658203125,1464.4815063476562,793.8213195800781,27.5308837890625,69.91229248046875
IMG_0029.mp4,5856,195.3953953953954,29.97,947,2,traffic_signs,0.9260910749435425,940.3440551757812,440.7460021972656,1041.575927734375,561.512451171875,990.9599914550781,501.1292266845703,101.23187255859375,120.76644897460938
IMG_0029.mp4,5856,195.3953953953954,29.97,965,2,traffic_signs,0.7894607782363892,1366.8724365234375,699.5946655273438,1382.201171875,735.09228515625,1374.5368041992188,717.3434753417969,15.3287353515625,35.49761962890625
IMG_0029.mp4,5856,195.3953953953954,29.97,998,2,traffic_signs,0.8696534633636475,1557.709716796875,721.65380859375,1581.801513671875,745.2925415039062,1569.755615234375,733.4731750488281,24.091796875,23.63873291015625
IMG_0029.mp4,5856,195.3953953953954,29.97,995,2,traffic_signs,0.832127034664154,1196.16748046875,729.4718017578125,1215.0731201171875,766.7112426757812,1205.6203002929688,748.0915222167969,18.9056396484375,37.23944091796875
IMG_0029.mp4,5856,195.3953953953954,29.97,942,1,traffic_lights,0.9340866208076477,775.9465942382812,408.5415344238281,849.5928344726562,542.0164184570312,812.7697143554688,475.2789764404297,73.646240234375,133.47488403320312
IMG_0029.mp4,5856,195.3953953953954,29.97,957,0,auth_label,0.856103777885437,919.263671875,582.732666015625,994.1461791992188,860.9012451171875,956.7049255371094,721.8169555664062,74.88250732421875,278.1685791015625
IMG_0029.mp4,5856,195.3953953953954,29.97,1014,0,auth_label,0.8410562872886658,1006.3718872070312,581.6748046875,1045.7060546875,851.631591796875,1026.0389709472656,716.6531982421875,39.33416748046875,269.956787109375
IMG_0029.mp4,5856,195.3953953953954,29.97,944,0,auth_label,0.9216932058334351,1047.124267578125,552.9345092773438,1130.404296875,864.61865234375,1088.7642822265625,708.7765808105469,83.280029296875,311.68414306640625
IMG_0029.mp4,5856,195.3953953953954,29.97,1036,2,traffic_signs,0.7732539772987366,958.0400390625,742.5946044921875,969.4854125976562,776.269775390625,963.7627258300781,759.4321899414062,11.44537353515625,33.6751708984375
IMG_0029.mp4,5856,195.3953953953954,29.97,872,1,traffic_lights,0.3530031144618988,199.55030822753906,466.17108154296875,238.4237518310547,525.194091796875,218.98703002929688,495.6825866699219,38.873443603515625,59.02301025390625
IMG_0029.mp4,5856,195.3953953953954,29.97,1038,2,traffic_signs,0.29309889674186707,886.5137939453125,750.1865844726562,899.6229858398438,777.8070678710938,893.0683898925781,763.996826171875,13.10919189453125,27.6204833984375
IMG_0029.mp4,5856,195.3953953953954,29.97,955,2,traffic_signs,0.9384512305259705,811.7642822265625,320.7018737792969,862.7439575195312,407.88037109375,837.2541198730469,364.29112243652344,50.97967529296875,87.17849731445312
IMG_0029.mp4,5856,195.3953953953954,29.97,1049,1,traffic_lights,0.48673105239868164,79.39952850341797,760.9323120117188,99.49590301513672,780.270751953125,89.44771575927734,770.6015319824219,20.09637451171875,19.33843994140625
IMG_0029.mp4,5856,195.3953953953954,29.97,1012,2,traffic_signs,0.6297557353973389,1427.992431640625,723.7574462890625,1438.498779296875,747.2487182617188,1433.24560546875,735.5030822753906,10.50634765625,23.49127197265625
IMG_0029.mp4,5857,195.42876209542877,29.97,947,2,traffic_signs,0.9230243563652039,927.68212890625,435.5162658691406,1028.9100341796875,558.0659790039062,978.2960815429688,496.79112243652344,101.2279052734375,122.54971313476562
IMG_0029.mp4,5857,195.42876209542877,29.97,965,2,traffic_signs,0.7095497250556946,1358.4112548828125,700.1339111328125,1373.515625,734.9501953125,1365.9634399414062,717.5420532226562,15.1043701171875,34.8162841796875
IMG_0029.mp4,5857,195.42876209542877,29.97,998,2,traffic_signs,0.6643323302268982,1548.6168212890625,721.6891479492188,1572.42626953125,746.6680297851562,1560.5215454101562,734.1785888671875,23.8094482421875,24.9788818359375
IMG_0029.mp4,5857,195.42876209542877,29.97,995,2,traffic_signs,0.7981756925582886,1188.1998291015625,729.0099487304688,1207.900634765625,766.7380981445312,1198.0502319335938,747.8740234375,19.7008056640625,37.7281494140625
IMG_0029.mp4,5857,195.42876209542877,29.97,942,1,traffic_lights,0.9307206869125366,758.6486206054688,400.08489990234375,834.130126953125,537.3069458007812,796.3893737792969,468.6959228515625,75.48150634765625,137.2220458984375
IMG_0029.mp4,5857,195.42876209542877,29.97,957,0,auth_label,0.9060387015342712,908.2383422851562,584.019775390625,982.0103759765625,861.5742797851562,945.1243591308594,722.7970275878906,73.77203369140625,277.55450439453125
IMG_0029.mp4,5857,195.42876209542877,29.97,1014,0,auth_label,0.9329249262809753,994.0535888671875,579.844970703125,1033.8116455078125,853.341552734375,1013.9326171875,716.59326171875,39.758056640625,273.49658203125
IMG_0029.mp4,5857,195.42876209542877,29.97,944,0,auth_label,0.9194808602333069,1038.704345703125,554.2809448242188,1121.6982421875,864.0383911132812,1080.2012939453125,709.15966796875,82.993896484375,309.7574462890625
IMG_0029.mp4,5857,195.42876209542877,29.97,1036,2,traffic_signs,0.6556740999221802,949.6201782226562,741.7802124023438,961.4906005859375,776.0553588867188,955.5553894042969,758.9177856445312,11.87042236328125,34.275146484375
IMG_0029.mp4,5857,195.42876209542877,29.97,872,1,traffic_lights,0.29708096385002136,180.87843322753906,463.26776123046875,221.94557189941406,522.3584594726562,201.41200256347656,492.8131103515625,41.067138671875,59.0906982421875
IMG_0029.mp4,5857,195.42876209542877,29.97,955,2,traffic_signs,0.9172914028167725,797.5313110351562,313.06964111328125,848.4592895507812,401.503173828125,822.9953002929688,357.2864074707031,50.927978515625,88.43353271484375
IMG_0029.mp4,5857,195.42876209542877,29.97,1012,2,traffic_signs,0.5730931162834167,1419.5648193359375,723.6529541015625,1430.2728271484375,747.400390625,1424.9188232421875,735.5266723632812,10.7080078125,23.7474365234375
IMG_0029.mp4,5857,195.42876209542877,29.97,1031,2,traffic_signs,0.774840235710144,1433.2877197265625,760.4606323242188,1460.487060546875,829.2861938476562,1446.8873901367188,794.8734130859375,27.1993408203125,68.8255615234375
IMG_0029.mp4,5858,195.46212879546215,29.97,947,2,traffic_signs,0.5898192524909973,915.5480346679688,430.18450927734375,1017.6944580078125,554.0997924804688,966.6212463378906,492.14215087890625,102.14642333984375,123.915283203125
IMG_0029.mp4,5858,195.46212879546215,29.97,965,2,traffic_signs,0.7503384351730347,1351.37109375,700.6284790039062,1366.1168212890625,735.0927124023438,1358.7439575195312,717.860595703125,14.7457275390625,34.4642333984375
IMG_0029.mp4,5858,195.46212879546215,29.97,998,2,traffic_signs,0.7199187278747559,1540.480224609375,722.4857177734375,1563.9208984375,746.9877319335938,1552.2005615234375,734.7367248535156,23.440673828125,24.50201416015625
IMG_0029.mp4,5858,195.46212879546215,29.97,995,2,traffic_signs,0.861823320388794,1181.0755615234375,729.0700073242188,1199.8634033203125,767.9535522460938,1190.469482421875,748.5117797851562,18.787841796875,38.883544921875
IMG_0029.mp4,5858,195.46212879546215,29.97,942,1,traffic_lights,0.9529979228973389,742.0588989257812,393.2577819824219,819.5315551757812,533.1511840820312,780.7952270507812,463.20448303222656,77.47265625,139.89340209960938
IMG_0029.mp4,5858,195.46212879546215,29.97,957,0,auth_label,0.8680739402770996,901.195068359375,586.81005859375,967.0971069335938,860.9652709960938,934.1460876464844,723.8876647949219,65.90203857421875,274.15521240234375
IMG_0029.mp4,5858,195.46212879546215,29.97,1014,0,auth_label,0.8741382956504822,980.6046142578125,581.0663452148438,1022.2977905273438,855.1271362304688,1001.4512023925781,718.0967407226562,41.69317626953125,274.060791015625
IMG_0029.mp4,5858,195.46212879546215,29.97,944,0,auth_label,0.9189937710762024,1023.6588134765625,555.3672485351562,1114.4503173828125,864.3789672851562,1069.0545654296875,709.8731079101562,90.79150390625,309.01171875
IMG_0029.mp4,5858,195.46212879546215,29.97,1036,2,traffic_signs,0.4762851297855377,942.57470703125,742.218505859375,954.3263549804688,774.0783081054688,948.4505310058594,758.1484069824219,11.75164794921875,31.85980224609375
IMG_0029.mp4,5858,195.46212879546215,29.97,872,1,traffic_lights,0.580733597278595,164.91571044921875,459.1232604980469,206.4582061767578,519.1763305664062,185.68695831298828,489.14979553222656,41.54249572753906,60.053070068359375
IMG_0029.mp4,5858,195.46212879546215,29.97,955,2,traffic_signs,0.9160677194595337,783.008544921875,305.52655029296875,833.9869995117188,393.85882568359375,808.4977722167969,349.69268798828125,50.97845458984375,88.332275390625
IMG_0029.mp4,5858,195.46212879546215,29.97,1012,2,traffic_signs,0.4034380614757538,1411.9931640625,723.6865844726562,1422.6199951171875,749.6810913085938,1417.3065795898438,736.683837890625,10.6268310546875,25.9945068359375
IMG_0029.mp4,5858,195.46212879546215,29.97,1031,2,traffic_signs,0.49132052063941956,1424.7611083984375,758.775390625,1451.9732666015625,829.9871826171875,1438.3671875,794.3812866210938,27.212158203125,71.2117919921875
IMG_0029.mp4,5858,195.46212879546215,29.97,1038,2,traffic_signs,0.5882591009140015,869.5509033203125,749.3341064453125,882.7384033203125,777.3538818359375,876.1446533203125,763.343994140625,13.1875,28.019775390625
IMG_0029.mp4,5859,195.4954954954955,29.97,947,2,traffic_signs,0.9284276962280273,902.9976806640625,424.9681091308594,1004.453369140625,551.0013427734375,953.7255249023438,487.98472595214844,101.4556884765625,126.03323364257812
IMG_0029.mp4,5859,195.4954954954955,29.97,965,2,traffic_signs,0.729768693447113,1343.010986328125,700.4942626953125,1358.3016357421875,735.8911743164062,1350.6563110351562,718.1927185058594,15.2906494140625,35.39691162109375
IMG_0029.mp4,5859,195.4954954954955,29.97,998,2,traffic_signs,0.8415554761886597,1531.92333984375,722.6110229492188,1555.09423828125,747.2650146484375,1543.5087890625,734.9380187988281,23.1708984375,24.65399169921875
IMG_0029.mp4,5859,195.4954954954955,29.97,995,2,traffic_signs,0.8505659699440002,1173.5396728515625,728.7164916992188,1192.0169677734375,767.9912719726562,1182.7783203125,748.3538818359375,18.477294921875,39.2747802734375
IMG_0029.mp4,5859,195.4954954954955,29.97,942,1,traffic_lights,0.9415431618690491,723.6836547851562,385.9278869628906,803.7283325195312,527.7368774414062,763.7059936523438,456.83238220214844,80.044677734375,141.80899047851562
IMG_0029.mp4,5859,195.4954954954955,29.97,957,0,auth_label,0.9146931767463684,892.26416015625,587.2274780273438,954.9741821289062,863.333251953125,923.6191711425781,725.2803649902344,62.71002197265625,276.10577392578125
IMG_0029.mp4,5859,195.4954954954955,29.97,1014,0,auth_label,0.9228502511978149,969.2771606445312,579.2177734375,1011.1854248046875,855.09375,990.2312927246094,717.15576171875,41.90826416015625,275.8759765625
IMG_0029.mp4,5859,195.4954954954955,29.97,944,0,auth_label,0.9503302574157715,1018.4153442382812,552.6090087890625,1106.396484375,865.6099243164062,1062.4059143066406,709.1094665527344,87.98114013671875,313.00091552734375
IMG_0029.mp4,5859,195.4954954954955,29.97,1036,2,traffic_signs,0.7949159145355225,935.8125,743.4545288085938,947.1771850585938,773.2149658203125,941.4948425292969,758.3347473144531,11.36468505859375,29.76043701171875
IMG_0029.mp4,5859,195.4954954954955,29.97,872,1,traffic_lights,0.5049596428871155,147.70458984375,455.001708984375,192.3802032470703,515.1548461914062,170.04239654541016,485.0782775878906,44.67561340332031,60.15313720703125
IMG_0029.mp4,5859,195.4954954954955,29.97,955,2,traffic_signs,0.9370764493942261,767.7654418945312,296.9024963378906,819.48193359375,385.6199035644531,793.6236877441406,341.2611999511719,51.71649169921875,88.7174072265625
IMG_0029.mp4,5859,195.4954954954955,29.97,1012,2,traffic_signs,0.260447233915329,1403.9346923828125,723.7808227539062,1414.2991943359375,749.4032592773438,1409.116943359375,736.592041015625,10.364501953125,25.6224365234375
IMG_0029.mp4,5859,195.4954954954955,29.97,1031,2,traffic_signs,0.4487523138523102,1417.21826171875,759.4234619140625,1442.4505615234375,830.32861328125,1429.8344116210938,794.8760375976562,25.2322998046875,70.9051513671875
IMG_0029.mp4,5859,195.4954954954955,29.97,1038,2,traffic_signs,0.42822372913360596,861.5767211914062,749.2921142578125,874.2736206054688,777.7324829101562,867.9251708984375,763.5122985839844,12.6968994140625,28.44036865234375
IMG_0029.mp4,5860,195.52886219552886,29.97,947,2,traffic_signs,0.9450820684432983,889.8969116210938,419.270751953125,992.3807373046875,546.1776733398438,941.1388244628906,482.7242126464844,102.48382568359375,126.90692138671875
IMG_0029.mp4,5860,195.52886219552886,29.97,965,2,traffic_signs,0.59967041015625,1334.990234375,700.6809692382812,1350.2625732421875,736.1778564453125,1342.6264038085938,718.4294128417969,15.2723388671875,35.49688720703125
IMG_0029.mp4,5860,195.52886219552886,29.97,998,2,traffic_signs,0.8385021686553955,1522.8599853515625,723.0245971679688,1546.2071533203125,747.6419677734375,1534.5335693359375,735.3332824707031,23.34716796875,24.61737060546875
IMG_0029.mp4,5860,195.52886219552886,29.97,995,2,traffic_signs,0.8367346525192261,1166.0194091796875,729.0419921875,1184.7591552734375,767.9630737304688,1175.3892822265625,748.5025329589844,18.73974609375,38.92108154296875
IMG_0029.mp4,5860,195.52886219552886,29.97,942,1,traffic_lights,0.9426349997520447,704.9082641601562,377.15838623046875,786.2931518554688,522.1378784179688,745.6007080078125,449.64813232421875,81.3848876953125,144.9794921875
IMG_0029.mp4,5860,195.52886219552886,29.97,957,0,auth_label,0.8916860818862915,884.5654296875,588.8482666015625,941.6177978515625,863.9028930664062,913.0916137695312,726.3755798339844,57.0523681640625,275.05462646484375
IMG_0029.mp4,5860,195.52886219552886,29.97,1014,0,auth_label,0.5678680539131165,956.6798095703125,580.5440673828125,999.2748413085938,851.6497802734375,977.9773254394531,716.096923828125,42.59503173828125,271.105712890625
IMG_0029.mp4,5860,195.52886219552886,29.97,944,0,auth_label,0.9103179574012756,1003.9415893554688,553.6224975585938,1097.8916015625,865.6832885742188,1050.9165954589844,709.6528930664062,93.95001220703125,312.060791015625
IMG_0029.mp4,5860,195.52886219552886,29.97,1036,2,traffic_signs,0.5431070327758789,928.4068603515625,743.46484375,939.2742309570312,774.1244506835938,933.8405456542969,758.7946472167969,10.86737060546875,30.65960693359375
IMG_0029.mp4,5860,195.52886219552886,29.97,872,1,traffic_lights,0.684146523475647,128.9032440185547,452.0208435058594,175.34408569335938,511.783935546875,152.12366485595703,481.9023895263672,46.44084167480469,59.763092041015625
IMG_0029.mp4,5860,195.52886219552886,29.97,955,2,traffic_signs,0.9266496300697327,752.2174682617188,288.12969970703125,804.4524536132812,378.58721923828125,778.3349609375,333.35845947265625,52.2349853515625,90.45751953125
IMG_0029.mp4,5860,195.52886219552886,29.97,1031,2,traffic_signs,0.8688989877700806,1408.9686279296875,760.6875610351562,1434.7994384765625,829.4293212890625,1421.884033203125,795.0584411621094,25.830810546875,68.74176025390625
IMG_0029.mp4,5861,195.56222889556224,29.97,947,2,traffic_signs,0.9299191236495972,876.3663940429688,413.99945068359375,980.2119140625,542.2769775390625,928.2891540527344,478.1382141113281,103.84552001953125,128.27752685546875
IMG_0029.mp4,5861,195.56222889556224,29.97,965,2,traffic_signs,0.7352192997932434,1327.762451171875,700.7373657226562,1342.8895263671875,737.042236328125,1335.3259887695312,718.8898010253906,15.1270751953125,36.30487060546875
IMG_0029.mp4,5861,195.56222889556224,29.97,998,2,traffic_signs,0.8688326478004456,1513.610595703125,723.7442626953125,1537.3858642578125,748.9932250976562,1525.4982299804688,736.3687438964844,23.7752685546875,25.24896240234375
IMG_0029.mp4,5861,195.56222889556224,29.97,995,2,traffic_signs,0.8511858582496643,1159.069091796875,730.42822265625,1177.3084716796875,768.5645751953125,1168.1887817382812,749.4963989257812,18.2393798828125,38.1363525390625
IMG_0029.mp4,5861,195.56222889556224,29.97,942,1,traffic_lights,0.4423960745334625,686.8916015625,368.04376220703125,770.422607421875,516.6844482421875,728.6571044921875,442.3641052246094,83.531005859375,148.64068603515625
IMG_0029.mp4,5861,195.56222889556224,29.97,957,0,auth_label,0.9424607157707214,875.4008178710938,588.5966186523438,929.8087158203125,864.8497924804688,902.6047668457031,726.7232055664062,54.40789794921875,276.253173828125
IMG_0029.mp4,5861,195.56222889556224,29.97,1014,0,auth_label,0.9425910711288452,944.4955444335938,580.3366088867188,988.5457763671875,849.5491943359375,966.5206604003906,714.9429016113281,44.05023193359375,269.21258544921875
IMG_0029.mp4,5861,195.56222889556224,29.97,944,0,auth_label,0.9361648559570312,995.8057250976562,552.4622192382812,1090.0234375,866.0858764648438,1042.9145812988281,709.2740478515625,94.21771240234375,313.6236572265625
IMG_0029.mp4,5861,195.56222889556224,29.97,872,1,traffic_lights,0.5317560434341431,112.64644622802734,448.6063232421875,159.34056091308594,507.94891357421875,135.99350357055664,478.2776184082031,46.694114685058594,59.34259033203125
IMG_0029.mp4,5861,195.56222889556224,29.97,955,2,traffic_signs,0.9342140555381775,737.476318359375,279.73590087890625,789.2997436523438,370.9573669433594,763.3880310058594,325.3466339111328,51.82342529296875,91.22146606445312
IMG_0029.mp4,5861,195.56222889556224,29.97,1031,2,traffic_signs,0.6943380832672119,1400.7421875,759.4431762695312,1426.2303466796875,831.11328125,1413.4862670898438,795.2782287597656,25.4881591796875,71.67010498046875
IMG_0029.mp4,5861,195.56222889556224,29.97,1038,2,traffic_signs,0.33736148476600647,844.5418701171875,749.8165893554688,857.9171142578125,777.611083984375,851.2294921875,763.7138366699219,13.375244140625,27.79449462890625
IMG_0029.mp4,5862,195.5955955955956,29.97,947,2,traffic_signs,0.9217127561569214,863.4739379882812,408.3520812988281,969.0972290039062,538.433837890625,916.2855834960938,473.39295959472656,105.623291015625,130.08175659179688
IMG_0029.mp4,5862,195.5955955955956,29.97,965,2,traffic_signs,0.6704361438751221,1320.0833740234375,701.1392822265625,1334.8836669921875,738.4420166015625,1327.4835205078125,719.7906494140625,14.80029296875,37.302734375
IMG_0029.mp4,5862,195.5955955955956,29.97,998,2,traffic_signs,0.8527578711509705,1505.6490478515625,724.5069580078125,1528.41845703125,749.0304565429688,1517.0337524414062,736.7687072753906,22.7694091796875,24.52349853515625
IMG_0029.mp4,5862,195.5955955955956,29.97,995,2,traffic_signs,0.835953414440155,1151.9388427734375,730.4251098632812,1170.7572021484375,769.3110961914062,1161.3480224609375,749.8681030273438,18.818359375,38.885986328125
IMG_0029.mp4,5862,195.5955955955956,29.97,942,1,traffic_lights,0.9446131587028503,667.9942626953125,360.6505432128906,754.0963745117188,512.905029296875,711.0453186035156,436.7777862548828,86.10211181640625,152.25448608398438
IMG_0029.mp4,5862,195.5955955955956,29.97,957,0,auth_label,0.9451934695243835,865.4338989257812,589.0665283203125,916.6701049804688,864.6348876953125,891.052001953125,726.8507080078125,51.2362060546875,275.568359375
IMG_0029.mp4,5862,195.5955955955956,29.97,1014,0,auth_label,0.8582757115364075,931.8668823242188,577.0330200195312,978.2990112304688,854.1129760742188,955.0829467773438,715.572998046875,46.43212890625,277.0799560546875
IMG_0029.mp4,5862,195.5955955955956,29.97,944,0,auth_label,0.9220394492149353,985.94189453125,551.5926513671875,1081.5096435546875,867.164794921875,1033.7257690429688,709.3787231445312,95.5677490234375,315.5721435546875
IMG_0029.mp4,5862,195.5955955955956,29.97,872,1,traffic_lights,0.3989594578742981,95.87503051757812,444.6103515625,143.11903381347656,504.7554931640625,119.49703216552734,474.68292236328125,47.24400329589844,60.1451416015625
IMG_0029.mp4,5862,195.5955955955956,29.97,955,2,traffic_signs,0.9370260834693909,721.6993408203125,270.6088562011719,774.3313598632812,362.7403259277344,748.0153503417969,316.6745910644531,52.63201904296875,92.1314697265625
IMG_0029.mp4,5862,195.5955955955956,29.97,1031,2,traffic_signs,0.7544057369232178,1393.4622802734375,760.082275390625,1417.9947509765625,832.3226318359375,1405.728515625,796.2024536132812,24.532470703125,72.2403564453125
IMG_0029.mp4,5862,195.5955955955956,29.97,1003,2,traffic_signs,0.6075415015220642,1380.821044921875,726.7962036132812,1390.8323974609375,749.7244873046875,1385.8267211914062,738.2603454589844,10.0113525390625,22.92828369140625
IMG_0029.mp4,5863,195.62896229562898,29.97,947,2,traffic_signs,0.9379370808601379,849.93310546875,401.7883605957031,956.5770874023438,534.32763671875,903.2550964355469,468.05799865722656,106.64398193359375,132.53927612304688
IMG_0029.mp4,5863,195.62896229562898,29.97,965,2,traffic_signs,0.728471040725708,1313.193603515625,701.1006469726562,1328.037841796875,739.102294921875,1320.61572265625,720.1014709472656,14.84423828125,38.00164794921875
IMG_0029.mp4,5863,195.62896229562898,29.97,998,2,traffic_signs,0.7963132262229919,1497.8277587890625,724.6763305664062,1520.8612060546875,750.1130981445312,1509.344482421875,737.3947143554688,23.033447265625,25.436767578125
IMG_0029.mp4,5863,195.62896229562898,29.97,995,2,traffic_signs,0.8801690936088562,1145.1514892578125,731.167236328125,1162.846435546875,769.445556640625,1153.9989624023438,750.306396484375,17.6949462890625,38.2783203125
IMG_0029.mp4,5863,195.62896229562898,29.97,942,1,traffic_lights,0.9449349641799927,648.0120849609375,350.9358215332031,736.383544921875,506.4128112792969,692.1978149414062,428.67431640625,88.3714599609375,155.47698974609375
IMG_0029.mp4,5863,195.62896229562898,29.97,957,0,auth_label,0.9156811237335205,857.6018676757812,587.634033203125,903.8914184570312,865.8889770507812,880.7466430664062,726.7615051269531,46.28955078125,278.25494384765625
IMG_0029.mp4,5863,195.62896229562898,29.97,1014,0,auth_label,0.7880021333694458,918.3033447265625,576.8303833007812,966.5270385742188,854.2864990234375,942.4151916503906,715.5584411621094,48.22369384765625,277.45611572265625
IMG_0029.mp4,5863,195.62896229562898,29.97,944,0,auth_label,0.9442835450172424,975.3811645507812,552.2135009765625,1074.1319580078125,866.6907348632812,1024.7565612792969,709.4521179199219,98.75079345703125,314.47723388671875
IMG_0029.mp4,5863,195.62896229562898,29.97,872,1,traffic_lights,0.7785688638687134,77.32462310791016,440.7218017578125,125.70214080810547,501.25439453125,101.51338195800781,470.98809814453125,48.37751770019531,60.5325927734375
IMG_0029.mp4,5863,195.62896229562898,29.97,955,2,traffic_signs,0.8978455066680908,705.9840087890625,260.04266357421875,758.7393798828125,354.33001708984375,732.3616943359375,307.18634033203125,52.75537109375,94.287353515625
IMG_0029.mp4,5863,195.62896229562898,29.97,1031,2,traffic_signs,0.7925718426704407,1385.96044921875,760.2874145507812,1410.456298828125,831.988037109375,1398.2083740234375,796.1377258300781,24.495849609375,71.70062255859375
IMG_0029.mp4,5863,195.62896229562898,29.97,1003,2,traffic_signs,0.6058320999145508,1373.037841796875,726.9513549804688,1383.596435546875,749.8009643554688,1378.317138671875,738.3761596679688,10.55859375,22.849609375
IMG_0029.mp4,5863,195.62896229562898,29.97,997,2,traffic_signs,0.7221086621284485,938.4806518554688,739.0582275390625,951.2692260742188,768.2224731445312,944.8749389648438,753.6403503417969,12.78857421875,29.16424560546875
IMG_0029.mp4,5864,195.66232899566234,29.97,947,2,traffic_signs,0.9495745301246643,836.0216064453125,395.07550048828125,944.0836181640625,528.9465942382812,890.0526123046875,462.01104736328125,108.06201171875,133.87109375
IMG_0029.mp4,5864,195.66232899566234,29.97,965,2,traffic_signs,0.7614861726760864,1305.9136962890625,701.0419311523438,1320.5816650390625,737.2152099609375,1313.2476806640625,719.1285705566406,14.66796875,36.17327880859375
IMG_0029.mp4,5864,195.66232899566234,29.97,998,2,traffic_signs,0.8723846077919006,1489.4827880859375,724.7830810546875,1512.8321533203125,750.5464477539062,1501.157470703125,737.6647644042969,23.349365234375,25.76336669921875
IMG_0029.mp4,5864,195.66232899566234,29.97,995,2,traffic_signs,0.8590459823608398,1137.702392578125,731.4851684570312,1155.8798828125,769.1109619140625,1146.7911376953125,750.2980651855469,18.177490234375,37.62579345703125
IMG_0029.mp4,5864,195.66232899566234,29.97,942,1,traffic_lights,0.7152272462844849,626.184814453125,339.8568115234375,718.076904296875,499.29180908203125,672.130859375,419.5743103027344,91.89208984375,159.43499755859375
IMG_0029.mp4,5864,195.66232899566234,29.97,957,0,auth_label,0.9285897612571716,847.6024169921875,587.6538696289062,890.1439208984375,868.4808349609375,868.8731689453125,728.0673522949219,42.54150390625,280.82696533203125
IMG_0029.mp4,5864,195.66232899566234,29.97,1014,0,auth_label,0.9169467687606812,904.783935546875,574.5540771484375,954.5609130859375,854.28955078125,929.6724243164062,714.4218139648438,49.7769775390625,279.7354736328125
IMG_0029.mp4,5864,195.66232899566234,29.97,944,0,auth_label,0.9410346746444702,964.4948120117188,551.2278442382812,1066.3372802734375,866.1600341796875,1015.4160461425781,708.6939392089844,101.84246826171875,314.93218994140625
IMG_0029.mp4,5864,195.66232899566234,29.97,872,1,traffic_lights,0.7602858543395996,57.45391082763672,436.61737060546875,108.25972747802734,497.74609375,82.85681915283203,467.1817321777344,50.805816650390625,61.12872314453125
IMG_0029.mp4,5864,195.66232899566234,29.97,955,2,traffic_signs,0.6385051608085632,688.8005981445312,249.74130249023438,741.9967041015625,344.5204772949219,715.3986511230469,297.1308898925781,53.19610595703125,94.7791748046875
IMG_0029.mp4,5864,195.66232899566234,29.97,1031,2,traffic_signs,0.835508406162262,1378.00146484375,760.2927856445312,1403.7335205078125,832.1502075195312,1390.8674926757812,796.2214965820312,25.7320556640625,71.857421875
IMG_0029.mp4,5864,195.66232899566234,29.97,1003,2,traffic_signs,0.4653758406639099,1364.9822998046875,727.17333984375,1375.471923828125,751.27978515625,1370.2271118164062,739.2265625,10.4896240234375,24.1064453125
IMG_0029.mp4,5864,195.66232899566234,29.97,997,2,traffic_signs,0.4397280812263489,930.3492431640625,738.5988159179688,943.3941650390625,767.5404052734375,936.8717041015625,753.0696105957031,13.044921875,28.94158935546875
IMG_0029.mp4,5864,195.66232899566234,29.97,1038,2,traffic_signs,0.2588302493095398,820.862548828125,749.6946411132812,834.300048828125,776.9724731445312,827.581298828125,763.3335571289062,13.4375,27.27783203125
IMG_0029.mp4,5865,195.6956956956957,29.97,947,2,traffic_signs,0.9331292510032654,822.7259521484375,388.5718688964844,931.8427734375,524.7133178710938,877.2843627929688,456.64259338378906,109.1168212890625,136.14144897460938
IMG_0029.mp4,5865,195.6956956956957,29.97,965,2,traffic_signs,0.6764748692512512,1298.5078125,701.8740844726562,1312.9207763671875,738.3901977539062,1305.7142944335938,720.1321411132812,14.4129638671875,36.51611328125
IMG_0029.mp4,5865,195.6956956956957,29.97,998,2,traffic_signs,0.828609824180603,1480.9461669921875,724.9282836914062,1504.2274169921875,750.7726440429688,1492.5867919921875,737.8504638671875,23.28125,25.8443603515625
IMG_0029.mp4,5865,195.6956956956957,29.97,995,2,traffic_signs,0.8405531644821167,1130.852783203125,731.7017211914062,1149.3118896484375,769.921142578125,1140.0823364257812,750.8114318847656,18.4591064453125,38.21942138671875
IMG_0029.mp4,5865,195.6956956956957,29.97,942,1,traffic_lights,0.9202123284339905,605.9660034179688,329.9469909667969,700.2350463867188,494.4075012207031,653.1005249023438,412.17724609375,94.26904296875,164.46051025390625
IMG_0029.mp4,5865,195.6956956956957,29.97,957,0,auth_label,0.8912506699562073,838.609130859375,589.8543701171875,876.8817138671875,868.8759155273438,857.7454223632812,729.3651428222656,38.2725830078125,279.02154541015625
IMG_0029.mp4,5865,195.6956956956957,29.97,1014,0,auth_label,0.864569902420044,890.7820434570312,574.4971313476562,943.674072265625,856.3038330078125,917.2280578613281,715.4004821777344,52.89202880859375,281.80670166015625
IMG_0029.mp4,5865,195.6956956956957,29.97,944,0,auth_label,0.9371679425239563,952.9890747070312,550.309814453125,1058.8865966796875,868.7374267578125,1005.9378356933594,709.5236206054688,105.89752197265625,318.4276123046875
IMG_0029.mp4,5865,195.6956956956957,29.97,955,2,traffic_signs,0.9365035891532898,672.4957275390625,239.9824981689453,726.0823364257812,336.20111083984375,699.2890319824219,288.09180450439453,53.58660888671875,96.21861267089844
IMG_0029.mp4,5865,195.6956956956957,29.97,1031,2,traffic_signs,0.864222526550293,1370.3104248046875,760.8468627929688,1395.349365234375,833.4342651367188,1382.8298950195312,797.1405639648438,25.0389404296875,72.58740234375
IMG_0029.mp4,5865,195.6956956956957,29.97,1003,2,traffic_signs,0.5953363180160522,1357.3170166015625,728.3555908203125,1367.924560546875,751.1959838867188,1362.6207885742188,739.7757873535156,10.6075439453125,22.84039306640625
IMG_0029.mp4,5865,195.6956956956957,29.97,997,2,traffic_signs,0.6315015554428101,924.3045043945312,738.8109741210938,936.65966796875,767.7420043945312,930.4820861816406,753.2764892578125,12.35516357421875,28.9310302734375
IMG_0029.mp4,5866,195.72906239572907,29.97,947,2,traffic_signs,0.9284284114837646,808.7025756835938,380.7810974121094,919.218505859375,519.22314453125,863.9605407714844,450.0021209716797,110.51593017578125,138.44204711914062
IMG_0029.mp4,5866,195.72906239572907,29.97,965,2,traffic_signs,0.7325389385223389,1291.4425048828125,701.8018188476562,1305.6370849609375,738.9850463867188,1298.539794921875,720.3934326171875,14.194580078125,37.1832275390625
IMG_0029.mp4,5866,195.72906239572907,29.97,998,2,traffic_signs,0.8573617935180664,1473.1405029296875,725.3214111328125,1496.3343505859375,750.6710205078125,1484.7374267578125,737.9962158203125,23.19384765625,25.349609375
IMG_0029.mp4,5866,195.72906239572907,29.97,995,2,traffic_signs,0.8708164691925049,1124.2869873046875,731.3412475585938,1142.03076171875,769.486572265625,1133.1588745117188,750.4139099121094,17.7437744140625,38.14532470703125
IMG_0029.mp4,5866,195.72906239572907,29.97,942,1,traffic_lights,0.830279529094696,584.1814575195312,319.0551452636719,681.2447509765625,486.7804870605469,632.7131042480469,402.9178161621094,97.06329345703125,167.725341796875
IMG_0029.mp4,5866,195.72906239572907,29.97,957,0,auth_label,0.8344771862030029,829.3780517578125,590.3585815429688,862.6862182617188,867.0497436523438,846.0321350097656,728.7041625976562,33.30816650390625,276.691162109375
IMG_0029.mp4,5866,195.72906239572907,29.97,1014,0,auth_label,0.9209854602813721,876.5205688476562,573.9453735351562,932.1165771484375,855.549560546875,904.3185729980469,714.7474670410156,55.59600830078125,281.60418701171875
IMG_0029.mp4,5866,195.72906239572907,29.97,944,0,auth_label,0.9245461821556091,942.3211059570312,551.1641845703125,1051.5040283203125,867.8092041015625,996.9125671386719,709.4866943359375,109.18292236328125,316.64501953125
IMG_0029.mp4,5866,195.72906239572907,29.97,955,2,traffic_signs,0.9450184106826782,655.3733520507812,228.61068725585938,709.0955810546875,326.95062255859375,682.2344665527344,277.78065490722656,53.72222900390625,98.33993530273438
IMG_0029.mp4,5866,195.72906239572907,29.97,1031,2,traffic_signs,0.8749982118606567,1363.435546875,761.0513305664062,1387.8597412109375,833.0095825195312,1375.6476440429688,797.0304565429688,24.4241943359375,71.958251953125
IMG_0029.mp4,5866,195.72906239572907,29.97,1003,2,traffic_signs,0.4488157033920288,1350.2459716796875,727.3206176757812,1361.0687255859375,750.8873901367188,1355.6573486328125,739.10400390625,10.82275390625,23.5667724609375
IMG_0029.mp4,5866,195.72906239572907,29.97,1036,2,traffic_signs,0.7901357412338257,884.71142578125,744.2190551757812,896.0634155273438,776.4102172851562,890.3874206542969,760.3146362304688,11.35198974609375,32.191162109375
IMG_0029.mp4,5866,195.72906239572907,29.97,872,1,traffic_lights,0.5549741387367249,21.62424659729004,429.18377685546875,75.49795532226562,490.6134338378906,48.56110095977783,459.8986053466797,53.873708724975586,61.429656982421875
IMG_0029.mp4,5867,195.76242909576243,29.97,947,2,traffic_signs,0.878302812576294,793.6265869140625,373.40966796875,905.990966796875,514.5218505859375,849.8087768554688,443.96575927734375,112.3643798828125,141.1121826171875
IMG_0029.mp4,5867,195.76242909576243,29.97,965,2,traffic_signs,0.7455118298530579,1283.736083984375,701.4276733398438,1298.934326171875,738.059326171875,1291.335205078125,719.7434997558594,15.1982421875,36.63165283203125
IMG_0029.mp4,5867,195.76242909576243,29.97,998,2,traffic_signs,0.864841878414154,1465.140869140625,725.73779296875,1488.14990234375,750.9470825195312,1476.6453857421875,738.3424377441406,23.009033203125,25.20928955078125
IMG_0029.mp4,5867,195.76242909576243,29.97,995,2,traffic_signs,0.842691957950592,1117.1300048828125,730.4818115234375,1135.9769287109375,769.97216796875,1126.553466796875,750.2269897460938,18.846923828125,39.4903564453125
IMG_0029.mp4,5867,195.76242909576243,29.97,942,1,traffic_lights,0.598453164100647,561.7249755859375,309.4156494140625,662.163818359375,479.2611999511719,611.9443969726562,394.3384246826172,100.4388427734375,169.84555053710938
IMG_0029.mp4,5867,195.76242909576243,29.97,957,0,auth_label,0.7398813962936401,821.2360229492188,594.6611328125,850.1123657226562,865.6246337890625,835.6741943359375,730.1428833007812,28.8763427734375,270.9635009765625
IMG_0029.mp4,5867,195.76242909576243,29.97,1014,0,auth_label,0.8824996948242188,862.4246215820312,576.428466796875,920.0326538085938,853.9550170898438,891.2286376953125,715.1917419433594,57.6080322265625,277.52655029296875
IMG_0029.mp4,5867,195.76242909576243,29.97,944,0,auth_label,0.942520022392273,929.9354248046875,549.1754760742188,1043.6710205078125,867.6620483398438,986.80322265625,708.4187622070312,113.735595703125,318.486572265625
IMG_0029.mp4,5867,195.76242909576243,29.97,955,2,traffic_signs,0.8918654322624207,637.2813110351562,217.8257598876953,691.8203735351562,317.2987976074219,664.5508422851562,267.5622787475586,54.5390625,99.47303771972656
IMG_0029.mp4,5867,195.76242909576243,29.97,1031,2,traffic_signs,0.8249825835227966,1356.275390625,761.00341796875,1380.0831298828125,833.7120971679688,1368.1792602539062,797.3577575683594,23.8077392578125,72.70867919921875
IMG_0029.mp4,5867,195.76242909576243,29.97,1003,2,traffic_signs,0.2632070481777191,1342.7552490234375,727.51904296875,1352.98486328125,750.9949340820312,1347.8700561523438,739.2569885253906,10.2296142578125,23.47589111328125
IMG_0029.mp4,5867,195.76242909576243,29.97,1062,2,traffic_signs,0.500401496887207,1192.8258056640625,766.122314453125,1200.315673828125,777.826416015625,1196.5707397460938,771.974365234375,7.4898681640625,11.7041015625
IMG_0029.mp4,5867,195.76242909576243,29.97,1036,2,traffic_signs,0.6507011651992798,877.0443115234375,743.6470947265625,889.37548828125,776.45263671875,883.2098999023438,760.0498657226562,12.3311767578125,32.8055419921875
IMG_0029.mp4,5867,195.76242909576243,29.97,872,1,traffic_lights,0.4722249507904053,3.6053194999694824,424.11279296875,58.04358673095703,485.86077880859375,30.824453115463257,454.9867858886719,54.43826723098755,61.74798583984375
IMG_0029.mp4,5868,195.7957957957958,29.97,947,2,traffic_signs,0.9488569498062134,778.4005126953125,365.25079345703125,891.8710327148438,508.37847900390625,835.1357727050781,436.81463623046875,113.47052001953125,143.127685546875
IMG_0029.mp4,5868,195.7957957957958,29.97,965,2,traffic_signs,0.7351470589637756,1277.5191650390625,701.4786987304688,1292.23974609375,738.9266967773438,1284.8794555664062,720.2026977539062,14.7205810546875,37.447998046875
IMG_0029.mp4,5868,195.7957957957958,29.97,998,2,traffic_signs,0.8486063480377197,1458.43359375,725.9571533203125,1481.061767578125,750.8909301757812,1469.7476806640625,738.4240417480469,22.628173828125,24.93377685546875
IMG_0029.mp4,5868,195.7957957957958,29.97,995,2,traffic_signs,0.8511174917221069,1110.4422607421875,729.2369384765625,1128.7235107421875,769.9219970703125,1119.5828857421875,749.5794677734375,18.28125,40.68505859375
IMG_0029.mp4,5868,195.7957957957958,29.97,942,1,traffic_lights,0.9365214705467224,536.3512573242188,295.5823059082031,640.6549682617188,472.0990295410156,588.5031127929688,383.8406677246094,104.3037109375,176.5167236328125
IMG_0029.mp4,5868,195.7957957957958,29.97,1014,0,auth_label,0.9350766539573669,844.2386474609375,572.1181030273438,907.3131103515625,862.1943359375,875.77587890625,717.1562194824219,63.074462890625,290.07623291015625
IMG_0029.mp4,5868,195.7957957957958,29.97,944,0,auth_label,0.9343363046646118,919.461181640625,548.1729736328125,1035.2213134765625,866.9381103515625,977.3412475585938,707.5555419921875,115.7601318359375,318.76513671875
IMG_0029.mp4,5868,195.7957957957958,29.97,955,2,traffic_signs,0.9289124608039856,617.525390625,204.44200134277344,673.1317749023438,305.7489929199219,645.3285827636719,255.09549713134766,55.60638427734375,101.30699157714844
IMG_0029.mp4,5868,195.7957957957958,29.97,1031,2,traffic_signs,0.8264579772949219,1349.513671875,761.0381469726562,1373.138671875,835.3319702148438,1361.326171875,798.18505859375,23.625,74.2938232421875
IMG_0029.mp4,5868,195.7957957957958,29.97,1003,2,traffic_signs,0.6710271239280701,1336.071044921875,728.0927124023438,1346.766845703125,751.0772094726562,1341.4189453125,739.5849609375,10.69580078125,22.9844970703125
IMG_0029.mp4,5868,195.7957957957958,29.97,1062,2,traffic_signs,0.5016524791717529,1186.112060546875,766.9234008789062,1194.375244140625,777.7933959960938,1190.24365234375,772.3583984375,8.26318359375,10.8699951171875
IMG_0029.mp4,5868,195.7957957957958,29.97,1036,2,traffic_signs,0.5762441754341125,869.9852294921875,743.2322998046875,882.4542846679688,775.6875,876.2197570800781,759.4598999023438,12.46905517578125,32.4552001953125
IMG_0029.mp4,5869,195.82916249582917,29.97,947,2,traffic_signs,0.9443596601486206,763.4383544921875,356.6837463378906,878.0866088867188,501.883056640625,820.7624816894531,429.2834014892578,114.64825439453125,145.19931030273438
IMG_0029.mp4,5869,195.82916249582917,29.97,965,2,traffic_signs,0.7246413826942444,1271.3428955078125,701.398193359375,1285.418212890625,739.5791015625,1278.3805541992188,720.4886474609375,14.0753173828125,38.180908203125
IMG_0029.mp4,5869,195.82916249582917,29.97,998,2,traffic_signs,0.8358702063560486,1451.5609130859375,726.34814453125,1474.22021484375,750.9871826171875,1462.8905639648438,738.6676635742188,22.6593017578125,24.6390380859375
IMG_0029.mp4,5869,195.82916249582917,29.97,995,2,traffic_signs,0.85307776927948,1103.9747314453125,729.850341796875,1122.955322265625,770.3162841796875,1113.4650268554688,750.0833129882812,18.9805908203125,40.4659423828125
IMG_0029.mp4,5869,195.82916249582917,29.97,942,1,traffic_lights,0.8896016478538513,511.7468566894531,281.4563293457031,618.9669799804688,463.687744140625,565.3569183349609,372.57203674316406,107.22012329101562,182.23141479492188
IMG_0029.mp4,5869,195.82916249582917,29.97,1014,0,auth_label,0.9199042916297913,821.09814453125,570.3613891601562,895.3148803710938,865.1851196289062,858.2065124511719,717.7732543945312,74.21673583984375,294.82373046875
IMG_0029.mp4,5869,195.82916249582917,29.97,944,0,auth_label,0.9361090660095215,907.2874145507812,548.1676635742188,1028.0216064453125,867.0365600585938,967.6545104980469,707.6021118164062,120.73419189453125,318.868896484375
IMG_0029.mp4,5869,195.82916249582917,29.97,955,2,traffic_signs,0.9340386986732483,597.9515991210938,190.8484649658203,654.0205688476562,293.0375671386719,625.986083984375,241.9430160522461,56.0689697265625,102.18910217285156
IMG_0029.mp4,5869,195.82916249582917,29.97,1031,2,traffic_signs,0.7206728458404541,1343.37744140625,760.7930297851562,1367.8223876953125,834.42236328125,1355.5999145507812,797.6076965332031,24.4449462890625,73.62933349609375
IMG_0029.mp4,5869,195.82916249582917,29.97,1003,2,traffic_signs,0.6946411728858948,1329.542236328125,729.0056762695312,1340.12646484375,752.331298828125,1334.8343505859375,740.6684875488281,10.584228515625,23.32562255859375
IMG_0029.mp4,5869,195.82916249582917,29.97,1062,2,traffic_signs,0.44612377882003784,1180.0899658203125,767.0086059570312,1188.2635498046875,777.5822143554688,1184.1767578125,772.29541015625,8.173583984375,10.5736083984375
IMG_0029.mp4,5869,195.82916249582917,29.97,1036,2,traffic_signs,0.7865141034126282,862.819580078125,742.8858642578125,875.4170532226562,776.874267578125,869.1183166503906,759.8800659179688,12.59747314453125,33.9884033203125
IMG_0029.mp4,5869,195.82916249582917,29.97,1038,2,traffic_signs,0.41213494539260864,780.3153686523438,749.4618530273438,794.2083129882812,776.5272216796875,787.2618408203125,762.9945373535156,13.8929443359375,27.06536865234375
IMG_0029.mp4,5870,195.86252919586255,29.97,947,2,traffic_signs,0.9389182329177856,747.6369018554688,348.8339538574219,864.3968505859375,495.7738342285156,806.0168762207031,422.30389404296875,116.75994873046875,146.93988037109375
IMG_0029.mp4,5870,195.86252919586255,29.97,965,2,traffic_signs,0.7268430590629578,1263.45361328125,701.3447875976562,1277.57177734375,739.74755859375,1270.5126953125,720.5461730957031,14.1181640625,38.40277099609375
IMG_0029.mp4,5870,195.86252919586255,29.97,998,2,traffic_signs,0.8602907061576843,1443.7144775390625,726.9520263671875,1466.1773681640625,751.3693237304688,1454.9459228515625,739.1606750488281,22.462890625,24.41729736328125
IMG_0029.mp4,5870,195.86252919586255,29.97,995,2,traffic_signs,0.8629544973373413,1097.291259765625,729.7720947265625,1116.0809326171875,770.5447387695312,1106.6860961914062,750.1584167480469,18.7896728515625,40.77264404296875
IMG_0029.mp4,5870,195.86252919586255,29.97,942,1,traffic_lights,0.5112721920013428,485.30767822265625,268.234619140625,597.5211791992188,456.3062438964844,541.4144287109375,362.2704315185547,112.2135009765625,188.07162475585938
IMG_0029.mp4,5870,195.86252919586255,29.97,1014,0,auth_label,0.9348716735839844,802.443115234375,569.10595703125,882.3548583984375,867.7257690429688,842.3989868164062,718.4158630371094,79.9117431640625,298.61981201171875
IMG_0029.mp4,5870,195.86252919586255,29.97,944,0,auth_label,0.8793795108795166,894.8450317382812,544.7808837890625,1020.018798828125,868.5256958007812,957.4319152832031,706.6532897949219,125.17376708984375,323.74481201171875
IMG_0029.mp4,5870,195.86252919586255,29.97,955,2,traffic_signs,0.9387409687042236,578.8673706054688,177.56597900390625,636.4730834960938,281.9017333984375,607.6702270507812,229.73385620117188,57.605712890625,104.33575439453125
IMG_0029.mp4,5870,195.86252919586255,29.97,1031,2,traffic_signs,0.8530808687210083,1336.02587890625,761.2811889648438,1359.5751953125,835.7105102539062,1347.800537109375,798.495849609375,23.54931640625,74.4293212890625
IMG_0029.mp4,5870,195.86252919586255,29.97,1003,2,traffic_signs,0.6524356603622437,1322.67822265625,730.0789184570312,1333.2147216796875,752.357421875,1327.9464721679688,741.2181701660156,10.5364990234375,22.27850341796875
IMG_0029.mp4,5870,195.86252919586255,29.97,1062,2,traffic_signs,0.5313621163368225,1173.362548828125,766.9663696289062,1180.9305419921875,777.8104248046875,1177.1465454101562,772.3883972167969,7.5679931640625,10.84405517578125
IMG_0029.mp4,5870,195.86252919586255,29.97,1036,2,traffic_signs,0.5586138963699341,856.2899169921875,742.9072875976562,868.70947265625,775.668212890625,862.4996948242188,759.2877502441406,12.4195556640625,32.76092529296875
IMG_0029.mp4,5870,195.86252919586255,29.97,1038,2,traffic_signs,0.400126576423645,772.22216796875,748.1385498046875,785.013671875,776.866943359375,778.617919921875,762.5027465820312,12.79150390625,28.7283935546875
IMG_0029.mp4,5871,195.8958958958959,29.97,947,2,traffic_signs,0.9384297728538513,732.46044921875,340.1292724609375,850.5849609375,490.30523681640625,791.522705078125,415.2172546386719,118.12451171875,150.17596435546875
IMG_0029.mp4,5871,195.8958958958959,29.97,965,2,traffic_signs,0.7699549198150635,1257.0836181640625,701.6143798828125,1271.2965087890625,739.1902465820312,1264.1900634765625,720.4023132324219,14.212890625,37.57586669921875
IMG_0029.mp4,5871,195.8958958958959,29.97,998,2,traffic_signs,0.859101414680481,1436.1219482421875,727.2179565429688,1458.495361328125,751.8330078125,1447.3086547851562,739.5254821777344,22.3734130859375,24.61505126953125
IMG_0029.mp4,5871,195.8958958958959,29.97,995,2,traffic_signs,0.8622249364852905,1090.9407958984375,731.3157958984375,1110.7978515625,770.6400146484375,1100.8693237304688,750.9779052734375,19.8570556640625,39.32421875
IMG_0029.mp4,5871,195.8958958958959,29.97,1014,0,auth_label,0.9283837080001831,787.8646850585938,568.2982788085938,870.3621826171875,866.5709838867188,829.1134338378906,717.4346313476562,82.49749755859375,298.272705078125
IMG_0029.mp4,5871,195.8958958958959,29.97,944,0,auth_label,0.3359367251396179,881.8162231445312,544.6561279296875,1013.0654296875,868.7703247070312,947.4408264160156,706.7132263183594,131.24920654296875,324.11419677734375
IMG_0029.mp4,5871,195.8958958958959,29.97,955,2,traffic_signs,0.9061605334281921,559.21142578125,164.73202514648438,616.9861450195312,272.9073181152344,588.0987854003906,218.81967163085938,57.77471923828125,108.17529296875
IMG_0029.mp4,5871,195.8958958958959,29.97,1031,2,traffic_signs,0.8515699505805969,1328.509521484375,761.6896362304688,1352.2603759765625,834.8963012695312,1340.3849487304688,798.29296875,23.7508544921875,73.2066650390625
IMG_0029.mp4,5871,195.8958958958959,29.97,1003,2,traffic_signs,0.4088909924030304,1315.6693115234375,730.0213012695312,1325.89501953125,753.2338256835938,1320.7821655273438,741.6275634765625,10.2257080078125,23.2125244140625
IMG_0029.mp4,5871,195.8958958958959,29.97,1062,2,traffic_signs,0.49169501662254333,1167.6552734375,767.2909545898438,1174.8721923828125,779.2198486328125,1171.2637329101562,773.2554016113281,7.2169189453125,11.92889404296875
IMG_0029.mp4,5871,195.8958958958959,29.97,1036,2,traffic_signs,0.8039349913597107,850.2233276367188,743.491943359375,862.0526733398438,775.2482299804688,856.1380004882812,759.3700866699219,11.829345703125,31.75628662109375
IMG_0029.mp4,5872,195.92926259592926,29.97,947,2,traffic_signs,0.9590468406677246,714.9397583007812,329.517822265625,834.9537353515625,481.9525451660156,774.9467468261719,405.7351837158203,120.01397705078125,152.43472290039062
IMG_0029.mp4,5872,195.92926259592926,29.97,965,2,traffic_signs,0.7177015542984009,1250.3223876953125,701.6556396484375,1264.8067626953125,739.021240234375,1257.5645751953125,720.3384399414062,14.484375,37.3656005859375
IMG_0029.mp4,5872,195.92926259592926,29.97,998,2,traffic_signs,0.8216484785079956,1429.63134765625,727.1882934570312,1452.2855224609375,752.0910034179688,1440.9584350585938,739.6396484375,22.6541748046875,24.9027099609375
IMG_0029.mp4,5872,195.92926259592926,29.97,995,2,traffic_signs,0.8682593703269958,1083.9906005859375,731.1781616210938,1103.8544921875,771.670654296875,1093.9225463867188,751.4244079589844,19.8638916015625,40.49249267578125
IMG_0029.mp4,5872,195.92926259592926,29.97,1014,0,auth_label,0.9425557851791382,776.483642578125,570.329833984375,856.93310546875,869.698486328125,816.7083740234375,720.01416015625,80.449462890625,299.36865234375
IMG_0029.mp4,5872,195.92926259592926,29.97,955,2,traffic_signs,0.8532212972640991,536.4657592773438,149.00503540039062,596.662353515625,259.8887939453125,566.5640563964844,204.44691467285156,60.19659423828125,110.88375854492188
IMG_0029.mp4,5872,195.92926259592926,29.97,1031,2,traffic_signs,0.8830413818359375,1322.6929931640625,762.4732666015625,1345.6866455078125,835.1719970703125,1334.1898193359375,798.8226318359375,22.99365234375,72.69873046875
IMG_0029.mp4,5872,195.92926259592926,29.97,1003,2,traffic_signs,0.6789565086364746,1309.2283935546875,729.9535522460938,1319.6484375,753.1644897460938,1314.4384155273438,741.5590209960938,10.4200439453125,23.2109375
IMG_0029.mp4,5872,195.92926259592926,29.97,1062,2,traffic_signs,0.4133695065975189,1161.8856201171875,767.2698364257812,1168.780029296875,779.6181640625,1165.3328247070312,773.4440002441406,6.8944091796875,12.34832763671875
IMG_0029.mp4,5872,195.92926259592926,29.97,1036,2,traffic_signs,0.7369738817214966,841.8901977539062,743.3703002929688,852.3807983398438,774.4092407226562,847.135498046875,758.8897705078125,10.4906005859375,31.0389404296875
IMG_0029.mp4,5872,195.92926259592926,29.97,1064,2,traffic_signs,0.7924590706825256,1053.219482421875,763.5494384765625,1062.5992431640625,778.4964599609375,1057.9093627929688,771.02294921875,9.3797607421875,14.947021484375
IMG_0029.mp4,5872,195.92926259592926,29.97,997,2,traffic_signs,0.8050951957702637,870.4202880859375,738.5279541015625,885.242431640625,767.9263305664062,877.8313598632812,753.2271423339844,14.8221435546875,29.39837646484375
IMG_0029.mp4,5873,195.96262929596264,29.97,947,2,traffic_signs,0.9559242129325867,697.8224487304688,320.1711730957031,820.2195434570312,474.8820495605469,759.02099609375,397.526611328125,122.3970947265625,154.71087646484375
IMG_0029.mp4,5873,195.96262929596264,29.97,965,2,traffic_signs,0.7846754789352417,1242.931884765625,701.3136596679688,1258.04443359375,738.9356079101562,1250.4881591796875,720.1246337890625,15.112548828125,37.6219482421875
IMG_0029.mp4,5873,195.96262929596264,29.97,998,2,traffic_signs,0.8506239056587219,1421.9415283203125,727.3895263671875,1444.9515380859375,752.2147827148438,1433.446533203125,739.8021545410156,23.010009765625,24.82525634765625
IMG_0029.mp4,5873,195.96262929596264,29.97,995,2,traffic_signs,0.8753147721290588,1077.549072265625,732.2736206054688,1097.1319580078125,771.5863647460938,1087.3405151367188,751.9299926757812,19.5828857421875,39.312744140625
IMG_0029.mp4,5873,195.96262929596264,29.97,1014,0,auth_label,0.9403234720230103,764.415283203125,571.3653564453125,844.7586669921875,871.1112670898438,804.5869750976562,721.2383117675781,80.3433837890625,299.74591064453125
IMG_0029.mp4,5873,195.96262929596264,29.97,955,2,traffic_signs,0.8972950577735901,514.4777221679688,133.4590606689453,578.1298217773438,246.9833526611328,546.3037719726562,190.22120666503906,63.652099609375,113.5242919921875
IMG_0029.mp4,5873,195.96262929596264,29.97,1031,2,traffic_signs,0.8862260580062866,1315.236328125,762.1078491210938,1338.546630859375,835.991455078125,1326.8914794921875,799.0496520996094,23.310302734375,73.88360595703125
IMG_0029.mp4,5873,195.96262929596264,29.97,1003,2,traffic_signs,0.4247727692127228,1302.269287109375,729.399169921875,1312.72216796875,752.2958374023438,1307.4957275390625,740.8475036621094,10.452880859375,22.89666748046875
IMG_0029.mp4,5873,195.96262929596264,29.97,1062,2,traffic_signs,0.2684340476989746,1155.0604248046875,767.2750244140625,1162.059326171875,779.7468872070312,1158.5598754882812,773.5109558105469,6.9989013671875,12.47186279296875
IMG_0029.mp4,5873,195.96262929596264,29.97,1064,2,traffic_signs,0.5305674076080322,1047.3087158203125,763.2675170898438,1056.720703125,779.3759155273438,1052.0147094726562,771.3217163085938,9.4119873046875,16.1083984375
IMG_0029.mp4,5873,195.96262929596264,29.97,997,2,traffic_signs,0.836244523525238,863.3988647460938,738.1397705078125,878.66552734375,768.5542602539062,871.0321960449219,753.3470153808594,15.26666259765625,30.41448974609375
IMG_0029.mp4,5873,195.96262929596264,29.97,944,0,auth_label,0.9647913575172424,857.3250732421875,543.2481689453125,997.4906616210938,869.9003295898438,927.4078674316406,706.5742492675781,140.16558837890625,326.65216064453125
IMG_0029.mp4,5874,195.995995995996,29.97,947,2,traffic_signs,0.9602569937705994,680.17626953125,309.6623229980469,804.0599365234375,467.2760925292969,742.1181030273438,388.4692077636719,123.8836669921875,157.61376953125
IMG_0029.mp4,5874,195.995995995996,29.97,965,2,traffic_signs,0.7400703430175781,1236.031005859375,700.6346435546875,1251.1356201171875,739.2163696289062,1243.5833129882812,719.9255065917969,15.1046142578125,38.58172607421875
IMG_0029.mp4,5874,195.995995995996,29.97,998,2,traffic_signs,0.8633280992507935,1414.80419921875,727.9404907226562,1437.6954345703125,752.2362670898438,1426.2498168945312,740.08837890625,22.8912353515625,24.2957763671875
IMG_0029.mp4,5874,195.995995995996,29.97,995,2,traffic_signs,0.6654438376426697,1071.113037109375,731.5534057617188,1090.5125732421875,772.2830810546875,1080.8128051757812,751.9182434082031,19.3995361328125,40.72967529296875
IMG_0029.mp4,5874,195.995995995996,29.97,1014,0,auth_label,0.9465948343276978,757.6356201171875,570.830810546875,831.3306884765625,872.5340576171875,794.483154296875,721.6824340820312,73.695068359375,301.7032470703125
IMG_0029.mp4,5874,195.995995995996,29.97,955,2,traffic_signs,0.7388187050819397,492.1838684082031,117.00755310058594,556.5000610351562,232.89772033691406,524.3419647216797,174.95263671875,64.31619262695312,115.89016723632812
IMG_0029.mp4,5874,195.995995995996,29.97,1031,2,traffic_signs,0.8324393630027771,1308.5992431640625,761.8902587890625,1331.621337890625,835.62744140625,1320.1102905273438,798.7588500976562,23.0220947265625,73.7371826171875
IMG_0029.mp4,5874,195.995995995996,29.97,1003,2,traffic_signs,0.4447917938232422,1295.9700927734375,729.6550903320312,1305.945068359375,751.9947509765625,1300.9575805664062,740.8249206542969,9.9749755859375,22.33966064453125
IMG_0029.mp4,5874,195.995995995996,29.97,1064,2,traffic_signs,0.7724133133888245,1040.62548828125,763.2910766601562,1050.27197265625,780.2399291992188,1045.44873046875,771.7655029296875,9.646484375,16.9488525390625
IMG_0029.mp4,5874,195.995995995996,29.97,997,2,traffic_signs,0.7357438206672668,855.8850708007812,737.234130859375,872.2232055664062,768.2001342773438,864.0541381835938,752.7171325683594,16.338134765625,30.96600341796875
IMG_0029.mp4,5874,195.995995995996,29.97,944,0,auth_label,0.7606397271156311,844.2315063476562,542.9796752929688,990.3861083984375,870.3480834960938,917.3088073730469,706.6638793945312,146.15460205078125,327.368408203125
IMG_0029.mp4,5875,196.02936269602938,29.97,947,2,traffic_signs,0.9570209383964539,662.2055053710938,299.52508544921875,788.0924682617188,459.6282958984375,725.1489868164062,379.5766906738281,125.886962890625,160.10321044921875
IMG_0029.mp4,5875,196.02936269602938,29.97,965,2,traffic_signs,0.7538924217224121,1230.0819091796875,700.8396606445312,1244.518798828125,738.95166015625,1237.3003540039062,719.8956604003906,14.4368896484375,38.11199951171875
IMG_0029.mp4,5875,196.02936269602938,29.97,998,2,traffic_signs,0.8511546850204468,1407.7342529296875,728.365478515625,1430.8673095703125,751.99609375,1419.30078125,740.1807861328125,23.133056640625,23.630615234375
IMG_0029.mp4,5875,196.02936269602938,29.97,995,2,traffic_signs,0.8513772487640381,1064.8935546875,731.964599609375,1084.2706298828125,771.1300659179688,1074.5820922851562,751.5473327636719,19.3770751953125,39.16546630859375
IMG_0029.mp4,5875,196.02936269602938,29.97,1014,0,auth_label,0.9130256175994873,748.5634155273438,568.6513671875,818.567626953125,872.8057250976562,783.5655212402344,720.7285461425781,70.00421142578125,304.15435791015625
IMG_0029.mp4,5875,196.02936269602938,29.97,1003,2,traffic_signs,0.6280158162117004,1289.5064697265625,730.094482421875,1299.7037353515625,751.8855590820312,1294.6051025390625,740.9900207519531,10.197265625,21.79107666015625
IMG_0029.mp4,5875,196.02936269602938,29.97,997,2,traffic_signs,0.812078058719635,849.2005615234375,737.14990234375,864.8582763671875,770.2588500976562,857.0294189453125,753.7043762207031,15.65771484375,33.10894775390625
IMG_0029.mp4,5875,196.02936269602938,29.97,944,0,auth_label,0.9406988620758057,830.9720458984375,541.3298950195312,982.6931762695312,872.90380859375,906.8326110839844,707.1168518066406,151.72113037109375,331.57391357421875
IMG_0029.mp4,5875,196.02936269602938,29.97,1036,2,traffic_signs,0.4305548667907715,824.3883056640625,747.060791015625,834.2578125,774.0814208984375,829.3230590820312,760.5711059570312,9.8695068359375,27.0206298828125
IMG_0029.mp4,5875,196.02936269602938,29.97,1062,2,traffic_signs,0.3181057572364807,1140.9388427734375,767.7484130859375,1148.3076171875,779.4864501953125,1144.6232299804688,773.617431640625,7.3687744140625,11.738037109375
IMG_0029.mp4,5876,196.06272939606274,29.97,947,2,traffic_signs,0.8458473086357117,641.708740234375,286.5268859863281,771.1395263671875,450.8242492675781,706.4241333007812,368.6755676269531,129.4307861328125,164.29736328125
IMG_0029.mp4,5876,196.06272939606274,29.97,965,2,traffic_signs,0.7589728236198425,1224.0390625,700.4191284179688,1238.141845703125,739.2567138671875,1231.0904541015625,719.8379211425781,14.102783203125,38.83758544921875
IMG_0029.mp4,5876,196.06272939606274,29.97,998,2,traffic_signs,0.8622628450393677,1402.160400390625,728.0933837890625,1425.1217041015625,752.177001953125,1413.6410522460938,740.1351928710938,22.9613037109375,24.0836181640625
IMG_0029.mp4,5876,196.06272939606274,29.97,995,2,traffic_signs,0.8538619875907898,1058.2879638671875,731.782470703125,1077.236572265625,772.1299438476562,1067.7622680664062,751.9562072753906,18.9486083984375,40.34747314453125
IMG_0029.mp4,5876,196.06272939606274,29.97,1014,0,auth_label,0.9623181223869324,738.59326171875,570.3782348632812,802.1580200195312,872.176025390625,770.3756408691406,721.2771301269531,63.56475830078125,301.79779052734375
IMG_0029.mp4,5876,196.06272939606274,29.97,1003,2,traffic_signs,0.6506179571151733,1283.67822265625,729.8592529296875,1293.9644775390625,753.0679321289062,1288.8213500976562,741.4635925292969,10.2862548828125,23.20867919921875
IMG_0029.mp4,5876,196.06272939606274,29.97,997,2,traffic_signs,0.7680408954620361,841.1771850585938,736.7713623046875,856.6384887695312,770.9208374023438,848.9078369140625,753.8460998535156,15.4613037109375,34.14947509765625
IMG_0029.mp4,5876,196.06272939606274,29.97,944,0,auth_label,0.9306091666221619,816.38525390625,539.8052978515625,975.5682373046875,870.9410400390625,895.9767456054688,705.3731689453125,159.1829833984375,331.1357421875
IMG_0029.mp4,5876,196.06272939606274,29.97,1036,2,traffic_signs,0.8398489952087402,816.1971435546875,748.310302734375,827.3080444335938,774.54345703125,821.7525939941406,761.4268798828125,11.11090087890625,26.233154296875
IMG_0029.mp4,5876,196.06272939606274,29.97,955,2,traffic_signs,0.6640975475311279,441.3402404785156,81.87571716308594,511.5733337402344,204.63943481445312,476.456787109375,143.25757598876953,70.23309326171875,122.76371765136719
IMG_0029.mp4,5876,196.06272939606274,29.97,1031,2,traffic_signs,0.524717390537262,1296.1988525390625,761.1956787109375,1319.45556640625,834.65283203125,1307.8272094726562,797.9242553710938,23.2567138671875,73.4571533203125
IMG_0029.mp4,5876,196.06272939606274,29.97,1064,2,traffic_signs,0.523747444152832,1029.0164794921875,764.3187255859375,1038.0667724609375,779.083740234375,1033.5416259765625,771.7012329101562,9.05029296875,14.7650146484375
IMG_0029.mp4,5877,196.0960960960961,29.97,947,2,traffic_signs,0.9546416401863098,621.2206420898438,274.3080749511719,752.3994140625,442.9675598144531,686.8100280761719,358.6378173828125,131.17877197265625,168.65948486328125
IMG_0029.mp4,5877,196.0960960960961,29.97,965,2,traffic_signs,0.7744618058204651,1217.406005859375,700.0761108398438,1231.459716796875,739.1909790039062,1224.432861328125,719.633544921875,14.0537109375,39.1148681640625
IMG_0029.mp4,5877,196.0960960960961,29.97,998,2,traffic_signs,0.8301820755004883,1395.44384765625,728.3377075195312,1418.0499267578125,752.4868774414062,1406.7468872070312,740.4122924804688,22.6060791015625,24.149169921875
IMG_0029.mp4,5877,196.0960960960961,29.97,995,2,traffic_signs,0.8782272338867188,1052.2017822265625,732.3234252929688,1071.029541015625,771.4672241210938,1061.6156616210938,751.8953247070312,18.8277587890625,39.143798828125
IMG_0029.mp4,5877,196.0960960960961,29.97,1014,0,auth_label,0.9043876528739929,733.2129516601562,570.6987915039062,789.1720581054688,871.1471557617188,761.1925048828125,720.9229736328125,55.9591064453125,300.4483642578125
IMG_0029.mp4,5877,196.0960960960961,29.97,1003,2,traffic_signs,0.5836917161941528,1277.2137451171875,729.6996459960938,1287.7841796875,752.8114013671875,1282.4989624023438,741.2555236816406,10.5704345703125,23.11175537109375
IMG_0029.mp4,5877,196.0960960960961,29.97,997,2,traffic_signs,0.8118584752082825,833.0407104492188,735.6937866210938,849.4930419921875,769.446044921875,841.2668762207031,752.5699157714844,16.45233154296875,33.75225830078125
IMG_0029.mp4,5877,196.0960960960961,29.97,944,0,auth_label,0.9683347940444946,800.9122314453125,539.1962890625,968.3737182617188,871.454833984375,884.6429748535156,705.3255615234375,167.46148681640625,332.258544921875
IMG_0029.mp4,5877,196.0960960960961,29.97,1036,2,traffic_signs,0.7658438086509705,808.22119140625,746.8680419921875,820.5730590820312,774.0703125,814.3971252441406,760.4691772460938,12.35186767578125,27.2022705078125
IMG_0029.mp4,5877,196.0960960960961,29.97,1031,2,traffic_signs,0.47659990191459656,1289.6387939453125,762.9530639648438,1312.9468994140625,813.333251953125,1301.2928466796875,788.1431579589844,23.30810546875,50.38018798828125
IMG_0029.mp4,5878,196.12946279612947,29.97,947,2,traffic_signs,0.9493212699890137,601.70361328125,262.97369384765625,733.9654541015625,434.5777282714844,667.8345336914062,348.7757110595703,132.2618408203125,171.60403442382812
IMG_0029.mp4,5878,196.12946279612947,29.97,965,2,traffic_signs,0.7846534848213196,1210.67919921875,700.1676025390625,1224.8074951171875,739.1201782226562,1217.7433471679688,719.6438903808594,14.1282958984375,38.95257568359375
IMG_0029.mp4,5878,196.12946279612947,29.97,998,2,traffic_signs,0.8582960367202759,1388.6234130859375,728.7692260742188,1410.8038330078125,752.8018188476562,1399.713623046875,740.7855224609375,22.180419921875,24.0325927734375
IMG_0029.mp4,5878,196.12946279612947,29.97,995,2,traffic_signs,0.8797091245651245,1046.048583984375,732.7626342773438,1065.6533203125,771.5161743164062,1055.8509521484375,752.139404296875,19.604736328125,38.7535400390625
IMG_0029.mp4,5878,196.12946279612947,29.97,1014,0,auth_label,0.6903533935546875,725.7017822265625,574.9994506835938,775.7185668945312,871.3519287109375,750.7101745605469,723.1756896972656,50.01678466796875,296.35247802734375
IMG_0029.mp4,5878,196.12946279612947,29.97,1003,2,traffic_signs,0.5329462289810181,1270.9918212890625,730.2626953125,1280.769287109375,754.6206665039062,1275.8805541992188,742.4416809082031,9.7774658203125,24.35797119140625
IMG_0029.mp4,5878,196.12946279612947,29.97,997,2,traffic_signs,0.5908765196800232,826.5537109375,736.0716552734375,842.7604370117188,771.2650756835938,834.6570739746094,753.6683654785156,16.20672607421875,35.19342041015625
IMG_0029.mp4,5878,196.12946279612947,29.97,944,0,auth_label,0.9687739610671997,787.330322265625,538.439697265625,961.844970703125,872.377685546875,874.587646484375,705.40869140625,174.5146484375,333.93798828125
IMG_0029.mp4,5878,196.12946279612947,29.97,1036,2,traffic_signs,0.8003852963447571,801.953857421875,744.3572387695312,815.164794921875,774.6515502929688,808.559326171875,759.50439453125,13.2109375,30.2943115234375
IMG_0029.mp4,5878,196.12946279612947,29.97,1031,2,traffic_signs,0.7217901349067688,1282.508544921875,762.4989624023438,1306.452880859375,829.7857666015625,1294.480712890625,796.1423645019531,23.9443359375,67.28680419921875
IMG_0029.mp4,5878,196.12946279612947,29.97,1064,2,traffic_signs,0.6825416684150696,1016.8650512695312,765.272705078125,1025.786865234375,779.1242065429688,1021.3259582519531,772.1984558105469,8.92181396484375,13.85150146484375
IMG_0029.mp4,5879,196.16282949616283,29.97,947,2,traffic_signs,0.954676628112793,580.2562866210938,249.75169372558594,714.2667846679688,424.24993896484375,647.2615356445312,337.00081634521484,134.010498046875,174.4982452392578
IMG_0029.mp4,5879,196.16282949616283,29.97,965,2,traffic_signs,0.7444047927856445,1203.9510498046875,700.2754516601562,1218.3460693359375,739.0501098632812,1211.1485595703125,719.6627807617188,14.39501953125,38.774658203125
IMG_0029.mp4,5879,196.16282949616283,29.97,998,2,traffic_signs,0.8397992849349976,1382.053466796875,728.974365234375,1404.2672119140625,753.350341796875,1393.1603393554688,741.162353515625,22.2137451171875,24.3759765625
IMG_0029.mp4,5879,196.16282949616283,29.97,995,2,traffic_signs,0.8837041854858398,1039.914794921875,733.355712890625,1059.659912109375,771.494384765625,1049.787353515625,752.425048828125,19.7451171875,38.138671875
IMG_0029.mp4,5879,196.16282949616283,29.97,1014,0,auth_label,0.724825382232666,713.1593017578125,578.1602783203125,759.301513671875,871.106201171875,736.2304077148438,724.6332397460938,46.1422119140625,292.9459228515625
IMG_0029.mp4,5879,196.16282949616283,29.97,1003,2,traffic_signs,0.5881015658378601,1264.5845947265625,730.6156616210938,1274.437744140625,754.0059204101562,1269.5111694335938,742.310791015625,9.8531494140625,23.3902587890625
IMG_0029.mp4,5879,196.16282949616283,29.97,997,2,traffic_signs,0.631995439529419,819.3099365234375,735.443115234375,835.3900756835938,771.385009765625,827.3500061035156,753.4140625,16.08013916015625,35.94189453125
IMG_0029.mp4,5879,196.16282949616283,29.97,944,0,auth_label,0.9181051254272461,773.1417846679688,535.3563232421875,954.8136596679688,872.8756713867188,863.9777221679688,704.1159973144531,181.671875,337.51934814453125
IMG_0029.mp4,5879,196.16282949616283,29.97,1036,2,traffic_signs,0.8185672760009766,794.7196044921875,742.1674194335938,809.0822143554688,776.0057373046875,801.9009094238281,759.0865783691406,14.36260986328125,33.83831787109375
IMG_0029.mp4,5879,196.16282949616283,29.97,1031,2,traffic_signs,0.7654553651809692,1276.34033203125,763.0231323242188,1299.370849609375,835.446533203125,1287.8555908203125,799.2348327636719,23.030517578125,72.42340087890625
IMG_0029.mp4,5879,196.16282949616283,29.97,1064,2,traffic_signs,0.4550339877605438,1011.3790893554688,765.8272705078125,1020.5947875976562,778.7071533203125,1015.9869384765625,772.2672119140625,9.2156982421875,12.8798828125
IMG_0029.mp4,5880,196.1961961961962,29.97,947,2,traffic_signs,0.9452480673789978,556.339111328125,235.5341796875,693.7588500976562,413.70849609375,625.0489807128906,324.621337890625,137.41973876953125,178.17431640625
IMG_0029.mp4,5880,196.1961961961962,29.97,965,2,traffic_signs,0.7870951294898987,1197.3497314453125,699.6664428710938,1212.2559814453125,739.0567016601562,1204.8028564453125,719.361572265625,14.90625,39.3902587890625
IMG_0029.mp4,5880,196.1961961961962,29.97,998,2,traffic_signs,0.8427296280860901,1376.1475830078125,728.781494140625,1398.482666015625,752.9180297851562,1387.3151245117188,740.8497619628906,22.3350830078125,24.13653564453125
IMG_0029.mp4,5880,196.1961961961962,29.97,995,2,traffic_signs,0.8665727376937866,1033.71142578125,733.0462646484375,1054.3138427734375,772.9906616210938,1044.0126342773438,753.0184631347656,20.6024169921875,39.94439697265625
IMG_0029.mp4,5880,196.1961961961962,29.97,1014,0,auth_label,0.26094764471054077,700.1094360351562,579.1968383789062,747.6513671875,868.5879516601562,723.8804016113281,723.8923950195312,47.54193115234375,289.39111328125
IMG_0029.mp4,5880,196.1961961961962,29.97,1003,2,traffic_signs,0.3850381374359131,1258.159423828125,730.1778564453125,1268.1053466796875,754.12841796875,1263.1323852539062,742.1531372070312,9.9459228515625,23.9505615234375
IMG_0029.mp4,5880,196.1961961961962,29.97,997,2,traffic_signs,0.7043061256408691,811.9513549804688,735.6226806640625,827.7559204101562,769.92822265625,819.8536376953125,752.7754516601562,15.8045654296875,34.3055419921875
IMG_0029.mp4,5880,196.1961961961962,29.97,944,0,auth_label,0.3535005748271942,756.8147583007812,533.3948974609375,946.3017578125,876.283203125,851.5582580566406,704.8390502929688,189.48699951171875,342.8883056640625
IMG_0029.mp4,5880,196.1961961961962,29.97,1036,2,traffic_signs,0.7919482588768005,787.5458374023438,743.3912353515625,801.5708618164062,777.069580078125,794.558349609375,760.2304077148438,14.0250244140625,33.6783447265625
IMG_0029.mp4,5880,196.1961961961962,29.97,1031,2,traffic_signs,0.8648926019668579,1270.4609375,761.9526977539062,1294.0140380859375,836.3834838867188,1282.2374877929688,799.1680908203125,23.5531005859375,74.4307861328125
IMG_0029.mp4,5880,196.1961961961962,29.97,1064,2,traffic_signs,0.3672497868537903,1005.7536010742188,766.173095703125,1014.0858764648438,778.57861328125,1009.9197387695312,772.3758544921875,8.332275390625,12.405517578125
IMG_0029.mp4,5881,196.22956289622957,29.97,947,2,traffic_signs,0.9521411061286926,532.4146728515625,220.44078063964844,672.4536743164062,402.8790283203125,602.4341735839844,311.65990447998047,140.03900146484375,182.43824768066406
IMG_0029.mp4,5881,196.22956289622957,29.97,965,2,traffic_signs,0.8023945093154907,1190.085693359375,699.2194213867188,1205.5810546875,739.2151489257812,1197.8333740234375,719.21728515625,15.495361328125,39.9957275390625
IMG_0029.mp4,5881,196.22956289622957,29.97,998,2,traffic_signs,0.8544236421585083,1368.7967529296875,729.504150390625,1391.8172607421875,753.365966796875,1380.3070068359375,741.43505859375,23.0205078125,23.86181640625
IMG_0029.mp4,5881,196.22956289622957,29.97,995,2,traffic_signs,0.8763440251350403,1027.78076171875,733.33349609375,1047.347412109375,773.0880126953125,1037.5640869140625,753.2107543945312,19.566650390625,39.7545166015625
IMG_0029.mp4,5881,196.22956289622957,29.97,1003,2,traffic_signs,0.3542710542678833,1251.74755859375,730.1520385742188,1262.4964599609375,753.7830200195312,1257.1220092773438,741.967529296875,10.7489013671875,23.6309814453125
IMG_0029.mp4,5881,196.22956289622957,29.97,997,2,traffic_signs,0.5084277987480164,804.606689453125,734.9660034179688,820.2665405273438,769.764892578125,812.4366149902344,752.3654479980469,15.65985107421875,34.79888916015625
IMG_0029.mp4,5881,196.22956289622957,29.97,944,0,auth_label,0.9696836471557617,739.9036254882812,533.1148681640625,938.2510375976562,875.2732543945312,839.0773315429688,704.1940612792969,198.347412109375,342.15838623046875
IMG_0029.mp4,5881,196.22956289622957,29.97,1036,2,traffic_signs,0.5343572497367859,780.80908203125,743.4483642578125,795.2239990234375,776.6790771484375,788.0165405273438,760.063720703125,14.4149169921875,33.230712890625
IMG_0029.mp4,5881,196.22956289622957,29.97,1031,2,traffic_signs,0.8714982271194458,1263.5587158203125,762.5360107421875,1286.3370361328125,837.6726684570312,1274.9478759765625,800.1043395996094,22.7783203125,75.13665771484375
IMG_0029.mp4,5881,196.22956289622957,29.97,1073,2,traffic_signs,0.7478562593460083,755.758056640625,747.3687744140625,768.3548583984375,779.3827514648438,762.0564575195312,763.3757629394531,12.5968017578125,32.01397705078125
IMG_0029.mp4,5882,196.26292959626295,29.97,947,2,traffic_signs,0.9387115240097046,506.6399230957031,204.55213928222656,650.005126953125,392.6139221191406,578.3225250244141,298.5830307006836,143.36520385742188,188.06178283691406
IMG_0029.mp4,5882,196.26292959626295,29.97,965,2,traffic_signs,0.7922524213790894,1184.0892333984375,699.1314697265625,1199.24267578125,739.4003295898438,1191.6659545898438,719.2658996582031,15.1534423828125,40.26885986328125
IMG_0029.mp4,5882,196.26292959626295,29.97,998,2,traffic_signs,0.8653598427772522,1362.636474609375,729.7179565429688,1385.5025634765625,752.7304077148438,1374.0695190429688,741.2241821289062,22.8660888671875,23.012451171875
IMG_0029.mp4,5882,196.26292959626295,29.97,995,2,traffic_signs,0.8676131367683411,1021.4300537109375,732.2973022460938,1041.811767578125,773.0176391601562,1031.6209106445312,752.657470703125,20.3817138671875,40.7203369140625
IMG_0029.mp4,5882,196.26292959626295,29.97,997,2,traffic_signs,0.7518574595451355,797.0480346679688,734.7384643554688,812.718505859375,769.167724609375,804.8832702636719,751.9530944824219,15.67047119140625,34.42926025390625
IMG_0029.mp4,5882,196.26292959626295,29.97,944,0,auth_label,0.9737843871116638,716.8548583984375,531.030029296875,931.759033203125,875.12255859375,824.3069458007812,703.0762939453125,214.9041748046875,344.092529296875
IMG_0029.mp4,5882,196.26292959626295,29.97,1036,2,traffic_signs,0.6304507851600647,773.7425537109375,743.77099609375,788.2139282226562,776.0475463867188,780.9782409667969,759.9092712402344,14.47137451171875,32.27655029296875
IMG_0029.mp4,5882,196.26292959626295,29.97,1073,2,traffic_signs,0.7386718392372131,747.7982177734375,746.0997924804688,761.1309814453125,778.940185546875,754.464599609375,762.5199890136719,13.332763671875,32.84039306640625
IMG_0029.mp4,5882,196.26292959626295,29.97,1064,2,traffic_signs,0.39425796270370483,993.2876586914062,766.10595703125,1002.2098999023438,780.0009765625,997.748779296875,773.053466796875,8.9222412109375,13.89501953125
IMG_0029.mp4,5883,196.2962962962963,29.97,947,2,traffic_signs,0.9380947351455688,479.456298828125,186.99078369140625,625.798583984375,379.4266662597656,552.62744140625,283.20872497558594,146.34228515625,192.43588256835938
IMG_0029.mp4,5883,196.2962962962963,29.97,965,2,traffic_signs,0.781406819820404,1177.7994384765625,699.8894653320312,1192.7806396484375,739.8274536132812,1185.2900390625,719.8584594726562,14.981201171875,39.93798828125
IMG_0029.mp4,5883,196.2962962962963,29.97,998,2,traffic_signs,0.7651427984237671,1356.5098876953125,730.04931640625,1378.86669921875,753.8603515625,1367.6882934570312,741.954833984375,22.3568115234375,23.81103515625
IMG_0029.mp4,5883,196.2962962962963,29.97,995,2,traffic_signs,0.8624566793441772,1015.5341186523438,732.0973510742188,1035.4205322265625,772.869140625,1025.4773254394531,752.4832458496094,19.88641357421875,40.77178955078125
IMG_0029.mp4,5883,196.2962962962963,29.97,997,2,traffic_signs,0.5487334728240967,789.566650390625,734.1510009765625,805.0639038085938,771.027587890625,797.3152770996094,752.5892944335938,15.49725341796875,36.8765869140625
IMG_0029.mp4,5883,196.2962962962963,29.97,944,0,auth_label,0.9731729626655579,697.0186157226562,530.1600952148438,923.9595336914062,876.61767578125,810.4890747070312,703.3888854980469,226.94091796875,346.45758056640625
IMG_0029.mp4,5883,196.2962962962963,29.97,1036,2,traffic_signs,0.7676926255226135,767.243408203125,743.5429077148438,781.5331420898438,776.2064819335938,774.3882751464844,759.8746948242188,14.28973388671875,32.66357421875
IMG_0029.mp4,5883,196.2962962962963,29.97,1073,2,traffic_signs,0.7381647229194641,741.208740234375,744.995361328125,754.5927124023438,779.8023071289062,747.9007263183594,762.3988342285156,13.38397216796875,34.80694580078125
IMG_0029.mp4,5883,196.2962962962963,29.97,1003,2,traffic_signs,0.637563169002533,1239.8486328125,730.4876098632812,1250.0892333984375,754.0944213867188,1244.9689331054688,742.291015625,10.2406005859375,23.6068115234375
IMG_0029.mp4,5883,196.2962962962963,29.97,1031,2,traffic_signs,0.5432660579681396,1251.1475830078125,763.6134033203125,1274.3780517578125,811.0603637695312,1262.7628173828125,787.3368835449219,23.23046875,47.44696044921875
IMG_0029.mp4,5884,196.32966299632966,29.97,947,2,traffic_signs,0.9311686754226685,449.7431640625,167.2373504638672,599.9000854492188,365.21990966796875,524.8216247558594,266.22863006591797,150.15692138671875,197.98255920410156
IMG_0029.mp4,5884,196.32966299632966,29.97,965,2,traffic_signs,0.8165153861045837,1171.587646484375,699.145751953125,1186.5362548828125,739.11865234375,1179.0619506835938,719.1322021484375,14.9486083984375,39.972900390625
IMG_0029.mp4,5884,196.32966299632966,29.97,998,2,traffic_signs,0.8557396531105042,1350.7913818359375,730.0440673828125,1372.841064453125,754.3169555664062,1361.8162231445312,742.1805114746094,22.0496826171875,24.27288818359375
IMG_0029.mp4,5884,196.32966299632966,29.97,995,2,traffic_signs,0.8678081035614014,1008.9728393554688,732.1998901367188,1030.340576171875,774.2042236328125,1019.6567077636719,753.2020568847656,21.36773681640625,42.00433349609375
IMG_0029.mp4,5884,196.32966299632966,29.97,997,2,traffic_signs,0.6161543726921082,782.4708862304688,734.8763427734375,797.2723999023438,772.2361450195312,789.8716430664062,753.5562438964844,14.801513671875,37.35980224609375
IMG_0029.mp4,5884,196.32966299632966,29.97,944,0,auth_label,0.6603564023971558,678.7794189453125,528.9939575195312,915.3568725585938,876.1517333984375,797.0681457519531,702.5728454589844,236.57745361328125,347.15777587890625
IMG_0029.mp4,5884,196.32966299632966,29.97,1036,2,traffic_signs,0.36480000615119934,759.9782104492188,743.2384643554688,775.0520629882812,776.8595581054688,767.51513671875,760.0490112304688,15.0738525390625,33.62109375
IMG_0029.mp4,5884,196.32966299632966,29.97,1073,2,traffic_signs,0.6999849081039429,733.3422241210938,744.0302734375,747.9349975585938,779.73486328125,740.6386108398438,761.882568359375,14.5927734375,35.70458984375
IMG_0029.mp4,5884,196.32966299632966,29.97,1003,2,traffic_signs,0.5939902067184448,1233.56982421875,730.8438110351562,1243.41748046875,755.1383666992188,1238.49365234375,742.9910888671875,9.84765625,24.2945556640625
IMG_0029.mp4,5884,196.32966299632966,29.97,1031,2,traffic_signs,0.5349162220954895,1245.4447021484375,763.6390991210938,1269.347900390625,806.2421875,1257.3963012695312,784.9406433105469,23.9031982421875,42.60308837890625
IMG_0029.mp4,5884,196.32966299632966,29.97,1064,2,traffic_signs,0.40836143493652344,981.4758911132812,766.5643920898438,990.4583129882812,779.7227783203125,985.9671020507812,773.1435852050781,8.982421875,13.15838623046875
IMG_0029.mp4,5885,196.36302969636304,29.97,947,2,traffic_signs,0.8471753001213074,419.2198791503906,146.6530303955078,572.7240600585938,350.8141174316406,495.9719696044922,248.73357391357422,153.50418090820312,204.1610870361328
IMG_0029.mp4,5885,196.36302969636304,29.97,965,2,traffic_signs,0.8018335700035095,1165.4906005859375,698.4864501953125,1179.969482421875,739.46484375,1172.7300415039062,718.9756469726562,14.4788818359375,40.9783935546875
IMG_0029.mp4,5885,196.36302969636304,29.97,998,2,traffic_signs,0.8541197180747986,1344.287841796875,730.2794799804688,1367.8597412109375,754.1117553710938,1356.0737915039062,742.1956176757812,23.5718994140625,23.832275390625
IMG_0029.mp4,5885,196.36302969636304,29.97,995,2,traffic_signs,0.8824878931045532,1002.9036865234375,732.63818359375,1024.0694580078125,773.5342407226562,1013.486572265625,753.0862121582031,21.165771484375,40.89605712890625
IMG_0029.mp4,5885,196.36302969636304,29.97,997,2,traffic_signs,0.6916185617446899,773.9597778320312,734.138916015625,790.2141723632812,772.719482421875,782.0869750976562,753.42919921875,16.25439453125,38.58056640625
IMG_0029.mp4,5885,196.36302969636304,29.97,944,0,auth_label,0.9703875184059143,665.5,527.4249877929688,907.837890625,876.2197875976562,786.6689453125,701.8223876953125,242.337890625,348.7947998046875
IMG_0029.mp4,5885,196.36302969636304,29.97,1036,2,traffic_signs,0.7552024722099304,752.68994140625,742.4550170898438,767.7747192382812,777.481201171875,760.2323303222656,759.9681091308594,15.08477783203125,35.02618408203125
IMG_0029.mp4,5885,196.36302969636304,29.97,1003,2,traffic_signs,0.6278852820396423,1227.620361328125,730.8270263671875,1237.921875,755.0951538085938,1232.7711181640625,742.9610900878906,10.301513671875,24.26812744140625
IMG_0029.mp4,5885,196.36302969636304,29.97,1031,2,traffic_signs,0.8032260537147522,1238.577880859375,762.5767822265625,1262.4722900390625,828.4253540039062,1250.5250854492188,795.5010681152344,23.8944091796875,65.84857177734375
IMG_0029.mp4,5885,196.36302969636304,29.97,1064,2,traffic_signs,0.5412442684173584,976.1926879882812,766.7990112304688,985.3709106445312,780.0655517578125,980.7817993164062,773.4322814941406,9.17822265625,13.26654052734375
IMG_0029.mp4,5886,196.3963963963964,29.97,947,2,traffic_signs,0.8258282542228699,386.8532409667969,125.53794860839844,544.1199340820312,335.5906066894531,465.48658752441406,230.56427764892578,157.26669311523438,210.0526580810547
IMG_0029.mp4,5886,196.3963963963964,29.97,965,2,traffic_signs,0.7784458994865417,1159.54150390625,698.5393676757812,1173.986083984375,739.1978759765625,1166.7637939453125,718.8686218261719,14.444580078125,40.65850830078125
IMG_0029.mp4,5886,196.3963963963964,29.97,998,2,traffic_signs,0.8449854850769043,1337.9932861328125,730.7847900390625,1362.2735595703125,754.14501953125,1350.1334228515625,742.4649047851562,24.2802734375,23.3602294921875
IMG_0029.mp4,5886,196.3963963963964,29.97,995,2,traffic_signs,0.8801975846290588,996.8099365234375,732.90966796875,1018.4072265625,772.8567504882812,1007.6085815429688,752.8832092285156,21.5972900390625,39.94708251953125
IMG_0029.mp4,5886,196.3963963963964,29.97,944,0,auth_label,0.9686736464500427,649.197021484375,526.2444458007812,899.8419189453125,877.0700073242188,774.5194702148438,701.6572265625,250.6448974609375,350.8255615234375
IMG_0029.mp4,5886,196.3963963963964,29.97,1036,2,traffic_signs,0.58542799949646,745.5559692382812,738.9830932617188,762.8554077148438,776.9465942382812,754.2056884765625,757.96484375,17.2994384765625,37.9635009765625
IMG_0029.mp4,5886,196.3963963963964,29.97,1003,2,traffic_signs,0.3638582229614258,1221.8594970703125,730.7220458984375,1231.5924072265625,755.4234619140625,1226.7259521484375,743.07275390625,9.73291015625,24.701416015625
IMG_0029.mp4,5886,196.3963963963964,29.97,1031,2,traffic_signs,0.5532950162887573,1231.9732666015625,761.6507568359375,1256.5247802734375,835.7646484375,1244.2490234375,798.7077026367188,24.551513671875,74.1138916015625
IMG_0029.mp4,5886,196.3963963963964,29.97,1064,2,traffic_signs,0.6181381940841675,970.323486328125,767.2681274414062,979.48583984375,779.8234252929688,974.9046630859375,773.5457763671875,9.162353515625,12.5552978515625
IMG_0029.mp4,5886,196.3963963963964,29.97,1073,2,traffic_signs,0.5230275392532349,718.8616333007812,743.3932495117188,733.3619384765625,780.7300415039062,726.1117858886719,762.0616455078125,14.50030517578125,37.3367919921875
IMG_0029.mp4,5887,196.42976309642978,29.97,947,2,traffic_signs,0.5691701769828796,348.99676513671875,100.02960205078125,511.82684326171875,316.38958740234375,430.41180419921875,208.2095947265625,162.830078125,216.3599853515625
IMG_0029.mp4,5887,196.42976309642978,29.97,965,2,traffic_signs,0.8006559014320374,1152.885009765625,697.73583984375,1167.410888671875,738.5057373046875,1160.14794921875,718.1207885742188,14.52587890625,40.7698974609375
IMG_0029.mp4,5887,196.42976309642978,29.97,998,2,traffic_signs,0.8471402525901794,1332.6212158203125,729.4794921875,1356.00048828125,753.96435546875,1344.3108520507812,741.721923828125,23.3792724609375,24.48486328125
IMG_0029.mp4,5887,196.42976309642978,29.97,995,2,traffic_signs,0.8716631531715393,990.1256103515625,733.0753784179688,1011.8328247070312,772.6041870117188,1000.9792175292969,752.8397827148438,21.70721435546875,39.52880859375
IMG_0029.mp4,5887,196.42976309642978,29.97,944,0,auth_label,0.9695593118667603,637.953125,524.068603515625,890.8162231445312,878.4869995117188,764.3846740722656,701.2778015136719,252.86309814453125,354.41839599609375
IMG_0029.mp4,5887,196.42976309642978,29.97,1036,2,traffic_signs,0.7087436318397522,736.8849487304688,737.4496459960938,754.75439453125,777.589599609375,745.8196716308594,757.5196228027344,17.86944580078125,40.13995361328125
IMG_0029.mp4,5887,196.42976309642978,29.97,1003,2,traffic_signs,0.5569940805435181,1216.162109375,730.1585083007812,1226.3519287109375,754.14111328125,1221.2570190429688,742.1498107910156,10.1898193359375,23.98260498046875
IMG_0029.mp4,5887,196.42976309642978,29.97,1031,2,traffic_signs,0.840140163898468,1226.7099609375,761.51611328125,1250.32568359375,838.3565673828125,1238.517822265625,799.9363403320312,23.61572265625,76.8404541015625
IMG_0029.mp4,5887,196.42976309642978,29.97,1064,2,traffic_signs,0.656341016292572,964.0956420898438,767.1607666015625,973.3289184570312,779.4609985351562,968.7122802734375,773.3108825683594,9.2332763671875,12.30023193359375
IMG_0029.mp4,5887,196.42976309642978,29.97,1073,2,traffic_signs,0.5810679197311401,709.902099609375,743.8333129882812,725.2987060546875,780.5189208984375,717.6004028320312,762.1761169433594,15.3966064453125,36.68560791015625
IMG_0029.mp4,5887,196.42976309642978,29.97,997,2,traffic_signs,0.2852363884449005,756.965087890625,733.5753173828125,773.6144409179688,774.3380126953125,765.2897644042969,753.9566650390625,16.64935302734375,40.7626953125
IMG_0029.mp4,5888,196.46312979646314,29.97,947,2,traffic_signs,0.513529360294342,314.7562561035156,76.97486877441406,480.9795837402344,295.9022216796875,397.867919921875,186.43854522705078,166.22332763671875,218.92735290527344
IMG_0029.mp4,5888,196.46312979646314,29.97,965,2,traffic_signs,0.8261595964431763,1145.9224853515625,697.476806640625,1161.3612060546875,738.7960815429688,1153.641845703125,718.1364440917969,15.438720703125,41.31927490234375
IMG_0029.mp4,5888,196.46312979646314,29.97,998,2,traffic_signs,0.8022037744522095,1326.0596923828125,730.0162353515625,1348.679931640625,754.7100219726562,1337.3698120117188,742.3631286621094,22.6202392578125,24.69378662109375
IMG_0029.mp4,5888,196.46312979646314,29.97,995,2,traffic_signs,0.8630490303039551,984.3743286132812,733.479248046875,1006.533203125,774.394775390625,995.4537658691406,753.93701171875,22.15887451171875,40.91552734375
IMG_0029.mp4,5888,196.46312979646314,29.97,944,0,auth_label,0.9777249097824097,630.1364135742188,523.7670288085938,884.4581909179688,880.5520629882812,757.2973022460938,702.1595458984375,254.32177734375,356.7850341796875
IMG_0029.mp4,5888,196.46312979646314,29.97,1036,2,traffic_signs,0.6434168219566345,731.7255859375,737.4241943359375,749.8572998046875,777.196533203125,740.7914428710938,757.3103637695312,18.1317138671875,39.7723388671875
IMG_0029.mp4,5888,196.46312979646314,29.97,1003,2,traffic_signs,0.2683360278606415,1209.936279296875,730.6242065429688,1220.256103515625,754.5698852539062,1215.09619140625,742.5970458984375,10.31982421875,23.9456787109375
IMG_0029.mp4,5888,196.46312979646314,29.97,1031,2,traffic_signs,0.4621432423591614,1220.6661376953125,762.4674072265625,1244.675537109375,816.9755249023438,1232.6708374023438,789.7214660644531,24.0093994140625,54.50811767578125
IMG_0029.mp4,5888,196.46312979646314,29.97,1064,2,traffic_signs,0.725840151309967,959.14599609375,767.1793212890625,967.843994140625,779.3765258789062,963.4949951171875,773.2779235839844,8.697998046875,12.19720458984375
IMG_0029.mp4,5888,196.46312979646314,29.97,1073,2,traffic_signs,0.6624271869659424,704.351318359375,744.271240234375,719.2697143554688,780.2437744140625,711.8105163574219,762.2575073242188,14.91839599609375,35.9725341796875
IMG_0029.mp4,5888,196.46312979646314,29.97,997,2,traffic_signs,0.5797359943389893,747.5333862304688,732.5426635742188,766.37890625,775.009521484375,756.9561462402344,753.7760925292969,18.84552001953125,42.46685791015625
IMG_0029.mp4,5889,196.4964964964965,29.97,965,2,traffic_signs,0.8258525729179382,1139.75537109375,696.8304443359375,1155.4654541015625,739.7041625976562,1147.6104125976562,718.2673034667969,15.7100830078125,42.87371826171875
IMG_0029.mp4,5889,196.4964964964965,29.97,998,2,traffic_signs,0.6911002993583679,1319.79736328125,730.3314819335938,1343.2369384765625,754.6768798828125,1331.5171508789062,742.5041809082031,23.4395751953125,24.34539794921875
IMG_0029.mp4,5889,196.4964964964965,29.97,995,2,traffic_signs,0.887124240398407,978.832763671875,733.2500610351562,1000.6260986328125,773.31298828125,989.7294311523438,753.2815246582031,21.7933349609375,40.06292724609375
IMG_0029.mp4,5889,196.4964964964965,29.97,944,0,auth_label,0.9753406047821045,618.6301879882812,521.7106323242188,876.5517578125,879.8333740234375,747.5909729003906,700.7720031738281,257.92156982421875,358.12274169921875
IMG_0029.mp4,5889,196.4964964964965,29.97,1036,2,traffic_signs,0.7659857869148254,725.1953125,734.6995239257812,749.696533203125,777.8411254882812,737.4459228515625,756.2703247070312,24.501220703125,43.1416015625
IMG_0029.mp4,5889,196.4964964964965,29.97,1003,2,traffic_signs,0.29217562079429626,1204.2257080078125,730.8302001953125,1215.0367431640625,753.71875,1209.6312255859375,742.2744750976562,10.81103515625,22.8885498046875
IMG_0029.mp4,5889,196.4964964964965,29.97,1031,2,traffic_signs,0.36957424879074097,1214.2139892578125,763.2020874023438,1238.617919921875,810.9095458984375,1226.4159545898438,787.0558166503906,24.4039306640625,47.70745849609375
IMG_0029.mp4,5889,196.4964964964965,29.97,1064,2,traffic_signs,0.698946475982666,953.9549560546875,766.9982299804688,962.5216674804688,779.8699340820312,958.2383117675781,773.43408203125,8.56671142578125,12.8717041015625
IMG_0029.mp4,5889,196.4964964964965,29.97,1073,2,traffic_signs,0.7500987648963928,697.67822265625,744.7266235351562,712.5690307617188,779.4203491210938,705.1236267089844,762.073486328125,14.89080810546875,34.6937255859375
IMG_0029.mp4,5890,196.52986319652987,29.97,965,2,traffic_signs,0.8288698792457581,1133.7308349609375,696.615234375,1149.7545166015625,739.1824340820312,1141.74267578125,717.8988342285156,16.023681640625,42.56719970703125
IMG_0029.mp4,5890,196.52986319652987,29.97,998,2,traffic_signs,0.8114954829216003,1314.08544921875,730.4700927734375,1337.3619384765625,755.044677734375,1325.7236938476562,742.7573852539062,23.2764892578125,24.5745849609375
IMG_0029.mp4,5890,196.52986319652987,29.97,995,2,traffic_signs,0.8851708769798279,972.8648681640625,732.3510131835938,995.458984375,773.33447265625,984.1619262695312,752.8427429199219,22.5941162109375,40.98345947265625
IMG_0029.mp4,5890,196.52986319652987,29.97,944,0,auth_label,0.9552778601646423,606.7833862304688,519.51025390625,868.908935546875,880.3070678710938,737.8461608886719,699.9086608886719,262.12554931640625,360.79681396484375
IMG_0029.mp4,5890,196.52986319652987,29.97,1036,2,traffic_signs,0.6524187922477722,718.9912109375,735.0866088867188,743.8416748046875,777.0823974609375,731.4164428710938,756.0845031738281,24.8504638671875,41.99578857421875
IMG_0029.mp4,5890,196.52986319652987,29.97,1031,2,traffic_signs,0.45747822523117065,1208.28466796875,763.3133544921875,1232.856689453125,804.1759643554688,1220.5706787109375,783.7446594238281,24.572021484375,40.86260986328125
IMG_0029.mp4,5890,196.52986319652987,29.97,1064,2,traffic_signs,0.7702459692955017,948.2897338867188,766.8780517578125,957.0953369140625,780.1634521484375,952.6925354003906,773.520751953125,8.80560302734375,13.285400390625
IMG_0029.mp4,5890,196.52986319652987,29.97,1073,2,traffic_signs,0.7685917615890503,691.055419921875,745.2953491210938,705.2035522460938,778.8603515625,698.1294860839844,762.0778503417969,14.14813232421875,33.56500244140625
IMG_0029.mp4,5890,196.52986319652987,29.97,997,2,traffic_signs,0.5012376308441162,724.54345703125,732.741943359375,751.2762451171875,776.9692993164062,737.9098510742188,754.8556213378906,26.7327880859375,44.22735595703125
IMG_0029.mp4,5891,196.56322989656323,29.97,965,2,traffic_signs,0.8327436447143555,1127.8408203125,696.3749389648438,1143.3756103515625,738.732666015625,1135.6082153320312,717.5538024902344,15.5347900390625,42.35772705078125
IMG_0029.mp4,5891,196.56322989656323,29.97,998,2,traffic_signs,0.717361569404602,1307.9600830078125,730.4909057617188,1331.0870361328125,754.6824340820312,1319.5235595703125,742.586669921875,23.126953125,24.1915283203125
IMG_0029.mp4,5891,196.56322989656323,29.97,995,2,traffic_signs,0.8843913674354553,966.8502197265625,731.4407958984375,989.9596557617188,772.052001953125,978.4049377441406,751.7463989257812,23.10943603515625,40.6112060546875
IMG_0029.mp4,5891,196.56322989656323,29.97,944,0,auth_label,0.9690019488334656,594.2364501953125,517.071044921875,861.9114990234375,880.9676513671875,728.073974609375,699.0193481445312,267.675048828125,363.8966064453125
IMG_0029.mp4,5891,196.56322989656323,29.97,1036,2,traffic_signs,0.6597289443016052,712.4067993164062,733.5536499023438,739.6715698242188,777.1817016601562,726.0391845703125,755.36767578125,27.2647705078125,43.6280517578125
IMG_0029.mp4,5891,196.56322989656323,29.97,1031,2,traffic_signs,0.6275705695152283,1202.12890625,763.5387573242188,1226.8509521484375,804.3622436523438,1214.4899291992188,783.9505004882812,24.7220458984375,40.823486328125
IMG_0029.mp4,5891,196.56322989656323,29.97,1064,2,traffic_signs,0.6824914813041687,942.72998046875,766.9324340820312,951.4913940429688,780.2633056640625,947.1106872558594,773.5978698730469,8.76141357421875,13.33087158203125
IMG_0029.mp4,5891,196.56322989656323,29.97,1073,2,traffic_signs,0.7234463095664978,684.1577758789062,744.1898803710938,698.4869384765625,778.3588256835938,691.3223571777344,761.2743530273438,14.32916259765625,34.1689453125
IMG_0029.mp4,5891,196.56322989656323,29.97,1003,2,traffic_signs,0.5921093225479126,1192.71630859375,729.7318115234375,1202.8983154296875,753.7139282226562,1197.8073120117188,741.7228698730469,10.1820068359375,23.98211669921875
IMG_0029.mp4,5892,196.5965965965966,29.97,965,2,traffic_signs,0.8567016124725342,1122.1968994140625,695.801025390625,1137.500244140625,737.9855346679688,1129.8485717773438,716.8932800292969,15.3033447265625,42.18450927734375
IMG_0029.mp4,5892,196.5965965965966,29.97,998,2,traffic_signs,0.8153426647186279,1302.1419677734375,730.3306884765625,1324.7889404296875,754.5455322265625,1313.4654541015625,742.4381103515625,22.64697265625,24.21484375
IMG_0029.mp4,5892,196.5965965965966,29.97,995,2,traffic_signs,0.8774868845939636,960.6671142578125,732.0752563476562,984.3562622070312,772.9498291015625,972.5116882324219,752.5125427246094,23.68914794921875,40.87457275390625
IMG_0029.mp4,5892,196.5965965965966,29.97,944,0,auth_label,0.9777784943580627,585.5494384765625,515.0409545898438,854.3738403320312,882.2222900390625,719.9616394042969,698.6316223144531,268.82440185546875,367.18133544921875
IMG_0029.mp4,5892,196.5965965965966,29.97,1036,2,traffic_signs,0.6924054026603699,705.337646484375,733.9725952148438,730.6192626953125,776.6263427734375,717.9784545898438,755.2994689941406,25.2816162109375,42.65374755859375
IMG_0029.mp4,5892,196.5965965965966,29.97,1031,2,traffic_signs,0.4737953841686249,1195.98583984375,763.3171997070312,1222.2471923828125,802.739013671875,1209.1165161132812,783.0281066894531,26.2613525390625,39.42181396484375
IMG_0029.mp4,5892,196.5965965965966,29.97,1064,2,traffic_signs,0.7347718477249146,937.2548217773438,767.1676025390625,946.1292724609375,779.9806518554688,941.6920471191406,773.5741271972656,8.87445068359375,12.81304931640625
IMG_0029.mp4,5892,196.5965965965966,29.97,1073,2,traffic_signs,0.4766674339771271,676.5796508789062,745.1866455078125,691.3114624023438,778.479248046875,683.945556640625,761.8329467773438,14.7318115234375,33.2926025390625
IMG_0029.mp4,5892,196.5965965965966,29.97,1003,2,traffic_signs,0.5521673560142517,1187.8580322265625,730.025390625,1197.791015625,753.9611206054688,1192.8245239257812,741.9932556152344,9.9329833984375,23.93572998046875
IMG_0029.mp4,5893,196.62996329662997,29.97,965,2,traffic_signs,0.8580384850502014,1116.3013916015625,695.4532470703125,1131.266357421875,737.8755493164062,1123.7838745117188,716.6643981933594,14.9649658203125,42.42230224609375
IMG_0029.mp4,5893,196.62996329662997,29.97,998,2,traffic_signs,0.40584465861320496,1295.9664306640625,730.324951171875,1319.5228271484375,754.17626953125,1307.74462890625,742.2506103515625,23.556396484375,23.851318359375
IMG_0029.mp4,5893,196.62996329662997,29.97,995,2,traffic_signs,0.8867934942245483,954.3494873046875,731.9036865234375,979.0703125,771.9684448242188,966.7098999023438,751.9360656738281,24.7208251953125,40.06475830078125
IMG_0029.mp4,5893,196.62996329662997,29.97,944,0,auth_label,0.9796172976493835,575.1597290039062,513.0205078125,845.2588500976562,883.3048706054688,710.2092895507812,698.1626892089844,270.09912109375,370.28436279296875
IMG_0029.mp4,5893,196.62996329662997,29.97,1031,2,traffic_signs,0.7521829009056091,1189.4451904296875,761.7691650390625,1215.5069580078125,828.568115234375,1202.47607421875,795.1686401367188,26.061767578125,66.7989501953125
IMG_0029.mp4,5893,196.62996329662997,29.97,1064,2,traffic_signs,0.5769326090812683,931.248779296875,766.8092041015625,940.4566650390625,780.1679077148438,935.8527221679688,773.4885559082031,9.2078857421875,13.35870361328125
IMG_0029.mp4,5893,196.62996329662997,29.97,1073,2,traffic_signs,0.7267758846282959,668.6235961914062,745.179443359375,683.44970703125,778.502197265625,676.0366516113281,761.8408203125,14.82611083984375,33.32275390625
IMG_0029.mp4,5893,196.62996329662997,29.97,1003,2,traffic_signs,0.5307714343070984,1181.7894287109375,729.191162109375,1192.2630615234375,754.3436279296875,1187.0262451171875,741.7673950195312,10.4736328125,25.1524658203125
IMG_0029.mp4,5893,196.62996329662997,29.97,997,2,traffic_signs,0.7433385252952576,699.4218139648438,732.84228515625,728.3516235351562,777.4015502929688,713.88671875,755.1219177246094,28.9298095703125,44.55926513671875
IMG_0029.mp4,5894,196.66332999666335,29.97,965,2,traffic_signs,0.8468397259712219,1110.7431640625,695.3485107421875,1125.4044189453125,736.471435546875,1118.0737915039062,715.9099731445312,14.6612548828125,41.1229248046875
IMG_0029.mp4,5894,196.66332999666335,29.97,998,2,traffic_signs,0.8513098359107971,1290.899169921875,730.550537109375,1314.427001953125,754.1493530273438,1302.6630859375,742.3499450683594,23.52783203125,23.59881591796875
IMG_0029.mp4,5894,196.66332999666335,29.97,995,2,traffic_signs,0.8980634808540344,948.5642700195312,731.7509155273438,973.1376953125,772.1301879882812,960.8509826660156,751.9405517578125,24.57342529296875,40.3792724609375
IMG_0029.mp4,5894,196.66332999666335,29.97,944,0,auth_label,0.9710384607315063,571.4986572265625,509.71331787109375,838.11767578125,881.7249755859375,704.8081665039062,695.7191467285156,266.6190185546875,372.01165771484375
IMG_0029.mp4,5894,196.66332999666335,29.97,1031,2,traffic_signs,0.3239888846874237,1183.801025390625,761.27392578125,1209.9610595703125,836.306884765625,1196.8810424804688,798.7904052734375,26.1600341796875,75.032958984375
IMG_0029.mp4,5894,196.66332999666335,29.97,1064,2,traffic_signs,0.7784133553504944,926.2869262695312,766.8309326171875,935.2525024414062,779.912353515625,930.7697143554688,773.3716430664062,8.965576171875,13.0814208984375
IMG_0029.mp4,5894,196.66332999666335,29.97,1073,2,traffic_signs,0.5989056825637817,662.896240234375,745.5149536132812,677.2457885742188,777.7787475585938,670.0710144042969,761.6468505859375,14.34954833984375,32.2637939453125
IMG_0029.mp4,5894,196.66332999666335,29.97,1003,2,traffic_signs,0.49381783604621887,1176.5023193359375,728.8486938476562,1186.6163330078125,755.423095703125,1181.559326171875,742.1358947753906,10.114013671875,26.57440185546875
IMG_0029.mp4,5895,196.6966966966967,29.97,965,2,traffic_signs,0.8395209312438965,1104.4503173828125,695.1255493164062,1119.0311279296875,736.8302001953125,1111.74072265625,715.9778747558594,14.580810546875,41.70465087890625
IMG_0029.mp4,5895,196.6966966966967,29.97,998,2,traffic_signs,0.8316802382469177,1285.8021240234375,730.684326171875,1308.7811279296875,754.7326049804688,1297.2916259765625,742.7084655761719,22.97900390625,24.04827880859375
IMG_0029.mp4,5895,196.6966966966967,29.97,995,2,traffic_signs,0.8707118630409241,942.6716918945312,731.1729125976562,967.9862670898438,771.5030517578125,955.3289794921875,751.3379821777344,25.3145751953125,40.33013916015625
IMG_0029.mp4,5895,196.6966966966967,29.97,944,0,auth_label,0.9758978486061096,558.4307861328125,508.7451171875,829.5074462890625,882.7136840820312,693.9691162109375,695.7294006347656,271.07666015625,373.96856689453125
IMG_0029.mp4,5895,196.6966966966967,29.97,1031,2,traffic_signs,0.36943519115448,1177.921142578125,761.326416015625,1203.322265625,840.1939086914062,1190.6217041015625,800.7601623535156,25.401123046875,78.86749267578125
IMG_0029.mp4,5895,196.6966966966967,29.97,1064,2,traffic_signs,0.506435751914978,920.4916381835938,766.8633422851562,929.3101806640625,779.5817260742188,924.9009094238281,773.2225341796875,8.81854248046875,12.7183837890625
IMG_0029.mp4,5895,196.6966966966967,29.97,1073,2,traffic_signs,0.5640480518341064,655.13818359375,745.9835815429688,669.28515625,777.46923828125,662.211669921875,761.7264099121094,14.14697265625,31.48565673828125
IMG_0029.mp4,5895,196.6966966966967,29.97,1003,2,traffic_signs,0.35794955492019653,1170.58056640625,728.9354248046875,1180.818603515625,754.2943725585938,1175.6995849609375,741.6148986816406,10.238037109375,25.35894775390625
IMG_0029.mp4,5895,196.6966966966967,29.97,1091,2,traffic_signs,0.5241018533706665,1501.6378173828125,733.1529541015625,1517.4794921875,752.1504516601562,1509.5586547851562,742.6517028808594,15.8416748046875,18.99749755859375
IMG_0029.mp4,5895,196.6966966966967,29.97,997,2,traffic_signs,0.8420063853263855,684.2518310546875,732.6300048828125,712.8731079101562,776.9303588867188,698.5624694824219,754.7801818847656,28.62127685546875,44.30035400390625
IMG_0029.mp4,5896,196.73006339673006,29.97,965,2,traffic_signs,0.8499590754508972,1098.4583740234375,694.5897827148438,1113.5340576171875,736.8030395507812,1105.9962158203125,715.6964111328125,15.07568359375,42.2132568359375
IMG_0029.mp4,5896,196.73006339673006,29.97,998,2,traffic_signs,0.8438352942466736,1280.0142822265625,730.9111938476562,1303.533203125,754.626220703125,1291.7737426757812,742.7687072753906,23.5189208984375,23.71502685546875
IMG_0029.mp4,5896,196.73006339673006,29.97,995,2,traffic_signs,0.8875661492347717,937.0889892578125,732.1578369140625,962.09228515625,772.3753662109375,949.5906372070312,752.2666015625,25.0032958984375,40.217529296875
IMG_0029.mp4,5896,196.73006339673006,29.97,944,0,auth_label,0.9678304195404053,547.1026000976562,507.3330383300781,821.6417236328125,883.8108520507812,684.3721618652344,695.5719451904297,274.53912353515625,376.4778137207031
IMG_0029.mp4,5896,196.73006339673006,29.97,1031,2,traffic_signs,0.6034259796142578,1172.6868896484375,762.1248168945312,1199.3739013671875,817.5819702148438,1186.0303955078125,789.8533935546875,26.68701171875,55.4571533203125
IMG_0029.mp4,5896,196.73006339673006,29.97,1064,2,traffic_signs,0.739505410194397,915.1755981445312,767.1834716796875,924.0855712890625,779.5208740234375,919.6305847167969,773.3521728515625,8.90997314453125,12.33740234375
IMG_0029.mp4,5896,196.73006339673006,29.97,1073,2,traffic_signs,0.31149157881736755,649.001220703125,745.6552734375,662.9290161132812,777.9464721679688,655.9651184082031,761.8008728027344,13.92779541015625,32.29119873046875
IMG_0029.mp4,5896,196.73006339673006,29.97,1003,2,traffic_signs,0.44843757152557373,1165.0238037109375,729.2780151367188,1175.7391357421875,754.0353393554688,1170.3814697265625,741.6566772460938,10.71533203125,24.75732421875
IMG_0029.mp4,5896,196.73006339673006,29.97,1091,2,traffic_signs,0.42182043194770813,1494.5445556640625,733.2244873046875,1512.3819580078125,752.7328491210938,1503.4632568359375,742.9786682128906,17.83740234375,19.50836181640625
IMG_0029.mp4,5896,196.73006339673006,29.97,997,2,traffic_signs,0.8045856356620789,677.2900390625,732.3864135742188,705.3627319335938,776.4447021484375,691.3263854980469,754.4155578613281,28.07269287109375,44.05828857421875
IMG_0029.mp4,5897,196.76343009676344,29.97,965,2,traffic_signs,0.8566820025444031,1091.890625,694.5340576171875,1107.2679443359375,736.8719482421875,1099.5792846679688,715.7030029296875,15.3773193359375,42.337890625
IMG_0029.mp4,5897,196.76343009676344,29.97,998,2,traffic_signs,0.8481510877609253,1274.2508544921875,731.1412353515625,1298.24462890625,754.7911987304688,1286.2477416992188,742.9662170410156,23.9937744140625,23.64996337890625
IMG_0029.mp4,5897,196.76343009676344,29.97,995,2,traffic_signs,0.8968135118484497,931.1697998046875,733.0623779296875,956.2384643554688,771.6433715820312,943.7041320800781,752.3528747558594,25.06866455078125,38.58099365234375
IMG_0029.mp4,5897,196.76343009676344,29.97,944,0,auth_label,0.978196918964386,536.843505859375,505.48162841796875,814.3524780273438,884.5857543945312,675.5979919433594,695.03369140625,277.50897216796875,379.1041259765625
IMG_0029.mp4,5897,196.76343009676344,29.97,1031,2,traffic_signs,0.70139080286026,1166.529052734375,763.1420288085938,1193.1656494140625,805.776123046875,1179.8473510742188,784.4590759277344,26.6365966796875,42.63409423828125
IMG_0029.mp4,5897,196.76343009676344,29.97,1064,2,traffic_signs,0.6654375195503235,909.1341552734375,766.7960815429688,918.0474853515625,779.5118408203125,913.5908203125,773.1539611816406,8.913330078125,12.71575927734375
IMG_0029.mp4,5897,196.76343009676344,29.97,1091,2,traffic_signs,0.38919925689697266,1488.4649658203125,733.5543212890625,1505.9130859375,752.918701171875,1497.1890258789062,743.2365112304688,17.4481201171875,19.3643798828125
IMG_0029.mp4,5897,196.76343009676344,29.97,997,2,traffic_signs,0.8445237278938293,669.7849731445312,732.3026123046875,695.900390625,775.7420043945312,682.8426818847656,754.0223083496094,26.11541748046875,43.43939208984375
IMG_0029.mp4,5898,196.7967967967968,29.97,965,2,traffic_signs,0.8415541052818298,1086.5709228515625,694.2153930664062,1101.88037109375,734.8750610351562,1094.2256469726562,714.5452270507812,15.3094482421875,40.65966796875
IMG_0029.mp4,5898,196.7967967967968,29.97,998,2,traffic_signs,0.8471857309341431,1269.2666015625,731.09765625,1293.330810546875,754.7222900390625,1281.2987060546875,742.9099731445312,24.064208984375,23.6246337890625
IMG_0029.mp4,5898,196.7967967967968,29.97,995,2,traffic_signs,0.8684667348861694,925.7603149414062,733.2742309570312,950.7252197265625,771.8121948242188,938.2427673339844,752.543212890625,24.96490478515625,38.5379638671875
IMG_0029.mp4,5898,196.7967967967968,29.97,944,0,auth_label,0.9801822900772095,528.8250732421875,503.8288879394531,806.9432983398438,886.0995483398438,667.8841857910156,694.9642181396484,278.11822509765625,382.2706604003906
IMG_0029.mp4,5898,196.7967967967968,29.97,1031,2,traffic_signs,0.7458028793334961,1161.0753173828125,762.810791015625,1188.2196044921875,800.81640625,1174.6474609375,781.8135986328125,27.144287109375,38.005615234375
IMG_0029.mp4,5898,196.7967967967968,29.97,1064,2,traffic_signs,0.7366739511489868,903.8438720703125,767.0863647460938,913.03662109375,780.216552734375,908.4402465820312,773.6514587402344,9.1927490234375,13.13018798828125
IMG_0029.mp4,5898,196.7967967967968,29.97,1091,2,traffic_signs,0.2587595283985138,1482.142822265625,733.6769409179688,1500.54931640625,753.2927856445312,1491.3460693359375,743.48486328125,18.406494140625,19.6158447265625
IMG_0029.mp4,5898,196.7967967967968,29.97,997,2,traffic_signs,0.82894366979599,663.8338623046875,731.9755249023438,689.9995727539062,775.351318359375,676.9167175292969,753.6634216308594,26.16571044921875,43.37579345703125
IMG_0029.mp4,5899,196.83016349683018,29.97,965,2,traffic_signs,0.8328707814216614,1081.00927734375,693.6170043945312,1096.03369140625,734.763427734375,1088.521484375,714.1902160644531,15.0244140625,41.14642333984375
IMG_0029.mp4,5899,196.83016349683018,29.97,998,2,traffic_signs,0.7796878814697266,1263.8985595703125,731.5130615234375,1288.0667724609375,754.70703125,1275.982666015625,743.1100463867188,24.168212890625,23.1939697265625
IMG_0029.mp4,5899,196.83016349683018,29.97,995,2,traffic_signs,0.8922832012176514,919.5426635742188,732.0720825195312,945.5538940429688,771.3075561523438,932.5482788085938,751.6898193359375,26.01123046875,39.2354736328125
IMG_0029.mp4,5899,196.83016349683018,29.97,944,0,auth_label,0.9632408022880554,517.7166137695312,501.81353759765625,798.1797485351562,885.9580078125,657.9481811523438,693.8857727050781,280.463134765625,384.14447021484375
IMG_0029.mp4,5899,196.83016349683018,29.97,1031,2,traffic_signs,0.8385017514228821,1155.6680908203125,763.371337890625,1182.6507568359375,799.7769165039062,1169.159423828125,781.5741271972656,26.982666015625,36.40557861328125
IMG_0029.mp4,5899,196.83016349683018,29.97,1064,2,traffic_signs,0.7427152395248413,898.6180419921875,767.0494995117188,908.944091796875,780.4805297851562,903.7810668945312,773.7650146484375,10.3260498046875,13.4310302734375
IMG_0029.mp4,5899,196.83016349683018,29.97,997,2,traffic_signs,0.7197622060775757,656.7594604492188,731.79345703125,683.119384765625,774.64599609375,669.9394226074219,753.2197265625,26.35992431640625,42.8525390625
IMG_0029.mp4,5899,196.83016349683018,29.97,1095,2,traffic_signs,0.6261592507362366,1009.0631713867188,770.381103515625,1015.02587890625,779.340087890625,1012.0445251464844,774.860595703125,5.96270751953125,8.958984375
IMG_0029.mp4,5900,196.86353019686354,29.97,965,2,traffic_signs,0.8483030796051025,1075.343017578125,692.5383911132812,1090.5943603515625,734.5257568359375,1082.9686889648438,713.5320739746094,15.2513427734375,41.98736572265625
IMG_0029.mp4,5900,196.86353019686354,29.97,998,2,traffic_signs,0.8114375472068787,1259.0726318359375,731.331787109375,1282.4466552734375,754.154052734375,1270.7596435546875,742.742919921875,23.3740234375,22.822265625
IMG_0029.mp4,5900,196.86353019686354,29.97,995,2,traffic_signs,0.8398204445838928,913.8810424804688,731.6973266601562,938.5181274414062,772.5870361328125,926.1995849609375,752.1421813964844,24.6370849609375,40.88970947265625
IMG_0029.mp4,5900,196.86353019686354,29.97,944,0,auth_label,0.9754480123519897,505.91131591796875,499.38970947265625,791.0703125,885.8883666992188,648.4908142089844,692.6390380859375,285.15899658203125,386.4986572265625
IMG_0029.mp4,5900,196.86353019686354,29.97,1031,2,traffic_signs,0.5645423531532288,1150.973876953125,762.885986328125,1177.3751220703125,799.8883056640625,1164.1744995117188,781.3871459960938,26.4012451171875,37.0023193359375
IMG_0029.mp4,5900,196.86353019686354,29.97,1064,2,traffic_signs,0.7580783367156982,893.9962768554688,766.96142578125,903.9078979492188,780.4555053710938,898.9520874023438,773.7084655761719,9.91162109375,13.49407958984375
IMG_0029.mp4,5900,196.86353019686354,29.97,997,2,traffic_signs,0.8607526421546936,650.2474975585938,731.1514892578125,675.7230224609375,776.1151123046875,662.9852600097656,753.63330078125,25.47552490234375,44.963623046875
IMG_0029.mp4,5900,196.86353019686354,29.97,1095,2,traffic_signs,0.4876214265823364,1003.622802734375,770.7538452148438,1009.7706298828125,779.7903442382812,1006.6967163085938,775.2720947265625,6.1478271484375,9.0364990234375
IMG_0029.mp4,5900,196.86353019686354,29.97,1003,2,traffic_signs,0.38496699929237366,1144.6148681640625,730.284912109375,1154.888916015625,753.9827270507812,1149.7518920898438,742.1338195800781,10.2740478515625,23.69781494140625
IMG_0029.mp4,5900,196.86353019686354,29.97,1091,2,traffic_signs,0.3246905505657196,1470.57568359375,733.96533203125,1489.23291015625,753.9046020507812,1479.904296875,743.9349670410156,18.6572265625,19.93927001953125
IMG_0029.mp4,5901,196.8968968968969,29.97,965,2,traffic_signs,0.8708441853523254,1069.670654296875,691.3863525390625,1084.88525390625,734.5341796875,1077.2779541015625,712.9602661132812,15.214599609375,43.1478271484375
IMG_0029.mp4,5901,196.8968968968969,29.97,998,2,traffic_signs,0.8222055435180664,1253.6898193359375,731.345703125,1277.27197265625,754.2163696289062,1265.4808959960938,742.7810363769531,23.5821533203125,22.87066650390625
IMG_0029.mp4,5901,196.8968968968969,29.97,995,2,traffic_signs,0.8556740880012512,908.3331909179688,731.2225341796875,933.1049194335938,771.9984741210938,920.7190551757812,751.6105041503906,24.771728515625,40.77593994140625
IMG_0029.mp4,5901,196.8968968968969,29.97,944,0,auth_label,0.9771362543106079,497.59515380859375,497.1678466796875,784.79052734375,887.1085815429688,641.1928405761719,692.1382141113281,287.19537353515625,389.94073486328125
IMG_0029.mp4,5901,196.8968968968969,29.97,1031,2,traffic_signs,0.7845644950866699,1145.6214599609375,763.12890625,1172.7371826171875,799.4948120117188,1159.1793212890625,781.3118591308594,27.11572265625,36.36590576171875
IMG_0029.mp4,5901,196.8968968968969,29.97,1064,2,traffic_signs,0.7723477482795715,889.1585083007812,767.1250610351562,898.779541015625,779.7594604492188,893.9690246582031,773.4422607421875,9.62103271484375,12.6343994140625
IMG_0029.mp4,5901,196.8968968968969,29.97,997,2,traffic_signs,0.7886717319488525,643.193115234375,730.802490234375,668.235595703125,775.5070190429688,655.71435546875,753.1547546386719,25.04248046875,44.70452880859375
IMG_0029.mp4,5901,196.8968968968969,29.97,1095,2,traffic_signs,0.5776952505111694,998.619384765625,770.691162109375,1005.1317749023438,780.1605834960938,1001.8755798339844,775.4258728027344,6.51239013671875,9.46942138671875
IMG_0029.mp4,5901,196.8968968968969,29.97,1003,2,traffic_signs,0.2807786762714386,1139.32275390625,730.2218017578125,1150.077880859375,754.8186645507812,1144.7003173828125,742.5202331542969,10.755126953125,24.59686279296875
IMG_0029.mp4,5901,196.8968968968969,29.97,1091,2,traffic_signs,0.40430977940559387,1464.756103515625,734.2803344726562,1483.2840576171875,754.1992797851562,1474.0200805664062,744.2398071289062,18.5279541015625,19.9189453125
IMG_0029.mp4,5902,196.93026359693027,29.97,965,2,traffic_signs,0.8370944261550903,1063.935546875,691.63916015625,1079.2879638671875,734.2908325195312,1071.6117553710938,712.9649963378906,15.3524169921875,42.65167236328125
IMG_0029.mp4,5902,196.93026359693027,29.97,998,2,traffic_signs,0.8435525298118591,1248.814453125,731.653564453125,1272.1666259765625,754.3938598632812,1260.4905395507812,743.0237121582031,23.3521728515625,22.74029541015625
IMG_0029.mp4,5902,196.93026359693027,29.97,995,2,traffic_signs,0.8751189708709717,902.2589111328125,730.6245727539062,922.8049926757812,772.24072265625,912.5319519042969,751.4326477050781,20.54608154296875,41.61614990234375
IMG_0029.mp4,5902,196.93026359693027,29.97,944,0,auth_label,0.976554274559021,485.91546630859375,493.8530578613281,776.461181640625,888.9412231445312,631.1883239746094,691.3971405029297,290.54571533203125,395.0881652832031
IMG_0029.mp4,5902,196.93026359693027,29.97,1031,2,traffic_signs,0.7569186091423035,1140.14599609375,762.9356079101562,1166.30419921875,799.9542846679688,1153.22509765625,781.4449462890625,26.158203125,37.0186767578125
IMG_0029.mp4,5902,196.93026359693027,29.97,1064,2,traffic_signs,0.6028497815132141,883.9041748046875,767.3833618164062,892.6973266601562,779.9840087890625,888.3007507324219,773.6836853027344,8.79315185546875,12.60064697265625
IMG_0029.mp4,5902,196.93026359693027,29.97,997,2,traffic_signs,0.6681283116340637,636.0548706054688,729.5458984375,660.7552490234375,776.1055908203125,648.4050598144531,752.8257446289062,24.70037841796875,46.5596923828125
IMG_0029.mp4,5902,196.93026359693027,29.97,1095,2,traffic_signs,0.5478652715682983,994.277587890625,770.411865234375,1000.5645141601562,779.8336791992188,997.4210510253906,775.1227722167969,6.28692626953125,9.42181396484375
IMG_0029.mp4,5902,196.93026359693027,29.97,1003,2,traffic_signs,0.35147321224212646,1134.319580078125,730.0967407226562,1144.8055419921875,755.0260009765625,1139.5625610351562,742.5613708496094,10.4859619140625,24.92926025390625
IMG_0029.mp4,5902,196.93026359693027,29.97,1091,2,traffic_signs,0.7215978503227234,1460.463623046875,734.2489013671875,1478.47705078125,754.7132568359375,1469.4703369140625,744.4810791015625,18.013427734375,20.46435546875
IMG_0029.mp4,5903,196.96363029696363,29.97,965,2,traffic_signs,0.8685367703437805,1058.5443115234375,691.2234497070312,1073.4315185546875,732.0855102539062,1065.9879150390625,711.6544799804688,14.88720703125,40.862060546875
IMG_0029.mp4,5903,196.96363029696363,29.97,998,2,traffic_signs,0.8545608520507812,1243.8743896484375,731.5198364257812,1267.4166259765625,754.3713989257812,1255.6455078125,742.9456176757812,23.542236328125,22.8515625
IMG_0029.mp4,5903,196.96363029696363,29.97,995,2,traffic_signs,0.8859947323799133,896.3414916992188,730.439697265625,921.2137451171875,772.2757568359375,908.7776184082031,751.3577270507812,24.87225341796875,41.8360595703125
IMG_0029.mp4,5903,196.96363029696363,29.97,944,0,auth_label,0.6124117374420166,468.2538757324219,491.1805419921875,768.5618286132812,890.3606567382812,618.4078521728516,690.7705993652344,300.3079528808594,399.18011474609375
IMG_0029.mp4,5903,196.96363029696363,29.97,1031,2,traffic_signs,0.8455695509910583,1134.9344482421875,762.8792724609375,1161.833984375,799.0684814453125,1148.3842163085938,780.973876953125,26.8995361328125,36.189208984375
IMG_0029.mp4,5903,196.96363029696363,29.97,1064,2,traffic_signs,0.7638704776763916,878.341552734375,767.4903564453125,887.3513793945312,780.039306640625,882.8464660644531,773.7648315429688,9.00982666015625,12.5489501953125
IMG_0029.mp4,5903,196.96363029696363,29.97,997,2,traffic_signs,0.8256944417953491,628.9391479492188,728.8618774414062,652.5347900390625,775.9505004882812,640.7369689941406,752.4061889648438,23.59564208984375,47.088623046875
IMG_0029.mp4,5903,196.96363029696363,29.97,1095,2,traffic_signs,0.38493722677230835,988.2554931640625,770.7525634765625,994.479248046875,779.9721069335938,991.3673706054688,775.3623352050781,6.2237548828125,9.21954345703125
IMG_0029.mp4,5903,196.96363029696363,29.97,1003,2,traffic_signs,0.35623547434806824,1128.7071533203125,730.204345703125,1139.2330322265625,755.5610961914062,1133.9700927734375,742.8827209472656,10.52587890625,25.35675048828125
IMG_0029.mp4,5903,196.96363029696363,29.97,1091,2,traffic_signs,0.43460938334465027,1455.3228759765625,734.041259765625,1473.7110595703125,754.6764526367188,1464.5169677734375,744.3588562011719,18.38818359375,20.63519287109375
IMG_0029.mp4,5904,196.996996996997,29.97,965,2,traffic_signs,0.8606954216957092,1052.01806640625,691.2445068359375,1068.41552734375,732.6624145507812,1060.216796875,711.9534606933594,16.3974609375,41.41790771484375
IMG_0029.mp4,5904,196.996996996997,29.97,998,2,traffic_signs,0.8252298831939697,1239.259521484375,731.8064575195312,1262.323974609375,754.5586547851562,1250.791748046875,743.1825561523438,23.064453125,22.752197265625
IMG_0029.mp4,5904,196.996996996997,29.97,995,2,traffic_signs,0.8222000002861023,890.8849487304688,730.7869873046875,916.6643676757812,772.9878540039062,903.774658203125,751.8874206542969,25.7794189453125,42.20086669921875
IMG_0029.mp4,5904,196.996996996997,29.97,944,0,auth_label,0.9434013962745667,456.5319519042969,488.5308837890625,760.919921875,891.6400756835938,608.7259368896484,690.0854797363281,304.3879699707031,403.10919189453125
IMG_0029.mp4,5904,196.996996996997,29.97,1031,2,traffic_signs,0.7746123671531677,1129.921875,763.1484375,1155.7672119140625,800.1844482421875,1142.8445434570312,781.6664428710938,25.8453369140625,37.0360107421875
IMG_0029.mp4,5904,196.996996996997,29.97,1064,2,traffic_signs,0.6170644760131836,873.2754516601562,767.3939819335938,882.2105712890625,779.8834838867188,877.7430114746094,773.6387329101562,8.93511962890625,12.489501953125
IMG_0029.mp4,5904,196.996996996997,29.97,997,2,traffic_signs,0.7610856890678406,621.8153076171875,728.8497314453125,645.02685546875,774.5603637695312,633.4210815429688,751.7050476074219,23.2115478515625,45.71063232421875
IMG_0029.mp4,5904,196.996996996997,29.97,1095,2,traffic_signs,0.5429707169532776,983.3814697265625,770.4645385742188,989.7907104492188,779.7123413085938,986.5860900878906,775.0884399414062,6.40924072265625,9.247802734375
IMG_0029.mp4,5904,196.996996996997,29.97,1091,2,traffic_signs,0.6858233213424683,1449.5548095703125,734.4765014648438,1468.0791015625,754.7762451171875,1458.8169555664062,744.6263732910156,18.5242919921875,20.29974365234375
IMG_0029.mp4,5905,197.03036369703037,29.97,965,2,traffic_signs,0.8749658465385437,1045.97021484375,690.1152954101562,1063.424072265625,732.0090942382812,1054.6971435546875,711.0621948242188,17.453857421875,41.893798828125
IMG_0029.mp4,5905,197.03036369703037,29.97,998,2,traffic_signs,0.8320039510726929,1234.269775390625,731.3203735351562,1256.900146484375,754.5670776367188,1245.5849609375,742.9437255859375,22.63037109375,23.2467041015625
IMG_0029.mp4,5905,197.03036369703037,29.97,995,2,traffic_signs,0.8429275751113892,885.4640502929688,729.89013671875,911.5328979492188,773.0738525390625,898.4984741210938,751.4819946289062,26.06884765625,43.1837158203125
IMG_0029.mp4,5905,197.03036369703037,29.97,944,0,auth_label,0.9689950942993164,444.9591979980469,484.94476318359375,751.8828125,892.5606079101562,598.4210052490234,688.752685546875,306.9236145019531,407.6158447265625
IMG_0029.mp4,5905,197.03036369703037,29.97,1031,2,traffic_signs,0.858648419380188,1124.1956787109375,762.811279296875,1151.6915283203125,799.4380493164062,1137.943603515625,781.1246643066406,27.495849609375,36.62677001953125
IMG_0029.mp4,5905,197.03036369703037,29.97,1064,2,traffic_signs,0.606725811958313,868.2088623046875,766.9588623046875,877.249755859375,779.2933959960938,872.7293090820312,773.1261291503906,9.0408935546875,12.33453369140625
IMG_0029.mp4,5905,197.03036369703037,29.97,997,2,traffic_signs,0.7216574549674988,614.3946533203125,727.4973754882812,636.838134765625,773.3516845703125,625.6163940429688,750.4245300292969,22.4434814453125,45.85430908203125
IMG_0029.mp4,5905,197.03036369703037,29.97,1095,2,traffic_signs,0.45083773136138916,978.5162353515625,770.2017211914062,984.915771484375,779.3016967773438,981.7160034179688,774.751708984375,6.3995361328125,9.0999755859375
IMG_0029.mp4,5905,197.03036369703037,29.97,1003,2,traffic_signs,0.3486666977405548,1117.8985595703125,729.8427124023438,1128.442626953125,751.965087890625,1123.1705932617188,740.9039001464844,10.5440673828125,22.12237548828125
IMG_0029.mp4,5906,197.06373039706375,29.97,965,2,traffic_signs,0.868819534778595,1040.106201171875,688.9716796875,1058.3533935546875,733.267333984375,1049.2297973632812,711.1195068359375,18.2471923828125,44.295654296875
IMG_0029.mp4,5906,197.06373039706375,29.97,998,2,traffic_signs,0.8305351138114929,1229.0128173828125,731.3952026367188,1251.88720703125,754.6937866210938,1240.4500122070312,743.0444946289062,22.8743896484375,23.298583984375
IMG_0029.mp4,5906,197.06373039706375,29.97,995,2,traffic_signs,0.779256284236908,880.3067016601562,729.6673583984375,906.523681640625,771.9535522460938,893.4151916503906,750.8104553222656,26.21697998046875,42.28619384765625
IMG_0029.mp4,5906,197.06373039706375,29.97,944,0,auth_label,0.9727758765220642,437.6810302734375,481.512939453125,743.9629516601562,893.4824829101562,590.8219909667969,687.4977111816406,306.28192138671875,411.96954345703125
IMG_0029.mp4,5906,197.06373039706375,29.97,1031,2,traffic_signs,0.8103947639465332,1118.76416015625,763.1952514648438,1145.4970703125,799.7852172851562,1132.130615234375,781.490234375,26.73291015625,36.5899658203125
IMG_0029.mp4,5906,197.06373039706375,29.97,1064,2,traffic_signs,0.559128999710083,862.9848022460938,766.7942504882812,871.6680908203125,779.1085205078125,867.3264465332031,772.9513854980469,8.68328857421875,12.31427001953125
IMG_0029.mp4,5906,197.06373039706375,29.97,997,2,traffic_signs,0.717377245426178,606.927001953125,726.7346801757812,629.40966796875,771.810791015625,618.1683349609375,749.2727355957031,22.482666015625,45.07611083984375
IMG_0029.mp4,5906,197.06373039706375,29.97,1095,2,traffic_signs,0.6533632874488831,973.234130859375,770.9176635742188,980.4142456054688,779.8187866210938,976.8241882324219,775.3682250976562,7.18011474609375,8.901123046875
IMG_0029.mp4,5906,197.06373039706375,29.97,1091,2,traffic_signs,0.6954004764556885,1439.415771484375,735.27392578125,1457.493408203125,754.560791015625,1448.45458984375,744.9173583984375,18.07763671875,19.286865234375
IMG_0029.mp4,5907,197.0970970970971,29.97,965,2,traffic_signs,0.8676310777664185,1034.231689453125,689.3624267578125,1053.0201416015625,732.9031982421875,1043.6259155273438,711.1328125,18.7884521484375,43.540771484375
IMG_0029.mp4,5907,197.0970970970971,29.97,998,2,traffic_signs,0.8300150632858276,1223.571533203125,731.9087524414062,1246.6539306640625,754.8212280273438,1235.1127319335938,743.364990234375,23.0823974609375,22.9124755859375
IMG_0029.mp4,5907,197.0970970970971,29.97,995,2,traffic_signs,0.8380351662635803,873.9939575195312,729.1803588867188,901.211181640625,772.1585083007812,887.6025695800781,750.66943359375,27.21722412109375,42.9781494140625
IMG_0029.mp4,5907,197.0970970970971,29.97,944,0,auth_label,0.3068627417087555,416.541748046875,478.3896789550781,735.3487548828125,896.3674926757812,575.9452514648438,687.3785858154297,318.8070068359375,417.9778137207031
IMG_0029.mp4,5907,197.0970970970971,29.97,1031,2,traffic_signs,0.5836993455886841,1113.6160888671875,762.7635498046875,1140.623779296875,799.3890380859375,1127.1199340820312,781.0762939453125,27.0076904296875,36.62548828125
IMG_0029.mp4,5907,197.0970970970971,29.97,1064,2,traffic_signs,0.6506463885307312,857.8541259765625,766.7196655273438,866.4935913085938,779.5814819335938,862.1738586425781,773.1505737304688,8.63946533203125,12.86181640625
IMG_0029.mp4,5907,197.0970970970971,29.97,997,2,traffic_signs,0.650131106376648,599.4404907226562,725.8239135742188,621.63623046875,770.2284545898438,610.5383605957031,748.0261840820312,22.19573974609375,44.404541015625
IMG_0029.mp4,5907,197.0970970970971,29.97,1095,2,traffic_signs,0.6279309391975403,968.821533203125,771.1438598632812,976.54443359375,779.8251342773438,972.6829833984375,775.4844970703125,7.722900390625,8.6812744140625
IMG_0029.mp4,5907,197.0970970970971,29.97,1091,2,traffic_signs,0.3710493743419647,1433.14208984375,735.1183471679688,1451.8455810546875,754.3201904296875,1442.4938354492188,744.7192687988281,18.7034912109375,19.20184326171875
IMG_0029.mp4,5908,197.13046379713046,29.97,965,2,traffic_signs,0.8627405166625977,1028.3515625,688.112060546875,1047.546875,733.15673828125,1037.94921875,710.6343994140625,19.1953125,45.044677734375
IMG_0029.mp4,5908,197.13046379713046,29.97,998,2,traffic_signs,0.8479968905448914,1219.023681640625,731.6927490234375,1242.09912109375,754.6041870117188,1230.5614013671875,743.1484680175781,23.075439453125,22.91143798828125
IMG_0029.mp4,5908,197.13046379713046,29.97,995,2,traffic_signs,0.705815315246582,868.7123413085938,729.4356689453125,895.7224731445312,771.06689453125,882.2174072265625,750.2512817382812,27.0101318359375,41.6312255859375
IMG_0029.mp4,5908,197.13046379713046,29.97,944,0,auth_label,0.3178715407848358,396.40716552734375,476.33966064453125,728.3098754882812,897.989990234375,562.3585205078125,687.1648254394531,331.9027099609375,421.65032958984375
IMG_0029.mp4,5908,197.13046379713046,29.97,1031,2,traffic_signs,0.8831816911697388,1108.08251953125,762.9063720703125,1136.177490234375,799.2100219726562,1122.1300048828125,781.0581970214844,28.094970703125,36.30364990234375
IMG_0029.mp4,5908,197.13046379713046,29.97,1064,2,traffic_signs,0.7307891845703125,852.3388061523438,766.826171875,860.9155883789062,779.6071166992188,856.627197265625,773.2166442871094,8.5767822265625,12.78094482421875
IMG_0029.mp4,5908,197.13046379713046,29.97,997,2,traffic_signs,0.44373366236686707,592.186767578125,725.0117797851562,613.1926879882812,772.381591796875,602.6897277832031,748.6966857910156,21.00592041015625,47.36981201171875
IMG_0029.mp4,5908,197.13046379713046,29.97,1095,2,traffic_signs,0.49693089723587036,963.8980102539062,771.4154052734375,971.0308227539062,779.8141479492188,967.4644165039062,775.6147766113281,7.1328125,8.39874267578125
IMG_0029.mp4,5908,197.13046379713046,29.97,1091,2,traffic_signs,0.6913325190544128,1428.214599609375,735.2799072265625,1446.30908203125,754.3665161132812,1437.2618408203125,744.8232116699219,18.094482421875,19.08660888671875
IMG_0029.mp4,5909,197.16383049716384,29.97,965,2,traffic_signs,0.9007301330566406,1022.8139038085938,687.276123046875,1042.2994384765625,732.695068359375,1032.5566711425781,709.985595703125,19.48553466796875,45.4189453125
IMG_0029.mp4,5909,197.16383049716384,29.97,998,2,traffic_signs,0.6580100655555725,1214.490234375,732.2257690429688,1237.363525390625,753.956787109375,1225.9268798828125,743.0912780761719,22.873291015625,21.73101806640625
IMG_0029.mp4,5909,197.16383049716384,29.97,995,2,traffic_signs,0.7636224031448364,862.7285766601562,728.227294921875,885.4880981445312,772.7730712890625,874.1083374023438,750.5001831054688,22.759521484375,44.5457763671875
IMG_0029.mp4,5909,197.16383049716384,29.97,944,0,auth_label,0.9522557854652405,391.7962951660156,473.13494873046875,719.380615234375,898.7374877929688,555.5884552001953,685.9362182617188,327.5843200683594,425.6025390625
IMG_0029.mp4,5909,197.16383049716384,29.97,1031,2,traffic_signs,0.868200957775116,1103.1834716796875,761.9998168945312,1131.3221435546875,798.6543579101562,1117.2528076171875,780.3270874023438,28.138671875,36.654541015625
IMG_0029.mp4,5909,197.16383049716384,29.97,1064,2,traffic_signs,0.5172820091247559,847.9710083007812,766.7338256835938,856.2958374023438,780.4646606445312,852.1334228515625,773.5992431640625,8.3248291015625,13.7308349609375
IMG_0029.mp4,5909,197.16383049716384,29.97,997,2,traffic_signs,0.7097395062446594,583.1541748046875,723.7393798828125,606.255615234375,772.2828369140625,594.7048950195312,748.0111083984375,23.1014404296875,48.54345703125
IMG_0029.mp4,5909,197.16383049716384,29.97,1095,2,traffic_signs,0.5522369146347046,959.389892578125,771.2982788085938,966.30078125,779.4014892578125,962.8453369140625,775.3498840332031,6.910888671875,8.10321044921875
IMG_0029.mp4,5909,197.16383049716384,29.97,1091,2,traffic_signs,0.6426560878753662,1424.0750732421875,735.2887573242188,1441.57421875,754.9209594726562,1432.8246459960938,745.1048583984375,17.4991455078125,19.6322021484375
IMG_0029.mp4,5909,197.16383049716384,29.97,1003,2,traffic_signs,0.3905259966850281,1097.0709228515625,727.8793334960938,1109.0771484375,752.5228271484375,1103.0740356445312,740.2010803222656,12.0062255859375,24.64349365234375
IMG_0029.mp4,5910,197.1971971971972,29.97,965,2,traffic_signs,0.8452423214912415,1017.1685791015625,686.6404418945312,1035.964111328125,732.3930053710938,1026.5663452148438,709.5167236328125,18.7955322265625,45.7525634765625
IMG_0029.mp4,5910,197.1971971971972,29.97,998,2,traffic_signs,0.8148332238197327,1209.6741943359375,731.7477416992188,1232.395263671875,753.8746948242188,1221.0347290039062,742.8112182617188,22.7210693359375,22.126953125
IMG_0029.mp4,5910,197.1971971971972,29.97,995,2,traffic_signs,0.4691314399242401,857.1585693359375,727.8171997070312,875.615234375,772.0738525390625,866.3869018554688,749.9455261230469,18.4566650390625,44.25665283203125
IMG_0029.mp4,5910,197.1971971971972,29.97,944,0,auth_label,0.9602579474449158,382.10784912109375,469.1492004394531,709.2116088867188,898.54150390625,545.6597290039062,683.8453521728516,327.103759765625,429.3923034667969
IMG_0029.mp4,5910,197.1971971971972,29.97,1031,2,traffic_signs,0.8416449427604675,1097.739013671875,762.1406860351562,1126.9912109375,799.369140625,1112.3651123046875,780.7549133300781,29.252197265625,37.22845458984375
IMG_0029.mp4,5910,197.1971971971972,29.97,1064,2,traffic_signs,0.680406391620636,842.6973876953125,766.7265625,850.77001953125,780.8070068359375,846.7337036132812,773.7667846679688,8.0726318359375,14.0804443359375
IMG_0029.mp4,5910,197.1971971971972,29.97,997,2,traffic_signs,0.7576567530632019,574.9185791015625,723.68505859375,598.7162475585938,771.5791625976562,586.8174133300781,747.6321105957031,23.79766845703125,47.89410400390625
IMG_0029.mp4,5910,197.1971971971972,29.97,1095,2,traffic_signs,0.488180011510849,954.2045288085938,771.1682739257812,960.8689575195312,779.9647827148438,957.5367431640625,775.5665283203125,6.6644287109375,8.7965087890625
IMG_0029.mp4,5910,197.1971971971972,29.97,1091,2,traffic_signs,0.5543371438980103,1418.6502685546875,735.36572265625,1434.7947998046875,754.7910766601562,1426.7225341796875,745.0783996582031,16.14453125,19.42535400390625
IMG_0029.mp4,5910,197.1971971971972,29.97,1003,2,traffic_signs,0.25540560483932495,1092.142333984375,728.3080444335938,1104.00439453125,752.1755981445312,1098.0733642578125,740.2418212890625,11.862060546875,23.8675537109375
IMG_0029.mp4,5911,197.23056389723058,29.97,965,2,traffic_signs,0.8548607230186462,1010.5764770507812,685.7025756835938,1030.673828125,732.647705078125,1020.6251525878906,709.1751403808594,20.09735107421875,46.94512939453125
IMG_0029.mp4,5911,197.23056389723058,29.97,998,2,traffic_signs,0.7599544525146484,1204.6162109375,731.5142211914062,1227.8504638671875,754.08251953125,1216.2333374023438,742.7983703613281,23.2342529296875,22.56829833984375
IMG_0029.mp4,5911,197.23056389723058,29.97,995,2,traffic_signs,0.8051722049713135,850.9163208007812,726.5789794921875,869.393798828125,773.4617309570312,860.1550598144531,750.0203552246094,18.47747802734375,46.88275146484375
IMG_0029.mp4,5911,197.23056389723058,29.97,944,0,auth_label,0.4490185081958771,356.6260070800781,464.9717712402344,699.8358764648438,899.3724975585938,528.2309417724609,682.1721343994141,343.2098693847656,434.4007263183594
IMG_0029.mp4,5911,197.23056389723058,29.97,1031,2,traffic_signs,0.33379560708999634,1092.0770263671875,761.0203247070312,1121.2506103515625,800.7711181640625,1106.663818359375,780.8957214355469,29.173583984375,39.75079345703125
IMG_0029.mp4,5911,197.23056389723058,29.97,1064,2,traffic_signs,0.3729664385318756,837.3726196289062,766.6339721679688,844.8236083984375,780.9352416992188,841.0981140136719,773.7846069335938,7.45098876953125,14.30126953125
IMG_0029.mp4,5911,197.23056389723058,29.97,997,2,traffic_signs,0.5530685186386108,572.0107421875,723.5349731445312,591.40625,770.382568359375,581.70849609375,746.9587707519531,19.3955078125,46.84759521484375
IMG_0029.mp4,5911,197.23056389723058,29.97,1095,2,traffic_signs,0.26660454273223877,948.999755859375,771.0714721679688,956.0438232421875,780.082275390625,952.5217895507812,775.5768737792969,7.0440673828125,9.01080322265625
IMG_0029.mp4,5911,197.23056389723058,29.97,1091,2,traffic_signs,0.6178349256515503,1413.8516845703125,735.4010620117188,1429.4024658203125,754.9368286132812,1421.6270751953125,745.1689453125,15.55078125,19.5357666015625
IMG_0029.mp4,5912,197.26393059726394,29.97,965,2,traffic_signs,0.8007028102874756,1004.8253173828125,685.3529663085938,1024.35693359375,733.108154296875,1014.5911254882812,709.2305603027344,19.5316162109375,47.75518798828125
IMG_0029.mp4,5912,197.26393059726394,29.97,998,2,traffic_signs,0.8102901577949524,1199.712646484375,730.9678344726562,1222.47998046875,753.7020263671875,1211.0963134765625,742.3349304199219,22.767333984375,22.73419189453125
IMG_0029.mp4,5912,197.26393059726394,29.97,995,2,traffic_signs,0.803625226020813,845.5303344726562,725.715576171875,862.3310546875,772.6683959960938,853.9306945800781,749.1919860839844,16.80072021484375,46.95281982421875
IMG_0029.mp4,5912,197.26393059726394,29.97,944,0,auth_label,0.5641553401947021,327.93603515625,463.232666015625,692.4431762695312,900.3318481445312,510.1896057128906,681.7822570800781,364.50714111328125,437.09918212890625
IMG_0029.mp4,5912,197.26393059726394,29.97,1031,2,traffic_signs,0.676636815071106,1087.24462890625,761.3630981445312,1116.2767333984375,799.8125610351562,1101.7606811523438,780.5878295898438,29.0321044921875,38.449462890625
IMG_0029.mp4,5912,197.26393059726394,29.97,1064,2,traffic_signs,0.6642255783081055,832.2631225585938,766.2352905273438,840.1674194335938,781.641357421875,836.2152709960938,773.9383239746094,7.904296875,15.40606689453125
IMG_0029.mp4,5912,197.26393059726394,29.97,997,2,traffic_signs,0.5726172924041748,562.2943115234375,723.6138305664062,584.3964233398438,770.5560913085938,573.3453674316406,747.0849609375,22.10211181640625,46.9422607421875
IMG_0029.mp4,5912,197.26393059726394,29.97,1095,2,traffic_signs,0.3212553560733795,944.7972412109375,770.8046264648438,952.0941162109375,779.815673828125,948.4456787109375,775.3101501464844,7.296875,9.01104736328125
IMG_0029.mp4,5912,197.26393059726394,29.97,1091,2,traffic_signs,0.6591028571128845,1409.055419921875,734.6260375976562,1425.675048828125,754.8023681640625,1417.365234375,744.7142028808594,16.61962890625,20.17633056640625
IMG_0029.mp4,5913,197.2972972972973,29.97,965,2,traffic_signs,0.8528103232383728,998.5382080078125,685.3060302734375,1018.6095581054688,733.7167358398438,1008.5738830566406,709.5113830566406,20.07135009765625,48.41070556640625
IMG_0029.mp4,5913,197.2972972972973,29.97,998,2,traffic_signs,0.8186017274856567,1195.2509765625,730.5399169921875,1217.9345703125,753.2957153320312,1206.5927734375,741.9178161621094,22.68359375,22.75579833984375
IMG_0029.mp4,5913,197.2972972972973,29.97,995,2,traffic_signs,0.7966494560241699,839.1527709960938,724.905517578125,855.7778930664062,774.0565795898438,847.46533203125,749.4810485839844,16.6251220703125,49.15106201171875
IMG_0029.mp4,5913,197.2972972972973,29.97,944,0,auth_label,0.7840828895568848,319.6761779785156,460.4348449707031,684.4490966796875,900.9552612304688,502.06263732910156,680.6950531005859,364.7729187011719,440.5204162597656
IMG_0029.mp4,5913,197.2972972972973,29.97,1031,2,traffic_signs,0.7684394121170044,1082.0467529296875,761.5751342773438,1110.0240478515625,800.5542602539062,1096.035400390625,781.064697265625,27.977294921875,38.9791259765625
IMG_0029.mp4,5913,197.2972972972973,29.97,997,2,traffic_signs,0.8036496043205261,554.7329711914062,724.5289306640625,577.327880859375,770.4303588867188,566.0304260253906,747.4796447753906,22.59490966796875,45.90142822265625
IMG_0029.mp4,5913,197.2972972972973,29.97,1095,2,traffic_signs,0.36097243428230286,939.8078002929688,771.1801147460938,947.1351318359375,779.5208129882812,943.4714660644531,775.3504638671875,7.32733154296875,8.3406982421875
IMG_0029.mp4,5913,197.2972972972973,29.97,1091,2,traffic_signs,0.7577407956123352,1404.6849365234375,735.2963256835938,1420.508544921875,755.0554809570312,1412.5967407226562,745.1759033203125,15.8236083984375,19.7591552734375
IMG_0029.mp4,5914,197.33066399733067,29.97,965,2,traffic_signs,0.7426455616950989,992.801513671875,683.5864868164062,1012.6845703125,735.0743408203125,1002.7430419921875,709.3304138183594,19.883056640625,51.48785400390625
IMG_0029.mp4,5914,197.33066399733067,29.97,998,2,traffic_signs,0.6965538859367371,1190.690185546875,730.5033569335938,1212.944580078125,753.71875,1201.8173828125,742.1110534667969,22.25439453125,23.21539306640625
IMG_0029.mp4,5914,197.33066399733067,29.97,995,2,traffic_signs,0.8243909478187561,833.5604858398438,724.7994384765625,850.1539306640625,771.7367553710938,841.8572082519531,748.2680969238281,16.59344482421875,46.93731689453125
IMG_0029.mp4,5914,197.33066399733067,29.97,944,0,auth_label,0.9048071503639221,312.6249694824219,457.1074523925781,675.5039672851562,901.38134765625,494.06446838378906,679.2444000244141,362.8789978027344,444.2738952636719
IMG_0029.mp4,5914,197.33066399733067,29.97,1031,2,traffic_signs,0.8580602407455444,1076.77294921875,761.3765869140625,1105.4237060546875,800.3742065429688,1091.0983276367188,780.8753967285156,28.6507568359375,38.99761962890625
IMG_0029.mp4,5914,197.33066399733067,29.97,997,2,traffic_signs,0.453037828207016,551.4112548828125,732.37744140625,570.5719604492188,770.0700073242188,560.9916076660156,751.2237243652344,19.16070556640625,37.69256591796875
IMG_0029.mp4,5914,197.33066399733067,29.97,1095,2,traffic_signs,0.6753457188606262,935.4607543945312,770.8583374023438,942.3021240234375,779.2882080078125,938.8814392089844,775.0732727050781,6.84136962890625,8.42987060546875
IMG_0029.mp4,5914,197.33066399733067,29.97,1091,2,traffic_signs,0.695469319820404,1399.588134765625,735.0330200195312,1415.844970703125,754.7553100585938,1407.716552734375,744.8941650390625,16.2568359375,19.7222900390625
IMG_0029.mp4,5914,197.33066399733067,29.97,1064,2,traffic_signs,0.6122716069221497,821.9650268554688,764.5772094726562,830.354248046875,780.8214111328125,826.1596374511719,772.6993103027344,8.38922119140625,16.24420166015625
IMG_0029.mp4,5915,197.36403069736403,29.97,965,2,traffic_signs,0.8726074695587158,986.4566040039062,682.6402587890625,1007.2390747070312,733.965087890625,996.8478393554688,708.3026733398438,20.782470703125,51.3248291015625
IMG_0029.mp4,5915,197.36403069736403,29.97,998,2,traffic_signs,0.7393143177032471,1185.4698486328125,730.2771606445312,1207.7628173828125,754.1979370117188,1196.6163330078125,742.237548828125,22.29296875,23.9207763671875
IMG_0029.mp4,5915,197.36403069736403,29.97,995,2,traffic_signs,0.7647017240524292,828.3013305664062,724.6891479492188,844.74560546875,770.9743041992188,836.5234680175781,747.8317260742188,16.44427490234375,46.28515625
IMG_0029.mp4,5915,197.36403069736403,29.97,944,0,auth_label,0.8751175999641418,297.9769287109375,452.2552185058594,664.4532470703125,902.0889892578125,481.215087890625,677.1721038818359,366.476318359375,449.8337707519531
IMG_0029.mp4,5915,197.36403069736403,29.97,1031,2,traffic_signs,0.4310399293899536,1071.0316162109375,761.0311889648438,1100.5604248046875,801.7357788085938,1085.7960205078125,781.3834838867188,29.52880859375,40.70458984375
IMG_0029.mp4,5915,197.36403069736403,29.97,997,2,traffic_signs,0.31050384044647217,543.8856201171875,726.2929077148438,563.1542358398438,766.443115234375,553.5199279785156,746.3680114746094,19.26861572265625,40.15020751953125
IMG_0029.mp4,5915,197.36403069736403,29.97,1091,2,traffic_signs,0.7578142881393433,1394.0743408203125,735.7630004882812,1409.60107421875,755.0401000976562,1401.8377075195312,745.4015502929688,15.5267333984375,19.277099609375
IMG_0029.mp4,5915,197.36403069736403,29.97,1064,2,traffic_signs,0.4037964642047882,816.8859252929688,763.7879028320312,826.0997924804688,780.2201538085938,821.4928588867188,772.0040283203125,9.2138671875,16.4322509765625
IMG_0029.mp4,5916,197.3973973973974,29.97,965,2,traffic_signs,0.8443816900253296,980.7115478515625,681.7434692382812,1001.2969970703125,734.9652709960938,991.0042724609375,708.3543701171875,20.58544921875,53.2218017578125
IMG_0029.mp4,5916,197.3973973973974,29.97,998,2,traffic_signs,0.7064434885978699,1180.8673095703125,730.1429443359375,1203.27734375,754.8619995117188,1192.0723266601562,742.5024719238281,22.4100341796875,24.71905517578125
IMG_0029.mp4,5916,197.3973973973974,29.97,995,2,traffic_signs,0.7543333172798157,821.6578979492188,725.04150390625,839.4971313476562,770.865234375,830.5775146484375,747.953369140625,17.8392333984375,45.82373046875
IMG_0029.mp4,5916,197.3973973973974,29.97,944,0,auth_label,0.5681983828544617,267.4956970214844,450.5658264160156,654.1900634765625,903.3274536132812,460.84288024902344,676.9466400146484,386.6943664550781,452.7616271972656
IMG_0029.mp4,5916,197.3973973973974,29.97,1031,2,traffic_signs,0.37373027205467224,1066.1251220703125,760.5546875,1094.59716796875,803.5739135742188,1080.3611450195312,782.0643005371094,28.4720458984375,43.01922607421875
IMG_0029.mp4,5916,197.3973973973974,29.97,997,2,traffic_signs,0.5616151690483093,539.7398681640625,735.6820068359375,557.3389892578125,767.5264892578125,548.5394287109375,751.604248046875,17.59912109375,31.844482421875
IMG_0029.mp4,5916,197.3973973973974,29.97,1091,2,traffic_signs,0.7692976593971252,1390.22314453125,735.7092895507812,1406.4564208984375,755.1575317382812,1398.3397827148438,745.4334106445312,16.2332763671875,19.4482421875
IMG_0029.mp4,5916,197.3973973973974,29.97,1064,2,traffic_signs,0.3170873820781708,812.2991333007812,763.8848876953125,820.86279296875,780.6156005859375,816.5809631347656,772.250244140625,8.56365966796875,16.730712890625
IMG_0029.mp4,5917,197.43076409743077,29.97,965,2,traffic_signs,0.8702334761619568,974.6845703125,681.1713256835938,995.902587890625,734.2562255859375,985.2935791015625,707.7137756347656,21.218017578125,53.08489990234375
IMG_0029.mp4,5917,197.43076409743077,29.97,998,2,traffic_signs,0.6793390512466431,1176.422607421875,729.941162109375,1198.6009521484375,754.4392700195312,1187.5117797851562,742.1902160644531,22.1783447265625,24.49810791015625
IMG_0029.mp4,5917,197.43076409743077,29.97,995,2,traffic_signs,0.7839411497116089,815.2625732421875,724.6151123046875,832.8267211914062,773.036865234375,824.0446472167969,748.8259887695312,17.56414794921875,48.4217529296875
IMG_0029.mp4,5917,197.43076409743077,29.97,1031,2,traffic_signs,0.7574740648269653,1060.7718505859375,760.850341796875,1089.394775390625,801.48486328125,1075.0833129882812,781.1676025390625,28.6229248046875,40.634521484375
IMG_0029.mp4,5917,197.43076409743077,29.97,1091,2,traffic_signs,0.6909828186035156,1385.6221923828125,735.248046875,1402.9307861328125,755.242431640625,1394.2764892578125,745.2452392578125,17.30859375,19.994384765625
IMG_0029.mp4,5918,197.46413079746415,29.97,965,2,traffic_signs,0.8300489187240601,969.2791137695312,680.73681640625,989.7963256835938,733.6149291992188,979.5377197265625,707.1758728027344,20.5172119140625,52.87811279296875
IMG_0029.mp4,5918,197.46413079746415,29.97,998,2,traffic_signs,0.793777585029602,1172.416748046875,730.0667114257812,1194.2254638671875,754.4027709960938,1183.3211059570312,742.2347412109375,21.8087158203125,24.3360595703125
IMG_0029.mp4,5918,197.46413079746415,29.97,995,2,traffic_signs,0.8235182166099548,809.2625122070312,724.3643188476562,826.516357421875,775.2518310546875,817.8894348144531,749.8080749511719,17.25384521484375,50.88751220703125
IMG_0029.mp4,5918,197.46413079746415,29.97,1031,2,traffic_signs,0.5412423610687256,1056.4156494140625,760.7028198242188,1083.9012451171875,803.4241943359375,1070.158447265625,782.0635070800781,27.485595703125,42.72137451171875
IMG_0029.mp4,5918,197.46413079746415,29.97,1091,2,traffic_signs,0.7851398587226868,1381.334228515625,736.0087280273438,1398.22802734375,755.5187377929688,1389.7811279296875,745.7637329101562,16.893798828125,19.510009765625
IMG_0029.mp4,5918,197.46413079746415,29.97,944,0,auth_label,0.6359553337097168,241.29200744628906,443.5343322753906,633.9225463867188,905.3056030273438,437.6072769165039,674.4199676513672,392.6305389404297,461.7712707519531
IMG_0029.mp4,5919,197.4974974974975,29.97,965,2,traffic_signs,0.8540747165679932,963.6246337890625,680.5214233398438,984.3046264648438,730.6572875976562,973.9646301269531,705.58935546875,20.67999267578125,50.1358642578125
IMG_0029.mp4,5919,197.4974974974975,29.97,998,2,traffic_signs,0.45648452639579773,1168.0516357421875,729.7888793945312,1190.19384765625,754.9655151367188,1179.1227416992188,742.377197265625,22.1422119140625,25.1766357421875
IMG_0029.mp4,5919,197.4974974974975,29.97,995,2,traffic_signs,0.8150196671485901,805.139892578125,724.4580078125,821.1028442382812,774.1361694335938,813.1213684082031,749.2970886230469,15.96295166015625,49.67816162109375
IMG_0029.mp4,5919,197.4974974974975,29.97,1031,2,traffic_signs,0.49446892738342285,1051.6339111328125,759.5321655273438,1079.7947998046875,802.0164184570312,1065.71435546875,780.7742919921875,28.160888671875,42.4842529296875
IMG_0029.mp4,5919,197.4974974974975,29.97,1091,2,traffic_signs,0.764915943145752,1377.9927978515625,736.1499633789062,1393.69091796875,755.6637573242188,1385.8418579101562,745.9068603515625,15.6981201171875,19.5137939453125
IMG_0029.mp4,5919,197.4974974974975,29.97,944,0,auth_label,0.7011321187019348,226.22030639648438,439.11529541015625,621.4092407226562,906.0498046875,423.8147735595703,672.5825500488281,395.1889343261719,466.93450927734375
IMG_0029.mp4,5920,197.53086419753086,29.97,965,2,traffic_signs,0.7956951260566711,957.7532348632812,679.5615234375,978.4918212890625,733.9229736328125,968.1225280761719,706.7422485351562,20.73858642578125,54.3614501953125
IMG_0029.mp4,5920,197.53086419753086,29.97,998,2,traffic_signs,0.564262866973877,1163.77294921875,729.49267578125,1185.2720947265625,754.7042236328125,1174.5225219726562,742.0984497070312,21.4991455078125,25.2115478515625
IMG_0029.mp4,5920,197.53086419753086,29.97,995,2,traffic_signs,0.8256487846374512,800.0167846679688,723.7182006835938,814.6770629882812,773.3787841796875,807.346923828125,748.5484924316406,14.6602783203125,49.66058349609375
IMG_0029.mp4,5920,197.53086419753086,29.97,1031,2,traffic_signs,0.44033974409103394,1045.9730224609375,759.7971801757812,1073.790771484375,803.4934692382812,1059.8818969726562,781.6453247070312,27.8177490234375,43.6962890625
IMG_0029.mp4,5920,197.53086419753086,29.97,1091,2,traffic_signs,0.7445833086967468,1373.1142578125,735.6094970703125,1390.3585205078125,756.0487670898438,1381.7363891601562,745.8291320800781,17.2442626953125,20.43927001953125
IMG_0029.mp4,5920,197.53086419753086,29.97,944,0,auth_label,0.7673708200454712,215.9834442138672,430.3212585449219,608.8612060546875,906.3228149414062,412.42232513427734,668.3220367431641,392.8777618408203,476.0015563964844
IMG_0029.mp4,5921,197.56423089756424,29.97,965,2,traffic_signs,0.842372477054596,951.8689575195312,679.111328125,972.8567504882812,732.1099853515625,962.3628540039062,705.6106567382812,20.98779296875,52.9986572265625
IMG_0029.mp4,5921,197.56423089756424,29.97,998,2,traffic_signs,0.7580763697624207,1159.1630859375,729.96728515625,1181.32568359375,754.0360717773438,1170.244384765625,742.0016784667969,22.16259765625,24.06878662109375
IMG_0029.mp4,5921,197.56423089756424,29.97,995,2,traffic_signs,0.4869626760482788,795.1802978515625,723.7819213867188,808.5870971679688,763.5372314453125,801.8836975097656,743.6595764160156,13.40679931640625,39.75531005859375
IMG_0029.mp4,5921,197.56423089756424,29.97,1031,2,traffic_signs,0.4466768801212311,1040.858154296875,759.035888671875,1068.6763916015625,802.7892456054688,1054.7672729492188,780.9125671386719,27.8182373046875,43.75335693359375
IMG_0029.mp4,5921,197.56423089756424,29.97,1091,2,traffic_signs,0.6513299345970154,1368.5059814453125,736.3221435546875,1383.3172607421875,755.7291259765625,1375.91162109375,746.025634765625,14.811279296875,19.406982421875
IMG_0029.mp4,5921,197.56423089756424,29.97,944,0,auth_label,0.5369454622268677,193.76568603515625,426.6138610839844,600.1554565429688,907.1768188476562,396.9605712890625,666.8953399658203,406.3897705078125,480.5629577636719
IMG_0029.mp4,5922,197.5975975975976,29.97,965,2,traffic_signs,0.8143668174743652,946.5745239257812,677.9519653320312,967.2191162109375,732.0693969726562,956.8968200683594,705.0106811523438,20.64459228515625,54.117431640625
IMG_0029.mp4,5922,197.5975975975976,29.97,998,2,traffic_signs,0.7113208174705505,1154.826416015625,729.9685668945312,1177.3505859375,753.8624267578125,1166.0885009765625,741.9154968261719,22.524169921875,23.89385986328125
IMG_0029.mp4,5922,197.5975975975976,29.97,995,2,traffic_signs,0.46551513671875,790.2380981445312,724.06787109375,800.4542236328125,754.8045654296875,795.3461608886719,739.4362182617188,10.21612548828125,30.7366943359375
IMG_0029.mp4,5922,197.5975975975976,29.97,1031,2,traffic_signs,0.7088925838470459,1035.836181640625,759.4564819335938,1062.4822998046875,802.8872680664062,1049.1592407226562,781.171875,26.6461181640625,43.4307861328125
IMG_0029.mp4,5922,197.5975975975976,29.97,1091,2,traffic_signs,0.7340880632400513,1365.37255859375,736.1258544921875,1379.5401611328125,755.8545532226562,1372.4563598632812,745.9902038574219,14.1676025390625,19.72869873046875
IMG_0029.mp4,5922,197.5975975975976,29.97,944,0,auth_label,0.8498754501342773,162.715576171875,418.6614685058594,589.6534423828125,908.4482421875,376.18450927734375,663.5548553466797,426.9378662109375,489.7867736816406
IMG_0029.mp4,5922,197.5975975975976,29.97,1064,2,traffic_signs,0.7358259558677673,782.2809448242188,759.6339111328125,793.0911254882812,780.1181640625,787.68603515625,769.8760375976562,10.8101806640625,20.4842529296875
IMG_0029.mp4,5923,197.63096429763098,29.97,965,2,traffic_signs,0.8053714632987976,940.6905517578125,677.2686157226562,961.46826171875,732.3466796875,951.0794067382812,704.8076477050781,20.7777099609375,55.07806396484375
IMG_0029.mp4,5923,197.63096429763098,29.97,998,2,traffic_signs,0.4876038432121277,1150.305419921875,729.85693359375,1173.2720947265625,754.3125610351562,1161.7887573242188,742.0847473144531,22.9666748046875,24.45562744140625
IMG_0029.mp4,5923,197.63096429763098,29.97,1031,2,traffic_signs,0.42848411202430725,1030.9390869140625,759.138427734375,1057.986328125,804.864501953125,1044.4627075195312,782.00146484375,27.0472412109375,45.72607421875
IMG_0029.mp4,5923,197.63096429763098,29.97,1091,2,traffic_signs,0.6206631660461426,1360.495849609375,735.7810668945312,1375.287841796875,755.8755493164062,1367.891845703125,745.8283081054688,14.7919921875,20.094482421875
IMG_0029.mp4,5923,197.63096429763098,29.97,944,0,auth_label,0.6741737723350525,145.08029174804688,414.3487854003906,577.2495727539062,909.9777221679688,361.16493225097656,662.1632537841797,432.1692810058594,495.6289367675781
IMG_0029.mp4,5924,197.66433099766434,29.97,965,2,traffic_signs,0.8313625454902649,935.5216674804688,676.71826171875,955.9430541992188,733.1655883789062,945.7323608398438,704.9419250488281,20.42138671875,56.44732666015625
IMG_0029.mp4,5924,197.66433099766434,29.97,998,2,traffic_signs,0.47114527225494385,1146.42333984375,729.5761108398438,1169.17431640625,754.8335571289062,1157.798828125,742.204833984375,22.7509765625,25.2574462890625
IMG_0029.mp4,5924,197.66433099766434,29.97,1031,2,traffic_signs,0.37640517950057983,1026.0523681640625,758.44580078125,1052.0230712890625,803.9111938476562,1039.0377197265625,781.1784973144531,25.970703125,45.46539306640625
IMG_0029.mp4,5924,197.66433099766434,29.97,1091,2,traffic_signs,0.6444659233093262,1356.9588623046875,735.5145263671875,1372.3675537109375,756.150390625,1364.6632080078125,745.8324584960938,15.40869140625,20.6358642578125
IMG_0029.mp4,5924,197.66433099766434,29.97,944,0,auth_label,0.8168632388114929,129.183837890625,403.49163818359375,564.7646484375,910.4910278320312,346.9742431640625,656.9913330078125,435.580810546875,506.9993896484375
IMG_0029.mp4,5925,197.6976976976977,29.97,965,2,traffic_signs,0.8551890850067139,929.7992553710938,675.183837890625,951.0084228515625,734.8946533203125,940.4038391113281,705.0392456054688,21.20916748046875,59.7108154296875
IMG_0029.mp4,5925,197.6976976976977,29.97,998,2,traffic_signs,0.3382861018180847,1142.703857421875,729.9336547851562,1165.077880859375,755.4327392578125,1153.890869140625,742.6831970214844,22.3740234375,25.49908447265625
IMG_0029.mp4,5925,197.6976976976977,29.97,1091,2,traffic_signs,0.7784976959228516,1353.5853271484375,735.985107421875,1369.0552978515625,756.3052978515625,1361.3203125,746.1452026367188,15.469970703125,20.3201904296875
IMG_0029.mp4,5925,197.6976976976977,29.97,944,0,auth_label,0.8455596566200256,114.68268585205078,398.28192138671875,554.8931274414062,911.0043334960938,334.7879066467285,654.6431274414062,440.21044158935547,512.722412109375
IMG_0029.mp4,5925,197.6976976976977,29.97,1114,2,traffic_signs,0.6891454458236694,797.9469604492188,740.9075927734375,807.504150390625,759.4000244140625,802.7255554199219,750.15380859375,9.55718994140625,18.492431640625
IMG_0029.mp4,5926,197.73106439773107,29.97,965,2,traffic_signs,0.750411331653595,923.9893188476562,673.893310546875,945.7696533203125,733.4207153320312,934.8794860839844,703.6570129394531,21.78033447265625,59.52740478515625
IMG_0029.mp4,5926,197.73106439773107,29.97,998,2,traffic_signs,0.8050472140312195,1139.338134765625,729.5116577148438,1161.011962890625,754.4776611328125,1150.175048828125,741.9946594238281,21.673828125,24.96600341796875
IMG_0029.mp4,5926,197.73106439773107,29.97,1091,2,traffic_signs,0.3354337513446808,1349.2757568359375,735.6015014648438,1364.9080810546875,756.3399658203125,1357.0919189453125,745.9707336425781,15.63232421875,20.73846435546875
IMG_0029.mp4,5926,197.73106439773107,29.97,944,0,auth_label,0.27288034558296204,100.67501068115234,395.9580078125,544.1615600585938,913.0560302734375,322.41828536987305,654.5070190429688,443.4865493774414,517.0980224609375
IMG_0029.mp4,5926,197.73106439773107,29.97,1114,2,traffic_signs,0.8387922644615173,788.9080200195312,740.964111328125,801.4633178710938,760.0166015625,795.1856689453125,750.4903564453125,12.5552978515625,19.052490234375
IMG_0029.mp4,5927,197.76443109776443,29.97,965,2,traffic_signs,0.7952796220779419,917.96728515625,672.7199096679688,939.9414672851562,730.9491577148438,928.9543762207031,701.8345336914062,21.97418212890625,58.229248046875
IMG_0029.mp4,5927,197.76443109776443,29.97,998,2,traffic_signs,0.4635573625564575,1134.2508544921875,729.7425537109375,1156.766357421875,754.0835571289062,1145.5086059570312,741.9130554199219,22.5155029296875,24.34100341796875
IMG_0029.mp4,5927,197.76443109776443,29.97,1091,2,traffic_signs,0.7690467238426208,1345.9337158203125,736.1004028320312,1360.8160400390625,756.09033203125,1353.3748779296875,746.0953674316406,14.88232421875,19.98992919921875
IMG_0029.mp4,5927,197.76443109776443,29.97,944,0,auth_label,0.7587544918060303,77.7302017211914,397.1831970214844,532.236572265625,914.8384399414062,304.9833869934082,656.0108184814453,454.5063705444336,517.6552429199219
IMG_0029.mp4,5927,197.76443109776443,29.97,1114,2,traffic_signs,0.8033965229988098,782.0000610351562,740.1908569335938,796.1870727539062,760.6060791015625,789.0935668945312,750.3984680175781,14.18701171875,20.41522216796875
IMG_0029.mp4,5927,197.76443109776443,29.97,1031,2,traffic_signs,0.4427447021007538,1011.0247192382812,756.3729858398438,1037.32421875,837.0526123046875,1024.1744689941406,796.7127990722656,26.29949951171875,80.67962646484375
IMG_0029.mp4,5928,197.7977977977978,29.97,965,2,traffic_signs,0.601435124874115,912.3575439453125,671.8674926757812,935.0795288085938,728.3763427734375,923.7185363769531,700.1219177246094,22.72198486328125,56.50885009765625
IMG_0029.mp4,5928,197.7977977977978,29.97,998,2,traffic_signs,0.36045509576797485,1131.2432861328125,730.234130859375,1153.3311767578125,754.5261840820312,1142.2872314453125,742.3801574707031,22.087890625,24.29205322265625
IMG_0029.mp4,5928,197.7977977977978,29.97,1091,2,traffic_signs,0.7680317163467407,1342.8016357421875,736.9732666015625,1357.6893310546875,756.9833984375,1350.2454833984375,746.9783325195312,14.8876953125,20.0101318359375
IMG_0029.mp4,5928,197.7977977977978,29.97,944,0,auth_label,0.8548907041549683,63.157318115234375,396.107421875,520.7277221679688,916.12646484375,291.94252014160156,656.116943359375,457.5704040527344,520.01904296875
IMG_0029.mp4,5928,197.7977977977978,29.97,1114,2,traffic_signs,0.7820836305618286,778.4146728515625,740.5455322265625,792.1278686523438,761.113525390625,785.2712707519531,750.8295288085938,13.71319580078125,20.5679931640625
IMG_0029.mp4,5928,197.7977977977978,29.97,1031,2,traffic_signs,0.5140296220779419,1006.9580078125,756.7350463867188,1034.6617431640625,842.8705444335938,1020.8098754882812,799.8027954101562,27.7037353515625,86.135498046875
IMG_0029.mp4,5929,197.83116449783117,29.97,965,2,traffic_signs,0.7175000309944153,905.5862426757812,670.6856079101562,928.3583984375,728.0690307617188,916.9723205566406,699.3773193359375,22.77215576171875,57.3834228515625
IMG_0029.mp4,5929,197.83116449783117,29.97,998,2,traffic_signs,0.639102578163147,1127.395751953125,729.611572265625,1149.025146484375,754.2594604492188,1138.21044921875,741.9355163574219,21.62939453125,24.64788818359375
IMG_0029.mp4,5929,197.83116449783117,29.97,1091,2,traffic_signs,0.724828839302063,1338.1358642578125,735.984375,1354.573486328125,756.6683349609375,1346.3546752929688,746.3263549804688,16.4376220703125,20.6839599609375
IMG_0029.mp4,5929,197.83116449783117,29.97,1114,2,traffic_signs,0.6809088587760925,773.9959716796875,740.1538696289062,786.6995239257812,759.6116333007812,780.3477478027344,749.8827514648438,12.70355224609375,19.457763671875
IMG_0029.mp4,5929,197.83116449783117,29.97,1031,2,traffic_signs,0.556580126285553,1001.5597534179688,757.761474609375,1029.2733154296875,845.829833984375,1015.4165344238281,801.795654296875,27.71356201171875,88.068359375
IMG_0029.mp4,5930,197.86453119786455,29.97,965,2,traffic_signs,0.5667001008987427,899.5741577148438,669.7965698242188,923.0439453125,732.3120727539062,911.3090515136719,701.0543212890625,23.46978759765625,62.5155029296875
IMG_0029.mp4,5930,197.86453119786455,29.97,998,2,traffic_signs,0.4414152503013611,1123.5697021484375,729.6796875,1145.0504150390625,753.5084228515625,1134.31005859375,741.5940551757812,21.480712890625,23.8287353515625
IMG_0029.mp4,5930,197.86453119786455,29.97,1091,2,traffic_signs,0.8407379388809204,1334.086669921875,736.0758056640625,1350.322265625,756.9791259765625,1342.2044677734375,746.5274658203125,16.235595703125,20.9033203125
IMG_0029.mp4,5930,197.86453119786455,29.97,1114,2,traffic_signs,0.6735193729400635,769.2058715820312,738.437744140625,781.8057250976562,759.9037475585938,775.5057983398438,749.1707458496094,12.599853515625,21.46600341796875
IMG_0029.mp4,5930,197.86453119786455,29.97,1031,2,traffic_signs,0.31385931372642517,996.9953002929688,757.380126953125,1023.784912109375,847.35205078125,1010.3901062011719,802.3660888671875,26.78961181640625,89.971923828125
IMG_0029.mp4,5930,197.86453119786455,29.97,1127,2,traffic_signs,0.8222666382789612,746.9468383789062,724.10986328125,761.2311401367188,767.7169189453125,754.0889892578125,745.9133911132812,14.2843017578125,43.6070556640625
IMG_0029.mp4,5931,197.8978978978979,29.97,965,2,traffic_signs,0.2666536867618561,892.4533081054688,668.9603271484375,916.9290161132812,729.5140991210938,904.691162109375,699.2372131347656,24.4757080078125,60.55377197265625
IMG_0029.mp4,5931,197.8978978978979,29.97,998,2,traffic_signs,0.2625575661659241,1120.0078125,729.8067016601562,1141.3331298828125,754.2841796875,1130.6704711914062,742.0454406738281,21.3253173828125,24.47747802734375
IMG_0029.mp4,5931,197.8978978978979,29.97,1091,2,traffic_signs,0.8294954895973206,1331.037841796875,736.4246826171875,1347.4515380859375,757.285888671875,1339.2446899414062,746.8552856445312,16.4136962890625,20.8612060546875
IMG_0029.mp4,5931,197.8978978978979,29.97,1114,2,traffic_signs,0.6393383741378784,764.1724243164062,737.8392944335938,776.5717163085938,758.4970092773438,770.3720703125,748.1681518554688,12.3992919921875,20.65771484375
IMG_0029.mp4,5931,197.8978978978979,29.97,1127,2,traffic_signs,0.8362141847610474,739.6979370117188,720.8522338867188,755.3552856445312,768.4947509765625,747.526611328125,744.6734924316406,15.6573486328125,47.64251708984375
IMG_0029.mp4,5932,197.93126459793126,29.97,965,2,traffic_signs,0.7075951099395752,886.6400146484375,668.0288696289062,911.68701171875,733.5448608398438,899.1635131835938,700.786865234375,25.0469970703125,65.5159912109375
IMG_0029.mp4,5932,197.93126459793126,29.97,1091,2,traffic_signs,0.7668145298957825,1327.5941162109375,736.7396240234375,1343.88916015625,757.3963623046875,1335.7416381835938,747.0679931640625,16.2950439453125,20.65673828125
IMG_0029.mp4,5932,197.93126459793126,29.97,1114,2,traffic_signs,0.5735762715339661,758.8743896484375,736.2449340820312,772.0615234375,759.8771362304688,765.4679565429688,748.06103515625,13.1871337890625,23.6322021484375
IMG_0029.mp4,5932,197.93126459793126,29.97,1127,2,traffic_signs,0.8816231489181519,734.919677734375,719.1311645507812,750.2581787109375,768.303955078125,742.5889282226562,743.7175598144531,15.3385009765625,49.17279052734375
IMG_0029.mp4,5932,197.93126459793126,29.97,1134,2,traffic_signs,0.8297722339630127,426.25555419921875,732.4105224609375,443.8515930175781,765.387939453125,435.05357360839844,748.8992309570312,17.596038818359375,32.9774169921875
IMG_0029.mp4,5933,197.96463129796464,29.97,965,2,traffic_signs,0.401140034198761,880.4722290039062,667.0362548828125,905.7201538085938,736.8081665039062,893.09619140625,701.9222106933594,25.2479248046875,69.77191162109375
IMG_0029.mp4,5933,197.96463129796464,29.97,1091,2,traffic_signs,0.7145059108734131,1323.8232421875,736.7052001953125,1340.3251953125,757.59033203125,1332.07421875,747.1477661132812,16.501953125,20.8851318359375
IMG_0029.mp4,5933,197.96463129796464,29.97,1114,2,traffic_signs,0.5305097103118896,754.0795288085938,735.9337768554688,766.5339965820312,759.398193359375,760.3067626953125,747.6659851074219,12.4544677734375,23.46441650390625
IMG_0029.mp4,5933,197.96463129796464,29.97,1127,2,traffic_signs,0.8578156232833862,729.3056030273438,720.0587158203125,744.6858520507812,767.9193115234375,736.9957275390625,743.989013671875,15.3802490234375,47.860595703125
IMG_0029.mp4,5933,197.96463129796464,29.97,1134,2,traffic_signs,0.8422470688819885,418.36248779296875,727.8932495117188,436.9576721191406,765.3612060546875,427.6600799560547,746.6272277832031,18.595184326171875,37.46795654296875
IMG_0029.mp4,5934,197.997997997998,29.97,965,2,traffic_signs,0.6010645031929016,875.9114379882812,665.5374145507812,899.3587646484375,733.8152465820312,887.6351013183594,699.6763305664062,23.44732666015625,68.27783203125
IMG_0029.mp4,5934,197.997997997998,29.97,1091,2,traffic_signs,0.7716035842895508,1321.3946533203125,737.5487060546875,1336.79248046875,757.2987060546875,1329.0935668945312,747.4237060546875,15.3978271484375,19.75
IMG_0029.mp4,5934,197.997997997998,29.97,1114,2,traffic_signs,0.6396241188049316,750.11083984375,736.7190551757812,761.9006958007812,758.0874633789062,756.0057678222656,747.4032592773438,11.78985595703125,21.368408203125
IMG_0029.mp4,5934,197.997997997998,29.97,1127,2,traffic_signs,0.8738799691200256,724.8727416992188,719.316162109375,739.72265625,766.2813720703125,732.2976989746094,742.7987670898438,14.84991455078125,46.9652099609375
IMG_0029.mp4,5934,197.997997997998,29.97,1134,2,traffic_signs,0.8484001159667969,412.8087463378906,732.2129516601562,430.2575988769531,764.7098999023438,421.5331726074219,748.46142578125,17.4488525390625,32.4969482421875
IMG_0029.mp4,5934,197.997997997998,29.97,998,2,traffic_signs,0.3164117634296417,1108.35302734375,729.0255737304688,1130.4132080078125,755.0755615234375,1119.3831176757812,742.0505676269531,22.0601806640625,26.04998779296875
IMG_0029.mp4,5935,198.03136469803138,29.97,965,2,traffic_signs,0.2555365562438965,870.4950561523438,664.3400268554688,892.95263671875,727.1326904296875,881.7238464355469,695.7363586425781,22.45758056640625,62.79266357421875
IMG_0029.mp4,5935,198.03136469803138,29.97,1091,2,traffic_signs,0.7493607997894287,1318.24462890625,737.6760864257812,1333.7962646484375,757.3167724609375,1326.0204467773438,747.4964294433594,15.5516357421875,19.64068603515625
IMG_0029.mp4,5935,198.03136469803138,29.97,1114,2,traffic_signs,0.3441018760204315,744.4088134765625,735.0794677734375,757.6831665039062,758.4940185546875,751.0459899902344,746.7867431640625,13.27435302734375,23.41455078125
IMG_0029.mp4,5935,198.03136469803138,29.97,1127,2,traffic_signs,0.7901380658149719,719.2810668945312,718.6279907226562,734.1560668945312,766.8270263671875,726.7185668945312,742.7275085449219,14.875,48.19903564453125
IMG_0029.mp4,5935,198.03136469803138,29.97,1134,2,traffic_signs,0.7968882918357849,405.2522277832031,729.2447509765625,423.6772155761719,763.5347900390625,414.4647216796875,746.3897705078125,18.42498779296875,34.2900390625
IMG_0029.mp4,5935,198.03136469803138,29.97,998,2,traffic_signs,0.5706281661987305,1104.1297607421875,728.4352416992188,1126.5006103515625,753.8223266601562,1115.315185546875,741.1287841796875,22.370849609375,25.3870849609375
IMG_0029.mp4,5936,198.06473139806474,29.97,1091,2,traffic_signs,0.7040268182754517,1314.3443603515625,737.4334716796875,1330.191650390625,757.1897583007812,1322.2680053710938,747.3116149902344,15.8472900390625,19.75628662109375
IMG_0029.mp4,5936,198.06473139806474,29.97,1114,2,traffic_signs,0.6394073963165283,741.255615234375,735.3237915039062,753.8582763671875,758.31689453125,747.5569458007812,746.8203430175781,12.6026611328125,22.99310302734375
IMG_0029.mp4,5936,198.06473139806474,29.97,1127,2,traffic_signs,0.7353993654251099,714.662353515625,717.9047241210938,729.9840087890625,767.6401977539062,722.3231811523438,742.7724609375,15.3216552734375,49.7354736328125
IMG_0029.mp4,5936,198.06473139806474,29.97,1134,2,traffic_signs,0.7069862484931946,398.7879638671875,726.0117797851562,418.07763671875,762.6911010742188,408.43280029296875,744.3514404296875,19.2896728515625,36.6793212890625
IMG_0029.mp4,5936,198.06473139806474,29.97,998,2,traffic_signs,0.7555274963378906,1100.85888671875,727.7791748046875,1123.35986328125,752.9654541015625,1112.109375,740.372314453125,22.5009765625,25.186279296875
IMG_0029.mp4,5937,198.0980980980981,29.97,1091,2,traffic_signs,0.7959949374198914,1311.265380859375,737.6544189453125,1327.289794921875,757.3839111328125,1319.277587890625,747.5191650390625,16.0244140625,19.7294921875
IMG_0029.mp4,5937,198.0980980980981,29.97,1114,2,traffic_signs,0.4267204999923706,735.1160888671875,734.7274780273438,749.2322387695312,759.38232421875,742.1741638183594,747.0549011230469,14.11614990234375,24.65484619140625
IMG_0029.mp4,5937,198.0980980980981,29.97,1127,2,traffic_signs,0.8941315412521362,708.9541625976562,716.92822265625,724.1260986328125,767.8771362304688,716.5401306152344,742.4026794433594,15.17193603515625,50.94891357421875
IMG_0029.mp4,5937,198.0980980980981,29.97,1134,2,traffic_signs,0.8551040887832642,390.1634216308594,725.6458740234375,409.6940612792969,762.1878662109375,399.9287414550781,743.9168701171875,19.5306396484375,36.5419921875
IMG_0029.mp4,5937,198.0980980980981,29.97,998,2,traffic_signs,0.6635974049568176,1097.3470458984375,727.4400024414062,1120.1971435546875,752.7001342773438,1108.7720947265625,740.070068359375,22.85009765625,25.2601318359375
IMG_0029.mp4,5938,198.13146479813147,29.97,1091,2,traffic_signs,0.8105734586715698,1308.11767578125,737.7067260742188,1324.2392578125,757.8419189453125,1316.178466796875,747.7743225097656,16.12158203125,20.13519287109375
IMG_0029.mp4,5938,198.13146479813147,29.97,1114,2,traffic_signs,0.640878438949585,730.1513671875,735.8740234375,743.4678955078125,758.202880859375,736.8096313476562,747.0384521484375,13.3165283203125,22.328857421875
IMG_0029.mp4,5938,198.13146479813147,29.97,1127,2,traffic_signs,0.873579204082489,703.2782592773438,716.0234985351562,718.5550537109375,766.2312622070312,710.9166564941406,741.1273803710938,15.27679443359375,50.207763671875
IMG_0029.mp4,5938,198.13146479813147,29.97,1134,2,traffic_signs,0.8495391011238098,382.1639709472656,723.5860595703125,401.8071594238281,762.2269897460938,391.9855651855469,742.9065246582031,19.6431884765625,38.64093017578125
IMG_0029.mp4,5938,198.13146479813147,29.97,998,2,traffic_signs,0.6693194508552551,1094.0400390625,727.7996215820312,1116.1591796875,752.3834838867188,1105.099609375,740.091552734375,22.119140625,24.5838623046875
IMG_0029.mp4,5939,198.16483149816483,29.97,1091,2,traffic_signs,0.8040913939476013,1305.2806396484375,737.48876953125,1321.5667724609375,758.0601196289062,1313.4237060546875,747.7744445800781,16.2861328125,20.57135009765625
IMG_0029.mp4,5939,198.16483149816483,29.97,1114,2,traffic_signs,0.662124514579773,726.1201171875,736.521484375,738.9619140625,756.908935546875,732.541015625,746.7152099609375,12.841796875,20.387451171875
IMG_0029.mp4,5939,198.16483149816483,29.97,1127,2,traffic_signs,0.8912076354026794,698.5532836914062,715.2725219726562,713.7178344726562,765.7816772460938,706.1355590820312,740.527099609375,15.16455078125,50.5091552734375
IMG_0029.mp4,5939,198.16483149816483,29.97,1134,2,traffic_signs,0.8342329859733582,375.71746826171875,725.4915771484375,395.694091796875,762.2542724609375,385.7057800292969,743.8729248046875,19.97662353515625,36.7626953125
IMG_0029.mp4,5939,198.16483149816483,29.97,998,2,traffic_signs,0.5797526836395264,1090.9306640625,727.3997802734375,1112.78662109375,752.7527465820312,1101.858642578125,740.0762634277344,21.85595703125,25.35296630859375
IMG_0029.mp4,5940,198.1981981981982,29.97,1091,2,traffic_signs,0.757969856262207,1302.1708984375,737.3568725585938,1318.5723876953125,758.159912109375,1310.3716430664062,747.7583923339844,16.4014892578125,20.80303955078125
IMG_0029.mp4,5940,198.1981981981982,29.97,1114,2,traffic_signs,0.6228019595146179,721.0619506835938,736.6775512695312,734.4319458007812,757.2518920898438,727.7469482421875,746.9647216796875,13.3699951171875,20.5743408203125
IMG_0029.mp4,5940,198.1981981981982,29.97,1127,2,traffic_signs,0.8942703008651733,692.7119140625,714.9278564453125,708.1627807617188,765.84765625,700.4373474121094,740.3877563476562,15.45086669921875,50.9197998046875
IMG_0029.mp4,5940,198.1981981981982,29.97,1134,2,traffic_signs,0.84531569480896,367.92822265625,728.2003784179688,387.87835693359375,762.0368041992188,377.9032897949219,745.1185913085938,19.95013427734375,33.83642578125
IMG_0029.mp4,5940,198.1981981981982,29.97,998,2,traffic_signs,0.6969438195228577,1087.48291015625,727.3997802734375,1109.1387939453125,752.9874267578125,1098.3108520507812,740.193603515625,21.6558837890625,25.587646484375
IMG_0029.mp4,5940,198.1981981981982,29.97,965,2,traffic_signs,0.3506333827972412,839.76318359375,656.101806640625,864.2061157226562,730.0598754882812,851.9846496582031,693.0808410644531,24.44293212890625,73.95806884765625
IMG_0029.mp4,5941,198.23156489823157,29.97,1091,2,traffic_signs,0.8009581565856934,1299.1937255859375,737.2936401367188,1316.0323486328125,758.3128051757812,1307.613037109375,747.80322265625,16.838623046875,21.0191650390625
IMG_0029.mp4,5941,198.23156489823157,29.97,1114,2,traffic_signs,0.5276084542274475,715.3472290039062,736.5925903320312,728.9386596679688,756.7994384765625,722.1429443359375,746.6960144042969,13.5914306640625,20.20684814453125
IMG_0029.mp4,5941,198.23156489823157,29.97,1127,2,traffic_signs,0.8478837013244629,686.795166015625,714.3703002929688,701.9896850585938,765.4937744140625,694.3924255371094,739.9320373535156,15.19451904296875,51.12347412109375
IMG_0029.mp4,5941,198.23156489823157,29.97,1134,2,traffic_signs,0.8101451396942139,358.6089172363281,724.56640625,379.6169738769531,760.86474609375,369.1129455566406,742.715576171875,21.008056640625,36.29833984375
IMG_0029.mp4,5941,198.23156489823157,29.97,998,2,traffic_signs,0.8021084070205688,1083.8189697265625,727.3523559570312,1106.2408447265625,752.8939208984375,1095.0299072265625,740.1231384277344,22.421875,25.54156494140625
IMG_0029.mp4,5941,198.23156489823157,29.97,965,2,traffic_signs,0.4087492525577545,832.9024658203125,655.2340087890625,857.0402221679688,723.0774536132812,844.9713439941406,689.1557312011719,24.13775634765625,67.84344482421875
IMG_0029.mp4,5942,198.26493159826495,29.97,1091,2,traffic_signs,0.8222829103469849,1297.0579833984375,737.7515869140625,1312.974365234375,758.0687866210938,1305.0161743164062,747.9101867675781,15.9163818359375,20.31719970703125
IMG_0029.mp4,5942,198.26493159826495,29.97,1114,2,traffic_signs,0.3441886305809021,710.2943725585938,735.3065185546875,724.4779052734375,757.17529296875,717.3861389160156,746.2409057617188,14.18353271484375,21.8687744140625
IMG_0029.mp4,5942,198.26493159826495,29.97,1127,2,traffic_signs,0.8887559175491333,681.688232421875,713.7448120117188,697.3812255859375,765.7350463867188,689.5347290039062,739.7399291992188,15.6929931640625,51.990234375
IMG_0029.mp4,5942,198.26493159826495,29.97,1134,2,traffic_signs,0.859478771686554,352.06500244140625,721.8291625976562,373.2994689941406,760.7547607421875,362.68223571777344,741.2919616699219,21.234466552734375,38.92559814453125
IMG_0029.mp4,5942,198.26493159826495,29.97,998,2,traffic_signs,0.8513035178184509,1080.1478271484375,727.2416381835938,1102.2425537109375,752.9148559570312,1091.1951904296875,740.0782470703125,22.0947265625,25.6732177734375
IMG_0029.mp4,5942,198.26493159826495,29.97,965,2,traffic_signs,0.6188659071922302,826.6898193359375,654.099853515625,850.9752807617188,720.7609252929688,838.8325500488281,687.4303894042969,24.28546142578125,66.66107177734375
IMG_0029.mp4,5943,198.2982982982983,29.97,1091,2,traffic_signs,0.7952492237091064,1294.5960693359375,737.82958984375,1309.920166015625,757.9491577148438,1302.2581176757812,747.8893737792969,15.3240966796875,20.11956787109375
IMG_0029.mp4,5943,198.2982982982983,29.97,1114,2,traffic_signs,0.4174882173538208,707.4736938476562,734.9375,721.3079223632812,757.1773071289062,714.3908081054688,746.0574035644531,13.834228515625,22.23980712890625
IMG_0029.mp4,5943,198.2982982982983,29.97,1127,2,traffic_signs,0.8788692355155945,677.9732055664062,713.6305541992188,694.0966186523438,764.3300170898438,686.034912109375,738.9802856445312,16.1234130859375,50.699462890625
IMG_0029.mp4,5943,198.2982982982983,29.97,1134,2,traffic_signs,0.899455189704895,347.23321533203125,719.7653198242188,368.289794921875,760.9395751953125,357.7615051269531,740.3524475097656,21.05657958984375,41.17425537109375
IMG_0029.mp4,5943,198.2982982982983,29.97,998,2,traffic_signs,0.8688228726387024,1077.029052734375,726.54150390625,1099.76220703125,753.052978515625,1088.3956298828125,739.7972412109375,22.733154296875,26.511474609375
IMG_0029.mp4,5943,198.2982982982983,29.97,965,2,traffic_signs,0.8674381375312805,821.7307739257812,653.5150756835938,846.1175537109375,713.9780883789062,833.9241638183594,683.74658203125,24.38677978515625,60.4630126953125
IMG_0029.mp4,5943,198.2982982982983,29.97,1142,2,traffic_signs,0.4314441680908203,939.466064453125,755.283203125,967.5673217773438,800.8626098632812,953.5166931152344,778.0729064941406,28.10125732421875,45.57940673828125
IMG_0029.mp4,5943,198.2982982982983,29.97,1144,2,traffic_signs,0.8543969988822937,910.8352661132812,630.3168334960938,969.0635375976562,709.30322265625,939.9494018554688,669.8100280761719,58.228271484375,78.98638916015625
IMG_0029.mp4,5944,198.33166499833166,29.97,1091,2,traffic_signs,0.769737720489502,1292.26318359375,738.1947021484375,1307.52392578125,757.7398071289062,1299.8935546875,747.9672546386719,15.2607421875,19.54510498046875
IMG_0029.mp4,5944,198.33166499833166,29.97,1114,2,traffic_signs,0.39814040064811707,700.0455322265625,734.9884643554688,715.5982666015625,755.3507690429688,707.8218994140625,745.1696166992188,15.552734375,20.3623046875
IMG_0029.mp4,5944,198.33166499833166,29.97,1127,2,traffic_signs,0.8762691020965576,671.4146118164062,713.0993041992188,688.00634765625,763.302978515625,679.7104797363281,738.2011413574219,16.59173583984375,50.20367431640625
IMG_0029.mp4,5944,198.33166499833166,29.97,1134,2,traffic_signs,0.8793163895606995,337.7628173828125,720.5167846679688,359.3788757324219,759.1187133789062,348.5708465576172,739.8177490234375,21.616058349609375,38.6019287109375
IMG_0029.mp4,5944,198.33166499833166,29.97,998,2,traffic_signs,0.8621828556060791,1072.975830078125,726.0958251953125,1095.914794921875,752.8787841796875,1084.4453125,739.4873046875,22.93896484375,26.782958984375
IMG_0029.mp4,5944,198.33166499833166,29.97,965,2,traffic_signs,0.7941799163818359,814.6224975585938,651.644775390625,838.8128662109375,711.6865844726562,826.7176818847656,681.6656799316406,24.19036865234375,60.04180908203125
IMG_0029.mp4,5944,198.33166499833166,29.97,1142,2,traffic_signs,0.6458271741867065,933.1968994140625,754.73486328125,963.1838989257812,801.0274047851562,948.1903991699219,777.8811340332031,29.98699951171875,46.29254150390625
IMG_0029.mp4,5944,198.33166499833166,29.97,1144,2,traffic_signs,0.7784183025360107,903.4912109375,630.3035278320312,962.5709228515625,707.482421875,933.0310668945312,668.8929748535156,59.0797119140625,77.17889404296875
IMG_0029.mp4,5945,198.36503169836504,29.97,1091,2,traffic_signs,0.7006362080574036,1289.16796875,737.625732421875,1305.0484619140625,757.8761596679688,1297.1082153320312,747.7509460449219,15.8804931640625,20.25042724609375
IMG_0029.mp4,5945,198.36503169836504,29.97,1127,2,traffic_signs,0.8871045708656311,665.46826171875,713.2156372070312,682.1959838867188,762.4801025390625,673.8321228027344,737.8478698730469,16.72772216796875,49.26446533203125
IMG_0029.mp4,5945,198.36503169836504,29.97,1134,2,traffic_signs,0.8534830212593079,330.2868957519531,722.71875,351.88323974609375,757.4979248046875,341.08506774902344,740.1083374023438,21.596343994140625,34.7791748046875
IMG_0029.mp4,5945,198.36503169836504,29.97,998,2,traffic_signs,0.7051168084144592,1068.8145751953125,725.1969604492188,1092.630126953125,752.5839233398438,1080.7223510742188,738.8904418945312,23.8155517578125,27.386962890625
IMG_0029.mp4,5945,198.36503169836504,29.97,965,2,traffic_signs,0.786790668964386,806.42333984375,649.6135864257812,832.3013916015625,708.0501098632812,819.3623657226562,678.8318481445312,25.8780517578125,58.4365234375
IMG_0029.mp4,5945,198.36503169836504,29.97,1144,2,traffic_signs,0.8299662470817566,897.227294921875,625.2700805664062,956.0881958007812,706.4254760742188,926.6577453613281,665.8477783203125,58.86090087890625,81.1553955078125
IMG_0029.mp4,5946,198.3983983983984,29.97,1091,2,traffic_signs,0.8442678451538086,1286.492431640625,737.8842163085938,1303.3304443359375,758.4998779296875,1294.9114379882812,748.1920471191406,16.8380126953125,20.61566162109375
IMG_0029.mp4,5946,198.3983983983984,29.97,1127,2,traffic_signs,0.7624109387397766,660.72705078125,723.0460815429688,676.1449584960938,762.3746948242188,668.4360046386719,742.7103881835938,15.41790771484375,39.32861328125
IMG_0029.mp4,5946,198.3983983983984,29.97,1134,2,traffic_signs,0.8525989055633545,323.52490234375,726.173583984375,343.9969787597656,755.9063110351562,333.7609405517578,741.0399475097656,20.472076416015625,29.73272705078125
IMG_0029.mp4,5946,198.3983983983984,29.97,998,2,traffic_signs,0.8023345470428467,1065.709228515625,725.3932495117188,1089.3287353515625,752.4181518554688,1077.5189819335938,738.9057006835938,23.6195068359375,27.02490234375
IMG_0029.mp4,5946,198.3983983983984,29.97,965,2,traffic_signs,0.3725096881389618,800.0546264648438,647.0819091796875,825.8934326171875,710.603759765625,812.9740295410156,678.8428344726562,25.83880615234375,63.5218505859375
IMG_0029.mp4,5946,198.3983983983984,29.97,1144,2,traffic_signs,0.8938785791397095,891.480712890625,622.9156494140625,950.9375,709.5508422851562,921.2091064453125,666.2332458496094,59.456787109375,86.63519287109375
IMG_0029.mp4,5946,198.3983983983984,29.97,1142,2,traffic_signs,0.3983893096446991,921.6421508789062,754.3621215820312,953.039306640625,804.4526977539062,937.3407287597656,779.4074096679688,31.39715576171875,50.090576171875
IMG_0029.mp4,5947,198.43176509843178,29.97,1091,2,traffic_signs,0.8458549976348877,1284.3494873046875,737.89111328125,1301.024169921875,758.4313354492188,1292.6868286132812,748.1612243652344,16.6746826171875,20.54022216796875
IMG_0029.mp4,5947,198.43176509843178,29.97,1127,2,traffic_signs,0.8667842745780945,656.8622436523438,714.7639770507812,673.2924194335938,761.8082275390625,665.0773315429688,738.2861022949219,16.43017578125,47.04425048828125
IMG_0029.mp4,5947,198.43176509843178,29.97,1134,2,traffic_signs,0.88337641954422,318.97930908203125,726.8778076171875,340.0588073730469,756.380126953125,329.51905822753906,741.6289672851562,21.079498291015625,29.5023193359375
IMG_0029.mp4,5947,198.43176509843178,29.97,998,2,traffic_signs,0.7704296708106995,1063.6995849609375,725.45263671875,1087.2301025390625,752.090576171875,1075.46484375,738.7716064453125,23.530517578125,26.637939453125
IMG_0029.mp4,5947,198.43176509843178,29.97,965,2,traffic_signs,0.6744974255561829,793.1359252929688,644.7279663085938,821.394775390625,708.6942138671875,807.2653503417969,676.7110900878906,28.25885009765625,63.96624755859375
IMG_0029.mp4,5947,198.43176509843178,29.97,1144,2,traffic_signs,0.8784326910972595,885.3522338867188,620.2745971679688,945.765869140625,707.0742797851562,915.5590515136719,663.6744384765625,60.41363525390625,86.7996826171875
IMG_0029.mp4,5948,198.46513179846514,29.97,1091,2,traffic_signs,0.8283490538597107,1282.221435546875,737.493896484375,1298.675048828125,758.56103515625,1290.4482421875,748.0274658203125,16.45361328125,21.067138671875
IMG_0029.mp4,5948,198.46513179846514,29.97,1127,2,traffic_signs,0.728377103805542,650.7598266601562,711.5767822265625,668.0836791992188,761.5459594726562,659.4217529296875,736.5613708496094,17.3238525390625,49.96917724609375
IMG_0029.mp4,5948,198.46513179846514,29.97,1134,2,traffic_signs,0.8837512731552124,310.3843994140625,727.8461303710938,332.2785339355469,755.5982055664062,321.3314666748047,741.72216796875,21.894134521484375,27.7520751953125
IMG_0029.mp4,5948,198.46513179846514,29.97,998,2,traffic_signs,0.8466308116912842,1060.3795166015625,724.83447265625,1083.9219970703125,751.2412719726562,1072.1507568359375,738.0378723144531,23.54248046875,26.40679931640625
IMG_0029.mp4,5948,198.46513179846514,29.97,965,2,traffic_signs,0.7286295294761658,786.5292358398438,642.8674926757812,814.8528442382812,704.8839721679688,800.6910400390625,673.875732421875,28.3236083984375,62.0164794921875
IMG_0029.mp4,5948,198.46513179846514,29.97,1144,2,traffic_signs,0.8541479110717773,877.9329833984375,621.3392333984375,939.9412231445312,703.9584350585938,908.9371032714844,662.6488342285156,62.00823974609375,82.61920166015625
IMG_0029.mp4,5949,198.4984984984985,29.97,1091,2,traffic_signs,0.8039751648902893,1279.8504638671875,737.4537963867188,1296.399169921875,758.5055541992188,1288.1248168945312,747.9796752929688,16.5487060546875,21.0517578125
IMG_0029.mp4,5949,198.4984984984985,29.97,1127,2,traffic_signs,0.7625121474266052,646.5565795898438,721.6194458007812,663.1307373046875,761.9354858398438,654.8436584472656,741.7774658203125,16.57415771484375,40.3160400390625
IMG_0029.mp4,5949,198.4984984984985,29.97,1134,2,traffic_signs,0.8958812952041626,304.76190185546875,727.4370727539062,327.17950439453125,755.0986328125,315.970703125,741.2678527832031,22.4176025390625,27.66156005859375
IMG_0029.mp4,5949,198.4984984984985,29.97,998,2,traffic_signs,0.8430131673812866,1057.534912109375,724.457763671875,1080.693603515625,750.6610107421875,1069.1142578125,737.5593872070312,23.15869140625,26.2032470703125
IMG_0029.mp4,5949,198.4984984984985,29.97,965,2,traffic_signs,0.814667284488678,780.4889526367188,642.3931884765625,809.2875366210938,702.34814453125,794.8882446289062,672.3706665039062,28.798583984375,59.9549560546875
IMG_0029.mp4,5949,198.4984984984985,29.97,1144,2,traffic_signs,0.90114825963974,872.0656127929688,619.9257202148438,933.7330932617188,703.1516723632812,902.8993530273438,661.5386962890625,61.66748046875,83.2259521484375
IMG_0029.mp4,5950,198.53186519853188,29.97,1091,2,traffic_signs,0.8004739880561829,1277.299560546875,737.1571655273438,1294.2420654296875,758.2916870117188,1285.7708129882812,747.7244262695312,16.9425048828125,21.134521484375
IMG_0029.mp4,5950,198.53186519853188,29.97,1127,2,traffic_signs,0.5296860933303833,642.0035400390625,725.5759887695312,658.9468383789062,761.5018310546875,650.4751892089844,743.5389099121094,16.94329833984375,35.92584228515625
IMG_0029.mp4,5950,198.53186519853188,29.97,1134,2,traffic_signs,0.8963994979858398,298.2760009765625,725.879150390625,321.3455505371094,754.8679809570312,309.81077575683594,740.3735656738281,23.069549560546875,28.98883056640625
IMG_0029.mp4,5950,198.53186519853188,29.97,998,2,traffic_signs,0.7394949793815613,1055.265869140625,723.7992553710938,1078.1025390625,750.4088745117188,1066.6842041015625,737.1040649414062,22.836669921875,26.609619140625
IMG_0029.mp4,5950,198.53186519853188,29.97,965,2,traffic_signs,0.9030870795249939,775.3326416015625,641.2733154296875,803.3764038085938,699.9038696289062,789.3545227050781,670.5885925292969,28.04376220703125,58.63055419921875
IMG_0029.mp4,5950,198.53186519853188,29.97,1144,2,traffic_signs,0.9021909832954407,864.3191528320312,618.839111328125,927.8419189453125,706.653564453125,896.0805358886719,662.746337890625,63.52276611328125,87.814453125
IMG_0029.mp4,5951,198.56523189856523,29.97,1091,2,traffic_signs,0.553530752658844,1275.3743896484375,737.0279541015625,1292.611328125,758.30859375,1283.9928588867188,747.6682739257812,17.2369384765625,21.2806396484375
IMG_0029.mp4,5951,198.56523189856523,29.97,1127,2,traffic_signs,0.7786298990249634,638.046875,728.7633056640625,654.1143188476562,760.9306640625,646.0805969238281,744.8469848632812,16.06744384765625,32.1673583984375
IMG_0029.mp4,5951,198.56523189856523,29.97,1134,2,traffic_signs,0.892741322517395,292.470947265625,724.5509643554688,315.30645751953125,755.28759765625,303.8887023925781,739.9192810058594,22.83551025390625,30.73663330078125
IMG_0029.mp4,5951,198.56523189856523,29.97,998,2,traffic_signs,0.38305503129959106,1052.6229248046875,723.46875,1075.503173828125,750.1753540039062,1064.0630493164062,736.8220520019531,22.8802490234375,26.70660400390625
IMG_0029.mp4,5951,198.56523189856523,29.97,965,2,traffic_signs,0.8666590452194214,767.1190795898438,639.205322265625,797.690185546875,698.3508911132812,782.4046325683594,668.7781066894531,30.57110595703125,59.14556884765625
IMG_0029.mp4,5951,198.56523189856523,29.97,1144,2,traffic_signs,0.893315315246582,857.7017211914062,616.8956298828125,922.4318237304688,703.8491821289062,890.0667724609375,660.3724060058594,64.7301025390625,86.95355224609375
IMG_0029.mp4,5951,198.56523189856523,29.97,1142,2,traffic_signs,0.48727336525917053,900.2818603515625,752.69287109375,933.44287109375,796.9103393554688,916.8623657226562,774.8016052246094,33.1610107421875,44.21746826171875
IMG_0029.mp4,5952,198.5985985985986,29.97,1091,2,traffic_signs,0.7979444265365601,1273.278076171875,737.524169921875,1289.7218017578125,758.3339233398438,1281.4999389648438,747.9290466308594,16.4437255859375,20.80975341796875
IMG_0029.mp4,5952,198.5985985985986,29.97,1127,2,traffic_signs,0.7082597017288208,631.9207153320312,727.7866821289062,648.1132202148438,760.4443969726562,640.0169677734375,744.1155395507812,16.1925048828125,32.65771484375
IMG_0029.mp4,5952,198.5985985985986,29.97,1134,2,traffic_signs,0.8695094585418701,284.0179748535156,725.8324584960938,306.80133056640625,754.0189819335938,295.40965270996094,739.9257202148438,22.783355712890625,28.1865234375
IMG_0029.mp4,5952,198.5985985985986,29.97,998,2,traffic_signs,0.41025176644325256,1049.497314453125,723.4653930664062,1072.4888916015625,749.9378051757812,1060.9931030273438,736.7015991210938,22.9915771484375,26.472412109375
IMG_0029.mp4,5952,198.5985985985986,29.97,965,2,traffic_signs,0.8823912739753723,758.92236328125,637.2460327148438,790.6300659179688,696.9140014648438,774.7762145996094,667.0800170898438,31.70770263671875,59.66796875
IMG_0029.mp4,5952,198.5985985985986,29.97,1144,2,traffic_signs,0.8326945900917053,849.8326416015625,613.6425170898438,915.343505859375,700.1353759765625,882.5880737304688,656.8889465332031,65.5108642578125,86.49285888671875
IMG_0029.mp4,5952,198.5985985985986,29.97,1142,2,traffic_signs,0.48310086131095886,895.3987426757812,752.6453247070312,928.6980590820312,796.1533203125,912.0484008789062,774.3993225097656,33.29931640625,43.50799560546875
IMG_0029.mp4,5952,198.5985985985986,29.97,1114,2,traffic_signs,0.31588515639305115,664.0618286132812,731.0623168945312,679.7977905273438,754.5849609375,671.9298095703125,742.8236389160156,15.7359619140625,23.52264404296875
IMG_0029.mp4,5953,198.63196529863197,29.97,1091,2,traffic_signs,0.7964934706687927,1272.5706787109375,737.5594482421875,1288.6905517578125,758.16064453125,1280.630615234375,747.8600463867188,16.119873046875,20.6011962890625
IMG_0029.mp4,5953,198.63196529863197,29.97,1127,2,traffic_signs,0.7996805906295776,627.5101318359375,728.6837158203125,642.9479370117188,758.6753540039062,635.2290344238281,743.6795349121094,15.43780517578125,29.99163818359375
IMG_0029.mp4,5953,198.63196529863197,29.97,1134,2,traffic_signs,0.7870286703109741,277.5400695800781,725.1074829101562,300.48663330078125,753.5782470703125,289.0133514404297,739.3428649902344,22.946563720703125,28.47076416015625
IMG_0029.mp4,5953,198.63196529863197,29.97,998,2,traffic_signs,0.7258329391479492,1047.38720703125,723.4866943359375,1070.5552978515625,749.6809692382812,1058.9712524414062,736.5838317871094,23.1680908203125,26.19427490234375
IMG_0029.mp4,5953,198.63196529863197,29.97,965,2,traffic_signs,0.397041380405426,751.8228149414062,634.5270385742188,784.6170654296875,699.7531127929688,768.2199401855469,667.1400756835938,32.79425048828125,65.22607421875
IMG_0029.mp4,5953,198.63196529863197,29.97,1144,2,traffic_signs,0.4216579794883728,843.1512451171875,604.6014404296875,909.2286376953125,702.3115234375,876.18994140625,653.4564819335938,66.077392578125,97.7100830078125
IMG_0029.mp4,5953,198.63196529863197,29.97,1162,2,traffic_signs,0.41267094016075134,904.5407104492188,707.9431762695312,918.208251953125,742.9998779296875,911.3744812011719,725.4715270996094,13.66754150390625,35.05670166015625
IMG_0029.mp4,5954,198.66533199866535,29.97,1091,2,traffic_signs,0.7872140407562256,1270.802978515625,737.349365234375,1286.565185546875,758.0149536132812,1278.68408203125,747.6821594238281,15.76220703125,20.66558837890625
IMG_0029.mp4,5954,198.66533199866535,29.97,1127,2,traffic_signs,0.6782957315444946,621.9998779296875,729.861328125,637.6056518554688,758.30126953125,629.8027648925781,744.081298828125,15.60577392578125,28.43994140625
IMG_0029.mp4,5954,198.66533199866535,29.97,1134,2,traffic_signs,0.5258883833885193,269.16973876953125,725.0184936523438,292.72369384765625,751.9364624023438,280.94671630859375,738.4774780273438,23.553955078125,26.91796875
IMG_0029.mp4,5954,198.66533199866535,29.97,998,2,traffic_signs,0.5077115297317505,1044.92724609375,722.85302734375,1067.1484375,749.5925903320312,1056.037841796875,736.2228088378906,22.22119140625,26.73956298828125
IMG_0029.mp4,5954,198.66533199866535,29.97,1144,2,traffic_signs,0.8991870880126953,834.87646484375,603.7772216796875,902.3261108398438,692.7527465820312,868.6012878417969,648.2649841308594,67.44964599609375,88.97552490234375
IMG_0029.mp4,5954,198.66533199866535,29.97,1162,2,traffic_signs,0.30878692865371704,901.453857421875,709.1691284179688,913.9894409179688,742.7595825195312,907.7216491699219,725.96435546875,12.53558349609375,33.5904541015625
IMG_0029.mp4,5954,198.66533199866535,29.97,1163,2,traffic_signs,0.7425435185432434,624.24658203125,706.5873413085938,639.39697265625,732.3335571289062,631.82177734375,719.46044921875,15.150390625,25.7462158203125
IMG_0029.mp4,5954,198.66533199866535,29.97,1165,2,traffic_signs,0.3536927103996277,655.3591918945312,730.2106323242188,671.961669921875,751.9165649414062,663.6604309082031,741.0635986328125,16.60247802734375,21.7059326171875
IMG_0029.mp4,5954,198.66533199866535,29.97,1142,2,traffic_signs,0.6874980926513672,886.7774658203125,751.6992797851562,921.7294311523438,797.172607421875,904.2534484863281,774.4359436035156,34.95196533203125,45.47332763671875
IMG_0029.mp4,5955,198.6986986986987,29.97,1091,2,traffic_signs,0.7925780415534973,1268.9404296875,737.1212768554688,1284.81640625,758.2030639648438,1276.87841796875,747.6621704101562,15.8759765625,21.081787109375
IMG_0029.mp4,5955,198.6986986986987,29.97,1127,2,traffic_signs,0.7431139349937439,616.6603393554688,725.870361328125,634.1075439453125,757.0653076171875,625.3839416503906,741.4678344726562,17.44720458984375,31.1949462890625
IMG_0029.mp4,5955,198.6986986986987,29.97,998,2,traffic_signs,0.6573734879493713,1042.3203125,722.4085083007812,1064.6593017578125,749.4049682617188,1053.4898071289062,735.90673828125,22.3389892578125,26.9964599609375
IMG_0029.mp4,5955,198.6986986986987,29.97,1144,2,traffic_signs,0.8980830907821655,827.4779663085938,601.6017456054688,896.157958984375,685.9892578125,861.8179626464844,643.7955017089844,68.67999267578125,84.38751220703125
IMG_0029.mp4,5955,198.6986986986987,29.97,1163,2,traffic_signs,0.5453287363052368,618.7035522460938,705.7326049804688,634.8486328125,735.5447998046875,626.7760925292969,720.6387023925781,16.14508056640625,29.81219482421875
IMG_0029.mp4,5955,198.6986986986987,29.97,1165,2,traffic_signs,0.42901432514190674,651.53759765625,730.3432006835938,668.0364990234375,750.59326171875,659.7870483398438,740.4682312011719,16.4989013671875,20.25006103515625
IMG_0029.mp4,5955,198.6986986986987,29.97,965,2,traffic_signs,0.8571320176124573,737.8167114257812,630.675537109375,771.520751953125,693.9638671875,754.6687316894531,662.3197021484375,33.70404052734375,63.288330078125
IMG_0029.mp4,5956,198.73206539873206,29.97,1091,2,traffic_signs,0.7237398624420166,1266.340576171875,736.5267944335938,1282.7064208984375,757.8842163085938,1274.5234985351562,747.2055053710938,16.3658447265625,21.357421875
IMG_0029.mp4,5956,198.73206539873206,29.97,1127,2,traffic_signs,0.8291188478469849,611.9288940429688,726.7482299804688,628.7811279296875,756.4423217773438,620.3550109863281,741.5952758789062,16.85223388671875,29.694091796875
IMG_0029.mp4,5956,198.73206539873206,29.97,998,2,traffic_signs,0.4576794505119324,1039.239013671875,721.953857421875,1061.9197998046875,749.0897216796875,1050.5794067382812,735.5217895507812,22.6807861328125,27.1358642578125
IMG_0029.mp4,5956,198.73206539873206,29.97,1144,2,traffic_signs,0.9051669836044312,819.5684814453125,595.6656494140625,889.368896484375,683.0568237304688,854.4686889648438,639.3612365722656,69.8004150390625,87.39117431640625
IMG_0029.mp4,5956,198.73206539873206,29.97,1163,2,traffic_signs,0.5496748685836792,613.5480346679688,704.7259521484375,629.4364624023438,735.47509765625,621.4922485351562,720.1005249023438,15.888427734375,30.7491455078125
IMG_0029.mp4,5956,198.73206539873206,29.97,1165,2,traffic_signs,0.36039552092552185,648.2858276367188,730.3464965820312,663.72705078125,749.5775756835938,656.0064392089844,739.9620361328125,15.44122314453125,19.2310791015625
IMG_0029.mp4,5956,198.73206539873206,29.97,1142,2,traffic_signs,0.7121002078056335,877.5274658203125,750.8877563476562,913.6865234375,795.6743774414062,895.6069946289062,773.2810668945312,36.1590576171875,44.78662109375
IMG_0029.mp4,5957,198.76543209876544,29.97,1091,2,traffic_signs,0.6216169595718384,1264.870361328125,735.6710815429688,1281.9083251953125,757.832763671875,1273.3893432617188,746.7519226074219,17.0379638671875,22.16168212890625
IMG_0029.mp4,5957,198.76543209876544,29.97,1127,2,traffic_signs,0.8200830817222595,607.0839233398438,725.5792846679688,624.4603881835938,756.0053100585938,615.7721557617188,740.7922973632812,17.37646484375,30.426025390625
IMG_0029.mp4,5957,198.76543209876544,29.97,998,2,traffic_signs,0.5242436528205872,1036.894287109375,721.5516357421875,1059.75439453125,749.1837158203125,1048.3243408203125,735.36767578125,22.860107421875,27.632080078125
IMG_0029.mp4,5957,198.76543209876544,29.97,1144,2,traffic_signs,0.8741440773010254,811.6256713867188,593.943359375,882.808349609375,679.8033447265625,847.2170104980469,636.8733520507812,71.18267822265625,85.8599853515625
IMG_0029.mp4,5957,198.76543209876544,29.97,1163,2,traffic_signs,0.5983747839927673,608.2301025390625,703.9888305664062,624.8994140625,736.4803466796875,616.5647583007812,720.2345886230469,16.6693115234375,32.49151611328125
IMG_0029.mp4,5957,198.76543209876544,29.97,1165,2,traffic_signs,0.5614628195762634,643.8670043945312,730.2391967773438,659.7529907226562,748.5175170898438,651.8099975585938,739.3783569335938,15.885986328125,18.2783203125
IMG_0029.mp4,5957,198.76543209876544,29.97,1142,2,traffic_signs,0.807983934879303,874.0016479492188,750.5319213867188,908.7798461914062,794.6123046875,891.3907470703125,772.5721130371094,34.7781982421875,44.08038330078125
IMG_0029.mp4,5957,198.76543209876544,29.97,1162,2,traffic_signs,0.47587719559669495,892.0939331054688,710.3656616210938,904.209228515625,741.3165283203125,898.1515808105469,725.8410949707031,12.11529541015625,30.95086669921875
IMG_0029.mp4,5957,198.76543209876544,29.97,965,2,traffic_signs,0.5349935293197632,719.8109741210938,624.6221923828125,757.7537231445312,698.8091430664062,738.7823486328125,661.7156677246094,37.9427490234375,74.18695068359375
IMG_0029.mp4,5958,198.7987987987988,29.97,1091,2,traffic_signs,0.8387445211410522,1263.1324462890625,735.8548583984375,1280.6087646484375,757.9928588867188,1271.87060546875,746.9238586425781,17.476318359375,22.13800048828125
IMG_0029.mp4,5958,198.7987987987988,29.97,1127,2,traffic_signs,0.4451747536659241,602.1607666015625,727.1578369140625,618.8295288085938,755.5762939453125,610.4951477050781,741.3670654296875,16.66876220703125,28.41845703125
IMG_0029.mp4,5958,198.7987987987988,29.97,998,2,traffic_signs,0.6021196246147156,1034.3780517578125,721.0634765625,1057.4854736328125,748.9176025390625,1045.9317626953125,734.9905395507812,23.107421875,27.8541259765625
IMG_0029.mp4,5958,198.7987987987988,29.97,1144,2,traffic_signs,0.8707904815673828,803.4779663085938,592.3010864257812,875.6012573242188,677.6101684570312,839.5396118164062,634.9556274414062,72.123291015625,85.30908203125
IMG_0029.mp4,5958,198.7987987987988,29.97,1163,2,traffic_signs,0.5129548907279968,603.4097290039062,701.9342651367188,619.9593505859375,734.2201538085938,611.6845397949219,718.0772094726562,16.54962158203125,32.285888671875
IMG_0029.mp4,5958,198.7987987987988,29.97,1165,2,traffic_signs,0.5905871391296387,640.2570190429688,729.6307983398438,655.768310546875,747.5640258789062,648.0126647949219,738.597412109375,15.51129150390625,17.9332275390625
IMG_0029.mp4,5958,198.7987987987988,29.97,1142,2,traffic_signs,0.7625339031219482,870.2218627929688,750.01318359375,903.8966064453125,793.65673828125,887.0592346191406,771.8349609375,33.67474365234375,43.6435546875
IMG_0029.mp4,5958,198.7987987987988,29.97,1162,2,traffic_signs,0.4268542528152466,888.9000244140625,709.5108642578125,901.0145263671875,741.6029663085938,894.957275390625,725.5569152832031,12.114501953125,32.09210205078125
IMG_0029.mp4,5958,198.7987987987988,29.97,965,2,traffic_signs,0.4277712404727936,709.8495483398438,621.8815307617188,751.0787353515625,704.3456420898438,730.4641418457031,663.1135864257812,41.22918701171875,82.464111328125
IMG_0029.mp4,5959,198.83216549883218,29.97,1091,2,traffic_signs,0.8374952673912048,1261.9027099609375,736.4607543945312,1279.673583984375,758.4019165039062,1270.7881469726562,747.4313354492188,17.7708740234375,21.941162109375
IMG_0029.mp4,5959,198.83216549883218,29.97,1127,2,traffic_signs,0.5492534041404724,597.2943115234375,725.9126586914062,613.8187255859375,754.9615478515625,605.5565185546875,740.4371032714844,16.5244140625,29.04888916015625
IMG_0029.mp4,5959,198.83216549883218,29.97,998,2,traffic_signs,0.8611051440238953,1032.1510009765625,721.2117309570312,1055.0263671875,748.921875,1043.5886840820312,735.0668029785156,22.8753662109375,27.71014404296875
IMG_0029.mp4,5959,198.83216549883218,29.97,1144,2,traffic_signs,0.8531844615936279,795.9010620117188,587.2515869140625,868.8531494140625,675.9944458007812,832.3771057128906,631.6230163574219,72.95208740234375,88.74285888671875
IMG_0029.mp4,5959,198.83216549883218,29.97,1163,2,traffic_signs,0.7299826741218567,598.8541870117188,701.4877319335938,615.4666748046875,732.3861694335938,607.1604309082031,716.9369506835938,16.61248779296875,30.8984375
IMG_0029.mp4,5959,198.83216549883218,29.97,1165,2,traffic_signs,0.7103140354156494,636.2672119140625,728.7760620117188,651.96630859375,748.5925903320312,644.1167602539062,738.684326171875,15.6990966796875,19.8165283203125
IMG_0029.mp4,5959,198.83216549883218,29.97,1142,2,traffic_signs,0.8719901442527771,864.8937377929688,750.0497436523438,900.25048828125,793.5242919921875,882.5721130371094,771.7870178222656,35.35675048828125,43.47454833984375
IMG_0029.mp4,5959,198.83216549883218,29.97,1162,2,traffic_signs,0.5767475366592407,886.0260009765625,710.036376953125,897.3633422851562,741.2733154296875,891.6946716308594,725.6548461914062,11.33734130859375,31.2369384765625
IMG_0029.mp4,5959,198.83216549883218,29.97,965,2,traffic_signs,0.41156622767448425,701.3070068359375,617.5667114257812,743.9973754882812,710.7367553710938,722.6521911621094,664.1517333984375,42.69036865234375,93.1700439453125
IMG_0029.mp4,5960,198.86553219886554,29.97,1091,2,traffic_signs,0.8173443675041199,1260.5968017578125,736.2141723632812,1277.7998046875,758.0054931640625,1269.1983032226562,747.1098327636719,17.2030029296875,21.79132080078125
IMG_0029.mp4,5960,198.86553219886554,29.97,998,2,traffic_signs,0.4465100169181824,1030.0150146484375,720.5315551757812,1052.94775390625,748.922607421875,1041.4813842773438,734.7270812988281,22.9327392578125,28.39105224609375
IMG_0029.mp4,5960,198.86553219886554,29.97,1144,2,traffic_signs,0.47973325848579407,786.8867797851562,582.4982299804688,861.5757446289062,675.924560546875,824.2312622070312,629.2113952636719,74.68896484375,93.42633056640625
IMG_0029.mp4,5960,198.86553219886554,29.97,1163,2,traffic_signs,0.8381413221359253,592.0953369140625,700.4437255859375,610.5809326171875,748.0751342773438,601.338134765625,724.2594299316406,18.485595703125,47.63140869140625
IMG_0029.mp4,5960,198.86553219886554,29.97,1165,2,traffic_signs,0.7295809388160706,631.9961547851562,728.2902221679688,648.2938232421875,748.253662109375,640.1449890136719,738.2719421386719,16.29766845703125,19.96343994140625
IMG_0029.mp4,5960,198.86553219886554,29.97,1142,2,traffic_signs,0.8791523575782776,860.6489868164062,748.8896484375,895.3289184570312,793.3760986328125,877.9889526367188,771.1328735351562,34.679931640625,44.4864501953125
IMG_0029.mp4,5960,198.86553219886554,29.97,1162,2,traffic_signs,0.40567806363105774,882.9890747070312,710.0105590820312,894.4261474609375,740.7622680664062,888.7076110839844,725.3864135742188,11.43707275390625,30.751708984375
IMG_0029.mp4,5961,198.89889889889892,29.97,1091,2,traffic_signs,0.8260682821273804,1259.364990234375,736.6226806640625,1277.1588134765625,758.3798828125,1268.2619018554688,747.5012817382812,17.7938232421875,21.7572021484375
IMG_0029.mp4,5961,198.89889889889892,29.97,998,2,traffic_signs,0.6266611814498901,1027.9293212890625,720.0360717773438,1051.232177734375,748.394287109375,1039.5807495117188,734.2151794433594,23.3028564453125,28.35821533203125
IMG_0029.mp4,5961,198.89889889889892,29.97,1144,2,traffic_signs,0.9008451700210571,778.1669311523438,581.1589965820312,853.8330688476562,672.4122924804688,816.0,626.78564453125,75.6661376953125,91.2532958984375
IMG_0029.mp4,5961,198.89889889889892,29.97,1163,2,traffic_signs,0.7580899000167847,586.1643676757812,698.92041015625,606.246826171875,752.9375,596.2055969238281,725.928955078125,20.08245849609375,54.01708984375
IMG_0029.mp4,5961,198.89889889889892,29.97,1165,2,traffic_signs,0.37288984656333923,627.6444702148438,727.721923828125,643.9276733398438,747.107421875,635.7860717773438,737.4146728515625,16.283203125,19.385498046875
IMG_0029.mp4,5961,198.89889889889892,29.97,1142,2,traffic_signs,0.8045485615730286,856.243408203125,748.6912231445312,892.1336669921875,792.7511596679688,874.1885375976562,770.72119140625,35.8902587890625,44.0599365234375
IMG_0029.mp4,5961,198.89889889889892,29.97,1162,2,traffic_signs,0.6681090593338013,879.91357421875,709.3318481445312,891.3598022460938,740.8010864257812,885.6366882324219,725.0664672851562,11.44622802734375,31.46923828125
IMG_0029.mp4,5961,198.89889889889892,29.97,1173,2,traffic_signs,0.8676319718360901,218.64781188964844,717.5046997070312,241.87652587890625,746.687744140625,230.26216888427734,732.0962219238281,23.228713989257812,29.18304443359375
IMG_0029.mp4,5961,198.89889889889892,29.97,965,2,traffic_signs,0.43451356887817383,689.8505859375,613.0621948242188,730.0713500976562,697.18212890625,709.9609680175781,655.1221618652344,40.22076416015625,84.11993408203125
IMG_0029.mp4,5962,198.93226559893228,29.97,1091,2,traffic_signs,0.8063941597938538,1258.0810546875,736.2072143554688,1276.3240966796875,758.1052856445312,1267.2025756835938,747.15625,18.2430419921875,21.8980712890625
IMG_0029.mp4,5962,198.93226559893228,29.97,998,2,traffic_signs,0.3370658755302429,1025.1705322265625,719.4983520507812,1049.112060546875,747.5247802734375,1037.1412963867188,733.5115661621094,23.9415283203125,28.02642822265625
IMG_0029.mp4,5962,198.93226559893228,29.97,1144,2,traffic_signs,0.8965961933135986,769.330078125,578.6339721679688,846.3250732421875,667.3134765625,807.8275756835938,622.9737243652344,76.9949951171875,88.67950439453125
IMG_0029.mp4,5962,198.93226559893228,29.97,1163,2,traffic_signs,0.9187771677970886,580.738037109375,699.2656860351562,601.197021484375,755.94873046875,590.967529296875,727.6072082519531,20.458984375,56.68304443359375
IMG_0029.mp4,5962,198.93226559893228,29.97,1165,2,traffic_signs,0.34904125332832336,624.1513061523438,727.3650512695312,639.6050415039062,746.9942016601562,631.878173828125,737.1796264648438,15.4537353515625,19.629150390625
IMG_0029.mp4,5962,198.93226559893228,29.97,1142,2,traffic_signs,0.8958489894866943,852.2310791015625,748.3336791992188,888.897216796875,792.868408203125,870.5641479492188,770.6010437011719,36.6661376953125,44.53472900390625
IMG_0029.mp4,5962,198.93226559893228,29.97,1162,2,traffic_signs,0.5171515941619873,876.552001953125,709.128173828125,887.7950439453125,740.5841674804688,882.1735229492188,724.8561706542969,11.2430419921875,31.45599365234375
IMG_0029.mp4,5962,198.93226559893228,29.97,1173,2,traffic_signs,0.8758176565170288,210.75477600097656,717.6824951171875,235.28555297851562,744.5870971679688,223.0201644897461,731.1347961425781,24.530776977539062,26.90460205078125
IMG_0029.mp4,5962,198.93226559893228,29.97,965,2,traffic_signs,0.5834482908248901,677.0462646484375,610.8125610351562,721.9315185546875,695.9014892578125,699.4888916015625,653.3570251464844,44.88525390625,85.08892822265625
IMG_0029.mp4,5963,198.96563229896563,29.97,1091,2,traffic_signs,0.7578690648078918,1257.4466552734375,735.8311767578125,1275.6767578125,757.665283203125,1266.5617065429688,746.7482299804688,18.2301025390625,21.8341064453125
IMG_0029.mp4,5963,198.96563229896563,29.97,998,2,traffic_signs,0.610645592212677,1023.2743530273438,718.704833984375,1047.1566162109375,746.4655151367188,1035.2154846191406,732.5851745605469,23.88226318359375,27.76068115234375
IMG_0029.mp4,5963,198.96563229896563,29.97,1144,2,traffic_signs,0.5536500215530396,760.3019409179688,574.5142211914062,838.480712890625,663.0039672851562,799.3913269042969,618.7590942382812,78.17877197265625,88.48974609375
IMG_0029.mp4,5963,198.96563229896563,29.97,1163,2,traffic_signs,0.9009280800819397,575.2645874023438,698.8262329101562,596.432861328125,756.4478759765625,585.8487243652344,727.6370544433594,21.16827392578125,57.62164306640625
IMG_0029.mp4,5963,198.96563229896563,29.97,1142,2,traffic_signs,0.8706637024879456,847.3954467773438,748.0890502929688,883.3031616210938,792.0450439453125,865.3493041992188,770.0670471191406,35.90771484375,43.95599365234375
IMG_0029.mp4,5963,198.96563229896563,29.97,1162,2,traffic_signs,0.5713679790496826,873.8958740234375,709.2250366210938,884.3079833984375,739.6845703125,879.1019287109375,724.4548034667969,10.412109375,30.45953369140625
IMG_0029.mp4,5963,198.96563229896563,29.97,1173,2,traffic_signs,0.77874755859375,202.98678588867188,717.3231201171875,228.3583221435547,740.0630493164062,215.67255401611328,728.6930847167969,25.371536254882812,22.73992919921875
IMG_0029.mp4,5963,198.96563229896563,29.97,965,2,traffic_signs,0.3593403398990631,673.576171875,607.8423461914062,714.5776977539062,685.7929077148438,694.0769348144531,646.817626953125,41.00152587890625,77.9505615234375
IMG_0029.mp4,5964,198.998998998999,29.97,1091,2,traffic_signs,0.7017659544944763,1256.6466064453125,736.1491088867188,1274.3070068359375,758.1702880859375,1265.476806640625,747.1596984863281,17.660400390625,22.02117919921875
IMG_0029.mp4,5964,198.998998998999,29.97,998,2,traffic_signs,0.7552458643913269,1021.3170166015625,718.4828491210938,1045.2708740234375,746.1639404296875,1033.2939453125,732.3233947753906,23.953857421875,27.68109130859375
IMG_0029.mp4,5964,198.998998998999,29.97,1144,2,traffic_signs,0.8183054327964783,751.299072265625,568.0455932617188,830.2474975585938,659.5753784179688,790.7732849121094,613.8104858398438,78.94842529296875,91.52978515625
IMG_0029.mp4,5964,198.998998998999,29.97,1163,2,traffic_signs,0.9201411008834839,569.8631591796875,698.0223388671875,591.5892944335938,756.9105834960938,580.7262268066406,727.4664611816406,21.72613525390625,58.88824462890625
IMG_0029.mp4,5964,198.998998998999,29.97,1142,2,traffic_signs,0.8416459560394287,843.3574829101562,747.7246704101562,880.3270263671875,792.2820434570312,861.8422546386719,770.0033569335938,36.96954345703125,44.557373046875
IMG_0029.mp4,5964,198.998998998999,29.97,1162,2,traffic_signs,0.5643528699874878,869.6255493164062,708.4719848632812,881.0164794921875,740.4763793945312,875.3210144042969,724.4741821289062,11.39093017578125,32.00439453125
IMG_0029.mp4,5964,198.998998998999,29.97,1173,2,traffic_signs,0.7905559539794922,194.33963012695312,717.0108642578125,221.03170776367188,736.6993408203125,207.6856689453125,726.8551025390625,26.69207763671875,19.6884765625
IMG_0029.mp4,5964,198.998998998999,29.97,965,2,traffic_signs,0.3434222638607025,663.299560546875,604.7958984375,706.8711547851562,682.3728637695312,685.0853576660156,643.5843811035156,43.57159423828125,77.57696533203125
IMG_0029.mp4,5965,199.03236569903237,29.97,1091,2,traffic_signs,0.484496533870697,1256.1763916015625,736.1422729492188,1273.4302978515625,758.1998291015625,1264.8033447265625,747.1710510253906,17.25390625,22.05755615234375
IMG_0029.mp4,5965,199.03236569903237,29.97,998,2,traffic_signs,0.8256955742835999,1018.6690063476562,718.0120239257812,1042.447265625,746.3671875,1030.5581359863281,732.1896057128906,23.77825927734375,28.35516357421875
IMG_0029.mp4,5965,199.03236569903237,29.97,1144,2,traffic_signs,0.7641655802726746,740.9490356445312,565.0083618164062,821.4891967773438,656.0948486328125,781.2191162109375,610.5516052246094,80.5401611328125,91.08648681640625
IMG_0029.mp4,5965,199.03236569903237,29.97,1163,2,traffic_signs,0.768311083316803,565.6150512695312,696.4918212890625,586.1975708007812,740.8797607421875,575.9063110351562,718.685791015625,20.58251953125,44.387939453125
IMG_0029.mp4,5965,199.03236569903237,29.97,1142,2,traffic_signs,0.8703965544700623,838.5590209960938,746.9798583984375,876.155029296875,792.3405151367188,857.3570251464844,769.6601867675781,37.59600830078125,45.36065673828125
IMG_0029.mp4,5965,199.03236569903237,29.97,1162,2,traffic_signs,0.715215265750885,865.8864135742188,707.9775390625,877.8142700195312,739.8260498046875,871.850341796875,723.9017944335938,11.9278564453125,31.8485107421875
IMG_0029.mp4,5965,199.03236569903237,29.97,1173,2,traffic_signs,0.893852174282074,185.4788055419922,716.2278442382812,212.74630737304688,739.572021484375,199.11255645751953,727.8999328613281,27.267501831054688,23.34417724609375
IMG_0029.mp4,5965,199.03236569903237,29.97,965,2,traffic_signs,0.4178643226623535,654.1279907226562,601.2946166992188,698.5302124023438,678.6861572265625,676.3291015625,639.9903869628906,44.4022216796875,77.39154052734375
IMG_0029.mp4,5965,199.03236569903237,29.97,1127,2,traffic_signs,0.8272404670715332,565.8070068359375,723.9540405273438,585.318115234375,753.0615844726562,575.5625610351562,738.5078125,19.5111083984375,29.1075439453125
IMG_0029.mp4,5966,199.06573239906575,29.97,1091,2,traffic_signs,0.6870850920677185,1255.2056884765625,735.95458984375,1272.578125,758.1221923828125,1263.8919067382812,747.0383911132812,17.3724365234375,22.1676025390625
IMG_0029.mp4,5966,199.06573239906575,29.97,998,2,traffic_signs,0.8477927446365356,1016.4915771484375,717.2578735351562,1041.0396728515625,746.0950317382812,1028.765625,731.6764526367188,24.548095703125,28.837158203125
IMG_0029.mp4,5966,199.06573239906575,29.97,1144,2,traffic_signs,0.8830405473709106,730.3673706054688,561.189208984375,812.5936279296875,652.6948852539062,771.4804992675781,606.9420471191406,82.22625732421875,91.50567626953125
IMG_0029.mp4,5966,199.06573239906575,29.97,1163,2,traffic_signs,0.7743738293647766,559.6063842773438,695.9666137695312,582.2200317382812,750.6262817382812,570.9132080078125,723.2964477539062,22.6136474609375,54.65966796875
IMG_0029.mp4,5966,199.06573239906575,29.97,1142,2,traffic_signs,0.858476459980011,834.103515625,746.4826049804688,870.9657592773438,792.7548828125,852.5346374511719,769.6187438964844,36.86224365234375,46.27227783203125
IMG_0029.mp4,5966,199.06573239906575,29.97,1162,2,traffic_signs,0.34959474205970764,863.4935302734375,707.3389282226562,875.4818115234375,739.0022583007812,869.4876708984375,723.1705932617188,11.98828125,31.663330078125
IMG_0029.mp4,5966,199.06573239906575,29.97,1173,2,traffic_signs,0.8898708820343018,178.71737670898438,715.5537719726562,206.60008239746094,740.4782104492188,192.65872955322266,728.0159912109375,27.882705688476562,24.9244384765625
IMG_0029.mp4,5967,199.0990990990991,29.97,1091,2,traffic_signs,0.5939502120018005,1253.8868408203125,735.2062377929688,1271.8067626953125,757.6671142578125,1262.8468017578125,746.4366760253906,17.919921875,22.46087646484375
IMG_0029.mp4,5967,199.0990990990991,29.97,998,2,traffic_signs,0.8476983308792114,1014.87646484375,716.27099609375,1039.4307861328125,745.494873046875,1027.1536254882812,730.8829345703125,24.5543212890625,29.223876953125
IMG_0029.mp4,5967,199.0990990990991,29.97,1144,2,traffic_signs,0.9160293340682983,719.7805786132812,557.1668090820312,803.900390625,650.0235595703125,761.8404846191406,603.5951843261719,84.11981201171875,92.85675048828125
IMG_0029.mp4,5967,199.0990990990991,29.97,1163,2,traffic_signs,0.9012842178344727,553.7998046875,694.5880126953125,577.3809814453125,753.4000244140625,565.5903930664062,723.9940185546875,23.5811767578125,58.81201171875
IMG_0029.mp4,5967,199.0990990990991,29.97,1142,2,traffic_signs,0.8656320571899414,828.6193237304688,746.0093994140625,867.076904296875,792.987060546875,847.8481140136719,769.4982299804688,38.45758056640625,46.9776611328125
IMG_0029.mp4,5967,199.0990990990991,29.97,1162,2,traffic_signs,0.6934394836425781,859.928955078125,706.5162353515625,873.2998046875,736.6741333007812,866.6143798828125,721.5951843261719,13.370849609375,30.15789794921875
IMG_0029.mp4,5967,199.0990990990991,29.97,1173,2,traffic_signs,0.9100350737571716,170.77963256835938,715.00732421875,198.75881958007812,740.32568359375,184.76922607421875,727.66650390625,27.97918701171875,25.318359375
IMG_0029.mp4,5968,199.13246579913246,29.97,1091,2,traffic_signs,0.5852243304252625,1253.2694091796875,734.9746704101562,1271.014892578125,757.4576416015625,1262.1421508789062,746.2161560058594,17.7454833984375,22.48297119140625
IMG_0029.mp4,5968,199.13246579913246,29.97,998,2,traffic_signs,0.7624794840812683,1012.6012573242188,716.3294677734375,1037.48828125,744.9625854492188,1025.0447692871094,730.6460266113281,24.88702392578125,28.63311767578125
IMG_0029.mp4,5968,199.13246579913246,29.97,1144,2,traffic_signs,0.9060937762260437,709.3868408203125,552.12939453125,795.90380859375,646.126220703125,752.6453247070312,599.1278076171875,86.5169677734375,93.996826171875
IMG_0029.mp4,5968,199.13246579913246,29.97,1163,2,traffic_signs,0.8325748443603516,549.364990234375,694.3859252929688,573.1189575195312,754.2492065429688,561.2419738769531,724.3175659179688,23.75396728515625,59.86328125
IMG_0029.mp4,5968,199.13246579913246,29.97,1142,2,traffic_signs,0.8859018087387085,825.3997802734375,745.1097412109375,863.2166748046875,792.7753295898438,844.3082275390625,768.9425354003906,37.81689453125,47.66558837890625
IMG_0029.mp4,5968,199.13246579913246,29.97,1162,2,traffic_signs,0.7625173330307007,857.3572387695312,705.6742553710938,871.5736694335938,736.72412109375,864.4654541015625,721.1991882324219,14.2164306640625,31.04986572265625
IMG_0029.mp4,5968,199.13246579913246,29.97,1173,2,traffic_signs,0.9090404510498047,164.97755432128906,713.9306030273438,192.44700622558594,739.9391479492188,178.7122802734375,726.9348754882812,27.469451904296875,26.008544921875
IMG_0029.mp4,5968,199.13246579913246,29.97,1165,2,traffic_signs,0.4157187342643738,600.3872680664062,724.5518798828125,617.5186767578125,746.3582153320312,608.9529724121094,735.4550476074219,17.13140869140625,21.80633544921875
IMG_0029.mp4,5969,199.16583249916584,29.97,1091,2,traffic_signs,0.6572011709213257,1252.123779296875,734.1541137695312,1270.3240966796875,757.5274658203125,1261.2239379882812,745.8407897949219,18.2003173828125,23.37335205078125
IMG_0029.mp4,5969,199.16583249916584,29.97,998,2,traffic_signs,0.8175455927848816,1009.6790161132812,715.979248046875,1034.9981689453125,744.3450317382812,1022.3385925292969,730.1621398925781,25.31915283203125,28.36578369140625
IMG_0029.mp4,5969,199.16583249916584,29.97,1144,2,traffic_signs,0.9251010417938232,697.7685546875,546.2899780273438,786.3250122070312,642.1761474609375,742.0467834472656,594.2330627441406,88.55645751953125,95.88616943359375
IMG_0029.mp4,5969,199.16583249916584,29.97,1163,2,traffic_signs,0.905859112739563,544.1954956054688,693.7210693359375,567.8130493164062,754.4044799804688,556.0042724609375,724.0627746582031,23.6175537109375,60.68341064453125
IMG_0029.mp4,5969,199.16583249916584,29.97,1142,2,traffic_signs,0.687985897064209,820.4968872070312,743.900146484375,858.9878540039062,793.3617553710938,839.7423706054688,768.6309509277344,38.490966796875,49.46160888671875
IMG_0029.mp4,5969,199.16583249916584,29.97,1162,2,traffic_signs,0.790981113910675,853.9317626953125,705.3612060546875,868.4092407226562,737.2023315429688,861.1705017089844,721.2817687988281,14.47747802734375,31.84112548828125
IMG_0029.mp4,5969,199.16583249916584,29.97,1173,2,traffic_signs,0.900797963142395,156.91807556152344,712.8885498046875,185.4663543701172,739.8896484375,171.1922149658203,726.3890991210938,28.54827880859375,27.0010986328125
IMG_0029.mp4,5970,199.1991991991992,29.97,1091,2,traffic_signs,0.5903614163398743,1251.6278076171875,733.47119140625,1270.0166015625,757.9412841796875,1260.8222045898438,745.7062377929688,18.3887939453125,24.4700927734375
IMG_0029.mp4,5970,199.1991991991992,29.97,998,2,traffic_signs,0.8242210149765015,1007.5675048828125,715.8876342773438,1033.257568359375,744.0648193359375,1020.4125366210938,729.9762268066406,25.6900634765625,28.17718505859375
IMG_0029.mp4,5970,199.1991991991992,29.97,1144,2,traffic_signs,0.9211750626564026,686.468505859375,541.9839477539062,776.9239501953125,638.5396728515625,731.6962280273438,590.2618103027344,90.4554443359375,96.55572509765625
IMG_0029.mp4,5970,199.1991991991992,29.97,1163,2,traffic_signs,0.8117300868034363,539.7313842773438,694.0332641601562,563.5441284179688,752.62646484375,551.6377563476562,723.3298645019531,23.812744140625,58.59320068359375
IMG_0029.mp4,5970,199.1991991991992,29.97,1142,2,traffic_signs,0.8830844163894653,816.7404174804688,742.896484375,855.2236328125,792.519775390625,835.9820251464844,767.7081298828125,38.48321533203125,49.623291015625
IMG_0029.mp4,5970,199.1991991991992,29.97,1162,2,traffic_signs,0.7286617755889893,851.38916015625,705.4998779296875,864.9569702148438,736.718017578125,858.1730651855469,721.1089477539062,13.56781005859375,31.2181396484375
IMG_0029.mp4,5970,199.1991991991992,29.97,1173,2,traffic_signs,0.915252149105072,149.69314575195312,711.885009765625,178.96234130859375,739.0443115234375,164.32774353027344,725.4646606445312,29.269195556640625,27.1593017578125
IMG_0029.mp4,5970,199.1991991991992,29.97,1127,2,traffic_signs,0.5180344581604004,540.4771118164062,714.9232177734375,562.3715209960938,750.84423828125,551.42431640625,732.8837280273438,21.8944091796875,35.9210205078125
IMG_0029.mp4,5971,199.23256589923258,29.97,1091,2,traffic_signs,0.42729729413986206,1250.9405517578125,733.3723754882812,1269.3895263671875,758.2963256835938,1260.1650390625,745.8343505859375,18.448974609375,24.9239501953125
IMG_0029.mp4,5971,199.23256589923258,29.97,998,2,traffic_signs,0.8496699333190918,1005.929443359375,715.8345336914062,1031.692626953125,744.1469116210938,1018.81103515625,729.99072265625,25.76318359375,28.3123779296875
IMG_0029.mp4,5971,199.23256589923258,29.97,1144,2,traffic_signs,0.9433873891830444,674.4688110351562,536.2560424804688,765.669677734375,634.91015625,720.0692443847656,585.5830993652344,91.20086669921875,98.65411376953125
IMG_0029.mp4,5971,199.23256589923258,29.97,1163,2,traffic_signs,0.7722833156585693,533.8942260742188,693.8314208984375,558.3175659179688,752.6071166992188,546.1058959960938,723.2192687988281,24.42333984375,58.77569580078125
IMG_0029.mp4,5971,199.23256589923258,29.97,1142,2,traffic_signs,0.8651455044746399,812.0420532226562,742.9209594726562,849.8876953125,792.3722534179688,830.9648742675781,767.6466064453125,37.84564208984375,49.4512939453125
IMG_0029.mp4,5971,199.23256589923258,29.97,1162,2,traffic_signs,0.7705225944519043,847.8948364257812,705.6445922851562,861.0046997070312,736.2994384765625,854.4497680664062,720.9720153808594,13.10986328125,30.65484619140625
IMG_0029.mp4,5971,199.23256589923258,29.97,1173,2,traffic_signs,0.6148751378059387,142.51583862304688,711.4246215820312,170.95758056640625,738.2211303710938,156.73670959472656,724.8228759765625,28.441741943359375,26.7965087890625
IMG_0029.mp4,5971,199.23256589923258,29.97,965,2,traffic_signs,0.8366280198097229,588.940185546875,576.8607788085938,648.0388793945312,671.29345703125,618.4895324707031,624.0771179199219,59.09869384765625,94.43267822265625
IMG_0029.mp4,5972,199.26593259926594,29.97,1091,2,traffic_signs,0.615379273891449,1250.3206787109375,733.816650390625,1268.1885986328125,757.686279296875,1259.254638671875,745.75146484375,17.867919921875,23.86962890625
IMG_0029.mp4,5972,199.26593259926594,29.97,998,2,traffic_signs,0.8026595115661621,1004.4716186523438,715.2953491210938,1030.2608642578125,743.8154296875,1017.3662414550781,729.5553894042969,25.78924560546875,28.52008056640625
IMG_0029.mp4,5972,199.26593259926594,29.97,1144,2,traffic_signs,0.9160588979721069,661.2053833007812,530.3850708007812,754.969482421875,629.6920776367188,708.0874328613281,580.03857421875,93.76409912109375,99.3070068359375
IMG_0029.mp4,5972,199.26593259926594,29.97,1163,2,traffic_signs,0.8181861639022827,528.6820068359375,692.7130126953125,552.818115234375,752.3993530273438,540.7500610351562,722.5561828613281,24.1361083984375,59.68634033203125
IMG_0029.mp4,5972,199.26593259926594,29.97,1142,2,traffic_signs,0.8865551352500916,806.7154541015625,742.0616455078125,846.1244506835938,792.2305297851562,826.4199523925781,767.1460876464844,39.40899658203125,50.16888427734375
IMG_0029.mp4,5972,199.26593259926594,29.97,1162,2,traffic_signs,0.6915473937988281,845.4541625976562,703.9392700195312,857.8182373046875,735.5447387695312,851.6361999511719,719.7420043945312,12.36407470703125,31.60546875
IMG_0029.mp4,5972,199.26593259926594,29.97,1173,2,traffic_signs,0.8894259929656982,133.99346923828125,710.056884765625,163.57139587402344,737.8193359375,148.78243255615234,723.9381103515625,29.577926635742188,27.762451171875
IMG_0029.mp4,5972,199.26593259926594,29.97,965,2,traffic_signs,0.861455500125885,577.5618896484375,572.9505615234375,639.0494995117188,674.392333984375,608.3056945800781,623.6714477539062,61.48760986328125,101.4417724609375
IMG_0029.mp4,5973,199.29929929929932,29.97,1091,2,traffic_signs,0.5835901498794556,1250.480224609375,734.26025390625,1267.860107421875,757.5137329101562,1259.170166015625,745.8869934082031,17.3798828125,23.25347900390625
IMG_0029.mp4,5973,199.29929929929932,29.97,998,2,traffic_signs,0.6173637509346008,1002.386474609375,714.23486328125,1028.67578125,743.1763916015625,1015.5311279296875,728.7056274414062,26.289306640625,28.9415283203125
IMG_0029.mp4,5973,199.29929929929932,29.97,1144,2,traffic_signs,0.9334947466850281,648.156982421875,523.66162109375,744.3013916015625,626.2757568359375,696.2291870117188,574.9686889648438,96.1444091796875,102.6141357421875
IMG_0029.mp4,5973,199.29929929929932,29.97,1163,2,traffic_signs,0.6460872292518616,523.9663696289062,703.10986328125,547.1646728515625,752.10546875,535.5655212402344,727.607666015625,23.19830322265625,48.99560546875
IMG_0029.mp4,5973,199.29929929929932,29.97,1142,2,traffic_signs,0.9023153185844421,802.66064453125,740.8068237304688,842.2567138671875,791.1239013671875,822.4586791992188,765.9653625488281,39.5960693359375,50.31707763671875
IMG_0029.mp4,5973,199.29929929929932,29.97,1162,2,traffic_signs,0.8064224720001221,842.2925415039062,702.1461181640625,854.81591796875,734.9475708007812,848.5542297363281,718.5468444824219,12.52337646484375,32.80145263671875
IMG_0029.mp4,5973,199.29929929929932,29.97,1173,2,traffic_signs,0.8774283528327942,127.00605773925781,709.1829833984375,156.08023071289062,736.9380493164062,141.54314422607422,723.0605163574219,29.074172973632812,27.75506591796875
IMG_0029.mp4,5973,199.29929929929932,29.97,965,2,traffic_signs,0.8868124485015869,566.2268676757812,561.4656982421875,630.6929931640625,675.3192138671875,598.4599304199219,618.3924560546875,64.46612548828125,113.853515625
IMG_0029.mp4,5974,199.33266599933268,29.97,1091,2,traffic_signs,0.6453030705451965,1249.8861083984375,734.3652954101562,1267.233642578125,757.0053100585938,1258.5598754882812,745.685302734375,17.3475341796875,22.6400146484375
IMG_0029.mp4,5974,199.33266599933268,29.97,998,2,traffic_signs,0.39068740606307983,1001.02978515625,714.2044677734375,1027.185791015625,742.9732055664062,1014.1077880859375,728.5888366699219,26.156005859375,28.76873779296875
IMG_0029.mp4,5974,199.33266599933268,29.97,1144,2,traffic_signs,0.9273063540458679,634.9625244140625,517.241943359375,733.3584594726562,621.4629516601562,684.1604919433594,569.3524475097656,98.39593505859375,104.22100830078125
IMG_0029.mp4,5974,199.33266599933268,29.97,1163,2,traffic_signs,0.7275592088699341,519.7987060546875,692.6917114257812,543.9898681640625,752.115234375,531.894287109375,722.4034729003906,24.191162109375,59.42352294921875
IMG_0029.mp4,5974,199.33266599933268,29.97,1142,2,traffic_signs,0.9330565929412842,797.7078857421875,739.7750244140625,838.5028076171875,791.2591552734375,818.1053466796875,765.51708984375,40.794921875,51.484130859375
IMG_0029.mp4,5974,199.33266599933268,29.97,1162,2,traffic_signs,0.8235673308372498,839.6983642578125,700.610595703125,852.2452392578125,733.564453125,845.9718017578125,717.0875244140625,12.546875,32.953857421875
IMG_0029.mp4,5974,199.33266599933268,29.97,1173,2,traffic_signs,0.8069072961807251,120.61344909667969,707.1936645507812,150.3878173828125,736.3591918945312,135.5006332397461,721.7764282226562,29.774368286132812,29.16552734375
IMG_0029.mp4,5974,199.33266599933268,29.97,965,2,traffic_signs,0.6172287464141846,555.6380615234375,555.5650024414062,622.3071899414062,677.3023681640625,588.9726257324219,616.4336853027344,66.66912841796875,121.73736572265625
IMG_0029.mp4,5975,199.36603269936603,29.97,1091,2,traffic_signs,0.6554495096206665,1249.7294921875,734.180419921875,1267.2457275390625,756.595947265625,1258.4876098632812,745.38818359375,17.5162353515625,22.41552734375
IMG_0029.mp4,5975,199.36603269936603,29.97,998,2,traffic_signs,0.3866293132305145,999.89111328125,713.6281127929688,1025.7430419921875,742.840576171875,1012.8170776367188,728.2343444824219,25.8519287109375,29.21246337890625
IMG_0029.mp4,5975,199.36603269936603,29.97,1144,2,traffic_signs,0.920497715473175,621.0265502929688,509.1142883300781,721.4984130859375,615.255859375,671.2624816894531,562.1850738525391,100.47186279296875,106.14157104492188
IMG_0029.mp4,5975,199.36603269936603,29.97,1163,2,traffic_signs,0.7953853607177734,515.343994140625,689.7974853515625,540.0767822265625,750.8616943359375,527.7103881835938,720.32958984375,24.7327880859375,61.064208984375
IMG_0029.mp4,5975,199.36603269936603,29.97,1142,2,traffic_signs,0.9116169214248657,793.3206176757812,739.0758056640625,835.1324462890625,791.1937255859375,814.2265319824219,765.134765625,41.81182861328125,52.117919921875
IMG_0029.mp4,5975,199.36603269936603,29.97,1162,2,traffic_signs,0.8232413530349731,837.293701171875,699.8724975585938,849.5797119140625,732.2163696289062,843.4367065429688,716.04443359375,12.2860107421875,32.3438720703125
IMG_0029.mp4,5975,199.36603269936603,29.97,1173,2,traffic_signs,0.6276140809059143,114.39165496826172,706.0283813476562,143.63540649414062,735.1837768554688,129.01353073120117,720.6060791015625,29.243751525878906,29.1553955078125
IMG_0029.mp4,5975,199.36603269936603,29.97,965,2,traffic_signs,0.9000592231750488,543.8731079101562,557.9070434570312,612.5469360351562,675.8041381835938,578.2100219726562,616.8555908203125,68.673828125,117.8970947265625
IMG_0029.mp4,5976,199.3993993993994,29.97,1091,2,traffic_signs,0.6810976266860962,1249.6131591796875,733.9456176757812,1267.86474609375,756.620361328125,1258.7389526367188,745.2829895019531,18.2515869140625,22.67474365234375
IMG_0029.mp4,5976,199.3993993993994,29.97,998,2,traffic_signs,0.39238789677619934,998.7398071289062,713.11328125,1024.3099365234375,742.6251220703125,1011.5248718261719,727.8692016601562,25.57012939453125,29.5118408203125
IMG_0029.mp4,5976,199.3993993993994,29.97,1144,2,traffic_signs,0.9361969232559204,606.7919921875,501.49383544921875,709.6770629882812,609.6019897460938,658.2345275878906,555.5479125976562,102.88507080078125,108.108154296875
IMG_0029.mp4,5976,199.3993993993994,29.97,1163,2,traffic_signs,0.5634053945541382,511.2033386230469,687.5895385742188,535.4005126953125,750.9080810546875,523.3019256591797,719.2488098144531,24.197174072265625,63.31854248046875
IMG_0029.mp4,5976,199.3993993993994,29.97,1142,2,traffic_signs,0.9050750732421875,788.3711547851562,737.9193115234375,831.3551025390625,790.1625366210938,809.8631286621094,764.0409240722656,42.98394775390625,52.24322509765625
IMG_0029.mp4,5976,199.3993993993994,29.97,1162,2,traffic_signs,0.6504302024841309,834.1284790039062,698.5977783203125,846.9658813476562,731.1229858398438,840.5471801757812,714.8603820800781,12.83740234375,32.52520751953125
IMG_0029.mp4,5976,199.3993993993994,29.97,1173,2,traffic_signs,0.7972496151924133,107.69414520263672,704.2579956054688,137.34632873535156,733.9895629882812,122.52023696899414,719.123779296875,29.652183532714844,29.7315673828125
IMG_0029.mp4,5976,199.3993993993994,29.97,965,2,traffic_signs,0.9115610718727112,532.1541748046875,553.2510375976562,602.39501953125,674.3916625976562,567.2745971679688,613.8213500976562,70.2408447265625,121.140625
IMG_0029.mp4,5977,199.43276609943277,29.97,1091,2,traffic_signs,0.7025942206382751,1249.2015380859375,733.9129638671875,1268.0186767578125,756.7772216796875,1258.610107421875,745.3450927734375,18.817138671875,22.8642578125
IMG_0029.mp4,5977,199.43276609943277,29.97,998,2,traffic_signs,0.6076743006706238,996.7117919921875,712.44775390625,1022.7899169921875,742.208984375,1009.7508544921875,727.328369140625,26.078125,29.76123046875
IMG_0029.mp4,5977,199.43276609943277,29.97,1144,2,traffic_signs,0.9370855689048767,592.0800170898438,492.76104736328125,696.8260498046875,603.3132934570312,644.4530334472656,548.0371704101562,104.74603271484375,110.55224609375
IMG_0029.mp4,5977,199.43276609943277,29.97,1163,2,traffic_signs,0.6418782472610474,505.12445068359375,685.421630859375,530.5313110351562,750.200439453125,517.827880859375,717.81103515625,25.4068603515625,64.77880859375
IMG_0029.mp4,5977,199.43276609943277,29.97,1142,2,traffic_signs,0.9107447862625122,782.8104248046875,737.0836791992188,826.5718383789062,789.0847778320312,804.6911315917969,763.084228515625,43.76141357421875,52.0010986328125
IMG_0029.mp4,5977,199.43276609943277,29.97,1162,2,traffic_signs,0.8492527604103088,830.2020263671875,696.47900390625,842.95947265625,730.1719360351562,836.5807495117188,713.3254699707031,12.7574462890625,33.69293212890625
IMG_0029.mp4,5977,199.43276609943277,29.97,1173,2,traffic_signs,0.901708722114563,99.20513153076172,703.0665893554688,129.6663360595703,732.6213989257812,114.43573379516602,717.843994140625,30.461204528808594,29.5548095703125
IMG_0029.mp4,5977,199.43276609943277,29.97,965,2,traffic_signs,0.9193007349967957,519.2579956054688,550.1392822265625,591.703857421875,669.40771484375,555.4809265136719,609.7734985351562,72.44586181640625,119.2684326171875
IMG_0029.mp4,5978,199.46613279946615,29.97,1091,2,traffic_signs,0.7156558036804199,1248.839111328125,733.534423828125,1268.2410888671875,756.55615234375,1258.5401000976562,745.0452880859375,19.4019775390625,23.021728515625
IMG_0029.mp4,5978,199.46613279946615,29.97,998,2,traffic_signs,0.7229337096214294,995.2728271484375,710.9944458007812,1021.5272216796875,741.095458984375,1008.4000244140625,726.0449523925781,26.25439453125,30.10101318359375
IMG_0029.mp4,5978,199.46613279946615,29.97,1144,2,traffic_signs,0.9601520299911499,577.465576171875,484.3715515136719,683.6767578125,597.4088134765625,630.5711669921875,540.8901824951172,106.211181640625,113.03726196289062
IMG_0029.mp4,5978,199.46613279946615,29.97,1163,2,traffic_signs,0.5394222736358643,500.82098388671875,683.5490112304688,526.9476928710938,750.097412109375,513.8843383789062,716.8232116699219,26.126708984375,66.54840087890625
IMG_0029.mp4,5978,199.46613279946615,29.97,1142,2,traffic_signs,0.9159663915634155,778.1670532226562,735.8796997070312,822.0615844726562,788.6097412109375,800.1143188476562,762.2447204589844,43.89453125,52.73004150390625
IMG_0029.mp4,5978,199.46613279946615,29.97,1162,2,traffic_signs,0.8523163795471191,827.8177490234375,695.11328125,840.8145141601562,729.8604736328125,834.3161315917969,712.4868774414062,12.99676513671875,34.7471923828125
IMG_0029.mp4,5978,199.46613279946615,29.97,965,2,traffic_signs,0.8686618208885193,507.6650085449219,529.9407958984375,581.7232055664062,667.9876708984375,544.6941070556641,598.9642333984375,74.05819702148438,138.046875
IMG_0029.mp4,5979,199.4994994994995,29.97,1091,2,traffic_signs,0.7169966101646423,1248.6224365234375,732.7866821289062,1268.598876953125,756.31787109375,1258.6106567382812,744.5522766113281,19.9764404296875,23.53118896484375
IMG_0029.mp4,5979,199.4994994994995,29.97,998,2,traffic_signs,0.46155282855033875,993.8414306640625,710.269287109375,1019.7598266601562,740.5613403320312,1006.8006286621094,725.4153137207031,25.91839599609375,30.29205322265625
IMG_0029.mp4,5979,199.4994994994995,29.97,1144,2,traffic_signs,0.9569189548492432,559.3884887695312,474.872802734375,669.2427368164062,591.1062622070312,614.3156127929688,532.9895324707031,109.854248046875,116.23345947265625
IMG_0029.mp4,5979,199.4994994994995,29.97,1142,2,traffic_signs,0.911848247051239,773.4828491210938,734.4431762695312,816.1229858398438,788.2147216796875,794.8029174804688,761.3289489746094,42.64013671875,53.77154541015625
IMG_0029.mp4,5979,199.4994994994995,29.97,1162,2,traffic_signs,0.8303911685943604,824.6417236328125,693.9278564453125,838.0192260742188,728.798095703125,831.3304748535156,711.3629760742188,13.37750244140625,34.8702392578125
IMG_0029.mp4,5979,199.4994994994995,29.97,965,2,traffic_signs,0.8499906659126282,494.24298095703125,519.693359375,571.230224609375,664.773681640625,532.7366027832031,592.2335205078125,76.98724365234375,145.080322265625
IMG_0029.mp4,5980,199.53286619953286,29.97,1091,2,traffic_signs,0.7749267220497131,1248.689208984375,732.272216796875,1268.8851318359375,756.1685180664062,1258.7871704101562,744.2203674316406,20.1959228515625,23.89630126953125
IMG_0029.mp4,5980,199.53286619953286,29.97,998,2,traffic_signs,0.5449279546737671,993.2136840820312,709.7832641601562,1018.6497192382812,740.1663818359375,1005.9317016601562,724.9748229980469,25.43603515625,30.38311767578125
IMG_0029.mp4,5980,199.53286619953286,29.97,1144,2,traffic_signs,0.9212694764137268,536.8613891601562,465.58197021484375,655.5823974609375,584.0220336914062,596.2218933105469,524.802001953125,118.72100830078125,118.4400634765625
IMG_0029.mp4,5980,199.53286619953286,29.97,1142,2,traffic_signs,0.9173412919044495,769.31787109375,733.2296752929688,812.6318969726562,787.77734375,790.9748840332031,760.5035095214844,43.31402587890625,54.54766845703125
IMG_0029.mp4,5980,199.53286619953286,29.97,1162,2,traffic_signs,0.8476458191871643,821.9010009765625,692.5379028320312,835.7265625,728.2886352539062,828.8137817382812,710.4132690429688,13.8255615234375,35.750732421875
IMG_0029.mp4,5980,199.53286619953286,29.97,965,2,traffic_signs,0.8111687898635864,481.6893005371094,509.0126953125,560.4126586914062,662.6085205078125,521.0509796142578,585.8106079101562,78.72335815429688,153.5958251953125
IMG_0029.mp4,5981,199.56623289956624,29.97,1091,2,traffic_signs,0.6839406490325928,1249.068115234375,731.8262939453125,1269.117431640625,756.09130859375,1259.0927734375,743.9588012695312,20.04931640625,24.2650146484375
IMG_0029.mp4,5981,199.56623289956624,29.97,998,2,traffic_signs,0.6189444065093994,991.5197143554688,709.1488647460938,1017.2787475585938,739.7854614257812,1004.3992309570312,724.4671630859375,25.759033203125,30.6365966796875
IMG_0029.mp4,5981,199.56623289956624,29.97,1144,2,traffic_signs,0.9174662828445435,500.58990478515625,455.09295654296875,639.88916015625,577.07177734375,570.2395324707031,516.0823669433594,139.29925537109375,121.97882080078125
IMG_0029.mp4,5981,199.56623289956624,29.97,1142,2,traffic_signs,0.9116459488868713,764.436767578125,732.1332397460938,807.9990844726562,787.6544189453125,786.2179260253906,759.8938293457031,43.56231689453125,55.52117919921875
IMG_0029.mp4,5981,199.56623289956624,29.97,1162,2,traffic_signs,0.8165833950042725,819.0292358398438,691.354736328125,833.0684814453125,727.7650756835938,826.0488586425781,709.5599060058594,14.03924560546875,36.41033935546875
IMG_0029.mp4,5981,199.56623289956624,29.97,965,2,traffic_signs,0.4083041846752167,467.38055419921875,491.9952087402344,550.5372314453125,661.7838745117188,508.9588928222656,576.8895416259766,83.15667724609375,169.78866577148438
IMG_0029.mp4,5981,199.56623289956624,29.97,1163,2,traffic_signs,0.34084558486938477,490.0450134277344,680.4693603515625,514.386474609375,744.3068237304688,502.2157440185547,712.3880920410156,24.341461181640625,63.83746337890625
IMG_0029.mp4,5982,199.5995995995996,29.97,1091,2,traffic_signs,0.605399489402771,1249.7926025390625,730.9456176757812,1270.1534423828125,756.0562133789062,1259.9730224609375,743.5009155273438,20.36083984375,25.110595703125
IMG_0029.mp4,5982,199.5995995995996,29.97,998,2,traffic_signs,0.3714127838611603,990.8367919921875,708.45751953125,1016.4658203125,739.2391967773438,1003.6513061523438,723.8483581542969,25.6290283203125,30.78167724609375
IMG_0029.mp4,5982,199.5995995995996,29.97,1144,2,traffic_signs,0.8809619545936584,474.81292724609375,443.9228515625,624.1344604492188,570.2783813476562,549.4736938476562,507.1006164550781,149.321533203125,126.35552978515625
IMG_0029.mp4,5982,199.5995995995996,29.97,1142,2,traffic_signs,0.9304171204566956,758.8406372070312,730.956787109375,804.2705078125,786.541748046875,781.5555725097656,758.749267578125,45.42987060546875,55.5849609375
IMG_0029.mp4,5982,199.5995995995996,29.97,1162,2,traffic_signs,0.835191547870636,816.7989501953125,690.43603515625,830.9981079101562,727.1281127929688,823.8985290527344,708.7820739746094,14.19915771484375,36.69207763671875
IMG_0029.mp4,5982,199.5995995995996,29.97,1187,2,traffic_signs,0.5487107634544373,550.02490234375,715.19970703125,569.3062133789062,741.4179077148438,559.6655578613281,728.3088073730469,19.28131103515625,26.21820068359375
IMG_0029.mp4,5982,199.5995995995996,29.97,1188,2,traffic_signs,0.4833390414714813,1249.5794677734375,731.4027709960938,1269.610107421875,756.0314331054688,1259.5947875976562,743.7171020507812,20.0306396484375,24.628662109375
IMG_0029.mp4,5982,199.5995995995996,29.97,1163,2,traffic_signs,0.41253742575645447,482.4577941894531,679.5449829101562,507.87701416015625,743.1570434570312,495.1674041748047,711.3510131835938,25.419219970703125,63.612060546875
IMG_0029.mp4,5982,199.5995995995996,29.97,1173,2,traffic_signs,0.5328317880630493,64.10997772216797,697.9609985351562,96.76585388183594,728.987548828125,80.43791580200195,713.4742736816406,32.65587615966797,31.02655029296875
IMG_0029.mp4,5983,199.63296629963298,29.97,1091,2,traffic_signs,0.7617102265357971,1249.858642578125,730.69384765625,1270.858154296875,756.115966796875,1260.3583984375,743.4049072265625,20.99951171875,25.422119140625
IMG_0029.mp4,5983,199.63296629963298,29.97,1144,2,traffic_signs,0.3009442389011383,459.01873779296875,432.4461975097656,607.2138061523438,562.6101684570312,533.1162719726562,497.52818298339844,148.195068359375,130.16397094726562
IMG_0029.mp4,5983,199.63296629963298,29.97,1142,2,traffic_signs,0.922386109828949,753.5275268554688,730.45947265625,801.3185424804688,785.8931274414062,777.4230346679688,758.1763000488281,47.791015625,55.43365478515625
IMG_0029.mp4,5983,199.63296629963298,29.97,1162,2,traffic_signs,0.8178708553314209,813.7181396484375,689.54931640625,827.6196899414062,726.4737548828125,820.6689147949219,708.0115356445312,13.90155029296875,36.9244384765625
IMG_0029.mp4,5983,199.63296629963298,29.97,1187,2,traffic_signs,0.7792235612869263,546.4483032226562,714.1680908203125,565.9970092773438,739.8040771484375,556.22265625,726.986083984375,19.5487060546875,25.635986328125
IMG_0029.mp4,5983,199.63296629963298,29.97,1173,2,traffic_signs,0.5119836926460266,56.231693267822266,696.5773315429688,90.259765625,728.175048828125,73.24572944641113,712.3761901855469,34.028072357177734,31.59771728515625
IMG_0029.mp4,5984,199.66633299966634,29.97,1091,2,traffic_signs,0.7782361507415771,1249.9881591796875,730.8273315429688,1271.2484130859375,756.1937255859375,1260.6182861328125,743.5105285644531,21.26025390625,25.36639404296875
IMG_0029.mp4,5984,199.66633299966634,29.97,1144,2,traffic_signs,0.9167703986167908,447.60498046875,420.1885681152344,588.1343383789062,556.4182739257812,517.8696594238281,488.3034210205078,140.52935791015625,136.22970581054688
IMG_0029.mp4,5984,199.66633299966634,29.97,1142,2,traffic_signs,0.9264501929283142,748.6714477539062,729.7388916015625,796.2096557617188,785.3390502929688,772.4405517578125,757.5389709472656,47.5382080078125,55.60015869140625
IMG_0029.mp4,5984,199.66633299966634,29.97,1162,2,traffic_signs,0.8237308263778687,810.3309326171875,689.125,824.4818725585938,726.307373046875,817.4064025878906,707.7161865234375,14.15093994140625,37.182373046875
IMG_0029.mp4,5984,199.66633299966634,29.97,1187,2,traffic_signs,0.6698102355003357,542.4514770507812,713.192626953125,562.1982421875,746.1280517578125,552.3248596191406,729.6603393554688,19.74676513671875,32.9354248046875
IMG_0029.mp4,5984,199.66633299966634,29.97,1173,2,traffic_signs,0.7125502824783325,48.53662109375,695.4082641601562,82.6341552734375,727.193359375,65.58538818359375,711.3008117675781,34.0975341796875,31.78509521484375
IMG_0029.mp4,5984,199.66633299966634,29.97,1189,2,traffic_signs,0.45194220542907715,575.9677124023438,749.2423095703125,586.8213500976562,765.7614135742188,581.39453125,757.5018615722656,10.8536376953125,16.51910400390625
IMG_0029.mp4,5984,199.66633299966634,29.97,1163,2,traffic_signs,0.8611135482788086,472.6298522949219,677.602294921875,498.88494873046875,742.2125854492188,485.7574005126953,709.9074401855469,26.255096435546875,64.61029052734375
IMG_0029.mp4,5985,199.69969969969972,29.97,1091,2,traffic_signs,0.7453972697257996,1250.302001953125,730.8746337890625,1271.230712890625,756.0789794921875,1260.766357421875,743.476806640625,20.9287109375,25.204345703125
IMG_0029.mp4,5985,199.69969969969972,29.97,1144,2,traffic_signs,0.9396640062332153,434.36944580078125,408.1862487792969,567.647216796875,544.677978515625,501.0083312988281,476.43211364746094,133.27777099609375,136.49172973632812
IMG_0029.mp4,5985,199.69969969969972,29.97,1142,2,traffic_signs,0.9097948670387268,744.5902709960938,728.0851440429688,791.1049194335938,784.6708984375,767.8475952148438,756.3780212402344,46.5146484375,56.58575439453125
IMG_0029.mp4,5985,199.69969969969972,29.97,1162,2,traffic_signs,0.8354887962341309,807.1021118164062,688.045166015625,821.9523315429688,726.4545288085938,814.5272216796875,707.2498474121094,14.8502197265625,38.40936279296875
IMG_0029.mp4,5985,199.69969969969972,29.97,1187,2,traffic_signs,0.8031393885612488,539.4367065429688,712.869873046875,558.6100463867188,741.99462890625,549.0233764648438,727.4322509765625,19.17333984375,29.124755859375
IMG_0029.mp4,5985,199.69969969969972,29.97,1173,2,traffic_signs,0.4104889929294586,40.582923889160156,694.8955078125,75.68828582763672,726.021484375,58.13560485839844,710.45849609375,35.10536193847656,31.1259765625
IMG_0029.mp4,5985,199.69969969969972,29.97,1163,2,traffic_signs,0.918174147605896,467.2254333496094,676.3062133789062,494.02471923828125,741.5739135742188,480.6250762939453,708.9400634765625,26.799285888671875,65.2677001953125
IMG_0029.mp4,5986,199.73306639973308,29.97,1091,2,traffic_signs,0.766207754611969,1250.9202880859375,730.8200073242188,1271.5150146484375,756.048095703125,1261.2176513671875,743.4340515136719,20.5947265625,25.22808837890625
IMG_0029.mp4,5986,199.73306639973308,29.97,1144,2,traffic_signs,0.9435390830039978,413.5527038574219,394.50897216796875,545.69775390625,532.095458984375,479.62522888183594,463.3022155761719,132.14505004882812,137.58648681640625
IMG_0029.mp4,5986,199.73306639973308,29.97,1142,2,traffic_signs,0.90104740858078,738.5558471679688,726.8396606445312,785.466064453125,784.2498779296875,762.0109558105469,755.5447692871094,46.91021728515625,57.41021728515625
IMG_0029.mp4,5986,199.73306639973308,29.97,1162,2,traffic_signs,0.8395587205886841,804.235107421875,687.3644409179688,819.159423828125,726.0441284179688,811.697265625,706.7042846679688,14.92431640625,38.6796875
IMG_0029.mp4,5986,199.73306639973308,29.97,1187,2,traffic_signs,0.6499174237251282,536.304931640625,712.2366943359375,555.2575073242188,742.9006958007812,545.7812194824219,727.5686950683594,18.95257568359375,30.66400146484375
IMG_0029.mp4,5986,199.73306639973308,29.97,1163,2,traffic_signs,0.8997930884361267,462.399169921875,675.0205078125,489.9615478515625,741.2802734375,476.18035888671875,708.150390625,27.5623779296875,66.259765625
IMG_0029.mp4,5986,199.73306639973308,29.97,998,2,traffic_signs,0.2836509346961975,985.5052490234375,706.2108764648438,1011.7979736328125,739.2906494140625,998.651611328125,722.7507629394531,26.292724609375,33.07977294921875
IMG_0029.mp4,5987,199.76643309976643,29.97,1091,2,traffic_signs,0.7706343531608582,1251.8438720703125,730.5905151367188,1272.392822265625,755.56884765625,1262.1183471679688,743.0796813964844,20.5489501953125,24.97833251953125
IMG_0029.mp4,5987,199.76643309976643,29.97,1144,2,traffic_signs,0.8994645476341248,387.21905517578125,379.73590087890625,523.0077514648438,521.2147216796875,455.1134033203125,450.4753112792969,135.7886962890625,141.47882080078125
IMG_0029.mp4,5987,199.76643309976643,29.97,1142,2,traffic_signs,0.9026995301246643,731.9788208007812,726.2791748046875,781.470458984375,784.0159912109375,756.7246398925781,755.1475830078125,49.49163818359375,57.73681640625
IMG_0029.mp4,5987,199.76643309976643,29.97,1162,2,traffic_signs,0.8367952704429626,801.4764404296875,686.746826171875,816.2495727539062,725.2573852539062,808.8630065917969,706.0021057128906,14.77313232421875,38.51055908203125
IMG_0029.mp4,5987,199.76643309976643,29.97,1187,2,traffic_signs,0.6411924362182617,532.6201171875,712.1094970703125,551.704833984375,741.76416015625,542.1624755859375,726.9368286132812,19.084716796875,29.6546630859375
IMG_0029.mp4,5987,199.76643309976643,29.97,1163,2,traffic_signs,0.9140048027038574,457.853271484375,673.6678466796875,484.7590637207031,741.0091552734375,471.30616760253906,707.3385009765625,26.905792236328125,67.34130859375
IMG_0029.mp4,5987,199.76643309976643,29.97,965,2,traffic_signs,0.8437532186508179,412.95501708984375,510.0670471191406,475.20989990234375,604.6705322265625,444.08245849609375,557.3687896728516,62.2548828125,94.60348510742188
IMG_0029.mp4,5988,199.7997997997998,29.97,1091,2,traffic_signs,0.7417721748352051,1252.1326904296875,730.5625610351562,1272.849365234375,755.1217651367188,1262.4910278320312,742.8421630859375,20.7166748046875,24.5592041015625
IMG_0029.mp4,5988,199.7997997997998,29.97,1144,2,traffic_signs,0.8389802575111389,358.78558349609375,363.9210510253906,498.068603515625,510.5739440917969,428.4270935058594,437.24749755859375,139.28302001953125,146.65289306640625
IMG_0029.mp4,5988,199.7997997997998,29.97,1142,2,traffic_signs,0.9028226137161255,726.4156494140625,725.3576049804688,777.7771606445312,783.5919799804688,752.0964050292969,754.4747924804688,51.36151123046875,58.234375
IMG_0029.mp4,5988,199.7997997997998,29.97,1162,2,traffic_signs,0.8304443359375,798.78564453125,685.9480590820312,813.3692626953125,723.7407836914062,806.0774536132812,704.8444213867188,14.5836181640625,37.792724609375
IMG_0029.mp4,5988,199.7997997997998,29.97,1187,2,traffic_signs,0.7947483062744141,529.218994140625,710.6370849609375,547.975341796875,740.5527954101562,538.59716796875,725.5949401855469,18.75634765625,29.91571044921875
IMG_0029.mp4,5988,199.7997997997998,29.97,1163,2,traffic_signs,0.9118171334266663,452.2673034667969,672.9102783203125,480.42388916015625,740.18310546875,466.34559631347656,706.5466918945312,28.156585693359375,67.2728271484375
IMG_0029.mp4,5988,199.7997997997998,29.97,965,2,traffic_signs,0.8033910989761353,389.0928955078125,502.2919616699219,459.7963562011719,593.8898315429688,424.4446258544922,548.0908966064453,70.70346069335938,91.59786987304688
IMG_0029.mp4,5988,199.7997997997998,29.97,998,2,traffic_signs,0.33543482422828674,982.8292236328125,704.7809448242188,1009.5042114257812,737.56689453125,996.1667175292969,721.1739196777344,26.67498779296875,32.78594970703125
IMG_0029.mp4,5989,199.83316649983317,29.97,1091,2,traffic_signs,0.76007479429245,1252.8863525390625,730.3571166992188,1273.626708984375,755.2649536132812,1263.2565307617188,742.81103515625,20.7403564453125,24.9078369140625
IMG_0029.mp4,5989,199.83316649983317,29.97,1144,2,traffic_signs,0.8623684644699097,327.54644775390625,346.6849365234375,472.6091003417969,498.1372985839844,400.07777404785156,422.41111755371094,145.06265258789062,151.45236206054688
IMG_0029.mp4,5989,199.83316649983317,29.97,1142,2,traffic_signs,0.8745278120040894,720.9053344726562,724.0044555664062,772.8958740234375,784.018310546875,746.9006042480469,754.0113830566406,51.99053955078125,60.01385498046875
IMG_0029.mp4,5989,199.83316649983317,29.97,1162,2,traffic_signs,0.5612852573394775,796.5768432617188,685.4002685546875,810.8711547851562,722.5010375976562,803.7239990234375,703.9506530761719,14.2943115234375,37.10076904296875
IMG_0029.mp4,5989,199.83316649983317,29.97,1187,2,traffic_signs,0.841825008392334,526.5546264648438,709.6925048828125,544.3106689453125,737.4210815429688,535.4326477050781,723.5567932128906,17.75604248046875,27.72857666015625
IMG_0029.mp4,5989,199.83316649983317,29.97,1163,2,traffic_signs,0.9227743148803711,447.11956787109375,672.049560546875,475.8091125488281,739.8228759765625,461.46434020996094,705.9362182617188,28.689544677734375,67.7733154296875
IMG_0029.mp4,5989,199.83316649983317,29.97,965,2,traffic_signs,0.8623883128166199,361.2822265625,491.4263000488281,446.0258483886719,589.0966796875,403.65403747558594,540.2614898681641,84.74362182617188,97.67037963867188
IMG_0029.mp4,5989,199.83316649983317,29.97,1173,2,traffic_signs,0.43732568621635437,10.918437004089355,685.8489990234375,48.2022705078125,721.6532592773438,29.560353755950928,703.7511291503906,37.283833503723145,35.80426025390625
IMG_0029.mp4,5990,199.86653319986655,29.97,1091,2,traffic_signs,0.7517255544662476,1253.3515625,730.3196411132812,1274.217041015625,755.2947998046875,1263.7843017578125,742.8072204589844,20.865478515625,24.97515869140625
IMG_0029.mp4,5990,199.86653319986655,29.97,1142,2,traffic_signs,0.8982235193252563,715.5379028320312,722.559326171875,767.8873291015625,783.752197265625,741.7126159667969,753.15576171875,52.34942626953125,61.19287109375
IMG_0029.mp4,5990,199.86653319986655,29.97,1162,2,traffic_signs,0.8389670252799988,793.7548217773438,684.1688842773438,808.2794189453125,722.2001953125,801.0171203613281,703.1845397949219,14.52459716796875,38.03131103515625
IMG_0029.mp4,5990,199.86653319986655,29.97,1187,2,traffic_signs,0.8490691781044006,522.5654907226562,709.0974731445312,541.2866821289062,736.3739624023438,531.9260864257812,722.7357177734375,18.72119140625,27.2764892578125
IMG_0029.mp4,5990,199.86653319986655,29.97,1163,2,traffic_signs,0.7732114791870117,441.0670166015625,671.8198852539062,471.1724853515625,738.4442138671875,456.1197509765625,705.1320495605469,30.10546875,66.62432861328125
IMG_0029.mp4,5990,199.86653319986655,29.97,965,2,traffic_signs,0.7869907021522522,340.0858459472656,482.4604187011719,430.58184814453125,587.3291625976562,385.33384704589844,534.8947906494141,90.49600219726562,104.86874389648438
IMG_0029.mp4,5990,199.86653319986655,29.97,1173,2,traffic_signs,0.6673702001571655,3.8169281482696533,686.1815795898438,40.73261260986328,721.1281127929688,22.274770379066467,703.6548461914062,36.91568446159363,34.946533203125
IMG_0029.mp4,5990,199.86653319986655,29.97,1189,2,traffic_signs,0.3660868704319,566.1671752929688,748.626220703125,576.4512939453125,765.3743896484375,571.3092346191406,757.0003051757812,10.28411865234375,16.7481689453125
IMG_0029.mp4,5991,199.8998998998999,29.97,1091,2,traffic_signs,0.7118235230445862,1254.1380615234375,729.553955078125,1274.8939208984375,755.1734008789062,1264.5159912109375,742.3636779785156,20.755859375,25.61944580078125
IMG_0029.mp4,5991,199.8998998998999,29.97,1142,2,traffic_signs,0.8887979984283447,709.6871337890625,721.4588623046875,761.7213745117188,783.2979125976562,735.7042541503906,752.3783874511719,52.03424072265625,61.83905029296875
IMG_0029.mp4,5991,199.8998998998999,29.97,1162,2,traffic_signs,0.8607214689254761,791.199951171875,682.9554443359375,806.2373046875,721.4611206054688,798.7186279296875,702.2082824707031,15.037353515625,38.50567626953125
IMG_0029.mp4,5991,199.8998998998999,29.97,1187,2,traffic_signs,0.8551440238952637,519.4699096679688,708.5086059570312,538.27294921875,735.771728515625,528.8714294433594,722.1401672363281,18.80303955078125,27.26312255859375
IMG_0029.mp4,5991,199.8998998998999,29.97,1163,2,traffic_signs,0.9302851557731628,436.5133056640625,670.8793334960938,467.3163757324219,737.7848510742188,451.9148406982422,704.3320922851562,30.803070068359375,66.905517578125
IMG_0029.mp4,5991,199.8998998998999,29.97,965,2,traffic_signs,0.7369747757911682,316.8591003417969,474.2096252441406,414.4985656738281,580.6782836914062,365.6788330078125,527.4439544677734,97.63946533203125,106.46865844726562
IMG_0029.mp4,5991,199.8998998998999,29.97,1173,2,traffic_signs,0.3779416084289551,0.0,681.8123779296875,33.68365478515625,720.5393676757812,16.841827392578125,701.1758728027344,33.68365478515625,38.72698974609375
IMG_0029.mp4,5991,199.8998998998999,29.97,1189,2,traffic_signs,0.26607754826545715,564.7225952148438,748.2196655273438,575.2682495117188,765.1272583007812,569.9954223632812,756.6734619140625,10.545654296875,16.9075927734375
IMG_0029.mp4,5992,199.93326659993326,29.97,1091,2,traffic_signs,0.7575877904891968,1254.6591796875,729.1730346679688,1275.77880859375,754.8461303710938,1265.218994140625,742.0095825195312,21.11962890625,25.673095703125
IMG_0029.mp4,5992,199.93326659993326,29.97,1142,2,traffic_signs,0.8636794686317444,704.4629516601562,720.1572875976562,757.0540771484375,782.2756958007812,730.7585144042969,751.2164916992188,52.59112548828125,62.118408203125
IMG_0029.mp4,5992,199.93326659993326,29.97,1162,2,traffic_signs,0.8516157269477844,787.5147705078125,681.8714599609375,802.8280639648438,721.1360473632812,795.1714172363281,701.5037536621094,15.31329345703125,39.26458740234375
IMG_0029.mp4,5992,199.93326659993326,29.97,1187,2,traffic_signs,0.7811650633811951,515.9612426757812,707.9714965820312,535.0695190429688,735.7590942382812,525.515380859375,721.8652954101562,19.1082763671875,27.78759765625
IMG_0029.mp4,5992,199.93326659993326,29.97,1163,2,traffic_signs,0.7941482663154602,431.0330505371094,670.2635498046875,462.06207275390625,736.7642211914062,446.5475616455078,703.5138854980469,31.029022216796875,66.50067138671875
IMG_0029.mp4,5992,199.93326659993326,29.97,965,2,traffic_signs,0.3002130687236786,296.29376220703125,465.4327392578125,397.636962890625,573.4170532226562,346.9653625488281,519.4248962402344,101.34320068359375,107.98431396484375
IMG_0029.mp4,5992,199.93326659993326,29.97,1189,2,traffic_signs,0.5510245561599731,562.8845825195312,748.0808715820312,573.253173828125,765.07568359375,568.0688781738281,756.5782775878906,10.36859130859375,16.99481201171875
IMG_0029.mp4,5993,199.96663329996665,29.97,1091,2,traffic_signs,0.7170588970184326,1255.30615234375,729.1401977539062,1276.7298583984375,755.0924072265625,1266.0180053710938,742.1163024902344,21.4237060546875,25.95220947265625
IMG_0029.mp4,5993,199.96663329996665,29.97,1142,2,traffic_signs,0.8346704244613647,698.6154174804688,719.4812622070312,753.33544921875,781.7055053710938,725.9754333496094,750.5933837890625,54.72003173828125,62.2242431640625
IMG_0029.mp4,5993,199.96663329996665,29.97,1162,2,traffic_signs,0.8340103626251221,784.5958862304688,680.5423583984375,800.0282592773438,720.2645263671875,792.3120727539062,700.4034423828125,15.432373046875,39.72216796875
IMG_0029.mp4,5993,199.96663329996665,29.97,1187,2,traffic_signs,0.8741925358772278,511.7425537109375,706.8934326171875,532.1318359375,734.2840576171875,521.9371948242188,720.5887451171875,20.3892822265625,27.390625
IMG_0029.mp4,5993,199.96663329996665,29.97,1163,2,traffic_signs,0.8765586018562317,426.9674377441406,669.0545043945312,458.0662536621094,736.0598754882812,442.516845703125,702.5571899414062,31.09881591796875,67.00537109375
IMG_0029.mp4,5993,199.96663329996665,29.97,965,2,traffic_signs,0.8606403470039368,274.1109924316406,456.86077880859375,380.951904296875,567.2313232421875,327.5314483642578,512.0460510253906,106.84091186523438,110.37054443359375
IMG_0029.mp4,5993,199.96663329996665,29.97,1189,2,traffic_signs,0.5631163716316223,561.15380859375,748.0548706054688,571.744873046875,765.2030029296875,566.4493408203125,756.6289367675781,10.591064453125,17.14813232421875
IMG_0029.mp4,5994,200.0,29.97,1091,2,traffic_signs,0.6985303163528442,1256.113525390625,728.4476928710938,1277.9747314453125,754.3014526367188,1267.0441284179688,741.3745727539062,21.8612060546875,25.853759765625
IMG_0029.mp4,5994,200.0,29.97,1142,2,traffic_signs,0.5887206196784973,693.1280517578125,718.0457153320312,747.686767578125,782.0305786132812,720.4074096679688,750.0381469726562,54.5587158203125,63.98486328125
IMG_0029.mp4,5994,200.0,29.97,1162,2,traffic_signs,0.8427262902259827,781.831787109375,679.107177734375,797.2926025390625,719.0643310546875,789.5621948242188,699.0857543945312,15.4608154296875,39.9571533203125
IMG_0029.mp4,5994,200.0,29.97,1187,2,traffic_signs,0.8644411563873291,508.7693176269531,705.837890625,529.3709106445312,733.3128662109375,519.0701141357422,719.5753784179688,20.601593017578125,27.4749755859375
IMG_0029.mp4,5994,200.0,29.97,1163,2,traffic_signs,0.9088964462280273,420.97021484375,667.6410522460938,452.6808776855469,734.974365234375,436.82554626464844,701.3077087402344,31.710662841796875,67.33331298828125
IMG_0029.mp4,5994,200.0,29.97,965,2,traffic_signs,0.8609963059425354,252.82952880859375,448.1147766113281,363.5265808105469,559.8726196289062,308.1780548095703,503.9936981201172,110.69705200195312,111.75784301757812
IMG_0029.mp4,5994,200.0,29.97,1189,2,traffic_signs,0.7234413027763367,559.4374389648438,747.6553344726562,570.2152099609375,764.9691772460938,564.8263244628906,756.312255859375,10.77777099609375,17.3138427734375
IMG_0029.mp4,5994,200.0,29.97,1202,2,traffic_signs,0.6201403141021729,630.0632934570312,743.2428588867188,637.2940063476562,760.0059204101562,633.6786499023438,751.6243896484375,7.230712890625,16.7630615234375
IMG_0029.mp4,5995,200.03336670003338,29.97,1091,2,traffic_signs,0.6619821786880493,1256.875244140625,728.4232177734375,1278.22509765625,754.0303344726562,1267.5501708984375,741.2267761230469,21.349853515625,25.60711669921875
IMG_0029.mp4,5995,200.03336670003338,29.97,1142,2,traffic_signs,0.5609151124954224,686.35498046875,714.2813110351562,741.9656372070312,839.8887939453125,714.1603088378906,777.0850524902344,55.61065673828125,125.60748291015625
IMG_0029.mp4,5995,200.03336670003338,29.97,1162,2,traffic_signs,0.8416252732276917,779.0585327148438,678.3515625,794.661376953125,718.2518920898438,786.8599548339844,698.3017272949219,15.60284423828125,39.90032958984375
IMG_0029.mp4,5995,200.03336670003338,29.97,1187,2,traffic_signs,0.8599425554275513,506.22857666015625,706.0691528320312,526.3308715820312,732.6658325195312,516.2797241210938,719.3674926757812,20.102294921875,26.5966796875
IMG_0029.mp4,5995,200.03336670003338,29.97,1163,2,traffic_signs,0.9153175354003906,416.15423583984375,665.5979614257812,447.8347473144531,733.998291015625,431.99449157714844,699.7981262207031,31.680511474609375,68.40032958984375
IMG_0029.mp4,5995,200.03336670003338,29.97,965,2,traffic_signs,0.9169872999191284,229.98297119140625,437.8550720214844,343.83319091796875,552.2744750976562,286.9080810546875,495.0647735595703,113.8502197265625,114.41940307617188
IMG_0029.mp4,5995,200.03336670003338,29.97,1189,2,traffic_signs,0.4003446102142334,558.5358276367188,747.5154418945312,569.2201538085938,764.7578125,563.8779907226562,756.1366271972656,10.684326171875,17.24237060546875
IMG_0029.mp4,5995,200.03336670003338,29.97,1202,2,traffic_signs,0.5465497970581055,629.2698364257812,743.0826416015625,636.6517944335938,758.9496459960938,632.9608154296875,751.0161437988281,7.3819580078125,15.86700439453125
IMG_0029.mp4,5995,200.03336670003338,29.97,998,2,traffic_signs,0.46138668060302734,974.7604370117188,699.6351318359375,1004.5410766601562,732.4572143554688,989.6507568359375,716.0461730957031,29.7806396484375,32.82208251953125
IMG_0029.mp4,5996,200.06673340006674,29.97,1091,2,traffic_signs,0.7297977805137634,1257.3665771484375,727.8493041992188,1279.917236328125,754.043212890625,1268.6419067382812,740.9462585449219,22.5506591796875,26.19390869140625
IMG_0029.mp4,5996,200.06673340006674,29.97,1142,2,traffic_signs,0.6098777055740356,679.1776123046875,712.5407104492188,737.6555786132812,860.7363891601562,708.4165954589844,786.6385498046875,58.47796630859375,148.1956787109375
IMG_0029.mp4,5996,200.06673340006674,29.97,1162,2,traffic_signs,0.8685750961303711,776.5042724609375,675.9757080078125,792.5706787109375,717.9091796875,784.5374755859375,696.9424438476562,16.06640625,41.9334716796875
IMG_0029.mp4,5996,200.06673340006674,29.97,1187,2,traffic_signs,0.8644168376922607,502.92529296875,705.8688354492188,523.2442626953125,732.5978393554688,513.0847778320312,719.2333374023438,20.3189697265625,26.72900390625
IMG_0029.mp4,5996,200.06673340006674,29.97,1163,2,traffic_signs,0.895883321762085,411.3420715332031,664.3392944335938,443.55914306640625,733.7787475585938,427.4506072998047,699.0590209960938,32.217071533203125,69.439453125
IMG_0029.mp4,5996,200.06673340006674,29.97,965,2,traffic_signs,0.9556962847709656,205.92849731445312,427.4853210449219,324.54962158203125,545.2365112304688,265.2390594482422,486.3609161376953,118.62112426757812,117.75119018554688
IMG_0029.mp4,5996,200.06673340006674,29.97,1189,2,traffic_signs,0.6676716208457947,557.5036010742188,747.5678100585938,568.0169677734375,764.9085083007812,562.7602844238281,756.2381591796875,10.51336669921875,17.3406982421875
IMG_0029.mp4,5996,200.06673340006674,29.97,1202,2,traffic_signs,0.6834118962287903,628.8267822265625,742.8923950195312,636.3034057617188,758.1973266601562,632.5650939941406,750.5448608398438,7.47662353515625,15.304931640625
IMG_0029.mp4,5996,200.06673340006674,29.97,998,2,traffic_signs,0.36198553442955017,974.05517578125,698.8699951171875,1003.99267578125,732.1664428710938,989.02392578125,715.5182189941406,29.9375,33.29644775390625
IMG_0029.mp4,5997,200.10010010010012,29.97,1091,2,traffic_signs,0.7394204139709473,1258.7398681640625,727.012939453125,1281.819580078125,753.7050170898438,1270.2797241210938,740.3589782714844,23.0797119140625,26.69207763671875
IMG_0029.mp4,5997,200.10010010010012,29.97,1142,2,traffic_signs,0.4510522186756134,672.7588500976562,711.4749755859375,730.6815185546875,869.8571166992188,701.7201843261719,790.6660461425781,57.92266845703125,158.38214111328125
IMG_0029.mp4,5997,200.10010010010012,29.97,1162,2,traffic_signs,0.8280229568481445,773.91455078125,674.0933837890625,790.0361938476562,716.62353515625,781.9753723144531,695.3584594726562,16.12164306640625,42.5301513671875
IMG_0029.mp4,5997,200.10010010010012,29.97,1187,2,traffic_signs,0.8817325830459595,499.059326171875,704.848388671875,520.2691650390625,731.5358276367188,509.66424560546875,718.1921081542969,21.2098388671875,26.68743896484375
IMG_0029.mp4,5997,200.10010010010012,29.97,1163,2,traffic_signs,0.8783677816390991,405.1460876464844,661.2681884765625,437.89141845703125,732.5370483398438,421.5187530517578,696.9026184082031,32.745330810546875,71.26885986328125
IMG_0029.mp4,5997,200.10010010010012,29.97,965,2,traffic_signs,0.9257561564445496,180.3363037109375,415.4599609375,304.4978942871094,539.365966796875,242.41709899902344,477.4129638671875,124.16159057617188,123.906005859375
IMG_0029.mp4,5997,200.10010010010012,29.97,1189,2,traffic_signs,0.7637648582458496,556.4782104492188,747.1118774414062,567.0829467773438,764.5498046875,561.7805786132812,755.8308410644531,10.604736328125,17.43792724609375
IMG_0029.mp4,5997,200.10010010010012,29.97,1202,2,traffic_signs,0.6336726546287537,627.9076538085938,742.6856079101562,635.5794677734375,757.5487670898438,631.7435607910156,750.1171875,7.67181396484375,14.8631591796875
IMG_0029.mp4,5997,200.10010010010012,29.97,998,2,traffic_signs,0.6026118993759155,973.4915771484375,697.7218017578125,1003.5316162109375,731.3623657226562,988.5115966796875,714.5420837402344,30.0400390625,33.64056396484375
IMG_0029.mp4,5998,200.13346680013348,29.97,1091,2,traffic_signs,0.5363520383834839,1259.6614990234375,726.8250732421875,1282.555419921875,753.7335815429688,1271.1084594726562,740.2793273925781,22.8939208984375,26.90850830078125
IMG_0029.mp4,5998,200.13346680013348,29.97,1162,2,traffic_signs,0.8437284231185913,771.08251953125,672.6665649414062,787.251708984375,714.9733276367188,779.1671142578125,693.8199462890625,16.169189453125,42.3067626953125
IMG_0029.mp4,5998,200.13346680013348,29.97,1187,2,traffic_signs,0.8895319104194641,495.9200134277344,703.8936157226562,517.4639892578125,730.9285278320312,506.69200134277344,717.4110717773438,21.543975830078125,27.034912109375
IMG_0029.mp4,5998,200.13346680013348,29.97,1163,2,traffic_signs,0.8551165461540222,400.13848876953125,662.2542724609375,433.8193664550781,731.752197265625,416.9789276123047,697.0032348632812,33.680877685546875,69.4979248046875
IMG_0029.mp4,5998,200.13346680013348,29.97,965,2,traffic_signs,0.9364778399467468,153.30386352539062,404.7329406738281,283.0996398925781,530.4627075195312,218.20175170898438,467.5978240966797,129.7957763671875,125.72976684570312
IMG_0029.mp4,5998,200.13346680013348,29.97,1189,2,traffic_signs,0.785521388053894,555.384765625,746.8681030273438,566.1846313476562,764.5418701171875,560.7846984863281,755.7049865722656,10.79986572265625,17.67376708984375
IMG_0029.mp4,5998,200.13346680013348,29.97,1202,2,traffic_signs,0.695400595664978,627.2328491210938,742.6095581054688,634.6535034179688,757.21728515625,630.9431762695312,749.9134216308594,7.420654296875,14.60772705078125
IMG_0029.mp4,5998,200.13346680013348,29.97,998,2,traffic_signs,0.4530600607395172,972.9293212890625,697.134521484375,1002.698974609375,730.893310546875,987.8141479492188,714.013916015625,29.7696533203125,33.7587890625
IMG_0029.mp4,5999,200.16683350016683,29.97,1091,2,traffic_signs,0.6308004260063171,1261.7418212890625,726.8203125,1284.1590576171875,753.2825317382812,1272.950439453125,740.0514221191406,22.417236328125,26.46221923828125
IMG_0029.mp4,5999,200.16683350016683,29.97,1162,2,traffic_signs,0.8550039529800415,768.5657348632812,671.9602661132812,784.9568481445312,713.671142578125,776.7612915039062,692.8157043457031,16.39111328125,41.71087646484375
IMG_0029.mp4,5999,200.16683350016683,29.97,1187,2,traffic_signs,0.8884198069572449,492.767333984375,703.6830444335938,513.9449462890625,730.50732421875,503.35614013671875,717.0951843261719,21.1776123046875,26.82427978515625
IMG_0029.mp4,5999,200.16683350016683,29.97,1163,2,traffic_signs,0.8784054517745972,394.4684753417969,661.2021484375,428.04962158203125,731.0989379882812,411.25904846191406,696.1505432128906,33.581146240234375,69.89678955078125
IMG_0029.mp4,5999,200.16683350016683,29.97,965,2,traffic_signs,0.893429696559906,123.57557678222656,384.8541259765625,261.29608154296875,521.8460083007812,192.43582916259766,453.3500671386719,137.7205047607422,136.99188232421875
IMG_0029.mp4,5999,200.16683350016683,29.97,1189,2,traffic_signs,0.7733176946640015,554.0388793945312,746.9971313476562,565.0894165039062,764.4097290039062,559.5641479492188,755.7034301757812,11.050537109375,17.41259765625
IMG_0029.mp4,5999,200.16683350016683,29.97,1202,2,traffic_signs,0.5887813568115234,626.4144287109375,742.230712890625,633.6051635742188,756.7772827148438,630.0097961425781,749.5039978027344,7.19073486328125,14.54656982421875
IMG_0029.mp4,5999,200.16683350016683,29.97,998,2,traffic_signs,0.3312976062297821,972.5123291015625,696.4853515625,1002.3143310546875,730.5558471679688,987.413330078125,713.5205993652344,29.802001953125,34.07049560546875
IMG_0029.mp4,6000,200.20020020020021,29.97,1091,2,traffic_signs,0.8256146907806396,1262.96728515625,726.123779296875,1285.8955078125,751.997802734375,1274.431396484375,739.060791015625,22.92822265625,25.8740234375
IMG_0029.mp4,6000,200.20020020020021,29.97,1162,2,traffic_signs,0.8737125992774963,765.7125244140625,671.3795776367188,782.5480346679688,712.1295166015625,774.1302795410156,691.7545471191406,16.83551025390625,40.74993896484375
IMG_0029.mp4,6000,200.20020020020021,29.97,1187,2,traffic_signs,0.903224766254425,489.36865234375,702.424560546875,511.4560546875,729.5449829101562,500.412353515625,715.9847717285156,22.08740234375,27.12042236328125
IMG_0029.mp4,6000,200.20020020020021,29.97,1163,2,traffic_signs,0.7753908038139343,390.283447265625,658.3529663085938,423.6794128417969,730.3770141601562,406.98143005371094,694.364990234375,33.395965576171875,72.0240478515625
IMG_0029.mp4,6000,200.20020020020021,29.97,1189,2,traffic_signs,0.7627735137939453,553.0074462890625,746.9625854492188,564.1136474609375,763.62158203125,558.560546875,755.2920837402344,11.106201171875,16.65899658203125
IMG_0029.mp4,6000,200.20020020020021,29.97,1202,2,traffic_signs,0.4980604946613312,625.6505737304688,741.9993896484375,633.0465087890625,756.3838500976562,629.3485412597656,749.1916198730469,7.39593505859375,14.38446044921875
IMG_0029.mp4,6001,200.23356690023357,29.97,1091,2,traffic_signs,0.8127862215042114,1264.4466552734375,725.86083984375,1288.0946044921875,751.9937133789062,1276.2706298828125,738.9272766113281,23.64794921875,26.13287353515625
IMG_0029.mp4,6001,200.23356690023357,29.97,1162,2,traffic_signs,0.8664877414703369,762.2142944335938,669.9990234375,780.1896362304688,711.4506225585938,771.2019653320312,690.7248229980469,17.975341796875,41.45159912109375
IMG_0029.mp4,6001,200.23356690023357,29.97,1187,2,traffic_signs,0.8956117630004883,485.9678955078125,701.2085571289062,508.54888916015625,728.4065551757812,497.2583923339844,714.8075561523438,22.58099365234375,27.197998046875
IMG_0029.mp4,6001,200.23356690023357,29.97,1163,2,traffic_signs,0.5753359198570251,385.12152099609375,659.5367431640625,417.44989013671875,729.9683227539062,401.28570556640625,694.7525329589844,32.328369140625,70.43157958984375
IMG_0029.mp4,6001,200.23356690023357,29.97,1189,2,traffic_signs,0.7748723030090332,551.5863647460938,746.7801513671875,562.8883056640625,763.3685302734375,557.2373352050781,755.0743408203125,11.30194091796875,16.58837890625
IMG_0029.mp4,6001,200.23356690023357,29.97,1202,2,traffic_signs,0.29803407192230225,625.0718994140625,741.8843994140625,632.2913208007812,756.4786376953125,628.6816101074219,749.1815185546875,7.21942138671875,14.59423828125
IMG_0029.mp4,6002,200.26693360026695,29.97,1091,2,traffic_signs,0.8042262196540833,1265.9508056640625,725.4884033203125,1289.5179443359375,751.5675659179688,1277.734375,738.5279846191406,23.567138671875,26.07916259765625
IMG_0029.mp4,6002,200.26693360026695,29.97,1162,2,traffic_signs,0.5905218720436096,759.0961303710938,669.0201416015625,777.7842407226562,710.8096923828125,768.440185546875,689.9149169921875,18.6881103515625,41.78955078125
IMG_0029.mp4,6002,200.26693360026695,29.97,1187,2,traffic_signs,0.8935180306434631,482.8887634277344,700.9794311523438,505.6723937988281,727.7639770507812,494.28057861328125,714.3717041015625,22.78363037109375,26.7845458984375
IMG_0029.mp4,6002,200.26693360026695,29.97,1163,2,traffic_signs,0.7931091785430908,379.6562805175781,656.4205932617188,413.7043151855469,729.6420288085938,396.6802978515625,693.0313110351562,34.04803466796875,73.221435546875
IMG_0029.mp4,6002,200.26693360026695,29.97,1189,2,traffic_signs,0.7794698476791382,550.7073364257812,746.5867919921875,562.1934204101562,763.3833618164062,556.4503784179688,754.9850769042969,11.486083984375,16.79656982421875
IMG_0029.mp4,6002,200.26693360026695,29.97,1202,2,traffic_signs,0.29400262236595154,624.4430541992188,741.8184814453125,632.0204467773438,757.9461669921875,628.2317504882812,749.88232421875,7.577392578125,16.127685546875
IMG_0029.mp4,6002,200.26693360026695,29.97,1142,2,traffic_signs,0.878456711769104,638.9238891601562,707.8216552734375,702.5919189453125,789.3421020507812,670.7579040527344,748.5818786621094,63.66802978515625,81.52044677734375
IMG_0029.mp4,6003,200.3003003003003,29.97,1091,2,traffic_signs,0.6758452653884888,1267.2813720703125,725.3026733398438,1290.8485107421875,751.6713256835938,1279.06494140625,738.4869995117188,23.567138671875,26.36865234375
IMG_0029.mp4,6003,200.3003003003003,29.97,1162,2,traffic_signs,0.8751668334007263,755.8196411132812,667.9654541015625,775.1942138671875,709.9141235351562,765.5069274902344,688.9397888183594,19.37457275390625,41.94866943359375
IMG_0029.mp4,6003,200.3003003003003,29.97,1187,2,traffic_signs,0.8958686590194702,480.0482482910156,700.8185424804688,502.0739440917969,727.3938598632812,491.06109619140625,714.106201171875,22.02569580078125,26.5753173828125
IMG_0029.mp4,6003,200.3003003003003,29.97,1163,2,traffic_signs,0.7753735184669495,373.7355651855469,657.6414794921875,408.45965576171875,729.7771606445312,391.0976104736328,693.7093200683594,34.724090576171875,72.13568115234375
IMG_0029.mp4,6003,200.3003003003003,29.97,1189,2,traffic_signs,0.7632527351379395,548.9765014648438,746.5228271484375,560.74609375,763.2616577148438,554.8612976074219,754.8922424316406,11.76959228515625,16.73883056640625
IMG_0029.mp4,6003,200.3003003003003,29.97,998,2,traffic_signs,0.4515303373336792,969.6776123046875,692.8501586914062,1000.2286987304688,727.8795166015625,984.9531555175781,710.3648376464844,30.55108642578125,35.02935791015625
IMG_0029.mp4,6004,200.33366700033366,29.97,1091,2,traffic_signs,0.7268291115760803,1268.586181640625,725.01416015625,1293.0487060546875,751.68408203125,1280.8174438476562,738.34912109375,24.4625244140625,26.669921875
IMG_0029.mp4,6004,200.33366700033366,29.97,1162,2,traffic_signs,0.8687235116958618,753.2076416015625,666.8316040039062,772.4669189453125,708.9876098632812,762.8372802734375,687.9096069335938,19.25927734375,42.156005859375
IMG_0029.mp4,6004,200.33366700033366,29.97,1187,2,traffic_signs,0.8831828832626343,476.9140319824219,699.8740234375,499.1025085449219,726.6864624023438,488.0082702636719,713.2802429199219,22.1884765625,26.81243896484375
IMG_0029.mp4,6004,200.33366700033366,29.97,1163,2,traffic_signs,0.811553955078125,368.27728271484375,655.3834228515625,403.2013854980469,729.4807739257812,385.7393341064453,692.4320983886719,34.924102783203125,74.09735107421875
IMG_0029.mp4,6004,200.33366700033366,29.97,1189,2,traffic_signs,0.7810380458831787,548.4730224609375,746.1610107421875,559.9730834960938,763.1865234375,554.2230529785156,754.6737670898438,11.50006103515625,17.0255126953125
IMG_0029.mp4,6004,200.33366700033366,29.97,998,2,traffic_signs,0.3737107515335083,969.414794921875,692.1895141601562,1000.1386108398438,727.0975341796875,984.7767028808594,709.6435241699219,30.72381591796875,34.90802001953125
IMG_0029.mp4,6005,200.36703370036705,29.97,1091,2,traffic_signs,0.40023165941238403,1270.3841552734375,724.91162109375,1295.1058349609375,751.7670288085938,1282.7449951171875,738.3393249511719,24.7216796875,26.85540771484375
IMG_0029.mp4,6005,200.36703370036705,29.97,1162,2,traffic_signs,0.8783382177352905,750.3558959960938,666.0918579101562,769.941650390625,708.2686157226562,760.1487731933594,687.1802368164062,19.58575439453125,42.1767578125
IMG_0029.mp4,6005,200.36703370036705,29.97,1187,2,traffic_signs,0.8843323588371277,474.178955078125,698.9251098632812,496.15435791015625,725.7036743164062,485.1666564941406,712.3143920898438,21.97540283203125,26.778564453125
IMG_0029.mp4,6005,200.36703370036705,29.97,1163,2,traffic_signs,0.7607870697975159,362.6729431152344,658.3882446289062,397.98333740234375,728.5191650390625,380.32814025878906,693.4537048339844,35.310394287109375,70.13092041015625
IMG_0029.mp4,6005,200.36703370036705,29.97,1189,2,traffic_signs,0.7557269930839539,547.39794921875,745.512451171875,559.0792236328125,763.2405395507812,553.2385864257812,754.3764953613281,11.6812744140625,17.72808837890625
IMG_0029.mp4,6005,200.36703370036705,29.97,998,2,traffic_signs,0.2851039171218872,968.4058837890625,692.1593627929688,999.5228271484375,726.5204467773438,983.96435546875,709.3399047851562,31.116943359375,34.361083984375
IMG_0029.mp4,6005,200.36703370036705,29.97,1142,2,traffic_signs,0.8929390907287598,614.0304565429688,700.6716918945312,683.2910766601562,873.1075439453125,648.6607666015625,786.8896179199219,69.2606201171875,172.43585205078125
IMG_0029.mp4,6006,200.4004004004004,29.97,1091,2,traffic_signs,0.7093161344528198,1273.3507080078125,724.32958984375,1297.7069091796875,751.8158569335938,1285.52880859375,738.0727233886719,24.356201171875,27.48626708984375
IMG_0029.mp4,6006,200.4004004004004,29.97,1162,2,traffic_signs,0.8274957537651062,746.700927734375,664.5620727539062,767.25146484375,708.3864135742188,756.9761962890625,686.4742431640625,20.550537109375,43.8243408203125
IMG_0029.mp4,6006,200.4004004004004,29.97,1187,2,traffic_signs,0.8628915548324585,471.7088623046875,698.3507690429688,492.8398742675781,724.9918212890625,482.2743682861328,711.6712951660156,21.131011962890625,26.64105224609375
IMG_0029.mp4,6006,200.4004004004004,29.97,1163,2,traffic_signs,0.7332976460456848,356.6456604003906,659.0420532226562,393.2049560546875,727.76171875,374.92530822753906,693.4018859863281,36.559295654296875,68.71966552734375
IMG_0029.mp4,6006,200.4004004004004,29.97,1189,2,traffic_signs,0.6538031101226807,546.3641967773438,745.0978393554688,558.05810546875,763.6582641601562,552.2111511230469,754.3780517578125,11.69390869140625,18.5604248046875
IMG_0029.mp4,6006,200.4004004004004,29.97,998,2,traffic_signs,0.5401886701583862,967.84521484375,691.8037109375,999.5709228515625,725.6538696289062,983.7080688476562,708.7287902832031,31.7257080078125,33.85015869140625
IMG_0029.mp4,6006,200.4004004004004,29.97,1142,2,traffic_signs,0.9014753103256226,604.3397216796875,699.8594970703125,676.0220336914062,882.4700927734375,640.1808776855469,791.164794921875,71.68231201171875,182.610595703125
IMG_0029.mp4,6007,200.43376710043378,29.97,1091,2,traffic_signs,0.7665364146232605,1274.6597900390625,723.9981689453125,1299.2379150390625,751.985107421875,1286.9488525390625,737.9916381835938,24.578125,27.9869384765625
IMG_0029.mp4,6007,200.43376710043378,29.97,1162,2,traffic_signs,0.8587294816970825,744.072998046875,663.4788818359375,764.7078857421875,707.0931396484375,754.3904418945312,685.2860107421875,20.6348876953125,43.6142578125
IMG_0029.mp4,6007,200.43376710043378,29.97,1187,2,traffic_signs,0.885037362575531,468.1743469238281,697.726806640625,490.26544189453125,724.0068359375,479.2198944091797,710.8668212890625,22.091094970703125,26.280029296875
IMG_0029.mp4,6007,200.43376710043378,29.97,1163,2,traffic_signs,0.7855668663978577,352.4810791015625,652.773681640625,389.6410217285156,727.654541015625,371.06105041503906,690.214111328125,37.159942626953125,74.880859375
IMG_0029.mp4,6007,200.43376710043378,29.97,1189,2,traffic_signs,0.7682669162750244,545.822998046875,744.7539672851562,557.6417846679688,763.766845703125,551.7323913574219,754.2604064941406,11.81878662109375,19.01287841796875
IMG_0029.mp4,6007,200.43376710043378,29.97,998,2,traffic_signs,0.3218364119529724,966.85693359375,690.6320190429688,999.7630615234375,724.8373413085938,983.3099975585938,707.7346801757812,32.9061279296875,34.205322265625
IMG_0029.mp4,6007,200.43376710043378,29.97,1142,2,traffic_signs,0.8293570876121521,597.3465576171875,697.760498046875,670.8693237304688,886.7022705078125,634.1079406738281,792.2313842773438,73.52276611328125,188.9417724609375
IMG_0029.mp4,6008,200.46713380046714,29.97,1091,2,traffic_signs,0.7963181138038635,1276.3485107421875,723.9192504882812,1301.167724609375,751.6953735351562,1288.7581176757812,737.8073120117188,24.8192138671875,27.776123046875
IMG_0029.mp4,6008,200.46713380046714,29.97,1162,2,traffic_signs,0.6734178066253662,741.6135864257812,662.4275512695312,761.6942138671875,705.9630126953125,751.6539001464844,684.1952819824219,20.08062744140625,43.53546142578125
IMG_0029.mp4,6008,200.46713380046714,29.97,1187,2,traffic_signs,0.85479336977005,465.5557861328125,696.6017456054688,487.6812438964844,723.6167602539062,476.61851501464844,710.1092529296875,22.125457763671875,27.0150146484375
IMG_0029.mp4,6008,200.46713380046714,29.97,1163,2,traffic_signs,0.5267897248268127,347.35845947265625,651.5416259765625,385.55322265625,725.9459838867188,366.4558410644531,688.7438049316406,38.19476318359375,74.40435791015625
IMG_0029.mp4,6008,200.46713380046714,29.97,1189,2,traffic_signs,0.7671850323677063,545.6991577148438,744.9805908203125,557.1001586914062,763.9545288085938,551.399658203125,754.4675598144531,11.4010009765625,18.97393798828125
IMG_0029.mp4,6008,200.46713380046714,29.97,998,2,traffic_signs,0.39998912811279297,966.4398193359375,689.529541015625,999.7088623046875,723.952392578125,983.0743408203125,706.740966796875,33.26904296875,34.4228515625
IMG_0029.mp4,6008,200.46713380046714,29.97,1142,2,traffic_signs,0.8049911856651306,588.7335815429688,694.6585083007812,665.0787963867188,889.0011596679688,626.9061889648438,791.829833984375,76.34521484375,194.3426513671875
IMG_0029.mp4,6008,200.46713380046714,29.97,1208,2,traffic_signs,0.41863909363746643,347.0793762207031,664.5866088867188,383.993408203125,725.494873046875,365.53639221191406,695.0407409667969,36.914031982421875,60.90826416015625
IMG_0029.mp4,6009,200.50050050050052,29.97,1091,2,traffic_signs,0.8041998147964478,1278.2109375,723.8701171875,1302.6812744140625,751.4095458984375,1290.4461059570312,737.6398315429688,24.4703369140625,27.5394287109375
IMG_0029.mp4,6009,200.50050050050052,29.97,1162,2,traffic_signs,0.8074964880943298,738.9196166992188,661.02978515625,759.4510498046875,706.6243286132812,749.1853332519531,683.8270568847656,20.53143310546875,45.59454345703125
IMG_0029.mp4,6009,200.50050050050052,29.97,1187,2,traffic_signs,0.6553237438201904,462.88592529296875,694.1179809570312,485.3763122558594,723.53271484375,474.13111877441406,708.8253479003906,22.490386962890625,29.41473388671875
IMG_0029.mp4,6009,200.50050050050052,29.97,1189,2,traffic_signs,0.7435822486877441,545.3828735351562,744.77392578125,556.939697265625,764.0675048828125,551.1612854003906,754.4207153320312,11.55682373046875,19.2935791015625
IMG_0029.mp4,6009,200.50050050050052,29.97,1142,2,traffic_signs,0.9055231213569641,578.7872314453125,692.8621215820312,657.5872192382812,891.109130859375,618.1872253417969,791.9856262207031,78.79998779296875,198.24700927734375
IMG_0029.mp4,6009,200.50050050050052,29.97,1208,2,traffic_signs,0.7349840402603149,343.3642578125,672.3197021484375,378.9481201171875,724.1298217773438,361.15618896484375,698.2247619628906,35.5838623046875,51.81011962890625
IMG_0029.mp4,6010,200.53386720053388,29.97,1091,2,traffic_signs,0.7862800359725952,1280.394775390625,723.711181640625,1304.330810546875,750.8575439453125,1292.36279296875,737.2843627929688,23.93603515625,27.1463623046875
IMG_0029.mp4,6010,200.53386720053388,29.97,1162,2,traffic_signs,0.8283323645591736,736.6890258789062,660.0557861328125,756.2811279296875,706.3172607421875,746.4850769042969,683.1865234375,19.59210205078125,46.261474609375
IMG_0029.mp4,6010,200.53386720053388,29.97,1187,2,traffic_signs,0.8067159652709961,459.7513732910156,693.8638305664062,482.4878234863281,723.0327758789062,471.1195983886719,708.4483032226562,22.7364501953125,29.1689453125
IMG_0029.mp4,6010,200.53386720053388,29.97,1189,2,traffic_signs,0.7830622792243958,544.9983520507812,744.692626953125,557.0227661132812,764.2817993164062,551.0105590820312,754.4872131347656,12.0244140625,19.58917236328125
IMG_0029.mp4,6010,200.53386720053388,29.97,1142,2,traffic_signs,0.7900121212005615,570.5689697265625,689.875244140625,650.5724487304688,891.4227294921875,610.5707092285156,790.6489868164062,80.00347900390625,201.5474853515625
IMG_0029.mp4,6010,200.53386720053388,29.97,1208,2,traffic_signs,0.679340124130249,338.92523193359375,676.2453002929688,373.77593994140625,723.4327392578125,356.3505859375,699.8390197753906,34.8507080078125,47.18743896484375
IMG_0029.mp4,6011,200.56723390056723,29.97,1091,2,traffic_signs,0.8476758003234863,1283.7288818359375,723.5074462890625,1308.229248046875,749.8863525390625,1295.9790649414062,736.6968994140625,24.5003662109375,26.37890625
IMG_0029.mp4,6011,200.56723390056723,29.97,1162,2,traffic_signs,0.8130674362182617,733.0514526367188,658.7177734375,753.5199584960938,705.593994140625,743.2857055664062,682.1558837890625,20.468505859375,46.876220703125
IMG_0029.mp4,6011,200.56723390056723,29.97,1187,2,traffic_signs,0.7952759265899658,457.4947204589844,693.354736328125,480.4623107910156,722.85888671875,468.978515625,708.1068115234375,22.96759033203125,29.504150390625
IMG_0029.mp4,6011,200.56723390056723,29.97,1189,2,traffic_signs,0.7391737699508667,544.6747436523438,744.6945190429688,557.4407348632812,764.210693359375,551.0577392578125,754.4526062011719,12.7659912109375,19.51617431640625
IMG_0029.mp4,6011,200.56723390056723,29.97,1142,2,traffic_signs,0.7936040759086609,560.7921752929688,687.7273559570312,644.418701171875,893.4952392578125,602.6054382324219,790.6112976074219,83.62652587890625,205.76788330078125
IMG_0029.mp4,6011,200.56723390056723,29.97,1208,2,traffic_signs,0.7009477615356445,332.8997497558594,678.4092407226562,368.3963623046875,722.6181640625,350.64805603027344,700.5137023925781,35.496612548828125,44.20892333984375
IMG_0029.mp4,6012,200.60060060060061,29.97,1091,2,traffic_signs,0.8500344157218933,1285.9420166015625,723.1787109375,1310.890380859375,749.7415161132812,1298.4161987304688,736.4601135253906,24.9483642578125,26.56280517578125
IMG_0029.mp4,6012,200.60060060060061,29.97,1162,2,traffic_signs,0.8272925019264221,730.5258178710938,657.3424072265625,751.2387084960938,704.095703125,740.8822631835938,680.7190551757812,20.712890625,46.7532958984375
IMG_0029.mp4,6012,200.60060060060061,29.97,1187,2,traffic_signs,0.7992639541625977,454.6463317871094,692.7129516601562,478.0645751953125,722.623046875,466.35545349121094,707.6679992675781,23.418243408203125,29.91009521484375
IMG_0029.mp4,6012,200.60060060060061,29.97,1189,2,traffic_signs,0.631202757358551,544.7870483398438,745.1559448242188,557.2404174804688,764.0419311523438,551.0137329101562,754.5989379882812,12.453369140625,18.885986328125
IMG_0029.mp4,6012,200.60060060060061,29.97,1142,2,traffic_signs,0.7830069065093994,550.997314453125,687.68994140625,635.8323974609375,896.4763793945312,593.4148559570312,792.0831604003906,84.8350830078125,208.78643798828125
IMG_0029.mp4,6012,200.60060060060061,29.97,1208,2,traffic_signs,0.7690460085868835,327.9040222167969,681.2234497070312,362.8061218261719,721.772216796875,345.3550720214844,701.4978332519531,34.902099609375,40.54876708984375
IMG_0029.mp4,6012,200.60060060060061,29.97,1163,2,traffic_signs,0.5677002668380737,335.0299072265625,646.7890625,368.5327453613281,688.6024780273438,351.7813262939453,667.6957702636719,33.502838134765625,41.81341552734375
IMG_0029.mp4,6013,200.63396730063397,29.97,1091,2,traffic_signs,0.8523962497711182,1287.3636474609375,722.9004516601562,1313.6229248046875,749.5611572265625,1300.4932861328125,736.2308044433594,26.25927734375,26.66070556640625
IMG_0029.mp4,6013,200.63396730063397,29.97,1162,2,traffic_signs,0.8631837368011475,727.9171752929688,656.580810546875,749.1079711914062,702.6944580078125,738.5125732421875,679.6376342773438,21.1907958984375,46.1136474609375
IMG_0029.mp4,6013,200.63396730063397,29.97,1187,2,traffic_signs,0.7376089096069336,452.2644348144531,693.1438598632812,475.84564208984375,721.5667114257812,464.05503845214844,707.3552856445312,23.581207275390625,28.4228515625
IMG_0029.mp4,6013,200.63396730063397,29.97,1142,2,traffic_signs,0.8416079878807068,542.1437377929688,685.0529174804688,629.7594604492188,897.6348876953125,585.9515991210938,791.3439025878906,87.61572265625,212.58197021484375
IMG_0029.mp4,6013,200.63396730063397,29.97,1208,2,traffic_signs,0.7924599051475525,321.7811584472656,681.6729125976562,358.5526123046875,720.9100341796875,340.16688537597656,701.2914733886719,36.771453857421875,39.23712158203125
IMG_0029.mp4,6013,200.63396730063397,29.97,1163,2,traffic_signs,0.3783635199069977,330.23516845703125,645.9838256835938,364.4041442871094,684.0347290039062,347.3196563720703,665.00927734375,34.168975830078125,38.0509033203125
IMG_0029.mp4,6014,200.66733400066735,29.97,1091,2,traffic_signs,0.7490045428276062,1290.72265625,723.2861938476562,1315.9285888671875,748.9813842773438,1303.3256225585938,736.1337890625,25.2059326171875,25.6951904296875
IMG_0029.mp4,6014,200.66733400066735,29.97,1162,2,traffic_signs,0.8641152381896973,725.0731811523438,655.5038452148438,747.0983276367188,701.7294921875,736.0857543945312,678.6166687011719,22.025146484375,46.22564697265625
IMG_0029.mp4,6014,200.66733400066735,29.97,1187,2,traffic_signs,0.7559519410133362,449.48455810546875,693.67822265625,474.2499084472656,721.1140747070312,461.8672332763672,707.3961486816406,24.765350341796875,27.43585205078125
IMG_0029.mp4,6014,200.66733400066735,29.97,1142,2,traffic_signs,0.880458414554596,531.3804931640625,682.4603271484375,622.964599609375,899.1170043945312,577.1725463867188,790.7886657714844,91.5841064453125,216.65667724609375
IMG_0029.mp4,6015,200.7007007007007,29.97,1091,2,traffic_signs,0.6882485151290894,1293.1334228515625,723.1101684570312,1318.9466552734375,749.7701416015625,1306.0400390625,736.4401550292969,25.813232421875,26.65997314453125
IMG_0029.mp4,6015,200.7007007007007,29.97,1162,2,traffic_signs,0.873926043510437,722.6315307617188,654.1834716796875,744.6685180664062,700.4722290039062,733.6500244140625,677.3278503417969,22.0369873046875,46.28875732421875
IMG_0029.mp4,6015,200.7007007007007,29.97,1187,2,traffic_signs,0.7425702810287476,447.49761962890625,693.6914672851562,471.74774169921875,721.0825805664062,459.6226806640625,707.3870239257812,24.2501220703125,27.39111328125
IMG_0029.mp4,6015,200.7007007007007,29.97,1142,2,traffic_signs,0.8634209632873535,522.2590942382812,679.299560546875,614.0817260742188,899.9126586914062,568.17041015625,789.6061096191406,91.8226318359375,220.61309814453125
IMG_0029.mp4,6015,200.7007007007007,29.97,1212,2,traffic_signs,0.774869441986084,623.4811401367188,742.4503173828125,631.884033203125,757.572998046875,627.6825866699219,750.0116577148438,8.40289306640625,15.1226806640625
IMG_0029.mp4,6015,200.7007007007007,29.97,1213,2,traffic_signs,0.46106061339378357,635.2698364257812,755.1405029296875,645.0438232421875,766.5526123046875,640.1568298339844,760.8465576171875,9.77398681640625,11.412109375
IMG_0029.mp4,6015,200.7007007007007,29.97,998,2,traffic_signs,0.4150886833667755,965.939453125,683.7665405273438,1000.7301635742188,720.8226928710938,983.3348083496094,702.2946166992188,34.79071044921875,37.05615234375
IMG_0029.mp4,6016,200.73406740073406,29.97,1091,2,traffic_signs,0.7545207738876343,1296.9451904296875,722.4163208007812,1321.563720703125,749.7306518554688,1309.2544555664062,736.073486328125,24.6185302734375,27.3143310546875
IMG_0029.mp4,6016,200.73406740073406,29.97,1162,2,traffic_signs,0.8855361938476562,719.6887817382812,652.3531494140625,742.287353515625,699.4227905273438,730.9880676269531,675.8879699707031,22.59857177734375,47.06964111328125
IMG_0029.mp4,6016,200.73406740073406,29.97,1187,2,traffic_signs,0.7235977649688721,444.96026611328125,693.7754516601562,469.40240478515625,721.1433715820312,457.18133544921875,707.4594116210938,24.442138671875,27.367919921875
IMG_0029.mp4,6016,200.73406740073406,29.97,1142,2,traffic_signs,0.8913439512252808,511.1509704589844,677.1675415039062,606.5477294921875,900.9061889648438,558.8493499755859,789.036865234375,95.39675903320312,223.7386474609375
IMG_0029.mp4,6016,200.73406740073406,29.97,1212,2,traffic_signs,0.7725696563720703,624.1431274414062,742.4334716796875,632.4088745117188,758.1878662109375,628.2760009765625,750.3106689453125,8.2657470703125,15.75439453125
IMG_0029.mp4,6016,200.73406740073406,29.97,1213,2,traffic_signs,0.37096014618873596,635.7457885742188,755.4212646484375,644.906494140625,766.8471069335938,640.3261413574219,761.1341857910156,9.16070556640625,11.42584228515625
IMG_0029.mp4,6016,200.73406740073406,29.97,998,2,traffic_signs,0.31390881538391113,966.0663452148438,683.0589599609375,1001.0746459960938,720.1803588867188,983.5704956054688,701.6196594238281,35.00830078125,37.12139892578125
IMG_0029.mp4,6016,200.73406740073406,29.97,1208,2,traffic_signs,0.5894299745559692,307.29327392578125,647.306884765625,350.27886962890625,721.3449096679688,328.78607177734375,684.3258972167969,42.985595703125,74.03802490234375
IMG_0029.mp4,6017,200.76743410076745,29.97,1091,2,traffic_signs,0.858081042766571,1298.9200439453125,721.6944580078125,1325.16943359375,749.96435546875,1312.0447387695312,735.8294067382812,26.2493896484375,28.2698974609375
IMG_0029.mp4,6017,200.76743410076745,29.97,1162,2,traffic_signs,0.8722378611564636,716.5439453125,650.4572143554688,739.7949829101562,698.9877319335938,728.1694641113281,674.7224731445312,23.25103759765625,48.530517578125
IMG_0029.mp4,6017,200.76743410076745,29.97,1187,2,traffic_signs,0.4139001965522766,442.65966796875,693.6530151367188,466.64447021484375,721.5765380859375,454.6520690917969,707.6147766113281,23.98480224609375,27.92352294921875
IMG_0029.mp4,6017,200.76743410076745,29.97,1142,2,traffic_signs,0.901439905166626,500.56744384765625,676.0604248046875,599.1979370117188,902.43115234375,549.8826904296875,789.2457885742188,98.6304931640625,226.3707275390625
IMG_0029.mp4,6017,200.76743410076745,29.97,1212,2,traffic_signs,0.7885267734527588,624.3211059570312,742.7506103515625,633.0126342773438,758.8901977539062,628.6668701171875,750.8204040527344,8.6915283203125,16.13958740234375
IMG_0029.mp4,6017,200.76743410076745,29.97,998,2,traffic_signs,0.6130214333534241,966.520263671875,681.874755859375,1001.2003173828125,719.7915649414062,983.8602905273438,700.8331604003906,34.6800537109375,37.91680908203125
IMG_0029.mp4,6017,200.76743410076745,29.97,1208,2,traffic_signs,0.5350067019462585,301.90325927734375,641.432861328125,346.73101806640625,722.0286254882812,324.317138671875,681.7307434082031,44.8277587890625,80.59576416015625
IMG_0029.mp4,6018,200.8008008008008,29.97,1091,2,traffic_signs,0.8593389987945557,1301.3441162109375,721.4981689453125,1328.3330078125,750.2084350585938,1314.8385620117188,735.8533020019531,26.9888916015625,28.71026611328125
IMG_0029.mp4,6018,200.8008008008008,29.97,1162,2,traffic_signs,0.8405920267105103,714.026123046875,649.0142822265625,737.088623046875,697.6617431640625,725.557373046875,673.3380126953125,23.0625,48.6474609375
IMG_0029.mp4,6018,200.8008008008008,29.97,1187,2,traffic_signs,0.8181688189506531,440.8937683105469,693.2340087890625,464.844482421875,721.4815063476562,452.86912536621094,707.3577575683594,23.950714111328125,28.24749755859375
IMG_0029.mp4,6018,200.8008008008008,29.97,1142,2,traffic_signs,0.8649294972419739,490.5401611328125,673.1505737304688,590.6159057617188,903.267578125,540.5780334472656,788.2090759277344,100.07574462890625,230.11700439453125
IMG_0029.mp4,6018,200.8008008008008,29.97,1212,2,traffic_signs,0.7881263494491577,625.0512084960938,742.977294921875,633.70263671875,760.199951171875,629.3769226074219,751.588623046875,8.65142822265625,17.22265625
IMG_0029.mp4,6018,200.8008008008008,29.97,998,2,traffic_signs,0.6541792154312134,966.6748046875,680.9263305664062,1001.548095703125,719.317626953125,984.1114501953125,700.1219787597656,34.873291015625,38.39129638671875
IMG_0029.mp4,6018,200.8008008008008,29.97,1208,2,traffic_signs,0.5556327104568481,297.3683166503906,638.3048095703125,342.4873352050781,722.163330078125,319.9278259277344,680.2340698242188,45.1190185546875,83.8585205078125
IMG_0029.mp4,6019,200.83416750083418,29.97,1091,2,traffic_signs,0.8767984509468079,1304.4107666015625,721.582763671875,1332.5625,750.279296875,1318.4866333007812,735.9310302734375,28.1517333984375,28.696533203125
IMG_0029.mp4,6019,200.83416750083418,29.97,1162,2,traffic_signs,0.8603173494338989,711.127685546875,647.5287475585938,734.853759765625,697.2339477539062,722.99072265625,672.38134765625,23.72607421875,49.7052001953125
IMG_0029.mp4,6019,200.83416750083418,29.97,1187,2,traffic_signs,0.7198206186294556,438.0567321777344,692.5255737304688,463.0818786621094,720.9649047851562,450.5693054199219,706.7452392578125,25.025146484375,28.4393310546875
IMG_0029.mp4,6019,200.83416750083418,29.97,1142,2,traffic_signs,0.9476425647735596,483.3105773925781,673.2405395507812,581.7553100585938,813.563232421875,532.5329437255859,743.4018859863281,98.44473266601562,140.32269287109375
IMG_0029.mp4,6019,200.83416750083418,29.97,1212,2,traffic_signs,0.7863107323646545,626.2975463867188,743.644775390625,635.0360717773438,760.6298828125,630.6668090820312,752.1373291015625,8.738525390625,16.985107421875
IMG_0029.mp4,6019,200.83416750083418,29.97,998,2,traffic_signs,0.7464430928230286,966.794189453125,680.2928466796875,1002.2091064453125,719.2329711914062,984.5016479492188,699.7629089355469,35.4149169921875,38.94012451171875
IMG_0029.mp4,6019,200.83416750083418,29.97,1208,2,traffic_signs,0.556115448474884,292.2918395996094,636.8468017578125,338.9626159667969,721.7626953125,315.6272277832031,679.3047485351562,46.6707763671875,84.9158935546875
IMG_0029.mp4,6020,200.86753420086754,29.97,1091,2,traffic_signs,0.8926538228988647,1308.1968994140625,720.8404541015625,1336.9434814453125,750.3423461914062,1322.5701904296875,735.5914001464844,28.74658203125,29.50189208984375
IMG_0029.mp4,6020,200.86753420086754,29.97,1162,2,traffic_signs,0.8170855641365051,708.6800537109375,646.0929565429688,733.1399536132812,697.5423583984375,720.9100036621094,671.8176574707031,24.45989990234375,51.44940185546875
IMG_0029.mp4,6020,200.86753420086754,29.97,1187,2,traffic_signs,0.5770706534385681,435.6699523925781,691.7918701171875,461.6560363769531,720.3170776367188,448.6629943847656,706.0544738769531,25.986083984375,28.52520751953125
IMG_0029.mp4,6020,200.86753420086754,29.97,1142,2,traffic_signs,0.8853521347045898,473.212646484375,671.7171630859375,574.9537963867188,770.9842529296875,524.0832214355469,721.3507080078125,101.74114990234375,99.26708984375
IMG_0029.mp4,6020,200.86753420086754,29.97,1212,2,traffic_signs,0.7691819667816162,627.639404296875,744.4246826171875,636.2647094726562,760.8649291992188,631.9520568847656,752.6448059082031,8.62530517578125,16.44024658203125
IMG_0029.mp4,6020,200.86753420086754,29.97,998,2,traffic_signs,0.8314318060874939,967.1616821289062,679.6925659179688,1002.6871337890625,718.8237915039062,984.9244079589844,699.2581787109375,35.52545166015625,39.1312255859375
IMG_0029.mp4,6020,200.86753420086754,29.97,1208,2,traffic_signs,0.5350220203399658,287.5705261230469,636.243896484375,335.02386474609375,721.5303344726562,311.2971954345703,678.8871154785156,47.453338623046875,85.28643798828125
IMG_0029.mp4,6020,200.86753420086754,29.97,1189,2,traffic_signs,0.525006115436554,547.3392944335938,750.155517578125,559.4224243164062,765.4733276367188,553.380859375,757.8144226074219,12.0831298828125,15.31781005859375
IMG_0029.mp4,6021,200.90090090090092,29.97,1091,2,traffic_signs,0.8843713402748108,1310.483642578125,719.8807373046875,1340.364990234375,750.075439453125,1325.42431640625,734.9780883789062,29.88134765625,30.1947021484375
IMG_0029.mp4,6021,200.90090090090092,29.97,1162,2,traffic_signs,0.812874972820282,706.7747802734375,644.5355224609375,731.0108642578125,697.779296875,718.892822265625,671.1574096679688,24.236083984375,53.2437744140625
IMG_0029.mp4,6021,200.90090090090092,29.97,1142,2,traffic_signs,0.9425449967384338,462.2057189941406,669.7985229492188,566.266357421875,760.3696899414062,514.2360382080078,715.0841064453125,104.06063842773438,90.5711669921875
IMG_0029.mp4,6021,200.90090090090092,29.97,1212,2,traffic_signs,0.7494345903396606,628.86181640625,744.3436889648438,637.478271484375,763.5780029296875,633.1700439453125,753.9608459472656,8.616455078125,19.23431396484375
IMG_0029.mp4,6021,200.90090090090092,29.97,998,2,traffic_signs,0.8677780032157898,967.4032592773438,678.9917602539062,1003.4014282226562,718.349853515625,985.40234375,698.6708068847656,35.9981689453125,39.35809326171875
IMG_0029.mp4,6021,200.90090090090092,29.97,1208,2,traffic_signs,0.8007563352584839,283.6157531738281,635.2227783203125,331.6948547363281,720.8672485351562,307.6553039550781,678.0450134277344,48.0791015625,85.64447021484375
IMG_0029.mp4,6021,200.90090090090092,29.97,1189,2,traffic_signs,0.7516082525253296,546.678466796875,748.414794921875,560.1524047851562,765.1056518554688,553.4154357910156,756.7602233886719,13.47393798828125,16.69085693359375
IMG_0029.mp4,6022,200.93426760093428,29.97,1091,2,traffic_signs,0.3628619313240051,1314.5474853515625,720.2577514648438,1344.433837890625,750.4981079101562,1329.4906616210938,735.3779296875,29.8863525390625,30.2403564453125
IMG_0029.mp4,6022,200.93426760093428,29.97,1162,2,traffic_signs,0.8053653240203857,704.2451171875,642.8890380859375,729.3475952148438,697.91015625,716.7963562011719,670.3995971679688,25.10247802734375,55.0211181640625
IMG_0029.mp4,6022,200.93426760093428,29.97,1142,2,traffic_signs,0.8391255736351013,452.246337890625,667.3809204101562,557.636962890625,757.4954833984375,504.941650390625,712.4382019042969,105.390625,90.11456298828125
IMG_0029.mp4,6022,200.93426760093428,29.97,1212,2,traffic_signs,0.7299309372901917,630.015625,744.5852661132812,638.4705200195312,764.1231689453125,634.2430725097656,754.3542175292969,8.45489501953125,19.53790283203125
IMG_0029.mp4,6022,200.93426760093428,29.97,998,2,traffic_signs,0.8064274787902832,967.8887329101562,678.1241455078125,1004.3203125,717.7380981445312,986.1045227050781,697.9311218261719,36.43157958984375,39.61395263671875
IMG_0029.mp4,6022,200.93426760093428,29.97,1208,2,traffic_signs,0.5672592520713806,278.1404724121094,634.385498046875,327.4566955566406,720.71484375,302.798583984375,677.5501708984375,49.31622314453125,86.329345703125
IMG_0029.mp4,6022,200.93426760093428,29.97,1189,2,traffic_signs,0.8637517690658569,546.8999633789062,747.9158935546875,561.2344360351562,765.8499755859375,554.0671997070312,756.8829345703125,14.33447265625,17.93408203125
IMG_0029.mp4,6023,200.96763430096763,29.97,1091,2,traffic_signs,0.8581292629241943,1320.106201171875,719.7005004882812,1349.1688232421875,750.2981567382812,1334.6375122070312,734.9993286132812,29.0626220703125,30.59765625
IMG_0029.mp4,6023,200.96763430096763,29.97,1162,2,traffic_signs,0.8023129105567932,702.2575073242188,642.0103149414062,727.2236938476562,696.9163208007812,714.7406005859375,669.4633178710938,24.9661865234375,54.906005859375
IMG_0029.mp4,6023,200.96763430096763,29.97,1142,2,traffic_signs,0.9349702000617981,439.9677734375,664.6128540039062,547.8876953125,756.0173950195312,493.927734375,710.3151245117188,107.919921875,91.404541015625
IMG_0029.mp4,6023,200.96763430096763,29.97,1212,2,traffic_signs,0.6967570781707764,631.0087280273438,744.190673828125,639.9046020507812,762.7063598632812,635.4566650390625,753.4485168457031,8.8958740234375,18.51568603515625
IMG_0029.mp4,6023,200.96763430096763,29.97,998,2,traffic_signs,0.8410701155662537,968.6948852539062,677.29345703125,1005.641357421875,717.0963745117188,987.1681213378906,697.1949157714844,36.94647216796875,39.80291748046875
IMG_0029.mp4,6023,200.96763430096763,29.97,1208,2,traffic_signs,0.8524065613746643,274.5500793457031,633.2694091796875,324.63433837890625,721.099853515625,299.5922088623047,677.1846313476562,50.084259033203125,87.8304443359375
IMG_0029.mp4,6023,200.96763430096763,29.97,1189,2,traffic_signs,0.8588038682937622,548.3458862304688,747.7731323242188,562.7295532226562,766.285888671875,555.5377197265625,757.0295104980469,14.3836669921875,18.51275634765625
IMG_0029.mp4,6024,201.00100100100101,29.97,1091,2,traffic_signs,0.8691179156303406,1324.056396484375,719.6243286132812,1352.962890625,749.849609375,1338.5096435546875,734.7369689941406,28.906494140625,30.22528076171875
IMG_0029.mp4,6024,201.00100100100101,29.97,1162,2,traffic_signs,0.8125317096710205,699.8123779296875,640.9420166015625,725.2201538085938,695.830322265625,712.5162658691406,668.3861694335938,25.40777587890625,54.8883056640625
IMG_0029.mp4,6024,201.00100100100101,29.97,1142,2,traffic_signs,0.9114058017730713,428.82196044921875,662.8021240234375,538.5980834960938,756.6453247070312,483.71002197265625,709.7237243652344,109.776123046875,93.84320068359375
IMG_0029.mp4,6024,201.00100100100101,29.97,1212,2,traffic_signs,0.6465756893157959,633.039306640625,744.451416015625,641.8616333007812,762.1484375,637.4504699707031,753.2999267578125,8.82232666015625,17.697021484375
IMG_0029.mp4,6024,201.00100100100101,29.97,998,2,traffic_signs,0.8283312320709229,969.6879272460938,676.6798706054688,1006.8067016601562,716.6951904296875,988.247314453125,696.6875305175781,37.1187744140625,40.01531982421875
IMG_0029.mp4,6024,201.00100100100101,29.97,1208,2,traffic_signs,0.8842740058898926,271.19403076171875,632.8136596679688,321.1959228515625,721.3517456054688,296.1949768066406,677.0827026367188,50.00189208984375,88.5380859375
IMG_0029.mp4,6024,201.00100100100101,29.97,1189,2,traffic_signs,0.858057975769043,550.114990234375,748.2755737304688,564.0004272460938,766.7156982421875,557.0577087402344,757.4956359863281,13.88543701171875,18.44012451171875
IMG_0029.mp4,6025,201.03436770103437,29.97,1091,2,traffic_signs,0.8758520483970642,1328.90576171875,719.6220092773438,1357.7486572265625,749.9207153320312,1343.3272094726562,734.7713623046875,28.8428955078125,30.2987060546875
IMG_0029.mp4,6025,201.03436770103437,29.97,1162,2,traffic_signs,0.8409048914909363,697.8089599609375,639.902099609375,723.51611328125,694.2200927734375,710.6625366210938,667.0610961914062,25.7071533203125,54.3179931640625
IMG_0029.mp4,6025,201.03436770103437,29.97,1142,2,traffic_signs,0.8015413284301758,416.7596130371094,658.8155517578125,529.0149536132812,767.9633178710938,472.8872833251953,713.3894348144531,112.25534057617188,109.14776611328125
IMG_0029.mp4,6025,201.03436770103437,29.97,1212,2,traffic_signs,0.6965778470039368,634.6820678710938,744.6626586914062,643.5595092773438,761.2597045898438,639.1207885742188,752.961181640625,8.87744140625,16.5970458984375
IMG_0029.mp4,6025,201.03436770103437,29.97,998,2,traffic_signs,0.8355318903923035,970.6103515625,675.9125366210938,1008.3359985351562,716.8513793945312,989.4731750488281,696.3819580078125,37.72564697265625,40.9388427734375
IMG_0029.mp4,6025,201.03436770103437,29.97,1208,2,traffic_signs,0.8440289497375488,267.0341491699219,632.3309326171875,318.3353576660156,720.6259155273438,292.68475341796875,676.4784240722656,51.30120849609375,88.29498291015625
IMG_0029.mp4,6025,201.03436770103437,29.97,1189,2,traffic_signs,0.8616849184036255,551.6624145507812,748.7445068359375,565.3441162109375,767.1351318359375,558.5032653808594,757.9398193359375,13.68170166015625,18.390625
IMG_0029.mp4,6026,201.06773440106775,29.97,1091,2,traffic_signs,0.8783115744590759,1332.87744140625,719.6184692382812,1361.994140625,749.4331665039062,1347.435791015625,734.5258178710938,29.11669921875,29.814697265625
IMG_0029.mp4,6026,201.06773440106775,29.97,1162,2,traffic_signs,0.8677768707275391,695.9150390625,638.9425048828125,721.77001953125,692.152587890625,708.842529296875,665.5475463867188,25.85498046875,53.2100830078125
IMG_0029.mp4,6026,201.06773440106775,29.97,1142,2,traffic_signs,0.7484322190284729,400.80828857421875,654.7673950195312,517.0845336914062,851.9160766601562,458.9464111328125,753.3417358398438,116.2762451171875,197.148681640625
IMG_0029.mp4,6026,201.06773440106775,29.97,1212,2,traffic_signs,0.7593831419944763,636.31591796875,744.8087158203125,645.1080932617188,761.9385375976562,640.7120056152344,753.3736267089844,8.79217529296875,17.12982177734375
IMG_0029.mp4,6026,201.06773440106775,29.97,998,2,traffic_signs,0.8439052700996399,972.177978515625,675.441162109375,1009.798828125,716.9341430664062,990.9884033203125,696.1876525878906,37.620849609375,41.49298095703125
IMG_0029.mp4,6026,201.06773440106775,29.97,1208,2,traffic_signs,0.7143488526344299,263.4619140625,632.3721923828125,314.895263671875,720.7215576171875,289.1785888671875,676.546875,51.433349609375,88.349365234375
IMG_0029.mp4,6026,201.06773440106775,29.97,1189,2,traffic_signs,0.8637402057647705,553.04443359375,749.497802734375,566.4058227539062,767.4396362304688,559.7251281738281,758.4687194824219,13.36138916015625,17.94183349609375
IMG_0029.mp4,6027,201.1011011011011,29.97,1091,2,traffic_signs,0.8432620167732239,1337.4703369140625,719.3412475585938,1367.654541015625,749.1091918945312,1352.5624389648438,734.2252197265625,30.1842041015625,29.7679443359375
IMG_0029.mp4,6027,201.1011011011011,29.97,1162,2,traffic_signs,0.9027000069618225,694.2194213867188,638.0193481445312,720.639892578125,690.9613037109375,707.4296569824219,664.4903259277344,26.42047119140625,52.94195556640625
IMG_0029.mp4,6027,201.1011011011011,29.97,1142,2,traffic_signs,0.6927544474601746,388.779052734375,651.5821533203125,507.8820495605469,868.3369140625,448.33055114746094,759.9595336914062,119.10299682617188,216.7547607421875
IMG_0029.mp4,6027,201.1011011011011,29.97,1212,2,traffic_signs,0.7455744743347168,638.6211547851562,745.1866455078125,647.4913330078125,761.4622802734375,643.0562438964844,753.324462890625,8.87017822265625,16.275634765625
IMG_0029.mp4,6027,201.1011011011011,29.97,998,2,traffic_signs,0.897903323173523,973.6011352539062,674.7570190429688,1011.5975952148438,716.1282348632812,992.599365234375,695.442626953125,37.9964599609375,41.3712158203125
IMG_0029.mp4,6027,201.1011011011011,29.97,1208,2,traffic_signs,0.7359772324562073,260.4400329589844,632.2001342773438,312.66204833984375,720.2221069335938,286.55104064941406,676.2111206054688,52.222015380859375,88.02197265625
IMG_0029.mp4,6027,201.1011011011011,29.97,1189,2,traffic_signs,0.8535450100898743,555.0071411132812,749.6593017578125,568.2776489257812,768.0973510742188,561.6423950195312,758.8783264160156,13.2705078125,18.43804931640625
IMG_0029.mp4,6027,201.1011011011011,29.97,1217,2,traffic_signs,0.4692283272743225,261.5631408691406,633.9893188476562,313.5616455078125,720.8663330078125,287.56239318847656,677.4278259277344,51.998504638671875,86.87701416015625
IMG_0029.mp4,6027,201.1011011011011,29.97,1218,2,traffic_signs,0.5731207728385925,392.1202697753906,654.4367065429688,509.7458801269531,830.1063232421875,450.9330749511719,742.2715148925781,117.6256103515625,175.66961669921875
IMG_0029.mp4,6028,201.13446780113446,29.97,1091,2,traffic_signs,0.8916414976119995,1341.0682373046875,718.8370971679688,1372.43603515625,749.0704956054688,1356.7521362304688,733.9537963867188,31.3677978515625,30.2333984375
IMG_0029.mp4,6028,201.13446780113446,29.97,1162,2,traffic_signs,0.9085206389427185,692.3604736328125,636.7597045898438,719.263427734375,689.8186645507812,705.8119506835938,663.2891845703125,26.9029541015625,53.0589599609375
IMG_0029.mp4,6028,201.13446780113446,29.97,1142,2,traffic_signs,0.6218324899673462,374.2074279785156,648.5431518554688,497.0125732421875,886.4276123046875,435.61000061035156,767.4853820800781,122.80514526367188,237.88446044921875
IMG_0029.mp4,6028,201.13446780113446,29.97,1212,2,traffic_signs,0.708900511264801,641.2293090820312,745.480712890625,649.7120361328125,762.3229370117188,645.4706726074219,753.9018249511719,8.48272705078125,16.84222412109375
IMG_0029.mp4,6028,201.13446780113446,29.97,998,2,traffic_signs,0.5390869975090027,974.8017578125,673.9210205078125,1013.2308959960938,715.4081420898438,994.0163269042969,694.6645812988281,38.42913818359375,41.48712158203125
IMG_0029.mp4,6028,201.13446780113446,29.97,1208,2,traffic_signs,0.9019795060157776,257.69879150390625,631.4680786132812,310.1819763183594,720.0350952148438,283.9403839111328,675.7515869140625,52.483184814453125,88.5670166015625
IMG_0029.mp4,6028,201.13446780113446,29.97,1189,2,traffic_signs,0.8220692276954651,557.20654296875,749.348876953125,570.0073852539062,768.195556640625,563.6069641113281,758.772216796875,12.80084228515625,18.8466796875
IMG_0029.mp4,6029,201.16783450116785,29.97,1091,2,traffic_signs,0.8948718905448914,1345.7159423828125,717.3955078125,1377.6597900390625,748.9837646484375,1361.6878662109375,733.1896362304688,31.94384765625,31.5882568359375
IMG_0029.mp4,6029,201.16783450116785,29.97,1162,2,traffic_signs,0.9145562648773193,690.7029418945312,635.8010864257812,717.9466552734375,689.41015625,704.3247985839844,662.6056213378906,27.24371337890625,53.60906982421875
IMG_0029.mp4,6029,201.16783450116785,29.97,1142,2,traffic_signs,0.4570970833301544,359.75762939453125,645.3826293945312,486.229248046875,904.7034912109375,422.9934387207031,775.0430603027344,126.47161865234375,259.32086181640625
IMG_0029.mp4,6029,201.16783450116785,29.97,1212,2,traffic_signs,0.6389309763908386,643.4833374023438,745.8589477539062,651.9746704101562,762.7296752929688,647.72900390625,754.2943115234375,8.4913330078125,16.8707275390625
IMG_0029.mp4,6029,201.16783450116785,29.97,998,2,traffic_signs,0.5518739819526672,976.388916015625,673.425048828125,1015.3700561523438,715.1959838867188,995.8794860839844,694.3105163574219,38.98114013671875,41.77093505859375
IMG_0029.mp4,6029,201.16783450116785,29.97,1208,2,traffic_signs,0.9036664962768555,254.5616912841797,630.8699951171875,307.68255615234375,720.00244140625,281.1221237182617,675.4362182617188,53.12086486816406,89.1324462890625
IMG_0029.mp4,6029,201.16783450116785,29.97,1189,2,traffic_signs,0.8496248722076416,559.2315063476562,749.5313110351562,572.1038208007812,767.9445190429688,565.6676635742188,758.7379150390625,12.872314453125,18.4132080078125
IMG_0029.mp4,6030,201.2012012012012,29.97,1091,2,traffic_signs,0.8344464302062988,1350.9888916015625,717.492919921875,1383.059814453125,748.2423706054688,1367.0243530273438,732.8676452636719,32.0709228515625,30.74945068359375
IMG_0029.mp4,6030,201.2012012012012,29.97,1162,2,traffic_signs,0.9036784768104553,688.8624877929688,634.7337036132812,716.8993530273438,688.6965942382812,702.8809204101562,661.7151489257812,28.036865234375,53.962890625
IMG_0029.mp4,6030,201.2012012012012,29.97,1142,2,traffic_signs,0.5428012609481812,344.92694091796875,643.1632080078125,475.98455810546875,906.8203125,410.45574951171875,774.9917602539062,131.0576171875,263.6571044921875
IMG_0029.mp4,6030,201.2012012012012,29.97,1212,2,traffic_signs,0.6765230894088745,645.7261352539062,745.997314453125,654.7726440429688,762.5906982421875,650.2493896484375,754.2940063476562,9.0465087890625,16.5933837890625
IMG_0029.mp4,6030,201.2012012012012,29.97,998,2,traffic_signs,0.6822260618209839,978.5423583984375,672.9713745117188,1016.9110107421875,714.6305541992188,997.7266845703125,693.8009643554688,38.36865234375,41.6591796875
IMG_0029.mp4,6030,201.2012012012012,29.97,1208,2,traffic_signs,0.9137303829193115,251.56338500976562,630.676025390625,305.6083679199219,720.0020751953125,278.58587646484375,675.3390502929688,54.04498291015625,89.3260498046875
IMG_0029.mp4,6030,201.2012012012012,29.97,1189,2,traffic_signs,0.8427870869636536,561.8673706054688,749.948486328125,574.0675048828125,767.6692504882812,567.9674377441406,758.8088684082031,12.20013427734375,17.72076416015625
IMG_0029.mp4,6031,201.23456790123458,29.97,1091,2,traffic_signs,0.894905149936676,1356.127197265625,716.3963623046875,1388.8238525390625,747.458251953125,1372.4755249023438,731.9273071289062,32.6966552734375,31.0618896484375
IMG_0029.mp4,6031,201.23456790123458,29.97,1162,2,traffic_signs,0.9123777151107788,687.4092407226562,633.1212768554688,716.3167114257812,688.0269165039062,701.8629760742188,660.5740966796875,28.907470703125,54.9056396484375
IMG_0029.mp4,6031,201.23456790123458,29.97,1142,2,traffic_signs,0.6955456733703613,335.27044677734375,643.1849365234375,466.7967834472656,818.8289794921875,401.0336151123047,731.0069580078125,131.52633666992188,175.64404296875
IMG_0029.mp4,6031,201.23456790123458,29.97,1212,2,traffic_signs,0.615458071231842,648.115478515625,746.6666870117188,657.5831298828125,763.477783203125,652.8493041992188,755.0722351074219,9.4676513671875,16.81109619140625
IMG_0029.mp4,6031,201.23456790123458,29.97,998,2,traffic_signs,0.8320596814155579,980.02001953125,671.85107421875,1018.9290771484375,713.7266845703125,999.4745483398438,692.7888793945312,38.9090576171875,41.8756103515625
IMG_0029.mp4,6031,201.23456790123458,29.97,1208,2,traffic_signs,0.6319758892059326,249.33547973632812,630.3411865234375,303.7209167480469,720.184814453125,276.5281982421875,675.2630004882812,54.38543701171875,89.8436279296875
IMG_0029.mp4,6031,201.23456790123458,29.97,1189,2,traffic_signs,0.8350426554679871,564.8135375976562,750.0514526367188,577.0526733398438,767.978515625,570.93310546875,759.0149841308594,12.2391357421875,17.92706298828125
IMG_0029.mp4,6031,201.23456790123458,29.97,1217,2,traffic_signs,0.5528247356414795,249.29067993164062,632.0427856445312,304.4455261230469,719.9379272460938,276.86810302734375,675.9903564453125,55.15484619140625,87.8951416015625
IMG_0029.mp4,6032,201.26793460126794,29.97,1091,2,traffic_signs,0.8908137679100037,1362.9957275390625,716.19580078125,1394.5989990234375,747.895751953125,1378.79736328125,732.0457763671875,31.603271484375,31.699951171875
IMG_0029.mp4,6032,201.26793460126794,29.97,1162,2,traffic_signs,0.9049785137176514,685.6773071289062,631.1528930664062,715.3522338867188,687.1885986328125,700.5147705078125,659.1707458496094,29.6749267578125,56.03570556640625
IMG_0029.mp4,6032,201.26793460126794,29.97,1142,2,traffic_signs,0.7091871500015259,323.48583984375,641.6155395507812,456.6379089355469,772.4918823242188,390.06187438964844,707.0537109375,133.15206909179688,130.8763427734375
IMG_0029.mp4,6032,201.26793460126794,29.97,1212,2,traffic_signs,0.6346253752708435,650.5567016601562,747.1002807617188,660.3223876953125,764.5855102539062,655.4395446777344,755.8428955078125,9.76568603515625,17.4852294921875
IMG_0029.mp4,6032,201.26793460126794,29.97,998,2,traffic_signs,0.7442985773086548,981.5316162109375,670.8837280273438,1021.5049438476562,712.6992797851562,1001.5182800292969,691.79150390625,39.97332763671875,41.8155517578125
IMG_0029.mp4,6032,201.26793460126794,29.97,1189,2,traffic_signs,0.806134045124054,567.54931640625,750.4270629882812,579.6668701171875,768.125244140625,573.6080932617188,759.2761535644531,12.1175537109375,17.69818115234375
IMG_0029.mp4,6033,201.30130130130132,29.97,1091,2,traffic_signs,0.888909637928009,1368.3551025390625,715.8548583984375,1400.7332763671875,747.577880859375,1384.544189453125,731.7163696289062,32.378173828125,31.7230224609375
IMG_0029.mp4,6033,201.30130130130132,29.97,1162,2,traffic_signs,0.9216762781143188,684.5618896484375,629.8856201171875,714.5567626953125,686.5762329101562,699.559326171875,658.2309265136719,29.994873046875,56.69061279296875
IMG_0029.mp4,6033,201.30130130130132,29.97,1212,2,traffic_signs,0.27470073103904724,653.8135375976562,748.0169067382812,663.571533203125,764.8248291015625,658.6925354003906,756.4208679199219,9.75799560546875,16.80792236328125
IMG_0029.mp4,6033,201.30130130130132,29.97,998,2,traffic_signs,0.8047695755958557,983.6289672851562,669.5643920898438,1024.142822265625,711.819580078125,1003.8858947753906,690.6919860839844,40.51385498046875,42.25518798828125
IMG_0029.mp4,6033,201.30130130130132,29.97,1189,2,traffic_signs,0.4956909716129303,570.3275146484375,750.689697265625,582.5012817382812,768.1323852539062,576.4143981933594,759.4110412597656,12.17376708984375,17.44268798828125
IMG_0029.mp4,6033,201.30130130130132,29.97,1208,2,traffic_signs,0.9102601408958435,244.97015380859375,629.9359741210938,300.4756164550781,719.4282836914062,272.72288513183594,674.68212890625,55.505462646484375,89.4923095703125
IMG_0029.mp4,6034,201.33466800133468,29.97,1091,2,traffic_signs,0.9076598882675171,1375.305908203125,715.623291015625,1406.8470458984375,747.6430053710938,1391.0764770507812,731.6331481933594,31.5411376953125,32.01971435546875
IMG_0029.mp4,6034,201.33466800133468,29.97,1162,2,traffic_signs,0.9111603498458862,683.4521484375,628.6571655273438,713.5958251953125,686.2572631835938,698.5239868164062,657.4572143554688,30.1436767578125,57.60009765625
IMG_0029.mp4,6034,201.33466800133468,29.97,998,2,traffic_signs,0.7674543857574463,985.8857421875,668.6068115234375,1026.43359375,710.6005859375,1006.15966796875,689.6036987304688,40.5478515625,41.9937744140625
IMG_0029.mp4,6034,201.33466800133468,29.97,1189,2,traffic_signs,0.8238167762756348,573.4219970703125,751.251953125,585.5035400390625,768.5901489257812,579.4627685546875,759.9210510253906,12.08154296875,17.33819580078125
IMG_0029.mp4,6034,201.33466800133468,29.97,1208,2,traffic_signs,0.9057806134223938,243.06951904296875,629.802978515625,298.8251037597656,718.807373046875,270.9473114013672,674.30517578125,55.755584716796875,89.00439453125
IMG_0029.mp4,6034,201.33466800133468,29.97,1187,2,traffic_signs,0.77159583568573,430.7427673339844,691.3648681640625,453.2479248046875,721.433349609375,441.99534606933594,706.3991088867188,22.505157470703125,30.0684814453125
IMG_0029.mp4,6035,201.36803470136803,29.97,1091,2,traffic_signs,0.7544780373573303,1380.6893310546875,715.1898193359375,1412.8414306640625,746.8548583984375,1396.765380859375,731.0223388671875,32.152099609375,31.6650390625
IMG_0029.mp4,6035,201.36803470136803,29.97,1162,2,traffic_signs,0.911798357963562,682.6502685546875,627.2732543945312,713.29150390625,685.34521484375,697.9708862304688,656.3092346191406,30.6412353515625,58.07196044921875
IMG_0029.mp4,6035,201.36803470136803,29.97,998,2,traffic_signs,0.8771783113479614,988.0822143554688,667.3834838867188,1029.3084716796875,709.7230224609375,1008.6953430175781,688.5532531738281,41.22625732421875,42.33953857421875
IMG_0029.mp4,6035,201.36803470136803,29.97,1189,2,traffic_signs,0.8235745429992676,577.0455932617188,751.3336791992188,589.0230102539062,769.0711669921875,583.0343017578125,760.2024230957031,11.9774169921875,17.73748779296875
IMG_0029.mp4,6035,201.36803470136803,29.97,1208,2,traffic_signs,0.803007185459137,241.71826171875,629.3449096679688,299.4283752441406,718.8789672851562,270.5733184814453,674.1119384765625,57.710113525390625,89.5340576171875
IMG_0029.mp4,6035,201.36803470136803,29.97,1187,2,traffic_signs,0.6218737363815308,431.0575866699219,691.072509765625,454.8831787109375,722.1032104492188,442.9703826904297,706.5878601074219,23.825592041015625,31.03070068359375
IMG_0029.mp4,6036,201.40140140140142,29.97,1091,2,traffic_signs,0.5129880309104919,1387.3934326171875,714.4005737304688,1419.8355712890625,747.0250854492188,1403.614501953125,730.7128295898438,32.442138671875,32.62451171875
IMG_0029.mp4,6036,201.40140140140142,29.97,1162,2,traffic_signs,0.9061071872711182,681.6058349609375,626.1101684570312,712.928466796875,684.3348999023438,697.2671508789062,655.2225341796875,31.3226318359375,58.2247314453125
IMG_0029.mp4,6036,201.40140140140142,29.97,998,2,traffic_signs,0.8886399865150452,991.2459106445312,666.50390625,1032.3729248046875,709.490966796875,1011.8094177246094,687.9974365234375,41.12701416015625,42.987060546875
IMG_0029.mp4,6036,201.40140140140142,29.97,1189,2,traffic_signs,0.7972220778465271,579.8804931640625,751.8988037109375,592.4074096679688,769.9434814453125,586.1439514160156,760.921142578125,12.52691650390625,18.044677734375
IMG_0029.mp4,6036,201.40140140140142,29.97,1187,2,traffic_signs,0.8731587529182434,431.8144226074219,690.8342895507812,455.9587707519531,722.4328002929688,443.8865966796875,706.633544921875,24.14434814453125,31.5985107421875
IMG_0029.mp4,6036,201.40140140140142,29.97,1224,2,traffic_signs,0.581713855266571,758.7662353515625,768.4201049804688,768.171630859375,779.7340087890625,763.4689331054688,774.0770568847656,9.4053955078125,11.31390380859375
IMG_0029.mp4,6037,201.43476810143477,29.97,1091,2,traffic_signs,0.8649670481681824,1393.6082763671875,714.0313110351562,1427.4263916015625,746.7413330078125,1410.517333984375,730.3863220214844,33.818115234375,32.71002197265625
IMG_0029.mp4,6037,201.43476810143477,29.97,1162,2,traffic_signs,0.8899572491645813,680.6510620117188,625.0387573242188,712.7595825195312,683.1278076171875,696.705322265625,654.0832824707031,32.1085205078125,58.08905029296875
IMG_0029.mp4,6037,201.43476810143477,29.97,998,2,traffic_signs,0.623552143573761,993.726318359375,666.0067138671875,1035.938720703125,709.20849609375,1014.83251953125,687.6076049804688,42.21240234375,43.2017822265625
IMG_0029.mp4,6037,201.43476810143477,29.97,1189,2,traffic_signs,0.7942553162574768,582.849365234375,752.2711791992188,595.6547241210938,769.9447631835938,589.2520446777344,761.1079711914062,12.80535888671875,17.673583984375
IMG_0029.mp4,6037,201.43476810143477,29.97,1187,2,traffic_signs,0.8764176368713379,433.15374755859375,691.1483154296875,457.0545959472656,722.2394409179688,445.1041717529297,706.6938781738281,23.900848388671875,31.09112548828125
IMG_0029.mp4,6037,201.43476810143477,29.97,1224,2,traffic_signs,0.3097507655620575,762.4398193359375,769.0931396484375,771.0429077148438,780.0014038085938,766.7413635253906,774.5472717285156,8.60308837890625,10.90826416015625
IMG_0029.mp4,6038,201.46813480146815,29.97,1091,2,traffic_signs,0.7149723768234253,1401.3116455078125,713.7734985351562,1435.776611328125,746.3941650390625,1418.5441284179688,730.0838317871094,34.4649658203125,32.62066650390625
IMG_0029.mp4,6038,201.46813480146815,29.97,1162,2,traffic_signs,0.708354651927948,680.3322143554688,624.0050048828125,712.9324340820312,682.5468139648438,696.63232421875,653.2759094238281,32.6002197265625,58.54180908203125
IMG_0029.mp4,6038,201.46813480146815,29.97,998,2,traffic_signs,0.6507102847099304,996.582275390625,665.6502685546875,1039.926025390625,708.6172485351562,1018.254150390625,687.1337585449219,43.34375,42.96697998046875
IMG_0029.mp4,6038,201.46813480146815,29.97,1189,2,traffic_signs,0.8323447108268738,586.7677001953125,752.5537109375,599.7194213867188,770.7105102539062,593.2435607910156,761.6321105957031,12.95172119140625,18.15679931640625
IMG_0029.mp4,6038,201.46813480146815,29.97,1187,2,traffic_signs,0.8973609209060669,435.3276672363281,690.6365966796875,459.0166320800781,722.645263671875,447.1721496582031,706.6409301757812,23.68896484375,32.0086669921875
IMG_0029.mp4,6038,201.46813480146815,29.97,1224,2,traffic_signs,0.3121243417263031,767.78125,769.3589477539062,774.5379638671875,781.0299072265625,771.1596069335938,775.1944274902344,6.7567138671875,11.67095947265625
IMG_0029.mp4,6039,201.5015015015015,29.97,1091,2,traffic_signs,0.6538079977035522,1408.0799560546875,713.7671508789062,1443.923583984375,746.524169921875,1426.0017700195312,730.1456604003906,35.8436279296875,32.75701904296875
IMG_0029.mp4,6039,201.5015015015015,29.97,1162,2,traffic_signs,0.6750296950340271,679.74560546875,622.71923828125,713.1099243164062,681.6576538085938,696.4277648925781,652.1884460449219,33.36431884765625,58.93841552734375
IMG_0029.mp4,6039,201.5015015015015,29.97,1189,2,traffic_signs,0.8141316175460815,590.6039428710938,753.0567626953125,603.4058227539062,771.37646484375,597.0048828125,762.2166137695312,12.8018798828125,18.3197021484375
IMG_0029.mp4,6039,201.5015015015015,29.97,1187,2,traffic_signs,0.9036148190498352,436.89593505859375,690.2920532226562,460.6891784667969,723.31689453125,448.7925567626953,706.8044738769531,23.793243408203125,33.02484130859375
IMG_0029.mp4,6040,201.53486820153486,29.97,1091,2,traffic_signs,0.8905726075172424,1415.6324462890625,712.6047973632812,1452.5914306640625,745.805908203125,1434.1119384765625,729.2053527832031,36.958984375,33.20111083984375
IMG_0029.mp4,6040,201.53486820153486,29.97,1162,2,traffic_signs,0.8871766924858093,679.623046875,621.6730346679688,713.622802734375,681.0447998046875,696.6229248046875,651.3589172363281,33.999755859375,59.37176513671875
IMG_0029.mp4,6040,201.53486820153486,29.97,1189,2,traffic_signs,0.7868974208831787,594.9130249023438,753.5700073242188,607.468017578125,771.6577758789062,601.1905212402344,762.6138916015625,12.55499267578125,18.0877685546875
IMG_0029.mp4,6040,201.53486820153486,29.97,1187,2,traffic_signs,0.8976390957832336,438.8765869140625,690.5438232421875,462.4371337890625,723.9131469726562,450.6568603515625,707.2284851074219,23.560546875,33.36932373046875
IMG_0029.mp4,6040,201.53486820153486,29.97,1226,2,traffic_signs,0.4385420083999634,201.4729766845703,617.0640258789062,364.7168884277344,746.4013061523438,283.09493255615234,681.732666015625,163.24391174316406,129.3372802734375
IMG_0029.mp4,6040,201.53486820153486,29.97,1212,2,traffic_signs,0.5830693244934082,680.487060546875,749.2991333007812,689.4364013671875,768.5322265625,684.9617309570312,758.9156799316406,8.9493408203125,19.23309326171875
IMG_0029.mp4,6040,201.53486820153486,29.97,1224,2,traffic_signs,0.38927555084228516,778.0801391601562,769.6749877929688,784.9655151367188,781.0694580078125,781.5228271484375,775.3722229003906,6.8853759765625,11.39447021484375
IMG_0029.mp4,6041,201.56823490156825,29.97,1091,2,traffic_signs,0.9054068326950073,1424.0936279296875,711.7900390625,1461.942138671875,745.8060302734375,1443.0178833007812,728.7980346679688,37.8485107421875,34.0159912109375
IMG_0029.mp4,6041,201.56823490156825,29.97,1162,2,traffic_signs,0.8902633786201477,679.31396484375,620.2255859375,714.1614990234375,680.6473999023438,696.7377319335938,650.4364929199219,34.8475341796875,60.42181396484375
IMG_0029.mp4,6041,201.56823490156825,29.97,1189,2,traffic_signs,0.815442681312561,599.1516723632812,754.2033081054688,611.537353515625,772.4847412109375,605.3445129394531,763.3440246582031,12.38568115234375,18.28143310546875
IMG_0029.mp4,6041,201.56823490156825,29.97,1187,2,traffic_signs,0.9013745784759521,440.8960876464844,690.6268310546875,464.2514343261719,724.5183715820312,452.5737609863281,707.5726013183594,23.3553466796875,33.89154052734375
IMG_0029.mp4,6041,201.56823490156825,29.97,1212,2,traffic_signs,0.5199007391929626,683.8621826171875,749.6962890625,693.8790283203125,770.0233154296875,688.87060546875,759.8598022460938,10.016845703125,20.3270263671875
IMG_0029.mp4,6041,201.56823490156825,29.97,998,2,traffic_signs,0.4259375035762787,1005.8726196289062,661.47021484375,1051.2574462890625,707.0203857421875,1028.5650329589844,684.2453002929688,45.38482666015625,45.5501708984375
IMG_0029.mp4,6042,201.6016016016016,29.97,1091,2,traffic_signs,0.9239380359649658,1432.7548828125,710.6280517578125,1470.7703857421875,746.1770629882812,1451.7626342773438,728.4025573730469,38.0155029296875,35.54901123046875
IMG_0029.mp4,6042,201.6016016016016,29.97,1162,2,traffic_signs,0.8853305578231812,679.8062133789062,618.7236938476562,715.2830810546875,679.8909301757812,697.5446472167969,649.3073120117188,35.47686767578125,61.167236328125
IMG_0029.mp4,6042,201.6016016016016,29.97,1189,2,traffic_signs,0.7993468642234802,604.4749145507812,754.7780151367188,616.4468994140625,773.0722045898438,610.4609069824219,763.9251098632812,11.97198486328125,18.294189453125
IMG_0029.mp4,6042,201.6016016016016,29.97,1187,2,traffic_signs,0.8067137598991394,444.3278503417969,691.58935546875,467.15325927734375,724.6365966796875,455.7405548095703,708.1129760742188,22.825408935546875,33.0472412109375
IMG_0029.mp4,6043,201.63496830163498,29.97,1091,2,traffic_signs,0.903320848941803,1440.758544921875,710.0396118164062,1479.954345703125,745.733642578125,1460.3564453125,727.8866271972656,39.19580078125,35.69403076171875
IMG_0029.mp4,6043,201.63496830163498,29.97,1162,2,traffic_signs,0.9008565545082092,680.4509887695312,617.4082641601562,716.77490234375,679.2927856445312,698.6129455566406,648.3505249023438,36.32391357421875,61.884521484375
IMG_0029.mp4,6043,201.63496830163498,29.97,1189,2,traffic_signs,0.8012886643409729,609.6486206054688,755.439453125,621.669189453125,773.2739868164062,615.6589050292969,764.3567199707031,12.02056884765625,17.83453369140625
IMG_0029.mp4,6043,201.63496830163498,29.97,1187,2,traffic_signs,0.908745288848877,447.3302001953125,692.2325439453125,470.61480712890625,725.146484375,458.9725036621094,708.6895141601562,23.28460693359375,32.9139404296875
IMG_0029.mp4,6043,201.63496830163498,29.97,1229,2,traffic_signs,0.5840928554534912,791.2056884765625,771.1536865234375,799.3999633789062,782.6317138671875,795.3028259277344,776.8927001953125,8.19427490234375,11.47802734375
IMG_0029.mp4,6043,201.63496830163498,29.97,1212,2,traffic_signs,0.5348158478736877,694.5790405273438,750.7181396484375,704.1235961914062,774.3192138671875,699.351318359375,762.5186767578125,9.5445556640625,23.60107421875
IMG_0029.mp4,6043,201.63496830163498,29.97,998,2,traffic_signs,0.4142879247665405,1015.0263061523438,660.392333984375,1060.1136474609375,705.4854736328125,1037.5699768066406,682.9389038085938,45.08734130859375,45.0931396484375
IMG_0029.mp4,6044,201.66833500166834,29.97,1091,2,traffic_signs,0.909660279750824,1449.6859130859375,708.124267578125,1490.5296630859375,745.7802734375,1470.1077880859375,726.9522705078125,40.84375,37.656005859375
IMG_0029.mp4,6044,201.66833500166834,29.97,1162,2,traffic_signs,0.904365062713623,680.9656372070312,616.2996215820312,717.7098388671875,677.2091674804688,699.3377380371094,646.75439453125,36.74420166015625,60.9095458984375
IMG_0029.mp4,6044,201.66833500166834,29.97,1189,2,traffic_signs,0.8010231256484985,615.1051635742188,755.9039916992188,626.6195678710938,774.2581787109375,620.8623657226562,765.0810852050781,11.514404296875,18.35418701171875
IMG_0029.mp4,6044,201.66833500166834,29.97,1187,2,traffic_signs,0.9060567021369934,450.2986145019531,691.839599609375,473.21429443359375,725.7894287109375,461.75645446777344,708.8145141601562,22.915679931640625,33.9498291015625
IMG_0029.mp4,6044,201.66833500166834,29.97,1229,2,traffic_signs,0.6877772808074951,796.3828735351562,771.87158203125,805.26513671875,783.1065673828125,800.8240051269531,777.4890747070312,8.88226318359375,11.2349853515625
IMG_0029.mp4,6044,201.66833500166834,29.97,1212,2,traffic_signs,0.702549934387207,698.7533569335938,750.9946899414062,709.0031127929688,781.494140625,703.8782348632812,766.2444152832031,10.249755859375,30.49945068359375
IMG_0029.mp4,6045,201.70170170170172,29.97,1091,2,traffic_signs,0.9075627326965332,1458.8935546875,707.7410278320312,1499.6282958984375,745.2462158203125,1479.2609252929688,726.4936218261719,40.7347412109375,37.50518798828125
IMG_0029.mp4,6045,201.70170170170172,29.97,1162,2,traffic_signs,0.9088656306266785,681.8259887695312,614.997314453125,718.9188232421875,675.9951782226562,700.3724060058594,645.4962463378906,37.09283447265625,60.99786376953125
IMG_0029.mp4,6045,201.70170170170172,29.97,1189,2,traffic_signs,0.7364416718482971,619.9517211914062,755.5343017578125,630.9841918945312,774.1558227539062,625.4679565429688,764.8450622558594,11.032470703125,18.62152099609375
IMG_0029.mp4,6045,201.70170170170172,29.97,1187,2,traffic_signs,0.9115074872970581,453.9867248535156,691.5177001953125,476.54449462890625,726.2348022460938,465.26560974121094,708.8762512207031,22.557769775390625,34.71710205078125
IMG_0029.mp4,6045,201.70170170170172,29.97,1229,2,traffic_signs,0.5889602303504944,801.8486328125,771.8090209960938,810.47265625,783.0756225585938,806.16064453125,777.4423217773438,8.6240234375,11.2666015625
IMG_0029.mp4,6045,201.70170170170172,29.97,1212,2,traffic_signs,0.6005373001098633,704.2013549804688,751.2018432617188,714.5061645507812,779.6588745117188,709.353759765625,765.4303588867188,10.3048095703125,28.45703125
IMG_0029.mp4,6046,201.73506840173508,29.97,1091,2,traffic_signs,0.9176843762397766,1468.831298828125,707.4984130859375,1509.158447265625,744.4525756835938,1488.994873046875,725.9754943847656,40.3271484375,36.95416259765625
IMG_0029.mp4,6046,201.73506840173508,29.97,1162,2,traffic_signs,0.9351626038551331,683.3502807617188,613.3721923828125,721.12109375,675.8327026367188,702.2356872558594,644.6024475097656,37.77081298828125,62.46051025390625
IMG_0029.mp4,6046,201.73506840173508,29.97,1189,2,traffic_signs,0.7453062534332275,626.1709594726562,756.03955078125,636.359130859375,774.5565185546875,631.2650451660156,765.2980346679688,10.18817138671875,18.5169677734375
IMG_0029.mp4,6046,201.73506840173508,29.97,1187,2,traffic_signs,0.9001556634902954,457.819580078125,692.2448120117188,480.06707763671875,726.342041015625,468.9433288574219,709.2934265136719,22.24749755859375,34.09722900390625
IMG_0029.mp4,6046,201.73506840173508,29.97,1229,2,traffic_signs,0.44750580191612244,807.7089233398438,772.0238037109375,815.9514770507812,783.3054809570312,811.8302001953125,777.6646423339844,8.2425537109375,11.28167724609375
IMG_0029.mp4,6046,201.73506840173508,29.97,1212,2,traffic_signs,0.5726140141487122,709.4602661132812,751.8585205078125,719.7045288085938,781.5263061523438,714.5823974609375,766.6924133300781,10.2442626953125,29.66778564453125
IMG_0029.mp4,6047,201.76843510176843,29.97,1091,2,traffic_signs,0.9206336140632629,1480.7291259765625,706.5843505859375,1521.230224609375,743.6643676757812,1500.9796752929688,725.1243591308594,40.5010986328125,37.08001708984375
IMG_0029.mp4,6047,201.76843510176843,29.97,1162,2,traffic_signs,0.9261747002601624,685.332275390625,612.2898559570312,723.8040161132812,674.8026733398438,704.5681457519531,643.5462646484375,38.47174072265625,62.5128173828125
IMG_0029.mp4,6047,201.76843510176843,29.97,1189,2,traffic_signs,0.4981679916381836,631.7069702148438,756.2390747070312,641.8164672851562,774.8077392578125,636.76171875,765.5234069824219,10.1094970703125,18.56866455078125
IMG_0029.mp4,6047,201.76843510176843,29.97,1187,2,traffic_signs,0.9087958335876465,461.5548095703125,692.193359375,484.2356262207031,726.5630493164062,472.8952178955078,709.3782043457031,22.680816650390625,34.36968994140625
IMG_0029.mp4,6047,201.76843510176843,29.97,1229,2,traffic_signs,0.5322017073631287,814.4560546875,771.4526977539062,822.7097778320312,783.7991943359375,818.5829162597656,777.6259460449219,8.25372314453125,12.34649658203125
IMG_0029.mp4,6047,201.76843510176843,29.97,1212,2,traffic_signs,0.5775740146636963,716.4198608398438,752.2932739257812,725.9775390625,777.6185913085938,721.1986999511719,764.9559326171875,9.55767822265625,25.3253173828125
IMG_0029.mp4,6047,201.76843510176843,29.97,998,2,traffic_signs,0.25859156250953674,1035.5655517578125,655.6302490234375,1080.5965576171875,701.4326171875,1058.0810546875,678.5314331054688,45.031005859375,45.8023681640625
IMG_0029.mp4,6048,201.80180180180182,29.97,1091,2,traffic_signs,0.9257811903953552,1490.7987060546875,705.6260375976562,1532.7447509765625,742.4102172851562,1511.771728515625,724.0181274414062,41.946044921875,36.7841796875
IMG_0029.mp4,6048,201.80180180180182,29.97,1162,2,traffic_signs,0.9205563068389893,687.1594848632812,611.0640258789062,726.5804443359375,673.683837890625,706.8699645996094,642.3739318847656,39.42095947265625,62.61981201171875
IMG_0029.mp4,6048,201.80180180180182,29.97,1189,2,traffic_signs,0.7566817998886108,637.7305297851562,756.911865234375,647.913330078125,775.3073120117188,642.8219299316406,766.1095886230469,10.18280029296875,18.39544677734375
IMG_0029.mp4,6048,201.80180180180182,29.97,1187,2,traffic_signs,0.9113144874572754,465.96490478515625,692.1679077148438,488.3950500488281,726.670166015625,477.1799774169922,709.4190368652344,22.430145263671875,34.50225830078125
IMG_0029.mp4,6048,201.80180180180182,29.97,1229,2,traffic_signs,0.6404995322227478,820.527099609375,771.9132690429688,828.49365234375,784.6995239257812,824.5103759765625,778.306396484375,7.966552734375,12.7862548828125
IMG_0029.mp4,6048,201.80180180180182,29.97,1212,2,traffic_signs,0.6633506417274475,722.4320068359375,753.0303955078125,731.8952026367188,781.97802734375,727.1636047363281,767.5042114257812,9.46319580078125,28.9476318359375
IMG_0029.mp4,6048,201.80180180180182,29.97,998,2,traffic_signs,0.2781326174736023,1040.9822998046875,654.6317749023438,1087.365234375,701.3004760742188,1064.1737670898438,677.9661254882812,46.3829345703125,46.668701171875
IMG_0029.mp4,6048,201.80180180180182,29.97,1208,2,traffic_signs,0.8372320532798767,247.09872436523438,626.8245849609375,308.39288330078125,721.2433471679688,277.7458038330078,674.0339660644531,61.294158935546875,94.41876220703125
IMG_0029.mp4,6049,201.83516850183517,29.97,1091,2,traffic_signs,0.9238201975822449,1501.9581298828125,704.4368286132812,1545.3890380859375,742.4200439453125,1523.673583984375,723.4284362792969,43.430908203125,37.98321533203125
IMG_0029.mp4,6049,201.83516850183517,29.97,1162,2,traffic_signs,0.9312763810157776,688.4828491210938,609.6539916992188,728.6456298828125,672.2897338867188,708.5642395019531,640.9718627929688,40.16278076171875,62.6357421875
IMG_0029.mp4,6049,201.83516850183517,29.97,1189,2,traffic_signs,0.5857145190238953,643.2542114257812,757.114501953125,653.3002319335938,775.5443725585938,648.2772216796875,766.3294372558594,10.0460205078125,18.42987060546875
IMG_0029.mp4,6049,201.83516850183517,29.97,1187,2,traffic_signs,0.9114835262298584,469.7751770019531,692.6582641601562,492.48516845703125,726.721435546875,481.1301727294922,709.6898498535156,22.709991455078125,34.06317138671875
IMG_0029.mp4,6049,201.83516850183517,29.97,1229,2,traffic_signs,0.624707043170929,826.5681762695312,772.0460815429688,834.713623046875,785.3230590820312,830.6408996582031,778.6845703125,8.14544677734375,13.2769775390625
IMG_0029.mp4,6049,201.83516850183517,29.97,1212,2,traffic_signs,0.7417089343070984,728.9705810546875,753.0476684570312,738.1993408203125,775.4973754882812,733.5849609375,764.2725219726562,9.228759765625,22.44970703125
IMG_0029.mp4,6049,201.83516850183517,29.97,1208,2,traffic_signs,0.8932210803031921,249.06907653808594,627.2505493164062,310.9820861816406,720.4857177734375,280.0255813598633,673.8681335449219,61.91300964355469,93.23516845703125
IMG_0029.mp4,6050,201.86853520186855,29.97,1091,2,traffic_signs,0.8749648928642273,1513.322021484375,703.4719848632812,1558.1710205078125,742.0628051757812,1535.7465209960938,722.7673950195312,44.8489990234375,38.5908203125
IMG_0029.mp4,6050,201.86853520186855,29.97,1162,2,traffic_signs,0.9248917102813721,690.9954833984375,607.7467651367188,731.4064331054688,670.9524536132812,711.2009582519531,639.349609375,40.41094970703125,63.2056884765625
IMG_0029.mp4,6050,201.86853520186855,29.97,1189,2,traffic_signs,0.6217692494392395,650.3961181640625,757.9343872070312,659.9702758789062,776.2581787109375,655.1831970214844,767.0962829589844,9.57415771484375,18.32379150390625
IMG_0029.mp4,6050,201.86853520186855,29.97,1187,2,traffic_signs,0.9086399078369141,475.2908020019531,693.1522216796875,497.7362365722656,726.97119140625,486.5135192871094,710.0617065429688,22.4454345703125,33.8189697265625
IMG_0029.mp4,6050,201.86853520186855,29.97,1229,2,traffic_signs,0.5242593288421631,833.3533325195312,772.79052734375,841.2415161132812,785.4909057617188,837.2974243164062,779.1407165527344,7.88818359375,12.70037841796875
IMG_0029.mp4,6050,201.86853520186855,29.97,1212,2,traffic_signs,0.6708862781524658,735.6498413085938,753.0806884765625,744.6363525390625,774.1176147460938,740.1430969238281,763.5991516113281,8.98651123046875,21.03692626953125
IMG_0029.mp4,6050,201.86853520186855,29.97,1208,2,traffic_signs,0.8465418219566345,252.95823669433594,626.9022827148438,315.0724792480469,720.4837646484375,284.0153579711914,673.6930236816406,62.11424255371094,93.58148193359375
IMG_0029.mp4,6050,201.86853520186855,29.97,1234,2,traffic_signs,0.5483865737915039,988.7562255859375,771.1605834960938,997.9003295898438,784.1563110351562,993.3282775878906,777.658447265625,9.14410400390625,12.9957275390625
IMG_0029.mp4,6050,201.86853520186855,29.97,1235,2,traffic_signs,0.6081584692001343,918.3115844726562,762.3841552734375,926.2675170898438,780.9812622070312,922.28955078125,771.6827087402344,7.9559326171875,18.59710693359375
IMG_0029.mp4,6051,201.9019019019019,29.97,1091,2,traffic_signs,0.9132741093635559,1526.602294921875,702.49853515625,1571.7860107421875,741.6753540039062,1549.1941528320312,722.0869445800781,45.1837158203125,39.17681884765625
IMG_0029.mp4,6051,201.9019019019019,29.97,1162,2,traffic_signs,0.9232712388038635,693.5467529296875,606.2081909179688,734.3613891601562,670.0657348632812,713.9540710449219,638.136962890625,40.81463623046875,63.8575439453125
IMG_0029.mp4,6051,201.9019019019019,29.97,1189,2,traffic_signs,0.49090442061424255,656.373291015625,758.0289916992188,666.2172241210938,776.8966064453125,661.2952575683594,767.4627990722656,9.84393310546875,18.86761474609375
IMG_0029.mp4,6051,201.9019019019019,29.97,1187,2,traffic_signs,0.9154732823371887,480.4320068359375,693.3104858398438,503.2395935058594,727.4844970703125,491.83580017089844,710.3974914550781,22.807586669921875,34.17401123046875
IMG_0029.mp4,6051,201.9019019019019,29.97,1229,2,traffic_signs,0.3733137547969818,839.5228881835938,773.2733764648438,847.8063354492188,786.0277099609375,843.6646118164062,779.6505432128906,8.283447265625,12.75433349609375
IMG_0029.mp4,6051,201.9019019019019,29.97,1212,2,traffic_signs,0.7147870659828186,742.2969970703125,753.2782592773438,751.140380859375,774.3283081054688,746.7186889648438,763.8032836914062,8.8433837890625,21.050048828125
IMG_0029.mp4,6051,201.9019019019019,29.97,1208,2,traffic_signs,0.8272625207901001,256.2649230957031,626.6361083984375,318.8263244628906,720.8945922851562,287.5456237792969,673.7653503417969,62.5614013671875,94.25848388671875
IMG_0029.mp4,6051,201.9019019019019,29.97,1234,2,traffic_signs,0.422881543636322,995.6094360351562,771.7518310546875,1004.2457275390625,785.0325927734375,999.9275817871094,778.3922119140625,8.63629150390625,13.28076171875
IMG_0029.mp4,6051,201.9019019019019,29.97,1235,2,traffic_signs,0.461727499961853,925.2643432617188,762.3060302734375,932.9823608398438,780.3681030273438,929.1233520507812,771.3370666503906,7.718017578125,18.06207275390625
IMG_0029.mp4,6052,201.93526860193526,29.97,1091,2,traffic_signs,0.8317039012908936,1541.3287353515625,701.1787109375,1586.343505859375,741.2689208984375,1563.8361206054688,721.2238159179688,45.0147705078125,40.0902099609375
IMG_0029.mp4,6052,201.93526860193526,29.97,1162,2,traffic_signs,0.9223986864089966,696.5093383789062,604.6502075195312,738.1078491210938,669.49169921875,717.30859375,637.0709533691406,41.5985107421875,64.84149169921875
IMG_0029.mp4,6052,201.93526860193526,29.97,1189,2,traffic_signs,0.792686402797699,663.2481689453125,758.9385375976562,673.2207641601562,778.2415771484375,668.2344665527344,768.5900573730469,9.97259521484375,19.30303955078125
IMG_0029.mp4,6052,201.93526860193526,29.97,1187,2,traffic_signs,0.9115212559700012,485.4146728515625,693.0596313476562,508.6339111328125,728.1135864257812,497.0242919921875,710.5866088867188,23.21923828125,35.053955078125
IMG_0029.mp4,6052,201.93526860193526,29.97,1229,2,traffic_signs,0.5944905877113342,846.3889770507812,773.9558715820312,855.1124267578125,786.8967895507812,850.7507019042969,780.4263305664062,8.72344970703125,12.94091796875
IMG_0029.mp4,6052,201.93526860193526,29.97,1212,2,traffic_signs,0.6553946137428284,748.5581665039062,753.9642333984375,757.8436889648438,781.9478149414062,753.200927734375,767.9560241699219,9.2855224609375,27.98358154296875
IMG_0029.mp4,6052,201.93526860193526,29.97,1208,2,traffic_signs,0.6361284255981445,259.23480224609375,626.5784301757812,322.76470947265625,721.2587890625,290.999755859375,673.9186096191406,63.5299072265625,94.68035888671875
IMG_0029.mp4,6053,201.96863530196865,29.97,1091,2,traffic_signs,0.8744274377822876,1552.2650146484375,700.7484130859375,1600.637451171875,740.9983520507812,1576.4512329101562,720.8733825683594,48.3724365234375,40.24993896484375
IMG_0029.mp4,6053,201.96863530196865,29.97,1162,2,traffic_signs,0.9162375926971436,700.0394287109375,603.2562866210938,741.6471557617188,668.6965942382812,720.8432922363281,635.9764404296875,41.60772705078125,65.4403076171875
IMG_0029.mp4,6053,201.96863530196865,29.97,1189,2,traffic_signs,0.66317218542099,670.2221069335938,759.0733642578125,680.69677734375,778.6492309570312,675.4594421386719,768.8612976074219,10.47467041015625,19.57586669921875
IMG_0029.mp4,6053,201.96863530196865,29.97,1187,2,traffic_signs,0.6900891661643982,491.5173034667969,693.1969604492188,514.4799194335938,728.1231079101562,502.9986114501953,710.6600341796875,22.962615966796875,34.9261474609375
IMG_0029.mp4,6053,201.96863530196865,29.97,1229,2,traffic_signs,0.6628977060317993,853.2805786132812,774.4564819335938,862.0436401367188,786.6538696289062,857.662109375,780.55517578125,8.7630615234375,12.1973876953125
IMG_0029.mp4,6053,201.96863530196865,29.97,1212,2,traffic_signs,0.7535247206687927,755.4908447265625,754.4602661132812,765.492431640625,782.5048217773438,760.4916381835938,768.4825439453125,10.0015869140625,28.0445556640625
IMG_0029.mp4,6053,201.96863530196865,29.97,1208,2,traffic_signs,0.7207215428352356,265.7984924316406,626.4757690429688,327.7747802734375,721.9019775390625,296.78663635253906,674.1888732910156,61.976287841796875,95.42620849609375
IMG_0029.mp4,6053,201.96863530196865,29.97,1234,2,traffic_signs,0.5104683637619019,1009.5906372070312,772.493896484375,1018.8760986328125,785.810546875,1014.2333679199219,779.1522216796875,9.28546142578125,13.316650390625
IMG_0029.mp4,6053,201.96863530196865,29.97,1235,2,traffic_signs,0.5220071077346802,938.7808227539062,763.0607299804688,946.513671875,781.2184448242188,942.6472473144531,772.1395874023438,7.73284912109375,18.15771484375
IMG_0029.mp4,6054,202.002002002002,29.97,1091,2,traffic_signs,0.8690565228462219,1566.778076171875,699.2705078125,1616.2484130859375,740.0316772460938,1591.5132446289062,719.6510925292969,49.4703369140625,40.76116943359375
IMG_0029.mp4,6054,202.002002002002,29.97,1162,2,traffic_signs,0.9295622706413269,703.7249145507812,601.5902709960938,745.9256591796875,667.52685546875,724.8252868652344,634.5585632324219,42.20074462890625,65.93658447265625
IMG_0029.mp4,6054,202.002002002002,29.97,1189,2,traffic_signs,0.6394069790840149,677.2774047851562,759.20556640625,688.3084716796875,779.293701171875,682.7929382324219,769.2496337890625,11.03106689453125,20.088134765625
IMG_0029.mp4,6054,202.002002002002,29.97,1187,2,traffic_signs,0.9162194132804871,497.0983581542969,693.3167114257812,520.4197998046875,728.4176635742188,508.7590789794922,710.8671875,23.321441650390625,35.1009521484375
IMG_0029.mp4,6054,202.002002002002,29.97,1229,2,traffic_signs,0.6289198994636536,861.1497802734375,774.8480834960938,869.5103759765625,786.7966918945312,865.330078125,780.8223876953125,8.360595703125,11.9486083984375
IMG_0029.mp4,6054,202.002002002002,29.97,1212,2,traffic_signs,0.6685795783996582,763.5432739257812,754.7093505859375,773.2930297851562,776.962646484375,768.4181518554688,765.8359985351562,9.749755859375,22.2532958984375
IMG_0029.mp4,6054,202.002002002002,29.97,1208,2,traffic_signs,0.7499428391456604,270.9571838378906,626.8927612304688,332.1568298339844,722.4010009765625,301.5570068359375,674.6468811035156,61.19964599609375,95.50823974609375
IMG_0029.mp4,6054,202.002002002002,29.97,1234,2,traffic_signs,0.4761255085468292,1017.2210083007812,772.5564575195312,1027.132568359375,786.577392578125,1022.1767883300781,779.5669250488281,9.91156005859375,14.02093505859375
IMG_0029.mp4,6054,202.002002002002,29.97,998,2,traffic_signs,0.28531214594841003,1081.3514404296875,647.16650390625,1131.3360595703125,696.1826782226562,1106.34375,671.6745910644531,49.984619140625,49.01617431640625
IMG_0029.mp4,6055,202.03536870203538,29.97,1091,2,traffic_signs,0.25380945205688477,1581.78564453125,697.5042114257812,1634.1212158203125,739.6385498046875,1607.9534301757812,718.5713806152344,52.3355712890625,42.13433837890625
IMG_0029.mp4,6055,202.03536870203538,29.97,1162,2,traffic_signs,0.9217288494110107,707.6532592773438,600.7244873046875,750.9319458007812,666.4339599609375,729.2926025390625,633.5792236328125,43.2786865234375,65.70947265625
IMG_0029.mp4,6055,202.03536870203538,29.97,1187,2,traffic_signs,0.9165604710578918,503.7886047363281,694.1076049804688,526.4675903320312,728.4005737304688,515.1280975341797,711.2540893554688,22.678985595703125,34.29296875
IMG_0029.mp4,6055,202.03536870203538,29.97,1229,2,traffic_signs,0.7280674576759338,868.9093627929688,775.1270751953125,878.1012573242188,787.743408203125,873.5053100585938,781.4352416992188,9.19189453125,12.6163330078125
IMG_0029.mp4,6055,202.03536870203538,29.97,1212,2,traffic_signs,0.770744264125824,771.3870239257812,755.4639282226562,781.0692138671875,774.6170043945312,776.2281188964844,765.0404663085938,9.68218994140625,19.153076171875
IMG_0029.mp4,6055,202.03536870203538,29.97,1208,2,traffic_signs,0.7502391338348389,276.2178039550781,627.0244750976562,336.94305419921875,722.1097412109375,306.58042907714844,674.5671081542969,60.725250244140625,95.08526611328125
IMG_0029.mp4,6055,202.03536870203538,29.97,1234,2,traffic_signs,0.4439375400543213,1025.7999267578125,773.315673828125,1035.0892333984375,787.2150268554688,1030.444580078125,780.2653503417969,9.289306640625,13.89935302734375
IMG_0029.mp4,6056,202.06873540206874,29.97,1091,2,traffic_signs,0.789175271987915,1597.9989013671875,695.6874389648438,1649.9853515625,738.0350341796875,1623.9921264648438,716.8612365722656,51.9864501953125,42.34759521484375
IMG_0029.mp4,6056,202.06873540206874,29.97,1162,2,traffic_signs,0.9161255359649658,712.1299438476562,598.7279663085938,755.5642700195312,665.723388671875,733.8471069335938,632.2256774902344,43.434326171875,66.99542236328125
IMG_0029.mp4,6056,202.06873540206874,29.97,1187,2,traffic_signs,0.905725359916687,511.1085205078125,693.944580078125,532.830322265625,729.3685302734375,521.9694213867188,711.6565551757812,21.7218017578125,35.4239501953125
IMG_0029.mp4,6056,202.06873540206874,29.97,1229,2,traffic_signs,0.7244676351547241,877.1865844726562,775.6174926757812,885.4478759765625,787.3964233398438,881.3172302246094,781.5069580078125,8.26129150390625,11.7789306640625
IMG_0029.mp4,6056,202.06873540206874,29.97,1212,2,traffic_signs,0.7801967263221741,778.9893798828125,755.376953125,788.8880615234375,776.9091796875,783.938720703125,766.14306640625,9.898681640625,21.5322265625
IMG_0029.mp4,6056,202.06873540206874,29.97,1208,2,traffic_signs,0.7240691781044006,281.9338684082031,627.0554809570312,342.63916015625,722.44482421875,312.28651428222656,674.7501525878906,60.705291748046875,95.38934326171875
IMG_0029.mp4,6056,202.06873540206874,29.97,1189,2,traffic_signs,0.7466892004013062,692.8751220703125,760.5684204101562,703.7455444335938,780.2352294921875,698.3103332519531,770.4018249511719,10.87042236328125,19.66680908203125
IMG_0029.mp4,6056,202.06873540206874,29.97,998,2,traffic_signs,0.5603469014167786,1097.7615966796875,644.1823120117188,1148.96484375,694.401123046875,1123.3632202148438,669.2917175292969,51.2032470703125,50.21881103515625
IMG_0029.mp4,6057,202.10210210210212,29.97,1091,2,traffic_signs,0.7982750535011292,1614.363037109375,694.8728637695312,1667.2235107421875,736.9683227539062,1640.7932739257812,715.9205932617188,52.8604736328125,42.095458984375
IMG_0029.mp4,6057,202.10210210210212,29.97,1162,2,traffic_signs,0.9118165969848633,716.3219604492188,596.473876953125,760.3157348632812,665.0897216796875,738.31884765625,630.7817993164062,43.9937744140625,68.6158447265625
IMG_0029.mp4,6057,202.10210210210212,29.97,1187,2,traffic_signs,0.9189138412475586,517.0767822265625,693.4111938476562,538.97216796875,729.7657470703125,528.0244750976562,711.5884704589844,21.8953857421875,36.35455322265625
IMG_0029.mp4,6057,202.10210210210212,29.97,1229,2,traffic_signs,0.6126193404197693,884.4910278320312,775.7726440429688,892.8588256835938,787.5659790039062,888.6749267578125,781.6693115234375,8.3677978515625,11.7933349609375
IMG_0029.mp4,6057,202.10210210210212,29.97,1212,2,traffic_signs,0.6713237166404724,786.3554077148438,755.5864868164062,796.439208984375,776.2232666015625,791.3973083496094,765.9048767089844,10.08380126953125,20.63677978515625
IMG_0029.mp4,6057,202.10210210210212,29.97,1208,2,traffic_signs,0.6707848310470581,286.5154724121094,626.7415161132812,347.7006530761719,722.4342651367188,317.1080627441406,674.587890625,61.1851806640625,95.6927490234375
IMG_0029.mp4,6057,202.10210210210212,29.97,1189,2,traffic_signs,0.47497794032096863,700.2052612304688,760.7344360351562,711.4208374023438,780.7030639648438,705.8130493164062,770.71875,11.215576171875,19.9686279296875
IMG_0029.mp4,6057,202.10210210210212,29.97,998,2,traffic_signs,0.4605291187763214,1106.17529296875,642.0953369140625,1158.5291748046875,692.4093627929688,1132.3522338867188,667.2523498535156,52.3538818359375,50.31402587890625
IMG_0029.mp4,6058,202.13546880213548,29.97,1091,2,traffic_signs,0.6108269095420837,1630.4041748046875,693.5458984375,1683.30810546875,736.2433471679688,1656.8561401367188,714.8946228027344,52.9039306640625,42.69744873046875
IMG_0029.mp4,6058,202.13546880213548,29.97,1162,2,traffic_signs,0.7956599593162537,720.7874145507812,595.0158081054688,765.6759643554688,663.68603515625,743.231689453125,629.3509216308594,44.8885498046875,68.67022705078125
IMG_0029.mp4,6058,202.13546880213548,29.97,1187,2,traffic_signs,0.9250699281692505,525.8663940429688,693.8821411132812,547.1243896484375,729.8889770507812,536.4953918457031,711.8855590820312,21.25799560546875,36.0068359375
IMG_0029.mp4,6058,202.13546880213548,29.97,1229,2,traffic_signs,0.7365766167640686,892.5540161132812,776.5598754882812,901.6348266601562,788.1573486328125,897.0944213867188,782.3586120605469,9.080810546875,11.59747314453125
IMG_0029.mp4,6058,202.13546880213548,29.97,1212,2,traffic_signs,0.7440696358680725,795.302978515625,755.995361328125,805.355224609375,778.7647705078125,800.3291015625,767.3800659179688,10.05224609375,22.7694091796875
IMG_0029.mp4,6058,202.13546880213548,29.97,1208,2,traffic_signs,0.8532546758651733,294.8334045410156,627.328369140625,355.6557312011719,722.5888061523438,325.24456787109375,674.9585876464844,60.82232666015625,95.26043701171875
IMG_0029.mp4,6058,202.13546880213548,29.97,1189,2,traffic_signs,0.7596237063407898,709.5406494140625,761.2858276367188,720.1978149414062,780.2920532226562,714.8692321777344,770.7889404296875,10.65716552734375,19.0062255859375
IMG_0029.mp4,6059,202.16883550216883,29.97,1091,2,traffic_signs,0.8505315184593201,1647.051513671875,692.3822631835938,1700.072021484375,735.2286987304688,1673.561767578125,713.8054809570312,53.0205078125,42.846435546875
IMG_0029.mp4,6059,202.16883550216883,29.97,1162,2,traffic_signs,0.936409056186676,726.362548828125,593.7732543945312,771.7333984375,663.3455200195312,749.0479736328125,628.5593872070312,45.370849609375,69.572265625
IMG_0029.mp4,6059,202.16883550216883,29.97,1187,2,traffic_signs,0.9275270104408264,533.1725463867188,694.2103271484375,555.2623901367188,730.4896240234375,544.2174682617188,712.3499755859375,22.08984375,36.279296875
IMG_0029.mp4,6059,202.16883550216883,29.97,1229,2,traffic_signs,0.7583388686180115,900.8663940429688,777.2120971679688,909.91650390625,788.381591796875,905.3914489746094,782.7968444824219,9.05010986328125,11.16949462890625
IMG_0029.mp4,6059,202.16883550216883,29.97,1212,2,traffic_signs,0.7687710523605347,802.5792236328125,756.195068359375,813.5957641601562,786.664306640625,808.0874938964844,771.4296875,11.01654052734375,30.46923828125
IMG_0029.mp4,6059,202.16883550216883,29.97,1208,2,traffic_signs,0.7569265365600586,302.2138671875,627.5818481445312,362.37054443359375,722.6912841796875,332.2922058105469,675.1365661621094,60.15667724609375,95.10943603515625
IMG_0029.mp4,6059,202.16883550216883,29.97,1234,2,traffic_signs,0.6723924279212952,1059.3115234375,774.0244750976562,1069.342041015625,787.7068481445312,1064.3267822265625,780.8656616210938,10.030517578125,13.682373046875
IMG_0029.mp4,6059,202.16883550216883,29.97,998,2,traffic_signs,0.7959184646606445,1122.865478515625,638.8568115234375,1177.1917724609375,691.51708984375,1150.0286254882812,665.1869506835938,54.3262939453125,52.6602783203125
IMG_0029.mp4,6060,202.20220220220222,29.97,1162,2,traffic_signs,0.9187524914741516,731.4571533203125,592.2479248046875,778.0468139648438,661.8602294921875,754.7519836425781,627.0540771484375,46.58966064453125,69.6123046875
IMG_0029.mp4,6060,202.20220220220222,29.97,1187,2,traffic_signs,0.9174426794052124,540.5491333007812,694.9638061523438,562.4220581054688,729.7579956054688,551.485595703125,712.3609008789062,21.8729248046875,34.794189453125
IMG_0029.mp4,6060,202.20220220220222,29.97,1229,2,traffic_signs,0.7574248313903809,909.3572387695312,777.4706420898438,918.2800903320312,788.8722534179688,913.8186645507812,783.1714477539062,8.9228515625,11.401611328125
IMG_0029.mp4,6060,202.20220220220222,29.97,1212,2,traffic_signs,0.765764594078064,811.7696533203125,756.36767578125,822.4718017578125,780.9381103515625,817.1207275390625,768.6528930664062,10.7021484375,24.5704345703125
IMG_0029.mp4,6060,202.20220220220222,29.97,1208,2,traffic_signs,0.509636402130127,309.1445007324219,627.4896850585938,369.1890869140625,723.239990234375,339.1667938232422,675.3648376464844,60.044586181640625,95.75030517578125
IMG_0029.mp4,6060,202.20220220220222,29.97,1234,2,traffic_signs,0.5334159731864929,1067.7979736328125,773.5218505859375,1077.9429931640625,787.384765625,1072.8704833984375,780.4533081054688,10.14501953125,13.8629150390625
IMG_0029.mp4,6060,202.20220220220222,29.97,998,2,traffic_signs,0.7501322627067566,1132.3931884765625,637.2993774414062,1187.2349853515625,690.8654174804688,1159.8140869140625,664.0823974609375,54.841796875,53.5660400390625
IMG_0029.mp4,6061,202.23556890223557,29.97,1162,2,traffic_signs,0.9297138452529907,736.9793701171875,589.7727661132812,783.7354125976562,660.7530517578125,760.3573913574219,625.2629089355469,46.75604248046875,70.98028564453125
IMG_0029.mp4,6061,202.23556890223557,29.97,1187,2,traffic_signs,0.9185535907745361,548.5098266601562,695.6864013671875,570.4577026367188,729.7119750976562,559.4837646484375,712.6991882324219,21.9478759765625,34.02557373046875
IMG_0029.mp4,6061,202.23556890223557,29.97,1229,2,traffic_signs,0.7001492977142334,918.1826782226562,777.6145629882812,927.5556030273438,789.2897338867188,922.869140625,783.4521484375,9.3729248046875,11.6751708984375
IMG_0029.mp4,6061,202.23556890223557,29.97,1212,2,traffic_signs,0.7258046865463257,821.492919921875,756.817138671875,831.6756591796875,779.0823364257812,826.5842895507812,767.9497375488281,10.1827392578125,22.26519775390625
IMG_0029.mp4,6061,202.23556890223557,29.97,1208,2,traffic_signs,0.2566186189651489,316.6819152832031,627.2827758789062,376.8572998046875,723.3798828125,346.7696075439453,675.3313293457031,60.175384521484375,96.09710693359375
IMG_0029.mp4,6061,202.23556890223557,29.97,1234,2,traffic_signs,0.3264404237270355,1077.3623046875,772.702880859375,1087.5941162109375,787.086669921875,1082.4782104492188,779.894775390625,10.2318115234375,14.3837890625
IMG_0029.mp4,6061,202.23556890223557,29.97,998,2,traffic_signs,0.815250039100647,1142.814697265625,635.5186767578125,1198.4443359375,689.9717407226562,1170.6295166015625,662.7452087402344,55.629638671875,54.45306396484375
IMG_0029.mp4,6061,202.23556890223557,29.97,1091,2,traffic_signs,0.6334680318832397,1683.201904296875,689.2879638671875,1738.8519287109375,733.4151000976562,1711.0269165039062,711.3515319824219,55.6500244140625,44.12713623046875
IMG_0029.mp4,6062,202.26893560226895,29.97,1162,2,traffic_signs,0.8939550518989563,742.4047241210938,588.1583862304688,789.7001953125,659.2643432617188,766.0524597167969,623.7113647460938,47.29547119140625,71.10595703125
IMG_0029.mp4,6062,202.26893560226895,29.97,1187,2,traffic_signs,0.9160611033439636,556.3406372070312,695.8120727539062,577.7449951171875,730.3807373046875,567.0428161621094,713.0964050292969,21.40435791015625,34.56866455078125
IMG_0029.mp4,6062,202.26893560226895,29.97,1229,2,traffic_signs,0.7741231322288513,927.7037963867188,777.8425903320312,936.7813720703125,789.0135498046875,932.2425842285156,783.4280700683594,9.07757568359375,11.17095947265625
IMG_0029.mp4,6062,202.26893560226895,29.97,1212,2,traffic_signs,0.7917822003364563,829.8453369140625,757.3314819335938,840.2877197265625,778.0325927734375,835.0665283203125,767.6820373535156,10.4423828125,20.70111083984375
IMG_0029.mp4,6062,202.26893560226895,29.97,1208,2,traffic_signs,0.39848563075065613,322.64056396484375,627.5203857421875,382.3985595703125,723.3827514648438,352.5195617675781,675.4515686035156,59.75799560546875,95.86236572265625
IMG_0029.mp4,6062,202.26893560226895,29.97,1234,2,traffic_signs,0.28679969906806946,1087.6708984375,772.8138427734375,1097.921142578125,787.5311889648438,1092.7960205078125,780.1725158691406,10.250244140625,14.71734619140625
IMG_0029.mp4,6062,202.26893560226895,29.97,998,2,traffic_signs,0.8298484683036804,1154.0849609375,633.4883422851562,1210.1234130859375,689.2066040039062,1182.1041870117188,661.3474731445312,56.0384521484375,55.71826171875
IMG_0029.mp4,6062,202.26893560226895,29.97,1091,2,traffic_signs,0.8155848979949951,1703.4263916015625,687.9688720703125,1761.3726806640625,732.1128540039062,1732.3995361328125,710.0408630371094,57.9462890625,44.14398193359375
IMG_0029.mp4,6063,202.3023023023023,29.97,1162,2,traffic_signs,0.8909088373184204,748.4473876953125,585.9994506835938,796.2348022460938,657.7440795898438,772.3410949707031,621.8717651367188,47.78741455078125,71.74462890625
IMG_0029.mp4,6063,202.3023023023023,29.97,1187,2,traffic_signs,0.9365360736846924,564.5048828125,696.0828857421875,585.8435668945312,730.6184692382812,575.1742248535156,713.3506774902344,21.33868408203125,34.53558349609375
IMG_0029.mp4,6063,202.3023023023023,29.97,1229,2,traffic_signs,0.7867186665534973,937.2384033203125,778.4249877929688,946.5885620117188,789.6847534179688,941.9134826660156,784.0548706054688,9.35015869140625,11.259765625
IMG_0029.mp4,6063,202.3023023023023,29.97,1212,2,traffic_signs,0.7706831097602844,838.966552734375,757.5941772460938,849.4396362304688,778.469970703125,844.2030944824219,768.0320739746094,10.47308349609375,20.87579345703125
IMG_0029.mp4,6063,202.3023023023023,29.97,1208,2,traffic_signs,0.7481051087379456,329.96881103515625,627.3417358398438,390.263916015625,723.6315307617188,360.1163635253906,675.4866333007812,60.29510498046875,96.289794921875
IMG_0029.mp4,6063,202.3023023023023,29.97,1234,2,traffic_signs,0.38209033012390137,1097.717529296875,773.2301635742188,1107.5355224609375,787.6876831054688,1102.6265258789062,780.4589233398438,9.8179931640625,14.45751953125
IMG_0029.mp4,6063,202.3023023023023,29.97,998,2,traffic_signs,0.8756827116012573,1164.8287353515625,631.0597534179688,1222.1192626953125,688.6046752929688,1193.4739990234375,659.8322143554688,57.29052734375,57.544921875
IMG_0029.mp4,6064,202.33566900233566,29.97,1162,2,traffic_signs,0.28157129883766174,754.2504272460938,584.7639770507812,803.1984252929688,656.87548828125,778.7244262695312,620.8197326660156,48.947998046875,72.11151123046875
IMG_0029.mp4,6064,202.33566900233566,29.97,1187,2,traffic_signs,0.926838219165802,573.13427734375,696.1878051757812,594.7438354492188,731.5073852539062,583.9390563964844,713.8475952148438,21.60955810546875,35.319580078125
IMG_0029.mp4,6064,202.33566900233566,29.97,1229,2,traffic_signs,0.8035574555397034,945.7509155273438,778.5440063476562,955.3986206054688,790.1571655273438,950.5747680664062,784.3505859375,9.647705078125,11.6131591796875
IMG_0029.mp4,6064,202.33566900233566,29.97,1212,2,traffic_signs,0.5628387928009033,847.8679809570312,757.551025390625,858.63916015625,778.3577880859375,853.2535705566406,767.9544067382812,10.77117919921875,20.8067626953125
IMG_0029.mp4,6064,202.33566900233566,29.97,1208,2,traffic_signs,0.6936343312263489,338.2809753417969,627.5661010742188,398.46551513671875,724.1396484375,368.3732452392578,675.8528747558594,60.184539794921875,96.57354736328125
IMG_0029.mp4,6064,202.33566900233566,29.97,1234,2,traffic_signs,0.7585534453392029,1106.965087890625,773.9590454101562,1117.272216796875,787.9935302734375,1112.11865234375,780.9762878417969,10.30712890625,14.03448486328125
IMG_0029.mp4,6064,202.33566900233566,29.97,998,2,traffic_signs,0.8809377551078796,1174.7015380859375,629.6185913085938,1233.113525390625,687.3390502929688,1203.9075317382812,658.4788208007812,58.4119873046875,57.720458984375
IMG_0029.mp4,6065,202.36903570236905,29.97,1162,2,traffic_signs,0.810463547706604,760.4862060546875,581.61474609375,810.5165405273438,657.0614013671875,785.5013732910156,619.3380737304688,50.03033447265625,75.4466552734375
IMG_0029.mp4,6065,202.36903570236905,29.97,1187,2,traffic_signs,0.928827702999115,581.6578979492188,696.115478515625,603.4733276367188,731.2178344726562,592.5656127929688,713.6666564941406,21.8154296875,35.10235595703125
IMG_0029.mp4,6065,202.36903570236905,29.97,1229,2,traffic_signs,0.5227829813957214,955.6449584960938,778.7721557617188,964.6751708984375,790.619140625,960.1600646972656,784.6956481933594,9.03021240234375,11.84698486328125
IMG_0029.mp4,6065,202.36903570236905,29.97,1212,2,traffic_signs,0.7744401693344116,857.5824584960938,758.2157592773438,867.6293334960938,778.5260620117188,862.6058959960938,768.3709106445312,10.046875,20.310302734375
IMG_0029.mp4,6065,202.36903570236905,29.97,1208,2,traffic_signs,0.7622858285903931,346.567138671875,627.8273315429688,405.95697021484375,723.50634765625,376.2620544433594,675.6668395996094,59.38983154296875,95.67901611328125
IMG_0029.mp4,6065,202.36903570236905,29.97,1234,2,traffic_signs,0.7320932745933533,1117.1014404296875,774.2483520507812,1127.3167724609375,787.9930419921875,1122.2091064453125,781.1206970214844,10.21533203125,13.74468994140625
IMG_0029.mp4,6065,202.36903570236905,29.97,998,2,traffic_signs,0.8408276438713074,1186.328857421875,627.341064453125,1246.1243896484375,684.4348754882812,1216.2266235351562,655.8879699707031,59.7955322265625,57.09381103515625
IMG_0029.mp4,6065,202.36903570236905,29.97,1248,2,traffic_signs,0.41527193784713745,1042.3533935546875,765.154541015625,1051.1849365234375,783.8414306640625,1046.7691650390625,774.4979858398438,8.83154296875,18.6868896484375
IMG_0029.mp4,6065,202.36903570236905,29.97,1249,2,traffic_signs,0.5952786803245544,772.41162109375,764.1841430664062,781.4193725585938,781.6808471679688,776.9154968261719,772.9324951171875,9.00775146484375,17.4967041015625
IMG_0029.mp4,6066,202.4024024024024,29.97,1162,2,traffic_signs,0.8748140931129456,766.9478149414062,579.4703979492188,817.3587036132812,655.07470703125,792.1532592773438,617.2725524902344,50.410888671875,75.60430908203125
IMG_0029.mp4,6066,202.4024024024024,29.97,1187,2,traffic_signs,0.9284181594848633,591.0643920898438,696.4135131835938,613.1673583984375,730.6787719726562,602.1158752441406,713.546142578125,22.10296630859375,34.2652587890625
IMG_0029.mp4,6066,202.4024024024024,29.97,1229,2,traffic_signs,0.7812683582305908,965.6306762695312,778.9556884765625,974.7228393554688,790.8998413085938,970.1767578125,784.9277648925781,9.0921630859375,11.94415283203125
IMG_0029.mp4,6066,202.4024024024024,29.97,1212,2,traffic_signs,0.7592330574989319,867.582275390625,758.79541015625,877.454345703125,778.7181396484375,872.518310546875,768.7567749023438,9.8720703125,19.9227294921875
IMG_0029.mp4,6066,202.4024024024024,29.97,1208,2,traffic_signs,0.6260266304016113,355.3191223144531,627.9375,415.059326171875,723.8743896484375,385.18922424316406,675.9059448242188,59.740203857421875,95.9368896484375
IMG_0029.mp4,6066,202.4024024024024,29.97,1234,2,traffic_signs,0.6203382015228271,1127.519775390625,774.0265502929688,1137.867919921875,788.234619140625,1132.69384765625,781.1305847167969,10.34814453125,14.20806884765625
IMG_0029.mp4,6066,202.4024024024024,29.97,998,2,traffic_signs,0.8822365999221802,1197.8223876953125,625.5479736328125,1259.0631103515625,682.5222778320312,1228.4427490234375,654.0351257324219,61.24072265625,56.97430419921875
IMG_0029.mp4,6066,202.4024024024024,29.97,1248,2,traffic_signs,0.3396575450897217,1053.4473876953125,765.5737915039062,1062.2161865234375,784.2581787109375,1057.831787109375,774.9159851074219,8.768798828125,18.68438720703125
IMG_0029.mp4,6066,202.4024024024024,29.97,1249,2,traffic_signs,0.7342420220375061,782.8208618164062,764.736083984375,792.0272216796875,782.1829833984375,787.4240417480469,773.4595336914062,9.20635986328125,17.4468994140625
IMG_0029.mp4,6066,202.4024024024024,29.97,1091,2,traffic_signs,0.8067377209663391,1786.494873046875,681.4954223632812,1860.7728271484375,727.1351928710938,1823.6338500976562,704.3153076171875,74.2779541015625,45.6397705078125
IMG_0029.mp4,6067,202.43576910243578,29.97,1162,2,traffic_signs,0.83432936668396,773.9351806640625,578.2205810546875,825.513916015625,652.709228515625,799.7245483398438,615.4649047851562,51.5787353515625,74.4886474609375
IMG_0029.mp4,6067,202.43576910243578,29.97,1187,2,traffic_signs,0.9223355054855347,600.0223999023438,696.6485595703125,622.884765625,730.299560546875,611.4535827636719,713.4740600585938,22.86236572265625,33.6510009765625
IMG_0029.mp4,6067,202.43576910243578,29.97,1229,2,traffic_signs,0.7951915860176086,975.6023559570312,779.3998413085938,984.5448608398438,790.9788208007812,980.0736083984375,785.1893310546875,8.9425048828125,11.5789794921875
IMG_0029.mp4,6067,202.43576910243578,29.97,1212,2,traffic_signs,0.8044297695159912,876.947021484375,758.8564453125,887.0018310546875,779.681640625,881.9744262695312,769.26904296875,10.0548095703125,20.8251953125
IMG_0029.mp4,6067,202.43576910243578,29.97,1208,2,traffic_signs,0.49239087104797363,364.8453063964844,628.1715698242188,424.0645446777344,724.2149658203125,394.4549255371094,676.1932678222656,59.21923828125,96.04339599609375
IMG_0029.mp4,6067,202.43576910243578,29.97,1234,2,traffic_signs,0.6338419318199158,1137.920654296875,773.8681640625,1148.28076171875,788.5624389648438,1143.1007080078125,781.2153015136719,10.360107421875,14.69427490234375
IMG_0029.mp4,6067,202.43576910243578,29.97,998,2,traffic_signs,0.8969430923461914,1209.1466064453125,623.387451171875,1272.123779296875,680.7874145507812,1240.6351928710938,652.0874328613281,62.9771728515625,57.39996337890625
IMG_0029.mp4,6067,202.43576910243578,29.97,1249,2,traffic_signs,0.7866012454032898,792.4345092773438,764.8200073242188,801.9358520507812,783.210205078125,797.1851806640625,774.0151062011719,9.5013427734375,18.39019775390625
IMG_0029.mp4,6067,202.43576910243578,29.97,1091,2,traffic_signs,0.3758789598941803,1809.865966796875,680.0828857421875,1884.7215576171875,725.89501953125,1847.2937622070312,702.9889526367188,74.8555908203125,45.8121337890625
IMG_0029.mp4,6068,202.46913580246914,29.97,1162,2,traffic_signs,0.7375513315200806,781.212646484375,575.5364990234375,833.1773681640625,650.4397583007812,807.1950073242188,612.9881286621094,51.9647216796875,74.90325927734375
IMG_0029.mp4,6068,202.46913580246914,29.97,1187,2,traffic_signs,0.9170425534248352,609.001953125,696.3405151367188,631.786865234375,730.7350463867188,620.3944091796875,713.5377807617188,22.784912109375,34.39453125
IMG_0029.mp4,6068,202.46913580246914,29.97,1229,2,traffic_signs,0.798611044883728,985.591796875,779.1151123046875,994.663818359375,791.5355224609375,990.1278076171875,785.3253173828125,9.072021484375,12.42041015625
IMG_0029.mp4,6068,202.46913580246914,29.97,1212,2,traffic_signs,0.7651441097259521,887.1495971679688,759.0111083984375,897.072998046875,779.4281616210938,892.1112976074219,769.2196350097656,9.92340087890625,20.41705322265625
IMG_0029.mp4,6068,202.46913580246914,29.97,1208,2,traffic_signs,0.6374326944351196,372.9731140136719,628.3339233398438,432.3065490722656,724.1283569335938,402.63983154296875,676.2311401367188,59.33343505859375,95.79443359375
IMG_0029.mp4,6068,202.46913580246914,29.97,1234,2,traffic_signs,0.7245576977729797,1149.72265625,773.5211791992188,1159.67578125,788.6488037109375,1154.69921875,781.0849914550781,9.953125,15.12762451171875
IMG_0029.mp4,6068,202.46913580246914,29.97,998,2,traffic_signs,0.8982104063034058,1222.144775390625,620.5457153320312,1285.8629150390625,679.7218627929688,1254.0038452148438,650.1337890625,63.7181396484375,59.1761474609375
IMG_0029.mp4,6068,202.46913580246914,29.97,1249,2,traffic_signs,0.7759604454040527,802.2698364257812,764.3340454101562,811.1924438476562,783.132080078125,806.7311401367188,773.7330627441406,8.922607421875,18.79803466796875
IMG_0029.mp4,6068,202.46913580246914,29.97,1256,2,traffic_signs,0.5909693837165833,1074.0078125,766.0133056640625,1081.3397216796875,784.9539184570312,1077.6737670898438,775.4836120605469,7.3319091796875,18.94061279296875
IMG_0029.mp4,6069,202.50250250250252,29.97,1162,2,traffic_signs,0.6721127033233643,788.6810302734375,573.8806762695312,840.7618408203125,648.7427978515625,814.721435546875,611.3117370605469,52.080810546875,74.86212158203125
IMG_0029.mp4,6069,202.50250250250252,29.97,1187,2,traffic_signs,0.9274395108222961,618.5003662109375,696.6659545898438,641.410400390625,730.8833618164062,629.9553833007812,713.774658203125,22.9100341796875,34.2174072265625
IMG_0029.mp4,6069,202.50250250250252,29.97,1229,2,traffic_signs,0.7898659706115723,995.7060546875,779.2391357421875,1004.7006225585938,791.583740234375,1000.2033386230469,785.4114379882812,8.99456787109375,12.3446044921875
IMG_0029.mp4,6069,202.50250250250252,29.97,1212,2,traffic_signs,0.7780056595802307,896.7339477539062,758.564697265625,907.107666015625,779.8718872070312,901.9208068847656,769.2182922363281,10.37371826171875,21.30718994140625
IMG_0029.mp4,6069,202.50250250250252,29.97,1208,2,traffic_signs,0.7686979174613953,382.67431640625,628.2509155273438,441.28076171875,724.34130859375,411.9775390625,676.2961120605469,58.6064453125,96.09039306640625
IMG_0029.mp4,6069,202.50250250250252,29.97,1234,2,traffic_signs,0.7255390882492065,1160.828125,773.4859619140625,1171.354248046875,788.6453857421875,1166.0911865234375,781.065673828125,10.526123046875,15.159423828125
IMG_0029.mp4,6069,202.50250250250252,29.97,998,2,traffic_signs,0.7358959913253784,1235.581787109375,618.2832641601562,1300.3455810546875,678.2451171875,1267.9636840820312,648.2641906738281,64.7637939453125,59.96185302734375
IMG_0029.mp4,6069,202.50250250250252,29.97,1249,2,traffic_signs,0.69837486743927,813.3108520507812,764.7535400390625,821.4176635742188,783.0960693359375,817.3642578125,773.9248046875,8.1068115234375,18.342529296875
IMG_0029.mp4,6069,202.50250250250252,29.97,1256,2,traffic_signs,0.6378916501998901,1084.81103515625,765.6287231445312,1092.558349609375,785.43994140625,1088.6846923828125,775.5343322753906,7.747314453125,19.81121826171875
IMG_0029.mp4,6069,202.50250250250252,29.97,1257,2,traffic_signs,0.7799310684204102,1363.508544921875,768.3278198242188,1376.8355712890625,785.6987915039062,1370.1720581054688,777.0133056640625,13.3270263671875,17.3709716796875
IMG_0029.mp4,6070,202.53586920253588,29.97,1187,2,traffic_signs,0.9284623265266418,628.4439697265625,696.7991333007812,650.7582397460938,730.8775634765625,639.6011047363281,713.8383483886719,22.31427001953125,34.07843017578125
IMG_0029.mp4,6070,202.53586920253588,29.97,1229,2,traffic_signs,0.7744557857513428,1006.405029296875,779.5942993164062,1015.1425170898438,791.8054809570312,1010.7737731933594,785.6998901367188,8.73748779296875,12.211181640625
IMG_0029.mp4,6070,202.53586920253588,29.97,1212,2,traffic_signs,0.37255847454071045,907.2393188476562,758.6326904296875,917.5083618164062,779.5916748046875,912.3738403320312,769.1121826171875,10.26904296875,20.958984375
IMG_0029.mp4,6070,202.53586920253588,29.97,1208,2,traffic_signs,0.7902441620826721,392.2901306152344,627.9683227539062,450.4300231933594,724.7947998046875,421.3600769042969,676.3815612792969,58.139892578125,96.82647705078125
IMG_0029.mp4,6070,202.53586920253588,29.97,1234,2,traffic_signs,0.6715839505195618,1172.684814453125,773.259521484375,1183.2283935546875,788.5438842773438,1177.9566040039062,780.9017028808594,10.5435791015625,15.28436279296875
IMG_0029.mp4,6070,202.53586920253588,29.97,998,2,traffic_signs,0.35065174102783203,1249.1859130859375,615.0423583984375,1315.3248291015625,677.2552490234375,1282.25537109375,646.1488037109375,66.138916015625,62.212890625
IMG_0029.mp4,6070,202.53586920253588,29.97,1249,2,traffic_signs,0.6471329927444458,823.4342041015625,765.4785766601562,831.29931640625,782.9381103515625,827.3667602539062,774.2083435058594,7.8651123046875,17.45953369140625
IMG_0029.mp4,6070,202.53586920253588,29.97,1256,2,traffic_signs,0.456697016954422,1095.322998046875,765.0977783203125,1103.76123046875,785.0889282226562,1099.5421142578125,775.0933532714844,8.438232421875,19.99114990234375
IMG_0029.mp4,6070,202.53586920253588,29.97,1257,2,traffic_signs,0.6899041533470154,1377.2928466796875,768.669677734375,1390.9542236328125,786.0174560546875,1384.12353515625,777.3435668945312,13.661376953125,17.3477783203125
IMG_0029.mp4,6071,202.56923590256923,29.97,1187,2,traffic_signs,0.9245405793190002,638.0374145507812,696.6417236328125,660.3264770507812,730.7313842773438,649.1819458007812,713.6865539550781,22.2890625,34.08966064453125
IMG_0029.mp4,6071,202.56923590256923,29.97,1229,2,traffic_signs,0.7938217520713806,1017.1030883789062,779.5419311523438,1026.084228515625,791.3063354492188,1021.5936584472656,785.4241333007812,8.98114013671875,11.764404296875
IMG_0029.mp4,6071,202.56923590256923,29.97,1212,2,traffic_signs,0.7393003702163696,917.7500610351562,758.8920288085938,927.874755859375,779.7965087890625,922.8124084472656,769.3442687988281,10.12469482421875,20.90447998046875
IMG_0029.mp4,6071,202.56923590256923,29.97,1208,2,traffic_signs,0.6714169383049011,401.3092956542969,628.3038940429688,459.22735595703125,725.2645874023438,430.26832580566406,676.7842407226562,57.918060302734375,96.960693359375
IMG_0029.mp4,6071,202.56923590256923,29.97,1234,2,traffic_signs,0.7690262198448181,1184.48583984375,773.1661376953125,1195.5572509765625,788.8673706054688,1190.0215454101562,781.0167541503906,11.0714111328125,15.70123291015625
IMG_0029.mp4,6071,202.56923590256923,29.97,998,2,traffic_signs,0.6044467687606812,1263.3592529296875,612.0975341796875,1330.0074462890625,674.38134765625,1296.683349609375,643.2394409179688,66.648193359375,62.2838134765625
IMG_0029.mp4,6071,202.56923590256923,29.97,1249,2,traffic_signs,0.7436389923095703,833.5142211914062,765.7553100585938,841.7135009765625,783.1863403320312,837.6138610839844,774.4708251953125,8.19927978515625,17.4310302734375
IMG_0029.mp4,6071,202.56923590256923,29.97,1256,2,traffic_signs,0.6118026375770569,1106.567626953125,764.9174194335938,1115.13232421875,785.3858642578125,1110.8499755859375,775.1516418457031,8.564697265625,20.46844482421875
IMG_0029.mp4,6071,202.56923590256923,29.97,1257,2,traffic_signs,0.5554545521736145,1392.5537109375,769.2042236328125,1405.0963134765625,786.2517700195312,1398.8250122070312,777.7279968261719,12.5426025390625,17.04754638671875
IMG_0029.mp4,6071,202.56923590256923,29.97,1162,2,traffic_signs,0.4795961081981659,805.4151611328125,569.5714111328125,858.11767578125,646.9639892578125,831.7664184570312,608.2677001953125,52.7025146484375,77.392578125
IMG_0029.mp4,6072,202.60260260260262,29.97,1187,2,traffic_signs,0.9360639452934265,647.8924560546875,697.1768188476562,670.1214599609375,730.80029296875,659.0069580078125,713.9885559082031,22.22900390625,33.62347412109375
IMG_0029.mp4,6072,202.60260260260262,29.97,1229,2,traffic_signs,0.7493364214897156,1028.1754150390625,779.9690551757812,1037.2147216796875,791.430419921875,1032.695068359375,785.6997375488281,9.039306640625,11.46136474609375
IMG_0029.mp4,6072,202.60260260260262,29.97,1212,2,traffic_signs,0.5887861251831055,928.3567504882812,759.5982055664062,938.2105102539062,782.303955078125,933.2836303710938,770.9510803222656,9.853759765625,22.70574951171875
IMG_0029.mp4,6072,202.60260260260262,29.97,1208,2,traffic_signs,0.27933797240257263,411.2046203613281,628.685302734375,469.4859619140625,725.3190307617188,440.3452911376953,677.0021667480469,58.281341552734375,96.63372802734375
IMG_0029.mp4,6072,202.60260260260262,29.97,1234,2,traffic_signs,0.7852206230163574,1196.254150390625,773.073486328125,1207.614990234375,789.3343505859375,1201.9345703125,781.2039184570312,11.36083984375,16.2608642578125
IMG_0029.mp4,6072,202.60260260260262,29.97,998,2,traffic_signs,0.7542557120323181,1278.3096923828125,609.910400390625,1345.893310546875,671.93798828125,1312.1015014648438,640.9241943359375,67.5836181640625,62.027587890625
IMG_0029.mp4,6072,202.60260260260262,29.97,1249,2,traffic_signs,0.7624373435974121,844.1099243164062,765.8616333007812,852.3684692382812,783.0213623046875,848.2391967773438,774.4414978027344,8.258544921875,17.15972900390625
IMG_0029.mp4,6072,202.60260260260262,29.97,1256,2,traffic_signs,0.6463251113891602,1118.43701171875,764.5521240234375,1126.9803466796875,785.9403076171875,1122.7086791992188,775.2462158203125,8.5433349609375,21.38818359375
IMG_0029.mp4,6072,202.60260260260262,29.97,1257,2,traffic_signs,0.7553803324699402,1407.00439453125,769.4193115234375,1419.8043212890625,787.2691040039062,1413.4043579101562,778.3442077636719,12.7999267578125,17.84979248046875
IMG_0029.mp4,6072,202.60260260260262,29.97,1262,2,traffic_signs,0.3477172553539276,1278.2769775390625,608.7935791015625,1346.1441650390625,673.5746459960938,1312.2105712890625,641.1841125488281,67.8671875,64.78106689453125
IMG_0029.mp4,6072,202.60260260260262,29.97,1162,2,traffic_signs,0.7787147164344788,813.9794311523438,567.6176147460938,867.3701782226562,646.1324462890625,840.6748046875,606.8750305175781,53.3907470703125,78.51483154296875
IMG_0029.mp4,6073,202.63596930263597,29.97,1187,2,traffic_signs,0.9286931753158569,657.9218139648438,697.0699462890625,679.7315673828125,731.1940307617188,668.8266906738281,714.1319885253906,21.80975341796875,34.12408447265625
IMG_0029.mp4,6073,202.63596930263597,29.97,1229,2,traffic_signs,0.5276692509651184,1038.860107421875,779.9876098632812,1048.20947265625,791.576904296875,1043.5347900390625,785.7822570800781,9.349365234375,11.58929443359375
IMG_0029.mp4,6073,202.63596930263597,29.97,1212,2,traffic_signs,0.7116959095001221,939.6473388671875,759.4613037109375,949.4060668945312,781.2454223632812,944.5267028808594,770.3533630371094,9.75872802734375,21.78411865234375
IMG_0029.mp4,6073,202.63596930263597,29.97,1208,2,traffic_signs,0.5055273771286011,419.4767761230469,628.73779296875,478.47247314453125,725.9737548828125,448.97462463378906,677.3557739257812,58.995697021484375,97.2359619140625
IMG_0029.mp4,6073,202.63596930263597,29.97,1234,2,traffic_signs,0.7802057266235352,1208.6328125,773.4539794921875,1219.7974853515625,789.9181518554688,1214.2151489257812,781.6860656738281,11.1646728515625,16.46417236328125
IMG_0029.mp4,6073,202.63596930263597,29.97,998,2,traffic_signs,0.4615841209888458,1293.052734375,606.906982421875,1362.7928466796875,669.9412231445312,1327.9227905273438,638.4241027832031,69.7401123046875,63.03424072265625
IMG_0029.mp4,6073,202.63596930263597,29.97,1249,2,traffic_signs,0.6133317947387695,854.74267578125,765.7500610351562,862.7149047851562,782.6708984375,858.7287902832031,774.2104797363281,7.97222900390625,16.92083740234375
IMG_0029.mp4,6073,202.63596930263597,29.97,1256,2,traffic_signs,0.6460660099983215,1129.75341796875,764.32861328125,1138.353759765625,785.3455810546875,1134.0535888671875,774.8370971679688,8.600341796875,21.0169677734375
IMG_0029.mp4,6073,202.63596930263597,29.97,1257,2,traffic_signs,0.8414321541786194,1423.104248046875,768.3017578125,1435.2264404296875,787.505615234375,1429.1653442382812,777.9036865234375,12.1221923828125,19.203857421875
IMG_0029.mp4,6073,202.63596930263597,29.97,1262,2,traffic_signs,0.8675130009651184,1292.6739501953125,605.6931762695312,1362.9896240234375,671.4567260742188,1327.831787109375,638.574951171875,70.315673828125,65.7635498046875
IMG_0029.mp4,6073,202.63596930263597,29.97,1162,2,traffic_signs,0.8001944422721863,822.9052734375,564.6795043945312,876.66748046875,643.560791015625,849.786376953125,604.1201477050781,53.76220703125,78.88128662109375
IMG_0029.mp4,6074,202.66933600266935,29.97,1187,2,traffic_signs,0.9274959564208984,668.4638671875,697.4450073242188,690.1919555664062,731.4024047851562,679.3279113769531,714.4237060546875,21.72808837890625,33.9573974609375
IMG_0029.mp4,6074,202.66933600266935,29.97,1229,2,traffic_signs,0.724978506565094,1050.4576416015625,780.3200073242188,1059.3863525390625,791.7150268554688,1054.9219970703125,786.0175170898438,8.9287109375,11.39501953125
IMG_0029.mp4,6074,202.66933600266935,29.97,1212,2,traffic_signs,0.6788035035133362,950.4242553710938,759.8447875976562,960.426513671875,781.897705078125,955.4253845214844,770.8712463378906,10.00225830078125,22.05291748046875
IMG_0029.mp4,6074,202.66933600266935,29.97,1208,2,traffic_signs,0.693566620349884,430.07421875,628.4049072265625,489.208984375,726.4578247070312,459.6416015625,677.4313659667969,59.134765625,98.05291748046875
IMG_0029.mp4,6074,202.66933600266935,29.97,1234,2,traffic_signs,0.7456245422363281,1220.7440185546875,773.8220825195312,1232.275390625,789.8329467773438,1226.5097045898438,781.8275146484375,11.5313720703125,16.0108642578125
IMG_0029.mp4,6074,202.66933600266935,29.97,998,2,traffic_signs,0.2939378023147583,1309.159912109375,604.47216796875,1378.626953125,668.87548828125,1343.8934326171875,636.673828125,69.467041015625,64.4033203125
IMG_0029.mp4,6074,202.66933600266935,29.97,1249,2,traffic_signs,0.7219699025154114,865.7953491210938,765.79345703125,874.044189453125,782.9814453125,869.9197692871094,774.387451171875,8.24884033203125,17.18798828125
IMG_0029.mp4,6074,202.66933600266935,29.97,1256,2,traffic_signs,0.6309489607810974,1141.706787109375,764.4402465820312,1150.554931640625,784.8990478515625,1146.130859375,774.6696472167969,8.84814453125,20.45880126953125
IMG_0029.mp4,6074,202.66933600266935,29.97,1257,2,traffic_signs,0.8014521598815918,1439.1717529296875,768.1797485351562,1450.63427734375,788.0069580078125,1444.9030151367188,778.0933532714844,11.4625244140625,19.82720947265625
IMG_0029.mp4,6074,202.66933600266935,29.97,1262,2,traffic_signs,0.853675127029419,1308.1893310546875,603.2030639648438,1379.4449462890625,669.98095703125,1343.817138671875,636.5920104980469,71.255615234375,66.77789306640625
IMG_0029.mp4,6074,202.66933600266935,29.97,1162,2,traffic_signs,0.8808479905128479,831.65087890625,562.6724853515625,886.257080078125,641.825927734375,858.9539794921875,602.2492065429688,54.606201171875,79.1534423828125
IMG_0029.mp4,6074,202.66933600266935,29.97,1266,2,traffic_signs,0.5026246905326843,136.9404754638672,689.5485229492188,181.7454376220703,735.3854370117188,159.34295654296875,712.4669799804688,44.804962158203125,45.8369140625
IMG_0029.mp4,6075,202.7027027027027,29.97,1187,2,traffic_signs,0.9228177666664124,679.6813354492188,697.7891235351562,701.329833984375,731.1405639648438,690.5055847167969,714.46484375,21.64849853515625,33.3514404296875
IMG_0029.mp4,6075,202.7027027027027,29.97,1229,2,traffic_signs,0.7682119607925415,1061.953125,780.1870727539062,1071.072265625,791.5285034179688,1066.5126953125,785.8577880859375,9.119140625,11.3414306640625
IMG_0029.mp4,6075,202.7027027027027,29.97,1212,2,traffic_signs,0.5644675493240356,961.992919921875,759.8659057617188,971.8084106445312,781.3272094726562,966.9006652832031,770.5965576171875,9.81549072265625,21.4613037109375
IMG_0029.mp4,6075,202.7027027027027,29.97,1208,2,traffic_signs,0.7144675850868225,441.9112548828125,628.4364013671875,500.229248046875,727.1131591796875,471.07025146484375,677.7747802734375,58.3179931640625,98.6767578125
IMG_0029.mp4,6075,202.7027027027027,29.97,1234,2,traffic_signs,0.8023061752319336,1232.50146484375,774.302490234375,1244.604736328125,790.1646728515625,1238.5531005859375,782.2335815429688,12.103271484375,15.8621826171875
IMG_0029.mp4,6075,202.7027027027027,29.97,1249,2,traffic_signs,0.7842803001403809,876.4495239257812,766.138427734375,885.55859375,783.8419799804688,881.0040588378906,774.9902038574219,9.10906982421875,17.70355224609375
IMG_0029.mp4,6075,202.7027027027027,29.97,1256,2,traffic_signs,0.6401645541191101,1154.120849609375,764.6153564453125,1162.758544921875,785.0424194335938,1158.439697265625,774.8288879394531,8.6376953125,20.42706298828125
IMG_0029.mp4,6075,202.7027027027027,29.97,1257,2,traffic_signs,0.8175323605537415,1454.2762451171875,768.5452880859375,1466.222900390625,788.7557983398438,1460.2495727539062,778.6505432128906,11.9466552734375,20.21051025390625
IMG_0029.mp4,6075,202.7027027027027,29.97,1162,2,traffic_signs,0.9268414974212646,840.6023559570312,560.2689208984375,896.1686401367188,640.2855834960938,868.385498046875,600.2772521972656,55.5662841796875,80.01666259765625
IMG_0029.mp4,6075,202.7027027027027,29.97,1266,2,traffic_signs,0.776583731174469,152.7123260498047,691.8722534179688,196.45684814453125,736.093505859375,174.58458709716797,713.9828796386719,43.74452209472656,44.22125244140625
IMG_0029.mp4,6076,202.73606940273606,29.97,1187,2,traffic_signs,0.9255416393280029,690.8174438476562,697.771728515625,712.5357055664062,731.3876342773438,701.6765747070312,714.5796813964844,21.71826171875,33.61590576171875
IMG_0029.mp4,6076,202.73606940273606,29.97,1229,2,traffic_signs,0.7827743887901306,1074.0142822265625,780.4994506835938,1083.09521484375,791.59619140625,1078.5547485351562,786.0478210449219,9.0809326171875,11.09674072265625
IMG_0029.mp4,6076,202.73606940273606,29.97,1212,2,traffic_signs,0.8006659746170044,973.07763671875,760.4302368164062,983.3344116210938,782.4635009765625,978.2060241699219,771.4468688964844,10.25677490234375,22.03326416015625
IMG_0029.mp4,6076,202.73606940273606,29.97,1208,2,traffic_signs,0.4630792737007141,452.2975769042969,628.5103759765625,510.941650390625,726.9248046875,481.61961364746094,677.7175903320312,58.644073486328125,98.4144287109375
IMG_0029.mp4,6076,202.73606940273606,29.97,1234,2,traffic_signs,0.7667626738548279,1244.5921630859375,774.6980590820312,1256.746826171875,790.33740234375,1250.6694946289062,782.5177307128906,12.1546630859375,15.63934326171875
IMG_0029.mp4,6076,202.73606940273606,29.97,1249,2,traffic_signs,0.7537910342216492,887.3886108398438,767.015380859375,896.475341796875,784.40673828125,891.9319763183594,775.7110595703125,9.08673095703125,17.391357421875
IMG_0029.mp4,6076,202.73606940273606,29.97,1256,2,traffic_signs,0.7641572952270508,1166.9957275390625,764.2884521484375,1175.65234375,786.0853881835938,1171.3240356445312,775.1869201660156,8.6566162109375,21.79693603515625
IMG_0029.mp4,6076,202.73606940273606,29.97,1257,2,traffic_signs,0.6600546836853027,1471.0443115234375,769.1638793945312,1482.73876953125,788.0538940429688,1476.8915405273438,778.60888671875,11.6944580078125,18.8900146484375
IMG_0029.mp4,6076,202.73606940273606,29.97,1162,2,traffic_signs,0.9241888523101807,850.4391479492188,557.0682373046875,906.7269897460938,638.2383422851562,878.5830688476562,597.6532897949219,56.287841796875,81.17010498046875
IMG_0029.mp4,6076,202.73606940273606,29.97,1266,2,traffic_signs,0.28865760564804077,168.24563598632812,688.7849731445312,210.94528198242188,736.67724609375,189.595458984375,712.7311096191406,42.69964599609375,47.89227294921875
IMG_0029.mp4,6076,202.73606940273606,29.97,998,2,traffic_signs,0.7965213060379028,1340.183349609375,598.6544189453125,1414.0926513671875,664.8272705078125,1377.1380004882812,631.7408447265625,73.9093017578125,66.1728515625
IMG_0029.mp4,6077,202.76943610276945,29.97,1187,2,traffic_signs,0.9235448837280273,701.4940185546875,698.0792236328125,723.0532836914062,731.9108276367188,712.2736511230469,714.9950256347656,21.55926513671875,33.83160400390625
IMG_0029.mp4,6077,202.76943610276945,29.97,1229,2,traffic_signs,0.7851908802986145,1085.8350830078125,780.3587036132812,1095.3564453125,791.9055786132812,1090.5957641601562,786.1321411132812,9.5213623046875,11.546875
IMG_0029.mp4,6077,202.76943610276945,29.97,1212,2,traffic_signs,0.787416398525238,984.6727905273438,760.8161010742188,994.6746826171875,782.346435546875,989.6737365722656,771.5812683105469,10.00189208984375,21.53033447265625
IMG_0029.mp4,6077,202.76943610276945,29.97,1208,2,traffic_signs,0.668556809425354,462.810546875,629.06689453125,521.444091796875,727.2078857421875,492.1273193359375,678.1373901367188,58.633544921875,98.1409912109375
IMG_0029.mp4,6077,202.76943610276945,29.97,1234,2,traffic_signs,0.7469255924224854,1257.339111328125,774.885498046875,1270.61474609375,790.8999633789062,1263.9769287109375,782.8927307128906,13.275634765625,16.01446533203125
IMG_0029.mp4,6077,202.76943610276945,29.97,1249,2,traffic_signs,0.6785991191864014,898.6060791015625,766.9497680664062,907.390380859375,784.3616333007812,902.9982299804688,775.6557006835938,8.7843017578125,17.411865234375
IMG_0029.mp4,6077,202.76943610276945,29.97,1256,2,traffic_signs,0.7763181924819946,1179.26708984375,763.8245239257812,1187.906982421875,786.1144409179688,1183.5870361328125,774.969482421875,8.639892578125,22.2899169921875
IMG_0029.mp4,6077,202.76943610276945,29.97,1162,2,traffic_signs,0.9132469296455383,859.4033813476562,554.8199462890625,917.1755981445312,636.7020874023438,888.2894897460938,595.7610168457031,57.772216796875,81.88214111328125
IMG_0029.mp4,6077,202.76943610276945,29.97,1266,2,traffic_signs,0.7593676447868347,183.6147003173828,686.8040161132812,226.5854034423828,737.2410278320312,205.1000518798828,712.0225219726562,42.970703125,50.43701171875
IMG_0029.mp4,6077,202.76943610276945,29.97,998,2,traffic_signs,0.9137786030769348,1356.7213134765625,593.5779418945312,1432.8291015625,662.176025390625,1394.7752075195312,627.8769836425781,76.1077880859375,68.59808349609375
IMG_0029.mp4,6078,202.8028028028028,29.97,1187,2,traffic_signs,0.9243713617324829,712.32275390625,698.5790405273438,733.622802734375,732.1835327148438,722.9727783203125,715.3812866210938,21.300048828125,33.6044921875
IMG_0029.mp4,6078,202.8028028028028,29.97,1229,2,traffic_signs,0.7628394365310669,1098.435302734375,780.6585693359375,1107.5418701171875,792.4889526367188,1102.9885864257812,786.5737609863281,9.1065673828125,11.83038330078125
IMG_0029.mp4,6078,202.8028028028028,29.97,1212,2,traffic_signs,0.8025738596916199,996.3269653320312,760.8322143554688,1006.4002685546875,782.2449340820312,1001.3636169433594,771.53857421875,10.07330322265625,21.4127197265625
IMG_0029.mp4,6078,202.8028028028028,29.97,1208,2,traffic_signs,0.7715407013893127,473.7283020019531,629.5828247070312,531.9202880859375,727.1138916015625,502.8242950439453,678.3483581542969,58.191986083984375,97.53106689453125
IMG_0029.mp4,6078,202.8028028028028,29.97,1234,2,traffic_signs,0.7467124462127686,1271.225341796875,775.1986694335938,1283.9029541015625,791.175048828125,1277.5641479492188,783.1868591308594,12.6776123046875,15.97637939453125
IMG_0029.mp4,6078,202.8028028028028,29.97,1249,2,traffic_signs,0.6848282814025879,910.2992553710938,767.0134887695312,918.8953247070312,784.5328979492188,914.5972900390625,775.773193359375,8.5960693359375,17.5194091796875
IMG_0029.mp4,6078,202.8028028028028,29.97,1256,2,traffic_signs,0.7980629205703735,1191.99462890625,763.8052978515625,1200.9989013671875,786.08203125,1196.4967651367188,774.9436645507812,9.0042724609375,22.2767333984375
IMG_0029.mp4,6078,202.8028028028028,29.97,1162,2,traffic_signs,0.927547812461853,869.667236328125,552.1577758789062,927.246826171875,634.9690551757812,898.45703125,593.5634155273438,57.57958984375,82.811279296875
IMG_0029.mp4,6078,202.8028028028028,29.97,1266,2,traffic_signs,0.8549240827560425,198.8436737060547,691.503662109375,240.88653564453125,737.416748046875,219.86510467529297,714.460205078125,42.04286193847656,45.9130859375
IMG_0029.mp4,6078,202.8028028028028,29.97,998,2,traffic_signs,0.9368228912353516,1373.666748046875,590.6837768554688,1453.047119140625,659.677734375,1413.35693359375,625.1807556152344,79.38037109375,68.99395751953125
IMG_0029.mp4,6079,202.83616950283619,29.97,1187,2,traffic_signs,0.9183956980705261,723.8795166015625,698.9873046875,744.5064086914062,732.4896850585938,734.1929626464844,715.7384948730469,20.62689208984375,33.50238037109375
IMG_0029.mp4,6079,202.83616950283619,29.97,1229,2,traffic_signs,0.7303497791290283,1110.6544189453125,780.2822875976562,1120.0570068359375,792.5828247070312,1115.355712890625,786.4325561523438,9.402587890625,12.300537109375
IMG_0029.mp4,6079,202.83616950283619,29.97,1212,2,traffic_signs,0.8219808340072632,1008.3130493164062,760.6472778320312,1018.6165771484375,782.2562255859375,1013.4648132324219,771.4517517089844,10.30352783203125,21.60894775390625
IMG_0029.mp4,6079,202.83616950283619,29.97,1208,2,traffic_signs,0.6689660549163818,485.4706726074219,629.8173828125,542.9755859375,727.3436889648438,514.2231292724609,678.5805358886719,57.504913330078125,97.52630615234375
IMG_0029.mp4,6079,202.83616950283619,29.97,1234,2,traffic_signs,0.8133555054664612,1284.788818359375,775.7640991210938,1297.9151611328125,791.0252075195312,1291.3519897460938,783.3946533203125,13.1263427734375,15.2611083984375
IMG_0029.mp4,6079,202.83616950283619,29.97,1249,2,traffic_signs,0.7006622552871704,921.9727783203125,766.9042358398438,930.7412109375,784.62841796875,926.3569946289062,775.7663269042969,8.7684326171875,17.72418212890625
IMG_0029.mp4,6079,202.83616950283619,29.97,1256,2,traffic_signs,0.7079623937606812,1205.138427734375,763.57373046875,1213.5401611328125,785.4922485351562,1209.3392944335938,774.5329895019531,8.4017333984375,21.91851806640625
IMG_0029.mp4,6079,202.83616950283619,29.97,1162,2,traffic_signs,0.9142415523529053,880.1384887695312,549.9830322265625,938.2416381835938,633.2976684570312,909.1900634765625,591.6403503417969,58.1031494140625,83.31463623046875
IMG_0029.mp4,6079,202.83616950283619,29.97,1266,2,traffic_signs,0.7913063764572144,214.91644287109375,693.1788330078125,256.21014404296875,738.5682373046875,235.56329345703125,715.87353515625,41.293701171875,45.389404296875
IMG_0029.mp4,6079,202.83616950283619,29.97,998,2,traffic_signs,0.9243313074111938,1391.78564453125,587.3099365234375,1473.27880859375,657.2381591796875,1432.5322265625,622.2740478515625,81.4931640625,69.92822265625
IMG_0029.mp4,6080,202.86953620286954,29.97,1187,2,traffic_signs,0.9214220643043518,735.3657836914062,698.7930908203125,755.5835571289062,732.7210693359375,745.4746704101562,715.757080078125,20.2177734375,33.927978515625
IMG_0029.mp4,6080,202.86953620286954,29.97,1229,2,traffic_signs,0.5136113166809082,1123.173095703125,780.5699462890625,1132.2464599609375,792.6492919921875,1127.7097778320312,786.609619140625,9.0733642578125,12.079345703125
IMG_0029.mp4,6080,202.86953620286954,29.97,1212,2,traffic_signs,0.8267826437950134,1020.0321655273438,760.5115356445312,1030.7677001953125,783.114501953125,1025.3999328613281,771.8130187988281,10.73553466796875,22.60296630859375
IMG_0029.mp4,6080,202.86953620286954,29.97,1208,2,traffic_signs,0.8053827881813049,497.152099609375,629.8800048828125,554.0429077148438,727.582763671875,525.5975036621094,678.7313842773438,56.89080810546875,97.7027587890625
IMG_0029.mp4,6080,202.86953620286954,29.97,1234,2,traffic_signs,0.6695112586021423,1298.44287109375,775.665283203125,1311.9281005859375,790.3590087890625,1305.1854858398438,783.0121459960938,13.4852294921875,14.6937255859375
IMG_0029.mp4,6080,202.86953620286954,29.97,1249,2,traffic_signs,0.7017414569854736,933.6370849609375,767.3436889648438,942.5645141601562,785.143310546875,938.1007995605469,776.2434997558594,8.92742919921875,17.79962158203125
IMG_0029.mp4,6080,202.86953620286954,29.97,1256,2,traffic_signs,0.7491454482078552,1220.71923828125,764.0493774414062,1228.876953125,785.2935180664062,1224.798095703125,774.6714477539062,8.15771484375,21.244140625
IMG_0029.mp4,6080,202.86953620286954,29.97,1162,2,traffic_signs,0.9165766835212708,890.5355834960938,546.7589111328125,949.0661010742188,631.1135864257812,919.8008422851562,588.9362487792969,58.530517578125,84.35467529296875
IMG_0029.mp4,6080,202.86953620286954,29.97,1266,2,traffic_signs,0.6547850370407104,230.821044921875,696.975341796875,270.6519775390625,739.1107788085938,250.73651123046875,718.0430603027344,39.8309326171875,42.13543701171875
IMG_0029.mp4,6080,202.86953620286954,29.97,998,2,traffic_signs,0.9215080142021179,1410.8955078125,583.6780395507812,1494.1494140625,655.3765869140625,1452.5224609375,619.5273132324219,83.25390625,71.69854736328125
IMG_0029.mp4,6081,202.90290290290292,29.97,1187,2,traffic_signs,0.9164958000183105,746.8768920898438,698.8234252929688,766.7935791015625,733.1910400390625,756.8352355957031,716.0072326660156,19.91668701171875,34.36761474609375
IMG_0029.mp4,6081,202.90290290290292,29.97,1229,2,traffic_signs,0.7751791477203369,1136.1617431640625,780.8781127929688,1145.5692138671875,793.1643676757812,1140.865478515625,787.021240234375,9.407470703125,12.2862548828125
IMG_0029.mp4,6081,202.90290290290292,29.97,1212,2,traffic_signs,0.8213247060775757,1032.285400390625,760.7796630859375,1042.9559326171875,783.2142333984375,1037.6206665039062,771.9969482421875,10.6705322265625,22.4345703125
IMG_0029.mp4,6081,202.90290290290292,29.97,1208,2,traffic_signs,0.7412460446357727,508.1141052246094,630.3230590820312,564.4879760742188,728.0045166015625,536.3010406494141,679.1637878417969,56.373870849609375,97.68145751953125
IMG_0029.mp4,6081,202.90290290290292,29.97,1234,2,traffic_signs,0.5367549657821655,1313.781494140625,775.5807495117188,1326.923095703125,790.596435546875,1320.352294921875,783.0885925292969,13.1416015625,15.01568603515625
IMG_0029.mp4,6081,202.90290290290292,29.97,1249,2,traffic_signs,0.5366392135620117,945.648193359375,767.5103759765625,954.3554077148438,785.1838989257812,950.0018005371094,776.3471374511719,8.70721435546875,17.67352294921875
IMG_0029.mp4,6081,202.90290290290292,29.97,1256,2,traffic_signs,0.6756277084350586,1234.6494140625,764.2750244140625,1242.918212890625,784.0797729492188,1238.7838134765625,774.1773986816406,8.268798828125,19.80474853515625
IMG_0029.mp4,6081,202.90290290290292,29.97,1162,2,traffic_signs,0.9151683449745178,901.161865234375,543.8087768554688,960.9697875976562,629.0647583007812,931.0658264160156,586.436767578125,59.80792236328125,85.2559814453125
IMG_0029.mp4,6081,202.90290290290292,29.97,1266,2,traffic_signs,0.8102473020553589,246.23965454101562,692.139892578125,286.7778625488281,739.3432006835938,266.5087585449219,715.7415466308594,40.5382080078125,47.20330810546875
IMG_0029.mp4,6081,202.90290290290292,29.97,998,2,traffic_signs,0.9245851039886475,1431.2142333984375,580.0056762695312,1517.756591796875,653.150390625,1474.4854125976562,616.5780334472656,86.5423583984375,73.14471435546875
IMG_0029.mp4,6082,202.93626960293628,29.97,1187,2,traffic_signs,0.8437644243240356,758.4552612304688,698.9656372070312,778.2066650390625,733.35595703125,768.3309631347656,716.1607971191406,19.75140380859375,34.39031982421875
IMG_0029.mp4,6082,202.93626960293628,29.97,1229,2,traffic_signs,0.801698625087738,1149.0765380859375,781.1879272460938,1158.472412109375,793.7399291992188,1153.7744750976562,787.4639282226562,9.3958740234375,12.552001953125
IMG_0029.mp4,6082,202.93626960293628,29.97,1212,2,traffic_signs,0.8144480586051941,1044.3953857421875,760.7357788085938,1054.8394775390625,784.2837524414062,1049.617431640625,772.509765625,10.444091796875,23.5479736328125
IMG_0029.mp4,6082,202.93626960293628,29.97,1208,2,traffic_signs,0.6836389899253845,519.3903198242188,630.6922607421875,575.5115356445312,728.0404663085938,547.450927734375,679.3663635253906,56.1212158203125,97.34820556640625
IMG_0029.mp4,6082,202.93626960293628,29.97,1234,2,traffic_signs,0.7886824011802673,1328.170654296875,776.0473022460938,1342.178466796875,790.8453369140625,1335.174560546875,783.4463195800781,14.0078125,14.79803466796875
IMG_0029.mp4,6082,202.93626960293628,29.97,1249,2,traffic_signs,0.5683561563491821,958.0579223632812,767.714111328125,966.43408203125,784.7891235351562,962.2460021972656,776.2516174316406,8.37615966796875,17.07501220703125
IMG_0029.mp4,6082,202.93626960293628,29.97,1256,2,traffic_signs,0.618018627166748,1247.623779296875,764.1848754882812,1256.575439453125,783.9595947265625,1252.099609375,774.0722351074219,8.95166015625,19.77471923828125
IMG_0029.mp4,6082,202.93626960293628,29.97,1162,2,traffic_signs,0.9239400625228882,912.3648071289062,540.857421875,972.7968139648438,626.98095703125,942.580810546875,583.919189453125,60.4320068359375,86.12353515625
IMG_0029.mp4,6082,202.93626960293628,29.97,1266,2,traffic_signs,0.4970422685146332,262.2951354980469,694.8438720703125,301.7393493652344,740.435546875,282.0172424316406,717.6397094726562,39.4442138671875,45.5916748046875
IMG_0029.mp4,6082,202.93626960293628,29.97,998,2,traffic_signs,0.9166706204414368,1452.351806640625,576.4892578125,1540.2142333984375,650.433837890625,1496.2830200195312,613.4615478515625,87.8624267578125,73.944580078125
IMG_0029.mp4,6083,202.96963630296963,29.97,1187,2,traffic_signs,0.9016388654708862,770.5595703125,699.6275634765625,790.2523803710938,733.567626953125,780.4059753417969,716.5975952148438,19.69281005859375,33.9400634765625
IMG_0029.mp4,6083,202.96963630296963,29.97,1229,2,traffic_signs,0.8033581376075745,1161.855224609375,781.2897338867188,1171.84033203125,794.4483642578125,1166.8477783203125,787.8690490722656,9.985107421875,13.15863037109375
IMG_0029.mp4,6083,202.96963630296963,29.97,1212,2,traffic_signs,0.829121470451355,1056.8358154296875,761.0577392578125,1067.3343505859375,784.135986328125,1062.0850830078125,772.5968627929688,10.49853515625,23.0782470703125
IMG_0029.mp4,6083,202.96963630296963,29.97,1208,2,traffic_signs,0.8269616365432739,530.9545288085938,629.7484741210938,587.3958740234375,728.0919189453125,559.1752014160156,678.9201965332031,56.44134521484375,98.34344482421875
IMG_0029.mp4,6083,202.96963630296963,29.97,1234,2,traffic_signs,0.6839420795440674,1343.7587890625,776.2306518554688,1357.883544921875,790.8209228515625,1350.8211669921875,783.5257873535156,14.124755859375,14.59027099609375
IMG_0029.mp4,6083,202.96963630296963,29.97,1249,2,traffic_signs,0.6200270652770996,970.0381469726562,767.8883666992188,978.7427978515625,785.1627807617188,974.3904724121094,776.5255737304688,8.70465087890625,17.2744140625
IMG_0029.mp4,6083,202.96963630296963,29.97,1256,2,traffic_signs,0.7831093668937683,1262.5162353515625,763.37109375,1271.1502685546875,785.0859375,1266.833251953125,774.228515625,8.634033203125,21.71484375
IMG_0029.mp4,6083,202.96963630296963,29.97,1162,2,traffic_signs,0.9363381862640381,924.0309448242188,538.4927368164062,984.8626708984375,624.7930908203125,954.4468078613281,581.6429138183594,60.83172607421875,86.30035400390625
IMG_0029.mp4,6083,202.96963630296963,29.97,1266,2,traffic_signs,0.815619170665741,277.91552734375,698.5744018554688,317.24090576171875,740.9600830078125,297.5782165527344,719.7672424316406,39.32537841796875,42.38568115234375
IMG_0029.mp4,6083,202.96963630296963,29.97,998,2,traffic_signs,0.9293102622032166,1471.4603271484375,571.2234497070312,1563.0740966796875,647.3330078125,1517.2672119140625,609.2782287597656,91.61376953125,76.10955810546875
IMG_0029.mp4,6084,203.00300300300302,29.97,1187,2,traffic_signs,0.8914968371391296,782.24560546875,699.3789672851562,802.308837890625,733.798583984375,792.2772216796875,716.5887756347656,20.063232421875,34.41961669921875
IMG_0029.mp4,6084,203.00300300300302,29.97,1229,2,traffic_signs,0.7879953980445862,1175.140380859375,781.2654418945312,1185.106201171875,794.9842529296875,1180.123291015625,788.1248474121094,9.9658203125,13.71881103515625
IMG_0029.mp4,6084,203.00300300300302,29.97,1212,2,traffic_signs,0.8178884983062744,1069.0826416015625,761.1041870117188,1079.469482421875,784.739501953125,1074.2760620117188,772.9218444824219,10.3868408203125,23.63531494140625
IMG_0029.mp4,6084,203.00300300300302,29.97,1208,2,traffic_signs,0.8403133749961853,542.7809448242188,629.6668701171875,599.1268310546875,728.36767578125,570.9538879394531,679.0172729492188,56.34588623046875,98.7008056640625
IMG_0029.mp4,6084,203.00300300300302,29.97,1234,2,traffic_signs,0.8231131434440613,1358.392822265625,776.1554565429688,1372.8052978515625,790.7439575195312,1365.5990600585938,783.44970703125,14.4124755859375,14.5885009765625
IMG_0029.mp4,6084,203.00300300300302,29.97,1249,2,traffic_signs,0.6015866994857788,981.8006591796875,768.3717041015625,990.8241577148438,785.635986328125,986.3124084472656,777.0038452148438,9.02349853515625,17.2642822265625
IMG_0029.mp4,6084,203.00300300300302,29.97,1256,2,traffic_signs,0.7470464110374451,1276.2664794921875,763.3826904296875,1284.663818359375,784.5257568359375,1280.4651489257812,773.9542236328125,8.3973388671875,21.14306640625
IMG_0029.mp4,6084,203.00300300300302,29.97,1162,2,traffic_signs,0.9181338548660278,935.728271484375,535.4578857421875,996.6463012695312,622.7401733398438,966.1872863769531,579.0990295410156,60.91802978515625,87.28228759765625
IMG_0029.mp4,6084,203.00300300300302,29.97,1266,2,traffic_signs,0.8383901119232178,294.4277648925781,695.6215209960938,333.3669738769531,741.09375,313.8973693847656,718.3576354980469,38.939208984375,45.47222900390625
IMG_0029.mp4,6084,203.00300300300302,29.97,998,2,traffic_signs,0.7553281784057617,1492.9156494140625,566.6671752929688,1587.0419921875,644.3056640625,1539.9788208007812,605.4864196777344,94.1263427734375,77.63848876953125
IMG_0029.mp4,6085,203.03636970303637,29.97,1187,2,traffic_signs,0.9003692269325256,794.80126953125,699.2646484375,814.5792236328125,733.4978637695312,804.6902465820312,716.3812561035156,19.7779541015625,34.23321533203125
IMG_0029.mp4,6085,203.03636970303637,29.97,1229,2,traffic_signs,0.7836114168167114,1189.396484375,781.2955932617188,1198.965087890625,795.5787963867188,1194.1807861328125,788.4371948242188,9.568603515625,14.283203125
IMG_0029.mp4,6085,203.03636970303637,29.97,1212,2,traffic_signs,0.7860490083694458,1082.245361328125,761.0614624023438,1092.381591796875,784.70361328125,1087.3134765625,772.8825378417969,10.13623046875,23.64215087890625
IMG_0029.mp4,6085,203.03636970303637,29.97,1208,2,traffic_signs,0.701867401599884,555.1786499023438,629.1617431640625,611.0411376953125,728.2957153320312,583.1098937988281,678.7287292480469,55.86248779296875,99.13397216796875
IMG_0029.mp4,6085,203.03636970303637,29.97,1234,2,traffic_signs,0.8105621933937073,1374.5086669921875,775.9900512695312,1389.9906005859375,790.886962890625,1382.2496337890625,783.4385070800781,15.48193359375,14.89691162109375
IMG_0029.mp4,6085,203.03636970303637,29.97,1249,2,traffic_signs,0.4243351221084595,994.4043579101562,768.5208740234375,1003.087646484375,786.0249633789062,998.7460021972656,777.2729187011719,8.68328857421875,17.50408935546875
IMG_0029.mp4,6085,203.03636970303637,29.97,1256,2,traffic_signs,0.6809461712837219,1292.4560546875,763.991455078125,1301.342041015625,784.4011840820312,1296.8990478515625,774.1963195800781,8.885986328125,20.40972900390625
IMG_0029.mp4,6085,203.03636970303637,29.97,1162,2,traffic_signs,0.9058550596237183,948.4539794921875,532.3034057617188,1009.828125,620.6699829101562,979.1410522460938,576.4866943359375,61.3741455078125,88.3665771484375
IMG_0029.mp4,6085,203.03636970303637,29.97,1266,2,traffic_signs,0.8678126931190491,310.51324462890625,694.5066528320312,349.119140625,742.2779541015625,329.8161926269531,718.3923034667969,38.60589599609375,47.77130126953125
IMG_0029.mp4,6085,203.03636970303637,29.97,998,2,traffic_signs,0.9363923072814941,1515.35302734375,562.2235717773438,1612.855712890625,641.52734375,1564.1043701171875,601.8754577636719,97.502685546875,79.30377197265625
IMG_0029.mp4,6086,203.06973640306975,29.97,1187,2,traffic_signs,0.8970934748649597,806.8180541992188,699.3619384765625,826.6000366210938,733.34375,816.7090454101562,716.3528442382812,19.781982421875,33.9818115234375
IMG_0029.mp4,6086,203.06973640306975,29.97,1229,2,traffic_signs,0.8034024238586426,1203.2584228515625,781.6774291992188,1213.14306640625,794.4291381835938,1208.2007446289062,788.0532836914062,9.8846435546875,12.751708984375
IMG_0029.mp4,6086,203.06973640306975,29.97,1212,2,traffic_signs,0.8197671175003052,1095.2322998046875,760.6785888671875,1105.4451904296875,785.8255615234375,1100.3387451171875,773.2520751953125,10.212890625,25.14697265625
IMG_0029.mp4,6086,203.06973640306975,29.97,1208,2,traffic_signs,0.7332276701927185,567.4509887695312,629.361328125,623.0244750976562,728.1840209960938,595.2377319335938,678.7726745605469,55.573486328125,98.82269287109375
IMG_0029.mp4,6086,203.06973640306975,29.97,1234,2,traffic_signs,0.5928115844726562,1390.4788818359375,775.9381103515625,1406.5386962890625,791.3037109375,1398.5087890625,783.6209106445312,16.059814453125,15.3656005859375
IMG_0029.mp4,6086,203.06973640306975,29.97,1249,2,traffic_signs,0.6226139664649963,1007.335693359375,768.4933471679688,1015.9418334960938,785.5850830078125,1011.6387634277344,777.0392150878906,8.60614013671875,17.09173583984375
IMG_0029.mp4,6086,203.06973640306975,29.97,1256,2,traffic_signs,0.7607632875442505,1307.50732421875,763.1541748046875,1316.145263671875,783.4708862304688,1311.8262939453125,773.3125305175781,8.637939453125,20.31671142578125
IMG_0029.mp4,6086,203.06973640306975,29.97,1162,2,traffic_signs,0.9236567616462708,960.7908935546875,528.712158203125,1023.3099975585938,617.9354248046875,992.0504455566406,573.3237915039062,62.51910400390625,89.2232666015625
IMG_0029.mp4,6086,203.06973640306975,29.97,1266,2,traffic_signs,0.524291455745697,325.8760681152344,693.595947265625,364.5710144042969,742.6839599609375,345.2235412597656,718.1399536132812,38.6949462890625,49.0880126953125
IMG_0029.mp4,6086,203.06973640306975,29.97,998,2,traffic_signs,0.9399424195289612,1539.489501953125,557.9193115234375,1639.5970458984375,637.7490234375,1589.5432739257812,597.8341674804688,100.1075439453125,79.8297119140625
IMG_0029.mp4,6087,203.1031031031031,29.97,1187,2,traffic_signs,0.9072533845901489,818.785888671875,699.7986450195312,838.58154296875,733.5858764648438,828.6837158203125,716.6922607421875,19.795654296875,33.7872314453125
IMG_0029.mp4,6087,203.1031031031031,29.97,1229,2,traffic_signs,0.732618510723114,1217.5281982421875,782.0377807617188,1227.1099853515625,794.5675659179688,1222.319091796875,788.3026733398438,9.581787109375,12.52978515625
IMG_0029.mp4,6087,203.1031031031031,29.97,1212,2,traffic_signs,0.8305625915527344,1108.5577392578125,761.0043334960938,1119.07275390625,788.3778076171875,1113.8152465820312,774.6910705566406,10.5150146484375,27.37347412109375
IMG_0029.mp4,6087,203.1031031031031,29.97,1208,2,traffic_signs,0.8638691902160645,578.826904296875,629.2796630859375,634.625,727.8975219726562,606.7259521484375,678.5885925292969,55.798095703125,98.61785888671875
IMG_0029.mp4,6087,203.1031031031031,29.97,1234,2,traffic_signs,0.8259290456771851,1406.479736328125,775.5167236328125,1423.0400390625,791.4569702148438,1414.7598876953125,783.4868469238281,16.560302734375,15.94024658203125
IMG_0029.mp4,6087,203.1031031031031,29.97,1249,2,traffic_signs,0.7183198928833008,1019.950927734375,768.69189453125,1029.3839111328125,785.8679809570312,1024.6674194335938,777.2799377441406,9.4329833984375,17.17608642578125
IMG_0029.mp4,6087,203.1031031031031,29.97,1256,2,traffic_signs,0.804553210735321,1323.271484375,762.950439453125,1331.9241943359375,784.3859252929688,1327.5978393554688,773.6681823730469,8.6527099609375,21.43548583984375
IMG_0029.mp4,6087,203.1031031031031,29.97,1162,2,traffic_signs,0.899024486541748,973.16845703125,525.6472778320312,1036.958984375,615.4493408203125,1005.063720703125,570.5483093261719,63.79052734375,89.80206298828125
IMG_0029.mp4,6087,203.1031031031031,29.97,1266,2,traffic_signs,0.879422128200531,341.6784973144531,690.7234497070312,379.55999755859375,743.41650390625,360.61924743652344,717.0699768066406,37.881500244140625,52.69305419921875
IMG_0029.mp4,6087,203.1031031031031,29.97,998,2,traffic_signs,0.936292827129364,1564.1444091796875,552.7324829101562,1668.675048828125,634.2225952148438,1616.4097290039062,593.4775390625,104.5306396484375,81.4901123046875
IMG_0029.mp4,6088,203.13646980313646,29.97,1187,2,traffic_signs,0.9204076528549194,831.0538330078125,699.2730102539062,851.0485229492188,733.83740234375,841.0511779785156,716.5552062988281,19.99468994140625,34.56439208984375
IMG_0029.mp4,6088,203.13646980313646,29.97,1229,2,traffic_signs,0.6682826280593872,1232.33544921875,782.0068359375,1241.5174560546875,794.8391723632812,1236.9264526367188,788.4230041503906,9.1820068359375,12.83233642578125
IMG_0029.mp4,6088,203.13646980313646,29.97,1212,2,traffic_signs,0.6806228756904602,1121.9454345703125,761.5922241210938,1132.5994873046875,786.4288940429688,1127.2724609375,774.0105590820312,10.654052734375,24.836669921875
IMG_0029.mp4,6088,203.13646980313646,29.97,1208,2,traffic_signs,0.8876098394393921,591.2579956054688,629.7163696289062,646.79052734375,728.0241088867188,619.0242614746094,678.8702392578125,55.53253173828125,98.3077392578125
IMG_0029.mp4,6088,203.13646980313646,29.97,1234,2,traffic_signs,0.8270354866981506,1423.74072265625,774.646240234375,1440.854248046875,791.9537353515625,1432.2974853515625,783.2999877929688,17.113525390625,17.3074951171875
IMG_0029.mp4,6088,203.13646980313646,29.97,1249,2,traffic_signs,0.6978991627693176,1033.0496826171875,768.9061889648438,1042.286865234375,786.0977172851562,1037.6682739257812,777.501953125,9.2371826171875,17.1915283203125
IMG_0029.mp4,6088,203.13646980313646,29.97,1256,2,traffic_signs,0.7818376421928406,1340.085205078125,762.9384765625,1348.8648681640625,785.1250610351562,1344.4750366210938,774.0317687988281,8.7796630859375,22.18658447265625
IMG_0029.mp4,6088,203.13646980313646,29.97,1162,2,traffic_signs,0.9175101518630981,985.9435424804688,522.2315063476562,1051.3193359375,612.9114379882812,1018.6314392089844,567.5714721679688,65.37579345703125,90.679931640625
IMG_0029.mp4,6088,203.13646980313646,29.97,1266,2,traffic_signs,0.8803744316101074,357.4392395019531,689.7852783203125,394.4868469238281,744.947265625,375.9630432128906,717.3662719726562,37.047607421875,55.1619873046875
IMG_0029.mp4,6088,203.13646980313646,29.97,998,2,traffic_signs,0.9267439246177673,1589.7823486328125,548.1544799804688,1697.94189453125,631.1408081054688,1643.8621215820312,589.6476440429688,108.1595458984375,82.986328125
IMG_0029.mp4,6089,203.16983650316985,29.97,1187,2,traffic_signs,0.9211788177490234,843.3697509765625,698.6622314453125,863.1306762695312,733.8316650390625,853.2502136230469,716.2469482421875,19.76092529296875,35.16943359375
IMG_0029.mp4,6089,203.16983650316985,29.97,1229,2,traffic_signs,0.7596752643585205,1246.5306396484375,781.9758911132812,1256.6754150390625,795.8339233398438,1251.60302734375,788.9049072265625,10.144775390625,13.8580322265625
IMG_0029.mp4,6089,203.16983650316985,29.97,1212,2,traffic_signs,0.7158269286155701,1135.00390625,761.61865234375,1146.0843505859375,785.9810791015625,1140.5441284179688,773.7998657226562,11.0804443359375,24.3624267578125
IMG_0029.mp4,6089,203.16983650316985,29.97,1208,2,traffic_signs,0.8126572966575623,603.6970825195312,629.4212646484375,658.9240112304688,727.6654663085938,631.310546875,678.5433654785156,55.2269287109375,98.24420166015625
IMG_0029.mp4,6089,203.16983650316985,29.97,1234,2,traffic_signs,0.828251302242279,1441.081298828125,773.9028930664062,1459.2052001953125,791.276611328125,1450.1432495117188,782.5897521972656,18.1239013671875,17.37371826171875
IMG_0029.mp4,6089,203.16983650316985,29.97,1249,2,traffic_signs,0.2986658215522766,1046.4129638671875,769.0355834960938,1055.477783203125,786.4786376953125,1050.9453735351562,777.7571105957031,9.0648193359375,17.44305419921875
IMG_0029.mp4,6089,203.16983650316985,29.97,1256,2,traffic_signs,0.8254912495613098,1355.330078125,761.573974609375,1364.2747802734375,784.3460083007812,1359.8024291992188,772.9599914550781,8.9447021484375,22.77203369140625
IMG_0029.mp4,6089,203.16983650316985,29.97,1162,2,traffic_signs,0.9075942635536194,998.434814453125,517.7694091796875,1065.33984375,611.0327758789062,1031.8873291015625,564.4010925292969,66.905029296875,93.26336669921875
IMG_0029.mp4,6089,203.16983650316985,29.97,1266,2,traffic_signs,0.8715301752090454,372.4233703613281,690.924560546875,408.83660888671875,744.2626953125,390.62998962402344,717.5936279296875,36.413238525390625,53.338134765625
IMG_0029.mp4,6089,203.16983650316985,29.97,998,2,traffic_signs,0.926274299621582,1615.6248779296875,547.7094116210938,1727.236572265625,626.7100830078125,1671.4307250976562,587.2097473144531,111.6116943359375,79.00067138671875
IMG_0029.mp4,6090,203.2032032032032,29.97,1187,2,traffic_signs,0.9198256134986877,855.758544921875,698.2523803710938,875.50146484375,733.68798828125,865.6300048828125,715.9701843261719,19.742919921875,35.43560791015625
IMG_0029.mp4,6090,203.2032032032032,29.97,1229,2,traffic_signs,0.6517894268035889,1261.44189453125,782.444580078125,1270.990234375,796.0185546875,1266.216064453125,789.2315673828125,9.54833984375,13.573974609375
IMG_0029.mp4,6090,203.2032032032032,29.97,1212,2,traffic_signs,0.8431922793388367,1148.8394775390625,761.0294189453125,1160.353271484375,785.114990234375,1154.5963745117188,773.0722045898438,11.5137939453125,24.0855712890625
IMG_0029.mp4,6090,203.2032032032032,29.97,1208,2,traffic_signs,0.6585824489593506,615.9458618164062,629.3502807617188,670.748046875,727.5321044921875,643.3469543457031,678.4411926269531,54.80218505859375,98.18182373046875
IMG_0029.mp4,6090,203.2032032032032,29.97,1234,2,traffic_signs,0.7818001508712769,1459.9495849609375,773.1736450195312,1477.1734619140625,791.3999633789062,1468.5615234375,782.2868041992188,17.223876953125,18.226318359375
IMG_0029.mp4,6090,203.2032032032032,29.97,1249,2,traffic_signs,0.6245086789131165,1060.09619140625,769.2677612304688,1068.587890625,786.7645263671875,1064.342041015625,778.0161437988281,8.49169921875,17.49676513671875
IMG_0029.mp4,6090,203.2032032032032,29.97,1256,2,traffic_signs,0.8045930862426758,1371.6536865234375,761.192626953125,1380.4278564453125,783.6054077148438,1376.040771484375,772.3990173339844,8.774169921875,22.41278076171875
IMG_0029.mp4,6090,203.2032032032032,29.97,1162,2,traffic_signs,0.9396812915802002,1011.0631103515625,513.6859741210938,1079.9359130859375,607.7409057617188,1045.49951171875,560.7134399414062,68.872802734375,94.054931640625
IMG_0029.mp4,6090,203.2032032032032,29.97,1266,2,traffic_signs,0.8107090592384338,387.41180419921875,690.4620971679688,423.3656921386719,745.9102783203125,405.3887481689453,718.1861877441406,35.953887939453125,55.44818115234375
IMG_0029.mp4,6090,203.2032032032032,29.97,998,2,traffic_signs,0.914286732673645,1643.1326904296875,550.0082397460938,1756.8804931640625,622.2655639648438,1700.006591796875,586.1369018554688,113.747802734375,72.25732421875
IMG_0029.mp4,6091,203.23656990323659,29.97,1187,2,traffic_signs,0.9138495326042175,868.6357421875,698.1196899414062,888.7210693359375,733.294921875,878.6784057617188,715.7073059082031,20.0853271484375,35.17523193359375
IMG_0029.mp4,6091,203.23656990323659,29.97,1212,2,traffic_signs,0.8301523327827454,1163.2384033203125,761.6517944335938,1174.43603515625,784.7230224609375,1168.8372192382812,773.1874084472656,11.1976318359375,23.07122802734375
IMG_0029.mp4,6091,203.23656990323659,29.97,1208,2,traffic_signs,0.7644778490066528,628.519775390625,628.6226196289062,683.5242919921875,727.6767578125,656.0220336914062,678.1496887207031,55.0045166015625,99.05413818359375
IMG_0029.mp4,6091,203.23656990323659,29.97,1234,2,traffic_signs,0.660606324672699,1478.3951416015625,773.2406616210938,1496.3427734375,791.0009765625,1487.3689575195312,782.1208190917969,17.9476318359375,17.76031494140625
IMG_0029.mp4,6091,203.23656990323659,29.97,1249,2,traffic_signs,0.6378740668296814,1073.1705322265625,769.6468505859375,1082.1019287109375,787.7073364257812,1077.63623046875,778.6770935058594,8.931396484375,18.06048583984375
IMG_0029.mp4,6091,203.23656990323659,29.97,1256,2,traffic_signs,0.7443290948867798,1389.034912109375,761.547607421875,1397.75927734375,783.01171875,1393.3970947265625,772.2796630859375,8.724365234375,21.464111328125
IMG_0029.mp4,6091,203.23656990323659,29.97,1162,2,traffic_signs,0.9057734608650208,1023.3829345703125,509.3401184082031,1094.636962890625,605.187744140625,1059.0099487304688,557.2639312744141,71.2540283203125,95.84762573242188
IMG_0029.mp4,6091,203.23656990323659,29.97,1266,2,traffic_signs,0.5055437088012695,402.61859130859375,689.045166015625,439.904052734375,750.053955078125,421.2613220214844,719.549560546875,37.28546142578125,61.0087890625
IMG_0029.mp4,6091,203.23656990323659,29.97,998,2,traffic_signs,0.9211059808731079,1671.0159912109375,556.5419311523438,1775.09765625,619.1513671875,1723.0568237304688,587.8466491699219,104.0816650390625,62.60943603515625
IMG_0029.mp4,6092,203.26993660326994,29.97,1187,2,traffic_signs,0.921749472618103,881.2180786132812,698.1484985351562,901.8401489257812,733.111083984375,891.5291137695312,715.6297912597656,20.6220703125,34.96258544921875
IMG_0029.mp4,6092,203.26993660326994,29.97,1212,2,traffic_signs,0.8028120398521423,1177.6212158203125,762.31787109375,1188.2021484375,784.958740234375,1182.9116821289062,773.6383056640625,10.5809326171875,22.640869140625
IMG_0029.mp4,6092,203.26993660326994,29.97,1208,2,traffic_signs,0.828694224357605,641.3104858398438,628.661865234375,695.5931396484375,728.0020751953125,668.4518127441406,678.3319702148438,54.28265380859375,99.3402099609375
IMG_0029.mp4,6092,203.26993660326994,29.97,1234,2,traffic_signs,0.8237535953521729,1497.0242919921875,773.4539794921875,1514.7757568359375,791.3645629882812,1505.9000244140625,782.4092712402344,17.75146484375,17.91058349609375
IMG_0029.mp4,6092,203.26993660326994,29.97,1249,2,traffic_signs,0.38725969195365906,1086.7620849609375,770.0079345703125,1095.4405517578125,788.15966796875,1091.101318359375,779.0838012695312,8.678466796875,18.1517333984375
IMG_0029.mp4,6092,203.26993660326994,29.97,1256,2,traffic_signs,0.8022549748420715,1406.4720458984375,761.7640380859375,1415.1773681640625,784.4625854492188,1410.82470703125,773.1133117675781,8.705322265625,22.69854736328125
IMG_0029.mp4,6092,203.26993660326994,29.97,1162,2,traffic_signs,0.8947239518165588,1036.91015625,505.6806640625,1110.6083984375,602.309814453125,1073.75927734375,553.9952392578125,73.6982421875,96.629150390625
IMG_0029.mp4,6092,203.26993660326994,29.97,1266,2,traffic_signs,0.5799410939216614,418.0611267089844,690.5198974609375,454.2076416015625,749.5647583007812,436.13438415527344,720.0423278808594,36.146514892578125,59.04486083984375
IMG_0029.mp4,6092,203.26993660326994,29.97,998,2,traffic_signs,0.6692014336585999,1703.69775390625,568.0033569335938,1782.1800537109375,615.0050659179688,1742.9389038085938,591.5042114257812,78.4822998046875,47.001708984375
IMG_0029.mp4,6092,203.26993660326994,29.97,1229,2,traffic_signs,0.5684808492660522,1291.2623291015625,781.7681884765625,1301.373046875,793.4727783203125,1296.3176879882812,787.6204833984375,10.1107177734375,11.70458984375
IMG_0029.mp4,6093,203.30330330330332,29.97,1187,2,traffic_signs,0.9214122295379639,894.24072265625,697.7451782226562,914.7223510742188,733.2156982421875,904.4815368652344,715.4804382324219,20.48162841796875,35.47052001953125
IMG_0029.mp4,6093,203.30330330330332,29.97,1212,2,traffic_signs,0.8148485422134399,1191.955810546875,761.71630859375,1202.792724609375,789.1141357421875,1197.374267578125,775.4152221679688,10.8369140625,27.3978271484375
IMG_0029.mp4,6093,203.30330330330332,29.97,1208,2,traffic_signs,0.5916649699211121,654.4895629882812,628.2610473632812,708.7244262695312,728.298095703125,681.6069946289062,678.2795715332031,54.23486328125,100.03704833984375
IMG_0029.mp4,6093,203.30330330330332,29.97,1234,2,traffic_signs,0.8599445819854736,1516.9327392578125,773.6216430664062,1534.761962890625,791.4342041015625,1525.8473510742188,782.5279235839844,17.8292236328125,17.81256103515625
IMG_0029.mp4,6093,203.30330330330332,29.97,1249,2,traffic_signs,0.2884179651737213,1100.7236328125,769.9129028320312,1109.3394775390625,788.0012817382812,1105.0315551757812,778.9570922851562,8.6158447265625,18.08837890625
IMG_0029.mp4,6093,203.30330330330332,29.97,1256,2,traffic_signs,0.7440847158432007,1425.1988525390625,762.008544921875,1433.56689453125,783.7706298828125,1429.3828735351562,772.8895874023438,8.3680419921875,21.7620849609375
IMG_0029.mp4,6093,203.30330330330332,29.97,1162,2,traffic_signs,0.9170122742652893,1051.4404296875,502.112548828125,1127.4427490234375,598.9937133789062,1089.4415893554688,550.5531311035156,76.0023193359375,96.88116455078125
IMG_0029.mp4,6093,203.30330330330332,29.97,1266,2,traffic_signs,0.5860801339149475,433.7127990722656,692.01953125,468.4790954589844,748.68115234375,451.095947265625,720.350341796875,34.76629638671875,56.66162109375
IMG_0029.mp4,6093,203.30330330330332,29.97,1229,2,traffic_signs,0.7648799419403076,1307.0692138671875,783.0223388671875,1317.2889404296875,793.6602783203125,1312.1790771484375,788.34130859375,10.2197265625,10.637939453125
IMG_0029.mp4,6094,203.33667000333668,29.97,1187,2,traffic_signs,0.9254922270774841,906.673828125,697.073974609375,927.2766723632812,733.3735961914062,916.9752502441406,715.2237854003906,20.60284423828125,36.29962158203125
IMG_0029.mp4,6094,203.33667000333668,29.97,1212,2,traffic_signs,0.6659591794013977,1206.1217041015625,761.9512939453125,1216.966064453125,787.3197021484375,1211.5438842773438,774.635498046875,10.8443603515625,25.368408203125
IMG_0029.mp4,6094,203.33667000333668,29.97,1208,2,traffic_signs,0.7372869253158569,666.4401245117188,628.699951171875,720.5552368164062,728.5189819335938,693.4976806640625,678.6094665527344,54.1151123046875,99.81903076171875
IMG_0029.mp4,6094,203.33667000333668,29.97,1234,2,traffic_signs,0.8661258220672607,1535.349609375,773.809814453125,1554.025390625,791.5697021484375,1544.6875,782.6897583007812,18.67578125,17.7598876953125
IMG_0029.mp4,6094,203.33667000333668,29.97,1249,2,traffic_signs,0.6326144337654114,1114.106201171875,770.0632934570312,1123.192138671875,788.36328125,1118.649169921875,779.2132873535156,9.0859375,18.29998779296875
IMG_0029.mp4,6094,203.33667000333668,29.97,1256,2,traffic_signs,0.6961770057678223,1441.72119140625,762.3087768554688,1450.54052734375,783.1735229492188,1446.130859375,772.7411499023438,8.8193359375,20.86474609375
IMG_0029.mp4,6094,203.33667000333668,29.97,1162,2,traffic_signs,0.8948230147361755,1065.2177734375,497.25115966796875,1142.5762939453125,595.9443969726562,1103.8970336914062,546.5977783203125,77.3585205078125,98.6932373046875
IMG_0029.mp4,6094,203.33667000333668,29.97,1266,2,traffic_signs,0.7595164179801941,448.519287109375,692.4406127929688,482.8048400878906,752.987060546875,465.6620635986328,722.7138366699219,34.285552978515625,60.54644775390625
IMG_0029.mp4,6094,203.33667000333668,29.97,1229,2,traffic_signs,0.6558099389076233,1322.3638916015625,782.4607543945312,1332.65478515625,794.091796875,1327.5093383789062,788.2762756347656,10.2908935546875,11.63104248046875
IMG_0029.mp4,6095,203.37003670337003,29.97,1187,2,traffic_signs,0.9245230555534363,919.2138061523438,696.8137817382812,940.2230224609375,733.28125,929.7184143066406,715.0475158691406,21.00921630859375,36.46746826171875
IMG_0029.mp4,6095,203.37003670337003,29.97,1212,2,traffic_signs,0.8223844766616821,1220.6014404296875,762.3056030273438,1231.943115234375,787.1851196289062,1226.2722778320312,774.745361328125,11.3416748046875,24.8795166015625
IMG_0029.mp4,6095,203.37003670337003,29.97,1208,2,traffic_signs,0.7646718621253967,678.1818237304688,627.9796752929688,733.0823364257812,728.591552734375,705.632080078125,678.2856140136719,54.9005126953125,100.61187744140625
IMG_0029.mp4,6095,203.37003670337003,29.97,1234,2,traffic_signs,0.855376660823822,1555.943359375,773.8031616210938,1575.1265869140625,792.08251953125,1565.5349731445312,782.9428405761719,19.1832275390625,18.27935791015625
IMG_0029.mp4,6095,203.37003670337003,29.97,1249,2,traffic_signs,0.547338604927063,1127.764404296875,770.140625,1137.5306396484375,788.7542114257812,1132.6475219726562,779.4474182128906,9.7662353515625,18.61358642578125
IMG_0029.mp4,6095,203.37003670337003,29.97,1256,2,traffic_signs,0.7811293005943298,1461.5252685546875,762.5288696289062,1470.001953125,783.1248779296875,1465.7636108398438,772.8268737792969,8.4766845703125,20.59600830078125
IMG_0029.mp4,6095,203.37003670337003,29.97,1162,2,traffic_signs,0.9017429351806641,1081.1844482421875,492.3805847167969,1159.712890625,592.3267822265625,1120.4486694335938,542.3536834716797,78.5284423828125,99.94619750976562
IMG_0029.mp4,6095,203.37003670337003,29.97,1266,2,traffic_signs,0.8632744550704956,462.52349853515625,695.013916015625,496.7635803222656,750.8362426757812,479.64353942871094,722.9250793457031,34.240081787109375,55.82232666015625
IMG_0029.mp4,6095,203.37003670337003,29.97,1229,2,traffic_signs,0.7134662866592407,1340.013916015625,782.806884765625,1349.4217529296875,794.148681640625,1344.7178344726562,788.477783203125,9.4078369140625,11.341796875
IMG_0029.mp4,6096,203.40340340340342,29.97,1187,2,traffic_signs,0.9280070066452026,932.5858764648438,696.5308837890625,953.5930786132812,733.1500854492188,943.0894775390625,714.8404846191406,21.0072021484375,36.61920166015625
IMG_0029.mp4,6096,203.40340340340342,29.97,1212,2,traffic_signs,0.8387947082519531,1235.11865234375,762.0496215820312,1246.39892578125,787.8338012695312,1240.7587890625,774.9417114257812,11.2802734375,25.7841796875
IMG_0029.mp4,6096,203.40340340340342,29.97,1208,2,traffic_signs,0.7252613306045532,691.1145629882812,628.0689086914062,745.8018798828125,728.4808349609375,718.4582214355469,678.2748718261719,54.68731689453125,100.41192626953125
IMG_0029.mp4,6096,203.40340340340342,29.97,1234,2,traffic_signs,0.8914442658424377,1575.428466796875,773.2349243164062,1595.353759765625,791.5394897460938,1585.39111328125,782.38720703125,19.92529296875,18.3045654296875
IMG_0029.mp4,6096,203.40340340340342,29.97,1249,2,traffic_signs,0.4751270115375519,1141.886962890625,770.3364868164062,1151.5369873046875,788.84912109375,1146.7119750976562,779.5928039550781,9.6500244140625,18.51263427734375
IMG_0029.mp4,6096,203.40340340340342,29.97,1256,2,traffic_signs,0.7757629752159119,1479.248291015625,761.4972534179688,1487.9361572265625,783.5816040039062,1483.5922241210938,772.5394287109375,8.6878662109375,22.0843505859375
IMG_0029.mp4,6096,203.40340340340342,29.97,1162,2,traffic_signs,0.8643149733543396,1096.4715576171875,488.1766052246094,1177.59228515625,589.6170043945312,1137.0319213867188,538.8968048095703,81.1207275390625,101.44039916992188
IMG_0029.mp4,6096,203.40340340340342,29.97,1266,2,traffic_signs,0.8838808536529541,478.0475769042969,693.9713745117188,511.9605712890625,753.3143920898438,495.0040740966797,723.6428833007812,33.912994384765625,59.343017578125
IMG_0029.mp4,6096,203.40340340340342,29.97,1229,2,traffic_signs,0.648481547832489,1357.05615234375,782.7263793945312,1365.35009765625,794.1231689453125,1361.203125,788.4247741699219,8.2939453125,11.39678955078125
IMG_0029.mp4,6097,203.43677010343677,29.97,1187,2,traffic_signs,0.9254338145256042,946.0909423828125,696.1211547851562,967.1142578125,733.2764892578125,956.6026000976562,714.6988220214844,21.0233154296875,37.15533447265625
IMG_0029.mp4,6097,203.43677010343677,29.97,1212,2,traffic_signs,0.810276985168457,1250.408935546875,761.9219360351562,1261.58154296875,787.4760131835938,1255.9952392578125,774.698974609375,11.172607421875,25.5540771484375
IMG_0029.mp4,6097,203.43677010343677,29.97,1208,2,traffic_signs,0.5393819212913513,705.0201416015625,627.117919921875,759.2197875976562,728.3749389648438,732.1199645996094,677.7464294433594,54.19964599609375,101.25701904296875
IMG_0029.mp4,6097,203.43677010343677,29.97,1234,2,traffic_signs,0.8613870143890381,1595.579833984375,773.161865234375,1616.4185791015625,791.5504760742188,1605.9992065429688,782.3561706542969,20.8387451171875,18.38861083984375
IMG_0029.mp4,6097,203.43677010343677,29.97,1249,2,traffic_signs,0.3674651086330414,1157.5819091796875,770.5802612304688,1166.1737060546875,788.4326782226562,1161.8778076171875,779.5064697265625,8.591796875,17.8524169921875
IMG_0029.mp4,6097,203.43677010343677,29.97,1256,2,traffic_signs,0.7654130458831787,1498.139892578125,761.367919921875,1507.2501220703125,782.4337158203125,1502.6950073242188,771.9008178710938,9.1102294921875,21.0657958984375
IMG_0029.mp4,6097,203.43677010343677,29.97,1162,2,traffic_signs,0.9287028908729553,1115.6065673828125,482.8141174316406,1195.1094970703125,587.1192016601562,1155.3580322265625,534.9666595458984,79.5029296875,104.30508422851562
IMG_0029.mp4,6097,203.43677010343677,29.97,1266,2,traffic_signs,0.850031852722168,494.01708984375,693.26708984375,527.638916015625,754.5923461914062,510.8280029296875,723.9297180175781,33.621826171875,61.32525634765625
IMG_0029.mp4,6098,203.47013680347015,29.97,1187,2,traffic_signs,0.9242154955863953,958.7747802734375,696.1055908203125,979.399658203125,732.970703125,969.0872192382812,714.5381469726562,20.6248779296875,36.8651123046875
IMG_0029.mp4,6098,203.47013680347015,29.97,1212,2,traffic_signs,0.8167355060577393,1265.2916259765625,762.002685546875,1276.4779052734375,789.4740600585938,1270.884765625,775.7383728027344,11.186279296875,27.47137451171875
IMG_0029.mp4,6098,203.47013680347015,29.97,1208,2,traffic_signs,0.7017033100128174,716.185791015625,627.0338134765625,769.9205322265625,728.4922485351562,743.0531616210938,677.7630310058594,53.7347412109375,101.45843505859375
IMG_0029.mp4,6098,203.47013680347015,29.97,1234,2,traffic_signs,0.8755878806114197,1617.1473388671875,772.8306884765625,1638.4376220703125,791.5344848632812,1627.79248046875,782.1825866699219,21.290283203125,18.70379638671875
IMG_0029.mp4,6098,203.47013680347015,29.97,1256,2,traffic_signs,0.7025934457778931,1517.8831787109375,760.6271362304688,1526.826416015625,782.7205200195312,1522.3547973632812,771.673828125,8.9432373046875,22.0933837890625
IMG_0029.mp4,6098,203.47013680347015,29.97,1162,2,traffic_signs,0.9178147912025452,1132.24755859375,477.05877685546875,1211.080322265625,581.971923828125,1171.6639404296875,529.5153503417969,78.832763671875,104.91314697265625
IMG_0029.mp4,6098,203.47013680347015,29.97,1266,2,traffic_signs,0.7357208132743835,506.76300048828125,694.6519775390625,540.47314453125,755.9209594726562,523.6180725097656,725.2864685058594,33.71014404296875,61.26898193359375
IMG_0029.mp4,6099,203.5035035035035,29.97,1187,2,traffic_signs,0.9317111372947693,972.1035766601562,695.8916015625,993.2689819335938,732.6473388671875,982.686279296875,714.2694702148438,21.1654052734375,36.7557373046875
IMG_0029.mp4,6099,203.5035035035035,29.97,1212,2,traffic_signs,0.8393025994300842,1280.3057861328125,761.8603515625,1291.869140625,789.7652587890625,1286.0874633789062,775.8128051757812,11.5633544921875,27.9049072265625
IMG_0029.mp4,6099,203.5035035035035,29.97,1208,2,traffic_signs,0.707072377204895,729.0977783203125,626.730712890625,783.3511352539062,729.0020141601562,756.2244567871094,677.8663635253906,54.25335693359375,102.27130126953125
IMG_0029.mp4,6099,203.5035035035035,29.97,1234,2,traffic_signs,0.8689185976982117,1638.6871337890625,772.9186401367188,1661.107421875,791.713134765625,1649.8972778320312,782.3158874511719,22.4202880859375,18.79449462890625
IMG_0029.mp4,6099,203.5035035035035,29.97,1256,2,traffic_signs,0.6877962946891785,1537.0472412109375,759.9442749023438,1547.3209228515625,781.648193359375,1542.18408203125,770.7962341308594,10.273681640625,21.70391845703125
IMG_0029.mp4,6099,203.5035035035035,29.97,1162,2,traffic_signs,0.9184885025024414,1149.9168701171875,472.26287841796875,1228.0567626953125,577.797607421875,1188.98681640625,525.0302429199219,78.139892578125,105.53472900390625
IMG_0029.mp4,6099,203.5035035035035,29.97,1266,2,traffic_signs,0.4067016839981079,521.6546020507812,694.4232177734375,554.5272827148438,754.7387084960938,538.0909423828125,724.5809631347656,32.8726806640625,60.31549072265625
IMG_0029.mp4,6100,203.53687020353686,29.97,1187,2,traffic_signs,0.9045671224594116,985.3023681640625,695.5173950195312,1006.5467529296875,732.3642578125,995.924560546875,713.9408264160156,21.244384765625,36.84686279296875
IMG_0029.mp4,6100,203.53687020353686,29.97,1212,2,traffic_signs,0.8445532321929932,1295.8226318359375,761.888916015625,1307.2003173828125,789.4080810546875,1301.511474609375,775.6484985351562,11.377685546875,27.5191650390625
IMG_0029.mp4,6100,203.53687020353686,29.97,1208,2,traffic_signs,0.746788740158081,741.9774169921875,626.2601318359375,795.2034912109375,728.5770874023438,768.5904541015625,677.4186096191406,53.22607421875,102.31695556640625
IMG_0029.mp4,6100,203.53687020353686,29.97,1234,2,traffic_signs,0.7526442408561707,1660.601806640625,771.290771484375,1684.1951904296875,791.506103515625,1672.3984985351562,781.3984375,23.5933837890625,20.21533203125
IMG_0029.mp4,6100,203.53687020353686,29.97,1256,2,traffic_signs,0.8377251625061035,1556.7823486328125,759.0159912109375,1567.722900390625,781.9402465820312,1562.2526245117188,770.4781188964844,10.9405517578125,22.92425537109375
IMG_0029.mp4,6100,203.53687020353686,29.97,1162,2,traffic_signs,0.9346001148223877,1167.4442138671875,466.6976013183594,1245.5142822265625,574.3026123046875,1206.479248046875,520.5001068115234,78.070068359375,107.60501098632812
IMG_0029.mp4,6100,203.53687020353686,29.97,1266,2,traffic_signs,0.7840438485145569,536.4713745117188,695.89697265625,568.7794799804688,756.2319946289062,552.6254272460938,726.0644836425781,32.30810546875,60.33502197265625
IMG_0029.mp4,6101,203.57023690357025,29.97,1187,2,traffic_signs,0.923683762550354,998.5177612304688,694.5945434570312,1019.9769287109375,732.5216064453125,1009.2473449707031,713.5580749511719,21.45916748046875,37.92706298828125
IMG_0029.mp4,6101,203.57023690357025,29.97,1212,2,traffic_signs,0.823176920413971,1312.5093994140625,761.7230834960938,1323.41015625,790.8004150390625,1317.9597778320312,776.2617492675781,10.9007568359375,29.07733154296875
IMG_0029.mp4,6101,203.57023690357025,29.97,1208,2,traffic_signs,0.5301918387413025,755.0288696289062,626.4375610351562,808.0068359375,728.15771484375,781.5178527832031,677.2976379394531,52.97796630859375,101.72015380859375
IMG_0029.mp4,6101,203.57023690357025,29.97,1234,2,traffic_signs,0.4822993278503418,1683.71484375,770.9019165039062,1708.022705078125,792.0210571289062,1695.8687744140625,781.4614868164062,24.307861328125,21.119140625
IMG_0029.mp4,6101,203.57023690357025,29.97,1256,2,traffic_signs,0.6816121339797974,1577.8450927734375,758.0497436523438,1590.4716796875,782.2328491210938,1584.1583862304688,770.1412963867188,12.6265869140625,24.18310546875
IMG_0029.mp4,6101,203.57023690357025,29.97,1162,2,traffic_signs,0.92645263671875,1184.47412109375,459.9927673339844,1263.6568603515625,569.3897094726562,1224.0654907226562,514.6912384033203,79.1827392578125,109.39694213867188
IMG_0029.mp4,6101,203.57023690357025,29.97,1266,2,traffic_signs,0.8174028396606445,550.485107421875,696.78369140625,583.091796875,759.0706176757812,566.7884521484375,727.9271545410156,32.606689453125,62.28692626953125
IMG_0029.mp4,6101,203.57023690357025,29.97,1229,2,traffic_signs,0.7271760106086731,1438.93017578125,781.900634765625,1450.174560546875,796.8662109375,1444.5523681640625,789.3834228515625,11.244384765625,14.965576171875
IMG_0029.mp4,6102,203.6036036036036,29.97,1187,2,traffic_signs,0.9193626046180725,1011.70263671875,693.5009765625,1033.7867431640625,732.0748291015625,1022.7446899414062,712.7879028320312,22.0841064453125,38.5738525390625
IMG_0029.mp4,6102,203.6036036036036,29.97,1212,2,traffic_signs,0.756521999835968,1327.3314208984375,762.2673950195312,1338.5029296875,798.4603881835938,1332.9171752929688,780.3638916015625,11.1715087890625,36.1929931640625
IMG_0029.mp4,6102,203.6036036036036,29.97,1208,2,traffic_signs,0.6324899196624756,767.132568359375,625.9591674804688,820.1175537109375,727.3711547851562,793.6250610351562,676.6651611328125,52.9849853515625,101.4119873046875
IMG_0029.mp4,6102,203.6036036036036,29.97,1234,2,traffic_signs,0.9124100804328918,1706.463134765625,769.9583129882812,1731.9661865234375,792.15869140625,1719.2146606445312,781.0585021972656,25.5030517578125,22.20037841796875
IMG_0029.mp4,6102,203.6036036036036,29.97,1256,2,traffic_signs,0.5611770153045654,1599.4588623046875,758.0333251953125,1611.859130859375,782.33544921875,1605.6589965820312,770.1843872070312,12.4002685546875,24.3021240234375
IMG_0029.mp4,6102,203.6036036036036,29.97,1162,2,traffic_signs,0.932636559009552,1201.8775634765625,453.6395263671875,1282.6612548828125,565.686767578125,1242.2694091796875,509.66314697265625,80.78369140625,112.0472412109375
IMG_0029.mp4,6102,203.6036036036036,29.97,1266,2,traffic_signs,0.8525979518890381,564.2374877929688,695.9044799804688,596.4781494140625,758.899658203125,580.3578186035156,727.4020690917969,32.24066162109375,62.99517822265625
IMG_0029.mp4,6102,203.6036036036036,29.97,1229,2,traffic_signs,0.6193910241127014,1456.596435546875,782.1032104492188,1468.59033203125,796.943603515625,1462.5933837890625,789.5234069824219,11.993896484375,14.84039306640625
IMG_0029.mp4,6102,203.6036036036036,29.97,1249,2,traffic_signs,0.7267556190490723,1229.3214111328125,770.0010986328125,1239.0015869140625,789.24462890625,1234.1614990234375,779.6228637695312,9.68017578125,19.2435302734375
IMG_0029.mp4,6103,203.63697030363699,29.97,1187,2,traffic_signs,0.9031729698181152,1025.1785888671875,693.5173950195312,1047.4578857421875,732.1193237304688,1036.3182373046875,712.818359375,22.279296875,38.6019287109375
IMG_0029.mp4,6103,203.63697030363699,29.97,1212,2,traffic_signs,0.8325902223587036,1343.85009765625,762.0079345703125,1354.883544921875,793.0631713867188,1349.3668212890625,777.5355529785156,11.033447265625,31.05523681640625
IMG_0029.mp4,6103,203.63697030363699,29.97,1208,2,traffic_signs,0.7924744486808777,779.8832397460938,625.497314453125,833.0924682617188,727.555419921875,806.4878540039062,676.5263671875,53.209228515625,102.05810546875
IMG_0029.mp4,6103,203.63697030363699,29.97,1234,2,traffic_signs,0.8905437588691711,1729.79736328125,769.5575561523438,1756.599609375,792.2986450195312,1743.198486328125,780.9281005859375,26.80224609375,22.7410888671875
IMG_0029.mp4,6103,203.63697030363699,29.97,1256,2,traffic_signs,0.7951719164848328,1621.265869140625,758.5476684570312,1633.38916015625,783.0906982421875,1627.3275146484375,770.8191833496094,12.123291015625,24.54302978515625
IMG_0029.mp4,6103,203.63697030363699,29.97,1162,2,traffic_signs,0.926016628742218,1219.9718017578125,447.50128173828125,1302.611572265625,560.0392456054688,1261.2916870117188,503.770263671875,82.6397705078125,112.5379638671875
IMG_0029.mp4,6103,203.63697030363699,29.97,1266,2,traffic_signs,0.8679747581481934,577.9960327148438,693.673828125,610.3978271484375,759.722900390625,594.1969299316406,726.6983642578125,32.40179443359375,66.049072265625
IMG_0029.mp4,6103,203.63697030363699,29.97,1229,2,traffic_signs,0.6247546076774597,1475.44921875,782.6932373046875,1486.723388671875,796.7913208007812,1481.0863037109375,789.7422790527344,11.274169921875,14.09808349609375
IMG_0029.mp4,6103,203.63697030363699,29.97,1249,2,traffic_signs,0.3479926586151123,1244.0380859375,769.8230590820312,1254.126708984375,790.1149291992188,1249.0823974609375,779.968994140625,10.088623046875,20.2918701171875
IMG_0029.mp4,6104,203.67033700367034,29.97,1187,2,traffic_signs,0.9040399193763733,1039.4368896484375,692.711181640625,1061.82568359375,731.5077514648438,1050.6312866210938,712.1094665527344,22.3887939453125,38.79656982421875
IMG_0029.mp4,6104,203.67033700367034,29.97,1212,2,traffic_signs,0.8250097036361694,1361.1732177734375,761.2372436523438,1371.611572265625,790.0829467773438,1366.3923950195312,775.6600952148438,10.4383544921875,28.845703125
IMG_0029.mp4,6104,203.67033700367034,29.97,1208,2,traffic_signs,0.6904190182685852,792.9153442382812,623.901123046875,845.9818725585938,726.3903198242188,819.4486083984375,675.1457214355469,53.0665283203125,102.48919677734375
IMG_0029.mp4,6104,203.67033700367034,29.97,1234,2,traffic_signs,0.8995328545570374,1754.5465087890625,768.7821044921875,1781.8087158203125,792.5364379882812,1768.1776123046875,780.6592712402344,27.26220703125,23.75433349609375
IMG_0029.mp4,6104,203.67033700367034,29.97,1162,2,traffic_signs,0.9278575778007507,1239.63427734375,440.1735534667969,1323.47119140625,554.6881713867188,1281.552734375,497.4308624267578,83.8369140625,114.51461791992188
IMG_0029.mp4,6104,203.67033700367034,29.97,1266,2,traffic_signs,0.8127689361572266,592.5985717773438,693.783935546875,625.1963500976562,761.7426147460938,608.8974609375,727.7632751464844,32.5977783203125,67.95867919921875
IMG_0029.mp4,6104,203.67033700367034,29.97,1229,2,traffic_signs,0.7252681255340576,1494.1778564453125,783.3472900390625,1506.8175048828125,797.141357421875,1500.4976806640625,790.2443237304688,12.6396484375,13.7940673828125
IMG_0029.mp4,6104,203.67033700367034,29.97,1249,2,traffic_signs,0.6346821784973145,1259.8243408203125,769.9667358398438,1269.849609375,789.4178466796875,1264.8369750976562,779.6922912597656,10.0252685546875,19.45111083984375
IMG_0029.mp4,6105,203.70370370370372,29.97,1187,2,traffic_signs,0.9070361852645874,1053.5198974609375,692.0824584960938,1075.5244140625,731.7754516601562,1064.5221557617188,711.928955078125,22.0045166015625,39.6929931640625
IMG_0029.mp4,6105,203.70370370370372,29.97,1212,2,traffic_signs,0.8102160692214966,1377.9378662109375,761.4199829101562,1388.6856689453125,789.7608642578125,1383.311767578125,775.5904235839844,10.747802734375,28.34088134765625
IMG_0029.mp4,6105,203.70370370370372,29.97,1208,2,traffic_signs,0.49907806515693665,805.369140625,623.7442016601562,858.5283813476562,726.2565307617188,831.9487609863281,675.0003662109375,53.15924072265625,102.5123291015625
IMG_0029.mp4,6105,203.70370370370372,29.97,1234,2,traffic_signs,0.9019513130187988,1780.3555908203125,768.1671142578125,1808.7366943359375,792.7808227539062,1794.546142578125,780.4739685058594,28.381103515625,24.61370849609375
IMG_0029.mp4,6105,203.70370370370372,29.97,1162,2,traffic_signs,0.9504681825637817,1258.4237060546875,432.2206726074219,1344.8585205078125,548.9506225585938,1301.64111328125,490.5856475830078,86.434814453125,116.72994995117188
IMG_0029.mp4,6105,203.70370370370372,29.97,1266,2,traffic_signs,0.7379864454269409,605.083984375,694.7095947265625,637.69091796875,761.7251586914062,621.387451171875,728.2173767089844,32.60693359375,67.01556396484375
IMG_0029.mp4,6105,203.70370370370372,29.97,1229,2,traffic_signs,0.4005114436149597,1513.5855712890625,783.6937866210938,1527.4228515625,797.6569213867188,1520.5042114257812,790.6753540039062,13.8372802734375,13.963134765625
IMG_0029.mp4,6105,203.70370370370372,29.97,1249,2,traffic_signs,0.3701727092266083,1275.801025390625,770.1444091796875,1285.5318603515625,789.7608642578125,1280.6664428710938,779.95263671875,9.7308349609375,19.616455078125
IMG_0029.mp4,6105,203.70370370370372,29.97,1256,2,traffic_signs,0.6782170534133911,1667.6837158203125,758.6762084960938,1681.1837158203125,783.87255859375,1674.4337158203125,771.2743835449219,13.5,25.19635009765625
IMG_0029.mp4,6106,203.73707040373708,29.97,1187,2,traffic_signs,0.7128205895423889,1067.351806640625,691.3883666992188,1089.1025390625,733.0343017578125,1078.2271728515625,712.2113342285156,21.750732421875,41.64593505859375
IMG_0029.mp4,6106,203.73707040373708,29.97,1212,2,traffic_signs,0.7617095112800598,1394.9658203125,760.8433837890625,1405.4251708984375,786.5634155273438,1400.1954956054688,773.7033996582031,10.4593505859375,25.72003173828125
IMG_0029.mp4,6106,203.73707040373708,29.97,1208,2,traffic_signs,0.7667558193206787,816.7976684570312,622.6425170898438,870.9567260742188,725.67578125,843.877197265625,674.1591491699219,54.1590576171875,103.03326416015625
IMG_0029.mp4,6106,203.73707040373708,29.97,1234,2,traffic_signs,0.8302163481712341,1806.2679443359375,767.5568237304688,1835.1470947265625,792.0051879882812,1820.70751953125,779.781005859375,28.879150390625,24.4483642578125
IMG_0029.mp4,6106,203.73707040373708,29.97,1162,2,traffic_signs,0.9468199610710144,1278.033203125,424.6315002441406,1366.30078125,542.6846923828125,1322.1669921875,483.65809631347656,88.267578125,118.05319213867188
IMG_0029.mp4,6106,203.73707040373708,29.97,1266,2,traffic_signs,0.5601696968078613,618.82373046875,694.7072143554688,650.6714477539062,763.3038940429688,634.7475891113281,729.0055541992188,31.84771728515625,68.5966796875
IMG_0029.mp4,6106,203.73707040373708,29.97,1229,2,traffic_signs,0.6555987596511841,1532.486083984375,783.6499633789062,1547.420654296875,798.8189697265625,1539.953369140625,791.2344665527344,14.9345703125,15.16900634765625
IMG_0029.mp4,6106,203.73707040373708,29.97,1249,2,traffic_signs,0.538700520992279,1291.163818359375,769.7283935546875,1300.97119140625,789.4854736328125,1296.0675048828125,779.60693359375,9.807373046875,19.757080078125
IMG_0029.mp4,6106,203.73707040373708,29.97,1256,2,traffic_signs,0.38067618012428284,1692.1456298828125,759.1254272460938,1705.777099609375,783.1666870117188,1698.9613647460938,771.1460571289062,13.6314697265625,24.041259765625
IMG_0029.mp4,6107,203.77043710377043,29.97,1187,2,traffic_signs,0.4777714014053345,1081.66064453125,690.3328247070312,1103.2059326171875,734.7789306640625,1092.4332885742188,712.5558776855469,21.5452880859375,44.44610595703125
IMG_0029.mp4,6107,203.77043710377043,29.97,1212,2,traffic_signs,0.7673078179359436,1412.192626953125,760.935546875,1423.089111328125,790.8477783203125,1417.640869140625,775.8916625976562,10.896484375,29.9122314453125
IMG_0029.mp4,6107,203.77043710377043,29.97,1208,2,traffic_signs,0.8483561277389526,830.9219360351562,621.6988525390625,884.805419921875,725.27978515625,857.8636779785156,673.4893188476562,53.88348388671875,103.5809326171875
IMG_0029.mp4,6107,203.77043710377043,29.97,1234,2,traffic_signs,0.8333020806312561,1834.4462890625,767.123291015625,1862.8792724609375,791.5318603515625,1848.6627807617188,779.3275756835938,28.4329833984375,24.4085693359375
IMG_0029.mp4,6107,203.77043710377043,29.97,1162,2,traffic_signs,0.9208264350891113,1298.9752197265625,416.0621337890625,1389.1361083984375,536.2460327148438,1344.0556640625,476.1540832519531,90.160888671875,120.18389892578125
IMG_0029.mp4,6107,203.77043710377043,29.97,1266,2,traffic_signs,0.8398412466049194,633.6328735351562,695.309814453125,664.6779174804688,762.9609375,649.1553955078125,729.1353759765625,31.0450439453125,67.651123046875
IMG_0029.mp4,6107,203.77043710377043,29.97,1229,2,traffic_signs,0.6165810227394104,1553.3203125,784.1255493164062,1567.3211669921875,799.0223999023438,1560.3207397460938,791.573974609375,14.0008544921875,14.8968505859375
IMG_0029.mp4,6107,203.77043710377043,29.97,1249,2,traffic_signs,0.39327406883239746,1307.113037109375,769.601806640625,1317.2498779296875,789.6282348632812,1312.1814575195312,779.6150207519531,10.1368408203125,20.02642822265625
IMG_0029.mp4,6107,203.77043710377043,29.97,1256,2,traffic_signs,0.5556737780570984,1716.908935546875,759.134765625,1731.05224609375,784.3289184570312,1723.9805908203125,771.7318420410156,14.143310546875,25.19415283203125
IMG_0029.mp4,6108,203.80380380380382,29.97,1187,2,traffic_signs,0.6440637707710266,1094.833984375,690.0326538085938,1117.377685546875,734.9501953125,1106.1058349609375,712.4914245605469,22.543701171875,44.91754150390625
IMG_0029.mp4,6108,203.80380380380382,29.97,1212,2,traffic_signs,0.7300830483436584,1428.9541015625,760.59619140625,1440.2578125,793.7877197265625,1434.60595703125,777.1919555664062,11.3037109375,33.1915283203125
IMG_0029.mp4,6108,203.80380380380382,29.97,1208,2,traffic_signs,0.7152748703956604,842.11474609375,620.5078125,896.041015625,725.1217041015625,869.077880859375,672.8147583007812,53.92626953125,104.6138916015625
IMG_0029.mp4,6108,203.80380380380382,29.97,1162,2,traffic_signs,0.9384390115737915,1319.761474609375,406.9223327636719,1412.1654052734375,529.527099609375,1365.9634399414062,468.22471618652344,92.4039306640625,122.60476684570312
IMG_0029.mp4,6108,203.80380380380382,29.97,1266,2,traffic_signs,0.8375675678253174,645.8055419921875,696.3812866210938,676.8983764648438,763.8746337890625,661.3519592285156,730.1279602050781,31.09283447265625,67.49334716796875
IMG_0029.mp4,6108,203.80380380380382,29.97,1249,2,traffic_signs,0.3531450629234314,1323.07421875,769.7158813476562,1333.55712890625,790.2952880859375,1328.315673828125,780.0055847167969,10.48291015625,20.57940673828125
IMG_0029.mp4,6109,203.83717050383717,29.97,1187,2,traffic_signs,0.7086957693099976,1109.27587890625,689.159912109375,1132.3441162109375,736.6435546875,1120.8099975585938,712.9017333984375,23.0682373046875,47.483642578125
IMG_0029.mp4,6109,203.83717050383717,29.97,1212,2,traffic_signs,0.6317170262336731,1446.438232421875,759.952392578125,1457.6512451171875,799.550048828125,1452.0447387695312,779.751220703125,11.2130126953125,39.59765625
IMG_0029.mp4,6109,203.83717050383717,29.97,1208,2,traffic_signs,0.8415889143943787,855.3681030273438,620.138916015625,909.340087890625,725.0446166992188,882.3540954589844,672.5917663574219,53.97198486328125,104.90570068359375
IMG_0029.mp4,6109,203.83717050383717,29.97,1162,2,traffic_signs,0.9485581517219543,1341.3399658203125,398.5493469238281,1435.8604736328125,522.5338134765625,1388.6002197265625,460.5415802001953,94.5205078125,123.98446655273438
IMG_0029.mp4,6109,203.83717050383717,29.97,1266,2,traffic_signs,0.8454775214195251,659.9661254882812,698.44970703125,690.6676025390625,763.454345703125,675.3168640136719,730.9520263671875,30.70147705078125,65.004638671875
IMG_0029.mp4,6109,203.83717050383717,29.97,1249,2,traffic_signs,0.5039016604423523,1338.87890625,769.4791870117188,1349.361328125,789.67578125,1344.1201171875,779.5774841308594,10.482421875,20.19659423828125
IMG_0029.mp4,6110,203.87053720387055,29.97,1187,2,traffic_signs,0.5336969494819641,1123.091064453125,688.6509399414062,1146.543701171875,736.35107421875,1134.8173828125,712.5010070800781,23.45263671875,47.70013427734375
IMG_0029.mp4,6110,203.87053720387055,29.97,1212,2,traffic_signs,0.8036710023880005,1464.1190185546875,760.856201171875,1476.2935791015625,801.41552734375,1470.206298828125,781.1358642578125,12.174560546875,40.559326171875
IMG_0029.mp4,6110,203.87053720387055,29.97,1208,2,traffic_signs,0.8526970148086548,866.6834716796875,619.2811279296875,921.3228149414062,725.5428466796875,894.0031433105469,672.4119873046875,54.63934326171875,106.26171875
IMG_0029.mp4,6110,203.87053720387055,29.97,1162,2,traffic_signs,0.9319400787353516,1363.8123779296875,388.3808898925781,1461.14990234375,514.9027099609375,1412.4811401367188,451.6417999267578,97.3375244140625,126.52182006835938
IMG_0029.mp4,6110,203.87053720387055,29.97,1266,2,traffic_signs,0.8636327385902405,671.8734130859375,696.856689453125,702.5563354492188,764.1240234375,687.2148742675781,730.4903564453125,30.68292236328125,67.267333984375
IMG_0029.mp4,6110,203.87053720387055,29.97,1249,2,traffic_signs,0.7766373157501221,1355.14990234375,769.657958984375,1366.451171875,790.8051147460938,1360.800537109375,780.2315368652344,11.30126953125,21.14715576171875
IMG_0029.mp4,6111,203.9039039039039,29.97,1187,2,traffic_signs,0.7566765546798706,1137.278076171875,687.961181640625,1161.5107421875,736.7030029296875,1149.3944091796875,712.3320922851562,24.232666015625,48.7418212890625
IMG_0029.mp4,6111,203.9039039039039,29.97,1212,2,traffic_signs,0.6024684309959412,1482.5347900390625,760.0809936523438,1494.9539794921875,801.5399169921875,1488.744384765625,780.8104553222656,12.419189453125,41.45892333984375
IMG_0029.mp4,6111,203.9039039039039,29.97,1208,2,traffic_signs,0.8799634575843811,880.18798828125,618.8757934570312,934.1205444335938,725.2689208984375,907.1542663574219,672.0723571777344,53.93255615234375,106.39312744140625
IMG_0029.mp4,6111,203.9039039039039,29.97,1162,2,traffic_signs,0.9272934198379517,1386.8575439453125,377.7767028808594,1484.4005126953125,507.57318115234375,1435.6290283203125,442.67494201660156,97.54296875,129.79647827148438
IMG_0029.mp4,6111,203.9039039039039,29.97,1266,2,traffic_signs,0.8409801721572876,684.837646484375,697.5735473632812,715.4965209960938,763.0521240234375,700.1670837402344,730.3128356933594,30.65887451171875,65.47857666015625
IMG_0029.mp4,6111,203.9039039039039,29.97,1249,2,traffic_signs,0.7767104506492615,1372.183349609375,769.4210815429688,1383.6973876953125,790.3587036132812,1377.9403686523438,779.889892578125,11.5140380859375,20.9376220703125
IMG_0029.mp4,6112,203.93727060393726,29.97,1187,2,traffic_signs,0.8413455486297607,1151.4295654296875,686.46240234375,1175.4097900390625,733.98046875,1163.419677734375,710.221435546875,23.980224609375,47.51806640625
IMG_0029.mp4,6112,203.93727060393726,29.97,1208,2,traffic_signs,0.6879866719245911,892.3403930664062,617.3666381835938,945.934326171875,724.3196411132812,919.1373596191406,670.8431396484375,53.59393310546875,106.9530029296875
IMG_0029.mp4,6112,203.93727060393726,29.97,1266,2,traffic_signs,0.8329257965087891,696.5111694335938,699.9351196289062,727.46533203125,762.186279296875,711.9882507324219,731.0606994628906,30.95416259765625,62.25115966796875
IMG_0029.mp4,6112,203.93727060393726,29.97,1249,2,traffic_signs,0.7821851372718811,1388.404052734375,769.090576171875,1401.2080078125,789.9080200195312,1394.8060302734375,779.4992980957031,12.803955078125,20.81744384765625
IMG_0029.mp4,6113,203.97063730397065,29.97,1187,2,traffic_signs,0.8406550288200378,1166.421630859375,685.2346801757812,1190.977294921875,728.9760131835938,1178.699462890625,707.1053466796875,24.5556640625,43.7413330078125
IMG_0029.mp4,6113,203.97063730397065,29.97,1208,2,traffic_signs,0.6636682748794556,905.40576171875,616.698486328125,959.0338745117188,723.3287963867188,932.2198181152344,670.0136413574219,53.62811279296875,106.63031005859375
IMG_0029.mp4,6113,203.97063730397065,29.97,1266,2,traffic_signs,0.8706974983215332,709.5966186523438,700.1079711914062,740.6676025390625,761.4059448242188,725.1321105957031,730.7569580078125,31.07098388671875,61.2979736328125
IMG_0029.mp4,6113,203.97063730397065,29.97,1249,2,traffic_signs,0.8024023175239563,1404.813720703125,769.236572265625,1418.228515625,790.2999877929688,1411.5211181640625,779.7682800292969,13.414794921875,21.06341552734375
IMG_0029.mp4,6114,204.004004004004,29.97,1187,2,traffic_signs,0.884758710861206,1181.6885986328125,683.9764404296875,1206.434326171875,726.5481567382812,1194.0614624023438,705.2622985839844,24.7457275390625,42.57171630859375
IMG_0029.mp4,6114,204.004004004004,29.97,1208,2,traffic_signs,0.6231650710105896,918.734375,615.17333984375,972.8692016601562,722.753662109375,945.8017883300781,668.9635009765625,54.13482666015625,107.580322265625
IMG_0029.mp4,6114,204.004004004004,29.97,1266,2,traffic_signs,0.8642151355743408,722.9877319335938,699.17529296875,753.7705688476562,760.0956420898438,738.379150390625,729.6354675292969,30.7828369140625,60.92034912109375
IMG_0029.mp4,6114,204.004004004004,29.97,1249,2,traffic_signs,0.7943134903907776,1422.23291015625,768.8583984375,1436.4034423828125,790.1611328125,1429.3181762695312,779.509765625,14.1705322265625,21.302734375
IMG_0029.mp4,6115,204.0373707040374,29.97,1187,2,traffic_signs,0.911971926689148,1196.2681884765625,683.2734375,1220.5234375,725.1710815429688,1208.3958129882812,704.2222595214844,24.2552490234375,41.89764404296875
IMG_0029.mp4,6115,204.0373707040374,29.97,1208,2,traffic_signs,0.6017032861709595,931.5845947265625,614.3148803710938,986.1290283203125,722.2716064453125,958.8568115234375,668.2932434082031,54.54443359375,107.95672607421875
IMG_0029.mp4,6115,204.0373707040374,29.97,1266,2,traffic_signs,0.7836594581604004,737.3177490234375,699.8818969726562,767.3096313476562,758.7823486328125,752.3136901855469,729.3321228027344,29.99188232421875,58.90045166015625
IMG_0029.mp4,6115,204.0373707040374,29.97,1249,2,traffic_signs,0.8165249824523926,1437.862548828125,768.6482543945312,1452.7255859375,789.5951538085938,1445.2940673828125,779.1217041015625,14.863037109375,20.9468994140625
IMG_0029.mp4,6116,204.07073740407074,29.97,1187,2,traffic_signs,0.68990558385849,1211.153564453125,681.6107177734375,1235.238525390625,724.5911254882812,1223.196044921875,703.1009216308594,24.0849609375,42.98040771484375
IMG_0029.mp4,6116,204.07073740407074,29.97,1208,2,traffic_signs,0.4359275698661804,945.1886596679688,613.234375,999.8358764648438,721.9081420898438,972.5122680664062,667.5712585449219,54.647216796875,108.67376708984375
IMG_0029.mp4,6116,204.07073740407074,29.97,1266,2,traffic_signs,0.7915612459182739,750.1065063476562,700.4459838867188,780.3147583007812,759.1156616210938,765.2106323242188,729.7808227539062,30.208251953125,58.669677734375
IMG_0029.mp4,6116,204.07073740407074,29.97,1249,2,traffic_signs,0.8037373423576355,1454.4593505859375,768.0949096679688,1470.1927490234375,789.0972900390625,1462.3260498046875,778.5960998535156,15.7333984375,21.00238037109375
IMG_0029.mp4,6117,204.10410410410412,29.97,1187,2,traffic_signs,0.8565557599067688,1226.4866943359375,680.126220703125,1251.199951171875,723.532958984375,1238.8433227539062,701.82958984375,24.7132568359375,43.40673828125
IMG_0029.mp4,6117,204.10410410410412,29.97,1208,2,traffic_signs,0.5149828195571899,957.6676635742188,611.5020141601562,1012.6732788085938,721.3380126953125,985.1704711914062,666.4200134277344,55.005615234375,109.83599853515625
IMG_0029.mp4,6117,204.10410410410412,29.97,1266,2,traffic_signs,0.8377003073692322,763.2080078125,699.0570678710938,793.064697265625,759.0596313476562,778.1363525390625,729.058349609375,29.856689453125,60.0025634765625
IMG_0029.mp4,6117,204.10410410410412,29.97,1249,2,traffic_signs,0.8309066891670227,1471.8037109375,767.821533203125,1488.2088623046875,789.0724487304688,1480.0062866210938,778.4469909667969,16.4051513671875,21.25091552734375
IMG_0029.mp4,6118,204.13747080413748,29.97,1187,2,traffic_signs,0.9007372260093689,1242.095703125,679.618408203125,1266.75390625,722.4632568359375,1254.4248046875,701.0408325195312,24.658203125,42.8448486328125
IMG_0029.mp4,6118,204.13747080413748,29.97,1208,2,traffic_signs,0.7211066484451294,971.1043090820312,609.8410034179688,1025.995361328125,720.2129516601562,998.5498352050781,665.0269775390625,54.89105224609375,110.3719482421875
IMG_0029.mp4,6118,204.13747080413748,29.97,1266,2,traffic_signs,0.7145078778266907,774.5401611328125,699.2017211914062,804.85302734375,760.5704345703125,789.6965942382812,729.8860778808594,30.3128662109375,61.36871337890625
IMG_0029.mp4,6118,204.13747080413748,29.97,1249,2,traffic_signs,0.7832852005958557,1490.052001953125,767.39599609375,1507.5797119140625,788.9525146484375,1498.8158569335938,778.1742553710938,17.5277099609375,21.5565185546875
IMG_0029.mp4,6118,204.13747080413748,29.97,1293,2,traffic_signs,0.8729844689369202,1619.37841796875,755.1573486328125,1633.5699462890625,801.408203125,1626.4741821289062,778.2827758789062,14.1915283203125,46.2508544921875
IMG_0029.mp4,6119,204.17083750417083,29.97,1187,2,traffic_signs,0.9143915772438049,1257.1646728515625,677.9500122070312,1281.711669921875,721.9432373046875,1269.4381713867188,699.9466247558594,24.5469970703125,43.99322509765625
IMG_0029.mp4,6119,204.17083750417083,29.97,1208,2,traffic_signs,0.4485281705856323,983.2657470703125,607.9877319335938,1038.5252685546875,719.4180297851562,1010.8955078125,663.702880859375,55.259521484375,111.4302978515625
IMG_0029.mp4,6119,204.17083750417083,29.97,1266,2,traffic_signs,0.506200909614563,788.0609130859375,701.6488647460938,817.2565307617188,758.8677368164062,802.6587219238281,730.25830078125,29.19561767578125,57.2188720703125
IMG_0029.mp4,6119,204.17083750417083,29.97,1249,2,traffic_signs,0.8539811372756958,1507.969482421875,767.056884765625,1525.2777099609375,788.3783569335938,1516.6235961914062,777.7176208496094,17.3082275390625,21.32147216796875
IMG_0029.mp4,6119,204.17083750417083,29.97,1293,2,traffic_signs,0.8587961792945862,1638.14208984375,753.9963989257812,1653.612548828125,801.3735961914062,1645.8773193359375,777.6849975585938,15.470458984375,47.377197265625
IMG_0029.mp4,6120,204.20420420420422,29.97,1187,2,traffic_signs,0.856726884841919,1272.9295654296875,676.1074829101562,1298.7772216796875,721.28955078125,1285.8533935546875,698.6985168457031,25.84765625,45.18206787109375
IMG_0029.mp4,6120,204.20420420420422,29.97,1208,2,traffic_signs,0.6882585287094116,996.7623901367188,605.4276733398438,1052.0035400390625,718.1450805664062,1024.3829650878906,661.786376953125,55.24114990234375,112.7174072265625
IMG_0029.mp4,6120,204.20420420420422,29.97,1266,2,traffic_signs,0.6886017918586731,799.1707763671875,703.5214233398438,828.57861328125,758.4804077148438,813.8746948242188,731.0009155273438,29.4078369140625,54.958984375
IMG_0029.mp4,6120,204.20420420420422,29.97,1249,2,traffic_signs,0.8628561496734619,1527.1517333984375,766.4351806640625,1545.894287109375,788.6513671875,1536.5230102539062,777.5432739257812,18.7425537109375,22.2161865234375
IMG_0029.mp4,6120,204.20420420420422,29.97,1293,2,traffic_signs,0.849233865737915,1660.3143310546875,753.634521484375,1675.3699951171875,801.5840454101562,1667.8421630859375,777.6092834472656,15.0556640625,47.94952392578125
IMG_0029.mp4,6121,204.23757090423757,29.97,1187,2,traffic_signs,0.9027007222175598,1289.1571044921875,674.1965942382812,1314.7412109375,719.5185546875,1301.9491577148438,696.8575744628906,25.5841064453125,45.32196044921875
IMG_0029.mp4,6121,204.23757090423757,29.97,1266,2,traffic_signs,0.8284406661987305,811.25,699.259033203125,840.921142578125,762.5908813476562,826.0855712890625,730.9249572753906,29.671142578125,63.33184814453125
IMG_0029.mp4,6121,204.23757090423757,29.97,1249,2,traffic_signs,0.8609890937805176,1546.324462890625,765.3707885742188,1565.4322509765625,787.8699951171875,1555.8783569335938,776.6203918457031,19.1077880859375,22.49920654296875
IMG_0029.mp4,6121,204.23757090423757,29.97,1293,2,traffic_signs,0.5957047939300537,1681.9658203125,753.2184448242188,1697.4246826171875,804.594970703125,1689.6952514648438,778.9067077636719,15.4588623046875,51.37652587890625
IMG_0029.mp4,6122,204.27093760427096,29.97,1187,2,traffic_signs,0.5881727337837219,1304.18994140625,671.942138671875,1330.26513671875,718.5672607421875,1317.2275390625,695.2546997070312,26.0751953125,46.6251220703125
IMG_0029.mp4,6122,204.27093760427096,29.97,1266,2,traffic_signs,0.7084470391273499,822.8603515625,698.3036499023438,853.1541137695312,760.7689819335938,838.0072326660156,729.5363159179688,30.29376220703125,62.46533203125
IMG_0029.mp4,6122,204.27093760427096,29.97,1249,2,traffic_signs,0.8279669284820557,1565.2769775390625,764.5707397460938,1585.0372314453125,786.81201171875,1575.1571044921875,775.6913757324219,19.76025390625,22.24127197265625
IMG_0029.mp4,6122,204.27093760427096,29.97,1293,2,traffic_signs,0.37153947353363037,1702.696533203125,752.760986328125,1717.734130859375,802.1398315429688,1710.21533203125,777.4504089355469,15.03759765625,49.37884521484375
IMG_0029.mp4,6122,204.27093760427096,29.97,1208,2,traffic_signs,0.7322458624839783,1022.2264404296875,601.76171875,1078.7364501953125,716.0432739257812,1050.4814453125,658.9024963378906,56.510009765625,114.28155517578125
IMG_0029.mp4,6123,204.3043043043043,29.97,1187,2,traffic_signs,0.646388053894043,1319.918701171875,669.5437622070312,1346.7236328125,718.5870361328125,1333.3211669921875,694.0653991699219,26.804931640625,49.04327392578125
IMG_0029.mp4,6123,204.3043043043043,29.97,1266,2,traffic_signs,0.7590973973274231,835.156494140625,697.8692626953125,865.043212890625,758.7769165039062,850.099853515625,728.3230895996094,29.88671875,60.90765380859375
IMG_0029.mp4,6123,204.3043043043043,29.97,1249,2,traffic_signs,0.7062626481056213,1582.3643798828125,763.9133911132812,1603.36376953125,786.2733764648438,1592.8640747070312,775.0933837890625,20.9993896484375,22.3599853515625
IMG_0029.mp4,6123,204.3043043043043,29.97,1293,2,traffic_signs,0.8768602609634399,1723.6304931640625,752.1227416992188,1738.9124755859375,801.0254516601562,1731.271484375,776.5740966796875,15.281982421875,48.9027099609375
IMG_0029.mp4,6123,204.3043043043043,29.97,1208,2,traffic_signs,0.32449832558631897,1035.617919921875,599.0096435546875,1092.08642578125,715.3749389648438,1063.8521728515625,657.1922912597656,56.468505859375,116.36529541015625
IMG_0029.mp4,6124,204.33767100433766,29.97,1187,2,traffic_signs,0.8510149717330933,1335.9603271484375,668.4190063476562,1363.61083984375,715.91259765625,1349.7855834960938,692.1658020019531,27.6505126953125,47.49359130859375
IMG_0029.mp4,6124,204.33767100433766,29.97,1266,2,traffic_signs,0.7797561287879944,846.6793212890625,698.1953735351562,876.6590576171875,760.9867553710938,861.669189453125,729.591064453125,29.979736328125,62.7913818359375
IMG_0029.mp4,6124,204.33767100433766,29.97,1249,2,traffic_signs,0.8773236274719238,1602.6119384765625,763.1837158203125,1623.755126953125,785.3961791992188,1613.1835327148438,774.2899475097656,21.1431884765625,22.21246337890625
IMG_0029.mp4,6124,204.33767100433766,29.97,1293,2,traffic_signs,0.7313209772109985,1747.035888671875,751.08203125,1762.0301513671875,800.333740234375,1754.5330200195312,775.7078857421875,14.9942626953125,49.251708984375
IMG_0029.mp4,6124,204.33767100433766,29.97,1208,2,traffic_signs,0.37315288186073303,1048.87939453125,597.4451293945312,1105.2047119140625,714.359375,1077.0420532226562,655.9022521972656,56.3253173828125,116.91424560546875
IMG_0029.mp4,6125,204.37103770437105,29.97,1187,2,traffic_signs,0.6147215962409973,1352.048095703125,666.5005493164062,1380.5657958984375,713.3490600585938,1366.3069458007812,689.9248046875,28.5177001953125,46.8485107421875
IMG_0029.mp4,6125,204.37103770437105,29.97,1266,2,traffic_signs,0.8356989622116089,858.2769165039062,695.0166625976562,888.2823486328125,760.9696044921875,873.2796325683594,727.9931335449219,30.00543212890625,65.95294189453125
IMG_0029.mp4,6125,204.37103770437105,29.97,1249,2,traffic_signs,0.8827710747718811,1622.211181640625,761.638916015625,1645.40283203125,784.9986572265625,1633.8070068359375,773.3187866210938,23.191650390625,23.3597412109375
IMG_0029.mp4,6126,204.4044044044044,29.97,1187,2,traffic_signs,0.714595377445221,1369.2249755859375,664.0277709960938,1398.6761474609375,713.1066284179688,1383.9505615234375,688.5671997070312,29.451171875,49.078857421875
IMG_0029.mp4,6126,204.4044044044044,29.97,1266,2,traffic_signs,0.7737971544265747,869.291259765625,694.3624877929688,899.5703735351562,762.150146484375,884.4308166503906,728.2563171386719,30.27911376953125,67.78765869140625
IMG_0029.mp4,6126,204.4044044044044,29.97,1249,2,traffic_signs,0.7510710954666138,1645.4073486328125,761.6453857421875,1666.9732666015625,784.2590942382812,1656.1903076171875,772.9522399902344,21.56591796875,22.61370849609375
IMG_0029.mp4,6126,204.4044044044044,29.97,1208,2,traffic_signs,0.6443396210670471,1074.814453125,592.0657958984375,1132.9237060546875,711.7852172851562,1103.8690795898438,651.9255065917969,58.1092529296875,119.71942138671875
IMG_0029.mp4,6127,204.4377711044378,29.97,1187,2,traffic_signs,0.8576768636703491,1386.3798828125,661.347900390625,1416.790283203125,710.4426879882812,1401.5850830078125,685.8952941894531,30.410400390625,49.09478759765625
IMG_0029.mp4,6127,204.4377711044378,29.97,1266,2,traffic_signs,0.8095130920410156,880.0963745117188,692.646728515625,910.9382934570312,762.850341796875,895.517333984375,727.74853515625,30.8419189453125,70.20361328125
IMG_0029.mp4,6127,204.4377711044378,29.97,1249,2,traffic_signs,0.8351576328277588,1668.5662841796875,760.8034057617188,1689.2001953125,783.7975463867188,1678.8832397460938,772.3004760742188,20.6339111328125,22.994140625
IMG_0029.mp4,6127,204.4377711044378,29.97,1208,2,traffic_signs,0.476092129945755,1088.3017578125,589.8368530273438,1147.2901611328125,710.3431396484375,1117.7959594726562,650.0899963378906,58.9884033203125,120.50628662109375
IMG_0029.mp4,6128,204.47113780447114,29.97,1187,2,traffic_signs,0.3375483751296997,1402.7108154296875,658.5050659179688,1434.0855712890625,707.9489135742188,1418.398193359375,683.2269897460938,31.374755859375,49.44384765625
IMG_0029.mp4,6128,204.47113780447114,29.97,1266,2,traffic_signs,0.8379227519035339,891.28369140625,692.6195068359375,922.11328125,762.7042846679688,906.698486328125,727.6618957519531,30.82958984375,70.08477783203125
IMG_0029.mp4,6128,204.47113780447114,29.97,1249,2,traffic_signs,0.845417857170105,1691.5294189453125,760.0076293945312,1709.866455078125,783.52392578125,1700.6979370117188,771.7657775878906,18.3370361328125,23.51629638671875
IMG_0029.mp4,6128,204.47113780447114,29.97,1208,2,traffic_signs,0.32662665843963623,1100.833740234375,587.2269897460938,1160.54345703125,708.8663940429688,1130.6885986328125,648.0466918945312,59.709716796875,121.639404296875
IMG_0029.mp4,6128,204.47113780447114,29.97,1293,2,traffic_signs,0.6105999946594238,1842.4525146484375,746.0733032226562,1859.0146484375,772.1195068359375,1850.7335815429688,759.0964050292969,16.5621337890625,26.04620361328125
IMG_0029.mp4,6129,204.50450450450452,29.97,1266,2,traffic_signs,0.8668030500411987,902.0888671875,691.4065551757812,933.3362426757812,764.0226440429688,917.7125549316406,727.714599609375,31.24737548828125,72.6160888671875
IMG_0029.mp4,6129,204.50450450450452,29.97,1208,2,traffic_signs,0.5117600560188293,1114.3311767578125,584.6613159179688,1174.509765625,706.965576171875,1144.4204711914062,645.8134460449219,60.1785888671875,122.30426025390625
IMG_0029.mp4,6129,204.50450450450452,29.97,1294,2,traffic_signs,0.4842268228530884,434.4194030761719,696.7765502929688,525.5852661132812,951.6375122070312,480.00233459472656,824.20703125,91.16586303710938,254.8609619140625
IMG_0029.mp4,6129,204.50450450450452,29.97,1293,2,traffic_signs,0.5719926357269287,1867.5213623046875,745.3060302734375,1884.2139892578125,767.9443359375,1875.86767578125,756.6251831054688,16.692626953125,22.6383056640625
IMG_0029.mp4,6130,204.53787120453788,29.97,1266,2,traffic_signs,0.8440523147583008,913.611083984375,689.9865112304688,945.1298828125,764.8701782226562,929.3704833984375,727.4283447265625,31.518798828125,74.8836669921875
IMG_0029.mp4,6130,204.53787120453788,29.97,1208,2,traffic_signs,0.3462642729282379,1127.278076171875,582.584716796875,1188.4129638671875,705.771240234375,1157.8455200195312,644.177978515625,61.1348876953125,123.1865234375
IMG_0029.mp4,6130,204.53787120453788,29.97,1294,2,traffic_signs,0.5060752034187317,443.932861328125,696.6640625,537.2466430664062,951.0399780273438,490.5897521972656,823.8520202636719,93.31378173828125,254.37591552734375
IMG_0029.mp4,6130,204.53787120453788,29.97,1293,2,traffic_signs,0.7048280239105225,1891.6187744140625,744.738037109375,1908.262939453125,765.8281860351562,1899.9408569335938,755.2831115722656,16.6441650390625,21.09014892578125
IMG_0029.mp4,6130,204.53787120453788,29.97,1187,2,traffic_signs,0.44935137033462524,1435.6690673828125,654.4827270507812,1469.578125,705.8565673828125,1452.6235961914062,680.1696472167969,33.9090576171875,51.37384033203125
IMG_0029.mp4,6131,204.57123790457123,29.97,1266,2,traffic_signs,0.8229631185531616,924.6676635742188,690.1107177734375,955.9598388671875,765.1098022460938,940.3137512207031,727.6102600097656,31.29217529296875,74.99908447265625
IMG_0029.mp4,6131,204.57123790457123,29.97,1208,2,traffic_signs,0.6550999283790588,1140.814697265625,579.0877075195312,1201.705078125,704.5244140625,1171.2598876953125,641.8060607910156,60.890380859375,125.43670654296875
IMG_0029.mp4,6131,204.57123790457123,29.97,1187,2,traffic_signs,0.4389331638813019,1452.64013671875,652.6674194335938,1486.5142822265625,703.2816162109375,1469.5772094726562,677.9745178222656,33.8741455078125,50.61419677734375
IMG_0029.mp4,6132,204.60460460460462,29.97,1266,2,traffic_signs,0.8512911796569824,935.65673828125,689.6116943359375,967.2556762695312,764.937255859375,951.4562072753906,727.2744750976562,31.59893798828125,75.3255615234375
IMG_0029.mp4,6132,204.60460460460462,29.97,1208,2,traffic_signs,0.35220786929130554,1153.1734619140625,575.5469360351562,1215.8165283203125,701.6572265625,1184.4949951171875,638.6020812988281,62.64306640625,126.11029052734375
IMG_0029.mp4,6132,204.60460460460462,29.97,1187,2,traffic_signs,0.46832799911499023,1469.0128173828125,649.66259765625,1504.923095703125,702.9239501953125,1486.9679565429688,676.2932739257812,35.9102783203125,53.2613525390625
IMG_0029.mp4,6133,204.63797130463797,29.97,1266,2,traffic_signs,0.8774919509887695,946.6704711914062,690.313232421875,977.8101806640625,763.4065551757812,962.2403259277344,726.8598937988281,31.13970947265625,73.09332275390625
IMG_0029.mp4,6133,204.63797130463797,29.97,1208,2,traffic_signs,0.4691005349159241,1166.59619140625,572.4365844726562,1229.3492431640625,700.6966552734375,1197.9727172851562,636.5666198730469,62.7530517578125,128.26007080078125
IMG_0029.mp4,6133,204.63797130463797,29.97,1294,2,traffic_signs,0.7725430727005005,476.22833251953125,693.9854736328125,562.4503173828125,958.900146484375,519.3393249511719,826.4428100585938,86.22198486328125,264.9146728515625
IMG_0029.mp4,6134,204.67133800467136,29.97,1266,2,traffic_signs,0.8763783574104309,957.4998168945312,688.5364379882812,987.8036499023438,762.924072265625,972.6517333984375,725.7302551269531,30.3038330078125,74.38763427734375
IMG_0029.mp4,6134,204.67133800467136,29.97,1208,2,traffic_signs,0.3391815721988678,1180.223388671875,570.3526611328125,1242.709716796875,698.9088134765625,1211.466552734375,634.6307373046875,62.486328125,128.55615234375
IMG_0029.mp4,6134,204.67133800467136,29.97,1294,2,traffic_signs,0.7865536212921143,486.349609375,693.8484497070312,567.7679443359375,962.3404541015625,527.0587768554688,828.0944519042969,81.4183349609375,268.49200439453125
IMG_0029.mp4,6135,204.7047047047047,29.97,1266,2,traffic_signs,0.8157727122306824,967.4550170898438,687.5564575195312,997.8856201171875,760.9669189453125,982.6703186035156,724.2616882324219,30.43060302734375,73.41046142578125
IMG_0029.mp4,6135,204.7047047047047,29.97,1208,2,traffic_signs,0.7482209801673889,1193.4073486328125,565.78125,1256.543212890625,697.3648071289062,1224.9752807617188,631.5730285644531,63.1358642578125,131.58355712890625
IMG_0029.mp4,6135,204.7047047047047,29.97,1294,2,traffic_signs,0.8047337532043457,494.36138916015625,694.3246459960938,572.6908569335938,965.124267578125,533.526123046875,829.7244567871094,78.3294677734375,270.79962158203125
IMG_0029.mp4,6135,204.7047047047047,29.97,1297,2,traffic_signs,0.8337564468383789,1833.7105712890625,750.6866455078125,1862.3756103515625,777.2818603515625,1848.0430908203125,763.9842529296875,28.6650390625,26.59521484375
IMG_0029.mp4,6136,204.73807140473806,29.97,1266,2,traffic_signs,0.892571210861206,977.0255737304688,685.78125,1008.1900634765625,760.7640991210938,992.6078186035156,723.2726745605469,31.16448974609375,74.98284912109375
IMG_0029.mp4,6136,204.73807140473806,29.97,1294,2,traffic_signs,0.7746134996414185,502.9203186035156,692.2587280273438,581.4342041015625,963.2733154296875,542.1772613525391,827.7660217285156,78.51388549804688,271.01458740234375
IMG_0029.mp4,6136,204.73807140473806,29.97,1297,2,traffic_signs,0.7655468583106995,1855.8819580078125,749.084228515625,1885.9837646484375,776.3934936523438,1870.932861328125,762.7388610839844,30.101806640625,27.30926513671875
IMG_0029.mp4,6137,204.77143810477145,29.97,1266,2,traffic_signs,0.8686423897743225,986.527587890625,684.9232788085938,1018.4678344726562,759.0628662109375,1002.4977111816406,721.9930725097656,31.94024658203125,74.13958740234375
IMG_0029.mp4,6137,204.77143810477145,29.97,1294,2,traffic_signs,0.38829755783081055,511.01031494140625,689.8855590820312,593.635009765625,965.13427734375,552.3226623535156,827.5099182128906,82.62469482421875,275.24871826171875
IMG_0029.mp4,6137,204.77143810477145,29.97,1297,2,traffic_signs,0.8059387803077698,1879.5465087890625,747.4324951171875,1910.22802734375,774.67578125,1894.8872680664062,761.0541381835938,30.6815185546875,27.2432861328125
IMG_0029.mp4,6137,204.77143810477145,29.97,1208,2,traffic_signs,0.5039896965026855,1219.907958984375,606.0227661132812,1287.37744140625,690.8140258789062,1253.6427001953125,648.4183959960938,67.469482421875,84.791259765625
IMG_0029.mp4,6138,204.8048048048048,29.97,1266,2,traffic_signs,0.8883417844772339,997.0513916015625,684.7982788085938,1029.3636474609375,759.1047973632812,1013.20751953125,721.9515380859375,32.312255859375,74.3065185546875
IMG_0029.mp4,6138,204.8048048048048,29.97,1294,2,traffic_signs,0.4210667908191681,520.9835205078125,688.8827514648438,606.07275390625,958.3031616210938,563.5281372070312,823.5929565429688,85.0892333984375,269.42041015625
IMG_0029.mp4,6138,204.8048048048048,29.97,1297,2,traffic_signs,0.5311737656593323,1902.267822265625,745.1140747070312,1920.0,772.6575927734375,1911.1339111328125,758.8858337402344,17.732177734375,27.54351806640625
IMG_0029.mp4,6138,204.8048048048048,29.97,1208,2,traffic_signs,0.3519909679889679,1233.0948486328125,564.2658081054688,1301.0137939453125,689.33203125,1267.0543212890625,626.7989196777344,67.9189453125,125.06622314453125
IMG_0029.mp4,6139,204.8381715048382,29.97,1266,2,traffic_signs,0.8485462665557861,1007.5791625976562,684.4319458007812,1039.59033203125,758.3231201171875,1023.5847473144531,721.3775329589844,32.01116943359375,73.89117431640625
IMG_0029.mp4,6139,204.8381715048382,29.97,1294,2,traffic_signs,0.7114559412002563,529.723876953125,686.434814453125,614.2481689453125,960.4944458007812,571.9860229492188,823.4646301269531,84.5242919921875,274.05963134765625
IMG_0029.mp4,6140,204.87153820487154,29.97,1266,2,traffic_signs,0.8710347414016724,1017.2230834960938,683.58447265625,1049.5338134765625,758.6649780273438,1033.3784484863281,721.1247253417969,32.31072998046875,75.08050537109375
IMG_0029.mp4,6140,204.87153820487154,29.97,1294,2,traffic_signs,0.8284956812858582,537.7365112304688,685.1325073242188,618.1036376953125,963.0117797851562,577.9200744628906,824.0721435546875,80.36712646484375,277.8792724609375
IMG_0029.mp4,6141,204.90490490490492,29.97,1266,2,traffic_signs,0.31016820669174194,1026.2711181640625,679.339599609375,1058.8702392578125,756.6724243164062,1042.5706787109375,718.0060119628906,32.59912109375,77.33282470703125
IMG_0029.mp4,6141,204.90490490490492,29.97,1294,2,traffic_signs,0.4231991469860077,542.8662719726562,684.2218627929688,622.1151123046875,967.2205810546875,582.4906921386719,825.7212219238281,79.24884033203125,282.99871826171875
IMG_0029.mp4,6141,204.90490490490492,29.97,1300,2,traffic_signs,0.42008084058761597,1273.0491943359375,542.38623046875,1338.165283203125,607.6104125976562,1305.6072387695312,574.9983215332031,65.1160888671875,65.22418212890625
IMG_0029.mp4,6142,204.93827160493828,29.97,1266,2,traffic_signs,0.6292191743850708,1036.2147216796875,678.5050048828125,1068.694091796875,753.7085571289062,1052.4544067382812,716.1067810058594,32.4793701171875,75.20355224609375
IMG_0029.mp4,6142,204.93827160493828,29.97,1294,2,traffic_signs,0.5275869965553284,550.8515014648438,682.8356323242188,634.0152587890625,961.8781127929688,592.4333801269531,822.3568725585938,83.16375732421875,279.04248046875
IMG_0029.mp4,6142,204.93827160493828,29.97,1300,2,traffic_signs,0.6075619459152222,1286.3935546875,538.0416259765625,1352.6767578125,605.6241455078125,1319.53515625,571.8328857421875,66.283203125,67.58251953125
IMG_0029.mp4,6143,204.97163830497163,29.97,1266,2,traffic_signs,0.6899559497833252,1045.919677734375,676.2302856445312,1078.7313232421875,756.3052978515625,1062.3255004882812,716.2677917480469,32.8116455078125,80.07501220703125
IMG_0029.mp4,6143,204.97163830497163,29.97,1294,2,traffic_signs,0.40747740864753723,557.3319702148438,681.9291381835938,640.1163940429688,966.9680786132812,598.7241821289062,824.4486083984375,82.784423828125,285.0389404296875
IMG_0029.mp4,6143,204.97163830497163,29.97,1300,2,traffic_signs,0.6710915565490723,1300.541015625,532.8516845703125,1366.8172607421875,603.4527587890625,1333.6791381835938,568.1522216796875,66.2762451171875,70.60107421875
IMG_0029.mp4,6143,204.97163830497163,29.97,1208,2,traffic_signs,0.6089220643043518,1302.048095703125,594.8388671875,1377.51318359375,674.7083740234375,1339.7806396484375,634.7736206054688,75.465087890625,79.8695068359375
IMG_0029.mp4,6144,205.00500500500502,29.97,1266,2,traffic_signs,0.6866514682769775,1055.208740234375,674.3540649414062,1088.077880859375,755.038818359375,1071.643310546875,714.6964416503906,32.869140625,80.68475341796875
IMG_0029.mp4,6144,205.00500500500502,29.97,1300,2,traffic_signs,0.5743895173072815,1313.2259521484375,527.9102783203125,1383.208984375,596.8742065429688,1348.2174682617188,562.3922424316406,69.9830322265625,68.96392822265625
IMG_0029.mp4,6144,205.00500500500502,29.97,1301,2,traffic_signs,0.47092267870903015,1313.0948486328125,527.7217407226562,1382.533447265625,593.9118041992188,1347.8141479492188,560.8167724609375,69.4385986328125,66.1900634765625
IMG_0029.mp4,6144,205.00500500500502,29.97,1208,2,traffic_signs,0.6971214413642883,1316.230712890625,597.4602661132812,1392.9173583984375,671.860107421875,1354.5740356445312,634.6601867675781,76.6866455078125,74.39984130859375
IMG_0029.mp4,6145,205.03837170503837,29.97,1266,2,traffic_signs,0.738839328289032,1064.1268310546875,672.76318359375,1097.607421875,754.4383544921875,1080.8671264648438,713.6007690429688,33.4805908203125,81.6751708984375
IMG_0029.mp4,6145,205.03837170503837,29.97,1300,2,traffic_signs,0.7257401347160339,1326.3187255859375,522.8418579101562,1398.1219482421875,589.6204833984375,1362.2203369140625,556.2311706542969,71.80322265625,66.77862548828125
IMG_0029.mp4,6145,205.03837170503837,29.97,1301,2,traffic_signs,0.698823869228363,1326.8060302734375,523.89306640625,1396.649658203125,590.360595703125,1361.7278442382812,557.1268310546875,69.8436279296875,66.467529296875
IMG_0029.mp4,6145,205.03837170503837,29.97,1208,2,traffic_signs,0.44224539399147034,1329.2078857421875,593.7730102539062,1408.75537109375,668.274169921875,1368.9816284179688,631.0235900878906,79.5474853515625,74.50115966796875
IMG_0029.mp4,6145,205.03837170503837,29.97,1294,2,traffic_signs,0.36592939496040344,569.5881958007812,678.358154296875,656.709716796875,960.1362915039062,613.1489562988281,819.2472229003906,87.12152099609375,281.77813720703125
IMG_0029.mp4,6146,205.07173840507176,29.97,1266,2,traffic_signs,0.7834250926971436,1072.8250732421875,671.460205078125,1106.53564453125,754.2293701171875,1089.6803588867188,712.8447875976562,33.7105712890625,82.7691650390625
IMG_0029.mp4,6146,205.07173840507176,29.97,1300,2,traffic_signs,0.9196170568466187,1340.2139892578125,517.6414794921875,1412.145751953125,586.58544921875,1376.1798706054688,552.1134643554688,71.9317626953125,68.9439697265625
IMG_0029.mp4,6146,205.07173840507176,29.97,1208,2,traffic_signs,0.6275420188903809,1343.5986328125,590.9568481445312,1424.22802734375,666.3380737304688,1383.913330078125,628.6474609375,80.62939453125,75.3812255859375
IMG_0029.mp4,6146,205.07173840507176,29.97,1294,2,traffic_signs,0.35957953333854675,574.2899169921875,675.033447265625,663.0341796875,966.0747680664062,618.6620483398438,820.5541076660156,88.7442626953125,291.04132080078125
IMG_0029.mp4,6147,205.1051051051051,29.97,1266,2,traffic_signs,0.8054635524749756,1081.9058837890625,670.6751708984375,1115.6649169921875,752.7245483398438,1098.785400390625,711.6998596191406,33.759033203125,82.04937744140625
IMG_0029.mp4,6147,205.1051051051051,29.97,1300,2,traffic_signs,0.9127480387687683,1354.8612060546875,512.9241943359375,1427.480712890625,582.0402221679688,1391.1709594726562,547.4822082519531,72.6195068359375,69.11602783203125
IMG_0029.mp4,6148,205.1384718051385,29.97,1266,2,traffic_signs,0.8165266513824463,1090.736328125,671.2360229492188,1124.2730712890625,749.3921508789062,1107.5046997070312,710.3140869140625,33.5367431640625,78.1561279296875
IMG_0029.mp4,6148,205.1384718051385,29.97,1300,2,traffic_signs,0.7727608680725098,1368.2293701171875,506.50628662109375,1442.79345703125,579.1795654296875,1405.5114135742188,542.8429260253906,74.5640869140625,72.67327880859375
IMG_0029.mp4,6148,205.1384718051385,29.97,1208,2,traffic_signs,0.795059859752655,1370.8055419921875,579.31005859375,1456.5152587890625,659.8335571289062,1413.660400390625,619.5718078613281,85.709716796875,80.52349853515625
IMG_0029.mp4,6148,205.1384718051385,29.97,1294,2,traffic_signs,0.35047218203544617,584.9451904296875,673.3509521484375,664.4730224609375,976.7767944335938,624.7091064453125,825.0638732910156,79.52783203125,303.42584228515625
IMG_0029.mp4,6149,205.17183850517185,29.97,1266,2,traffic_signs,0.8503047823905945,1098.8660888671875,669.7360229492188,1132.88037109375,748.3552856445312,1115.8732299804688,709.045654296875,34.0142822265625,78.6192626953125
IMG_0029.mp4,6149,205.17183850517185,29.97,1300,2,traffic_signs,0.8586992621421814,1381.263427734375,499.9974670410156,1459.308349609375,575.0346069335938,1420.285888671875,537.5160369873047,78.044921875,75.03713989257812
IMG_0029.mp4,6149,205.17183850517185,29.97,1208,2,traffic_signs,0.8657006621360779,1385.2825927734375,575.3779907226562,1472.91064453125,656.9593505859375,1429.0966186523438,616.1686706542969,87.6280517578125,81.58135986328125
IMG_0029.mp4,6150,205.2052052052052,29.97,1266,2,traffic_signs,0.38286900520324707,1107.0050048828125,669.21533203125,1141.6893310546875,746.68505859375,1124.34716796875,707.9501953125,34.684326171875,77.4697265625
IMG_0029.mp4,6150,205.2052052052052,29.97,1300,2,traffic_signs,0.9494005441665649,1395.1046142578125,495.333740234375,1473.5186767578125,568.024169921875,1434.3116455078125,531.678955078125,78.4140625,72.6904296875
IMG_0029.mp4,6150,205.2052052052052,29.97,1208,2,traffic_signs,0.8546392321586609,1399.2330322265625,570.3321533203125,1489.304931640625,652.7476806640625,1444.2689819335938,611.5399169921875,90.0718994140625,82.41552734375
IMG_0029.mp4,6150,205.2052052052052,29.97,1294,2,traffic_signs,0.6031918525695801,594.8665771484375,671.385986328125,679.1184692382812,969.7389526367188,636.9925231933594,820.5624694824219,84.25189208984375,298.35296630859375
IMG_0029.mp4,6151,205.2385719052386,29.97,1266,2,traffic_signs,0.8040697574615479,1114.929931640625,668.4918823242188,1150.2637939453125,745.346435546875,1132.5968627929688,706.9191589355469,35.3338623046875,76.85455322265625
IMG_0029.mp4,6151,205.2385719052386,29.97,1300,2,traffic_signs,0.8391785025596619,1408.3443603515625,489.8543701171875,1488.3060302734375,562.5921020507812,1448.3251953125,526.2232360839844,79.961669921875,72.73773193359375
IMG_0029.mp4,6151,205.2385719052386,29.97,1208,2,traffic_signs,0.8840304017066956,1414.0106201171875,565.5069580078125,1505.384765625,649.1987915039062,1459.6976928710938,607.3528747558594,91.3741455078125,83.69183349609375
IMG_0029.mp4,6151,205.2385719052386,29.97,1294,2,traffic_signs,0.5035291314125061,598.0328369140625,669.0462646484375,684.7418212890625,972.0408325195312,641.3873291015625,820.5435485839844,86.708984375,302.99456787109375
IMG_0029.mp4,6152,205.27193860527194,29.97,1266,2,traffic_signs,0.8601873517036438,1123.0531005859375,666.6837158203125,1158.7353515625,744.5520629882812,1140.8942260742188,705.6178894042969,35.6822509765625,77.86834716796875
IMG_0029.mp4,6152,205.27193860527194,29.97,1208,2,traffic_signs,0.9447565674781799,1427.699951171875,559.9383544921875,1521.5673828125,645.3475952148438,1474.6336669921875,602.6429748535156,93.867431640625,85.40924072265625
IMG_0029.mp4,6152,205.27193860527194,29.97,1294,2,traffic_signs,0.25898367166519165,600.5079956054688,665.970947265625,685.1578979492188,977.3221435546875,642.8329467773438,821.6465454101562,84.64990234375,311.3511962890625
IMG_0029.mp4,6153,205.30530530530532,29.97,1266,2,traffic_signs,0.7992890477180481,1131.04248046875,664.0728759765625,1166.109619140625,744.5795288085938,1148.5760498046875,704.3262023925781,35.067138671875,80.50665283203125
IMG_0029.mp4,6153,205.30530530530532,29.97,1208,2,traffic_signs,0.916942298412323,1441.7139892578125,555.000732421875,1537.365478515625,641.5364379882812,1489.5397338867188,598.2685852050781,95.6514892578125,86.53570556640625
IMG_0029.mp4,6154,205.33867200533868,29.97,1266,2,traffic_signs,0.885209858417511,1138.735107421875,661.4805297851562,1174.515869140625,745.0010375976562,1156.62548828125,703.2407836914062,35.78076171875,83.5205078125
IMG_0029.mp4,6154,205.33867200533868,29.97,1208,2,traffic_signs,0.9059704542160034,1455.58447265625,548.532958984375,1553.9677734375,636.9202880859375,1504.776123046875,592.7266235351562,98.38330078125,88.3873291015625
IMG_0029.mp4,6155,205.37203870537203,29.97,1266,2,traffic_signs,0.890102744102478,1146.5897216796875,660.0908203125,1182.509521484375,745.6926879882812,1164.5496215820312,702.8917541503906,35.9197998046875,85.60186767578125
IMG_0029.mp4,6155,205.37203870537203,29.97,1208,2,traffic_signs,0.9263773560523987,1469.5592041015625,541.998779296875,1570.9205322265625,632.96728515625,1520.2398681640625,587.4830322265625,101.361328125,90.968505859375
IMG_0029.mp4,6156,205.40540540540542,29.97,1266,2,traffic_signs,0.8962989449501038,1154.1612548828125,658.42578125,1190.291015625,745.3673706054688,1172.2261352539062,701.8965759277344,36.1297607421875,86.94158935546875
IMG_0029.mp4,6156,205.40540540540542,29.97,1208,2,traffic_signs,0.9277072548866272,1483.649658203125,538.04443359375,1588.674072265625,627.8717651367188,1536.161865234375,582.9580993652344,105.0244140625,89.82733154296875
IMG_0029.mp4,6157,205.43877210543877,29.97,1266,2,traffic_signs,0.806835412979126,1160.6146240234375,656.2161254882812,1197.8336181640625,744.6649780273438,1179.22412109375,700.4405517578125,37.218994140625,88.4488525390625
IMG_0029.mp4,6157,205.43877210543877,29.97,1208,2,traffic_signs,0.9241911768913269,1497.4517822265625,538.0938720703125,1604.8922119140625,623.31689453125,1551.1719970703125,580.7053833007812,107.4404296875,85.2230224609375
IMG_0029.mp4,6158,205.47213880547216,29.97,1266,2,traffic_signs,0.8433653116226196,1167.5382080078125,654.1502075195312,1204.7362060546875,744.5907592773438,1186.13720703125,699.3704833984375,37.197998046875,90.4405517578125
IMG_0029.mp4,6158,205.47213880547216,29.97,1208,2,traffic_signs,0.8282122015953064,1511.4981689453125,539.5401611328125,1623.552978515625,618.5159912109375,1567.5255737304688,579.028076171875,112.0548095703125,78.975830078125
IMG_0029.mp4,6158,205.47213880547216,29.97,1294,2,traffic_signs,0.3636051416397095,612.5022583007812,651.9498901367188,696.7835693359375,994.5074462890625,654.6429138183594,823.2286682128906,84.28131103515625,342.55755615234375
IMG_0029.mp4,6159,205.5055055055055,29.97,1266,2,traffic_signs,0.8233214020729065,1174.5660400390625,652.8715209960938,1211.91748046875,741.223388671875,1193.2417602539062,697.0474548339844,37.3514404296875,88.35186767578125
IMG_0029.mp4,6159,205.5055055055055,29.97,1208,2,traffic_signs,0.3946411609649658,1526.30517578125,541.3823852539062,1638.1649169921875,613.9098510742188,1582.2350463867188,577.6461181640625,111.8597412109375,72.5274658203125
IMG_0029.mp4,6159,205.5055055055055,29.97,1294,2,traffic_signs,0.34250524640083313,612.389404296875,651.258056640625,698.2399291992188,995.0524291992188,655.3146667480469,823.1552429199219,85.85052490234375,343.79437255859375
IMG_0029.mp4,6160,205.5388722055389,29.97,1266,2,traffic_signs,0.499860554933548,1181.4366455078125,649.1729125976562,1219.0872802734375,739.3040161132812,1200.261962890625,694.2384643554688,37.650634765625,90.131103515625
IMG_0029.mp4,6160,205.5388722055389,29.97,1208,2,traffic_signs,0.846868634223938,1541.8125,547.5872802734375,1649.6787109375,609.1223754882812,1595.74560546875,578.3548278808594,107.8662109375,61.53509521484375
IMG_0029.mp4,6160,205.5388722055389,29.97,1294,2,traffic_signs,0.2813897132873535,612.03466796875,652.9415283203125,699.6665649414062,994.9927368164062,655.8506164550781,823.9671325683594,87.63189697265625,342.05120849609375
IMG_0029.mp4,6160,205.5388722055389,29.97,1303,2,traffic_signs,0.5976977348327637,0.3016524910926819,636.580810546875,8.539328575134277,673.4846801757812,4.42049053311348,655.0327453613281,8.237676084041595,36.90386962890625
IMG_0029.mp4,6161,205.57223890557225,29.97,1266,2,traffic_signs,0.8787438869476318,1187.5181884765625,646.3158569335938,1225.7554931640625,737.452392578125,1206.6368408203125,691.8841247558594,38.2373046875,91.13653564453125
IMG_0029.mp4,6161,205.57223890557225,29.97,1208,2,traffic_signs,0.5928876399993896,1560.0496826171875,553.5702514648438,1656.2354736328125,602.9495239257812,1608.142578125,578.2598876953125,96.185791015625,49.3792724609375
IMG_0029.mp4,6161,205.57223890557225,29.97,1303,2,traffic_signs,0.49173006415367126,0.6907263994216919,633.5035400390625,9.515021324157715,673.8412475585938,5.102873861789703,653.6723937988281,8.824294924736023,40.33770751953125
IMG_0029.mp4,6162,205.6056056056056,29.97,1266,2,traffic_signs,0.8285543918609619,1194.4132080078125,644.559814453125,1232.5262451171875,737.19482421875,1213.4697265625,690.8773193359375,38.113037109375,92.635009765625
IMG_0029.mp4,6162,205.6056056056056,29.97,1208,2,traffic_signs,0.9050613045692444,1581.5029296875,562.5933227539062,1656.6854248046875,598.3744506835938,1619.0941772460938,580.48388671875,75.1824951171875,35.7811279296875
IMG_0029.mp4,6162,205.6056056056056,29.97,1303,2,traffic_signs,0.5503765940666199,0.8284370303153992,631.5614013671875,10.955343246459961,676.2277221679688,5.89189013838768,653.8945617675781,10.126906216144562,44.66632080078125
IMG_0029.mp4,6163,205.638972305639,29.97,1266,2,traffic_signs,0.8453702926635742,1200.8675537109375,643.8905029296875,1239.2393798828125,735.4845581054688,1220.053466796875,689.6875305175781,38.371826171875,91.59405517578125
IMG_0029.mp4,6163,205.638972305639,29.97,1303,2,traffic_signs,0.48597896099090576,0.42062342166900635,629.7737426757812,11.143876075744629,679.0493774414062,5.782249748706818,654.4115600585938,10.723252654075623,49.275634765625
IMG_0029.mp4,6163,205.638972305639,29.97,1294,2,traffic_signs,0.3441765606403351,613.5390014648438,648.8367919921875,700.475830078125,996.4547119140625,657.0074157714844,822.645751953125,86.93682861328125,347.617919921875
IMG_0029.mp4,6164,205.67233900567234,29.97,1266,2,traffic_signs,0.6646569967269897,1207.312744140625,642.2002563476562,1246.413818359375,735.3927001953125,1226.86328125,688.7964782714844,39.10107421875,93.19244384765625
IMG_0029.mp4,6164,205.67233900567234,29.97,1303,2,traffic_signs,0.5663469433784485,0.12759271264076233,628.3169555664062,10.592005729675293,681.3085327148438,5.359799221158028,654.812744140625,10.46441301703453,52.9915771484375
IMG_0029.mp4,6164,205.67233900567234,29.97,1294,2,traffic_signs,0.3585209250450134,613.812255859375,645.0064697265625,698.9327392578125,996.8849487304688,656.3724975585938,820.9457092285156,85.1204833984375,351.87847900390625
IMG_0029.mp4,6165,205.70570570570572,29.97,1266,2,traffic_signs,0.7632392644882202,1213.065673828125,640.4742431640625,1252.84228515625,733.7344970703125,1232.9539794921875,687.1043701171875,39.776611328125,93.26025390625
IMG_0029.mp4,6165,205.70570570570572,29.97,1303,2,traffic_signs,0.5187835693359375,0.0,627.5586547851562,10.060420989990234,679.9535522460938,5.030210494995117,653.756103515625,10.060420989990234,52.3948974609375
IMG_0029.mp4,6165,205.70570570570572,29.97,1294,2,traffic_signs,0.3972746431827545,613.4491577148438,643.0358276367188,696.8981323242188,998.492431640625,655.1736450195312,820.7641296386719,83.448974609375,355.45660400390625
IMG_0029.mp4,6166,205.73907240573908,29.97,1266,2,traffic_signs,0.8163775205612183,1219.1123046875,639.8650512695312,1259.1666259765625,732.6470947265625,1239.1394653320312,686.2560729980469,40.0543212890625,92.78204345703125
IMG_0029.mp4,6166,205.73907240573908,29.97,1303,2,traffic_signs,0.33959701657295227,0.0,626.843505859375,9.551651000976562,682.417724609375,4.775825500488281,654.630615234375,9.551651000976562,55.57421875
IMG_0029.mp4,6166,205.73907240573908,29.97,1294,2,traffic_signs,0.4126446545124054,613.617431640625,644.0096435546875,693.3458862304688,997.841552734375,653.4816589355469,820.9255981445312,79.72845458984375,353.8319091796875
IMG_0029.mp4,6167,205.77243910577243,29.97,1266,2,traffic_signs,0.8189902901649475,1225.8958740234375,639.3504028320312,1266.0843505859375,735.41162109375,1245.9901123046875,687.3810119628906,40.1884765625,96.06121826171875
IMG_0029.mp4,6167,205.77243910577243,29.97,1303,2,traffic_signs,0.5821987390518188,0.0,628.42724609375,8.671348571777344,677.6458129882812,4.335674285888672,653.0365295410156,8.671348571777344,49.21856689453125
IMG_0029.mp4,6167,205.77243910577243,29.97,1294,2,traffic_signs,0.3463808596134186,612.4169311523438,640.2974243164062,691.946044921875,1000.2846069335938,652.1814880371094,820.291015625,79.52911376953125,359.9871826171875
IMG_0029.mp4,6168,205.80580580580582,29.97,1266,2,traffic_signs,0.7616701126098633,1231.6702880859375,638.081787109375,1272.09130859375,736.1394653320312,1251.8807983398438,687.1106262207031,40.4210205078125,98.05767822265625
IMG_0029.mp4,6168,205.80580580580582,29.97,1303,2,traffic_signs,0.5184932947158813,0.0,628.9722900390625,7.696789741516113,673.7868041992188,3.8483948707580566,651.3795471191406,7.696789741516113,44.81451416015625
IMG_0029.mp4,6168,205.80580580580582,29.97,1294,2,traffic_signs,0.2752316892147064,610.1056518554688,638.4718627929688,686.4508056640625,1002.4459838867188,648.2782287597656,820.4589233398438,76.34515380859375,363.97412109375
IMG_0029.mp4,6168,205.80580580580582,29.97,1306,2,traffic_signs,0.6680513620376587,1231.3394775390625,636.060302734375,1273.05126953125,734.34814453125,1252.1953735351562,685.2042236328125,41.7117919921875,98.287841796875
IMG_0029.mp4,6169,205.83917250583917,29.97,1266,2,traffic_signs,0.30799752473831177,1237.123046875,636.7998657226562,1278.3348388671875,732.3334350585938,1257.7289428710938,684.566650390625,41.2117919921875,95.5335693359375
IMG_0029.mp4,6169,205.83917250583917,29.97,1294,2,traffic_signs,0.3834865987300873,608.2278442382812,635.1063232421875,681.4632568359375,998.6089477539062,644.8455505371094,816.8576354980469,73.23541259765625,363.50262451171875
IMG_0029.mp4,6169,205.83917250583917,29.97,1306,2,traffic_signs,0.7877702116966248,1237.9932861328125,636.4907836914062,1279.780029296875,733.8350219726562,1258.8866577148438,685.1629028320312,41.7867431640625,97.34423828125
IMG_0029.mp4,6170,205.87253920587256,29.97,1266,2,traffic_signs,0.6385630369186401,1242.7061767578125,634.9899291992188,1284.73193359375,730.166259765625,1263.7190551757812,682.5780944824219,42.0257568359375,95.17633056640625
IMG_0029.mp4,6170,205.87253920587256,29.97,1294,2,traffic_signs,0.5084636807441711,607.315673828125,631.6961059570312,678.9696044921875,997.7615966796875,643.1426391601562,814.7288513183594,71.6539306640625,366.06549072265625
IMG_0029.mp4,6170,205.87253920587256,29.97,1306,2,traffic_signs,0.7098986506462097,1244.02978515625,635.5902099609375,1285.0782470703125,731.9647216796875,1264.5540161132812,683.7774658203125,41.0484619140625,96.37451171875
IMG_0029.mp4,6171,205.9059059059059,29.97,1266,2,traffic_signs,0.35993000864982605,1248.4139404296875,633.8690185546875,1290.87841796875,730.2442016601562,1269.6461791992188,682.0566101074219,42.4644775390625,96.37518310546875
IMG_0029.mp4,6171,205.9059059059059,29.97,1294,2,traffic_signs,0.67131108045578,605.6260986328125,629.4768676757812,675.880615234375,1001.48583984375,640.7533569335938,815.4813537597656,70.2545166015625,372.00897216796875
IMG_0029.mp4,6171,205.9059059059059,29.97,1306,2,traffic_signs,0.8783750534057617,1250.13623046875,633.8350830078125,1291.637939453125,735.7048950195312,1270.8870849609375,684.7699890136719,41.501708984375,101.86981201171875
IMG_0029.mp4,6172,205.9392726059393,29.97,1294,2,traffic_signs,0.6661420464515686,602.6858520507812,630.19287109375,673.030517578125,1000.5366821289062,637.8581848144531,815.3647766113281,70.34466552734375,370.34381103515625
IMG_0029.mp4,6172,205.9392726059393,29.97,1306,2,traffic_signs,0.8512109518051147,1256.1573486328125,628.6539306640625,1296.66796875,735.1903686523438,1276.4126586914062,681.9221496582031,40.5106201171875,106.53643798828125
IMG_0029.mp4,6173,205.97263930597265,29.97,1294,2,traffic_signs,0.5847482681274414,603.1309814453125,630.3305053710938,670.5691528320312,992.7108764648438,636.8500671386719,811.5206909179688,67.43817138671875,362.38037109375
IMG_0029.mp4,6173,205.97263930597265,29.97,1306,2,traffic_signs,0.8978521227836609,1261.794677734375,627.1192016601562,1303.1187744140625,732.7431030273438,1282.4567260742188,679.93115234375,41.3240966796875,105.6239013671875
IMG_0029.mp4,6174,206.006006006006,29.97,1294,2,traffic_signs,0.6062334775924683,600.4322509765625,619.3038330078125,670.6568603515625,986.3561401367188,635.5445556640625,802.8299865722656,70.224609375,367.05230712890625
IMG_0029.mp4,6174,206.006006006006,29.97,1306,2,traffic_signs,0.8521018624305725,1266.775146484375,621.5480346679688,1308.3121337890625,731.3470458984375,1287.5436401367188,676.4475402832031,41.5369873046875,109.79901123046875
IMG_0029.mp4,6175,206.0393727060394,29.97,1294,2,traffic_signs,0.43672388792037964,594.220703125,612.1906127929688,666.654052734375,996.7842407226562,630.4373779296875,804.4874267578125,72.433349609375,384.5936279296875
IMG_0029.mp4,6175,206.0393727060394,29.97,1306,2,traffic_signs,0.9020716547966003,1271.6395263671875,619.7235717773438,1313.6126708984375,731.0670776367188,1292.6260986328125,675.3953247070312,41.97314453125,111.343505859375
IMG_0029.mp4,6176,206.07273940607274,29.97,1294,2,traffic_signs,0.6119471192359924,587.6807861328125,613.3050537109375,659.1198120117188,1004.8705444335938,623.4002990722656,809.0877990722656,71.43902587890625,391.56549072265625
IMG_0029.mp4,6176,206.07273940607274,29.97,1306,2,traffic_signs,0.9119223952293396,1276.5911865234375,619.984619140625,1318.6143798828125,728.84765625,1297.602783203125,674.4161376953125,42.023193359375,108.863037109375
IMG_0029.mp4,6177,206.10610610610613,29.97,1294,2,traffic_signs,0.6270352602005005,584.7135620117188,608.4100952148438,654.909423828125,994.7255249023438,619.8114929199219,801.5678100585938,70.19586181640625,386.3154296875
IMG_0029.mp4,6177,206.10610610610613,29.97,1306,2,traffic_signs,0.9143641591072083,1281.234130859375,618.6755981445312,1323.258544921875,725.850341796875,1302.246337890625,672.2629699707031,42.0244140625,107.17474365234375
IMG_0029.mp4,6178,206.13947280613948,29.97,1294,2,traffic_signs,0.45089057087898254,579.3596801757812,606.3130493164062,651.5686645507812,987.1193237304688,615.4641723632812,796.7161865234375,72.208984375,380.8062744140625
IMG_0029.mp4,6178,206.13947280613948,29.97,1306,2,traffic_signs,0.9210429787635803,1285.4959716796875,617.1702880859375,1328.8004150390625,724.8030395507812,1307.148193359375,670.9866638183594,43.304443359375,107.63275146484375
IMG_0029.mp4,6178,206.13947280613948,29.97,1266,2,traffic_signs,0.282624751329422,1284.0457763671875,618.1560668945312,1327.277099609375,721.3652954101562,1305.6614379882812,669.7606811523438,43.2313232421875,103.209228515625
IMG_0029.mp4,6179,206.17283950617283,29.97,1294,2,traffic_signs,0.5002162456512451,575.7681884765625,600.9134521484375,649.28466796875,974.5039672851562,612.5264282226562,787.7087097167969,73.5164794921875,373.59051513671875
IMG_0029.mp4,6180,206.20620620620622,29.97,1294,2,traffic_signs,0.27055519819259644,568.8942260742188,595.87255859375,641.2987670898438,988.4246826171875,605.0964965820312,792.1486206054688,72.404541015625,392.5521240234375
IMG_0029.mp4,6180,206.20620620620622,29.97,1266,2,traffic_signs,0.9107902646064758,1294.6834716796875,614.2877807617188,1339.1456298828125,723.1085205078125,1316.91455078125,668.6981506347656,44.462158203125,108.82073974609375
IMG_0029.mp4,6181,206.23957290623957,29.97,1294,2,traffic_signs,0.5532574653625488,562.6788940429688,596.2781982421875,632.6994018554688,991.2752075195312,597.6891479492188,793.7767028808594,70.0205078125,394.99700927734375
IMG_0029.mp4,6181,206.23957290623957,29.97,1266,2,traffic_signs,0.9251745939254761,1299.0816650390625,613.0618286132812,1343.596435546875,724.53271484375,1321.3390502929688,668.7972717285156,44.5147705078125,111.47088623046875
IMG_0029.mp4,6182,206.27293960627296,29.97,1294,2,traffic_signs,0.5686392784118652,559.8101196289062,596.4556274414062,625.9207763671875,983.738525390625,592.8654479980469,790.0970764160156,66.11065673828125,387.28289794921875
IMG_0029.mp4,6182,206.27293960627296,29.97,1266,2,traffic_signs,0.9263957738876343,1303.3035888671875,611.18798828125,1349.055419921875,724.0564575195312,1326.1795043945312,667.6222229003906,45.7518310546875,112.86846923828125
IMG_0029.mp4,6183,206.3063063063063,29.97,1266,2,traffic_signs,0.9188459515571594,1307.378662109375,608.7679443359375,1354.1234130859375,718.1630859375,1330.7510375976562,663.4655151367188,46.7447509765625,109.3951416015625
IMG_0029.mp4,6184,206.3396730063397,29.97,1266,2,traffic_signs,0.8979989886283875,1311.9576416015625,606.1546020507812,1359.0594482421875,718.95751953125,1335.508544921875,662.5560607910156,47.101806640625,112.80291748046875
IMG_0029.mp4,6185,206.37303970637305,29.97,1266,2,traffic_signs,0.9127855896949768,1316.44140625,604.7836303710938,1363.5616455078125,720.5795288085938,1340.0015258789062,662.6815795898438,47.1202392578125,115.7958984375
IMG_0029.mp4,6186,206.4064064064064,29.97,1266,2,traffic_signs,0.9172297120094299,1321.2982177734375,603.0307006835938,1367.540283203125,721.0953369140625,1344.4192504882812,662.0630187988281,46.2420654296875,118.06463623046875
IMG_0029.mp4,6186,206.4064064064064,29.97,1294,2,traffic_signs,0.3471716344356537,530.6475830078125,574.8074951171875,607.30810546875,947.5346069335938,568.9778442382812,761.1710510253906,76.6605224609375,372.72711181640625
IMG_0029.mp4,6187,206.4397731064398,29.97,1266,2,traffic_signs,0.927855372428894,1325.77001953125,601.1008911132812,1373.1162109375,719.5408325195312,1349.443115234375,660.3208618164062,47.34619140625,118.43994140625
IMG_0029.mp4,6188,206.47313980647314,29.97,1266,2,traffic_signs,0.9242537021636963,1330.3748779296875,599.9625854492188,1377.8173828125,717.5186157226562,1354.0961303710938,658.7406005859375,47.4425048828125,117.5560302734375
IMG_0029.mp4,6189,206.50650650650653,29.97,1266,2,traffic_signs,0.5341062545776367,1334.2041015625,598.0927734375,1382.2286376953125,715.9852294921875,1358.2163696289062,657.0390014648438,48.0245361328125,117.8924560546875
IMG_0029.mp4,6189,206.50650650650653,29.97,1294,2,traffic_signs,0.4398127794265747,492.6067199707031,561.3475341796875,577.10107421875,955.6792602539062,534.8538970947266,758.5133972167969,84.49435424804688,394.33172607421875
IMG_0029.mp4,6190,206.53987320653988,29.97,1266,2,traffic_signs,0.6861832141876221,1338.2222900390625,596.2760620117188,1386.7442626953125,715.7409057617188,1362.4832763671875,656.0084838867188,48.52197265625,119.46484375
IMG_0029.mp4,6190,206.53987320653988,29.97,1294,2,traffic_signs,0.3818044066429138,484.53033447265625,556.6158447265625,565.6527099609375,958.046630859375,525.0915222167969,757.3312377929688,81.12237548828125,401.4307861328125
IMG_0029.mp4,6191,206.57323990657324,29.97,1266,2,traffic_signs,0.7301720380783081,1341.60205078125,595.6858520507812,1390.7264404296875,716.8397827148438,1366.1642456054688,656.2628173828125,49.1243896484375,121.1539306640625
IMG_0029.mp4,6191,206.57323990657324,29.97,1294,2,traffic_signs,0.3098374009132385,478.93536376953125,552.5654907226562,555.9559936523438,955.2408447265625,517.4456787109375,753.9031677246094,77.0206298828125,402.67535400390625
IMG_0029.mp4,6191,206.57323990657324,29.97,1310,2,traffic_signs,0.3837881088256836,1341.54296875,595.70361328125,1390.6044921875,717.2713012695312,1366.07373046875,656.4874572753906,49.0615234375,121.56768798828125
IMG_0029.mp4,6193,206.63997330663997,29.97,1266,2,traffic_signs,0.9359905123710632,1348.5845947265625,591.9730834960938,1400.0445556640625,714.9807739257812,1374.3145751953125,653.4769287109375,51.4599609375,123.0076904296875
IMG_0029.mp4,6194,206.67334000667336,29.97,1266,2,traffic_signs,0.9384108781814575,1353.1029052734375,590.1559448242188,1403.8050537109375,714.6436767578125,1378.4539794921875,652.3998107910156,50.7021484375,124.48773193359375
IMG_0029.mp4,6194,206.67334000667336,29.97,1294,2,traffic_signs,0.4986182451248169,444.0642395019531,528.660888671875,532.6482543945312,932.5966796875,488.3562469482422,730.6287841796875,88.58401489257812,403.935791015625
IMG_0029.mp4,6195,206.7067067067067,29.97,1266,2,traffic_signs,0.8849930763244629,1356.909423828125,588.548095703125,1408.527099609375,715.6412963867188,1382.71826171875,652.0946960449219,51.61767578125,127.09320068359375
IMG_0029.mp4,6195,206.7067067067067,29.97,1294,2,traffic_signs,0.37498939037323,432.2465515136719,524.4237670898438,524.9696655273438,939.4445190429688,478.6081085205078,731.9341430664062,92.72311401367188,415.020751953125
IMG_0029.mp4,6196,206.7400734067401,29.97,1266,2,traffic_signs,0.9151453971862793,1361.187744140625,587.126708984375,1412.9130859375,713.721435546875,1387.0504150390625,650.424072265625,51.725341796875,126.5947265625
IMG_0029.mp4,6197,206.77344010677345,29.97,1266,2,traffic_signs,0.9041128158569336,1365.1339111328125,586.438720703125,1417.398193359375,714.4124145507812,1391.2660522460938,650.4255676269531,52.2642822265625,127.97369384765625
IMG_0029.mp4,6198,206.8068068068068,29.97,1266,2,traffic_signs,0.917343258857727,1368.758056640625,585.3070678710938,1422.337646484375,717.3302612304688,1395.5478515625,651.3186645507812,53.57958984375,132.023193359375
IMG_0029.mp4,6199,206.8401735068402,29.97,1266,2,traffic_signs,0.9284952282905579,1372.75439453125,583.9260864257812,1427.5274658203125,715.37451171875,1400.1409301757812,649.6502990722656,54.7730712890625,131.44842529296875
IMG_0029.mp4,6200,206.87354020687354,29.97,1266,2,traffic_signs,0.9028976559638977,1377.2034912109375,582.0985717773438,1432.320068359375,712.9244995117188,1404.7617797851562,647.5115356445312,55.1165771484375,130.825927734375
IMG_0029.mp4,6201,206.90690690690693,29.97,1266,2,traffic_signs,0.9046708345413208,1381.263916015625,580.459716796875,1436.759521484375,711.3262939453125,1409.01171875,645.8930053710938,55.49560546875,130.8665771484375
IMG_0029.mp4,6202,206.94027360694028,29.97,1266,2,traffic_signs,0.8983562588691711,1385.76806640625,579.421875,1440.801025390625,712.6362915039062,1413.2845458984375,646.0290832519531,55.032958984375,133.21441650390625
IMG_0029.mp4,6203,206.97364030697364,29.97,1266,2,traffic_signs,0.7639100551605225,1389.789794921875,577.4496459960938,1446.288818359375,714.8008422851562,1418.039306640625,646.125244140625,56.4990234375,137.3511962890625
IMG_0029.mp4,6204,207.00700700700702,29.97,1266,2,traffic_signs,0.8585168719291687,1393.629150390625,576.3660888671875,1450.483154296875,714.3331298828125,1422.05615234375,645.349609375,56.85400390625,137.967041015625
IMG_0029.mp4,6205,207.04037370704037,29.97,1266,2,traffic_signs,0.8336731195449829,1398.76123046875,574.5951538085938,1455.5111083984375,712.5405883789062,1427.1361694335938,643.56787109375,56.7498779296875,137.9454345703125
IMG_0029.mp4,6206,207.07374040707376,29.97,1266,2,traffic_signs,0.7835369110107422,1403.324951171875,574.07763671875,1460.32666015625,713.7155151367188,1431.8258056640625,643.8965759277344,57.001708984375,139.63787841796875
IMG_0029.mp4,6207,207.1071071071071,29.97,1266,2,traffic_signs,0.5981523990631104,1408.017578125,572.651611328125,1464.94970703125,715.5642700195312,1436.483642578125,644.1079406738281,56.93212890625,142.91265869140625
IMG_0029.mp4,6208,207.1404738071405,29.97,1266,2,traffic_signs,0.8268139362335205,1412.7493896484375,570.1846923828125,1470.19287109375,716.0040893554688,1441.4711303710938,643.0943908691406,57.4434814453125,145.81939697265625
IMG_0029.mp4,6209,207.17384050717385,29.97,1266,2,traffic_signs,0.6283922791481018,1416.7451171875,568.2081298828125,1475.613037109375,712.5103759765625,1446.1790771484375,640.3592529296875,58.867919921875,144.30224609375
IMG_0029.mp4,6210,207.2072072072072,29.97,1266,2,traffic_signs,0.43438056111335754,1421.3323974609375,565.6737060546875,1480.6175537109375,709.4682006835938,1450.9749755859375,637.5709533691406,59.28515625,143.79449462890625
IMG_0029.mp4,6211,207.2405739072406,29.97,1266,2,traffic_signs,0.8329046964645386,1425.617431640625,564.3553466796875,1485.3177490234375,705.9132080078125,1455.4675903320312,635.13427734375,59.7003173828125,141.557861328125
IMG_0029.mp4,6213,207.30730730730733,29.97,1266,2,traffic_signs,0.2589452564716339,1436.1602783203125,557.0288696289062,1497.1138916015625,718.5829467773438,1466.6370849609375,637.805908203125,60.95361328125,161.5540771484375
IMG_0029.mp4,6214,207.34067400734068,29.97,1266,2,traffic_signs,0.6252410411834717,1441.2489013671875,556.6983642578125,1503.2314453125,718.8734741210938,1472.2401733398438,637.7859191894531,61.9825439453125,162.17510986328125
IMG_0029.mp4,6215,207.37404070737404,29.97,1266,2,traffic_signs,0.574734628200531,1447.2869873046875,557.9022216796875,1509.3963623046875,712.2623901367188,1478.3416748046875,635.0823059082031,62.109375,154.36016845703125
IMG_0029.mp4,6216,207.40740740740742,29.97,1266,2,traffic_signs,0.28469958901405334,1453.261962890625,557.1742553710938,1515.7158203125,717.7294921875,1484.4888916015625,637.4518737792969,62.453857421875,160.55523681640625
IMG_0029.mp4,6218,207.47414080747416,29.97,1266,2,traffic_signs,0.5966319441795349,1463.9013671875,551.681640625,1530.3365478515625,711.7437744140625,1497.1189575195312,631.7127075195312,66.4351806640625,160.0621337890625
IMG_0029.mp4,6219,207.5075075075075,29.97,1266,2,traffic_signs,0.7718662023544312,1470.2861328125,550.2380981445312,1536.85009765625,708.2218017578125,1503.568115234375,629.2299499511719,66.56396484375,157.98370361328125
IMG_0029.mp4,6227,207.77444110777444,29.97,1314,2,traffic_signs,0.8119228482246399,0.47268134355545044,704.5515747070312,19.974803924560547,742.8153686523438,10.223742634057999,723.6834716796875,19.502122581005096,38.2637939453125
IMG_0029.mp4,6228,207.80780780780782,29.97,1314,2,traffic_signs,0.8580710291862488,1.0156233310699463,704.517822265625,24.68440055847168,742.927490234375,12.850011944770813,723.72265625,23.668777227401733,38.40966796875
IMG_0029.mp4,6229,207.84117450784117,29.97,1314,2,traffic_signs,0.9065661430358887,0.870786726474762,704.6439819335938,30.389373779296875,743.41015625,15.630080252885818,724.0270690917969,29.518587052822113,38.76617431640625
IMG_0029.mp4,6230,207.87454120787456,29.97,1314,2,traffic_signs,0.903439462184906,1.2728865146636963,704.4720458984375,37.526859283447266,743.9235229492188,19.39987289905548,724.1977844238281,36.25397276878357,39.45147705078125
IMG_0029.mp4,6231,207.9079079079079,29.97,1314,2,traffic_signs,0.8996182084083557,0.2842452824115753,703.268798828125,43.55038833618164,744.5449829101562,21.917316809296608,723.9068908691406,43.266143053770065,41.27618408203125
IMG_0029.mp4,6232,207.9412746079413,29.97,1314,2,traffic_signs,0.8980576992034912,0.9917913675308228,703.7673950195312,49.27349090576172,744.6771240234375,25.13264113664627,724.2222595214844,48.281699538230896,40.90972900390625
IMG_0029.mp4,6233,207.97464130797465,29.97,1314,2,traffic_signs,0.9070168733596802,1.0515574216842651,704.30224609375,55.54944610595703,744.7156372070312,28.300501763820648,724.5089416503906,54.497888684272766,40.41339111328125
IMG_0029.mp4,6233,207.97464130797465,29.97,1266,2,traffic_signs,0.712661623954773,1592.361083984375,550.3670654296875,1673.9031982421875,623.2392578125,1633.1321411132812,586.8031616210938,81.5421142578125,72.8721923828125
IMG_0029.mp4,6234,208.008008008008,29.97,1314,2,traffic_signs,0.9031586647033691,2.7066304683685303,704.8262939453125,62.060516357421875,744.0861206054688,32.3835734128952,724.4562072753906,59.353885889053345,39.25982666015625
IMG_0029.mp4,6234,208.008008008008,29.97,1266,2,traffic_signs,0.4958319664001465,1603.9659423828125,549.4872436523438,1686.7491455078125,622.0657348632812,1645.3575439453125,585.7764892578125,82.783203125,72.5784912109375
IMG_0029.mp4,6235,208.0413747080414,29.97,1314,2,traffic_signs,0.9071149230003357,7.627807140350342,704.7617797851562,69.78598022460938,744.2738037109375,38.70689368247986,724.5177917480469,62.15817308425903,39.51202392578125
IMG_0029.mp4,6236,208.07474140807474,29.97,1314,2,traffic_signs,0.9141057133674622,14.161690711975098,705.4474487304688,77.21552276611328,744.4236450195312,45.68860673904419,724.935546875,63.053832054138184,38.9761962890625
IMG_0029.mp4,6237,208.10810810810813,29.97,1314,2,traffic_signs,0.9076219797134399,21.726612091064453,705.0867919921875,84.35835266113281,744.5779418945312,53.04248237609863,724.8323669433594,62.63174057006836,39.49114990234375
IMG_0029.mp4,6237,208.10810810810813,29.97,1266,2,traffic_signs,0.3356943428516388,1640.2994384765625,541.1216430664062,1727.3896484375,610.4290771484375,1683.8445434570312,575.7753601074219,87.0902099609375,69.30743408203125
IMG_0029.mp4,6238,208.14147480814148,29.97,1314,2,traffic_signs,0.9056859016418457,28.60118865966797,704.9369506835938,90.127685546875,744.6898803710938,59.364437103271484,724.8134155273438,61.52649688720703,39.7529296875
IMG_0029.mp4,6239,208.17484150817484,29.97,1314,2,traffic_signs,0.6997085213661194,38.941646575927734,704.7615966796875,98.53587341308594,744.428466796875,68.73875999450684,724.5950317382812,59.5942268371582,39.6668701171875
IMG_0029.mp4,6239,208.17484150817484,29.97,1318,2,traffic_signs,0.8558509945869446,0.9317225217819214,676.4265747070312,17.119478225708008,709.0186157226562,9.025600373744965,692.7225952148438,16.187755703926086,32.592041015625
IMG_0029.mp4,6240,208.20820820820822,29.97,1314,2,traffic_signs,0.9036919474601746,47.544677734375,704.4668579101562,107.63290405273438,744.69189453125,77.58879089355469,724.5793762207031,60.088226318359375,40.22503662109375
IMG_0029.mp4,6240,208.20820820820822,29.97,1318,2,traffic_signs,0.872397780418396,2.1484923362731934,676.4411010742188,25.354490280151367,710.2245483398438,13.75149130821228,693.3328247070312,23.205997943878174,33.783447265625
IMG_0029.mp4,6241,208.24157490824157,29.97,1314,2,traffic_signs,0.9077761769294739,56.26229476928711,704.3129272460938,116.07054901123047,745.3064575195312,86.16642189025879,724.8096923828125,59.80825424194336,40.9935302734375
IMG_0029.mp4,6241,208.24157490824157,29.97,1318,2,traffic_signs,0.9213690161705017,2.568284511566162,676.4427490234375,34.18959045410156,712.444580078125,18.378937482833862,694.4436645507812,31.6213059425354,36.0018310546875
IMG_0029.mp4,6242,208.27494160827496,29.97,1314,2,traffic_signs,0.9045668840408325,64.623779296875,704.76318359375,123.91416931152344,745.4459228515625,94.26897430419922,725.1045532226562,59.29039001464844,40.6827392578125
IMG_0029.mp4,6242,208.27494160827496,29.97,1318,2,traffic_signs,0.8819841146469116,2.585573673248291,676.7332763671875,43.00128173828125,713.7803344726562,22.79342770576477,695.2568054199219,40.41570806503296,37.04705810546875
IMG_0029.mp4,6243,208.3083083083083,29.97,1314,2,traffic_signs,0.9052183628082275,74.00770568847656,704.8350830078125,132.30528259277344,745.4521484375,103.156494140625,725.1436157226562,58.297576904296875,40.6170654296875
IMG_0029.mp4,6243,208.3083083083083,29.97,1318,2,traffic_signs,0.8832401037216187,7.353418350219727,677.8853149414062,51.45469665527344,713.4276123046875,29.404057502746582,695.6564636230469,44.10127830505371,35.54229736328125
IMG_0029.mp4,6244,208.3416750083417,29.97,1314,2,traffic_signs,0.8764432072639465,83.4969253540039,705.406005859375,140.69044494628906,745.7861328125,112.09368515014648,725.5960693359375,57.193519592285156,40.380126953125
IMG_0029.mp4,6244,208.3416750083417,29.97,1318,2,traffic_signs,0.8870865702629089,14.237689018249512,678.3172607421875,59.82999038696289,712.6659545898438,37.0338397026062,695.4916076660156,45.59230136871338,34.34869384765625
IMG_0029.mp4,6244,208.3416750083417,29.97,1321,2,traffic_signs,0.5802677273750305,1021.0421142578125,803.6319580078125,1036.5201416015625,814.4237060546875,1028.7811279296875,809.02783203125,15.47802734375,10.791748046875
IMG_0029.mp4,6245,208.37504170837505,29.97,1314,2,traffic_signs,0.8964851498603821,93.29710388183594,706.196044921875,149.72274780273438,746.2078857421875,121.50992584228516,726.2019653320312,56.42564392089844,40.0118408203125
IMG_0029.mp4,6245,208.37504170837505,29.97,1318,2,traffic_signs,0.8655239343643188,24.3256893157959,678.3580322265625,70.19808959960938,712.3817749023438,47.26188945770264,695.3699035644531,45.87240028381348,34.02374267578125
IMG_0029.mp4,6245,208.37504170837505,29.97,1321,2,traffic_signs,0.4056796729564667,1028.218994140625,803.9067993164062,1043.2860107421875,814.3458862304688,1035.7525024414062,809.1263427734375,15.0670166015625,10.4390869140625
IMG_0029.mp4,6246,208.4084084084084,29.97,1314,2,traffic_signs,0.7921333909034729,103.85470581054688,706.3983764648438,158.56365966796875,746.3001708984375,131.2091827392578,726.3492736816406,54.708953857421875,39.90179443359375
IMG_0029.mp4,6246,208.4084084084084,29.97,1318,2,traffic_signs,0.897250235080719,35.52008056640625,679.4052734375,80.31844329833984,713.18017578125,57.91926193237305,696.292724609375,44.798362731933594,33.77490234375
IMG_0029.mp4,6247,208.4417751084418,29.97,1314,2,traffic_signs,0.9075076580047607,114.29039764404297,706.4881591796875,168.5496063232422,746.1917114257812,141.42000198364258,726.3399353027344,54.25920867919922,39.70355224609375
IMG_0029.mp4,6247,208.4417751084418,29.97,1318,2,traffic_signs,0.8774998188018799,45.94258499145508,679.6600341796875,90.32341766357422,713.7098999023438,68.13300132751465,696.6849670410156,44.38083267211914,34.04986572265625
IMG_0029.mp4,6247,208.4417751084418,29.97,1321,2,traffic_signs,0.5282289981842041,1043.1197509765625,803.9046630859375,1057.8798828125,814.5875244140625,1050.4998168945312,809.24609375,14.7601318359375,10.682861328125
IMG_0029.mp4,6248,208.47514180847514,29.97,1314,2,traffic_signs,0.8873448967933655,124.44296264648438,707.0826416015625,178.57276916503906,746.3224487304688,151.50786590576172,726.7025451660156,54.12980651855469,39.23980712890625
IMG_0029.mp4,6248,208.47514180847514,29.97,1318,2,traffic_signs,0.8747064471244812,56.96083450317383,680.3236083984375,99.75489044189453,714.47509765625,78.35786247253418,697.3993530273438,42.7940559387207,34.1514892578125
IMG_0029.mp4,6248,208.47514180847514,29.97,1321,2,traffic_signs,0.5567688345909119,1050.7947998046875,803.5831909179688,1064.8994140625,814.71826171875,1057.8471069335938,809.1507263183594,14.1046142578125,11.13507080078125
IMG_0029.mp4,6249,208.50850850850853,29.97,1314,2,traffic_signs,0.8801156878471375,134.3992156982422,707.5402221679688,187.42721557617188,746.5933837890625,160.91321563720703,727.0668029785156,53.02799987792969,39.05316162109375
IMG_0029.mp4,6249,208.50850850850853,29.97,1318,2,traffic_signs,0.8752509951591492,67.77729034423828,680.6526489257812,110.2509536743164,714.5676879882812,89.01412200927734,697.6101684570312,42.473663330078125,33.9150390625
IMG_0029.mp4,6249,208.50850850850853,29.97,1321,2,traffic_signs,0.6647116541862488,1058.0518798828125,804.1203002929688,1072.318115234375,814.926025390625,1065.1849975585938,809.5231628417969,14.2662353515625,10.80572509765625
IMG_0029.mp4,6250,208.54187520854188,29.97,1314,2,traffic_signs,0.8936416506767273,143.93649291992188,707.369384765625,196.5079345703125,747.3681030273438,170.2222137451172,727.3687438964844,52.571441650390625,39.99871826171875
IMG_0029.mp4,6250,208.54187520854188,29.97,1318,2,traffic_signs,0.8696333169937134,78.57671356201172,680.6115112304688,120.76226806640625,715.6047973632812,99.66949081420898,698.108154296875,42.18555450439453,34.9932861328125
IMG_0029.mp4,6250,208.54187520854188,29.97,1321,2,traffic_signs,0.7338533997535706,1065.5048828125,804.3739013671875,1081.225830078125,814.560302734375,1073.3653564453125,809.4671020507812,15.720947265625,10.1864013671875
IMG_0029.mp4,6251,208.57524190857524,29.97,1314,2,traffic_signs,0.9012270569801331,154.7119903564453,707.4126586914062,206.19361877441406,747.8783569335938,180.4528045654297,727.6455078125,51.48162841796875,40.4656982421875
IMG_0029.mp4,6251,208.57524190857524,29.97,1318,2,traffic_signs,0.8748778700828552,90.15045928955078,680.8872680664062,131.90521240234375,715.9424438476562,111.02783584594727,698.4148559570312,41.75475311279297,35.05517578125
IMG_0029.mp4,6251,208.57524190857524,29.97,1321,2,traffic_signs,0.7298629283905029,1073.2730712890625,803.9593505859375,1089.121826171875,814.628173828125,1081.1974487304688,809.2937622070312,15.8487548828125,10.6688232421875
IMG_0029.mp4,6252,208.60860860860862,29.97,1314,2,traffic_signs,0.894274115562439,165.20689392089844,707.5888671875,216.68716430664062,748.1997680664062,190.94702911376953,727.8943176269531,51.48027038574219,40.61090087890625
IMG_0029.mp4,6252,208.60860860860862,29.97,1318,2,traffic_signs,0.8704553842544556,101.22376251220703,681.3074340820312,142.63339233398438,716.2149047851562,121.9285774230957,698.7611694335938,41.409629821777344,34.907470703125
IMG_0029.mp4,6252,208.60860860860862,29.97,1321,2,traffic_signs,0.4710141122341156,1081.3265380859375,804.1465454101562,1097.6832275390625,814.4160766601562,1089.5048828125,809.2813110351562,16.356689453125,10.26953125
IMG_0029.mp4,6253,208.64197530864197,29.97,1314,2,traffic_signs,0.9115743637084961,176.4741973876953,708.667724609375,226.32408142089844,748.3270263671875,201.39913940429688,728.4973754882812,49.849884033203125,39.6593017578125
IMG_0029.mp4,6253,208.64197530864197,29.97,1318,2,traffic_signs,0.8821095824241638,112.33753967285156,681.9449462890625,153.6075439453125,717.1434326171875,132.97254180908203,699.544189453125,41.27000427246094,35.198486328125
IMG_0029.mp4,6253,208.64197530864197,29.97,1321,2,traffic_signs,0.42486071586608887,1090.56640625,804.287353515625,1106.5191650390625,814.2803344726562,1098.5427856445312,809.2838439941406,15.9527587890625,9.99298095703125
IMG_0029.mp4,6254,208.67534200867536,29.97,1314,2,traffic_signs,0.9121960997581482,186.80831909179688,709.4076538085938,235.88340759277344,748.1580810546875,211.34586334228516,728.7828674316406,49.07508850097656,38.75042724609375
IMG_0029.mp4,6254,208.67534200867536,29.97,1318,2,traffic_signs,0.8693644404411316,123.51686096191406,681.9420776367188,164.91082763671875,717.9822998046875,144.2138442993164,699.9621887207031,41.39396667480469,36.04022216796875
IMG_0029.mp4,6254,208.67534200867536,29.97,1321,2,traffic_signs,0.6469424366950989,1099.1121826171875,803.98095703125,1114.205078125,814.1849365234375,1106.6586303710938,809.0829467773438,15.0928955078125,10.2039794921875
IMG_0029.mp4,6255,208.7087087087087,29.97,1314,2,traffic_signs,0.5556135177612305,197.69363403320312,710.0923461914062,247.48716735839844,748.1913452148438,222.59040069580078,729.141845703125,49.79353332519531,38.0989990234375
IMG_0029.mp4,6255,208.7087087087087,29.97,1318,2,traffic_signs,0.7299880385398865,135.25250244140625,682.0430908203125,176.16082763671875,718.0220947265625,155.7066650390625,700.0325927734375,40.9083251953125,35.97900390625
IMG_0029.mp4,6255,208.7087087087087,29.97,1321,2,traffic_signs,0.7532845139503479,1107.8092041015625,803.5902099609375,1122.8685302734375,814.4886474609375,1115.3388671875,809.0394287109375,15.059326171875,10.8984375
IMG_0029.mp4,6256,208.7420754087421,29.97,1314,2,traffic_signs,0.9277225136756897,208.69088745117188,710.6477661132812,256.77874755859375,748.6965942382812,232.7348175048828,729.6721801757812,48.087860107421875,38.048828125
IMG_0029.mp4,6256,208.7420754087421,29.97,1318,2,traffic_signs,0.8124868273735046,147.04742431640625,682.9100341796875,187.45242309570312,718.668212890625,167.2499237060547,700.7891235351562,40.404998779296875,35.7581787109375
IMG_0029.mp4,6256,208.7420754087421,29.97,1321,2,traffic_signs,0.7666884064674377,1115.8935546875,803.9043579101562,1132.03271484375,814.4783325195312,1123.963134765625,809.1913452148438,16.13916015625,10.573974609375
IMG_0029.mp4,6257,208.77544210877545,29.97,1314,2,traffic_signs,0.9304129481315613,219.5623321533203,710.833984375,267.2704162597656,748.6358642578125,243.41637420654297,729.7349243164062,47.70808410644531,37.8018798828125
IMG_0029.mp4,6257,208.77544210877545,29.97,1318,2,traffic_signs,0.9066584706306458,159.3058319091797,684.1146240234375,197.9536895751953,718.6618041992188,178.6297607421875,701.3882141113281,38.647857666015625,34.54718017578125
IMG_0029.mp4,6257,208.77544210877545,29.97,1321,2,traffic_signs,0.6862756013870239,1125.2344970703125,803.76318359375,1141.43212890625,814.5888061523438,1133.3333129882812,809.1759948730469,16.1976318359375,10.82562255859375
IMG_0029.mp4,6258,208.8088088088088,29.97,1314,2,traffic_signs,0.9228602647781372,231.40420532226562,711.3145141601562,278.2467956542969,748.7838134765625,254.82550048828125,730.0491638183594,46.84259033203125,37.46929931640625
IMG_0029.mp4,6258,208.8088088088088,29.97,1318,2,traffic_signs,0.9017178416252136,171.84092712402344,684.5079956054688,209.88739013671875,719.0869140625,190.8641586303711,701.7974548339844,38.04646301269531,34.57891845703125
IMG_0029.mp4,6258,208.8088088088088,29.97,1321,2,traffic_signs,0.5408097505569458,1134.8590087890625,803.6617431640625,1151.6595458984375,814.4354858398438,1143.25927734375,809.0486145019531,16.800537109375,10.77374267578125
IMG_0029.mp4,6259,208.8421755088422,29.97,1314,2,traffic_signs,0.9263139963150024,241.52175903320312,711.4298706054688,288.9771728515625,748.8325805664062,265.2494659423828,730.1312255859375,47.455413818359375,37.4027099609375
IMG_0029.mp4,6259,208.8421755088422,29.97,1318,2,traffic_signs,0.9020595550537109,183.11117553710938,685.2562866210938,220.92074584960938,719.0348510742188,202.01596069335938,702.1455688476562,37.8095703125,33.778564453125
IMG_0029.mp4,6259,208.8421755088422,29.97,1321,2,traffic_signs,0.7748837471008301,1144.71142578125,803.2024536132812,1160.9486083984375,814.5130004882812,1152.8300170898438,808.8577270507812,16.2371826171875,11.310546875
IMG_0029.mp4,6260,208.87554220887554,29.97,1314,2,traffic_signs,0.91745525598526,253.8624725341797,711.3781127929688,299.6170654296875,749.0751342773438,276.7397689819336,730.2266235351562,45.75459289550781,37.697021484375
IMG_0029.mp4,6260,208.87554220887554,29.97,1318,2,traffic_signs,0.8998951315879822,195.5480194091797,685.45068359375,233.35231018066406,719.124755859375,214.45016479492188,702.2877197265625,37.804290771484375,33.674072265625
IMG_0029.mp4,6260,208.87554220887554,29.97,1321,2,traffic_signs,0.6599406003952026,1155.0821533203125,803.3204956054688,1171.3251953125,814.4407958984375,1163.2036743164062,808.8806457519531,16.2430419921875,11.12030029296875
IMG_0029.mp4,6261,208.90890890890893,29.97,1314,2,traffic_signs,0.9336515665054321,265.55224609375,710.94775390625,310.6410217285156,748.8948974609375,288.0966339111328,729.9213256835938,45.088775634765625,37.9471435546875
IMG_0029.mp4,6261,208.90890890890893,29.97,1318,2,traffic_signs,0.9001502990722656,208.15609741210938,685.7255249023438,245.57594299316406,719.1746215820312,226.86602020263672,702.4500732421875,37.41984558105469,33.4490966796875
IMG_0029.mp4,6261,208.90890890890893,29.97,1321,2,traffic_signs,0.7731959819793701,1165.0328369140625,803.24853515625,1182.0181884765625,814.3817138671875,1173.5255126953125,808.8151245117188,16.9853515625,11.1331787109375
IMG_0029.mp4,6262,208.94227560894228,29.97,1314,2,traffic_signs,0.9221882820129395,276.9658508300781,710.3939819335938,322.0531005859375,749.2522583007812,299.5094757080078,729.8231201171875,45.087249755859375,38.8582763671875
IMG_0029.mp4,6262,208.94227560894228,29.97,1318,2,traffic_signs,0.8891941905021667,220.26959228515625,686.1776733398438,257.6788330078125,719.4598388671875,238.97421264648438,702.8187561035156,37.40924072265625,33.28216552734375
IMG_0029.mp4,6262,208.94227560894228,29.97,1321,2,traffic_signs,0.5144484639167786,1175.501708984375,803.2520751953125,1192.324951171875,813.987548828125,1183.913330078125,808.6198120117188,16.8232421875,10.7354736328125
IMG_0029.mp4,6263,208.97564230897564,29.97,1314,2,traffic_signs,0.9231078624725342,288.56494140625,710.5494995117188,333.54010009765625,749.003173828125,311.0525207519531,729.7763366699219,44.97515869140625,38.45367431640625
IMG_0029.mp4,6263,208.97564230897564,29.97,1318,2,traffic_signs,0.8925161957740784,232.58395385742188,686.6005859375,269.53192138671875,719.5062255859375,251.0579376220703,703.0534057617188,36.947967529296875,32.9056396484375
IMG_0029.mp4,6263,208.97564230897564,29.97,1321,2,traffic_signs,0.6160783767700195,1186.8292236328125,803.0848388671875,1204.0745849609375,813.7039794921875,1195.451904296875,808.3944091796875,17.245361328125,10.619140625
IMG_0029.mp4,6264,209.00900900900902,29.97,1314,2,traffic_signs,0.9253687858581543,300.92547607421875,710.7835693359375,345.72796630859375,749.2294311523438,323.32672119140625,730.0065002441406,44.802490234375,38.44586181640625
IMG_0029.mp4,6264,209.00900900900902,29.97,1318,2,traffic_signs,0.8843410611152649,245.73475646972656,687.105224609375,282.1059875488281,720.0554809570312,263.92037200927734,703.5803527832031,36.37123107910156,32.95025634765625
IMG_0029.mp4,6264,209.00900900900902,29.97,1321,2,traffic_signs,0.5735617876052856,1197.64599609375,803.2373657226562,1214.2376708984375,814.007568359375,1205.9418334960938,808.6224670410156,16.5916748046875,10.77020263671875
IMG_0029.mp4,6264,209.00900900900902,29.97,1325,1,traffic_lights,0.5465067625045776,237.53704833984375,718.0341796875,274.22442626953125,764.8963012695312,255.8807373046875,741.4652404785156,36.6873779296875,46.86212158203125
IMG_0029.mp4,6265,209.04237570904237,29.97,1314,2,traffic_signs,0.9318730235099792,312.8100280761719,710.6571044921875,357.24267578125,749.4801635742188,335.02635192871094,730.0686340332031,44.432647705078125,38.82305908203125
IMG_0029.mp4,6265,209.04237570904237,29.97,1318,2,traffic_signs,0.874406635761261,258.1651611328125,687.6911010742188,293.83331298828125,720.6611328125,275.9992370605469,704.1761169433594,35.66815185546875,32.97003173828125
IMG_0029.mp4,6265,209.04237570904237,29.97,1321,2,traffic_signs,0.6936488747596741,1208.5848388671875,803.2811279296875,1225.7841796875,814.037841796875,1217.1845092773438,808.6594848632812,17.1993408203125,10.7567138671875
IMG_0029.mp4,6265,209.04237570904237,29.97,1325,1,traffic_lights,0.5478460788726807,249.93592834472656,718.9212646484375,285.14788818359375,764.58984375,267.54190826416016,741.7555541992188,35.21195983886719,45.6685791015625
IMG_0029.mp4,6266,209.07574240907576,29.97,1314,2,traffic_signs,0.8948972225189209,324.8310241699219,710.2149047851562,368.7735290527344,749.4351806640625,346.8022766113281,729.8250427246094,43.9425048828125,39.22027587890625
IMG_0029.mp4,6266,209.07574240907576,29.97,1318,2,traffic_signs,0.8560836911201477,270.7544860839844,687.85888671875,306.12628173828125,720.8513793945312,288.4403839111328,704.3551330566406,35.371795654296875,32.99249267578125
IMG_0029.mp4,6266,209.07574240907576,29.97,1325,1,traffic_lights,0.44686758518218994,264.2992858886719,718.74560546875,298.3771057128906,763.416748046875,281.33819580078125,741.0811767578125,34.07781982421875,44.671142578125
IMG_0029.mp4,6267,209.1091091091091,29.97,1314,2,traffic_signs,0.7802685499191284,338.0601501464844,710.5224609375,381.29559326171875,749.3506469726562,359.67787170410156,729.9365539550781,43.235443115234375,38.82818603515625
IMG_0029.mp4,6267,209.1091091091091,29.97,1318,2,traffic_signs,0.6672168970108032,283.67510986328125,688.4467163085938,318.9644775390625,721.39990234375,301.3197937011719,704.9233093261719,35.28936767578125,32.95318603515625
IMG_0029.mp4,6267,209.1091091091091,29.97,1325,1,traffic_lights,0.7151025533676147,276.7390441894531,719.1687622070312,313.4590148925781,763.689208984375,295.0990295410156,741.4289855957031,36.719970703125,44.52044677734375
IMG_0029.mp4,6267,209.1091091091091,29.97,1326,1,traffic_lights,0.6726056337356567,3.183950901031494,483.769775390625,46.83974075317383,543.377197265625,25.01184582710266,513.573486328125,43.655789852142334,59.607421875
IMG_0029.mp4,6268,209.1424758091425,29.97,1314,2,traffic_signs,0.93196040391922,349.93255615234375,710.7431640625,392.3951416015625,749.4161376953125,371.1638488769531,730.0796508789062,42.46258544921875,38.6729736328125
IMG_0029.mp4,6268,209.1424758091425,29.97,1318,2,traffic_signs,0.8435324430465698,295.647216796875,688.5985717773438,331.3154602050781,721.4752197265625,313.48133850097656,705.0368957519531,35.668243408203125,32.87664794921875
IMG_0029.mp4,6268,209.1424758091425,29.97,1325,1,traffic_lights,0.6232385039329529,289.0927734375,720.64990234375,325.3090515136719,763.3944091796875,307.20091247558594,742.0221557617188,36.216278076171875,42.7445068359375
IMG_0029.mp4,6268,209.1424758091425,29.97,1326,1,traffic_lights,0.7108724117279053,12.729007720947266,484.12921142578125,61.52467346191406,544.3828125,37.126840591430664,514.2560119628906,48.7956657409668,60.25360107421875
IMG_0029.mp4,6268,209.1424758091425,29.97,1321,2,traffic_signs,0.39911869168281555,1242.8673095703125,802.5016479492188,1260.4954833984375,812.8809814453125,1251.681396484375,807.6913146972656,17.628173828125,10.37933349609375
IMG_0029.mp4,6269,209.17584250917585,29.97,1314,2,traffic_signs,0.9224587082862854,361.7404479980469,710.8685302734375,403.8299560546875,749.3128662109375,382.7852020263672,730.0906982421875,42.089508056640625,38.4443359375
IMG_0029.mp4,6269,209.17584250917585,29.97,1318,2,traffic_signs,0.8509808778762817,307.9184875488281,689.0265502929688,343.2596130371094,722.1495361328125,325.58905029296875,705.5880432128906,35.34112548828125,33.12298583984375
IMG_0029.mp4,6269,209.17584250917585,29.97,1325,1,traffic_lights,0.58946692943573,301.8788146972656,721.9452514648438,336.27032470703125,763.1166381835938,319.07456970214844,742.5309448242188,34.391510009765625,41.17138671875
IMG_0029.mp4,6269,209.17584250917585,29.97,1326,1,traffic_lights,0.7072797417640686,28.083776473999023,486.9847106933594,76.61088562011719,545.9783325195312,52.347331047058105,516.4815216064453,48.527109146118164,58.993621826171875
IMG_0029.mp4,6269,209.17584250917585,29.97,1321,2,traffic_signs,0.31439870595932007,1255.0784912109375,802.1648559570312,1273.3375244140625,812.9683227539062,1264.2080078125,807.5665893554688,18.259033203125,10.803466796875
IMG_0029.mp4,6270,209.2092092092092,29.97,1314,2,traffic_signs,0.9200955033302307,374.2170715332031,711.3812255859375,417.2682189941406,749.5320434570312,395.7426452636719,730.4566345214844,43.0511474609375,38.15081787109375
IMG_0029.mp4,6270,209.2092092092092,29.97,1318,2,traffic_signs,0.8545578122138977,322.5455627441406,689.2555541992188,356.95208740234375,722.209716796875,339.7488250732422,705.7326354980469,34.406524658203125,32.95416259765625
IMG_0029.mp4,6270,209.2092092092092,29.97,1325,1,traffic_lights,0.3968403935432434,317.0417175292969,721.9287109375,349.1429443359375,762.7174682617188,333.0923309326172,742.3230895996094,32.101226806640625,40.78875732421875
IMG_0029.mp4,6270,209.2092092092092,29.97,1326,1,traffic_lights,0.6331854462623596,45.516719818115234,489.0284118652344,93.23064422607422,547.8775634765625,69.37368202209473,518.4529876708984,47.713924407958984,58.849151611328125
IMG_0029.mp4,6271,209.2425759092426,29.97,1314,2,traffic_signs,0.915924072265625,386.251220703125,711.9832153320312,429.396728515625,749.3672485351562,407.823974609375,730.6752319335938,43.1455078125,37.384033203125
IMG_0029.mp4,6271,209.2425759092426,29.97,1318,2,traffic_signs,0.867580771446228,336.443115234375,689.5785522460938,369.87896728515625,722.89892578125,353.1610412597656,706.2387390136719,33.43585205078125,33.32037353515625
IMG_0029.mp4,6271,209.2425759092426,29.97,1325,1,traffic_lights,0.5501821041107178,328.0721130371094,722.360595703125,360.6984558105469,763.5091552734375,344.3852844238281,742.9348754882812,32.6263427734375,41.1485595703125
IMG_0029.mp4,6271,209.2425759092426,29.97,1326,1,traffic_lights,0.8610448241233826,62.116600036621094,491.7716064453125,110.02932739257812,549.5662841796875,86.07296371459961,520.6689453125,47.91272735595703,57.794677734375
IMG_0029.mp4,6272,209.27594260927594,29.97,1314,2,traffic_signs,0.9167022109031677,398.54376220703125,712.3292846679688,441.32049560546875,749.7487182617188,419.93212890625,731.0390014648438,42.7767333984375,37.41943359375
IMG_0029.mp4,6272,209.27594260927594,29.97,1318,2,traffic_signs,0.8634113073348999,350.0857238769531,689.808837890625,382.50213623046875,723.4331665039062,366.29393005371094,706.6210021972656,32.416412353515625,33.62432861328125
IMG_0029.mp4,6272,209.27594260927594,29.97,1326,1,traffic_lights,0.8495550155639648,78.98294830322266,493.1175842285156,125.26175689697266,551.3709106445312,102.12235260009766,522.2442474365234,46.27880859375,58.253326416015625
IMG_0029.mp4,6272,209.27594260927594,29.97,1321,2,traffic_signs,0.4116339385509491,1293.203857421875,800.6727905273438,1312.1583251953125,812.4246215820312,1302.6810913085938,806.5487060546875,18.9544677734375,11.7518310546875
IMG_0029.mp4,6273,209.30930930930933,29.97,1314,2,traffic_signs,0.9128684401512146,409.43365478515625,712.334716796875,452.28082275390625,749.9734497070312,430.85723876953125,731.1540832519531,42.84716796875,37.63873291015625
IMG_0029.mp4,6273,209.30930930930933,29.97,1318,2,traffic_signs,0.8684617280960083,362.4869689941406,690.3346557617188,394.1067810058594,724.2916259765625,378.296875,707.3131408691406,31.61981201171875,33.95697021484375
IMG_0029.mp4,6273,209.30930930930933,29.97,1326,1,traffic_lights,0.7215416431427002,94.08592987060547,495.37847900390625,137.8731231689453,553.2883911132812,115.97952651977539,524.3334350585938,43.787193298339844,57.909912109375
IMG_0029.mp4,6274,209.34267600934268,29.97,1314,2,traffic_signs,0.9143517017364502,422.9371337890625,712.8783569335938,464.88873291015625,750.1766357421875,443.9129333496094,731.5274963378906,41.95159912109375,37.29827880859375
IMG_0029.mp4,6274,209.34267600934268,29.97,1318,2,traffic_signs,0.8777483701705933,375.7867736816406,690.7932739257812,407.52313232421875,724.3798217773438,391.6549530029297,707.5865478515625,31.736358642578125,33.5865478515625
IMG_0029.mp4,6274,209.34267600934268,29.97,1326,1,traffic_lights,0.5545877814292908,110.78518676757812,497.40838623046875,153.76953125,554.93896484375,132.27735900878906,526.1736755371094,42.984344482421875,57.53057861328125
IMG_0029.mp4,6274,209.34267600934268,29.97,1325,1,traffic_lights,0.7127307653427124,368.2311096191406,720.8479614257812,403.0492858886719,763.94091796875,385.64019775390625,742.3944396972656,34.81817626953125,43.09295654296875
IMG_0029.mp4,6275,209.37604270937604,29.97,1314,2,traffic_signs,0.9083733558654785,435.01806640625,713.7012329101562,476.0595703125,749.951904296875,455.538818359375,731.8265686035156,41.04150390625,36.25067138671875
IMG_0029.mp4,6275,209.37604270937604,29.97,1318,2,traffic_signs,0.8497198820114136,388.1024475097656,691.0523071289062,419.8874816894531,725.1146240234375,403.9949645996094,708.0834655761719,31.7850341796875,34.06231689453125
IMG_0029.mp4,6275,209.37604270937604,29.97,1326,1,traffic_lights,0.6584219932556152,126.30354309082031,498.9283142089844,169.95211791992188,556.3004150390625,148.1278305053711,527.6143646240234,43.64857482910156,57.372100830078125
IMG_0029.mp4,6275,209.37604270937604,29.97,1325,1,traffic_lights,0.6143921613693237,380.8663635253906,720.5829467773438,414.6336364746094,764.688232421875,397.75,742.6355895996094,33.76727294921875,44.10528564453125
IMG_0029.mp4,6276,209.40940940940942,29.97,1314,2,traffic_signs,0.9096869230270386,448.3611145019531,714.483642578125,488.3802795410156,750.205078125,468.3706970214844,732.3443603515625,40.0191650390625,35.721435546875
IMG_0029.mp4,6276,209.40940940940942,29.97,1318,2,traffic_signs,0.862000584602356,401.7488708496094,691.5126953125,432.7894287109375,725.09423828125,417.26914978027344,708.303466796875,31.040557861328125,33.58154296875
IMG_0029.mp4,6276,209.40940940940942,29.97,1326,1,traffic_lights,0.8273143172264099,143.1683807373047,501.9284973144531,185.54489135742188,558.0575561523438,164.35663604736328,529.9930267333984,42.37651062011719,56.129058837890625
IMG_0029.mp4,6276,209.40940940940942,29.97,1325,1,traffic_lights,0.6247484087944031,394.5069885253906,720.697265625,427.9463806152344,764.9567260742188,411.2266845703125,742.8269958496094,33.43939208984375,44.25946044921875
IMG_0029.mp4,6277,209.44277610944278,29.97,1314,2,traffic_signs,0.9089384078979492,459.7667541503906,714.6438598632812,499.5001525878906,750.072509765625,479.6334533691406,732.3581848144531,39.7333984375,35.42864990234375
IMG_0029.mp4,6277,209.44277610944278,29.97,1318,2,traffic_signs,0.8624506592750549,413.3919677734375,691.748779296875,444.5874328613281,725.2758178710938,428.9897003173828,708.5122985839844,31.195465087890625,33.52703857421875
IMG_0029.mp4,6277,209.44277610944278,29.97,1326,1,traffic_lights,0.8456032872200012,157.88739013671875,504.1103515625,197.83409118652344,559.361572265625,177.8607406616211,531.7359619140625,39.94670104980469,55.251220703125
IMG_0029.mp4,6277,209.44277610944278,29.97,1325,1,traffic_lights,0.4090765118598938,406.5690612792969,721.4854125976562,438.7655944824219,765.4417114257812,422.6673278808594,743.4635620117188,32.196533203125,43.956298828125
IMG_0029.mp4,6278,209.47614280947616,29.97,1314,2,traffic_signs,0.9026978015899658,471.28082275390625,714.9876098632812,511.1796569824219,750.200439453125,491.23023986816406,732.5940246582031,39.898834228515625,35.21282958984375
IMG_0029.mp4,6278,209.47614280947616,29.97,1318,2,traffic_signs,0.8632099032402039,425.5752868652344,692.3016357421875,456.2392883300781,724.9837036132812,440.90728759765625,708.6426696777344,30.66400146484375,32.68206787109375
IMG_0029.mp4,6278,209.47614280947616,29.97,1326,1,traffic_lights,0.6571148037910461,172.4647216796875,505.6581726074219,210.65060424804688,560.5759887695312,191.5576629638672,533.1170806884766,38.185882568359375,54.917816162109375
IMG_0029.mp4,6278,209.47614280947616,29.97,1325,1,traffic_lights,0.8075921535491943,416.7016296386719,721.7571411132812,452.0017395019531,765.3541259765625,434.3516845703125,743.5556335449219,35.30010986328125,43.59698486328125
IMG_0029.mp4,6279,209.5095095095095,29.97,1314,2,traffic_signs,0.8987481594085693,483.525146484375,715.4915161132812,523.1270751953125,750.0238647460938,503.32611083984375,732.7576904296875,39.6019287109375,34.5323486328125
IMG_0029.mp4,6279,209.5095095095095,29.97,1318,2,traffic_signs,0.8365805149078369,438.4329528808594,692.8041381835938,469.1286926269531,725.3700561523438,453.78082275390625,709.0870971679688,30.69573974609375,32.56591796875
IMG_0029.mp4,6279,209.5095095095095,29.97,1326,1,traffic_lights,0.8733004331588745,187.79420471191406,507.31561279296875,226.4314422607422,562.1680908203125,207.11282348632812,534.7418518066406,38.637237548828125,54.85247802734375
IMG_0029.mp4,6279,209.5095095095095,29.97,1325,1,traffic_lights,0.7954272627830505,429.41485595703125,722.3086547851562,464.55316162109375,765.2540893554688,446.9840087890625,743.7813720703125,35.1383056640625,42.9454345703125
IMG_0029.mp4,6280,209.5428762095429,29.97,1314,2,traffic_signs,0.8951789140701294,495.8569030761719,715.7849731445312,535.7010498046875,750.2415161132812,515.7789764404297,733.0132446289062,39.844146728515625,34.45654296875
IMG_0029.mp4,6280,209.5428762095429,29.97,1318,2,traffic_signs,0.8464471101760864,452.00714111328125,693.26953125,481.9296569824219,725.4541625976562,466.96839904785156,709.3618469238281,29.922515869140625,32.18463134765625
IMG_0029.mp4,6280,209.5428762095429,29.97,1326,1,traffic_lights,0.7673624157905579,203.92625427246094,509.05084228515625,243.89361572265625,564.2252807617188,223.9099349975586,536.6380615234375,39.96736145019531,55.1744384765625
IMG_0029.mp4,6280,209.5428762095429,29.97,1325,1,traffic_lights,0.7872890830039978,441.1427001953125,723.4166870117188,478.0686340332031,765.4376220703125,459.6056671142578,744.4271545410156,36.925933837890625,42.02093505859375
IMG_0029.mp4,6280,209.5428762095429,29.97,1330,2,traffic_signs,0.684798002243042,2.5904438495635986,554.450439453125,36.69523620605469,646.4952392578125,19.642840027809143,600.4728393554688,34.10479235649109,92.0447998046875
IMG_0029.mp4,6281,209.57624290957625,29.97,1314,2,traffic_signs,0.9025436639785767,507.9173278808594,716.0833740234375,547.4125366210938,750.1851806640625,527.6649322509766,733.13427734375,39.495208740234375,34.101806640625
IMG_0029.mp4,6281,209.57624290957625,29.97,1318,2,traffic_signs,0.851330041885376,464.37261962890625,693.6450805664062,494.0980224609375,725.8921508789062,479.2353210449219,709.7686157226562,29.72540283203125,32.2470703125
IMG_0029.mp4,6281,209.57624290957625,29.97,1326,1,traffic_lights,0.8187472820281982,218.35592651367188,509.9806213378906,257.7292175292969,565.2968139648438,238.04257202148438,537.6387176513672,39.373291015625,55.316192626953125
IMG_0029.mp4,6281,209.57624290957625,29.97,1325,1,traffic_lights,0.6429458260536194,455.81353759765625,724.4747924804688,490.10125732421875,765.21923828125,472.9573974609375,744.8470153808594,34.2877197265625,40.74444580078125
IMG_0029.mp4,6281,209.57624290957625,29.97,1330,2,traffic_signs,0.9360302686691284,3.772892713546753,551.8421020507812,48.55537033081055,646.6959228515625,26.16413152217865,599.2690124511719,44.782477617263794,94.85382080078125
IMG_0029.mp4,6282,209.6096096096096,29.97,1314,2,traffic_signs,0.8898241519927979,520.0670166015625,716.3348999023438,559.6055297851562,750.3551635742188,539.8362731933594,733.3450317382812,39.53851318359375,34.020263671875
IMG_0029.mp4,6282,209.6096096096096,29.97,1318,2,traffic_signs,0.8386707305908203,477.25421142578125,694.0823364257812,506.2563171386719,726.3909301757812,491.75526428222656,710.2366333007812,29.002105712890625,32.30859375
IMG_0029.mp4,6282,209.6096096096096,29.97,1326,1,traffic_lights,0.7828297019004822,233.5773468017578,511.58184814453125,272.07794189453125,566.4495849609375,252.82764434814453,539.0157165527344,38.50059509277344,54.86773681640625
IMG_0029.mp4,6282,209.6096096096096,29.97,1325,1,traffic_lights,0.7798951864242554,468.0201416015625,724.2780151367188,503.1370544433594,765.0894775390625,485.57859802246094,744.6837463378906,35.116912841796875,40.81146240234375
IMG_0029.mp4,6282,209.6096096096096,29.97,1330,2,traffic_signs,0.9375870227813721,4.730077743530273,550.066162109375,61.91157150268555,652.5626220703125,33.32082462310791,601.3143920898438,57.18149375915527,102.4964599609375
IMG_0029.mp4,6283,209.642976309643,29.97,1314,2,traffic_signs,0.8894025087356567,531.3666381835938,716.3161010742188,571.1477661132812,750.2048950195312,551.2572021484375,733.260498046875,39.7811279296875,33.8887939453125
IMG_0029.mp4,6283,209.642976309643,29.97,1318,2,traffic_signs,0.8091924786567688,488.9087219238281,694.2820434570312,517.7615966796875,726.4306640625,503.3351593017578,710.3563537597656,28.852874755859375,32.14862060546875
IMG_0029.mp4,6283,209.642976309643,29.97,1326,1,traffic_lights,0.8823529481887817,247.35084533691406,513.629638671875,284.7333679199219,567.1686401367188,266.04210662841797,540.3991394042969,37.38252258300781,53.53900146484375
IMG_0029.mp4,6283,209.642976309643,29.97,1325,1,traffic_lights,0.7384908199310303,479.8190612792969,723.0323486328125,514.6766357421875,765.3372802734375,497.2478485107422,744.184814453125,34.857574462890625,42.304931640625
IMG_0029.mp4,6283,209.642976309643,29.97,1330,2,traffic_signs,0.9364662170410156,3.2493176460266113,550.0458374023438,73.59089660644531,653.2330322265625,38.42010712623596,601.6394348144531,70.3415789604187,103.18719482421875
IMG_0029.mp4,6284,209.67634300967634,29.97,1314,2,traffic_signs,0.8839005827903748,543.0953979492188,716.3818969726562,582.8314208984375,750.2993774414062,562.9634094238281,733.3406372070312,39.73602294921875,33.91748046875
IMG_0029.mp4,6284,209.67634300967634,29.97,1318,2,traffic_signs,0.8502920269966125,501.4729309082031,694.3623657226562,529.7343139648438,726.2455444335938,515.6036224365234,710.303955078125,28.261383056640625,31.8831787109375
IMG_0029.mp4,6284,209.67634300967634,29.97,1326,1,traffic_lights,0.8764486312866211,262.0986022949219,515.0294189453125,298.6180419921875,568.1348876953125,280.3583221435547,541.5821533203125,36.519439697265625,53.10546875
IMG_0029.mp4,6284,209.67634300967634,29.97,1325,1,traffic_lights,0.7730453014373779,492.2762756347656,724.8905639648438,526.7890014648438,765.2272338867188,509.5326385498047,745.0588989257812,34.512725830078125,40.336669921875
IMG_0029.mp4,6284,209.67634300967634,29.97,1330,2,traffic_signs,0.9337018728256226,2.7349743843078613,549.6069946289062,86.66163635253906,654.2377319335938,44.69830536842346,601.92236328125,83.9266619682312,104.6307373046875
IMG_0029.mp4,6285,209.70970970970973,29.97,1314,2,traffic_signs,0.8926181793212891,555.838623046875,716.4742431640625,594.9776000976562,750.1644897460938,575.4081115722656,733.3193664550781,39.13897705078125,33.69024658203125
IMG_0029.mp4,6285,209.70970970970973,29.97,1318,2,traffic_signs,0.8248588442802429,514.388671875,694.6171875,542.38134765625,725.9395141601562,528.385009765625,710.2783508300781,27.99267578125,31.32232666015625
IMG_0029.mp4,6285,209.70970970970973,29.97,1326,1,traffic_lights,0.8939258456230164,277.443359375,516.822998046875,313.8657531738281,569.53857421875,295.65455627441406,543.1807861328125,36.422393798828125,52.715576171875
IMG_0029.mp4,6285,209.70970970970973,29.97,1325,1,traffic_lights,0.7612648010253906,506.07196044921875,724.657958984375,540.1781616210938,764.4996337890625,523.1250610351562,744.5787963867188,34.106201171875,39.8416748046875
IMG_0029.mp4,6285,209.70970970970973,29.97,1330,2,traffic_signs,0.9476749300956726,4.154767036437988,550.1088256835938,102.03811645507812,654.6597900390625,53.09644174575806,602.3843078613281,97.88334941864014,104.55096435546875
IMG_0029.mp4,6286,209.74307640974308,29.97,1314,2,traffic_signs,0.8862788677215576,567.4514770507812,716.5364379882812,606.8302612304688,750.2813720703125,587.140869140625,733.4089050292969,39.3787841796875,33.74493408203125
IMG_0029.mp4,6286,209.74307640974308,29.97,1318,2,traffic_signs,0.4600614607334137,526.3389282226562,694.8240966796875,553.9601440429688,726.2891235351562,540.1495361328125,710.5566101074219,27.6212158203125,31.46502685546875
IMG_0029.mp4,6286,209.74307640974308,29.97,1326,1,traffic_lights,0.8852249979972839,291.626708984375,518.1954956054688,327.3122863769531,570.3912353515625,309.46949768066406,544.2933654785156,35.685577392578125,52.19573974609375
IMG_0029.mp4,6286,209.74307640974308,29.97,1325,1,traffic_lights,0.8012446165084839,517.4540405273438,724.7744750976562,551.9869995117188,765.0643310546875,534.7205200195312,744.9194030761719,34.532958984375,40.28985595703125
IMG_0029.mp4,6286,209.74307640974308,29.97,1330,2,traffic_signs,0.9497084021568298,3.2244186401367188,550.2871704101562,114.20049285888672,655.555908203125,58.71245574951172,602.9215393066406,110.97607421875,105.26873779296875
IMG_0029.mp4,6287,209.77644310977644,29.97,1314,2,traffic_signs,0.889141857624054,579.4246215820312,716.7374267578125,618.526611328125,749.9216918945312,598.9756164550781,733.3295593261719,39.10198974609375,33.18426513671875
IMG_0029.mp4,6287,209.77644310977644,29.97,1318,2,traffic_signs,0.6236074566841125,538.3985595703125,694.339111328125,565.9232177734375,725.012451171875,552.160888671875,709.67578125,27.524658203125,30.67333984375
IMG_0029.mp4,6287,209.77644310977644,29.97,1326,1,traffic_lights,0.8639670610427856,305.66064453125,519.4092407226562,340.6175231933594,571.3434448242188,323.1390838623047,545.3763427734375,34.956878662109375,51.9342041015625
IMG_0029.mp4,6287,209.77644310977644,29.97,1325,1,traffic_lights,0.7391939759254456,529.027587890625,723.0535888671875,563.7531127929688,765.1002197265625,546.3903503417969,744.076904296875,34.72552490234375,42.046630859375
IMG_0029.mp4,6287,209.77644310977644,29.97,1330,2,traffic_signs,0.9516733884811401,2.434274673461914,550.4989013671875,125.92200469970703,654.82373046875,64.17813968658447,602.6613159179688,123.48773002624512,104.3248291015625
IMG_0029.mp4,6288,209.80980980980982,29.97,1314,2,traffic_signs,0.8809982538223267,591.6302490234375,717.0613403320312,630.265625,750.0667724609375,610.9479370117188,733.5640563964844,38.6353759765625,33.00543212890625
IMG_0029.mp4,6288,209.80980980980982,29.97,1318,2,traffic_signs,0.8477663993835449,550.8291625976562,694.2426147460938,578.0442504882812,724.9674072265625,564.4367065429688,709.6050109863281,27.215087890625,30.72479248046875
IMG_0029.mp4,6288,209.80980980980982,29.97,1326,1,traffic_lights,0.886406660079956,320.43621826171875,521.3890991210938,354.0328369140625,572.86328125,337.2345275878906,547.1261901855469,33.59661865234375,51.47418212890625
IMG_0029.mp4,6288,209.80980980980982,29.97,1325,1,traffic_lights,0.7257536053657532,541.6483154296875,724.3419799804688,575.4642944335938,765.4765014648438,558.5563049316406,744.9092407226562,33.81597900390625,41.134521484375
IMG_0029.mp4,6288,209.80980980980982,29.97,1330,2,traffic_signs,0.9605008363723755,4.721999168395996,551.159912109375,139.71600341796875,653.8890380859375,72.21900129318237,602.5244750976562,134.99400424957275,102.7291259765625
IMG_0029.mp4,6289,209.84317650984318,29.97,1314,2,traffic_signs,0.8920055031776428,603.54345703125,716.6993408203125,641.7373046875,749.9261474609375,622.640380859375,733.312744140625,38.19384765625,33.226806640625
IMG_0029.mp4,6289,209.84317650984318,29.97,1318,2,traffic_signs,0.33978357911109924,562.6395874023438,694.094482421875,589.6637573242188,724.5099487304688,576.1516723632812,709.3022155761719,27.024169921875,30.41546630859375
IMG_0029.mp4,6289,209.84317650984318,29.97,1326,1,traffic_lights,0.8812870383262634,333.4776916503906,522.3436279296875,366.25421142578125,573.2291870117188,349.86595153808594,547.7864074707031,32.776519775390625,50.88555908203125
IMG_0029.mp4,6289,209.84317650984318,29.97,1325,1,traffic_lights,0.7229399681091309,553.124755859375,724.1555786132812,587.1533813476562,765.1430053710938,570.1390686035156,744.6492919921875,34.02862548828125,40.9874267578125
IMG_0029.mp4,6289,209.84317650984318,29.97,1330,2,traffic_signs,0.9604713320732117,5.612514019012451,550.6178588867188,149.83627319335938,653.1509399414062,77.72439360618591,601.8843994140625,144.22375917434692,102.5330810546875
IMG_0029.mp4,6290,209.87654320987656,29.97,1314,2,traffic_signs,0.8945503830909729,615.720947265625,716.5507202148438,653.7024536132812,749.971923828125,634.7117004394531,733.2613220214844,37.98150634765625,33.42120361328125
IMG_0029.mp4,6290,209.87654320987656,29.97,1318,2,traffic_signs,0.7384265065193176,575.3624877929688,694.702392578125,601.2630615234375,725.2349243164062,588.3127746582031,709.9686584472656,25.90057373046875,30.53253173828125
IMG_0029.mp4,6290,209.87654320987656,29.97,1326,1,traffic_lights,0.8772870302200317,346.56781005859375,523.3460083007812,379.06402587890625,573.986328125,362.81591796875,548.6661682128906,32.4962158203125,50.64031982421875
IMG_0029.mp4,6290,209.87654320987656,29.97,1325,1,traffic_lights,0.7540861368179321,565.0139770507812,724.4940185546875,599.3020629882812,765.0060424804688,582.1580200195312,744.7500305175781,34.2880859375,40.51202392578125
IMG_0029.mp4,6290,209.87654320987656,29.97,1330,2,traffic_signs,0.9587841033935547,14.058282852172852,550.7155151367188,162.20016479492188,652.7266235351562,88.12922382354736,601.7210693359375,148.14188194274902,102.0111083984375
IMG_0029.mp4,6291,209.9099099099099,29.97,1314,2,traffic_signs,0.8933784365653992,628.2501220703125,716.5432739257812,665.6951293945312,749.511962890625,646.9726257324219,733.0276184082031,37.44500732421875,32.96868896484375
IMG_0029.mp4,6291,209.9099099099099,29.97,1318,2,traffic_signs,0.7993164658546448,588.381591796875,694.9829711914062,614.02783203125,725.26708984375,601.2047119140625,710.1250305175781,25.646240234375,30.28411865234375
IMG_0029.mp4,6291,209.9099099099099,29.97,1326,1,traffic_lights,0.8894022107124329,360.8471984863281,524.340576171875,393.19110107421875,575.1929931640625,377.01914978027344,549.7667846679688,32.343902587890625,50.8524169921875
IMG_0029.mp4,6291,209.9099099099099,29.97,1325,1,traffic_lights,0.7367687821388245,578.4442138671875,723.6962890625,611.4515380859375,764.5743408203125,594.9478759765625,744.1353149414062,33.00732421875,40.8780517578125
IMG_0029.mp4,6291,209.9099099099099,29.97,1330,2,traffic_signs,0.9598391056060791,28.37339210510254,550.8397216796875,176.6974334716797,652.3952026367188,102.53541278839111,601.6174621582031,148.32404136657715,101.55548095703125
IMG_0029.mp4,6292,209.9432766099433,29.97,1314,2,traffic_signs,0.8953977227210999,639.9098510742188,716.62841796875,676.564697265625,749.59423828125,658.2372741699219,733.111328125,36.65484619140625,32.9658203125
IMG_0029.mp4,6292,209.9432766099433,29.97,1318,2,traffic_signs,0.6301498413085938,599.8695678710938,694.9202270507812,625.6328735351562,726.06298828125,612.751220703125,710.4916076660156,25.7633056640625,31.14276123046875
IMG_0029.mp4,6292,209.9432766099433,29.97,1326,1,traffic_lights,0.8609946370124817,374.7105407714844,525.0810546875,407.63421630859375,576.5485229492188,391.17237854003906,550.8147888183594,32.923675537109375,51.46746826171875
IMG_0029.mp4,6292,209.9432766099433,29.97,1325,1,traffic_lights,0.7381385564804077,588.9863891601562,724.5184936523438,622.9221801757812,764.8868408203125,605.9542846679688,744.7026672363281,33.935791015625,40.36834716796875
IMG_0029.mp4,6292,209.9432766099433,29.97,1330,2,traffic_signs,0.9586520195007324,43.192108154296875,551.26611328125,190.05020141601562,652.5165405273438,116.62115478515625,601.8913269042969,146.85809326171875,101.25042724609375
IMG_0029.mp4,6293,209.97664330997665,29.97,1314,2,traffic_signs,0.9014405012130737,652.0659790039062,716.4503784179688,687.8724365234375,749.4246215820312,669.9692077636719,732.9375,35.80645751953125,32.9742431640625
IMG_0029.mp4,6293,209.97664330997665,29.97,1318,2,traffic_signs,0.7883431315422058,611.7140502929688,694.8482666015625,637.3963012695312,725.9413452148438,624.55517578125,710.3948059082031,25.6822509765625,31.09307861328125
IMG_0029.mp4,6293,209.97664330997665,29.97,1326,1,traffic_lights,0.8828113079071045,388.1348571777344,526.26806640625,421.2531433105469,577.59130859375,404.6940002441406,551.9296875,33.1182861328125,51.3232421875
IMG_0029.mp4,6293,209.97664330997665,29.97,1325,1,traffic_lights,0.733476996421814,601.4629516601562,724.1888427734375,634.9428100585938,764.766845703125,618.202880859375,744.4778442382812,33.4798583984375,40.5780029296875
IMG_0029.mp4,6293,209.97664330997665,29.97,1330,2,traffic_signs,0.9420175552368164,57.03296661376953,551.0077514648438,201.84803771972656,651.9839477539062,129.44050216674805,601.495849609375,144.81507110595703,100.9761962890625
IMG_0029.mp4,6294,210.01001001001,29.97,1314,2,traffic_signs,0.9088252782821655,664.2574462890625,715.9580078125,700.0740966796875,749.3067016601562,682.165771484375,732.6323547363281,35.816650390625,33.34869384765625
IMG_0029.mp4,6294,210.01001001001,29.97,1318,2,traffic_signs,0.823692262172699,623.9016723632812,694.8955688476562,649.0282592773438,725.5260620117188,636.4649658203125,710.2108154296875,25.1265869140625,30.6304931640625
IMG_0029.mp4,6294,210.01001001001,29.97,1326,1,traffic_lights,0.8725711107254028,401.4008483886719,526.9491577148438,434.1620788574219,578.12109375,417.7814636230469,552.5351257324219,32.76123046875,51.17193603515625
IMG_0029.mp4,6294,210.01001001001,29.97,1325,1,traffic_lights,0.7511434555053711,613.5978393554688,723.9918212890625,647.6143798828125,764.9885864257812,630.6061096191406,744.4902038574219,34.01654052734375,40.99676513671875
IMG_0029.mp4,6294,210.01001001001,29.97,1330,2,traffic_signs,0.9568137526512146,70.21674346923828,550.4140014648438,213.34695434570312,651.64306640625,141.7818489074707,601.0285339355469,143.13021087646484,101.22906494140625
IMG_0029.mp4,6295,210.0433767100434,29.97,1314,2,traffic_signs,0.899172306060791,675.7504272460938,715.6896362304688,711.2861938476562,748.8961791992188,693.518310546875,732.2929077148438,35.5357666015625,33.20654296875
IMG_0029.mp4,6295,210.0433767100434,29.97,1318,2,traffic_signs,0.8537476062774658,635.1271362304688,694.4533081054688,660.3824462890625,724.8141479492188,647.7547912597656,709.6337280273438,25.25531005859375,30.36083984375
IMG_0029.mp4,6295,210.0433767100434,29.97,1326,1,traffic_lights,0.890435516834259,414.246337890625,527.504638671875,446.07244873046875,578.5308227539062,430.1593933105469,553.0177307128906,31.82611083984375,51.02618408203125
IMG_0029.mp4,6295,210.0433767100434,29.97,1325,1,traffic_lights,0.689909040927887,626.0114135742188,723.1038818359375,658.8631591796875,764.7845458984375,642.4372863769531,743.9442138671875,32.85174560546875,41.6806640625
IMG_0029.mp4,6295,210.0433767100434,29.97,1330,2,traffic_signs,0.9544432163238525,81.86455535888672,550.2979736328125,224.67189025878906,651.2049560546875,153.2682228088379,600.75146484375,142.80733489990234,100.906982421875
IMG_0029.mp4,6296,210.07674341007674,29.97,1314,2,traffic_signs,0.9111947417259216,687.1802368164062,715.8228759765625,722.1127319335938,748.8632202148438,704.646484375,732.3430480957031,34.9324951171875,33.04034423828125
IMG_0029.mp4,6296,210.07674341007674,29.97,1318,2,traffic_signs,0.7167955040931702,646.4307861328125,694.8357543945312,671.6766357421875,725.7997436523438,659.0537109375,710.3177490234375,25.245849609375,30.9639892578125
IMG_0029.mp4,6296,210.07674341007674,29.97,1326,1,traffic_lights,0.8911821842193604,427.52349853515625,528.743896484375,458.8160095214844,579.3085327148438,443.1697540283203,554.0262145996094,31.292510986328125,50.56463623046875
IMG_0029.mp4,6296,210.07674341007674,29.97,1325,1,traffic_lights,0.6930947303771973,636.8455810546875,723.57373046875,670.4929809570312,764.6873779296875,653.6692810058594,744.1305541992188,33.64739990234375,41.1136474609375
IMG_0029.mp4,6296,210.07674341007674,29.97,1330,2,traffic_signs,0.9533397555351257,96.6600341796875,550.7034301757812,236.92359924316406,651.0755004882812,166.79181671142578,600.8894653320312,140.26356506347656,100.3720703125
IMG_0029.mp4,6297,210.11011011011013,29.97,1314,2,traffic_signs,0.9085797667503357,698.9954833984375,715.5430908203125,733.7868041992188,748.6607666015625,716.3911437988281,732.1019287109375,34.79132080078125,33.11767578125
IMG_0029.mp4,6297,210.11011011011013,29.97,1318,2,traffic_signs,0.8674194812774658,658.1630249023438,694.7247314453125,683.3282470703125,725.6946411132812,670.7456359863281,710.2096862792969,25.16522216796875,30.96990966796875
IMG_0029.mp4,6297,210.11011011011013,29.97,1326,1,traffic_lights,0.9004259705543518,439.9211730957031,528.6970825195312,470.45758056640625,579.4017333984375,455.1893768310547,554.0494079589844,30.536407470703125,50.70465087890625
IMG_0029.mp4,6297,210.11011011011013,29.97,1325,1,traffic_lights,0.696824312210083,648.3602905273438,723.3221435546875,681.6091918945312,764.695556640625,664.9847412109375,744.0088500976562,33.2489013671875,41.3734130859375
IMG_0029.mp4,6297,210.11011011011013,29.97,1330,2,traffic_signs,0.9486935138702393,106.97882080078125,549.5960083007812,247.13714599609375,649.9681396484375,177.0579833984375,599.7820739746094,140.1583251953125,100.37213134765625
IMG_0029.mp4,6298,210.14347681014348,29.97,1314,2,traffic_signs,0.919766366481781,710.0509643554688,715.4122314453125,745.11962890625,748.638916015625,727.5852966308594,732.0255737304688,35.06866455078125,33.2266845703125
IMG_0029.mp4,6298,210.14347681014348,29.97,1318,2,traffic_signs,0.8643521666526794,669.5341186523438,694.8314819335938,694.3640747070312,725.5369262695312,681.9490966796875,710.1842041015625,24.8299560546875,30.7054443359375
IMG_0029.mp4,6298,210.14347681014348,29.97,1326,1,traffic_lights,0.8875354528427124,452.4569091796875,529.8866577148438,482.75347900390625,580.1714477539062,467.6051940917969,555.029052734375,30.29656982421875,50.2847900390625
IMG_0029.mp4,6298,210.14347681014348,29.97,1325,1,traffic_lights,0.7437514662742615,659.1908569335938,723.41455078125,692.9951782226562,764.6150512695312,676.093017578125,744.0148010253906,33.8043212890625,41.20050048828125
IMG_0029.mp4,6298,210.14347681014348,29.97,1330,2,traffic_signs,0.9526720643043518,120.24281311035156,549.71826171875,258.2264709472656,649.7201538085938,189.2346420288086,599.7192077636719,137.98365783691406,100.00189208984375
IMG_0029.mp4,6299,210.17684351017684,29.97,1314,2,traffic_signs,0.9123696684837341,721.3935546875,715.111328125,756.5870361328125,748.2998657226562,738.9902954101562,731.7055969238281,35.1934814453125,33.18853759765625
IMG_0029.mp4,6299,210.17684351017684,29.97,1318,2,traffic_signs,0.8427467346191406,681.2229614257812,694.5413208007812,705.7470703125,725.5936279296875,693.4850158691406,710.0674743652344,24.52410888671875,31.05230712890625
IMG_0029.mp4,6299,210.17684351017684,29.97,1326,1,traffic_lights,0.8983465433120728,465.06353759765625,530.9152221679688,494.70501708984375,580.6010131835938,479.88427734375,555.7581176757812,29.6414794921875,49.685791015625
IMG_0029.mp4,6299,210.17684351017684,29.97,1325,1,traffic_lights,0.713301956653595,671.4144897460938,722.70751953125,703.220458984375,764.3507080078125,687.3174743652344,743.5291137695312,31.80596923828125,41.6431884765625
IMG_0029.mp4,6299,210.17684351017684,29.97,1330,2,traffic_signs,0.9478700160980225,132.20364379882812,549.4614868164062,269.8488464355469,649.4457397460938,201.0262451171875,599.45361328125,137.64520263671875,99.9842529296875
IMG_0029.mp4,6300,210.21021021021022,29.97,1314,2,traffic_signs,0.9207866787910461,732.5301513671875,714.83349609375,767.6915283203125,748.0667724609375,750.11083984375,731.4501342773438,35.161376953125,33.2332763671875
IMG_0029.mp4,6300,210.21021021021022,29.97,1318,2,traffic_signs,0.8576271533966064,692.4429931640625,694.20263671875,717.3492431640625,725.1765747070312,704.8961181640625,709.6896057128906,24.90625,30.97393798828125
IMG_0029.mp4,6300,210.21021021021022,29.97,1326,1,traffic_lights,0.8877655863761902,477.3465881347656,532.0822143554688,506.990966796875,581.0778198242188,492.1687774658203,556.5800170898438,29.644378662109375,48.99560546875
IMG_0029.mp4,6300,210.21021021021022,29.97,1325,1,traffic_lights,0.7219346761703491,682.7167358398438,722.5122680664062,714.9468383789062,763.937744140625,698.831787109375,743.2250061035156,32.2301025390625,41.42547607421875
IMG_0029.mp4,6300,210.21021021021022,29.97,1330,2,traffic_signs,0.9514831900596619,145.44805908203125,548.9212036132812,280.6450500488281,649.2108764648438,213.0465545654297,599.0660400390625,135.19699096679688,100.2896728515625
IMG_0029.mp4,6301,210.24357691024358,29.97,1314,2,traffic_signs,0.9165713787078857,744.0995483398438,714.7693481445312,778.2872314453125,747.841064453125,761.1933898925781,731.3052062988281,34.18768310546875,33.07171630859375
IMG_0029.mp4,6301,210.24357691024358,29.97,1318,2,traffic_signs,0.8572584986686707,703.3724365234375,694.0281372070312,728.1637573242188,725.71826171875,715.7680969238281,709.8731994628906,24.79132080078125,31.69012451171875
IMG_0029.mp4,6301,210.24357691024358,29.97,1326,1,traffic_lights,0.8916869163513184,489.3211364746094,532.7899780273438,518.5262451171875,581.7972412109375,503.92369079589844,557.2936096191406,29.205108642578125,49.00726318359375
IMG_0029.mp4,6301,210.24357691024358,29.97,1325,1,traffic_lights,0.7322511076927185,694.8856201171875,722.36279296875,725.7509155273438,763.7891845703125,710.3182678222656,743.0759887695312,30.86529541015625,41.4263916015625
IMG_0029.mp4,6301,210.24357691024358,29.97,1330,2,traffic_signs,0.8362814784049988,158.1300048828125,548.2267456054688,291.89691162109375,648.5762329101562,225.01345825195312,598.4014892578125,133.76690673828125,100.3494873046875
IMG_0029.mp4,6302,210.27694361027696,29.97,1314,2,traffic_signs,0.9275767207145691,756.0296020507812,714.1109619140625,789.3153686523438,747.7650146484375,772.6724853515625,730.93798828125,33.2857666015625,33.654052734375
IMG_0029.mp4,6302,210.27694361027696,29.97,1318,2,traffic_signs,0.8645866513252258,714.9617919921875,693.778564453125,739.6361083984375,725.3010864257812,727.2989501953125,709.5398254394531,24.67431640625,31.52252197265625
IMG_0029.mp4,6302,210.27694361027696,29.97,1326,1,traffic_lights,0.8736995458602905,501.1126708984375,533.099853515625,530.2447509765625,582.0771484375,515.6787109375,557.5885009765625,29.132080078125,48.977294921875
IMG_0029.mp4,6302,210.27694361027696,29.97,1325,1,traffic_lights,0.7721307277679443,706.118408203125,721.5209350585938,737.6969604492188,764.11181640625,721.9076843261719,742.8163757324219,31.57855224609375,42.59088134765625
IMG_0029.mp4,6302,210.27694361027696,29.97,1330,2,traffic_signs,0.9501330852508545,169.02967834472656,547.1507568359375,301.934814453125,647.9904174804688,235.48224639892578,597.5705871582031,132.90513610839844,100.83966064453125
IMG_0029.mp4,6303,210.3103103103103,29.97,1314,2,traffic_signs,0.7659720778465271,766.7000732421875,714.2853393554688,799.2982788085938,747.3741455078125,782.9991760253906,730.8297424316406,32.59820556640625,33.08880615234375
IMG_0029.mp4,6303,210.3103103103103,29.97,1318,2,traffic_signs,0.8602914214134216,725.30126953125,693.8837280273438,749.9246215820312,725.2401733398438,737.6129455566406,709.5619506835938,24.62335205078125,31.3564453125
IMG_0029.mp4,6303,210.3103103103103,29.97,1326,1,traffic_lights,0.8816233277320862,512.77294921875,533.802490234375,540.9312744140625,582.5706787109375,526.8521118164062,558.1865844726562,28.1583251953125,48.7681884765625
IMG_0029.mp4,6303,210.3103103103103,29.97,1325,1,traffic_lights,0.7422459125518799,717.7315673828125,721.1658935546875,748.6825561523438,763.953125,733.2070617675781,742.5595092773438,30.95098876953125,42.7872314453125
IMG_0029.mp4,6303,210.3103103103103,29.97,1330,2,traffic_signs,0.9477288722991943,180.92852783203125,546.8001708984375,312.66424560546875,647.324462890625,246.79638671875,597.0623168945312,131.7357177734375,100.5242919921875
IMG_0029.mp4,6304,210.3436770103437,29.97,1314,2,traffic_signs,0.8988978266716003,776.8772583007812,713.9192504882812,809.848388671875,747.0902099609375,793.3628234863281,730.5047302246094,32.97113037109375,33.17095947265625
IMG_0029.mp4,6304,210.3436770103437,29.97,1318,2,traffic_signs,0.8655977249145508,736.3419799804688,693.7890625,760.9845581054688,724.8523559570312,748.6632690429688,709.3207092285156,24.642578125,31.06329345703125
IMG_0029.mp4,6304,210.3436770103437,29.97,1326,1,traffic_lights,0.8503117561340332,523.955078125,534.1624145507812,551.8018798828125,582.9555053710938,537.8784790039062,558.5589599609375,27.8468017578125,48.7930908203125
IMG_0029.mp4,6304,210.3436770103437,29.97,1325,1,traffic_lights,0.7152532935142517,729.1990356445312,720.53466796875,760.2750854492188,763.6142578125,744.737060546875,742.074462890625,31.0760498046875,43.07958984375
IMG_0029.mp4,6304,210.3436770103437,29.97,1330,2,traffic_signs,0.9390770196914673,190.88426208496094,545.9564819335938,322.2190246582031,646.5418090820312,256.55164337158203,596.2491455078125,131.3347625732422,100.5853271484375
IMG_0029.mp4,6305,210.37704371037705,29.97,1314,2,traffic_signs,0.8655042052268982,787.6390991210938,713.7398681640625,820.4247436523438,747.3992309570312,804.0319213867188,730.5695495605469,32.78564453125,33.65936279296875
IMG_0029.mp4,6305,210.37704371037705,29.97,1318,2,traffic_signs,0.8680310845375061,747.0439453125,693.7298583984375,771.1285400390625,724.890380859375,759.0862426757812,709.3101196289062,24.0845947265625,31.1605224609375
IMG_0029.mp4,6305,210.37704371037705,29.97,1326,1,traffic_lights,0.8696991205215454,535.4241943359375,534.6360473632812,562.72021484375,583.4942626953125,549.0722045898438,559.0651550292969,27.2960205078125,48.85821533203125
IMG_0029.mp4,6305,210.37704371037705,29.97,1325,1,traffic_lights,0.6459587812423706,740.14404296875,721.6566772460938,771.1210327148438,762.6333618164062,755.6325378417969,742.14501953125,30.97698974609375,40.9766845703125
IMG_0029.mp4,6305,210.37704371037705,29.97,1330,2,traffic_signs,0.9434096217155457,202.2200164794922,545.0131225585938,333.1195983886719,645.8027954101562,267.66980743408203,595.407958984375,130.8995819091797,100.7896728515625
IMG_0029.mp4,6306,210.4104104104104,29.97,1314,2,traffic_signs,0.8111799955368042,798.1533813476562,712.901611328125,831.27978515625,747.1548461914062,814.7165832519531,730.0282287597656,33.12640380859375,34.25323486328125
IMG_0029.mp4,6306,210.4104104104104,29.97,1318,2,traffic_signs,0.8712757229804993,757.9274291992188,693.3964233398438,781.6849365234375,724.1678466796875,769.8061828613281,708.7821350097656,23.75750732421875,30.77142333984375
IMG_0029.mp4,6306,210.4104104104104,29.97,1326,1,traffic_lights,0.8594400882720947,546.3646850585938,534.9125366210938,573.3889770507812,583.6055908203125,559.8768310546875,559.2590637207031,27.0242919921875,48.69305419921875
IMG_0029.mp4,6306,210.4104104104104,29.97,1325,1,traffic_lights,0.7798827886581421,750.81494140625,721.4409790039062,780.7169189453125,762.059814453125,765.7659301757812,741.7503967285156,29.9019775390625,40.61883544921875
IMG_0029.mp4,6306,210.4104104104104,29.97,1330,2,traffic_signs,0.9390760064125061,211.94578552246094,544.1497802734375,342.89947509765625,645.37060546875,277.4226303100586,594.7601928710938,130.9536895751953,101.2208251953125
IMG_0029.mp4,6307,210.4437771104438,29.97,1314,2,traffic_signs,0.8644513487815857,808.5065307617188,712.6137084960938,842.323486328125,746.7816772460938,825.4150085449219,729.6976928710938,33.81695556640625,34.16796875
IMG_0029.mp4,6307,210.4437771104438,29.97,1318,2,traffic_signs,0.8435493111610413,767.7337036132812,693.3275146484375,791.785400390625,723.990966796875,779.7595520019531,708.6592407226562,24.05169677734375,30.6634521484375
IMG_0029.mp4,6307,210.4437771104438,29.97,1326,1,traffic_lights,0.8647487759590149,557.5662841796875,535.4521484375,583.9097900390625,583.8629150390625,570.738037109375,559.6575317382812,26.343505859375,48.4107666015625
IMG_0029.mp4,6307,210.4437771104438,29.97,1325,1,traffic_lights,0.7540097236633301,761.1322631835938,721.3843994140625,792.3871459960938,762.0642700195312,776.7597045898438,741.7243347167969,31.2548828125,40.67987060546875
IMG_0029.mp4,6307,210.4437771104438,29.97,1330,2,traffic_signs,0.9423446655273438,223.24459838867188,543.6520385742188,352.9861755371094,645.0152587890625,288.1153869628906,594.3336486816406,129.7415771484375,101.36322021484375
IMG_0029.mp4,6308,210.47714381047714,29.97,1314,2,traffic_signs,0.8692447543144226,819.480224609375,712.2138671875,853.4140625,746.2893676757812,836.4471435546875,729.2516174316406,33.933837890625,34.07550048828125
IMG_0029.mp4,6308,210.47714381047714,29.97,1318,2,traffic_signs,0.8461998105049133,778.5719604492188,692.7432250976562,803.1055908203125,723.6046142578125,790.8387756347656,708.1739196777344,24.53363037109375,30.86138916015625
IMG_0029.mp4,6308,210.47714381047714,29.97,1326,1,traffic_lights,0.8745482563972473,568.1058349609375,535.0641479492188,594.6326293945312,583.4080200195312,581.3692321777344,559.236083984375,26.52679443359375,48.3438720703125
IMG_0029.mp4,6308,210.47714381047714,29.97,1325,1,traffic_lights,0.5573585629463196,773.2410278320312,721.14013671875,803.093017578125,761.7442016601562,788.1670227050781,741.4421691894531,29.85198974609375,40.60406494140625
IMG_0029.mp4,6308,210.47714381047714,29.97,1330,2,traffic_signs,0.5577662587165833,233.19410705566406,542.3896484375,362.51776123046875,644.44873046875,297.8559341430664,593.419189453125,129.3236541748047,102.05908203125
IMG_0029.mp4,6309,210.51051051051053,29.97,1314,2,traffic_signs,0.8965752124786377,830.1022338867188,712.0005493164062,863.7462158203125,746.0945434570312,846.9242248535156,729.0475463867188,33.64398193359375,34.093994140625
IMG_0029.mp4,6309,210.51051051051053,29.97,1318,2,traffic_signs,0.8675122261047363,789.3281860351562,692.3359985351562,813.5708618164062,723.3408203125,801.4495239257812,707.8384094238281,24.24267578125,31.00482177734375
IMG_0029.mp4,6309,210.51051051051053,29.97,1326,1,traffic_lights,0.8893172144889832,579.198974609375,535.69482421875,605.5702514648438,583.4898681640625,592.3846130371094,559.5923461914062,26.37127685546875,47.7950439453125
IMG_0029.mp4,6309,210.51051051051053,29.97,1325,1,traffic_lights,0.436824768781662,783.42431640625,721.0819702148438,814.2681274414062,762.0543212890625,798.8462219238281,741.5681457519531,30.84381103515625,40.97235107421875
IMG_0029.mp4,6309,210.51051051051053,29.97,1330,2,traffic_signs,0.9252344965934753,244.18577575683594,541.878662109375,372.3116149902344,644.493408203125,308.24869537353516,593.18603515625,128.12583923339844,102.61474609375
IMG_0029.mp4,6310,210.54387721054388,29.97,1314,2,traffic_signs,0.8898280262947083,841.3185424804688,711.9857788085938,874.5121459960938,745.6469116210938,857.9153442382812,728.8163452148438,33.193603515625,33.6611328125
IMG_0029.mp4,6310,210.54387721054388,29.97,1318,2,traffic_signs,0.8646935224533081,800.0211791992188,692.032470703125,823.7145385742188,723.001953125,811.8678588867188,707.5172119140625,23.693359375,30.969482421875
IMG_0029.mp4,6310,210.54387721054388,29.97,1326,1,traffic_lights,0.8830395340919495,589.9464111328125,536.1442260742188,616.4501953125,583.7438354492188,603.1983032226562,559.9440307617188,26.5037841796875,47.599609375
IMG_0029.mp4,6310,210.54387721054388,29.97,1325,1,traffic_lights,0.7903032898902893,794.171142578125,720.5059204101562,823.92919921875,761.680908203125,809.0501708984375,741.0934143066406,29.758056640625,41.17498779296875
IMG_0029.mp4,6310,210.54387721054388,29.97,1330,2,traffic_signs,0.915200412273407,255.4611358642578,540.914306640625,382.4323425292969,643.6226196289062,318.94673919677734,592.2684631347656,126.97120666503906,102.70831298828125
IMG_0029.mp4,6311,210.57724391057724,29.97,1314,2,traffic_signs,0.8960276246070862,852.0621948242188,711.8846435546875,884.413330078125,745.147705078125,868.2377624511719,728.5161743164062,32.35113525390625,33.2630615234375
IMG_0029.mp4,6311,210.57724391057724,29.97,1318,2,traffic_signs,0.8753660917282104,810.5883178710938,691.8109741210938,834.0703125,721.7059326171875,822.3293151855469,706.7584533691406,23.48199462890625,29.89495849609375
IMG_0029.mp4,6311,210.57724391057724,29.97,1326,1,traffic_lights,0.8774384260177612,601.1151123046875,536.4451904296875,627.439697265625,583.5789184570312,614.2774047851562,560.0120544433594,26.3245849609375,47.13372802734375
IMG_0029.mp4,6311,210.57724391057724,29.97,1325,1,traffic_lights,0.7323405146598816,803.4400024414062,718.6290283203125,834.2844848632812,760.87646484375,818.8622436523438,739.7527465820312,30.844482421875,42.2474365234375
IMG_0029.mp4,6311,210.57724391057724,29.97,1330,2,traffic_signs,0.9243876338005066,265.81097412109375,540.0762329101562,392.5736389160156,642.9065551757812,329.1923065185547,591.4913940429688,126.76266479492188,102.830322265625
IMG_0029.mp4,6312,210.61061061061062,29.97,1314,2,traffic_signs,0.8959152698516846,862.904296875,712.031982421875,894.4863891601562,744.6190795898438,878.6953430175781,728.3255310058594,31.58209228515625,32.58709716796875
IMG_0029.mp4,6312,210.61061061061062,29.97,1318,2,traffic_signs,0.8765398263931274,820.4981689453125,691.674560546875,844.082763671875,721.2420043945312,832.2904663085938,706.4582824707031,23.5845947265625,29.56744384765625
IMG_0029.mp4,6312,210.61061061061062,29.97,1326,1,traffic_lights,0.6593316793441772,611.6032104492188,536.5429077148438,637.7715454101562,583.6286010742188,624.6873779296875,560.0857543945312,26.1683349609375,47.085693359375
IMG_0029.mp4,6312,210.61061061061062,29.97,1325,1,traffic_lights,0.41948309540748596,814.9707641601562,717.8951416015625,844.4258422851562,760.0927734375,829.6983032226562,738.9939575195312,29.455078125,42.1976318359375
IMG_0029.mp4,6312,210.61061061061062,29.97,1330,2,traffic_signs,0.9074273705482483,276.3753662109375,538.9381713867188,402.50537109375,642.0526123046875,339.44036865234375,590.4953918457031,126.1300048828125,103.11444091796875
IMG_0029.mp4,6313,210.64397731064398,29.97,1314,2,traffic_signs,0.8886905908584595,873.1412963867188,711.4408569335938,905.2573852539062,744.2977294921875,889.1993408203125,727.8692932128906,32.1160888671875,32.85687255859375
IMG_0029.mp4,6313,210.64397731064398,29.97,1318,2,traffic_signs,0.869010329246521,831.0162353515625,690.88134765625,854.9127197265625,720.4273071289062,842.9644775390625,705.6543273925781,23.896484375,29.54595947265625
IMG_0029.mp4,6313,210.64397731064398,29.97,1326,1,traffic_lights,0.8675519824028015,622.3826904296875,536.6109619140625,648.633056640625,583.5859375,635.5078735351562,560.0984497070312,26.2503662109375,46.9749755859375
IMG_0029.mp4,6313,210.64397731064398,29.97,1325,1,traffic_lights,0.27597546577453613,825.9635009765625,718.2442626953125,854.48828125,760.3678588867188,840.2258911132812,739.3060607910156,28.5247802734375,42.12359619140625
IMG_0029.mp4,6313,210.64397731064398,29.97,1330,2,traffic_signs,0.5984132885932922,285.33306884765625,537.5266723632812,411.126220703125,640.6852416992188,348.2296447753906,589.10595703125,125.79315185546875,103.1585693359375
IMG_0029.mp4,6313,210.64397731064398,29.97,1344,1,traffic_lights,0.3828577697277069,478.2998046875,698.4557495117188,497.86083984375,746.3422241210938,488.080322265625,722.3989868164062,19.56103515625,47.886474609375
IMG_0029.mp4,6314,210.67734401067736,29.97,1314,2,traffic_signs,0.8864569067955017,882.85205078125,710.7637939453125,915.2591552734375,744.0646362304688,899.0556030273438,727.4142150878906,32.4071044921875,33.30084228515625
IMG_0029.mp4,6314,210.67734401067736,29.97,1318,2,traffic_signs,0.8330976963043213,840.947998046875,690.4813232421875,864.7402954101562,719.981201171875,852.8441467285156,705.2312622070312,23.79229736328125,29.4998779296875
IMG_0029.mp4,6314,210.67734401067736,29.97,1326,1,traffic_lights,0.8667542338371277,632.9083862304688,536.7404174804688,658.4453735351562,584.1671142578125,645.6768798828125,560.4537658691406,25.5369873046875,47.42669677734375
IMG_0029.mp4,6314,210.67734401067736,29.97,1325,1,traffic_lights,0.55714350938797,835.8126831054688,718.7142944335938,865.7166137695312,760.4794921875,850.7646484375,739.5968933105469,29.9039306640625,41.76519775390625
IMG_0029.mp4,6314,210.67734401067736,29.97,1330,2,traffic_signs,0.9091217517852783,295.33831787109375,537.0354614257812,420.8067321777344,639.3343505859375,358.07252502441406,588.1849060058594,125.46841430664062,102.29888916015625
IMG_0029.mp4,6315,210.7107107107107,29.97,1314,2,traffic_signs,0.8753838539123535,892.6580810546875,709.9285278320312,925.2839965820312,743.7346801757812,908.9710388183594,726.8316040039062,32.62591552734375,33.80615234375
IMG_0029.mp4,6315,210.7107107107107,29.97,1318,2,traffic_signs,0.8757802844047546,850.927001953125,690.354736328125,874.9681396484375,719.8585815429688,862.9475708007812,705.1066589355469,24.0411376953125,29.50384521484375
IMG_0029.mp4,6315,210.7107107107107,29.97,1326,1,traffic_lights,0.8599422574043274,642.48388671875,536.686279296875,667.4920654296875,584.215087890625,654.9879760742188,560.45068359375,25.0081787109375,47.52880859375
IMG_0029.mp4,6315,210.7107107107107,29.97,1325,1,traffic_lights,0.3374274969100952,846.3952026367188,718.0663452148438,876.0650024414062,760.3379516601562,861.2301025390625,739.2021484375,29.6697998046875,42.2716064453125
IMG_0029.mp4,6315,210.7107107107107,29.97,1330,2,traffic_signs,0.8546991348266602,305.47760009765625,535.9420776367188,430.35235595703125,638.7235717773438,367.91497802734375,587.3328247070312,124.874755859375,102.781494140625
IMG_0029.mp4,6316,210.7440774107441,29.97,1314,2,traffic_signs,0.8893431425094604,902.8914184570312,709.2901000976562,936.1358032226562,743.6589965820312,919.5136108398438,726.4745483398438,33.244384765625,34.368896484375
IMG_0029.mp4,6316,210.7440774107441,29.97,1318,2,traffic_signs,0.8940907716751099,860.8638305664062,689.8594360351562,885.1648559570312,719.6121215820312,873.0143432617188,704.7357788085938,24.301025390625,29.752685546875
IMG_0029.mp4,6316,210.7440774107441,29.97,1326,1,traffic_lights,0.8691401481628418,652.403076171875,536.5577392578125,677.3483276367188,583.7400512695312,664.8757019042969,560.1488952636719,24.94525146484375,47.18231201171875
IMG_0029.mp4,6316,210.7440774107441,29.97,1325,1,traffic_lights,0.811517059803009,855.2841186523438,718.1295166015625,887.1954956054688,760.8209228515625,871.2398071289062,739.4752197265625,31.911376953125,42.69140625
IMG_0029.mp4,6316,210.7440774107441,29.97,1330,2,traffic_signs,0.9351263642311096,314.63812255859375,534.4577026367188,439.136474609375,637.9613037109375,376.8872985839844,586.2095031738281,124.49835205078125,103.50360107421875
IMG_0029.mp4,6316,210.7440774107441,29.97,1347,2,traffic_signs,0.33245790004730225,452.1021423339844,691.4583129882812,506.5489807128906,758.9472045898438,479.3255615234375,725.2027587890625,54.44683837890625,67.4888916015625
IMG_0029.mp4,6316,210.7440774107441,29.97,1344,1,traffic_lights,0.27712884545326233,514.4981079101562,699.1010131835938,531.2188110351562,742.316162109375,522.8584594726562,720.7085876464844,16.720703125,43.21514892578125
IMG_0029.mp4,6317,210.77744411077745,29.97,1314,2,traffic_signs,0.8904930353164673,913.3619995117188,708.8521728515625,947.04296875,743.1124267578125,930.2024841308594,725.9822998046875,33.68096923828125,34.26025390625
IMG_0029.mp4,6317,210.77744411077745,29.97,1318,2,traffic_signs,0.8910395503044128,870.9580688476562,689.226806640625,895.1024780273438,718.6142578125,883.0302734375,703.9205322265625,24.1444091796875,29.387451171875
IMG_0029.mp4,6317,210.77744411077745,29.97,1326,1,traffic_lights,0.8657943606376648,662.3051147460938,536.192138671875,687.3986206054688,583.2705688476562,674.8518676757812,559.7313537597656,25.093505859375,47.07843017578125
IMG_0029.mp4,6317,210.77744411077745,29.97,1325,1,traffic_lights,0.7897197008132935,865.3171997070312,716.516357421875,897.0177612304688,759.482177734375,881.16748046875,737.999267578125,31.7005615234375,42.9658203125
IMG_0029.mp4,6317,210.77744411077745,29.97,1330,2,traffic_signs,0.9200425744056702,323.85284423828125,533.0798950195312,447.9142150878906,637.3990478515625,385.88352966308594,585.2394714355469,124.06137084960938,104.31915283203125
IMG_0029.mp4,6317,210.77744411077745,29.97,1347,2,traffic_signs,0.508095383644104,462.875244140625,690.868896484375,518.185791015625,758.8447265625,490.530517578125,724.8568115234375,55.310546875,67.975830078125
IMG_0029.mp4,6318,210.8108108108108,29.97,1314,2,traffic_signs,0.9086991548538208,924.3079223632812,708.5335083007812,956.7677001953125,742.65234375,940.5378112792969,725.5929260253906,32.45977783203125,34.11883544921875
IMG_0029.mp4,6318,210.8108108108108,29.97,1318,2,traffic_signs,0.8912082314491272,881.1696166992188,688.6723022460938,905.45068359375,717.7466430664062,893.3101501464844,703.20947265625,24.28106689453125,29.0743408203125
IMG_0029.mp4,6318,210.8108108108108,29.97,1326,1,traffic_lights,0.7300365567207336,672.3362426757812,536.0444946289062,697.4957275390625,583.2584838867188,684.9159851074219,559.6514892578125,25.15948486328125,47.2139892578125
IMG_0029.mp4,6318,210.8108108108108,29.97,1325,1,traffic_lights,0.7573309540748596,874.8275146484375,716.0436401367188,907.2061157226562,758.9503784179688,891.0168151855469,737.4970092773438,32.37860107421875,42.90673828125
IMG_0029.mp4,6318,210.8108108108108,29.97,1330,2,traffic_signs,0.9290851950645447,333.0314636230469,531.6978759765625,457.00360107421875,636.7923583984375,395.0175323486328,584.2451171875,123.97213745117188,105.094482421875
IMG_0029.mp4,6318,210.8108108108108,29.97,1347,2,traffic_signs,0.3502804934978485,475.75439453125,692.7685546875,527.1864624023438,758.4532470703125,501.4704284667969,725.6109008789062,51.43206787109375,65.6846923828125
IMG_0029.mp4,6319,210.8441775108442,29.97,1314,2,traffic_signs,0.8896596431732178,933.9880981445312,708.5038452148438,966.0478515625,742.0966796875,950.0179748535156,725.3002624511719,32.05975341796875,33.59283447265625
IMG_0029.mp4,6319,210.8441775108442,29.97,1318,2,traffic_signs,0.8976587057113647,890.4411010742188,687.8692626953125,915.3497924804688,717.5806884765625,902.8954467773438,702.7249755859375,24.90869140625,29.71142578125
IMG_0029.mp4,6319,210.8441775108442,29.97,1326,1,traffic_lights,0.872174084186554,682.4204711914062,535.8724365234375,707.1976928710938,582.896484375,694.80908203125,559.3844604492188,24.7772216796875,47.0240478515625
IMG_0029.mp4,6319,210.8441775108442,29.97,1325,1,traffic_lights,0.712745189666748,886.126953125,715.7098999023438,916.6564331054688,758.439697265625,901.3916931152344,737.0747985839844,30.52947998046875,42.72979736328125
IMG_0029.mp4,6319,210.8441775108442,29.97,1330,2,traffic_signs,0.9265322685241699,341.7359924316406,530.733642578125,465.58038330078125,635.8175048828125,403.65818786621094,583.2755737304688,123.84439086914062,105.0838623046875
IMG_0029.mp4,6319,210.8441775108442,29.97,1347,2,traffic_signs,0.2694763243198395,487.6506042480469,693.6165161132812,537.0633544921875,758.6342163085938,512.3569793701172,726.1253662109375,49.412750244140625,65.0177001953125
IMG_0029.mp4,6320,210.87754421087755,29.97,1314,2,traffic_signs,0.8440412878990173,942.9755249023438,707.9461669921875,975.3685913085938,741.8494262695312,959.1720581054688,724.8977966308594,32.39306640625,33.90325927734375
IMG_0029.mp4,6320,210.87754421087755,29.97,1318,2,traffic_signs,0.7338025569915771,899.739501953125,687.6773071289062,924.92138671875,717.456298828125,912.3304443359375,702.5668029785156,25.181884765625,29.77899169921875
IMG_0029.mp4,6320,210.87754421087755,29.97,1326,1,traffic_lights,0.8497797846794128,691.8651123046875,535.8204345703125,715.8363647460938,582.7813720703125,703.8507385253906,559.3009033203125,23.97125244140625,46.9609375
IMG_0029.mp4,6320,210.87754421087755,29.97,1325,1,traffic_lights,0.7859911322593689,896.4751586914062,716.364990234375,925.187744140625,758.0299682617188,910.8314514160156,737.1974792480469,28.71258544921875,41.66497802734375
IMG_0029.mp4,6320,210.87754421087755,29.97,1330,2,traffic_signs,0.9222934246063232,351.86669921875,529.8361206054688,474.98724365234375,635.271240234375,413.4269714355469,582.5536804199219,123.12054443359375,105.43511962890625
IMG_0029.mp4,6320,210.87754421087755,29.97,1347,2,traffic_signs,0.4411519169807434,498.6134033203125,694.3113403320312,545.4706420898438,758.2855224609375,522.0420227050781,726.2984313964844,46.85723876953125,63.97418212890625
IMG_0029.mp4,6320,210.87754421087755,29.97,1344,1,traffic_lights,0.5220463275909424,557.1064453125,698.4498291015625,574.3310546875,744.0986328125,565.71875,721.2742309570312,17.224609375,45.6488037109375
IMG_0029.mp4,6321,210.91091091091093,29.97,1314,2,traffic_signs,0.8774166107177734,952.7064819335938,706.9229125976562,985.5342407226562,741.3260498046875,969.120361328125,724.1244812011719,32.8277587890625,34.40313720703125
IMG_0029.mp4,6321,210.91091091091093,29.97,1318,2,traffic_signs,0.8849506378173828,909.5596923828125,686.993408203125,934.4013671875,717.0760498046875,921.9805297851562,702.0347290039062,24.8416748046875,30.0826416015625
IMG_0029.mp4,6321,210.91091091091093,29.97,1326,1,traffic_lights,0.88633793592453,700.9575805664062,535.8098754882812,725.044677734375,582.186279296875,713.0011291503906,558.9980773925781,24.08709716796875,46.37640380859375
IMG_0029.mp4,6321,210.91091091091093,29.97,1325,1,traffic_lights,0.7558639049530029,905.6469116210938,715.7672729492188,936.2853393554688,757.610107421875,920.9661254882812,736.6886901855469,30.638427734375,41.84283447265625
IMG_0029.mp4,6321,210.91091091091093,29.97,1330,2,traffic_signs,0.9291236996650696,360.5544738769531,528.1355590820312,483.2842102050781,634.3197021484375,421.9193420410156,581.2276306152344,122.729736328125,106.18414306640625
IMG_0029.mp4,6321,210.91091091091093,29.97,1347,2,traffic_signs,0.2803409695625305,507.2088623046875,692.5750122070312,556.0935668945312,758.4198608398438,531.6512145996094,725.4974365234375,48.88470458984375,65.8448486328125
IMG_0029.mp4,6321,210.91091091091093,29.97,1344,1,traffic_lights,0.48063603043556213,566.5398559570312,697.6309814453125,584.52392578125,744.4992065429688,575.5318908691406,721.0650939941406,17.98406982421875,46.86822509765625
IMG_0029.mp4,6322,210.94427761094428,29.97,1314,2,traffic_signs,0.8777580261230469,962.6610717773438,706.3540649414062,995.8417358398438,740.2197265625,979.2514038085938,723.2868957519531,33.1806640625,33.86566162109375
IMG_0029.mp4,6322,210.94427761094428,29.97,1318,2,traffic_signs,0.8871673941612244,919.2183227539062,686.4678955078125,943.6468505859375,716.5772705078125,931.4325866699219,701.5225830078125,24.42852783203125,30.109375
IMG_0029.mp4,6322,210.94427761094428,29.97,1326,1,traffic_lights,0.883330762386322,710.057373046875,535.1048583984375,733.7353515625,581.5100708007812,721.8963623046875,558.3074645996094,23.677978515625,46.40521240234375
IMG_0029.mp4,6322,210.94427761094428,29.97,1325,1,traffic_lights,0.7686368823051453,915.1487426757812,715.0300903320312,945.6175537109375,757.3985595703125,930.3831481933594,736.2143249511719,30.46881103515625,42.36846923828125
IMG_0029.mp4,6322,210.94427761094428,29.97,1330,2,traffic_signs,0.93065345287323,369.0636291503906,526.8221435546875,491.46173095703125,633.3173828125,430.26268005371094,580.0697631835938,122.39810180664062,106.4952392578125
IMG_0029.mp4,6322,210.94427761094428,29.97,1347,2,traffic_signs,0.632081925868988,517.4765014648438,692.6485595703125,567.0347900390625,758.0763549804688,542.2556457519531,725.3624572753906,49.55828857421875,65.42779541015625
IMG_0029.mp4,6322,210.94427761094428,29.97,1344,1,traffic_lights,0.6762155294418335,575.9840698242188,697.6950073242188,594.6149291992188,744.9129028320312,585.2994995117188,721.303955078125,18.630859375,47.2178955078125
IMG_0029.mp4,6323,210.97764431097767,29.97,1314,2,traffic_signs,0.904164731502533,972.9990844726562,706.119384765625,1005.3500366210938,739.369384765625,989.174560546875,722.744384765625,32.3509521484375,33.25
IMG_0029.mp4,6323,210.97764431097767,29.97,1318,2,traffic_signs,0.8913965821266174,928.5596923828125,685.6987915039062,953.674560546875,716.27783203125,941.1171264648438,700.9883117675781,25.1148681640625,30.57904052734375
IMG_0029.mp4,6323,210.97764431097767,29.97,1326,1,traffic_lights,0.8632606267929077,719.6017456054688,535.0921020507812,744.1739501953125,581.3974609375,731.8878479003906,558.2447814941406,24.57220458984375,46.30535888671875
IMG_0029.mp4,6323,210.97764431097767,29.97,1325,1,traffic_lights,0.7246167063713074,923.511474609375,714.8079833984375,955.7546997070312,757.5,939.6330871582031,736.1539916992188,32.24322509765625,42.6920166015625
IMG_0029.mp4,6323,210.97764431097767,29.97,1330,2,traffic_signs,0.8543949723243713,378.30322265625,525.3812255859375,500.3671875,632.214599609375,439.335205078125,578.7979125976562,122.06396484375,106.8333740234375
IMG_0029.mp4,6323,210.97764431097767,29.97,1347,2,traffic_signs,0.7482592463493347,527.77197265625,692.4868774414062,577.865966796875,758.4922485351562,552.8189697265625,725.4895629882812,50.093994140625,66.00537109375
IMG_0029.mp4,6323,210.97764431097767,29.97,1344,1,traffic_lights,0.5409295558929443,587.720458984375,698.1155395507812,604.9688110351562,742.4353637695312,596.3446350097656,720.2754516601562,17.24835205078125,44.31982421875
IMG_0029.mp4,6324,211.01101101101102,29.97,1314,2,traffic_signs,0.883462131023407,982.8153076171875,706.1771240234375,1014.14990234375,738.8182983398438,998.4826049804688,722.4977111816406,31.3345947265625,32.64117431640625
IMG_0029.mp4,6324,211.01101101101102,29.97,1318,2,traffic_signs,0.8867465257644653,937.9650268554688,685.4627685546875,962.4004516601562,715.8984985351562,950.1827392578125,700.6806335449219,24.4354248046875,30.43572998046875
IMG_0029.mp4,6324,211.01101101101102,29.97,1326,1,traffic_lights,0.8700411319732666,728.7920532226562,535.0852661132812,752.4953002929688,581.6094970703125,740.6436767578125,558.3473815917969,23.7032470703125,46.52423095703125
IMG_0029.mp4,6324,211.01101101101102,29.97,1325,1,traffic_lights,0.7305895686149597,933.5137329101562,714.4851684570312,964.566650390625,757.2489013671875,949.0401916503906,735.8670349121094,31.05291748046875,42.76373291015625
IMG_0029.mp4,6324,211.01101101101102,29.97,1330,2,traffic_signs,0.93169766664505,387.01654052734375,524.2813720703125,509.0053405761719,631.0623779296875,448.0109405517578,577.671875,121.98880004882812,106.781005859375
IMG_0029.mp4,6324,211.01101101101102,29.97,1347,2,traffic_signs,0.6085347533226013,538.3822021484375,692.5577392578125,588.782958984375,758.2821044921875,563.5825805664062,725.419921875,50.4007568359375,65.724365234375
IMG_0029.mp4,6324,211.01101101101102,29.97,1344,1,traffic_lights,0.4327518045902252,597.9774169921875,697.8681640625,614.8128051757812,741.5450439453125,606.3951110839844,719.7066040039062,16.83538818359375,43.6768798828125
IMG_0029.mp4,6325,211.04437771104438,29.97,1314,2,traffic_signs,0.8462538719177246,991.5581665039062,705.0435180664062,1023.6315307617188,738.367919921875,1007.5948486328125,721.7057189941406,32.0733642578125,33.32440185546875
IMG_0029.mp4,6325,211.04437771104438,29.97,1318,2,traffic_signs,0.8769115805625916,946.9401245117188,684.794189453125,971.9078369140625,715.4779052734375,959.4239807128906,700.1360473632812,24.96771240234375,30.6837158203125
IMG_0029.mp4,6325,211.04437771104438,29.97,1326,1,traffic_lights,0.8710821270942688,737.3029174804688,534.3934326171875,760.7705078125,581.033447265625,749.0367126464844,557.7134399414062,23.46759033203125,46.6400146484375
IMG_0029.mp4,6325,211.04437771104438,29.97,1325,1,traffic_lights,0.7710247039794922,942.6957397460938,714.6618041992188,973.1122436523438,757.079833984375,957.9039916992188,735.8708190917969,30.41650390625,42.41802978515625
IMG_0029.mp4,6325,211.04437771104438,29.97,1330,2,traffic_signs,0.9302167296409607,395.0913391113281,522.5625610351562,517.2881469726562,629.4390869140625,456.1897430419922,576.0008239746094,122.19680786132812,106.87652587890625
IMG_0029.mp4,6325,211.04437771104438,29.97,1347,2,traffic_signs,0.48755285143852234,548.4630737304688,691.7450561523438,598.0784301757812,757.4017944335938,573.270751953125,724.5734252929688,49.6153564453125,65.65673828125
IMG_0029.mp4,6325,211.04437771104438,29.97,1344,1,traffic_lights,0.3819037079811096,607.6015625,698.0588989257812,624.06201171875,741.70068359375,615.831787109375,719.8797912597656,16.46044921875,43.64178466796875
IMG_0029.mp4,6326,211.07774441107776,29.97,1314,2,traffic_signs,0.8768460154533386,1000.4884033203125,703.9803466796875,1033.0367431640625,737.9177856445312,1016.7625732421875,720.9490661621094,32.54833984375,33.93743896484375
IMG_0029.mp4,6326,211.07774441107776,29.97,1318,2,traffic_signs,0.8820016384124756,956.1748657226562,683.9043579101562,981.1370239257812,715.2404174804688,968.6559448242188,699.5723876953125,24.962158203125,31.3360595703125
IMG_0029.mp4,6326,211.07774441107776,29.97,1326,1,traffic_lights,0.8857746124267578,745.7791748046875,534.0245971679688,769.7133178710938,580.6105346679688,757.7462463378906,557.3175659179688,23.93414306640625,46.5859375
IMG_0029.mp4,6326,211.07774441107776,29.97,1325,1,traffic_lights,0.7419376373291016,952.3047485351562,714.2910766601562,983.61474609375,756.5679931640625,967.9597473144531,735.4295349121094,31.30999755859375,42.27691650390625
IMG_0029.mp4,6326,211.07774441107776,29.97,1330,2,traffic_signs,0.7514284253120422,403.4205017089844,520.9603271484375,525.3177490234375,629.0050659179688,464.36912536621094,574.9826965332031,121.89724731445312,108.04473876953125
IMG_0029.mp4,6326,211.07774441107776,29.97,1347,2,traffic_signs,0.6615753173828125,558.9310913085938,691.3931884765625,607.8683471679688,757.0214233398438,583.3997192382812,724.2073059082031,48.937255859375,65.62823486328125
IMG_0029.mp4,6326,211.07774441107776,29.97,1344,1,traffic_lights,0.30762091279029846,617.1431274414062,697.2377319335938,633.894775390625,740.7387084960938,625.5189514160156,718.9882202148438,16.75164794921875,43.5009765625
IMG_0029.mp4,6326,211.07774441107776,29.97,1357,2,traffic_signs,0.5131836533546448,203.61474609375,740.4526977539062,221.0834197998047,753.3087158203125,212.34908294677734,746.8807067871094,17.468673706054688,12.85601806640625
IMG_0029.mp4,6327,211.11111111111111,29.97,1314,2,traffic_signs,0.8863855004310608,1010.2100219726562,703.696044921875,1043.06298828125,737.478271484375,1026.6365051269531,720.587158203125,32.85296630859375,33.7822265625
IMG_0029.mp4,6327,211.11111111111111,29.97,1318,2,traffic_signs,0.8883606195449829,965.1280517578125,683.6419067382812,990.0534057617188,715.1907348632812,977.5907287597656,699.4163208007812,24.92535400390625,31.548828125
IMG_0029.mp4,6327,211.11111111111111,29.97,1326,1,traffic_lights,0.8840017318725586,754.9612426757812,533.3695678710938,778.4569702148438,580.02587890625,766.7091064453125,556.6977233886719,23.4957275390625,46.65631103515625
IMG_0029.mp4,6327,211.11111111111111,29.97,1325,1,traffic_lights,0.7620725631713867,960.9332275390625,713.41552734375,992.770751953125,755.9810180664062,976.8519897460938,734.6982727050781,31.8375244140625,42.56549072265625
IMG_0029.mp4,6327,211.11111111111111,29.97,1330,2,traffic_signs,0.9305738806724548,411.68792724609375,519.5964965820312,533.478271484375,627.4976196289062,472.5830993652344,573.5470581054688,121.79034423828125,107.901123046875
IMG_0029.mp4,6327,211.11111111111111,29.97,1347,2,traffic_signs,0.6540471911430359,568.7731323242188,691.9784545898438,616.7050170898438,756.7329711914062,592.7390747070312,724.355712890625,47.931884765625,64.7545166015625
IMG_0029.mp4,6327,211.11111111111111,29.97,1344,1,traffic_lights,0.382856160402298,626.23779296875,697.11962890625,642.9562377929688,741.4544677734375,634.5970153808594,719.2870483398438,16.71844482421875,44.3348388671875
IMG_0029.mp4,6328,211.1444778111445,29.97,1314,2,traffic_signs,0.9075770974159241,1020.0580444335938,703.33349609375,1052.4317626953125,736.842529296875,1036.2449035644531,720.0880126953125,32.37371826171875,33.509033203125
IMG_0029.mp4,6328,211.1444778111445,29.97,1318,2,traffic_signs,0.8527069687843323,974.1809692382812,682.9487915039062,999.290283203125,714.5787963867188,986.7356262207031,698.7637939453125,25.10931396484375,31.6300048828125
IMG_0029.mp4,6328,211.1444778111445,29.97,1326,1,traffic_lights,0.8868558406829834,763.3803100585938,533.1314086914062,786.4379272460938,579.68017578125,774.9091186523438,556.4057922363281,23.0576171875,46.54876708984375
IMG_0029.mp4,6328,211.1444778111445,29.97,1325,1,traffic_lights,0.6840381622314453,969.5963745117188,712.9332885742188,1001.3369140625,755.7840576171875,985.4666442871094,734.3586730957031,31.74053955078125,42.85076904296875
IMG_0029.mp4,6328,211.1444778111445,29.97,1330,2,traffic_signs,0.930530846118927,420.3341979980469,518.05712890625,541.6127319335938,626.4158325195312,480.9734649658203,572.2364807128906,121.27853393554688,108.35870361328125
IMG_0029.mp4,6328,211.1444778111445,29.97,1347,2,traffic_signs,0.7406135201454163,577.97216796875,691.818603515625,625.8573608398438,756.3328247070312,601.9147644042969,724.0757141113281,47.88519287109375,64.51422119140625
IMG_0029.mp4,6328,211.1444778111445,29.97,1344,1,traffic_lights,0.6201551556587219,636.06787109375,697.0487670898438,652.7227172851562,740.3867797851562,644.3952941894531,718.7177734375,16.65484619140625,43.3380126953125
IMG_0029.mp4,6329,211.17784451117785,29.97,1314,2,traffic_signs,0.8806772232055664,1028.7802734375,703.0731811523438,1061.1986083984375,736.7969360351562,1044.9894409179688,719.93505859375,32.4183349609375,33.7237548828125
IMG_0029.mp4,6329,211.17784451117785,29.97,1318,2,traffic_signs,0.8754161596298218,982.7989501953125,682.44775390625,1007.652587890625,714.2974243164062,995.2257690429688,698.3725891113281,24.8536376953125,31.84967041015625
IMG_0029.mp4,6329,211.17784451117785,29.97,1326,1,traffic_lights,0.8942505121231079,771.4124755859375,532.6884765625,794.5684814453125,579.0934448242188,782.990478515625,555.8909606933594,23.156005859375,46.40496826171875
IMG_0029.mp4,6329,211.17784451117785,29.97,1325,1,traffic_lights,0.7202291488647461,979.2891845703125,713.2101440429688,1010.5714721679688,755.2525024414062,994.9303283691406,734.2313232421875,31.28228759765625,42.0423583984375
IMG_0029.mp4,6329,211.17784451117785,29.97,1330,2,traffic_signs,0.8977975249290466,428.59454345703125,516.3998413085938,549.5335693359375,624.8592529296875,489.0640563964844,570.6295471191406,120.93902587890625,108.45941162109375
IMG_0029.mp4,6329,211.17784451117785,29.97,1347,2,traffic_signs,0.5187002420425415,587.153076171875,692.5302734375,635.5576782226562,755.2674560546875,611.3553771972656,723.8988647460938,48.40460205078125,62.7371826171875
IMG_0029.mp4,6329,211.17784451117785,29.97,1344,1,traffic_lights,0.5653483867645264,644.8643188476562,696.5105590820312,661.5518188476562,740.5574340820312,653.2080688476562,718.5339965820312,16.6875,44.046875
IMG_0029.mp4,6330,211.2112112112112,29.97,1314,2,traffic_signs,0.5475853085517883,1037.120849609375,702.4906005859375,1070.3646240234375,736.6492309570312,1053.7427368164062,719.5699157714844,33.2437744140625,34.15863037109375
IMG_0029.mp4,6330,211.2112112112112,29.97,1318,2,traffic_signs,0.8851815462112427,991.5105590820312,681.9365844726562,1016.474853515625,714.07861328125,1003.9927062988281,698.0075988769531,24.96429443359375,32.14202880859375
IMG_0029.mp4,6330,211.2112112112112,29.97,1326,1,traffic_lights,0.8564212918281555,780.0515747070312,532.5792846679688,803.1925048828125,579.0966186523438,791.6220397949219,555.8379516601562,23.14093017578125,46.517333984375
IMG_0029.mp4,6330,211.2112112112112,29.97,1325,1,traffic_lights,0.8140007853507996,987.412353515625,713.0009155273438,1018.6929931640625,754.9457397460938,1003.0526733398438,733.9733276367188,31.2806396484375,41.94482421875
IMG_0029.mp4,6330,211.2112112112112,29.97,1330,2,traffic_signs,0.9289295077323914,436.3790283203125,514.9021606445312,557.4126586914062,623.5690307617188,496.8958435058594,569.235595703125,121.03363037109375,108.6668701171875
IMG_0029.mp4,6330,211.2112112112112,29.97,1347,2,traffic_signs,0.7129722237586975,597.3047485351562,692.1732788085938,644.4417724609375,754.3593139648438,620.8732604980469,723.2662963867188,47.13702392578125,62.18603515625
IMG_0029.mp4,6330,211.2112112112112,29.97,1344,1,traffic_lights,0.7040268182754517,654.0674438476562,696.6122436523438,670.5614013671875,739.4302368164062,662.3144226074219,718.021240234375,16.49395751953125,42.8179931640625
IMG_0029.mp4,6331,211.2445779112446,29.97,1314,2,traffic_signs,0.8949971795082092,1045.0477294921875,701.8275146484375,1078.845458984375,736.2628784179688,1061.9465942382812,719.0451965332031,33.7977294921875,34.43536376953125
IMG_0029.mp4,6331,211.2445779112446,29.97,1318,2,traffic_signs,0.8934122920036316,999.2186889648438,681.4495849609375,1024.612548828125,713.7879028320312,1011.9156188964844,697.6187438964844,25.39385986328125,32.33831787109375
IMG_0029.mp4,6331,211.2445779112446,29.97,1326,1,traffic_lights,0.8995107412338257,787.428955078125,532.1673583984375,810.2872924804688,579.1162109375,798.8581237792969,555.6417846679688,22.85833740234375,46.9488525390625
IMG_0029.mp4,6331,211.2445779112446,29.97,1325,1,traffic_lights,0.7798563838005066,995.4078979492188,711.6058349609375,1027.7353515625,754.4237060546875,1011.5716247558594,733.0147705078125,32.32745361328125,42.81787109375
IMG_0029.mp4,6331,211.2445779112446,29.97,1330,2,traffic_signs,0.9187285304069519,444.2313537597656,513.8671875,565.0475463867188,622.322265625,504.6394500732422,568.0947265625,120.81619262695312,108.455078125
IMG_0029.mp4,6331,211.2445779112446,29.97,1347,2,traffic_signs,0.6259897947311401,606.0376586914062,691.4862060546875,651.9774780273438,753.5205078125,629.007568359375,722.5033569335938,45.9398193359375,62.0343017578125
IMG_0029.mp4,6331,211.2445779112446,29.97,1344,1,traffic_lights,0.5196725130081177,662.1038208007812,696.3316040039062,679.101806640625,741.0623779296875,670.6028137207031,718.6969909667969,16.99798583984375,44.73077392578125
IMG_0029.mp4,6332,211.27794461127795,29.97,1314,2,traffic_signs,0.8837704062461853,1054.8968505859375,700.8423461914062,1088.2447509765625,735.7015380859375,1071.57080078125,718.2719421386719,33.347900390625,34.85919189453125
IMG_0029.mp4,6332,211.27794461127795,29.97,1318,2,traffic_signs,0.8977916836738586,1008.1497802734375,681.0955200195312,1033.326171875,712.9127197265625,1020.7379760742188,697.0041198730469,25.1763916015625,31.81719970703125
IMG_0029.mp4,6332,211.27794461127795,29.97,1326,1,traffic_lights,0.8974594473838806,795.5301513671875,531.3719482421875,818.577392578125,578.1384887695312,807.0537719726562,554.7552185058594,23.0472412109375,46.76654052734375
IMG_0029.mp4,6332,211.27794461127795,29.97,1325,1,traffic_lights,0.7628684043884277,1005.0575561523438,711.0816650390625,1036.1158447265625,754.2249755859375,1020.5867004394531,732.6533203125,31.05828857421875,43.143310546875
IMG_0029.mp4,6332,211.27794461127795,29.97,1330,2,traffic_signs,0.9124757647514343,452.2511291503906,512.5214233398438,573.0248413085938,621.3866577148438,512.6379852294922,566.9540405273438,120.77371215820312,108.865234375
IMG_0029.mp4,6332,211.27794461127795,29.97,1347,2,traffic_signs,0.6369880437850952,615.150146484375,691.645751953125,661.2573852539062,753.434814453125,638.2037658691406,722.540283203125,46.10723876953125,61.7890625
IMG_0029.mp4,6332,211.27794461127795,29.97,1344,1,traffic_lights,0.7171341776847839,671.19140625,696.0850830078125,688.0199584960938,740.4577026367188,679.6056823730469,718.2713928222656,16.82855224609375,44.37261962890625
IMG_0029.mp4,6333,211.31131131131133,29.97,1314,2,traffic_signs,0.7849085927009583,1063.04443359375,700.4384155273438,1096.6358642578125,735.3283081054688,1079.8401489257812,717.8833618164062,33.5914306640625,34.889892578125
IMG_0029.mp4,6333,211.31131131131133,29.97,1318,2,traffic_signs,0.8968604803085327,1016.8698120117188,680.1507568359375,1042.30712890625,712.1997680664062,1029.5884704589844,696.1752624511719,25.43731689453125,32.04901123046875
IMG_0029.mp4,6333,211.31131131131133,29.97,1326,1,traffic_lights,0.8851624131202698,803.9501342773438,531.0020751953125,827.099365234375,577.8059692382812,815.5247497558594,554.4040222167969,23.14923095703125,46.80389404296875
IMG_0029.mp4,6333,211.31131131131133,29.97,1325,1,traffic_lights,0.8112353682518005,1014.7606201171875,710.784423828125,1044.9456787109375,753.9700927734375,1029.8531494140625,732.3772583007812,30.18505859375,43.1856689453125
IMG_0029.mp4,6333,211.31131131131133,29.97,1330,2,traffic_signs,0.9414843916893005,459.74835205078125,510.5255432128906,579.83984375,620.6245727539062,519.7940979003906,565.5750579833984,120.09149169921875,110.09902954101562
IMG_0029.mp4,6333,211.31131131131133,29.97,1347,2,traffic_signs,0.6064160466194153,623.088134765625,691.1627807617188,670.11572265625,753.4912109375,646.6019287109375,722.3269958496094,47.027587890625,62.32843017578125
IMG_0029.mp4,6333,211.31131131131133,29.97,1344,1,traffic_lights,0.7361528277397156,679.5657958984375,695.6758422851562,696.498046875,739.78125,688.0319213867188,717.7285461425781,16.9322509765625,44.10540771484375
IMG_0029.mp4,6334,211.34467801134468,29.97,1314,2,traffic_signs,0.8815513253211975,1071.8565673828125,699.8489379882812,1105.509765625,735.1372680664062,1088.6831665039062,717.4931030273438,33.6531982421875,35.288330078125
IMG_0029.mp4,6334,211.34467801134468,29.97,1318,2,traffic_signs,0.8925967216491699,1025.2083740234375,679.3928833007812,1051.170654296875,712.2838134765625,1038.1895141601562,695.8383483886719,25.9622802734375,32.89093017578125
IMG_0029.mp4,6334,211.34467801134468,29.97,1326,1,traffic_lights,0.8932600021362305,811.6881713867188,530.4073486328125,834.465576171875,577.3788452148438,823.0768737792969,553.8930969238281,22.77740478515625,46.97149658203125
IMG_0029.mp4,6334,211.34467801134468,29.97,1325,1,traffic_lights,0.7770585417747498,1021.4698486328125,709.8600463867188,1053.8575439453125,753.9614868164062,1037.6636962890625,731.9107666015625,32.3876953125,44.1014404296875
IMG_0029.mp4,6334,211.34467801134468,29.97,1330,2,traffic_signs,0.9434773325920105,466.55206298828125,508.7640380859375,586.5653076171875,619.9926147460938,526.5586853027344,564.3783264160156,120.01324462890625,111.22857666015625
IMG_0029.mp4,6334,211.34467801134468,29.97,1347,2,traffic_signs,0.6964768767356873,632.9113159179688,691.2283325195312,678.9169921875,752.9754028320312,655.9141540527344,722.1018676757812,46.00567626953125,61.7470703125
IMG_0029.mp4,6334,211.34467801134468,29.97,1344,1,traffic_lights,0.7288084030151367,688.1348266601562,695.1041259765625,704.8549194335938,739.5264282226562,696.494873046875,717.3152770996094,16.7200927734375,44.42230224609375
IMG_0029.mp4,6335,211.37804471137807,29.97,1314,2,traffic_signs,0.8872557282447815,1081.2603759765625,699.3015747070312,1114.6796875,734.3389892578125,1097.9700317382812,716.8202819824219,33.4193115234375,35.03741455078125
IMG_0029.mp4,6335,211.37804471137807,29.97,1318,2,traffic_signs,0.8994687795639038,1033.126953125,679.033447265625,1059.462158203125,711.7128295898438,1046.2945556640625,695.3731384277344,26.335205078125,32.67938232421875
IMG_0029.mp4,6335,211.37804471137807,29.97,1326,1,traffic_lights,0.9007759690284729,818.9971923828125,530.1197509765625,841.7277221679688,576.889892578125,830.3624572753906,553.5048217773438,22.73052978515625,46.7701416015625
IMG_0029.mp4,6335,211.37804471137807,29.97,1325,1,traffic_lights,0.7800395488739014,1030.2991943359375,709.558837890625,1062.2777099609375,753.780517578125,1046.2884521484375,731.669677734375,31.978515625,44.2216796875
IMG_0029.mp4,6335,211.37804471137807,29.97,1330,2,traffic_signs,0.7584220170974731,474.17376708984375,507.63812255859375,594.7503051757812,618.5123291015625,534.4620361328125,563.0752258300781,120.5765380859375,110.87420654296875
IMG_0029.mp4,6335,211.37804471137807,29.97,1347,2,traffic_signs,0.753818154335022,641.2902221679688,691.5501098632812,687.1682739257812,752.8643798828125,664.229248046875,722.2072448730469,45.8780517578125,61.31427001953125
IMG_0029.mp4,6335,211.37804471137807,29.97,1344,1,traffic_lights,0.7841865420341492,696.6524047851562,695.317626953125,712.8412475585938,738.93896484375,704.746826171875,717.1282958984375,16.1888427734375,43.621337890625
IMG_0029.mp4,6336,211.41141141141142,29.97,1314,2,traffic_signs,0.8584836721420288,1089.453369140625,698.6589965820312,1122.71142578125,733.5499267578125,1106.0823974609375,716.1044616699219,33.258056640625,34.89093017578125
IMG_0029.mp4,6336,211.41141141141142,29.97,1318,2,traffic_signs,0.9003182053565979,1041.3934326171875,678.6723022460938,1067.999267578125,711.1467895507812,1054.6963500976562,694.9095458984375,26.6058349609375,32.4744873046875
IMG_0029.mp4,6336,211.41141141141142,29.97,1326,1,traffic_lights,0.9058578610420227,827.0690307617188,529.5595092773438,849.6424560546875,576.6079711914062,838.3557434082031,553.083740234375,22.57342529296875,47.0484619140625
IMG_0029.mp4,6336,211.41141141141142,29.97,1325,1,traffic_lights,0.8256577849388123,1040.173583984375,709.4215698242188,1070.3154296875,752.9722900390625,1055.2445068359375,731.1969299316406,30.141845703125,43.55072021484375
IMG_0029.mp4,6336,211.41141141141142,29.97,1330,2,traffic_signs,0.9313850402832031,481.19671630859375,506.2411804199219,601.6649780273438,616.87646484375,541.4308471679688,561.5588226318359,120.46826171875,110.63528442382812
IMG_0029.mp4,6336,211.41141141141142,29.97,1347,2,traffic_signs,0.7429063320159912,648.475341796875,690.9782104492188,695.65673828125,752.5761108398438,672.0660400390625,721.7771606445312,47.181396484375,61.597900390625
IMG_0029.mp4,6336,211.41141141141142,29.97,1344,1,traffic_lights,0.6736528873443604,704.4973754882812,695.0802612304688,720.722900390625,738.5650024414062,712.6101379394531,716.8226318359375,16.22552490234375,43.4847412109375
IMG_0029.mp4,6337,211.44477811144478,29.97,1314,2,traffic_signs,0.8638505339622498,1097.31298828125,697.8013916015625,1130.4661865234375,733.0773315429688,1113.8895874023438,715.4393615722656,33.1531982421875,35.27593994140625
IMG_0029.mp4,6337,211.44477811144478,29.97,1318,2,traffic_signs,0.894163966178894,1048.98291015625,678.3140258789062,1075.4827880859375,710.878173828125,1062.2328491210938,694.5960998535156,26.4998779296875,32.56414794921875
IMG_0029.mp4,6337,211.44477811144478,29.97,1326,1,traffic_lights,0.8894345760345459,833.6929931640625,528.9086303710938,856.56884765625,576.126220703125,845.1309204101562,552.5174255371094,22.8758544921875,47.21759033203125
IMG_0029.mp4,6337,211.44477811144478,29.97,1325,1,traffic_lights,0.7598477005958557,1046.331298828125,708.2020874023438,1078.5067138671875,753.7373657226562,1062.4190063476562,730.9697265625,32.1754150390625,45.5352783203125
IMG_0029.mp4,6337,211.44477811144478,29.97,1330,2,traffic_signs,0.9343363046646118,487.42840576171875,505.18914794921875,608.2733764648438,615.6841430664062,547.8508911132812,560.4366455078125,120.844970703125,110.4949951171875
IMG_0029.mp4,6337,211.44477811144478,29.97,1347,2,traffic_signs,0.7830824851989746,657.3400268554688,690.8797607421875,704.222900390625,751.84326171875,680.7814636230469,721.3615112304688,46.88287353515625,60.9635009765625
IMG_0029.mp4,6337,211.44477811144478,29.97,1344,1,traffic_lights,0.6863308548927307,712.2958984375,695.0385131835938,728.026611328125,738.7639770507812,720.1612548828125,716.9012451171875,15.730712890625,43.7254638671875
IMG_0029.mp4,6338,211.47814481147816,29.97,1314,2,traffic_signs,0.8828497529029846,1105.546630859375,697.3241577148438,1139.00146484375,732.4449462890625,1122.2740478515625,714.8845520019531,33.454833984375,35.12078857421875
IMG_0029.mp4,6338,211.47814481147816,29.97,1318,2,traffic_signs,0.8994594812393188,1056.34619140625,677.616943359375,1082.9581298828125,709.8787231445312,1069.6521606445312,693.7478332519531,26.6119384765625,32.26177978515625
IMG_0029.mp4,6338,211.47814481147816,29.97,1326,1,traffic_lights,0.7950567603111267,840.2119750976562,528.880859375,863.7300415039062,575.8369140625,851.9710083007812,552.35888671875,23.51806640625,46.9560546875
IMG_0029.mp4,6338,211.47814481147816,29.97,1325,1,traffic_lights,0.678908109664917,1053.898193359375,707.5933227539062,1086.2547607421875,754.2160034179688,1070.0764770507812,730.9046630859375,32.3565673828125,46.6226806640625
IMG_0029.mp4,6338,211.47814481147816,29.97,1330,2,traffic_signs,0.9313002824783325,495.02508544921875,503.93408203125,614.832275390625,614.783203125,554.9286804199219,559.358642578125,119.80718994140625,110.84912109375
IMG_0029.mp4,6338,211.47814481147816,29.97,1347,2,traffic_signs,0.7482813596725464,665.2279663085938,691.1542358398438,711.34033203125,751.7075805664062,688.2841491699219,721.430908203125,46.11236572265625,60.5533447265625
IMG_0029.mp4,6338,211.47814481147816,29.97,1344,1,traffic_lights,0.7518213391304016,720.108642578125,695.1546020507812,735.7929077148438,738.7401123046875,727.9507751464844,716.9473571777344,15.68426513671875,43.58551025390625
IMG_0029.mp4,6339,211.51151151151151,29.97,1314,2,traffic_signs,0.8980323076248169,1113.7542724609375,696.9977416992188,1147.0699462890625,731.9154052734375,1130.412109375,714.4565734863281,33.315673828125,34.91766357421875
IMG_0029.mp4,6339,211.51151151151151,29.97,1318,2,traffic_signs,0.9078028798103333,1064.6292724609375,677.0554809570312,1091.371337890625,709.0286254882812,1078.0003051757812,693.0420532226562,26.7420654296875,31.97314453125
IMG_0029.mp4,6339,211.51151151151151,29.97,1326,1,traffic_lights,0.9050150513648987,848.1751098632812,528.5570678710938,870.6028442382812,575.1402587890625,859.3889770507812,551.8486633300781,22.427734375,46.58319091796875
IMG_0029.mp4,6339,211.51151151151151,29.97,1325,1,traffic_lights,0.743412971496582,1062.5653076171875,707.8770141601562,1093.7154541015625,751.7597045898438,1078.140380859375,729.818359375,31.150146484375,43.8826904296875
IMG_0029.mp4,6339,211.51151151151151,29.97,1330,2,traffic_signs,0.935919463634491,501.3682556152344,502.16424560546875,621.731689453125,614.2202758789062,561.5499725341797,558.1922607421875,120.36343383789062,112.0560302734375
IMG_0029.mp4,6339,211.51151151151151,29.97,1347,2,traffic_signs,0.6692390441894531,672.4324340820312,689.8187255859375,719.22265625,751.8386840820312,695.8275451660156,720.8287048339844,46.79022216796875,62.01995849609375
IMG_0029.mp4,6339,211.51151151151151,29.97,1344,1,traffic_lights,0.6595644950866699,727.5519409179688,694.7813110351562,743.436279296875,738.2329711914062,735.4941101074219,716.5071411132812,15.88433837890625,43.45166015625
IMG_0029.mp4,6340,211.5448782115449,29.97,1314,2,traffic_signs,0.8844283223152161,1121.1429443359375,696.3057861328125,1155.270263671875,731.7450561523438,1138.2066040039062,714.0254211425781,34.1273193359375,35.43927001953125
IMG_0029.mp4,6340,211.5448782115449,29.97,1318,2,traffic_signs,0.8971614241600037,1072.52978515625,676.4647827148438,1099.2418212890625,708.959716796875,1085.8858032226562,692.7122497558594,26.7120361328125,32.49493408203125
IMG_0029.mp4,6340,211.5448782115449,29.97,1326,1,traffic_lights,0.4926760494709015,854.9011840820312,527.850341796875,877.5545043945312,574.1885986328125,866.2278442382812,551.0194702148438,22.6533203125,46.3382568359375
IMG_0029.mp4,6340,211.5448782115449,29.97,1325,1,traffic_lights,0.7367424368858337,1069.185302734375,706.8125,1102.388671875,751.7028198242188,1085.7869873046875,729.2576599121094,33.203369140625,44.89031982421875
IMG_0029.mp4,6340,211.5448782115449,29.97,1330,2,traffic_signs,0.932914137840271,507.97882080078125,500.91400146484375,628.843505859375,612.9683227539062,568.4111633300781,556.941162109375,120.86468505859375,112.0543212890625
IMG_0029.mp4,6340,211.5448782115449,29.97,1347,2,traffic_signs,0.6849651336669922,680.6494140625,689.6377563476562,726.2264404296875,751.3214721679688,703.4379272460938,720.4796142578125,45.5770263671875,61.6837158203125
IMG_0029.mp4,6340,211.5448782115449,29.97,1344,1,traffic_lights,0.5202559232711792,734.5628051757812,694.5127563476562,751.1218872070312,739.5326538085938,742.8423461914062,717.022705078125,16.55908203125,45.0198974609375
IMG_0029.mp4,6341,211.57824491157825,29.97,1314,2,traffic_signs,0.8853169083595276,1129.3919677734375,696.087158203125,1163.6663818359375,731.0159912109375,1146.5291748046875,713.5515747070312,34.2744140625,34.9288330078125
IMG_0029.mp4,6341,211.57824491157825,29.97,1318,2,traffic_signs,0.8919471502304077,1079.943115234375,675.4724731445312,1107.414794921875,707.8414916992188,1093.678955078125,691.656982421875,27.4716796875,32.3690185546875
IMG_0029.mp4,6341,211.57824491157825,29.97,1326,1,traffic_lights,0.9000686407089233,862.3070068359375,527.331298828125,884.8576049804688,573.5291748046875,873.5823059082031,550.4302368164062,22.55059814453125,46.1978759765625
IMG_0029.mp4,6341,211.57824491157825,29.97,1325,1,traffic_lights,0.25563082098960876,1077.6964111328125,706.126220703125,1110.1505126953125,752.2128295898438,1093.9234619140625,729.1695251464844,32.4541015625,46.08660888671875
IMG_0029.mp4,6341,211.57824491157825,29.97,1330,2,traffic_signs,0.9462344646453857,515.2019653320312,499.25579833984375,635.382080078125,611.9684448242188,575.2920227050781,555.6121215820312,120.18011474609375,112.712646484375
IMG_0029.mp4,6341,211.57824491157825,29.97,1347,2,traffic_signs,0.8047410845756531,688.150146484375,689.8648071289062,734.4132080078125,750.8070068359375,711.2816772460938,720.3359069824219,46.2630615234375,60.94219970703125
IMG_0029.mp4,6341,211.57824491157825,29.97,1344,1,traffic_lights,0.6728153824806213,742.5861206054688,694.4439697265625,758.5046997070312,737.4215698242188,750.54541015625,715.9327697753906,15.9185791015625,42.97760009765625
IMG_0029.mp4,6342,211.6116116116116,29.97,1314,2,traffic_signs,0.8854714632034302,1137.3779296875,695.2412719726562,1171.2457275390625,730.5811157226562,1154.3118286132812,712.9111938476562,33.8677978515625,35.33984375
IMG_0029.mp4,6342,211.6116116116116,29.97,1318,2,traffic_signs,0.8994204998016357,1087.9678955078125,675.0455322265625,1114.634033203125,707.0579833984375,1101.3009643554688,691.0517578125,26.6661376953125,32.012451171875
IMG_0029.mp4,6342,211.6116116116116,29.97,1326,1,traffic_lights,0.8650677800178528,868.9142456054688,526.93310546875,891.4754028320312,573.365966796875,880.19482421875,550.1495361328125,22.5611572265625,46.432861328125
IMG_0029.mp4,6342,211.6116116116116,29.97,1325,1,traffic_lights,0.6975582242012024,1088.5302734375,706.165771484375,1118.5333251953125,749.6416625976562,1103.5317993164062,727.9037170410156,30.0030517578125,43.47589111328125
IMG_0029.mp4,6342,211.6116116116116,29.97,1330,2,traffic_signs,0.9403762817382812,522.0004272460938,497.86102294921875,642.0376586914062,610.8146362304688,582.01904296875,554.3378295898438,120.0372314453125,112.95361328125
IMG_0029.mp4,6342,211.6116116116116,29.97,1347,2,traffic_signs,0.8075832724571228,695.4866943359375,688.5975952148438,742.380859375,751.3379516601562,718.9337768554688,719.9677734375,46.8941650390625,62.7403564453125
IMG_0029.mp4,6342,211.6116116116116,29.97,1344,1,traffic_lights,0.7491076588630676,749.8178100585938,693.8455810546875,765.42431640625,735.5278930664062,757.6210632324219,714.6867370605469,15.60650634765625,41.68231201171875
IMG_0029.mp4,6343,211.644978311645,29.97,1314,2,traffic_signs,0.8906095623970032,1144.947021484375,694.2889404296875,1178.9384765625,730.1229858398438,1161.9427490234375,712.2059631347656,33.991455078125,35.83404541015625
IMG_0029.mp4,6343,211.644978311645,29.97,1318,2,traffic_signs,0.900957465171814,1095.18212890625,674.22265625,1122.2410888671875,707.2482299804688,1108.7116088867188,690.7354431152344,27.0589599609375,33.02557373046875
IMG_0029.mp4,6343,211.644978311645,29.97,1326,1,traffic_lights,0.875298261642456,875.94091796875,526.2874755859375,898.8768310546875,572.8531494140625,887.4088745117188,549.5703125,22.9359130859375,46.565673828125
IMG_0029.mp4,6343,211.644978311645,29.97,1325,1,traffic_lights,0.5821523666381836,1093.18310546875,704.9798583984375,1126.3546142578125,749.4871215820312,1109.7688598632812,727.2334899902344,33.1715087890625,44.50726318359375
IMG_0029.mp4,6343,211.644978311645,29.97,1330,2,traffic_signs,0.934734582901001,528.099853515625,496.3230895996094,648.43994140625,609.802001953125,588.2698974609375,553.0625457763672,120.340087890625,113.47891235351562
IMG_0029.mp4,6343,211.644978311645,29.97,1347,2,traffic_signs,0.8316713571548462,702.9080200195312,688.8155517578125,748.49072265625,750.60791015625,725.6993713378906,719.7117309570312,45.58270263671875,61.7923583984375
IMG_0029.mp4,6343,211.644978311645,29.97,1344,1,traffic_lights,0.7148833274841309,756.6510620117188,693.7032470703125,772.2145385742188,736.05712890625,764.4328002929688,714.8801879882812,15.5634765625,42.3538818359375
IMG_0029.mp4,6344,211.67834501167835,29.97,1314,2,traffic_signs,0.9015509486198425,1152.5355224609375,693.6238403320312,1187.020263671875,729.3919067382812,1169.7778930664062,711.5078735351562,34.4847412109375,35.76806640625
IMG_0029.mp4,6344,211.67834501167835,29.97,1318,2,traffic_signs,0.8769676685333252,1102.2349853515625,673.7308349609375,1129.3671875,706.0880126953125,1115.8010864257812,689.909423828125,27.1322021484375,32.357177734375
IMG_0029.mp4,6344,211.67834501167835,29.97,1326,1,traffic_lights,0.8715038299560547,881.567626953125,525.9954223632812,905.1514892578125,572.9368286132812,893.3595581054688,549.4661254882812,23.5838623046875,46.94140625
IMG_0029.mp4,6344,211.67834501167835,29.97,1325,1,traffic_lights,0.44092950224876404,1100.8380126953125,704.30322265625,1133.156005859375,749.9005126953125,1116.9970092773438,727.1018676757812,32.3179931640625,45.5972900390625
IMG_0029.mp4,6344,211.67834501167835,29.97,1330,2,traffic_signs,0.9417730569839478,533.9664306640625,495.2665100097656,654.996337890625,608.8057861328125,594.4813842773438,552.0361480712891,121.0299072265625,113.53927612304688
IMG_0029.mp4,6344,211.67834501167835,29.97,1347,2,traffic_signs,0.7496173977851868,709.8754272460938,688.3546142578125,756.9942016601562,750.4124145507812,733.434814453125,719.3835144042969,47.1187744140625,62.05780029296875
IMG_0029.mp4,6344,211.67834501167835,29.97,1344,1,traffic_lights,0.6546265482902527,763.0953369140625,692.7113037109375,779.341796875,736.7002563476562,771.2185668945312,714.7057800292969,16.2464599609375,43.98895263671875
IMG_0029.mp4,6345,211.71171171171173,29.97,1314,2,traffic_signs,0.8895555734634399,1159.0194091796875,693.2890014648438,1194.281494140625,728.9867553710938,1176.6504516601562,711.1378784179688,35.2620849609375,35.69775390625
IMG_0029.mp4,6345,211.71171171171173,29.97,1318,2,traffic_signs,0.8941824436187744,1109.538818359375,673.1693115234375,1136.2679443359375,705.6563720703125,1122.9033813476562,689.412841796875,26.7291259765625,32.487060546875
IMG_0029.mp4,6345,211.71171171171173,29.97,1326,1,traffic_lights,0.7886547446250916,888.2872314453125,525.415283203125,911.7225952148438,572.3328247070312,900.0049133300781,548.8740539550781,23.43536376953125,46.91754150390625
IMG_0029.mp4,6345,211.71171171171173,29.97,1325,1,traffic_lights,0.4984288215637207,1108.5047607421875,703.86083984375,1140.0968017578125,748.1139526367188,1124.30078125,725.9873962402344,31.592041015625,44.25311279296875
IMG_0029.mp4,6345,211.71171171171173,29.97,1330,2,traffic_signs,0.9420670866966248,540.5597534179688,493.79376220703125,661.06298828125,607.5467529296875,600.8113708496094,550.6702575683594,120.50323486328125,113.75299072265625
IMG_0029.mp4,6345,211.71171171171173,29.97,1347,2,traffic_signs,0.7781361937522888,716.281494140625,688.4376831054688,763.5565795898438,749.550048828125,739.9190368652344,718.9938659667969,47.27508544921875,61.11236572265625
IMG_0029.mp4,6345,211.71171171171173,29.97,1344,1,traffic_lights,0.7970010042190552,769.9070434570312,692.4331665039062,786.288818359375,737.0770263671875,778.0979309082031,714.7550964355469,16.38177490234375,44.64385986328125
IMG_0029.mp4,6346,211.74507841174508,29.97,1314,2,traffic_signs,0.8975797295570374,1167.05615234375,692.703125,1201.9119873046875,728.6583251953125,1184.4840698242188,710.6807250976562,34.8558349609375,35.9552001953125
IMG_0029.mp4,6346,211.74507841174508,29.97,1318,2,traffic_signs,0.892967700958252,1116.7445068359375,672.409912109375,1144.7567138671875,704.9427490234375,1130.7506103515625,688.6763305664062,28.01220703125,32.5328369140625
IMG_0029.mp4,6346,211.74507841174508,29.97,1326,1,traffic_lights,0.8819587826728821,894.1783447265625,524.974853515625,917.67041015625,571.8057861328125,905.9243774414062,548.3903198242188,23.4920654296875,46.8309326171875
IMG_0029.mp4,6346,211.74507841174508,29.97,1325,1,traffic_lights,0.4322143495082855,1116.8179931640625,703.37890625,1147.4541015625,747.811767578125,1132.1360473632812,725.5953369140625,30.6361083984375,44.432861328125
IMG_0029.mp4,6346,211.74507841174508,29.97,1330,2,traffic_signs,0.9323638677597046,546.95947265625,491.9456481933594,667.5686645507812,605.9947509765625,607.2640686035156,548.9701995849609,120.60919189453125,114.04910278320312
IMG_0029.mp4,6346,211.74507841174508,29.97,1347,2,traffic_signs,0.7894352078437805,722.8265991210938,688.592529296875,769.3046264648438,749.839599609375,746.0656127929688,719.216064453125,46.47802734375,61.2470703125
IMG_0029.mp4,6346,211.74507841174508,29.97,1344,1,traffic_lights,0.6951080560684204,776.815185546875,692.2783203125,792.8319091796875,736.1793212890625,784.8235473632812,714.2288208007812,16.0167236328125,43.9010009765625
IMG_0029.mp4,6347,211.77844511177847,29.97,1314,2,traffic_signs,0.8811359405517578,1175.2474365234375,692.1046752929688,1209.872802734375,727.652099609375,1192.5601196289062,709.8783874511719,34.6253662109375,35.54742431640625
IMG_0029.mp4,6347,211.77844511177847,29.97,1318,2,traffic_signs,0.8892000913619995,1123.996826171875,671.8519897460938,1152.0015869140625,704.953125,1137.9992065429688,688.4025573730469,28.0047607421875,33.10113525390625
IMG_0029.mp4,6347,211.77844511177847,29.97,1326,1,traffic_lights,0.813191294670105,900.94775390625,524.1666259765625,924.0848388671875,570.6363525390625,912.5162963867188,547.4014892578125,23.1370849609375,46.4697265625
IMG_0029.mp4,6347,211.77844511177847,29.97,1325,1,traffic_lights,0.5016646385192871,1122.5018310546875,703.5006713867188,1154.5279541015625,749.7298583984375,1138.514892578125,726.6152648925781,32.026123046875,46.22918701171875
IMG_0029.mp4,6347,211.77844511177847,29.97,1330,2,traffic_signs,0.9346610307693481,552.3429565429688,490.1619873046875,673.1378173828125,604.9459838867188,612.7403869628906,547.5539855957031,120.79486083984375,114.78399658203125
IMG_0029.mp4,6347,211.77844511177847,29.97,1347,2,traffic_signs,0.7922707796096802,730.0264282226562,688.2688598632812,776.6302490234375,749.1721801757812,753.3283386230469,718.7205200195312,46.60382080078125,60.9033203125
IMG_0029.mp4,6347,211.77844511177847,29.97,1344,1,traffic_lights,0.49941393733024597,783.2954711914062,691.8814697265625,799.2402954101562,736.2484130859375,791.2678833007812,714.06494140625,15.94482421875,44.366943359375
IMG_0029.mp4,6348,211.81181181181182,29.97,1314,2,traffic_signs,0.8965871930122375,1181.3721923828125,691.5409545898438,1215.98291015625,727.0407104492188,1198.6775512695312,709.2908325195312,34.6107177734375,35.499755859375
IMG_0029.mp4,6348,211.81181181181182,29.97,1318,2,traffic_signs,0.8857809901237488,1130.05029296875,671.5927734375,1158.125,704.4667358398438,1144.087646484375,688.0297546386719,28.07470703125,32.87396240234375
IMG_0029.mp4,6348,211.81181181181182,29.97,1326,1,traffic_lights,0.8765353560447693,906.6947021484375,523.9470825195312,929.4584350585938,570.2882080078125,918.0765686035156,547.1176452636719,22.76373291015625,46.34112548828125
IMG_0029.mp4,6348,211.81181181181182,29.97,1325,1,traffic_lights,0.5581296682357788,1128.7652587890625,702.42822265625,1161.8392333984375,748.2196655273438,1145.30224609375,725.3239440917969,33.073974609375,45.79144287109375
IMG_0029.mp4,6348,211.81181181181182,29.97,1330,2,traffic_signs,0.9264269471168518,557.7557373046875,489.1925964355469,678.9207153320312,603.8661499023438,618.3382263183594,546.5293731689453,121.16497802734375,114.67355346679688
IMG_0029.mp4,6348,211.81181181181182,29.97,1347,2,traffic_signs,0.8318943381309509,736.2088012695312,688.0977783203125,782.1646118164062,749.5135498046875,759.1867065429688,718.8056640625,45.955810546875,61.415771484375
IMG_0029.mp4,6348,211.81181181181182,29.97,1344,1,traffic_lights,0.7184146642684937,789.5761108398438,691.8736572265625,805.5352783203125,736.0156860351562,797.5556945800781,713.9446716308594,15.95916748046875,44.14202880859375
IMG_0029.mp4,6349,211.84517851184518,29.97,1314,2,traffic_signs,0.8735567331314087,1189.634765625,690.6239624023438,1224.5196533203125,726.8624877929688,1207.0772094726562,708.7432250976562,34.8848876953125,36.238525390625
IMG_0029.mp4,6349,211.84517851184518,29.97,1318,2,traffic_signs,0.8773452043533325,1137.00341796875,670.7974853515625,1165.46484375,703.8380126953125,1151.234130859375,687.3177490234375,28.46142578125,33.04052734375
IMG_0029.mp4,6349,211.84517851184518,29.97,1326,1,traffic_lights,0.8585034608840942,912.9791870117188,523.1181030273438,935.9795532226562,569.447509765625,924.4793701171875,546.2828063964844,23.0003662109375,46.32940673828125
IMG_0029.mp4,6349,211.84517851184518,29.97,1325,1,traffic_lights,0.5499954223632812,1136.5802001953125,702.0890502929688,1170.4334716796875,748.0699462890625,1153.5068359375,725.0794982910156,33.853271484375,45.98089599609375
IMG_0029.mp4,6349,211.84517851184518,29.97,1330,2,traffic_signs,0.9212977886199951,563.579833984375,487.6031188964844,684.355712890625,602.4290161132812,623.9677734375,545.0160675048828,120.77587890625,114.82589721679688
IMG_0029.mp4,6349,211.84517851184518,29.97,1347,2,traffic_signs,0.8551127314567566,742.3717651367188,687.1658325195312,790.1797485351562,749.4647827148438,766.2757568359375,718.3153076171875,47.8079833984375,62.2989501953125
IMG_0029.mp4,6349,211.84517851184518,29.97,1344,1,traffic_lights,0.7978966236114502,795.7797241210938,691.0684814453125,812.0255737304688,736.67041015625,803.9026489257812,713.8694458007812,16.245849609375,45.6019287109375
IMG_0029.mp4,6350,211.87854521187856,29.97,1314,2,traffic_signs,0.8525633811950684,1195.465087890625,690.10498046875,1231.923095703125,726.7685546875,1213.694091796875,708.436767578125,36.4580078125,36.66357421875
IMG_0029.mp4,6350,211.87854521187856,29.97,1318,2,traffic_signs,0.8945316076278687,1143.8543701171875,670.249755859375,1172.0784912109375,704.457763671875,1157.9664306640625,687.353759765625,28.22412109375,34.2080078125
IMG_0029.mp4,6350,211.87854521187856,29.97,1326,1,traffic_lights,0.8706128597259521,918.9642944335938,522.5941162109375,941.8446655273438,568.9935913085938,930.4044799804688,545.7938537597656,22.88037109375,46.39947509765625
IMG_0029.mp4,6350,211.87854521187856,29.97,1325,1,traffic_lights,0.5440674424171448,1140.04931640625,701.3055419921875,1176.5369873046875,749.199951171875,1158.2931518554688,725.2527465820312,36.4876708984375,47.8944091796875
IMG_0029.mp4,6350,211.87854521187856,29.97,1330,2,traffic_signs,0.9128577709197998,569.72998046875,486.0954284667969,690.2822265625,601.2215576171875,630.006103515625,543.6584930419922,120.55224609375,115.12612915039062
IMG_0029.mp4,6350,211.87854521187856,29.97,1347,2,traffic_signs,0.8609001040458679,748.8932495117188,687.3347778320312,795.3292846679688,749.3847045898438,772.1112670898438,718.3597412109375,46.43603515625,62.0499267578125
IMG_0029.mp4,6350,211.87854521187856,29.97,1344,1,traffic_lights,0.7491093873977661,802.0274047851562,691.0699462890625,818.2232055664062,736.7092895507812,810.1253051757812,713.8896179199219,16.19580078125,45.63934326171875
IMG_0029.mp4,6351,211.91191191191191,29.97,1314,2,traffic_signs,0.8569339513778687,1202.5240478515625,689.8378295898438,1238.759765625,726.0858764648438,1220.6419067382812,707.9618530273438,36.2357177734375,36.248046875
IMG_0029.mp4,6351,211.91191191191191,29.97,1318,2,traffic_signs,0.6702508926391602,1149.935302734375,669.59814453125,1178.2662353515625,703.1522216796875,1164.1007690429688,686.3751831054688,28.3309326171875,33.5540771484375
IMG_0029.mp4,6351,211.91191191191191,29.97,1326,1,traffic_lights,0.8391813039779663,924.5623168945312,522.1701049804688,947.472900390625,568.6268920898438,936.0176086425781,545.3984985351562,22.91058349609375,46.456787109375
IMG_0029.mp4,6351,211.91191191191191,29.97,1325,1,traffic_lights,0.7141121625900269,1143.580078125,700.1502075195312,1180.6353759765625,763.991455078125,1162.1077270507812,732.0708312988281,37.0552978515625,63.84124755859375
IMG_0029.mp4,6351,211.91191191191191,29.97,1330,2,traffic_signs,0.932776153087616,574.5491943359375,484.6972351074219,695.5453491210938,600.4791259765625,635.0472717285156,542.5881805419922,120.99615478515625,115.78189086914062
IMG_0029.mp4,6351,211.91191191191191,29.97,1347,2,traffic_signs,0.8429601192474365,754.8550415039062,686.7420654296875,801.8161010742188,749.0037231445312,778.3355712890625,717.8728942871094,46.9610595703125,62.26165771484375
IMG_0029.mp4,6351,211.91191191191191,29.97,1344,1,traffic_lights,0.7941142916679382,807.5262451171875,690.3617553710938,823.7024536132812,736.6885986328125,815.6143493652344,713.5251770019531,16.17620849609375,46.32684326171875
IMG_0029.mp4,6352,211.9452786119453,29.97,1314,2,traffic_signs,0.9105194807052612,1209.6778564453125,689.14794921875,1245.7557373046875,725.8088989257812,1227.716796875,707.4784240722656,36.077880859375,36.66094970703125
IMG_0029.mp4,6352,211.9452786119453,29.97,1318,2,traffic_signs,0.8888697028160095,1156.4818115234375,669.2098999023438,1184.7799072265625,703.3309936523438,1170.630859375,686.2704467773438,28.298095703125,34.12109375
IMG_0029.mp4,6352,211.9452786119453,29.97,1326,1,traffic_lights,0.8685188889503479,930.0503540039062,521.3014526367188,952.8562622070312,568.095947265625,941.4533081054688,544.6986999511719,22.805908203125,46.79449462890625
IMG_0029.mp4,6352,211.9452786119453,29.97,1325,1,traffic_lights,0.6636435985565186,1149.4691162109375,698.73193359375,1187.7049560546875,766.7151489257812,1168.5870361328125,732.7235412597656,38.23583984375,67.98321533203125
IMG_0029.mp4,6352,211.9452786119453,29.97,1330,2,traffic_signs,0.9469506740570068,579.6220092773438,483.2811584472656,700.5411376953125,599.39404296875,640.0815734863281,541.3376007080078,120.91912841796875,116.11288452148438
IMG_0029.mp4,6352,211.9452786119453,29.97,1347,2,traffic_signs,0.8139883875846863,760.7744750976562,686.5775756835938,806.5546875,749.1710815429688,783.6645812988281,717.8743286132812,45.78021240234375,62.593505859375
IMG_0029.mp4,6352,211.9452786119453,29.97,1344,1,traffic_lights,0.7211686968803406,813.3163452148438,689.953369140625,829.7783203125,735.9382934570312,821.5473327636719,712.9458312988281,16.46197509765625,45.98492431640625
IMG_0029.mp4,6353,211.97864531197865,29.97,1314,2,traffic_signs,0.595524251461029,1215.8212890625,688.717041015625,1252.4500732421875,726.0117797851562,1234.1356811523438,707.3644104003906,36.6287841796875,37.29473876953125
IMG_0029.mp4,6353,211.97864531197865,29.97,1318,2,traffic_signs,0.8975427746772766,1162.5643310546875,668.0322265625,1191.4683837890625,703.0736694335938,1177.016357421875,685.5529479980469,28.904052734375,35.04144287109375
IMG_0029.mp4,6353,211.97864531197865,29.97,1326,1,traffic_lights,0.8662925362586975,935.7891235351562,520.6143798828125,958.9210815429688,567.6808471679688,947.3551025390625,544.1476135253906,23.1319580078125,47.06646728515625
IMG_0029.mp4,6353,211.97864531197865,29.97,1325,1,traffic_lights,0.7142264246940613,1155.5318603515625,698.657958984375,1193.7110595703125,770.0584106445312,1174.6214599609375,734.3581848144531,38.17919921875,71.40045166015625
IMG_0029.mp4,6353,211.97864531197865,29.97,1330,2,traffic_signs,0.9447169899940491,584.510986328125,482.1202697753906,705.3062133789062,598.4359741210938,644.9085998535156,540.2781219482422,120.79522705078125,116.31570434570312
IMG_0029.mp4,6353,211.97864531197865,29.97,1347,2,traffic_signs,0.8402324914932251,766.014892578125,686.0103759765625,812.9712524414062,748.953125,789.4930725097656,717.4817504882812,46.95635986328125,62.9427490234375
IMG_0029.mp4,6353,211.97864531197865,29.97,1344,1,traffic_lights,0.7503021955490112,818.972412109375,689.9642333984375,835.2847290039062,734.9075927734375,827.1285705566406,712.4359130859375,16.31231689453125,44.943359375
IMG_0029.mp4,6354,212.012012012012,29.97,1314,2,traffic_signs,0.8875591158866882,1223.041015625,688.2132568359375,1259.58642578125,725.5385131835938,1241.313720703125,706.8758850097656,36.54541015625,37.32525634765625
IMG_0029.mp4,6354,212.012012012012,29.97,1318,2,traffic_signs,0.9002999663352966,1169.3338623046875,667.9459838867188,1197.8048095703125,703.5596923828125,1183.5693359375,685.7528381347656,28.470947265625,35.61370849609375
IMG_0029.mp4,6354,212.012012012012,29.97,1326,1,traffic_lights,0.8805040717124939,941.212890625,520.115966796875,964.0103149414062,566.677734375,952.6116027832031,543.3968505859375,22.79742431640625,46.561767578125
IMG_0029.mp4,6354,212.012012012012,29.97,1325,1,traffic_lights,0.5205926895141602,1163.02880859375,698.3892822265625,1201.2982177734375,765.9932861328125,1182.1635131835938,732.1912841796875,38.2694091796875,67.60400390625
IMG_0029.mp4,6354,212.012012012012,29.97,1330,2,traffic_signs,0.9338479042053223,590.2293090820312,480.9346923828125,710.4239501953125,597.4479370117188,650.3266296386719,539.1913146972656,120.19464111328125,116.51324462890625
IMG_0029.mp4,6354,212.012012012012,29.97,1347,2,traffic_signs,0.8201329112052917,771.5398559570312,685.3572998046875,818.1774291992188,749.095947265625,794.858642578125,717.2266235351562,46.6375732421875,63.7386474609375
IMG_0029.mp4,6354,212.012012012012,29.97,1344,1,traffic_lights,0.7861951589584351,824.867919921875,690.1107177734375,840.8052368164062,733.3068237304688,832.8365783691406,711.7087707519531,15.93731689453125,43.19610595703125
IMG_0029.mp4,6355,212.0453787120454,29.97,1314,2,traffic_signs,0.8297688364982605,1229.3555908203125,687.7967529296875,1265.5445556640625,724.77587890625,1247.4500732421875,706.2863159179688,36.18896484375,36.9791259765625
IMG_0029.mp4,6355,212.0453787120454,29.97,1318,2,traffic_signs,0.8787345886230469,1175.314453125,667.5567626953125,1204.1317138671875,702.3433227539062,1189.7230834960938,684.9500427246094,28.8172607421875,34.78656005859375
IMG_0029.mp4,6355,212.0453787120454,29.97,1326,1,traffic_lights,0.8909422755241394,946.7968139648438,519.4994506835938,969.4110717773438,566.3571166992188,958.1039428710938,542.9282836914062,22.6142578125,46.857666015625
IMG_0029.mp4,6355,212.0453787120454,29.97,1325,1,traffic_lights,0.47166478633880615,1167.5692138671875,698.7166137695312,1208.3441162109375,768.6506958007812,1187.9566650390625,733.6836547851562,40.77490234375,69.93408203125
IMG_0029.mp4,6355,212.0453787120454,29.97,1330,2,traffic_signs,0.937105655670166,595.553466796875,479.2240295410156,716.3453979492188,597.0660400390625,655.9494323730469,538.1450347900391,120.79193115234375,117.84201049804688
IMG_0029.mp4,6355,212.0453787120454,29.97,1347,2,traffic_signs,0.34814080595970154,777.884521484375,685.0497436523438,823.9365844726562,748.1061401367188,800.9105529785156,716.5779418945312,46.05206298828125,63.056396484375
IMG_0029.mp4,6355,212.0453787120454,29.97,1344,1,traffic_lights,0.8114402294158936,830.0305786132812,689.5890502929688,846.4541625976562,735.0543823242188,838.2423706054688,712.3217163085938,16.423583984375,45.46533203125
IMG_0029.mp4,6356,212.07874541207875,29.97,1314,2,traffic_signs,0.8647705316543579,1236.2198486328125,687.23681640625,1273.0072021484375,724.5758666992188,1254.613525390625,705.9063415527344,36.787353515625,37.33905029296875
IMG_0029.mp4,6356,212.07874541207875,29.97,1318,2,traffic_signs,0.8936245441436768,1181.403076171875,667.3030395507812,1210.571044921875,702.9238891601562,1195.987060546875,685.1134643554688,29.16796875,35.620849609375
IMG_0029.mp4,6356,212.07874541207875,29.97,1326,1,traffic_lights,0.877709150314331,951.6590576171875,518.8851928710938,974.0726928710938,565.9928588867188,962.8658752441406,542.4390258789062,22.41363525390625,47.107666015625
IMG_0029.mp4,6356,212.07874541207875,29.97,1325,1,traffic_lights,0.551194429397583,1178.7015380859375,697.784423828125,1215.7467041015625,754.6900634765625,1197.22412109375,726.2372436523438,37.045166015625,56.9056396484375
IMG_0029.mp4,6356,212.07874541207875,29.97,1330,2,traffic_signs,0.9348646998405457,600.3701171875,478.03643798828125,721.4623413085938,596.5653686523438,660.9162292480469,537.3009033203125,121.09222412109375,118.5289306640625
IMG_0029.mp4,6356,212.07874541207875,29.97,1347,2,traffic_signs,0.8765073418617249,783.0482177734375,683.9676513671875,829.5039672851562,748.0674438476562,806.2760925292969,716.0175476074219,46.45574951171875,64.09979248046875
IMG_0029.mp4,6356,212.07874541207875,29.97,1344,1,traffic_lights,0.7969851493835449,835.7194213867188,689.6236572265625,851.8995971679688,735.0953979492188,843.8095092773438,712.3595275878906,16.18017578125,45.47174072265625
IMG_0029.mp4,6357,212.11211211211213,29.97,1314,2,traffic_signs,0.8287980556488037,1241.464599609375,686.93359375,1279.1468505859375,724.5805053710938,1260.3057250976562,705.7570495605469,37.6822509765625,37.64691162109375
IMG_0029.mp4,6357,212.11211211211213,29.97,1318,2,traffic_signs,0.894615650177002,1186.732421875,666.2313842773438,1216.5001220703125,702.4644165039062,1201.6162719726562,684.347900390625,29.7677001953125,36.2330322265625
IMG_0029.mp4,6357,212.11211211211213,29.97,1326,1,traffic_lights,0.8816308975219727,956.9566040039062,518.2288818359375,979.3775634765625,565.9622802734375,968.1670837402344,542.0955810546875,22.42095947265625,47.7333984375
IMG_0029.mp4,6357,212.11211211211213,29.97,1325,1,traffic_lights,0.6089683771133423,1183.22900390625,697.156494140625,1222.966552734375,754.7771606445312,1203.0977783203125,725.9668273925781,39.737548828125,57.62066650390625
IMG_0029.mp4,6357,212.11211211211213,29.97,1330,2,traffic_signs,0.9376070499420166,604.9254150390625,477.3383483886719,726.629150390625,595.7941284179688,665.7772827148438,536.5662384033203,121.7037353515625,118.45578002929688
IMG_0029.mp4,6357,212.11211211211213,29.97,1347,2,traffic_signs,0.6932541131973267,789.0955200195312,684.1785888671875,834.8875732421875,747.97802734375,811.9915466308594,716.0783081054688,45.79205322265625,63.7994384765625
IMG_0029.mp4,6357,212.11211211211213,29.97,1344,1,traffic_lights,0.8602757453918457,840.937255859375,689.5156860351562,857.2054443359375,734.8782348632812,849.0713500976562,712.1969604492188,16.2681884765625,45.362548828125
IMG_0029.mp4,6358,212.14547881214548,29.97,1314,2,traffic_signs,0.8775174617767334,1248.1612548828125,686.90625,1285.8612060546875,724.2026977539062,1267.01123046875,705.5544738769531,37.699951171875,37.29644775390625
IMG_0029.mp4,6358,212.14547881214548,29.97,1318,2,traffic_signs,0.8958042860031128,1193.0838623046875,666.0238037109375,1222.192626953125,702.8461303710938,1207.6382446289062,684.4349670410156,29.1087646484375,36.82232666015625
IMG_0029.mp4,6358,212.14547881214548,29.97,1326,1,traffic_lights,0.8889384269714355,962.0592651367188,518.1627807617188,984.4249267578125,565.4714965820312,973.2420959472656,541.817138671875,22.36566162109375,47.3087158203125
IMG_0029.mp4,6358,212.14547881214548,29.97,1325,1,traffic_lights,0.7298293709754944,1188.5076904296875,696.5271606445312,1228.34375,762.0288696289062,1208.4257202148438,729.2780151367188,39.8360595703125,65.501708984375
IMG_0029.mp4,6358,212.14547881214548,29.97,1330,2,traffic_signs,0.9429498314857483,609.8781127929688,476.2405700683594,730.72900390625,594.8157958984375,670.3035583496094,535.5281829833984,120.85089111328125,118.57522583007812
IMG_0029.mp4,6358,212.14547881214548,29.97,1347,2,traffic_signs,0.8815364241600037,793.3219604492188,684.4313354492188,840.4511108398438,747.991943359375,816.8865356445312,716.2116394042969,47.129150390625,63.56060791015625
IMG_0029.mp4,6358,212.14547881214548,29.97,1344,1,traffic_lights,0.7900357246398926,846.179443359375,689.6441650390625,862.4656982421875,733.52734375,854.3225708007812,711.5857543945312,16.2862548828125,43.8831787109375
IMG_0029.mp4,6359,212.17884551217887,29.97,1314,2,traffic_signs,0.8787351846694946,1253.8123779296875,686.5238647460938,1292.021484375,723.859375,1272.9169311523438,705.1916198730469,38.2091064453125,37.33551025390625
IMG_0029.mp4,6359,212.17884551217887,29.97,1318,2,traffic_signs,0.8925821781158447,1198.66845703125,665.3621215820312,1228.0150146484375,701.8969116210938,1213.3417358398438,683.6295166015625,29.3465576171875,36.5347900390625
IMG_0029.mp4,6359,212.17884551217887,29.97,1326,1,traffic_lights,0.8823890686035156,967.3099365234375,517.712646484375,989.4503173828125,565.1292114257812,978.380126953125,541.4209289550781,22.140380859375,47.41656494140625
IMG_0029.mp4,6359,212.17884551217887,29.97,1325,1,traffic_lights,0.6411262154579163,1191.7803955078125,696.8701171875,1232.317626953125,767.0247192382812,1212.0490112304688,731.9474182128906,40.5372314453125,70.15460205078125
IMG_0029.mp4,6359,212.17884551217887,29.97,1330,2,traffic_signs,0.9352339506149292,615.2280883789062,475.15118408203125,735.3229370117188,593.6047973632812,675.2755126953125,534.3779907226562,120.0948486328125,118.45361328125
IMG_0029.mp4,6359,212.17884551217887,29.97,1347,2,traffic_signs,0.8473294973373413,799.0838623046875,683.728759765625,844.8756103515625,747.1505737304688,821.979736328125,715.4396667480469,45.791748046875,63.42181396484375
IMG_0029.mp4,6359,212.17884551217887,29.97,1344,1,traffic_lights,0.7567125558853149,851.1585083007812,689.7499389648438,867.4048461914062,733.149658203125,859.2816772460938,711.4497985839844,16.246337890625,43.39971923828125
IMG_0029.mp4,6360,212.21221221221222,29.97,1314,2,traffic_signs,0.8809317350387573,1260.48681640625,685.8807373046875,1298.5115966796875,723.5390625,1279.4992065429688,704.7098999023438,38.0247802734375,37.6583251953125
IMG_0029.mp4,6360,212.21221221221222,29.97,1318,2,traffic_signs,0.896729052066803,1204.8104248046875,665.1333618164062,1234.1148681640625,701.57958984375,1219.462646484375,683.3564758300781,29.304443359375,36.44622802734375
IMG_0029.mp4,6360,212.21221221221222,29.97,1326,1,traffic_lights,0.8253896832466125,972.397216796875,517.3945922851562,994.9116821289062,564.8295288085938,983.6544494628906,541.112060546875,22.51446533203125,47.4349365234375
IMG_0029.mp4,6360,212.21221221221222,29.97,1325,1,traffic_lights,0.6444080471992493,1201.5816650390625,696.8870849609375,1238.9625244140625,757.3732299804688,1220.2720947265625,727.1301574707031,37.380859375,60.48614501953125
IMG_0029.mp4,6360,212.21221221221222,29.97,1330,2,traffic_signs,0.9478558897972107,619.0073852539062,473.7322082519531,740.4730224609375,592.7512817382812,679.7402038574219,533.2417449951172,121.46563720703125,119.01907348632812
IMG_0029.mp4,6360,212.21221221221222,29.97,1347,2,traffic_signs,0.7244356274604797,803.945556640625,683.1006469726562,850.8677978515625,746.5337524414062,827.4066772460938,714.8171997070312,46.9222412109375,63.43310546875
IMG_0029.mp4,6360,212.21221221221222,29.97,1344,1,traffic_lights,0.7995402812957764,856.3738403320312,689.3695068359375,872.311767578125,733.6254272460938,864.3428039550781,711.4974670410156,15.93792724609375,44.25592041015625
IMG_0029.mp4,6361,212.24557891224558,29.97,1314,2,traffic_signs,0.8910846710205078,1265.6925048828125,685.3348388671875,1304.62841796875,723.3710327148438,1285.1604614257812,704.3529357910156,38.9359130859375,38.03619384765625
IMG_0029.mp4,6361,212.24557891224558,29.97,1318,2,traffic_signs,0.8963180184364319,1210.2503662109375,664.5799560546875,1240.4659423828125,700.8576049804688,1225.358154296875,682.7187805175781,30.215576171875,36.27764892578125
IMG_0029.mp4,6361,212.24557891224558,29.97,1326,1,traffic_lights,0.8672240376472473,976.6685791015625,516.7498168945312,999.454345703125,564.2609252929688,988.0614624023438,540.50537109375,22.7857666015625,47.5111083984375
IMG_0029.mp4,6361,212.24557891224558,29.97,1325,1,traffic_lights,0.667161226272583,1205.6260986328125,695.1312255859375,1243.8734130859375,764.6124877929688,1224.749755859375,729.8718566894531,38.247314453125,69.48126220703125
IMG_0029.mp4,6361,212.24557891224558,29.97,1330,2,traffic_signs,0.9389678239822388,623.3679809570312,472.7066650390625,745.018798828125,591.6607666015625,684.1933898925781,532.1837158203125,121.65081787109375,118.9541015625
IMG_0029.mp4,6361,212.24557891224558,29.97,1347,2,traffic_signs,0.8444079756736755,808.9725341796875,683.1423950195312,854.4305419921875,746.4606323242188,831.7015380859375,714.801513671875,45.4580078125,63.3182373046875
IMG_0029.mp4,6361,212.24557891224558,29.97,1344,1,traffic_lights,0.3587162494659424,861.1754150390625,688.844482421875,877.3653564453125,732.71044921875,869.2703857421875,710.7774658203125,16.18994140625,43.865966796875
IMG_0029.mp4,6361,212.24557891224558,29.97,1377,2,traffic_signs,0.4734465777873993,1.377714991569519,197.00367736816406,58.68336486816406,380.60174560546875,30.03053992986679,288.8027114868164,57.30564987659454,183.5980682373047
IMG_0029.mp4,6362,212.27894561227896,29.97,1314,2,traffic_signs,0.8790621757507324,1271.8818359375,685.4160766601562,1310.0775146484375,722.9580688476562,1290.9796752929688,704.1870727539062,38.1956787109375,37.5419921875
IMG_0029.mp4,6362,212.27894561227896,29.97,1318,2,traffic_signs,0.9019432663917542,1215.7938232421875,664.6625366210938,1245.2152099609375,700.6659545898438,1230.5045166015625,682.6642456054688,29.42138671875,36.00341796875
IMG_0029.mp4,6362,212.27894561227896,29.97,1326,1,traffic_lights,0.8616080284118652,981.3756713867188,516.4006958007812,1004.4076538085938,563.9774780273438,992.8916625976562,540.1890869140625,23.031982421875,47.5767822265625
IMG_0029.mp4,6362,212.27894561227896,29.97,1325,1,traffic_lights,0.6550350189208984,1214.2242431640625,696.1030883789062,1250.371337890625,752.9970703125,1232.2977905273438,724.5500793457031,36.1470947265625,56.89398193359375
IMG_0029.mp4,6362,212.27894561227896,29.97,1330,2,traffic_signs,0.9441844820976257,627.81298828125,471.82684326171875,749.4639282226562,590.7742919921875,688.6384582519531,531.3005676269531,121.65093994140625,118.94744873046875
IMG_0029.mp4,6362,212.27894561227896,29.97,1347,2,traffic_signs,0.8405694961547852,813.8548583984375,683.1273193359375,858.8798217773438,746.69970703125,836.3673400878906,714.9135131835938,45.02496337890625,63.5723876953125
IMG_0029.mp4,6362,212.27894561227896,29.97,1344,1,traffic_lights,0.8342196941375732,865.931640625,688.0477294921875,882.1273193359375,732.8786010742188,874.0294799804688,710.4631652832031,16.1956787109375,44.83087158203125
IMG_0029.mp4,6362,212.27894561227896,29.97,1377,2,traffic_signs,0.4011591374874115,1.889687418937683,193.5944061279297,62.61298370361328,381.13922119140625,32.25133556127548,287.36681365966797,60.7232962846756,187.54481506347656
IMG_0029.mp4,6363,212.31231231231232,29.97,1314,2,traffic_signs,0.8806224465370178,1277.2745361328125,684.74267578125,1316.2998046875,722.5610961914062,1296.7871704101562,703.6518859863281,39.0252685546875,37.81842041015625
IMG_0029.mp4,6363,212.31231231231232,29.97,1318,2,traffic_signs,0.9019895195960999,1221.5635986328125,664.3897094726562,1250.8184814453125,699.2920532226562,1236.1910400390625,681.8408813476562,29.2548828125,34.90234375
IMG_0029.mp4,6363,212.31231231231232,29.97,1326,1,traffic_lights,0.8845102190971375,985.4112548828125,516.0945434570312,1009.01513671875,563.4218139648438,997.2131958007812,539.7581787109375,23.6038818359375,47.3272705078125
IMG_0029.mp4,6363,212.31231231231232,29.97,1325,1,traffic_lights,0.6742492914199829,1220.841552734375,695.658203125,1257.89599609375,748.0648803710938,1239.3687744140625,721.8615417480469,37.054443359375,52.40667724609375
IMG_0029.mp4,6363,212.31231231231232,29.97,1330,2,traffic_signs,0.9496746063232422,631.7091064453125,470.5291442871094,753.45849609375,590.012451171875,692.5838012695312,530.2707977294922,121.7493896484375,119.48330688476562
IMG_0029.mp4,6363,212.31231231231232,29.97,1347,2,traffic_signs,0.8424595594406128,817.8726196289062,682.6560668945312,864.2642822265625,746.035400390625,841.0684509277344,714.3457336425781,46.39166259765625,63.37933349609375
IMG_0029.mp4,6363,212.31231231231232,29.97,1344,1,traffic_lights,0.8035280108451843,870.6776123046875,688.6113891601562,886.5167236328125,731.9478759765625,878.59716796875,710.2796325683594,15.839111328125,43.33648681640625
IMG_0029.mp4,6363,212.31231231231232,29.97,1377,2,traffic_signs,0.29252707958221436,1.4163492918014526,189.04002380371094,66.32376098632812,381.57220458984375,33.87005513906479,285.30611419677734,64.90741169452667,192.5321807861328
IMG_0029.mp4,6364,212.3456790123457,29.97,1314,2,traffic_signs,0.8548830151557922,1283.378662109375,684.4386596679688,1322.33251953125,721.9909057617188,1302.8555908203125,703.2147827148438,38.953857421875,37.55224609375
IMG_0029.mp4,6364,212.3456790123457,29.97,1318,2,traffic_signs,0.9011445641517639,1226.17431640625,663.8590087890625,1255.3211669921875,699.0333251953125,1240.7477416992188,681.4461669921875,29.1468505859375,35.17431640625
IMG_0029.mp4,6364,212.3456790123457,29.97,1326,1,traffic_lights,0.8721750974655151,989.7682495117188,515.368408203125,1013.3023681640625,562.6828002929688,1001.5353088378906,539.0256042480469,23.53411865234375,47.31439208984375
IMG_0029.mp4,6364,212.3456790123457,29.97,1325,1,traffic_lights,0.7037881016731262,1226.565185546875,695.3160400390625,1262.704345703125,745.2518310546875,1244.634765625,720.283935546875,36.13916015625,49.935791015625
IMG_0029.mp4,6364,212.3456790123457,29.97,1330,2,traffic_signs,0.9513745307922363,636.2055053710938,469.3225402832031,757.9888916015625,589.31787109375,697.0971984863281,529.3202056884766,121.78338623046875,119.99533081054688
IMG_0029.mp4,6364,212.3456790123457,29.97,1347,2,traffic_signs,0.8299360275268555,823.0753173828125,682.4990234375,868.8072509765625,745.69677734375,845.9412841796875,714.097900390625,45.73193359375,63.19775390625
IMG_0029.mp4,6364,212.3456790123457,29.97,1344,1,traffic_lights,0.7372363209724426,875.305908203125,688.446044921875,890.8819580078125,731.0477294921875,883.0939331054688,709.7468872070312,15.5760498046875,42.6016845703125
IMG_0029.mp4,6364,212.3456790123457,29.97,1377,2,traffic_signs,0.47774598002433777,1.3164687156677246,183.07994079589844,70.26950073242188,381.6808776855469,35.7929847240448,282.38040924072266,68.95303201675415,198.60093688964844
IMG_0029.mp4,6365,212.37904571237905,29.97,1314,2,traffic_signs,0.8986634612083435,1288.2772216796875,683.68310546875,1328.0911865234375,721.8863525390625,1308.1842041015625,702.7847290039062,39.81396484375,38.2032470703125
IMG_0029.mp4,6365,212.37904571237905,29.97,1318,2,traffic_signs,0.8950245976448059,1231.702392578125,663.22607421875,1261.1807861328125,698.3895263671875,1246.4415893554688,680.8078002929688,29.4783935546875,35.1634521484375
IMG_0029.mp4,6365,212.37904571237905,29.97,1326,1,traffic_lights,0.888671338558197,994.6204223632812,514.7544555664062,1017.8873291015625,562.1576538085938,1006.2538757324219,538.4560546875,23.26690673828125,47.4031982421875
IMG_0029.mp4,6365,212.37904571237905,29.97,1325,1,traffic_lights,0.7006282210350037,1231.15087890625,694.6124877929688,1268.734130859375,744.4351806640625,1249.9425048828125,719.5238342285156,37.583251953125,49.82269287109375
IMG_0029.mp4,6365,212.37904571237905,29.97,1330,2,traffic_signs,0.9423730373382568,640.672607421875,467.92108154296875,762.1996459960938,588.2396240234375,701.4361267089844,528.0803527832031,121.52703857421875,120.31854248046875
IMG_0029.mp4,6365,212.37904571237905,29.97,1347,2,traffic_signs,0.7766669392585754,827.2570190429688,681.9536743164062,874.7218627929688,745.2369384765625,850.9894409179688,713.5953063964844,47.46484375,63.28326416015625
IMG_0029.mp4,6365,212.37904571237905,29.97,1344,1,traffic_lights,0.8308700919151306,879.5829467773438,687.6569213867188,895.18798828125,731.5,887.3854675292969,709.5784606933594,15.60504150390625,43.84307861328125
IMG_0029.mp4,6365,212.37904571237905,29.97,1377,2,traffic_signs,0.3946692943572998,1.167961835861206,175.7767791748047,73.40367889404297,383.232666015625,37.28582036495209,279.50472259521484,72.23571705818176,207.4558868408203
IMG_0029.mp4,6366,212.4124124124124,29.97,1314,2,traffic_signs,0.8736198544502258,1293.641357421875,683.5257568359375,1333.5482177734375,721.19677734375,1313.5947875976562,702.3612670898438,39.9068603515625,37.6710205078125
IMG_0029.mp4,6366,212.4124124124124,29.97,1318,2,traffic_signs,0.9018258452415466,1236.6231689453125,662.8720703125,1266.0244140625,698.1400756835938,1251.3237915039062,680.5060729980469,29.4012451171875,35.26800537109375
IMG_0029.mp4,6366,212.4124124124124,29.97,1326,1,traffic_lights,0.7703988552093506,998.8162231445312,514.6478881835938,1021.4202880859375,562.2537841796875,1010.1182556152344,538.4508361816406,22.60406494140625,47.60589599609375
IMG_0029.mp4,6366,212.4124124124124,29.97,1325,1,traffic_lights,0.6116137504577637,1233.7171630859375,693.799560546875,1273.869140625,749.2054443359375,1253.7931518554688,721.5025024414062,40.1519775390625,55.4058837890625
IMG_0029.mp4,6366,212.4124124124124,29.97,1330,2,traffic_signs,0.9291199445724487,643.8231811523438,466.4175720214844,765.9736938476562,587.5741577148438,704.8984375,526.9958648681641,122.1505126953125,121.15658569335938
IMG_0029.mp4,6366,212.4124124124124,29.97,1347,2,traffic_signs,0.8552811145782471,831.3578491210938,682.0363159179688,878.8811645507812,745.3297729492188,855.1195068359375,713.6830444335938,47.5233154296875,63.29345703125
IMG_0029.mp4,6366,212.4124124124124,29.97,1344,1,traffic_lights,0.452045738697052,884.1725463867188,688.0545654296875,899.8179321289062,731.5803833007812,891.9952392578125,709.8174743652344,15.6453857421875,43.52581787109375
IMG_0029.mp4,6366,212.4124124124124,29.97,1377,2,traffic_signs,0.43735724687576294,0.9432096481323242,170.3262176513672,76.03816223144531,382.4289245605469,38.49068593978882,276.37757110595703,75.09495258331299,212.1027069091797
IMG_0029.mp4,6367,212.4457791124458,29.97,1314,2,traffic_signs,0.8363726735115051,1299.0274658203125,682.95263671875,1338.8399658203125,720.8094482421875,1318.9337158203125,701.8810424804688,39.8125,37.8568115234375
IMG_0029.mp4,6367,212.4457791124458,29.97,1318,2,traffic_signs,0.9043142795562744,1242.0821533203125,662.597900390625,1271.0491943359375,697.8998413085938,1256.565673828125,680.2488708496094,28.967041015625,35.30194091796875
IMG_0029.mp4,6367,212.4457791124458,29.97,1326,1,traffic_lights,0.8807196617126465,1002.4632568359375,514.4493408203125,1025.4395751953125,561.886474609375,1013.951416015625,538.1679077148438,22.976318359375,47.4371337890625
IMG_0029.mp4,6367,212.4457791124458,29.97,1325,1,traffic_lights,0.4500930905342102,1240.622314453125,693.2575073242188,1278.9581298828125,745.7528076171875,1259.7902221679688,719.5051574707031,38.3358154296875,52.49530029296875
IMG_0029.mp4,6367,212.4457791124458,29.97,1330,2,traffic_signs,0.9326881170272827,647.33544921875,465.54254150390625,769.8981323242188,586.7774658203125,708.6167907714844,526.1600036621094,122.56268310546875,121.23492431640625
IMG_0029.mp4,6367,212.4457791124458,29.97,1347,2,traffic_signs,0.8206584453582764,835.8723754882812,681.5347900390625,883.2755737304688,745.4103393554688,859.573974609375,713.4725646972656,47.4031982421875,63.87554931640625
IMG_0029.mp4,6367,212.4457791124458,29.97,1344,1,traffic_lights,0.420646071434021,888.5870971679688,688.1080322265625,904.0668334960938,731.09716796875,896.3269653320312,709.6026000976562,15.479736328125,42.9891357421875
IMG_0029.mp4,6367,212.4457791124458,29.97,1377,2,traffic_signs,0.6694654822349548,0.7947966456413269,166.6541748046875,78.64599609375,380.7350158691406,39.72039636969566,273.69459533691406,77.85119944810867,214.08084106445312
IMG_0029.mp4,6368,212.47914581247915,29.97,1314,2,traffic_signs,0.8765817880630493,1304.4359130859375,682.0923461914062,1344.1702880859375,720.5613403320312,1324.3031005859375,701.3268432617188,39.734375,38.468994140625
IMG_0029.mp4,6368,212.47914581247915,29.97,1318,2,traffic_signs,0.895126223564148,1247.0401611328125,662.1773681640625,1276.1248779296875,696.9917602539062,1261.58251953125,679.5845642089844,29.084716796875,34.81439208984375
IMG_0029.mp4,6368,212.47914581247915,29.97,1326,1,traffic_lights,0.7991135120391846,1006.8065185546875,514.11376953125,1029.9833984375,561.5812377929688,1018.3949584960938,537.8475036621094,23.1768798828125,47.46746826171875
IMG_0029.mp4,6368,212.47914581247915,29.97,1325,1,traffic_lights,0.6145232319831848,1243.7860107421875,693.2427368164062,1283.64453125,748.4734497070312,1263.7152709960938,720.8580932617188,39.8585205078125,55.230712890625
IMG_0029.mp4,6368,212.47914581247915,29.97,1330,2,traffic_signs,0.9285721182823181,651.1151123046875,464.59197998046875,773.6878662109375,585.6058959960938,712.4014892578125,525.0989379882812,122.57275390625,121.013916015625
IMG_0029.mp4,6368,212.47914581247915,29.97,1347,2,traffic_signs,0.7232643961906433,839.3377075195312,681.6340942382812,888.066650390625,744.9338989257812,863.7021789550781,713.2839965820312,48.72894287109375,63.2998046875
IMG_0029.mp4,6368,212.47914581247915,29.97,1344,1,traffic_lights,0.8342074155807495,892.4125366210938,687.8915405273438,907.6469116210938,730.6885986328125,900.0297241210938,709.2900695800781,15.234375,42.79705810546875
IMG_0029.mp4,6368,212.47914581247915,29.97,1377,2,traffic_signs,0.7308535575866699,0.6272379755973816,164.85986328125,80.89007568359375,379.4608154296875,40.758656829595566,272.16033935546875,80.26283770799637,214.6009521484375
IMG_0029.mp4,6369,212.51251251251253,29.97,1314,2,traffic_signs,0.8733813762664795,1310.021240234375,681.707763671875,1349.7215576171875,720.1421508789062,1329.8713989257812,700.9249572753906,39.7003173828125,38.43438720703125
IMG_0029.mp4,6369,212.51251251251253,29.97,1318,2,traffic_signs,0.9027231335639954,1252.01025390625,661.7053833007812,1281.238525390625,696.4404296875,1266.6243896484375,679.0729064941406,29.228271484375,34.73504638671875
IMG_0029.mp4,6369,212.51251251251253,29.97,1326,1,traffic_lights,0.8468366265296936,1011.0133056640625,513.6357421875,1034.105224609375,561.0156860351562,1022.5592651367188,537.3257141113281,23.0919189453125,47.37994384765625
IMG_0029.mp4,6369,212.51251251251253,29.97,1325,1,traffic_lights,0.3026610314846039,1250.3533935546875,693.0626831054688,1288.5296630859375,744.0046997070312,1269.4415283203125,718.53369140625,38.17626953125,50.9420166015625
IMG_0029.mp4,6369,212.51251251251253,29.97,1330,2,traffic_signs,0.9274021983146667,654.4385375976562,463.2051086425781,777.4454956054688,584.5286865234375,715.9420166015625,523.8668975830078,123.0069580078125,121.32357788085938
IMG_0029.mp4,6369,212.51251251251253,29.97,1347,2,traffic_signs,0.8655362129211426,843.2688598632812,681.40576171875,891.8555297851562,744.9011840820312,867.5621948242188,713.1534729003906,48.586669921875,63.49542236328125
IMG_0029.mp4,6369,212.51251251251253,29.97,1344,1,traffic_lights,0.7412853240966797,896.8572998046875,687.7716064453125,911.66162109375,730.06103515625,904.2594604492188,708.9163208007812,14.8043212890625,42.2894287109375
IMG_0029.mp4,6369,212.51251251251253,29.97,1377,2,traffic_signs,0.41873985528945923,0.43363043665885925,161.43283081054688,82.95503234863281,386.84954833984375,41.694331392645836,274.1411895751953,82.52140191197395,225.41671752929688
IMG_0029.mp4,6370,212.54587921254588,29.97,1314,2,traffic_signs,0.8928791880607605,1314.0726318359375,681.2066040039062,1354.770751953125,720.151611328125,1334.4216918945312,700.6791076660156,40.6981201171875,38.94500732421875
IMG_0029.mp4,6370,212.54587921254588,29.97,1318,2,traffic_signs,0.8825279474258423,1256.7703857421875,661.0990600585938,1286.0947265625,695.6233520507812,1271.4325561523438,678.3612060546875,29.3243408203125,34.5242919921875
IMG_0029.mp4,6370,212.54587921254588,29.97,1326,1,traffic_lights,0.8576233983039856,1014.7965698242188,513.063720703125,1037.6224365234375,560.6280517578125,1026.2095031738281,536.8458862304688,22.82586669921875,47.5643310546875
IMG_0029.mp4,6370,212.54587921254588,29.97,1325,1,traffic_lights,0.3797247111797333,1254.8221435546875,692.7572631835938,1293.97607421875,745.8717651367188,1274.3991088867188,719.3145141601562,39.1539306640625,53.114501953125
IMG_0029.mp4,6370,212.54587921254588,29.97,1330,2,traffic_signs,0.9287066459655762,658.3895263671875,461.9288330078125,781.3009033203125,583.574951171875,719.84521484375,522.7518920898438,122.911376953125,121.6461181640625
IMG_0029.mp4,6370,212.54587921254588,29.97,1347,2,traffic_signs,0.8295827507972717,848.0117797851562,681.1826782226562,895.440185546875,744.9329223632812,871.7259826660156,713.0578002929688,47.42840576171875,63.750244140625
IMG_0029.mp4,6370,212.54587921254588,29.97,1344,1,traffic_lights,0.548285186290741,900.609130859375,687.5459594726562,915.7787475585938,731.0020751953125,908.1939392089844,709.2740173339844,15.16961669921875,43.45611572265625
IMG_0029.mp4,6370,212.54587921254588,29.97,1377,2,traffic_signs,0.4422963261604309,0.1606067717075348,159.7495880126953,85.13765716552734,380.4492492675781,42.64913196861744,270.0994186401367,84.97705039381981,220.6996612548828
IMG_0029.mp4,6370,212.54587921254588,29.97,1380,1,traffic_lights,0.5507343411445618,1250.6287841796875,691.641357421875,1292.873046875,766.2025756835938,1271.7509155273438,728.9219665527344,42.2442626953125,74.56121826171875
IMG_0029.mp4,6371,212.57924591257927,29.97,1314,2,traffic_signs,0.877640962600708,1319.69189453125,681.0438232421875,1360.1871337890625,719.392333984375,1339.9395141601562,700.2180786132812,40.4952392578125,38.3485107421875
IMG_0029.mp4,6371,212.57924591257927,29.97,1318,2,traffic_signs,0.8994930386543274,1261.1063232421875,660.1670532226562,1290.7579345703125,696.2064208984375,1275.93212890625,678.1867370605469,29.651611328125,36.03936767578125
IMG_0029.mp4,6371,212.57924591257927,29.97,1326,1,traffic_lights,0.8469642996788025,1019.030029296875,512.5082397460938,1041.7982177734375,559.989501953125,1030.4141235351562,536.2488708496094,22.7681884765625,47.48126220703125
IMG_0029.mp4,6371,212.57924591257927,29.97,1325,1,traffic_lights,0.47780683636665344,1258.1767578125,692.1678466796875,1300.7528076171875,746.4097290039062,1279.4647827148438,719.2887878417969,42.5760498046875,54.24188232421875
IMG_0029.mp4,6371,212.57924591257927,29.97,1330,2,traffic_signs,0.9238301515579224,662.3339233398438,460.75,785.1209716796875,582.7791137695312,723.7274475097656,521.7645568847656,122.78704833984375,122.02911376953125
IMG_0029.mp4,6371,212.57924591257927,29.97,1347,2,traffic_signs,0.49193283915519714,851.7774658203125,681.3411254882812,899.7626342773438,744.8867797851562,875.7700500488281,713.1139526367188,47.98516845703125,63.545654296875
IMG_0029.mp4,6371,212.57924591257927,29.97,1344,1,traffic_lights,0.829211413860321,903.6019287109375,686.3006591796875,919.739501953125,731.6990966796875,911.6707153320312,708.9998779296875,16.1375732421875,45.3984375
IMG_0029.mp4,6372,212.61261261261262,29.97,1314,2,traffic_signs,0.8928459286689758,1324.031982421875,680.5748901367188,1366.06787109375,719.4376220703125,1345.0499267578125,700.0062561035156,42.035888671875,38.86273193359375
IMG_0029.mp4,6372,212.61261261261262,29.97,1318,2,traffic_signs,0.8912359476089478,1265.603515625,659.1971435546875,1295.50341796875,695.9501953125,1280.553466796875,677.5736694335938,29.89990234375,36.7530517578125
IMG_0029.mp4,6372,212.61261261261262,29.97,1326,1,traffic_lights,0.8387400507926941,1022.7711181640625,512.0902709960938,1045.697021484375,559.9063110351562,1034.2340698242188,535.998291015625,22.9259033203125,47.8160400390625
IMG_0029.mp4,6372,212.61261261261262,29.97,1325,1,traffic_lights,0.35383909940719604,1265.4937744140625,692.636962890625,1305.0509033203125,742.0431518554688,1285.2723388671875,717.3400573730469,39.55712890625,49.40618896484375
IMG_0029.mp4,6372,212.61261261261262,29.97,1330,2,traffic_signs,0.9170010089874268,665.9657592773438,459.59881591796875,789.0931396484375,581.66796875,727.5294494628906,520.6333923339844,123.12738037109375,122.06915283203125
IMG_0029.mp4,6372,212.61261261261262,29.97,1347,2,traffic_signs,0.8458696603775024,855.336669921875,681.6392211914062,903.0428466796875,744.2386474609375,879.1897583007812,712.9389343261719,47.7061767578125,62.59942626953125
IMG_0029.mp4,6372,212.61261261261262,29.97,1344,1,traffic_lights,0.7754462957382202,908.2943725585938,686.799072265625,923.6835327148438,730.87548828125,915.9889526367188,708.8372802734375,15.38916015625,44.076416015625
IMG_0029.mp4,6373,212.64597931264598,29.97,1314,2,traffic_signs,0.8614370226860046,1329.1866455078125,679.9673461914062,1371.3212890625,718.9998779296875,1350.2539672851562,699.4836120605469,42.1346435546875,39.03253173828125
IMG_0029.mp4,6373,212.64597931264598,29.97,1318,2,traffic_signs,0.8899564743041992,1269.550537109375,658.8194580078125,1300.62548828125,695.7127075195312,1285.0880126953125,677.2660827636719,31.074951171875,36.89324951171875
IMG_0029.mp4,6373,212.64597931264598,29.97,1326,1,traffic_lights,0.8461361527442932,1026.1798095703125,511.4391784667969,1049.1083984375,559.4884643554688,1037.6441040039062,535.4638214111328,22.9285888671875,48.049285888671875
IMG_0029.mp4,6373,212.64597931264598,29.97,1325,1,traffic_lights,0.546563982963562,1268.37158203125,692.54638671875,1309.18359375,746.4988403320312,1288.777587890625,719.5226135253906,40.81201171875,53.95245361328125
IMG_0029.mp4,6373,212.64597931264598,29.97,1330,2,traffic_signs,0.7676025629043579,668.65771484375,458.1470642089844,792.6834716796875,581.358642578125,730.6705932617188,519.7528533935547,124.0257568359375,123.21157836914062
IMG_0029.mp4,6373,212.64597931264598,29.97,1347,2,traffic_signs,0.8202254176139832,859.1493530273438,681.4025268554688,906.86572265625,744.4442138671875,883.0075378417969,712.9233703613281,47.71636962890625,63.04168701171875
IMG_0029.mp4,6373,212.64597931264598,29.97,1344,1,traffic_lights,0.7585259675979614,912.273193359375,686.6011352539062,927.570556640625,730.5739135742188,919.921875,708.5875244140625,15.29736328125,43.9727783203125
IMG_0029.mp4,6374,212.67934601267936,29.97,1314,2,traffic_signs,0.7161699533462524,1334.098876953125,679.9086303710938,1376.585205078125,718.5513305664062,1355.342041015625,699.22998046875,42.486328125,38.6427001953125
IMG_0029.mp4,6374,212.67934601267936,29.97,1318,2,traffic_signs,0.8932775855064392,1273.8626708984375,658.751953125,1304.9014892578125,695.4580688476562,1289.382080078125,677.1050109863281,31.038818359375,36.70611572265625
IMG_0029.mp4,6374,212.67934601267936,29.97,1326,1,traffic_lights,0.8423208594322205,1030.241943359375,511.0260314941406,1053.1463623046875,558.850341796875,1041.6941528320312,534.9381866455078,22.9044189453125,47.824310302734375
IMG_0029.mp4,6374,212.67934601267936,29.97,1325,1,traffic_lights,0.7498922348022461,1275.3172607421875,692.925537109375,1313.2655029296875,742.2242431640625,1294.2913818359375,717.5748901367188,37.9482421875,49.2987060546875
IMG_0029.mp4,6374,212.67934601267936,29.97,1330,2,traffic_signs,0.8839839100837708,671.9525146484375,456.7516174316406,795.6957397460938,580.9329833984375,733.8241271972656,518.8423004150391,123.74322509765625,124.18136596679688
IMG_0029.mp4,6374,212.67934601267936,29.97,1347,2,traffic_signs,0.6550244688987732,862.3440551757812,681.3702392578125,910.713623046875,744.4794311523438,886.5288391113281,712.9248352050781,48.36956787109375,63.10919189453125
IMG_0029.mp4,6374,212.67934601267936,29.97,1344,1,traffic_lights,0.834129273891449,915.5867919921875,686.7865600585938,930.8487548828125,730.140869140625,923.2177734375,708.4637145996094,15.261962890625,43.35430908203125
IMG_0029.mp4,6374,212.67934601267936,29.97,1380,1,traffic_lights,0.6279215812683105,1274.08984375,692.381591796875,1312.66943359375,745.1987915039062,1293.379638671875,718.7901916503906,38.57958984375,52.81719970703125
IMG_0029.mp4,6375,212.71271271271272,29.97,1314,2,traffic_signs,0.8740704655647278,1337.815185546875,679.5437622070312,1380.9617919921875,718.2293090820312,1359.3884887695312,698.8865356445312,43.1466064453125,38.685546875
IMG_0029.mp4,6375,212.71271271271272,29.97,1318,2,traffic_signs,0.875720202922821,1278.46630859375,658.1981811523438,1309.69677734375,694.546875,1294.08154296875,676.3725280761719,31.23046875,36.34869384765625
IMG_0029.mp4,6375,212.71271271271272,29.97,1326,1,traffic_lights,0.8645448684692383,1033.3175048828125,510.618408203125,1056.767333984375,558.4057006835938,1045.0424194335938,534.5120544433594,23.4498291015625,47.78729248046875
IMG_0029.mp4,6375,212.71271271271272,29.97,1330,2,traffic_signs,0.948135495185852,675.2390747070312,455.5115051269531,799.15576171875,580.0447387695312,737.1974182128906,517.7781219482422,123.91668701171875,124.53323364257812
IMG_0029.mp4,6375,212.71271271271272,29.97,1347,2,traffic_signs,0.8340939283370972,865.7489624023438,681.1906127929688,913.6242065429688,744.2752685546875,889.6865844726562,712.7329406738281,47.875244140625,63.08465576171875
IMG_0029.mp4,6376,212.7460794127461,29.97,1314,2,traffic_signs,0.8885400295257568,1343.302001953125,679.5548095703125,1385.3629150390625,717.9690551757812,1364.3324584960938,698.7619323730469,42.0609130859375,38.41424560546875
IMG_0029.mp4,6376,212.7460794127461,29.97,1318,2,traffic_signs,0.8980319499969482,1282.276611328125,657.6747436523438,1314.287353515625,695.4384765625,1298.281982421875,676.5566101074219,32.0107421875,37.76373291015625
IMG_0029.mp4,6376,212.7460794127461,29.97,1326,1,traffic_lights,0.8898521065711975,1036.579833984375,509.9314270019531,1060.31884765625,558.111572265625,1048.4493408203125,534.0214996337891,23.739013671875,48.180145263671875
IMG_0029.mp4,6376,212.7460794127461,29.97,1330,2,traffic_signs,0.9546785950660706,678.10693359375,454.3998107910156,801.9124755859375,578.9592895507812,740.0097045898438,516.6795501708984,123.8055419921875,124.55947875976562
IMG_0029.mp4,6376,212.7460794127461,29.97,1347,2,traffic_signs,0.8054239749908447,870.6779174804688,680.926513671875,917.1292114257812,744.1430053710938,893.903564453125,712.5347595214844,46.4512939453125,63.21649169921875
IMG_0029.mp4,6376,212.7460794127461,29.97,1325,1,traffic_lights,0.31240975856781006,1282.338134765625,692.0145263671875,1323.5296630859375,741.4666748046875,1302.9338989257812,716.7406005859375,41.1915283203125,49.4521484375
IMG_0029.mp4,6376,212.7460794127461,29.97,1344,1,traffic_lights,0.7043569684028625,923.1109008789062,685.9304809570312,938.6015014648438,729.8296508789062,930.856201171875,707.8800659179688,15.4906005859375,43.899169921875
IMG_0029.mp4,6377,212.77944611277945,29.97,1314,2,traffic_signs,0.8990199565887451,1347.39794921875,679.545654296875,1390.326904296875,717.9273071289062,1368.8624267578125,698.7364807128906,42.928955078125,38.38165283203125
IMG_0029.mp4,6377,212.77944611277945,29.97,1318,2,traffic_signs,0.8900609612464905,1286.72705078125,657.6350708007812,1318.8232421875,695.5191650390625,1302.775146484375,676.5771179199219,32.09619140625,37.88409423828125
IMG_0029.mp4,6377,212.77944611277945,29.97,1326,1,traffic_lights,0.8701209425926208,1039.9993896484375,509.69683837890625,1064.2037353515625,557.6229248046875,1052.1015625,533.6598815917969,24.204345703125,47.92608642578125
IMG_0029.mp4,6377,212.77944611277945,29.97,1330,2,traffic_signs,0.9538835883140564,681.2403564453125,453.3746032714844,805.24462890625,577.833251953125,743.2424926757812,515.6039276123047,124.0042724609375,124.45864868164062
IMG_0029.mp4,6377,212.77944611277945,29.97,1347,2,traffic_signs,0.8100219964981079,873.88330078125,680.0570678710938,921.1031494140625,743.904052734375,897.4932250976562,711.9805603027344,47.2198486328125,63.84698486328125
IMG_0029.mp4,6377,212.77944611277945,29.97,1325,1,traffic_lights,0.6347467303276062,1286.221435546875,691.2989501953125,1327.198974609375,741.801025390625,1306.710205078125,716.5499877929688,40.9775390625,50.5020751953125
IMG_0029.mp4,6377,212.77944611277945,29.97,1344,1,traffic_lights,0.368011474609375,926.571533203125,685.7198486328125,941.8485717773438,730.57568359375,934.2100524902344,708.1477661132812,15.27703857421875,44.8558349609375
IMG_0029.mp4,6377,212.77944611277945,29.97,1377,2,traffic_signs,0.3039417862892151,0.6351428627967834,133.6610565185547,100.29149627685547,360.6790771484375,50.463319569826126,247.1700668334961,99.65635341405869,227.0180206298828
IMG_0029.mp4,6378,212.8128128128128,29.97,1314,2,traffic_signs,0.8629218935966492,1352.440673828125,679.1088256835938,1394.70703125,717.6946411132812,1373.5738525390625,698.4017333984375,42.266357421875,38.5858154296875
IMG_0029.mp4,6378,212.8128128128128,29.97,1318,2,traffic_signs,0.8613852262496948,1290.9371337890625,657.2587280273438,1322.630615234375,693.837158203125,1306.7838745117188,675.5479431152344,31.6934814453125,36.57843017578125
IMG_0029.mp4,6378,212.8128128128128,29.97,1326,1,traffic_lights,0.7348498702049255,1043.7254638671875,509.06927490234375,1067.871337890625,556.71728515625,1055.7984008789062,532.8932800292969,24.1458740234375,47.64801025390625
IMG_0029.mp4,6378,212.8128128128128,29.97,1330,2,traffic_signs,0.9487856030464172,684.4918212890625,452.25396728515625,808.26953125,576.6944580078125,746.3806762695312,514.4742126464844,123.7777099609375,124.44049072265625
IMG_0029.mp4,6378,212.8128128128128,29.97,1347,2,traffic_signs,0.8129906058311462,876.6200561523438,680.694091796875,924.9456176757812,743.527587890625,900.7828369140625,712.11083984375,48.3255615234375,62.83349609375
IMG_0029.mp4,6378,212.8128128128128,29.97,1325,1,traffic_lights,0.455301970243454,1291.88232421875,691.1787109375,1330.54638671875,740.3927612304688,1311.21435546875,715.7857360839844,38.6640625,49.21405029296875
IMG_0029.mp4,6378,212.8128128128128,29.97,1344,1,traffic_lights,0.6644750237464905,929.8208618164062,685.8806762695312,945.5911254882812,731.1730346679688,937.7059936523438,708.52685546875,15.770263671875,45.2923583984375
IMG_0029.mp4,6379,212.8461795128462,29.97,1314,2,traffic_signs,0.8905097246170044,1357.9537353515625,678.9182739257812,1399.5770263671875,717.4894409179688,1378.765380859375,698.203857421875,41.623291015625,38.5711669921875
IMG_0029.mp4,6379,212.8461795128462,29.97,1318,2,traffic_signs,0.8839453458786011,1294.685302734375,656.88134765625,1326.7093505859375,694.2359008789062,1310.6973266601562,675.5586242675781,32.0240478515625,37.35455322265625
IMG_0029.mp4,6379,212.8461795128462,29.97,1326,1,traffic_lights,0.8760862946510315,1046.76953125,508.58160400390625,1070.62548828125,556.1556396484375,1058.697509765625,532.3686218261719,23.85595703125,47.57403564453125
IMG_0029.mp4,6379,212.8461795128462,29.97,1330,2,traffic_signs,0.9482457637786865,687.7777099609375,450.8926086425781,811.8966674804688,575.8094482421875,749.8371887207031,513.3510284423828,124.11895751953125,124.91683959960938
IMG_0029.mp4,6379,212.8461795128462,29.97,1347,2,traffic_signs,0.8386332988739014,880.0172119140625,680.6246337890625,928.0904541015625,743.271240234375,904.0538330078125,711.9479370117188,48.0732421875,62.6466064453125
IMG_0029.mp4,6379,212.8461795128462,29.97,1344,1,traffic_lights,0.7600352764129639,933.4418334960938,685.6575317382812,948.8078002929688,729.9473876953125,941.1248168945312,707.8024597167969,15.365966796875,44.28985595703125
IMG_0029.mp4,6380,212.87954621287955,29.97,1314,2,traffic_signs,0.8831621408462524,1361.211669921875,677.9345092773438,1403.4522705078125,717.3797607421875,1382.3319702148438,697.6571350097656,42.2406005859375,39.44525146484375
IMG_0029.mp4,6380,212.87954621287955,29.97,1318,2,traffic_signs,0.8644805550575256,1298.859130859375,656.8338012695312,1331.0377197265625,693.942138671875,1314.9484252929688,675.3879699707031,32.1785888671875,37.10833740234375
IMG_0029.mp4,6380,212.87954621287955,29.97,1326,1,traffic_lights,0.879191517829895,1049.5489501953125,508.07562255859375,1073.5509033203125,555.9994506835938,1061.5499267578125,532.0375366210938,24.001953125,47.923828125
IMG_0029.mp4,6380,212.87954621287955,29.97,1330,2,traffic_signs,0.9544281363487244,689.8087768554688,449.5932922363281,815.0314331054688,574.9969482421875,752.4201049804688,512.2951202392578,125.22265625,125.40365600585938
IMG_0029.mp4,6380,212.87954621287955,29.97,1347,2,traffic_signs,0.8084852695465088,883.7498779296875,680.2748413085938,931.008544921875,743.1923828125,907.3792114257812,711.7336120605469,47.2586669921875,62.91754150390625
IMG_0029.mp4,6380,212.87954621287955,29.97,1344,1,traffic_lights,0.7379449009895325,936.6568603515625,685.3549194335938,951.959228515625,729.4529418945312,944.3080444335938,707.4039306640625,15.3023681640625,44.0980224609375
IMG_0029.mp4,6380,212.87954621287955,29.97,1385,0,auth_label,0.5112611055374146,1.7058647871017456,382.4951477050781,110.86204528808594,829.7667846679688,56.28395503759384,606.1309661865234,109.15618050098419,447.2716369628906
IMG_0029.mp4,6380,212.87954621287955,29.97,1325,1,traffic_lights,0.6115348935127258,1301.2371826171875,691.3412475585938,1338.41162109375,739.1062622070312,1319.8244018554688,715.2237548828125,37.1744384765625,47.7650146484375
IMG_0029.mp4,6381,212.91291291291293,29.97,1314,2,traffic_signs,0.8842711448669434,1365.6077880859375,677.3184204101562,1407.829345703125,717.1259765625,1386.7185668945312,697.2221984863281,42.2215576171875,39.80755615234375
IMG_0029.mp4,6381,212.91291291291293,29.97,1318,2,traffic_signs,0.8973648548126221,1302.3314208984375,656.2810668945312,1334.9981689453125,693.5286865234375,1318.664794921875,674.9048767089844,32.666748046875,37.24761962890625
IMG_0029.mp4,6381,212.91291291291293,29.97,1326,1,traffic_lights,0.8734310269355774,1052.52783203125,507.3514709472656,1077.3165283203125,555.7062377929688,1064.9221801757812,531.5288543701172,24.7886962890625,48.354766845703125
IMG_0029.mp4,6381,212.91291291291293,29.97,1330,2,traffic_signs,0.944570004940033,692.3596801757812,448.4117431640625,818.1213989257812,574.3873901367188,755.2405395507812,511.3995666503906,125.76171875,125.97564697265625
IMG_0029.mp4,6381,212.91291291291293,29.97,1347,2,traffic_signs,0.7382096648216248,886.4348754882812,679.191162109375,934.50537109375,743.4822387695312,910.4701232910156,711.3367004394531,48.07049560546875,64.29107666015625
IMG_0029.mp4,6381,212.91291291291293,29.97,1344,1,traffic_lights,0.6850583553314209,939.6041259765625,685.9312744140625,954.84814453125,729.6543579101562,947.2261352539062,707.7928161621094,15.2440185546875,43.72308349609375
IMG_0029.mp4,6381,212.91291291291293,29.97,1385,0,auth_label,0.5963549613952637,1.5804319381713867,383.9447326660156,109.42932891845703,828.3934936523438,55.50488042831421,606.1691131591797,107.84889698028564,444.4487609863281
IMG_0029.mp4,6382,212.94627961294628,29.97,1314,2,traffic_signs,0.9019628167152405,1370.316162109375,677.0625610351562,1411.708251953125,716.8093872070312,1391.01220703125,696.9359741210938,41.39208984375,39.746826171875
IMG_0029.mp4,6382,212.94627961294628,29.97,1318,2,traffic_signs,0.9026399850845337,1305.686767578125,655.6551513671875,1339.0361328125,694.0752563476562,1322.3614501953125,674.8652038574219,33.349365234375,38.42010498046875
IMG_0029.mp4,6382,212.94627961294628,29.97,1326,1,traffic_lights,0.89365154504776,1055.2408447265625,506.9090881347656,1080.4666748046875,555.153564453125,1067.853759765625,531.0313262939453,25.225830078125,48.244476318359375
IMG_0029.mp4,6382,212.94627961294628,29.97,1330,2,traffic_signs,0.9467509388923645,694.9034423828125,447.4036865234375,820.8425903320312,573.7145385742188,757.8730163574219,510.5591125488281,125.93914794921875,126.31085205078125
IMG_0029.mp4,6382,212.94627961294628,29.97,1347,2,traffic_signs,0.8023094534873962,888.643310546875,679.8932495117188,937.12890625,743.0327758789062,912.8861083984375,711.4630126953125,48.485595703125,63.1395263671875
IMG_0029.mp4,6382,212.94627961294628,29.97,1344,1,traffic_lights,0.7622779607772827,942.1766967773438,685.2891845703125,958.131591796875,729.9214477539062,950.1541442871094,707.6053161621094,15.95489501953125,44.63226318359375
IMG_0029.mp4,6382,212.94627961294628,29.97,1385,0,auth_label,0.5234604477882385,1.1727186441421509,384.80291748046875,109.26914978027344,828.36376953125,55.220934212207794,606.5833435058594,108.09643113613129,443.56085205078125
IMG_0029.mp4,6382,212.94627961294628,29.97,1325,1,traffic_lights,0.408234566450119,1307.240478515625,690.0081787109375,1347.2005615234375,738.59716796875,1327.2205200195312,714.3026733398438,39.9600830078125,48.5889892578125
IMG_0029.mp4,6383,212.97964631297967,29.97,1314,2,traffic_signs,0.7815475463867188,1373.7567138671875,676.1678466796875,1415.3619384765625,716.2872314453125,1394.559326171875,696.2275390625,41.605224609375,40.119384765625
IMG_0029.mp4,6383,212.97964631297967,29.97,1318,2,traffic_signs,0.9093239307403564,1309.592529296875,655.2020874023438,1343.165283203125,693.3147583007812,1326.37890625,674.2584228515625,33.57275390625,38.1126708984375
IMG_0029.mp4,6383,212.97964631297967,29.97,1326,1,traffic_lights,0.8846593499183655,1058.42041015625,506.625244140625,1082.8564453125,554.7469482421875,1070.638427734375,530.6860961914062,24.43603515625,48.1217041015625
IMG_0029.mp4,6383,212.97964631297967,29.97,1330,2,traffic_signs,0.9497461318969727,697.5606689453125,446.2027587890625,823.5242309570312,572.9918212890625,760.5424499511719,509.5972900390625,125.96356201171875,126.7890625
IMG_0029.mp4,6383,212.97964631297967,29.97,1347,2,traffic_signs,0.837467610836029,891.6870727539062,679.8978881835938,939.1551513671875,742.6563720703125,915.4211120605469,711.2771301269531,47.46807861328125,62.75848388671875
IMG_0029.mp4,6383,212.97964631297967,29.97,1344,1,traffic_lights,0.7576529383659363,945.1632080078125,685.0786743164062,961.006103515625,729.4974365234375,953.0846557617188,707.2880554199219,15.8428955078125,44.41876220703125
IMG_0029.mp4,6383,212.97964631297967,29.97,1385,0,auth_label,0.5967516899108887,0.9845567941665649,385.7256164550781,110.12879180908203,830.22607421875,55.5566743016243,607.9758453369141,109.14423501491547,444.5004577636719
IMG_0029.mp4,6383,212.97964631297967,29.97,1325,1,traffic_lights,0.7425553798675537,1312.4871826171875,689.5069580078125,1352.8173828125,737.5401611328125,1332.6522827148438,713.5235595703125,40.3302001953125,48.033203125
IMG_0029.mp4,6384,213.01301301301302,29.97,1314,2,traffic_signs,0.8780405521392822,1377.967041015625,675.6294555664062,1419.587890625,715.7796630859375,1398.7774658203125,695.7045593261719,41.620849609375,40.15020751953125
IMG_0029.mp4,6384,213.01301301301302,29.97,1318,2,traffic_signs,0.8934687376022339,1313.360107421875,654.9120483398438,1346.192138671875,692.4092407226562,1329.776123046875,673.66064453125,32.83203125,37.4971923828125
IMG_0029.mp4,6384,213.01301301301302,29.97,1326,1,traffic_lights,0.8791353106498718,1061.633056640625,506.062255859375,1085.37255859375,554.2942504882812,1073.5028076171875,530.1782531738281,23.739501953125,48.23199462890625
IMG_0029.mp4,6384,213.01301301301302,29.97,1330,2,traffic_signs,0.9541298151016235,700.07080078125,444.5501403808594,825.7910766601562,572.1397705078125,762.9309387207031,508.34495544433594,125.72027587890625,127.58963012695312
IMG_0029.mp4,6384,213.01301301301302,29.97,1347,2,traffic_signs,0.8121557235717773,894.9528198242188,679.5484619140625,942.1096801757812,742.3958740234375,918.53125,710.97216796875,47.1568603515625,62.847412109375
IMG_0029.mp4,6384,213.01301301301302,29.97,1344,1,traffic_lights,0.7309150695800781,947.9642333984375,684.7921142578125,963.9266967773438,730.0673217773438,955.9454650878906,707.4297180175781,15.96246337890625,45.27520751953125
IMG_0029.mp4,6384,213.01301301301302,29.97,1385,0,auth_label,0.5948323011398315,1.0647767782211304,385.66302490234375,112.18485260009766,829.6602172851562,56.62481468915939,607.66162109375,111.12007582187653,443.9971923828125
IMG_0029.mp4,6384,213.01301301301302,29.97,1325,1,traffic_lights,0.6510509848594666,1317.140380859375,689.3516235351562,1355.52880859375,737.0879516601562,1336.3345947265625,713.2197875976562,38.388427734375,47.736328125
IMG_0029.mp4,6385,213.04637971304638,29.97,1314,2,traffic_signs,0.9040868878364563,1382.535400390625,675.7962036132812,1424.08154296875,715.478759765625,1403.3084716796875,695.6374816894531,41.546142578125,39.68255615234375
IMG_0029.mp4,6385,213.04637971304638,29.97,1318,2,traffic_signs,0.893835723400116,1316.329833984375,654.5829467773438,1349.6337890625,691.8106079101562,1332.9818115234375,673.19677734375,33.303955078125,37.2276611328125
IMG_0029.mp4,6385,213.04637971304638,29.97,1326,1,traffic_lights,0.8825377821922302,1065.0570068359375,505.7906188964844,1088.4443359375,554.09423828125,1076.7506713867188,529.9424285888672,23.3873291015625,48.303619384765625
IMG_0029.mp4,6385,213.04637971304638,29.97,1330,2,traffic_signs,0.9543009400367737,701.96044921875,443.0723876953125,828.3902587890625,570.7273559570312,765.1753540039062,506.8998718261719,126.4298095703125,127.65496826171875
IMG_0029.mp4,6385,213.04637971304638,29.97,1347,2,traffic_signs,0.8280997276306152,897.9034423828125,679.49609375,945.2911376953125,742.3572387695312,921.5972900390625,710.9266662597656,47.3876953125,62.86114501953125
IMG_0029.mp4,6385,213.04637971304638,29.97,1344,1,traffic_lights,0.5479982495307922,950.48779296875,684.55908203125,966.655029296875,730.8469848632812,958.5714111328125,707.7030334472656,16.167236328125,46.28790283203125
IMG_0029.mp4,6385,213.04637971304638,29.97,1385,0,auth_label,0.5507479906082153,1.0466982126235962,385.1701965332031,113.51148986816406,830.6660766601562,57.27909404039383,607.9181365966797,112.46479165554047,445.4958801269531
IMG_0029.mp4,6385,213.04637971304638,29.97,1325,1,traffic_lights,0.5023453235626221,1320.5994873046875,688.494873046875,1358.08642578125,737.486328125,1339.3429565429688,712.9906005859375,37.4869384765625,48.991455078125
IMG_0029.mp4,6385,213.04637971304638,29.97,1377,2,traffic_signs,0.319706529378891,0.0,103.49830627441406,109.21038055419922,351.41412353515625,54.60519027709961,227.45621490478516,109.21038055419922,247.9158172607422
IMG_0029.mp4,6386,213.07974641307976,29.97,1314,2,traffic_signs,0.8396211862564087,1385.56591796875,675.7911376953125,1427.1817626953125,715.4556274414062,1406.3738403320312,695.6233825683594,41.6158447265625,39.66448974609375
IMG_0029.mp4,6386,213.07974641307976,29.97,1318,2,traffic_signs,0.8997308015823364,1319.0859375,654.221435546875,1352.6546630859375,692.0759887695312,1335.8703002929688,673.1487121582031,33.5687255859375,37.85455322265625
IMG_0029.mp4,6386,213.07974641307976,29.97,1326,1,traffic_lights,0.8884029388427734,1067.7220458984375,505.56414794921875,1091.2952880859375,553.7313842773438,1079.5086669921875,529.6477661132812,23.5732421875,48.167236328125
IMG_0029.mp4,6386,213.07974641307976,29.97,1330,2,traffic_signs,0.9567789435386658,703.5706176757812,442.0579833984375,830.5791625976562,569.0164184570312,767.0748901367188,505.5372009277344,127.008544921875,126.95843505859375
IMG_0029.mp4,6386,213.07974641307976,29.97,1347,2,traffic_signs,0.5521166920661926,899.9058227539062,680.1914672851562,948.2777709960938,741.7032470703125,924.091796875,710.9473571777344,48.3719482421875,61.51177978515625
IMG_0029.mp4,6386,213.07974641307976,29.97,1344,1,traffic_lights,0.8018321990966797,953.2363891601562,683.9258422851562,969.5243530273438,730.6589965820312,961.38037109375,707.2924194335938,16.2879638671875,46.733154296875
IMG_0029.mp4,6386,213.07974641307976,29.97,1385,0,auth_label,0.5398826599121094,1.4207758903503418,385.2696533203125,116.04119873046875,828.3096313476562,58.730987310409546,606.7896423339844,114.62042284011841,443.03997802734375
IMG_0029.mp4,6386,213.07974641307976,29.97,1325,1,traffic_lights,0.7254055142402649,1325.5218505859375,688.388916015625,1363.3353271484375,737.3129272460938,1344.4285888671875,712.8509216308594,37.8134765625,48.92401123046875
IMG_0029.mp4,6386,213.07974641307976,29.97,1377,2,traffic_signs,0.49626925587654114,0.0,101.92447662353516,109.34410858154297,350.1596374511719,54.672054290771484,226.04205703735352,109.34410858154297,248.23516082763672
IMG_0029.mp4,6387,213.11311311311312,29.97,1314,2,traffic_signs,0.7501929998397827,1389.1905517578125,675.0789184570312,1431.4320068359375,714.9067993164062,1410.311279296875,694.9928588867188,42.241455078125,39.827880859375
IMG_0029.mp4,6387,213.11311311311312,29.97,1318,2,traffic_signs,0.9024142026901245,1323.0262451171875,653.5440063476562,1356.4041748046875,692.1796875,1339.7152099609375,672.8618469238281,33.3779296875,38.63568115234375
IMG_0029.mp4,6387,213.11311311311312,29.97,1326,1,traffic_lights,0.8751547932624817,1070.193603515625,505.381103515625,1093.5640869140625,553.2842407226562,1081.8788452148438,529.3326721191406,23.3704833984375,47.90313720703125
IMG_0029.mp4,6387,213.11311311311312,29.97,1330,2,traffic_signs,0.9571247696876526,705.5814208984375,441.0732727050781,832.7989501953125,567.918701171875,769.190185546875,504.49598693847656,127.217529296875,126.84542846679688
IMG_0029.mp4,6387,213.11311311311312,29.97,1347,2,traffic_signs,0.8270694613456726,902.4634399414062,680.2322387695312,949.6959838867188,741.4520874023438,926.0797119140625,710.8421630859375,47.2325439453125,61.2198486328125
IMG_0029.mp4,6387,213.11311311311312,29.97,1344,1,traffic_lights,0.8102974891662598,955.9124755859375,683.7501831054688,971.8724975585938,729.8466796875,963.8924865722656,706.7984313964844,15.96002197265625,46.09649658203125
IMG_0029.mp4,6387,213.11311311311312,29.97,1385,0,auth_label,0.5020183324813843,2.2185065746307373,385.8474426269531,118.10894012451172,829.4071655273438,60.16372334957123,607.6273040771484,115.89043354988098,443.5597229003906
IMG_0029.mp4,6387,213.11311311311312,29.97,1325,1,traffic_lights,0.7550813555717468,1328.9027099609375,688.718505859375,1366.934814453125,737.1824340820312,1347.9187622070312,712.9504699707031,38.0321044921875,48.46392822265625
IMG_0029.mp4,6388,213.1464798131465,29.97,1314,2,traffic_signs,0.6008700728416443,1392.4764404296875,675.194580078125,1434.5245361328125,714.8016357421875,1413.50048828125,694.9981079101562,42.048095703125,39.6070556640625
IMG_0029.mp4,6388,213.1464798131465,29.97,1318,2,traffic_signs,0.892802894115448,1325.9505615234375,653.33251953125,1359.6380615234375,692.24658203125,1342.7943115234375,672.78955078125,33.6875,38.9140625
IMG_0029.mp4,6388,213.1464798131465,29.97,1326,1,traffic_lights,0.8680334687232971,1072.5052490234375,504.6906433105469,1096.0087890625,552.9465942382812,1084.2570190429688,528.8186187744141,23.5035400390625,48.255950927734375
IMG_0029.mp4,6388,213.1464798131465,29.97,1330,2,traffic_signs,0.9543635249137878,707.5582275390625,439.72259521484375,835.0902709960938,566.9155883789062,771.3242492675781,503.319091796875,127.53204345703125,127.1929931640625
IMG_0029.mp4,6388,213.1464798131465,29.97,1347,2,traffic_signs,0.8025387525558472,905.206787109375,679.8270874023438,952.2318725585938,741.4998168945312,928.7193298339844,710.6634521484375,47.02508544921875,61.6727294921875
IMG_0029.mp4,6388,213.1464798131465,29.97,1344,1,traffic_lights,0.7792083621025085,958.5442504882812,683.5731811523438,974.6478881835938,728.6747436523438,966.5960693359375,706.1239624023438,16.1036376953125,45.1015625
IMG_0029.mp4,6388,213.1464798131465,29.97,1385,0,auth_label,0.5417959094047546,3.536327600479126,385.90814208984375,120.58039855957031,828.6884765625,62.05836308002472,607.2983093261719,117.04407095909119,442.78033447265625
IMG_0029.mp4,6388,213.1464798131465,29.97,1325,1,traffic_lights,0.6605240702629089,1331.209716796875,687.3501586914062,1369.831298828125,737.2335815429688,1350.5205078125,712.2918701171875,38.62158203125,49.8834228515625
IMG_0029.mp4,6388,213.1464798131465,29.97,1377,2,traffic_signs,0.31156522035598755,0.031622253358364105,99.10686492919922,109.4444580078125,343.77203369140625,54.73804013058543,221.43944931030273,109.41283575445414,244.66516876220703
IMG_0029.mp4,6389,213.17984651317985,29.97,1314,2,traffic_signs,0.8362424373626709,1395.296630859375,674.939697265625,1438.0697021484375,714.7781372070312,1416.6831665039062,694.8589172363281,42.7730712890625,39.83843994140625
IMG_0029.mp4,6389,213.17984651317985,29.97,1318,2,traffic_signs,0.8938769698143005,1328.6810302734375,652.49267578125,1362.40771484375,692.0706176757812,1345.5443725585938,672.2816467285156,33.7266845703125,39.57794189453125
IMG_0029.mp4,6389,213.17984651317985,29.97,1326,1,traffic_lights,0.870337963104248,1075.17138671875,504.04669189453125,1098.40234375,552.5942993164062,1086.786865234375,528.3204956054688,23.23095703125,48.547607421875
IMG_0029.mp4,6389,213.17984651317985,29.97,1330,2,traffic_signs,0.9482057094573975,709.5158081054688,438.3111267089844,837.0423583984375,566.14794921875,773.2790832519531,502.2295379638672,127.52655029296875,127.83682250976562
IMG_0029.mp4,6389,213.17984651317985,29.97,1347,2,traffic_signs,0.821297287940979,907.4208374023438,679.3621215820312,954.9998168945312,741.5963134765625,931.2103271484375,710.4792175292969,47.5789794921875,62.23419189453125
IMG_0029.mp4,6389,213.17984651317985,29.97,1344,1,traffic_lights,0.7813962697982788,961.0645141601562,683.8096313476562,976.8480224609375,728.6873168945312,968.9562683105469,706.2484741210938,15.78350830078125,44.877685546875
IMG_0029.mp4,6389,213.17984651317985,29.97,1385,0,auth_label,0.6164799332618713,3.878026008605957,386.9267883300781,122.46612548828125,827.3103637695312,63.1720757484436,607.1185760498047,118.5880994796753,440.3835754394531
IMG_0029.mp4,6389,213.17984651317985,29.97,1325,1,traffic_lights,0.6943286061286926,1332.89208984375,686.9114990234375,1373.90234375,737.0650024414062,1353.397216796875,711.9882507324219,41.01025390625,50.15350341796875
IMG_0029.mp4,6390,213.2132132132132,29.97,1314,2,traffic_signs,0.7896197438240051,1398.7901611328125,674.1417846679688,1441.285400390625,714.7550659179688,1420.0377807617188,694.4484252929688,42.4952392578125,40.61328125
IMG_0029.mp4,6390,213.2132132132132,29.97,1318,2,traffic_signs,0.9056599140167236,1331.7115478515625,652.2767944335938,1365.710205078125,691.9838256835938,1348.7108764648438,672.1303100585938,33.9986572265625,39.70703125
IMG_0029.mp4,6390,213.2132132132132,29.97,1326,1,traffic_lights,0.8791602849960327,1077.9346923828125,503.6511535644531,1101.218017578125,552.3868408203125,1089.5763549804688,528.0189971923828,23.2833251953125,48.735687255859375
IMG_0029.mp4,6390,213.2132132132132,29.97,1330,2,traffic_signs,0.9443725347518921,711.4088745117188,437.02642822265625,838.831298828125,565.2940063476562,775.1200866699219,501.16021728515625,127.42242431640625,128.267578125
IMG_0029.mp4,6390,213.2132132132132,29.97,1347,2,traffic_signs,0.7675052881240845,909.7090454101562,678.6800537109375,957.2533569335938,741.5534057617188,933.481201171875,710.1167297363281,47.5443115234375,62.87335205078125
IMG_0029.mp4,6390,213.2132132132132,29.97,1344,1,traffic_lights,0.7917702794075012,963.7227783203125,684.0328979492188,978.9990234375,728.5132446289062,971.3609008789062,706.2730712890625,15.2762451171875,44.4803466796875
IMG_0029.mp4,6390,213.2132132132132,29.97,1385,0,auth_label,0.6347174644470215,4.726715564727783,387.1134338378906,125.29086303710938,825.7735595703125,65.00878930091858,606.4434967041016,120.56414747238159,438.6601257324219
IMG_0029.mp4,6390,213.2132132132132,29.97,1325,1,traffic_lights,0.784915030002594,1337.23828125,686.5193481445312,1376.0963134765625,736.4446411132812,1356.6672973632812,711.4819946289062,38.8580322265625,49.92529296875
IMG_0029.mp4,6390,213.2132132132132,29.97,1377,2,traffic_signs,0.29886671900749207,0.20099638402462006,98.61812591552734,108.57464599609375,339.0899353027344,54.387821190059185,218.85403060913086,108.37364961206913,240.47180938720703
IMG_0029.mp4,6391,213.2465799132466,29.97,1314,2,traffic_signs,0.834020733833313,1402.275146484375,674.1923828125,1445.034912109375,714.7097778320312,1423.655029296875,694.4510803222656,42.759765625,40.51739501953125
IMG_0029.mp4,6391,213.2465799132466,29.97,1318,2,traffic_signs,0.9031671285629272,1335.37646484375,651.9102172851562,1369.0518798828125,692.1181640625,1352.2141723632812,672.0141906738281,33.6754150390625,40.20794677734375
IMG_0029.mp4,6391,213.2465799132466,29.97,1326,1,traffic_lights,0.4936150014400482,1080.1890869140625,503.3134765625,1104.2100830078125,551.9165649414062,1092.1995849609375,527.6150207519531,24.02099609375,48.60308837890625
IMG_0029.mp4,6391,213.2465799132466,29.97,1330,2,traffic_signs,0.9408251643180847,713.0167846679688,435.66510009765625,840.8939819335938,564.3206787109375,776.9553833007812,499.9928894042969,127.877197265625,128.65557861328125
IMG_0029.mp4,6391,213.2465799132466,29.97,1347,2,traffic_signs,0.7552024722099304,911.20751953125,678.4981689453125,960.173828125,741.6697998046875,935.690673828125,710.083984375,48.96630859375,63.171630859375
IMG_0029.mp4,6391,213.2465799132466,29.97,1344,1,traffic_lights,0.8161330223083496,966.139404296875,683.6565551757812,981.6384887695312,729.0093994140625,973.8889465332031,706.3329772949219,15.49908447265625,45.35284423828125
IMG_0029.mp4,6391,213.2465799132466,29.97,1385,0,auth_label,0.47852444648742676,5.506058216094971,387.4447937011719,129.6123046875,825.31884765625,67.55918145179749,606.3818206787109,124.10624647140503,437.8740539550781
IMG_0029.mp4,6391,213.2465799132466,29.97,1325,1,traffic_lights,0.7443254590034485,1339.9891357421875,686.5650024414062,1378.158447265625,736.041259765625,1359.0737915039062,711.3031311035156,38.1693115234375,49.47625732421875
IMG_0029.mp4,6392,213.27994661327995,29.97,1314,2,traffic_signs,0.8230606913566589,1405.3526611328125,674.0806884765625,1448.8780517578125,714.3307495117188,1427.1153564453125,694.2057189941406,43.525390625,40.25006103515625
IMG_0029.mp4,6392,213.27994661327995,29.97,1318,2,traffic_signs,0.8673454523086548,1338.3896484375,651.7950439453125,1372.6614990234375,691.3419799804688,1355.5255737304688,671.5685119628906,34.2718505859375,39.54693603515625
IMG_0029.mp4,6392,213.27994661327995,29.97,1326,1,traffic_lights,0.8820595145225525,1081.9505615234375,502.6781005859375,1106.3387451171875,551.63330078125,1094.1446533203125,527.1557006835938,24.38818359375,48.9552001953125
IMG_0029.mp4,6392,213.27994661327995,29.97,1330,2,traffic_signs,0.9415534138679504,714.2147827148438,434.11077880859375,842.5925903320312,563.4730834960938,778.4036865234375,498.79193115234375,128.3778076171875,129.3623046875
IMG_0029.mp4,6392,213.27994661327995,29.97,1347,2,traffic_signs,0.8153823018074036,913.7288208007812,678.0875854492188,961.544189453125,741.5927124023438,937.6365051269531,709.8401489257812,47.81536865234375,63.505126953125
IMG_0029.mp4,6392,213.27994661327995,29.97,1344,1,traffic_lights,0.8073245882987976,968.4407958984375,683.3416748046875,983.87255859375,727.945556640625,976.1566772460938,705.6436157226562,15.4317626953125,44.6038818359375
IMG_0029.mp4,6392,213.27994661327995,29.97,1385,0,auth_label,0.4578327238559723,7.3280487060546875,388.15869140625,134.48951721191406,822.6714477539062,70.90878295898438,605.4150695800781,127.16146850585938,434.51275634765625
IMG_0029.mp4,6392,213.27994661327995,29.97,1325,1,traffic_lights,0.7009947299957275,1342.982666015625,685.7686157226562,1380.0308837890625,735.8192138671875,1361.5067749023438,710.7939147949219,37.0482177734375,50.05059814453125
IMG_0029.mp4,6393,213.31331331331333,29.97,1314,2,traffic_signs,0.8513261079788208,1408.5028076171875,673.6060180664062,1451.21240234375,714.25048828125,1429.8576049804688,693.9282531738281,42.7095947265625,40.64447021484375
IMG_0029.mp4,6393,213.31331331331333,29.97,1318,2,traffic_signs,0.9027808308601379,1341.11767578125,651.525146484375,1374.94775390625,690.616943359375,1358.03271484375,671.071044921875,33.830078125,39.091796875
IMG_0029.mp4,6393,213.31331331331333,29.97,1326,1,traffic_lights,0.5203342437744141,1083.93896484375,502.7569274902344,1108.2890625,551.7667236328125,1096.114013671875,527.2618255615234,24.35009765625,49.009796142578125
IMG_0029.mp4,6393,213.31331331331333,29.97,1330,2,traffic_signs,0.8686580061912537,714.4935913085938,432.6747741699219,844.331298828125,562.7128295898438,779.4124450683594,497.6938018798828,129.83770751953125,130.03805541992188
IMG_0029.mp4,6393,213.31331331331333,29.97,1347,2,traffic_signs,0.8201601505279541,916.2678833007812,677.9014282226562,963.073974609375,741.2972412109375,939.6709289550781,709.5993347167969,46.80609130859375,63.39581298828125
IMG_0029.mp4,6393,213.31331331331333,29.97,1344,1,traffic_lights,0.815094530582428,970.8286743164062,683.1587524414062,985.9890747070312,726.0756225585938,978.4088745117188,704.6171875,15.160400390625,42.9168701171875
IMG_0029.mp4,6393,213.31331331331333,29.97,1385,0,auth_label,0.39655235409736633,9.35006332397461,388.5554504394531,139.05361938476562,823.1589965820312,74.20184135437012,605.8572235107422,129.70355606079102,434.6035461425781
IMG_0029.mp4,6393,213.31331331331333,29.97,1325,1,traffic_lights,0.7293176054954529,1345.73095703125,685.4083251953125,1384.01416015625,735.9264526367188,1364.87255859375,710.6673889160156,38.283203125,50.51812744140625
IMG_0029.mp4,6394,213.34668001334668,29.97,1314,2,traffic_signs,0.846939742565155,1411.4423828125,673.2315063476562,1454.712646484375,714.0252075195312,1433.0775146484375,693.6283569335938,43.270263671875,40.793701171875
IMG_0029.mp4,6394,213.34668001334668,29.97,1318,2,traffic_signs,0.9093039631843567,1343.51611328125,651.5374755859375,1378.4019775390625,690.862548828125,1360.9590454101562,671.2000122070312,34.8858642578125,39.3250732421875
IMG_0029.mp4,6394,213.34668001334668,29.97,1326,1,traffic_lights,0.6435468196868896,1085.989990234375,502.6271057128906,1109.89599609375,551.4681396484375,1097.9429931640625,527.0476226806641,23.906005859375,48.841033935546875
IMG_0029.mp4,6394,213.34668001334668,29.97,1330,2,traffic_signs,0.9588682651519775,715.566650390625,431.3926086425781,846.1926879882812,562.1232299804688,780.8796691894531,496.75791931152344,130.62603759765625,130.73062133789062
IMG_0029.mp4,6394,213.34668001334668,29.97,1347,2,traffic_signs,0.8232131004333496,918.7837524414062,677.7268676757812,965.3599853515625,741.1471557617188,942.0718688964844,709.43701171875,46.57623291015625,63.4202880859375
IMG_0029.mp4,6394,213.34668001334668,29.97,1344,1,traffic_lights,0.7866857647895813,972.9535522460938,683.1114501953125,988.0984497070312,726.5416870117188,980.5260009765625,704.8265686035156,15.1448974609375,43.43023681640625
IMG_0029.mp4,6394,213.34668001334668,29.97,1385,0,auth_label,0.3169083893299103,12.716105461120605,389.04571533203125,144.59939575195312,821.0654907226562,78.65775060653687,605.0556030273438,131.88329029083252,432.019775390625
IMG_0029.mp4,6394,213.34668001334668,29.97,1325,1,traffic_lights,0.7897962927818298,1349.6630859375,685.0477905273438,1387.0557861328125,736.20654296875,1368.3594360351562,710.6271667480469,37.3927001953125,51.15875244140625
IMG_0029.mp4,6395,213.38004671338007,29.97,1314,2,traffic_signs,0.8600988984107971,1414.9940185546875,673.1620483398438,1458.0714111328125,713.667236328125,1436.53271484375,693.4146423339844,43.077392578125,40.50518798828125
IMG_0029.mp4,6395,213.38004671338007,29.97,1318,2,traffic_signs,0.9003911018371582,1346.868896484375,651.2012939453125,1381.3704833984375,690.6170043945312,1364.1196899414062,670.9091491699219,34.5015869140625,39.41571044921875
IMG_0029.mp4,6395,213.38004671338007,29.97,1326,1,traffic_lights,0.883961021900177,1088.539306640625,501.97308349609375,1112.506103515625,550.9600830078125,1100.522705078125,526.4665832519531,23.966796875,48.98699951171875
IMG_0029.mp4,6395,213.38004671338007,29.97,1330,2,traffic_signs,0.9591076970100403,716.7872924804688,430.2044677734375,847.9805297851562,561.5621337890625,782.3839111328125,495.88330078125,131.1932373046875,131.357666015625
IMG_0029.mp4,6395,213.38004671338007,29.97,1347,2,traffic_signs,0.8322241306304932,921.0311889648438,677.7591552734375,967.8963012695312,740.9384765625,944.4637451171875,709.3488159179688,46.8651123046875,63.1793212890625
IMG_0029.mp4,6395,213.38004671338007,29.97,1344,1,traffic_lights,0.7037379741668701,974.9039916992188,682.9562377929688,990.0211181640625,727.3397216796875,982.4625549316406,705.1479797363281,15.11712646484375,44.38348388671875
IMG_0029.mp4,6395,213.38004671338007,29.97,1385,0,auth_label,0.29702040553092957,14.708270072937012,388.9574279785156,147.53704833984375,821.5308227539062,81.12265920639038,605.2441253662109,132.82877826690674,432.5733947753906
IMG_0029.mp4,6395,213.38004671338007,29.97,1325,1,traffic_lights,0.7803142666816711,1352.1103515625,684.0692749023438,1390.9366455078125,736.2307739257812,1371.5234985351562,710.1500244140625,38.8262939453125,52.1614990234375
IMG_0029.mp4,6396,213.41341341341342,29.97,1314,2,traffic_signs,0.8598037362098694,1417.0755615234375,672.9720458984375,1461.414794921875,713.2664184570312,1439.2451782226562,693.1192321777344,44.3392333984375,40.29437255859375
IMG_0029.mp4,6396,213.41341341341342,29.97,1318,2,traffic_signs,0.8125874996185303,1349.9720458984375,650.9745483398438,1384.767333984375,690.0064697265625,1367.3696899414062,670.4905090332031,34.7952880859375,39.03192138671875
IMG_0029.mp4,6396,213.41341341341342,29.97,1326,1,traffic_lights,0.583699107170105,1091.1627197265625,502.0133972167969,1114.4864501953125,550.4185791015625,1102.8245849609375,526.2159881591797,23.32373046875,48.405181884765625
IMG_0029.mp4,6396,213.41341341341342,29.97,1330,2,traffic_signs,0.9325342178344727,718.0093994140625,429.14434814453125,849.2685546875,560.8565063476562,783.6389770507812,495.00042724609375,131.2591552734375,131.712158203125
IMG_0029.mp4,6396,213.41341341341342,29.97,1347,2,traffic_signs,0.6900408267974854,923.0635986328125,677.6397705078125,970.0706176757812,740.92041015625,946.5671081542969,709.2800903320312,47.00701904296875,63.2806396484375
IMG_0029.mp4,6396,213.41341341341342,29.97,1344,1,traffic_lights,0.8345704674720764,977.0413818359375,682.6290893554688,992.3429565429688,726.7845458984375,984.6921691894531,704.7068176269531,15.30157470703125,44.15545654296875
IMG_0029.mp4,6396,213.41341341341342,29.97,1325,1,traffic_lights,0.7657442688941956,1353.957275390625,684.2094116210938,1395.21923828125,736.5111694335938,1374.5882568359375,710.3602905273438,41.261962890625,52.3017578125
IMG_0029.mp4,6397,213.44678011344678,29.97,1314,2,traffic_signs,0.8431669473648071,1420.602783203125,672.1553344726562,1464.1683349609375,712.9847412109375,1442.3855590820312,692.5700378417969,43.5655517578125,40.82940673828125
IMG_0029.mp4,6397,213.44678011344678,29.97,1318,2,traffic_signs,0.9014534950256348,1352.8663330078125,650.6871337890625,1386.951171875,689.5332641601562,1369.9087524414062,670.1101989746094,34.0848388671875,38.84613037109375
IMG_0029.mp4,6397,213.44678011344678,29.97,1326,1,traffic_lights,0.8617479801177979,1092.994384765625,501.1349182128906,1116.3675537109375,550.3579711914062,1104.6809692382812,525.7464447021484,23.3731689453125,49.223052978515625
IMG_0029.mp4,6397,213.44678011344678,29.97,1330,2,traffic_signs,0.9422900676727295,719.2100830078125,427.97967529296875,849.8233032226562,559.870849609375,784.5166931152344,493.9252624511719,130.61322021484375,131.89117431640625
IMG_0029.mp4,6397,213.44678011344678,29.97,1347,2,traffic_signs,0.7042142152786255,924.3695068359375,677.7943115234375,972.3795776367188,740.9917602539062,948.3745422363281,709.3930358886719,48.01007080078125,63.19744873046875
IMG_0029.mp4,6397,213.44678011344678,29.97,1344,1,traffic_lights,0.8222531080245972,978.841064453125,682.14501953125,994.3167724609375,726.7683715820312,986.5789184570312,704.4566955566406,15.4757080078125,44.62335205078125
IMG_0029.mp4,6397,213.44678011344678,29.97,1325,1,traffic_lights,0.7641206979751587,1356.014892578125,684.8556518554688,1398.5048828125,736.6234741210938,1377.2598876953125,710.7395629882812,42.489990234375,51.767822265625
IMG_0029.mp4,6398,213.48014681348016,29.97,1314,2,traffic_signs,0.8204609155654907,1423.239501953125,671.7764282226562,1467.43505859375,712.7349243164062,1445.3372802734375,692.2556762695312,44.195556640625,40.95849609375
IMG_0029.mp4,6398,213.48014681348016,29.97,1318,2,traffic_signs,0.9114157557487488,1355.312744140625,650.6552124023438,1389.2791748046875,689.2388916015625,1372.2959594726562,669.9470520019531,33.9664306640625,38.58367919921875
IMG_0029.mp4,6398,213.48014681348016,29.97,1326,1,traffic_lights,0.8711140751838684,1094.7052001953125,500.6206970214844,1118.5401611328125,549.9907836914062,1106.6226806640625,525.3057403564453,23.8349609375,49.370086669921875
IMG_0029.mp4,6398,213.48014681348016,29.97,1330,2,traffic_signs,0.9540896415710449,720.5032348632812,426.9463806152344,850.7799072265625,558.6107177734375,785.6415710449219,492.77854919433594,130.27667236328125,131.66433715820312
IMG_0029.mp4,6398,213.48014681348016,29.97,1347,2,traffic_signs,0.8240752220153809,926.6259155273438,677.9501342773438,973.8165893554688,741.0789184570312,950.2212524414062,709.5145263671875,47.190673828125,63.1287841796875
IMG_0029.mp4,6398,213.48014681348016,29.97,1344,1,traffic_lights,0.8213990330696106,980.8524169921875,682.3670043945312,996.2791748046875,726.3558959960938,988.5657958984375,704.3614501953125,15.4267578125,43.9888916015625
IMG_0029.mp4,6398,213.48014681348016,29.97,1325,1,traffic_lights,0.759635865688324,1360.318603515625,684.6600952148438,1400.2236328125,735.8131103515625,1380.2711181640625,710.2366027832031,39.905029296875,51.15301513671875
IMG_0029.mp4,6399,213.51351351351352,29.97,1314,2,traffic_signs,0.8563336730003357,1426.1131591796875,671.9627685546875,1470.4498291015625,712.5003051757812,1448.281494140625,692.2315368652344,44.336669921875,40.53753662109375
IMG_0029.mp4,6399,213.51351351351352,29.97,1318,2,traffic_signs,0.9125667214393616,1357.862060546875,650.4281616210938,1392.567626953125,689.1232299804688,1375.21484375,669.7756958007812,34.70556640625,38.695068359375
IMG_0029.mp4,6399,213.51351351351352,29.97,1326,1,traffic_lights,0.8805619478225708,1096.3138427734375,500.4203186035156,1120.347900390625,549.4478759765625,1108.3308715820312,524.9340972900391,24.0340576171875,49.027557373046875
IMG_0029.mp4,6399,213.51351351351352,29.97,1330,2,traffic_signs,0.9517906904220581,721.7598876953125,425.5909423828125,852.2066040039062,557.4314575195312,786.9832458496094,491.5111999511719,130.44671630859375,131.84051513671875
IMG_0029.mp4,6399,213.51351351351352,29.97,1347,2,traffic_signs,0.828157365322113,928.45751953125,677.940185546875,975.7669677734375,740.9379272460938,952.1122436523438,709.4390563964844,47.3094482421875,62.99774169921875
IMG_0029.mp4,6399,213.51351351351352,29.97,1344,1,traffic_lights,0.8238716721534729,983.0344848632812,682.6146850585938,998.2003173828125,725.1163940429688,990.6174011230469,703.8655395507812,15.16583251953125,42.501708984375
IMG_0029.mp4,6399,213.51351351351352,29.97,1325,1,traffic_lights,0.8233649134635925,1363.0152587890625,683.9490966796875,1402.2989501953125,735.5908203125,1382.6571044921875,709.7699584960938,39.28369140625,51.6417236328125
IMG_0029.mp4,6400,213.5468802135469,29.97,1314,2,traffic_signs,0.8953793048858643,1429.0416259765625,671.9159545898438,1473.557861328125,712.3944702148438,1451.2997436523438,692.1552124023438,44.5162353515625,40.478515625
IMG_0029.mp4,6400,213.5468802135469,29.97,1318,2,traffic_signs,0.9030365347862244,1360.800537109375,650.2269897460938,1395.09423828125,688.5584716796875,1377.9473876953125,669.3927307128906,34.293701171875,38.33148193359375
IMG_0029.mp4,6400,213.5468802135469,29.97,1326,1,traffic_lights,0.8761787414550781,1097.786376953125,500.3726501464844,1121.8756103515625,549.2409057617188,1109.8309936523438,524.8067779541016,24.0892333984375,48.868255615234375
IMG_0029.mp4,6400,213.5468802135469,29.97,1330,2,traffic_signs,0.9515571594238281,723.0637817382812,424.1643371582031,853.48681640625,556.49267578125,788.2752990722656,490.32850646972656,130.42303466796875,132.32833862304688
IMG_0029.mp4,6400,213.5468802135469,29.97,1347,2,traffic_signs,0.8224273920059204,930.47705078125,677.7437744140625,978.0694580078125,740.9503173828125,954.2732543945312,709.3470458984375,47.5924072265625,63.20654296875
IMG_0029.mp4,6400,213.5468802135469,29.97,1344,1,traffic_lights,0.8145736455917358,984.594482421875,682.6925048828125,999.8309936523438,725.3204956054688,992.2127380371094,704.0065002441406,15.23651123046875,42.62799072265625
IMG_0029.mp4,6400,213.5468802135469,29.97,1325,1,traffic_lights,0.7956956028938293,1365.350830078125,683.9663696289062,1404.233642578125,735.5497436523438,1384.792236328125,709.758056640625,38.8828125,51.5833740234375
IMG_0029.mp4,6401,213.58024691358025,29.97,1314,2,traffic_signs,0.8775945901870728,1431.309814453125,671.135986328125,1476.2314453125,712.2553100585938,1453.7706298828125,691.6956481933594,44.921630859375,41.11932373046875
IMG_0029.mp4,6401,213.58024691358025,29.97,1318,2,traffic_signs,0.8035159707069397,1362.6907958984375,649.9051513671875,1397.754638671875,688.443359375,1380.2227172851562,669.1742553710938,35.0638427734375,38.5382080078125
IMG_0029.mp4,6401,213.58024691358025,29.97,1326,1,traffic_lights,0.8658782839775085,1099.5472412109375,500.3490295410156,1123.994140625,548.802001953125,1111.7706909179688,524.5755157470703,24.4468994140625,48.452972412109375
IMG_0029.mp4,6401,213.58024691358025,29.97,1330,2,traffic_signs,0.9506431221961975,723.841552734375,422.60064697265625,854.5457763671875,555.63134765625,789.1936645507812,489.1159973144531,130.7042236328125,133.03070068359375
IMG_0029.mp4,6401,213.58024691358025,29.97,1347,2,traffic_signs,0.82667475938797,931.6871948242188,677.4862670898438,980.57373046875,740.650390625,956.1304626464844,709.0683288574219,48.88653564453125,63.16412353515625
IMG_0029.mp4,6401,213.58024691358025,29.97,1344,1,traffic_lights,0.8103762865066528,986.1181030273438,682.75390625,1001.3038940429688,726.26904296875,993.7109985351562,704.511474609375,15.185791015625,43.51513671875
IMG_0029.mp4,6401,213.58024691358025,29.97,1325,1,traffic_lights,0.8010942339897156,1366.8746337890625,684.0758056640625,1406.867431640625,735.8135375976562,1386.8710327148438,709.9446716308594,39.9927978515625,51.73773193359375
IMG_0029.mp4,6401,213.58024691358025,29.97,1385,0,auth_label,0.30365273356437683,23.3834171295166,384.0673522949219,161.8550262451172,825.3106079101562,92.6192216873169,604.6889801025391,138.4716091156006,441.2432556152344
IMG_0029.mp4,6402,213.6136136136136,29.97,1314,2,traffic_signs,0.8537120819091797,1433.6412353515625,670.5211791992188,1478.9569091796875,712.1320190429688,1456.299072265625,691.3265991210938,45.315673828125,41.61083984375
IMG_0029.mp4,6402,213.6136136136136,29.97,1318,2,traffic_signs,0.8961167335510254,1365.1685791015625,650.0159912109375,1399.166748046875,688.00390625,1382.1676635742188,669.0099487304688,33.9981689453125,37.9879150390625
IMG_0029.mp4,6402,213.6136136136136,29.97,1326,1,traffic_lights,0.8621116876602173,1101.4471435546875,499.827880859375,1126.0693359375,548.4332885742188,1113.7582397460938,524.1305847167969,24.6221923828125,48.60540771484375
IMG_0029.mp4,6402,213.6136136136136,29.97,1330,2,traffic_signs,0.9521224498748779,724.5548706054688,421.20574951171875,855.53857421875,554.8072509765625,790.0467224121094,488.0065002441406,130.98370361328125,133.60150146484375
IMG_0029.mp4,6402,213.6136136136136,29.97,1347,2,traffic_signs,0.7814171314239502,933.4728393554688,676.620849609375,982.2749633789062,740.5823974609375,957.8739013671875,708.6016235351562,48.8021240234375,63.9615478515625
IMG_0029.mp4,6402,213.6136136136136,29.97,1344,1,traffic_lights,0.7879421710968018,987.6278686523438,682.5297241210938,1002.8558349609375,726.2540893554688,995.2418518066406,704.3919067382812,15.22796630859375,43.724365234375
IMG_0029.mp4,6402,213.6136136136136,29.97,1325,1,traffic_lights,0.8209342360496521,1369.736083984375,683.9842529296875,1409.60986328125,736.0419311523438,1389.6729736328125,710.0130920410156,39.873779296875,52.05767822265625
IMG_0029.mp4,6402,213.6136136136136,29.97,1385,0,auth_label,0.25398963689804077,26.206750869750977,383.69732666015625,165.30604553222656,824.5855712890625,95.75639820098877,604.1414489746094,139.0992946624756,440.88824462890625
IMG_0029.mp4,6403,213.646980313647,29.97,1314,2,traffic_signs,0.8526098132133484,1435.2955322265625,670.4044799804688,1481.8380126953125,711.8256225585938,1458.5667724609375,691.1150512695312,46.54248046875,41.421142578125
IMG_0029.mp4,6403,213.646980313647,29.97,1318,2,traffic_signs,0.9119333028793335,1366.8057861328125,649.7564697265625,1401.3759765625,687.63671875,1384.0908813476562,668.6965942382812,34.5701904296875,37.8802490234375
IMG_0029.mp4,6403,213.646980313647,29.97,1326,1,traffic_lights,0.8859280347824097,1103.0587158203125,498.8970031738281,1127.9766845703125,548.2145385742188,1115.5177001953125,523.5557708740234,24.91796875,49.317535400390625
IMG_0029.mp4,6403,213.646980313647,29.97,1330,2,traffic_signs,0.953821063041687,725.128173828125,419.6038513183594,856.39208984375,553.71337890625,790.7601318359375,486.6586151123047,131.263916015625,134.10952758789062
IMG_0029.mp4,6403,213.646980313647,29.97,1347,2,traffic_signs,0.49649959802627563,934.6725463867188,676.2256469726562,984.3575439453125,740.309326171875,959.5150451660156,708.2674865722656,49.68499755859375,64.08367919921875
IMG_0029.mp4,6403,213.646980313647,29.97,1344,1,traffic_lights,0.833026111125946,989.1423950195312,681.49267578125,1004.765625,725.8462524414062,996.9540100097656,703.6694641113281,15.62322998046875,44.35357666015625
IMG_0029.mp4,6403,213.646980313647,29.97,1325,1,traffic_lights,0.8127999901771545,1372.47119140625,684.1539306640625,1412.3472900390625,735.808349609375,1392.4092407226562,709.9811401367188,39.8760986328125,51.6544189453125
IMG_0029.mp4,6404,213.68034701368035,29.97,1314,2,traffic_signs,0.8702002763748169,1438.424072265625,670.24951171875,1485.1021728515625,711.6826782226562,1461.7631225585938,690.9660949707031,46.6781005859375,41.43316650390625
IMG_0029.mp4,6404,213.68034701368035,29.97,1318,2,traffic_signs,0.9164562225341797,1368.8056640625,649.3123779296875,1404.2647705078125,687.4095458984375,1386.5352172851562,668.3609619140625,35.4591064453125,38.09716796875
IMG_0029.mp4,6404,213.68034701368035,29.97,1326,1,traffic_lights,0.8832263350486755,1104.398681640625,498.4043884277344,1129.4390869140625,548.1386108398438,1116.9188842773438,523.2714996337891,25.0404052734375,49.734222412109375
IMG_0029.mp4,6404,213.68034701368035,29.97,1330,2,traffic_signs,0.956367552280426,725.6871948242188,418.4727478027344,857.4443969726562,552.59423828125,791.5657958984375,485.5334930419922,131.7572021484375,134.12149047851562
IMG_0029.mp4,6404,213.68034701368035,29.97,1347,2,traffic_signs,0.6565003991127014,935.6389770507812,676.014892578125,985.0696411132812,740.2207641601562,960.3543090820312,708.1178283691406,49.4306640625,64.20587158203125
IMG_0029.mp4,6404,213.68034701368035,29.97,1344,1,traffic_lights,0.8149875998497009,990.7445678710938,681.3276977539062,1006.2962646484375,725.5062866210938,998.5204162597656,703.4169921875,15.55169677734375,44.1785888671875
IMG_0029.mp4,6404,213.68034701368035,29.97,1325,1,traffic_lights,0.8500692844390869,1374.9700927734375,683.623046875,1414.3218994140625,735.6808471679688,1394.64599609375,709.6519470214844,39.351806640625,52.05780029296875
IMG_0029.mp4,6404,213.68034701368035,29.97,1393,2,traffic_signs,0.4288260340690613,935.4434814453125,676.0349731445312,985.4500122070312,740.2296142578125,960.4467468261719,708.1322937011719,50.00653076171875,64.19464111328125
IMG_0029.mp4,6405,213.71371371371373,29.97,1314,2,traffic_signs,0.8901492357254028,1439.665283203125,669.8169555664062,1487.5068359375,711.8743286132812,1463.5860595703125,690.8456420898438,47.841552734375,42.057373046875
IMG_0029.mp4,6405,213.71371371371373,29.97,1318,2,traffic_signs,0.9050197601318359,1371.3133544921875,648.8495483398438,1406.69287109375,686.8175048828125,1389.0031127929688,667.8335266113281,35.3795166015625,37.96795654296875
IMG_0029.mp4,6405,213.71371371371373,29.97,1326,1,traffic_lights,0.8785112500190735,1106.0904541015625,498.13720703125,1130.7293701171875,547.51123046875,1118.409912109375,522.82421875,24.638916015625,49.3740234375
IMG_0029.mp4,6405,213.71371371371373,29.97,1330,2,traffic_signs,0.9566429853439331,725.9202880859375,417.2934265136719,858.5108032226562,551.6766967773438,792.2155456542969,484.4850616455078,132.59051513671875,134.38327026367188
IMG_0029.mp4,6405,213.71371371371373,29.97,1347,2,traffic_signs,0.7954867482185364,936.7564086914062,675.5596923828125,986.2581176757812,739.99853515625,961.5072631835938,707.7791137695312,49.501708984375,64.4388427734375
IMG_0029.mp4,6405,213.71371371371373,29.97,1344,1,traffic_lights,0.790477991104126,992.2726440429688,681.0782470703125,1007.7447509765625,724.8163452148438,1000.0086975097656,702.9472961425781,15.47210693359375,43.73809814453125
IMG_0029.mp4,6405,213.71371371371373,29.97,1325,1,traffic_lights,0.8612539172172546,1376.8480224609375,682.7001342773438,1417.3443603515625,735.6810302734375,1397.09619140625,709.1905822753906,40.496337890625,52.98089599609375
IMG_0029.mp4,6406,213.74708041374709,29.97,1314,2,traffic_signs,0.8707078695297241,1442.400634765625,669.4442138671875,1489.6317138671875,712.2846069335938,1466.0161743164062,690.8644104003906,47.2310791015625,42.84039306640625
IMG_0029.mp4,6406,213.74708041374709,29.97,1318,2,traffic_signs,0.9043045043945312,1373.6270751953125,648.516845703125,1409.1588134765625,686.1320190429688,1391.3929443359375,667.3244323730469,35.53173828125,37.61517333984375
IMG_0029.mp4,6406,213.74708041374709,29.97,1326,1,traffic_lights,0.8895182609558105,1107.61181640625,497.64263916015625,1132.041259765625,547.3421020507812,1119.8265380859375,522.4923706054688,24.429443359375,49.699462890625
IMG_0029.mp4,6406,213.74708041374709,29.97,1330,2,traffic_signs,0.9577311277389526,726.2305297851562,416.17578125,859.3359985351562,550.967529296875,792.7832641601562,483.5716552734375,133.10546875,134.791748046875
IMG_0029.mp4,6406,213.74708041374709,29.97,1347,2,traffic_signs,0.8307589888572693,938.4808959960938,675.4828491210938,987.1961669921875,739.7438354492188,962.8385314941406,707.6133422851562,48.71527099609375,64.260986328125
IMG_0029.mp4,6406,213.74708041374709,29.97,1344,1,traffic_lights,0.7869410514831543,993.8487548828125,681.0123901367188,1009.1719360351562,724.1658935546875,1001.5103454589844,702.5891418457031,15.32318115234375,43.15350341796875
IMG_0029.mp4,6406,213.74708041374709,29.97,1325,1,traffic_lights,0.8464667201042175,1378.1688232421875,682.8358154296875,1419.6031494140625,735.7551879882812,1398.885986328125,709.2955017089844,41.434326171875,52.91937255859375
IMG_0029.mp4,6406,213.74708041374709,29.97,1385,0,auth_label,0.26351407170295715,33.298072814941406,382.97113037109375,170.27261352539062,823.260986328125,101.78534317016602,603.1160583496094,136.97454071044922,440.28985595703125
IMG_0029.mp4,6407,213.78044711378047,29.97,1314,2,traffic_signs,0.8241920471191406,1445.052734375,669.0911254882812,1491.950439453125,711.939208984375,1468.5015869140625,690.5151672363281,46.897705078125,42.84808349609375
IMG_0029.mp4,6407,213.78044711378047,29.97,1318,2,traffic_signs,0.89523845911026,1375.18212890625,648.1953735351562,1410.904296875,686.3717651367188,1393.043212890625,667.2835693359375,35.72216796875,38.1763916015625
IMG_0029.mp4,6407,213.78044711378047,29.97,1326,1,traffic_lights,0.8863461017608643,1109.0560302734375,497.28814697265625,1133.2823486328125,547.0519409179688,1121.169189453125,522.1700439453125,24.226318359375,49.7637939453125
IMG_0029.mp4,6407,213.78044711378047,29.97,1330,2,traffic_signs,0.9572227597236633,726.3500366210938,414.9051208496094,859.986083984375,550.36669921875,793.1680603027344,482.6359100341797,133.63604736328125,135.46157836914062
IMG_0029.mp4,6407,213.78044711378047,29.97,1347,2,traffic_signs,0.8152111768722534,939.684326171875,675.5492553710938,988.10009765625,739.609130859375,963.8922119140625,707.5791931152344,48.415771484375,64.05987548828125
IMG_0029.mp4,6407,213.78044711378047,29.97,1344,1,traffic_lights,0.7873141765594482,994.9716186523438,681.015625,1010.4288330078125,723.8021850585938,1002.7002258300781,702.4089050292969,15.45721435546875,42.78656005859375
IMG_0029.mp4,6407,213.78044711378047,29.97,1325,1,traffic_lights,0.8535059094429016,1378.941162109375,682.770751953125,1421.7275390625,735.9036865234375,1400.3343505859375,709.3372192382812,42.786376953125,53.1329345703125
IMG_0029.mp4,6407,213.78044711378047,29.97,1385,0,auth_label,0.2927815914154053,35.475372314453125,382.5616760253906,171.0432891845703,824.0023803710938,103.25933074951172,603.2820281982422,135.5679168701172,441.4407043457031
IMG_0029.mp4,6408,213.81381381381382,29.97,1314,2,traffic_signs,0.824458658695221,1446.7293701171875,668.5535888671875,1494.521484375,711.3956909179688,1470.6254272460938,689.9746398925781,47.7921142578125,42.84210205078125
IMG_0029.mp4,6408,213.81381381381382,29.97,1318,2,traffic_signs,0.8996134996414185,1376.9254150390625,647.6006469726562,1412.281494140625,686.2978515625,1394.6034545898438,666.9492492675781,35.3560791015625,38.69720458984375
IMG_0029.mp4,6408,213.81381381381382,29.97,1326,1,traffic_lights,0.873116672039032,1110.741943359375,497.051513671875,1134.5623779296875,546.5579223632812,1122.6521606445312,521.8047180175781,23.8204345703125,49.50640869140625
IMG_0029.mp4,6408,213.81381381381382,29.97,1330,2,traffic_signs,0.9569587111473083,726.5116577148438,413.75482177734375,860.4807739257812,549.6300048828125,793.4962158203125,481.6924133300781,133.9691162109375,135.87518310546875
IMG_0029.mp4,6408,213.81381381381382,29.97,1347,2,traffic_signs,0.8179032802581787,941.0765991210938,675.835205078125,989.208251953125,739.476806640625,965.1424255371094,707.656005859375,48.13165283203125,63.6416015625
IMG_0029.mp4,6408,213.81381381381382,29.97,1344,1,traffic_lights,0.8095639944076538,996.2977905273438,681.1011962890625,1011.6653442382812,723.9600219726562,1003.9815673828125,702.5306091308594,15.3675537109375,42.85882568359375
IMG_0029.mp4,6408,213.81381381381382,29.97,1325,1,traffic_lights,0.8407611846923828,1380.756103515625,682.8983154296875,1423.82080078125,735.8391723632812,1402.2884521484375,709.3687438964844,43.064697265625,52.94085693359375
IMG_0029.mp4,6408,213.81381381381382,29.97,1385,0,auth_label,0.3207334280014038,38.72873306274414,383.2315368652344,173.1975555419922,823.396728515625,105.96314430236816,603.3141326904297,134.46882247924805,440.1651916503906
IMG_0029.mp4,6409,213.84718051384718,29.97,1314,2,traffic_signs,0.8440365791320801,1448.712646484375,668.66064453125,1496.439208984375,711.0592651367188,1472.575927734375,689.8599548339844,47.7265625,42.39862060546875
IMG_0029.mp4,6409,213.84718051384718,29.97,1318,2,traffic_signs,0.9066884517669678,1378.6123046875,647.5381469726562,1413.9786376953125,685.7701416015625,1396.2954711914062,666.6541442871094,35.3663330078125,38.23199462890625
IMG_0029.mp4,6409,213.84718051384718,29.97,1326,1,traffic_lights,0.8617903590202332,1112.085205078125,496.94036865234375,1136.227783203125,546.2905883789062,1124.156494140625,521.615478515625,24.142578125,49.3502197265625
IMG_0029.mp4,6409,213.84718051384718,29.97,1330,2,traffic_signs,0.9551518559455872,726.6464233398438,412.4789733886719,860.9524536132812,548.7977905273438,793.7994384765625,480.6383819580078,134.3060302734375,136.31881713867188
IMG_0029.mp4,6409,213.84718051384718,29.97,1347,2,traffic_signs,0.835735559463501,942.5205078125,676.3253784179688,990.9327392578125,739.1889038085938,966.7266235351562,707.7571411132812,48.4122314453125,62.863525390625
IMG_0029.mp4,6409,213.84718051384718,29.97,1344,1,traffic_lights,0.8153153657913208,997.3595581054688,680.7599487304688,1012.7807006835938,724.651611328125,1005.0701293945312,702.7057800292969,15.421142578125,43.89166259765625
IMG_0029.mp4,6409,213.84718051384718,29.97,1325,1,traffic_lights,0.6810263395309448,1382.628173828125,682.3181762695312,1425.5174560546875,735.4600219726562,1404.0728149414062,708.8890991210938,42.8892822265625,53.141845703125
IMG_0029.mp4,6409,213.84718051384718,29.97,1385,0,auth_label,0.2515402138233185,40.57162857055664,383.4435729980469,174.57046508789062,823.6834716796875,107.57104682922363,603.5635223388672,133.99883651733398,440.2398986816406
IMG_0029.mp4,6410,213.88054721388056,29.97,1314,2,traffic_signs,0.6224801540374756,1450.004638671875,668.5336303710938,1498.632080078125,711.0556030273438,1474.318359375,689.7946166992188,48.62744140625,42.52197265625
IMG_0029.mp4,6410,213.88054721388056,29.97,1318,2,traffic_signs,0.907034695148468,1380.6138916015625,647.3934326171875,1416.1553955078125,685.462158203125,1398.3846435546875,666.4277954101562,35.54150390625,38.0687255859375
IMG_0029.mp4,6410,213.88054721388056,29.97,1326,1,traffic_lights,0.8657771348953247,1113.62548828125,496.3828125,1137.9222412109375,546.0047607421875,1125.7738647460938,521.1937866210938,24.2967529296875,49.6219482421875
IMG_0029.mp4,6410,213.88054721388056,29.97,1330,2,traffic_signs,0.9543392658233643,726.7928466796875,411.2380065917969,861.44775390625,548.0197143554688,794.1203002929688,479.6288604736328,134.6549072265625,136.78170776367188
IMG_0029.mp4,6410,213.88054721388056,29.97,1347,2,traffic_signs,0.831275224685669,944.0052490234375,676.4102172851562,993.073974609375,739.1676635742188,968.5396118164062,707.7889404296875,49.0687255859375,62.7574462890625
IMG_0029.mp4,6410,213.88054721388056,29.97,1344,1,traffic_lights,0.780799150466919,998.5215454101562,680.213134765625,1014.0709228515625,725.6358032226562,1006.2962341308594,702.9244689941406,15.54937744140625,45.42266845703125
IMG_0029.mp4,6410,213.88054721388056,29.97,1325,1,traffic_lights,0.8518370985984802,1384.44775390625,681.7471923828125,1427.1431884765625,735.2590942382812,1405.7954711914062,708.5031433105469,42.6954345703125,53.51190185546875
IMG_0029.mp4,6411,213.91391391391392,29.97,1314,2,traffic_signs,0.8835079669952393,1451.8902587890625,668.240234375,1500.64111328125,711.2157592773438,1476.2656860351562,689.7279968261719,48.7508544921875,42.97552490234375
IMG_0029.mp4,6411,213.91391391391392,29.97,1318,2,traffic_signs,0.8949823975563049,1382.851318359375,646.9946899414062,1418.0498046875,685.0458374023438,1400.4505615234375,666.020263671875,35.198486328125,38.0511474609375
IMG_0029.mp4,6411,213.91391391391392,29.97,1326,1,traffic_lights,0.8847141265869141,1114.764892578125,495.7296142578125,1139.3673095703125,545.6563720703125,1127.0661010742188,520.6929931640625,24.6024169921875,49.9267578125
IMG_0029.mp4,6411,213.91391391391392,29.97,1330,2,traffic_signs,0.9524122476577759,726.7293701171875,409.6588439941406,861.9113159179688,547.030029296875,794.3203430175781,478.3444366455078,135.18194580078125,137.37118530273438
IMG_0029.mp4,6411,213.91391391391392,29.97,1347,2,traffic_signs,0.8121247887611389,945.2542114257812,676.2084350585938,994.2130126953125,739.2127075195312,969.7336120605469,707.7105712890625,48.95880126953125,63.0042724609375
IMG_0029.mp4,6411,213.91391391391392,29.97,1344,1,traffic_lights,0.7939863801002502,999.7600708007812,679.9849243164062,1014.8832397460938,725.1968994140625,1007.3216552734375,702.5909118652344,15.1231689453125,45.21197509765625
IMG_0029.mp4,6411,213.91391391391392,29.97,1325,1,traffic_lights,0.8828901052474976,1386.688232421875,680.8495483398438,1429.011474609375,735.021240234375,1407.849853515625,707.9353942871094,42.3232421875,54.17169189453125
IMG_0029.mp4,6411,213.91391391391392,29.97,1385,0,auth_label,0.255988210439682,42.664154052734375,382.9077453613281,182.51499938964844,824.56103515625,112.5895767211914,603.7343902587891,139.85084533691406,441.6532897949219
IMG_0029.mp4,6412,213.9472806139473,29.97,1314,2,traffic_signs,0.8504326939582825,1454.5966796875,668.2638549804688,1501.7894287109375,710.8779907226562,1478.1930541992188,689.5709228515625,47.1927490234375,42.6141357421875
IMG_0029.mp4,6412,213.9472806139473,29.97,1318,2,traffic_signs,0.8898630142211914,1384.827880859375,646.6113891601562,1420.100830078125,684.7884521484375,1402.46435546875,665.6999206542969,35.27294921875,38.17706298828125
IMG_0029.mp4,6412,213.9472806139473,29.97,1326,1,traffic_lights,0.7919238805770874,1115.7330322265625,495.06402587890625,1140.2205810546875,545.351318359375,1127.976806640625,520.2076721191406,24.487548828125,50.28729248046875
IMG_0029.mp4,6412,213.9472806139473,29.97,1330,2,traffic_signs,0.9492912888526917,726.6256713867188,407.9427185058594,862.4541625976562,545.69287109375,794.5399169921875,476.8177947998047,135.8284912109375,137.75015258789062
IMG_0029.mp4,6412,213.9472806139473,29.97,1347,2,traffic_signs,0.5415248870849609,946.1990966796875,676.1602172851562,995.7074584960938,739.3920288085938,970.9532775878906,707.776123046875,49.50836181640625,63.2318115234375
IMG_0029.mp4,6412,213.9472806139473,29.97,1344,1,traffic_lights,0.8251834511756897,1000.9393310546875,679.3505249023438,1016.3470458984375,725.3525390625,1008.6431884765625,702.3515319824219,15.40771484375,46.00201416015625
IMG_0029.mp4,6412,213.9472806139473,29.97,1325,1,traffic_lights,0.862700343132019,1387.8751220703125,681.5626831054688,1430.1109619140625,735.0707397460938,1408.9930419921875,708.3167114257812,42.23583984375,53.508056640625
IMG_0029.mp4,6413,213.98064731398065,29.97,1314,2,traffic_signs,0.8500330448150635,1456.5067138671875,667.8798828125,1503.7855224609375,710.5071411132812,1480.1461181640625,689.1935119628906,47.27880859375,42.62725830078125
IMG_0029.mp4,6413,213.98064731398065,29.97,1318,2,traffic_signs,0.8917814493179321,1386.46875,646.4492797851562,1422.0526123046875,684.6138916015625,1404.2606811523438,665.5315856933594,35.5838623046875,38.16461181640625
IMG_0029.mp4,6413,213.98064731398065,29.97,1326,1,traffic_lights,0.8872333765029907,1116.7071533203125,494.7694091796875,1141.377197265625,545.1783447265625,1129.0421752929688,519.973876953125,24.6700439453125,50.408935546875
IMG_0029.mp4,6413,213.98064731398065,29.97,1330,2,traffic_signs,0.9458135962486267,726.4481811523438,406.7512512207031,863.0040283203125,544.447509765625,794.7261047363281,475.59938049316406,136.55584716796875,137.69625854492188
IMG_0029.mp4,6413,213.98064731398065,29.97,1347,2,traffic_signs,0.6007928252220154,947.5755615234375,676.1805419921875,997.288330078125,739.4895629882812,972.4319458007812,707.8350524902344,49.7127685546875,63.30902099609375
IMG_0029.mp4,6413,213.98064731398065,29.97,1344,1,traffic_lights,0.8104500770568848,1002.01123046875,678.966796875,1017.4778442382812,725.2109985351562,1009.7445373535156,702.0888977050781,15.46661376953125,46.24420166015625
IMG_0029.mp4,6413,213.98064731398065,29.97,1325,1,traffic_lights,0.8627821207046509,1388.53466796875,681.74365234375,1432.148193359375,735.2564697265625,1410.3414306640625,708.5000610351562,43.613525390625,53.5128173828125
IMG_0029.mp4,6414,214.014014014014,29.97,1314,2,traffic_signs,0.8367392420768738,1458.168701171875,667.5584716796875,1506.72119140625,710.0480346679688,1482.4449462890625,688.8032531738281,48.552490234375,42.48956298828125
IMG_0029.mp4,6414,214.014014014014,29.97,1318,2,traffic_signs,0.8725975751876831,1387.364013671875,646.368408203125,1423.2266845703125,684.40185546875,1405.2953491210938,665.3851318359375,35.8626708984375,38.033447265625
IMG_0029.mp4,6414,214.014014014014,29.97,1326,1,traffic_lights,0.8783493041992188,1118.056884765625,494.8020935058594,1142.2369384765625,544.8870849609375,1130.1469116210938,519.8445892333984,24.1800537109375,50.084991455078125
IMG_0029.mp4,6414,214.014014014014,29.97,1330,2,traffic_signs,0.9430255889892578,726.3150024414062,405.65350341796875,863.4235229492188,543.2543334960938,794.8692626953125,474.45391845703125,137.1085205078125,137.600830078125
IMG_0029.mp4,6414,214.014014014014,29.97,1347,2,traffic_signs,0.7461232542991638,948.6519775390625,676.2630004882812,997.9923095703125,739.5355224609375,973.3221435546875,707.8992614746094,49.34033203125,63.27252197265625
IMG_0029.mp4,6414,214.014014014014,29.97,1344,1,traffic_lights,0.7897771596908569,1002.9651489257812,679.0394897460938,1018.5201416015625,724.9235229492188,1010.7426452636719,701.9815063476562,15.55499267578125,45.884033203125
IMG_0029.mp4,6414,214.014014014014,29.97,1325,1,traffic_lights,0.8655537962913513,1391.0498046875,681.3621215820312,1434.4246826171875,735.4359741210938,1412.7372436523438,708.3990478515625,43.3748779296875,54.0738525390625
IMG_0029.mp4,6415,214.0473807140474,29.97,1314,2,traffic_signs,0.8410454392433167,1459.650390625,667.3077392578125,1508.8319091796875,709.5311279296875,1484.2411499023438,688.41943359375,49.1815185546875,42.223388671875
IMG_0029.mp4,6415,214.0473807140474,29.97,1318,2,traffic_signs,0.8805858492851257,1388.285888671875,646.2838134765625,1424.580322265625,684.3521118164062,1406.43310546875,665.3179626464844,36.29443359375,38.06829833984375
IMG_0029.mp4,6415,214.0473807140474,29.97,1326,1,traffic_lights,0.8806143999099731,1119.1173095703125,494.55731201171875,1143.1917724609375,544.759033203125,1131.154541015625,519.6581726074219,24.074462890625,50.20172119140625
IMG_0029.mp4,6415,214.0473807140474,29.97,1330,2,traffic_signs,0.941154956817627,726.1915283203125,404.5764465332031,863.85107421875,542.38818359375,795.0213012695312,473.48231506347656,137.6595458984375,137.81173706054688
IMG_0029.mp4,6415,214.0473807140474,29.97,1347,2,traffic_signs,0.795559287071228,949.7138061523438,676.0277709960938,998.7341918945312,739.3901977539062,974.2239990234375,707.708984375,49.0203857421875,63.3624267578125
IMG_0029.mp4,6415,214.0473807140474,29.97,1344,1,traffic_lights,0.794604480266571,1003.9873046875,679.1278686523438,1019.6946411132812,724.7009887695312,1011.8409729003906,701.9144287109375,15.70733642578125,45.5731201171875
IMG_0029.mp4,6415,214.0473807140474,29.97,1325,1,traffic_lights,0.8486334085464478,1393.4700927734375,681.5247802734375,1435.9716796875,735.3681640625,1414.7208862304688,708.4464721679688,42.5015869140625,53.8433837890625
IMG_0029.mp4,6416,214.08074741408075,29.97,1314,2,traffic_signs,0.8695154190063477,1461.9927978515625,667.34033203125,1510.671630859375,709.5015869140625,1486.3322143554688,688.4209594726562,48.6788330078125,42.1612548828125
IMG_0029.mp4,6416,214.08074741408075,29.97,1318,2,traffic_signs,0.8813790678977966,1389.816650390625,645.9638061523438,1426.0435791015625,684.3119506835938,1407.9301147460938,665.1378784179688,36.2269287109375,38.34814453125
IMG_0029.mp4,6416,214.08074741408075,29.97,1326,1,traffic_lights,0.8734548687934875,1120.0489501953125,494.36639404296875,1144.077880859375,544.4639892578125,1132.0634155273438,519.4151916503906,24.0289306640625,50.09759521484375
IMG_0029.mp4,6416,214.08074741408075,29.97,1330,2,traffic_signs,0.9399530291557312,725.9853515625,403.62841796875,864.2272338867188,541.43310546875,795.1062927246094,472.53076171875,138.24188232421875,137.8046875
IMG_0029.mp4,6416,214.08074741408075,29.97,1347,2,traffic_signs,0.8150403499603271,950.479248046875,675.4478149414062,999.437744140625,739.2621459960938,974.95849609375,707.35498046875,48.95849609375,63.8143310546875
IMG_0029.mp4,6416,214.08074741408075,29.97,1344,1,traffic_lights,0.7934265732765198,1005.1849975585938,679.215087890625,1020.64306640625,724.352783203125,1012.9140319824219,701.783935546875,15.45806884765625,45.1376953125
IMG_0029.mp4,6416,214.08074741408075,29.97,1325,1,traffic_lights,0.6525517702102661,1394.8740234375,681.029052734375,1437.3446044921875,735.0620727539062,1416.1093139648438,708.0455627441406,42.4705810546875,54.03302001953125
IMG_0029.mp4,6417,214.11411411411413,29.97,1314,2,traffic_signs,0.890450119972229,1462.3055419921875,666.9935302734375,1512.3526611328125,709.7200927734375,1487.3291015625,688.3568115234375,50.047119140625,42.7265625
IMG_0029.mp4,6417,214.11411411411413,29.97,1318,2,traffic_signs,0.8849363327026367,1391.345458984375,645.9141235351562,1427.63671875,684.283935546875,1409.4910888671875,665.0990295410156,36.291259765625,38.36981201171875
IMG_0029.mp4,6417,214.11411411411413,29.97,1326,1,traffic_lights,0.8688472509384155,1120.847900390625,493.9980773925781,1145.1146240234375,544.2832641601562,1132.9812622070312,519.1406707763672,24.2667236328125,50.285186767578125
IMG_0029.mp4,6417,214.11411411411413,29.97,1330,2,traffic_signs,0.9415323734283447,725.6498413085938,402.6246643066406,864.5269775390625,540.5123291015625,795.0884094238281,471.56849670410156,138.87713623046875,137.88766479492188
IMG_0029.mp4,6417,214.11411411411413,29.97,1347,2,traffic_signs,0.8234777450561523,951.31494140625,675.2210693359375,999.963623046875,739.386962890625,975.6392822265625,707.3040161132812,48.648681640625,64.1658935546875
IMG_0029.mp4,6417,214.11411411411413,29.97,1344,1,traffic_lights,0.8096829056739807,1006.2318115234375,679.3649291992188,1021.6814575195312,723.9296875,1013.9566345214844,701.6473083496094,15.44964599609375,44.56475830078125
IMG_0029.mp4,6417,214.11411411411413,29.97,1325,1,traffic_lights,0.8293377757072449,1396.545166015625,680.2736206054688,1439.4061279296875,734.7073364257812,1417.9756469726562,707.490478515625,42.8609619140625,54.4337158203125
IMG_0029.mp4,6417,214.11411411411413,29.97,1385,0,auth_label,0.27222564816474915,44.66783142089844,379.3373107910156,182.75296020507812,824.9067993164062,113.71039581298828,602.1220550537109,138.0851287841797,445.5694885253906
IMG_0029.mp4,6418,214.14748081414749,29.97,1314,2,traffic_signs,0.8959975838661194,1463.2677001953125,666.5768432617188,1513.603759765625,709.5130615234375,1488.4357299804688,688.0449523925781,50.3360595703125,42.93621826171875
IMG_0029.mp4,6418,214.14748081414749,29.97,1318,2,traffic_signs,0.8805040717124939,1392.8529052734375,645.9105834960938,1429.0748291015625,683.9783935546875,1410.9638671875,664.9444885253906,36.221923828125,38.06781005859375
IMG_0029.mp4,6418,214.14748081414749,29.97,1326,1,traffic_lights,0.8629839420318604,1121.6871337890625,493.5394287109375,1146.145263671875,544.3007202148438,1133.9161987304688,518.9200744628906,24.4581298828125,50.76129150390625
IMG_0029.mp4,6418,214.14748081414749,29.97,1330,2,traffic_signs,0.9453364014625549,725.46142578125,401.406982421875,864.7008666992188,539.6248168945312,795.0811462402344,470.5158996582031,139.23944091796875,138.21783447265625
IMG_0029.mp4,6418,214.14748081414749,29.97,1347,2,traffic_signs,0.8111012578010559,952.26904296875,675.4414672851562,1000.5792236328125,739.4251708984375,976.4241333007812,707.4333190917969,48.3101806640625,63.98370361328125
IMG_0029.mp4,6418,214.14748081414749,29.97,1344,1,traffic_lights,0.8275230526924133,1006.9623413085938,679.3283081054688,1022.6402587890625,724.1830444335938,1014.8013000488281,701.7556762695312,15.67791748046875,44.854736328125
IMG_0029.mp4,6418,214.14748081414749,29.97,1325,1,traffic_lights,0.8457217216491699,1398.311279296875,679.761474609375,1441.2376708984375,734.291015625,1419.7744750976562,707.0262451171875,42.9263916015625,54.529541015625
IMG_0029.mp4,6418,214.14748081414749,29.97,1385,0,auth_label,0.27219900488853455,44.82280349731445,378.7265625,181.9625701904297,824.9251098632812,113.39268684387207,601.8258361816406,137.13976669311523,446.19854736328125
IMG_0029.mp4,6419,214.18084751418087,29.97,1314,2,traffic_signs,0.8879170417785645,1465.56298828125,666.4247436523438,1514.8294677734375,709.2359008789062,1490.1962280273438,687.830322265625,49.2664794921875,42.8111572265625
IMG_0029.mp4,6419,214.18084751418087,29.97,1318,2,traffic_signs,0.8824902176856995,1394.6341552734375,645.7350463867188,1431.2041015625,683.6709594726562,1412.9191284179688,664.7030029296875,36.5699462890625,37.9359130859375
IMG_0029.mp4,6419,214.18084751418087,29.97,1326,1,traffic_lights,0.8582471609115601,1122.586669921875,493.1142272949219,1147.39453125,544.1337280273438,1134.9906005859375,518.6239776611328,24.807861328125,51.019500732421875
IMG_0029.mp4,6419,214.18084751418087,29.97,1330,2,traffic_signs,0.9500199556350708,725.1307983398438,400.1423034667969,864.8330688476562,538.9454956054688,794.98193359375,469.5438995361328,139.7022705078125,138.80319213867188
IMG_0029.mp4,6419,214.18084751418087,29.97,1347,2,traffic_signs,0.8100209832191467,952.6541748046875,675.6071166992188,1001.7273559570312,739.4959716796875,977.1907653808594,707.5515441894531,49.07318115234375,63.88885498046875
IMG_0029.mp4,6419,214.18084751418087,29.97,1344,1,traffic_lights,0.8391174674034119,1007.8687744140625,679.2676391601562,1023.5809326171875,724.7159423828125,1015.724853515625,701.9917907714844,15.712158203125,45.44830322265625
IMG_0029.mp4,6419,214.18084751418087,29.97,1325,1,traffic_lights,0.873498260974884,1400.009521484375,679.936279296875,1442.9091796875,734.2943115234375,1421.4593505859375,707.1152954101562,42.899658203125,54.3580322265625
IMG_0029.mp4,6420,214.21421421421422,29.97,1314,2,traffic_signs,0.872673749923706,1467.861083984375,666.2589721679688,1516.4239501953125,708.912841796875,1492.1425170898438,687.5859069824219,48.5628662109375,42.65386962890625
IMG_0029.mp4,6420,214.21421421421422,29.97,1318,2,traffic_signs,0.8743835091590881,1396.184326171875,645.4530639648438,1432.85888671875,682.8778076171875,1414.5216064453125,664.1654357910156,36.674560546875,37.42474365234375
IMG_0029.mp4,6420,214.21421421421422,29.97,1326,1,traffic_lights,0.8636640310287476,1123.4949951171875,492.9107360839844,1148.5784912109375,543.8719482421875,1136.0367431640625,518.3913421630859,25.08349609375,50.961212158203125
IMG_0029.mp4,6420,214.21421421421422,29.97,1330,2,traffic_signs,0.9538468718528748,724.820556640625,398.7168273925781,864.8568115234375,538.1525268554688,794.8386840820312,468.43467712402344,140.0362548828125,139.43569946289062
IMG_0029.mp4,6420,214.21421421421422,29.97,1347,2,traffic_signs,0.8062456846237183,953.117431640625,675.6883544921875,1002.7898559570312,739.5211181640625,977.9536437988281,707.604736328125,49.67242431640625,63.832763671875
IMG_0029.mp4,6420,214.21421421421422,29.97,1344,1,traffic_lights,0.8355692625045776,1008.6536865234375,679.2728881835938,1024.4169921875,725.4615478515625,1016.5353393554688,702.3672180175781,15.7633056640625,46.18865966796875
IMG_0029.mp4,6420,214.21421421421422,29.97,1325,1,traffic_lights,0.8469237089157104,1400.98046875,680.3416748046875,1444.4859619140625,734.2337036132812,1422.7332153320312,707.2876892089844,43.5054931640625,53.89202880859375
IMG_0029.mp4,6421,214.24758091424758,29.97,1314,2,traffic_signs,0.8528732657432556,1469.489990234375,666.0870361328125,1518.0552978515625,708.7146606445312,1493.7726440429688,687.4008483886719,48.5653076171875,42.62762451171875
IMG_0029.mp4,6421,214.24758091424758,29.97,1318,2,traffic_signs,0.8817930221557617,1397.7706298828125,645.288818359375,1433.910888671875,682.318359375,1415.8407592773438,663.8035888671875,36.1402587890625,37.029541015625
IMG_0029.mp4,6421,214.24758091424758,29.97,1326,1,traffic_lights,0.8617282509803772,1124.320556640625,492.4544982910156,1149.8983154296875,543.6405029296875,1137.1094360351562,518.0475006103516,25.5777587890625,51.186004638671875
IMG_0029.mp4,6421,214.24758091424758,29.97,1330,2,traffic_signs,0.6450576782226562,724.7028198242188,396.75860595703125,864.3924560546875,537.4264526367188,794.5476379394531,467.092529296875,139.68963623046875,140.6678466796875
IMG_0029.mp4,6421,214.24758091424758,29.97,1347,2,traffic_signs,0.8101117014884949,953.532470703125,675.6602783203125,1003.9276123046875,739.4672241210938,978.7300415039062,707.5637512207031,50.3951416015625,63.80694580078125
IMG_0029.mp4,6421,214.24758091424758,29.97,1344,1,traffic_lights,0.8316792249679565,1009.1599731445312,678.6178588867188,1025.0579833984375,725.73828125,1017.1089782714844,702.1780700683594,15.89801025390625,47.12042236328125
IMG_0029.mp4,6421,214.24758091424758,29.97,1325,1,traffic_lights,0.8608430027961731,1401.8736572265625,680.9108276367188,1445.9385986328125,734.3357543945312,1423.9061279296875,707.623291015625,44.06494140625,53.4249267578125
IMG_0029.mp4,6422,214.28094761428096,29.97,1314,2,traffic_signs,0.8489855527877808,1471.0311279296875,665.74951171875,1519.91552734375,708.61083984375,1495.4733276367188,687.18017578125,48.8843994140625,42.861328125
IMG_0029.mp4,6422,214.28094761428096,29.97,1318,2,traffic_signs,0.8264725804328918,1398.0279541015625,644.6552734375,1435.0802001953125,682.583251953125,1416.5540771484375,663.6192626953125,37.05224609375,37.927978515625
IMG_0029.mp4,6422,214.28094761428096,29.97,1326,1,traffic_lights,0.8608453869819641,1125.194091796875,491.99298095703125,1151.0059814453125,543.32275390625,1138.1000366210938,517.6578674316406,25.8118896484375,51.32977294921875
IMG_0029.mp4,6422,214.28094761428096,29.97,1330,2,traffic_signs,0.9472900629043579,724.3585205078125,395.3672180175781,864.1109619140625,536.5584716796875,794.2347412109375,465.9628448486328,139.75244140625,141.19125366210938
IMG_0029.mp4,6422,214.28094761428096,29.97,1347,2,traffic_signs,0.7983640432357788,954.05126953125,675.5757446289062,1005.0263061523438,739.3754272460938,979.5387878417969,707.4755859375,50.97503662109375,63.7996826171875
IMG_0029.mp4,6422,214.28094761428096,29.97,1344,1,traffic_lights,0.8436676859855652,1009.629638671875,678.2640380859375,1025.8720703125,726.0562744140625,1017.7508544921875,702.16015625,16.242431640625,47.792236328125
IMG_0029.mp4,6422,214.28094761428096,29.97,1325,1,traffic_lights,0.863717794418335,1401.66162109375,680.7576904296875,1447.6759033203125,734.5338134765625,1424.6687622070312,707.645751953125,46.0142822265625,53.776123046875
IMG_0029.mp4,6423,214.31431431431432,29.97,1314,2,traffic_signs,0.8384157419204712,1472.8990478515625,665.749755859375,1522.0172119140625,708.6279907226562,1497.4581298828125,687.1888732910156,49.1181640625,42.87823486328125
IMG_0029.mp4,6423,214.31431431431432,29.97,1318,2,traffic_signs,0.8844819068908691,1398.9683837890625,644.2637329101562,1436.1197509765625,682.8228149414062,1417.5440673828125,663.5432739257812,37.1513671875,38.55908203125
IMG_0029.mp4,6423,214.31431431431432,29.97,1326,1,traffic_lights,0.8748742341995239,1126.11279296875,491.7875061035156,1151.8580322265625,542.9159545898438,1138.9854125976562,517.3517303466797,25.7452392578125,51.128448486328125
IMG_0029.mp4,6423,214.31431431431432,29.97,1330,2,traffic_signs,0.9544647932052612,723.6057739257812,394.04193115234375,863.8679809570312,535.6131591796875,793.7368774414062,464.8275451660156,140.26220703125,141.57122802734375
IMG_0029.mp4,6423,214.31431431431432,29.97,1347,2,traffic_signs,0.807383120059967,954.7804565429688,675.4281616210938,1005.867919921875,739.1890869140625,980.3241882324219,707.3086242675781,51.08746337890625,63.76092529296875
IMG_0029.mp4,6423,214.31431431431432,29.97,1344,1,traffic_lights,0.8148761987686157,1010.1026000976562,677.9725952148438,1026.541748046875,726.3439331054688,1018.3221740722656,702.1582641601562,16.43914794921875,48.371337890625
IMG_0029.mp4,6423,214.31431431431432,29.97,1325,1,traffic_lights,0.8779084086418152,1402.8702392578125,680.6300659179688,1449.061767578125,734.3131103515625,1425.9660034179688,707.4715881347656,46.1915283203125,53.68304443359375
IMG_0029.mp4,6424,214.3476810143477,29.97,1314,2,traffic_signs,0.8672565817832947,1474.5081787109375,665.9268188476562,1523.6502685546875,708.8101806640625,1499.0792236328125,687.3684997558594,49.14208984375,42.88336181640625
IMG_0029.mp4,6424,214.3476810143477,29.97,1318,2,traffic_signs,0.8738592267036438,1400.092529296875,643.9376220703125,1437.141845703125,683.2578125,1418.6171875,663.5977172851562,37.04931640625,39.3201904296875
IMG_0029.mp4,6424,214.3476810143477,29.97,1326,1,traffic_lights,0.868103563785553,1126.8370361328125,491.4833984375,1152.6419677734375,542.55322265625,1139.739501953125,517.018310546875,25.804931640625,51.06982421875
IMG_0029.mp4,6424,214.3476810143477,29.97,1330,2,traffic_signs,0.9522997736930847,722.982666015625,392.8194580078125,863.6151733398438,534.6975708007812,793.2989196777344,463.7585144042969,140.63250732421875,141.87811279296875
IMG_0029.mp4,6424,214.3476810143477,29.97,1347,2,traffic_signs,0.7960801720619202,955.2918701171875,675.4064331054688,1006.3331909179688,739.1801147460938,980.8125305175781,707.2932739257812,51.04132080078125,63.773681640625
IMG_0029.mp4,6424,214.3476810143477,29.97,1344,1,traffic_lights,0.7434407472610474,1010.8888549804688,678.2361450195312,1026.890625,725.2236938476562,1018.8897399902344,701.7299194335938,16.00177001953125,46.987548828125
IMG_0029.mp4,6424,214.3476810143477,29.97,1325,1,traffic_lights,0.8562553524971008,1404.1226806640625,681.1724853515625,1449.791015625,734.2125854492188,1426.9568481445312,707.6925354003906,45.6683349609375,53.04010009765625
IMG_0029.mp4,6425,214.38104771438105,29.97,1314,2,traffic_signs,0.6307588815689087,1474.6087646484375,665.564453125,1524.6630859375,708.6392822265625,1499.6359252929688,687.1018676757812,50.0543212890625,43.0748291015625
IMG_0029.mp4,6425,214.38104771438105,29.97,1318,2,traffic_signs,0.871640145778656,1401.2210693359375,643.7872314453125,1438.0704345703125,683.1487426757812,1419.645751953125,663.4679870605469,36.849365234375,39.36151123046875
IMG_0029.mp4,6425,214.38104771438105,29.97,1326,1,traffic_lights,0.531283974647522,1127.3135986328125,491.3130798339844,1152.7386474609375,542.1213989257812,1140.026123046875,516.7172393798828,25.425048828125,50.808319091796875
IMG_0029.mp4,6425,214.38104771438105,29.97,1330,2,traffic_signs,0.9521058797836304,722.4002685546875,391.44952392578125,863.3442993164062,533.6732788085938,792.8722839355469,462.5614013671875,140.94403076171875,142.2237548828125
IMG_0029.mp4,6425,214.38104771438105,29.97,1347,2,traffic_signs,0.7873721122741699,956.0684814453125,675.2940673828125,1006.9868774414062,739.0946044921875,981.5276794433594,707.1943359375,50.91839599609375,63.800537109375
IMG_0029.mp4,6425,214.38104771438105,29.97,1344,1,traffic_lights,0.8356472253799438,1011.7869873046875,678.0969848632812,1027.523193359375,724.546875,1019.6550903320312,701.3219299316406,15.7362060546875,46.44989013671875
IMG_0029.mp4,6425,214.38104771438105,29.97,1325,1,traffic_lights,0.826382040977478,1405.23388671875,680.710693359375,1451.071533203125,734.1996459960938,1428.1527099609375,707.4551696777344,45.837646484375,53.48895263671875
IMG_0029.mp4,6426,214.4144144144144,29.97,1314,2,traffic_signs,0.8682636022567749,1475.0345458984375,664.894287109375,1525.5174560546875,708.5748291015625,1500.2760009765625,686.7345581054688,50.48291015625,43.6805419921875
IMG_0029.mp4,6426,214.4144144144144,29.97,1318,2,traffic_signs,0.8714908957481384,1402.4949951171875,643.71044921875,1439.0592041015625,682.5836791992188,1420.777099609375,663.1470642089844,36.564208984375,38.87322998046875
IMG_0029.mp4,6426,214.4144144144144,29.97,1326,1,traffic_lights,0.860181450843811,1127.8638916015625,490.9748840332031,1153.3699951171875,541.8303833007812,1140.616943359375,516.4026336669922,25.506103515625,50.855499267578125
IMG_0029.mp4,6426,214.4144144144144,29.97,1330,2,traffic_signs,0.9525312185287476,721.7135009765625,390.2378234863281,862.9522094726562,532.632568359375,792.3328552246094,461.43519592285156,141.23870849609375,142.39474487304688
IMG_0029.mp4,6426,214.4144144144144,29.97,1347,2,traffic_signs,0.4639178514480591,956.8209228515625,675.13916015625,1007.3428955078125,738.9641723632812,982.0819091796875,707.0516662597656,50.52197265625,63.82501220703125
IMG_0029.mp4,6426,214.4144144144144,29.97,1344,1,traffic_lights,0.8323661684989929,1012.7362670898438,678.1561279296875,1028.0484619140625,724.094970703125,1020.3923645019531,701.1255493164062,15.31219482421875,45.9388427734375
IMG_0029.mp4,6426,214.4144144144144,29.97,1325,1,traffic_lights,0.8294172286987305,1406.9237060546875,679.1804809570312,1451.8563232421875,733.6876220703125,1429.3900146484375,706.4340515136719,44.9326171875,54.50714111328125
IMG_0029.mp4,6427,214.4477811144478,29.97,1314,2,traffic_signs,0.8727738857269287,1476.427734375,664.60302734375,1526.8525390625,708.5289306640625,1501.64013671875,686.5659790039062,50.4248046875,43.9259033203125
IMG_0029.mp4,6427,214.4477811144478,29.97,1318,2,traffic_signs,0.8773103952407837,1403.500244140625,643.422119140625,1440.40380859375,682.5888061523438,1421.9520263671875,663.0054626464844,36.903564453125,39.16668701171875
IMG_0029.mp4,6427,214.4477811144478,29.97,1326,1,traffic_lights,0.8789392709732056,1128.4508056640625,490.75213623046875,1154.1695556640625,541.5817260742188,1141.3101806640625,516.1669311523438,25.71875,50.82958984375
IMG_0029.mp4,6427,214.4477811144478,29.97,1330,2,traffic_signs,0.9518116116523743,720.751953125,388.6849365234375,862.4814453125,532.105224609375,791.61669921875,460.39508056640625,141.7294921875,143.4202880859375
IMG_0029.mp4,6427,214.4477811144478,29.97,1347,2,traffic_signs,0.5212819576263428,958.6024780273438,675.0941162109375,1008.1384887695312,738.890869140625,983.3704833984375,706.9924926757812,49.5360107421875,63.7967529296875
IMG_0029.mp4,6427,214.4477811144478,29.97,1344,1,traffic_lights,0.827664315700531,1013.371337890625,678.24609375,1028.7088623046875,724.01171875,1021.0401000976562,701.12890625,15.3375244140625,45.765625
IMG_0029.mp4,6427,214.4477811144478,29.97,1325,1,traffic_lights,0.8403527736663818,1408.6558837890625,678.3887939453125,1453.1199951171875,733.1781616210938,1430.887939453125,705.7834777832031,44.464111328125,54.78936767578125
IMG_0029.mp4,6428,214.48114781448115,29.97,1314,2,traffic_signs,0.8643832802772522,1478.21337890625,664.3544311523438,1528.3631591796875,708.3941650390625,1503.2882690429688,686.3742980957031,50.1497802734375,44.03973388671875
IMG_0029.mp4,6428,214.48114781448115,29.97,1318,2,traffic_signs,0.8704501390457153,1404.6612548828125,643.2339477539062,1441.7008056640625,682.3302612304688,1423.1810302734375,662.7821044921875,37.03955078125,39.0963134765625
IMG_0029.mp4,6428,214.48114781448115,29.97,1326,1,traffic_lights,0.8733084797859192,1129.0037841796875,490.4941711425781,1154.790771484375,541.2699584960938,1141.8972778320312,515.8820648193359,25.7869873046875,50.775787353515625
IMG_0029.mp4,6428,214.48114781448115,29.97,1330,2,traffic_signs,0.9530202150344849,720.0865478515625,386.8874206542969,862.08984375,531.3077392578125,791.0881958007812,459.0975799560547,142.0032958984375,144.42031860351562
IMG_0029.mp4,6428,214.48114781448115,29.97,1347,2,traffic_signs,0.5866422057151794,959.5339965820312,674.9570922851562,1008.7825927734375,738.9754638671875,984.1582946777344,706.9662780761719,49.24859619140625,64.01837158203125
IMG_0029.mp4,6428,214.48114781448115,29.97,1344,1,traffic_lights,0.8258575201034546,1013.9341430664062,678.1647338867188,1029.27978515625,723.89013671875,1021.6069641113281,701.0274353027344,15.34564208984375,45.72540283203125
IMG_0029.mp4,6428,214.48114781448115,29.97,1325,1,traffic_lights,0.8579450845718384,1410.3636474609375,678.3070678710938,1454.2645263671875,733.0372924804688,1432.3140869140625,705.6721801757812,43.90087890625,54.730224609375
IMG_0029.mp4,6429,214.51451451451453,29.97,1314,2,traffic_signs,0.8595150113105774,1479.6513671875,664.1875610351562,1529.6483154296875,708.0634155273438,1504.6498413085938,686.12548828125,49.9969482421875,43.8758544921875
IMG_0029.mp4,6429,214.51451451451453,29.97,1318,2,traffic_signs,0.8670542240142822,1405.96875,643.2073974609375,1443.1107177734375,681.830810546875,1424.5397338867188,662.5191040039062,37.1419677734375,38.6234130859375
IMG_0029.mp4,6429,214.51451451451453,29.97,1326,1,traffic_lights,0.8756113648414612,1129.5050048828125,490.19647216796875,1155.443603515625,541.0489501953125,1142.4743041992188,515.6227111816406,25.9385986328125,50.85247802734375
IMG_0029.mp4,6429,214.51451451451453,29.97,1330,2,traffic_signs,0.9531252980232239,719.1792602539062,385.2684020996094,861.7135620117188,530.2002563476562,790.4464111328125,457.7343292236328,142.5343017578125,144.93185424804688
IMG_0029.mp4,6429,214.51451451451453,29.97,1347,2,traffic_signs,0.598251223564148,959.8704223632812,674.7552490234375,1009.0178833007812,738.953857421875,984.4441528320312,706.8545532226562,49.1474609375,64.1986083984375
IMG_0029.mp4,6429,214.51451451451453,29.97,1344,1,traffic_lights,0.8231837749481201,1014.5033569335938,678.1549072265625,1029.685302734375,723.4901123046875,1022.0943298339844,700.822509765625,15.18194580078125,45.335205078125
IMG_0029.mp4,6429,214.51451451451453,29.97,1325,1,traffic_lights,0.8663026094436646,1411.9840087890625,678.3988647460938,1454.9844970703125,733.1939086914062,1433.4842529296875,705.79638671875,43.00048828125,54.7950439453125
IMG_0029.mp4,6430,214.54788121454789,29.97,1314,2,traffic_signs,0.8397179245948792,1480.7025146484375,663.899658203125,1531.2412109375,707.8582763671875,1505.9718627929688,685.8789672851562,50.5386962890625,43.9586181640625
IMG_0029.mp4,6430,214.54788121454789,29.97,1318,2,traffic_signs,0.8681875467300415,1407.14697265625,643.2088623046875,1444.1358642578125,681.5673217773438,1425.6414184570312,662.3880920410156,36.9888916015625,38.35845947265625
IMG_0029.mp4,6430,214.54788121454789,29.97,1326,1,traffic_lights,0.8742180466651917,1130.035400390625,490.01904296875,1155.932373046875,540.7945556640625,1142.98388671875,515.4067993164062,25.89697265625,50.7755126953125
IMG_0029.mp4,6430,214.54788121454789,29.97,1330,2,traffic_signs,0.9538437128067017,718.2268676757812,383.63018798828125,861.4049682617188,529.0299072265625,789.81591796875,456.3300476074219,143.1781005859375,145.39971923828125
IMG_0029.mp4,6430,214.54788121454789,29.97,1347,2,traffic_signs,0.6337664723396301,960.04443359375,674.6708374023438,1009.2200317382812,738.995361328125,984.6322326660156,706.8330993652344,49.17559814453125,64.32452392578125
IMG_0029.mp4,6430,214.54788121454789,29.97,1344,1,traffic_lights,0.8126214146614075,1015.0508422851562,678.0942993164062,1030.11572265625,723.4015502929688,1022.5832824707031,700.7479248046875,15.06488037109375,45.3072509765625
IMG_0029.mp4,6430,214.54788121454789,29.97,1325,1,traffic_lights,0.8471252918243408,1412.815185546875,678.2935791015625,1455.753662109375,733.15478515625,1434.284423828125,705.7241821289062,42.9384765625,54.8612060546875
IMG_0029.mp4,6431,214.58124791458127,29.97,1314,2,traffic_signs,0.8381840586662292,1481.56982421875,663.7255249023438,1532.8052978515625,707.8682250976562,1507.1875610351562,685.796875,51.2354736328125,44.1427001953125
IMG_0029.mp4,6431,214.58124791458127,29.97,1318,2,traffic_signs,0.8661016821861267,1408.1123046875,643.0597534179688,1445.219970703125,681.2965087890625,1426.6661376953125,662.1781311035156,37.107666015625,38.23675537109375
IMG_0029.mp4,6431,214.58124791458127,29.97,1326,1,traffic_lights,0.8728249669075012,1130.61865234375,489.828125,1156.3792724609375,540.5116577148438,1143.4989624023438,515.1698913574219,25.7606201171875,50.68353271484375
IMG_0029.mp4,6431,214.58124791458127,29.97,1330,2,traffic_signs,0.9534294605255127,717.1826171875,382.3648376464844,861.1972045898438,527.6693725585938,789.1899108886719,455.01710510253906,144.01458740234375,145.30453491210938
IMG_0029.mp4,6431,214.58124791458127,29.97,1347,2,traffic_signs,0.6514834761619568,960.1075439453125,674.4037475585938,1009.3030395507812,738.9326782226562,984.7052917480469,706.668212890625,49.19549560546875,64.5289306640625
IMG_0029.mp4,6431,214.58124791458127,29.97,1344,1,traffic_lights,0.8032792806625366,1015.47998046875,678.0401000976562,1030.4884033203125,723.1944580078125,1022.9841918945312,700.6172790527344,15.0084228515625,45.15435791015625
IMG_0029.mp4,6431,214.58124791458127,29.97,1325,1,traffic_lights,0.8607758283615112,1413.2164306640625,678.1284790039062,1457.089111328125,733.1156005859375,1435.1527709960938,705.6220397949219,43.8726806640625,54.98712158203125
IMG_0029.mp4,6432,214.61461461461462,29.97,1314,2,traffic_signs,0.8307530879974365,1482.3712158203125,663.56640625,1533.962158203125,707.8366088867188,1508.1666870117188,685.7015075683594,51.5909423828125,44.27020263671875
IMG_0029.mp4,6432,214.61461461461462,29.97,1318,2,traffic_signs,0.8642425537109375,1409.3663330078125,643.08544921875,1445.9073486328125,681.042724609375,1427.6368408203125,662.0640869140625,36.541015625,37.957275390625
IMG_0029.mp4,6432,214.61461461461462,29.97,1326,1,traffic_lights,0.8638848662376404,1131.1370849609375,489.55718994140625,1156.8385009765625,540.3050537109375,1143.98779296875,514.9311218261719,25.701416015625,50.74786376953125
IMG_0029.mp4,6432,214.61461461461462,29.97,1330,2,traffic_signs,0.9522742033004761,716.1953125,381.3209228515625,860.9149169921875,526.5978393554688,788.5551147460938,453.9593811035156,144.7196044921875,145.27691650390625
IMG_0029.mp4,6432,214.61461461461462,29.97,1347,2,traffic_signs,0.6640616059303284,960.4898071289062,673.9906005859375,1009.5533447265625,738.866943359375,985.0215759277344,706.4287719726562,49.06353759765625,64.8763427734375
IMG_0029.mp4,6432,214.61461461461462,29.97,1344,1,traffic_lights,0.8033484816551208,1015.812744140625,677.9600830078125,1030.9290771484375,723.146484375,1023.3709106445312,700.5532836914062,15.1163330078125,45.1864013671875
IMG_0029.mp4,6432,214.61461461461462,29.97,1325,1,traffic_lights,0.857433557510376,1413.7115478515625,678.0980224609375,1457.774658203125,733.21923828125,1435.7431030273438,705.6586303710938,44.0631103515625,55.1212158203125
IMG_0029.mp4,6433,214.64798131464798,29.97,1314,2,traffic_signs,0.8404069542884827,1483.07373046875,663.4293212890625,1535.2646484375,707.7686157226562,1509.169189453125,685.5989685058594,52.19091796875,44.33929443359375
IMG_0029.mp4,6433,214.64798131464798,29.97,1318,2,traffic_signs,0.8686922788619995,1410.240966796875,643.1005249023438,1446.6597900390625,680.9838256835938,1428.4503784179688,662.0421752929688,36.4188232421875,37.88330078125
IMG_0029.mp4,6433,214.64798131464798,29.97,1326,1,traffic_lights,0.7904162406921387,1131.5849609375,489.39239501953125,1157.196044921875,540.07275390625,1144.3905029296875,514.7325744628906,25.611083984375,50.68035888671875
IMG_0029.mp4,6433,214.64798131464798,29.97,1330,2,traffic_signs,0.9504457116127014,715.0801391601562,380.127197265625,860.4478759765625,525.6987915039062,787.7640075683594,452.9129943847656,145.36773681640625,145.57159423828125
IMG_0029.mp4,6433,214.64798131464798,29.97,1347,2,traffic_signs,0.6799852252006531,960.7914428710938,673.7640380859375,1009.7408447265625,738.7284545898438,985.2661437988281,706.2462463378906,48.94940185546875,64.96441650390625
IMG_0029.mp4,6433,214.64798131464798,29.97,1344,1,traffic_lights,0.803388237953186,1016.0193481445312,677.7041625976562,1031.2723388671875,722.988525390625,1023.6458435058594,700.3463439941406,15.25299072265625,45.28436279296875
IMG_0029.mp4,6433,214.64798131464798,29.97,1325,1,traffic_lights,0.8649619817733765,1414.2379150390625,678.3980102539062,1458.7015380859375,733.3173828125,1436.4697265625,705.8576965332031,44.463623046875,54.91937255859375
IMG_0029.mp4,6434,214.68134801468136,29.97,1314,2,traffic_signs,0.8507629632949829,1484.4156494140625,663.3895263671875,1536.2908935546875,708.0195922851562,1510.353271484375,685.7045593261719,51.875244140625,44.63006591796875
IMG_0029.mp4,6434,214.68134801468136,29.97,1318,2,traffic_signs,0.8675535917282104,1411.043212890625,643.021484375,1447.1627197265625,681.0098876953125,1429.1029663085938,662.0156860351562,36.1195068359375,37.9884033203125
IMG_0029.mp4,6434,214.68134801468136,29.97,1326,1,traffic_lights,0.7724555730819702,1132.0062255859375,489.3409423828125,1157.54736328125,539.9246215820312,1144.7767944335938,514.6327819824219,25.5411376953125,50.58367919921875
IMG_0029.mp4,6434,214.68134801468136,29.97,1330,2,traffic_signs,0.9491708874702454,714.0740356445312,379.1659240722656,859.92041015625,524.739990234375,786.9972229003906,451.9529571533203,145.84637451171875,145.57406616210938
IMG_0029.mp4,6434,214.68134801468136,29.97,1347,2,traffic_signs,0.6948745846748352,960.996337890625,673.5719604492188,1009.92041015625,738.6498413085938,985.4583740234375,706.1109008789062,48.924072265625,65.077880859375
IMG_0029.mp4,6434,214.68134801468136,29.97,1344,1,traffic_lights,0.8016239404678345,1016.319091796875,677.639892578125,1031.56494140625,722.9463500976562,1023.9420166015625,700.2931213378906,15.245849609375,45.30645751953125
IMG_0029.mp4,6434,214.68134801468136,29.97,1325,1,traffic_lights,0.8486793637275696,1415.247802734375,678.685791015625,1459.687744140625,733.1524658203125,1437.4677734375,705.9191284179688,44.43994140625,54.4666748046875
IMG_0029.mp4,6435,214.71471471471472,29.97,1314,2,traffic_signs,0.8635174036026001,1485.7679443359375,663.655517578125,1537.0728759765625,708.0507202148438,1511.42041015625,685.8531188964844,51.304931640625,44.39520263671875
IMG_0029.mp4,6435,214.71471471471472,29.97,1318,2,traffic_signs,0.5622687339782715,1411.173095703125,642.5629272460938,1447.8447265625,681.7951049804688,1429.5089111328125,662.1790161132812,36.671630859375,39.232177734375
IMG_0029.mp4,6435,214.71471471471472,29.97,1326,1,traffic_lights,0.5819815993309021,1132.7451171875,489.04351806640625,1157.6708984375,540.27783203125,1145.2080078125,514.6606750488281,24.92578125,51.23431396484375
IMG_0029.mp4,6435,214.71471471471472,29.97,1330,2,traffic_signs,0.9499697089195251,712.9299926757812,377.81719970703125,859.3726196289062,523.7567749023438,786.1513061523438,450.7869873046875,146.442626953125,145.9395751953125
IMG_0029.mp4,6435,214.71471471471472,29.97,1347,2,traffic_signs,0.6998114585876465,961.022705078125,673.2578125,1010.016845703125,738.5236206054688,985.519775390625,705.8907165527344,48.994140625,65.26580810546875
IMG_0029.mp4,6435,214.71471471471472,29.97,1344,1,traffic_lights,0.8071698546409607,1016.6192626953125,677.6312866210938,1031.837646484375,722.7880859375,1024.2284545898438,700.2096862792969,15.2183837890625,45.15679931640625
IMG_0029.mp4,6435,214.71471471471472,29.97,1325,1,traffic_lights,0.8459541201591492,1416.5360107421875,678.712158203125,1460.4671630859375,733.1046142578125,1438.5015869140625,705.9083862304688,43.93115234375,54.3924560546875
IMG_0029.mp4,6436,214.7480814147481,29.97,1314,2,traffic_signs,0.7081373333930969,1487.08251953125,663.8857421875,1537.3203125,707.924560546875,1512.201416015625,685.9051513671875,50.23779296875,44.038818359375
IMG_0029.mp4,6436,214.7480814147481,29.97,1318,2,traffic_signs,0.8364668488502502,1411.6187744140625,642.3967895507812,1448.648193359375,682.4391479492188,1430.1334838867188,662.41796875,37.0294189453125,40.0423583984375
IMG_0029.mp4,6436,214.7480814147481,29.97,1326,1,traffic_lights,0.6888007521629333,1133.14111328125,489.04888916015625,1157.906982421875,540.3244018554688,1145.5240478515625,514.6866455078125,24.765869140625,51.2755126953125
IMG_0029.mp4,6436,214.7480814147481,29.97,1330,2,traffic_signs,0.9535743594169617,711.4990844726562,376.11480712890625,858.419921875,523.0076293945312,784.9595031738281,449.56121826171875,146.92083740234375,146.892822265625
IMG_0029.mp4,6436,214.7480814147481,29.97,1347,2,traffic_signs,0.7012090086936951,961.3115234375,672.9446411132812,1010.1978759765625,738.4913940429688,985.7546997070312,705.718017578125,48.8863525390625,65.5467529296875
IMG_0029.mp4,6436,214.7480814147481,29.97,1344,1,traffic_lights,0.8101317286491394,1017.0701293945312,677.6182861328125,1032.1883544921875,722.7706298828125,1024.6292419433594,700.1944580078125,15.11822509765625,45.15234375
IMG_0029.mp4,6436,214.7480814147481,29.97,1325,1,traffic_lights,0.8281008005142212,1417.924072265625,679.1322021484375,1461.0765380859375,733.1873168945312,1439.5003051757812,706.1597595214844,43.1524658203125,54.05511474609375
IMG_0029.mp4,6437,214.78144811478145,29.97,1314,2,traffic_signs,0.800259530544281,1486.273681640625,663.1635131835938,1537.703857421875,707.936767578125,1511.98876953125,685.5501403808594,51.43017578125,44.77325439453125
IMG_0029.mp4,6437,214.78144811478145,29.97,1318,2,traffic_signs,0.8485721945762634,1412.299560546875,642.2864990234375,1449.262939453125,682.6151733398438,1430.78125,662.4508361816406,36.96337890625,40.32867431640625
IMG_0029.mp4,6437,214.78144811478145,29.97,1326,1,traffic_lights,0.4627542495727539,1133.387451171875,488.90472412109375,1158.3251953125,540.2852172851562,1145.8563232421875,514.594970703125,24.937744140625,51.3804931640625
IMG_0029.mp4,6437,214.78144811478145,29.97,1330,2,traffic_signs,0.9593904614448547,709.9044189453125,374.59527587890625,857.2579956054688,521.783935546875,783.5812072753906,448.1896057128906,147.35357666015625,147.18865966796875
IMG_0029.mp4,6437,214.78144811478145,29.97,1347,2,traffic_signs,0.7015154361724854,961.746337890625,672.6322631835938,1010.3262939453125,738.4655151367188,986.0363159179688,705.5488891601562,48.5799560546875,65.833251953125
IMG_0029.mp4,6437,214.78144811478145,29.97,1344,1,traffic_lights,0.8204232454299927,1017.337646484375,677.5352783203125,1032.4754638671875,722.7608032226562,1024.9065551757812,700.1480407714844,15.1378173828125,45.22552490234375
IMG_0029.mp4,6437,214.78144811478145,29.97,1325,1,traffic_lights,0.7226044535636902,1418.858642578125,679.52783203125,1461.8948974609375,733.3782348632812,1440.3767700195312,706.4530334472656,43.0362548828125,53.85040283203125
IMG_0029.mp4,6438,214.8148148148148,29.97,1314,2,traffic_signs,0.7298963069915771,1486.4459228515625,662.7377319335938,1537.97900390625,707.7027587890625,1512.2124633789062,685.2202453613281,51.5330810546875,44.96502685546875
IMG_0029.mp4,6438,214.8148148148148,29.97,1318,2,traffic_signs,0.8385100364685059,1412.73583984375,642.3024291992188,1449.934814453125,682.2128295898438,1431.3353271484375,662.2576293945312,37.198974609375,39.910400390625
IMG_0029.mp4,6438,214.8148148148148,29.97,1326,1,traffic_lights,0.6875818371772766,1133.996826171875,488.70416259765625,1158.64990234375,540.1013793945312,1146.3233642578125,514.4027709960938,24.653076171875,51.397216796875
IMG_0029.mp4,6438,214.8148148148148,29.97,1330,2,traffic_signs,0.9651130437850952,708.6197509765625,373.190185546875,856.3762817382812,520.5738525390625,782.4980163574219,446.88201904296875,147.75653076171875,147.3836669921875
IMG_0029.mp4,6438,214.8148148148148,29.97,1347,2,traffic_signs,0.7102755904197693,962.3348999023438,672.422607421875,1010.4971923828125,738.4320678710938,986.4160461425781,705.4273376464844,48.16229248046875,66.00946044921875
IMG_0029.mp4,6438,214.8148148148148,29.97,1344,1,traffic_lights,0.8257604241371155,1017.5563354492188,677.4093627929688,1032.7628173828125,722.7328491210938,1025.1595764160156,700.0711059570312,15.20648193359375,45.323486328125
IMG_0029.mp4,6438,214.8148148148148,29.97,1325,1,traffic_lights,0.7651925086975098,1419.1881103515625,678.0797729492188,1463.026611328125,732.8539428710938,1441.1073608398438,705.4668579101562,43.8385009765625,54.774169921875
IMG_0029.mp4,6439,214.8481815148482,29.97,1314,2,traffic_signs,0.746978223323822,1486.4925537109375,662.5518798828125,1538.404052734375,707.2765502929688,1512.4483032226562,684.9142150878906,51.9114990234375,44.72467041015625
IMG_0029.mp4,6439,214.8481815148482,29.97,1318,2,traffic_signs,0.8473286032676697,1413.1099853515625,642.2640380859375,1450.47998046875,682.0068359375,1431.7949829101562,662.1354370117188,37.3699951171875,39.7427978515625
IMG_0029.mp4,6439,214.8481815148482,29.97,1326,1,traffic_lights,0.7468599677085876,1134.3984375,488.5505676269531,1158.91845703125,539.8665771484375,1146.658447265625,514.2085723876953,24.52001953125,51.316009521484375
IMG_0029.mp4,6439,214.8481815148482,29.97,1330,2,traffic_signs,0.9601033329963684,707.2178955078125,372.0665588378906,855.6597290039062,519.6090087890625,781.4388122558594,445.83778381347656,148.44183349609375,147.54244995117188
IMG_0029.mp4,6439,214.8481815148482,29.97,1347,2,traffic_signs,0.7052870988845825,962.7838745117188,672.263427734375,1010.7669067382812,738.3346557617188,986.775390625,705.2990417480469,47.9830322265625,66.07122802734375
IMG_0029.mp4,6439,214.8481815148482,29.97,1344,1,traffic_lights,0.3219965100288391,1017.7709350585938,677.095458984375,1033.148193359375,722.5244750976562,1025.4595642089844,699.8099670410156,15.37725830078125,45.42901611328125
IMG_0029.mp4,6439,214.8481815148482,29.97,1325,1,traffic_lights,0.7974663972854614,1418.90380859375,676.9412841796875,1463.9351806640625,732.7596435546875,1441.4194946289062,704.8504638671875,45.0313720703125,55.818359375
IMG_0029.mp4,6440,214.88154821488155,29.97,1314,2,traffic_signs,0.746671199798584,1487.1656494140625,662.346435546875,1539.2489013671875,707.0302734375,1513.207275390625,684.6883544921875,52.083251953125,44.683837890625
IMG_0029.mp4,6440,214.88154821488155,29.97,1318,2,traffic_signs,0.8531014323234558,1413.767578125,642.2072143554688,1451.233642578125,681.9281616210938,1432.5006103515625,662.0676879882812,37.466064453125,39.720947265625
IMG_0029.mp4,6440,214.88154821488155,29.97,1326,1,traffic_lights,0.5657559037208557,1134.7786865234375,488.42138671875,1159.2738037109375,539.6201782226562,1147.0262451171875,514.0207824707031,24.4951171875,51.19879150390625
IMG_0029.mp4,6440,214.88154821488155,29.97,1347,2,traffic_signs,0.7134861946105957,963.1502685546875,672.0685424804688,1011.16748046875,738.265380859375,987.1588745117188,705.1669616699219,48.0172119140625,66.19683837890625
IMG_0029.mp4,6440,214.88154821488155,29.97,1344,1,traffic_lights,0.6716960668563843,1017.794921875,677.0587158203125,1033.3953857421875,722.7554931640625,1025.5951538085938,699.9071044921875,15.6004638671875,45.69677734375
IMG_0029.mp4,6440,214.88154821488155,29.97,1325,1,traffic_lights,0.8357785940170288,1419.1180419921875,675.9954833984375,1465.279296875,732.6546630859375,1442.1986694335938,704.3250732421875,46.1612548828125,56.6591796875
IMG_0029.mp4,6441,214.91491491491493,29.97,1314,2,traffic_signs,0.7389925718307495,1488.254638671875,662.33447265625,1540.003662109375,707.0199584960938,1514.129150390625,684.6772155761719,51.7490234375,44.68548583984375
IMG_0029.mp4,6441,214.91491491491493,29.97,1318,2,traffic_signs,0.8391889333724976,1414.3724365234375,641.9894409179688,1451.9600830078125,681.2462158203125,1433.166259765625,661.6178283691406,37.587646484375,39.25677490234375
IMG_0029.mp4,6441,214.91491491491493,29.97,1326,1,traffic_lights,0.5324550867080688,1135.3970947265625,488.358154296875,1159.546630859375,539.3717041015625,1147.4718627929688,513.8649291992188,24.1495361328125,51.0135498046875
IMG_0029.mp4,6441,214.91491491491493,29.97,1347,2,traffic_signs,0.706548273563385,963.49365234375,672.0048217773438,1011.1771850585938,738.0792236328125,987.3354187011719,705.0420227050781,47.68353271484375,66.07440185546875
IMG_0029.mp4,6441,214.91491491491493,29.97,1344,1,traffic_lights,0.769987165927887,1017.759521484375,677.0948486328125,1033.4210205078125,722.5647583007812,1025.5902709960938,699.8298034667969,15.6614990234375,45.46990966796875
IMG_0029.mp4,6441,214.91491491491493,29.97,1325,1,traffic_lights,0.8384149074554443,1420.2325439453125,675.6061401367188,1466.438232421875,732.614013671875,1443.3353881835938,704.1100769042969,46.2056884765625,57.00787353515625
IMG_0029.mp4,6441,214.91491491491493,29.97,1330,2,traffic_signs,0.7412787675857544,706.2545166015625,369.11016845703125,854.7564697265625,517.7024536132812,780.5054931640625,443.40631103515625,148.501953125,148.59228515625
IMG_0029.mp4,6442,214.94828161494829,29.97,1314,2,traffic_signs,0.721499502658844,1489.2708740234375,662.3634033203125,1540.804931640625,707.005126953125,1515.0379028320312,684.6842651367188,51.5340576171875,44.6417236328125
IMG_0029.mp4,6442,214.94828161494829,29.97,1318,2,traffic_signs,0.8172154426574707,1414.7666015625,641.7261352539062,1452.5330810546875,681.6552734375,1433.6498413085938,661.6907043457031,37.7664794921875,39.92913818359375
IMG_0029.mp4,6442,214.94828161494829,29.97,1326,1,traffic_lights,0.7950701117515564,1135.679931640625,488.18695068359375,1159.843505859375,539.2448120117188,1147.76171875,513.7158813476562,24.16357421875,51.057861328125
IMG_0029.mp4,6442,214.94828161494829,29.97,1347,2,traffic_signs,0.7143157720565796,963.930419921875,672.0376586914062,1011.365966796875,738.016357421875,987.648193359375,705.0270080566406,47.435546875,65.97869873046875
IMG_0029.mp4,6442,214.94828161494829,29.97,1344,1,traffic_lights,0.8183798789978027,1017.8811645507812,676.9708251953125,1033.824462890625,722.55712890625,1025.8528137207031,699.7639770507812,15.94329833984375,45.5863037109375
IMG_0029.mp4,6442,214.94828161494829,29.97,1325,1,traffic_lights,0.8384588360786438,1420.9940185546875,675.120361328125,1466.9744873046875,732.5410766601562,1443.9842529296875,703.8307189941406,45.98046875,57.42071533203125
IMG_0029.mp4,6442,214.94828161494829,29.97,1330,2,traffic_signs,0.9114725589752197,705.2819213867188,367.7898864746094,853.8702392578125,516.6737670898438,779.5760803222656,442.23182678222656,148.58831787109375,148.88388061523438
IMG_0029.mp4,6443,214.98164831498167,29.97,1314,2,traffic_signs,0.727713406085968,1490.1856689453125,662.2302856445312,1541.939697265625,706.9085083007812,1516.0626831054688,684.5693969726562,51.7540283203125,44.67822265625
IMG_0029.mp4,6443,214.98164831498167,29.97,1318,2,traffic_signs,0.9318621158599854,1415.0506591796875,641.4837036132812,1453.116455078125,681.6223754882812,1434.0835571289062,661.5530395507812,38.0657958984375,40.138671875
IMG_0029.mp4,6443,214.98164831498167,29.97,1326,1,traffic_lights,0.8454297780990601,1135.8201904296875,488.08306884765625,1160.024169921875,538.9993286132812,1147.9221801757812,513.5411987304688,24.2039794921875,50.916259765625
IMG_0029.mp4,6443,214.98164831498167,29.97,1347,2,traffic_signs,0.6896464228630066,964.2080078125,671.8612060546875,1011.4747314453125,737.9506225585938,987.8413696289062,704.9059143066406,47.2667236328125,66.08941650390625
IMG_0029.mp4,6443,214.98164831498167,29.97,1344,1,traffic_lights,0.8001645803451538,1018.087158203125,676.8739013671875,1034.1046142578125,722.5305786132812,1026.0958862304688,699.7022399902344,16.0174560546875,45.65667724609375
IMG_0029.mp4,6443,214.98164831498167,29.97,1325,1,traffic_lights,0.846675455570221,1422.2860107421875,674.5741577148438,1467.3740234375,732.4148559570312,1444.8300170898438,703.4945068359375,45.0880126953125,57.8406982421875
IMG_0029.mp4,6443,214.98164831498167,29.97,1330,2,traffic_signs,0.9181404113769531,704.1344604492188,366.5868225097656,853.2592163085938,515.9113159179688,778.6968383789062,441.2490692138672,149.124755859375,149.32449340820312
IMG_0029.mp4,6444,215.01501501501502,29.97,1314,2,traffic_signs,0.7645164728164673,1491.0943603515625,662.12744140625,1542.9481201171875,706.8907470703125,1517.021240234375,684.5090942382812,51.853759765625,44.7633056640625
IMG_0029.mp4,6444,215.01501501501502,29.97,1318,2,traffic_signs,0.9286835193634033,1415.429443359375,641.45263671875,1453.5760498046875,681.6256713867188,1434.5027465820312,661.5391540527344,38.1466064453125,40.17303466796875
IMG_0029.mp4,6444,215.01501501501502,29.97,1326,1,traffic_lights,0.8790443539619446,1136.109130859375,488.1307678222656,1160.2244873046875,538.7697143554688,1148.1668090820312,513.4502410888672,24.1153564453125,50.638946533203125
IMG_0029.mp4,6444,215.01501501501502,29.97,1347,2,traffic_signs,0.6916984915733337,964.5017700195312,671.7510375976562,1011.4588623046875,737.9057006835938,987.9803161621094,704.828369140625,46.95709228515625,66.1546630859375
IMG_0029.mp4,6444,215.01501501501502,29.97,1344,1,traffic_lights,0.5907450914382935,1018.22998046875,677.0814208984375,1034.2481689453125,722.4478149414062,1026.2390747070312,699.7646179199219,16.0181884765625,45.36639404296875
IMG_0029.mp4,6444,215.01501501501502,29.97,1325,1,traffic_lights,0.8277711272239685,1423.2469482421875,674.8339233398438,1467.7032470703125,732.296875,1445.47509765625,703.5653991699219,44.456298828125,57.46295166015625
IMG_0029.mp4,6444,215.01501501501502,29.97,1330,2,traffic_signs,0.9260040521621704,703.1563720703125,365.2580871582031,852.6593627929688,515.1280517578125,777.9078674316406,440.1930694580078,149.50299072265625,149.86996459960938
IMG_0029.mp4,6445,215.04838171504838,29.97,1314,2,traffic_signs,0.7364035844802856,1492.2060546875,661.8013305664062,1543.993408203125,706.9697875976562,1518.0997314453125,684.3855590820312,51.787353515625,45.16845703125
IMG_0029.mp4,6445,215.04838171504838,29.97,1318,2,traffic_signs,0.9330009818077087,1415.9437255859375,641.4221801757812,1454.2890625,681.5453491210938,1435.1163940429688,661.4837646484375,38.3453369140625,40.1231689453125
IMG_0029.mp4,6445,215.04838171504838,29.97,1326,1,traffic_lights,0.8639940619468689,1136.316162109375,487.7364196777344,1160.532470703125,538.538818359375,1148.42431640625,513.1376190185547,24.21630859375,50.802398681640625
IMG_0029.mp4,6445,215.04838171504838,29.97,1347,2,traffic_signs,0.6405847072601318,964.4924926757812,671.6567993164062,1011.6314086914062,737.8710327148438,988.0619506835938,704.763916015625,47.138916015625,66.2142333984375
IMG_0029.mp4,6445,215.04838171504838,29.97,1344,1,traffic_lights,0.8110262751579285,1018.45654296875,676.8504638671875,1034.4632568359375,722.403564453125,1026.4598999023438,699.6270141601562,16.0067138671875,45.5531005859375
IMG_0029.mp4,6445,215.04838171504838,29.97,1325,1,traffic_lights,0.8455719351768494,1423.8392333984375,675.3285522460938,1468.001953125,732.481201171875,1445.9205932617188,703.9048767089844,44.1627197265625,57.15264892578125
IMG_0029.mp4,6445,215.04838171504838,29.97,1330,2,traffic_signs,0.9272642135620117,702.2006225585938,363.58740234375,852.1536254882812,514.4366455078125,777.1771240234375,439.01202392578125,149.9530029296875,150.8492431640625
IMG_0029.mp4,6446,215.08174841508176,29.97,1314,2,traffic_signs,0.7597982883453369,1492.7000732421875,661.5123901367188,1544.79150390625,707.0656127929688,1518.7457885742188,684.2890014648438,52.0914306640625,45.55322265625
IMG_0029.mp4,6446,215.08174841508176,29.97,1318,2,traffic_signs,0.9248062968254089,1416.6478271484375,641.3549194335938,1454.9200439453125,681.4320678710938,1435.783935546875,661.3934936523438,38.272216796875,40.0771484375
IMG_0029.mp4,6446,215.08174841508176,29.97,1326,1,traffic_lights,0.8591678142547607,1136.5550537109375,487.5047912597656,1160.85595703125,538.3231811523438,1148.7055053710938,512.9139862060547,24.3009033203125,50.818389892578125
IMG_0029.mp4,6446,215.08174841508176,29.97,1347,2,traffic_signs,0.6740169525146484,964.7769165039062,671.5297241210938,1011.683349609375,737.92431640625,988.2301330566406,704.7270202636719,46.90643310546875,66.39459228515625
IMG_0029.mp4,6446,215.08174841508176,29.97,1344,1,traffic_lights,0.8120046257972717,1018.6810302734375,676.7470092773438,1034.678466796875,722.5028076171875,1026.6797485351562,699.6249084472656,15.9974365234375,45.75579833984375
IMG_0029.mp4,6446,215.08174841508176,29.97,1325,1,traffic_lights,0.8491024971008301,1424.31494140625,675.6738891601562,1468.079833984375,732.6010131835938,1446.1973876953125,704.137451171875,43.764892578125,56.9271240234375
IMG_0029.mp4,6446,215.08174841508176,29.97,1330,2,traffic_signs,0.5152785778045654,701.5045776367188,362.29071044921875,851.2310180664062,513.827880859375,776.3677978515625,438.0592956542969,149.7264404296875,151.53717041015625
IMG_0029.mp4,6447,215.11511511511512,29.97,1314,2,traffic_signs,0.7496073842048645,1493.18603515625,661.4479370117188,1545.5689697265625,707.1715698242188,1519.3775024414062,684.3097534179688,52.3829345703125,45.7236328125
IMG_0029.mp4,6447,215.11511511511512,29.97,1318,2,traffic_signs,0.9198125600814819,1417.2730712890625,641.3450927734375,1455.2083740234375,680.93505859375,1436.24072265625,661.1400756835938,37.935302734375,39.5899658203125
IMG_0029.mp4,6447,215.11511511511512,29.97,1326,1,traffic_lights,0.8533698916435242,1136.7860107421875,487.4114990234375,1161.1636962890625,538.0621337890625,1148.974853515625,512.73681640625,24.377685546875,50.650634765625
IMG_0029.mp4,6447,215.11511511511512,29.97,1347,2,traffic_signs,0.6632967591285706,964.9393920898438,671.4360961914062,1011.5523681640625,737.9529418945312,988.2458801269531,704.6945190429688,46.61297607421875,66.516845703125
IMG_0029.mp4,6447,215.11511511511512,29.97,1344,1,traffic_lights,0.6708366274833679,1018.7791137695312,676.9299926757812,1034.8037109375,722.4561767578125,1026.7914123535156,699.6930847167969,16.02459716796875,45.52618408203125
IMG_0029.mp4,6447,215.11511511511512,29.97,1325,1,traffic_lights,0.8618468642234802,1424.570556640625,675.6873168945312,1468.4521484375,732.636474609375,1446.5113525390625,704.1618957519531,43.881591796875,56.94915771484375
IMG_0029.mp4,6447,215.11511511511512,29.97,1330,2,traffic_signs,0.9579776525497437,701.060302734375,360.8055419921875,850.2984008789062,513.08349609375,775.6793518066406,436.94451904296875,149.23809814453125,152.2779541015625
IMG_0029.mp4,6448,215.1484818151485,29.97,1314,2,traffic_signs,0.7104976773262024,1493.6331787109375,661.493896484375,1546.2890625,707.1351318359375,1519.9611206054688,684.3145141601562,52.6558837890625,45.6412353515625
IMG_0029.mp4,6448,215.1484818151485,29.97,1318,2,traffic_signs,0.9150479435920715,1417.8502197265625,641.2504272460938,1455.3837890625,681.01806640625,1436.6170043945312,661.1342468261719,37.5335693359375,39.76763916015625
IMG_0029.mp4,6448,215.1484818151485,29.97,1326,1,traffic_lights,0.8562532067298889,1136.91796875,487.15045166015625,1161.3961181640625,537.9035034179688,1149.1570434570312,512.5269775390625,24.4781494140625,50.7530517578125
IMG_0029.mp4,6448,215.1484818151485,29.97,1347,2,traffic_signs,0.6712942123413086,965.1617431640625,671.4674682617188,1011.5281372070312,737.9566040039062,988.3449401855469,704.7120361328125,46.36639404296875,66.4891357421875
IMG_0029.mp4,6448,215.1484818151485,29.97,1344,1,traffic_lights,0.7999182343482971,1018.8851928710938,676.8055419921875,1034.963623046875,722.5676879882812,1026.9244079589844,699.6866149902344,16.07843017578125,45.76214599609375
IMG_0029.mp4,6448,215.1484818151485,29.97,1325,1,traffic_lights,0.8615346550941467,1424.8089599609375,675.8211059570312,1468.802001953125,732.734130859375,1446.8054809570312,704.2776184082031,43.9930419921875,56.91302490234375
IMG_0029.mp4,6448,215.1484818151485,29.97,1330,2,traffic_signs,0.954054057598114,700.3574829101562,359.65362548828125,849.4981689453125,512.535888671875,774.9278259277344,436.0947570800781,149.14068603515625,152.88226318359375
IMG_0029.mp4,6449,215.18184851518185,29.97,1314,2,traffic_signs,0.7442982196807861,1494.09033203125,661.6329956054688,1546.7115478515625,707.0940551757812,1520.4009399414062,684.363525390625,52.6212158203125,45.4610595703125
IMG_0029.mp4,6449,215.18184851518185,29.97,1318,2,traffic_signs,0.9144107699394226,1418.469482421875,641.1354370117188,1455.783203125,681.1318969726562,1437.1263427734375,661.1336669921875,37.313720703125,39.9964599609375
IMG_0029.mp4,6449,215.18184851518185,29.97,1326,1,traffic_lights,0.8564189076423645,1137.172607421875,486.8486328125,1161.681640625,537.7478637695312,1149.4271240234375,512.2982482910156,24.509033203125,50.89923095703125
IMG_0029.mp4,6449,215.18184851518185,29.97,1347,2,traffic_signs,0.6751440763473511,965.2821655273438,671.5886840820312,1011.5111694335938,737.9742431640625,988.3966674804688,704.7814636230469,46.22900390625,66.38555908203125
IMG_0029.mp4,6449,215.18184851518185,29.97,1344,1,traffic_lights,0.7638550400733948,1019.017822265625,676.7818603515625,1035.140625,722.7034301757812,1027.0792236328125,699.7426452636719,16.122802734375,45.92156982421875
IMG_0029.mp4,6449,215.18184851518185,29.97,1325,1,traffic_lights,0.8630551695823669,1425.064697265625,676.1415405273438,1469.2802734375,732.9561767578125,1447.1724853515625,704.5488586425781,44.215576171875,56.81463623046875
IMG_0029.mp4,6449,215.18184851518185,29.97,1330,2,traffic_signs,0.9525296092033386,699.3565673828125,358.78448486328125,848.9000854492188,511.87103271484375,774.1283264160156,435.3277587890625,149.54351806640625,153.0865478515625
IMG_0029.mp4,6450,215.2152152152152,29.97,1314,2,traffic_signs,0.7430159449577332,1494.420654296875,661.463623046875,1547.310791015625,706.990478515625,1520.86572265625,684.22705078125,52.89013671875,45.52685546875
IMG_0029.mp4,6450,215.2152152152152,29.97,1318,2,traffic_signs,0.916526198387146,1418.6527099609375,641.0817260742188,1456.22412109375,681.0950927734375,1437.4384155273438,661.0884094238281,37.5714111328125,40.01336669921875
IMG_0029.mp4,6450,215.2152152152152,29.97,1326,1,traffic_lights,0.8548350930213928,1137.4873046875,486.8500061035156,1161.838623046875,537.559326171875,1149.6629638671875,512.2046661376953,24.351318359375,50.709320068359375
IMG_0029.mp4,6450,215.2152152152152,29.97,1347,2,traffic_signs,0.6802014112472534,965.4942016601562,671.578369140625,1011.5001831054688,737.9424438476562,988.4971923828125,704.7604064941406,46.0059814453125,66.36407470703125
IMG_0029.mp4,6450,215.2152152152152,29.97,1344,1,traffic_lights,0.4225039482116699,1019.2273559570312,676.6239013671875,1035.3267822265625,722.6373291015625,1027.2770690917969,699.630615234375,16.09942626953125,46.013427734375
IMG_0029.mp4,6450,215.2152152152152,29.97,1325,1,traffic_lights,0.8554074764251709,1425.1109619140625,676.17529296875,1469.7010498046875,733.106201171875,1447.406005859375,704.6407470703125,44.590087890625,56.930908203125
IMG_0029.mp4,6450,215.2152152152152,29.97,1330,2,traffic_signs,0.9537492394447327,698.4196166992188,357.9934997558594,848.20556640625,510.91546630859375,773.3125915527344,434.45448303222656,149.78594970703125,152.92196655273438
IMG_0029.mp4,6451,215.2485819152486,29.97,1314,2,traffic_signs,0.742017388343811,1494.7728271484375,661.4594116210938,1547.750732421875,706.7893676757812,1521.2617797851562,684.1243896484375,52.9779052734375,45.3299560546875
IMG_0029.mp4,6451,215.2485819152486,29.97,1318,2,traffic_signs,0.9165236353874207,1419.1185302734375,640.8994750976562,1456.5897216796875,681.1543579101562,1437.8541259765625,661.0269165039062,37.47119140625,40.2548828125
IMG_0029.mp4,6451,215.2485819152486,29.97,1326,1,traffic_lights,0.8586905598640442,1137.60302734375,486.6024169921875,1162.0477294921875,537.5861206054688,1149.8253784179688,512.0942687988281,24.4447021484375,50.98370361328125
IMG_0029.mp4,6451,215.2485819152486,29.97,1347,2,traffic_signs,0.6737241148948669,965.5613403320312,671.6515502929688,1011.5237426757812,737.9280395507812,988.5425415039062,704.789794921875,45.96240234375,66.2764892578125
IMG_0029.mp4,6451,215.2485819152486,29.97,1344,1,traffic_lights,0.6972041726112366,1019.3606567382812,676.646484375,1035.4620361328125,722.7785034179688,1027.4113464355469,699.7124938964844,16.10137939453125,46.13201904296875
IMG_0029.mp4,6451,215.2485819152486,29.97,1325,1,traffic_lights,0.8590923547744751,1425.38818359375,676.2015380859375,1470.2559814453125,733.1749267578125,1447.8220825195312,704.688232421875,44.8677978515625,56.973388671875
IMG_0029.mp4,6451,215.2485819152486,29.97,1330,2,traffic_signs,0.9537190794944763,697.6073608398438,357.2745361328125,847.6107177734375,510.2352600097656,772.6090393066406,433.75489807128906,150.00335693359375,152.96072387695312
IMG_0029.mp4,6452,215.28194861528195,29.97,1314,2,traffic_signs,0.7203607559204102,1495.3365478515625,661.328369140625,1547.9560546875,706.7899169921875,1521.6463012695312,684.0591430664062,52.6195068359375,45.4615478515625
IMG_0029.mp4,6452,215.28194861528195,29.97,1318,2,traffic_signs,0.9125270247459412,1419.4786376953125,640.7642211914062,1457.1614990234375,681.064208984375,1438.320068359375,660.9142150878906,37.682861328125,40.29998779296875
IMG_0029.mp4,6452,215.28194861528195,29.97,1326,1,traffic_lights,0.8619464635848999,1137.663330078125,486.39312744140625,1162.2335205078125,537.3720703125,1149.9484252929688,511.8825988769531,24.5701904296875,50.97894287109375
IMG_0029.mp4,6452,215.28194861528195,29.97,1347,2,traffic_signs,0.6767805218696594,965.6468505859375,671.6234130859375,1011.6036376953125,737.9474487304688,988.625244140625,704.7854309082031,45.956787109375,66.32403564453125
IMG_0029.mp4,6452,215.28194861528195,29.97,1344,1,traffic_lights,0.7098522782325745,1019.3836669921875,676.6423950195312,1035.5277099609375,722.82568359375,1027.4556884765625,699.7340393066406,16.14404296875,46.18328857421875
IMG_0029.mp4,6452,215.28194861528195,29.97,1325,1,traffic_lights,0.8565012812614441,1425.427001953125,676.174072265625,1470.693115234375,733.2835693359375,1448.06005859375,704.7288208007812,45.26611328125,57.1094970703125
IMG_0029.mp4,6452,215.28194861528195,29.97,1330,2,traffic_signs,0.9529155492782593,696.552734375,356.6097717285156,847.1076049804688,509.4858703613281,771.8301696777344,433.0478210449219,150.55487060546875,152.8760986328125
IMG_0029.mp4,6453,215.31531531531533,29.97,1314,2,traffic_signs,0.6031463742256165,1495.686279296875,661.27783203125,1548.227783203125,706.8723754882812,1521.95703125,684.0751037597656,52.54150390625,45.59454345703125
IMG_0029.mp4,6453,215.31531531531533,29.97,1318,2,traffic_signs,0.9119106531143188,1419.8157958984375,640.8558349609375,1457.4918212890625,680.6900634765625,1438.65380859375,660.77294921875,37.676025390625,39.834228515625
IMG_0029.mp4,6453,215.31531531531533,29.97,1326,1,traffic_lights,0.8616637587547302,1137.8189697265625,486.18316650390625,1162.418212890625,537.1978759765625,1150.1185913085938,511.6905212402344,24.5992431640625,51.01470947265625
IMG_0029.mp4,6453,215.31531531531533,29.97,1347,2,traffic_signs,0.6625404357910156,965.6788940429688,671.5972290039062,1011.652587890625,737.9611206054688,988.6657409667969,704.7791748046875,45.97369384765625,66.3638916015625
IMG_0029.mp4,6453,215.31531531531533,29.97,1344,1,traffic_lights,0.5656853914260864,1019.3834838867188,676.7747192382812,1035.5013427734375,722.6290893554688,1027.4424133300781,699.701904296875,16.11785888671875,45.8543701171875
IMG_0029.mp4,6453,215.31531531531533,29.97,1325,1,traffic_lights,0.8515923023223877,1425.5074462890625,675.8370361328125,1471.2125244140625,733.1077270507812,1448.3599853515625,704.4723815917969,45.705078125,57.27069091796875
IMG_0029.mp4,6453,215.31531531531533,29.97,1330,2,traffic_signs,0.9527067542076111,695.7173461914062,356.0343933105469,846.6851806640625,508.7895812988281,771.2012634277344,432.4119873046875,150.96783447265625,152.75518798828125
IMG_0029.mp4,6454,215.3486820153487,29.97,1314,2,traffic_signs,0.322862833738327,1496.0159912109375,661.092041015625,1548.389892578125,706.7816772460938,1522.2029418945312,683.9368591308594,52.3739013671875,45.68963623046875
IMG_0029.mp4,6454,215.3486820153487,29.97,1318,2,traffic_signs,0.9125068783760071,1420.160400390625,640.7646484375,1457.7532958984375,681.0200805664062,1438.9568481445312,660.8923645019531,37.5928955078125,40.25543212890625
IMG_0029.mp4,6454,215.3486820153487,29.97,1326,1,traffic_lights,0.866841733455658,1137.8563232421875,485.8658142089844,1162.591552734375,536.9885864257812,1150.2239379882812,511.4272003173828,24.7352294921875,51.122772216796875
IMG_0029.mp4,6454,215.3486820153487,29.97,1347,2,traffic_signs,0.6827313899993896,965.8698120117188,671.5716552734375,1011.7402954101562,737.9174194335938,988.8050537109375,704.7445373535156,45.8704833984375,66.34576416015625
IMG_0029.mp4,6454,215.3486820153487,29.97,1344,1,traffic_lights,0.7718890309333801,1019.562255859375,676.683349609375,1035.6326904296875,722.6406860351562,1027.5974731445312,699.6620178222656,16.0704345703125,45.95733642578125
IMG_0029.mp4,6454,215.3486820153487,29.97,1325,1,traffic_lights,0.8576835989952087,1425.4422607421875,675.678466796875,1471.630859375,732.8138427734375,1448.5365600585938,704.2461547851562,46.1885986328125,57.1353759765625
IMG_0029.mp4,6454,215.3486820153487,29.97,1330,2,traffic_signs,0.951893150806427,694.8734741210938,355.4131164550781,846.0985717773438,508.0259094238281,770.4860229492188,431.7195129394531,151.22509765625,152.61279296875
IMG_0029.mp4,6455,215.38204871538207,29.97,1314,2,traffic_signs,0.4717217981815338,1496.4393310546875,661.11962890625,1548.5906982421875,706.6112060546875,1522.5150146484375,683.8654174804688,52.1513671875,45.4915771484375
IMG_0029.mp4,6455,215.38204871538207,29.97,1318,2,traffic_signs,0.9000605940818787,1420.718017578125,640.5132446289062,1458.1351318359375,681.3297729492188,1439.4265747070312,660.9215087890625,37.4171142578125,40.8165283203125
IMG_0029.mp4,6455,215.38204871538207,29.97,1326,1,traffic_lights,0.8673104047775269,1137.918212890625,485.5250244140625,1162.6976318359375,536.78271484375,1150.3079223632812,511.15386962890625,24.7794189453125,51.2576904296875
IMG_0029.mp4,6455,215.38204871538207,29.97,1347,2,traffic_signs,0.6716277003288269,965.9429931640625,671.56201171875,1011.8014526367188,737.921875,988.8722229003906,704.741943359375,45.85845947265625,66.35986328125
IMG_0029.mp4,6455,215.38204871538207,29.97,1344,1,traffic_lights,0.7054577469825745,1019.627685546875,676.6625366210938,1035.6448974609375,722.6245727539062,1027.6362915039062,699.6435546875,16.0172119140625,45.9620361328125
IMG_0029.mp4,6455,215.38204871538207,29.97,1325,1,traffic_lights,0.8655977249145508,1425.4425048828125,675.50732421875,1472.1068115234375,732.6785888671875,1448.774658203125,704.0929565429688,46.664306640625,57.1712646484375
IMG_0029.mp4,6455,215.38204871538207,29.97,1330,2,traffic_signs,0.9501372575759888,693.7470092773438,354.8838806152344,845.46337890625,507.4480895996094,769.6051940917969,431.1659851074219,151.71636962890625,152.564208984375
IMG_0029.mp4,6456,215.41541541541542,29.97,1314,2,traffic_signs,0.4309156835079193,1496.934326171875,661.0921630859375,1548.74267578125,706.5513916015625,1522.8385009765625,683.82177734375,51.808349609375,45.459228515625
IMG_0029.mp4,6456,215.41541541541542,29.97,1318,2,traffic_signs,0.6971860527992249,1421.085205078125,640.128173828125,1458.4423828125,680.9183349609375,1439.7637939453125,660.5232543945312,37.357177734375,40.7901611328125
IMG_0029.mp4,6456,215.41541541541542,29.97,1326,1,traffic_lights,0.8678616285324097,1137.944091796875,485.39874267578125,1162.791748046875,536.5227661132812,1150.367919921875,510.96075439453125,24.84765625,51.1240234375
IMG_0029.mp4,6456,215.41541541541542,29.97,1347,2,traffic_signs,0.6592168807983398,966.0084838867188,671.5126342773438,1011.6607666015625,737.8767700195312,988.8346252441406,704.6947021484375,45.65228271484375,66.3641357421875
IMG_0029.mp4,6456,215.41541541541542,29.97,1344,1,traffic_lights,0.43556642532348633,1019.611572265625,676.6162109375,1035.5150146484375,722.5684814453125,1027.5632934570312,699.5923461914062,15.9034423828125,45.9522705078125
IMG_0029.mp4,6456,215.41541541541542,29.97,1325,1,traffic_lights,0.8699612021446228,1425.40869140625,675.1007690429688,1472.4439697265625,732.6785888671875,1448.9263305664062,703.8896789550781,47.0352783203125,57.57781982421875
IMG_0029.mp4,6456,215.41541541541542,29.97,1330,2,traffic_signs,0.9484032988548279,692.6444091796875,354.0225830078125,844.6701049804688,506.7523193359375,768.6572570800781,430.387451171875,152.02569580078125,152.729736328125
IMG_0029.mp4,6457,215.44878211544878,29.97,1314,2,traffic_signs,0.4619934856891632,1497.656494140625,661.257568359375,1548.837158203125,706.44140625,1523.246826171875,683.8494873046875,51.1806640625,45.183837890625
IMG_0029.mp4,6457,215.44878211544878,29.97,1318,2,traffic_signs,0.7022075057029724,1421.109375,639.9830932617188,1458.682373046875,680.9265747070312,1439.8958740234375,660.454833984375,37.572998046875,40.9434814453125
IMG_0029.mp4,6457,215.44878211544878,29.97,1326,1,traffic_lights,0.8714824914932251,1138.0552978515625,484.97784423828125,1162.9556884765625,536.3834838867188,1150.5054931640625,510.6806640625,24.900390625,51.4056396484375
IMG_0029.mp4,6457,215.44878211544878,29.97,1347,2,traffic_signs,0.6357477903366089,965.8548583984375,671.4617919921875,1011.6737060546875,737.8621826171875,988.7642822265625,704.6619873046875,45.81884765625,66.400390625
IMG_0029.mp4,6457,215.44878211544878,29.97,1344,1,traffic_lights,0.6953311562538147,1019.6663208007812,676.6124267578125,1035.5975341796875,722.6259155273438,1027.6319274902344,699.6191711425781,15.93121337890625,46.01348876953125
IMG_0029.mp4,6457,215.44878211544878,29.97,1325,1,traffic_lights,0.8710469603538513,1425.6527099609375,675.03076171875,1472.681884765625,732.7833251953125,1449.1672973632812,703.9070434570312,47.0291748046875,57.7525634765625
IMG_0029.mp4,6457,215.44878211544878,29.97,1330,2,traffic_signs,0.9461728930473328,691.4544067382812,352.6946716308594,844.0269165039062,505.8892822265625,767.7406616210938,429.29197692871094,152.572509765625,153.19461059570312
IMG_0029.mp4,6458,215.48214881548216,29.97,1314,2,traffic_signs,0.4895983636379242,1497.8851318359375,661.3333129882812,1548.3726806640625,706.5750732421875,1523.12890625,683.9541931152344,50.487548828125,45.24176025390625
IMG_0029.mp4,6458,215.48214881548216,29.97,1318,2,traffic_signs,0.8995243906974792,1421.3194580078125,639.88037109375,1458.7740478515625,680.7576904296875,1440.0467529296875,660.3190307617188,37.45458984375,40.8773193359375
IMG_0029.mp4,6458,215.48214881548216,29.97,1326,1,traffic_lights,0.8730267882347107,1138.044677734375,484.63531494140625,1163.0330810546875,536.268310546875,1150.5388793945312,510.4518127441406,24.9884033203125,51.63299560546875
IMG_0029.mp4,6458,215.48214881548216,29.97,1347,2,traffic_signs,0.6279672980308533,965.6597290039062,671.3507080078125,1011.7098999023438,737.8173828125,988.684814453125,704.5840454101562,46.0501708984375,66.4666748046875
IMG_0029.mp4,6458,215.48214881548216,29.97,1344,1,traffic_lights,0.7288463115692139,1019.6535034179688,676.6266479492188,1035.6041259765625,722.5816040039062,1027.6288146972656,699.6041259765625,15.95062255859375,45.9549560546875
IMG_0029.mp4,6458,215.48214881548216,29.97,1325,1,traffic_lights,0.8692988753318787,1425.7659912109375,674.9482421875,1473.1527099609375,732.8612670898438,1449.4593505859375,703.9047546386719,47.38671875,57.91302490234375
IMG_0029.mp4,6458,215.48214881548216,29.97,1330,2,traffic_signs,0.9445342421531677,690.1018676757812,350.95684814453125,843.2362670898438,504.93267822265625,766.6690673828125,427.94476318359375,153.1343994140625,153.975830078125
IMG_0029.mp4,6459,215.51551551551552,29.97,1314,2,traffic_signs,0.6572226881980896,1498.18017578125,661.3714599609375,1548.8187255859375,706.6131591796875,1523.4994506835938,683.9923095703125,50.6385498046875,45.24169921875
IMG_0029.mp4,6459,215.51551551551552,29.97,1318,2,traffic_signs,0.9060974717140198,1421.6287841796875,639.9971313476562,1459.202392578125,680.4393920898438,1440.4155883789062,660.21826171875,37.5736083984375,40.4422607421875
IMG_0029.mp4,6459,215.51551551551552,29.97,1326,1,traffic_lights,0.8739709854125977,1138.094482421875,484.383544921875,1163.2801513671875,536.0635986328125,1150.6873168945312,510.22357177734375,25.1856689453125,51.6800537109375
IMG_0029.mp4,6459,215.51551551551552,29.97,1347,2,traffic_signs,0.6058412194252014,965.0907592773438,671.3130493164062,1011.9041748046875,737.8750610351562,988.4974670410156,704.5940551757812,46.81341552734375,66.56201171875
IMG_0029.mp4,6459,215.51551551551552,29.97,1344,1,traffic_lights,0.6203166842460632,1019.6937255859375,676.7736206054688,1035.603271484375,722.5538330078125,1027.6484985351562,699.6637268066406,15.9095458984375,45.78021240234375
IMG_0029.mp4,6459,215.51551551551552,29.97,1325,1,traffic_lights,0.8687788248062134,1426.03125,674.79052734375,1473.67333984375,733.0613403320312,1449.852294921875,703.9259338378906,47.64208984375,58.27081298828125
IMG_0029.mp4,6459,215.51551551551552,29.97,1330,2,traffic_signs,0.9436301589012146,688.5723876953125,349.2910461425781,842.6430053710938,504.06854248046875,765.6076965332031,426.67979431152344,154.07061767578125,154.77749633789062
IMG_0029.mp4,6460,215.5488822155489,29.97,1314,2,traffic_signs,0.7267630100250244,1498.3800048828125,661.3137817382812,1549.46875,706.6107177734375,1523.9243774414062,683.9622497558594,51.0887451171875,45.29693603515625
IMG_0029.mp4,6460,215.5488822155489,29.97,1318,2,traffic_signs,0.9065837860107422,1421.8853759765625,640.0704345703125,1459.41357421875,680.5194702148438,1440.6494750976562,660.2949523925781,37.5281982421875,40.44903564453125
IMG_0029.mp4,6460,215.5488822155489,29.97,1326,1,traffic_lights,0.8786597847938538,1138.306396484375,484.22430419921875,1163.514404296875,535.9361572265625,1150.910400390625,510.0802307128906,25.2080078125,51.71185302734375
IMG_0029.mp4,6460,215.5488822155489,29.97,1347,2,traffic_signs,0.6032226085662842,964.813232421875,671.3204956054688,1011.92724609375,737.8825073242188,988.3702392578125,704.6015014648438,47.114013671875,66.56201171875
IMG_0029.mp4,6460,215.5488822155489,29.97,1344,1,traffic_lights,0.7873566746711731,1019.77978515625,676.7522583007812,1035.726806640625,722.6224975585938,1027.7532958984375,699.6873779296875,15.947021484375,45.8702392578125
IMG_0029.mp4,6460,215.5488822155489,29.97,1325,1,traffic_lights,0.8695300817489624,1425.993896484375,674.7678833007812,1474.07080078125,733.4130249023438,1450.0323486328125,704.0904541015625,48.076904296875,58.6451416015625
IMG_0029.mp4,6460,215.5488822155489,29.97,1330,2,traffic_signs,0.9442891478538513,686.9722900390625,347.9969177246094,842.1337280273438,502.9734802246094,764.5530090332031,425.4851989746094,155.16143798828125,154.9765625
IMG_0029.mp4,6460,215.5488822155489,29.97,1409,1,traffic_lights,0.36575329303741455,1428.00439453125,673.5296020507812,1472.6041259765625,731.8037719726562,1450.3042602539062,702.6666870117188,44.5997314453125,58.274169921875
IMG_0029.mp4,6461,215.58224891558226,29.97,1314,2,traffic_signs,0.7349395751953125,1498.444580078125,661.2153930664062,1549.9642333984375,706.5052490234375,1524.2044067382812,683.8603210449219,51.5196533203125,45.28985595703125
IMG_0029.mp4,6461,215.58224891558226,29.97,1318,2,traffic_signs,0.9071829319000244,1422.0684814453125,640.0791625976562,1459.488037109375,680.5070190429688,1440.7782592773438,660.2930908203125,37.4195556640625,40.4278564453125
IMG_0029.mp4,6461,215.58224891558226,29.97,1326,1,traffic_lights,0.8820875883102417,1138.286376953125,483.9829406738281,1163.6009521484375,535.8510131835938,1150.9436645507812,509.91697692871094,25.3145751953125,51.868072509765625
IMG_0029.mp4,6461,215.58224891558226,29.97,1347,2,traffic_signs,0.588927686214447,964.581787109375,671.2410278320312,1012.030517578125,737.790283203125,988.30615234375,704.5156555175781,47.44873046875,66.54925537109375
IMG_0029.mp4,6461,215.58224891558226,29.97,1344,1,traffic_lights,0.7953369617462158,1019.7472534179688,676.734130859375,1035.757080078125,722.57275390625,1027.7521667480469,699.6534423828125,16.00982666015625,45.838623046875
IMG_0029.mp4,6461,215.58224891558226,29.97,1325,1,traffic_lights,0.8691501617431641,1426.097900390625,674.717529296875,1474.255126953125,733.5005493164062,1450.176513671875,704.1090393066406,48.1572265625,58.78302001953125
IMG_0029.mp4,6461,215.58224891558226,29.97,1330,2,traffic_signs,0.9446055293083191,685.3616943359375,346.8380432128906,841.6852416992188,502.3006286621094,763.5234680175781,424.5693359375,156.32354736328125,155.46258544921875
IMG_0029.mp4,6461,215.58224891558226,29.97,1409,1,traffic_lights,0.4550248086452484,1428.255859375,673.3971557617188,1472.7801513671875,731.7813720703125,1450.5180053710938,702.5892639160156,44.5242919921875,58.38421630859375
IMG_0029.mp4,6462,215.6156156156156,29.97,1314,2,traffic_signs,0.6726068258285522,1498.6961669921875,661.1251831054688,1550.4310302734375,706.4779052734375,1524.5635986328125,683.8015441894531,51.73486328125,45.35272216796875
IMG_0029.mp4,6462,215.6156156156156,29.97,1318,2,traffic_signs,0.9071171879768372,1422.3507080078125,640.1070556640625,1459.7218017578125,680.4395751953125,1441.0362548828125,660.2733154296875,37.37109375,40.33251953125
IMG_0029.mp4,6462,215.6156156156156,29.97,1326,1,traffic_lights,0.8798100352287292,1138.3123779296875,483.8348388671875,1163.66845703125,535.7426147460938,1150.9904174804688,509.7887268066406,25.3560791015625,51.90777587890625
IMG_0029.mp4,6462,215.6156156156156,29.97,1347,2,traffic_signs,0.5841639041900635,964.4954833984375,671.1764526367188,1012.0468139648438,737.7283935546875,988.2711486816406,704.4524230957031,47.55133056640625,66.55194091796875
IMG_0029.mp4,6462,215.6156156156156,29.97,1344,1,traffic_lights,0.5853152871131897,1019.8038330078125,676.8403930664062,1035.7264404296875,722.6578979492188,1027.76513671875,699.7491455078125,15.922607421875,45.8175048828125
IMG_0029.mp4,6462,215.6156156156156,29.97,1325,1,traffic_lights,0.8675497770309448,1426.2587890625,674.7268676757812,1474.3670654296875,733.5222778320312,1450.3129272460938,704.1245727539062,48.1082763671875,58.79541015625
IMG_0029.mp4,6462,215.6156156156156,29.97,1330,2,traffic_signs,0.9471616148948669,684.0534057617188,345.8852844238281,841.0192260742188,501.4883728027344,762.5363159179688,423.68682861328125,156.9658203125,155.60308837890625
IMG_0029.mp4,6462,215.6156156156156,29.97,1409,1,traffic_lights,0.5073370337486267,1428.44140625,673.5017700195312,1472.77392578125,731.733642578125,1450.607666015625,702.6177062988281,44.33251953125,58.23187255859375
IMG_0029.mp4,6463,215.648982315649,29.97,1314,2,traffic_signs,0.6464999318122864,1498.9130859375,661.0164794921875,1550.8681640625,706.4019165039062,1524.890625,683.7091979980469,51.955078125,45.38543701171875
IMG_0029.mp4,6463,215.648982315649,29.97,1318,2,traffic_signs,0.9096046686172485,1422.4625244140625,640.1506958007812,1459.9464111328125,680.6270141601562,1441.2044677734375,660.3888549804688,37.48388671875,40.476318359375
IMG_0029.mp4,6463,215.648982315649,29.97,1326,1,traffic_lights,0.8841764330863953,1138.28662109375,483.49761962890625,1163.7059326171875,535.6028442382812,1150.9962768554688,509.55023193359375,25.4193115234375,52.105224609375
IMG_0029.mp4,6463,215.648982315649,29.97,1347,2,traffic_signs,0.5560911893844604,964.4254760742188,671.1460571289062,1012.0701904296875,737.6860961914062,988.2478332519531,704.4160766601562,47.64471435546875,66.5400390625
IMG_0029.mp4,6463,215.648982315649,29.97,1344,1,traffic_lights,0.8059457540512085,1019.7755126953125,676.7197265625,1035.7635498046875,722.6080322265625,1027.76953125,699.6638793945312,15.988037109375,45.8883056640625
IMG_0029.mp4,6463,215.648982315649,29.97,1325,1,traffic_lights,0.8628336191177368,1425.8914794921875,674.8231811523438,1474.6468505859375,733.5885009765625,1450.2691650390625,704.2058410644531,48.75537109375,58.76531982421875
IMG_0029.mp4,6463,215.648982315649,29.97,1330,2,traffic_signs,0.9483590722084045,682.6654663085938,344.52008056640625,840.4635009765625,500.9664611816406,761.5644836425781,422.74327087402344,157.79803466796875,156.44638061523438
IMG_0029.mp4,6463,215.648982315649,29.97,1409,1,traffic_lights,0.6015311479568481,1428.687744140625,673.3729858398438,1473.10400390625,731.607666015625,1450.8958740234375,702.4903259277344,44.416259765625,58.23468017578125
IMG_0029.mp4,6464,215.68234901568235,29.97,1314,2,traffic_signs,0.523701548576355,1499.24658203125,660.8909301757812,1551.28759765625,706.32177734375,1525.26708984375,683.6063537597656,52.041015625,45.43084716796875
IMG_0029.mp4,6464,215.68234901568235,29.97,1318,2,traffic_signs,0.9097508788108826,1422.78369140625,640.1315307617188,1460.21435546875,680.7001953125,1441.4990234375,660.4158630371094,37.4306640625,40.56866455078125
IMG_0029.mp4,6464,215.68234901568235,29.97,1326,1,traffic_lights,0.8872965574264526,1138.3271484375,483.2559814453125,1163.7989501953125,535.4500732421875,1151.0630493164062,509.35302734375,25.4718017578125,52.194091796875
IMG_0029.mp4,6464,215.68234901568235,29.97,1347,2,traffic_signs,0.5454810261726379,964.3120727539062,671.1067504882812,1012.0872802734375,737.6563720703125,988.1996765136719,704.3815612792969,47.77520751953125,66.54962158203125
IMG_0029.mp4,6464,215.68234901568235,29.97,1344,1,traffic_lights,0.8116109371185303,1019.806396484375,676.5486450195312,1035.7987060546875,722.5562744140625,1027.8025512695312,699.5524597167969,15.9923095703125,46.00762939453125
IMG_0029.mp4,6464,215.68234901568235,29.97,1325,1,traffic_lights,0.8568127155303955,1425.7315673828125,674.7505493164062,1475.1778564453125,733.5975952148438,1450.4547119140625,704.174072265625,49.4462890625,58.8470458984375
IMG_0029.mp4,6464,215.68234901568235,29.97,1330,2,traffic_signs,0.9508600234985352,681.6022338867188,343.2099304199219,839.85302734375,500.5143127441406,760.7276306152344,421.86212158203125,158.25079345703125,157.30438232421875
IMG_0029.mp4,6464,215.68234901568235,29.97,1409,1,traffic_lights,0.6716573238372803,1429.066162109375,673.1573486328125,1473.633056640625,731.5601806640625,1451.349609375,702.3587646484375,44.56689453125,58.40283203125
IMG_0029.mp4,6465,215.71571571571573,29.97,1314,2,traffic_signs,0.5769833326339722,1499.69921875,660.7645874023438,1551.6351318359375,706.2578735351562,1525.6671752929688,683.51123046875,51.9359130859375,45.4932861328125
IMG_0029.mp4,6465,215.71571571571573,29.97,1318,2,traffic_signs,0.9086825847625732,1423.1495361328125,639.9913330078125,1460.6065673828125,680.4016723632812,1441.8780517578125,660.1965026855469,37.45703125,40.41033935546875
IMG_0029.mp4,6465,215.71571571571573,29.97,1326,1,traffic_lights,0.8848330974578857,1138.39208984375,483.1507263183594,1163.86767578125,535.2128295898438,1151.1298828125,509.18177795410156,25.4755859375,52.062103271484375
IMG_0029.mp4,6465,215.71571571571573,29.97,1347,2,traffic_signs,0.5267559885978699,964.1307373046875,670.9890747070312,1012.0706787109375,737.5623168945312,988.1007080078125,704.2756958007812,47.93994140625,66.5732421875
IMG_0029.mp4,6465,215.71571571571573,29.97,1344,1,traffic_lights,0.8034670352935791,1019.7223510742188,676.4617309570312,1035.7169189453125,722.2576293945312,1027.7196350097656,699.3596801757812,15.99456787109375,45.7958984375
IMG_0029.mp4,6465,215.71571571571573,29.97,1325,1,traffic_lights,0.8618390560150146,1425.433349609375,674.6304931640625,1475.810791015625,733.657958984375,1450.6220703125,704.1442260742188,50.37744140625,59.0274658203125
IMG_0029.mp4,6465,215.71571571571573,29.97,1330,2,traffic_signs,0.9529511332511902,680.4757080078125,341.9376220703125,839.29736328125,499.6836853027344,759.8865356445312,420.81065368652344,158.8216552734375,157.74606323242188
IMG_0029.mp4,6465,215.71571571571573,29.97,1409,1,traffic_lights,0.6978554725646973,1429.1395263671875,672.645263671875,1474.22216796875,731.6248168945312,1451.6808471679688,702.1350402832031,45.0826416015625,58.97955322265625
IMG_0029.mp4,6465,215.71571571571573,29.97,1413,0,auth_label,0.3207266330718994,5.426931381225586,364.5758972167969,137.7886199951172,820.5568237304688,71.60777568817139,592.5663604736328,132.3616886138916,455.9809265136719
IMG_0029.mp4,6466,215.7490824157491,29.97,1314,2,traffic_signs,0.43145737051963806,1499.997802734375,660.5902099609375,1551.9241943359375,706.3047485351562,1525.9609985351562,683.4474792480469,51.9263916015625,45.71453857421875
IMG_0029.mp4,6466,215.7490824157491,29.97,1318,2,traffic_signs,0.9113117456436157,1423.611083984375,639.9892578125,1460.892333984375,680.3119506835938,1442.251708984375,660.1506042480469,37.28125,40.32269287109375
IMG_0029.mp4,6466,215.7490824157491,29.97,1326,1,traffic_lights,0.8857230544090271,1138.381103515625,482.9443054199219,1163.8843994140625,535.1068725585938,1151.1327514648438,509.0255889892578,25.5032958984375,52.162567138671875
IMG_0029.mp4,6466,215.7490824157491,29.97,1347,2,traffic_signs,0.5499585270881653,964.1917724609375,670.998779296875,1012.1460571289062,737.5060424804688,988.1689147949219,704.2524108886719,47.95428466796875,66.50726318359375
IMG_0029.mp4,6466,215.7490824157491,29.97,1344,1,traffic_lights,0.7847911715507507,1019.7139892578125,676.3326416015625,1035.8211669921875,722.1138305664062,1027.767578125,699.2232360839844,16.107177734375,45.78118896484375
IMG_0029.mp4,6466,215.7490824157491,29.97,1325,1,traffic_lights,0.8586487174034119,1424.693359375,674.4159545898438,1476.24462890625,733.6535034179688,1450.468994140625,704.0347290039062,51.55126953125,59.237548828125
IMG_0029.mp4,6466,215.7490824157491,29.97,1330,2,traffic_signs,0.9541081786155701,679.4462890625,340.8559265136719,838.713623046875,498.7503662109375,759.0799560546875,419.8031463623047,159.267333984375,157.89443969726562
IMG_0029.mp4,6466,215.7490824157491,29.97,1409,1,traffic_lights,0.7190242409706116,1428.8533935546875,672.3741455078125,1474.5880126953125,731.6209106445312,1451.720703125,701.9975280761719,45.734619140625,59.24676513671875
IMG_0029.mp4,6466,215.7490824157491,29.97,1413,0,auth_label,0.3590039312839508,5.240976333618164,363.568603515625,136.880859375,820.886474609375,71.06091785430908,592.2275390625,131.63988304138184,457.31787109375
IMG_0029.mp4,6467,215.78244911578247,29.97,1314,2,traffic_signs,0.3844528794288635,1500.258544921875,660.481689453125,1552.3165283203125,706.1524047851562,1526.2875366210938,683.3170471191406,52.0579833984375,45.67071533203125
IMG_0029.mp4,6467,215.78244911578247,29.97,1318,2,traffic_signs,0.9136179685592651,1423.750244140625,639.9598388671875,1461.2147216796875,680.2932739257812,1442.4824829101562,660.1265563964844,37.4644775390625,40.33343505859375
IMG_0029.mp4,6467,215.78244911578247,29.97,1326,1,traffic_lights,0.8897224068641663,1138.3646240234375,482.70416259765625,1163.986572265625,534.9166259765625,1151.1755981445312,508.8103942871094,25.6219482421875,52.21246337890625
IMG_0029.mp4,6467,215.78244911578247,29.97,1347,2,traffic_signs,0.5251043438911438,964.0941162109375,670.9269409179688,1012.0941772460938,737.4576416015625,988.0941467285156,704.1922912597656,48.00006103515625,66.53070068359375
IMG_0029.mp4,6467,215.78244911578247,29.97,1344,1,traffic_lights,0.781488299369812,1019.6930541992188,676.2484741210938,1035.7904052734375,722.0054321289062,1027.7417297363281,699.126953125,16.09735107421875,45.7569580078125
IMG_0029.mp4,6467,215.78244911578247,29.97,1325,1,traffic_lights,0.8472685217857361,1423.6912841796875,674.341796875,1476.6568603515625,733.550537109375,1450.174072265625,703.9461669921875,52.965576171875,59.208740234375
IMG_0029.mp4,6467,215.78244911578247,29.97,1330,2,traffic_signs,0.8130407333374023,678.413330078125,339.7442932128906,838.2433471679688,497.83868408203125,758.3283386230469,418.79148864746094,159.83001708984375,158.09439086914062
IMG_0029.mp4,6467,215.78244911578247,29.97,1409,1,traffic_lights,0.6877594590187073,1429.036865234375,672.2021484375,1475.00048828125,731.4026489257812,1452.0186767578125,701.8023986816406,45.963623046875,59.20050048828125
IMG_0029.mp4,6467,215.78244911578247,29.97,1413,0,auth_label,0.3487469255924225,4.736121654510498,363.1224670410156,135.1180419921875,821.1232299804688,69.927081823349,592.1228485107422,130.381920337677,458.0007629394531
IMG_0029.mp4,6468,215.81581581581582,29.97,1314,2,traffic_signs,0.2815673351287842,1500.7220458984375,660.4365234375,1552.718994140625,706.067626953125,1526.7205200195312,683.2520751953125,51.9969482421875,45.631103515625
IMG_0029.mp4,6468,215.81581581581582,29.97,1318,2,traffic_signs,0.9144890308380127,1423.955810546875,639.8787231445312,1461.5018310546875,680.123779296875,1442.7288208007812,660.0012512207031,37.5460205078125,40.24505615234375
IMG_0029.mp4,6468,215.81581581581582,29.97,1326,1,traffic_lights,0.8841539025306702,1138.420654296875,482.6630859375,1164.0108642578125,534.81787109375,1151.2157592773438,508.740478515625,25.5902099609375,52.15478515625
IMG_0029.mp4,6468,215.81581581581582,29.97,1347,2,traffic_signs,0.4843657910823822,964.0684204101562,670.8150634765625,1011.9677124023438,737.3544311523438,988.01806640625,704.0847473144531,47.8992919921875,66.53936767578125
IMG_0029.mp4,6468,215.81581581581582,29.97,1344,1,traffic_lights,0.7835291624069214,1019.7424926757812,676.31982421875,1035.658447265625,721.8239135742188,1027.7004699707031,699.0718688964844,15.91595458984375,45.50408935546875
IMG_0029.mp4,6468,215.81581581581582,29.97,1325,1,traffic_lights,0.8316199779510498,1422.9755859375,674.3690185546875,1476.934326171875,733.6197509765625,1449.9549560546875,703.994384765625,53.958740234375,59.250732421875
IMG_0029.mp4,6468,215.81581581581582,29.97,1330,2,traffic_signs,0.7768010497093201,677.6808471679688,338.082763671875,837.70849609375,496.9659118652344,757.6946716308594,417.5243377685547,160.02764892578125,158.88314819335938
IMG_0029.mp4,6468,215.81581581581582,29.97,1409,1,traffic_lights,0.6128953695297241,1429.3299560546875,672.3202514648438,1475.1402587890625,731.3287963867188,1452.235107421875,701.8245239257812,45.810302734375,59.008544921875
IMG_0029.mp4,6468,215.81581581581582,29.97,1413,0,auth_label,0.33552441000938416,4.557241916656494,365.0326232910156,133.7733917236328,819.5367431640625,69.16531682014465,592.2846832275391,129.21614980697632,454.5041198730469
IMG_0029.mp4,6469,215.84918251584918,29.97,1318,2,traffic_signs,0.9155336022377014,1424.13232421875,639.8320922851562,1461.7569580078125,680.036376953125,1442.9446411132812,659.9342346191406,37.6246337890625,40.20428466796875
IMG_0029.mp4,6469,215.84918251584918,29.97,1326,1,traffic_lights,0.8872814178466797,1138.4163818359375,482.52886962890625,1164.1226806640625,534.7352905273438,1151.26953125,508.632080078125,25.706298828125,52.2064208984375
IMG_0029.mp4,6469,215.84918251584918,29.97,1347,2,traffic_signs,0.5073122382164001,964.0816650390625,670.7680053710938,1012.0606079101562,737.3478393554688,988.0711364746094,704.0579223632812,47.97894287109375,66.579833984375
IMG_0029.mp4,6469,215.84918251584918,29.97,1344,1,traffic_lights,0.7647444605827332,1019.74609375,676.0545043945312,1035.771728515625,721.6904296875,1027.7589111328125,698.8724670410156,16.025634765625,45.63592529296875
IMG_0029.mp4,6469,215.84918251584918,29.97,1325,1,traffic_lights,0.8254031538963318,1422.74072265625,674.1926879882812,1476.9691162109375,733.5798950195312,1449.8549194335938,703.8862915039062,54.2283935546875,59.38720703125
IMG_0029.mp4,6469,215.84918251584918,29.97,1330,2,traffic_signs,0.7989363670349121,676.8872680664062,336.75323486328125,837.2510375976562,496.2899169921875,757.0691528320312,416.5215759277344,160.36376953125,159.53668212890625
IMG_0029.mp4,6469,215.84918251584918,29.97,1409,1,traffic_lights,0.6425947546958923,1429.7159423828125,672.0465698242188,1475.1512451171875,731.21875,1452.43359375,701.6326599121094,45.435302734375,59.17218017578125
IMG_0029.mp4,6469,215.84918251584918,29.97,1413,0,auth_label,0.35421305894851685,4.488953113555908,364.2320556640625,131.52224731445312,819.7069702148438,68.00560021400452,591.9695129394531,127.03329420089722,455.47491455078125
IMG_0029.mp4,6470,215.88254921588256,29.97,1318,2,traffic_signs,0.915861189365387,1424.3575439453125,639.8170166015625,1462.0357666015625,680.1287231445312,1443.1966552734375,659.9728698730469,37.67822265625,40.31170654296875
IMG_0029.mp4,6470,215.88254921588256,29.97,1326,1,traffic_lights,0.8899698853492737,1138.466796875,482.49609375,1164.2554931640625,534.7030029296875,1151.3611450195312,508.59954833984375,25.7886962890625,52.2069091796875
IMG_0029.mp4,6470,215.88254921588256,29.97,1347,2,traffic_signs,0.5173751711845398,964.1859741210938,670.8034057617188,1012.124267578125,737.3350830078125,988.1551208496094,704.0692443847656,47.93829345703125,66.53167724609375
IMG_0029.mp4,6470,215.88254921588256,29.97,1344,1,traffic_lights,0.7637283802032471,1019.7659912109375,675.9598388671875,1035.82470703125,721.6025390625,1027.7953491210938,698.7811889648438,16.0587158203125,45.6427001953125
IMG_0029.mp4,6470,215.88254921588256,29.97,1325,1,traffic_lights,0.8245016932487488,1422.84765625,674.2578125,1477.1002197265625,733.524658203125,1449.9739379882812,703.8912353515625,54.2525634765625,59.266845703125
IMG_0029.mp4,6470,215.88254921588256,29.97,1330,2,traffic_signs,0.8341841697692871,676.30712890625,335.8870849609375,836.72021484375,495.7344665527344,756.513671875,415.81077575683594,160.4130859375,159.84738159179688
IMG_0029.mp4,6470,215.88254921588256,29.97,1409,1,traffic_lights,0.6593807935714722,1429.7801513671875,672.1444091796875,1475.322998046875,731.1113891601562,1452.5515747070312,701.6278991699219,45.5428466796875,58.96697998046875
IMG_0029.mp4,6470,215.88254921588256,29.97,1413,0,auth_label,0.37069037556648254,4.463342666625977,365.2188720703125,129.86532592773438,818.44384765625,67.16433429718018,591.8313598632812,125.4019832611084,453.2249755859375
IMG_0029.mp4,6471,215.91591591591592,29.97,1318,2,traffic_signs,0.9166152477264404,1424.5679931640625,639.7013549804688,1462.21435546875,680.1841430664062,1443.3911743164062,659.9427490234375,37.6463623046875,40.4827880859375
IMG_0029.mp4,6471,215.91591591591592,29.97,1326,1,traffic_lights,0.8891593217849731,1138.48095703125,482.255615234375,1164.3558349609375,534.5426025390625,1151.4183959960938,508.39910888671875,25.8748779296875,52.2869873046875
IMG_0029.mp4,6471,215.91591591591592,29.97,1347,2,traffic_signs,0.42627623677253723,964.1835327148438,670.8131713867188,1012.0626220703125,737.2446899414062,988.1230773925781,704.0289306640625,47.87908935546875,66.4315185546875
IMG_0029.mp4,6471,215.91591591591592,29.97,1344,1,traffic_lights,0.775481104850769,1019.7841796875,676.0578002929688,1035.727294921875,721.529541015625,1027.7557373046875,698.7936706542969,15.943115234375,45.47174072265625
IMG_0029.mp4,6471,215.91591591591592,29.97,1325,1,traffic_lights,0.8232972025871277,1423.0059814453125,674.3900146484375,1477.2720947265625,733.5567626953125,1450.1390380859375,703.973388671875,54.26611328125,59.166748046875
IMG_0029.mp4,6471,215.91591591591592,29.97,1330,2,traffic_signs,0.8534680008888245,675.5165405273438,335.0475158691406,836.2330322265625,495.3742370605469,755.8747863769531,415.21087646484375,160.71649169921875,160.32672119140625
IMG_0029.mp4,6471,215.91591591591592,29.97,1409,1,traffic_lights,0.6471412777900696,1429.852783203125,672.4302978515625,1475.430908203125,731.136962890625,1452.641845703125,701.7836303710938,45.578125,58.7066650390625
IMG_0029.mp4,6471,215.91591591591592,29.97,1413,0,auth_label,0.3730449378490448,4.2830986976623535,364.9624938964844,128.5404510498047,819.1443481445312,66.41177487373352,592.0534210205078,124.25735235214233,454.1818542480469
IMG_0029.mp4,6472,215.9492826159493,29.97,1318,2,traffic_signs,0.9184802770614624,1424.7139892578125,639.5731811523438,1462.3226318359375,680.4734497070312,1443.518310546875,660.0233154296875,37.608642578125,40.9002685546875
IMG_0029.mp4,6472,215.9492826159493,29.97,1326,1,traffic_lights,0.8911073207855225,1138.5235595703125,482.2462158203125,1164.38818359375,534.446533203125,1151.4558715820312,508.34637451171875,25.8646240234375,52.2003173828125
IMG_0029.mp4,6472,215.9492826159493,29.97,1347,2,traffic_signs,0.45106935501098633,964.2267456054688,670.8129272460938,1012.0899658203125,737.216796875,988.1583557128906,704.0148620605469,47.86322021484375,66.40386962890625
IMG_0029.mp4,6472,215.9492826159493,29.97,1344,1,traffic_lights,0.766141414642334,1019.8126831054688,675.9304809570312,1035.7982177734375,721.4849853515625,1027.8054504394531,698.7077331542969,15.98553466796875,45.55450439453125
IMG_0029.mp4,6472,215.9492826159493,29.97,1325,1,traffic_lights,0.810602068901062,1423.217041015625,674.2753295898438,1477.283203125,733.5803833007812,1450.2501220703125,703.9278564453125,54.066162109375,59.3050537109375
IMG_0029.mp4,6472,215.9492826159493,29.97,1330,2,traffic_signs,0.8555660843849182,674.8053588867188,334.2701416015625,835.5874633789062,495.25347900390625,755.1964111328125,414.7618103027344,160.7821044921875,160.98333740234375
IMG_0029.mp4,6472,215.9492826159493,29.97,1409,1,traffic_lights,0.6599670052528381,1430.08056640625,672.2593383789062,1475.5711669921875,731.080322265625,1452.8258666992188,701.6698303222656,45.4906005859375,58.82098388671875
IMG_0029.mp4,6472,215.9492826159493,29.97,1413,0,auth_label,0.4074003994464874,4.239238262176514,365.5180969238281,127.05120086669922,819.2906494140625,65.64521956443787,592.4043731689453,122.8119626045227,453.7725524902344
IMG_0029.mp4,6472,215.9492826159493,29.97,1416,2,traffic_signs,0.8532574772834778,675.5064086914062,333.57037353515625,837.4295043945312,495.63360595703125,756.4679565429688,414.60198974609375,161.923095703125,162.063232421875
IMG_0029.mp4,6473,215.98264931598266,29.97,1318,2,traffic_signs,0.9190775156021118,1424.8076171875,639.4083862304688,1462.419921875,680.4158935546875,1443.61376953125,659.9121398925781,37.6123046875,41.00750732421875
IMG_0029.mp4,6473,215.98264931598266,29.97,1326,1,traffic_lights,0.8893388509750366,1138.5648193359375,482.23028564453125,1164.449951171875,534.2767944335938,1151.5073852539062,508.2535400390625,25.8851318359375,52.0465087890625
IMG_0029.mp4,6473,215.98264931598266,29.97,1347,2,traffic_signs,0.29524925351142883,964.383056640625,670.6655883789062,1012.0745239257812,737.1574096679688,988.2287902832031,703.9114990234375,47.69146728515625,66.4918212890625
IMG_0029.mp4,6473,215.98264931598266,29.97,1344,1,traffic_lights,0.7627148628234863,1019.8018188476562,675.8502807617188,1035.82421875,721.4429321289062,1027.8130187988281,698.6466064453125,16.02239990234375,45.5926513671875
IMG_0029.mp4,6473,215.98264931598266,29.97,1325,1,traffic_lights,0.8061978816986084,1422.9302978515625,674.1260375976562,1477.4073486328125,733.5441284179688,1450.1688232421875,703.8350830078125,54.47705078125,59.4180908203125
IMG_0029.mp4,6473,215.98264931598266,29.97,1330,2,traffic_signs,0.8496538400650024,674.2026977539062,333.6257019042969,834.7427978515625,494.8872375488281,754.4727478027344,414.2564697265625,160.54010009765625,161.26153564453125
IMG_0029.mp4,6473,215.98264931598266,29.97,1409,1,traffic_lights,0.6376246809959412,1430.2010498046875,672.0847778320312,1475.7012939453125,731.0615234375,1452.951171875,701.5731506347656,45.500244140625,58.97674560546875
IMG_0029.mp4,6473,215.98264931598266,29.97,1413,0,auth_label,0.4047985374927521,4.2692694664001465,365.3482360839844,126.19429779052734,818.5672607421875,65.23178362846375,591.9577484130859,121.9250283241272,453.2190246582031
IMG_0029.mp4,6473,215.98264931598266,29.97,1416,2,traffic_signs,0.8724111318588257,674.9507446289062,332.9877014160156,836.383056640625,495.1949157714844,755.6669006347656,414.09130859375,161.43231201171875,162.20721435546875
IMG_0029.mp4,6474,216.016016016016,29.97,1318,2,traffic_signs,0.9173903465270996,1425.0245361328125,639.3377685546875,1462.4991455078125,680.2198486328125,1443.7618408203125,659.77880859375,37.474609375,40.882080078125
IMG_0029.mp4,6474,216.016016016016,29.97,1326,1,traffic_lights,0.8837533593177795,1138.6163330078125,482.12176513671875,1164.5067138671875,534.1145629882812,1151.5615234375,508.1181640625,25.890380859375,51.9927978515625
IMG_0029.mp4,6474,216.016016016016,29.97,1344,1,traffic_lights,0.773143470287323,1019.8858642578125,676.011962890625,1035.7601318359375,721.4459838867188,1027.822998046875,698.7289733886719,15.874267578125,45.43402099609375
IMG_0029.mp4,6474,216.016016016016,29.97,1325,1,traffic_lights,0.7992229461669922,1423.103515625,674.1376342773438,1477.5736083984375,733.5447387695312,1450.3385620117188,703.8411865234375,54.4700927734375,59.4071044921875
IMG_0029.mp4,6474,216.016016016016,29.97,1330,2,traffic_signs,0.8499215245246887,673.6179809570312,333.0431823730469,833.9541625976562,494.45599365234375,753.7860717773438,413.7495880126953,160.336181640625,161.41281127929688
IMG_0029.mp4,6474,216.016016016016,29.97,1409,1,traffic_lights,0.6098747849464417,1430.408935546875,672.3519897460938,1475.724853515625,731.1402587890625,1453.06689453125,701.7461242675781,45.31591796875,58.78826904296875
IMG_0029.mp4,6474,216.016016016016,29.97,1413,0,auth_label,0.3908592760562897,4.332066535949707,364.66668701171875,126.18426513671875,817.8741455078125,65.25816583633423,591.2704162597656,121.85219860076904,453.20745849609375
IMG_0029.mp4,6474,216.016016016016,29.97,1416,2,traffic_signs,0.8778683543205261,674.3853149414062,332.3403015136719,835.3232421875,494.6651611328125,754.8542785644531,413.5027313232422,160.93792724609375,162.32485961914062
IMG_0029.mp4,6474,216.016016016016,29.97,1314,2,traffic_signs,0.349351704120636,1503.0867919921875,659.99853515625,1554.6373291015625,706.079833984375,1528.862060546875,683.0391845703125,51.550537109375,46.081298828125
IMG_0029.mp4,6475,216.0493827160494,29.97,1318,2,traffic_signs,0.9186292290687561,1424.9207763671875,639.321533203125,1462.4969482421875,680.1471557617188,1443.7088623046875,659.7343444824219,37.576171875,40.82562255859375
IMG_0029.mp4,6475,216.0493827160494,29.97,1326,1,traffic_lights,0.8825879096984863,1138.6246337890625,482.09271240234375,1164.5670166015625,534.0303955078125,1151.5958251953125,508.0615539550781,25.9423828125,51.93768310546875
IMG_0029.mp4,6475,216.0493827160494,29.97,1344,1,traffic_lights,0.7625869512557983,1019.8440551757812,675.8681640625,1035.7974853515625,721.3392944335938,1027.8207702636719,698.6037292480469,15.95343017578125,45.47113037109375
IMG_0029.mp4,6475,216.0493827160494,29.97,1325,1,traffic_lights,0.8046285510063171,1422.92236328125,673.927734375,1477.5772705078125,733.6394653320312,1450.2498168945312,703.7835998535156,54.6549072265625,59.71173095703125
IMG_0029.mp4,6475,216.0493827160494,29.97,1330,2,traffic_signs,0.7601072788238525,672.9798583984375,332.6789855957031,833.5462646484375,494.13092041015625,753.2630615234375,413.4049530029297,160.56640625,161.45193481445312
IMG_0029.mp4,6475,216.0493827160494,29.97,1409,1,traffic_lights,0.6210176348686218,1430.24267578125,672.156494140625,1475.7496337890625,731.0966186523438,1452.9961547851562,701.6265563964844,45.5069580078125,58.94012451171875
IMG_0029.mp4,6475,216.0493827160494,29.97,1413,0,auth_label,0.372458279132843,4.479738712310791,364.4937744140625,125.91831970214844,818.0974731445312,65.19902920722961,591.2956237792969,121.43858098983765,453.60369873046875
IMG_0029.mp4,6475,216.0493827160494,29.97,1416,2,traffic_signs,0.8819302320480347,673.6986694335938,331.9505615234375,834.83642578125,494.28533935546875,754.2675476074219,413.1179504394531,161.13775634765625,162.33477783203125
IMG_0029.mp4,6475,216.0493827160494,29.97,1314,2,traffic_signs,0.44766780734062195,1503.206298828125,659.9151000976562,1554.710693359375,706.0341186523438,1528.95849609375,682.974609375,51.50439453125,46.1190185546875
IMG_0029.mp4,6475,216.0493827160494,29.97,1347,2,traffic_signs,0.3786109983921051,963.1918334960938,670.6482543945312,1012.0035400390625,737.0567016601562,987.5976867675781,703.8524780273438,48.81170654296875,66.408447265625
IMG_0029.mp4,6476,216.08274941608275,29.97,1318,2,traffic_signs,0.9179006814956665,1425.0076904296875,639.2642822265625,1462.6319580078125,680.1304931640625,1443.81982421875,659.6973876953125,37.624267578125,40.8662109375
IMG_0029.mp4,6476,216.08274941608275,29.97,1326,1,traffic_lights,0.8815202116966248,1138.6591796875,482.1113586425781,1164.61083984375,533.9287109375,1151.635009765625,508.02003479003906,25.95166015625,51.817352294921875
IMG_0029.mp4,6476,216.08274941608275,29.97,1344,1,traffic_lights,0.762931227684021,1019.8695678710938,675.8440551757812,1035.8260498046875,721.3056030273438,1027.8478088378906,698.5748291015625,15.95648193359375,45.4615478515625
IMG_0029.mp4,6476,216.08274941608275,29.97,1325,1,traffic_lights,0.8008149862289429,1423.2178955078125,673.8704223632812,1477.827880859375,733.6817626953125,1450.5228881835938,703.7760925292969,54.6099853515625,59.81134033203125
IMG_0029.mp4,6476,216.08274941608275,29.97,1330,2,traffic_signs,0.25016069412231445,672.3028564453125,332.344482421875,833.0845947265625,493.3798522949219,752.6937255859375,412.86216735839844,160.78173828125,161.03536987304688
IMG_0029.mp4,6476,216.08274941608275,29.97,1409,1,traffic_lights,0.6395326852798462,1430.3787841796875,672.0663452148438,1475.9752197265625,731.0880737304688,1453.177001953125,701.5772094726562,45.596435546875,59.021728515625
IMG_0029.mp4,6476,216.08274941608275,29.97,1413,0,auth_label,0.41773757338523865,4.6038336753845215,364.4278564453125,125.308837890625,818.7276611328125,64.95633578300476,591.5777587890625,120.70500421524048,454.2998046875
IMG_0029.mp4,6476,216.08274941608275,29.97,1416,2,traffic_signs,0.8377147316932678,673.0121459960938,331.5960388183594,834.2597045898438,493.45361328125,753.6359252929688,412.5248260498047,161.24755859375,161.85757446289062
IMG_0029.mp4,6476,216.08274941608275,29.97,1314,2,traffic_signs,0.4818442761898041,1503.294921875,659.837890625,1554.8250732421875,706.028564453125,1529.0599975585938,682.9332275390625,51.5301513671875,46.190673828125
IMG_0029.mp4,6476,216.08274941608275,29.97,1347,2,traffic_signs,0.3983190059661865,962.9133911132812,670.6104125976562,1012.0185546875,737.0646362304688,987.4659729003906,703.8375244140625,49.10516357421875,66.4542236328125
IMG_0029.mp4,6477,216.11611611611613,29.97,1318,2,traffic_signs,0.9181026220321655,1425.27978515625,639.229736328125,1462.6773681640625,679.9329833984375,1443.9785766601562,659.5813598632812,37.3975830078125,40.7032470703125
IMG_0029.mp4,6477,216.11611611611613,29.97,1326,1,traffic_lights,0.8730955123901367,1138.74365234375,481.9304504394531,1164.688720703125,533.8489379882812,1151.7161865234375,507.8896942138672,25.945068359375,51.918487548828125
IMG_0029.mp4,6477,216.11611611611613,29.97,1344,1,traffic_lights,0.7556167840957642,1019.8540649414062,676.0121459960938,1035.717529296875,721.259033203125,1027.7857971191406,698.6355895996094,15.86346435546875,45.24688720703125
IMG_0029.mp4,6477,216.11611611611613,29.97,1325,1,traffic_lights,0.7910152077674866,1423.3516845703125,673.8756713867188,1478.1622314453125,733.7335815429688,1450.7569580078125,703.8046264648438,54.810546875,59.85791015625
IMG_0029.mp4,6477,216.11611611611613,29.97,1330,2,traffic_signs,0.27221834659576416,672.5259399414062,331.70513916015625,833.7808837890625,493.04119873046875,753.1534118652344,412.3731689453125,161.25494384765625,161.3360595703125
IMG_0029.mp4,6477,216.11611611611613,29.97,1409,1,traffic_lights,0.6291804909706116,1430.481201171875,671.9672241210938,1476.1827392578125,731.09619140625,1453.3319702148438,701.5317077636719,45.7015380859375,59.12896728515625
IMG_0029.mp4,6477,216.11611611611613,29.97,1413,0,auth_label,0.37284186482429504,4.701989650726318,364.1963806152344,124.8582534790039,819.4036254882812,64.78012156486511,591.8000030517578,120.15626382827759,455.2072448730469
IMG_0029.mp4,6477,216.11611611611613,29.97,1416,2,traffic_signs,0.37338367104530334,672.4910278320312,331.3414001464844,833.7976684570312,492.8177795410156,753.1443481445312,412.07958984375,161.306640625,161.47637939453125
IMG_0029.mp4,6477,216.11611611611613,29.97,1314,2,traffic_signs,0.4899824857711792,1503.558837890625,659.88623046875,1554.8983154296875,706.0079956054688,1529.2285766601562,682.9471130371094,51.3394775390625,46.12176513671875
IMG_0029.mp4,6478,216.1494828161495,29.97,1318,2,traffic_signs,0.9178159236907959,1425.4693603515625,639.1563720703125,1462.8201904296875,680.0679321289062,1444.144775390625,659.6121520996094,37.350830078125,40.91156005859375
IMG_0029.mp4,6478,216.1494828161495,29.97,1326,1,traffic_lights,0.8732268214225769,1138.804443359375,481.97137451171875,1164.7430419921875,533.707275390625,1151.7737426757812,507.8393249511719,25.9385986328125,51.73590087890625
IMG_0029.mp4,6478,216.1494828161495,29.97,1344,1,traffic_lights,0.7601361870765686,1019.780517578125,675.8530883789062,1035.7867431640625,721.3422241210938,1027.7836303710938,698.59765625,16.0062255859375,45.4891357421875
IMG_0029.mp4,6478,216.1494828161495,29.97,1325,1,traffic_lights,0.7922329902648926,1423.5179443359375,673.7164916992188,1478.400390625,733.7994384765625,1450.9591674804688,703.7579650878906,54.8824462890625,60.08294677734375
IMG_0029.mp4,6478,216.1494828161495,29.97,1330,2,traffic_signs,0.9387410879135132,672.4002075195312,331.35125732421875,833.7423706054688,492.6287841796875,753.0712890625,411.9900207519531,161.3421630859375,161.27752685546875
IMG_0029.mp4,6478,216.1494828161495,29.97,1409,1,traffic_lights,0.6664940118789673,1430.620849609375,671.7411499023438,1476.5057373046875,731.2052612304688,1453.5632934570312,701.4732055664062,45.8848876953125,59.464111328125
IMG_0029.mp4,6478,216.1494828161495,29.97,1413,0,auth_label,0.38162028789520264,4.55280876159668,363.4117736816406,124.33191680908203,819.8551635742188,64.44236278533936,591.6334686279297,119.77910804748535,456.4433898925781
IMG_0029.mp4,6478,216.1494828161495,29.97,1314,2,traffic_signs,0.3744547963142395,1503.955078125,659.9500122070312,1555.2724609375,706.066162109375,1529.61376953125,683.0080871582031,51.3173828125,46.11614990234375
IMG_0029.mp4,6479,216.18284951618287,29.97,1318,2,traffic_signs,0.918174147605896,1425.17138671875,639.105712890625,1462.64892578125,680.0812377929688,1443.91015625,659.5934753417969,37.4775390625,40.97552490234375
IMG_0029.mp4,6479,216.18284951618287,29.97,1326,1,traffic_lights,0.8747153878211975,1138.806640625,481.9948425292969,1164.6629638671875,533.56494140625,1151.7348022460938,507.77989196777344,25.8563232421875,51.570098876953125
IMG_0029.mp4,6479,216.18284951618287,29.97,1344,1,traffic_lights,0.7577635645866394,1019.7858276367188,675.7611694335938,1035.7923583984375,721.269775390625,1027.7890930175781,698.5154724121094,16.00653076171875,45.50860595703125
IMG_0029.mp4,6479,216.18284951618287,29.97,1325,1,traffic_lights,0.800833523273468,1423.6839599609375,673.618408203125,1478.1243896484375,733.7515869140625,1450.9041748046875,703.6849975585938,54.4404296875,60.1331787109375
IMG_0029.mp4,6479,216.18284951618287,29.97,1330,2,traffic_signs,0.9549832344055176,672.3054809570312,331.20458984375,833.7831420898438,492.3052978515625,753.0443115234375,411.75494384765625,161.4776611328125,161.1007080078125
IMG_0029.mp4,6479,216.18284951618287,29.97,1409,1,traffic_lights,0.6564064621925354,1430.5399169921875,671.7532348632812,1476.2813720703125,731.149658203125,1453.41064453125,701.4514465332031,45.741455078125,59.39642333984375
IMG_0029.mp4,6479,216.18284951618287,29.97,1413,0,auth_label,0.3749275803565979,4.8759002685546875,362.80810546875,124.22888946533203,819.843017578125,64.55239486694336,591.3255615234375,119.35298919677734,457.034912109375
IMG_0029.mp4,6479,216.18284951618287,29.97,1314,2,traffic_signs,0.5083224177360535,1503.8909912109375,659.9198608398438,1555.201416015625,706.012939453125,1529.5462036132812,682.9664001464844,51.3104248046875,46.09307861328125
IMG_0029.mp4,6479,216.18284951618287,29.97,1347,2,traffic_signs,0.40943485498428345,962.671142578125,670.563232421875,1011.9910278320312,737.0744018554688,987.3310852050781,703.8188171386719,49.31988525390625,66.51116943359375
IMG_0029.mp4,6480,216.21621621621622,29.97,1318,2,traffic_signs,0.9166427850723267,1425.2137451171875,639.1190185546875,1462.6650390625,680.0026245117188,1443.9393920898438,659.5608215332031,37.4512939453125,40.88360595703125
IMG_0029.mp4,6480,216.21621621621622,29.97,1326,1,traffic_lights,0.8828279972076416,1138.6986083984375,481.9846496582031,1164.652587890625,533.573974609375,1151.6755981445312,507.77931213378906,25.9539794921875,51.589324951171875
IMG_0029.mp4,6480,216.21621621621622,29.97,1344,1,traffic_lights,0.7670804262161255,1019.8446655273438,676.0571899414062,1035.73583984375,721.3787231445312,1027.7902526855469,698.7179565429688,15.89117431640625,45.321533203125
IMG_0029.mp4,6480,216.21621621621622,29.97,1325,1,traffic_lights,0.8016725778579712,1424.1661376953125,673.7102661132812,1478.1463623046875,733.8434448242188,1451.15625,703.77685546875,53.980224609375,60.1331787109375
IMG_0029.mp4,6480,216.21621621621622,29.97,1330,2,traffic_signs,0.9563062191009521,672.1113891601562,331.1712951660156,833.6596069335938,492.1666564941406,752.885498046875,411.6689758300781,161.5482177734375,160.995361328125
IMG_0029.mp4,6480,216.21621621621622,29.97,1409,1,traffic_lights,0.6413519978523254,1430.508544921875,671.693359375,1476.296142578125,731.2740478515625,1453.40234375,701.4837036132812,45.78759765625,59.5806884765625
IMG_0029.mp4,6480,216.21621621621622,29.97,1413,0,auth_label,0.4042235016822815,4.779104232788086,362.42218017578125,123.88931274414062,819.91015625,64.33420848846436,591.1661682128906,119.11020851135254,457.48797607421875
IMG_0029.mp4,6480,216.21621621621622,29.97,1314,2,traffic_signs,0.5538347363471985,1504.06591796875,659.952880859375,1555.2303466796875,706.1084594726562,1529.6481323242188,683.0306701660156,51.1644287109375,46.15557861328125
IMG_0029.mp4,6480,216.21621621621622,29.97,1347,2,traffic_signs,0.36987459659576416,963.4539794921875,670.454833984375,1012.0020141601562,737.1097412109375,987.7279968261719,703.7822875976562,48.54803466796875,66.6549072265625
IMG_0029.mp4,6481,216.24958291624958,29.97,1318,2,traffic_signs,0.9166739583015442,1425.17724609375,639.1218872070312,1462.62109375,680.1600952148438,1443.899169921875,659.6409912109375,37.44384765625,41.0382080078125
IMG_0029.mp4,6481,216.24958291624958,29.97,1326,1,traffic_lights,0.8809170126914978,1138.707763671875,482.0689392089844,1164.6451416015625,533.6204833984375,1151.6764526367188,507.84471130371094,25.9373779296875,51.551544189453125
IMG_0029.mp4,6481,216.24958291624958,29.97,1344,1,traffic_lights,0.7656858563423157,1019.7105712890625,675.9235229492188,1035.8211669921875,721.39111328125,1027.765869140625,698.6573181152344,16.110595703125,45.46759033203125
IMG_0029.mp4,6481,216.24958291624958,29.97,1325,1,traffic_lights,0.8014358878135681,1424.197509765625,673.7274780273438,1478.0565185546875,734.0289916992188,1451.1270141601562,703.8782348632812,53.8590087890625,60.301513671875
IMG_0029.mp4,6481,216.24958291624958,29.97,1330,2,traffic_signs,0.9555150270462036,671.98388671875,331.0990905761719,833.45458984375,491.9612731933594,752.71923828125,411.5301818847656,161.470703125,160.8621826171875
IMG_0029.mp4,6481,216.24958291624958,29.97,1409,1,traffic_lights,0.661536455154419,1430.54833984375,671.7716064453125,1476.301025390625,731.194580078125,1453.4246826171875,701.4830932617188,45.752685546875,59.4229736328125
IMG_0029.mp4,6481,216.24958291624958,29.97,1413,0,auth_label,0.41875705122947693,4.6300530433654785,362.2901916503906,124.08892822265625,820.1162719726562,64.35949063301086,591.2032318115234,119.45887517929077,457.8260803222656
IMG_0029.mp4,6481,216.24958291624958,29.97,1314,2,traffic_signs,0.4781430661678314,1504.10693359375,660.0006713867188,1555.2667236328125,706.1743774414062,1529.6868286132812,683.0875244140625,51.1597900390625,46.1737060546875
IMG_0029.mp4,6481,216.24958291624958,29.97,1347,2,traffic_signs,0.28829261660575867,963.589111328125,670.4194946289062,1011.9552612304688,737.0913696289062,987.7721862792969,703.7554321289062,48.36614990234375,66.671875
IMG_0029.mp4,6482,216.28294961628296,29.97,1318,2,traffic_signs,0.9167235493659973,1425.1781005859375,639.1282958984375,1462.606689453125,680.3045654296875,1443.8923950195312,659.7164306640625,37.4285888671875,41.17626953125
IMG_0029.mp4,6482,216.28294961628296,29.97,1326,1,traffic_lights,0.8785063624382019,1138.8392333984375,482.11505126953125,1164.7103271484375,533.686279296875,1151.7747802734375,507.9006652832031,25.87109375,51.57122802734375
IMG_0029.mp4,6482,216.28294961628296,29.97,1344,1,traffic_lights,0.7741567492485046,1019.8065795898438,675.900634765625,1035.988037109375,721.48779296875,1027.8973083496094,698.6942138671875,16.18145751953125,45.587158203125
IMG_0029.mp4,6482,216.28294961628296,29.97,1325,1,traffic_lights,0.8040831089019775,1424.1043701171875,673.7423706054688,1478.0087890625,734.1478271484375,1451.0565795898438,703.9450988769531,53.9044189453125,60.40545654296875
IMG_0029.mp4,6482,216.28294961628296,29.97,1330,2,traffic_signs,0.9561657905578613,672.1319580078125,331.1325378417969,833.4955444335938,491.88751220703125,752.8137512207031,411.51002502441406,161.36358642578125,160.75497436523438
IMG_0029.mp4,6482,216.28294961628296,29.97,1409,1,traffic_lights,0.6596638560295105,1430.4490966796875,671.86279296875,1476.3109130859375,731.18310546875,1453.3800048828125,701.52294921875,45.86181640625,59.3203125
IMG_0029.mp4,6482,216.28294961628296,29.97,1413,0,auth_label,0.43212947249412537,4.836827754974365,362.3434753417969,124.68351745605469,821.0255737304688,64.76017260551453,591.6845245361328,119.84668970108032,458.6820983886719
IMG_0029.mp4,6482,216.28294961628296,29.97,1314,2,traffic_signs,0.48733484745025635,1504.1114501953125,660.0125732421875,1555.29248046875,706.2185668945312,1529.7019653320312,683.1155700683594,51.1810302734375,46.20599365234375
IMG_0029.mp4,6482,216.28294961628296,29.97,1347,2,traffic_signs,0.5178078413009644,963.9132080078125,670.489501953125,1012.06201171875,737.08935546875,987.9876098632812,703.7894287109375,48.1488037109375,66.599853515625
IMG_0029.mp4,6483,216.31631631631632,29.97,1318,2,traffic_signs,0.9159677028656006,1425.257568359375,639.123046875,1462.6876220703125,680.0457153320312,1443.9725952148438,659.5843811035156,37.4300537109375,40.92266845703125
IMG_0029.mp4,6483,216.31631631631632,29.97,1326,1,traffic_lights,0.8685685396194458,1138.842041015625,481.98114013671875,1164.7518310546875,533.6821899414062,1151.7969360351562,507.8316650390625,25.9097900390625,51.7010498046875
IMG_0029.mp4,6483,216.31631631631632,29.97,1344,1,traffic_lights,0.7733974456787109,1019.9032592773438,675.8218383789062,1036.0101318359375,721.4304809570312,1027.9566955566406,698.6261596679688,16.10687255859375,45.608642578125
IMG_0029.mp4,6483,216.31631631631632,29.97,1325,1,traffic_lights,0.8063675165176392,1423.7919921875,673.576904296875,1478.1573486328125,734.2545166015625,1450.9746704101562,703.9157104492188,54.3653564453125,60.6776123046875
IMG_0029.mp4,6483,216.31631631631632,29.97,1330,2,traffic_signs,0.9567332863807678,672.2317504882812,331.11920166015625,833.6477661132812,491.9237060546875,752.9397583007812,411.5214538574219,161.416015625,160.80450439453125
IMG_0029.mp4,6483,216.31631631631632,29.97,1409,1,traffic_lights,0.6621251702308655,1430.0323486328125,671.6437377929688,1476.3782958984375,731.2935180664062,1453.205322265625,701.4686279296875,46.345947265625,59.6497802734375
IMG_0029.mp4,6483,216.31631631631632,29.97,1413,0,auth_label,0.38370078802108765,4.797257423400879,361.8147888183594,125.00952911376953,821.6047973632812,64.9033932685852,591.7097930908203,120.21227169036865,459.7900085449219
IMG_0029.mp4,6483,216.31631631631632,29.97,1314,2,traffic_signs,0.46009397506713867,1504.09423828125,660.0645751953125,1555.3681640625,706.1424560546875,1529.731201171875,683.103515625,51.27392578125,46.077880859375
IMG_0029.mp4,6483,216.31631631631632,29.97,1347,2,traffic_signs,0.47922661900520325,964.0413208007812,670.5422973632812,1012.0865478515625,737.0164794921875,988.0639343261719,703.7793884277344,48.04522705078125,66.47418212890625
IMG_0029.mp4,6484,216.3496830163497,29.97,1318,2,traffic_signs,0.9165711998939514,1425.295654296875,639.1055297851562,1462.7822265625,680.1901245117188,1444.0389404296875,659.6478271484375,37.486572265625,41.0845947265625
IMG_0029.mp4,6484,216.3496830163497,29.97,1326,1,traffic_lights,0.8633914589881897,1138.86181640625,482.06561279296875,1164.8031005859375,533.6561279296875,1151.8324584960938,507.8608703613281,25.9412841796875,51.59051513671875
IMG_0029.mp4,6484,216.3496830163497,29.97,1344,1,traffic_lights,0.7678187489509583,1019.9193115234375,675.8197021484375,1036.095947265625,721.2565307617188,1028.0076293945312,698.5381164550781,16.1766357421875,45.43682861328125
IMG_0029.mp4,6484,216.3496830163497,29.97,1325,1,traffic_lights,0.789570152759552,1423.94189453125,673.5185546875,1478.1563720703125,734.317626953125,1451.0491333007812,703.9180908203125,54.2144775390625,60.799072265625
IMG_0029.mp4,6484,216.3496830163497,29.97,1330,2,traffic_signs,0.9569574594497681,672.330322265625,331.1092529296875,833.9366455078125,492.05426025390625,753.1334838867188,411.5817565917969,161.6063232421875,160.94500732421875
IMG_0029.mp4,6484,216.3496830163497,29.97,1409,1,traffic_lights,0.6793690323829651,1430.433837890625,671.3899536132812,1476.50390625,731.194580078125,1453.4688720703125,701.2922668457031,46.070068359375,59.80462646484375
IMG_0029.mp4,6484,216.3496830163497,29.97,1413,0,auth_label,0.30972549319267273,4.702530860900879,361.09832763671875,125.77876281738281,821.1959228515625,65.24064683914185,591.1471252441406,121.07623195648193,460.09759521484375
IMG_0029.mp4,6484,216.3496830163497,29.97,1347,2,traffic_signs,0.5557549595832825,964.31298828125,670.6348876953125,1012.1781616210938,736.9332885742188,988.2455749511719,703.7840881347656,47.86517333984375,66.29840087890625
IMG_0029.mp4,6485,216.38304971638306,29.97,1318,2,traffic_signs,0.9184913635253906,1425.59765625,639.1744384765625,1463.014892578125,680.1707153320312,1444.3062744140625,659.6725769042969,37.417236328125,40.99627685546875
IMG_0029.mp4,6485,216.38304971638306,29.97,1326,1,traffic_lights,0.8294770121574402,1139.0040283203125,482.0712890625,1164.921630859375,533.5802001953125,1151.9628295898438,507.82574462890625,25.9176025390625,51.5089111328125
IMG_0029.mp4,6485,216.38304971638306,29.97,1344,1,traffic_lights,0.7673588991165161,1019.9898681640625,675.9075927734375,1036.1551513671875,721.2467651367188,1028.072509765625,698.5771789550781,16.165283203125,45.33917236328125
IMG_0029.mp4,6485,216.38304971638306,29.97,1325,1,traffic_lights,0.7808040380477905,1424.4195556640625,673.5305786132812,1478.2874755859375,734.5306396484375,1451.353515625,704.0306091308594,53.867919921875,61.00006103515625
IMG_0029.mp4,6485,216.38304971638306,29.97,1330,2,traffic_signs,0.9569115042686462,672.358154296875,331.1341857910156,833.9789428710938,492.126708984375,753.1685485839844,411.6304473876953,161.62078857421875,160.99252319335938
IMG_0029.mp4,6485,216.38304971638306,29.97,1409,1,traffic_lights,0.6638885736465454,1430.524658203125,671.467041015625,1476.69287109375,731.4030151367188,1453.6087646484375,701.4350280761719,46.168212890625,59.93597412109375
IMG_0029.mp4,6485,216.38304971638306,29.97,1413,0,auth_label,0.3669019341468811,4.602499961853027,361.886474609375,125.14508819580078,820.8834228515625,64.8737940788269,591.3849487304688,120.54258823394775,458.9969482421875
IMG_0029.mp4,6485,216.38304971638306,29.97,1347,2,traffic_signs,0.5880047678947449,964.6296997070312,670.7216796875,1012.258544921875,737.0283203125,988.4441223144531,703.875,47.62884521484375,66.306640625
IMG_0029.mp4,6486,216.4164164164164,29.97,1318,2,traffic_signs,0.9174922704696655,1425.633056640625,639.2279663085938,1463.0078125,679.9805297851562,1444.3204345703125,659.604248046875,37.374755859375,40.7525634765625
IMG_0029.mp4,6486,216.4164164164164,29.97,1326,1,traffic_lights,0.8083314299583435,1138.9427490234375,481.9499816894531,1164.986572265625,533.5379028320312,1151.9646606445312,507.7439422607422,26.0438232421875,51.587921142578125
IMG_0029.mp4,6486,216.4164164164164,29.97,1344,1,traffic_lights,0.7719271779060364,1020.0394897460938,676.059814453125,1036.0638427734375,721.2044067382812,1028.0516662597656,698.6321105957031,16.02435302734375,45.14459228515625
IMG_0029.mp4,6486,216.4164164164164,29.97,1325,1,traffic_lights,0.7752952575683594,1424.578369140625,673.8611450195312,1478.3494873046875,734.629638671875,1451.4639282226562,704.2453918457031,53.7711181640625,60.76849365234375
IMG_0029.mp4,6486,216.4164164164164,29.97,1330,2,traffic_signs,0.9564395546913147,672.5252685546875,331.24334716796875,834.0056762695312,492.186279296875,753.2654724121094,411.7148132324219,161.48040771484375,160.94293212890625
IMG_0029.mp4,6486,216.4164164164164,29.97,1409,1,traffic_lights,0.6482030153274536,1430.7347412109375,671.9053344726562,1476.672119140625,731.46533203125,1453.7034301757812,701.6853332519531,45.9373779296875,59.55999755859375
IMG_0029.mp4,6486,216.4164164164164,29.97,1413,0,auth_label,0.37351635098457336,4.619054794311523,361.4394836425781,125.03630828857422,820.9097290039062,64.82768154144287,591.1746063232422,120.4172534942627,459.4702453613281
IMG_0029.mp4,6486,216.4164164164164,29.97,1347,2,traffic_signs,0.5977342128753662,964.77685546875,670.7151489257812,1012.2344360351562,736.9571533203125,988.5056457519531,703.8361511230469,47.45758056640625,66.24200439453125
IMG_0029.mp4,6487,216.4497831164498,29.97,1318,2,traffic_signs,0.9178764820098877,1425.5672607421875,639.2775268554688,1463.0020751953125,680.0861206054688,1444.28466796875,659.6818237304688,37.434814453125,40.80859375
IMG_0029.mp4,6487,216.4497831164498,29.97,1326,1,traffic_lights,0.7630090117454529,1138.993408203125,481.9963684082031,1164.9886474609375,533.4357299804688,1151.9910278320312,507.71604919433594,25.9952392578125,51.439361572265625
IMG_0029.mp4,6487,216.4497831164498,29.97,1344,1,traffic_lights,0.7728627920150757,1020.0589599609375,675.8724365234375,1036.1436767578125,721.3282470703125,1028.101318359375,698.600341796875,16.084716796875,45.455810546875
IMG_0029.mp4,6487,216.4497831164498,29.97,1325,1,traffic_lights,0.7800347805023193,1424.703857421875,673.8458251953125,1478.4010009765625,734.7633666992188,1451.5524291992188,704.3045959472656,53.6971435546875,60.91754150390625
IMG_0029.mp4,6487,216.4497831164498,29.97,1330,2,traffic_signs,0.956696093082428,672.6337890625,331.2997131347656,834.1769409179688,492.2165222167969,753.4053649902344,411.75811767578125,161.54315185546875,160.91680908203125
IMG_0029.mp4,6487,216.4497831164498,29.97,1409,1,traffic_lights,0.6820172071456909,1430.7469482421875,671.731201171875,1476.8284912109375,731.483154296875,1453.7877197265625,701.607177734375,46.08154296875,59.751953125
IMG_0029.mp4,6487,216.4497831164498,29.97,1413,0,auth_label,0.42348936200141907,4.586023330688477,362.5757141113281,124.45219421386719,821.4987182617188,64.51910877227783,592.0372161865234,119.86617088317871,458.9230041503906
IMG_0029.mp4,6487,216.4497831164498,29.97,1347,2,traffic_signs,0.6012488007545471,964.7828369140625,670.7658081054688,1012.2228393554688,736.996337890625,988.5028381347656,703.8810729980469,47.44000244140625,66.23052978515625
IMG_0029.mp4,6487,216.4497831164498,29.97,1314,2,traffic_signs,0.2915176749229431,1503.62451171875,658.9406127929688,1556.7591552734375,705.5753173828125,1530.1918334960938,682.2579650878906,53.1346435546875,46.63470458984375
IMG_0029.mp4,6488,216.48314981648315,29.97,1318,2,traffic_signs,0.9175361394882202,1425.5521240234375,639.271728515625,1462.986572265625,680.1161499023438,1444.2693481445312,659.6939392089844,37.4344482421875,40.84442138671875
IMG_0029.mp4,6488,216.48314981648315,29.97,1326,1,traffic_lights,0.75273197889328,1139.042724609375,482.08209228515625,1165.00048828125,533.4540405273438,1152.0216064453125,507.76806640625,25.957763671875,51.3719482421875
IMG_0029.mp4,6488,216.48314981648315,29.97,1344,1,traffic_lights,0.7706900238990784,1020.0119018554688,675.9193115234375,1036.1064453125,721.2451782226562,1028.0591735839844,698.5822448730469,16.09454345703125,45.32586669921875
IMG_0029.mp4,6488,216.48314981648315,29.97,1325,1,traffic_lights,0.7895635962486267,1424.509033203125,673.840087890625,1478.4212646484375,734.66943359375,1451.4651489257812,704.2547607421875,53.9122314453125,60.829345703125
IMG_0029.mp4,6488,216.48314981648315,29.97,1330,2,traffic_signs,0.9564052224159241,672.6580810546875,331.32550048828125,834.2576904296875,492.2445983886719,753.4578857421875,411.78504943847656,161.599609375,160.91909790039062
IMG_0029.mp4,6488,216.48314981648315,29.97,1409,1,traffic_lights,0.6884187459945679,1430.4996337890625,671.5682373046875,1476.9005126953125,731.4675903320312,1453.7000732421875,701.5179138183594,46.40087890625,59.89935302734375
IMG_0029.mp4,6488,216.48314981648315,29.97,1413,0,auth_label,0.4363904893398285,4.425980091094971,363.0396423339844,124.45140075683594,822.0280151367188,64.43869042396545,592.5338287353516,120.02542066574097,458.9883728027344
IMG_0029.mp4,6488,216.48314981648315,29.97,1347,2,traffic_signs,0.592737078666687,964.7335205078125,670.7225341796875,1012.24609375,736.96630859375,988.4898071289062,703.8444213867188,47.5125732421875,66.2437744140625
IMG_0029.mp4,6489,216.51651651651653,29.97,1318,2,traffic_signs,0.9177370667457581,1425.55517578125,639.279296875,1463.033447265625,679.9133911132812,1444.2943115234375,659.5963439941406,37.478271484375,40.63409423828125
IMG_0029.mp4,6489,216.51651651651653,29.97,1326,1,traffic_lights,0.7266887426376343,1139.0228271484375,481.9838562011719,1165.0390625,533.42138671875,1152.0309448242188,507.70262145996094,26.0162353515625,51.437530517578125
IMG_0029.mp4,6489,216.51651651651653,29.97,1344,1,traffic_lights,0.7674098014831543,1019.8900146484375,675.9002075195312,1036.018310546875,721.169677734375,1027.9541625976562,698.5349426269531,16.1282958984375,45.26947021484375
IMG_0029.mp4,6489,216.51651651651653,29.97,1325,1,traffic_lights,0.7919339537620544,1424.091552734375,674.0447998046875,1478.5770263671875,734.48974609375,1451.3342895507812,704.2672729492188,54.4854736328125,60.4449462890625
IMG_0029.mp4,6489,216.51651651651653,29.97,1330,2,traffic_signs,0.9565616846084595,672.7320556640625,331.3223876953125,834.3128051757812,492.2734375,753.5224304199219,411.79791259765625,161.58074951171875,160.9510498046875
IMG_0029.mp4,6489,216.51651651651653,29.97,1409,1,traffic_lights,0.6797524094581604,1430.154052734375,671.8595581054688,1476.897216796875,731.4899291992188,1453.525634765625,701.6747436523438,46.7431640625,59.63037109375
IMG_0029.mp4,6489,216.51651651651653,29.97,1413,0,auth_label,0.46081438660621643,4.533793926239014,363.5899658203125,124.37287902832031,822.2957153320312,64.45333647727966,592.9428405761719,119.8390851020813,458.70574951171875
IMG_0029.mp4,6489,216.51651651651653,29.97,1347,2,traffic_signs,0.5880671739578247,964.5484008789062,670.712890625,1012.2172241210938,736.9227294921875,988.3828125,703.8178100585938,47.6688232421875,66.2098388671875
IMG_0029.mp4,6490,216.5498832165499,29.97,1318,2,traffic_signs,0.9174286723136902,1425.5269775390625,639.2650756835938,1463.0428466796875,680.0739135742188,1444.284912109375,659.6694946289062,37.515869140625,40.808837890625
IMG_0029.mp4,6490,216.5498832165499,29.97,1326,1,traffic_lights,0.7120939493179321,1139.0238037109375,482.0983581542969,1165.036865234375,533.4200439453125,1152.0303344726562,507.7592010498047,26.0130615234375,51.321685791015625
IMG_0029.mp4,6490,216.5498832165499,29.97,1344,1,traffic_lights,0.7630141377449036,1019.8787841796875,675.8131103515625,1036.0794677734375,721.4207153320312,1027.9791259765625,698.6169128417969,16.20068359375,45.60760498046875
IMG_0029.mp4,6490,216.5498832165499,29.97,1325,1,traffic_lights,0.7779408693313599,1423.9906005859375,673.7591552734375,1478.5450439453125,734.5570068359375,1451.267822265625,704.1580810546875,54.554443359375,60.7978515625
IMG_0029.mp4,6490,216.5498832165499,29.97,1330,2,traffic_signs,0.9565423727035522,672.7396240234375,331.3064880371094,834.3413696289062,492.2753601074219,753.5404968261719,411.7909240722656,161.60174560546875,160.9688720703125
IMG_0029.mp4,6490,216.5498832165499,29.97,1409,1,traffic_lights,0.6791732907295227,1430.1141357421875,671.4971923828125,1476.9549560546875,731.4605102539062,1453.5345458984375,701.4788513183594,46.8408203125,59.96331787109375
IMG_0029.mp4,6490,216.5498832165499,29.97,1413,0,auth_label,0.4536324739456177,4.526264667510986,363.5115661621094,124.05754089355469,822.1332397460938,64.29190278053284,592.8224029541016,119.5312762260437,458.6216735839844
IMG_0029.mp4,6490,216.5498832165499,29.97,1347,2,traffic_signs,0.5809031128883362,964.620849609375,670.6638793945312,1012.3012084960938,736.94970703125,988.4610290527344,703.8067932128906,47.68035888671875,66.28582763671875
IMG_0029.mp4,6491,216.58324991658327,29.97,1318,2,traffic_signs,0.9195254445075989,1425.8414306640625,639.3156127929688,1463.2421875,680.3268432617188,1444.5418090820312,659.8212280273438,37.4007568359375,41.01123046875
IMG_0029.mp4,6491,216.58324991658327,29.97,1326,1,traffic_lights,0.5232430696487427,1139.1519775390625,482.0589599609375,1165.2579345703125,533.4074096679688,1152.2049560546875,507.7331848144531,26.10595703125,51.34844970703125
IMG_0029.mp4,6491,216.58324991658327,29.97,1344,1,traffic_lights,0.7625971436500549,1020.0000610351562,675.79833984375,1036.156494140625,721.5206298828125,1028.0782775878906,698.6594848632812,16.15643310546875,45.7222900390625
IMG_0029.mp4,6491,216.58324991658327,29.97,1325,1,traffic_lights,0.7663486003875732,1424.0740966796875,673.7005615234375,1478.753662109375,734.8416748046875,1451.4138793945312,704.2711181640625,54.6795654296875,61.14111328125
IMG_0029.mp4,6491,216.58324991658327,29.97,1330,2,traffic_signs,0.9561999440193176,672.6298217773438,331.2152099609375,834.4321899414062,492.2798156738281,753.531005859375,411.7475128173828,161.8023681640625,161.06460571289062
IMG_0029.mp4,6491,216.58324991658327,29.97,1409,1,traffic_lights,0.6852579116821289,1430.146484375,671.4347534179688,1477.21240234375,731.6652221679688,1453.679443359375,701.5499877929688,47.06591796875,60.23046875
IMG_0029.mp4,6491,216.58324991658327,29.97,1413,0,auth_label,0.42428523302078247,4.504146099090576,362.7343444824219,123.66474151611328,822.7657470703125,64.08444380760193,592.7500457763672,119.1605954170227,460.0314025878906
IMG_0029.mp4,6491,216.58324991658327,29.97,1347,2,traffic_signs,0.5871887803077698,964.5968627929688,670.6436767578125,1012.4705810546875,737.0963745117188,988.5337219238281,703.8700256347656,47.87371826171875,66.45269775390625
IMG_0029.mp4,6491,216.58324991658327,29.97,1314,2,traffic_signs,0.4015119969844818,1503.4549560546875,658.7801513671875,1557.275146484375,705.6708374023438,1530.3650512695312,682.2254943847656,53.8201904296875,46.89068603515625
IMG_0029.mp4,6492,216.61661661661662,29.97,1318,2,traffic_signs,0.9210142493247986,1425.8560791015625,639.2416381835938,1463.2713623046875,679.8698120117188,1444.563720703125,659.5557250976562,37.415283203125,40.628173828125
IMG_0029.mp4,6492,216.61661661661662,29.97,1326,1,traffic_lights,0.6016554832458496,1139.080322265625,482.0242614746094,1165.1763916015625,533.2509765625,1152.1283569335938,507.6376190185547,26.0960693359375,51.226715087890625
IMG_0029.mp4,6492,216.61661661661662,29.97,1344,1,traffic_lights,0.7616549134254456,1019.9594116210938,676.0062866210938,1035.9708251953125,721.3855590820312,1027.9651184082031,698.6959228515625,16.01141357421875,45.3792724609375
IMG_0029.mp4,6492,216.61661661661662,29.97,1325,1,traffic_lights,0.7583276629447937,1424.0418701171875,673.99169921875,1478.90966796875,734.7664184570312,1451.4757690429688,704.3790588378906,54.8677978515625,60.77471923828125
IMG_0029.mp4,6492,216.61661661661662,29.97,1330,2,traffic_signs,0.956058919429779,672.5293579101562,331.19989013671875,834.4342041015625,492.21759033203125,753.4817810058594,411.708740234375,161.90484619140625,161.0177001953125
IMG_0029.mp4,6492,216.61661661661662,29.97,1409,1,traffic_lights,0.6544328927993774,1430.499755859375,671.899169921875,1477.1878662109375,731.6878051757812,1453.8438110351562,701.7934875488281,46.6881103515625,59.78863525390625
IMG_0029.mp4,6492,216.61661661661662,29.97,1413,0,auth_label,0.3740115463733673,4.454406261444092,362.83453369140625,123.76911163330078,823.2097778320312,64.11175894737244,593.0221557617188,119.31470537185669,460.375244140625
IMG_0029.mp4,6492,216.61661661661662,29.97,1347,2,traffic_signs,0.5817866921424866,964.6266479492188,670.5741577148438,1012.4312133789062,737.0038452148438,988.5289306640625,703.7890014648438,47.8045654296875,66.4296875
IMG_0029.mp4,6492,216.61661661661662,29.97,1417,1,traffic_lights,0.3234797418117523,1138.939208984375,481.6961364746094,1164.5177001953125,533.3792114257812,1151.7284545898438,507.5376739501953,25.5784912109375,51.683074951171875
IMG_0029.mp4,6493,216.64998331664998,29.97,1318,2,traffic_signs,0.9185964465141296,1425.8948974609375,639.158935546875,1463.221923828125,680.0380249023438,1444.5584106445312,659.5984802246094,37.3270263671875,40.87908935546875
IMG_0029.mp4,6493,216.64998331664998,29.97,1326,1,traffic_lights,0.5809565186500549,1139.156005859375,482.12451171875,1165.215576171875,533.1995849609375,1152.185791015625,507.66204833984375,26.0595703125,51.0750732421875
IMG_0029.mp4,6493,216.64998331664998,29.97,1344,1,traffic_lights,0.7593683004379272,1019.9632568359375,675.9337768554688,1036.1312255859375,721.4944458007812,1028.0472412109375,698.714111328125,16.16796875,45.5606689453125
IMG_0029.mp4,6493,216.64998331664998,29.97,1325,1,traffic_lights,0.7615829706192017,1423.935302734375,673.762939453125,1479.056884765625,734.7731323242188,1451.49609375,704.2680358886719,55.12158203125,61.01019287109375
IMG_0029.mp4,6493,216.64998331664998,29.97,1330,2,traffic_signs,0.9566231966018677,672.5866088867188,331.1708679199219,834.43115234375,492.1022644042969,753.5088806152344,411.6365661621094,161.84454345703125,160.931396484375
IMG_0029.mp4,6493,216.64998331664998,29.97,1409,1,traffic_lights,0.6894068717956543,1430.40771484375,671.691650390625,1477.37744140625,731.8104858398438,1453.892578125,701.7510681152344,46.9697265625,60.11883544921875
IMG_0029.mp4,6493,216.64998331664998,29.97,1413,0,auth_label,0.36017516255378723,4.410113334655762,363.5775146484375,124.44085693359375,822.668212890625,64.42548513412476,593.1228637695312,120.03074359893799,459.0906982421875
IMG_0029.mp4,6493,216.64998331664998,29.97,1347,2,traffic_signs,0.5951021909713745,964.7372436523438,670.5614624023438,1012.7060546875,737.0043334960938,988.7216491699219,703.7828979492188,47.96881103515625,66.44287109375
IMG_0029.mp4,6493,216.64998331664998,29.97,1417,1,traffic_lights,0.322622686624527,1139.0152587890625,481.8106994628906,1164.5242919921875,533.34326171875,1151.769775390625,507.5769805908203,25.509033203125,51.532562255859375
IMG_0029.mp4,6493,216.64998331664998,29.97,1314,2,traffic_signs,0.5062045454978943,1503.5819091796875,658.7390747070312,1557.708740234375,705.5585327148438,1530.6453247070312,682.1488037109375,54.1268310546875,46.8194580078125
IMG_0029.mp4,6494,216.68335001668336,29.97,1318,2,traffic_signs,0.9182968735694885,1425.9285888671875,639.1156616210938,1463.2283935546875,680.1702880859375,1444.5784912109375,659.6429748535156,37.2998046875,41.05462646484375
IMG_0029.mp4,6494,216.68335001668336,29.97,1326,1,traffic_lights,0.6576153039932251,1139.2200927734375,482.0799865722656,1165.2127685546875,533.1464233398438,1152.2164306640625,507.6132049560547,25.99267578125,51.066436767578125
IMG_0029.mp4,6494,216.68335001668336,29.97,1344,1,traffic_lights,0.7554046511650085,1019.9719848632812,675.927734375,1036.1839599609375,721.509765625,1028.0779724121094,698.71875,16.21197509765625,45.58203125
IMG_0029.mp4,6494,216.68335001668336,29.97,1325,1,traffic_lights,0.7534307241439819,1424.04150390625,673.6951904296875,1479.1494140625,734.7244262695312,1451.595458984375,704.2098083496094,55.10791015625,61.02923583984375
IMG_0029.mp4,6494,216.68335001668336,29.97,1330,2,traffic_signs,0.9567044973373413,672.603759765625,331.19317626953125,834.380615234375,492.0418395996094,753.4921875,411.6175079345703,161.77685546875,160.84866333007812
IMG_0029.mp4,6494,216.68335001668336,29.97,1409,1,traffic_lights,0.6806275844573975,1430.4508056640625,671.5994873046875,1477.4949951171875,731.81005859375,1453.972900390625,701.7047729492188,47.044189453125,60.2105712890625
IMG_0029.mp4,6494,216.68335001668336,29.97,1413,0,auth_label,0.3231462240219116,4.3124494552612305,364.1480407714844,124.876953125,821.802734375,64.59470129013062,592.9753875732422,120.56450366973877,457.6546936035156
IMG_0029.mp4,6494,216.68335001668336,29.97,1347,2,traffic_signs,0.5932167172431946,964.80517578125,670.551025390625,1012.8195190429688,737.0025634765625,988.8123474121094,703.7767944335938,48.01434326171875,66.4515380859375
IMG_0029.mp4,6494,216.68335001668336,29.97,1314,2,traffic_signs,0.49313709139823914,1503.6243896484375,658.7431030273438,1557.78173828125,705.5535888671875,1530.7030639648438,682.1483459472656,54.1573486328125,46.81048583984375
IMG_0029.mp4,6495,216.71671671671672,29.97,1318,2,traffic_signs,0.9197819232940674,1426.02490234375,639.137451171875,1463.24169921875,679.950927734375,1444.63330078125,659.544189453125,37.216796875,40.8134765625
IMG_0029.mp4,6495,216.71671671671672,29.97,1326,1,traffic_lights,0.7163558006286621,1139.1678466796875,482.1220703125,1165.117431640625,533.140869140625,1152.1426391601562,507.6314697265625,25.9495849609375,51.018798828125
IMG_0029.mp4,6495,216.71671671671672,29.97,1344,1,traffic_lights,0.7705695629119873,1020.064208984375,676.0458984375,1036.1697998046875,721.5789184570312,1028.1170043945312,698.8124084472656,16.1055908203125,45.53302001953125
IMG_0029.mp4,6495,216.71671671671672,29.97,1325,1,traffic_lights,0.7655035257339478,1424.1990966796875,673.840087890625,1479.3565673828125,734.6400146484375,1451.77783203125,704.2400512695312,55.157470703125,60.7999267578125
IMG_0029.mp4,6495,216.71671671671672,29.97,1330,2,traffic_signs,0.9562680721282959,672.6526489257812,331.1877746582031,834.4171752929688,492.1080017089844,753.534912109375,411.64788818359375,161.7645263671875,160.92022705078125
IMG_0029.mp4,6495,216.71671671671672,29.97,1409,1,traffic_lights,0.689314603805542,1430.520263671875,671.7850952148438,1477.6341552734375,731.8407592773438,1454.0772094726562,701.8129272460938,47.1138916015625,60.0556640625
IMG_0029.mp4,6495,216.71671671671672,29.97,1413,0,auth_label,0.3004022240638733,4.353043079376221,363.49566650390625,124.89486694335938,821.564453125,64.6239550113678,592.5300598144531,120.54182386398315,458.06878662109375
IMG_0029.mp4,6495,216.71671671671672,29.97,1347,2,traffic_signs,0.5791088938713074,964.7732543945312,670.6367797851562,1012.7020263671875,737.034912109375,988.7376403808594,703.8358459472656,47.92877197265625,66.39813232421875
IMG_0029.mp4,6495,216.71671671671672,29.97,1314,2,traffic_signs,0.5929557681083679,1503.6695556640625,658.7512817382812,1557.7708740234375,705.58837890625,1530.72021484375,682.1698303222656,54.101318359375,46.83709716796875
IMG_0029.mp4,6496,216.7500834167501,29.97,1318,2,traffic_signs,0.9194976091384888,1425.9296875,639.1376342773438,1463.25732421875,680.1119384765625,1444.593505859375,659.6247863769531,37.32763671875,40.97430419921875
IMG_0029.mp4,6496,216.7500834167501,29.97,1326,1,traffic_lights,0.6755821704864502,1139.16552734375,482.1026306152344,1165.0941162109375,533.157470703125,1152.1298217773438,507.6300506591797,25.9285888671875,51.054840087890625
IMG_0029.mp4,6496,216.7500834167501,29.97,1344,1,traffic_lights,0.7773189544677734,1020.1151123046875,675.966796875,1036.19873046875,721.5194702148438,1028.1569213867188,698.7431335449219,16.0836181640625,45.55267333984375
IMG_0029.mp4,6496,216.7500834167501,29.97,1325,1,traffic_lights,0.7708590030670166,1424.375244140625,673.7025756835938,1479.3170166015625,734.5592041015625,1451.8461303710938,704.1308898925781,54.9417724609375,60.85662841796875
IMG_0029.mp4,6496,216.7500834167501,29.97,1330,2,traffic_signs,0.9558734893798828,672.6270751953125,331.1648864746094,834.3383178710938,492.14801025390625,753.4826965332031,411.6564483642578,161.71124267578125,160.98312377929688
IMG_0029.mp4,6496,216.7500834167501,29.97,1409,1,traffic_lights,0.7081125974655151,1430.5340576171875,671.716064453125,1477.644287109375,731.8502197265625,1454.0891723632812,701.7831420898438,47.1102294921875,60.1341552734375
IMG_0029.mp4,6496,216.7500834167501,29.97,1413,0,auth_label,0.29877960681915283,4.258360862731934,363.05126953125,124.66693115234375,821.7527465820312,64.46264600753784,592.4020080566406,120.40857028961182,458.70147705078125
IMG_0029.mp4,6496,216.7500834167501,29.97,1347,2,traffic_signs,0.5992206335067749,965.0376586914062,670.77734375,1012.7888793945312,737.009521484375,988.9132690429688,703.8934326171875,47.751220703125,66.232177734375
IMG_0029.mp4,6496,216.7500834167501,29.97,1314,2,traffic_signs,0.7235342264175415,1503.7103271484375,658.7860717773438,1557.7828369140625,705.6227416992188,1530.74658203125,682.2044067382812,54.072509765625,46.836669921875
IMG_0029.mp4,6497,216.78345011678346,29.97,1318,2,traffic_signs,0.9187462329864502,1425.92138671875,639.1417846679688,1463.279296875,680.1117553710938,1444.600341796875,659.6267700195312,37.35791015625,40.969970703125
IMG_0029.mp4,6497,216.78345011678346,29.97,1326,1,traffic_lights,0.6601873636245728,1139.1610107421875,482.1095886230469,1165.1343994140625,533.1837768554688,1152.147705078125,507.6466827392578,25.973388671875,51.074188232421875
IMG_0029.mp4,6497,216.78345011678346,29.97,1344,1,traffic_lights,0.7764502167701721,1020.11279296875,675.9124755859375,1036.229736328125,721.6036376953125,1028.1712646484375,698.758056640625,16.116943359375,45.691162109375
IMG_0029.mp4,6497,216.78345011678346,29.97,1325,1,traffic_lights,0.7790307402610779,1424.3072509765625,673.651611328125,1479.307373046875,734.4915161132812,1451.8073120117188,704.0715637207031,55.0001220703125,60.83990478515625
IMG_0029.mp4,6497,216.78345011678346,29.97,1330,2,traffic_signs,0.9561231732368469,672.6248168945312,331.144287109375,834.2742919921875,492.1741638183594,753.4495544433594,411.6592254638672,161.64947509765625,161.02987670898438
IMG_0029.mp4,6497,216.78345011678346,29.97,1409,1,traffic_lights,0.7004421353340149,1430.423095703125,671.6895141601562,1477.587890625,731.8864135742188,1454.0054931640625,701.7879638671875,47.164794921875,60.1968994140625
IMG_0029.mp4,6497,216.78345011678346,29.97,1413,0,auth_label,0.32511425018310547,4.273874759674072,362.0499572753906,124.6836929321289,821.516845703125,64.47878384590149,591.7834014892578,120.40981817245483,459.4668884277344
IMG_0029.mp4,6497,216.78345011678346,29.97,1347,2,traffic_signs,0.5799327492713928,965.1806030273438,670.8600463867188,1012.979736328125,737.0390625,989.0801696777344,703.9495544433594,47.79913330078125,66.17901611328125
IMG_0029.mp4,6497,216.78345011678346,29.97,1314,2,traffic_signs,0.7213953137397766,1503.726318359375,658.8154907226562,1557.77490234375,705.6181030273438,1530.7506103515625,682.216796875,54.048583984375,46.8026123046875
IMG_0029.mp4,6498,216.8168168168168,29.97,1318,2,traffic_signs,0.9178788661956787,1425.903076171875,639.1696166992188,1463.3524169921875,679.7991333007812,1444.6277465820312,659.484375,37.4493408203125,40.6295166015625
IMG_0029.mp4,6498,216.8168168168168,29.97,1326,1,traffic_lights,0.7567287087440491,1139.1214599609375,482.04833984375,1165.0625,533.2208862304688,1152.0919799804688,507.6346130371094,25.9410400390625,51.17254638671875
IMG_0029.mp4,6498,216.8168168168168,29.97,1344,1,traffic_lights,0.7833109498023987,1020.1346435546875,676.0431518554688,1036.1285400390625,721.5157470703125,1028.131591796875,698.7794494628906,15.993896484375,45.47259521484375
IMG_0029.mp4,6498,216.8168168168168,29.97,1325,1,traffic_lights,0.7869608998298645,1424.1478271484375,673.881591796875,1479.3978271484375,734.5153198242188,1451.7728271484375,704.1984558105469,55.25,60.63372802734375
IMG_0029.mp4,6498,216.8168168168168,29.97,1330,2,traffic_signs,0.9555771946907043,672.6323852539062,331.14013671875,834.2149047851562,492.20208740234375,753.4236450195312,411.6711120605469,161.58251953125,161.06195068359375
IMG_0029.mp4,6498,216.8168168168168,29.97,1409,1,traffic_lights,0.6935126781463623,1430.290771484375,671.8514404296875,1477.5316162109375,732.0479125976562,1453.9111938476562,701.9496765136719,47.2408447265625,60.19647216796875
IMG_0029.mp4,6498,216.8168168168168,29.97,1413,0,auth_label,0.2971842288970947,4.341769695281982,361.75396728515625,124.74737548828125,821.3443603515625,64.54457259178162,591.5491638183594,120.40560579299927,459.59039306640625
IMG_0029.mp4,6498,216.8168168168168,29.97,1347,2,traffic_signs,0.5649745464324951,965.3907470703125,670.8780517578125,1012.875,736.984619140625,989.1328735351562,703.9313354492188,47.4842529296875,66.1065673828125
IMG_0029.mp4,6498,216.8168168168168,29.97,1314,2,traffic_signs,0.5791365504264832,1503.6265869140625,658.8229370117188,1557.7706298828125,705.6492309570312,1530.6986083984375,682.236083984375,54.14404296875,46.8262939453125
IMG_0029.mp4,6499,216.8501835168502,29.97,1318,2,traffic_signs,0.9180538654327393,1425.775390625,639.2020263671875,1463.332763671875,680.173828125,1444.5540771484375,659.6879272460938,37.557373046875,40.9718017578125
IMG_0029.mp4,6499,216.8501835168502,29.97,1326,1,traffic_lights,0.7610611915588379,1139.0733642578125,482.1139831542969,1165.070068359375,533.2435913085938,1152.0717163085938,507.6787872314453,25.9967041015625,51.129608154296875
IMG_0029.mp4,6499,216.8501835168502,29.97,1344,1,traffic_lights,0.7752050161361694,1020.1187133789062,675.870849609375,1036.13037109375,721.5386352539062,1028.1245422363281,698.7047424316406,16.01165771484375,45.66778564453125
IMG_0029.mp4,6499,216.8501835168502,29.97,1325,1,traffic_lights,0.78715980052948,1423.77783203125,673.8840942382812,1479.121826171875,734.4049682617188,1451.4498291015625,704.14453125,55.343994140625,60.5208740234375
IMG_0029.mp4,6499,216.8501835168502,29.97,1330,2,traffic_signs,0.9543969631195068,672.7109985351562,331.15673828125,834.2864379882812,492.23297119140625,753.4987182617188,411.6948547363281,161.575439453125,161.07623291015625
IMG_0029.mp4,6499,216.8501835168502,29.97,1409,1,traffic_lights,0.6951066255569458,1429.955322265625,671.9466552734375,1477.3792724609375,731.881103515625,1453.6672973632812,701.9138793945312,47.4239501953125,59.9344482421875
IMG_0029.mp4,6499,216.8501835168502,29.97,1413,0,auth_label,0.2853444218635559,4.461467266082764,359.73541259765625,125.3253173828125,821.5654907226562,64.89339232444763,590.6504516601562,120.86385011672974,461.830078125
IMG_0029.mp4,6499,216.8501835168502,29.97,1347,2,traffic_signs,0.5755810141563416,965.5604858398438,671.0027465820312,1012.8876342773438,736.985107421875,989.2240600585938,703.9939270019531,47.3271484375,65.98236083984375
IMG_0029.mp4,6499,216.8501835168502,29.97,1314,2,traffic_signs,0.5770683288574219,1503.409912109375,658.782470703125,1557.420654296875,705.6710815429688,1530.415283203125,682.2267761230469,54.0107421875,46.88861083984375
IMG_0029.mp4,6500,216.88355021688355,29.97,1318,2,traffic_signs,0.9178226590156555,1426.1063232421875,638.9891967773438,1463.45068359375,680.0675659179688,1444.7785034179688,659.5283813476562,37.3443603515625,41.078369140625
IMG_0029.mp4,6500,216.88355021688355,29.97,1326,1,traffic_lights,0.46123290061950684,1139.291259765625,481.9996032714844,1165.303955078125,533.0404052734375,1152.297607421875,507.52000427246094,26.0126953125,51.040802001953125
IMG_0029.mp4,6500,216.88355021688355,29.97,1344,1,traffic_lights,0.7743614912033081,1020.0740966796875,675.6875,1036.3114013671875,721.1246337890625,1028.1927490234375,698.4060668945312,16.2373046875,45.4371337890625
IMG_0029.mp4,6500,216.88355021688355,29.97,1325,1,traffic_lights,0.7898089289665222,1423.061279296875,673.3403930664062,1479.2493896484375,733.7752685546875,1451.1553344726562,703.5578308105469,56.1881103515625,60.43487548828125
IMG_0029.mp4,6500,216.88355021688355,29.97,1330,2,traffic_signs,0.9569004774093628,672.7642211914062,330.81060791015625,834.1576538085938,491.55657958984375,753.4609375,411.18359375,161.3934326171875,160.7459716796875
IMG_0029.mp4,6500,216.88355021688355,29.97,1409,1,traffic_lights,0.6871885657310486,1429.3787841796875,671.165283203125,1477.610107421875,731.674560546875,1453.4944458007812,701.419921875,48.2313232421875,60.50927734375
IMG_0029.mp4,6500,216.88355021688355,29.97,1413,0,auth_label,0.3402942717075348,4.621219635009766,361.899658203125,125.83285522460938,821.6422119140625,65.22703742980957,591.7709350585938,121.21163558959961,459.7425537109375
IMG_0029.mp4,6500,216.88355021688355,29.97,1347,2,traffic_signs,0.607509434223175,965.712158203125,670.8919067382812,1012.9009399414062,736.8155517578125,989.3065490722656,703.8537292480469,47.18878173828125,65.92364501953125
IMG_0029.mp4,6500,216.88355021688355,29.97,1314,2,traffic_signs,0.266093373298645,1504.5703125,659.4346923828125,1557.0364990234375,705.8883056640625,1530.8034057617188,682.6614990234375,52.4661865234375,46.45361328125
IMG_0029.mp4,6501,216.91691691691693,29.97,1318,2,traffic_signs,0.918078601360321,1426.1163330078125,639.118408203125,1463.4029541015625,680.0914306640625,1444.7596435546875,659.6049194335938,37.28662109375,40.9730224609375
IMG_0029.mp4,6501,216.91691691691693,29.97,1326,1,traffic_lights,0.5923483967781067,1139.2041015625,482.1563415527344,1165.193115234375,533.1451416015625,1152.1986083984375,507.65074157714844,25.989013671875,50.988800048828125
IMG_0029.mp4,6501,216.91691691691693,29.97,1344,1,traffic_lights,0.7865594029426575,1020.0205688476562,676.0891723632812,1036.152099609375,721.177978515625,1028.0863342285156,698.6335754394531,16.13153076171875,45.08880615234375
IMG_0029.mp4,6501,216.91691691691693,29.97,1325,1,traffic_lights,0.8025464415550232,1423.028564453125,673.6262817382812,1479.43310546875,734.0192260742188,1451.2308349609375,703.82275390625,56.404541015625,60.3929443359375
IMG_0029.mp4,6501,216.91691691691693,29.97,1330,2,traffic_signs,0.956775963306427,672.7056884765625,330.8379821777344,833.9998779296875,491.53662109375,753.352783203125,411.1873016357422,161.294189453125,160.69863891601562
IMG_0029.mp4,6501,216.91691691691693,29.97,1409,1,traffic_lights,0.6782904863357544,1429.051513671875,671.4298706054688,1477.708740234375,731.9811401367188,1453.380126953125,701.7055053710938,48.6572265625,60.55126953125
IMG_0029.mp4,6501,216.91691691691693,29.97,1413,0,auth_label,0.3898897171020508,4.721088886260986,362.51031494140625,125.3819580078125,822.1847534179688,65.05152344703674,592.3475341796875,120.66086912155151,459.6744384765625
IMG_0029.mp4,6501,216.91691691691693,29.97,1347,2,traffic_signs,0.5367312431335449,965.309814453125,670.972412109375,1012.5182495117188,736.927001953125,988.9140319824219,703.94970703125,47.20843505859375,65.95458984375
IMG_0029.mp4,6501,216.91691691691693,29.97,1418,1,traffic_lights,0.3194386065006256,1139.0911865234375,481.8186340332031,1164.4974365234375,533.2683715820312,1151.7943115234375,507.5435028076172,25.40625,51.449737548828125
IMG_0029.mp4,6502,216.9502836169503,29.97,1318,2,traffic_signs,0.917288601398468,1426.0009765625,639.0881958007812,1463.3787841796875,680.4533081054688,1444.6898803710938,659.770751953125,37.3778076171875,41.3651123046875
IMG_0029.mp4,6502,216.9502836169503,29.97,1326,1,traffic_lights,0.6664096713066101,1139.1885986328125,482.14349365234375,1165.1343994140625,533.19580078125,1152.1614990234375,507.6696472167969,25.94580078125,51.05230712890625
IMG_0029.mp4,6502,216.9502836169503,29.97,1344,1,traffic_lights,0.7802238464355469,1019.8662109375,675.9849243164062,1036.182373046875,721.18212890625,1028.0242919921875,698.5835266113281,16.316162109375,45.19720458984375
IMG_0029.mp4,6502,216.9502836169503,29.97,1325,1,traffic_lights,0.7991663813591003,1422.7764892578125,673.2901000976562,1479.3192138671875,734.0595703125,1451.0478515625,703.6748352050781,56.542724609375,60.76947021484375
IMG_0029.mp4,6502,216.9502836169503,29.97,1330,2,traffic_signs,0.9563693404197693,672.6372680664062,330.82366943359375,833.888671875,491.5318603515625,753.2629699707031,411.1777648925781,161.25140380859375,160.70819091796875
IMG_0029.mp4,6502,216.9502836169503,29.97,1409,1,traffic_lights,0.6853618025779724,1428.8216552734375,671.1015014648438,1477.6942138671875,731.9884643554688,1453.2579345703125,701.5449829101562,48.87255859375,60.886962890625
IMG_0029.mp4,6502,216.9502836169503,29.97,1413,0,auth_label,0.399464875459671,4.6006622314453125,362.9577941894531,125.22798156738281,822.4181518554688,64.91432189941406,592.6879730224609,120.6273193359375,459.4603576660156
IMG_0029.mp4,6502,216.9502836169503,29.97,1347,2,traffic_signs,0.610487699508667,965.1292724609375,671.02392578125,1012.38134765625,736.9597778320312,988.7553100585938,703.9918518066406,47.2520751953125,65.93585205078125
IMG_0029.mp4,6502,216.9502836169503,29.97,1314,2,traffic_signs,0.3840521275997162,1503.9710693359375,659.094970703125,1557.2410888671875,705.6840209960938,1530.6060791015625,682.3894958496094,53.27001953125,46.58905029296875
IMG_0029.mp4,6503,216.98365031698367,29.97,1318,2,traffic_signs,0.9193866848945618,1426.26904296875,639.1641845703125,1463.482177734375,680.6897583007812,1444.8756103515625,659.9269714355469,37.213134765625,41.52557373046875
IMG_0029.mp4,6503,216.98365031698367,29.97,1326,1,traffic_lights,0.5059205889701843,1139.3526611328125,482.34967041015625,1165.3609619140625,533.4343872070312,1152.3568115234375,507.89202880859375,26.00830078125,51.084716796875
IMG_0029.mp4,6503,216.98365031698367,29.97,1344,1,traffic_lights,0.7897766828536987,1020.0620727539062,676.1373901367188,1036.3404541015625,721.2472534179688,1028.2012634277344,698.6923217773438,16.27838134765625,45.10986328125
IMG_0029.mp4,6503,216.98365031698367,29.97,1325,1,traffic_lights,0.7899773716926575,1422.926025390625,673.4847412109375,1479.5687255859375,734.3471069335938,1451.2473754882812,703.9159240722656,56.6427001953125,60.86236572265625
IMG_0029.mp4,6503,216.98365031698367,29.97,1330,2,traffic_signs,0.9567807912826538,672.77197265625,330.86383056640625,834.2252807617188,491.68438720703125,753.4986267089844,411.27410888671875,161.45330810546875,160.820556640625
IMG_0029.mp4,6503,216.98365031698367,29.97,1409,1,traffic_lights,0.7004343867301941,1428.9129638671875,671.3892822265625,1477.975341796875,732.1754760742188,1453.4441528320312,701.7823791503906,49.0623779296875,60.78619384765625
IMG_0029.mp4,6503,216.98365031698367,29.97,1413,0,auth_label,0.38556385040283203,4.700440883636475,362.7137756347656,125.38865661621094,823.1427612304688,65.0445487499237,592.9282684326172,120.68821573257446,460.4289855957031
IMG_0029.mp4,6503,216.98365031698367,29.97,1347,2,traffic_signs,0.6153115630149841,965.1599731445312,671.0344848632812,1012.3363647460938,737.0957641601562,988.7481689453125,704.0651245117188,47.1763916015625,66.061279296875
IMG_0029.mp4,6503,216.98365031698367,29.97,1314,2,traffic_signs,0.46489468216896057,1504.0921630859375,659.1156616210938,1557.610595703125,705.73828125,1530.8513793945312,682.4269714355469,53.5184326171875,46.62261962890625
IMG_0029.mp4,6504,217.01701701701703,29.97,1318,2,traffic_signs,0.9178383946418762,1426.3228759765625,639.0994262695312,1463.458984375,680.2573852539062,1444.8909301757812,659.6784057617188,37.1361083984375,41.157958984375
IMG_0029.mp4,6504,217.01701701701703,29.97,1326,1,traffic_lights,0.6088430285453796,1139.30078125,482.2488098144531,1165.3106689453125,533.4111328125,1152.3057250976562,507.82997131347656,26.0098876953125,51.162322998046875
IMG_0029.mp4,6504,217.01701701701703,29.97,1344,1,traffic_lights,0.7847976684570312,1020.2418823242188,676.20263671875,1036.351318359375,721.1654663085938,1028.2966003417969,698.6840515136719,16.10943603515625,44.96282958984375
IMG_0029.mp4,6504,217.01701701701703,29.97,1325,1,traffic_lights,0.7878479361534119,1422.861572265625,673.6332397460938,1479.6138916015625,734.2764892578125,1451.2377319335938,703.9548645019531,56.7523193359375,60.64324951171875
IMG_0029.mp4,6504,217.01701701701703,29.97,1330,2,traffic_signs,0.9568137526512146,672.7989501953125,330.87841796875,834.1524047851562,491.6244812011719,753.4756774902344,411.25144958496094,161.35345458984375,160.74606323242188
IMG_0029.mp4,6504,217.01701701701703,29.97,1409,1,traffic_lights,0.6676199436187744,1429.09814453125,671.5997924804688,1477.8031005859375,732.2158813476562,1453.4506225585938,701.9078369140625,48.7049560546875,60.6160888671875
IMG_0029.mp4,6504,217.01701701701703,29.97,1413,0,auth_label,0.4550558626651764,4.698736667633057,363.15301513671875,125.25669860839844,822.5531005859375,64.97771763801575,592.8530578613281,120.55796194076538,459.40008544921875
IMG_0029.mp4,6504,217.01701701701703,29.97,1347,2,traffic_signs,0.6045740246772766,965.1644897460938,671.0286254882812,1012.2706909179688,737.0787353515625,988.7175903320312,704.0536804199219,47.106201171875,66.05010986328125
IMG_0029.mp4,6504,217.01701701701703,29.97,1314,2,traffic_signs,0.3516431152820587,1504.1463623046875,659.0177001953125,1557.67578125,705.671875,1530.9110717773438,682.3447875976562,53.5294189453125,46.6541748046875
IMG_0029.mp4,6504,217.01701701701703,29.97,1419,1,traffic_lights,0.32278338074684143,1139.1015625,481.84698486328125,1164.6357421875,533.5338745117188,1151.86865234375,507.6904296875,25.5341796875,51.6868896484375
IMG_0029.mp4,6505,217.05038371705038,29.97,1318,2,traffic_signs,0.9168152213096619,1426.30078125,639.0595703125,1463.4420166015625,680.4476318359375,1444.8713989257812,659.7536010742188,37.1412353515625,41.3880615234375
IMG_0029.mp4,6505,217.05038371705038,29.97,1326,1,traffic_lights,0.4512374997138977,1139.2947998046875,482.2448425292969,1165.3712158203125,533.3422241210938,1152.3330078125,507.7935333251953,26.076416015625,51.097381591796875
IMG_0029.mp4,6505,217.05038371705038,29.97,1344,1,traffic_lights,0.7982600331306458,1020.2177734375,675.99853515625,1036.3533935546875,721.1319580078125,1028.2855834960938,698.5652465820312,16.1356201171875,45.1334228515625
IMG_0029.mp4,6505,217.05038371705038,29.97,1325,1,traffic_lights,0.787964940071106,1422.9639892578125,673.402587890625,1479.4266357421875,734.3466796875,1451.1953125,703.8746337890625,56.462646484375,60.944091796875
IMG_0029.mp4,6505,217.05038371705038,29.97,1330,2,traffic_signs,0.9568135142326355,672.828125,330.9013977050781,834.3089599609375,491.6900939941406,753.5685424804688,411.2957458496094,161.4808349609375,160.7886962890625
IMG_0029.mp4,6505,217.05038371705038,29.97,1409,1,traffic_lights,0.6869828701019287,1429.088134765625,671.4412841796875,1477.6610107421875,732.2388916015625,1453.3745727539062,701.840087890625,48.5728759765625,60.797607421875
IMG_0029.mp4,6505,217.05038371705038,29.97,1413,0,auth_label,0.4514094293117523,4.7412333488464355,362.9375,124.71514892578125,822.07470703125,64.72819113731384,592.506103515625,119.97391557693481,459.13720703125
IMG_0029.mp4,6505,217.05038371705038,29.97,1347,2,traffic_signs,0.5611650347709656,965.0806884765625,670.9794311523438,1012.3624267578125,737.1137084960938,988.7215576171875,704.0465698242188,47.28173828125,66.13427734375
IMG_0029.mp4,6505,217.05038371705038,29.97,1314,2,traffic_signs,0.5360657572746277,1504.171142578125,659.0214233398438,1557.677490234375,705.715087890625,1530.92431640625,682.3682556152344,53.50634765625,46.69366455078125
IMG_0029.mp4,6505,217.05038371705038,29.97,1419,1,traffic_lights,0.47882965207099915,1139.146240234375,481.9032897949219,1164.6953125,533.4408569335938,1151.9207763671875,507.6720733642578,25.549072265625,51.537567138671875
IMG_0029.mp4,6506,217.08375041708376,29.97,1318,2,traffic_signs,0.9174832701683044,1426.2625732421875,639.0177612304688,1463.399169921875,680.4622192382812,1444.8308715820312,659.739990234375,37.1365966796875,41.4444580078125
IMG_0029.mp4,6506,217.08375041708376,29.97,1326,1,traffic_lights,0.5042012929916382,1139.2774658203125,482.14202880859375,1165.3687744140625,533.2587280273438,1152.3231201171875,507.70037841796875,26.09130859375,51.11669921875
IMG_0029.mp4,6506,217.08375041708376,29.97,1344,1,traffic_lights,0.7861517071723938,1020.1206665039062,675.8828735351562,1036.353515625,721.0576782226562,1028.2370910644531,698.4702758789062,16.23284912109375,45.1748046875
IMG_0029.mp4,6506,217.08375041708376,29.97,1325,1,traffic_lights,0.7929074764251709,1423.01904296875,673.355224609375,1479.3262939453125,734.1741333007812,1451.1726684570312,703.7646789550781,56.3072509765625,60.81890869140625
IMG_0029.mp4,6506,217.08375041708376,29.97,1330,2,traffic_signs,0.9568945169448853,672.7808227539062,330.9084777832031,834.3112182617188,491.7743835449219,753.5460205078125,411.3414306640625,161.5303955078125,160.86590576171875
IMG_0029.mp4,6506,217.08375041708376,29.97,1409,1,traffic_lights,0.6859481930732727,1428.9979248046875,671.4898681640625,1477.62255859375,732.0562133789062,1453.3102416992188,701.7730407714844,48.6246337890625,60.56634521484375
IMG_0029.mp4,6506,217.08375041708376,29.97,1413,0,auth_label,0.4412161111831665,4.769649982452393,363.1289367675781,124.78402709960938,821.926025390625,64.77683854103088,592.5274810791016,120.01437711715698,458.7970886230469
IMG_0029.mp4,6506,217.08375041708376,29.97,1347,2,traffic_signs,0.33261123299598694,965.0108642578125,670.8355102539062,1012.6201782226562,737.111328125,988.8155212402344,703.9734191894531,47.60931396484375,66.27581787109375
IMG_0029.mp4,6506,217.08375041708376,29.97,1314,2,traffic_signs,0.27312469482421875,1504.1954345703125,658.966552734375,1557.7293701171875,705.622802734375,1530.96240234375,682.294677734375,53.533935546875,46.65625
IMG_0029.mp4,6506,217.08375041708376,29.97,1419,1,traffic_lights,0.4240404963493347,1139.147705078125,481.8575439453125,1164.6656494140625,533.3539428710938,1151.9066772460938,507.6057434082031,25.5179443359375,51.49639892578125
IMG_0029.mp4,6507,217.11711711711712,29.97,1318,2,traffic_signs,0.9171721935272217,1426.302978515625,639.039306640625,1463.4735107421875,680.1324462890625,1444.8882446289062,659.5858764648438,37.1705322265625,41.0931396484375
IMG_0029.mp4,6507,217.11711711711712,29.97,1326,1,traffic_lights,0.4913904070854187,1139.3082275390625,482.1910095214844,1165.40234375,533.1934814453125,1152.3552856445312,507.69224548339844,26.0941162109375,51.002471923828125
IMG_0029.mp4,6507,217.11711711711712,29.97,1344,1,traffic_lights,0.7832310199737549,1020.1024169921875,676.1116333007812,1036.349609375,721.1574096679688,1028.2260131835938,698.634521484375,16.2471923828125,45.0457763671875
IMG_0029.mp4,6507,217.11711711711712,29.97,1325,1,traffic_lights,0.8036059737205505,1423.4664306640625,673.7738647460938,1479.6153564453125,734.2111206054688,1451.5408935546875,703.9924926757812,56.14892578125,60.437255859375
IMG_0029.mp4,6507,217.11711711711712,29.97,1330,2,traffic_signs,0.9559310078620911,672.8701782226562,330.91973876953125,834.4137573242188,491.86199951171875,753.6419677734375,411.390869140625,161.5435791015625,160.9422607421875
IMG_0029.mp4,6507,217.11711711711712,29.97,1409,1,traffic_lights,0.6952663064002991,1429.304443359375,671.8994750976562,1477.7445068359375,732.1742553710938,1453.5244750976562,702.036865234375,48.4400634765625,60.2747802734375
IMG_0029.mp4,6507,217.11711711711712,29.97,1413,0,auth_label,0.44898444414138794,4.7939348220825195,363.5408935546875,124.83943939208984,821.7001342773438,64.81668710708618,592.6205139160156,120.04550457000732,458.15924072265625
IMG_0029.mp4,6507,217.11711711711712,29.97,1347,2,traffic_signs,0.2709295451641083,964.8875122070312,670.7192993164062,1012.7994995117188,737.1114501953125,988.843505859375,703.9153747558594,47.9119873046875,66.39215087890625
IMG_0029.mp4,6507,217.11711711711712,29.97,1419,1,traffic_lights,0.45192545652389526,1139.16064453125,481.86627197265625,1164.7208251953125,533.3013305664062,1151.9407348632812,507.58380126953125,25.5601806640625,51.43505859375
IMG_0029.mp4,6508,217.1504838171505,29.97,1318,2,traffic_signs,0.9157851934432983,1426.25146484375,638.9876098632812,1463.4134521484375,680.2749633789062,1444.8324584960938,659.6312866210938,37.1619873046875,41.287353515625
IMG_0029.mp4,6508,217.1504838171505,29.97,1326,1,traffic_lights,0.43280935287475586,1139.2806396484375,482.03839111328125,1165.4114990234375,533.1260375976562,1152.3460693359375,507.58221435546875,26.130859375,51.087646484375
IMG_0029.mp4,6508,217.1504838171505,29.97,1344,1,traffic_lights,0.797758162021637,1020.04736328125,675.9713745117188,1036.469482421875,721.1986694335938,1028.2584228515625,698.5850219726562,16.422119140625,45.227294921875
IMG_0029.mp4,6508,217.1504838171505,29.97,1325,1,traffic_lights,0.8065525889396667,1423.305419921875,673.4298706054688,1479.5579833984375,734.052978515625,1451.4317016601562,703.7414245605469,56.2525634765625,60.62310791015625
IMG_0029.mp4,6508,217.1504838171505,29.97,1330,2,traffic_signs,0.9560215473175049,672.7950439453125,330.9183654785156,834.4252319335938,491.8453674316406,753.6101379394531,411.3818664550781,161.63018798828125,160.927001953125
IMG_0029.mp4,6508,217.1504838171505,29.97,1409,1,traffic_lights,0.707957923412323,1429.0487060546875,671.4140625,1477.81640625,732.0400390625,1453.4325561523438,701.72705078125,48.7677001953125,60.6259765625
IMG_0029.mp4,6508,217.1504838171505,29.97,1413,0,auth_label,0.4787865877151489,4.680660724639893,363.6518859863281,124.53787994384766,821.3804931640625,64.60927033424377,592.5161895751953,119.85721921920776,457.7286071777344
IMG_0029.mp4,6508,217.1504838171505,29.97,1419,1,traffic_lights,0.49543944001197815,1139.1259765625,481.67694091796875,1164.704345703125,533.25390625,1151.9151611328125,507.4654235839844,25.578369140625,51.57696533203125
IMG_0029.mp4,6509,217.18385051718386,29.97,1318,2,traffic_signs,0.9170768857002258,1426.4267578125,639.0132446289062,1463.642578125,680.2657470703125,1445.03466796875,659.6394958496094,37.2158203125,41.25250244140625
IMG_0029.mp4,6509,217.18385051718386,29.97,1344,1,traffic_lights,0.7962276935577393,1020.2076416015625,676.0228881835938,1036.734619140625,721.43017578125,1028.4711303710938,698.7265319824219,16.5269775390625,45.40728759765625
IMG_0029.mp4,6509,217.18385051718386,29.97,1325,1,traffic_lights,0.8065739870071411,1423.0697021484375,673.4176025390625,1479.813720703125,734.3453979492188,1451.4417114257812,703.8815002441406,56.7440185546875,60.92779541015625
IMG_0029.mp4,6509,217.18385051718386,29.97,1330,2,traffic_signs,0.9519238471984863,673.0610961914062,330.92584228515625,834.683837890625,491.92010498046875,753.8724670410156,411.4229736328125,161.62274169921875,160.9942626953125
IMG_0029.mp4,6509,217.18385051718386,29.97,1409,1,traffic_lights,0.7151384949684143,1428.859619140625,671.4625854492188,1478.12158203125,732.2442016601562,1453.4906005859375,701.8533935546875,49.261962890625,60.7816162109375
IMG_0029.mp4,6509,217.18385051718386,29.97,1413,0,auth_label,0.4641793370246887,4.6328325271606445,362.2752685546875,125.08781433105469,820.873291015625,64.86032342910767,591.5742797851562,120.45498180389404,458.5980224609375
IMG_0029.mp4,6509,217.18385051718386,29.97,1314,2,traffic_signs,0.588205099105835,1504.3040771484375,659.0507202148438,1558.1141357421875,705.6945190429688,1531.2091064453125,682.3726196289062,53.81005859375,46.643798828125
IMG_0029.mp4,6509,217.18385051718386,29.97,1347,2,traffic_signs,0.34631475806236267,964.750732421875,670.671875,1013.2813110351562,737.0989990234375,989.0160217285156,703.8854370117188,48.53057861328125,66.4271240234375
IMG_0029.mp4,6510,217.21721721721724,29.97,1318,2,traffic_signs,0.9167840480804443,1426.35693359375,638.9719848632812,1463.5174560546875,680.0836181640625,1444.9371948242188,659.5278015136719,37.1605224609375,41.11163330078125
IMG_0029.mp4,6510,217.21721721721724,29.97,1344,1,traffic_lights,0.7663766741752625,1020.1060791015625,676.0348510742188,1036.489990234375,721.3970336914062,1028.2980346679688,698.7159423828125,16.3839111328125,45.3621826171875
IMG_0029.mp4,6510,217.21721721721724,29.97,1325,1,traffic_lights,0.808294415473938,1423.2320556640625,673.799072265625,1479.8768310546875,734.3742065429688,1451.554443359375,704.0866394042969,56.644775390625,60.57513427734375
IMG_0029.mp4,6510,217.21721721721724,29.97,1330,2,traffic_signs,0.9557985663414001,672.8820190429688,330.933349609375,834.4443359375,491.8242492675781,753.6631774902344,411.37879943847656,161.56231689453125,160.89089965820312
IMG_0029.mp4,6510,217.21721721721724,29.97,1409,1,traffic_lights,0.6982212066650391,1429.076171875,671.8919677734375,1478.0338134765625,732.2901000976562,1453.5549926757812,702.0910339355469,48.9576416015625,60.39813232421875
IMG_0029.mp4,6510,217.21721721721724,29.97,1413,0,auth_label,0.44717052578926086,4.460746765136719,361.87042236328125,125.14739990234375,820.9874877929688,64.80407333374023,591.428955078125,120.68665313720703,459.1170654296875
IMG_0029.mp4,6510,217.21721721721724,29.97,1314,2,traffic_signs,0.4897584915161133,1504.196533203125,659.068603515625,1557.8057861328125,705.6895141601562,1531.0011596679688,682.3790588378906,53.6092529296875,46.62091064453125
IMG_0029.mp4,6510,217.21721721721724,29.97,1347,2,traffic_signs,0.5431177020072937,964.589111328125,670.7045288085938,1013.095458984375,737.1328125,988.84228515625,703.9186706542969,48.50634765625,66.42828369140625
IMG_0029.mp4,6510,217.21721721721724,29.97,1326,1,traffic_lights,0.693499743938446,1139.2283935546875,481.8902282714844,1165.0323486328125,533.4136962890625,1152.13037109375,507.65196228027344,25.803955078125,51.523468017578125
IMG_0029.mp4,6511,217.2505839172506,29.97,1318,2,traffic_signs,0.9169411659240723,1426.400146484375,638.9559936523438,1463.555419921875,680.5294799804688,1444.977783203125,659.7427368164062,37.1552734375,41.573486328125
IMG_0029.mp4,6511,217.2505839172506,29.97,1344,1,traffic_lights,0.797686755657196,1020.0690307617188,676.0499877929688,1036.5391845703125,721.3794555664062,1028.3041076660156,698.7147216796875,16.47015380859375,45.3294677734375
IMG_0029.mp4,6511,217.2505839172506,29.97,1325,1,traffic_lights,0.8042753338813782,1423.540283203125,673.5714111328125,1479.796875,734.3873901367188,1451.6685791015625,703.9794006347656,56.256591796875,60.81597900390625
IMG_0029.mp4,6511,217.2505839172506,29.97,1330,2,traffic_signs,0.9546252489089966,672.9009399414062,330.93609619140625,834.55322265625,491.77752685546875,753.7270812988281,411.3568115234375,161.65228271484375,160.8414306640625
IMG_0029.mp4,6511,217.2505839172506,29.97,1409,1,traffic_lights,0.7175093293190002,1429.1861572265625,671.7369995117188,1478.105712890625,732.2135620117188,1453.6459350585938,701.9752807617188,48.9195556640625,60.4765625
IMG_0029.mp4,6511,217.2505839172506,29.97,1413,0,auth_label,0.3872249722480774,4.475832939147949,361.9234619140625,125.61417388916016,821.0685424804688,65.04500341415405,591.4960021972656,121.1383409500122,459.14508056640625
IMG_0029.mp4,6511,217.2505839172506,29.97,1314,2,traffic_signs,0.5990339517593384,1504.0782470703125,659.0581665039062,1557.814697265625,705.7432861328125,1530.9464721679688,682.4007263183594,53.7364501953125,46.68511962890625
IMG_0029.mp4,6511,217.2505839172506,29.97,1347,2,traffic_signs,0.5583968162536621,964.6365356445312,670.7025146484375,1012.90576171875,737.1470947265625,988.7711486816406,703.9248046875,48.26922607421875,66.444580078125
IMG_0029.mp4,6511,217.2505839172506,29.97,1326,1,traffic_lights,0.6649390459060669,1139.1959228515625,481.9468994140625,1164.941650390625,533.5260620117188,1152.0687866210938,507.7364807128906,25.7457275390625,51.57916259765625
IMG_0029.mp4,6512,217.28395061728395,29.97,1318,2,traffic_signs,0.9172335267066956,1426.502685546875,639.017578125,1463.61474609375,680.633544921875,1445.0587158203125,659.8255615234375,37.112060546875,41.615966796875
IMG_0029.mp4,6512,217.28395061728395,29.97,1344,1,traffic_lights,0.7950073480606079,1020.0653076171875,676.112548828125,1036.567626953125,721.4758911132812,1028.3164672851562,698.7942199707031,16.5023193359375,45.36334228515625
IMG_0029.mp4,6512,217.28395061728395,29.97,1325,1,traffic_lights,0.795455813407898,1423.423828125,673.5806884765625,1479.609375,734.54296875,1451.5166015625,704.0618286132812,56.185546875,60.9622802734375
IMG_0029.mp4,6512,217.28395061728395,29.97,1330,2,traffic_signs,0.9539691209793091,672.9475708007812,330.9669189453125,834.5819091796875,491.67120361328125,753.7647399902344,411.3190612792969,161.63433837890625,160.70428466796875
IMG_0029.mp4,6512,217.28395061728395,29.97,1409,1,traffic_lights,0.704249918460846,1429.0224609375,671.9095458984375,1477.992919921875,732.2163696289062,1453.5076904296875,702.0629577636719,48.970458984375,60.30682373046875
IMG_0029.mp4,6512,217.28395061728395,29.97,1413,0,auth_label,0.4231061339378357,4.554722309112549,362.23968505859375,126.70764923095703,821.0474853515625,65.63118577003479,591.6435852050781,122.15292692184448,458.80780029296875
IMG_0029.mp4,6512,217.28395061728395,29.97,1314,2,traffic_signs,0.7236359715461731,1504.041015625,659.111328125,1557.873291015625,705.7803344726562,1530.9571533203125,682.4458312988281,53.832275390625,46.66900634765625
IMG_0029.mp4,6512,217.28395061728395,29.97,1347,2,traffic_signs,0.5725316405296326,964.708984375,670.82568359375,1012.875,737.1595458984375,988.7919921875,703.9926147460938,48.166015625,66.3338623046875
IMG_0029.mp4,6512,217.28395061728395,29.97,1326,1,traffic_lights,0.6937129497528076,1139.220703125,482.0139465332031,1164.9417724609375,533.6599731445312,1152.0812377929688,507.8369598388672,25.7210693359375,51.646026611328125
IMG_0029.mp4,6513,217.31731731731733,29.97,1318,2,traffic_signs,0.9172655344009399,1426.54931640625,638.9901733398438,1463.6202392578125,680.2455444335938,1445.0847778320312,659.6178588867188,37.0709228515625,41.25537109375
IMG_0029.mp4,6513,217.31731731731733,29.97,1344,1,traffic_lights,0.6839905381202698,1020.2022094726562,676.2444458007812,1036.5076904296875,721.5128173828125,1028.3549499511719,698.8786315917969,16.30548095703125,45.26837158203125
IMG_0029.mp4,6513,217.31731731731733,29.97,1325,1,traffic_lights,0.8068485856056213,1423.1195068359375,673.7291870117188,1479.781494140625,734.4822387695312,1451.4505004882812,704.105712890625,56.6619873046875,60.7530517578125
IMG_0029.mp4,6513,217.31731731731733,29.97,1330,2,traffic_signs,0.9532774686813354,672.9462280273438,330.97705078125,834.6514892578125,491.6792297363281,753.7988586425781,411.32814025878906,161.70526123046875,160.70217895507812
IMG_0029.mp4,6513,217.31731731731733,29.97,1409,1,traffic_lights,0.7009183764457703,1428.6300048828125,671.9813842773438,1478.05517578125,732.2898559570312,1453.3425903320312,702.1356201171875,49.4251708984375,60.3084716796875
IMG_0029.mp4,6513,217.31731731731733,29.97,1413,0,auth_label,0.4106370508670807,4.547753810882568,361.8126525878906,126.9373550415039,821.1464233398438,65.74255442619324,591.4795379638672,122.38960123062134,459.3337707519531
IMG_0029.mp4,6513,217.31731731731733,29.97,1314,2,traffic_signs,0.6633589863777161,1504.011962890625,659.0731811523438,1557.854736328125,705.714599609375,1530.933349609375,682.3938903808594,53.8427734375,46.64141845703125
IMG_0029.mp4,6513,217.31731731731733,29.97,1347,2,traffic_signs,0.5150937438011169,964.6570434570312,670.814453125,1012.658203125,737.07470703125,988.6576232910156,703.944580078125,48.00115966796875,66.26025390625
IMG_0029.mp4,6513,217.31731731731733,29.97,1326,1,traffic_lights,0.7376646995544434,1139.11328125,481.9032287597656,1165.024169921875,533.6563110351562,1152.0687255859375,507.77976989746094,25.910888671875,51.753082275390625
IMG_0029.mp4,6514,217.3506840173507,29.97,1318,2,traffic_signs,0.9179796576499939,1426.6297607421875,638.9970703125,1463.759033203125,680.4920043945312,1445.1943969726562,659.7445373535156,37.1292724609375,41.49493408203125
IMG_0029.mp4,6514,217.3506840173507,29.97,1344,1,traffic_lights,0.7333449721336365,1020.3355102539062,676.354736328125,1036.6661376953125,721.5426025390625,1028.5008239746094,698.9486694335938,16.33062744140625,45.1878662109375
IMG_0029.mp4,6514,217.3506840173507,29.97,1325,1,traffic_lights,0.7956666350364685,1423.6986083984375,673.7103271484375,1479.65185546875,734.5196533203125,1451.6752319335938,704.114990234375,55.9532470703125,60.809326171875
IMG_0029.mp4,6514,217.3506840173507,29.97,1330,2,traffic_signs,0.9505517482757568,673.1681518554688,330.98089599609375,834.8092041015625,491.72149658203125,753.9886779785156,411.3511962890625,161.64105224609375,160.7406005859375
IMG_0029.mp4,6514,217.3506840173507,29.97,1409,1,traffic_lights,0.7082101702690125,1429.012451171875,672.1126098632812,1478.017333984375,732.188232421875,1453.514892578125,702.1504211425781,49.0048828125,60.07562255859375
IMG_0029.mp4,6514,217.3506840173507,29.97,1413,0,auth_label,0.40712884068489075,4.699397563934326,362.5011291503906,127.20781707763672,820.8428344726562,65.95360732078552,591.6719818115234,122.50841951370239,458.3417053222656
IMG_0029.mp4,6514,217.3506840173507,29.97,1314,2,traffic_signs,0.8153046369552612,1504.098876953125,659.0724487304688,1558.010009765625,705.7825317382812,1531.054443359375,682.427490234375,53.9111328125,46.7100830078125
IMG_0029.mp4,6514,217.3506840173507,29.97,1347,2,traffic_signs,0.373665988445282,964.7315673828125,670.8170166015625,1012.759033203125,737.0757446289062,988.7453002929688,703.9463806152344,48.0274658203125,66.25872802734375
IMG_0029.mp4,6514,217.3506840173507,29.97,1326,1,traffic_lights,0.7526497840881348,1139.2669677734375,481.96337890625,1165.11962890625,533.6803588867188,1152.1932983398438,507.8218688964844,25.8526611328125,51.71697998046875
IMG_0029.mp4,6515,217.38405071738407,29.97,1318,2,traffic_signs,0.916608452796936,1426.29736328125,638.9688720703125,1463.4986572265625,680.4634399414062,1444.8980102539062,659.7161560058594,37.2012939453125,41.49456787109375
IMG_0029.mp4,6515,217.38405071738407,29.97,1344,1,traffic_lights,0.7938941717147827,1020.1685791015625,676.31103515625,1036.38037109375,721.3126220703125,1028.2744750976562,698.8118286132812,16.2117919921875,45.0015869140625
IMG_0029.mp4,6515,217.38405071738407,29.97,1325,1,traffic_lights,0.7990565896034241,1423.2535400390625,673.596435546875,1479.0809326171875,734.4473266601562,1451.167236328125,704.0218811035156,55.827392578125,60.85089111328125
IMG_0029.mp4,6515,217.38405071738407,29.97,1330,2,traffic_signs,0.9550364017486572,672.826171875,330.943359375,834.5926513671875,491.7265930175781,753.7094116210938,411.33497619628906,161.7664794921875,160.78323364257812
IMG_0029.mp4,6515,217.38405071738407,29.97,1409,1,traffic_lights,0.6653199195861816,1428.554443359375,671.9484252929688,1477.45166015625,732.0993041992188,1453.0030517578125,702.0238647460938,48.897216796875,60.15087890625
IMG_0029.mp4,6515,217.38405071738407,29.97,1413,0,auth_label,0.42750266194343567,4.5356974601745605,362.7048034667969,126.2829818725586,821.7110595703125,65.40933966636658,592.2079315185547,121.74728441238403,459.0062561035156
IMG_0029.mp4,6515,217.38405071738407,29.97,1314,2,traffic_signs,0.7556816935539246,1503.9161376953125,658.9453735351562,1557.7784423828125,705.7389526367188,1530.8472900390625,682.3421630859375,53.8623046875,46.7935791015625
IMG_0029.mp4,6515,217.38405071738407,29.97,1347,2,traffic_signs,0.4478606879711151,964.5213623046875,670.737548828125,1012.5407104492188,737.0191650390625,988.5310363769531,703.8783569335938,48.01934814453125,66.2816162109375
IMG_0029.mp4,6515,217.38405071738407,29.97,1326,1,traffic_lights,0.5303410291671753,1139.13232421875,482.1324157714844,1165.2498779296875,533.4857788085938,1152.1911010742188,507.80909729003906,26.1175537109375,51.353363037109375
IMG_0029.mp4,6516,217.41741741741743,29.97,1318,2,traffic_signs,0.9153540134429932,1426.281494140625,639.0538330078125,1463.5225830078125,680.1619262695312,1444.9020385742188,659.6078796386719,37.2410888671875,41.10809326171875
IMG_0029.mp4,6516,217.41741741741743,29.97,1344,1,traffic_lights,0.6736480593681335,1020.3176879882812,676.3899536132812,1036.4071044921875,721.3109130859375,1028.3623962402344,698.8504333496094,16.08941650390625,44.92095947265625
IMG_0029.mp4,6516,217.41741741741743,29.97,1325,1,traffic_lights,0.7974758148193359,1423.258056640625,673.8157348632812,1479.180419921875,734.3378295898438,1451.21923828125,704.0767822265625,55.92236328125,60.5220947265625
IMG_0029.mp4,6516,217.41741741741743,29.97,1330,2,traffic_signs,0.9556460976600647,672.7886352539062,330.96533203125,834.5278930664062,491.7642822265625,753.6582641601562,411.36480712890625,161.7392578125,160.7989501953125
IMG_0029.mp4,6516,217.41741741741743,29.97,1409,1,traffic_lights,0.6543183922767639,1428.6812744140625,672.1078491210938,1477.385498046875,732.0945434570312,1453.0333862304688,702.1011962890625,48.7042236328125,59.9866943359375
IMG_0029.mp4,6516,217.41741741741743,29.97,1413,0,auth_label,0.41317689418792725,4.511960983276367,363.9956970214844,126.42157745361328,821.6163330078125,65.46676921844482,592.8060150146484,121.90961647033691,457.6206359863281
IMG_0029.mp4,6516,217.41741741741743,29.97,1314,2,traffic_signs,0.6777217388153076,1503.9105224609375,658.9314575195312,1557.796142578125,705.7546997070312,1530.8533325195312,682.3430786132812,53.8856201171875,46.8232421875
IMG_0029.mp4,6516,217.41741741741743,29.97,1347,2,traffic_signs,0.4551004469394684,964.4510498046875,670.7496337890625,1012.5432739257812,737.0282592773438,988.4971618652344,703.8889465332031,48.09222412109375,66.27862548828125
IMG_0029.mp4,6516,217.41741741741743,29.97,1326,1,traffic_lights,0.594694197177887,1139.1287841796875,481.9122619628906,1165.016357421875,533.5016479492188,1152.0725708007812,507.7069549560547,25.8875732421875,51.589385986328125
IMG_0029.mp4,6516,217.41741741741743,29.97,1422,1,traffic_lights,0.37700605392456055,1139.2158203125,482.15753173828125,1165.3780517578125,533.4009399414062,1152.2969360351562,507.77923583984375,26.1622314453125,51.243408203125
IMG_0029.mp4,6517,217.45078411745078,29.97,1318,2,traffic_signs,0.9166891574859619,1426.08349609375,638.8930053710938,1463.3372802734375,680.444580078125,1444.7103881835938,659.6687927246094,37.2537841796875,41.55157470703125
IMG_0029.mp4,6517,217.45078411745078,29.97,1344,1,traffic_lights,0.7945540547370911,1020.2230834960938,676.0238037109375,1036.3546142578125,721.1301879882812,1028.2888488769531,698.5769958496094,16.13153076171875,45.10638427734375
IMG_0029.mp4,6517,217.45078411745078,29.97,1325,1,traffic_lights,0.7974115610122681,1423.192626953125,673.5196533203125,1479.050048828125,733.8798828125,1451.121337890625,703.6997680664062,55.857421875,60.3602294921875
IMG_0029.mp4,6517,217.45078411745078,29.97,1330,2,traffic_signs,0.9560562968254089,672.7945556640625,330.99871826171875,834.446044921875,491.68212890625,753.6203002929688,411.3404235839844,161.6514892578125,160.68341064453125
IMG_0029.mp4,6517,217.45078411745078,29.97,1409,1,traffic_lights,0.6782203912734985,1428.638916015625,671.6088256835938,1477.404541015625,731.8119506835938,1453.021728515625,701.7103881835938,48.765625,60.203125
IMG_0029.mp4,6517,217.45078411745078,29.97,1413,0,auth_label,0.3575504422187805,4.48882532119751,364.1163635253906,126.61127471923828,821.9880981445312,65.5500500202179,593.0522308349609,122.12244939804077,457.8717346191406
IMG_0029.mp4,6517,217.45078411745078,29.97,1314,2,traffic_signs,0.42816847562789917,1503.7818603515625,658.809814453125,1557.631103515625,705.5775146484375,1530.7064819335938,682.1936645507812,53.8492431640625,46.7677001953125
IMG_0029.mp4,6517,217.45078411745078,29.97,1347,2,traffic_signs,0.4833804666996002,964.4444580078125,670.66455078125,1012.3694458007812,736.9981079101562,988.4069519042969,703.8313293457031,47.92498779296875,66.33355712890625
IMG_0029.mp4,6517,217.45078411745078,29.97,1326,1,traffic_lights,0.342134028673172,1139.0120849609375,481.900634765625,1164.7794189453125,533.5135498046875,1151.895751953125,507.70709228515625,25.767333984375,51.6129150390625
IMG_0029.mp4,6517,217.45078411745078,29.97,1422,1,traffic_lights,0.589195728302002,1139.1654052734375,482.200927734375,1165.385009765625,533.3970336914062,1152.2752075195312,507.7989807128906,26.2196044921875,51.19610595703125
IMG_0029.mp4,6518,217.48415081748416,29.97,1318,2,traffic_signs,0.9179694652557373,1426.1221923828125,639.0457763671875,1463.42724609375,680.668701171875,1444.7747192382812,659.8572387695312,37.3050537109375,41.6229248046875
IMG_0029.mp4,6518,217.48415081748416,29.97,1344,1,traffic_lights,0.7875877618789673,1020.2542114257812,676.0985107421875,1036.4256591796875,721.171875,1028.3399353027344,698.6351928710938,16.17144775390625,45.0733642578125
IMG_0029.mp4,6518,217.48415081748416,29.97,1325,1,traffic_lights,0.7946476340293884,1423.2825927734375,673.525634765625,1479.0067138671875,734.1064453125,1451.1446533203125,703.8160400390625,55.72412109375,60.580810546875
IMG_0029.mp4,6518,217.48415081748416,29.97,1330,2,traffic_signs,0.954668402671814,672.962158203125,331.0129699707031,834.5270385742188,491.8341369628906,753.7445983886719,411.4235534667969,161.56488037109375,160.8211669921875
IMG_0029.mp4,6518,217.48415081748416,29.97,1409,1,traffic_lights,0.6537335515022278,1428.6385498046875,671.7009887695312,1477.3828125,731.8905029296875,1453.0106811523438,701.7957458496094,48.7442626953125,60.18951416015625
IMG_0029.mp4,6518,217.48415081748416,29.97,1413,0,auth_label,0.2517523467540741,4.575711250305176,365.6121826171875,126.6656494140625,822.0120239257812,65.62068033218384,593.8121032714844,122.08993816375732,456.39984130859375
IMG_0029.mp4,6518,217.48415081748416,29.97,1314,2,traffic_signs,0.6680063009262085,1503.852783203125,658.9013061523438,1557.6732177734375,705.7398681640625,1530.7630004882812,682.3205871582031,53.8204345703125,46.83856201171875
IMG_0029.mp4,6518,217.48415081748416,29.97,1347,2,traffic_signs,0.4226182997226715,964.4771728515625,670.7910766601562,1012.2491455078125,737.0120849609375,988.3631591796875,703.9015808105469,47.77197265625,66.22100830078125
IMG_0029.mp4,6518,217.48415081748416,29.97,1326,1,traffic_lights,0.31688815355300903,1139.1329345703125,482.0102844238281,1164.728759765625,533.5791015625,1151.9308471679688,507.79469299316406,25.5958251953125,51.568817138671875
IMG_0029.mp4,6518,217.48415081748416,29.97,1422,1,traffic_lights,0.5940805673599243,1139.3201904296875,482.2970886230469,1165.4232177734375,533.4652099609375,1152.3717041015625,507.8811492919922,26.10302734375,51.168121337890625
IMG_0029.mp4,6519,217.51751751751752,29.97,1318,2,traffic_signs,0.9165982007980347,1426.050048828125,638.825927734375,1463.294921875,680.2916870117188,1444.6724853515625,659.5588073730469,37.244873046875,41.46575927734375
IMG_0029.mp4,6519,217.51751751751752,29.97,1344,1,traffic_lights,0.796092689037323,1020.044677734375,676.1093139648438,1036.194091796875,720.9739379882812,1028.119384765625,698.5416259765625,16.1494140625,44.8646240234375
IMG_0029.mp4,6519,217.51751751751752,29.97,1325,1,traffic_lights,0.7990573644638062,1422.8837890625,673.4620971679688,1479.1026611328125,733.848876953125,1450.9932250976562,703.6554870605469,56.2188720703125,60.38677978515625
IMG_0029.mp4,6519,217.51751751751752,29.97,1330,2,traffic_signs,0.9563095569610596,672.7988891601562,330.9861755371094,834.4262084960938,491.81378173828125,753.612548828125,411.3999786376953,161.6273193359375,160.82760620117188
IMG_0029.mp4,6519,217.51751751751752,29.97,1409,1,traffic_lights,0.6386104226112366,1428.65087890625,671.53515625,1477.2984619140625,731.6958618164062,1452.9746704101562,701.6155090332031,48.6475830078125,60.16070556640625
IMG_0029.mp4,6519,217.51751751751752,29.97,1413,0,auth_label,0.32573333382606506,4.413026809692383,365.14764404296875,126.18692779541016,822.0855712890625,65.29997730255127,593.6166076660156,121.77390098571777,456.93792724609375
IMG_0029.mp4,6519,217.51751751751752,29.97,1314,2,traffic_signs,0.3342988193035126,1503.6849365234375,658.6514282226562,1557.5487060546875,705.5431518554688,1530.6168212890625,682.0972900390625,53.86376953125,46.8917236328125
IMG_0029.mp4,6519,217.51751751751752,29.97,1347,2,traffic_signs,0.468136191368103,964.3280029296875,670.7716064453125,1011.989013671875,736.9181518554688,988.1585083007812,703.8448791503906,47.6610107421875,66.14654541015625
IMG_0029.mp4,6519,217.51751751751752,29.97,1326,1,traffic_lights,0.30423834919929504,1138.939453125,481.76519775390625,1164.623046875,533.4510498046875,1151.78125,507.6081237792969,25.68359375,51.68585205078125
IMG_0029.mp4,6519,217.51751751751752,29.97,1422,1,traffic_lights,0.6279206275939941,1139.1585693359375,482.0853271484375,1165.291748046875,533.3295288085938,1152.2251586914062,507.7074279785156,26.1331787109375,51.24420166015625
IMG_0029.mp4,6520,217.5508842175509,29.97,1318,2,traffic_signs,0.9174009561538696,1426.0806884765625,639.0167846679688,1463.4169921875,680.7906494140625,1444.7488403320312,659.9037170410156,37.3363037109375,41.77386474609375
IMG_0029.mp4,6520,217.5508842175509,29.97,1344,1,traffic_lights,0.7988254427909851,1020.0987548828125,676.1672973632812,1036.3310546875,721.2749633789062,1028.2149047851562,698.7211303710938,16.2322998046875,45.107666015625
IMG_0029.mp4,6520,217.5508842175509,29.97,1325,1,traffic_lights,0.8004067540168762,1423.249267578125,673.6190185546875,1478.9293212890625,733.9010009765625,1451.0892944335938,703.760009765625,55.6800537109375,60.281982421875
IMG_0029.mp4,6520,217.5508842175509,29.97,1330,2,traffic_signs,0.9562114477157593,672.829833984375,331.0852355957031,834.4817504882812,491.9190673828125,753.6557922363281,411.5021514892578,161.65191650390625,160.83383178710938
IMG_0029.mp4,6520,217.5508842175509,29.97,1409,1,traffic_lights,0.6543537378311157,1428.8433837890625,671.8563842773438,1477.262939453125,731.6856689453125,1453.0531616210938,701.7710266113281,48.4195556640625,59.82928466796875
IMG_0029.mp4,6520,217.5508842175509,29.97,1413,0,auth_label,0.3560517728328705,4.545455455780029,365.25238037109375,126.64000701904297,821.8860473632812,65.5927312374115,593.5692138671875,122.09455156326294,456.6336669921875
IMG_0029.mp4,6520,217.5508842175509,29.97,1314,2,traffic_signs,0.6307171583175659,1503.757568359375,658.8220825195312,1557.641845703125,705.7301025390625,1530.69970703125,682.2760925292969,53.88427734375,46.90802001953125
IMG_0029.mp4,6520,217.5508842175509,29.97,1347,2,traffic_signs,0.5023550987243652,964.5741577148438,670.8396606445312,1012.0614013671875,736.9852905273438,988.3177795410156,703.9124755859375,47.48724365234375,66.1456298828125
IMG_0029.mp4,6521,217.58425091758426,29.97,1318,2,traffic_signs,0.9165972471237183,1425.630859375,638.8461303710938,1463.1353759765625,680.270751953125,1444.3831176757812,659.5584411621094,37.5045166015625,41.42462158203125
IMG_0029.mp4,6521,217.58425091758426,29.97,1344,1,traffic_lights,0.7877030968666077,1019.9248657226562,675.8422241210938,1036.2196044921875,721.1220092773438,1028.0722351074219,698.4821166992188,16.29473876953125,45.27978515625
IMG_0029.mp4,6521,217.58425091758426,29.97,1325,1,traffic_lights,0.8057501316070557,1423.0042724609375,673.3716430664062,1478.6123046875,733.4149169921875,1450.8082885742188,703.3932800292969,55.6080322265625,60.04327392578125
IMG_0029.mp4,6521,217.58425091758426,29.97,1330,2,traffic_signs,0.9559621214866638,672.7276611328125,331.03228759765625,834.3612060546875,491.9278869628906,753.54443359375,411.48008728027344,161.633544921875,160.89559936523438
IMG_0029.mp4,6521,217.58425091758426,29.97,1409,1,traffic_lights,0.6318982839584351,1428.95849609375,671.3349609375,1476.9591064453125,731.2124633789062,1452.9588012695312,701.2737121582031,48.0006103515625,59.87750244140625
IMG_0029.mp4,6521,217.58425091758426,29.97,1413,0,auth_label,0.3186338245868683,4.591951847076416,363.3569641113281,125.70824432373047,822.1749877929688,65.15009808540344,592.7659759521484,121.11629247665405,458.8180236816406
IMG_0029.mp4,6521,217.58425091758426,29.97,1314,2,traffic_signs,0.43547338247299194,1503.8486328125,659.4765625,1556.42626953125,705.9733276367188,1530.137451171875,682.7249450683594,52.57763671875,46.49676513671875
IMG_0029.mp4,6521,217.58425091758426,29.97,1347,2,traffic_signs,0.3187597990036011,963.9474487304688,670.7762451171875,1011.8391723632812,736.8263549804688,987.893310546875,703.8013000488281,47.8917236328125,66.05010986328125
IMG_0029.mp4,6521,217.58425091758426,29.97,1326,1,traffic_lights,0.8384450078010559,1138.9383544921875,482.0589294433594,1164.8568115234375,533.4281616210938,1151.8975830078125,507.74354553222656,25.91845703125,51.369232177734375
IMG_0029.mp4,6522,217.61761761761764,29.97,1318,2,traffic_signs,0.9188571572303772,1425.9168701171875,639.1240844726562,1463.461181640625,680.0751342773438,1444.6890258789062,659.599609375,37.5443115234375,40.9510498046875
IMG_0029.mp4,6522,217.61761761761764,29.97,1344,1,traffic_lights,0.786862850189209,1020.2196655273438,675.9497680664062,1036.3409423828125,721.25732421875,1028.2803039550781,698.6035461425781,16.12127685546875,45.30755615234375
IMG_0029.mp4,6522,217.61761761761764,29.97,1325,1,traffic_lights,0.7821996808052063,1423.424072265625,673.8970336914062,1479.068603515625,733.7498168945312,1451.246337890625,703.8234252929688,55.64453125,59.852783203125
IMG_0029.mp4,6522,217.61761761761764,29.97,1330,2,traffic_signs,0.9549173712730408,672.966796875,331.0747985839844,834.4439697265625,492.0303955078125,753.7053833007812,411.55259704589844,161.4771728515625,160.95559692382812
IMG_0029.mp4,6522,217.61761761761764,29.97,1409,1,traffic_lights,0.6074114441871643,1429.637451171875,671.982666015625,1477.2789306640625,731.4285278320312,1453.4581909179688,701.7055969238281,47.6414794921875,59.44586181640625
IMG_0029.mp4,6522,217.61761761761764,29.97,1413,0,auth_label,0.3322468101978302,4.763788223266602,363.306884765625,125.87930297851562,821.9661254882812,65.32154560089111,592.6365051269531,121.11551475524902,458.65924072265625
IMG_0029.mp4,6522,217.61761761761764,29.97,1314,2,traffic_signs,0.7353944778442383,1503.9979248046875,659.1820678710938,1557.0970458984375,705.90673828125,1530.5474853515625,682.5444030761719,53.09912109375,46.72467041015625
IMG_0029.mp4,6522,217.61761761761764,29.97,1347,2,traffic_signs,0.37914174795150757,964.6156005859375,670.749267578125,1012.1983642578125,736.8864135742188,988.406982421875,703.8178405761719,47.582763671875,66.13714599609375
IMG_0029.mp4,6522,217.61761761761764,29.97,1326,1,traffic_lights,0.6331380605697632,1139.205078125,482.15277099609375,1165.281982421875,533.5386352539062,1152.2435302734375,507.845703125,26.076904296875,51.3858642578125
IMG_0029.mp4,6523,217.650984317651,29.97,1318,2,traffic_signs,0.9197930097579956,1425.769775390625,639.0462646484375,1463.286865234375,680.1871948242188,1444.5283203125,659.6167297363281,37.51708984375,41.14093017578125
IMG_0029.mp4,6523,217.650984317651,29.97,1344,1,traffic_lights,0.7852778434753418,1020.0918579101562,675.8363647460938,1036.3626708984375,721.1127319335938,1028.2272644042969,698.4745483398438,16.27081298828125,45.2763671875
IMG_0029.mp4,6523,217.650984317651,29.97,1325,1,traffic_lights,0.7848875522613525,1423.4781494140625,673.5455322265625,1478.7999267578125,733.6683959960938,1451.1390380859375,703.6069641113281,55.32177734375,60.12286376953125
IMG_0029.mp4,6523,217.650984317651,29.97,1330,2,traffic_signs,0.9548761248588562,672.9530639648438,331.0577087402344,834.4871215820312,492.00750732421875,753.7200927734375,411.53260803222656,161.5340576171875,160.94979858398438
IMG_0029.mp4,6523,217.650984317651,29.97,1409,1,traffic_lights,0.6300095915794373,1429.74658203125,671.5619506835938,1477.122802734375,731.2623901367188,1453.4346923828125,701.4121704101562,47.376220703125,59.700439453125
IMG_0029.mp4,6523,217.650984317651,29.97,1413,0,auth_label,0.3718540668487549,4.690663814544678,362.7510681152344,125.81514739990234,821.9694213867188,65.25290560722351,592.3602447509766,121.12448358535767,459.2183532714844
IMG_0029.mp4,6523,217.650984317651,29.97,1314,2,traffic_signs,0.4134807288646698,1503.6881103515625,658.790771484375,1557.133544921875,705.6608276367188,1530.4108276367188,682.2257995605469,53.4454345703125,46.87005615234375
IMG_0029.mp4,6523,217.650984317651,29.97,1326,1,traffic_lights,0.6581064462661743,1139.1090087890625,482.1940612792969,1165.3226318359375,533.5121459960938,1152.2158203125,507.8531036376953,26.213623046875,51.318084716796875
IMG_0029.mp4,6524,217.68435101768435,29.97,1318,2,traffic_signs,0.9198063611984253,1425.863037109375,639.1605224609375,1463.3978271484375,680.4353637695312,1444.6304321289062,659.7979431152344,37.5347900390625,41.27484130859375
IMG_0029.mp4,6524,217.68435101768435,29.97,1344,1,traffic_lights,0.7943189144134521,1020.2034912109375,675.86669921875,1036.476806640625,721.1953125,1028.3401489257812,698.531005859375,16.2733154296875,45.32861328125
IMG_0029.mp4,6524,217.68435101768435,29.97,1325,1,traffic_lights,0.7827245593070984,1423.3587646484375,673.5473022460938,1478.758056640625,733.8121337890625,1451.0584106445312,703.6797180175781,55.3992919921875,60.26483154296875
IMG_0029.mp4,6524,217.68435101768435,29.97,1330,2,traffic_signs,0.9480502009391785,673.1129150390625,331.0668640136719,834.6302490234375,491.9629211425781,753.87158203125,411.514892578125,161.517333984375,160.89605712890625
IMG_0029.mp4,6524,217.68435101768435,29.97,1409,1,traffic_lights,0.6407238841056824,1429.5474853515625,671.7131958007812,1477.2508544921875,731.2449340820312,1453.399169921875,701.4790649414062,47.703369140625,59.53173828125
IMG_0029.mp4,6524,217.68435101768435,29.97,1413,0,auth_label,0.3889526128768921,4.552306652069092,362.2442321777344,126.56668853759766,821.9620361328125,65.55949759483337,592.1031341552734,122.01438188552856,459.7178039550781
IMG_0029.mp4,6524,217.68435101768435,29.97,1314,2,traffic_signs,0.681090772151947,1503.8201904296875,658.8985595703125,1557.2646484375,705.6719970703125,1530.5424194335938,682.2852783203125,53.4444580078125,46.7734375
IMG_0029.mp4,6524,217.68435101768435,29.97,1326,1,traffic_lights,0.6217138171195984,1139.2276611328125,482.2966003417969,1165.437744140625,533.5585327148438,1152.3327026367188,507.9275665283203,26.2100830078125,51.261932373046875
IMG_0029.mp4,6524,217.68435101768435,29.97,1347,2,traffic_signs,0.5412722229957581,964.673828125,670.5308837890625,1012.4732666015625,736.9158935546875,988.5735473632812,703.723388671875,47.7994384765625,66.385009765625
IMG_0029.mp4,6525,217.71771771771773,29.97,1318,2,traffic_signs,0.9175323247909546,1425.4188232421875,638.9345703125,1462.9337158203125,679.9268798828125,1444.17626953125,659.4307250976562,37.514892578125,40.9923095703125
IMG_0029.mp4,6525,217.71771771771773,29.97,1344,1,traffic_lights,0.7885429263114929,1020.0772705078125,675.9239501953125,1036.150634765625,720.887451171875,1028.1139526367188,698.4057006835938,16.0733642578125,44.9635009765625
IMG_0029.mp4,6525,217.71771771771773,29.97,1325,1,traffic_lights,0.7903463840484619,1422.9085693359375,673.293701171875,1478.6573486328125,733.5618286132812,1450.782958984375,703.4277648925781,55.748779296875,60.26812744140625
IMG_0029.mp4,6525,217.71771771771773,29.97,1330,2,traffic_signs,0.9542096853256226,673.0953979492188,331.03399658203125,834.369384765625,491.9064636230469,753.7323913574219,411.47023010253906,161.27398681640625,160.87246704101562
IMG_0029.mp4,6525,217.71771771771773,29.97,1409,1,traffic_lights,0.5887420773506165,1429.3572998046875,671.1410522460938,1476.9361572265625,731.1217041015625,1453.146728515625,701.1313781738281,47.578857421875,59.98065185546875
IMG_0029.mp4,6525,217.71771771771773,29.97,1413,0,auth_label,0.4220508337020874,4.341686248779297,362.1270751953125,127.68767547607422,821.3952026367188,66.01468086242676,591.7611389160156,123.34598922729492,459.26812744140625
IMG_0029.mp4,6525,217.71771771771773,29.97,1314,2,traffic_signs,0.6263108253479004,1503.7322998046875,659.4838256835938,1556.0391845703125,705.732421875,1529.8857421875,682.6081237792969,52.306884765625,46.24859619140625
IMG_0029.mp4,6525,217.71771771771773,29.97,1326,1,traffic_lights,0.7943543791770935,1138.9208984375,482.0176696777344,1165.19677734375,533.4067993164062,1152.058837890625,507.7122344970703,26.27587890625,51.389129638671875
IMG_0029.mp4,6525,217.71771771771773,29.97,1347,2,traffic_signs,0.2559773027896881,964.6551513671875,670.3803100585938,1012.0521850585938,736.7728271484375,988.3536682128906,703.5765686035156,47.39703369140625,66.39251708984375
IMG_0029.mp4,6526,217.7510844177511,29.97,1318,2,traffic_signs,0.9182879328727722,1425.4525146484375,639.1006469726562,1463.0028076171875,680.1616821289062,1444.2276611328125,659.6311645507812,37.55029296875,41.06103515625
IMG_0029.mp4,6526,217.7510844177511,29.97,1344,1,traffic_lights,0.7891000509262085,1020.1819458007812,675.9063720703125,1036.40185546875,721.1865234375,1028.2919006347656,698.5464477539062,16.21990966796875,45.2801513671875
IMG_0029.mp4,6526,217.7510844177511,29.97,1325,1,traffic_lights,0.7923387289047241,1423.144287109375,673.4776611328125,1478.6353759765625,733.679443359375,1450.8898315429688,703.5785522460938,55.4910888671875,60.2017822265625
IMG_0029.mp4,6526,217.7510844177511,29.97,1330,2,traffic_signs,0.9409026503562927,673.2134399414062,331.05059814453125,834.6528930664062,491.9600830078125,753.9331665039062,411.5053405761719,161.439453125,160.90948486328125
IMG_0029.mp4,6526,217.7510844177511,29.97,1409,1,traffic_lights,0.628343939781189,1429.4654541015625,671.3217163085938,1477.1036376953125,731.1505126953125,1453.2845458984375,701.2361145019531,47.63818359375,59.82879638671875
IMG_0029.mp4,6526,217.7510844177511,29.97,1413,0,auth_label,0.35234081745147705,4.168030261993408,362.26629638671875,128.5457000732422,820.9749145507812,66.3568651676178,591.62060546875,124.37766981124878,458.7086181640625
IMG_0029.mp4,6526,217.7510844177511,29.97,1314,2,traffic_signs,0.3723257780075073,1503.9232177734375,659.87939453125,1555.922119140625,706.051025390625,1529.9226684570312,682.9652099609375,51.9989013671875,46.171630859375
IMG_0029.mp4,6526,217.7510844177511,29.97,1326,1,traffic_lights,0.788874626159668,1139.0810546875,482.2154541015625,1165.30029296875,533.4826049804688,1152.190673828125,507.8490295410156,26.21923828125,51.26715087890625
IMG_0029.mp4,6526,217.7510844177511,29.97,1347,2,traffic_signs,0.45949435234069824,964.9691772460938,670.396728515625,1012.1415405273438,736.9052124023438,988.5553588867188,703.6509704589844,47.17236328125,66.50848388671875
IMG_0029.mp4,6527,217.78445111778447,29.97,1318,2,traffic_signs,0.9196819067001343,1425.6546630859375,639.1438598632812,1463.296875,680.207763671875,1444.4757690429688,659.6758117675781,37.6422119140625,41.06390380859375
IMG_0029.mp4,6527,217.78445111778447,29.97,1344,1,traffic_lights,0.7816558480262756,1020.2448120117188,675.853271484375,1036.4591064453125,721.2132568359375,1028.3519592285156,698.5332641601562,16.21429443359375,45.3599853515625
IMG_0029.mp4,6527,217.78445111778447,29.97,1325,1,traffic_lights,0.7845246195793152,1423.125,673.4602661132812,1478.8165283203125,733.6730346679688,1450.9707641601562,703.566650390625,55.6915283203125,60.2127685546875
IMG_0029.mp4,6527,217.78445111778447,29.97,1330,2,traffic_signs,0.9474481344223022,673.1315307617188,331.0069885253906,834.6964721679688,491.9236755371094,753.9140014648438,411.46533203125,161.56494140625,160.91668701171875
IMG_0029.mp4,6527,217.78445111778447,29.97,1409,1,traffic_lights,0.63126140832901,1429.29296875,671.4469604492188,1477.3167724609375,731.1585083007812,1453.3048706054688,701.302734375,48.0238037109375,59.7115478515625
IMG_0029.mp4,6527,217.78445111778447,29.97,1413,0,auth_label,0.37511008977890015,4.061376571655273,362.4814147949219,128.23138427734375,820.5639038085938,66.14638042449951,591.5226593017578,124.17000770568848,458.0824890136719
IMG_0029.mp4,6527,217.78445111778447,29.97,1314,2,traffic_signs,0.5022528171539307,1503.8277587890625,659.230224609375,1556.9556884765625,705.7073974609375,1530.3917236328125,682.4688110351562,53.1279296875,46.4771728515625
IMG_0029.mp4,6527,217.78445111778447,29.97,1326,1,traffic_lights,0.7297650575637817,1139.1829833984375,482.1766662597656,1165.41845703125,533.4616088867188,1152.3007202148438,507.8191375732422,26.2354736328125,51.284942626953125
IMG_0029.mp4,6527,217.78445111778447,29.97,1347,2,traffic_signs,0.42234840989112854,965.1498413085938,670.3689575195312,1012.39404296875,736.9578247070312,988.7719421386719,703.6633911132812,47.24420166015625,66.5888671875
IMG_0029.mp4,6528,217.81781781781783,29.97,1318,2,traffic_signs,0.9195320010185242,1425.9200439453125,639.1553344726562,1463.46240234375,679.878173828125,1444.6912231445312,659.5167541503906,37.5423583984375,40.72283935546875
IMG_0029.mp4,6528,217.81781781781783,29.97,1344,1,traffic_lights,0.760394811630249,1020.39990234375,676.0748901367188,1036.419189453125,721.2599487304688,1028.4095458984375,698.6674194335938,16.019287109375,45.18505859375
IMG_0029.mp4,6528,217.81781781781783,29.97,1325,1,traffic_lights,0.7541826963424683,1423.36083984375,673.6229248046875,1479.238525390625,733.8785400390625,1451.2996826171875,703.750732421875,55.877685546875,60.255615234375
IMG_0029.mp4,6528,217.81781781781783,29.97,1330,2,traffic_signs,0.9005871415138245,673.28662109375,331.0574645996094,834.9464111328125,491.9610595703125,754.1165161132812,411.50926208496094,161.6597900390625,160.90359497070312
IMG_0029.mp4,6528,217.81781781781783,29.97,1409,1,traffic_lights,0.6155036687850952,1429.612548828125,671.7379760742188,1477.4794921875,731.398681640625,1453.5460205078125,701.5683288574219,47.866943359375,59.66070556640625
IMG_0029.mp4,6528,217.81781781781783,29.97,1413,0,auth_label,0.44547396898269653,4.091737747192383,363.3735046386719,128.4328155517578,820.21875,66.2622766494751,591.7961273193359,124.34107780456543,456.8452453613281
IMG_0029.mp4,6528,217.81781781781783,29.97,1314,2,traffic_signs,0.583074688911438,1503.9410400390625,658.9816284179688,1557.320068359375,705.632568359375,1530.6305541992188,682.3070983886719,53.3790283203125,46.65093994140625
IMG_0029.mp4,6528,217.81781781781783,29.97,1326,1,traffic_lights,0.5484486818313599,1139.2625732421875,482.204345703125,1165.5411376953125,533.4417114257812,1152.40185546875,507.8230285644531,26.278564453125,51.23736572265625
IMG_0029.mp4,6528,217.81781781781783,29.97,1347,2,traffic_signs,0.42524611949920654,965.2819213867188,670.3562622070312,1012.63818359375,736.9833374023438,988.9600524902344,703.6697998046875,47.35626220703125,66.6270751953125
IMG_0029.mp4,6529,217.85118451785118,29.97,1318,2,traffic_signs,0.9198082685470581,1425.7841796875,639.1039428710938,1463.4208984375,680.07080078125,1444.6025390625,659.5873718261719,37.63671875,40.96685791015625
IMG_0029.mp4,6529,217.85118451785118,29.97,1344,1,traffic_lights,0.7929345369338989,1020.3356323242188,675.9430541992188,1036.436767578125,721.270751953125,1028.3861999511719,698.6069030761719,16.10113525390625,45.32769775390625
IMG_0029.mp4,6529,217.85118451785118,29.97,1325,1,traffic_lights,0.7696051597595215,1423.292236328125,673.3194580078125,1478.9595947265625,733.8648681640625,1451.1259155273438,703.5921630859375,55.6673583984375,60.54541015625
IMG_0029.mp4,6529,217.85118451785118,29.97,1330,2,traffic_signs,0.9271733164787292,673.2488403320312,331.0615539550781,834.877197265625,491.9798889160156,754.0630187988281,411.5207214355469,161.62835693359375,160.9183349609375
IMG_0029.mp4,6529,217.85118451785118,29.97,1409,1,traffic_lights,0.6461198925971985,1429.4276123046875,671.6380615234375,1477.317138671875,731.315185546875,1453.3723754882812,701.4766235351562,47.8895263671875,59.6771240234375
IMG_0029.mp4,6529,217.85118451785118,29.97,1413,0,auth_label,0.37723076343536377,4.060684680938721,362.2674865722656,128.05894470214844,820.8262939453125,66.05981469154358,591.5468902587891,123.99826002120972,458.5588073730469
IMG_0029.mp4,6529,217.85118451785118,29.97,1314,2,traffic_signs,0.6973364353179932,1503.9620361328125,658.9022216796875,1557.430419921875,705.6066284179688,1530.6962280273438,682.2544250488281,53.4683837890625,46.70440673828125
IMG_0029.mp4,6529,217.85118451785118,29.97,1326,1,traffic_lights,0.636765718460083,1139.214599609375,482.20416259765625,1165.46337890625,533.36181640625,1152.3389892578125,507.7829895019531,26.248779296875,51.15765380859375
IMG_0029.mp4,6529,217.85118451785118,29.97,1347,2,traffic_signs,0.4910428524017334,965.1707153320312,670.3289184570312,1012.6296997070312,736.9730224609375,988.9002075195312,703.6509704589844,47.458984375,66.64410400390625
IMG_0029.mp4,6530,217.88455121788456,29.97,1318,2,traffic_signs,0.9205963015556335,1425.587646484375,639.0816650390625,1463.3153076171875,680.1690673828125,1444.4514770507812,659.6253662109375,37.7276611328125,41.08740234375
IMG_0029.mp4,6530,217.88455121788456,29.97,1344,1,traffic_lights,0.7826159000396729,1020.1691284179688,675.9269409179688,1036.27783203125,721.2120361328125,1028.2234802246094,698.5694885253906,16.10870361328125,45.28509521484375
IMG_0029.mp4,6530,217.88455121788456,29.97,1325,1,traffic_lights,0.7733544111251831,1423.24658203125,673.4525756835938,1478.753662109375,733.7012939453125,1451.0001220703125,703.5769348144531,55.507080078125,60.24871826171875
IMG_0029.mp4,6530,217.88455121788456,29.97,1330,2,traffic_signs,0.947599470615387,673.14013671875,331.0281677246094,834.6688232421875,491.9132995605469,753.9044799804688,411.4707336425781,161.5286865234375,160.8851318359375
IMG_0029.mp4,6530,217.88455121788456,29.97,1409,1,traffic_lights,0.6219500303268433,1429.361572265625,671.7159423828125,1477.186767578125,731.1976928710938,1453.274169921875,701.4568176269531,47.8251953125,59.48175048828125
IMG_0029.mp4,6530,217.88455121788456,29.97,1413,0,auth_label,0.33321624994277954,4.046829700469971,360.4824523925781,127.49578094482422,820.84814453125,65.7713053226471,590.6652984619141,123.44895124435425,460.3656921386719
IMG_0029.mp4,6530,217.88455121788456,29.97,1314,2,traffic_signs,0.3676585555076599,1503.7982177734375,658.8465576171875,1557.20751953125,705.5826416015625,1530.5028686523438,682.214599609375,53.4093017578125,46.736083984375
IMG_0029.mp4,6530,217.88455121788456,29.97,1326,1,traffic_lights,0.6472366452217102,1139.146484375,482.20867919921875,1165.337646484375,533.3262329101562,1152.2420654296875,507.7674560546875,26.191162109375,51.1175537109375
IMG_0029.mp4,6530,217.88455121788456,29.97,1347,2,traffic_signs,0.47932422161102295,965.24365234375,670.3125610351562,1012.504150390625,736.895751953125,988.8739013671875,703.6041564941406,47.260498046875,66.58319091796875
IMG_0029.mp4,6531,217.91791791791792,29.97,1318,2,traffic_signs,0.9197593331336975,1426.0218505859375,639.12451171875,1463.674072265625,679.916748046875,1444.8479614257812,659.5206298828125,37.6522216796875,40.792236328125
IMG_0029.mp4,6531,217.91791791791792,29.97,1344,1,traffic_lights,0.7656083703041077,1020.2015991210938,676.0780029296875,1036.302490234375,721.354248046875,1028.2520446777344,698.7161254882812,16.10089111328125,45.2762451171875
IMG_0029.mp4,6531,217.91791791791792,29.97,1325,1,traffic_lights,0.7622696161270142,1423.2747802734375,673.73876953125,1479.43212890625,734.0355224609375,1451.3534545898438,703.8871459960938,56.1573486328125,60.2967529296875
IMG_0029.mp4,6531,217.91791791791792,29.97,1330,2,traffic_signs,0.9468412399291992,673.2216186523438,330.9838562011719,834.7124633789062,491.9026794433594,753.967041015625,411.4432678222656,161.4908447265625,160.9188232421875
IMG_0029.mp4,6531,217.91791791791792,29.97,1409,1,traffic_lights,0.6403939127922058,1429.605712890625,671.9545288085938,1477.790771484375,731.5744018554688,1453.6982421875,701.7644653320312,48.18505859375,59.619873046875
IMG_0029.mp4,6531,217.91791791791792,29.97,1413,0,auth_label,0.39414411783218384,4.146553039550781,360.9710998535156,126.62825775146484,821.75390625,65.38740539550781,591.3625030517578,122.48170471191406,460.7828063964844
IMG_0029.mp4,6531,217.91791791791792,29.97,1314,2,traffic_signs,0.721819281578064,1504.10546875,658.8681030273438,1557.6700439453125,705.6539916992188,1530.8877563476562,682.2610473632812,53.5645751953125,46.785888671875
IMG_0029.mp4,6531,217.91791791791792,29.97,1326,1,traffic_lights,0.5131164789199829,1139.3170166015625,482.228759765625,1165.554931640625,533.3445434570312,1152.4359741210938,507.7866516113281,26.2379150390625,51.11578369140625
IMG_0029.mp4,6531,217.91791791791792,29.97,1347,2,traffic_signs,0.30497032403945923,965.3671875,670.2855224609375,1012.6926879882812,736.9225463867188,989.0299377441406,703.6040344238281,47.32550048828125,66.63702392578125
IMG_0029.mp4,6531,217.91791791791792,29.97,1427,1,traffic_lights,0.4481017291545868,1139.125732421875,481.9715881347656,1164.925048828125,533.4579467773438,1152.025390625,507.7147674560547,25.79931640625,51.486358642578125
IMG_0029.mp4,6532,217.9512846179513,29.97,1318,2,traffic_signs,0.9198846220970154,1425.978759765625,639.1128540039062,1463.649169921875,680.1514892578125,1444.81396484375,659.6321716308594,37.67041015625,41.03863525390625
IMG_0029.mp4,6532,217.9512846179513,29.97,1344,1,traffic_lights,0.7923286557197571,1020.19091796875,675.9650268554688,1036.44091796875,721.4769897460938,1028.31591796875,698.7210083007812,16.25,45.511962890625
IMG_0029.mp4,6532,217.9512846179513,29.97,1325,1,traffic_lights,0.7636054754257202,1423.154541015625,673.7564697265625,1479.352783203125,733.934814453125,1451.253662109375,703.8456420898438,56.1982421875,60.1783447265625
IMG_0029.mp4,6532,217.9512846179513,29.97,1330,2,traffic_signs,0.9498741030693054,673.1795654296875,330.9913635253906,834.6648559570312,491.8684997558594,753.9222106933594,411.429931640625,161.48529052734375,160.87713623046875
IMG_0029.mp4,6532,217.9512846179513,29.97,1409,1,traffic_lights,0.6383649110794067,1429.55224609375,672.1348876953125,1477.807373046875,731.5283203125,1453.6798095703125,701.8316040039062,48.255126953125,59.3934326171875
IMG_0029.mp4,6532,217.9512846179513,29.97,1413,0,auth_label,0.38911381363868713,4.273555278778076,362.4645690917969,126.41097259521484,821.8688354492188,65.34226393699646,592.1667022705078,122.13741731643677,459.4042663574219
IMG_0029.mp4,6532,217.9512846179513,29.97,1314,2,traffic_signs,0.630113422870636,1504.013671875,658.7725219726562,1557.6434326171875,705.6702880859375,1530.8285522460938,682.2214050292969,53.6297607421875,46.89776611328125
IMG_0029.mp4,6532,217.9512846179513,29.97,1326,1,traffic_lights,0.4249572157859802,1139.3209228515625,482.240478515625,1165.5615234375,533.3662719726562,1152.4412231445312,507.8033752441406,26.2406005859375,51.12579345703125
IMG_0029.mp4,6532,217.9512846179513,29.97,1347,2,traffic_signs,0.47304290533065796,965.4050903320312,670.25537109375,1012.888427734375,736.9559326171875,989.1467590332031,703.6056518554688,47.48333740234375,66.7005615234375
IMG_0029.mp4,6532,217.9512846179513,29.97,1427,1,traffic_lights,0.5347579717636108,1139.152099609375,482.03387451171875,1164.8846435546875,533.4871215820312,1152.0183715820312,507.760498046875,25.7325439453125,51.4532470703125
IMG_0029.mp4,6533,217.98465131798466,29.97,1318,2,traffic_signs,0.9194981455802917,1426.055908203125,639.1827392578125,1463.8194580078125,680.2565307617188,1444.9376831054688,659.7196350097656,37.7635498046875,41.07379150390625
IMG_0029.mp4,6533,217.98465131798466,29.97,1344,1,traffic_lights,0.7875612378120422,1020.3374633789062,675.9547119140625,1036.5419921875,721.4630737304688,1028.4397277832031,698.7088928222656,16.20452880859375,45.50836181640625
IMG_0029.mp4,6533,217.98465131798466,29.97,1325,1,traffic_lights,0.7644309997558594,1423.3411865234375,673.7725219726562,1479.564208984375,733.9947509765625,1451.4526977539062,703.8836364746094,56.2230224609375,60.22222900390625
IMG_0029.mp4,6533,217.98465131798466,29.97,1330,2,traffic_signs,0.9398119449615479,673.3372192382812,330.9775085449219,834.6882934570312,491.94091796875,754.0127563476562,411.45921325683594,161.35107421875,160.96340942382812
IMG_0029.mp4,6533,217.98465131798466,29.97,1409,1,traffic_lights,0.6627734303474426,1429.82958984375,672.124755859375,1478.0491943359375,731.5868530273438,1453.9393920898438,701.8558044433594,48.2196044921875,59.46209716796875
IMG_0029.mp4,6533,217.98465131798466,29.97,1413,0,auth_label,0.43456652760505676,4.3763322830200195,362.39752197265625,126.86173248291016,821.7783813476562,65.61903238296509,592.0879516601562,122.48540019989014,459.380859375
IMG_0029.mp4,6533,217.98465131798466,29.97,1314,2,traffic_signs,0.8167988061904907,1504.0731201171875,658.8572998046875,1557.943359375,705.7513427734375,1531.0082397460938,682.3043212890625,53.8702392578125,46.89404296875
IMG_0029.mp4,6533,217.98465131798466,29.97,1326,1,traffic_lights,0.3681964576244354,1139.424072265625,482.3013916015625,1165.6220703125,533.3515014648438,1152.5230712890625,507.8264465332031,26.197998046875,51.05010986328125
IMG_0029.mp4,6533,217.98465131798466,29.97,1347,2,traffic_signs,0.4490099251270294,965.40478515625,670.3396606445312,1013.1917724609375,736.9503173828125,989.2982788085938,703.6449890136719,47.7869873046875,66.61065673828125
IMG_0029.mp4,6533,217.98465131798466,29.97,1427,1,traffic_lights,0.589227557182312,1139.230712890625,482.14111328125,1164.896728515625,533.4702758789062,1152.063720703125,507.8056945800781,25.666015625,51.32916259765625
IMG_0029.mp4,6534,218.01801801801804,29.97,1318,2,traffic_signs,0.9193704128265381,1426.02880859375,639.1023559570312,1463.6861572265625,679.9324340820312,1444.8574829101562,659.5173950195312,37.6573486328125,40.830078125
IMG_0029.mp4,6534,218.01801801801804,29.97,1344,1,traffic_lights,0.7892801761627197,1020.1812744140625,675.8587036132812,1036.2762451171875,721.4442138671875,1028.228759765625,698.6514587402344,16.094970703125,45.58551025390625
IMG_0029.mp4,6534,218.01801801801804,29.97,1325,1,traffic_lights,0.7665063738822937,1423.1253662109375,673.6967163085938,1479.7210693359375,734.1656494140625,1451.4232177734375,703.9311828613281,56.595703125,60.46893310546875
IMG_0029.mp4,6534,218.01801801801804,29.97,1330,2,traffic_signs,0.9542032480239868,673.0242309570312,330.87451171875,834.5140991210938,491.78887939453125,753.7691650390625,411.3316955566406,161.4898681640625,160.91436767578125
IMG_0029.mp4,6534,218.01801801801804,29.97,1409,1,traffic_lights,0.6409677863121033,1429.787841796875,671.7816772460938,1478.0687255859375,731.7578125,1453.9282836914062,701.7697448730469,48.2808837890625,59.97613525390625
IMG_0029.mp4,6534,218.01801801801804,29.97,1413,0,auth_label,0.4550686478614807,4.142216205596924,362.9576110839844,125.29277801513672,822.2005004882812,64.71749711036682,592.5790557861328,121.1505618095398,459.2428894042969
IMG_0029.mp4,6534,218.01801801801804,29.97,1314,2,traffic_signs,0.8093584179878235,1504.0731201171875,658.7959594726562,1557.96044921875,705.6561889648438,1531.0167846679688,682.22607421875,53.8873291015625,46.8602294921875
IMG_0029.mp4,6534,218.01801801801804,29.97,1326,1,traffic_lights,0.37657251954078674,1139.3326416015625,482.1374816894531,1165.499267578125,533.2738037109375,1152.4159545898438,507.7056427001953,26.1666259765625,51.136322021484375
IMG_0029.mp4,6534,218.01801801801804,29.97,1347,2,traffic_signs,0.42845723032951355,965.1558837890625,670.3392944335938,1012.9931640625,736.9269409179688,989.0745239257812,703.6331176757812,47.8372802734375,66.587646484375
IMG_0029.mp4,6534,218.01801801801804,29.97,1427,1,traffic_lights,0.5877700448036194,1139.16162109375,481.897705078125,1164.831787109375,533.417236328125,1151.9967041015625,507.657470703125,25.670166015625,51.51953125
IMG_0029.mp4,6535,218.0513847180514,29.97,1318,2,traffic_signs,0.9197391867637634,1426.0467529296875,639.1495971679688,1463.6505126953125,680.2990112304688,1444.8486328125,659.7243041992188,37.603759765625,41.1494140625
IMG_0029.mp4,6535,218.0513847180514,29.97,1344,1,traffic_lights,0.7908860445022583,1020.2595825195312,675.8858642578125,1036.3314208984375,721.414306640625,1028.2955017089844,698.6500854492188,16.07183837890625,45.5284423828125
IMG_0029.mp4,6535,218.0513847180514,29.97,1325,1,traffic_lights,0.7515267133712769,1423.3226318359375,673.7464599609375,1479.622802734375,734.3080444335938,1451.4727172851562,704.0272521972656,56.3001708984375,60.56158447265625
IMG_0029.mp4,6535,218.0513847180514,29.97,1330,2,traffic_signs,0.9532546997070312,673.0897216796875,330.91900634765625,834.5718994140625,491.841064453125,753.830810546875,411.3800354003906,161.482177734375,160.92205810546875
IMG_0029.mp4,6535,218.0513847180514,29.97,1409,1,traffic_lights,0.6570954322814941,1430.136474609375,671.992919921875,1478.03515625,731.7792358398438,1454.0858154296875,701.8860778808594,47.898681640625,59.78631591796875
IMG_0029.mp4,6535,218.0513847180514,29.97,1413,0,auth_label,0.4545901417732239,4.265581130981445,362.82440185546875,124.66902160644531,822.2009887695312,64.46730136871338,592.5126953125,120.40344047546387,459.3765869140625
IMG_0029.mp4,6535,218.0513847180514,29.97,1314,2,traffic_signs,0.8031181693077087,1504.0374755859375,658.8634643554688,1557.958251953125,705.7158203125,1530.9978637695312,682.2896423339844,53.9207763671875,46.85235595703125
IMG_0029.mp4,6535,218.0513847180514,29.97,1326,1,traffic_lights,0.40353700518608093,1139.40185546875,482.1850891113281,1165.5308837890625,533.2858276367188,1152.4663696289062,507.73545837402344,26.1290283203125,51.100738525390625
IMG_0029.mp4,6535,218.0513847180514,29.97,1347,2,traffic_signs,0.4953263998031616,965.1675415039062,670.3994140625,1012.9110717773438,736.936279296875,989.039306640625,703.6678466796875,47.7435302734375,66.536865234375
IMG_0029.mp4,6535,218.0513847180514,29.97,1427,1,traffic_lights,0.5516097545623779,1139.23583984375,481.9796447753906,1164.8436279296875,533.420654296875,1152.0397338867188,507.7001495361328,25.6077880859375,51.441009521484375
IMG_0029.mp4,6536,218.08475141808475,29.97,1318,2,traffic_signs,0.9199210405349731,1426.0380859375,639.1224975585938,1463.64501953125,680.4840698242188,1444.841552734375,659.8032836914062,37.60693359375,41.361572265625
IMG_0029.mp4,6536,218.08475141808475,29.97,1344,1,traffic_lights,0.7883864045143127,1020.2684936523438,675.8887329101562,1036.3408203125,721.2965087890625,1028.3046569824219,698.5926208496094,16.07232666015625,45.40777587890625
IMG_0029.mp4,6536,218.08475141808475,29.97,1325,1,traffic_lights,0.7627326250076294,1422.877685546875,673.7972412109375,1479.4974365234375,734.3770751953125,1451.1875610351562,704.087158203125,56.6197509765625,60.579833984375
IMG_0029.mp4,6536,218.08475141808475,29.97,1330,2,traffic_signs,0.9521780610084534,673.0973510742188,330.90069580078125,834.639892578125,491.8464660644531,753.8686218261719,411.3735809326172,161.54254150390625,160.94577026367188
IMG_0029.mp4,6536,218.08475141808475,29.97,1409,1,traffic_lights,0.6471125483512878,1429.9044189453125,672.1322021484375,1477.9549560546875,731.8034057617188,1453.9296875,701.9678039550781,48.050537109375,59.67120361328125
IMG_0029.mp4,6536,218.08475141808475,29.97,1413,0,auth_label,0.43865764141082764,4.416776180267334,362.8059387207031,125.0761489868164,821.54443359375,64.74646258354187,592.1751861572266,120.65937280654907,458.7384948730469
IMG_0029.mp4,6536,218.08475141808475,29.97,1314,2,traffic_signs,0.7363435626029968,1504.0667724609375,658.8237915039062,1557.9609375,705.6654052734375,1531.0138549804688,682.2445983886719,53.8941650390625,46.84161376953125
IMG_0029.mp4,6536,218.08475141808475,29.97,1326,1,traffic_lights,0.43703964352607727,1139.42431640625,482.2019958496094,1165.547607421875,533.2711791992188,1152.4859619140625,507.73658752441406,26.123291015625,51.069183349609375
IMG_0029.mp4,6536,218.08475141808475,29.97,1347,2,traffic_signs,0.5352189540863037,965.2488403320312,670.447021484375,1012.8461303710938,736.8707885742188,989.0474853515625,703.6589050292969,47.5972900390625,66.42376708984375
IMG_0029.mp4,6536,218.08475141808475,29.97,1427,1,traffic_lights,0.516258716583252,1139.233642578125,482.0544738769531,1164.817626953125,533.4041137695312,1152.025634765625,507.7292938232422,25.583984375,51.349639892578125
IMG_0029.mp4,6537,218.11811811811813,29.97,1318,2,traffic_signs,0.9210804104804993,1426.3582763671875,639.2503662109375,1463.9036865234375,680.0104370117188,1445.1309814453125,659.6304016113281,37.54541015625,40.76007080078125
IMG_0029.mp4,6537,218.11811811811813,29.97,1344,1,traffic_lights,0.7732301354408264,1020.361083984375,676.2532348632812,1036.3472900390625,721.3075561523438,1028.3541870117188,698.7803955078125,15.9862060546875,45.0543212890625
IMG_0029.mp4,6537,218.11811811811813,29.97,1325,1,traffic_lights,0.7767372131347656,1422.8382568359375,674.2813720703125,1479.5361328125,734.7638549804688,1451.1871948242188,704.5226135253906,56.6978759765625,60.48248291015625
IMG_0029.mp4,6537,218.11811811811813,29.97,1330,2,traffic_signs,0.9500470757484436,673.1134033203125,330.9376525878906,834.8463134765625,491.927490234375,753.9798583984375,411.4325714111328,161.73291015625,160.98983764648438
IMG_0029.mp4,6537,218.11811811811813,29.97,1409,1,traffic_lights,0.6380994319915771,1429.5999755859375,672.6067504882812,1477.9263916015625,732.1090087890625,1453.76318359375,702.3578796386719,48.326416015625,59.50225830078125
IMG_0029.mp4,6537,218.11811811811813,29.97,1413,0,auth_label,0.4025173485279083,4.5639519691467285,362.1979064941406,125.52786254882812,822.3939208984375,65.04590725898743,592.2959136962891,120.9639105796814,460.1960144042969
IMG_0029.mp4,6537,218.11811811811813,29.97,1314,2,traffic_signs,0.8158007860183716,1504.1368408203125,658.9945068359375,1558.1363525390625,705.8521118164062,1531.1365966796875,682.4233093261719,53.99951171875,46.85760498046875
IMG_0029.mp4,6537,218.11811811811813,29.97,1347,2,traffic_signs,0.5302783250808716,965.1566162109375,670.5896606445312,1012.8990478515625,736.9271850585938,989.02783203125,703.7584228515625,47.742431640625,66.3375244140625
IMG_0029.mp4,6538,218.1514848181515,29.97,1318,2,traffic_signs,0.920833170413971,1426.1094970703125,639.09423828125,1463.6275634765625,680.0904541015625,1444.8685302734375,659.5923461914062,37.51806640625,40.9962158203125
IMG_0029.mp4,6538,218.1514848181515,29.97,1344,1,traffic_lights,0.7826414108276367,1020.2003173828125,675.943603515625,1036.2159423828125,721.1709594726562,1028.2081298828125,698.5572814941406,16.015625,45.22735595703125
IMG_0029.mp4,6538,218.1514848181515,29.97,1325,1,traffic_lights,0.772761344909668,1422.4736328125,673.9114379882812,1479.3433837890625,734.3116455078125,1450.9085083007812,704.1115417480469,56.8697509765625,60.40020751953125
IMG_0029.mp4,6538,218.1514848181515,29.97,1330,2,traffic_signs,0.9555205702781677,672.9602661132812,330.8670349121094,834.6649169921875,491.7937316894531,753.8125915527344,411.33038330078125,161.70465087890625,160.92669677734375
IMG_0029.mp4,6538,218.1514848181515,29.97,1409,1,traffic_lights,0.6577941179275513,1429.3568115234375,672.2404174804688,1477.8021240234375,731.7952270507812,1453.5794677734375,702.017822265625,48.4453125,59.5548095703125
IMG_0029.mp4,6538,218.1514848181515,29.97,1413,0,auth_label,0.3595332205295563,4.449033260345459,362.8804931640625,125.26024627685547,822.1262817382812,64.85463976860046,592.5033874511719,120.81121301651001,459.24578857421875
IMG_0029.mp4,6538,218.1514848181515,29.97,1314,2,traffic_signs,0.5298117399215698,1503.878173828125,658.7583618164062,1557.8636474609375,705.6400756835938,1530.8709106445312,682.19921875,53.9854736328125,46.8817138671875
IMG_0029.mp4,6538,218.1514848181515,29.97,1347,2,traffic_signs,0.5296320915222168,965.0472412109375,670.4848022460938,1012.5339965820312,736.8146362304688,988.7906188964844,703.6497192382812,47.48675537109375,66.329833984375
IMG_0029.mp4,6538,218.1514848181515,29.97,1326,1,traffic_lights,0.6159459352493286,1139.3455810546875,482.12506103515625,1165.41796875,533.2263793945312,1152.3817749023438,507.67572021484375,26.0723876953125,51.101318359375
IMG_0029.mp4,6539,218.18485151818487,29.97,1318,2,traffic_signs,0.9212328195571899,1426.2939453125,639.1849975585938,1463.7169189453125,680.2745361328125,1445.0054321289062,659.7297668457031,37.4229736328125,41.08953857421875
IMG_0029.mp4,6539,218.18485151818487,29.97,1344,1,traffic_lights,0.7865477204322815,1020.21630859375,676.046630859375,1036.2318115234375,721.23291015625,1028.2240600585938,698.6397705078125,16.0155029296875,45.186279296875
IMG_0029.mp4,6539,218.18485151818487,29.97,1325,1,traffic_lights,0.7811252474784851,1422.694091796875,674.3252563476562,1479.40283203125,734.246826171875,1451.0484619140625,704.2860412597656,56.708740234375,59.92156982421875
IMG_0029.mp4,6539,218.18485151818487,29.97,1330,2,traffic_signs,0.9548859596252441,672.9365844726562,330.8992919921875,834.6744995117188,492.0400085449219,753.8055419921875,411.4696502685547,161.7379150390625,161.14071655273438
IMG_0029.mp4,6539,218.18485151818487,29.97,1409,1,traffic_lights,0.6549718976020813,1429.3446044921875,672.8812255859375,1477.841796875,731.6903686523438,1453.5932006835938,702.2857971191406,48.4971923828125,58.80914306640625
IMG_0029.mp4,6539,218.18485151818487,29.97,1413,0,auth_label,0.3159433603286743,4.505483150482178,363.53466796875,125.10610961914062,822.52001953125,64.8057963848114,593.02734375,120.60062646865845,458.9853515625
IMG_0029.mp4,6539,218.18485151818487,29.97,1314,2,traffic_signs,0.6420354843139648,1503.8831787109375,658.8018798828125,1557.872314453125,705.758056640625,1530.8777465820312,682.2799682617188,53.9891357421875,46.9561767578125
IMG_0029.mp4,6539,218.18485151818487,29.97,1347,2,traffic_signs,0.5749367475509644,964.8743286132812,670.5938720703125,1012.5256958007812,736.923583984375,988.7000122070312,703.7587280273438,47.6513671875,66.3297119140625
IMG_0029.mp4,6539,218.18485151818487,29.97,1428,1,traffic_lights,0.3494284451007843,1139.1173095703125,482.0120849609375,1164.7076416015625,533.3051147460938,1151.9124755859375,507.6585998535156,25.59033203125,51.29302978515625
IMG_0029.mp4,6539,218.18485151818487,29.97,1326,1,traffic_lights,0.5921201109886169,1139.338623046875,482.2160949707031,1165.44091796875,533.2210083007812,1152.3897705078125,507.7185516357422,26.102294921875,51.004913330078125
IMG_0029.mp4,6540,218.21821821821823,29.97,1318,2,traffic_signs,0.9201507568359375,1426.12890625,639.1063232421875,1463.5081787109375,679.80322265625,1444.8185424804688,659.4547729492188,37.3792724609375,40.6968994140625
IMG_0029.mp4,6540,218.21821821821823,29.97,1344,1,traffic_lights,0.7776564359664917,1020.0822143554688,676.0857543945312,1036.047607421875,721.0816650390625,1028.0649108886719,698.5837097167969,15.96539306640625,44.99591064453125
IMG_0029.mp4,6540,218.21821821821823,29.97,1325,1,traffic_lights,0.8059636354446411,1422.713623046875,674.218994140625,1479.1959228515625,733.9981079101562,1450.9547729492188,704.1085510253906,56.4822998046875,59.77911376953125
IMG_0029.mp4,6540,218.21821821821823,29.97,1330,2,traffic_signs,0.9564226269721985,672.7057495117188,330.8501892089844,834.4136962890625,491.8739318847656,753.5597229003906,411.362060546875,161.70794677734375,161.02374267578125
IMG_0029.mp4,6540,218.21821821821823,29.97,1409,1,traffic_lights,0.6641451716423035,1429.10009765625,672.60595703125,1477.478759765625,731.6397705078125,1453.2894287109375,702.1228637695312,48.378662109375,59.0338134765625
IMG_0029.mp4,6540,218.21821821821823,29.97,1413,0,auth_label,0.4049229323863983,4.415343761444092,363.2916564941406,124.63841247558594,821.365478515625,64.52687811851501,592.3285675048828,120.22306871414185,458.0738220214844
IMG_0029.mp4,6540,218.21821821821823,29.97,1347,2,traffic_signs,0.5682726502418518,964.8331298828125,670.4924926757812,1012.263427734375,736.7699584960938,988.5482788085938,703.6312255859375,47.4302978515625,66.2774658203125
IMG_0029.mp4,6540,218.21821821821823,29.97,1326,1,traffic_lights,0.6760735511779785,1139.190673828125,482.037109375,1165.2252197265625,533.07373046875,1152.2079467773438,507.555419921875,26.0345458984375,51.03662109375
IMG_0029.mp4,6541,218.25158491825158,29.97,1318,2,traffic_signs,0.9214886426925659,1426.35888671875,639.2537841796875,1463.7086181640625,680.246337890625,1445.0337524414062,659.7500610351562,37.3497314453125,40.9925537109375
IMG_0029.mp4,6541,218.25158491825158,29.97,1344,1,traffic_lights,0.7830160856246948,1020.162353515625,676.0609130859375,1036.23486328125,721.1904907226562,1028.1986083984375,698.6257019042969,16.072509765625,45.12957763671875
IMG_0029.mp4,6541,218.25158491825158,29.97,1325,1,traffic_lights,0.8054357171058655,1422.93408203125,674.4295043945312,1478.841796875,734.227783203125,1450.887939453125,704.3286437988281,55.90771484375,59.79827880859375
IMG_0029.mp4,6541,218.25158491825158,29.97,1330,2,traffic_signs,0.9541503190994263,672.9177856445312,330.9388122558594,834.5611572265625,492.12457275390625,753.7394714355469,411.5316925048828,161.64337158203125,161.18576049804688
IMG_0029.mp4,6541,218.25158491825158,29.97,1409,1,traffic_lights,0.6761566996574402,1429.236083984375,673.0797119140625,1477.2938232421875,731.7295532226562,1453.2649536132812,702.4046325683594,48.0577392578125,58.64984130859375
IMG_0029.mp4,6541,218.25158491825158,29.97,1413,0,auth_label,0.3648425042629242,4.649450778961182,362.7092590332031,125.4370346069336,821.3180541992188,65.04324269294739,592.0136566162109,120.78758382797241,458.6087951660156
IMG_0029.mp4,6541,218.25158491825158,29.97,1347,2,traffic_signs,0.588365375995636,964.9459228515625,670.6939086914062,1012.3873901367188,736.9262084960938,988.6666564941406,703.81005859375,47.44146728515625,66.2322998046875
IMG_0029.mp4,6541,218.25158491825158,29.97,1326,1,traffic_lights,0.48366960883140564,1139.1866455078125,482.01116943359375,1164.9237060546875,533.3009643554688,1152.05517578125,507.65606689453125,25.737060546875,51.289794921875
IMG_0029.mp4,6541,218.25158491825158,29.97,1314,2,traffic_signs,0.7503225803375244,1503.6728515625,658.8386840820312,1557.9671630859375,705.7635498046875,1530.8200073242188,682.3011169433594,54.2943115234375,46.92486572265625
IMG_0029.mp4,6542,218.28495161828496,29.97,1318,2,traffic_signs,0.9213452339172363,1426.1363525390625,639.1180419921875,1463.4937744140625,680.2239379882812,1444.8150634765625,659.6709899902344,37.357421875,41.10589599609375
IMG_0029.mp4,6542,218.28495161828496,29.97,1344,1,traffic_lights,0.7778688669204712,1020.0886840820312,675.9217529296875,1036.1177978515625,721.0582885742188,1028.1032409667969,698.4900207519531,16.02911376953125,45.13653564453125
IMG_0029.mp4,6542,218.28495161828496,29.97,1325,1,traffic_lights,0.8054470419883728,1422.802734375,673.9207763671875,1478.8597412109375,734.0197143554688,1450.8312377929688,703.9702453613281,56.0570068359375,60.09893798828125
IMG_0029.mp4,6542,218.28495161828496,29.97,1330,2,traffic_signs,0.9565088152885437,672.6887817382812,330.873291015625,834.3829345703125,491.9263000488281,753.5358581542969,411.39979553222656,161.69415283203125,161.05300903320312
IMG_0029.mp4,6542,218.28495161828496,29.97,1409,1,traffic_lights,0.6777731776237488,1428.9410400390625,672.3856201171875,1477.3375244140625,731.5916137695312,1453.1392822265625,701.9886169433594,48.396484375,59.20599365234375
IMG_0029.mp4,6542,218.28495161828496,29.97,1413,0,auth_label,0.4038543105125427,4.379884719848633,362.7783508300781,125.6755599975586,820.7916870117188,65.02772235870361,591.7850189208984,121.29567527770996,458.0133361816406
IMG_0029.mp4,6542,218.28495161828496,29.97,1347,2,traffic_signs,0.5257854461669922,964.9814453125,670.6041259765625,1012.5020141601562,736.8162841796875,988.7417297363281,703.710205078125,47.52056884765625,66.212158203125
IMG_0029.mp4,6542,218.28495161828496,29.97,1326,1,traffic_lights,0.674269437789917,1139.1763916015625,481.9806213378906,1165.03466796875,533.1151123046875,1152.1055297851562,507.54786682128906,25.8582763671875,51.134490966796875
IMG_0029.mp4,6542,218.28495161828496,29.97,1314,2,traffic_signs,0.4823329448699951,1503.6224365234375,658.6456298828125,1557.8248291015625,705.59814453125,1530.7236328125,682.1218872070312,54.202392578125,46.9525146484375
IMG_0029.mp4,6543,218.31831831831832,29.97,1318,2,traffic_signs,0.9210255742073059,1426.32421875,639.135986328125,1463.6141357421875,679.9715576171875,1444.9691772460938,659.5537719726562,37.2899169921875,40.8355712890625
IMG_0029.mp4,6543,218.31831831831832,29.97,1344,1,traffic_lights,0.7860487103462219,1020.25537109375,676.1529541015625,1036.1666259765625,721.1198120117188,1028.2109985351562,698.6363830566406,15.9112548828125,44.96685791015625
IMG_0029.mp4,6543,218.31831831831832,29.97,1325,1,traffic_lights,0.8018783926963806,1422.70068359375,674.2706298828125,1479.1732177734375,734.320068359375,1450.9369506835938,704.2953491210938,56.4725341796875,60.0494384765625
IMG_0029.mp4,6543,218.31831831831832,29.97,1330,2,traffic_signs,0.9563062191009521,672.7335205078125,330.8951110839844,834.4718627929688,491.8985900878906,753.6026916503906,411.3968505859375,161.73834228515625,161.00347900390625
IMG_0029.mp4,6543,218.31831831831832,29.97,1409,1,traffic_lights,0.6544331312179565,1429.02490234375,672.6976928710938,1477.487060546875,731.7670288085938,1453.2559814453125,702.2323608398438,48.462158203125,59.0693359375
IMG_0029.mp4,6543,218.31831831831832,29.97,1413,0,auth_label,0.4156675338745117,4.450660228729248,362.6294860839844,125.60269927978516,820.7647705078125,65.0266797542572,591.6971282958984,121.15203905105591,458.1352844238281
IMG_0029.mp4,6543,218.31831831831832,29.97,1347,2,traffic_signs,0.5559390783309937,965.1646118164062,670.7568969726562,1012.8057250976562,736.8490600585938,988.9851684570312,703.802978515625,47.64111328125,66.0921630859375
IMG_0029.mp4,6543,218.31831831831832,29.97,1326,1,traffic_lights,0.6862534284591675,1139.295166015625,482.05322265625,1165.16455078125,533.1270141601562,1152.2298583984375,507.5901184082031,25.869384765625,51.07379150390625
IMG_0029.mp4,6543,218.31831831831832,29.97,1314,2,traffic_signs,0.5614583492279053,1503.6572265625,658.749267578125,1557.88623046875,705.6513671875,1530.771728515625,682.2003173828125,54.22900390625,46.902099609375
IMG_0029.mp4,6544,218.3516850183517,29.97,1318,2,traffic_signs,0.9214922785758972,1426.10400390625,639.1000366210938,1463.48828125,680.2402954101562,1444.796142578125,659.670166015625,37.38427734375,41.1402587890625
IMG_0029.mp4,6544,218.3516850183517,29.97,1344,1,traffic_lights,0.7740172147750854,1020.025634765625,676.008544921875,1036.05859375,721.1170654296875,1028.0421142578125,698.5628051757812,16.032958984375,45.1085205078125
IMG_0029.mp4,6544,218.3516850183517,29.97,1325,1,traffic_lights,0.8133090734481812,1422.4725341796875,674.0068359375,1478.8983154296875,734.1204223632812,1450.6854248046875,704.0636291503906,56.42578125,60.11358642578125
IMG_0029.mp4,6544,218.3516850183517,29.97,1330,2,traffic_signs,0.9560619592666626,672.5912475585938,330.8998718261719,834.2611694335938,491.8341064453125,753.4262084960938,411.3669891357422,161.669921875,160.93423461914062
IMG_0029.mp4,6544,218.3516850183517,29.97,1409,1,traffic_lights,0.6821935772895813,1428.6231689453125,672.436767578125,1477.3336181640625,731.5863647460938,1452.9783935546875,702.0115661621094,48.71044921875,59.14959716796875
IMG_0029.mp4,6544,218.3516850183517,29.97,1413,0,auth_label,0.41385409235954285,4.328139305114746,363.73980712890625,124.85794067382812,820.29541015625,64.59303998947144,592.0176086425781,120.52980136871338,456.55560302734375
IMG_0029.mp4,6544,218.3516850183517,29.97,1347,2,traffic_signs,0.550178050994873,965.1490478515625,670.6689453125,1012.6683349609375,736.8217163085938,988.90869140625,703.7453308105469,47.519287109375,66.15277099609375
IMG_0029.mp4,6544,218.3516850183517,29.97,1326,1,traffic_lights,0.7448180317878723,1139.12841796875,482.0537414550781,1165.094970703125,533.087890625,1152.1116943359375,507.57081604003906,25.966552734375,51.034149169921875
IMG_0029.mp4,6544,218.3516850183517,29.97,1314,2,traffic_signs,0.25630703568458557,1503.598388671875,658.6410522460938,1557.7340087890625,705.51416015625,1530.6661987304688,682.0776062011719,54.1356201171875,46.87310791015625
IMG_0029.mp4,6545,218.38505171838506,29.97,1318,2,traffic_signs,0.9216306805610657,1426.2899169921875,639.1836547851562,1463.701171875,680.2909545898438,1444.9955444335938,659.7373046875,37.4112548828125,41.1072998046875
IMG_0029.mp4,6545,218.38505171838506,29.97,1344,1,traffic_lights,0.7902198433876038,1020.170166015625,676.1062622070312,1036.280517578125,721.281982421875,1028.225341796875,698.6941223144531,16.1103515625,45.17572021484375
IMG_0029.mp4,6545,218.38505171838506,29.97,1325,1,traffic_lights,0.8020115494728088,1422.6282958984375,674.2083129882812,1479.044677734375,734.4053955078125,1450.8364868164062,704.3068542480469,56.4163818359375,60.19708251953125
IMG_0029.mp4,6545,218.38505171838506,29.97,1330,2,traffic_signs,0.9561376571655273,672.7802734375,330.8807067871094,834.5302124023438,491.8790588378906,753.6552429199219,411.3798828125,161.74993896484375,160.99835205078125
IMG_0029.mp4,6545,218.38505171838506,29.97,1409,1,traffic_lights,0.6827012300491333,1428.840087890625,672.7694091796875,1477.5020751953125,731.632080078125,1453.1710815429688,702.2007446289062,48.6619873046875,58.8626708984375
IMG_0029.mp4,6545,218.38505171838506,29.97,1413,0,auth_label,0.42052942514419556,4.528838157653809,363.11810302734375,125.25468444824219,820.1376953125,64.891761302948,591.6278991699219,120.72584629058838,457.01959228515625
IMG_0029.mp4,6545,218.38505171838506,29.97,1347,2,traffic_signs,0.6097263693809509,965.397216796875,670.7465209960938,1012.9547119140625,736.9083251953125,989.1759643554688,703.8274230957031,47.5574951171875,66.16180419921875
IMG_0029.mp4,6545,218.38505171838506,29.97,1326,1,traffic_lights,0.5829863548278809,1139.3125,482.09344482421875,1165.3834228515625,533.1746826171875,1152.3479614257812,507.6340637207031,26.0709228515625,51.08123779296875
IMG_0029.mp4,6545,218.38505171838506,29.97,1314,2,traffic_signs,0.8016795516014099,1503.7109375,658.702880859375,1558.1866455078125,705.6371459960938,1530.9487915039062,682.1700134277344,54.4757080078125,46.93426513671875
IMG_0029.mp4,6546,218.41841841841844,29.97,1318,2,traffic_signs,0.9198372960090637,1426.2354736328125,639.115966796875,1463.6578369140625,679.805908203125,1444.9466552734375,659.4609375,37.42236328125,40.68994140625
IMG_0029.mp4,6546,218.41841841841844,29.97,1344,1,traffic_lights,0.7870274782180786,1020.1856689453125,676.170654296875,1036.2564697265625,721.2257690429688,1028.2210693359375,698.6982116699219,16.07080078125,45.05511474609375
IMG_0029.mp4,6546,218.41841841841844,29.97,1325,1,traffic_lights,0.8022628426551819,1422.8245849609375,674.3545532226562,1479.2852783203125,734.3241577148438,1451.054931640625,704.33935546875,56.460693359375,59.9696044921875
IMG_0029.mp4,6546,218.41841841841844,29.97,1330,2,traffic_signs,0.9562728404998779,672.8247680664062,330.8897399902344,834.5057373046875,491.7980651855469,753.6652526855469,411.3439025878906,161.68096923828125,160.9083251953125
IMG_0029.mp4,6546,218.41841841841844,29.97,1409,1,traffic_lights,0.678876519203186,1429.1927490234375,672.7470092773438,1477.51123046875,731.6801147460938,1453.3519897460938,702.2135620117188,48.3184814453125,58.93310546875
IMG_0029.mp4,6546,218.41841841841844,29.97,1413,0,auth_label,0.4214964807033539,4.567366123199463,363.4670104980469,125.17230224609375,820.3739624023438,64.8698341846466,591.9204864501953,120.60493612289429,456.9069519042969
IMG_0029.mp4,6546,218.41841841841844,29.97,1347,2,traffic_signs,0.5969171524047852,965.3179321289062,670.7451782226562,1012.857421875,736.8553466796875,989.0876770019531,703.8002624511719,47.53948974609375,66.11016845703125
IMG_0029.mp4,6546,218.41841841841844,29.97,1326,1,traffic_lights,0.6057776808738708,1139.198486328125,482.0443115234375,1165.33447265625,533.1043090820312,1152.2664794921875,507.5743103027344,26.135986328125,51.05999755859375
IMG_0029.mp4,6546,218.41841841841844,29.97,1314,2,traffic_signs,0.4869888424873352,1503.654541015625,658.6268920898438,1558.014892578125,705.5579223632812,1530.834716796875,682.0924072265625,54.3603515625,46.9310302734375
IMG_0029.mp4,6546,218.41841841841844,29.97,1430,1,traffic_lights,0.32619982957839966,1139.0125732421875,481.72613525390625,1164.6837158203125,533.2251586914062,1151.84814453125,507.47564697265625,25.671142578125,51.4990234375
IMG_0029.mp4,6547,218.4517851184518,29.97,1318,2,traffic_signs,0.9202054142951965,1426.2174072265625,639.1201171875,1463.7401123046875,680.1057739257812,1444.978759765625,659.6129455566406,37.522705078125,40.98565673828125
IMG_0029.mp4,6547,218.4517851184518,29.97,1344,1,traffic_lights,0.7903810143470764,1020.1857299804688,676.133544921875,1036.3411865234375,721.366943359375,1028.2634582519531,698.750244140625,16.15545654296875,45.2333984375
IMG_0029.mp4,6547,218.4517851184518,29.97,1325,1,traffic_lights,0.794975757598877,1423.22509765625,674.4196166992188,1479.1427001953125,734.72216796875,1451.1838989257812,704.5708923339844,55.9176025390625,60.30255126953125
IMG_0029.mp4,6547,218.4517851184518,29.97,1330,2,traffic_signs,0.956244707107544,672.8327026367188,330.9143371582031,834.527099609375,491.7970275878906,753.6799011230469,411.3556823730469,161.69439697265625,160.8826904296875
IMG_0029.mp4,6547,218.4517851184518,29.97,1409,1,traffic_lights,0.683637797832489,1429.58056640625,673.0083618164062,1477.4296875,731.81591796875,1453.505126953125,702.4121398925781,47.84912109375,58.80755615234375
IMG_0029.mp4,6547,218.4517851184518,29.97,1413,0,auth_label,0.44380900263786316,4.574141502380371,364.4217834472656,125.19126892089844,820.108154296875,64.8827052116394,592.2649688720703,120.61712741851807,455.6863708496094
IMG_0029.mp4,6547,218.4517851184518,29.97,1347,2,traffic_signs,0.5966617465019226,965.2935791015625,670.7653198242188,1013.0150146484375,736.9437866210938,989.154296875,703.8545532226562,47.721435546875,66.178466796875
IMG_0029.mp4,6547,218.4517851184518,29.97,1326,1,traffic_lights,0.4768187701702118,1139.228759765625,482.115966796875,1165.5006103515625,533.1828002929688,1152.3646850585938,507.6493835449219,26.2718505859375,51.06683349609375
IMG_0029.mp4,6547,218.4517851184518,29.97,1314,2,traffic_signs,0.8197401762008667,1503.6915283203125,658.7380981445312,1558.1904296875,705.7413940429688,1530.9409790039062,682.23974609375,54.4989013671875,47.0032958984375
IMG_0029.mp4,6547,218.4517851184518,29.97,1430,1,traffic_lights,0.4953504800796509,1139.0587158203125,481.844482421875,1164.83984375,533.3070068359375,1151.9492797851562,507.57574462890625,25.7811279296875,51.4625244140625
IMG_0029.mp4,6548,218.48515181848515,29.97,1318,2,traffic_signs,0.9204201698303223,1426.0135498046875,639.087646484375,1463.553466796875,680.1785278320312,1444.7835083007812,659.6330871582031,37.5399169921875,41.09088134765625
IMG_0029.mp4,6548,218.48515181848515,29.97,1344,1,traffic_lights,0.7761020064353943,1020.015625,676.0486450195312,1036.2181396484375,721.2604370117188,1028.1168823242188,698.654541015625,16.2025146484375,45.2117919921875
IMG_0029.mp4,6548,218.48515181848515,29.97,1325,1,traffic_lights,0.7907593846321106,1423.2904052734375,674.1778564453125,1479.0423583984375,734.5188598632812,1451.1663818359375,704.3483581542969,55.751953125,60.34100341796875
IMG_0029.mp4,6548,218.48515181848515,29.97,1330,2,traffic_signs,0.956278383731842,672.7181396484375,330.8513488769531,834.3601684570312,491.7886962890625,753.5391540527344,411.3200225830078,161.64202880859375,160.93734741210938
IMG_0029.mp4,6548,218.48515181848515,29.97,1409,1,traffic_lights,0.6732411980628967,1429.5914306640625,672.7485961914062,1477.3082275390625,731.6541137695312,1453.4498291015625,702.2013549804688,47.716796875,58.905517578125
IMG_0029.mp4,6548,218.48515181848515,29.97,1413,0,auth_label,0.46478939056396484,4.4490647315979,364.582275390625,125.33404541015625,819.9190673828125,64.89155507087708,592.2506713867188,120.88498067855835,455.3367919921875
IMG_0029.mp4,6548,218.48515181848515,29.97,1347,2,traffic_signs,0.5829793810844421,965.14013671875,670.692138671875,1012.7119750976562,736.8611450195312,988.9260559082031,703.7766418457031,47.57183837890625,66.16900634765625
IMG_0029.mp4,6548,218.48515181848515,29.97,1326,1,traffic_lights,0.7351602911949158,1139.1351318359375,482.0907897949219,1165.2733154296875,533.0997924804688,1152.2042236328125,507.5952911376953,26.13818359375,51.009002685546875
IMG_0029.mp4,6548,218.48515181848515,29.97,1314,2,traffic_signs,0.6265233159065247,1503.5333251953125,658.65478515625,1557.8414306640625,705.6729125976562,1530.6873779296875,682.1638488769531,54.30810546875,47.01812744140625
IMG_0029.mp4,6549,218.51851851851853,29.97,1318,2,traffic_signs,0.9205470085144043,1426.1387939453125,639.1865844726562,1463.6529541015625,680.045654296875,1444.8958740234375,659.6161193847656,37.51416015625,40.85906982421875
IMG_0029.mp4,6549,218.51851851851853,29.97,1344,1,traffic_lights,0.7786225080490112,1020.0217895507812,676.25537109375,1036.1829833984375,721.3440551757812,1028.1023864746094,698.7997131347656,16.16119384765625,45.08868408203125
IMG_0029.mp4,6549,218.51851851851853,29.97,1325,1,traffic_lights,0.8000912666320801,1423.791015625,674.566162109375,1479.20068359375,734.75439453125,1451.495849609375,704.6602783203125,55.40966796875,60.188232421875
IMG_0029.mp4,6549,218.51851851851853,29.97,1330,2,traffic_signs,0.9565442204475403,672.8093872070312,330.9239501953125,834.3960571289062,491.83355712890625,753.6027221679688,411.3787536621094,161.586669921875,160.90960693359375
IMG_0029.mp4,6549,218.51851851851853,29.97,1409,1,traffic_lights,0.6777132153511047,1429.9537353515625,673.111328125,1477.3736572265625,731.8382568359375,1453.6636962890625,702.4747924804688,47.419921875,58.7269287109375
IMG_0029.mp4,6549,218.51851851851853,29.97,1413,0,auth_label,0.4807667136192322,4.510060787200928,364.6877746582031,125.30518341064453,820.0870971679688,64.90762209892273,592.3874359130859,120.7951226234436,455.3993225097656
IMG_0029.mp4,6549,218.51851851851853,29.97,1347,2,traffic_signs,0.4909510612487793,965.0789794921875,670.6687622070312,1012.6461791992188,736.8407592773438,988.8625793457031,703.7547607421875,47.56719970703125,66.1719970703125
IMG_0029.mp4,6549,218.51851851851853,29.97,1326,1,traffic_lights,0.5401221513748169,1139.230224609375,482.1073913574219,1165.348388671875,533.1621704101562,1152.289306640625,507.63478088378906,26.1181640625,51.054779052734375
IMG_0029.mp4,6549,218.51851851851853,29.97,1314,2,traffic_signs,0.8262115120887756,1503.572265625,658.7984619140625,1557.8759765625,705.8317260742188,1530.72412109375,682.3150939941406,54.3037109375,47.03326416015625
IMG_0029.mp4,6550,218.5518852185519,29.97,1318,2,traffic_signs,0.9215415120124817,1426.365234375,639.2238159179688,1463.8746337890625,680.3201904296875,1445.1199340820312,659.7720031738281,37.5093994140625,41.09637451171875
IMG_0029.mp4,6550,218.5518852185519,29.97,1344,1,traffic_lights,0.7880017757415771,1020.1405029296875,676.0989379882812,1036.2698974609375,721.3668212890625,1028.2052001953125,698.7328796386719,16.12939453125,45.26788330078125
IMG_0029.mp4,6550,218.5518852185519,29.97,1325,1,traffic_lights,0.7892913818359375,1424.0670166015625,674.6123657226562,1479.4698486328125,735.0182495117188,1451.7684326171875,704.8153076171875,55.40283203125,60.4058837890625
IMG_0029.mp4,6550,218.5518852185519,29.97,1330,2,traffic_signs,0.9562315344810486,672.8155517578125,330.8701477050781,834.4688110351562,491.87164306640625,753.6421813964844,411.3708953857422,161.65325927734375,161.00149536132812
IMG_0029.mp4,6550,218.5518852185519,29.97,1409,1,traffic_lights,0.6985960006713867,1430.091796875,673.3952026367188,1477.7969970703125,731.857177734375,1453.9443969726562,702.6261901855469,47.7052001953125,58.46197509765625
IMG_0029.mp4,6550,218.5518852185519,29.97,1413,0,auth_label,0.5067430138587952,4.31936502456665,364.5429382324219,124.71788787841797,819.9464721679688,64.51862645149231,592.2447052001953,120.39852285385132,455.4035339355469
IMG_0029.mp4,6550,218.5518852185519,29.97,1347,2,traffic_signs,0.5154002904891968,964.8946533203125,670.6848754882812,1012.7540893554688,736.8604736328125,988.8243713378906,703.7726745605469,47.85943603515625,66.17559814453125
IMG_0029.mp4,6550,218.5518852185519,29.97,1326,1,traffic_lights,0.5207717418670654,1139.2767333984375,481.9480895996094,1164.99462890625,533.3742065429688,1152.1356811523438,507.66114807128906,25.7178955078125,51.426116943359375
IMG_0029.mp4,6550,218.5518852185519,29.97,1314,2,traffic_signs,0.8451192378997803,1503.5286865234375,658.9390258789062,1558.1192626953125,705.9246215820312,1530.823974609375,682.4318237304688,54.590576171875,46.985595703125
IMG_0029.mp4,6550,218.5518852185519,29.97,1431,1,traffic_lights,0.43685382604599,1139.334716796875,482.0500183105469,1165.307373046875,533.34130859375,1152.321044921875,507.69566345214844,25.97265625,51.291290283203125
IMG_0029.mp4,6551,218.58525191858527,29.97,1318,2,traffic_signs,0.9209221601486206,1426.41357421875,639.2237548828125,1463.92529296875,680.4418334960938,1445.16943359375,659.8327941894531,37.51171875,41.21807861328125
IMG_0029.mp4,6551,218.58525191858527,29.97,1344,1,traffic_lights,0.7893905639648438,1020.26953125,676.0167846679688,1036.317138671875,721.3604736328125,1028.2933349609375,698.6886291503906,16.047607421875,45.34368896484375
IMG_0029.mp4,6551,218.58525191858527,29.97,1325,1,traffic_lights,0.7895308136940002,1424.4361572265625,674.6544189453125,1479.430419921875,735.027587890625,1451.9332885742188,704.8410034179688,54.9942626953125,60.3731689453125
IMG_0029.mp4,6551,218.58525191858527,29.97,1330,2,traffic_signs,0.9555249214172363,672.9977416992188,330.874755859375,834.51953125,491.9364929199219,753.7586364746094,411.40562438964844,161.52178955078125,161.06173706054688
IMG_0029.mp4,6551,218.58525191858527,29.97,1409,1,traffic_lights,0.6967967748641968,1430.32470703125,673.5386352539062,1477.8251953125,731.8873901367188,1454.074951171875,702.7130126953125,47.50048828125,58.3487548828125
IMG_0029.mp4,6551,218.58525191858527,29.97,1413,0,auth_label,0.5199989676475525,4.449841499328613,364.8300476074219,124.46022033691406,819.9014282226562,64.45503091812134,592.3657379150391,120.01037883758545,455.0713806152344
IMG_0029.mp4,6551,218.58525191858527,29.97,1347,2,traffic_signs,0.5591882467269897,965.0014038085938,670.8026733398438,1013.0828857421875,736.8878784179688,989.0421447753906,703.8452758789062,48.08148193359375,66.085205078125
IMG_0029.mp4,6551,218.58525191858527,29.97,1326,1,traffic_lights,0.7111155986785889,1139.3204345703125,482.0083923339844,1164.93994140625,533.5242309570312,1152.1301879882812,507.7663116455078,25.6195068359375,51.515838623046875
IMG_0029.mp4,6551,218.58525191858527,29.97,1314,2,traffic_signs,0.8241721391677856,1503.652587890625,659.0637817382812,1558.13134765625,705.9727172851562,1530.8919677734375,682.5182495117188,54.478759765625,46.908935546875
IMG_0029.mp4,6552,218.61861861861863,29.97,1318,2,traffic_signs,0.9208321571350098,1426.398681640625,639.21044921875,1463.862060546875,680.0595703125,1445.13037109375,659.635009765625,37.46337890625,40.84912109375
IMG_0029.mp4,6552,218.61861861861863,29.97,1344,1,traffic_lights,0.7365126013755798,1020.3793334960938,676.3011474609375,1036.236328125,721.2474975585938,1028.3078308105469,698.7743225097656,15.85699462890625,44.94635009765625
IMG_0029.mp4,6552,218.61861861861863,29.97,1325,1,traffic_lights,0.7926235795021057,1423.91943359375,674.8434448242188,1479.3489990234375,735.042724609375,1451.6342163085938,704.9430847167969,55.4295654296875,60.19927978515625
IMG_0029.mp4,6552,218.61861861861863,29.97,1330,2,traffic_signs,0.9550610780715942,672.9229736328125,330.9284973144531,834.4708251953125,491.9977722167969,753.6968994140625,411.463134765625,161.5478515625,161.06927490234375
IMG_0029.mp4,6552,218.61861861861863,29.97,1409,1,traffic_lights,0.6551552414894104,1429.8665771484375,673.7028198242188,1477.6090087890625,731.9389038085938,1453.73779296875,702.8208618164062,47.742431640625,58.236083984375
IMG_0029.mp4,6552,218.61861861861863,29.97,1413,0,auth_label,0.4369579255580902,4.3979644775390625,363.8934631347656,124.38628387451172,820.6094360351562,64.39212417602539,592.2514495849609,119.98831939697266,456.7159729003906
IMG_0029.mp4,6552,218.61861861861863,29.97,1347,2,traffic_signs,0.5623943209648132,964.86181640625,670.7908325195312,1013.0740966796875,736.8240356445312,988.9679565429688,703.8074340820312,48.2122802734375,66.033203125
IMG_0029.mp4,6552,218.61861861861863,29.97,1326,1,traffic_lights,0.6901658177375793,1139.247314453125,481.8630676269531,1164.8236083984375,533.4589233398438,1152.0354614257812,507.66099548339844,25.5762939453125,51.595855712890625
IMG_0029.mp4,6552,218.61861861861863,29.97,1314,2,traffic_signs,0.8174145221710205,1503.580078125,659.0723266601562,1558.011962890625,705.8941040039062,1530.7960205078125,682.4832153320312,54.431884765625,46.82177734375
IMG_0029.mp4,6553,218.65198531865198,29.97,1318,2,traffic_signs,0.9223962426185608,1426.40869140625,639.2044067382812,1463.84326171875,680.409912109375,1445.1259765625,659.8071594238281,37.4345703125,41.20550537109375
IMG_0029.mp4,6553,218.65198531865198,29.97,1344,1,traffic_lights,0.7878059148788452,1020.3186645507812,676.2200927734375,1036.2161865234375,721.3104858398438,1028.2674255371094,698.7652893066406,15.89752197265625,45.09039306640625
IMG_0029.mp4,6553,218.65198531865198,29.97,1325,1,traffic_lights,0.7880477905273438,1424.0426025390625,674.8179931640625,1479.46728515625,734.9890747070312,1451.7549438476562,704.9035339355469,55.4246826171875,60.17108154296875
IMG_0029.mp4,6553,218.65198531865198,29.97,1330,2,traffic_signs,0.953559398651123,672.9107666015625,330.9351501464844,834.52490234375,492.04620361328125,753.7178344726562,411.4906768798828,161.6141357421875,161.11105346679688
IMG_0029.mp4,6553,218.65198531865198,29.97,1409,1,traffic_lights,0.7124143242835999,1429.9290771484375,673.824951171875,1477.7728271484375,731.9190063476562,1453.8509521484375,702.8719787597656,47.84375,58.09405517578125
IMG_0029.mp4,6553,218.65198531865198,29.97,1413,0,auth_label,0.47437530755996704,4.445504665374756,361.5508728027344,124.25881958007812,820.93017578125,64.35216212272644,591.2405242919922,119.81331491470337,459.3793029785156
IMG_0029.mp4,6553,218.65198531865198,29.97,1347,2,traffic_signs,0.5727351903915405,964.834716796875,670.7128295898438,1013.200439453125,736.8279418945312,989.017578125,703.7703857421875,48.36572265625,66.1151123046875
IMG_0029.mp4,6553,218.65198531865198,29.97,1326,1,traffic_lights,0.7673195600509644,1139.3162841796875,481.88311767578125,1164.84033203125,533.4427490234375,1152.0783081054688,507.6629333496094,25.5240478515625,51.55963134765625
IMG_0029.mp4,6553,218.65198531865198,29.97,1314,2,traffic_signs,0.8264151811599731,1503.5919189453125,659.1338500976562,1557.8682861328125,705.8987426757812,1530.7301025390625,682.5162963867188,54.2763671875,46.764892578125
IMG_0029.mp4,6554,218.68535201868536,29.97,1318,2,traffic_signs,0.9228609800338745,1426.5679931640625,639.1631469726562,1463.9354248046875,680.4200439453125,1445.251708984375,659.7915954589844,37.367431640625,41.25689697265625
IMG_0029.mp4,6554,218.68535201868536,29.97,1344,1,traffic_lights,0.7879020571708679,1020.4439086914062,676.1786499023438,1036.29052734375,721.3695068359375,1028.3672180175781,698.7740783691406,15.84661865234375,45.19085693359375
IMG_0029.mp4,6554,218.68535201868536,29.97,1325,1,traffic_lights,0.7675291299819946,1424.30126953125,674.8131103515625,1479.6124267578125,734.8455810546875,1451.9568481445312,704.829345703125,55.3111572265625,60.032470703125
IMG_0029.mp4,6554,218.68535201868536,29.97,1330,2,traffic_signs,0.9502383470535278,673.0938110351562,330.9679260253906,834.630126953125,492.0584411621094,753.8619689941406,411.51318359375,161.53631591796875,161.09051513671875
IMG_0029.mp4,6554,218.68535201868536,29.97,1409,1,traffic_lights,0.6996046304702759,1430.11328125,673.8349609375,1477.9862060546875,731.7593994140625,1454.0497436523438,702.7971801757812,47.8729248046875,57.9244384765625
IMG_0029.mp4,6554,218.68535201868536,29.97,1413,0,auth_label,0.46511077880859375,4.504382133483887,360.947998046875,124.34786987304688,820.8543701171875,64.42612600326538,590.9011840820312,119.84348773956299,459.9063720703125
IMG_0029.mp4,6554,218.68535201868536,29.97,1347,2,traffic_signs,0.5695714354515076,964.8260498046875,670.6464233398438,1013.3169555664062,736.8563232421875,989.0715026855469,703.7513732910156,48.49090576171875,66.20989990234375
IMG_0029.mp4,6554,218.68535201868536,29.97,1326,1,traffic_lights,0.8129281997680664,1139.471435546875,482.09625244140625,1164.926513671875,533.4135131835938,1152.198974609375,507.7548828125,25.455078125,51.3172607421875
IMG_0029.mp4,6554,218.68535201868536,29.97,1314,2,traffic_signs,0.8182653188705444,1503.7838134765625,659.208251953125,1558.0076904296875,705.9360961914062,1530.895751953125,682.5721740722656,54.223876953125,46.72784423828125
IMG_0029.mp4,6555,218.71871871871872,29.97,1318,2,traffic_signs,0.9218353629112244,1426.665283203125,639.1555786132812,1463.8966064453125,680.004638671875,1445.2809448242188,659.5801086425781,37.2313232421875,40.84906005859375
IMG_0029.mp4,6555,218.71871871871872,29.97,1344,1,traffic_lights,0.7580272555351257,1020.518310546875,676.3193969726562,1036.337646484375,721.3869018554688,1028.427978515625,698.8531494140625,15.8193359375,45.0675048828125
IMG_0029.mp4,6555,218.71871871871872,29.97,1325,1,traffic_lights,0.771774172782898,1424.681396484375,674.9346923828125,1479.52197265625,734.9683227539062,1452.1016845703125,704.9515075683594,54.840576171875,60.03363037109375
IMG_0029.mp4,6555,218.71871871871872,29.97,1330,2,traffic_signs,0.9441946744918823,673.1427001953125,330.9997863769531,834.7054443359375,492.0760498046875,753.924072265625,411.5379180908203,161.562744140625,161.07626342773438
IMG_0029.mp4,6555,218.71871871871872,29.97,1409,1,traffic_lights,0.6728365421295166,1430.1424560546875,673.926025390625,1477.8931884765625,731.8043212890625,1454.017822265625,702.8651733398438,47.750732421875,57.8782958984375
IMG_0029.mp4,6555,218.71871871871872,29.97,1413,0,auth_label,0.4361358880996704,4.596994400024414,362.3414306640625,124.4059829711914,820.7117919921875,64.50148868560791,591.526611328125,119.80898857116699,458.370361328125
IMG_0029.mp4,6555,218.71871871871872,29.97,1347,2,traffic_signs,0.5563066005706787,964.7548217773438,670.6337280273438,1013.4024658203125,736.8582763671875,989.0786437988281,703.7460021972656,48.64764404296875,66.22454833984375
IMG_0029.mp4,6555,218.71871871871872,29.97,1326,1,traffic_lights,0.8338779807090759,1139.469970703125,481.90692138671875,1164.9681396484375,533.3980102539062,1152.2190551757812,507.6524658203125,25.4981689453125,51.4910888671875
IMG_0029.mp4,6555,218.71871871871872,29.97,1314,2,traffic_signs,0.8154950737953186,1503.91455078125,659.2146606445312,1558.0723876953125,705.9898071289062,1530.9934692382812,682.6022338867188,54.1578369140625,46.775146484375
IMG_0029.mp4,6556,218.7520854187521,29.97,1318,2,traffic_signs,0.9235206842422485,1426.6815185546875,639.1380615234375,1463.8861083984375,680.117431640625,1445.2838134765625,659.6277465820312,37.20458984375,40.9793701171875
IMG_0029.mp4,6556,218.7520854187521,29.97,1344,1,traffic_lights,0.7815656065940857,1020.5642700195312,676.296630859375,1036.4140625,721.4080200195312,1028.4891662597656,698.8523254394531,15.84979248046875,45.11138916015625
IMG_0029.mp4,6556,218.7520854187521,29.97,1325,1,traffic_lights,0.7571619749069214,1425.0279541015625,674.7035522460938,1479.507568359375,734.9771728515625,1452.2677612304688,704.8403625488281,54.4796142578125,60.27362060546875
IMG_0029.mp4,6556,218.7520854187521,29.97,1330,2,traffic_signs,0.9488720893859863,673.1149291992188,331.0190734863281,834.7581787109375,491.8835754394531,753.9365539550781,411.4513244628906,161.64324951171875,160.864501953125
IMG_0029.mp4,6556,218.7520854187521,29.97,1409,1,traffic_lights,0.7051993012428284,1430.3822021484375,673.7681884765625,1478.01904296875,731.7562255859375,1454.2006225585938,702.76220703125,47.6368408203125,57.988037109375
IMG_0029.mp4,6556,218.7520854187521,29.97,1413,0,auth_label,0.4580184519290924,4.637290954589844,362.6703186035156,124.1551742553711,820.5399169921875,64.39623260498047,591.6051177978516,119.51788330078125,457.8695983886719
IMG_0029.mp4,6556,218.7520854187521,29.97,1347,2,traffic_signs,0.5616644620895386,964.7315063476562,670.628173828125,1013.4151611328125,736.8564453125,989.0733337402344,703.7423095703125,48.68365478515625,66.228271484375
IMG_0029.mp4,6556,218.7520854187521,29.97,1326,1,traffic_lights,0.8179760575294495,1139.4359130859375,481.93939208984375,1165.025146484375,533.40673828125,1152.2305297851562,507.6730651855469,25.5892333984375,51.46734619140625
IMG_0029.mp4,6556,218.7520854187521,29.97,1314,2,traffic_signs,0.8269680738449097,1503.893310546875,659.2213134765625,1558.1392822265625,706.0205688476562,1531.0162963867188,682.6209411621094,54.2459716796875,46.79925537109375
IMG_0029.mp4,6557,218.78545211878546,29.97,1318,2,traffic_signs,0.9231556057929993,1426.442626953125,639.0756225585938,1463.6097412109375,680.130615234375,1445.0261840820312,659.6031188964844,37.1671142578125,41.05499267578125
IMG_0029.mp4,6557,218.78545211878546,29.97,1344,1,traffic_lights,0.783600926399231,1020.3724975585938,675.98974609375,1036.2510986328125,721.4069213867188,1028.3117980957031,698.6983337402344,15.87860107421875,45.41717529296875
IMG_0029.mp4,6557,218.78545211878546,29.97,1325,1,traffic_lights,0.7817370891571045,1424.4769287109375,674.3430786132812,1479.30322265625,734.9122314453125,1451.8900756835938,704.6276550292969,54.8262939453125,60.56915283203125
IMG_0029.mp4,6557,218.78545211878546,29.97,1330,2,traffic_signs,0.9554674625396729,672.8101806640625,330.9246826171875,834.5219116210938,491.884033203125,753.6660461425781,411.40435791015625,161.71173095703125,160.9593505859375
IMG_0029.mp4,6557,218.78545211878546,29.97,1409,1,traffic_lights,0.6959389448165894,1429.9012451171875,673.2733154296875,1477.7767333984375,731.789794921875,1453.8389892578125,702.5315551757812,47.87548828125,58.5164794921875
IMG_0029.mp4,6557,218.78545211878546,29.97,1413,0,auth_label,0.49673157930374146,4.391994476318359,363.0850830078125,123.24650573730469,820.8978271484375,63.81925010681152,591.991455078125,118.85451126098633,457.812744140625
IMG_0029.mp4,6557,218.78545211878546,29.97,1347,2,traffic_signs,0.5493780970573425,964.34375,670.6433715820312,1013.2727661132812,736.8382568359375,988.8082580566406,703.7408142089844,48.92901611328125,66.19488525390625
IMG_0029.mp4,6557,218.78545211878546,29.97,1326,1,traffic_lights,0.7503055334091187,1139.2606201171875,481.9121398925781,1164.7698974609375,533.2705688476562,1152.0152587890625,507.5913543701172,25.50927734375,51.358428955078125
IMG_0029.mp4,6557,218.78545211878546,29.97,1314,2,traffic_signs,0.8240851759910583,1503.699951171875,659.02587890625,1557.877197265625,705.9779052734375,1530.78857421875,682.5018920898438,54.17724609375,46.9520263671875
IMG_0029.mp4,6558,218.81881881881884,29.97,1318,2,traffic_signs,0.9231168031692505,1426.5445556640625,639.1435546875,1463.6572265625,679.98681640625,1445.1008911132812,659.565185546875,37.1126708984375,40.84326171875
IMG_0029.mp4,6558,218.81881881881884,29.97,1344,1,traffic_lights,0.7805434465408325,1020.3299560546875,676.2841186523438,1036.3056640625,721.6065673828125,1028.3178100585938,698.9453430175781,15.9757080078125,45.32244873046875
IMG_0029.mp4,6558,218.81881881881884,29.97,1325,1,traffic_lights,0.7769538164138794,1424.717041015625,674.7265625,1479.4268798828125,734.8967895507812,1452.0719604492188,704.8116760253906,54.7098388671875,60.17022705078125
IMG_0029.mp4,6558,218.81881881881884,29.97,1330,2,traffic_signs,0.9552803635597229,672.7781372070312,330.9584655761719,834.5944213867188,491.93310546875,753.686279296875,411.44578552246094,161.8162841796875,160.97463989257812
IMG_0029.mp4,6558,218.81881881881884,29.97,1409,1,traffic_lights,0.6924906969070435,1430.1021728515625,673.6337890625,1477.7037353515625,731.8682861328125,1453.9029541015625,702.7510375976562,47.6015625,58.2344970703125
IMG_0029.mp4,6558,218.81881881881884,29.97,1413,0,auth_label,0.5068785548210144,4.449296951293945,361.962890625,123.21308135986328,821.0225219726562,63.83118915557861,591.4927062988281,118.76378440856934,459.05963134765625
IMG_0029.mp4,6558,218.81881881881884,29.97,1347,2,traffic_signs,0.5376805663108826,964.3969116210938,670.6993408203125,1013.2485961914062,736.9136352539062,988.82275390625,703.8064880371094,48.8516845703125,66.21429443359375
IMG_0029.mp4,6558,218.81881881881884,29.97,1326,1,traffic_lights,0.7576572895050049,1139.283447265625,481.90966796875,1164.8250732421875,533.3131713867188,1152.0542602539062,507.6114196777344,25.5416259765625,51.40350341796875
IMG_0029.mp4,6558,218.81881881881884,29.97,1314,2,traffic_signs,0.8163262009620667,1503.795166015625,659.1546020507812,1557.861572265625,706.0997314453125,1530.828369140625,682.6271667480469,54.06640625,46.94512939453125
IMG_0029.mp4,6559,218.8521855188522,29.97,1318,2,traffic_signs,0.922563910484314,1426.4158935546875,639.1333618164062,1463.500732421875,680.3599243164062,1444.9583129882812,659.7466430664062,37.0848388671875,41.2265625
IMG_0029.mp4,6559,218.8521855188522,29.97,1344,1,traffic_lights,0.7797539234161377,1020.1867065429688,676.0103759765625,1036.1920166015625,721.5475463867188,1028.1893615722656,698.7789611816406,16.00531005859375,45.53717041015625
IMG_0029.mp4,6559,218.8521855188522,29.97,1325,1,traffic_lights,0.7757957577705383,1425.074951171875,674.553955078125,1479.2706298828125,734.7493896484375,1452.1727905273438,704.6516723632812,54.1956787109375,60.1954345703125
IMG_0029.mp4,6559,218.8521855188522,29.97,1330,2,traffic_signs,0.9562250971794128,672.673583984375,330.9144592285156,834.39892578125,491.8079528808594,753.5362548828125,411.3612060546875,161.725341796875,160.89349365234375
IMG_0029.mp4,6559,218.8521855188522,29.97,1409,1,traffic_lights,0.7120206356048584,1430.4359130859375,673.5257568359375,1477.6402587890625,731.7544555664062,1454.0380859375,702.6401062011719,47.204345703125,58.22869873046875
IMG_0029.mp4,6559,218.8521855188522,29.97,1413,0,auth_label,0.5745516419410706,4.374671459197998,362.19708251953125,122.63813018798828,820.9882202148438,63.50640082359314,591.5926513671875,118.26345872879028,458.7911376953125
IMG_0029.mp4,6559,218.8521855188522,29.97,1347,2,traffic_signs,0.5147154331207275,964.3491821289062,670.6888427734375,1013.0870361328125,736.895751953125,988.7181091308594,703.7922973632812,48.73785400390625,66.2069091796875
IMG_0029.mp4,6559,218.8521855188522,29.97,1326,1,traffic_lights,0.5320732593536377,1139.113037109375,481.8395690917969,1164.7071533203125,533.2133178710938,1151.9100952148438,507.5264434814453,25.5941162109375,51.373748779296875
IMG_0029.mp4,6559,218.8521855188522,29.97,1314,2,traffic_signs,0.7990103363990784,1503.583984375,658.945068359375,1557.85009765625,706.04541015625,1530.717041015625,682.4952392578125,54.26611328125,47.100341796875
IMG_0029.mp4,6560,218.88555221888555,29.97,1318,2,traffic_signs,0.9221159815788269,1426.501220703125,639.2362060546875,1463.7947998046875,680.40869140625,1445.1480102539062,659.8224487304688,37.2935791015625,41.1724853515625
IMG_0029.mp4,6560,218.88555221888555,29.97,1344,1,traffic_lights,0.7831681370735168,1020.2667236328125,676.1039428710938,1036.3323974609375,721.7426147460938,1028.299560546875,698.9232788085938,16.065673828125,45.638671875
IMG_0029.mp4,6560,218.88555221888555,29.97,1325,1,traffic_lights,0.7624413371086121,1425.044189453125,674.6638793945312,1479.672119140625,734.9588012695312,1452.358154296875,704.8113403320312,54.6279296875,60.294921875
IMG_0029.mp4,6560,218.88555221888555,29.97,1330,2,traffic_signs,0.9560926556587219,672.8414306640625,331.0099792480469,834.5784301757812,491.96282958984375,753.7099304199219,411.4864044189453,161.73699951171875,160.95285034179688
IMG_0029.mp4,6560,218.88555221888555,29.97,1409,1,traffic_lights,0.7179507613182068,1430.7349853515625,673.5888671875,1478.0667724609375,731.9002075195312,1454.40087890625,702.7445373535156,47.331787109375,58.31134033203125
IMG_0029.mp4,6560,218.88555221888555,29.97,1413,0,auth_label,0.5429406762123108,4.553369998931885,362.7326354980469,123.05258178710938,821.343505859375,63.80297589302063,592.0380706787109,118.49921178817749,458.6108703613281
IMG_0029.mp4,6560,218.88555221888555,29.97,1347,2,traffic_signs,0.5067179799079895,964.5826416015625,670.8076782226562,1013.20947265625,736.9816284179688,988.8960571289062,703.8946533203125,48.6268310546875,66.1739501953125
IMG_0029.mp4,6560,218.88555221888555,29.97,1326,1,traffic_lights,0.7731710076332092,1139.3419189453125,482.02728271484375,1164.829345703125,533.296630859375,1152.0856323242188,507.6619567871094,25.4874267578125,51.26934814453125
IMG_0029.mp4,6560,218.88555221888555,29.97,1314,2,traffic_signs,0.7897011041641235,1503.7598876953125,659.0717163085938,1558.0653076171875,706.16455078125,1530.91259765625,682.6181335449219,54.305419921875,47.09283447265625
IMG_0029.mp4,6561,218.91891891891893,29.97,1318,2,traffic_signs,0.920726478099823,1426.20361328125,639.1376342773438,1463.5343017578125,679.9990844726562,1444.8689575195312,659.568359375,37.3306884765625,40.8614501953125
IMG_0029.mp4,6561,218.91891891891893,29.97,1344,1,traffic_lights,0.7758916020393372,1020.0059814453125,676.2156372070312,1036.0775146484375,721.55517578125,1028.041748046875,698.8854064941406,16.071533203125,45.33953857421875
IMG_0029.mp4,6561,218.91891891891893,29.97,1325,1,traffic_lights,0.7729235887527466,1424.5595703125,674.41259765625,1479.377197265625,735.0523071289062,1451.9683837890625,704.7324523925781,54.817626953125,60.63970947265625
IMG_0029.mp4,6561,218.91891891891893,29.97,1330,2,traffic_signs,0.9552950263023376,672.4906005859375,330.9405517578125,834.1592407226562,491.897216796875,753.3249206542969,411.41888427734375,161.66864013671875,160.9566650390625
IMG_0029.mp4,6561,218.91891891891893,29.97,1409,1,traffic_lights,0.6787504553794861,1430.28271484375,673.2426147460938,1477.67138671875,731.948974609375,1453.97705078125,702.5957946777344,47.388671875,58.70635986328125
IMG_0029.mp4,6561,218.91891891891893,29.97,1413,0,auth_label,0.5122283101081848,4.262787342071533,362.15911865234375,122.56912994384766,821.1908569335938,63.415958642959595,591.6749877929688,118.30634260177612,459.03173828125
IMG_0029.mp4,6561,218.91891891891893,29.97,1347,2,traffic_signs,0.4545544683933258,964.2555541992188,670.6115112304688,1012.7908935546875,736.86279296875,988.5232238769531,703.7371520996094,48.53533935546875,66.25128173828125
IMG_0029.mp4,6561,218.91891891891893,29.97,1326,1,traffic_lights,0.6144005656242371,1139.1475830078125,481.8421630859375,1164.556396484375,533.1082763671875,1151.8519897460938,507.4752197265625,25.4088134765625,51.26611328125
IMG_0029.mp4,6561,218.91891891891893,29.97,1314,2,traffic_signs,0.5629699230194092,1503.3642578125,658.8519897460938,1557.7498779296875,705.9511108398438,1530.5570678710938,682.4015502929688,54.3856201171875,47.09912109375
IMG_0029.mp4,6562,218.9522856189523,29.97,1318,2,traffic_signs,0.922174870967865,1426.16796875,639.2542724609375,1463.4071044921875,680.3250122070312,1444.7875366210938,659.7896423339844,37.2391357421875,41.07073974609375
IMG_0029.mp4,6562,218.9522856189523,29.97,1344,1,traffic_lights,0.7737228274345398,1020.0643920898438,676.0790405273438,1036.1142578125,721.5088500976562,1028.0893249511719,698.7939453125,16.04986572265625,45.4298095703125
IMG_0029.mp4,6562,218.9522856189523,29.97,1325,1,traffic_lights,0.7449963688850403,1425.031494140625,674.3633422851562,1479.170654296875,735.031005859375,1452.10107421875,704.6971740722656,54.13916015625,60.66766357421875
IMG_0029.mp4,6562,218.9522856189523,29.97,1330,2,traffic_signs,0.956346333026886,672.7077026367188,331.0809631347656,834.4067993164062,491.9307556152344,753.5572509765625,411.505859375,161.6990966796875,160.84979248046875
IMG_0029.mp4,6562,218.9522856189523,29.97,1409,1,traffic_lights,0.7076768279075623,1430.7391357421875,673.14111328125,1477.546142578125,731.9530029296875,1454.1426391601562,702.5470581054688,46.8070068359375,58.8118896484375
IMG_0029.mp4,6562,218.9522856189523,29.97,1413,0,auth_label,0.49187636375427246,4.485493183135986,361.75897216796875,122.79640197753906,821.4251708984375,63.640947580337524,591.5920715332031,118.31090879440308,459.66619873046875
IMG_0029.mp4,6562,218.9522856189523,29.97,1347,2,traffic_signs,0.47740405797958374,964.3428955078125,670.6177368164062,1012.7982788085938,736.9259033203125,988.5705871582031,703.7718200683594,48.45538330078125,66.30816650390625
IMG_0029.mp4,6562,218.9522856189523,29.97,1326,1,traffic_lights,0.46617865562438965,1139.1656494140625,481.9248046875,1164.646728515625,533.3722534179688,1151.9061889648438,507.6485290527344,25.4810791015625,51.44744873046875
IMG_0029.mp4,6562,218.9522856189523,29.97,1314,2,traffic_signs,0.7265751361846924,1503.233154296875,658.9778442382812,1557.584716796875,706.0067138671875,1530.408935546875,682.4922790527344,54.3515625,47.02886962890625
IMG_0029.mp4,6562,218.9522856189523,29.97,1433,1,traffic_lights,0.4606838524341583,1139.2957763671875,482.1599426269531,1165.395263671875,533.3076171875,1152.3455200195312,507.73377990722656,26.0994873046875,51.147674560546875
IMG_0029.mp4,6563,218.98565231898567,29.97,1318,2,traffic_signs,0.9222689867019653,1425.9822998046875,639.2312622070312,1463.29541015625,680.1848754882812,1444.6388549804688,659.7080688476562,37.3131103515625,40.95361328125
IMG_0029.mp4,6563,218.98565231898567,29.97,1344,1,traffic_lights,0.7645264863967896,1019.9693603515625,675.9010009765625,1036.021728515625,721.3451538085938,1027.9955444335938,698.6230773925781,16.0523681640625,45.44415283203125
IMG_0029.mp4,6563,218.98565231898567,29.97,1325,1,traffic_lights,0.776075005531311,1424.5889892578125,674.1630859375,1479.074951171875,734.3803100585938,1451.8319702148438,704.2716979980469,54.4859619140625,60.21722412109375
IMG_0029.mp4,6563,218.98565231898567,29.97,1330,2,traffic_signs,0.9562036395072937,672.557373046875,331.0564880371094,834.2019653320312,491.8497619628906,753.3796691894531,411.453125,161.64459228515625,160.79327392578125
IMG_0029.mp4,6563,218.98565231898567,29.97,1409,1,traffic_lights,0.7067654728889465,1430.281982421875,672.7606811523438,1477.5870361328125,731.6240844726562,1453.9345092773438,702.1923828125,47.3050537109375,58.8634033203125
IMG_0029.mp4,6563,218.98565231898567,29.97,1413,0,auth_label,0.5068856477737427,4.249151706695557,361.3716125488281,122.7330551147461,821.2044677734375,63.491103410720825,591.2880401611328,118.48390340805054,459.8328552246094
IMG_0029.mp4,6563,218.98565231898567,29.97,1347,2,traffic_signs,0.48119649291038513,964.3412475585938,670.59375,1012.6937866210938,736.8267822265625,988.5175170898438,703.7102661132812,48.3525390625,66.2330322265625
IMG_0029.mp4,6563,218.98565231898567,29.97,1326,1,traffic_lights,0.415621817111969,1139.0845947265625,481.8782958984375,1164.4940185546875,533.1697387695312,1151.789306640625,507.5240173339844,25.409423828125,51.29144287109375
IMG_0029.mp4,6563,218.98565231898567,29.97,1314,2,traffic_signs,0.5370067954063416,1503.18212890625,658.8263549804688,1557.4820556640625,705.851318359375,1530.3320922851562,682.3388366699219,54.2999267578125,47.02496337890625
IMG_0029.mp4,6563,218.98565231898567,29.97,1433,1,traffic_lights,0.4977430999279022,1139.2315673828125,482.12396240234375,1165.2547607421875,533.0704345703125,1152.2431640625,507.5971984863281,26.023193359375,50.94647216796875
IMG_0029.mp4,6564,219.01901901901903,29.97,1318,2,traffic_signs,0.9203688502311707,1426.401611328125,639.3599853515625,1463.728759765625,679.9358520507812,1445.065185546875,659.6479187011719,37.3271484375,40.57586669921875
IMG_0029.mp4,6564,219.01901901901903,29.97,1344,1,traffic_lights,0.781631588935852,1020.209228515625,676.3330078125,1036.2591552734375,721.4292602539062,1028.2341918945312,698.8811340332031,16.0499267578125,45.09625244140625
IMG_0029.mp4,6564,219.01901901901903,29.97,1325,1,traffic_lights,0.777633011341095,1425.3006591796875,674.6351318359375,1479.5050048828125,734.96142578125,1452.40283203125,704.7982788085938,54.204345703125,60.3262939453125
IMG_0029.mp4,6564,219.01901901901903,29.97,1330,2,traffic_signs,0.9560112953186035,672.7137451171875,331.0370788574219,834.4237670898438,491.8948669433594,753.5687561035156,411.4659729003906,161.71002197265625,160.8577880859375
IMG_0029.mp4,6564,219.01901901901903,29.97,1409,1,traffic_lights,0.6889689564704895,1430.9478759765625,672.9114990234375,1477.9072265625,732.501220703125,1454.4275512695312,702.7063598632812,46.9593505859375,59.5897216796875
IMG_0029.mp4,6564,219.01901901901903,29.97,1413,0,auth_label,0.502170741558075,4.303778171539307,360.7820129394531,122.91603088378906,821.4389038085938,63.609904527664185,591.1104583740234,118.61225271224976,460.6568908691406
IMG_0029.mp4,6564,219.01901901901903,29.97,1326,1,traffic_lights,0.7299743890762329,1139.3458251953125,481.8521728515625,1164.89501953125,533.2557373046875,1152.1204223632812,507.553955078125,25.5491943359375,51.403564453125
IMG_0029.mp4,6564,219.01901901901903,29.97,1314,2,traffic_signs,0.7808188796043396,1503.5169677734375,658.9148559570312,1557.9747314453125,706.1548461914062,1530.745849609375,682.5348510742188,54.457763671875,47.239990234375
IMG_0029.mp4,6565,219.05238571905238,29.97,1318,2,traffic_signs,0.9240553975105286,1426.1763916015625,639.283203125,1463.4903564453125,680.165283203125,1444.8333740234375,659.7242431640625,37.31396484375,40.882080078125
IMG_0029.mp4,6565,219.05238571905238,29.97,1344,1,traffic_lights,0.7768992781639099,1020.1806640625,676.0247192382812,1036.1004638671875,721.2386474609375,1028.1405639648438,698.6316833496094,15.9197998046875,45.21392822265625
IMG_0029.mp4,6565,219.05238571905238,29.97,1325,1,traffic_lights,0.8206587433815002,1426.3629150390625,674.5095825195312,1479.006591796875,733.8011474609375,1452.6847534179688,704.1553649902344,52.6436767578125,59.29156494140625
IMG_0029.mp4,6565,219.05238571905238,29.97,1330,2,traffic_signs,0.9560627937316895,672.49462890625,330.946044921875,834.2725830078125,491.81951904296875,753.3836059570312,411.3827819824219,161.7779541015625,160.87347412109375
IMG_0029.mp4,6565,219.05238571905238,29.97,1409,1,traffic_lights,0.7455315589904785,1431.20556640625,672.8468627929688,1477.5064697265625,731.7586059570312,1454.3560180664062,702.302734375,46.3009033203125,58.9117431640625
IMG_0029.mp4,6565,219.05238571905238,29.97,1413,0,auth_label,0.47819098830223083,4.322000980377197,361.1748962402344,123.25261688232422,820.82373046875,63.78730893135071,590.9993133544922,118.93061590194702,459.6488342285156
IMG_0029.mp4,6565,219.05238571905238,29.97,1326,1,traffic_lights,0.4884130358695984,1139.260009765625,481.9293518066406,1165.215087890625,533.0720825195312,1152.237548828125,507.50071716308594,25.955078125,51.142730712890625
IMG_0029.mp4,6565,219.05238571905238,29.97,1314,2,traffic_signs,0.7346814870834351,1503.3306884765625,658.7606201171875,1557.9041748046875,705.9004516601562,1530.617431640625,682.3305358886719,54.573486328125,47.13983154296875
IMG_0029.mp4,6565,219.05238571905238,29.97,1347,2,traffic_signs,0.5014147758483887,964.4317016601562,670.5458374023438,1012.9226684570312,736.8536376953125,988.6771850585938,703.6997375488281,48.490966796875,66.30780029296875
IMG_0029.mp4,6566,219.08575241908576,29.97,1318,2,traffic_signs,0.9234748482704163,1425.996337890625,639.2996826171875,1463.2462158203125,680.4744262695312,1444.6212768554688,659.8870544433594,37.2498779296875,41.17474365234375
IMG_0029.mp4,6566,219.08575241908576,29.97,1344,1,traffic_lights,0.7670725584030151,1020.188720703125,675.9274291992188,1036.0650634765625,721.1893310546875,1028.1268920898438,698.5583801269531,15.8763427734375,45.26190185546875
IMG_0029.mp4,6566,219.08575241908576,29.97,1325,1,traffic_lights,0.8052303791046143,1426.432373046875,674.4127807617188,1478.8341064453125,732.8274536132812,1452.6332397460938,703.6201171875,52.4017333984375,58.4146728515625
IMG_0029.mp4,6566,219.08575241908576,29.97,1330,2,traffic_signs,0.9561949968338013,672.5594482421875,331.0489807128906,834.2860107421875,491.8245544433594,753.4227294921875,411.436767578125,161.7265625,160.77557373046875
IMG_0029.mp4,6566,219.08575241908576,29.97,1409,1,traffic_lights,0.7146665453910828,1431.027587890625,672.9180297851562,1477.1702880859375,730.9799194335938,1454.0989379882812,701.948974609375,46.1427001953125,58.0618896484375
IMG_0029.mp4,6566,219.08575241908576,29.97,1413,0,auth_label,0.4702046513557434,4.524916648864746,361.9017333984375,123.53153228759766,821.13427734375,64.0282244682312,591.5180053710938,119.00661563873291,459.2325439453125
IMG_0029.mp4,6566,219.08575241908576,29.97,1326,1,traffic_lights,0.5265558362007141,1139.29833984375,482.11029052734375,1165.27685546875,533.11083984375,1152.28759765625,507.6105651855469,25.978515625,51.00054931640625
IMG_0029.mp4,6566,219.08575241908576,29.97,1314,2,traffic_signs,0.45842254161834717,1503.0235595703125,658.8270263671875,1557.5396728515625,705.845947265625,1530.2816162109375,682.3364868164062,54.51611328125,47.0189208984375
IMG_0029.mp4,6566,219.08575241908576,29.97,1434,1,traffic_lights,0.3838830590248108,1139.1591796875,481.93017578125,1164.5755615234375,533.1728515625,1151.8673706054688,507.551513671875,25.4163818359375,51.24267578125
IMG_0029.mp4,6566,219.08575241908576,29.97,1347,2,traffic_signs,0.3850594460964203,964.3492431640625,670.5403442382812,1012.92431640625,736.860107421875,988.6367797851562,703.7002258300781,48.5750732421875,66.31976318359375
IMG_0029.mp4,6567,219.11911911911912,29.97,1318,2,traffic_signs,0.9217616319656372,1425.76025390625,639.2341918945312,1463.0001220703125,680.1649169921875,1444.3801879882812,659.6995544433594,37.2398681640625,40.93072509765625
IMG_0029.mp4,6567,219.11911911911912,29.97,1344,1,traffic_lights,0.773298442363739,1020.1510620117188,676.0907592773438,1035.99365234375,721.0665283203125,1028.0723571777344,698.5786437988281,15.84259033203125,44.97576904296875
IMG_0029.mp4,6567,219.11911911911912,29.97,1325,1,traffic_lights,0.774145781993866,1425.04345703125,674.2626953125,1478.4654541015625,732.7363891601562,1451.7544555664062,703.4995422363281,53.4219970703125,58.47369384765625
IMG_0029.mp4,6567,219.11911911911912,29.97,1330,2,traffic_signs,0.9564289450645447,672.5797729492188,331.0306091308594,834.208740234375,491.79998779296875,753.3942565917969,411.41529846191406,161.62896728515625,160.76937866210938
IMG_0029.mp4,6567,219.11911911911912,29.97,1409,1,traffic_lights,0.6296547651290894,1431.3489990234375,672.6190795898438,1476.579345703125,730.8306884765625,1453.9641723632812,701.7248840332031,45.2303466796875,58.21160888671875
IMG_0029.mp4,6567,219.11911911911912,29.97,1413,0,auth_label,0.4717724323272705,4.546152114868164,362.7215270996094,123.90421295166016,821.2011108398438,64.22518253326416,591.9613189697266,119.35806083679199,458.4795837402344
IMG_0029.mp4,6567,219.11911911911912,29.97,1326,1,traffic_lights,0.69383305311203,1139.15234375,482.0337829589844,1165.2119140625,533.0650024414062,1152.18212890625,507.5493927001953,26.0595703125,51.031219482421875
IMG_0029.mp4,6567,219.11911911911912,29.97,1347,2,traffic_signs,0.31856608390808105,964.3936157226562,670.5132446289062,1012.7642211914062,736.7864990234375,988.5789184570312,703.6498718261719,48.37060546875,66.27325439453125
IMG_0029.mp4,6568,219.1524858191525,29.97,1318,2,traffic_signs,0.9248621463775635,1425.7420654296875,639.2566528320312,1463.1978759765625,680.5185546875,1444.469970703125,659.8876037597656,37.455810546875,41.26190185546875
IMG_0029.mp4,6568,219.1524858191525,29.97,1344,1,traffic_lights,0.7706612348556519,1020.1792602539062,675.9679565429688,1036.1072998046875,721.155517578125,1028.1432800292969,698.5617370605469,15.92803955078125,45.18756103515625
IMG_0029.mp4,6568,219.1524858191525,29.97,1325,1,traffic_lights,0.7379450798034668,1425.640380859375,674.2328491210938,1478.7696533203125,732.7554321289062,1452.2050170898438,703.494140625,53.1292724609375,58.5225830078125
IMG_0029.mp4,6568,219.1524858191525,29.97,1330,2,traffic_signs,0.9561916589736938,672.69775390625,331.1041564941406,834.3234252929688,491.8399658203125,753.5105895996094,411.47206115722656,161.62567138671875,160.73580932617188
IMG_0029.mp4,6568,219.1524858191525,29.97,1409,1,traffic_lights,0.6530771851539612,1432.12646484375,672.7213134765625,1476.8248291015625,731.0032958984375,1454.4756469726562,701.8623046875,44.6983642578125,58.281982421875
IMG_0029.mp4,6568,219.1524858191525,29.97,1413,0,auth_label,0.49266448616981506,4.424480438232422,361.2196044921875,123.9311752319336,821.1805419921875,64.17782783508301,591.2000732421875,119.50669479370117,459.9609375
IMG_0029.mp4,6568,219.1524858191525,29.97,1326,1,traffic_lights,0.7062640190124512,1139.2322998046875,482.0078125,1165.238037109375,533.0968627929688,1152.2351684570312,507.5523376464844,26.0057373046875,51.08905029296875
IMG_0029.mp4,6568,219.1524858191525,29.97,1347,2,traffic_signs,0.422090619802475,964.52001953125,670.6058349609375,1012.7473754882812,736.8993530273438,988.6336975097656,703.7525939941406,48.22735595703125,66.29351806640625
IMG_0029.mp4,6569,219.18585251918586,29.97,1318,2,traffic_signs,0.9228113293647766,1425.7587890625,639.2035522460938,1463.2391357421875,680.48828125,1444.4989624023438,659.8459167480469,37.4803466796875,41.28472900390625
IMG_0029.mp4,6569,219.18585251918586,29.97,1344,1,traffic_lights,0.7646347880363464,1020.1962280273438,675.8593139648438,1036.1463623046875,721.1054077148438,1028.1712951660156,698.4823608398438,15.95013427734375,45.24609375
IMG_0029.mp4,6569,219.18585251918586,29.97,1325,1,traffic_lights,0.7278743982315063,1424.7952880859375,674.019287109375,1478.98828125,732.0493774414062,1451.8917846679688,703.0343322753906,54.1929931640625,58.03009033203125
IMG_0029.mp4,6569,219.18585251918586,29.97,1330,2,traffic_signs,0.956335723400116,672.7625732421875,331.0515441894531,834.2291259765625,491.81494140625,753.495849609375,411.43324279785156,161.466552734375,160.76339721679688
IMG_0029.mp4,6569,219.18585251918586,29.97,1409,1,traffic_lights,0.6544676423072815,1431.1878662109375,672.35205078125,1477.0517578125,730.5867919921875,1454.1198120117188,701.4694213867188,45.8638916015625,58.2347412109375
IMG_0029.mp4,6569,219.18585251918586,29.97,1413,0,auth_label,0.4916350245475769,4.332573413848877,359.7926330566406,124.00032043457031,820.9273071289062,64.1664469242096,590.3599700927734,119.66774702072144,461.1346740722656
IMG_0029.mp4,6569,219.18585251918586,29.97,1326,1,traffic_lights,0.7189522385597229,1139.2222900390625,481.8899841308594,1165.23876953125,533.0489501953125,1152.2305297851562,507.46946716308594,26.0164794921875,51.158966064453125
IMG_0029.mp4,6569,219.18585251918586,29.97,1347,2,traffic_signs,0.2754923701286316,964.5401611328125,670.5465087890625,1012.8582153320312,736.823486328125,988.6991882324219,703.6849975585938,48.31805419921875,66.2769775390625
IMG_0029.mp4,6570,219.21921921921924,29.97,1318,2,traffic_signs,0.9196520447731018,1426.0457763671875,639.2678833007812,1463.478271484375,680.1883544921875,1444.7620239257812,659.7281188964844,37.4324951171875,40.92047119140625
IMG_0029.mp4,6570,219.21921921921924,29.97,1344,1,traffic_lights,0.7883030772209167,1020.18505859375,676.16552734375,1036.2015380859375,721.1765747070312,1028.1932983398438,698.6710510253906,16.0164794921875,45.01104736328125
IMG_0029.mp4,6570,219.21921921921924,29.97,1325,1,traffic_lights,0.7222606539726257,1426.0233154296875,674.53564453125,1479.21142578125,731.53173828125,1452.6173706054688,703.03369140625,53.1881103515625,56.99609375
IMG_0029.mp4,6570,219.21921921921924,29.97,1330,2,traffic_signs,0.9562912583351135,672.7355346679688,330.9971923828125,834.2372436523438,491.8127136230469,753.4863891601562,411.4049530029297,161.501708984375,160.81552124023438
IMG_0029.mp4,6570,219.21921921921924,29.97,1409,1,traffic_lights,0.6503089070320129,1431.8338623046875,672.7719116210938,1477.2037353515625,730.4496459960938,1454.518798828125,701.6107788085938,45.369873046875,57.677734375
IMG_0029.mp4,6570,219.21921921921924,29.97,1413,0,auth_label,0.5192925333976746,4.100772380828857,361.2153015136719,123.75296020507812,821.36328125,63.92686629295349,591.2892913818359,119.65218782424927,460.1479797363281
IMG_0029.mp4,6570,219.21921921921924,29.97,1326,1,traffic_lights,0.6622292995452881,1139.3155517578125,482.0138244628906,1165.2252197265625,533.0668334960938,1152.2703857421875,507.5403289794922,25.90966796875,51.053009033203125
IMG_0029.mp4,6570,219.21921921921924,29.97,1314,2,traffic_signs,0.39139705896377563,1503.200927734375,658.8033447265625,1557.62255859375,705.6685791015625,1530.4117431640625,682.2359619140625,54.421630859375,46.865234375
IMG_0029.mp4,6571,219.2525859192526,29.97,1318,2,traffic_signs,0.919315755367279,1425.9178466796875,639.1430053710938,1463.38525390625,680.571533203125,1444.6515502929688,659.8572692871094,37.4674072265625,41.42852783203125
IMG_0029.mp4,6571,219.2525859192526,29.97,1344,1,traffic_lights,0.7652368545532227,1020.0435180664062,675.9609985351562,1036.060302734375,721.1224975585938,1028.0519104003906,698.541748046875,16.01678466796875,45.1614990234375
IMG_0029.mp4,6571,219.2525859192526,29.97,1325,1,traffic_lights,0.7566874623298645,1426.6849365234375,674.2089233398438,1479.0848388671875,731.1451416015625,1452.8848876953125,702.6770324707031,52.39990234375,56.93621826171875
IMG_0029.mp4,6571,219.2525859192526,29.97,1330,2,traffic_signs,0.955834150314331,672.5512084960938,330.9910583496094,833.9749755859375,491.779296875,753.2630920410156,411.3851776123047,161.42376708984375,160.78823852539062
IMG_0029.mp4,6571,219.2525859192526,29.97,1409,1,traffic_lights,0.7221798896789551,1431.3660888671875,672.3128051757812,1477.3031005859375,730.3238525390625,1454.3345947265625,701.3183288574219,45.93701171875,58.01104736328125
IMG_0029.mp4,6571,219.2525859192526,29.97,1413,0,auth_label,0.48897403478622437,4.175233364105225,362.10552978515625,123.8852767944336,821.741943359375,64.03025507926941,591.9237365722656,119.71004343032837,459.63641357421875
IMG_0029.mp4,6571,219.2525859192526,29.97,1326,1,traffic_lights,0.7800225019454956,1139.1243896484375,481.9831848144531,1165.1075439453125,533.0655517578125,1152.115966796875,507.5243682861328,25.983154296875,51.082366943359375
IMG_0029.mp4,6571,219.2525859192526,29.97,1347,2,traffic_signs,0.3967041075229645,964.4955444335938,670.5090942382812,1012.8925170898438,736.8341064453125,988.6940307617188,703.6716003417969,48.39697265625,66.32501220703125
IMG_0029.mp4,6572,219.28595261928595,29.97,1318,2,traffic_signs,0.9176483154296875,1426.3402099609375,639.2628173828125,1463.95458984375,680.86669921875,1445.1473999023438,660.0647583007812,37.6143798828125,41.6038818359375
IMG_0029.mp4,6572,219.28595261928595,29.97,1344,1,traffic_lights,0.7762557864189148,1020.18310546875,676.0764770507812,1036.2198486328125,721.3681640625,1028.2014770507812,698.7223205566406,16.0367431640625,45.29168701171875
IMG_0029.mp4,6572,219.28595261928595,29.97,1325,1,traffic_lights,0.5954204201698303,1427.5770263671875,674.6398315429688,1479.3333740234375,731.2403564453125,1453.4552001953125,702.9400939941406,51.75634765625,56.60052490234375
IMG_0029.mp4,6572,219.28595261928595,29.97,1330,2,traffic_signs,0.9563116431236267,672.6876831054688,331.04730224609375,834.2088623046875,491.94085693359375,753.4482727050781,411.49407958984375,161.52117919921875,160.8935546875
IMG_0029.mp4,6572,219.28595261928595,29.97,1409,1,traffic_lights,0.7142741084098816,1431.622802734375,672.8355102539062,1477.669921875,730.5667724609375,1454.6463623046875,701.7011413574219,46.047119140625,57.73126220703125
IMG_0029.mp4,6572,219.28595261928595,29.97,1413,0,auth_label,0.4322609007358551,4.118229389190674,361.7566833496094,123.79127502441406,822.6157836914062,63.95475220680237,592.1862335205078,119.67304563522339,460.8591003417969
IMG_0029.mp4,6572,219.28595261928595,29.97,1326,1,traffic_lights,0.6523498296737671,1139.3314208984375,482.09722900390625,1165.0126953125,533.2814331054688,1152.1720581054688,507.6893310546875,25.6812744140625,51.1842041015625
IMG_0029.mp4,6572,219.28595261928595,29.97,1314,2,traffic_signs,0.8423144817352295,1503.6107177734375,659.1172485351562,1557.8065185546875,705.7941284179688,1530.7086181640625,682.4556884765625,54.19580078125,46.6768798828125
IMG_0029.mp4,6573,219.31931931931933,29.97,1318,2,traffic_signs,0.9160975217819214,1426.160400390625,639.08642578125,1463.608642578125,680.6703491210938,1444.884521484375,659.8783874511719,37.4482421875,41.58392333984375
IMG_0029.mp4,6573,219.31931931931933,29.97,1344,1,traffic_lights,0.7786752581596375,1020.1163940429688,676.1726684570312,1036.124267578125,721.156005859375,1028.1203308105469,698.6643371582031,16.00787353515625,44.98333740234375
IMG_0029.mp4,6573,219.31931931931933,29.97,1325,1,traffic_lights,0.5967087745666504,1426.3492431640625,674.55029296875,1479.3203125,731.0557861328125,1452.8347778320312,702.8030395507812,52.9710693359375,56.5054931640625
IMG_0029.mp4,6573,219.31931931931933,29.97,1330,2,traffic_signs,0.9563016295433044,672.6258544921875,331.0638122558594,834.2265014648438,491.9332580566406,753.4261779785156,411.49853515625,161.60064697265625,160.86944580078125
IMG_0029.mp4,6573,219.31931931931933,29.97,1409,1,traffic_lights,0.6881727576255798,1431.2724609375,672.8220825195312,1477.4061279296875,730.4802856445312,1454.3392944335938,701.6511840820312,46.1336669921875,57.658203125
IMG_0029.mp4,6573,219.31931931931933,29.97,1413,0,auth_label,0.4640689194202423,4.182567596435547,361.02099609375,124.29007720947266,822.8571166992188,64.2363224029541,591.9390563964844,120.10750961303711,461.83612060546875
IMG_0029.mp4,6573,219.31931931931933,29.97,1326,1,traffic_lights,0.6058287024497986,1139.1856689453125,482.1094665527344,1165.1341552734375,533.2112426757812,1152.159912109375,507.6603546142578,25.948486328125,51.101776123046875
IMG_0029.mp4,6573,219.31931931931933,29.97,1435,1,traffic_lights,0.3460876941680908,1139.0657958984375,481.9048767089844,1164.7557373046875,533.2617797851562,1151.9107666015625,507.5833282470703,25.68994140625,51.356903076171875
IMG_0029.mp4,6573,219.31931931931933,29.97,1314,2,traffic_signs,0.5825642943382263,1503.425048828125,658.916748046875,1557.4432373046875,705.6544799804688,1530.4341430664062,682.2856140136719,54.0181884765625,46.73773193359375
IMG_0029.mp4,6573,219.31931931931933,29.97,1347,2,traffic_signs,0.34703826904296875,963.6998291015625,670.7250366210938,1012.9686279296875,736.8947143554688,988.334228515625,703.8098754882812,49.268798828125,66.169677734375
IMG_0029.mp4,6574,219.3526860193527,29.97,1318,2,traffic_signs,0.9143426418304443,1426.4808349609375,639.092529296875,1463.8333740234375,680.8514404296875,1445.1571044921875,659.9719848632812,37.3525390625,41.7589111328125
IMG_0029.mp4,6574,219.3526860193527,29.97,1344,1,traffic_lights,0.7661306262016296,1020.2827758789062,676.0592651367188,1036.3343505859375,721.1436157226562,1028.3085632324219,698.6014404296875,16.05157470703125,45.0843505859375
IMG_0029.mp4,6574,219.3526860193527,29.97,1325,1,traffic_lights,0.588119626045227,1425.687744140625,674.1033325195312,1479.381591796875,731.1187744140625,1452.53466796875,702.6110534667969,53.69384765625,57.01544189453125
IMG_0029.mp4,6574,219.3526860193527,29.97,1330,2,traffic_signs,0.954509973526001,672.8924560546875,330.9664001464844,834.5670776367188,491.9282531738281,753.7297668457031,411.44732666015625,161.67462158203125,160.96185302734375
IMG_0029.mp4,6574,219.3526860193527,29.97,1409,1,traffic_lights,0.7078242301940918,1430.690185546875,672.4097900390625,1477.5914306640625,730.5552978515625,1454.1408081054688,701.4825439453125,46.9012451171875,58.1455078125
IMG_0029.mp4,6574,219.3526860193527,29.97,1413,0,auth_label,0.4817672669887543,4.051153182983398,360.1916809082031,125.45667266845703,822.5964965820312,64.75391292572021,591.3940887451172,121.40551948547363,462.4048156738281
IMG_0029.mp4,6574,219.3526860193527,29.97,1326,1,traffic_lights,0.38382264971733093,1139.394287109375,482.1722412109375,1165.436767578125,533.1992797851562,1152.41552734375,507.6857604980469,26.04248046875,51.02703857421875
IMG_0029.mp4,6574,219.3526860193527,29.97,1435,1,traffic_lights,0.590482234954834,1139.2574462890625,482.0079345703125,1164.774658203125,533.2695922851562,1152.0160522460938,507.6387634277344,25.5172119140625,51.26165771484375
IMG_0029.mp4,6574,219.3526860193527,29.97,1314,2,traffic_signs,0.8265520334243774,1503.60888671875,659.0353393554688,1557.773681640625,705.7252197265625,1530.6912841796875,682.3802795410156,54.164794921875,46.68988037109375
IMG_0029.mp4,6574,219.3526860193527,29.97,1347,2,traffic_signs,0.3883908987045288,963.5638427734375,670.7698364257812,1013.2396850585938,736.8543701171875,988.4017639160156,703.8121032714844,49.67584228515625,66.08453369140625
IMG_0029.mp4,6575,219.38605271938607,29.97,1318,2,traffic_signs,0.9161977171897888,1426.2042236328125,639.0316772460938,1463.5721435546875,681.0252685546875,1444.88818359375,660.0284729003906,37.367919921875,41.99359130859375
IMG_0029.mp4,6575,219.38605271938607,29.97,1344,1,traffic_lights,0.7626646757125854,1020.1658325195312,676.0285034179688,1036.1541748046875,721.0451049804688,1028.1600036621094,698.5368041992188,15.98834228515625,45.0166015625
IMG_0029.mp4,6575,219.38605271938607,29.97,1325,1,traffic_lights,0.7333685159683228,1423.3472900390625,673.9434204101562,1479.009765625,731.2825927734375,1451.1785278320312,702.6130065917969,55.6624755859375,57.33917236328125
IMG_0029.mp4,6575,219.38605271938607,29.97,1330,2,traffic_signs,0.9566598534584045,672.7324829101562,331.0225524902344,834.2792358398438,491.9331359863281,753.505859375,411.47784423828125,161.5467529296875,160.91058349609375
IMG_0029.mp4,6575,219.38605271938607,29.97,1409,1,traffic_lights,0.6828055381774902,1429.197265625,672.2526245117188,1477.34033203125,730.5745239257812,1453.268798828125,701.41357421875,48.14306640625,58.3218994140625
IMG_0029.mp4,6575,219.38605271938607,29.97,1413,0,auth_label,0.41866663098335266,3.910367965698242,358.2373046875,125.66727447509766,823.1658935546875,64.78882122039795,590.7015991210938,121.75690650939941,464.9285888671875
IMG_0029.mp4,6575,219.38605271938607,29.97,1326,1,traffic_lights,0.5122401118278503,1139.2301025390625,482.2488708496094,1165.3724365234375,533.2314453125,1152.30126953125,507.7401580810547,26.142333984375,50.982574462890625
IMG_0029.mp4,6575,219.38605271938607,29.97,1435,1,traffic_lights,0.46391239762306213,1139.0858154296875,482.1517639160156,1164.6337890625,533.308349609375,1151.8598022460938,507.7300567626953,25.5479736328125,51.156585693359375
IMG_0029.mp4,6575,219.38605271938607,29.97,1314,2,traffic_signs,0.6257836818695068,1503.3131103515625,658.8909912109375,1557.5321044921875,705.7178344726562,1530.422607421875,682.3044128417969,54.218994140625,46.82684326171875
IMG_0029.mp4,6575,219.38605271938607,29.97,1347,2,traffic_signs,0.27642273902893066,964.052734375,670.6734619140625,1013.1785278320312,736.748779296875,988.6156311035156,703.7111206054688,49.12579345703125,66.0753173828125
IMG_0029.mp4,6576,219.41941941941943,29.97,1318,2,traffic_signs,0.9171935319900513,1426.5361328125,639.0828247070312,1464.0394287109375,680.5520629882812,1445.2877807617188,659.8174438476562,37.5032958984375,41.46923828125
IMG_0029.mp4,6576,219.41941941941943,29.97,1344,1,traffic_lights,0.7788601517677307,1020.18115234375,676.2134399414062,1036.1961669921875,721.1401977539062,1028.1886596679688,698.6768188476562,16.0150146484375,44.9267578125
IMG_0029.mp4,6576,219.41941941941943,29.97,1325,1,traffic_lights,0.7364829778671265,1423.950439453125,674.6212768554688,1479.3587646484375,732.4876098632812,1451.6546020507812,703.554443359375,55.4083251953125,57.8663330078125
IMG_0029.mp4,6576,219.41941941941943,29.97,1330,2,traffic_signs,0.9557521343231201,672.8330688476562,330.97296142578125,834.5029296875,491.9576416015625,753.6679992675781,411.4653015136719,161.66986083984375,160.98468017578125
IMG_0029.mp4,6576,219.41941941941943,29.97,1409,1,traffic_lights,0.6768510937690735,1430.0426025390625,672.7501831054688,1477.5540771484375,731.523193359375,1453.79833984375,702.1366882324219,47.511474609375,58.77301025390625
IMG_0029.mp4,6576,219.41941941941943,29.97,1413,0,auth_label,0.356850266456604,4.0246477127075195,357.94659423828125,124.78667449951172,823.610107421875,64.40566110610962,590.7783508300781,120.7620267868042,465.66351318359375
IMG_0029.mp4,6576,219.41941941941943,29.97,1326,1,traffic_lights,0.2995285391807556,1139.4423828125,482.2300109863281,1165.510498046875,533.2616577148438,1152.4764404296875,507.74583435058594,26.068115234375,51.031646728515625
IMG_0029.mp4,6576,219.41941941941943,29.97,1435,1,traffic_lights,0.6619237065315247,1139.294921875,482.0510559082031,1164.77490234375,533.3783569335938,1152.034912109375,507.71470642089844,25.47998046875,51.327301025390625
IMG_0029.mp4,6576,219.41941941941943,29.97,1314,2,traffic_signs,0.8167195916175842,1503.6837158203125,659.0228271484375,1558.041015625,705.9425048828125,1530.8623657226562,682.482666015625,54.3572998046875,46.919677734375
IMG_0029.mp4,6577,219.45278611945278,29.97,1318,2,traffic_signs,0.9193407297134399,1426.5333251953125,639.0633544921875,1464.0782470703125,681.0079956054688,1445.3057861328125,660.0356750488281,37.544921875,41.94464111328125
IMG_0029.mp4,6577,219.45278611945278,29.97,1344,1,traffic_lights,0.7751337289810181,1020.2251586914062,676.0311889648438,1036.2130126953125,721.06787109375,1028.2190856933594,698.5495300292969,15.98785400390625,45.03668212890625
IMG_0029.mp4,6577,219.45278611945278,29.97,1325,1,traffic_lights,0.6790506839752197,1423.697998046875,674.393798828125,1479.3729248046875,732.8162231445312,1451.5354614257812,703.6050109863281,55.6749267578125,58.42242431640625
IMG_0029.mp4,6577,219.45278611945278,29.97,1330,2,traffic_signs,0.9545851349830627,672.9039306640625,330.9986572265625,834.4901123046875,491.93865966796875,753.697021484375,411.4686584472656,161.586181640625,160.94000244140625
IMG_0029.mp4,6577,219.45278611945278,29.97,1409,1,traffic_lights,0.7029892206192017,1430.145751953125,672.804443359375,1477.5523681640625,731.5866088867188,1453.8490600585938,702.1955261230469,47.4066162109375,58.78216552734375
IMG_0029.mp4,6577,219.45278611945278,29.97,1413,0,auth_label,0.31765225529670715,4.064122676849365,358.76348876953125,124.78416442871094,823.7894287109375,64.42414355278015,591.2764587402344,120.72004175186157,465.02593994140625
IMG_0029.mp4,6577,219.45278611945278,29.97,1314,2,traffic_signs,0.8156771063804626,1503.5938720703125,658.9815063476562,1558.0843505859375,705.9619750976562,1530.839111328125,682.4717407226562,54.490478515625,46.98046875
IMG_0029.mp4,6578,219.48615281948616,29.97,1318,2,traffic_signs,0.9208228588104248,1426.5465087890625,639.070556640625,1464.0496826171875,681.0262451171875,1445.298095703125,660.0484008789062,37.503173828125,41.9556884765625
IMG_0029.mp4,6578,219.48615281948616,29.97,1344,1,traffic_lights,0.7890742421150208,1020.424072265625,675.9666137695312,1036.3563232421875,721.1083984375,1028.3901977539062,698.5375061035156,15.9322509765625,45.14178466796875
IMG_0029.mp4,6578,219.48615281948616,29.97,1325,1,traffic_lights,0.42027541995048523,1425.4873046875,674.3990478515625,1479.4033203125,732.6869506835938,1452.4453125,703.5429992675781,53.916015625,58.28790283203125
IMG_0029.mp4,6578,219.48615281948616,29.97,1330,2,traffic_signs,0.9470424056053162,673.1740112304688,330.9957580566406,834.8369750976562,491.9236755371094,754.0054931640625,411.459716796875,161.6629638671875,160.92791748046875
IMG_0029.mp4,6578,219.48615281948616,29.97,1409,1,traffic_lights,0.7185855507850647,1431.1734619140625,672.9617309570312,1477.617919921875,731.4500122070312,1454.3956909179688,702.2058715820312,46.4444580078125,58.48828125
IMG_0029.mp4,6578,219.48615281948616,29.97,1413,0,auth_label,0.32219618558883667,4.4005513191223145,358.95672607421875,125.42120361328125,823.299560546875,64.91087746620178,591.1281433105469,121.02065229415894,464.34283447265625
IMG_0029.mp4,6578,219.48615281948616,29.97,1314,2,traffic_signs,0.7616896033287048,1503.6549072265625,658.92724609375,1558.067626953125,705.9771728515625,1530.8612670898438,682.4522094726562,54.4127197265625,47.0499267578125
IMG_0029.mp4,6578,219.48615281948616,29.97,1347,2,traffic_signs,0.3534473478794098,964.4500732421875,670.5936889648438,1013.3729858398438,736.7057495117188,988.9115295410156,703.6497192382812,48.92291259765625,66.112060546875
IMG_0029.mp4,6578,219.48615281948616,29.97,1326,1,traffic_lights,0.8271567225456238,1139.4886474609375,482.171875,1165.050048828125,533.4151611328125,1152.2693481445312,507.79351806640625,25.5614013671875,51.2432861328125
IMG_0029.mp4,6579,219.51951951951952,29.97,1318,2,traffic_signs,0.9190478920936584,1426.52734375,639.0354614257812,1463.9228515625,680.510498046875,1445.22509765625,659.7729797363281,37.3955078125,41.47503662109375
IMG_0029.mp4,6579,219.51951951951952,29.97,1344,1,traffic_lights,0.7563760280609131,1020.433349609375,676.1488647460938,1036.2835693359375,721.0863647460938,1028.3584594726562,698.6176147460938,15.8502197265625,44.9375
IMG_0029.mp4,6579,219.51951951951952,29.97,1325,1,traffic_lights,0.6498054265975952,1425.562255859375,674.3767700195312,1479.4742431640625,732.8204345703125,1452.5182495117188,703.5986022949219,53.9119873046875,58.44366455078125
IMG_0029.mp4,6579,219.51951951951952,29.97,1330,2,traffic_signs,0.9530853033065796,673.0950927734375,330.9620666503906,834.6257934570312,491.9114685058594,753.8604431152344,411.436767578125,161.53070068359375,160.94940185546875
IMG_0029.mp4,6579,219.51951951951952,29.97,1409,1,traffic_lights,0.6942378878593445,1430.869140625,672.9256591796875,1477.496826171875,731.7022705078125,1454.1829833984375,702.31396484375,46.627685546875,58.776611328125
IMG_0029.mp4,6579,219.51951951951952,29.97,1314,2,traffic_signs,0.7484219670295715,1503.6842041015625,658.8535766601562,1558.0599365234375,705.9747924804688,1530.8720703125,682.4141845703125,54.375732421875,47.1212158203125
IMG_0029.mp4,6579,219.51951951951952,29.97,1347,2,traffic_signs,0.3758620619773865,964.4552001953125,670.5975952148438,1013.1846923828125,736.6367797851562,988.8199462890625,703.6171875,48.7294921875,66.0391845703125
IMG_0029.mp4,6579,219.51951951951952,29.97,1326,1,traffic_lights,0.7843483090400696,1139.3916015625,481.93975830078125,1164.87158203125,533.4310913085938,1152.131591796875,507.6854248046875,25.47998046875,51.4913330078125
IMG_0029.mp4,6580,219.5528862195529,29.97,1318,2,traffic_signs,0.9200126528739929,1426.475341796875,639.0447998046875,1463.81103515625,680.635009765625,1445.1431884765625,659.8399047851562,37.335693359375,41.5902099609375
IMG_0029.mp4,6580,219.5528862195529,29.97,1344,1,traffic_lights,0.7901685833930969,1020.3796997070312,676.0487670898438,1036.3177490234375,721.0729370117188,1028.3487243652344,698.5608520507812,15.93804931640625,45.024169921875
IMG_0029.mp4,6580,219.5528862195529,29.97,1325,1,traffic_lights,0.6598346829414368,1425.6278076171875,673.9676513671875,1479.3431396484375,733.0130615234375,1452.4854736328125,703.4903564453125,53.71533203125,59.04541015625
IMG_0029.mp4,6580,219.5528862195529,29.97,1330,2,traffic_signs,0.9518319368362427,673.0774536132812,330.9572448730469,834.6417236328125,491.8475036621094,753.8595886230469,411.4023742675781,161.56427001953125,160.8902587890625
IMG_0029.mp4,6580,219.5528862195529,29.97,1409,1,traffic_lights,0.6956323385238647,1430.3343505859375,672.641845703125,1477.4703369140625,731.8328247070312,1453.90234375,702.2373352050781,47.135986328125,59.19097900390625
IMG_0029.mp4,6580,219.5528862195529,29.97,1314,2,traffic_signs,0.7918564677238464,1503.58642578125,658.8595581054688,1558.024658203125,705.938720703125,1530.8055419921875,682.3991394042969,54.438232421875,47.07916259765625
IMG_0029.mp4,6580,219.5528862195529,29.97,1347,2,traffic_signs,0.3765602111816406,964.5167236328125,670.5532836914062,1013.06982421875,736.693115234375,988.7932739257812,703.6231994628906,48.5531005859375,66.13983154296875
IMG_0029.mp4,6580,219.5528862195529,29.97,1326,1,traffic_lights,0.6994531154632568,1139.312255859375,481.9881286621094,1164.773681640625,533.46142578125,1152.04296875,507.7247772216797,25.46142578125,51.473297119140625
IMG_0029.mp4,6581,219.58625291958626,29.97,1318,2,traffic_signs,0.9203673601150513,1426.460205078125,639.0391845703125,1463.792724609375,680.6150512695312,1445.12646484375,659.8271179199219,37.33251953125,41.57586669921875
IMG_0029.mp4,6581,219.58625291958626,29.97,1344,1,traffic_lights,0.7884028553962708,1020.3148803710938,676.0116577148438,1036.3385009765625,721.1161499023438,1028.3266906738281,698.5639038085938,16.02362060546875,45.1044921875
IMG_0029.mp4,6581,219.58625291958626,29.97,1325,1,traffic_lights,0.7598463296890259,1425.8468017578125,673.8096923828125,1479.09912109375,732.9256591796875,1452.4729614257812,703.36767578125,53.2523193359375,59.115966796875
IMG_0029.mp4,6581,219.58625291958626,29.97,1330,2,traffic_signs,0.9498404264450073,673.1088256835938,330.96337890625,834.646728515625,491.84136962890625,753.8777770996094,411.4023742675781,161.53790283203125,160.87799072265625
IMG_0029.mp4,6581,219.58625291958626,29.97,1409,1,traffic_lights,0.6929655075073242,1429.9993896484375,672.5225219726562,1477.3492431640625,731.7369995117188,1453.67431640625,702.1297607421875,47.349853515625,59.2144775390625
IMG_0029.mp4,6581,219.58625291958626,29.97,1314,2,traffic_signs,0.7897955179214478,1503.6207275390625,658.9039306640625,1557.9991455078125,705.9672241210938,1530.8099365234375,682.4355773925781,54.37841796875,47.06329345703125
IMG_0029.mp4,6581,219.58625291958626,29.97,1347,2,traffic_signs,0.32587146759033203,964.5067138671875,670.5621337890625,1013.0675048828125,736.7317504882812,988.787109375,703.6469421386719,48.560791015625,66.16961669921875
IMG_0029.mp4,6581,219.58625291958626,29.97,1326,1,traffic_lights,0.7314049005508423,1139.3299560546875,482.09423828125,1164.76123046875,533.516357421875,1152.0455932617188,507.8052978515625,25.4312744140625,51.422119140625
IMG_0029.mp4,6582,219.61961961961964,29.97,1318,2,traffic_signs,0.9206087589263916,1426.3724365234375,639.054443359375,1463.7080078125,680.1948852539062,1445.0402221679688,659.6246643066406,37.3355712890625,41.14044189453125
IMG_0029.mp4,6582,219.61961961961964,29.97,1344,1,traffic_lights,0.7575210928916931,1020.2539672851562,676.1656494140625,1036.3516845703125,721.19384765625,1028.3028259277344,698.6797485351562,16.09771728515625,45.0281982421875
IMG_0029.mp4,6582,219.61961961961964,29.97,1325,1,traffic_lights,0.7667851448059082,1423.464111328125,673.7976684570312,1478.899658203125,732.7852172851562,1451.181884765625,703.2914428710938,55.435546875,58.987548828125
IMG_0029.mp4,6582,219.61961961961964,29.97,1330,2,traffic_signs,0.9169280529022217,673.3319091796875,331.0136413574219,834.9481811523438,491.8395690917969,754.1400451660156,411.4266052246094,161.61627197265625,160.825927734375
IMG_0029.mp4,6582,219.61961961961964,29.97,1409,1,traffic_lights,0.6209264993667603,1428.818603515625,672.3931274414062,1477.067138671875,731.6464233398438,1452.94287109375,702.019775390625,48.24853515625,59.2532958984375
IMG_0029.mp4,6582,219.61961961961964,29.97,1314,2,traffic_signs,0.6389622092247009,1503.6329345703125,658.787353515625,1557.6654052734375,705.8417358398438,1530.649169921875,682.3145446777344,54.032470703125,47.05438232421875
IMG_0029.mp4,6582,219.61961961961964,29.97,1326,1,traffic_lights,0.7631303668022156,1139.304931640625,481.9586486816406,1164.8089599609375,533.5038452148438,1152.0569458007812,507.7312469482422,25.5040283203125,51.545196533203125
IMG_0029.mp4,6582,219.61961961961964,29.97,1413,0,auth_label,0.2540132999420166,4.440433979034424,359.3164978027344,126.35128784179688,820.0625610351562,65.39586091041565,589.6895294189453,121.91085386276245,460.7460632324219
IMG_0029.mp4,6583,219.652986319653,29.97,1318,2,traffic_signs,0.9224445223808289,1426.4373779296875,639.1450805664062,1463.66943359375,680.402099609375,1445.0534057617188,659.7735900878906,37.2320556640625,41.25701904296875
IMG_0029.mp4,6583,219.652986319653,29.97,1344,1,traffic_lights,0.7917155623435974,1020.3110961914062,676.0321044921875,1036.4931640625,721.2998046875,1028.4021301269531,698.6659545898438,16.18206787109375,45.2677001953125
IMG_0029.mp4,6583,219.652986319653,29.97,1325,1,traffic_lights,0.7452354431152344,1422.6326904296875,673.724853515625,1478.640380859375,732.7290649414062,1450.6365356445312,703.2269592285156,56.0076904296875,59.00421142578125
IMG_0029.mp4,6583,219.652986319653,29.97,1330,2,traffic_signs,0.8716528415679932,673.4530029296875,330.9871520996094,835.0988159179688,491.7921142578125,754.2759094238281,411.38963317871094,161.64581298828125,160.80496215820312
IMG_0029.mp4,6583,219.652986319653,29.97,1409,1,traffic_lights,0.5888676643371582,1428.5787353515625,672.4165649414062,1476.9915771484375,731.3721923828125,1452.78515625,701.8943786621094,48.412841796875,58.95562744140625
IMG_0029.mp4,6583,219.652986319653,29.97,1314,2,traffic_signs,0.7388080358505249,1503.791259765625,658.8121337890625,1557.625732421875,705.8898315429688,1530.70849609375,682.3509826660156,53.83447265625,47.07769775390625
IMG_0029.mp4,6583,219.652986319653,29.97,1326,1,traffic_lights,0.7599194645881653,1139.352783203125,482.0306091308594,1164.85302734375,533.5126953125,1152.1029052734375,507.7716522216797,25.500244140625,51.482086181640625
IMG_0029.mp4,6583,219.652986319653,29.97,1413,0,auth_label,0.2905879020690918,4.529479026794434,359.9879150390625,127.51970672607422,818.8255615234375,66.02459287643433,589.40673828125,122.99022769927979,458.837646484375
IMG_0029.mp4,6583,219.652986319653,29.97,1347,2,traffic_signs,0.3182915449142456,964.8237915039062,670.4837036132812,1013.0491333007812,736.7748413085938,988.9364624023438,703.6292724609375,48.225341796875,66.2911376953125
IMG_0029.mp4,6584,219.68635301968635,29.97,1318,2,traffic_signs,0.9221310019493103,1425.8436279296875,639.0569458007812,1463.1820068359375,680.4497680664062,1444.5128173828125,659.7533569335938,37.33837890625,41.392822265625
IMG_0029.mp4,6584,219.68635301968635,29.97,1344,1,traffic_lights,0.7750471234321594,1020.0226440429688,675.6923828125,1036.29833984375,721.0914916992188,1028.1604919433594,698.3919372558594,16.27569580078125,45.39910888671875
IMG_0029.mp4,6584,219.68635301968635,29.97,1325,1,traffic_lights,0.7430195808410645,1420.172607421875,673.2119140625,1478.3863525390625,732.2600708007812,1449.2794799804688,702.7359924316406,58.2137451171875,59.04815673828125
IMG_0029.mp4,6584,219.68635301968635,29.97,1330,2,traffic_signs,0.9475245475769043,673.236572265625,330.9674377441406,834.7653198242188,491.8325500488281,754.0009460449219,411.3999938964844,161.52874755859375,160.8651123046875
IMG_0029.mp4,6584,219.68635301968635,29.97,1409,1,traffic_lights,0.5373659133911133,1427.667236328125,671.654541015625,1476.6134033203125,730.7531127929688,1452.1403198242188,701.2038269042969,48.9461669921875,59.09857177734375
IMG_0029.mp4,6584,219.68635301968635,29.97,1314,2,traffic_signs,0.3036765158176422,1503.851318359375,659.4151000976562,1556.5384521484375,706.0611572265625,1530.1948852539062,682.7381286621094,52.6871337890625,46.64605712890625
IMG_0029.mp4,6584,219.68635301968635,29.97,1326,1,traffic_lights,0.604088306427002,1139.1995849609375,482.0160217285156,1164.9456787109375,533.4000244140625,1152.0726318359375,507.70802307128906,25.74609375,51.384002685546875
IMG_0029.mp4,6584,219.68635301968635,29.97,1413,0,auth_label,0.29810869693756104,4.505289554595947,359.3773193359375,126.69524383544922,819.812744140625,65.60026669502258,589.5950317382812,122.18995428085327,460.4354248046875
IMG_0029.mp4,6584,219.68635301968635,29.97,1347,2,traffic_signs,0.8504988551139832,964.1959838867188,670.4361572265625,1012.5357666015625,736.6370239257812,988.3658752441406,703.5365905761719,48.33978271484375,66.20086669921875
IMG_0029.mp4,6585,219.71971971971973,29.97,1318,2,traffic_signs,0.9220689535140991,1425.985595703125,639.2702026367188,1463.221923828125,680.1448364257812,1444.603759765625,659.70751953125,37.236328125,40.8746337890625
IMG_0029.mp4,6585,219.71971971971973,29.97,1344,1,traffic_lights,0.7855861186981201,1020.1401977539062,676.1098022460938,1036.253662109375,721.3350830078125,1028.1969299316406,698.7224426269531,16.11346435546875,45.22528076171875
IMG_0029.mp4,6585,219.71971971971973,29.97,1325,1,traffic_lights,0.7558521628379822,1420.4290771484375,673.644287109375,1478.8974609375,731.97802734375,1449.6632690429688,702.8111572265625,58.4683837890625,58.333740234375
IMG_0029.mp4,6585,219.71971971971973,29.97,1330,2,traffic_signs,0.9336532950401306,673.311767578125,331.04803466796875,834.7698364257812,491.9068908691406,754.0408020019531,411.4774627685547,161.45806884765625,160.85885620117188
IMG_0029.mp4,6585,219.71971971971973,29.97,1409,1,traffic_lights,0.5691848993301392,1427.5430908203125,671.794189453125,1476.9185791015625,730.7899169921875,1452.2308349609375,701.2920532226562,49.37548828125,58.9957275390625
IMG_0029.mp4,6585,219.71971971971973,29.97,1326,1,traffic_lights,0.5535646677017212,1139.1837158203125,481.97833251953125,1164.8753662109375,533.6520385742188,1152.029541015625,507.815185546875,25.691650390625,51.6737060546875
IMG_0029.mp4,6585,219.71971971971973,29.97,1347,2,traffic_signs,0.4871492087841034,963.831787109375,670.590576171875,1012.732421875,736.9434814453125,988.2821044921875,703.7670288085938,48.900634765625,66.3529052734375
IMG_0029.mp4,6585,219.71971971971973,29.97,1437,1,traffic_lights,0.4021275043487549,1139.276611328125,482.1155700683594,1165.25830078125,533.5986938476562,1152.2674560546875,507.8571319580078,25.981689453125,51.483123779296875
IMG_0029.mp4,6586,219.7530864197531,29.97,1318,2,traffic_signs,0.9201372861862183,1425.643798828125,639.060302734375,1462.9781494140625,680.1511840820312,1444.3109741210938,659.6057434082031,37.3343505859375,41.09088134765625
IMG_0029.mp4,6586,219.7530864197531,29.97,1344,1,traffic_lights,0.7742245197296143,1019.9515991210938,675.8468627929688,1036.218994140625,721.19189453125,1028.0852966308594,698.5193786621094,16.26739501953125,45.34503173828125
IMG_0029.mp4,6586,219.7530864197531,29.97,1325,1,traffic_lights,0.7466742396354675,1419.4359130859375,672.9451293945312,1478.5738525390625,732.3526611328125,1449.0048828125,702.6488952636719,59.137939453125,59.40753173828125
IMG_0029.mp4,6586,219.7530864197531,29.97,1330,2,traffic_signs,0.9533712863922119,673.1025390625,331.0247497558594,834.5115966796875,491.82208251953125,753.8070678710938,411.4234161376953,161.4090576171875,160.79733276367188
IMG_0029.mp4,6586,219.7530864197531,29.97,1409,1,traffic_lights,0.5511491298675537,1427.09521484375,671.0536499023438,1476.65380859375,730.9263305664062,1451.87451171875,700.989990234375,49.55859375,59.8726806640625
IMG_0029.mp4,6586,219.7530864197531,29.97,1347,2,traffic_signs,0.8004528284072876,963.7178344726562,670.5942993164062,1012.4425048828125,736.8610229492188,988.0801696777344,703.7276611328125,48.72467041015625,66.2667236328125
IMG_0029.mp4,6586,219.7530864197531,29.97,1314,2,traffic_signs,0.3483332097530365,1503.89501953125,659.9223022460938,1556.1129150390625,706.12841796875,1530.0039672851562,683.0253601074219,52.2178955078125,46.20611572265625
IMG_0029.mp4,6587,219.78645311978647,29.97,1318,2,traffic_signs,0.922049880027771,1425.9664306640625,639.2384033203125,1463.3223876953125,680.3626098632812,1444.6444091796875,659.8005065917969,37.35595703125,41.12420654296875
IMG_0029.mp4,6587,219.78645311978647,29.97,1344,1,traffic_lights,0.7842389941215515,1020.1952514648438,675.9520263671875,1036.439697265625,721.2824096679688,1028.3174743652344,698.6172180175781,16.24444580078125,45.33038330078125
IMG_0029.mp4,6587,219.78645311978647,29.97,1325,1,traffic_lights,0.6744124889373779,1420.975830078125,673.3211669921875,1479.0357666015625,732.6285400390625,1450.0057983398438,702.974853515625,58.0599365234375,59.307373046875
IMG_0029.mp4,6587,219.78645311978647,29.97,1330,2,traffic_signs,0.9410081505775452,673.4292602539062,331.0532531738281,834.73876953125,492.01849365234375,754.0840148925781,411.53587341308594,161.30950927734375,160.96524047851562
IMG_0029.mp4,6587,219.78645311978647,29.97,1409,1,traffic_lights,0.5747025012969971,1428.513427734375,671.404052734375,1477.0294189453125,731.184326171875,1452.7714233398438,701.294189453125,48.5159912109375,59.7802734375
IMG_0029.mp4,6587,219.78645311978647,29.97,1347,2,traffic_signs,0.5693148970603943,963.863525390625,670.6298217773438,1012.9671020507812,737.0031127929688,988.4153137207031,703.8164672851562,49.10357666015625,66.373291015625
IMG_0029.mp4,6587,219.78645311978647,29.97,1314,2,traffic_signs,0.5652045607566833,1503.7471923828125,659.2354736328125,1557.0660400390625,705.8380126953125,1530.4066162109375,682.5367431640625,53.31884765625,46.6025390625
IMG_0029.mp4,6587,219.78645311978647,29.97,1326,1,traffic_lights,0.683412492275238,1139.2354736328125,482.0972595214844,1164.7730712890625,533.5703735351562,1152.0042724609375,507.8338165283203,25.53759765625,51.473114013671875
IMG_0029.mp4,6588,219.81981981981983,29.97,1318,2,traffic_signs,0.9192940592765808,1425.7132568359375,639.0372314453125,1463.053955078125,679.9971923828125,1444.3836059570312,659.5172119140625,37.3406982421875,40.9599609375
IMG_0029.mp4,6588,219.81981981981983,29.97,1344,1,traffic_lights,0.7848098278045654,1020.0460205078125,675.97412109375,1036.162353515625,721.008544921875,1028.1041870117188,698.4913330078125,16.1163330078125,45.034423828125
IMG_0029.mp4,6588,219.81981981981983,29.97,1325,1,traffic_lights,0.6442056894302368,1418.307373046875,673.3707275390625,1478.9365234375,732.312744140625,1448.6219482421875,702.8417358398438,60.629150390625,58.9420166015625
IMG_0029.mp4,6588,219.81981981981983,29.97,1330,2,traffic_signs,0.9556699395179749,672.9625854492188,330.93060302734375,834.460205078125,491.8262939453125,753.7113952636719,411.3784484863281,161.49761962890625,160.89569091796875
IMG_0029.mp4,6588,219.81981981981983,29.97,1409,1,traffic_lights,0.5432227849960327,1428.30126953125,671.0957641601562,1476.836669921875,730.8558959960938,1452.5689697265625,700.975830078125,48.535400390625,59.7601318359375
IMG_0029.mp4,6588,219.81981981981983,29.97,1347,2,traffic_signs,0.757472813129425,963.968505859375,670.5469970703125,1012.6323852539062,736.8370361328125,988.3004455566406,703.6920166015625,48.66387939453125,66.2900390625
IMG_0029.mp4,6588,219.81981981981983,29.97,1326,1,traffic_lights,0.6853566765785217,1139.09130859375,481.9028625488281,1164.9051513671875,533.425048828125,1151.9982299804688,507.66395568847656,25.8138427734375,51.522186279296875
IMG_0029.mp4,6589,219.85318651985318,29.97,1318,2,traffic_signs,0.9221075773239136,1425.8592529296875,639.19091796875,1463.2645263671875,680.41259765625,1444.5618896484375,659.8017578125,37.4052734375,41.2216796875
IMG_0029.mp4,6589,219.85318651985318,29.97,1344,1,traffic_lights,0.7827374339103699,1020.18798828125,676.0324096679688,1036.3177490234375,721.0237426757812,1028.2528686523438,698.528076171875,16.1297607421875,44.9913330078125
IMG_0029.mp4,6589,219.85318651985318,29.97,1325,1,traffic_lights,0.7170664072036743,1420.5576171875,673.727294921875,1479.1217041015625,732.9110717773438,1449.8396606445312,703.3191833496094,58.5640869140625,59.18377685546875
IMG_0029.mp4,6589,219.85318651985318,29.97,1330,2,traffic_signs,0.9545767903327942,673.0279541015625,330.9941711425781,834.5828247070312,491.8564453125,753.8053894042969,411.42530822753906,161.55487060546875,160.86227416992188
IMG_0029.mp4,6589,219.85318651985318,29.97,1409,1,traffic_lights,0.6141266822814941,1429.274169921875,671.4530639648438,1477.130126953125,731.2720947265625,1453.2021484375,701.3625793457031,47.85595703125,59.81903076171875
IMG_0029.mp4,6589,219.85318651985318,29.97,1347,2,traffic_signs,0.5281161069869995,964.0507202148438,670.6144409179688,1012.8235473632812,736.9632568359375,988.4371337890625,703.7888488769531,48.7728271484375,66.34881591796875
IMG_0029.mp4,6589,219.85318651985318,29.97,1326,1,traffic_lights,0.54914391040802,1139.3233642578125,482.15118408203125,1165.172607421875,533.4337768554688,1152.2479858398438,507.79248046875,25.8492431640625,51.2825927734375
IMG_0029.mp4,6589,219.85318651985318,29.97,1440,1,traffic_lights,0.38918647170066833,1139.1141357421875,481.9296569824219,1164.556640625,533.4970703125,1151.8353881835938,507.71336364746094,25.4425048828125,51.567413330078125
IMG_0029.mp4,6589,219.85318651985318,29.97,1314,2,traffic_signs,0.45609813928604126,1503.3934326171875,658.811279296875,1557.1837158203125,705.5630493164062,1530.28857421875,682.1871643066406,53.790283203125,46.75177001953125
IMG_0029.mp4,6590,219.88655321988657,29.97,1318,2,traffic_signs,0.9188450574874878,1425.625732421875,639.0211181640625,1463.0635986328125,680.597412109375,1444.3446655273438,659.8092651367188,37.4378662109375,41.5762939453125
IMG_0029.mp4,6590,219.88655321988657,29.97,1344,1,traffic_lights,0.7680651545524597,1019.9793090820312,675.7686157226562,1036.0330810546875,720.75927734375,1028.0061950683594,698.2639465332031,16.05377197265625,44.99066162109375
IMG_0029.mp4,6590,219.88655321988657,29.97,1325,1,traffic_lights,0.7745672464370728,1423.0968017578125,673.6078491210938,1478.837158203125,732.7752075195312,1450.9669799804688,703.1915283203125,55.7403564453125,59.1673583984375
IMG_0029.mp4,6590,219.88655321988657,29.97,1330,2,traffic_signs,0.9566771388053894,672.720703125,330.9350891113281,834.25439453125,491.7787170410156,753.487548828125,411.3569030761719,161.53369140625,160.8436279296875
IMG_0029.mp4,6590,219.88655321988657,29.97,1409,1,traffic_lights,0.6656115651130676,1429.7738037109375,671.1195678710938,1476.9517822265625,731.2750244140625,1453.36279296875,701.1972961425781,47.177978515625,60.15545654296875
IMG_0029.mp4,6590,219.88655321988657,29.97,1347,2,traffic_signs,0.5709308981895447,963.9769287109375,670.5479736328125,1012.5265502929688,736.845947265625,988.2517395019531,703.6969604492188,48.54962158203125,66.2979736328125
IMG_0029.mp4,6590,219.88655321988657,29.97,1326,1,traffic_lights,0.8151215314865112,1139.1392822265625,482.11016845703125,1164.9261474609375,533.2966918945312,1152.03271484375,507.70343017578125,25.786865234375,51.1865234375
IMG_0029.mp4,6590,219.88655321988657,29.97,1314,2,traffic_signs,0.3906208872795105,1503.570556640625,659.5345458984375,1556.168701171875,705.8399658203125,1529.86962890625,682.687255859375,52.59814453125,46.305419921875
IMG_0029.mp4,6591,219.91991991991992,29.97,1318,2,traffic_signs,0.920209527015686,1425.882080078125,639.164306640625,1463.3372802734375,680.2849731445312,1444.6096801757812,659.7246398925781,37.4552001953125,41.12066650390625
IMG_0029.mp4,6591,219.91991991991992,29.97,1344,1,traffic_lights,0.780719518661499,1020.217041015625,675.97119140625,1036.206298828125,720.9623413085938,1028.211669921875,698.4667663574219,15.9892578125,44.99114990234375
IMG_0029.mp4,6591,219.91991991991992,29.97,1325,1,traffic_lights,0.7476407885551453,1422.10205078125,673.9368896484375,1479.113525390625,732.8881225585938,1450.6077880859375,703.4125061035156,57.011474609375,58.95123291015625
IMG_0029.mp4,6591,219.91991991991992,29.97,1330,2,traffic_signs,0.9550536870956421,673.083740234375,330.9485778808594,834.5344848632812,491.7911071777344,753.8091125488281,411.3698425292969,161.45074462890625,160.842529296875
IMG_0029.mp4,6591,219.91991991991992,29.97,1409,1,traffic_lights,0.605236828327179,1429.3878173828125,671.5958862304688,1477.0203857421875,731.3165283203125,1453.2041015625,701.4562072753906,47.632568359375,59.72064208984375
IMG_0029.mp4,6591,219.91991991991992,29.97,1347,2,traffic_signs,0.527891993522644,964.0547485351562,670.5552978515625,1012.9097290039062,736.9415893554688,988.4822387695312,703.7484436035156,48.85498046875,66.38629150390625
IMG_0029.mp4,6591,219.91991991991992,29.97,1326,1,traffic_lights,0.6519307494163513,1139.3282470703125,482.1385192871094,1165.1964111328125,533.3994140625,1152.2623291015625,507.7689666748047,25.8681640625,51.260894775390625
IMG_0029.mp4,6591,219.91991991991992,29.97,1314,2,traffic_signs,0.5314898490905762,1503.5513916015625,659.1400756835938,1556.8626708984375,705.6488647460938,1530.20703125,682.3944702148438,53.311279296875,46.5087890625
IMG_0029.mp4,6592,219.9532866199533,29.97,1318,2,traffic_signs,0.921656608581543,1425.607421875,639.1268310546875,1463.251708984375,680.5139770507812,1444.4295654296875,659.8204040527344,37.644287109375,41.38714599609375
IMG_0029.mp4,6592,219.9532866199533,29.97,1344,1,traffic_lights,0.7761693000793457,1020.1173095703125,675.8526611328125,1036.2540283203125,720.9492797851562,1028.1856689453125,698.4009704589844,16.13671875,45.09661865234375
IMG_0029.mp4,6592,219.9532866199533,29.97,1325,1,traffic_lights,0.7581927180290222,1423.1456298828125,673.5587158203125,1478.79638671875,733.2604370117188,1450.9710083007812,703.4095764160156,55.6507568359375,59.70172119140625
IMG_0029.mp4,6592,219.9532866199533,29.97,1330,2,traffic_signs,0.9560012817382812,672.9727783203125,330.950927734375,834.5572509765625,491.7677917480469,753.7650146484375,411.35935974121094,161.58447265625,160.81686401367188
IMG_0029.mp4,6592,219.9532866199533,29.97,1409,1,traffic_lights,0.6558939218521118,1429.1826171875,671.4026489257812,1476.9071044921875,731.6500854492188,1453.0448608398438,701.5263671875,47.7244873046875,60.2474365234375
IMG_0029.mp4,6592,219.9532866199533,29.97,1347,2,traffic_signs,0.5110143423080444,963.9619750976562,670.531494140625,1012.9628295898438,736.8651733398438,988.46240234375,703.6983337402344,49.0008544921875,66.33367919921875
IMG_0029.mp4,6592,219.9532866199533,29.97,1326,1,traffic_lights,0.6398763060569763,1139.30078125,482.1812438964844,1165.140869140625,533.3148803710938,1152.2208251953125,507.74806213378906,25.840087890625,51.133636474609375
IMG_0029.mp4,6593,219.98665331998666,29.97,1318,2,traffic_signs,0.9216435551643372,1425.6761474609375,639.1571655273438,1463.2703857421875,680.5279541015625,1444.4732666015625,659.8425598144531,37.59423828125,41.37078857421875
IMG_0029.mp4,6593,219.98665331998666,29.97,1344,1,traffic_lights,0.7764996290206909,1020.188232421875,675.8704833984375,1036.320068359375,720.9857177734375,1028.254150390625,698.4281005859375,16.1318359375,45.115234375
IMG_0029.mp4,6593,219.98665331998666,29.97,1325,1,traffic_lights,0.47349366545677185,1422.0625,673.7742919921875,1478.373779296875,732.6893920898438,1450.2181396484375,703.2318420410156,56.311279296875,58.91510009765625
IMG_0029.mp4,6593,219.98665331998666,29.97,1330,2,traffic_signs,0.9537705183029175,673.2152709960938,330.94683837890625,834.6331787109375,491.7948303222656,753.9242248535156,411.37083435058594,161.41790771484375,160.84799194335938
IMG_0029.mp4,6593,219.98665331998666,29.97,1409,1,traffic_lights,0.5106359124183655,1430.4188232421875,671.705078125,1476.613525390625,730.822998046875,1453.5161743164062,701.2640380859375,46.1947021484375,59.117919921875
IMG_0029.mp4,6593,219.98665331998666,29.97,1347,2,traffic_signs,0.4927990734577179,963.9197998046875,670.56982421875,1012.9976196289062,736.87109375,988.4587097167969,703.720458984375,49.07781982421875,66.30126953125
IMG_0029.mp4,6593,219.98665331998666,29.97,1326,1,traffic_lights,0.6492946147918701,1139.3466796875,482.3193664550781,1165.15869140625,533.361328125,1152.252685546875,507.84034729003906,25.81201171875,51.041961669921875
IMG_0029.mp4,6594,220.02002002002004,29.97,1318,2,traffic_signs,0.9199681282043457,1425.3829345703125,638.9391479492188,1463.0252685546875,680.2877197265625,1444.2041015625,659.6134338378906,37.642333984375,41.34857177734375
IMG_0029.mp4,6594,220.02002002002004,29.97,1344,1,traffic_lights,0.7580814361572266,1019.943603515625,675.9849853515625,1036.0462646484375,720.7589111328125,1027.9949340820312,698.3719482421875,16.1026611328125,44.77392578125
IMG_0029.mp4,6594,220.02002002002004,29.97,1325,1,traffic_lights,0.45851796865463257,1419.8387451171875,673.8661499023438,1478.0267333984375,732.85546875,1448.9327392578125,703.3608093261719,58.18798828125,58.98931884765625
IMG_0029.mp4,6594,220.02002002002004,29.97,1330,2,traffic_signs,0.9570488929748535,672.9622192382812,330.8405456542969,834.3382568359375,491.7529602050781,753.6502380371094,411.2967529296875,161.37603759765625,160.91241455078125
IMG_0029.mp4,6594,220.02002002002004,29.97,1409,1,traffic_lights,0.42448166012763977,1430.8714599609375,671.661376953125,1476.210205078125,730.3858642578125,1453.5408325195312,701.0236206054688,45.3387451171875,58.7244873046875
IMG_0029.mp4,6594,220.02002002002004,29.97,1347,2,traffic_signs,0.6214368343353271,963.9707641601562,670.552001953125,1012.788818359375,736.7785034179688,988.3797912597656,703.6652526855469,48.81805419921875,66.22650146484375
IMG_0029.mp4,6594,220.02002002002004,29.97,1326,1,traffic_lights,0.7521575093269348,1139.1962890625,482.1047668457031,1164.8206787109375,533.0557250976562,1152.0084838867188,507.5802459716797,25.6243896484375,50.950958251953125
IMG_0029.mp4,6594,220.02002002002004,29.97,1314,2,traffic_signs,0.5395352840423584,1503.8331298828125,659.8788452148438,1555.8876953125,705.8731079101562,1529.8604125976562,682.8759765625,52.0545654296875,45.9942626953125
IMG_0029.mp4,6595,220.0533867200534,29.97,1318,2,traffic_signs,0.9222453236579895,1425.4775390625,639.14453125,1463.2132568359375,680.5537109375,1444.3453979492188,659.84912109375,37.7357177734375,41.4091796875
IMG_0029.mp4,6595,220.0533867200534,29.97,1344,1,traffic_lights,0.7726393938064575,1020.0772094726562,675.9580688476562,1036.2310791015625,720.8455200195312,1028.1541442871094,698.4017944335938,16.15386962890625,44.887451171875
IMG_0029.mp4,6595,220.0533867200534,29.97,1325,1,traffic_lights,0.5302987098693848,1420.491943359375,673.8316650390625,1478.0394287109375,733.3836669921875,1449.2656860351562,703.607666015625,57.5474853515625,59.552001953125
IMG_0029.mp4,6595,220.0533867200534,29.97,1330,2,traffic_signs,0.9498100280761719,673.23388671875,330.9309997558594,834.5557250976562,491.8312072753906,753.8948059082031,411.381103515625,161.32183837890625,160.90020751953125
IMG_0029.mp4,6595,220.0533867200534,29.97,1409,1,traffic_lights,0.45586803555488586,1430.4078369140625,671.8591918945312,1476.274169921875,730.6072387695312,1453.3410034179688,701.2332153320312,45.8663330078125,58.748046875
IMG_0029.mp4,6595,220.0533867200534,29.97,1347,2,traffic_signs,0.5951200723648071,963.8986206054688,670.5923461914062,1012.9161376953125,736.8255004882812,988.4073791503906,703.7089233398438,49.01751708984375,66.233154296875
IMG_0029.mp4,6595,220.0533867200534,29.97,1326,1,traffic_lights,0.6606997847557068,1139.3292236328125,482.2775573730469,1165.0189208984375,533.2514038085938,1152.174072265625,507.7644805908203,25.689697265625,50.973846435546875
IMG_0029.mp4,6595,220.0533867200534,29.97,1314,2,traffic_signs,0.3971903622150421,1503.584716796875,659.377197265625,1556.878173828125,705.668212890625,1530.2314453125,682.522705078125,53.29345703125,46.291015625
IMG_0029.mp4,6596,220.08675342008675,29.97,1318,2,traffic_signs,0.9221581220626831,1425.5689697265625,639.1272583007812,1463.267333984375,680.5442504882812,1444.4181518554688,659.8357543945312,37.6983642578125,41.4169921875
IMG_0029.mp4,6596,220.08675342008675,29.97,1344,1,traffic_lights,0.7676512598991394,1020.0620727539062,675.853271484375,1036.26318359375,720.8046875,1028.1626281738281,698.3289794921875,16.20111083984375,44.951416015625
IMG_0029.mp4,6596,220.08675342008675,29.97,1325,1,traffic_lights,0.6790355443954468,1424.53955078125,673.7192993164062,1478.0323486328125,733.0693969726562,1451.2859497070312,703.3943481445312,53.4927978515625,59.35009765625
IMG_0029.mp4,6596,220.08675342008675,29.97,1330,2,traffic_signs,0.9420488476753235,673.2811279296875,330.90423583984375,834.7500610351562,491.8090515136719,754.0155944824219,411.3566436767578,161.46893310546875,160.90481567382812
IMG_0029.mp4,6596,220.08675342008675,29.97,1409,1,traffic_lights,0.6155871748924255,1430.896240234375,671.8036499023438,1476.500244140625,730.6227416992188,1453.6982421875,701.2131958007812,45.60400390625,58.819091796875
IMG_0029.mp4,6596,220.08675342008675,29.97,1347,2,traffic_signs,0.589638352394104,963.835205078125,670.5594482421875,1013.0487060546875,736.7894897460938,988.4419555664062,703.6744689941406,49.2135009765625,66.23004150390625
IMG_0029.mp4,6596,220.08675342008675,29.97,1326,1,traffic_lights,0.5987656712532043,1139.3843994140625,482.3142395019531,1165.072021484375,533.2696533203125,1152.2282104492188,507.7919464111328,25.6876220703125,50.955413818359375
IMG_0029.mp4,6596,220.08675342008675,29.97,1314,2,traffic_signs,0.3497210741043091,1503.4881591796875,659.1348876953125,1557.129638671875,705.5443725585938,1530.3088989257812,682.3396301269531,53.6414794921875,46.40948486328125
IMG_0029.mp4,6596,220.08675342008675,29.97,1444,1,traffic_lights,0.33055877685546875,1139.1334228515625,482.127685546875,1164.3707275390625,533.3543090820312,1151.7520751953125,507.7409973144531,25.2373046875,51.22662353515625
IMG_0029.mp4,6597,220.12012012012013,29.97,1318,2,traffic_signs,0.920325756072998,1425.8221435546875,639.1430053710938,1463.375732421875,680.2283325195312,1444.5989379882812,659.6856689453125,37.5535888671875,41.0853271484375
IMG_0029.mp4,6597,220.12012012012013,29.97,1344,1,traffic_lights,0.7718784213066101,1020.1258544921875,675.9871215820312,1036.355224609375,720.8847045898438,1028.2405395507812,698.4359130859375,16.2293701171875,44.8975830078125
IMG_0029.mp4,6597,220.12012012012013,29.97,1330,2,traffic_signs,0.8956813812255859,673.4963989257812,331.0168762207031,835.0313720703125,491.8288879394531,754.2638854980469,411.4228820800781,161.53497314453125,160.81201171875
IMG_0029.mp4,6597,220.12012012012013,29.97,1409,1,traffic_lights,0.6836078763008118,1431.1097412109375,672.0445556640625,1477.198974609375,730.9826049804688,1454.1543579101562,701.5135803222656,46.0892333984375,58.93804931640625
IMG_0029.mp4,6597,220.12012012012013,29.97,1347,2,traffic_signs,0.6296678781509399,963.9839477539062,670.5302124023438,1013.150146484375,736.8263549804688,988.5670471191406,703.6782836914062,49.16619873046875,66.296142578125
IMG_0029.mp4,6597,220.12012012012013,29.97,1326,1,traffic_lights,0.37536609172821045,1139.5118408203125,482.30535888671875,1165.3111572265625,533.3826904296875,1152.4114990234375,507.8440246582031,25.79931640625,51.07733154296875
IMG_0029.mp4,6597,220.12012012012013,29.97,1314,2,traffic_signs,0.2566260099411011,1503.403564453125,658.99462890625,1557.5040283203125,705.6171264648438,1530.4537963867188,682.3058776855469,54.1004638671875,46.62249755859375
IMG_0029.mp4,6597,220.12012012012013,29.97,1444,1,traffic_lights,0.5983726978302002,1139.2711181640625,482.0785217285156,1164.609130859375,533.4808959960938,1151.9401245117188,507.7797088623047,25.3380126953125,51.402374267578125
IMG_0029.mp4,6598,220.1534868201535,29.97,1318,2,traffic_signs,0.9207424521446228,1425.73681640625,639.1060791015625,1463.2545166015625,680.4120483398438,1444.4956665039062,659.7590637207031,37.5177001953125,41.30596923828125
IMG_0029.mp4,6598,220.1534868201535,29.97,1344,1,traffic_lights,0.7743560075759888,1020.0552978515625,675.9515991210938,1036.2579345703125,720.9656982421875,1028.1566162109375,698.4586486816406,16.20263671875,45.01409912109375
IMG_0029.mp4,6598,220.1534868201535,29.97,1330,2,traffic_signs,0.9401564598083496,673.3201904296875,331.0144958496094,834.858642578125,491.8285217285156,754.0894165039062,411.4215087890625,161.5384521484375,160.81402587890625
IMG_0029.mp4,6598,220.1534868201535,29.97,1409,1,traffic_lights,0.7057222127914429,1430.677001953125,671.6995849609375,1477.4180908203125,730.9740600585938,1454.0475463867188,701.3368225097656,46.7410888671875,59.27447509765625
IMG_0029.mp4,6598,220.1534868201535,29.97,1347,2,traffic_signs,0.3880818486213684,964.0047607421875,670.500732421875,1013.0955810546875,736.8798828125,988.5501708984375,703.6903076171875,49.0908203125,66.379150390625
IMG_0029.mp4,6598,220.1534868201535,29.97,1326,1,traffic_lights,0.6547593474388123,1139.3265380859375,482.2053527832031,1165.205810546875,533.4381713867188,1152.2661743164062,507.82176208496094,25.8792724609375,51.232818603515625
IMG_0029.mp4,6598,220.1534868201535,29.97,1314,2,traffic_signs,0.2675667107105255,1503.2001953125,658.9141235351562,1557.312255859375,705.57373046875,1530.2562255859375,682.2439270019531,54.112060546875,46.65960693359375
IMG_0029.mp4,6598,220.1534868201535,29.97,1444,1,traffic_lights,0.26507848501205444,1139.0794677734375,481.97528076171875,1164.490478515625,533.5284423828125,1151.7849731445312,507.7518615722656,25.4110107421875,51.55316162109375
IMG_0029.mp4,6598,220.1534868201535,29.97,1325,1,traffic_lights,0.7627874612808228,1425.414306640625,673.7266845703125,1478.7633056640625,732.967529296875,1452.0888061523438,703.3471069335938,53.3489990234375,59.2408447265625
IMG_0029.mp4,6599,220.18685352018687,29.97,1318,2,traffic_signs,0.9200320243835449,1425.75927734375,639.0955810546875,1463.343017578125,680.4097900390625,1444.5511474609375,659.752685546875,37.583740234375,41.314208984375
IMG_0029.mp4,6599,220.18685352018687,29.97,1344,1,traffic_lights,0.7663924694061279,1020.0748291015625,675.8963623046875,1036.2642822265625,720.950439453125,1028.1695556640625,698.4234008789062,16.189453125,45.0540771484375
IMG_0029.mp4,6599,220.18685352018687,29.97,1330,2,traffic_signs,0.9281405806541443,673.3623657226562,331.0328674316406,834.8923950195312,491.8381042480469,754.1273803710938,411.43548583984375,161.530029296875,160.80523681640625
IMG_0029.mp4,6599,220.18685352018687,29.97,1409,1,traffic_lights,0.6897414922714233,1430.18701171875,671.5054321289062,1477.6116943359375,731.0444946289062,1453.8993530273438,701.2749633789062,47.4246826171875,59.5390625
IMG_0029.mp4,6599,220.18685352018687,29.97,1347,2,traffic_signs,0.29302096366882324,964.018798828125,670.4876708984375,1012.98583984375,736.954833984375,988.5023193359375,703.7212524414062,48.967041015625,66.4671630859375
IMG_0029.mp4,6599,220.18685352018687,29.97,1326,1,traffic_lights,0.6352248787879944,1139.283935546875,482.17724609375,1165.252685546875,533.5634155273438,1152.268310546875,507.8703308105469,25.96875,51.38616943359375
IMG_0029.mp4,6599,220.18685352018687,29.97,1444,1,traffic_lights,0.2862628698348999,1139.04736328125,482.0293884277344,1164.51904296875,533.6407470703125,1151.783203125,507.83506774902344,25.4716796875,51.611358642578125
IMG_0029.mp4,6599,220.18685352018687,29.97,1325,1,traffic_lights,0.7752773761749268,1424.7200927734375,673.6156005859375,1479.0208740234375,733.0230712890625,1451.8704833984375,703.3193359375,54.30078125,59.407470703125
IMG_0029.mp4,6600,220.22022022022023,29.97,1318,2,traffic_signs,0.9197866916656494,1425.8631591796875,639.0797729492188,1463.3905029296875,680.159423828125,1444.6268310546875,659.6195983886719,37.52734375,41.07965087890625
IMG_0029.mp4,6600,220.22022022022023,29.97,1344,1,traffic_lights,0.7629379630088806,1020.0654296875,676.083251953125,1036.2396240234375,720.9976806640625,1028.1525268554688,698.5404663085938,16.1741943359375,44.9144287109375
IMG_0029.mp4,6600,220.22022022022023,29.97,1330,2,traffic_signs,0.9287043809890747,673.3613891601562,331.0060729980469,835.00927734375,491.82611083984375,754.1853332519531,411.4160919189453,161.64788818359375,160.82003784179688
IMG_0029.mp4,6600,220.22022022022023,29.97,1409,1,traffic_lights,0.6699667572975159,1430.1387939453125,671.5927124023438,1477.5972900390625,731.1799926757812,1453.8680419921875,701.3863525390625,47.45849609375,59.5872802734375
IMG_0029.mp4,6600,220.22022022022023,29.97,1347,2,traffic_signs,0.48927372694015503,963.9284057617188,670.4780883789062,1013.0245361328125,736.9789428710938,988.4764709472656,703.728515625,49.09613037109375,66.5008544921875
IMG_0029.mp4,6600,220.22022022022023,29.97,1326,1,traffic_lights,0.38483333587646484,1139.35546875,482.1434020996094,1165.35791015625,533.5174560546875,1152.356689453125,507.83042907714844,26.00244140625,51.374053955078125
IMG_0029.mp4,6600,220.22022022022023,29.97,1444,1,traffic_lights,0.5896769165992737,1139.127197265625,481.9101867675781,1164.7095947265625,533.607177734375,1151.9183959960938,507.75868225097656,25.5823974609375,51.696990966796875
IMG_0029.mp4,6600,220.22022022022023,29.97,1325,1,traffic_lights,0.778827428817749,1424.79345703125,673.5816040039062,1479.2254638671875,733.1646728515625,1452.0094604492188,703.3731384277344,54.4320068359375,59.58306884765625
IMG_0029.mp4,6601,220.25358692025358,29.97,1318,2,traffic_signs,0.9204805493354797,1425.9754638671875,639.13671875,1463.52392578125,680.3225708007812,1444.7496948242188,659.7296447753906,37.5484619140625,41.18585205078125
IMG_0029.mp4,6601,220.25358692025358,29.97,1344,1,traffic_lights,0.7574041485786438,1020.1756591796875,675.892333984375,1036.3480224609375,721.00537109375,1028.2618408203125,698.4488525390625,16.17236328125,45.113037109375
IMG_0029.mp4,6601,220.25358692025358,29.97,1330,2,traffic_signs,0.9275394082069397,673.33447265625,331.0078125,835.0806274414062,491.7950744628906,754.2075500488281,411.4014434814453,161.74615478515625,160.78726196289062
IMG_0029.mp4,6601,220.25358692025358,29.97,1409,1,traffic_lights,0.6881744265556335,1430.203369140625,671.5043334960938,1477.9119873046875,731.2971801757812,1454.0576782226562,701.4007568359375,47.7086181640625,59.7928466796875
IMG_0029.mp4,6601,220.25358692025358,29.97,1347,2,traffic_signs,0.4337879717350006,963.7974853515625,670.5125732421875,1013.20849609375,736.9558715820312,988.5029907226562,703.7342224121094,49.4110107421875,66.44329833984375
IMG_0029.mp4,6601,220.25358692025358,29.97,1326,1,traffic_lights,0.45128071308135986,1139.439453125,482.14990234375,1165.4500732421875,533.5211181640625,1152.4447631835938,507.83551025390625,26.0106201171875,51.3712158203125
IMG_0029.mp4,6601,220.25358692025358,29.97,1444,1,traffic_lights,0.5290418863296509,1139.213623046875,481.98101806640625,1164.7664794921875,533.6009521484375,1151.9900512695312,507.7909851074219,25.5528564453125,51.61993408203125
IMG_0029.mp4,6601,220.25358692025358,29.97,1325,1,traffic_lights,0.7799400687217712,1425.0982666015625,673.5277099609375,1479.4630126953125,733.3609008789062,1452.2806396484375,703.4443054199219,54.36474609375,59.83319091796875
IMG_0029.mp4,6601,220.25358692025358,29.97,1413,0,auth_label,0.30514270067214966,4.502180576324463,359.8135681152344,127.20764923095703,821.5677490234375,65.85491490364075,590.6906585693359,122.70546865463257,461.7541809082031
IMG_0029.mp4,6602,220.28695362028697,29.97,1318,2,traffic_signs,0.9211819767951965,1426.152587890625,639.1406860351562,1463.69189453125,680.2076416015625,1444.9222412109375,659.6741638183594,37.539306640625,41.06695556640625
IMG_0029.mp4,6602,220.28695362028697,29.97,1344,1,traffic_lights,0.7605118751525879,1020.2885131835938,675.8836059570312,1036.45068359375,721.1016235351562,1028.3695983886719,698.4926147460938,16.16217041015625,45.218017578125
IMG_0029.mp4,6602,220.28695362028697,29.97,1330,2,traffic_signs,0.9190945625305176,673.3224487304688,331.00927734375,835.0738525390625,491.79241943359375,754.1981506347656,411.4008483886719,161.75140380859375,160.78314208984375
IMG_0029.mp4,6602,220.28695362028697,29.97,1409,1,traffic_lights,0.6672213673591614,1430.3853759765625,671.8394165039062,1478.02587890625,731.6329345703125,1454.2056274414062,701.7361755371094,47.6405029296875,59.79351806640625
IMG_0029.mp4,6602,220.28695362028697,29.97,1347,2,traffic_signs,0.2898852825164795,964.1350708007812,670.6124267578125,1013.45166015625,736.9524536132812,988.7933654785156,703.7824401855469,49.31658935546875,66.34002685546875
IMG_0029.mp4,6602,220.28695362028697,29.97,1325,1,traffic_lights,0.7532864809036255,1425.288330078125,673.6599731445312,1479.6326904296875,734.0918579101562,1452.4605102539062,703.8759155273438,54.3443603515625,60.431884765625
IMG_0029.mp4,6602,220.28695362028697,29.97,1413,0,auth_label,0.3270561695098877,4.4791412353515625,359.38671875,127.11544036865234,821.8731079101562,65.79729080200195,590.6299133300781,122.63629913330078,462.48638916015625
IMG_0029.mp4,6602,220.28695362028697,29.97,1314,2,traffic_signs,0.4056994616985321,1503.4447021484375,658.8667602539062,1557.9345703125,705.7278442382812,1530.6896362304688,682.2973022460938,54.4898681640625,46.861083984375
IMG_0029.mp4,6603,220.32032032032032,29.97,1318,2,traffic_signs,0.9200025200843811,1425.9578857421875,639.1585083007812,1463.5355224609375,679.8865966796875,1444.7467041015625,659.5225524902344,37.57763671875,40.72808837890625
IMG_0029.mp4,6603,220.32032032032032,29.97,1344,1,traffic_lights,0.7520161867141724,1020.1406860351562,676.078857421875,1036.13037109375,720.9369506835938,1028.1355285644531,698.5079040527344,15.98968505859375,44.85809326171875
IMG_0029.mp4,6603,220.32032032032032,29.97,1330,2,traffic_signs,0.9458591341972351,673.1361694335938,331.0484619140625,834.708251953125,491.7749328613281,753.9222106933594,411.4116973876953,161.57208251953125,160.72647094726562
IMG_0029.mp4,6603,220.32032032032032,29.97,1409,1,traffic_lights,0.638379693031311,1429.8099365234375,671.65185546875,1477.6552734375,731.6444091796875,1453.7326049804688,701.6481323242188,47.8453369140625,59.9925537109375
IMG_0029.mp4,6603,220.32032032032032,29.97,1347,2,traffic_signs,0.3445948362350464,964.015625,670.6575927734375,1013.232421875,736.9114990234375,988.6240234375,703.7845458984375,49.216796875,66.25390625
IMG_0029.mp4,6603,220.32032032032032,29.97,1325,1,traffic_lights,0.7668366432189941,1424.6220703125,673.600830078125,1479.3970947265625,734.032470703125,1452.0095825195312,703.816650390625,54.7750244140625,60.431640625
IMG_0029.mp4,6603,220.32032032032032,29.97,1413,0,auth_label,0.40432873368263245,4.366808891296387,359.8461608886719,126.79513549804688,822.9527587890625,65.58097219467163,591.3994598388672,122.42832660675049,463.1065979003906
IMG_0029.mp4,6603,220.32032032032032,29.97,1314,2,traffic_signs,0.28775128722190857,1503.2794189453125,658.8184204101562,1557.5572509765625,705.6566772460938,1530.4183349609375,682.237548828125,54.27783203125,46.8382568359375
IMG_0029.mp4,6603,220.32032032032032,29.97,1326,1,traffic_lights,0.6907493472099304,1139.2117919921875,481.9427185058594,1164.9761962890625,533.4907836914062,1152.093994140625,507.7167510986328,25.764404296875,51.548065185546875
IMG_0029.mp4,6604,220.3536870203537,29.97,1318,2,traffic_signs,0.9212860465049744,1426.199951171875,639.2322998046875,1463.8372802734375,680.0840454101562,1445.0186157226562,659.6581726074219,37.6373291015625,40.85174560546875
IMG_0029.mp4,6604,220.3536870203537,29.97,1344,1,traffic_lights,0.7463553547859192,1020.2096557617188,676.049072265625,1036.1778564453125,720.9515991210938,1028.1937561035156,698.5003356933594,15.96820068359375,44.90252685546875
IMG_0029.mp4,6604,220.3536870203537,29.97,1330,2,traffic_signs,0.9459222555160522,673.1388549804688,331.0664367675781,834.8868408203125,491.8136291503906,754.0128479003906,411.4400329589844,161.74798583984375,160.7471923828125
IMG_0029.mp4,6604,220.3536870203537,29.97,1409,1,traffic_lights,0.664659321308136,1430.1939697265625,672.0810546875,1477.857177734375,731.8529663085938,1454.0255737304688,701.9670104980469,47.6632080078125,59.77191162109375
IMG_0029.mp4,6604,220.3536870203537,29.97,1347,2,traffic_signs,0.2705770432949066,963.99365234375,670.7431640625,1013.343505859375,737.0716552734375,988.6685791015625,703.9074096679688,49.349853515625,66.3284912109375
IMG_0029.mp4,6604,220.3536870203537,29.97,1325,1,traffic_lights,0.7632741332054138,1425.22021484375,673.901611328125,1479.52783203125,734.3988037109375,1452.3740234375,704.1502075195312,54.3076171875,60.4971923828125
IMG_0029.mp4,6604,220.3536870203537,29.97,1413,0,auth_label,0.41556334495544434,4.407722473144531,361.2753601074219,127.00553131103516,823.1685791015625,65.70662689208984,592.2219696044922,122.59780883789062,461.8932189941406
IMG_0029.mp4,6604,220.3536870203537,29.97,1314,2,traffic_signs,0.83164381980896,1503.38916015625,659.0559692382812,1557.996337890625,705.9067993164062,1530.6927490234375,682.4813842773438,54.607177734375,46.850830078125
IMG_0029.mp4,6604,220.3536870203537,29.97,1326,1,traffic_lights,0.7467862367630005,1139.335693359375,481.9823913574219,1164.979248046875,533.559326171875,1152.157470703125,507.77085876464844,25.6435546875,51.576934814453125
IMG_0029.mp4,6605,220.38705372038706,29.97,1318,2,traffic_signs,0.920993447303772,1426.1688232421875,639.09130859375,1463.6651611328125,680.213134765625,1444.9169921875,659.6522216796875,37.496337890625,41.121826171875
IMG_0029.mp4,6605,220.38705372038706,29.97,1344,1,traffic_lights,0.7377635836601257,1020.1480712890625,675.921142578125,1036.1190185546875,720.78564453125,1028.133544921875,698.3533935546875,15.970947265625,44.864501953125
IMG_0029.mp4,6605,220.38705372038706,29.97,1330,2,traffic_signs,0.9550836086273193,672.978759765625,331.05584716796875,834.6079711914062,491.8215637207031,753.7933654785156,411.43870544433594,161.62921142578125,160.76571655273438
IMG_0029.mp4,6605,220.38705372038706,29.97,1409,1,traffic_lights,0.6784153580665588,1429.966552734375,672.1517333984375,1478.0789794921875,731.6629638671875,1454.0227661132812,701.9073486328125,48.1124267578125,59.51123046875
IMG_0029.mp4,6605,220.38705372038706,29.97,1325,1,traffic_lights,0.7648857831954956,1424.766845703125,673.8903198242188,1479.703125,734.0084228515625,1452.2349853515625,703.9493713378906,54.936279296875,60.11810302734375
IMG_0029.mp4,6605,220.38705372038706,29.97,1413,0,auth_label,0.37960270047187805,4.288542747497559,361.1204528808594,127.08908081054688,823.0712280273438,65.68881177902222,592.0958404541016,122.80053806304932,461.9507751464844
IMG_0029.mp4,6605,220.38705372038706,29.97,1314,2,traffic_signs,0.7899327874183655,1503.283203125,658.9339599609375,1557.927734375,705.7522583007812,1530.60546875,682.3431091308594,54.64453125,46.81829833984375
IMG_0029.mp4,6605,220.38705372038706,29.97,1326,1,traffic_lights,0.635087251663208,1139.2001953125,481.955078125,1164.7686767578125,533.5092163085938,1151.9844360351562,507.7321472167969,25.5684814453125,51.55413818359375
IMG_0029.mp4,6606,220.42042042042044,29.97,1318,2,traffic_signs,0.9215881824493408,1426.5440673828125,639.1587524414062,1463.79345703125,680.147705078125,1445.1687622070312,659.6532287597656,37.2493896484375,40.98895263671875
IMG_0029.mp4,6606,220.42042042042044,29.97,1344,1,traffic_lights,0.7416191697120667,1020.291259765625,676.2127075195312,1036.3406982421875,721.2697143554688,1028.3159790039062,698.7412109375,16.0494384765625,45.0570068359375
IMG_0029.mp4,6606,220.42042042042044,29.97,1330,2,traffic_signs,0.9452164769172668,673.2185668945312,331.1233215332031,834.884033203125,491.8937683105469,754.0513000488281,411.508544921875,161.66546630859375,160.77044677734375
IMG_0029.mp4,6606,220.42042042042044,29.97,1409,1,traffic_lights,0.678498387336731,1430.2398681640625,672.5418090820312,1478.32568359375,732.00830078125,1454.2827758789062,702.2750549316406,48.0858154296875,59.46649169921875
IMG_0029.mp4,6606,220.42042042042044,29.97,1325,1,traffic_lights,0.7416548728942871,1425.1702880859375,674.1831665039062,1479.942138671875,734.2908325195312,1452.5562133789062,704.2369995117188,54.7718505859375,60.107666015625
IMG_0029.mp4,6606,220.42042042042044,29.97,1413,0,auth_label,0.4139947295188904,4.6249237060546875,361.5482177734375,127.85436248779297,823.8593139648438,66.23964309692383,592.7037658691406,123.22943878173828,462.31109619140625
IMG_0029.mp4,6606,220.42042042042044,29.97,1314,2,traffic_signs,0.8203986287117004,1503.4603271484375,659.0348510742188,1558.027099609375,705.8606567382812,1530.7437133789062,682.44775390625,54.5667724609375,46.8258056640625
IMG_0029.mp4,6606,220.42042042042044,29.97,1326,1,traffic_lights,0.8617672920227051,1139.4664306640625,482.0568542480469,1165.0496826171875,533.724609375,1152.258056640625,507.89073181152344,25.583251953125,51.667755126953125
IMG_0029.mp4,6607,220.4537871204538,29.97,1318,2,traffic_signs,0.9216903448104858,1426.145751953125,639.0764770507812,1463.4739990234375,680.1737670898438,1444.8098754882812,659.6251220703125,37.3282470703125,41.0972900390625
IMG_0029.mp4,6607,220.4537871204538,29.97,1344,1,traffic_lights,0.7519333958625793,1020.0980224609375,675.9348754882812,1036.1168212890625,721.2175903320312,1028.107421875,698.5762329101562,16.018798828125,45.28271484375
IMG_0029.mp4,6607,220.4537871204538,29.97,1330,2,traffic_signs,0.9559436440467834,672.9095458984375,331.0918273925781,834.53466796875,491.8424072265625,753.7221069335938,411.4671173095703,161.6251220703125,160.75057983398438
IMG_0029.mp4,6607,220.4537871204538,29.97,1409,1,traffic_lights,0.6813792586326599,1429.9730224609375,672.0795288085938,1478.0704345703125,731.6878662109375,1454.021728515625,701.8836975097656,48.097412109375,59.60833740234375
IMG_0029.mp4,6607,220.4537871204538,29.97,1325,1,traffic_lights,0.7733123898506165,1424.9459228515625,673.9049072265625,1479.61181640625,733.8764038085938,1452.2788696289062,703.8906555175781,54.6658935546875,59.97149658203125
IMG_0029.mp4,6607,220.4537871204538,29.97,1413,0,auth_label,0.41326382756233215,4.347355365753174,362.24908447265625,128.23446655273438,824.2415161132812,66.29091095924377,593.2453002929688,123.8871111869812,461.992431640625
IMG_0029.mp4,6607,220.4537871204538,29.97,1314,2,traffic_signs,0.7186676859855652,1503.1905517578125,658.8524169921875,1557.6478271484375,705.7415161132812,1530.419189453125,682.2969665527344,54.457275390625,46.88909912109375
IMG_0029.mp4,6607,220.4537871204538,29.97,1326,1,traffic_lights,0.6537150144577026,1139.2327880859375,481.90234375,1164.7193603515625,533.593505859375,1151.97607421875,507.7479248046875,25.486572265625,51.691162109375
IMG_0029.mp4,6607,220.4537871204538,29.97,1347,2,traffic_signs,0.5006115436553955,964.4610595703125,670.2172241210938,1013.10498046875,737.3614501953125,988.7830200195312,703.7893371582031,48.6439208984375,67.14422607421875
IMG_0029.mp4,6608,220.48715382048715,29.97,1318,2,traffic_signs,0.9200722575187683,1426.2542724609375,639.1632080078125,1463.543701171875,680.585205078125,1444.8989868164062,659.8742065429688,37.2894287109375,41.4219970703125
IMG_0029.mp4,6608,220.48715382048715,29.97,1344,1,traffic_lights,0.7555911540985107,1020.1578369140625,676.032470703125,1036.1629638671875,721.3209228515625,1028.160400390625,698.6766967773438,16.005126953125,45.2884521484375
IMG_0029.mp4,6608,220.48715382048715,29.97,1330,2,traffic_signs,0.9561060667037964,672.8943481445312,331.1163330078125,834.4757690429688,491.85882568359375,753.68505859375,411.4875793457031,161.5814208984375,160.74249267578125
IMG_0029.mp4,6608,220.48715382048715,29.97,1409,1,traffic_lights,0.6945853233337402,1430.1436767578125,671.9915161132812,1478.38671875,731.8252563476562,1454.2651977539062,701.9083862304688,48.2430419921875,59.833740234375
IMG_0029.mp4,6608,220.48715382048715,29.97,1325,1,traffic_lights,0.7523742914199829,1424.890380859375,673.9080810546875,1479.802001953125,734.0499877929688,1452.34619140625,703.9790344238281,54.91162109375,60.14190673828125
IMG_0029.mp4,6608,220.48715382048715,29.97,1413,0,auth_label,0.4639430046081543,4.2960968017578125,363.2397766113281,127.58734130859375,822.6920776367188,65.94171905517578,592.9659271240234,123.29124450683594,459.4523010253906
IMG_0029.mp4,6608,220.48715382048715,29.97,1314,2,traffic_signs,0.8039482831954956,1503.1751708984375,658.9920043945312,1557.8011474609375,705.8576049804688,1530.4881591796875,682.4248046875,54.6259765625,46.8656005859375
IMG_0029.mp4,6608,220.48715382048715,29.97,1326,1,traffic_lights,0.6196016669273376,1139.2991943359375,482.0506896972656,1164.7437744140625,533.7042236328125,1152.021484375,507.87745666503906,25.444580078125,51.653533935546875
IMG_0029.mp4,6608,220.48715382048715,29.97,1447,1,traffic_lights,0.3357559144496918,1139.4495849609375,482.2026672363281,1165.484375,533.5759887695312,1152.4669799804688,507.8893280029297,26.0347900390625,51.373321533203125
IMG_0029.mp4,6609,220.52052052052053,29.97,1318,2,traffic_signs,0.9187545776367188,1425.72802734375,638.958740234375,1463.273193359375,679.93505859375,1444.5006103515625,659.4468994140625,37.545166015625,40.976318359375
IMG_0029.mp4,6609,220.52052052052053,29.97,1344,1,traffic_lights,0.7563797235488892,1019.9888305664062,676.0565795898438,1035.8819580078125,721.072021484375,1027.9353942871094,698.5643005371094,15.89312744140625,45.01544189453125
IMG_0029.mp4,6609,220.52052052052053,29.97,1330,2,traffic_signs,0.9563405513763428,672.7664184570312,331.1407775878906,834.24755859375,491.6949157714844,753.5069885253906,411.4178466796875,161.48114013671875,160.55413818359375
IMG_0029.mp4,6609,220.52052052052053,29.97,1409,1,traffic_lights,0.6623696088790894,1429.80517578125,671.5055541992188,1477.9169921875,731.4727783203125,1453.861083984375,701.4891662597656,48.11181640625,59.96722412109375
IMG_0029.mp4,6609,220.52052052052053,29.97,1325,1,traffic_lights,0.7907013297080994,1424.19384765625,673.7893676757812,1479.4500732421875,733.54296875,1451.8219604492188,703.6661682128906,55.2562255859375,59.75360107421875
IMG_0029.mp4,6609,220.52052052052053,29.97,1413,0,auth_label,0.46432310342788696,4.250125408172607,363.50634765625,126.68328094482422,822.0673828125,65.46670317649841,592.786865234375,122.43315553665161,458.56103515625
IMG_0029.mp4,6609,220.52052052052053,29.97,1326,1,traffic_lights,0.2859950065612793,1139.0479736328125,481.7494812011719,1164.43017578125,533.3397827148438,1151.7390747070312,507.5446319580078,25.3822021484375,51.590301513671875
IMG_0029.mp4,6609,220.52052052052053,29.97,1447,1,traffic_lights,0.6177272796630859,1139.190673828125,481.9886169433594,1165.1278076171875,533.1953735351562,1152.1592407226562,507.5919952392578,25.9371337890625,51.206756591796875
IMG_0029.mp4,6609,220.52052052052053,29.97,1347,2,traffic_signs,0.8947268128395081,963.695556640625,670.3333740234375,1012.6085815429688,736.5420532226562,988.1520690917969,703.4377136230469,48.91302490234375,66.20867919921875
IMG_0029.mp4,6610,220.5538872205539,29.97,1318,2,traffic_signs,0.9208181500434875,1426.1297607421875,639.1131591796875,1463.5343017578125,680.2443237304688,1444.83203125,659.6787414550781,37.404541015625,41.13116455078125
IMG_0029.mp4,6610,220.5538872205539,29.97,1344,1,traffic_lights,0.663390040397644,1020.275390625,676.0518798828125,1036.213134765625,722.0097045898438,1028.2442626953125,699.0307922363281,15.937744140625,45.95782470703125
IMG_0029.mp4,6610,220.5538872205539,29.97,1330,2,traffic_signs,0.9506931304931641,673.1007080078125,331.15838623046875,834.638671875,491.767822265625,753.8696899414062,411.4631042480469,161.5379638671875,160.60943603515625
IMG_0029.mp4,6610,220.5538872205539,29.97,1409,1,traffic_lights,0.6819392442703247,1429.9017333984375,672.1822509765625,1478.2100830078125,731.6504516601562,1454.055908203125,701.9163513183594,48.308349609375,59.46820068359375
IMG_0029.mp4,6610,220.5538872205539,29.97,1325,1,traffic_lights,0.7753443121910095,1424.1865234375,674.0860595703125,1479.715087890625,733.8848876953125,1451.9508056640625,703.9854736328125,55.528564453125,59.798828125
IMG_0029.mp4,6610,220.5538872205539,29.97,1413,0,auth_label,0.40842410922050476,4.376875400543213,362.6723327636719,126.97713470458984,820.8916625976562,65.67700505256653,591.7819976806641,122.60025930404663,458.2193298339844
IMG_0029.mp4,6610,220.5538872205539,29.97,1326,1,traffic_lights,0.5119463205337524,1139.326904296875,481.9635314941406,1164.7271728515625,533.5790405273438,1152.0270385742188,507.7712860107422,25.4002685546875,51.615509033203125
IMG_0029.mp4,6610,220.5538872205539,29.97,1447,1,traffic_lights,0.45006266236305237,1139.43212890625,482.12713623046875,1165.4595947265625,533.458740234375,1152.4458618164062,507.7929382324219,26.0274658203125,51.33160400390625
IMG_0029.mp4,6610,220.5538872205539,29.97,1347,2,traffic_signs,0.8818039298057556,963.4597778320312,670.2865600585938,1013.14599609375,736.2748413085938,988.3028869628906,703.2807006835938,49.68621826171875,65.98828125
IMG_0029.mp4,6610,220.5538872205539,29.97,1314,2,traffic_signs,0.5969986319541931,1503.0030517578125,658.8169555664062,1557.60400390625,705.739501953125,1530.3035278320312,682.2782287597656,54.6009521484375,46.92254638671875
IMG_0029.mp4,6611,220.58725392058727,29.97,1318,2,traffic_signs,0.9195066094398499,1425.8602294921875,638.9429321289062,1463.30078125,680.239013671875,1444.5805053710938,659.5909729003906,37.4405517578125,41.29608154296875
IMG_0029.mp4,6611,220.58725392058727,29.97,1344,1,traffic_lights,0.7642844915390015,1020.0767211914062,675.8429565429688,1036.0552978515625,721.8998413085938,1028.0660095214844,698.8713989257812,15.97857666015625,46.056884765625
IMG_0029.mp4,6611,220.58725392058727,29.97,1330,2,traffic_signs,0.9566545486450195,672.8268432617188,331.1056213378906,834.3065795898438,491.6241760253906,753.5667114257812,411.3648986816406,161.479736328125,160.5185546875
IMG_0029.mp4,6611,220.58725392058727,29.97,1409,1,traffic_lights,0.6622335910797119,1429.6849365234375,671.7258911132812,1477.9031982421875,731.2969970703125,1453.7940673828125,701.5114440917969,48.21826171875,59.57110595703125
IMG_0029.mp4,6611,220.58725392058727,29.97,1325,1,traffic_lights,0.7709963321685791,1423.909912109375,673.7620849609375,1479.3363037109375,733.4697265625,1451.6231079101562,703.6159057617188,55.4263916015625,59.7076416015625
IMG_0029.mp4,6611,220.58725392058727,29.97,1413,0,auth_label,0.4502023756504059,4.0657572746276855,363.03564453125,126.71404266357422,820.4212646484375,65.38989996910095,591.7284545898438,122.64828538894653,457.3856201171875
IMG_0029.mp4,6611,220.58725392058727,29.97,1326,1,traffic_lights,0.3084138333797455,1139.140625,481.7969055175781,1164.4398193359375,533.3175048828125,1151.7902221679688,507.5572052001953,25.2991943359375,51.520599365234375
IMG_0029.mp4,6611,220.58725392058727,29.97,1447,1,traffic_lights,0.5779246091842651,1139.268310546875,481.9720764160156,1165.1865234375,533.1905517578125,1152.2274169921875,507.58131408691406,25.918212890625,51.218475341796875
IMG_0029.mp4,6611,220.58725392058727,29.97,1347,2,traffic_signs,0.8805233836174011,963.6598510742188,670.180419921875,1012.87451171875,735.9768676757812,988.2671813964844,703.0786437988281,49.21466064453125,65.79644775390625
IMG_0029.mp4,6611,220.58725392058727,29.97,1314,2,traffic_signs,0.32899874448776245,1502.994873046875,658.6838989257812,1557.3038330078125,705.5068359375,1530.1493530273438,682.0953674316406,54.3089599609375,46.82293701171875
IMG_0029.mp4,6612,220.62062062062063,29.97,1318,2,traffic_signs,0.9195472002029419,1425.7567138671875,639.0360107421875,1463.3079833984375,680.1306762695312,1444.5323486328125,659.5833435058594,37.55126953125,41.09466552734375
IMG_0029.mp4,6612,220.62062062062063,29.97,1344,1,traffic_lights,0.5556893348693848,1020.2230224609375,675.9700317382812,1036.1763916015625,721.9547119140625,1028.19970703125,698.9623718261719,15.953369140625,45.98468017578125
IMG_0029.mp4,6612,220.62062062062063,29.97,1330,2,traffic_signs,0.9522521495819092,673.1198120117188,331.1242980957031,834.5890502929688,491.7988586425781,753.8544311523438,411.4615783691406,161.46923828125,160.674560546875
IMG_0029.mp4,6612,220.62062062062063,29.97,1409,1,traffic_lights,0.6613696813583374,1430.1463623046875,671.9307250976562,1477.9078369140625,731.276611328125,1454.027099609375,701.6036682128906,47.761474609375,59.34588623046875
IMG_0029.mp4,6612,220.62062062062063,29.97,1325,1,traffic_lights,0.7696576714515686,1424.136962890625,674.1339111328125,1479.4901123046875,733.58544921875,1451.8135375976562,703.8596801757812,55.3531494140625,59.4515380859375
IMG_0029.mp4,6612,220.62062062062063,29.97,1413,0,auth_label,0.43962740898132324,4.372890949249268,363.08563232421875,127.3805923461914,819.9755249023438,65.87674164772034,591.5305786132812,123.00770139694214,456.889892578125
IMG_0029.mp4,6612,220.62062062062063,29.97,1326,1,traffic_lights,0.36678797006607056,1139.192138671875,481.8674011230469,1164.5916748046875,533.4886474609375,1151.8919067382812,507.6780242919922,25.3995361328125,51.621246337890625
IMG_0029.mp4,6612,220.62062062062063,29.97,1447,1,traffic_lights,0.5662288665771484,1139.2919921875,482.1010437011719,1165.2813720703125,533.3502197265625,1152.2866821289062,507.7256317138672,25.9893798828125,51.249176025390625
IMG_0029.mp4,6612,220.62062062062063,29.97,1347,2,traffic_signs,0.877926766872406,963.6842041015625,670.3557739257812,1012.7571411132812,735.9484252929688,988.2206726074219,703.152099609375,49.07293701171875,65.5926513671875
IMG_0029.mp4,6612,220.62062062062063,29.97,1314,2,traffic_signs,0.45350319147109985,1502.9544677734375,658.7742919921875,1557.27490234375,705.5631103515625,1530.1146850585938,682.168701171875,54.3204345703125,46.788818359375
IMG_0029.mp4,6613,220.65398732065398,29.97,1318,2,traffic_signs,0.9193778038024902,1425.4403076171875,638.9011840820312,1463.107666015625,680.1508178710938,1444.2739868164062,659.5260009765625,37.6673583984375,41.2496337890625
IMG_0029.mp4,6613,220.65398732065398,29.97,1344,1,traffic_lights,0.7642585635185242,1020.0436401367188,675.9155883789062,1036.010009765625,721.4534301757812,1028.0268249511719,698.6845092773438,15.96636962890625,45.537841796875
IMG_0029.mp4,6613,220.65398732065398,29.97,1330,2,traffic_signs,0.9564862251281738,672.8814086914062,330.9992370605469,834.3123779296875,491.7064208984375,753.5968933105469,411.3528289794922,161.43096923828125,160.70718383789062
IMG_0029.mp4,6613,220.65398732065398,29.97,1409,1,traffic_lights,0.6635147929191589,1429.7760009765625,671.3881225585938,1477.7144775390625,731.082763671875,1453.7452392578125,701.2354431152344,47.9384765625,59.69464111328125
IMG_0029.mp4,6613,220.65398732065398,29.97,1325,1,traffic_lights,0.7884880900382996,1423.8033447265625,673.68994140625,1479.173095703125,733.3989868164062,1451.4882202148438,703.5444641113281,55.3697509765625,59.70904541015625
IMG_0029.mp4,6613,220.65398732065398,29.97,1413,0,auth_label,0.400887131690979,4.114494800567627,362.5339660644531,127.00556945800781,819.99609375,65.56003212928772,591.2650299072266,122.89107465744019,457.4621276855469
IMG_0029.mp4,6613,220.65398732065398,29.97,1347,2,traffic_signs,0.8905757069587708,963.6148071289062,670.1947631835938,1012.5769653320312,736.0576782226562,988.0958862304688,703.126220703125,48.962158203125,65.8629150390625
IMG_0029.mp4,6614,220.68735402068737,29.97,1318,2,traffic_signs,0.9189985990524292,1425.5771484375,639.0099487304688,1463.237548828125,680.3611450195312,1444.4073486328125,659.685546875,37.660400390625,41.3511962890625
IMG_0029.mp4,6614,220.68735402068737,29.97,1344,1,traffic_lights,0.7737365365028381,1020.2486572265625,676.02587890625,1036.2025146484375,721.3740844726562,1028.2255859375,698.6999816894531,15.953857421875,45.34820556640625
IMG_0029.mp4,6614,220.68735402068737,29.97,1330,2,traffic_signs,0.9553277492523193,673.0608520507812,331.0338439941406,834.571044921875,491.8719482421875,753.8159484863281,411.45289611816406,161.51019287109375,160.83810424804688
IMG_0029.mp4,6614,220.68735402068737,29.97,1409,1,traffic_lights,0.658294141292572,1429.4835205078125,671.7974243164062,1477.760009765625,731.21435546875,1453.6217651367188,701.5058898925781,48.2764892578125,59.41693115234375
IMG_0029.mp4,6614,220.68735402068737,29.97,1325,1,traffic_lights,0.7927502989768982,1423.7127685546875,673.8097534179688,1479.147216796875,733.5321655273438,1451.4299926757812,703.6709594726562,55.4344482421875,59.722412109375
IMG_0029.mp4,6614,220.68735402068737,29.97,1413,0,auth_label,0.4121636152267456,4.2296552658081055,362.3487548828125,127.25102233886719,819.598876953125,65.74033880233765,590.9738159179688,123.02136707305908,457.2501220703125
IMG_0029.mp4,6614,220.68735402068737,29.97,1347,2,traffic_signs,0.8938535451889038,963.8677978515625,670.303955078125,1012.9459228515625,736.2788696289062,988.4068603515625,703.2914123535156,49.078125,65.97491455078125
IMG_0029.mp4,6614,220.68735402068737,29.97,1326,1,traffic_lights,0.7437442541122437,1139.2135009765625,482.0700378417969,1165.09130859375,533.575927734375,1152.1524047851562,507.82298278808594,25.8778076171875,51.505889892578125
IMG_0029.mp4,6614,220.68735402068737,29.97,1314,2,traffic_signs,0.6771073937416077,1502.992919921875,658.8488159179688,1557.21435546875,705.535888671875,1530.1036376953125,682.1923522949219,54.221435546875,46.68707275390625
IMG_0029.mp4,6615,220.72072072072072,29.97,1318,2,traffic_signs,0.9185070395469666,1425.481689453125,638.8861694335938,1463.15185546875,680.1033935546875,1444.3167724609375,659.4947814941406,37.670166015625,41.21722412109375
IMG_0029.mp4,6615,220.72072072072072,29.97,1344,1,traffic_lights,0.7723090648651123,1020.2496337890625,675.9469604492188,1036.0443115234375,721.1556396484375,1028.14697265625,698.5513000488281,15.794677734375,45.20867919921875
IMG_0029.mp4,6615,220.72072072072072,29.97,1330,2,traffic_signs,0.9561998248100281,672.9623413085938,331.0246276855469,834.5468139648438,491.8012390136719,753.7545776367188,411.4129333496094,161.58447265625,160.776611328125
IMG_0029.mp4,6615,220.72072072072072,29.97,1409,1,traffic_lights,0.6418657898902893,1429.582275390625,671.5823364257812,1477.7349853515625,731.1331176757812,1453.6586303710938,701.3577270507812,48.1527099609375,59.55078125
IMG_0029.mp4,6615,220.72072072072072,29.97,1325,1,traffic_lights,0.7901324033737183,1423.735107421875,673.7772216796875,1479.2373046875,733.3577880859375,1451.4862060546875,703.5675048828125,55.502197265625,59.58056640625
IMG_0029.mp4,6615,220.72072072072072,29.97,1413,0,auth_label,0.4095819294452667,4.104379653930664,362.4530029296875,127.17610168457031,819.5487670898438,65.64024066925049,591.0008850097656,123.07172203063965,457.09576416015625
IMG_0029.mp4,6615,220.72072072072072,29.97,1347,2,traffic_signs,0.8919005393981934,963.7719116210938,670.19873046875,1012.7470703125,736.2831420898438,988.2594909667969,703.2409362792969,48.97515869140625,66.08441162109375
IMG_0029.mp4,6615,220.72072072072072,29.97,1326,1,traffic_lights,0.6392384767532349,1139.130615234375,481.9777526855469,1165.1357421875,533.3632202148438,1152.1331787109375,507.6704864501953,26.005126953125,51.385467529296875
IMG_0029.mp4,6616,220.7540874207541,29.97,1318,2,traffic_signs,0.9186747074127197,1425.5960693359375,638.9650268554688,1463.297119140625,680.3126831054688,1444.4465942382812,659.6388549804688,37.7010498046875,41.34765625
IMG_0029.mp4,6616,220.7540874207541,29.97,1344,1,traffic_lights,0.7674940824508667,1020.3971557617188,675.9359130859375,1036.2001953125,721.0554809570312,1028.2986755371094,698.4956970214844,15.80303955078125,45.11956787109375
IMG_0029.mp4,6616,220.7540874207541,29.97,1330,2,traffic_signs,0.9541743993759155,673.1806640625,331.0574645996094,834.6754760742188,491.89630126953125,753.9280700683594,411.4768829345703,161.49481201171875,160.83883666992188
IMG_0029.mp4,6616,220.7540874207541,29.97,1409,1,traffic_lights,0.6784904599189758,1429.810791015625,671.7713623046875,1477.8546142578125,731.297119140625,1453.8327026367188,701.5342407226562,48.0438232421875,59.5257568359375
IMG_0029.mp4,6616,220.7540874207541,29.97,1325,1,traffic_lights,0.7917770743370056,1423.869140625,673.84033203125,1479.31201171875,733.5402221679688,1451.590576171875,703.6902770996094,55.44287109375,59.69989013671875
IMG_0029.mp4,6616,220.7540874207541,29.97,1413,0,auth_label,0.4319845736026764,4.1861491203308105,362.5687255859375,127.46511840820312,819.6378173828125,65.82563376426697,591.103271484375,123.27896928787231,457.069091796875
IMG_0029.mp4,6616,220.7540874207541,29.97,1347,2,traffic_signs,0.8903549313545227,963.8170776367188,670.2232055664062,1012.789794921875,736.6116333007812,988.3034362792969,703.4174194335938,48.97271728515625,66.388427734375
IMG_0029.mp4,6616,220.7540874207541,29.97,1326,1,traffic_lights,0.6672416925430298,1139.27001953125,482.1888427734375,1165.331787109375,533.5861206054688,1152.3009033203125,507.8874816894531,26.061767578125,51.39727783203125
IMG_0029.mp4,6616,220.7540874207541,29.97,1314,2,traffic_signs,0.7093594074249268,1502.95849609375,658.9086303710938,1557.2685546875,705.644287109375,1530.113525390625,682.2764587402344,54.31005859375,46.73565673828125
IMG_0029.mp4,6617,220.78745412078746,29.97,1318,2,traffic_signs,0.9174469113349915,1425.3616943359375,638.7969360351562,1463.127197265625,680.1903686523438,1444.2444458007812,659.49365234375,37.7655029296875,41.3934326171875
IMG_0029.mp4,6617,220.78745412078746,29.97,1344,1,traffic_lights,0.7493135333061218,1020.21728515625,675.7274169921875,1036.012939453125,720.9382934570312,1028.1151123046875,698.3328552246094,15.795654296875,45.21087646484375
IMG_0029.mp4,6617,220.78745412078746,29.97,1330,2,traffic_signs,0.9569592475891113,672.9563598632812,330.9896240234375,834.4117431640625,491.8360595703125,753.6840515136719,411.412841796875,161.45538330078125,160.846435546875
IMG_0029.mp4,6617,220.78745412078746,29.97,1409,1,traffic_lights,0.6669585108757019,1429.5203857421875,671.202880859375,1477.8682861328125,731.142578125,1453.6943359375,701.1727294921875,48.347900390625,59.939697265625
IMG_0029.mp4,6617,220.78745412078746,29.97,1325,1,traffic_lights,0.8000204563140869,1423.520751953125,673.5223388671875,1479.2276611328125,733.3731689453125,1451.3742065429688,703.44775390625,55.7069091796875,59.850830078125
IMG_0029.mp4,6617,220.78745412078746,29.97,1413,0,auth_label,0.37314072251319885,4.064303874969482,362.1253356933594,127.1760025024414,819.944091796875,65.62015318870544,591.0347137451172,123.11169862747192,457.8187561035156
IMG_0029.mp4,6617,220.78745412078746,29.97,1347,2,traffic_signs,0.2589849531650543,963.7012939453125,670.1101684570312,1012.6077270507812,736.7084350585938,988.1545104980469,703.4093017578125,48.90643310546875,66.5982666015625
IMG_0029.mp4,6617,220.78745412078746,29.97,1326,1,traffic_lights,0.7586854100227356,1139.06884765625,482.1014099121094,1165.2459716796875,533.5430297851562,1152.1574096679688,507.8222198486328,26.1771240234375,51.441619873046875
IMG_0029.mp4,6618,220.82082082082084,29.97,1318,2,traffic_signs,0.9188091158866882,1425.7891845703125,638.9569091796875,1463.4456787109375,680.0335083007812,1444.617431640625,659.4952087402344,37.656494140625,41.07659912109375
IMG_0029.mp4,6618,220.82082082082084,29.97,1344,1,traffic_lights,0.7574551105499268,1020.3201904296875,676.04833984375,1036.029296875,721.1777954101562,1028.1747436523438,698.6130676269531,15.7091064453125,45.12945556640625
IMG_0029.mp4,6618,220.82082082082084,29.97,1330,2,traffic_signs,0.955541729927063,673.1050415039062,330.9847412109375,834.6387329101562,491.9145202636719,753.8718872070312,411.4496307373047,161.53369140625,160.92977905273438
IMG_0029.mp4,6618,220.82082082082084,29.97,1409,1,traffic_lights,0.6502885818481445,1430.03466796875,671.6219482421875,1478.137939453125,731.67236328125,1454.0863037109375,701.6471557617188,48.103271484375,60.0504150390625
IMG_0029.mp4,6618,220.82082082082084,29.97,1325,1,traffic_lights,0.7796546220779419,1424.0850830078125,673.9847412109375,1479.6436767578125,733.8638305664062,1451.8643798828125,703.9242858886719,55.55859375,59.87908935546875
IMG_0029.mp4,6618,220.82082082082084,29.97,1413,0,auth_label,0.4069913327693939,4.05296516418457,362.06622314453125,127.10307312011719,820.5350341796875,65.57801914215088,591.3006286621094,123.05010795593262,458.46881103515625
IMG_0029.mp4,6618,220.82082082082084,29.97,1347,2,traffic_signs,0.5681794881820679,963.722900390625,670.3895874023438,1012.6220092773438,736.8438110351562,988.1724548339844,703.61669921875,48.89910888671875,66.4542236328125
IMG_0029.mp4,6618,220.82082082082084,29.97,1326,1,traffic_lights,0.6598982214927673,1139.287841796875,482.19232177734375,1165.3709716796875,533.5926513671875,1152.3294067382812,507.8924865722656,26.0831298828125,51.40032958984375
IMG_0029.mp4,6618,220.82082082082084,29.97,1314,2,traffic_signs,0.8005030751228333,1503.2138671875,658.9642944335938,1557.376708984375,705.8197021484375,1530.2952880859375,682.3919982910156,54.162841796875,46.85540771484375
IMG_0029.mp4,6619,220.8541875208542,29.97,1318,2,traffic_signs,0.9184389710426331,1425.76806640625,638.9306030273438,1463.4090576171875,680.262939453125,1444.5885620117188,659.5967712402344,37.6409912109375,41.33233642578125
IMG_0029.mp4,6619,220.8541875208542,29.97,1344,1,traffic_lights,0.7648394703865051,1020.286376953125,675.9547119140625,1036.1317138671875,721.1378784179688,1028.2090454101562,698.5462951660156,15.8453369140625,45.18316650390625
IMG_0029.mp4,6619,220.8541875208542,29.97,1330,2,traffic_signs,0.9547458291053772,673.0844116210938,331.00189208984375,834.6412963867188,491.8796081542969,753.8628540039062,411.4407501220703,161.556884765625,160.87771606445312
IMG_0029.mp4,6619,220.8541875208542,29.97,1409,1,traffic_lights,0.67692631483078,1429.9014892578125,671.706787109375,1478.192626953125,731.6907348632812,1454.0470581054688,701.6987609863281,48.2911376953125,59.98394775390625
IMG_0029.mp4,6619,220.8541875208542,29.97,1325,1,traffic_lights,0.772814929485321,1424.07470703125,673.9345092773438,1479.631103515625,733.9013671875,1451.8529052734375,703.9179382324219,55.556396484375,59.96685791015625
IMG_0029.mp4,6619,220.8541875208542,29.97,1413,0,auth_label,0.3852575123310089,4.046258449554443,361.03936767578125,127.5008773803711,820.2989501953125,65.77356791496277,590.6691589355469,123.45461893081665,459.25958251953125
IMG_0029.mp4,6619,220.8541875208542,29.97,1347,2,traffic_signs,0.4579751491546631,963.8818359375,670.4677734375,1012.765625,736.940673828125,988.32373046875,703.7042236328125,48.8837890625,66.472900390625
IMG_0029.mp4,6619,220.8541875208542,29.97,1326,1,traffic_lights,0.5513326525688171,1139.30126953125,482.1860046386719,1165.3148193359375,533.5707397460938,1152.3080444335938,507.8783721923828,26.0135498046875,51.384735107421875
IMG_0029.mp4,6619,220.8541875208542,29.97,1314,2,traffic_signs,0.8155234456062317,1503.232421875,658.97607421875,1557.3604736328125,705.8342895507812,1530.2964477539062,682.4051818847656,54.1280517578125,46.85821533203125
IMG_0029.mp4,6620,220.88755422088755,29.97,1318,2,traffic_signs,0.9192029237747192,1425.94482421875,638.9720458984375,1463.5303955078125,680.2885131835938,1444.7376098632812,659.6302795410156,37.5855712890625,41.31646728515625
IMG_0029.mp4,6620,220.88755422088755,29.97,1344,1,traffic_lights,0.7605488896369934,1020.2615966796875,675.8709106445312,1036.3349609375,721.447265625,1028.2982788085938,698.6590881347656,16.0733642578125,45.57635498046875
IMG_0029.mp4,6620,220.88755422088755,29.97,1330,2,traffic_signs,0.9535143971443176,673.2022094726562,331.0074768066406,834.7886352539062,491.9563903808594,753.9954223632812,411.48193359375,161.58642578125,160.94891357421875
IMG_0029.mp4,6620,220.88755422088755,29.97,1409,1,traffic_lights,0.6887305974960327,1429.896728515625,671.614501953125,1478.513916015625,731.776123046875,1454.205322265625,701.6953125,48.6171875,60.16162109375
IMG_0029.mp4,6620,220.88755422088755,29.97,1325,1,traffic_lights,0.7584908604621887,1424.185791015625,673.8306884765625,1479.9537353515625,734.0404663085938,1452.0697631835938,703.9355773925781,55.7679443359375,60.20977783203125
IMG_0029.mp4,6620,220.88755422088755,29.97,1413,0,auth_label,0.39804089069366455,4.098174571990967,362.0811462402344,127.6512680053711,820.0632934570312,65.87472128868103,591.0722198486328,123.55309343338013,457.9821472167969
IMG_0029.mp4,6620,220.88755422088755,29.97,1347,2,traffic_signs,0.5376293659210205,964.9712524414062,670.51318359375,1013.2508544921875,736.89111328125,989.1110534667969,703.7021484375,48.27960205078125,66.3779296875
IMG_0029.mp4,6620,220.88755422088755,29.97,1326,1,traffic_lights,0.7435793876647949,1139.358642578125,482.2413024902344,1165.100341796875,533.7033081054688,1152.2294921875,507.97230529785156,25.74169921875,51.462005615234375
IMG_0029.mp4,6620,220.88755422088755,29.97,1314,2,traffic_signs,0.850149929523468,1503.566162109375,659.1248168945312,1557.513916015625,705.8753662109375,1530.5400390625,682.5000915527344,53.94775390625,46.75054931640625
IMG_0029.mp4,6621,220.92092092092093,29.97,1318,2,traffic_signs,0.9194153547286987,1426.1033935546875,638.96240234375,1463.5042724609375,679.9432373046875,1444.8038330078125,659.4528198242188,37.40087890625,40.9808349609375
IMG_0029.mp4,6621,220.92092092092093,29.97,1344,1,traffic_lights,0.7463880181312561,1020.226318359375,675.8578491210938,1036.2503662109375,721.3812866210938,1028.2383422851562,698.6195678710938,16.0240478515625,45.5234375
IMG_0029.mp4,6621,220.92092092092093,29.97,1330,2,traffic_signs,0.9533442854881287,673.1341552734375,331.0177917480469,834.6994018554688,491.9222106933594,753.9167785644531,411.4700012207031,161.56524658203125,160.9044189453125
IMG_0029.mp4,6621,220.92092092092093,29.97,1409,1,traffic_lights,0.683329701423645,1429.909912109375,671.713623046875,1478.507080078125,731.7539672851562,1454.20849609375,701.7337951660156,48.59716796875,60.04034423828125
IMG_0029.mp4,6621,220.92092092092093,29.97,1325,1,traffic_lights,0.7760703563690186,1424.330810546875,673.919921875,1480.038330078125,734.0150756835938,1452.1845703125,703.9674987792969,55.70751953125,60.09515380859375
IMG_0029.mp4,6621,220.92092092092093,29.97,1413,0,auth_label,0.3755761682987213,4.090628623962402,362.64605712890625,127.82474517822266,820.0857543945312,65.95768690109253,591.3659057617188,123.73411655426025,457.439697265625
IMG_0029.mp4,6621,220.92092092092093,29.97,1347,2,traffic_signs,0.4381117522716522,963.8837890625,670.3726196289062,1012.7562866210938,736.6243896484375,988.3200378417969,703.4985046386719,48.87249755859375,66.25177001953125
IMG_0029.mp4,6621,220.92092092092093,29.97,1326,1,traffic_lights,0.8075633645057678,1139.3525390625,482.0291442871094,1164.9736328125,533.5595092773438,1152.1630859375,507.79432678222656,25.62109375,51.530364990234375
IMG_0029.mp4,6621,220.92092092092093,29.97,1314,2,traffic_signs,0.8460713624954224,1503.626953125,659.1697998046875,1557.5789794921875,705.8128662109375,1530.6029663085938,682.4913330078125,53.9520263671875,46.64306640625
IMG_0029.mp4,6622,220.9542876209543,29.97,1318,2,traffic_signs,0.9194161891937256,1426.102294921875,638.968017578125,1463.52099609375,680.0912475585938,1444.8116455078125,659.5296325683594,37.418701171875,41.12322998046875
IMG_0029.mp4,6622,220.9542876209543,29.97,1344,1,traffic_lights,0.7856178879737854,1020.194580078125,675.869140625,1036.4053955078125,721.5045776367188,1028.2999877929688,698.6868591308594,16.2108154296875,45.63543701171875
IMG_0029.mp4,6622,220.9542876209543,29.97,1330,2,traffic_signs,0.9557088017463684,672.894775390625,330.95465087890625,834.44384765625,491.8763732910156,753.6693115234375,411.41551208496094,161.549072265625,160.92172241210938
IMG_0029.mp4,6622,220.9542876209543,29.97,1409,1,traffic_lights,0.70309978723526,1429.798095703125,671.5071411132812,1478.526611328125,731.7569580078125,1454.162353515625,701.6320495605469,48.728515625,60.24981689453125
IMG_0029.mp4,6622,220.9542876209543,29.97,1325,1,traffic_lights,0.7760595679283142,1424.1260986328125,673.7064819335938,1479.9678955078125,734.046875,1452.0469970703125,703.8766784667969,55.841796875,60.34039306640625
IMG_0029.mp4,6622,220.9542876209543,29.97,1413,0,auth_label,0.4107120633125305,3.804718255996704,362.5692443847656,126.42344665527344,819.90234375,65.11408245563507,591.2357940673828,122.61872839927673,457.3330993652344
IMG_0029.mp4,6622,220.9542876209543,29.97,1347,2,traffic_signs,0.6866520643234253,963.6232299804688,670.509765625,1012.5028076171875,736.4893798828125,988.0630187988281,703.4995727539062,48.87957763671875,65.9796142578125
IMG_0029.mp4,6622,220.9542876209543,29.97,1326,1,traffic_lights,0.7798610925674438,1139.2938232421875,482.0181884765625,1164.9071044921875,533.5203247070312,1152.1004638671875,507.7692565917969,25.61328125,51.50213623046875
IMG_0029.mp4,6622,220.9542876209543,29.97,1314,2,traffic_signs,0.8524770140647888,1503.5972900390625,659.1585693359375,1557.68212890625,705.8077392578125,1530.6397094726562,682.483154296875,54.0848388671875,46.649169921875
IMG_0029.mp4,6623,220.98765432098767,29.97,1318,2,traffic_signs,0.919441282749176,1426.05908203125,639.0171508789062,1463.5257568359375,680.1406860351562,1444.7924194335938,659.5789184570312,37.4666748046875,41.12353515625
IMG_0029.mp4,6623,220.98765432098767,29.97,1344,1,traffic_lights,0.5942167043685913,1020.3360595703125,675.9173583984375,1036.5162353515625,721.5608520507812,1028.4261474609375,698.7391052246094,16.18017578125,45.64349365234375
IMG_0029.mp4,6623,220.98765432098767,29.97,1330,2,traffic_signs,0.9447810649871826,673.2364501953125,331.01849365234375,834.772705078125,491.8902893066406,754.0045776367188,411.4543914794922,161.5362548828125,160.87179565429688
IMG_0029.mp4,6623,220.98765432098767,29.97,1409,1,traffic_lights,0.7052140235900879,1429.734130859375,671.4508056640625,1478.4700927734375,731.7655029296875,1454.1021118164062,701.608154296875,48.7359619140625,60.314697265625
IMG_0029.mp4,6623,220.98765432098767,29.97,1325,1,traffic_lights,0.7812778353691101,1424.0323486328125,673.6487426757812,1479.887939453125,734.0547485351562,1451.9601440429688,703.8517456054688,55.8555908203125,60.406005859375
IMG_0029.mp4,6623,220.98765432098767,29.97,1413,0,auth_label,0.3292018473148346,4.002201080322266,361.3988952636719,127.39281463623047,819.3426513671875,65.69750785827637,590.3707733154297,123.3906135559082,457.9437561035156
IMG_0029.mp4,6623,220.98765432098767,29.97,1347,2,traffic_signs,0.48484310507774353,965.10888671875,670.8772583007812,1012.4849243164062,736.2249145507812,988.7969055175781,703.5510864257812,47.37603759765625,65.34765625
IMG_0029.mp4,6623,220.98765432098767,29.97,1326,1,traffic_lights,0.7835500240325928,1139.3621826171875,482.22735595703125,1164.96533203125,533.6060180664062,1152.1637573242188,507.91668701171875,25.6031494140625,51.378662109375
IMG_0029.mp4,6623,220.98765432098767,29.97,1314,2,traffic_signs,0.8533499836921692,1503.52490234375,659.1510620117188,1557.6859130859375,705.8263549804688,1530.6054077148438,682.4887084960938,54.1610107421875,46.67529296875
IMG_0029.mp4,6624,221.02102102102103,29.97,1318,2,traffic_signs,0.9188842177391052,1426.0189208984375,638.9209594726562,1463.6865234375,679.7373657226562,1444.8527221679688,659.3291625976562,37.6676025390625,40.81640625
IMG_0029.mp4,6624,221.02102102102103,29.97,1344,1,traffic_lights,0.2953416407108307,1020.11474609375,675.6307373046875,1036.6025390625,721.3148193359375,1028.358642578125,698.4727783203125,16.48779296875,45.68408203125
IMG_0029.mp4,6624,221.02102102102103,29.97,1330,2,traffic_signs,0.9449083209037781,673.2348022460938,330.98602294921875,834.8568115234375,491.8584899902344,754.0458068847656,411.42225646972656,161.62200927734375,160.87246704101562
IMG_0029.mp4,6624,221.02102102102103,29.97,1409,1,traffic_lights,0.6586635112762451,1429.4139404296875,671.1431274414062,1478.3507080078125,731.8533325195312,1453.88232421875,701.4982299804688,48.936767578125,60.710205078125
IMG_0029.mp4,6624,221.02102102102103,29.97,1325,1,traffic_lights,0.7774442434310913,1423.3782958984375,673.6405639648438,1479.9287109375,734.0648803710938,1451.6535034179688,703.8527221679688,56.5504150390625,60.42431640625
IMG_0029.mp4,6624,221.02102102102103,29.97,1413,0,auth_label,0.3643999993801117,3.826646566390991,360.9057312011719,127.28478240966797,819.155029296875,65.55571448802948,590.0303802490234,123.45813584327698,458.2492980957031
IMG_0029.mp4,6624,221.02102102102103,29.97,1347,2,traffic_signs,0.7031118869781494,964.497802734375,670.9241333007812,1012.1109008789062,736.1285400390625,988.3043518066406,703.5263366699219,47.61309814453125,65.20440673828125
IMG_0029.mp4,6624,221.02102102102103,29.97,1326,1,traffic_lights,0.7922049760818481,1139.296142578125,482.07696533203125,1164.975341796875,533.5747680664062,1152.1357421875,507.82586669921875,25.67919921875,51.497802734375
IMG_0029.mp4,6624,221.02102102102103,29.97,1314,2,traffic_signs,0.8562930226325989,1503.446533203125,659.1121215820312,1557.6756591796875,705.796875,1530.5610961914062,682.4544982910156,54.2291259765625,46.68475341796875
IMG_0029.mp4,6625,221.05438772105438,29.97,1318,2,traffic_signs,0.919786274433136,1426.1702880859375,638.9849853515625,1463.9300537109375,679.8156127929688,1445.0501708984375,659.4002990722656,37.759765625,40.83062744140625
IMG_0029.mp4,6625,221.05438772105438,29.97,1344,1,traffic_lights,0.6883888244628906,1020.2651977539062,675.783935546875,1036.534423828125,721.6312255859375,1028.3998107910156,698.7075805664062,16.26922607421875,45.8472900390625
IMG_0029.mp4,6625,221.05438772105438,29.97,1330,2,traffic_signs,0.943861186504364,673.315185546875,330.9446716308594,834.9215698242188,491.7828063964844,754.1183776855469,411.3637390136719,161.60638427734375,160.838134765625
IMG_0029.mp4,6625,221.05438772105438,29.97,1409,1,traffic_lights,0.6668589115142822,1429.08935546875,671.6249389648438,1478.4527587890625,731.73974609375,1453.7710571289062,701.6823425292969,49.3634033203125,60.11480712890625
IMG_0029.mp4,6625,221.05438772105438,29.97,1325,1,traffic_lights,0.7844725847244263,1423.1060791015625,673.8577270507812,1479.9136962890625,734.0128784179688,1451.5098876953125,703.935302734375,56.8076171875,60.1551513671875
IMG_0029.mp4,6625,221.05438772105438,29.97,1413,0,auth_label,0.34987834095954895,3.99653959274292,360.3931884765625,127.88530731201172,819.2911987304688,65.94092345237732,589.8421936035156,123.8887677192688,458.89801025390625
IMG_0029.mp4,6625,221.05438772105438,29.97,1347,2,traffic_signs,0.5185566544532776,965.2440795898438,671.1312255859375,1012.7045288085938,736.1365356445312,988.9743041992188,703.6338806152344,47.46044921875,65.00531005859375
IMG_0029.mp4,6625,221.05438772105438,29.97,1326,1,traffic_lights,0.8064202070236206,1139.374755859375,482.115234375,1165.0958251953125,533.6282958984375,1152.2352905273438,507.87176513671875,25.7210693359375,51.5130615234375
IMG_0029.mp4,6625,221.05438772105438,29.97,1314,2,traffic_signs,0.8419848084449768,1503.7305908203125,659.1887817382812,1557.8603515625,705.8563842773438,1530.7954711914062,682.5225830078125,54.1297607421875,46.6676025390625
IMG_0029.mp4,6626,221.08775442108777,29.97,1318,2,traffic_signs,0.9200343489646912,1425.8929443359375,639.001953125,1463.637451171875,679.9497680664062,1444.7651977539062,659.4758605957031,37.7445068359375,40.94781494140625
IMG_0029.mp4,6626,221.08775442108777,29.97,1344,1,traffic_lights,0.6919223666191101,1020.1132202148438,675.8281860351562,1036.318359375,721.5531005859375,1028.2157897949219,698.6906433105469,16.20513916015625,45.72491455078125
IMG_0029.mp4,6626,221.08775442108777,29.97,1330,2,traffic_signs,0.954343318939209,672.953369140625,330.9617919921875,834.6102905273438,491.7244567871094,753.7818298339844,411.34312438964844,161.65692138671875,160.76266479492188
IMG_0029.mp4,6626,221.08775442108777,29.97,1409,1,traffic_lights,0.6640635132789612,1428.4837646484375,671.63525390625,1478.0469970703125,731.7234497070312,1453.265380859375,701.6793518066406,49.563232421875,60.08819580078125
IMG_0029.mp4,6626,221.08775442108777,29.97,1325,1,traffic_lights,0.8026989102363586,1422.494873046875,673.7692260742188,1479.4320068359375,733.93310546875,1450.9634399414062,703.8511657714844,56.9371337890625,60.16387939453125
IMG_0029.mp4,6626,221.08775442108777,29.97,1413,0,auth_label,0.3511104881763458,3.878995656967163,360.3072509765625,127.59014129638672,819.1780395507812,65.73456847667694,589.7426452636719,123.71114563941956,458.87078857421875
IMG_0029.mp4,6626,221.08775442108777,29.97,1347,2,traffic_signs,0.7177948951721191,964.0265502929688,670.8861694335938,1012.42822265625,735.9338989257812,988.2273864746094,703.4100341796875,48.40167236328125,65.0477294921875
IMG_0029.mp4,6626,221.08775442108777,29.97,1326,1,traffic_lights,0.653713047504425,1139.213134765625,482.15740966796875,1164.807861328125,533.5902709960938,1152.010498046875,507.87384033203125,25.5947265625,51.432861328125
IMG_0029.mp4,6626,221.08775442108777,29.97,1314,2,traffic_signs,0.8484900593757629,1503.614501953125,659.1659545898438,1557.5006103515625,705.7649536132812,1530.5575561523438,682.4654541015625,53.8861083984375,46.5989990234375
IMG_0029.mp4,6627,221.12112112112112,29.97,1318,2,traffic_signs,0.9188200831413269,1426.0240478515625,639.0983276367188,1463.7255859375,679.7539672851562,1444.8748168945312,659.4261474609375,37.7015380859375,40.6556396484375
IMG_0029.mp4,6627,221.12112112112112,29.97,1344,1,traffic_lights,0.5263009071350098,1020.2999267578125,676.0018310546875,1036.36474609375,721.841796875,1028.3323364257812,698.9218139648438,16.0648193359375,45.8399658203125
IMG_0029.mp4,6627,221.12112112112112,29.97,1330,2,traffic_signs,0.9468822479248047,673.1237182617188,330.99481201171875,834.6948852539062,491.760986328125,753.9093017578125,411.3778991699219,161.5711669921875,160.76617431640625
IMG_0029.mp4,6627,221.12112112112112,29.97,1409,1,traffic_lights,0.6397756338119507,1428.853515625,671.7290649414062,1478.029296875,731.8350219726562,1453.44140625,701.7820434570312,49.17578125,60.10595703125
IMG_0029.mp4,6627,221.12112112112112,29.97,1325,1,traffic_lights,0.779701292514801,1422.796630859375,673.9658813476562,1479.54931640625,733.9947509765625,1451.1729736328125,703.9803161621094,56.752685546875,60.02886962890625
IMG_0029.mp4,6627,221.12112112112112,29.97,1413,0,auth_label,0.3214931786060333,3.9215307235717773,360.5027160644531,127.75163269042969,819.1504516601562,65.83658170700073,589.8265838623047,123.83010196685791,458.6477355957031
IMG_0029.mp4,6627,221.12112112112112,29.97,1347,2,traffic_signs,0.5272668600082397,964.6691284179688,670.7765502929688,1012.8132934570312,736.9710693359375,988.7412109375,703.8738098144531,48.1441650390625,66.19451904296875
IMG_0029.mp4,6627,221.12112112112112,29.97,1326,1,traffic_lights,0.6723251938819885,1139.300537109375,482.154052734375,1164.822509765625,533.564453125,1152.0615234375,507.8592529296875,25.52197265625,51.410400390625
IMG_0029.mp4,6627,221.12112112112112,29.97,1314,2,traffic_signs,0.8486188054084778,1503.6295166015625,659.1852416992188,1557.4761962890625,705.8701171875,1530.5528564453125,682.5276794433594,53.8466796875,46.68487548828125
IMG_0029.mp4,6628,221.1544878211545,29.97,1318,2,traffic_signs,0.9218292832374573,1425.9149169921875,639.052001953125,1463.4918212890625,680.3119506835938,1444.703369140625,659.6819763183594,37.576904296875,41.25994873046875
IMG_0029.mp4,6628,221.1544878211545,29.97,1344,1,traffic_lights,0.7817347645759583,1020.199951171875,675.920166015625,1036.28125,721.69189453125,1028.2406005859375,698.8060302734375,16.081298828125,45.771728515625
IMG_0029.mp4,6628,221.1544878211545,29.97,1330,2,traffic_signs,0.9520436525344849,672.88427734375,330.9757385253906,834.6381225585938,491.7489318847656,753.7611999511719,411.3623352050781,161.75384521484375,160.773193359375
IMG_0029.mp4,6628,221.1544878211545,29.97,1409,1,traffic_lights,0.666729748249054,1428.7493896484375,671.7257080078125,1478.080810546875,731.6602172851562,1453.4151000976562,701.6929626464844,49.3314208984375,59.93450927734375
IMG_0029.mp4,6628,221.1544878211545,29.97,1325,1,traffic_lights,0.7757788896560669,1422.6134033203125,673.7739868164062,1479.5238037109375,734.1246337890625,1451.068603515625,703.9493103027344,56.910400390625,60.35064697265625
IMG_0029.mp4,6628,221.1544878211545,29.97,1413,0,auth_label,0.352990061044693,3.94940185546875,359.6528625488281,127.09507751464844,819.474609375,65.5222396850586,589.5637359619141,123.14567565917969,459.8217468261719
IMG_0029.mp4,6628,221.1544878211545,29.97,1347,2,traffic_signs,0.5418878197669983,964.3450317382812,670.54150390625,1012.748046875,737.6746215820312,988.5465393066406,704.1080627441406,48.40301513671875,67.13311767578125
IMG_0029.mp4,6628,221.1544878211545,29.97,1326,1,traffic_lights,0.6280131936073303,1139.226806640625,482.1080322265625,1164.731201171875,533.5283813476562,1151.97900390625,507.8182067871094,25.50439453125,51.42034912109375
IMG_0029.mp4,6628,221.1544878211545,29.97,1314,2,traffic_signs,0.8528971076011658,1503.5245361328125,659.1920166015625,1557.1458740234375,705.7831420898438,1530.335205078125,682.4875793457031,53.621337890625,46.59112548828125
IMG_0029.mp4,6628,221.1544878211545,29.97,1451,1,traffic_lights,0.3105488717556,1139.369384765625,482.2845458984375,1165.49267578125,533.4003295898438,1152.4310302734375,507.8424377441406,26.123291015625,51.11578369140625
IMG_0029.mp4,6629,221.18785452118786,29.97,1318,2,traffic_signs,0.9234368205070496,1426.30615234375,639.1932373046875,1463.64111328125,679.193359375,1444.9736328125,659.1932983398438,37.3349609375,40.0001220703125
IMG_0029.mp4,6629,221.18785452118786,29.97,1344,1,traffic_lights,0.7590294480323792,1021.1097412109375,675.86865234375,1036.0020751953125,721.4950561523438,1028.555908203125,698.6818542480469,14.892333984375,45.62640380859375
IMG_0029.mp4,6629,221.18785452118786,29.97,1330,2,traffic_signs,0.936967670917511,673.1920776367188,331.0704650878906,834.9302978515625,491.79217529296875,754.0611877441406,411.4313201904297,161.73822021484375,160.72171020507812
IMG_0029.mp4,6629,221.18785452118786,29.97,1409,1,traffic_lights,0.7061069011688232,1429.4017333984375,671.058837890625,1477.8709716796875,731.9998168945312,1453.6363525390625,701.5293273925781,48.46923828125,60.94097900390625
IMG_0029.mp4,6629,221.18785452118786,29.97,1325,1,traffic_lights,0.7830536365509033,1423.9627685546875,673.436279296875,1479.680908203125,734.1682739257812,1451.8218383789062,703.8022766113281,55.7181396484375,60.73199462890625
IMG_0029.mp4,6629,221.18785452118786,29.97,1413,0,auth_label,0.3277505338191986,4.006048202514648,360.7895812988281,126.89239501953125,819.7523803710938,65.44922161102295,590.2709808349609,122.8863468170166,458.9627990722656
IMG_0029.mp4,6629,221.18785452118786,29.97,1347,2,traffic_signs,0.49928808212280273,964.5724487304688,670.292724609375,1013.365966796875,739.0979614257812,988.9692077636719,704.6953430175781,48.79351806640625,68.80523681640625
IMG_0029.mp4,6629,221.18785452118786,29.97,1314,2,traffic_signs,0.8506670594215393,1503.629638671875,659.1854248046875,1557.371826171875,705.8790283203125,1530.500732421875,682.5322265625,53.7421875,46.693603515625
IMG_0029.mp4,6630,221.22122122122124,29.97,1318,2,traffic_signs,0.9250510334968567,1426.479248046875,639.3017578125,1463.4237060546875,677.8187255859375,1444.9514770507812,658.5602416992188,36.9444580078125,38.5169677734375
IMG_0029.mp4,6630,221.22122122122124,29.97,1344,1,traffic_lights,0.7298942804336548,1020.3003540039062,675.7195434570312,1035.126220703125,719.9091796875,1027.7132873535156,697.8143615722656,14.82586669921875,44.18963623046875
IMG_0029.mp4,6630,221.22122122122124,29.97,1330,2,traffic_signs,0.9525589942932129,672.8738403320312,331.03857421875,834.7274169921875,491.7204284667969,753.8006286621094,411.37950134277344,161.85357666015625,160.68185424804688
IMG_0029.mp4,6630,221.22122122122124,29.97,1409,1,traffic_lights,0.700884997844696,1432.2098388671875,671.515625,1476.94189453125,729.9570922851562,1454.5758666992188,700.7363586425781,44.7320556640625,58.44146728515625
IMG_0029.mp4,6630,221.22122122122124,29.97,1325,1,traffic_lights,0.3760637640953064,1427.4141845703125,673.1904296875,1478.106201171875,732.1206665039062,1452.7601928710938,702.6555480957031,50.6920166015625,58.93023681640625
IMG_0029.mp4,6630,221.22122122122124,29.97,1413,0,auth_label,0.3171011209487915,3.789677381515503,361.33331298828125,126.75517272949219,819.9966430664062,65.27242505550385,590.6649780273438,122.96549534797668,458.663330078125
IMG_0029.mp4,6630,221.22122122122124,29.97,1347,2,traffic_signs,0.547926127910614,964.3094482421875,670.3838500976562,1013.6531982421875,740.1818237304688,988.9813232421875,705.2828369140625,49.34375,69.7979736328125
IMG_0029.mp4,6630,221.22122122122124,29.97,1314,2,traffic_signs,0.8080215454101562,1503.3907470703125,659.0650634765625,1557.271484375,705.744873046875,1530.3311157226562,682.4049682617188,53.8807373046875,46.6798095703125
IMG_0029.mp4,6630,221.22122122122124,29.97,1326,1,traffic_lights,0.9184147119522095,1139.1719970703125,482.0691833496094,1165.0447998046875,533.1592407226562,1152.1083984375,507.6142120361328,25.872802734375,51.090057373046875
IMG_0029.mp4,6631,221.2545879212546,29.97,1318,2,traffic_signs,0.9248479008674622,1426.6522216796875,639.4136962890625,1463.56884765625,677.3846435546875,1445.1105346679688,658.399169921875,36.9166259765625,37.970947265625
IMG_0029.mp4,6631,221.2545879212546,29.97,1344,1,traffic_lights,0.7368615865707397,1020.2044677734375,675.7659912109375,1034.839599609375,718.468505859375,1027.5220336914062,697.1172485351562,14.6351318359375,42.7025146484375
IMG_0029.mp4,6631,221.2545879212546,29.97,1330,2,traffic_signs,0.9450032711029053,672.9912719726562,331.0497131347656,834.7871704101562,491.74322509765625,753.8892211914062,411.39646911621094,161.7958984375,160.69351196289062
IMG_0029.mp4,6631,221.2545879212546,29.97,1409,1,traffic_lights,0.6769708395004272,1432.9376220703125,671.8980712890625,1476.1458740234375,729.3843994140625,1454.541748046875,700.6412353515625,43.208251953125,57.486328125
IMG_0029.mp4,6631,221.2545879212546,29.97,1325,1,traffic_lights,0.4027712941169739,1428.8939208984375,673.3207397460938,1477.0794677734375,731.4869384765625,1452.9866943359375,702.4038391113281,48.185546875,58.16619873046875
IMG_0029.mp4,6631,221.2545879212546,29.97,1413,0,auth_label,0.3170011639595032,3.791165351867676,360.8805236816406,127.34584045410156,820.0906372070312,65.56850290298462,590.4855804443359,123.55467510223389,459.2101135253906
IMG_0029.mp4,6631,221.2545879212546,29.97,1347,2,traffic_signs,0.5606677532196045,964.2578735351562,670.5341186523438,1013.7523803710938,739.7547607421875,989.005126953125,705.1444396972656,49.4945068359375,69.22064208984375
IMG_0029.mp4,6631,221.2545879212546,29.97,1314,2,traffic_signs,0.8079012036323547,1503.357666015625,659.121826171875,1557.411865234375,705.839599609375,1530.384765625,682.480712890625,54.05419921875,46.7177734375
IMG_0029.mp4,6631,221.2545879212546,29.97,1326,1,traffic_lights,0.9172822833061218,1139.232421875,482.0834655761719,1165.24462890625,533.2562866210938,1152.238525390625,507.6698760986328,26.01220703125,51.172821044921875
IMG_0029.mp4,6632,221.28795462128795,29.97,1318,2,traffic_signs,0.9258852005004883,1426.6041259765625,639.2357788085938,1463.4263916015625,677.1770629882812,1445.0152587890625,658.2064208984375,36.822265625,37.9412841796875
IMG_0029.mp4,6632,221.28795462128795,29.97,1344,1,traffic_lights,0.7519727349281311,1020.0679931640625,675.7059936523438,1034.83251953125,718.152587890625,1027.4502563476562,696.9292907714844,14.7645263671875,42.44659423828125
IMG_0029.mp4,6632,221.28795462128795,29.97,1330,2,traffic_signs,0.9556387066841125,672.72216796875,330.9679870605469,834.5136108398438,491.681396484375,753.6178894042969,411.32469177246094,161.79144287109375,160.71340942382812
IMG_0029.mp4,6632,221.28795462128795,29.97,1409,1,traffic_lights,0.6743305325508118,1433.1539306640625,671.8514404296875,1475.6552734375,728.974853515625,1454.4046020507812,700.4131469726562,42.5013427734375,57.1234130859375
IMG_0029.mp4,6632,221.28795462128795,29.97,1325,1,traffic_lights,0.7352599501609802,1429.1016845703125,673.15234375,1476.48193359375,731.14697265625,1452.7918090820312,702.149658203125,47.3802490234375,57.99462890625
IMG_0029.mp4,6632,221.28795462128795,29.97,1413,0,auth_label,0.36137786507606506,3.785888910293579,361.37579345703125,126.67692565917969,821.0194091796875,65.23140728473663,591.1976013183594,122.89103674888611,459.64361572265625
IMG_0029.mp4,6632,221.28795462128795,29.97,1347,2,traffic_signs,0.556869626045227,964.1209716796875,670.62841796875,1013.9295654296875,738.6259155273438,989.0252685546875,704.6271667480469,49.80859375,67.99749755859375
IMG_0029.mp4,6632,221.28795462128795,29.97,1314,2,traffic_signs,0.7615516781806946,1503.276123046875,659.0512084960938,1557.1187744140625,705.5823974609375,1530.1974487304688,682.3168029785156,53.8426513671875,46.53118896484375
IMG_0029.mp4,6632,221.28795462128795,29.97,1326,1,traffic_lights,0.9176622033119202,1139.1103515625,481.97503662109375,1165.146484375,533.1451416015625,1152.12841796875,507.5600891113281,26.0361328125,51.17010498046875
IMG_0029.mp4,6633,221.32132132132134,29.97,1318,2,traffic_signs,0.9244459867477417,1426.922119140625,639.2711181640625,1463.7218017578125,677.1972045898438,1445.3219604492188,658.2341613769531,36.7996826171875,37.92608642578125
IMG_0029.mp4,6633,221.32132132132134,29.97,1344,1,traffic_lights,0.7456216216087341,1020.0980224609375,675.6976928710938,1035.1673583984375,718.546630859375,1027.6326904296875,697.1221618652344,15.0693359375,42.84893798828125
IMG_0029.mp4,6633,221.32132132132134,29.97,1330,2,traffic_signs,0.9510595798492432,673.0054931640625,330.9947814941406,834.7523803710938,491.9015808105469,753.8789367675781,411.44818115234375,161.74688720703125,160.90679931640625
IMG_0029.mp4,6633,221.32132132132134,29.97,1413,0,auth_label,0.3444448411464691,4.052798748016357,361.62188720703125,127.07235717773438,821.0397338867188,65.56257796287537,591.330810546875,123.01955842971802,459.4178466796875
IMG_0029.mp4,6633,221.32132132132134,29.97,1347,2,traffic_signs,0.5720388889312744,964.0575561523438,670.6481323242188,1013.7178344726562,737.3660278320312,988.8876953125,704.007080078125,49.6602783203125,66.7178955078125
IMG_0029.mp4,6633,221.32132132132134,29.97,1314,2,traffic_signs,0.8342320919036865,1503.2864990234375,659.1011352539062,1557.5206298828125,705.7294311523438,1530.403564453125,682.415283203125,54.234130859375,46.6282958984375
IMG_0029.mp4,6633,221.32132132132134,29.97,1326,1,traffic_lights,0.9192251563072205,1139.302001953125,482.1036376953125,1165.39501953125,533.1358032226562,1152.3485107421875,507.6197204589844,26.093017578125,51.03216552734375
IMG_0029.mp4,6634,221.3546880213547,29.97,1318,2,traffic_signs,0.9233227372169495,1426.638916015625,639.197509765625,1463.472412109375,677.0972900390625,1445.0556640625,658.1473999023438,36.83349609375,37.8997802734375
IMG_0029.mp4,6634,221.3546880213547,29.97,1344,1,traffic_lights,0.7675928473472595,1019.7997436523438,675.6275024414062,1034.952880859375,717.9762573242188,1027.3763122558594,696.8018798828125,15.15313720703125,42.3487548828125
IMG_0029.mp4,6634,221.3546880213547,29.97,1330,2,traffic_signs,0.9562692642211914,672.919921875,330.98193359375,834.5009765625,491.86065673828125,753.71044921875,411.4212951660156,161.5810546875,160.87872314453125
IMG_0029.mp4,6634,221.3546880213547,29.97,1413,0,auth_label,0.37397336959838867,4.041786193847656,363.4724426269531,126.7707290649414,821.3038940429688,65.40625762939453,592.3881683349609,122.72894287109375,457.8314514160156
IMG_0029.mp4,6634,221.3546880213547,29.97,1347,2,traffic_signs,0.5578340291976929,963.8815307617188,670.544189453125,1013.3958740234375,736.805908203125,988.6387023925781,703.675048828125,49.51434326171875,66.26171875
IMG_0029.mp4,6634,221.3546880213547,29.97,1314,2,traffic_signs,0.5381513237953186,1503.285888671875,658.8563842773438,1557.4461669921875,705.5608520507812,1530.3660278320312,682.2086181640625,54.1602783203125,46.7044677734375
IMG_0029.mp4,6634,221.3546880213547,29.97,1326,1,traffic_lights,0.9190329909324646,1139.1546630859375,482.0201721191406,1165.0972900390625,533.0581665039062,1152.1259765625,507.53916931152344,25.942626953125,51.037994384765625
IMG_0029.mp4,6634,221.3546880213547,29.97,1325,1,traffic_lights,0.7747901678085327,1429.2093505859375,673.1876220703125,1476.2034912109375,731.04296875,1452.7064208984375,702.1152954101562,46.994140625,57.8553466796875
IMG_0029.mp4,6635,221.38805472138807,29.97,1318,2,traffic_signs,0.9233682751655579,1426.6768798828125,639.2636108398438,1463.5205078125,677.1871948242188,1445.0986938476562,658.2254028320312,36.8436279296875,37.923583984375
IMG_0029.mp4,6635,221.38805472138807,29.97,1344,1,traffic_lights,0.7503001689910889,1019.7499389648438,675.5864868164062,1034.9034423828125,717.9487915039062,1027.3266906738281,696.7676391601562,15.15350341796875,42.3623046875
IMG_0029.mp4,6635,221.38805472138807,29.97,1330,2,traffic_signs,0.9551938772201538,673.0076904296875,331.0253601074219,834.6145629882812,491.8538513183594,753.8111267089844,411.4396057128906,161.60687255859375,160.8284912109375
IMG_0029.mp4,6635,221.38805472138807,29.97,1413,0,auth_label,0.35193976759910583,4.12544059753418,363.3543395996094,126.44263458251953,821.0344848632812,65.28403759002686,592.1944122314453,122.31719398498535,457.6801452636719
IMG_0029.mp4,6635,221.38805472138807,29.97,1347,2,traffic_signs,0.5940808653831482,963.7597045898438,670.71240234375,1013.2061767578125,736.9158325195312,988.4829406738281,703.8141174316406,49.44647216796875,66.20343017578125
IMG_0029.mp4,6635,221.38805472138807,29.97,1314,2,traffic_signs,0.820322573184967,1503.24072265625,658.9464111328125,1557.437744140625,705.7553100585938,1530.3392333984375,682.3508605957031,54.197021484375,46.80889892578125
IMG_0029.mp4,6635,221.38805472138807,29.97,1326,1,traffic_lights,0.9183334708213806,1139.224609375,482.1245422363281,1165.12548828125,533.107421875,1152.175048828125,507.61598205566406,25.90087890625,50.982879638671875
IMG_0029.mp4,6635,221.38805472138807,29.97,1454,1,traffic_lights,0.6607944965362549,1433.0364990234375,671.8568725585938,1475.460693359375,729.0062255859375,1454.2485961914062,700.4315490722656,42.4241943359375,57.14935302734375
IMG_0029.mp4,6635,221.38805472138807,29.97,1325,1,traffic_lights,0.7809216976165771,1429.1436767578125,673.2437744140625,1476.224853515625,731.1752319335938,1452.6842651367188,702.2095031738281,47.0811767578125,57.93145751953125
IMG_0029.mp4,6636,221.42142142142143,29.97,1318,2,traffic_signs,0.9226039052009583,1426.477294921875,639.1453857421875,1463.339111328125,677.1492309570312,1444.908203125,658.1473083496094,36.86181640625,38.00384521484375
IMG_0029.mp4,6636,221.42142142142143,29.97,1344,1,traffic_lights,0.7473097443580627,1019.47802734375,675.5093383789062,1034.8431396484375,718.5680541992188,1027.1605834960938,697.0386962890625,15.3651123046875,43.0587158203125
IMG_0029.mp4,6636,221.42142142142143,29.97,1330,2,traffic_signs,0.9570271372795105,672.751708984375,331.0123596191406,834.4335327148438,491.8283996582031,753.5926208496094,411.4203796386719,161.68182373046875,160.8160400390625
IMG_0029.mp4,6636,221.42142142142143,29.97,1413,0,auth_label,0.39188969135284424,4.138668537139893,364.0884094238281,125.82005310058594,821.0280151367188,64.97936081886292,592.5582122802734,121.68138456344604,456.9396057128906
IMG_0029.mp4,6636,221.42142142142143,29.97,1314,2,traffic_signs,0.3557605743408203,1503.0848388671875,658.763427734375,1557.1727294921875,705.548583984375,1530.1287841796875,682.156005859375,54.087890625,46.78515625
IMG_0029.mp4,6636,221.42142142142143,29.97,1326,1,traffic_lights,0.9163001775741577,1139.02587890625,481.99114990234375,1164.8367919921875,533.01953125,1151.9313354492188,507.5053405761719,25.8109130859375,51.02838134765625
IMG_0029.mp4,6636,221.42142142142143,29.97,1454,1,traffic_lights,0.6569596529006958,1434.276123046875,671.8530883789062,1476.1241455078125,728.8328247070312,1455.2001342773438,700.3429565429688,41.8480224609375,56.979736328125
IMG_0029.mp4,6636,221.42142142142143,29.97,1325,1,traffic_lights,0.6679990887641907,1428.862548828125,673.0571899414062,1476.762451171875,731.2835083007812,1452.8125,702.1703491210938,47.89990234375,58.226318359375
IMG_0029.mp4,6637,221.45478812145478,29.97,1318,2,traffic_signs,0.9228301048278809,1426.75732421875,639.292724609375,1463.60205078125,677.2438354492188,1445.1796875,658.2682800292969,36.8447265625,37.95111083984375
IMG_0029.mp4,6637,221.45478812145478,29.97,1344,1,traffic_lights,0.7528436183929443,1019.733154296875,675.6167602539062,1035.039306640625,718.1410522460938,1027.38623046875,696.87890625,15.30615234375,42.5242919921875
IMG_0029.mp4,6637,221.45478812145478,29.97,1330,2,traffic_signs,0.9545425772666931,673.1072387695312,331.08935546875,834.73388671875,491.9141845703125,753.9205627441406,411.50177001953125,161.62664794921875,160.8248291015625
IMG_0029.mp4,6637,221.45478812145478,29.97,1413,0,auth_label,0.37302061915397644,4.3166069984436035,364.16522216796875,126.31790161132812,820.0869140625,65.31725430488586,592.1260681152344,122.00129461288452,455.92169189453125
IMG_0029.mp4,6637,221.45478812145478,29.97,1314,2,traffic_signs,0.8237969279289246,1503.2261962890625,658.965576171875,1557.6302490234375,705.7372436523438,1530.42822265625,682.3514099121094,54.404052734375,46.77166748046875
IMG_0029.mp4,6637,221.45478812145478,29.97,1326,1,traffic_lights,0.9180474281311035,1139.31787109375,482.1798400878906,1165.1461181640625,533.2347412109375,1152.2319946289062,507.70729064941406,25.8282470703125,51.054901123046875
IMG_0029.mp4,6637,221.45478812145478,29.97,1454,1,traffic_lights,0.6750892996788025,1433.6854248046875,671.420654296875,1476.05712890625,729.0651245117188,1454.8712768554688,700.2428894042969,42.3717041015625,57.64447021484375
IMG_0029.mp4,6637,221.45478812145478,29.97,1325,1,traffic_lights,0.5833985209465027,1429.1614990234375,673.0152587890625,1476.7977294921875,731.2918701171875,1452.9796142578125,702.153564453125,47.63623046875,58.276611328125
IMG_0029.mp4,6637,221.45478812145478,29.97,1347,2,traffic_signs,0.4977457821369171,963.9431762695312,670.9122924804688,1012.739990234375,737.2977294921875,988.3415832519531,704.1050109863281,48.79681396484375,66.38543701171875
IMG_0029.mp4,6638,221.48815482148817,29.97,1318,2,traffic_signs,0.9236327409744263,1426.5015869140625,639.1889038085938,1463.4349365234375,677.1294555664062,1444.96826171875,658.1591796875,36.933349609375,37.9405517578125
IMG_0029.mp4,6638,221.48815482148817,29.97,1344,1,traffic_lights,0.7518330812454224,1019.747802734375,675.642822265625,1034.9285888671875,717.9027099609375,1027.3381958007812,696.7727661132812,15.1807861328125,42.2598876953125
IMG_0029.mp4,6638,221.48815482148817,29.97,1330,2,traffic_signs,0.9556501507759094,673.0081176757812,331.03729248046875,834.5570068359375,491.8733825683594,753.7825622558594,411.45533752441406,161.54888916015625,160.83609008789062
IMG_0029.mp4,6638,221.48815482148817,29.97,1413,0,auth_label,0.4022590219974518,4.163772106170654,363.34735107421875,126.72032165527344,820.6134033203125,65.44204688072205,591.9803771972656,122.55654954910278,457.26605224609375
IMG_0029.mp4,6638,221.48815482148817,29.97,1314,2,traffic_signs,0.6570681929588318,1503.171630859375,658.8391723632812,1557.3890380859375,705.608642578125,1530.2803344726562,682.2239074707031,54.2174072265625,46.76947021484375
IMG_0029.mp4,6638,221.48815482148817,29.97,1326,1,traffic_lights,0.9197202920913696,1139.2135009765625,482.1159362792969,1165.130615234375,533.1245727539062,1152.1720581054688,507.62025451660156,25.9171142578125,51.008636474609375
IMG_0029.mp4,6638,221.48815482148817,29.97,1454,1,traffic_lights,0.657724142074585,1433.3856201171875,671.110595703125,1475.7432861328125,729.1144409179688,1454.564453125,700.1125183105469,42.357666015625,58.00384521484375
IMG_0029.mp4,6638,221.48815482148817,29.97,1325,1,traffic_lights,0.47846007347106934,1429.279296875,672.9141845703125,1476.4810791015625,731.18408203125,1452.8801879882812,702.0491333007812,47.2017822265625,58.2698974609375
IMG_0029.mp4,6638,221.48815482148817,29.97,1347,2,traffic_signs,0.5476060509681702,964.2025756835938,671.09423828125,1012.5195922851562,737.5354614257812,988.361083984375,704.3148498535156,48.3170166015625,66.44122314453125
IMG_0029.mp4,6639,221.52152152152152,29.97,1318,2,traffic_signs,0.9219222068786621,1426.7156982421875,639.2269287109375,1463.5853271484375,677.2513427734375,1445.1505126953125,658.2391357421875,36.86962890625,38.0244140625
IMG_0029.mp4,6639,221.52152152152152,29.97,1344,1,traffic_lights,0.7408390641212463,1019.9940185546875,675.7233276367188,1035.26171875,718.792724609375,1027.6278686523438,697.2580261230469,15.2677001953125,43.06939697265625
IMG_0029.mp4,6639,221.52152152152152,29.97,1330,2,traffic_signs,0.9543470144271851,673.2158813476562,331.0450439453125,834.7095336914062,491.9436340332031,753.9627075195312,411.4943389892578,161.49365234375,160.89859008789062
IMG_0029.mp4,6639,221.52152152152152,29.97,1413,0,auth_label,0.3974353075027466,4.2479143142700195,364.6874084472656,127.36405944824219,819.947021484375,65.8059868812561,592.3172149658203,123.11614513397217,455.2596130371094
IMG_0029.mp4,6639,221.52152152152152,29.97,1314,2,traffic_signs,0.7823203206062317,1503.1419677734375,658.936279296875,1557.655517578125,705.7381591796875,1530.3987426757812,682.3372192382812,54.5135498046875,46.8018798828125
IMG_0029.mp4,6639,221.52152152152152,29.97,1326,1,traffic_lights,0.9178770780563354,1139.278564453125,482.1783142089844,1165.279296875,533.1949462890625,1152.2789306640625,507.68663024902344,26.000732421875,51.016632080078125
IMG_0029.mp4,6639,221.52152152152152,29.97,1454,1,traffic_lights,0.6305480599403381,1434.203125,671.7415771484375,1476.2684326171875,729.1192016601562,1455.2357788085938,700.4303894042969,42.0653076171875,57.37762451171875
IMG_0029.mp4,6639,221.52152152152152,29.97,1347,2,traffic_signs,0.5822300910949707,964.586181640625,671.3546142578125,1012.4511108398438,737.4968872070312,988.5186462402344,704.4257507324219,47.86492919921875,66.14227294921875
IMG_0029.mp4,6640,221.5548882215549,29.97,1318,2,traffic_signs,0.92262864112854,1426.4912109375,639.105224609375,1463.40380859375,677.2083740234375,1444.947509765625,658.1567993164062,36.91259765625,38.1031494140625
IMG_0029.mp4,6640,221.5548882215549,29.97,1344,1,traffic_lights,0.7342861294746399,1019.8598022460938,675.7352905273438,1035.01220703125,718.7872314453125,1027.4360046386719,697.2612609863281,15.15240478515625,43.05194091796875
IMG_0029.mp4,6640,221.5548882215549,29.97,1330,2,traffic_signs,0.956547737121582,672.9323120117188,330.97576904296875,834.5380859375,491.9405517578125,753.7351989746094,411.4581604003906,161.60577392578125,160.96478271484375
IMG_0029.mp4,6640,221.5548882215549,29.97,1413,0,auth_label,0.368110716342926,4.252642631530762,365.3690490722656,127.31403350830078,819.7772216796875,65.78333806991577,592.5731353759766,123.06139087677002,454.4081726074219
IMG_0029.mp4,6640,221.5548882215549,29.97,1314,2,traffic_signs,0.5427473187446594,1503.0509033203125,658.8318481445312,1557.4276123046875,705.6137084960938,1530.2392578125,682.2227783203125,54.376708984375,46.7818603515625
IMG_0029.mp4,6640,221.5548882215549,29.97,1326,1,traffic_lights,0.9176632165908813,1139.1859130859375,482.09808349609375,1165.0810546875,533.293212890625,1152.1334838867188,507.6956481933594,25.8951416015625,51.19512939453125
IMG_0029.mp4,6640,221.5548882215549,29.97,1454,1,traffic_lights,0.6872705817222595,1433.261474609375,671.2640380859375,1475.9302978515625,729.1665649414062,1454.5958862304688,700.2153015136719,42.6688232421875,57.90252685546875
IMG_0029.mp4,6640,221.5548882215549,29.97,1347,2,traffic_signs,0.6074689626693726,965.1500244140625,671.4757690429688,1012.3409423828125,737.4260864257812,988.7454833984375,704.450927734375,47.19091796875,65.9503173828125
IMG_0029.mp4,6640,221.5548882215549,29.97,1325,1,traffic_lights,0.5285369753837585,1429.2562255859375,672.8863525390625,1476.7584228515625,731.2076416015625,1453.00732421875,702.0469970703125,47.502197265625,58.3212890625
IMG_0029.mp4,6641,221.58825492158826,29.97,1318,2,traffic_signs,0.9230088591575623,1426.625244140625,639.2072143554688,1463.5460205078125,677.2444458007812,1445.0856323242188,658.225830078125,36.9207763671875,38.0372314453125
IMG_0029.mp4,6641,221.58825492158826,29.97,1344,1,traffic_lights,0.7369747757911682,1019.92578125,675.80859375,1035.2703857421875,719.2442016601562,1027.5980834960938,697.5263977050781,15.3446044921875,43.43560791015625
IMG_0029.mp4,6641,221.58825492158826,29.97,1330,2,traffic_signs,0.9509324431419373,673.1736450195312,331.0179748535156,834.7953491210938,492.0997619628906,753.9844970703125,411.5588684082031,161.6217041015625,161.081787109375
IMG_0029.mp4,6641,221.58825492158826,29.97,1413,0,auth_label,0.39545902609825134,4.329404354095459,365.64837646484375,127.51311492919922,820.261962890625,65.92125964164734,592.9551696777344,123.18371057510376,454.61358642578125
IMG_0029.mp4,6641,221.58825492158826,29.97,1314,2,traffic_signs,0.6746569871902466,1503.279296875,659.0272827148438,1557.511962890625,705.7383422851562,1530.3956298828125,682.3828125,54.232666015625,46.7110595703125
IMG_0029.mp4,6641,221.58825492158826,29.97,1326,1,traffic_lights,0.91640305519104,1139.2799072265625,482.1485900878906,1165.2625732421875,533.41845703125,1152.271240234375,507.7835235595703,25.982666015625,51.269866943359375
IMG_0029.mp4,6641,221.58825492158826,29.97,1454,1,traffic_lights,0.6655041575431824,1433.396484375,671.3873291015625,1475.88525390625,729.1543579101562,1454.640869140625,700.2708435058594,42.48876953125,57.76702880859375
IMG_0029.mp4,6641,221.58825492158826,29.97,1347,2,traffic_signs,0.5904557108879089,965.5509643554688,671.5604248046875,1012.6319580078125,737.3856811523438,989.0914611816406,704.4730529785156,47.08099365234375,65.82525634765625
IMG_0029.mp4,6641,221.58825492158826,29.97,1325,1,traffic_lights,0.6185632944107056,1429.3052978515625,672.970458984375,1476.7667236328125,731.244384765625,1453.0360107421875,702.107421875,47.46142578125,58.27392578125
IMG_0029.mp4,6642,221.62162162162164,29.97,1318,2,traffic_signs,0.9232153296470642,1426.6187744140625,639.2220458984375,1463.4967041015625,677.2363891601562,1445.0577392578125,658.2292175292969,36.8779296875,38.01434326171875
IMG_0029.mp4,6642,221.62162162162164,29.97,1344,1,traffic_lights,0.732674777507782,1019.8741455078125,675.792236328125,1035.4093017578125,719.5325927734375,1027.6417236328125,697.6624145507812,15.53515625,43.7403564453125
IMG_0029.mp4,6642,221.62162162162164,29.97,1330,2,traffic_signs,0.9516777992248535,673.197998046875,331.0206298828125,834.7767333984375,492.143798828125,753.9873657226562,411.58221435546875,161.5787353515625,161.1231689453125
IMG_0029.mp4,6642,221.62162162162164,29.97,1413,0,auth_label,0.38869020342826843,4.390414237976074,365.747802734375,127.6644515991211,820.2931518554688,66.02743291854858,593.0204772949219,123.27403736114502,454.54534912109375
IMG_0029.mp4,6642,221.62162162162164,29.97,1314,2,traffic_signs,0.602446973323822,1503.2744140625,659.030029296875,1557.464111328125,705.731689453125,1530.3692626953125,682.380859375,54.189697265625,46.70166015625
IMG_0029.mp4,6642,221.62162162162164,29.97,1326,1,traffic_lights,0.9166103601455688,1139.2625732421875,482.21600341796875,1165.328369140625,533.3123779296875,1152.2954711914062,507.7641906738281,26.0657958984375,51.09637451171875
IMG_0029.mp4,6642,221.62162162162164,29.97,1454,1,traffic_lights,0.6891478896141052,1433.9512939453125,671.7387084960938,1476.3822021484375,729.051513671875,1455.166748046875,700.3951110839844,42.430908203125,57.31280517578125
IMG_0029.mp4,6642,221.62162162162164,29.97,1347,2,traffic_signs,0.5790168642997742,965.2896728515625,671.4524536132812,1012.8143310546875,737.4035034179688,989.052001953125,704.427978515625,47.524658203125,65.9510498046875
IMG_0029.mp4,6642,221.62162162162164,29.97,1325,1,traffic_lights,0.4221137762069702,1429.263916015625,673.1812744140625,1477.2333984375,731.3319702148438,1453.2486572265625,702.2566223144531,47.969482421875,58.15069580078125
IMG_0029.mp4,6643,221.654988321655,29.97,1318,2,traffic_signs,0.9226112961769104,1426.531494140625,639.2484130859375,1463.467041015625,677.2102661132812,1444.999267578125,658.2293395996094,36.935546875,37.96185302734375
IMG_0029.mp4,6643,221.654988321655,29.97,1344,1,traffic_lights,0.7342494130134583,1019.8601684570312,675.7321166992188,1035.4583740234375,719.6539306640625,1027.6592712402344,697.6930236816406,15.59820556640625,43.92181396484375
IMG_0029.mp4,6643,221.654988321655,29.97,1330,2,traffic_signs,0.9213382601737976,673.514892578125,331.1689453125,834.9735717773438,492.14532470703125,754.2442321777344,411.6571350097656,161.45867919921875,160.97637939453125
IMG_0029.mp4,6643,221.654988321655,29.97,1413,0,auth_label,0.3995722830295563,4.368661880493164,365.9366149902344,128.23741149902344,819.9345092773438,66.3030366897583,592.9355621337891,123.86874961853027,453.9978942871094
IMG_0029.mp4,6643,221.654988321655,29.97,1314,2,traffic_signs,0.6364096403121948,1503.287109375,659.0183715820312,1557.4482421875,705.7412719726562,1530.36767578125,682.3798217773438,54.1611328125,46.722900390625
IMG_0029.mp4,6643,221.654988321655,29.97,1326,1,traffic_lights,0.9135595560073853,1139.251953125,482.235107421875,1165.3702392578125,533.500244140625,1152.3110961914062,507.86767578125,26.1182861328125,51.26513671875
IMG_0029.mp4,6643,221.654988321655,29.97,1454,1,traffic_lights,0.6790639758110046,1433.444580078125,671.6206665039062,1475.87353515625,729.0597534179688,1454.6590576171875,700.3402099609375,42.428955078125,57.4390869140625
IMG_0029.mp4,6643,221.654988321655,29.97,1347,2,traffic_signs,0.6003881096839905,965.1591186523438,671.3554077148438,1012.8433227539062,737.45263671875,989.001220703125,704.4040222167969,47.6842041015625,66.09722900390625
IMG_0029.mp4,6643,221.654988321655,29.97,1325,1,traffic_lights,0.6872029304504395,1429.357177734375,673.1466674804688,1476.8023681640625,731.2517700195312,1453.0797729492188,702.19921875,47.4451904296875,58.1051025390625
IMG_0029.mp4,6644,221.68835502168835,29.97,1318,2,traffic_signs,0.9203896522521973,1426.4248046875,639.1402587890625,1463.4840087890625,677.096923828125,1444.9544067382812,658.1185913085938,37.0592041015625,37.9566650390625
IMG_0029.mp4,6644,221.68835502168835,29.97,1344,1,traffic_lights,0.7327433228492737,1019.84619140625,675.7221069335938,1035.4346923828125,719.5545043945312,1027.6404418945312,697.6383056640625,15.5885009765625,43.8323974609375
IMG_0029.mp4,6644,221.68835502168835,29.97,1330,2,traffic_signs,0.9421820640563965,673.400390625,331.1410217285156,834.908935546875,492.076904296875,754.1546630859375,411.6089630126953,161.508544921875,160.93588256835938
IMG_0029.mp4,6644,221.68835502168835,29.97,1413,0,auth_label,0.3756050169467926,4.108243465423584,365.7918701171875,128.3526153564453,820.2345581054688,66.23042941093445,593.0132141113281,124.24437189102173,454.44268798828125
IMG_0029.mp4,6644,221.68835502168835,29.97,1314,2,traffic_signs,0.5359326601028442,1503.3955078125,659.09228515625,1557.408203125,705.6223754882812,1530.40185546875,682.3573303222656,54.0126953125,46.53009033203125
IMG_0029.mp4,6644,221.68835502168835,29.97,1326,1,traffic_lights,0.9134389758110046,1139.2271728515625,482.16021728515625,1165.33203125,533.4749755859375,1152.2796020507812,507.8175964355469,26.1048583984375,51.31475830078125
IMG_0029.mp4,6644,221.68835502168835,29.97,1454,1,traffic_lights,0.7470691204071045,1432.6422119140625,669.6603393554688,1474.6488037109375,729.8238525390625,1453.6455078125,699.7420959472656,42.006591796875,60.16351318359375
IMG_0029.mp4,6644,221.68835502168835,29.97,1347,2,traffic_signs,0.6123436093330383,964.9627075195312,671.2950439453125,1012.867431640625,737.43701171875,988.9150695800781,704.3660278320312,47.90472412109375,66.1419677734375
IMG_0029.mp4,6644,221.68835502168835,29.97,1325,1,traffic_lights,0.32405394315719604,1429.5145263671875,672.0308837890625,1475.411865234375,731.2340087890625,1452.4631958007812,701.6324462890625,45.8973388671875,59.203125
IMG_0029.mp4,6645,221.72172172172174,29.97,1318,2,traffic_signs,0.9199440479278564,1426.453369140625,639.0961303710938,1463.5567626953125,677.1072387695312,1445.0050659179688,658.1016845703125,37.1033935546875,38.0111083984375
IMG_0029.mp4,6645,221.72172172172174,29.97,1344,1,traffic_lights,0.7369886040687561,1019.8704223632812,675.7233276367188,1035.543212890625,719.8238525390625,1027.7068176269531,697.7735900878906,15.67279052734375,44.10052490234375
IMG_0029.mp4,6645,221.72172172172174,29.97,1330,2,traffic_signs,0.9235536456108093,673.4086303710938,331.0976257324219,834.9835815429688,491.97259521484375,754.1961059570312,411.5351104736328,161.574951171875,160.87496948242188
IMG_0029.mp4,6645,221.72172172172174,29.97,1413,0,auth_label,0.3521762192249298,3.9321165084838867,365.20184326171875,128.9238739013672,819.8428955078125,66.42799520492554,592.5223693847656,124.9917573928833,454.64105224609375
IMG_0029.mp4,6645,221.72172172172174,29.97,1314,2,traffic_signs,0.6061362624168396,1503.46044921875,659.0858154296875,1557.4107666015625,705.6259765625,1530.4356079101562,682.3558959960938,53.9503173828125,46.5401611328125
IMG_0029.mp4,6645,221.72172172172174,29.97,1326,1,traffic_lights,0.9145974516868591,1139.2425537109375,482.1800231933594,1165.3966064453125,533.3400268554688,1152.319580078125,507.76002502441406,26.154052734375,51.160003662109375
IMG_0029.mp4,6645,221.72172172172174,29.97,1454,1,traffic_lights,0.7565029263496399,1432.546142578125,668.9127807617188,1474.5213623046875,730.1973876953125,1453.5337524414062,699.5550842285156,41.9752197265625,61.28460693359375
IMG_0029.mp4,6645,221.72172172172174,29.97,1347,2,traffic_signs,0.6212965846061707,964.9213256835938,671.3497314453125,1012.8707275390625,737.43505859375,988.8960266113281,704.3923950195312,47.94940185546875,66.0853271484375
IMG_0029.mp4,6645,221.72172172172174,29.97,1325,1,traffic_lights,0.40331459045410156,1429.6597900390625,671.6581420898438,1475.4825439453125,731.3082885742188,1452.5711669921875,701.4832153320312,45.82275390625,59.650146484375
IMG_0029.mp4,6646,221.7550884217551,29.97,1318,2,traffic_signs,0.9203749299049377,1426.50537109375,639.0897216796875,1463.572998046875,677.11328125,1445.0391845703125,658.1015014648438,37.067626953125,38.0235595703125
IMG_0029.mp4,6646,221.7550884217551,29.97,1344,1,traffic_lights,0.7354965806007385,1019.8244018554688,675.6781005859375,1035.363037109375,719.4934692382812,1027.5937194824219,697.5857849121094,15.53863525390625,43.81536865234375
IMG_0029.mp4,6646,221.7550884217551,29.97,1330,2,traffic_signs,0.9231923222541809,673.3993530273438,331.0945129394531,835.1165771484375,491.8927001953125,754.2579650878906,411.4936065673828,161.71722412109375,160.79818725585938
IMG_0029.mp4,6646,221.7550884217551,29.97,1413,0,auth_label,0.34827500581741333,3.9052488803863525,365.2552185058594,128.97189331054688,819.5771484375,66.43857109546661,592.4161834716797,125.06664443016052,454.3219299316406
IMG_0029.mp4,6646,221.7550884217551,29.97,1314,2,traffic_signs,0.547549843788147,1503.5296630859375,659.0529174804688,1557.4234619140625,705.6173706054688,1530.4765625,682.3351440429688,53.893798828125,46.564453125
IMG_0029.mp4,6646,221.7550884217551,29.97,1326,1,traffic_lights,0.9149183034896851,1139.214599609375,482.1668701171875,1165.3468017578125,533.3226928710938,1152.2807006835938,507.7447814941406,26.1322021484375,51.15582275390625
IMG_0029.mp4,6646,221.7550884217551,29.97,1347,2,traffic_signs,0.6082627773284912,964.7914428710938,671.2966918945312,1012.8295288085938,737.4330444335938,988.8104858398438,704.3648681640625,48.0380859375,66.1363525390625
IMG_0029.mp4,6647,221.78845512178847,29.97,1318,2,traffic_signs,0.9199443459510803,1426.584716796875,639.1058959960938,1463.564208984375,677.138427734375,1445.074462890625,658.1221618652344,36.9794921875,38.03253173828125
IMG_0029.mp4,6647,221.78845512178847,29.97,1344,1,traffic_lights,0.7307412028312683,1019.7689208984375,675.6437377929688,1035.30029296875,719.3781127929688,1027.5346069335938,697.5109252929688,15.5313720703125,43.734375
IMG_0029.mp4,6647,221.78845512178847,29.97,1330,2,traffic_signs,0.9044252038002014,673.4678955078125,331.10430908203125,835.193115234375,491.90240478515625,754.3305053710938,411.50335693359375,161.7252197265625,160.798095703125
IMG_0029.mp4,6647,221.78845512178847,29.97,1413,0,auth_label,0.35983479022979736,3.910616159439087,365.26214599609375,128.92445373535156,819.3927001953125,66.41753494739532,592.3274230957031,125.01383757591248,454.13055419921875
IMG_0029.mp4,6647,221.78845512178847,29.97,1314,2,traffic_signs,0.4803570508956909,1503.5164794921875,659.0164794921875,1557.4080810546875,705.6271362304688,1530.4622802734375,682.3218078613281,53.8916015625,46.61065673828125
IMG_0029.mp4,6647,221.78845512178847,29.97,1326,1,traffic_lights,0.9143288731575012,1139.218994140625,482.1457824707031,1165.32763671875,533.3427124023438,1152.2733154296875,507.74424743652344,26.108642578125,51.196929931640625
IMG_0029.mp4,6647,221.78845512178847,29.97,1347,2,traffic_signs,0.6089524626731873,964.7639770507812,671.2183227539062,1012.923095703125,737.4323120117188,988.8435363769531,704.3253173828125,48.15911865234375,66.2139892578125
IMG_0029.mp4,6647,221.78845512178847,29.97,1325,1,traffic_lights,0.7461501955986023,1432.2069091796875,669.25439453125,1474.99853515625,730.4054565429688,1453.6027221679688,699.8299255371094,42.7916259765625,61.15106201171875
IMG_0029.mp4,6648,221.82182182182183,29.97,1318,2,traffic_signs,0.9203063249588013,1426.5599365234375,639.1216430664062,1463.542724609375,677.1137084960938,1445.0513305664062,658.11767578125,36.9827880859375,37.9920654296875
IMG_0029.mp4,6648,221.82182182182183,29.97,1344,1,traffic_lights,0.7246752977371216,1019.7923583984375,675.6851196289062,1035.25927734375,719.4150390625,1027.5258178710938,697.5500793457031,15.4669189453125,43.72991943359375
IMG_0029.mp4,6648,221.82182182182183,29.97,1330,2,traffic_signs,0.9375893473625183,673.4683837890625,331.10174560546875,835.2210693359375,491.8484191894531,754.3447265625,411.47508239746094,161.752685546875,160.74667358398438
IMG_0029.mp4,6648,221.82182182182183,29.97,1413,0,auth_label,0.3716338872909546,3.8570759296417236,365.29949951171875,128.36590576171875,819.2614135742188,66.11149084568024,592.2804565429688,124.50882983207703,453.9619140625
IMG_0029.mp4,6648,221.82182182182183,29.97,1314,2,traffic_signs,0.5059871077537537,1503.5953369140625,659.02734375,1557.388671875,705.6516723632812,1530.4920043945312,682.3395080566406,53.7933349609375,46.62432861328125
IMG_0029.mp4,6648,221.82182182182183,29.97,1326,1,traffic_lights,0.9138429760932922,1139.2562255859375,482.1591796875,1165.3310546875,533.2190551757812,1152.2936401367188,507.6891174316406,26.0748291015625,51.05987548828125
IMG_0029.mp4,6648,221.82182182182183,29.97,1347,2,traffic_signs,0.6122381091117859,964.8740844726562,671.3160400390625,1012.9672241210938,737.3365478515625,988.920654296875,704.3262939453125,48.0931396484375,66.0205078125
IMG_0029.mp4,6648,221.82182182182183,29.97,1325,1,traffic_lights,0.7310711741447449,1432.5811767578125,668.6065063476562,1474.91796875,730.3543090820312,1453.7495727539062,699.4804077148438,42.3367919921875,61.747802734375
IMG_0029.mp4,6649,221.85518852185518,29.97,1318,2,traffic_signs,0.9215181469917297,1426.5211181640625,639.0903930664062,1463.564208984375,677.0552368164062,1445.0426635742188,658.0728149414062,37.0430908203125,37.96484375
IMG_0029.mp4,6649,221.85518852185518,29.97,1344,1,traffic_lights,0.7328999638557434,1019.7285766601562,675.6831665039062,1035.178466796875,719.1818237304688,1027.4535217285156,697.4324951171875,15.44989013671875,43.4986572265625
IMG_0029.mp4,6649,221.85518852185518,29.97,1330,2,traffic_signs,0.9468880295753479,673.3243408203125,330.9856262207031,834.9396362304688,491.9045715332031,754.1319885253906,411.4450988769531,161.61529541015625,160.9189453125
IMG_0029.mp4,6649,221.85518852185518,29.97,1413,0,auth_label,0.3930232524871826,3.901545763015747,365.3437194824219,127.4966049194336,819.5882568359375,65.69907534122467,592.4659881591797,123.59505915641785,454.2445373535156
IMG_0029.mp4,6649,221.85518852185518,29.97,1314,2,traffic_signs,0.7070847749710083,1503.557861328125,658.9647827148438,1557.4251708984375,705.6521606445312,1530.4915161132812,682.3084716796875,53.8673095703125,46.6873779296875
IMG_0029.mp4,6649,221.85518852185518,29.97,1326,1,traffic_lights,0.9143312573432922,1139.2337646484375,482.09307861328125,1165.2369384765625,533.2798461914062,1152.2353515625,507.68646240234375,26.003173828125,51.186767578125
IMG_0029.mp4,6649,221.85518852185518,29.97,1347,2,traffic_signs,0.6057332158088684,964.716064453125,671.1929321289062,1012.732421875,737.2791748046875,988.7242431640625,704.2360534667969,48.016357421875,66.08624267578125
IMG_0029.mp4,6649,221.85518852185518,29.97,1325,1,traffic_lights,0.7338074445724487,1432.9547119140625,668.6201171875,1474.5682373046875,730.1365356445312,1453.761474609375,699.3783264160156,41.613525390625,61.51641845703125
IMG_0029.mp4,6650,221.88855522188857,29.97,1318,2,traffic_signs,0.9205322861671448,1426.5457763671875,639.1375122070312,1463.4630126953125,677.1034545898438,1445.00439453125,658.1204833984375,36.917236328125,37.9659423828125
IMG_0029.mp4,6650,221.88855522188857,29.97,1344,1,traffic_lights,0.7314529418945312,1019.8135375976562,675.7202758789062,1035.2027587890625,719.0962524414062,1027.5081481933594,697.4082641601562,15.38922119140625,43.3759765625
IMG_0029.mp4,6650,221.88855522188857,29.97,1330,2,traffic_signs,0.9291653633117676,673.4437255859375,331.0885925292969,835.1095581054688,491.9756774902344,754.2766418457031,411.5321350097656,161.66583251953125,160.8870849609375
IMG_0029.mp4,6650,221.88855522188857,29.97,1413,0,auth_label,0.37176641821861267,4.28938102722168,365.98419189453125,127.74446105957031,819.767333984375,66.016921043396,592.8757629394531,123.45508003234863,453.78314208984375
IMG_0029.mp4,6650,221.88855522188857,29.97,1314,2,traffic_signs,0.43906843662261963,1503.44873046875,658.9553833007812,1557.36181640625,705.63525390625,1530.4052734375,682.2953186035156,53.9130859375,46.67987060546875
IMG_0029.mp4,6650,221.88855522188857,29.97,1326,1,traffic_lights,0.9139961004257202,1139.23876953125,482.199951171875,1165.2249755859375,533.3013305664062,1152.2318725585938,507.7506408691406,25.9862060546875,51.10137939453125
IMG_0029.mp4,6650,221.88855522188857,29.97,1347,2,traffic_signs,0.6035234928131104,964.799560546875,671.1708374023438,1012.6895141601562,737.2034912109375,988.7445373535156,704.1871643066406,47.88995361328125,66.03265380859375
IMG_0029.mp4,6650,221.88855522188857,29.97,1325,1,traffic_lights,0.7431789040565491,1433.027099609375,668.5659790039062,1474.4151611328125,730.1182861328125,1453.7211303710938,699.3421325683594,41.3880615234375,61.55230712890625
IMG_0029.mp4,6651,221.92192192192192,29.97,1318,2,traffic_signs,0.9203717708587646,1426.487548828125,639.1189575195312,1463.3365478515625,677.0645141601562,1444.9120483398438,658.0917358398438,36.8489990234375,37.945556640625
IMG_0029.mp4,6651,221.92192192192192,29.97,1344,1,traffic_lights,0.7246623635292053,1019.7868041992188,675.6678466796875,1035.17529296875,719.3858032226562,1027.4810485839844,697.5268249511719,15.38848876953125,43.71795654296875
IMG_0029.mp4,6651,221.92192192192192,29.97,1330,2,traffic_signs,0.9381090998649597,673.4193725585938,331.0975036621094,834.9074096679688,491.9369201660156,754.1633911132812,411.5172119140625,161.488037109375,160.83941650390625
IMG_0029.mp4,6651,221.92192192192192,29.97,1413,0,auth_label,0.3755126893520355,4.151133060455322,365.5452575683594,127.58891296386719,819.6353759765625,65.87002301216125,592.5903167724609,123.43777990341187,454.0901184082031
IMG_0029.mp4,6651,221.92192192192192,29.97,1326,1,traffic_lights,0.913730800151825,1139.2327880859375,482.1474914550781,1165.2408447265625,533.1837158203125,1152.23681640625,507.6656036376953,26.008056640625,51.036224365234375
IMG_0029.mp4,6651,221.92192192192192,29.97,1347,2,traffic_signs,0.5918835997581482,964.771728515625,671.0496826171875,1012.6382446289062,737.0798950195312,988.7049865722656,704.0647888183594,47.86651611328125,66.03021240234375
IMG_0029.mp4,6651,221.92192192192192,29.97,1325,1,traffic_lights,0.7306199669837952,1432.9051513671875,668.4100341796875,1474.05126953125,730.1533813476562,1453.4782104492188,699.2817077636719,41.1461181640625,61.74334716796875
IMG_0029.mp4,6652,221.9552886219553,29.97,1318,2,traffic_signs,0.9214980602264404,1426.62255859375,639.1436767578125,1463.4569091796875,677.09033203125,1445.0397338867188,658.1170043945312,36.8343505859375,37.9466552734375
IMG_0029.mp4,6652,221.9552886219553,29.97,1344,1,traffic_lights,0.7191816568374634,1019.9121704101562,675.6951293945312,1035.0045166015625,718.6755981445312,1027.4583435058594,697.1853637695312,15.09234619140625,42.98046875
IMG_0029.mp4,6652,221.9552886219553,29.97,1330,2,traffic_signs,0.8954395055770874,673.5377807617188,331.1192932128906,835.1016235351562,492.03265380859375,754.3197021484375,411.5759735107422,161.5638427734375,160.91336059570312
IMG_0029.mp4,6652,221.9552886219553,29.97,1413,0,auth_label,0.42389512062072754,4.3176469802856445,366.0870361328125,127.5873794555664,820.3536987304688,65.95251321792603,593.2203674316406,123.26973247528076,454.26666259765625
IMG_0029.mp4,6652,221.9552886219553,29.97,1326,1,traffic_lights,0.9132211804389954,1139.338134765625,482.18212890625,1165.3262939453125,533.3372802734375,1152.3322143554688,507.75970458984375,25.9881591796875,51.1551513671875
IMG_0029.mp4,6652,221.9552886219553,29.97,1347,2,traffic_signs,0.5869256854057312,964.8277587890625,670.9795532226562,1012.6334838867188,737.09326171875,988.7306213378906,704.0364074707031,47.80572509765625,66.11370849609375
IMG_0029.mp4,6652,221.9552886219553,29.97,1325,1,traffic_lights,0.7390323281288147,1433.093505859375,668.5418701171875,1474.095947265625,730.1600952148438,1453.5947265625,699.3509826660156,41.00244140625,61.61822509765625
IMG_0029.mp4,6652,221.9552886219553,29.97,1456,1,traffic_lights,0.3314606249332428,1430.3262939453125,671.5818481445312,1474.8382568359375,731.2698974609375,1452.582275390625,701.4258728027344,44.511962890625,59.68804931640625
IMG_0029.mp4,6652,221.9552886219553,29.97,1314,2,traffic_signs,0.7128008604049683,1503.3582763671875,658.90283203125,1557.6522216796875,705.7034912109375,1530.5052490234375,682.3031616210938,54.2939453125,46.8006591796875
IMG_0029.mp4,6653,221.98865532198866,29.97,1318,2,traffic_signs,0.9201459288597107,1426.328857421875,639.0206909179688,1463.2557373046875,677.0447998046875,1444.7922973632812,658.0327453613281,36.9268798828125,38.02410888671875
IMG_0029.mp4,6653,221.98865532198866,29.97,1344,1,traffic_lights,0.7206881642341614,1019.7481079101562,675.5703125,1034.80078125,718.5118408203125,1027.2744445800781,697.0410766601562,15.05267333984375,42.9415283203125
IMG_0029.mp4,6653,221.98865532198866,29.97,1330,2,traffic_signs,0.9501904249191284,673.2108764648438,331.0271301269531,834.7486572265625,491.9001159667969,753.9797668457031,411.463623046875,161.53778076171875,160.87298583984375
IMG_0029.mp4,6653,221.98865532198866,29.97,1413,0,auth_label,0.44340813159942627,4.194836616516113,366.33624267578125,126.83912658691406,820.8433227539062,65.51698160171509,593.5897827148438,122.64428997039795,454.507080078125
IMG_0029.mp4,6653,221.98865532198866,29.97,1326,1,traffic_lights,0.9131816625595093,1139.13623046875,482.0240173339844,1165.10986328125,533.1995239257812,1152.123046875,507.6117706298828,25.9736328125,51.175506591796875
IMG_0029.mp4,6653,221.98865532198866,29.97,1347,2,traffic_signs,0.6282109618186951,964.7594604492188,670.952392578125,1012.3692626953125,737.0264282226562,988.5643615722656,703.9894104003906,47.60980224609375,66.07403564453125
IMG_0029.mp4,6653,221.98865532198866,29.97,1325,1,traffic_lights,0.7406113743782043,1432.705322265625,668.306884765625,1474.08203125,730.0729370117188,1453.3936767578125,699.1899108886719,41.376708984375,61.76605224609375
IMG_0029.mp4,6653,221.98865532198866,29.97,1456,1,traffic_lights,0.5164763331413269,1430.070068359375,671.44189453125,1474.87548828125,731.220703125,1452.4727783203125,701.331298828125,44.805419921875,59.77880859375
IMG_0029.mp4,6654,222.02202202202204,29.97,1318,2,traffic_signs,0.9198973178863525,1426.437255859375,639.1695556640625,1463.3109130859375,677.2291870117188,1444.8740844726562,658.1993713378906,36.8736572265625,38.05963134765625
IMG_0029.mp4,6654,222.02202202202204,29.97,1344,1,traffic_lights,0.7104953527450562,1019.8478393554688,675.7371215820312,1034.998291015625,719.03125,1027.4230651855469,697.3841857910156,15.15045166015625,43.29412841796875
IMG_0029.mp4,6654,222.02202202202204,29.97,1330,2,traffic_signs,0.9493193030357361,673.2752685546875,331.0888671875,834.7518920898438,491.9891662597656,754.0135803222656,411.5390167236328,161.47662353515625,160.90029907226562
IMG_0029.mp4,6654,222.02202202202204,29.97,1413,0,auth_label,0.42840471863746643,4.2389397621154785,366.79254150390625,126.9837417602539,820.956787109375,65.61134076118469,593.8746643066406,122.74480199813843,454.16424560546875
IMG_0029.mp4,6654,222.02202202202204,29.97,1326,1,traffic_lights,0.911771297454834,1139.1746826171875,482.1408996582031,1165.2506103515625,533.220458984375,1152.212646484375,507.68067932128906,26.075927734375,51.079559326171875
IMG_0029.mp4,6654,222.02202202202204,29.97,1347,2,traffic_signs,0.6235167980194092,964.7852172851562,671.0787353515625,1012.4415283203125,737.0609741210938,988.6133728027344,704.0698547363281,47.65631103515625,65.98223876953125
IMG_0029.mp4,6654,222.02202202202204,29.97,1325,1,traffic_lights,0.741256833076477,1432.414306640625,668.4479370117188,1474.3238525390625,730.3397827148438,1453.3690795898438,699.3938598632812,41.9095458984375,61.891845703125
IMG_0029.mp4,6654,222.02202202202204,29.97,1456,1,traffic_lights,0.81203293800354,1429.6805419921875,671.5069580078125,1475.2113037109375,731.5277709960938,1452.4459228515625,701.5173645019531,45.53076171875,60.02081298828125
IMG_0029.mp4,6654,222.02202202202204,29.97,1314,2,traffic_signs,0.27228808403015137,1503.3172607421875,658.8358764648438,1557.3814697265625,705.681396484375,1530.349365234375,682.2586364746094,54.064208984375,46.84552001953125
IMG_0029.mp4,6655,222.0553887220554,29.97,1318,2,traffic_signs,0.9209982752799988,1426.78125,639.1104736328125,1463.5283203125,677.1971435546875,1445.15478515625,658.15380859375,36.7470703125,38.086669921875
IMG_0029.mp4,6655,222.0553887220554,29.97,1344,1,traffic_lights,0.7223438620567322,1019.6709594726562,675.751708984375,1034.84130859375,718.9265747070312,1027.2561340332031,697.3391418457031,15.17034912109375,43.17486572265625
IMG_0029.mp4,6655,222.0553887220554,29.97,1330,2,traffic_signs,0.9568211436271667,672.8377075195312,330.9574890136719,834.297119140625,491.87109375,753.5674133300781,411.41429138183594,161.45941162109375,160.91360473632812
IMG_0029.mp4,6655,222.0553887220554,29.97,1413,0,auth_label,0.43155285716056824,3.739328145980835,365.8626403808594,125.60867309570312,821.294189453125,64.67400062084198,593.5784149169922,121.86934494972229,455.4315490722656
IMG_0029.mp4,6655,222.0553887220554,29.97,1326,1,traffic_lights,0.9133509397506714,1139.1256103515625,482.00616455078125,1165.109375,533.1410522460938,1152.1174926757812,507.5736083984375,25.9837646484375,51.1348876953125
IMG_0029.mp4,6655,222.0553887220554,29.97,1347,2,traffic_signs,0.6126173138618469,964.4146728515625,670.9724731445312,1012.5221557617188,737.15771484375,988.4684143066406,704.0650939941406,48.10748291015625,66.18524169921875
IMG_0029.mp4,6655,222.0553887220554,29.97,1325,1,traffic_lights,0.7424919605255127,1432.701416015625,668.374267578125,1474.6387939453125,730.1399536132812,1453.6701049804688,699.2571105957031,41.9373779296875,61.76568603515625
IMG_0029.mp4,6655,222.0553887220554,29.97,1314,2,traffic_signs,0.5647681355476379,1503.47021484375,658.7422485351562,1557.730712890625,705.7472534179688,1530.6004638671875,682.2447509765625,54.260498046875,47.0050048828125
IMG_0029.mp4,6656,222.08875542208875,29.97,1318,2,traffic_signs,0.9223304986953735,1427.024169921875,639.2019653320312,1463.6322021484375,677.2936401367188,1445.3281860351562,658.247802734375,36.6080322265625,38.0916748046875
IMG_0029.mp4,6656,222.08875542208875,29.97,1344,1,traffic_lights,0.7140979766845703,1019.9078979492188,675.8330078125,1035.187255859375,718.826416015625,1027.5475769042969,697.3297119140625,15.27935791015625,42.993408203125
IMG_0029.mp4,6656,222.08875542208875,29.97,1330,2,traffic_signs,0.9541398882865906,673.0922241210938,331.0224304199219,834.60986328125,491.9228820800781,753.8510437011719,411.47265625,161.51763916015625,160.90045166015625
IMG_0029.mp4,6656,222.08875542208875,29.97,1413,0,auth_label,0.3995123505592346,4.123089790344238,365.3442077636719,126.08732604980469,821.3690795898438,65.10520792007446,593.3566436767578,121.96423625946045,456.0248718261719
IMG_0029.mp4,6656,222.08875542208875,29.97,1326,1,traffic_lights,0.9099485278129578,1139.3917236328125,482.1429748535156,1165.2899169921875,533.3055419921875,1152.3408203125,507.72425842285156,25.898193359375,51.162567138671875
IMG_0029.mp4,6656,222.08875542208875,29.97,1347,2,traffic_signs,0.5891211628913879,964.66552734375,671.0121459960938,1012.982177734375,737.2528076171875,988.8238525390625,704.1324768066406,48.316650390625,66.24066162109375
IMG_0029.mp4,6656,222.08875542208875,29.97,1325,1,traffic_lights,0.7246379852294922,1433.0216064453125,668.6328125,1474.3414306640625,730.1425170898438,1453.6815185546875,699.3876647949219,41.31982421875,61.50970458984375
IMG_0029.mp4,6656,222.08875542208875,29.97,1314,2,traffic_signs,0.8381604552268982,1503.4735107421875,658.8733520507812,1557.9691162109375,705.9307861328125,1530.7213134765625,682.4020690917969,54.49560546875,47.05743408203125
IMG_0029.mp4,6657,222.12212212212214,29.97,1318,2,traffic_signs,0.9217125177383423,1426.768798828125,639.0939331054688,1463.49609375,677.1892700195312,1445.1324462890625,658.1416015625,36.727294921875,38.0953369140625
IMG_0029.mp4,6657,222.12212212212214,29.97,1344,1,traffic_lights,0.7113719582557678,1019.7052001953125,675.8079833984375,1034.960693359375,719.0515747070312,1027.3329467773438,697.4297790527344,15.2554931640625,43.24359130859375
IMG_0029.mp4,6657,222.12212212212214,29.97,1330,2,traffic_signs,0.9570677876472473,672.846435546875,330.99810791015625,834.2550659179688,491.8309020996094,753.5507507324219,411.4145050048828,161.40863037109375,160.83279418945312
IMG_0029.mp4,6657,222.12212212212214,29.97,1413,0,auth_label,0.3678504526615143,3.9193670749664307,364.1584777832031,126.46104431152344,820.7992553710938,65.19020569324493,592.4788665771484,122.541677236557,456.6407775878906
IMG_0029.mp4,6657,222.12212212212214,29.97,1326,1,traffic_lights,0.9135313034057617,1139.1474609375,482.09014892578125,1164.97900390625,533.0194702148438,1152.063232421875,507.5548095703125,25.83154296875,50.9293212890625
IMG_0029.mp4,6657,222.12212212212214,29.97,1347,2,traffic_signs,0.5926405787467957,964.6735229492188,670.7110595703125,1012.8856811523438,737.1489868164062,988.7796020507812,703.9300231933594,48.212158203125,66.43792724609375
IMG_0029.mp4,6657,222.12212212212214,29.97,1325,1,traffic_lights,0.8460522294044495,1430.740966796875,670.6874389648438,1474.3262939453125,730.88623046875,1452.5336303710938,700.7868347167969,43.5853271484375,60.19879150390625
IMG_0029.mp4,6657,222.12212212212214,29.97,1314,2,traffic_signs,0.3504277765750885,1503.3084716796875,658.7671508789062,1557.7501220703125,705.7081909179688,1530.529296875,682.2376708984375,54.441650390625,46.9410400390625
IMG_0029.mp4,6658,222.1554888221555,29.97,1318,2,traffic_signs,0.9219248294830322,1426.865966796875,639.1324462890625,1463.5902099609375,677.3800659179688,1445.2280883789062,658.2562561035156,36.7242431640625,38.24761962890625
IMG_0029.mp4,6658,222.1554888221555,29.97,1344,1,traffic_lights,0.7193693518638611,1019.6770629882812,675.8032836914062,1034.789794921875,718.7791748046875,1027.2334289550781,697.2912292480469,15.11273193359375,42.97589111328125
IMG_0029.mp4,6658,222.1554888221555,29.97,1330,2,traffic_signs,0.9565549492835999,672.8351440429688,331.0163879394531,834.3094482421875,491.84161376953125,753.5722961425781,411.4290008544922,161.47430419921875,160.82522583007812
IMG_0029.mp4,6658,222.1554888221555,29.97,1413,0,auth_label,0.40773946046829224,4.017801284790039,364.3649597167969,126.2394027709961,820.6483764648438,65.12860202789307,592.5066680908203,122.22160148620605,456.2834167480469
IMG_0029.mp4,6658,222.1554888221555,29.97,1326,1,traffic_lights,0.9138693809509277,1139.203125,482.1300964355469,1165.0472412109375,533.1312866210938,1152.1251831054688,507.6306915283203,25.8441162109375,51.001190185546875
IMG_0029.mp4,6658,222.1554888221555,29.97,1347,2,traffic_signs,0.5968905687332153,964.716796875,670.620849609375,1012.8922119140625,737.240478515625,988.8045043945312,703.9306640625,48.1754150390625,66.61962890625
IMG_0029.mp4,6658,222.1554888221555,29.97,1325,1,traffic_lights,0.7424135804176331,1432.015380859375,669.7262573242188,1474.180419921875,730.4284057617188,1453.097900390625,700.0773315429688,42.1650390625,60.7021484375
IMG_0029.mp4,6658,222.1554888221555,29.97,1314,2,traffic_signs,0.6353450417518616,1503.3212890625,658.8543701171875,1557.8143310546875,705.7610473632812,1530.5678100585938,682.3077087402344,54.4930419921875,46.90667724609375
IMG_0029.mp4,6659,222.18885552218887,29.97,1318,2,traffic_signs,0.9243213534355164,1426.793701171875,639.1322631835938,1463.376708984375,677.212646484375,1445.085205078125,658.1724548339844,36.5830078125,38.08038330078125
IMG_0029.mp4,6659,222.18885552218887,29.97,1344,1,traffic_lights,0.7215121984481812,1019.556396484375,675.6904296875,1034.5919189453125,718.4483642578125,1027.0741577148438,697.0693969726562,15.0355224609375,42.7579345703125
IMG_0029.mp4,6659,222.18885552218887,29.97,1330,2,traffic_signs,0.9568689465522766,672.6871948242188,330.9896240234375,834.0907592773438,491.81378173828125,753.3889770507812,411.4017028808594,161.403564453125,160.82415771484375
IMG_0029.mp4,6659,222.18885552218887,29.97,1413,0,auth_label,0.45148083567619324,3.9833474159240723,364.87701416015625,125.67186737060547,821.0615844726562,64.82760739326477,592.9692993164062,121.6885199546814,456.1845703125
IMG_0029.mp4,6659,222.18885552218887,29.97,1326,1,traffic_lights,0.9159520864486694,1139.06787109375,482.0479431152344,1164.910888671875,533.0575561523438,1151.9893798828125,507.55274963378906,25.843017578125,51.009613037109375
IMG_0029.mp4,6659,222.18885552218887,29.97,1347,2,traffic_signs,0.604555070400238,964.5572509765625,670.5014038085938,1012.6890869140625,737.1309814453125,988.6231689453125,703.8161926269531,48.1318359375,66.62957763671875
IMG_0029.mp4,6659,222.18885552218887,29.97,1325,1,traffic_lights,0.724130392074585,1432.5626220703125,670.5443115234375,1474.9830322265625,729.4443969726562,1453.7728271484375,699.9943542480469,42.42041015625,58.90008544921875
IMG_0029.mp4,6659,222.18885552218887,29.97,1314,2,traffic_signs,0.7000802755355835,1503.118896484375,658.7112426757812,1557.606201171875,705.6917114257812,1530.362548828125,682.2014770507812,54.4873046875,46.98046875
IMG_0029.mp4,6660,222.22222222222223,29.97,1318,2,traffic_signs,0.9241080284118652,1426.80224609375,639.2139282226562,1463.4610595703125,677.235595703125,1445.1316528320312,658.2247619628906,36.6588134765625,38.02166748046875
IMG_0029.mp4,6660,222.22222222222223,29.97,1344,1,traffic_lights,0.7197217345237732,1019.6904296875,675.6373291015625,1034.9942626953125,719.0609741210938,1027.3423461914062,697.3491516113281,15.3038330078125,43.42364501953125
IMG_0029.mp4,6660,222.22222222222223,29.97,1330,2,traffic_signs,0.9516835808753967,673.010498046875,331.0743713378906,834.5281372070312,491.952880859375,753.7693176269531,411.5136260986328,161.51763916015625,160.87850952148438
IMG_0029.mp4,6660,222.22222222222223,29.97,1413,0,auth_label,0.4442771375179291,4.312974452972412,363.92041015625,126.5286865234375,821.2026977539062,65.42083048820496,592.5615539550781,122.21571207046509,457.28228759765625
IMG_0029.mp4,6660,222.22222222222223,29.97,1326,1,traffic_lights,0.9162891507148743,1139.1827392578125,482.1822204589844,1165.005859375,532.970947265625,1152.0942993164062,507.5765838623047,25.8231201171875,50.788726806640625
IMG_0029.mp4,6660,222.22222222222223,29.97,1347,2,traffic_signs,0.603058934211731,964.7593994140625,670.6509399414062,1012.9088745117188,737.1217041015625,988.8341369628906,703.8863220214844,48.14947509765625,66.47076416015625
IMG_0029.mp4,6660,222.22222222222223,29.97,1325,1,traffic_lights,0.8050889372825623,1430.258056640625,672.1926879882812,1476.24267578125,730.5236206054688,1453.2503662109375,701.358154296875,45.984619140625,58.3309326171875
IMG_0029.mp4,6660,222.22222222222223,29.97,1314,2,traffic_signs,0.5692471265792847,1503.091796875,658.7223510742188,1557.5780029296875,705.7398681640625,1530.3348999023438,682.2311096191406,54.4862060546875,47.01751708984375
IMG_0029.mp4,6661,222.25558892225558,29.97,1318,2,traffic_signs,0.9237218499183655,1426.7259521484375,639.1879272460938,1463.4122314453125,677.1978759765625,1445.069091796875,658.1929016113281,36.686279296875,38.00994873046875
IMG_0029.mp4,6661,222.25558892225558,29.97,1344,1,traffic_lights,0.7234743237495422,1019.7258911132812,675.6190185546875,1034.8751220703125,718.564697265625,1027.3005065917969,697.0918579101562,15.14923095703125,42.9456787109375
IMG_0029.mp4,6661,222.25558892225558,29.97,1330,2,traffic_signs,0.9526674151420593,673.0796508789062,331.035888671875,834.6661987304688,491.9005126953125,753.8729248046875,411.46820068359375,161.5865478515625,160.8646240234375
IMG_0029.mp4,6661,222.25558892225558,29.97,1413,0,auth_label,0.41341447830200195,4.3447041511535645,363.3370666503906,126.77613067626953,821.4447631835938,65.56041741371155,592.3909149169922,122.43142652511597,458.1076965332031
IMG_0029.mp4,6661,222.25558892225558,29.97,1326,1,traffic_lights,0.9162474274635315,1139.178466796875,482.1177978515625,1165.086669921875,532.9446411132812,1152.132568359375,507.5312194824219,25.908203125,50.82684326171875
IMG_0029.mp4,6661,222.25558892225558,29.97,1347,2,traffic_signs,0.5924978256225586,964.7098999023438,670.6466064453125,1012.8811645507812,736.9483032226562,988.7955322265625,703.7974548339844,48.1712646484375,66.30169677734375
IMG_0029.mp4,6661,222.25558892225558,29.97,1325,1,traffic_lights,0.7921737432479858,1429.5164794921875,672.8889770507812,1476.2265625,730.8132934570312,1452.8715209960938,701.8511352539062,46.7100830078125,57.92431640625
IMG_0029.mp4,6661,222.25558892225558,29.97,1314,2,traffic_signs,0.5423324108123779,1503.082275390625,658.68310546875,1557.6141357421875,705.6873168945312,1530.3482055664062,682.1852111816406,54.5318603515625,47.00421142578125
IMG_0029.mp4,6661,222.25558892225558,29.97,1458,1,traffic_lights,0.6867269277572632,1433.1749267578125,671.340087890625,1475.514404296875,728.8051147460938,1454.3446655273438,700.0726013183594,42.3394775390625,57.46502685546875
IMG_0029.mp4,6662,222.28895562228897,29.97,1318,2,traffic_signs,0.9243064522743225,1426.76171875,639.2613525390625,1463.3990478515625,677.2288818359375,1445.0803833007812,658.2451171875,36.6373291015625,37.967529296875
IMG_0029.mp4,6662,222.28895562228897,29.97,1344,1,traffic_lights,0.7238530516624451,1019.7091064453125,675.6527099609375,1034.8663330078125,718.831298828125,1027.2877197265625,697.2420043945312,15.1572265625,43.1785888671875
IMG_0029.mp4,6662,222.28895562228897,29.97,1330,2,traffic_signs,0.9540088176727295,673.1044921875,331.0513000488281,834.6345825195312,491.87908935546875,753.8695373535156,411.46519470214844,161.53009033203125,160.82778930664062
IMG_0029.mp4,6662,222.28895562228897,29.97,1413,0,auth_label,0.4197312295436859,4.317959785461426,363.1726989746094,126.58541870117188,821.4947509765625,65.45168924331665,592.3337249755859,122.26745891571045,458.3220520019531
IMG_0029.mp4,6662,222.28895562228897,29.97,1326,1,traffic_lights,0.9167484045028687,1139.2127685546875,482.1437683105469,1165.073974609375,532.9485473632812,1152.1433715820312,507.54615783691406,25.8612060546875,50.804779052734375
IMG_0029.mp4,6662,222.28895562228897,29.97,1347,2,traffic_signs,0.6008303165435791,964.7420043945312,670.7523803710938,1012.8590698242188,736.9658203125,988.800537109375,703.8591003417969,48.1170654296875,66.21343994140625
IMG_0029.mp4,6662,222.28895562228897,29.97,1325,1,traffic_lights,0.7654640078544617,1429.3597412109375,673.2400512695312,1476.1397705078125,731.1012573242188,1452.749755859375,702.170654296875,46.780029296875,57.8612060546875
IMG_0029.mp4,6662,222.28895562228897,29.97,1314,2,traffic_signs,0.5476285219192505,1503.0296630859375,658.6996459960938,1557.568115234375,705.7134399414062,1530.2988891601562,682.20654296875,54.5384521484375,47.0137939453125
IMG_0029.mp4,6662,222.28895562228897,29.97,1458,1,traffic_lights,0.6561521887779236,1433.4105224609375,671.5202026367188,1475.39306640625,728.9175415039062,1454.4017944335938,700.2188720703125,41.9825439453125,57.3973388671875
IMG_0029.mp4,6663,222.32232232232232,29.97,1318,2,traffic_signs,0.922503650188446,1426.6407470703125,639.2155151367188,1463.2625732421875,677.2161254882812,1444.95166015625,658.2158203125,36.621826171875,38.0006103515625
IMG_0029.mp4,6663,222.32232232232232,29.97,1344,1,traffic_lights,0.7180960178375244,1019.7086181640625,675.6661987304688,1034.869140625,719.2631225585938,1027.2888793945312,697.4646606445312,15.1605224609375,43.596923828125
IMG_0029.mp4,6663,222.32232232232232,29.97,1330,2,traffic_signs,0.9568559527397156,672.9435424804688,331.0672607421875,834.4022827148438,491.8177185058594,753.6729125976562,411.44248962402344,161.458740234375,160.75045776367188
IMG_0029.mp4,6663,222.32232232232232,29.97,1413,0,auth_label,0.41208693385124207,4.158275604248047,363.7177734375,126.2107925415039,821.5426025390625,65.18453407287598,592.6301879882812,122.05251693725586,457.8248291015625
IMG_0029.mp4,6663,222.32232232232232,29.97,1326,1,traffic_lights,0.9156813621520996,1139.013916015625,482.0888977050781,1164.9041748046875,532.9148559570312,1151.9590454101562,507.5018768310547,25.8902587890625,50.825958251953125
IMG_0029.mp4,6663,222.32232232232232,29.97,1347,2,traffic_signs,0.6149107813835144,964.6480102539062,670.7830200195312,1012.77392578125,736.9264526367188,988.7109680175781,703.854736328125,48.12591552734375,66.1434326171875
IMG_0029.mp4,6663,222.32232232232232,29.97,1325,1,traffic_lights,0.7996088266372681,1429.0748291015625,673.3129272460938,1476.3385009765625,731.116943359375,1452.7066650390625,702.2149353027344,47.263671875,57.80401611328125
IMG_0029.mp4,6663,222.32232232232232,29.97,1314,2,traffic_signs,0.43759697675704956,1502.96728515625,658.6640014648438,1557.1982421875,705.68310546875,1530.082763671875,682.1735534667969,54.23095703125,47.01910400390625
IMG_0029.mp4,6663,222.32232232232232,29.97,1458,1,traffic_lights,0.6773777604103088,1433.6358642578125,672.0908813476562,1475.5489501953125,728.7139282226562,1454.5924072265625,700.4024047851562,41.9130859375,56.623046875
IMG_0029.mp4,6664,222.3556890223557,29.97,1318,2,traffic_signs,0.9223894476890564,1427.028076171875,639.3275756835938,1463.6300048828125,677.4144287109375,1445.3290405273438,658.3710021972656,36.6019287109375,38.08685302734375
IMG_0029.mp4,6664,222.3556890223557,29.97,1344,1,traffic_lights,0.7214694023132324,1019.8411254882812,675.8861083984375,1034.9495849609375,718.6751708984375,1027.3953552246094,697.2806396484375,15.10845947265625,42.7890625
IMG_0029.mp4,6664,222.3556890223557,29.97,1330,2,traffic_signs,0.9555562734603882,673.0607299804688,331.0724182128906,834.6777954101562,491.8660583496094,753.8692626953125,411.46923828125,161.6170654296875,160.79364013671875
IMG_0029.mp4,6664,222.3556890223557,29.97,1413,0,auth_label,0.3983772099018097,4.168385028839111,364.77117919921875,125.84000396728516,822.0830078125,65.00419449806213,593.4270935058594,121.67161893844604,457.31182861328125
IMG_0029.mp4,6664,222.3556890223557,29.97,1326,1,traffic_lights,0.9163781404495239,1139.2294921875,482.2140808105469,1165.1717529296875,533.0762329101562,1152.2006225585938,507.64515686035156,25.9422607421875,50.862152099609375
IMG_0029.mp4,6664,222.3556890223557,29.97,1347,2,traffic_signs,0.6141300797462463,964.4467163085938,670.8231811523438,1012.7411499023438,737.0838012695312,988.5939331054688,703.9534912109375,48.29443359375,66.2606201171875
IMG_0029.mp4,6664,222.3556890223557,29.97,1325,1,traffic_lights,0.48846882581710815,1430.0042724609375,673.6248168945312,1476.30029296875,731.117431640625,1453.1522827148438,702.3711242675781,46.2960205078125,57.49261474609375
IMG_0029.mp4,6664,222.3556890223557,29.97,1314,2,traffic_signs,0.8091539144515991,1503.3040771484375,658.8736572265625,1557.793212890625,705.8644409179688,1530.5486450195312,682.3690490722656,54.4891357421875,46.99078369140625
IMG_0029.mp4,6664,222.3556890223557,29.97,1458,1,traffic_lights,0.6906501650810242,1433.8353271484375,672.0449829101562,1475.68212890625,728.8399047851562,1454.7587280273438,700.4424438476562,41.8468017578125,56.794921875
IMG_0029.mp4,6665,222.38905572238906,29.97,1318,2,traffic_signs,0.9230595231056213,1426.9432373046875,639.302734375,1463.497314453125,677.3643188476562,1445.2202758789062,658.3335266113281,36.5540771484375,38.06158447265625
IMG_0029.mp4,6665,222.38905572238906,29.97,1344,1,traffic_lights,0.7258377075195312,1019.7711791992188,675.8895874023438,1035.0064697265625,718.802734375,1027.3888244628906,697.3461608886719,15.23529052734375,42.91314697265625
IMG_0029.mp4,6665,222.38905572238906,29.97,1330,2,traffic_signs,0.955675482749939,673.0770874023438,331.04974365234375,834.661376953125,491.8072509765625,753.8692321777344,411.4284973144531,161.58428955078125,160.75750732421875
IMG_0029.mp4,6665,222.38905572238906,29.97,1413,0,auth_label,0.3803015649318695,4.1832685470581055,365.556884765625,126.0284423828125,821.6378784179688,65.1058554649353,593.5973815917969,121.8451738357544,456.08099365234375
IMG_0029.mp4,6665,222.38905572238906,29.97,1326,1,traffic_lights,0.9165686964988708,1139.1771240234375,482.174072265625,1165.1634521484375,533.1226806640625,1152.1702880859375,507.64837646484375,25.986328125,50.9486083984375
IMG_0029.mp4,6665,222.38905572238906,29.97,1347,2,traffic_signs,0.6104733943939209,964.2571411132812,670.7421875,1012.6346435546875,737.0669555664062,988.4458923339844,703.9045715332031,48.37750244140625,66.32476806640625
IMG_0029.mp4,6665,222.38905572238906,29.97,1325,1,traffic_lights,0.6208813786506653,1430.056884765625,673.6339111328125,1476.30078125,731.1483764648438,1453.1788330078125,702.3911437988281,46.243896484375,57.51446533203125
IMG_0029.mp4,6665,222.38905572238906,29.97,1314,2,traffic_signs,0.8160348534584045,1503.2159423828125,658.855712890625,1557.8214111328125,705.799072265625,1530.5186767578125,682.327392578125,54.60546875,46.943359375
IMG_0029.mp4,6665,222.38905572238906,29.97,1458,1,traffic_lights,0.6955416798591614,1433.6041259765625,671.97314453125,1475.6640625,728.9503173828125,1454.6340942382812,700.4617309570312,42.0599365234375,56.9771728515625
IMG_0029.mp4,6666,222.42242242242244,29.97,1318,2,traffic_signs,0.9244582653045654,1427.3387451171875,639.3480224609375,1463.9107666015625,677.400634765625,1445.624755859375,658.3743286132812,36.572021484375,38.0526123046875
IMG_0029.mp4,6666,222.42242242242244,29.97,1344,1,traffic_lights,0.7106161713600159,1019.8916015625,675.9317016601562,1035.3284912109375,719.27197265625,1027.6100463867188,697.6018371582031,15.4368896484375,43.34027099609375
IMG_0029.mp4,6666,222.42242242242244,29.97,1330,2,traffic_signs,0.9548895359039307,673.1783447265625,331.00933837890625,834.7389526367188,491.803466796875,753.9586486816406,411.4064025878906,161.56060791015625,160.79412841796875
IMG_0029.mp4,6666,222.42242242242244,29.97,1413,0,auth_label,0.36748284101486206,4.2605719566345215,366.2311096191406,125.88343048095703,821.350341796875,65.07200121879578,593.7907257080078,121.62285852432251,455.1192321777344
IMG_0029.mp4,6666,222.42242242242244,29.97,1326,1,traffic_lights,0.9151403903961182,1139.2952880859375,482.2151184082031,1165.38232421875,533.1107788085938,1152.3388061523438,507.66294860839844,26.0870361328125,50.895660400390625
IMG_0029.mp4,6666,222.42242242242244,29.97,1347,2,traffic_signs,0.6095003485679626,964.3303833007812,670.945068359375,1013.07470703125,737.11572265625,988.7025451660156,704.0303955078125,48.74432373046875,66.170654296875
IMG_0029.mp4,6666,222.42242242242244,29.97,1314,2,traffic_signs,0.7724426984786987,1503.4522705078125,658.9505615234375,1558.2281494140625,705.928955078125,1530.8402099609375,682.4397583007812,54.77587890625,46.9783935546875
IMG_0029.mp4,6666,222.42242242242244,29.97,1458,1,traffic_lights,0.6760576963424683,1434.080322265625,672.4636840820312,1476.111328125,728.91796875,1455.0958251953125,700.6908264160156,42.031005859375,56.45428466796875
IMG_0029.mp4,6667,222.4557891224558,29.97,1318,2,traffic_signs,0.9228194952011108,1427.138427734375,639.2918701171875,1463.6201171875,677.4797973632812,1445.3792724609375,658.3858337402344,36.481689453125,38.18792724609375
IMG_0029.mp4,6667,222.4557891224558,29.97,1344,1,traffic_lights,0.7180195450782776,1019.6895751953125,675.8903198242188,1035.029296875,718.8702392578125,1027.3594360351562,697.3802795410156,15.3397216796875,42.97991943359375
IMG_0029.mp4,6667,222.4557891224558,29.97,1330,2,traffic_signs,0.95682293176651,672.9307250976562,331.0594482421875,834.3519287109375,491.843505859375,753.6413269042969,411.45147705078125,161.42120361328125,160.7840576171875
IMG_0029.mp4,6667,222.4557891224558,29.97,1413,0,auth_label,0.3942919373512268,4.278541564941406,366.9871520996094,125.44172668457031,821.4624633789062,64.86013412475586,594.2248077392578,121.1631851196289,454.4753112792969
IMG_0029.mp4,6667,222.4557891224558,29.97,1326,1,traffic_lights,0.9157953858375549,1139.1021728515625,482.1955871582031,1165.111572265625,533.1444091796875,1152.1068725585938,507.6699981689453,26.0093994140625,50.948822021484375
IMG_0029.mp4,6667,222.4557891224558,29.97,1347,2,traffic_signs,0.6112621426582336,964.0733032226562,670.88232421875,1012.84228515625,737.194091796875,988.4577941894531,704.0382080078125,48.76898193359375,66.311767578125
IMG_0029.mp4,6667,222.4557891224558,29.97,1314,2,traffic_signs,0.7742310166358948,1503.21826171875,658.8209838867188,1558.016845703125,705.961669921875,1530.6175537109375,682.3913269042969,54.798583984375,47.14068603515625
IMG_0029.mp4,6667,222.4557891224558,29.97,1458,1,traffic_lights,0.7018454074859619,1433.81005859375,672.0888061523438,1475.685791015625,728.7908325195312,1454.7479248046875,700.4398193359375,41.875732421875,56.7020263671875
IMG_0029.mp4,6668,222.48915582248915,29.97,1318,2,traffic_signs,0.9252812266349792,1427.2080078125,639.3170166015625,1463.793212890625,677.3173828125,1445.5006103515625,658.3171997070312,36.585205078125,38.0003662109375
IMG_0029.mp4,6668,222.48915582248915,29.97,1344,1,traffic_lights,0.7125086784362793,1019.82470703125,675.8630981445312,1035.109375,718.6298828125,1027.467041015625,697.2464904785156,15.28466796875,42.76678466796875
IMG_0029.mp4,6668,222.48915582248915,29.97,1330,2,traffic_signs,0.9537865519523621,672.9967651367188,330.99774169921875,834.6366577148438,491.8628845214844,753.8167114257812,411.43031311035156,161.639892578125,160.86514282226562
IMG_0029.mp4,6668,222.48915582248915,29.97,1413,0,auth_label,0.43874692916870117,4.340386390686035,367.7629089355469,125.31488037109375,821.3306884765625,64.82763338088989,594.5467987060547,120.97449398040771,453.5677795410156
IMG_0029.mp4,6668,222.48915582248915,29.97,1326,1,traffic_lights,0.9164666533470154,1139.1845703125,482.1913757324219,1165.231201171875,533.1760864257812,1152.2078857421875,507.68373107910156,26.046630859375,50.984710693359375
IMG_0029.mp4,6668,222.48915582248915,29.97,1347,2,traffic_signs,0.6119741201400757,964.21435546875,670.9365844726562,1013.0444946289062,737.19873046875,988.6294250488281,704.0676574707031,48.83013916015625,66.26214599609375
IMG_0029.mp4,6668,222.48915582248915,29.97,1314,2,traffic_signs,0.7572677731513977,1503.40283203125,658.9072265625,1558.17236328125,705.9877319335938,1530.78759765625,682.4474792480469,54.76953125,47.08050537109375
IMG_0029.mp4,6668,222.48915582248915,29.97,1458,1,traffic_lights,0.6963666081428528,1433.857421875,672.1832885742188,1476.005615234375,728.8472290039062,1454.9315185546875,700.5152587890625,42.148193359375,56.6639404296875
IMG_0029.mp4,6669,222.52252252252254,29.97,1318,2,traffic_signs,0.9256343841552734,1427.279541015625,639.3421630859375,1463.873779296875,677.2835693359375,1445.57666015625,658.3128662109375,36.59423828125,37.94140625
IMG_0029.mp4,6669,222.52252252252254,29.97,1344,1,traffic_lights,0.7016192078590393,1019.8617553710938,675.8435668945312,1035.31982421875,718.9869384765625,1027.5907897949219,697.4152526855469,15.45806884765625,43.14337158203125
IMG_0029.mp4,6669,222.52252252252254,29.97,1330,2,traffic_signs,0.9487174153327942,673.0471801757812,330.9773254394531,834.7366333007812,491.9161071777344,753.8919067382812,411.44671630859375,161.689453125,160.93878173828125
IMG_0029.mp4,6669,222.52252252252254,29.97,1413,0,auth_label,0.4120505452156067,4.348656177520752,367.6686096191406,125.3040542602539,821.5707397460938,64.82635521888733,594.6196746826172,120.95539808273315,453.9021301269531
IMG_0029.mp4,6669,222.52252252252254,29.97,1326,1,traffic_lights,0.9166666269302368,1139.2318115234375,482.21405029296875,1165.34521484375,533.1400756835938,1152.2885131835938,507.67706298828125,26.1134033203125,50.926025390625
IMG_0029.mp4,6669,222.52252252252254,29.97,1347,2,traffic_signs,0.5906417965888977,964.3565063476562,670.95556640625,1013.1641845703125,737.0961303710938,988.7603454589844,704.0258483886719,48.80767822265625,66.14056396484375
IMG_0029.mp4,6669,222.52252252252254,29.97,1314,2,traffic_signs,0.7655372023582458,1503.3829345703125,658.9295043945312,1558.4117431640625,705.9891357421875,1530.8973388671875,682.4593200683594,55.02880859375,47.05963134765625
IMG_0029.mp4,6669,222.52252252252254,29.97,1458,1,traffic_lights,0.6557781100273132,1434.0657958984375,672.3739013671875,1476.3399658203125,728.9096069335938,1455.202880859375,700.6417541503906,42.274169921875,56.53570556640625
IMG_0029.mp4,6670,222.5558892225559,29.97,1318,2,traffic_signs,0.9256546497344971,1427.33203125,639.3483276367188,1464.0213623046875,677.1782836914062,1445.6766967773438,658.2633056640625,36.6893310546875,37.8299560546875
IMG_0029.mp4,6670,222.5558892225559,29.97,1344,1,traffic_lights,0.7156828045845032,1019.8896484375,675.7894287109375,1035.204833984375,718.7188110351562,1027.5472412109375,697.2541198730469,15.315185546875,42.92938232421875
IMG_0029.mp4,6670,222.5558892225559,29.97,1330,2,traffic_signs,0.9294115900993347,673.171630859375,330.9662780761719,834.942138671875,491.90521240234375,754.056884765625,411.4357452392578,161.7705078125,160.93893432617188
IMG_0029.mp4,6670,222.5558892225559,29.97,1413,0,auth_label,0.4428122639656067,4.347096920013428,367.6361389160156,125.23119354248047,821.7769165039062,64.78914523124695,594.7065277099609,120.88409662246704,454.1407775878906
IMG_0029.mp4,6670,222.5558892225559,29.97,1326,1,traffic_lights,0.9152464270591736,1139.3448486328125,482.1861267089844,1165.4066162109375,533.1448364257812,1152.375732421875,507.6654815673828,26.061767578125,50.958709716796875
IMG_0029.mp4,6670,222.5558892225559,29.97,1347,2,traffic_signs,0.5887150764465332,964.4566650390625,670.9652709960938,1013.2363891601562,737.0636596679688,988.8465270996094,704.0144653320312,48.77972412109375,66.098388671875
IMG_0029.mp4,6670,222.5558892225559,29.97,1314,2,traffic_signs,0.7628698348999023,1503.5670166015625,658.9921875,1558.5384521484375,706.0261840820312,1531.052734375,682.5091857910156,54.971435546875,47.03399658203125
IMG_0029.mp4,6670,222.5558892225559,29.97,1458,1,traffic_lights,0.6639145612716675,1434.376708984375,672.4913330078125,1476.205322265625,728.7396850585938,1455.291015625,700.6155090332031,41.82861328125,56.24835205078125
IMG_0029.mp4,6671,222.58925592258927,29.97,1318,2,traffic_signs,0.9245002865791321,1427.2132568359375,639.382568359375,1463.8184814453125,677.2216796875,1445.515869140625,658.3021240234375,36.605224609375,37.839111328125
IMG_0029.mp4,6671,222.58925592258927,29.97,1344,1,traffic_lights,0.7160726189613342,1019.8563232421875,675.8018798828125,1035.1654052734375,718.8992919921875,1027.5108642578125,697.3505859375,15.30908203125,43.097412109375
IMG_0029.mp4,6671,222.58925592258927,29.97,1330,2,traffic_signs,0.8944848775863647,673.3037719726562,331.03289794921875,834.9703979492188,491.9205322265625,754.1370849609375,411.4767150878906,161.6666259765625,160.88763427734375
IMG_0029.mp4,6671,222.58925592258927,29.97,1413,0,auth_label,0.3924325406551361,4.349225044250488,366.8564147949219,126.6081771850586,820.9412841796875,65.47870111465454,593.8988494873047,122.2589521408081,454.0848693847656
IMG_0029.mp4,6671,222.58925592258927,29.97,1326,1,traffic_lights,0.9151417016983032,1139.287841796875,482.1954040527344,1165.377197265625,533.2266845703125,1152.33251953125,507.71104431152344,26.08935546875,51.031280517578125
IMG_0029.mp4,6671,222.58925592258927,29.97,1347,2,traffic_signs,0.586423397064209,964.4630126953125,670.9581298828125,1013.23388671875,737.0592041015625,988.8484497070312,704.0086669921875,48.7708740234375,66.10107421875
IMG_0029.mp4,6671,222.58925592258927,29.97,1314,2,traffic_signs,0.7454836368560791,1503.3829345703125,658.9906616210938,1558.2574462890625,706.0919189453125,1530.8201904296875,682.5412902832031,54.87451171875,47.10125732421875
IMG_0029.mp4,6671,222.58925592258927,29.97,1458,1,traffic_lights,0.6479472517967224,1434.2755126953125,672.28271484375,1475.904052734375,728.773193359375,1455.0897827148438,700.5279541015625,41.6285400390625,56.490478515625
IMG_0029.mp4,6672,222.62262262262263,29.97,1318,2,traffic_signs,0.9250940084457397,1427.281005859375,639.3555908203125,1463.809326171875,677.2449951171875,1445.545166015625,658.30029296875,36.5283203125,37.889404296875
IMG_0029.mp4,6672,222.62262262262263,29.97,1344,1,traffic_lights,0.7194679975509644,1019.7913208007812,675.808837890625,1035.26611328125,719.4263305664062,1027.5287170410156,697.6175842285156,15.47479248046875,43.61749267578125
IMG_0029.mp4,6672,222.62262262262263,29.97,1330,2,traffic_signs,0.9223048686981201,673.2376098632812,330.9576416015625,834.9866943359375,491.85198974609375,754.1121520996094,411.4048156738281,161.74908447265625,160.89434814453125
IMG_0029.mp4,6672,222.62262262262263,29.97,1413,0,auth_label,0.4094121754169464,4.200255393981934,366.88836669921875,126.8169174194336,821.1433715820312,65.50858640670776,594.015869140625,122.61666202545166,454.2550048828125
IMG_0029.mp4,6672,222.62262262262263,29.97,1326,1,traffic_lights,0.9182722568511963,1139.322509765625,482.1880187988281,1165.3570556640625,533.0845947265625,1152.3397827148438,507.6363067626953,26.0345458984375,50.896575927734375
IMG_0029.mp4,6672,222.62262262262263,29.97,1347,2,traffic_signs,0.6000256538391113,964.5288696289062,671.0116577148438,1013.1484985351562,737.0458374023438,988.8386840820312,704.0287475585938,48.61962890625,66.0341796875
IMG_0029.mp4,6672,222.62262262262263,29.97,1314,2,traffic_signs,0.753058135509491,1503.443359375,658.968505859375,1558.19873046875,706.08837890625,1530.821044921875,682.5284423828125,54.75537109375,47.119873046875
IMG_0029.mp4,6672,222.62262262262263,29.97,1458,1,traffic_lights,0.6986475586891174,1434.4913330078125,672.4440307617188,1476.465576171875,728.955078125,1455.4784545898438,700.6995544433594,41.9742431640625,56.51104736328125
IMG_0029.mp4,6673,222.65598932265598,29.97,1318,2,traffic_signs,0.9248998761177063,1427.4669189453125,639.4041748046875,1464.027587890625,677.3840942382812,1445.7472534179688,658.3941345214844,36.5606689453125,37.97991943359375
IMG_0029.mp4,6673,222.65598932265598,29.97,1344,1,traffic_lights,0.7182071805000305,1019.9110717773438,675.8021240234375,1035.30712890625,719.0720825195312,1027.6091003417969,697.4371032714844,15.39605712890625,43.26995849609375
IMG_0029.mp4,6673,222.65598932265598,29.97,1330,2,traffic_signs,0.9180142879486084,673.2323608398438,330.91436767578125,835.05029296875,491.7753601074219,754.1413269042969,411.34486389160156,161.81793212890625,160.86099243164062
IMG_0029.mp4,6673,222.65598932265598,29.97,1413,0,auth_label,0.4335818588733673,4.060700416564941,366.5170593261719,126.83154296875,821.4839477539062,65.44612169265747,594.0005035400391,122.77084255218506,454.9668884277344
IMG_0029.mp4,6673,222.65598932265598,29.97,1326,1,traffic_lights,0.9093425869941711,1139.4844970703125,482.22442626953125,1165.575927734375,533.1192016601562,1152.5302124023438,507.67181396484375,26.0914306640625,50.894775390625
IMG_0029.mp4,6673,222.65598932265598,29.97,1347,2,traffic_signs,0.5842190384864807,964.5087280273438,670.9935302734375,1013.1409301757812,737.1390991210938,988.8248291015625,704.0663146972656,48.6322021484375,66.14556884765625
IMG_0029.mp4,6673,222.65598932265598,29.97,1314,2,traffic_signs,0.7699114680290222,1503.72021484375,659.1227416992188,1558.582275390625,706.2208862304688,1531.1512451171875,682.6718139648438,54.862060546875,47.09814453125
IMG_0029.mp4,6673,222.65598932265598,29.97,1458,1,traffic_lights,0.716273844242096,1434.173583984375,672.7440795898438,1476.2406005859375,728.9391479492188,1455.2070922851562,700.8416137695312,42.0670166015625,56.195068359375
IMG_0029.mp4,6673,222.65598932265598,29.97,1325,1,traffic_lights,0.2505641281604767,1430.901123046875,674.2147827148438,1476.25830078125,731.1251831054688,1453.5797119140625,702.6699829101562,45.357177734375,56.910400390625
IMG_0029.mp4,6674,222.68935602268937,29.97,1318,2,traffic_signs,0.9219790697097778,1427.36962890625,639.318603515625,1463.98486328125,677.3184204101562,1445.67724609375,658.3185119628906,36.615234375,37.99981689453125
IMG_0029.mp4,6674,222.68935602268937,29.97,1344,1,traffic_lights,0.7167453169822693,1019.9165649414062,675.8150634765625,1035.2958984375,718.88232421875,1027.6062316894531,697.3486938476562,15.37933349609375,43.0672607421875
IMG_0029.mp4,6674,222.68935602268937,29.97,1330,2,traffic_signs,0.9179635643959045,673.2642211914062,330.9216613769531,835.071533203125,491.7196044921875,754.1678771972656,411.3206329345703,161.80731201171875,160.79794311523438
IMG_0029.mp4,6674,222.68935602268937,29.97,1413,0,auth_label,0.44022929668426514,4.148493766784668,366.51055908203125,127.21959686279297,821.6290893554688,65.68404531478882,594.06982421875,123.0711030960083,455.1185302734375
IMG_0029.mp4,6674,222.68935602268937,29.97,1326,1,traffic_lights,0.9045982956886292,1139.4952392578125,482.218505859375,1165.6566162109375,533.0964965820312,1152.575927734375,507.6575012207031,26.161376953125,50.87799072265625
IMG_0029.mp4,6674,222.68935602268937,29.97,1347,2,traffic_signs,0.5739690065383911,964.497802734375,670.9556274414062,1013.3094482421875,737.129638671875,988.9036254882812,704.0426330566406,48.8116455078125,66.17401123046875
IMG_0029.mp4,6674,222.68935602268937,29.97,1314,2,traffic_signs,0.8114591240882874,1503.9036865234375,659.2263793945312,1558.5086669921875,706.1974487304688,1531.2061767578125,682.7119140625,54.60498046875,46.9710693359375
IMG_0029.mp4,6674,222.68935602268937,29.97,1458,1,traffic_lights,0.7521342039108276,1433.33740234375,670.9860229492188,1473.703857421875,729.8471069335938,1453.5206298828125,700.4165649414062,40.366455078125,58.861083984375
IMG_0029.mp4,6674,222.68935602268937,29.97,1325,1,traffic_lights,0.8588226437568665,1430.9097900390625,673.0717163085938,1474.03271484375,731.4389038085938,1452.4712524414062,702.2553100585938,43.1229248046875,58.3671875
IMG_0029.mp4,6675,222.72272272272272,29.97,1318,2,traffic_signs,0.9220153093338013,1427.34423828125,639.2824096679688,1463.86767578125,677.3422241210938,1445.60595703125,658.3123168945312,36.5234375,38.059814453125
IMG_0029.mp4,6675,222.72272272272272,29.97,1344,1,traffic_lights,0.7062624096870422,1019.913330078125,675.7973022460938,1035.4642333984375,719.3583984375,1027.6887817382812,697.5778503417969,15.5509033203125,43.56109619140625
IMG_0029.mp4,6675,222.72272272272272,29.97,1330,2,traffic_signs,0.9002271294593811,673.3010864257812,330.9381103515625,835.0856323242188,491.7131652832031,754.193359375,411.3256378173828,161.7845458984375,160.77505493164062
IMG_0029.mp4,6675,222.72272272272272,29.97,1413,0,auth_label,0.43502843379974365,4.175605297088623,366.3291931152344,127.22393035888672,821.5438842773438,65.69976782798767,593.9365386962891,123.0483250617981,455.2146911621094
IMG_0029.mp4,6675,222.72272272272272,29.97,1326,1,traffic_lights,0.9153605103492737,1139.5074462890625,482.2457580566406,1165.6229248046875,532.9630737304688,1152.565185546875,507.6044158935547,26.115478515625,50.717315673828125
IMG_0029.mp4,6675,222.72272272272272,29.97,1347,2,traffic_signs,0.5711387991905212,964.5512084960938,670.9635009765625,1013.3848876953125,737.0841064453125,988.9680480957031,704.0238037109375,48.83367919921875,66.12060546875
IMG_0029.mp4,6675,222.72272272272272,29.97,1314,2,traffic_signs,0.8127734661102295,1504.0736083984375,659.2968139648438,1558.4453125,706.1851196289062,1531.2594604492188,682.740966796875,54.3717041015625,46.8883056640625
IMG_0029.mp4,6675,222.72272272272272,29.97,1458,1,traffic_lights,0.7726948857307434,1433.1876220703125,670.1804809570312,1473.2772216796875,730.4379272460938,1453.232421875,700.3092041015625,40.089599609375,60.2574462890625
IMG_0029.mp4,6675,222.72272272272272,29.97,1325,1,traffic_lights,0.8557083010673523,1430.93896484375,672.753662109375,1474.0863037109375,731.6262817382812,1452.5126342773438,702.1899719238281,43.1473388671875,58.87261962890625
IMG_0029.mp4,6676,222.7560894227561,29.97,1318,2,traffic_signs,0.924293041229248,1427.30712890625,639.3062133789062,1463.912109375,677.26220703125,1445.609619140625,658.2842102050781,36.60498046875,37.95599365234375
IMG_0029.mp4,6676,222.7560894227561,29.97,1344,1,traffic_lights,0.7098785638809204,1019.764404296875,675.7462768554688,1035.1558837890625,718.9532470703125,1027.4601440429688,697.3497619628906,15.3914794921875,43.20697021484375
IMG_0029.mp4,6676,222.7560894227561,29.97,1330,2,traffic_signs,0.9377525448799133,673.1162719726562,330.92572021484375,834.8334350585938,491.6749572753906,753.974853515625,411.3003387451172,161.7171630859375,160.74923706054688
IMG_0029.mp4,6676,222.7560894227561,29.97,1413,0,auth_label,0.5128602981567383,4.0034332275390625,367.11236572265625,126.11862182617188,822.319091796875,65.06102752685547,594.7157287597656,122.11518859863281,455.20672607421875
IMG_0029.mp4,6676,222.7560894227561,29.97,1326,1,traffic_lights,0.9102580547332764,1139.4539794921875,482.2185363769531,1165.5999755859375,532.9768676757812,1152.5269775390625,507.5977020263672,26.14599609375,50.758331298828125
IMG_0029.mp4,6676,222.7560894227561,29.97,1347,2,traffic_signs,0.5793739557266235,964.445068359375,670.9613037109375,1013.2384643554688,737.0770874023438,988.8417663574219,704.0191955566406,48.79339599609375,66.11578369140625
IMG_0029.mp4,6676,222.7560894227561,29.97,1314,2,traffic_signs,0.8199881315231323,1504.110595703125,659.3389282226562,1558.4832763671875,706.1800537109375,1531.2969360351562,682.7594909667969,54.3726806640625,46.84112548828125
IMG_0029.mp4,6676,222.7560894227561,29.97,1458,1,traffic_lights,0.7765769362449646,1433.2900390625,670.2599487304688,1473.0323486328125,730.50244140625,1453.1611938476562,700.3811950683594,39.7423095703125,60.24249267578125
IMG_0029.mp4,6676,222.7560894227561,29.97,1325,1,traffic_lights,0.7979124188423157,1431.3079833984375,672.91650390625,1473.9444580078125,731.5218505859375,1452.626220703125,702.2191772460938,42.636474609375,58.6053466796875
IMG_0029.mp4,6677,222.78945612278946,29.97,1318,2,traffic_signs,0.9241064786911011,1427.217529296875,639.3107299804688,1463.9478759765625,677.1412353515625,1445.5827026367188,658.2259826660156,36.7303466796875,37.83050537109375
IMG_0029.mp4,6677,222.78945612278946,29.97,1344,1,traffic_lights,0.7148465514183044,1019.8048706054688,675.7682495117188,1035.172119140625,719.2223510742188,1027.4884948730469,697.4953002929688,15.36724853515625,43.4541015625
IMG_0029.mp4,6677,222.78945612278946,29.97,1330,2,traffic_signs,0.9273760914802551,673.1029052734375,330.98663330078125,834.841064453125,491.7417907714844,753.9719848632812,411.3642120361328,161.7381591796875,160.75515747070312
IMG_0029.mp4,6677,222.78945612278946,29.97,1413,0,auth_label,0.47264012694358826,4.2307891845703125,366.2603454589844,125.82816314697266,822.3643188476562,65.02947616577148,594.3123321533203,121.59737396240234,456.1039733886719
IMG_0029.mp4,6677,222.78945612278946,29.97,1326,1,traffic_lights,0.9071223139762878,1139.4263916015625,482.23736572265625,1165.5894775390625,533.0086059570312,1152.5079345703125,507.62298583984375,26.1630859375,50.771240234375
IMG_0029.mp4,6677,222.78945612278946,29.97,1347,2,traffic_signs,0.5907127857208252,964.4938354492188,670.9456176757812,1013.2759399414062,737.057861328125,988.8848876953125,704.0017395019531,48.7821044921875,66.11224365234375
IMG_0029.mp4,6677,222.78945612278946,29.97,1314,2,traffic_signs,0.8208386898040771,1504.1300048828125,659.3815307617188,1558.4378662109375,706.12646484375,1531.283935546875,682.7539978027344,54.307861328125,46.74493408203125
IMG_0029.mp4,6677,222.78945612278946,29.97,1458,1,traffic_lights,0.7787050604820251,1433.4560546875,670.00927734375,1473.1492919921875,730.531005859375,1453.3026733398438,700.2701416015625,39.6932373046875,60.521728515625
IMG_0029.mp4,6677,222.78945612278946,29.97,1325,1,traffic_lights,0.5320853590965271,1431.4365234375,672.75,1474.1622314453125,731.4651489257812,1452.7993774414062,702.1075744628906,42.7257080078125,58.71514892578125
IMG_0029.mp4,6678,222.82282282282284,29.97,1318,2,traffic_signs,0.923259973526001,1427.1038818359375,639.3534545898438,1463.81640625,677.2402954101562,1445.4601440429688,658.296875,36.7125244140625,37.8868408203125
IMG_0029.mp4,6678,222.82282282282284,29.97,1344,1,traffic_lights,0.7158082723617554,1019.7393188476562,675.7813720703125,1035.1649169921875,719.3856201171875,1027.4521179199219,697.58349609375,15.42559814453125,43.604248046875
IMG_0029.mp4,6678,222.82282282282284,29.97,1330,2,traffic_signs,0.9348623752593994,673.1288452148438,331.0580749511719,834.8292236328125,491.8126220703125,753.9790344238281,411.4353485107422,161.70037841796875,160.75454711914062
IMG_0029.mp4,6678,222.82282282282284,29.97,1413,0,auth_label,0.519844114780426,4.421060562133789,366.2818298339844,125.7231674194336,822.642333984375,65.07211399078369,594.4620819091797,121.3021068572998,456.3605041503906
IMG_0029.mp4,6678,222.82282282282284,29.97,1326,1,traffic_lights,0.9160639047622681,1139.349365234375,482.2464599609375,1165.4373779296875,532.9766845703125,1152.3933715820312,507.611572265625,26.0880126953125,50.730224609375
IMG_0029.mp4,6678,222.82282282282284,29.97,1347,2,traffic_signs,0.5916333794593811,964.5986938476562,671.0250854492188,1013.261474609375,737.0095825195312,988.9300842285156,704.017333984375,48.66278076171875,65.9844970703125
IMG_0029.mp4,6678,222.82282282282284,29.97,1314,2,traffic_signs,0.8203994631767273,1503.9453125,659.4116821289062,1558.08447265625,706.0413208007812,1531.014892578125,682.7265014648438,54.13916015625,46.629638671875
IMG_0029.mp4,6678,222.82282282282284,29.97,1458,1,traffic_lights,0.7541567087173462,1433.2177734375,669.6615600585938,1473.0465087890625,730.566650390625,1453.1321411132812,700.1141052246094,39.8287353515625,60.90509033203125
IMG_0029.mp4,6678,222.82282282282284,29.97,1325,1,traffic_lights,0.7398498058319092,1431.042724609375,672.44775390625,1473.9814453125,731.5242309570312,1452.5120849609375,701.9859924316406,42.938720703125,59.07647705078125
IMG_0029.mp4,6679,222.8561895228562,29.97,1318,2,traffic_signs,0.9230755567550659,1427.127197265625,639.3546752929688,1463.8131103515625,677.2728271484375,1445.4701538085938,658.3137512207031,36.6859130859375,37.91815185546875
IMG_0029.mp4,6679,222.8561895228562,29.97,1344,1,traffic_lights,0.7230849266052246,1019.7349853515625,675.7649536132812,1034.9888916015625,718.9746704101562,1027.3619384765625,697.3698120117188,15.25390625,43.209716796875
IMG_0029.mp4,6679,222.8561895228562,29.97,1330,2,traffic_signs,0.9260510802268982,673.1892700195312,331.06866455078125,834.8052978515625,491.7605895996094,753.9972839355469,411.4146270751953,161.61602783203125,160.69192504882812
IMG_0029.mp4,6679,222.8561895228562,29.97,1413,0,auth_label,0.526628315448761,4.426487445831299,367.8211364746094,125.38560485839844,822.6296997070312,64.90604615211487,595.2254180908203,120.95911741256714,454.8085632324219
IMG_0029.mp4,6679,222.8561895228562,29.97,1326,1,traffic_lights,0.9146469831466675,1139.3443603515625,482.2016906738281,1165.3880615234375,533.0164184570312,1152.3662109375,507.6090545654297,26.043701171875,50.814727783203125
IMG_0029.mp4,6679,222.8561895228562,29.97,1347,2,traffic_signs,0.6091253161430359,964.6076049804688,671.0565795898438,1013.1847534179688,737.0243530273438,988.8961791992188,704.0404663085938,48.5771484375,65.9677734375
IMG_0029.mp4,6679,222.8561895228562,29.97,1314,2,traffic_signs,0.819602370262146,1503.9771728515625,659.387451171875,1558.0,706.004150390625,1530.9885864257812,682.69580078125,54.0228271484375,46.61669921875
IMG_0029.mp4,6680,222.88955622288955,29.97,1318,2,traffic_signs,0.9241931438446045,1427.08984375,639.357177734375,1463.8050537109375,677.2501831054688,1445.4474487304688,658.3036804199219,36.7152099609375,37.89300537109375
IMG_0029.mp4,6680,222.88955622288955,29.97,1344,1,traffic_lights,0.7248371839523315,1019.768798828125,675.8085327148438,1034.9920654296875,719.030029296875,1027.3804321289062,697.4192810058594,15.2232666015625,43.22149658203125
IMG_0029.mp4,6680,222.88955622288955,29.97,1330,2,traffic_signs,0.9383893609046936,673.1693115234375,331.04449462890625,834.7969360351562,491.7731018066406,753.9831237792969,411.40879821777344,161.62762451171875,160.72860717773438
IMG_0029.mp4,6680,222.88955622288955,29.97,1413,0,auth_label,0.5097975134849548,4.404020309448242,368.4235534667969,124.99791717529297,822.6879272460938,64.7009687423706,595.5557403564453,120.59389686584473,454.2643737792969
IMG_0029.mp4,6680,222.88955622288955,29.97,1326,1,traffic_lights,0.9111730456352234,1139.357421875,482.190673828125,1165.3963623046875,533.0385131835938,1152.3768920898438,507.6145935058594,26.0389404296875,50.84783935546875
IMG_0029.mp4,6680,222.88955622288955,29.97,1347,2,traffic_signs,0.6081238985061646,964.42626953125,671.0425415039062,1013.0941162109375,737.0015869140625,988.7601928710938,704.0220642089844,48.6678466796875,65.95904541015625
IMG_0029.mp4,6680,222.88955622288955,29.97,1314,2,traffic_signs,0.8263890743255615,1503.9739990234375,659.3504638671875,1557.9454345703125,705.9405517578125,1530.959716796875,682.6455078125,53.971435546875,46.590087890625
IMG_0029.mp4,6680,222.88955622288955,29.97,1325,1,traffic_lights,0.771147608757019,1432.778076171875,670.3156127929688,1473.2239990234375,730.6143188476562,1453.0010375976562,700.4649658203125,40.4459228515625,60.2987060546875
IMG_0029.mp4,6681,222.92292292292294,29.97,1318,2,traffic_signs,0.9246618151664734,1427.0654296875,639.378173828125,1463.70947265625,677.3043212890625,1445.387451171875,658.3412475585938,36.64404296875,37.9261474609375
IMG_0029.mp4,6681,222.92292292292294,29.97,1344,1,traffic_lights,0.7277638912200928,1019.6884765625,675.8257446289062,1035.045166015625,719.4498901367188,1027.3668212890625,697.6378173828125,15.356689453125,43.6241455078125
IMG_0029.mp4,6681,222.92292292292294,29.97,1330,2,traffic_signs,0.9452396035194397,673.0407104492188,331.04315185546875,834.7255859375,491.7608947753906,753.8831481933594,411.4020233154297,161.68487548828125,160.71774291992188
IMG_0029.mp4,6681,222.92292292292294,29.97,1413,0,auth_label,0.4762919545173645,4.254191875457764,368.6493835449219,124.74581146240234,822.2733764648438,64.50000166893005,595.4613800048828,120.49161958694458,453.6239929199219
IMG_0029.mp4,6681,222.92292292292294,29.97,1326,1,traffic_lights,0.9171906113624573,1139.326416015625,482.2302551269531,1165.3199462890625,532.9814453125,1152.3231811523438,507.60585021972656,25.9935302734375,50.751190185546875
IMG_0029.mp4,6681,222.92292292292294,29.97,1347,2,traffic_signs,0.5918384194374084,964.33154296875,671.0325927734375,1013.1729125976562,736.986572265625,988.7522277832031,704.0095825195312,48.84136962890625,65.9539794921875
IMG_0029.mp4,6681,222.92292292292294,29.97,1314,2,traffic_signs,0.839023232460022,1503.9053955078125,659.2986450195312,1557.900146484375,705.898193359375,1530.9027709960938,682.5984191894531,53.9947509765625,46.59954833984375
IMG_0029.mp4,6681,222.92292292292294,29.97,1325,1,traffic_lights,0.7712205052375793,1432.96484375,669.798583984375,1473.529296875,730.5111083984375,1453.2470703125,700.1548461914062,40.564453125,60.7125244140625
IMG_0029.mp4,6682,222.9562896229563,29.97,1318,2,traffic_signs,0.9239460825920105,1427.0478515625,639.361083984375,1463.679443359375,677.31982421875,1445.3636474609375,658.3404541015625,36.631591796875,37.958740234375
IMG_0029.mp4,6682,222.9562896229563,29.97,1344,1,traffic_lights,0.7315596342086792,1019.5224609375,675.7494506835938,1034.853759765625,718.9994506835938,1027.1881103515625,697.3744506835938,15.331298828125,43.25
IMG_0029.mp4,6682,222.9562896229563,29.97,1330,2,traffic_signs,0.9532883763313293,672.9413452148438,331.0146789550781,834.5789794921875,491.7364807128906,753.7601623535156,411.3755798339844,161.63763427734375,160.7218017578125
IMG_0029.mp4,6682,222.9562896229563,29.97,1413,0,auth_label,0.4974360167980194,4.243247985839844,368.5913391113281,124.68863677978516,822.1954345703125,64.4659423828125,595.3933868408203,120.44538879394531,453.6040954589844
IMG_0029.mp4,6682,222.9562896229563,29.97,1326,1,traffic_lights,0.9164746403694153,1139.3074951171875,482.2256774902344,1165.230712890625,533.0411376953125,1152.2691040039062,507.63340759277344,25.9232177734375,50.815460205078125
IMG_0029.mp4,6682,222.9562896229563,29.97,1347,2,traffic_signs,0.5917861461639404,964.2971801757812,670.9899291992188,1012.8823852539062,736.9857788085938,988.5897827148438,703.9878540039062,48.585205078125,65.995849609375
IMG_0029.mp4,6682,222.9562896229563,29.97,1314,2,traffic_signs,0.8511155247688293,1503.896484375,659.22802734375,1557.78369140625,705.8749389648438,1530.840087890625,682.5514831542969,53.88720703125,46.64691162109375
IMG_0029.mp4,6682,222.9562896229563,29.97,1325,1,traffic_lights,0.7735275626182556,1433.2745361328125,669.85205078125,1473.749267578125,730.1801147460938,1453.5119018554688,700.0160827636719,40.4747314453125,60.32806396484375
IMG_0029.mp4,6683,222.98965632298967,29.97,1318,2,traffic_signs,0.9220137000083923,1426.920654296875,639.345703125,1463.42724609375,677.4120483398438,1445.1739501953125,658.3788757324219,36.506591796875,38.06634521484375
IMG_0029.mp4,6683,222.98965632298967,29.97,1344,1,traffic_lights,0.726751446723938,1019.5236206054688,675.7201538085938,1034.875732421875,719.1141967773438,1027.1996765136719,697.4171752929688,15.35211181640625,43.39404296875
IMG_0029.mp4,6683,222.98965632298967,29.97,1330,2,traffic_signs,0.9528106451034546,673.019287109375,331.0616455078125,834.5617065429688,491.7421569824219,753.7904968261719,411.4019012451172,161.54241943359375,160.68051147460938
IMG_0029.mp4,6683,222.98965632298967,29.97,1413,0,auth_label,0.5118946433067322,4.483949184417725,368.48651123046875,124.86124420166016,822.0169677734375,64.67259669303894,595.2517395019531,120.37729501724243,453.53045654296875
IMG_0029.mp4,6683,222.98965632298967,29.97,1326,1,traffic_lights,0.9168203473091125,1139.203369140625,482.2445983886719,1165.130126953125,533.0916137695312,1152.166748046875,507.66810607910156,25.9267578125,50.847015380859375
IMG_0029.mp4,6683,222.98965632298967,29.97,1347,2,traffic_signs,0.5996019244194031,964.32275390625,670.881103515625,1012.8191528320312,736.9024658203125,988.5709533691406,703.8917846679688,48.49639892578125,66.0213623046875
IMG_0029.mp4,6683,222.98965632298967,29.97,1314,2,traffic_signs,0.7909507155418396,1503.6536865234375,659.0215454101562,1557.5013427734375,705.8579711914062,1530.5775146484375,682.4397583007812,53.84765625,46.83642578125
IMG_0029.mp4,6683,222.98965632298967,29.97,1325,1,traffic_lights,0.7506536245346069,1433.078857421875,669.6123046875,1473.4239501953125,730.0814208984375,1453.2514038085938,699.8468627929688,40.3450927734375,60.4691162109375
IMG_0029.mp4,6684,223.02302302302303,29.97,1318,2,traffic_signs,0.9236074090003967,1426.9716796875,639.4100952148438,1463.4510498046875,677.4252319335938,1445.2113647460938,658.4176635742188,36.4793701171875,38.01513671875
IMG_0029.mp4,6684,223.02302302302303,29.97,1344,1,traffic_lights,0.7330795526504517,1019.5721435546875,675.6442260742188,1034.9439697265625,719.211181640625,1027.258056640625,697.4277038574219,15.371826171875,43.56695556640625
IMG_0029.mp4,6684,223.02302302302303,29.97,1330,2,traffic_signs,0.9531438946723938,673.0596313476562,331.08233642578125,834.5921020507812,491.72515869140625,753.8258666992188,411.40374755859375,161.532470703125,160.642822265625
IMG_0029.mp4,6684,223.02302302302303,29.97,1413,0,auth_label,0.48002973198890686,4.500082492828369,369.3310546875,124.87035369873047,821.5720825195312,64.68521809577942,595.4515686035156,120.3702712059021,452.24102783203125
IMG_0029.mp4,6684,223.02302302302303,29.97,1326,1,traffic_lights,0.9177299737930298,1139.2567138671875,482.2450866699219,1165.1556396484375,532.9851684570312,1152.2061767578125,507.61512756347656,25.89892578125,50.740081787109375
IMG_0029.mp4,6684,223.02302302302303,29.97,1347,2,traffic_signs,0.626754879951477,964.3423461914062,670.9342651367188,1012.7974853515625,736.95654296875,988.5699157714844,703.9454040527344,48.45513916015625,66.02227783203125
IMG_0029.mp4,6684,223.02302302302303,29.97,1314,2,traffic_signs,0.826670229434967,1503.718505859375,659.0716552734375,1557.6270751953125,705.9428100585938,1530.6727905273438,682.5072326660156,53.9085693359375,46.87115478515625
IMG_0029.mp4,6684,223.02302302302303,29.97,1325,1,traffic_lights,0.7394232749938965,1433.0797119140625,669.7914428710938,1473.3333740234375,730.2906494140625,1453.20654296875,700.0410461425781,40.253662109375,60.49920654296875
IMG_0029.mp4,6685,223.0563897230564,29.97,1318,2,traffic_signs,0.9232425689697266,1426.970703125,639.4338989257812,1463.47900390625,677.379638671875,1445.224853515625,658.4067687988281,36.50830078125,37.94573974609375
IMG_0029.mp4,6685,223.0563897230564,29.97,1344,1,traffic_lights,0.7464582324028015,1019.590576171875,675.6345825195312,1034.863037109375,718.7991333007812,1027.226806640625,697.2168579101562,15.2724609375,43.16455078125
IMG_0029.mp4,6685,223.0563897230564,29.97,1330,2,traffic_signs,0.9527903199195862,673.0762329101562,331.10345458984375,834.6015014648438,491.7331848144531,753.8388671875,411.41831970214844,161.5252685546875,160.62973022460938
IMG_0029.mp4,6685,223.0563897230564,29.97,1413,0,auth_label,0.4725276827812195,4.494777679443359,369.45306396484375,125.01295471191406,821.1782836914062,64.75386619567871,595.315673828125,120.5181770324707,451.7252197265625
IMG_0029.mp4,6685,223.0563897230564,29.97,1326,1,traffic_lights,0.9170076251029968,1139.2899169921875,482.2160949707031,1165.1339111328125,533.044677734375,1152.2119140625,507.63038635253906,25.843994140625,50.828582763671875
IMG_0029.mp4,6685,223.0563897230564,29.97,1347,2,traffic_signs,0.6385375261306763,964.279541015625,670.83154296875,1012.6644287109375,736.9736938476562,988.4719848632812,703.9026184082031,48.3848876953125,66.14215087890625
IMG_0029.mp4,6685,223.0563897230564,29.97,1314,2,traffic_signs,0.833966851234436,1503.718994140625,659.0980224609375,1557.6868896484375,705.9489135742188,1530.7029418945312,682.5234680175781,53.9678955078125,46.85089111328125
IMG_0029.mp4,6685,223.0563897230564,29.97,1325,1,traffic_lights,0.7653848528862,1433.1488037109375,669.647216796875,1473.556396484375,730.0804443359375,1453.3526000976562,699.8638305664062,40.4075927734375,60.4332275390625
IMG_0029.mp4,6686,223.08975642308977,29.97,1318,2,traffic_signs,0.9228934645652771,1426.9139404296875,639.4343872070312,1463.4832763671875,677.3735961914062,1445.1986083984375,658.4039916992188,36.5693359375,37.939208984375
IMG_0029.mp4,6686,223.08975642308977,29.97,1344,1,traffic_lights,0.7489581108093262,1019.5966186523438,675.6243896484375,1034.9429931640625,718.9827880859375,1027.2698059082031,697.3035888671875,15.34637451171875,43.3583984375
IMG_0029.mp4,6686,223.08975642308977,29.97,1330,2,traffic_signs,0.9545397758483887,673.0374755859375,331.1038818359375,834.5796508789062,491.7091369628906,753.8085632324219,411.40650939941406,161.54217529296875,160.60525512695312
IMG_0029.mp4,6686,223.08975642308977,29.97,1413,0,auth_label,0.5209147334098816,4.410281181335449,369.47723388671875,124.8604507446289,821.4319458007812,64.63536596298218,595.45458984375,120.45016956329346,451.9547119140625
IMG_0029.mp4,6686,223.08975642308977,29.97,1326,1,traffic_lights,0.9160194993019104,1139.298828125,482.1824951171875,1165.1678466796875,533.0137939453125,1152.2333374023438,507.59814453125,25.8690185546875,50.831298828125
IMG_0029.mp4,6686,223.08975642308977,29.97,1347,2,traffic_signs,0.6442297101020813,964.25048828125,670.8207397460938,1012.6504516601562,737.0250854492188,988.4504699707031,703.9229125976562,48.39996337890625,66.204345703125
IMG_0029.mp4,6686,223.08975642308977,29.97,1314,2,traffic_signs,0.8250561356544495,1503.722412109375,659.072509765625,1557.71533203125,705.9634399414062,1530.7188720703125,682.5179748535156,53.992919921875,46.89093017578125
IMG_0029.mp4,6686,223.08975642308977,29.97,1325,1,traffic_lights,0.7673520445823669,1433.182373046875,669.4490356445312,1473.611572265625,730.1476440429688,1453.39697265625,699.79833984375,40.42919921875,60.6986083984375
IMG_0029.mp4,6687,223.12312312312312,29.97,1318,2,traffic_signs,0.9227585792541504,1426.8743896484375,639.4331665039062,1463.4820556640625,677.3716430664062,1445.17822265625,658.4024047851562,36.607666015625,37.9384765625
IMG_0029.mp4,6687,223.12312312312312,29.97,1344,1,traffic_lights,0.749325156211853,1019.6174926757812,675.5838012695312,1034.9541015625,718.9911499023438,1027.2857971191406,697.2874755859375,15.33660888671875,43.4073486328125
IMG_0029.mp4,6687,223.12312312312312,29.97,1330,2,traffic_signs,0.955848217010498,673.0626220703125,331.1365051269531,834.5811767578125,491.7859191894531,753.8218994140625,411.4612121582031,161.5185546875,160.6494140625
IMG_0029.mp4,6687,223.12312312312312,29.97,1413,0,auth_label,0.5532789826393127,4.469005107879639,369.2160339355469,124.80967712402344,821.758544921875,64.63934111595154,595.4872894287109,120.3406720161438,452.5425109863281
IMG_0029.mp4,6687,223.12312312312312,29.97,1326,1,traffic_lights,0.9178119897842407,1139.28271484375,482.19384765625,1165.1768798828125,532.9492797851562,1152.2297973632812,507.5715637207031,25.8941650390625,50.75543212890625
IMG_0029.mp4,6687,223.12312312312312,29.97,1347,2,traffic_signs,0.6353755593299866,964.3007202148438,670.81103515625,1012.6494750976562,737.0181884765625,988.47509765625,703.9146118164062,48.3487548828125,66.2071533203125
IMG_0029.mp4,6687,223.12312312312312,29.97,1314,2,traffic_signs,0.8147748112678528,1503.742919921875,659.0486450195312,1557.715576171875,705.9622802734375,1530.729248046875,682.5054626464844,53.97265625,46.91363525390625
IMG_0029.mp4,6687,223.12312312312312,29.97,1325,1,traffic_lights,0.7562333345413208,1433.0491943359375,669.3409423828125,1474.1246337890625,730.314697265625,1453.5869140625,699.8278198242188,41.075439453125,60.9737548828125
IMG_0029.mp4,6688,223.1564898231565,29.97,1318,2,traffic_signs,0.9233829379081726,1426.8494873046875,639.4271850585938,1463.47607421875,677.4125366210938,1445.1627807617188,658.4198608398438,36.6265869140625,37.9853515625
IMG_0029.mp4,6688,223.1564898231565,29.97,1344,1,traffic_lights,0.7469798922538757,1019.6148681640625,675.6157836914062,1034.8988037109375,718.699462890625,1027.2568359375,697.1576232910156,15.283935546875,43.08367919921875
IMG_0029.mp4,6688,223.1564898231565,29.97,1330,2,traffic_signs,0.954250693321228,673.061767578125,331.1304016113281,834.6289672851562,491.8439636230469,753.8453674316406,411.4871826171875,161.56719970703125,160.71356201171875
IMG_0029.mp4,6688,223.1564898231565,29.97,1413,0,auth_label,0.556326687335968,4.372515678405762,368.8594970703125,124.7104721069336,822.1837768554688,64.54149389266968,595.5216369628906,120.33795642852783,453.32427978515625
IMG_0029.mp4,6688,223.1564898231565,29.97,1326,1,traffic_lights,0.9130633473396301,1139.299560546875,482.1807556152344,1165.24267578125,533.080810546875,1152.2711181640625,507.6307830810547,25.943115234375,50.900054931640625
IMG_0029.mp4,6688,223.1564898231565,29.97,1347,2,traffic_signs,0.6304845213890076,964.3291625976562,670.7374877929688,1012.6033325195312,737.13330078125,988.4662475585938,703.9353942871094,48.274169921875,66.39581298828125
IMG_0029.mp4,6688,223.1564898231565,29.97,1314,2,traffic_signs,0.8024358153343201,1503.7374267578125,659.0707397460938,1557.734375,705.951416015625,1530.7359008789062,682.5110778808594,53.9969482421875,46.88067626953125
IMG_0029.mp4,6688,223.1564898231565,29.97,1325,1,traffic_lights,0.7605818510055542,1433.1878662109375,669.3665161132812,1474.3511962890625,730.1278076171875,1453.76953125,699.7471618652344,41.163330078125,60.76129150390625
IMG_0029.mp4,6689,223.18985652318986,29.97,1318,2,traffic_signs,0.9264675974845886,1427.0498046875,639.4644165039062,1463.7713623046875,677.3609008789062,1445.4105834960938,658.4126586914062,36.7215576171875,37.896484375
IMG_0029.mp4,6689,223.18985652318986,29.97,1344,1,traffic_lights,0.7529224157333374,1019.6717529296875,675.7022705078125,1034.90869140625,718.6132202148438,1027.2902221679688,697.1577453613281,15.2369384765625,42.91094970703125
IMG_0029.mp4,6689,223.18985652318986,29.97,1330,2,traffic_signs,0.954051673412323,673.0108642578125,331.0970764160156,834.6416015625,491.8628845214844,753.8262329101562,411.47998046875,161.6307373046875,160.76580810546875
IMG_0029.mp4,6689,223.18985652318986,29.97,1413,0,auth_label,0.5287901759147644,4.332784175872803,368.2142639160156,124.71630859375,822.35986328125,64.5245463848114,595.2870635986328,120.3835244178772,454.1455993652344
IMG_0029.mp4,6689,223.18985652318986,29.97,1326,1,traffic_lights,0.9138174057006836,1139.3587646484375,482.1966247558594,1165.2384033203125,533.061279296875,1152.298583984375,507.6289520263672,25.879638671875,50.864654541015625
IMG_0029.mp4,6689,223.18985652318986,29.97,1347,2,traffic_signs,0.6389039158821106,964.3319091796875,670.7731323242188,1012.5279541015625,737.207275390625,988.429931640625,703.9902038574219,48.196044921875,66.43414306640625
IMG_0029.mp4,6689,223.18985652318986,29.97,1314,2,traffic_signs,0.7734295129776001,1503.70458984375,659.0523071289062,1558.0465087890625,705.9816284179688,1530.8755493164062,682.5169677734375,54.3419189453125,46.9293212890625
IMG_0029.mp4,6689,223.18985652318986,29.97,1325,1,traffic_lights,0.7479069828987122,1433.55810546875,671.289794921875,1475.4208984375,729.4017333984375,1454.489501953125,700.3457641601562,41.86279296875,58.1119384765625
IMG_0029.mp4,6690,223.22322322322324,29.97,1318,2,traffic_signs,0.9249510765075684,1427.041259765625,639.5393676757812,1463.5516357421875,677.4500122070312,1445.2964477539062,658.4946899414062,36.5103759765625,37.91064453125
IMG_0029.mp4,6690,223.22322322322324,29.97,1344,1,traffic_lights,0.7488023042678833,1019.6525268554688,675.695068359375,1035.00634765625,718.9692993164062,1027.3294372558594,697.3321838378906,15.35382080078125,43.27423095703125
IMG_0029.mp4,6690,223.22322322322324,29.97,1330,2,traffic_signs,0.9535783529281616,673.1016845703125,331.15203857421875,834.6963500976562,491.8763427734375,753.8990173339844,411.5141906738281,161.59466552734375,160.72430419921875
IMG_0029.mp4,6690,223.22322322322324,29.97,1413,0,auth_label,0.47944262623786926,4.482463359832764,367.4895935058594,125.51090240478516,821.745849609375,64.99668288230896,594.6177215576172,121.02843904495239,454.2562561035156
IMG_0029.mp4,6690,223.22322322322324,29.97,1326,1,traffic_lights,0.9183349013328552,1139.337158203125,482.2873229980469,1165.1346435546875,533.042724609375,1152.2359008789062,507.66502380371094,25.7974853515625,50.755401611328125
IMG_0029.mp4,6690,223.22322322322324,29.97,1347,2,traffic_signs,0.6366417407989502,964.3312377929688,670.7614135742188,1012.51416015625,737.2546997070312,988.4226989746094,704.008056640625,48.18292236328125,66.4932861328125
IMG_0029.mp4,6690,223.22322322322324,29.97,1314,2,traffic_signs,0.779739499092102,1503.467041015625,659.0573120117188,1557.86328125,705.9575805664062,1530.6651611328125,682.5074462890625,54.396240234375,46.9002685546875
IMG_0029.mp4,6690,223.22322322322324,29.97,1325,1,traffic_lights,0.6968007683753967,1433.6708984375,672.16064453125,1475.7208251953125,729.1399536132812,1454.6958618164062,700.6502990722656,42.0499267578125,56.97930908203125
IMG_0029.mp4,6691,223.2565899232566,29.97,1318,2,traffic_signs,0.9250014424324036,1427.0850830078125,639.5234375,1463.5428466796875,677.4766845703125,1445.31396484375,658.5000610351562,36.457763671875,37.9532470703125
IMG_0029.mp4,6691,223.2565899232566,29.97,1344,1,traffic_lights,0.749190092086792,1019.6354370117188,675.6929931640625,1034.920654296875,718.900634765625,1027.2780456542969,697.2968139648438,15.28521728515625,43.2076416015625
IMG_0029.mp4,6691,223.2565899232566,29.97,1330,2,traffic_signs,0.9543812870979309,673.0503540039062,331.12554931640625,834.6428833007812,491.8621826171875,753.8466186523438,411.4938659667969,161.592529296875,160.73663330078125
IMG_0029.mp4,6691,223.2565899232566,29.97,1413,0,auth_label,0.4869656264781952,4.312190532684326,367.9347839355469,125.4078369140625,821.2149047851562,64.86001372337341,594.5748443603516,121.09564638137817,453.2801208496094
IMG_0029.mp4,6691,223.2565899232566,29.97,1326,1,traffic_lights,0.9140294790267944,1139.331787109375,482.27337646484375,1165.1619873046875,533.1309814453125,1152.2468872070312,507.7021789550781,25.8302001953125,50.85760498046875
IMG_0029.mp4,6691,223.2565899232566,29.97,1347,2,traffic_signs,0.6442159414291382,964.291015625,670.6793823242188,1012.3779296875,737.313232421875,988.33447265625,703.9963073730469,48.0869140625,66.63385009765625
IMG_0029.mp4,6691,223.2565899232566,29.97,1314,2,traffic_signs,0.7824078798294067,1503.407958984375,659.0355224609375,1557.893798828125,705.92236328125,1530.65087890625,682.4789428710938,54.48583984375,46.8868408203125
IMG_0029.mp4,6691,223.2565899232566,29.97,1325,1,traffic_lights,0.7046273946762085,1433.6865234375,672.499267578125,1475.814208984375,728.789794921875,1454.7503662109375,700.64453125,42.127685546875,56.29052734375
IMG_0029.mp4,6691,223.2565899232566,29.97,1462,1,traffic_lights,0.5480842590332031,1430.916259765625,673.8359375,1475.8466796875,731.0494384765625,1453.3814697265625,702.4426879882812,44.930419921875,57.2135009765625
IMG_0029.mp4,6692,223.28995662328995,29.97,1318,2,traffic_signs,0.925570547580719,1427.23193359375,639.5328369140625,1463.6175537109375,677.471923828125,1445.4247436523438,658.5023803710938,36.3856201171875,37.9390869140625
IMG_0029.mp4,6692,223.28995662328995,29.97,1344,1,traffic_lights,0.743141233921051,1019.7907104492188,675.7521362304688,1035.093017578125,718.981689453125,1027.4418640136719,697.3669128417969,15.30230712890625,43.22955322265625
IMG_0029.mp4,6692,223.28995662328995,29.97,1330,2,traffic_signs,0.9507954716682434,673.166259765625,331.1311340332031,834.6420288085938,491.92242431640625,753.9041442871094,411.5267791748047,161.47576904296875,160.79129028320312
IMG_0029.mp4,6692,223.28995662328995,29.97,1413,0,auth_label,0.4595480263233185,4.217911243438721,367.55084228515625,126.09750366210938,821.041015625,65.15770745277405,594.2959289550781,121.87959241867065,453.49017333984375
IMG_0029.mp4,6692,223.28995662328995,29.97,1326,1,traffic_lights,0.9146972298622131,1139.3612060546875,482.27618408203125,1165.22021484375,533.2682495117188,1152.2907104492188,507.772216796875,25.8590087890625,50.9920654296875
IMG_0029.mp4,6692,223.28995662328995,29.97,1347,2,traffic_signs,0.6404432654380798,964.4080810546875,670.7747192382812,1012.4644165039062,737.37158203125,988.4362487792969,704.0731506347656,48.05633544921875,66.59686279296875
IMG_0029.mp4,6692,223.28995662328995,29.97,1314,2,traffic_signs,0.7766613364219666,1503.3624267578125,659.0005493164062,1557.884521484375,705.9725952148438,1530.6234741210938,682.486572265625,54.5220947265625,46.9720458984375
IMG_0029.mp4,6692,223.28995662328995,29.97,1325,1,traffic_lights,0.6994414925575256,1434.1668701171875,672.6632080078125,1475.967041015625,728.6381225585938,1455.0669555664062,700.6506652832031,41.8001708984375,55.97491455078125
IMG_0029.mp4,6692,223.28995662328995,29.97,1462,1,traffic_lights,0.29983726143836975,1430.896240234375,673.7723999023438,1475.9986572265625,731.0090942382812,1453.4474487304688,702.3907470703125,45.1024169921875,57.2366943359375
IMG_0029.mp4,6693,223.32332332332334,29.97,1318,2,traffic_signs,0.9247249364852905,1427.2530517578125,639.5292358398438,1463.6728515625,677.3936157226562,1445.4629516601562,658.46142578125,36.4197998046875,37.8643798828125
IMG_0029.mp4,6693,223.32332332332334,29.97,1344,1,traffic_lights,0.7411375641822815,1019.756103515625,675.7160034179688,1035.1136474609375,719.1806640625,1027.4348754882812,697.4483337402344,15.3575439453125,43.46466064453125
IMG_0029.mp4,6693,223.32332332332334,29.97,1330,2,traffic_signs,0.9517697095870972,673.11474609375,331.1142883300781,834.6113891601562,491.9753723144531,753.8630676269531,411.5448303222656,161.49664306640625,160.861083984375
IMG_0029.mp4,6693,223.32332332332334,29.97,1413,0,auth_label,0.48135146498680115,4.175975322723389,367.3236999511719,126.72095489501953,821.4520874023438,65.44846510887146,594.3878936767578,122.54497957229614,454.1283874511719
IMG_0029.mp4,6693,223.32332332332334,29.97,1326,1,traffic_lights,0.9190778136253357,1139.3272705078125,482.2679443359375,1165.1798095703125,533.1481323242188,1152.2535400390625,507.7080383300781,25.8525390625,50.88018798828125
IMG_0029.mp4,6693,223.32332332332334,29.97,1347,2,traffic_signs,0.6380648016929626,964.5065307617188,670.7664184570312,1012.4100341796875,737.3467407226562,988.4582824707031,704.0565795898438,47.90350341796875,66.580322265625
IMG_0029.mp4,6693,223.32332332332334,29.97,1314,2,traffic_signs,0.7756403684616089,1503.2904052734375,658.93896484375,1557.828369140625,705.988525390625,1530.5593872070312,682.4637451171875,54.5379638671875,47.049560546875
IMG_0029.mp4,6693,223.32332332332334,29.97,1325,1,traffic_lights,0.6928535103797913,1434.45751953125,672.7787475585938,1476.1263427734375,728.67626953125,1455.2919311523438,700.7275085449219,41.6688232421875,55.89752197265625
IMG_0029.mp4,6693,223.32332332332334,29.97,1462,1,traffic_lights,0.33168825507164,1430.665771484375,673.8076171875,1476.3206787109375,731.186767578125,1453.4932250976562,702.4971923828125,45.6549072265625,57.379150390625
IMG_0029.mp4,6694,223.3566900233567,29.97,1318,2,traffic_signs,0.9248756170272827,1427.278564453125,639.5270385742188,1463.627197265625,677.3977661132812,1445.452880859375,658.46240234375,36.3486328125,37.8707275390625
IMG_0029.mp4,6694,223.3566900233567,29.97,1344,1,traffic_lights,0.7479442358016968,1019.8735961914062,675.7089233398438,1035.235107421875,718.962646484375,1027.5543518066406,697.3357849121094,15.36151123046875,43.25372314453125
IMG_0029.mp4,6694,223.3566900233567,29.97,1330,2,traffic_signs,0.9474121332168579,673.2123413085938,331.1011962890625,834.6387939453125,491.9513244628906,753.9255676269531,411.52626037597656,161.42645263671875,160.85012817382812
IMG_0029.mp4,6694,223.3566900233567,29.97,1413,0,auth_label,0.38805997371673584,4.227372169494629,367.60296630859375,127.93392181396484,820.9051513671875,66.08064699172974,594.2540588378906,123.70654964447021,453.30218505859375
IMG_0029.mp4,6694,223.3566900233567,29.97,1326,1,traffic_lights,0.9150909781455994,1139.3785400390625,482.3070068359375,1165.2308349609375,533.2783203125,1152.3046875,507.79266357421875,25.852294921875,50.9713134765625
IMG_0029.mp4,6694,223.3566900233567,29.97,1347,2,traffic_signs,0.6509122848510742,964.5765991210938,670.7745361328125,1012.2684326171875,737.3901977539062,988.4225158691406,704.0823669433594,47.69183349609375,66.61566162109375
IMG_0029.mp4,6694,223.3566900233567,29.97,1314,2,traffic_signs,0.7563861608505249,1503.2935791015625,658.8936767578125,1557.834228515625,706.0411987304688,1530.5639038085938,682.4674377441406,54.5406494140625,47.14752197265625
IMG_0029.mp4,6694,223.3566900233567,29.97,1325,1,traffic_lights,0.7170876860618591,1434.2451171875,672.700927734375,1476.05810546875,728.6923828125,1455.151611328125,700.6966552734375,41.81298828125,55.991455078125
IMG_0029.mp4,6695,223.39005672339007,29.97,1318,2,traffic_signs,0.9247634410858154,1427.2635498046875,639.4993286132812,1463.5999755859375,677.3994140625,1445.4317626953125,658.4493713378906,36.33642578125,37.90008544921875
IMG_0029.mp4,6695,223.39005672339007,29.97,1344,1,traffic_lights,0.7467142343521118,1019.9122924804688,675.703125,1035.296142578125,719.1155395507812,1027.6042175292969,697.4093322753906,15.38385009765625,43.41241455078125
IMG_0029.mp4,6695,223.39005672339007,29.97,1330,2,traffic_signs,0.9487740993499756,673.20166015625,331.0895080566406,834.6077880859375,491.92755126953125,753.9047241210938,411.50852966308594,161.4061279296875,160.83804321289062
IMG_0029.mp4,6695,223.39005672339007,29.97,1413,0,auth_label,0.391771525144577,4.1907877922058105,367.4281005859375,128.4082489013672,820.7942504882812,66.2995183467865,594.1111755371094,124.21746110916138,453.36614990234375
IMG_0029.mp4,6695,223.39005672339007,29.97,1326,1,traffic_lights,0.9154490232467651,1139.3798828125,482.3050537109375,1165.2257080078125,533.3313598632812,1152.3027954101562,507.8182067871094,25.8458251953125,51.02630615234375
IMG_0029.mp4,6695,223.39005672339007,29.97,1347,2,traffic_signs,0.649751603603363,964.6011962890625,670.8029174804688,1012.327880859375,737.4301147460938,988.4645385742188,704.1165161132812,47.7266845703125,66.627197265625
IMG_0029.mp4,6695,223.39005672339007,29.97,1314,2,traffic_signs,0.7651470899581909,1503.292236328125,658.8947143554688,1557.832763671875,706.0364379882812,1530.5625,682.465576171875,54.54052734375,47.1417236328125
IMG_0029.mp4,6695,223.39005672339007,29.97,1325,1,traffic_lights,0.7145877480506897,1434.26123046875,672.7476806640625,1476.074951171875,728.6700439453125,1455.1680908203125,700.7088623046875,41.813720703125,55.92236328125
IMG_0029.mp4,6696,223.42342342342343,29.97,1318,2,traffic_signs,0.9249587059020996,1427.176513671875,639.4783935546875,1463.5460205078125,677.361083984375,1445.3612670898438,658.4197387695312,36.3695068359375,37.8826904296875
IMG_0029.mp4,6696,223.42342342342343,29.97,1344,1,traffic_lights,0.7442528605461121,1019.85791015625,675.7073974609375,1035.375,719.6535034179688,1027.616455078125,697.6804504394531,15.51708984375,43.94610595703125
IMG_0029.mp4,6696,223.42342342342343,29.97,1330,2,traffic_signs,0.9490495324134827,673.2073364257812,331.0691833496094,834.6593627929688,491.9056701660156,753.933349609375,411.4874267578125,161.4520263671875,160.83648681640625
IMG_0029.mp4,6696,223.42342342342343,29.97,1413,0,auth_label,0.3701143264770508,4.170302867889404,366.35784912109375,128.8350372314453,820.4800415039062,66.50267004966736,593.4189453125,124.66473436355591,454.1221923828125
IMG_0029.mp4,6696,223.42342342342343,29.97,1326,1,traffic_lights,0.9179714918136597,1139.350341796875,482.33013916015625,1165.2244873046875,533.1842651367188,1152.2874145507812,507.7572021484375,25.8741455078125,50.8541259765625
IMG_0029.mp4,6696,223.42342342342343,29.97,1347,2,traffic_signs,0.6397932171821594,964.6729125976562,670.8228759765625,1012.3511352539062,737.4263305664062,988.5120239257812,704.1246032714844,47.67822265625,66.60345458984375
IMG_0029.mp4,6696,223.42342342342343,29.97,1314,2,traffic_signs,0.7630966305732727,1503.238037109375,658.8997802734375,1557.834716796875,706.0044555664062,1530.536376953125,682.4521179199219,54.5966796875,47.10467529296875
IMG_0029.mp4,6696,223.42342342342343,29.97,1325,1,traffic_lights,0.6997566223144531,1434.8394775390625,673.0234375,1476.4825439453125,728.6775512695312,1455.6610107421875,700.8504943847656,41.64306640625,55.65411376953125
IMG_0029.mp4,6697,223.4567901234568,29.97,1318,2,traffic_signs,0.9246262907981873,1427.0224609375,639.4512939453125,1463.439453125,677.3214111328125,1445.23095703125,658.3863525390625,36.4169921875,37.8701171875
IMG_0029.mp4,6697,223.4567901234568,29.97,1344,1,traffic_lights,0.749629557132721,1019.828857421875,675.608642578125,1035.309326171875,719.2664184570312,1027.569091796875,697.4375305175781,15.48046875,43.65777587890625
IMG_0029.mp4,6697,223.4567901234568,29.97,1330,2,traffic_signs,0.9409298896789551,673.3714599609375,331.0063171386719,834.7402954101562,491.7853088378906,754.0558776855469,411.39581298828125,161.36883544921875,160.77899169921875
IMG_0029.mp4,6697,223.4567901234568,29.97,1413,0,auth_label,0.33703485131263733,4.413894176483154,366.8730773925781,129.02076721191406,819.935791015625,66.71733069419861,593.4044342041016,124.60687303543091,453.0627136230469
IMG_0029.mp4,6697,223.4567901234568,29.97,1326,1,traffic_lights,0.916605532169342,1139.357177734375,482.3121643066406,1165.20703125,533.2815551757812,1152.2821044921875,507.79685974121094,25.849853515625,50.969390869140625
IMG_0029.mp4,6697,223.4567901234568,29.97,1347,2,traffic_signs,0.6368380784988403,964.7770385742188,670.7394409179688,1012.3211669921875,737.3750610351562,988.5491027832031,704.0572509765625,47.54412841796875,66.6356201171875
IMG_0029.mp4,6697,223.4567901234568,29.97,1314,2,traffic_signs,0.7658946514129639,1503.1954345703125,658.9114379882812,1557.6297607421875,705.9981689453125,1530.41259765625,682.4548034667969,54.434326171875,47.08673095703125
IMG_0029.mp4,6697,223.4567901234568,29.97,1325,1,traffic_lights,0.6926738619804382,1434.425048828125,672.49462890625,1476.004150390625,728.4691162109375,1455.214599609375,700.4818725585938,41.5791015625,55.9744873046875
IMG_0029.mp4,6698,223.49015682349017,29.97,1318,2,traffic_signs,0.924866259098053,1427.0115966796875,639.4730834960938,1463.452392578125,677.3558959960938,1445.2319946289062,658.4144897460938,36.4407958984375,37.8828125
IMG_0029.mp4,6698,223.49015682349017,29.97,1344,1,traffic_lights,0.7482362389564514,1019.8152465820312,675.5042114257812,1035.292236328125,719.3056640625,1027.5537414550781,697.4049377441406,15.47698974609375,43.80145263671875
IMG_0029.mp4,6698,223.49015682349017,29.97,1330,2,traffic_signs,0.9077460169792175,673.4263305664062,330.98382568359375,834.9083862304688,491.79541015625,754.1673583984375,411.3896179199219,161.4820556640625,160.81158447265625
IMG_0029.mp4,6698,223.49015682349017,29.97,1413,0,auth_label,0.2758077085018158,4.34835958480835,367.2940979003906,129.4042510986328,819.5466918945312,66.87630534172058,593.4203948974609,125.05589151382446,452.2525939941406
IMG_0029.mp4,6698,223.49015682349017,29.97,1326,1,traffic_lights,0.91482013463974,1139.3682861328125,482.307861328125,1165.2440185546875,533.3660888671875,1152.30615234375,507.83697509765625,25.875732421875,51.0582275390625
IMG_0029.mp4,6698,223.49015682349017,29.97,1347,2,traffic_signs,0.6281973719596863,964.8135375976562,670.7335815429688,1012.4174194335938,737.39306640625,988.615478515625,704.0633239746094,47.6038818359375,66.65948486328125
IMG_0029.mp4,6698,223.49015682349017,29.97,1314,2,traffic_signs,0.7472838759422302,1503.258544921875,658.9620971679688,1557.6300048828125,706.0333251953125,1530.4442749023438,682.4977111816406,54.3714599609375,47.07122802734375
IMG_0029.mp4,6698,223.49015682349017,29.97,1325,1,traffic_lights,0.6854832768440247,1434.56591796875,672.1846313476562,1475.9246826171875,728.55029296875,1455.2453002929688,700.3674621582031,41.3587646484375,56.36566162109375
IMG_0029.mp4,6698,223.49015682349017,29.97,1463,1,traffic_lights,0.34602391719818115,1430.231201171875,673.4070434570312,1475.8919677734375,731.032470703125,1453.0615844726562,702.2197570800781,45.6607666015625,57.62542724609375
IMG_0029.mp4,6699,223.52352352352352,29.97,1318,2,traffic_signs,0.9243567585945129,1427.0211181640625,639.4533081054688,1463.48876953125,677.3875122070312,1445.2549438476562,658.42041015625,36.4676513671875,37.9342041015625
IMG_0029.mp4,6699,223.52352352352352,29.97,1344,1,traffic_lights,0.748324453830719,1019.7576904296875,675.4705200195312,1035.3345947265625,719.6885986328125,1027.546142578125,697.5795593261719,15.576904296875,44.21807861328125
IMG_0029.mp4,6699,223.52352352352352,29.97,1330,2,traffic_signs,0.9150989055633545,673.3897094726562,330.9852600097656,834.9349975585938,491.82891845703125,754.162353515625,411.40708923339844,161.5452880859375,160.84365844726562
IMG_0029.mp4,6699,223.52352352352352,29.97,1413,0,auth_label,0.37837880849838257,4.3547515869140625,368.0303649902344,128.2823944091797,819.4736328125,66.31857299804688,593.7519989013672,123.92764282226562,451.4432678222656
IMG_0029.mp4,6699,223.52352352352352,29.97,1326,1,traffic_lights,0.9188336133956909,1139.3642578125,482.3330383300781,1165.15087890625,533.1941528320312,1152.257568359375,507.7635955810547,25.78662109375,50.861114501953125
IMG_0029.mp4,6699,223.52352352352352,29.97,1347,2,traffic_signs,0.6232346892356873,964.8765258789062,670.7593383789062,1012.5355834960938,737.3505859375,988.7060546875,704.0549621582031,47.6590576171875,66.59124755859375
IMG_0029.mp4,6699,223.52352352352352,29.97,1314,2,traffic_signs,0.7298632264137268,1503.2696533203125,658.9363403320312,1557.62060546875,706.0338745117188,1530.4451293945312,682.485107421875,54.3509521484375,47.0975341796875
IMG_0029.mp4,6699,223.52352352352352,29.97,1325,1,traffic_lights,0.6794105768203735,1434.85400390625,672.4290161132812,1475.9222412109375,728.5887451171875,1455.3881225585938,700.5088806152344,41.0682373046875,56.15972900390625
IMG_0029.mp4,6699,223.52352352352352,29.97,1463,1,traffic_lights,0.3258567154407501,1430.0369873046875,673.6012573242188,1476.0509033203125,731.1417846679688,1453.0439453125,702.3715209960938,46.013916015625,57.54052734375
IMG_0029.mp4,6700,223.5568902235569,29.97,1318,2,traffic_signs,0.9243164658546448,1426.951904296875,639.4254760742188,1463.5098876953125,677.3941040039062,1445.2308959960938,658.4097900390625,36.5579833984375,37.9686279296875
IMG_0029.mp4,6700,223.5568902235569,29.97,1344,1,traffic_lights,0.7537977695465088,1019.7092895507812,675.4557495117188,1035.31787109375,719.3936157226562,1027.5135803222656,697.4246826171875,15.60858154296875,43.9378662109375
IMG_0029.mp4,6700,223.5568902235569,29.97,1330,2,traffic_signs,0.9184511303901672,673.3866577148438,331.0500183105469,834.9857177734375,491.7911071777344,754.1861877441406,411.4205627441406,161.59906005859375,160.7410888671875
IMG_0029.mp4,6700,223.5568902235569,29.97,1413,0,auth_label,0.2971445918083191,4.414969444274902,368.7645568847656,128.3888397216797,819.215087890625,66.4019045829773,593.9898223876953,123.97387027740479,450.4505310058594
IMG_0029.mp4,6700,223.5568902235569,29.97,1326,1,traffic_lights,0.916695773601532,1139.4012451171875,482.2744140625,1165.147216796875,533.2540283203125,1152.2742309570312,507.76422119140625,25.7459716796875,50.9796142578125
IMG_0029.mp4,6700,223.5568902235569,29.97,1347,2,traffic_signs,0.6214486956596375,964.7806396484375,670.6671142578125,1012.305908203125,737.3449096679688,988.5432739257812,704.0060119628906,47.5252685546875,66.67779541015625
IMG_0029.mp4,6700,223.5568902235569,29.97,1314,2,traffic_signs,0.7798696756362915,1503.2674560546875,658.9540405273438,1557.752685546875,705.9571533203125,1530.5100708007812,682.4555969238281,54.4852294921875,47.00311279296875
IMG_0029.mp4,6700,223.5568902235569,29.97,1325,1,traffic_lights,0.6761338710784912,1434.4942626953125,672.5062255859375,1475.7008056640625,728.5070190429688,1455.0975341796875,700.5066223144531,41.20654296875,56.00079345703125
IMG_0029.mp4,6700,223.5568902235569,29.97,1463,1,traffic_lights,0.6492804884910583,1430.27197265625,673.7095336914062,1475.5755615234375,731.0104370117188,1452.9237670898438,702.3599853515625,45.3035888671875,57.3009033203125
IMG_0029.mp4,6701,223.59025692359026,29.97,1318,2,traffic_signs,0.9237915873527527,1426.674072265625,639.3187866210938,1463.337158203125,677.355224609375,1445.005615234375,658.3370056152344,36.6630859375,38.03643798828125
IMG_0029.mp4,6701,223.59025692359026,29.97,1344,1,traffic_lights,0.7516146898269653,1019.7185668945312,675.4214477539062,1035.263427734375,719.3168334960938,1027.4909973144531,697.369140625,15.54486083984375,43.8953857421875
IMG_0029.mp4,6701,223.59025692359026,29.97,1330,2,traffic_signs,0.9092480540275574,673.3901977539062,331.0792236328125,834.9879760742188,491.7792663574219,754.1890869140625,411.4292449951172,161.5977783203125,160.70004272460938
IMG_0029.mp4,6701,223.59025692359026,29.97,1413,0,auth_label,0.4160577952861786,4.536759853363037,369.40374755859375,128.01820373535156,820.2223510742188,66.2774817943573,594.8130493164062,123.48144388198853,450.818603515625
IMG_0029.mp4,6701,223.59025692359026,29.97,1326,1,traffic_lights,0.9169932007789612,1139.3419189453125,482.2458190917969,1165.0302734375,533.2698974609375,1152.1860961914062,507.7578582763672,25.6883544921875,51.024078369140625
IMG_0029.mp4,6701,223.59025692359026,29.97,1347,2,traffic_signs,0.6040855646133423,964.9024047851562,670.5774536132812,1012.2421264648438,737.2552490234375,988.572265625,703.9163513183594,47.3397216796875,66.67779541015625
IMG_0029.mp4,6701,223.59025692359026,29.97,1314,2,traffic_signs,0.5709815621376038,1503.2413330078125,658.8720703125,1557.4974365234375,705.8743286132812,1530.369384765625,682.3731994628906,54.256103515625,47.00225830078125
IMG_0029.mp4,6701,223.59025692359026,29.97,1325,1,traffic_lights,0.6937810182571411,1434.4749755859375,672.2693481445312,1475.650634765625,728.4462280273438,1455.0628051757812,700.3577880859375,41.1756591796875,56.1768798828125
IMG_0029.mp4,6701,223.59025692359026,29.97,1463,1,traffic_lights,0.5224727392196655,1430.3560791015625,673.6325073242188,1475.5345458984375,730.9252319335938,1452.9453125,702.2788696289062,45.178466796875,57.292724609375
IMG_0029.mp4,6702,223.62362362362364,29.97,1318,2,traffic_signs,0.9235837459564209,1426.6317138671875,639.3927612304688,1463.3416748046875,677.43310546875,1444.9866943359375,658.4129333496094,36.7099609375,38.04034423828125
IMG_0029.mp4,6702,223.62362362362364,29.97,1344,1,traffic_lights,0.7454742193222046,1019.7548217773438,675.4847412109375,1035.3345947265625,719.7513427734375,1027.5447082519531,697.6180419921875,15.57977294921875,44.2666015625
IMG_0029.mp4,6702,223.62362362362364,29.97,1330,2,traffic_signs,0.9256973266601562,673.3994750976562,331.1153259277344,835.0089111328125,491.8288269042969,754.2041931152344,411.4720764160156,161.60943603515625,160.7135009765625
IMG_0029.mp4,6702,223.62362362362364,29.97,1413,0,auth_label,0.38003987073898315,4.473201751708984,370.0528564453125,128.4119873046875,820.1061401367188,66.44259452819824,595.0794982910156,123.93878555297852,450.05328369140625
IMG_0029.mp4,6702,223.62362362362364,29.97,1326,1,traffic_lights,0.91750168800354,1139.3433837890625,482.3117370605469,1165.066650390625,533.2138671875,1152.2050170898438,507.76280212402344,25.7232666015625,50.902130126953125
IMG_0029.mp4,6702,223.62362362362364,29.97,1347,2,traffic_signs,0.6127779483795166,965.01708984375,670.6690673828125,1012.52392578125,737.360595703125,988.7705078125,704.0148315429688,47.5068359375,66.6915283203125
IMG_0029.mp4,6702,223.62362362362364,29.97,1314,2,traffic_signs,0.43861380219459534,1503.326416015625,658.8801879882812,1557.506103515625,705.9114379882812,1530.416259765625,682.3958129882812,54.1796875,47.03125
IMG_0029.mp4,6702,223.62362362362364,29.97,1325,1,traffic_lights,0.7047184705734253,1434.4000244140625,672.9049072265625,1476.0025634765625,728.5130615234375,1455.2012939453125,700.708984375,41.6025390625,55.608154296875
IMG_0029.mp4,6702,223.62362362362364,29.97,1463,1,traffic_lights,0.6534643173217773,1430.1739501953125,674.023681640625,1475.9932861328125,731.0357666015625,1453.0836181640625,702.5297241210938,45.8193359375,57.0120849609375
IMG_0029.mp4,6703,223.656990323657,29.97,1318,2,traffic_signs,0.9237242937088013,1426.6151123046875,639.407470703125,1463.34814453125,677.4027099609375,1444.9816284179688,658.4050903320312,36.7330322265625,37.9952392578125
IMG_0029.mp4,6703,223.656990323657,29.97,1344,1,traffic_lights,0.7548238039016724,1019.7489013671875,675.5015869140625,1035.2977294921875,719.3366088867188,1027.5233154296875,697.4190979003906,15.548828125,43.83502197265625
IMG_0029.mp4,6703,223.656990323657,29.97,1330,2,traffic_signs,0.9130069017410278,673.3831787109375,331.0914306640625,834.978515625,491.8244323730469,754.1808471679688,411.4579315185547,161.5953369140625,160.73300170898438
IMG_0029.mp4,6703,223.656990323657,29.97,1413,0,auth_label,0.4500855505466461,4.327481746673584,369.94891357421875,128.23614501953125,820.6820068359375,66.28181338310242,595.3154602050781,123.90866327285767,450.73309326171875
IMG_0029.mp4,6703,223.656990323657,29.97,1326,1,traffic_lights,0.9165058732032776,1139.3768310546875,482.2480773925781,1165.035400390625,533.2943725585938,1152.2061157226562,507.77122497558594,25.6585693359375,51.046295166015625
IMG_0029.mp4,6703,223.656990323657,29.97,1347,2,traffic_signs,0.6148101091384888,965.001953125,670.6356811523438,1012.3497314453125,737.3650512695312,988.6758422851562,704.0003662109375,47.3477783203125,66.7293701171875
IMG_0029.mp4,6703,223.656990323657,29.97,1314,2,traffic_signs,0.4929218292236328,1503.369873046875,658.8515014648438,1557.5426025390625,705.9159545898438,1530.4562377929688,682.3837280273438,54.1727294921875,47.064453125
IMG_0029.mp4,6703,223.656990323657,29.97,1325,1,traffic_lights,0.7046791911125183,1434.290771484375,672.8353881835938,1475.8018798828125,728.57421875,1455.0463256835938,700.7048034667969,41.5111083984375,55.73883056640625
IMG_0029.mp4,6703,223.656990323657,29.97,1463,1,traffic_lights,0.6233639121055603,1430.330322265625,673.9865112304688,1475.67578125,731.0518798828125,1453.0030517578125,702.5191955566406,45.345458984375,57.06536865234375
IMG_0029.mp4,6704,223.69035702369035,29.97,1318,2,traffic_signs,0.9210193157196045,1426.497802734375,639.317138671875,1463.31640625,677.4593505859375,1444.9071044921875,658.3882446289062,36.818603515625,38.1422119140625
IMG_0029.mp4,6704,223.69035702369035,29.97,1344,1,traffic_lights,0.7551410794258118,1019.794677734375,675.5665893554688,1035.3447265625,719.1827392578125,1027.5697021484375,697.3746643066406,15.550048828125,43.61614990234375
IMG_0029.mp4,6704,223.69035702369035,29.97,1330,2,traffic_signs,0.908169686794281,673.3426513671875,331.1006774902344,834.97607421875,491.7962341308594,754.1593627929688,411.4484558105469,161.6334228515625,160.695556640625
IMG_0029.mp4,6704,223.69035702369035,29.97,1413,0,auth_label,0.48239246010780334,4.484316349029541,369.5688781738281,128.2261505126953,821.22802734375,66.35523343086243,595.3984527587891,123.74183416366577,451.6591491699219
IMG_0029.mp4,6704,223.69035702369035,29.97,1326,1,traffic_lights,0.9159783720970154,1139.3612060546875,482.2593078613281,1165.0142822265625,533.3291625976562,1152.187744140625,507.7942352294922,25.653076171875,51.069854736328125
IMG_0029.mp4,6704,223.69035702369035,29.97,1347,2,traffic_signs,0.6033043265342712,965.0859985351562,670.5927734375,1012.4244384765625,737.363525390625,988.7552185058594,703.9781494140625,47.33843994140625,66.770751953125
IMG_0029.mp4,6704,223.69035702369035,29.97,1314,2,traffic_signs,0.3396812975406647,1503.39013671875,658.9102172851562,1557.465576171875,705.8875122070312,1530.4278564453125,682.3988647460938,54.075439453125,46.977294921875
IMG_0029.mp4,6704,223.69035702369035,29.97,1325,1,traffic_lights,0.7020857930183411,1433.4700927734375,670.8550415039062,1473.486572265625,729.6317749023438,1453.4783325195312,700.243408203125,40.0164794921875,58.7767333984375
IMG_0029.mp4,6704,223.69035702369035,29.97,1463,1,traffic_lights,0.5636141896247864,1430.6708984375,672.9142456054688,1473.4031982421875,731.2069091796875,1452.0370483398438,702.0605773925781,42.7322998046875,58.29266357421875
IMG_0029.mp4,6705,223.72372372372374,29.97,1318,2,traffic_signs,0.920820951461792,1426.43701171875,639.2911987304688,1463.3214111328125,677.50390625,1444.8792114257812,658.3975524902344,36.8843994140625,38.21270751953125
IMG_0029.mp4,6705,223.72372372372374,29.97,1344,1,traffic_lights,0.7558925747871399,1019.708984375,675.585693359375,1035.3939208984375,719.5615844726562,1027.5514526367188,697.5736389160156,15.6849365234375,43.97589111328125
IMG_0029.mp4,6705,223.72372372372374,29.97,1330,2,traffic_signs,0.9184525012969971,673.1890869140625,331.1211853027344,834.9849853515625,491.7923889160156,754.0870361328125,411.456787109375,161.7958984375,160.67120361328125
IMG_0029.mp4,6705,223.72372372372374,29.97,1413,0,auth_label,0.4424896836280823,4.440791606903076,369.3703308105469,127.78515625,821.3814086914062,66.11297392845154,595.3758697509766,123.34436464309692,452.0110778808594
IMG_0029.mp4,6705,223.72372372372374,29.97,1326,1,traffic_lights,0.9181765913963318,1139.297607421875,482.2669677734375,1165.021240234375,533.2777099609375,1152.159423828125,507.7723388671875,25.7236328125,51.0107421875
IMG_0029.mp4,6705,223.72372372372374,29.97,1347,2,traffic_signs,0.5977259278297424,965.0235595703125,670.5524291992188,1012.4448852539062,737.3386840820312,988.7342224121094,703.945556640625,47.42132568359375,66.7862548828125
IMG_0029.mp4,6705,223.72372372372374,29.97,1314,2,traffic_signs,0.32409802079200745,1503.4661865234375,658.97265625,1557.37158203125,705.9536743164062,1530.4188842773438,682.4631652832031,53.9053955078125,46.98101806640625
IMG_0029.mp4,6705,223.72372372372374,29.97,1325,1,traffic_lights,0.7010093331336975,1433.2257080078125,669.985595703125,1473.3775634765625,730.0797729492188,1453.3016357421875,700.0326843261719,40.15185546875,60.09417724609375
IMG_0029.mp4,6705,223.72372372372374,29.97,1463,1,traffic_lights,0.6016916036605835,1430.82666015625,672.4706420898438,1473.4552001953125,731.4295043945312,1452.1409301757812,701.9500732421875,42.6285400390625,58.9588623046875
IMG_0029.mp4,6706,223.7570904237571,29.97,1318,2,traffic_signs,0.9213369488716125,1426.43408203125,639.2551879882812,1463.32080078125,677.5671997070312,1444.87744140625,658.4111938476562,36.88671875,38.31201171875
IMG_0029.mp4,6706,223.7570904237571,29.97,1344,1,traffic_lights,0.762203574180603,1019.6902465820312,675.5811767578125,1035.3109130859375,719.2973022460938,1027.5005798339844,697.4392395019531,15.62066650390625,43.71612548828125
IMG_0029.mp4,6706,223.7570904237571,29.97,1330,2,traffic_signs,0.8961780071258545,673.2694091796875,331.1446228027344,834.9996337890625,491.8325500488281,754.134521484375,411.48858642578125,161.730224609375,160.68792724609375
IMG_0029.mp4,6706,223.7570904237571,29.97,1413,0,auth_label,0.4413268268108368,4.413437843322754,369.5604248046875,128.16372680664062,820.6600952148438,66.28858232498169,595.1102600097656,123.75028896331787,451.09967041015625
IMG_0029.mp4,6706,223.7570904237571,29.97,1326,1,traffic_lights,0.9171212315559387,1139.3646240234375,482.2786560058594,1164.9970703125,533.3606567382812,1152.1808471679688,507.8196563720703,25.6324462890625,51.082000732421875
IMG_0029.mp4,6706,223.7570904237571,29.97,1347,2,traffic_signs,0.5991054177284241,965.001220703125,670.5054931640625,1012.539306640625,737.364013671875,988.770263671875,703.9347534179688,47.5380859375,66.8585205078125
IMG_0029.mp4,6706,223.7570904237571,29.97,1314,2,traffic_signs,0.34377405047416687,1503.4700927734375,658.9859008789062,1557.3984375,705.9677124023438,1530.4342651367188,682.476806640625,53.9283447265625,46.9818115234375
IMG_0029.mp4,6706,223.7570904237571,29.97,1325,1,traffic_lights,0.7248538732528687,1433.2845458984375,669.668212890625,1473.7752685546875,730.0765380859375,1453.5299072265625,699.8723754882812,40.49072265625,60.4083251953125
IMG_0029.mp4,6707,223.79045712379047,29.97,1318,2,traffic_signs,0.9205548167228699,1426.533203125,639.2345581054688,1463.239990234375,677.5927124023438,1444.8865966796875,658.4136352539062,36.706787109375,38.358154296875
IMG_0029.mp4,6707,223.79045712379047,29.97,1344,1,traffic_lights,0.7570186257362366,1019.6968383789062,675.5555419921875,1035.3189697265625,719.3195190429688,1027.5079040527344,697.4375305175781,15.62213134765625,43.76397705078125
IMG_0029.mp4,6707,223.79045712379047,29.97,1330,2,traffic_signs,0.8762735724449158,673.2574462890625,331.1501159667969,834.9797973632812,491.8255615234375,754.1186218261719,411.4878387451172,161.72235107421875,160.67544555664062
IMG_0029.mp4,6707,223.79045712379047,29.97,1413,0,auth_label,0.40296074748039246,4.2323760986328125,369.0736083984375,128.67649841308594,819.39892578125,66.45443725585938,594.2362670898438,124.44412231445312,450.3253173828125
IMG_0029.mp4,6707,223.79045712379047,29.97,1326,1,traffic_lights,0.9168643355369568,1139.3690185546875,482.2977600097656,1164.96875,533.4003295898438,1152.1688842773438,507.8490447998047,25.5997314453125,51.102569580078125
IMG_0029.mp4,6707,223.79045712379047,29.97,1347,2,traffic_signs,0.6050741076469421,964.986328125,670.5130615234375,1012.6808471679688,737.3760375976562,988.8335876464844,703.9445495605469,47.69451904296875,66.86297607421875
IMG_0029.mp4,6707,223.79045712379047,29.97,1325,1,traffic_lights,0.7211945056915283,1433.2288818359375,669.4667358398438,1473.964111328125,730.1383666992188,1453.5964965820312,699.8025512695312,40.7352294921875,60.671630859375
IMG_0029.mp4,6708,223.82382382382383,29.97,1318,2,traffic_signs,0.9220162630081177,1426.722412109375,639.3118286132812,1463.4647216796875,677.53369140625,1445.0935668945312,658.4227600097656,36.7423095703125,38.22186279296875
IMG_0029.mp4,6708,223.82382382382383,29.97,1344,1,traffic_lights,0.7499411106109619,1019.70263671875,675.6044921875,1035.3763427734375,719.3491821289062,1027.5394897460938,697.4768371582031,15.6737060546875,43.74468994140625
IMG_0029.mp4,6708,223.82382382382383,29.97,1330,2,traffic_signs,0.9175097346305847,673.1111450195312,331.12017822265625,834.9942016601562,491.8290710449219,754.0526733398438,411.47462463378906,161.883056640625,160.70889282226562
IMG_0029.mp4,6708,223.82382382382383,29.97,1413,0,auth_label,0.46826761960983276,3.942185163497925,368.6268615722656,128.1835479736328,820.8763427734375,66.06286656856537,594.7516021728516,124.24136281013489,452.2494812011719
IMG_0029.mp4,6708,223.82382382382383,29.97,1326,1,traffic_lights,0.9164994955062866,1139.348388671875,482.3124084472656,1165.02294921875,533.3771362304688,1152.1856689453125,507.8447723388672,25.674560546875,51.064727783203125
IMG_0029.mp4,6708,223.82382382382383,29.97,1347,2,traffic_signs,0.600462019443512,965.0089721679688,670.5993041992188,1012.7213134765625,737.3806762695312,988.8651428222656,703.989990234375,47.71234130859375,66.7813720703125
IMG_0029.mp4,6708,223.82382382382383,29.97,1325,1,traffic_lights,0.6781394481658936,1433.533203125,669.4359130859375,1474.2362060546875,730.3007202148438,1453.8847045898438,699.8683166503906,40.7030029296875,60.86480712890625
IMG_0029.mp4,6708,223.82382382382383,29.97,1314,2,traffic_signs,0.7150640487670898,1503.6282958984375,659.00146484375,1557.6700439453125,706.0884399414062,1530.649169921875,682.5449523925781,54.041748046875,47.08697509765625
IMG_0029.mp4,6709,223.8571905238572,29.97,1318,2,traffic_signs,0.9218018651008606,1426.567626953125,639.322021484375,1463.3023681640625,677.6586303710938,1444.9349975585938,658.4903259277344,36.7347412109375,38.33660888671875
IMG_0029.mp4,6709,223.8571905238572,29.97,1344,1,traffic_lights,0.7540479898452759,1019.79736328125,675.6734008789062,1035.388916015625,719.150634765625,1027.5931396484375,697.4120178222656,15.591552734375,43.47723388671875
IMG_0029.mp4,6709,223.8571905238572,29.97,1330,2,traffic_signs,0.7789111733436584,673.2736206054688,331.1717224121094,835.1417846679688,491.9483642578125,754.2077026367188,411.56004333496094,161.8681640625,160.77664184570312
IMG_0029.mp4,6709,223.8571905238572,29.97,1413,0,auth_label,0.48138195276260376,4.067845344543457,368.00341796875,128.1436309814453,821.3330688476562,66.10573816299438,594.6682434082031,124.07578563690186,453.32965087890625
IMG_0029.mp4,6709,223.8571905238572,29.97,1326,1,traffic_lights,0.9158393740653992,1139.34716796875,482.34161376953125,1164.9693603515625,533.4952392578125,1152.1582641601562,507.9184265136719,25.6221923828125,51.15362548828125
IMG_0029.mp4,6709,223.8571905238572,29.97,1347,2,traffic_signs,0.6058056354522705,964.9238891601562,670.572021484375,1012.5838012695312,737.3818969726562,988.7538452148438,703.9769592285156,47.659912109375,66.80987548828125
IMG_0029.mp4,6709,223.8571905238572,29.97,1325,1,traffic_lights,0.7289212942123413,1433.2418212890625,669.523681640625,1474.21728515625,730.3289794921875,1453.7295532226562,699.9263305664062,40.9754638671875,60.8052978515625
IMG_0029.mp4,6709,223.8571905238572,29.97,1314,2,traffic_signs,0.4690200686454773,1503.3619384765625,659.0265502929688,1557.35498046875,706.0518798828125,1530.3584594726562,682.5392150878906,53.9930419921875,47.02532958984375
IMG_0029.mp4,6710,223.89055722389057,29.97,1318,2,traffic_signs,0.9204575419425964,1426.7105712890625,639.3901977539062,1463.47021484375,677.7041015625,1445.0903930664062,658.5471496582031,36.7596435546875,38.31390380859375
IMG_0029.mp4,6710,223.89055722389057,29.97,1344,1,traffic_lights,0.7549608945846558,1019.8705444335938,675.7802734375,1035.4713134765625,719.3024291992188,1027.6709289550781,697.5413513183594,15.60076904296875,43.52215576171875
IMG_0029.mp4,6710,223.89055722389057,29.97,1330,2,traffic_signs,0.8638649582862854,673.2079467773438,331.1157531738281,835.0267944335938,491.8245849609375,754.1173706054688,411.4701690673828,161.81884765625,160.70883178710938
IMG_0029.mp4,6710,223.89055722389057,29.97,1413,0,auth_label,0.4857851564884186,3.8465359210968018,368.1040344238281,127.61759185791016,821.1287231445312,65.73206388950348,594.6163787841797,123.77105593681335,453.0246887207031
IMG_0029.mp4,6710,223.89055722389057,29.97,1326,1,traffic_lights,0.9145002961158752,1139.380615234375,482.3362731933594,1165.04345703125,533.5432739257812,1152.2120361328125,507.9397735595703,25.662841796875,51.207000732421875
IMG_0029.mp4,6710,223.89055722389057,29.97,1347,2,traffic_signs,0.6200331449508667,964.933349609375,670.6140747070312,1012.5662841796875,737.4540405273438,988.7498168945312,704.0340576171875,47.6329345703125,66.8399658203125
IMG_0029.mp4,6710,223.89055722389057,29.97,1325,1,traffic_lights,0.7082370519638062,1433.5806884765625,669.4940185546875,1474.2568359375,730.466796875,1453.9187622070312,699.9804077148438,40.6761474609375,60.9727783203125
IMG_0029.mp4,6710,223.89055722389057,29.97,1314,2,traffic_signs,0.8230903744697571,1503.4263916015625,659.048583984375,1557.6533203125,706.1912841796875,1530.5398559570312,682.6199340820312,54.2269287109375,47.1427001953125
IMG_0029.mp4,6711,223.92392392392392,29.97,1318,2,traffic_signs,0.9199318289756775,1426.734130859375,639.4110107421875,1463.630615234375,677.6530151367188,1445.182373046875,658.5320129394531,36.896484375,38.24200439453125
IMG_0029.mp4,6711,223.92392392392392,29.97,1344,1,traffic_lights,0.7462971806526184,1019.9498291015625,675.8140258789062,1035.6016845703125,719.6138916015625,1027.7757568359375,697.7139587402344,15.65185546875,43.79986572265625
IMG_0029.mp4,6711,223.92392392392392,29.97,1330,2,traffic_signs,0.8104069232940674,673.2462768554688,331.158447265625,834.9912719726562,491.9326477050781,754.1187744140625,411.54554748535156,161.7449951171875,160.77420043945312
IMG_0029.mp4,6711,223.92392392392392,29.97,1413,0,auth_label,0.4900529086589813,3.86938738822937,368.5021057128906,128.1375274658203,819.8387451171875,66.00345742702484,594.1704254150391,124.26814007759094,451.3366394042969
IMG_0029.mp4,6711,223.92392392392392,29.97,1326,1,traffic_lights,0.9164822697639465,1139.321044921875,482.3971862792969,1165.087890625,533.5601806640625,1152.2044677734375,507.9786834716797,25.766845703125,51.162994384765625
IMG_0029.mp4,6711,223.92392392392392,29.97,1347,2,traffic_signs,0.6209906935691833,965.1874389648438,670.6617431640625,1012.7616577148438,737.4547729492188,988.9745483398438,704.0582580566406,47.57421875,66.79302978515625
IMG_0029.mp4,6711,223.92392392392392,29.97,1325,1,traffic_lights,0.6997178792953491,1433.5350341796875,669.3326416015625,1474.1610107421875,730.5918579101562,1453.8480224609375,699.9622497558594,40.6259765625,61.25921630859375
IMG_0029.mp4,6711,223.92392392392392,29.97,1314,2,traffic_signs,0.8331154584884644,1503.46630859375,659.1102905273438,1557.7049560546875,706.2266235351562,1530.5856323242188,682.66845703125,54.2386474609375,47.1163330078125
IMG_0029.mp4,6712,223.9572906239573,29.97,1318,2,traffic_signs,0.9208723306655884,1426.7364501953125,639.4183349609375,1463.69140625,677.6486206054688,1445.2139282226562,658.5334777832031,36.9549560546875,38.23028564453125
IMG_0029.mp4,6712,223.9572906239573,29.97,1344,1,traffic_lights,0.7550703883171082,1019.9185180664062,675.76123046875,1035.5343017578125,719.2977905273438,1027.7264099121094,697.5295104980469,15.61578369140625,43.53656005859375
IMG_0029.mp4,6712,223.9572906239573,29.97,1330,2,traffic_signs,0.803418755531311,673.3021850585938,331.1658935546875,834.9851684570312,491.9480285644531,754.1436767578125,411.5569610595703,161.6829833984375,160.78213500976562
IMG_0029.mp4,6712,223.9572906239573,29.97,1413,0,auth_label,0.4798823297023773,3.9023025035858154,368.5394287109375,128.0804443359375,819.77392578125,65.99137341976166,594.1566772460938,124.17814183235168,451.2344970703125
IMG_0029.mp4,6712,223.9572906239573,29.97,1326,1,traffic_lights,0.9160016775131226,1139.34716796875,482.3846740722656,1165.1058349609375,533.5732421875,1152.2265014648438,507.9789581298828,25.7586669921875,51.188568115234375
IMG_0029.mp4,6712,223.9572906239573,29.97,1347,2,traffic_signs,0.6061044335365295,965.0537719726562,670.6864013671875,1012.7041015625,737.5245971679688,988.8789367675781,704.1054992675781,47.65032958984375,66.83819580078125
IMG_0029.mp4,6712,223.9572906239573,29.97,1325,1,traffic_lights,0.7113291025161743,1433.6142578125,669.4102172851562,1474.37060546875,730.5529174804688,1453.992431640625,699.9815673828125,40.75634765625,61.1427001953125
IMG_0029.mp4,6712,223.9572906239573,29.97,1314,2,traffic_signs,0.8289539813995361,1503.4893798828125,659.120361328125,1557.7420654296875,706.2222290039062,1530.61572265625,682.6712951660156,54.252685546875,47.10186767578125
IMG_0029.mp4,6713,223.99065732399066,29.97,1318,2,traffic_signs,0.9201858043670654,1426.6844482421875,639.41748046875,1463.559814453125,677.7982788085938,1445.1221313476562,658.6078796386719,36.8753662109375,38.38079833984375
IMG_0029.mp4,6713,223.99065732399066,29.97,1344,1,traffic_lights,0.753079891204834,1020.0097045898438,675.8367919921875,1035.567626953125,719.4171142578125,1027.7886657714844,697.626953125,15.55792236328125,43.580322265625
IMG_0029.mp4,6713,223.99065732399066,29.97,1330,2,traffic_signs,0.8679261803627014,673.182861328125,331.16510009765625,834.9651489257812,491.9421081542969,754.0740051269531,411.55360412597656,161.78228759765625,160.77700805664062
IMG_0029.mp4,6713,223.99065732399066,29.97,1413,0,auth_label,0.5237417221069336,3.83823823928833,368.5592956542969,128.0300750732422,818.7637329101562,65.93415665626526,593.6615142822266,124.19183683395386,450.2044372558594
IMG_0029.mp4,6713,223.99065732399066,29.97,1326,1,traffic_lights,0.914313018321991,1139.4002685546875,482.4081115722656,1165.1541748046875,533.5955200195312,1152.2772216796875,508.00181579589844,25.75390625,51.187408447265625
IMG_0029.mp4,6713,223.99065732399066,29.97,1347,2,traffic_signs,0.6010386943817139,964.9201049804688,670.7620239257812,1012.8344116210938,737.545166015625,988.8772583007812,704.1535949707031,47.914306640625,66.78314208984375
IMG_0029.mp4,6713,223.99065732399066,29.97,1325,1,traffic_lights,0.6858987212181091,1433.7286376953125,669.5010375976562,1474.23681640625,730.6063232421875,1453.9827270507812,700.0536804199219,40.5081787109375,61.10528564453125
IMG_0029.mp4,6713,223.99065732399066,29.97,1314,2,traffic_signs,0.7903625965118408,1503.3966064453125,659.1444702148438,1557.7998046875,706.4637451171875,1530.5982055664062,682.8041076660156,54.4031982421875,47.31927490234375
IMG_0029.mp4,6714,224.02402402402404,29.97,1318,2,traffic_signs,0.9194233417510986,1426.6365966796875,639.3816528320312,1463.4989013671875,677.880126953125,1445.0677490234375,658.6308898925781,36.8623046875,38.49847412109375
IMG_0029.mp4,6714,224.02402402402404,29.97,1344,1,traffic_lights,0.7525396943092346,1020.0291748046875,675.8755493164062,1035.5950927734375,719.6712646484375,1027.8121337890625,697.7734069824219,15.56591796875,43.79571533203125
IMG_0029.mp4,6714,224.02402402402404,29.97,1330,2,traffic_signs,0.7926023602485657,673.3536987304688,331.1836853027344,834.9747314453125,491.9627380371094,754.1642150878906,411.5732116699219,161.62103271484375,160.779052734375
IMG_0029.mp4,6714,224.02402402402404,29.97,1413,0,auth_label,0.5196329951286316,3.946033000946045,368.2396240234375,127.85554504394531,818.9606323242188,65.90078902244568,593.6001281738281,123.90951204299927,450.72100830078125
IMG_0029.mp4,6714,224.02402402402404,29.97,1326,1,traffic_lights,0.9157794117927551,1139.351806640625,482.5032653808594,1165.1693115234375,533.5385131835938,1152.2605590820312,508.02088928222656,25.8175048828125,51.035247802734375
IMG_0029.mp4,6714,224.02402402402404,29.97,1347,2,traffic_signs,0.5936065316200256,964.89453125,670.8401489257812,1012.8693237304688,737.52099609375,988.8819274902344,704.1805725097656,47.97479248046875,66.68084716796875
IMG_0029.mp4,6714,224.02402402402404,29.97,1325,1,traffic_lights,0.676555871963501,1433.7611083984375,669.6344604492188,1474.200439453125,730.802001953125,1453.9807739257812,700.2182312011719,40.4393310546875,61.16754150390625
IMG_0029.mp4,6714,224.02402402402404,29.97,1314,2,traffic_signs,0.7922003865242004,1503.2984619140625,659.190673828125,1557.813232421875,706.5557861328125,1530.5558471679688,682.8732299804688,54.5147705078125,47.3651123046875
IMG_0029.mp4,6715,224.0573907240574,29.97,1318,2,traffic_signs,0.9211098551750183,1426.54736328125,639.3931274414062,1463.5804443359375,677.9526977539062,1445.0639038085938,658.6729125976562,37.0330810546875,38.5595703125
IMG_0029.mp4,6715,224.0573907240574,29.97,1344,1,traffic_lights,0.7591221332550049,1020.0972900390625,675.9203491210938,1035.5595703125,719.4059448242188,1027.8284301757812,697.6631469726562,15.4622802734375,43.485595703125
IMG_0029.mp4,6715,224.0573907240574,29.97,1330,2,traffic_signs,0.6432675719261169,673.4053344726562,331.2471618652344,835.0913696289062,492.02288818359375,754.2483520507812,411.63502502441406,161.68603515625,160.77572631835938
IMG_0029.mp4,6715,224.0573907240574,29.97,1413,0,auth_label,0.48167550563812256,3.870905637741089,368.6716003417969,127.91934967041016,818.8198852539062,65.89512765407562,593.7457427978516,124.04844403266907,450.1482849121094
IMG_0029.mp4,6715,224.0573907240574,29.97,1326,1,traffic_lights,0.913640558719635,1139.3919677734375,482.5283203125,1165.1708984375,533.5858154296875,1152.2814331054688,508.05706787109375,25.7789306640625,51.0574951171875
IMG_0029.mp4,6715,224.0573907240574,29.97,1347,2,traffic_signs,0.6073145866394043,964.8811645507812,670.8182983398438,1012.7930908203125,737.5321044921875,988.8371276855469,704.1752014160156,47.91192626953125,66.71380615234375
IMG_0029.mp4,6715,224.0573907240574,29.97,1325,1,traffic_lights,0.6948975920677185,1433.72119140625,669.6212768554688,1474.1934814453125,730.7542114257812,1453.9573364257812,700.187744140625,40.4722900390625,61.1329345703125
IMG_0029.mp4,6715,224.0573907240574,29.97,1314,2,traffic_signs,0.8023884892463684,1503.2532958984375,659.2625732421875,1557.834228515625,706.5718383789062,1530.5437622070312,682.9172058105469,54.5809326171875,47.30926513671875
IMG_0029.mp4,6716,224.09075742409075,29.97,1318,2,traffic_signs,0.9217520356178284,1426.2940673828125,639.4360961914062,1463.37744140625,678.0693359375,1444.8357543945312,658.7527160644531,37.0833740234375,38.63323974609375
IMG_0029.mp4,6716,224.09075742409075,29.97,1344,1,traffic_lights,0.7630010843276978,1019.9982299804688,675.9586181640625,1035.4715576171875,719.7366943359375,1027.7348937988281,697.84765625,15.47332763671875,43.778076171875
IMG_0029.mp4,6716,224.09075742409075,29.97,1330,2,traffic_signs,0.797304630279541,673.357177734375,331.2491149902344,834.964599609375,492.17694091796875,754.160888671875,411.71302795410156,161.607421875,160.92782592773438
IMG_0029.mp4,6716,224.09075742409075,29.97,1413,0,auth_label,0.448081910610199,3.8826117515563965,368.66534423828125,127.99730682373047,818.498779296875,65.93995928764343,593.5820617675781,124.11469507217407,449.83343505859375
IMG_0029.mp4,6716,224.09075742409075,29.97,1326,1,traffic_lights,0.9155068397521973,1139.3267822265625,482.5333557128906,1165.0755615234375,533.62939453125,1152.201171875,508.0813751220703,25.748779296875,51.096038818359375
IMG_0029.mp4,6716,224.09075742409075,29.97,1347,2,traffic_signs,0.594895601272583,964.6538696289062,670.7770385742188,1012.61962890625,737.5438842773438,988.6367492675781,704.1604614257812,47.96575927734375,66.766845703125
IMG_0029.mp4,6716,224.09075742409075,29.97,1325,1,traffic_lights,0.6768954992294312,1432.9185791015625,669.7393798828125,1474.021484375,730.73583984375,1453.4700317382812,700.2376098632812,41.1029052734375,60.9964599609375
IMG_0029.mp4,6716,224.09075742409075,29.97,1314,2,traffic_signs,0.8036918640136719,1502.8658447265625,659.2982177734375,1557.6788330078125,706.524169921875,1530.2723388671875,682.9111938476562,54.81298828125,47.2259521484375
IMG_0029.mp4,6717,224.12412412412414,29.97,1318,2,traffic_signs,0.9181250929832458,1426.53369140625,639.5086669921875,1463.79150390625,678.0965576171875,1445.16259765625,658.8026123046875,37.2578125,38.587890625
IMG_0029.mp4,6717,224.12412412412414,29.97,1344,1,traffic_lights,0.7635372877120972,1020.0689086914062,675.9998168945312,1035.7337646484375,720.2894287109375,1027.9013366699219,698.1446228027344,15.66485595703125,44.28961181640625
IMG_0029.mp4,6717,224.12412412412414,29.97,1330,2,traffic_signs,0.7371199131011963,673.3563232421875,331.2305908203125,835.1289672851562,492.25830078125,754.2426452636719,411.74444580078125,161.77264404296875,161.0277099609375
IMG_0029.mp4,6717,224.12412412412414,29.97,1413,0,auth_label,0.42280974984169006,3.922325611114502,368.4189453125,127.21788787841797,818.9219360351562,65.57010674476624,593.6704406738281,123.29556226730347,450.50299072265625
IMG_0029.mp4,6717,224.12412412412414,29.97,1326,1,traffic_lights,0.9152384400367737,1139.392333984375,482.531982421875,1165.223388671875,533.6299438476562,1152.307861328125,508.0809631347656,25.8310546875,51.09796142578125
IMG_0029.mp4,6717,224.12412412412414,29.97,1347,2,traffic_signs,0.5789480805397034,964.6156616210938,670.8128051757812,1012.6640625,737.5514526367188,988.6398620605469,704.18212890625,48.04840087890625,66.7386474609375
IMG_0029.mp4,6717,224.12412412412414,29.97,1325,1,traffic_lights,0.6597295999526978,1433.191650390625,669.5861206054688,1474.2020263671875,731.2359619140625,1453.6968383789062,700.4110412597656,41.0103759765625,61.64984130859375
IMG_0029.mp4,6717,224.12412412412414,29.97,1314,2,traffic_signs,0.7820931673049927,1503.1817626953125,659.3997192382812,1557.94970703125,706.601806640625,1530.5657348632812,683.0007629394531,54.7679443359375,47.20208740234375
IMG_0029.mp4,6718,224.1574908241575,29.97,1318,2,traffic_signs,0.9210997223854065,1426.2989501953125,639.5474243164062,1463.6689453125,678.0444946289062,1444.9839477539062,658.7959594726562,37.3699951171875,38.4970703125
IMG_0029.mp4,6718,224.1574908241575,29.97,1344,1,traffic_lights,0.7589651942253113,1019.9716186523438,676.0469360351562,1035.6322021484375,720.0556640625,1027.8019104003906,698.0513000488281,15.66058349609375,44.00872802734375
IMG_0029.mp4,6718,224.1574908241575,29.97,1330,2,traffic_signs,0.9058017134666443,673.1826782226562,331.1555480957031,835.055908203125,492.0646667480469,754.1192932128906,411.610107421875,161.87322998046875,160.90911865234375
IMG_0029.mp4,6718,224.1574908241575,29.97,1413,0,auth_label,0.4704326391220093,4.2200727462768555,369.178466796875,126.34465026855469,820.0322875976562,65.28236150741577,594.6053771972656,122.12457752227783,450.85382080078125
IMG_0029.mp4,6718,224.1574908241575,29.97,1326,1,traffic_lights,0.9145053029060364,1139.303466796875,482.486328125,1165.212646484375,533.6484985351562,1152.258056640625,508.0674133300781,25.9091796875,51.16217041015625
IMG_0029.mp4,6718,224.1574908241575,29.97,1347,2,traffic_signs,0.5807538032531738,964.4998779296875,670.751220703125,1012.46484375,737.5696411132812,988.4823608398438,704.1604309082031,47.9649658203125,66.81842041015625
IMG_0029.mp4,6718,224.1574908241575,29.97,1325,1,traffic_lights,0.6756398677825928,1432.8543701171875,669.5745239257812,1474.44677734375,731.0863037109375,1453.6505737304688,700.3304138183594,41.5924072265625,61.51177978515625
IMG_0029.mp4,6718,224.1574908241575,29.97,1314,2,traffic_signs,0.8054728507995605,1502.858642578125,659.3427734375,1557.701416015625,706.4765014648438,1530.280029296875,682.9096374511719,54.8427734375,47.13372802734375
IMG_0029.mp4,6719,224.19085752419087,29.97,1318,2,traffic_signs,0.9207755923271179,1426.5938720703125,639.6770629882812,1463.8736572265625,678.1162109375,1445.2337646484375,658.8966369628906,37.27978515625,38.43914794921875
IMG_0029.mp4,6719,224.19085752419087,29.97,1344,1,traffic_lights,0.7563985586166382,1020.0011596679688,676.1642456054688,1035.6961669921875,720.5293579101562,1027.8486633300781,698.3468017578125,15.69500732421875,44.3651123046875
IMG_0029.mp4,6719,224.19085752419087,29.97,1330,2,traffic_signs,0.9474865198135376,672.86962890625,331.02886962890625,834.7923583984375,492.02374267578125,753.8309936523438,411.52630615234375,161.9227294921875,160.994873046875
IMG_0029.mp4,6719,224.19085752419087,29.97,1413,0,auth_label,0.39273855090141296,4.195346832275391,369.4100036621094,126.02970886230469,821.2063598632812,65.11252784729004,595.3081817626953,121.8343620300293,451.7963562011719
IMG_0029.mp4,6719,224.19085752419087,29.97,1326,1,traffic_lights,0.9139424562454224,1139.3350830078125,482.503173828125,1165.3306884765625,533.972900390625,1152.3328857421875,508.238037109375,25.99560546875,51.4697265625
IMG_0029.mp4,6719,224.19085752419087,29.97,1347,2,traffic_signs,0.5746432542800903,964.3191528320312,670.6984252929688,1012.441162109375,737.6732788085938,988.3801574707031,704.1858520507812,48.12200927734375,66.974853515625
IMG_0029.mp4,6719,224.19085752419087,29.97,1325,1,traffic_lights,0.6096119284629822,1433.3809814453125,671.440185546875,1475.3739013671875,730.5608520507812,1454.37744140625,701.0005187988281,41.992919921875,59.12066650390625
IMG_0029.mp4,6719,224.19085752419087,29.97,1314,2,traffic_signs,0.7356639504432678,1503.034423828125,659.5414428710938,1557.9781494140625,706.5989990234375,1530.5062866210938,683.0702209472656,54.9437255859375,47.05755615234375
IMG_0029.mp4,6720,224.22422422422423,29.97,1318,2,traffic_signs,0.9247872233390808,1426.4844970703125,639.779052734375,1463.779052734375,678.0205078125,1445.1317749023438,658.8997802734375,37.2945556640625,38.241455078125
IMG_0029.mp4,6720,224.22422422422423,29.97,1344,1,traffic_lights,0.7646183371543884,1019.7152099609375,676.08837890625,1035.515625,721.0588989257812,1027.6154174804688,698.5736389160156,15.8004150390625,44.97052001953125
IMG_0029.mp4,6720,224.22422422422423,29.97,1330,2,traffic_signs,0.9547921419143677,672.4876098632812,331.0679016113281,834.6036376953125,491.88677978515625,753.5456237792969,411.4773406982422,162.11602783203125,160.81887817382812
IMG_0029.mp4,6720,224.22422422422423,29.97,1413,0,auth_label,0.4557857811450958,4.143838882446289,367.77630615234375,125.3788070678711,822.8283081054688,64.76132297515869,595.3023071289062,121.2349681854248,455.052001953125
IMG_0029.mp4,6720,224.22422422422423,29.97,1326,1,traffic_lights,0.9136449098587036,1139.1343994140625,482.3927307128906,1165.07666015625,533.8155517578125,1152.1055297851562,508.10414123535156,25.9422607421875,51.422821044921875
IMG_0029.mp4,6720,224.22422422422423,29.97,1347,2,traffic_signs,0.5696148872375488,964.0369262695312,670.622802734375,1012.2849731445312,737.6200561523438,988.1609497070312,704.1214294433594,48.248046875,66.99725341796875
IMG_0029.mp4,6720,224.22422422422423,29.97,1325,1,traffic_lights,0.5779730081558228,1433.52587890625,672.4600830078125,1475.542236328125,730.2463989257812,1454.5340576171875,701.3532409667969,42.016357421875,57.78631591796875
IMG_0029.mp4,6720,224.22422422422423,29.97,1314,2,traffic_signs,0.7462829351425171,1502.729248046875,659.4696655273438,1557.80517578125,706.5261840820312,1530.2672119140625,682.9979248046875,55.075927734375,47.0565185546875
IMG_0029.mp4,6721,224.2575909242576,29.97,1318,2,traffic_signs,0.9249748587608337,1426.5863037109375,639.8533325195312,1463.9456787109375,678.0026245117188,1445.2659912109375,658.927978515625,37.359375,38.1492919921875
IMG_0029.mp4,6721,224.2575909242576,29.97,1344,1,traffic_lights,0.7611696124076843,1019.65576171875,676.0867309570312,1035.331787109375,720.6156616210938,1027.4937744140625,698.3511962890625,15.676025390625,44.5289306640625
IMG_0029.mp4,6721,224.2575909242576,29.97,1330,2,traffic_signs,0.9559909105300903,672.2520141601562,330.8090515136719,834.1937255859375,491.507080078125,753.2228698730469,411.15806579589844,161.94171142578125,160.69802856445312
IMG_0029.mp4,6721,224.2575909242576,29.97,1413,0,auth_label,0.40225714445114136,4.247620582580566,366.7752685546875,125.79602813720703,822.9452514648438,65.0218243598938,594.8602600097656,121.54840755462646,456.16998291015625
IMG_0029.mp4,6721,224.2575909242576,29.97,1326,1,traffic_lights,0.9141035676002502,1139.16796875,482.3423767089844,1165.124755859375,533.8172607421875,1152.1463623046875,508.07981872558594,25.956787109375,51.474884033203125
IMG_0029.mp4,6721,224.2575909242576,29.97,1347,2,traffic_signs,0.5696656703948975,963.8239135742188,670.5338745117188,1012.1643676757812,737.635986328125,987.994140625,704.0849304199219,48.3404541015625,67.10211181640625
IMG_0029.mp4,6721,224.2575909242576,29.97,1325,1,traffic_lights,0.6025002002716064,1433.8116455078125,673.1024780273438,1475.5623779296875,729.9625244140625,1454.68701171875,701.5325012207031,41.750732421875,56.86004638671875
IMG_0029.mp4,6721,224.2575909242576,29.97,1314,2,traffic_signs,0.7645052075386047,1502.7802734375,659.4306030273438,1557.831298828125,706.5685424804688,1530.3057861328125,682.9995727539062,55.051025390625,47.137939453125
IMG_0029.mp4,6722,224.29095762429097,29.97,1318,2,traffic_signs,0.924575924873352,1426.57861328125,639.8739013671875,1463.9329833984375,678.0939331054688,1445.2557983398438,658.9839172363281,37.3543701171875,38.22003173828125
IMG_0029.mp4,6722,224.29095762429097,29.97,1344,1,traffic_lights,0.764137327671051,1019.5795288085938,676.0422973632812,1035.24560546875,720.7808837890625,1027.4125671386719,698.4115905761719,15.66607666015625,44.73858642578125
IMG_0029.mp4,6722,224.29095762429097,29.97,1330,2,traffic_signs,0.9530355930328369,671.7315063476562,330.5091857910156,833.5701904296875,491.12677001953125,752.6508483886719,410.81797790527344,161.83868408203125,160.61758422851562
IMG_0029.mp4,6722,224.29095762429097,29.97,1413,0,auth_label,0.34885838627815247,4.161840915679932,366.3833312988281,125.09828186035156,823.552490234375,64.63006138801575,594.9679107666016,120.93644094467163,457.1691589355469
IMG_0029.mp4,6722,224.29095762429097,29.97,1326,1,traffic_lights,0.9143251776695251,1139.123291015625,482.31597900390625,1165.0489501953125,533.77001953125,1152.0861206054688,508.0429992675781,25.9256591796875,51.45404052734375
IMG_0029.mp4,6722,224.29095762429097,29.97,1347,2,traffic_signs,0.5715776681900024,963.57470703125,670.50537109375,1012.0798950195312,737.6803588867188,987.8273010253906,704.0928649902344,48.50518798828125,67.17498779296875
IMG_0029.mp4,6722,224.29095762429097,29.97,1325,1,traffic_lights,0.6741732358932495,1431.3165283203125,673.7174682617188,1475.7586669921875,733.15673828125,1453.53759765625,703.4371032714844,44.442138671875,59.43927001953125
IMG_0029.mp4,6722,224.29095762429097,29.97,1314,2,traffic_signs,0.7579819560050964,1502.767333984375,659.4393920898438,1557.763916015625,706.5592041015625,1530.265625,682.9992980957031,54.99658203125,47.11981201171875
IMG_0029.mp4,6722,224.29095762429097,29.97,1464,1,traffic_lights,0.552111029624939,1433.296142578125,673.60302734375,1475.43505859375,730.858642578125,1454.3656005859375,702.2308349609375,42.138916015625,57.255615234375
IMG_0029.mp4,6723,224.32432432432432,29.97,1318,2,traffic_signs,0.9220449328422546,1426.852783203125,639.9176025390625,1464.15380859375,678.1098022460938,1445.5032958984375,659.0137023925781,37.301025390625,38.19219970703125
IMG_0029.mp4,6723,224.32432432432432,29.97,1344,1,traffic_lights,0.7612648010253906,1019.5718383789062,676.1953125,1035.3233642578125,721.251708984375,1027.4476013183594,698.7235107421875,15.75152587890625,45.056396484375
IMG_0029.mp4,6723,224.32432432432432,29.97,1330,2,traffic_signs,0.9502512216567993,671.1548461914062,330.3378601074219,832.6508178710938,490.6668701171875,751.90283203125,410.5023651123047,161.4959716796875,160.32901000976562
IMG_0029.mp4,6723,224.32432432432432,29.97,1326,1,traffic_lights,0.9165807962417603,1139.1837158203125,482.3279724121094,1165.044921875,533.5350341796875,1152.1143188476562,507.93150329589844,25.8612060546875,51.207061767578125
IMG_0029.mp4,6723,224.32432432432432,29.97,1347,2,traffic_signs,0.5591442584991455,963.47900390625,670.4469604492188,1012.0646362304688,737.77197265625,987.7718200683594,704.1094665527344,48.58563232421875,67.32501220703125
IMG_0029.mp4,6723,224.32432432432432,29.97,1314,2,traffic_signs,0.7282440662384033,1502.9613037109375,659.5573120117188,1557.9571533203125,706.7786254882812,1530.459228515625,683.16796875,54.995849609375,47.2213134765625
IMG_0029.mp4,6724,224.3576910243577,29.97,1318,2,traffic_signs,0.9224447011947632,1426.7960205078125,639.8978881835938,1464.167724609375,678.0642700195312,1445.4818725585938,658.9810791015625,37.3717041015625,38.1663818359375
IMG_0029.mp4,6724,224.3576910243577,29.97,1344,1,traffic_lights,0.7730607986450195,1019.4736328125,676.2150268554688,1035.10107421875,720.7510986328125,1027.287353515625,698.4830627441406,15.62744140625,44.53607177734375
IMG_0029.mp4,6724,224.3576910243577,29.97,1330,2,traffic_signs,0.9468308687210083,670.3671875,330.0099792480469,831.9251098632812,490.2775573730469,751.1461486816406,410.1437683105469,161.55792236328125,160.267578125
IMG_0029.mp4,6724,224.3576910243577,29.97,1326,1,traffic_lights,0.9168214201927185,1139.138671875,482.2791442871094,1164.9271240234375,533.519775390625,1152.0328979492188,507.8994598388672,25.7884521484375,51.240631103515625
IMG_0029.mp4,6724,224.3576910243577,29.97,1347,2,traffic_signs,0.5658850073814392,963.3197021484375,670.3179321289062,1011.869140625,737.8211059570312,987.5944213867188,704.0695190429688,48.5494384765625,67.503173828125
IMG_0029.mp4,6724,224.3576910243577,29.97,1314,2,traffic_signs,0.7407181859016418,1503.02978515625,659.5037231445312,1557.9232177734375,706.775146484375,1530.4765014648438,683.1394348144531,54.8934326171875,47.27142333984375
IMG_0029.mp4,6724,224.3576910243577,29.97,1325,1,traffic_lights,0.5746362805366516,1432.8919677734375,673.1944580078125,1475.376708984375,730.7984008789062,1454.1343383789062,701.9964294433594,42.4847412109375,57.60394287109375
IMG_0029.mp4,6725,224.39105772439106,29.97,1318,2,traffic_signs,0.9213557839393616,1426.7701416015625,639.9644165039062,1464.0814208984375,678.1905517578125,1445.42578125,659.0774841308594,37.311279296875,38.22613525390625
IMG_0029.mp4,6725,224.39105772439106,29.97,1344,1,traffic_lights,0.7711363434791565,1019.4613037109375,676.3182373046875,1035.013916015625,720.7770385742188,1027.2376098632812,698.5476379394531,15.5526123046875,44.45880126953125
IMG_0029.mp4,6725,224.39105772439106,29.97,1330,2,traffic_signs,0.9438314437866211,669.71630859375,329.531982421875,831.2984619140625,489.9157409667969,750.5073852539062,409.72386169433594,161.5821533203125,160.38375854492188
IMG_0029.mp4,6725,224.39105772439106,29.97,1326,1,traffic_lights,0.9170586466789246,1139.06494140625,482.2138671875,1164.8603515625,533.636962890625,1151.962646484375,507.9254150390625,25.79541015625,51.423095703125
IMG_0029.mp4,6725,224.39105772439106,29.97,1347,2,traffic_signs,0.6132917404174805,963.1781005859375,670.48486328125,1011.6522827148438,737.8648681640625,987.4151916503906,704.1748657226562,48.47418212890625,67.3800048828125
IMG_0029.mp4,6725,224.39105772439106,29.97,1314,2,traffic_signs,0.756385862827301,1502.9512939453125,659.565673828125,1557.9757080078125,706.9464721679688,1530.4635009765625,683.2560729980469,55.0244140625,47.38079833984375
IMG_0029.mp4,6725,224.39105772439106,29.97,1465,1,traffic_lights,0.3433431386947632,1430.312255859375,673.6261596679688,1475.327880859375,735.4755859375,1452.820068359375,704.5508728027344,45.015625,61.84942626953125
IMG_0029.mp4,6725,224.39105772439106,29.97,1325,1,traffic_lights,0.5042361617088318,1433.4478759765625,673.263916015625,1475.3309326171875,730.49853515625,1454.389404296875,701.8812255859375,41.883056640625,57.234619140625
IMG_0029.mp4,6726,224.42442442442444,29.97,1318,2,traffic_signs,0.9209337830543518,1426.6951904296875,639.9750366210938,1464.0225830078125,678.228759765625,1445.35888671875,659.1018981933594,37.327392578125,38.25372314453125
IMG_0029.mp4,6726,224.42442442442444,29.97,1344,1,traffic_lights,0.7606610655784607,1019.431396484375,676.3442993164062,1034.8685302734375,720.8294677734375,1027.1499633789062,698.5868835449219,15.4371337890625,44.48516845703125
IMG_0029.mp4,6726,224.42442442442444,29.97,1330,2,traffic_signs,0.9403404593467712,668.7978515625,328.9891662597656,830.4393920898438,489.640380859375,749.6186218261719,409.3147735595703,161.64154052734375,160.65121459960938
IMG_0029.mp4,6726,224.42442442442444,29.97,1326,1,traffic_lights,0.9164029955863953,1138.9146728515625,482.12884521484375,1164.751953125,533.5601196289062,1151.8333129882812,507.844482421875,25.8372802734375,51.4312744140625
IMG_0029.mp4,6726,224.42442442442444,29.97,1347,2,traffic_signs,0.6265100836753845,963.0515747070312,670.5482177734375,1011.5233154296875,737.83544921875,987.2874450683594,704.1918334960938,48.47174072265625,67.2872314453125
IMG_0029.mp4,6726,224.42442442442444,29.97,1314,2,traffic_signs,0.7582547664642334,1502.8843994140625,659.614501953125,1557.95361328125,707.0401000976562,1530.4190063476562,683.3273010253906,55.0692138671875,47.42559814453125
IMG_0029.mp4,6726,224.42442442442444,29.97,1465,1,traffic_lights,0.47050830721855164,1430.2462158203125,673.7138671875,1475.5518798828125,735.3827514648438,1452.8990478515625,704.5483093261719,45.3056640625,61.66888427734375
IMG_0029.mp4,6726,224.42442442442444,29.97,1325,1,traffic_lights,0.5154672265052795,1433.940673828125,673.559814453125,1475.4342041015625,730.146728515625,1454.6874389648438,701.853271484375,41.4935302734375,56.5869140625
IMG_0029.mp4,6727,224.4577911244578,29.97,1318,2,traffic_signs,0.919957160949707,1426.659423828125,639.9954223632812,1463.94140625,678.2899780273438,1445.3004150390625,659.1427001953125,37.281982421875,38.2945556640625
IMG_0029.mp4,6727,224.4577911244578,29.97,1344,1,traffic_lights,0.7597222924232483,1019.3233032226562,676.219970703125,1034.604736328125,720.4560546875,1026.9640197753906,698.3380126953125,15.28143310546875,44.236083984375
IMG_0029.mp4,6727,224.4577911244578,29.97,1330,2,traffic_signs,0.939355731010437,667.958740234375,327.9000549316406,829.5901489257812,489.3567810058594,748.7744445800781,408.62841796875,161.63140869140625,161.45672607421875
IMG_0029.mp4,6727,224.4577911244578,29.97,1326,1,traffic_lights,0.9151954054832458,1138.833740234375,482.07281494140625,1164.6361083984375,533.55224609375,1151.7349243164062,507.8125305175781,25.8023681640625,51.47943115234375
IMG_0029.mp4,6727,224.4577911244578,29.97,1347,2,traffic_signs,0.6399430632591248,962.9594116210938,670.5416870117188,1011.3820190429688,737.8696899414062,987.1707153320312,704.2056884765625,48.422607421875,67.3280029296875
IMG_0029.mp4,6727,224.4577911244578,29.97,1314,2,traffic_signs,0.7646092176437378,1502.8123779296875,659.7073364257812,1557.970458984375,707.157470703125,1530.3914184570312,683.4324035644531,55.1580810546875,47.45013427734375
IMG_0029.mp4,6727,224.4577911244578,29.97,1465,1,traffic_lights,0.2874060273170471,1430.5289306640625,674.0699462890625,1475.07275390625,734.3958129882812,1452.8008422851562,704.2328796386719,44.5438232421875,60.32586669921875
IMG_0029.mp4,6727,224.4577911244578,29.97,1325,1,traffic_lights,0.5480870604515076,1433.764404296875,674.1459350585938,1475.275146484375,729.8558349609375,1454.519775390625,702.0008850097656,41.5107421875,55.70989990234375
IMG_0029.mp4,6727,224.4577911244578,29.97,1413,0,auth_label,0.3344651460647583,3.195701837539673,362.6102600097656,120.94061279296875,820.9959716796875,62.06815731525421,591.8031158447266,117.74491095542908,458.3857116699219
IMG_0029.mp4,6728,224.49115782449115,29.97,1318,2,traffic_signs,0.9188485741615295,1426.4903564453125,640.0745849609375,1463.847900390625,678.3115844726562,1445.1691284179688,659.1930847167969,37.3575439453125,38.23699951171875
IMG_0029.mp4,6728,224.49115782449115,29.97,1344,1,traffic_lights,0.7736626863479614,1019.1746826171875,676.1445922851562,1034.33642578125,720.2557983398438,1026.7555541992188,698.2001953125,15.1617431640625,44.1112060546875
IMG_0029.mp4,6728,224.49115782449115,29.97,1330,2,traffic_signs,0.9371750354766846,666.6549682617188,326.8013610839844,828.3447875976562,489.0351257324219,747.4998779296875,407.9182434082031,161.6898193359375,162.2337646484375
IMG_0029.mp4,6728,224.49115782449115,29.97,1326,1,traffic_lights,0.9157549142837524,1138.6988525390625,482.01739501953125,1164.5001220703125,533.5059814453125,1151.5994873046875,507.7616882324219,25.80126953125,51.48858642578125
IMG_0029.mp4,6728,224.49115782449115,29.97,1347,2,traffic_signs,0.6240206360816956,962.5144653320312,670.5148315429688,1011.1435546875,737.8834228515625,986.8290100097656,704.1991271972656,48.62908935546875,67.36859130859375
IMG_0029.mp4,6728,224.49115782449115,29.97,1314,2,traffic_signs,0.7595438957214355,1502.841796875,659.7077026367188,1557.7919921875,707.1926879882812,1530.31689453125,683.4501953125,54.9501953125,47.4849853515625
IMG_0029.mp4,6728,224.49115782449115,29.97,1465,1,traffic_lights,0.4039631485939026,1430.2296142578125,673.8843994140625,1474.9617919921875,734.8447875976562,1452.595703125,704.3645935058594,44.732177734375,60.96038818359375
IMG_0029.mp4,6728,224.49115782449115,29.97,1325,1,traffic_lights,0.48444628715515137,1433.7825927734375,674.1837158203125,1475.1124267578125,729.8021850585938,1454.447509765625,701.9929504394531,41.329833984375,55.61846923828125
IMG_0029.mp4,6728,224.49115782449115,29.97,1413,0,auth_label,0.3583569824695587,2.9767818450927734,361.3459777832031,119.83377075195312,821.541015625,61.40527629852295,591.4434967041016,116.85698890686035,460.1950378417969
IMG_0029.mp4,6729,224.52452452452454,29.97,1318,2,traffic_signs,0.9200412631034851,1426.484375,640.123046875,1463.8631591796875,678.330078125,1445.1737670898438,659.2265625,37.3787841796875,38.20703125
IMG_0029.mp4,6729,224.52452452452454,29.97,1344,1,traffic_lights,0.7772567272186279,1019.0929565429688,675.9862670898438,1034.119384765625,720.1437377929688,1026.6061706542969,698.0650024414062,15.02642822265625,44.157470703125
IMG_0029.mp4,6729,224.52452452452454,29.97,1330,2,traffic_signs,0.9356805086135864,665.6028442382812,325.7076110839844,827.1618041992188,488.6954040527344,746.38232421875,407.2015075683594,161.5589599609375,162.98779296875
IMG_0029.mp4,6729,224.52452452452454,29.97,1326,1,traffic_lights,0.9168786406517029,1138.61376953125,481.90875244140625,1164.3621826171875,533.3911743164062,1151.4879760742188,507.64996337890625,25.7484130859375,51.482421875
IMG_0029.mp4,6729,224.52452452452454,29.97,1347,2,traffic_signs,0.6034741401672363,962.164306640625,670.44677734375,1011.16650390625,737.728759765625,986.6654052734375,704.0877685546875,49.002197265625,67.281982421875
IMG_0029.mp4,6729,224.52452452452454,29.97,1314,2,traffic_signs,0.7709787487983704,1502.7236328125,659.704833984375,1557.765380859375,707.1990356445312,1530.2445068359375,683.4519348144531,55.041748046875,47.49420166015625
IMG_0029.mp4,6729,224.52452452452454,29.97,1465,1,traffic_lights,0.3828998804092407,1429.935302734375,673.6817016601562,1475.509521484375,735.02294921875,1452.722412109375,704.3523254394531,45.57421875,61.34124755859375
IMG_0029.mp4,6729,224.52452452452454,29.97,1325,1,traffic_lights,0.5100441575050354,1433.5234375,673.861083984375,1475.2879638671875,729.8310546875,1454.4057006835938,701.8460693359375,41.7645263671875,55.969970703125
IMG_0029.mp4,6729,224.52452452452454,29.97,1413,0,auth_label,0.49123281240463257,2.578690528869629,360.8645324707031,119.48637390136719,822.8096923828125,61.03253221511841,591.8371124267578,116.90768337249756,461.9451599121094
IMG_0029.mp4,6730,224.5578912245579,29.97,1318,2,traffic_signs,0.9190722107887268,1426.2239990234375,640.1200561523438,1463.76025390625,678.3843994140625,1444.9921264648438,659.2522277832031,37.5362548828125,38.26434326171875
IMG_0029.mp4,6730,224.5578912245579,29.97,1344,1,traffic_lights,0.7841103672981262,1018.8043823242188,675.7991943359375,1033.7174072265625,719.7764892578125,1026.2608947753906,697.787841796875,14.91302490234375,43.977294921875
IMG_0029.mp4,6730,224.5578912245579,29.97,1330,2,traffic_signs,0.934597909450531,664.3340454101562,324.6590270996094,825.7352905273438,488.0311279296875,745.03466796875,406.34507751464844,161.4012451171875,163.37210083007812
IMG_0029.mp4,6730,224.5578912245579,29.97,1326,1,traffic_lights,0.9141953587532043,1138.511474609375,481.7798767089844,1164.0745849609375,533.34033203125,1151.2930297851562,507.5601043701172,25.5631103515625,51.560455322265625
IMG_0029.mp4,6730,224.5578912245579,29.97,1347,2,traffic_signs,0.5721100568771362,961.5994873046875,670.387939453125,1010.7822265625,737.5767211914062,986.1908569335938,703.9823303222656,49.1827392578125,67.18878173828125
IMG_0029.mp4,6730,224.5578912245579,29.97,1314,2,traffic_signs,0.7712534666061401,1502.565673828125,659.6714477539062,1557.541259765625,707.19677734375,1530.053466796875,683.4341125488281,54.9755859375,47.52532958984375
IMG_0029.mp4,6730,224.5578912245579,29.97,1465,1,traffic_lights,0.6210822463035583,1429.68994140625,673.813720703125,1475.217041015625,733.8518676757812,1452.4534912109375,703.8327941894531,45.527099609375,60.03814697265625
IMG_0029.mp4,6730,224.5578912245579,29.97,1325,1,traffic_lights,0.5403078198432922,1433.066162109375,674.0054931640625,1475.06103515625,729.4552001953125,1454.0635986328125,701.7303466796875,41.994873046875,55.44970703125
IMG_0029.mp4,6730,224.5578912245579,29.97,1413,0,auth_label,0.5762985348701477,2.0948891639709473,359.5935974121094,119.38673400878906,821.9212646484375,60.740811586380005,590.7574310302734,117.29184484481812,462.3276672363281
IMG_0029.mp4,6731,224.59125792459128,29.97,1318,2,traffic_signs,0.917022705078125,1426.1478271484375,640.0556640625,1463.4818115234375,678.4835815429688,1444.8148193359375,659.2696228027344,37.333984375,38.42791748046875
IMG_0029.mp4,6731,224.59125792459128,29.97,1344,1,traffic_lights,0.7827112674713135,1018.7283935546875,675.6437377929688,1033.441650390625,719.3551635742188,1026.0850219726562,697.4994506835938,14.7132568359375,43.71142578125
IMG_0029.mp4,6731,224.59125792459128,29.97,1330,2,traffic_signs,0.9348520636558533,662.822998046875,323.8764953613281,824.5928344726562,487.2593994140625,743.7079162597656,405.5679473876953,161.76983642578125,163.38290405273438
IMG_0029.mp4,6731,224.59125792459128,29.97,1326,1,traffic_lights,0.9133399128913879,1138.3759765625,481.6863098144531,1163.8629150390625,533.3156127929688,1151.1194458007812,507.50096130371094,25.4869384765625,51.629302978515625
IMG_0029.mp4,6731,224.59125792459128,29.97,1347,2,traffic_signs,0.5861520767211914,961.5858764648438,670.4002075195312,1010.6705932617188,737.4614868164062,986.1282348632812,703.9308471679688,49.084716796875,67.061279296875
IMG_0029.mp4,6731,224.59125792459128,29.97,1314,2,traffic_signs,0.7771702408790588,1502.3946533203125,659.6565551757812,1557.218994140625,707.2106323242188,1529.8068237304688,683.43359375,54.8243408203125,47.5540771484375
IMG_0029.mp4,6731,224.59125792459128,29.97,1465,1,traffic_lights,0.6620184779167175,1429.6878662109375,673.8137817382812,1475.17578125,733.1228637695312,1452.4318237304688,703.4683227539062,45.4879150390625,59.30908203125
IMG_0029.mp4,6731,224.59125792459128,29.97,1325,1,traffic_lights,0.537319004535675,1433.016845703125,674.1195068359375,1475.0814208984375,729.4560546875,1454.0491333007812,701.7877807617188,42.0645751953125,55.3365478515625
IMG_0029.mp4,6731,224.59125792459128,29.97,1413,0,auth_label,0.4990459978580475,2.06781005859375,358.65118408203125,120.16828918457031,822.161865234375,61.11804962158203,590.4065246582031,118.10047912597656,463.51068115234375
IMG_0029.mp4,6732,224.62462462462463,29.97,1318,2,traffic_signs,0.9192029237747192,1425.9190673828125,640.1560668945312,1463.3321533203125,678.46728515625,1444.6256103515625,659.3116760253906,37.4130859375,38.31121826171875
IMG_0029.mp4,6732,224.62462462462463,29.97,1344,1,traffic_lights,0.7802367806434631,1018.6764526367188,675.7257080078125,1033.1846923828125,719.1900634765625,1025.9305725097656,697.4578857421875,14.50823974609375,43.46435546875
IMG_0029.mp4,6732,224.62462462462463,29.97,1330,2,traffic_signs,0.9359242916107178,661.0899047851562,323.16748046875,823.6028442382812,486.357666015625,742.3463745117188,404.7625732421875,162.512939453125,163.190185546875
IMG_0029.mp4,6732,224.62462462462463,29.97,1326,1,traffic_lights,0.9199520945549011,1138.0533447265625,481.52349853515625,1163.6617431640625,533.3131713867188,1150.8575439453125,507.4183349609375,25.6083984375,51.7896728515625
IMG_0029.mp4,6732,224.62462462462463,29.97,1347,2,traffic_signs,0.5201669335365295,960.9462890625,670.476806640625,1010.5507202148438,737.3942260742188,985.7485046386719,703.9355163574219,49.60443115234375,66.91741943359375
IMG_0029.mp4,6732,224.62462462462463,29.97,1314,2,traffic_signs,0.7757858633995056,1502.2530517578125,659.692138671875,1556.9879150390625,707.2166748046875,1529.6204833984375,683.4544067382812,54.73486328125,47.5245361328125
IMG_0029.mp4,6732,224.62462462462463,29.97,1465,1,traffic_lights,0.7045336961746216,1429.652587890625,673.9879760742188,1475.3785400390625,732.8889770507812,1452.5155639648438,703.4384765625,45.7259521484375,58.9010009765625
IMG_0029.mp4,6732,224.62462462462463,29.97,1325,1,traffic_lights,0.5410659909248352,1433.26806640625,674.3236694335938,1475.258544921875,729.6956787109375,1454.2633056640625,702.0096740722656,41.990478515625,55.37200927734375
IMG_0029.mp4,6732,224.62462462462463,29.97,1413,0,auth_label,0.5675554275512695,1.9235152006149292,356.8167419433594,120.1727066040039,822.5725708007812,61.04811090230942,589.6946563720703,118.24919140338898,465.7558288574219
IMG_0029.mp4,6733,224.657991324658,29.97,1318,2,traffic_signs,0.9173218011856079,1425.7728271484375,640.2050170898438,1463.2501220703125,678.5612182617188,1444.511474609375,659.3831176757812,37.477294921875,38.356201171875
IMG_0029.mp4,6733,224.657991324658,29.97,1344,1,traffic_lights,0.7902481555938721,1018.4071044921875,675.6932373046875,1032.8184814453125,718.6265258789062,1025.61279296875,697.1598815917969,14.411376953125,42.93328857421875
IMG_0029.mp4,6733,224.657991324658,29.97,1330,2,traffic_signs,0.9376862645149231,659.5240478515625,322.1639099121094,822.7743530273438,485.2988586425781,741.1492004394531,403.73138427734375,163.25030517578125,163.13494873046875
IMG_0029.mp4,6733,224.657991324658,29.97,1326,1,traffic_lights,0.9167107939720154,1137.841552734375,481.412109375,1163.4468994140625,533.2903442382812,1150.6442260742188,507.3512268066406,25.6053466796875,51.87823486328125
IMG_0029.mp4,6733,224.657991324658,29.97,1347,2,traffic_signs,0.5103036761283875,960.4913940429688,670.4931030273438,1010.3455200195312,737.3551025390625,985.41845703125,703.9241027832031,49.8541259765625,66.86199951171875
IMG_0029.mp4,6733,224.657991324658,29.97,1314,2,traffic_signs,0.7871227264404297,1502.1063232421875,659.6748657226562,1556.7923583984375,707.2637329101562,1529.4493408203125,683.4692993164062,54.68603515625,47.5888671875
IMG_0029.mp4,6733,224.657991324658,29.97,1465,1,traffic_lights,0.7490529417991638,1429.677978515625,673.9375,1475.1583251953125,732.8696899414062,1452.4181518554688,703.4035949707031,45.4803466796875,58.93218994140625
IMG_0029.mp4,6733,224.657991324658,29.97,1325,1,traffic_lights,0.5733814835548401,1433.205322265625,673.9492797851562,1475.1090087890625,729.91845703125,1454.1571655273438,701.9338684082031,41.9036865234375,55.96917724609375
IMG_0029.mp4,6733,224.657991324658,29.97,1413,0,auth_label,0.5229744911193848,2.0768795013427734,355.9171142578125,119.3683853149414,823.9236450195312,60.72263240814209,589.9203796386719,117.29150581359863,468.00653076171875
IMG_0029.mp4,6734,224.69135802469137,29.97,1318,2,traffic_signs,0.9117554426193237,1425.6243896484375,640.2021484375,1462.975830078125,678.5424194335938,1444.3001098632812,659.3722839355469,37.3514404296875,38.34027099609375
IMG_0029.mp4,6734,224.69135802469137,29.97,1344,1,traffic_lights,0.7943584322929382,1018.2184448242188,675.8222045898438,1032.5543212890625,718.3964233398438,1025.3863830566406,697.1093139648438,14.33587646484375,42.57421875
IMG_0029.mp4,6734,224.69135802469137,29.97,1330,2,traffic_signs,0.9404861330986023,658.0182495117188,321.19757080078125,821.6901245117188,484.49322509765625,739.8541870117188,402.84539794921875,163.671875,163.295654296875
IMG_0029.mp4,6734,224.69135802469137,29.97,1326,1,traffic_lights,0.9156245589256287,1137.605712890625,481.2283020019531,1163.2474365234375,533.2905883789062,1150.4265747070312,507.2594451904297,25.6417236328125,52.062286376953125
IMG_0029.mp4,6734,224.69135802469137,29.97,1347,2,traffic_signs,0.5717794299125671,960.03125,670.993408203125,1009.56298828125,736.5656127929688,984.797119140625,703.7795104980469,49.53173828125,65.57220458984375
IMG_0029.mp4,6734,224.69135802469137,29.97,1314,2,traffic_signs,0.8190908432006836,1502.037841796875,659.6180419921875,1556.606201171875,707.341552734375,1529.322021484375,683.4797973632812,54.568359375,47.7235107421875
IMG_0029.mp4,6734,224.69135802469137,29.97,1413,0,auth_label,0.5822102427482605,2.0206267833709717,354.1368713378906,117.06709289550781,823.6610107421875,59.54385983943939,588.8989410400391,115.04646611213684,469.5241394042969
IMG_0029.mp4,6735,224.72472472472472,29.97,1318,2,traffic_signs,0.9101049900054932,1425.6312255859375,640.1950073242188,1462.931396484375,678.5136108398438,1444.2813110351562,659.3543090820312,37.3001708984375,38.318603515625
IMG_0029.mp4,6735,224.72472472472472,29.97,1344,1,traffic_lights,0.802616536617279,1018.002685546875,675.7946166992188,1032.2852783203125,718.4495239257812,1025.1439819335938,697.1220703125,14.2825927734375,42.6549072265625
IMG_0029.mp4,6735,224.72472472472472,29.97,1330,2,traffic_signs,0.9435347318649292,656.1874389648438,320.3061218261719,820.3533935546875,484.0190734863281,738.2704162597656,402.16259765625,164.16595458984375,163.71295166015625
IMG_0029.mp4,6735,224.72472472472472,29.97,1326,1,traffic_lights,0.9228338599205017,1137.3916015625,481.0645751953125,1163.0821533203125,533.0626220703125,1150.2368774414062,507.0635986328125,25.6905517578125,51.998046875
IMG_0029.mp4,6735,224.72472472472472,29.97,1347,2,traffic_signs,0.6776467561721802,959.55029296875,671.21044921875,1009.302978515625,736.2866821289062,984.4266357421875,703.7485656738281,49.752685546875,65.07623291015625
IMG_0029.mp4,6735,224.72472472472472,29.97,1314,2,traffic_signs,0.8153976798057556,1502.111083984375,659.6016845703125,1556.57958984375,707.310791015625,1529.3453369140625,683.4562377929688,54.468505859375,47.7091064453125
IMG_0029.mp4,6735,224.72472472472472,29.97,1413,0,auth_label,0.5607178211212158,1.8721826076507568,352.9698181152344,114.62283325195312,823.3714599609375,58.24750792980194,588.1706390380859,112.75065064430237,470.4016418457031
IMG_0029.mp4,6735,224.72472472472472,29.97,1325,1,traffic_lights,0.7469378709793091,1431.9844970703125,670.6617431640625,1474.0567626953125,731.208740234375,1453.0206298828125,700.9352416992188,42.072265625,60.5469970703125
IMG_0029.mp4,6736,224.7580914247581,29.97,1318,2,traffic_signs,0.909701943397522,1425.3775634765625,640.1546630859375,1462.718017578125,678.552978515625,1444.0477905273438,659.3538208007812,37.3404541015625,38.3983154296875
IMG_0029.mp4,6736,224.7580914247581,29.97,1344,1,traffic_lights,0.8151453137397766,1017.6782836914062,675.6398315429688,1031.900390625,717.9752197265625,1024.7893371582031,696.8075256347656,14.22210693359375,42.33538818359375
IMG_0029.mp4,6736,224.7580914247581,29.97,1330,2,traffic_signs,0.9464339017868042,654.3414916992188,318.80804443359375,819.1954956054688,483.2803649902344,736.7684936523438,401.04420471191406,164.85400390625,164.47232055664062
IMG_0029.mp4,6736,224.7580914247581,29.97,1326,1,traffic_lights,0.91557776927948,1137.0347900390625,480.9290771484375,1162.943359375,533.060546875,1149.9890747070312,506.99481201171875,25.9085693359375,52.1314697265625
IMG_0029.mp4,6736,224.7580914247581,29.97,1347,2,traffic_signs,0.7845680713653564,958.914306640625,671.27197265625,1009.1527709960938,736.1849365234375,984.0335388183594,703.7284545898438,50.23846435546875,64.9129638671875
IMG_0029.mp4,6736,224.7580914247581,29.97,1314,2,traffic_signs,0.8150500059127808,1501.973388671875,659.5535278320312,1556.448486328125,707.2473754882812,1529.2109375,683.4004516601562,54.47509765625,47.69384765625
IMG_0029.mp4,6736,224.7580914247581,29.97,1325,1,traffic_lights,0.7519767880439758,1431.5550537109375,670.01953125,1473.9576416015625,731.2914428710938,1452.75634765625,700.6554870605469,42.402587890625,61.27191162109375
IMG_0029.mp4,6737,224.79145812479146,29.97,1318,2,traffic_signs,0.9108908772468567,1425.25927734375,640.0936889648438,1462.7440185546875,678.551025390625,1444.0016479492188,659.3223571777344,37.4847412109375,38.45733642578125
IMG_0029.mp4,6737,224.79145812479146,29.97,1344,1,traffic_lights,0.8177793622016907,1017.4736938476562,675.6162109375,1031.609130859375,718.0789184570312,1024.5414123535156,696.8475646972656,14.13543701171875,42.46270751953125
IMG_0029.mp4,6737,224.79145812479146,29.97,1330,2,traffic_signs,0.9486585259437561,652.3960571289062,316.7664489746094,818.1403198242188,482.0346374511719,735.2681884765625,399.4005432128906,165.7442626953125,165.2681884765625
IMG_0029.mp4,6737,224.79145812479146,29.97,1326,1,traffic_lights,0.9164227843284607,1136.679931640625,480.658447265625,1162.7652587890625,532.9481811523438,1149.7225952148438,506.8033142089844,26.0853271484375,52.28973388671875
IMG_0029.mp4,6737,224.79145812479146,29.97,1347,2,traffic_signs,0.7897822260856628,957.9588012695312,671.2808837890625,1009.1852416992188,736.23974609375,983.572021484375,703.7603149414062,51.2264404296875,64.9588623046875
IMG_0029.mp4,6737,224.79145812479146,29.97,1314,2,traffic_signs,0.818917989730835,1501.8572998046875,659.3834228515625,1556.523193359375,707.281982421875,1529.1902465820312,683.3327026367188,54.6658935546875,47.8985595703125
IMG_0029.mp4,6737,224.79145812479146,29.97,1325,1,traffic_lights,0.7647655606269836,1431.5177001953125,669.8346557617188,1474.1142578125,731.329345703125,1452.8159790039062,700.5820007324219,42.5965576171875,61.49468994140625
IMG_0029.mp4,6738,224.82482482482484,29.97,1318,2,traffic_signs,0.9108991622924805,1424.85400390625,640.1279907226562,1462.437255859375,678.5863647460938,1443.6456298828125,659.357177734375,37.583251953125,38.4583740234375
IMG_0029.mp4,6738,224.82482482482484,29.97,1344,1,traffic_lights,0.820826530456543,1017.0693969726562,675.5907592773438,1031.28369140625,718.376953125,1024.1765441894531,696.9838562011719,14.21429443359375,42.78619384765625
IMG_0029.mp4,6738,224.82482482482484,29.97,1330,2,traffic_signs,0.9471396207809448,650.0233154296875,314.6982116699219,816.8446044921875,480.2256774902344,733.4339599609375,397.4619445800781,166.8212890625,165.5274658203125
IMG_0029.mp4,6738,224.82482482482484,29.97,1326,1,traffic_lights,0.9219505786895752,1136.3873291015625,480.5526123046875,1162.409912109375,532.8470458984375,1149.3986206054688,506.6998291015625,26.0225830078125,52.29443359375
IMG_0029.mp4,6738,224.82482482482484,29.97,1347,2,traffic_signs,0.745411217212677,957.19873046875,671.12255859375,1009.0667114257812,736.3833618164062,983.1327209472656,703.7529602050781,51.86798095703125,65.26080322265625
IMG_0029.mp4,6738,224.82482482482484,29.97,1314,2,traffic_signs,0.8214331865310669,1501.680419921875,659.3195190429688,1556.1519775390625,707.34375,1528.9161987304688,683.3316345214844,54.4715576171875,48.02423095703125
IMG_0029.mp4,6738,224.82482482482484,29.97,1325,1,traffic_lights,0.7724416255950928,1431.4693603515625,670.2083740234375,1473.8526611328125,731.5159301757812,1452.6610107421875,700.8621520996094,42.38330078125,61.30755615234375
IMG_0029.mp4,6738,224.82482482482484,29.97,1413,0,auth_label,0.41623249650001526,1.0248867273330688,350.22271728515625,110.61426544189453,821.2658081054688,55.8195760846138,585.7442626953125,109.58937871456146,471.0430908203125
IMG_0029.mp4,6739,224.8581915248582,29.97,1318,2,traffic_signs,0.9096186757087708,1424.5064697265625,640.038330078125,1462.1192626953125,678.5374145507812,1443.3128662109375,659.2878723144531,37.61279296875,38.49908447265625
IMG_0029.mp4,6739,224.8581915248582,29.97,1344,1,traffic_lights,0.8176158666610718,1016.7462768554688,675.5089721679688,1031.0323486328125,718.47021484375,1023.8893127441406,696.9895935058594,14.28607177734375,42.96124267578125
IMG_0029.mp4,6739,224.8581915248582,29.97,1330,2,traffic_signs,0.5082333087921143,647.4010009765625,312.9117126464844,815.2321166992188,478.81982421875,731.3165588378906,395.8657684326172,167.83111572265625,165.90811157226562
IMG_0029.mp4,6739,224.8581915248582,29.97,1326,1,traffic_lights,0.9160451889038086,1135.8203125,480.3212585449219,1162.073974609375,532.69580078125,1148.9471435546875,506.50852966308594,26.253662109375,52.374542236328125
IMG_0029.mp4,6739,224.8581915248582,29.97,1347,2,traffic_signs,0.583459734916687,956.6675415039062,671.0846557617188,1008.783447265625,736.4197998046875,982.7254943847656,703.7522277832031,52.11590576171875,65.33514404296875
IMG_0029.mp4,6739,224.8581915248582,29.97,1314,2,traffic_signs,0.8078480958938599,1501.5321044921875,659.2518310546875,1555.7076416015625,707.3209838867188,1528.619873046875,683.2864074707031,54.175537109375,48.06915283203125
IMG_0029.mp4,6739,224.8581915248582,29.97,1325,1,traffic_lights,0.7834601998329163,1431.484375,670.580078125,1473.7410888671875,731.309326171875,1452.6127319335938,700.9447021484375,42.2567138671875,60.729248046875
IMG_0029.mp4,6740,224.89155822489155,29.97,1318,2,traffic_signs,0.9095456004142761,1424.2515869140625,640.1265869140625,1461.7564697265625,678.6403198242188,1443.0040283203125,659.3834533691406,37.5048828125,38.51373291015625
IMG_0029.mp4,6740,224.89155822489155,29.97,1344,1,traffic_lights,0.8188255429267883,1016.1498413085938,675.4273681640625,1030.6153564453125,718.8059692382812,1023.3825988769531,697.1166687011719,14.46551513671875,43.37860107421875
IMG_0029.mp4,6740,224.89155822489155,29.97,1330,2,traffic_signs,0.9198004603385925,645.4354858398438,310.5144958496094,815.0132446289062,478.101318359375,730.224365234375,394.3079071044922,169.5777587890625,167.58682250976562
IMG_0029.mp4,6740,224.89155822489155,29.97,1326,1,traffic_lights,0.914134681224823,1135.337158203125,480.27886962890625,1161.5557861328125,532.7050170898438,1148.4464721679688,506.491943359375,26.2186279296875,52.4261474609375
IMG_0029.mp4,6740,224.89155822489155,29.97,1347,2,traffic_signs,0.5204896330833435,955.9207763671875,671.2078247070312,1008.55712890625,736.5809326171875,982.2389526367188,703.8943786621094,52.6363525390625,65.37310791015625
IMG_0029.mp4,6740,224.89155822489155,29.97,1314,2,traffic_signs,0.8008798956871033,1501.1702880859375,659.4573974609375,1555.2110595703125,707.3787841796875,1528.190673828125,683.4180908203125,54.040771484375,47.92138671875
IMG_0029.mp4,6740,224.89155822489155,29.97,1325,1,traffic_lights,0.791286051273346,1431.1571044921875,670.7230224609375,1473.7808837890625,731.462890625,1452.468994140625,701.0929565429688,42.623779296875,60.7398681640625
IMG_0029.mp4,6741,224.92492492492494,29.97,1318,2,traffic_signs,0.907585859298706,1423.7889404296875,639.9139404296875,1461.354736328125,678.5160522460938,1442.5718383789062,659.2149963378906,37.5657958984375,38.60211181640625
IMG_0029.mp4,6741,224.92492492492494,29.97,1344,1,traffic_lights,0.8259972333908081,1015.2713012695312,675.2067260742188,1029.9598388671875,719.4006958007812,1022.6155700683594,697.3037109375,14.68853759765625,44.1939697265625
IMG_0029.mp4,6741,224.92492492492494,29.97,1330,2,traffic_signs,0.9155242443084717,643.1475830078125,308.4244079589844,813.3932495117188,477.1529541015625,728.2704162597656,392.78868103027344,170.24566650390625,168.72854614257812
IMG_0029.mp4,6741,224.92492492492494,29.97,1326,1,traffic_lights,0.9193544983863831,1134.905517578125,480.0053405761719,1161.0838623046875,532.4610595703125,1147.9946899414062,506.2332000732422,26.1783447265625,52.455718994140625
IMG_0029.mp4,6741,224.92492492492494,29.97,1347,2,traffic_signs,0.7141610383987427,955.0369262695312,670.8977661132812,1008.3670043945312,736.39013671875,981.7019653320312,703.6439514160156,53.330078125,65.49237060546875
IMG_0029.mp4,6741,224.92492492492494,29.97,1314,2,traffic_signs,0.814333975315094,1500.9993896484375,659.4728393554688,1554.663818359375,707.2603149414062,1527.8316040039062,683.3665771484375,53.6644287109375,47.7874755859375
IMG_0029.mp4,6741,224.92492492492494,29.97,1325,1,traffic_lights,0.7956376075744629,1430.5316162109375,670.5516967773438,1473.9464111328125,731.31298828125,1452.239013671875,700.9323425292969,43.414794921875,60.76129150390625
IMG_0029.mp4,6742,224.9582916249583,29.97,1318,2,traffic_signs,0.9076501727104187,1423.509521484375,639.6959838867188,1461.1019287109375,678.4105224609375,1442.3057250976562,659.0532531738281,37.5924072265625,38.71453857421875
IMG_0029.mp4,6742,224.9582916249583,29.97,1344,1,traffic_lights,0.8211882710456848,1014.5977172851562,675.1223754882812,1029.31103515625,719.4475708007812,1021.9543762207031,697.2849731445312,14.71331787109375,44.3251953125
IMG_0029.mp4,6742,224.9582916249583,29.97,1330,2,traffic_signs,0.9091414213180542,640.5772094726562,307.2635498046875,810.8374633789062,476.00811767578125,725.7073364257812,391.6358337402344,170.26025390625,168.74456787109375
IMG_0029.mp4,6742,224.9582916249583,29.97,1326,1,traffic_lights,0.913445770740509,1134.5462646484375,479.8838195800781,1160.6116943359375,532.5309448242188,1147.5789794921875,506.20738220214844,26.0654296875,52.647125244140625
IMG_0029.mp4,6742,224.9582916249583,29.97,1347,2,traffic_signs,0.7067787647247314,954.31396484375,670.748291015625,1008.1621704101562,736.4371337890625,981.2380676269531,703.5927124023438,53.84820556640625,65.6888427734375
IMG_0029.mp4,6742,224.9582916249583,29.97,1314,2,traffic_signs,0.8151820302009583,1500.9290771484375,659.6185302734375,1554.302734375,707.3319091796875,1527.6159057617188,683.4752197265625,53.3736572265625,47.71337890625
IMG_0029.mp4,6742,224.9582916249583,29.97,1325,1,traffic_lights,0.8036459684371948,1430.640869140625,670.4730834960938,1474.052490234375,731.2455444335938,1452.3466796875,700.8593139648438,43.41162109375,60.7724609375
IMG_0029.mp4,6742,224.9582916249583,29.97,1468,2,traffic_signs,0.3747476041316986,956.3628540039062,671.7820434570312,1008.2579345703125,736.1734619140625,982.3103942871094,703.9777526855469,51.89508056640625,64.39141845703125
IMG_0029.mp4,6743,224.99165832499168,29.97,1318,2,traffic_signs,0.9047290682792664,1423.203125,639.6192626953125,1460.709228515625,678.5685424804688,1441.9561767578125,659.0939025878906,37.506103515625,38.94927978515625
IMG_0029.mp4,6743,224.99165832499168,29.97,1344,1,traffic_lights,0.8117802143096924,1014.0585327148438,675.1447143554688,1028.6419677734375,719.9034423828125,1021.3502502441406,697.5240783691406,14.58343505859375,44.75872802734375
IMG_0029.mp4,6743,224.99165832499168,29.97,1330,2,traffic_signs,0.9286386966705322,637.474609375,305.9710998535156,808.3275756835938,473.93609619140625,722.9010925292969,389.95359802246094,170.85296630859375,167.96499633789062
IMG_0029.mp4,6743,224.99165832499168,29.97,1326,1,traffic_lights,0.9136994481086731,1134.1466064453125,479.8565368652344,1160.148193359375,532.4747314453125,1147.1473999023438,506.16563415527344,26.0015869140625,52.618194580078125
IMG_0029.mp4,6743,224.99165832499168,29.97,1347,2,traffic_signs,0.7140389680862427,953.6129150390625,670.46826171875,1007.9796142578125,736.5195922851562,980.7962646484375,703.4939270019531,54.36669921875,66.05133056640625
IMG_0029.mp4,6743,224.99165832499168,29.97,1314,2,traffic_signs,0.8068029880523682,1500.826416015625,659.7069091796875,1553.99658203125,707.349365234375,1527.4114990234375,683.5281372070312,53.170166015625,47.6424560546875
IMG_0029.mp4,6743,224.99165832499168,29.97,1325,1,traffic_lights,0.8019876480102539,1430.239501953125,670.6910400390625,1473.9244384765625,731.4088134765625,1452.0819702148438,701.0499267578125,43.6849365234375,60.7177734375
IMG_0029.mp4,6743,224.99165832499168,29.97,1468,2,traffic_signs,0.37102657556533813,956.013671875,671.6927490234375,1007.9578857421875,736.0999755859375,981.9857788085938,703.8963623046875,51.9442138671875,64.4072265625
IMG_0029.mp4,6744,225.02502502502503,29.97,1318,2,traffic_signs,0.9081677198410034,1422.710693359375,639.4970092773438,1460.5244140625,678.5457763671875,1441.6175537109375,659.0213928222656,37.813720703125,39.04876708984375
IMG_0029.mp4,6744,225.02502502502503,29.97,1344,1,traffic_lights,0.8225507736206055,1013.4962158203125,674.9060668945312,1027.8232421875,719.8765869140625,1020.6597290039062,697.3913269042969,14.3270263671875,44.97052001953125
IMG_0029.mp4,6744,225.02502502502503,29.97,1330,2,traffic_signs,0.9265948534011841,634.25439453125,303.66119384765625,804.9544677734375,471.6789855957031,719.6044311523438,387.6700897216797,170.7000732421875,168.01779174804688
IMG_0029.mp4,6744,225.02502502502503,29.97,1326,1,traffic_lights,0.9217600226402283,1133.6094970703125,479.74310302734375,1159.5076904296875,532.1561889648438,1146.55859375,505.94964599609375,25.898193359375,52.4130859375
IMG_0029.mp4,6744,225.02502502502503,29.97,1347,2,traffic_signs,0.7081593871116638,953.1673583984375,670.408935546875,1007.4093017578125,736.4979858398438,980.288330078125,703.4534606933594,54.241943359375,66.08905029296875
IMG_0029.mp4,6744,225.02502502502503,29.97,1314,2,traffic_signs,0.8236483335494995,1500.4666748046875,659.73974609375,1553.7457275390625,707.3020629882812,1527.106201171875,683.5209045410156,53.279052734375,47.56231689453125
IMG_0029.mp4,6744,225.02502502502503,29.97,1325,1,traffic_lights,0.810352623462677,1429.9556884765625,671.1173706054688,1473.647705078125,731.2831420898438,1451.8016967773438,701.2002563476562,43.6920166015625,60.165771484375
IMG_0029.mp4,6744,225.02502502502503,29.97,1470,1,traffic_lights,0.8158385157585144,1429.07568359375,673.3709716796875,1473.3626708984375,732.8886108398438,1451.2191772460938,703.1297912597656,44.2869873046875,59.51763916015625
IMG_0029.mp4,6745,225.0583917250584,29.97,1318,2,traffic_signs,0.9090383052825928,1422.2054443359375,639.3275756835938,1459.9127197265625,678.3505249023438,1441.05908203125,658.8390502929688,37.707275390625,39.02294921875
IMG_0029.mp4,6745,225.0583917250584,29.97,1344,1,traffic_lights,0.8104415535926819,1012.90185546875,674.879638671875,1026.929931640625,719.5088500976562,1019.9158935546875,697.1942443847656,14.028076171875,44.62921142578125
IMG_0029.mp4,6745,225.0583917250584,29.97,1330,2,traffic_signs,0.9266439080238342,631.0198364257812,300.9012451171875,801.5307006835938,469.8646240234375,716.2752685546875,385.3829345703125,170.5108642578125,168.96337890625
IMG_0029.mp4,6745,225.0583917250584,29.97,1326,1,traffic_lights,0.9075952768325806,1132.9578857421875,479.4744873046875,1158.8646240234375,531.9324951171875,1145.9112548828125,505.7034912109375,25.90673828125,52.4580078125
IMG_0029.mp4,6745,225.0583917250584,29.97,1347,2,traffic_signs,0.7012565732002258,952.7787475585938,670.4407958984375,1006.5587768554688,736.435546875,979.6687622070312,703.4381713867188,53.780029296875,65.9947509765625
IMG_0029.mp4,6745,225.0583917250584,29.97,1314,2,traffic_signs,0.8337404131889343,1499.990234375,659.7327270507812,1553.2786865234375,707.1968994140625,1526.6344604492188,683.4648132324219,53.2884521484375,47.46417236328125
IMG_0029.mp4,6745,225.0583917250584,29.97,1325,1,traffic_lights,0.8213231563568115,1429.655029296875,671.38720703125,1473.3670654296875,731.0840454101562,1451.5110473632812,701.2356262207031,43.7120361328125,59.69683837890625
IMG_0029.mp4,6746,225.09175842509177,29.97,1318,2,traffic_signs,0.9088689088821411,1421.887939453125,639.2665405273438,1459.4473876953125,678.2638549804688,1440.6676635742188,658.7651977539062,37.5594482421875,38.997314453125
IMG_0029.mp4,6746,225.09175842509177,29.97,1344,1,traffic_lights,0.7515485882759094,1012.3236694335938,675.0562744140625,1026.2791748046875,719.6237182617188,1019.3014221191406,697.3399963378906,13.95550537109375,44.56744384765625
IMG_0029.mp4,6746,225.09175842509177,29.97,1330,2,traffic_signs,0.9254242181777954,627.6976928710938,297.8738098144531,798.9507446289062,467.95318603515625,713.32421875,382.9134979248047,171.2530517578125,170.07937622070312
IMG_0029.mp4,6746,225.09175842509177,29.97,1326,1,traffic_lights,0.9052033424377441,1132.369140625,479.3014831542969,1158.3309326171875,531.7061767578125,1145.3500366210938,505.5038299560547,25.9617919921875,52.404693603515625
IMG_0029.mp4,6746,225.09175842509177,29.97,1347,2,traffic_signs,0.6894079446792603,952.3942260742188,670.6517944335938,1005.7238159179688,736.5626831054688,979.0590209960938,703.6072387695312,53.32958984375,65.910888671875
IMG_0029.mp4,6746,225.09175842509177,29.97,1314,2,traffic_signs,0.8344699740409851,1499.597412109375,659.7681274414062,1552.871337890625,707.2471313476562,1526.234375,683.5076293945312,53.27392578125,47.47900390625
IMG_0029.mp4,6746,225.09175842509177,29.97,1325,1,traffic_lights,0.8239811062812805,1429.6351318359375,671.68603515625,1472.8603515625,731.1513061523438,1451.2477416992188,701.4186706542969,43.2252197265625,59.46527099609375
IMG_0029.mp4,6747,225.12512512512512,29.97,1318,2,traffic_signs,0.9073075652122498,1421.7938232421875,639.0811157226562,1459.10107421875,678.0087280273438,1440.4474487304688,658.544921875,37.3072509765625,38.9276123046875
IMG_0029.mp4,6747,225.12512512512512,29.97,1344,1,traffic_lights,0.5536594390869141,1010.9869995117188,674.7955932617188,1025.3753662109375,720.1636352539062,1018.1811828613281,697.4796142578125,14.38836669921875,45.3680419921875
IMG_0029.mp4,6747,225.12512512512512,29.97,1330,2,traffic_signs,0.9180320501327515,623.970703125,295.1003723144531,796.1231079101562,466.30389404296875,710.0469055175781,380.70213317871094,172.15240478515625,171.20352172851562
IMG_0029.mp4,6747,225.12512512512512,29.97,1326,1,traffic_lights,0.8866666555404663,1131.72509765625,478.9624938964844,1157.69482421875,531.1915283203125,1144.7099609375,505.07701110839844,25.9697265625,52.229034423828125
IMG_0029.mp4,6747,225.12512512512512,29.97,1347,2,traffic_signs,0.6288678646087646,952.2132568359375,670.4518432617188,1004.7466430664062,736.6665649414062,978.4799499511719,703.5592041015625,52.53338623046875,66.2147216796875
IMG_0029.mp4,6747,225.12512512512512,29.97,1314,2,traffic_signs,0.8667044639587402,1499.33837890625,659.66943359375,1552.4864501953125,707.1126708984375,1525.9124145507812,683.3910522460938,53.1480712890625,47.4432373046875
IMG_0029.mp4,6747,225.12512512512512,29.97,1325,1,traffic_lights,0.8167294859886169,1429.8359375,671.5203247070312,1472.7926025390625,730.9791870117188,1451.3142700195312,701.249755859375,42.9566650390625,59.4588623046875
IMG_0029.mp4,6747,225.12512512512512,29.97,1471,1,traffic_lights,0.6161306500434875,1428.9136962890625,673.2477416992188,1472.8427734375,732.112548828125,1450.8782348632812,702.6801452636719,43.9290771484375,58.86480712890625
IMG_0029.mp4,6748,225.1584918251585,29.97,1318,2,traffic_signs,0.8758557438850403,1421.4486083984375,638.8919067382812,1458.792724609375,677.8709106445312,1440.1206665039062,658.3814086914062,37.3441162109375,38.97900390625
IMG_0029.mp4,6748,225.1584918251585,29.97,1344,1,traffic_lights,0.761537492275238,1010.2338256835938,674.5949096679688,1024.9166259765625,720.5127563476562,1017.5752258300781,697.5538330078125,14.68280029296875,45.9178466796875
IMG_0029.mp4,6748,225.1584918251585,29.97,1330,2,traffic_signs,0.8927041888237,619.7412109375,291.773193359375,794.098388671875,464.7294006347656,706.9197998046875,378.2512969970703,174.357177734375,172.95620727539062
IMG_0029.mp4,6748,225.1584918251585,29.97,1326,1,traffic_lights,0.8950514793395996,1131.013427734375,478.7003479003906,1157.1771240234375,531.031494140625,1144.0952758789062,504.8659210205078,26.1636962890625,52.331146240234375
IMG_0029.mp4,6748,225.1584918251585,29.97,1347,2,traffic_signs,0.5488166213035583,951.8161010742188,670.227783203125,1003.7365112304688,736.6307373046875,977.7763061523438,703.4292602539062,51.92041015625,66.4029541015625
IMG_0029.mp4,6748,225.1584918251585,29.97,1314,2,traffic_signs,0.7844532132148743,1498.72119140625,659.3477783203125,1552.1136474609375,707.1083984375,1525.4174194335938,683.2280883789062,53.3924560546875,47.7606201171875
IMG_0029.mp4,6748,225.1584918251585,29.97,1325,1,traffic_lights,0.819337010383606,1429.07666015625,671.4481201171875,1472.5809326171875,730.8778686523438,1450.8287963867188,701.1629943847656,43.5042724609375,59.42974853515625
IMG_0029.mp4,6749,225.19185852519186,29.97,1318,2,traffic_signs,0.6716264486312866,1421.3134765625,638.7076416015625,1458.4521484375,678.098388671875,1439.8828125,658.4030151367188,37.138671875,39.3907470703125
IMG_0029.mp4,6749,225.19185852519186,29.97,1344,1,traffic_lights,0.8078557848930359,1009.6016235351562,674.5848999023438,1024.474609375,720.7489013671875,1017.0381164550781,697.6669006347656,14.87298583984375,46.16400146484375
IMG_0029.mp4,6749,225.19185852519186,29.97,1330,2,traffic_signs,0.8851411938667297,615.993896484375,287.2528076171875,792.9906005859375,462.3282775878906,704.4922485351562,374.79054260253906,176.9967041015625,175.07546997070312
IMG_0029.mp4,6749,225.19185852519186,29.97,1326,1,traffic_lights,0.8955816626548767,1130.1866455078125,478.5609130859375,1156.623291015625,531.0391235351562,1143.4049682617188,504.8000183105469,26.4366455078125,52.47821044921875
IMG_0029.mp4,6749,225.19185852519186,29.97,1347,2,traffic_signs,0.6073368191719055,951.0610961914062,670.2630004882812,1002.6913452148438,736.7421875,976.876220703125,703.5025939941406,51.6302490234375,66.47918701171875
IMG_0029.mp4,6749,225.19185852519186,29.97,1314,2,traffic_signs,0.8526790738105774,1497.9366455078125,659.3240356445312,1551.990478515625,707.2437744140625,1524.9635620117188,683.2839050292969,54.0538330078125,47.91973876953125
IMG_0029.mp4,6749,225.19185852519186,29.97,1325,1,traffic_lights,0.32833266258239746,1427.712158203125,673.2745971679688,1472.1873779296875,731.903564453125,1449.9497680664062,702.5890808105469,44.4752197265625,58.62896728515625
IMG_0029.mp4,6750,225.22522522522524,29.97,1318,2,traffic_signs,0.9086712598800659,1420.6009521484375,638.720947265625,1458.07763671875,677.9780883789062,1439.3392944335938,658.3495178222656,37.4766845703125,39.25714111328125
IMG_0029.mp4,6750,225.22522522522524,29.97,1344,1,traffic_lights,0.8274530172348022,1008.188720703125,674.5051879882812,1023.8563232421875,721.3338012695312,1016.0225219726562,697.9194946289062,15.6676025390625,46.82861328125
IMG_0029.mp4,6750,225.22522522522524,29.97,1330,2,traffic_signs,0.8648640513420105,611.29052734375,283.61126708984375,789.6959838867188,460.51434326171875,700.4932556152344,372.06280517578125,178.40545654296875,176.903076171875
IMG_0029.mp4,6750,225.22522522522524,29.97,1326,1,traffic_lights,0.9225943684577942,1129.5537109375,478.4608154296875,1156.3331298828125,530.5239868164062,1142.9434204101562,504.4924011230469,26.7794189453125,52.06317138671875
IMG_0029.mp4,6750,225.22522522522524,29.97,1347,2,traffic_signs,0.5413813591003418,949.9036254882812,670.3975219726562,1000.8784790039062,736.9515380859375,975.3910522460938,703.6745300292969,50.974853515625,66.55401611328125
IMG_0029.mp4,6750,225.22522522522524,29.97,1314,2,traffic_signs,0.7784730792045593,1497.5572509765625,659.3328857421875,1551.5660400390625,707.296875,1524.5616455078125,683.3148803710938,54.0087890625,47.9639892578125
IMG_0029.mp4,6750,225.22522522522524,29.97,1325,1,traffic_lights,0.796485185623169,1427.1650390625,674.0134887695312,1471.6231689453125,732.2269897460938,1449.3941040039062,703.1202392578125,44.4581298828125,58.2135009765625
IMG_0029.mp4,6751,225.2585919252586,29.97,1318,2,traffic_signs,0.9045863151550293,1420.044189453125,638.6286010742188,1457.9100341796875,677.8572998046875,1438.9771118164062,658.2429504394531,37.8658447265625,39.22869873046875
IMG_0029.mp4,6751,225.2585919252586,29.97,1344,1,traffic_lights,0.8280957341194153,1007.321044921875,674.234619140625,1023.2308349609375,721.1793823242188,1015.2759399414062,697.7070007324219,15.9097900390625,46.94476318359375
IMG_0029.mp4,6751,225.2585919252586,29.97,1330,2,traffic_signs,0.8719215989112854,606.7640380859375,280.93255615234375,784.6680297851562,457.86407470703125,695.7160339355469,369.3983154296875,177.90399169921875,176.9315185546875
IMG_0029.mp4,6751,225.2585919252586,29.97,1326,1,traffic_lights,0.7882241010665894,1128.8323974609375,478.17633056640625,1155.9593505859375,530.33642578125,1142.3958740234375,504.2563781738281,27.126953125,52.16009521484375
IMG_0029.mp4,6751,225.2585919252586,29.97,1347,2,traffic_signs,0.3056442141532898,948.0020751953125,669.4667358398438,1000.2044677734375,737.0621337890625,974.103271484375,703.2644348144531,52.202392578125,67.59539794921875
IMG_0029.mp4,6751,225.2585919252586,29.97,1314,2,traffic_signs,0.6866668462753296,1497.04150390625,659.2775268554688,1551.3355712890625,707.1486206054688,1524.1885375976562,683.2130737304688,54.2940673828125,47.87109375
IMG_0029.mp4,6751,225.2585919252586,29.97,1325,1,traffic_lights,0.4739534854888916,1426.9556884765625,673.8289794921875,1470.4580078125,731.9559936523438,1448.7068481445312,702.8924865722656,43.5023193359375,58.12701416015625
IMG_0029.mp4,6752,225.29195862529195,29.97,1318,2,traffic_signs,0.9054535627365112,1419.4661865234375,638.4671630859375,1457.5667724609375,677.857421875,1438.5164794921875,658.1622924804688,38.1005859375,39.3902587890625
IMG_0029.mp4,6752,225.29195862529195,29.97,1344,1,traffic_lights,0.834754228591919,1006.9217529296875,674.2838745117188,1022.5164794921875,720.4351806640625,1014.7191162109375,697.3595275878906,15.5947265625,46.15130615234375
IMG_0029.mp4,6752,225.29195862529195,29.97,1330,2,traffic_signs,0.8692402243614197,601.189453125,278.0318908691406,780.2781982421875,454.8211669921875,690.7338256835938,366.42652893066406,179.0887451171875,176.78927612304688
IMG_0029.mp4,6752,225.29195862529195,29.97,1326,1,traffic_lights,0.8107794523239136,1128.1776123046875,477.6337585449219,1155.040771484375,530.1598510742188,1141.6091918945312,503.8968048095703,26.8631591796875,52.526092529296875
IMG_0029.mp4,6752,225.29195862529195,29.97,1347,2,traffic_signs,0.43054428696632385,946.4400634765625,669.1053466796875,999.340087890625,737.1423950195312,972.8900756835938,703.1238708496094,52.9000244140625,68.03704833984375
IMG_0029.mp4,6752,225.29195862529195,29.97,1314,2,traffic_signs,0.4398140609264374,1496.58349609375,659.2898559570312,1550.8499755859375,706.9842529296875,1523.7167358398438,683.1370544433594,54.2664794921875,47.69439697265625
IMG_0029.mp4,6752,225.29195862529195,29.97,1325,1,traffic_lights,0.780680775642395,1426.449462890625,674.0465087890625,1469.6009521484375,731.6017456054688,1448.0252075195312,702.8241271972656,43.1514892578125,57.55523681640625
IMG_0029.mp4,6752,225.29195862529195,29.97,1475,1,traffic_lights,0.5843244791030884,1128.0665283203125,477.8028564453125,1155.2003173828125,530.1725463867188,1141.6334228515625,503.9877014160156,27.1337890625,52.36968994140625
IMG_0029.mp4,6753,225.32532532532534,29.97,1318,2,traffic_signs,0.9070280194282532,1419.1072998046875,638.48779296875,1457.360595703125,677.687255859375,1438.2339477539062,658.0875244140625,38.2532958984375,39.199462890625
IMG_0029.mp4,6753,225.32532532532534,29.97,1344,1,traffic_lights,0.833904504776001,1006.5706176757812,674.2982177734375,1021.9476928710938,720.0714721679688,1014.2591552734375,697.1848449707031,15.3770751953125,45.77325439453125
IMG_0029.mp4,6753,225.32532532532534,29.97,1330,2,traffic_signs,0.8476528525352478,596.0903930664062,274.319580078125,776.446533203125,452.7388916015625,686.2684631347656,363.52923583984375,180.35614013671875,178.4193115234375
IMG_0029.mp4,6753,225.32532532532534,29.97,1326,1,traffic_lights,0.9165878891944885,1127.73095703125,477.6068420410156,1154.7318115234375,529.715087890625,1141.2313842773438,503.6609649658203,27.0008544921875,52.108245849609375
IMG_0029.mp4,6753,225.32532532532534,29.97,1347,2,traffic_signs,0.43990951776504517,945.4085693359375,670.1546020507812,998.1166381835938,736.53857421875,971.7626037597656,703.3465881347656,52.70806884765625,66.38397216796875
IMG_0029.mp4,6753,225.32532532532534,29.97,1314,2,traffic_signs,0.3754541873931885,1496.3592529296875,659.1721801757812,1550.7252197265625,706.8630981445312,1523.542236328125,683.0176391601562,54.365966796875,47.69091796875
IMG_0029.mp4,6753,225.32532532532534,29.97,1325,1,traffic_lights,0.8183913826942444,1425.9010009765625,674.1010131835938,1469.422119140625,731.34716796875,1447.6615600585938,702.7240905761719,43.5211181640625,57.24615478515625
IMG_0029.mp4,6753,225.32532532532534,29.97,1475,1,traffic_lights,0.586179792881012,1127.4873046875,477.60772705078125,1154.5181884765625,529.7785034179688,1141.0027465820312,503.693115234375,27.0308837890625,52.1707763671875
IMG_0029.mp4,6754,225.3586920253587,29.97,1318,2,traffic_signs,0.9047684669494629,1418.5845947265625,638.4470825195312,1457.09765625,677.493408203125,1437.8411254882812,657.9702453613281,38.5130615234375,39.04632568359375
IMG_0029.mp4,6754,225.3586920253587,29.97,1344,1,traffic_lights,0.8280753493309021,1006.0711669921875,674.2405395507812,1021.109130859375,719.6740112304688,1013.5901489257812,696.957275390625,15.0379638671875,45.4334716796875
IMG_0029.mp4,6754,225.3586920253587,29.97,1330,2,traffic_signs,0.6665737628936768,591.08837890625,270.4291687011719,772.3397216796875,449.4275207519531,681.7140502929688,359.9283447265625,181.2513427734375,178.99835205078125
IMG_0029.mp4,6754,225.3586920253587,29.97,1326,1,traffic_lights,0.8963804841041565,1127.0882568359375,477.3180847167969,1154.1641845703125,529.6530151367188,1140.626220703125,503.4855499267578,27.075927734375,52.334930419921875
IMG_0029.mp4,6754,225.3586920253587,29.97,1347,2,traffic_signs,0.3320554494857788,944.3399658203125,669.0794067382812,997.7271728515625,736.959228515625,971.0335693359375,703.0193176269531,53.38720703125,67.87982177734375
IMG_0029.mp4,6754,225.3586920253587,29.97,1314,2,traffic_signs,0.411462664604187,1496.9373779296875,659.912353515625,1549.8778076171875,707.3800659179688,1523.4075927734375,683.6462097167969,52.9404296875,47.46771240234375
IMG_0029.mp4,6754,225.3586920253587,29.97,1325,1,traffic_lights,0.8181198835372925,1425.4686279296875,674.197265625,1468.6397705078125,731.216796875,1447.05419921875,702.70703125,43.171142578125,57.01953125
IMG_0029.mp4,6754,225.3586920253587,29.97,1475,1,traffic_lights,0.7124534249305725,1126.9720458984375,477.2998962402344,1154.1351318359375,529.4720458984375,1140.5535888671875,503.38597106933594,27.1630859375,52.172149658203125
IMG_0029.mp4,6755,225.39205872539208,29.97,1318,2,traffic_signs,0.9105904698371887,1417.72802734375,638.400634765625,1456.8792724609375,677.2723388671875,1437.3036499023438,657.8364868164062,39.1512451171875,38.8717041015625
IMG_0029.mp4,6755,225.39205872539208,29.97,1344,1,traffic_lights,0.845100998878479,1005.5154418945312,673.8904418945312,1020.3917846679688,719.255126953125,1012.95361328125,696.5727844238281,14.8763427734375,45.36468505859375
IMG_0029.mp4,6755,225.39205872539208,29.97,1330,2,traffic_signs,0.5885334014892578,585.6437377929688,265.28369140625,770.634765625,446.7339782714844,678.1392517089844,356.0088348388672,184.99102783203125,181.45028686523438
IMG_0029.mp4,6755,225.39205872539208,29.97,1326,1,traffic_lights,0.9093120098114014,1126.41943359375,476.9539794921875,1153.2564697265625,529.3740844726562,1139.8379516601562,503.1640319824219,26.8370361328125,52.42010498046875
IMG_0029.mp4,6755,225.39205872539208,29.97,1347,2,traffic_signs,0.8942428827285767,942.524658203125,668.5203247070312,995.12060546875,736.87158203125,968.8226318359375,702.6959533691406,52.595947265625,68.35125732421875
IMG_0029.mp4,6755,225.39205872539208,29.97,1314,2,traffic_signs,0.734927773475647,1496.7938232421875,660.0692749023438,1549.2392578125,707.4197998046875,1523.0165405273438,683.7445373535156,52.4454345703125,47.35052490234375
IMG_0029.mp4,6755,225.39205872539208,29.97,1325,1,traffic_lights,0.791649341583252,1424.947021484375,674.0372314453125,1467.8577880859375,731.09521484375,1446.4024047851562,702.5662231445312,42.9107666015625,57.0579833984375
IMG_0029.mp4,6756,225.42542542542543,29.97,1318,2,traffic_signs,0.9109463691711426,1417.1171875,638.2078247070312,1456.527099609375,677.1692504882812,1436.8221435546875,657.6885375976562,39.409912109375,38.96142578125
IMG_0029.mp4,6756,225.42542542542543,29.97,1344,1,traffic_lights,0.8506802320480347,1005.1834106445312,673.672119140625,1019.807373046875,719.105712890625,1012.4953918457031,696.388916015625,14.62396240234375,45.43359375
IMG_0029.mp4,6756,225.42542542542543,29.97,1330,2,traffic_signs,0.4361717998981476,580.4237060546875,260.8933410644531,767.3917236328125,443.54302978515625,673.90771484375,352.2181854248047,186.968017578125,182.64968872070312
IMG_0029.mp4,6756,225.42542542542543,29.97,1326,1,traffic_lights,0.9120839238166809,1125.625244140625,476.4280090332031,1152.2266845703125,528.9717407226562,1138.9259643554688,502.6998748779297,26.6014404296875,52.543731689453125
IMG_0029.mp4,6756,225.42542542542543,29.97,1347,2,traffic_signs,0.8172459602355957,941.8245849609375,668.2835693359375,993.9282836914062,736.6827392578125,967.8764343261719,702.483154296875,52.10369873046875,68.399169921875
IMG_0029.mp4,6756,225.42542542542543,29.97,1314,2,traffic_signs,0.6431936025619507,1496.397705078125,659.9113159179688,1548.882568359375,707.2500610351562,1522.64013671875,683.5806884765625,52.48486328125,47.3387451171875
IMG_0029.mp4,6756,225.42542542542543,29.97,1325,1,traffic_lights,0.7834846377372742,1424.5823974609375,674.34619140625,1467.44580078125,731.1122436523438,1446.0140991210938,702.7292175292969,42.8634033203125,56.76605224609375
IMG_0029.mp4,6757,225.4587921254588,29.97,1318,2,traffic_signs,0.9158779978752136,1416.563720703125,637.8504028320312,1456.0743408203125,677.1162109375,1436.3190307617188,657.4833068847656,39.5106201171875,39.26580810546875
IMG_0029.mp4,6757,225.4587921254588,29.97,1344,1,traffic_lights,0.8523440957069397,1004.0584106445312,673.564208984375,1018.7896118164062,719.086181640625,1011.4240112304688,696.3251953125,14.731201171875,45.52197265625
IMG_0029.mp4,6757,225.4587921254588,29.97,1326,1,traffic_lights,0.9207237362861633,1124.5611572265625,475.79449462890625,1151.4066162109375,528.9608154296875,1137.98388671875,502.3776550292969,26.845458984375,53.16632080078125
IMG_0029.mp4,6757,225.4587921254588,29.97,1347,2,traffic_signs,0.8879134058952332,941.0579223632812,668.25244140625,992.8209838867188,736.6318359375,966.939453125,702.442138671875,51.7630615234375,68.37939453125
IMG_0029.mp4,6757,225.4587921254588,29.97,1314,2,traffic_signs,0.27036160230636597,1495.7393798828125,659.2752075195312,1549.2781982421875,706.5235595703125,1522.5087890625,682.8993835449219,53.538818359375,47.24835205078125
IMG_0029.mp4,6757,225.4587921254588,29.97,1325,1,traffic_lights,0.7542257905006409,1424.641845703125,673.8322143554688,1466.31689453125,730.59912109375,1445.4793701171875,702.2156677246094,41.675048828125,56.76690673828125
IMG_0029.mp4,6758,225.49215882549217,29.97,1318,2,traffic_signs,0.9234405755996704,1415.7056884765625,637.40087890625,1455.1551513671875,677.02587890625,1435.430419921875,657.21337890625,39.449462890625,39.625
IMG_0029.mp4,6758,225.49215882549217,29.97,1344,1,traffic_lights,0.8540053963661194,1002.6278686523438,673.2119750976562,1017.262451171875,719.3650512695312,1009.9451599121094,696.2885131835938,14.63458251953125,46.153076171875
IMG_0029.mp4,6758,225.49215882549217,29.97,1326,1,traffic_lights,0.9063181281089783,1123.466064453125,475.00250244140625,1150.23486328125,528.3839111328125,1136.8504638671875,501.6932067871094,26.768798828125,53.38140869140625
IMG_0029.mp4,6758,225.49215882549217,29.97,1347,2,traffic_signs,0.9106155037879944,939.85009765625,668.3626708984375,991.4208374023438,736.5783081054688,965.6354675292969,702.4704895019531,51.57073974609375,68.21563720703125
IMG_0029.mp4,6758,225.49215882549217,29.97,1314,2,traffic_signs,0.3851333558559418,1495.102294921875,659.0506591796875,1548.4114990234375,706.370361328125,1521.7568969726562,682.7105102539062,53.3092041015625,47.3197021484375
IMG_0029.mp4,6758,225.49215882549217,29.97,1325,1,traffic_lights,0.7771071195602417,1423.3486328125,673.5322875976562,1465.860595703125,730.18505859375,1444.6046142578125,701.8586730957031,42.511962890625,56.65277099609375
IMG_0029.mp4,6759,225.52552552552552,29.97,1318,2,traffic_signs,0.9251295924186707,1415.1304931640625,637.0535888671875,1454.7293701171875,676.9652099609375,1434.929931640625,657.0093994140625,39.598876953125,39.91162109375
IMG_0029.mp4,6759,225.52552552552552,29.97,1344,1,traffic_lights,0.8561960458755493,1001.590087890625,672.9573974609375,1016.1317138671875,719.26904296875,1008.8609008789062,696.1132202148438,14.5416259765625,46.3116455078125
IMG_0029.mp4,6759,225.52552552552552,29.97,1326,1,traffic_lights,0.921005368232727,1122.876953125,474.4472351074219,1149.3853759765625,527.6704711914062,1136.1311645507812,501.05885314941406,26.5084228515625,53.223236083984375
IMG_0029.mp4,6759,225.52552552552552,29.97,1347,2,traffic_signs,0.9130728244781494,938.7289428710938,668.7218627929688,990.02734375,736.5633544921875,964.3781433105469,702.6426086425781,51.29840087890625,67.84149169921875
IMG_0029.mp4,6759,225.52552552552552,29.97,1314,2,traffic_signs,0.834275484085083,1494.8343505859375,658.8495483398438,1548.1524658203125,706.0988159179688,1521.493408203125,682.4741821289062,53.318115234375,47.249267578125
IMG_0029.mp4,6759,225.52552552552552,29.97,1325,1,traffic_lights,0.753538191318512,1423.07958984375,673.6592407226562,1465.88525390625,729.979736328125,1444.482421875,701.8194885253906,42.8056640625,56.32049560546875
IMG_0029.mp4,6760,225.5588922255589,29.97,1318,2,traffic_signs,0.9244135022163391,1414.7789306640625,636.8870239257812,1454.40087890625,676.9381103515625,1434.5899047851562,656.9125671386719,39.6219482421875,40.05108642578125
IMG_0029.mp4,6760,225.5588922255589,29.97,1344,1,traffic_lights,0.7149564027786255,1000.650390625,673.0546875,1015.0794067382812,718.4271240234375,1007.8648986816406,695.7409057617188,14.42901611328125,45.3724365234375
IMG_0029.mp4,6760,225.5588922255589,29.97,1326,1,traffic_lights,0.9183552861213684,1122.2506103515625,473.8758544921875,1148.493896484375,527.3390502929688,1135.3722534179688,500.6074523925781,26.2432861328125,53.46319580078125
IMG_0029.mp4,6760,225.5588922255589,29.97,1347,2,traffic_signs,0.9090242981910706,937.7821044921875,668.9551391601562,988.33935546875,736.4337768554688,963.0607299804688,702.6944580078125,50.5572509765625,67.4786376953125
IMG_0029.mp4,6760,225.5588922255589,29.97,1314,2,traffic_signs,0.84788978099823,1494.591552734375,658.8630981445312,1548.015380859375,706.0780639648438,1521.303466796875,682.4705810546875,53.423828125,47.2149658203125
IMG_0029.mp4,6760,225.5588922255589,29.97,1325,1,traffic_lights,0.7489923238754272,1422.62646484375,673.705810546875,1465.70458984375,729.8457641601562,1444.16552734375,701.7757873535156,43.078125,56.13995361328125
IMG_0029.mp4,6761,225.59225892559226,29.97,1318,2,traffic_signs,0.926964521408081,1414.52734375,636.6532592773438,1453.8712158203125,676.8650512695312,1434.1992797851562,656.7591552734375,39.3438720703125,40.2117919921875
IMG_0029.mp4,6761,225.59225892559226,29.97,1344,1,traffic_lights,0.7973529696464539,997.8667602539062,673.3652954101562,1013.6875610351562,718.8944091796875,1005.7771606445312,696.1298522949219,15.82080078125,45.52911376953125
IMG_0029.mp4,6761,225.59225892559226,29.97,1326,1,traffic_lights,0.9239985942840576,1121.730712890625,473.31695556640625,1147.5567626953125,526.8544311523438,1134.6437377929688,500.085693359375,25.8260498046875,53.5374755859375
IMG_0029.mp4,6761,225.59225892559226,29.97,1347,2,traffic_signs,0.8735000491142273,936.4194946289062,669.103271484375,986.4065551757812,735.7525024414062,961.4130249023438,702.4278869628906,49.987060546875,66.64923095703125
IMG_0029.mp4,6761,225.59225892559226,29.97,1314,2,traffic_signs,0.8532235622406006,1494.028076171875,658.5811767578125,1547.76806640625,705.8564453125,1520.8980712890625,682.2188110351562,53.739990234375,47.2752685546875
IMG_0029.mp4,6761,225.59225892559226,29.97,1325,1,traffic_lights,0.6240537166595459,1423.8194580078125,674.0206909179688,1465.545654296875,729.3496704101562,1444.6825561523438,701.6851806640625,41.7261962890625,55.3289794921875
IMG_0029.mp4,6762,225.62562562562564,29.97,1318,2,traffic_signs,0.9270275235176086,1413.919677734375,636.3543701171875,1453.12158203125,676.7952880859375,1433.5206298828125,656.5748291015625,39.201904296875,40.44091796875
IMG_0029.mp4,6762,225.62562562562564,29.97,1344,1,traffic_lights,0.8272500038146973,996.6588134765625,673.3328247070312,1012.432861328125,718.4248657226562,1004.5458374023438,695.8788452148438,15.7740478515625,45.092041015625
IMG_0029.mp4,6762,225.62562562562564,29.97,1326,1,traffic_lights,0.9298057556152344,1120.98193359375,472.63958740234375,1146.713134765625,526.3242797851562,1133.8475341796875,499.48193359375,25.731201171875,53.6846923828125
IMG_0029.mp4,6762,225.62562562562564,29.97,1347,2,traffic_signs,0.8268446922302246,935.0545654296875,669.160888671875,985.3130493164062,735.3716430664062,960.1838073730469,702.2662658691406,50.25848388671875,66.21075439453125
IMG_0029.mp4,6762,225.62562562562564,29.97,1314,2,traffic_signs,0.8412541747093201,1493.517333984375,658.5358276367188,1547.2255859375,705.6248779296875,1520.3714599609375,682.0803527832031,53.708251953125,47.08905029296875
IMG_0029.mp4,6762,225.62562562562564,29.97,1325,1,traffic_lights,0.3370197117328644,1425.1707763671875,673.8240966796875,1464.809814453125,728.8397216796875,1444.9902954101562,701.3319091796875,39.6390380859375,55.015625
IMG_0029.mp4,6763,225.658992325659,29.97,1318,2,traffic_signs,0.9254449605941772,1413.5010986328125,635.9508666992188,1452.416259765625,676.6730346679688,1432.9586791992188,656.3119506835938,38.9151611328125,40.72216796875
IMG_0029.mp4,6763,225.658992325659,29.97,1344,1,traffic_lights,0.85966557264328,995.2020874023438,672.7401733398438,1011.28857421875,718.1312255859375,1003.2453308105469,695.4356994628906,16.08648681640625,45.39105224609375
IMG_0029.mp4,6763,225.658992325659,29.97,1326,1,traffic_lights,0.922764778137207,1119.9683837890625,472.0313720703125,1145.6787109375,526.231201171875,1132.8235473632812,499.13128662109375,25.7103271484375,54.1998291015625
IMG_0029.mp4,6763,225.658992325659,29.97,1347,2,traffic_signs,0.6963666081428528,933.6641235351562,669.3757934570312,984.8232421875,734.9488525390625,959.2436828613281,702.1623229980469,51.15911865234375,65.57305908203125
IMG_0029.mp4,6763,225.658992325659,29.97,1314,2,traffic_signs,0.8371037840843201,1493.0733642578125,658.3568115234375,1546.816650390625,705.410888671875,1519.9450073242188,681.8838500976562,53.7432861328125,47.0540771484375
IMG_0029.mp4,6763,225.658992325659,29.97,1325,1,traffic_lights,0.359656423330307,1419.5867919921875,672.6505737304688,1460.9781494140625,730.3876953125,1440.282470703125,701.5191345214844,41.391357421875,57.73712158203125
IMG_0029.mp4,6764,225.69235902569235,29.97,1318,2,traffic_signs,0.9209914803504944,1413.39013671875,635.732177734375,1451.7149658203125,676.2906494140625,1432.5525512695312,656.0114135742188,38.3248291015625,40.5584716796875
IMG_0029.mp4,6764,225.69235902569235,29.97,1344,1,traffic_lights,0.860662043094635,994.2455444335938,672.1388549804688,1010.3910522460938,718.2902221679688,1002.3182983398438,695.2145385742188,16.1455078125,46.1513671875
IMG_0029.mp4,6764,225.69235902569235,29.97,1326,1,traffic_lights,0.9201693534851074,1118.9293212890625,471.55621337890625,1144.83154296875,525.8071899414062,1131.8804321289062,498.68170166015625,25.9022216796875,54.2509765625
IMG_0029.mp4,6764,225.69235902569235,29.97,1347,2,traffic_signs,0.26366615295410156,933.0390014648438,669.8394775390625,984.4473266601562,734.849853515625,958.7431640625,702.3446655273438,51.4083251953125,65.0103759765625
IMG_0029.mp4,6764,225.69235902569235,29.97,1314,2,traffic_signs,0.8489964008331299,1492.826416015625,658.1527709960938,1546.6561279296875,705.3283081054688,1519.7412719726562,681.7405395507812,53.8297119140625,47.175537109375
IMG_0029.mp4,6764,225.69235902569235,29.97,1325,1,traffic_lights,0.8217098116874695,1420.348388671875,669.6990966796875,1463.3997802734375,729.392578125,1441.8740844726562,699.5458374023438,43.0513916015625,59.6934814453125
IMG_0029.mp4,6765,225.72572572572574,29.97,1318,2,traffic_signs,0.9169374704360962,1413.2645263671875,635.339111328125,1451.5340576171875,675.8442993164062,1432.3992919921875,655.5917053222656,38.26953125,40.50518798828125
IMG_0029.mp4,6765,225.72572572572574,29.97,1344,1,traffic_lights,0.859963595867157,993.5674438476562,671.4993896484375,1009.4837036132812,717.4971313476562,1001.5255737304688,694.4982604980469,15.916259765625,45.99774169921875
IMG_0029.mp4,6765,225.72572572572574,29.97,1326,1,traffic_lights,0.9246098399162292,1117.7564697265625,470.9915771484375,1144.12744140625,525.27587890625,1130.9419555664062,498.13372802734375,26.3709716796875,54.2843017578125
IMG_0029.mp4,6765,225.72572572572574,29.97,1347,2,traffic_signs,0.8571446537971497,931.00146484375,667.7350463867188,983.1431884765625,735.1203002929688,957.0723266601562,701.4276733398438,52.1417236328125,67.38525390625
IMG_0029.mp4,6765,225.72572572572574,29.97,1314,2,traffic_signs,0.852570116519928,1493.08544921875,657.9236450195312,1546.930419921875,705.3909912109375,1520.0079345703125,681.6573181152344,53.844970703125,47.46734619140625
IMG_0029.mp4,6765,225.72572572572574,29.97,1325,1,traffic_lights,0.8305460214614868,1419.5032958984375,668.004150390625,1464.3800048828125,728.9622192382812,1441.941650390625,698.4831848144531,44.876708984375,60.95806884765625
IMG_0029.mp4,6766,225.7590924257591,29.97,1318,2,traffic_signs,0.9051706194877625,1412.3720703125,634.9207763671875,1450.66455078125,675.1934204101562,1431.518310546875,655.0570983886719,38.29248046875,40.27264404296875
IMG_0029.mp4,6766,225.7590924257591,29.97,1344,1,traffic_lights,0.8413513898849487,992.5264892578125,670.5283813476562,1008.3782348632812,717.125244140625,1000.4523620605469,693.8268127441406,15.85174560546875,46.59686279296875
IMG_0029.mp4,6766,225.7590924257591,29.97,1326,1,traffic_lights,0.9190491437911987,1116.49853515625,470.3912658691406,1142.817626953125,524.721435546875,1129.6580810546875,497.5563507080078,26.319091796875,54.330169677734375
IMG_0029.mp4,6766,225.7590924257591,29.97,1347,2,traffic_signs,0.8462933897972107,929.4392700195312,667.1419067382812,982.0172729492188,735.0849609375,955.728271484375,701.1134338378906,52.5780029296875,67.94305419921875
IMG_0029.mp4,6766,225.7590924257591,29.97,1314,2,traffic_signs,0.8554338216781616,1492.68896484375,657.743408203125,1546.5115966796875,705.1253662109375,1519.6002807617188,681.4343872070312,53.8226318359375,47.3819580078125
IMG_0029.mp4,6766,225.7590924257591,29.97,1325,1,traffic_lights,0.8411245942115784,1418.7213134765625,667.1192626953125,1464.35546875,728.6695556640625,1441.5383911132812,697.8944091796875,45.6341552734375,61.55029296875
IMG_0029.mp4,6767,225.79245912579248,29.97,1318,2,traffic_signs,0.9007534384727478,1411.393798828125,634.7921752929688,1449.8187255859375,674.8137817382812,1430.6062622070312,654.802978515625,38.4249267578125,40.0216064453125
IMG_0029.mp4,6767,225.79245912579248,29.97,1344,1,traffic_lights,0.8450173139572144,991.8021240234375,670.5960083007812,1008.2429809570312,718.1378784179688,1000.0225524902344,694.366943359375,16.44085693359375,47.5418701171875
IMG_0029.mp4,6767,225.79245912579248,29.97,1326,1,traffic_lights,0.8359134793281555,1115.709228515625,470.3253479003906,1142.151123046875,524.5070190429688,1128.93017578125,497.4161834716797,26.44189453125,54.181671142578125
IMG_0029.mp4,6767,225.79245912579248,29.97,1347,2,traffic_signs,0.830053985118866,928.6427612304688,667.5542602539062,982.22705078125,735.1558837890625,955.4349060058594,701.3550720214844,53.58428955078125,67.60162353515625
IMG_0029.mp4,6767,225.79245912579248,29.97,1314,2,traffic_signs,0.8618680238723755,1492.2110595703125,657.6358032226562,1545.8203125,704.9254760742188,1519.0156860351562,681.2806396484375,53.6092529296875,47.2896728515625
IMG_0029.mp4,6767,225.79245912579248,29.97,1325,1,traffic_lights,0.8396586179733276,1417.6634521484375,666.8013916015625,1463.7275390625,728.6463623046875,1440.6954956054688,697.723876953125,46.0640869140625,61.844970703125
IMG_0029.mp4,6768,225.82582582582583,29.97,1318,2,traffic_signs,0.8924779295921326,1410.7672119140625,634.3330078125,1449.5703125,674.3405151367188,1430.1687622070312,654.3367614746094,38.8031005859375,40.00750732421875
IMG_0029.mp4,6768,225.82582582582583,29.97,1344,1,traffic_lights,0.8425969481468201,990.1493530273438,670.1680297851562,1006.85498046875,718.6734008789062,998.5021667480469,694.4207153320312,16.70562744140625,48.50537109375
IMG_0029.mp4,6768,225.82582582582583,29.97,1326,1,traffic_lights,0.9235045909881592,1114.4466552734375,469.27337646484375,1141.0443115234375,523.3797607421875,1127.7454833984375,496.3265686035156,26.59765625,54.10638427734375
IMG_0029.mp4,6768,225.82582582582583,29.97,1347,2,traffic_signs,0.7953236103057861,926.5789184570312,667.3850708007812,981.3933715820312,735.1565551757812,953.9861450195312,701.2708129882812,54.814453125,67.771484375
IMG_0029.mp4,6768,225.82582582582583,29.97,1314,2,traffic_signs,0.859130322933197,1492.5511474609375,657.219970703125,1545.8841552734375,704.5791015625,1519.2176513671875,680.8995361328125,53.3330078125,47.359130859375
IMG_0029.mp4,6768,225.82582582582583,29.97,1325,1,traffic_lights,0.8315024971961975,1417.181640625,666.212890625,1463.6358642578125,728.5352172851562,1440.4087524414062,697.3740539550781,46.4542236328125,62.32232666015625
IMG_0029.mp4,6769,225.8591925258592,29.97,1318,2,traffic_signs,0.875265896320343,1409.861572265625,633.6246337890625,1449.1475830078125,673.779541015625,1429.5045776367188,653.7020874023438,39.2860107421875,40.1549072265625
IMG_0029.mp4,6769,225.8591925258592,29.97,1344,1,traffic_lights,0.8422872424125671,987.9541015625,670.1818237304688,1004.5095825195312,717.9803466796875,996.2318420410156,694.0810852050781,16.55548095703125,47.79852294921875
IMG_0029.mp4,6769,225.8591925258592,29.97,1326,1,traffic_lights,0.9176971316337585,1113.361572265625,468.1531066894531,1139.64404296875,522.4539794921875,1126.5028076171875,495.3035430908203,26.282470703125,54.300872802734375
IMG_0029.mp4,6769,225.8591925258592,29.97,1347,2,traffic_signs,0.8117682933807373,923.9205932617188,667.2904663085938,978.9223022460938,734.950439453125,951.4214477539062,701.1204528808594,55.001708984375,67.65997314453125
IMG_0029.mp4,6769,225.8591925258592,29.97,1314,2,traffic_signs,0.8611241579055786,1492.62890625,656.7993774414062,1545.553955078125,704.25244140625,1519.0914306640625,680.5259094238281,52.925048828125,47.45306396484375
IMG_0029.mp4,6769,225.8591925258592,29.97,1325,1,traffic_lights,0.7984970808029175,1416.935791015625,665.772216796875,1463.0643310546875,728.380126953125,1440.0000610351562,697.076171875,46.1285400390625,62.60791015625
IMG_0029.mp4,6770,225.89255922589257,29.97,1318,2,traffic_signs,0.8652002811431885,1409.4385986328125,633.2681884765625,1448.86083984375,673.2252807617188,1429.1497192382812,653.2467346191406,39.4222412109375,39.95709228515625
IMG_0029.mp4,6770,225.89255922589257,29.97,1344,1,traffic_lights,0.7773957848548889,986.052734375,670.698974609375,1003.1820678710938,718.9719848632812,994.6174011230469,694.8354797363281,17.12933349609375,48.27301025390625
IMG_0029.mp4,6770,225.89255922589257,29.97,1326,1,traffic_lights,0.9149326086044312,1112.6536865234375,467.66937255859375,1139.0465087890625,522.0973510742188,1125.85009765625,494.88336181640625,26.392822265625,54.427978515625
IMG_0029.mp4,6770,225.89255922589257,29.97,1347,2,traffic_signs,0.7779242992401123,922.5575561523438,667.46533203125,977.16015625,734.5327758789062,949.8588562011719,700.9990539550781,54.60260009765625,67.06744384765625
IMG_0029.mp4,6770,225.89255922589257,29.97,1314,2,traffic_signs,0.8579651713371277,1492.356689453125,656.5795288085938,1545.071044921875,703.9140014648438,1518.7138671875,680.2467651367188,52.71435546875,47.33447265625
IMG_0029.mp4,6770,225.89255922589257,29.97,1325,1,traffic_lights,0.7662174701690674,1416.82763671875,665.3192749023438,1463.010498046875,728.4319458007812,1439.9190673828125,696.8756103515625,46.182861328125,63.1126708984375
IMG_0029.mp4,6770,225.89255922589257,29.97,1486,2,traffic_signs,0.5210596919059753,923.6334838867188,664.6828002929688,977.7025146484375,735.1004028320312,950.6679992675781,699.8916015625,54.06903076171875,70.4176025390625
IMG_0029.mp4,6771,225.92592592592592,29.97,1318,2,traffic_signs,0.8345088362693787,1410.2791748046875,632.6825561523438,1449.4713134765625,672.6376953125,1429.875244140625,652.6601257324219,39.192138671875,39.95513916015625
IMG_0029.mp4,6771,225.92592592592592,29.97,1344,1,traffic_lights,0.8555548787117004,985.0806274414062,670.1390380859375,1002.4608154296875,718.8434448242188,993.7707214355469,694.4912414550781,17.38018798828125,48.70440673828125
IMG_0029.mp4,6771,225.92592592592592,29.97,1326,1,traffic_lights,0.9252545237541199,1112.1036376953125,466.4862060546875,1138.8013916015625,521.1217651367188,1125.4525146484375,493.8039855957031,26.69775390625,54.63555908203125
IMG_0029.mp4,6771,225.92592592592592,29.97,1347,2,traffic_signs,0.7009373903274536,921.2415161132812,666.927978515625,975.9674072265625,733.91162109375,948.6044616699219,700.4197998046875,54.72589111328125,66.983642578125
IMG_0029.mp4,6771,225.92592592592592,29.97,1314,2,traffic_signs,0.8629357814788818,1493.5313720703125,656.320068359375,1546.00390625,703.3843383789062,1519.7676391601562,679.8522033691406,52.4725341796875,47.06427001953125
IMG_0029.mp4,6771,225.92592592592592,29.97,1325,1,traffic_lights,0.6908567547798157,1418.1925048828125,664.601318359375,1463.982421875,728.393310546875,1441.0874633789062,696.497314453125,45.7899169921875,63.7919921875
IMG_0029.mp4,6771,225.92592592592592,29.97,1486,2,traffic_signs,0.6286363005638123,922.216552734375,663.501220703125,976.2903442382812,734.6256103515625,949.2534484863281,699.0634155273438,54.07379150390625,71.1243896484375
IMG_0029.mp4,6772,225.9592926259593,29.97,1318,2,traffic_signs,0.5900089144706726,1409.2591552734375,632.3099365234375,1448.2691650390625,672.2799682617188,1428.76416015625,652.2949523925781,39.010009765625,39.97003173828125
IMG_0029.mp4,6772,225.9592926259593,29.97,1344,1,traffic_lights,0.8531414270401001,982.587158203125,669.7311401367188,1000.1973266601562,718.7589721679688,991.3922424316406,694.2450561523438,17.61016845703125,49.02783203125
IMG_0029.mp4,6772,225.9592926259593,29.97,1326,1,traffic_lights,0.9195625185966492,1110.5025634765625,465.9072570800781,1137.1419677734375,520.296875,1123.822265625,493.10206604003906,26.639404296875,54.389617919921875
IMG_0029.mp4,6772,225.9592926259593,29.97,1347,2,traffic_signs,0.5786660313606262,919.3479614257812,666.6244506835938,973.83935546875,733.8299560546875,946.5936584472656,700.2272033691406,54.49139404296875,67.20550537109375
IMG_0029.mp4,6772,225.9592926259593,29.97,1314,2,traffic_signs,0.861160933971405,1492.635498046875,656.3833618164062,1544.5714111328125,702.8438720703125,1518.6034545898438,679.6136169433594,51.9359130859375,46.46051025390625
IMG_0029.mp4,6772,225.9592926259593,29.97,1325,1,traffic_lights,0.6955474615097046,1417.814697265625,664.6153564453125,1463.066162109375,728.2445068359375,1440.4404296875,696.429931640625,45.25146484375,63.629150390625
IMG_0029.mp4,6772,225.9592926259593,29.97,1486,2,traffic_signs,0.6735790371894836,920.6275634765625,662.9559326171875,974.5350952148438,734.6439208984375,947.5813293457031,698.7999267578125,53.90753173828125,71.68798828125
IMG_0029.mp4,6773,225.99265932599266,29.97,1318,2,traffic_signs,0.7987149953842163,1408.686279296875,632.2590942382812,1447.5606689453125,672.0821533203125,1428.1234741210938,652.1706237792969,38.8743896484375,39.82305908203125
IMG_0029.mp4,6773,225.99265932599266,29.97,1344,1,traffic_lights,0.8695974946022034,981.1311645507812,669.5390014648438,998.4877319335938,718.25537109375,989.8094482421875,693.8971862792969,17.3565673828125,48.71636962890625
IMG_0029.mp4,6773,225.99265932599266,29.97,1326,1,traffic_lights,0.9195373058319092,1109.2291259765625,465.5527038574219,1135.7291259765625,519.6929321289062,1122.4791259765625,492.62281799316406,26.5,54.140228271484375
IMG_0029.mp4,6773,225.99265932599266,29.97,1347,2,traffic_signs,0.4197738468647003,917.9563598632812,665.18896484375,972.0667114257812,734.1517333984375,945.0115356445312,699.6703491210938,54.1103515625,68.9627685546875
IMG_0029.mp4,6773,225.99265932599266,29.97,1314,2,traffic_signs,0.8658750653266907,1492.0960693359375,656.2628173828125,1543.5242919921875,702.540771484375,1517.8101806640625,679.4017944335938,51.42822265625,46.2779541015625
IMG_0029.mp4,6773,225.99265932599266,29.97,1325,1,traffic_lights,0.6669553518295288,1417.175048828125,664.7802734375,1462.704345703125,728.25927734375,1439.939697265625,696.519775390625,45.529296875,63.47900390625
IMG_0029.mp4,6773,225.99265932599266,29.97,1486,2,traffic_signs,0.6629880666732788,919.2451171875,663.2022094726562,973.3726196289062,734.6103515625,946.3088684082031,698.9062805175781,54.12750244140625,71.40814208984375
IMG_0029.mp4,6774,226.02602602602605,29.97,1318,2,traffic_signs,0.8783581256866455,1408.368896484375,632.4271240234375,1446.796142578125,671.9476318359375,1427.58251953125,652.1873779296875,38.42724609375,39.5205078125
IMG_0029.mp4,6774,226.02602602602605,29.97,1344,1,traffic_lights,0.8653031587600708,980.9241943359375,669.728759765625,998.197265625,718.2562255859375,989.5607299804688,693.9924926757812,17.2730712890625,48.5274658203125
IMG_0029.mp4,6774,226.02602602602605,29.97,1326,1,traffic_lights,0.9128172397613525,1108.9827880859375,465.7294921875,1135.108642578125,519.656982421875,1122.0457153320312,492.6932373046875,26.1258544921875,53.927490234375
IMG_0029.mp4,6774,226.02602602602605,29.97,1347,2,traffic_signs,0.634365975856781,917.9424438476562,665.2360229492188,971.9910278320312,734.3588256835938,944.9667358398438,699.7974243164062,54.048583984375,69.122802734375
IMG_0029.mp4,6774,226.02602602602605,29.97,1314,2,traffic_signs,0.8705675005912781,1491.85009765625,656.162353515625,1542.8341064453125,702.3405151367188,1517.3421020507812,679.2514343261719,50.9840087890625,46.17816162109375
IMG_0029.mp4,6774,226.02602602602605,29.97,1325,1,traffic_lights,0.712117075920105,1415.7542724609375,665.1920776367188,1461.705322265625,729.0955200195312,1438.7297973632812,697.143798828125,45.9510498046875,63.9034423828125
IMG_0029.mp4,6774,226.02602602602605,29.97,1486,2,traffic_signs,0.5039399266242981,919.0592041015625,663.4297485351562,973.0516967773438,734.7697143554688,946.0554504394531,699.0997314453125,53.99249267578125,71.3399658203125
IMG_0029.mp4,6775,226.0593927260594,29.97,1318,2,traffic_signs,0.8732483386993408,1407.5946044921875,631.91015625,1446.4427490234375,671.8017578125,1427.0186767578125,651.85595703125,38.84814453125,39.8916015625
IMG_0029.mp4,6775,226.0593927260594,29.97,1344,1,traffic_lights,0.8601952791213989,979.710693359375,668.9963989257812,997.5403442382812,718.2867431640625,988.6255187988281,693.6415710449219,17.82965087890625,49.29034423828125
IMG_0029.mp4,6775,226.0593927260594,29.97,1326,1,traffic_lights,0.8758702874183655,1108.2967529296875,465.1509704589844,1134.3800048828125,519.0728149414062,1121.33837890625,492.1118927001953,26.083251953125,53.921844482421875
IMG_0029.mp4,6775,226.0593927260594,29.97,1347,2,traffic_signs,0.6784409880638123,916.4886474609375,665.2164306640625,971.680908203125,734.3114624023438,944.0847778320312,699.7639465332031,55.1922607421875,69.09503173828125
IMG_0029.mp4,6775,226.0593927260594,29.97,1314,2,traffic_signs,0.8734201192855835,1491.70068359375,655.7921752929688,1542.4095458984375,701.9849243164062,1517.0551147460938,678.8885498046875,50.7088623046875,46.1927490234375
IMG_0029.mp4,6775,226.0593927260594,29.97,1325,1,traffic_lights,0.7700842618942261,1414.5498046875,665.5176391601562,1461.1202392578125,729.160888671875,1437.8350219726562,697.3392639160156,46.5704345703125,63.64324951171875
IMG_0029.mp4,6775,226.0593927260594,29.97,1486,2,traffic_signs,0.6133164167404175,917.1328735351562,663.2766723632812,972.3428955078125,734.6068725585938,944.7378845214844,698.9417724609375,55.21002197265625,71.3302001953125
IMG_0029.mp4,6776,226.09275942609275,29.97,1318,2,traffic_signs,0.8692401051521301,1407.042236328125,631.4415283203125,1446.0885009765625,671.4569091796875,1426.5653686523438,651.44921875,39.0462646484375,40.015380859375
IMG_0029.mp4,6776,226.09275942609275,29.97,1344,1,traffic_lights,0.8535245060920715,978.6492919921875,668.6790161132812,996.5764770507812,718.5662841796875,987.6128845214844,693.6226501464844,17.92718505859375,49.88726806640625
IMG_0029.mp4,6776,226.09275942609275,29.97,1326,1,traffic_lights,0.912350058555603,1106.9527587890625,464.4873046875,1133.5399169921875,518.88720703125,1120.246337890625,491.687255859375,26.587158203125,54.39990234375
IMG_0029.mp4,6776,226.09275942609275,29.97,1347,2,traffic_signs,0.7452066540718079,915.1724243164062,665.16943359375,970.2971801757812,734.5582885742188,942.7348022460938,699.8638610839844,55.124755859375,69.38885498046875
IMG_0029.mp4,6776,226.09275942609275,29.97,1314,2,traffic_signs,0.8681983351707458,1491.5606689453125,655.4351806640625,1542.09375,701.4796142578125,1516.8272094726562,678.4573974609375,50.5330810546875,46.04443359375
IMG_0029.mp4,6776,226.09275942609275,29.97,1325,1,traffic_lights,0.7357304692268372,1413.908203125,665.3480224609375,1460.276123046875,728.5643920898438,1437.0921630859375,696.9562072753906,46.367919921875,63.21636962890625
IMG_0029.mp4,6776,226.09275942609275,29.97,1486,2,traffic_signs,0.32935747504234314,915.5592651367188,663.30029296875,971.1133422851562,734.5595703125,943.3363037109375,698.929931640625,55.5540771484375,71.25927734375
IMG_0029.mp4,6776,226.09275942609275,29.97,1488,1,traffic_lights,0.39823731780052185,1106.1484375,464.20904541015625,1132.8465576171875,518.512939453125,1119.4974975585938,491.3609924316406,26.6981201171875,54.30389404296875
IMG_0029.mp4,6777,226.12612612612614,29.97,1318,2,traffic_signs,0.8594302535057068,1406.4525146484375,630.8662109375,1445.8802490234375,671.2730102539062,1426.1663818359375,651.0696105957031,39.427734375,40.40679931640625
IMG_0029.mp4,6777,226.12612612612614,29.97,1344,1,traffic_lights,0.8420618176460266,977.5020141601562,668.3374633789062,995.01025390625,717.4510498046875,986.2561340332031,692.8942565917969,17.50823974609375,49.11358642578125
IMG_0029.mp4,6777,226.12612612612614,29.97,1347,2,traffic_signs,0.7291799783706665,913.5099487304688,665.3901977539062,968.45068359375,734.3245849609375,940.9803161621094,699.8573913574219,54.94073486328125,68.93438720703125
IMG_0029.mp4,6777,226.12612612612614,29.97,1314,2,traffic_signs,0.8761553168296814,1491.1572265625,654.8826904296875,1542.1058349609375,701.2052001953125,1516.6315307617188,678.0439453125,50.9486083984375,46.322509765625
IMG_0029.mp4,6777,226.12612612612614,29.97,1325,1,traffic_lights,0.7299866080284119,1413.33349609375,665.0123901367188,1459.986328125,728.2723388671875,1436.659912109375,696.6423645019531,46.65283203125,63.25994873046875
IMG_0029.mp4,6777,226.12612612612614,29.97,1486,2,traffic_signs,0.4007360637187958,913.73828125,663.3675537109375,969.6917114257812,734.217041015625,941.7149963378906,698.7922973632812,55.95343017578125,70.8494873046875
IMG_0029.mp4,6778,226.1594928261595,29.97,1318,2,traffic_signs,0.7757229208946228,1405.6802978515625,630.0534057617188,1445.2998046875,670.5470581054688,1425.4900512695312,650.3002319335938,39.6195068359375,40.49365234375
IMG_0029.mp4,6778,226.1594928261595,29.97,1344,1,traffic_lights,0.7340392470359802,976.7869873046875,667.9785766601562,993.08642578125,714.8970947265625,984.9367065429688,691.4378356933594,16.2994384765625,46.91851806640625
IMG_0029.mp4,6778,226.1594928261595,29.97,1347,2,traffic_signs,0.5545541048049927,911.5778198242188,665.2517700195312,966.1593017578125,733.8111572265625,938.8685607910156,699.5314636230469,54.58148193359375,68.55938720703125
IMG_0029.mp4,6778,226.1594928261595,29.97,1314,2,traffic_signs,0.872869610786438,1490.331298828125,654.2234497070312,1541.8482666015625,700.6719970703125,1516.0897827148438,677.4477233886719,51.5169677734375,46.44854736328125
IMG_0029.mp4,6778,226.1594928261595,29.97,1325,1,traffic_lights,0.7304847836494446,1413.1778564453125,664.8171997070312,1459.331298828125,727.6970825195312,1436.2545776367188,696.2571411132812,46.1534423828125,62.8798828125
IMG_0029.mp4,6778,226.1594928261595,29.97,1486,2,traffic_signs,0.44598862528800964,911.862548828125,662.8976440429688,968.03076171875,733.542724609375,939.9466552734375,698.2201843261719,56.168212890625,70.64508056640625
IMG_0029.mp4,6778,226.1594928261595,29.97,1326,1,traffic_lights,0.9152827858924866,1104.288330078125,462.9483337402344,1131.9095458984375,518.252197265625,1118.0989379882812,490.6002655029297,27.6212158203125,55.303863525390625
IMG_0029.mp4,6779,226.19285952619288,29.97,1318,2,traffic_signs,0.9220711588859558,1405.36279296875,628.9138793945312,1445.3843994140625,670.5269165039062,1425.3735961914062,649.7203979492188,40.0216064453125,41.613037109375
IMG_0029.mp4,6779,226.19285952619288,29.97,1344,1,traffic_lights,0.8060935139656067,973.8113403320312,667.2665405273438,990.06201171875,716.6150512695312,981.9366760253906,691.9407958984375,16.25067138671875,49.3485107421875
IMG_0029.mp4,6779,226.19285952619288,29.97,1347,2,traffic_signs,0.2995157241821289,907.2078247070312,663.1605224609375,962.3411865234375,733.6856689453125,934.7745056152344,698.423095703125,55.13336181640625,70.525146484375
IMG_0029.mp4,6779,226.19285952619288,29.97,1314,2,traffic_signs,0.8564077615737915,1490.5838623046875,653.5618896484375,1542.4404296875,699.9808959960938,1516.5121459960938,676.7713928222656,51.8565673828125,46.41900634765625
IMG_0029.mp4,6779,226.19285952619288,29.97,1325,1,traffic_lights,0.643183708190918,1412.5887451171875,664.7012939453125,1456.3304443359375,726.6178588867188,1434.4595947265625,695.6595764160156,43.74169921875,61.91656494140625
IMG_0029.mp4,6779,226.19285952619288,29.97,1486,2,traffic_signs,0.6287024021148682,907.6303100585938,662.3386840820312,964.728271484375,733.2655029296875,936.1792907714844,697.8020935058594,57.09796142578125,70.92681884765625
IMG_0029.mp4,6779,226.19285952619288,29.97,1326,1,traffic_lights,0.7589008212089539,1101.989013671875,460.4306335449219,1130.725830078125,517.1478881835938,1116.357421875,488.7892608642578,28.73681640625,56.717254638671875
IMG_0029.mp4,6780,226.22622622622623,29.97,1318,2,traffic_signs,0.898001492023468,1404.806640625,628.4152221679688,1445.073486328125,670.4695434570312,1424.9400634765625,649.4423828125,40.266845703125,42.0543212890625
IMG_0029.mp4,6780,226.22622622622623,29.97,1344,1,traffic_lights,0.8453188538551331,972.149169921875,667.1876831054688,988.7506713867188,717.354736328125,980.4499206542969,692.2712097167969,16.60150146484375,50.16705322265625
IMG_0029.mp4,6780,226.22622622622623,29.97,1347,2,traffic_signs,0.5805949568748474,906.5597534179688,662.03271484375,961.5288696289062,733.7760009765625,934.0443115234375,697.9043579101562,54.9691162109375,71.7432861328125
IMG_0029.mp4,6780,226.22622622622623,29.97,1314,2,traffic_signs,0.8424828052520752,1490.6224365234375,653.2725219726562,1542.541015625,699.4521484375,1516.5817260742188,676.3623352050781,51.9185791015625,46.17962646484375
IMG_0029.mp4,6780,226.22622622622623,29.97,1325,1,traffic_lights,0.3805287182331085,1412.197998046875,663.9569091796875,1454.5147705078125,726.2410888671875,1433.3563842773438,695.0989990234375,42.3167724609375,62.2841796875
IMG_0029.mp4,6780,226.22622622622623,29.97,1486,2,traffic_signs,0.497149258852005,906.9847412109375,661.6458740234375,963.0458374023438,733.3511352539062,935.0152893066406,697.4985046386719,56.06109619140625,71.70526123046875
IMG_0029.mp4,6780,226.22622622622623,29.97,1326,1,traffic_lights,0.906466543674469,1101.304931640625,459.5505676269531,1130.1416015625,516.7733154296875,1115.7232666015625,488.1619415283203,28.836669921875,57.222747802734375
IMG_0029.mp4,6781,226.25959292625961,29.97,1318,2,traffic_signs,0.9015833139419556,1404.5072021484375,628.2614135742188,1444.859130859375,670.34521484375,1424.6831665039062,649.3033142089844,40.3519287109375,42.08380126953125
IMG_0029.mp4,6781,226.25959292625961,29.97,1344,1,traffic_lights,0.8607186675071716,971.0559692382812,667.1009521484375,987.6710815429688,716.878662109375,979.363525390625,691.9898071289062,16.6151123046875,49.7777099609375
IMG_0029.mp4,6781,226.25959292625961,29.97,1347,2,traffic_signs,0.493873655796051,905.8374633789062,661.8749389648438,961.5672607421875,733.468994140625,933.7023620605469,697.6719665527344,55.72979736328125,71.59405517578125
IMG_0029.mp4,6781,226.25959292625961,29.97,1314,2,traffic_signs,0.841153621673584,1490.7208251953125,653.11865234375,1542.9549560546875,699.0816040039062,1516.837890625,676.1001281738281,52.234130859375,45.96295166015625
IMG_0029.mp4,6781,226.25959292625961,29.97,1325,1,traffic_lights,0.4354093670845032,1412.1866455078125,663.1680297851562,1453.5374755859375,725.6949462890625,1432.862060546875,694.4314880371094,41.350830078125,62.52691650390625
IMG_0029.mp4,6781,226.25959292625961,29.97,1486,2,traffic_signs,0.5262958407402039,906.1199340820312,660.9428100585938,962.269775390625,733.2590942382812,934.1948547363281,697.1009521484375,56.14984130859375,72.3162841796875
IMG_0029.mp4,6781,226.25959292625961,29.97,1326,1,traffic_lights,0.9006845951080322,1100.822509765625,459.07183837890625,1129.301025390625,516.1510620117188,1115.061767578125,487.6114501953125,28.478515625,57.0792236328125
IMG_0029.mp4,6782,226.29295962629297,29.97,1318,2,traffic_signs,0.8952111005783081,1404.107177734375,627.9177856445312,1444.695068359375,669.7127075195312,1424.401123046875,648.8152465820312,40.587890625,41.794921875
IMG_0029.mp4,6782,226.29295962629297,29.97,1344,1,traffic_lights,0.8623106479644775,969.7193603515625,666.7974853515625,986.2098388671875,716.5084228515625,977.964599609375,691.6529541015625,16.490478515625,49.7109375
IMG_0029.mp4,6782,226.29295962629297,29.97,1347,2,traffic_signs,0.4846656620502472,904.529052734375,661.6012573242188,960.8236694335938,733.1451416015625,932.6763610839844,697.3731994628906,56.29461669921875,71.54388427734375
IMG_0029.mp4,6782,226.29295962629297,29.97,1314,2,traffic_signs,0.8204480409622192,1490.681396484375,652.80908203125,1543.2171630859375,698.5780029296875,1516.9492797851562,675.6935424804688,52.5357666015625,45.7689208984375
IMG_0029.mp4,6782,226.29295962629297,29.97,1325,1,traffic_lights,0.46621352434158325,1411.832275390625,662.5449829101562,1453.0487060546875,725.1609497070312,1432.4404907226562,693.8529663085938,41.2164306640625,62.615966796875
IMG_0029.mp4,6782,226.29295962629297,29.97,1486,2,traffic_signs,0.27751436829566956,904.6260375976562,659.9467163085938,961.2390747070312,733.1326904296875,932.9325561523438,696.5397033691406,56.613037109375,73.18597412109375
IMG_0029.mp4,6782,226.29295962629297,29.97,1326,1,traffic_lights,0.9000915288925171,1099.815185546875,458.36761474609375,1127.9405517578125,514.76123046875,1113.8778686523438,486.5644226074219,28.1253662109375,56.39361572265625
IMG_0029.mp4,6783,226.32632632632632,29.97,1318,2,traffic_signs,0.9011310338973999,1403.7784423828125,627.2813720703125,1444.880859375,669.14794921875,1424.3296508789062,648.2146606445312,41.1024169921875,41.8665771484375
IMG_0029.mp4,6783,226.32632632632632,29.97,1344,1,traffic_lights,0.8667723536491394,968.473388671875,666.05810546875,984.9393310546875,716.2252807617188,976.7063598632812,691.1416931152344,16.4659423828125,50.16717529296875
IMG_0029.mp4,6783,226.32632632632632,29.97,1347,2,traffic_signs,0.3842097520828247,903.31298828125,661.1636962890625,959.915283203125,732.6631469726562,931.6141357421875,696.9134216308594,56.602294921875,71.49945068359375
IMG_0029.mp4,6783,226.32632632632632,29.97,1314,2,traffic_signs,0.8251355886459351,1491.045166015625,652.3009643554688,1543.661376953125,698.1021728515625,1517.353271484375,675.2015686035156,52.6162109375,45.80120849609375
IMG_0029.mp4,6783,226.32632632632632,29.97,1325,1,traffic_lights,0.2557639479637146,1410.8348388671875,662.2303466796875,1451.9444580078125,724.645263671875,1431.3896484375,693.4378051757812,41.109619140625,62.4149169921875
IMG_0029.mp4,6783,226.32632632632632,29.97,1486,2,traffic_signs,0.5119815468788147,902.7760009765625,658.7794799804688,960.3278198242188,733.301513671875,931.5519104003906,696.0404968261719,57.55181884765625,74.52203369140625
IMG_0029.mp4,6783,226.32632632632632,29.97,1326,1,traffic_lights,0.9088947772979736,1098.850830078125,457.49493408203125,1126.892333984375,513.8634643554688,1112.87158203125,485.67919921875,28.04150390625,56.3685302734375
IMG_0029.mp4,6783,226.32632632632632,29.97,1491,2,traffic_signs,0.31911101937294006,901.6217041015625,659.3115844726562,959.1993408203125,733.2372436523438,930.4105224609375,696.2744140625,57.57763671875,73.9256591796875
IMG_0029.mp4,6784,226.3596930263597,29.97,1318,2,traffic_signs,0.9070314764976501,1403.5443115234375,626.8094482421875,1445.208251953125,668.663818359375,1424.3762817382812,647.7366333007812,41.6639404296875,41.8543701171875
IMG_0029.mp4,6784,226.3596930263597,29.97,1344,1,traffic_lights,0.8610693216323853,967.0281982421875,665.8463745117188,983.6145629882812,716.0776977539062,975.3213806152344,690.9620361328125,16.58636474609375,50.2313232421875
IMG_0029.mp4,6784,226.3596930263597,29.97,1347,2,traffic_signs,0.3369825482368469,902.430419921875,661.0144653320312,958.4822998046875,732.4121704101562,930.4563598632812,696.7133178710938,56.0518798828125,71.397705078125
IMG_0029.mp4,6784,226.3596930263597,29.97,1314,2,traffic_signs,0.8208697438240051,1491.7562255859375,651.4376831054688,1544.7059326171875,697.7527465820312,1518.2310791015625,674.59521484375,52.94970703125,46.3150634765625
IMG_0029.mp4,6784,226.3596930263597,29.97,1325,1,traffic_lights,0.34429651498794556,1410.8311767578125,661.5891723632812,1452.74072265625,724.7562866210938,1431.7859497070312,693.1727294921875,41.9095458984375,63.1671142578125
IMG_0029.mp4,6784,226.3596930263597,29.97,1486,2,traffic_signs,0.679364800453186,901.5023803710938,658.118408203125,958.9418334960938,733.17626953125,930.2221069335938,695.6473388671875,57.439453125,75.057861328125
IMG_0029.mp4,6784,226.3596930263597,29.97,1326,1,traffic_lights,0.9129928946495056,1097.972900390625,456.6365966796875,1125.7152099609375,512.7884521484375,1111.8440551757812,484.7125244140625,27.7423095703125,56.15185546875
IMG_0029.mp4,6784,226.3596930263597,29.97,1491,2,traffic_signs,0.3302824795246124,900.3483276367188,658.9025268554688,957.771240234375,732.9147338867188,929.0597839355469,695.9086303710938,57.42291259765625,74.01220703125
IMG_0029.mp4,6785,226.39305972639306,29.97,1318,2,traffic_signs,0.914828896522522,1403.0892333984375,626.0144653320312,1445.111328125,668.1060791015625,1424.1002807617188,647.0602722167969,42.0220947265625,42.09161376953125
IMG_0029.mp4,6785,226.39305972639306,29.97,1344,1,traffic_lights,0.8684992790222168,964.8666381835938,665.045654296875,981.5991821289062,716.3441162109375,973.23291015625,690.6948852539062,16.7325439453125,51.2984619140625
IMG_0029.mp4,6785,226.39305972639306,29.97,1314,2,traffic_signs,0.8251856565475464,1491.992431640625,650.2806396484375,1545.2606201171875,697.3824462890625,1518.6265258789062,673.83154296875,53.2681884765625,47.101806640625
IMG_0029.mp4,6785,226.39305972639306,29.97,1326,1,traffic_lights,0.912315845489502,1096.496826171875,455.20648193359375,1124.3499755859375,511.6025390625,1110.4234008789062,483.4045104980469,27.8531494140625,56.39605712890625
IMG_0029.mp4,6786,226.42642642642645,29.97,1318,2,traffic_signs,0.9189761281013489,1402.9720458984375,625.4500122070312,1445.276123046875,667.6177368164062,1424.1240844726562,646.5338745117188,42.3040771484375,42.167724609375
IMG_0029.mp4,6786,226.42642642642645,29.97,1344,1,traffic_lights,0.7302634119987488,963.072998046875,664.7708129882812,980.0439453125,716.941650390625,971.5584716796875,690.8562316894531,16.970947265625,52.17083740234375
IMG_0029.mp4,6786,226.42642642642645,29.97,1314,2,traffic_signs,0.813508152961731,1492.0452880859375,649.5009765625,1545.82861328125,697.042724609375,1518.9369506835938,673.2718505859375,53.7833251953125,47.541748046875
IMG_0029.mp4,6786,226.42642642642645,29.97,1326,1,traffic_lights,0.9176774621009827,1095.1900634765625,453.8702697753906,1123.6068115234375,510.3891296386719,1109.3984375,482.12969970703125,28.416748046875,56.51885986328125
IMG_0029.mp4,6786,226.42642642642645,29.97,1347,2,traffic_signs,0.7780882716178894,897.6329345703125,657.789306640625,955.07421875,731.8992919921875,926.3535766601562,694.8442993164062,57.4412841796875,74.1099853515625
IMG_0029.mp4,6786,226.42642642642645,29.97,1325,1,traffic_lights,0.28459522128105164,1408.3603515625,660.3555908203125,1447.51416015625,724.8236083984375,1427.937255859375,692.589599609375,39.15380859375,64.468017578125
IMG_0029.mp4,6787,226.4597931264598,29.97,1318,2,traffic_signs,0.920204758644104,1403.103515625,624.887451171875,1445.6553955078125,667.2222290039062,1424.3794555664062,646.0548400878906,42.5518798828125,42.33477783203125
IMG_0029.mp4,6787,226.4597931264598,29.97,1344,1,traffic_lights,0.8912256360054016,961.4440307617188,663.9564819335938,979.0071411132812,717.8060302734375,970.2255859375,690.8812561035156,17.5631103515625,53.84954833984375
IMG_0029.mp4,6787,226.4597931264598,29.97,1314,2,traffic_signs,0.7988898158073425,1492.34814453125,649.22314453125,1546.545166015625,696.8115234375,1519.4466552734375,673.017333984375,54.197021484375,47.58837890625
IMG_0029.mp4,6787,226.4597931264598,29.97,1326,1,traffic_lights,0.9079245328903198,1094.5045166015625,452.8905334472656,1122.8668212890625,509.51641845703125,1108.6856689453125,481.20347595214844,28.3623046875,56.625885009765625
IMG_0029.mp4,6787,226.4597931264598,29.97,1347,2,traffic_signs,0.6865435242652893,895.1559448242188,657.259765625,952.9273071289062,731.6505737304688,924.0416259765625,694.4551696777344,57.7713623046875,74.39080810546875
IMG_0029.mp4,6787,226.4597931264598,29.97,1325,1,traffic_lights,0.3314177095890045,1407.99951171875,660.241455078125,1446.0035400390625,724.4257202148438,1427.0015258789062,692.3335876464844,38.0040283203125,64.18426513671875
IMG_0029.mp4,6788,226.49315982649316,29.97,1318,2,traffic_signs,0.9220990538597107,1403.00244140625,624.1305541992188,1445.8514404296875,666.7943115234375,1424.4269409179688,645.4624328613281,42.8489990234375,42.66375732421875
IMG_0029.mp4,6788,226.49315982649316,29.97,1344,1,traffic_lights,0.8897029757499695,959.5487670898438,663.7021484375,977.7008666992188,718.088134765625,968.6248168945312,690.8951416015625,18.152099609375,54.385986328125
IMG_0029.mp4,6788,226.49315982649316,29.97,1314,2,traffic_signs,0.7872427105903625,1492.5247802734375,648.6014404296875,1547.1688232421875,696.2623291015625,1519.8468017578125,672.431884765625,54.64404296875,47.660888671875
IMG_0029.mp4,6788,226.49315982649316,29.97,1326,1,traffic_lights,0.8439409732818604,1093.3568115234375,451.8478698730469,1121.5794677734375,508.5372314453125,1107.4681396484375,480.1925506591797,28.22265625,56.689361572265625
IMG_0029.mp4,6788,226.49315982649316,29.97,1347,2,traffic_signs,0.9015018343925476,892.8567504882812,656.4931640625,950.545166015625,731.107421875,921.7009582519531,693.80029296875,57.68841552734375,74.6142578125
IMG_0029.mp4,6788,226.49315982649316,29.97,1325,1,traffic_lights,0.43475985527038574,1407.9478759765625,660.1075439453125,1444.8515625,724.0388793945312,1426.3997192382812,692.0732116699219,36.9036865234375,63.93133544921875
IMG_0029.mp4,6789,226.52652652652654,29.97,1318,2,traffic_signs,0.9187476634979248,1403.1864013671875,623.2656860351562,1446.0838623046875,666.3573608398438,1424.6351318359375,644.8115234375,42.8974609375,43.0916748046875
IMG_0029.mp4,6789,226.52652652652654,29.97,1344,1,traffic_lights,0.8794739246368408,958.0582885742188,663.3187255859375,976.333251953125,717.8430786132812,967.1957702636719,690.5809020996094,18.27496337890625,54.52435302734375
IMG_0029.mp4,6789,226.52652652652654,29.97,1314,2,traffic_signs,0.8131175637245178,1492.5537109375,648.0935668945312,1547.67041015625,695.88330078125,1520.112060546875,671.9884338378906,55.11669921875,47.78973388671875
IMG_0029.mp4,6789,226.52652652652654,29.97,1326,1,traffic_lights,0.914016842842102,1092.5477294921875,450.5876159667969,1121.1549072265625,507.1812744140625,1106.851318359375,478.8844451904297,28.607177734375,56.593658447265625
IMG_0029.mp4,6789,226.52652652652654,29.97,1347,2,traffic_signs,0.8847916722297668,890.9718017578125,655.8375854492188,948.996826171875,730.7037353515625,919.9843139648438,693.2706604003906,58.0250244140625,74.86614990234375
IMG_0029.mp4,6789,226.52652652652654,29.97,1494,0,auth_label,0.5111703276634216,0.6556375622749329,223.08009338378906,142.35926818847656,805.272705078125,71.50745287537575,514.176399230957,141.70363062620163,582.1926116943359
IMG_0029.mp4,6790,226.5598932265599,29.97,1318,2,traffic_signs,0.9061756730079651,1403.4478759765625,622.6068115234375,1446.5179443359375,665.6331176757812,1424.98291015625,644.1199645996094,43.070068359375,43.02630615234375
IMG_0029.mp4,6790,226.5598932265599,29.97,1344,1,traffic_lights,0.8853051662445068,956.7091064453125,662.6556396484375,975.1207885742188,717.344970703125,965.9149475097656,690.0003051757812,18.41168212890625,54.6893310546875
IMG_0029.mp4,6790,226.5598932265599,29.97,1314,2,traffic_signs,0.7896373271942139,1493.1158447265625,647.5224609375,1547.937744140625,695.2700805664062,1520.5267944335938,671.3962707519531,54.8218994140625,47.74761962890625
IMG_0029.mp4,6790,226.5598932265599,29.97,1326,1,traffic_lights,0.9233388304710388,1091.463134765625,449.4010925292969,1120.317138671875,506.3143005371094,1105.89013671875,477.8576965332031,28.85400390625,56.9132080078125
IMG_0029.mp4,6790,226.5598932265599,29.97,1347,2,traffic_signs,0.8416346311569214,889.2030029296875,655.5669555664062,947.4342651367188,730.4949951171875,918.3186340332031,693.0309753417969,58.23126220703125,74.92803955078125
IMG_0029.mp4,6790,226.5598932265599,29.97,1496,2,traffic_signs,0.5831409692764282,887.5452270507812,656.447265625,945.759521484375,728.1234130859375,916.6523742675781,692.2853393554688,58.21429443359375,71.6761474609375
IMG_0029.mp4,6790,226.5598932265599,29.97,1325,1,traffic_lights,0.4530009329319,1408.0892333984375,657.5525512695312,1443.64697265625,722.39404296875,1425.8681030273438,689.9732971191406,35.5577392578125,64.84149169921875
IMG_0029.mp4,6791,226.59325992659328,29.97,1318,2,traffic_signs,0.8909944891929626,1403.46923828125,621.7040405273438,1446.7174072265625,665.1881103515625,1425.0933227539062,643.4460754394531,43.2481689453125,43.48406982421875
IMG_0029.mp4,6791,226.59325992659328,29.97,1344,1,traffic_lights,0.880696177482605,955.2781372070312,661.6481323242188,973.8527221679688,717.0147705078125,964.5654296875,689.3314514160156,18.5745849609375,55.36663818359375
IMG_0029.mp4,6791,226.59325992659328,29.97,1314,2,traffic_signs,0.8035112619400024,1493.5718994140625,646.853515625,1547.9405517578125,694.5963134765625,1520.7562255859375,670.7249145507812,54.36865234375,47.7427978515625
IMG_0029.mp4,6791,226.59325992659328,29.97,1326,1,traffic_lights,0.7575287222862244,1090.1607666015625,447.8231201171875,1119.373779296875,505.47174072265625,1104.7672729492188,476.6474304199219,29.2130126953125,57.64862060546875
IMG_0029.mp4,6791,226.59325992659328,29.97,1347,2,traffic_signs,0.8527035117149353,887.4142456054688,655.307373046875,946.2603759765625,730.8239135742188,916.8373107910156,693.0656433105469,58.84613037109375,75.51654052734375
IMG_0029.mp4,6791,226.59325992659328,29.97,1325,1,traffic_lights,0.3867073655128479,1408.2257080078125,656.8544311523438,1444.07177734375,722.2506713867188,1426.1487426757812,689.5525512695312,35.8460693359375,65.396240234375
IMG_0029.mp4,6792,226.62662662662663,29.97,1318,2,traffic_signs,0.8815526366233826,1403.45947265625,620.765380859375,1447.0938720703125,664.3858032226562,1425.2766723632812,642.5755920410156,43.6343994140625,43.62042236328125
IMG_0029.mp4,6792,226.62662662662663,29.97,1344,1,traffic_lights,0.8952110409736633,953.6602172851562,661.06884765625,972.106689453125,716.6552124023438,962.8834533691406,688.8620300292969,18.44647216796875,55.58636474609375
IMG_0029.mp4,6792,226.62662662662663,29.97,1314,2,traffic_signs,0.826488196849823,1494.5205078125,646.0902099609375,1548.187744140625,693.7559204101562,1521.3541259765625,669.9230651855469,53.667236328125,47.66571044921875
IMG_0029.mp4,6792,226.62662662662663,29.97,1326,1,traffic_lights,0.9159796833992004,1088.961669921875,446.5525207519531,1118.234375,504.55322265625,1103.5980224609375,475.55287170410156,29.272705078125,58.000701904296875
IMG_0029.mp4,6792,226.62662662662663,29.97,1347,2,traffic_signs,0.8445779085159302,885.4658203125,655.1741943359375,944.3002319335938,730.4921875,914.8830261230469,692.8331909179688,58.83441162109375,75.3179931640625
IMG_0029.mp4,6792,226.62662662662663,29.97,1325,1,traffic_lights,0.3168641924858093,1408.3753662109375,656.0630493164062,1444.95849609375,722.3026123046875,1426.6669311523438,689.1828308105469,36.5831298828125,66.23956298828125
IMG_0029.mp4,6792,226.62662662662663,29.97,1497,2,traffic_signs,0.6661547422409058,0.0,1.7630794048309326,154.51979064941406,67.19646453857422,77.25989532470703,34.479771971702576,154.51979064941406,65.43338513374329
IMG_0029.mp4,6793,226.65999332666001,29.97,1318,2,traffic_signs,0.8660061955451965,1403.6563720703125,619.8421630859375,1447.4864501953125,663.1642456054688,1425.5714111328125,641.5032043457031,43.830078125,43.32208251953125
IMG_0029.mp4,6793,226.65999332666001,29.97,1344,1,traffic_lights,0.8892016410827637,952.261962890625,660.4573364257812,970.4641723632812,716.4719848632812,961.3630676269531,688.4646606445312,18.20220947265625,56.0146484375
IMG_0029.mp4,6793,226.65999332666001,29.97,1326,1,traffic_lights,0.9142144918441772,1088.0172119140625,445.2878723144531,1116.9979248046875,503.1648254394531,1102.507568359375,474.2263488769531,28.980712890625,57.876953125
IMG_0029.mp4,6793,226.65999332666001,29.97,1347,2,traffic_signs,0.8728476762771606,883.5547485351562,654.54052734375,942.1802978515625,730.224853515625,912.8675231933594,692.3826904296875,58.62554931640625,75.684326171875
IMG_0029.mp4,6794,226.69336002669337,29.97,1318,2,traffic_signs,0.8635367751121521,1403.6881103515625,619.395751953125,1447.8114013671875,662.1643676757812,1425.749755859375,640.7800598144531,44.123291015625,42.76861572265625
IMG_0029.mp4,6794,226.69336002669337,29.97,1344,1,traffic_lights,0.642522931098938,950.03173828125,660.7813720703125,969.0888671875,716.4993286132812,959.560302734375,688.6403503417969,19.05712890625,55.71795654296875
IMG_0029.mp4,6794,226.69336002669337,29.97,1326,1,traffic_lights,0.911030650138855,1087.071044921875,444.3351135253906,1115.8885498046875,501.77056884765625,1101.4797973632812,473.05284118652344,28.8175048828125,57.435455322265625
IMG_0029.mp4,6794,226.69336002669337,29.97,1347,2,traffic_signs,0.8446872234344482,881.6451416015625,654.3699340820312,939.79150390625,729.7219848632812,910.7183227539062,692.0459594726562,58.1463623046875,75.35205078125
IMG_0029.mp4,6794,226.69336002669337,29.97,1314,2,traffic_signs,0.5751853585243225,1496.5067138671875,643.99658203125,1548.45361328125,692.6973876953125,1522.4801635742188,668.3469848632812,51.9468994140625,48.7008056640625
IMG_0029.mp4,6794,226.69336002669337,29.97,1325,1,traffic_lights,0.32833096385002136,1410.4696044921875,653.4196166992188,1457.3360595703125,722.0580444335938,1433.90283203125,687.7388305664062,46.866455078125,68.638427734375
IMG_0029.mp4,6795,226.72672672672672,29.97,1318,2,traffic_signs,0.8580933213233948,1403.9471435546875,618.5734252929688,1447.8704833984375,661.1669921875,1425.9088134765625,639.8702087402344,43.92333984375,42.59356689453125
IMG_0029.mp4,6795,226.72672672672672,29.97,1344,1,traffic_lights,0.9015550017356873,948.2717895507812,660.5431518554688,967.3509521484375,715.8096923828125,957.8113708496094,688.1764221191406,19.07916259765625,55.26654052734375
IMG_0029.mp4,6795,226.72672672672672,29.97,1326,1,traffic_lights,0.9173704385757446,1085.7818603515625,442.9394836425781,1114.9617919921875,500.8379821777344,1100.371826171875,471.88873291015625,29.179931640625,57.89849853515625
IMG_0029.mp4,6795,226.72672672672672,29.97,1347,2,traffic_signs,0.760431170463562,879.894775390625,653.6597900390625,937.6646728515625,729.6439208984375,908.7797241210938,691.65185546875,57.7698974609375,75.984130859375
IMG_0029.mp4,6795,226.72672672672672,29.97,1314,2,traffic_signs,0.7613257765769958,1496.9676513671875,642.3320922851562,1550.50830078125,692.5870971679688,1523.7379760742188,667.4595947265625,53.5406494140625,50.2550048828125
IMG_0029.mp4,6795,226.72672672672672,29.97,1325,1,traffic_lights,0.30214500427246094,1411.272216796875,652.7800903320312,1459.277099609375,721.3479614257812,1435.274658203125,687.0640258789062,48.0048828125,68.56787109375
IMG_0029.mp4,6796,226.7600934267601,29.97,1318,2,traffic_signs,0.8517943024635315,1404.893798828125,617.8779296875,1448.377685546875,660.6275634765625,1426.6357421875,639.2527465820312,43.48388671875,42.7496337890625
IMG_0029.mp4,6796,226.7600934267601,29.97,1344,1,traffic_lights,0.8902451395988464,946.7064819335938,660.09912109375,966.0504150390625,715.6812744140625,956.3784484863281,687.8901977539062,19.34393310546875,55.5821533203125
IMG_0029.mp4,6796,226.7600934267601,29.97,1326,1,traffic_lights,0.9162870645523071,1084.913330078125,441.59326171875,1114.1658935546875,499.5260009765625,1099.5396118164062,470.55963134765625,29.2525634765625,57.9327392578125
IMG_0029.mp4,6796,226.7600934267601,29.97,1347,2,traffic_signs,0.6522489786148071,878.3745727539062,652.843017578125,935.7470703125,729.2003173828125,907.0608215332031,691.0216674804688,57.37249755859375,76.3572998046875
IMG_0029.mp4,6796,226.7600934267601,29.97,1314,2,traffic_signs,0.7780377268791199,1498.122314453125,641.2886962890625,1552.3489990234375,692.4368896484375,1525.2356567382812,666.86279296875,54.2266845703125,51.148193359375
IMG_0029.mp4,6796,226.7600934267601,29.97,1325,1,traffic_lights,0.3662155866622925,1412.136962890625,652.7296142578125,1457.93505859375,720.8836669921875,1435.0360107421875,686.806640625,45.798095703125,68.154052734375
IMG_0029.mp4,6796,226.7600934267601,29.97,1501,2,traffic_signs,0.6711408495903015,877.723388671875,653.4435424804688,933.8803100585938,726.7964477539062,905.8018493652344,690.1199951171875,56.15692138671875,73.3529052734375
IMG_0029.mp4,6797,226.79346012679346,29.97,1318,2,traffic_signs,0.8555400371551514,1405.44970703125,617.1338500976562,1448.6947021484375,660.253662109375,1427.0722045898438,638.6937561035156,43.2449951171875,43.11981201171875
IMG_0029.mp4,6797,226.79346012679346,29.97,1344,1,traffic_lights,0.8548226356506348,945.4822998046875,658.7205810546875,964.52001953125,714.6423950195312,955.0011596679688,686.6814880371094,19.0377197265625,55.92181396484375
IMG_0029.mp4,6797,226.79346012679346,29.97,1326,1,traffic_lights,0.9145617485046387,1083.9542236328125,440.1315002441406,1113.5455322265625,498.2906494140625,1098.7498779296875,469.21107482910156,29.59130859375,58.159149169921875
IMG_0029.mp4,6797,226.79346012679346,29.97,1347,2,traffic_signs,0.70358806848526,876.0639038085938,651.4052124023438,933.8695068359375,728.98095703125,904.9667053222656,690.1930847167969,57.80560302734375,77.57574462890625
IMG_0029.mp4,6797,226.79346012679346,29.97,1314,2,traffic_signs,0.8075523972511292,1498.8441162109375,640.2999877929688,1553.7747802734375,691.9421997070312,1526.3094482421875,666.12109375,54.9306640625,51.6422119140625
IMG_0029.mp4,6797,226.79346012679346,29.97,1325,1,traffic_lights,0.3839920163154602,1412.40380859375,652.2130737304688,1456.3211669921875,720.1782836914062,1434.3624877929688,686.1956787109375,43.9173583984375,67.9652099609375
IMG_0029.mp4,6797,226.79346012679346,29.97,1501,2,traffic_signs,0.5261409282684326,876.2592163085938,653.17724609375,932.2876586914062,726.61279296875,904.2734375,689.89501953125,56.0284423828125,73.435546875
IMG_0029.mp4,6798,226.82682682682685,29.97,1318,2,traffic_signs,0.8663896322250366,1406.269775390625,616.482666015625,1449.3494873046875,659.8009643554688,1427.8096313476562,638.1418151855469,43.0797119140625,43.31829833984375
IMG_0029.mp4,6798,226.82682682682685,29.97,1344,1,traffic_lights,0.8648267984390259,944.4238891601562,657.9791259765625,963.1734008789062,713.760009765625,953.7986450195312,685.8695678710938,18.74951171875,55.7808837890625
IMG_0029.mp4,6798,226.82682682682685,29.97,1326,1,traffic_lights,0.9169411659240723,1082.6800537109375,438.16229248046875,1112.9771728515625,497.161376953125,1097.82861328125,467.6618347167969,30.297119140625,58.99908447265625
IMG_0029.mp4,6798,226.82682682682685,29.97,1347,2,traffic_signs,0.8503283262252808,874.2269287109375,650.4218139648438,932.1806030273438,728.5291748046875,903.2037658691406,689.4754943847656,57.95367431640625,78.10736083984375
IMG_0029.mp4,6798,226.82682682682685,29.97,1314,2,traffic_signs,0.8558544516563416,1499.87451171875,639.2635498046875,1555.3006591796875,691.2716064453125,1527.5875854492188,665.267578125,55.4261474609375,52.008056640625
IMG_0029.mp4,6798,226.82682682682685,29.97,1325,1,traffic_lights,0.41713446378707886,1412.7532958984375,651.8128051757812,1453.9024658203125,719.5048217773438,1433.327880859375,685.6588134765625,41.149169921875,67.6920166015625
IMG_0029.mp4,6798,226.82682682682685,29.97,1501,2,traffic_signs,0.27058202028274536,874.6564331054688,653.3132934570312,930.4508056640625,726.0426635742188,902.5536193847656,689.677978515625,55.79437255859375,72.7293701171875
IMG_0029.mp4,6798,226.82682682682685,29.97,1503,1,traffic_lights,0.4008336365222931,95.76093292236328,584.3406982421875,132.6155242919922,616.8348388671875,114.18822860717773,600.5877685546875,36.854591369628906,32.494140625
IMG_0029.mp4,6799,226.8601935268602,29.97,1318,2,traffic_signs,0.8696164488792419,1406.5010986328125,615.3057861328125,1449.706298828125,659.7417602539062,1428.1036987304688,637.5237731933594,43.2052001953125,44.43597412109375
IMG_0029.mp4,6799,226.8601935268602,29.97,1344,1,traffic_lights,0.7785012125968933,942.6491088867188,657.3975219726562,961.4124755859375,714.2234497070312,952.0307922363281,685.8104858398438,18.76336669921875,56.825927734375
IMG_0029.mp4,6799,226.8601935268602,29.97,1326,1,traffic_lights,0.9165835976600647,1080.8177490234375,436.7436828613281,1111.7685546875,496.1474914550781,1096.2931518554688,466.4455871582031,30.9508056640625,59.40380859375
IMG_0029.mp4,6799,226.8601935268602,29.97,1347,2,traffic_signs,0.9045303463935852,871.7102661132812,649.789306640625,930.66796875,728.69384765625,901.1891174316406,689.2415771484375,58.95770263671875,78.904541015625
IMG_0029.mp4,6799,226.8601935268602,29.97,1314,2,traffic_signs,0.8576135635375977,1500.412841796875,638.207275390625,1556.64306640625,690.5728149414062,1528.5279541015625,664.3900451660156,56.230224609375,52.36553955078125
IMG_0029.mp4,6799,226.8601935268602,29.97,1325,1,traffic_lights,0.42148324847221375,1412.7921142578125,651.4232788085938,1452.5791015625,719.2135009765625,1432.6856079101562,685.3183898925781,39.7869873046875,67.79022216796875
IMG_0029.mp4,6800,226.89356022689356,29.97,1318,2,traffic_signs,0.3618945777416229,1406.745849609375,614.6078491210938,1450.2796630859375,659.6802978515625,1428.5127563476562,637.1440734863281,43.5338134765625,45.07244873046875
IMG_0029.mp4,6800,226.89356022689356,29.97,1344,1,traffic_lights,0.8126798272132874,940.7216796875,656.9004516601562,959.8466796875,714.7634887695312,950.2841796875,685.8319702148438,19.125,57.863037109375
IMG_0029.mp4,6800,226.89356022689356,29.97,1326,1,traffic_lights,0.9220929741859436,1079.6761474609375,435.1656799316406,1110.7884521484375,495.1754455566406,1095.2322998046875,465.1705627441406,31.1123046875,60.009765625
IMG_0029.mp4,6800,226.89356022689356,29.97,1347,2,traffic_signs,0.9079850912094116,869.4533081054688,649.3889770507812,928.0469970703125,727.9893188476562,898.7501525878906,688.6891479492188,58.59368896484375,78.600341796875
IMG_0029.mp4,6800,226.89356022689356,29.97,1314,2,traffic_signs,0.859382688999176,1501.051513671875,637.0623779296875,1558.1507568359375,689.9336547851562,1529.6011352539062,663.4980163574219,57.0992431640625,52.87127685546875
IMG_0029.mp4,6800,226.89356022689356,29.97,1325,1,traffic_lights,0.35791856050491333,1413.2325439453125,651.24365234375,1452.510498046875,718.7035522460938,1432.8715209960938,684.9736022949219,39.2779541015625,67.45989990234375
IMG_0029.mp4,6801,226.92692692692694,29.97,1318,2,traffic_signs,0.9218166470527649,1407.4415283203125,614.0899047851562,1450.892578125,659.2137451171875,1429.1670532226562,636.6518249511719,43.4510498046875,45.12384033203125
IMG_0029.mp4,6801,226.92692692692694,29.97,1344,1,traffic_lights,0.8027971982955933,938.5629272460938,656.1060791015625,957.7333374023438,714.4738159179688,948.1481323242188,685.2899475097656,19.17041015625,58.36773681640625
IMG_0029.mp4,6801,226.92692692692694,29.97,1326,1,traffic_lights,0.9299869537353516,1078.686279296875,433.7973327636719,1109.662841796875,493.87701416015625,1094.174560546875,463.83717346191406,30.9765625,60.079681396484375
IMG_0029.mp4,6801,226.92692692692694,29.97,1347,2,traffic_signs,0.9083609580993652,866.8040771484375,649.14404296875,925.037841796875,727.525634765625,895.9209594726562,688.3348388671875,58.2337646484375,78.381591796875
IMG_0029.mp4,6801,226.92692692692694,29.97,1314,2,traffic_signs,0.870724618434906,1501.271484375,636.111328125,1559.521240234375,689.371337890625,1530.3963623046875,662.7413330078125,58.249755859375,53.260009765625
IMG_0029.mp4,6801,226.92692692692694,29.97,1325,1,traffic_lights,0.41838452219963074,1413.2823486328125,650.6646118164062,1454.3616943359375,718.4619140625,1433.822021484375,684.5632629394531,41.079345703125,67.79730224609375
IMG_0029.mp4,6802,226.9602936269603,29.97,1318,2,traffic_signs,0.9141815900802612,1407.5184326171875,613.4531860351562,1451.52734375,658.1390380859375,1429.5228881835938,635.7961120605469,44.0089111328125,44.68585205078125
IMG_0029.mp4,6802,226.9602936269603,29.97,1344,1,traffic_lights,0.6514499187469482,936.243408203125,655.5972290039062,956.730224609375,715.3741455078125,946.48681640625,685.4856872558594,20.48681640625,59.77691650390625
IMG_0029.mp4,6802,226.9602936269603,29.97,1326,1,traffic_lights,0.9138020873069763,1077.9998779296875,432.3067321777344,1108.814453125,492.390625,1093.4071655273438,462.3486785888672,30.8145751953125,60.083892822265625
IMG_0029.mp4,6802,226.9602936269603,29.97,1347,2,traffic_signs,0.9106556177139282,864.41259765625,648.7002563476562,923.315185546875,727.54736328125,893.8638916015625,688.1238098144531,58.902587890625,78.84710693359375
IMG_0029.mp4,6802,226.9602936269603,29.97,1314,2,traffic_signs,0.8584954738616943,1501.7047119140625,635.068603515625,1560.552490234375,688.661376953125,1531.1286010742188,661.864990234375,58.8477783203125,53.5927734375
IMG_0029.mp4,6802,226.9602936269603,29.97,1325,1,traffic_lights,0.42488893866539,1413.4962158203125,650.03759765625,1454.34033203125,717.9705810546875,1433.9182739257812,684.0040893554688,40.8441162109375,67.9329833984375
IMG_0029.mp4,6803,226.99366032699368,29.97,1318,2,traffic_signs,0.9099924564361572,1408.0023193359375,612.1524047851562,1452.4332275390625,657.0758056640625,1430.2177734375,634.6141052246094,44.430908203125,44.92340087890625
IMG_0029.mp4,6803,226.99366032699368,29.97,1344,1,traffic_lights,0.8548118472099304,934.2079467773438,654.9866943359375,955.3247680664062,716.15478515625,944.766357421875,685.5707397460938,21.1168212890625,61.1680908203125
IMG_0029.mp4,6803,226.99366032699368,29.97,1326,1,traffic_lights,0.9035365581512451,1076.838134765625,430.532470703125,1108.2275390625,490.61700439453125,1092.5328369140625,460.5747375488281,31.389404296875,60.08453369140625
IMG_0029.mp4,6803,226.99366032699368,29.97,1347,2,traffic_signs,0.8855283260345459,862.3369750976562,648.2672729492188,921.8202514648438,727.44775390625,892.07861328125,687.8575134277344,59.4832763671875,79.18048095703125
IMG_0029.mp4,6803,226.99366032699368,29.97,1314,2,traffic_signs,0.8497925400733948,1502.6680908203125,634.0780639648438,1561.628173828125,687.8126220703125,1532.1481323242188,660.9453430175781,58.9600830078125,53.73455810546875
IMG_0029.mp4,6803,226.99366032699368,29.97,1325,1,traffic_lights,0.37660208344459534,1414.197265625,648.482666015625,1454.5650634765625,717.3286743164062,1434.3811645507812,682.9056701660156,40.3677978515625,68.84600830078125
IMG_0029.mp4,6804,227.02702702702703,29.97,1318,2,traffic_signs,0.9084538221359253,1408.3065185546875,610.871337890625,1453.32177734375,656.4893798828125,1430.8141479492188,633.6803588867188,45.0152587890625,45.6180419921875
IMG_0029.mp4,6804,227.02702702702703,29.97,1344,1,traffic_lights,0.8571293354034424,932.7343139648438,653.891357421875,953.4209594726562,715.2000732421875,943.07763671875,684.5457153320312,20.6866455078125,61.3087158203125
IMG_0029.mp4,6804,227.02702702702703,29.97,1326,1,traffic_lights,0.9008488655090332,1075.9368896484375,428.7420349121094,1107.391357421875,488.8230895996094,1091.6641235351562,458.7825622558594,31.4544677734375,60.0810546875
IMG_0029.mp4,6804,227.02702702702703,29.97,1347,2,traffic_signs,0.8655505776405334,860.5674438476562,647.7760620117188,919.6021118164062,727.0250854492188,890.0847778320312,687.4005737304688,59.03466796875,79.2490234375
IMG_0029.mp4,6804,227.02702702702703,29.97,1314,2,traffic_signs,0.8323046565055847,1503.56298828125,633.4988403320312,1562.4727783203125,687.10400390625,1533.0178833007812,660.3014221191406,58.9097900390625,53.60516357421875
IMG_0029.mp4,6804,227.02702702702703,29.97,1325,1,traffic_lights,0.3529919981956482,1415.55419921875,648.0704956054688,1453.6204833984375,716.5672607421875,1434.5873413085938,682.3188781738281,38.0662841796875,68.49676513671875
IMG_0029.mp4,6805,227.06039372706041,29.97,1318,2,traffic_signs,0.903804361820221,1408.60693359375,609.6326904296875,1454.0751953125,655.8899536132812,1431.341064453125,632.7613220214844,45.46826171875,46.25726318359375
IMG_0029.mp4,6805,227.06039372706041,29.97,1344,1,traffic_lights,0.8495585918426514,931.0625610351562,653.1497192382812,951.5284423828125,714.17578125,941.2955017089844,683.6627502441406,20.46588134765625,61.02606201171875
IMG_0029.mp4,6805,227.06039372706041,29.97,1326,1,traffic_lights,0.9072117805480957,1075.0714111328125,426.6146545410156,1106.560791015625,486.9447021484375,1090.8161010742188,456.77967834472656,31.4893798828125,60.330047607421875
IMG_0029.mp4,6805,227.06039372706041,29.97,1347,2,traffic_signs,0.8904529213905334,858.4801635742188,647.1018676757812,917.7615966796875,726.7656860351562,888.1208801269531,686.9337768554688,59.28143310546875,79.663818359375
IMG_0029.mp4,6805,227.06039372706041,29.97,1314,2,traffic_signs,0.47973692417144775,1504.481201171875,633.1673583984375,1562.799072265625,686.111083984375,1533.64013671875,659.6392211914062,58.31787109375,52.9437255859375
IMG_0029.mp4,6805,227.06039372706041,29.97,1325,1,traffic_lights,0.609430193901062,1417.685546875,647.1531372070312,1452.286865234375,715.4912109375,1434.9862060546875,681.3221740722656,34.601318359375,68.33807373046875
IMG_0029.mp4,6806,227.09376042709377,29.97,1318,2,traffic_signs,0.8989686965942383,1409.1907958984375,608.2922973632812,1455.44091796875,655.4944458007812,1432.3158569335938,631.8933715820312,46.2501220703125,47.2021484375
IMG_0029.mp4,6806,227.09376042709377,29.97,1344,1,traffic_lights,0.8398228883743286,929.6016845703125,652.4730834960938,949.8563232421875,712.64306640625,939.72900390625,682.5580749511719,20.254638671875,60.16998291015625
IMG_0029.mp4,6806,227.09376042709377,29.97,1326,1,traffic_lights,0.9129158854484558,1074.30810546875,424.1664733886719,1105.9969482421875,485.2423400878906,1090.1525268554688,454.70440673828125,31.6888427734375,61.07586669921875
IMG_0029.mp4,6806,227.09376042709377,29.97,1347,2,traffic_signs,0.8549003601074219,857.0169067382812,646.4890747070312,915.259033203125,726.1666870117188,886.1379699707031,686.327880859375,58.24212646484375,79.6776123046875
IMG_0029.mp4,6806,227.09376042709377,29.97,1314,2,traffic_signs,0.40682560205459595,1506.04541015625,632.976318359375,1558.563232421875,684.5905151367188,1532.3043212890625,658.7834167480469,52.517822265625,51.61419677734375
IMG_0029.mp4,6806,227.09376042709377,29.97,1325,1,traffic_lights,0.7608597874641418,1417.999267578125,646.9540405273438,1451.463134765625,714.5284423828125,1434.731201171875,680.7412414550781,33.4638671875,67.57440185546875
IMG_0029.mp4,6807,227.12712712712712,29.97,1318,2,traffic_signs,0.8866263628005981,1410.0823974609375,607.1854858398438,1456.5938720703125,654.2113647460938,1433.338134765625,630.6984252929688,46.511474609375,47.02587890625
IMG_0029.mp4,6807,227.12712712712712,29.97,1344,1,traffic_lights,0.8530783653259277,927.8906860351562,651.7409057617188,947.77197265625,712.170654296875,937.8313293457031,681.9557800292969,19.88128662109375,60.42974853515625
IMG_0029.mp4,6807,227.12712712712712,29.97,1326,1,traffic_lights,0.9021565318107605,1073.2464599609375,422.4147644042969,1104.8541259765625,483.7259521484375,1089.05029296875,453.0703582763672,31.607666015625,61.311187744140625
IMG_0029.mp4,6807,227.12712712712712,29.97,1347,2,traffic_signs,0.8764972686767578,854.7008056640625,645.6264038085938,912.8489379882812,726.0482788085938,883.7748718261719,685.8373413085938,58.14813232421875,80.421875
IMG_0029.mp4,6807,227.12712712712712,29.97,1325,1,traffic_lights,0.7109661102294922,1418.799560546875,646.5394897460938,1453.067138671875,714.04931640625,1435.933349609375,680.2944030761719,34.267578125,67.50982666015625
IMG_0029.mp4,6808,227.1604938271605,29.97,1318,2,traffic_signs,0.8700238466262817,1411.3973388671875,606.0447387695312,1458.1593017578125,652.94482421875,1434.7783203125,629.4947814941406,46.761962890625,46.90008544921875
IMG_0029.mp4,6808,227.1604938271605,29.97,1344,1,traffic_lights,0.8353778719902039,926.056640625,651.1351928710938,946.2135009765625,710.5455932617188,936.1350708007812,680.8403930664062,20.1568603515625,59.410400390625
IMG_0029.mp4,6808,227.1604938271605,29.97,1326,1,traffic_lights,0.9004513025283813,1072.9039306640625,421.0810546875,1104.3338623046875,482.11798095703125,1088.618896484375,451.5995178222656,31.429931640625,61.03692626953125
IMG_0029.mp4,6808,227.1604938271605,29.97,1347,2,traffic_signs,0.7265381217002869,851.8558349609375,644.0719604492188,910.9080810546875,725.4634399414062,881.3819580078125,684.7677001953125,59.05224609375,81.3914794921875
IMG_0029.mp4,6808,227.1604938271605,29.97,1325,1,traffic_lights,0.6788762807846069,1420.071044921875,646.2814331054688,1453.85595703125,713.4142456054688,1436.9635009765625,679.8478393554688,33.784912109375,67.1328125
IMG_0029.mp4,6808,227.1604938271605,29.97,1507,2,traffic_signs,0.4735504984855652,1154.072998046875,740.3328857421875,1161.86083984375,756.140380859375,1157.9669189453125,748.2366333007812,7.787841796875,15.8074951171875
IMG_0029.mp4,6808,227.1604938271605,29.97,1503,1,traffic_lights,0.853016197681427,61.41420364379883,581.4696655273438,87.70021057128906,614.1546020507812,74.55720710754395,597.8121337890625,26.286006927490234,32.6849365234375
IMG_0029.mp4,6809,227.19386052719386,29.97,1318,2,traffic_signs,0.8762553334236145,1412.65185546875,604.8374633789062,1459.3743896484375,651.8692016601562,1436.0131225585938,628.3533325195312,46.7225341796875,47.03173828125
IMG_0029.mp4,6809,227.19386052719386,29.97,1344,1,traffic_lights,0.872170627117157,923.653564453125,650.442626953125,944.726806640625,710.4749755859375,934.190185546875,680.4588012695312,21.0732421875,60.0323486328125
IMG_0029.mp4,6809,227.19386052719386,29.97,1326,1,traffic_lights,0.9050580263137817,1072.4827880859375,419.51947021484375,1103.6978759765625,480.65875244140625,1088.09033203125,450.089111328125,31.215087890625,61.1392822265625
IMG_0029.mp4,6809,227.19386052719386,29.97,1347,2,traffic_signs,0.9266166687011719,848.8702392578125,642.9623413085938,909.0684814453125,725.150390625,878.9693603515625,684.0563659667969,60.1982421875,82.18804931640625
IMG_0029.mp4,6809,227.19386052719386,29.97,1325,1,traffic_lights,0.6823762059211731,1418.7904052734375,646.05029296875,1457.6939697265625,713.135986328125,1438.2421875,679.5931396484375,38.903564453125,67.085693359375
IMG_0029.mp4,6809,227.19386052719386,29.97,1507,2,traffic_signs,0.4831271469593048,1153.8636474609375,740.4150390625,1161.712158203125,756.0240478515625,1157.7879028320312,748.2195434570312,7.8485107421875,15.6090087890625
IMG_0029.mp4,6809,227.19386052719386,29.97,1503,1,traffic_lights,0.6290229558944702,59.139400482177734,581.3782958984375,80.05760955810547,613.2684936523438,69.5985050201416,597.3233947753906,20.918209075927734,31.89019775390625
IMG_0029.mp4,6810,227.22722722722725,29.97,1318,2,traffic_signs,0.8624675869941711,1413.3358154296875,603.3455810546875,1460.5380859375,651.0459594726562,1436.9369506835938,627.1957702636719,47.2022705078125,47.70037841796875
IMG_0029.mp4,6810,227.22722722722725,29.97,1344,1,traffic_lights,0.8634817600250244,921.9191284179688,650.0113525390625,942.6061401367188,709.4616088867188,932.2626342773438,679.7364807128906,20.68701171875,59.45025634765625
IMG_0029.mp4,6810,227.22722722722725,29.97,1326,1,traffic_lights,0.9101352095603943,1071.561279296875,417.93475341796875,1102.658203125,478.69775390625,1087.1097412109375,448.3162536621094,31.096923828125,60.76300048828125
IMG_0029.mp4,6810,227.22722722722725,29.97,1347,2,traffic_signs,0.9242810010910034,845.9571533203125,641.96728515625,906.5084838867188,724.8198852539062,876.2328186035156,683.3935852050781,60.55133056640625,82.85260009765625
IMG_0029.mp4,6810,227.22722722722725,29.97,1507,2,traffic_signs,0.49390295147895813,1153.2562255859375,740.9595947265625,1161.0167236328125,755.8341064453125,1157.136474609375,748.3968505859375,7.760498046875,14.87451171875
IMG_0029.mp4,6811,227.2605939272606,29.97,1318,2,traffic_signs,0.8805833458900452,1414.245849609375,602.0693969726562,1462.4251708984375,650.7931518554688,1438.3355102539062,626.4312744140625,48.1793212890625,48.7237548828125
IMG_0029.mp4,6811,227.2605939272606,29.97,1344,1,traffic_lights,0.8550621867179871,920.5927124023438,649.3197021484375,941.0291748046875,707.950927734375,930.8109436035156,678.6353149414062,20.43646240234375,58.6312255859375
IMG_0029.mp4,6811,227.2605939272606,29.97,1326,1,traffic_lights,0.8990305662155151,1070.6533203125,415.5380859375,1101.86767578125,477.3337707519531,1086.260498046875,446.43592834472656,31.21435546875,61.795684814453125
IMG_0029.mp4,6811,227.2605939272606,29.97,1347,2,traffic_signs,0.9284954071044922,843.66552734375,640.83154296875,904.9080810546875,724.5980834960938,874.2868041992188,682.7148132324219,61.2425537109375,83.76654052734375
IMG_0029.mp4,6811,227.2605939272606,29.97,1507,2,traffic_signs,0.49028852581977844,1153.3675537109375,740.7666015625,1161.1597900390625,755.608642578125,1157.263671875,748.1876220703125,7.792236328125,14.842041015625
IMG_0029.mp4,6811,227.2605939272606,29.97,1325,1,traffic_lights,0.25544196367263794,1421.7220458984375,643.9490966796875,1463.1982421875,711.5740966796875,1442.4601440429688,677.7615966796875,41.4761962890625,67.625
IMG_0029.mp4,6812,227.29396062729396,29.97,1318,2,traffic_signs,0.8878200650215149,1415.165283203125,600.8803100585938,1463.339111328125,650.187744140625,1439.252197265625,625.5340270996094,48.173828125,49.30743408203125
IMG_0029.mp4,6812,227.29396062729396,29.97,1344,1,traffic_lights,0.8644824028015137,918.9310302734375,647.8921508789062,939.3082275390625,707.2545166015625,929.11962890625,677.5733337402344,20.377197265625,59.36236572265625
IMG_0029.mp4,6812,227.29396062729396,29.97,1326,1,traffic_lights,0.9061390161514282,1069.2060546875,412.5162048339844,1101.107177734375,475.6019287109375,1085.1566162109375,444.05906677246094,31.901123046875,63.085723876953125
IMG_0029.mp4,6812,227.29396062729396,29.97,1347,2,traffic_signs,0.9314095377922058,841.279052734375,639.7225952148438,902.07470703125,724.30712890625,871.6768798828125,682.0148620605469,60.795654296875,84.58453369140625
IMG_0029.mp4,6812,227.29396062729396,29.97,1507,2,traffic_signs,0.47601303458213806,1152.9215087890625,740.7753295898438,1160.7222900390625,755.3506469726562,1156.8218994140625,748.06298828125,7.80078125,14.5753173828125
IMG_0029.mp4,6812,227.29396062729396,29.97,1325,1,traffic_lights,0.34337368607521057,1422.2366943359375,642.701416015625,1463.3992919921875,710.9177856445312,1442.8179931640625,676.8096008300781,41.16259765625,68.21636962890625
IMG_0029.mp4,6813,227.32732732732734,29.97,1318,2,traffic_signs,0.9085128307342529,1416.3453369140625,599.207763671875,1464.4703369140625,648.1697387695312,1440.4078369140625,623.6887512207031,48.125,48.96197509765625
IMG_0029.mp4,6813,227.32732732732734,29.97,1344,1,traffic_lights,0.8412297964096069,916.4657592773438,646.4185180664062,938.0374145507812,707.7571411132812,927.2515869140625,677.0878295898438,21.5716552734375,61.338623046875
IMG_0029.mp4,6813,227.32732732732734,29.97,1326,1,traffic_lights,0.9020678997039795,1068.2615966796875,409.9126281738281,1100.5008544921875,473.5123596191406,1084.3812255859375,441.7124938964844,32.2392578125,63.5997314453125
IMG_0029.mp4,6813,227.32732732732734,29.97,1347,2,traffic_signs,0.9291043281555176,838.9893188476562,638.6864624023438,899.7010498046875,724.6119384765625,869.3451843261719,681.6492004394531,60.71173095703125,85.92547607421875
IMG_0029.mp4,6813,227.32732732732734,29.97,1507,2,traffic_signs,0.46631181240081787,1152.8599853515625,740.6940307617188,1160.556640625,755.1729736328125,1156.7083129882812,747.9335021972656,7.6966552734375,14.47894287109375
IMG_0029.mp4,6813,227.32732732732734,29.97,1325,1,traffic_lights,0.40087077021598816,1422.358642578125,640.2992553710938,1465.0040283203125,710.5393676757812,1443.6813354492188,675.4193115234375,42.6453857421875,70.2401123046875
IMG_0029.mp4,6814,227.3606940273607,29.97,1318,2,traffic_signs,0.9002301096916199,1417.1795654296875,597.436767578125,1466.1326904296875,646.4820556640625,1441.6561279296875,621.9594116210938,48.953125,49.0452880859375
IMG_0029.mp4,6814,227.3606940273607,29.97,1344,1,traffic_lights,0.8387953639030457,914.466796875,645.3666381835938,936.4895629882812,708.09521484375,925.4781799316406,676.7309265136719,22.02276611328125,62.72857666015625
IMG_0029.mp4,6814,227.3606940273607,29.97,1326,1,traffic_lights,0.9004582762718201,1067.439208984375,407.7734375,1099.867919921875,471.8333740234375,1083.653564453125,439.80340576171875,32.4287109375,64.0599365234375
IMG_0029.mp4,6814,227.3606940273607,29.97,1347,2,traffic_signs,0.9313481450080872,837.0403442382812,637.9242553710938,897.237060546875,724.736083984375,867.1387023925781,681.3301696777344,60.19671630859375,86.81182861328125
IMG_0029.mp4,6814,227.3606940273607,29.97,1507,2,traffic_signs,0.4710512161254883,1152.8194580078125,740.4340209960938,1160.4183349609375,755.096435546875,1156.618896484375,747.7652282714844,7.598876953125,14.66241455078125
IMG_0029.mp4,6814,227.3606940273607,29.97,1325,1,traffic_lights,0.6569386124610901,1422.8853759765625,638.1602172851562,1465.225341796875,709.8357543945312,1444.0553588867188,673.9979858398438,42.3399658203125,71.675537109375
IMG_0029.mp4,6815,227.39406072739408,29.97,1318,2,traffic_signs,0.891767680644989,1418.5078125,595.3265991210938,1467.8310546875,645.091796875,1443.16943359375,620.2091979980469,49.3232421875,49.76519775390625
IMG_0029.mp4,6815,227.39406072739408,29.97,1344,1,traffic_lights,0.829115629196167,912.8448486328125,644.7263793945312,934.648193359375,708.0531005859375,923.7465209960938,676.3897399902344,21.8033447265625,63.32672119140625
IMG_0029.mp4,6815,227.39406072739408,29.97,1326,1,traffic_lights,0.903779149055481,1066.627685546875,405.42559814453125,1098.9681396484375,469.7060852050781,1082.7979125976562,437.5658416748047,32.3404541015625,64.28048706054688
IMG_0029.mp4,6815,227.39406072739408,29.97,1347,2,traffic_signs,0.9377045035362244,834.9393920898438,636.6832275390625,894.9359741210938,724.1927490234375,864.9376831054688,680.43798828125,59.99658203125,87.509521484375
IMG_0029.mp4,6815,227.39406072739408,29.97,1507,2,traffic_signs,0.48169025778770447,1152.6676025390625,739.9518432617188,1160.2974853515625,754.9520263671875,1156.4825439453125,747.4519348144531,7.6298828125,15.00018310546875
IMG_0029.mp4,6815,227.39406072739408,29.97,1325,1,traffic_lights,0.7785778045654297,1423.218017578125,637.043212890625,1466.0582275390625,709.0386962890625,1444.6381225585938,673.0409545898438,42.8402099609375,71.9954833984375
IMG_0029.mp4,6816,227.42742742742743,29.97,1318,2,traffic_signs,0.8865190148353577,1419.7423095703125,593.9876098632812,1470.0806884765625,643.8478393554688,1444.9114990234375,618.917724609375,50.33837890625,49.8602294921875
IMG_0029.mp4,6816,227.42742742742743,29.97,1344,1,traffic_lights,0.8909127116203308,911.0298461914062,643.3343505859375,933.2198486328125,707.6461791992188,922.1248474121094,675.4902648925781,22.19000244140625,64.31182861328125
IMG_0029.mp4,6816,227.42742742742743,29.97,1326,1,traffic_lights,0.9005539417266846,1066.0250244140625,403.1115417480469,1098.44580078125,467.70361328125,1082.2354125976562,435.40757751464844,32.4207763671875,64.59207153320312
IMG_0029.mp4,6816,227.42742742742743,29.97,1347,2,traffic_signs,0.9343559741973877,833.2991333007812,635.5963745117188,893.332275390625,723.4016723632812,863.3157043457031,679.4990234375,60.03314208984375,87.8052978515625
IMG_0029.mp4,6816,227.42742742742743,29.97,1507,2,traffic_signs,0.5103759169578552,1152.61376953125,739.9624633789062,1160.1685791015625,754.8290405273438,1156.3911743164062,747.395751953125,7.5548095703125,14.8665771484375
IMG_0029.mp4,6816,227.42742742742743,29.97,1325,1,traffic_lights,0.8093938231468201,1423.8973388671875,636.59765625,1466.876708984375,708.4909057617188,1445.3870239257812,672.5442810058594,42.9793701171875,71.89324951171875
IMG_0029.mp4,6817,227.46079412746082,29.97,1318,2,traffic_signs,0.8894556164741516,1421.620849609375,592.5034790039062,1472.4786376953125,642.8363037109375,1447.0497436523438,617.6698913574219,50.8577880859375,50.33282470703125
IMG_0029.mp4,6817,227.46079412746082,29.97,1344,1,traffic_lights,0.8818972706794739,909.5052490234375,642.919189453125,932.0153198242188,706.2883911132812,920.7602844238281,674.6037902832031,22.51007080078125,63.36920166015625
IMG_0029.mp4,6817,227.46079412746082,29.97,1326,1,traffic_lights,0.8943577408790588,1065.70263671875,399.8670654296875,1097.9185791015625,465.0543212890625,1081.8106079101562,432.460693359375,32.2159423828125,65.187255859375
IMG_0029.mp4,6817,227.46079412746082,29.97,1347,2,traffic_signs,0.9383302927017212,831.5698852539062,634.2122192382812,891.5284423828125,723.273193359375,861.5491638183594,678.7427062988281,59.95855712890625,89.06097412109375
IMG_0029.mp4,6817,227.46079412746082,29.97,1507,2,traffic_signs,0.4690471589565277,1152.8553466796875,739.6319580078125,1160.3353271484375,754.7139892578125,1156.5953369140625,747.1729736328125,7.47998046875,15.08203125
IMG_0029.mp4,6817,227.46079412746082,29.97,1325,1,traffic_lights,0.7899562120437622,1425.9151611328125,636.8344116210938,1468.0628662109375,707.1666870117188,1446.989013671875,672.0005493164062,42.147705078125,70.332275390625
IMG_0029.mp4,6817,227.46079412746082,29.97,1511,2,traffic_signs,0.3930549919605255,616.4013061523438,739.465576171875,628.3176879882812,750.8164672851562,622.3594970703125,745.1410217285156,11.9163818359375,11.35089111328125
IMG_0029.mp4,6818,227.49416082749417,29.97,1318,2,traffic_signs,0.869343101978302,1423.513427734375,591.0687866210938,1474.68701171875,640.9281005859375,1449.1002197265625,615.9984436035156,51.173583984375,49.85931396484375
IMG_0029.mp4,6818,227.49416082749417,29.97,1344,1,traffic_lights,0.8824412226676941,908.1121215820312,641.7628173828125,930.9429321289062,705.363037109375,919.5275268554688,673.5629272460938,22.830810546875,63.6002197265625
IMG_0029.mp4,6818,227.49416082749417,29.97,1326,1,traffic_lights,0.7985770106315613,1065.21142578125,397.3626403808594,1097.25390625,462.39678955078125,1081.232666015625,429.8797149658203,32.04248046875,65.03414916992188
IMG_0029.mp4,6818,227.49416082749417,29.97,1347,2,traffic_signs,0.9003168940544128,829.7852172851562,632.7639770507812,889.984375,723.4883422851562,859.8847961425781,678.1261596679688,60.19915771484375,90.724365234375
IMG_0029.mp4,6818,227.49416082749417,29.97,1507,2,traffic_signs,0.46935924887657166,1152.85693359375,739.2581787109375,1160.3765869140625,754.61474609375,1156.6167602539062,746.9364624023438,7.5196533203125,15.3565673828125
IMG_0029.mp4,6818,227.49416082749417,29.97,1325,1,traffic_lights,0.8120442628860474,1429.0809326171875,636.7408447265625,1468.868896484375,705.7260131835938,1448.9749145507812,671.2334289550781,39.7879638671875,68.98516845703125
IMG_0029.mp4,6818,227.49416082749417,29.97,1511,2,traffic_signs,0.4781918525695801,615.63916015625,739.5613403320312,627.3104248046875,750.9376831054688,621.4747924804688,745.24951171875,11.6712646484375,11.3763427734375
IMG_0029.mp4,6819,227.52752752752752,29.97,1318,2,traffic_signs,0.8618882298469543,1425.5645751953125,589.8394165039062,1476.2498779296875,638.8397827148438,1450.9072265625,614.339599609375,50.685302734375,49.0003662109375
IMG_0029.mp4,6819,227.52752752752752,29.97,1344,1,traffic_lights,0.8333449959754944,906.0606689453125,639.9346923828125,929.1094360351562,704.052734375,917.5850524902344,671.9937133789062,23.04876708984375,64.1180419921875
IMG_0029.mp4,6819,227.52752752752752,29.97,1326,1,traffic_lights,0.7084714770317078,1064.3638916015625,395.3965759277344,1096.9384765625,459.7535095214844,1080.6511840820312,427.5750427246094,32.5745849609375,64.35693359375
IMG_0029.mp4,6819,227.52752752752752,29.97,1347,2,traffic_signs,0.8374348878860474,827.2803955078125,631.6610107421875,888.3267822265625,722.2020874023438,857.8035888671875,676.9315490722656,61.04638671875,90.54107666015625
IMG_0029.mp4,6819,227.52752752752752,29.97,1507,2,traffic_signs,0.44395163655281067,1152.9681396484375,738.6954345703125,1160.7596435546875,754.6788940429688,1156.8638916015625,746.6871643066406,7.79150390625,15.98345947265625
IMG_0029.mp4,6819,227.52752752752752,29.97,1325,1,traffic_lights,0.7680814862251282,1431.4708251953125,635.1300659179688,1469.46826171875,704.7548217773438,1450.4695434570312,669.9424438476562,37.9974365234375,69.624755859375
IMG_0029.mp4,6819,227.52752752752752,29.97,1511,2,traffic_signs,0.4227195382118225,614.7019653320312,739.357421875,626.8194580078125,750.898193359375,620.7607116699219,745.1278076171875,12.11749267578125,11.540771484375
IMG_0029.mp4,6820,227.5608942275609,29.97,1318,2,traffic_signs,0.5764713883399963,1427.5185546875,588.47607421875,1478.4949951171875,638.5059814453125,1453.0067749023438,613.4910278320312,50.9764404296875,50.0299072265625
IMG_0029.mp4,6820,227.5608942275609,29.97,1344,1,traffic_lights,0.8714006543159485,903.271484375,638.4539184570312,927.2569580078125,703.74853515625,915.2642211914062,671.1012268066406,23.9854736328125,65.29461669921875
IMG_0029.mp4,6820,227.5608942275609,29.97,1326,1,traffic_lights,0.8927827477455139,1063.050048828125,392.7838134765625,1096.132568359375,457.9721984863281,1079.59130859375,425.3780059814453,33.08251953125,65.18838500976562
IMG_0029.mp4,6820,227.5608942275609,29.97,1347,2,traffic_signs,0.5846246480941772,825.2462158203125,630.2813720703125,884.2367553710938,720.6598510742188,854.7414855957031,675.4706115722656,58.99053955078125,90.37847900390625
IMG_0029.mp4,6820,227.5608942275609,29.97,1507,2,traffic_signs,0.40906885266304016,1153.1123046875,738.3453369140625,1161.0009765625,754.8447265625,1157.056640625,746.5950317382812,7.888671875,16.4993896484375
IMG_0029.mp4,6820,227.5608942275609,29.97,1325,1,traffic_lights,0.2836530804634094,1431.902099609375,634.0240478515625,1477.8800048828125,704.0137939453125,1454.8910522460938,669.0189208984375,45.9779052734375,69.98974609375
IMG_0029.mp4,6820,227.5608942275609,29.97,1511,2,traffic_signs,0.37409353256225586,614.074951171875,739.0094604492188,626.0014038085938,750.7603759765625,620.0381774902344,744.8849182128906,11.92645263671875,11.75091552734375
IMG_0029.mp4,6821,227.59426092759426,29.97,1318,2,traffic_signs,0.8752009868621826,1429.8197021484375,586.5653686523438,1480.981201171875,637.1019287109375,1455.4004516601562,611.8336486816406,51.1614990234375,50.53656005859375
IMG_0029.mp4,6821,227.59426092759426,29.97,1344,1,traffic_lights,0.8924534320831299,900.8915405273438,636.9526977539062,924.9747314453125,702.4261474609375,912.9331359863281,669.6894226074219,24.08319091796875,65.47344970703125
IMG_0029.mp4,6821,227.59426092759426,29.97,1326,1,traffic_lights,0.8990280032157898,1061.7138671875,389.162841796875,1095.021728515625,455.74505615234375,1078.3677978515625,422.4539489746094,33.307861328125,66.58221435546875
IMG_0029.mp4,6821,227.59426092759426,29.97,1347,2,traffic_signs,0.9227480292320251,822.7275390625,629.0108642578125,881.7974243164062,719.4796752929688,852.2624816894531,674.2452697753906,59.06988525390625,90.46881103515625
IMG_0029.mp4,6821,227.59426092759426,29.97,1507,2,traffic_signs,0.3865923285484314,1153.2955322265625,738.186279296875,1161.1737060546875,754.8338012695312,1157.234619140625,746.5100402832031,7.878173828125,16.64752197265625
IMG_0029.mp4,6821,227.59426092759426,29.97,1511,2,traffic_signs,0.29009419679641724,613.5732421875,738.9938354492188,625.5769653320312,750.5106201171875,619.5751037597656,744.7522277832031,12.00372314453125,11.51678466796875
IMG_0029.mp4,6822,227.62762762762765,29.97,1318,2,traffic_signs,0.8523781299591064,1431.6949462890625,584.6515502929688,1483.8621826171875,634.7360229492188,1457.778564453125,609.6937866210938,52.167236328125,50.08447265625
IMG_0029.mp4,6822,227.62762762762765,29.97,1344,1,traffic_lights,0.9121959805488586,898.965576171875,635.9124755859375,923.1326293945312,701.3886108398438,911.0491027832031,668.6505432128906,24.16705322265625,65.47613525390625
IMG_0029.mp4,6822,227.62762762762765,29.97,1326,1,traffic_lights,0.8968024849891663,1060.7972412109375,386.0191650390625,1094.51171875,453.2690734863281,1077.6544799804688,419.6441192626953,33.7144775390625,67.24990844726562
IMG_0029.mp4,6822,227.62762762762765,29.97,1347,2,traffic_signs,0.9324641823768616,819.8124389648438,627.7949829101562,877.9631958007812,718.8668823242188,848.8878173828125,673.3309326171875,58.1507568359375,91.0718994140625
IMG_0029.mp4,6822,227.62762762762765,29.97,1507,2,traffic_signs,0.36907944083213806,1153.4925537109375,738.2965087890625,1161.427001953125,755.0492553710938,1157.4597778320312,746.6728820800781,7.9344482421875,16.75274658203125
IMG_0029.mp4,6822,227.62762762762765,29.97,1511,2,traffic_signs,0.25338053703308105,612.783935546875,739.1094360351562,624.7572021484375,750.272216796875,618.7705688476562,744.6908264160156,11.9732666015625,11.16278076171875
IMG_0029.mp4,6823,227.660994327661,29.97,1318,2,traffic_signs,0.8452847003936768,1433.496826171875,582.6403198242188,1486.7713623046875,632.8612670898438,1460.1340942382812,607.7507934570312,53.2745361328125,50.220947265625
IMG_0029.mp4,6823,227.660994327661,29.97,1344,1,traffic_lights,0.8977422714233398,897.5274047851562,634.90966796875,921.6197509765625,700.6807250976562,909.5735778808594,667.7951965332031,24.09234619140625,65.77105712890625
IMG_0029.mp4,6823,227.660994327661,29.97,1326,1,traffic_lights,0.7690669298171997,1060.240478515625,382.9333190917969,1093.81201171875,450.00567626953125,1077.0262451171875,416.46949768066406,33.571533203125,67.07235717773438
IMG_0029.mp4,6823,227.660994327661,29.97,1347,2,traffic_signs,0.9341453313827515,816.0663452148438,626.5513305664062,874.9173583984375,717.7734375,845.4918518066406,672.1623840332031,58.85101318359375,91.22210693359375
IMG_0029.mp4,6823,227.660994327661,29.97,1507,2,traffic_signs,0.3690263330936432,1153.8822021484375,737.9220581054688,1161.74169921875,754.9351196289062,1157.8119506835938,746.4285888671875,7.8594970703125,17.0130615234375
IMG_0029.mp4,6824,227.69436102769436,29.97,1318,2,traffic_signs,0.8649443984031677,1435.9688720703125,580.4515380859375,1489.291748046875,631.1144409179688,1462.6303100585938,605.7829895019531,53.3228759765625,50.66290283203125
IMG_0029.mp4,6824,227.69436102769436,29.97,1344,1,traffic_lights,0.8971888422966003,896.6582641601562,633.8707275390625,919.935546875,699.8536376953125,908.2969055175781,666.8621826171875,23.27728271484375,65.98291015625
IMG_0029.mp4,6824,227.69436102769436,29.97,1326,1,traffic_lights,0.8899656534194946,1059.7933349609375,380.3397216796875,1093.764892578125,447.27484130859375,1076.7791137695312,413.8072814941406,33.9715576171875,66.93511962890625
IMG_0029.mp4,6824,227.69436102769436,29.97,1347,2,traffic_signs,0.930962324142456,813.6655883789062,625.5457153320312,872.3485717773438,716.8594970703125,843.007080078125,671.2026062011719,58.6829833984375,91.31378173828125
IMG_0029.mp4,6824,227.69436102769436,29.97,1507,2,traffic_signs,0.2524886131286621,1154.2999267578125,737.4114990234375,1162.0391845703125,754.8029174804688,1158.1695556640625,746.1072082519531,7.7392578125,17.39141845703125
IMG_0029.mp4,6824,227.69436102769436,29.97,1514,2,traffic_signs,0.41965189576148987,1549.6966552734375,601.8797607421875,1621.3314208984375,662.7398681640625,1585.5140380859375,632.309814453125,71.634765625,60.860107421875
IMG_0029.mp4,6825,227.72772772772774,29.97,1318,2,traffic_signs,0.8562654256820679,1438.424560546875,578.3506469726562,1491.785400390625,628.992431640625,1465.10498046875,603.6715393066406,53.36083984375,50.64178466796875
IMG_0029.mp4,6825,227.72772772772774,29.97,1344,1,traffic_lights,0.874782145023346,894.7914428710938,632.4910888671875,918.2463989257812,699.1611938476562,906.5189208984375,665.8261413574219,23.4549560546875,66.67010498046875
IMG_0029.mp4,6825,227.72772772772774,29.97,1326,1,traffic_lights,0.8865616917610168,1058.9652099609375,376.8056335449219,1093.3323974609375,444.8264465332031,1076.1488037109375,410.8160400390625,34.3671875,68.02081298828125
IMG_0029.mp4,6825,227.72772772772774,29.97,1347,2,traffic_signs,0.9272881150245667,811.5950317382812,624.2568359375,869.7105712890625,717.2037353515625,840.6528015136719,670.7302856445312,58.11553955078125,92.9468994140625
IMG_0029.mp4,6825,227.72772772772774,29.97,1514,2,traffic_signs,0.5179634094238281,1553.5872802734375,599.3441162109375,1626.0517578125,660.9296875,1589.8195190429688,630.1369018554688,72.4644775390625,61.5855712890625
IMG_0029.mp4,6825,227.72772772772774,29.97,1325,1,traffic_lights,0.5554015040397644,1444.2884521484375,624.1358642578125,1487.356201171875,700.2272338867188,1465.8223266601562,662.1815490722656,43.0677490234375,76.09136962890625
IMG_0029.mp4,6826,227.7610944277611,29.97,1318,2,traffic_signs,0.8671820163726807,1441.035400390625,576.181640625,1495.1724853515625,627.4467163085938,1468.1039428710938,601.8141784667969,54.1370849609375,51.26507568359375
IMG_0029.mp4,6826,227.7610944277611,29.97,1344,1,traffic_lights,0.8705418109893799,891.8908081054688,630.5300903320312,916.4239501953125,699.2199096679688,904.1573791503906,664.875,24.53314208984375,68.6898193359375
IMG_0029.mp4,6826,227.7610944277611,29.97,1326,1,traffic_lights,0.8894038200378418,1058.115966796875,374.1008605957031,1092.7335205078125,441.9564514160156,1075.4247436523438,408.0286560058594,34.6175537109375,67.8555908203125
IMG_0029.mp4,6826,227.7610944277611,29.97,1347,2,traffic_signs,0.9219558238983154,809.2857055664062,623.0521240234375,867.3911743164062,714.9473266601562,838.3384399414062,668.9997253417969,58.10546875,91.89520263671875
IMG_0029.mp4,6826,227.7610944277611,29.97,1325,1,traffic_lights,0.4119090139865875,1445.872314453125,621.6295166015625,1490.1094970703125,698.6228637695312,1467.9909057617188,660.1261901855469,44.2371826171875,76.99334716796875
IMG_0029.mp4,6827,227.79446112779448,29.97,1318,2,traffic_signs,0.8494902849197388,1443.7142333984375,573.1394653320312,1498.96337890625,626.297119140625,1471.3388061523438,599.7182922363281,55.2491455078125,53.15765380859375
IMG_0029.mp4,6827,227.79446112779448,29.97,1344,1,traffic_lights,0.8957256078720093,889.4853515625,628.5619506835938,915.0044555664062,698.5669555664062,902.2449035644531,663.564453125,25.51910400390625,70.0050048828125
IMG_0029.mp4,6827,227.79446112779448,29.97,1326,1,traffic_lights,0.900406539440155,1057.23876953125,370.90966796875,1092.3135986328125,438.8602600097656,1074.7761840820312,404.8849639892578,35.0748291015625,67.95059204101562
IMG_0029.mp4,6827,227.79446112779448,29.97,1347,2,traffic_signs,0.9187518954277039,806.6016235351562,621.627197265625,866.071044921875,713.8250122070312,836.3363342285156,667.7261047363281,59.46942138671875,92.19781494140625
IMG_0029.mp4,6827,227.79446112779448,29.97,1507,2,traffic_signs,0.29052498936653137,1155.38720703125,736.8737182617188,1162.9610595703125,754.0455322265625,1159.1741333007812,745.4596252441406,7.5738525390625,17.17181396484375
IMG_0029.mp4,6827,227.79446112779448,29.97,1514,2,traffic_signs,0.3322884738445282,1562.5047607421875,594.6190795898438,1635.9254150390625,658.8062744140625,1599.215087890625,626.7126770019531,73.420654296875,64.18719482421875
IMG_0029.mp4,6828,227.82782782782783,29.97,1318,2,traffic_signs,0.8839032053947449,1446.5335693359375,570.4696044921875,1502.4749755859375,623.9142456054688,1474.5042724609375,597.1919250488281,55.94140625,53.44464111328125
IMG_0029.mp4,6828,227.82782782782783,29.97,1344,1,traffic_lights,0.8975121378898621,887.60986328125,626.97265625,913.109375,697.6401977539062,900.359619140625,662.3064270019531,25.49951171875,70.66754150390625
IMG_0029.mp4,6828,227.82782782782783,29.97,1326,1,traffic_lights,0.9091085195541382,1056.847900390625,367.26531982421875,1091.9620361328125,435.91314697265625,1074.4049682617188,401.5892333984375,35.1141357421875,68.6478271484375
IMG_0029.mp4,6828,227.82782782782783,29.97,1347,2,traffic_signs,0.9222502112388611,803.9449462890625,620.4913330078125,864.4261474609375,711.5172729492188,834.185546875,666.0043029785156,60.481201171875,91.02593994140625
IMG_0029.mp4,6828,227.82782782782783,29.97,1514,2,traffic_signs,0.9005322456359863,1567.03662109375,591.4752807617188,1642.1082763671875,656.7197265625,1604.5724487304688,624.0975036621094,75.0716552734375,65.24444580078125
IMG_0029.mp4,6829,227.86119452786122,29.97,1318,2,traffic_signs,0.8516438603401184,1449.3411865234375,568.435302734375,1505.27294921875,621.09912109375,1477.3070678710938,594.7672119140625,55.9317626953125,52.663818359375
IMG_0029.mp4,6829,227.86119452786122,29.97,1344,1,traffic_lights,0.8914463520050049,886.19970703125,626.1078491210938,911.6748046875,696.4031372070312,898.937255859375,661.2554931640625,25.47509765625,70.2952880859375
IMG_0029.mp4,6829,227.86119452786122,29.97,1326,1,traffic_lights,0.9097266793251038,1055.9481201171875,363.36920166015625,1091.1971435546875,433.4932556152344,1073.5726318359375,398.4312286376953,35.2490234375,70.12405395507812
IMG_0029.mp4,6829,227.86119452786122,29.97,1347,2,traffic_signs,0.9308101534843445,801.3292846679688,618.8338623046875,862.3417358398438,711.00390625,831.8355102539062,664.9188842773438,61.012451171875,92.1700439453125
IMG_0029.mp4,6829,227.86119452786122,29.97,1514,2,traffic_signs,0.7636321783065796,1570.4525146484375,589.2337036132812,1647.437255859375,655.7288208007812,1608.9448852539062,622.4812622070312,76.9847412109375,66.4951171875
IMG_0029.mp4,6829,227.86119452786122,29.97,1511,2,traffic_signs,0.37477385997772217,608.68359375,739.3026123046875,620.8583374023438,751.3521728515625,614.7709655761719,745.327392578125,12.17474365234375,12.049560546875
IMG_0029.mp4,6830,227.89456122789457,29.97,1318,2,traffic_signs,0.8439260721206665,1451.90966796875,566.4584350585938,1509.16845703125,619.3016967773438,1480.5390625,592.8800659179688,57.2587890625,52.84326171875
IMG_0029.mp4,6830,227.89456122789457,29.97,1344,1,traffic_lights,0.8927538394927979,884.8482055664062,625.3837890625,909.9484252929688,695.5629272460938,897.3983154296875,660.4733581542969,25.1002197265625,70.17913818359375
IMG_0029.mp4,6830,227.89456122789457,29.97,1326,1,traffic_lights,0.9108846187591553,1055.1302490234375,359.2066650390625,1090.967041015625,429.989013671875,1073.0486450195312,394.59783935546875,35.8367919921875,70.7823486328125
IMG_0029.mp4,6830,227.89456122789457,29.97,1347,2,traffic_signs,0.9444775581359863,798.3433837890625,617.1012573242188,858.3970947265625,709.65234375,828.3702392578125,663.3768005371094,60.0537109375,92.55108642578125
IMG_0029.mp4,6830,227.89456122789457,29.97,1514,2,traffic_signs,0.4164265990257263,1574.7738037109375,586.0576782226562,1653.9879150390625,653.8534545898438,1614.380859375,619.95556640625,79.214111328125,67.7957763671875
IMG_0029.mp4,6830,227.89456122789457,29.97,1511,2,traffic_signs,0.459168940782547,607.82666015625,739.4152221679688,619.9005737304688,751.395751953125,613.8636169433594,745.4054870605469,12.07391357421875,11.98052978515625
IMG_0029.mp4,6831,227.92792792792793,29.97,1318,2,traffic_signs,0.8576669692993164,1455.3863525390625,563.4773559570312,1513.229736328125,616.796875,1484.3080444335938,590.1371154785156,57.8433837890625,53.31951904296875
IMG_0029.mp4,6831,227.92792792792793,29.97,1344,1,traffic_lights,0.890963077545166,883.17333984375,624.5555419921875,907.8599243164062,695.2469482421875,895.5166320800781,659.9012451171875,24.68658447265625,70.69140625
IMG_0029.mp4,6831,227.92792792792793,29.97,1326,1,traffic_lights,0.9211862087249756,1054.251220703125,355.43890380859375,1091.1201171875,426.52471923828125,1072.6856689453125,390.9818115234375,36.868896484375,71.0858154296875
IMG_0029.mp4,6831,227.92792792792793,29.97,1347,2,traffic_signs,0.9325436949729919,795.1889038085938,614.5404663085938,855.4393310546875,708.8619384765625,825.3141174316406,661.7012023925781,60.25042724609375,94.32147216796875
IMG_0029.mp4,6831,227.92792792792793,29.97,1514,2,traffic_signs,0.3263055086135864,1580.220947265625,583.8555908203125,1659.8433837890625,650.89453125,1620.0321655273438,617.3750610351562,79.6224365234375,67.0389404296875
IMG_0029.mp4,6831,227.92792792792793,29.97,1511,2,traffic_signs,0.4415118992328644,607.1765747070312,739.454833984375,619.1915283203125,751.500244140625,613.1840515136719,745.4775390625,12.01495361328125,12.04541015625
IMG_0029.mp4,6832,227.9612946279613,29.97,1318,2,traffic_signs,0.8907796144485474,1459.3035888671875,561.3516235351562,1516.6932373046875,615.309814453125,1487.9984130859375,588.3307189941406,57.3896484375,53.95819091796875
IMG_0029.mp4,6832,227.9612946279613,29.97,1344,1,traffic_lights,0.6618592739105225,881.0878295898438,621.8494262695312,906.1611938476562,693.5823974609375,893.62451171875,657.7159118652344,25.0733642578125,71.73297119140625
IMG_0029.mp4,6832,227.9612946279613,29.97,1326,1,traffic_lights,0.9064837694168091,1053.955322265625,351.58697509765625,1090.924560546875,423.2476806640625,1072.43994140625,387.4173278808594,36.96923828125,71.66070556640625
IMG_0029.mp4,6832,227.9612946279613,29.97,1347,2,traffic_signs,0.9297763705253601,791.8720092773438,612.68896484375,852.97607421875,707.5880126953125,822.4240417480469,660.1384887695312,61.10406494140625,94.8990478515625
IMG_0029.mp4,6832,227.9612946279613,29.97,1514,2,traffic_signs,0.6199540495872498,1585.5604248046875,580.8446044921875,1666.1976318359375,648.7763061523438,1625.8790283203125,614.8104553222656,80.63720703125,67.93170166015625
IMG_0029.mp4,6832,227.9612946279613,29.97,1511,2,traffic_signs,0.47710591554641724,607.294189453125,739.372314453125,619.0247192382812,751.6284790039062,613.1594543457031,745.5003967285156,11.73052978515625,12.25616455078125
IMG_0029.mp4,6833,227.99466132799466,29.97,1318,2,traffic_signs,0.8524968028068542,1462.1065673828125,558.753173828125,1520.9168701171875,614.1226806640625,1491.51171875,586.4379272460938,58.810302734375,55.3695068359375
IMG_0029.mp4,6833,227.99466132799466,29.97,1344,1,traffic_lights,0.8868164420127869,878.5120239257812,619.862060546875,905.0791015625,691.8359985351562,891.7955627441406,655.8490295410156,26.56707763671875,71.97393798828125
IMG_0029.mp4,6833,227.99466132799466,29.97,1326,1,traffic_lights,0.9158990979194641,1053.60009765625,347.78021240234375,1090.5384521484375,420.0017395019531,1072.0692749023438,383.89097595214844,36.9383544921875,72.22152709960938
IMG_0029.mp4,6833,227.99466132799466,29.97,1347,2,traffic_signs,0.9331141114234924,788.8156127929688,611.3059692382812,849.7447509765625,707.2525634765625,819.2801818847656,659.2792663574219,60.92913818359375,95.94659423828125
IMG_0029.mp4,6833,227.99466132799466,29.97,1514,2,traffic_signs,0.850260853767395,1590.16552734375,578.1002197265625,1672.3111572265625,646.54833984375,1631.2383422851562,612.3242797851562,82.1456298828125,68.4481201171875
IMG_0029.mp4,6833,227.99466132799466,29.97,1511,2,traffic_signs,0.3993757963180542,607.093017578125,739.3828735351562,618.8755493164062,751.6998291015625,612.9842834472656,745.5413513183594,11.78253173828125,12.31695556640625
IMG_0029.mp4,6834,228.02802802802805,29.97,1318,2,traffic_signs,0.8704036474227905,1464.93994140625,556.1359252929688,1525.137939453125,611.310546875,1495.0389404296875,583.7232360839844,60.197998046875,55.17462158203125
IMG_0029.mp4,6834,228.02802802802805,29.97,1344,1,traffic_lights,0.8892583847045898,875.9899291992188,617.3745727539062,902.842041015625,689.28076171875,889.4159851074219,653.3276672363281,26.85211181640625,71.90618896484375
IMG_0029.mp4,6834,228.02802802802805,29.97,1326,1,traffic_lights,0.9135519862174988,1053.0804443359375,344.637939453125,1090.475341796875,416.7062072753906,1071.7778930664062,380.6720733642578,37.3948974609375,72.06826782226562
IMG_0029.mp4,6834,228.02802802802805,29.97,1347,2,traffic_signs,0.9407514333724976,785.466064453125,609.4939575195312,845.8876342773438,706.275634765625,815.6768493652344,657.8847961425781,60.42156982421875,96.78167724609375
IMG_0029.mp4,6834,228.02802802802805,29.97,1514,2,traffic_signs,0.8006500005722046,1594.8311767578125,574.7821655273438,1678.6424560546875,644.529541015625,1636.73681640625,609.6558532714844,83.811279296875,69.74737548828125
IMG_0029.mp4,6834,228.02802802802805,29.97,1511,2,traffic_signs,0.4134322702884674,606.8908081054688,739.2791748046875,618.7330932617188,751.6973876953125,612.8119506835938,745.48828125,11.84228515625,12.418212890625
IMG_0029.mp4,6835,228.0613947280614,29.97,1318,2,traffic_signs,0.8728803396224976,1467.941162109375,553.493408203125,1528.9444580078125,608.3364868164062,1498.4428100585938,580.9149475097656,61.0032958984375,54.84307861328125
IMG_0029.mp4,6835,228.0613947280614,29.97,1344,1,traffic_lights,0.8679744601249695,873.48583984375,615.2725219726562,900.6165161132812,687.3969116210938,887.0511779785156,651.334716796875,27.13067626953125,72.1243896484375
IMG_0029.mp4,6835,228.0613947280614,29.97,1326,1,traffic_lights,0.9321946501731873,1052.12744140625,339.8028869628906,1090.014892578125,412.962646484375,1071.0711669921875,376.3827667236328,37.887451171875,73.15975952148438
IMG_0029.mp4,6835,228.0613947280614,29.97,1347,2,traffic_signs,0.935940146446228,782.3416137695312,607.9671630859375,843.8034057617188,704.9461669921875,813.072509765625,656.4566650390625,61.4617919921875,96.97900390625
IMG_0029.mp4,6835,228.0613947280614,29.97,1511,2,traffic_signs,0.37339362502098083,606.7509155273438,739.22119140625,618.6307373046875,751.843017578125,612.6908264160156,745.5321044921875,11.87982177734375,12.621826171875
IMG_0029.mp4,6836,228.09476142809476,29.97,1318,2,traffic_signs,0.8594346046447754,1471.862548828125,550.771728515625,1533.474853515625,605.3724365234375,1502.668701171875,578.0720825195312,61.6123046875,54.6007080078125
IMG_0029.mp4,6836,228.09476142809476,29.97,1344,1,traffic_lights,0.8494689464569092,871.9120483398438,613.2562866210938,899.212646484375,686.4185180664062,885.5623474121094,649.83740234375,27.30059814453125,73.1622314453125
IMG_0029.mp4,6836,228.09476142809476,29.97,1326,1,traffic_lights,0.9192381501197815,1051.6015625,335.4996643066406,1089.753173828125,409.2694396972656,1070.6773681640625,372.3845520019531,38.151611328125,73.769775390625
IMG_0029.mp4,6836,228.09476142809476,29.97,1347,2,traffic_signs,0.676913857460022,779.8138427734375,606.3488159179688,841.0696411132812,704.21533203125,810.4417419433594,655.2820739746094,61.25579833984375,97.86651611328125
IMG_0029.mp4,6836,228.09476142809476,29.97,1511,2,traffic_signs,0.31347447633743286,606.74169921875,739.2715454101562,618.4630737304688,752.0374755859375,612.6023864746094,745.6545104980469,11.72137451171875,12.76593017578125
IMG_0029.mp4,6836,228.09476142809476,29.97,1325,1,traffic_lights,0.34808292984962463,1484.2261962890625,602.7959594726562,1527.1881103515625,681.79541015625,1505.7071533203125,642.2956848144531,42.9619140625,78.99945068359375
IMG_0029.mp4,6837,228.12812812812814,29.97,1318,2,traffic_signs,0.7789039611816406,1475.1783447265625,547.5032958984375,1538.107666015625,603.2778930664062,1506.6430053710938,575.3905944824219,62.9293212890625,55.77459716796875
IMG_0029.mp4,6837,228.12812812812814,29.97,1344,1,traffic_lights,0.7888725399971008,868.7291259765625,611.4044799804688,897.5576782226562,687.0339965820312,883.1434020996094,649.21923828125,28.82855224609375,75.6295166015625
IMG_0029.mp4,6837,228.12812812812814,29.97,1326,1,traffic_lights,0.8974769711494446,1050.8779296875,331.81610107421875,1089.4510498046875,405.5060729980469,1070.1644897460938,368.6610870361328,38.5731201171875,73.68997192382812
IMG_0029.mp4,6837,228.12812812812814,29.97,1347,2,traffic_signs,0.9318740367889404,776.2613525390625,604.3822021484375,837.8873901367188,702.7493286132812,807.0743713378906,653.5657653808594,61.62603759765625,98.36712646484375
IMG_0029.mp4,6838,228.1614948281615,29.97,1318,2,traffic_signs,0.7368936538696289,1478.4989013671875,544.1704711914062,1542.66357421875,601.0877685546875,1510.5812377929688,572.6291198730469,64.1646728515625,56.91729736328125
IMG_0029.mp4,6838,228.1614948281615,29.97,1344,1,traffic_lights,0.8043487668037415,865.853759765625,608.8734741210938,895.0951538085938,688.0278930664062,880.4744567871094,648.45068359375,29.24139404296875,79.1544189453125
IMG_0029.mp4,6838,228.1614948281615,29.97,1326,1,traffic_lights,0.8591489195823669,1048.53369140625,327.3103332519531,1089.7938232421875,401.80078125,1069.1637573242188,364.55555725097656,41.2601318359375,74.49044799804688
IMG_0029.mp4,6838,228.1614948281615,29.97,1347,2,traffic_signs,0.9243873357772827,772.6201171875,602.0253295898438,832.8269653320312,700.1669921875,802.7235412597656,651.0961608886719,60.20684814453125,98.14166259765625
IMG_0029.mp4,6838,228.1614948281615,29.97,1511,2,traffic_signs,0.26082664728164673,606.4791870117188,739.6830444335938,617.8363037109375,751.8383178710938,612.1577453613281,745.7606811523438,11.35711669921875,12.1552734375
IMG_0029.mp4,6839,228.19486152819488,29.97,1318,2,traffic_signs,0.8355365991592407,1483.38427734375,541.2816772460938,1547.8758544921875,598.0961303710938,1515.6300659179688,569.6889038085938,64.4915771484375,56.814453125
IMG_0029.mp4,6839,228.19486152819488,29.97,1344,1,traffic_lights,0.8689141273498535,863.7609252929688,607.7824096679688,892.5427856445312,687.1655883789062,878.15185546875,647.4739990234375,28.7818603515625,79.3831787109375
IMG_0029.mp4,6839,228.19486152819488,29.97,1326,1,traffic_lights,0.8532178401947021,1048.337890625,322.0765075683594,1089.1826171875,398.0662536621094,1068.76025390625,360.0713806152344,40.8447265625,75.98974609375
IMG_0029.mp4,6839,228.19486152819488,29.97,1347,2,traffic_signs,0.9293588995933533,768.4088134765625,599.6027221679688,828.7496337890625,699.0711059570312,798.5792236328125,649.3369140625,60.3408203125,99.4683837890625
IMG_0029.mp4,6839,228.19486152819488,29.97,1511,2,traffic_signs,0.3461606502532959,606.1237182617188,739.9163208007812,617.4630126953125,751.4828491210938,611.7933654785156,745.6995849609375,11.33929443359375,11.5665283203125
IMG_0029.mp4,6840,228.22822822822823,29.97,1318,2,traffic_signs,0.7415903210639954,1487.69189453125,537.9893188476562,1552.023193359375,594.6795043945312,1519.8575439453125,566.3344116210938,64.331298828125,56.690185546875
IMG_0029.mp4,6840,228.22822822822823,29.97,1326,1,traffic_lights,0.433551162481308,1046.8341064453125,316.9178771972656,1088.6494140625,395.1474304199219,1067.7417602539062,356.03265380859375,41.8153076171875,78.22955322265625
IMG_0029.mp4,6840,228.22822822822823,29.97,1347,2,traffic_signs,0.9334211945533752,765.3170166015625,597.4890747070312,826.136962890625,698.637939453125,795.7269897460938,648.0635070800781,60.8199462890625,101.14886474609375
IMG_0029.mp4,6840,228.22822822822823,29.97,1511,2,traffic_signs,0.4881530702114105,605.865478515625,740.27880859375,616.9657592773438,751.4179077148438,611.4156188964844,745.8483581542969,11.10028076171875,11.13909912109375
IMG_0029.mp4,6840,228.22822822822823,29.97,1325,1,traffic_lights,0.36377421021461487,1502.716064453125,588.5318603515625,1546.81201171875,677.3694458007812,1524.7640380859375,632.9506530761719,44.095947265625,88.83758544921875
IMG_0029.mp4,6841,228.26159492826162,29.97,1318,2,traffic_signs,0.7345128059387207,1492.6041259765625,534.5349731445312,1557.5947265625,590.8176879882812,1525.0994262695312,562.6763305664062,64.9906005859375,56.28271484375
IMG_0029.mp4,6841,228.26159492826162,29.97,1326,1,traffic_lights,0.8208903670310974,1045.8707275390625,311.1425476074219,1088.5838623046875,390.8658447265625,1067.227294921875,351.0041961669922,42.713134765625,79.72329711914062
IMG_0029.mp4,6841,228.26159492826162,29.97,1347,2,traffic_signs,0.9274393320083618,761.56298828125,595.1380004882812,822.3490600585938,698.6314697265625,791.9560241699219,646.8847351074219,60.78607177734375,103.49346923828125
IMG_0029.mp4,6841,228.26159492826162,29.97,1511,2,traffic_signs,0.5319412350654602,605.54345703125,740.3773803710938,616.5577392578125,751.3630981445312,611.0505981445312,745.8702392578125,11.0142822265625,10.9857177734375
IMG_0029.mp4,6841,228.26159492826162,29.97,1344,1,traffic_lights,0.7553173899650574,858.2713012695312,599.241455078125,887.8611450195312,683.4463500976562,873.0662231445312,641.3439025878906,29.58984375,84.20489501953125
IMG_0029.mp4,6842,228.29496162829497,29.97,1318,2,traffic_signs,0.818747878074646,1496.7467041015625,531.0078125,1562.47802734375,587.09326171875,1529.6123657226562,559.050537109375,65.7313232421875,56.08544921875
IMG_0029.mp4,6842,228.29496162829497,29.97,1326,1,traffic_lights,0.8552966713905334,1045.1317138671875,305.13568115234375,1088.211181640625,385.97613525390625,1066.6714477539062,345.555908203125,43.0794677734375,80.8404541015625
IMG_0029.mp4,6842,228.29496162829497,29.97,1347,2,traffic_signs,0.9245673418045044,758.077392578125,592.954345703125,820.624755859375,697.7700805664062,789.35107421875,645.3622131347656,62.54736328125,104.81573486328125
IMG_0029.mp4,6842,228.29496162829497,29.97,1511,2,traffic_signs,0.6004705429077148,605.4382934570312,740.3579711914062,616.2732543945312,751.5276489257812,610.8557739257812,745.9428100585938,10.8349609375,11.169677734375
IMG_0029.mp4,6842,228.29496162829497,29.97,1344,1,traffic_lights,0.7924206852912903,855.0977783203125,597.5789794921875,885.6571655273438,680.9105224609375,870.3774719238281,639.2447509765625,30.55938720703125,83.33154296875
IMG_0029.mp4,6843,228.32832832832833,29.97,1318,2,traffic_signs,0.8141998052597046,1502.299560546875,527.5083618164062,1568.61083984375,584.2393188476562,1535.4552001953125,555.8738403320312,66.311279296875,56.73095703125
IMG_0029.mp4,6843,228.32832832832833,29.97,1326,1,traffic_lights,0.9037216305732727,1044.572998046875,300.3262023925781,1087.9295654296875,382.1848449707031,1066.2512817382812,341.2555236816406,43.3565673828125,81.858642578125
IMG_0029.mp4,6843,228.32832832832833,29.97,1347,2,traffic_signs,0.9249324202537537,754.5487670898438,590.2188720703125,816.5387573242188,697.4746704101562,785.5437622070312,643.8467712402344,61.989990234375,107.25579833984375
IMG_0029.mp4,6843,228.32832832832833,29.97,1511,2,traffic_signs,0.6204100847244263,605.306640625,740.3966674804688,616.0361938476562,751.724609375,610.6714172363281,746.0606384277344,10.72955322265625,11.32794189453125
IMG_0029.mp4,6843,228.32832832832833,29.97,1344,1,traffic_lights,0.8128840923309326,852.6047973632812,597.0043334960938,882.8558349609375,679.2387084960938,867.7303161621094,638.1215209960938,30.25103759765625,82.234375
IMG_0029.mp4,6844,228.3616950283617,29.97,1318,2,traffic_signs,0.8559394478797913,1507.9605712890625,523.8717651367188,1574.732666015625,579.8078002929688,1541.3466186523438,551.8397827148438,66.7720947265625,55.93603515625
IMG_0029.mp4,6844,228.3616950283617,29.97,1326,1,traffic_lights,0.9117555618286133,1043.947021484375,295.2464294433594,1087.6578369140625,377.51837158203125,1065.8024291992188,336.3824005126953,43.7108154296875,82.27194213867188
IMG_0029.mp4,6844,228.3616950283617,29.97,1347,2,traffic_signs,0.9500948786735535,750.4075927734375,587.0250854492188,810.5409545898438,694.215087890625,780.4742736816406,640.6200866699219,60.13336181640625,107.19000244140625
IMG_0029.mp4,6844,228.3616950283617,29.97,1511,2,traffic_signs,0.653788149356842,605.1795654296875,740.398681640625,615.9468383789062,751.568603515625,610.5632019042969,745.983642578125,10.76727294921875,11.169921875
IMG_0029.mp4,6844,228.3616950283617,29.97,1344,1,traffic_lights,0.833130955696106,849.8245239257812,594.9647216796875,880.5494995117188,678.7122802734375,865.18701171875,636.8385009765625,30.7249755859375,83.74755859375
IMG_0029.mp4,6845,228.39506172839506,29.97,1318,2,traffic_signs,0.727624237537384,1512.4149169921875,519.7429809570312,1579.799072265625,576.0276489257812,1546.1069946289062,547.8853149414062,67.3841552734375,56.28466796875
IMG_0029.mp4,6845,228.39506172839506,29.97,1326,1,traffic_lights,0.8608196973800659,1043.67724609375,289.7407531738281,1087.1297607421875,372.45361328125,1065.4035034179688,331.09718322753906,43.4525146484375,82.71286010742188
IMG_0029.mp4,6845,228.39506172839506,29.97,1347,2,traffic_signs,0.9335881471633911,746.1378173828125,584.7550048828125,807.088623046875,690.8871459960938,776.6132202148438,637.8210754394531,60.9508056640625,106.13214111328125
IMG_0029.mp4,6845,228.39506172839506,29.97,1511,2,traffic_signs,0.6724795699119568,605.1879272460938,740.378173828125,615.9882202148438,751.595458984375,610.5880737304688,745.98681640625,10.80029296875,11.21728515625
IMG_0029.mp4,6845,228.39506172839506,29.97,1344,1,traffic_lights,0.8420329093933105,846.768310546875,592.4373168945312,878.6542358398438,677.0939331054688,862.7112731933594,634.765625,31.88592529296875,84.6566162109375
IMG_0029.mp4,6845,228.39506172839506,29.97,1325,1,traffic_lights,0.6189664602279663,1533.2838134765625,578.8326416015625,1614.26806640625,665.4263916015625,1573.7759399414062,622.1295166015625,80.9842529296875,86.59375
IMG_0029.mp4,6846,228.42842842842845,29.97,1318,2,traffic_signs,0.820989727973938,1516.9351806640625,516.172607421875,1586.1734619140625,573.9800415039062,1551.5543212890625,545.0763244628906,69.23828125,57.80743408203125
IMG_0029.mp4,6846,228.42842842842845,29.97,1326,1,traffic_lights,0.8786386847496033,1043.1429443359375,283.9451599121094,1086.94287109375,367.9326477050781,1065.0429077148438,325.93890380859375,43.7999267578125,83.98748779296875
IMG_0029.mp4,6846,228.42842842842845,29.97,1347,2,traffic_signs,0.9457595348358154,742.713134765625,583.1256103515625,802.6939697265625,688.7185668945312,772.7035522460938,635.9220886230469,59.9808349609375,105.59295654296875
IMG_0029.mp4,6846,228.42842842842845,29.97,1511,2,traffic_signs,0.708131730556488,604.85791015625,740.5631103515625,615.8681640625,751.6176147460938,610.363037109375,746.0903625488281,11.01025390625,11.05450439453125
IMG_0029.mp4,6846,228.42842842842845,29.97,1344,1,traffic_lights,0.7948120832443237,844.2098388671875,591.0394897460938,876.2147827148438,676.1206665039062,860.2123107910156,633.580078125,32.00494384765625,85.0811767578125
IMG_0029.mp4,6847,228.4617951284618,29.97,1318,2,traffic_signs,0.7480564117431641,1522.020751953125,512.6270141601562,1592.16357421875,569.9862060546875,1557.0921630859375,541.3066101074219,70.142822265625,57.35919189453125
IMG_0029.mp4,6847,228.4617951284618,29.97,1326,1,traffic_lights,0.7767494916915894,1042.318115234375,278.1734619140625,1086.2689208984375,362.3327941894531,1064.2935180664062,320.2531280517578,43.9508056640625,84.15933227539062
IMG_0029.mp4,6847,228.4617951284618,29.97,1347,2,traffic_signs,0.9383528232574463,737.4597778320312,580.5198364257812,798.6754760742188,686.3231201171875,768.067626953125,633.4214782714844,61.2156982421875,105.80328369140625
IMG_0029.mp4,6847,228.4617951284618,29.97,1511,2,traffic_signs,0.7063795924186707,604.2466430664062,740.5501098632812,615.8079223632812,751.4788208007812,610.0272827148438,746.0144653320312,11.561279296875,10.9287109375
IMG_0029.mp4,6847,228.4617951284618,29.97,1344,1,traffic_lights,0.3568604588508606,840.8316650390625,587.3057250976562,873.2381591796875,676.4237060546875,857.034912109375,631.8647155761719,32.406494140625,89.11798095703125
IMG_0029.mp4,6847,228.4617951284618,29.97,1325,1,traffic_lights,0.5062472820281982,1544.5533447265625,568.6673583984375,1629.0379638671875,661.1184692382812,1586.795654296875,614.8929138183594,84.484619140625,92.45111083984375
IMG_0029.mp4,6848,228.49516182849516,29.97,1318,2,traffic_signs,0.6002023220062256,1527.95947265625,511.5828552246094,1597.722900390625,566.87548828125,1562.8411865234375,539.2291717529297,69.763427734375,55.292633056640625
IMG_0029.mp4,6848,228.49516182849516,29.97,1326,1,traffic_lights,0.5404755473136902,1041.6884765625,273.0977478027344,1085.849609375,357.9439697265625,1063.76904296875,315.52085876464844,44.1611328125,84.84622192382812
IMG_0029.mp4,6848,228.49516182849516,29.97,1347,2,traffic_signs,0.9356461763381958,733.6490478515625,578.2855224609375,793.4999389648438,684.4132690429688,763.5744934082031,631.3493957519531,59.85089111328125,106.12774658203125
IMG_0029.mp4,6848,228.49516182849516,29.97,1511,2,traffic_signs,0.6832502484321594,604.3714599609375,740.4957275390625,616.0607299804688,751.4783935546875,610.2160949707031,745.987060546875,11.68927001953125,10.982666015625
IMG_0029.mp4,6848,228.49516182849516,29.97,1344,1,traffic_lights,0.5396950244903564,837.7244873046875,587.1211547851562,870.224365234375,675.436279296875,853.9744262695312,631.2787170410156,32.4998779296875,88.31512451171875
IMG_0029.mp4,6848,228.49516182849516,29.97,1325,1,traffic_lights,0.8854697346687317,1555.233154296875,567.29931640625,1638.3692626953125,658.8716430664062,1596.8012084960938,613.0854797363281,83.1361083984375,91.57232666015625
IMG_0029.mp4,6849,228.52852852852854,29.97,1318,2,traffic_signs,0.6689472198486328,1533.3455810546875,511.3267517089844,1604.2037353515625,563.1107788085938,1568.774658203125,537.2187652587891,70.858154296875,51.784027099609375
IMG_0029.mp4,6849,228.52852852852854,29.97,1326,1,traffic_lights,0.8477250337600708,1040.6173095703125,267.1091003417969,1085.2032470703125,352.9892272949219,1062.9102783203125,310.0491638183594,44.5859375,85.880126953125
IMG_0029.mp4,6849,228.52852852852854,29.97,1347,2,traffic_signs,0.940960168838501,728.643798828125,575.4781494140625,787.8561401367188,683.4588623046875,758.2499694824219,629.468505859375,59.21234130859375,107.980712890625
IMG_0029.mp4,6849,228.52852852852854,29.97,1511,2,traffic_signs,0.6757742166519165,604.1970825195312,740.4766235351562,616.0513916015625,751.7680053710938,610.1242370605469,746.122314453125,11.85430908203125,11.2913818359375
IMG_0029.mp4,6849,228.52852852852854,29.97,1344,1,traffic_lights,0.3345514237880707,834.9697265625,583.522705078125,868.106201171875,674.546142578125,851.5379638671875,629.034423828125,33.136474609375,91.0234375
IMG_0029.mp4,6849,228.52852852852854,29.97,1325,1,traffic_lights,0.9114254713058472,1563.6737060546875,564.2337646484375,1646.8238525390625,657.641845703125,1605.248779296875,610.9378051757812,83.150146484375,93.4080810546875
IMG_0029.mp4,6850,228.5618952285619,29.97,1326,1,traffic_lights,0.5406816005706787,1040.64697265625,260.3660583496094,1085.2105712890625,347.73651123046875,1062.9287719726562,304.05128479003906,44.5635986328125,87.37045288085938
IMG_0029.mp4,6850,228.5618952285619,29.97,1347,2,traffic_signs,0.9289619326591492,724.6209716796875,572.7244262695312,783.8229370117188,682.138671875,754.2219543457031,627.4315490722656,59.20196533203125,109.41424560546875
IMG_0029.mp4,6850,228.5618952285619,29.97,1511,2,traffic_signs,0.6689429879188538,604.3721923828125,740.5922241210938,616.0018920898438,751.94580078125,610.1870422363281,746.2690124511719,11.62969970703125,11.35357666015625
IMG_0029.mp4,6850,228.5618952285619,29.97,1344,1,traffic_lights,0.8854396343231201,832.5355224609375,580.090576171875,866.6390991210938,673.33056640625,849.5873107910156,626.7105712890625,34.10357666015625,93.239990234375
IMG_0029.mp4,6851,228.59526192859528,29.97,1326,1,traffic_lights,0.5290610790252686,1038.9461669921875,254.3020477294922,1084.9906005859375,343.1525573730469,1061.9683837890625,298.72730255126953,46.04443359375,88.85050964355469
IMG_0029.mp4,6851,228.59526192859528,29.97,1347,2,traffic_signs,0.9247536659240723,719.6071166992188,570.7417602539062,778.1851196289062,680.2897338867188,748.8961181640625,625.5157470703125,58.5780029296875,109.5479736328125
IMG_0029.mp4,6851,228.59526192859528,29.97,1511,2,traffic_signs,0.6960095763206482,604.4219970703125,740.8082275390625,615.9990234375,752.2241821289062,610.2105102539062,746.5162048339844,11.5770263671875,11.41595458984375
IMG_0029.mp4,6851,228.59526192859528,29.97,1344,1,traffic_lights,0.6878216862678528,828.8886108398438,575.7523193359375,864.0783081054688,672.2825317382812,846.4834594726562,624.0174255371094,35.189697265625,96.53021240234375
IMG_0029.mp4,6852,228.62862862862863,29.97,1326,1,traffic_lights,0.5814571976661682,1039.3851318359375,248.65936279296875,1085.6156005859375,337.1470642089844,1062.5003662109375,292.90321350097656,46.23046875,88.48770141601562
IMG_0029.mp4,6852,228.62862862862863,29.97,1347,2,traffic_signs,0.927919864654541,714.24072265625,568.1226806640625,774.9512939453125,679.2545166015625,744.5960083007812,623.6885986328125,60.7105712890625,111.1318359375
IMG_0029.mp4,6852,228.62862862862863,29.97,1511,2,traffic_signs,0.6954168081283569,604.1436157226562,741.0217895507812,616.01318359375,752.3516235351562,610.0783996582031,746.6867065429688,11.86956787109375,11.329833984375
IMG_0029.mp4,6852,228.62862862862863,29.97,1344,1,traffic_lights,0.6501384973526001,824.982177734375,571.3078002929688,859.836181640625,668.96484375,842.4091796875,620.1363220214844,34.85400390625,97.65704345703125
IMG_0029.mp4,6853,228.66199532866202,29.97,1326,1,traffic_lights,0.7264942526817322,1037.743896484375,242.0094451904297,1085.2086181640625,331.4320068359375,1061.4762573242188,286.7207260131836,47.4647216796875,89.42256164550781
IMG_0029.mp4,6853,228.66199532866202,29.97,1347,2,traffic_signs,0.9212313890457153,709.4039306640625,564.7980346679688,772.02734375,678.8271484375,740.7156372070312,621.8125915527344,62.6234130859375,114.02911376953125
IMG_0029.mp4,6853,228.66199532866202,29.97,1511,2,traffic_signs,0.6462640166282654,603.8369140625,740.9891967773438,616.0841064453125,752.447021484375,609.9605102539062,746.7181091308594,12.2471923828125,11.45782470703125
IMG_0029.mp4,6853,228.66199532866202,29.97,1344,1,traffic_lights,0.8240107893943787,821.2390747070312,568.1477661132812,857.717529296875,666.3287963867188,839.4783020019531,617.23828125,36.47845458984375,98.1810302734375
IMG_0029.mp4,6854,228.69536202869537,29.97,1326,1,traffic_lights,0.847596287727356,1036.643310546875,234.70252990722656,1085.354736328125,325.7286071777344,1060.9990234375,280.21556854248047,48.71142578125,91.02607727050781
IMG_0029.mp4,6854,228.69536202869537,29.97,1347,2,traffic_signs,0.9386906623840332,703.9856567382812,561.6005859375,765.8043212890625,677.5791015625,734.8949890136719,619.58984375,61.81866455078125,115.978515625
IMG_0029.mp4,6854,228.69536202869537,29.97,1511,2,traffic_signs,0.6630231738090515,604.0283203125,741.05322265625,615.9259033203125,752.2081909179688,609.9771118164062,746.6307067871094,11.8975830078125,11.15496826171875
IMG_0029.mp4,6854,228.69536202869537,29.97,1344,1,traffic_lights,0.5637127161026001,818.38037109375,565.3318481445312,853.6286010742188,665.4827270507812,836.0044860839844,615.4072875976562,35.24822998046875,100.15087890625
IMG_0029.mp4,6854,228.69536202869537,29.97,1325,1,traffic_lights,0.47717681527137756,1586.69677734375,537.3948364257812,1699.71484375,648.9284057617188,1643.205810546875,593.16162109375,113.01806640625,111.5335693359375
IMG_0029.mp4,6855,228.72872872872873,29.97,1326,1,traffic_lights,0.6779489517211914,1036.12890625,227.56097412109375,1085.6065673828125,319.4941711425781,1060.8677368164062,273.52757263183594,49.4776611328125,91.93319702148438
IMG_0029.mp4,6855,228.72872872872873,29.97,1347,2,traffic_signs,0.9304805397987366,698.3026733398438,558.9189453125,757.1592407226562,678.6785278320312,727.73095703125,618.7987365722656,58.8565673828125,119.75958251953125
IMG_0029.mp4,6855,228.72872872872873,29.97,1511,2,traffic_signs,0.5954056978225708,604.3002319335938,741.2530517578125,616.2390747070312,752.235595703125,610.2696533203125,746.7443237304688,11.9388427734375,10.9825439453125
IMG_0029.mp4,6855,228.72872872872873,29.97,1344,1,traffic_lights,0.6511157155036926,815.0775756835938,561.6185913085938,851.639892578125,664.0419311523438,833.3587341308594,612.8302612304688,36.56231689453125,102.42333984375
IMG_0029.mp4,6856,228.7620954287621,29.97,1326,1,traffic_lights,0.8065535426139832,1034.8599853515625,220.31939697265625,1085.180419921875,312.9259338378906,1060.0202026367188,266.62266540527344,50.3204345703125,92.60653686523438
IMG_0029.mp4,6856,228.7620954287621,29.97,1347,2,traffic_signs,0.9509101510047913,693.5528564453125,555.3717651367188,750.3067626953125,674.330322265625,721.9298095703125,614.8510437011719,56.75390625,118.95855712890625
IMG_0029.mp4,6856,228.7620954287621,29.97,1511,2,traffic_signs,0.5666342973709106,604.4799194335938,741.2520751953125,616.2896728515625,752.3712768554688,610.3847961425781,746.8116760253906,11.80975341796875,11.11920166015625
IMG_0029.mp4,6856,228.7620954287621,29.97,1344,1,traffic_lights,0.8207604885101318,811.5323486328125,555.9876098632812,851.4149169921875,660.92578125,831.4736328125,608.4566955566406,39.882568359375,104.93817138671875
IMG_0029.mp4,6857,228.79546212879546,29.97,1326,1,traffic_lights,0.8750847578048706,1034.1683349609375,210.5406036376953,1085.1717529296875,304.5266418457031,1059.6700439453125,257.5336227416992,51.00341796875,93.98603820800781
IMG_0029.mp4,6857,228.79546212879546,29.97,1347,2,traffic_signs,0.9336745142936707,686.601806640625,550.8923950195312,743.2610473632812,667.6882934570312,714.9314270019531,609.2903442382812,56.65924072265625,116.7958984375
IMG_0029.mp4,6857,228.79546212879546,29.97,1511,2,traffic_signs,0.49027302861213684,603.3740844726562,741.0374145507812,614.93701171875,752.0715942382812,609.1555480957031,746.5545043945312,11.56292724609375,11.0341796875
IMG_0029.mp4,6857,228.79546212879546,29.97,1344,1,traffic_lights,0.8527317643165588,807.4193725585938,552.6207885742188,849.032958984375,657.0122680664062,828.2261657714844,604.8165283203125,41.61358642578125,104.3914794921875
IMG_0029.mp4,6858,228.82882882882885,29.97,1326,1,traffic_lights,0.844363272190094,1033.466064453125,201.83941650390625,1085.7305908203125,297.3244323730469,1059.5983276367188,249.58192443847656,52.2645263671875,95.48501586914062
IMG_0029.mp4,6858,228.82882882882885,29.97,1347,2,traffic_signs,0.9266641736030579,679.3626708984375,547.2068481445312,741.197509765625,664.8160400390625,710.2800903320312,606.0114440917969,61.8348388671875,117.60919189453125
IMG_0029.mp4,6858,228.82882882882885,29.97,1511,2,traffic_signs,0.5035189986228943,603.5153198242188,741.2726440429688,614.8196411132812,752.4540405273438,609.16748046875,746.8633422851562,11.3043212890625,11.181396484375
IMG_0029.mp4,6858,228.82882882882885,29.97,1344,1,traffic_lights,0.8388410806655884,803.6159057617188,551.1707153320312,847.4977416992188,654.1900024414062,825.5568237304688,602.6803588867188,43.8818359375,103.019287109375
IMG_0029.mp4,6859,228.8621955288622,29.97,1326,1,traffic_lights,0.8532032370567322,1031.93603515625,191.33154296875,1085.0791015625,288.2860107421875,1058.507568359375,239.80877685546875,53.14306640625,96.9544677734375
IMG_0029.mp4,6859,228.8621955288622,29.97,1347,2,traffic_signs,0.942942202091217,671.7425537109375,541.870849609375,729.449462890625,661.68310546875,700.5960083007812,601.7769775390625,57.7069091796875,119.812255859375
IMG_0029.mp4,6859,228.8621955288622,29.97,1344,1,traffic_lights,0.9022574424743652,798.3518676757812,544.3533935546875,843.2769165039062,651.9939575195312,820.8143920898438,598.1736755371094,44.925048828125,107.64056396484375
IMG_0029.mp4,6859,228.8621955288622,29.97,1325,1,traffic_lights,0.6150209903717041,1659.4425048828125,551.1846923828125,1757.6954345703125,629.5177001953125,1708.5689697265625,590.3511962890625,98.2529296875,78.3330078125
IMG_0029.mp4,6860,228.89556222889559,29.97,1326,1,traffic_lights,0.8935543894767761,1032.1285400390625,184.04931640625,1085.9195556640625,282.1195373535156,1059.0240478515625,233.0844268798828,53.791015625,98.07022094726562
IMG_0029.mp4,6860,228.89556222889559,29.97,1347,2,traffic_signs,0.9058552384376526,666.02880859375,538.5700073242188,725.2994384765625,660.725830078125,695.6641235351562,599.6479187011719,59.2706298828125,122.15582275390625
IMG_0029.mp4,6860,228.89556222889559,29.97,1344,1,traffic_lights,0.9193472862243652,795.4659423828125,540.0707397460938,841.6317749023438,650.2018432617188,818.5488586425781,595.1362915039062,46.16583251953125,110.131103515625
IMG_0029.mp4,6860,228.89556222889559,29.97,1529,2,traffic_signs,0.5847353339195251,605.1137084960938,741.816162109375,616.68896484375,752.46337890625,610.9013366699219,747.1397705078125,11.57525634765625,10.647216796875
IMG_0029.mp4,6861,228.92892892892894,29.97,1326,1,traffic_lights,0.7553607821464539,1031.9229736328125,175.201171875,1086.309326171875,274.3460998535156,1059.1161499023438,224.7736358642578,54.3863525390625,99.14492797851562
IMG_0029.mp4,6861,228.92892892892894,29.97,1347,2,traffic_signs,0.41503578424453735,657.5046997070312,534.0105590820312,733.1085205078125,659.1256103515625,695.3066101074219,596.5680847167969,75.60382080078125,125.11505126953125
IMG_0029.mp4,6861,228.92892892892894,29.97,1344,1,traffic_lights,0.9272179007530212,791.6156616210938,537.3726196289062,838.0543823242188,648.5315551757812,814.8350219726562,592.9520874023438,46.438720703125,111.158935546875
IMG_0029.mp4,6861,228.92892892892894,29.97,1529,2,traffic_signs,0.539191722869873,605.0545654296875,741.8592529296875,616.7168579101562,752.891357421875,610.8857116699219,747.3753051757812,11.66229248046875,11.0321044921875
IMG_0029.mp4,6862,228.9622956289623,29.97,1326,1,traffic_lights,0.8601770997047424,1030.5054931640625,164.20199584960938,1085.5274658203125,265.02813720703125,1058.0164794921875,214.6150665283203,55.02197265625,100.82614135742188
IMG_0029.mp4,6862,228.9622956289623,29.97,1347,2,traffic_signs,0.9217023849487305,648.9159545898438,529.1093139648438,713.9091186523438,653.0538940429688,681.4125366210938,591.0816040039062,64.9931640625,123.944580078125
IMG_0029.mp4,6862,228.9622956289623,29.97,1344,1,traffic_lights,0.9034343957901001,786.0882568359375,531.5579223632812,834.5574340820312,646.4511108398438,810.3228454589844,589.0045166015625,48.46917724609375,114.8931884765625
IMG_0029.mp4,6862,228.9622956289623,29.97,1529,2,traffic_signs,0.5161510705947876,604.2109985351562,741.8404541015625,616.246337890625,753.0447387695312,610.2286682128906,747.4425964355469,12.03533935546875,11.20428466796875
IMG_0029.mp4,6863,228.99566232899568,29.97,1326,1,traffic_lights,0.8715885877609253,1029.6549072265625,155.33090209960938,1085.1412353515625,257.216796875,1057.3980712890625,206.2738494873047,55.486328125,101.88589477539062
IMG_0029.mp4,6863,228.99566232899568,29.97,1347,2,traffic_signs,0.44125452637672424,640.3271484375,526.20703125,721.0866088867188,649.5740966796875,680.7068786621094,587.8905639648438,80.75946044921875,123.3670654296875
IMG_0029.mp4,6863,228.99566232899568,29.97,1344,1,traffic_lights,0.8048929572105408,781.4146728515625,527.5556640625,832.0724487304688,643.0247802734375,806.7435607910156,585.2902221679688,50.65777587890625,115.4691162109375
IMG_0029.mp4,6863,228.99566232899568,29.97,1529,2,traffic_signs,0.4498339593410492,605.070556640625,742.5195922851562,617.6444091796875,753.6435546875,611.3574829101562,748.0815734863281,12.5738525390625,11.12396240234375
IMG_0029.mp4,6864,229.02902902902903,29.97,1326,1,traffic_lights,0.8861294388771057,1028.3724365234375,144.4605712890625,1085.256103515625,247.14532470703125,1056.8142700195312,195.80294799804688,56.8836669921875,102.68475341796875
IMG_0029.mp4,6864,229.02902902902903,29.97,1344,1,traffic_lights,0.9383957982063293,775.9603271484375,518.7218017578125,827.6864013671875,639.4019775390625,801.8233642578125,579.0618896484375,51.72607421875,120.68017578125
IMG_0029.mp4,6864,229.02902902902903,29.97,1529,2,traffic_signs,0.2953490912914276,604.4039916992188,742.2339477539062,617.4761962890625,753.9324340820312,610.9400939941406,748.0831909179688,13.07220458984375,11.698486328125
IMG_0029.mp4,6865,229.06239572906242,29.97,1326,1,traffic_lights,0.8989784717559814,1026.2178955078125,131.65052795410156,1084.4228515625,235.8502655029297,1055.3203735351562,183.75039672851562,58.2049560546875,104.19973754882812
IMG_0029.mp4,6865,229.06239572906242,29.97,1344,1,traffic_lights,0.9222818613052368,767.9180297851562,512.9236450195312,821.3092651367188,635.3385620117188,794.6136474609375,574.131103515625,53.3912353515625,122.4149169921875
IMG_0029.mp4,6866,229.09576242909577,29.97,1326,1,traffic_lights,0.9007048010826111,1025.9417724609375,122.94425964355469,1085.382568359375,228.26773071289062,1055.6621704101562,175.60599517822266,59.4407958984375,105.32347106933594
IMG_0029.mp4,6866,229.09576242909577,29.97,1344,1,traffic_lights,0.9246610403060913,764.3748779296875,509.564453125,819.4664916992188,634.0999145507812,791.9206848144531,571.8321838378906,55.09161376953125,124.53546142578125
IMG_0029.mp4,6866,229.09576242909577,29.97,1347,1,traffic_lights,0.7524526715278625,607.2461547851562,510.2755126953125,712.3095703125,636.8364868164062,659.7778625488281,573.5559997558594,105.06341552734375,126.56097412109375
IMG_0029.mp4,6867,229.12912912912913,29.97,1326,1,traffic_lights,0.9143275618553162,1023.0469360351562,109.47665405273438,1083.4766845703125,218.1271209716797,1053.2618103027344,163.80188751220703,60.42974853515625,108.65046691894531
IMG_0029.mp4,6867,229.12912912912913,29.97,1344,1,traffic_lights,0.9170786142349243,755.914306640625,505.08563232421875,813.0731811523438,632.6695556640625,784.4937438964844,568.8775939941406,57.15887451171875,127.58392333984375
IMG_0029.mp4,6868,229.1624958291625,29.97,1326,1,traffic_lights,0.6396868228912354,1022.432861328125,99.89199829101562,1084.5042724609375,210.13523864746094,1053.4685668945312,155.01361846923828,62.0714111328125,110.24324035644531
IMG_0029.mp4,6868,229.1624958291625,29.97,1344,1,traffic_lights,0.8044672608375549,750.7192993164062,504.7525634765625,810.2527465820312,630.5142211914062,780.4860229492188,567.6333923339844,59.533447265625,125.76165771484375
IMG_0029.mp4,6869,229.19586252919586,29.97,1326,1,traffic_lights,0.9375983476638794,1021.34619140625,88.63040924072266,1084.2696533203125,200.70347595214844,1052.8079223632812,144.66694259643555,62.9234619140625,112.07306671142578
IMG_0029.mp4,6869,229.19586252919586,29.97,1344,1,traffic_lights,0.9070106744766235,745.0088500976562,497.4997863769531,806.0001220703125,628.62353515625,775.5044860839844,563.0616607666016,60.99127197265625,131.12374877929688
IMG_0029.mp4,6869,229.19586252919586,29.97,1534,2,traffic_signs,0.5374266505241394,1203.795654296875,731.1812744140625,1212.165283203125,748.5408935546875,1207.98046875,739.861083984375,8.36962890625,17.359619140625
IMG_0029.mp4,6870,229.22922922922925,29.97,1326,1,traffic_lights,0.9293072819709778,1019.3155517578125,77.73069763183594,1083.849609375,191.37208557128906,1051.5825805664062,134.5513916015625,64.5340576171875,113.64138793945312
IMG_0029.mp4,6870,229.22922922922925,29.97,1344,1,traffic_lights,0.9137915372848511,739.0626220703125,493.2127380371094,801.0136108398438,626.4396362304688,770.0381164550781,559.8261871337891,61.95098876953125,133.22689819335938
IMG_0029.mp4,6870,229.22922922922925,29.97,1534,2,traffic_signs,0.574847936630249,1205.8538818359375,732.5386352539062,1214.527587890625,749.6068725585938,1210.1907348632812,741.07275390625,8.6737060546875,17.0682373046875
IMG_0029.mp4,6870,229.22922922922925,29.97,1538,1,traffic_lights,0.5910060405731201,1494.763671875,614.6368408203125,1513.344970703125,641.2527465820312,1504.0543212890625,627.9447937011719,18.581298828125,26.61590576171875
IMG_0029.mp4,6870,229.22922922922925,29.97,1347,1,traffic_lights,0.43592917919158936,561.8004150390625,487.99114990234375,680.1219482421875,622.9761962890625,620.961181640625,555.4836730957031,118.321533203125,134.98504638671875
IMG_0029.mp4,6871,229.2625959292626,29.97,1326,1,traffic_lights,0.9379653930664062,1018.7421875,64.46363830566406,1084.6483154296875,180.65953063964844,1051.6952514648438,122.56158447265625,65.9061279296875,116.19589233398438
IMG_0029.mp4,6871,229.2625959292626,29.97,1344,1,traffic_lights,0.913855254650116,732.488037109375,486.9673767089844,795.7803344726562,623.7832641601562,764.1341857910156,555.3753204345703,63.29229736328125,136.81588745117188
IMG_0029.mp4,6871,229.2625959292626,29.97,1538,1,traffic_lights,0.7161900997161865,1498.8575439453125,614.1845092773438,1517.8046875,640.2269287109375,1508.3311157226562,627.2057189941406,18.9471435546875,26.04241943359375
IMG_0029.mp4,6872,229.29596262929599,29.97,1326,1,traffic_lights,0.9318649172782898,1016.2584228515625,49.99452590942383,1083.6719970703125,169.21060180664062,1049.9652099609375,109.60256385803223,67.41357421875,119.2160758972168
IMG_0029.mp4,6872,229.29596262929599,29.97,1344,1,traffic_lights,0.8392048478126526,724.90966796875,482.2314147949219,789.394775390625,620.2892456054688,757.1522216796875,551.2603302001953,64.485107421875,138.05783081054688
IMG_0029.mp4,6872,229.29596262929599,29.97,1538,1,traffic_lights,0.6400291919708252,1501.5697021484375,614.082275390625,1520.888427734375,640.0731201171875,1511.2290649414062,627.0776977539062,19.3187255859375,25.9908447265625
IMG_0029.mp4,6872,229.29596262929599,29.97,1534,2,traffic_signs,0.4650607705116272,1210.2286376953125,732.7506103515625,1218.0577392578125,748.94873046875,1214.1431884765625,740.8496704101562,7.8291015625,16.1981201171875
IMG_0029.mp4,6873,229.32932932932934,29.97,1326,1,traffic_lights,0.9420432448387146,1014.6177368164062,35.86079788208008,1082.5457763671875,157.5989227294922,1048.5817565917969,96.72986030578613,67.92803955078125,121.73812484741211
IMG_0029.mp4,6873,229.32932932932934,29.97,1344,1,traffic_lights,0.9094746708869934,716.188720703125,476.50958251953125,783.557373046875,617.5401611328125,749.873046875,547.0248718261719,67.36865234375,141.03057861328125
IMG_0029.mp4,6873,229.32932932932934,29.97,1538,1,traffic_lights,0.5706785917282104,1505.2269287109375,612.9487915039062,1524.9493408203125,639.6672973632812,1515.088134765625,626.3080444335938,19.722412109375,26.718505859375
IMG_0029.mp4,6873,229.32932932932934,29.97,1534,2,traffic_signs,0.40412306785583496,1211.891845703125,732.7875366210938,1219.760009765625,749.1461791992188,1215.825927734375,740.9668579101562,7.8681640625,16.358642578125
IMG_0029.mp4,6874,229.3626960293627,29.97,1326,1,traffic_lights,0.787968635559082,1013.5576171875,20.443016052246094,1082.4698486328125,144.69766235351562,1048.0137329101562,82.57033920288086,68.9122314453125,124.25464630126953
IMG_0029.mp4,6874,229.3626960293627,29.97,1344,1,traffic_lights,0.90204918384552,706.588623046875,474.9440002441406,777.009521484375,614.1965942382812,741.799072265625,544.5702972412109,70.4208984375,139.25259399414062
IMG_0029.mp4,6874,229.3626960293627,29.97,1538,1,traffic_lights,0.6928094625473022,1509.5904541015625,611.6824340820312,1529.4383544921875,639.2210693359375,1519.514404296875,625.4517517089844,19.847900390625,27.53863525390625
IMG_0029.mp4,6874,229.3626960293627,29.97,1534,2,traffic_signs,0.2612449526786804,1213.848876953125,733.0104370117188,1221.7288818359375,749.43408203125,1217.7888793945312,741.2222595214844,7.8800048828125,16.42364501953125
IMG_0029.mp4,6875,229.39606272939608,29.97,1326,1,traffic_lights,0.9400423765182495,1012.6753540039062,7.125846862792969,1081.783203125,132.50743103027344,1047.2292785644531,69.8166389465332,69.10784912109375,125.38158416748047
IMG_0029.mp4,6875,229.39606272939608,29.97,1344,1,traffic_lights,0.9367011189460754,698.1557006835938,467.1197204589844,770.7697143554688,610.4279174804688,734.4627075195312,538.7738189697266,72.614013671875,143.30819702148438
IMG_0029.mp4,6875,229.39606272939608,29.97,1538,1,traffic_lights,0.49613505601882935,1512.3349609375,610.9736938476562,1533.0517578125,639.1531372070312,1522.693359375,625.0634155273438,20.716796875,28.179443359375
IMG_0029.mp4,6876,229.42942942942943,29.97,1326,1,traffic_lights,0.9633762240409851,1010.6763305664062,0.0,1079.7674560546875,112.99156188964844,1045.2218933105469,56.49578094482422,69.09112548828125,112.99156188964844
IMG_0029.mp4,6876,229.42942942942943,29.97,1344,1,traffic_lights,0.9130458831787109,685.3165893554688,457.39166259765625,759.4990844726562,603.9473266601562,722.4078369140625,530.6694946289062,74.1824951171875,146.5556640625
IMG_0029.mp4,6876,229.42942942942943,29.97,1538,1,traffic_lights,0.4845661222934723,1517.2950439453125,609.1737060546875,1537.9481201171875,637.2510986328125,1527.62158203125,623.21240234375,20.653076171875,28.077392578125
IMG_0029.mp4,6877,229.46279612946282,29.97,1326,1,traffic_lights,0.9474462866783142,1009.3777465820312,0.0,1078.659912109375,96.84031677246094,1044.0188293457031,48.42015838623047,69.28216552734375,96.84031677246094
IMG_0029.mp4,6877,229.46279612946282,29.97,1344,1,traffic_lights,0.9087765216827393,674.877197265625,448.1990966796875,752.252197265625,599.7877197265625,713.564697265625,523.993408203125,77.375,151.588623046875
IMG_0029.mp4,6877,229.46279612946282,29.97,1538,1,traffic_lights,0.6089797019958496,1521.6807861328125,608.4852905273438,1542.0906982421875,636.903564453125,1531.8857421875,622.6944274902344,20.409912109375,28.41827392578125
IMG_0029.mp4,6878,229.49616282949617,29.97,1326,1,traffic_lights,0.945702075958252,1008.14404296875,0.0,1079.1981201171875,84.74341583251953,1043.6710815429688,42.371707916259766,71.0540771484375,84.74341583251953
IMG_0029.mp4,6878,229.49616282949617,29.97,1344,1,traffic_lights,0.8463007807731628,668.5523681640625,439.6221618652344,747.3804321289062,594.8787841796875,707.9664001464844,517.2504730224609,78.82806396484375,155.25662231445312
IMG_0029.mp4,6878,229.49616282949617,29.97,1538,1,traffic_lights,0.6354179978370667,1523.74169921875,608.1263427734375,1545.3231201171875,636.403564453125,1534.5324096679688,622.2649536132812,21.5814208984375,28.2772216796875
IMG_0029.mp4,6878,229.49616282949617,29.97,1347,2,traffic_signs,0.817456841468811,465.2710266113281,431.5526428222656,587.8839111328125,578.1329956054688,526.5774688720703,504.8428192138672,122.61288452148438,146.58035278320312
IMG_0029.mp4,6879,229.52952952952953,29.97,1326,1,traffic_lights,0.47412315011024475,1004.86572265625,0.0,1078.78271484375,68.50703430175781,1041.82421875,34.253517150878906,73.9169921875,68.50703430175781
IMG_0029.mp4,6879,229.52952952952953,29.97,1344,1,traffic_lights,0.9146963357925415,657.1629638671875,432.7481994628906,740.2716064453125,589.1541137695312,698.71728515625,510.95115661621094,83.108642578125,156.40591430664062
IMG_0029.mp4,6879,229.52952952952953,29.97,1538,1,traffic_lights,0.6622395515441895,1526.6563720703125,607.0844116210938,1548.7237548828125,635.6334228515625,1537.6900634765625,621.3589172363281,22.0673828125,28.54901123046875
IMG_0029.mp4,6879,229.52952952952953,29.97,1347,2,traffic_signs,0.6958725452423096,442.196044921875,422.68328857421875,574.744873046875,568.7687377929688,508.470458984375,495.72601318359375,132.548828125,146.08544921875
IMG_0029.mp4,6880,229.5628962295629,29.97,1326,1,traffic_lights,0.8538448214530945,1000.2938842773438,0.0,1076.353271484375,45.694976806640625,1038.3235778808594,22.847488403320312,76.05938720703125,45.694976806640625
IMG_0029.mp4,6880,229.5628962295629,29.97,1344,1,traffic_lights,0.6247830390930176,641.6212158203125,420.9258728027344,728.4542236328125,582.5200805664062,685.0377197265625,501.7229766845703,86.8330078125,161.59420776367188
IMG_0029.mp4,6880,229.5628962295629,29.97,1538,1,traffic_lights,0.7512714266777039,1531.90673828125,605.7254028320312,1554.3475341796875,635.1107177734375,1543.1271362304688,620.4180603027344,22.4407958984375,29.38531494140625
IMG_0029.mp4,6880,229.5628962295629,29.97,1347,2,traffic_signs,0.7031071186065674,410.0236511230469,408.6430358886719,555.729736328125,558.9938354492188,482.87669372558594,483.8184356689453,145.70608520507812,150.35079956054688
IMG_0029.mp4,6881,229.59626292959626,29.97,1326,1,traffic_lights,0.33304306864738464,997.7426147460938,0.0,1077.465087890625,29.446128845214844,1037.6038513183594,14.723064422607422,79.72247314453125,29.446128845214844
IMG_0029.mp4,6881,229.59626292959626,29.97,1344,1,traffic_lights,0.8980300426483154,632.3350830078125,411.0712585449219,722.7662353515625,577.4756469726562,677.5506591796875,494.27345275878906,90.43115234375,166.40438842773438
IMG_0029.mp4,6881,229.59626292959626,29.97,1538,1,traffic_lights,0.8086655735969543,1535.1434326171875,604.8256225585938,1557.6683349609375,634.887451171875,1546.4058837890625,619.8565368652344,22.52490234375,30.06182861328125
IMG_0029.mp4,6881,229.59626292959626,29.97,1347,2,traffic_signs,0.3846009373664856,385.5029296875,398.6034240722656,547.0260009765625,547.9275512695312,466.26446533203125,473.26548767089844,161.5230712890625,149.32412719726562
IMG_0029.mp4,6882,229.62962962962965,29.97,1344,1,traffic_lights,0.9282740354537964,620.0850219726562,399.4192810058594,714.0357666015625,571.6897583007812,667.0603942871094,485.5545196533203,93.95074462890625,172.27047729492188
IMG_0029.mp4,6882,229.62962962962965,29.97,1538,1,traffic_lights,0.7935227155685425,1538.709716796875,604.0191040039062,1561.3564453125,634.3115234375,1550.0330810546875,619.1653137207031,22.646728515625,30.29241943359375
IMG_0029.mp4,6883,229.662996329663,29.97,1344,1,traffic_lights,0.7692583799362183,605.462646484375,388.14227294921875,704.8865966796875,564.6451416015625,655.1746215820312,476.3937072753906,99.4239501953125,176.50286865234375
IMG_0029.mp4,6883,229.662996329663,29.97,1538,1,traffic_lights,0.6695699691772461,1541.673828125,603.6533813476562,1565.616943359375,634.1864624023438,1553.6453857421875,618.919921875,23.943115234375,30.5330810546875
IMG_0029.mp4,6883,229.662996329663,29.97,1546,2,traffic_signs,0.42387357354164124,1233.08544921875,733.0838012695312,1242.10986328125,750.17626953125,1237.59765625,741.6300354003906,9.0244140625,17.09246826171875
IMG_0029.mp4,6884,229.69636302969639,29.97,1344,1,traffic_lights,0.6835882663726807,588.8489379882812,372.53570556640625,692.78759765625,555.6942749023438,640.8182678222656,464.114990234375,103.93865966796875,183.1585693359375
IMG_0029.mp4,6884,229.69636302969639,29.97,1538,1,traffic_lights,0.45199349522590637,1546.31396484375,602.7020874023438,1569.9403076171875,632.9546508789062,1558.1271362304688,617.828369140625,23.6263427734375,30.2525634765625
IMG_0029.mp4,6884,229.69636302969639,29.97,1546,2,traffic_signs,0.44711700081825256,1234.652099609375,732.7238159179688,1243.3829345703125,749.9772338867188,1239.0175170898438,741.3505249023438,8.7308349609375,17.25341796875
IMG_0029.mp4,6885,229.72972972972974,29.97,1344,1,traffic_lights,0.808806836605072,570.9850463867188,364.95294189453125,680.1279907226562,549.1277465820312,625.5565185546875,457.04034423828125,109.1429443359375,184.1748046875
IMG_0029.mp4,6885,229.72972972972974,29.97,1538,1,traffic_lights,0.6101424694061279,1551.4490966796875,601.6634521484375,1574.992431640625,632.3162841796875,1563.2207641601562,616.9898681640625,23.5433349609375,30.65283203125
IMG_0029.mp4,6885,229.72972972972974,29.97,1546,2,traffic_signs,0.4096945822238922,1236.975341796875,733.0321044921875,1245.766845703125,750.1172485351562,1241.37109375,741.5746765136719,8.79150390625,17.08514404296875
IMG_0029.mp4,6886,229.7630964297631,29.97,1344,1,traffic_lights,0.4376141428947449,551.2050170898438,350.1746520996094,668.15625,543.2682495117188,609.6806335449219,446.72145080566406,116.95123291015625,193.09359741210938
IMG_0029.mp4,6886,229.7630964297631,29.97,1538,1,traffic_lights,0.6273621320724487,1556.014892578125,601.3151245117188,1579.4649658203125,632.6392822265625,1567.7399291992188,616.9772033691406,23.4500732421875,31.32415771484375
IMG_0029.mp4,6886,229.7630964297631,29.97,1546,2,traffic_signs,0.33761632442474365,1239.583984375,733.4676513671875,1248.440673828125,751.6921997070312,1244.0123291015625,742.5799255371094,8.856689453125,18.22454833984375
IMG_0029.mp4,6887,229.79646312979648,29.97,1344,1,traffic_lights,0.29017767310142517,530.55224609375,334.1882629394531,652.44189453125,535.2114868164062,591.4970703125,434.6998748779297,121.8896484375,201.02322387695312
IMG_0029.mp4,6887,229.79646312979648,29.97,1546,2,traffic_signs,0.3056979477405548,1241.9700927734375,733.0516357421875,1251.037109375,751.8167114257812,1246.5036010742188,742.4341735839844,9.0670166015625,18.76507568359375
IMG_0029.mp4,6888,229.82982982982983,29.97,1546,2,traffic_signs,0.4613483250141144,1244.1219482421875,733.696044921875,1253.91552734375,752.3125,1249.0187377929688,743.0042724609375,9.7935791015625,18.616455078125
IMG_0029.mp4,6888,229.82982982982983,29.97,1538,1,traffic_lights,0.7326921820640564,1564.862548828125,599.0486450195312,1588.1292724609375,631.4737548828125,1576.4959106445312,615.2611999511719,23.2667236328125,32.42510986328125
IMG_0029.mp4,6889,229.86319652986322,29.97,1546,2,traffic_signs,0.41576656699180603,1246.154296875,734.1399536132812,1256.19287109375,752.3138427734375,1251.173583984375,743.2268981933594,10.03857421875,18.17388916015625
IMG_0029.mp4,6889,229.86319652986322,29.97,1538,1,traffic_lights,0.7668117880821228,1569.637451171875,598.1028442382812,1592.7825927734375,630.6091918945312,1581.2100219726562,614.3560180664062,23.1451416015625,32.50634765625
IMG_0029.mp4,6889,229.86319652986322,29.97,1344,1,traffic_lights,0.3524191081523895,484.9302978515625,311.4455871582031,621.99169921875,518.3794555664062,553.4609985351562,414.9125213623047,137.0614013671875,206.93386840820312
IMG_0029.mp4,6890,229.89656322989657,29.97,1546,2,traffic_signs,0.5371196269989014,1248.9783935546875,734.99853515625,1258.6922607421875,753.6546630859375,1253.8353271484375,744.3265991210938,9.7138671875,18.6561279296875
IMG_0029.mp4,6890,229.89656322989657,29.97,1538,1,traffic_lights,0.7502090334892273,1573.66552734375,597.8237915039062,1597.9930419921875,629.8614501953125,1585.8292846679688,613.8426208496094,24.3275146484375,32.03765869140625
IMG_0029.mp4,6890,229.89656322989657,29.97,1547,2,traffic_signs,0.7503963112831116,608.2759399414062,753.505126953125,621.6552124023438,766.8133544921875,614.965576171875,760.1592407226562,13.3792724609375,13.3082275390625
IMG_0029.mp4,6890,229.89656322989657,29.97,1344,1,traffic_lights,0.30306029319763184,457.94207763671875,306.885498046875,603.5789184570312,508.96063232421875,530.760498046875,407.9230651855469,145.6368408203125,202.07513427734375
IMG_0029.mp4,6891,229.92992992992993,29.97,1546,2,traffic_signs,0.5630302429199219,1251.366943359375,735.29833984375,1261.387939453125,754.2061767578125,1256.37744140625,744.7522583007812,10.02099609375,18.9078369140625
IMG_0029.mp4,6891,229.92992992992993,29.97,1538,1,traffic_lights,0.520283043384552,1578.205078125,597.2787475585938,1602.401611328125,629.1018676757812,1590.3033447265625,613.1903076171875,24.196533203125,31.8231201171875
IMG_0029.mp4,6891,229.92992992992993,29.97,1547,2,traffic_signs,0.7504775524139404,607.9364013671875,754.2191162109375,621.8493041992188,767.6639404296875,614.8928527832031,760.9415283203125,13.91290283203125,13.44482421875
IMG_0029.mp4,6892,229.9632966299633,29.97,1546,2,traffic_signs,0.4298290014266968,1254.290283203125,735.6072998046875,1264.453857421875,754.13037109375,1259.3720703125,744.8688354492188,10.16357421875,18.5230712890625
IMG_0029.mp4,6892,229.9632966299633,29.97,1538,1,traffic_lights,0.7655291557312012,1583.7923583984375,596.5414428710938,1608.12939453125,628.4114990234375,1595.9608764648438,612.4764709472656,24.3370361328125,31.87005615234375
IMG_0029.mp4,6892,229.9632966299633,29.97,1547,2,traffic_signs,0.6289986371994019,608.2015991210938,755.0006713867188,622.5715942382812,767.802978515625,615.3865966796875,761.4018249511719,14.3699951171875,12.80230712890625
IMG_0029.mp4,6893,229.99666332999666,29.97,1546,2,traffic_signs,0.49633175134658813,1256.270263671875,735.5880126953125,1266.981689453125,754.5950317382812,1261.6259765625,745.0915222167969,10.71142578125,19.00701904296875
IMG_0029.mp4,6893,229.99666332999666,29.97,1538,1,traffic_lights,0.8124693632125854,1588.4820556640625,595.383056640625,1612.816162109375,627.6198120117188,1600.6491088867188,611.5014343261719,24.3341064453125,32.23675537109375
IMG_0029.mp4,6893,229.99666332999666,29.97,1547,2,traffic_signs,0.620840311050415,607.3712768554688,755.4227294921875,622.6503295898438,768.364501953125,615.0108032226562,761.8936157226562,15.279052734375,12.9417724609375
IMG_0029.mp4,6894,230.03003003003005,29.97,1546,2,traffic_signs,0.3780499994754791,1259.265869140625,736.4483642578125,1270.2525634765625,755.8569946289062,1264.7592163085938,746.1526794433594,10.9866943359375,19.40863037109375
IMG_0029.mp4,6894,230.03003003003005,29.97,1538,1,traffic_lights,0.7597129940986633,1594.2628173828125,594.8717041015625,1619.351318359375,627.1411743164062,1606.8070678710938,611.0064392089844,25.0885009765625,32.26947021484375
IMG_0029.mp4,6894,230.03003003003005,29.97,1547,2,traffic_signs,0.7331746816635132,607.7291870117188,756.4418334960938,623.0936889648438,768.911376953125,615.4114379882812,762.6766052246094,15.364501953125,12.46954345703125
IMG_0029.mp4,6895,230.0633967300634,29.97,1538,1,traffic_lights,0.7570626735687256,1598.7969970703125,593.8401489257812,1624.1690673828125,626.9705200195312,1611.4830322265625,610.4053344726562,25.3720703125,33.13037109375
IMG_0029.mp4,6895,230.0633967300634,29.97,1547,2,traffic_signs,0.7611352801322937,607.449462890625,757.2379150390625,622.8392333984375,769.711669921875,615.1443481445312,763.4747924804688,15.3897705078125,12.4737548828125
IMG_0029.mp4,6896,230.0967634300968,29.97,1538,1,traffic_lights,0.6917974948883057,1604.5765380859375,592.4005737304688,1630.0645751953125,625.9735107421875,1617.320556640625,609.1870422363281,25.488037109375,33.57293701171875
IMG_0029.mp4,6896,230.0967634300968,29.97,1547,2,traffic_signs,0.7420210242271423,607.9959106445312,757.9901123046875,623.2386474609375,770.4263916015625,615.6172790527344,764.208251953125,15.24273681640625,12.436279296875
IMG_0029.mp4,6897,230.13013013013014,29.97,1538,1,traffic_lights,0.5527280569076538,1610.69921875,591.69140625,1637.0107421875,625.8053588867188,1623.85498046875,608.7483825683594,26.3115234375,34.11395263671875
IMG_0029.mp4,6897,230.13013013013014,29.97,1547,2,traffic_signs,0.6088150143623352,609.6066284179688,758.919189453125,624.0396118164062,770.6450805664062,616.8231201171875,764.7821350097656,14.4329833984375,11.72589111328125
IMG_0029.mp4,6897,230.13013013013014,29.97,1555,1,traffic_lights,0.4016011655330658,1301.99365234375,652.7440185546875,1319.8720703125,710.7199096679688,1310.932861328125,681.7319641113281,17.87841796875,57.97589111328125
IMG_0029.mp4,6898,230.1634968301635,29.97,1538,1,traffic_lights,0.6871969699859619,1615.7000732421875,590.7401123046875,1642.59033203125,625.16943359375,1629.1452026367188,607.9547729492188,26.8902587890625,34.4293212890625
IMG_0029.mp4,6898,230.1634968301635,29.97,1547,2,traffic_signs,0.3251064121723175,609.662109375,758.8016967773438,624.7561645507812,770.8690795898438,617.2091369628906,764.8353881835938,15.09405517578125,12.0673828125
IMG_0029.mp4,6899,230.19686353019688,29.97,1538,1,traffic_lights,0.6475057601928711,1621.34619140625,589.0037231445312,1648.4569091796875,623.2802734375,1634.9015502929688,606.1419982910156,27.1107177734375,34.27655029296875
IMG_0029.mp4,6899,230.19686353019688,29.97,1547,2,traffic_signs,0.388633668422699,610.6009521484375,759.3877563476562,625.3645629882812,771.8148803710938,617.9827575683594,765.601318359375,14.76361083984375,12.4271240234375
IMG_0029.mp4,6900,230.23023023023023,29.97,1547,2,traffic_signs,0.33242130279541016,611.440185546875,760.7556762695312,626.1570434570312,772.7391357421875,618.7986145019531,766.7474060058594,14.71685791015625,11.98345947265625
IMG_0029.mp4,6901,230.26359693026362,29.97,1546,2,traffic_signs,0.31360429525375366,1280.911376953125,738.2349243164062,1291.373291015625,756.4090576171875,1286.142333984375,747.3219909667969,10.4619140625,18.17413330078125
IMG_0029.mp4,6901,230.26359693026362,29.97,1555,1,traffic_lights,0.5140105485916138,1314.6424560546875,654.6903686523438,1331.272216796875,706.73193359375,1322.9573364257812,680.7111511230469,16.6297607421875,52.04156494140625
IMG_0029.mp4,6901,230.26359693026362,29.97,1538,1,traffic_lights,0.351831316947937,1633.439697265625,587.9940795898438,1661.0328369140625,622.385986328125,1647.2362670898438,605.1900329589844,27.5931396484375,34.39190673828125
IMG_0029.mp4,6902,230.29696363029697,29.97,1555,1,traffic_lights,0.26315978169441223,1317.4110107421875,653.781494140625,1333.6175537109375,706.5299682617188,1325.5142822265625,680.1557312011719,16.20654296875,52.74847412109375
IMG_0029.mp4,6902,230.29696363029697,29.97,1538,1,traffic_lights,0.28046929836273193,1639.196533203125,586.6272583007812,1667.9488525390625,620.3204956054688,1653.5726928710938,603.473876953125,28.7523193359375,33.6932373046875
IMG_0029.mp4,6903,230.33033033033033,29.97,1538,1,traffic_lights,0.4659261405467987,1646.30810546875,586.737548828125,1675.288330078125,620.3191528320312,1660.7982177734375,603.5283508300781,28.980224609375,33.58160400390625
IMG_0029.mp4,6905,230.39706373039706,29.97,1538,1,traffic_lights,0.7531746029853821,1658.237548828125,582.7039794921875,1686.1177978515625,618.3021850585938,1672.1776733398438,600.5030822753906,27.8802490234375,35.59820556640625
IMG_0029.mp4,6906,230.43043043043045,29.97,1538,1,traffic_lights,0.43350788950920105,1666.0721435546875,581.1799926757812,1693.8350830078125,618.0023803710938,1679.95361328125,599.5911865234375,27.762939453125,36.8223876953125
IMG_0029.mp4,6906,230.43043043043045,29.97,1547,2,traffic_signs,0.464080810546875,615.4475708007812,766.5257568359375,629.4479370117188,779.3717041015625,622.44775390625,772.94873046875,14.0003662109375,12.845947265625
IMG_0029.mp4,6907,230.4637971304638,29.97,1538,1,traffic_lights,0.8328564763069153,1672.208251953125,579.3611450195312,1701.177734375,616.9933471679688,1686.6929931640625,598.17724609375,28.969482421875,37.6322021484375
IMG_0029.mp4,6907,230.4637971304638,29.97,1547,2,traffic_signs,0.5717388391494751,616.2686157226562,766.870361328125,630.2682495117188,780.2330322265625,623.2684326171875,773.5516967773438,13.9996337890625,13.3626708984375
IMG_0029.mp4,6908,230.4971638304972,29.97,1538,1,traffic_lights,0.721605658531189,1678.49365234375,577.9480590820312,1707.4444580078125,615.4612426757812,1692.9690551757812,596.7046508789062,28.9508056640625,37.51318359375
IMG_0029.mp4,6908,230.4971638304972,29.97,1547,2,traffic_signs,0.6721220016479492,616.6453857421875,767.4542846679688,630.8271484375,781.0955810546875,623.7362670898438,774.2749328613281,14.1817626953125,13.64129638671875
IMG_0029.mp4,6908,230.4971638304972,29.97,1555,1,traffic_lights,0.5114885568618774,1337.831298828125,651.805419921875,1355.8031005859375,705.5881958007812,1346.8171997070312,678.6968078613281,17.9718017578125,53.78277587890625
IMG_0029.mp4,6909,230.53053053053054,29.97,1538,1,traffic_lights,0.6592179536819458,1686.383544921875,577.8703002929688,1716.0279541015625,615.0299072265625,1701.2057495117188,596.4501037597656,29.6444091796875,37.15960693359375
IMG_0029.mp4,6909,230.53053053053054,29.97,1547,2,traffic_signs,0.3824068307876587,617.30615234375,768.619873046875,631.3313598632812,782.4755859375,624.3187561035156,775.5477294921875,14.02520751953125,13.855712890625
IMG_0029.mp4,6909,230.53053053053054,29.97,1555,1,traffic_lights,0.583459198474884,1341.12353515625,652.9808349609375,1359.6575927734375,705.988037109375,1350.3905639648438,679.4844360351562,18.5340576171875,53.0072021484375
IMG_0029.mp4,6909,230.53053053053054,29.97,1546,2,traffic_signs,0.5225814580917358,1307.2210693359375,740.615478515625,1319.677001953125,760.3182373046875,1313.4490356445312,750.4668579101562,12.4559326171875,19.7027587890625
IMG_0029.mp4,6910,230.5638972305639,29.97,1547,2,traffic_signs,0.706083357334137,618.14990234375,769.4217529296875,632.217041015625,782.5757446289062,625.1834716796875,775.9987487792969,14.067138671875,13.15399169921875
IMG_0029.mp4,6911,230.59726393059728,29.97,1547,2,traffic_signs,0.7250168919563293,618.8917846679688,769.993896484375,633.151123046875,783.1151123046875,626.0214538574219,776.5545043945312,14.25933837890625,13.1212158203125
IMG_0029.mp4,6911,230.59726393059728,29.97,1538,1,traffic_lights,0.6429994702339172,1701.1707763671875,574.0459594726562,1731.2640380859375,612.4642944335938,1716.2174072265625,593.255126953125,30.09326171875,38.4183349609375
IMG_0029.mp4,6911,230.59726393059728,29.97,1555,1,traffic_lights,0.2995036244392395,1348.7503662109375,652.1640625,1368.4354248046875,705.6417846679688,1358.5928955078125,678.9029235839844,19.68505859375,53.47772216796875
IMG_0029.mp4,6912,230.63063063063063,29.97,1547,2,traffic_signs,0.6861538290977478,619.2000732421875,770.8641357421875,633.540771484375,784.375732421875,626.3704223632812,777.6199340820312,14.3406982421875,13.5115966796875
IMG_0029.mp4,6912,230.63063063063063,29.97,1538,1,traffic_lights,0.37913137674331665,1708.980224609375,572.2671508789062,1740.4708251953125,611.3527221679688,1724.7255249023438,591.8099365234375,31.4906005859375,39.0855712890625
IMG_0029.mp4,6912,230.63063063063063,29.97,1546,2,traffic_signs,0.2738287150859833,1319.6146240234375,742.260986328125,1332.008544921875,760.4147338867188,1325.8115844726562,751.3378601074219,12.3939208984375,18.15374755859375
IMG_0029.mp4,6913,230.66399733066402,29.97,1547,2,traffic_signs,0.7275543212890625,620.73974609375,771.590087890625,634.7562866210938,785.2335205078125,627.7480163574219,778.4118041992188,14.01654052734375,13.6434326171875
IMG_0029.mp4,6913,230.66399733066402,29.97,1538,1,traffic_lights,0.6681399345397949,1716.63818359375,568.8410034179688,1748.666259765625,610.3831787109375,1732.6522216796875,589.6120910644531,32.028076171875,41.54217529296875
IMG_0029.mp4,6913,230.66399733066402,29.97,1546,2,traffic_signs,0.32838112115859985,1324.17626953125,742.3428955078125,1336.968017578125,761.09521484375,1330.5721435546875,751.7190551757812,12.791748046875,18.7523193359375
IMG_0029.mp4,6914,230.69736403069737,29.97,1547,2,traffic_signs,0.7464425563812256,622.0960083007812,771.9777221679688,635.8958129882812,785.3484497070312,628.9959106445312,778.6630859375,13.7998046875,13.3707275390625
IMG_0029.mp4,6914,230.69736403069737,29.97,1546,2,traffic_signs,0.44054001569747925,1328.9178466796875,742.4518432617188,1341.2100830078125,761.1564331054688,1335.06396484375,751.8041381835938,12.292236328125,18.70458984375
IMG_0029.mp4,6915,230.73073073073073,29.97,1547,2,traffic_signs,0.5535258054733276,623.8811645507812,772.8343505859375,638.09814453125,786.4390869140625,630.9896545410156,779.63671875,14.21697998046875,13.604736328125
IMG_0029.mp4,6916,230.7640974307641,29.97,1547,2,traffic_signs,0.4741496443748474,625.3822021484375,773.7166137695312,639.8936767578125,787.3567504882812,632.637939453125,780.5366821289062,14.511474609375,13.64013671875
IMG_0029.mp4,6917,230.79746413079747,29.97,1547,2,traffic_signs,0.40408915281295776,627.4005126953125,774.0808715820312,642.4834594726562,787.9441528320312,634.9419860839844,781.0125122070312,15.08294677734375,13.86328125
IMG_0029.mp4,6918,230.83083083083085,29.97,1547,2,traffic_signs,0.6691133975982666,627.4572143554688,775.1452026367188,643.2825317382812,788.788330078125,635.369873046875,781.9667663574219,15.8253173828125,13.64312744140625
IMG_0029.mp4,6919,230.8641975308642,29.97,1547,2,traffic_signs,0.3459296226501465,629.1116943359375,775.5265502929688,645.1566772460938,789.1484375,637.1341857910156,782.3374938964844,16.04498291015625,13.62188720703125
IMG_0029.mp4,6919,230.8641975308642,29.97,1546,2,traffic_signs,0.3734074831008911,1351.95654296875,742.4063720703125,1365.089599609375,761.4991455078125,1358.5230712890625,751.9527587890625,13.133056640625,19.0927734375
IMG_0029.mp4,6920,230.8975642308976,29.97,1547,2,traffic_signs,0.5688509345054626,629.8847045898438,775.9929809570312,645.916748046875,789.3306274414062,637.9007263183594,782.6618041992188,16.03204345703125,13.337646484375
IMG_0029.mp4,6920,230.8975642308976,29.97,1546,2,traffic_signs,0.42201584577560425,1355.8350830078125,742.1104125976562,1368.803466796875,760.9016723632812,1362.3192749023438,751.5060424804688,12.9683837890625,18.791259765625
IMG_0029.mp4,6920,230.8975642308976,29.97,1555,1,traffic_lights,0.7146136164665222,1390.31884765625,651.0905151367188,1409.8916015625,703.8037719726562,1400.105224609375,677.4471435546875,19.57275390625,52.7132568359375
IMG_0029.mp4,6921,230.93093093093094,29.97,1547,2,traffic_signs,0.5102627277374268,631.9769897460938,776.381103515625,649.0833129882812,789.8915405273438,640.5301513671875,783.1363220214844,17.1063232421875,13.51043701171875
IMG_0029.mp4,6921,230.93093093093094,29.97,1546,2,traffic_signs,0.3272514045238495,1362.012939453125,741.9790649414062,1374.8701171875,761.7693481445312,1368.4415283203125,751.8742065429688,12.857177734375,19.790283203125
IMG_0029.mp4,6921,230.93093093093094,29.97,1555,1,traffic_lights,0.6303436160087585,1396.2540283203125,648.3284301757812,1415.1905517578125,703.6318359375,1405.7222900390625,675.9801330566406,18.9365234375,55.30340576171875
IMG_0029.mp4,6922,230.9642976309643,29.97,1547,2,traffic_signs,0.514654278755188,632.5606079101562,776.9317626953125,649.8050537109375,789.9113159179688,641.1828308105469,783.4215393066406,17.24444580078125,12.97955322265625
IMG_0029.mp4,6922,230.9642976309643,29.97,1546,2,traffic_signs,0.36840736865997314,1366.27392578125,741.8924560546875,1378.840576171875,760.8881225585938,1372.5572509765625,751.3902893066406,12.566650390625,18.99566650390625
IMG_0029.mp4,6923,230.99766433099768,29.97,1547,2,traffic_signs,0.49390512704849243,634.0287475585938,777.372802734375,650.8532104492188,790.4520874023438,642.4409790039062,783.9124450683594,16.824462890625,13.07928466796875
IMG_0029.mp4,6923,230.99766433099768,29.97,1546,2,traffic_signs,0.5790796279907227,1371.227294921875,740.7617797851562,1384.7054443359375,761.6359252929688,1377.9663696289062,751.1988525390625,13.4781494140625,20.8741455078125
IMG_0029.mp4,6924,231.03103103103103,29.97,1547,2,traffic_signs,0.4978039562702179,636.3005981445312,777.5797119140625,652.4359741210938,791.2694702148438,644.3682861328125,784.4245910644531,16.1353759765625,13.68975830078125
IMG_0029.mp4,6924,231.03103103103103,29.97,1546,2,traffic_signs,0.6219971179962158,1376.617431640625,740.4847412109375,1390.0386962890625,761.5698852539062,1383.3280639648438,751.0273132324219,13.4212646484375,21.08514404296875
IMG_0029.mp4,6925,231.06439773106442,29.97,1547,2,traffic_signs,0.5047496557235718,638.7542114257812,777.5953979492188,654.7015380859375,791.7806396484375,646.7278747558594,784.6880187988281,15.94732666015625,14.18524169921875
IMG_0029.mp4,6925,231.06439773106442,29.97,1546,2,traffic_signs,0.613766610622406,1381.6658935546875,740.4598999023438,1395.8660888671875,761.8895874023438,1388.7659912109375,751.1747436523438,14.2001953125,21.4296875
IMG_0029.mp4,6926,231.09776443109777,29.97,1547,2,traffic_signs,0.47382599115371704,641.7128295898438,777.419921875,656.5726928710938,791.8243408203125,649.1427612304688,784.6221313476562,14.85986328125,14.4044189453125
IMG_0029.mp4,6926,231.09776443109777,29.97,1546,2,traffic_signs,0.43290674686431885,1387.708740234375,739.6739501953125,1401.6630859375,761.0372314453125,1394.6859130859375,750.3555908203125,13.954345703125,21.36328125
IMG_0029.mp4,6927,231.13113113113113,29.97,1547,2,traffic_signs,0.4663022756576538,643.2738037109375,778.182373046875,657.914794921875,792.6546630859375,650.5942993164062,785.4185180664062,14.6409912109375,14.4722900390625
IMG_0029.mp4,6927,231.13113113113113,29.97,1546,2,traffic_signs,0.5281277298927307,1392.8897705078125,739.4136352539062,1407.65771484375,761.423828125,1400.2737426757812,750.4187316894531,14.7679443359375,22.01019287109375
IMG_0029.mp4,6928,231.1644978311645,29.97,1547,2,traffic_signs,0.43282341957092285,645.643310546875,778.335693359375,659.7174072265625,793.3562622070312,652.6803588867188,785.8459777832031,14.0740966796875,15.02056884765625
IMG_0029.mp4,6928,231.1644978311645,29.97,1546,2,traffic_signs,0.6354466676712036,1399.1385498046875,739.05712890625,1413.9189453125,760.7913208007812,1406.5287475585938,749.9242248535156,14.7803955078125,21.73419189453125
IMG_0029.mp4,6929,231.19786453119787,29.97,1547,2,traffic_signs,0.45769527554512024,647.4009399414062,778.22412109375,661.9013061523438,793.6177978515625,654.651123046875,785.9209594726562,14.5003662109375,15.3936767578125
IMG_0029.mp4,6929,231.19786453119787,29.97,1546,2,traffic_signs,0.6938405632972717,1405.2232666015625,737.9790649414062,1420.7718505859375,760.77978515625,1412.99755859375,749.3794250488281,15.548583984375,22.80072021484375
IMG_0029.mp4,6930,231.23123123123125,29.97,1547,2,traffic_signs,0.3865394592285156,650.304443359375,778.4125366210938,664.6674194335938,794.5621948242188,657.4859313964844,786.4873657226562,14.36297607421875,16.149658203125
IMG_0029.mp4,6930,231.23123123123125,29.97,1546,2,traffic_signs,0.49951979517936707,1411.530029296875,738.7957763671875,1426.888671875,760.7684936523438,1419.2093505859375,749.7821350097656,15.358642578125,21.97271728515625
IMG_0029.mp4,6931,231.2645979312646,29.97,1547,2,traffic_signs,0.3085651993751526,652.9147338867188,778.718505859375,667.3842163085938,794.673828125,660.1494750976562,786.6961669921875,14.469482421875,15.955322265625
IMG_0029.mp4,6931,231.2645979312646,29.97,1546,2,traffic_signs,0.7085734605789185,1418.2808837890625,737.6098022460938,1434.3131103515625,760.678466796875,1426.2969970703125,749.1441345214844,16.0322265625,23.06866455078125
IMG_0029.mp4,6932,231.297964631298,29.97,1547,2,traffic_signs,0.6310149431228638,655.1611938476562,779.1272583007812,669.1259765625,794.34619140625,662.1435852050781,786.7367248535156,13.96478271484375,15.21893310546875
IMG_0029.mp4,6932,231.297964631298,29.97,1546,2,traffic_signs,0.49899768829345703,1424.407470703125,736.5186767578125,1440.4251708984375,760.4857177734375,1432.4163208007812,748.502197265625,16.0177001953125,23.967041015625
IMG_0029.mp4,6933,231.33133133133134,29.97,1547,2,traffic_signs,0.49762991070747375,657.6041870117188,779.931884765625,671.4346313476562,795.0706787109375,664.5194091796875,787.5012817382812,13.8304443359375,15.1387939453125
IMG_0029.mp4,6934,231.3646980313647,29.97,1547,2,traffic_signs,0.6656739711761475,661.352294921875,780.0634155273438,674.6035766601562,795.6212768554688,667.9779357910156,787.8423461914062,13.25128173828125,15.557861328125
IMG_0029.mp4,6934,231.3646980313647,29.97,1563,2,traffic_signs,0.5758379697799683,546.2131958007812,774.0993041992188,554.1249389648438,792.63232421875,550.1690673828125,783.3658142089844,7.9117431640625,18.53302001953125
IMG_0029.mp4,6935,231.39806473139808,29.97,1547,2,traffic_signs,0.5637832880020142,663.274169921875,780.7680053710938,676.5914916992188,796.3301391601562,669.9328308105469,788.549072265625,13.31732177734375,15.5621337890625
IMG_0029.mp4,6935,231.39806473139808,29.97,1563,2,traffic_signs,0.3670147657394409,547.6414184570312,773.7098999023438,555.778076171875,793.6072387695312,551.7097473144531,783.6585693359375,8.13665771484375,19.8973388671875
IMG_0029.mp4,6935,231.39806473139808,29.97,1546,2,traffic_signs,0.33374524116516113,1445.4320068359375,735.298095703125,1462.0758056640625,759.6922607421875,1453.75390625,747.4951782226562,16.643798828125,24.3941650390625
IMG_0029.mp4,6936,231.43143143143143,29.97,1547,2,traffic_signs,0.5910496711730957,666.3121948242188,780.7803344726562,679.5634765625,796.3001098632812,672.9378356933594,788.5402221679688,13.25128173828125,15.519775390625
IMG_0029.mp4,6936,231.43143143143143,29.97,1546,2,traffic_signs,0.331625372171402,1452.938720703125,735.0093383789062,1469.6988525390625,758.84130859375,1461.3187866210938,746.9253234863281,16.7601318359375,23.83197021484375
IMG_0029.mp4,6936,231.43143143143143,29.97,1555,1,traffic_lights,0.27927377820014954,1487.4835205078125,634.177978515625,1509.641845703125,690.8535766601562,1498.5626831054688,662.5157775878906,22.1583251953125,56.67559814453125
IMG_0029.mp4,6937,231.46479813146482,29.97,1547,2,traffic_signs,0.6792455911636353,668.0575561523438,781.1468505859375,681.9873657226562,796.463134765625,675.0224609375,788.8049926757812,13.9298095703125,15.3162841796875
IMG_0029.mp4,6937,231.46479813146482,29.97,1555,1,traffic_lights,0.25213733315467834,1495.1341552734375,633.7820434570312,1516.8258056640625,691.545166015625,1505.97998046875,662.6636047363281,21.691650390625,57.76312255859375
IMG_0029.mp4,6937,231.46479813146482,29.97,1563,2,traffic_signs,0.5595020651817322,553.4298706054688,775.3855590820312,561.1473999023438,794.596435546875,557.2886352539062,784.9909973144531,7.717529296875,19.21087646484375
IMG_0029.mp4,6938,231.49816483149817,29.97,1547,2,traffic_signs,0.5936957597732544,670.8980102539062,781.2113037109375,684.8610229492188,796.1778564453125,677.8795166015625,788.694580078125,13.9630126953125,14.966552734375
IMG_0029.mp4,6938,231.49816483149817,29.97,1563,2,traffic_signs,0.5195784568786621,554.9329223632812,775.2774658203125,563.0370483398438,794.8113403320312,558.9849853515625,785.0444030761719,8.1041259765625,19.53387451171875
IMG_0029.mp4,6938,231.49816483149817,29.97,1546,2,traffic_signs,0.5523494482040405,1468.1036376953125,733.5911865234375,1483.959716796875,757.4447631835938,1476.0316772460938,745.5179748535156,15.8560791015625,23.85357666015625
IMG_0029.mp4,6939,231.53153153153153,29.97,1547,2,traffic_signs,0.756959855556488,673.5394287109375,781.5951538085938,688.0489501953125,796.4034423828125,680.794189453125,788.9992980957031,14.509521484375,14.80828857421875
IMG_0029.mp4,6939,231.53153153153153,29.97,1563,2,traffic_signs,0.2865334749221802,557.2786865234375,775.306884765625,565.7515869140625,795.453125,561.51513671875,785.3800048828125,8.472900390625,20.146240234375
IMG_0029.mp4,6939,231.53153153153153,29.97,1546,2,traffic_signs,0.35215964913368225,1475.41162109375,733.7317504882812,1491.9249267578125,758.0670166015625,1483.6682739257812,745.8993835449219,16.5133056640625,24.33526611328125
IMG_0029.mp4,6940,231.5648982315649,29.97,1547,2,traffic_signs,0.6907997131347656,676.17529296875,781.3357543945312,691.1548461914062,796.13818359375,683.6650695800781,788.7369689941406,14.97955322265625,14.80242919921875
IMG_0029.mp4,6941,231.59826493159827,29.97,1547,2,traffic_signs,0.781765341758728,678.6747436523438,781.99169921875,695.997314453125,796.1026000976562,687.3360290527344,789.0471496582031,17.32257080078125,14.11090087890625
IMG_0029.mp4,6941,231.59826493159827,29.97,1563,2,traffic_signs,0.30994948744773865,563.5421752929688,776.434814453125,571.7106323242188,795.51806640625,567.6264038085938,785.9764404296875,8.16845703125,19.083251953125
IMG_0029.mp4,6942,231.63163163163165,29.97,1547,2,traffic_signs,0.7690052390098572,681.2376708984375,783.1595458984375,698.9121704101562,797.1873779296875,690.0749206542969,790.1734619140625,17.67449951171875,14.02783203125
IMG_0029.mp4,6943,231.664998331665,29.97,1547,2,traffic_signs,0.7508293986320496,684.5546264648438,782.5003662109375,701.4305419921875,797.8025512695312,692.9925842285156,790.1514587402344,16.87591552734375,15.30218505859375
IMG_0029.mp4,6944,231.6983650316984,29.97,1547,2,traffic_signs,0.8053030371665955,686.7646484375,781.3097534179688,703.735107421875,797.7999267578125,695.2498779296875,789.5548400878906,16.970458984375,16.49017333984375
IMG_0029.mp4,6945,231.73173173173174,29.97,1547,2,traffic_signs,0.8060809373855591,689.7970581054688,781.9522705078125,707.5492553710938,798.6190185546875,698.6731567382812,790.28564453125,17.752197265625,16.666748046875
IMG_0029.mp4,6946,231.7650984317651,29.97,1547,2,traffic_signs,0.5439723134040833,693.138427734375,783.2576293945312,709.931640625,799.7406005859375,701.5350341796875,791.4991149902344,16.793212890625,16.48297119140625
IMG_0029.mp4,6947,231.79846513179848,29.97,1547,2,traffic_signs,0.7599921822547913,696.2590942382812,783.0888671875,713.0923461914062,799.53662109375,704.6757202148438,791.312744140625,16.833251953125,16.44775390625
IMG_0029.mp4,6948,231.83183183183183,29.97,1547,2,traffic_signs,0.7676182389259338,698.4735107421875,782.7238159179688,715.5975952148438,799.6221923828125,707.0355529785156,791.1730041503906,17.12408447265625,16.89837646484375
IMG_0029.mp4,6949,231.86519853186522,29.97,1547,2,traffic_signs,0.7866345047950745,701.2872924804688,783.0800170898438,719.3759155273438,800.102783203125,710.3316040039062,791.5914001464844,18.088623046875,17.02276611328125
IMG_0029.mp4,6950,231.89856523189857,29.97,1547,2,traffic_signs,0.782959520816803,705.6043090820312,782.9998168945312,723.427490234375,799.7163696289062,714.5158996582031,791.3580932617188,17.82318115234375,16.716552734375
IMG_0029.mp4,6951,231.93193193193193,29.97,1547,2,traffic_signs,0.7091904282569885,708.7294921875,782.3340454101562,726.6382446289062,799.9842529296875,717.6838684082031,791.1591491699219,17.90875244140625,17.65020751953125
IMG_0029.mp4,6952,231.9652986319653,29.97,1547,2,traffic_signs,0.7919830679893494,714.649658203125,782.3908081054688,731.3870239257812,800.237060546875,723.0183410644531,791.3139343261719,16.73736572265625,17.84625244140625
IMG_0029.mp4,6953,231.99866533199867,29.97,1547,2,traffic_signs,0.763004720211029,718.0581665039062,781.8807983398438,734.1643676757812,800.077880859375,726.1112670898438,790.9793395996094,16.106201171875,18.19708251953125
IMG_0029.mp4,6954,232.03203203203205,29.97,1547,2,traffic_signs,0.7800852060317993,722.1541748046875,781.1552734375,738.2667846679688,799.6124877929688,730.2104797363281,790.3838806152344,16.11260986328125,18.45721435546875
IMG_0029.mp4,6955,232.0653987320654,29.97,1547,2,traffic_signs,0.7859598994255066,725.762939453125,781.2012939453125,741.6124267578125,799.2085571289062,733.6876831054688,790.2049255371094,15.8494873046875,18.00726318359375
IMG_0029.mp4,6956,232.0987654320988,29.97,1547,2,traffic_signs,0.7802994251251221,729.8204345703125,781.01025390625,745.9073486328125,798.9869995117188,737.8638916015625,789.9986267089844,16.0869140625,17.97674560546875
IMG_0029.mp4,6957,232.13213213213214,29.97,1547,2,traffic_signs,0.7673931121826172,732.7577514648438,780.922607421875,749.281494140625,799.230712890625,741.0196228027344,790.07666015625,16.52374267578125,18.30810546875
IMG_0029.mp4,6958,232.1654988321655,29.97,1547,2,traffic_signs,0.8015536665916443,737.2520751953125,780.72607421875,752.8743896484375,799.1998901367188,745.063232421875,789.9629821777344,15.622314453125,18.47381591796875
IMG_0029.mp4,6959,232.19886553219888,29.97,1547,2,traffic_signs,0.7466276288032532,740.6685180664062,780.3876342773438,755.9447021484375,799.0264282226562,748.3066101074219,789.70703125,15.27618408203125,18.6387939453125
IMG_0029.mp4,6960,232.23223223223223,29.97,1547,2,traffic_signs,0.7812914848327637,744.9781494140625,779.8787231445312,759.7994995117188,799.0665893554688,752.3888244628906,789.47265625,14.82135009765625,19.1878662109375
IMG_0029.mp4,6961,232.26559893226562,29.97,1547,2,traffic_signs,0.6950991749763489,748.5498657226562,779.5816040039062,764.0236206054688,798.455078125,756.2867431640625,789.0183410644531,15.4737548828125,18.87347412109375
IMG_0029.mp4,6962,232.29896563229897,29.97,1547,2,traffic_signs,0.756035566329956,750.2913818359375,779.69921875,766.2432861328125,798.261474609375,758.267333984375,788.9803466796875,15.951904296875,18.562255859375
IMG_0029.mp4,6962,232.29896563229897,29.97,1569,2,traffic_signs,0.5884626507759094,1708.937744140625,706.7069091796875,1736.382080078125,738.0648803710938,1722.659912109375,722.3858947753906,27.4443359375,31.35797119140625
IMG_0029.mp4,6963,232.33233233233233,29.97,1547,2,traffic_signs,0.6740458607673645,755.7747192382812,778.8231201171875,771.0260009765625,799.0537109375,763.4003601074219,788.9384155273438,15.25128173828125,20.2305908203125
IMG_0029.mp4,6964,232.3656990323657,29.97,1547,2,traffic_signs,0.6164734959602356,758.9461059570312,779.0262451171875,775.414794921875,799.1414184570312,767.1804504394531,789.0838317871094,16.46868896484375,20.11517333984375
IMG_0029.mp4,6965,232.39906573239907,29.97,1547,2,traffic_signs,0.7621121406555176,763.9229125976562,778.6026611328125,779.3868408203125,798.4149780273438,771.6548767089844,788.5088195800781,15.46392822265625,19.81231689453125
IMG_0029.mp4,6966,232.43243243243245,29.97,1547,2,traffic_signs,0.807396411895752,767.9086303710938,777.4000244140625,782.3414916992188,797.8218383789062,775.1250610351562,787.6109313964844,14.432861328125,20.42181396484375
IMG_0029.mp4,6967,232.4657991324658,29.97,1547,2,traffic_signs,0.38474225997924805,772.3023071289062,777.0584106445312,787.8623046875,796.2974853515625,780.0823059082031,786.6779479980469,15.55999755859375,19.23907470703125
IMG_0029.mp4,6968,232.4991658324992,29.97,1547,2,traffic_signs,0.803934633731842,775.8788452148438,776.2144775390625,791.9763793945312,795.2926635742188,783.9276123046875,785.7535705566406,16.0975341796875,19.07818603515625
IMG_0029.mp4,6969,232.53253253253254,29.97,1547,2,traffic_signs,0.7819106578826904,779.9259643554688,775.510498046875,796.1491088867188,794.2939453125,788.0375366210938,784.9022216796875,16.22314453125,18.783447265625
IMG_0029.mp4,6970,232.5658992325659,29.97,1547,2,traffic_signs,0.5397641658782959,784.8456420898438,775.6309204101562,800.6302490234375,793.082763671875,792.7379455566406,784.3568420410156,15.78460693359375,17.45184326171875
IMG_0029.mp4,6971,232.59926593259928,29.97,1547,2,traffic_signs,0.7697567939758301,788.8015747070312,775.7213745117188,805.6689453125,792.497314453125,797.2352600097656,784.1093444824219,16.86737060546875,16.77593994140625
IMG_0029.mp4,6972,232.63263263263264,29.97,1547,2,traffic_signs,0.7500087022781372,793.56494140625,775.5769653320312,810.2174682617188,792.1992797851562,801.8912048339844,783.8881225585938,16.65252685546875,16.622314453125
IMG_0029.mp4,6973,232.66599933266602,29.97,1547,2,traffic_signs,0.5442022681236267,797.4041137695312,775.86865234375,813.0055541992188,791.9970703125,805.204833984375,783.932861328125,15.6014404296875,16.12841796875
IMG_0029.mp4,6974,232.69936603269937,29.97,1547,2,traffic_signs,0.7513265013694763,801.2947387695312,775.5137939453125,817.6007690429688,791.6566772460938,809.44775390625,783.5852355957031,16.3060302734375,16.14288330078125
IMG_0029.mp4,6975,232.73273273273273,29.97,1547,2,traffic_signs,0.7288146615028381,806.20849609375,775.5855102539062,822.6593627929688,792.0640869140625,814.4339294433594,783.8247985839844,16.45086669921875,16.47857666015625
IMG_0029.mp4,6976,232.7660994327661,29.97,1547,2,traffic_signs,0.740369975566864,809.9140014648438,774.3663940429688,826.5440063476562,791.7701416015625,818.22900390625,783.0682678222656,16.6300048828125,17.40374755859375
IMG_0029.mp4,6977,232.79946613279947,29.97,1547,2,traffic_signs,0.7527337670326233,814.0115356445312,773.947021484375,830.9951171875,792.2408447265625,822.5033264160156,783.0939331054688,16.98358154296875,18.2938232421875
IMG_0029.mp4,6978,232.83283283283285,29.97,1547,2,traffic_signs,0.7708913683891296,818.3732299804688,772.4136352539062,836.6312866210938,791.71826171875,827.5022583007812,782.0659484863281,18.258056640625,19.30462646484375
IMG_0029.mp4,6979,232.8661995328662,29.97,1547,2,traffic_signs,0.5975998044013977,822.0045776367188,772.5346069335938,840.5464477539062,791.1051025390625,831.2755126953125,781.8198547363281,18.5418701171875,18.57049560546875
IMG_0029.mp4,6980,232.8995662328996,29.97,1547,2,traffic_signs,0.5075203776359558,827.0650634765625,770.6542358398438,844.5516967773438,788.6576538085938,835.8083801269531,779.6559448242188,17.48663330078125,18.00341796875
IMG_0029.mp4,6981,232.93293293293294,29.97,1547,2,traffic_signs,0.4775015711784363,831.1563720703125,770.3124389648438,848.5682373046875,788.3641967773438,839.8623046875,779.3383178710938,17.411865234375,18.0517578125
IMG_0029.mp4,6983,232.99966633299968,29.97,1547,2,traffic_signs,0.3519343137741089,840.2091064453125,767.9507446289062,858.2796020507812,786.375732421875,849.2443542480469,777.1632385253906,18.07049560546875,18.42498779296875
IMG_0029.mp4,6984,233.03303303303304,29.97,1547,2,traffic_signs,0.6324513554573059,845.406982421875,769.3372802734375,862.4093017578125,788.41796875,853.9081420898438,778.8776245117188,17.0023193359375,19.0806884765625
IMG_0029.mp4,6985,233.06639973306642,29.97,1547,2,traffic_signs,0.6502139568328857,850.5850219726562,769.4284057617188,867.474365234375,788.3114013671875,859.0296936035156,778.8699035644531,16.88934326171875,18.88299560546875
IMG_0029.mp4,6986,233.09976643309977,29.97,1547,2,traffic_signs,0.746194064617157,854.4072265625,768.736328125,872.0118408203125,788.7359008789062,863.2095336914062,778.7361145019531,17.6046142578125,19.99957275390625
IMG_0029.mp4,6987,233.13313313313313,29.97,1547,2,traffic_signs,0.6243465542793274,859.0224609375,768.7726440429688,877.3740844726562,788.1546020507812,868.1982727050781,778.463623046875,18.35162353515625,19.3819580078125
IMG_0029.mp4,6988,233.1664998331665,29.97,1547,2,traffic_signs,0.7242370247840881,864.044921875,768.38330078125,881.2252197265625,788.2910766601562,872.6350708007812,778.3371887207031,17.1802978515625,19.90777587890625
IMG_0029.mp4,6989,233.19986653319987,29.97,1547,2,traffic_signs,0.7551541328430176,868.9061889648438,767.8662719726562,886.0474243164062,787.3342895507812,877.476806640625,777.6002807617188,17.1412353515625,19.468017578125
IMG_0029.mp4,6990,233.23323323323325,29.97,1547,2,traffic_signs,0.678989827632904,873.5257568359375,767.5696411132812,890.4476928710938,787.1671142578125,881.9867248535156,777.3683776855469,16.92193603515625,19.59747314453125
IMG_0029.mp4,6991,233.2665999332666,29.97,1547,2,traffic_signs,0.7187175750732422,878.6824340820312,767.0708618164062,896.5359497070312,786.9080200195312,887.6091918945312,776.9894409179688,17.853515625,19.837158203125
IMG_0029.mp4,6992,233.2999666333,29.97,1547,2,traffic_signs,0.6703914999961853,882.5997314453125,767.261474609375,901.0830078125,786.13720703125,891.8413696289062,776.6993408203125,18.4832763671875,18.875732421875
IMG_0029.mp4,6993,233.33333333333334,29.97,1547,2,traffic_signs,0.6993129849433899,888.0746459960938,766.7042846679688,906.52392578125,786.036376953125,897.2992858886719,776.3703308105469,18.44927978515625,19.33209228515625
IMG_0029.mp4,6994,233.3667000333667,29.97,1547,2,traffic_signs,0.7618855237960815,893.1502685546875,766.2265014648438,910.9158325195312,785.0396728515625,902.0330505371094,775.6330871582031,17.76556396484375,18.81317138671875
IMG_0029.mp4,6995,233.40006673340008,29.97,1547,2,traffic_signs,0.7639011144638062,898.6439208984375,765.0743408203125,915.9244995117188,784.7645874023438,907.2842102050781,774.9194641113281,17.28057861328125,19.69024658203125
IMG_0029.mp4,6996,233.43343343343344,29.97,1547,2,traffic_signs,0.7841310501098633,903.2786865234375,763.7750854492188,920.478271484375,784.1915893554688,911.8784790039062,773.9833374023438,17.1995849609375,20.41650390625
IMG_0029.mp4,6997,233.46680013346682,29.97,1547,2,traffic_signs,0.639491617679596,908.661865234375,762.5576782226562,925.1673583984375,783.0701904296875,916.9146118164062,772.8139343261719,16.5054931640625,20.51251220703125
IMG_0029.mp4,6997,233.46680013346682,29.97,1582,1,traffic_lights,0.5210168361663818,374.1423034667969,762.1043701171875,397.07659912109375,789.40673828125,385.6094512939453,775.7555541992188,22.934295654296875,27.3023681640625
IMG_0029.mp4,6998,233.50016683350017,29.97,1547,2,traffic_signs,0.6254112720489502,914.7303466796875,761.5368041992188,931.3311157226562,782.6759643554688,923.0307312011719,772.1063842773438,16.60076904296875,21.13916015625
IMG_0029.mp4,6998,233.50016683350017,29.97,1582,1,traffic_lights,0.6568068265914917,377.07098388671875,760.312255859375,401.05706787109375,789.8938598632812,389.06402587890625,775.1030578613281,23.986083984375,29.58160400390625
IMG_0029.mp4,6999,233.53353353353353,29.97,1582,1,traffic_lights,0.764162003993988,380.23236083984375,759.2695922851562,404.5550537109375,789.8873901367188,392.3937072753906,774.5784912109375,24.32269287109375,30.6177978515625
IMG_0029.mp4,7000,233.5669002335669,29.97,1582,1,traffic_lights,0.7951843738555908,384.1131286621094,758.905029296875,406.0174865722656,789.8081665039062,395.0653076171875,774.3565979003906,21.90435791015625,30.90313720703125
IMG_0029.mp4,7000,233.5669002335669,29.97,1547,2,traffic_signs,0.40053510665893555,925.654296875,761.2235717773438,943.31640625,781.5986938476562,934.4853515625,771.4111328125,17.662109375,20.3751220703125
IMG_0029.mp4,7001,233.60026693360027,29.97,1582,1,traffic_lights,0.6766649484634399,387.3222961425781,759.5551147460938,408.3654479980469,789.4242553710938,397.8438720703125,774.4896850585938,21.04315185546875,29.869140625
IMG_0029.mp4,7002,233.63363363363365,29.97,1582,1,traffic_lights,0.7303627729415894,390.5062255859375,759.2300415039062,407.2733459472656,789.1369018554688,398.88978576660156,774.1834716796875,16.767120361328125,29.9068603515625
IMG_0029.mp4,7003,233.667000333667,29.97,1582,1,traffic_lights,0.6520861387252808,394.326171875,759.96826171875,408.8559265136719,789.3246459960938,401.59104919433594,774.6464538574219,14.529754638671875,29.35638427734375
IMG_0029.mp4,7004,233.7003670337004,29.97,1582,1,traffic_lights,0.3995979130268097,399.6261291503906,761.0281372070312,412.04547119140625,789.1925048828125,405.83580017089844,775.1103210449219,12.419342041015625,28.16436767578125
IMG_0029.mp4,7005,233.73373373373374,29.97,1547,2,traffic_signs,0.2724245488643646,951.830078125,758.9322509765625,969.6248779296875,780.446044921875,960.7274780273438,769.6891479492188,17.7947998046875,21.5137939453125
IMG_0029.mp4,7013,234.00066733400067,29.97,1547,2,traffic_signs,0.3246801197528839,1000.8179321289062,752.7294311523438,1016.8153076171875,778.074951171875,1008.8166198730469,765.4021911621094,15.99737548828125,25.34552001953125
IMG_0029.mp4,7015,234.0674007340674,29.97,1547,2,traffic_signs,0.48069509863853455,1014.5220336914062,751.8714599609375,1030.6416015625,777.0366821289062,1022.5818176269531,764.4540710449219,16.11956787109375,25.16522216796875
IMG_0029.mp4,7016,234.1007674341008,29.97,1547,2,traffic_signs,0.4888615012168884,1021.8207397460938,751.3509521484375,1038.6507568359375,776.5303344726562,1030.2357482910156,763.9406433105469,16.83001708984375,25.17938232421875
IMG_0029.mp4,7017,234.13413413413414,29.97,1547,2,traffic_signs,0.48062220215797424,1028.0096435546875,750.471923828125,1045.46435546875,775.2252197265625,1036.7369995117188,762.8485717773438,17.4547119140625,24.7532958984375
IMG_0029.mp4,7018,234.1675008341675,29.97,1547,2,traffic_signs,0.6569504141807556,1034.8623046875,749.7484130859375,1052.998046875,774.6842041015625,1043.93017578125,762.21630859375,18.1357421875,24.935791015625
IMG_0029.mp4,7019,234.20086753420088,29.97,1547,2,traffic_signs,0.42896148562431335,1042.053466796875,749.6859130859375,1060.5540771484375,774.1646728515625,1051.3037719726562,761.92529296875,18.5006103515625,24.478759765625
IMG_0029.mp4,7020,234.23423423423424,29.97,1547,2,traffic_signs,0.6921930909156799,1049.285400390625,748.545654296875,1067.1273193359375,773.0342407226562,1058.2063598632812,760.7899475097656,17.8419189453125,24.48858642578125
IMG_0029.mp4,7021,234.26760093426762,29.97,1547,2,traffic_signs,0.7291452884674072,1057.3646240234375,747.9241943359375,1074.7130126953125,773.130859375,1066.038818359375,760.5275268554688,17.348388671875,25.2066650390625
IMG_0029.mp4,7023,234.33433433433433,29.97,1547,2,traffic_signs,0.27176767587661743,1071.7017822265625,746.2781982421875,1090.1121826171875,771.936767578125,1080.906982421875,759.1074829101562,18.410400390625,25.6585693359375
IMG_0029.mp4,7024,234.3677010343677,29.97,1547,2,traffic_signs,0.5925717353820801,1080.0780029296875,746.313720703125,1098.7537841796875,770.8687133789062,1089.4158935546875,758.5912170410156,18.67578125,24.55499267578125
IMG_0029.mp4,7025,234.40106773440107,29.97,1547,2,traffic_signs,0.44128498435020447,1087.5008544921875,745.51171875,1107.060302734375,769.8228149414062,1097.2805786132812,757.6672668457031,19.5594482421875,24.31109619140625
IMG_0029.mp4,7026,234.43443443443445,29.97,1547,2,traffic_signs,0.6309983134269714,1094.6729736328125,744.2489013671875,1114.260009765625,768.6386108398438,1104.4664916992188,756.4437561035156,19.5870361328125,24.38970947265625
IMG_0029.mp4,7027,234.4678011344678,29.97,1547,2,traffic_signs,0.6358948349952698,1103.4984130859375,743.1748046875,1122.464599609375,767.91259765625,1112.9815063476562,755.543701171875,18.9661865234375,24.73779296875
IMG_0029.mp4,7029,234.53453453453454,29.97,1547,2,traffic_signs,0.44690319895744324,1119.5006103515625,741.8449096679688,1138.6727294921875,766.4777221679688,1129.086669921875,754.1613159179688,19.172119140625,24.6328125
IMG_0029.mp4,7030,234.5679012345679,29.97,1547,2,traffic_signs,0.6256769299507141,1128.7015380859375,741.4810180664062,1147.9453125,765.6869506835938,1138.3234252929688,753.583984375,19.2437744140625,24.2059326171875
IMG_0029.mp4,7031,234.60126793460128,29.97,1547,2,traffic_signs,0.6404274702072144,1136.59521484375,739.6045532226562,1156.7896728515625,763.9590454101562,1146.6924438476562,751.7817993164062,20.1944580078125,24.3544921875
IMG_0029.mp4,7032,234.63463463463464,29.97,1547,2,traffic_signs,0.6243581771850586,1145.1265869140625,739.387451171875,1164.8758544921875,763.5250854492188,1155.001220703125,751.4562683105469,19.749267578125,24.13763427734375
IMG_0029.mp4,7033,234.66800133466802,29.97,1547,2,traffic_signs,0.5086503624916077,1154.064208984375,738.2676391601562,1174.2392578125,763.2806396484375,1164.1517333984375,750.7741394042969,20.175048828125,25.01300048828125
IMG_0029.mp4,7034,234.70136803470137,29.97,1547,2,traffic_signs,0.7747669816017151,1163.6123046875,737.2579345703125,1184.0955810546875,763.0816040039062,1173.8539428710938,750.1697692871094,20.4832763671875,25.82366943359375
IMG_0029.mp4,7034,234.70136803470137,29.97,1584,1,traffic_lights,0.7901183366775513,0.5548014640808105,544.6056518554688,16.4610538482666,589.1823120117188,8.507927656173706,566.8939819335938,15.906252384185791,44.57666015625
IMG_0029.mp4,7035,234.73473473473473,29.97,1547,2,traffic_signs,0.803101122379303,1172.7637939453125,736.4775390625,1193.7144775390625,761.887939453125,1183.2391357421875,749.1827392578125,20.95068359375,25.410400390625
IMG_0029.mp4,7035,234.73473473473473,29.97,1584,1,traffic_lights,0.8504529595375061,0.21376441419124603,543.0308837890625,20.89117431640625,590.7918701171875,10.552469365298748,566.911376953125,20.677409902215004,47.760986328125
IMG_0029.mp4,7036,234.7681014347681,29.97,1547,2,traffic_signs,0.6241487860679626,1182.8944091796875,736.0463256835938,1203.404296875,760.8927001953125,1193.1493530273438,748.4695129394531,20.5098876953125,24.84637451171875
IMG_0029.mp4,7036,234.7681014347681,29.97,1584,1,traffic_lights,0.8683244585990906,0.5919610261917114,542.4087524414062,27.087108612060547,590.8653564453125,13.83953481912613,566.6370544433594,26.495147585868835,48.45660400390625
IMG_0029.mp4,7037,234.80146813480147,29.97,1547,2,traffic_signs,0.7477242946624756,1192.4332275390625,734.7919311523438,1212.7322998046875,760.1265258789062,1202.582763671875,747.459228515625,20.299072265625,25.3345947265625
IMG_0029.mp4,7037,234.80146813480147,29.97,1584,1,traffic_lights,0.8991253972053528,2.3523411750793457,542.0672607421875,36.20304870605469,592.6029663085938,19.277694940567017,567.3351135253906,33.85070753097534,50.53570556640625
IMG_0029.mp4,7038,234.83483483483485,29.97,1547,2,traffic_signs,0.31284862756729126,1201.7437744140625,732.3322143554688,1222.6876220703125,759.6328125,1212.2156982421875,745.9825134277344,20.94384765625,27.30059814453125
IMG_0029.mp4,7038,234.83483483483485,29.97,1584,1,traffic_lights,0.8680314421653748,0.6164243221282959,540.6939086914062,40.16012191772461,591.7291870117188,20.388273119926453,566.2115478515625,39.54369759559631,51.0352783203125
IMG_0029.mp4,7039,234.8682015348682,29.97,1547,2,traffic_signs,0.6513301730155945,1211.28173828125,731.44677734375,1233.194580078125,758.7017822265625,1222.2381591796875,745.0742797851562,21.912841796875,27.2550048828125
IMG_0029.mp4,7039,234.8682015348682,29.97,1584,1,traffic_lights,0.7261577248573303,1.1761599779129028,540.4765625,46.46017074584961,591.8347778320312,23.818165361881256,566.1556701660156,45.28401076793671,51.35821533203125
IMG_0029.mp4,7040,234.9015682349016,29.97,1547,2,traffic_signs,0.29276004433631897,1221.6292724609375,730.9124755859375,1243.332275390625,757.0516357421875,1232.4807739257812,743.9820556640625,21.7030029296875,26.13916015625
IMG_0029.mp4,7040,234.9015682349016,29.97,1584,1,traffic_lights,0.8215688467025757,0.42161306738853455,539.4204711914062,49.676666259765625,589.5099487304688,25.04913966357708,564.4652099609375,49.25505319237709,50.0894775390625
IMG_0029.mp4,7041,234.93493493493494,29.97,1584,1,traffic_lights,0.5600526928901672,2.1026666164398193,539.221435546875,55.099571228027344,585.4586181640625,28.60111892223358,562.3400268554688,52.996904611587524,46.2371826171875
IMG_0029.mp4,7042,234.9683016349683,29.97,1584,1,traffic_lights,0.4957386553287506,7.702247142791748,539.6763305664062,58.70868682861328,582.5665283203125,33.205466985702515,561.1214294433594,51.00643968582153,42.89019775390625
IMG_0029.mp4,7042,234.9683016349683,29.97,1547,2,traffic_signs,0.3034083843231201,1243.0860595703125,728.6467895507812,1264.6246337890625,754.0667114257812,1253.8553466796875,741.3567504882812,21.53857421875,25.419921875
IMG_0029.mp4,7043,235.00166833500168,29.97,1584,1,traffic_lights,0.6041925549507141,13.976646423339844,539.3131713867188,64.39788818359375,582.983154296875,39.1872673034668,561.1481628417969,50.421241760253906,43.66998291015625
IMG_0029.mp4,7044,235.03503503503504,29.97,1547,2,traffic_signs,0.36862295866012573,1264.219482421875,725.6138916015625,1287.23046875,752.853515625,1275.7249755859375,739.2337036132812,23.010986328125,27.2396240234375
IMG_0029.mp4,7045,235.06840173506842,29.97,1587,1,traffic_lights,0.34274232387542725,1347.14794921875,734.1677856445312,1374.1197509765625,763.5957641601562,1360.6338500976562,748.8817749023438,26.9718017578125,29.427978515625
IMG_0029.mp4,7045,235.06840173506842,29.97,1584,1,traffic_lights,0.6471447348594666,23.334638595581055,538.3963623046875,76.84871673583984,585.4005126953125,50.09167766571045,561.8984375,53.51407814025879,47.004150390625
IMG_0029.mp4,7046,235.10176843510177,29.97,1584,1,traffic_lights,0.6970738768577576,10.490081787109375,536.2921752929688,82.31270599365234,586.6211547851562,46.40139389038086,561.4566650390625,71.82262420654297,50.3289794921875
IMG_0029.mp4,7046,235.10176843510177,29.97,1547,2,traffic_signs,0.4227025508880615,1287.02490234375,723.2721557617188,1310.54541015625,749.1243286132812,1298.78515625,736.1982421875,23.5205078125,25.8521728515625
IMG_0029.mp4,7047,235.13513513513516,29.97,1584,1,traffic_lights,0.6702173948287964,11.959468841552734,535.675048828125,89.35810089111328,587.1871337890625,50.65878486633301,561.4310913085938,77.39863204956055,51.5120849609375
IMG_0029.mp4,7047,235.13513513513516,29.97,1587,1,traffic_lights,0.5847107768058777,1374.371337890625,728.1083984375,1399.289794921875,761.0746459960938,1386.83056640625,744.5915222167969,24.91845703125,32.96624755859375
IMG_0029.mp4,7048,235.1685018351685,29.97,1584,1,traffic_lights,0.7411805391311646,10.23779010772705,534.342529296875,91.8065414428711,586.454345703125,51.02216577529907,560.3984375,81.56875133514404,52.11181640625
IMG_0029.mp4,7048,235.1685018351685,29.97,1547,2,traffic_signs,0.5409695506095886,1309.6617431640625,718.79541015625,1334.6343994140625,746.6040649414062,1322.1480712890625,732.6997375488281,24.97265625,27.80865478515625
IMG_0029.mp4,7049,235.20186853520187,29.97,1584,1,traffic_lights,0.466529905796051,14.808794021606445,533.572998046875,96.91157531738281,586.9011840820312,55.86018466949463,560.2370910644531,82.10278129577637,53.32818603515625
IMG_0029.mp4,7050,235.23523523523525,29.97,1584,1,traffic_lights,0.5664241313934326,22.429311752319336,533.8306274414062,102.88935852050781,587.3859252929688,62.659335136413574,560.6082763671875,80.46004676818848,53.5552978515625
IMG_0029.mp4,7050,235.23523523523525,29.97,1593,1,traffic_lights,0.6076988577842712,610.3867797851562,729.571044921875,651.1754760742188,775.8536987304688,630.7811279296875,752.7123718261719,40.7886962890625,46.28265380859375
IMG_0029.mp4,7050,235.23523523523525,29.97,1587,1,traffic_lights,0.3115004897117615,1415.2672119140625,720.161376953125,1443.8194580078125,757.6743774414062,1429.5433349609375,738.9178771972656,28.55224609375,37.51300048828125
IMG_0029.mp4,7051,235.2686019352686,29.97,1584,1,traffic_lights,0.7820315957069397,28.86792755126953,533.6923828125,108.5291748046875,587.338134765625,68.69855117797852,560.5152587890625,79.66124725341797,53.645751953125
IMG_0029.mp4,7051,235.2686019352686,29.97,1593,1,traffic_lights,0.3222322463989258,614.2785034179688,729.6278076171875,656.9642944335938,775.4165649414062,635.6213989257812,752.5221862792969,42.685791015625,45.78875732421875
IMG_0029.mp4,7052,235.301968635302,29.97,1584,1,traffic_lights,0.5995895266532898,35.22260284423828,533.3001708984375,114.06245422363281,586.218017578125,74.64252853393555,559.7590942382812,78.83985137939453,52.9178466796875
IMG_0029.mp4,7052,235.301968635302,29.97,1587,1,traffic_lights,0.4347148835659027,1445.8514404296875,717.5332641601562,1473.6480712890625,753.871826171875,1459.749755859375,735.7025451660156,27.796630859375,36.33856201171875
IMG_0029.mp4,7053,235.33533533533534,29.97,1584,1,traffic_lights,0.28546077013015747,44.04319763183594,533.0430297851562,117.76944732666016,584.3955078125,80.90632247924805,558.7192687988281,73.72624969482422,51.35247802734375
IMG_0029.mp4,7053,235.33533533533534,29.97,1593,1,traffic_lights,0.6803200840950012,623.5509643554688,728.6510620117188,667.161865234375,774.0626831054688,645.3564147949219,751.3568725585938,43.61090087890625,45.41162109375
IMG_0029.mp4,7054,235.3687020353687,29.97,1593,1,traffic_lights,0.6062924861907959,628.8733520507812,727.279541015625,671.80810546875,773.4192504882812,650.3407287597656,750.3493957519531,42.93475341796875,46.13970947265625
IMG_0029.mp4,7054,235.3687020353687,29.97,1587,1,traffic_lights,0.682403028011322,1476.6279296875,714.7352905273438,1507.4056396484375,751.5009155273438,1492.0167846679688,733.1181030273438,30.7777099609375,36.765625
IMG_0029.mp4,7055,235.40206873540208,29.97,1593,1,traffic_lights,0.6825231313705444,633.3261108398438,723.6697998046875,675.3302612304688,772.8260498046875,654.3281860351562,748.2479248046875,42.004150390625,49.15625
IMG_0029.mp4,7056,235.43543543543544,29.97,1593,1,traffic_lights,0.37233713269233704,638.4981689453125,723.0471801757812,681.48974609375,771.8705444335938,659.9939575195312,747.4588623046875,42.9915771484375,48.8233642578125
IMG_0029.mp4,7056,235.43543543543544,29.97,1584,1,traffic_lights,0.26909416913986206,54.20110321044922,530.0479125976562,130.68780517578125,582.73486328125,92.44445419311523,556.3913879394531,76.48670196533203,52.68695068359375
IMG_0029.mp4,7056,235.43543543543544,29.97,1587,1,traffic_lights,0.5603870749473572,1509.8831787109375,707.4515991210938,1543.4580078125,747.7222290039062,1526.6705932617188,727.5869140625,33.5748291015625,40.2706298828125
IMG_0029.mp4,7057,235.46880213546882,29.97,1593,1,traffic_lights,0.3450317978858948,645.4432983398438,722.1110229492188,687.5841674804688,771.137939453125,666.5137329101562,746.6244812011719,42.140869140625,49.02691650390625
IMG_0029.mp4,7057,235.46880213546882,29.97,1587,1,traffic_lights,0.6750537157058716,1529.5330810546875,705.27783203125,1562.00927734375,746.2571411132812,1545.7711791992188,725.7674865722656,32.4761962890625,40.97930908203125
IMG_0029.mp4,7058,235.50216883550218,29.97,1593,1,traffic_lights,0.7134918570518494,650.4832153320312,724.1757202148438,693.0136108398438,770.0921020507812,671.7484130859375,747.1339111328125,42.5303955078125,45.9163818359375
IMG_0029.mp4,7059,235.53553553553556,29.97,1593,1,traffic_lights,0.7625274062156677,654.5738525390625,723.6565551757812,697.0757446289062,768.1787719726562,675.8247985839844,745.9176635742188,42.50189208984375,44.522216796875
IMG_0029.mp4,7059,235.53553553553556,29.97,1584,1,traffic_lights,0.3308411240577698,69.8893051147461,528.508056640625,145.52061462402344,580.16162109375,107.70495986938477,554.3348388671875,75.63130950927734,51.653564453125
IMG_0029.mp4,7059,235.53553553553556,29.97,1587,1,traffic_lights,0.5920229554176331,1570.24658203125,706.0908813476562,1603.287109375,741.6102294921875,1586.766845703125,723.8505554199219,33.04052734375,35.51934814453125
IMG_0029.mp4,7060,235.5689022355689,29.97,1593,1,traffic_lights,0.7681297063827515,658.5440673828125,722.7154541015625,702.5481567382812,767.289794921875,680.5461120605469,745.0026245117188,44.00408935546875,44.5743408203125
IMG_0029.mp4,7060,235.5689022355689,29.97,1584,1,traffic_lights,0.5850812196731567,86.00361633300781,527.0148315429688,148.42201232910156,575.9931640625,117.21281433105469,551.5039978027344,62.41839599609375,48.97833251953125
IMG_0029.mp4,7061,235.60226893560227,29.97,1593,1,traffic_lights,0.5478023886680603,665.1055908203125,721.0673828125,707.3047485351562,765.819091796875,686.2051696777344,743.4432373046875,42.19915771484375,44.751708984375
IMG_0029.mp4,7061,235.60226893560227,29.97,1584,1,traffic_lights,0.7035948634147644,86.33898162841797,524.8020629882812,152.12454223632812,573.36572265625,119.23176193237305,549.0838928222656,65.78556060791016,48.56365966796875
IMG_0029.mp4,7061,235.60226893560227,29.97,1587,1,traffic_lights,0.7136294841766357,1607.0645751953125,695.2957153320312,1645.12841796875,736.2310180664062,1626.0964965820312,715.7633666992188,38.0638427734375,40.935302734375
IMG_0029.mp4,7062,235.63563563563565,29.97,1584,1,traffic_lights,0.7892690300941467,91.06562042236328,524.540283203125,158.03970336914062,572.6087646484375,124.55266189575195,548.5745239257812,66.97408294677734,48.0684814453125
IMG_0029.mp4,7063,235.669002335669,29.97,1584,1,traffic_lights,0.46788400411605835,95.00938415527344,523.65087890625,162.0465545654297,572.5579223632812,128.52796936035156,548.1044006347656,67.03717041015625,48.90704345703125
IMG_0029.mp4,7064,235.7023690357024,29.97,1584,1,traffic_lights,0.6420679092407227,98.18180084228516,523.1199340820312,167.17105102539062,572.6300659179688,132.6764259338379,547.875,68.98925018310547,49.5101318359375
IMG_0029.mp4,7065,235.73573573573574,29.97,1584,1,traffic_lights,0.5681750774383545,101.03800201416016,521.9675903320312,170.78421020507812,571.933349609375,135.91110610961914,546.9504699707031,69.74620819091797,49.96575927734375
IMG_0029.mp4,7065,235.73573573573574,29.97,1602,2,traffic_signs,0.5293306112289429,1558.5526123046875,679.2424926757812,1600.0010986328125,717.536376953125,1579.27685546875,698.3894348144531,41.448486328125,38.29388427734375
IMG_0029.mp4,7066,235.7691024357691,29.97,1584,1,traffic_lights,0.6117743253707886,103.69564056396484,520.638916015625,173.6917266845703,571.1756591796875,138.69368362426758,545.9072875976562,69.99608612060547,50.5367431640625
IMG_0029.mp4,7066,235.7691024357691,29.97,1602,2,traffic_signs,0.7342790365219116,1576.3919677734375,675.44384765625,1618.3861083984375,715.3662719726562,1597.3890380859375,695.4050598144531,41.994140625,39.92242431640625
IMG_0029.mp4,7066,235.7691024357691,29.97,1593,1,traffic_lights,0.6949902176856995,690.22021484375,721.2883911132812,734.0803833007812,761.14794921875,712.1502990722656,741.2181701660156,43.86016845703125,39.85955810546875
IMG_0029.mp4,7067,235.80246913580248,29.97,1584,1,traffic_lights,0.49418020248413086,107.74710845947266,518.5243530273438,177.87554931640625,570.9537353515625,142.81132888793945,544.7390441894531,70.1284408569336,52.42938232421875
IMG_0029.mp4,7067,235.80246913580248,29.97,1602,2,traffic_signs,0.43994495272636414,1595.174072265625,672.7526245117188,1639.0709228515625,712.5562133789062,1617.1224975585938,692.6544189453125,43.8968505859375,39.8035888671875
IMG_0029.mp4,7067,235.80246913580248,29.97,1603,1,traffic_lights,0.41256171464920044,104.8766098022461,517.8767700195312,176.8948516845703,571.5669555664062,140.8857307434082,544.7218627929688,72.01824188232422,53.690185546875
IMG_0029.mp4,7068,235.83583583583584,29.97,1602,2,traffic_signs,0.7431749701499939,1616.0284423828125,668.6499633789062,1660.132568359375,709.9514770507812,1638.0805053710938,689.3007202148438,44.1041259765625,41.301513671875
IMG_0029.mp4,7069,235.86920253586922,29.97,1602,2,traffic_signs,0.8906177878379822,1638.205078125,664.9054565429688,1683.724853515625,707.5752563476562,1660.9649658203125,686.2403564453125,45.519775390625,42.6697998046875
IMG_0029.mp4,7070,235.90256923590258,29.97,1602,2,traffic_signs,0.8729827404022217,1658.523193359375,660.45556640625,1705.6678466796875,704.334716796875,1682.0955200195312,682.3951416015625,47.1446533203125,43.879150390625
IMG_0029.mp4,7071,235.93593593593596,29.97,1602,2,traffic_signs,0.8083581328392029,1679.990966796875,656.128662109375,1729.6363525390625,701.1240234375,1704.8136596679688,678.6263427734375,49.6453857421875,44.995361328125
IMG_0029.mp4,7072,235.9693026359693,29.97,1602,2,traffic_signs,0.5521626472473145,1702.451171875,651.0567016601562,1753.703369140625,697.5249633789062,1728.0772705078125,674.2908325195312,51.252197265625,46.46826171875
IMG_0029.mp4,7073,236.00266933600267,29.97,1602,2,traffic_signs,0.34843409061431885,1725.8974609375,646.5322265625,1780.25634765625,694.8720092773438,1753.076904296875,670.7021179199219,54.35888671875,48.33978271484375
IMG_0029.mp4,7074,236.03603603603605,29.97,1602,2,traffic_signs,0.5378938913345337,1750.7791748046875,644.3312377929688,1806.5928955078125,691.8897705078125,1778.68603515625,668.1105041503906,55.813720703125,47.55853271484375
IMG_0029.mp4,7076,236.1027694361028,29.97,1603,1,traffic_lights,0.5496394038200378,125.3943099975586,500.4758605957031,199.05117797851562,556.5626220703125,162.2227439880371,528.5192413330078,73.65686798095703,56.086761474609375
IMG_0029.mp4,7077,236.13613613613614,29.97,1603,1,traffic_lights,0.4617912471294403,129.4668426513672,498.4728088378906,200.89346313476562,553.2471923828125,165.1801528930664,525.8600006103516,71.42662048339844,54.774383544921875
IMG_0029.mp4,7078,236.1695028361695,29.97,1603,1,traffic_lights,0.39812007546424866,130.57656860351562,496.2598876953125,202.33705139160156,550.8549194335938,166.4568099975586,523.5574035644531,71.76048278808594,54.59503173828125
IMG_0029.mp4,7079,236.20286953620288,29.97,1603,1,traffic_lights,0.7678179144859314,131.37696838378906,493.6529235839844,203.53424072265625,549.1207885742188,167.45560455322266,521.3868560791016,72.15727233886719,55.467864990234375
IMG_0029.mp4,7079,236.20286953620288,29.97,1607,1,traffic_lights,0.34946587681770325,130.5206756591797,493.92816162109375,203.99740600585938,550.1173706054688,167.25904083251953,522.0227661132812,73.47673034667969,56.189208984375
IMG_0029.mp4,7080,236.23623623623624,29.97,1603,1,traffic_lights,0.5574373602867126,131.78846740722656,491.34259033203125,203.48568725585938,547.5923461914062,167.63707733154297,519.4674682617188,71.69721984863281,56.249755859375
IMG_0029.mp4,7080,236.23623623623624,29.97,1607,1,traffic_lights,0.4329719543457031,131.0926055908203,491.66693115234375,204.4373779296875,548.31982421875,167.7649917602539,519.9933776855469,73.34477233886719,56.65289306640625
IMG_0029.mp4,7081,236.26960293626962,29.97,1603,1,traffic_lights,0.2798998951911926,131.76539611816406,488.62152099609375,204.3319549560547,545.2327880859375,168.04867553710938,516.9271545410156,72.56655883789062,56.61126708984375
IMG_0029.mp4,7082,236.30296963630298,29.97,1603,1,traffic_lights,0.5144665241241455,130.27783203125,486.3797607421875,203.81661987304688,543.3038330078125,167.04722595214844,514.841796875,73.53878784179688,56.924072265625
IMG_0029.mp4,7083,236.33633633633636,29.97,1603,1,traffic_lights,0.5410823225975037,129.63906860351562,483.4956359863281,203.61123657226562,540.7948608398438,166.62515258789062,512.1452484130859,73.97216796875,57.299224853515625
IMG_0029.mp4,7083,236.33633633633636,29.97,1608,1,traffic_lights,0.5077229738235474,133.5245361328125,483.19158935546875,204.48583984375,539.7938232421875,169.00518798828125,511.4927062988281,70.9613037109375,56.60223388671875
IMG_0029.mp4,7084,236.3697030363697,29.97,1603,1,traffic_lights,0.38225212693214417,129.94125366210938,481.12823486328125,204.4849853515625,538.815673828125,167.21311950683594,509.9719543457031,74.54373168945312,57.68743896484375
IMG_0029.mp4,7084,236.3697030363697,29.97,1608,1,traffic_lights,0.678636908531189,133.38955688476562,480.6142883300781,205.01161193847656,538.0637817382812,169.2005844116211,509.3390350341797,71.62205505371094,57.449493408203125
IMG_0029.mp4,7085,236.40306973640307,29.97,1603,1,traffic_lights,0.5620834231376648,128.62808227539062,479.0702209472656,203.41346740722656,537.0638427734375,166.0207748413086,508.06703186035156,74.78538513183594,57.993621826171875
IMG_0029.mp4,7085,236.40306973640307,29.97,1608,1,traffic_lights,0.5702656507492065,132.14820861816406,478.6139221191406,203.47032165527344,536.5199584960938,167.80926513671875,507.5669403076172,71.32211303710938,57.906036376953125
IMG_0029.mp4,7087,236.4698031364698,29.97,1603,1,traffic_lights,0.46415066719055176,127.23577117919922,473.13739013671875,201.735107421875,531.63232421875,164.4854393005371,502.3848571777344,74.49933624267578,58.49493408203125
IMG_0029.mp4,7088,236.5031698365032,29.97,1603,1,traffic_lights,0.5001850128173828,125.99288177490234,469.220703125,200.49066162109375,528.6085815429688,163.24177169799805,498.9146423339844,74.4977798461914,59.38787841796875
IMG_0029.mp4,7089,236.53653653653654,29.97,1603,1,traffic_lights,0.28892526030540466,124.4884262084961,465.8499755859375,199.4379119873047,525.6353149414062,161.9631690979004,495.7426452636719,74.9494857788086,59.78533935546875
IMG_0029.mp4,7089,236.53653653653654,29.97,1610,1,traffic_lights,0.4601694941520691,1351.516357421875,700.8006591796875,1364.56884765625,727.0248413085938,1358.0426025390625,713.9127502441406,13.052490234375,26.22418212890625
IMG_0029.mp4,7094,236.70337003670338,29.97,1603,1,traffic_lights,0.7960055470466614,104.38238525390625,447.0654602050781,181.06365966796875,508.9490966796875,142.7230224609375,478.0072784423828,76.6812744140625,61.883636474609375
IMG_0029.mp4,7095,236.73673673673676,29.97,1603,1,traffic_lights,0.7745682001113892,100.5389404296875,443.34527587890625,177.06922912597656,505.33050537109375,138.80408477783203,474.337890625,76.53028869628906,61.9852294921875
IMG_0029.mp4,7096,236.7701034367701,29.97,1603,1,traffic_lights,0.2687491774559021,94.04766082763672,439.6498107910156,172.3765106201172,501.434326171875,133.21208572387695,470.5420684814453,78.32884979248047,61.784515380859375
IMG_0029.mp4,7099,236.8702035368702,29.97,1603,1,traffic_lights,0.34280845522880554,70.52874755859375,426.09381103515625,155.03768920898438,490.6356506347656,112.78321838378906,458.36473083496094,84.50894165039062,64.54183959960938
IMG_0029.mp4,7102,236.9703036369703,29.97,1603,1,traffic_lights,0.8697429299354553,41.243995666503906,410.41888427734375,129.2842559814453,476.991455078125,85.26412582397461,443.7051696777344,88.0402603149414,66.57257080078125
IMG_0029.mp4,7103,237.00367033700368,29.97,1603,1,traffic_lights,0.5667593479156494,32.98819351196289,404.7774963378906,120.86719512939453,472.11187744140625,76.92769432067871,438.44468688964844,87.87900161743164,67.33438110351562
IMG_0029.mp4,7104,237.03703703703704,29.97,1603,1,traffic_lights,0.8282365798950195,24.297943115234375,399.2330627441406,112.46538543701172,468.240234375,68.38166427612305,433.7366485595703,88.16744232177734,69.00717163085938
IMG_0029.mp4,7105,237.07040373707042,29.97,1603,1,traffic_lights,0.48323601484298706,8.269556999206543,392.73687744140625,103.43461608886719,462.5950927734375,55.852086544036865,427.6659851074219,95.16505908966064,69.85821533203125
IMG_0029.mp4,7106,237.10377043710378,29.97,1603,1,traffic_lights,0.480785995721817,0.0,385.9413146972656,90.7262954711914,456.2066955566406,45.3631477355957,421.0740051269531,90.7262954711914,70.265380859375
IMG_0029.mp4,7109,237.20387053720387,29.97,1603,1,traffic_lights,0.4723179042339325,0.0,365.1549987792969,52.913482666015625,439.9240417480469,26.456741333007812,402.5395202636719,52.913482666015625,74.76904296875
IMG_0029.mp4,7127,237.80447113780448,29.97,1613,2,traffic_signs,0.39395684003829956,1431.73388671875,766.17041015625,1451.4671630859375,789.0999145507812,1441.6005249023438,777.6351623535156,19.7332763671875,22.92950439453125
IMG_0029.mp4,7128,237.83783783783784,29.97,1613,2,traffic_signs,0.5439332723617554,1435.6123046875,765.5367431640625,1455.2034912109375,788.8634643554688,1445.4078979492188,777.2001037597656,19.5911865234375,23.32672119140625
IMG_0029.mp4,7129,237.87120453787122,29.97,1613,2,traffic_signs,0.43606051802635193,1439.419677734375,765.1263427734375,1459.3123779296875,787.50927734375,1449.3660278320312,776.3178100585938,19.8927001953125,22.3829345703125
IMG_0029.mp4,7161,238.93893893893895,29.97,1614,1,traffic_lights,0.5169405341148376,902.671142578125,862.4771728515625,930.2952880859375,876.8228149414062,916.4832153320312,869.6499938964844,27.6241455078125,14.34564208984375
IMG_0029.mp4,7163,239.00567233900568,29.97,1614,1,traffic_lights,0.2852429151535034,889.1296997070312,864.08447265625,919.1856689453125,878.854736328125,904.1576843261719,871.4696044921875,30.05596923828125,14.770263671875
IMG_0029.mp4,7164,239.03903903903904,29.97,1614,1,traffic_lights,0.6890800595283508,882.4799194335938,863.6956176757812,912.228515625,880.1666870117188,897.3542175292969,871.93115234375,29.74859619140625,16.4710693359375
IMG_0029.mp4,7165,239.07240573907242,29.97,1614,1,traffic_lights,0.8028954863548279,875.3496704101562,864.4407958984375,907.8709716796875,881.3544311523438,891.6103210449219,872.8976135253906,32.52130126953125,16.91363525390625
IMG_0029.mp4,7166,239.10577243910578,29.97,1614,1,traffic_lights,0.6382757425308228,867.5889892578125,864.8753051757812,900.5617065429688,882.2501220703125,884.0753479003906,873.5627136230469,32.97271728515625,17.37481689453125
IMG_0029.mp4,7167,239.13913913913916,29.97,1614,1,traffic_lights,0.6846563816070557,859.5779418945312,867.2410888671875,892.9365234375,883.2977294921875,876.2572326660156,875.2694091796875,33.35858154296875,16.056640625
IMG_0029.mp4,7168,239.17250583917252,29.97,1614,1,traffic_lights,0.6543675065040588,851.1124267578125,869.1822509765625,884.356689453125,884.0899047851562,867.7345581054688,876.6360778808594,33.2442626953125,14.90765380859375
IMG_0029.mp4,7169,239.20587253920587,29.97,1614,1,traffic_lights,0.695598840713501,841.3698120117188,870.1724853515625,876.9766235351562,885.4419555664062,859.1732177734375,877.8072204589844,35.6068115234375,15.26947021484375
IMG_0029.mp4,7170,239.23923923923925,29.97,1614,1,traffic_lights,0.6907400488853455,830.8617553710938,869.6390380859375,869.1947631835938,886.9851684570312,850.0282592773438,878.3121032714844,38.3330078125,17.34613037109375
IMG_0029.mp4,7171,239.2726059392726,29.97,1614,1,traffic_lights,0.7786090970039368,822.8411254882812,871.7599487304688,862.4319458007812,888.7041625976562,842.6365356445312,880.2320556640625,39.5908203125,16.9442138671875
IMG_0029.mp4,7172,239.305972639306,29.97,1614,1,traffic_lights,0.4801713526248932,810.9407348632812,872.281494140625,854.1376342773438,890.0902709960938,832.5391845703125,881.1858825683594,43.1968994140625,17.80877685546875
IMG_0029.mp4,7173,239.33933933933935,29.97,1614,1,traffic_lights,0.351203054189682,799.7463989257812,873.1685791015625,846.3765258789062,891.514892578125,823.0614624023438,882.3417358398438,46.630126953125,18.3463134765625
IMG_0029.mp4,7175,239.40607273940608,29.97,1614,1,traffic_lights,0.6765767335891724,779.3466186523438,873.994873046875,827.5065307617188,894.697021484375,803.4265747070312,884.345947265625,48.159912109375,20.7021484375
IMG_0029.mp4,7177,239.47280613947282,29.97,1614,1,traffic_lights,0.40686240792274475,752.2402954101562,875.7715454101562,806.8268432617188,898.2511596679688,779.5335693359375,887.0113525390625,54.5865478515625,22.4796142578125
IMG_0029.mp4,7185,239.73973973973975,29.97,1616,1,traffic_lights,0.40082424879074097,829.2425537109375,858.0198364257812,909.8043212890625,875.4855346679688,869.5234375,866.752685546875,80.561767578125,17.4656982421875
IMG_0030.mp4,0,0.0,29.97,1,2,traffic_signs,0.3057749569416046,1172.369384765625,826.926513671875,1186.2391357421875,839.8221435546875,1179.3042602539062,833.3743286132812,13.8697509765625,12.8956298828125
IMG_0030.mp4,1,0.033366700033366704,29.97,1,2,traffic_signs,0.3105503022670746,1172.5985107421875,827.121337890625,1186.78857421875,839.8768920898438,1179.6935424804688,833.4991149902344,14.1900634765625,12.75555419921875
IMG_0030.mp4,3,0.1001001001001001,29.97,2,2,traffic_signs,0.536637544631958,1172.0599365234375,827.0247192382812,1187.8682861328125,840.1912231445312,1179.964111328125,833.6079711914062,15.808349609375,13.16650390625
IMG_0030.mp4,4,0.13346680013346682,29.97,2,2,traffic_signs,0.4988720417022705,1172.245361328125,826.8418579101562,1188.126708984375,840.4590454101562,1180.18603515625,833.6504516601562,15.88134765625,13.6171875
IMG_0030.mp4,5,0.16683350016683351,29.97,2,2,traffic_signs,0.5749029517173767,1172.6748046875,826.7642822265625,1188.657958984375,840.6424560546875,1180.6663818359375,833.703369140625,15.983154296875,13.878173828125
IMG_0030.mp4,6,0.2002002002002002,29.97,2,2,traffic_signs,0.5536664724349976,1173.601318359375,826.7538452148438,1189.0103759765625,840.5367431640625,1181.3058471679688,833.6452941894531,15.4090576171875,13.78289794921875
IMG_0030.mp4,7,0.2335669002335669,29.97,2,2,traffic_signs,0.5528205037117004,1175.3587646484375,826.3599853515625,1189.7569580078125,839.9157104492188,1182.557861328125,833.1378479003906,14.398193359375,13.55572509765625
IMG_0030.mp4,8,0.26693360026693363,29.97,2,2,traffic_signs,0.5069820880889893,1176.4864501953125,826.357177734375,1190.2703857421875,839.9921264648438,1183.37841796875,833.1746520996094,13.783935546875,13.63494873046875
IMG_0030.mp4,9,0.3003003003003003,29.97,2,2,traffic_signs,0.5268717408180237,1176.82470703125,826.2922973632812,1190.689453125,840.1904296875,1183.757080078125,833.2413635253906,13.86474609375,13.89813232421875
IMG_0030.mp4,10,0.33366700033366703,29.97,2,2,traffic_signs,0.5189478397369385,1177.724609375,827.1884765625,1190.974609375,840.46923828125,1184.349609375,833.828857421875,13.25,13.28076171875
IMG_0030.mp4,11,0.3670337003670337,29.97,2,2,traffic_signs,0.5005860328674316,1177.693115234375,827.55517578125,1191.412841796875,840.5247192382812,1184.552978515625,834.0399475097656,13.7197265625,12.96954345703125
IMG_0030.mp4,12,0.4004004004004004,29.97,2,2,traffic_signs,0.547930896282196,1177.96044921875,827.7791137695312,1191.974609375,840.7149047851562,1184.967529296875,834.2470092773438,14.01416015625,12.935791015625
IMG_0030.mp4,13,0.4337671004337671,29.97,2,2,traffic_signs,0.5591856837272644,1178.30810546875,827.5874633789062,1192.7340087890625,840.668701171875,1185.5210571289062,834.1280822753906,14.4259033203125,13.08123779296875
IMG_0030.mp4,14,0.4671338004671338,29.97,2,2,traffic_signs,0.5985549092292786,1178.249755859375,827.5696411132812,1192.7371826171875,840.7830200195312,1185.4934692382812,834.1763305664062,14.4874267578125,13.21337890625
IMG_0030.mp4,15,0.5005005005005005,29.97,2,2,traffic_signs,0.5997239351272583,1178.367431640625,827.3255615234375,1193.393310546875,840.9829711914062,1185.88037109375,834.1542663574219,15.02587890625,13.65740966796875
IMG_0030.mp4,16,0.5338672005338673,29.97,2,2,traffic_signs,0.5456150770187378,1179.0733642578125,827.7587280273438,1193.896484375,840.919677734375,1186.4849243164062,834.3392028808594,14.8231201171875,13.16094970703125
IMG_0030.mp4,17,0.5672339005672339,29.97,2,2,traffic_signs,0.5312556624412537,1179.0042724609375,827.7918090820312,1194.35986328125,840.774169921875,1186.6820678710938,834.2829895019531,15.3555908203125,12.98236083984375
IMG_0030.mp4,18,0.6006006006006006,29.97,2,2,traffic_signs,0.5583351850509644,1179.32275390625,827.8313598632812,1194.8359375,840.7066650390625,1187.079345703125,834.2690124511719,15.51318359375,12.87530517578125
IMG_0030.mp4,19,0.6339673006339673,29.97,2,2,traffic_signs,0.4656558632850647,1179.5755615234375,827.9832153320312,1195.3861083984375,840.359619140625,1187.4808349609375,834.1714172363281,15.810546875,12.37640380859375
IMG_0030.mp4,20,0.6673340006673341,29.97,2,2,traffic_signs,0.3526494801044464,1180.951416015625,828.0435791015625,1196.0140380859375,840.8098754882812,1188.4827270507812,834.4267272949219,15.0626220703125,12.76629638671875
IMG_0030.mp4,21,0.7007007007007007,29.97,2,2,traffic_signs,0.46225735545158386,1182.03125,828.4323120117188,1196.9583740234375,841.23583984375,1189.4948120117188,834.8340759277344,14.9271240234375,12.80352783203125
IMG_0030.mp4,22,0.7340674007340674,29.97,2,2,traffic_signs,0.4704274535179138,1182.5694580078125,828.5106201171875,1197.8895263671875,841.1994018554688,1190.2294921875,834.8550109863281,15.320068359375,12.68878173828125
IMG_0030.mp4,23,0.7674341007674341,29.97,2,2,traffic_signs,0.4633183181285858,1182.5799560546875,828.1076049804688,1198.5113525390625,841.0595703125,1190.545654296875,834.5835876464844,15.931396484375,12.95196533203125
IMG_0030.mp4,24,0.8008008008008008,29.97,2,2,traffic_signs,0.4406067430973053,1182.31494140625,828.0282592773438,1199.0909423828125,841.1300048828125,1190.7029418945312,834.5791320800781,16.7760009765625,13.10174560546875
IMG_0030.mp4,25,0.8341675008341676,29.97,2,2,traffic_signs,0.5518935918807983,1183.434326171875,828.1494140625,1200.19091796875,841.3447875976562,1191.8126220703125,834.7471008300781,16.756591796875,13.19537353515625
IMG_0030.mp4,26,0.8675342008675342,29.97,2,2,traffic_signs,0.5689586997032166,1184.39794921875,828.1651611328125,1200.9925537109375,841.4922485351562,1192.6952514648438,834.8287048339844,16.5946044921875,13.32708740234375
IMG_0030.mp4,27,0.9009009009009009,29.97,2,2,traffic_signs,0.5974145531654358,1185.15283203125,828.0262451171875,1201.111328125,841.3800659179688,1193.132080078125,834.7031555175781,15.95849609375,13.35382080078125
IMG_0030.mp4,28,0.9342676009342676,29.97,2,2,traffic_signs,0.6056040525436401,1185.4727783203125,828.050537109375,1201.238525390625,841.2890014648438,1193.3556518554688,834.6697692871094,15.7657470703125,13.23846435546875
IMG_0030.mp4,29,0.9676343009676344,29.97,2,2,traffic_signs,0.6787234544754028,1186.00634765625,827.3043212890625,1202.3275146484375,841.1887817382812,1194.1669311523438,834.2465515136719,16.3211669921875,13.88446044921875
IMG_0030.mp4,30,1.001001001001001,29.97,2,2,traffic_signs,0.6902908086776733,1185.62744140625,826.78662109375,1202.4957275390625,840.9564208984375,1194.0615844726562,833.8715209960938,16.8682861328125,14.1697998046875
IMG_0030.mp4,31,1.0343677010343677,29.97,2,2,traffic_signs,0.6817156076431274,1186.1239013671875,826.512451171875,1203.4984130859375,841.1543579101562,1194.8111572265625,833.8334045410156,17.37451171875,14.64190673828125
IMG_0030.mp4,32,1.0677344010677345,29.97,2,2,traffic_signs,0.6627548933029175,1185.922119140625,826.3790283203125,1203.0892333984375,841.1039428710938,1194.5056762695312,833.7414855957031,17.1671142578125,14.72491455078125
IMG_0030.mp4,33,1.1011011011011012,29.97,2,2,traffic_signs,0.621613085269928,1186.69775390625,826.1964111328125,1203.0137939453125,840.8076171875,1194.8557739257812,833.5020141601562,16.3160400390625,14.6112060546875
IMG_0030.mp4,34,1.1344678011344678,29.97,2,2,traffic_signs,0.587824821472168,1186.764404296875,826.1997680664062,1202.9947509765625,840.6010131835938,1194.8795776367188,833.400390625,16.2303466796875,14.4012451171875
IMG_0030.mp4,35,1.1678345011678346,29.97,2,2,traffic_signs,0.5526927709579468,1188.004150390625,826.328857421875,1204.0224609375,840.5455322265625,1196.0133056640625,833.4371948242188,16.018310546875,14.2166748046875
IMG_0030.mp4,36,1.2012012012012012,29.97,2,2,traffic_signs,0.47595760226249695,1188.9019775390625,826.0381469726562,1203.8875732421875,839.9597778320312,1196.394775390625,832.9989624023438,14.985595703125,13.921630859375
IMG_0030.mp4,37,1.234567901234568,29.97,2,2,traffic_signs,0.4387192130088806,1190.8284912109375,825.9567260742188,1205.1546630859375,840.3602294921875,1197.9915771484375,833.1584777832031,14.326171875,14.40350341796875
IMG_0030.mp4,38,1.2679346012679347,29.97,2,2,traffic_signs,0.4040895402431488,1191.23095703125,825.9338989257812,1205.1263427734375,840.4550170898438,1198.1786499023438,833.1944580078125,13.8953857421875,14.5211181640625
IMG_0030.mp4,40,1.3346680013346681,29.97,2,2,traffic_signs,0.35151407122612,1191.2325439453125,825.686279296875,1205.26708984375,840.6845703125,1198.2498168945312,833.1854248046875,14.0345458984375,14.998291015625
IMG_0030.mp4,41,1.3680347013680347,29.97,2,2,traffic_signs,0.39751124382019043,1191.6051025390625,825.5927124023438,1205.954833984375,840.6405639648438,1198.7799682617188,833.1166381835938,14.3497314453125,15.0478515625
IMG_0030.mp4,42,1.4014014014014013,29.97,2,2,traffic_signs,0.3135291635990143,1192.485107421875,825.2814331054688,1206.49462890625,840.8899536132812,1199.4898681640625,833.085693359375,14.009521484375,15.6085205078125
IMG_0030.mp4,43,1.4347681014347682,29.97,2,2,traffic_signs,0.43501976132392883,1192.8756103515625,825.0540771484375,1206.965087890625,840.8709106445312,1199.9203491210938,832.9624938964844,14.0894775390625,15.81683349609375
IMG_0030.mp4,44,1.4681348014681348,29.97,2,2,traffic_signs,0.5426339507102966,1192.572998046875,825.15234375,1206.4730224609375,840.673095703125,1199.5230102539062,832.9127197265625,13.9000244140625,15.520751953125
IMG_0030.mp4,45,1.5015015015015016,29.97,2,2,traffic_signs,0.4750114381313324,1193.26806640625,825.1998901367188,1207.3248291015625,840.6566162109375,1200.2964477539062,832.9282531738281,14.0567626953125,15.45672607421875
IMG_0030.mp4,46,1.5348682015348682,29.97,2,2,traffic_signs,0.4502300024032593,1192.341796875,825.202880859375,1206.928955078125,840.606201171875,1199.6353759765625,832.904541015625,14.587158203125,15.4033203125
IMG_0030.mp4,47,1.5682349015682349,29.97,2,2,traffic_signs,0.4805767834186554,1193.0296630859375,825.1674194335938,1207.9073486328125,840.6954345703125,1200.468505859375,832.9314270019531,14.877685546875,15.52801513671875
IMG_0030.mp4,48,1.6016016016016017,29.97,2,2,traffic_signs,0.43232759833335876,1193.3099365234375,825.1480712890625,1207.8839111328125,840.4833374023438,1200.596923828125,832.8157043457031,14.573974609375,15.33526611328125
IMG_0030.mp4,49,1.6349683016349683,29.97,2,2,traffic_signs,0.3914627432823181,1194.9139404296875,824.9776000976562,1209.810546875,840.0573120117188,1202.3622436523438,832.5174560546875,14.8966064453125,15.0797119140625
IMG_0030.mp4,50,1.6683350016683351,29.97,2,2,traffic_signs,0.3868083357810974,1194.386474609375,825.0631713867188,1209.4549560546875,840.0357055664062,1201.9207153320312,832.5494384765625,15.0684814453125,14.9725341796875
IMG_0030.mp4,51,1.7017017017017018,29.97,2,2,traffic_signs,0.41665732860565186,1195.63427734375,824.7576904296875,1210.873291015625,839.9691162109375,1203.2537841796875,832.3634033203125,15.239013671875,15.21142578125
IMG_0030.mp4,52,1.7350684017350684,29.97,2,2,traffic_signs,0.46062299609184265,1197.1451416015625,824.5939331054688,1211.6710205078125,839.7422485351562,1204.4080810546875,832.1680908203125,14.52587890625,15.1483154296875
IMG_0030.mp4,53,1.7684351017684352,29.97,2,2,traffic_signs,0.42423108220100403,1197.5350341796875,824.8794555664062,1211.9737548828125,840.0736083984375,1204.75439453125,832.4765319824219,14.438720703125,15.19415283203125
IMG_0030.mp4,54,1.8018018018018018,29.97,2,2,traffic_signs,0.5233170986175537,1197.71435546875,824.6344604492188,1212.4559326171875,839.896240234375,1205.0851440429688,832.2653503417969,14.7415771484375,15.26177978515625
IMG_0030.mp4,55,1.8351685018351687,29.97,2,2,traffic_signs,0.5120885968208313,1197.833740234375,824.411376953125,1212.5660400390625,839.4883422851562,1205.1998901367188,831.9498596191406,14.7322998046875,15.07696533203125
IMG_0030.mp4,56,1.8685352018685353,29.97,2,2,traffic_signs,0.5125002861022949,1197.721435546875,824.4725341796875,1212.760498046875,839.625244140625,1205.240966796875,832.0488891601562,15.0390625,15.1527099609375
IMG_0030.mp4,57,1.901901901901902,29.97,2,2,traffic_signs,0.5556982755661011,1196.469970703125,824.2589111328125,1212.915771484375,839.4864501953125,1204.69287109375,831.8726806640625,16.44580078125,15.2275390625
IMG_0030.mp4,58,1.9352686019352687,29.97,2,2,traffic_signs,0.602065920829773,1197.280517578125,824.5034790039062,1213.13525390625,839.3460083007812,1205.2078857421875,831.9247436523438,15.854736328125,14.842529296875
IMG_0030.mp4,59,1.9686353019686353,29.97,2,2,traffic_signs,0.6007035970687866,1197.570556640625,824.6510009765625,1213.1641845703125,839.36572265625,1205.3673706054688,832.0083618164062,15.5936279296875,14.7147216796875
IMG_0030.mp4,60,2.002002002002002,29.97,2,2,traffic_signs,0.5574792623519897,1197.7991943359375,824.6576538085938,1212.9801025390625,839.324462890625,1205.3896484375,831.9910583496094,15.180908203125,14.66680908203125
IMG_0030.mp4,61,2.0353687020353686,29.97,2,2,traffic_signs,0.5925666093826294,1198.11767578125,824.384765625,1213.435791015625,839.1669921875,1205.7767333984375,831.77587890625,15.318115234375,14.7822265625
IMG_0030.mp4,62,2.0687354020687354,29.97,2,2,traffic_signs,0.6227750182151794,1198.0262451171875,824.1979370117188,1213.8096923828125,839.1400146484375,1205.91796875,831.6689758300781,15.783447265625,14.94207763671875
IMG_0030.mp4,63,2.1021021021021022,29.97,2,2,traffic_signs,0.5823623538017273,1197.7183837890625,824.1143798828125,1214.067626953125,839.2532958984375,1205.8930053710938,831.683837890625,16.3492431640625,15.138916015625
IMG_0030.mp4,64,2.135468802135469,29.97,2,2,traffic_signs,0.6375252604484558,1196.950927734375,823.6187744140625,1213.953857421875,839.0322875976562,1205.452392578125,831.3255310058594,17.0029296875,15.41351318359375
IMG_0030.mp4,65,2.1688355021688355,29.97,2,2,traffic_signs,0.6436366438865662,1196.3883056640625,823.5234375,1213.8109130859375,839.1983032226562,1205.099609375,831.3608703613281,17.422607421875,15.67486572265625
IMG_0030.mp4,66,2.2022022022022023,29.97,2,2,traffic_signs,0.6704353094100952,1196.8370361328125,823.7333374023438,1214.500732421875,839.3901977539062,1205.6688842773438,831.561767578125,17.6636962890625,15.6568603515625
IMG_0030.mp4,67,2.235568902235569,29.97,2,2,traffic_signs,0.6487265229225159,1196.2994384765625,823.5643310546875,1214.2923583984375,839.1668090820312,1205.2958984375,831.3655700683594,17.992919921875,15.60247802734375
IMG_0030.mp4,68,2.2689356022689355,29.97,2,2,traffic_signs,0.6331048607826233,1196.3995361328125,824.0956420898438,1214.5938720703125,839.4174194335938,1205.4967041015625,831.7565307617188,18.1943359375,15.32177734375
IMG_0030.mp4,69,2.3023023023023024,29.97,2,2,traffic_signs,0.6387363076210022,1196.6573486328125,823.5963745117188,1214.7332763671875,839.1668701171875,1205.6953125,831.3816223144531,18.075927734375,15.57049560546875
IMG_0030.mp4,70,2.335669002335669,29.97,2,2,traffic_signs,0.6199522614479065,1197.1160888671875,823.6300659179688,1214.765869140625,839.043212890625,1205.9409790039062,831.3366394042969,17.6497802734375,15.41314697265625
IMG_0030.mp4,71,2.3690357023690356,29.97,2,2,traffic_signs,0.6664459109306335,1197.91455078125,823.7776489257812,1215.1806640625,839.0277709960938,1206.547607421875,831.4027099609375,17.26611328125,15.2501220703125
IMG_0030.mp4,72,2.4024024024024024,29.97,2,2,traffic_signs,0.6483972072601318,1198.1961669921875,823.7371826171875,1215.2884521484375,838.8175048828125,1206.7423095703125,831.27734375,17.09228515625,15.080322265625
IMG_0030.mp4,73,2.4357691024357693,29.97,2,2,traffic_signs,0.630760908126831,1198.62255859375,823.7697143554688,1215.716552734375,838.7918090820312,1207.1695556640625,831.28076171875,17.093994140625,15.0220947265625
IMG_0030.mp4,74,2.469135802469136,29.97,2,2,traffic_signs,0.6275612115859985,1198.75439453125,824.0399780273438,1215.7098388671875,838.6642456054688,1207.2321166992188,831.3521118164062,16.9554443359375,14.624267578125
IMG_0030.mp4,75,2.5025025025025025,29.97,2,2,traffic_signs,0.6346888542175293,1199.0096435546875,823.7691040039062,1215.8958740234375,838.3631591796875,1207.4527587890625,831.0661315917969,16.88623046875,14.59405517578125
IMG_0030.mp4,76,2.5358692025358693,29.97,2,2,traffic_signs,0.6450417637825012,1199.22509765625,823.8128662109375,1216.0733642578125,838.2911376953125,1207.6492309570312,831.052001953125,16.8482666015625,14.478271484375
IMG_0030.mp4,77,2.569235902569236,29.97,2,2,traffic_signs,0.6481330394744873,1199.496337890625,823.7935180664062,1216.3289794921875,838.0740356445312,1207.9126586914062,830.9337768554688,16.8326416015625,14.280517578125
IMG_0030.mp4,78,2.6026026026026026,29.97,2,2,traffic_signs,0.6564610600471497,1199.4415283203125,823.4539184570312,1216.4383544921875,837.8428344726562,1207.93994140625,830.6483764648438,16.996826171875,14.388916015625
IMG_0030.mp4,79,2.6359693026359694,29.97,2,2,traffic_signs,0.665054202079773,1198.9144287109375,823.34619140625,1216.2154541015625,837.9323120117188,1207.56494140625,830.6392517089844,17.301025390625,14.58612060546875
IMG_0030.mp4,80,2.6693360026693362,29.97,2,2,traffic_signs,0.642623245716095,1199.1142578125,823.3888549804688,1216.3839111328125,837.787841796875,1207.7490844726562,830.5883483886719,17.2696533203125,14.39898681640625
IMG_0030.mp4,81,2.7027027027027026,29.97,2,2,traffic_signs,0.5906652808189392,1199.1644287109375,823.295654296875,1216.6248779296875,837.7760620117188,1207.8946533203125,830.5358581542969,17.46044921875,14.48040771484375
IMG_0030.mp4,82,2.7360694027360695,29.97,2,2,traffic_signs,0.6065776348114014,1199.23486328125,822.9830322265625,1216.9881591796875,837.91455078125,1208.1115112304688,830.4487915039062,17.7532958984375,14.9315185546875
IMG_0030.mp4,83,2.7694361027694363,29.97,2,2,traffic_signs,0.5584201216697693,1197.6767578125,822.8672485351562,1216.554443359375,838.2223510742188,1207.1156005859375,830.5447998046875,18.877685546875,15.3551025390625
IMG_0030.mp4,84,2.8028028028028027,29.97,2,2,traffic_signs,0.5984907746315002,1196.6749267578125,822.5145874023438,1216.5950927734375,838.215576171875,1206.635009765625,830.3650817871094,19.920166015625,15.70098876953125
IMG_0030.mp4,85,2.8361695028361695,29.97,2,2,traffic_signs,0.6148114800453186,1196.6495361328125,822.457763671875,1217.404296875,838.1326293945312,1207.0269165039062,830.2951965332031,20.7547607421875,15.67486572265625
IMG_0030.mp4,86,2.8695362028695364,29.97,2,2,traffic_signs,0.6124364137649536,1196.8094482421875,822.3709106445312,1217.897216796875,838.13720703125,1207.3533325195312,830.2540588378906,21.0877685546875,15.76629638671875
IMG_0030.mp4,87,2.902902902902903,29.97,2,2,traffic_signs,0.6370198130607605,1197.40283203125,822.3575439453125,1217.8385009765625,837.8615112304688,1207.6206665039062,830.1095275878906,20.4356689453125,15.50396728515625
IMG_0030.mp4,88,2.9362696029362696,29.97,2,2,traffic_signs,0.6179999709129333,1196.9423828125,822.4401245117188,1217.2745361328125,837.889404296875,1207.1084594726562,830.1647644042969,20.3321533203125,15.44927978515625
IMG_0030.mp4,89,2.9696363029696364,29.97,2,2,traffic_signs,0.6265594363212585,1197.0576171875,822.33349609375,1217.997314453125,837.9067993164062,1207.5274658203125,830.1201477050781,20.939697265625,15.57330322265625
IMG_0030.mp4,90,3.0030030030030033,29.97,2,2,traffic_signs,0.6440784335136414,1196.2659912109375,821.993408203125,1217.9271240234375,837.849609375,1207.0965576171875,829.9215087890625,21.6611328125,15.856201171875
IMG_0030.mp4,91,3.0363697030363697,29.97,2,2,traffic_signs,0.6256887912750244,1196.2454833984375,822.2173461914062,1218.34814453125,837.955322265625,1207.2968139648438,830.0863342285156,22.1026611328125,15.73797607421875
IMG_0030.mp4,92,3.0697364030697365,29.97,2,2,traffic_signs,0.6044714450836182,1196.2584228515625,822.2034912109375,1218.8985595703125,837.806884765625,1207.5784912109375,830.0051879882812,22.64013671875,15.6033935546875
IMG_0030.mp4,93,3.1031031031031033,29.97,2,2,traffic_signs,0.5778583884239197,1196.9339599609375,821.8763427734375,1219.9794921875,837.4759521484375,1208.4567260742188,829.6761474609375,23.0455322265625,15.599609375
IMG_0030.mp4,94,3.1364698031364697,29.97,2,2,traffic_signs,0.4372546076774597,1198.2890625,821.7886962890625,1220.38916015625,837.4432373046875,1209.339111328125,829.615966796875,22.10009765625,15.654541015625
IMG_0030.mp4,95,3.1698365031698366,29.97,2,2,traffic_signs,0.42646855115890503,1197.625732421875,821.354248046875,1219.5772705078125,837.459716796875,1208.6015014648438,829.406982421875,21.9515380859375,16.10546875
IMG_0030.mp4,96,3.2032032032032034,29.97,2,2,traffic_signs,0.3574380576610565,1199.0181884765625,821.0057983398438,1220.61962890625,837.3193969726562,1209.8189086914062,829.16259765625,21.6014404296875,16.3135986328125
IMG_0030.mp4,97,3.2365699032365702,29.97,2,2,traffic_signs,0.3617826998233795,1198.1065673828125,820.755615234375,1219.4337158203125,837.2669677734375,1208.7701416015625,829.0112915039062,21.3271484375,16.5113525390625
IMG_0030.mp4,98,3.2699366032699366,29.97,2,2,traffic_signs,0.40827882289886475,1199.666015625,820.7645874023438,1220.269287109375,837.2897338867188,1209.9676513671875,829.0271606445312,20.603271484375,16.525146484375
IMG_0030.mp4,99,3.3033033033033035,29.97,2,2,traffic_signs,0.3460589647293091,1201.96337890625,820.5469970703125,1221.1239013671875,836.9072875976562,1211.5436401367188,828.7271423339844,19.1605224609375,16.36029052734375
IMG_0030.mp4,100,3.3366700033366703,29.97,2,2,traffic_signs,0.33304262161254883,1204.3548583984375,820.6619873046875,1221.1240234375,836.7865600585938,1212.7394409179688,828.7242736816406,16.7691650390625,16.12457275390625
IMG_0030.mp4,101,3.3700367033700367,29.97,2,2,traffic_signs,0.3403378427028656,1205.215087890625,820.601806640625,1221.6328125,836.7105712890625,1213.4239501953125,828.6561889648438,16.417724609375,16.1087646484375
IMG_0030.mp4,104,3.4701368034701368,29.97,8,2,traffic_signs,0.42788034677505493,1205.0235595703125,820.4208984375,1222.223388671875,836.6549072265625,1213.6234741210938,828.5379028320312,17.1998291015625,16.2340087890625
IMG_0030.mp4,104,3.4701368034701368,29.97,9,2,traffic_signs,0.36942771077156067,1204.30615234375,820.0147705078125,1222.48583984375,835.4593505859375,1213.39599609375,827.737060546875,18.1796875,15.444580078125
IMG_0030.mp4,106,3.5368702035368704,29.97,10,2,traffic_signs,0.39023151993751526,1205.455078125,819.7296752929688,1222.9114990234375,835.877685546875,1214.1832885742188,827.8036804199219,17.4564208984375,16.14801025390625
IMG_0030.mp4,106,3.5368702035368704,29.97,11,2,traffic_signs,0.4281763434410095,1206.4208984375,820.0390625,1222.7998046875,836.662841796875,1214.6103515625,828.3509521484375,16.37890625,16.623779296875
IMG_0030.mp4,107,3.570236903570237,29.97,10,2,traffic_signs,0.43799883127212524,1205.049560546875,819.9004516601562,1222.7392578125,836.365966796875,1213.8944091796875,828.1332092285156,17.689697265625,16.46551513671875
IMG_0030.mp4,107,3.570236903570237,29.97,11,2,traffic_signs,0.46864843368530273,1206.015380859375,820.0757446289062,1222.7066650390625,836.9368286132812,1214.3610229492188,828.5062866210938,16.6912841796875,16.861083984375
IMG_0030.mp4,108,3.6036036036036037,29.97,10,2,traffic_signs,0.47886011004447937,1205.070068359375,819.4857788085938,1223.1610107421875,836.2655029296875,1214.1155395507812,827.8756408691406,18.0909423828125,16.77972412109375
IMG_0030.mp4,108,3.6036036036036037,29.97,11,2,traffic_signs,0.40177834033966064,1206.2529296875,819.6878662109375,1223.0989990234375,836.8240966796875,1214.6759643554688,828.2559814453125,16.8460693359375,17.13623046875
IMG_0030.mp4,109,3.6369703036369705,29.97,10,2,traffic_signs,0.5824564695358276,1204.8526611328125,818.9901123046875,1223.57763671875,836.4324340820312,1214.2151489257812,827.7112731933594,18.7249755859375,17.44232177734375
IMG_0030.mp4,109,3.6369703036369705,29.97,11,2,traffic_signs,0.29426348209381104,1206.2384033203125,819.0907592773438,1223.432373046875,836.9024658203125,1214.8353881835938,827.9966125488281,17.1939697265625,17.81170654296875
IMG_0030.mp4,110,3.6703370036703373,29.97,10,2,traffic_signs,0.5664345622062683,1205.612060546875,818.5850219726562,1224.409423828125,836.3057861328125,1215.0107421875,827.4454040527344,18.79736328125,17.72076416015625
IMG_0030.mp4,110,3.6703370036703373,29.97,11,2,traffic_signs,0.28217649459838867,1207.1961669921875,818.6636352539062,1224.3006591796875,836.8550415039062,1215.7484130859375,827.7593383789062,17.1044921875,18.19140625
IMG_0030.mp4,111,3.7037037037037037,29.97,10,2,traffic_signs,0.542638897895813,1205.3331298828125,818.4298095703125,1224.9215087890625,836.1759643554688,1215.1273193359375,827.3028869628906,19.58837890625,17.74615478515625
IMG_0030.mp4,112,3.7370704037370706,29.97,10,2,traffic_signs,0.5136008262634277,1206.9515380859375,818.4639282226562,1225.2239990234375,836.001708984375,1216.0877685546875,827.2328186035156,18.2724609375,17.53778076171875
IMG_0030.mp4,112,3.7370704037370706,29.97,11,2,traffic_signs,0.3353978097438812,1208.9012451171875,818.7196655273438,1225.2137451171875,836.7020874023438,1217.0574951171875,827.7108764648438,16.3125,17.982421875
IMG_0030.mp4,113,3.7704371037704374,29.97,10,2,traffic_signs,0.5299388766288757,1208.2479248046875,818.3875122070312,1225.6109619140625,836.022705078125,1216.929443359375,827.2051086425781,17.363037109375,17.63519287109375
IMG_0030.mp4,113,3.7704371037704374,29.97,11,2,traffic_signs,0.35977229475975037,1209.6981201171875,818.5394897460938,1225.5478515625,836.7227172851562,1217.6229858398438,827.631103515625,15.8497314453125,18.1832275390625
IMG_0030.mp4,114,3.803803803803804,29.97,10,2,traffic_signs,0.4658207297325134,1208.25048828125,818.1721801757812,1225.599365234375,835.6094360351562,1216.9249267578125,826.8908081054688,17.348876953125,17.437255859375
IMG_0030.mp4,115,3.8371705038371706,29.97,10,2,traffic_signs,0.5385597348213196,1209.0194091796875,818.1102905273438,1226.361572265625,835.6577758789062,1217.6904907226562,826.884033203125,17.3421630859375,17.5474853515625
IMG_0030.mp4,116,3.8705372038705375,29.97,10,2,traffic_signs,0.5567935705184937,1210.09912109375,817.5860595703125,1226.5067138671875,835.0052490234375,1218.3029174804688,826.295654296875,16.4075927734375,17.419189453125
IMG_0030.mp4,117,3.903903903903904,29.97,10,2,traffic_signs,0.5521265864372253,1210.634033203125,817.3886108398438,1227.2325439453125,835.065185546875,1218.9332885742188,826.2268981933594,16.5985107421875,17.67657470703125
IMG_0030.mp4,118,3.9372706039372707,29.97,10,2,traffic_signs,0.5636784434318542,1210.659912109375,816.9573364257812,1227.71484375,834.6881713867188,1219.1873779296875,825.82275390625,17.054931640625,17.7308349609375
IMG_0030.mp4,119,3.9706373039706375,29.97,10,2,traffic_signs,0.5868852138519287,1210.952880859375,816.45068359375,1228.695068359375,833.8187255859375,1219.823974609375,825.1347045898438,17.7421875,17.3680419921875
IMG_0030.mp4,120,4.004004004004004,29.97,10,2,traffic_signs,0.6398723125457764,1211.5855712890625,816.0582885742188,1228.663330078125,833.0711669921875,1220.1244506835938,824.5647277832031,17.0777587890625,17.01287841796875
IMG_0030.mp4,121,4.037370704037371,29.97,10,2,traffic_signs,0.5872024297714233,1212.6663818359375,815.9498291015625,1229.9454345703125,833.1033325195312,1221.305908203125,824.5265808105469,17.279052734375,17.15350341796875
IMG_0030.mp4,122,4.070737404070737,29.97,10,2,traffic_signs,0.5669090151786804,1212.501708984375,815.603759765625,1231.1361083984375,832.6708984375,1221.8189086914062,824.1373291015625,18.6343994140625,17.067138671875
IMG_0030.mp4,123,4.104104104104104,29.97,10,2,traffic_signs,0.5071573257446289,1212.6807861328125,815.1910400390625,1231.6826171875,831.5445556640625,1222.1817016601562,823.3677978515625,19.0018310546875,16.353515625
IMG_0030.mp4,124,4.137470804137471,29.97,10,2,traffic_signs,0.39824438095092773,1213.1280517578125,814.9329223632812,1232.458984375,830.952880859375,1222.7935180664062,822.9429016113281,19.3309326171875,16.01995849609375
IMG_0030.mp4,125,4.170837504170838,29.97,10,2,traffic_signs,0.40544459223747253,1212.2393798828125,814.442626953125,1232.352783203125,830.9091796875,1222.2960815429688,822.6759033203125,20.1134033203125,16.466552734375
IMG_0030.mp4,126,4.2042042042042045,29.97,10,2,traffic_signs,0.43256354331970215,1212.2081298828125,813.824951171875,1232.9979248046875,831.0892333984375,1222.60302734375,822.4570922851562,20.789794921875,17.2642822265625
IMG_0030.mp4,127,4.237570904237571,29.97,10,2,traffic_signs,0.3346492350101471,1214.5,813.929443359375,1234.020263671875,831.619873046875,1224.2601318359375,822.774658203125,19.520263671875,17.6904296875
IMG_0030.mp4,128,4.270937604270938,29.97,10,2,traffic_signs,0.5240309834480286,1216.127685546875,814.0382080078125,1234.5062255859375,831.6825561523438,1225.3169555664062,822.8603820800781,18.3785400390625,17.64434814453125
IMG_0030.mp4,129,4.3043043043043046,29.97,10,2,traffic_signs,0.5236768126487732,1216.9722900390625,813.8665771484375,1235.518798828125,831.293701171875,1226.2455444335938,822.5801391601562,18.5465087890625,17.4271240234375
IMG_0030.mp4,130,4.337671004337671,29.97,10,2,traffic_signs,0.5288214087486267,1217.470458984375,813.617919921875,1236.30029296875,831.212890625,1226.8853759765625,822.4154052734375,18.829833984375,17.594970703125
IMG_0030.mp4,131,4.371037704371038,29.97,10,2,traffic_signs,0.5040037035942078,1217.90478515625,813.4873046875,1237.1932373046875,831.2299194335938,1227.5490112304688,822.3586120605469,19.2884521484375,17.74261474609375
IMG_0030.mp4,132,4.404404404404405,29.97,10,2,traffic_signs,0.502539336681366,1218.4581298828125,813.275390625,1237.59375,831.2664794921875,1228.0259399414062,822.2709350585938,19.1356201171875,17.9910888671875
IMG_0030.mp4,133,4.437771104437771,29.97,10,2,traffic_signs,0.5614496469497681,1219.27392578125,813.3298950195312,1237.854736328125,831.3680419921875,1228.5643310546875,822.3489685058594,18.580810546875,18.03814697265625
IMG_0030.mp4,134,4.471137804471138,29.97,10,2,traffic_signs,0.5851752758026123,1219.6142578125,813.1900634765625,1238.3106689453125,831.0819091796875,1228.9624633789062,822.135986328125,18.6964111328125,17.891845703125
IMG_0030.mp4,135,4.504504504504505,29.97,10,2,traffic_signs,0.4977486729621887,1220.6881103515625,813.1974487304688,1239.246337890625,830.7713623046875,1229.9672241210938,821.9844055175781,18.5582275390625,17.57391357421875
IMG_0030.mp4,136,4.537871204537871,29.97,10,2,traffic_signs,0.5594123005867004,1221.2996826171875,812.6217041015625,1239.5679931640625,830.322021484375,1230.433837890625,821.4718627929688,18.268310546875,17.7003173828125
IMG_0030.mp4,137,4.571237904571238,29.97,10,2,traffic_signs,0.6369950175285339,1221.9755859375,812.4682006835938,1240.0994873046875,830.2686767578125,1231.0375366210938,821.3684387207031,18.1239013671875,17.80047607421875
IMG_0030.mp4,138,4.604604604604605,29.97,10,2,traffic_signs,0.5809904336929321,1223.7374267578125,812.0421142578125,1241.6639404296875,830.0852661132812,1232.70068359375,821.0636901855469,17.926513671875,18.04315185546875
IMG_0030.mp4,139,4.637971304637971,29.97,10,2,traffic_signs,0.5751516222953796,1224.893310546875,811.3704833984375,1242.1671142578125,830.0151977539062,1233.5302124023438,820.6928405761719,17.2738037109375,18.64471435546875
IMG_0030.mp4,140,4.671338004671338,29.97,10,2,traffic_signs,0.5068488717079163,1224.9390869140625,810.6447143554688,1242.721435546875,829.8930053710938,1233.8302612304688,820.2688598632812,17.7823486328125,19.248291015625
IMG_0030.mp4,141,4.704704704704705,29.97,10,2,traffic_signs,0.4157131016254425,1225.09912109375,810.0317993164062,1244.132080078125,829.6487426757812,1234.6156005859375,819.8402709960938,19.032958984375,19.616943359375
IMG_0030.mp4,142,4.738071404738071,29.97,10,2,traffic_signs,0.27707719802856445,1226.26318359375,809.6739501953125,1245.7266845703125,829.5853271484375,1235.9949340820312,819.629638671875,19.4635009765625,19.911376953125
IMG_0030.mp4,143,4.7714381047714385,29.97,10,2,traffic_signs,0.5811517238616943,1227.507080078125,809.5636596679688,1246.4849853515625,829.8739624023438,1236.9960327148438,819.7188110351562,18.9779052734375,20.310302734375
IMG_0030.mp4,144,4.804804804804805,29.97,10,2,traffic_signs,0.5808044075965881,1229.3204345703125,809.9293212890625,1247.5843505859375,829.8495483398438,1238.452392578125,819.8894348144531,18.263916015625,19.92022705078125
IMG_0030.mp4,145,4.838171504838171,29.97,10,2,traffic_signs,0.5235390663146973,1231.4483642578125,809.9815063476562,1248.6285400390625,830.2457885742188,1240.0384521484375,820.1136474609375,17.18017578125,20.2642822265625
IMG_0030.mp4,146,4.8715382048715385,29.97,10,2,traffic_signs,0.49816223978996277,1232.594970703125,809.42236328125,1249.619384765625,829.640625,1241.107177734375,819.531494140625,17.0244140625,20.21826171875
IMG_0030.mp4,147,4.904904904904905,29.97,10,2,traffic_signs,0.49828842282295227,1232.9852294921875,809.3187255859375,1250.604248046875,829.0348510742188,1241.7947387695312,819.1767883300781,17.6190185546875,19.71612548828125
IMG_0030.mp4,148,4.938271604938272,29.97,10,2,traffic_signs,0.44391679763793945,1233.5224609375,809.4074096679688,1251.53466796875,828.54052734375,1242.528564453125,818.9739685058594,18.01220703125,19.13311767578125
IMG_0030.mp4,149,4.971638304971639,29.97,10,2,traffic_signs,0.4547017514705658,1234.2083740234375,808.9777221679688,1253.0655517578125,828.1430053710938,1243.636962890625,818.5603637695312,18.857177734375,19.165283203125
IMG_0030.mp4,150,5.005005005005005,29.97,10,2,traffic_signs,0.5415213108062744,1234.93359375,808.9544067382812,1254.0771484375,828.0426635742188,1244.50537109375,818.49853515625,19.1435546875,19.0882568359375
IMG_0030.mp4,150,5.005005005005005,29.97,17,2,traffic_signs,0.5692901015281677,170.661865234375,808.3262939453125,228.7213134765625,827.6719970703125,199.69158935546875,817.9991455078125,58.0594482421875,19.345703125
IMG_0030.mp4,151,5.038371705038372,29.97,10,2,traffic_signs,0.5217365026473999,1234.8284912109375,808.6973876953125,1254.709228515625,828.1393432617188,1244.7688598632812,818.4183654785156,19.8807373046875,19.44195556640625
IMG_0030.mp4,151,5.038371705038372,29.97,17,2,traffic_signs,0.3949528932571411,152.2053680419922,807.870849609375,212.16787719726562,827.100341796875,182.1866226196289,817.485595703125,59.96250915527344,19.2294921875
IMG_0030.mp4,152,5.071738405071739,29.97,10,2,traffic_signs,0.4371527433395386,1235.3194580078125,808.5643310546875,1255.488037109375,827.7833251953125,1245.4037475585938,818.173828125,20.1685791015625,19.218994140625
IMG_0030.mp4,152,5.071738405071739,29.97,17,2,traffic_signs,0.3845027685165405,132.7770538330078,807.2005004882812,194.13514709472656,826.9149169921875,163.4561004638672,817.0577087402344,61.35809326171875,19.71441650390625
IMG_0030.mp4,153,5.105105105105105,29.97,10,2,traffic_signs,0.25714531540870667,1236.0125732421875,808.041259765625,1256.5767822265625,827.2596435546875,1246.294677734375,817.6504516601562,20.564208984375,19.2183837890625
IMG_0030.mp4,154,5.138471805138472,29.97,10,2,traffic_signs,0.26357579231262207,1236.0211181640625,807.8802490234375,1257.4334716796875,827.17626953125,1246.727294921875,817.5282592773438,21.412353515625,19.2960205078125
IMG_0030.mp4,155,5.171838505171839,29.97,10,2,traffic_signs,0.3427126705646515,1236.40576171875,807.1182861328125,1259.370849609375,827.3529052734375,1247.8883056640625,817.235595703125,22.965087890625,20.234619140625
IMG_0030.mp4,159,5.305305305305305,29.97,10,2,traffic_signs,0.40873852372169495,1229.0789794921875,805.5781860351562,1262.439208984375,827.2429809570312,1245.7590942382812,816.4105834960938,33.3602294921875,21.664794921875
IMG_0030.mp4,160,5.3386720053386725,29.97,10,2,traffic_signs,0.5434636473655701,1235.216552734375,805.5222778320312,1262.8914794921875,827.1043090820312,1249.0540161132812,816.3132934570312,27.6749267578125,21.58203125
IMG_0030.mp4,161,5.372038705372039,29.97,10,2,traffic_signs,0.4815704822540283,1236.6875,805.4103393554688,1263.7054443359375,827.3052978515625,1250.1964721679688,816.3578186035156,27.0179443359375,21.89495849609375
IMG_0030.mp4,162,5.405405405405405,29.97,10,2,traffic_signs,0.4687284529209137,1235.271484375,805.0051879882812,1265.12158203125,825.6865844726562,1250.196533203125,815.3458862304688,29.85009765625,20.681396484375
IMG_0030.mp4,162,5.405405405405405,29.97,19,2,traffic_signs,0.5434564352035522,0.0,639.05712890625,64.10030364990234,739.6279907226562,32.05015182495117,689.3425598144531,64.10030364990234,100.57086181640625
IMG_0030.mp4,163,5.4387721054387725,29.97,10,2,traffic_signs,0.37152257561683655,1232.37353515625,804.5477905273438,1266.0242919921875,825.7872314453125,1249.1989135742188,815.1675109863281,33.6507568359375,21.23944091796875
IMG_0030.mp4,163,5.4387721054387725,29.97,19,2,traffic_signs,0.5576041340827942,0.0,636.08349609375,53.52383041381836,737.3311157226562,26.76191520690918,686.7073059082031,53.52383041381836,101.24761962890625
IMG_0030.mp4,164,5.472138805472139,29.97,10,2,traffic_signs,0.3544299006462097,1231.1263427734375,804.2879638671875,1266.9171142578125,825.8897705078125,1249.021728515625,815.0888671875,35.790771484375,21.601806640625
IMG_0030.mp4,165,5.505505505505505,29.97,10,2,traffic_signs,0.2523763179779053,1233.80419921875,803.5780639648438,1268.0670166015625,826.705078125,1250.9356079101562,815.1415710449219,34.2628173828125,23.12701416015625
IMG_0030.mp4,167,5.572238905572239,29.97,10,2,traffic_signs,0.2588821053504944,1231.669677734375,802.9175415039062,1270.0675048828125,824.460205078125,1250.8685913085938,813.6888732910156,38.3978271484375,21.54266357421875
IMG_0030.mp4,169,5.638972305638973,29.97,10,2,traffic_signs,0.37846896052360535,1231.869873046875,802.457275390625,1271.9471435546875,823.4258422851562,1251.9085083007812,812.9415588378906,40.0772705078125,20.96856689453125
IMG_0030.mp4,170,5.672339005672339,29.97,10,2,traffic_signs,0.4699086546897888,1232.1419677734375,801.9393920898438,1273.59033203125,823.2583618164062,1252.8661499023438,812.598876953125,41.4483642578125,21.3189697265625
IMG_0030.mp4,171,5.705705705705706,29.97,10,2,traffic_signs,0.4678787887096405,1232.7833251953125,801.7294921875,1274.2725830078125,822.4232788085938,1253.5279541015625,812.0763854980469,41.4892578125,20.69378662109375
IMG_0030.mp4,172,5.739072405739073,29.97,10,2,traffic_signs,0.38122719526290894,1233.9915771484375,801.5402221679688,1275.4190673828125,822.011474609375,1254.705322265625,811.7758483886719,41.427490234375,20.47125244140625
IMG_0030.mp4,173,5.772439105772439,29.97,10,2,traffic_signs,0.2803708612918854,1234.3948974609375,801.4766235351562,1276.0946044921875,822.40771484375,1255.2447509765625,811.9421691894531,41.69970703125,20.93109130859375
IMG_0030.mp4,199,6.639973306639973,29.97,22,0,auth_label,0.3974912166595459,1594.5264892578125,985.12060546875,1920.0,1080.0,1757.2632446289062,1032.560302734375,325.4735107421875,94.87939453125
IMG_0030.mp4,313,10.443777110443778,29.97,25,2,traffic_signs,0.3378729224205017,1255.75390625,789.4903564453125,1312.86328125,808.97021484375,1284.30859375,799.2302856445312,57.109375,19.4798583984375
IMG_0030.mp4,314,10.477143810477145,29.97,25,2,traffic_signs,0.3735466003417969,1255.4698486328125,789.158935546875,1313.012939453125,808.9884033203125,1284.2413940429688,799.0736694335938,57.5430908203125,19.8294677734375
IMG_0030.mp4,341,11.378044711378045,29.97,32,2,traffic_signs,0.36163628101348877,1263.629150390625,772.9615478515625,1330.89306640625,798.75537109375,1297.2611083984375,785.8584594726562,67.263916015625,25.7938232421875
IMG_0030.mp4,342,11.411411411411413,29.97,32,2,traffic_signs,0.37327906489372253,1264.556640625,772.7900390625,1332.84814453125,797.050048828125,1298.702392578125,784.9200439453125,68.29150390625,24.260009765625
IMG_0030.mp4,343,11.444778111444778,29.97,32,2,traffic_signs,0.2599930167198181,1266.88037109375,773.0313110351562,1334.63671875,796.837890625,1300.758544921875,784.9346008300781,67.75634765625,23.80657958984375
IMG_0030.mp4,345,11.511511511511513,29.97,32,2,traffic_signs,0.2556858956813812,1267.4119873046875,772.1063232421875,1337.2120361328125,796.4822387695312,1302.31201171875,784.2942810058594,69.800048828125,24.37591552734375
IMG_0030.mp4,358,11.945278611945279,29.97,34,2,traffic_signs,0.41110914945602417,1208.540771484375,816.14697265625,1226.4022216796875,834.7568969726562,1217.4714965820312,825.4519348144531,17.8614501953125,18.60992431640625
IMG_0030.mp4,359,11.978645311978646,29.97,34,2,traffic_signs,0.5451613664627075,1208.220703125,815.987060546875,1225.72802734375,834.6826782226562,1216.974365234375,825.3348693847656,17.50732421875,18.69561767578125
IMG_0030.mp4,360,12.012012012012013,29.97,34,2,traffic_signs,0.6311936378479004,1209.0347900390625,815.5994873046875,1226.2652587890625,834.2062377929688,1217.6500244140625,824.9028625488281,17.23046875,18.60675048828125
IMG_0030.mp4,361,12.045378712045379,29.97,34,2,traffic_signs,0.7002684473991394,1209.81494140625,815.4405517578125,1227.1966552734375,834.376953125,1218.5057983398438,824.9087524414062,17.3817138671875,18.9364013671875
IMG_0030.mp4,362,12.078745412078746,29.97,34,2,traffic_signs,0.7334427237510681,1210.31201171875,815.205810546875,1227.4190673828125,833.98681640625,1218.8655395507812,824.5963134765625,17.1070556640625,18.781005859375
IMG_0030.mp4,363,12.112112112112113,29.97,34,2,traffic_signs,0.7292760014533997,1210.9326171875,815.4810180664062,1227.8797607421875,834.3740234375,1219.4061889648438,824.9275207519531,16.9471435546875,18.89300537109375
IMG_0030.mp4,364,12.145478812145479,29.97,34,2,traffic_signs,0.7448882460594177,1211.544921875,815.5657348632812,1228.260986328125,834.7044067382812,1219.9029541015625,825.1350708007812,16.716064453125,19.138671875
IMG_0030.mp4,365,12.178845512178846,29.97,34,2,traffic_signs,0.7336641550064087,1212.7381591796875,815.0360717773438,1229.1407470703125,834.3048706054688,1220.939453125,824.6704711914062,16.402587890625,19.268798828125
IMG_0030.mp4,366,12.212212212212213,29.97,34,2,traffic_signs,0.7399538159370422,1212.95263671875,814.2254638671875,1229.598876953125,834.0321044921875,1221.2757568359375,824.1287841796875,16.646240234375,19.806640625
IMG_0030.mp4,367,12.245578912245579,29.97,34,2,traffic_signs,0.7520902752876282,1213.713134765625,813.9156494140625,1230.4202880859375,833.9320068359375,1222.0667114257812,823.923828125,16.7071533203125,20.016357421875
IMG_0030.mp4,368,12.278945612278946,29.97,34,2,traffic_signs,0.7471424341201782,1213.8900146484375,813.4740600585938,1230.7703857421875,833.2617797851562,1222.3302001953125,823.367919921875,16.88037109375,19.7877197265625
IMG_0030.mp4,369,12.312312312312313,29.97,34,2,traffic_signs,0.6246674656867981,1214.35400390625,813.0048217773438,1231.5772705078125,833.24365234375,1222.9656372070312,823.1242370605469,17.2232666015625,20.23883056640625
IMG_0030.mp4,370,12.345679012345679,29.97,34,2,traffic_signs,0.7493557929992676,1215.7508544921875,813.4122314453125,1232.907470703125,833.4143676757812,1224.3291625976562,823.4132995605469,17.1566162109375,20.00213623046875
IMG_0030.mp4,371,12.379045712379046,29.97,34,2,traffic_signs,0.7829115986824036,1217.3538818359375,813.4329223632812,1234.4088134765625,833.3031616210938,1225.88134765625,823.3680419921875,17.054931640625,19.8702392578125
IMG_0030.mp4,372,12.412412412412413,29.97,34,2,traffic_signs,0.7663445472717285,1217.4061279296875,813.0303955078125,1234.6297607421875,833.3404541015625,1226.0179443359375,823.1854248046875,17.2236328125,20.31005859375
IMG_0030.mp4,373,12.445779112445779,29.97,34,2,traffic_signs,0.7363115549087524,1218.3663330078125,813.2982788085938,1236.0135498046875,833.485107421875,1227.18994140625,823.3916931152344,17.647216796875,20.18682861328125
IMG_0030.mp4,374,12.479145812479146,29.97,34,2,traffic_signs,0.7270278930664062,1218.7384033203125,812.7647705078125,1236.6097412109375,832.9727783203125,1227.674072265625,822.8687744140625,17.871337890625,20.2080078125
IMG_0030.mp4,375,12.512512512512513,29.97,34,2,traffic_signs,0.731002151966095,1219.387451171875,812.7398071289062,1237.6298828125,833.1786499023438,1228.5086669921875,822.959228515625,18.242431640625,20.4388427734375
IMG_0030.mp4,375,12.512512512512513,29.97,32,2,traffic_signs,0.5372151732444763,1315.2391357421875,743.1328735351562,1408.8634033203125,802.4773559570312,1362.05126953125,772.8051147460938,93.624267578125,59.344482421875
IMG_0030.mp4,376,12.545879212545879,29.97,34,2,traffic_signs,0.7613191604614258,1220.442138671875,813.4202880859375,1239.0423583984375,833.1802368164062,1229.7422485351562,823.3002624511719,18.6002197265625,19.75994873046875
IMG_0030.mp4,376,12.545879212545879,29.97,32,2,traffic_signs,0.7340675592422485,1317.6925048828125,741.1397705078125,1412.200927734375,801.5621337890625,1364.9467163085938,771.3509521484375,94.5084228515625,60.42236328125
IMG_0030.mp4,377,12.579245912579246,29.97,34,2,traffic_signs,0.7718095183372498,1221.06689453125,812.712890625,1239.830322265625,832.6640014648438,1230.4486083984375,822.6884460449219,18.763427734375,19.95111083984375
IMG_0030.mp4,377,12.579245912579246,29.97,32,2,traffic_signs,0.5829002261161804,1319.3289794921875,738.7651977539062,1414.7393798828125,799.5239868164062,1367.0341796875,769.1445922851562,95.410400390625,60.7587890625
IMG_0030.mp4,378,12.612612612612613,29.97,34,2,traffic_signs,0.7814972400665283,1225.7261962890625,812.3634643554688,1244.3369140625,832.4688720703125,1235.0315551757812,822.4161682128906,18.6107177734375,20.10540771484375
IMG_0030.mp4,378,12.612612612612613,29.97,32,2,traffic_signs,0.42280668020248413,1324.8831787109375,737.421630859375,1422.4659423828125,799.2506103515625,1373.674560546875,768.3361206054688,97.582763671875,61.8289794921875
IMG_0030.mp4,379,12.645979312645979,29.97,34,2,traffic_signs,0.7356646060943604,1226.48291015625,811.4992065429688,1245.2803955078125,831.7890014648438,1235.8816528320312,821.6441040039062,18.7974853515625,20.289794921875
IMG_0030.mp4,379,12.645979312645979,29.97,32,2,traffic_signs,0.449339896440506,1326.7784423828125,735.0199584960938,1425.904296875,795.7742919921875,1376.3413696289062,765.3971252441406,99.1258544921875,60.75433349609375
IMG_0030.mp4,380,12.679346012679346,29.97,34,2,traffic_signs,0.7499254941940308,1227.1580810546875,809.9647827148438,1245.51171875,831.376220703125,1236.3348999023438,820.6705017089844,18.3536376953125,21.41143798828125
IMG_0030.mp4,380,12.679346012679346,29.97,32,2,traffic_signs,0.47155866026878357,1329.4296875,732.9453125,1429.0531005859375,795.66845703125,1379.2413940429688,764.306884765625,99.6234130859375,62.72314453125
IMG_0030.mp4,381,12.712712712712714,29.97,32,2,traffic_signs,0.455215722322464,1333.5860595703125,731.35791015625,1434.8857421875,794.1875610351562,1384.2359008789062,762.7727355957031,101.2996826171875,62.82965087890625
IMG_0030.mp4,382,12.746079412746079,29.97,32,2,traffic_signs,0.5896639823913574,1337.110595703125,729.7927856445312,1439.292236328125,794.8875122070312,1388.201416015625,762.3401489257812,102.181640625,65.0947265625
IMG_0030.mp4,383,12.779446112779446,29.97,32,2,traffic_signs,0.7148370742797852,1340.93505859375,730.1508178710938,1444.0692138671875,795.322509765625,1392.5021362304688,762.7366638183594,103.1341552734375,65.17169189453125
IMG_0030.mp4,384,12.812812812812814,29.97,32,2,traffic_signs,0.7483025789260864,1340.8787841796875,726.6341552734375,1445.4739990234375,793.826416015625,1393.1763916015625,760.2302856445312,104.59521484375,67.1922607421875
IMG_0030.mp4,384,12.812812812812814,29.97,45,2,traffic_signs,0.6519936919212341,1228.1326904296875,808.7128295898438,1246.586669921875,831.1891479492188,1237.3596801757812,819.9509887695312,18.4539794921875,22.476318359375
IMG_0030.mp4,385,12.84617951284618,29.97,32,2,traffic_signs,0.764055073261261,1345.0367431640625,725.9397583007812,1452.0482177734375,794.796142578125,1398.54248046875,760.3679504394531,107.011474609375,68.85638427734375
IMG_0030.mp4,386,12.879546212879546,29.97,32,2,traffic_signs,0.8060179352760315,1348.0567626953125,725.756103515625,1457.2305908203125,794.918701171875,1402.6436767578125,760.33740234375,109.173828125,69.16259765625
IMG_0030.mp4,387,12.912912912912914,29.97,32,2,traffic_signs,0.9065192937850952,1350.5457763671875,724.4918823242188,1462.9888916015625,794.728271484375,1406.767333984375,759.6100769042969,112.443115234375,70.23638916015625
IMG_0030.mp4,388,12.946279612946281,29.97,32,2,traffic_signs,0.8762807846069336,1352.5501708984375,723.3429565429688,1465.07568359375,793.1876220703125,1408.8129272460938,758.2652893066406,112.5255126953125,69.84466552734375
IMG_0030.mp4,389,12.979646312979646,29.97,32,2,traffic_signs,0.8445059657096863,1355.2216796875,722.9037475585938,1469.22119140625,792.9349365234375,1412.221435546875,757.9193420410156,113.99951171875,70.03118896484375
IMG_0030.mp4,390,13.013013013013014,29.97,32,2,traffic_signs,0.583053708076477,1359.331298828125,723.6315307617188,1474.59375,792.723876953125,1416.9625244140625,758.1777038574219,115.262451171875,69.09234619140625
IMG_0030.mp4,391,13.046379713046381,29.97,32,2,traffic_signs,0.5857585072517395,1362.7974853515625,719.016845703125,1478.14794921875,792.4575805664062,1420.4727172851562,755.7372131347656,115.3504638671875,73.44073486328125
IMG_0030.mp4,392,13.079746413079747,29.97,32,2,traffic_signs,0.4787425994873047,1366.527587890625,728.9197998046875,1484.540283203125,790.56298828125,1425.533935546875,759.7413940429688,118.0126953125,61.6431884765625
IMG_0030.mp4,393,13.113113113113114,29.97,32,2,traffic_signs,0.41816362738609314,1366.221923828125,717.6092529296875,1488.662109375,791.267578125,1427.4420166015625,754.4384155273438,122.440185546875,73.6583251953125
IMG_0030.mp4,394,13.146479813146481,29.97,32,2,traffic_signs,0.43492692708969116,1369.8194580078125,712.109619140625,1495.4598388671875,789.525146484375,1432.6396484375,750.8173828125,125.640380859375,77.41552734375
IMG_0030.mp4,395,13.179846513179847,29.97,32,2,traffic_signs,0.5011739730834961,1365.628662109375,706.9491577148438,1490.115234375,786.4140014648438,1427.8719482421875,746.6815795898438,124.486572265625,79.46484375
IMG_0030.mp4,395,13.179846513179847,29.97,55,2,traffic_signs,0.5373325347900391,1234.812744140625,803.4336547851562,1255.537841796875,829.1485595703125,1245.17529296875,816.2911071777344,20.72509765625,25.71490478515625
IMG_0030.mp4,396,13.213213213213214,29.97,55,2,traffic_signs,0.47415080666542053,1237.742919921875,804.7494506835938,1258.773681640625,830.2759399414062,1248.25830078125,817.5126953125,21.03076171875,25.5264892578125
IMG_0030.mp4,410,13.680347013680347,29.97,73,2,traffic_signs,0.5383281707763672,1247.7166748046875,800.1838989257812,1270.68994140625,826.7898559570312,1259.2033081054688,813.4868774414062,22.9732666015625,26.60595703125
IMG_0030.mp4,411,13.713713713713714,29.97,73,2,traffic_signs,0.7533978819847107,1247.9085693359375,799.9930419921875,1272.1361083984375,825.9974365234375,1260.0223388671875,812.9952392578125,24.2275390625,26.00439453125
IMG_0030.mp4,412,13.747080413747081,29.97,73,2,traffic_signs,0.8097308278083801,1246.180908203125,800.0098266601562,1271.2620849609375,825.364501953125,1258.7214965820312,812.6871643066406,25.0811767578125,25.35467529296875
IMG_0030.mp4,413,13.780447113780447,29.97,73,2,traffic_signs,0.8024778962135315,1249.62109375,799.1239624023438,1275.10791015625,824.8331909179688,1262.364501953125,811.9785766601562,25.48681640625,25.709228515625
IMG_0030.mp4,414,13.813813813813814,29.97,73,2,traffic_signs,0.8032113313674927,1250.0079345703125,798.56640625,1275.450439453125,824.4237670898438,1262.7291870117188,811.4950866699219,25.4425048828125,25.85736083984375
IMG_0030.mp4,415,13.847180513847182,29.97,73,2,traffic_signs,0.7956435084342957,1250.2200927734375,797.5407104492188,1276.6221923828125,823.6666259765625,1263.421142578125,810.6036682128906,26.402099609375,26.12591552734375
IMG_0030.mp4,416,13.880547213880547,29.97,73,2,traffic_signs,0.8049554228782654,1252.267822265625,796.4617309570312,1278.830322265625,823.4922485351562,1265.549072265625,809.9769897460938,26.5625,27.030517578125
IMG_0030.mp4,417,13.913913913913914,29.97,73,2,traffic_signs,0.801582932472229,1252.031494140625,797.3993530273438,1278.2083740234375,824.633056640625,1265.1199340820312,811.0162048339844,26.1768798828125,27.23370361328125
IMG_0030.mp4,418,13.947280613947282,29.97,73,2,traffic_signs,0.8223743438720703,1254.7840576171875,798.2428588867188,1279.9705810546875,825.2284545898438,1267.3773193359375,811.7356567382812,25.1865234375,26.985595703125
IMG_0030.mp4,419,13.980647313980647,29.97,73,2,traffic_signs,0.8186503052711487,1253.9722900390625,798.1529541015625,1279.75927734375,825.5982666015625,1266.8657836914062,811.8756103515625,25.7869873046875,27.4453125
IMG_0030.mp4,420,14.014014014014014,29.97,73,2,traffic_signs,0.8358571529388428,1254.19384765625,798.1964111328125,1280.1297607421875,825.7327880859375,1267.1618041992188,811.964599609375,25.9359130859375,27.536376953125
IMG_0030.mp4,421,14.047380714047382,29.97,73,2,traffic_signs,0.8519579768180847,1253.89404296875,797.817626953125,1279.9256591796875,825.5885009765625,1266.9098510742188,811.7030639648438,26.0316162109375,27.7708740234375
IMG_0030.mp4,422,14.080747414080747,29.97,73,2,traffic_signs,0.8600079417228699,1253.77001953125,797.4601440429688,1280.3826904296875,825.0676879882812,1267.0763549804688,811.263916015625,26.6126708984375,27.6075439453125
IMG_0030.mp4,423,14.114114114114114,29.97,73,2,traffic_signs,0.8647059202194214,1252.2420654296875,795.8939208984375,1279.098876953125,823.8497314453125,1265.6704711914062,809.871826171875,26.8568115234375,27.955810546875
IMG_0030.mp4,424,14.147480814147482,29.97,73,2,traffic_signs,0.8612513542175293,1254.120361328125,796.239013671875,1281.203369140625,824.6177368164062,1267.661865234375,810.4283752441406,27.0830078125,28.37872314453125
IMG_0030.mp4,425,14.180847514180847,29.97,73,2,traffic_signs,0.8624104857444763,1255.143798828125,795.5936279296875,1283.1844482421875,824.6363525390625,1269.1641235351562,810.114990234375,28.0406494140625,29.042724609375
IMG_0030.mp4,426,14.214214214214214,29.97,73,2,traffic_signs,0.8714351058006287,1255.5615234375,795.1024169921875,1283.6702880859375,823.7530517578125,1269.6159057617188,809.427734375,28.1087646484375,28.650634765625
IMG_0030.mp4,427,14.247580914247582,29.97,73,2,traffic_signs,0.8728650212287903,1256.78271484375,794.7810668945312,1284.7620849609375,823.300537109375,1270.7723999023438,809.0408020019531,27.9793701171875,28.51947021484375
IMG_0030.mp4,428,14.280947614280947,29.97,73,2,traffic_signs,0.8799476623535156,1256.2642822265625,794.2365112304688,1284.5198974609375,822.6845092773438,1270.39208984375,808.4605102539062,28.255615234375,28.447998046875
IMG_0030.mp4,429,14.314314314314315,29.97,73,2,traffic_signs,0.8842088580131531,1257.080810546875,793.6683959960938,1285.8255615234375,822.171875,1271.4531860351562,807.9201354980469,28.7447509765625,28.50347900390625
IMG_0030.mp4,431,14.38104771438105,29.97,76,2,traffic_signs,0.8767736554145813,1256.751953125,791.0773315429688,1285.3914794921875,820.9679565429688,1271.0717163085938,806.0226440429688,28.6395263671875,29.890625
IMG_0030.mp4,434,14.48114781448115,29.97,78,2,traffic_signs,0.8733823895454407,1258.9097900390625,791.2711791992188,1287.3157958984375,820.5217895507812,1273.11279296875,805.896484375,28.406005859375,29.2506103515625
IMG_0030.mp4,435,14.514514514514515,29.97,78,2,traffic_signs,0.8788574934005737,1259.297119140625,789.6008911132812,1287.6832275390625,819.9471435546875,1273.4901733398438,804.7740173339844,28.3861083984375,30.34625244140625
IMG_0030.mp4,436,14.547881214547882,29.97,78,2,traffic_signs,0.8768056035041809,1259.3702392578125,789.031005859375,1288.274169921875,819.7842407226562,1273.8222045898438,804.4076232910156,28.9039306640625,30.75323486328125
IMG_0030.mp4,437,14.58124791458125,29.97,78,2,traffic_signs,0.8839600682258606,1259.021728515625,788.3463745117188,1288.7841796875,819.404296875,1273.9029541015625,803.8753356933594,29.762451171875,31.05792236328125
IMG_0030.mp4,438,14.614614614614615,29.97,78,2,traffic_signs,0.8818194270133972,1258.85546875,788.1399536132812,1289.7232666015625,819.1632080078125,1274.2893676757812,803.6515808105469,30.8677978515625,31.02325439453125
IMG_0030.mp4,439,14.647981314647982,29.97,78,2,traffic_signs,0.8909614682197571,1259.5177001953125,787.403076171875,1290.978515625,819.212646484375,1275.2481079101562,803.307861328125,31.4608154296875,31.8095703125
IMG_0030.mp4,440,14.68134801468135,29.97,78,2,traffic_signs,0.8329868316650391,1260.4827880859375,786.4314575195312,1291.78955078125,819.2275390625,1276.1361694335938,802.8294982910156,31.3067626953125,32.79608154296875
IMG_0030.mp4,441,14.714714714714715,29.97,78,2,traffic_signs,0.5813100337982178,1260.5677490234375,786.5811157226562,1292.0133056640625,818.7750244140625,1276.29052734375,802.6780700683594,31.445556640625,32.19390869140625
IMG_0030.mp4,442,14.748081414748082,29.97,78,2,traffic_signs,0.7239518165588379,1261.3934326171875,786.33984375,1292.376220703125,818.3102416992188,1276.8848266601562,802.3250427246094,30.9827880859375,31.97039794921875
IMG_0030.mp4,443,14.78144811478145,29.97,78,2,traffic_signs,0.7146406769752502,1261.70361328125,786.2142333984375,1292.592529296875,818.0827026367188,1277.1480712890625,802.1484680175781,30.888916015625,31.86846923828125
IMG_0030.mp4,444,14.814814814814815,29.97,78,2,traffic_signs,0.8915596604347229,1262.423828125,786.2702026367188,1292.7576904296875,818.0467529296875,1277.5907592773438,802.1584777832031,30.3338623046875,31.77655029296875
IMG_0030.mp4,445,14.848181514848182,29.97,78,2,traffic_signs,0.9026815891265869,1262.6951904296875,785.6730346679688,1292.7548828125,817.6908569335938,1277.7250366210938,801.6819458007812,30.0596923828125,32.017822265625
IMG_0030.mp4,446,14.88154821488155,29.97,78,2,traffic_signs,0.9019180536270142,1263.437255859375,785.6942749023438,1293.92529296875,817.185302734375,1278.6812744140625,801.4397888183594,30.488037109375,31.49102783203125
IMG_0030.mp4,447,14.914914914914915,29.97,78,2,traffic_signs,0.8670309782028198,1263.076416015625,785.8262329101562,1294.2413330078125,816.9564208984375,1278.6588745117188,801.3913269042969,31.1649169921875,31.13018798828125
IMG_0030.mp4,447,14.914914914914915,29.97,80,2,traffic_signs,0.40370893478393555,588.7649536132812,835.2622680664062,734.1425170898438,897.6824951171875,661.4537353515625,866.4723815917969,145.3775634765625,62.42022705078125
IMG_0030.mp4,448,14.948281614948282,29.97,78,2,traffic_signs,0.8806881904602051,1263.5377197265625,785.294677734375,1294.9034423828125,816.6681518554688,1279.2205810546875,800.9814147949219,31.36572265625,31.37347412109375
IMG_0030.mp4,449,14.98164831498165,29.97,78,2,traffic_signs,0.8780888915061951,1264.5968017578125,784.875244140625,1295.479248046875,816.1718139648438,1280.0380249023438,800.5235290527344,30.8824462890625,31.29656982421875
IMG_0030.mp4,450,15.015015015015015,29.97,78,2,traffic_signs,0.7886168956756592,1265.25,784.873046875,1296.216064453125,816.293212890625,1280.7330322265625,800.5831298828125,30.966064453125,31.420166015625
IMG_0030.mp4,450,15.015015015015015,29.97,80,2,traffic_signs,0.721182644367218,493.44580078125,831.3067626953125,664.8416137695312,905.5639038085938,579.1437072753906,868.4353332519531,171.39581298828125,74.25714111328125
IMG_0030.mp4,451,15.048381715048382,29.97,78,2,traffic_signs,0.8764827847480774,1265.0667724609375,784.0443115234375,1297.2705078125,815.7994384765625,1281.1686401367188,799.921875,32.2037353515625,31.755126953125
IMG_0030.mp4,451,15.048381715048382,29.97,80,2,traffic_signs,0.4645080268383026,447.0112609863281,828.8673095703125,636.7360229492188,909.2166137695312,541.8736419677734,869.0419616699219,189.72476196289062,80.34930419921875
IMG_0030.mp4,452,15.08174841508175,29.97,78,2,traffic_signs,0.8727700114250183,1265.1072998046875,783.26318359375,1297.7255859375,815.5362548828125,1281.4164428710938,799.3997192382812,32.6182861328125,32.2730712890625
IMG_0030.mp4,452,15.08174841508175,29.97,80,2,traffic_signs,0.3948226571083069,396.4086608886719,826.8865966796875,602.89892578125,912.6201782226562,499.65379333496094,869.7533874511719,206.49026489257812,85.73358154296875
IMG_0030.mp4,453,15.115115115115115,29.97,78,2,traffic_signs,0.8773797154426575,1265.1357421875,782.5509033203125,1297.74658203125,815.5276489257812,1281.441162109375,799.0392761230469,32.61083984375,32.97674560546875
IMG_0030.mp4,454,15.148481815148482,29.97,78,2,traffic_signs,0.6255049109458923,1264.621826171875,781.1876220703125,1297.6326904296875,815.1181640625,1281.1272583007812,798.1528930664062,33.0108642578125,33.9305419921875
IMG_0030.mp4,455,15.18184851518185,29.97,78,2,traffic_signs,0.9107136726379395,1267.4913330078125,781.1560668945312,1301.692626953125,815.7440795898438,1284.5919799804688,798.4500732421875,34.2012939453125,34.5880126953125
IMG_0030.mp4,456,15.215215215215215,29.97,78,2,traffic_signs,0.9105930328369141,1268.0194091796875,780.4843139648438,1303.1705322265625,815.4852294921875,1285.594970703125,797.9847717285156,35.151123046875,35.00091552734375
IMG_0030.mp4,457,15.248581915248582,29.97,78,2,traffic_signs,0.9115347266197205,1269.046630859375,780.0823974609375,1304.430419921875,814.3612060546875,1286.738525390625,797.2218017578125,35.3837890625,34.27880859375
IMG_0030.mp4,458,15.28194861528195,29.97,78,2,traffic_signs,0.9135198593139648,1269.4539794921875,778.89599609375,1304.9698486328125,813.7947387695312,1287.2119140625,796.3453674316406,35.515869140625,34.89874267578125
IMG_0030.mp4,459,15.315315315315315,29.97,78,2,traffic_signs,0.9046667218208313,1269.9527587890625,777.7772827148438,1305.56005859375,813.0645141601562,1287.7564086914062,795.4208984375,35.6072998046875,35.2872314453125
IMG_0030.mp4,460,15.348682015348682,29.97,78,2,traffic_signs,0.9008816480636597,1270.9420166015625,776.0755004882812,1307.3046875,812.5828247070312,1289.1233520507812,794.3291625976562,36.3626708984375,36.50732421875
IMG_0030.mp4,461,15.38204871538205,29.97,78,2,traffic_signs,0.8999047875404358,1271.62939453125,774.4612426757812,1308.399169921875,812.3424682617188,1290.0142822265625,793.40185546875,36.769775390625,37.8812255859375
IMG_0030.mp4,462,15.415415415415415,29.97,78,2,traffic_signs,0.9038582444190979,1271.6578369140625,773.2667236328125,1309.26611328125,811.6190185546875,1290.4619750976562,792.44287109375,37.6082763671875,38.352294921875
IMG_0030.mp4,463,15.448782115448783,29.97,78,2,traffic_signs,0.8946029543876648,1271.3980712890625,772.4268188476562,1309.96728515625,811.0865478515625,1290.6826782226562,791.7566833496094,38.5692138671875,38.65972900390625
IMG_0030.mp4,464,15.48214881548215,29.97,78,2,traffic_signs,0.9086135029792786,1272.0047607421875,771.0745239257812,1310.97314453125,810.3920288085938,1291.4889526367188,790.7332763671875,38.9683837890625,39.3175048828125
IMG_0030.mp4,465,15.515515515515515,29.97,78,2,traffic_signs,0.9117613434791565,1272.1580810546875,770.5502319335938,1311.7874755859375,809.9503784179688,1291.9727783203125,790.2503051757812,39.62939453125,39.400146484375
IMG_0030.mp4,466,15.548882215548883,29.97,78,2,traffic_signs,0.9096851348876953,1272.8134765625,770.1593627929688,1313.2686767578125,809.3844604492188,1293.0410766601562,789.7719116210938,40.4552001953125,39.22509765625
IMG_0030.mp4,467,15.58224891558225,29.97,78,2,traffic_signs,0.9230443835258484,1273.778076171875,769.7079467773438,1314.3031005859375,808.7686767578125,1294.0405883789062,789.2383117675781,40.5250244140625,39.06072998046875
IMG_0030.mp4,468,15.615615615615615,29.97,78,2,traffic_signs,0.4636159837245941,1274.4947509765625,767.7472534179688,1315.4197998046875,808.2982788085938,1294.957275390625,788.0227661132812,40.925048828125,40.551025390625
IMG_0030.mp4,469,15.648982315648983,29.97,78,2,traffic_signs,0.7946035861968994,1275.1466064453125,766.4060668945312,1316.9254150390625,807.8300170898438,1296.0360107421875,787.1180419921875,41.77880859375,41.4239501953125
IMG_0030.mp4,470,15.68234901568235,29.97,78,2,traffic_signs,0.9096987843513489,1275.8006591796875,766.0072631835938,1318.140380859375,807.2393798828125,1296.9705200195312,786.6233215332031,42.3397216796875,41.23211669921875
IMG_0030.mp4,471,15.715715715715715,29.97,78,2,traffic_signs,0.908684492111206,1275.2838134765625,765.1409912109375,1317.7545166015625,807.0896606445312,1296.5191650390625,786.1153259277344,42.470703125,41.94866943359375
IMG_0030.mp4,472,15.749082415749083,29.97,78,2,traffic_signs,0.9047852754592896,1276.4791259765625,764.8412475585938,1318.7174072265625,806.1627197265625,1297.5982666015625,785.5019836425781,42.23828125,41.32147216796875
IMG_0030.mp4,473,15.78244911578245,29.97,78,2,traffic_signs,0.9196890592575073,1276.62939453125,763.3658447265625,1319.0938720703125,804.8549194335938,1297.8616333007812,784.1103820800781,42.4644775390625,41.48907470703125
IMG_0030.mp4,474,15.815815815815817,29.97,78,2,traffic_signs,0.9201477766036987,1278.749267578125,761.8836669921875,1321.39306640625,803.9602661132812,1300.0711669921875,782.9219665527344,42.643798828125,42.07659912109375
IMG_0030.mp4,475,15.849182515849183,29.97,78,2,traffic_signs,0.9141064882278442,1279.5919189453125,760.3554077148438,1322.0147705078125,802.6265258789062,1300.8033447265625,781.490966796875,42.4228515625,42.2711181640625
IMG_0030.mp4,476,15.88254921588255,29.97,78,2,traffic_signs,0.9175631403923035,1280.3477783203125,758.866455078125,1323.919677734375,801.5457153320312,1302.1337280273438,780.2060852050781,43.5718994140625,42.67926025390625
IMG_0030.mp4,477,15.915915915915917,29.97,78,2,traffic_signs,0.9163395166397095,1281.3260498046875,757.6632690429688,1325.100830078125,800.7620239257812,1303.2134399414062,779.212646484375,43.7747802734375,43.0987548828125
IMG_0030.mp4,478,15.949282615949283,29.97,78,2,traffic_signs,0.8969629406929016,1282.2469482421875,755.8358764648438,1326.77001953125,800.22705078125,1304.5084838867188,778.0314636230469,44.5230712890625,44.39117431640625
IMG_0030.mp4,479,15.98264931598265,29.97,78,2,traffic_signs,0.6903458833694458,1284.870361328125,754.1342163085938,1328.564453125,799.8903198242188,1306.7174072265625,777.0122680664062,43.694091796875,45.756103515625
IMG_0030.mp4,480,16.016016016016017,29.97,78,2,traffic_signs,0.9059966206550598,1285.803955078125,753.0684814453125,1330.0123291015625,798.779052734375,1307.9081420898438,775.9237670898438,44.2083740234375,45.7105712890625
IMG_0030.mp4,481,16.049382716049383,29.97,78,2,traffic_signs,0.8950175046920776,1288.0093994140625,751.5535278320312,1331.955078125,797.2678833007812,1309.9822387695312,774.4107055664062,43.9456787109375,45.71435546875
IMG_0030.mp4,482,16.08274941608275,29.97,78,2,traffic_signs,0.8881850242614746,1289.21826171875,749.9163208007812,1334.161865234375,796.081298828125,1311.6900634765625,772.9988098144531,44.943603515625,46.16497802734375
IMG_0030.mp4,483,16.116116116116117,29.97,78,2,traffic_signs,0.8956944942474365,1289.44482421875,748.26611328125,1334.38232421875,794.5186157226562,1311.91357421875,771.3923645019531,44.9375,46.25250244140625
IMG_0030.mp4,484,16.149482816149483,29.97,78,2,traffic_signs,0.902271032333374,1296.1234130859375,746.7985229492188,1342.9912109375,793.5888671875,1319.5573120117188,770.1936950683594,46.8677978515625,46.79034423828125
IMG_0030.mp4,485,16.18284951618285,29.97,78,2,traffic_signs,0.8939126133918762,1300.0806884765625,744.8417358398438,1348.2967529296875,792.124267578125,1324.188720703125,768.4830017089844,48.216064453125,47.28253173828125
IMG_0030.mp4,486,16.216216216216218,29.97,78,2,traffic_signs,0.8643317818641663,1298.3338623046875,743.1138916015625,1348.1588134765625,791.5684814453125,1323.246337890625,767.3411865234375,49.824951171875,48.45458984375
IMG_0030.mp4,488,16.28294961628295,29.97,78,2,traffic_signs,0.8363248109817505,1301.7479248046875,739.5921020507812,1351.7259521484375,789.5587768554688,1326.7369384765625,764.575439453125,49.97802734375,49.9666748046875
IMG_0030.mp4,489,16.316316316316318,29.97,78,2,traffic_signs,0.8716762661933899,1298.537109375,738.1441650390625,1349.9249267578125,787.8692016601562,1324.2310180664062,763.0066833496094,51.3878173828125,49.72503662109375
IMG_0030.mp4,490,16.349683016349683,29.97,78,2,traffic_signs,0.8525820970535278,1298.7337646484375,737.15673828125,1351.3642578125,786.4130859375,1325.0490112304688,761.784912109375,52.6304931640625,49.25634765625
IMG_0030.mp4,491,16.38304971638305,29.97,78,2,traffic_signs,0.873820424079895,1299.625732421875,734.67822265625,1354.417236328125,786.371826171875,1327.021484375,760.5250244140625,54.79150390625,51.693603515625
IMG_0030.mp4,492,16.416416416416418,29.97,78,2,traffic_signs,0.8919717669487,1301.2266845703125,731.3421630859375,1358.5013427734375,785.3804321289062,1329.864013671875,758.3612976074219,57.274658203125,54.03826904296875
IMG_0030.mp4,493,16.449783116449783,29.97,78,2,traffic_signs,0.8518276810646057,1303.4827880859375,729.3772583007812,1359.1627197265625,784.1555786132812,1331.32275390625,756.7664184570312,55.679931640625,54.7783203125
IMG_0030.mp4,494,16.48314981648315,29.97,78,2,traffic_signs,0.8156894445419312,1306.1492919921875,727.0565185546875,1363.157958984375,782.7742919921875,1334.6536254882812,754.9154052734375,57.0086669921875,55.7177734375
IMG_0030.mp4,495,16.516516516516518,29.97,78,2,traffic_signs,0.8344063758850098,1309.493408203125,726.0330810546875,1366.440673828125,781.311767578125,1337.967041015625,753.6724243164062,56.947265625,55.2786865234375
IMG_0030.mp4,496,16.549883216549883,29.97,78,2,traffic_signs,0.28406524658203125,1314.05517578125,723.838623046875,1373.5325927734375,780.6109619140625,1343.7938842773438,752.2247924804688,59.4774169921875,56.7723388671875
IMG_0030.mp4,497,16.583249916583252,29.97,78,2,traffic_signs,0.8144170641899109,1317.1671142578125,721.2239990234375,1377.694580078125,779.68408203125,1347.4308471679688,750.4540405273438,60.5274658203125,58.4600830078125
IMG_0030.mp4,498,16.616616616616618,29.97,78,2,traffic_signs,0.6478134393692017,1323.9097900390625,721.028564453125,1384.507080078125,779.2616577148438,1354.2084350585938,750.1451110839844,60.5972900390625,58.23309326171875
IMG_0030.mp4,499,16.649983316649983,29.97,78,2,traffic_signs,0.8502860069274902,1327.3502197265625,719.5387573242188,1388.3961181640625,777.5947875976562,1357.8731689453125,748.5667724609375,61.0458984375,58.0560302734375
IMG_0030.mp4,500,16.683350016683352,29.97,78,2,traffic_signs,0.7857553958892822,1329.252685546875,716.240234375,1392.7830810546875,775.4520263671875,1361.0178833007812,745.8461303710938,63.5303955078125,59.2117919921875
IMG_0030.mp4,501,16.716716716716718,29.97,78,2,traffic_signs,0.4534462094306946,1332.5706787109375,713.2362670898438,1395.04248046875,772.9189453125,1363.8065795898438,743.0776062011719,62.4718017578125,59.68267822265625
IMG_0030.mp4,502,16.750083416750083,29.97,78,2,traffic_signs,0.7545177936553955,1335.0447998046875,709.55224609375,1401.582763671875,771.2733154296875,1368.3137817382812,740.4127807617188,66.5379638671875,61.7210693359375
IMG_0030.mp4,503,16.783450116783452,29.97,78,2,traffic_signs,0.741467297077179,1337.797119140625,706.5533447265625,1406.583984375,770.3755493164062,1372.1905517578125,738.4644470214844,68.786865234375,63.82220458984375
IMG_0030.mp4,504,16.816816816816818,29.97,78,2,traffic_signs,0.7530578970909119,1341.586181640625,703.7896118164062,1411.6248779296875,769.0059204101562,1376.6055297851562,736.3977661132812,70.0386962890625,65.21630859375
IMG_0030.mp4,505,16.850183516850183,29.97,78,2,traffic_signs,0.8427513837814331,1345.30712890625,701.3270874023438,1417.6383056640625,767.5100708007812,1381.4727172851562,734.4185791015625,72.3311767578125,66.1829833984375
IMG_0030.mp4,506,16.883550216883553,29.97,78,2,traffic_signs,0.8672655820846558,1347.250244140625,698.1656494140625,1423.4351806640625,765.6394653320312,1385.3427124023438,731.9025573730469,76.1849365234375,67.47381591796875
IMG_0030.mp4,507,16.916916916916918,29.97,78,2,traffic_signs,0.8335988521575928,1351.1363525390625,693.7034301757812,1429.1295166015625,763.393798828125,1390.1329345703125,728.5486145019531,77.9931640625,69.69036865234375
IMG_0030.mp4,508,16.950283616950284,29.97,78,2,traffic_signs,0.8507575988769531,1354.5767822265625,689.4287109375,1434.962890625,761.1390991210938,1394.7698364257812,725.2839050292969,80.3861083984375,71.71038818359375
IMG_0030.mp4,509,16.983650316983653,29.97,78,2,traffic_signs,0.7460641860961914,1358.597900390625,685.0154418945312,1441.2032470703125,758.684326171875,1399.9005737304688,721.8498840332031,82.6053466796875,73.66888427734375
IMG_0030.mp4,510,17.017017017017018,29.97,78,2,traffic_signs,0.8768383264541626,1363.4300537109375,681.935302734375,1447.0823974609375,756.8075561523438,1405.2562255859375,719.3714294433594,83.65234375,74.87225341796875
IMG_0030.mp4,510,17.017017017017018,29.97,92,2,traffic_signs,0.7606664299964905,713.3497314453125,929.6513671875,758.3568115234375,946.325927734375,735.853271484375,937.9886474609375,45.007080078125,16.674560546875
IMG_0030.mp4,511,17.050383717050384,29.97,78,2,traffic_signs,0.90558260679245,1368.429931640625,678.5311889648438,1453.8447265625,754.6520385742188,1411.1373291015625,716.5916137695312,85.414794921875,76.120849609375
IMG_0030.mp4,512,17.083750417083753,29.97,78,2,traffic_signs,0.8619458675384521,1372.7176513671875,675.3228149414062,1460.9202880859375,751.7551879882812,1416.8189697265625,713.5390014648438,88.20263671875,76.432373046875
IMG_0030.mp4,513,17.117117117117118,29.97,78,2,traffic_signs,0.8787232637405396,1377.0618896484375,670.768310546875,1467.9456787109375,748.971435546875,1422.5037841796875,709.869873046875,90.8837890625,78.203125
IMG_0030.mp4,514,17.150483817150484,29.97,78,2,traffic_signs,0.9043287634849548,1380.6300048828125,667.0316162109375,1475.153564453125,746.5985107421875,1427.8917846679688,706.8150634765625,94.5235595703125,79.56689453125
IMG_0030.mp4,515,17.183850517183853,29.97,78,2,traffic_signs,0.8988335728645325,1385.7183837890625,661.2518310546875,1481.379638671875,744.3422241210938,1433.5490112304688,702.7970275878906,95.6612548828125,83.09039306640625
IMG_0030.mp4,516,17.217217217217218,29.97,78,2,traffic_signs,0.6509701013565063,1391.2572021484375,656.6122436523438,1489.10302734375,741.845703125,1440.1801147460938,699.2289733886719,97.8458251953125,85.23345947265625
IMG_0030.mp4,517,17.250583917250584,29.97,78,2,traffic_signs,0.8730780482292175,1396.1251220703125,652.6353759765625,1498.11669921875,738.8102416992188,1447.1209106445312,695.7228088378906,101.9915771484375,86.17486572265625
IMG_0030.mp4,518,17.283950617283953,29.97,78,2,traffic_signs,0.821564793586731,1401.95361328125,647.2379760742188,1507.267822265625,736.0830688476562,1454.6107177734375,691.6605224609375,105.314208984375,88.8450927734375
IMG_0030.mp4,518,17.283950617283953,29.97,100,2,traffic_signs,0.5101001858711243,499.7904052734375,771.5249633789062,660.9911499023438,833.8515625,580.3907775878906,802.6882629394531,161.20074462890625,62.32659912109375
IMG_0030.mp4,519,17.31731731731732,29.97,78,2,traffic_signs,0.7537519335746765,1408.792724609375,643.5693969726562,1516.50048828125,732.568603515625,1462.6466064453125,688.0690002441406,107.707763671875,88.99920654296875
IMG_0030.mp4,519,17.31731731731732,29.97,100,2,traffic_signs,0.8525954484939575,474.0221862792969,767.9110717773438,632.3399047851562,832.458251953125,553.1810455322266,800.1846618652344,158.31771850585938,64.54718017578125
IMG_0030.mp4,520,17.350684017350684,29.97,78,2,traffic_signs,0.8029686808586121,1414.445556640625,638.871337890625,1527.4537353515625,729.697265625,1470.9496459960938,684.2843017578125,113.0081787109375,90.825927734375
IMG_0030.mp4,521,17.384050717384053,29.97,78,2,traffic_signs,0.6802635192871094,1421.265380859375,632.5943603515625,1537.1256103515625,726.2217407226562,1479.1954956054688,679.4080505371094,115.8602294921875,93.62738037109375
IMG_0030.mp4,521,17.384050717384053,29.97,100,2,traffic_signs,0.5328763127326965,394.0088195800781,757.9523315429688,571.9053344726562,830.9365844726562,482.9570770263672,794.4444580078125,177.89651489257812,72.9842529296875
IMG_0030.mp4,522,17.41741741741742,29.97,78,2,traffic_signs,0.9001771807670593,1430.57275390625,627.6474609375,1546.5335693359375,722.4119873046875,1488.5531616210938,675.0297241210938,115.9608154296875,94.7645263671875
IMG_0030.mp4,522,17.41741741741742,29.97,100,2,traffic_signs,0.42110133171081543,347.1483154296875,752.54345703125,544.9085693359375,831.4964599609375,446.0284423828125,792.0199584960938,197.76025390625,78.9530029296875
IMG_0030.mp4,523,17.450784117450784,29.97,78,2,traffic_signs,0.9119736552238464,1437.2342529296875,621.4825439453125,1556.658203125,718.9358520507812,1496.9462280273438,670.2091979980469,119.4239501953125,97.45330810546875
IMG_0030.mp4,524,17.484150817484153,29.97,78,2,traffic_signs,0.8887076377868652,1444.91259765625,614.3167114257812,1566.915771484375,714.982421875,1505.9141845703125,664.6495666503906,122.003173828125,100.66571044921875
IMG_0030.mp4,525,17.51751751751752,29.97,78,2,traffic_signs,0.9071062803268433,1453.044677734375,607.81689453125,1579.83837890625,711.1838989257812,1516.4415283203125,659.5003967285156,126.793701171875,103.36700439453125
IMG_0030.mp4,526,17.550884217550884,29.97,78,2,traffic_signs,0.7903202176094055,1460.8055419921875,600.7471313476562,1594.2784423828125,707.749267578125,1527.5419921875,654.2481994628906,133.472900390625,107.00213623046875
IMG_0030.mp4,527,17.584250917584253,29.97,78,2,traffic_signs,0.8473106622695923,1469.86767578125,594.148193359375,1605.75927734375,703.249755859375,1537.8134765625,648.698974609375,135.8916015625,109.1015625
IMG_0030.mp4,528,17.61761761761762,29.97,78,2,traffic_signs,0.5391474366188049,1478.93603515625,585.9881591796875,1618.91552734375,699.2050170898438,1548.92578125,642.5965881347656,139.9794921875,113.21685791015625
IMG_0030.mp4,529,17.650984317650984,29.97,78,2,traffic_signs,0.5829179883003235,1489.3231201171875,577.9094848632812,1633.875244140625,695.7357177734375,1561.5991821289062,636.8226013183594,144.5521240234375,117.82623291015625
IMG_0030.mp4,530,17.684351017684353,29.97,78,2,traffic_signs,0.5510804057121277,1497.2515869140625,569.6044311523438,1649.98681640625,691.03125,1573.6192016601562,630.3178405761719,152.7352294921875,121.42681884765625
IMG_0030.mp4,538,17.951284617951284,29.97,105,2,traffic_signs,0.48138493299484253,1604.915771484375,570.0488891601562,1747.069091796875,639.1123657226562,1675.992431640625,604.5806274414062,142.1533203125,69.0634765625
IMG_0030.mp4,638,21.287954621287955,29.97,114,0,auth_label,0.4783044159412384,303.6145324707031,971.2327880859375,713.5645751953125,1016.279296875,508.5895538330078,993.7560424804688,409.9500427246094,45.0465087890625
IMG_0030.mp4,734,24.491157824491157,29.97,118,2,traffic_signs,0.7773948907852173,476.6936950683594,843.0884399414062,533.3496704101562,864.8699340820312,505.0216827392578,853.9791870117188,56.655975341796875,21.781494140625
IMG_0030.mp4,735,24.524524524524526,29.97,118,2,traffic_signs,0.7774723768234253,447.5973815917969,840.444091796875,506.0904235839844,865.2862548828125,476.8439025878906,852.8651733398438,58.4930419921875,24.8421630859375
IMG_0030.mp4,736,24.557891224557892,29.97,118,2,traffic_signs,0.6489781737327576,409.9698791503906,836.9788818359375,470.2833557128906,864.8139038085938,440.1266174316406,850.8963928222656,60.3134765625,27.83502197265625
IMG_0030.mp4,737,24.591257924591257,29.97,118,2,traffic_signs,0.40585190057754517,374.48724365234375,835.7683715820312,431.03387451171875,864.7888793945312,402.76055908203125,850.2786254882812,56.546630859375,29.0205078125
IMG_0030.mp4,741,24.724724724724727,29.97,121,0,auth_label,0.5143349170684814,395.2409362792969,837.2037963867188,586.33544921875,889.0418701171875,490.78819274902344,863.1228332519531,191.09451293945312,51.83807373046875
IMG_0030.mp4,743,24.791458124791458,29.97,121,0,auth_label,0.8885546326637268,265.80108642578125,834.5213623046875,492.1733093261719,892.3056030273438,378.98719787597656,863.4134826660156,226.37222290039062,57.78424072265625
IMG_0030.mp4,792,26.426426426426428,29.97,128,2,traffic_signs,0.3899521231651306,1139.37939453125,826.6632080078125,1156.3385009765625,841.0181884765625,1147.8589477539062,833.8406982421875,16.9591064453125,14.35498046875
IMG_0030.mp4,793,26.459793126459793,29.97,128,2,traffic_signs,0.32442790269851685,1140.3768310546875,826.6183471679688,1157.239013671875,840.6665649414062,1148.8079223632812,833.6424560546875,16.8621826171875,14.0482177734375
IMG_0030.mp4,794,26.493159826493162,29.97,128,2,traffic_signs,0.27647119760513306,1140.61767578125,826.9890747070312,1157.26318359375,840.52783203125,1148.9404296875,833.7584533691406,16.6455078125,13.53875732421875
IMG_0030.mp4,795,26.526526526526528,29.97,128,2,traffic_signs,0.27433910965919495,1140.4033203125,826.5126342773438,1156.86474609375,840.478759765625,1148.634033203125,833.4956970214844,16.46142578125,13.96612548828125
IMG_0030.mp4,796,26.559893226559893,29.97,128,2,traffic_signs,0.29397857189178467,1141.0875244140625,826.800537109375,1157.619140625,840.0966796875,1149.3533325195312,833.4486083984375,16.5316162109375,13.296142578125
IMG_0030.mp4,808,26.960293626960294,29.97,136,2,traffic_signs,0.3724614083766937,1137.2332763671875,826.3652954101562,1156.7281494140625,840.3560180664062,1146.980712890625,833.3606567382812,19.494873046875,13.99072265625
IMG_0030.mp4,809,26.993660326993663,29.97,136,2,traffic_signs,0.37193596363067627,1137.4542236328125,826.6376342773438,1156.7509765625,840.3270874023438,1147.1026000976562,833.4823608398438,19.2967529296875,13.689453125
IMG_0030.mp4,810,27.027027027027028,29.97,136,2,traffic_signs,0.3747319281101227,1137.54638671875,826.7122192382812,1156.6185302734375,840.352783203125,1147.0824584960938,833.5325012207031,19.0721435546875,13.64056396484375
IMG_0030.mp4,811,27.060393727060394,29.97,136,2,traffic_signs,0.3075568974018097,1137.5731201171875,826.3883056640625,1157.0003662109375,840.5577392578125,1147.2867431640625,833.4730224609375,19.42724609375,14.16943359375
IMG_0030.mp4,826,27.560894227560894,29.97,137,0,auth_label,0.6110827326774597,1467.367919921875,802.0701904296875,1920.0,963.591552734375,1693.6839599609375,882.8308715820312,452.632080078125,161.5213623046875
IMG_0030.mp4,827,27.594260927594263,29.97,137,0,auth_label,0.5871480107307434,1457.75927734375,805.400634765625,1920.0,966.0316772460938,1688.879638671875,885.7161560058594,462.24072265625,160.63104248046875
IMG_0030.mp4,828,27.62762762762763,29.97,137,0,auth_label,0.5761313438415527,1453.339111328125,805.1422729492188,1919.9605712890625,966.8265380859375,1686.6498413085938,885.9844055175781,466.6214599609375,161.68426513671875
IMG_0030.mp4,828,27.62762762762763,29.97,138,0,auth_label,0.6360900402069092,0.0,814.8124389648438,370.9832763671875,892.3992309570312,185.49163818359375,853.6058349609375,370.9832763671875,77.5867919921875
IMG_0030.mp4,829,27.660994327660994,29.97,137,0,auth_label,0.7819629311561584,1438.7222900390625,807.2745361328125,1916.3021240234375,963.7817993164062,1677.51220703125,885.5281677246094,477.579833984375,156.50726318359375
IMG_0030.mp4,830,27.694361027694363,29.97,137,0,auth_label,0.45307502150535583,1428.380126953125,805.3985595703125,1913.92236328125,962.0973510742188,1671.1512451171875,883.7479553222656,485.542236328125,156.69879150390625
IMG_0030.mp4,831,27.72772772772773,29.97,137,0,auth_label,0.4757489860057831,1443.4066162109375,802.8342895507812,1914.1417236328125,958.586669921875,1678.774169921875,880.7104797363281,470.735107421875,155.75238037109375
IMG_0030.mp4,839,27.994661327994663,29.97,137,0,auth_label,0.4654768109321594,1472.5596923828125,790.9386596679688,1916.399169921875,955.6134033203125,1694.4794311523438,873.2760314941406,443.8394775390625,164.67474365234375
IMG_0030.mp4,840,28.02802802802803,29.97,137,0,auth_label,0.32794347405433655,1469.9266357421875,792.8070068359375,1916.3349609375,956.2294921875,1693.1307983398438,874.5182495117188,446.4083251953125,163.4224853515625
IMG_0030.mp4,841,28.061394728061394,29.97,137,0,auth_label,0.6410965323448181,1473.92822265625,798.1707763671875,1916.4581298828125,955.6712646484375,1695.1931762695312,876.9210205078125,442.5299072265625,157.50048828125
IMG_0030.mp4,842,28.094761428094763,29.97,137,0,auth_label,0.5869239568710327,1468.48876953125,799.06689453125,1916.813720703125,957.4616088867188,1692.6512451171875,878.2642517089844,448.324951171875,158.39471435546875
IMG_0030.mp4,949,31.664998331665,29.97,155,2,traffic_signs,0.37086066603660583,1200.198486328125,831.1215209960938,1211.715087890625,843.7898559570312,1205.956787109375,837.4556884765625,11.5166015625,12.6683349609375
IMG_0030.mp4,950,31.698365031698366,29.97,155,2,traffic_signs,0.41085484623908997,1200.2552490234375,831.0269775390625,1211.6800537109375,843.6442260742188,1205.9676513671875,837.3356018066406,11.4248046875,12.61724853515625
IMG_0030.mp4,951,31.731731731731735,29.97,155,2,traffic_signs,0.4006316363811493,1200.417724609375,830.979736328125,1212.0224609375,843.6716918945312,1206.2200927734375,837.3257141113281,11.604736328125,12.69195556640625
IMG_0030.mp4,952,31.7650984317651,29.97,155,2,traffic_signs,0.3635169267654419,1200.6441650390625,830.9827880859375,1212.1673583984375,843.552734375,1206.40576171875,837.2677612304688,11.523193359375,12.5699462890625
IMG_0030.mp4,953,31.798465131798466,29.97,155,2,traffic_signs,0.27274686098098755,1200.9801025390625,830.7793579101562,1212.5831298828125,843.3302612304688,1206.7816162109375,837.0548095703125,11.60302734375,12.5509033203125
IMG_0030.mp4,954,31.831831831831835,29.97,155,2,traffic_signs,0.29096147418022156,1201.104736328125,830.8348388671875,1212.72119140625,843.1473999023438,1206.9129638671875,836.9911193847656,11.616455078125,12.31256103515625
IMG_0030.mp4,955,31.8651985318652,29.97,155,2,traffic_signs,0.33923426270484924,1201.36279296875,830.5989990234375,1213.357177734375,842.84716796875,1207.3599853515625,836.7230834960938,11.994384765625,12.2481689453125
IMG_0030.mp4,956,31.898565231898566,29.97,155,2,traffic_signs,0.3131539523601532,1201.05615234375,830.467041015625,1213.211669921875,842.9479370117188,1207.1339111328125,836.7074890136719,12.155517578125,12.48089599609375
IMG_0030.mp4,957,31.931931931931935,29.97,155,2,traffic_signs,0.3278437554836273,1201.88916015625,830.2673950195312,1214.155517578125,842.8281860351562,1208.0223388671875,836.5477905273438,12.266357421875,12.560791015625
IMG_0030.mp4,958,31.9652986319653,29.97,155,2,traffic_signs,0.30721813440322876,1202.2886962890625,830.389892578125,1214.591064453125,842.9598388671875,1208.4398803710938,836.6748657226562,12.3023681640625,12.5699462890625
IMG_0030.mp4,959,31.998665331998666,29.97,155,2,traffic_signs,0.32994672656059265,1200.832275390625,830.375,1213.193359375,843.2203979492188,1207.0128173828125,836.7976989746094,12.361083984375,12.84539794921875
IMG_0030.mp4,960,32.032032032032035,29.97,155,2,traffic_signs,0.2845054268836975,1201.3997802734375,830.1762084960938,1213.943603515625,843.3192749023438,1207.6716918945312,836.7477416992188,12.5438232421875,13.14306640625
IMG_0030.mp4,966,32.232232232232235,29.97,160,2,traffic_signs,0.35155782103538513,1203.37158203125,828.7819213867188,1216.9168701171875,843.0184936523438,1210.1442260742188,835.9002075195312,13.5452880859375,14.236572265625
IMG_0030.mp4,967,32.2655989322656,29.97,160,2,traffic_signs,0.4517185688018799,1203.7464599609375,828.5216064453125,1217.2021484375,843.015380859375,1210.4743041992188,835.7684936523438,13.4556884765625,14.4937744140625
IMG_0030.mp4,968,32.298965632298966,29.97,160,2,traffic_signs,0.35317927598953247,1203.7628173828125,827.8949584960938,1217.06494140625,842.2515869140625,1210.4138793945312,835.0732727050781,13.3021240234375,14.35662841796875
IMG_0030.mp4,969,32.332332332332335,29.97,160,2,traffic_signs,0.38194209337234497,1203.9486083984375,827.641357421875,1217.262451171875,842.020751953125,1210.6055297851562,834.8310546875,13.3138427734375,14.37939453125
IMG_0030.mp4,970,32.3656990323657,29.97,160,2,traffic_signs,0.30376940965652466,1204.385498046875,827.1823120117188,1217.5687255859375,841.6376342773438,1210.9771118164062,834.4099731445312,13.1832275390625,14.455322265625
IMG_0030.mp4,971,32.399065732399066,29.97,160,2,traffic_signs,0.2957307994365692,1204.3763427734375,826.4404296875,1217.58544921875,841.261474609375,1210.9808959960938,833.8509521484375,13.2091064453125,14.821044921875
IMG_0030.mp4,976,32.5658992325659,29.97,160,2,traffic_signs,0.27052509784698486,1205.73876953125,825.2408447265625,1219.2686767578125,840.4996948242188,1212.5037231445312,832.8702697753906,13.5299072265625,15.25885009765625
IMG_0030.mp4,977,32.599265932599266,29.97,160,2,traffic_signs,0.270790159702301,1206.314208984375,824.7678833007812,1219.8082275390625,840.3815307617188,1213.0612182617188,832.57470703125,13.4940185546875,15.6136474609375
IMG_0030.mp4,978,32.632632632632635,29.97,160,2,traffic_signs,0.2802579402923584,1206.9759521484375,824.4204711914062,1220.3919677734375,840.09814453125,1213.6839599609375,832.2593078613281,13.416015625,15.67767333984375
IMG_0030.mp4,979,32.665999332666,29.97,160,2,traffic_signs,0.26534518599510193,1206.9666748046875,824.2476196289062,1220.4315185546875,840.0382080078125,1213.6990966796875,832.1429138183594,13.46484375,15.79058837890625
IMG_0030.mp4,1008,33.633633633633636,29.97,161,2,traffic_signs,0.41703879833221436,1217.2330322265625,818.6160888671875,1232.3360595703125,835.36474609375,1224.7845458984375,826.9904174804688,15.10302734375,16.7486572265625
IMG_0030.mp4,1009,33.667000333667005,29.97,161,2,traffic_signs,0.5601699948310852,1217.8258056640625,818.6790771484375,1232.928466796875,835.5707397460938,1225.3771362304688,827.1249084472656,15.1026611328125,16.89166259765625
IMG_0030.mp4,1010,33.70036703370037,29.97,161,2,traffic_signs,0.56859290599823,1218.226806640625,818.4598999023438,1233.1717529296875,835.713623046875,1225.6992797851562,827.0867614746094,14.9449462890625,17.25372314453125
IMG_0030.mp4,1011,33.733733733733736,29.97,161,2,traffic_signs,0.6015608906745911,1218.5615234375,818.4520874023438,1234.0076904296875,835.8915405273438,1226.2846069335938,827.1718139648438,15.4461669921875,17.439453125
IMG_0030.mp4,1012,33.767100433767105,29.97,161,2,traffic_signs,0.6378425359725952,1218.576171875,818.3848266601562,1234.3692626953125,835.6229248046875,1226.4727172851562,827.0038757324219,15.7930908203125,17.23809814453125
IMG_0030.mp4,1013,33.80046713380047,29.97,161,2,traffic_signs,0.6612462401390076,1218.6324462890625,818.30615234375,1235.0013427734375,835.7456665039062,1226.81689453125,827.0259094238281,16.368896484375,17.43951416015625
IMG_0030.mp4,1014,33.833833833833836,29.97,161,2,traffic_signs,0.6401410698890686,1218.5389404296875,818.1401977539062,1235.1207275390625,835.5087280273438,1226.829833984375,826.824462890625,16.581787109375,17.3685302734375
IMG_0030.mp4,1015,33.867200533867205,29.97,161,2,traffic_signs,0.6609135270118713,1218.6717529296875,818.064697265625,1235.6004638671875,835.1519165039062,1227.1361083984375,826.6083068847656,16.9287109375,17.08721923828125
IMG_0030.mp4,1016,33.90056723390057,29.97,161,2,traffic_signs,0.661974310874939,1218.8739013671875,818.10009765625,1235.998779296875,835.0455932617188,1227.4363403320312,826.5728454589844,17.1248779296875,16.94549560546875
IMG_0030.mp4,1017,33.933933933933936,29.97,161,2,traffic_signs,0.7082785964012146,1219.3642578125,817.9072875976562,1236.63916015625,835.0303344726562,1228.001708984375,826.4688110351562,17.27490234375,17.123046875
IMG_0030.mp4,1018,33.967300633967305,29.97,161,2,traffic_signs,0.7051586508750916,1219.9793701171875,817.6192626953125,1236.975341796875,834.7222290039062,1228.4773559570312,826.1707458496094,16.9959716796875,17.10296630859375
IMG_0030.mp4,1019,34.00066733400067,29.97,161,2,traffic_signs,0.7842184901237488,1220.3511962890625,817.2691650390625,1238.0408935546875,835.184814453125,1229.196044921875,826.2269897460938,17.689697265625,17.9156494140625
IMG_0030.mp4,1020,34.034034034034036,29.97,161,2,traffic_signs,0.7964344024658203,1220.4595947265625,816.8536376953125,1238.5245361328125,835.30419921875,1229.4920654296875,826.0789184570312,18.06494140625,18.4505615234375
IMG_0030.mp4,1021,34.067400734067405,29.97,161,2,traffic_signs,0.8089736104011536,1221.0128173828125,816.5829467773438,1239.1746826171875,835.5709838867188,1230.09375,826.0769653320312,18.161865234375,18.988037109375
IMG_0030.mp4,1022,34.10076743410077,29.97,161,2,traffic_signs,0.81019526720047,1221.7095947265625,816.6556396484375,1239.915283203125,835.4009399414062,1230.8124389648438,826.0282897949219,18.2056884765625,18.74530029296875
IMG_0030.mp4,1023,34.134134134134136,29.97,161,2,traffic_signs,0.8236901760101318,1222.080078125,816.1334838867188,1240.3876953125,835.1424560546875,1231.23388671875,825.6379699707031,18.3076171875,19.00897216796875
IMG_0030.mp4,1023,34.134134134134136,29.97,162,2,traffic_signs,0.5173594355583191,708.8064575195312,853.6441040039062,817.5587768554688,898.2918090820312,763.1826171875,875.9679565429688,108.7523193359375,44.647705078125
IMG_0030.mp4,1024,34.167500834167505,29.97,161,2,traffic_signs,0.8123393058776855,1222.4737548828125,816.35693359375,1240.935302734375,835.1829833984375,1231.7045288085938,825.7699584960938,18.4615478515625,18.8260498046875
IMG_0030.mp4,1024,34.167500834167505,29.97,162,2,traffic_signs,0.625249981880188,685.7613525390625,854.3013916015625,801.4205322265625,898.5428466796875,743.5909423828125,876.422119140625,115.6591796875,44.241455078125
IMG_0030.mp4,1025,34.20086753420087,29.97,161,2,traffic_signs,0.8075196743011475,1222.7442626953125,816.1242065429688,1241.4345703125,835.1838989257812,1232.0894165039062,825.654052734375,18.6903076171875,19.0596923828125
IMG_0030.mp4,1025,34.20086753420087,29.97,162,2,traffic_signs,0.511408269405365,652.7427368164062,853.9109497070312,780.380859375,899.6976318359375,716.5617980957031,876.8042907714844,127.63812255859375,45.78668212890625
IMG_0030.mp4,1026,34.234234234234236,29.97,161,2,traffic_signs,0.8067185282707214,1223.1256103515625,816.0509033203125,1241.9698486328125,834.9498291015625,1232.5477294921875,825.5003662109375,18.84423828125,18.89892578125
IMG_0030.mp4,1027,34.267600934267605,29.97,161,2,traffic_signs,0.817430853843689,1223.65087890625,815.7445678710938,1242.7286376953125,834.3656005859375,1233.1897583007812,825.0550842285156,19.0777587890625,18.62103271484375
IMG_0030.mp4,1028,34.30096763430097,29.97,161,2,traffic_signs,0.8092551827430725,1224.346435546875,815.5405883789062,1243.362548828125,833.9752807617188,1233.8544921875,824.7579345703125,19.01611328125,18.4346923828125
IMG_0030.mp4,1029,34.334334334334336,29.97,161,2,traffic_signs,0.8150160312652588,1225.1143798828125,815.1036987304688,1244.072265625,833.7562255859375,1234.5933227539062,824.4299621582031,18.9578857421875,18.65252685546875
IMG_0030.mp4,1030,34.367701034367705,29.97,161,2,traffic_signs,0.7096353769302368,1226.1051025390625,815.0311279296875,1245.093505859375,833.611083984375,1235.5993041992188,824.3211059570312,18.9884033203125,18.5799560546875
IMG_0030.mp4,1031,34.40106773440107,29.97,161,2,traffic_signs,0.7845632433891296,1226.6448974609375,814.9129638671875,1245.771484375,833.5025634765625,1236.2081909179688,824.207763671875,19.1265869140625,18.589599609375
IMG_0030.mp4,1032,34.434434434434436,29.97,161,2,traffic_signs,0.7820823192596436,1227.037109375,814.6769409179688,1246.435302734375,833.20703125,1236.7362060546875,823.9419860839844,19.398193359375,18.53009033203125
IMG_0030.mp4,1033,34.467801134467805,29.97,161,2,traffic_signs,0.8170967698097229,1226.8404541015625,814.2962036132812,1246.9976806640625,832.9580688476562,1236.9190673828125,823.6271362304688,20.1572265625,18.661865234375
IMG_0030.mp4,1034,34.50116783450117,29.97,161,2,traffic_signs,0.8141854405403137,1227.4864501953125,814.0414428710938,1248.110595703125,832.9540405273438,1237.7985229492188,823.4977416992188,20.6241455078125,18.91259765625
IMG_0030.mp4,1035,34.53453453453454,29.97,161,2,traffic_signs,0.8164727091789246,1227.9390869140625,813.6293334960938,1248.5423583984375,832.9187622070312,1238.24072265625,823.2740478515625,20.603271484375,19.2894287109375
IMG_0030.mp4,1036,34.567901234567906,29.97,161,2,traffic_signs,0.8006064891815186,1228.8099365234375,813.2090454101562,1249.2158203125,833.1109008789062,1239.0128784179688,823.1599731445312,20.4058837890625,19.90185546875
IMG_0030.mp4,1037,34.60126793460127,29.97,161,2,traffic_signs,0.7977977991104126,1229.8004150390625,812.7039794921875,1250.107177734375,832.6736450195312,1239.9537963867188,822.6888122558594,20.3067626953125,19.96966552734375
IMG_0030.mp4,1038,34.63463463463464,29.97,161,2,traffic_signs,0.8016298413276672,1231.23095703125,812.3021240234375,1250.702880859375,832.1961669921875,1240.9669189453125,822.2491455078125,19.471923828125,19.89404296875
IMG_0030.mp4,1039,34.668001334668006,29.97,161,2,traffic_signs,0.8503236770629883,1231.7828369140625,811.9133911132812,1250.99072265625,831.720947265625,1241.3867797851562,821.8171691894531,19.2078857421875,19.80755615234375
IMG_0030.mp4,1040,34.70136803470137,29.97,161,2,traffic_signs,0.8529295325279236,1233.1080322265625,811.7325439453125,1252.10498046875,831.6133422851562,1242.6065063476562,821.6729431152344,18.9969482421875,19.88079833984375
IMG_0030.mp4,1041,34.73473473473474,29.97,161,2,traffic_signs,0.8648487329483032,1234.303955078125,811.4007568359375,1253.2596435546875,831.6384887695312,1243.7817993164062,821.5196228027344,18.9556884765625,20.23773193359375
IMG_0030.mp4,1042,34.768101434768106,29.97,161,2,traffic_signs,0.8541819453239441,1235.087158203125,811.16796875,1253.5439453125,831.597412109375,1244.3155517578125,821.3826904296875,18.456787109375,20.429443359375
IMG_0030.mp4,1043,34.80146813480147,29.97,161,2,traffic_signs,0.8419483304023743,1235.809814453125,810.9021606445312,1254.6456298828125,831.6393432617188,1245.2277221679688,821.270751953125,18.8358154296875,20.7371826171875
IMG_0030.mp4,1044,34.83483483483484,29.97,161,2,traffic_signs,0.7803980112075806,1237.27392578125,810.328369140625,1256.1160888671875,830.7377319335938,1246.6950073242188,820.5330505371094,18.8421630859375,20.40936279296875
IMG_0030.mp4,1045,34.868201534868206,29.97,161,2,traffic_signs,0.5211815237998962,1237.969970703125,809.969970703125,1257.26171875,830.2330322265625,1247.6158447265625,820.1015014648438,19.291748046875,20.2630615234375
IMG_0030.mp4,1046,34.90156823490157,29.97,161,2,traffic_signs,0.8488311767578125,1238.4443359375,809.4364624023438,1258.4259033203125,829.892578125,1248.4351196289062,819.6645202636719,19.9815673828125,20.45611572265625
IMG_0030.mp4,1047,34.93493493493494,29.97,161,2,traffic_signs,0.86700838804245,1239.0360107421875,808.6921997070312,1259.5379638671875,829.7389526367188,1249.2869873046875,819.215576171875,20.501953125,21.0467529296875
IMG_0030.mp4,1048,34.968301634968306,29.97,161,2,traffic_signs,0.8637209534645081,1239.919677734375,808.4173583984375,1259.72607421875,830.0634765625,1249.8228759765625,819.2404174804688,19.806396484375,21.6461181640625
IMG_0030.mp4,1049,35.00166833500167,29.97,161,2,traffic_signs,0.8745447397232056,1240.7969970703125,807.8948364257812,1260.721435546875,830.3715209960938,1250.7592163085938,819.1331787109375,19.9244384765625,22.4766845703125
IMG_0030.mp4,1050,35.03503503503504,29.97,161,2,traffic_signs,0.8782846927642822,1241.920166015625,807.2527465820312,1262.243896484375,830.2474365234375,1252.08203125,818.7500915527344,20.32373046875,22.99468994140625
IMG_0030.mp4,1051,35.068401735068406,29.97,161,2,traffic_signs,0.875220775604248,1243.4254150390625,806.3482055664062,1263.5203857421875,830.02099609375,1253.472900390625,818.1846008300781,20.094970703125,23.67279052734375
IMG_0030.mp4,1052,35.10176843510177,29.97,161,2,traffic_signs,0.8723540306091309,1244.380859375,805.6234130859375,1265.142333984375,829.6751708984375,1254.7615966796875,817.6492919921875,20.761474609375,24.0517578125
IMG_0030.mp4,1053,35.13513513513514,29.97,161,2,traffic_signs,0.8704964518547058,1245.329833984375,805.0711669921875,1266.76904296875,829.1725463867188,1256.0494384765625,817.1218566894531,21.439208984375,24.10137939453125
IMG_0030.mp4,1054,35.168501835168506,29.97,161,2,traffic_signs,0.8624087572097778,1246.1407470703125,804.893310546875,1267.8131103515625,828.9051513671875,1256.9769287109375,816.8992309570312,21.67236328125,24.0118408203125
IMG_0030.mp4,1055,35.20186853520187,29.97,161,2,traffic_signs,0.8528364300727844,1247.21044921875,804.7119140625,1269.0902099609375,828.7041015625,1258.1503295898438,816.7080078125,21.8797607421875,23.9921875
IMG_0030.mp4,1056,35.23523523523524,29.97,161,2,traffic_signs,0.8388566970825195,1248.4188232421875,804.3607177734375,1270.053955078125,828.6780395507812,1259.2363891601562,816.5193786621094,21.6351318359375,24.31732177734375
IMG_0030.mp4,1057,35.268601935268606,29.97,161,2,traffic_signs,0.5835025906562805,1249.70703125,803.5810546875,1272.7943115234375,828.9271850585938,1261.2506713867188,816.2541198730469,23.0872802734375,25.34613037109375
IMG_0030.mp4,1058,35.30196863530197,29.97,161,2,traffic_signs,0.7585015296936035,1250.3172607421875,803.0673828125,1274.68115234375,828.51708984375,1262.4992065429688,815.792236328125,24.3638916015625,25.44970703125
IMG_0030.mp4,1059,35.33533533533534,29.97,161,2,traffic_signs,0.6820077300071716,1251.6156005859375,802.5943603515625,1276.09033203125,828.1522827148438,1263.8529663085938,815.3733215332031,24.4747314453125,25.55792236328125
IMG_0030.mp4,1060,35.368702035368706,29.97,161,2,traffic_signs,0.8401501178741455,1253.1053466796875,802.33056640625,1277.623046875,828.3545532226562,1265.3641967773438,815.3425598144531,24.5177001953125,26.02398681640625
IMG_0030.mp4,1061,35.40206873540207,29.97,161,2,traffic_signs,0.8798500895500183,1254.7308349609375,801.9786987304688,1278.734130859375,828.0831909179688,1266.7324829101562,815.0309448242188,24.0032958984375,26.1044921875
IMG_0030.mp4,1062,35.43543543543544,29.97,161,2,traffic_signs,0.891264021396637,1256.2572021484375,801.771240234375,1280.240234375,828.108154296875,1268.2487182617188,814.939697265625,23.9830322265625,26.3369140625
IMG_0030.mp4,1063,35.468802135468806,29.97,161,2,traffic_signs,0.8753026127815247,1257.0755615234375,801.7849731445312,1281.7347412109375,827.9049682617188,1269.4051513671875,814.844970703125,24.6591796875,26.1199951171875
IMG_0030.mp4,1064,35.50216883550217,29.97,161,2,traffic_signs,0.8625254034996033,1258.6226806640625,801.4241943359375,1282.825439453125,827.63818359375,1270.7240600585938,814.5311889648438,24.2027587890625,26.2139892578125
IMG_0030.mp4,1065,35.53553553553554,29.97,161,2,traffic_signs,0.6240476965904236,1259.396484375,800.7386474609375,1283.4002685546875,827.436279296875,1271.3983764648438,814.0874633789062,24.0037841796875,26.6976318359375
IMG_0030.mp4,1065,35.53553553553554,29.97,173,2,traffic_signs,0.8673029541969299,678.1276245117188,815.3496704101562,797.0590209960938,891.7396240234375,737.5933227539062,853.5446472167969,118.931396484375,76.38995361328125
IMG_0030.mp4,1066,35.568902235568906,29.97,161,2,traffic_signs,0.8738064169883728,1260.7635498046875,800.7736206054688,1284.834716796875,827.3541870117188,1272.7991333007812,814.0639038085938,24.0711669921875,26.58056640625
IMG_0030.mp4,1066,35.568902235568906,29.97,173,2,traffic_signs,0.8766340017318726,650.705322265625,811.8228759765625,778.168701171875,894.0680541992188,714.43701171875,852.9454650878906,127.46337890625,82.24517822265625
IMG_0030.mp4,1066,35.568902235568906,29.97,177,2,traffic_signs,0.4002513289451599,1092.4947509765625,816.5208740234375,1108.205078125,828.9803466796875,1100.3499145507812,822.7506103515625,15.7103271484375,12.45947265625
IMG_0030.mp4,1067,35.60226893560227,29.97,161,2,traffic_signs,0.8732971549034119,1261.7176513671875,800.4293212890625,1286.1688232421875,826.8165283203125,1273.9432373046875,813.6229248046875,24.451171875,26.38720703125
IMG_0030.mp4,1067,35.60226893560227,29.97,173,2,traffic_signs,0.5550518035888672,615.207275390625,808.2265625,755.6050415039062,896.0244750976562,685.4061584472656,852.1255187988281,140.39776611328125,87.79791259765625
IMG_0030.mp4,1067,35.60226893560227,29.97,177,2,traffic_signs,0.3298949897289276,1092.2294921875,816.4409790039062,1107.915283203125,828.759033203125,1100.0723876953125,822.6000061035156,15.685791015625,12.31805419921875
IMG_0030.mp4,1068,35.63563563563564,29.97,161,2,traffic_signs,0.8791403770446777,1263.726806640625,799.8969116210938,1288.295166015625,825.9501953125,1276.010986328125,812.9235534667969,24.568359375,26.05328369140625
IMG_0030.mp4,1068,35.63563563563564,29.97,173,2,traffic_signs,0.8981555104255676,576.7796630859375,803.2214965820312,729.6400756835938,897.9710693359375,653.2098693847656,850.5962829589844,152.86041259765625,94.74957275390625
IMG_0030.mp4,1068,35.63563563563564,29.97,177,2,traffic_signs,0.4272902011871338,1092.6236572265625,816.056884765625,1108.0592041015625,828.85205078125,1100.3414306640625,822.4544677734375,15.435546875,12.795166015625
IMG_0030.mp4,1069,35.669002335669006,29.97,161,2,traffic_signs,0.8863446116447449,1265.5367431640625,799.2728881835938,1290.248291015625,825.5986938476562,1277.8925170898438,812.435791015625,24.7115478515625,26.3258056640625
IMG_0030.mp4,1069,35.669002335669006,29.97,173,2,traffic_signs,0.9366819858551025,534.8094482421875,798.5140991210938,703.1915893554688,900.9545288085938,619.0005187988281,849.7343139648438,168.38214111328125,102.4404296875
IMG_0030.mp4,1069,35.669002335669006,29.97,177,2,traffic_signs,0.3617517650127411,1092.8597412109375,815.6771240234375,1108.0863037109375,829.3120727539062,1100.4730224609375,822.4945983886719,15.2265625,13.63494873046875
IMG_0030.mp4,1070,35.70236903570237,29.97,161,2,traffic_signs,0.8896930813789368,1266.4765625,798.6636352539062,1292.1585693359375,825.01708984375,1279.3175659179688,811.8403625488281,25.6820068359375,26.35345458984375
IMG_0030.mp4,1070,35.70236903570237,29.97,173,2,traffic_signs,0.7575196027755737,482.10223388671875,792.7943115234375,674.0093994140625,904.7269287109375,578.0558166503906,848.7606201171875,191.90716552734375,111.9326171875
IMG_0030.mp4,1070,35.70236903570237,29.97,177,2,traffic_signs,0.3284173309803009,1092.3604736328125,815.5233154296875,1107.740966796875,829.4864501953125,1100.0507202148438,822.5048828125,15.3804931640625,13.963134765625
IMG_0030.mp4,1071,35.73573573573574,29.97,161,2,traffic_signs,0.8944127559661865,1267.865234375,797.6849365234375,1294.4864501953125,824.3926391601562,1281.1758422851562,811.0387878417969,26.6212158203125,26.70770263671875
IMG_0030.mp4,1071,35.73573573573574,29.97,177,2,traffic_signs,0.2873324155807495,1092.4971923828125,815.80126953125,1107.9185791015625,829.5867309570312,1100.2078857421875,822.6940002441406,15.42138671875,13.78546142578125
IMG_0030.mp4,1072,35.769102435769106,29.97,161,2,traffic_signs,0.889014482498169,1269.520263671875,796.9204711914062,1296.080810546875,824.1109008789062,1282.800537109375,810.5156860351562,26.560546875,27.1904296875
IMG_0030.mp4,1072,35.769102435769106,29.97,177,2,traffic_signs,0.36366045475006104,1092.9378662109375,815.1112670898438,1107.9747314453125,829.6353759765625,1100.456298828125,822.3733215332031,15.036865234375,14.52410888671875
IMG_0030.mp4,1073,35.80246913580247,29.97,161,2,traffic_signs,0.883036732673645,1271.364501953125,795.8373413085938,1297.7958984375,824.0135498046875,1284.5802001953125,809.9254455566406,26.431396484375,28.17620849609375
IMG_0030.mp4,1073,35.80246913580247,29.97,177,2,traffic_signs,0.45585498213768005,1093.4132080078125,814.8731689453125,1107.8358154296875,829.6239624023438,1100.62451171875,822.2485656738281,14.422607421875,14.75079345703125
IMG_0030.mp4,1074,35.83583583583584,29.97,161,2,traffic_signs,0.8934494256973267,1272.5452880859375,794.864501953125,1300.1353759765625,823.5673828125,1286.34033203125,809.2159423828125,27.590087890625,28.702880859375
IMG_0030.mp4,1074,35.83583583583584,29.97,177,2,traffic_signs,0.3545103967189789,1093.5361328125,815.348876953125,1108.0078125,829.60498046875,1100.77197265625,822.4769287109375,14.4716796875,14.256103515625
IMG_0030.mp4,1075,35.869202535869206,29.97,161,2,traffic_signs,0.8980907797813416,1273.57958984375,793.86328125,1301.9644775390625,823.1480712890625,1287.7720336914062,808.5056762695312,28.3848876953125,29.2847900390625
IMG_0030.mp4,1075,35.869202535869206,29.97,177,2,traffic_signs,0.4727536141872406,1093.5179443359375,815.6189575195312,1108.4927978515625,829.480224609375,1101.00537109375,822.5495910644531,14.974853515625,13.86126708984375
IMG_0030.mp4,1076,35.90256923590257,29.97,161,2,traffic_signs,0.8955901861190796,1274.6826171875,792.7943725585938,1303.4180908203125,822.3475952148438,1289.0503540039062,807.5709838867188,28.7354736328125,29.55322265625
IMG_0030.mp4,1076,35.90256923590257,29.97,177,2,traffic_signs,0.46494805812835693,1093.619140625,815.6926879882812,1108.79736328125,829.4777221679688,1101.208251953125,822.585205078125,15.17822265625,13.7850341796875
IMG_0030.mp4,1077,35.93593593593594,29.97,161,2,traffic_signs,0.8903467059135437,1276.052001953125,791.9381103515625,1304.788330078125,821.758056640625,1290.420166015625,806.8480834960938,28.736328125,29.8199462890625
IMG_0030.mp4,1077,35.93593593593594,29.97,177,2,traffic_signs,0.3765498101711273,1093.544921875,815.4737548828125,1109.09765625,829.4446411132812,1101.3212890625,822.4591979980469,15.552734375,13.97088623046875
IMG_0030.mp4,1078,35.969302635969306,29.97,161,2,traffic_signs,0.8903875946998596,1277.235107421875,791.5523681640625,1306.4947509765625,821.4978637695312,1291.8649291992188,806.5251159667969,29.2596435546875,29.94549560546875
IMG_0030.mp4,1078,35.969302635969306,29.97,177,2,traffic_signs,0.4652506113052368,1093.3436279296875,815.5429077148438,1108.91357421875,829.609619140625,1101.1286010742188,822.5762634277344,15.5699462890625,14.06671142578125
IMG_0030.mp4,1079,36.00266933600267,29.97,161,2,traffic_signs,0.8923576474189758,1277.7603759765625,790.637939453125,1308.414794921875,821.0709228515625,1293.0875854492188,805.8544311523438,30.6544189453125,30.4329833984375
IMG_0030.mp4,1079,36.00266933600267,29.97,177,2,traffic_signs,0.5091018080711365,1092.3017578125,814.6009521484375,1107.9140625,829.6302490234375,1100.10791015625,822.1156005859375,15.6123046875,15.029296875
IMG_0030.mp4,1080,36.03603603603604,29.97,161,2,traffic_signs,0.8549314737319946,1278.9027099609375,790.2861938476562,1310.3477783203125,821.2771606445312,1294.625244140625,805.7816772460938,31.445068359375,30.990966796875
IMG_0030.mp4,1080,36.03603603603604,29.97,177,2,traffic_signs,0.4534086585044861,1091.8740234375,814.48876953125,1107.5543212890625,829.532470703125,1099.7141723632812,822.0106201171875,15.6802978515625,15.043701171875
IMG_0030.mp4,1081,36.06940273606941,29.97,161,2,traffic_signs,0.8870725035667419,1280.9144287109375,789.7009887695312,1312.634033203125,821.1640625,1296.7742309570312,805.4325256347656,31.7196044921875,31.46307373046875
IMG_0030.mp4,1081,36.06940273606941,29.97,177,2,traffic_signs,0.5140817761421204,1092.1832275390625,813.5189208984375,1107.5369873046875,829.7518310546875,1099.860107421875,821.6353759765625,15.353759765625,16.23291015625
IMG_0030.mp4,1082,36.10276943610277,29.97,161,2,traffic_signs,0.8892912864685059,1283.5880126953125,789.21923828125,1314.96826171875,820.6864624023438,1299.2781372070312,804.9528503417969,31.3802490234375,31.46722412109375
IMG_0030.mp4,1082,36.10276943610277,29.97,184,2,traffic_signs,0.5767449736595154,734.059326171875,842.775146484375,817.3323974609375,870.6537475585938,775.6958618164062,856.7144470214844,83.2730712890625,27.87860107421875
IMG_0030.mp4,1083,36.13613613613614,29.97,161,2,traffic_signs,0.9068632125854492,1286.6402587890625,788.56298828125,1317.6903076171875,820.4803466796875,1302.165283203125,804.5216674804688,31.050048828125,31.9173583984375
IMG_0030.mp4,1083,36.13613613613614,29.97,184,2,traffic_signs,0.3628554344177246,716.2319946289062,841.6240234375,807.06884765625,871.39892578125,761.6504211425781,856.511474609375,90.83685302734375,29.77490234375
IMG_0030.mp4,1084,36.16950283616951,29.97,161,2,traffic_signs,0.9150977730751038,1288.12451171875,787.8385620117188,1319.94091796875,820.0526123046875,1304.03271484375,803.9455871582031,31.81640625,32.21405029296875
IMG_0030.mp4,1085,36.20286953620287,29.97,161,2,traffic_signs,0.9095706343650818,1289.066650390625,787.38427734375,1321.65576171875,819.5050048828125,1305.3612060546875,803.4446411132812,32.589111328125,32.1207275390625
IMG_0030.mp4,1085,36.20286953620287,29.97,184,2,traffic_signs,0.29854369163513184,674.2432250976562,840.25244140625,774.7233276367188,875.1538696289062,724.4832763671875,857.7031555175781,100.4801025390625,34.90142822265625
IMG_0030.mp4,1086,36.23623623623624,29.97,161,2,traffic_signs,0.8646940588951111,1290.2569580078125,786.6031494140625,1323.09912109375,819.4022216796875,1306.6780395507812,803.002685546875,32.8421630859375,32.799072265625
IMG_0030.mp4,1086,36.23623623623624,29.97,184,2,traffic_signs,0.5678261518478394,649.9625244140625,839.3474731445312,759.7244262695312,876.673828125,704.8434753417969,858.0106506347656,109.76190185546875,37.32635498046875
IMG_0030.mp4,1087,36.26960293626961,29.97,161,2,traffic_signs,0.9258714914321899,1295.3846435546875,785.7396240234375,1329.245361328125,819.214111328125,1312.3150024414062,802.4768676757812,33.8607177734375,33.4744873046875
IMG_0030.mp4,1087,36.26960293626961,29.97,184,2,traffic_signs,0.7152844071388245,626.8921508789062,839.7626953125,741.9939575195312,878.8515014648438,684.4430541992188,859.3070983886719,115.101806640625,39.08880615234375
IMG_0030.mp4,1088,36.30296963630297,29.97,161,2,traffic_signs,0.9128464460372925,1294.079345703125,784.9835205078125,1328.64599609375,818.23681640625,1311.3626708984375,801.6101684570312,34.566650390625,33.2532958984375
IMG_0030.mp4,1088,36.30296963630297,29.97,184,2,traffic_signs,0.806615948677063,599.9558715820312,838.01953125,719.7796020507812,880.5247802734375,659.8677368164062,859.2721557617188,119.82373046875,42.5052490234375
IMG_0030.mp4,1089,36.33633633633634,29.97,161,2,traffic_signs,0.9106626510620117,1295.1409912109375,784.6029663085938,1330.18798828125,817.6222534179688,1312.6644897460938,801.1126098632812,35.0469970703125,33.019287109375
IMG_0030.mp4,1089,36.33633633633634,29.97,184,2,traffic_signs,0.8188968896865845,566.1749267578125,836.5209350585938,695.0800170898438,881.5885620117188,630.6274719238281,859.0547485351562,128.90509033203125,45.067626953125
IMG_0030.mp4,1090,36.36970303636971,29.97,161,2,traffic_signs,0.9077311754226685,1299.2425537109375,784.6226806640625,1334.9542236328125,817.5455322265625,1317.098388671875,801.0841064453125,35.711669921875,32.9228515625
IMG_0030.mp4,1090,36.36970303636971,29.97,184,2,traffic_signs,0.9055758118629456,540.62646484375,836.5986328125,677.6605834960938,884.18359375,609.1435241699219,860.39111328125,137.03411865234375,47.5849609375
IMG_0030.mp4,1091,36.40306973640307,29.97,161,2,traffic_signs,0.9152361750602722,1303.2623291015625,784.074951171875,1338.0869140625,817.2469482421875,1320.6746215820312,800.6609497070312,34.8245849609375,33.1719970703125
IMG_0030.mp4,1091,36.40306973640307,29.97,184,2,traffic_signs,0.850052535533905,505.51336669921875,836.4002075195312,652.89111328125,886.52783203125,579.2022399902344,861.4640197753906,147.37774658203125,50.12762451171875
IMG_0030.mp4,1092,36.43643643643644,29.97,161,2,traffic_signs,0.9231049418449402,1305.494384765625,782.9420776367188,1340.125,816.926025390625,1322.8096923828125,799.9340515136719,34.630615234375,33.98394775390625
IMG_0030.mp4,1092,36.43643643643644,29.97,184,2,traffic_signs,0.8983508348464966,459.68206787109375,835.693359375,620.6140747070312,888.793212890625,540.1480712890625,862.2432861328125,160.9320068359375,53.099853515625
IMG_0030.mp4,1093,36.46980313646981,29.97,161,2,traffic_signs,0.9272398352622986,1307.0582275390625,782.008056640625,1342.1676025390625,816.7152099609375,1324.6129150390625,799.3616333007812,35.109375,34.7071533203125
IMG_0030.mp4,1093,36.46980313646981,29.97,184,2,traffic_signs,0.794204831123352,408.5106506347656,834.8675537109375,585.8956909179688,891.6897583007812,497.2031707763672,863.2786560058594,177.38504028320312,56.82220458984375
IMG_0030.mp4,1094,36.50316983650317,29.97,161,2,traffic_signs,0.9206997752189636,1309.10400390625,780.8422241210938,1344.267333984375,815.87646484375,1326.6856689453125,798.3593444824219,35.163330078125,35.03424072265625
IMG_0030.mp4,1094,36.50316983650317,29.97,184,2,traffic_signs,0.6668359041213989,347.9017028808594,834.2911376953125,544.6317138671875,895.9406127929688,446.26670837402344,865.1158752441406,196.73001098632812,61.64947509765625
IMG_0030.mp4,1095,36.53653653653654,29.97,161,2,traffic_signs,0.9127662777900696,1311.1861572265625,780.3521728515625,1347.567626953125,815.7727661132812,1329.3768920898438,798.0624694824219,36.3814697265625,35.42059326171875
IMG_0030.mp4,1096,36.56990323656991,29.97,161,2,traffic_signs,0.9072787761688232,1313.9681396484375,779.2550659179688,1351.4144287109375,815.1130981445312,1332.6912841796875,797.18408203125,37.4462890625,35.8580322265625
IMG_0030.mp4,1097,36.60326993660327,29.97,161,2,traffic_signs,0.9102930426597595,1316.095458984375,778.3971557617188,1354.877685546875,815.0316772460938,1335.486572265625,796.7144165039062,38.7822265625,36.634521484375
IMG_0030.mp4,1098,36.63663663663664,29.97,161,2,traffic_signs,0.9072089195251465,1317.1502685546875,777.4541015625,1355.908203125,814.9276123046875,1336.5292358398438,796.1908569335938,38.7579345703125,37.4735107421875
IMG_0030.mp4,1099,36.67000333667001,29.97,161,2,traffic_signs,0.9201163649559021,1320.2933349609375,776.5924682617188,1358.691650390625,814.777587890625,1339.4924926757812,795.6850280761719,38.3983154296875,38.18511962890625
IMG_0030.mp4,1100,36.70337003670337,29.97,161,2,traffic_signs,0.9094119071960449,1323.050048828125,775.7944946289062,1361.8212890625,813.9813232421875,1342.4356689453125,794.8879089355469,38.771240234375,38.18682861328125
IMG_0030.mp4,1101,36.73673673673674,29.97,161,2,traffic_signs,0.9006362557411194,1325.4825439453125,774.7764892578125,1364.55126953125,813.9264526367188,1345.0169067382812,794.3514709472656,39.0687255859375,39.14996337890625
IMG_0030.mp4,1102,36.77010343677011,29.97,161,2,traffic_signs,0.8898822665214539,1327.8349609375,773.453857421875,1367.5413818359375,813.7610473632812,1347.6881713867188,793.6074523925781,39.7064208984375,40.30718994140625
IMG_0030.mp4,1103,36.80347013680347,29.97,161,2,traffic_signs,0.9057765007019043,1329.7039794921875,772.5098876953125,1370.146728515625,812.9793090820312,1349.9253540039062,792.7445983886719,40.4427490234375,40.46942138671875
IMG_0030.mp4,1104,36.83683683683684,29.97,161,2,traffic_signs,0.9068025946617126,1332.1182861328125,771.7548828125,1374.1590576171875,811.441162109375,1353.138671875,791.5980224609375,42.040771484375,39.686279296875
IMG_0030.mp4,1105,36.87020353687021,29.97,161,2,traffic_signs,0.5363873839378357,1334.3192138671875,770.7816772460938,1376.682861328125,810.9723510742188,1355.5010375976562,790.8770141601562,42.3636474609375,40.190673828125
IMG_0030.mp4,1106,36.90357023690357,29.97,161,2,traffic_signs,0.9132390022277832,1337.31884765625,769.90625,1380.0120849609375,810.789306640625,1358.6654663085938,790.3477783203125,42.6932373046875,40.883056640625
IMG_0030.mp4,1107,36.93693693693694,29.97,161,2,traffic_signs,0.8834372758865356,1339.873046875,768.8975219726562,1382.77685546875,809.6372680664062,1361.324951171875,789.2673950195312,42.90380859375,40.73974609375
IMG_0030.mp4,1108,36.97030363697031,29.97,161,2,traffic_signs,0.8913992643356323,1342.762451171875,767.9147338867188,1386.5035400390625,809.17431640625,1364.6329956054688,788.5445251464844,43.7410888671875,41.25958251953125
IMG_0030.mp4,1109,37.00367033700367,29.97,161,2,traffic_signs,0.8862021565437317,1345.0439453125,767.0406494140625,1388.2205810546875,809.510986328125,1366.6322631835938,788.2758178710938,43.1766357421875,42.4703369140625
IMG_0030.mp4,1110,37.03703703703704,29.97,161,2,traffic_signs,0.9082024097442627,1347.0103759765625,765.4144287109375,1390.7349853515625,809.2721557617188,1368.8726806640625,787.3432922363281,43.724609375,43.85772705078125
IMG_0030.mp4,1111,37.07040373707041,29.97,161,2,traffic_signs,0.8943217992782593,1350.8206787109375,764.13720703125,1395.158447265625,808.8090209960938,1372.9895629882812,786.4731140136719,44.3377685546875,44.67181396484375
IMG_0030.mp4,1112,37.10377043710377,29.97,161,2,traffic_signs,0.8970229625701904,1354.03955078125,763.6694946289062,1400.084716796875,808.179931640625,1377.0621337890625,785.9247131347656,46.045166015625,44.51043701171875
IMG_0030.mp4,1113,37.13713713713714,29.97,161,2,traffic_signs,0.7938852906227112,1356.7237548828125,762.4547729492188,1403.332763671875,807.6220092773438,1380.0282592773438,785.0383911132812,46.6090087890625,45.167236328125
IMG_0030.mp4,1114,37.17050383717051,29.97,161,2,traffic_signs,0.8900195956230164,1360.3631591796875,761.3464965820312,1406.2626953125,807.2849731445312,1383.3129272460938,784.3157348632812,45.8995361328125,45.9384765625
IMG_0030.mp4,1115,37.20387053720387,29.97,161,2,traffic_signs,0.881999671459198,1364.5521240234375,759.54833984375,1411.0125732421875,806.9859619140625,1387.7823486328125,783.2671508789062,46.46044921875,47.4376220703125
IMG_0030.mp4,1116,37.23723723723724,29.97,161,2,traffic_signs,0.8998763561248779,1367.13427734375,758.4246826171875,1414.283447265625,806.7836303710938,1390.7088623046875,782.6041564941406,47.149169921875,48.35894775390625
IMG_0030.mp4,1117,37.27060393727061,29.97,161,2,traffic_signs,0.8629187345504761,1369.6885986328125,756.8063354492188,1417.7618408203125,806.8596801757812,1393.7252197265625,781.8330078125,48.0732421875,50.0533447265625
IMG_0030.mp4,1118,37.30397063730397,29.97,161,2,traffic_signs,0.8768224716186523,1373.6689453125,755.2233276367188,1422.9732666015625,805.4598388671875,1398.3211059570312,780.3415832519531,49.3043212890625,50.23651123046875
IMG_0030.mp4,1119,37.33733733733734,29.97,161,2,traffic_signs,0.9163121581077576,1376.515869140625,754.2337646484375,1426.9376220703125,803.6863403320312,1401.7267456054688,778.9600524902344,50.4217529296875,49.45257568359375
IMG_0030.mp4,1120,37.37070403737071,29.97,161,2,traffic_signs,0.8749594688415527,1379.6448974609375,753.1153564453125,1430.8699951171875,803.1412353515625,1405.2574462890625,778.1282958984375,51.22509765625,50.02587890625
IMG_0030.mp4,1121,37.40407073740407,29.97,161,2,traffic_signs,0.8664030432701111,1384.314208984375,751.8255004882812,1435.51025390625,802.1787719726562,1409.9122314453125,777.0021362304688,51.196044921875,50.353271484375
IMG_0030.mp4,1122,37.43743743743744,29.97,161,2,traffic_signs,0.910139262676239,1387.2799072265625,750.1942138671875,1439.4935302734375,801.1055908203125,1413.38671875,775.64990234375,52.213623046875,50.911376953125
IMG_0030.mp4,1123,37.47080413747081,29.97,161,2,traffic_signs,0.8772390484809875,1390.5870361328125,748.746826171875,1445.2642822265625,799.84130859375,1417.9256591796875,774.2940673828125,54.67724609375,51.094482421875
IMG_0030.mp4,1124,37.50417083750417,29.97,161,2,traffic_signs,0.9064516425132751,1395.2586669921875,747.5974731445312,1451.041259765625,798.6133422851562,1423.1499633789062,773.1054077148438,55.7825927734375,51.015869140625
IMG_0030.mp4,1125,37.53753753753754,29.97,161,2,traffic_signs,0.9006651639938354,1398.7091064453125,745.3282470703125,1454.9998779296875,797.3840942382812,1426.8544921875,771.3561706542969,56.290771484375,52.05584716796875
IMG_0030.mp4,1126,37.57090423757091,29.97,161,2,traffic_signs,0.8903023600578308,1402.23681640625,743.5541381835938,1459.986328125,796.22998046875,1431.111572265625,769.8920593261719,57.74951171875,52.67584228515625
IMG_0030.mp4,1127,37.60427093760427,29.97,161,2,traffic_signs,0.917155921459198,1408.2281494140625,741.0328369140625,1465.5611572265625,795.0396728515625,1436.8946533203125,768.0362548828125,57.3330078125,54.0068359375
IMG_0030.mp4,1128,37.63763763763764,29.97,161,2,traffic_signs,0.26447540521621704,1412.4578857421875,738.9845581054688,1472.2830810546875,793.5121459960938,1442.3704833984375,766.2483520507812,59.8251953125,54.527587890625
IMG_0030.mp4,1129,37.67100433767101,29.97,161,2,traffic_signs,0.9116161465644836,1416.788818359375,738.2222290039062,1478.9658203125,791.6488647460938,1447.8773193359375,764.935546875,62.177001953125,53.4266357421875
IMG_0030.mp4,1130,37.70437103770437,29.97,161,2,traffic_signs,0.835403561592102,1421.8824462890625,736.9461669921875,1485.6727294921875,790.2825927734375,1453.777587890625,763.6143798828125,63.790283203125,53.33642578125
IMG_0030.mp4,1131,37.73773773773774,29.97,161,2,traffic_signs,0.8572174310684204,1426.39111328125,735.395263671875,1492.228271484375,788.979248046875,1459.3096923828125,762.187255859375,65.837158203125,53.583984375
IMG_0030.mp4,1132,37.77110443777111,29.97,161,2,traffic_signs,0.6739388108253479,1431.763916015625,732.86767578125,1498.39306640625,787.806396484375,1465.0784912109375,760.3370361328125,66.629150390625,54.938720703125
IMG_0030.mp4,1132,37.77110443777111,29.97,201,2,traffic_signs,0.5255098342895508,697.6145629882812,777.664794921875,713.889892578125,804.043212890625,705.7522277832031,790.85400390625,16.27532958984375,26.37841796875
IMG_0030.mp4,1133,37.80447113780447,29.97,201,2,traffic_signs,0.3122107684612274,694.1572875976562,777.0750122070312,711.3278198242188,803.5183715820312,702.7425537109375,790.2966918945312,17.1705322265625,26.443359375
IMG_0030.mp4,1133,37.80447113780447,29.97,202,2,traffic_signs,0.6987638473510742,676.62890625,737.5199584960938,695.1570434570312,766.858154296875,685.8929748535156,752.1890563964844,18.52813720703125,29.33819580078125
IMG_0030.mp4,1134,37.83783783783784,29.97,202,2,traffic_signs,0.6570916175842285,674.0881958007812,737.0897216796875,692.0006103515625,765.8189086914062,683.0444030761719,751.4543151855469,17.91241455078125,28.72918701171875
IMG_0030.mp4,1134,37.83783783783784,29.97,161,2,traffic_signs,0.47918829321861267,1441.9908447265625,728.3287353515625,1510.97314453125,785.7847290039062,1476.4819946289062,757.0567321777344,68.9822998046875,57.45599365234375
IMG_0030.mp4,1135,37.87120453787121,29.97,202,2,traffic_signs,0.41919857263565063,670.273681640625,736.0111083984375,688.6416015625,764.6133422851562,679.4576416015625,750.3122253417969,18.367919921875,28.60223388671875
IMG_0030.mp4,1136,37.90457123790457,29.97,202,2,traffic_signs,0.3969244956970215,666.2724609375,735.02490234375,684.9246826171875,765.22119140625,675.5985717773438,750.123046875,18.6522216796875,30.1962890625
IMG_0030.mp4,1137,37.93793793793794,29.97,202,2,traffic_signs,0.7000590562820435,662.8251953125,734.1167602539062,681.5587158203125,764.4312744140625,672.1919555664062,749.2740173339844,18.7335205078125,30.31451416015625
IMG_0030.mp4,1138,37.97130463797131,29.97,202,2,traffic_signs,0.8013024926185608,659.5206298828125,733.7644653320312,678.0601806640625,763.971923828125,668.7904052734375,748.8681945800781,18.53955078125,30.20745849609375
IMG_0030.mp4,1138,37.97130463797131,29.97,161,2,traffic_signs,0.4449161887168884,1464.877685546875,719.7608032226562,1537.4888916015625,781.6054077148438,1501.1832885742188,750.68310546875,72.6112060546875,61.8446044921875
IMG_0030.mp4,1139,38.00467133800467,29.97,202,2,traffic_signs,0.6843783259391785,656.6094970703125,733.1751098632812,675.0433959960938,762.6090698242188,665.8264465332031,747.89208984375,18.43389892578125,29.4339599609375
IMG_0030.mp4,1139,38.00467133800467,29.97,161,2,traffic_signs,0.3323405683040619,1470.8065185546875,716.0147705078125,1545.0274658203125,779.5714111328125,1507.9169921875,747.7930908203125,74.220947265625,63.556640625
IMG_0030.mp4,1140,38.03803803803804,29.97,202,2,traffic_signs,0.7581183910369873,653.2601318359375,732.4205932617188,671.691162109375,761.2294921875,662.4756469726562,746.8250427246094,18.4310302734375,28.80889892578125
IMG_0030.mp4,1140,38.03803803803804,29.97,161,2,traffic_signs,0.5029126405715942,1476.5777587890625,713.4559326171875,1552.77734375,777.5275268554688,1514.6775512695312,745.4917297363281,76.1995849609375,64.07159423828125
IMG_0030.mp4,1141,38.07140473807141,29.97,202,2,traffic_signs,0.8272160887718201,649.0230102539062,731.392578125,668.7089233398438,761.00341796875,658.865966796875,746.197998046875,19.6859130859375,29.61083984375
IMG_0030.mp4,1141,38.07140473807141,29.97,161,2,traffic_signs,0.4482477903366089,1481.958740234375,710.4221801757812,1561.1884765625,775.2008666992188,1521.5736083984375,742.8115234375,79.229736328125,64.7786865234375
IMG_0030.mp4,1142,38.10477143810477,29.97,202,2,traffic_signs,0.6466598510742188,645.4647216796875,729.9512939453125,665.3468627929688,760.7147827148438,655.4057922363281,745.3330383300781,19.88214111328125,30.76348876953125
IMG_0030.mp4,1142,38.10477143810477,29.97,161,2,traffic_signs,0.7734436988830566,1489.9805908203125,707.3829345703125,1570.489990234375,773.6785888671875,1530.2352905273438,740.53076171875,80.5093994140625,66.295654296875
IMG_0030.mp4,1143,38.13813813813814,29.97,202,2,traffic_signs,0.5958524942398071,642.2454833984375,728.2943725585938,662.9633178710938,759.9851684570312,652.6044006347656,744.1397705078125,20.71783447265625,31.6907958984375
IMG_0030.mp4,1143,38.13813813813814,29.97,161,2,traffic_signs,0.6209848523139954,1496.777587890625,703.9970092773438,1578.851806640625,772.6276245117188,1537.814697265625,738.3123168945312,82.07421875,68.630615234375
IMG_0030.mp4,1144,38.17150483817151,29.97,202,2,traffic_signs,0.8642401695251465,638.857421875,727.418701171875,658.8263549804688,760.1290283203125,648.8418884277344,743.7738647460938,19.96893310546875,32.7103271484375
IMG_0030.mp4,1144,38.17150483817151,29.97,161,2,traffic_signs,0.8126692175865173,1505.563720703125,701.2354125976562,1588.464599609375,770.2314453125,1547.01416015625,735.7334289550781,82.90087890625,68.99603271484375
IMG_0030.mp4,1145,38.20487153820487,29.97,202,2,traffic_signs,0.7252697348594666,634.4830932617188,727.2520141601562,654.8159790039062,758.2785034179688,644.6495361328125,742.7652587890625,20.3328857421875,31.0264892578125
IMG_0030.mp4,1145,38.20487153820487,29.97,161,2,traffic_signs,0.7943960428237915,1514.2757568359375,697.5868530273438,1598.4444580078125,768.4826049804688,1556.360107421875,733.0347290039062,84.168701171875,70.895751953125
IMG_0030.mp4,1146,38.23823823823824,29.97,161,2,traffic_signs,0.5933952927589417,1521.3665771484375,694.0004272460938,1608.0206298828125,766.1847534179688,1564.693603515625,730.0925903320312,86.654052734375,72.184326171875
IMG_0030.mp4,1147,38.27160493827161,29.97,161,2,traffic_signs,0.8154597878456116,1529.84716796875,690.2887573242188,1618.6307373046875,764.5936279296875,1574.2389526367188,727.4411926269531,88.7835693359375,74.30487060546875
IMG_0030.mp4,1147,38.27160493827161,29.97,202,2,traffic_signs,0.4966447651386261,625.5404663085938,725.537109375,647.6499633789062,756.1122436523438,636.59521484375,740.8246765136719,22.1094970703125,30.57513427734375
IMG_0030.mp4,1148,38.30497163830497,29.97,161,2,traffic_signs,0.8271387815475464,1538.1458740234375,686.6240844726562,1629.9530029296875,763.370361328125,1584.0494384765625,724.9972229003906,91.80712890625,76.74627685546875
IMG_0030.mp4,1148,38.30497163830497,29.97,202,2,traffic_signs,0.8801644444465637,622.6298828125,723.99267578125,644.0173950195312,754.9349365234375,633.3236389160156,739.4638061523438,21.38751220703125,30.9422607421875
IMG_0030.mp4,1149,38.33833833833834,29.97,161,2,traffic_signs,0.9256801605224609,1548.24365234375,682.2905883789062,1642.059814453125,761.3025512695312,1595.1517333984375,721.7965698242188,93.816162109375,79.011962890625
IMG_0030.mp4,1149,38.33833833833834,29.97,202,2,traffic_signs,0.46459293365478516,619.4814453125,723.2081298828125,640.7279663085938,753.5464477539062,630.1047058105469,738.3772888183594,21.24652099609375,30.33831787109375
IMG_0030.mp4,1150,38.37170503837171,29.97,161,2,traffic_signs,0.7865799069404602,1557.2420654296875,677.5681762695312,1654.3511962890625,758.2471923828125,1605.796630859375,717.9076843261719,97.109130859375,80.67901611328125
IMG_0030.mp4,1150,38.37170503837171,29.97,202,2,traffic_signs,0.7939617037773132,615.283203125,722.3171997070312,636.5581665039062,754.0982055664062,625.9206848144531,738.2077026367188,21.27496337890625,31.781005859375
IMG_0030.mp4,1151,38.40507173840507,29.97,161,2,traffic_signs,0.8827744126319885,1568.0068359375,672.8689575195312,1667.658203125,756.1414794921875,1617.83251953125,714.5052185058594,99.6513671875,83.27252197265625
IMG_0030.mp4,1151,38.40507173840507,29.97,202,2,traffic_signs,0.41731229424476624,611.8929443359375,721.0621948242188,633.1939697265625,751.1802368164062,622.54345703125,736.1212158203125,21.301025390625,30.1180419921875
IMG_0030.mp4,1152,38.43843843843844,29.97,161,2,traffic_signs,0.8698492050170898,1578.3187255859375,669.3421020507812,1680.795166015625,754.181396484375,1629.5569458007812,711.7617492675781,102.4764404296875,84.83929443359375
IMG_0030.mp4,1153,38.47180513847181,29.97,161,2,traffic_signs,0.9019723534584045,1590.410400390625,663.7861328125,1694.591796875,752.2088623046875,1642.5010986328125,707.9974975585938,104.181396484375,88.4227294921875
IMG_0030.mp4,1153,38.47180513847181,29.97,202,2,traffic_signs,0.35976240038871765,603.46240234375,720.3565063476562,623.59130859375,751.6603393554688,613.52685546875,736.0084228515625,20.12890625,31.3038330078125
IMG_0030.mp4,1154,38.50517183850517,29.97,161,2,traffic_signs,0.9314557909965515,1600.148193359375,658.265869140625,1708.64453125,749.4080200195312,1654.3963623046875,703.8369445800781,108.496337890625,91.14215087890625
IMG_0030.mp4,1154,38.50517183850517,29.97,207,2,traffic_signs,0.4520513713359833,723.0879516601562,851.2723388671875,818.2450561523438,881.3409423828125,770.66650390625,866.306640625,95.1571044921875,30.068603515625
IMG_0030.mp4,1154,38.50517183850517,29.97,202,2,traffic_signs,0.2543923556804657,597.6365356445312,719.2359008789062,620.1835327148438,752.2653198242188,608.9100341796875,735.7506103515625,22.5469970703125,33.0294189453125
IMG_0030.mp4,1155,38.53853853853854,29.97,161,2,traffic_signs,0.9386813044548035,1610.8486328125,652.8740844726562,1724.43359375,746.4894409179688,1667.64111328125,699.6817626953125,113.5849609375,93.6153564453125
IMG_0030.mp4,1155,38.53853853853854,29.97,207,2,traffic_signs,0.7163730263710022,701.1378784179688,850.5269165039062,806.3468017578125,883.6058959960938,753.7423400878906,867.06640625,105.20892333984375,33.0789794921875
IMG_0030.mp4,1156,38.57190523857191,29.97,161,2,traffic_signs,0.9413518905639648,1623.0250244140625,647.592529296875,1740.7093505859375,743.5637817382812,1681.8671875,695.5781555175781,117.684326171875,95.97125244140625
IMG_0030.mp4,1156,38.57190523857191,29.97,207,2,traffic_signs,0.6933997273445129,681.343994140625,850.2208251953125,790.5474243164062,884.4384765625,735.9457092285156,867.3296508789062,109.20343017578125,34.2176513671875
IMG_0030.mp4,1157,38.60527193860527,29.97,161,2,traffic_signs,0.9061687588691711,1635.4666748046875,643.0045166015625,1756.885009765625,740.7372436523438,1696.1758422851562,691.8708801269531,121.4183349609375,97.73272705078125
IMG_0030.mp4,1157,38.60527193860527,29.97,207,2,traffic_signs,0.7963125705718994,660.2060546875,849.6112060546875,774.1392211914062,885.8975830078125,717.1726379394531,867.75439453125,113.93316650390625,36.286376953125
IMG_0030.mp4,1157,38.60527193860527,29.97,202,2,traffic_signs,0.4164785146713257,584.7359008789062,714.8475341796875,609.0231323242188,748.3228759765625,596.8795166015625,731.585205078125,24.2872314453125,33.475341796875
IMG_0030.mp4,1158,38.63863863863864,29.97,161,2,traffic_signs,0.9075536131858826,1649.2978515625,636.2166748046875,1774.4051513671875,737.0538330078125,1711.8515014648438,686.63525390625,125.1072998046875,100.837158203125
IMG_0030.mp4,1158,38.63863863863864,29.97,207,2,traffic_signs,0.36054664850234985,639.4556884765625,849.4013671875,759.4927368164062,887.75830078125,699.4742126464844,868.579833984375,120.03704833984375,38.35693359375
IMG_0030.mp4,1159,38.67200533867201,29.97,161,2,traffic_signs,0.6189118027687073,1663.0023193359375,629.1654052734375,1793.2735595703125,733.1786499023438,1728.137939453125,681.1720275878906,130.271240234375,104.01324462890625
IMG_0030.mp4,1159,38.67200533867201,29.97,207,2,traffic_signs,0.7128771543502808,616.3427124023438,849.0691528320312,741.1286010742188,889.12744140625,678.7356567382812,869.0982971191406,124.785888671875,40.05828857421875
IMG_0030.mp4,1160,38.70537203870537,29.97,161,2,traffic_signs,0.8012672662734985,1678.9129638671875,628.45703125,1814.9766845703125,730.0101928710938,1746.94482421875,679.2336120605469,136.063720703125,101.55316162109375
IMG_0030.mp4,1160,38.70537203870537,29.97,207,2,traffic_signs,0.718623161315918,590.657470703125,848.6495971679688,721.7740478515625,891.15380859375,656.2157592773438,869.9017028808594,131.1165771484375,42.50421142578125
IMG_0030.mp4,1161,38.73873873873874,29.97,161,2,traffic_signs,0.6866834163665771,1693.5020751953125,627.412109375,1834.858154296875,725.57177734375,1764.1801147460938,676.491943359375,141.3560791015625,98.15966796875
IMG_0030.mp4,1161,38.73873873873874,29.97,207,2,traffic_signs,0.837058424949646,561.3168334960938,847.7233276367188,699.7570190429688,893.0665283203125,630.5369262695312,870.3949279785156,138.440185546875,45.34320068359375
IMG_0030.mp4,1162,38.77210543877211,29.97,161,2,traffic_signs,0.48091360926628113,1708.3109130859375,623.8927001953125,1847.199951171875,722.2171630859375,1777.7554321289062,673.054931640625,138.8890380859375,98.324462890625
IMG_0030.mp4,1162,38.77210543877211,29.97,207,2,traffic_signs,0.7855132222175598,529.2973022460938,846.7705688476562,677.1275634765625,895.0174560546875,603.2124328613281,870.8940124511719,147.83026123046875,48.24688720703125
IMG_0030.mp4,1163,38.80547213880547,29.97,207,2,traffic_signs,0.8628235459327698,495.1361083984375,846.2612915039062,650.7447509765625,897.3569946289062,572.9404296875,871.8091430664062,155.608642578125,51.095703125
IMG_0030.mp4,1164,38.83883883883884,29.97,207,2,traffic_signs,0.8775035738945007,455.94561767578125,845.2752685546875,624.4686889648438,899.6549072265625,540.2071533203125,872.465087890625,168.5230712890625,54.379638671875
IMG_0030.mp4,1165,38.87220553887221,29.97,207,2,traffic_signs,0.7888814806938171,412.241455078125,844.739990234375,590.3707275390625,902.4754028320312,501.30609130859375,873.6076965332031,178.1292724609375,57.73541259765625
IMG_0030.mp4,1166,38.90557223890557,29.97,207,2,traffic_signs,0.7944083213806152,361.7297668457031,843.8458251953125,555.0274658203125,906.7928466796875,458.3786163330078,875.3193359375,193.29769897460938,62.947021484375
IMG_0030.mp4,1167,38.93893893893894,29.97,207,2,traffic_signs,0.6008232235908508,305.12939453125,843.5057983398438,513.9865112304688,910.9341430664062,409.5579528808594,877.219970703125,208.85711669921875,67.4283447265625
IMG_0030.mp4,1179,39.33933933933934,29.97,202,2,traffic_signs,0.8405190706253052,481.08184814453125,685.9418334960938,509.8368835449219,726.0576782226562,495.45936584472656,705.999755859375,28.755035400390625,40.1158447265625
IMG_0030.mp4,1180,39.37270603937271,29.97,202,2,traffic_signs,0.8048114776611328,474.6082458496094,684.3219604492188,504.6889343261719,725.4557495117188,489.6485900878906,704.8888549804688,30.0806884765625,41.1337890625
IMG_0030.mp4,1181,39.40607273940608,29.97,202,2,traffic_signs,0.7097241878509521,468.0977783203125,682.3320922851562,500.2387390136719,725.0462036132812,484.1682586669922,703.6891479492188,32.140960693359375,42.714111328125
IMG_0030.mp4,1182,39.43943943943944,29.97,202,2,traffic_signs,0.5138649940490723,462.1333923339844,681.3713989257812,494.9786071777344,724.1342163085938,478.5559997558594,702.7528076171875,32.84521484375,42.7628173828125
IMG_0030.mp4,1183,39.47280613947281,29.97,202,2,traffic_signs,0.3984191417694092,456.8535461425781,679.92529296875,489.322509765625,722.9520874023438,473.08802795410156,701.4386901855469,32.468963623046875,43.02679443359375
IMG_0030.mp4,1184,39.50617283950618,29.97,202,2,traffic_signs,0.6227118968963623,450.4555969238281,678.5858764648438,484.101318359375,722.1320190429688,467.27845764160156,700.3589477539062,33.645721435546875,43.546142578125
IMG_0030.mp4,1185,39.53953953953954,29.97,202,2,traffic_signs,0.8312368392944336,445.34027099609375,676.7368774414062,479.029541015625,721.4510498046875,462.1849060058594,699.0939636230469,33.68927001953125,44.71417236328125
IMG_0030.mp4,1186,39.57290623957291,29.97,202,2,traffic_signs,0.8673393726348877,439.7281494140625,674.6185302734375,473.4464111328125,720.8690185546875,456.5872802734375,697.7437744140625,33.71826171875,46.25048828125
IMG_0030.mp4,1187,39.60627293960628,29.97,202,2,traffic_signs,0.8436741232872009,434.4852600097656,673.3306274414062,468.4189453125,719.6367797851562,451.4521026611328,696.4837036132812,33.933685302734375,46.30615234375
IMG_0030.mp4,1188,39.63963963963964,29.97,202,2,traffic_signs,0.5446051359176636,428.7689208984375,671.91943359375,462.668701171875,718.10400390625,445.71881103515625,695.01171875,33.8997802734375,46.1845703125
IMG_0030.mp4,1189,39.67300633967301,29.97,202,2,traffic_signs,0.8709442019462585,422.0284118652344,670.2870483398438,456.8625183105469,715.7088012695312,439.4454650878906,692.9979248046875,34.8341064453125,45.4217529296875
IMG_0030.mp4,1190,39.70637303970638,29.97,202,2,traffic_signs,0.7907937169075012,415.8855285644531,669.2239990234375,451.19512939453125,714.1156616210938,433.5403289794922,691.6698303222656,35.309600830078125,44.89166259765625
IMG_0030.mp4,1191,39.73973973973974,29.97,202,2,traffic_signs,0.8106136918067932,410.1206970214844,667.74658203125,446.1405029296875,712.3553466796875,428.13059997558594,690.0509643554688,36.019805908203125,44.6087646484375
IMG_0030.mp4,1192,39.77310643977311,29.97,202,2,traffic_signs,0.2837006449699402,403.822998046875,667.0245971679688,439.4781188964844,710.199951171875,421.6505584716797,688.6122741699219,35.655120849609375,43.17535400390625
IMG_0030.mp4,1223,40.80747414080748,29.97,226,2,traffic_signs,0.5576326251029968,1632.676513671875,758.3065795898438,1652.1109619140625,802.4169921875,1642.3937377929688,780.3617858886719,19.4344482421875,44.11041259765625
IMG_0030.mp4,1228,40.97430764097431,29.97,229,2,traffic_signs,0.7039616107940674,123.6027603149414,594.3076171875,172.80731201171875,651.26708984375,148.20503616333008,622.787353515625,49.204551696777344,56.95947265625
IMG_0030.mp4,1229,41.00767434100768,29.97,229,2,traffic_signs,0.5116751194000244,114.04936218261719,591.4212036132812,161.4460906982422,649.7901611328125,137.7477264404297,620.6056823730469,47.396728515625,58.36895751953125
IMG_0030.mp4,1229,41.00767434100768,29.97,230,2,traffic_signs,0.4126557409763336,1660.6810302734375,751.2194213867188,1681.7203369140625,801.7315063476562,1671.20068359375,776.4754638671875,21.039306640625,50.5120849609375
IMG_0030.mp4,1230,41.04104104104104,29.97,230,2,traffic_signs,0.5495386123657227,1664.3990478515625,747.6820068359375,1686.304443359375,802.1007690429688,1675.3517456054688,774.8913879394531,21.9053955078125,54.41876220703125
IMG_0030.mp4,1231,41.07440774107441,29.97,230,2,traffic_signs,0.6696944236755371,1668.85498046875,743.3552856445312,1691.1365966796875,801.7650146484375,1679.9957885742188,772.5601501464844,22.2816162109375,58.40972900390625
IMG_0030.mp4,1232,41.10777444110778,29.97,230,2,traffic_signs,0.6822569370269775,1673.75146484375,745.029296875,1696.28466796875,801.5805053710938,1685.01806640625,773.3049011230469,22.533203125,56.55120849609375
IMG_0030.mp4,1233,41.14114114114114,29.97,230,2,traffic_signs,0.6870540976524353,1678.408203125,748.7334594726562,1700.333740234375,800.9906616210938,1689.3709716796875,774.862060546875,21.925537109375,52.2572021484375
IMG_0030.mp4,1234,41.17450784117451,29.97,230,2,traffic_signs,0.6757999062538147,1683.29345703125,750.7075805664062,1705.42578125,800.375732421875,1694.359619140625,775.5416564941406,22.13232421875,49.66815185546875
IMG_0030.mp4,1235,41.20787454120788,29.97,230,2,traffic_signs,0.7324103713035583,1686.99365234375,746.119873046875,1710.312255859375,801.0452270507812,1698.6529541015625,773.5825500488281,23.318603515625,54.92535400390625
IMG_0030.mp4,1236,41.24124124124124,29.97,230,2,traffic_signs,0.7147946953773499,1691.4835205078125,743.889404296875,1714.9761962890625,800.8016967773438,1703.2298583984375,772.3455505371094,23.49267578125,56.91229248046875
IMG_0030.mp4,1237,41.27460794127461,29.97,230,2,traffic_signs,0.6344632506370544,1696.7606201171875,746.7937622070312,1720.8824462890625,800.3009643554688,1708.821533203125,773.54736328125,24.121826171875,53.5072021484375
IMG_0030.mp4,1238,41.30797464130798,29.97,230,2,traffic_signs,0.739754855632782,1702.0623779296875,748.8275146484375,1725.8475341796875,800.275634765625,1713.9549560546875,774.5515747070312,23.78515625,51.4481201171875
IMG_0030.mp4,1239,41.34134134134134,29.97,230,2,traffic_signs,0.7037538290023804,1707.540283203125,750.1259765625,1731.591796875,798.6458740234375,1719.5660400390625,774.3859252929688,24.051513671875,48.5198974609375
IMG_0030.mp4,1240,41.37470804137471,29.97,230,2,traffic_signs,0.3771839439868927,1712.1026611328125,749.34765625,1737.35498046875,797.842529296875,1724.7288208007812,773.5950927734375,25.2523193359375,48.494873046875
IMG_0030.mp4,1241,41.40807474140808,29.97,230,2,traffic_signs,0.6094697117805481,1717.8033447265625,746.637939453125,1744.1065673828125,797.6222534179688,1730.9549560546875,772.1300964355469,26.30322265625,50.98431396484375
IMG_0030.mp4,1242,41.44144144144144,29.97,230,2,traffic_signs,0.6817890405654907,1723.49267578125,747.2315063476562,1749.8736572265625,797.6520385742188,1736.6831665039062,772.4417724609375,26.3809814453125,50.4205322265625
IMG_0030.mp4,1243,41.47480814147481,29.97,230,2,traffic_signs,0.7212810516357422,1729.771728515625,746.9771728515625,1756.9842529296875,797.0545043945312,1743.3779907226562,772.0158386230469,27.2125244140625,50.07733154296875
IMG_0030.mp4,1244,41.50817484150818,29.97,230,2,traffic_signs,0.6375395655632019,1734.94384765625,746.0718994140625,1763.0302734375,797.2433471679688,1748.987060546875,771.6576232910156,28.08642578125,51.17144775390625
IMG_0030.mp4,1245,41.54154154154154,29.97,230,2,traffic_signs,0.3546602725982666,1740.659423828125,739.0730590820312,1770.021728515625,797.4366455078125,1755.340576171875,768.2548522949219,29.3623046875,58.36358642578125
IMG_0030.mp4,1246,41.57490824157491,29.97,230,2,traffic_signs,0.49163275957107544,1746.2457275390625,742.4683227539062,1774.8663330078125,796.6591796875,1760.5560302734375,769.5637512207031,28.62060546875,54.19085693359375
IMG_0030.mp4,1247,41.60827494160828,29.97,230,2,traffic_signs,0.6938093304634094,1752.311279296875,744.1226196289062,1781.0733642578125,796.515625,1766.6923217773438,770.3191223144531,28.7620849609375,52.39300537109375
IMG_0030.mp4,1248,41.64164164164164,29.97,230,2,traffic_signs,0.4418611228466034,1756.0081787109375,744.144287109375,1787.6513671875,796.8316650390625,1771.8297729492188,770.4879760742188,31.6431884765625,52.6873779296875
IMG_0030.mp4,1249,41.67500834167501,29.97,230,2,traffic_signs,0.5673629641532898,1762.0885009765625,742.7532958984375,1794.5390625,797.6887817382812,1778.3137817382812,770.2210388183594,32.4505615234375,54.93548583984375
IMG_0030.mp4,1250,41.70837504170838,29.97,230,2,traffic_signs,0.5871550440788269,1767.05859375,742.9385986328125,1800.40966796875,797.4780883789062,1783.734130859375,770.2083435058594,33.35107421875,54.53948974609375
IMG_0030.mp4,1251,41.74174174174174,29.97,230,2,traffic_signs,0.4527053236961365,1774.57421875,738.7036743164062,1808.253662109375,797.62353515625,1791.4139404296875,768.1636047363281,33.679443359375,58.91986083984375
IMG_0030.mp4,1252,41.77510844177511,29.97,230,2,traffic_signs,0.48718875646591187,1782.69189453125,736.64501953125,1815.12744140625,797.0810546875,1798.90966796875,766.863037109375,32.435546875,60.43603515625
IMG_0030.mp4,1253,41.80847514180848,29.97,230,2,traffic_signs,0.6690530180931091,1789.6455078125,738.6326904296875,1821.7027587890625,796.8120727539062,1805.6741333007812,767.7223815917969,32.0572509765625,58.17938232421875
IMG_0030.mp4,1254,41.84184184184184,29.97,230,2,traffic_signs,0.41862228512763977,1797.27294921875,738.7601928710938,1830.114990234375,796.5222778320312,1813.6939697265625,767.6412353515625,32.842041015625,57.7620849609375
IMG_0030.mp4,1255,41.87520854187521,29.97,230,2,traffic_signs,0.5513085722923279,1804.617919921875,738.7913818359375,1837.5205078125,795.5208740234375,1821.0692138671875,767.1561279296875,32.902587890625,56.7294921875
IMG_0030.mp4,1259,42.00867534200868,29.97,230,2,traffic_signs,0.372525155544281,1836.244140625,735.764892578125,1870.3492431640625,794.6646728515625,1853.2966918945312,765.2147827148438,34.1051025390625,58.8997802734375
IMG_0030.mp4,1265,42.20887554220888,29.97,230,2,traffic_signs,0.43788450956344604,1886.166015625,726.7625732421875,1919.833740234375,792.0236206054688,1902.9998779296875,759.3930969238281,33.667724609375,65.26104736328125
IMG_0030.mp4,1306,43.57691024357691,29.97,240,0,auth_label,0.8023697733879089,1554.5118408203125,1006.1436767578125,1920.0,1080.0,1737.2559204101562,1043.0718383789062,365.4881591796875,73.8563232421875
IMG_0030.mp4,1307,43.61027694361028,29.97,240,0,auth_label,0.9259775876998901,1554.6729736328125,1008.7590942382812,1920.0,1080.0,1737.3364868164062,1044.3795471191406,365.3270263671875,71.24090576171875
IMG_0030.mp4,1308,43.64364364364364,29.97,240,0,auth_label,0.8279109597206116,1560.7930908203125,1012.5599365234375,1920.0,1080.0,1740.3965454101562,1046.2799682617188,359.2069091796875,67.4400634765625
IMG_0030.mp4,1309,43.67701034367701,29.97,240,0,auth_label,0.597806453704834,1559.5609130859375,1015.7449951171875,1920.0,1080.0,1739.7804565429688,1047.8724975585938,360.4390869140625,64.2550048828125
IMG_0030.mp4,1328,44.31097764431098,29.97,242,2,traffic_signs,0.3271198570728302,1185.6029052734375,848.8704223632812,1198.6038818359375,863.2586059570312,1192.1033935546875,856.0645141601562,13.0009765625,14.38818359375
IMG_0030.mp4,1329,44.34434434434434,29.97,242,2,traffic_signs,0.3261866569519043,1185.7314453125,849.0233764648438,1198.8021240234375,863.4957275390625,1192.2667846679688,856.2595520019531,13.0706787109375,14.47235107421875
IMG_0030.mp4,1330,44.37771104437771,29.97,242,2,traffic_signs,0.3417656719684601,1185.16162109375,848.8487548828125,1198.33935546875,863.57666015625,1191.75048828125,856.2127075195312,13.177734375,14.7279052734375
IMG_0030.mp4,1331,44.41107774441108,29.97,242,2,traffic_signs,0.2617780566215515,1185.184814453125,847.849365234375,1198.30908203125,863.3988037109375,1191.7469482421875,855.6240844726562,13.124267578125,15.5494384765625
IMG_0030.mp4,1334,44.51117784451118,29.97,244,2,traffic_signs,0.7489355206489563,1250.1583251953125,818.5454711914062,1298.166748046875,831.0704345703125,1274.1625366210938,824.8079528808594,48.0084228515625,12.52496337890625
IMG_0030.mp4,1335,44.54454454454454,29.97,244,2,traffic_signs,0.7906911969184875,1250.998291015625,817.9711303710938,1300.935546875,830.9948120117188,1275.9669189453125,824.4829711914062,49.937255859375,13.023681640625
IMG_0030.mp4,1336,44.57791124457791,29.97,244,2,traffic_signs,0.7487922310829163,1251.3978271484375,817.2190551757812,1301.699951171875,830.6286010742188,1276.5488891601562,823.923828125,50.3021240234375,13.4095458984375
IMG_0030.mp4,1337,44.61127794461128,29.97,244,2,traffic_signs,0.6967036724090576,1252.12158203125,816.5730590820312,1302.694580078125,830.33056640625,1277.4080810546875,823.4518127441406,50.572998046875,13.75750732421875
IMG_0030.mp4,1338,44.64464464464464,29.97,244,2,traffic_signs,0.5898780822753906,1253.31005859375,815.7679443359375,1303.193115234375,829.3263549804688,1278.2515869140625,822.5471496582031,49.883056640625,13.55841064453125
IMG_0030.mp4,1339,44.67801134467801,29.97,244,2,traffic_signs,0.4672911465167999,1254.701171875,814.9698486328125,1304.8837890625,828.9848022460938,1279.79248046875,821.9773254394531,50.1826171875,14.01495361328125
IMG_0030.mp4,1340,44.71137804471138,29.97,244,2,traffic_signs,0.4233912229537964,1255.414306640625,814.25390625,1306.2423095703125,828.6580200195312,1280.8283081054688,821.4559631347656,50.8280029296875,14.40411376953125
IMG_0030.mp4,1341,44.74474474474474,29.97,244,2,traffic_signs,0.48945894837379456,1256.243408203125,813.6652221679688,1308.4598388671875,828.5349731445312,1282.3516235351562,821.10009765625,52.2164306640625,14.8697509765625
IMG_0030.mp4,1342,44.77811144477811,29.97,244,2,traffic_signs,0.7436953186988831,1257.804443359375,813.0557250976562,1309.8988037109375,828.1119384765625,1283.8516235351562,820.5838317871094,52.0943603515625,15.05621337890625
IMG_0030.mp4,1343,44.81147814481148,29.97,244,2,traffic_signs,0.7663776278495789,1260.0760498046875,814.4219360351562,1311.916015625,829.5966796875,1285.9960327148438,822.0093078613281,51.8399658203125,15.17474365234375
IMG_0030.mp4,1344,44.84484484484484,29.97,244,2,traffic_signs,0.7132336497306824,1260.822509765625,811.1577758789062,1312.0250244140625,826.1126708984375,1286.4237670898438,818.6352233886719,51.2025146484375,14.95489501953125
IMG_0030.mp4,1344,44.84484484484484,29.97,245,2,traffic_signs,0.4250054657459259,1186.6533203125,841.0868530273438,1199.9886474609375,859.9241943359375,1193.3209838867188,850.5055236816406,13.3353271484375,18.83734130859375
IMG_0030.mp4,1346,44.91157824491158,29.97,247,2,traffic_signs,0.5597918629646301,1188.3177490234375,838.9306640625,1201.36767578125,858.9030151367188,1194.8427124023438,848.9168395996094,13.0499267578125,19.97235107421875
IMG_0030.mp4,1346,44.91157824491158,29.97,244,2,traffic_signs,0.6569566130638123,1262.4459228515625,811.1414184570312,1314.550537109375,826.8941650390625,1288.4982299804688,819.0177917480469,52.1046142578125,15.75274658203125
IMG_0030.mp4,1347,44.94494494494494,29.97,247,2,traffic_signs,0.6135126948356628,1188.744384765625,838.6522827148438,1201.8685302734375,858.7382202148438,1195.3064575195312,848.6952514648438,13.1241455078125,20.0859375
IMG_0030.mp4,1347,44.94494494494494,29.97,244,2,traffic_signs,0.47385072708129883,1262.71240234375,808.1053466796875,1315.9488525390625,823.8895874023438,1289.3306274414062,815.9974670410156,53.2364501953125,15.78424072265625
IMG_0030.mp4,1348,44.97831164497831,29.97,247,2,traffic_signs,0.6734662652015686,1189.41455078125,837.60205078125,1203.1563720703125,858.727783203125,1196.2854614257812,848.1649169921875,13.7418212890625,21.125732421875
IMG_0030.mp4,1348,44.97831164497831,29.97,244,2,traffic_signs,0.344259649515152,1263.5625,806.54150390625,1318.9747314453125,823.0050659179688,1291.2686157226562,814.7732849121094,55.4122314453125,16.46356201171875
IMG_0030.mp4,1349,45.01167834501168,29.97,247,2,traffic_signs,0.6819444298744202,1190.455810546875,835.7628173828125,1204.5113525390625,856.9436645507812,1197.4835815429688,846.3532409667969,14.0555419921875,21.18084716796875
IMG_0030.mp4,1349,45.01167834501168,29.97,244,2,traffic_signs,0.5527949929237366,1264.2384033203125,804.6149291992188,1321.0001220703125,820.60400390625,1292.6192626953125,812.6094665527344,56.76171875,15.98907470703125
IMG_0030.mp4,1350,45.04504504504504,29.97,247,2,traffic_signs,0.6685808897018433,1191.29052734375,835.0126953125,1204.68798828125,855.92822265625,1197.9892578125,845.470458984375,13.3974609375,20.91552734375
IMG_0030.mp4,1351,45.07841174507841,29.97,247,2,traffic_signs,0.6462572813034058,1191.6689453125,834.9916381835938,1204.9488525390625,855.5665283203125,1198.3088989257812,845.2790832519531,13.2799072265625,20.57489013671875
IMG_0030.mp4,1352,45.11177844511178,29.97,247,2,traffic_signs,0.6221491098403931,1191.753173828125,836.0676879882812,1205.1126708984375,855.5363159179688,1198.4329223632812,845.802001953125,13.3594970703125,19.4686279296875
IMG_0030.mp4,1353,45.14514514514514,29.97,247,2,traffic_signs,0.3536129295825958,1191.8961181640625,835.6331176757812,1206.421630859375,853.7628173828125,1199.1588745117188,844.6979675292969,14.5255126953125,18.12969970703125
IMG_0030.mp4,1354,45.17851184517851,29.97,247,2,traffic_signs,0.42758285999298096,1191.9420166015625,835.0625610351562,1206.7811279296875,853.3486328125,1199.361572265625,844.2055969238281,14.839111328125,18.28607177734375
IMG_0030.mp4,1355,45.21187854521188,29.97,247,2,traffic_signs,0.38054805994033813,1192.4112548828125,834.02783203125,1207.010009765625,852.6931762695312,1199.7106323242188,843.3605041503906,14.5987548828125,18.66534423828125
IMG_0030.mp4,1356,45.24524524524525,29.97,247,2,traffic_signs,0.3981529474258423,1193.0645751953125,833.7265014648438,1207.414306640625,852.0272216796875,1200.2394409179688,842.8768615722656,14.3497314453125,18.30072021484375
IMG_0030.mp4,1356,45.24524524524525,29.97,248,2,traffic_signs,0.5618396401405334,1276.8021240234375,797.4249877929688,1333.545166015625,815.2747802734375,1305.1736450195312,806.3498840332031,56.7430419921875,17.84979248046875
IMG_0030.mp4,1357,45.27861194527861,29.97,247,2,traffic_signs,0.34342503547668457,1192.895751953125,833.2840576171875,1207.6212158203125,851.5742797851562,1200.2584838867188,842.4291687011719,14.7254638671875,18.29022216796875
IMG_0030.mp4,1357,45.27861194527861,29.97,248,2,traffic_signs,0.6404215693473816,1278.1368408203125,796.506591796875,1335.145751953125,814.4527587890625,1306.6412963867188,805.4796752929688,57.0089111328125,17.9461669921875
IMG_0030.mp4,1358,45.31197864531198,29.97,247,2,traffic_signs,0.42061737179756165,1193.098388671875,831.46044921875,1208.99609375,850.3190307617188,1201.0472412109375,840.8897399902344,15.897705078125,18.85858154296875
IMG_0030.mp4,1358,45.31197864531198,29.97,248,2,traffic_signs,0.4247690737247467,1279.2047119140625,795.428955078125,1335.9066162109375,812.9528198242188,1307.5556640625,804.1908874511719,56.701904296875,17.52386474609375
IMG_0030.mp4,1359,45.34534534534535,29.97,247,2,traffic_signs,0.2572416663169861,1193.256103515625,830.7162475585938,1210.0169677734375,849.6589965820312,1201.6365356445312,840.1876220703125,16.7608642578125,18.9427490234375
IMG_0030.mp4,1359,45.34534534534535,29.97,248,2,traffic_signs,0.5793156027793884,1280.181396484375,795.139892578125,1337.4295654296875,811.148681640625,1308.8054809570312,803.144287109375,57.2481689453125,16.0087890625
IMG_0030.mp4,1360,45.37871204537871,29.97,248,2,traffic_signs,0.7402998208999634,1280.72802734375,794.0236206054688,1340.4417724609375,810.702880859375,1310.5848999023438,802.3632507324219,59.7137451171875,16.67926025390625
IMG_0030.mp4,1361,45.41207874541208,29.97,248,2,traffic_signs,0.7542130947113037,1283.0843505859375,792.3624877929688,1344.8680419921875,809.80712890625,1313.9761962890625,801.0848083496094,61.78369140625,17.44464111328125
IMG_0030.mp4,1361,45.41207874541208,29.97,247,2,traffic_signs,0.4092464745044708,1196.056396484375,827.6080322265625,1213.8846435546875,847.2095336914062,1204.9705200195312,837.4087829589844,17.8282470703125,19.60150146484375
IMG_0030.mp4,1362,45.44544544544545,29.97,248,2,traffic_signs,0.7466171979904175,1285.420654296875,789.6823120117188,1347.6641845703125,808.3234252929688,1316.5424194335938,799.0028686523438,62.2435302734375,18.64111328125
IMG_0030.mp4,1362,45.44544544544545,29.97,247,2,traffic_signs,0.428881973028183,1198.1072998046875,826.0322875976562,1216.4332275390625,845.6890869140625,1207.270263671875,835.8606872558594,18.325927734375,19.65679931640625
IMG_0030.mp4,1363,45.47881214547881,29.97,248,2,traffic_signs,0.5212410092353821,1286.484375,790.0523681640625,1349.3165283203125,808.3234252929688,1317.9004516601562,799.1878967285156,62.8321533203125,18.27105712890625
IMG_0030.mp4,1363,45.47881214547881,29.97,247,2,traffic_signs,0.5565153956413269,1198.7098388671875,826.2174072265625,1216.090576171875,846.3335571289062,1207.4002075195312,836.2754821777344,17.3807373046875,20.11614990234375
IMG_0030.mp4,1364,45.51217884551218,29.97,248,2,traffic_signs,0.7357054352760315,1288.1883544921875,788.4348754882812,1353.7445068359375,807.26416015625,1320.9664306640625,797.8495178222656,65.55615234375,18.82928466796875
IMG_0030.mp4,1364,45.51217884551218,29.97,247,2,traffic_signs,0.6570150852203369,1199.4937744140625,826.0121459960938,1214.820556640625,845.6923217773438,1207.1571655273438,835.8522338867188,15.3267822265625,19.68017578125
IMG_0030.mp4,1365,45.54554554554555,29.97,248,2,traffic_signs,0.7391608357429504,1290.217041015625,786.4049682617188,1357.7421875,806.0348510742188,1323.9796142578125,796.2199096679688,67.525146484375,19.6298828125
IMG_0030.mp4,1365,45.54554554554555,29.97,247,2,traffic_signs,0.6254499554634094,1200.1033935546875,825.3342895507812,1214.7130126953125,844.8461303710938,1207.408203125,835.0902099609375,14.609619140625,19.5118408203125
IMG_0030.mp4,1366,45.57891224557891,29.97,248,2,traffic_signs,0.7165261507034302,1293.35009765625,785.3680419921875,1360.4957275390625,805.9346923828125,1326.9229125976562,795.6513671875,67.1456298828125,20.566650390625
IMG_0030.mp4,1366,45.57891224557891,29.97,247,2,traffic_signs,0.6496372222900391,1201.029052734375,824.9224853515625,1215.68310546875,845.2014770507812,1208.3560791015625,835.0619812011719,14.654052734375,20.27899169921875
IMG_0030.mp4,1367,45.61227894561228,29.97,248,2,traffic_signs,0.3142009377479553,1295.37109375,784.2307739257812,1363.4342041015625,804.7003784179688,1329.4026489257812,794.465576171875,68.0631103515625,20.4696044921875
IMG_0030.mp4,1367,45.61227894561228,29.97,247,2,traffic_signs,0.6164148449897766,1201.172119140625,824.10107421875,1215.5750732421875,844.8599853515625,1208.3735961914062,834.4805297851562,14.4029541015625,20.7589111328125
IMG_0030.mp4,1368,45.64564564564565,29.97,248,2,traffic_signs,0.32317906618118286,1297.660888671875,782.7478637695312,1364.1788330078125,803.6373291015625,1330.9198608398438,793.1925964355469,66.5179443359375,20.88946533203125
IMG_0030.mp4,1368,45.64564564564565,29.97,247,2,traffic_signs,0.6032618880271912,1201.813720703125,823.9501342773438,1215.787841796875,844.4445190429688,1208.80078125,834.1973266601562,13.97412109375,20.494384765625
IMG_0030.mp4,1369,45.67901234567901,29.97,248,2,traffic_signs,0.41329675912857056,1297.768310546875,781.3463134765625,1366.5482177734375,802.6961059570312,1332.1582641601562,792.0212097167969,68.7799072265625,21.34979248046875
IMG_0030.mp4,1369,45.67901234567901,29.97,247,2,traffic_signs,0.6124973297119141,1201.8802490234375,823.3546752929688,1216.667236328125,843.7330932617188,1209.2737426757812,833.5438842773438,14.7869873046875,20.37841796875
IMG_0030.mp4,1370,45.71237904571238,29.97,248,2,traffic_signs,0.4706442058086395,1300.3546142578125,778.9337158203125,1371.9129638671875,802.1104736328125,1336.1337890625,790.5220947265625,71.558349609375,23.1767578125
IMG_0030.mp4,1370,45.71237904571238,29.97,247,2,traffic_signs,0.39414072036743164,1202.7669677734375,822.2532958984375,1218.1763916015625,843.1474609375,1210.4716796875,832.7003784179688,15.409423828125,20.8941650390625
IMG_0030.mp4,1371,45.74574574574575,29.97,248,2,traffic_signs,0.7063686847686768,1301.4754638671875,777.1074829101562,1375.26123046875,800.6691284179688,1338.3683471679688,788.8883056640625,73.7857666015625,23.5616455078125
IMG_0030.mp4,1371,45.74574574574575,29.97,247,2,traffic_signs,0.363090842962265,1203.61865234375,821.0115356445312,1219.2867431640625,842.3360595703125,1211.4526977539062,831.6737976074219,15.6680908203125,21.32452392578125
IMG_0030.mp4,1372,45.77911244577911,29.97,248,2,traffic_signs,0.26726385951042175,1302.9984130859375,775.960205078125,1376.386474609375,799.0213623046875,1339.6924438476562,787.4907836914062,73.3880615234375,23.0611572265625
IMG_0030.mp4,1372,45.77911244577911,29.97,247,2,traffic_signs,0.36204779148101807,1203.96435546875,820.6602783203125,1219.5313720703125,841.9208984375,1211.7478637695312,831.2905883789062,15.5670166015625,21.2606201171875
IMG_0030.mp4,1373,45.81247914581248,29.97,247,2,traffic_signs,0.581547200679779,1204.4373779296875,819.3650512695312,1220.6192626953125,840.82080078125,1212.5283203125,830.0929260253906,16.181884765625,21.45574951171875
IMG_0030.mp4,1374,45.84584584584585,29.97,247,2,traffic_signs,0.45752108097076416,1205.5018310546875,818.842529296875,1221.7265625,840.0036010742188,1213.6141967773438,829.4230651855469,16.2247314453125,21.16107177734375
IMG_0030.mp4,1375,45.87921254587921,29.97,247,2,traffic_signs,0.4742894768714905,1205.680419921875,818.5172119140625,1222.2685546875,839.4637451171875,1213.9744873046875,828.990478515625,16.588134765625,20.946533203125
IMG_0030.mp4,1376,45.91257924591258,29.97,247,2,traffic_signs,0.48098576068878174,1206.176025390625,817.6004028320312,1222.3236083984375,838.4395751953125,1214.2498168945312,828.0199890136719,16.1475830078125,20.83917236328125
IMG_0030.mp4,1377,45.94594594594595,29.97,247,2,traffic_signs,0.3885860741138458,1206.7935791015625,816.8843994140625,1223.2257080078125,838.4938354492188,1215.0096435546875,827.6891174316406,16.43212890625,21.60943603515625
IMG_0030.mp4,1378,45.97931264597931,29.97,247,2,traffic_signs,0.4358009099960327,1208.428955078125,816.4791259765625,1225.841796875,838.6133422851562,1217.1353759765625,827.5462341308594,17.412841796875,22.13421630859375
IMG_0030.mp4,1379,46.01267934601268,29.97,247,2,traffic_signs,0.6086772084236145,1209.4344482421875,815.832275390625,1226.9676513671875,837.663330078125,1218.2010498046875,826.747802734375,17.533203125,21.8310546875
IMG_0030.mp4,1380,46.04604604604605,29.97,247,2,traffic_signs,0.6417886018753052,1210.077392578125,815.9107055664062,1227.5457763671875,837.5405883789062,1218.8115844726562,826.7256469726562,17.4683837890625,21.6298828125
IMG_0030.mp4,1382,46.11277944611278,29.97,251,2,traffic_signs,0.7001423239707947,1212.095947265625,814.967529296875,1229.585693359375,835.9217529296875,1220.8408203125,825.4446411132812,17.48974609375,20.9542236328125
IMG_0030.mp4,1383,46.14614614614615,29.97,251,2,traffic_signs,0.6955063343048096,1213.5003662109375,815.3140258789062,1230.1533203125,835.5468139648438,1221.8268432617188,825.430419921875,16.6529541015625,20.2327880859375
IMG_0030.mp4,1384,46.17951284617951,29.97,251,2,traffic_signs,0.7329272627830505,1213.560791015625,815.5230712890625,1229.8873291015625,834.9124145507812,1221.7240600585938,825.2177429199219,16.3265380859375,19.38934326171875
IMG_0030.mp4,1385,46.21287954621288,29.97,251,2,traffic_signs,0.7646899819374084,1213.760986328125,814.8118286132812,1230.319580078125,834.3292236328125,1222.040283203125,824.5705261230469,16.55859375,19.51739501953125
IMG_0030.mp4,1386,46.24624624624625,29.97,251,2,traffic_signs,0.6040105223655701,1214.99560546875,814.0834350585938,1232.0888671875,833.8359375,1223.542236328125,823.9596862792969,17.09326171875,19.75250244140625
IMG_0030.mp4,1387,46.27961294627961,29.97,251,2,traffic_signs,0.7202387452125549,1214.9879150390625,812.6273803710938,1232.910400390625,832.7047119140625,1223.9491577148438,822.6660461425781,17.9224853515625,20.07733154296875
IMG_0030.mp4,1388,46.31297964631298,29.97,251,2,traffic_signs,0.7562859058380127,1214.9599609375,812.1663818359375,1233.130859375,832.0667114257812,1224.04541015625,822.1165466308594,18.1708984375,19.90032958984375
IMG_0030.mp4,1389,46.34634634634635,29.97,251,2,traffic_signs,0.6990602016448975,1214.8802490234375,811.4853515625,1233.9515380859375,831.6836547851562,1224.4158935546875,821.5845031738281,19.0712890625,20.19830322265625
IMG_0030.mp4,1390,46.37971304637971,29.97,251,2,traffic_signs,0.7541080713272095,1215.0458984375,810.510009765625,1234.90380859375,831.350341796875,1224.974853515625,820.93017578125,19.85791015625,20.84033203125
IMG_0030.mp4,1391,46.41307974641308,29.97,251,2,traffic_signs,0.7798384428024292,1215.7406005859375,809.5935668945312,1235.75244140625,830.8502807617188,1225.7465209960938,820.221923828125,20.0118408203125,21.2567138671875
IMG_0030.mp4,1392,46.44644644644645,29.97,251,2,traffic_signs,0.7073081135749817,1217.1156005859375,809.5596923828125,1236.8206787109375,830.8662719726562,1226.9681396484375,820.2129821777344,19.705078125,21.30657958984375
IMG_0030.mp4,1393,46.47981314647981,29.97,251,2,traffic_signs,0.6827958226203918,1217.7354736328125,808.7664794921875,1237.4296875,830.5557861328125,1227.5825805664062,819.6611328125,19.6942138671875,21.789306640625
IMG_0030.mp4,1394,46.51317984651318,29.97,251,2,traffic_signs,0.6873874068260193,1219.0047607421875,808.51123046875,1238.4598388671875,830.5576782226562,1228.7322998046875,819.5344543457031,19.455078125,22.04644775390625
IMG_0030.mp4,1395,46.54654654654655,29.97,251,2,traffic_signs,0.7010443210601807,1219.57373046875,808.24462890625,1239.06396484375,830.220947265625,1229.31884765625,819.2327880859375,19.490234375,21.976318359375
IMG_0030.mp4,1396,46.57991324657991,29.97,251,2,traffic_signs,0.6600035429000854,1219.65869140625,807.9270629882812,1239.1976318359375,829.6365356445312,1229.4281616210938,818.7817993164062,19.5389404296875,21.70947265625
IMG_0030.mp4,1397,46.61327994661328,29.97,251,2,traffic_signs,0.5553979873657227,1221.017578125,807.8615112304688,1241.4058837890625,829.5941162109375,1231.2117309570312,818.7278137207031,20.3883056640625,21.73260498046875
IMG_0030.mp4,1398,46.64664664664665,29.97,251,2,traffic_signs,0.5864964723587036,1220.5140380859375,807.7091064453125,1241.455078125,829.1651000976562,1230.9845581054688,818.4371032714844,20.9410400390625,21.45599365234375
IMG_0030.mp4,1399,46.68001334668001,29.97,251,2,traffic_signs,0.6497349143028259,1220.79931640625,806.7427978515625,1242.244140625,828.581298828125,1231.521728515625,817.6620483398438,21.44482421875,21.8385009765625
IMG_0030.mp4,1400,46.71338004671338,29.97,251,2,traffic_signs,0.7434678673744202,1221.5982666015625,805.696044921875,1243.071044921875,827.9389038085938,1232.3346557617188,816.8174743652344,21.4727783203125,22.24285888671875
IMG_0030.mp4,1401,46.74674674674675,29.97,251,2,traffic_signs,0.7614517211914062,1222.2066650390625,805.2018432617188,1244.1370849609375,827.976318359375,1233.171875,816.5890808105469,21.930419921875,22.77447509765625
IMG_0030.mp4,1402,46.78011344678011,29.97,251,2,traffic_signs,0.7779654264450073,1223.224609375,804.6235961914062,1245.47998046875,827.7130737304688,1234.352294921875,816.1683349609375,22.25537109375,23.0894775390625
IMG_0030.mp4,1403,46.81348014681348,29.97,251,2,traffic_signs,0.3731381595134735,1224.2210693359375,804.4290161132812,1246.54638671875,827.7074584960938,1235.3837280273438,816.0682373046875,22.3253173828125,23.2784423828125
IMG_0030.mp4,1404,46.84684684684685,29.97,251,2,traffic_signs,0.8012046813964844,1225.1781005859375,804.1282348632812,1247.4130859375,827.7897338867188,1236.2955932617188,815.958984375,22.2349853515625,23.6614990234375
IMG_0030.mp4,1405,46.88021354688021,29.97,251,2,traffic_signs,0.7970871925354004,1226.1707763671875,803.6491088867188,1248.2919921875,827.8230590820312,1237.2313842773438,815.736083984375,22.1212158203125,24.1739501953125
IMG_0030.mp4,1406,46.91358024691358,29.97,251,2,traffic_signs,0.7696129679679871,1226.9637451171875,803.2122192382812,1248.7579345703125,827.6031494140625,1237.86083984375,815.4076843261719,21.794189453125,24.39093017578125
IMG_0030.mp4,1407,46.94694694694695,29.97,251,2,traffic_signs,0.7826125025749207,1227.052734375,802.9110107421875,1248.5555419921875,827.3383178710938,1237.8041381835938,815.1246643066406,21.5028076171875,24.42730712890625
IMG_0030.mp4,1408,46.98031364698031,29.97,251,2,traffic_signs,0.7658227682113647,1228.92138671875,802.3860473632812,1249.963134765625,826.7305297851562,1239.4422607421875,814.5582885742188,21.041748046875,24.344482421875
IMG_0030.mp4,1409,47.01368034701368,29.97,251,2,traffic_signs,0.7347781658172607,1230.078125,801.9777221679688,1251.46435546875,826.6287231445312,1240.771240234375,814.30322265625,21.38623046875,24.6510009765625
IMG_0030.mp4,1410,47.04704704704705,29.97,251,2,traffic_signs,0.7453712821006775,1230.83544921875,801.5386352539062,1252.2064208984375,826.2693481445312,1241.5209350585938,813.9039916992188,21.3709716796875,24.730712890625
IMG_0030.mp4,1411,47.080413747080414,29.97,251,2,traffic_signs,0.7315818071365356,1231.7913818359375,801.2271118164062,1253.41259765625,825.8720703125,1242.6019897460938,813.5495910644531,21.6212158203125,24.64495849609375
IMG_0030.mp4,1412,47.11378044711378,29.97,251,2,traffic_signs,0.8135701417922974,1232.5966796875,801.0538940429688,1253.804931640625,825.501953125,1243.2008056640625,813.2779235839844,21.208251953125,24.44805908203125
IMG_0030.mp4,1413,47.14714714714715,29.97,251,2,traffic_signs,0.8262830376625061,1233.9373779296875,800.5482177734375,1255.11669921875,825.162841796875,1244.5270385742188,812.8555297851562,21.1793212890625,24.6146240234375
IMG_0030.mp4,1414,47.180513847180514,29.97,251,2,traffic_signs,0.8205000758171082,1235.267578125,800.2590942382812,1256.7847900390625,825.0487670898438,1246.0261840820312,812.6539306640625,21.5172119140625,24.7896728515625
IMG_0030.mp4,1415,47.21388054721388,29.97,251,2,traffic_signs,0.8217859864234924,1236.7760009765625,799.9169921875,1258.77490234375,824.6744384765625,1247.7754516601562,812.2957153320312,21.9989013671875,24.7574462890625
IMG_0030.mp4,1416,47.24724724724725,29.97,251,2,traffic_signs,0.8095382452011108,1236.8873291015625,799.521484375,1259.77978515625,824.7315063476562,1248.3335571289062,812.1264953613281,22.8924560546875,25.21002197265625
IMG_0030.mp4,1417,47.280613947280614,29.97,251,2,traffic_signs,0.8310264348983765,1237.285400390625,798.7421264648438,1260.9718017578125,824.3938598632812,1249.1286010742188,811.5679931640625,23.6864013671875,25.6517333984375
IMG_0030.mp4,1418,47.31398064731398,29.97,251,2,traffic_signs,0.8171138763427734,1241.5174560546875,799.1178588867188,1265.5498046875,825.0904541015625,1253.5336303710938,812.1041564941406,24.0323486328125,25.97259521484375
IMG_0030.mp4,1419,47.34734734734735,29.97,251,2,traffic_signs,0.8264349102973938,1239.3577880859375,798.044677734375,1263.58544921875,824.123779296875,1251.4716186523438,811.084228515625,24.2276611328125,26.0791015625
IMG_0030.mp4,1420,47.380714047380714,29.97,251,2,traffic_signs,0.8081841468811035,1238.532470703125,797.5169677734375,1262.664306640625,823.8574829101562,1250.598388671875,810.6872253417969,24.1318359375,26.34051513671875
IMG_0030.mp4,1421,47.41408074741408,29.97,251,2,traffic_signs,0.8549922704696655,1242.0123291015625,797.6253662109375,1266.8497314453125,824.2929077148438,1254.4310302734375,810.9591369628906,24.83740234375,26.66754150390625
IMG_0030.mp4,1424,47.51418084751418,29.97,254,2,traffic_signs,0.8499705791473389,1242.3720703125,795.1409912109375,1267.7669677734375,823.0465087890625,1255.0695190429688,809.09375,25.3948974609375,27.905517578125
IMG_0030.mp4,1425,47.54754754754755,29.97,254,2,traffic_signs,0.8682875037193298,1243.5623779296875,794.2996826171875,1269.6513671875,823.3025512695312,1256.6068725585938,808.8011169433594,26.0889892578125,29.00286865234375
IMG_0030.mp4,1426,47.580914247580914,29.97,254,2,traffic_signs,0.8775976896286011,1243.6287841796875,794.0144653320312,1269.711669921875,823.2896118164062,1256.6702270507812,808.6520385742188,26.0828857421875,29.275146484375
IMG_0030.mp4,1427,47.61428094761428,29.97,254,2,traffic_signs,0.8840715289115906,1243.99609375,793.0964965820312,1270.2845458984375,822.7134399414062,1257.1403198242188,807.9049682617188,26.2884521484375,29.616943359375
IMG_0030.mp4,1429,47.681014347681014,29.97,255,2,traffic_signs,0.8841395378112793,1245.8585205078125,792.170166015625,1271.4423828125,822.403076171875,1258.6504516601562,807.28662109375,25.5838623046875,30.23291015625
IMG_0030.mp4,1430,47.71438104771438,29.97,255,2,traffic_signs,0.8724037408828735,1247.435302734375,791.7059326171875,1272.7493896484375,821.9618530273438,1260.0923461914062,806.8338928222656,25.3140869140625,30.25592041015625
IMG_0030.mp4,1431,47.74774774774775,29.97,255,2,traffic_signs,0.8756875991821289,1249.0181884765625,791.5224609375,1274.224853515625,821.0880126953125,1261.6215209960938,806.3052368164062,25.2066650390625,29.5655517578125
IMG_0030.mp4,1432,47.781114447781114,29.97,255,2,traffic_signs,0.8680798411369324,1249.8123779296875,791.003662109375,1275.652587890625,820.3959350585938,1262.7324829101562,805.6997985839844,25.8402099609375,29.39227294921875
IMG_0030.mp4,1433,47.81448114781448,29.97,255,2,traffic_signs,0.8570748567581177,1251.6590576171875,790.6127319335938,1277.6790771484375,820.0531616210938,1264.6690673828125,805.3329467773438,26.02001953125,29.4404296875
IMG_0030.mp4,1434,47.84784784784785,29.97,255,2,traffic_signs,0.8605251908302307,1252.260498046875,790.3082885742188,1278.3963623046875,819.863037109375,1265.3284301757812,805.0856628417969,26.1358642578125,29.55474853515625
IMG_0030.mp4,1435,47.881214547881214,29.97,255,2,traffic_signs,0.8663365840911865,1253.173828125,789.6412963867188,1279.8162841796875,819.6091918945312,1266.4950561523438,804.625244140625,26.6424560546875,29.9678955078125
IMG_0030.mp4,1436,47.91458124791458,29.97,255,2,traffic_signs,0.877367377281189,1254.096923828125,789.0866088867188,1280.8009033203125,819.5154418945312,1267.4489135742188,804.301025390625,26.7039794921875,30.4288330078125
IMG_0030.mp4,1437,47.94794794794795,29.97,255,2,traffic_signs,0.8694369196891785,1255.2694091796875,788.4291381835938,1282.2529296875,819.4227905273438,1268.7611694335938,803.9259643554688,26.9835205078125,30.99365234375
IMG_0030.mp4,1438,47.981314647981314,29.97,255,2,traffic_signs,0.879272997379303,1257.4051513671875,788.0877685546875,1284.7625732421875,819.3121948242188,1271.0838623046875,803.6999816894531,27.357421875,31.22442626953125
IMG_0030.mp4,1439,48.01468134801468,29.97,255,2,traffic_signs,0.9016574621200562,1257.86328125,787.7426147460938,1285.5697021484375,818.9584350585938,1271.7164916992188,803.3505249023438,27.7064208984375,31.2158203125
IMG_0030.mp4,1439,48.01468134801468,29.97,254,2,traffic_signs,0.7300888299942017,1257.6334228515625,788.2230834960938,1285.9583740234375,819.2823486328125,1271.7958984375,803.7527160644531,28.324951171875,31.05926513671875
IMG_0030.mp4,1440,48.04804804804805,29.97,255,2,traffic_signs,0.8924247622489929,1258.796142578125,787.7562866210938,1286.7720947265625,818.534423828125,1272.7841186523438,803.1453552246094,27.9759521484375,30.77813720703125
IMG_0030.mp4,1441,48.081414748081414,29.97,254,2,traffic_signs,0.9051917195320129,1259.423828125,787.3773803710938,1287.8843994140625,818.3190307617188,1273.6541137695312,802.8482055664062,28.4605712890625,30.941650390625
IMG_0030.mp4,1442,48.11478144811478,29.97,254,2,traffic_signs,0.902972400188446,1260.716796875,786.8734130859375,1289.415771484375,818.1058959960938,1275.0662841796875,802.4896545410156,28.698974609375,31.23248291015625
IMG_0030.mp4,1443,48.14814814814815,29.97,254,2,traffic_signs,0.9028022885322571,1262.7467041015625,785.90234375,1292.5496826171875,817.8890991210938,1277.648193359375,801.8957214355469,29.802978515625,31.98675537109375
IMG_0030.mp4,1444,48.181514848181514,29.97,254,2,traffic_signs,0.8958262801170349,1264.200439453125,785.0380249023438,1294.5322265625,816.95263671875,1279.3663330078125,800.9953308105469,30.331787109375,31.91461181640625
IMG_0030.mp4,1445,48.21488154821488,29.97,254,2,traffic_signs,0.8888174891471863,1265.395263671875,784.4985961914062,1295.56591796875,816.8076782226562,1280.4805908203125,800.6531372070312,30.170654296875,32.30908203125
IMG_0030.mp4,1446,48.24824824824825,29.97,254,2,traffic_signs,0.8836155533790588,1266.52392578125,784.0020751953125,1296.4853515625,816.6181030273438,1281.504638671875,800.3100891113281,29.96142578125,32.61602783203125
IMG_0030.mp4,1447,48.281614948281614,29.97,254,2,traffic_signs,0.8846137523651123,1272.2176513671875,783.3554077148438,1302.3199462890625,816.4523315429688,1287.268798828125,799.9038696289062,30.102294921875,33.096923828125
IMG_0030.mp4,1448,48.31498164831498,29.97,254,2,traffic_signs,0.8968431353569031,1270.350341796875,782.4395141601562,1300.3184814453125,815.669921875,1285.3344116210938,799.0547180175781,29.9681396484375,33.23040771484375
IMG_0030.mp4,1449,48.34834834834835,29.97,254,2,traffic_signs,0.9068270325660706,1270.7197265625,782.2969360351562,1300.2708740234375,815.2930908203125,1285.4953002929688,798.7950134277344,29.5511474609375,32.99615478515625
IMG_0030.mp4,1450,48.381715048381714,29.97,254,2,traffic_signs,0.900841474533081,1272.522705078125,781.3322143554688,1303.0672607421875,814.7391967773438,1287.7949829101562,798.0357055664062,30.5445556640625,33.406982421875
IMG_0030.mp4,1451,48.41508174841508,29.97,254,2,traffic_signs,0.8981983661651611,1273.0244140625,780.4619750976562,1304.457763671875,814.5125122070312,1288.7410888671875,797.4872436523438,31.433349609375,34.050537109375
IMG_0030.mp4,1452,48.44844844844845,29.97,254,2,traffic_signs,0.8927813768386841,1280.116943359375,777.8594970703125,1312.0504150390625,812.1486206054688,1296.0836791992188,795.0040588378906,31.9334716796875,34.28912353515625
IMG_0030.mp4,1453,48.481815148481815,29.97,254,2,traffic_signs,0.8868993520736694,1278.184814453125,778.4390258789062,1310.2254638671875,812.8623657226562,1294.2051391601562,795.6506958007812,32.0406494140625,34.42333984375
IMG_0030.mp4,1453,48.481815148481815,29.97,260,2,traffic_signs,0.5156201124191284,1040.275634765625,800.8853149414062,1054.4107666015625,817.157958984375,1047.3432006835938,809.0216369628906,14.1351318359375,16.27264404296875
IMG_0030.mp4,1454,48.515181848515184,29.97,254,2,traffic_signs,0.893800675868988,1278.6895751953125,777.8126220703125,1310.8653564453125,812.4597778320312,1294.7774658203125,795.1361999511719,32.17578125,34.64715576171875
IMG_0030.mp4,1454,48.515181848515184,29.97,260,2,traffic_signs,0.47287821769714355,1040.316650390625,800.5607299804688,1054.3543701171875,817.0673217773438,1047.3355102539062,808.8140258789062,14.0377197265625,16.506591796875
IMG_0030.mp4,1455,48.54854854854855,29.97,254,2,traffic_signs,0.8847732543945312,1278.370849609375,776.7319946289062,1310.6600341796875,812.1885375976562,1294.5154418945312,794.4602661132812,32.2891845703125,35.45654296875
IMG_0030.mp4,1456,48.581915248581915,29.97,254,2,traffic_signs,0.8957780003547668,1278.5728759765625,777.1558837890625,1310.5189208984375,812.5979614257812,1294.5458984375,794.8769226074219,31.946044921875,35.44207763671875
IMG_0030.mp4,1456,48.581915248581915,29.97,261,2,traffic_signs,0.38545337319374084,1040.5001220703125,801.0418701171875,1054.38525390625,817.4178466796875,1047.4426879882812,809.2298583984375,13.8851318359375,16.3759765625
IMG_0030.mp4,1457,48.615281948615284,29.97,254,2,traffic_signs,0.8950536847114563,1279.9317626953125,776.6914672851562,1312.35693359375,812.1815185546875,1296.1443481445312,794.4364929199219,32.4251708984375,35.49005126953125
IMG_0030.mp4,1457,48.615281948615284,29.97,261,2,traffic_signs,0.2937442660331726,1040.8348388671875,801.0517578125,1054.0531005859375,817.2532958984375,1047.4439697265625,809.1525268554688,13.21826171875,16.2015380859375
IMG_0030.mp4,1458,48.64864864864865,29.97,254,2,traffic_signs,0.8926752805709839,1281.28125,775.6963500976562,1314.16064453125,811.48974609375,1297.720947265625,793.5930480957031,32.87939453125,35.79339599609375
IMG_0030.mp4,1459,48.682015348682015,29.97,254,2,traffic_signs,0.9043734073638916,1283.6123046875,774.741455078125,1316.8929443359375,810.8723754882812,1300.2526245117188,792.8069152832031,33.2806396484375,36.13092041015625
IMG_0030.mp4,1460,48.715382048715384,29.97,254,2,traffic_signs,0.9260618090629578,1285.820068359375,773.6300659179688,1320.42333984375,809.9802856445312,1303.1217041015625,791.80517578125,34.603271484375,36.3502197265625
IMG_0030.mp4,1461,48.74874874874875,29.97,254,2,traffic_signs,0.8969933390617371,1287.88525390625,773.102294921875,1323.320068359375,809.5953369140625,1305.6026611328125,791.3488159179688,35.434814453125,36.4930419921875
IMG_0030.mp4,1462,48.782115448782115,29.97,254,2,traffic_signs,0.9171662330627441,1289.35009765625,771.954833984375,1325.090087890625,808.8953857421875,1307.2200927734375,790.4251098632812,35.739990234375,36.9405517578125
IMG_0030.mp4,1463,48.815482148815484,29.97,254,2,traffic_signs,0.9067999720573425,1291.993896484375,771.2023315429688,1327.6556396484375,808.3836669921875,1309.8247680664062,789.7929992675781,35.6617431640625,37.18133544921875
IMG_0030.mp4,1464,48.84884884884885,29.97,254,2,traffic_signs,0.9049770832061768,1293.8681640625,769.6942749023438,1329.59033203125,807.487548828125,1311.729248046875,788.5909118652344,35.72216796875,37.79327392578125
IMG_0030.mp4,1465,48.882215548882215,29.97,254,2,traffic_signs,0.8893957138061523,1296.5667724609375,768.2733154296875,1332.67578125,806.7454223632812,1314.6212768554688,787.5093688964844,36.1090087890625,38.47210693359375
IMG_0030.mp4,1466,48.915582248915584,29.97,254,2,traffic_signs,0.8539697527885437,1298.94189453125,767.2634887695312,1335.463623046875,805.991943359375,1317.2027587890625,786.6277160644531,36.521728515625,38.72845458984375
IMG_0030.mp4,1467,48.94894894894895,29.97,254,2,traffic_signs,0.9171256422996521,1301.543212890625,766.2853393554688,1337.8541259765625,805.3855590820312,1319.6986694335938,785.83544921875,36.3109130859375,39.1002197265625
IMG_0030.mp4,1468,48.982315648982315,29.97,254,2,traffic_signs,0.9188807010650635,1303.681884765625,764.5001220703125,1340.3564453125,804.7774658203125,1322.0191650390625,784.6387939453125,36.674560546875,40.27734375
IMG_0030.mp4,1469,49.015682349015684,29.97,254,2,traffic_signs,0.9200828671455383,1305.4627685546875,763.1058349609375,1342.970703125,803.9530639648438,1324.2167358398438,783.5294494628906,37.5079345703125,40.84722900390625
IMG_0030.mp4,1470,49.04904904904905,29.97,254,2,traffic_signs,0.9178121089935303,1307.7640380859375,762.351806640625,1346.0159912109375,803.08251953125,1326.8900146484375,782.7171630859375,38.251953125,40.730712890625
IMG_0030.mp4,1471,49.082415749082415,29.97,254,2,traffic_signs,0.9116825461387634,1309.71337890625,761.2273559570312,1348.7667236328125,802.3422241210938,1329.2400512695312,781.7847900390625,39.0533447265625,41.1148681640625
IMG_0030.mp4,1472,49.115782449115784,29.97,254,2,traffic_signs,0.902076780796051,1313.066650390625,760.4613037109375,1352.1534423828125,801.67724609375,1332.6100463867188,781.0692749023438,39.0867919921875,41.2159423828125
IMG_0030.mp4,1473,49.14914914914915,29.97,254,2,traffic_signs,0.9026472568511963,1315.4676513671875,759.4349365234375,1354.3487548828125,800.752685546875,1334.908203125,780.0938110351562,38.881103515625,41.3177490234375
IMG_0030.mp4,1473,49.14914914914915,29.97,263,2,traffic_signs,0.5963039398193359,1467.7320556640625,919.685546875,1589.816650390625,959.48779296875,1528.7743530273438,939.586669921875,122.0845947265625,39.80224609375
IMG_0030.mp4,1474,49.182515849182515,29.97,254,2,traffic_signs,0.9056328535079956,1317.6712646484375,758.5776977539062,1358.1943359375,800.6007690429688,1337.9328002929688,779.5892333984375,40.5230712890625,42.0230712890625
IMG_0030.mp4,1474,49.182515849182515,29.97,263,2,traffic_signs,0.6733381152153015,1481.3419189453125,923.8436279296875,1609.656005859375,964.3773193359375,1545.4989624023438,944.1104736328125,128.3140869140625,40.53369140625
IMG_0030.mp4,1475,49.215882549215884,29.97,254,2,traffic_signs,0.9171440005302429,1319.8702392578125,757.1162109375,1361.427978515625,799.9458618164062,1340.6491088867188,778.5310363769531,41.5577392578125,42.82965087890625
IMG_0030.mp4,1475,49.215882549215884,29.97,263,2,traffic_signs,0.5583059191703796,1495.799072265625,926.4645385742188,1635.6923828125,970.6258544921875,1565.7457275390625,948.5451965332031,139.893310546875,44.16131591796875
IMG_0030.mp4,1476,49.24924924924925,29.97,254,2,traffic_signs,0.9169812798500061,1322.567138671875,755.5879516601562,1364.8262939453125,798.475341796875,1343.6967163085938,777.0316467285156,42.2591552734375,42.88739013671875
IMG_0030.mp4,1476,49.24924924924925,29.97,263,2,traffic_signs,0.4221762418746948,1512.59765625,929.8027954101562,1663.65185546875,976.6826782226562,1588.124755859375,953.2427368164062,151.05419921875,46.8798828125
IMG_0030.mp4,1476,49.24924924924925,29.97,266,2,traffic_signs,0.6150131225585938,1230.6866455078125,824.2155151367188,1247.8314208984375,848.4298095703125,1239.259033203125,836.3226623535156,17.144775390625,24.21429443359375
IMG_0030.mp4,1477,49.282615949282615,29.97,254,2,traffic_signs,0.8966394662857056,1325.75,753.7584838867188,1368.281005859375,797.6571655273438,1347.0155029296875,775.7078247070312,42.531005859375,43.898681640625
IMG_0030.mp4,1477,49.282615949282615,29.97,263,2,traffic_signs,0.5629129409790039,1529.6546630859375,933.061279296875,1692.50048828125,983.6370239257812,1611.0775756835938,958.3491516113281,162.8458251953125,50.57574462890625
IMG_0030.mp4,1477,49.282615949282615,29.97,266,2,traffic_signs,0.6493710875511169,1231.4969482421875,823.6319580078125,1248.5919189453125,848.4498291015625,1240.04443359375,836.0408935546875,17.094970703125,24.81787109375
IMG_0030.mp4,1478,49.315982649315984,29.97,254,2,traffic_signs,0.8922485113143921,1329.0780029296875,752.79638671875,1372.0078125,797.31396484375,1350.5429077148438,775.05517578125,42.9298095703125,44.517578125
IMG_0030.mp4,1478,49.315982649315984,29.97,263,2,traffic_signs,0.6969826817512512,1547.3594970703125,936.3595581054688,1721.9241943359375,989.7117919921875,1634.641845703125,963.0356750488281,174.564697265625,53.35223388671875
IMG_0030.mp4,1478,49.315982649315984,29.97,266,2,traffic_signs,0.5672491788864136,1233.0693359375,823.2962036132812,1249.700927734375,848.6673583984375,1241.3851318359375,835.9817810058594,16.631591796875,25.37115478515625
IMG_0030.mp4,1479,49.34934934934935,29.97,254,2,traffic_signs,0.8944774270057678,1331.5653076171875,750.9536743164062,1375.805419921875,796.6094970703125,1353.6853637695312,773.7815856933594,44.2401123046875,45.65582275390625
IMG_0030.mp4,1479,49.34934934934935,29.97,263,2,traffic_signs,0.7940701842308044,1569.419921875,939.5712890625,1755.8431396484375,996.3473510742188,1662.6315307617188,967.9593200683594,186.4232177734375,56.77606201171875
IMG_0030.mp4,1479,49.34934934934935,29.97,266,2,traffic_signs,0.49607381224632263,1234.2003173828125,822.541259765625,1250.48193359375,848.2791748046875,1242.3411254882812,835.4102172851562,16.2816162109375,25.7379150390625
IMG_0030.mp4,1479,49.34934934934935,29.97,268,2,traffic_signs,0.8728675246238708,754.1879272460938,725.0433349609375,772.8845825195312,764.551025390625,763.5362548828125,744.7971801757812,18.6966552734375,39.5076904296875
IMG_0030.mp4,1480,49.382716049382715,29.97,254,2,traffic_signs,0.9204232692718506,1334.26806640625,749.1073608398438,1378.7708740234375,795.9807739257812,1356.5194702148438,772.5440673828125,44.5028076171875,46.8734130859375
IMG_0030.mp4,1480,49.382716049382715,29.97,263,2,traffic_signs,0.7418283820152283,1591.87841796875,942.8365478515625,1794.7930908203125,1005.4425048828125,1693.3357543945312,974.1395263671875,202.9146728515625,62.60595703125
IMG_0030.mp4,1480,49.382716049382715,29.97,266,2,traffic_signs,0.5560085773468018,1234.6239013671875,821.9880981445312,1250.587158203125,848.2471923828125,1242.6055297851562,835.1176452636719,15.9632568359375,26.25909423828125
IMG_0030.mp4,1480,49.382716049382715,29.97,268,2,traffic_signs,0.8028616905212402,749.146728515625,722.493896484375,768.7063598632812,763.0626831054688,758.9265441894531,742.7782897949219,19.55963134765625,40.56878662109375
IMG_0030.mp4,1481,49.416082749416084,29.97,254,2,traffic_signs,0.9072265028953552,1337.757080078125,747.4234619140625,1382.4876708984375,794.9299926757812,1360.1223754882812,771.1767272949219,44.7305908203125,47.50653076171875
IMG_0030.mp4,1481,49.416082749416084,29.97,266,2,traffic_signs,0.5389986038208008,1235.325927734375,821.3638305664062,1251.5440673828125,847.7550659179688,1243.4349975585938,834.5594482421875,16.2181396484375,26.3912353515625
IMG_0030.mp4,1481,49.416082749416084,29.97,268,2,traffic_signs,0.8292441964149475,744.6433715820312,720.8458862304688,764.2757568359375,760.902587890625,754.4595642089844,740.8742370605469,19.63238525390625,40.05670166015625
IMG_0030.mp4,1482,49.44944944944945,29.97,254,2,traffic_signs,0.9063409566879272,1340.057373046875,745.3511962890625,1386.80078125,793.9751586914062,1363.4290771484375,769.6631774902344,46.743408203125,48.62396240234375
IMG_0030.mp4,1482,49.44944944944945,29.97,266,2,traffic_signs,0.6557092070579529,1235.8896484375,820.7523193359375,1251.91748046875,847.1090087890625,1243.903564453125,833.9306640625,16.02783203125,26.356689453125
IMG_0030.mp4,1482,49.44944944944945,29.97,268,2,traffic_signs,0.8684231638908386,739.7862548828125,720.2428588867188,759.795166015625,759.4297485351562,749.7907104492188,739.8363037109375,20.0089111328125,39.1868896484375
IMG_0030.mp4,1483,49.482816149482815,29.97,254,2,traffic_signs,0.9192491173744202,1342.7032470703125,744.0518798828125,1389.6778564453125,793.0564575195312,1366.1905517578125,768.5541687011719,46.974609375,49.00457763671875
IMG_0030.mp4,1483,49.482816149482815,29.97,266,2,traffic_signs,0.7360531687736511,1236.3790283203125,820.7034301757812,1252.6190185546875,846.893310546875,1244.4990234375,833.7983703613281,16.239990234375,26.18988037109375
IMG_0030.mp4,1483,49.482816149482815,29.97,268,2,traffic_signs,0.8726440668106079,735.061767578125,717.8019409179688,755.1627807617188,757.9189453125,745.1122741699219,737.8604431152344,20.10101318359375,40.11700439453125
IMG_0030.mp4,1484,49.516182849516184,29.97,254,2,traffic_signs,0.8772223591804504,1346.1507568359375,741.79345703125,1393.212890625,791.095458984375,1369.6818237304688,766.4444580078125,47.0621337890625,49.302001953125
IMG_0030.mp4,1484,49.516182849516184,29.97,266,2,traffic_signs,0.7782782912254333,1236.6746826171875,819.964599609375,1253.58740234375,846.7525634765625,1245.1310424804688,833.3585815429688,16.9127197265625,26.7879638671875
IMG_0030.mp4,1484,49.516182849516184,29.97,268,2,traffic_signs,0.7989870309829712,729.0288696289062,715.160400390625,749.8165283203125,756.1474609375,739.4226989746094,735.6539306640625,20.78765869140625,40.987060546875
IMG_0030.mp4,1485,49.54954954954955,29.97,254,2,traffic_signs,0.9030474424362183,1349.3489990234375,740.0217895507812,1396.886474609375,789.8761596679688,1373.1177368164062,764.948974609375,47.5374755859375,49.8543701171875
IMG_0030.mp4,1485,49.54954954954955,29.97,266,2,traffic_signs,0.8037358522415161,1237.1295166015625,819.4937744140625,1254.34619140625,846.5225830078125,1245.7378540039062,833.0081787109375,17.2166748046875,27.02880859375
IMG_0030.mp4,1485,49.54954954954955,29.97,268,2,traffic_signs,0.6973521709442139,722.4060668945312,711.9132080078125,744.7648315429688,754.3613891601562,733.58544921875,733.1372985839844,22.3587646484375,42.44818115234375
IMG_0030.mp4,1485,49.54954954954955,29.97,269,2,traffic_signs,0.5541314482688904,1764.7637939453125,977.4880981445312,1920.0,1078.7962646484375,1842.3818969726562,1028.1421813964844,155.2362060546875,101.30816650390625
IMG_0030.mp4,1486,49.582916249582915,29.97,254,2,traffic_signs,0.9092366099357605,1352.6922607421875,738.4358520507812,1400.81103515625,789.0421142578125,1376.7516479492188,763.7389831542969,48.1187744140625,50.60626220703125
IMG_0030.mp4,1486,49.582916249582915,29.97,266,2,traffic_signs,0.7099103927612305,1237.8831787109375,819.4254760742188,1255.5777587890625,846.4171752929688,1246.73046875,832.9213256835938,17.694580078125,26.99169921875
IMG_0030.mp4,1486,49.582916249582915,29.97,268,2,traffic_signs,0.8273023962974548,717.9143676757812,709.254638671875,739.8035888671875,753.0785522460938,728.8589782714844,731.1665954589844,21.88922119140625,43.82391357421875
IMG_0030.mp4,1487,49.616282949616284,29.97,254,2,traffic_signs,0.8928341269493103,1355.460693359375,736.9650268554688,1404.15673828125,787.5792846679688,1379.8087158203125,762.2721557617188,48.696044921875,50.6142578125
IMG_0030.mp4,1487,49.616282949616284,29.97,266,2,traffic_signs,0.3904750347137451,1238.5130615234375,819.7647705078125,1256.4000244140625,846.1887817382812,1247.45654296875,832.9767761230469,17.886962890625,26.42401123046875
IMG_0030.mp4,1487,49.616282949616284,29.97,268,2,traffic_signs,0.8425258994102478,712.84619140625,707.2388916015625,735.2706298828125,751.4823608398438,724.0584106445312,729.3606262207031,22.4244384765625,44.24346923828125
IMG_0030.mp4,1488,49.64964964964965,29.97,254,2,traffic_signs,0.9114431142807007,1359.1632080078125,734.9498291015625,1408.2288818359375,787.04150390625,1383.696044921875,760.9956665039062,49.065673828125,52.0916748046875
IMG_0030.mp4,1488,49.64964964964965,29.97,266,2,traffic_signs,0.7137890458106995,1239.359619140625,819.709716796875,1257.445556640625,846.4228515625,1248.402587890625,833.0662841796875,18.0859375,26.713134765625
IMG_0030.mp4,1488,49.64964964964965,29.97,268,2,traffic_signs,0.8077112436294556,707.922119140625,705.414306640625,730.0602416992188,749.9322509765625,718.9911804199219,727.6732788085938,22.13812255859375,44.5179443359375
IMG_0030.mp4,1489,49.683016349683015,29.97,254,2,traffic_signs,0.9035765528678894,1363.16552734375,732.70263671875,1412.9703369140625,786.4390869140625,1388.0679321289062,759.5708618164062,49.8048095703125,53.7364501953125
IMG_0030.mp4,1489,49.683016349683015,29.97,266,2,traffic_signs,0.6986379623413086,1240.9962158203125,819.6674194335938,1259.333984375,846.57958984375,1250.1651000976562,833.1235046386719,18.3377685546875,26.91217041015625
IMG_0030.mp4,1489,49.683016349683015,29.97,268,2,traffic_signs,0.834571123123169,702.3165283203125,703.39794921875,724.9618530273438,747.64599609375,713.6391906738281,725.52197265625,22.64532470703125,44.248046875
IMG_0030.mp4,1490,49.716383049716384,29.97,254,2,traffic_signs,0.9023686051368713,1366.052734375,730.5695190429688,1416.236328125,784.914794921875,1391.14453125,757.7421569824219,50.18359375,54.34527587890625
IMG_0030.mp4,1490,49.716383049716384,29.97,266,2,traffic_signs,0.7477564811706543,1241.8309326171875,819.2998657226562,1260.2001953125,846.7821044921875,1251.0155639648438,833.0409851074219,18.3692626953125,27.48223876953125
IMG_0030.mp4,1490,49.716383049716384,29.97,268,2,traffic_signs,0.9005205035209656,695.5782470703125,701.86376953125,719.5919189453125,746.2055053710938,707.5850830078125,724.0346374511719,24.013671875,44.34173583984375
IMG_0030.mp4,1491,49.74974974974975,29.97,254,2,traffic_signs,0.9114067554473877,1370.6376953125,728.15771484375,1421.1390380859375,783.8724975585938,1395.8883666992188,756.0151062011719,50.5013427734375,55.71478271484375
IMG_0030.mp4,1491,49.74974974974975,29.97,266,2,traffic_signs,0.7303724884986877,1243.3759765625,819.150390625,1261.1260986328125,846.4111938476562,1252.2510375976562,832.7807922363281,17.7501220703125,27.26080322265625
IMG_0030.mp4,1491,49.74974974974975,29.97,268,2,traffic_signs,0.9191217422485352,689.4503173828125,698.817626953125,714.0918579101562,744.43212890625,701.7710876464844,721.6248779296875,24.64154052734375,45.614501953125
IMG_0030.mp4,1492,49.783116449783115,29.97,254,2,traffic_signs,0.9195670485496521,1374.014404296875,726.8419189453125,1426.8458251953125,782.1068115234375,1400.4301147460938,754.474365234375,52.8314208984375,55.264892578125
IMG_0030.mp4,1492,49.783116449783115,29.97,266,2,traffic_signs,0.6232331395149231,1244.0687255859375,818.828125,1261.58447265625,846.2276611328125,1252.8265991210938,832.5278930664062,17.5157470703125,27.3995361328125
IMG_0030.mp4,1492,49.783116449783115,29.97,268,2,traffic_signs,0.9246013164520264,682.0496215820312,696.5559692382812,708.4285888671875,743.01513671875,695.2391052246094,719.7855529785156,26.37896728515625,46.45916748046875
IMG_0030.mp4,1493,49.816483149816484,29.97,254,2,traffic_signs,0.9181146621704102,1378.5054931640625,725.0635986328125,1431.189208984375,780.8832397460938,1404.8473510742188,752.9734191894531,52.6837158203125,55.81964111328125
IMG_0030.mp4,1493,49.816483149816484,29.97,266,2,traffic_signs,0.5659646391868591,1244.747802734375,818.6019897460938,1262.683837890625,846.5075073242188,1253.7158203125,832.5547485351562,17.93603515625,27.905517578125
IMG_0030.mp4,1493,49.816483149816484,29.97,268,2,traffic_signs,0.9233087301254272,674.740966796875,695.0423583984375,701.2427978515625,741.8458862304688,687.9918823242188,718.4441223144531,26.5018310546875,46.80352783203125
IMG_0030.mp4,1494,49.84984984984985,29.97,254,2,traffic_signs,0.9130669236183167,1382.749755859375,722.8677978515625,1436.562744140625,779.5187377929688,1409.65625,751.1932678222656,53.81298828125,56.65093994140625
IMG_0030.mp4,1494,49.84984984984985,29.97,266,2,traffic_signs,0.5428566336631775,1245.68017578125,818.5770263671875,1263.3040771484375,846.4857788085938,1254.4921264648438,832.5314025878906,17.6239013671875,27.90875244140625
IMG_0030.mp4,1494,49.84984984984985,29.97,268,2,traffic_signs,0.9108865857124329,668.2986450195312,692.825439453125,695.0466918945312,740.1885375976562,681.6726684570312,716.5069885253906,26.748046875,47.36309814453125
IMG_0030.mp4,1495,49.883216549883215,29.97,254,2,traffic_signs,0.9216786026954651,1386.858154296875,720.1141357421875,1440.9072265625,777.8947143554688,1413.8826904296875,749.0044250488281,54.049072265625,57.78057861328125
IMG_0030.mp4,1495,49.883216549883215,29.97,266,2,traffic_signs,0.6545228362083435,1246.4661865234375,818.3627319335938,1263.89697265625,846.17041015625,1255.1815795898438,832.2665710449219,17.4307861328125,27.80767822265625
IMG_0030.mp4,1495,49.883216549883215,29.97,268,2,traffic_signs,0.9093816876411438,661.4942016601562,690.6297607421875,688.1131591796875,737.528076171875,674.8036804199219,714.0789184570312,26.61895751953125,46.8983154296875
IMG_0030.mp4,1496,49.916583249916584,29.97,254,2,traffic_signs,0.9237735271453857,1390.838134765625,717.6310424804688,1446.894287109375,776.71923828125,1418.8662109375,747.1751403808594,56.05615234375,59.08819580078125
IMG_0030.mp4,1496,49.916583249916584,29.97,266,2,traffic_signs,0.7440928816795349,1247.44287109375,818.484619140625,1264.828125,846.3262329101562,1256.135498046875,832.4054260253906,17.38525390625,27.84161376953125
IMG_0030.mp4,1496,49.916583249916584,29.97,268,2,traffic_signs,0.9252256155014038,654.1061401367188,688.908203125,681.9633178710938,735.7394409179688,668.0347290039062,712.3238220214844,27.857177734375,46.83123779296875
IMG_0030.mp4,1496,49.916583249916584,29.97,272,2,traffic_signs,0.5349071621894836,640.6881713867188,852.7102661132812,766.8894653320312,892.8406372070312,703.788818359375,872.7754516601562,126.2012939453125,40.13037109375
IMG_0030.mp4,1497,49.94994994994995,29.97,254,2,traffic_signs,0.9130764007568359,1395.4736328125,715.5684814453125,1452.25341796875,774.8692626953125,1423.863525390625,745.2188720703125,56.77978515625,59.30078125
IMG_0030.mp4,1497,49.94994994994995,29.97,266,2,traffic_signs,0.7811785936355591,1247.819091796875,818.1088256835938,1264.94287109375,846.085693359375,1256.3809814453125,832.0972595214844,17.123779296875,27.97686767578125
IMG_0030.mp4,1497,49.94994994994995,29.97,268,2,traffic_signs,0.9089867472648621,646.3963623046875,685.878662109375,674.1359252929688,735.01513671875,660.2661437988281,710.4468994140625,27.73956298828125,49.136474609375
IMG_0030.mp4,1497,49.94994994994995,29.97,272,2,traffic_signs,0.705630898475647,615.4337768554688,852.463623046875,750.7982177734375,894.1343383789062,683.1159973144531,873.2989807128906,135.36444091796875,41.67071533203125
IMG_0030.mp4,1498,49.983316649983315,29.97,254,2,traffic_signs,0.8948426246643066,1400.764404296875,712.5081787109375,1458.85986328125,773.8670654296875,1429.8121337890625,743.1876220703125,58.095458984375,61.35888671875
IMG_0030.mp4,1498,49.983316649983315,29.97,266,2,traffic_signs,0.803514301776886,1249.051513671875,817.7929077148438,1266.1119384765625,845.90478515625,1257.5817260742188,831.8488464355469,17.0604248046875,28.11187744140625
IMG_0030.mp4,1498,49.983316649983315,29.97,268,2,traffic_signs,0.8165899515151978,639.017578125,683.2354125976562,667.6248168945312,731.3311157226562,653.3211975097656,707.2832641601562,28.60723876953125,48.095703125
IMG_0030.mp4,1499,50.016683350016685,29.97,254,2,traffic_signs,0.9053652882575989,1404.927734375,709.1100463867188,1465.1065673828125,770.8983764648438,1435.0171508789062,740.0042114257812,60.1788330078125,61.788330078125
IMG_0030.mp4,1499,50.016683350016685,29.97,266,2,traffic_signs,0.7877686619758606,1249.693603515625,817.7509765625,1266.62158203125,845.6604614257812,1258.1575927734375,831.7057189941406,16.927978515625,27.90948486328125
IMG_0030.mp4,1499,50.016683350016685,29.97,268,2,traffic_signs,0.854777991771698,631.0340576171875,680.8241577148438,660.2615966796875,729.4931030273438,645.6478271484375,705.1586303710938,29.2275390625,48.6689453125
IMG_0030.mp4,1499,50.016683350016685,29.97,272,2,traffic_signs,0.6987369060516357,551.7483520507812,851.15234375,705.2393188476562,897.6525268554688,628.4938354492188,874.4024353027344,153.490966796875,46.50018310546875
IMG_0030.mp4,1500,50.050050050050054,29.97,254,2,traffic_signs,0.8468524813652039,1410.2552490234375,705.8380737304688,1470.4813232421875,769.6444702148438,1440.3682861328125,737.7412719726562,60.22607421875,63.806396484375
IMG_0030.mp4,1500,50.050050050050054,29.97,266,2,traffic_signs,0.7662041187286377,1250.3944091796875,817.5252685546875,1267.5606689453125,845.6112060546875,1258.9775390625,831.5682373046875,17.166259765625,28.0859375
IMG_0030.mp4,1500,50.050050050050054,29.97,268,2,traffic_signs,0.4465991258621216,622.2434692382812,677.497802734375,652.7359008789062,727.9818115234375,637.4896850585938,702.7398071289062,30.492431640625,50.4840087890625
IMG_0030.mp4,1500,50.050050050050054,29.97,272,2,traffic_signs,0.2970524728298187,516.5119018554688,850.3905639648438,680.7247314453125,899.8150024414062,598.6183166503906,875.102783203125,164.21282958984375,49.4244384765625
IMG_0030.mp4,1501,50.083416750083416,29.97,254,2,traffic_signs,0.7666612863540649,1414.5755615234375,702.69189453125,1477.2598876953125,767.1372680664062,1445.917724609375,734.9145812988281,62.684326171875,64.44537353515625
IMG_0030.mp4,1501,50.083416750083416,29.97,266,2,traffic_signs,0.7694863080978394,1250.7081298828125,816.7787475585938,1267.7391357421875,845.182861328125,1259.2236328125,830.9808044433594,17.031005859375,28.40411376953125
IMG_0030.mp4,1501,50.083416750083416,29.97,268,2,traffic_signs,0.8885486125946045,611.1187133789062,673.214111328125,642.4459228515625,724.8564453125,626.7823181152344,699.0352783203125,31.32720947265625,51.642333984375
IMG_0030.mp4,1502,50.116783450116785,29.97,254,2,traffic_signs,0.8279786109924316,1421.280029296875,699.6243896484375,1484.46533203125,765.4660034179688,1452.8726806640625,732.5451965332031,63.185302734375,65.84161376953125
IMG_0030.mp4,1502,50.116783450116785,29.97,266,2,traffic_signs,0.5784258246421814,1252.6236572265625,817.343505859375,1269.5245361328125,845.4328002929688,1261.0740966796875,831.3881530761719,16.90087890625,28.08929443359375
IMG_0030.mp4,1502,50.116783450116785,29.97,268,2,traffic_signs,0.8664625883102417,602.5608520507812,669.57568359375,635.2247924804688,724.2095336914062,618.892822265625,696.8926086425781,32.6639404296875,54.63385009765625
IMG_0030.mp4,1502,50.116783450116785,29.97,273,2,traffic_signs,0.6141284704208374,1421.589111328125,699.1842651367188,1483.7198486328125,765.4591674804688,1452.6544799804688,732.3217163085938,62.1307373046875,66.27490234375
IMG_0030.mp4,1502,50.116783450116785,29.97,272,2,traffic_signs,0.360105037689209,428.6595764160156,849.1420288085938,621.3095092773438,905.3240966796875,524.9845428466797,877.2330627441406,192.64993286132812,56.18206787109375
IMG_0030.mp4,1503,50.150150150150154,29.97,254,2,traffic_signs,0.5740806460380554,1426.3289794921875,696.12255859375,1490.5970458984375,763.390380859375,1458.4630126953125,729.7564697265625,64.26806640625,67.267822265625
IMG_0030.mp4,1503,50.150150150150154,29.97,266,2,traffic_signs,0.6597304344177246,1253.6259765625,817.680419921875,1270.2327880859375,844.890380859375,1261.9293823242188,831.285400390625,16.6068115234375,27.2099609375
IMG_0030.mp4,1503,50.150150150150154,29.97,268,2,traffic_signs,0.8924381732940674,593.5438232421875,665.5407104492188,628.2316284179688,722.7581176757812,610.8877258300781,694.1494140625,34.68780517578125,57.2174072265625
IMG_0030.mp4,1503,50.150150150150154,29.97,273,2,traffic_signs,0.43075698614120483,1426.3623046875,696.4064331054688,1489.6754150390625,763.7215576171875,1458.0188598632812,730.0639953613281,63.3131103515625,67.31512451171875
IMG_0030.mp4,1504,50.183516850183516,29.97,254,2,traffic_signs,0.9152086973190308,1432.17626953125,692.0494384765625,1498.4266357421875,761.53369140625,1465.3014526367188,726.7915649414062,66.2503662109375,69.4842529296875
IMG_0030.mp4,1504,50.183516850183516,29.97,266,2,traffic_signs,0.5534352660179138,1254.267822265625,817.7450561523438,1271.0242919921875,844.9163208007812,1262.6460571289062,831.3306884765625,16.7564697265625,27.1712646484375
IMG_0030.mp4,1504,50.183516850183516,29.97,268,2,traffic_signs,0.7240884304046631,583.0267944335938,662.5975341796875,619.318359375,721.093017578125,601.1725769042969,691.8452758789062,36.29156494140625,58.4954833984375
IMG_0030.mp4,1505,50.216883550216885,29.97,254,2,traffic_signs,0.8929784297943115,1437.914794921875,688.715576171875,1506.56103515625,759.3887939453125,1472.2379150390625,724.0521850585938,68.646240234375,70.6732177734375
IMG_0030.mp4,1505,50.216883550216885,29.97,266,2,traffic_signs,0.6351550221443176,1254.966796875,817.4412231445312,1272.080322265625,845.3009033203125,1263.5235595703125,831.3710632324219,17.113525390625,27.85968017578125
IMG_0030.mp4,1505,50.216883550216885,29.97,268,2,traffic_signs,0.4153691232204437,571.5309448242188,659.0588989257812,609.5008544921875,718.7070922851562,590.5158996582031,688.8829956054688,37.96990966796875,59.648193359375
IMG_0030.mp4,1506,50.250250250250254,29.97,254,2,traffic_signs,0.9417603611946106,1443.6502685546875,685.86962890625,1514.3134765625,757.0841674804688,1478.9818725585938,721.4768981933594,70.6632080078125,71.21453857421875
IMG_0030.mp4,1506,50.250250250250254,29.97,266,2,traffic_signs,0.6490126848220825,1255.27880859375,816.8557739257812,1272.75732421875,845.169189453125,1264.01806640625,831.0124816894531,17.478515625,28.31341552734375
IMG_0030.mp4,1506,50.250250250250254,29.97,268,2,traffic_signs,0.617469847202301,559.6985473632812,654.350830078125,599.1173095703125,715.3328247070312,579.4079284667969,684.8418273925781,39.41876220703125,60.98199462890625
IMG_0030.mp4,1507,50.283616950283616,29.97,254,2,traffic_signs,0.9407287240028381,1450.084716796875,681.8870239257812,1523.0787353515625,754.7882690429688,1486.5817260742188,718.337646484375,72.9940185546875,72.9012451171875
IMG_0030.mp4,1507,50.283616950283616,29.97,266,2,traffic_signs,0.4863029420375824,1256.23193359375,816.8095703125,1274.195068359375,845.142333984375,1265.2135009765625,830.9759521484375,17.963134765625,28.332763671875
IMG_0030.mp4,1507,50.283616950283616,29.97,268,2,traffic_signs,0.5666022300720215,549.73876953125,651.1629028320312,589.760498046875,712.0935668945312,569.7496337890625,681.6282348632812,40.021728515625,60.9306640625
IMG_0030.mp4,1508,50.316983650316985,29.97,254,2,traffic_signs,0.9452400207519531,1456.927001953125,677.8854370117188,1531.1072998046875,752.8145141601562,1494.0171508789062,715.3499755859375,74.1802978515625,74.9290771484375
IMG_0030.mp4,1508,50.316983650316985,29.97,268,2,traffic_signs,0.5312578082084656,535.84814453125,647.0264892578125,578.0909423828125,708.2723999023438,556.9695434570312,677.6494445800781,42.2427978515625,61.24591064453125
IMG_0030.mp4,1509,50.350350350350354,29.97,254,2,traffic_signs,0.9332450032234192,1464.5079345703125,674.0396728515625,1539.6065673828125,750.392333984375,1502.0572509765625,712.2160034179688,75.0986328125,76.3526611328125
IMG_0030.mp4,1509,50.350350350350354,29.97,268,2,traffic_signs,0.7790607810020447,524.5692138671875,643.0249633789062,568.3421020507812,705.2655639648438,546.4556579589844,674.145263671875,43.77288818359375,62.2406005859375
IMG_0030.mp4,1510,50.383717050383716,29.97,254,2,traffic_signs,0.918982744216919,1471.890869140625,668.8062133789062,1548.5584716796875,747.3659057617188,1510.2246704101562,708.0860595703125,76.6676025390625,78.5596923828125
IMG_0030.mp4,1510,50.383717050383716,29.97,268,2,traffic_signs,0.8640738725662231,511.9365539550781,638.1414184570312,558.4552001953125,702.1910400390625,535.1958770751953,670.1662292480469,46.518646240234375,64.04962158203125
IMG_0030.mp4,1511,50.417083750417085,29.97,254,2,traffic_signs,0.8910773992538452,1481.4822998046875,665.6482543945312,1559.4676513671875,744.6886596679688,1520.4749755859375,705.16845703125,77.9853515625,79.0404052734375
IMG_0030.mp4,1511,50.417083750417085,29.97,268,2,traffic_signs,0.8123414516448975,499.6618957519531,634.4697875976562,547.382080078125,700.8998413085938,523.5219879150391,667.684814453125,47.720184326171875,66.4300537109375
IMG_0030.mp4,1512,50.450450450450454,29.97,254,2,traffic_signs,0.9511190056800842,1489.768798828125,659.9014282226562,1569.94482421875,741.86572265625,1529.8568115234375,700.8835754394531,80.176025390625,81.96429443359375
IMG_0030.mp4,1512,50.450450450450454,29.97,268,2,traffic_signs,0.8815188407897949,485.86749267578125,628.5695190429688,535.3895874023438,697.7720336914062,510.6285400390625,663.1707763671875,49.5220947265625,69.2025146484375
IMG_0030.mp4,1513,50.483817150483816,29.97,254,2,traffic_signs,0.9466919302940369,1498.1112060546875,654.0281372070312,1581.034912109375,739.054931640625,1539.5730590820312,696.5415344238281,82.9237060546875,85.02679443359375
IMG_0030.mp4,1513,50.483817150483816,29.97,268,2,traffic_signs,0.8861711025238037,471.5006103515625,623.7784423828125,522.8013305664062,694.12841796875,497.1509704589844,658.9534301757812,51.30072021484375,70.3499755859375
IMG_0030.mp4,1514,50.517183850517185,29.97,254,2,traffic_signs,0.9390081763267517,1507.5050048828125,648.7661743164062,1592.400146484375,735.3916015625,1549.9525756835938,692.0788879394531,84.8951416015625,86.62542724609375
IMG_0030.mp4,1514,50.517183850517185,29.97,268,2,traffic_signs,0.8556954264640808,456.3536071777344,619.1903686523438,510.059326171875,690.1636962890625,483.2064666748047,654.6770324707031,53.705718994140625,70.97332763671875
IMG_0030.mp4,1515,50.550550550550554,29.97,254,2,traffic_signs,0.9324809312820435,1518.0562744140625,642.954345703125,1605.3531494140625,731.6795043945312,1561.7047119140625,687.3169250488281,87.296875,88.72515869140625
IMG_0030.mp4,1515,50.550550550550554,29.97,268,2,traffic_signs,0.7915282249450684,442.252685546875,613.3041381835938,497.1836853027344,686.015869140625,469.7181854248047,649.6600036621094,54.930999755859375,72.71173095703125
IMG_0030.mp4,1516,50.583917250583916,29.97,254,2,traffic_signs,0.9409403204917908,1529.427001953125,636.4415893554688,1619.205810546875,728.0511474609375,1574.31640625,682.2463684082031,89.77880859375,91.60955810546875
IMG_0030.mp4,1516,50.583917250583916,29.97,268,2,traffic_signs,0.32938888669013977,426.69580078125,608.176025390625,482.5286560058594,683.1302490234375,454.6122283935547,645.6531372070312,55.832855224609375,74.9542236328125
IMG_0030.mp4,1517,50.617283950617285,29.97,254,2,traffic_signs,0.9350141882896423,1539.9713134765625,630.3585815429688,1633.108642578125,724.02197265625,1586.5399780273438,677.1902770996094,93.1373291015625,93.66339111328125
IMG_0030.mp4,1517,50.617283950617285,29.97,268,2,traffic_signs,0.6894471049308777,410.28045654296875,603.3983764648438,467.3941955566406,678.8323974609375,438.8373260498047,641.1153869628906,57.113739013671875,75.43402099609375
IMG_0030.mp4,1517,50.617283950617285,29.97,266,2,traffic_signs,0.5139831900596619,1266.9261474609375,811.3922729492188,1283.7354736328125,843.5887451171875,1275.330810546875,827.4905090332031,16.809326171875,32.19647216796875
IMG_0030.mp4,1518,50.650650650650654,29.97,254,2,traffic_signs,0.9388626217842102,1551.69970703125,623.2471313476562,1648.0146484375,719.9692993164062,1599.857177734375,671.6082153320312,96.31494140625,96.72216796875
IMG_0030.mp4,1518,50.650650650650654,29.97,268,2,traffic_signs,0.8531705141067505,390.6492004394531,598.2999267578125,451.0130615234375,674.1734619140625,420.8311309814453,636.2366943359375,60.363861083984375,75.87353515625
IMG_0030.mp4,1519,50.684017350684016,29.97,254,2,traffic_signs,0.9568008780479431,1563.639892578125,616.64501953125,1663.715576171875,716.8460693359375,1613.677734375,666.7455444335938,100.07568359375,100.2010498046875
IMG_0030.mp4,1519,50.684017350684016,29.97,268,2,traffic_signs,0.9268463253974915,373.4780578613281,592.320556640625,436.28997802734375,670.3209228515625,404.88401794433594,631.3207397460938,62.811920166015625,78.0003662109375
IMG_0030.mp4,1520,50.717384050717385,29.97,254,2,traffic_signs,0.9263420701026917,1577.520263671875,608.6953125,1680.8309326171875,711.7537841796875,1629.1755981445312,660.2245483398438,103.3106689453125,103.0584716796875
IMG_0030.mp4,1520,50.717384050717385,29.97,268,2,traffic_signs,0.9375026822090149,354.9937438964844,585.2372436523438,420.3296813964844,665.7693481445312,387.6617126464844,625.5032958984375,65.3359375,80.5321044921875
IMG_0030.mp4,1521,50.750750750750754,29.97,254,2,traffic_signs,0.9267745614051819,1591.989990234375,600.1881713867188,1697.8748779296875,707.2138671875,1644.9324340820312,653.7010192871094,105.8848876953125,107.02569580078125
IMG_0030.mp4,1521,50.750750750750754,29.97,268,2,traffic_signs,0.9421481490135193,334.09844970703125,578.473876953125,403.436279296875,661.30419921875,368.7673645019531,619.8890380859375,69.33782958984375,82.830322265625
IMG_0030.mp4,1522,50.784117450784116,29.97,254,2,traffic_signs,0.9339970946311951,1606.977294921875,591.0003662109375,1718.604736328125,701.9609375,1662.791015625,646.4806518554688,111.62744140625,110.9605712890625
IMG_0030.mp4,1522,50.784117450784116,29.97,268,2,traffic_signs,0.9412700533866882,312.9207458496094,572.1171264648438,385.3755798339844,656.9182739257812,349.1481628417969,614.5177001953125,72.454833984375,84.8011474609375
IMG_0030.mp4,1522,50.784117450784116,29.97,266,2,traffic_signs,0.264949768781662,1273.151123046875,808.752197265625,1291.1654052734375,843.793701171875,1282.1582641601562,826.27294921875,18.0142822265625,35.04150390625
IMG_0030.mp4,1523,50.817484150817485,29.97,254,2,traffic_signs,0.90570467710495,1623.464111328125,582.8176879882812,1738.6407470703125,696.6749267578125,1681.0524291992188,639.7463073730469,115.1766357421875,113.85723876953125
IMG_0030.mp4,1523,50.817484150817485,29.97,268,2,traffic_signs,0.7391785383224487,291.0378723144531,564.6631469726562,367.38690185546875,651.3914184570312,329.21238708496094,608.0272827148438,76.34902954101562,86.728271484375
IMG_0030.mp4,1523,50.817484150817485,29.97,266,2,traffic_signs,0.4758144021034241,1276.4078369140625,808.26904296875,1293.822265625,842.2782592773438,1285.1150512695312,825.2736511230469,17.4144287109375,34.00921630859375
IMG_0030.mp4,1524,50.850850850850854,29.97,254,2,traffic_signs,0.8554149866104126,1640.5697021484375,581.1193237304688,1759.0960693359375,690.2640380859375,1699.8328857421875,635.6916809082031,118.5263671875,109.14471435546875
IMG_0030.mp4,1524,50.850850850850854,29.97,268,2,traffic_signs,0.9418699145317078,263.39324951171875,556.8073120117188,345.4727783203125,645.5350952148438,304.4330139160156,601.1712036132812,82.07952880859375,88.727783203125
IMG_0030.mp4,1524,50.850850850850854,29.97,266,2,traffic_signs,0.49389320611953735,1277.41845703125,808.2266845703125,1294.95263671875,842.0595703125,1286.185546875,825.1431274414062,17.5341796875,33.8328857421875
IMG_0030.mp4,1525,50.884217550884216,29.97,254,2,traffic_signs,0.8177423477172852,1657.9412841796875,583.4567260742188,1780.68505859375,684.0330810546875,1719.3131713867188,633.7449035644531,122.7437744140625,100.57635498046875
IMG_0030.mp4,1525,50.884217550884216,29.97,268,2,traffic_signs,0.9329557418823242,237.070068359375,547.6843872070312,323.70538330078125,639.1880493164062,280.3877258300781,593.4362182617188,86.63531494140625,91.503662109375
IMG_0030.mp4,1525,50.884217550884216,29.97,266,2,traffic_signs,0.45671072602272034,1277.883544921875,808.3792114257812,1296.0897216796875,842.1185913085938,1286.9866333007812,825.2489013671875,18.2061767578125,33.7393798828125
IMG_0030.mp4,1526,50.917584250917585,29.97,254,2,traffic_signs,0.3614220917224884,1681.4329833984375,590.1773681640625,1800.89599609375,677.0208129882812,1741.1644897460938,633.5990905761719,119.4630126953125,86.84344482421875
IMG_0030.mp4,1526,50.917584250917585,29.97,268,2,traffic_signs,0.9487845301628113,211.00685119628906,537.5442504882812,302.73028564453125,633.8242797851562,256.86856842041016,585.6842651367188,91.72343444824219,96.280029296875
IMG_0030.mp4,1526,50.917584250917585,29.97,266,2,traffic_signs,0.48755523562431335,1278.2158203125,808.46875,1298.013671875,842.5170288085938,1288.11474609375,825.4928894042969,19.7978515625,34.04827880859375
IMG_0030.mp4,1527,50.950950950950954,29.97,254,2,traffic_signs,0.5652034878730774,1708.826416015625,601.9443969726562,1809.562255859375,669.3236694335938,1759.1943359375,635.634033203125,100.73583984375,67.3792724609375
IMG_0030.mp4,1527,50.950950950950954,29.97,268,2,traffic_signs,0.9486647844314575,180.70765686035156,527.5969848632812,277.8631591796875,626.6304931640625,229.28540802001953,577.1137390136719,97.15550231933594,99.03350830078125
IMG_0030.mp4,1527,50.950950950950954,29.97,266,2,traffic_signs,0.5147197246551514,1278.004638671875,806.9972534179688,1299.3316650390625,842.57373046875,1288.6681518554688,824.7854919433594,21.3270263671875,35.57647705078125
IMG_0030.mp4,1528,50.984317650984316,29.97,268,2,traffic_signs,0.898489236831665,150.1040496826172,517.9198608398438,251.74887084960938,619.2381591796875,200.92646026611328,568.5790100097656,101.64482116699219,101.31829833984375
IMG_0030.mp4,1528,50.984317650984316,29.97,266,2,traffic_signs,0.43066179752349854,1278.2562255859375,805.7108764648438,1300.91455078125,842.6372680664062,1289.5853881835938,824.174072265625,22.6583251953125,36.9263916015625
IMG_0030.mp4,1529,51.017684351017685,29.97,268,2,traffic_signs,0.9100251197814941,118.08206939697266,506.5127258300781,227.58522033691406,611.365478515625,172.83364486694336,558.9391021728516,109.5031509399414,104.85275268554688
IMG_0030.mp4,1530,51.051051051051054,29.97,268,2,traffic_signs,0.9462379813194275,84.40914154052734,496.689208984375,201.42904663085938,603.0430908203125,142.91909408569336,549.8661499023438,117.01990509033203,106.3538818359375
IMG_0030.mp4,1530,51.051051051051054,29.97,266,2,traffic_signs,0.5571959614753723,1280.787109375,803.4894409179688,1304.8167724609375,840.8289794921875,1292.8019409179688,822.1592102050781,24.0296630859375,37.33953857421875
IMG_0030.mp4,1531,51.084417751084416,29.97,268,2,traffic_signs,0.8557443618774414,43.132877349853516,484.1402893066406,170.1502227783203,593.9036254882812,106.64155006408691,539.0219573974609,127.0173454284668,109.76333618164062
IMG_0030.mp4,1531,51.084417751084416,29.97,266,2,traffic_signs,0.5254758596420288,1281.628173828125,801.8034057617188,1306.630126953125,840.698486328125,1294.129150390625,821.2509460449219,25.001953125,38.89508056640625
IMG_0030.mp4,1532,51.117784451117785,29.97,268,2,traffic_signs,0.9474747776985168,5.6342949867248535,471.4439697265625,138.630859375,584.77685546875,72.13257718086243,528.1104125976562,132.99656438827515,113.3328857421875
IMG_0030.mp4,1532,51.117784451117785,29.97,266,2,traffic_signs,0.7751717567443848,1283.9169921875,800.417236328125,1308.7462158203125,840.1792602539062,1296.3316040039062,820.2982482910156,24.8292236328125,39.76202392578125
IMG_0030.mp4,1533,51.151151151151154,29.97,268,2,traffic_signs,0.7978816628456116,0.0,457.16302490234375,104.93798828125,574.48095703125,52.468994140625,515.8219909667969,104.93798828125,117.31793212890625
IMG_0030.mp4,1533,51.151151151151154,29.97,266,2,traffic_signs,0.8261795043945312,1285.25634765625,799.5463256835938,1310.89453125,839.9646606445312,1298.075439453125,819.7554931640625,25.63818359375,40.4183349609375
IMG_0030.mp4,1534,51.184517851184516,29.97,266,2,traffic_signs,0.775608479976654,1285.69921875,798.3859252929688,1312.013671875,840.2860717773438,1298.8564453125,819.3359985351562,26.314453125,41.900146484375
IMG_0030.mp4,1535,51.217884551217885,29.97,266,2,traffic_signs,0.7667126655578613,1286.8031005859375,797.3111572265625,1314.0966796875,840.0045776367188,1300.4498901367188,818.6578674316406,27.2935791015625,42.69342041015625
IMG_0030.mp4,1536,51.251251251251254,29.97,266,2,traffic_signs,0.39668869972229004,1288.2255859375,795.9815673828125,1316.2960205078125,839.723876953125,1302.2608032226562,817.8527221679688,28.0704345703125,43.7423095703125
IMG_0030.mp4,1538,51.317984651317985,29.97,266,2,traffic_signs,0.5645211935043335,1294.5211181640625,795.7835693359375,1320.2850341796875,839.2313232421875,1307.403076171875,817.5074462890625,25.763916015625,43.44775390625
IMG_0030.mp4,1539,51.351351351351354,29.97,266,2,traffic_signs,0.4106670618057251,1295.8280029296875,794.1629638671875,1322.3916015625,839.517333984375,1309.1098022460938,816.8401489257812,26.5635986328125,45.3543701171875
IMG_0030.mp4,1540,51.38471805138472,29.97,266,2,traffic_signs,0.3347683548927307,1297.928955078125,793.5520629882812,1325.7774658203125,839.6099853515625,1311.8532104492188,816.5810241699219,27.8485107421875,46.05792236328125
IMG_0030.mp4,1546,51.584918251584924,29.97,266,2,traffic_signs,0.5939722061157227,1309.3345947265625,788.6719970703125,1339.6116943359375,837.232666015625,1324.47314453125,812.9523315429688,30.277099609375,48.5606689453125
IMG_0030.mp4,1547,51.618284951618286,29.97,266,2,traffic_signs,0.2959247827529907,1310.522216796875,786.7493286132812,1342.091552734375,837.1620483398438,1326.306884765625,811.9556884765625,31.5693359375,50.4127197265625
IMG_0030.mp4,1550,51.718385051718386,29.97,266,2,traffic_signs,0.3524472415447235,1318.652099609375,784.4298095703125,1350.441162109375,837.3746337890625,1334.546630859375,810.9022216796875,31.7890625,52.94482421875
IMG_0030.mp4,1553,51.818485151818486,29.97,266,2,traffic_signs,0.37415358424186707,1327.8804931640625,782.0435180664062,1360.9818115234375,836.4473266601562,1344.43115234375,809.2454223632812,33.101318359375,54.40380859375
IMG_0030.mp4,1554,51.851851851851855,29.97,266,2,traffic_signs,0.5690200328826904,1329.9150390625,781.3264770507812,1363.5338134765625,836.7017822265625,1346.7244262695312,809.0141296386719,33.6187744140625,55.37530517578125
IMG_0030.mp4,1555,51.885218551885224,29.97,266,2,traffic_signs,0.7148281335830688,1332.2626953125,779.6329345703125,1367.30859375,836.6039428710938,1349.78564453125,808.1184387207031,35.0458984375,56.97100830078125
IMG_0030.mp4,1556,51.918585251918586,29.97,266,2,traffic_signs,0.4788748621940613,1335.2950439453125,778.0142211914062,1371.7890625,835.9815673828125,1353.5420532226562,806.9978942871094,36.4940185546875,57.96734619140625
IMG_0030.mp4,1560,52.052052052052055,29.97,279,0,auth_label,0.7695251703262329,34.357574462890625,964.6375122070312,452.33697509765625,1039.42041015625,243.34727478027344,1002.0289611816406,417.9794006347656,74.78289794921875
IMG_0030.mp4,1561,52.085418752085424,29.97,279,0,auth_label,0.6616052389144897,0.0,960.9954833984375,406.7458190917969,1033.5623779296875,203.37290954589844,997.2789306640625,406.7458190917969,72.56689453125
IMG_0030.mp4,1561,52.085418752085424,29.97,266,2,traffic_signs,0.5615562200546265,1351.74365234375,770.6830444335938,1388.7554931640625,833.5406494140625,1370.2495727539062,802.1118469238281,37.0118408203125,62.85760498046875
IMG_0030.mp4,1562,52.118785452118786,29.97,266,2,traffic_signs,0.6288654208183289,1355.21240234375,770.3407592773438,1392.838623046875,832.68896484375,1374.0255126953125,801.5148620605469,37.626220703125,62.34820556640625
IMG_0030.mp4,1563,52.152152152152155,29.97,266,2,traffic_signs,0.8171140551567078,1358.979248046875,767.7000732421875,1399.0233154296875,832.5033569335938,1379.0012817382812,800.1017150878906,40.0440673828125,64.80328369140625
IMG_0030.mp4,1564,52.185518852185524,29.97,266,2,traffic_signs,0.45647698640823364,1362.8294677734375,766.88232421875,1403.4874267578125,833.0814819335938,1383.158447265625,799.9819030761719,40.657958984375,66.19915771484375
IMG_0030.mp4,1564,52.185518852185524,29.97,280,2,traffic_signs,0.5764737725257874,1322.503173828125,790.7149658203125,1347.4598388671875,828.5051879882812,1334.9815063476562,809.6100769042969,24.9566650390625,37.79022216796875
IMG_0030.mp4,1565,52.218885552218886,29.97,266,2,traffic_signs,0.37699857354164124,1367.18212890625,764.7233276367188,1408.5440673828125,832.3680419921875,1387.8630981445312,798.5456848144531,41.3619384765625,67.64471435546875
IMG_0030.mp4,1565,52.218885552218886,29.97,280,2,traffic_signs,0.3098716735839844,1323.0645751953125,790.0770874023438,1349.5380859375,827.2448120117188,1336.3013305664062,808.6609497070312,26.4735107421875,37.167724609375
IMG_0030.mp4,1566,52.252252252252255,29.97,280,2,traffic_signs,0.4067060649394989,1324.31298828125,789.6647338867188,1351.5706787109375,826.247802734375,1337.9418334960938,807.9562683105469,27.2576904296875,36.58306884765625
IMG_0030.mp4,1567,52.285618952285624,29.97,280,2,traffic_signs,0.4053189754486084,1325.5115966796875,787.6983032226562,1357.7999267578125,826.9883422851562,1341.65576171875,807.3433227539062,32.288330078125,39.2900390625
IMG_0030.mp4,1567,52.285618952285624,29.97,266,2,traffic_signs,0.6491892337799072,1373.7655029296875,762.1451416015625,1417.4678955078125,831.3379516601562,1395.61669921875,796.7415466308594,43.702392578125,69.19281005859375
IMG_0030.mp4,1568,52.318985652318986,29.97,266,2,traffic_signs,0.670634388923645,1378.53173828125,759.8238525390625,1423.4622802734375,830.7067260742188,1400.9970092773438,795.2652893066406,44.9305419921875,70.88287353515625
IMG_0030.mp4,1570,52.385719052385724,29.97,280,2,traffic_signs,0.2853739857673645,1334.634765625,785.4390869140625,1368.0164794921875,827.5924072265625,1351.3256225585938,806.5157470703125,33.3817138671875,42.1533203125
IMG_0030.mp4,1571,52.419085752419086,29.97,280,2,traffic_signs,0.5502588152885437,1336.6881103515625,785.0279541015625,1371.3585205078125,827.9495849609375,1354.0233154296875,806.48876953125,34.67041015625,42.921630859375
IMG_0030.mp4,1571,52.419085752419086,29.97,266,2,traffic_signs,0.399027556180954,1392.341796875,755.3251953125,1440.928955078125,828.5157470703125,1416.6353759765625,791.9204711914062,48.587158203125,73.1905517578125
IMG_0030.mp4,1572,52.452452452452455,29.97,280,2,traffic_signs,0.3200037479400635,1338.0865478515625,784.378173828125,1372.3687744140625,828.1046752929688,1355.2276611328125,806.2414245605469,34.2822265625,43.72650146484375
IMG_0030.mp4,1572,52.452452452452455,29.97,266,2,traffic_signs,0.7644484639167786,1397.2713623046875,752.6577758789062,1446.707275390625,827.8407592773438,1421.9893188476562,790.249267578125,49.4359130859375,75.1829833984375
IMG_0030.mp4,1573,52.485819152485824,29.97,266,2,traffic_signs,0.8118308186531067,1402.7021484375,749.6492309570312,1452.76513671875,827.1610717773438,1427.733642578125,788.4051513671875,50.06298828125,77.5118408203125
IMG_0030.mp4,1574,52.519185852519186,29.97,266,2,traffic_signs,0.4837968647480011,1408.021728515625,747.57958984375,1458.921630859375,826.5681762695312,1433.4716796875,787.0738830566406,50.89990234375,78.98858642578125
IMG_0030.mp4,1574,52.519185852519186,29.97,280,2,traffic_signs,0.34694263339042664,1342.151123046875,783.8142700195312,1375.897216796875,826.90625,1359.024169921875,805.3602600097656,33.74609375,43.09197998046875
IMG_0030.mp4,1575,52.552552552552555,29.97,266,2,traffic_signs,0.7909076809883118,1412.9608154296875,746.1573486328125,1464.90576171875,826.5209350585938,1438.9332885742188,786.3391418457031,51.9449462890625,80.36358642578125
IMG_0030.mp4,1575,52.552552552552555,29.97,280,2,traffic_signs,0.7256829738616943,1342.974365234375,782.6346435546875,1379.057373046875,826.0430297851562,1361.015869140625,804.3388366699219,36.0830078125,43.40838623046875
IMG_0030.mp4,1576,52.585919252585924,29.97,266,2,traffic_signs,0.7958920001983643,1418.8402099609375,743.3754272460938,1471.32421875,824.963134765625,1445.0822143554688,784.1692810058594,52.4840087890625,81.58770751953125
IMG_0030.mp4,1576,52.585919252585924,29.97,280,2,traffic_signs,0.7833401560783386,1345.1771240234375,780.8154296875,1380.965087890625,824.618408203125,1363.0711059570312,802.7169189453125,35.7879638671875,43.802978515625
IMG_0030.mp4,1577,52.619285952619286,29.97,266,2,traffic_signs,0.8505446314811707,1424.8966064453125,740.8635864257812,1478.800048828125,823.3611450195312,1451.8483276367188,782.1123657226562,53.9034423828125,82.49755859375
IMG_0030.mp4,1577,52.619285952619286,29.97,280,2,traffic_signs,0.5277826189994812,1347.2298583984375,780.4662475585938,1382.24072265625,823.3584594726562,1364.7352905273438,801.912353515625,35.0108642578125,42.8922119140625
IMG_0030.mp4,1578,52.652652652652655,29.97,266,2,traffic_signs,0.8779675960540771,1430.7144775390625,738.4755249023438,1486.227294921875,821.8333129882812,1458.4708862304688,780.1544189453125,55.5128173828125,83.3577880859375
IMG_0030.mp4,1578,52.652652652652655,29.97,280,2,traffic_signs,0.4752607047557831,1350.3673095703125,779.8538818359375,1383.4951171875,820.83447265625,1366.9312133789062,800.3441772460938,33.1278076171875,40.9805908203125
IMG_0030.mp4,1579,52.686019352686024,29.97,266,2,traffic_signs,0.8449530005455017,1436.6700439453125,735.6866455078125,1494.45068359375,820.7172241210938,1465.5603637695312,778.2019348144531,57.7806396484375,85.03057861328125
IMG_0030.mp4,1579,52.686019352686024,29.97,280,2,traffic_signs,0.35384926199913025,1353.0975341796875,779.5758666992188,1386.19287109375,820.5820922851562,1369.6452026367188,800.0789794921875,33.0953369140625,41.0062255859375
IMG_0030.mp4,1579,52.686019352686024,29.97,282,0,auth_label,0.4613073170185089,483.4193420410156,955.2128295898438,898.6449584960938,1025.5313720703125,691.0321502685547,990.3721008300781,415.2256164550781,70.31854248046875
IMG_0030.mp4,1580,52.719386052719386,29.97,266,2,traffic_signs,0.8869538307189941,1443.6610107421875,732.6019897460938,1502.70703125,819.7922973632812,1473.1840209960938,776.1971435546875,59.0460205078125,87.1903076171875
IMG_0030.mp4,1581,52.752752752752755,29.97,266,2,traffic_signs,0.7837705016136169,1451.4898681640625,729.8807983398438,1510.7640380859375,819.7501831054688,1481.126953125,774.8154907226562,59.274169921875,89.869384765625
IMG_0030.mp4,1581,52.752752752752755,29.97,280,2,traffic_signs,0.5302467346191406,1358.3009033203125,777.345703125,1390.4298095703125,819.852783203125,1374.3653564453125,798.5992431640625,32.12890625,42.507080078125
IMG_0030.mp4,1582,52.786119452786124,29.97,266,2,traffic_signs,0.6415912508964539,1458.5875244140625,726.6611938476562,1519.5341796875,818.2025756835938,1489.0608520507812,772.431884765625,60.9466552734375,91.5413818359375
IMG_0030.mp4,1582,52.786119452786124,29.97,280,2,traffic_signs,0.26208993792533875,1360.462890625,775.848388671875,1396.8865966796875,818.9564819335938,1378.6747436523438,797.4024353027344,36.4237060546875,43.10809326171875
IMG_0030.mp4,1583,52.819486152819486,29.97,266,2,traffic_signs,0.4583224654197693,1466.5482177734375,723.6611328125,1529.98681640625,816.7377319335938,1498.2675170898438,770.1994323730469,63.4385986328125,93.07659912109375
IMG_0030.mp4,1584,52.852852852852855,29.97,266,2,traffic_signs,0.7805638313293457,1474.721923828125,720.2610473632812,1539.798095703125,815.3734130859375,1507.260009765625,767.8172302246094,65.076171875,95.11236572265625
IMG_0030.mp4,1585,52.886219552886224,29.97,266,2,traffic_signs,0.6996766328811646,1482.5418701171875,717.0097045898438,1550.5897216796875,814.0440063476562,1516.5657958984375,765.52685546875,68.0478515625,97.0343017578125
IMG_0030.mp4,1585,52.886219552886224,29.97,280,2,traffic_signs,0.36785244941711426,1370.290283203125,771.5443725585938,1405.1768798828125,817.044677734375,1387.7335815429688,794.2945251464844,34.8865966796875,45.50030517578125
IMG_0030.mp4,1586,52.919586252919586,29.97,266,2,traffic_signs,0.8006488084793091,1491.5386962890625,713.8505859375,1562.38720703125,812.5883178710938,1526.9629516601562,763.2194519042969,70.8485107421875,98.73773193359375
IMG_0030.mp4,1587,52.952952952952955,29.97,266,2,traffic_signs,0.7399796843528748,1502.1666259765625,708.9603271484375,1574.5831298828125,810.9522705078125,1538.3748779296875,759.956298828125,72.41650390625,101.991943359375
IMG_0030.mp4,1587,52.952952952952955,29.97,280,2,traffic_signs,0.45077940821647644,1376.8262939453125,768.75390625,1413.4930419921875,816.2371215820312,1395.15966796875,792.4955139160156,36.666748046875,47.48321533203125
IMG_0030.mp4,1588,52.986319652986325,29.97,266,2,traffic_signs,0.8893371820449829,1512.55126953125,704.486572265625,1588.1456298828125,808.1820678710938,1550.3484497070312,756.3343200683594,75.5943603515625,103.69549560546875
IMG_0030.mp4,1588,52.986319652986325,29.97,280,2,traffic_signs,0.7378029227256775,1379.347412109375,768.189453125,1419.1839599609375,816.6536254882812,1399.2656860351562,792.4215393066406,39.8365478515625,48.46417236328125
IMG_0030.mp4,1589,53.01968635301969,29.97,266,2,traffic_signs,0.7848747372627258,1522.9390869140625,699.083984375,1601.6624755859375,805.6168823242188,1562.30078125,752.3504333496094,78.723388671875,106.53289794921875
IMG_0030.mp4,1589,53.01968635301969,29.97,280,2,traffic_signs,0.6230342388153076,1382.124755859375,766.392333984375,1422.8094482421875,815.431884765625,1402.4671020507812,790.912109375,40.6846923828125,49.03955078125
IMG_0030.mp4,1590,53.053053053053056,29.97,266,2,traffic_signs,0.750551164150238,1534.0582275390625,694.3875122070312,1615.8857421875,804.0855102539062,1574.9719848632812,749.2365112304688,81.8275146484375,109.697998046875
IMG_0030.mp4,1591,53.086419753086425,29.97,266,2,traffic_signs,0.6506341695785522,1547.109130859375,689.4364013671875,1633.541015625,802.2875366210938,1590.3250732421875,745.8619689941406,86.431884765625,112.85113525390625
IMG_0030.mp4,1591,53.086419753086425,29.97,280,2,traffic_signs,0.45677322149276733,1390.0184326171875,764.358642578125,1432.1259765625,814.9593505859375,1411.0722045898438,789.6589965820312,42.1075439453125,50.6007080078125
IMG_0030.mp4,1592,53.11978645311979,29.97,266,2,traffic_signs,0.8481529355049133,1559.9847412109375,684.1555786132812,1648.2802734375,800.589111328125,1604.1325073242188,742.3723449707031,88.2955322265625,116.43353271484375
IMG_0030.mp4,1593,53.153153153153156,29.97,266,2,traffic_signs,0.6644731163978577,1572.705810546875,678.54443359375,1666.3323974609375,799.6516723632812,1619.5191040039062,739.0980529785156,93.6265869140625,121.10723876953125
IMG_0030.mp4,1593,53.153153153153156,29.97,280,2,traffic_signs,0.6402100324630737,1396.479736328125,762.8272094726562,1440.9296875,813.8924560546875,1418.7047119140625,788.3598327636719,44.449951171875,51.06524658203125
IMG_0030.mp4,1594,53.186519853186525,29.97,266,2,traffic_signs,0.7556549310684204,1587.3560791015625,672.02685546875,1684.18359375,796.6566162109375,1635.7698364257812,734.3417358398438,96.8275146484375,124.6297607421875
IMG_0030.mp4,1595,53.21988655321989,29.97,266,2,traffic_signs,0.45756396651268005,1603.6153564453125,665.76806640625,1704.62744140625,794.7681884765625,1654.1213989257812,730.2681274414062,101.0120849609375,129.0001220703125
IMG_0030.mp4,1595,53.21988655321989,29.97,280,2,traffic_signs,0.26195430755615234,1401.813232421875,760.4547119140625,1449.8199462890625,813.7448120117188,1425.8165893554688,787.0997619628906,48.0067138671875,53.29010009765625
IMG_0030.mp4,1596,53.253253253253256,29.97,266,2,traffic_signs,0.4435313642024994,1620.5543212890625,658.0635375976562,1727.2489013671875,792.0237426757812,1673.901611328125,725.0436401367188,106.694580078125,133.960205078125
IMG_0030.mp4,1596,53.253253253253256,29.97,280,2,traffic_signs,0.4053020477294922,1406.4405517578125,758.53173828125,1454.8116455078125,813.5598754882812,1430.6260986328125,786.0458068847656,48.37109375,55.02813720703125
IMG_0030.mp4,1597,53.286619953286625,29.97,266,2,traffic_signs,0.3102610409259796,1639.4720458984375,650.7401733398438,1750.82421875,791.0800170898438,1695.1481323242188,720.9100952148438,111.3521728515625,140.33984375
IMG_0030.mp4,1598,53.31998665331999,29.97,266,2,traffic_signs,0.45901453495025635,1659.158935546875,642.1408081054688,1776.900390625,786.1079711914062,1718.0296630859375,714.1243896484375,117.741455078125,143.9671630859375
IMG_0030.mp4,1598,53.31998665331999,29.97,280,2,traffic_signs,0.3854912221431732,1414.5035400390625,756.8474731445312,1463.794189453125,811.1029052734375,1439.1488647460938,783.9751892089844,49.2906494140625,54.25543212890625
IMG_0030.mp4,1599,53.353353353353356,29.97,280,2,traffic_signs,0.7332923412322998,1419.1065673828125,755.2210083007812,1468.4078369140625,810.645751953125,1443.7572021484375,782.9333801269531,49.30126953125,55.42474365234375
IMG_0030.mp4,1600,53.386720053386725,29.97,280,2,traffic_signs,0.6610026955604553,1424.5179443359375,752.4465942382812,1474.6209716796875,810.0368041992188,1449.5694580078125,781.24169921875,50.10302734375,57.5902099609375
IMG_0030.mp4,1601,53.42008675342009,29.97,280,2,traffic_signs,0.726375937461853,1428.76171875,750.6380004882812,1480.1064453125,809.1847534179688,1454.43408203125,779.911376953125,51.3447265625,58.5467529296875
IMG_0030.mp4,1602,53.453453453453456,29.97,280,2,traffic_signs,0.8318589329719543,1433.724365234375,749.1972045898438,1486.43701171875,807.67333984375,1460.0806884765625,778.4352722167969,52.712646484375,58.47613525390625
IMG_0030.mp4,1603,53.486820153486825,29.97,280,2,traffic_signs,0.8404852747917175,1437.956298828125,748.0150146484375,1491.8092041015625,806.655029296875,1464.8827514648438,777.3350219726562,53.8529052734375,58.6400146484375
IMG_0030.mp4,1603,53.486820153486825,29.97,286,2,traffic_signs,0.4908806383609772,1785.0618896484375,650.9189453125,1920.0,764.0953369140625,1852.5309448242188,707.5071411132812,134.9381103515625,113.1763916015625
IMG_0030.mp4,1604,53.52018685352019,29.97,280,2,traffic_signs,0.8661953210830688,1443.6785888671875,745.7212524414062,1498.765625,804.5116577148438,1471.2221069335938,775.116455078125,55.0870361328125,58.7904052734375
IMG_0030.mp4,1605,53.553553553553556,29.97,280,2,traffic_signs,0.4933888018131256,1449.088134765625,742.6615600585938,1505.00048828125,804.2640380859375,1477.0443115234375,773.4627990722656,55.912353515625,61.60247802734375
IMG_0030.mp4,1606,53.586920253586925,29.97,280,2,traffic_signs,0.6770904660224915,1454.90576171875,740.17822265625,1510.7598876953125,802.7836303710938,1482.8328247070312,771.4809265136719,55.8541259765625,62.60540771484375
IMG_0030.mp4,1608,53.653653653653656,29.97,280,2,traffic_signs,0.42382872104644775,1465.431640625,735.3692626953125,1523.462890625,800.1651000976562,1494.447265625,767.7671813964844,58.03125,64.79583740234375
IMG_0030.mp4,1609,53.687020353687025,29.97,280,2,traffic_signs,0.4312984347343445,1472.5684814453125,731.3087768554688,1530.448974609375,798.1429443359375,1501.5087280273438,764.7258605957031,57.8804931640625,66.83416748046875
IMG_0030.mp4,1610,53.72038705372039,29.97,280,2,traffic_signs,0.8445208668708801,1479.8936767578125,729.5279541015625,1538.591064453125,797.1334228515625,1509.2423706054688,763.3306884765625,58.6973876953125,67.60546875
IMG_0030.mp4,1611,53.753753753753756,29.97,280,2,traffic_signs,0.9241504669189453,1486.553466796875,725.8460083007812,1548.5302734375,795.4249877929688,1517.5418701171875,760.635498046875,61.976806640625,69.5789794921875
IMG_0030.mp4,1612,53.787120453787125,29.97,280,2,traffic_signs,0.2644575834274292,1494.2572021484375,723.3497924804688,1555.1448974609375,793.829833984375,1524.7010498046875,758.5898132324219,60.8876953125,70.48004150390625
IMG_0030.mp4,1613,53.82048715382049,29.97,280,2,traffic_signs,0.9065947532653809,1500.487548828125,719.8312377929688,1565.831787109375,792.7401733398438,1533.15966796875,756.2857055664062,65.34423828125,72.908935546875
IMG_0030.mp4,1614,53.853853853853856,29.97,280,2,traffic_signs,0.8978061676025391,1507.1868896484375,716.5464477539062,1574.71142578125,790.877685546875,1540.9491577148438,753.7120666503906,67.5245361328125,74.33123779296875
IMG_0030.mp4,1615,53.887220553887225,29.97,280,2,traffic_signs,0.9035240411758423,1514.85791015625,713.465576171875,1586.03564453125,789.622314453125,1550.44677734375,751.5439453125,71.177734375,76.15673828125
IMG_0030.mp4,1616,53.92058725392059,29.97,280,2,traffic_signs,0.8906527161598206,1524.771728515625,709.42626953125,1597.1650390625,788.7908935546875,1560.9683837890625,749.1085815429688,72.393310546875,79.3646240234375
IMG_0030.mp4,1617,53.953953953953956,29.97,280,2,traffic_signs,0.7459244728088379,1532.7520751953125,706.1531372070312,1608.7615966796875,787.3540649414062,1570.7568359375,746.7536010742188,76.009521484375,81.200927734375
IMG_0030.mp4,1617,53.953953953953956,29.97,296,2,traffic_signs,0.5494763255119324,1019.0379028320312,787.8582763671875,1035.526123046875,804.4628295898438,1027.2820129394531,796.1605529785156,16.48822021484375,16.60455322265625
IMG_0030.mp4,1618,53.987320653987325,29.97,280,2,traffic_signs,0.8608251214027405,1541.5428466796875,703.4978637695312,1619.419677734375,786.4152221679688,1580.4812622070312,744.95654296875,77.8768310546875,82.9173583984375
IMG_0030.mp4,1618,53.987320653987325,29.97,296,2,traffic_signs,0.480976939201355,1018.9159545898438,788.2507934570312,1034.8648681640625,804.989013671875,1026.8904113769531,796.6199035644531,15.94891357421875,16.73822021484375
IMG_0030.mp4,1619,54.02068735402069,29.97,280,2,traffic_signs,0.5593734979629517,1552.1536865234375,699.7952880859375,1631.085205078125,785.0092163085938,1591.6194458007812,742.4022521972656,78.9315185546875,85.21392822265625
IMG_0030.mp4,1619,54.02068735402069,29.97,296,2,traffic_signs,0.4292242228984833,1018.8330688476562,789.0465087890625,1033.866455078125,805.4935913085938,1026.3497619628906,797.2700500488281,15.03338623046875,16.44708251953125
IMG_0030.mp4,1620,54.054054054054056,29.97,280,2,traffic_signs,0.781829297542572,1562.12255859375,695.033203125,1642.8026123046875,782.09326171875,1602.4625854492188,738.563232421875,80.6800537109375,87.06005859375
IMG_0030.mp4,1620,54.054054054054056,29.97,296,2,traffic_signs,0.5253599882125854,1018.2921142578125,788.7659912109375,1033.1427001953125,805.261474609375,1025.7174072265625,797.0137329101562,14.8505859375,16.4954833984375
IMG_0030.mp4,1621,54.087420754087425,29.97,296,2,traffic_signs,0.39848047494888306,1017.5278930664062,789.0731201171875,1032.81640625,805.560302734375,1025.1721496582031,797.3167114257812,15.28851318359375,16.4871826171875
IMG_0030.mp4,1622,54.12078745412079,29.97,296,2,traffic_signs,0.4883985221385956,1016.9964599609375,788.6968994140625,1031.8717041015625,804.935546875,1024.43408203125,796.8162231445312,14.875244140625,16.2386474609375
IMG_0030.mp4,1622,54.12078745412079,29.97,280,2,traffic_signs,0.7223321795463562,1585.6959228515625,685.6527709960938,1672.6722412109375,776.0125122070312,1629.18408203125,730.8326416015625,86.976318359375,90.3597412109375
IMG_0030.mp4,1623,54.154154154154156,29.97,296,2,traffic_signs,0.5182730555534363,1016.9308471679688,788.4452514648438,1031.754638671875,805.1243286132812,1024.3427429199219,796.7847900390625,14.82379150390625,16.6790771484375
IMG_0030.mp4,1624,54.187520854187525,29.97,296,2,traffic_signs,0.5965137481689453,1016.3177490234375,788.0767211914062,1030.9407958984375,806.066162109375,1023.6292724609375,797.0714416503906,14.623046875,17.98944091796875
IMG_0030.mp4,1625,54.22088755422089,29.97,296,2,traffic_signs,0.6105829477310181,1015.6710815429688,787.6618041992188,1030.6279296875,805.9512329101562,1023.1495056152344,796.8065185546875,14.95684814453125,18.2894287109375
IMG_0030.mp4,1626,54.254254254254256,29.97,296,2,traffic_signs,0.645064651966095,1014.8828125,787.3111572265625,1029.855712890625,805.92724609375,1022.3692626953125,796.6192016601562,14.972900390625,18.6160888671875
IMG_0030.mp4,1627,54.287620954287625,29.97,296,2,traffic_signs,0.5418596267700195,1014.1947021484375,787.5261840820312,1029.5987548828125,805.93896484375,1021.896728515625,796.7325744628906,15.404052734375,18.41278076171875
IMG_0030.mp4,1628,54.32098765432099,29.97,296,2,traffic_signs,0.2893088459968567,1013.4135131835938,786.8907470703125,1029.3477783203125,805.6160278320312,1021.3806457519531,796.2533874511719,15.93426513671875,18.72528076171875
IMG_0030.mp4,1629,54.354354354354356,29.97,296,2,traffic_signs,0.2836982309818268,1013.7369995117188,786.0479125976562,1029.4337158203125,805.4266357421875,1021.5853576660156,795.7372741699219,15.69671630859375,19.37872314453125
IMG_0030.mp4,1631,54.42108775442109,29.97,304,2,traffic_signs,0.6422960162162781,1419.0927734375,803.5441284179688,1430.459228515625,835.3712158203125,1424.7760009765625,819.4576721191406,11.366455078125,31.82708740234375
IMG_0030.mp4,1631,54.42108775442109,29.97,296,2,traffic_signs,0.40569713711738586,1011.9129638671875,785.3541259765625,1027.748291015625,804.6705932617188,1019.8306274414062,795.0123596191406,15.8353271484375,19.31646728515625
IMG_0030.mp4,1632,54.454454454454456,29.97,304,2,traffic_signs,0.6887048482894897,1421.802001953125,802.7481079101562,1432.9197998046875,835.76123046875,1427.3609008789062,819.2546691894531,11.1177978515625,33.01312255859375
IMG_0030.mp4,1632,54.454454454454456,29.97,296,2,traffic_signs,0.4861392676830292,1010.9642944335938,784.7467651367188,1026.8441162109375,804.1781005859375,1018.9042053222656,794.4624328613281,15.87982177734375,19.43133544921875
IMG_0030.mp4,1633,54.487821154487825,29.97,304,2,traffic_signs,0.7094952464103699,1423.8692626953125,803.0198974609375,1435.3011474609375,837.6680297851562,1429.585205078125,820.3439636230469,11.431884765625,34.64813232421875
IMG_0030.mp4,1633,54.487821154487825,29.97,296,2,traffic_signs,0.5709447264671326,1009.4864501953125,784.1953125,1025.8924560546875,803.90283203125,1017.689453125,794.049072265625,16.406005859375,19.70751953125
IMG_0030.mp4,1634,54.52118785452119,29.97,304,2,traffic_signs,0.6368420124053955,1426.9852294921875,802.549072265625,1438.093994140625,836.6697998046875,1432.5396118164062,819.6094360351562,11.1087646484375,34.1207275390625
IMG_0030.mp4,1634,54.52118785452119,29.97,296,2,traffic_signs,0.5764709711074829,1008.6875,783.59326171875,1025.398681640625,803.2325439453125,1017.0430908203125,793.4129028320312,16.711181640625,19.6392822265625
IMG_0030.mp4,1635,54.55455455455456,29.97,304,2,traffic_signs,0.5982691049575806,1429.81201171875,801.3496704101562,1441.7322998046875,836.1929931640625,1435.7721557617188,818.7713317871094,11.9202880859375,34.84332275390625
IMG_0030.mp4,1635,54.55455455455456,29.97,296,2,traffic_signs,0.45761552453041077,1008.43798828125,783.560302734375,1025.7122802734375,803.1260375976562,1017.0751342773438,793.3431701660156,17.2742919921875,19.56573486328125
IMG_0030.mp4,1637,54.62128795462129,29.97,304,2,traffic_signs,0.26015931367874146,1434.6575927734375,800.4154052734375,1447.6572265625,835.4497680664062,1441.1574096679688,817.9325866699219,12.9996337890625,35.03436279296875
IMG_0030.mp4,1638,54.65465465465466,29.97,304,2,traffic_signs,0.34788060188293457,1438.203369140625,800.4491577148438,1450.9610595703125,834.3280029296875,1444.5822143554688,817.3885803222656,12.7576904296875,33.87884521484375
IMG_0030.mp4,1639,54.688021354688026,29.97,304,2,traffic_signs,0.34258443117141724,1440.4710693359375,800.4473266601562,1454.201416015625,833.6962890625,1447.3362426757812,817.0718078613281,13.7303466796875,33.24896240234375
IMG_0030.mp4,1640,54.72138805472139,29.97,304,2,traffic_signs,0.3535992205142975,1443.230224609375,799.528076171875,1457.470947265625,833.0006713867188,1450.3505859375,816.2643737792969,14.24072265625,33.47259521484375
IMG_0030.mp4,1641,54.75475475475476,29.97,304,2,traffic_signs,0.6023286581039429,1445.6737060546875,799.2936401367188,1460.9732666015625,831.9814453125,1453.323486328125,815.6375427246094,15.299560546875,32.68780517578125
IMG_0030.mp4,1642,54.788121454788126,29.97,304,2,traffic_signs,0.3174079954624176,1448.4052734375,799.189453125,1464.8360595703125,831.3101196289062,1456.6206665039062,815.2497863769531,16.4307861328125,32.12066650390625
IMG_0030.mp4,1645,54.888221554888226,29.97,304,2,traffic_signs,0.4672714173793793,1458.8448486328125,797.46142578125,1475.069091796875,829.683837890625,1466.9569702148438,813.5726318359375,16.2242431640625,32.222412109375
IMG_0030.mp4,1646,54.92158825492159,29.97,304,2,traffic_signs,0.34257742762565613,1462.459716796875,797.3433227539062,1478.743408203125,828.5696411132812,1470.6015625,812.9564819335938,16.28369140625,31.226318359375
IMG_0030.mp4,1647,54.95495495495496,29.97,304,2,traffic_signs,0.5138964653015137,1465.3505859375,796.7720336914062,1482.596923828125,827.5888061523438,1473.9737548828125,812.180419921875,17.246337890625,30.8167724609375
IMG_0030.mp4,1648,54.988321654988326,29.97,304,2,traffic_signs,0.7776199579238892,1469.8253173828125,796.00146484375,1486.1820068359375,827.1805419921875,1478.003662109375,811.5910034179688,16.356689453125,31.1790771484375
IMG_0030.mp4,1648,54.988321654988326,29.97,316,2,traffic_signs,0.45478615164756775,1280.79931640625,798.4628295898438,1294.38671875,818.748779296875,1287.593017578125,808.6058044433594,13.58740234375,20.28594970703125
IMG_0030.mp4,1649,55.02168835502169,29.97,304,2,traffic_signs,0.7316606044769287,1474.2381591796875,794.76220703125,1490.637451171875,825.6930541992188,1482.4378051757812,810.2276306152344,16.3992919921875,30.93084716796875
IMG_0030.mp4,1649,55.02168835502169,29.97,316,2,traffic_signs,0.5386867523193359,1281.0633544921875,797.1311645507812,1295.10205078125,818.2351684570312,1288.0827026367188,807.6831665039062,14.0386962890625,21.10400390625
IMG_0030.mp4,1650,55.05505505505506,29.97,304,2,traffic_signs,0.7108618021011353,1477.99658203125,793.4501342773438,1493.8472900390625,824.4818725585938,1485.9219360351562,808.9660034179688,15.8507080078125,31.03173828125
IMG_0030.mp4,1650,55.05505505505506,29.97,316,2,traffic_signs,0.47258082032203674,1281.120361328125,796.8638916015625,1294.67041015625,818.8091430664062,1287.8953857421875,807.8365173339844,13.550048828125,21.94525146484375
IMG_0030.mp4,1651,55.088421755088426,29.97,304,2,traffic_signs,0.7395686507225037,1481.8682861328125,792.3667602539062,1497.2900390625,824.9837036132812,1489.5791625976562,808.6752319335938,15.4217529296875,32.616943359375
IMG_0030.mp4,1651,55.088421755088426,29.97,316,2,traffic_signs,0.38685017824172974,1281.1539306640625,796.3880615234375,1294.7110595703125,817.67236328125,1287.9324951171875,807.0302124023438,13.55712890625,21.2843017578125
IMG_0030.mp4,1652,55.12178845512179,29.97,304,2,traffic_signs,0.2745105028152466,1487.1343994140625,791.072021484375,1501.6043701171875,824.1969604492188,1494.369384765625,807.6344909667969,14.469970703125,33.12493896484375
IMG_0030.mp4,1652,55.12178845512179,29.97,316,2,traffic_signs,0.5680365562438965,1281.667724609375,795.9110717773438,1295.934326171875,818.08642578125,1288.801025390625,806.9987487792969,14.2666015625,22.17535400390625
IMG_0030.mp4,1653,55.15515515515516,29.97,304,2,traffic_signs,0.81731116771698,1491.53125,789.9487915039062,1506.3179931640625,823.0966796875,1498.9246215820312,806.5227355957031,14.7867431640625,33.14788818359375
IMG_0030.mp4,1653,55.15515515515516,29.97,316,2,traffic_signs,0.6988413333892822,1282.9332275390625,795.2298583984375,1297.4014892578125,818.3298950195312,1290.1673583984375,806.7798767089844,14.46826171875,23.10003662109375
IMG_0030.mp4,1654,55.188521855188526,29.97,304,2,traffic_signs,0.8237068057060242,1495.2603759765625,789.597412109375,1510.380859375,823.15087890625,1502.8206176757812,806.3741455078125,15.1204833984375,33.553466796875
IMG_0030.mp4,1654,55.188521855188526,29.97,316,2,traffic_signs,0.6711349487304688,1283.4034423828125,795.6426391601562,1297.92919921875,819.615478515625,1290.6663208007812,807.6290588378906,14.5257568359375,23.97283935546875
IMG_0030.mp4,1655,55.22188855522189,29.97,304,2,traffic_signs,0.847865879535675,1499.1849365234375,788.7802124023438,1515.23974609375,822.4337768554688,1507.2123413085938,805.6069946289062,16.0548095703125,33.653564453125
IMG_0030.mp4,1655,55.22188855522189,29.97,316,2,traffic_signs,0.6785999536514282,1283.348876953125,795.4451293945312,1298.2322998046875,819.5740966796875,1290.7905883789062,807.5096130371094,14.8834228515625,24.12896728515625
IMG_0030.mp4,1656,55.25525525525526,29.97,304,2,traffic_signs,0.8703453540802002,1502.4981689453125,787.6203002929688,1519.71728515625,822.8517456054688,1511.1077270507812,805.2360229492188,17.2191162109375,35.2314453125
IMG_0030.mp4,1656,55.25525525525526,29.97,316,2,traffic_signs,0.6699858903884888,1283.9454345703125,795.4290161132812,1298.5313720703125,819.765380859375,1291.2384033203125,807.5971984863281,14.5859375,24.33636474609375
IMG_0030.mp4,1657,55.288621955288626,29.97,304,2,traffic_signs,0.8202176094055176,1506.748046875,786.9196166992188,1523.7659912109375,822.428466796875,1515.2570190429688,804.6740417480469,17.0179443359375,35.50885009765625
IMG_0030.mp4,1657,55.288621955288626,29.97,316,2,traffic_signs,0.5658896565437317,1283.7568359375,796.0733032226562,1298.022705078125,820.51611328125,1290.8897705078125,808.2947082519531,14.265869140625,24.44281005859375
IMG_0030.mp4,1658,55.32198865532199,29.97,304,2,traffic_signs,0.7568439245223999,1512.0140380859375,786.5086669921875,1529.4114990234375,819.2789306640625,1520.7127685546875,802.893798828125,17.3974609375,32.770263671875
IMG_0030.mp4,1658,55.32198865532199,29.97,316,2,traffic_signs,0.4748794734477997,1284.5938720703125,796.985107421875,1298.28369140625,820.4010009765625,1291.4387817382812,808.6930541992188,13.6898193359375,23.4158935546875
IMG_0030.mp4,1659,55.35535535535536,29.97,304,2,traffic_signs,0.6879851222038269,1516.52685546875,785.2071533203125,1534.0731201171875,816.0405883789062,1525.2999877929688,800.6238708496094,17.5462646484375,30.83343505859375
IMG_0030.mp4,1659,55.35535535535536,29.97,316,2,traffic_signs,0.5127111673355103,1284.49609375,797.223388671875,1298.45751953125,820.6973876953125,1291.476806640625,808.9603881835938,13.96142578125,23.4739990234375
IMG_0030.mp4,1660,55.388722055388726,29.97,304,2,traffic_signs,0.6671006679534912,1520.6251220703125,783.9822387695312,1539.7762451171875,812.56298828125,1530.20068359375,798.2726135253906,19.151123046875,28.58074951171875
IMG_0030.mp4,1660,55.388722055388726,29.97,316,2,traffic_signs,0.495580792427063,1284.898193359375,797.7770385742188,1298.7808837890625,820.8872680664062,1291.8395385742188,809.3321533203125,13.8826904296875,23.1102294921875
IMG_0030.mp4,1661,55.42208875542209,29.97,304,2,traffic_signs,0.4915681779384613,1525.5352783203125,781.552734375,1545.518310546875,809.4904174804688,1535.5267944335938,795.5215759277344,19.9830322265625,27.93768310546875
IMG_0030.mp4,1661,55.42208875542209,29.97,316,2,traffic_signs,0.289059579372406,1285.69873046875,799.8894653320312,1298.945556640625,820.6502075195312,1292.3221435546875,810.2698364257812,13.246826171875,20.7607421875
IMG_0030.mp4,1662,55.45545545545546,29.97,316,2,traffic_signs,0.3820202946662903,1286.856201171875,803.2581176757812,1299.462890625,820.9609985351562,1293.1595458984375,812.1095581054688,12.606689453125,17.702880859375
IMG_0030.mp4,1663,55.488822155488826,29.97,316,2,traffic_signs,0.39926838874816895,1287.052734375,804.1387329101562,1299.4647216796875,820.921142578125,1293.2587280273438,812.5299377441406,12.4119873046875,16.78240966796875
IMG_0030.mp4,1664,55.52218885552219,29.97,316,2,traffic_signs,0.37435707449913025,1286.9771728515625,803.5736083984375,1299.6531982421875,820.7821655273438,1293.315185546875,812.1778869628906,12.676025390625,17.20855712890625
IMG_0030.mp4,1668,55.65565565565566,29.97,320,2,traffic_signs,0.6133727431297302,1833.6038818359375,1015.9708862304688,1920.0,1075.490234375,1876.8019409179688,1045.7305603027344,86.3961181640625,59.51934814453125
IMG_0030.mp4,1670,55.72238905572239,29.97,322,2,traffic_signs,0.3813750445842743,1293.8310546875,804.661376953125,1305.5374755859375,819.929443359375,1299.6842651367188,812.29541015625,11.7064208984375,15.26806640625
IMG_0030.mp4,1671,55.75575575575576,29.97,323,2,traffic_signs,0.7445707321166992,1452.57080078125,801.7105712890625,1466.992919921875,830.07666015625,1459.7818603515625,815.8936157226562,14.422119140625,28.3660888671875
IMG_0030.mp4,1672,55.789122455789126,29.97,323,2,traffic_signs,0.7840151190757751,1455.4478759765625,801.6180419921875,1469.845947265625,831.4359130859375,1462.6469116210938,816.5269775390625,14.3980712890625,29.81787109375
IMG_0030.mp4,1673,55.82248915582249,29.97,323,2,traffic_signs,0.8188614249229431,1457.8787841796875,801.1707763671875,1472.5987548828125,832.2975463867188,1465.23876953125,816.7341613769531,14.719970703125,31.12677001953125
IMG_0030.mp4,1674,55.85585585585586,29.97,323,2,traffic_signs,0.7969101071357727,1461.3553466796875,800.802001953125,1475.5438232421875,832.4286499023438,1468.4495849609375,816.6153259277344,14.1884765625,31.62664794921875
IMG_0030.mp4,1675,55.889222555889226,29.97,323,2,traffic_signs,0.8699405789375305,1464.119140625,799.8755493164062,1478.4921875,832.4490966796875,1471.3056640625,816.1623229980469,14.373046875,32.57354736328125
IMG_0030.mp4,1676,55.92258925592259,29.97,323,2,traffic_signs,0.40043893456459045,1467.2691650390625,799.2421264648438,1481.5120849609375,832.3373413085938,1474.390625,815.7897338867188,14.242919921875,33.09521484375
IMG_0030.mp4,1677,55.95595595595596,29.97,333,2,traffic_signs,0.7485187649726868,1353.95068359375,959.1283569335938,1379.5396728515625,971.03076171875,1366.7451782226562,965.0795593261719,25.5889892578125,11.90240478515625
IMG_0030.mp4,1678,55.98932265598933,29.97,333,2,traffic_signs,0.727114737033844,1359.6627197265625,961.9111938476562,1384.5028076171875,973.917236328125,1372.082763671875,967.9142150878906,24.840087890625,12.00604248046875
IMG_0030.mp4,1678,55.98932265598933,29.97,323,2,traffic_signs,0.431316077709198,1474.0496826171875,797.8721923828125,1488.727294921875,831.9609375,1481.3884887695312,814.9165649414062,14.6776123046875,34.0887451171875
IMG_0030.mp4,1680,56.05605605605606,29.97,336,2,traffic_signs,0.8432818055152893,1643.7772216796875,755.2937622070312,1675.0321044921875,805.4165649414062,1659.4046630859375,780.3551635742188,31.2548828125,50.122802734375
IMG_0030.mp4,1681,56.08942275608943,29.97,336,2,traffic_signs,0.4913899302482605,1654.4822998046875,752.900390625,1686.989013671875,804.2675170898438,1670.7356567382812,778.5839538574219,32.5067138671875,51.36712646484375
IMG_0030.mp4,1682,56.12278945612279,29.97,336,2,traffic_signs,0.44251134991645813,1660.6341552734375,751.2560424804688,1694.6090087890625,803.5670776367188,1677.62158203125,777.4115600585938,33.974853515625,52.31103515625
IMG_0030.mp4,1683,56.15615615615616,29.97,336,2,traffic_signs,0.823759138584137,1667.932373046875,749.8622436523438,1702.694580078125,803.0034790039062,1685.3134765625,776.432861328125,34.76220703125,53.1412353515625
IMG_0030.mp4,1684,56.18952285618953,29.97,336,2,traffic_signs,0.8898653984069824,1677.53173828125,747.7406005859375,1712.57861328125,802.2587280273438,1695.05517578125,774.9996643066406,35.046875,54.51812744140625
IMG_0030.mp4,1685,56.22288955622289,29.97,336,2,traffic_signs,0.9076417088508606,1686.653564453125,745.9413452148438,1722.8304443359375,800.6798706054688,1704.7420043945312,773.3106079101562,36.1768798828125,54.738525390625
IMG_0030.mp4,1686,56.25625625625626,29.97,336,2,traffic_signs,0.41745850443840027,1696.001220703125,742.6387939453125,1734.5341796875,798.2697143554688,1715.2677001953125,770.4542541503906,38.532958984375,55.63092041015625
IMG_0030.mp4,1687,56.28962295628963,29.97,336,2,traffic_signs,0.8613665699958801,1705.156982421875,740.4786376953125,1745.5977783203125,796.3251342773438,1725.3773803710938,768.4018859863281,40.4407958984375,55.84649658203125
IMG_0030.mp4,1688,56.32298965632299,29.97,336,2,traffic_signs,0.8855381608009338,1717.1026611328125,737.772216796875,1759.6168212890625,795.4009399414062,1738.3597412109375,766.5865783691406,42.51416015625,57.62872314453125
IMG_0030.mp4,1689,56.35635635635636,29.97,336,2,traffic_signs,0.8767638206481934,1726.4366455078125,734.9261474609375,1770.201416015625,794.2229614257812,1748.3190307617188,764.5745544433594,43.7647705078125,59.29681396484375
IMG_0030.mp4,1690,56.38972305638973,29.97,336,2,traffic_signs,0.8968008756637573,1739.2442626953125,731.7869873046875,1785.1478271484375,793.9074096679688,1762.196044921875,762.8471984863281,45.903564453125,62.12042236328125
IMG_0030.mp4,1691,56.42308975642309,29.97,336,2,traffic_signs,0.8982298374176025,1748.0701904296875,729.8538208007812,1794.8994140625,793.2139282226562,1771.4848022460938,761.5338745117188,46.8292236328125,63.360107421875
IMG_0030.mp4,1691,56.42308975642309,29.97,343,2,traffic_signs,0.43927446007728577,1308.1455078125,797.311279296875,1317.7711181640625,814.369384765625,1312.9583129882812,805.84033203125,9.6256103515625,17.05810546875
IMG_0030.mp4,1692,56.45645645645646,29.97,336,2,traffic_signs,0.9149520397186279,1760.6090087890625,726.4835815429688,1809.13330078125,791.19189453125,1784.8711547851562,758.8377380371094,48.5242919921875,64.70831298828125
IMG_0030.mp4,1692,56.45645645645646,29.97,343,2,traffic_signs,0.5310153365135193,1309.575927734375,797.1424560546875,1318.8555908203125,813.865478515625,1314.2157592773438,805.5039672851562,9.2796630859375,16.7230224609375
IMG_0030.mp4,1693,56.48982315648983,29.97,336,2,traffic_signs,0.9160937070846558,1771.397216796875,723.7427368164062,1821.072509765625,788.5775146484375,1796.23486328125,756.1601257324219,49.67529296875,64.83477783203125
IMG_0030.mp4,1693,56.48982315648983,29.97,343,2,traffic_signs,0.5630795359611511,1309.848388671875,796.9854736328125,1318.9891357421875,813.66796875,1314.4187622070312,805.3267211914062,9.1407470703125,16.6824951171875
IMG_0030.mp4,1694,56.52318985652319,29.97,336,2,traffic_signs,0.9021098613739014,1784.85693359375,721.3929443359375,1835.8802490234375,786.368408203125,1810.3685913085938,753.8806762695312,51.0233154296875,64.9754638671875
IMG_0030.mp4,1694,56.52318985652319,29.97,343,2,traffic_signs,0.5472303628921509,1310.8135986328125,797.0862426757812,1319.8970947265625,813.3927001953125,1315.3553466796875,805.2394714355469,9.08349609375,16.30645751953125
IMG_0030.mp4,1695,56.55655655655656,29.97,336,2,traffic_signs,0.7372381091117859,1795.049560546875,718.2383422851562,1848.78369140625,785.16455078125,1821.9166259765625,751.7014465332031,53.734130859375,66.92620849609375
IMG_0030.mp4,1695,56.55655655655656,29.97,343,2,traffic_signs,0.5351555943489075,1310.9044189453125,796.283447265625,1320.295654296875,813.4204711914062,1315.6000366210938,804.8519592285156,9.3912353515625,17.13702392578125
IMG_0030.mp4,1696,56.58992325658993,29.97,336,2,traffic_signs,0.6781781315803528,1807.0408935546875,715.5475463867188,1863.673828125,784.0968017578125,1835.3573608398438,749.8221740722656,56.6329345703125,68.54925537109375
IMG_0030.mp4,1696,56.58992325658993,29.97,343,2,traffic_signs,0.5736035108566284,1311.1710205078125,795.6953735351562,1320.8541259765625,813.9583129882812,1316.0125732421875,804.8268432617188,9.68310546875,18.262939453125
IMG_0030.mp4,1696,56.58992325658993,29.97,352,2,traffic_signs,0.6332282423973083,1498.2384033203125,888.4409790039062,1606.9027099609375,936.73974609375,1552.570556640625,912.5903625488281,108.664306640625,48.29876708984375
IMG_0030.mp4,1697,56.62328995662329,29.97,336,2,traffic_signs,0.6201072931289673,1822.123291015625,711.4434204101562,1880.27294921875,782.0902099609375,1851.1981201171875,746.7668151855469,58.149658203125,70.64678955078125
IMG_0030.mp4,1697,56.62328995662329,29.97,343,2,traffic_signs,0.5867425203323364,1311.71142578125,794.7966918945312,1321.9088134765625,814.106201171875,1316.8101196289062,804.4514465332031,10.1973876953125,19.30950927734375
IMG_0030.mp4,1697,56.62328995662329,29.97,352,2,traffic_signs,0.776131808757782,1512.659912109375,889.7293090820312,1626.93408203125,941.05908203125,1569.7969970703125,915.3941955566406,114.274169921875,51.32977294921875
IMG_0030.mp4,1697,56.62328995662329,29.97,354,2,traffic_signs,0.4871492087841034,1821.37890625,710.966064453125,1880.46728515625,782.1583251953125,1850.923095703125,746.5621948242188,59.08837890625,71.1922607421875
IMG_0030.mp4,1698,56.65665665665666,29.97,336,2,traffic_signs,0.26989737153053284,1837.0557861328125,707.1533203125,1897.032958984375,779.638427734375,1867.0443725585938,743.3958740234375,59.9771728515625,72.485107421875
IMG_0030.mp4,1698,56.65665665665666,29.97,343,2,traffic_signs,0.5541478991508484,1312.925048828125,794.0023193359375,1322.998046875,812.0614013671875,1317.9615478515625,803.0318603515625,10.072998046875,18.05908203125
IMG_0030.mp4,1698,56.65665665665666,29.97,352,2,traffic_signs,0.8998658657073975,1530.3616943359375,890.9340209960938,1652.1488037109375,944.9889526367188,1591.2552490234375,917.9614868164062,121.787109375,54.054931640625
IMG_0030.mp4,1698,56.65665665665666,29.97,356,2,traffic_signs,0.7276382446289062,1215.6348876953125,804.2197265625,1233.537841796875,823.4078369140625,1224.5863647460938,813.8137817382812,17.9029541015625,19.1881103515625
IMG_0030.mp4,1699,56.69002335669003,29.97,343,2,traffic_signs,0.48224812746047974,1313.50537109375,793.3648681640625,1323.8656005859375,811.1375122070312,1318.6854858398438,802.2511901855469,10.3602294921875,17.77264404296875
IMG_0030.mp4,1699,56.69002335669003,29.97,352,2,traffic_signs,0.8762238621711731,1550.3702392578125,893.013427734375,1680.5501708984375,949.4230346679688,1615.460205078125,921.2182312011719,130.179931640625,56.40960693359375
IMG_0030.mp4,1699,56.69002335669003,29.97,356,2,traffic_signs,0.7487739324569702,1215.8331298828125,803.6082763671875,1233.7313232421875,822.8383178710938,1224.7822265625,813.2232971191406,17.898193359375,19.23004150390625
IMG_0030.mp4,1700,56.72339005672339,29.97,343,2,traffic_signs,0.2522587180137634,1314.207275390625,793.0194091796875,1324.627685546875,810.6414184570312,1319.41748046875,801.8304138183594,10.42041015625,17.62200927734375
IMG_0030.mp4,1700,56.72339005672339,29.97,352,2,traffic_signs,0.898310661315918,1570.818603515625,894.599853515625,1711.0802001953125,954.815185546875,1640.9494018554688,924.70751953125,140.2615966796875,60.21533203125
IMG_0030.mp4,1700,56.72339005672339,29.97,356,2,traffic_signs,0.7339966297149658,1216.11669921875,803.218017578125,1234.008544921875,822.6658325195312,1225.0626220703125,812.9419250488281,17.891845703125,19.44781494140625
IMG_0030.mp4,1701,56.75675675675676,29.97,352,2,traffic_signs,0.880171537399292,1596.2093505859375,897.1682739257812,1744.121826171875,960.8675537109375,1670.1655883789062,929.0179138183594,147.9124755859375,63.69927978515625
IMG_0030.mp4,1701,56.75675675675676,29.97,356,2,traffic_signs,0.7559628486633301,1215.8253173828125,802.91796875,1233.85888671875,822.271484375,1224.8421020507812,812.5947265625,18.0335693359375,19.353515625
IMG_0030.mp4,1702,56.79012345679013,29.97,352,2,traffic_signs,0.6394802331924438,1620.224853515625,899.01708984375,1783.754150390625,966.7106323242188,1701.989501953125,932.8638610839844,163.529296875,67.69354248046875
IMG_0030.mp4,1702,56.79012345679013,29.97,356,2,traffic_signs,0.8023629188537598,1216.5299072265625,802.0877075195312,1234.4671630859375,822.2254638671875,1225.49853515625,812.1565856933594,17.937255859375,20.13775634765625
IMG_0030.mp4,1703,56.82349015682349,29.97,356,2,traffic_signs,0.759153425693512,1217.1199951171875,801.6141967773438,1234.8201904296875,822.1924438476562,1225.9700927734375,811.9033203125,17.7001953125,20.5782470703125
IMG_0030.mp4,1704,56.85685685685686,29.97,356,2,traffic_signs,0.7760928869247437,1217.5372314453125,801.467529296875,1235.090576171875,822.03369140625,1226.3139038085938,811.7506103515625,17.5533447265625,20.566162109375
IMG_0030.mp4,1705,56.89022355689023,29.97,356,2,traffic_signs,0.6879611611366272,1218.3226318359375,801.0433959960938,1235.61083984375,821.9241333007812,1226.9667358398438,811.4837646484375,17.2882080078125,20.8807373046875
IMG_0030.mp4,1705,56.89022355689023,29.97,361,2,traffic_signs,0.43926432728767395,1319.5208740234375,792.1515502929688,1329.703369140625,810.281494140625,1324.6121215820312,801.2165222167969,10.1824951171875,18.12994384765625
IMG_0030.mp4,1706,56.92359025692359,29.97,356,2,traffic_signs,0.6177946329116821,1218.5701904296875,800.801513671875,1235.6766357421875,821.627197265625,1227.1234130859375,811.21435546875,17.1064453125,20.82568359375
IMG_0030.mp4,1706,56.92359025692359,29.97,361,2,traffic_signs,0.4934541583061218,1320.391845703125,791.9555053710938,1330.2320556640625,809.687744140625,1325.3119506835938,800.8216247558594,9.8402099609375,17.73223876953125
IMG_0030.mp4,1707,56.95695695695696,29.97,356,2,traffic_signs,0.34394100308418274,1219.2340087890625,799.3666381835938,1237.015869140625,821.2332153320312,1228.1249389648438,810.2999267578125,17.7818603515625,21.8665771484375
IMG_0030.mp4,1707,56.95695695695696,29.97,361,2,traffic_signs,0.27955162525177,1321.545654296875,791.3689575195312,1331.4849853515625,808.8405151367188,1326.5153198242188,800.104736328125,9.9393310546875,17.4715576171875
IMG_0030.mp4,1708,56.99032365699033,29.97,356,2,traffic_signs,0.2644096314907074,1219.4951171875,798.58837890625,1237.67333984375,821.0396118164062,1228.584228515625,809.8139953613281,18.17822265625,22.45123291015625
IMG_0030.mp4,1709,57.02369035702369,29.97,356,2,traffic_signs,0.4181298613548279,1219.99853515625,798.1401977539062,1238.3594970703125,821.0087890625,1229.1790161132812,809.5744934082031,18.3609619140625,22.86859130859375
IMG_0030.mp4,1709,57.02369035702369,29.97,364,2,traffic_signs,0.5461039543151855,987.6444702148438,784.2108154296875,1001.4263305664062,803.8980712890625,994.535400390625,794.054443359375,13.7818603515625,19.687255859375
IMG_0030.mp4,1710,57.05705705705706,29.97,356,2,traffic_signs,0.4821738600730896,1221.0831298828125,798.31494140625,1239.0455322265625,821.2962646484375,1230.0643310546875,809.8056030273438,17.96240234375,22.9813232421875
IMG_0030.mp4,1710,57.05705705705706,29.97,364,2,traffic_signs,0.4985003173351288,987.0934448242188,783.7938232421875,1000.8634033203125,803.6734619140625,993.9784240722656,793.733642578125,13.76995849609375,19.879638671875
IMG_0030.mp4,1710,57.05705705705706,29.97,361,2,traffic_signs,0.5314988493919373,1325.7698974609375,790.48583984375,1335.980224609375,807.8465576171875,1330.8750610351562,799.1661987304688,10.2103271484375,17.3607177734375
IMG_0030.mp4,1711,57.09042375709043,29.97,356,2,traffic_signs,0.42655637860298157,1221.93115234375,798.7472534179688,1239.776123046875,821.0635986328125,1230.8536376953125,809.9054260253906,17.844970703125,22.31634521484375
IMG_0030.mp4,1711,57.09042375709043,29.97,364,2,traffic_signs,0.4381486475467682,986.1116333007812,783.42138671875,999.8007202148438,804.1748657226562,992.9561767578125,793.7981262207031,13.6890869140625,20.75347900390625
IMG_0030.mp4,1712,57.12379045712379,29.97,356,2,traffic_signs,0.5397151708602905,1223.118896484375,798.6997680664062,1240.6998291015625,820.051025390625,1231.9093627929688,809.3753967285156,17.5809326171875,21.35125732421875
IMG_0030.mp4,1712,57.12379045712379,29.97,364,2,traffic_signs,0.4031056761741638,985.6048583984375,783.0691528320312,999.1568603515625,804.0741577148438,992.380859375,793.5716552734375,13.552001953125,21.0050048828125
IMG_0030.mp4,1712,57.12379045712379,29.97,365,2,traffic_signs,0.5505872964859009,1629.25390625,767.1388549804688,1661.335693359375,806.5653686523438,1645.2947998046875,786.8521118164062,32.081787109375,39.426513671875
IMG_0030.mp4,1712,57.12379045712379,29.97,361,2,traffic_signs,0.29734858870506287,1328.2835693359375,790.04541015625,1338.476318359375,808.33056640625,1333.3799438476562,799.18798828125,10.1927490234375,18.28515625
IMG_0030.mp4,1713,57.15715715715716,29.97,356,2,traffic_signs,0.6054808497428894,1223.6668701171875,798.8716430664062,1241.434326171875,819.8915405273438,1232.5505981445312,809.381591796875,17.7674560546875,21.0198974609375
IMG_0030.mp4,1713,57.15715715715716,29.97,364,2,traffic_signs,0.3468938171863556,984.71923828125,783.0996704101562,997.8189697265625,804.29052734375,991.2691040039062,793.6950988769531,13.0997314453125,21.19085693359375
IMG_0030.mp4,1713,57.15715715715716,29.97,365,2,traffic_signs,0.7825531363487244,1637.1849365234375,765.7986450195312,1668.8912353515625,810.4976806640625,1653.0380859375,788.1481628417969,31.706298828125,44.69903564453125
IMG_0030.mp4,1713,57.15715715715716,29.97,361,2,traffic_signs,0.47458362579345703,1329.3797607421875,789.8023071289062,1339.3568115234375,808.59423828125,1334.3682861328125,799.1982727050781,9.97705078125,18.79193115234375
IMG_0030.mp4,1714,57.19052385719053,29.97,356,2,traffic_signs,0.7255273461341858,1224.419921875,799.1484985351562,1242.216796875,820.0906982421875,1233.318359375,809.6195983886719,17.796875,20.94219970703125
IMG_0030.mp4,1714,57.19052385719053,29.97,364,2,traffic_signs,0.5391936302185059,984.2060546875,783.3180541992188,997.1767578125,804.2283325195312,990.69140625,793.773193359375,12.970703125,20.9102783203125
IMG_0030.mp4,1714,57.19052385719053,29.97,365,2,traffic_signs,0.8807712197303772,1645.364990234375,764.6365356445312,1677.0972900390625,812.9593505859375,1661.2311401367188,788.7979431152344,31.7322998046875,48.32281494140625
IMG_0030.mp4,1714,57.19052385719053,29.97,361,2,traffic_signs,0.575469434261322,1330.9520263671875,790.04296875,1340.91650390625,808.7435302734375,1335.9342651367188,799.3932495117188,9.9644775390625,18.7005615234375
IMG_0030.mp4,1715,57.223890557223896,29.97,356,2,traffic_signs,0.6567875146865845,1225.267333984375,798.692626953125,1242.868408203125,819.1743774414062,1234.06787109375,808.9335021972656,17.60107421875,20.48175048828125
IMG_0030.mp4,1715,57.223890557223896,29.97,364,2,traffic_signs,0.6526657342910767,983.87109375,783.738037109375,996.6731567382812,803.7979736328125,990.2721252441406,793.7680053710938,12.80206298828125,20.0599365234375
IMG_0030.mp4,1715,57.223890557223896,29.97,365,2,traffic_signs,0.8140464425086975,1652.7305908203125,762.4531860351562,1685.280029296875,812.86083984375,1669.0053100585938,787.6570129394531,32.5494384765625,50.40765380859375
IMG_0030.mp4,1715,57.223890557223896,29.97,361,2,traffic_signs,0.6850676536560059,1332.3028564453125,789.1026000976562,1342.4312744140625,808.3564453125,1337.3670654296875,798.7295227050781,10.12841796875,19.25384521484375
IMG_0030.mp4,1716,57.25725725725726,29.97,356,2,traffic_signs,0.7600643038749695,1226.3975830078125,798.6863403320312,1244.30224609375,818.8140258789062,1235.3499145507812,808.7501831054688,17.9046630859375,20.127685546875
IMG_0030.mp4,1716,57.25725725725726,29.97,364,2,traffic_signs,0.6827318072319031,983.7484130859375,783.7799072265625,996.5133056640625,803.494873046875,990.130859375,793.6373901367188,12.764892578125,19.7149658203125
IMG_0030.mp4,1716,57.25725725725726,29.97,365,2,traffic_signs,0.8683172464370728,1661.51708984375,761.6602783203125,1694.2203369140625,812.4808959960938,1677.8687133789062,787.0705871582031,32.7032470703125,50.82061767578125
IMG_0030.mp4,1716,57.25725725725726,29.97,361,2,traffic_signs,0.6672366261482239,1334.232177734375,788.5787963867188,1344.400390625,807.5248413085938,1339.3162841796875,798.0518188476562,10.168212890625,18.946044921875
IMG_0030.mp4,1717,57.29062395729063,29.97,356,2,traffic_signs,0.30799639225006104,1226.8775634765625,799.116943359375,1244.9976806640625,818.4708251953125,1235.9376220703125,808.7938842773438,18.1201171875,19.3538818359375
IMG_0030.mp4,1717,57.29062395729063,29.97,364,2,traffic_signs,0.6223535537719727,983.5361938476562,783.6940307617188,996.0925903320312,803.076904296875,989.8143920898438,793.3854675292969,12.556396484375,19.38287353515625
IMG_0030.mp4,1717,57.29062395729063,29.97,365,2,traffic_signs,0.8334202170372009,1669.350830078125,760.4896240234375,1703.2130126953125,811.9970703125,1686.2819213867188,786.2433471679688,33.8621826171875,51.5074462890625
IMG_0030.mp4,1717,57.29062395729063,29.97,361,2,traffic_signs,0.7320442795753479,1335.39111328125,788.2577514648438,1345.8143310546875,807.6010131835938,1340.6027221679688,797.9293823242188,10.4232177734375,19.34326171875
IMG_0030.mp4,1718,57.323990657323996,29.97,356,2,traffic_signs,0.7455109357833862,1227.35888671875,798.2077026367188,1245.4371337890625,817.77978515625,1236.3980102539062,807.9937438964844,18.0782470703125,19.57208251953125
IMG_0030.mp4,1718,57.323990657323996,29.97,364,2,traffic_signs,0.48098668456077576,982.9221801757812,782.8839721679688,995.3364868164062,802.4301147460938,989.1293334960938,792.6570434570312,12.414306640625,19.546142578125
IMG_0030.mp4,1718,57.323990657323996,29.97,365,2,traffic_signs,0.8154268860816956,1676.812255859375,758.9210205078125,1711.910400390625,811.5626831054688,1694.361328125,785.2418518066406,35.09814453125,52.64166259765625
IMG_0030.mp4,1718,57.323990657323996,29.97,361,2,traffic_signs,0.8104670643806458,1336.5523681640625,787.4545288085938,1347.111328125,806.9819946289062,1341.8318481445312,797.21826171875,10.5589599609375,19.5274658203125
IMG_0030.mp4,1719,57.35735735735736,29.97,356,2,traffic_signs,0.7980853319168091,1228.28173828125,797.3236694335938,1246.66455078125,817.2731323242188,1237.47314453125,807.2984008789062,18.3828125,19.949462890625
IMG_0030.mp4,1719,57.35735735735736,29.97,364,2,traffic_signs,0.5730804800987244,981.904541015625,782.4891967773438,994.8821411132812,801.3751831054688,988.3933410644531,791.9321899414062,12.97760009765625,18.885986328125
IMG_0030.mp4,1719,57.35735735735736,29.97,365,2,traffic_signs,0.6540230512619019,1685.839111328125,757.567626953125,1721.4205322265625,811.2537231445312,1703.6298217773438,784.4106750488281,35.5814208984375,53.68609619140625
IMG_0030.mp4,1719,57.35735735735736,29.97,361,2,traffic_signs,0.7897690534591675,1337.9754638671875,786.7667236328125,1348.92529296875,806.9507446289062,1343.4503784179688,796.8587341308594,10.9498291015625,20.18402099609375
IMG_0030.mp4,1720,57.39072405739073,29.97,356,2,traffic_signs,0.8213299512863159,1229.15478515625,796.8281860351562,1247.8748779296875,817.228271484375,1238.5148315429688,807.0282287597656,18.7200927734375,20.40008544921875
IMG_0030.mp4,1720,57.39072405739073,29.97,364,2,traffic_signs,0.5638637542724609,980.5912475585938,781.84423828125,994.4595947265625,801.06884765625,987.5254211425781,791.45654296875,13.86834716796875,19.224609375
IMG_0030.mp4,1720,57.39072405739073,29.97,365,2,traffic_signs,0.8672284483909607,1694.4124755859375,756.20556640625,1730.96142578125,810.6805419921875,1712.6869506835938,783.4430541992188,36.5489501953125,54.4749755859375
IMG_0030.mp4,1720,57.39072405739073,29.97,361,2,traffic_signs,0.6498245000839233,1339.882080078125,786.001953125,1350.8221435546875,806.7407836914062,1345.3521118164062,796.3713684082031,10.9400634765625,20.73883056640625
IMG_0030.mp4,1721,57.424090757424096,29.97,356,2,traffic_signs,0.8074670433998108,1229.795654296875,796.4874267578125,1248.6492919921875,817.3880615234375,1239.2224731445312,806.937744140625,18.8536376953125,20.900634765625
IMG_0030.mp4,1721,57.424090757424096,29.97,364,2,traffic_signs,0.4903719127178192,979.4305419921875,781.4385986328125,993.9966430664062,800.8370971679688,986.7135925292969,791.1378479003906,14.56610107421875,19.39849853515625
IMG_0030.mp4,1721,57.424090757424096,29.97,365,2,traffic_signs,0.8570669889450073,1703.9002685546875,754.88330078125,1740.1954345703125,810.7962646484375,1722.0478515625,782.8397827148438,36.295166015625,55.9129638671875
IMG_0030.mp4,1721,57.424090757424096,29.97,361,2,traffic_signs,0.5984533429145813,1341.080810546875,785.5628051757812,1351.925537109375,807.3742065429688,1346.503173828125,796.468505859375,10.8447265625,21.8114013671875
IMG_0030.mp4,1722,57.45745745745746,29.97,356,2,traffic_signs,0.762175440788269,1230.9296875,796.1295166015625,1249.422607421875,817.31982421875,1240.1761474609375,806.7246704101562,18.492919921875,21.1903076171875
IMG_0030.mp4,1722,57.45745745745746,29.97,364,2,traffic_signs,0.4237406849861145,979.0645141601562,781.1149291992188,994.0339965820312,800.7250366210938,986.5492553710938,790.9199829101562,14.969482421875,19.610107421875
IMG_0030.mp4,1722,57.45745745745746,29.97,365,2,traffic_signs,0.8366202712059021,1711.76806640625,752.3450317382812,1749.3931884765625,809.9641723632812,1730.5806274414062,781.1546020507812,37.6251220703125,57.619140625
IMG_0030.mp4,1722,57.45745745745746,29.97,361,2,traffic_signs,0.5638339519500732,1341.9498291015625,784.9343872070312,1353.15625,807.2683715820312,1347.5530395507812,796.1013793945312,11.2064208984375,22.333984375
IMG_0030.mp4,1723,57.49082415749083,29.97,356,2,traffic_signs,0.810538649559021,1231.8641357421875,796.0721435546875,1250.9197998046875,817.453125,1241.3919677734375,806.7626342773438,19.0556640625,21.3809814453125
IMG_0030.mp4,1723,57.49082415749083,29.97,364,2,traffic_signs,0.3457483649253845,978.3738403320312,780.0599365234375,993.4883422851562,800.6470947265625,985.9310913085938,790.353515625,15.114501953125,20.587158203125
IMG_0030.mp4,1723,57.49082415749083,29.97,365,2,traffic_signs,0.7480401992797852,1721.3826904296875,751.3032836914062,1759.9356689453125,809.2149658203125,1740.6591796875,780.2591247558594,38.552978515625,57.91168212890625
IMG_0030.mp4,1723,57.49082415749083,29.97,361,2,traffic_signs,0.5998494029045105,1343.5516357421875,784.8051147460938,1355.2012939453125,806.2041015625,1349.37646484375,795.5046081542969,11.649658203125,21.39898681640625
IMG_0030.mp4,1724,57.5241908575242,29.97,356,2,traffic_signs,0.7982373237609863,1233.080078125,795.86328125,1252.074462890625,817.2835693359375,1242.5772705078125,806.5734252929688,18.994384765625,21.4202880859375
IMG_0030.mp4,1724,57.5241908575242,29.97,364,2,traffic_signs,0.45432934165000916,978.1952514648438,779.6904296875,993.0254516601562,800.2698364257812,985.6103515625,789.9801330566406,14.8302001953125,20.57940673828125
IMG_0030.mp4,1724,57.5241908575242,29.97,365,2,traffic_signs,0.8535093069076538,1731.188232421875,749.7023315429688,1771.291015625,807.56689453125,1751.2396240234375,778.6346130371094,40.102783203125,57.86456298828125
IMG_0030.mp4,1724,57.5241908575242,29.97,361,2,traffic_signs,0.4399120807647705,1345.4833984375,784.6233520507812,1356.9195556640625,804.714111328125,1351.2014770507812,794.6687316894531,11.4361572265625,20.09075927734375
IMG_0030.mp4,1725,57.55755755755756,29.97,356,2,traffic_signs,0.851931631565094,1233.6829833984375,795.8170166015625,1253.3023681640625,817.0033569335938,1243.49267578125,806.4101867675781,19.619384765625,21.18634033203125
IMG_0030.mp4,1725,57.55755755755756,29.97,364,2,traffic_signs,0.3186793625354767,977.6846313476562,779.6578979492188,992.451904296875,799.8557739257812,985.0682678222656,789.7568359375,14.76727294921875,20.1978759765625
IMG_0030.mp4,1725,57.55755755755756,29.97,365,2,traffic_signs,0.6337197422981262,1740.421630859375,748.0921020507812,1782.0535888671875,806.12158203125,1761.2376098632812,777.1068420410156,41.6319580078125,58.02947998046875
IMG_0030.mp4,1725,57.55755755755756,29.97,361,2,traffic_signs,0.6462987065315247,1346.9930419921875,784.9295043945312,1358.2515869140625,804.5661010742188,1352.622314453125,794.747802734375,11.258544921875,19.6365966796875
IMG_0030.mp4,1726,57.59092425759093,29.97,356,2,traffic_signs,0.8367735743522644,1234.641845703125,795.2324829101562,1254.502685546875,817.0134887695312,1244.572265625,806.1229858398438,19.86083984375,21.781005859375
IMG_0030.mp4,1726,57.59092425759093,29.97,364,2,traffic_signs,0.4028497636318207,977.2355346679688,779.0198364257812,992.2393188476562,799.8368530273438,984.7374267578125,789.4283447265625,15.0037841796875,20.8170166015625
IMG_0030.mp4,1726,57.59092425759093,29.97,365,2,traffic_signs,0.6269567012786865,1751.29833984375,746.4210815429688,1794.4454345703125,806.1321411132812,1772.8718872070312,776.276611328125,43.1470947265625,59.7110595703125
IMG_0030.mp4,1726,57.59092425759093,29.97,361,2,traffic_signs,0.7096654176712036,1348.731201171875,784.2640380859375,1360.1375732421875,804.3766479492188,1354.4343872070312,794.3203430175781,11.4063720703125,20.11260986328125
IMG_0030.mp4,1727,57.6242909576243,29.97,356,2,traffic_signs,0.8327826261520386,1235.5372314453125,794.3590087890625,1255.98583984375,817.0103149414062,1245.7615356445312,805.6846618652344,20.4486083984375,22.65130615234375
IMG_0030.mp4,1727,57.6242909576243,29.97,364,2,traffic_signs,0.2629399597644806,977.02099609375,778.66552734375,991.7838745117188,799.743408203125,984.4024353027344,789.2044677734375,14.76287841796875,21.077880859375
IMG_0030.mp4,1727,57.6242909576243,29.97,365,2,traffic_signs,0.7991766929626465,1761.4732666015625,744.5554809570312,1807.3084716796875,806.0054931640625,1784.390869140625,775.2804870605469,45.835205078125,61.45001220703125
IMG_0030.mp4,1727,57.6242909576243,29.97,361,2,traffic_signs,0.40151524543762207,1350.19580078125,784.0663452148438,1362.073486328125,804.7864379882812,1356.1346435546875,794.4263916015625,11.877685546875,20.7200927734375
IMG_0030.mp4,1728,57.65765765765766,29.97,356,2,traffic_signs,0.826317310333252,1236.632080078125,793.4413452148438,1257.3433837890625,816.7173461914062,1246.9877319335938,805.079345703125,20.7113037109375,23.2760009765625
IMG_0030.mp4,1728,57.65765765765766,29.97,364,2,traffic_signs,0.4842214584350586,976.8448486328125,779.2874145507812,991.5155639648438,799.1295776367188,984.1802062988281,789.20849609375,14.67071533203125,19.8421630859375
IMG_0030.mp4,1728,57.65765765765766,29.97,365,2,traffic_signs,0.6517658233642578,1772.0286865234375,742.5699462890625,1819.192138671875,805.2133178710938,1795.6104125976562,773.8916320800781,47.1634521484375,62.64337158203125
IMG_0030.mp4,1728,57.65765765765766,29.97,361,2,traffic_signs,0.7277866005897522,1351.7884521484375,783.7645874023438,1363.7039794921875,805.4204711914062,1357.7462158203125,794.592529296875,11.91552734375,21.6558837890625
IMG_0030.mp4,1729,57.69102435769103,29.97,356,2,traffic_signs,0.6044356226921082,1237.582275390625,793.1427001953125,1258.48828125,816.7064208984375,1248.0352783203125,804.924560546875,20.906005859375,23.563720703125
IMG_0030.mp4,1729,57.69102435769103,29.97,364,2,traffic_signs,0.6498599052429199,976.53125,779.32275390625,990.9353637695312,798.8231811523438,983.7333068847656,789.0729675292969,14.40411376953125,19.50042724609375
IMG_0030.mp4,1729,57.69102435769103,29.97,365,2,traffic_signs,0.7296910285949707,1783.1859130859375,740.6077880859375,1832.20654296875,804.6522827148438,1807.6962280273438,772.6300354003906,49.0206298828125,64.04449462890625
IMG_0030.mp4,1729,57.69102435769103,29.97,361,2,traffic_signs,0.6023037433624268,1353.363525390625,783.6152954101562,1365.1866455078125,805.4998168945312,1359.2750854492188,794.5575561523438,11.8231201171875,21.884521484375
IMG_0030.mp4,1730,57.7243910577244,29.97,356,2,traffic_signs,0.8247315883636475,1238.661865234375,793.1461181640625,1260.2430419921875,816.8787231445312,1249.4524536132812,805.0124206542969,21.5811767578125,23.73260498046875
IMG_0030.mp4,1730,57.7243910577244,29.97,364,2,traffic_signs,0.6305029988288879,976.5419311523438,778.8688354492188,990.8943481445312,798.379150390625,983.7181396484375,788.6239929199219,14.3524169921875,19.51031494140625
IMG_0030.mp4,1730,57.7243910577244,29.97,365,2,traffic_signs,0.4841073453426361,1794.8338623046875,737.5736694335938,1845.3294677734375,804.0336303710938,1820.0816650390625,770.8036499023438,50.49560546875,66.4599609375
IMG_0030.mp4,1730,57.7243910577244,29.97,361,2,traffic_signs,0.730830729007721,1355.0733642578125,783.3309326171875,1367.1807861328125,804.8541259765625,1361.1270751953125,794.092529296875,12.107421875,21.523193359375
IMG_0030.mp4,1731,57.75775775775776,29.97,356,2,traffic_signs,0.8441058993339539,1239.573974609375,793.2392578125,1261.5540771484375,816.6488647460938,1250.5640258789062,804.9440612792969,21.9801025390625,23.40960693359375
IMG_0030.mp4,1731,57.75775775775776,29.97,364,2,traffic_signs,0.7030284404754639,976.46630859375,778.6427612304688,990.7809448242188,798.1929931640625,983.6236267089844,788.4178771972656,14.31463623046875,19.55023193359375
IMG_0030.mp4,1731,57.75775775775776,29.97,365,2,traffic_signs,0.7613860368728638,1806.4732666015625,735.7515258789062,1858.8758544921875,803.0005493164062,1832.674560546875,769.3760375976562,52.402587890625,67.2490234375
IMG_0030.mp4,1731,57.75775775775776,29.97,361,2,traffic_signs,0.7665773630142212,1357.05712890625,783.4735717773438,1368.831298828125,804.5267333984375,1362.9442138671875,794.0001525878906,11.774169921875,21.05316162109375
IMG_0030.mp4,1732,57.79112445779113,29.97,356,2,traffic_signs,0.8236185908317566,1240.090576171875,793.1953125,1261.929931640625,816.5765991210938,1251.01025390625,804.8859558105469,21.83935546875,23.38128662109375
IMG_0030.mp4,1732,57.79112445779113,29.97,364,2,traffic_signs,0.7029159665107727,975.516357421875,778.3782348632812,989.9298706054688,797.8765258789062,982.7231140136719,788.1273803710938,14.41351318359375,19.498291015625
IMG_0030.mp4,1732,57.79112445779113,29.97,365,2,traffic_signs,0.6003542542457581,1818.2291259765625,732.9988403320312,1871.6861572265625,801.1325073242188,1844.9576416015625,767.065673828125,53.45703125,68.1336669921875
IMG_0030.mp4,1732,57.79112445779113,29.97,361,2,traffic_signs,0.7758422493934631,1358.60302734375,782.693115234375,1370.2998046875,804.3074951171875,1364.451416015625,793.5003051757812,11.69677734375,21.6143798828125
IMG_0030.mp4,1733,57.8244911578245,29.97,356,2,traffic_signs,0.7707021832466125,1242.002197265625,793.1493530273438,1263.420654296875,816.5947875976562,1252.71142578125,804.8720703125,21.41845703125,23.4454345703125
IMG_0030.mp4,1733,57.8244911578245,29.97,364,2,traffic_signs,0.7190053462982178,975.1122436523438,778.2120971679688,990.094482421875,798.1697387695312,982.6033630371094,788.19091796875,14.98223876953125,19.9576416015625
IMG_0030.mp4,1733,57.8244911578245,29.97,365,2,traffic_signs,0.25723394751548767,1832.5616455078125,730.4051513671875,1886.58447265625,800.14501953125,1859.5730590820312,765.2750854492188,54.0228271484375,69.7398681640625
IMG_0030.mp4,1733,57.8244911578245,29.97,361,2,traffic_signs,0.7737826108932495,1360.742919921875,781.9532470703125,1373.00048828125,804.9149169921875,1366.8717041015625,793.43408203125,12.257568359375,22.961669921875
IMG_0030.mp4,1734,57.85785785785786,29.97,356,2,traffic_signs,0.7535871267318726,1243.5877685546875,792.5065307617188,1264.6334228515625,815.647705078125,1254.110595703125,804.0771179199219,21.045654296875,23.14117431640625
IMG_0030.mp4,1734,57.85785785785786,29.97,364,2,traffic_signs,0.7786361575126648,974.4463500976562,776.9072875976562,989.92822265625,797.316650390625,982.1872863769531,787.1119689941406,15.48187255859375,20.40936279296875
IMG_0030.mp4,1735,57.89122455789123,29.97,356,2,traffic_signs,0.7957873940467834,1244.3446044921875,792.9004516601562,1265.7857666015625,815.6696166992188,1255.065185546875,804.2850341796875,21.441162109375,22.7691650390625
IMG_0030.mp4,1735,57.89122455789123,29.97,364,2,traffic_signs,0.7742946743965149,973.62255859375,776.8284301757812,989.541259765625,797.6234741210938,981.5819091796875,787.2259521484375,15.918701171875,20.7950439453125
IMG_0030.mp4,1736,57.9245912579246,29.97,356,2,traffic_signs,0.6504037380218506,1245.3902587890625,792.693603515625,1267.4954833984375,815.6497802734375,1256.44287109375,804.1716918945312,22.105224609375,22.9561767578125
IMG_0030.mp4,1736,57.9245912579246,29.97,364,2,traffic_signs,0.7179998159408569,973.3697509765625,776.7883911132812,989.4891357421875,797.6017456054688,981.429443359375,787.195068359375,16.119384765625,20.8133544921875
IMG_0030.mp4,1737,57.95795795795796,29.97,356,2,traffic_signs,0.64180988073349,1246.9373779296875,792.5422973632812,1268.757568359375,815.5958862304688,1257.8474731445312,804.069091796875,21.8201904296875,23.0535888671875
IMG_0030.mp4,1737,57.95795795795796,29.97,364,2,traffic_signs,0.7180070281028748,973.0115966796875,776.162109375,988.9556274414062,797.2525634765625,980.9836120605469,786.7073364257812,15.94403076171875,21.0904541015625
IMG_0030.mp4,1738,57.99132465799133,29.97,356,2,traffic_signs,0.4688766300678253,1247.934326171875,792.31787109375,1269.097900390625,815.637451171875,1258.51611328125,803.9776611328125,21.16357421875,23.319580078125
IMG_0030.mp4,1738,57.99132465799133,29.97,364,2,traffic_signs,0.6118706464767456,972.3602905273438,775.4935913085938,988.21337890625,796.4789428710938,980.2868347167969,785.9862670898438,15.85308837890625,20.9853515625
IMG_0030.mp4,1739,58.0246913580247,29.97,356,2,traffic_signs,0.639898955821991,1249.6861572265625,792.1826171875,1270.9588623046875,816.0013427734375,1260.322509765625,804.0919799804688,21.272705078125,23.8187255859375
IMG_0030.mp4,1739,58.0246913580247,29.97,364,2,traffic_signs,0.6401878595352173,972.3968505859375,774.8143920898438,988.0491943359375,796.434326171875,980.2230224609375,785.6243591308594,15.65234375,21.61993408203125
IMG_0030.mp4,1740,58.05805805805806,29.97,356,2,traffic_signs,0.8335781097412109,1251.939697265625,791.01171875,1273.8594970703125,815.7721557617188,1262.8995971679688,803.3919372558594,21.9197998046875,24.76043701171875
IMG_0030.mp4,1740,58.05805805805806,29.97,364,2,traffic_signs,0.4033495783805847,972.499267578125,773.2308959960938,988.2945556640625,796.1185913085938,980.3969116210938,784.6747436523438,15.7952880859375,22.8876953125
IMG_0030.mp4,1741,58.09142475809143,29.97,356,2,traffic_signs,0.862194836139679,1253.338623046875,790.4879150390625,1276.2349853515625,815.6405639648438,1264.7868041992188,803.0642395019531,22.8963623046875,25.15264892578125
IMG_0030.mp4,1741,58.09142475809143,29.97,364,2,traffic_signs,0.27354568243026733,972.3571166992188,772.6681518554688,988.1927490234375,795.8758544921875,980.2749328613281,784.2720031738281,15.83563232421875,23.20770263671875
IMG_0030.mp4,1742,58.1247914581248,29.97,356,2,traffic_signs,0.8684284687042236,1254.253662109375,790.0341796875,1277.662841796875,815.7282104492188,1265.958251953125,802.8811950683594,23.4091796875,25.69403076171875
IMG_0030.mp4,1742,58.1247914581248,29.97,364,2,traffic_signs,0.3188067078590393,971.5786743164062,772.4418334960938,987.9153442382812,795.6734619140625,979.7470092773438,784.0576477050781,16.336669921875,23.23162841796875
IMG_0030.mp4,1743,58.15815815815816,29.97,356,2,traffic_signs,0.8614639639854431,1255.0072021484375,789.8051147460938,1278.9547119140625,816.02197265625,1266.98095703125,802.9135437011719,23.947509765625,26.21685791015625
IMG_0030.mp4,1744,58.19152485819153,29.97,356,2,traffic_signs,0.8586935997009277,1255.991943359375,789.4620361328125,1280.4459228515625,816.4902954101562,1268.2189331054688,802.9761657714844,24.4539794921875,27.02825927734375
IMG_0030.mp4,1745,58.2248915582249,29.97,356,2,traffic_signs,0.850441575050354,1257.0689697265625,788.662353515625,1281.68212890625,816.3196411132812,1269.3755493164062,802.4909973144531,24.6131591796875,27.65728759765625
IMG_0030.mp4,1745,58.2248915582249,29.97,369,2,traffic_signs,0.4890490770339966,1386.857666015625,777.1829833984375,1399.862548828125,801.545654296875,1393.360107421875,789.3643188476562,13.0048828125,24.3626708984375
IMG_0030.mp4,1746,58.25825825825826,29.97,356,2,traffic_signs,0.8181321024894714,1258.572021484375,787.7838745117188,1283.845458984375,816.4386596679688,1271.208740234375,802.1112670898438,25.2734375,28.65478515625
IMG_0030.mp4,1747,58.29162495829163,29.97,356,2,traffic_signs,0.829816460609436,1259.4888916015625,788.354248046875,1284.2315673828125,816.8737182617188,1271.8602294921875,802.6139831542969,24.74267578125,28.51947021484375
IMG_0030.mp4,1747,58.29162495829163,29.97,364,2,traffic_signs,0.5367027521133423,968.360107421875,771.0965576171875,985.59814453125,793.9652709960938,976.9791259765625,782.5309143066406,17.238037109375,22.86871337890625
IMG_0030.mp4,1748,58.324991658325,29.97,356,2,traffic_signs,0.882092297077179,1261.84033203125,788.3133544921875,1287.0999755859375,816.7529907226562,1274.4701538085938,802.5331726074219,25.2596435546875,28.43963623046875
IMG_0030.mp4,1748,58.324991658325,29.97,364,2,traffic_signs,0.3493725061416626,969.2022705078125,770.9256591796875,986.3494873046875,793.1705932617188,977.77587890625,782.0481262207031,17.147216796875,22.24493408203125
IMG_0030.mp4,1749,58.35835835835836,29.97,356,2,traffic_signs,0.8779319524765015,1263.3426513671875,787.2736206054688,1288.8768310546875,815.7630004882812,1276.1097412109375,801.518310546875,25.5341796875,28.4893798828125
IMG_0030.mp4,1750,58.39172505839173,29.97,356,2,traffic_signs,0.8542194962501526,1265.31787109375,787.4320678710938,1291.0240478515625,815.86962890625,1278.1709594726562,801.6508483886719,25.7061767578125,28.43756103515625
IMG_0030.mp4,1750,58.39172505839173,29.97,364,2,traffic_signs,0.3536059558391571,967.7877197265625,768.9614868164062,986.1265869140625,791.6520385742188,976.9571533203125,780.3067626953125,18.3388671875,22.6905517578125
IMG_0030.mp4,1751,58.4250917584251,29.97,356,2,traffic_signs,0.843479335308075,1267.51953125,787.3508911132812,1292.28125,815.5919189453125,1279.900390625,801.4714050292969,24.76171875,28.24102783203125
IMG_0030.mp4,1751,58.4250917584251,29.97,364,2,traffic_signs,0.34046366810798645,967.0620727539062,768.5308227539062,985.2742919921875,791.536376953125,976.1681823730469,780.0335998535156,18.21221923828125,23.00555419921875
IMG_0030.mp4,1752,58.45845845845846,29.97,356,2,traffic_signs,0.8390211462974548,1269.201904296875,787.1460571289062,1293.55517578125,815.6723022460938,1281.3785400390625,801.4091796875,24.353271484375,28.5262451171875
IMG_0030.mp4,1752,58.45845845845846,29.97,364,2,traffic_signs,0.4032043218612671,966.245849609375,768.4868774414062,984.3230590820312,791.4185791015625,975.2844543457031,779.9527282714844,18.07720947265625,22.93170166015625
IMG_0030.mp4,1752,58.45845845845846,29.97,372,2,traffic_signs,0.5143541097640991,1403.3267822265625,774.7037963867188,1419.0185546875,828.981201171875,1411.1726684570312,801.8424987792969,15.6917724609375,54.27740478515625
IMG_0030.mp4,1753,58.49182515849183,29.97,356,2,traffic_signs,0.8434399962425232,1271.250732421875,786.8279418945312,1295.33154296875,816.34716796875,1283.2911376953125,801.5875549316406,24.080810546875,29.51922607421875
IMG_0030.mp4,1753,58.49182515849183,29.97,364,2,traffic_signs,0.25215181708335876,966.2410278320312,768.4347534179688,984.1472778320312,791.45361328125,975.1941528320312,779.9441833496094,17.90625,23.01885986328125
IMG_0030.mp4,1753,58.49182515849183,29.97,372,2,traffic_signs,0.5670485496520996,1406.4471435546875,774.7443237304688,1422.8839111328125,829.8099975585938,1414.66552734375,802.2771606445312,16.436767578125,55.065673828125
IMG_0030.mp4,1754,58.5251918585252,29.97,356,2,traffic_signs,0.863074004650116,1272.2596435546875,786.5000610351562,1296.9228515625,816.0554809570312,1284.5912475585938,801.2777709960938,24.6632080078125,29.555419921875
IMG_0030.mp4,1754,58.5251918585252,29.97,364,2,traffic_signs,0.6136280298233032,965.6259765625,768.7028198242188,984.0111694335938,791.48876953125,974.8185729980469,780.0957946777344,18.38519287109375,22.78594970703125
IMG_0030.mp4,1754,58.5251918585252,29.97,372,2,traffic_signs,0.6707675457000732,1408.7872314453125,774.9432983398438,1425.257080078125,830.4083251953125,1417.0221557617188,802.6758117675781,16.4698486328125,55.46502685546875
IMG_0030.mp4,1755,58.55855855855856,29.97,356,2,traffic_signs,0.8560357689857483,1273.4974365234375,785.5877075195312,1298.17578125,815.7603759765625,1285.8366088867188,800.6740417480469,24.6783447265625,30.17266845703125
IMG_0030.mp4,1755,58.55855855855856,29.97,364,2,traffic_signs,0.7214339971542358,964.9267578125,768.6268920898438,983.835205078125,791.2525634765625,974.3809814453125,779.9397277832031,18.908447265625,22.62567138671875
IMG_0030.mp4,1755,58.55855855855856,29.97,372,2,traffic_signs,0.7790820002555847,1410.712158203125,775.2593994140625,1427.2880859375,828.7258911132812,1419.0001220703125,801.9926452636719,16.575927734375,53.46649169921875
IMG_0030.mp4,1756,58.59192525859193,29.97,356,2,traffic_signs,0.8581476807594299,1275.549560546875,785.109375,1301.1220703125,815.3270874023438,1288.3358154296875,800.2182312011719,25.572509765625,30.21771240234375
IMG_0030.mp4,1756,58.59192525859193,29.97,364,2,traffic_signs,0.6122272610664368,964.2849731445312,768.637939453125,983.2379150390625,790.4563598632812,973.7614440917969,779.5471496582031,18.95294189453125,21.81842041015625
IMG_0030.mp4,1756,58.59192525859193,29.97,372,2,traffic_signs,0.7182778120040894,1413.592529296875,775.422119140625,1430.2467041015625,827.118408203125,1421.9196166992188,801.270263671875,16.6541748046875,51.6962890625
IMG_0030.mp4,1757,58.6252919586253,29.97,356,2,traffic_signs,0.8486104011535645,1277.1175537109375,784.9140625,1302.7357177734375,815.3053588867188,1289.9266357421875,800.1097106933594,25.6181640625,30.39129638671875
IMG_0030.mp4,1757,58.6252919586253,29.97,364,2,traffic_signs,0.6258004307746887,964.2978515625,768.6198120117188,982.4862060546875,790.3109130859375,973.3920288085938,779.4653625488281,18.1883544921875,21.69110107421875
IMG_0030.mp4,1757,58.6252919586253,29.97,372,2,traffic_signs,0.7416170239448547,1415.66259765625,774.8012084960938,1432.5028076171875,829.1276245117188,1424.0827026367188,801.9644165039062,16.8402099609375,54.326416015625
IMG_0030.mp4,1758,58.65865865865866,29.97,356,2,traffic_signs,0.8681767582893372,1278.6949462890625,784.456298828125,1304.51953125,815.0895385742188,1291.6072387695312,799.7729187011719,25.8245849609375,30.63323974609375
IMG_0030.mp4,1758,58.65865865865866,29.97,364,2,traffic_signs,0.30756494402885437,964.1812744140625,768.3369140625,981.9042358398438,789.9284057617188,973.0427551269531,779.1326599121094,17.72296142578125,21.59149169921875
IMG_0030.mp4,1758,58.65865865865866,29.97,372,2,traffic_signs,0.7133930325508118,1417.32421875,773.7026977539062,1434.7283935546875,829.947265625,1426.0263061523438,801.8249816894531,17.4041748046875,56.24456787109375
IMG_0030.mp4,1759,58.69202535869203,29.97,356,2,traffic_signs,0.8722318410873413,1279.5936279296875,784.1683349609375,1306.6917724609375,814.9680786132812,1293.1427001953125,799.5682067871094,27.09814453125,30.79974365234375
IMG_0030.mp4,1759,58.69202535869203,29.97,364,2,traffic_signs,0.4713190495967865,965.447509765625,767.9008178710938,982.8555908203125,790.1622314453125,974.1515502929688,779.0315246582031,17.4080810546875,22.26141357421875
IMG_0030.mp4,1759,58.69202535869203,29.97,372,2,traffic_signs,0.6800072193145752,1419.52294921875,773.0552368164062,1437.0999755859375,829.7269287109375,1428.3114624023438,801.3910827636719,17.5770263671875,56.67169189453125
IMG_0030.mp4,1760,58.7253920587254,29.97,356,2,traffic_signs,0.8636098504066467,1281.201416015625,783.6897583007812,1308.254638671875,814.5955200195312,1294.72802734375,799.1426391601562,27.05322265625,30.90576171875
IMG_0030.mp4,1760,58.7253920587254,29.97,364,2,traffic_signs,0.6020391583442688,964.7266235351562,767.1776123046875,982.2579345703125,789.1494750976562,973.4922790527344,778.1635437011719,17.53131103515625,21.97186279296875
IMG_0030.mp4,1760,58.7253920587254,29.97,372,2,traffic_signs,0.6937329769134521,1422.622314453125,773.2708740234375,1440.19873046875,829.3638305664062,1431.4105224609375,801.3173522949219,17.576416015625,56.09295654296875
IMG_0030.mp4,1761,58.75875875875876,29.97,356,2,traffic_signs,0.6886575818061829,1282.971923828125,782.576416015625,1309.325439453125,813.7307739257812,1296.148681640625,798.1535949707031,26.353515625,31.15435791015625
IMG_0030.mp4,1761,58.75875875875876,29.97,364,2,traffic_signs,0.6905684471130371,963.1062622070312,766.2592163085938,980.4322509765625,788.3978271484375,971.7692565917969,777.3285217285156,17.32598876953125,22.13861083984375
IMG_0030.mp4,1761,58.75875875875876,29.97,372,2,traffic_signs,0.5929370522499084,1425.3013916015625,772.662841796875,1443.7100830078125,828.983154296875,1434.5057373046875,800.822998046875,18.40869140625,56.3203125
IMG_0030.mp4,1762,58.79212545879213,29.97,356,2,traffic_signs,0.8798078298568726,1284.20654296875,781.9732666015625,1310.9700927734375,813.3592529296875,1297.5883178710938,797.666259765625,26.7635498046875,31.385986328125
IMG_0030.mp4,1762,58.79212545879213,29.97,364,2,traffic_signs,0.705173909664154,961.3336791992188,765.6513061523438,979.1498413085938,788.1077270507812,970.2417602539062,776.8795166015625,17.816162109375,22.4564208984375
IMG_0030.mp4,1762,58.79212545879213,29.97,372,2,traffic_signs,0.791559636592865,1427.5833740234375,771.9522705078125,1445.8878173828125,829.64111328125,1436.735595703125,800.7966918945312,18.304443359375,57.6888427734375
IMG_0030.mp4,1763,58.8254921588255,29.97,356,2,traffic_signs,0.8941428065299988,1285.7904052734375,781.6577758789062,1313.5986328125,813.33203125,1299.6945190429688,797.4949035644531,27.8082275390625,31.67425537109375
IMG_0030.mp4,1763,58.8254921588255,29.97,364,2,traffic_signs,0.7509448528289795,960.8130493164062,765.119140625,978.8667602539062,788.5445556640625,969.8399047851562,776.8318481445312,18.0537109375,23.4254150390625
IMG_0030.mp4,1763,58.8254921588255,29.97,372,2,traffic_signs,0.42594948410987854,1430.54052734375,771.0968627929688,1448.951904296875,829.6778564453125,1439.7462158203125,800.3873596191406,18.411376953125,58.58099365234375
IMG_0030.mp4,1764,58.85885885885886,29.97,356,2,traffic_signs,0.8888856768608093,1287.4769287109375,781.067138671875,1315.720947265625,812.9561157226562,1301.5989379882812,797.0116271972656,28.2440185546875,31.88897705078125
IMG_0030.mp4,1764,58.85885885885886,29.97,364,2,traffic_signs,0.6836449503898621,960.3619995117188,764.6567993164062,978.472900390625,788.139892578125,969.4174499511719,776.3983459472656,18.11090087890625,23.48309326171875
IMG_0030.mp4,1764,58.85885885885886,29.97,372,2,traffic_signs,0.7364128232002258,1433.8673095703125,770.337646484375,1452.3515625,831.092529296875,1443.1094360351562,800.715087890625,18.4842529296875,60.7548828125
IMG_0030.mp4,1765,58.89222555889223,29.97,356,2,traffic_signs,0.8567602634429932,1289.3179931640625,780.4891357421875,1317.829345703125,812.7286376953125,1303.5736694335938,796.60888671875,28.5113525390625,32.239501953125
IMG_0030.mp4,1765,58.89222555889223,29.97,364,2,traffic_signs,0.5780544281005859,959.8912353515625,763.9935913085938,977.5145874023438,787.554443359375,968.7029113769531,775.7740173339844,17.62335205078125,23.56085205078125
IMG_0030.mp4,1765,58.89222555889223,29.97,372,2,traffic_signs,0.7001782059669495,1436.345703125,770.028076171875,1455.1793212890625,833.3727416992188,1445.7625122070312,801.7004089355469,18.8336181640625,63.34466552734375
IMG_0030.mp4,1766,58.9255922589256,29.97,356,2,traffic_signs,0.8592872619628906,1290.576171875,780.0269165039062,1319.933349609375,812.748779296875,1305.2547607421875,796.3878479003906,29.357177734375,32.72186279296875
IMG_0030.mp4,1766,58.9255922589256,29.97,364,2,traffic_signs,0.5224289298057556,959.5121459960938,763.5390625,976.8922729492188,786.8514404296875,968.2022094726562,775.1952514648438,17.380126953125,23.3123779296875
IMG_0030.mp4,1766,58.9255922589256,29.97,372,2,traffic_signs,0.7421374917030334,1438.53662109375,769.9966430664062,1457.6197509765625,836.674560546875,1448.0781860351562,803.3356018066406,19.0831298828125,66.67791748046875
IMG_0030.mp4,1767,58.95895895895896,29.97,356,2,traffic_signs,0.8354645371437073,1292.217041015625,779.4483032226562,1322.3865966796875,812.08935546875,1307.3018188476562,795.7688293457031,30.1695556640625,32.64105224609375
IMG_0030.mp4,1767,58.95895895895896,29.97,364,2,traffic_signs,0.491077184677124,959.3731689453125,762.8245239257812,976.90625,785.9886474609375,968.1397094726562,774.4065856933594,17.5330810546875,23.16412353515625
IMG_0030.mp4,1767,58.95895895895896,29.97,372,2,traffic_signs,0.6472876071929932,1440.5421142578125,769.2555541992188,1459.9935302734375,838.2545166015625,1450.267822265625,803.7550354003906,19.451416015625,68.99896240234375
IMG_0030.mp4,1768,58.99232565899233,29.97,356,2,traffic_signs,0.8248656988143921,1292.8870849609375,778.592041015625,1323.339599609375,812.1078491210938,1308.1133422851562,795.3499450683594,30.4525146484375,33.51580810546875
IMG_0030.mp4,1768,58.99232565899233,29.97,364,2,traffic_signs,0.5492680668830872,959.3181762695312,762.9530639648438,977.0786743164062,785.7957153320312,968.1984252929688,774.3743896484375,17.760498046875,22.8426513671875
IMG_0030.mp4,1769,59.0256923590257,29.97,356,2,traffic_signs,0.8554866909980774,1295.6956787109375,777.7549438476562,1325.6060791015625,811.213134765625,1310.65087890625,794.4840393066406,29.910400390625,33.45819091796875
IMG_0030.mp4,1769,59.0256923590257,29.97,364,2,traffic_signs,0.6850065588951111,957.5454711914062,761.5579833984375,975.403564453125,785.1556396484375,966.4745178222656,773.3568115234375,17.85809326171875,23.59765625
IMG_0030.mp4,1769,59.0256923590257,29.97,376,2,traffic_signs,0.599137008190155,1494.054931640625,1010.0264282226562,1536.3939208984375,1024.08203125,1515.2244262695312,1017.0542297363281,42.3389892578125,14.05560302734375
IMG_0030.mp4,1769,59.0256923590257,29.97,372,2,traffic_signs,0.4538092613220215,1445.8052978515625,768.8158569335938,1465.1370849609375,835.9599609375,1455.47119140625,802.3879089355469,19.331787109375,67.14410400390625
IMG_0030.mp4,1770,59.05905905905906,29.97,356,2,traffic_signs,0.8673766851425171,1297.40625,777.9072875976562,1326.9110107421875,811.4249877929688,1312.1586303710938,794.6661376953125,29.5047607421875,33.5177001953125
IMG_0030.mp4,1770,59.05905905905906,29.97,364,2,traffic_signs,0.5675860047340393,955.40087890625,760.8661499023438,973.6175537109375,784.7195434570312,964.5092163085938,772.7928466796875,18.2166748046875,23.8533935546875
IMG_0030.mp4,1770,59.05905905905906,29.97,372,2,traffic_signs,0.4606461524963379,1448.8956298828125,768.40771484375,1468.8763427734375,838.8085327148438,1458.885986328125,803.6081237792969,19.980712890625,70.40081787109375
IMG_0030.mp4,1771,59.09242575909243,29.97,356,2,traffic_signs,0.872230052947998,1298.1473388671875,778.00390625,1327.91455078125,811.5028076171875,1313.0309448242188,794.7533569335938,29.7672119140625,33.4989013671875
IMG_0030.mp4,1771,59.09242575909243,29.97,364,2,traffic_signs,0.6138617992401123,955.5662841796875,761.1353149414062,974.2883911132812,784.9116821289062,964.9273376464844,773.0234985351562,18.72210693359375,23.7763671875
IMG_0030.mp4,1771,59.09242575909243,29.97,372,2,traffic_signs,0.6318720579147339,1449.8133544921875,767.6829223632812,1469.7315673828125,839.6165771484375,1459.7724609375,803.6497497558594,19.918212890625,71.93365478515625
IMG_0030.mp4,1771,59.09242575909243,29.97,376,2,traffic_signs,0.5446994304656982,1513.5675048828125,1019.12548828125,1559.7005615234375,1034.453369140625,1536.634033203125,1026.7894287109375,46.133056640625,15.327880859375
IMG_0030.mp4,1772,59.1257924591258,29.97,356,2,traffic_signs,0.8691903948783875,1299.1968994140625,776.8929443359375,1329.647705078125,811.2318725585938,1314.4223022460938,794.0624084472656,30.4508056640625,34.33892822265625
IMG_0030.mp4,1772,59.1257924591258,29.97,364,2,traffic_signs,0.6011484265327454,955.1028442382812,760.75048828125,973.9088134765625,784.6836547851562,964.5058288574219,772.7170715332031,18.80596923828125,23.93316650390625
IMG_0030.mp4,1772,59.1257924591258,29.97,376,2,traffic_signs,0.6111555695533752,1523.4508056640625,1022.8485717773438,1570.85302734375,1037.847900390625,1547.1519165039062,1030.3482360839844,47.4022216796875,14.99932861328125
IMG_0030.mp4,1773,59.15915915915916,29.97,356,2,traffic_signs,0.8808686137199402,1301.1158447265625,776.214599609375,1331.4776611328125,810.8048095703125,1316.2967529296875,793.5097045898438,30.36181640625,34.5902099609375
IMG_0030.mp4,1773,59.15915915915916,29.97,364,2,traffic_signs,0.7624985575675964,953.6554565429688,759.9728393554688,973.052978515625,784.7702026367188,963.3542175292969,772.3715209960938,19.39752197265625,24.79736328125
IMG_0030.mp4,1773,59.15915915915916,29.97,376,2,traffic_signs,0.7910100221633911,1534.4683837890625,1027.5789794921875,1585.0394287109375,1043.487548828125,1559.75390625,1035.5332641601562,50.571044921875,15.9085693359375
IMG_0030.mp4,1774,59.19252585919253,29.97,356,2,traffic_signs,0.8948867321014404,1302.740966796875,775.3427734375,1332.8629150390625,810.1726684570312,1317.8019409179688,792.7577209472656,30.1219482421875,34.82989501953125
IMG_0030.mp4,1774,59.19252585919253,29.97,364,2,traffic_signs,0.7761520743370056,952.0973510742188,759.0233154296875,972.2264404296875,784.646240234375,962.1618957519531,771.8347778320312,20.12908935546875,25.6229248046875
IMG_0030.mp4,1774,59.19252585919253,29.97,376,2,traffic_signs,0.7964534759521484,1547.0675048828125,1032.06787109375,1598.9866943359375,1048.655517578125,1573.027099609375,1040.3616943359375,51.919189453125,16.587646484375
IMG_0030.mp4,1775,59.2258925592259,29.97,356,2,traffic_signs,0.893726110458374,1304.185546875,774.8873901367188,1335.251708984375,809.9478149414062,1319.7186279296875,792.4176025390625,31.066162109375,35.0604248046875
IMG_0030.mp4,1775,59.2258925592259,29.97,364,2,traffic_signs,0.879290759563446,950.3142700195312,758.50244140625,971.2158813476562,784.4449462890625,960.7650756835938,771.4736938476562,20.901611328125,25.9425048828125
IMG_0030.mp4,1775,59.2258925592259,29.97,376,2,traffic_signs,0.8032877445220947,1559.7486572265625,1038.03515625,1614.4437255859375,1055.110595703125,1587.09619140625,1046.5728759765625,54.695068359375,17.075439453125
IMG_0030.mp4,1776,59.25925925925926,29.97,356,2,traffic_signs,0.903590977191925,1306.3868408203125,774.6643676757812,1336.7890625,809.8569946289062,1321.5879516601562,792.2606811523438,30.4022216796875,35.192626953125
IMG_0030.mp4,1776,59.25925925925926,29.97,364,2,traffic_signs,0.8443662524223328,949.3255615234375,757.7905883789062,970.6232299804688,784.1405639648438,959.9743957519531,770.965576171875,21.29766845703125,26.3499755859375
IMG_0030.mp4,1776,59.25925925925926,29.97,376,2,traffic_signs,0.7526707649230957,1572.9803466796875,1044.430419921875,1628.0751953125,1061.3963623046875,1600.5277709960938,1052.9133911132812,55.0948486328125,16.9659423828125
IMG_0030.mp4,1776,59.25925925925926,29.97,380,2,traffic_signs,0.7204580903053284,1463.67529296875,764.4091186523438,1480.306640625,793.4054565429688,1471.990966796875,778.9072875976562,16.63134765625,28.996337890625
IMG_0030.mp4,1777,59.29262595929263,29.97,356,2,traffic_signs,0.8893761038780212,1308.02099609375,773.9061889648438,1338.1883544921875,809.1847534179688,1323.1046752929688,791.5454711914062,30.1673583984375,35.278564453125
IMG_0030.mp4,1777,59.29262595929263,29.97,364,2,traffic_signs,0.8022605776786804,948.2548217773438,756.8783569335938,969.495849609375,783.3555908203125,958.8753356933594,770.1169738769531,21.24102783203125,26.47723388671875
IMG_0030.mp4,1777,59.29262595929263,29.97,376,2,traffic_signs,0.8573667407035828,1586.3902587890625,1050.6734619140625,1643.6605224609375,1068.3203125,1615.025390625,1059.4968872070312,57.270263671875,17.6468505859375
IMG_0030.mp4,1777,59.29262595929263,29.97,380,2,traffic_signs,0.6468208432197571,1465.7711181640625,764.169921875,1482.5924072265625,792.2421264648438,1474.1817626953125,778.2060241699219,16.8212890625,28.07220458984375
IMG_0030.mp4,1778,59.325992659326,29.97,356,2,traffic_signs,0.8018652200698853,1309.4046630859375,773.4114379882812,1339.674560546875,809.0528564453125,1324.5396118164062,791.2321472167969,30.2698974609375,35.64141845703125
IMG_0030.mp4,1778,59.325992659326,29.97,364,2,traffic_signs,0.8226469159126282,946.5765380859375,756.0719604492188,967.7549438476562,782.8292236328125,957.1657409667969,769.4505920410156,21.17840576171875,26.75726318359375
IMG_0030.mp4,1778,59.325992659326,29.97,380,2,traffic_signs,0.5525371432304382,1467.8193359375,763.823974609375,1484.88134765625,791.4432373046875,1476.350341796875,777.6336059570312,17.06201171875,27.6192626953125
IMG_0030.mp4,1779,59.35935935935936,29.97,356,2,traffic_signs,0.8439732789993286,1310.9569091796875,773.0386352539062,1341.3214111328125,808.6107177734375,1326.13916015625,790.8246765136719,30.364501953125,35.57208251953125
IMG_0030.mp4,1779,59.35935935935936,29.97,364,2,traffic_signs,0.7718847990036011,945.2494506835938,755.105224609375,966.6093139648438,782.3857421875,955.9293823242188,768.7454833984375,21.35986328125,27.280517578125
IMG_0030.mp4,1779,59.35935935935936,29.97,380,2,traffic_signs,0.4307216703891754,1469.9141845703125,762.5040893554688,1487.5677490234375,791.2434692382812,1478.740966796875,776.873779296875,17.653564453125,28.7393798828125
IMG_0030.mp4,1780,59.39272605939273,29.97,356,2,traffic_signs,0.8309291005134583,1313.0472412109375,772.4765014648438,1342.902587890625,807.8931274414062,1327.9749145507812,790.184814453125,29.8553466796875,35.4166259765625
IMG_0030.mp4,1780,59.39272605939273,29.97,364,2,traffic_signs,0.5963261723518372,943.736083984375,754.246826171875,965.2882080078125,781.9195556640625,954.5121459960938,768.0831909179688,21.5521240234375,27.6727294921875
IMG_0030.mp4,1780,59.39272605939273,29.97,380,2,traffic_signs,0.43583375215530396,1472.3419189453125,761.6294555664062,1490.4085693359375,790.6959838867188,1481.375244140625,776.1627197265625,18.066650390625,29.0665283203125
IMG_0030.mp4,1781,59.4260927594261,29.97,356,2,traffic_signs,0.818322479724884,1314.7786865234375,771.763916015625,1345.345947265625,807.6171875,1330.0623168945312,789.6905517578125,30.5672607421875,35.853271484375
IMG_0030.mp4,1781,59.4260927594261,29.97,364,2,traffic_signs,0.7636313438415527,941.5283203125,753.645263671875,964.1682739257812,781.7968139648438,952.8482971191406,767.7210388183594,22.63995361328125,28.15155029296875
IMG_0030.mp4,1781,59.4260927594261,29.97,380,2,traffic_signs,0.7471229434013367,1475.469482421875,760.68408203125,1492.90380859375,790.0013427734375,1484.1866455078125,775.3427124023438,17.434326171875,29.3172607421875
IMG_0030.mp4,1782,59.45945945945946,29.97,356,2,traffic_signs,0.5746745467185974,1316.722900390625,770.9833374023438,1346.5596923828125,807.031494140625,1331.6412963867188,789.0074157714844,29.8367919921875,36.04815673828125
IMG_0030.mp4,1782,59.45945945945946,29.97,364,2,traffic_signs,0.7717054486274719,940.4192504882812,753.2221069335938,963.27734375,781.4229736328125,951.8482971191406,767.3225402832031,22.85809326171875,28.20086669921875
IMG_0030.mp4,1782,59.45945945945946,29.97,380,2,traffic_signs,0.6994982361793518,1477.9871826171875,760.2608032226562,1494.990966796875,789.95068359375,1486.4890747070312,775.1057434082031,17.0037841796875,29.68988037109375
IMG_0030.mp4,1783,59.49282615949283,29.97,356,2,traffic_signs,0.8695245981216431,1318.4937744140625,769.9950561523438,1348.56298828125,806.2000122070312,1333.5283813476562,788.0975341796875,30.0692138671875,36.2049560546875
IMG_0030.mp4,1783,59.49282615949283,29.97,364,2,traffic_signs,0.8281416893005371,938.6327514648438,752.4660034179688,962.4789428710938,781.053466796875,950.5558471679688,766.7597351074219,23.84619140625,28.58746337890625
IMG_0030.mp4,1783,59.49282615949283,29.97,380,2,traffic_signs,0.7963809370994568,1480.566162109375,759.5308227539062,1497.69873046875,789.5863647460938,1489.1324462890625,774.55859375,17.132568359375,30.0555419921875
IMG_0030.mp4,1784,59.5261928595262,29.97,356,2,traffic_signs,0.8696892857551575,1319.911376953125,769.14501953125,1350.22900390625,805.41552734375,1335.0701904296875,787.2802734375,30.317626953125,36.2705078125
IMG_0030.mp4,1784,59.5261928595262,29.97,364,2,traffic_signs,0.8398494720458984,936.966552734375,751.751708984375,961.3246459960938,780.2506103515625,949.1455993652344,766.0011596679688,24.35809326171875,28.4989013671875
IMG_0030.mp4,1784,59.5261928595262,29.97,380,2,traffic_signs,0.7629274129867554,1482.769287109375,758.6776733398438,1500.3438720703125,788.7813110351562,1491.5565795898438,773.7294921875,17.5745849609375,30.1036376953125
IMG_0030.mp4,1785,59.55955955955956,29.97,356,2,traffic_signs,0.8722293376922607,1321.2210693359375,768.5313720703125,1352.32666015625,804.7412719726562,1336.7738647460938,786.6363220214844,31.1055908203125,36.20989990234375
IMG_0030.mp4,1785,59.55955955955956,29.97,364,2,traffic_signs,0.6957530379295349,935.8404541015625,751.0183715820312,960.3128662109375,779.3214721679688,948.07666015625,765.169921875,24.472412109375,28.3031005859375
IMG_0030.mp4,1785,59.55955955955956,29.97,380,2,traffic_signs,0.8279343247413635,1484.8746337890625,757.5946044921875,1502.7611083984375,788.0064086914062,1493.81787109375,772.8005065917969,17.886474609375,30.41180419921875
IMG_0030.mp4,1786,59.59292625959293,29.97,356,2,traffic_signs,0.896255373954773,1322.4427490234375,767.9381713867188,1354.40478515625,804.17626953125,1338.4237670898438,786.0572204589844,31.9620361328125,36.23809814453125
IMG_0030.mp4,1786,59.59292625959293,29.97,364,2,traffic_signs,0.8032381534576416,934.5826416015625,750.4361572265625,958.4805908203125,778.5962524414062,946.5316162109375,764.5162048339844,23.89794921875,28.16009521484375
IMG_0030.mp4,1786,59.59292625959293,29.97,380,2,traffic_signs,0.8857473134994507,1487.351318359375,756.7940673828125,1505.533447265625,787.1217651367188,1496.4423828125,771.9579162597656,18.18212890625,30.32769775390625
IMG_0030.mp4,1787,59.6262929596263,29.97,356,2,traffic_signs,0.8950824737548828,1323.7320556640625,767.4421997070312,1356.314453125,803.6632690429688,1340.0232543945312,785.552734375,32.5823974609375,36.2210693359375
IMG_0030.mp4,1787,59.6262929596263,29.97,364,2,traffic_signs,0.8132981657981873,933.0303955078125,749.544677734375,957.2079467773438,778.0792846679688,945.1191711425781,763.8119812011719,24.17755126953125,28.53460693359375
IMG_0030.mp4,1787,59.6262929596263,29.97,380,2,traffic_signs,0.863441526889801,1489.902587890625,756.4918212890625,1508.039306640625,785.99365234375,1498.970947265625,771.2427368164062,18.13671875,29.5018310546875
IMG_0030.mp4,1788,59.65965965965966,29.97,356,2,traffic_signs,0.8891556859016418,1325.9354248046875,767.0196533203125,1358.1971435546875,802.859375,1342.0662841796875,784.9395141601562,32.26171875,35.8397216796875
IMG_0030.mp4,1788,59.65965965965966,29.97,364,2,traffic_signs,0.8490669131278992,931.606201171875,748.592529296875,955.9214477539062,777.2418212890625,943.7638244628906,762.9171752929688,24.31524658203125,28.6492919921875
IMG_0030.mp4,1788,59.65965965965966,29.97,380,2,traffic_signs,0.8397541046142578,1492.3717041015625,755.4257202148438,1510.718505859375,785.1062622070312,1501.5451049804688,770.2659912109375,18.3468017578125,29.6805419921875
IMG_0030.mp4,1789,59.69302635969303,29.97,356,2,traffic_signs,0.4881201982498169,1326.77783203125,765.8760375976562,1360.443603515625,801.9327392578125,1343.6107177734375,783.9043884277344,33.665771484375,36.05670166015625
IMG_0030.mp4,1789,59.69302635969303,29.97,364,2,traffic_signs,0.864661693572998,929.9097290039062,747.6393432617188,954.4771728515625,776.73779296875,942.1934509277344,762.1885681152344,24.56744384765625,29.09844970703125
IMG_0030.mp4,1789,59.69302635969303,29.97,380,2,traffic_signs,0.8382285237312317,1495.10546875,754.4563598632812,1513.61279296875,784.4513549804688,1504.359130859375,769.453857421875,18.50732421875,29.9949951171875
IMG_0030.mp4,1790,59.7263930597264,29.97,356,2,traffic_signs,0.8975297808647156,1328.1036376953125,765.0501098632812,1362.182861328125,801.1053466796875,1345.1432495117188,783.0777282714844,34.0792236328125,36.05523681640625
IMG_0030.mp4,1790,59.7263930597264,29.97,364,2,traffic_signs,0.8338007926940918,928.2205200195312,745.8759155273438,953.5458374023438,776.2754516601562,940.8831787109375,761.07568359375,25.3253173828125,30.3995361328125
IMG_0030.mp4,1790,59.7263930597264,29.97,380,2,traffic_signs,0.4082929790019989,1497.3310546875,754.0850219726562,1516.0379638671875,783.8206176757812,1506.6845092773438,768.9528198242188,18.7069091796875,29.735595703125
IMG_0030.mp4,1791,59.75975975975976,29.97,356,2,traffic_signs,0.9003672003746033,1329.4637451171875,764.5384521484375,1363.8992919921875,800.904052734375,1346.6815185546875,782.7212524414062,34.435546875,36.3656005859375
IMG_0030.mp4,1791,59.75975975975976,29.97,364,2,traffic_signs,0.8145644664764404,926.4391479492188,744.755859375,952.4007568359375,776.2670288085938,939.4199523925781,760.5114440917969,25.96160888671875,31.51116943359375
IMG_0030.mp4,1791,59.75975975975976,29.97,380,2,traffic_signs,0.8587521910667419,1499.936767578125,752.9026489257812,1519.3685302734375,783.119140625,1509.6526489257812,768.0108947753906,19.4317626953125,30.21649169921875
IMG_0030.mp4,1792,59.79312645979313,29.97,356,2,traffic_signs,0.9027886390686035,1330.800537109375,764.0068969726562,1365.0479736328125,800.4842529296875,1347.9242553710938,782.2455749511719,34.2474365234375,36.47735595703125
IMG_0030.mp4,1792,59.79312645979313,29.97,364,2,traffic_signs,0.796049177646637,924.5172729492188,743.6012573242188,951.104736328125,775.91650390625,937.8110046386719,759.7588806152344,26.58746337890625,32.31524658203125
IMG_0030.mp4,1792,59.79312645979313,29.97,380,2,traffic_signs,0.8829686045646667,1502.630126953125,752.3678588867188,1522.1400146484375,783.1007690429688,1512.3850708007812,767.7343139648438,19.5098876953125,30.73291015625
IMG_0030.mp4,1793,59.8264931598265,29.97,356,2,traffic_signs,0.902119517326355,1332.4617919921875,763.438720703125,1366.8377685546875,799.8628540039062,1349.6497802734375,781.6507873535156,34.3759765625,36.42413330078125
IMG_0030.mp4,1793,59.8264931598265,29.97,364,2,traffic_signs,0.8291422724723816,923.0903930664062,742.8522338867188,950.1836547851562,775.2703247070312,936.6370239257812,759.061279296875,27.09326171875,32.4180908203125
IMG_0030.mp4,1793,59.8264931598265,29.97,380,2,traffic_signs,0.8772737979888916,1505.4141845703125,751.1669921875,1525.33447265625,782.917724609375,1515.3743286132812,767.0423583984375,19.9202880859375,31.750732421875
IMG_0030.mp4,1794,59.85985985985986,29.97,356,2,traffic_signs,0.9042923450469971,1333.7271728515625,762.761474609375,1368.69140625,799.182861328125,1351.2092895507812,780.97216796875,34.9642333984375,36.42138671875
IMG_0030.mp4,1794,59.85985985985986,29.97,364,2,traffic_signs,0.8090044260025024,921.2700805664062,741.9342041015625,948.3897705078125,774.1534423828125,934.8299255371094,758.0438232421875,27.11968994140625,32.21923828125
IMG_0030.mp4,1794,59.85985985985986,29.97,380,2,traffic_signs,0.8669036626815796,1508.1396484375,750.21875,1528.170166015625,782.1810302734375,1518.1549072265625,766.1998901367188,20.030517578125,31.9622802734375
IMG_0030.mp4,1795,59.89322655989323,29.97,356,2,traffic_signs,0.9010129570960999,1334.7314453125,762.0474243164062,1371.3310546875,799.130859375,1353.03125,780.5891418457031,36.599609375,37.08343505859375
IMG_0030.mp4,1795,59.89322655989323,29.97,364,2,traffic_signs,0.8001742362976074,919.8111572265625,740.7283935546875,946.7896728515625,773.92822265625,933.3004150390625,757.3283081054688,26.978515625,33.1998291015625
IMG_0030.mp4,1795,59.89322655989323,29.97,380,2,traffic_signs,0.881294310092926,1510.695556640625,749.5114135742188,1530.8345947265625,781.8472290039062,1520.7650756835938,765.6793212890625,20.1390380859375,32.3358154296875
IMG_0030.mp4,1796,59.9265932599266,29.97,356,2,traffic_signs,0.9009130597114563,1336.3046875,760.7909545898438,1373.4508056640625,798.361328125,1354.8777465820312,779.5761413574219,37.1461181640625,37.57037353515625
IMG_0030.mp4,1796,59.9265932599266,29.97,364,2,traffic_signs,0.8491358757019043,918.9061279296875,739.3697509765625,945.762451171875,773.2946166992188,932.3342895507812,756.3321838378906,26.8563232421875,33.92486572265625
IMG_0030.mp4,1796,59.9265932599266,29.97,380,2,traffic_signs,0.7177280783653259,1513.2412109375,748.47705078125,1533.5797119140625,781.5458984375,1523.4104614257812,765.011474609375,20.3385009765625,33.06884765625
IMG_0030.mp4,1797,59.95995995995996,29.97,356,2,traffic_signs,0.907819390296936,1338.12548828125,759.7088623046875,1374.9185791015625,797.7030639648438,1356.5220336914062,778.7059631347656,36.7930908203125,37.99420166015625
IMG_0030.mp4,1797,59.95995995995996,29.97,364,2,traffic_signs,0.869074821472168,916.5516967773438,738.4052124023438,944.2728881835938,772.445068359375,930.4122924804688,755.4251403808594,27.72119140625,34.03985595703125
IMG_0030.mp4,1797,59.95995995995996,29.97,380,2,traffic_signs,0.856666088104248,1515.671630859375,747.4093017578125,1536.6461181640625,781.200439453125,1526.1588745117188,764.3048706054688,20.9744873046875,33.7911376953125
IMG_0030.mp4,1798,59.99332665999333,29.97,356,2,traffic_signs,0.8994277119636536,1340.1507568359375,758.9016723632812,1376.720947265625,797.8467407226562,1358.4358520507812,778.3742065429688,36.5701904296875,38.945068359375
IMG_0030.mp4,1798,59.99332665999333,29.97,364,2,traffic_signs,0.9128980040550232,914.9763793945312,737.7498168945312,943.18896484375,771.7341918945312,929.0826721191406,754.7420043945312,28.21258544921875,33.984375
IMG_0030.mp4,1798,59.99332665999333,29.97,380,2,traffic_signs,0.8481442332267761,1518.9095458984375,746.1943359375,1539.571533203125,780.2974853515625,1529.2405395507812,763.2459106445312,20.6619873046875,34.1031494140625
IMG_0030.mp4,1799,60.0266933600267,29.97,356,2,traffic_signs,0.8910485506057739,1341.6502685546875,758.001708984375,1377.8927001953125,797.6770629882812,1359.771484375,777.8393859863281,36.242431640625,39.67535400390625
IMG_0030.mp4,1799,60.0266933600267,29.97,364,2,traffic_signs,0.8821766376495361,913.4090576171875,737.0308227539062,941.6900634765625,771.171875,927.549560546875,754.1013488769531,28.281005859375,34.14105224609375
IMG_0030.mp4,1799,60.0266933600267,29.97,380,2,traffic_signs,0.8987047672271729,1520.996337890625,745.2232055664062,1542.0972900390625,779.380859375,1531.5468139648438,762.3020324707031,21.1009521484375,34.15765380859375
IMG_0030.mp4,1800,60.06006006006006,29.97,356,2,traffic_signs,0.8892204761505127,1343.7259521484375,757.0120849609375,1379.922607421875,796.6395263671875,1361.8242797851562,776.8258056640625,36.1966552734375,39.62744140625
IMG_0030.mp4,1800,60.06006006006006,29.97,364,2,traffic_signs,0.8773785829544067,911.736083984375,736.2257690429688,939.9760131835938,770.0396118164062,925.8560485839844,753.1326904296875,28.23992919921875,33.8138427734375
IMG_0030.mp4,1800,60.06006006006006,29.97,380,2,traffic_signs,0.9005831480026245,1523.572265625,744.6637573242188,1544.9488525390625,778.7608642578125,1534.2605590820312,761.7123107910156,21.3765869140625,34.09710693359375
IMG_0030.mp4,1801,60.09342676009343,29.97,356,2,traffic_signs,0.8835514783859253,1345.5589599609375,756.0425415039062,1382.2872314453125,795.3718872070312,1363.923095703125,775.7072143554688,36.728271484375,39.329345703125
IMG_0030.mp4,1801,60.09342676009343,29.97,364,2,traffic_signs,0.8871312141418457,909.6039428710938,735.6564331054688,938.2501220703125,769.2028198242188,923.9270324707031,752.4296264648438,28.64617919921875,33.54638671875
IMG_0030.mp4,1801,60.09342676009343,29.97,380,2,traffic_signs,0.8806423544883728,1526.16748046875,743.6441650390625,1548.658935546875,778.2430419921875,1537.4132080078125,760.943603515625,22.491455078125,34.598876953125
IMG_0030.mp4,1802,60.1267934601268,29.97,356,2,traffic_signs,0.891562283039093,1347.16455078125,755.1079711914062,1384.2711181640625,794.6791381835938,1365.7178344726562,774.8935546875,37.1065673828125,39.5711669921875
IMG_0030.mp4,1802,60.1267934601268,29.97,364,2,traffic_signs,0.8967205286026001,907.869140625,734.7459106445312,936.3397216796875,768.6004638671875,922.1044311523438,751.6731872558594,28.4705810546875,33.85455322265625
IMG_0030.mp4,1802,60.1267934601268,29.97,380,2,traffic_signs,0.9103419184684753,1528.846923828125,743.2977905273438,1551.4853515625,777.4378662109375,1540.1661376953125,760.3678283691406,22.638427734375,34.14007568359375
IMG_0030.mp4,1803,60.16016016016016,29.97,356,2,traffic_signs,0.8985124230384827,1348.341552734375,754.4192504882812,1387.0009765625,794.101318359375,1367.6712646484375,774.2602844238281,38.659423828125,39.68206787109375
IMG_0030.mp4,1803,60.16016016016016,29.97,364,2,traffic_signs,0.8868032693862915,906.3734741210938,733.274658203125,934.991943359375,768.3290405273438,920.6827087402344,750.8018493652344,28.61846923828125,35.05438232421875
IMG_0030.mp4,1803,60.16016016016016,29.97,380,2,traffic_signs,0.9101267457008362,1531.9000244140625,742.4185791015625,1554.7955322265625,776.4288940429688,1543.3477783203125,759.4237365722656,22.8955078125,34.01031494140625
IMG_0030.mp4,1804,60.19352686019353,29.97,356,2,traffic_signs,0.9064755439758301,1349.3651123046875,753.3694458007812,1388.4898681640625,793.4220581054688,1368.927490234375,773.395751953125,39.124755859375,40.0526123046875
IMG_0030.mp4,1804,60.19352686019353,29.97,364,2,traffic_signs,0.8961088061332703,904.2322998046875,731.9185180664062,933.07568359375,767.6171264648438,918.6539916992188,749.767822265625,28.8433837890625,35.6986083984375
IMG_0030.mp4,1804,60.19352686019353,29.97,380,2,traffic_signs,0.8872984051704407,1534.5611572265625,741.5737915039062,1557.3179931640625,775.2246704101562,1545.9395751953125,758.3992309570312,22.7568359375,33.65087890625
IMG_0030.mp4,1805,60.2268935602269,29.97,356,2,traffic_signs,0.8990129232406616,1351.16162109375,752.3341064453125,1389.575927734375,793.478515625,1370.3687744140625,772.9063110351562,38.414306640625,41.1444091796875
IMG_0030.mp4,1805,60.2268935602269,29.97,364,2,traffic_signs,0.905704915523529,901.2923583984375,730.9789428710938,930.44287109375,767.06201171875,915.8676147460938,749.0204772949219,29.1505126953125,36.08306884765625
IMG_0030.mp4,1805,60.2268935602269,29.97,380,2,traffic_signs,0.9052339196205139,1537.583251953125,740.30029296875,1560.0997314453125,774.6820678710938,1548.8414916992188,757.4911804199219,22.5164794921875,34.38177490234375
IMG_0030.mp4,1806,60.26026026026026,29.97,356,2,traffic_signs,0.909364640712738,1353.3372802734375,751.1869506835938,1391.6717529296875,792.872802734375,1372.5045166015625,772.0298767089844,38.33447265625,41.68585205078125
IMG_0030.mp4,1806,60.26026026026026,29.97,364,2,traffic_signs,0.9027988910675049,899.8994140625,730.43408203125,929.388671875,766.5001220703125,914.64404296875,748.4671020507812,29.4892578125,36.0660400390625
IMG_0030.mp4,1806,60.26026026026026,29.97,380,2,traffic_signs,0.9131153225898743,1541.3206787109375,739.29931640625,1563.04150390625,773.8705444335938,1552.1810913085938,756.5849304199219,21.7208251953125,34.57122802734375
IMG_0030.mp4,1807,60.29362696029363,29.97,356,2,traffic_signs,0.9091243743896484,1355.664794921875,750.0641479492188,1394.627197265625,792.033447265625,1375.14599609375,771.0487976074219,38.96240234375,41.96929931640625
IMG_0030.mp4,1807,60.29362696029363,29.97,364,2,traffic_signs,0.8942419290542603,898.216064453125,729.5285034179688,928.0761108398438,765.592529296875,913.1460876464844,747.5605163574219,29.86004638671875,36.06402587890625
IMG_0030.mp4,1807,60.29362696029363,29.97,380,2,traffic_signs,0.8296511173248291,1544.7576904296875,738.748291015625,1566.667236328125,773.031982421875,1555.7124633789062,755.89013671875,21.9095458984375,34.28369140625
IMG_0030.mp4,1808,60.326993660327,29.97,356,2,traffic_signs,0.8923212885856628,1357.529052734375,749.5044555664062,1396.4910888671875,791.4625244140625,1377.0100708007812,770.4834899902344,38.9620361328125,41.95806884765625
IMG_0030.mp4,1808,60.326993660327,29.97,364,2,traffic_signs,0.4089108407497406,896.5487670898438,728.96435546875,926.489501953125,764.71044921875,911.5191345214844,746.83740234375,29.94073486328125,35.74609375
IMG_0030.mp4,1808,60.326993660327,29.97,380,2,traffic_signs,0.8946837782859802,1547.516357421875,737.8701171875,1570.025390625,772.3088989257812,1558.7708740234375,755.0895080566406,22.509033203125,34.43878173828125
IMG_0030.mp4,1809,60.36036036036036,29.97,356,2,traffic_signs,0.8927934765815735,1359.4150390625,748.4696655273438,1398.936279296875,790.720947265625,1379.1756591796875,769.5953063964844,39.521240234375,42.25128173828125
IMG_0030.mp4,1809,60.36036036036036,29.97,364,2,traffic_signs,0.867612361907959,895.1005249023438,727.6769409179688,924.21142578125,763.5591430664062,909.6559753417969,745.6180419921875,29.11090087890625,35.8822021484375
IMG_0030.mp4,1809,60.36036036036036,29.97,380,2,traffic_signs,0.875069260597229,1550.4788818359375,736.5711669921875,1573.1026611328125,771.7887573242188,1561.790771484375,754.1799621582031,22.623779296875,35.21759033203125
IMG_0030.mp4,1810,60.39372706039373,29.97,356,2,traffic_signs,0.8696562647819519,1361.818603515625,747.2883911132812,1400.720703125,790.0244750976562,1381.2696533203125,768.6564331054688,38.902099609375,42.736083984375
IMG_0030.mp4,1810,60.39372706039373,29.97,364,2,traffic_signs,0.8554009199142456,893.4381713867188,726.6502685546875,922.5958862304688,762.7273559570312,908.0170288085938,744.6888122558594,29.15771484375,36.07708740234375
IMG_0030.mp4,1810,60.39372706039373,29.97,380,2,traffic_signs,0.8813831210136414,1553.635009765625,735.9764404296875,1576.7449951171875,770.8587036132812,1565.1900024414062,753.4175720214844,23.1099853515625,34.88226318359375
IMG_0030.mp4,1811,60.4270937604271,29.97,356,2,traffic_signs,0.8999677896499634,1363.3212890625,746.1491088867188,1402.6859130859375,789.193603515625,1383.0036010742188,767.6713562011719,39.3646240234375,43.04449462890625
IMG_0030.mp4,1811,60.4270937604271,29.97,364,2,traffic_signs,0.8504341840744019,891.1128540039062,725.2514038085938,920.9620971679688,761.6906127929688,906.0374755859375,743.4710083007812,29.8492431640625,36.439208984375
IMG_0030.mp4,1811,60.4270937604271,29.97,380,2,traffic_signs,0.8858670592308044,1556.613525390625,734.814453125,1579.6229248046875,770.504150390625,1568.1182250976562,752.6593017578125,23.0093994140625,35.689697265625
IMG_0030.mp4,1812,60.46046046046046,29.97,356,2,traffic_signs,0.86994469165802,1365.18310546875,744.7000122070312,1405.1680908203125,788.2559814453125,1385.1755981445312,766.4779968261719,39.9849853515625,43.55596923828125
IMG_0030.mp4,1812,60.46046046046046,29.97,364,2,traffic_signs,0.8512182831764221,889.1987915039062,724.3787231445312,919.4537963867188,761.09228515625,904.3262939453125,742.7355041503906,30.2550048828125,36.71356201171875
IMG_0030.mp4,1812,60.46046046046046,29.97,380,2,traffic_signs,0.7797947525978088,1560.0244140625,733.5488891601562,1583.0233154296875,769.6016845703125,1571.5238647460938,751.5752868652344,22.9989013671875,36.05279541015625
IMG_0030.mp4,1813,60.49382716049383,29.97,356,2,traffic_signs,0.8379579782485962,1366.870849609375,743.4462890625,1407.7860107421875,787.69287109375,1387.3284301757812,765.569580078125,40.9151611328125,44.24658203125
IMG_0030.mp4,1813,60.49382716049383,29.97,364,2,traffic_signs,0.8613108396530151,886.878662109375,723.1178588867188,917.4503173828125,760.0928955078125,902.1644897460938,741.6053771972656,30.5716552734375,36.97503662109375
IMG_0030.mp4,1813,60.49382716049383,29.97,380,2,traffic_signs,0.877783477306366,1563.203125,732.4393920898438,1586.6348876953125,768.885986328125,1574.9190063476562,750.6626892089844,23.4317626953125,36.44659423828125
IMG_0030.mp4,1814,60.5271938605272,29.97,356,2,traffic_signs,0.8373293280601501,1368.8116455078125,742.4407348632812,1410.17578125,787.6649780273438,1389.4937133789062,765.0528564453125,41.3641357421875,45.2242431640625
IMG_0030.mp4,1814,60.5271938605272,29.97,364,2,traffic_signs,0.8620557188987732,884.458251953125,722.1489868164062,916.3107299804688,758.7322998046875,900.3844909667969,740.4406433105469,31.85247802734375,36.58331298828125
IMG_0030.mp4,1814,60.5271938605272,29.97,380,2,traffic_signs,0.8975034952163696,1566.4881591796875,731.2628784179688,1590.59326171875,768.2731323242188,1578.5407104492188,749.7680053710938,24.1051025390625,37.01025390625
IMG_0030.mp4,1815,60.56056056056056,29.97,356,2,traffic_signs,0.740592360496521,1370.1278076171875,741.6775512695312,1412.1246337890625,787.4198608398438,1391.126220703125,764.5487060546875,41.996826171875,45.7423095703125
IMG_0030.mp4,1815,60.56056056056056,29.97,364,2,traffic_signs,0.666953444480896,882.98779296875,721.4174194335938,914.6766357421875,757.6777954101562,898.8322143554688,739.547607421875,31.6888427734375,36.2603759765625
IMG_0030.mp4,1815,60.56056056056056,29.97,380,2,traffic_signs,0.8767518401145935,1569.29833984375,730.26416015625,1593.962646484375,767.4501953125,1581.6304931640625,748.857177734375,24.664306640625,37.18603515625
IMG_0030.mp4,1816,60.59392726059393,29.97,356,2,traffic_signs,0.9082225561141968,1371.78662109375,740.8230590820312,1414.060791015625,786.5155639648438,1392.9237060546875,763.6693115234375,42.274169921875,45.6925048828125
IMG_0030.mp4,1816,60.59392726059393,29.97,364,2,traffic_signs,0.807654619216919,881.0433959960938,720.6920166015625,912.8365478515625,756.6900634765625,896.9399719238281,738.6910400390625,31.79315185546875,35.998046875
IMG_0030.mp4,1816,60.59392726059393,29.97,380,2,traffic_signs,0.8955621719360352,1572.6412353515625,728.90087890625,1597.3082275390625,766.8453369140625,1584.9747314453125,747.8731079101562,24.6669921875,37.9444580078125
IMG_0030.mp4,1817,60.6272939606273,29.97,356,2,traffic_signs,0.8976598381996155,1374.1195068359375,739.680419921875,1416.9822998046875,785.3626098632812,1395.5509033203125,762.5215148925781,42.86279296875,45.68218994140625
IMG_0030.mp4,1817,60.6272939606273,29.97,364,2,traffic_signs,0.8125856518745422,878.77978515625,719.5509033203125,910.8109741210938,755.5802612304688,894.7953796386719,737.5655822753906,32.03118896484375,36.02935791015625
IMG_0030.mp4,1817,60.6272939606273,29.97,380,2,traffic_signs,0.9085618257522583,1576.158203125,727.8405151367188,1601.8785400390625,765.490966796875,1589.0183715820312,746.6657409667969,25.7203369140625,37.65045166015625
IMG_0030.mp4,1818,60.66066066066066,29.97,356,2,traffic_signs,0.8571120500564575,1376.3897705078125,738.4552612304688,1419.7781982421875,783.9063110351562,1398.083984375,761.1807861328125,43.388427734375,45.4510498046875
IMG_0030.mp4,1818,60.66066066066066,29.97,364,2,traffic_signs,0.7994415163993835,876.3880615234375,718.6022338867188,908.7337036132812,754.9274291992188,892.5608825683594,736.7648315429688,32.34564208984375,36.3251953125
IMG_0030.mp4,1818,60.66066066066066,29.97,380,2,traffic_signs,0.9047045707702637,1579.827392578125,726.8883666992188,1605.04150390625,764.7184448242188,1592.4344482421875,745.8034057617188,25.214111328125,37.830078125
IMG_0030.mp4,1819,60.69402736069403,29.97,356,2,traffic_signs,0.8502417802810669,1378.229736328125,737.587158203125,1422.7628173828125,783.9564208984375,1400.4962768554688,760.7717895507812,44.5330810546875,46.3692626953125
IMG_0030.mp4,1819,60.69402736069403,29.97,364,2,traffic_signs,0.5938742756843567,873.9473876953125,717.2852783203125,907.328125,754.9584350585938,890.6377563476562,736.1218566894531,33.3807373046875,37.67315673828125
IMG_0030.mp4,1819,60.69402736069403,29.97,380,2,traffic_signs,0.8655384182929993,1583.18994140625,725.560546875,1609.1209716796875,763.8020629882812,1596.1554565429688,744.6813049316406,25.9310302734375,38.24151611328125
IMG_0030.mp4,1820,60.7273940607274,29.97,356,2,traffic_signs,0.6604560613632202,1379.5909423828125,736.6344604492188,1425.3037109375,783.5867919921875,1402.4473266601562,760.1106262207031,45.7127685546875,46.95233154296875
IMG_0030.mp4,1820,60.7273940607274,29.97,364,2,traffic_signs,0.6416228413581848,871.1550903320312,715.7574462890625,905.27490234375,754.291259765625,888.2149963378906,735.0243530273438,34.11981201171875,38.5338134765625
IMG_0030.mp4,1820,60.7273940607274,29.97,380,2,traffic_signs,0.897595226764679,1587.1820068359375,723.813720703125,1613.5755615234375,763.0430297851562,1600.3787841796875,743.4283752441406,26.3935546875,39.22930908203125
IMG_0030.mp4,1821,60.76076076076076,29.97,356,2,traffic_signs,0.8814184069633484,1381.3587646484375,735.3698120117188,1427.540771484375,782.996337890625,1404.4497680664062,759.1830749511719,46.1820068359375,47.62652587890625
IMG_0030.mp4,1821,60.76076076076076,29.97,364,2,traffic_signs,0.7848870158195496,869.73828125,715.0011596679688,903.4569702148438,753.5828857421875,886.5976257324219,734.2920227050781,33.71868896484375,38.58172607421875
IMG_0030.mp4,1821,60.76076076076076,29.97,380,2,traffic_signs,0.8757333159446716,1590.09814453125,723.0645141601562,1616.8043212890625,761.8988037109375,1603.4512329101562,742.4816589355469,26.7061767578125,38.83428955078125
IMG_0030.mp4,1822,60.79412746079413,29.97,356,2,traffic_signs,0.875850260257721,1384.5003662109375,734.2998657226562,1430.27392578125,782.2991943359375,1407.3871459960938,758.2995300292969,45.7735595703125,47.99932861328125
IMG_0030.mp4,1822,60.79412746079413,29.97,364,2,traffic_signs,0.7418845891952515,867.90234375,714.0525512695312,901.6477661132812,752.4347534179688,884.7750549316406,733.24365234375,33.74542236328125,38.3822021484375
IMG_0030.mp4,1822,60.79412746079413,29.97,380,2,traffic_signs,0.7975907921791077,1593.5958251953125,722.1419067382812,1620.18994140625,760.2200927734375,1606.8928833007812,741.1809997558594,26.5941162109375,38.07818603515625
IMG_0030.mp4,1823,60.8274941608275,29.97,356,2,traffic_signs,0.8505967259407043,1387.4752197265625,732.9303588867188,1433.5020751953125,781.5172729492188,1410.4886474609375,757.2238159179688,46.02685546875,48.5869140625
IMG_0030.mp4,1823,60.8274941608275,29.97,364,2,traffic_signs,0.5910576581954956,865.5715942382812,712.7928466796875,899.2958374023438,751.2447509765625,882.4337158203125,732.018798828125,33.7242431640625,38.451904296875
IMG_0030.mp4,1823,60.8274941608275,29.97,380,2,traffic_signs,0.8957452774047852,1597.39501953125,721.252685546875,1624.2177734375,760.1278686523438,1610.806396484375,740.6902770996094,26.82275390625,38.87518310546875
IMG_0030.mp4,1824,60.86086086086086,29.97,356,2,traffic_signs,0.8633305430412292,1389.889892578125,731.6766357421875,1436.3350830078125,780.6539306640625,1413.1124877929688,756.165283203125,46.4451904296875,48.977294921875
IMG_0030.mp4,1824,60.86086086086086,29.97,364,2,traffic_signs,0.609921932220459,863.1556396484375,710.8916015625,897.153564453125,751.248779296875,880.1546020507812,731.0701904296875,33.9979248046875,40.357177734375
IMG_0030.mp4,1824,60.86086086086086,29.97,380,2,traffic_signs,0.8469147682189941,1601.0985107421875,720.4223022460938,1628.38134765625,759.5891723632812,1614.7399291992188,740.0057373046875,27.2828369140625,39.1668701171875
IMG_0030.mp4,1824,60.86086086086086,29.97,392,2,traffic_signs,0.4271340072154999,643.2376708984375,757.9843139648438,660.3381958007812,779.986572265625,651.7879333496094,768.9854431152344,17.10052490234375,22.00225830078125
IMG_0030.mp4,1825,60.89422756089423,29.97,356,2,traffic_signs,0.8559029698371887,1392.3448486328125,730.4059448242188,1439.4281005859375,779.2971801757812,1415.886474609375,754.8515625,47.083251953125,48.8912353515625
IMG_0030.mp4,1825,60.89422756089423,29.97,364,2,traffic_signs,0.7764788269996643,859.1622314453125,708.48388671875,894.82080078125,795.3687744140625,876.9915161132812,751.9263305664062,35.6585693359375,86.8848876953125
IMG_0030.mp4,1825,60.89422756089423,29.97,380,2,traffic_signs,0.634437620639801,1606.2755126953125,719.0488891601562,1633.703857421875,758.0360717773438,1619.9896850585938,738.54248046875,27.4283447265625,38.9871826171875
IMG_0030.mp4,1826,60.9275942609276,29.97,356,2,traffic_signs,0.8428243398666382,1394.55029296875,729.6707153320312,1442.588623046875,778.4688110351562,1418.5694580078125,754.0697631835938,48.038330078125,48.798095703125
IMG_0030.mp4,1826,60.9275942609276,29.97,364,2,traffic_signs,0.7734913229942322,858.1450805664062,707.3939819335938,894.5065307617188,809.7479248046875,876.3258056640625,758.5709533691406,36.3614501953125,102.35394287109375
IMG_0030.mp4,1826,60.9275942609276,29.97,380,2,traffic_signs,0.8181633353233337,1609.9501953125,718.6463012695312,1637.61767578125,758.1431884765625,1623.783935546875,738.3947448730469,27.66748046875,39.49688720703125
IMG_0030.mp4,1826,60.9275942609276,29.97,393,2,traffic_signs,0.6237565279006958,637.573486328125,757.4774169921875,655.4070434570312,778.8248291015625,646.4902648925781,768.151123046875,17.83355712890625,21.347412109375
IMG_0030.mp4,1827,60.96096096096096,29.97,356,2,traffic_signs,0.827027440071106,1398.27294921875,728.409912109375,1447.397705078125,777.0344848632812,1422.8353271484375,752.7221984863281,49.124755859375,48.62457275390625
IMG_0030.mp4,1827,60.96096096096096,29.97,364,2,traffic_signs,0.8202947378158569,853.5538330078125,704.9151000976562,890.7333374023438,816.5853271484375,872.1435852050781,760.7502136230469,37.17950439453125,111.67022705078125
IMG_0030.mp4,1827,60.96096096096096,29.97,380,2,traffic_signs,0.8775814771652222,1615.7188720703125,716.8284912109375,1643.293212890625,757.0839233398438,1629.5060424804688,736.9562072753906,27.5743408203125,40.25543212890625
IMG_0030.mp4,1827,60.96096096096096,29.97,393,2,traffic_signs,0.77939772605896,632.5093994140625,756.2916870117188,651.1380615234375,778.1083984375,641.82373046875,767.2000427246094,18.628662109375,21.81671142578125
IMG_0030.mp4,1828,60.99432766099433,29.97,356,2,traffic_signs,0.8295899033546448,1400.053466796875,726.7260131835938,1449.8133544921875,776.2516479492188,1424.9334106445312,751.4888305664062,49.7598876953125,49.525634765625
IMG_0030.mp4,1828,60.99432766099433,29.97,364,2,traffic_signs,0.5339685678482056,850.3240966796875,702.7384033203125,886.972900390625,818.017578125,868.6484985351562,760.3779907226562,36.6488037109375,115.2791748046875
IMG_0030.mp4,1828,60.99432766099433,29.97,380,2,traffic_signs,0.6846794486045837,1618.6851806640625,715.1958618164062,1647.2813720703125,755.841552734375,1632.9832763671875,735.5187072753906,28.59619140625,40.64569091796875
IMG_0030.mp4,1829,61.0276943610277,29.97,356,2,traffic_signs,0.8858112692832947,1402.123291015625,726.42236328125,1452.114501953125,776.3444213867188,1427.118896484375,751.3833923339844,49.9912109375,49.92205810546875
IMG_0030.mp4,1829,61.0276943610277,29.97,364,2,traffic_signs,0.8276607394218445,849.7756958007812,702.4517822265625,886.8296508789062,819.75537109375,868.3026733398438,761.1035766601562,37.053955078125,117.3035888671875
IMG_0030.mp4,1829,61.0276943610277,29.97,380,2,traffic_signs,0.9078229069709778,1621.9619140625,714.4758911132812,1650.9813232421875,755.9150390625,1636.4716186523438,735.1954650878906,29.0194091796875,41.43914794921875
IMG_0030.mp4,1829,61.0276943610277,29.97,393,2,traffic_signs,0.744638204574585,628.7689208984375,755.14794921875,647.0044555664062,778.1185302734375,637.8866882324219,766.6332397460938,18.23553466796875,22.9705810546875
IMG_0030.mp4,1830,61.06106106106106,29.97,356,2,traffic_signs,0.864468514919281,1405.221923828125,724.5328369140625,1456.3681640625,775.4948120117188,1430.7950439453125,750.0138244628906,51.146240234375,50.96197509765625
IMG_0030.mp4,1830,61.06106106106106,29.97,364,2,traffic_signs,0.8337348103523254,847.0119018554688,700.6434326171875,883.757080078125,820.1004028320312,865.3844909667969,760.3719177246094,36.74517822265625,119.45697021484375
IMG_0030.mp4,1830,61.06106106106106,29.97,380,2,traffic_signs,0.9089136719703674,1628.0391845703125,713.21044921875,1656.9896240234375,754.2418823242188,1642.514404296875,733.7261657714844,28.950439453125,41.03143310546875
IMG_0030.mp4,1831,61.09442776109443,29.97,356,2,traffic_signs,0.8213643431663513,1407.717529296875,722.765869140625,1459.8389892578125,774.659423828125,1433.7782592773438,748.712646484375,52.1214599609375,51.8935546875
IMG_0030.mp4,1831,61.09442776109443,29.97,364,2,traffic_signs,0.8867826461791992,844.1685791015625,699.5878295898438,880.7247314453125,819.4392700195312,862.4466552734375,759.5135498046875,36.55615234375,119.8514404296875
IMG_0030.mp4,1831,61.09442776109443,29.97,380,2,traffic_signs,0.8010518550872803,1631.4603271484375,712.3680419921875,1661.595458984375,753.1744995117188,1646.5278930664062,732.7712707519531,30.1351318359375,40.80645751953125
IMG_0030.mp4,1832,61.1277944611278,29.97,356,2,traffic_signs,0.842147946357727,1411.5338134765625,720.9813232421875,1463.272216796875,774.224853515625,1437.4030151367188,747.6030883789062,51.7384033203125,53.2435302734375
IMG_0030.mp4,1832,61.1277944611278,29.97,364,2,traffic_signs,0.8891941905021667,841.4663696289062,698.660888671875,878.746337890625,819.1722412109375,860.1063537597656,758.9165649414062,37.27996826171875,120.5113525390625
IMG_0030.mp4,1832,61.1277944611278,29.97,380,2,traffic_signs,0.8993351459503174,1636.1925048828125,711.2122192382812,1666.7281494140625,752.6769409179688,1651.4603271484375,731.944580078125,30.53564453125,41.4647216796875
IMG_0030.mp4,1833,61.16116116116116,29.97,356,2,traffic_signs,0.8732917308807373,1414.21044921875,719.1666870117188,1466.934326171875,773.08349609375,1440.5723876953125,746.1250915527344,52.723876953125,53.91680908203125
IMG_0030.mp4,1833,61.16116116116116,29.97,364,2,traffic_signs,0.8600665330886841,839.0244140625,697.6112670898438,876.882080078125,818.6224365234375,857.9532470703125,758.1168518066406,37.857666015625,121.01116943359375
IMG_0030.mp4,1833,61.16116116116116,29.97,380,2,traffic_signs,0.8437326550483704,1640.885498046875,709.6121215820312,1671.7821044921875,750.91015625,1656.3338012695312,730.2611389160156,30.8966064453125,41.29803466796875
IMG_0030.mp4,1834,61.19452786119453,29.97,356,2,traffic_signs,0.8561434149742126,1417.136962890625,717.942626953125,1470.18994140625,772.5367431640625,1443.6634521484375,745.2396850585938,53.052978515625,54.5941162109375
IMG_0030.mp4,1834,61.19452786119453,29.97,364,2,traffic_signs,0.894924521446228,836.4309692382812,696.6888427734375,874.778564453125,816.735595703125,855.6047668457031,756.7122192382812,38.34759521484375,120.0467529296875
IMG_0030.mp4,1834,61.19452786119453,29.97,380,2,traffic_signs,0.9036577343940735,1645.3074951171875,708.701171875,1676.6846923828125,751.1609497070312,1660.99609375,729.9310607910156,31.377197265625,42.45977783203125
IMG_0030.mp4,1835,61.2278945612279,29.97,356,2,traffic_signs,0.847027063369751,1419.82275390625,716.9111328125,1474.2239990234375,771.92822265625,1447.0233764648438,744.419677734375,54.4012451171875,55.01708984375
IMG_0030.mp4,1835,61.2278945612279,29.97,364,2,traffic_signs,0.8122004270553589,834.0773315429688,694.75146484375,872.46630859375,815.3397216796875,853.2718200683594,755.0455932617188,38.38897705078125,120.5882568359375
IMG_0030.mp4,1835,61.2278945612279,29.97,380,2,traffic_signs,0.9183090329170227,1650.3656005859375,707.3848876953125,1681.2740478515625,749.5308227539062,1665.81982421875,728.4578552246094,30.908447265625,42.14593505859375
IMG_0030.mp4,1836,61.26126126126126,29.97,356,2,traffic_signs,0.8758686184883118,1424.184814453125,714.8358154296875,1478.2955322265625,770.6975708007812,1451.2401733398438,742.7666931152344,54.1107177734375,55.86175537109375
IMG_0030.mp4,1836,61.26126126126126,29.97,364,2,traffic_signs,0.8279966711997986,832.1492309570312,692.6069946289062,870.9161376953125,814.2139282226562,851.5326843261719,753.4104614257812,38.76690673828125,121.60693359375
IMG_0030.mp4,1836,61.26126126126126,29.97,380,2,traffic_signs,0.8902543187141418,1655.43798828125,705.5350341796875,1687.5491943359375,748.2792358398438,1671.4935913085938,726.9071350097656,32.1112060546875,42.74420166015625
IMG_0030.mp4,1837,61.29462796129463,29.97,356,2,traffic_signs,0.4934188425540924,1426.270263671875,713.8018188476562,1480.586669921875,770.6436767578125,1453.428466796875,742.2227478027344,54.31640625,56.84185791015625
IMG_0030.mp4,1837,61.29462796129463,29.97,364,2,traffic_signs,0.8438899517059326,828.7608032226562,690.3670654296875,867.7744750976562,814.247802734375,848.2676391601562,752.3074340820312,39.013671875,123.8807373046875
IMG_0030.mp4,1837,61.29462796129463,29.97,380,2,traffic_signs,0.9009380340576172,1659.4129638671875,704.2755126953125,1691.429931640625,747.8219604492188,1675.4214477539062,726.0487365722656,32.0169677734375,43.54644775390625
IMG_0030.mp4,1838,61.327994661328,29.97,356,2,traffic_signs,0.6536303162574768,1428.816162109375,712.3558959960938,1485.3753662109375,769.7432250976562,1457.0957641601562,741.049560546875,56.5592041015625,57.3873291015625
IMG_0030.mp4,1838,61.327994661328,29.97,364,2,traffic_signs,0.8443413376808167,825.2876586914062,689.4276733398438,865.7638549804688,813.3593139648438,845.5257568359375,751.3934936523438,40.4761962890625,123.931640625
IMG_0030.mp4,1838,61.327994661328,29.97,380,2,traffic_signs,0.623866617679596,1664.54931640625,702.67822265625,1697.582275390625,747.0877075195312,1681.0657958984375,724.8829650878906,33.032958984375,44.40948486328125
IMG_0030.mp4,1839,61.36136136136136,29.97,356,2,traffic_signs,0.7499052882194519,1432.32275390625,710.805419921875,1488.7391357421875,768.7371826171875,1460.5309448242188,739.7713012695312,56.4163818359375,57.9317626953125
IMG_0030.mp4,1839,61.36136136136136,29.97,364,2,traffic_signs,0.7516992688179016,822.7755737304688,687.6359252929688,862.8632202148438,813.136962890625,842.8193969726562,750.3864440917969,40.087646484375,125.50103759765625
IMG_0030.mp4,1839,61.36136136136136,29.97,380,2,traffic_signs,0.9198567867279053,1669.2669677734375,701.0791625976562,1702.614990234375,746.3228759765625,1685.9409790039062,723.7010192871094,33.3480224609375,45.24371337890625
IMG_0030.mp4,1840,61.39472806139473,29.97,356,2,traffic_signs,0.7483705878257751,1436.0753173828125,709.539794921875,1493.022705078125,767.9976806640625,1464.5490112304688,738.7687377929688,56.9473876953125,58.4578857421875
IMG_0030.mp4,1840,61.39472806139473,29.97,364,2,traffic_signs,0.8581588864326477,820.5451049804688,685.84130859375,860.5536499023438,812.4386596679688,840.5493774414062,749.1399841308594,40.008544921875,126.59735107421875
IMG_0030.mp4,1840,61.39472806139473,29.97,380,2,traffic_signs,0.9221704006195068,1674.75341796875,700.251953125,1707.7515869140625,745.3419799804688,1691.2525024414062,722.7969665527344,32.9981689453125,45.09002685546875
IMG_0030.mp4,1841,61.4280947614281,29.97,356,2,traffic_signs,0.7725412249565125,1439.6083984375,708.115478515625,1498.7938232421875,766.7079467773438,1469.2011108398438,737.4117126464844,59.1854248046875,58.59246826171875
IMG_0030.mp4,1841,61.4280947614281,29.97,364,2,traffic_signs,0.8991670608520508,817.620849609375,685.5789794921875,859.1403198242188,812.6859130859375,838.3805847167969,749.1324462890625,41.51947021484375,127.10693359375
IMG_0030.mp4,1841,61.4280947614281,29.97,380,2,traffic_signs,0.9077783226966858,1679.5166015625,698.1408081054688,1714.8892822265625,745.1852416992188,1697.2029418945312,721.6630249023438,35.3726806640625,47.04443359375
IMG_0030.mp4,1842,61.46146146146146,29.97,356,2,traffic_signs,0.8116901516914368,1441.3175048828125,706.6957397460938,1501.36474609375,765.5078125,1471.3411254882812,736.1017761230469,60.0472412109375,58.81207275390625
IMG_0030.mp4,1842,61.46146146146146,29.97,364,2,traffic_signs,0.8975136876106262,813.5968627929688,684.630615234375,856.2777099609375,813.5701904296875,834.9372863769531,749.1004028320312,42.68084716796875,128.9395751953125
IMG_0030.mp4,1842,61.46146146146146,29.97,380,2,traffic_signs,0.9081077575683594,1683.064208984375,696.7161865234375,1719.244873046875,744.4005126953125,1701.154541015625,720.558349609375,36.1806640625,47.684326171875
IMG_0030.mp4,1843,61.49482816149483,29.97,356,2,traffic_signs,0.8283168077468872,1442.8651123046875,705.462890625,1502.9512939453125,764.511962890625,1472.908203125,734.9874267578125,60.086181640625,59.049072265625
IMG_0030.mp4,1843,61.49482816149483,29.97,364,2,traffic_signs,0.7226036787033081,809.8363647460938,682.0097045898438,851.9301147460938,814.0587158203125,830.8832397460938,748.0342102050781,42.09375,132.04901123046875
IMG_0030.mp4,1843,61.49482816149483,29.97,380,2,traffic_signs,0.8661518692970276,1684.9658203125,696.2014770507812,1722.1063232421875,742.4081420898438,1703.5360717773438,719.3048095703125,37.1405029296875,46.2066650390625
IMG_0030.mp4,1844,61.5281948615282,29.97,356,2,traffic_signs,0.8172168731689453,1447.8446044921875,703.6583251953125,1508.6328125,763.4518432617188,1478.2387084960938,733.5550842285156,60.7882080078125,59.79351806640625
IMG_0030.mp4,1844,61.5281948615282,29.97,364,2,traffic_signs,0.900397777557373,807.5581665039062,680.7901000976562,850.4138793945312,811.7387084960938,828.9860229492188,746.264404296875,42.855712890625,130.9486083984375
IMG_0030.mp4,1844,61.5281948615282,29.97,380,2,traffic_signs,0.8861218690872192,1691.367919921875,694.2013549804688,1728.4066162109375,740.4910888671875,1709.8872680664062,717.3462219238281,37.0386962890625,46.28973388671875
IMG_0030.mp4,1845,61.56156156156156,29.97,356,2,traffic_signs,0.7544764280319214,1450.185791015625,702.880126953125,1510.515869140625,762.9845581054688,1480.350830078125,732.9323425292969,60.330078125,60.10443115234375
IMG_0030.mp4,1845,61.56156156156156,29.97,364,2,traffic_signs,0.8847399353981018,807.3939819335938,680.7092895507812,849.7454223632812,810.1099853515625,828.5697021484375,745.4096374511719,42.3514404296875,129.40069580078125
IMG_0030.mp4,1845,61.56156156156156,29.97,380,2,traffic_signs,0.7807371020317078,1693.2459716796875,693.8988647460938,1730.8360595703125,740.4112548828125,1712.041015625,717.1550598144531,37.590087890625,46.51239013671875
IMG_0030.mp4,1846,61.59492826159493,29.97,356,2,traffic_signs,0.6586996912956238,1454.9844970703125,702.4931030273438,1514.5130615234375,762.0877075195312,1484.748779296875,732.2904052734375,59.528564453125,59.5946044921875
IMG_0030.mp4,1846,61.59492826159493,29.97,364,2,traffic_signs,0.8667814135551453,804.935791015625,679.0525512695312,847.5841064453125,809.1121215820312,826.2599487304688,744.0823364257812,42.6483154296875,130.0595703125
IMG_0030.mp4,1846,61.59492826159493,29.97,380,2,traffic_signs,0.8830426931381226,1696.91748046875,692.900146484375,1734.591064453125,739.555908203125,1715.7542724609375,716.22802734375,37.673583984375,46.65576171875
IMG_0030.mp4,1847,61.6282949616283,29.97,356,2,traffic_signs,0.40043526887893677,1457.420166015625,699.5579833984375,1519.4190673828125,761.2167358398438,1488.4196166992188,730.3873596191406,61.9989013671875,61.65875244140625
IMG_0030.mp4,1847,61.6282949616283,29.97,364,2,traffic_signs,0.8707315921783447,802.2147827148438,677.7145385742188,845.166748046875,811.0988159179688,823.6907653808594,744.4066772460938,42.95196533203125,133.38427734375
IMG_0030.mp4,1847,61.6282949616283,29.97,380,2,traffic_signs,0.4896862804889679,1702.686279296875,691.4258422851562,1741.443115234375,738.6561279296875,1722.064697265625,715.0409851074219,38.7568359375,47.23028564453125
IMG_0030.mp4,1848,61.66166166166166,29.97,356,2,traffic_signs,0.7076385617256165,1460.201904296875,698.0882568359375,1523.17529296875,759.76953125,1491.6885986328125,728.9288940429688,62.973388671875,61.6812744140625
IMG_0030.mp4,1848,61.66166166166166,29.97,364,2,traffic_signs,0.8414876461029053,799.038818359375,675.2568359375,841.2215576171875,811.9080200195312,820.1301879882812,743.5824279785156,42.1827392578125,136.65118408203125
IMG_0030.mp4,1848,61.66166166166166,29.97,380,2,traffic_signs,0.8983998894691467,1707.7633056640625,689.5877075195312,1747.3988037109375,738.1304321289062,1727.5810546875,713.8590698242188,39.635498046875,48.542724609375
IMG_0030.mp4,1849,61.69502836169503,29.97,356,2,traffic_signs,0.6107479929924011,1463.5267333984375,696.1842041015625,1528.4453125,758.3959350585938,1495.9860229492188,727.2900695800781,64.9185791015625,62.21173095703125
IMG_0030.mp4,1849,61.69502836169503,29.97,364,2,traffic_signs,0.8471227288246155,795.2977905273438,673.0653686523438,837.662353515625,811.2402954101562,816.4800720214844,742.15283203125,42.36456298828125,138.1749267578125
IMG_0030.mp4,1849,61.69502836169503,29.97,380,2,traffic_signs,0.8698880672454834,1714.6834716796875,688.6243286132812,1754.3758544921875,737.189453125,1734.5296630859375,712.9068908691406,39.6923828125,48.56512451171875
IMG_0030.mp4,1850,61.7283950617284,29.97,356,2,traffic_signs,0.3383864462375641,1467.5771484375,694.066162109375,1532.9183349609375,757.2691040039062,1500.2477416992188,725.6676330566406,65.3411865234375,63.20294189453125
IMG_0030.mp4,1850,61.7283950617284,29.97,364,2,traffic_signs,0.8864733576774597,791.46826171875,670.9133911132812,834.1265258789062,810.3753662109375,812.7973937988281,740.6443786621094,42.65826416015625,139.46197509765625
IMG_0030.mp4,1850,61.7283950617284,29.97,380,2,traffic_signs,0.8909633755683899,1719.5220947265625,686.4608764648438,1760.48486328125,737.1543579101562,1740.0034790039062,711.8076171875,40.9627685546875,50.6934814453125
IMG_0030.mp4,1851,61.76176176176176,29.97,356,2,traffic_signs,0.43837493658065796,1471.1121826171875,691.6898803710938,1537.6263427734375,754.7799072265625,1504.3692626953125,723.2348937988281,66.51416015625,63.09002685546875
IMG_0030.mp4,1851,61.76176176176176,29.97,364,2,traffic_signs,0.4173869490623474,788.8359375,668.7283935546875,831.9154052734375,807.069091796875,810.3756713867188,737.8987426757812,43.0794677734375,138.3406982421875
IMG_0030.mp4,1851,61.76176176176176,29.97,380,2,traffic_signs,0.886789083480835,1725.60888671875,684.4527587890625,1767.2135009765625,735.9454956054688,1746.4111938476562,710.1991271972656,41.6046142578125,51.49273681640625
IMG_0030.mp4,1852,61.79512846179513,29.97,364,2,traffic_signs,0.9221107959747314,785.1323852539062,666.6351928710938,829.58154296875,805.4703979492188,807.3569641113281,736.0527954101562,44.44915771484375,138.835205078125
IMG_0030.mp4,1852,61.79512846179513,29.97,380,2,traffic_signs,0.8937562108039856,1731.2984619140625,682.4103393554688,1773.8291015625,734.5038452148438,1752.5637817382812,708.4570922851562,42.5306396484375,52.093505859375
IMG_0030.mp4,1853,61.8284951618285,29.97,364,2,traffic_signs,0.9131218194961548,781.7070922851562,664.7403564453125,827.4142456054688,803.0181884765625,804.5606689453125,733.8792724609375,45.7071533203125,138.27783203125
IMG_0030.mp4,1853,61.8284951618285,29.97,380,2,traffic_signs,0.8746172785758972,1738.2313232421875,680.7671508789062,1780.640380859375,732.279541015625,1759.4358520507812,706.5233459472656,42.4090576171875,51.51239013671875
IMG_0030.mp4,1853,61.8284951618285,29.97,417,2,traffic_signs,0.6982882618904114,566.4047241210938,734.5696411132812,588.8839111328125,764.082763671875,577.6443176269531,749.3262023925781,22.47918701171875,29.51312255859375
IMG_0030.mp4,1853,61.8284951618285,29.97,356,2,traffic_signs,0.4705069363117218,1478.4110107421875,688.7652587890625,1548.2840576171875,752.6595458984375,1513.3475341796875,720.71240234375,69.873046875,63.894287109375
IMG_0030.mp4,1854,61.86186186186186,29.97,364,2,traffic_signs,0.9125804901123047,778.0932006835938,662.6007690429688,824.5960693359375,802.90771484375,801.3446350097656,732.7542419433594,46.50286865234375,140.30694580078125
IMG_0030.mp4,1854,61.86186186186186,29.97,380,2,traffic_signs,0.837361752986908,1744.6126708984375,678.8091430664062,1786.968017578125,730.5738525390625,1765.7903442382812,704.6914978027344,42.3553466796875,51.76470947265625
IMG_0030.mp4,1854,61.86186186186186,29.97,417,2,traffic_signs,0.7001088857650757,563.523681640625,732.9622192382812,586.5339965820312,763.5121459960938,575.0288391113281,748.2371826171875,23.01031494140625,30.5499267578125
IMG_0030.mp4,1854,61.86186186186186,29.97,356,2,traffic_signs,0.5074970722198486,1482.5657958984375,687.0487670898438,1553.7777099609375,752.0842895507812,1518.1717529296875,719.5665283203125,71.2119140625,65.0355224609375
IMG_0030.mp4,1855,61.89522856189523,29.97,364,2,traffic_signs,0.9184796810150146,772.3057250976562,659.64990234375,818.4715576171875,801.668212890625,795.3886413574219,730.6590576171875,46.16583251953125,142.018310546875
IMG_0030.mp4,1855,61.89522856189523,29.97,380,2,traffic_signs,0.42567622661590576,1751.255126953125,677.630126953125,1795.1695556640625,728.9907836914062,1773.2123413085938,703.3104553222656,43.9144287109375,51.36065673828125
IMG_0030.mp4,1855,61.89522856189523,29.97,356,2,traffic_signs,0.5430837273597717,1486.4053955078125,685.136474609375,1558.6624755859375,750.2701416015625,1522.533935546875,717.7033081054688,72.257080078125,65.1336669921875
IMG_0030.mp4,1856,61.9285952619286,29.97,364,2,traffic_signs,0.9004276990890503,769.4447021484375,659.3588256835938,816.858154296875,801.181884765625,793.1514282226562,730.2703552246094,47.4134521484375,141.82305908203125
IMG_0030.mp4,1856,61.9285952619286,29.97,380,2,traffic_signs,0.8658706545829773,1757.2919921875,676.5855102539062,1802.2069091796875,728.0435791015625,1779.7494506835938,702.3145446777344,44.9149169921875,51.45806884765625
IMG_0030.mp4,1856,61.9285952619286,29.97,356,2,traffic_signs,0.6274538040161133,1491.855712890625,682.856201171875,1563.9620361328125,748.2996826171875,1527.9088745117188,715.5779418945312,72.1063232421875,65.4434814453125
IMG_0030.mp4,1856,61.9285952619286,29.97,421,1,traffic_lights,0.390340119600296,1146.2020263671875,768.6275634765625,1155.1090087890625,783.4417724609375,1150.655517578125,776.03466796875,8.906982421875,14.814208984375
IMG_0030.mp4,1857,61.96196196196196,29.97,364,2,traffic_signs,0.9058343768119812,765.7545166015625,658.1348876953125,814.1051025390625,801.3234252929688,789.9298095703125,729.7291564941406,48.3505859375,143.18853759765625
IMG_0030.mp4,1857,61.96196196196196,29.97,380,2,traffic_signs,0.8022728562355042,1764.2330322265625,674.8378295898438,1808.699462890625,725.83349609375,1786.4662475585938,700.3356628417969,44.4664306640625,50.99566650390625
IMG_0030.mp4,1857,61.96196196196196,29.97,356,2,traffic_signs,0.7829753756523132,1496.00927734375,680.26123046875,1568.9189453125,746.493896484375,1532.464111328125,713.3775634765625,72.90966796875,66.232666015625
IMG_0030.mp4,1857,61.96196196196196,29.97,421,1,traffic_lights,0.3499949276447296,1146.1929931640625,768.7037963867188,1155.0435791015625,783.709228515625,1150.6182861328125,776.2065124511719,8.8505859375,15.00543212890625
IMG_0030.mp4,1857,61.96196196196196,29.97,423,2,traffic_signs,0.5299490690231323,556.1488647460938,731.64111328125,578.7592163085938,763.7311401367188,567.4540405273438,747.6861267089844,22.6103515625,32.09002685546875
IMG_0030.mp4,1858,61.99532866199533,29.97,364,2,traffic_signs,0.9012794494628906,762.362548828125,656.2677001953125,810.8154296875,799.4724731445312,786.5889892578125,727.8700866699219,48.452880859375,143.20477294921875
IMG_0030.mp4,1858,61.99532866199533,29.97,380,2,traffic_signs,0.7983837723731995,1770.1727294921875,672.5339965820312,1816.3004150390625,725.0679931640625,1793.236572265625,698.8009948730469,46.127685546875,52.53399658203125
IMG_0030.mp4,1858,61.99532866199533,29.97,356,2,traffic_signs,0.7690866589546204,1499.7591552734375,678.0573120117188,1574.3677978515625,745.2659912109375,1537.0634765625,711.6616516113281,74.608642578125,67.20867919921875
IMG_0030.mp4,1858,61.99532866199533,29.97,421,1,traffic_lights,0.40206238627433777,1146.396240234375,768.6923217773438,1155.186279296875,783.6986694335938,1150.791259765625,776.1954956054688,8.7900390625,15.00634765625
IMG_0030.mp4,1858,61.99532866199533,29.97,423,2,traffic_signs,0.37789103388786316,554.298583984375,729.8025512695312,576.5008544921875,766.4501342773438,565.3997192382812,748.1263427734375,22.2022705078125,36.6475830078125
IMG_0030.mp4,1859,62.0286953620287,29.97,364,2,traffic_signs,0.9486345052719116,758.1134643554688,654.8455200195312,807.1300659179688,796.8488159179688,782.6217651367188,725.84716796875,49.0166015625,142.0032958984375
IMG_0030.mp4,1859,62.0286953620287,29.97,380,2,traffic_signs,0.8818095326423645,1776.7977294921875,670.5675048828125,1824.014404296875,724.438720703125,1800.4060668945312,697.5031127929688,47.2166748046875,53.8712158203125
IMG_0030.mp4,1859,62.0286953620287,29.97,356,2,traffic_signs,0.7408822178840637,1504.5001220703125,676.1295776367188,1580.4532470703125,743.3475952148438,1542.4766845703125,709.7385864257812,75.953125,67.218017578125
IMG_0030.mp4,1859,62.0286953620287,29.97,421,1,traffic_lights,0.36432310938835144,1146.3809814453125,768.2959594726562,1155.1121826171875,782.0231323242188,1150.74658203125,775.1595458984375,8.731201171875,13.7271728515625
IMG_0030.mp4,1859,62.0286953620287,29.97,423,2,traffic_signs,0.3449054956436157,550.8120727539062,728.7357788085938,574.5670166015625,766.4140625,562.6895446777344,747.5749206542969,23.75494384765625,37.67828369140625
IMG_0030.mp4,1860,62.06206206206206,29.97,364,2,traffic_signs,0.9227463603019714,754.2672119140625,653.0554809570312,804.028076171875,795.8155517578125,779.1476440429688,724.4355163574219,49.7608642578125,142.76007080078125
IMG_0030.mp4,1860,62.06206206206206,29.97,380,2,traffic_signs,0.8594939708709717,1783.4296875,668.4786987304688,1832.03955078125,723.3615112304688,1807.734619140625,695.9201049804688,48.60986328125,54.8828125
IMG_0030.mp4,1860,62.06206206206206,29.97,356,2,traffic_signs,0.7623718976974487,1510.0126953125,674.8207397460938,1587.2216796875,742.57470703125,1548.6171875,708.6977233886719,77.208984375,67.75396728515625
IMG_0030.mp4,1860,62.06206206206206,29.97,421,1,traffic_lights,0.2624585032463074,1146.677978515625,768.1079711914062,1155.3238525390625,781.4812622070312,1151.0009155273438,774.7946166992188,8.6458740234375,13.373291015625
IMG_0030.mp4,1860,62.06206206206206,29.97,423,2,traffic_signs,0.35467955470085144,547.2755737304688,730.71142578125,571.0311889648438,763.202880859375,559.1533813476562,746.9571533203125,23.755615234375,32.491455078125
IMG_0030.mp4,1861,62.09542876209543,29.97,364,2,traffic_signs,0.918838620185852,750.3145141601562,650.5670776367188,801.2647094726562,796.0942993164062,775.7896118164062,723.3306884765625,50.9501953125,145.5272216796875
IMG_0030.mp4,1861,62.09542876209543,29.97,380,2,traffic_signs,0.7264671325683594,1790.211181640625,667.8541870117188,1840.148193359375,722.8363037109375,1815.1796875,695.3452453613281,49.93701171875,54.98211669921875
IMG_0030.mp4,1861,62.09542876209543,29.97,356,2,traffic_signs,0.7989909648895264,1515.3680419921875,672.1530151367188,1593.49853515625,740.98828125,1554.4332885742188,706.5706481933594,78.1304931640625,68.83526611328125
IMG_0030.mp4,1861,62.09542876209543,29.97,421,1,traffic_lights,0.3447430431842804,1146.7049560546875,767.975830078125,1155.5157470703125,781.1383666992188,1151.1103515625,774.5570983886719,8.810791015625,13.16253662109375
IMG_0030.mp4,1861,62.09542876209543,29.97,423,2,traffic_signs,0.5011472702026367,544.552490234375,729.8322143554688,568.1046142578125,761.5615844726562,556.3285522460938,745.6968994140625,23.5521240234375,31.7293701171875
IMG_0030.mp4,1862,62.1287954621288,29.97,364,2,traffic_signs,0.9139654636383057,746.5847778320312,647.8799438476562,797.048583984375,795.46533203125,771.8166809082031,721.6726379394531,50.46380615234375,147.58538818359375
IMG_0030.mp4,1862,62.1287954621288,29.97,380,2,traffic_signs,0.8913105726242065,1797.1656494140625,668.9249877929688,1847.3978271484375,721.39013671875,1822.28173828125,695.1575622558594,50.232177734375,52.46514892578125
IMG_0030.mp4,1862,62.1287954621288,29.97,356,2,traffic_signs,0.8140627145767212,1520.078369140625,668.7449951171875,1599.8883056640625,739.1775512695312,1559.9833374023438,703.9612731933594,79.8099365234375,70.43255615234375
IMG_0030.mp4,1862,62.1287954621288,29.97,421,1,traffic_lights,0.3184710741043091,1146.62158203125,767.7208251953125,1155.4923095703125,780.77734375,1151.0569458007812,774.2490844726562,8.8707275390625,13.0565185546875
IMG_0030.mp4,1862,62.1287954621288,29.97,423,2,traffic_signs,0.6596361994743347,542.3511962890625,730.7926635742188,564.898681640625,761.04248046875,553.6249389648438,745.9175720214844,22.5474853515625,30.24981689453125
IMG_0030.mp4,1863,62.16216216216216,29.97,364,2,traffic_signs,0.9160445928573608,742.3446655273438,645.4498901367188,792.726806640625,795.6227416992188,767.5357360839844,720.5363159179688,50.38214111328125,150.1728515625
IMG_0030.mp4,1863,62.16216216216216,29.97,380,2,traffic_signs,0.8405435085296631,1803.5906982421875,670.4892578125,1855.264404296875,720.1821899414062,1829.4275512695312,695.3357238769531,51.6737060546875,49.69293212890625
IMG_0030.mp4,1863,62.16216216216216,29.97,356,2,traffic_signs,0.7093741297721863,1524.9908447265625,666.1135864257812,1606.614013671875,737.8059692382812,1565.8024291992188,701.9597778320312,81.6231689453125,71.6923828125
IMG_0030.mp4,1864,62.19552886219553,29.97,364,2,traffic_signs,0.9176037907600403,737.60595703125,642.9790649414062,789.1201171875,796.0899047851562,763.363037109375,719.5344848632812,51.51416015625,153.11083984375
IMG_0030.mp4,1864,62.19552886219553,29.97,380,2,traffic_signs,0.7440274953842163,1811.025146484375,674.8157348632812,1863.1949462890625,718.2910766601562,1837.1100463867188,696.5534057617188,52.1697998046875,43.475341796875
IMG_0030.mp4,1864,62.19552886219553,29.97,356,2,traffic_signs,0.6942633986473083,1530.13232421875,664.5638427734375,1613.78271484375,736.3951416015625,1571.95751953125,700.4794921875,83.650390625,71.831298828125
IMG_0030.mp4,1864,62.19552886219553,29.97,421,1,traffic_lights,0.31775954365730286,1146.79541015625,767.2308959960938,1155.3385009765625,780.319091796875,1151.0669555664062,773.7749938964844,8.5430908203125,13.08819580078125
IMG_0030.mp4,1864,62.19552886219553,29.97,423,2,traffic_signs,0.6539586782455444,536.5640258789062,730.7222900390625,559.3704223632812,757.9090576171875,547.9672241210938,744.315673828125,22.806396484375,27.186767578125
IMG_0030.mp4,1865,62.2288955622289,29.97,364,2,traffic_signs,0.9243929386138916,733.2130126953125,641.3429565429688,785.0941772460938,795.8927612304688,759.1535949707031,718.6178588867188,51.88116455078125,154.5498046875
IMG_0030.mp4,1865,62.2288955622289,29.97,380,2,traffic_signs,0.7882034182548523,1819.2225341796875,677.3442993164062,1869.7786865234375,716.51318359375,1844.5006103515625,696.9287414550781,50.55615234375,39.16888427734375
IMG_0030.mp4,1865,62.2288955622289,29.97,356,2,traffic_signs,0.9090175032615662,1535.689453125,661.6800537109375,1620.4351806640625,734.7544555664062,1578.0623168945312,698.2172546386719,84.7457275390625,73.07440185546875
IMG_0030.mp4,1865,62.2288955622289,29.97,421,1,traffic_lights,0.29023975133895874,1146.88037109375,767.1981811523438,1155.4327392578125,780.469970703125,1151.1565551757812,773.8340759277344,8.5523681640625,13.27178955078125
IMG_0030.mp4,1865,62.2288955622289,29.97,423,2,traffic_signs,0.42245960235595703,533.2774658203125,731.1668090820312,555.1070556640625,756.3259887695312,544.1922607421875,743.7463989257812,21.82958984375,25.1591796875
IMG_0030.mp4,1866,62.26226226226226,29.97,364,2,traffic_signs,0.9177291393280029,729.2640380859375,638.6910400390625,781.8156127929688,794.681884765625,755.5398254394531,716.6864624023438,52.55157470703125,155.9908447265625
IMG_0030.mp4,1866,62.26226226226226,29.97,380,2,traffic_signs,0.6362016797065735,1826.890380859375,678.9690551757812,1876.21630859375,715.615478515625,1851.5533447265625,697.2922668457031,49.325927734375,36.64642333984375
IMG_0030.mp4,1866,62.26226226226226,29.97,356,2,traffic_signs,0.8594695329666138,1541.604248046875,659.1279907226562,1627.9332275390625,733.35302734375,1584.7687377929688,696.2405090332031,86.3289794921875,74.22503662109375
IMG_0030.mp4,1866,62.26226226226226,29.97,421,1,traffic_lights,0.3538931906223297,1146.953857421875,767.1849975585938,1155.5487060546875,780.6793212890625,1151.2512817382812,773.9321594238281,8.5948486328125,13.49432373046875
IMG_0030.mp4,1866,62.26226226226226,29.97,423,2,traffic_signs,0.7269898653030396,530.0180053710938,730.4963989257812,553.1282348632812,756.6569213867188,541.5731201171875,743.57666015625,23.1102294921875,26.1605224609375
IMG_0030.mp4,1867,62.29562896229563,29.97,364,2,traffic_signs,0.9162362217903137,724.0945434570312,635.8938598632812,777.592529296875,793.896484375,750.8435363769531,714.8951721191406,53.49798583984375,158.00262451171875
IMG_0030.mp4,1867,62.29562896229563,29.97,380,2,traffic_signs,0.7579637765884399,1834.9588623046875,682.7615356445312,1880.41796875,713.7855224609375,1857.6884155273438,698.2735290527344,45.4591064453125,31.02398681640625
IMG_0030.mp4,1867,62.29562896229563,29.97,356,2,traffic_signs,0.8604292869567871,1546.437255859375,655.581787109375,1634.7607421875,731.3055419921875,1590.5989990234375,693.4436645507812,88.323486328125,75.7237548828125
IMG_0030.mp4,1867,62.29562896229563,29.97,421,1,traffic_lights,0.4324755370616913,1146.5308837890625,767.1028442382812,1155.10205078125,780.6080322265625,1150.8164672851562,773.8554382324219,8.5711669921875,13.50518798828125
IMG_0030.mp4,1868,62.328995662329,29.97,364,2,traffic_signs,0.9296839237213135,720.549560546875,633.765380859375,774.7117919921875,793.7081909179688,747.6306762695312,713.7367858886719,54.1622314453125,159.94281005859375
IMG_0030.mp4,1868,62.328995662329,29.97,356,2,traffic_signs,0.9045863151550293,1552.550048828125,653.08251953125,1641.15869140625,729.09619140625,1596.8543701171875,691.08935546875,88.608642578125,76.013671875
IMG_0030.mp4,1868,62.328995662329,29.97,421,1,traffic_lights,0.4460330605506897,1146.649658203125,766.95556640625,1155.198486328125,780.6463012695312,1150.924072265625,773.8009338378906,8.548828125,13.69073486328125
IMG_0030.mp4,1869,62.36236236236236,29.97,364,2,traffic_signs,0.939117431640625,716.6682739257812,630.8947143554688,770.967529296875,793.5693969726562,743.8179016113281,712.2320556640625,54.29925537109375,162.6746826171875
IMG_0030.mp4,1869,62.36236236236236,29.97,356,2,traffic_signs,0.8758997917175293,1558.127197265625,650.1932983398438,1648.5299072265625,727.0521240234375,1603.3285522460938,688.6227111816406,90.4027099609375,76.85882568359375
IMG_0030.mp4,1869,62.36236236236236,29.97,421,1,traffic_lights,0.3322129547595978,1146.9195556640625,766.8275756835938,1155.231689453125,781.1519165039062,1151.0756225585938,773.98974609375,8.3121337890625,14.3243408203125
IMG_0030.mp4,1870,62.39572906239573,29.97,364,2,traffic_signs,0.5527912974357605,712.2821655273438,629.3717041015625,767.8031616210938,795.07666015625,740.0426635742188,712.2241821289062,55.52099609375,165.7049560546875
IMG_0030.mp4,1870,62.39572906239573,29.97,356,2,traffic_signs,0.8417418003082275,1564.62548828125,647.636474609375,1656.157958984375,724.487060546875,1610.3917236328125,686.061767578125,91.532470703125,76.8505859375
IMG_0030.mp4,1870,62.39572906239573,29.97,421,1,traffic_lights,0.3943321406841278,1146.9290771484375,766.7763671875,1155.3084716796875,781.3462524414062,1151.1187744140625,774.0613098144531,8.37939453125,14.56988525390625
IMG_0030.mp4,1871,62.4290957624291,29.97,364,2,traffic_signs,0.9017266631126404,707.3587646484375,626.2059936523438,762.4588623046875,793.0677490234375,734.9088134765625,709.6368713378906,55.10009765625,166.86175537109375
IMG_0030.mp4,1871,62.4290957624291,29.97,356,2,traffic_signs,0.907564640045166,1571.1883544921875,644.83837890625,1663.7406005859375,722.5342407226562,1617.4644775390625,683.6863098144531,92.55224609375,77.69586181640625
IMG_0030.mp4,1871,62.4290957624291,29.97,421,1,traffic_lights,0.42087846994400024,1146.808349609375,766.6883544921875,1155.264404296875,781.435791015625,1151.036376953125,774.0620727539062,8.4560546875,14.7474365234375
IMG_0030.mp4,1872,62.46246246246246,29.97,364,2,traffic_signs,0.9231235384941101,702.4794921875,623.6876831054688,758.3306884765625,790.2684326171875,730.4050903320312,706.9780578613281,55.8511962890625,166.58074951171875
IMG_0030.mp4,1872,62.46246246246246,29.97,356,2,traffic_signs,0.8981528282165527,1577.6561279296875,641.3695678710938,1671.9197998046875,720.837158203125,1624.7879638671875,681.1033630371094,94.263671875,79.46759033203125
IMG_0030.mp4,1872,62.46246246246246,29.97,421,1,traffic_lights,0.3366701304912567,1146.7623291015625,766.3832397460938,1155.1220703125,781.0546875,1150.9421997070312,773.7189636230469,8.3597412109375,14.67144775390625
IMG_0030.mp4,1873,62.49582916249583,29.97,364,2,traffic_signs,0.9114897847175598,698.0274658203125,621.0264282226562,754.319580078125,789.9666137695312,726.1735229492188,705.4965209960938,56.2921142578125,168.940185546875
IMG_0030.mp4,1873,62.49582916249583,29.97,356,2,traffic_signs,0.90228271484375,1583.0447998046875,638.082763671875,1680.1041259765625,718.3958129882812,1631.574462890625,678.2392883300781,97.059326171875,80.31304931640625
IMG_0030.mp4,1873,62.49582916249583,29.97,421,1,traffic_lights,0.25337862968444824,1146.594482421875,766.1190795898438,1154.8551025390625,780.6564331054688,1150.7247924804688,773.3877563476562,8.2606201171875,14.537353515625
IMG_0030.mp4,1874,62.5291958625292,29.97,364,2,traffic_signs,0.905617892742157,691.9651489257812,618.38720703125,750.2372436523438,791.622314453125,721.1011962890625,705.0047607421875,58.2720947265625,173.235107421875
IMG_0030.mp4,1874,62.5291958625292,29.97,356,2,traffic_signs,0.5375049114227295,1589.212158203125,635.2579956054688,1688.4775390625,716.837646484375,1638.8448486328125,676.0478210449219,99.265380859375,81.57965087890625
IMG_0030.mp4,1875,62.56256256256256,29.97,364,2,traffic_signs,0.904962420463562,687.513671875,615.6425170898438,745.0577392578125,793.218017578125,716.2857055664062,704.4302673339844,57.5440673828125,177.57550048828125
IMG_0030.mp4,1875,62.56256256256256,29.97,356,2,traffic_signs,0.9309096336364746,1595.634033203125,631.6499633789062,1697.901611328125,715.4961547851562,1646.767822265625,673.5730590820312,102.267578125,83.84619140625
IMG_0030.mp4,1875,62.56256256256256,29.97,428,2,traffic_signs,0.4562391936779022,1613.3260498046875,765.145751953125,1625.0108642578125,803.7965087890625,1619.16845703125,784.4711303710938,11.684814453125,38.6507568359375
IMG_0030.mp4,1875,62.56256256256256,29.97,421,1,traffic_lights,0.3243584930896759,1146.686279296875,765.9996337890625,1155.07421875,780.7625732421875,1150.8802490234375,773.381103515625,8.387939453125,14.762939453125
IMG_0030.mp4,1876,62.59592926259593,29.97,364,2,traffic_signs,0.9083849787712097,682.4453735351562,611.4571533203125,741.0075073242188,792.1265869140625,711.7264404296875,701.7918701171875,58.5621337890625,180.66943359375
IMG_0030.mp4,1876,62.59592926259593,29.97,356,2,traffic_signs,0.9024854898452759,1603.071533203125,628.079833984375,1706.4564208984375,713.6724853515625,1654.7639770507812,670.8761596679688,103.3848876953125,85.5926513671875
IMG_0030.mp4,1876,62.59592926259593,29.97,421,1,traffic_lights,0.37221771478652954,1146.46435546875,765.751953125,1155.117919921875,780.4684448242188,1150.7911376953125,773.1101989746094,8.653564453125,14.71649169921875
IMG_0030.mp4,1877,62.6292959626293,29.97,364,2,traffic_signs,0.9082284569740295,677.51416015625,608.518798828125,736.4979248046875,789.39208984375,707.0060424804688,698.9554443359375,58.9837646484375,180.873291015625
IMG_0030.mp4,1877,62.6292959626293,29.97,356,2,traffic_signs,0.9311085343360901,1610.62890625,624.7031860351562,1715.443359375,712.0397338867188,1663.0361328125,668.3714599609375,104.814453125,87.3365478515625
IMG_0030.mp4,1877,62.6292959626293,29.97,421,1,traffic_lights,0.4023682475090027,1146.5289306640625,765.4912719726562,1155.156494140625,780.4542846679688,1150.8427124023438,772.9727783203125,8.6275634765625,14.9630126953125
IMG_0030.mp4,1877,62.6292959626293,29.97,430,2,traffic_signs,0.6414557695388794,524.7305908203125,653.6957397460938,553.0864868164062,755.4235229492188,538.9085388183594,704.5596313476562,28.35589599609375,101.727783203125
IMG_0030.mp4,1877,62.6292959626293,29.97,428,2,traffic_signs,0.44810548424720764,1620.5379638671875,763.088134765625,1632.718505859375,803.3215942382812,1626.6282348632812,783.2048645019531,12.1805419921875,40.23345947265625
IMG_0030.mp4,1878,62.66266266266266,29.97,364,2,traffic_signs,0.9003724455833435,673.3442993164062,606.7693481445312,732.4512939453125,788.7511596679688,702.8977966308594,697.76025390625,59.10699462890625,181.9818115234375
IMG_0030.mp4,1878,62.66266266266266,29.97,356,2,traffic_signs,0.9074240326881409,1617.5802001953125,621.6836547851562,1724.581298828125,710.4085693359375,1671.0807495117188,666.0461120605469,107.0010986328125,88.72491455078125
IMG_0030.mp4,1878,62.66266266266266,29.97,421,1,traffic_lights,0.3265773355960846,1146.7239990234375,765.41845703125,1155.2799072265625,780.2597045898438,1151.001953125,772.8390808105469,8.555908203125,14.84124755859375
IMG_0030.mp4,1878,62.66266266266266,29.97,430,2,traffic_signs,0.41770637035369873,523.1063232421875,652.3541259765625,550.143798828125,755.2962036132812,536.6250610351562,703.8251647949219,27.0374755859375,102.94207763671875
IMG_0030.mp4,1878,62.66266266266266,29.97,428,2,traffic_signs,0.4273523688316345,1623.4229736328125,761.3555297851562,1636.3314208984375,802.7529907226562,1629.877197265625,782.0542602539062,12.908447265625,41.3974609375
IMG_0030.mp4,1879,62.69602936269603,29.97,364,2,traffic_signs,0.9054767489433289,667.5584106445312,604.2920532226562,727.8362426757812,787.341796875,697.6973266601562,695.8169250488281,60.27783203125,183.04974365234375
IMG_0030.mp4,1879,62.69602936269603,29.97,356,2,traffic_signs,0.897138774394989,1626.07666015625,617.7151489257812,1734.8011474609375,707.7504272460938,1680.4389038085938,662.7327880859375,108.7244873046875,90.0352783203125
IMG_0030.mp4,1879,62.69602936269603,29.97,421,1,traffic_lights,0.40501290559768677,1146.39404296875,765.1226196289062,1155.068115234375,780.0698852539062,1150.7310791015625,772.5962524414062,8.674072265625,14.947265625
IMG_0030.mp4,1879,62.69602936269603,29.97,430,2,traffic_signs,0.25043609738349915,519.214111328125,651.32080078125,546.8776245117188,753.40576171875,533.0458679199219,702.36328125,27.66351318359375,102.0849609375
IMG_0030.mp4,1879,62.69602936269603,29.97,428,2,traffic_signs,0.5952577590942383,1626.6253662109375,760.4737548828125,1640.378173828125,803.5697631835938,1633.5017700195312,782.0217590332031,13.7528076171875,43.09600830078125
IMG_0030.mp4,1880,62.7293960627294,29.97,364,2,traffic_signs,0.8962752819061279,661.7708129882812,600.5220336914062,722.4921264648438,786.4586181640625,692.1314697265625,693.4903259277344,60.7213134765625,185.93658447265625
IMG_0030.mp4,1880,62.7293960627294,29.97,356,2,traffic_signs,0.9276729822158813,1634.5196533203125,613.0620727539062,1745.659912109375,705.7869873046875,1690.0897827148438,659.4245300292969,111.1402587890625,92.72491455078125
IMG_0030.mp4,1880,62.7293960627294,29.97,421,1,traffic_lights,0.36496251821517944,1146.1571044921875,764.895263671875,1154.997314453125,779.9140014648438,1150.5772094726562,772.4046325683594,8.8402099609375,15.01873779296875
IMG_0030.mp4,1880,62.7293960627294,29.97,428,2,traffic_signs,0.8214215040206909,1630.743896484375,759.889892578125,1644.77587890625,803.9419555664062,1637.7598876953125,781.9159240722656,14.031982421875,44.05206298828125
IMG_0030.mp4,1881,62.76276276276276,29.97,364,2,traffic_signs,0.9157519936561584,655.9365234375,597.289306640625,718.1721801757812,784.5169677734375,687.0543518066406,690.9031372070312,62.23565673828125,187.2276611328125
IMG_0030.mp4,1881,62.76276276276276,29.97,356,2,traffic_signs,0.937808632850647,1642.3004150390625,609.492431640625,1755.67529296875,703.505615234375,1698.9878540039062,656.4990234375,113.3748779296875,94.01318359375
IMG_0030.mp4,1881,62.76276276276276,29.97,421,1,traffic_lights,0.6223949790000916,1146.421142578125,764.8424682617188,1154.942138671875,780.25537109375,1150.681640625,772.5489196777344,8.52099609375,15.41290283203125
IMG_0030.mp4,1881,62.76276276276276,29.97,428,2,traffic_signs,0.7197921872138977,1634.622802734375,759.970458984375,1648.454345703125,803.6305541992188,1641.53857421875,781.8005065917969,13.83154296875,43.66009521484375
IMG_0030.mp4,1882,62.79612946279613,29.97,364,2,traffic_signs,0.7415574193000793,649.5984497070312,593.4725952148438,712.8267211914062,782.3299560546875,681.2125854492188,687.9012756347656,63.228271484375,188.85736083984375
IMG_0030.mp4,1882,62.79612946279613,29.97,356,2,traffic_signs,0.9033433198928833,1651.0457763671875,607.0850219726562,1767.5069580078125,701.3892822265625,1709.2763671875,654.2371520996094,116.461181640625,94.30426025390625
IMG_0030.mp4,1882,62.79612946279613,29.97,421,1,traffic_lights,0.5796539187431335,1146.283203125,764.794677734375,1154.839599609375,780.2866821289062,1150.5614013671875,772.5406799316406,8.556396484375,15.49200439453125
IMG_0030.mp4,1882,62.79612946279613,29.97,428,2,traffic_signs,0.8643877506256104,1638.5260009765625,758.2918701171875,1652.3115234375,803.585205078125,1645.4187622070312,780.9385375976562,13.7855224609375,45.2933349609375
IMG_0030.mp4,1883,62.8294961628295,29.97,364,2,traffic_signs,0.8630257844924927,644.2338256835938,591.5488891601562,707.9290161132812,780.9343872070312,676.0814208984375,686.2416381835938,63.6951904296875,189.385498046875
IMG_0030.mp4,1883,62.8294961628295,29.97,356,2,traffic_signs,0.9230462312698364,1658.7515869140625,605.328369140625,1778.6617431640625,699.134521484375,1718.7066650390625,652.2314453125,119.91015625,93.80615234375
IMG_0030.mp4,1883,62.8294961628295,29.97,421,1,traffic_lights,0.565325915813446,1146.46533203125,764.8344116210938,1154.991943359375,780.4703369140625,1150.7286376953125,772.6523742675781,8.526611328125,15.63592529296875
IMG_0030.mp4,1883,62.8294961628295,29.97,428,2,traffic_signs,0.8739555478096008,1642.390625,757.1213989257812,1655.95068359375,802.9741821289062,1649.170654296875,780.0477905273438,13.56005859375,45.852783203125
IMG_0030.mp4,1883,62.8294961628295,29.97,434,2,traffic_signs,0.5501990914344788,477.774658203125,716.3766479492188,503.4112854003906,746.93994140625,490.5929718017578,731.6582946777344,25.636627197265625,30.56329345703125
IMG_0030.mp4,1884,62.86286286286286,29.97,364,2,traffic_signs,0.7052004933357239,638.185302734375,588.1351928710938,703.1213989257812,782.6121215820312,670.6533508300781,685.3736572265625,64.93609619140625,194.4769287109375
IMG_0030.mp4,1884,62.86286286286286,29.97,356,2,traffic_signs,0.8946818113327026,1667.6063232421875,605.2610473632812,1789.4840087890625,696.9170532226562,1728.545166015625,651.0890502929688,121.877685546875,91.656005859375
IMG_0030.mp4,1884,62.86286286286286,29.97,421,1,traffic_lights,0.568446934223175,1146.6025390625,764.611328125,1155.24658203125,780.5496826171875,1150.924560546875,772.5805053710938,8.64404296875,15.9383544921875
IMG_0030.mp4,1884,62.86286286286286,29.97,428,2,traffic_signs,0.8772703409194946,1646.126708984375,755.8936157226562,1660.1322021484375,801.4199829101562,1653.1294555664062,778.6567993164062,14.0054931640625,45.5263671875
IMG_0030.mp4,1884,62.86286286286286,29.97,434,2,traffic_signs,0.43921032547950745,474.327392578125,715.4153442382812,499.5733642578125,746.4415283203125,486.95037841796875,730.9284362792969,25.2459716796875,31.02618408203125
IMG_0030.mp4,1885,62.89622956289623,29.97,364,2,traffic_signs,0.9010575413703918,631.3720092773438,583.6138305664062,696.241455078125,782.185546875,663.8067321777344,682.8996887207031,64.86944580078125,198.57171630859375
IMG_0030.mp4,1885,62.89622956289623,29.97,356,2,traffic_signs,0.4317828416824341,1676.966796875,604.6756591796875,1798.6761474609375,695.0244140625,1737.8214721679688,649.8500366210938,121.7093505859375,90.3487548828125
IMG_0030.mp4,1885,62.89622956289623,29.97,421,1,traffic_lights,0.5246220827102661,1146.311767578125,764.119140625,1154.7891845703125,779.2654418945312,1150.5504760742188,771.6922912597656,8.4774169921875,15.14630126953125
IMG_0030.mp4,1885,62.89622956289623,29.97,428,2,traffic_signs,0.8191087245941162,1649.8914794921875,754.743896484375,1663.98583984375,801.5474853515625,1656.9386596679688,778.1456909179688,14.0943603515625,46.8035888671875
IMG_0030.mp4,1885,62.89622956289623,29.97,430,2,traffic_signs,0.4421873986721039,471.95977783203125,646.3794555664062,526.5604248046875,751.6572875976562,499.2601013183594,699.0183715820312,54.60064697265625,105.27783203125
IMG_0030.mp4,1886,62.9295962629296,29.97,364,2,traffic_signs,0.5724967122077942,625.7625122070312,579.7299194335938,691.8010864257812,780.3510131835938,658.7817993164062,680.0404663085938,66.03857421875,200.62109375
IMG_0030.mp4,1886,62.9295962629296,29.97,356,2,traffic_signs,0.8557056188583374,1687.8997802734375,607.32080078125,1806.8070068359375,692.4676513671875,1747.3533935546875,649.8942260742188,118.9072265625,85.1468505859375
IMG_0030.mp4,1886,62.9295962629296,29.97,421,1,traffic_lights,0.32190585136413574,1146.287841796875,763.9878540039062,1154.806640625,778.8442993164062,1150.5472412109375,771.4160766601562,8.518798828125,14.8564453125
IMG_0030.mp4,1886,62.9295962629296,29.97,428,2,traffic_signs,0.8632626533508301,1653.93994140625,754.684814453125,1668.2803955078125,799.6074829101562,1661.1101684570312,777.1461486816406,14.3404541015625,44.92266845703125
IMG_0030.mp4,1887,62.96296296296296,29.97,364,2,traffic_signs,0.761866569519043,618.3079223632812,577.6451416015625,685.3290405273438,779.9749145507812,651.8184814453125,678.8100280761719,67.0211181640625,202.32977294921875
IMG_0030.mp4,1887,62.96296296296296,29.97,428,2,traffic_signs,0.8590009212493896,1657.577880859375,754.3920288085938,1671.5858154296875,798.0927734375,1664.5818481445312,776.2424011230469,14.0079345703125,43.70074462890625
IMG_0030.mp4,1888,62.99632966299633,29.97,364,2,traffic_signs,0.7872609496116638,612.9306030273438,574.8665161132812,682.5087890625,780.9683837890625,647.7196960449219,677.9174499511719,69.57818603515625,206.10186767578125
IMG_0030.mp4,1888,62.99632966299633,29.97,428,2,traffic_signs,0.7910298109054565,1661.763671875,753.6466064453125,1676.4791259765625,799.246826171875,1669.1213989257812,776.4467163085938,14.7154541015625,45.6002197265625
IMG_0030.mp4,1889,63.0296963630297,29.97,364,2,traffic_signs,0.8464593887329102,607.28662109375,571.3867797851562,677.4077758789062,781.2240600585938,642.3471984863281,676.305419921875,70.12115478515625,209.8372802734375
IMG_0030.mp4,1889,63.0296963630297,29.97,428,2,traffic_signs,0.8270000219345093,1666.2232666015625,753.3170166015625,1681.0367431640625,799.7144165039062,1673.6300048828125,776.5157165527344,14.8134765625,46.39739990234375
IMG_0030.mp4,1889,63.0296963630297,29.97,356,2,traffic_signs,0.5029375553131104,1722.5654296875,619.669677734375,1822.5068359375,683.7131958007812,1772.5361328125,651.6914367675781,99.94140625,64.04351806640625
IMG_0030.mp4,1890,63.06306306306306,29.97,364,2,traffic_signs,0.8322410583496094,599.779296875,567.7117309570312,670.5095825195312,779.08642578125,635.1444396972656,673.3990783691406,70.73028564453125,211.37469482421875
IMG_0030.mp4,1890,63.06306306306306,29.97,428,2,traffic_signs,0.8740166425704956,1670.516845703125,752.6423950195312,1685.329345703125,799.2319946289062,1677.923095703125,775.9371948242188,14.8125,46.589599609375
IMG_0030.mp4,1890,63.06306306306306,29.97,356,2,traffic_signs,0.6795305609703064,1729.1429443359375,620.650146484375,1825.041259765625,682.459228515625,1777.0921020507812,651.5546875,95.8983154296875,61.80908203125
IMG_0030.mp4,1891,63.09642976309643,29.97,364,2,traffic_signs,0.8350169658660889,593.7206420898438,565.3790893554688,665.08935546875,778.3743286132812,629.4049987792969,671.876708984375,71.36871337890625,212.9952392578125
IMG_0030.mp4,1891,63.09642976309643,29.97,428,2,traffic_signs,0.7799303531646729,1672.798828125,752.0853881835938,1688.7528076171875,799.4075927734375,1680.7758178710938,775.7464904785156,15.9539794921875,47.32220458984375
IMG_0030.mp4,1891,63.09642976309643,29.97,421,1,traffic_lights,0.4444614052772522,1146.1195068359375,763.8438110351562,1154.939697265625,778.2360229492188,1150.5296020507812,771.0399169921875,8.8201904296875,14.3922119140625
IMG_0030.mp4,1892,63.1297964631298,29.97,364,2,traffic_signs,0.8915131092071533,585.8887329101562,560.405029296875,657.4688110351562,777.8165893554688,621.6787719726562,669.1108093261719,71.580078125,217.41156005859375
IMG_0030.mp4,1892,63.1297964631298,29.97,428,2,traffic_signs,0.8436890840530396,1676.5980224609375,751.4135131835938,1693.44189453125,798.7139282226562,1685.0199584960938,775.063720703125,16.8438720703125,47.3004150390625
IMG_0030.mp4,1892,63.1297964631298,29.97,421,1,traffic_lights,0.40286460518836975,1145.528564453125,763.7778930664062,1154.5943603515625,778.0244750976562,1150.0614624023438,770.9011840820312,9.0657958984375,14.24658203125
IMG_0030.mp4,1893,63.16316316316316,29.97,364,2,traffic_signs,0.8526064157485962,577.9564819335938,555.4281616210938,650.9036254882812,778.9403686523438,614.4300537109375,667.1842651367188,72.9471435546875,223.51220703125
IMG_0030.mp4,1893,63.16316316316316,29.97,428,2,traffic_signs,0.8252739310264587,1680.712646484375,750.4558715820312,1697.34130859375,797.9071044921875,1689.0269775390625,774.1814880371094,16.628662109375,47.45123291015625
IMG_0030.mp4,1893,63.16316316316316,29.97,421,1,traffic_lights,0.43737027049064636,1145.267333984375,763.6656494140625,1154.154541015625,778.0009765625,1149.7109375,770.8333129882812,8.88720703125,14.3353271484375
IMG_0030.mp4,1894,63.19652986319653,29.97,364,2,traffic_signs,0.9044443964958191,572.7566528320312,554.1205444335938,647.3499145507812,776.7946166992188,610.0532836914062,665.4575805664062,74.59326171875,222.674072265625
IMG_0030.mp4,1894,63.19652986319653,29.97,428,2,traffic_signs,0.822081446647644,1683.8072509765625,749.9317626953125,1701.034912109375,796.959228515625,1692.4210815429688,773.4454956054688,17.2276611328125,47.0274658203125
IMG_0030.mp4,1894,63.19652986319653,29.97,421,1,traffic_lights,0.539528489112854,1145.9542236328125,763.7039794921875,1154.8240966796875,778.1181640625,1150.38916015625,770.9110717773438,8.869873046875,14.4141845703125
IMG_0030.mp4,1895,63.2298965632299,29.97,364,2,traffic_signs,0.8147426843643188,564.95947265625,549.81787109375,639.5543212890625,774.4022827148438,602.2568969726562,662.1100769042969,74.5948486328125,224.58441162109375
IMG_0030.mp4,1895,63.2298965632299,29.97,428,2,traffic_signs,0.8436574935913086,1688.4473876953125,749.1571044921875,1705.5946044921875,796.3900146484375,1697.02099609375,772.7735595703125,17.147216796875,47.23291015625
IMG_0030.mp4,1895,63.2298965632299,29.97,421,1,traffic_lights,0.5576034784317017,1145.4437255859375,763.4440307617188,1154.3472900390625,777.9949340820312,1149.8955078125,770.719482421875,8.903564453125,14.5509033203125
IMG_0030.mp4,1896,63.26326326326327,29.97,364,2,traffic_signs,0.8377887010574341,558.0032958984375,545.1424560546875,633.8419189453125,771.8562622070312,595.922607421875,658.4993591308594,75.838623046875,226.71380615234375
IMG_0030.mp4,1896,63.26326326326327,29.97,428,2,traffic_signs,0.7331025004386902,1692.984375,748.3355102539062,1710.0789794921875,796.4465942382812,1701.5316772460938,772.3910522460938,17.0946044921875,48.111083984375
IMG_0030.mp4,1896,63.26326326326327,29.97,421,1,traffic_lights,0.4942014515399933,1145.2891845703125,763.3455810546875,1154.1920166015625,777.7504272460938,1149.7406005859375,770.5480041503906,8.90283203125,14.40484619140625
IMG_0030.mp4,1897,63.29662996329663,29.97,364,2,traffic_signs,0.6962901949882507,550.44970703125,541.1426391601562,627.1445922851562,772.3618774414062,588.7971496582031,656.7522583007812,76.69488525390625,231.21923828125
IMG_0030.mp4,1897,63.29662996329663,29.97,428,2,traffic_signs,0.27477988600730896,1696.68017578125,747.3763427734375,1714.8485107421875,797.1827392578125,1705.7643432617188,772.279541015625,18.1683349609375,49.806396484375
IMG_0030.mp4,1897,63.29662996329663,29.97,421,1,traffic_lights,0.528679370880127,1145.2017822265625,763.1907958984375,1154.162841796875,777.7857055664062,1149.6823120117188,770.4882507324219,8.9610595703125,14.59490966796875
IMG_0030.mp4,1897,63.29662996329663,29.97,443,2,traffic_signs,0.670886754989624,432.3787841796875,630.43603515625,494.3971862792969,745.311279296875,463.3879852294922,687.8736572265625,62.018402099609375,114.875244140625
IMG_0030.mp4,1898,63.32999666333,29.97,364,2,traffic_signs,0.6080609560012817,544.0245361328125,537.9180908203125,623.0006713867188,770.8923950195312,583.5126037597656,654.4052429199219,78.97613525390625,232.97430419921875
IMG_0030.mp4,1898,63.32999666333,29.97,428,2,traffic_signs,0.5523067116737366,1700.379150390625,746.7845458984375,1718.62890625,797.4090576171875,1709.5040283203125,772.0968017578125,18.249755859375,50.62451171875
IMG_0030.mp4,1898,63.32999666333,29.97,421,1,traffic_lights,0.5743306279182434,1146.2071533203125,763.5196533203125,1155.224853515625,778.0222778320312,1150.7160034179688,770.7709655761719,9.0177001953125,14.50262451171875
IMG_0030.mp4,1898,63.32999666333,29.97,443,2,traffic_signs,0.4750818610191345,427.98114013671875,629.2127075195312,490.97332763671875,746.7257080078125,459.47723388671875,687.9692077636719,62.9921875,117.51300048828125
IMG_0030.mp4,1899,63.36336336336337,29.97,364,2,traffic_signs,0.6665417551994324,537.8600463867188,534.5511474609375,616.5182495117188,768.495849609375,577.1891479492188,651.5234985351562,78.658203125,233.9447021484375
IMG_0030.mp4,1899,63.36336336336337,29.97,428,2,traffic_signs,0.44651734828948975,1704.2342529296875,746.3043823242188,1722.52783203125,796.8486938476562,1713.3810424804688,771.5765380859375,18.2935791015625,50.5443115234375
IMG_0030.mp4,1899,63.36336336336337,29.97,421,1,traffic_lights,0.5834404826164246,1146.566650390625,763.4812622070312,1155.399658203125,777.8311767578125,1150.983154296875,770.6562194824219,8.8330078125,14.34991455078125
IMG_0030.mp4,1899,63.36336336336337,29.97,443,2,traffic_signs,0.5968072414398193,425.363525390625,627.4453735351562,483.0771789550781,744.2340698242188,454.22035217285156,685.8397216796875,57.713653564453125,116.7886962890625
IMG_0030.mp4,1900,63.39673006339673,29.97,364,2,traffic_signs,0.2922624945640564,529.9773559570312,533.0289916992188,611.4779052734375,760.7508544921875,570.7276306152344,646.8899230957031,81.50054931640625,227.72186279296875
IMG_0030.mp4,1900,63.39673006339673,29.97,421,1,traffic_lights,0.5177878141403198,1146.5247802734375,763.1709594726562,1155.3197021484375,777.5336303710938,1150.9222412109375,770.352294921875,8.794921875,14.3626708984375
IMG_0030.mp4,1900,63.39673006339673,29.97,443,2,traffic_signs,0.7876577973365784,421.24993896484375,625.7146606445312,476.8432312011719,738.8088989257812,449.0465850830078,682.2617797851562,55.593292236328125,113.09423828125
IMG_0030.mp4,1901,63.4300967634301,29.97,364,2,traffic_signs,0.405943900346756,518.2130126953125,526.9491577148438,599.4052124023438,761.1109619140625,558.8091125488281,644.0300598144531,81.19219970703125,234.16180419921875
IMG_0030.mp4,1901,63.4300967634301,29.97,421,1,traffic_lights,0.5724209547042847,1145.1497802734375,762.6710815429688,1154.0970458984375,777.2296142578125,1149.6234130859375,769.9503479003906,8.947265625,14.55853271484375
IMG_0030.mp4,1901,63.4300967634301,29.97,443,2,traffic_signs,0.7987433075904846,414.8664855957031,624.1324462890625,471.27032470703125,736.4400634765625,443.0684051513672,680.2862548828125,56.403839111328125,112.3076171875
IMG_0030.mp4,1901,63.4300967634301,29.97,428,2,traffic_signs,0.40545400977134705,1713.1680908203125,744.5205688476562,1732.3939208984375,796.224853515625,1722.781005859375,770.3727111816406,19.225830078125,51.70428466796875
IMG_0030.mp4,1902,63.46346346346347,29.97,364,2,traffic_signs,0.5633102655410767,509.89508056640625,522.0466918945312,590.1271362304688,760.4098510742188,550.0111083984375,641.228271484375,80.2320556640625,238.3631591796875
IMG_0030.mp4,1902,63.46346346346347,29.97,421,1,traffic_lights,0.5594484806060791,1144.908203125,762.44140625,1153.9180908203125,776.9793090820312,1149.4131469726562,769.7103576660156,9.0098876953125,14.53790283203125
IMG_0030.mp4,1902,63.46346346346347,29.97,443,2,traffic_signs,0.8878800272941589,411.9743347167969,622.9384155273438,467.4014892578125,736.181396484375,439.6879119873047,679.5599060058594,55.427154541015625,113.24298095703125
IMG_0030.mp4,1903,63.49683016349683,29.97,364,2,traffic_signs,0.7834880352020264,509.04681396484375,518.2520751953125,587.3602294921875,655.1961059570312,548.2035217285156,586.7240905761719,78.31341552734375,136.94403076171875
IMG_0030.mp4,1903,63.49683016349683,29.97,421,1,traffic_lights,0.5720528364181519,1146.0433349609375,762.7178344726562,1155.002685546875,777.0264282226562,1150.5230102539062,769.8721313476562,8.9593505859375,14.30859375
IMG_0030.mp4,1903,63.49683016349683,29.97,443,2,traffic_signs,0.8647721409797668,412.839599609375,622.713623046875,467.3466796875,736.185546875,440.0931396484375,679.4495849609375,54.507080078125,113.471923828125
IMG_0030.mp4,1903,63.49683016349683,29.97,428,2,traffic_signs,0.5436647534370422,1721.269775390625,742.6097412109375,1741.9921875,794.2247924804688,1731.6309814453125,768.4172668457031,20.722412109375,51.61505126953125
IMG_0030.mp4,1904,63.5301968635302,29.97,364,2,traffic_signs,0.6612791419029236,499.487548828125,511.8772277832031,580.61083984375,728.4899291992188,540.0491943359375,620.1835784912109,81.123291015625,216.61270141601562
IMG_0030.mp4,1904,63.5301968635302,29.97,421,1,traffic_lights,0.5470455884933472,1146.318359375,762.6021118164062,1155.3179931640625,777.0267333984375,1150.8181762695312,769.8144226074219,8.9996337890625,14.42462158203125
IMG_0030.mp4,1904,63.5301968635302,29.97,443,2,traffic_signs,0.8756489157676697,409.943603515625,621.7448120117188,464.2115478515625,734.6568603515625,437.07757568359375,678.2008361816406,54.2679443359375,112.91204833984375
IMG_0030.mp4,1904,63.5301968635302,29.97,428,2,traffic_signs,0.8970941305160522,1724.98193359375,742.3878784179688,1745.6143798828125,792.855224609375,1735.2981567382812,767.6215515136719,20.6324462890625,50.46734619140625
IMG_0030.mp4,1905,63.56356356356357,29.97,364,2,traffic_signs,0.6535550355911255,492.1216125488281,507.92266845703125,573.0157470703125,738.4908447265625,532.5686798095703,623.2067565917969,80.89413452148438,230.56817626953125
IMG_0030.mp4,1905,63.56356356356357,29.97,421,1,traffic_lights,0.5967636108398438,1146.446044921875,762.4924926757812,1155.4791259765625,777.1318359375,1150.9625854492188,769.8121643066406,9.0330810546875,14.63934326171875
IMG_0030.mp4,1905,63.56356356356357,29.97,443,2,traffic_signs,0.932040810585022,406.02264404296875,621.356201171875,458.8813171386719,733.7301635742188,432.4519805908203,677.5431823730469,52.858673095703125,112.37396240234375
IMG_0030.mp4,1905,63.56356356356357,29.97,428,2,traffic_signs,0.7104415893554688,1729.173828125,742.3436279296875,1749.8236083984375,792.81201171875,1739.4987182617188,767.5778198242188,20.6497802734375,50.4683837890625
IMG_0030.mp4,1906,63.59693026359693,29.97,364,2,traffic_signs,0.7960798144340515,485.6326904296875,504.4947509765625,566.1636962890625,646.5530395507812,525.898193359375,575.5238952636719,80.531005859375,142.05828857421875
IMG_0030.mp4,1906,63.59693026359693,29.97,421,1,traffic_lights,0.5706341862678528,1146.444580078125,762.1730346679688,1155.4453125,776.7880859375,1150.9449462890625,769.4805603027344,9.000732421875,14.61505126953125
IMG_0030.mp4,1906,63.59693026359693,29.97,443,2,traffic_signs,0.9282740950584412,402.4504089355469,618.7686767578125,453.8504943847656,735.9784545898438,428.15045166015625,677.3735656738281,51.40008544921875,117.20977783203125
IMG_0030.mp4,1906,63.59693026359693,29.97,428,2,traffic_signs,0.8402678966522217,1732.9232177734375,741.7572631835938,1754.4228515625,792.3561401367188,1743.6730346679688,767.0567016601562,21.4996337890625,50.598876953125
IMG_0030.mp4,1907,63.6302969636303,29.97,364,2,traffic_signs,0.9019030332565308,477.9469909667969,500.9953308105469,558.0302734375,598.708740234375,517.9886322021484,549.8520355224609,80.08328247070312,97.71340942382812
IMG_0030.mp4,1907,63.6302969636303,29.97,421,1,traffic_lights,0.5568898320198059,1146.44580078125,762.0125732421875,1155.127197265625,776.0936279296875,1150.7864990234375,769.0531005859375,8.681396484375,14.0810546875
IMG_0030.mp4,1907,63.6302969636303,29.97,443,2,traffic_signs,0.9293074011802673,399.3521728515625,617.0775756835938,451.025146484375,734.0546875,425.18865966796875,675.5661315917969,51.6729736328125,116.97711181640625
IMG_0030.mp4,1907,63.6302969636303,29.97,428,2,traffic_signs,0.7181755900382996,1736.9554443359375,740.8590698242188,1758.11572265625,792.2222900390625,1747.5355834960938,766.5406799316406,21.1602783203125,51.36322021484375
IMG_0030.mp4,1908,63.66366366366367,29.97,364,2,traffic_signs,0.8877772092819214,465.2899169921875,496.0830383300781,546.4379272460938,584.2301635742188,505.8639221191406,540.1566009521484,81.14801025390625,88.14712524414062
IMG_0030.mp4,1908,63.66366366366367,29.97,421,1,traffic_lights,0.5776012539863586,1145.4078369140625,761.6685791015625,1153.838134765625,775.7737426757812,1149.6229858398438,768.7211608886719,8.4302978515625,14.10516357421875
IMG_0030.mp4,1908,63.66366366366367,29.97,443,2,traffic_signs,0.9236029386520386,391.67218017578125,615.6753540039062,443.32464599609375,730.6256713867188,417.4984130859375,673.1505126953125,51.6524658203125,114.9503173828125
IMG_0030.mp4,1909,63.69703036369703,29.97,364,2,traffic_signs,0.8418866991996765,459.1764831542969,492.182373046875,541.1016235351562,578.1577758789062,500.13905334472656,535.1700744628906,81.92514038085938,85.97540283203125
IMG_0030.mp4,1909,63.69703036369703,29.97,421,1,traffic_lights,0.5828977823257446,1145.9029541015625,761.753662109375,1154.36083984375,776.1661376953125,1150.1318969726562,768.9598999023438,8.4578857421875,14.4124755859375
IMG_0030.mp4,1909,63.69703036369703,29.97,443,2,traffic_signs,0.9210367798805237,390.260498046875,615.9032592773438,441.16802978515625,731.4859008789062,415.7142639160156,673.694580078125,50.90753173828125,115.5826416015625
IMG_0030.mp4,1910,63.7303970637304,29.97,364,2,traffic_signs,0.37768760323524475,449.8158264160156,487.97698974609375,533.697265625,574.8487548828125,491.7565460205078,531.4128723144531,83.88143920898438,86.87176513671875
IMG_0030.mp4,1910,63.7303970637304,29.97,421,1,traffic_lights,0.6728695631027222,1145.7596435546875,761.7911376953125,1154.1541748046875,776.3356323242188,1149.9569091796875,769.0633850097656,8.39453125,14.54449462890625
IMG_0030.mp4,1910,63.7303970637304,29.97,443,2,traffic_signs,0.9225082397460938,386.7447814941406,615.148681640625,439.0094909667969,731.4146118164062,412.87713623046875,673.2816467285156,52.26470947265625,116.26593017578125
IMG_0030.mp4,1911,63.76376376376377,29.97,421,1,traffic_lights,0.6386128067970276,1145.9609375,761.8211669921875,1154.160400390625,776.1646118164062,1150.0606689453125,768.9928894042969,8.199462890625,14.34344482421875
IMG_0030.mp4,1911,63.76376376376377,29.97,443,2,traffic_signs,0.9315775632858276,383.222900390625,614.121337890625,436.068115234375,729.3307495117188,409.6455078125,671.7260437011719,52.84521484375,115.20941162109375
IMG_0030.mp4,1911,63.76376376376377,29.97,428,2,traffic_signs,0.4428141713142395,1753.6290283203125,739.1888427734375,1775.781982421875,793.0919189453125,1764.7055053710938,766.140380859375,22.1529541015625,53.903076171875
IMG_0030.mp4,1912,63.79713046379713,29.97,421,1,traffic_lights,0.49996376037597656,1145.5325927734375,761.43408203125,1153.9293212890625,775.9976196289062,1149.73095703125,768.7158508300781,8.396728515625,14.56353759765625
IMG_0030.mp4,1912,63.79713046379713,29.97,443,2,traffic_signs,0.9275271892547607,379.4070129394531,612.63623046875,430.5399475097656,727.6483154296875,404.9734802246094,670.1422729492188,51.1329345703125,115.0120849609375
IMG_0030.mp4,1912,63.79713046379713,29.97,445,2,traffic_signs,0.6036397814750671,429.2727966308594,477.2108154296875,517.6651000976562,730.1576538085938,473.4689483642578,603.6842346191406,88.39230346679688,252.94683837890625
IMG_0030.mp4,1912,63.79713046379713,29.97,364,2,traffic_signs,0.43570059537887573,431.2904968261719,478.53228759765625,518.3536376953125,584.1844482421875,474.8220672607422,531.3583679199219,87.06314086914062,105.65216064453125
IMG_0030.mp4,1913,63.8304971638305,29.97,421,1,traffic_lights,0.5282877087593079,1145.5826416015625,761.2210083007812,1153.9344482421875,775.914794921875,1149.758544921875,768.5679016113281,8.351806640625,14.69378662109375
IMG_0030.mp4,1913,63.8304971638305,29.97,443,2,traffic_signs,0.7598066926002502,376.35516357421875,610.2315063476562,426.739501953125,727.6229248046875,401.5473327636719,668.9272155761719,50.38433837890625,117.39141845703125
IMG_0030.mp4,1913,63.8304971638305,29.97,445,2,traffic_signs,0.8332566618919373,418.48822021484375,471.77923583984375,508.3718566894531,727.176513671875,463.43003845214844,599.4778747558594,89.88363647460938,255.39727783203125
IMG_0030.mp4,1913,63.8304971638305,29.97,448,2,traffic_signs,0.76993328332901,69.2083740234375,667.9202880859375,97.37191772460938,694.8226318359375,83.29014587402344,681.3714599609375,28.163543701171875,26.90234375
IMG_0030.mp4,1913,63.8304971638305,29.97,428,2,traffic_signs,0.7648329138755798,1762.176025390625,736.986083984375,1784.0833740234375,791.3539428710938,1773.1296997070312,764.1700134277344,21.9073486328125,54.36785888671875
IMG_0030.mp4,1914,63.86386386386387,29.97,421,1,traffic_lights,0.6869747638702393,1145.4088134765625,761.4191284179688,1153.634521484375,776.2094116210938,1149.5216674804688,768.8142700195312,8.2257080078125,14.790283203125
IMG_0030.mp4,1914,63.86386386386387,29.97,448,2,traffic_signs,0.8017897605895996,63.57021713256836,666.8804321289062,93.025146484375,694.47802734375,78.29768180847168,680.6792297363281,29.45492935180664,27.59759521484375
IMG_0030.mp4,1914,63.86386386386387,29.97,428,2,traffic_signs,0.7482928037643433,1766.00048828125,736.2537841796875,1788.370849609375,790.9547119140625,1777.1856689453125,763.604248046875,22.370361328125,54.700927734375
IMG_0030.mp4,1914,63.86386386386387,29.97,364,2,traffic_signs,0.5732303857803345,411.2074890136719,467.31353759765625,501.52001953125,594.3283081054688,456.36375427246094,530.8209228515625,90.31253051757812,127.0147705078125
IMG_0030.mp4,1915,63.89723056389723,29.97,421,1,traffic_lights,0.5616846680641174,1145.4656982421875,761.10595703125,1153.57275390625,775.6852416992188,1149.5192260742188,768.3955993652344,8.1070556640625,14.57928466796875
IMG_0030.mp4,1915,63.89723056389723,29.97,428,2,traffic_signs,0.7363652586936951,1769.9964599609375,734.8497924804688,1792.463134765625,789.376708984375,1781.2297973632812,762.1132507324219,22.4666748046875,54.52691650390625
IMG_0030.mp4,1915,63.89723056389723,29.97,364,2,traffic_signs,0.7743059992790222,402.0599060058594,462.5019226074219,493.5932922363281,573.4999389648438,447.82659912109375,518.0009307861328,91.53338623046875,110.99801635742188
IMG_0030.mp4,1915,63.89723056389723,29.97,445,2,traffic_signs,0.40210890769958496,376.6248779296875,458.6508483886719,492.5504455566406,730.1126708984375,434.58766174316406,594.3817596435547,115.92556762695312,271.4618225097656
IMG_0030.mp4,1916,63.9305972639306,29.97,421,1,traffic_lights,0.5635318756103516,1144.892333984375,760.6725463867188,1152.9342041015625,775.7760620117188,1148.9132690429688,768.2243041992188,8.0418701171875,15.103515625
IMG_0030.mp4,1916,63.9305972639306,29.97,428,2,traffic_signs,0.9071060419082642,1773.70751953125,733.0211791992188,1796.67236328125,788.2854614257812,1785.18994140625,760.6533203125,22.96484375,55.2642822265625
IMG_0030.mp4,1916,63.9305972639306,29.97,445,2,traffic_signs,0.9000836610794067,367.49029541015625,453.05670166015625,483.3888244628906,726.545166015625,425.43955993652344,589.8009338378906,115.89852905273438,273.48846435546875
IMG_0030.mp4,1916,63.9305972639306,29.97,448,2,traffic_signs,0.7304693460464478,53.55425262451172,664.5862426757812,83.95313262939453,692.9122314453125,68.75369262695312,678.7492370605469,30.398880004882812,28.32598876953125
IMG_0030.mp4,1917,63.96396396396397,29.97,421,1,traffic_lights,0.5363645553588867,1144.5128173828125,760.7850341796875,1152.6319580078125,775.9208984375,1148.5723876953125,768.3529663085938,8.119140625,15.1358642578125
IMG_0030.mp4,1917,63.96396396396397,29.97,428,2,traffic_signs,0.7959827184677124,1777.1898193359375,732.4951782226562,1801.1512451171875,787.3814086914062,1789.1705322265625,759.9382934570312,23.96142578125,54.88623046875
IMG_0030.mp4,1917,63.96396396396397,29.97,448,2,traffic_signs,0.5011851787567139,49.4453125,663.6019287109375,79.5255126953125,691.9639892578125,64.48541259765625,677.782958984375,30.0802001953125,28.362060546875
IMG_0030.mp4,1917,63.96396396396397,29.97,364,2,traffic_signs,0.9026805758476257,381.8022155761719,450.337158203125,474.69573974609375,556.3411254882812,428.2489776611328,503.3391418457031,92.89352416992188,106.00396728515625
IMG_0030.mp4,1918,63.99733066399733,29.97,421,1,traffic_lights,0.5491575598716736,1144.0985107421875,760.6168212890625,1152.25830078125,776.031494140625,1148.1784057617188,768.3241577148438,8.1597900390625,15.4146728515625
IMG_0030.mp4,1918,63.99733066399733,29.97,428,2,traffic_signs,0.8600888252258301,1781.4481201171875,731.0363159179688,1806.083740234375,786.0634155273438,1793.7659301757812,758.5498657226562,24.6356201171875,55.027099609375
IMG_0030.mp4,1918,63.99733066399733,29.97,364,2,traffic_signs,0.8844920992851257,369.62847900390625,444.018310546875,465.9519348144531,548.8572387695312,417.7902069091797,496.4377746582031,96.32345581054688,104.83892822265625
IMG_0030.mp4,1919,64.0306973640307,29.97,421,1,traffic_lights,0.29984915256500244,1143.60009765625,760.4478149414062,1151.808837890625,775.0219116210938,1147.7044677734375,767.73486328125,8.208740234375,14.5740966796875
IMG_0030.mp4,1919,64.0306973640307,29.97,428,2,traffic_signs,0.8569222092628479,1785.7122802734375,729.798828125,1810.3792724609375,784.8749389648438,1798.0457763671875,757.3368835449219,24.6669921875,55.07611083984375
IMG_0030.mp4,1919,64.0306973640307,29.97,364,2,traffic_signs,0.8801356554031372,358.6389465332031,436.3529357910156,454.89154052734375,540.999267578125,406.76524353027344,488.6761016845703,96.25259399414062,104.64633178710938
IMG_0030.mp4,1919,64.0306973640307,29.97,443,2,traffic_signs,0.9073572158813477,362.4723205566406,604.247802734375,407.3059997558594,715.739501953125,384.88916015625,659.99365234375,44.83367919921875,111.49169921875
IMG_0030.mp4,1920,64.06406406406407,29.97,421,1,traffic_lights,0.47168928384780884,1143.4898681640625,760.2723999023438,1151.6221923828125,774.739990234375,1147.5560302734375,767.5061950683594,8.13232421875,14.46759033203125
IMG_0030.mp4,1920,64.06406406406407,29.97,428,2,traffic_signs,0.8746953010559082,1789.7061767578125,729.0833740234375,1815.2484130859375,784.4732055664062,1802.477294921875,756.7782897949219,25.542236328125,55.38983154296875
IMG_0030.mp4,1920,64.06406406406407,29.97,364,2,traffic_signs,0.7405921220779419,346.9662170410156,430.4552001953125,445.9945983886719,536.2463989257812,396.48040771484375,483.3507995605469,99.02838134765625,105.79119873046875
IMG_0030.mp4,1920,64.06406406406407,29.97,443,2,traffic_signs,0.9044917821884155,352.7689514160156,602.6571655273438,404.6260070800781,713.685791015625,378.6974792480469,658.1714782714844,51.8570556640625,111.02862548828125
IMG_0030.mp4,1920,64.06406406406407,29.97,445,2,traffic_signs,0.40458324551582336,341.39080810546875,426.5392150878906,442.428466796875,722.650146484375,391.9096374511719,574.5946807861328,101.03765869140625,296.1109313964844
IMG_0030.mp4,1921,64.09743076409744,29.97,421,1,traffic_lights,0.41983142495155334,1143.2923583984375,759.9281005859375,1151.3599853515625,774.2718505859375,1147.326171875,767.0999755859375,8.067626953125,14.34375
IMG_0030.mp4,1921,64.09743076409744,29.97,428,2,traffic_signs,0.824610710144043,1793.79833984375,727.6925659179688,1819.4913330078125,783.4072875976562,1806.6448364257812,755.5499267578125,25.6929931640625,55.7147216796875
IMG_0030.mp4,1921,64.09743076409744,29.97,364,2,traffic_signs,0.9324210286140442,337.0635681152344,423.93707275390625,435.9546813964844,529.81494140625,386.5091247558594,476.8760070800781,98.89111328125,105.87786865234375
IMG_0030.mp4,1921,64.09743076409744,29.97,443,2,traffic_signs,0.8943821787834167,343.6734619140625,599.9951171875,401.2072448730469,711.274658203125,372.4403533935547,655.6348876953125,57.533782958984375,111.279541015625
IMG_0030.mp4,1921,64.09743076409744,29.97,448,2,traffic_signs,0.3582944869995117,31.627300262451172,659.467041015625,60.85749816894531,684.4097290039062,46.24239921569824,671.9383850097656,29.23019790649414,24.94268798828125
IMG_0030.mp4,1922,64.1307974641308,29.97,421,1,traffic_lights,0.49966856837272644,1142.9912109375,759.6375732421875,1150.9981689453125,773.98291015625,1146.9946899414062,766.8102416992188,8.0069580078125,14.3453369140625
IMG_0030.mp4,1922,64.1307974641308,29.97,428,2,traffic_signs,0.8029187321662903,1798.01123046875,726.5404663085938,1823.513916015625,782.8563232421875,1810.7625732421875,754.6983947753906,25.502685546875,56.31585693359375
IMG_0030.mp4,1922,64.1307974641308,29.97,364,2,traffic_signs,0.9172732830047607,326.68914794921875,418.0357666015625,425.3481750488281,522.7664794921875,376.01866149902344,470.401123046875,98.65902709960938,104.730712890625
IMG_0030.mp4,1922,64.1307974641308,29.97,443,2,traffic_signs,0.9028668403625488,342.37469482421875,597.2901000976562,397.30743408203125,709.0524291992188,369.841064453125,653.1712646484375,54.9327392578125,111.7623291015625
IMG_0030.mp4,1923,64.16416416416416,29.97,421,1,traffic_lights,0.5628223419189453,1142.8690185546875,759.4783935546875,1150.79931640625,773.9474487304688,1146.8341674804688,766.7129211425781,7.9302978515625,14.46905517578125
IMG_0030.mp4,1923,64.16416416416416,29.97,428,2,traffic_signs,0.8540327548980713,1801.9129638671875,725.8073120117188,1828.7303466796875,782.6995849609375,1815.3216552734375,754.2534484863281,26.8173828125,56.89227294921875
IMG_0030.mp4,1923,64.16416416416416,29.97,364,2,traffic_signs,0.8957478404045105,315.8497619628906,411.66363525390625,415.5519104003906,517.2633666992188,365.7008361816406,464.4635009765625,99.7021484375,105.5997314453125
IMG_0030.mp4,1923,64.16416416416416,29.97,443,2,traffic_signs,0.9056841731071472,341.9715576171875,595.5540771484375,392.7949523925781,704.7268676757812,367.3832550048828,650.1404724121094,50.823394775390625,109.17279052734375
IMG_0030.mp4,1923,64.16416416416416,29.97,448,2,traffic_signs,0.48614808917045593,21.766645431518555,657.3668212890625,51.94098663330078,685.1242065429688,36.85381603240967,671.2455139160156,30.174341201782227,27.75738525390625
IMG_0030.mp4,1924,64.19753086419753,29.97,421,1,traffic_lights,0.5767631530761719,1142.45751953125,758.9901123046875,1150.5135498046875,773.8215942382812,1146.4855346679688,766.4058532714844,8.0560302734375,14.83148193359375
IMG_0030.mp4,1924,64.19753086419753,29.97,428,2,traffic_signs,0.9007089734077454,1806.0260009765625,724.6847534179688,1832.49072265625,782.4063110351562,1819.2583618164062,753.5455322265625,26.4647216796875,57.7215576171875
IMG_0030.mp4,1924,64.19753086419753,29.97,364,2,traffic_signs,0.9314760565757751,304.0053405761719,405.80169677734375,407.23236083984375,513.9735717773438,355.6188507080078,459.88763427734375,103.22702026367188,108.171875
IMG_0030.mp4,1924,64.19753086419753,29.97,443,2,traffic_signs,0.9146220684051514,340.0685729980469,594.1459350585938,389.33349609375,703.5035400390625,364.70103454589844,648.8247375488281,49.264923095703125,109.35760498046875
IMG_0030.mp4,1924,64.19753086419753,29.97,448,2,traffic_signs,0.70096755027771,18.06146240234375,657.41650390625,47.9884147644043,682.9534912109375,33.02493858337402,670.1849975585938,29.926952362060547,25.5369873046875
IMG_0030.mp4,1925,64.2308975642309,29.97,421,1,traffic_lights,0.5614036321640015,1142.06787109375,758.8114624023438,1150.1529541015625,773.94384765625,1146.1104125976562,766.3776550292969,8.0850830078125,15.13238525390625
IMG_0030.mp4,1925,64.2308975642309,29.97,428,2,traffic_signs,0.3909381628036499,1810.4813232421875,723.521728515625,1837.291748046875,782.2244262695312,1823.8865356445312,752.8730773925781,26.8104248046875,58.70269775390625
IMG_0030.mp4,1925,64.2308975642309,29.97,364,2,traffic_signs,0.9360901713371277,291.07391357421875,399.8285217285156,397.5543518066406,511.0796813964844,344.3141326904297,455.4541015625,106.48043823242188,111.25115966796875
IMG_0030.mp4,1925,64.2308975642309,29.97,443,2,traffic_signs,0.9102259874343872,336.432373046875,592.9346923828125,385.1337890625,702.46142578125,360.7830810546875,647.6980590820312,48.701416015625,109.5267333984375
IMG_0030.mp4,1926,64.26426426426427,29.97,421,1,traffic_lights,0.5054340362548828,1141.3338623046875,758.71923828125,1149.7218017578125,774.0617065429688,1145.52783203125,766.3904724121094,8.387939453125,15.34246826171875
IMG_0030.mp4,1926,64.26426426426427,29.97,428,2,traffic_signs,0.8963527083396912,1814.75830078125,722.8327026367188,1842.2593994140625,782.156494140625,1828.5088500976562,752.4945983886719,27.5010986328125,59.32379150390625
IMG_0030.mp4,1926,64.26426426426427,29.97,364,2,traffic_signs,0.9355883002281189,278.158447265625,392.9994812011719,389.8949890136719,506.234375,334.02671813964844,449.61692810058594,111.73654174804688,113.23489379882812
IMG_0030.mp4,1926,64.26426426426427,29.97,443,2,traffic_signs,0.9107330441474915,330.196533203125,591.9664916992188,380.59967041015625,704.570068359375,355.3981018066406,648.2682800292969,50.40313720703125,112.60357666015625
IMG_0030.mp4,1927,64.29763096429764,29.97,421,1,traffic_lights,0.46971598267555237,1140.9720458984375,758.6323852539062,1149.510498046875,774.2626342773438,1145.2412719726562,766.447509765625,8.5384521484375,15.6302490234375
IMG_0030.mp4,1927,64.29763096429764,29.97,428,2,traffic_signs,0.8682480454444885,1818.5535888671875,722.21435546875,1846.576416015625,781.4972534179688,1832.5650024414062,751.8558044433594,28.0228271484375,59.28289794921875
IMG_0030.mp4,1927,64.29763096429764,29.97,364,2,traffic_signs,0.9430476427078247,265.4390869140625,386.91339111328125,380.8603210449219,501.0690002441406,323.1497039794922,443.99119567871094,115.42123413085938,114.15560913085938
IMG_0030.mp4,1927,64.29763096429764,29.97,443,2,traffic_signs,0.8811660408973694,325.5635681152344,591.213134765625,378.0084533691406,703.3982543945312,351.7860107421875,647.3056945800781,52.44488525390625,112.18511962890625
IMG_0030.mp4,1928,64.330997664331,29.97,421,1,traffic_lights,0.46391502022743225,1140.5909423828125,758.6343383789062,1149.2608642578125,774.4970092773438,1144.9259033203125,766.565673828125,8.669921875,15.8626708984375
IMG_0030.mp4,1928,64.330997664331,29.97,428,2,traffic_signs,0.8701353669166565,1822.3934326171875,722.0927124023438,1851.581787109375,782.1258544921875,1836.9876098632812,752.1092834472656,29.1883544921875,60.03314208984375
IMG_0030.mp4,1928,64.330997664331,29.97,364,2,traffic_signs,0.9470782279968262,252.49346923828125,381.120361328125,371.69793701171875,495.1072082519531,312.095703125,438.11378479003906,119.2044677734375,113.98684692382812
IMG_0030.mp4,1928,64.330997664331,29.97,443,2,traffic_signs,0.8255452513694763,322.7039489746094,589.6976928710938,375.9083557128906,697.341796875,349.30615234375,643.5197448730469,53.20440673828125,107.64410400390625
IMG_0030.mp4,1929,64.36436436436436,29.97,421,1,traffic_lights,0.42752698063850403,1140.3209228515625,758.6182250976562,1148.8720703125,774.2001953125,1144.5964965820312,766.4092102050781,8.5511474609375,15.58197021484375
IMG_0030.mp4,1929,64.36436436436436,29.97,428,2,traffic_signs,0.8998093008995056,1826.596923828125,721.8160400390625,1855.97265625,781.9340209960938,1841.2847900390625,751.8750305175781,29.375732421875,60.11798095703125
IMG_0030.mp4,1929,64.36436436436436,29.97,364,2,traffic_signs,0.9509701728820801,239.1925506591797,374.4062194824219,362.09844970703125,490.1617126464844,300.64550018310547,432.2839660644531,122.90589904785156,115.7554931640625
IMG_0030.mp4,1929,64.36436436436436,29.97,443,2,traffic_signs,0.8904218077659607,319.9982604980469,588.0457763671875,371.2508239746094,691.8203125,345.6245422363281,639.9330444335938,51.2525634765625,103.7745361328125
IMG_0030.mp4,1930,64.39773106439773,29.97,421,1,traffic_lights,0.3884424567222595,1140.0074462890625,758.3587646484375,1148.6270751953125,773.8695068359375,1144.3172607421875,766.1141357421875,8.61962890625,15.5107421875
IMG_0030.mp4,1930,64.39773106439773,29.97,428,2,traffic_signs,0.9220728874206543,1831.5609130859375,721.0943603515625,1861.0257568359375,781.398681640625,1846.2933349609375,751.2465209960938,29.46484375,60.3043212890625
IMG_0030.mp4,1930,64.39773106439773,29.97,364,2,traffic_signs,0.9469090104103088,225.77053833007812,368.0432434082031,351.59722900390625,485.1645202636719,288.6838836669922,426.6038818359375,125.82669067382812,117.12127685546875
IMG_0030.mp4,1930,64.39773106439773,29.97,443,2,traffic_signs,0.9003438353538513,315.443359375,587.0933837890625,366.25360107421875,692.4955444335938,340.8484802246094,639.7944641113281,50.81024169921875,105.40216064453125
IMG_0030.mp4,1931,64.4310977644311,29.97,421,1,traffic_lights,0.4334034025669098,1139.609375,758.1978759765625,1148.0035400390625,773.8009643554688,1143.8064575195312,765.9994201660156,8.3941650390625,15.60308837890625
IMG_0030.mp4,1931,64.4310977644311,29.97,428,2,traffic_signs,0.875137984752655,1835.9674072265625,720.8968505859375,1865.1534423828125,780.635009765625,1850.5604248046875,750.7659301757812,29.18603515625,59.7381591796875
IMG_0030.mp4,1931,64.4310977644311,29.97,364,2,traffic_signs,0.9473141431808472,211.11614990234375,361.59820556640625,340.0496826171875,480.9483337402344,275.5829162597656,421.2732696533203,128.93353271484375,119.35012817382812
IMG_0030.mp4,1931,64.4310977644311,29.97,443,2,traffic_signs,0.9268283843994141,310.9599609375,585.5829467773438,361.2503356933594,684.3651123046875,336.1051483154297,634.9740295410156,50.290374755859375,98.78216552734375
IMG_0030.mp4,1932,64.46446446446447,29.97,421,1,traffic_lights,0.3791431188583374,1139.2835693359375,757.8681640625,1147.740478515625,773.8189086914062,1143.5120239257812,765.8435363769531,8.4569091796875,15.95074462890625
IMG_0030.mp4,1932,64.46446446446447,29.97,428,2,traffic_signs,0.8846523761749268,1840.1575927734375,720.5877685546875,1869.973388671875,779.6055908203125,1855.0654907226562,750.0966796875,29.8157958984375,59.017822265625
IMG_0030.mp4,1932,64.46446446446447,29.97,364,2,traffic_signs,0.9488083124160767,197.3314666748047,354.69000244140625,327.4931335449219,478.40948486328125,262.4123001098633,416.54974365234375,130.1616668701172,123.719482421875
IMG_0030.mp4,1932,64.46446446446447,29.97,443,2,traffic_signs,0.9335208535194397,307.6810302734375,584.5208129882812,357.42840576171875,678.772216796875,332.5547180175781,631.6465148925781,49.74737548828125,94.25140380859375
IMG_0030.mp4,1933,64.49783116449784,29.97,421,1,traffic_lights,0.3672335147857666,1139.0322265625,757.7403564453125,1147.48828125,773.6763305664062,1143.26025390625,765.7083435058594,8.4560546875,15.93597412109375
IMG_0030.mp4,1933,64.49783116449784,29.97,428,2,traffic_signs,0.8319509625434875,1844.05859375,719.5291137695312,1875.08251953125,779.3770141601562,1859.570556640625,749.4530639648438,31.02392578125,59.847900390625
IMG_0030.mp4,1933,64.49783116449784,29.97,364,2,traffic_signs,0.9529272317886353,182.97927856445312,346.8984069824219,314.55426025390625,473.57781982421875,248.7667694091797,410.2381134033203,131.57498168945312,126.67941284179688
IMG_0030.mp4,1933,64.49783116449784,29.97,443,2,traffic_signs,0.9132833480834961,302.9913330078125,583.1505126953125,354.74591064453125,681.46923828125,328.8686218261719,632.3098754882812,51.75457763671875,98.3187255859375
IMG_0030.mp4,1934,64.5311978645312,29.97,421,1,traffic_lights,0.3921286165714264,1138.8446044921875,757.7177124023438,1147.157470703125,773.725341796875,1143.0010375976562,765.7215270996094,8.3128662109375,16.00762939453125
IMG_0030.mp4,1934,64.5311978645312,29.97,428,2,traffic_signs,0.8951210379600525,1848.022216796875,718.3516235351562,1879.188720703125,779.2793579101562,1863.60546875,748.8154907226562,31.16650390625,60.927734375
IMG_0030.mp4,1934,64.5311978645312,29.97,364,2,traffic_signs,0.9395183324813843,167.27841186523438,339.1329650878906,302.40948486328125,467.3966979980469,234.8439483642578,403.26483154296875,135.13107299804688,128.26373291015625
IMG_0030.mp4,1934,64.5311978645312,29.97,443,2,traffic_signs,0.9229286909103394,298.2645568847656,580.919189453125,351.22320556640625,678.883056640625,324.74388122558594,629.901123046875,52.958648681640625,97.9638671875
IMG_0030.mp4,1935,64.56456456456456,29.97,421,1,traffic_lights,0.41295433044433594,1138.6617431640625,757.7312622070312,1146.8394775390625,773.861083984375,1142.7506103515625,765.7961730957031,8.177734375,16.12982177734375
IMG_0030.mp4,1935,64.56456456456456,29.97,428,2,traffic_signs,0.8750525116920471,1851.8443603515625,717.4383544921875,1884.0140380859375,778.9467163085938,1867.92919921875,748.1925354003906,32.169677734375,61.50836181640625
IMG_0030.mp4,1935,64.56456456456456,29.97,364,2,traffic_signs,0.9386464357376099,151.78952026367188,331.17431640625,287.37445068359375,461.05047607421875,219.5819854736328,396.1123962402344,135.58493041992188,129.87615966796875
IMG_0030.mp4,1935,64.56456456456456,29.97,443,2,traffic_signs,0.7756353616714478,292.8621520996094,579.7077026367188,346.43353271484375,677.1209106445312,319.64784240722656,628.414306640625,53.571380615234375,97.4132080078125
IMG_0030.mp4,1936,64.59793126459793,29.97,421,1,traffic_lights,0.4366576671600342,1138.094482421875,757.171630859375,1146.4857177734375,773.750732421875,1142.2901000976562,765.461181640625,8.3912353515625,16.5791015625
IMG_0030.mp4,1936,64.59793126459793,29.97,428,2,traffic_signs,0.8764824867248535,1856.533203125,716.0012817382812,1888.8280029296875,778.1102905273438,1872.6806030273438,747.0557861328125,32.2947998046875,62.1090087890625
IMG_0030.mp4,1936,64.59793126459793,29.97,364,2,traffic_signs,0.9350183606147766,134.11940002441406,322.6817626953125,273.611328125,455.40618896484375,203.86536407470703,389.0439758300781,139.49192810058594,132.72442626953125
IMG_0030.mp4,1936,64.59793126459793,29.97,443,2,traffic_signs,0.9049102067947388,286.7395935058594,578.5839233398438,342.22113037109375,679.3616943359375,314.48036193847656,628.9728088378906,55.481536865234375,100.77777099609375
IMG_0030.mp4,1937,64.6312979646313,29.97,421,1,traffic_lights,0.42968499660491943,1137.812255859375,757.1448364257812,1146.2598876953125,773.7259521484375,1142.0360717773438,765.4353942871094,8.4476318359375,16.58111572265625
IMG_0030.mp4,1937,64.6312979646313,29.97,428,2,traffic_signs,0.897335410118103,1860.750244140625,714.892822265625,1893.486328125,777.1069946289062,1877.1182861328125,745.9999084472656,32.736083984375,62.21417236328125
IMG_0030.mp4,1937,64.6312979646313,29.97,364,2,traffic_signs,0.9505020976066589,118.41073608398438,314.57989501953125,260.07696533203125,448.43157958984375,189.2438507080078,381.5057373046875,141.66622924804688,133.8516845703125
IMG_0030.mp4,1937,64.6312979646313,29.97,443,2,traffic_signs,0.7804831862449646,281.9354248046875,577.48779296875,337.025146484375,682.4911499023438,309.48028564453125,629.9894714355469,55.0897216796875,105.00335693359375
IMG_0030.mp4,1938,64.66466466466467,29.97,421,1,traffic_lights,0.46656671166419983,1137.45166015625,757.1282348632812,1145.8612060546875,773.5847778320312,1141.6564331054688,765.3565063476562,8.4095458984375,16.45654296875
IMG_0030.mp4,1938,64.66466466466467,29.97,428,2,traffic_signs,0.895379364490509,1864.9906005859375,713.9480590820312,1898.6959228515625,776.247802734375,1881.84326171875,745.0979309082031,33.705322265625,62.29974365234375
IMG_0030.mp4,1938,64.66466466466467,29.97,364,2,traffic_signs,0.9383133053779602,101.45249938964844,305.5701599121094,245.7785186767578,441.70458984375,173.61550903320312,373.6373748779297,144.32601928710938,136.13442993164062
IMG_0030.mp4,1938,64.66466466466467,29.97,443,2,traffic_signs,0.7889886498451233,276.2122497558594,576.2007446289062,333.0502014160156,683.9020385742188,304.6312255859375,630.0513916015625,56.83795166015625,107.7012939453125
IMG_0030.mp4,1939,64.69803136469804,29.97,421,1,traffic_lights,0.36746686697006226,1137.1346435546875,756.6193237304688,1145.8070068359375,773.1357421875,1141.4708251953125,764.8775329589844,8.67236328125,16.51641845703125
IMG_0030.mp4,1939,64.69803136469804,29.97,428,2,traffic_signs,0.9001221060752869,1869.47509765625,713.5389404296875,1903.239013671875,775.7752075195312,1886.3570556640625,744.6570739746094,33.763916015625,62.23626708984375
IMG_0030.mp4,1939,64.69803136469804,29.97,364,2,traffic_signs,0.9388625025749207,81.88262939453125,296.49481201171875,230.4266357421875,434.7582702636719,156.15463256835938,365.6265411376953,148.54400634765625,138.26345825195312
IMG_0030.mp4,1939,64.69803136469804,29.97,443,2,traffic_signs,0.6969969868659973,271.787353515625,574.6401977539062,330.16143798828125,682.3992919921875,300.9743957519531,628.5197448730469,58.37408447265625,107.75909423828125
IMG_0030.mp4,1940,64.7313980647314,29.97,421,1,traffic_lights,0.3805599808692932,1136.8525390625,756.507080078125,1145.4427490234375,773.1506958007812,1141.1476440429688,764.8288879394531,8.5902099609375,16.64361572265625
IMG_0030.mp4,1940,64.7313980647314,29.97,428,2,traffic_signs,0.8944013118743896,1873.9630126953125,714.429931640625,1909.44775390625,774.8773193359375,1891.7053833007812,744.6536254882812,35.4847412109375,60.4473876953125
IMG_0030.mp4,1940,64.7313980647314,29.97,364,2,traffic_signs,0.9443082809448242,62.94319534301758,287.60137939453125,215.01235961914062,424.30548095703125,138.9777774810791,355.95343017578125,152.06916427612305,136.7041015625
IMG_0030.mp4,1940,64.7313980647314,29.97,443,2,traffic_signs,0.8788236975669861,266.6239929199219,573.1084594726562,324.5895690917969,682.6975708007812,295.6067810058594,627.9030151367188,57.965576171875,109.589111328125
IMG_0030.mp4,1941,64.76476476476476,29.97,421,1,traffic_lights,0.27193504571914673,1136.6502685546875,756.4783325195312,1145.1971435546875,772.80029296875,1140.9237060546875,764.6393127441406,8.546875,16.32196044921875
IMG_0030.mp4,1941,64.76476476476476,29.97,428,2,traffic_signs,0.8923201560974121,1879.3397216796875,717.4949340820312,1915.5565185546875,774.8305053710938,1897.4481201171875,746.1627197265625,36.216796875,57.3355712890625
IMG_0030.mp4,1941,64.76476476476476,29.97,364,2,traffic_signs,0.9375361204147339,44.52517318725586,277.7768249511719,198.35035705566406,418.5516662597656,121.43776512145996,348.16424560546875,153.8251838684082,140.77484130859375
IMG_0030.mp4,1941,64.76476476476476,29.97,443,2,traffic_signs,0.8906427621841431,262.1229553222656,572.0189208984375,319.2154846191406,679.895263671875,290.6692199707031,625.9570922851562,57.092529296875,107.8763427734375
IMG_0030.mp4,1942,64.79813146479813,29.97,428,2,traffic_signs,0.8810408711433411,1883.7392578125,721.1867065429688,1919.1986083984375,774.32275390625,1901.4689331054688,747.7547302246094,35.4593505859375,53.13604736328125
IMG_0030.mp4,1942,64.79813146479813,29.97,364,2,traffic_signs,0.9230824708938599,25.09872817993164,268.19097900390625,180.31370544433594,412.7618103027344,102.70621681213379,340.4763946533203,155.2149772644043,144.57083129882812
IMG_0030.mp4,1942,64.79813146479813,29.97,443,2,traffic_signs,0.9052713513374329,256.9610900878906,570.5697631835938,313.2535705566406,682.0028686523438,285.1073303222656,626.2863159179688,56.29248046875,111.43310546875
IMG_0030.mp4,1943,64.8314981648315,29.97,428,2,traffic_signs,0.7841538190841675,1888.7286376953125,727.4453735351562,1920.0,773.3067016601562,1904.3643188476562,750.3760375976562,31.2713623046875,45.861328125
IMG_0030.mp4,1943,64.8314981648315,29.97,364,2,traffic_signs,0.9482440948486328,5.222275257110596,258.7393493652344,164.72193908691406,406.15679931640625,84.97210717201233,332.4480743408203,159.49966382980347,147.41744995117188
IMG_0030.mp4,1943,64.8314981648315,29.97,443,2,traffic_signs,0.8927664756774902,251.77828979492188,569.1646118164062,308.4408874511719,672.0105590820312,280.1095886230469,620.5875854492188,56.66259765625,102.845947265625
IMG_0030.mp4,1943,64.8314981648315,29.97,421,1,traffic_lights,0.2539910078048706,1135.5806884765625,756.8787231445312,1144.010009765625,772.9722900390625,1139.7953491210938,764.9255065917969,8.4293212890625,16.09356689453125
IMG_0030.mp4,1944,64.86486486486487,29.97,364,2,traffic_signs,0.761195957660675,0.0,248.4444122314453,146.94070434570312,401.5505065917969,73.47035217285156,324.9974594116211,146.94070434570312,153.10609436035156
IMG_0030.mp4,1944,64.86486486486487,29.97,443,2,traffic_signs,0.779617190361023,247.37603759765625,567.3797607421875,305.8619079589844,678.32568359375,276.6189727783203,622.8527221679688,58.485870361328125,110.9459228515625
IMG_0030.mp4,1944,64.86486486486487,29.97,421,1,traffic_lights,0.3099645674228668,1135.1156005859375,757.0697021484375,1143.5855712890625,772.93896484375,1139.3505859375,765.0043334960938,8.469970703125,15.8692626953125
IMG_0030.mp4,1945,64.89823156489824,29.97,364,2,traffic_signs,0.49341729283332825,0.0,237.818115234375,130.5303497314453,402.7876281738281,65.26517486572266,320.30287170410156,130.5303497314453,164.96951293945312
IMG_0030.mp4,1945,64.89823156489824,29.97,443,2,traffic_signs,0.7510672211647034,242.41848754882812,564.8307495117188,301.1242980957031,686.828369140625,271.7713928222656,625.8295593261719,58.705810546875,121.99761962890625
IMG_0030.mp4,1945,64.89823156489824,29.97,421,1,traffic_lights,0.2524771988391876,1134.630859375,757.205322265625,1143.2254638671875,772.830810546875,1138.9281616210938,765.01806640625,8.5946044921875,15.62548828125
IMG_0030.mp4,1945,64.89823156489824,29.97,450,0,auth_label,0.8043828010559082,944.3203125,754.3737182617188,1018.4227905273438,847.0404663085938,981.3715515136719,800.7070922851562,74.10247802734375,92.666748046875
IMG_0030.mp4,1946,64.9315982649316,29.97,364,2,traffic_signs,0.5858703851699829,0.0,227.60317993164062,112.91791534423828,395.44189453125,56.45895767211914,311.5225372314453,112.91791534423828,167.83871459960938
IMG_0030.mp4,1946,64.9315982649316,29.97,421,1,traffic_lights,0.2947459816932678,1134.3179931640625,757.1947631835938,1143.0711669921875,772.7337646484375,1138.694580078125,764.9642639160156,8.753173828125,15.53900146484375
IMG_0030.mp4,1946,64.9315982649316,29.97,450,0,auth_label,0.7717670798301697,943.7181396484375,754.1471557617188,1018.343994140625,847.4486694335938,981.0310668945312,800.7979125976562,74.6258544921875,93.301513671875
IMG_0030.mp4,1947,64.96496496496496,29.97,421,1,traffic_lights,0.3301621377468109,1133.8204345703125,757.2227783203125,1142.6739501953125,772.842529296875,1138.2471923828125,765.0326538085938,8.853515625,15.6197509765625
IMG_0030.mp4,1947,64.96496496496496,29.97,450,0,auth_label,0.6207208633422852,942.8965454101562,754.5726318359375,1017.8519897460938,847.33056640625,980.374267578125,800.9515991210938,74.9554443359375,92.7579345703125
IMG_0030.mp4,1948,64.99833166499833,29.97,421,1,traffic_lights,0.26832976937294006,1133.3497314453125,757.1723022460938,1142.52880859375,772.8267822265625,1137.9392700195312,764.9995422363281,9.1790771484375,15.65447998046875
IMG_0030.mp4,1948,64.99833166499833,29.97,450,0,auth_label,0.6521910429000854,942.3734130859375,752.5376586914062,1017.24462890625,847.6508178710938,979.8090209960938,800.09423828125,74.8712158203125,95.1131591796875
IMG_0030.mp4,1948,64.99833166499833,29.97,364,2,traffic_signs,0.5743138790130615,0.0,207.17422485351562,73.11294555664062,368.5431213378906,36.55647277832031,287.8586730957031,73.11294555664062,161.368896484375
IMG_0030.mp4,1949,65.0316983650317,29.97,421,1,traffic_lights,0.37450268864631653,1133.0809326171875,757.2275390625,1142.10400390625,773.2012939453125,1137.5924682617188,765.2144165039062,9.0230712890625,15.9737548828125
IMG_0030.mp4,1949,65.0316983650317,29.97,450,0,auth_label,0.5689035654067993,941.723388671875,754.4434204101562,1016.7639770507812,847.357421875,979.2436828613281,800.9004211425781,75.04058837890625,92.91400146484375
IMG_0030.mp4,1950,65.06506506506507,29.97,421,1,traffic_lights,0.32316315174102783,1132.7884521484375,757.0720825195312,1141.918701171875,773.2167358398438,1137.3535766601562,765.1444091796875,9.1302490234375,16.1446533203125
IMG_0030.mp4,1950,65.06506506506507,29.97,450,0,auth_label,0.6640673875808716,940.83984375,752.0047607421875,1016.2380981445312,847.4837036132812,978.5389709472656,799.7442321777344,75.39825439453125,95.47894287109375
IMG_0030.mp4,1951,65.09843176509844,29.97,421,1,traffic_lights,0.2981486916542053,1132.4490966796875,756.9281616210938,1141.6112060546875,773.0043334960938,1137.0301513671875,764.9662475585938,9.162109375,16.076171875
IMG_0030.mp4,1951,65.09843176509844,29.97,450,0,auth_label,0.7266288995742798,940.6456298828125,751.7329711914062,1015.773681640625,847.703857421875,978.2096557617188,799.7184143066406,75.1280517578125,95.97088623046875
IMG_0030.mp4,1952,65.1317984651318,29.97,421,1,traffic_lights,0.3203241229057312,1132.37109375,756.8284912109375,1141.5537109375,772.95361328125,1136.96240234375,764.8910522460938,9.1826171875,16.1251220703125
IMG_0030.mp4,1952,65.1317984651318,29.97,450,0,auth_label,0.5631456971168518,939.974853515625,750.259765625,1015.7442016601562,848.7680053710938,977.8595275878906,799.5138854980469,75.76934814453125,98.50823974609375
IMG_0030.mp4,1952,65.1317984651318,29.97,443,2,traffic_signs,0.5469801425933838,205.56198120117188,554.725341796875,269.50762939453125,738.5787353515625,237.53480529785156,646.6520385742188,63.945648193359375,183.8533935546875
IMG_0030.mp4,1953,65.16516516516516,29.97,421,1,traffic_lights,0.47191813588142395,1132.0634765625,756.3880615234375,1141.1783447265625,772.8372802734375,1136.6209106445312,764.6126708984375,9.1148681640625,16.44921875
IMG_0030.mp4,1953,65.16516516516516,29.97,450,0,auth_label,0.6471157670021057,938.744873046875,748.0867309570312,1015.5942993164062,848.8565063476562,977.1695861816406,798.4716186523438,76.84942626953125,100.769775390625
IMG_0030.mp4,1953,65.16516516516516,29.97,443,2,traffic_signs,0.4175144135951996,200.395751953125,553.86279296875,265.2059631347656,737.0051879882812,232.8008575439453,645.4339904785156,64.81021118164062,183.14239501953125
IMG_0030.mp4,1954,65.19853186519853,29.97,421,1,traffic_lights,0.4270641803741455,1131.7545166015625,756.3701782226562,1140.9322509765625,772.9271850585938,1136.3433837890625,764.648681640625,9.177734375,16.5570068359375
IMG_0030.mp4,1954,65.19853186519853,29.97,450,0,auth_label,0.693008303642273,937.9761352539062,746.647216796875,1015.052978515625,849.1180419921875,976.5145568847656,797.8826293945312,77.07684326171875,102.4708251953125
IMG_0030.mp4,1954,65.19853186519853,29.97,443,2,traffic_signs,0.2733822464942932,195.7022247314453,553.595703125,260.9789123535156,731.7778930664062,228.34056854248047,642.6867980957031,65.27668762207031,178.18218994140625
IMG_0030.mp4,1954,65.19853186519853,29.97,452,2,traffic_signs,0.48021969199180603,1231.1513671875,804.5305786132812,1244.4515380859375,823.6997680664062,1237.8014526367188,814.1151733398438,13.3001708984375,19.169189453125
IMG_0030.mp4,1955,65.2318985652319,29.97,421,1,traffic_lights,0.3327396810054779,1131.426025390625,756.4469604492188,1140.677734375,773.016357421875,1136.0518798828125,764.7316589355469,9.251708984375,16.56939697265625
IMG_0030.mp4,1955,65.2318985652319,29.97,450,0,auth_label,0.7654824256896973,937.162841796875,745.4815063476562,1014.9786987304688,849.7692260742188,976.0707702636719,797.6253662109375,77.81585693359375,104.2877197265625
IMG_0030.mp4,1955,65.2318985652319,29.97,452,2,traffic_signs,0.45854902267456055,1231.1741943359375,804.564208984375,1244.3837890625,823.4302978515625,1237.7789916992188,813.9972534179688,13.2095947265625,18.8660888671875
IMG_0030.mp4,1956,65.26526526526527,29.97,450,0,auth_label,0.7761514186859131,936.8480834960938,744.956298828125,1014.940185546875,849.7918701171875,975.8941345214844,797.3740844726562,78.09210205078125,104.8355712890625
IMG_0030.mp4,1956,65.26526526526527,29.97,452,2,traffic_signs,0.3876681327819824,1231.251708984375,804.7896118164062,1244.3411865234375,823.4739990234375,1237.7964477539062,814.1318054199219,13.0894775390625,18.68438720703125
IMG_0030.mp4,1956,65.26526526526527,29.97,443,2,traffic_signs,0.4766242504119873,183.77386474609375,550.899169921875,249.26126098632812,740.3322143554688,216.51756286621094,645.6156921386719,65.48739624023438,189.43304443359375
IMG_0030.mp4,1957,65.29863196529864,29.97,450,0,auth_label,0.750144898891449,936.6156005859375,745.3031616210938,1014.7672729492188,849.9962158203125,975.6914367675781,797.6496887207031,78.15167236328125,104.69305419921875
IMG_0030.mp4,1957,65.29863196529864,29.97,452,2,traffic_signs,0.46983662247657776,1231.323486328125,804.959228515625,1244.6873779296875,823.79296875,1238.0054321289062,814.3760986328125,13.3638916015625,18.833740234375
IMG_0030.mp4,1957,65.29863196529864,29.97,443,2,traffic_signs,0.7148658037185669,178.17213439941406,550.0675048828125,245.58424377441406,743.4564819335938,211.87818908691406,646.7619934082031,67.412109375,193.38897705078125
IMG_0030.mp4,1958,65.331998665332,29.97,450,0,auth_label,0.7241753339767456,936.1560668945312,745.8944091796875,1014.51953125,850.23095703125,975.3377990722656,798.0626831054688,78.36346435546875,104.3365478515625
IMG_0030.mp4,1958,65.331998665332,29.97,452,2,traffic_signs,0.4938808083534241,1231.3070068359375,804.7313232421875,1244.431640625,823.7088012695312,1237.8693237304688,814.2200622558594,13.1246337890625,18.97747802734375
IMG_0030.mp4,1958,65.331998665332,29.97,443,2,traffic_signs,0.26138681173324585,172.5775604248047,548.3120727539062,241.39688110351562,740.401611328125,206.98722076416016,644.3568420410156,68.81932067871094,192.08953857421875
IMG_0030.mp4,1958,65.331998665332,29.97,421,1,traffic_lights,0.4286462962627411,1130.93310546875,756.5999145507812,1139.9986572265625,772.8119506835938,1135.4658813476562,764.7059326171875,9.0655517578125,16.2120361328125
IMG_0030.mp4,1959,65.36536536536536,29.97,450,0,auth_label,0.7256013751029968,935.8063354492188,746.2820434570312,1014.2804565429688,849.7125244140625,975.0433959960938,797.9972839355469,78.47412109375,103.43048095703125
IMG_0030.mp4,1959,65.36536536536536,29.97,452,2,traffic_signs,0.5167331099510193,1231.31103515625,804.875244140625,1244.15185546875,823.5242919921875,1237.7314453125,814.1997680664062,12.8408203125,18.6490478515625
IMG_0030.mp4,1959,65.36536536536536,29.97,443,2,traffic_signs,0.26912203431129456,167.7312774658203,548.1276245117188,236.59945678710938,713.550048828125,202.16536712646484,630.8388366699219,68.86817932128906,165.42242431640625
IMG_0030.mp4,1959,65.36536536536536,29.97,421,1,traffic_lights,0.3525306284427643,1130.981689453125,756.6295166015625,1139.8291015625,772.6929321289062,1135.4053955078125,764.6612243652344,8.847412109375,16.06341552734375
IMG_0030.mp4,1960,65.39873206539873,29.97,450,0,auth_label,0.6772205829620361,934.9602661132812,746.0558471679688,1014.0565185546875,849.769287109375,974.5083923339844,797.9125671386719,79.09625244140625,103.71343994140625
IMG_0030.mp4,1960,65.39873206539873,29.97,452,2,traffic_signs,0.4726989269256592,1231.3572998046875,804.8416748046875,1244.0299072265625,823.453125,1237.693603515625,814.1473999023438,12.672607421875,18.6114501953125
IMG_0030.mp4,1960,65.39873206539873,29.97,421,1,traffic_lights,0.29306867718696594,1130.7550048828125,756.576171875,1139.582275390625,772.4768676757812,1135.1686401367188,764.5265197753906,8.8272705078125,15.90069580078125
IMG_0030.mp4,1961,65.4320987654321,29.97,450,0,auth_label,0.7717107534408569,934.3770141601562,746.831298828125,1013.6759033203125,849.7461547851562,974.0264587402344,798.2887268066406,79.29888916015625,102.91485595703125
IMG_0030.mp4,1961,65.4320987654321,29.97,452,2,traffic_signs,0.4640795886516571,1231.542724609375,804.9959106445312,1244.0589599609375,823.3114624023438,1237.8008422851562,814.1536865234375,12.5162353515625,18.3155517578125
IMG_0030.mp4,1961,65.4320987654321,29.97,421,1,traffic_lights,0.30264413356781006,1130.6844482421875,756.7666015625,1139.402587890625,772.4564208984375,1135.0435180664062,764.6115112304688,8.7181396484375,15.6898193359375
IMG_0030.mp4,1962,65.46546546546547,29.97,450,0,auth_label,0.8265564441680908,934.0164794921875,747.483642578125,1013.2698974609375,849.7288208007812,973.6431884765625,798.6062316894531,79.25341796875,102.24517822265625
IMG_0030.mp4,1962,65.46546546546547,29.97,452,2,traffic_signs,0.3992626368999481,1231.5850830078125,804.9599609375,1244.0400390625,823.2651977539062,1237.8125610351562,814.1125793457031,12.4549560546875,18.30523681640625
IMG_0030.mp4,1962,65.46546546546547,29.97,421,1,traffic_lights,0.31556424498558044,1130.6044921875,756.8817749023438,1139.3067626953125,772.363525390625,1134.9556274414062,764.6226501464844,8.7022705078125,15.48175048828125
IMG_0030.mp4,1963,65.49883216549884,29.97,450,0,auth_label,0.8575862646102905,934.0656127929688,747.9373779296875,1012.5551147460938,849.296875,973.3103637695312,798.6171264648438,78.489501953125,101.3594970703125
IMG_0030.mp4,1963,65.49883216549884,29.97,452,2,traffic_signs,0.4007687270641327,1231.80419921875,804.9674072265625,1244.079345703125,823.1434326171875,1237.9417724609375,814.055419921875,12.275146484375,18.176025390625
IMG_0030.mp4,1963,65.49883216549884,29.97,421,1,traffic_lights,0.3155600428581238,1130.469970703125,756.9177856445312,1139.2491455078125,772.49169921875,1134.8595581054688,764.7047424316406,8.7791748046875,15.57391357421875
IMG_0030.mp4,1964,65.5321988655322,29.97,450,0,auth_label,0.8631935119628906,934.0558471679688,747.9317016601562,1012.0235595703125,849.26953125,973.0397033691406,798.6006164550781,77.96771240234375,101.33782958984375
IMG_0030.mp4,1964,65.5321988655322,29.97,452,2,traffic_signs,0.3049972355365753,1232.05322265625,805.2081909179688,1244.1322021484375,822.9937744140625,1238.0927124023438,814.1009826660156,12.0789794921875,17.78558349609375
IMG_0030.mp4,1965,65.56556556556556,29.97,450,0,auth_label,0.8586651682853699,933.5945434570312,747.9730834960938,1011.4146118164062,849.2412109375,972.5045776367188,798.6071472167969,77.820068359375,101.26812744140625
IMG_0030.mp4,1965,65.56556556556556,29.97,421,1,traffic_lights,0.3160508871078491,1130.2613525390625,756.9480590820312,1139.2352294921875,772.6024169921875,1134.748291015625,764.7752380371094,8.973876953125,15.65435791015625
IMG_0030.mp4,1966,65.59893226559893,29.97,450,0,auth_label,0.8669827580451965,932.99169921875,747.5025024414062,1011.1265869140625,849.400390625,972.0591430664062,798.4514465332031,78.1348876953125,101.89788818359375
IMG_0030.mp4,1966,65.59893226559893,29.97,421,1,traffic_lights,0.2822202444076538,1130.15185546875,756.8135986328125,1139.2991943359375,772.7622680664062,1134.7255249023438,764.7879333496094,9.1473388671875,15.94866943359375
IMG_0030.mp4,1966,65.59893226559893,29.97,452,2,traffic_signs,0.3002873361110687,1232.6314697265625,805.1427001953125,1245.298583984375,823.3312377929688,1238.9650268554688,814.2369689941406,12.6671142578125,18.18853759765625
IMG_0030.mp4,1967,65.6322989656323,29.97,450,0,auth_label,0.8849310874938965,932.6499633789062,747.849609375,1010.6856079101562,849.5564575195312,971.6677856445312,798.7030334472656,78.03564453125,101.70684814453125
IMG_0030.mp4,1967,65.6322989656323,29.97,421,1,traffic_lights,0.3393610417842865,1130.3223876953125,756.9227905273438,1139.3995361328125,772.8167114257812,1134.8609619140625,764.8697509765625,9.0771484375,15.8939208984375
IMG_0030.mp4,1967,65.6322989656323,29.97,452,2,traffic_signs,0.42333775758743286,1232.8677978515625,804.9619750976562,1245.748779296875,823.4393310546875,1239.3082885742188,814.2006530761719,12.8809814453125,18.47735595703125
IMG_0030.mp4,1968,65.66566566566567,29.97,450,0,auth_label,0.8789329528808594,932.5672607421875,747.93115234375,1010.5948486328125,849.635009765625,971.5810546875,798.7830810546875,78.027587890625,101.703857421875
IMG_0030.mp4,1968,65.66566566566567,29.97,421,1,traffic_lights,0.33189061284065247,1130.361083984375,756.9031372070312,1139.4952392578125,772.8480224609375,1134.9281616210938,764.8755798339844,9.1341552734375,15.94488525390625
IMG_0030.mp4,1968,65.66566566566567,29.97,452,2,traffic_signs,0.40928664803504944,1233.171630859375,804.9610595703125,1246.155029296875,823.4242553710938,1239.663330078125,814.1926574707031,12.9833984375,18.46319580078125
IMG_0030.mp4,1969,65.69903236569904,29.97,450,0,auth_label,0.8787627816200256,932.365234375,748.0982666015625,1010.5050048828125,849.9202270507812,971.4351196289062,799.0092468261719,78.1397705078125,101.82196044921875
IMG_0030.mp4,1969,65.69903236569904,29.97,421,1,traffic_lights,0.36648082733154297,1130.2503662109375,756.7283325195312,1139.5185546875,772.7188720703125,1134.8844604492188,764.7236022949219,9.2681884765625,15.99053955078125
IMG_0030.mp4,1969,65.69903236569904,29.97,452,2,traffic_signs,0.45915400981903076,1233.2977294921875,804.928466796875,1246.531494140625,823.550537109375,1239.9146118164062,814.239501953125,13.2337646484375,18.6220703125
IMG_0030.mp4,1970,65.7323990657324,29.97,450,0,auth_label,0.8703083395957947,931.9593505859375,748.183837890625,1010.5202026367188,850.2559204101562,971.2397766113281,799.2198791503906,78.56085205078125,102.07208251953125
IMG_0030.mp4,1970,65.7323990657324,29.97,421,1,traffic_lights,0.42202305793762207,1130.42724609375,756.763671875,1139.56494140625,772.6312866210938,1134.99609375,764.6974792480469,9.1376953125,15.86761474609375
IMG_0030.mp4,1970,65.7323990657324,29.97,452,2,traffic_signs,0.4964359700679779,1233.7843017578125,805.0664672851562,1247.202392578125,823.6807250976562,1240.4933471679688,814.3735961914062,13.4180908203125,18.6142578125
IMG_0030.mp4,1971,65.76576576576576,29.97,450,0,auth_label,0.8582219481468201,931.8333129882812,748.5988159179688,1010.26220703125,850.0926513671875,971.0477600097656,799.3457336425781,78.42889404296875,101.49383544921875
IMG_0030.mp4,1971,65.76576576576576,29.97,421,1,traffic_lights,0.39227133989334106,1130.63916015625,756.7568969726562,1139.6859130859375,772.6557006835938,1135.1625366210938,764.706298828125,9.0467529296875,15.8988037109375
IMG_0030.mp4,1971,65.76576576576576,29.97,452,2,traffic_signs,0.4831990599632263,1234.39111328125,805.0712280273438,1247.712646484375,823.6962890625,1241.0518798828125,814.3837585449219,13.321533203125,18.62506103515625
IMG_0030.mp4,1971,65.76576576576576,29.97,453,2,traffic_signs,0.3591355085372925,1295.053466796875,803.7045288085938,1302.91357421875,824.716064453125,1298.9835205078125,814.2102966308594,7.860107421875,21.01153564453125
IMG_0030.mp4,1972,65.79913246579913,29.97,450,0,auth_label,0.8766815662384033,931.8131713867188,749.6146850585938,1010.7060546875,850.0740966796875,971.2596130371094,799.8443908691406,78.89288330078125,100.45941162109375
IMG_0030.mp4,1972,65.79913246579913,29.97,421,1,traffic_lights,0.4395647644996643,1130.8726806640625,756.7429809570312,1139.80908203125,772.98681640625,1135.3408813476562,764.8648986816406,8.9364013671875,16.24383544921875
IMG_0030.mp4,1972,65.79913246579913,29.97,452,2,traffic_signs,0.3421448767185211,1234.8760986328125,805.4452514648438,1248.5006103515625,824.1232299804688,1241.6883544921875,814.7842407226562,13.62451171875,18.677978515625
IMG_0030.mp4,1972,65.79913246579913,29.97,453,2,traffic_signs,0.4286697804927826,1294.8802490234375,803.2652587890625,1303.5380859375,825.2548217773438,1299.2091674804688,814.2600402832031,8.6578369140625,21.98956298828125
IMG_0030.mp4,1973,65.8324991658325,29.97,450,0,auth_label,0.8786538243293762,932.1065063476562,750.4385986328125,1010.94384765625,849.9584350585938,971.5251770019531,800.1985168457031,78.83734130859375,99.51983642578125
IMG_0030.mp4,1973,65.8324991658325,29.97,421,1,traffic_lights,0.39645856618881226,1131.10888671875,756.5730590820312,1139.9276123046875,773.0822143554688,1135.5182495117188,764.82763671875,8.8187255859375,16.5091552734375
IMG_0030.mp4,1973,65.8324991658325,29.97,452,2,traffic_signs,0.3097306787967682,1235.6229248046875,805.66357421875,1248.9482421875,824.3824462890625,1242.2855834960938,815.0230102539062,13.3253173828125,18.7188720703125
IMG_0030.mp4,1973,65.8324991658325,29.97,453,2,traffic_signs,0.34374672174453735,1295.1207275390625,803.2222290039062,1303.9359130859375,825.4686279296875,1299.5283203125,814.3454284667969,8.815185546875,22.24639892578125
IMG_0030.mp4,1974,65.86586586586587,29.97,450,0,auth_label,0.8695971369743347,932.0435180664062,750.0546264648438,1011.1397094726562,850.163330078125,971.5916137695312,800.1089782714844,79.09619140625,100.10870361328125
IMG_0030.mp4,1974,65.86586586586587,29.97,421,1,traffic_lights,0.3488849401473999,1131.2886962890625,756.5537109375,1140.2769775390625,773.2007446289062,1135.7828369140625,764.8772277832031,8.98828125,16.64703369140625
IMG_0030.mp4,1974,65.86586586586587,29.97,452,2,traffic_signs,0.29965656995773315,1236.0059814453125,805.6258544921875,1249.3033447265625,824.6923217773438,1242.6546630859375,815.1590881347656,13.29736328125,19.06646728515625
IMG_0030.mp4,1974,65.86586586586587,29.97,453,2,traffic_signs,0.33017197251319885,1295.5767822265625,802.5139770507812,1304.602294921875,825.4994506835938,1300.0895385742188,814.0067138671875,9.0255126953125,22.9854736328125
IMG_0030.mp4,1975,65.89923256589924,29.97,450,0,auth_label,0.8810778260231018,931.6173706054688,749.4070434570312,1011.3036499023438,850.5520629882812,971.4605102539062,799.9795532226562,79.686279296875,101.14501953125
IMG_0030.mp4,1975,65.89923256589924,29.97,421,1,traffic_lights,0.32927894592285156,1131.536376953125,756.638916015625,1140.6075439453125,773.4083862304688,1136.0719604492188,765.0236511230469,9.0711669921875,16.76947021484375
IMG_0030.mp4,1975,65.89923256589924,29.97,452,2,traffic_signs,0.39112389087677,1236.303955078125,805.6640625,1249.66748046875,825.1588745117188,1242.9857177734375,815.4114685058594,13.363525390625,19.49481201171875
IMG_0030.mp4,1975,65.89923256589924,29.97,453,2,traffic_signs,0.3234001398086548,1296.4610595703125,802.2173461914062,1305.25439453125,824.7341918945312,1300.8577270507812,813.4757690429688,8.7933349609375,22.516845703125
IMG_0030.mp4,1976,65.9325992659326,29.97,450,0,auth_label,0.8888387680053711,931.44775390625,749.048828125,1011.6937866210938,850.3783569335938,971.5707702636719,799.7135925292969,80.24603271484375,101.32952880859375
IMG_0030.mp4,1976,65.9325992659326,29.97,421,1,traffic_lights,0.4130134880542755,1131.7926025390625,756.7066040039062,1140.7220458984375,773.4321899414062,1136.25732421875,765.0693969726562,8.929443359375,16.7255859375
IMG_0030.mp4,1976,65.9325992659326,29.97,452,2,traffic_signs,0.4043761193752289,1236.4945068359375,805.6000366210938,1249.9793701171875,825.3120727539062,1243.2369384765625,815.4560546875,13.48486328125,19.7120361328125
IMG_0030.mp4,1976,65.9325992659326,29.97,453,2,traffic_signs,0.32627835869789124,1297.073486328125,801.553955078125,1306.23828125,823.952392578125,1301.6558837890625,812.753173828125,9.164794921875,22.3984375
IMG_0030.mp4,1976,65.9325992659326,29.97,454,2,traffic_signs,0.6824371218681335,101.99929809570312,640.8906860351562,139.33184814453125,685.565673828125,120.66557312011719,663.2281799316406,37.332550048828125,44.67498779296875
IMG_0030.mp4,1977,65.96596596596596,29.97,450,0,auth_label,0.8874695301055908,931.5319213867188,748.0740356445312,1012.0630493164062,851.0101928710938,971.7974853515625,799.5421142578125,80.5311279296875,102.9361572265625
IMG_0030.mp4,1977,65.96596596596596,29.97,421,1,traffic_lights,0.3386939465999603,1132.1187744140625,756.7039794921875,1141.0545654296875,773.599853515625,1136.586669921875,765.1519165039062,8.935791015625,16.8958740234375
IMG_0030.mp4,1977,65.96596596596596,29.97,452,2,traffic_signs,0.3776959776878357,1236.734619140625,805.4834594726562,1250.3763427734375,825.097900390625,1243.5554809570312,815.2906799316406,13.6417236328125,19.61444091796875
IMG_0030.mp4,1977,65.96596596596596,29.97,453,2,traffic_signs,0.42290154099464417,1297.9071044921875,800.900146484375,1307.5345458984375,823.55810546875,1302.7208251953125,812.2291259765625,9.62744140625,22.657958984375
IMG_0030.mp4,1977,65.96596596596596,29.97,454,2,traffic_signs,0.8729369640350342,97.14581298828125,640.4048461914062,134.57899475097656,684.7473754882812,115.8624038696289,662.5761108398438,37.43318176269531,44.342529296875
IMG_0030.mp4,1978,65.99933266599933,29.97,450,0,auth_label,0.8984809517860413,931.5407104492188,748.2255859375,1012.4254760742188,850.8489379882812,971.9830932617188,799.5372619628906,80.884765625,102.62335205078125
IMG_0030.mp4,1978,65.99933266599933,29.97,421,1,traffic_lights,0.37914779782295227,1132.291748046875,756.738525390625,1141.357666015625,773.4651489257812,1136.82470703125,765.1018371582031,9.06591796875,16.72662353515625
IMG_0030.mp4,1978,65.99933266599933,29.97,452,2,traffic_signs,0.4279438853263855,1237.0718994140625,805.3964233398438,1250.9891357421875,824.9227905273438,1244.030517578125,815.1596069335938,13.917236328125,19.5263671875
IMG_0030.mp4,1978,65.99933266599933,29.97,453,2,traffic_signs,0.5455703735351562,1298.97998046875,800.585693359375,1309.041015625,823.8385009765625,1304.010498046875,812.2120971679688,10.06103515625,23.2528076171875
IMG_0030.mp4,1978,65.99933266599933,29.97,454,2,traffic_signs,0.8617961406707764,91.9476318359375,639.7957153320312,130.4143829345703,683.8624877929688,111.1810073852539,661.8291015625,38.46675109863281,44.0667724609375
IMG_0030.mp4,1979,66.0326993660327,29.97,450,0,auth_label,0.8983732461929321,931.7483520507812,747.965576171875,1012.8101806640625,851.3030395507812,972.2792663574219,799.6343078613281,81.06182861328125,103.33746337890625
IMG_0030.mp4,1979,66.0326993660327,29.97,421,1,traffic_lights,0.4321920871734619,1132.7989501953125,756.754638671875,1141.7962646484375,773.490478515625,1137.297607421875,765.12255859375,8.997314453125,16.73583984375
IMG_0030.mp4,1979,66.0326993660327,29.97,452,2,traffic_signs,0.3229690492153168,1237.6953125,805.6900024414062,1251.6292724609375,824.392822265625,1244.6622924804688,815.0414123535156,13.9339599609375,18.70281982421875
IMG_0030.mp4,1979,66.0326993660327,29.97,453,2,traffic_signs,0.5603303909301758,1300.4674072265625,800.2738037109375,1310.1129150390625,823.2952880859375,1305.2901611328125,811.7845458984375,9.6455078125,23.021484375
IMG_0030.mp4,1979,66.0326993660327,29.97,454,2,traffic_signs,0.7255481481552124,88.15753173828125,639.5663452148438,127.54470825195312,682.4097290039062,107.85111999511719,660.988037109375,39.387176513671875,42.8433837890625
IMG_0030.mp4,1980,66.06606606606607,29.97,450,0,auth_label,0.8909514546394348,932.0010986328125,747.771240234375,1013.3002319335938,851.2188720703125,972.6506652832031,799.4950561523438,81.29913330078125,103.4476318359375
IMG_0030.mp4,1980,66.06606606606607,29.97,421,1,traffic_lights,0.37214815616607666,1133.219482421875,756.663330078125,1142.1978759765625,773.5367431640625,1137.7086791992188,765.1000366210938,8.9783935546875,16.8734130859375
IMG_0030.mp4,1980,66.06606606606607,29.97,452,2,traffic_signs,0.3219333291053772,1238.373291015625,805.6625366210938,1252.4547119140625,824.2174072265625,1245.4140014648438,814.9399719238281,14.0814208984375,18.55487060546875
IMG_0030.mp4,1980,66.06606606606607,29.97,453,2,traffic_signs,0.5149524807929993,1301.0902099609375,800.01318359375,1310.920166015625,823.6236572265625,1306.0051879882812,811.8184204101562,9.8299560546875,23.6104736328125
IMG_0030.mp4,1980,66.06606606606607,29.97,454,2,traffic_signs,0.3093430995941162,82.75700378417969,639.5744018554688,121.88179016113281,681.0831298828125,102.31939697265625,660.3287658691406,39.124786376953125,41.50872802734375
IMG_0030.mp4,1981,66.09943276609944,29.97,450,0,auth_label,0.8759327530860901,932.3609619140625,747.4570922851562,1013.9033203125,851.7017822265625,973.1321411132812,799.5794372558594,81.5423583984375,104.24468994140625
IMG_0030.mp4,1981,66.09943276609944,29.97,421,1,traffic_lights,0.2735503315925598,1133.81884765625,756.7344970703125,1142.8370361328125,773.4615478515625,1138.3279418945312,765.0980224609375,9.0181884765625,16.72705078125
IMG_0030.mp4,1981,66.09943276609944,29.97,452,2,traffic_signs,0.4019642472267151,1239.053466796875,805.6270751953125,1252.9991455078125,824.366455078125,1246.0263061523438,814.9967651367188,13.9456787109375,18.7393798828125
IMG_0030.mp4,1981,66.09943276609944,29.97,453,2,traffic_signs,0.46161213517189026,1301.915771484375,800.0137329101562,1312.025634765625,824.3218994140625,1306.970703125,812.1678161621094,10.10986328125,24.30816650390625
IMG_0030.mp4,1981,66.09943276609944,29.97,455,2,traffic_signs,0.8459028005599976,654.0670776367188,615.4922485351562,692.8970947265625,680.02001953125,673.4820861816406,647.7561340332031,38.83001708984375,64.52777099609375
IMG_0030.mp4,1982,66.1327994661328,29.97,450,0,auth_label,0.8717785477638245,932.51171875,747.4275512695312,1014.3292236328125,852.2657470703125,973.4204711914062,799.8466491699219,81.8175048828125,104.83819580078125
IMG_0030.mp4,1982,66.1327994661328,29.97,421,1,traffic_lights,0.3129832446575165,1134.4437255859375,756.7757568359375,1143.4971923828125,773.3128662109375,1138.970458984375,765.0443115234375,9.053466796875,16.537109375
IMG_0030.mp4,1982,66.1327994661328,29.97,452,2,traffic_signs,0.34885165095329285,1239.7410888671875,805.7935791015625,1253.4197998046875,824.494140625,1246.5804443359375,815.1438598632812,13.6787109375,18.7005615234375
IMG_0030.mp4,1982,66.1327994661328,29.97,453,2,traffic_signs,0.3398713767528534,1302.562255859375,799.831787109375,1312.97021484375,824.9122924804688,1307.7662353515625,812.3720397949219,10.407958984375,25.08050537109375
IMG_0030.mp4,1982,66.1327994661328,29.97,455,2,traffic_signs,0.9110583662986755,651.6829223632812,615.1390991210938,690.1640014648438,678.406494140625,670.9234619140625,646.7727966308594,38.4810791015625,63.26739501953125
IMG_0030.mp4,1983,66.16616616616616,29.97,450,0,auth_label,0.876224160194397,932.7086181640625,747.021728515625,1014.5354614257812,852.5518188476562,973.6220397949219,799.7867736816406,81.82684326171875,105.53009033203125
IMG_0030.mp4,1983,66.16616616616616,29.97,453,2,traffic_signs,0.5864742994308472,1304.345947265625,800.6709594726562,1313.9364013671875,824.9163208007812,1309.1411743164062,812.7936401367188,9.5904541015625,24.245361328125
IMG_0030.mp4,1983,66.16616616616616,29.97,455,2,traffic_signs,0.623599648475647,649.0811157226562,613.510986328125,687.6163330078125,677.0423583984375,668.3487243652344,645.2766723632812,38.53521728515625,63.5313720703125
IMG_0030.mp4,1984,66.19953286619953,29.97,450,0,auth_label,0.8596947193145752,932.908935546875,747.1513671875,1014.9872436523438,852.3053588867188,973.9480895996094,799.7283630371094,82.07830810546875,105.15399169921875
IMG_0030.mp4,1984,66.19953286619953,29.97,453,2,traffic_signs,0.5429375767707825,1305.703857421875,801.0115356445312,1315.0966796875,825.08154296875,1310.4002685546875,813.0465393066406,9.392822265625,24.07000732421875
IMG_0030.mp4,1984,66.19953286619953,29.97,455,2,traffic_signs,0.8818818926811218,645.9658203125,612.3091430664062,684.7390747070312,675.6529541015625,665.3524475097656,643.9810485839844,38.77325439453125,63.34381103515625
IMG_0030.mp4,1985,66.2328995662329,29.97,450,0,auth_label,0.8459394574165344,933.4220581054688,747.64501953125,1015.5344848632812,852.0869140625,974.478271484375,799.865966796875,82.1124267578125,104.44189453125
IMG_0030.mp4,1985,66.2328995662329,29.97,453,2,traffic_signs,0.5880653262138367,1307.096923828125,801.3008422851562,1316.257568359375,824.3690185546875,1311.67724609375,812.8349304199219,9.16064453125,23.06817626953125
IMG_0030.mp4,1985,66.2328995662329,29.97,455,2,traffic_signs,0.9000937938690186,642.4570922851562,610.9114379882812,681.823486328125,674.2117919921875,662.1402893066406,642.5616149902344,39.36639404296875,63.30035400390625
IMG_0030.mp4,1985,66.2328995662329,29.97,421,1,traffic_lights,0.4448678493499756,1136.860107421875,756.1535034179688,1145.5885009765625,773.6185913085938,1141.2243041992188,764.8860473632812,8.7283935546875,17.465087890625
IMG_0030.mp4,1986,66.26626626626627,29.97,450,0,auth_label,0.8561670184135437,933.8319091796875,747.5772094726562,1015.829833984375,852.0526123046875,974.8308715820312,799.8149108886719,81.9979248046875,104.47540283203125
IMG_0030.mp4,1986,66.26626626626627,29.97,453,2,traffic_signs,0.6462814807891846,1308.28857421875,800.2711181640625,1317.6732177734375,823.628662109375,1312.9808959960938,811.9498901367188,9.3846435546875,23.3575439453125
IMG_0030.mp4,1986,66.26626626626627,29.97,455,2,traffic_signs,0.9251418113708496,638.667236328125,609.2728271484375,679.2103881835938,673.4278564453125,658.9388122558594,641.350341796875,40.54315185546875,64.155029296875
IMG_0030.mp4,1986,66.26626626626627,29.97,421,1,traffic_lights,0.4370354115962982,1137.531982421875,755.9923095703125,1146.4569091796875,773.7816162109375,1141.9944458007812,764.886962890625,8.9249267578125,17.789306640625
IMG_0030.mp4,1987,66.29963296629964,29.97,450,0,auth_label,0.8725249171257019,934.37158203125,747.8909912109375,1015.8699951171875,852.1406860351562,975.1207885742188,800.0158386230469,81.4984130859375,104.24969482421875
IMG_0030.mp4,1987,66.29963296629964,29.97,453,2,traffic_signs,0.6817799210548401,1309.3211669921875,800.615478515625,1318.995361328125,824.0803833007812,1314.1582641601562,812.3479309082031,9.6741943359375,23.46490478515625
IMG_0030.mp4,1987,66.29963296629964,29.97,455,2,traffic_signs,0.9244757890701294,634.631103515625,606.9761352539062,675.9833984375,672.748046875,655.3072509765625,639.8620910644531,41.352294921875,65.77191162109375
IMG_0030.mp4,1987,66.29963296629964,29.97,421,1,traffic_lights,0.4912802278995514,1138.2618408203125,756.222900390625,1147.1259765625,774.0635986328125,1142.6939086914062,765.1432495117188,8.8641357421875,17.8406982421875
IMG_0030.mp4,1987,66.29963296629964,29.97,452,2,traffic_signs,0.326221764087677,1246.08203125,805.9664916992188,1259.5423583984375,825.3580322265625,1252.8121948242188,815.6622619628906,13.4603271484375,19.39154052734375
IMG_0030.mp4,1988,66.33299966633301,29.97,450,0,auth_label,0.8700732588768005,934.4776000976562,747.9378662109375,1016.4273681640625,852.5851440429688,975.4524841308594,800.2615051269531,81.94976806640625,104.64727783203125
IMG_0030.mp4,1988,66.33299966633301,29.97,453,2,traffic_signs,0.4772031903266907,1310.3944091796875,800.5866088867188,1320.6231689453125,824.65869140625,1315.5087890625,812.6226501464844,10.228759765625,24.07208251953125
IMG_0030.mp4,1988,66.33299966633301,29.97,455,2,traffic_signs,0.9214640855789185,631.41796875,604.9955444335938,672.8296508789062,671.5272827148438,652.1238098144531,638.2614135742188,41.41168212890625,66.53173828125
IMG_0030.mp4,1988,66.33299966633301,29.97,421,1,traffic_lights,0.48171550035476685,1138.9915771484375,756.3916015625,1147.814453125,773.938720703125,1143.4030151367188,765.1651611328125,8.8228759765625,17.547119140625
IMG_0030.mp4,1988,66.33299966633301,29.97,457,2,traffic_signs,0.7008268237113953,712.3156127929688,776.733154296875,727.4327392578125,791.3693237304688,719.8741760253906,784.0512390136719,15.11712646484375,14.63616943359375
IMG_0030.mp4,1988,66.33299966633301,29.97,452,2,traffic_signs,0.3453749716281891,1247.377685546875,805.7764892578125,1260.83837890625,826.11376953125,1254.1080322265625,815.9451293945312,13.460693359375,20.3372802734375
IMG_0030.mp4,1989,66.36636636636636,29.97,450,0,auth_label,0.8788124322891235,934.811767578125,747.4253540039062,1017.110595703125,852.509521484375,975.961181640625,799.9674377441406,82.298828125,105.08416748046875
IMG_0030.mp4,1989,66.36636636636636,29.97,453,2,traffic_signs,0.584153950214386,1312.238525390625,800.24609375,1322.172119140625,824.4144897460938,1317.205322265625,812.3302917480469,9.93359375,24.16839599609375
IMG_0030.mp4,1989,66.36636636636636,29.97,455,2,traffic_signs,0.8964936137199402,627.4130249023438,603.4636840820312,669.7724609375,670.2064819335938,648.5927429199219,636.8350830078125,42.35943603515625,66.7427978515625
IMG_0030.mp4,1989,66.36636636636636,29.97,421,1,traffic_lights,0.3465094268321991,1139.5673828125,756.3369140625,1148.7218017578125,774.0870361328125,1144.1445922851562,765.2119750976562,9.1544189453125,17.7501220703125
IMG_0030.mp4,1989,66.36636636636636,29.97,457,2,traffic_signs,0.5012311935424805,711.8185424804688,776.6438598632812,727.7158813476562,791.5953369140625,719.7672119140625,784.1195983886719,15.8973388671875,14.95147705078125
IMG_0030.mp4,1989,66.36636636636636,29.97,452,2,traffic_signs,0.333944708108902,1248.616943359375,805.755615234375,1262.067138671875,825.9217529296875,1255.342041015625,815.8386840820312,13.4501953125,20.1661376953125
IMG_0030.mp4,1990,66.39973306639973,29.97,450,0,auth_label,0.9039604067802429,934.991943359375,746.5068359375,1017.9205322265625,853.0531616210938,976.4562377929688,799.7799987792969,82.9285888671875,106.54632568359375
IMG_0030.mp4,1990,66.39973306639973,29.97,453,2,traffic_signs,0.4932521879673004,1313.8341064453125,800.16845703125,1323.6820068359375,823.7460327148438,1318.758056640625,811.9572448730469,9.847900390625,23.57757568359375
IMG_0030.mp4,1990,66.39973306639973,29.97,455,2,traffic_signs,0.9203643202781677,624.8455200195312,601.5379028320312,666.930908203125,668.410888671875,645.8882141113281,634.9743957519531,42.08538818359375,66.87298583984375
IMG_0030.mp4,1990,66.39973306639973,29.97,421,1,traffic_lights,0.4885324239730835,1140.3370361328125,756.54736328125,1149.7655029296875,774.1642456054688,1145.05126953125,765.3558044433594,9.428466796875,17.61688232421875
IMG_0030.mp4,1990,66.39973306639973,29.97,452,2,traffic_signs,0.3251775801181793,1249.91455078125,806.4080200195312,1263.54736328125,825.8878784179688,1256.73095703125,816.14794921875,13.6328125,19.4798583984375
IMG_0030.mp4,1991,66.4330997664331,29.97,450,0,auth_label,0.9016438722610474,935.3167724609375,746.4536743164062,1018.6434326171875,853.4292602539062,976.9801025390625,799.9414672851562,83.32666015625,106.9755859375
IMG_0030.mp4,1991,66.4330997664331,29.97,453,2,traffic_signs,0.27644848823547363,1316.0733642578125,801.1097412109375,1325.797607421875,825.359375,1320.9354858398438,813.2345581054688,9.7242431640625,24.2496337890625
IMG_0030.mp4,1991,66.4330997664331,29.97,455,2,traffic_signs,0.9154799580574036,620.881103515625,599.128662109375,663.8697509765625,666.5408325195312,642.3754272460938,632.8347473144531,42.9886474609375,67.41217041015625
IMG_0030.mp4,1991,66.4330997664331,29.97,421,1,traffic_lights,0.5314316749572754,1141.6165771484375,756.7191162109375,1150.774169921875,774.3223266601562,1146.1953735351562,765.5207214355469,9.1575927734375,17.60321044921875
IMG_0030.mp4,1991,66.4330997664331,29.97,452,2,traffic_signs,0.2801511883735657,1251.2266845703125,806.5558471679688,1264.9615478515625,825.5465087890625,1258.0941162109375,816.0511779785156,13.73486328125,18.99066162109375
IMG_0030.mp4,1992,66.46646646646647,29.97,450,0,auth_label,0.9017282128334045,935.9464721679688,746.32861328125,1019.5352783203125,854.1923828125,977.7408752441406,800.260498046875,83.58880615234375,107.86376953125
IMG_0030.mp4,1992,66.46646646646647,29.97,453,2,traffic_signs,0.3665781319141388,1318.0421142578125,802.5845336914062,1327.4197998046875,827.189208984375,1322.73095703125,814.8868713378906,9.377685546875,24.60467529296875
IMG_0030.mp4,1992,66.46646646646647,29.97,455,2,traffic_signs,0.8247075080871582,617.6338500976562,597.8004150390625,660.936279296875,665.9920043945312,639.2850646972656,631.8962097167969,43.30242919921875,68.19158935546875
IMG_0030.mp4,1992,66.46646646646647,29.97,421,1,traffic_lights,0.43255534768104553,1142.673583984375,756.9209594726562,1151.79736328125,774.4295043945312,1147.2354736328125,765.6752319335938,9.123779296875,17.508544921875
IMG_0030.mp4,1993,66.49983316649984,29.97,450,0,auth_label,0.9090653657913208,936.0834350585938,745.7611694335938,1020.3314819335938,855.041259765625,978.2074584960938,800.4012145996094,84.248046875,109.28009033203125
IMG_0030.mp4,1993,66.49983316649984,29.97,453,2,traffic_signs,0.39709392189979553,1319.5965576171875,802.9935302734375,1328.8092041015625,827.4989013671875,1324.202880859375,815.2462158203125,9.212646484375,24.50537109375
IMG_0030.mp4,1993,66.49983316649984,29.97,455,2,traffic_signs,0.8951391577720642,612.9352416992188,595.802978515625,657.9043579101562,664.4234008789062,635.4197998046875,630.1131896972656,44.9691162109375,68.62042236328125
IMG_0030.mp4,1993,66.49983316649984,29.97,421,1,traffic_lights,0.3097130358219147,1143.7088623046875,757.0228881835938,1153.026123046875,774.4314575195312,1148.3674926757812,765.7271728515625,9.3172607421875,17.4085693359375
IMG_0030.mp4,1994,66.53319986653321,29.97,450,0,auth_label,0.9048694968223572,936.6129150390625,745.4304809570312,1020.9739990234375,855.3272094726562,978.79345703125,800.3788452148438,84.361083984375,109.896728515625
IMG_0030.mp4,1994,66.53319986653321,29.97,453,2,traffic_signs,0.557504415512085,1321.1107177734375,802.78857421875,1330.4632568359375,825.6923217773438,1325.7869873046875,814.2404479980469,9.3525390625,22.90374755859375
IMG_0030.mp4,1994,66.53319986653321,29.97,455,2,traffic_signs,0.9027237892150879,609.3118896484375,593.5667114257812,655.7814331054688,663.2537231445312,632.5466613769531,628.4102172851562,46.46954345703125,69.68701171875
IMG_0030.mp4,1994,66.53319986653321,29.97,421,1,traffic_lights,0.32185566425323486,1144.722900390625,757.2009887695312,1154.0994873046875,774.3048706054688,1149.4111938476562,765.7529296875,9.3765869140625,17.1038818359375
IMG_0030.mp4,1995,66.56656656656656,29.97,450,0,auth_label,0.8951489329338074,937.259033203125,745.301513671875,1021.5341186523438,854.8715209960938,979.3965759277344,800.0865173339844,84.27508544921875,109.57000732421875
IMG_0030.mp4,1995,66.56656656656656,29.97,453,2,traffic_signs,0.6188395619392395,1322.8935546875,801.990234375,1332.3843994140625,823.9722900390625,1327.6389770507812,812.9812622070312,9.4908447265625,21.9820556640625
IMG_0030.mp4,1995,66.56656656656656,29.97,455,2,traffic_signs,0.9062355160713196,605.5526123046875,591.09521484375,652.6195068359375,662.0652465820312,629.0860595703125,626.5802307128906,47.06689453125,70.97003173828125
IMG_0030.mp4,1995,66.56656656656656,29.97,421,1,traffic_lights,0.282195121049881,1145.73779296875,757.163330078125,1155.27197265625,773.9932861328125,1150.5048828125,765.5783081054688,9.5341796875,16.8299560546875
IMG_0030.mp4,1995,66.56656656656656,29.97,452,2,traffic_signs,0.3836619555950165,1258.6044921875,806.6940307617188,1271.298583984375,826.0535278320312,1264.9515380859375,816.373779296875,12.694091796875,19.3594970703125
IMG_0030.mp4,1996,66.59993326659993,29.97,450,0,auth_label,0.8744200468063354,937.6256713867188,746.1366577148438,1022.5820922851562,854.3168334960938,980.1038818359375,800.2267456054688,84.9564208984375,108.18017578125
IMG_0030.mp4,1996,66.59993326659993,29.97,453,2,traffic_signs,0.4982943534851074,1324.7669677734375,802.05126953125,1334.1334228515625,823.761474609375,1329.4501953125,812.9063720703125,9.366455078125,21.710205078125
IMG_0030.mp4,1996,66.59993326659993,29.97,455,2,traffic_signs,0.9209672212600708,601.4760131835938,587.9382934570312,649.2046508789062,660.6216430664062,625.34033203125,624.2799682617188,47.7286376953125,72.683349609375
IMG_0030.mp4,1996,66.59993326659993,29.97,452,2,traffic_signs,0.373026967048645,1259.73291015625,807.0206298828125,1272.45703125,826.6747436523438,1266.094970703125,816.8476867675781,12.72412109375,19.65411376953125
IMG_0030.mp4,1997,66.6332999666333,29.97,450,0,auth_label,0.8811652660369873,937.9166259765625,746.0722045898438,1023.1735229492188,855.3311767578125,980.5450744628906,800.7016906738281,85.25689697265625,109.25897216796875
IMG_0030.mp4,1997,66.6332999666333,29.97,453,2,traffic_signs,0.2736707627773285,1326.8564453125,802.4462280273438,1336.014892578125,823.8911743164062,1331.4356689453125,813.168701171875,9.158447265625,21.4449462890625
IMG_0030.mp4,1997,66.6332999666333,29.97,455,2,traffic_signs,0.6134935021400452,597.2824096679688,586.4533081054688,646.5481567382812,658.708251953125,621.915283203125,622.5807800292969,49.2657470703125,72.25494384765625
IMG_0030.mp4,1997,66.6332999666333,29.97,452,2,traffic_signs,0.45611074566841125,1261.136962890625,806.7649536132812,1273.8140869140625,826.723876953125,1267.4755249023438,816.7444152832031,12.6771240234375,19.95892333984375
IMG_0030.mp4,1997,66.6332999666333,29.97,421,1,traffic_lights,0.3798069357872009,1148.8583984375,756.6992797851562,1157.8641357421875,774.3011474609375,1153.3612670898438,765.5002136230469,9.0057373046875,17.60186767578125
IMG_0030.mp4,1998,66.66666666666667,29.97,450,0,auth_label,0.8814794421195984,938.6697387695312,746.4971923828125,1024.105712890625,855.1339111328125,981.3877258300781,800.8155517578125,85.43597412109375,108.63671875
IMG_0030.mp4,1998,66.66666666666667,29.97,453,2,traffic_signs,0.38299036026000977,1328.896484375,802.18896484375,1338.38134765625,824.5697631835938,1333.638916015625,813.3793640136719,9.48486328125,22.38079833984375
IMG_0030.mp4,1998,66.66666666666667,29.97,455,2,traffic_signs,0.7256075739860535,594.0887451171875,583.4942016601562,643.671142578125,656.9109497070312,618.8799438476562,620.2025756835938,49.5823974609375,73.416748046875
IMG_0030.mp4,1998,66.66666666666667,29.97,452,2,traffic_signs,0.613003134727478,1262.659423828125,807.4347534179688,1276.145263671875,827.1973266601562,1269.40234375,817.3160400390625,13.48583984375,19.7625732421875
IMG_0030.mp4,1998,66.66666666666667,29.97,421,1,traffic_lights,0.36440110206604004,1150.2027587890625,756.6668701171875,1159.391845703125,774.4857177734375,1154.7973022460938,765.5762939453125,9.1890869140625,17.81884765625
IMG_0030.mp4,1999,66.70003336670004,29.97,450,0,auth_label,0.8772897124290466,939.8256225585938,746.6747436523438,1024.71630859375,855.0255737304688,982.2709655761719,800.8501586914062,84.89068603515625,108.350830078125
IMG_0030.mp4,1999,66.70003336670004,29.97,453,2,traffic_signs,0.39017072319984436,1331.1395263671875,803.03759765625,1340.4930419921875,824.3683471679688,1335.8162841796875,813.7029724121094,9.353515625,21.33074951171875
IMG_0030.mp4,1999,66.70003336670004,29.97,455,2,traffic_signs,0.7468255162239075,590.319091796875,581.0247802734375,640.1409301757812,654.791748046875,615.2300109863281,617.9082641601562,49.82183837890625,73.7669677734375
IMG_0030.mp4,1999,66.70003336670004,29.97,452,2,traffic_signs,0.5539506673812866,1263.3511962890625,807.7545776367188,1277.8372802734375,827.7923583984375,1270.59423828125,817.7734680175781,14.486083984375,20.03778076171875
IMG_0030.mp4,1999,66.70003336670004,29.97,421,1,traffic_lights,0.33243781328201294,1151.157470703125,756.6359252929688,1160.36669921875,774.2474975585938,1155.7620849609375,765.4417114257812,9.209228515625,17.611572265625
IMG_0030.mp4,2000,66.73340006673341,29.97,450,0,auth_label,0.8927117586135864,940.8449096679688,747.2785034179688,1025.697998046875,854.122802734375,983.2714538574219,800.7006530761719,84.85308837890625,106.84429931640625
IMG_0030.mp4,2000,66.73340006673341,29.97,453,2,traffic_signs,0.3350045680999756,1333.4588623046875,802.9265747070312,1342.5540771484375,823.6764526367188,1338.0064697265625,813.301513671875,9.09521484375,20.7498779296875
IMG_0030.mp4,2000,66.73340006673341,29.97,455,2,traffic_signs,0.8208926320075989,585.650146484375,578.5760498046875,636.2940673828125,652.2239379882812,610.9721069335938,615.3999938964844,50.6439208984375,73.64788818359375
IMG_0030.mp4,2000,66.73340006673341,29.97,452,2,traffic_signs,0.5288518667221069,1265.970947265625,807.23046875,1279.7283935546875,828.5198974609375,1272.8496704101562,817.8751831054688,13.7574462890625,21.2894287109375
IMG_0030.mp4,2000,66.73340006673341,29.97,421,1,traffic_lights,0.45416975021362305,1152.3927001953125,756.79443359375,1161.580078125,774.2750854492188,1156.9863891601562,765.5347595214844,9.1873779296875,17.48065185546875
IMG_0030.mp4,2001,66.76676676676676,29.97,450,0,auth_label,0.8621468544006348,942.1577758789062,748.4224853515625,1026.70849609375,854.0579833984375,984.4331359863281,801.240234375,84.55072021484375,105.635498046875
IMG_0030.mp4,2001,66.76676676676676,29.97,453,2,traffic_signs,0.38229984045028687,1335.994873046875,802.0205688476562,1344.9693603515625,822.4011840820312,1340.4821166992188,812.2108764648438,8.9744873046875,20.380615234375
IMG_0030.mp4,2001,66.76676676676676,29.97,455,2,traffic_signs,0.8766075372695923,581.4154052734375,576.2138671875,632.8338012695312,649.3668823242188,607.1246032714844,612.7903747558594,51.41839599609375,73.15301513671875
IMG_0030.mp4,2001,66.76676676676676,29.97,452,2,traffic_signs,0.6656011939048767,1269.391845703125,807.0482177734375,1282.133056640625,828.464599609375,1275.762451171875,817.7564086914062,12.7412109375,21.4163818359375
IMG_0030.mp4,2001,66.76676676676676,29.97,421,1,traffic_lights,0.4022237956523895,1153.883544921875,756.9185791015625,1163.2091064453125,774.5855102539062,1158.5463256835938,765.7520446777344,9.3255615234375,17.66693115234375
IMG_0030.mp4,2001,66.76676676676676,29.97,459,2,traffic_signs,0.46646130084991455,843.5814208984375,794.5836181640625,852.9323120117188,805.9732055664062,848.2568664550781,800.2784118652344,9.35089111328125,11.38958740234375
IMG_0030.mp4,2002,66.80013346680013,29.97,450,0,auth_label,0.8876231908798218,943.0477905273438,748.9464721679688,1028.7025146484375,853.9228515625,985.8751525878906,801.4346618652344,85.65472412109375,104.97637939453125
IMG_0030.mp4,2002,66.80013346680013,29.97,455,2,traffic_signs,0.8875696659088135,577.564697265625,574.0202026367188,629.7523193359375,647.1571655273438,603.6585083007812,610.5886840820312,52.1876220703125,73.136962890625
IMG_0030.mp4,2002,66.80013346680013,29.97,452,2,traffic_signs,0.5947305560112,1271.003662109375,806.6505126953125,1283.8311767578125,828.0562744140625,1277.4174194335938,817.3533935546875,12.8275146484375,21.40576171875
IMG_0030.mp4,2002,66.80013346680013,29.97,421,1,traffic_lights,0.2947608232498169,1155.29150390625,757.0912475585938,1164.8382568359375,774.8955688476562,1160.0648803710938,765.993408203125,9.5467529296875,17.8043212890625
IMG_0030.mp4,2002,66.80013346680013,29.97,459,2,traffic_signs,0.41720667481422424,843.623779296875,795.1300048828125,853.80615234375,806.1685180664062,848.7149658203125,800.6492614746094,10.182373046875,11.03851318359375
IMG_0030.mp4,2003,66.8335001668335,29.97,450,0,auth_label,0.872903048992157,944.3142700195312,750.1868286132812,1030.293701171875,854.0819702148438,987.3039855957031,802.1343994140625,85.97943115234375,103.8951416015625
IMG_0030.mp4,2003,66.8335001668335,29.97,455,2,traffic_signs,0.7685514092445374,572.9375,571.2406616210938,625.9976196289062,644.9301147460938,599.4675598144531,608.0853881835938,53.06011962890625,73.689453125
IMG_0030.mp4,2003,66.8335001668335,29.97,452,2,traffic_signs,0.602240264415741,1271.5400390625,806.3270874023438,1285.1710205078125,828.0103149414062,1278.3555297851562,817.168701171875,13.6309814453125,21.6832275390625
IMG_0030.mp4,2003,66.8335001668335,29.97,421,1,traffic_lights,0.4731013774871826,1156.5487060546875,756.8604736328125,1165.9462890625,774.4474487304688,1161.2474975585938,765.6539611816406,9.3975830078125,17.58697509765625
IMG_0030.mp4,2003,66.8335001668335,29.97,459,2,traffic_signs,0.3551388680934906,843.8399047851562,795.3090209960938,854.8746948242188,806.034423828125,849.3572998046875,800.6717224121094,11.0347900390625,10.72540283203125
IMG_0030.mp4,2004,66.86686686686687,29.97,450,0,auth_label,0.8871725797653198,945.7340698242188,750.1796264648438,1031.8560791015625,856.6195068359375,988.7950744628906,803.3995666503906,86.12200927734375,106.43988037109375
IMG_0030.mp4,2004,66.86686686686687,29.97,455,2,traffic_signs,0.8167185187339783,569.3248291015625,567.9351806640625,623.2030029296875,643.4403686523438,596.263916015625,605.6877746582031,53.878173828125,75.50518798828125
IMG_0030.mp4,2004,66.86686686686687,29.97,452,2,traffic_signs,0.6308468580245972,1273.272705078125,806.8611450195312,1287.0157470703125,827.8094482421875,1280.1442260742188,817.3352966308594,13.7430419921875,20.94830322265625
IMG_0030.mp4,2004,66.86686686686687,29.97,421,1,traffic_lights,0.40518897771835327,1157.92626953125,756.8057250976562,1167.4140625,774.2326049804688,1162.670166015625,765.5191650390625,9.48779296875,17.4268798828125
IMG_0030.mp4,2004,66.86686686686687,29.97,459,2,traffic_signs,0.3329673111438751,844.235107421875,795.4183349609375,855.4757080078125,805.958740234375,849.8554077148438,800.6885375976562,11.2406005859375,10.5404052734375
IMG_0030.mp4,2004,66.86686686686687,29.97,453,2,traffic_signs,0.579860270023346,1343.243896484375,802.684814453125,1351.9644775390625,823.57568359375,1347.6041870117188,813.1302490234375,8.7205810546875,20.890869140625
IMG_0030.mp4,2005,66.90023356690024,29.97,450,0,auth_label,0.8740582466125488,947.1678466796875,750.1134033203125,1033.43798828125,858.1026611328125,990.3029174804688,804.1080322265625,86.2701416015625,107.9892578125
IMG_0030.mp4,2005,66.90023356690024,29.97,455,2,traffic_signs,0.5517081618309021,564.135009765625,564.3873901367188,619.9782104492188,640.5697631835938,592.0566101074219,602.4785766601562,55.84320068359375,76.182373046875
IMG_0030.mp4,2005,66.90023356690024,29.97,452,2,traffic_signs,0.5884265899658203,1274.763916015625,807.166748046875,1289.1700439453125,827.9984130859375,1281.9669799804688,817.5825805664062,14.4061279296875,20.8316650390625
IMG_0030.mp4,2005,66.90023356690024,29.97,459,2,traffic_signs,0.45829305052757263,844.893310546875,795.222900390625,856.18701171875,805.688232421875,850.5401611328125,800.45556640625,11.293701171875,10.46533203125
IMG_0030.mp4,2005,66.90023356690024,29.97,453,2,traffic_signs,0.48756593465805054,1345.3543701171875,802.9506225585938,1354.2152099609375,824.3143920898438,1349.7847900390625,813.6325073242188,8.86083984375,21.36376953125
IMG_0030.mp4,2006,66.93360026693361,29.97,450,0,auth_label,0.663058340549469,948.3785400390625,750.143310546875,1034.7308349609375,858.9388427734375,991.5546875,804.5410766601562,86.352294921875,108.7955322265625
IMG_0030.mp4,2006,66.93360026693361,29.97,455,2,traffic_signs,0.7425956726074219,560.0001220703125,560.7339477539062,616.4180297851562,638.263427734375,588.2090759277344,599.4986877441406,56.41790771484375,77.52947998046875
IMG_0030.mp4,2006,66.93360026693361,29.97,452,2,traffic_signs,0.4112761914730072,1276.8897705078125,806.4988403320312,1291.1279296875,827.6656494140625,1284.0088500976562,817.0822448730469,14.2381591796875,21.16680908203125
IMG_0030.mp4,2006,66.93360026693361,29.97,453,2,traffic_signs,0.5560938119888306,1347.4466552734375,802.6520385742188,1356.7767333984375,823.4688720703125,1352.1116943359375,813.0604553222656,9.330078125,20.81683349609375
IMG_0030.mp4,2006,66.93360026693361,29.97,421,1,traffic_lights,0.40692779421806335,1161.34521484375,756.4109497070312,1170.5279541015625,774.1846923828125,1165.9365844726562,765.2978210449219,9.1827392578125,17.77374267578125
IMG_0030.mp4,2007,66.96696696696696,29.97,450,0,auth_label,0.8990186452865601,949.9094848632812,750.7431030273438,1035.1507568359375,859.3871459960938,992.5301208496094,805.0651245117188,85.24127197265625,108.64404296875
IMG_0030.mp4,2007,66.96696696696696,29.97,455,2,traffic_signs,0.9129286408424377,554.82763671875,558.1978759765625,612.2882080078125,636.637451171875,583.5579223632812,597.4176635742188,57.4605712890625,78.4395751953125
IMG_0030.mp4,2007,66.96696696696696,29.97,452,2,traffic_signs,0.3357706069946289,1280.7388916015625,806.6242065429688,1293.5250244140625,827.268310546875,1287.1319580078125,816.9462585449219,12.7861328125,20.64410400390625
IMG_0030.mp4,2007,66.96696696696696,29.97,453,2,traffic_signs,0.49163520336151123,1349.966796875,802.7191162109375,1359.1427001953125,822.9094848632812,1354.5547485351562,812.8143005371094,9.1759033203125,20.19036865234375
IMG_0030.mp4,2007,66.96696696696696,29.97,421,1,traffic_lights,0.4432101845741272,1162.8548583984375,756.2612915039062,1171.872802734375,774.5540161132812,1167.3638305664062,765.4076538085938,9.0179443359375,18.292724609375
IMG_0030.mp4,2008,67.00033366700033,29.97,450,0,auth_label,0.8905007839202881,950.6477661132812,750.2880249023438,1035.574462890625,859.4170532226562,993.1111145019531,804.8525390625,84.92669677734375,109.1290283203125
IMG_0030.mp4,2008,67.00033366700033,29.97,455,2,traffic_signs,0.9051236510276794,549.2473754882812,555.3645629882812,608.6699829101562,634.0308227539062,578.9586791992188,594.6976928710938,59.422607421875,78.666259765625
IMG_0030.mp4,2008,67.00033366700033,29.97,452,2,traffic_signs,0.6081362366676331,1282.6234130859375,806.506103515625,1295.5574951171875,827.4066162109375,1289.0904541015625,816.9563598632812,12.93408203125,20.9005126953125
IMG_0030.mp4,2008,67.00033366700033,29.97,453,2,traffic_signs,0.49980902671813965,1352.3685302734375,802.3295288085938,1361.882568359375,824.280029296875,1357.1255493164062,813.3047790527344,9.5140380859375,21.95050048828125
IMG_0030.mp4,2008,67.00033366700033,29.97,421,1,traffic_lights,0.5399970412254333,1164.307861328125,756.3443603515625,1173.3836669921875,774.6407470703125,1168.8457641601562,765.4925537109375,9.0758056640625,18.29638671875
IMG_0030.mp4,2009,67.0337003670337,29.97,450,0,auth_label,0.8652375936508179,951.80029296875,750.3991088867188,1035.8751220703125,858.9097900390625,993.8377075195312,804.6544494628906,84.0748291015625,108.51068115234375
IMG_0030.mp4,2009,67.0337003670337,29.97,455,2,traffic_signs,0.8801459074020386,543.8890991210938,552.177978515625,604.5665283203125,631.5357055664062,574.2278137207031,591.8568420410156,60.67742919921875,79.35772705078125
IMG_0030.mp4,2009,67.0337003670337,29.97,452,2,traffic_signs,0.587692379951477,1284.37158203125,806.728515625,1297.7808837890625,827.8289184570312,1291.0762329101562,817.2787170410156,13.4093017578125,21.10040283203125
IMG_0030.mp4,2009,67.0337003670337,29.97,453,2,traffic_signs,0.6193539500236511,1354.750244140625,802.8572387695312,1364.7618408203125,825.4149169921875,1359.7560424804688,814.1360778808594,10.0115966796875,22.55767822265625
IMG_0030.mp4,2009,67.0337003670337,29.97,421,1,traffic_lights,0.6251675486564636,1166.2242431640625,756.585693359375,1174.9329833984375,774.6893310546875,1170.57861328125,765.6375122070312,8.708740234375,18.1036376953125
IMG_0030.mp4,2010,67.06706706706707,29.97,450,0,auth_label,0.8672817945480347,952.8770751953125,749.9459228515625,1037.8853759765625,859.0460205078125,995.3812255859375,804.4959716796875,85.00830078125,109.10009765625
IMG_0030.mp4,2010,67.06706706706707,29.97,455,2,traffic_signs,0.8935810327529907,538.90625,548.7936401367188,599.6771240234375,629.1713256835938,569.2916870117188,588.9824829101562,60.7708740234375,80.377685546875
IMG_0030.mp4,2010,67.06706706706707,29.97,452,2,traffic_signs,0.4591480791568756,1285.7535400390625,806.9450073242188,1299.9735107421875,827.880126953125,1292.863525390625,817.4125671386719,14.219970703125,20.93511962890625
IMG_0030.mp4,2010,67.06706706706707,29.97,453,2,traffic_signs,0.6729364991188049,1357.3043212890625,802.9633178710938,1367.3460693359375,825.6563720703125,1362.3251953125,814.3098449707031,10.041748046875,22.69305419921875
IMG_0030.mp4,2010,67.06706706706707,29.97,421,1,traffic_lights,0.44978460669517517,1167.9150390625,756.73193359375,1176.8829345703125,774.5169677734375,1172.3989868164062,765.6244506835938,8.9678955078125,17.7850341796875
IMG_0030.mp4,2011,67.10043376710044,29.97,450,0,auth_label,0.8592103123664856,954.916015625,750.1596069335938,1039.7159423828125,858.4397583007812,997.3159790039062,804.2996826171875,84.7999267578125,108.2801513671875
IMG_0030.mp4,2011,67.10043376710044,29.97,455,2,traffic_signs,0.8708040714263916,533.2074584960938,545.8651733398438,595.6368408203125,626.4291381835938,564.4221496582031,586.1471557617188,62.42938232421875,80.56396484375
IMG_0030.mp4,2011,67.10043376710044,29.97,453,2,traffic_signs,0.6889545917510986,1359.4693603515625,803.1447143554688,1369.6092529296875,824.927001953125,1364.539306640625,814.0358581542969,10.139892578125,21.78228759765625
IMG_0030.mp4,2011,67.10043376710044,29.97,421,1,traffic_lights,0.36634573340415955,1169.3326416015625,756.8701782226562,1178.44189453125,774.2445678710938,1173.8872680664062,765.557373046875,9.1092529296875,17.3743896484375
IMG_0030.mp4,2012,67.13380046713381,29.97,450,0,auth_label,0.8831523060798645,956.3429565429688,749.8348999023438,1042.094970703125,858.11328125,999.2189636230469,803.9740905761719,85.75201416015625,108.27838134765625
IMG_0030.mp4,2012,67.13380046713381,29.97,455,2,traffic_signs,0.8974806666374207,526.7098999023438,541.49072265625,591.01123046875,623.868896484375,558.8605651855469,582.6798095703125,64.30133056640625,82.378173828125
IMG_0030.mp4,2012,67.13380046713381,29.97,453,2,traffic_signs,0.5900845527648926,1361.9979248046875,802.119384765625,1372.3316650390625,824.1358642578125,1367.164794921875,813.1276245117188,10.333740234375,22.0164794921875
IMG_0030.mp4,2012,67.13380046713381,29.97,421,1,traffic_lights,0.3373280167579651,1171.4783935546875,756.8585205078125,1180.231689453125,773.9432373046875,1175.8550415039062,765.40087890625,8.7532958984375,17.084716796875
IMG_0030.mp4,2013,67.16716716716716,29.97,450,0,auth_label,0.890209436416626,957.4635620117188,749.9697265625,1043.755615234375,857.697998046875,1000.6095886230469,803.8338623046875,86.29205322265625,107.728271484375
IMG_0030.mp4,2013,67.16716716716716,29.97,455,2,traffic_signs,0.8261410593986511,520.468505859375,538.0394897460938,586.5638427734375,621.0695190429688,553.5161743164062,579.5545043945312,66.0953369140625,83.030029296875
IMG_0030.mp4,2013,67.16716716716716,29.97,453,2,traffic_signs,0.6254510879516602,1365.007080078125,802.7957763671875,1375.613037109375,825.3336791992188,1370.31005859375,814.0647277832031,10.60595703125,22.53790283203125
IMG_0030.mp4,2013,67.16716716716716,29.97,421,1,traffic_lights,0.3723556399345398,1173.468017578125,756.753173828125,1182.34619140625,774.0567016601562,1177.9071044921875,765.4049377441406,8.878173828125,17.30352783203125
IMG_0030.mp4,2013,67.16716716716716,29.97,452,2,traffic_signs,0.5018801689147949,1295.147216796875,806.6444702148438,1307.822021484375,828.2894897460938,1301.484619140625,817.4669799804688,12.6748046875,21.64501953125
IMG_0030.mp4,2014,67.20053386720053,29.97,450,0,auth_label,0.8980308771133423,958.1099853515625,750.1549682617188,1045.0032958984375,857.3031005859375,1001.556640625,803.7290344238281,86.893310546875,107.14813232421875
IMG_0030.mp4,2014,67.20053386720053,29.97,455,2,traffic_signs,0.8836565017700195,515.2030639648438,534.4811401367188,583.1508178710938,618.2489624023438,549.1769409179688,576.3650512695312,67.94775390625,83.767822265625
IMG_0030.mp4,2014,67.20053386720053,29.97,453,2,traffic_signs,0.3377131521701813,1367.6839599609375,803.7445068359375,1378.218505859375,825.11669921875,1372.9512329101562,814.4306030273438,10.5345458984375,21.3721923828125
IMG_0030.mp4,2014,67.20053386720053,29.97,421,1,traffic_lights,0.46982669830322266,1175.2052001953125,756.6679077148438,1184.1123046875,774.19921875,1179.6587524414062,765.4335632324219,8.9071044921875,17.53131103515625
IMG_0030.mp4,2014,67.20053386720053,29.97,452,2,traffic_signs,0.5984171628952026,1296.852294921875,807.0345458984375,1309.7537841796875,828.5128173828125,1303.3030395507812,817.773681640625,12.9014892578125,21.478271484375
IMG_0030.mp4,2015,67.2339005672339,29.97,450,0,auth_label,0.8894001841545105,959.0869140625,751.1558837890625,1046.41552734375,856.6810302734375,1002.751220703125,803.91845703125,87.32861328125,105.525146484375
IMG_0030.mp4,2015,67.2339005672339,29.97,455,2,traffic_signs,0.8435254693031311,509.2195739746094,530.6417236328125,578.4177856445312,615.147705078125,543.8186798095703,572.8947143554688,69.19821166992188,84.5059814453125
IMG_0030.mp4,2015,67.2339005672339,29.97,453,2,traffic_signs,0.6297056674957275,1370.0374755859375,803.3159790039062,1380.783935546875,824.561279296875,1375.4107055664062,813.9386291503906,10.7464599609375,21.24530029296875
IMG_0030.mp4,2015,67.2339005672339,29.97,421,1,traffic_lights,0.5700553059577942,1177.005859375,756.881103515625,1185.922119140625,774.7310791015625,1181.4639892578125,765.8060913085938,8.916259765625,17.8499755859375
IMG_0030.mp4,2015,67.2339005672339,29.97,452,2,traffic_signs,0.5317244529724121,1297.401123046875,807.3339233398438,1311.424072265625,828.3783569335938,1304.41259765625,817.8561401367188,14.02294921875,21.04443359375
IMG_0030.mp4,2016,67.26726726726727,29.97,450,0,auth_label,0.8963189721107483,960.1333618164062,751.6239013671875,1047.392578125,856.9993896484375,1003.7629699707031,804.3116455078125,87.25921630859375,105.37548828125
IMG_0030.mp4,2016,67.26726726726727,29.97,455,2,traffic_signs,0.7609644532203674,503.78887939453125,527.2536010742188,573.7155151367188,612.845703125,538.752197265625,570.0496520996094,69.9266357421875,85.59210205078125
IMG_0030.mp4,2016,67.26726726726727,29.97,453,2,traffic_signs,0.2846435606479645,1372.3580322265625,803.2653198242188,1383.4168701171875,824.8486328125,1377.887451171875,814.0569763183594,11.058837890625,21.58331298828125
IMG_0030.mp4,2016,67.26726726726727,29.97,421,1,traffic_lights,0.5738701224327087,1178.647705078125,757.0114135742188,1187.5966796875,774.8775024414062,1183.1221923828125,765.9444580078125,8.948974609375,17.8660888671875
IMG_0030.mp4,2016,67.26726726726727,29.97,452,2,traffic_signs,0.28442874550819397,1300.1812744140625,807.314697265625,1314.0135498046875,828.4866943359375,1307.097412109375,817.9006958007812,13.832275390625,21.1719970703125
IMG_0030.mp4,2017,67.30063396730064,29.97,450,0,auth_label,0.8933791518211365,961.1199340820312,751.2276000976562,1048.7489013671875,858.1100463867188,1004.9344177246094,804.6688232421875,87.62896728515625,106.8824462890625
IMG_0030.mp4,2017,67.30063396730064,29.97,455,2,traffic_signs,0.8516031503677368,497.19256591796875,522.2030639648438,568.3563842773438,608.8470458984375,532.7744750976562,565.5250549316406,71.163818359375,86.64398193359375
IMG_0030.mp4,2017,67.30063396730064,29.97,453,2,traffic_signs,0.3682006597518921,1375.8017578125,803.6889038085938,1386.512939453125,824.2654418945312,1381.1573486328125,813.9771728515625,10.711181640625,20.5765380859375
IMG_0030.mp4,2017,67.30063396730064,29.97,421,1,traffic_lights,0.5780243873596191,1180.22998046875,756.9509887695312,1189.33935546875,774.7973022460938,1184.78466796875,765.8741455078125,9.109375,17.8463134765625
IMG_0030.mp4,2017,67.30063396730064,29.97,452,2,traffic_signs,0.3687009811401367,1303.4761962890625,807.3634643554688,1316.833984375,828.3291625976562,1310.1550903320312,817.8463134765625,13.3577880859375,20.9656982421875
IMG_0030.mp4,2018,67.33400066733401,29.97,450,0,auth_label,0.8776238560676575,963.0066528320312,750.697265625,1049.937255859375,857.5328369140625,1006.4719543457031,804.1150512695312,86.93060302734375,106.8355712890625
IMG_0030.mp4,2018,67.33400066733401,29.97,455,2,traffic_signs,0.8589439988136292,490.4690246582031,517.4182739257812,562.1812133789062,606.22900390625,526.3251190185547,561.8236389160156,71.71218872070312,88.81072998046875
IMG_0030.mp4,2018,67.33400066733401,29.97,453,2,traffic_signs,0.4769241213798523,1378.751953125,804.9622802734375,1389.223876953125,826.427734375,1383.9879150390625,815.6950073242188,10.471923828125,21.4654541015625
IMG_0030.mp4,2018,67.33400066733401,29.97,421,1,traffic_lights,0.6016404032707214,1181.794921875,756.865234375,1191.0509033203125,774.8298950195312,1186.4229125976562,765.8475646972656,9.2559814453125,17.96466064453125
IMG_0030.mp4,2018,67.33400066733401,29.97,452,2,traffic_signs,0.5527424812316895,1306.5904541015625,807.1211547851562,1319.5262451171875,827.9877319335938,1313.058349609375,817.554443359375,12.935791015625,20.8665771484375
IMG_0030.mp4,2019,67.36736736736736,29.97,450,0,auth_label,0.8655632734298706,964.447998046875,750.5090942382812,1052.0211181640625,857.314208984375,1008.2345581054688,803.9116516113281,87.5731201171875,106.80511474609375
IMG_0030.mp4,2019,67.36736736736736,29.97,455,2,traffic_signs,0.6652238965034485,482.574951171875,513.1712036132812,557.2055053710938,601.988525390625,519.8902282714844,557.5798645019531,74.63055419921875,88.81732177734375
IMG_0030.mp4,2019,67.36736736736736,29.97,453,2,traffic_signs,0.26652541756629944,1381.1243896484375,804.66845703125,1392.1104736328125,825.6358032226562,1386.617431640625,815.1521301269531,10.986083984375,20.96734619140625
IMG_0030.mp4,2019,67.36736736736736,29.97,421,1,traffic_lights,0.29168465733528137,1183.70068359375,756.39794921875,1192.9920654296875,774.730224609375,1188.3463745117188,765.5640869140625,9.2913818359375,18.332275390625
IMG_0030.mp4,2019,67.36736736736736,29.97,452,2,traffic_signs,0.7044874429702759,1309.0751953125,807.2383422851562,1322.347900390625,828.3556518554688,1315.7115478515625,817.7969970703125,13.272705078125,21.1173095703125
IMG_0030.mp4,2020,67.40073406740073,29.97,450,0,auth_label,0.8602033257484436,965.44677734375,750.3341674804688,1054.84130859375,857.0403442382812,1010.14404296875,803.687255859375,89.39453125,106.7061767578125
IMG_0030.mp4,2020,67.40073406740073,29.97,455,2,traffic_signs,0.8218373656272888,475.2113037109375,508.6474914550781,551.6865234375,599.271728515625,513.4489135742188,553.9596099853516,76.4752197265625,90.62423706054688
IMG_0030.mp4,2020,67.40073406740073,29.97,421,1,traffic_lights,0.5936087965965271,1185.514404296875,756.0880126953125,1194.6798095703125,774.4591064453125,1190.0971069335938,765.2735595703125,9.1654052734375,18.37109375
IMG_0030.mp4,2020,67.40073406740073,29.97,452,2,traffic_signs,0.6100921034812927,1309.134521484375,807.4931640625,1324.1063232421875,828.35595703125,1316.6204223632812,817.924560546875,14.9718017578125,20.86279296875
IMG_0030.mp4,2020,67.40073406740073,29.97,471,2,traffic_signs,0.579903244972229,860.66650390625,794.53076171875,872.0067138671875,804.8775634765625,866.3366088867188,799.7041625976562,11.3402099609375,10.3468017578125
IMG_0030.mp4,2020,67.40073406740073,29.97,472,2,traffic_signs,0.4228247404098511,1380.733154296875,790.1954345703125,1394.7132568359375,814.9991455078125,1387.7232055664062,802.5972900390625,13.9801025390625,24.8037109375
IMG_0030.mp4,2021,67.4341007674341,29.97,450,0,auth_label,0.8639382719993591,966.8574829101562,750.1051025390625,1056.628662109375,858.1192016601562,1011.7430725097656,804.1121520996094,89.77117919921875,108.01409912109375
IMG_0030.mp4,2021,67.4341007674341,29.97,455,2,traffic_signs,0.8112356066703796,467.5489501953125,503.1575012207031,546.1622314453125,596.0110473632812,506.8555908203125,549.5842742919922,78.61328125,92.85354614257812
IMG_0030.mp4,2021,67.4341007674341,29.97,421,1,traffic_lights,0.6156612038612366,1187.169677734375,756.1416625976562,1196.0413818359375,774.56005859375,1191.6055297851562,765.3508605957031,8.8717041015625,18.41839599609375
IMG_0030.mp4,2021,67.4341007674341,29.97,452,2,traffic_signs,0.6339138746261597,1312.614013671875,807.02880859375,1327.17919921875,828.4741821289062,1319.8966064453125,817.7514953613281,14.565185546875,21.44537353515625
IMG_0030.mp4,2021,67.4341007674341,29.97,471,2,traffic_signs,0.6128707528114319,861.698486328125,794.50439453125,872.6493530273438,804.8178100585938,867.1739196777344,799.6611022949219,10.95086669921875,10.31341552734375
IMG_0030.mp4,2021,67.4341007674341,29.97,453,2,traffic_signs,0.27249401807785034,1387.87939453125,805.3906860351562,1397.7366943359375,825.7462768554688,1392.8080444335938,815.5684814453125,9.8572998046875,20.3555908203125
IMG_0030.mp4,2022,67.46746746746747,29.97,450,0,auth_label,0.7223977446556091,968.3819580078125,750.185791015625,1057.8953857421875,858.623779296875,1013.138671875,804.40478515625,89.513427734375,108.43798828125
IMG_0030.mp4,2022,67.46746746746747,29.97,455,2,traffic_signs,0.7727271914482117,459.3977355957031,498.1154479980469,540.1353759765625,593.6502685546875,499.7665557861328,545.8828582763672,80.73764038085938,95.53482055664062
IMG_0030.mp4,2022,67.46746746746747,29.97,421,1,traffic_lights,0.6440574526786804,1188.792236328125,755.84619140625,1197.9422607421875,774.599609375,1193.3672485351562,765.222900390625,9.1500244140625,18.75341796875
IMG_0030.mp4,2022,67.46746746746747,29.97,452,2,traffic_signs,0.5438949465751648,1315.9599609375,806.8280029296875,1329.7139892578125,828.3943481445312,1322.8369750976562,817.6111755371094,13.7540283203125,21.56634521484375
IMG_0030.mp4,2022,67.46746746746747,29.97,471,2,traffic_signs,0.6061649918556213,862.48974609375,794.2847290039062,873.792236328125,805.2271118164062,868.1409912109375,799.7559204101562,11.302490234375,10.9423828125
IMG_0030.mp4,2022,67.46746746746747,29.97,453,2,traffic_signs,0.6843680739402771,1391.4063720703125,806.0415649414062,1400.88818359375,826.4888305664062,1396.1472778320312,816.2651977539062,9.4818115234375,20.447265625
IMG_0030.mp4,2023,67.50083416750084,29.97,450,0,auth_label,0.8172435760498047,970.2261962890625,750.7542114257812,1058.7928466796875,858.925048828125,1014.509521484375,804.8396301269531,88.566650390625,108.17083740234375
IMG_0030.mp4,2023,67.50083416750084,29.97,455,2,traffic_signs,0.8300808668136597,451.5660705566406,492.8894958496094,534.3355712890625,590.6725463867188,492.95082092285156,541.7810211181641,82.76950073242188,97.78305053710938
IMG_0030.mp4,2023,67.50083416750084,29.97,421,1,traffic_lights,0.5936594009399414,1190.70947265625,755.6072387695312,1199.758056640625,774.145263671875,1195.2337646484375,764.8762512207031,9.048583984375,18.53802490234375
IMG_0030.mp4,2023,67.50083416750084,29.97,452,2,traffic_signs,0.6975769400596619,1319.20703125,807.0459594726562,1332.28466796875,828.5870361328125,1325.745849609375,817.8164978027344,13.07763671875,21.54107666015625
IMG_0030.mp4,2023,67.50083416750084,29.97,471,2,traffic_signs,0.6382365822792053,863.4618530273438,793.9567260742188,874.6488647460938,805.2155151367188,869.0553588867188,799.5861206054688,11.18701171875,11.2587890625
IMG_0030.mp4,2023,67.50083416750084,29.97,453,2,traffic_signs,0.2966839075088501,1394.50634765625,805.7687377929688,1403.769775390625,825.9033203125,1399.1380615234375,815.8360290527344,9.263427734375,20.13458251953125
IMG_0030.mp4,2024,67.53420086753421,29.97,450,0,auth_label,0.752979040145874,974.6371459960938,751.6825561523438,1059.9571533203125,858.7326049804688,1017.2971496582031,805.2075805664062,85.32000732421875,107.050048828125
IMG_0030.mp4,2024,67.53420086753421,29.97,455,2,traffic_signs,0.4972931146621704,443.1767578125,488.6186218261719,528.4376831054688,586.6594848632812,485.8072204589844,537.6390533447266,85.26092529296875,98.04086303710938
IMG_0030.mp4,2024,67.53420086753421,29.97,421,1,traffic_lights,0.6795985102653503,1192.510986328125,755.4672241210938,1201.5540771484375,774.0969848632812,1197.0325317382812,764.7821044921875,9.0430908203125,18.6297607421875
IMG_0030.mp4,2024,67.53420086753421,29.97,452,2,traffic_signs,0.7381284236907959,1321.239013671875,807.4696655273438,1334.3306884765625,829.200439453125,1327.7848510742188,818.3350524902344,13.0916748046875,21.73077392578125
IMG_0030.mp4,2024,67.53420086753421,29.97,471,2,traffic_signs,0.6622426509857178,864.1860961914062,793.7365112304688,875.4981689453125,805.3208618164062,869.8421325683594,799.5286865234375,11.31207275390625,11.5843505859375
IMG_0030.mp4,2024,67.53420086753421,29.97,453,2,traffic_signs,0.726426899433136,1397.3123779296875,805.4434204101562,1406.9114990234375,826.5498046875,1402.1119384765625,815.9966125488281,9.59912109375,21.10638427734375
IMG_0030.mp4,2025,67.56756756756756,29.97,450,0,auth_label,0.7695597410202026,977.041748046875,751.6024169921875,1061.3988037109375,857.9049682617188,1019.2202758789062,804.7536926269531,84.3570556640625,106.30255126953125
IMG_0030.mp4,2025,67.56756756756756,29.97,455,2,traffic_signs,0.7639124393463135,433.99505615234375,482.7502746582031,521.6202392578125,580.5239868164062,477.8076477050781,531.6371307373047,87.62518310546875,97.77371215820312
IMG_0030.mp4,2025,67.56756756756756,29.97,421,1,traffic_lights,0.6208995580673218,1194.10009765625,755.1055297851562,1203.26123046875,773.6644897460938,1198.6806640625,764.385009765625,9.1611328125,18.5589599609375
IMG_0030.mp4,2025,67.56756756756756,29.97,452,2,traffic_signs,0.3827894926071167,1320.7215576171875,807.5006103515625,1335.1995849609375,829.2119750976562,1327.9605712890625,818.3562927246094,14.47802734375,21.71136474609375
IMG_0030.mp4,2025,67.56756756756756,29.97,471,2,traffic_signs,0.6362500190734863,865.2908325195312,793.6386108398438,876.3057250976562,805.3554077148438,870.7982788085938,799.4970092773438,11.014892578125,11.716796875
IMG_0030.mp4,2025,67.56756756756756,29.97,453,2,traffic_signs,0.5210582613945007,1399.7386474609375,805.5086059570312,1409.5726318359375,826.7642822265625,1404.6556396484375,816.1364440917969,9.833984375,21.25567626953125
IMG_0030.mp4,2026,67.60093426760093,29.97,450,0,auth_label,0.7998803853988647,975.616943359375,749.3126220703125,1063.1014404296875,858.8223266601562,1019.3591918945312,804.0674743652344,87.4844970703125,109.50970458984375
IMG_0030.mp4,2026,67.60093426760093,29.97,455,2,traffic_signs,0.7373868823051453,424.635498046875,476.8019714355469,513.6411743164062,576.4541625976562,469.1383361816406,526.6280670166016,89.00567626953125,99.65219116210938
IMG_0030.mp4,2026,67.60093426760093,29.97,421,1,traffic_lights,0.4229907989501953,1196.056884765625,754.9541625976562,1205.3897705078125,773.9916381835938,1200.7233276367188,764.472900390625,9.3328857421875,19.0374755859375
IMG_0030.mp4,2026,67.60093426760093,29.97,452,2,traffic_signs,0.38651975989341736,1324.29345703125,806.8507080078125,1338.3157958984375,829.279052734375,1331.3046264648438,818.0648803710938,14.0223388671875,22.4283447265625
IMG_0030.mp4,2026,67.60093426760093,29.97,471,2,traffic_signs,0.6073063611984253,866.5986328125,793.6310424804688,877.5025634765625,805.3634033203125,872.0505981445312,799.4972229003906,10.9039306640625,11.73236083984375
IMG_0030.mp4,2026,67.60093426760093,29.97,453,2,traffic_signs,0.7227218151092529,1402.5931396484375,805.814697265625,1412.931884765625,827.2459716796875,1407.7625122070312,816.5303344726562,10.3387451171875,21.4312744140625
IMG_0030.mp4,2027,67.6343009676343,29.97,450,0,auth_label,0.7989902496337891,975.8191528320312,747.7516479492188,1065.7744140625,859.322021484375,1020.7967834472656,803.5368347167969,89.95526123046875,111.57037353515625
IMG_0030.mp4,2027,67.6343009676343,29.97,455,2,traffic_signs,0.6298206448554993,415.63641357421875,469.0255432128906,505.8332824707031,571.1160278320312,460.73484802246094,520.0707855224609,90.19686889648438,102.09048461914062
IMG_0030.mp4,2027,67.6343009676343,29.97,421,1,traffic_lights,0.553930401802063,1197.8094482421875,755.1627807617188,1207.1038818359375,774.3817749023438,1202.4566650390625,764.7722778320312,9.29443359375,19.218994140625
IMG_0030.mp4,2027,67.6343009676343,29.97,452,2,traffic_signs,0.5431167483329773,1327.5272216796875,806.0680541992188,1341.5341796875,828.9207763671875,1334.5307006835938,817.4944152832031,14.0069580078125,22.85272216796875
IMG_0030.mp4,2027,67.6343009676343,29.97,471,2,traffic_signs,0.7086710929870605,867.3767700195312,793.6097412109375,878.452392578125,805.3416748046875,872.9145812988281,799.4757080078125,11.07562255859375,11.73193359375
IMG_0030.mp4,2027,67.6343009676343,29.97,453,2,traffic_signs,0.7808043956756592,1405.3482666015625,806.28369140625,1416.0740966796875,828.007568359375,1410.711181640625,817.1456298828125,10.725830078125,21.723876953125
IMG_0030.mp4,2028,67.66766766766767,29.97,450,0,auth_label,0.7906005382537842,976.1046752929688,747.3134765625,1069.171142578125,861.2508544921875,1022.6379089355469,804.2821655273438,93.06646728515625,113.9373779296875
IMG_0030.mp4,2028,67.66766766766767,29.97,455,2,traffic_signs,0.8261584639549255,406.3533630371094,462.2624816894531,498.90057373046875,566.96630859375,452.62696838378906,514.6143951416016,92.54721069335938,104.70382690429688
IMG_0030.mp4,2028,67.66766766766767,29.97,421,1,traffic_lights,0.45449909567832947,1199.320068359375,755.02880859375,1208.8306884765625,774.2457275390625,1204.0753784179688,764.6372680664062,9.5106201171875,19.2169189453125
IMG_0030.mp4,2028,67.66766766766767,29.97,452,2,traffic_signs,0.5803353190422058,1330.0379638671875,806.0479736328125,1344.02734375,828.834716796875,1337.0326538085938,817.4413452148438,13.9893798828125,22.7867431640625
IMG_0030.mp4,2028,67.66766766766767,29.97,471,2,traffic_signs,0.7367538809776306,868.3405151367188,793.3157958984375,879.5151977539062,805.2390747070312,873.9278564453125,799.2774353027344,11.1746826171875,11.92327880859375
IMG_0030.mp4,2028,67.66766766766767,29.97,453,2,traffic_signs,0.7942790389060974,1407.746826171875,806.48974609375,1419.09375,827.9417724609375,1413.4202880859375,817.2157592773438,11.346923828125,21.4520263671875
IMG_0030.mp4,2029,67.70103436770104,29.97,450,0,auth_label,0.8151248693466187,977.0677490234375,748.11669921875,1071.13818359375,861.3199462890625,1024.1029663085938,804.7183227539062,94.0704345703125,113.2032470703125
IMG_0030.mp4,2029,67.70103436770104,29.97,455,2,traffic_signs,0.7710779309272766,395.2098693847656,455.3702392578125,491.3612060546875,562.4882202148438,443.28553771972656,508.9292297363281,96.15133666992188,107.11798095703125
IMG_0030.mp4,2029,67.70103436770104,29.97,421,1,traffic_lights,0.5704465508460999,1201.1925048828125,755.1551513671875,1210.4185791015625,774.2264404296875,1205.8055419921875,764.6907958984375,9.22607421875,19.0712890625
IMG_0030.mp4,2029,67.70103436770104,29.97,452,2,traffic_signs,0.7266329526901245,1332.1572265625,806.5557861328125,1346.9183349609375,829.2069091796875,1339.5377807617188,817.88134765625,14.7611083984375,22.651123046875
IMG_0030.mp4,2029,67.70103436770104,29.97,471,2,traffic_signs,0.7202376127243042,869.0572509765625,792.9739379882812,880.0620727539062,805.3489379882812,874.5596618652344,799.1614379882812,11.00482177734375,12.375
IMG_0030.mp4,2029,67.70103436770104,29.97,453,2,traffic_signs,0.3751487731933594,1410.804931640625,806.1390991210938,1422.2000732421875,828.30029296875,1416.5025024414062,817.2196960449219,11.3951416015625,22.16119384765625
IMG_0030.mp4,2030,67.73440106773441,29.97,450,0,auth_label,0.7074698805809021,979.9544677734375,749.0106811523438,1071.5849609375,862.2879028320312,1025.7697143554688,805.6492919921875,91.6304931640625,113.2772216796875
IMG_0030.mp4,2030,67.73440106773441,29.97,455,2,traffic_signs,0.6936423778533936,384.1954040527344,448.94647216796875,484.2384338378906,556.8670654296875,434.2169189453125,502.9067687988281,100.04302978515625,107.92059326171875
IMG_0030.mp4,2030,67.73440106773441,29.97,421,1,traffic_lights,0.5531003475189209,1202.9246826171875,755.2764282226562,1211.9552001953125,774.1242065429688,1207.43994140625,764.7003173828125,9.030517578125,18.8477783203125
IMG_0030.mp4,2030,67.73440106773441,29.97,452,2,traffic_signs,0.6165099740028381,1332.8690185546875,806.6510620117188,1348.5445556640625,829.2946166992188,1340.706787109375,817.9728393554688,15.675537109375,22.6435546875
IMG_0030.mp4,2030,67.73440106773441,29.97,471,2,traffic_signs,0.6679980754852295,869.6822509765625,792.6790771484375,880.9069213867188,805.0177612304688,875.2945861816406,798.8484191894531,11.22467041015625,12.33868408203125
IMG_0030.mp4,2030,67.73440106773441,29.97,453,2,traffic_signs,0.7808484435081482,1413.68310546875,805.5841674804688,1424.8270263671875,828.2779541015625,1419.2550659179688,816.9310607910156,11.1439208984375,22.69378662109375
IMG_0030.mp4,2031,67.76776776776777,29.97,450,0,auth_label,0.6888092756271362,983.6834106445312,749.2086791992188,1072.22021484375,862.4768676757812,1027.9518127441406,805.8427734375,88.53680419921875,113.2681884765625
IMG_0030.mp4,2031,67.76776776776777,29.97,455,2,traffic_signs,0.8280739188194275,372.4323425292969,442.032470703125,475.7559509277344,551.2257690429688,424.0941467285156,496.6291198730469,103.3236083984375,109.19329833984375
IMG_0030.mp4,2031,67.76776776776777,29.97,421,1,traffic_lights,0.49767637252807617,1204.5091552734375,754.89501953125,1213.8438720703125,773.943359375,1209.176513671875,764.419189453125,9.334716796875,19.04833984375
IMG_0030.mp4,2031,67.76776776776777,29.97,452,2,traffic_signs,0.5404731631278992,1333.9302978515625,806.3925170898438,1348.58935546875,828.927490234375,1341.2598266601562,817.6600036621094,14.6590576171875,22.53497314453125
IMG_0030.mp4,2031,67.76776776776777,29.97,471,2,traffic_signs,0.3160397410392761,870.389404296875,792.57958984375,881.6629028320312,804.8382568359375,876.0261535644531,798.7089233398438,11.27349853515625,12.2586669921875
IMG_0030.mp4,2031,67.76776776776777,29.97,453,2,traffic_signs,0.7522868514060974,1416.989990234375,805.6154174804688,1428.0028076171875,828.36181640625,1422.4963989257812,816.9886169433594,11.0128173828125,22.74639892578125
IMG_0030.mp4,2032,67.80113446780113,29.97,450,0,auth_label,0.798166036605835,982.5222778320312,748.2416381835938,1073.0086669921875,862.0053100585938,1027.7654724121094,805.1234741210938,90.48638916015625,113.763671875
IMG_0030.mp4,2032,67.80113446780113,29.97,455,2,traffic_signs,0.6672700643539429,361.41912841796875,434.3220520019531,465.4254455566406,544.750244140625,413.4222869873047,489.53614807128906,104.00631713867188,110.42819213867188
IMG_0030.mp4,2032,67.80113446780113,29.97,421,1,traffic_lights,0.6261927485466003,1205.91259765625,754.3290405273438,1215.4500732421875,773.7724609375,1210.6813354492188,764.0507507324219,9.5374755859375,19.44342041015625
IMG_0030.mp4,2032,67.80113446780113,29.97,452,2,traffic_signs,0.4084461033344269,1339.2252197265625,805.7255249023438,1353.427734375,829.1513671875,1346.3264770507812,817.4384460449219,14.2025146484375,23.42584228515625
IMG_0030.mp4,2032,67.80113446780113,29.97,471,2,traffic_signs,0.5547580718994141,871.4832763671875,792.1832275390625,882.7137451171875,804.3831787109375,877.0985107421875,798.283203125,11.23046875,12.199951171875
IMG_0030.mp4,2032,67.80113446780113,29.97,453,2,traffic_signs,0.7882957458496094,1419.91357421875,805.397216796875,1430.6978759765625,827.88330078125,1425.3057250976562,816.6402587890625,10.7843017578125,22.486083984375
IMG_0030.mp4,2033,67.8345011678345,29.97,450,0,auth_label,0.7646325826644897,985.7332763671875,748.1083984375,1073.8572998046875,860.341064453125,1029.7952880859375,804.2247314453125,88.1240234375,112.232666015625
IMG_0030.mp4,2033,67.8345011678345,29.97,455,2,traffic_signs,0.9127097725868225,348.6177978515625,427.3076477050781,454.89739990234375,539.579345703125,401.7575988769531,483.44349670410156,106.27960205078125,112.27169799804688
IMG_0030.mp4,2033,67.8345011678345,29.97,421,1,traffic_lights,0.27968829870224,1207.5184326171875,754.1533813476562,1216.972900390625,773.900146484375,1212.2456665039062,764.0267639160156,9.4544677734375,19.74676513671875
IMG_0030.mp4,2033,67.8345011678345,29.97,452,2,traffic_signs,0.6306114196777344,1342.6815185546875,805.3043823242188,1356.599853515625,828.7575073242188,1349.6406860351562,817.0309448242188,13.9183349609375,23.453125
IMG_0030.mp4,2033,67.8345011678345,29.97,471,2,traffic_signs,0.4611428380012512,872.5599365234375,791.9225463867188,883.774169921875,804.4276123046875,878.1670532226562,798.1750793457031,11.2142333984375,12.50506591796875
IMG_0030.mp4,2033,67.8345011678345,29.97,453,2,traffic_signs,0.790658712387085,1423.2987060546875,805.3001098632812,1433.811279296875,828.3407592773438,1428.5549926757812,816.8204345703125,10.5125732421875,23.0406494140625
IMG_0030.mp4,2034,67.86786786786787,29.97,450,0,auth_label,0.8066614270210266,985.3223266601562,747.8933715820312,1074.9542236328125,859.9617309570312,1030.1382751464844,803.9275512695312,89.63189697265625,112.068359375
IMG_0030.mp4,2034,67.86786786786787,29.97,455,2,traffic_signs,0.9059880971908569,335.7031555175781,418.900146484375,445.33477783203125,533.6829223632812,390.5189666748047,476.2915344238281,109.63162231445312,114.78277587890625
IMG_0030.mp4,2034,67.86786786786787,29.97,421,1,traffic_lights,0.5065990686416626,1208.79541015625,754.0326538085938,1218.3544921875,773.9310302734375,1213.574951171875,763.9818420410156,9.55908203125,19.89837646484375
IMG_0030.mp4,2034,67.86786786786787,29.97,452,2,traffic_signs,0.6710290312767029,1344.829833984375,805.2202758789062,1358.9735107421875,828.7341918945312,1351.9016723632812,816.9772338867188,14.1436767578125,23.513916015625
IMG_0030.mp4,2034,67.86786786786787,29.97,471,2,traffic_signs,0.5137194395065308,873.060791015625,791.6731567382812,884.5205078125,804.2313842773438,878.7906494140625,797.9522705078125,11.459716796875,12.5582275390625
IMG_0030.mp4,2034,67.86786786786787,29.97,453,2,traffic_signs,0.8225886821746826,1425.963134765625,805.0374755859375,1436.4482421875,828.4554443359375,1431.2056884765625,816.7464599609375,10.485107421875,23.41796875
IMG_0030.mp4,2035,67.90123456790124,29.97,450,0,auth_label,0.8310153484344482,986.5055541992188,747.2088623046875,1075.7603759765625,859.0806274414062,1031.1329650878906,803.1447448730469,89.25482177734375,111.87176513671875
IMG_0030.mp4,2035,67.90123456790124,29.97,455,2,traffic_signs,0.9100648164749146,321.2887878417969,410.72216796875,436.3687744140625,527.1343994140625,378.8287811279297,468.92828369140625,115.07998657226562,116.4122314453125
IMG_0030.mp4,2035,67.90123456790124,29.97,421,1,traffic_lights,0.5973851680755615,1210.5186767578125,753.9397583007812,1219.692138671875,773.7075805664062,1215.1054077148438,763.8236694335938,9.1734619140625,19.767822265625
IMG_0030.mp4,2035,67.90123456790124,29.97,452,2,traffic_signs,0.6371607184410095,1345.90966796875,805.3121337890625,1360.4903564453125,828.9284057617188,1353.2000122070312,817.1202697753906,14.5806884765625,23.61627197265625
IMG_0030.mp4,2035,67.90123456790124,29.97,453,2,traffic_signs,0.8196843862533569,1428.63671875,804.9918823242188,1439.4700927734375,828.320068359375,1434.0534057617188,816.6559753417969,10.8333740234375,23.32818603515625
IMG_0030.mp4,2036,67.93460126793461,29.97,450,0,auth_label,0.8334090709686279,986.9612426757812,746.391357421875,1077.3922119140625,858.8383178710938,1032.1767272949219,802.6148376464844,90.43096923828125,112.44696044921875
IMG_0030.mp4,2036,67.93460126793461,29.97,455,2,traffic_signs,0.9365348219871521,307.57073974609375,402.0882873535156,425.4434509277344,519.7674560546875,366.50709533691406,460.92787170410156,117.87271118164062,117.67916870117188
IMG_0030.mp4,2036,67.93460126793461,29.97,421,1,traffic_lights,0.6447871327400208,1211.86181640625,753.6802368164062,1220.88037109375,773.3692626953125,1216.37109375,763.5247497558594,9.0185546875,19.68902587890625
IMG_0030.mp4,2036,67.93460126793461,29.97,452,2,traffic_signs,0.38052108883857727,1350.67578125,805.5072631835938,1363.4918212890625,829.0932006835938,1357.0838012695312,817.3002319335938,12.8160400390625,23.5859375
IMG_0030.mp4,2036,67.93460126793461,29.97,453,2,traffic_signs,0.8358655571937561,1431.3331298828125,805.0628662109375,1442.301025390625,828.6217651367188,1436.8170776367188,816.8423156738281,10.9678955078125,23.55889892578125
IMG_0030.mp4,2037,67.96796796796797,29.97,450,0,auth_label,0.8307293653488159,987.6715698242188,746.03271484375,1078.9892578125,859.0533447265625,1033.3304138183594,802.5430297851562,91.31768798828125,113.0206298828125
IMG_0030.mp4,2037,67.96796796796797,29.97,455,2,traffic_signs,0.9264249205589294,291.69525146484375,392.5190734863281,414.26861572265625,514.4606323242188,352.98193359375,453.48985290527344,122.5733642578125,121.94155883789062
IMG_0030.mp4,2037,67.96796796796797,29.97,421,1,traffic_lights,0.6106588840484619,1213.5716552734375,753.6690063476562,1222.73193359375,773.0955810546875,1218.1517944335938,763.3822937011719,9.1602783203125,19.42657470703125
IMG_0030.mp4,2037,67.96796796796797,29.97,452,2,traffic_signs,0.3967876434326172,1353.198486328125,805.0773315429688,1366.8349609375,829.8152465820312,1360.0167236328125,817.4462890625,13.636474609375,24.7379150390625
IMG_0030.mp4,2037,67.96796796796797,29.97,453,2,traffic_signs,0.7073158621788025,1435.0638427734375,804.7333374023438,1445.8984375,828.5298461914062,1440.4811401367188,816.631591796875,10.8345947265625,23.7965087890625
IMG_0030.mp4,2038,68.00133466800133,29.97,450,0,auth_label,0.7805073261260986,991.570556640625,745.9210815429688,1080.3724365234375,859.7225341796875,1035.9714965820312,802.8218078613281,88.8018798828125,113.80145263671875
IMG_0030.mp4,2038,68.00133466800133,29.97,455,2,traffic_signs,0.9346935153007507,274.8822326660156,382.9656982421875,401.4576721191406,506.6672668457031,338.1699523925781,444.8164825439453,126.575439453125,123.70156860351562
IMG_0030.mp4,2038,68.00133466800133,29.97,421,1,traffic_lights,0.6434221267700195,1214.9783935546875,753.6923217773438,1224.2154541015625,772.8612670898438,1219.596923828125,763.2767944335938,9.237060546875,19.1689453125
IMG_0030.mp4,2038,68.00133466800133,29.97,452,2,traffic_signs,0.5880581736564636,1355.2471923828125,804.9925537109375,1369.4949951171875,829.4378051757812,1362.37109375,817.2151794433594,14.247802734375,24.44525146484375
IMG_0030.mp4,2038,68.00133466800133,29.97,453,2,traffic_signs,0.7814726233482361,1438.0916748046875,804.4700927734375,1448.5474853515625,828.4814453125,1443.319580078125,816.4757690429688,10.455810546875,24.0113525390625
IMG_0030.mp4,2039,68.0347013680347,29.97,450,0,auth_label,0.7934320569038391,991.5059204101562,745.31494140625,1082.15087890625,860.2839965820312,1036.8283996582031,802.7994689941406,90.64495849609375,114.96905517578125
IMG_0030.mp4,2039,68.0347013680347,29.97,455,2,traffic_signs,0.9529852867126465,258.27801513671875,373.2809143066406,389.4945373535156,498.77581787109375,323.8862762451172,436.0283660888672,131.21652221679688,125.49490356445312
IMG_0030.mp4,2039,68.0347013680347,29.97,421,1,traffic_lights,0.7031363844871521,1216.51806640625,753.4313354492188,1225.6756591796875,772.9071044921875,1221.0968627929688,763.1692199707031,9.1575927734375,19.47576904296875
IMG_0030.mp4,2039,68.0347013680347,29.97,452,2,traffic_signs,0.5933557152748108,1357.91064453125,805.5220336914062,1372.20361328125,829.0953979492188,1365.05712890625,817.3087158203125,14.29296875,23.5733642578125
IMG_0030.mp4,2039,68.0347013680347,29.97,453,2,traffic_signs,0.7508234977722168,1440.80810546875,804.5523071289062,1451.7725830078125,828.9425659179688,1446.2903442382812,816.7474365234375,10.9644775390625,24.3902587890625
IMG_0030.mp4,2040,68.06806806806807,29.97,450,0,auth_label,0.8201594948768616,989.4288330078125,745.279052734375,1083.445556640625,859.3336181640625,1036.4371948242188,802.3063354492188,94.0167236328125,114.0545654296875
IMG_0030.mp4,2040,68.06806806806807,29.97,455,2,traffic_signs,0.9344801902770996,241.075927734375,362.63421630859375,375.57965087890625,491.4086608886719,308.3277893066406,427.0214385986328,134.50372314453125,128.77444458007812
IMG_0030.mp4,2040,68.06806806806807,29.97,421,1,traffic_lights,0.6962234377861023,1217.4996337890625,752.653076171875,1226.8336181640625,772.8783569335938,1222.1666259765625,762.7657165527344,9.333984375,20.22528076171875
IMG_0030.mp4,2040,68.06806806806807,29.97,452,2,traffic_signs,0.4526996612548828,1358.738037109375,805.31640625,1373.77392578125,828.87109375,1366.2559814453125,817.09375,15.035888671875,23.5546875
IMG_0030.mp4,2040,68.06806806806807,29.97,453,2,traffic_signs,0.7908060550689697,1443.0140380859375,804.1862182617188,1454.3118896484375,828.683837890625,1448.6629638671875,816.4350280761719,11.2978515625,24.49761962890625
IMG_0030.mp4,2041,68.10143476810144,29.97,450,0,auth_label,0.8337732553482056,989.3364868164062,745.3096313476562,1084.5413818359375,859.4425048828125,1036.9389343261719,802.3760681152344,95.20489501953125,114.13287353515625
IMG_0030.mp4,2041,68.10143476810144,29.97,455,2,traffic_signs,0.9437389969825745,222.16259765625,352.07342529296875,361.0187072753906,482.1639709472656,291.5906524658203,417.1186981201172,138.85610961914062,130.09054565429688
IMG_0030.mp4,2041,68.10143476810144,29.97,421,1,traffic_lights,0.5976378917694092,1218.9832763671875,752.0618286132812,1228.465576171875,772.8222045898438,1223.7244262695312,762.4420166015625,9.4822998046875,20.7603759765625
IMG_0030.mp4,2041,68.10143476810144,29.97,452,2,traffic_signs,0.6193534731864929,1361.7667236328125,804.4324340820312,1376.19775390625,828.9588623046875,1368.9822387695312,816.6956481933594,14.4310302734375,24.52642822265625
IMG_0030.mp4,2041,68.10143476810144,29.97,453,2,traffic_signs,0.27207159996032715,1446.3555908203125,803.9263916015625,1457.7606201171875,828.6076049804688,1452.05810546875,816.2669982910156,11.405029296875,24.68121337890625
IMG_0030.mp4,2042,68.13480146813481,29.97,450,0,auth_label,0.7685045003890991,992.7329711914062,745.5692749023438,1085.1124267578125,859.5812377929688,1038.9226989746094,802.5752563476562,92.37945556640625,114.011962890625
IMG_0030.mp4,2042,68.13480146813481,29.97,455,2,traffic_signs,0.951592743396759,200.6874542236328,340.0577087402344,344.8599548339844,472.85589599609375,272.7737045288086,406.45680236816406,144.17250061035156,132.79818725585938
IMG_0030.mp4,2042,68.13480146813481,29.97,421,1,traffic_lights,0.5225307941436768,1220.4976806640625,752.30517578125,1229.7210693359375,772.9428100585938,1225.109375,762.6239929199219,9.223388671875,20.63763427734375
IMG_0030.mp4,2042,68.13480146813481,29.97,452,2,traffic_signs,0.4634738564491272,1363.58984375,804.395263671875,1378.5655517578125,829.6290283203125,1371.0776977539062,817.0121459960938,14.9757080078125,25.2337646484375
IMG_0030.mp4,2042,68.13480146813481,29.97,453,2,traffic_signs,0.7249623537063599,1448.9593505859375,804.9664916992188,1460.7044677734375,829.1784057617188,1454.8319091796875,817.0724487304688,11.7451171875,24.2119140625
IMG_0030.mp4,2043,68.16816816816817,29.97,450,0,auth_label,0.7372043132781982,1000.6656494140625,745.9275512695312,1085.5736083984375,858.9505615234375,1043.11962890625,802.4390563964844,84.907958984375,113.02301025390625
IMG_0030.mp4,2043,68.16816816816817,29.97,455,2,traffic_signs,0.9146209359169006,178.746826171875,329.07421875,330.2536315917969,464.6993713378906,254.50022888183594,396.8867950439453,151.50680541992188,135.62515258789062
IMG_0030.mp4,2043,68.16816816816817,29.97,421,1,traffic_lights,0.5498951077461243,1221.6295166015625,752.0969848632812,1231.1131591796875,772.77099609375,1226.371337890625,762.4339904785156,9.483642578125,20.67401123046875
IMG_0030.mp4,2043,68.16816816816817,29.97,452,2,traffic_signs,0.6422058939933777,1365.946533203125,804.4273071289062,1380.9451904296875,829.6051635742188,1373.4458618164062,817.0162353515625,14.9986572265625,25.1778564453125
IMG_0030.mp4,2043,68.16816816816817,29.97,453,2,traffic_signs,0.7626164555549622,1451.5367431640625,805.2741088867188,1463.674560546875,829.0032348632812,1457.6056518554688,817.138671875,12.1378173828125,23.7291259765625
IMG_0030.mp4,2044,68.20153486820153,29.97,450,0,auth_label,0.7365111112594604,1003.8958740234375,745.3275146484375,1086.3472900390625,858.3302001953125,1045.12158203125,801.828857421875,82.451416015625,113.002685546875
IMG_0030.mp4,2044,68.20153486820153,29.97,455,2,traffic_signs,0.9479283094406128,156.0276641845703,315.8944091796875,314.4263000488281,455.7994384765625,235.22698211669922,385.846923828125,158.3986358642578,139.905029296875
IMG_0030.mp4,2044,68.20153486820153,29.97,421,1,traffic_lights,0.6674099564552307,1222.9892578125,752.07470703125,1232.1962890625,772.4517211914062,1227.5927734375,762.2632141113281,9.20703125,20.37701416015625
IMG_0030.mp4,2044,68.20153486820153,29.97,452,2,traffic_signs,0.7501568794250488,1367.0885009765625,804.4656372070312,1382.581787109375,829.2925415039062,1374.8351440429688,816.8790893554688,15.4932861328125,24.826904296875
IMG_0030.mp4,2044,68.20153486820153,29.97,453,2,traffic_signs,0.7707832455635071,1453.8692626953125,806.051513671875,1465.94970703125,829.3782958984375,1459.9094848632812,817.7149047851562,12.0804443359375,23.3267822265625
IMG_0030.mp4,2045,68.2349015682349,29.97,450,0,auth_label,0.804007887840271,1003.1795043945312,744.9063720703125,1086.9334716796875,858.6602172851562,1045.0564880371094,801.7832946777344,83.75396728515625,113.75384521484375
IMG_0030.mp4,2045,68.2349015682349,29.97,455,2,traffic_signs,0.9431599378585815,131.20669555664062,301.5573425292969,296.1396789550781,444.9664611816406,213.67318725585938,373.26190185546875,164.9329833984375,143.40911865234375
IMG_0030.mp4,2045,68.2349015682349,29.97,421,1,traffic_lights,0.6643965840339661,1223.8521728515625,752.1293334960938,1233.034912109375,771.9964599609375,1228.4435424804688,762.0628967285156,9.1827392578125,19.86712646484375
IMG_0030.mp4,2045,68.2349015682349,29.97,452,2,traffic_signs,0.7842324376106262,1368.4989013671875,804.4198608398438,1384.5357666015625,829.4049682617188,1376.517333984375,816.9124145507812,16.036865234375,24.985107421875
IMG_0030.mp4,2045,68.2349015682349,29.97,453,2,traffic_signs,0.7829588651657104,1456.0692138671875,805.0974731445312,1468.312744140625,828.6116333007812,1462.1909790039062,816.8545532226562,12.2435302734375,23.51416015625
IMG_0030.mp4,2046,68.26826826826827,29.97,450,0,auth_label,0.8454604744911194,998.2780151367188,744.7755126953125,1087.5440673828125,859.0947265625,1042.9110412597656,801.9351196289062,89.26605224609375,114.3192138671875
IMG_0030.mp4,2046,68.26826826826827,29.97,455,2,traffic_signs,0.9087967872619629,105.64324188232422,286.9940490722656,277.76715087890625,433.9346008300781,191.70519638061523,360.4643249511719,172.12390899658203,146.9405517578125
IMG_0030.mp4,2046,68.26826826826827,29.97,421,1,traffic_lights,0.6056630611419678,1224.59814453125,751.9561157226562,1233.9998779296875,771.6409912109375,1229.2990112304688,761.7985534667969,9.4017333984375,19.68487548828125
IMG_0030.mp4,2046,68.26826826826827,29.97,452,2,traffic_signs,0.6768026351928711,1369.4959716796875,804.1906127929688,1386.59765625,829.5117797851562,1378.0468139648438,816.8511962890625,17.1016845703125,25.3211669921875
IMG_0030.mp4,2046,68.26826826826827,29.97,453,2,traffic_signs,0.3778899312019348,1458.2938232421875,804.6891479492188,1470.750244140625,828.2539672851562,1464.5220336914062,816.4715576171875,12.4564208984375,23.5648193359375
IMG_0030.mp4,2047,68.30163496830164,29.97,450,0,auth_label,0.8417766094207764,995.815673828125,744.8204345703125,1087.8707275390625,858.9971923828125,1041.8432006835938,801.9088134765625,92.0550537109375,114.1767578125
IMG_0030.mp4,2047,68.30163496830164,29.97,455,2,traffic_signs,0.8581260442733765,80.02191162109375,271.4968566894531,259.9382629394531,422.7127990722656,169.98008728027344,347.1048278808594,179.91635131835938,151.2159423828125
IMG_0030.mp4,2047,68.30163496830164,29.97,421,1,traffic_lights,0.5314150452613831,1225.7314453125,751.8223266601562,1235.207763671875,771.463134765625,1230.4696044921875,761.6427307128906,9.476318359375,19.64080810546875
IMG_0030.mp4,2047,68.30163496830164,29.97,452,2,traffic_signs,0.7649944424629211,1371.4759521484375,803.2884521484375,1388.9169921875,829.8326416015625,1380.1964721679688,816.560546875,17.4410400390625,26.544189453125
IMG_0030.mp4,2047,68.30163496830164,29.97,453,2,traffic_signs,0.7961615324020386,1461.306884765625,804.1359252929688,1473.5975341796875,828.7720336914062,1467.4522094726562,816.4539794921875,12.2906494140625,24.6361083984375
IMG_0030.mp4,2048,68.33500166833501,29.97,450,0,auth_label,0.791372537612915,995.3079833984375,744.6173706054688,1088.3275146484375,858.2551879882812,1041.8177490234375,801.436279296875,93.01953125,113.6378173828125
IMG_0030.mp4,2048,68.33500166833501,29.97,455,2,traffic_signs,0.9011377096176147,50.488525390625,255.85414123535156,239.7080535888672,410.49652099609375,145.0982894897461,333.17533111572266,189.2195281982422,154.6423797607422
IMG_0030.mp4,2048,68.33500166833501,29.97,421,1,traffic_lights,0.4619178771972656,1226.6710205078125,751.5321655273438,1236.084228515625,771.2200927734375,1231.3776245117188,761.3761291503906,9.4132080078125,19.68792724609375
IMG_0030.mp4,2048,68.33500166833501,29.97,452,2,traffic_signs,0.7377342581748962,1372.453125,803.0968017578125,1391.041748046875,830.390869140625,1381.7474365234375,816.7438354492188,18.588623046875,27.2940673828125
IMG_0030.mp4,2048,68.33500166833501,29.97,453,2,traffic_signs,0.8122479915618896,1464.193115234375,803.4398803710938,1476.210205078125,829.0565795898438,1470.20166015625,816.2482299804688,12.01708984375,25.61669921875
IMG_0030.mp4,2049,68.36836836836837,29.97,450,0,auth_label,0.7352138757705688,999.2609252929688,744.5652465820312,1088.7655029296875,857.9178466796875,1044.0132141113281,801.2415466308594,89.50457763671875,113.35260009765625
IMG_0030.mp4,2049,68.36836836836837,29.97,455,2,traffic_signs,0.513133704662323,20.11882972717285,237.82342529296875,220.15478515625,397.50616455078125,120.13680744171143,317.664794921875,200.03595542907715,159.6827392578125
IMG_0030.mp4,2049,68.36836836836837,29.97,421,1,traffic_lights,0.45685553550720215,1227.5537109375,751.0850219726562,1236.9259033203125,771.046630859375,1232.2398071289062,761.0658264160156,9.3721923828125,19.96160888671875
IMG_0030.mp4,2049,68.36836836836837,29.97,452,2,traffic_signs,0.6560249924659729,1374.1368408203125,802.7684936523438,1393.0211181640625,830.3885498046875,1383.5789794921875,816.5785217285156,18.88427734375,27.62005615234375
IMG_0030.mp4,2049,68.36836836836837,29.97,453,2,traffic_signs,0.8152936697006226,1466.5888671875,802.1449584960938,1478.73388671875,828.4909057617188,1472.661376953125,815.3179321289062,12.14501953125,26.345947265625
IMG_0030.mp4,2050,68.40173506840173,29.97,450,0,auth_label,0.476578027009964,996.1664428710938,743.9888916015625,1088.73828125,856.2559204101562,1042.4523620605469,800.1224060058594,92.57183837890625,112.26702880859375
IMG_0030.mp4,2050,68.40173506840173,29.97,455,2,traffic_signs,0.5793283581733704,0.5867646336555481,218.2984161376953,198.25079345703125,383.24029541015625,99.4187790453434,300.7693557739258,197.6640288233757,164.94187927246094
IMG_0030.mp4,2050,68.40173506840173,29.97,421,1,traffic_lights,0.4656626880168915,1228.307861328125,750.5941162109375,1237.731689453125,770.9222412109375,1233.019775390625,760.7581787109375,9.423828125,20.328125
IMG_0030.mp4,2050,68.40173506840173,29.97,452,2,traffic_signs,0.65660560131073,1376.8350830078125,803.0427856445312,1394.8876953125,830.2891845703125,1385.8613891601562,816.6659851074219,18.0526123046875,27.24639892578125
IMG_0030.mp4,2050,68.40173506840173,29.97,453,2,traffic_signs,0.8227835297584534,1468.74365234375,801.1765747070312,1481.3568115234375,827.8021850585938,1475.0502319335938,814.4893798828125,12.6131591796875,26.6256103515625
IMG_0030.mp4,2051,68.4351017684351,29.97,450,0,auth_label,0.7268366813659668,997.5410766601562,743.8841552734375,1089.6832275390625,856.1675415039062,1043.6121520996094,800.0258483886719,92.14215087890625,112.28338623046875
IMG_0030.mp4,2051,68.4351017684351,29.97,455,2,traffic_signs,0.40466225147247314,0.0,197.57261657714844,175.07241821289062,370.2687072753906,87.53620910644531,283.92066192626953,175.07241821289062,172.6960906982422
IMG_0030.mp4,2051,68.4351017684351,29.97,421,1,traffic_lights,0.3095913529396057,1228.955810546875,750.2887573242188,1238.446044921875,770.8583374023438,1233.700927734375,760.5735473632812,9.490234375,20.569580078125
IMG_0030.mp4,2051,68.4351017684351,29.97,452,2,traffic_signs,0.6572211384773254,1378.7225341796875,803.22314453125,1396.5096435546875,830.1322631835938,1387.6160888671875,816.6777038574219,17.787109375,26.90911865234375
IMG_0030.mp4,2051,68.4351017684351,29.97,453,2,traffic_signs,0.8355457782745361,1471.135009765625,801.2342529296875,1483.914794921875,828.98681640625,1477.52490234375,815.1105346679688,12.77978515625,27.7525634765625
IMG_0030.mp4,2052,68.46846846846847,29.97,450,0,auth_label,0.6138400435447693,995.3697509765625,743.0875244140625,1088.7999267578125,855.2359008789062,1042.0848388671875,799.1617126464844,93.43017578125,112.14837646484375
IMG_0030.mp4,2052,68.46846846846847,29.97,455,2,traffic_signs,0.8433948159217834,0.0,176.55633544921875,146.83560180664062,353.18023681640625,73.41780090332031,264.8682861328125,146.83560180664062,176.6239013671875
IMG_0030.mp4,2052,68.46846846846847,29.97,421,1,traffic_lights,0.3087475597858429,1229.322021484375,749.7583618164062,1239.1278076171875,770.4413452148438,1234.2249145507812,760.099853515625,9.8057861328125,20.6829833984375
IMG_0030.mp4,2052,68.46846846846847,29.97,452,2,traffic_signs,0.589912474155426,1380.11083984375,802.7540283203125,1397.7164306640625,829.8934326171875,1388.9136352539062,816.32373046875,17.6055908203125,27.139404296875
IMG_0030.mp4,2052,68.46846846846847,29.97,453,2,traffic_signs,0.8338216543197632,1473.333740234375,800.8536987304688,1486.1644287109375,828.2974243164062,1479.7490844726562,814.5755615234375,12.8306884765625,27.4437255859375
IMG_0030.mp4,2053,68.50183516850184,29.97,450,0,auth_label,0.6107654571533203,994.7820434570312,742.71142578125,1087.2908935546875,854.642822265625,1041.0364685058594,798.6771240234375,92.50885009765625,111.931396484375
IMG_0030.mp4,2053,68.50183516850184,29.97,455,2,traffic_signs,0.8976690769195557,0.0,153.33425903320312,117.43910217285156,335.896728515625,58.71955108642578,244.61549377441406,117.43910217285156,182.56246948242188
IMG_0030.mp4,2053,68.50183516850184,29.97,421,1,traffic_lights,0.3908921778202057,1229.9752197265625,749.62060546875,1239.7266845703125,770.5765991210938,1234.8509521484375,760.0986022949219,9.75146484375,20.95599365234375
IMG_0030.mp4,2053,68.50183516850184,29.97,452,2,traffic_signs,0.5712289810180664,1382.1005859375,802.6771850585938,1399.4046630859375,830.7118530273438,1390.7526245117188,816.6945190429688,17.3040771484375,28.03466796875
IMG_0030.mp4,2053,68.50183516850184,29.97,453,2,traffic_signs,0.834813117980957,1475.753173828125,800.9848022460938,1488.517578125,828.7662963867188,1482.1353759765625,814.8755493164062,12.764404296875,27.781494140625
IMG_0030.mp4,2054,68.53520186853521,29.97,450,0,auth_label,0.6128284335136414,994.8673706054688,742.3002319335938,1087.8162841796875,854.2734985351562,1041.3418273925781,798.286865234375,92.94891357421875,111.9732666015625
IMG_0030.mp4,2054,68.53520186853521,29.97,455,2,traffic_signs,0.9277957677841187,0.0,140.88514709472656,87.90755462646484,320.0221862792969,43.95377731323242,230.45366668701172,87.90755462646484,179.1370391845703
IMG_0030.mp4,2054,68.53520186853521,29.97,421,1,traffic_lights,0.2953909635543823,1230.9112548828125,749.1319580078125,1240.62548828125,770.098876953125,1235.7683715820312,759.6154174804688,9.7142333984375,20.9669189453125
IMG_0030.mp4,2054,68.53520186853521,29.97,452,2,traffic_signs,0.4505031406879425,1383.8712158203125,801.5377807617188,1401.8485107421875,830.9588012695312,1392.85986328125,816.248291015625,17.977294921875,29.4210205078125
IMG_0030.mp4,2054,68.53520186853521,29.97,453,2,traffic_signs,0.8416395783424377,1478.0098876953125,800.557861328125,1491.0675048828125,828.6531372070312,1484.5386962890625,814.6054992675781,13.0576171875,28.09527587890625
IMG_0030.mp4,2055,68.56856856856857,29.97,450,0,auth_label,0.6272523999214172,994.3031616210938,742.7325439453125,1085.4635009765625,853.5582885742188,1039.8833312988281,798.1454162597656,91.16033935546875,110.82574462890625
IMG_0030.mp4,2055,68.56856856856857,29.97,455,2,traffic_signs,0.8453543186187744,0.0,135.70803833007812,53.69586944580078,300.6157531738281,26.84793472290039,218.16189575195312,53.69586944580078,164.90771484375
IMG_0030.mp4,2055,68.56856856856857,29.97,452,2,traffic_signs,0.6316285133361816,1384.1895751953125,801.5091552734375,1403.5531005859375,831.3469848632812,1393.871337890625,816.4280700683594,19.363525390625,29.83782958984375
IMG_0030.mp4,2055,68.56856856856857,29.97,453,2,traffic_signs,0.8576956987380981,1480.4073486328125,799.7380981445312,1493.639892578125,827.814453125,1487.0236206054688,813.7762756347656,13.2325439453125,28.07635498046875
IMG_0030.mp4,2056,68.60193526860193,29.97,450,0,auth_label,0.628221869468689,993.240966796875,742.78759765625,1083.34814453125,853.0591430664062,1038.2945556640625,797.9233703613281,90.107177734375,110.27154541015625
IMG_0030.mp4,2056,68.60193526860193,29.97,452,2,traffic_signs,0.5120944976806641,1385.1324462890625,801.5213012695312,1404.9500732421875,831.3296508789062,1395.041259765625,816.4254760742188,19.817626953125,29.808349609375
IMG_0030.mp4,2056,68.60193526860193,29.97,453,2,traffic_signs,0.830924391746521,1482.6865234375,800.3929443359375,1495.9622802734375,828.8111572265625,1489.3244018554688,814.60205078125,13.2757568359375,28.418212890625
IMG_0030.mp4,2056,68.60193526860193,29.97,421,1,traffic_lights,0.5539500117301941,1231.99658203125,748.5250244140625,1241.8795166015625,769.7576293945312,1236.9380493164062,759.1413269042969,9.8829345703125,21.23260498046875
IMG_0030.mp4,2057,68.6353019686353,29.97,450,0,auth_label,0.5970089435577393,992.90869140625,743.0958862304688,1083.5499267578125,852.889892578125,1038.2293090820312,797.9928894042969,90.6412353515625,109.79400634765625
IMG_0030.mp4,2057,68.6353019686353,29.97,452,2,traffic_signs,0.4675290286540985,1386.462158203125,802.163330078125,1405.89697265625,830.9991455078125,1396.1795654296875,816.5812377929688,19.434814453125,28.8358154296875
IMG_0030.mp4,2057,68.6353019686353,29.97,453,2,traffic_signs,0.8436105847358704,1484.977783203125,800.7532958984375,1498.4453125,828.906005859375,1491.7115478515625,814.8296508789062,13.467529296875,28.1527099609375
IMG_0030.mp4,2057,68.6353019686353,29.97,421,1,traffic_lights,0.5881001949310303,1232.5338134765625,748.7443237304688,1242.4918212890625,769.9408569335938,1237.5128173828125,759.3425903320312,9.9580078125,21.196533203125
IMG_0030.mp4,2058,68.66866866866867,29.97,450,0,auth_label,0.4924226999282837,992.7324829101562,743.1250610351562,1081.0445556640625,852.5008544921875,1036.8885192871094,797.8129577636719,88.31207275390625,109.37579345703125
IMG_0030.mp4,2058,68.66866866866867,29.97,452,2,traffic_signs,0.5398449897766113,1387.8265380859375,801.82421875,1406.3497314453125,830.3407592773438,1397.088134765625,816.0824890136719,18.523193359375,28.51654052734375
IMG_0030.mp4,2058,68.66866866866867,29.97,453,2,traffic_signs,0.8602822422981262,1486.140380859375,799.6495361328125,1499.6436767578125,828.3453369140625,1492.8920288085938,813.9974365234375,13.5032958984375,28.69580078125
IMG_0030.mp4,2058,68.66866866866867,29.97,421,1,traffic_lights,0.4912633001804352,1231.9566650390625,748.3807373046875,1242.1112060546875,769.5706787109375,1237.033935546875,758.9757080078125,10.154541015625,21.18994140625
IMG_0030.mp4,2059,68.70203536870204,29.97,450,0,auth_label,0.40517425537109375,994.7959594726562,742.7242431640625,1075.8492431640625,852.7156372070312,1035.3226013183594,797.7199401855469,81.05328369140625,109.99139404296875
IMG_0030.mp4,2059,68.70203536870204,29.97,453,2,traffic_signs,0.8583542108535767,1487.760009765625,799.2747802734375,1501.2535400390625,828.0458984375,1494.5067749023438,813.6603393554688,13.4935302734375,28.7711181640625
IMG_0030.mp4,2059,68.70203536870204,29.97,421,1,traffic_lights,0.6498449444770813,1232.4771728515625,748.33544921875,1242.3560791015625,769.1239624023438,1237.4166259765625,758.7297058105469,9.87890625,20.78851318359375
IMG_0030.mp4,2060,68.73540206873541,29.97,450,0,auth_label,0.49650683999061584,995.66650390625,742.3651733398438,1077.4822998046875,852.7845458984375,1036.5744018554688,797.5748596191406,81.8157958984375,110.41937255859375
IMG_0030.mp4,2060,68.73540206873541,29.97,453,2,traffic_signs,0.8637157678604126,1488.9547119140625,798.8614501953125,1502.9091796875,827.4371948242188,1495.9319458007812,813.1493225097656,13.9544677734375,28.57574462890625
IMG_0030.mp4,2060,68.73540206873541,29.97,421,1,traffic_lights,0.6898804306983948,1232.8740234375,748.2064208984375,1242.6942138671875,768.814208984375,1237.7841186523438,758.5103149414062,9.8201904296875,20.6077880859375
IMG_0030.mp4,2061,68.76876876876877,29.97,450,0,auth_label,0.5258100628852844,994.413330078125,741.586181640625,1075.9324951171875,852.5814208984375,1035.1729125976562,797.0838012695312,81.5191650390625,110.9952392578125
IMG_0030.mp4,2061,68.76876876876877,29.97,453,2,traffic_signs,0.8574835658073425,1490.04345703125,798.1170043945312,1503.9234619140625,826.0969848632812,1496.9834594726562,812.1069946289062,13.8800048828125,27.97998046875
IMG_0030.mp4,2061,68.76876876876877,29.97,421,1,traffic_lights,0.5788362622261047,1232.1842041015625,747.6209716796875,1242.0859375,768.4359130859375,1237.1350708007812,758.0284423828125,9.9017333984375,20.81494140625
IMG_0030.mp4,2062,68.80213546880213,29.97,450,0,auth_label,0.5153569579124451,994.0094604492188,741.2076416015625,1070.9959716796875,852.3464965820312,1032.5027160644531,796.7770690917969,76.98651123046875,111.13885498046875
IMG_0030.mp4,2062,68.80213546880213,29.97,453,2,traffic_signs,0.860255777835846,1491.70947265625,796.6285400390625,1505.8255615234375,824.9465942382812,1498.7675170898438,810.7875671386719,14.1160888671875,28.31805419921875
IMG_0030.mp4,2062,68.80213546880213,29.97,421,1,traffic_lights,0.6531215310096741,1232.615966796875,747.3214721679688,1242.3544921875,767.86865234375,1237.4852294921875,757.5950622558594,9.738525390625,20.54718017578125
IMG_0030.mp4,2063,68.8355021688355,29.97,450,0,auth_label,0.5540481209754944,991.7239379882812,741.4749755859375,1071.2215576171875,852.470703125,1031.4727478027344,796.9728393554688,79.49761962890625,110.9957275390625
IMG_0030.mp4,2063,68.8355021688355,29.97,453,2,traffic_signs,0.5531017780303955,1493.318115234375,796.474853515625,1507.2293701171875,825.4340209960938,1500.2737426757812,810.9544372558594,13.9112548828125,28.95916748046875
IMG_0030.mp4,2063,68.8355021688355,29.97,421,1,traffic_lights,0.5595843195915222,1232.3746337890625,747.206298828125,1242.222900390625,767.8473510742188,1237.2987670898438,757.5268249511719,9.8482666015625,20.64105224609375
IMG_0030.mp4,2063,68.8355021688355,29.97,487,0,auth_label,0.380649209022522,1061.749755859375,744.4237670898438,1085.851806640625,853.1851196289062,1073.80078125,798.804443359375,24.10205078125,108.7613525390625
IMG_0030.mp4,2064,68.86886886886887,29.97,450,0,auth_label,0.6850939989089966,989.9995727539062,741.2202758789062,1071.1104736328125,853.5347290039062,1030.5550231933594,797.3775024414062,81.11090087890625,112.314453125
IMG_0030.mp4,2064,68.86886886886887,29.97,453,2,traffic_signs,0.8465049862861633,1494.2568359375,796.4378051757812,1509.02099609375,826.8602905273438,1501.638916015625,811.6490478515625,14.76416015625,30.4224853515625
IMG_0030.mp4,2064,68.86886886886887,29.97,421,1,traffic_lights,0.5786646604537964,1232.4227294921875,747.1076049804688,1242.33740234375,767.977294921875,1237.3800659179688,757.5424499511719,9.9146728515625,20.86968994140625
IMG_0030.mp4,2064,68.86886886886887,29.97,487,0,auth_label,0.2950862646102905,1061.05126953125,744.2630004882812,1085.7169189453125,853.57373046875,1073.3840942382812,798.9183654785156,24.6656494140625,109.31072998046875
IMG_0030.mp4,2065,68.90223556890224,29.97,450,0,auth_label,0.7463932633399963,988.7005615234375,740.5684204101562,1064.9925537109375,854.0218505859375,1026.8465576171875,797.2951354980469,76.2919921875,113.45343017578125
IMG_0030.mp4,2065,68.90223556890224,29.97,453,2,traffic_signs,0.858366847038269,1495.270263671875,796.0381469726562,1510.787841796875,826.9722290039062,1503.029052734375,811.5051879882812,15.517578125,30.93408203125
IMG_0030.mp4,2065,68.90223556890224,29.97,421,1,traffic_lights,0.5508878827095032,1232.1402587890625,746.7770385742188,1241.976318359375,767.7413330078125,1237.0582885742188,757.2591857910156,9.8360595703125,20.96429443359375
IMG_0030.mp4,2065,68.90223556890224,29.97,487,0,auth_label,0.5898511409759521,1061.044189453125,743.8637084960938,1085.4676513671875,853.49951171875,1073.2559204101562,798.6816101074219,24.4234619140625,109.63580322265625
IMG_0030.mp4,2066,68.93560226893561,29.97,450,0,auth_label,0.649051308631897,988.5567626953125,740.5702514648438,1064.494140625,855.3538208007812,1026.5254516601562,797.9620361328125,75.9373779296875,114.7835693359375
IMG_0030.mp4,2066,68.93560226893561,29.97,453,2,traffic_signs,0.8695560693740845,1498.093994140625,796.4072875976562,1512.9676513671875,826.7579345703125,1505.5308227539062,811.5826110839844,14.8736572265625,30.35064697265625
IMG_0030.mp4,2066,68.93560226893561,29.97,421,1,traffic_lights,0.6349279880523682,1232.168212890625,746.7306518554688,1242.282470703125,768.0601806640625,1237.225341796875,757.3954162597656,10.1142578125,21.32952880859375
IMG_0030.mp4,2066,68.93560226893561,29.97,487,0,auth_label,0.5058835744857788,1061.02490234375,743.85009765625,1085.436279296875,854.4300537109375,1073.2305908203125,799.1400756835938,24.411376953125,110.5799560546875
IMG_0030.mp4,2067,68.96896896896897,29.97,450,0,auth_label,0.6547979712486267,988.4385986328125,740.1287231445312,1064.7496337890625,855.1751708984375,1026.5941162109375,797.6519470214844,76.31103515625,115.04644775390625
IMG_0030.mp4,2067,68.96896896896897,29.97,453,2,traffic_signs,0.8716297149658203,1499.9464111328125,796.2532348632812,1514.6300048828125,826.946533203125,1507.2882080078125,811.5998840332031,14.68359375,30.69329833984375
IMG_0030.mp4,2067,68.96896896896897,29.97,421,1,traffic_lights,0.5245355367660522,1231.8756103515625,746.3008422851562,1242.266845703125,767.913818359375,1237.0712280273438,757.1073303222656,10.3912353515625,21.61297607421875
IMG_0030.mp4,2067,68.96896896896897,29.97,487,0,auth_label,0.44780680537223816,1059.95361328125,743.2860107421875,1085.14697265625,854.2685546875,1072.55029296875,798.7772827148438,25.193359375,110.9825439453125
IMG_0030.mp4,2067,68.96896896896897,29.97,452,2,traffic_signs,0.32892632484436035,1397.8699951171875,800.4031982421875,1417.425537109375,830.2217407226562,1407.6477661132812,815.3124694824219,19.5555419921875,29.81854248046875
IMG_0030.mp4,2068,69.00233566900233,29.97,450,0,auth_label,0.6937934160232544,986.9223022460938,739.7786865234375,1062.4075927734375,855.1695556640625,1024.6649475097656,797.47412109375,75.48529052734375,115.390869140625
IMG_0030.mp4,2068,69.00233566900233,29.97,453,2,traffic_signs,0.8856062889099121,1502.28271484375,795.8986206054688,1516.8544921875,827.2960815429688,1509.568603515625,811.5973510742188,14.57177734375,31.3974609375
IMG_0030.mp4,2068,69.00233566900233,29.97,421,1,traffic_lights,0.5286415815353394,1231.729248046875,746.193115234375,1242.0870361328125,767.845458984375,1236.9081420898438,757.019287109375,10.3577880859375,21.65234375
IMG_0030.mp4,2068,69.00233566900233,29.97,487,0,auth_label,0.5168400406837463,1059.273193359375,742.8810424804688,1085.0726318359375,854.870849609375,1072.1729125976562,798.8759460449219,25.7994384765625,111.98980712890625
IMG_0030.mp4,2068,69.00233566900233,29.97,452,2,traffic_signs,0.4412156343460083,1397.52783203125,800.1461791992188,1418.6923828125,830.599365234375,1408.110107421875,815.3727722167969,21.16455078125,30.45318603515625
IMG_0030.mp4,2069,69.0357023690357,29.97,450,0,auth_label,0.6807497143745422,986.4010620117188,739.3900756835938,1060.114013671875,855.1859130859375,1023.2575378417969,797.2879943847656,73.71295166015625,115.79583740234375
IMG_0030.mp4,2069,69.0357023690357,29.97,453,2,traffic_signs,0.8861001133918762,1503.6968994140625,795.5701904296875,1518.1787109375,828.155517578125,1510.9378051757812,811.8628540039062,14.4818115234375,32.5853271484375
IMG_0030.mp4,2069,69.0357023690357,29.97,421,1,traffic_lights,0.3478490114212036,1231.5982666015625,745.52685546875,1241.845458984375,767.521728515625,1236.7218627929688,756.5242919921875,10.2471923828125,21.994873046875
IMG_0030.mp4,2069,69.0357023690357,29.97,487,0,auth_label,0.5281971096992493,1058.728759765625,742.4172973632812,1084.904541015625,855.386962890625,1071.816650390625,798.9021301269531,26.17578125,112.96966552734375
IMG_0030.mp4,2070,69.06906906906907,29.97,450,0,auth_label,0.6468790173530579,984.681640625,738.8212890625,1058.980224609375,854.6411743164062,1021.8309326171875,796.7312316894531,74.298583984375,115.81988525390625
IMG_0030.mp4,2070,69.06906906906907,29.97,453,2,traffic_signs,0.6633623242378235,1505.3948974609375,795.8047485351562,1519.7525634765625,828.9971313476562,1512.57373046875,812.4009399414062,14.357666015625,33.1923828125
IMG_0030.mp4,2070,69.06906906906907,29.97,421,1,traffic_lights,0.39717280864715576,1231.73388671875,745.2632446289062,1241.616455078125,766.82373046875,1236.6751708984375,756.0434875488281,9.882568359375,21.56048583984375
IMG_0030.mp4,2070,69.06906906906907,29.97,487,0,auth_label,0.5696848034858704,1058.1798095703125,742.0384521484375,1084.38720703125,856.08984375,1071.2835083007812,799.0641479492188,26.2073974609375,114.0513916015625
IMG_0030.mp4,2070,69.06906906906907,29.97,490,0,auth_label,0.40619540214538574,1056.7235107421875,740.4684448242188,1083.8443603515625,855.446533203125,1070.283935546875,797.9574890136719,27.120849609375,114.97808837890625
IMG_0030.mp4,2070,69.06906906906907,29.97,491,0,auth_label,0.48610758781433105,984.8522338867188,738.7919921875,1059.143798828125,855.2899780273438,1021.9980163574219,797.0409851074219,74.29156494140625,116.49798583984375
IMG_0030.mp4,2070,69.06906906906907,29.97,452,2,traffic_signs,0.3936397135257721,1398.10546875,799.7776489257812,1420.0218505859375,830.1912231445312,1409.0636596679688,814.9844360351562,21.9163818359375,30.41357421875
IMG_0030.mp4,2071,69.10243576910244,29.97,450,0,auth_label,0.66581130027771,984.142578125,738.3781127929688,1057.822265625,854.771484375,1020.982421875,796.5747985839844,73.6796875,116.39337158203125
IMG_0030.mp4,2071,69.10243576910244,29.97,453,2,traffic_signs,0.8606976270675659,1506.46923828125,796.1221923828125,1520.7862548828125,828.6611328125,1513.6277465820312,812.3916625976562,14.3170166015625,32.5389404296875
IMG_0030.mp4,2071,69.10243576910244,29.97,421,1,traffic_lights,0.34900668263435364,1231.5345458984375,745.052978515625,1241.2701416015625,766.1668090820312,1236.40234375,755.6098937988281,9.735595703125,21.11383056640625
IMG_0030.mp4,2071,69.10243576910244,29.97,487,0,auth_label,0.7280154824256897,1057.2408447265625,741.7627563476562,1083.8829345703125,856.566650390625,1070.5618896484375,799.1647033691406,26.64208984375,114.80389404296875
IMG_0030.mp4,2071,69.10243576910244,29.97,452,2,traffic_signs,0.4558093249797821,1398.23388671875,799.670654296875,1420.4620361328125,829.5070190429688,1409.3479614257812,814.5888366699219,22.2281494140625,29.83636474609375
IMG_0030.mp4,2072,69.13580246913581,29.97,450,0,auth_label,0.5198742151260376,982.5803833007812,738.1732788085938,1057.5238037109375,856.06298828125,1020.0520935058594,797.1181335449219,74.94342041015625,117.88970947265625
IMG_0030.mp4,2072,69.13580246913581,29.97,453,2,traffic_signs,0.8642796874046326,1507.3087158203125,795.9276123046875,1522.062255859375,828.0912475585938,1514.6854858398438,812.0094299316406,14.7535400390625,32.16363525390625
IMG_0030.mp4,2072,69.13580246913581,29.97,421,1,traffic_lights,0.34086164832115173,1230.6368408203125,745.2080078125,1240.364501953125,765.6113891601562,1235.5006713867188,755.4096984863281,9.7276611328125,20.40338134765625
IMG_0030.mp4,2072,69.13580246913581,29.97,487,0,auth_label,0.7198806405067444,1055.8443603515625,741.605712890625,1083.0594482421875,857.6593017578125,1069.451904296875,799.6325073242188,27.215087890625,116.0535888671875
IMG_0030.mp4,2072,69.13580246913581,29.97,452,2,traffic_signs,0.3861883878707886,1397.63623046875,799.4795532226562,1420.3978271484375,829.1986083984375,1409.0170288085938,814.3390808105469,22.7615966796875,29.71905517578125
IMG_0030.mp4,2073,69.16916916916917,29.97,450,0,auth_label,0.8461106419563293,981.4428100585938,737.6124877929688,1055.9307861328125,856.1883544921875,1018.6867980957031,796.9004211425781,74.48797607421875,118.57586669921875
IMG_0030.mp4,2073,69.16916916916917,29.97,453,2,traffic_signs,0.8710840940475464,1508.5650634765625,795.704345703125,1523.3463134765625,827.4295654296875,1515.9556884765625,811.5669555664062,14.78125,31.7252197265625
IMG_0030.mp4,2073,69.16916916916917,29.97,421,1,traffic_lights,0.38934609293937683,1230.2301025390625,744.9364013671875,1240.073974609375,764.979248046875,1235.1520385742188,754.9578247070312,9.8438720703125,20.0428466796875
IMG_0030.mp4,2073,69.16916916916917,29.97,487,0,auth_label,0.8086457252502441,1054.5179443359375,741.6891479492188,1082.30615234375,858.2891845703125,1068.4120483398438,799.9891662597656,27.7882080078125,116.60003662109375
IMG_0030.mp4,2073,69.16916916916917,29.97,452,2,traffic_signs,0.26300281286239624,1398.204345703125,799.1218872070312,1421.0335693359375,828.6416015625,1409.6189575195312,813.8817443847656,22.8292236328125,29.51971435546875
IMG_0030.mp4,2074,69.20253586920253,29.97,450,0,auth_label,0.8613995909690857,979.289306640625,736.8114624023438,1054.268798828125,852.9534912109375,1016.779052734375,794.8824768066406,74.9794921875,116.14202880859375
IMG_0030.mp4,2074,69.20253586920253,29.97,453,2,traffic_signs,0.8645459413528442,1510.189697265625,794.9169311523438,1524.3656005859375,827.4481811523438,1517.2776489257812,811.1825561523438,14.1759033203125,32.53125
IMG_0030.mp4,2074,69.20253586920253,29.97,421,1,traffic_lights,0.36375632882118225,1229.5389404296875,745.0330200195312,1239.5125732421875,764.7849731445312,1234.5257568359375,754.9089965820312,9.9736328125,19.751953125
IMG_0030.mp4,2074,69.20253586920253,29.97,487,0,auth_label,0.811607837677002,1053.2110595703125,742.1627197265625,1080.7451171875,857.53515625,1066.9780883789062,799.8489379882812,27.5340576171875,115.3724365234375
IMG_0030.mp4,2074,69.20253586920253,29.97,452,2,traffic_signs,0.3100908696651459,1398.5614013671875,798.8858642578125,1421.4588623046875,828.5237426757812,1410.0101318359375,813.7048034667969,22.8974609375,29.63787841796875
IMG_0030.mp4,2075,69.2359025692359,29.97,450,0,auth_label,0.7901761531829834,977.5443725585938,736.3795776367188,1053.0908203125,851.4418334960938,1015.3175964355469,793.9107055664062,75.54644775390625,115.062255859375
IMG_0030.mp4,2075,69.2359025692359,29.97,453,2,traffic_signs,0.8671512007713318,1511.4105224609375,794.9454345703125,1525.01220703125,826.7313842773438,1518.2113647460938,810.8384094238281,13.6016845703125,31.78594970703125
IMG_0030.mp4,2075,69.2359025692359,29.97,421,1,traffic_lights,0.3661157488822937,1228.8492431640625,744.9166259765625,1238.880859375,764.55419921875,1233.8650512695312,754.7354125976562,10.0316162109375,19.6375732421875
IMG_0030.mp4,2075,69.2359025692359,29.97,487,0,auth_label,0.7329629063606262,1051.70068359375,742.4395751953125,1079.1678466796875,857.1477661132812,1065.4342651367188,799.7936706542969,27.4671630859375,114.70819091796875
IMG_0030.mp4,2075,69.2359025692359,29.97,452,2,traffic_signs,0.2528474032878876,1398.8798828125,798.582275390625,1421.6322021484375,828.14306640625,1410.2560424804688,813.3626708984375,22.7523193359375,29.560791015625
IMG_0030.mp4,2076,69.26926926926927,29.97,450,0,auth_label,0.769153892993927,975.74072265625,735.9877319335938,1052.3572998046875,849.9963989257812,1014.0490112304688,792.9920654296875,76.6165771484375,114.0086669921875
IMG_0030.mp4,2076,69.26926926926927,29.97,453,2,traffic_signs,0.8648987412452698,1512.700927734375,794.4291381835938,1526.450927734375,825.34326171875,1519.575927734375,809.8861999511719,13.75,30.91412353515625
IMG_0030.mp4,2076,69.26926926926927,29.97,421,1,traffic_lights,0.48228052258491516,1228.4197998046875,744.4043579101562,1238.590576171875,764.5388793945312,1233.5051879882812,754.4716186523438,10.1707763671875,20.134521484375
IMG_0030.mp4,2076,69.26926926926927,29.97,487,0,auth_label,0.7458093762397766,1049.3197021484375,741.537353515625,1077.5194091796875,856.671875,1063.4195556640625,799.1046142578125,28.19970703125,115.134521484375
IMG_0030.mp4,2076,69.26926926926927,29.97,452,2,traffic_signs,0.28917601704597473,1399.2288818359375,798.0982055664062,1422.6119384765625,828.4724731445312,1410.92041015625,813.2853393554688,23.383056640625,30.374267578125
IMG_0030.mp4,2077,69.30263596930264,29.97,450,0,auth_label,0.7919421195983887,974.9430541992188,735.5076293945312,1050.947998046875,848.0634155273438,1012.9455261230469,791.7855224609375,76.00494384765625,112.5557861328125
IMG_0030.mp4,2077,69.30263596930264,29.97,453,2,traffic_signs,0.8704222440719604,1515.3919677734375,793.7654418945312,1529.0809326171875,824.3983764648438,1522.2364501953125,809.0819091796875,13.68896484375,30.6329345703125
IMG_0030.mp4,2077,69.30263596930264,29.97,487,0,auth_label,0.7199591398239136,1049.0565185546875,740.8182983398438,1077.0555419921875,855.49951171875,1063.0560302734375,798.1589050292969,27.9990234375,114.68121337890625
IMG_0030.mp4,2077,69.30263596930264,29.97,452,2,traffic_signs,0.4941418170928955,1402.074462890625,797.4991455078125,1424.6561279296875,827.3695068359375,1413.3652954101562,812.434326171875,22.5816650390625,29.870361328125
IMG_0030.mp4,2078,69.33600266933601,29.97,450,0,auth_label,0.7717353105545044,971.9646606445312,735.9501342773438,1047.4061279296875,848.3348388671875,1009.6853942871094,792.1424865722656,75.44146728515625,112.38470458984375
IMG_0030.mp4,2078,69.33600266933601,29.97,453,2,traffic_signs,0.8758530616760254,1514.6790771484375,793.7734375,1528.68701171875,824.5645141601562,1521.6830444335938,809.1689758300781,14.0079345703125,30.79107666015625
IMG_0030.mp4,2078,69.33600266933601,29.97,487,0,auth_label,0.800011157989502,1046.59765625,740.54736328125,1074.597412109375,855.7308349609375,1060.5975341796875,798.1390991210938,27.999755859375,115.1834716796875
IMG_0030.mp4,2078,69.33600266933601,29.97,452,2,traffic_signs,0.43034815788269043,1400.73095703125,797.2554321289062,1423.3115234375,827.3897705078125,1412.021240234375,812.3226013183594,22.58056640625,30.13433837890625
IMG_0030.mp4,2078,69.33600266933601,29.97,421,1,traffic_lights,0.5376136898994446,1227.869873046875,743.2794189453125,1238.11376953125,763.608642578125,1232.9918212890625,753.4440307617188,10.243896484375,20.3292236328125
IMG_0030.mp4,2079,69.36936936936937,29.97,450,0,auth_label,0.676703155040741,970.4149169921875,736.2680053710938,1045.402587890625,847.6719360351562,1007.9087524414062,791.969970703125,74.9876708984375,111.4039306640625
IMG_0030.mp4,2079,69.36936936936937,29.97,453,2,traffic_signs,0.874567449092865,1515.0369873046875,793.7152709960938,1529.1370849609375,824.0052490234375,1522.0870361328125,808.8602600097656,14.10009765625,30.28997802734375
IMG_0030.mp4,2079,69.36936936936937,29.97,487,0,auth_label,0.7807649970054626,1044.630126953125,739.9310302734375,1073.3277587890625,855.361328125,1058.9789428710938,797.6461791992188,28.6976318359375,115.4302978515625
IMG_0030.mp4,2079,69.36936936936937,29.97,452,2,traffic_signs,0.3921562135219574,1400.74267578125,796.8720703125,1422.4564208984375,826.5772094726562,1411.5995483398438,811.7246398925781,21.7137451171875,29.70513916015625
IMG_0030.mp4,2079,69.36936936936937,29.97,421,1,traffic_lights,0.597450315952301,1226.1187744140625,743.349609375,1236.458251953125,763.8225708007812,1231.2885131835938,753.5860900878906,10.3394775390625,20.47296142578125
IMG_0030.mp4,2080,69.40273606940274,29.97,450,0,auth_label,0.6320094466209412,968.906494140625,735.6932373046875,1044.2750244140625,848.6488647460938,1006.5907592773438,792.1710510253906,75.3685302734375,112.95562744140625
IMG_0030.mp4,2080,69.40273606940274,29.97,453,2,traffic_signs,0.8786547183990479,1515.3463134765625,792.9655151367188,1529.4549560546875,822.7957763671875,1522.400634765625,807.8806457519531,14.108642578125,29.83026123046875
IMG_0030.mp4,2080,69.40273606940274,29.97,487,0,auth_label,0.809283435344696,1042.791015625,738.8291015625,1071.7320556640625,855.5093994140625,1057.2615356445312,797.1692504882812,28.9410400390625,116.6802978515625
IMG_0030.mp4,2080,69.40273606940274,29.97,452,2,traffic_signs,0.40336087346076965,1399.6751708984375,795.7018432617188,1422.2222900390625,825.8224487304688,1410.94873046875,810.7621459960938,22.547119140625,30.12060546875
IMG_0030.mp4,2080,69.40273606940274,29.97,421,1,traffic_lights,0.6997566223144531,1224.7947998046875,742.3990478515625,1234.8582763671875,763.144775390625,1229.8265380859375,752.7719116210938,10.0634765625,20.7457275390625
IMG_0030.mp4,2081,69.4361027694361,29.97,450,0,auth_label,0.616365909576416,968.094482421875,735.3865966796875,1043.9417724609375,849.7356567382812,1006.0181274414062,792.5611267089844,75.8472900390625,114.34906005859375
IMG_0030.mp4,2081,69.4361027694361,29.97,453,2,traffic_signs,0.823871910572052,1517.1424560546875,791.8359985351562,1531.0845947265625,821.8477783203125,1524.113525390625,806.8418884277344,13.942138671875,30.01177978515625
IMG_0030.mp4,2081,69.4361027694361,29.97,487,0,auth_label,0.6438871622085571,1041.73828125,738.5664672851562,1071.1214599609375,856.4010620117188,1056.4298706054688,797.4837646484375,29.3831787109375,117.8345947265625
IMG_0030.mp4,2081,69.4361027694361,29.97,452,2,traffic_signs,0.4869266748428345,1400.1517333984375,795.1771240234375,1423.094482421875,825.3528442382812,1411.6231079101562,810.2649841308594,22.9427490234375,30.17572021484375
IMG_0030.mp4,2081,69.4361027694361,29.97,421,1,traffic_lights,0.6763080358505249,1224.0450439453125,741.7666625976562,1234.0380859375,762.654541015625,1229.0415649414062,752.2106018066406,9.9930419921875,20.88787841796875
IMG_0030.mp4,2082,69.46946946946947,29.97,450,0,auth_label,0.5054953098297119,966.9436645507812,734.86376953125,1043.7447509765625,849.8714599609375,1005.3442077636719,792.3676147460938,76.80108642578125,115.0076904296875
IMG_0030.mp4,2082,69.46946946946947,29.97,453,2,traffic_signs,0.7820568084716797,1517.635986328125,790.8626098632812,1531.506591796875,822.3497314453125,1524.5712890625,806.6061706542969,13.87060546875,31.48712158203125
IMG_0030.mp4,2082,69.46946946946947,29.97,487,0,auth_label,0.6353751420974731,1040.7816162109375,739.3403930664062,1068.5712890625,855.615478515625,1054.6764526367188,797.4779357910156,27.7896728515625,116.27508544921875
IMG_0030.mp4,2082,69.46946946946947,29.97,452,2,traffic_signs,0.5241128206253052,1399.754638671875,795.01953125,1423.3101806640625,825.8096313476562,1411.5324096679688,810.4145812988281,23.5555419921875,30.79010009765625
IMG_0030.mp4,2082,69.46946946946947,29.97,421,1,traffic_lights,0.6559821367263794,1222.803466796875,741.538330078125,1232.8282470703125,762.2930908203125,1227.8158569335938,751.9157104492188,10.0247802734375,20.7547607421875
IMG_0030.mp4,2083,69.50283616950284,29.97,450,0,auth_label,0.7033759355545044,966.9953002929688,734.7916259765625,1041.49462890625,847.960205078125,1004.2449645996094,791.3759155273438,74.49932861328125,113.1685791015625
IMG_0030.mp4,2083,69.50283616950284,29.97,487,0,auth_label,0.7761574983596802,1039.7908935546875,739.227783203125,1068.762939453125,853.379150390625,1054.2769165039062,796.303466796875,28.9720458984375,114.1513671875
IMG_0030.mp4,2083,69.50283616950284,29.97,452,2,traffic_signs,0.585269033908844,1401.248291015625,793.8504638671875,1425.234619140625,824.866943359375,1413.241455078125,809.3587036132812,23.986328125,31.0164794921875
IMG_0030.mp4,2084,69.53620286953621,29.97,450,0,auth_label,0.6642594337463379,963.8792724609375,734.6748657226562,1036.0595703125,847.263671875,999.9694213867188,790.9692687988281,72.1802978515625,112.58880615234375
IMG_0030.mp4,2084,69.53620286953621,29.97,487,0,auth_label,0.7230188846588135,1036.1990966796875,739.3936767578125,1065.94921875,853.0421142578125,1051.0741577148438,796.2178955078125,29.7501220703125,113.6484375
IMG_0030.mp4,2084,69.53620286953621,29.97,452,2,traffic_signs,0.5588349103927612,1398.502197265625,793.0830688476562,1423.3486328125,824.91064453125,1410.9254150390625,808.9968566894531,24.846435546875,31.82757568359375
IMG_0030.mp4,2084,69.53620286953621,29.97,495,2,traffic_signs,0.6948428153991699,1518.3526611328125,789.2891235351562,1533.0980224609375,820.7039794921875,1525.725341796875,804.9965515136719,14.745361328125,31.41485595703125
IMG_0030.mp4,2084,69.53620286953621,29.97,496,1,traffic_lights,0.699831485748291,1220.1365966796875,740.0062255859375,1230.22314453125,761.3836059570312,1225.1798706054688,750.6949157714844,10.0865478515625,21.37738037109375
IMG_0030.mp4,2085,69.56956956956957,29.97,450,0,auth_label,0.8177570104598999,961.2384033203125,733.9375,1033.168701171875,845.81005859375,997.2035522460938,789.873779296875,71.9302978515625,111.87255859375
IMG_0030.mp4,2085,69.56956956956957,29.97,487,0,auth_label,0.5580083131790161,1034.5689697265625,739.953125,1063.90234375,853.1041259765625,1049.2356567382812,796.5286254882812,29.3333740234375,113.1510009765625
IMG_0030.mp4,2085,69.56956956956957,29.97,452,2,traffic_signs,0.589942216873169,1397.378662109375,793.0350952148438,1423.41796875,824.9649658203125,1410.3983154296875,809.0000305175781,26.039306640625,31.92987060546875
IMG_0030.mp4,2085,69.56956956956957,29.97,495,2,traffic_signs,0.8558372855186462,1519.8682861328125,788.9027709960938,1534.483642578125,820.9883422851562,1527.1759643554688,804.945556640625,14.6153564453125,32.0855712890625
IMG_0030.mp4,2085,69.56956956956957,29.97,496,1,traffic_lights,0.39184561371803284,1219.0076904296875,739.7169799804688,1229.415771484375,761.3865356445312,1224.2117309570312,750.5517578125,10.4080810546875,21.6695556640625
IMG_0030.mp4,2086,69.60293626960294,29.97,450,0,auth_label,0.8508070707321167,958.4357299804688,733.7953491210938,1031.463623046875,846.4616088867188,994.9496765136719,790.1284790039062,73.02789306640625,112.666259765625
IMG_0030.mp4,2086,69.60293626960294,29.97,487,0,auth_label,0.5029599070549011,1033.3765869140625,739.8026123046875,1062.316162109375,853.7015380859375,1047.8463745117188,796.7520751953125,28.9395751953125,113.89892578125
IMG_0030.mp4,2086,69.60293626960294,29.97,452,2,traffic_signs,0.6381275653839111,1396.2335205078125,792.3775024414062,1423.151123046875,825.19384765625,1409.6923217773438,808.7856750488281,26.9176025390625,32.81634521484375
IMG_0030.mp4,2086,69.60293626960294,29.97,495,2,traffic_signs,0.8675453066825867,1520.33740234375,789.0365600585938,1534.9310302734375,821.3345336914062,1527.6342163085938,805.185546875,14.5936279296875,32.2979736328125
IMG_0030.mp4,2086,69.60293626960294,29.97,496,1,traffic_lights,0.6350513696670532,1218.10205078125,739.4276123046875,1228.4901123046875,761.0632934570312,1223.2960815429688,750.2454528808594,10.3880615234375,21.63568115234375
IMG_0030.mp4,2087,69.6363029696363,29.97,450,0,auth_label,0.8377472758293152,956.072265625,733.1776733398438,1029.58544921875,846.4517211914062,992.828857421875,789.814697265625,73.51318359375,113.2740478515625
IMG_0030.mp4,2087,69.6363029696363,29.97,487,0,auth_label,0.7922674417495728,1031.110595703125,738.4846801757812,1060.6607666015625,853.6901245117188,1045.8856811523438,796.08740234375,29.5501708984375,115.2054443359375
IMG_0030.mp4,2087,69.6363029696363,29.97,452,2,traffic_signs,0.649141252040863,1396.686279296875,791.942626953125,1423.7427978515625,825.2581787109375,1410.2145385742188,808.6004028320312,27.0565185546875,33.3155517578125
IMG_0030.mp4,2087,69.6363029696363,29.97,495,2,traffic_signs,0.8704366087913513,1521.4095458984375,788.8751831054688,1536.125732421875,821.1993408203125,1528.7676391601562,805.0372619628906,14.7161865234375,32.32415771484375
IMG_0030.mp4,2087,69.6363029696363,29.97,496,1,traffic_lights,0.6996122598648071,1217.2908935546875,739.3489990234375,1227.6004638671875,760.9479370117188,1222.4456787109375,750.1484680175781,10.3095703125,21.59893798828125
IMG_0030.mp4,2088,69.66966966966967,29.97,450,0,auth_label,0.7100794911384583,955.24072265625,732.9588012695312,1027.9713134765625,847.5546264648438,991.6060180664062,790.2567138671875,72.7305908203125,114.5958251953125
IMG_0030.mp4,2088,69.66966966966967,29.97,487,0,auth_label,0.6509389281272888,1028.7919921875,738.1690673828125,1059.0093994140625,853.751220703125,1043.9006958007812,795.9601440429688,30.2174072265625,115.5821533203125
IMG_0030.mp4,2088,69.66966966966967,29.97,452,2,traffic_signs,0.662796676158905,1396.23974609375,791.6024780273438,1423.333740234375,824.8994750976562,1409.7867431640625,808.2509765625,27.093994140625,33.2969970703125
IMG_0030.mp4,2088,69.66966966966967,29.97,495,2,traffic_signs,0.8797062635421753,1522.3511962890625,788.9241333007812,1536.765625,821.1044311523438,1529.5584106445312,805.0142822265625,14.4144287109375,32.1802978515625
IMG_0030.mp4,2088,69.66966966966967,29.97,496,1,traffic_lights,0.6823658347129822,1216.3389892578125,739.462646484375,1226.7020263671875,761.1228637695312,1221.5205078125,750.2927551269531,10.363037109375,21.66021728515625
IMG_0030.mp4,2089,69.70303636970304,29.97,450,0,auth_label,0.6259556412696838,954.00537109375,732.69140625,1026.4002685546875,847.6709594726562,990.2028198242188,790.1811828613281,72.3948974609375,114.97955322265625
IMG_0030.mp4,2089,69.70303636970304,29.97,487,0,auth_label,0.6956101059913635,1025.6966552734375,737.9655151367188,1057.26806640625,853.6490478515625,1041.4823608398438,795.8072814941406,31.5714111328125,115.68353271484375
IMG_0030.mp4,2089,69.70303636970304,29.97,452,2,traffic_signs,0.6827301383018494,1396.316650390625,791.4239501953125,1423.346923828125,825.3250122070312,1409.831787109375,808.3744812011719,27.0302734375,33.90106201171875
IMG_0030.mp4,2089,69.70303636970304,29.97,495,2,traffic_signs,0.8249319195747375,1523.1236572265625,788.6891479492188,1537.9420166015625,820.7324829101562,1530.5328369140625,804.7108154296875,14.818359375,32.0433349609375
IMG_0030.mp4,2089,69.70303636970304,29.97,496,1,traffic_lights,0.7606942057609558,1215.569580078125,739.4851684570312,1225.7158203125,760.9334106445312,1220.6427001953125,750.2092895507812,10.146240234375,21.4482421875
IMG_0030.mp4,2090,69.73640306973641,29.97,450,0,auth_label,0.6395887732505798,952.7262573242188,731.8076171875,1024.708740234375,846.4562377929688,988.7174987792969,789.1319274902344,71.98248291015625,114.64862060546875
IMG_0030.mp4,2090,69.73640306973641,29.97,487,0,auth_label,0.6836204528808594,1023.4937744140625,737.7514038085938,1055.7542724609375,852.9341430664062,1039.6240234375,795.3427734375,32.260498046875,115.1827392578125
IMG_0030.mp4,2090,69.73640306973641,29.97,452,2,traffic_signs,0.7128933668136597,1396.0714111328125,791.2571411132812,1422.7938232421875,825.2968139648438,1409.4326171875,808.2769775390625,26.722412109375,34.0396728515625
IMG_0030.mp4,2090,69.73640306973641,29.97,495,2,traffic_signs,0.891560971736908,1524.0623779296875,788.4352416992188,1539.48583984375,820.4837646484375,1531.7741088867188,804.4595031738281,15.4234619140625,32.04852294921875
IMG_0030.mp4,2090,69.73640306973641,29.97,496,1,traffic_lights,0.7508982419967651,1214.47900390625,739.0643920898438,1224.3284912109375,760.591796875,1219.4037475585938,749.8280944824219,9.8494873046875,21.52740478515625
IMG_0030.mp4,2091,69.76976976976977,29.97,450,0,auth_label,0.4987826347351074,950.2366333007812,731.5333251953125,1022.16455078125,845.7420654296875,986.2005920410156,788.6376953125,71.92791748046875,114.208740234375
IMG_0030.mp4,2091,69.76976976976977,29.97,487,0,auth_label,0.6953679323196411,1021.0927734375,736.8974609375,1054.123291015625,851.3770141601562,1037.6080322265625,794.1372375488281,33.030517578125,114.47955322265625
IMG_0030.mp4,2091,69.76976976976977,29.97,452,2,traffic_signs,0.7865629196166992,1395.4539794921875,791.3717041015625,1422.13134765625,825.3442993164062,1408.7926635742188,808.3580017089844,26.6773681640625,33.97259521484375
IMG_0030.mp4,2091,69.76976976976977,29.97,495,2,traffic_signs,0.8900254368782043,1524.6837158203125,788.446533203125,1540.5675048828125,820.8723754882812,1532.6256103515625,804.6594543457031,15.8837890625,32.42584228515625
IMG_0030.mp4,2091,69.76976976976977,29.97,496,1,traffic_lights,0.784427285194397,1212.677490234375,738.8390502929688,1222.778564453125,760.49951171875,1217.72802734375,749.6692810058594,10.10107421875,21.66046142578125
IMG_0030.mp4,2092,69.80313646980314,29.97,450,0,auth_label,0.4896281361579895,948.7505493164062,731.9879760742188,1020.5281982421875,845.4222412109375,984.6393737792969,788.7051086425781,71.77764892578125,113.43426513671875
IMG_0030.mp4,2092,69.80313646980314,29.97,487,0,auth_label,0.7759424448013306,1019.9639892578125,736.378662109375,1052.8223876953125,849.9911499023438,1036.3931884765625,793.1849060058594,32.8583984375,113.61248779296875
IMG_0030.mp4,2092,69.80313646980314,29.97,452,2,traffic_signs,0.7383651733398438,1396.5255126953125,791.470458984375,1422.4298095703125,824.9707641601562,1409.4776611328125,808.2206115722656,25.904296875,33.50030517578125
IMG_0030.mp4,2092,69.80313646980314,29.97,495,2,traffic_signs,0.8744205236434937,1526.1214599609375,787.6033935546875,1541.92138671875,820.6510620117188,1534.0214233398438,804.1272277832031,15.7999267578125,33.04766845703125
IMG_0030.mp4,2092,69.80313646980314,29.97,496,1,traffic_lights,0.8083866238594055,1211.851806640625,738.5173950195312,1222.08544921875,760.1709594726562,1216.9686279296875,749.3441772460938,10.233642578125,21.653564453125
IMG_0030.mp4,2093,69.8365031698365,29.97,450,0,auth_label,0.46354761719703674,947.3367919921875,731.6512451171875,1018.4017944335938,843.2427978515625,982.8692932128906,787.447021484375,71.06500244140625,111.591552734375
IMG_0030.mp4,2093,69.8365031698365,29.97,487,0,auth_label,0.8050037622451782,1018.618896484375,736.0751342773438,1050.812255859375,849.8638916015625,1034.715576171875,792.9695129394531,32.193359375,113.78875732421875
IMG_0030.mp4,2093,69.8365031698365,29.97,452,2,traffic_signs,0.727651834487915,1396.5804443359375,790.771728515625,1421.701416015625,824.0209350585938,1409.1409301757812,807.3963317871094,25.1209716796875,33.24920654296875
IMG_0030.mp4,2093,69.8365031698365,29.97,495,2,traffic_signs,0.876609742641449,1526.2716064453125,786.9986572265625,1542.024169921875,819.77587890625,1534.1478881835938,803.3872680664062,15.7525634765625,32.7772216796875
IMG_0030.mp4,2093,69.8365031698365,29.97,496,1,traffic_lights,0.8159409165382385,1210.389892578125,738.0139770507812,1220.600341796875,759.7797241210938,1215.4951171875,748.8968505859375,10.21044921875,21.7657470703125
IMG_0030.mp4,2094,69.86986986986987,29.97,450,0,auth_label,0.5765756964683533,945.2032470703125,732.018798828125,1015.5294799804688,843.4409790039062,980.3663635253906,787.7298889160156,70.32623291015625,111.42218017578125
IMG_0030.mp4,2094,69.86986986986987,29.97,487,0,auth_label,0.8259360790252686,1016.5617065429688,735.9400634765625,1049.30419921875,850.4611206054688,1032.9329528808594,793.2005920410156,32.74249267578125,114.52105712890625
IMG_0030.mp4,2094,69.86986986986987,29.97,452,2,traffic_signs,0.7311515808105469,1396.31201171875,789.9205932617188,1421.2431640625,823.611572265625,1408.777587890625,806.7660827636719,24.93115234375,33.69097900390625
IMG_0030.mp4,2094,69.86986986986987,29.97,495,2,traffic_signs,0.8865746259689331,1526.662109375,786.1475830078125,1543.010986328125,819.4990234375,1534.8365478515625,802.8233032226562,16.348876953125,33.3514404296875
IMG_0030.mp4,2094,69.86986986986987,29.97,496,1,traffic_lights,0.8025948405265808,1208.7767333984375,737.359619140625,1219.5106201171875,759.6632690429688,1214.1436767578125,748.5114440917969,10.73388671875,22.30364990234375
IMG_0030.mp4,2095,69.90323656990324,29.97,450,0,auth_label,0.5413739085197449,943.3067016601562,731.032958984375,1012.7936401367188,841.3287963867188,978.0501708984375,786.1808776855469,69.4869384765625,110.29583740234375
IMG_0030.mp4,2095,69.90323656990324,29.97,487,0,auth_label,0.41210538148880005,1013.0245971679688,734.2188720703125,1047.4266357421875,851.7356567382812,1030.2256164550781,792.9772644042969,34.40203857421875,117.51678466796875
IMG_0030.mp4,2095,69.90323656990324,29.97,452,2,traffic_signs,0.7184246778488159,1396.1923828125,789.359375,1420.8841552734375,822.8228149414062,1408.5382690429688,806.0910949707031,24.6917724609375,33.46343994140625
IMG_0030.mp4,2095,69.90323656990324,29.97,495,2,traffic_signs,0.8853814005851746,1527.3956298828125,784.2300415039062,1543.790771484375,818.4775390625,1535.5932006835938,801.3537902832031,16.3951416015625,34.24749755859375
IMG_0030.mp4,2095,69.90323656990324,29.97,496,1,traffic_lights,0.7527745366096497,1207.5458984375,736.74755859375,1217.9595947265625,759.4515991210938,1212.7527465820312,748.0995788574219,10.4136962890625,22.70404052734375
IMG_0030.mp4,2096,69.93660326993661,29.97,450,0,auth_label,0.7735676765441895,941.6148071289062,730.4846801757812,1009.650390625,840.8273315429688,975.6325988769531,785.656005859375,68.03558349609375,110.3426513671875
IMG_0030.mp4,2096,69.93660326993661,29.97,487,0,auth_label,0.7805442214012146,1010.0934448242188,734.1925048828125,1044.9783935546875,851.6577758789062,1027.5359191894531,792.9251403808594,34.88494873046875,117.46527099609375
IMG_0030.mp4,2096,69.93660326993661,29.97,452,2,traffic_signs,0.7099424004554749,1395.763427734375,789.0327758789062,1420.6881103515625,822.08447265625,1408.2257690429688,805.5586242675781,24.9246826171875,33.05169677734375
IMG_0030.mp4,2096,69.93660326993661,29.97,495,2,traffic_signs,0.880662202835083,1527.81884765625,783.2322998046875,1545.0328369140625,818.69580078125,1536.4258422851562,800.9640502929688,17.2139892578125,35.4635009765625
IMG_0030.mp4,2096,69.93660326993661,29.97,496,1,traffic_lights,0.7241078615188599,1205.9232177734375,736.1166381835938,1216.5865478515625,759.4187622070312,1211.2548828125,747.7677001953125,10.663330078125,23.3021240234375
IMG_0030.mp4,2097,69.96996996996997,29.97,450,0,auth_label,0.6845332384109497,938.9425048828125,730.36572265625,1007.3177490234375,841.8948974609375,973.130126953125,786.1303100585938,68.375244140625,111.5291748046875
IMG_0030.mp4,2097,69.96996996996997,29.97,487,0,auth_label,0.8334034085273743,1007.1055908203125,734.139404296875,1043.33349609375,851.1428833007812,1025.2195434570312,792.6411437988281,36.2279052734375,117.00347900390625
IMG_0030.mp4,2097,69.96996996996997,29.97,452,2,traffic_signs,0.6440019011497498,1395.7958984375,789.029296875,1420.5,821.1804809570312,1408.14794921875,805.1048889160156,24.7041015625,32.15118408203125
IMG_0030.mp4,2097,69.96996996996997,29.97,495,2,traffic_signs,0.8977733850479126,1528.45849609375,783.2300415039062,1545.76953125,818.742919921875,1537.114013671875,800.9864807128906,17.31103515625,35.51287841796875
IMG_0030.mp4,2097,69.96996996996997,29.97,496,1,traffic_lights,0.7676301598548889,1204.5721435546875,735.8151245117188,1215.2432861328125,758.93603515625,1209.90771484375,747.3755798339844,10.671142578125,23.12091064453125
IMG_0030.mp4,2098,70.00333667000334,29.97,450,0,auth_label,0.8196606040000916,935.4996948242188,729.607666015625,1004.2832641601562,840.712158203125,969.8914794921875,785.159912109375,68.7835693359375,111.1044921875
IMG_0030.mp4,2098,70.00333667000334,29.97,487,0,auth_label,0.9060640931129456,1004.3989868164062,732.928466796875,1041.9063720703125,850.9495239257812,1023.1526794433594,791.9389953613281,37.50738525390625,118.02105712890625
IMG_0030.mp4,2098,70.00333667000334,29.97,452,2,traffic_signs,0.5613012313842773,1395.5433349609375,788.916748046875,1420.4263916015625,820.0116577148438,1407.98486328125,804.4642028808594,24.883056640625,31.09490966796875
IMG_0030.mp4,2098,70.00333667000334,29.97,495,2,traffic_signs,0.8992069363594055,1529.0938720703125,782.4216918945312,1546.681396484375,818.2803955078125,1537.8876342773438,800.3510437011719,17.5875244140625,35.85870361328125
IMG_0030.mp4,2098,70.00333667000334,29.97,496,1,traffic_lights,0.7289742827415466,1203.449462890625,735.3972778320312,1213.8450927734375,758.0538330078125,1208.6472778320312,746.7255554199219,10.3956298828125,22.65655517578125
IMG_0030.mp4,2099,70.0367033700367,29.97,450,0,auth_label,0.8012126088142395,932.89501953125,728.787841796875,1001.8095703125,838.5489501953125,967.352294921875,783.6683959960938,68.91455078125,109.7611083984375
IMG_0030.mp4,2099,70.0367033700367,29.97,487,0,auth_label,0.9086134433746338,1001.5463256835938,731.1929931640625,1040.770263671875,851.0043334960938,1021.1582946777344,791.0986633300781,39.22393798828125,119.81134033203125
IMG_0030.mp4,2099,70.0367033700367,29.97,452,2,traffic_signs,0.5362346172332764,1395.959228515625,788.6362915039062,1420.7344970703125,819.3445434570312,1408.3468627929688,803.9904174804688,24.7752685546875,30.708251953125
IMG_0030.mp4,2099,70.0367033700367,29.97,495,2,traffic_signs,0.9033323526382446,1530.394287109375,781.1781616210938,1548.1075439453125,818.0687866210938,1539.2509155273438,799.6234741210938,17.7132568359375,36.890625
IMG_0030.mp4,2099,70.0367033700367,29.97,496,1,traffic_lights,0.7139739394187927,1202.5782470703125,734.98291015625,1212.9200439453125,757.0532836914062,1207.7491455078125,746.0180969238281,10.341796875,22.07037353515625
IMG_0030.mp4,2099,70.0367033700367,29.97,499,2,traffic_signs,0.4041346311569214,1395.4326171875,787.9444580078125,1421.0382080078125,819.8382568359375,1408.2354125976562,803.891357421875,25.6055908203125,31.893798828125
IMG_0030.mp4,2100,70.07007007007007,29.97,450,0,auth_label,0.845105767250061,930.2088623046875,728.3095703125,999.1273193359375,838.970703125,964.6680908203125,783.64013671875,68.91845703125,110.6611328125
IMG_0030.mp4,2100,70.07007007007007,29.97,487,0,auth_label,0.9126524925231934,998.204345703125,729.47021484375,1038.914306640625,849.43212890625,1018.559326171875,789.451171875,40.7099609375,119.9619140625
IMG_0030.mp4,2100,70.07007007007007,29.97,495,2,traffic_signs,0.8994786739349365,1530.42822265625,780.177978515625,1548.09423828125,817.7870483398438,1539.26123046875,798.9825134277344,17.666015625,37.60906982421875
IMG_0030.mp4,2100,70.07007007007007,29.97,496,1,traffic_lights,0.7216004729270935,1200.7760009765625,734.360595703125,1211.1063232421875,756.265625,1205.941162109375,745.3131103515625,10.330322265625,21.905029296875
IMG_0030.mp4,2101,70.10343677010344,29.97,450,0,auth_label,0.8119847774505615,927.8910522460938,727.1350708007812,996.2498779296875,836.3173217773438,962.0704650878906,781.7261962890625,68.35882568359375,109.1822509765625
IMG_0030.mp4,2101,70.10343677010344,29.97,487,0,auth_label,0.8855611085891724,996.1277465820312,728.12841796875,1036.3470458984375,847.4708251953125,1016.2373962402344,787.7996215820312,40.21929931640625,119.3424072265625
IMG_0030.mp4,2101,70.10343677010344,29.97,495,2,traffic_signs,0.8974469304084778,1530.903076171875,778.9159545898438,1548.409423828125,816.2528686523438,1539.65625,797.5844116210938,17.50634765625,37.3369140625
IMG_0030.mp4,2101,70.10343677010344,29.97,496,1,traffic_lights,0.43914994597435,1199.1910400390625,733.0936279296875,1209.4422607421875,755.3798217773438,1204.316650390625,744.2367248535156,10.251220703125,22.28619384765625
IMG_0030.mp4,2101,70.10343677010344,29.97,452,2,traffic_signs,0.7094692587852478,1394.8955078125,786.1859741210938,1420.1944580078125,818.92431640625,1407.5449829101562,802.5551452636719,25.2989501953125,32.73834228515625
IMG_0030.mp4,2102,70.13680347013681,29.97,450,0,auth_label,0.6193037629127502,927.26953125,725.028076171875,995.5631713867188,835.3921508789062,961.4163513183594,780.2101135253906,68.29364013671875,110.36407470703125
IMG_0030.mp4,2102,70.13680347013681,29.97,487,0,auth_label,0.8877933025360107,995.5267333984375,727.2864379882812,1035.5064697265625,847.0365600585938,1015.5166015625,787.1614990234375,39.979736328125,119.7501220703125
IMG_0030.mp4,2102,70.13680347013681,29.97,495,2,traffic_signs,0.8937522172927856,1531.464599609375,777.808837890625,1548.974365234375,816.073486328125,1540.219482421875,796.941162109375,17.509765625,38.2646484375
IMG_0030.mp4,2102,70.13680347013681,29.97,496,1,traffic_lights,0.5856199264526367,1198.103271484375,732.844970703125,1208.4852294921875,755.1424560546875,1203.2942504882812,743.9937133789062,10.3819580078125,22.2974853515625
IMG_0030.mp4,2102,70.13680347013681,29.97,452,2,traffic_signs,0.7317349314689636,1393.3681640625,785.6387939453125,1420.742919921875,818.8701171875,1407.0555419921875,802.2544555664062,27.374755859375,33.2313232421875
IMG_0030.mp4,2103,70.17017017017017,29.97,450,0,auth_label,0.5912451148033142,926.4296875,724.4634399414062,993.2446899414062,837.3272705078125,959.8371887207031,780.8953552246094,66.81500244140625,112.86383056640625
IMG_0030.mp4,2103,70.17017017017017,29.97,487,0,auth_label,0.8893362283706665,993.691162109375,725.7017822265625,1034.260009765625,847.251220703125,1013.9755859375,786.4765014648438,40.56884765625,121.5494384765625
IMG_0030.mp4,2103,70.17017017017017,29.97,495,2,traffic_signs,0.8893916010856628,1531.726318359375,777.6426391601562,1549.0477294921875,815.4668579101562,1540.3870239257812,796.5547485351562,17.3214111328125,37.82421875
IMG_0030.mp4,2103,70.17017017017017,29.97,496,1,traffic_lights,0.6303312182426453,1196.496337890625,732.730712890625,1206.9400634765625,755.112060546875,1201.7182006835938,743.92138671875,10.4437255859375,22.38134765625
IMG_0030.mp4,2103,70.17017017017017,29.97,452,2,traffic_signs,0.7350176572799683,1392.0439453125,785.0449829101562,1420.2769775390625,818.861328125,1406.1604614257812,801.9531555175781,28.2330322265625,33.81634521484375
IMG_0030.mp4,2104,70.20353687020354,29.97,450,0,auth_label,0.6673896908760071,925.7164916992188,724.4373168945312,989.5363159179688,837.3627319335938,957.6264038085938,780.9000244140625,63.81982421875,112.9254150390625
IMG_0030.mp4,2104,70.20353687020354,29.97,487,0,auth_label,0.8966696262359619,990.6029052734375,725.3379516601562,1033.1422119140625,847.5951538085938,1011.87255859375,786.466552734375,42.539306640625,122.2572021484375
IMG_0030.mp4,2104,70.20353687020354,29.97,495,2,traffic_signs,0.8948862552642822,1532.921875,776.158935546875,1550.7559814453125,814.5570678710938,1541.8389282226562,795.3580017089844,17.8341064453125,38.39813232421875
IMG_0030.mp4,2104,70.20353687020354,29.97,496,1,traffic_lights,0.6113142371177673,1195.3216552734375,731.9328002929688,1205.228271484375,754.160400390625,1200.2749633789062,743.0466003417969,9.9066162109375,22.22760009765625
IMG_0030.mp4,2104,70.20353687020354,29.97,452,2,traffic_signs,0.6463335752487183,1392.6351318359375,784.2529907226562,1420.076171875,818.0249633789062,1406.3556518554688,801.1389770507812,27.4410400390625,33.77197265625
IMG_0030.mp4,2105,70.2369035702369,29.97,450,0,auth_label,0.7797412872314453,922.1905517578125,724.6976928710938,985.6766967773438,837.0918579101562,953.9336242675781,780.894775390625,63.48614501953125,112.3941650390625
IMG_0030.mp4,2105,70.2369035702369,29.97,487,0,auth_label,0.8804110884666443,987.5440673828125,724.7123413085938,1030.341064453125,848.7348022460938,1008.9425659179688,786.7235717773438,42.7969970703125,124.0224609375
IMG_0030.mp4,2105,70.2369035702369,29.97,495,2,traffic_signs,0.8950991630554199,1533.467529296875,775.6076049804688,1552.0166015625,813.9124145507812,1542.7420654296875,794.760009765625,18.549072265625,38.3048095703125
IMG_0030.mp4,2105,70.2369035702369,29.97,496,1,traffic_lights,0.7344229817390442,1193.399658203125,731.399658203125,1203.449951171875,753.7832641601562,1198.4248046875,742.5914611816406,10.05029296875,22.38360595703125
IMG_0030.mp4,2105,70.2369035702369,29.97,452,2,traffic_signs,0.6567072868347168,1392.533447265625,783.7208862304688,1419.9080810546875,817.5842895507812,1406.2207641601562,800.652587890625,27.3746337890625,33.8634033203125
IMG_0030.mp4,2106,70.27027027027027,29.97,450,0,auth_label,0.757466733455658,919.91259765625,724.2178344726562,982.9150390625,836.3621826171875,951.413818359375,780.2900085449219,63.00244140625,112.14434814453125
IMG_0030.mp4,2106,70.27027027027027,29.97,487,0,auth_label,0.8613038063049316,985.2359008789062,723.846923828125,1029.004638671875,848.46923828125,1007.1202697753906,786.1580810546875,43.76873779296875,124.622314453125
IMG_0030.mp4,2106,70.27027027027027,29.97,495,2,traffic_signs,0.8976513743400574,1534.94140625,774.23046875,1553.305419921875,812.7513427734375,1544.1234130859375,793.4909057617188,18.364013671875,38.5208740234375
IMG_0030.mp4,2106,70.27027027027027,29.97,496,1,traffic_lights,0.7246865034103394,1192.3153076171875,731.0877685546875,1202.350341796875,753.31103515625,1197.3328247070312,742.1994018554688,10.0350341796875,22.2232666015625
IMG_0030.mp4,2106,70.27027027027027,29.97,452,2,traffic_signs,0.7334911823272705,1392.0791015625,782.6309204101562,1420.3096923828125,816.9323120117188,1406.1943969726562,799.7816162109375,28.2305908203125,34.3013916015625
IMG_0030.mp4,2107,70.30363697030364,29.97,450,0,auth_label,0.604466438293457,919.1182250976562,724.5084228515625,981.2911987304688,836.121826171875,950.2047119140625,780.3151245117188,62.1729736328125,111.6134033203125
IMG_0030.mp4,2107,70.30363697030364,29.97,487,0,auth_label,0.8566204905509949,983.1569213867188,724.5836181640625,1027.499267578125,847.669677734375,1005.3280944824219,786.1266479492188,44.34234619140625,123.0860595703125
IMG_0030.mp4,2107,70.30363697030364,29.97,495,2,traffic_signs,0.9105669260025024,1536.8270263671875,773.4822998046875,1554.8773193359375,811.9150390625,1545.8521728515625,792.6986694335938,18.05029296875,38.4327392578125
IMG_0030.mp4,2107,70.30363697030364,29.97,496,1,traffic_lights,0.7078602910041809,1191.63330078125,730.5838012695312,1201.67041015625,752.6505126953125,1196.65185546875,741.6171569824219,10.037109375,22.06671142578125
IMG_0030.mp4,2107,70.30363697030364,29.97,452,2,traffic_signs,0.7267702221870422,1391.9161376953125,781.4853515625,1420.827880859375,816.078369140625,1406.3720092773438,798.7818603515625,28.9117431640625,34.593017578125
IMG_0030.mp4,2108,70.33700367033701,29.97,450,0,auth_label,0.7458056211471558,918.3501586914062,722.8008422851562,977.3681640625,834.4247436523438,947.8591613769531,778.61279296875,59.01800537109375,111.6239013671875
IMG_0030.mp4,2108,70.33700367033701,29.97,487,0,auth_label,0.6260051727294922,978.167236328125,723.3856201171875,1023.5475463867188,848.139892578125,1000.8573913574219,785.7627563476562,45.38031005859375,124.7542724609375
IMG_0030.mp4,2108,70.33700367033701,29.97,495,2,traffic_signs,0.918585479259491,1536.8519287109375,772.819091796875,1555.36279296875,811.9519653320312,1546.1073608398438,792.3855285644531,18.5108642578125,39.13287353515625
IMG_0030.mp4,2108,70.33700367033701,29.97,496,1,traffic_lights,0.7088561654090881,1189.275390625,730.3147583007812,1199.424560546875,752.2941284179688,1194.3499755859375,741.304443359375,10.149169921875,21.9793701171875
IMG_0030.mp4,2108,70.33700367033701,29.97,452,2,traffic_signs,0.6607229113578796,1391.0819091796875,781.0928344726562,1419.7838134765625,815.5584716796875,1405.432861328125,798.3256530761719,28.701904296875,34.46563720703125
IMG_0030.mp4,2109,70.37037037037037,29.97,450,0,auth_label,0.7698566913604736,925.0903930664062,722.0783081054688,975.3108520507812,832.5169067382812,950.2006225585938,777.297607421875,50.220458984375,110.4385986328125
IMG_0030.mp4,2109,70.37037037037037,29.97,487,0,auth_label,0.747534453868866,975.4666137695312,722.9378051757812,1022.7785034179688,845.154296875,999.12255859375,784.0460510253906,47.3118896484375,122.21649169921875
IMG_0030.mp4,2109,70.37037037037037,29.97,495,2,traffic_signs,0.8825693130493164,1538.5394287109375,772.4627685546875,1557.973876953125,811.4334106445312,1548.2566528320312,791.9480895996094,19.4344482421875,38.97064208984375
IMG_0030.mp4,2109,70.37037037037037,29.97,496,1,traffic_lights,0.7301636338233948,1188.5350341796875,729.6104125976562,1199.0191650390625,751.687744140625,1193.777099609375,740.6490783691406,10.484130859375,22.07733154296875
IMG_0030.mp4,2109,70.37037037037037,29.97,452,2,traffic_signs,0.6843084692955017,1392.06396484375,780.5317993164062,1420.5767822265625,814.85009765625,1406.3203735351562,797.6909484863281,28.5128173828125,34.31829833984375
IMG_0030.mp4,2110,70.40373707040374,29.97,450,0,auth_label,0.7362560033798218,925.7802124023438,721.5409545898438,973.1783447265625,831.4647216796875,949.4792785644531,776.5028381347656,47.39813232421875,109.92376708984375
IMG_0030.mp4,2110,70.40373707040374,29.97,487,0,auth_label,0.7861595153808594,972.8107299804688,722.5429077148438,1020.5045776367188,844.0319213867188,996.6576538085938,783.2874145507812,47.69384765625,121.489013671875
IMG_0030.mp4,2110,70.40373707040374,29.97,495,2,traffic_signs,0.8875083327293396,1539.468017578125,771.7421264648438,1559.3773193359375,810.9827270507812,1549.4226684570312,791.3624267578125,19.9093017578125,39.2406005859375
IMG_0030.mp4,2110,70.40373707040374,29.97,496,1,traffic_lights,0.7750597596168518,1186.896240234375,728.9494018554688,1197.407958984375,751.0994873046875,1192.152099609375,740.0244445800781,10.51171875,22.15008544921875
IMG_0030.mp4,2110,70.40373707040374,29.97,452,2,traffic_signs,0.6759334206581116,1391.906005859375,779.9343872070312,1420.560791015625,814.2268676757812,1406.2333984375,797.0806274414062,28.65478515625,34.29248046875
IMG_0030.mp4,2110,70.40373707040374,29.97,502,2,traffic_signs,0.5938945412635803,1110.4683837890625,797.8385620117188,1134.1673583984375,819.2823486328125,1122.31787109375,808.5604553222656,23.698974609375,21.44378662109375
IMG_0030.mp4,2111,70.4371037704371,29.97,450,0,auth_label,0.5694288015365601,914.3250122070312,720.5814819335938,970.9741821289062,833.8265380859375,942.6495971679688,777.2040100097656,56.649169921875,113.24505615234375
IMG_0030.mp4,2111,70.4371037704371,29.97,487,0,auth_label,0.8710201978683472,971.2044677734375,721.3701171875,1018.0376586914062,844.73388671875,994.6210632324219,783.052001953125,46.83319091796875,123.36376953125
IMG_0030.mp4,2111,70.4371037704371,29.97,495,2,traffic_signs,0.8930666446685791,1541.17333984375,771.1094970703125,1561.3099365234375,810.6694946289062,1551.2416381835938,790.8894958496094,20.1365966796875,39.55999755859375
IMG_0030.mp4,2111,70.4371037704371,29.97,496,1,traffic_lights,0.7741603255271912,1185.35107421875,728.2247924804688,1196.0865478515625,750.8583374023438,1190.7188110351562,739.5415649414062,10.7354736328125,22.633544921875
IMG_0030.mp4,2111,70.4371037704371,29.97,452,2,traffic_signs,0.7380656599998474,1391.682861328125,779.5228881835938,1420.826171875,814.199951171875,1406.2545166015625,796.8614196777344,29.143310546875,34.67706298828125
IMG_0030.mp4,2111,70.4371037704371,29.97,502,2,traffic_signs,0.6412352919578552,1108.796142578125,797.9261474609375,1131.306640625,820.0961303710938,1120.0513916015625,809.0111389160156,22.510498046875,22.16998291015625
IMG_0030.mp4,2112,70.47047047047047,29.97,450,0,auth_label,0.50552898645401,909.6981201171875,720.0455932617188,969.199462890625,835.8358154296875,939.4487915039062,777.9407043457031,59.5013427734375,115.79022216796875
IMG_0030.mp4,2112,70.47047047047047,29.97,487,0,auth_label,0.8986349701881409,969.6353149414062,721.2188720703125,1015.9660034179688,845.6094970703125,992.8006591796875,783.4141845703125,46.3306884765625,124.390625
IMG_0030.mp4,2112,70.47047047047047,29.97,495,2,traffic_signs,0.8828286528587341,1542.52294921875,770.37548828125,1562.9007568359375,810.909912109375,1552.7118530273438,790.6427001953125,20.3778076171875,40.534423828125
IMG_0030.mp4,2112,70.47047047047047,29.97,496,1,traffic_lights,0.7884282469749451,1184.0633544921875,727.29443359375,1194.9219970703125,750.29638671875,1189.49267578125,738.79541015625,10.858642578125,23.001953125
IMG_0030.mp4,2112,70.47047047047047,29.97,452,2,traffic_signs,0.689108669757843,1391.7630615234375,778.672607421875,1420.821044921875,813.6138916015625,1406.2920532226562,796.1432495117188,29.0579833984375,34.9412841796875
IMG_0030.mp4,2112,70.47047047047047,29.97,502,2,traffic_signs,0.5507692694664001,1106.9591064453125,797.4064331054688,1129.7850341796875,819.8048095703125,1118.3720703125,808.6056213378906,22.825927734375,22.39837646484375
IMG_0030.mp4,2113,70.50383717050384,29.97,450,0,auth_label,0.3898361921310425,905.4696655273438,719.2236938476562,964.6605224609375,835.7114868164062,935.0650939941406,777.4675903320312,59.19085693359375,116.48779296875
IMG_0030.mp4,2113,70.50383717050384,29.97,487,0,auth_label,0.8925012946128845,965.4793090820312,719.8264770507812,1013.4210815429688,847.5673217773438,989.4501953125,783.6968994140625,47.9417724609375,127.7408447265625
IMG_0030.mp4,2113,70.50383717050384,29.97,495,2,traffic_signs,0.8975404500961304,1543.9278564453125,769.577880859375,1564.5589599609375,809.9078369140625,1554.243408203125,789.7428588867188,20.631103515625,40.3299560546875
IMG_0030.mp4,2113,70.50383717050384,29.97,496,1,traffic_lights,0.3880426287651062,1182.7823486328125,726.3832397460938,1193.191650390625,750.0208740234375,1187.9869995117188,738.2020568847656,10.4093017578125,23.63763427734375
IMG_0030.mp4,2113,70.50383717050384,29.97,452,2,traffic_signs,0.6756937503814697,1392.6866455078125,778.1895751953125,1420.9805908203125,813.0449829101562,1406.8336181640625,795.6172790527344,28.2939453125,34.85540771484375
IMG_0030.mp4,2113,70.50383717050384,29.97,502,2,traffic_signs,0.296831876039505,1105.8248291015625,797.6835327148438,1128.685546875,819.3614501953125,1117.2551879882812,808.5224914550781,22.8607177734375,21.67791748046875
IMG_0030.mp4,2114,70.53720387053721,29.97,450,0,auth_label,0.6061777472496033,901.8447875976562,718.781005859375,960.971923828125,835.3080444335938,931.4083557128906,777.0445251464844,59.12713623046875,116.52703857421875
IMG_0030.mp4,2114,70.53720387053721,29.97,487,0,auth_label,0.8870097994804382,963.0316772460938,719.5877685546875,1010.7351684570312,847.6805419921875,986.8834228515625,783.6341552734375,47.7034912109375,128.0927734375
IMG_0030.mp4,2114,70.53720387053721,29.97,495,2,traffic_signs,0.9011209607124329,1545.2371826171875,768.8030395507812,1566.13818359375,809.3302612304688,1555.6876831054688,789.066650390625,20.9010009765625,40.5272216796875
IMG_0030.mp4,2114,70.53720387053721,29.97,496,1,traffic_lights,0.7950034737586975,1181.63134765625,725.70166015625,1192.1180419921875,749.8923950195312,1186.8746948242188,737.7970275878906,10.4866943359375,24.19073486328125
IMG_0030.mp4,2114,70.53720387053721,29.97,452,2,traffic_signs,0.6637955904006958,1392.8690185546875,777.6268920898438,1421.2845458984375,812.88671875,1407.0767822265625,795.2568054199219,28.41552734375,35.25982666015625
IMG_0030.mp4,2114,70.53720387053721,29.97,502,2,traffic_signs,0.40547123551368713,1105.10498046875,796.7061157226562,1128.6158447265625,819.8380126953125,1116.8604125976562,808.2720642089844,23.5108642578125,23.13189697265625
IMG_0030.mp4,2115,70.57057057057057,29.97,450,0,auth_label,0.5145941972732544,897.209716796875,716.98681640625,957.1906127929688,832.353515625,927.2001647949219,774.670166015625,59.98089599609375,115.36669921875
IMG_0030.mp4,2115,70.57057057057057,29.97,487,0,auth_label,0.849433422088623,959.666015625,718.4205322265625,1006.8591918945312,847.8170776367188,983.2626037597656,783.1188049316406,47.19317626953125,129.39654541015625
IMG_0030.mp4,2115,70.57057057057057,29.97,495,2,traffic_signs,0.8991814851760864,1546.6932373046875,767.4151000976562,1566.7947998046875,807.9468994140625,1556.7440185546875,787.6809997558594,20.1015625,40.53179931640625
IMG_0030.mp4,2115,70.57057057057057,29.97,496,1,traffic_lights,0.7893171310424805,1180.014404296875,724.95361328125,1190.354736328125,748.8798217773438,1185.1845703125,736.9167175292969,10.34033203125,23.92620849609375
IMG_0030.mp4,2115,70.57057057057057,29.97,452,2,traffic_signs,0.49572259187698364,1394.06298828125,776.49951171875,1420.858642578125,810.90478515625,1407.4608154296875,793.7021484375,26.795654296875,34.4052734375
IMG_0030.mp4,2115,70.57057057057057,29.97,502,2,traffic_signs,0.5364784598350525,1103.652587890625,795.808349609375,1129.251953125,818.3108520507812,1116.4522705078125,807.0596008300781,25.599365234375,22.50250244140625
IMG_0030.mp4,2116,70.60393727060394,29.97,450,0,auth_label,0.4492964744567871,893.8610229492188,715.7479858398438,953.3348999023438,832.0880737304688,923.5979614257812,773.9180297851562,59.473876953125,116.340087890625
IMG_0030.mp4,2116,70.60393727060394,29.97,487,0,auth_label,0.7968468070030212,956.2505493164062,715.1740112304688,1003.5151977539062,847.9537963867188,979.8828735351562,781.5639038085938,47.2646484375,132.77978515625
IMG_0030.mp4,2116,70.60393727060394,29.97,495,2,traffic_signs,0.8975403904914856,1548.813720703125,765.9005126953125,1568.91455078125,807.3554077148438,1558.8641357421875,786.6279602050781,20.100830078125,41.45489501953125
IMG_0030.mp4,2116,70.60393727060394,29.97,496,1,traffic_lights,0.7791837453842163,1179.1339111328125,724.6533203125,1189.2593994140625,748.1043090820312,1184.1966552734375,736.3788146972656,10.12548828125,23.45098876953125
IMG_0030.mp4,2116,70.60393727060394,29.97,452,2,traffic_signs,0.4180792570114136,1395.5506591796875,775.947998046875,1420.8924560546875,808.4925537109375,1408.2215576171875,792.2202758789062,25.341796875,32.5445556640625
IMG_0030.mp4,2116,70.60393727060394,29.97,502,2,traffic_signs,0.7309700846672058,1101.671630859375,795.8463745117188,1127.2001953125,817.8465576171875,1114.4359130859375,806.8464660644531,25.528564453125,22.00018310546875
IMG_0030.mp4,2117,70.6373039706373,29.97,450,0,auth_label,0.9053618907928467,891.3907470703125,715.5270385742188,950.1766967773438,831.2633056640625,920.7837219238281,773.3951721191406,58.78594970703125,115.73626708984375
IMG_0030.mp4,2117,70.6373039706373,29.97,487,0,auth_label,0.8244460225105286,951.7379760742188,715.6404418945312,999.8518676757812,847.5126342773438,975.794921875,781.5765380859375,48.1138916015625,131.8721923828125
IMG_0030.mp4,2117,70.6373039706373,29.97,495,2,traffic_signs,0.8780999183654785,1549.9541015625,764.3976440429688,1570.1258544921875,806.427490234375,1560.0399780273438,785.4125671386719,20.1717529296875,42.02984619140625
IMG_0030.mp4,2117,70.6373039706373,29.97,496,1,traffic_lights,0.7801669836044312,1177.2618408203125,724.2205200195312,1187.524658203125,747.4588012695312,1182.3932495117188,735.8396606445312,10.2628173828125,23.23828125
IMG_0030.mp4,2117,70.6373039706373,29.97,452,2,traffic_signs,0.34577396512031555,1396.5372314453125,775.4898681640625,1420.301025390625,806.6903076171875,1408.4191284179688,791.090087890625,23.7637939453125,31.200439453125
IMG_0030.mp4,2117,70.6373039706373,29.97,502,2,traffic_signs,0.6874507665634155,1099.4736328125,795.8900756835938,1121.758544921875,817.204345703125,1110.6160888671875,806.5472106933594,22.284912109375,21.31427001953125
IMG_0030.mp4,2118,70.67067067067067,29.97,450,0,auth_label,0.9210417866706848,889.8799438476562,715.1209716796875,947.9142456054688,830.976318359375,918.8970947265625,773.0486450195312,58.0343017578125,115.8553466796875
IMG_0030.mp4,2118,70.67067067067067,29.97,487,0,auth_label,0.8313612341880798,948.2162475585938,713.03369140625,998.0777587890625,847.2432250976562,973.1470031738281,780.1384582519531,49.86151123046875,134.20953369140625
IMG_0030.mp4,2118,70.67067067067067,29.97,495,2,traffic_signs,0.9029172658920288,1551.76025390625,762.8797607421875,1571.9273681640625,805.2659912109375,1561.8438110351562,784.0728759765625,20.1671142578125,42.38623046875
IMG_0030.mp4,2118,70.67067067067067,29.97,496,1,traffic_lights,0.8003642559051514,1176.0447998046875,723.3851318359375,1186.4058837890625,746.530517578125,1181.225341796875,734.9578247070312,10.361083984375,23.1453857421875
IMG_0030.mp4,2118,70.67067067067067,29.97,452,2,traffic_signs,0.29575881361961365,1397.287109375,774.2897338867188,1420.8160400390625,805.6778564453125,1409.0515747070312,789.9837951660156,23.5289306640625,31.38812255859375
IMG_0030.mp4,2118,70.67067067067067,29.97,502,2,traffic_signs,0.5963248014450073,1098.508056640625,795.109619140625,1119.472412109375,816.37939453125,1108.990234375,805.7445068359375,20.96435546875,21.269775390625
IMG_0030.mp4,2119,70.70403737070404,29.97,450,0,auth_label,0.9240127205848694,888.0366821289062,715.0577392578125,945.0865478515625,830.9373168945312,916.5616149902344,772.9975280761719,57.04986572265625,115.87957763671875
IMG_0030.mp4,2119,70.70403737070404,29.97,487,0,auth_label,0.8965204358100891,946.3538208007812,714.7037353515625,994.7435913085938,843.1388549804688,970.5487060546875,778.9212951660156,48.3897705078125,128.43511962890625
IMG_0030.mp4,2119,70.70403737070404,29.97,495,2,traffic_signs,0.8956982493400574,1553.53125,761.0596313476562,1573.5426025390625,804.0519409179688,1563.5369262695312,782.5557861328125,20.0113525390625,42.9923095703125
IMG_0030.mp4,2119,70.70403737070404,29.97,496,1,traffic_lights,0.8117057681083679,1174.9012451171875,722.965576171875,1184.98388671875,745.8845825195312,1179.9425659179688,734.4250793457031,10.0826416015625,22.91900634765625
IMG_0030.mp4,2119,70.70403737070404,29.97,452,2,traffic_signs,0.32546234130859375,1395.81103515625,773.1470336914062,1420.9371337890625,805.5119018554688,1408.3740844726562,789.3294677734375,25.1260986328125,32.3648681640625
IMG_0030.mp4,2120,70.73740407073741,29.97,450,0,auth_label,0.8917661905288696,887.2552490234375,714.0170288085938,941.4002685546875,831.0044555664062,914.3277587890625,772.5107421875,54.14501953125,116.9874267578125
IMG_0030.mp4,2120,70.73740407073741,29.97,487,0,auth_label,0.9040178656578064,943.5181884765625,715.2498168945312,991.3729248046875,840.8963012695312,967.445556640625,778.0730590820312,47.854736328125,125.646484375
IMG_0030.mp4,2120,70.73740407073741,29.97,495,2,traffic_signs,0.8966581225395203,1555.8902587890625,759.5250244140625,1576.0977783203125,802.7877807617188,1565.9940185546875,781.1564025878906,20.20751953125,43.26275634765625
IMG_0030.mp4,2120,70.73740407073741,29.97,496,1,traffic_lights,0.8343221545219421,1173.441162109375,722.1622314453125,1183.7545166015625,744.83349609375,1178.5978393554688,733.4978637695312,10.3133544921875,22.6712646484375
IMG_0030.mp4,2121,70.77077077077077,29.97,450,0,auth_label,0.8897826075553894,885.1390991210938,713.1591796875,939.1102905273438,831.1505126953125,912.1246948242188,772.1548461914062,53.97119140625,117.9913330078125
IMG_0030.mp4,2121,70.77077077077077,29.97,487,0,auth_label,0.8711015582084656,941.0753784179688,714.7472534179688,989.5823974609375,838.9700927734375,965.3288879394531,776.8586730957031,48.50701904296875,124.22283935546875
IMG_0030.mp4,2121,70.77077077077077,29.97,495,2,traffic_signs,0.8801998496055603,1557.6591796875,757.8589477539062,1578.7314453125,802.4375610351562,1568.1953125,780.1482543945312,21.072265625,44.57861328125
IMG_0030.mp4,2121,70.77077077077077,29.97,496,1,traffic_lights,0.5901132225990295,1172.4952392578125,721.080078125,1182.880615234375,743.6466674804688,1177.6879272460938,732.3633728027344,10.3853759765625,22.56658935546875
IMG_0030.mp4,2121,70.77077077077077,29.97,502,2,traffic_signs,0.27763503789901733,1092.9619140625,792.8900146484375,1115.9801025390625,816.5159301757812,1104.4710083007812,804.7029724121094,23.0181884765625,23.62591552734375
IMG_0030.mp4,2122,70.80413747080414,29.97,450,0,auth_label,0.8940694332122803,882.0875854492188,711.5667724609375,935.2144165039062,830.3455810546875,908.6510009765625,770.9561767578125,53.1268310546875,118.77880859375
IMG_0030.mp4,2122,70.80413747080414,29.97,487,0,auth_label,0.7855769991874695,938.4264526367188,712.4390258789062,986.8373413085938,838.962890625,962.6318969726562,775.7009582519531,48.410888671875,126.52386474609375
IMG_0030.mp4,2122,70.80413747080414,29.97,495,2,traffic_signs,0.8794519305229187,1558.4736328125,756.4471435546875,1579.69921875,801.4178466796875,1569.08642578125,778.9324951171875,21.2255859375,44.970703125
IMG_0030.mp4,2122,70.80413747080414,29.97,496,1,traffic_lights,0.2959679067134857,1170.979736328125,720.2998046875,1180.5732421875,742.9611206054688,1175.7764892578125,731.6304626464844,9.593505859375,22.66131591796875
IMG_0030.mp4,2122,70.80413747080414,29.97,502,2,traffic_signs,0.3470803201198578,1091.178955078125,792.322021484375,1114.046630859375,814.3294677734375,1102.61279296875,803.3257446289062,22.86767578125,22.0074462890625
IMG_0030.mp4,2123,70.8375041708375,29.97,450,0,auth_label,0.8325117230415344,880.4592895507812,711.1098022460938,932.4176025390625,829.4447021484375,906.4384460449219,770.2772521972656,51.95831298828125,118.33489990234375
IMG_0030.mp4,2123,70.8375041708375,29.97,487,0,auth_label,0.7965885400772095,935.782470703125,712.3434448242188,983.6246337890625,840.7417602539062,959.7035522460938,776.5426025390625,47.8421630859375,128.3983154296875
IMG_0030.mp4,2123,70.8375041708375,29.97,495,2,traffic_signs,0.8842133283615112,1561.5294189453125,755.3857421875,1582.9498291015625,800.4871826171875,1572.2396240234375,777.9364624023438,21.42041015625,45.1014404296875
IMG_0030.mp4,2123,70.8375041708375,29.97,496,1,traffic_lights,0.6183779239654541,1170.3267822265625,720.3303833007812,1180.061767578125,742.6273193359375,1175.1942749023438,731.4788513183594,9.7349853515625,22.29693603515625
IMG_0030.mp4,2123,70.8375041708375,29.97,502,2,traffic_signs,0.4378272294998169,1089.7645263671875,792.1984252929688,1114.3623046875,813.8253173828125,1102.0634155273438,803.0118713378906,24.5977783203125,21.62689208984375
IMG_0030.mp4,2123,70.8375041708375,29.97,452,2,traffic_signs,0.5325483679771423,1393.3948974609375,769.0311279296875,1421.7564697265625,803.6394653320312,1407.57568359375,786.3352966308594,28.361572265625,34.60833740234375
IMG_0030.mp4,2124,70.87087087087087,29.97,450,0,auth_label,0.8669061064720154,877.2590942382812,710.4737548828125,928.9444580078125,826.735595703125,903.1017761230469,768.6046752929688,51.68536376953125,116.2618408203125
IMG_0030.mp4,2124,70.87087087087087,29.97,487,0,auth_label,0.7750560641288757,931.5178833007812,711.763671875,980.2613525390625,842.2913818359375,955.8896179199219,777.0275268554688,48.74346923828125,130.5277099609375
IMG_0030.mp4,2124,70.87087087087087,29.97,495,2,traffic_signs,0.8779605031013489,1562.3265380859375,753.9064331054688,1584.26806640625,799.6690673828125,1573.2973022460938,776.7877502441406,21.9415283203125,45.76263427734375
IMG_0030.mp4,2124,70.87087087087087,29.97,496,1,traffic_lights,0.728538453578949,1168.46337890625,720.0799560546875,1178.3787841796875,742.457275390625,1173.4210815429688,731.2686157226562,9.9154052734375,22.3773193359375
IMG_0030.mp4,2124,70.87087087087087,29.97,502,2,traffic_signs,0.35651206970214844,1087.6055908203125,791.8690185546875,1112.8170166015625,813.4201049804688,1100.2113037109375,802.6445617675781,25.21142578125,21.55108642578125
IMG_0030.mp4,2124,70.87087087087087,29.97,452,2,traffic_signs,0.3805864751338959,1392.1851806640625,767.9179077148438,1421.47802734375,803.2005615234375,1406.8316040039062,785.5592346191406,29.2928466796875,35.28265380859375
IMG_0030.mp4,2125,70.90423757090424,29.97,450,0,auth_label,0.7700541615486145,877.7525024414062,708.5338134765625,925.503662109375,825.428466796875,901.6280822753906,766.9811401367188,47.75115966796875,116.8946533203125
IMG_0030.mp4,2125,70.90423757090424,29.97,487,0,auth_label,0.49079617857933044,927.2464599609375,710.4920043945312,980.6239624023438,843.7265625,953.9352111816406,777.1092834472656,53.37750244140625,133.23455810546875
IMG_0030.mp4,2125,70.90423757090424,29.97,495,2,traffic_signs,0.8907464146614075,1564.890869140625,752.4546508789062,1587.4630126953125,797.7813110351562,1576.1769409179688,775.1179809570312,22.5721435546875,45.32666015625
IMG_0030.mp4,2125,70.90423757090424,29.97,496,1,traffic_lights,0.750499427318573,1167.41552734375,719.145751953125,1177.407958984375,741.5250244140625,1172.4117431640625,730.3353881835938,9.992431640625,22.3792724609375
IMG_0030.mp4,2125,70.90423757090424,29.97,502,2,traffic_signs,0.27692440152168274,1086.4100341796875,790.88818359375,1110.9793701171875,812.6002197265625,1098.6947021484375,801.7442016601562,24.5693359375,21.7120361328125
IMG_0030.mp4,2125,70.90423757090424,29.97,452,2,traffic_signs,0.3014357388019562,1394.3287353515625,766.7033081054688,1421.964599609375,802.0220336914062,1408.1466674804688,784.3626708984375,27.6358642578125,35.3187255859375
IMG_0030.mp4,2126,70.93760427093761,29.97,450,0,auth_label,0.8981436491012573,871.8157958984375,706.4481811523438,923.1609497070312,825.2232055664062,897.4883728027344,765.835693359375,51.34515380859375,118.7750244140625
IMG_0030.mp4,2126,70.93760427093761,29.97,487,0,auth_label,0.8273603320121765,924.0284423828125,707.9230346679688,973.9805297851562,841.5673217773438,949.0044860839844,774.7451782226562,49.95208740234375,133.644287109375
IMG_0030.mp4,2126,70.93760427093761,29.97,495,2,traffic_signs,0.8792370557785034,1567.0517578125,751.0610961914062,1589.4033203125,797.1409301757812,1578.2275390625,774.1010131835938,22.3515625,46.079833984375
IMG_0030.mp4,2126,70.93760427093761,29.97,496,1,traffic_lights,0.7356523871421814,1166.579345703125,718.4784545898438,1176.6761474609375,740.8004150390625,1171.6277465820312,729.6394348144531,10.0968017578125,22.32196044921875
IMG_0030.mp4,2127,70.97097097097097,29.97,450,0,auth_label,0.9298854470252991,868.9594116210938,706.231689453125,920.1251220703125,826.30615234375,894.5422668457031,766.2689208984375,51.16571044921875,120.074462890625
IMG_0030.mp4,2127,70.97097097097097,29.97,487,0,auth_label,0.8448786735534668,922.0189208984375,710.1439208984375,963.9783325195312,838.2828979492188,942.9986267089844,774.2134094238281,41.95941162109375,128.13897705078125
IMG_0030.mp4,2127,70.97097097097097,29.97,495,2,traffic_signs,0.8794183135032654,1568.9881591796875,750.0358276367188,1591.3121337890625,796.6268310546875,1580.150146484375,773.3313293457031,22.323974609375,46.59100341796875
IMG_0030.mp4,2127,70.97097097097097,29.97,496,1,traffic_lights,0.7545485496520996,1165.3519287109375,718.5132446289062,1175.5526123046875,740.6361694335938,1170.4522705078125,729.57470703125,10.20068359375,22.1229248046875
IMG_0030.mp4,2127,70.97097097097097,29.97,452,2,traffic_signs,0.3598252534866333,1393.4144287109375,764.6455688476562,1422.8310546875,801.0629272460938,1408.1227416992188,782.854248046875,29.4166259765625,36.4173583984375
IMG_0030.mp4,2128,71.00433767100434,29.97,450,0,auth_label,0.9308241605758667,866.4292602539062,705.1439208984375,916.301513671875,825.58837890625,891.3653869628906,765.3661499023438,49.87225341796875,120.4444580078125
IMG_0030.mp4,2128,71.00433767100434,29.97,487,0,auth_label,0.252946138381958,917.6497192382812,710.43017578125,955.7761840820312,833.4856567382812,936.7129516601562,771.9579162597656,38.12646484375,123.05548095703125
IMG_0030.mp4,2128,71.00433767100434,29.97,495,2,traffic_signs,0.8736241459846497,1571.768798828125,747.9364624023438,1594.74169921875,795.9683227539062,1583.2552490234375,771.952392578125,22.972900390625,48.0318603515625
IMG_0030.mp4,2128,71.00433767100434,29.97,496,1,traffic_lights,0.7678187489509583,1163.9329833984375,717.3453369140625,1174.3638916015625,739.622802734375,1169.1484375,728.4840698242188,10.430908203125,22.2774658203125
IMG_0030.mp4,2128,71.00433767100434,29.97,514,0,auth_label,0.4644009470939636,957.429443359375,714.7575073242188,983.829345703125,839.4591674804688,970.62939453125,777.1083374023438,26.39990234375,124.70166015625
IMG_0030.mp4,2129,71.0377043710377,29.97,450,0,auth_label,0.9174037575721741,864.5551147460938,706.1382446289062,914.3521118164062,826.226806640625,889.45361328125,766.1825256347656,49.7969970703125,120.08856201171875
IMG_0030.mp4,2129,71.0377043710377,29.97,487,0,auth_label,0.30777406692504883,916.286376953125,712.5087280273438,953.7308959960938,833.2686157226562,935.0086364746094,772.888671875,37.44451904296875,120.7598876953125
IMG_0030.mp4,2129,71.0377043710377,29.97,495,2,traffic_signs,0.8790243268013,1572.5242919921875,747.5746459960938,1596.0015869140625,796.2981567382812,1584.262939453125,771.9364013671875,23.477294921875,48.7235107421875
IMG_0030.mp4,2129,71.0377043710377,29.97,496,1,traffic_lights,0.769660472869873,1163.1932373046875,717.427978515625,1173.701416015625,740.042724609375,1168.4473266601562,728.7353515625,10.5081787109375,22.61474609375
IMG_0030.mp4,2129,71.0377043710377,29.97,514,0,auth_label,0.4624606966972351,953.2218627929688,714.1088256835938,982.5733642578125,840.7864990234375,967.8976135253906,777.4476623535156,29.35150146484375,126.67767333984375
IMG_0030.mp4,2129,71.0377043710377,29.97,516,2,traffic_signs,0.37554922699928284,940.8125,612.2644653320312,992.8853759765625,680.7006225585938,966.8489379882812,646.4825439453125,52.0728759765625,68.4361572265625
IMG_0030.mp4,2130,71.07107107107107,29.97,450,0,auth_label,0.8576080203056335,862.7363891601562,705.8796997070312,911.8861694335938,826.4937744140625,887.311279296875,766.1867370605469,49.1497802734375,120.61407470703125
IMG_0030.mp4,2130,71.07107107107107,29.97,487,0,auth_label,0.6317611336708069,913.5900268554688,711.312255859375,952.059814453125,834.628662109375,932.8249206542969,772.970458984375,38.46978759765625,123.31640625
IMG_0030.mp4,2130,71.07107107107107,29.97,495,2,traffic_signs,0.8749000430107117,1575.420166015625,746.1149291992188,1600.0560302734375,794.5084838867188,1587.7380981445312,770.3117065429688,24.6358642578125,48.3935546875
IMG_0030.mp4,2130,71.07107107107107,29.97,496,1,traffic_lights,0.770332932472229,1162.8709716796875,716.8281860351562,1173.376708984375,739.5814819335938,1168.1238403320312,728.204833984375,10.5057373046875,22.7532958984375
IMG_0030.mp4,2130,71.07107107107107,29.97,514,0,auth_label,0.3553445041179657,950.585693359375,711.7703247070312,981.4201049804688,842.5197143554688,966.0028991699219,777.14501953125,30.83441162109375,130.7493896484375
IMG_0030.mp4,2130,71.07107107107107,29.97,516,2,traffic_signs,0.4135597050189972,936.505126953125,607.9388427734375,991.450927734375,682.6019897460938,963.97802734375,645.2704162597656,54.94580078125,74.66314697265625
IMG_0030.mp4,2130,71.07107107107107,29.97,452,2,traffic_signs,0.4601590931415558,1394.6314697265625,761.9165649414062,1426.6280517578125,798.7020874023438,1410.6297607421875,780.309326171875,31.99658203125,36.7855224609375
IMG_0030.mp4,2131,71.10443777110444,29.97,450,0,auth_label,0.7037532925605774,861.2740478515625,704.7154541015625,908.6517333984375,825.66650390625,884.962890625,765.1909790039062,47.377685546875,120.9510498046875
IMG_0030.mp4,2131,71.10443777110444,29.97,495,2,traffic_signs,0.9068744778633118,1578.288330078125,744.5656127929688,1602.51123046875,793.1973266601562,1590.3997802734375,768.8814697265625,24.222900390625,48.6317138671875
IMG_0030.mp4,2131,71.10443777110444,29.97,496,1,traffic_lights,0.7908471822738647,1161.781494140625,715.9585571289062,1172.2958984375,738.9227905273438,1167.0386962890625,727.440673828125,10.514404296875,22.9642333984375
IMG_0030.mp4,2131,71.10443777110444,29.97,514,0,auth_label,0.7808412313461304,946.8698120117188,708.4161376953125,979.5608520507812,842.9821166992188,963.21533203125,775.6991271972656,32.6910400390625,134.56597900390625
IMG_0030.mp4,2131,71.10443777110444,29.97,452,2,traffic_signs,0.39533087611198425,1394.9306640625,760.7951049804688,1427.2860107421875,797.754638671875,1411.1083374023438,779.2748718261719,32.3553466796875,36.95953369140625
IMG_0030.mp4,2132,71.13780447113781,29.97,450,0,auth_label,0.8868096470832825,858.982421875,703.0426025390625,905.5255737304688,824.2903442382812,882.2539978027344,763.6664733886719,46.54315185546875,121.24774169921875
IMG_0030.mp4,2132,71.13780447113781,29.97,495,2,traffic_signs,0.8769567608833313,1580.9241943359375,743.0933227539062,1605.6470947265625,791.9801635742188,1593.28564453125,767.5367431640625,24.722900390625,48.8868408203125
IMG_0030.mp4,2132,71.13780447113781,29.97,496,1,traffic_lights,0.7511536478996277,1160.650146484375,715.2495727539062,1171.13134765625,738.7111206054688,1165.8907470703125,726.9803466796875,10.481201171875,23.4615478515625
IMG_0030.mp4,2132,71.13780447113781,29.97,514,0,auth_label,0.8341969847679138,942.8884887695312,707.22412109375,978.5316772460938,842.9400634765625,960.7100830078125,775.0820922851562,35.6431884765625,135.7159423828125
IMG_0030.mp4,2133,71.17117117117117,29.97,450,0,auth_label,0.849830687046051,854.4346313476562,700.3535766601562,899.3947143554688,822.585205078125,876.9146728515625,761.4693908691406,44.9600830078125,122.23162841796875
IMG_0030.mp4,2133,71.17117117117117,29.97,495,2,traffic_signs,0.8872098326683044,1584.235107421875,741.4217529296875,1609.163818359375,790.8978271484375,1596.699462890625,766.1597900390625,24.9287109375,49.47607421875
IMG_0030.mp4,2133,71.17117117117117,29.97,496,1,traffic_lights,0.5237193703651428,1158.3114013671875,713.4160766601562,1169.0277099609375,737.3519287109375,1163.6695556640625,725.3840026855469,10.71630859375,23.93585205078125
IMG_0030.mp4,2133,71.17117117117117,29.97,514,0,auth_label,0.8651303052902222,936.5631103515625,705.8250122070312,975.1741943359375,842.8716430664062,955.86865234375,774.3483276367188,38.611083984375,137.046630859375
IMG_0030.mp4,2133,71.17117117117117,29.97,516,2,traffic_signs,0.43417659401893616,923.8414306640625,597.5885620117188,979.7658081054688,669.3356323242188,951.8036193847656,633.4620971679688,55.92437744140625,71.7470703125
IMG_0030.mp4,2134,71.20453787120454,29.97,450,0,auth_label,0.9109485149383545,853.8612670898438,700.900146484375,897.0349731445312,823.2740478515625,875.4481201171875,762.0870971679688,43.1737060546875,122.3739013671875
IMG_0030.mp4,2134,71.20453787120454,29.97,495,2,traffic_signs,0.8881712555885315,1586.4862060546875,741.5317993164062,1612.043212890625,790.4237060546875,1599.2647094726562,765.9777526855469,25.5570068359375,48.89190673828125
IMG_0030.mp4,2134,71.20453787120454,29.97,496,1,traffic_lights,0.814887285232544,1157.783447265625,713.1094360351562,1168.4903564453125,737.2459716796875,1163.1369018554688,725.1777038574219,10.7069091796875,24.13653564453125
IMG_0030.mp4,2134,71.20453787120454,29.97,514,0,auth_label,0.46065330505371094,933.1522216796875,706.470458984375,974.8984375,843.8355712890625,954.0253295898438,775.1530151367188,41.7462158203125,137.3651123046875
IMG_0030.mp4,2134,71.20453787120454,29.97,521,2,traffic_signs,0.7116076946258545,515.57763671875,720.4161987304688,531.6282348632812,738.5264282226562,523.6029357910156,729.4713134765625,16.05059814453125,18.1102294921875
IMG_0030.mp4,2134,71.20453787120454,29.97,516,2,traffic_signs,0.688059389591217,919.7382202148438,594.5578002929688,977.78857421875,664.2799682617188,948.7633972167969,629.4188842773438,58.05035400390625,69.72216796875
IMG_0030.mp4,2135,71.2379045712379,29.97,450,0,auth_label,0.9210066795349121,852.474853515625,699.9954833984375,893.5756225585938,823.7910766601562,873.0252380371094,761.8932800292969,41.10076904296875,123.79559326171875
IMG_0030.mp4,2135,71.2379045712379,29.97,495,2,traffic_signs,0.8992553353309631,1589.4576416015625,739.7793579101562,1615.02197265625,789.5072021484375,1602.2398071289062,764.6432800292969,25.5643310546875,49.72784423828125
IMG_0030.mp4,2135,71.2379045712379,29.97,496,1,traffic_lights,0.8052313327789307,1157.1983642578125,712.6199951171875,1167.951904296875,736.9688110351562,1162.5751342773438,724.7944030761719,10.7535400390625,24.34881591796875
IMG_0030.mp4,2135,71.2379045712379,29.97,514,0,auth_label,0.8064692616462708,928.4049682617188,704.8530883789062,973.7689208984375,843.3551025390625,951.0869445800781,774.1040954589844,45.36395263671875,138.50201416015625
IMG_0030.mp4,2135,71.2379045712379,29.97,521,2,traffic_signs,0.5476136207580566,511.4271545410156,720.0197143554688,528.0972900390625,737.2254638671875,519.7622222900391,728.6225891113281,16.670135498046875,17.20574951171875
IMG_0030.mp4,2135,71.2379045712379,29.97,516,2,traffic_signs,0.638938307762146,915.3130493164062,590.3482666015625,974.7257690429688,660.7559204101562,945.0194091796875,625.5520935058594,59.4127197265625,70.40765380859375
IMG_0030.mp4,2135,71.2379045712379,29.97,525,2,traffic_signs,0.5688340663909912,913.8294067382812,590.5118408203125,972.575439453125,659.2220458984375,943.2024230957031,624.866943359375,58.74603271484375,68.710205078125
IMG_0030.mp4,2135,71.2379045712379,29.97,452,2,traffic_signs,0.3571264147758484,1401.9168701171875,757.2144165039062,1430.595947265625,795.190673828125,1416.2564086914062,776.2025451660156,28.6790771484375,37.97625732421875
IMG_0030.mp4,2136,71.27127127127127,29.97,450,0,auth_label,0.9108802080154419,849.8348999023438,698.5399169921875,890.3170776367188,823.5231323242188,870.0759887695312,761.0315246582031,40.482177734375,124.98321533203125
IMG_0030.mp4,2136,71.27127127127127,29.97,495,2,traffic_signs,0.8709497451782227,1591.6011962890625,735.4910888671875,1617.523681640625,787.4225463867188,1604.5624389648438,761.4568176269531,25.9224853515625,51.93145751953125
IMG_0030.mp4,2136,71.27127127127127,29.97,496,1,traffic_lights,0.812282919883728,1156.16552734375,712.0590209960938,1166.9547119140625,736.1809692382812,1161.5601196289062,724.1199951171875,10.7891845703125,24.1219482421875
IMG_0030.mp4,2136,71.27127127127127,29.97,514,0,auth_label,0.9052842259407043,924.078369140625,704.0431518554688,971.4500122070312,842.698486328125,947.7641906738281,773.3708190917969,47.37164306640625,138.65533447265625
IMG_0030.mp4,2136,71.27127127127127,29.97,521,2,traffic_signs,0.34318122267723083,507.90130615234375,719.7037353515625,523.8632202148438,735.35498046875,515.8822631835938,727.5293579101562,15.9619140625,15.6512451171875
IMG_0030.mp4,2136,71.27127127127127,29.97,516,2,traffic_signs,0.5131421685218811,909.8892211914062,586.1063842773438,971.1197509765625,655.481689453125,940.5044860839844,620.7940368652344,61.23052978515625,69.37530517578125
IMG_0030.mp4,2136,71.27127127127127,29.97,525,2,traffic_signs,0.6209462881088257,910.2071533203125,586.4699096679688,968.9932861328125,656.6419067382812,939.6002197265625,621.555908203125,58.7861328125,70.1719970703125
IMG_0030.mp4,2136,71.27127127127127,29.97,452,2,traffic_signs,0.35778966546058655,1403.1357421875,756.4886474609375,1430.023193359375,794.3125610351562,1416.5794677734375,775.4006042480469,26.887451171875,37.82391357421875
IMG_0030.mp4,2137,71.30463797130464,29.97,450,0,auth_label,0.7892299294471741,847.0628662109375,698.3613891601562,887.313720703125,822.4300537109375,867.1882934570312,760.3957214355469,40.2508544921875,124.06866455078125
IMG_0030.mp4,2137,71.30463797130464,29.97,495,2,traffic_signs,0.3061569035053253,1594.489501953125,729.2349243164062,1620.3853759765625,786.1271362304688,1607.4374389648438,757.6810302734375,25.8958740234375,56.8922119140625
IMG_0030.mp4,2137,71.30463797130464,29.97,496,1,traffic_lights,0.8073400855064392,1155.33203125,711.5039672851562,1166.1092529296875,735.4448852539062,1160.7206420898438,723.4744262695312,10.7772216796875,23.94091796875
IMG_0030.mp4,2137,71.30463797130464,29.97,514,0,auth_label,0.9308010339736938,920.0283203125,703.5787963867188,969.820068359375,842.4594116210938,944.9241943359375,773.0191040039062,49.791748046875,138.880615234375
IMG_0030.mp4,2137,71.30463797130464,29.97,521,2,traffic_signs,0.7239055037498474,505.0794982910156,718.2691040039062,520.5438232421875,734.329345703125,512.8116607666016,726.2992248535156,15.464324951171875,16.06024169921875
IMG_0030.mp4,2137,71.30463797130464,29.97,516,2,traffic_signs,0.4685743749141693,905.287353515625,581.5828857421875,967.4469604492188,651.643798828125,936.3671569824219,616.6133422851562,62.15960693359375,70.0609130859375
IMG_0030.mp4,2137,71.30463797130464,29.97,525,2,traffic_signs,0.3929946720600128,906.076416015625,581.7861938476562,965.6947021484375,652.0752563476562,935.8855590820312,616.9307250976562,59.6182861328125,70.2890625
IMG_0030.mp4,2137,71.30463797130464,29.97,452,2,traffic_signs,0.5737530589103699,1404.1129150390625,755.6220092773438,1432.01318359375,793.8261108398438,1418.0630493164062,774.7240600585938,27.9002685546875,38.2041015625
IMG_0030.mp4,2137,71.30463797130464,29.97,530,2,traffic_signs,0.46814656257629395,1286.611328125,807.7474365234375,1301.2921142578125,827.7194213867188,1293.9517211914062,817.7334289550781,14.6807861328125,19.97198486328125
IMG_0030.mp4,2137,71.30463797130464,29.97,531,2,traffic_signs,0.5944324135780334,1070.349365234375,785.23779296875,1093.0899658203125,806.7343139648438,1081.7196655273438,795.9860534667969,22.7406005859375,21.49652099609375
IMG_0030.mp4,2138,71.33800467133801,29.97,450,0,auth_label,0.9249870777130127,844.19921875,698.1430053710938,881.8588256835938,821.1052856445312,863.0290222167969,759.6241455078125,37.65960693359375,122.9622802734375
IMG_0030.mp4,2138,71.33800467133801,29.97,495,2,traffic_signs,0.8137056827545166,1597.494140625,726.2867431640625,1625.256591796875,785.5361938476562,1611.3753662109375,755.9114685058594,27.762451171875,59.24945068359375
IMG_0030.mp4,2138,71.33800467133801,29.97,496,1,traffic_lights,0.806926429271698,1154.378662109375,710.7369384765625,1165.2581787109375,735.128662109375,1159.8184204101562,722.9328002929688,10.8795166015625,24.3917236328125
IMG_0030.mp4,2138,71.33800467133801,29.97,514,0,auth_label,0.8986777663230896,915.2763061523438,702.7320556640625,968.3296508789062,842.5531616210938,941.802978515625,772.6426086425781,53.0533447265625,139.82110595703125
IMG_0030.mp4,2138,71.33800467133801,29.97,521,2,traffic_signs,0.5600999593734741,499.9184875488281,716.9216918945312,516.5297241210938,733.5986938476562,508.22410583496094,725.2601928710938,16.611236572265625,16.677001953125
IMG_0030.mp4,2138,71.33800467133801,29.97,452,2,traffic_signs,0.6620106101036072,1405.7772216796875,754.6184692382812,1433.919189453125,793.5823974609375,1419.8482055664062,774.1004333496094,28.1419677734375,38.96392822265625
IMG_0030.mp4,2138,71.33800467133801,29.97,530,2,traffic_signs,0.47395867109298706,1286.4349365234375,807.6522216796875,1301.489501953125,828.274658203125,1293.9622192382812,817.9634399414062,15.0545654296875,20.6224365234375
IMG_0030.mp4,2139,71.37137137137137,29.97,450,0,auth_label,0.9130764603614807,841.1051635742188,697.3956909179688,878.1910400390625,819.661865234375,859.6481018066406,758.5287780761719,37.08587646484375,122.26617431640625
IMG_0030.mp4,2139,71.37137137137137,29.97,495,2,traffic_signs,0.8119931817054749,1601.1895751953125,724.7251586914062,1629.5443115234375,785.2503051757812,1615.366943359375,754.9877319335938,28.354736328125,60.525146484375
IMG_0030.mp4,2139,71.37137137137137,29.97,496,1,traffic_lights,0.8159535527229309,1153.58935546875,710.4097290039062,1164.3109130859375,734.3821411132812,1158.9501342773438,722.3959350585938,10.7215576171875,23.972412109375
IMG_0030.mp4,2139,71.37137137137137,29.97,514,0,auth_label,0.9414560794830322,910.7147216796875,701.9558715820312,967.4584350585938,843.6506958007812,939.0865783691406,772.8032836914062,56.74371337890625,141.69482421875
IMG_0030.mp4,2139,71.37137137137137,29.97,521,2,traffic_signs,0.7533783912658691,495.8520812988281,715.8143310546875,513.2769165039062,732.9977416992188,504.5644989013672,724.4060363769531,17.424835205078125,17.18341064453125
IMG_0030.mp4,2139,71.37137137137137,29.97,452,2,traffic_signs,0.5759982466697693,1407.733154296875,753.8598022460938,1434.8021240234375,792.7069091796875,1421.2676391601562,773.2833557128906,27.0689697265625,38.84710693359375
IMG_0030.mp4,2139,71.37137137137137,29.97,530,2,traffic_signs,0.5231695771217346,1286.41845703125,807.6895751953125,1301.2802734375,828.3224487304688,1293.849365234375,818.0060119628906,14.86181640625,20.63287353515625
IMG_0030.mp4,2139,71.37137137137137,29.97,516,2,traffic_signs,0.45049723982810974,896.8064575195312,573.6111450195312,956.3421020507812,646.7437133789062,926.5742797851562,610.1774291992188,59.53564453125,73.132568359375
IMG_0030.mp4,2140,71.40473807140474,29.97,450,0,auth_label,0.9008198380470276,838.7485961914062,696.2874145507812,875.0542602539062,819.8634643554688,856.9014282226562,758.075439453125,36.3056640625,123.5760498046875
IMG_0030.mp4,2140,71.40473807140474,29.97,495,2,traffic_signs,0.8762457370758057,1604.721923828125,727.2808837890625,1633.2906494140625,784.1923217773438,1619.0062866210938,755.7366027832031,28.5687255859375,56.91143798828125
IMG_0030.mp4,2140,71.40473807140474,29.97,496,1,traffic_lights,0.821644127368927,1152.6204833984375,709.5288696289062,1163.281982421875,733.5718383789062,1157.9512329101562,721.5503540039062,10.6614990234375,24.04296875
IMG_0030.mp4,2140,71.40473807140474,29.97,514,0,auth_label,0.9327664971351624,905.6475219726562,700.3741455078125,965.97216796875,843.9990234375,935.8098449707031,772.1865844726562,60.32464599609375,143.6248779296875
IMG_0030.mp4,2140,71.40473807140474,29.97,521,2,traffic_signs,0.8506177067756653,492.2606201171875,715.2839965820312,509.89154052734375,732.9935302734375,501.0760803222656,724.1387634277344,17.63092041015625,17.70953369140625
IMG_0030.mp4,2140,71.40473807140474,29.97,452,2,traffic_signs,0.3012610673904419,1409.1326904296875,752.71337890625,1435.4173583984375,791.0423583984375,1422.2750244140625,771.8778686523438,26.28466796875,38.3289794921875
IMG_0030.mp4,2140,71.40473807140474,29.97,530,2,traffic_signs,0.40031519532203674,1286.1380615234375,807.4439697265625,1300.86376953125,827.6996459960938,1293.5009155273438,817.5718078613281,14.7257080078125,20.25567626953125
IMG_0030.mp4,2140,71.40473807140474,29.97,536,0,auth_label,0.5178601741790771,877.4185180664062,688.4354248046875,902.6007690429688,790.5750732421875,890.0096435546875,739.5052490234375,25.1822509765625,102.1396484375
IMG_0030.mp4,2140,71.40473807140474,29.97,516,2,traffic_signs,0.7175991535186768,891.8726806640625,568.9171752929688,952.68994140625,642.907470703125,922.2813110351562,605.9123229980469,60.8172607421875,73.99029541015625
IMG_0030.mp4,2141,71.4381047714381,29.97,450,0,auth_label,0.8561602830886841,836.7730102539062,694.29736328125,871.4060668945312,819.4865112304688,854.0895385742188,756.8919372558594,34.633056640625,125.18914794921875
IMG_0030.mp4,2141,71.4381047714381,29.97,495,2,traffic_signs,0.8525803685188293,1608.1688232421875,726.6126708984375,1638.0355224609375,785.7804565429688,1623.1021728515625,756.1965637207031,29.86669921875,59.16778564453125
IMG_0030.mp4,2141,71.4381047714381,29.97,496,1,traffic_lights,0.6268021464347839,1151.6541748046875,708.82568359375,1162.2705078125,732.6836547851562,1156.9623413085938,720.7546691894531,10.6163330078125,23.85797119140625
IMG_0030.mp4,2141,71.4381047714381,29.97,514,0,auth_label,0.9297483563423157,901.2859497070312,699.4373168945312,964.1774291992188,843.8634033203125,932.731689453125,771.6503601074219,62.8914794921875,144.42608642578125
IMG_0030.mp4,2141,71.4381047714381,29.97,530,2,traffic_signs,0.38886138796806335,1285.982421875,807.5296630859375,1300.453857421875,827.3651733398438,1293.2181396484375,817.4474182128906,14.471435546875,19.83551025390625
IMG_0030.mp4,2141,71.4381047714381,29.97,536,0,auth_label,0.3846432566642761,872.892578125,683.653564453125,898.4310913085938,791.7782592773438,885.6618347167969,737.7159118652344,25.53851318359375,108.12469482421875
IMG_0030.mp4,2141,71.4381047714381,29.97,516,2,traffic_signs,0.835223376750946,885.877197265625,563.7136840820312,949.4700927734375,638.6707153320312,917.6736450195312,601.1921997070312,63.5928955078125,74.95703125
IMG_0030.mp4,2141,71.4381047714381,29.97,531,2,traffic_signs,0.4447682201862335,1064.8260498046875,784.1791381835938,1088.6064453125,805.5545654296875,1076.7162475585938,794.8668518066406,23.7803955078125,21.37542724609375
IMG_0030.mp4,2142,71.47147147147147,29.97,450,0,auth_label,0.8055079579353333,834.8839111328125,694.9564819335938,867.5802612304688,819.1173095703125,851.2320861816406,757.0368957519531,32.69635009765625,124.16082763671875
IMG_0030.mp4,2142,71.47147147147147,29.97,495,2,traffic_signs,0.8717733025550842,1612.407958984375,724.8182983398438,1641.6939697265625,783.4918212890625,1627.0509643554688,754.1550598144531,29.2860107421875,58.67352294921875
IMG_0030.mp4,2142,71.47147147147147,29.97,496,1,traffic_lights,0.6423527598381042,1150.9307861328125,708.5404052734375,1161.5875244140625,732.3564453125,1156.2591552734375,720.4484252929688,10.65673828125,23.8160400390625
IMG_0030.mp4,2142,71.47147147147147,29.97,514,0,auth_label,0.9361108541488647,896.260009765625,699.1146240234375,962.353515625,843.8894653320312,929.3067626953125,771.5020446777344,66.093505859375,144.77484130859375
IMG_0030.mp4,2142,71.47147147147147,29.97,530,2,traffic_signs,0.29897016286849976,1285.5455322265625,807.451904296875,1300.412109375,826.7560424804688,1292.9788208007812,817.1039733886719,14.8665771484375,19.30413818359375
IMG_0030.mp4,2142,71.47147147147147,29.97,536,0,auth_label,0.46808794140815735,869.277587890625,691.8223876953125,893.529052734375,814.1293334960938,881.4033203125,752.9758605957031,24.25146484375,122.30694580078125
IMG_0030.mp4,2142,71.47147147147147,29.97,516,2,traffic_signs,0.8900625109672546,880.9255981445312,558.6431884765625,945.9242553710938,634.6827392578125,913.4249267578125,596.6629638671875,64.9986572265625,76.03955078125
IMG_0030.mp4,2142,71.47147147147147,29.97,537,2,traffic_signs,0.6472830176353455,883.2926025390625,559.3543090820312,943.4349975585938,634.5383911132812,913.3638000488281,596.9463500976562,60.14239501953125,75.18408203125
IMG_0030.mp4,2142,71.47147147147147,29.97,538,2,traffic_signs,0.6596915125846863,665.7131958007812,741.3722534179688,683.3648071289062,760.7888793945312,674.5390014648438,751.08056640625,17.651611328125,19.4166259765625
IMG_0030.mp4,2142,71.47147147147147,29.97,531,2,traffic_signs,0.3993851840496063,1063.693359375,783.6868286132812,1087.69140625,805.3536987304688,1075.6923828125,794.520263671875,23.998046875,21.6668701171875
IMG_0030.mp4,2142,71.47147147147147,29.97,521,2,traffic_signs,0.5710738897323608,485.61712646484375,714.2169189453125,503.2237243652344,731.3585205078125,494.42042541503906,722.7877197265625,17.606597900390625,17.1416015625
IMG_0030.mp4,2143,71.50483817150484,29.97,450,0,auth_label,0.7263677716255188,833.1503295898438,695.1303100585938,864.76171875,818.47607421875,848.9560241699219,756.8031921386719,31.61138916015625,123.34576416015625
IMG_0030.mp4,2143,71.50483817150484,29.97,495,2,traffic_signs,0.7858644127845764,1616.098388671875,716.448974609375,1646.599853515625,783.5001220703125,1631.34912109375,749.9745483398438,30.50146484375,67.0511474609375
IMG_0030.mp4,2143,71.50483817150484,29.97,496,1,traffic_lights,0.6859555840492249,1150.32421875,707.9679565429688,1161.00341796875,731.6718139648438,1155.663818359375,719.8198852539062,10.67919921875,23.703857421875
IMG_0030.mp4,2143,71.50483817150484,29.97,514,0,auth_label,0.871370255947113,890.5010986328125,698.0678100585938,961.0556030273438,844.2188110351562,925.7783508300781,771.143310546875,70.55450439453125,146.1510009765625
IMG_0030.mp4,2143,71.50483817150484,29.97,530,2,traffic_signs,0.25704073905944824,1285.2974853515625,806.9940185546875,1300.993896484375,826.3212280273438,1293.1456909179688,816.6576232910156,15.6964111328125,19.32720947265625
IMG_0030.mp4,2143,71.50483817150484,29.97,536,0,auth_label,0.4426673352718353,867.1311645507812,682.0490112304688,890.0513916015625,797.24755859375,878.5912780761719,739.6482849121094,22.92022705078125,115.19854736328125
IMG_0030.mp4,2143,71.50483817150484,29.97,516,2,traffic_signs,0.8298624157905579,876.7058715820312,554.0728149414062,942.7135620117188,629.4414672851562,909.709716796875,591.7571411132812,66.0076904296875,75.36865234375
IMG_0030.mp4,2143,71.50483817150484,29.97,537,2,traffic_signs,0.5097500681877136,877.7650146484375,555.8077392578125,941.30615234375,629.349365234375,909.5355834960938,592.5785522460938,63.5411376953125,73.5416259765625
IMG_0030.mp4,2143,71.50483817150484,29.97,538,2,traffic_signs,0.8009010553359985,661.9249877929688,740.1900634765625,680.7644653320312,759.796875,671.3447265625,749.9934692382812,18.8394775390625,19.6068115234375
IMG_0030.mp4,2143,71.50483817150484,29.97,531,2,traffic_signs,0.5307445526123047,1062.5279541015625,782.7521362304688,1086.4390869140625,805.2334594726562,1074.4835205078125,793.9927978515625,23.9111328125,22.4813232421875
IMG_0030.mp4,2144,71.53820487153821,29.97,450,0,auth_label,0.46232688426971436,831.1705932617188,692.0966796875,863.2191772460938,821.6168212890625,847.1948852539062,756.8567504882812,32.048583984375,129.5201416015625
IMG_0030.mp4,2144,71.53820487153821,29.97,495,2,traffic_signs,0.7778180837631226,1619.96240234375,711.0330810546875,1651.3896484375,783.9666137695312,1635.676025390625,747.4998474121094,31.42724609375,72.93353271484375
IMG_0030.mp4,2144,71.53820487153821,29.97,496,1,traffic_lights,0.6929908394813538,1149.5133056640625,707.2128295898438,1160.2996826171875,730.799560546875,1154.906494140625,719.0061950683594,10.786376953125,23.58673095703125
IMG_0030.mp4,2144,71.53820487153821,29.97,514,0,auth_label,0.9185968637466431,885.9244995117188,696.1846313476562,959.3718872070312,844.0725708007812,922.648193359375,770.1286010742188,73.4473876953125,147.887939453125
IMG_0030.mp4,2144,71.53820487153821,29.97,530,2,traffic_signs,0.28212037682533264,1284.601806640625,806.4422607421875,1300.85302734375,825.6799926757812,1292.7274169921875,816.0611267089844,16.251220703125,19.23773193359375
IMG_0030.mp4,2144,71.53820487153821,29.97,516,2,traffic_signs,0.8397265672683716,871.812744140625,549.1434936523438,939.7477416992188,626.0945434570312,905.7802429199219,587.6190185546875,67.93499755859375,76.9510498046875
IMG_0030.mp4,2144,71.53820487153821,29.97,538,2,traffic_signs,0.843484103679657,659.0478515625,739.4718627929688,677.59716796875,759.0310668945312,668.322509765625,749.25146484375,18.54931640625,19.5592041015625
IMG_0030.mp4,2144,71.53820487153821,29.97,531,2,traffic_signs,0.6229533553123474,1061.103271484375,782.0809326171875,1085.2508544921875,805.3829956054688,1073.1770629882812,793.7319641113281,24.1475830078125,23.30206298828125
IMG_0030.mp4,2145,71.57157157157157,29.97,495,2,traffic_signs,0.7980246543884277,1624.11083984375,708.72265625,1655.0296630859375,780.6845703125,1639.5702514648438,744.70361328125,30.9188232421875,71.9619140625
IMG_0030.mp4,2145,71.57157157157157,29.97,496,1,traffic_lights,0.7427828907966614,1148.7352294921875,706.6119995117188,1159.4161376953125,729.9544677734375,1154.07568359375,718.2832336425781,10.680908203125,23.34246826171875
IMG_0030.mp4,2145,71.57157157157157,29.97,514,0,auth_label,0.926880419254303,880.59912109375,695.7010498046875,957.94189453125,843.140380859375,919.2705078125,769.4207153320312,77.3427734375,147.4393310546875
IMG_0030.mp4,2145,71.57157157157157,29.97,530,2,traffic_signs,0.36185935139656067,1284.1881103515625,806.3040771484375,1300.3553466796875,825.3455200195312,1292.271728515625,815.8247985839844,16.167236328125,19.04144287109375
IMG_0030.mp4,2145,71.57157157157157,29.97,516,2,traffic_signs,0.8756554126739502,866.7021484375,544.2421264648438,932.3655395507812,622.5577392578125,899.5338439941406,583.3999328613281,65.66339111328125,78.31561279296875
IMG_0030.mp4,2145,71.57157157157157,29.97,538,2,traffic_signs,0.8630163073539734,656.574462890625,739.2264404296875,674.655029296875,758.6078491210938,665.61474609375,748.9171447753906,18.08056640625,19.38140869140625
IMG_0030.mp4,2145,71.57157157157157,29.97,531,2,traffic_signs,0.5076242685317993,1059.8319091796875,781.6129760742188,1083.884033203125,805.0588989257812,1071.8579711914062,793.3359375,24.0521240234375,23.4459228515625
IMG_0030.mp4,2145,71.57157157157157,29.97,542,2,traffic_signs,0.6129668951034546,1263.29833984375,792.06640625,1277.6328125,812.8182373046875,1270.465576171875,802.4423217773438,14.33447265625,20.7518310546875
IMG_0030.mp4,2145,71.57157157157157,29.97,536,0,auth_label,0.40763506293296814,856.6994018554688,682.852294921875,878.328125,797.3633422851562,867.5137634277344,740.1078186035156,21.62872314453125,114.51104736328125
IMG_0030.mp4,2146,71.60493827160494,29.97,495,2,traffic_signs,0.709459662437439,1628.4732666015625,704.8408813476562,1661.4234619140625,781.1538696289062,1644.9483642578125,742.9973754882812,32.9501953125,76.31298828125
IMG_0030.mp4,2146,71.60493827160494,29.97,496,1,traffic_lights,0.7500199675559998,1147.925048828125,705.8902587890625,1158.6759033203125,729.4456176757812,1153.3004760742188,717.6679382324219,10.7508544921875,23.55535888671875
IMG_0030.mp4,2146,71.60493827160494,29.97,514,0,auth_label,0.9278844594955444,873.5514526367188,693.0101928710938,956.382568359375,841.8294067382812,914.9670104980469,767.4197998046875,82.83111572265625,148.8192138671875
IMG_0030.mp4,2146,71.60493827160494,29.97,530,2,traffic_signs,0.6468849182128906,1284.08642578125,805.85791015625,1300.9425048828125,825.3916015625,1292.5144653320312,815.624755859375,16.8560791015625,19.53369140625
IMG_0030.mp4,2146,71.60493827160494,29.97,516,2,traffic_signs,0.917750358581543,860.3364868164062,537.9772338867188,927.2025146484375,617.6654052734375,893.7695007324219,577.8213195800781,66.86602783203125,79.68817138671875
IMG_0030.mp4,2146,71.60493827160494,29.97,538,2,traffic_signs,0.7062994241714478,652.9194946289062,738.8873291015625,670.8966674804688,757.74072265625,661.9080810546875,748.3140258789062,17.9771728515625,18.8533935546875
IMG_0030.mp4,2146,71.60493827160494,29.97,542,2,traffic_signs,0.577843427658081,1263.18359375,791.935546875,1277.7156982421875,812.9341430664062,1270.4496459960938,802.4348449707031,14.5321044921875,20.99859619140625
IMG_0030.mp4,2147,71.6383049716383,29.97,495,2,traffic_signs,0.6872285604476929,1633.3291015625,703.5899047851562,1666.1546630859375,779.2418823242188,1649.7418823242188,741.4158935546875,32.8255615234375,75.6519775390625
IMG_0030.mp4,2147,71.6383049716383,29.97,496,1,traffic_lights,0.6122888326644897,1146.8984375,704.9737548828125,1157.85986328125,729.009521484375,1152.379150390625,716.9916381835938,10.96142578125,24.0357666015625
IMG_0030.mp4,2147,71.6383049716383,29.97,514,0,auth_label,0.9448005557060242,866.5654907226562,690.6776123046875,954.6654663085938,841.0747680664062,910.615478515625,765.8761901855469,88.0999755859375,150.39715576171875
IMG_0030.mp4,2147,71.6383049716383,29.97,530,2,traffic_signs,0.6829160451889038,1283.5196533203125,805.0084228515625,1300.9375,825.1951293945312,1292.2285766601562,815.1017761230469,17.4178466796875,20.18670654296875
IMG_0030.mp4,2147,71.6383049716383,29.97,516,2,traffic_signs,0.8971987366676331,854.4429321289062,531.6050415039062,921.1127319335938,613.7656860351562,887.77783203125,572.6853637695312,66.6697998046875,82.16064453125
IMG_0030.mp4,2147,71.6383049716383,29.97,538,2,traffic_signs,0.7527344226837158,649.7943725585938,738.0726318359375,667.3104248046875,757.6652221679688,658.5523986816406,747.8689270019531,17.51605224609375,19.59259033203125
IMG_0030.mp4,2147,71.6383049716383,29.97,542,2,traffic_signs,0.6727316379547119,1262.4052734375,791.2359619140625,1277.43408203125,813.2417602539062,1269.919677734375,802.2388610839844,15.02880859375,22.00579833984375
IMG_0030.mp4,2148,71.67167167167167,29.97,495,2,traffic_signs,0.6484187841415405,1637.8856201171875,706.2351684570312,1671.37548828125,777.4044799804688,1654.6305541992188,741.81982421875,33.4898681640625,71.1693115234375
IMG_0030.mp4,2148,71.67167167167167,29.97,496,1,traffic_lights,0.7400665283203125,1146.23193359375,704.0823364257812,1157.281005859375,728.3836669921875,1151.7564697265625,716.2330017089844,11.049072265625,24.30133056640625
IMG_0030.mp4,2148,71.67167167167167,29.97,514,0,auth_label,0.946774423122406,860.348388671875,689.0654907226562,953.1682739257812,840.9901123046875,906.7583312988281,765.0278015136719,92.81988525390625,151.92462158203125
IMG_0030.mp4,2148,71.67167167167167,29.97,530,2,traffic_signs,0.5343986749649048,1283.212890625,804.4349365234375,1300.8466796875,825.0941772460938,1292.02978515625,814.7645568847656,17.6337890625,20.65924072265625
IMG_0030.mp4,2148,71.67167167167167,29.97,516,2,traffic_signs,0.8699899911880493,849.0389404296875,525.9244384765625,917.8668212890625,608.8983764648438,883.452880859375,567.4114074707031,68.827880859375,82.97393798828125
IMG_0030.mp4,2148,71.67167167167167,29.97,538,2,traffic_signs,0.8203986287117004,647.0889892578125,737.3484497070312,664.3974609375,757.1851806640625,655.7432250976562,747.2668151855469,17.3084716796875,19.83673095703125
IMG_0030.mp4,2148,71.67167167167167,29.97,542,2,traffic_signs,0.6305251717567444,1262.092529296875,790.5777587890625,1277.2808837890625,812.6390380859375,1269.6867065429688,801.6083984375,15.1883544921875,22.061279296875
IMG_0030.mp4,2149,71.70503837170504,29.97,495,2,traffic_signs,0.7450465559959412,1642.622802734375,708.8490600585938,1677.47900390625,778.40283203125,1660.0509033203125,743.6259460449219,34.856201171875,69.55377197265625
IMG_0030.mp4,2149,71.70503837170504,29.97,496,1,traffic_lights,0.8129001259803772,1145.7747802734375,703.4530639648438,1156.8287353515625,728.0890502929688,1151.3017578125,715.7710571289062,11.053955078125,24.635986328125
IMG_0030.mp4,2149,71.70503837170504,29.97,514,0,auth_label,0.9429611563682556,853.4752807617188,688.223876953125,952.1152954101562,841.0914306640625,902.7952880859375,764.6576538085938,98.6400146484375,152.8675537109375
IMG_0030.mp4,2149,71.70503837170504,29.97,530,2,traffic_signs,0.2922053933143616,1283.355224609375,804.3673095703125,1300.747802734375,824.9143676757812,1292.051513671875,814.6408386230469,17.392578125,20.54705810546875
IMG_0030.mp4,2149,71.70503837170504,29.97,516,2,traffic_signs,0.8633871078491211,843.6271362304688,520.9285278320312,915.3909301757812,604.4135131835938,879.509033203125,562.6710205078125,71.7637939453125,83.4849853515625
IMG_0030.mp4,2149,71.70503837170504,29.97,538,2,traffic_signs,0.8527368903160095,644.9464721679688,737.0631713867188,661.9880981445312,756.8369750976562,653.46728515625,746.9500732421875,17.0416259765625,19.7738037109375
IMG_0030.mp4,2149,71.70503837170504,29.97,542,2,traffic_signs,0.6169797778129578,1262.358642578125,790.2824096679688,1277.056884765625,811.9190673828125,1269.707763671875,801.1007385253906,14.6982421875,21.63665771484375
IMG_0030.mp4,2150,71.73840507173841,29.97,495,2,traffic_signs,0.7840765714645386,1647.1192626953125,709.94775390625,1682.3468017578125,776.0975952148438,1664.7330322265625,743.0226745605469,35.2275390625,66.14984130859375
IMG_0030.mp4,2150,71.73840507173841,29.97,496,1,traffic_lights,0.826975405216217,1144.9393310546875,702.8607788085938,1156.112548828125,727.8164672851562,1150.5259399414062,715.338623046875,11.1732177734375,24.9556884765625
IMG_0030.mp4,2150,71.73840507173841,29.97,514,0,auth_label,0.946889340877533,846.0408935546875,687.1620483398438,950.636474609375,841.0094604492188,898.3386840820312,764.0857543945312,104.5955810546875,153.847412109375
IMG_0030.mp4,2150,71.73840507173841,29.97,530,2,traffic_signs,0.5629667043685913,1283.0155029296875,804.685546875,1300.5147705078125,824.7329711914062,1291.76513671875,814.7092590332031,17.499267578125,20.04742431640625
IMG_0030.mp4,2150,71.73840507173841,29.97,516,2,traffic_signs,0.8986727595329285,837.2791748046875,515.40087890625,907.7462768554688,600.3967895507812,872.5127258300781,557.8988342285156,70.46710205078125,84.99591064453125
IMG_0030.mp4,2150,71.73840507173841,29.97,538,2,traffic_signs,0.7636426687240601,641.8478393554688,736.2125244140625,659.1463623046875,755.8339233398438,650.4971008300781,746.0232238769531,17.29852294921875,19.62139892578125
IMG_0030.mp4,2150,71.73840507173841,29.97,542,2,traffic_signs,0.6786618828773499,1261.65576171875,789.9676513671875,1276.462158203125,812.7403564453125,1269.0589599609375,801.35400390625,14.806396484375,22.772705078125
IMG_0030.mp4,2151,71.77177177177177,29.97,495,2,traffic_signs,0.332389235496521,1651.523681640625,707.5941162109375,1688.2880859375,778.0450439453125,1669.9058837890625,742.819580078125,36.764404296875,70.450927734375
IMG_0030.mp4,2151,71.77177177177177,29.97,496,1,traffic_lights,0.8187350034713745,1144.523681640625,702.0827026367188,1155.5689697265625,727.3412475585938,1150.0463256835938,714.7119750976562,11.0452880859375,25.258544921875
IMG_0030.mp4,2151,71.77177177177177,29.97,514,0,auth_label,0.9602614641189575,840.309814453125,686.0223388671875,949.1148071289062,839.6709594726562,894.7123107910156,762.8466491699219,108.80499267578125,153.64862060546875
IMG_0030.mp4,2151,71.77177177177177,29.97,530,2,traffic_signs,0.6885013580322266,1282.95556640625,804.7041015625,1300.1207275390625,824.1138305664062,1291.5381469726562,814.4089660644531,17.1651611328125,19.40972900390625
IMG_0030.mp4,2151,71.77177177177177,29.97,516,2,traffic_signs,0.8691908717155457,831.211181640625,508.7619934082031,903.4326782226562,595.244873046875,867.3219299316406,552.0034332275391,72.22149658203125,86.48287963867188
IMG_0030.mp4,2151,71.77177177177177,29.97,538,2,traffic_signs,0.7915063500404358,638.9696655273438,734.8673095703125,657.3128051757812,755.9207153320312,648.1412353515625,745.3940124511719,18.3431396484375,21.05340576171875
IMG_0030.mp4,2151,71.77177177177177,29.97,542,2,traffic_signs,0.3314608335494995,1261.5867919921875,789.714111328125,1276.1385498046875,811.9786376953125,1268.8626708984375,800.8463745117188,14.5517578125,22.2645263671875
IMG_0030.mp4,2152,71.80513847180514,29.97,495,2,traffic_signs,0.6444056034088135,1657.07080078125,700.3216552734375,1693.4283447265625,776.1688232421875,1675.2495727539062,738.2452392578125,36.3575439453125,75.84716796875
IMG_0030.mp4,2152,71.80513847180514,29.97,496,1,traffic_lights,0.8193364143371582,1144.04443359375,701.533447265625,1155.0784912109375,727.066650390625,1149.5614624023438,714.300048828125,11.0340576171875,25.533203125
IMG_0030.mp4,2152,71.80513847180514,29.97,514,0,auth_label,0.9564449787139893,835.2388305664062,682.8856201171875,947.0060424804688,839.5565795898438,891.1224365234375,761.2210998535156,111.7672119140625,156.67095947265625
IMG_0030.mp4,2152,71.80513847180514,29.97,530,2,traffic_signs,0.6904942989349365,1282.87451171875,804.622802734375,1299.890869140625,823.9745483398438,1291.3826904296875,814.2986755371094,17.016357421875,19.35174560546875
IMG_0030.mp4,2152,71.80513847180514,29.97,516,2,traffic_signs,0.886233925819397,823.8135375976562,502.8630065917969,900.1353149414062,590.7325439453125,861.9744262695312,546.7977752685547,76.32177734375,87.86953735351562
IMG_0030.mp4,2152,71.80513847180514,29.97,538,2,traffic_signs,0.6389240026473999,635.755615234375,734.2195434570312,654.1561279296875,755.3065185546875,644.9558715820312,744.7630310058594,18.4005126953125,21.08697509765625
IMG_0030.mp4,2152,71.80513847180514,29.97,542,2,traffic_signs,0.29704442620277405,1261.3970947265625,789.519287109375,1275.885986328125,811.4640502929688,1268.6415405273438,800.4916687011719,14.4888916015625,21.94476318359375
IMG_0030.mp4,2152,71.80513847180514,29.97,521,2,traffic_signs,0.6150374412536621,448.3390197753906,705.7574462890625,466.7528381347656,725.6478271484375,457.5459289550781,715.70263671875,18.413818359375,19.890380859375
IMG_0030.mp4,2153,71.8385051718385,29.97,495,2,traffic_signs,0.5741912722587585,1661.934814453125,697.4401245117188,1700.6680908203125,776.2028198242188,1681.3014526367188,736.8214721679688,38.7332763671875,78.7626953125
IMG_0030.mp4,2153,71.8385051718385,29.97,496,1,traffic_lights,0.8000801205635071,1143.548583984375,700.949462890625,1154.62841796875,726.656982421875,1149.0885009765625,713.80322265625,11.079833984375,25.70751953125
IMG_0030.mp4,2153,71.8385051718385,29.97,514,0,auth_label,0.9566675424575806,830.0371704101562,680.0015258789062,945.294677734375,839.8252563476562,887.6659240722656,759.9133911132812,115.25750732421875,159.82373046875
IMG_0030.mp4,2153,71.8385051718385,29.97,530,2,traffic_signs,0.6539673805236816,1282.645263671875,804.1995849609375,1299.940185546875,823.7643432617188,1291.292724609375,813.9819641113281,17.294921875,19.56475830078125
IMG_0030.mp4,2153,71.8385051718385,29.97,516,2,traffic_signs,0.8487321734428406,817.4152221679688,496.9266357421875,896.7307739257812,584.748046875,857.072998046875,540.8373413085938,79.3155517578125,87.8214111328125
IMG_0030.mp4,2153,71.8385051718385,29.97,538,2,traffic_signs,0.8090812563896179,632.6950073242188,733.8565673828125,650.7507934570312,754.6085815429688,641.722900390625,744.2325744628906,18.0557861328125,20.75201416015625
IMG_0030.mp4,2153,71.8385051718385,29.97,542,2,traffic_signs,0.28401103615760803,1261.2156982421875,789.318115234375,1275.5880126953125,811.5899658203125,1268.40185546875,800.4540405273438,14.372314453125,22.2718505859375
IMG_0030.mp4,2153,71.8385051718385,29.97,554,2,traffic_signs,0.7292172908782959,1662.587158203125,672.1576538085938,1701.599609375,782.2091674804688,1682.0933837890625,727.1834106445312,39.012451171875,110.051513671875
IMG_0030.mp4,2153,71.8385051718385,29.97,521,2,traffic_signs,0.8810158967971802,443.9387512207031,704.7056884765625,463.3760070800781,724.9380493164062,453.6573791503906,714.8218688964844,19.437255859375,20.23236083984375
IMG_0030.mp4,2154,71.87187187187187,29.97,495,2,traffic_signs,0.6466959714889526,1667.1630859375,693.4517211914062,1707.0177001953125,771.9913940429688,1687.0903930664062,732.7215576171875,39.8546142578125,78.5396728515625
IMG_0030.mp4,2154,71.87187187187187,29.97,496,1,traffic_lights,0.7780978679656982,1142.997314453125,700.53662109375,1154.1651611328125,726.187744140625,1148.5812377929688,713.3621826171875,11.1678466796875,25.651123046875
IMG_0030.mp4,2154,71.87187187187187,29.97,514,0,auth_label,0.9622474908828735,825.7410888671875,678.1534423828125,943.6260986328125,840.6513671875,884.68359375,759.4024047851562,117.885009765625,162.4979248046875
IMG_0030.mp4,2154,71.87187187187187,29.97,530,2,traffic_signs,0.5444099307060242,1282.507568359375,804.1868286132812,1299.868896484375,823.4093017578125,1291.188232421875,813.7980651855469,17.361328125,19.22247314453125
IMG_0030.mp4,2154,71.87187187187187,29.97,516,2,traffic_signs,0.6266254782676697,810.2168579101562,489.7883605957031,887.5020141601562,579.7109985351562,848.8594360351562,534.7496795654297,77.28515625,89.92263793945312
IMG_0030.mp4,2154,71.87187187187187,29.97,538,2,traffic_signs,0.8324679732322693,629.330810546875,733.1575317382812,647.6364135742188,754.1748657226562,638.4836120605469,743.6661987304688,18.30560302734375,21.017333984375
IMG_0030.mp4,2154,71.87187187187187,29.97,554,2,traffic_signs,0.6998487114906311,1667.3287353515625,669.0361328125,1707.16455078125,774.132568359375,1687.2466430664062,721.5843505859375,39.8358154296875,105.096435546875
IMG_0030.mp4,2154,71.87187187187187,29.97,521,2,traffic_signs,0.866816520690918,439.6878662109375,703.503173828125,459.64385986328125,724.2440185546875,449.6658630371094,713.8735961914062,19.95599365234375,20.7408447265625
IMG_0030.mp4,2154,71.87187187187187,29.97,555,2,traffic_signs,0.444688618183136,659.9428100585938,722.060302734375,674.8499755859375,750.7784423828125,667.3963928222656,736.4193725585938,14.90716552734375,28.7181396484375
IMG_0030.mp4,2154,71.87187187187187,29.97,531,2,traffic_signs,0.43144580721855164,1049.4473876953125,776.749755859375,1075.088134765625,802.3198852539062,1062.2677612304688,789.5348205566406,25.6407470703125,25.57012939453125
IMG_0030.mp4,2155,71.90523857190524,29.97,495,2,traffic_signs,0.5343213677406311,1673.117431640625,695.7095947265625,1714.193359375,772.6863403320312,1693.6553955078125,734.1979675292969,41.075927734375,76.97674560546875
IMG_0030.mp4,2155,71.90523857190524,29.97,496,1,traffic_lights,0.7804074883460999,1142.8475341796875,700.2306518554688,1154.02978515625,725.7534790039062,1148.4386596679688,712.9920654296875,11.1822509765625,25.5228271484375
IMG_0030.mp4,2155,71.90523857190524,29.97,514,0,auth_label,0.9584494233131409,822.7542114257812,677.6370239257812,942.6123046875,840.6453857421875,882.6832580566406,759.1412048339844,119.85809326171875,163.00836181640625
IMG_0030.mp4,2155,71.90523857190524,29.97,530,2,traffic_signs,0.552282452583313,1282.8541259765625,804.19287109375,1300.277099609375,823.5348510742188,1291.5656127929688,813.8638610839844,17.4229736328125,19.34197998046875
IMG_0030.mp4,2155,71.90523857190524,29.97,516,2,traffic_signs,0.8863697648048401,802.9890747070312,481.5671691894531,880.3049926757812,573.73388671875,841.6470336914062,527.6505279541016,77.31591796875,92.16671752929688
IMG_0030.mp4,2155,71.90523857190524,29.97,538,2,traffic_signs,0.8230774402618408,626.2848510742188,732.9788208007812,644.2088623046875,753.3750610351562,635.2468566894531,743.1769409179688,17.92401123046875,20.396240234375
IMG_0030.mp4,2155,71.90523857190524,29.97,554,2,traffic_signs,0.27651554346084595,1673.5892333984375,669.439697265625,1714.751708984375,777.0009155273438,1694.1704711914062,723.2203063964844,41.1624755859375,107.56121826171875
IMG_0030.mp4,2155,71.90523857190524,29.97,521,2,traffic_signs,0.9020713567733765,434.8814697265625,702.6268920898438,455.4438781738281,724.1348876953125,445.1626739501953,713.3808898925781,20.562408447265625,21.50799560546875
IMG_0030.mp4,2155,71.90523857190524,29.97,555,2,traffic_signs,0.32376226782798767,658.0222778320312,722.2161254882812,671.6165161132812,749.3845825195312,664.8193969726562,735.8003540039062,13.59423828125,27.16845703125
IMG_0030.mp4,2155,71.90523857190524,29.97,531,2,traffic_signs,0.44385793805122375,1048.7105712890625,776.140869140625,1074.7666015625,802.1619873046875,1061.7385864257812,789.1514282226562,26.0560302734375,26.0211181640625
IMG_0030.mp4,2156,71.93860527193861,29.97,495,2,traffic_signs,0.5937599539756775,1679.4136962890625,695.8638916015625,1721.3609619140625,771.026611328125,1700.3873291015625,733.4452514648438,41.947265625,75.1627197265625
IMG_0030.mp4,2156,71.93860527193861,29.97,496,1,traffic_lights,0.7869779467582703,1142.3994140625,699.5556640625,1153.8287353515625,725.2242431640625,1148.1140747070312,712.3899536132812,11.4293212890625,25.6685791015625
IMG_0030.mp4,2156,71.93860527193861,29.97,514,0,auth_label,0.9526116847991943,821.618896484375,676.122314453125,940.7694702148438,840.7891845703125,881.1941833496094,758.4557495117188,119.15057373046875,164.6668701171875
IMG_0030.mp4,2156,71.93860527193861,29.97,530,2,traffic_signs,0.333554208278656,1283.0146484375,803.8589477539062,1300.5355224609375,823.3112182617188,1291.7750854492188,813.5850830078125,17.5208740234375,19.4522705078125
IMG_0030.mp4,2156,71.93860527193861,29.97,516,2,traffic_signs,0.8930404782295227,795.060546875,473.8306579589844,876.6670532226562,567.3751831054688,835.8638000488281,520.6029205322266,81.60650634765625,93.54452514648438
IMG_0030.mp4,2156,71.93860527193861,29.97,538,2,traffic_signs,0.8091828227043152,623.6375732421875,732.3922119140625,641.2499389648438,752.9310913085938,632.4437561035156,742.6616516113281,17.61236572265625,20.53887939453125
IMG_0030.mp4,2156,71.93860527193861,29.97,521,2,traffic_signs,0.9002202749252319,431.7259826660156,702.436767578125,451.8699645996094,723.3890991210938,441.7979736328125,712.9129333496094,20.14398193359375,20.95233154296875
IMG_0030.mp4,2156,71.93860527193861,29.97,531,2,traffic_signs,0.623602569103241,1048.1309814453125,775.8193969726562,1074.454345703125,801.9556884765625,1061.2926635742188,788.8875427246094,26.3233642578125,26.13629150390625
IMG_0030.mp4,2157,71.97197197197197,29.97,495,2,traffic_signs,0.5411717891693115,1686.1427001953125,694.8291015625,1729.098876953125,768.0764770507812,1707.6207885742188,731.4527893066406,42.9561767578125,73.24737548828125
IMG_0030.mp4,2157,71.97197197197197,29.97,496,1,traffic_lights,0.7808818817138672,1142.275146484375,698.92822265625,1153.740234375,724.581787109375,1148.0076904296875,711.7550048828125,11.465087890625,25.653564453125
IMG_0030.mp4,2157,71.97197197197197,29.97,514,0,auth_label,0.950211226940155,820.9313354492188,674.3369140625,939.8731079101562,840.2838134765625,880.4022216796875,757.3103637695312,118.9417724609375,165.9468994140625
IMG_0030.mp4,2157,71.97197197197197,29.97,516,2,traffic_signs,0.8661819696426392,787.5718383789062,466.6636047363281,873.6914672851562,560.803466796875,830.6316528320312,513.7335357666016,86.11962890625,94.13986206054688
IMG_0030.mp4,2157,71.97197197197197,29.97,538,2,traffic_signs,0.8239659070968628,620.9549560546875,731.7305908203125,639.0623779296875,752.4623413085938,630.0086669921875,742.0964660644531,18.107421875,20.73175048828125
IMG_0030.mp4,2157,71.97197197197197,29.97,521,2,traffic_signs,0.8912878632545471,428.4180603027344,701.5945434570312,448.49798583984375,722.6680908203125,438.45802307128906,712.1313171386719,20.079925537109375,21.07354736328125
IMG_0030.mp4,2157,71.97197197197197,29.97,531,2,traffic_signs,0.4127742648124695,1047.599853515625,775.6730346679688,1073.7423095703125,801.3375854492188,1060.6710815429688,788.5053100585938,26.1424560546875,25.66455078125
IMG_0030.mp4,2158,72.00533867200534,29.97,495,2,traffic_signs,0.630846381187439,1692.8095703125,694.39599609375,1736.4505615234375,764.7891845703125,1714.6300659179688,729.5925903320312,43.6409912109375,70.3931884765625
IMG_0030.mp4,2158,72.00533867200534,29.97,496,1,traffic_lights,0.7774627804756165,1141.9515380859375,698.3466186523438,1153.4619140625,724.1926879882812,1147.7067260742188,711.2696533203125,11.5103759765625,25.8460693359375
IMG_0030.mp4,2158,72.00533867200534,29.97,514,0,auth_label,0.9518356919288635,814.4227294921875,673.2965698242188,939.0195922851562,840.5370483398438,876.7211608886719,756.9168090820312,124.59686279296875,167.240478515625
IMG_0030.mp4,2158,72.00533867200534,29.97,516,2,traffic_signs,0.9042049646377563,779.5421752929688,458.31170654296875,865.343017578125,554.7871704101562,822.4425964355469,506.5494384765625,85.80084228515625,96.4754638671875
IMG_0030.mp4,2158,72.00533867200534,29.97,538,2,traffic_signs,0.84443199634552,617.9223022460938,731.06298828125,635.9785766601562,752.1905517578125,626.950439453125,741.6267700195312,18.0562744140625,21.1275634765625
IMG_0030.mp4,2158,72.00533867200534,29.97,521,2,traffic_signs,0.8863318562507629,424.5910339355469,700.9329833984375,444.76470947265625,722.2656860351562,434.67787170410156,711.5993347167969,20.173675537109375,21.33270263671875
IMG_0030.mp4,2158,72.00533867200534,29.97,531,2,traffic_signs,0.3998527228832245,1047.1689453125,775.4342651367188,1072.904541015625,800.732177734375,1060.0367431640625,788.0832214355469,25.735595703125,25.29791259765625
IMG_0030.mp4,2158,72.00533867200534,29.97,530,2,traffic_signs,0.28352364897727966,1283.93408203125,803.75927734375,1301.208251953125,823.155029296875,1292.5711669921875,813.4571533203125,17.274169921875,19.395751953125
IMG_0030.mp4,2159,72.0387053720387,29.97,495,2,traffic_signs,0.768514096736908,1700.494873046875,690.8438720703125,1744.2623291015625,762.22998046875,1722.3786010742188,726.5369262695312,43.7674560546875,71.3861083984375
IMG_0030.mp4,2159,72.0387053720387,29.97,496,1,traffic_lights,0.7992114424705505,1141.684814453125,697.4593505859375,1153.24365234375,723.6873168945312,1147.4642333984375,710.5733337402344,11.558837890625,26.22796630859375
IMG_0030.mp4,2159,72.0387053720387,29.97,514,0,auth_label,0.9519753456115723,814.3512573242188,673.863037109375,937.96728515625,840.5137939453125,876.1592712402344,757.1884155273438,123.61602783203125,166.6507568359375
IMG_0030.mp4,2159,72.0387053720387,29.97,516,2,traffic_signs,0.9209660291671753,771.7822265625,449.195068359375,859.9744873046875,547.3272094726562,815.8783569335938,498.2611389160156,88.1922607421875,98.13214111328125
IMG_0030.mp4,2159,72.0387053720387,29.97,538,2,traffic_signs,0.6719834804534912,615.1216430664062,730.7852172851562,633.0982666015625,752.0504150390625,624.1099548339844,741.4178161621094,17.97662353515625,21.26519775390625
IMG_0030.mp4,2159,72.0387053720387,29.97,521,2,traffic_signs,0.8800966739654541,421.1622314453125,699.5912475585938,440.9422607421875,721.7920532226562,431.05224609375,710.691650390625,19.780029296875,22.2008056640625
IMG_0030.mp4,2159,72.0387053720387,29.97,531,2,traffic_signs,0.33668825030326843,1047.0548095703125,775.0322875976562,1072.4288330078125,799.7880249023438,1059.7418212890625,787.41015625,25.3740234375,24.7557373046875
IMG_0030.mp4,2159,72.0387053720387,29.97,530,2,traffic_signs,0.25861769914627075,1284.55224609375,803.5850830078125,1301.6881103515625,822.9653930664062,1293.1201782226562,813.2752380371094,17.1358642578125,19.38031005859375
IMG_0030.mp4,2159,72.0387053720387,29.97,536,0,auth_label,0.35902148485183716,800.0384521484375,657.5069580078125,824.642578125,837.1509399414062,812.3405151367188,747.3289489746094,24.6041259765625,179.64398193359375
IMG_0030.mp4,2159,72.0387053720387,29.97,555,2,traffic_signs,0.4669319987297058,644.8125,719.4735107421875,659.82568359375,747.73095703125,652.319091796875,733.6022338867188,15.01318359375,28.2574462890625
IMG_0030.mp4,2160,72.07207207207207,29.97,495,2,traffic_signs,0.39643892645835876,1708.5870361328125,666.1505737304688,1755.1795654296875,762.7034912109375,1731.88330078125,714.4270324707031,46.592529296875,96.55291748046875
IMG_0030.mp4,2160,72.07207207207207,29.97,496,1,traffic_lights,0.7823678851127625,1141.468017578125,696.8145141601562,1152.9473876953125,723.2022094726562,1147.2077026367188,710.0083618164062,11.4793701171875,26.3876953125
IMG_0030.mp4,2160,72.07207207207207,29.97,514,0,auth_label,0.9622812867164612,812.343994140625,672.3320922851562,936.6937866210938,840.644775390625,874.5188903808594,756.4884338378906,124.34979248046875,168.31268310546875
IMG_0030.mp4,2160,72.07207207207207,29.97,516,2,traffic_signs,0.8953191637992859,763.5460205078125,441.0084228515625,853.7132568359375,539.55712890625,808.629638671875,490.28277587890625,90.167236328125,98.5487060546875
IMG_0030.mp4,2160,72.07207207207207,29.97,538,2,traffic_signs,0.8448342680931091,611.9693603515625,730.0796508789062,630.1776733398438,751.771484375,621.0735168457031,740.9255676269531,18.20831298828125,21.69183349609375
IMG_0030.mp4,2160,72.07207207207207,29.97,521,2,traffic_signs,0.843499481678009,417.12017822265625,698.3991088867188,437.5608825683594,721.2544555664062,427.3405303955078,709.8267822265625,20.440704345703125,22.8553466796875
IMG_0030.mp4,2160,72.07207207207207,29.97,530,2,traffic_signs,0.369196355342865,1285.2796630859375,803.4024658203125,1302.3297119140625,822.9154052734375,1293.8046875,813.158935546875,17.050048828125,19.512939453125
IMG_0030.mp4,2160,72.07207207207207,29.97,555,2,traffic_signs,0.43082529306411743,640.847412109375,718.1939697265625,657.4219360351562,748.131103515625,649.1346740722656,733.1625366210938,16.57452392578125,29.9371337890625
IMG_0030.mp4,2161,72.10543877210544,29.97,496,1,traffic_lights,0.8053070306777954,1141.35009765625,696.26708984375,1152.6846923828125,722.7259521484375,1147.0173950195312,709.4965209960938,11.3345947265625,26.4588623046875
IMG_0030.mp4,2161,72.10543877210544,29.97,514,0,auth_label,0.961319088935852,812.9880981445312,673.0494995117188,935.5797729492188,840.2520751953125,874.283935546875,756.6507873535156,122.5916748046875,167.20257568359375
IMG_0030.mp4,2161,72.10543877210544,29.97,516,2,traffic_signs,0.9185970425605774,753.6842651367188,430.91632080078125,848.635498046875,532.7513427734375,801.1598815917969,481.8338317871094,94.95123291015625,101.83502197265625
IMG_0030.mp4,2161,72.10543877210544,29.97,538,2,traffic_signs,0.8378972411155701,608.676025390625,729.3207397460938,627.4796142578125,750.7306518554688,618.0778198242188,740.0256958007812,18.8035888671875,21.409912109375
IMG_0030.mp4,2161,72.10543877210544,29.97,521,2,traffic_signs,0.8758540749549866,413.1128845214844,697.63427734375,433.9958801269531,720.6890258789062,423.55438232421875,709.1616516113281,20.88299560546875,23.05474853515625
IMG_0030.mp4,2161,72.10543877210544,29.97,530,2,traffic_signs,0.3460155129432678,1286.0396728515625,803.3373413085938,1303.0382080078125,822.8441162109375,1294.5389404296875,813.0907287597656,16.99853515625,19.50677490234375
IMG_0030.mp4,2161,72.10543877210544,29.97,557,2,traffic_signs,0.7429635524749756,795.1058349609375,598.3944702148438,826.7781372070312,718.1649169921875,810.9419860839844,658.2796936035156,31.67230224609375,119.77044677734375
IMG_0030.mp4,2161,72.10543877210544,29.97,536,0,auth_label,0.3760533332824707,797.615966796875,671.6763916015625,816.3424682617188,836.4888305664062,806.9792175292969,754.0826110839844,18.72650146484375,164.81243896484375
IMG_0030.mp4,2162,72.13880547213881,29.97,496,1,traffic_lights,0.8355038166046143,1141.17724609375,695.5807495117188,1152.5020751953125,722.060302734375,1146.8396606445312,708.8205261230469,11.3248291015625,26.47955322265625
IMG_0030.mp4,2162,72.13880547213881,29.97,514,0,auth_label,0.9627917408943176,813.13818359375,671.997314453125,934.5972900390625,839.7571411132812,873.8677368164062,755.8772277832031,121.4591064453125,167.75982666015625
IMG_0030.mp4,2162,72.13880547213881,29.97,516,2,traffic_signs,0.907164454460144,746.408935546875,420.3218078613281,837.51708984375,524.060546875,791.9630126953125,472.19117736816406,91.108154296875,103.73873901367188
IMG_0030.mp4,2162,72.13880547213881,29.97,538,2,traffic_signs,0.8145110011100769,605.4297485351562,728.1799926757812,624.6146240234375,750.3892822265625,615.0221862792969,739.2846374511719,19.18487548828125,22.20928955078125
IMG_0030.mp4,2162,72.13880547213881,29.97,521,2,traffic_signs,0.8417319655418396,409.09820556640625,697.177001953125,431.1217041015625,719.9821166992188,420.1099548339844,708.5795593261719,22.02349853515625,22.80511474609375
IMG_0030.mp4,2162,72.13880547213881,29.97,557,2,traffic_signs,0.651197612285614,786.4468383789062,596.8359375,823.5636596679688,718.88525390625,805.0052490234375,657.860595703125,37.1168212890625,122.04931640625
IMG_0030.mp4,2162,72.13880547213881,29.97,536,0,auth_label,0.2615567743778229,795.4763793945312,672.0771484375,813.6253662109375,833.6145629882812,804.5508728027344,752.8458557128906,18.14898681640625,161.53741455078125
IMG_0030.mp4,2162,72.13880547213881,29.97,495,2,traffic_signs,0.572091281414032,1723.34228515625,652.1421508789062,1777.6943359375,761.2850341796875,1750.518310546875,706.7135925292969,54.35205078125,109.14288330078125
IMG_0030.mp4,2163,72.17217217217217,29.97,496,1,traffic_lights,0.47747352719306946,1140.9013671875,694.9035034179688,1152.3433837890625,721.1475219726562,1146.6223754882812,708.0255126953125,11.4420166015625,26.2440185546875
IMG_0030.mp4,2163,72.17217217217217,29.97,514,0,auth_label,0.958435595035553,811.752197265625,670.9042358398438,933.4993896484375,838.9882202148438,872.6257934570312,754.9462280273438,121.7471923828125,168.083984375
IMG_0030.mp4,2163,72.17217217217217,29.97,516,2,traffic_signs,0.9135591387748718,736.925537109375,409.690185546875,830.74609375,516.06591796875,783.8358154296875,462.8780517578125,93.820556640625,106.375732421875
IMG_0030.mp4,2163,72.17217217217217,29.97,538,2,traffic_signs,0.852557361125946,602.3094482421875,727.3257446289062,621.474853515625,749.7994995117188,611.8921508789062,738.5626220703125,19.1654052734375,22.4737548828125
IMG_0030.mp4,2163,72.17217217217217,29.97,521,2,traffic_signs,0.8370484113693237,405.2401123046875,696.6611938476562,427.0958251953125,718.9323120117188,416.16796875,707.7967529296875,21.855712890625,22.2711181640625
IMG_0030.mp4,2163,72.17217217217217,29.97,557,2,traffic_signs,0.5746603012084961,783.2149658203125,590.4915771484375,819.9530029296875,719.3836669921875,801.583984375,654.9376220703125,36.738037109375,128.89208984375
IMG_0030.mp4,2163,72.17217217217217,29.97,536,0,auth_label,0.3144988715648651,793.9429931640625,673.3128662109375,812.2548828125,832.5308227539062,803.0989379882812,752.9218444824219,18.3118896484375,159.21795654296875
IMG_0030.mp4,2163,72.17217217217217,29.97,495,2,traffic_signs,0.6244655251502991,1730.6307373046875,670.055419921875,1783.3397216796875,755.6864624023438,1756.9852294921875,712.8709411621094,52.708984375,85.63104248046875
IMG_0030.mp4,2164,72.20553887220554,29.97,496,1,traffic_lights,0.7700375914573669,1140.7586669921875,694.9241333007812,1152.4344482421875,720.873046875,1146.5965576171875,707.8985900878906,11.67578125,25.94891357421875
IMG_0030.mp4,2164,72.20553887220554,29.97,514,0,auth_label,0.957444965839386,810.36865234375,669.9822387695312,932.2365112304688,838.3946533203125,871.3025817871094,754.1884460449219,121.86785888671875,168.41241455078125
IMG_0030.mp4,2164,72.20553887220554,29.97,516,2,traffic_signs,0.9384963512420654,727.5122680664062,397.84246826171875,820.0380859375,507.26416015625,773.7751770019531,452.5533142089844,92.52581787109375,109.42169189453125
IMG_0030.mp4,2164,72.20553887220554,29.97,538,2,traffic_signs,0.8568352460861206,600.1141967773438,726.7238159179688,618.2322998046875,749.2980346679688,609.1732482910156,738.0109252929688,18.11810302734375,22.57421875
IMG_0030.mp4,2164,72.20553887220554,29.97,521,2,traffic_signs,0.8673731684684753,401.26220703125,695.9938354492188,423.2134094238281,718.3936157226562,412.23780822753906,707.1937255859375,21.951202392578125,22.3997802734375
IMG_0030.mp4,2164,72.20553887220554,29.97,557,2,traffic_signs,0.805275022983551,775.26318359375,583.6654052734375,814.712890625,719.17431640625,794.988037109375,651.4198608398438,39.44970703125,135.5089111328125
IMG_0030.mp4,2164,72.20553887220554,29.97,536,0,auth_label,0.3340270221233368,792.6770629882812,672.569580078125,811.5775146484375,832.892333984375,802.1272888183594,752.73095703125,18.90045166015625,160.32275390625
IMG_0030.mp4,2164,72.20553887220554,29.97,542,2,traffic_signs,0.2870379090309143,1262.8612060546875,785.0048828125,1278.6754150390625,810.5574340820312,1270.768310546875,797.7811584472656,15.814208984375,25.55255126953125
IMG_0030.mp4,2164,72.20553887220554,29.97,555,2,traffic_signs,0.4293864965438843,629.2764892578125,711.0064697265625,644.8314819335938,745.43701171875,637.0539855957031,728.2217407226562,15.55499267578125,34.4305419921875
IMG_0030.mp4,2165,72.2389055722389,29.97,496,1,traffic_lights,0.7258778810501099,1140.69921875,694.665283203125,1152.48193359375,720.3277587890625,1146.590576171875,707.4965209960938,11.78271484375,25.6624755859375
IMG_0030.mp4,2165,72.2389055722389,29.97,514,0,auth_label,0.958694577217102,808.6687622070312,669.3933715820312,930.1683349609375,837.9784545898438,869.4185485839844,753.6859130859375,121.49957275390625,168.5850830078125
IMG_0030.mp4,2165,72.2389055722389,29.97,516,2,traffic_signs,0.9369074106216431,716.9667358398438,385.80731201171875,808.4227905273438,497.8064880371094,762.6947631835938,441.80690002441406,91.4560546875,111.99917602539062
IMG_0030.mp4,2165,72.2389055722389,29.97,538,2,traffic_signs,0.7945606112480164,597.2955322265625,726.0824584960938,615.2216796875,748.7432861328125,606.2586059570312,737.4128723144531,17.9261474609375,22.66082763671875
IMG_0030.mp4,2165,72.2389055722389,29.97,521,2,traffic_signs,0.8504235148429871,397.3128967285156,694.9100952148438,419.0517272949219,718.3626098632812,408.18231201171875,706.6363525390625,21.73883056640625,23.4525146484375
IMG_0030.mp4,2165,72.2389055722389,29.97,557,2,traffic_signs,0.8318032026290894,772.1889038085938,578.9931640625,810.4183959960938,714.699462890625,791.3036499023438,646.8463134765625,38.2294921875,135.706298828125
IMG_0030.mp4,2165,72.2389055722389,29.97,542,2,traffic_signs,0.4350479245185852,1262.9644775390625,784.8101196289062,1278.984130859375,810.5499877929688,1270.9743041992188,797.6800537109375,16.0196533203125,25.7398681640625
IMG_0030.mp4,2165,72.2389055722389,29.97,555,2,traffic_signs,0.49265366792678833,626.50048828125,711.7127685546875,641.9359741210938,745.0552978515625,634.2182312011719,728.384033203125,15.43548583984375,33.342529296875
IMG_0030.mp4,2165,72.2389055722389,29.97,531,2,traffic_signs,0.2810647785663605,1042.5416259765625,772.2243041992188,1069.038818359375,798.1012573242188,1055.7902221679688,785.1627807617188,26.4971923828125,25.876953125
IMG_0030.mp4,2165,72.2389055722389,29.97,495,2,traffic_signs,0.4258202910423279,1748.0386962890625,666.95654296875,1800.107421875,752.765625,1774.0730590820312,709.861083984375,52.0687255859375,85.80908203125
IMG_0030.mp4,2166,72.27227227227228,29.97,496,1,traffic_lights,0.7653827667236328,1140.580810546875,693.80712890625,1152.3026123046875,719.8704833984375,1146.4417114257812,706.8388061523438,11.7218017578125,26.0633544921875
IMG_0030.mp4,2166,72.27227227227228,29.97,514,0,auth_label,0.9488522410392761,801.7354125976562,668.0658569335938,928.1566162109375,838.521484375,864.9460144042969,753.2936706542969,126.42120361328125,170.45562744140625
IMG_0030.mp4,2166,72.27227227227228,29.97,516,2,traffic_signs,0.9174711108207703,704.1760864257812,375.09967041015625,806.0258178710938,488.3390808105469,755.1009521484375,431.71937561035156,101.8497314453125,113.23941040039062
IMG_0030.mp4,2166,72.27227227227228,29.97,538,2,traffic_signs,0.8090508580207825,593.9795532226562,725.0405883789062,611.5368041992188,748.4967651367188,602.7581787109375,736.7686767578125,17.5572509765625,23.4561767578125
IMG_0030.mp4,2166,72.27227227227228,29.97,521,2,traffic_signs,0.8854816555976868,393.1400146484375,693.881591796875,414.9041442871094,717.5994262695312,404.02207946777344,705.7405090332031,21.764129638671875,23.71783447265625
IMG_0030.mp4,2166,72.27227227227228,29.97,557,2,traffic_signs,0.6918559670448303,769.3651733398438,574.1429443359375,805.8345336914062,714.7144775390625,787.599853515625,644.4287109375,36.4693603515625,140.571533203125
IMG_0030.mp4,2166,72.27227227227228,29.97,542,2,traffic_signs,0.397739440202713,1262.9337158203125,784.6107788085938,1279.4254150390625,810.3787231445312,1271.1795654296875,797.4947509765625,16.49169921875,25.7679443359375
IMG_0030.mp4,2166,72.27227227227228,29.97,555,2,traffic_signs,0.32641148567199707,623.7478637695312,713.4955444335938,638.0159912109375,744.4950561523438,630.8819274902344,728.9953002929688,14.26812744140625,30.99951171875
IMG_0030.mp4,2166,72.27227227227228,29.97,531,2,traffic_signs,0.26863786578178406,1041.4627685546875,771.4191284179688,1068.056884765625,797.2560424804688,1054.7598266601562,784.3375854492188,26.5941162109375,25.8369140625
IMG_0030.mp4,2166,72.27227227227228,29.97,495,2,traffic_signs,0.6628924012184143,1756.2410888671875,671.5641479492188,1810.1126708984375,749.8740844726562,1783.1768798828125,710.7191162109375,53.87158203125,78.3099365234375
IMG_0030.mp4,2167,72.30563897230564,29.97,496,1,traffic_lights,0.7652495503425598,1140.5938720703125,693.39990234375,1152.4100341796875,719.5557861328125,1146.501953125,706.4778442382812,11.816162109375,26.1558837890625
IMG_0030.mp4,2167,72.30563897230564,29.97,514,0,auth_label,0.9480120539665222,799.858154296875,667.0237426757812,927.6051635742188,838.9873046875,863.7316589355469,753.0055236816406,127.74700927734375,171.96356201171875
IMG_0030.mp4,2167,72.30563897230564,29.97,516,2,traffic_signs,0.9275785684585571,693.5465698242188,362.0225524902344,790.287109375,478.82684326171875,741.9168395996094,420.42469787597656,96.74053955078125,116.80429077148438
IMG_0030.mp4,2167,72.30563897230564,29.97,538,2,traffic_signs,0.7549241781234741,591.0447998046875,724.5519409179688,609.0629272460938,748.4476928710938,600.0538635253906,736.4998168945312,18.01812744140625,23.895751953125
IMG_0030.mp4,2167,72.30563897230564,29.97,521,2,traffic_signs,0.8648349046707153,389.6134948730469,693.3507690429688,411.1454772949219,717.0194091796875,400.3794860839844,705.1850891113281,21.531982421875,23.66864013671875
IMG_0030.mp4,2167,72.30563897230564,29.97,557,2,traffic_signs,0.5391178131103516,763.1447143554688,572.0250854492188,801.7771606445312,714.7421875,782.4609375,643.3836364746094,38.6324462890625,142.71710205078125
IMG_0030.mp4,2167,72.30563897230564,29.97,542,2,traffic_signs,0.3332284390926361,1263.3287353515625,784.197509765625,1280.3289794921875,810.3261108398438,1271.828857421875,797.2618103027344,17.000244140625,26.12860107421875
IMG_0030.mp4,2167,72.30563897230564,29.97,531,2,traffic_signs,0.6339163184165955,1040.7491455078125,770.6580200195312,1067.8575439453125,796.8063354492188,1054.3033447265625,783.732177734375,27.1083984375,26.1483154296875
IMG_0030.mp4,2167,72.30563897230564,29.97,495,2,traffic_signs,0.3286415934562683,1764.7576904296875,671.474365234375,1820.565185546875,749.97314453125,1792.6614379882812,710.7237548828125,55.8074951171875,78.498779296875
IMG_0030.mp4,2168,72.33900567233901,29.97,496,1,traffic_lights,0.7885152697563171,1140.19091796875,692.6260986328125,1152.3021240234375,719.003662109375,1146.2465209960938,705.8148803710938,12.1112060546875,26.3775634765625
IMG_0030.mp4,2168,72.33900567233901,29.97,514,0,auth_label,0.9484061598777771,798.4884643554688,666.0340576171875,926.7572631835938,839.5250244140625,862.6228637695312,752.779541015625,128.268798828125,173.490966796875
IMG_0030.mp4,2168,72.33900567233901,29.97,516,2,traffic_signs,0.8273614645004272,679.9840087890625,348.9609069824219,785.0879516601562,468.46185302734375,732.5359802246094,408.7113800048828,105.10394287109375,119.50094604492188
IMG_0030.mp4,2168,72.33900567233901,29.97,538,2,traffic_signs,0.7871170043945312,588.259521484375,723.7925415039062,606.4024047851562,748.1906127929688,597.3309631347656,735.9915771484375,18.14288330078125,24.3980712890625
IMG_0030.mp4,2168,72.33900567233901,29.97,521,2,traffic_signs,0.8739238381385803,385.6226501464844,692.4781494140625,407.6298522949219,716.8450927734375,396.6262512207031,704.66162109375,22.0072021484375,24.366943359375
IMG_0030.mp4,2168,72.33900567233901,29.97,557,2,traffic_signs,0.745650589466095,753.3064575195312,567.62841796875,797.59619140625,715.42578125,775.4513244628906,641.527099609375,44.28973388671875,147.79736328125
IMG_0030.mp4,2168,72.33900567233901,29.97,542,2,traffic_signs,0.3865506947040558,1263.3004150390625,783.6790161132812,1280.8189697265625,810.0325927734375,1272.0596923828125,796.8558044433594,17.5185546875,26.35357666015625
IMG_0030.mp4,2168,72.33900567233901,29.97,531,2,traffic_signs,0.77213054895401,1039.9498291015625,770.3917236328125,1067.2034912109375,796.288330078125,1053.57666015625,783.3400268554688,27.253662109375,25.8966064453125
IMG_0030.mp4,2169,72.37237237237238,29.97,496,1,traffic_lights,0.7958998680114746,1140.2327880859375,692.1383056640625,1152.28076171875,718.3316040039062,1146.2567749023438,705.2349548339844,12.0479736328125,26.19329833984375
IMG_0030.mp4,2169,72.37237237237238,29.97,514,0,auth_label,0.9472010731697083,798.17724609375,666.2920532226562,926.0827026367188,839.1040649414062,862.1299743652344,752.6980590820312,127.90545654296875,172.81201171875
IMG_0030.mp4,2169,72.37237237237238,29.97,516,2,traffic_signs,0.9225714206695557,668.0927734375,335.017333984375,775.1688842773438,458.7739562988281,721.6308288574219,396.89564514160156,107.07611083984375,123.75662231445312
IMG_0030.mp4,2169,72.37237237237238,29.97,538,2,traffic_signs,0.7967531681060791,585.1657104492188,723.0501708984375,604.4603881835938,748.1115112304688,594.8130493164062,735.5808410644531,19.294677734375,25.06134033203125
IMG_0030.mp4,2169,72.37237237237238,29.97,521,2,traffic_signs,0.9066815972328186,382.7457275390625,691.7467651367188,404.79986572265625,716.3787231445312,393.7727966308594,704.062744140625,22.05413818359375,24.6319580078125
IMG_0030.mp4,2169,72.37237237237238,29.97,557,2,traffic_signs,0.8692697882652283,746.437744140625,565.3370361328125,792.61669921875,714.72021484375,769.5272216796875,640.0286254882812,46.178955078125,149.3831787109375
IMG_0030.mp4,2169,72.37237237237238,29.97,531,2,traffic_signs,0.8062903881072998,1039.8133544921875,770.2796020507812,1066.1558837890625,796.011962890625,1052.984619140625,783.1457824707031,26.342529296875,25.73236083984375
IMG_0030.mp4,2169,72.37237237237238,29.97,530,2,traffic_signs,0.2542162239551544,1291.2520751953125,800.6895751953125,1307.94140625,821.4002075195312,1299.5967407226562,811.0448913574219,16.6893310546875,20.71063232421875
IMG_0030.mp4,2170,72.40573907240574,29.97,496,1,traffic_lights,0.81019127368927,1140.209716796875,691.338134765625,1152.2779541015625,717.7393188476562,1146.2438354492188,704.5387268066406,12.0682373046875,26.40118408203125
IMG_0030.mp4,2170,72.40573907240574,29.97,514,0,auth_label,0.9499399662017822,792.48876953125,666.444580078125,925.0791625976562,838.8445434570312,858.7839660644531,752.6445617675781,132.59039306640625,172.39996337890625
IMG_0030.mp4,2170,72.40573907240574,29.97,516,2,traffic_signs,0.9245954751968384,654.07958984375,321.66717529296875,763.827392578125,446.880615234375,708.9534912109375,384.2738952636719,109.747802734375,125.21343994140625
IMG_0030.mp4,2170,72.40573907240574,29.97,538,2,traffic_signs,0.6663596034049988,581.75537109375,722.0169067382812,601.7503051757812,747.9147338867188,591.7528381347656,734.9658203125,19.99493408203125,25.8978271484375
IMG_0030.mp4,2170,72.40573907240574,29.97,521,2,traffic_signs,0.9022015929222107,378.5511779785156,691.0997924804688,401.208740234375,715.6312255859375,389.8799591064453,703.3655090332031,22.657562255859375,24.53143310546875
IMG_0030.mp4,2170,72.40573907240574,29.97,557,2,traffic_signs,0.8936976194381714,739.8218994140625,562.1373901367188,787.59326171875,716.224853515625,763.7075805664062,639.1811218261719,47.7713623046875,154.08746337890625
IMG_0030.mp4,2170,72.40573907240574,29.97,531,2,traffic_signs,0.7970577478408813,1039.388671875,769.5361328125,1065.696044921875,796.2416381835938,1052.5423583984375,782.8888854980469,26.307373046875,26.70550537109375
IMG_0030.mp4,2170,72.40573907240574,29.97,562,2,traffic_signs,0.40580272674560547,1058.1463623046875,791.3912963867188,1073.1907958984375,808.9888305664062,1065.6685791015625,800.1900634765625,15.04443359375,17.5975341796875
IMG_0030.mp4,2170,72.40573907240574,29.97,530,2,traffic_signs,0.2919040024280548,1292.0362548828125,800.4845581054688,1308.7117919921875,821.3735961914062,1300.3740234375,810.9290771484375,16.675537109375,20.8890380859375
IMG_0030.mp4,2170,72.40573907240574,29.97,495,2,traffic_signs,0.3128419518470764,1792.4229736328125,668.6920776367188,1852.3299560546875,747.9865112304688,1822.37646484375,708.3392944335938,59.906982421875,79.29443359375
IMG_0030.mp4,2170,72.40573907240574,29.97,542,2,traffic_signs,0.25742867588996887,1263.8148193359375,783.1270751953125,1281.6497802734375,809.3065185546875,1272.7322998046875,796.216796875,17.8349609375,26.179443359375
IMG_0030.mp4,2171,72.4391057724391,29.97,496,1,traffic_lights,0.8030379414558411,1140.399658203125,690.634765625,1152.4468994140625,717.3667602539062,1146.4232788085938,704.0007629394531,12.0472412109375,26.73199462890625
IMG_0030.mp4,2171,72.4391057724391,29.97,514,0,auth_label,0.9588689208030701,788.4818115234375,664.8624267578125,923.89794921875,839.4326171875,856.1898803710938,752.1475219726562,135.4161376953125,174.5701904296875
IMG_0030.mp4,2171,72.4391057724391,29.97,516,2,traffic_signs,0.9272366762161255,640.3370971679688,306.76507568359375,748.270263671875,435.3716735839844,694.3036804199219,371.06837463378906,107.93316650390625,128.60659790039062
IMG_0030.mp4,2171,72.4391057724391,29.97,538,2,traffic_signs,0.44864097237586975,579.1751098632812,721.4716186523438,599.1371459960938,747.5361938476562,589.1561279296875,734.50390625,19.9620361328125,26.0645751953125
IMG_0030.mp4,2171,72.4391057724391,29.97,521,2,traffic_signs,0.899473249912262,374.2272033691406,690.1054077148438,397.5264587402344,715.25390625,385.8768310546875,702.6796569824219,23.29925537109375,25.14849853515625
IMG_0030.mp4,2171,72.4391057724391,29.97,557,2,traffic_signs,0.8538506627082825,733.4047241210938,557.8025512695312,783.3202514648438,716.3851318359375,758.3624877929688,637.0938415527344,49.91552734375,158.58258056640625
IMG_0030.mp4,2171,72.4391057724391,29.97,531,2,traffic_signs,0.8406978845596313,1039.0106201171875,768.8076782226562,1065.526123046875,796.2261352539062,1052.2683715820312,782.5169067382812,26.5155029296875,27.41845703125
IMG_0030.mp4,2171,72.4391057724391,29.97,562,2,traffic_signs,0.41468334197998047,1058.309326171875,790.9558715820312,1073.438232421875,808.7553100585938,1065.873779296875,799.8555908203125,15.12890625,17.7994384765625
IMG_0030.mp4,2171,72.4391057724391,29.97,530,2,traffic_signs,0.40132203698158264,1292.8653564453125,799.9647827148438,1309.7640380859375,821.34619140625,1301.314697265625,810.6554870605469,16.898681640625,21.38140869140625
IMG_0030.mp4,2171,72.4391057724391,29.97,495,2,traffic_signs,0.4863359332084656,1803.175537109375,669.33203125,1865.14501953125,746.5794677734375,1834.1602783203125,707.9557495117188,61.969482421875,77.2474365234375
IMG_0030.mp4,2171,72.4391057724391,29.97,542,2,traffic_signs,0.4334324300289154,1264.5555419921875,782.8987426757812,1282.253173828125,808.6422729492188,1273.4043579101562,795.7705078125,17.6976318359375,25.7435302734375
IMG_0030.mp4,2172,72.47247247247248,29.97,496,1,traffic_lights,0.8143565058708191,1140.2047119140625,689.8544311523438,1152.368896484375,716.8257446289062,1146.2868041992188,703.340087890625,12.1641845703125,26.9713134765625
IMG_0030.mp4,2172,72.47247247247248,29.97,514,0,auth_label,0.9636150002479553,786.5995483398438,664.7969360351562,922.7766723632812,839.6524658203125,854.6881103515625,752.2247009277344,136.1771240234375,174.85552978515625
IMG_0030.mp4,2172,72.47247247247248,29.97,516,2,traffic_signs,0.6635154485702515,626.2787475585938,289.6168518066406,734.2766723632812,422.3304138183594,680.2777099609375,355.9736328125,107.9979248046875,132.71356201171875
IMG_0030.mp4,2172,72.47247247247248,29.97,521,2,traffic_signs,0.9101463556289673,371.1072998046875,689.149658203125,393.4996643066406,714.3997802734375,382.30348205566406,701.7747192382812,22.392364501953125,25.2501220703125
IMG_0030.mp4,2172,72.47247247247248,29.97,557,2,traffic_signs,0.7981976866722107,729.0327758789062,553.806396484375,778.5602416992188,712.9319458007812,753.7965087890625,633.3691711425781,49.5274658203125,159.12554931640625
IMG_0030.mp4,2172,72.47247247247248,29.97,531,2,traffic_signs,0.8408284187316895,1038.0941162109375,768.1033935546875,1065.312744140625,796.2084350585938,1051.7034301757812,782.1559143066406,27.2186279296875,28.10504150390625
IMG_0030.mp4,2172,72.47247247247248,29.97,562,2,traffic_signs,0.4702248275279999,1058.0096435546875,790.4972534179688,1073.143798828125,808.4818725585938,1065.5767211914062,799.4895629882812,15.1341552734375,17.984619140625
IMG_0030.mp4,2172,72.47247247247248,29.97,530,2,traffic_signs,0.32920965552330017,1292.964599609375,799.3058471679688,1310.145263671875,821.1213989257812,1301.554931640625,810.213623046875,17.1806640625,21.8155517578125
IMG_0030.mp4,2172,72.47247247247248,29.97,495,2,traffic_signs,0.30223026871681213,1812.3426513671875,673.1119995117188,1874.4547119140625,741.59912109375,1843.398681640625,707.3555603027344,62.112060546875,68.48712158203125
IMG_0030.mp4,2173,72.50583917250584,29.97,496,1,traffic_lights,0.8102859258651733,1139.8353271484375,689.2417602539062,1152.0908203125,716.3681030273438,1145.9630737304688,702.804931640625,12.2554931640625,27.1263427734375
IMG_0030.mp4,2173,72.50583917250584,29.97,514,0,auth_label,0.9660394191741943,785.7877807617188,662.77734375,921.282470703125,839.793212890625,853.5351257324219,751.2852783203125,135.49468994140625,177.015869140625
IMG_0030.mp4,2173,72.50583917250584,29.97,516,2,traffic_signs,0.7442368865013123,609.2637329101562,270.99957275390625,722.6605834960938,410.2002258300781,665.962158203125,340.5998992919922,113.3968505859375,139.20065307617188
IMG_0030.mp4,2173,72.50583917250584,29.97,521,2,traffic_signs,0.8990916609764099,367.3584899902344,688.1163330078125,389.49798583984375,713.6160278320312,378.42823791503906,700.8661804199219,22.139495849609375,25.49969482421875
IMG_0030.mp4,2173,72.50583917250584,29.97,557,2,traffic_signs,0.8528034687042236,726.6909790039062,548.642333984375,773.5098266601562,706.2810668945312,750.1004028320312,627.4617004394531,46.81884765625,157.63873291015625
IMG_0030.mp4,2173,72.50583917250584,29.97,531,2,traffic_signs,0.8290979266166687,1037.463623046875,767.5966796875,1064.7763671875,796.1438598632812,1051.1199951171875,781.8702697753906,27.312744140625,28.54718017578125
IMG_0030.mp4,2173,72.50583917250584,29.97,562,2,traffic_signs,0.5936782956123352,1057.6163330078125,790.1052856445312,1072.4503173828125,808.1060180664062,1065.0333251953125,799.1056518554688,14.833984375,18.000732421875
IMG_0030.mp4,2173,72.50583917250584,29.97,530,2,traffic_signs,0.3747796416282654,1293.010009765625,799.0396728515625,1310.1239013671875,820.6426391601562,1301.5669555664062,809.8411560058594,17.1138916015625,21.60296630859375
IMG_0030.mp4,2174,72.53920587253921,29.97,496,1,traffic_lights,0.8049260973930359,1139.7529296875,688.4553833007812,1152.234375,715.8933715820312,1145.99365234375,702.1743774414062,12.4814453125,27.43798828125
IMG_0030.mp4,2174,72.53920587253921,29.97,514,0,auth_label,0.9576730728149414,783.1987915039062,661.51025390625,920.666748046875,840.4073486328125,851.9327697753906,750.9588012695312,137.46795654296875,178.8970947265625
IMG_0030.mp4,2174,72.53920587253921,29.97,516,2,traffic_signs,0.7827581763267517,592.7784423828125,251.91616821289062,708.561767578125,395.6322937011719,650.6701049804688,323.77423095703125,115.7833251953125,143.71612548828125
IMG_0030.mp4,2174,72.53920587253921,29.97,521,2,traffic_signs,0.889127254486084,363.23223876953125,686.9434204101562,386.30035400390625,712.7243041992188,374.76629638671875,699.8338623046875,23.068115234375,25.7808837890625
IMG_0030.mp4,2174,72.53920587253921,29.97,557,2,traffic_signs,0.895095944404602,716.6478271484375,545.6311645507812,767.9324340820312,688.9000244140625,742.2901306152344,617.2655944824219,51.28460693359375,143.26885986328125
IMG_0030.mp4,2174,72.53920587253921,29.97,531,2,traffic_signs,0.7968594431877136,1036.5765380859375,766.8097534179688,1064.5635986328125,795.475341796875,1050.570068359375,781.1425476074219,27.987060546875,28.66558837890625
IMG_0030.mp4,2174,72.53920587253921,29.97,562,2,traffic_signs,0.650713324546814,1057.355712890625,789.5845947265625,1071.89599609375,807.7508544921875,1064.6258544921875,798.667724609375,14.540283203125,18.166259765625
IMG_0030.mp4,2174,72.53920587253921,29.97,542,2,traffic_signs,0.2918696999549866,1265.74267578125,781.9075317382812,1284.149169921875,805.1181640625,1274.9459228515625,793.5128479003906,18.406494140625,23.21063232421875
IMG_0030.mp4,2175,72.57257257257258,29.97,496,1,traffic_lights,0.8065727353096008,1139.85986328125,687.8195190429688,1152.3837890625,715.4788818359375,1146.121826171875,701.6492004394531,12.52392578125,27.65936279296875
IMG_0030.mp4,2175,72.57257257257258,29.97,514,0,auth_label,0.9109736680984497,781.37158203125,660.70849609375,919.2745971679688,840.159423828125,850.3230895996094,750.4339599609375,137.90301513671875,179.450927734375
IMG_0030.mp4,2175,72.57257257257258,29.97,516,2,traffic_signs,0.3939207196235657,575.0078125,233.23309326171875,691.0910034179688,379.5772399902344,633.0494079589844,306.40516662597656,116.08319091796875,146.34414672851562
IMG_0030.mp4,2175,72.57257257257258,29.97,521,2,traffic_signs,0.8758530616760254,359.6476745605469,686.3516235351562,382.1466979980469,711.3489379882812,370.8971862792969,698.8502807617188,22.4990234375,24.997314453125
IMG_0030.mp4,2175,72.57257257257258,29.97,557,2,traffic_signs,0.8416115045547485,707.8259887695312,542.4971923828125,762.701416015625,679.6832885742188,735.2637023925781,611.0902404785156,54.87542724609375,137.18609619140625
IMG_0030.mp4,2175,72.57257257257258,29.97,531,2,traffic_signs,0.6700780391693115,1035.278076171875,766.1475830078125,1063.9337158203125,794.5023803710938,1049.6058959960938,780.3249816894531,28.6556396484375,28.35479736328125
IMG_0030.mp4,2175,72.57257257257258,29.97,562,2,traffic_signs,0.7727834582328796,1057.2100830078125,789.1966552734375,1071.5450439453125,807.9299926757812,1064.3775634765625,798.5633239746094,14.3349609375,18.73333740234375
IMG_0030.mp4,2175,72.57257257257258,29.97,542,2,traffic_signs,0.2802305221557617,1266.494873046875,781.6859130859375,1284.7431640625,804.255615234375,1275.6190185546875,792.9707641601562,18.248291015625,22.5697021484375
IMG_0030.mp4,2175,72.57257257257258,29.97,538,2,traffic_signs,0.4023236632347107,568.2738647460938,717.3193969726562,585.43017578125,742.5574951171875,576.8520202636719,729.9384460449219,17.15631103515625,25.23809814453125
IMG_0030.mp4,2175,72.57257257257258,29.97,495,2,traffic_signs,0.8182048797607422,1846.440185546875,686.78125,1906.5147705078125,734.0219116210938,1876.4774780273438,710.4015808105469,60.0745849609375,47.24066162109375
IMG_0030.mp4,2175,72.57257257257258,29.97,530,2,traffic_signs,0.3961939811706543,1294.1251220703125,798.7972412109375,1312.06689453125,820.6567993164062,1303.0960083007812,809.7270202636719,17.9417724609375,21.85955810546875
IMG_0030.mp4,2176,72.60593927260594,29.97,496,1,traffic_lights,0.7879409193992615,1140.0953369140625,687.1158447265625,1152.7684326171875,714.892822265625,1146.431884765625,701.0043334960938,12.673095703125,27.7769775390625
IMG_0030.mp4,2176,72.60593927260594,29.97,514,0,auth_label,0.9130492210388184,777.5098266601562,660.6791381835938,918.19189453125,838.8658447265625,847.8508605957031,749.7724914550781,140.68206787109375,178.18670654296875
IMG_0030.mp4,2176,72.60593927260594,29.97,516,2,traffic_signs,0.4577999413013458,555.272216796875,210.5621337890625,688.9835815429688,362.795166015625,622.1278991699219,286.67864990234375,133.71136474609375,152.2330322265625
IMG_0030.mp4,2176,72.60593927260594,29.97,521,2,traffic_signs,0.8887978196144104,355.7769470214844,686.0115356445312,378.5525207519531,710.8709716796875,367.16473388671875,698.4412536621094,22.77557373046875,24.85943603515625
IMG_0030.mp4,2176,72.60593927260594,29.97,557,2,traffic_signs,0.8563979268074036,701.0599975585938,538.847900390625,757.6002197265625,673.93310546875,729.3301086425781,606.3905029296875,56.54022216796875,135.085205078125
IMG_0030.mp4,2176,72.60593927260594,29.97,531,2,traffic_signs,0.8506982922554016,1034.719970703125,766.0274658203125,1063.36279296875,794.4839477539062,1049.0413818359375,780.2557067871094,28.642822265625,28.45648193359375
IMG_0030.mp4,2176,72.60593927260594,29.97,562,2,traffic_signs,0.7514472603797913,1057.098876953125,788.9108276367188,1071.4945068359375,808.0020751953125,1064.2966918945312,798.4564514160156,14.3956298828125,19.09124755859375
IMG_0030.mp4,2176,72.60593927260594,29.97,542,2,traffic_signs,0.5215151906013489,1267.4022216796875,781.59814453125,1285.3941650390625,803.9069213867188,1276.398193359375,792.7525329589844,17.991943359375,22.30877685546875
IMG_0030.mp4,2176,72.60593927260594,29.97,538,2,traffic_signs,0.5869400501251221,565.3564453125,717.10595703125,582.3438720703125,741.2692260742188,573.8501586914062,729.1875915527344,16.9874267578125,24.16326904296875
IMG_0030.mp4,2176,72.60593927260594,29.97,495,2,traffic_signs,0.750148355960846,1861.506103515625,694.3284912109375,1912.279296875,730.904296875,1886.8927001953125,712.6163940429688,50.773193359375,36.5758056640625
IMG_0030.mp4,2176,72.60593927260594,29.97,530,2,traffic_signs,0.4410865604877472,1294.878173828125,798.482666015625,1313.239013671875,820.5031127929688,1304.05859375,809.4928894042969,18.36083984375,22.02044677734375
IMG_0030.mp4,2177,72.6393059726393,29.97,496,1,traffic_lights,0.7930665016174316,1140.2540283203125,686.7047119140625,1152.8846435546875,714.277099609375,1146.5693359375,700.4909057617188,12.630615234375,27.5723876953125
IMG_0030.mp4,2177,72.6393059726393,29.97,514,0,auth_label,0.9383460283279419,774.2913818359375,661.2704467773438,916.98193359375,838.7952270507812,845.6366577148438,750.0328369140625,142.6905517578125,177.5247802734375
IMG_0030.mp4,2177,72.6393059726393,29.97,516,2,traffic_signs,0.6249498724937439,534.6392822265625,188.5286865234375,664.459228515625,344.9930725097656,599.5492553710938,266.76087951660156,129.8199462890625,156.46438598632812
IMG_0030.mp4,2177,72.6393059726393,29.97,521,2,traffic_signs,0.8927096724510193,352.2557373046875,684.7437133789062,375.05718994140625,710.379638671875,363.6564636230469,697.5616760253906,22.80145263671875,25.63592529296875
IMG_0030.mp4,2177,72.6393059726393,29.97,557,2,traffic_signs,0.8653678894042969,694.0720825195312,534.6315307617188,752.3237915039062,670.0965576171875,723.1979370117188,602.3640441894531,58.251708984375,135.46502685546875
IMG_0030.mp4,2177,72.6393059726393,29.97,531,2,traffic_signs,0.8549992442131042,1034.547607421875,765.231689453125,1062.937255859375,794.0322875976562,1048.742431640625,779.6319885253906,28.3896484375,28.80059814453125
IMG_0030.mp4,2177,72.6393059726393,29.97,562,2,traffic_signs,0.735983669757843,1056.9410400390625,788.4523315429688,1071.345703125,808.0234375,1064.1433715820312,798.2378845214844,14.4046630859375,19.57110595703125
IMG_0030.mp4,2177,72.6393059726393,29.97,542,2,traffic_signs,0.7049839496612549,1268.13134765625,781.64599609375,1286.0780029296875,803.5013427734375,1277.1046752929688,792.5736694335938,17.9466552734375,21.8553466796875
IMG_0030.mp4,2177,72.6393059726393,29.97,538,2,traffic_signs,0.703501284122467,562.3185424804688,716.4699096679688,579.3949584960938,741.0905151367188,570.8567504882812,728.7802124023438,17.076416015625,24.62060546875
IMG_0030.mp4,2177,72.6393059726393,29.97,530,2,traffic_signs,0.4790407419204712,1295.541015625,798.3362426757812,1313.6689453125,820.3110961914062,1304.60498046875,809.3236694335938,18.1279296875,21.974853515625
IMG_0030.mp4,2178,72.67267267267268,29.97,496,1,traffic_lights,0.8007059097290039,1140.559326171875,685.8250732421875,1153.2772216796875,713.5635986328125,1146.9182739257812,699.6943359375,12.7178955078125,27.738525390625
IMG_0030.mp4,2178,72.67267267267268,29.97,514,0,auth_label,0.9342934489250183,772.6273803710938,661.1602783203125,916.5410766601562,839.6845703125,844.584228515625,750.4224243164062,143.9136962890625,178.5242919921875
IMG_0030.mp4,2178,72.67267267267268,29.97,521,2,traffic_signs,0.816990852355957,348.78912353515625,684.1812744140625,371.39471435546875,709.9216918945312,360.0919189453125,697.0514831542969,22.6055908203125,25.74041748046875
IMG_0030.mp4,2178,72.67267267267268,29.97,557,2,traffic_signs,0.8968613743782043,686.7142944335938,529.9981079101562,746.8453979492188,668.0322265625,716.7798461914062,599.0151672363281,60.131103515625,138.03411865234375
IMG_0030.mp4,2178,72.67267267267268,29.97,531,2,traffic_signs,0.8601981997489929,1034.45849609375,764.3843383789062,1062.5902099609375,793.3084716796875,1048.5243530273438,778.8464050292969,28.1317138671875,28.92413330078125
IMG_0030.mp4,2178,72.67267267267268,29.97,562,2,traffic_signs,0.70159912109375,1057.2408447265625,787.9833984375,1071.48828125,807.8189697265625,1064.3645629882812,797.9011840820312,14.2474365234375,19.8355712890625
IMG_0030.mp4,2178,72.67267267267268,29.97,542,2,traffic_signs,0.555668830871582,1269.2821044921875,781.3203735351562,1287.0364990234375,802.5086059570312,1278.1593017578125,791.9144897460938,17.75439453125,21.188232421875
IMG_0030.mp4,2178,72.67267267267268,29.97,538,2,traffic_signs,0.8110137581825256,559.4786376953125,715.4647827148438,576.6727905273438,741.1959838867188,568.0757141113281,728.3303833007812,17.19415283203125,25.731201171875
IMG_0030.mp4,2179,72.70603937270604,29.97,496,1,traffic_lights,0.7953088879585266,1140.70556640625,685.154052734375,1153.50244140625,713.046875,1147.10400390625,699.1004638671875,12.796875,27.892822265625
IMG_0030.mp4,2179,72.70603937270604,29.97,514,0,auth_label,0.9147339463233948,770.5828247070312,660.72900390625,915.491455078125,839.9453735351562,843.0371398925781,750.3371887207031,144.90863037109375,179.21636962890625
IMG_0030.mp4,2179,72.70603937270604,29.97,521,2,traffic_signs,0.8023464679718018,345.1016540527344,683.65087890625,367.5480651855469,709.358642578125,356.3248596191406,696.5047607421875,22.4464111328125,25.707763671875
IMG_0030.mp4,2179,72.70603937270604,29.97,557,2,traffic_signs,0.8909367918968201,679.4756469726562,524.4642333984375,741.0192260742188,663.5360717773438,710.2474365234375,594.0001525878906,61.5435791015625,139.07183837890625
IMG_0030.mp4,2179,72.70603937270604,29.97,531,2,traffic_signs,0.86848384141922,1034.013427734375,763.7346801757812,1061.9027099609375,793.1334838867188,1047.9580688476562,778.43408203125,27.8892822265625,29.3988037109375
IMG_0030.mp4,2179,72.70603937270604,29.97,562,2,traffic_signs,0.7157652378082275,1057.3514404296875,787.8764038085938,1071.443603515625,807.7476806640625,1064.3975219726562,797.8120422363281,14.0921630859375,19.87127685546875
IMG_0030.mp4,2179,72.70603937270604,29.97,542,2,traffic_signs,0.7043208479881287,1269.904052734375,781.1915283203125,1287.9676513671875,802.576416015625,1278.9358520507812,791.8839721679688,18.0635986328125,21.3848876953125
IMG_0030.mp4,2179,72.70603937270604,29.97,538,2,traffic_signs,0.7943078279495239,555.96533203125,715.2392578125,573.3499145507812,741.16064453125,564.6576232910156,728.199951171875,17.38458251953125,25.92138671875
IMG_0030.mp4,2179,72.70603937270604,29.97,530,2,traffic_signs,0.4084438383579254,1297.1982421875,798.07421875,1315.076904296875,819.6930541992188,1306.1375732421875,808.8836364746094,17.878662109375,21.61883544921875
IMG_0030.mp4,2180,72.73940607273941,29.97,496,1,traffic_lights,0.8055810928344727,1141.18896484375,684.511962890625,1153.9354248046875,712.4835205078125,1147.5621948242188,698.4977416992188,12.7464599609375,27.9715576171875
IMG_0030.mp4,2180,72.73940607273941,29.97,514,0,auth_label,0.9257639050483704,769.8204345703125,658.8794555664062,914.887939453125,840.0769653320312,842.3541870117188,749.4782104492188,145.0675048828125,181.197509765625
IMG_0030.mp4,2180,72.73940607273941,29.97,521,2,traffic_signs,0.6697826385498047,341.5470275878906,683.1822509765625,364.27734375,708.7239379882812,352.9121856689453,695.9530944824219,22.730316162109375,25.54168701171875
IMG_0030.mp4,2180,72.73940607273941,29.97,557,2,traffic_signs,0.880893349647522,672.7369384765625,518.7969360351562,735.9158935546875,657.4762573242188,704.326416015625,588.1365966796875,63.178955078125,138.6793212890625
IMG_0030.mp4,2180,72.73940607273941,29.97,531,2,traffic_signs,0.8621673583984375,1034.1429443359375,763.4186401367188,1061.8209228515625,792.7109985351562,1047.98193359375,778.0648193359375,27.677978515625,29.2923583984375
IMG_0030.mp4,2180,72.73940607273941,29.97,562,2,traffic_signs,0.7145452499389648,1057.340087890625,787.691162109375,1071.4521484375,807.9598388671875,1064.3961181640625,797.8255004882812,14.112060546875,20.2686767578125
IMG_0030.mp4,2180,72.73940607273941,29.97,542,2,traffic_signs,0.7878773212432861,1270.6727294921875,780.967041015625,1289.167236328125,803.2186279296875,1279.9199829101562,792.0928344726562,18.4945068359375,22.2515869140625
IMG_0030.mp4,2180,72.73940607273941,29.97,538,2,traffic_signs,0.8420998454093933,553.0306396484375,714.21728515625,571.3560180664062,741.1049194335938,562.1933288574219,727.6611022949219,18.32537841796875,26.88763427734375
IMG_0030.mp4,2181,72.77277277277278,29.97,496,1,traffic_lights,0.841485321521759,1141.4591064453125,683.876953125,1154.1041259765625,711.9286499023438,1147.7816162109375,697.9028015136719,12.64501953125,28.05169677734375
IMG_0030.mp4,2181,72.77277277277278,29.97,514,0,auth_label,0.9048085808753967,769.4544067382812,658.2928466796875,913.9931640625,840.1461181640625,841.7237854003906,749.219482421875,144.53875732421875,181.853271484375
IMG_0030.mp4,2181,72.77277277277278,29.97,557,2,traffic_signs,0.9053367972373962,664.8645629882812,512.6890869140625,730.2930908203125,652.9535522460938,697.5788269042969,582.8213195800781,65.42852783203125,140.26446533203125
IMG_0030.mp4,2181,72.77277277277278,29.97,531,2,traffic_signs,0.8444727659225464,1034.025634765625,763.295166015625,1061.56494140625,791.9328002929688,1047.7952880859375,777.6139831542969,27.539306640625,28.63763427734375
IMG_0030.mp4,2181,72.77277277277278,29.97,562,2,traffic_signs,0.7086976766586304,1057.5164794921875,787.5789184570312,1071.6676025390625,807.8312377929688,1064.592041015625,797.705078125,14.151123046875,20.2523193359375
IMG_0030.mp4,2181,72.77277277277278,29.97,542,2,traffic_signs,0.8232684135437012,1271.3775634765625,780.6409912109375,1289.866943359375,802.9647216796875,1280.6222534179688,791.8028564453125,18.4893798828125,22.32373046875
IMG_0030.mp4,2181,72.77277277277278,29.97,538,2,traffic_signs,0.8363289833068848,550.4026489257812,713.41796875,568.2855834960938,740.4512329101562,559.3441162109375,726.9346008300781,17.8829345703125,27.03326416015625
IMG_0030.mp4,2181,72.77277277277278,29.97,567,2,traffic_signs,0.5066012144088745,577.5505981445312,686.7181396484375,593.7959594726562,731.745849609375,585.6732788085938,709.2319946289062,16.245361328125,45.0277099609375
IMG_0030.mp4,2181,72.77277277277278,29.97,530,2,traffic_signs,0.27580341696739197,1298.940673828125,797.4647827148438,1317.6112060546875,819.4599609375,1308.2759399414062,808.4623718261719,18.6705322265625,21.99517822265625
IMG_0030.mp4,2182,72.80613947280614,29.97,496,1,traffic_lights,0.8395243883132935,1141.7587890625,683.2467651367188,1154.24365234375,711.3801879882812,1148.001220703125,697.3134765625,12.48486328125,28.1334228515625
IMG_0030.mp4,2182,72.80613947280614,29.97,514,0,auth_label,0.9339581727981567,766.86474609375,657.7752685546875,912.8463745117188,844.847412109375,839.8555603027344,751.3113403320312,145.98162841796875,187.0721435546875
IMG_0030.mp4,2182,72.80613947280614,29.97,557,2,traffic_signs,0.9058566689491272,656.8013916015625,508.1251525878906,724.289306640625,648.896484375,690.5453491210938,578.5108184814453,67.4879150390625,140.77133178710938
IMG_0030.mp4,2182,72.80613947280614,29.97,531,2,traffic_signs,0.8263322114944458,1033.322021484375,762.8842163085938,1061.6392822265625,791.8325805664062,1047.4806518554688,777.3583984375,28.3172607421875,28.9483642578125
IMG_0030.mp4,2182,72.80613947280614,29.97,562,2,traffic_signs,0.7247903943061829,1057.55029296875,787.5176391601562,1071.789306640625,807.7157592773438,1064.6697998046875,797.61669921875,14.239013671875,20.1981201171875
IMG_0030.mp4,2182,72.80613947280614,29.97,542,2,traffic_signs,0.8373284339904785,1272.0205078125,780.2596435546875,1290.8447265625,803.2457885742188,1281.4326171875,791.7527160644531,18.82421875,22.98614501953125
IMG_0030.mp4,2182,72.80613947280614,29.97,538,2,traffic_signs,0.8273796439170837,546.9164428710938,712.4511108398438,565.002197265625,740.2750244140625,555.9593200683594,726.3630676269531,18.08575439453125,27.82391357421875
IMG_0030.mp4,2182,72.80613947280614,29.97,530,2,traffic_signs,0.4843783676624298,1299.4403076171875,797.5748291015625,1318.587158203125,819.6300659179688,1309.0137329101562,808.6024475097656,19.1468505859375,22.05523681640625
IMG_0030.mp4,2182,72.80613947280614,29.97,521,2,traffic_signs,0.8421477675437927,333.0914306640625,681.9356689453125,355.7108154296875,705.7623291015625,344.401123046875,693.8489990234375,22.619384765625,23.82666015625
IMG_0030.mp4,2183,72.8395061728395,29.97,496,1,traffic_lights,0.8584990501403809,1141.96826171875,682.5690307617188,1154.5576171875,710.7047119140625,1148.262939453125,696.6368713378906,12.58935546875,28.13568115234375
IMG_0030.mp4,2183,72.8395061728395,29.97,514,0,auth_label,0.9526845216751099,763.7927856445312,656.8031616210938,912.1090087890625,844.6515502929688,837.9508972167969,750.7273559570312,148.31622314453125,187.848388671875
IMG_0030.mp4,2183,72.8395061728395,29.97,557,2,traffic_signs,0.8982506990432739,648.4053344726562,502.4500427246094,717.87841796875,646.878662109375,683.1418762207031,574.6643524169922,69.47308349609375,144.42861938476562
IMG_0030.mp4,2183,72.8395061728395,29.97,531,2,traffic_signs,0.8015936017036438,1032.7969970703125,762.26708984375,1061.5859375,791.3386840820312,1047.1914672851562,776.8028869628906,28.7889404296875,29.07159423828125
IMG_0030.mp4,2183,72.8395061728395,29.97,562,2,traffic_signs,0.6850634813308716,1057.5516357421875,787.3853759765625,1071.710205078125,807.60791015625,1064.6309204101562,797.4966430664062,14.1585693359375,20.2225341796875
IMG_0030.mp4,2183,72.8395061728395,29.97,542,2,traffic_signs,0.7873743772506714,1272.9512939453125,779.885498046875,1291.9385986328125,803.02587890625,1282.4449462890625,791.4556884765625,18.9873046875,23.140380859375
IMG_0030.mp4,2183,72.8395061728395,29.97,538,2,traffic_signs,0.6382541656494141,543.5245971679688,710.1320190429688,562.23193359375,739.2166748046875,552.8782653808594,724.6743469238281,18.70733642578125,29.08465576171875
IMG_0030.mp4,2183,72.8395061728395,29.97,530,2,traffic_signs,0.3777614235877991,1300.4906005859375,797.4830932617188,1319.3199462890625,819.5294799804688,1309.9052734375,808.5062866210938,18.829345703125,22.04638671875
IMG_0030.mp4,2183,72.8395061728395,29.97,521,2,traffic_signs,0.8682295083999634,329.13848876953125,680.7127685546875,351.8450927734375,705.0057373046875,340.4917907714844,692.8592529296875,22.70660400390625,24.29296875
IMG_0030.mp4,2184,72.87287287287288,29.97,496,1,traffic_lights,0.8444560170173645,1142.3492431640625,681.85791015625,1154.8974609375,710.1529541015625,1148.6233520507812,696.0054321289062,12.5482177734375,28.2950439453125
IMG_0030.mp4,2184,72.87287287287288,29.97,514,0,auth_label,0.9486563801765442,762.4313354492188,656.1996459960938,910.9354248046875,844.354248046875,836.6833801269531,750.2769470214844,148.50408935546875,188.15460205078125
IMG_0030.mp4,2184,72.87287287287288,29.97,557,2,traffic_signs,0.8961842656135559,640.2366333007812,497.009765625,711.2015380859375,645.6336669921875,675.7190856933594,571.3217163085938,70.96490478515625,148.6239013671875
IMG_0030.mp4,2184,72.87287287287288,29.97,531,2,traffic_signs,0.7061579823493958,1032.0928955078125,761.7178344726562,1061.55908203125,791.1072387695312,1046.8259887695312,776.4125366210938,29.4661865234375,29.389404296875
IMG_0030.mp4,2184,72.87287287287288,29.97,562,2,traffic_signs,0.6590482592582703,1057.42919921875,787.373779296875,1071.6114501953125,807.502685546875,1064.5203247070312,797.438232421875,14.1822509765625,20.12890625
IMG_0030.mp4,2184,72.87287287287288,29.97,542,2,traffic_signs,0.824836015701294,1273.931884765625,779.7360229492188,1293.14111328125,802.9696655273438,1283.5364990234375,791.3528442382812,19.209228515625,23.233642578125
IMG_0030.mp4,2184,72.87287287287288,29.97,538,2,traffic_signs,0.7409009337425232,540.3936767578125,710.4036865234375,559.29248046875,738.5529174804688,549.8430786132812,724.4783020019531,18.8988037109375,28.14923095703125
IMG_0030.mp4,2184,72.87287287287288,29.97,530,2,traffic_signs,0.6182383894920349,1301.3018798828125,797.264892578125,1320.136474609375,819.2074584960938,1310.7191772460938,808.2361755371094,18.8345947265625,21.94256591796875
IMG_0030.mp4,2184,72.87287287287288,29.97,521,2,traffic_signs,0.8746861219406128,325.235595703125,679.5575561523438,348.05419921875,705.2146606445312,336.6448974609375,692.3861083984375,22.818603515625,25.6571044921875
IMG_0030.mp4,2185,72.90623957290624,29.97,496,1,traffic_lights,0.7191685438156128,1142.8299560546875,681.3528442382812,1155.2987060546875,709.9141235351562,1149.0643310546875,695.6334838867188,12.46875,28.561279296875
IMG_0030.mp4,2185,72.90623957290624,29.97,514,0,auth_label,0.9534687995910645,761.6621704101562,654.8179931640625,910.0067138671875,843.2421264648438,835.8344421386719,749.0300598144531,148.34454345703125,188.42413330078125
IMG_0030.mp4,2185,72.90623957290624,29.97,557,2,traffic_signs,0.9204838871955872,631.7775268554688,492.0502624511719,704.6561889648438,641.9683227539062,668.2168579101562,567.0092926025391,72.878662109375,149.91806030273438
IMG_0030.mp4,2185,72.90623957290624,29.97,531,2,traffic_signs,0.6916781663894653,1031.600830078125,761.279052734375,1061.374267578125,791.20263671875,1046.487548828125,776.2408447265625,29.7734375,29.923583984375
IMG_0030.mp4,2185,72.90623957290624,29.97,562,2,traffic_signs,0.6257392168045044,1057.4998779296875,787.4772338867188,1071.6181640625,807.4580078125,1064.5590209960938,797.4676208496094,14.1182861328125,19.98077392578125
IMG_0030.mp4,2185,72.90623957290624,29.97,542,2,traffic_signs,0.6881312131881714,1275.025146484375,779.8086547851562,1294.12451171875,802.8841552734375,1284.5748291015625,791.3464050292969,19.099365234375,23.07550048828125
IMG_0030.mp4,2185,72.90623957290624,29.97,538,2,traffic_signs,0.33901262283325195,536.6890258789062,709.6470947265625,555.8384399414062,738.4553833007812,546.2637329101562,724.0512390136719,19.1494140625,28.80828857421875
IMG_0030.mp4,2185,72.90623957290624,29.97,530,2,traffic_signs,0.38033294677734375,1302.235595703125,796.8615112304688,1321.14599609375,818.9286499023438,1311.6907958984375,807.8950805664062,18.910400390625,22.067138671875
IMG_0030.mp4,2185,72.90623957290624,29.97,521,2,traffic_signs,0.8501383662223816,320.6139831542969,678.7415771484375,344.3200378417969,704.6141967773438,332.4670104980469,691.6778869628906,23.7060546875,25.87261962890625
IMG_0030.mp4,2186,72.93960627293961,29.97,496,1,traffic_lights,0.7606958150863647,1143.05322265625,681.33056640625,1155.599853515625,709.700439453125,1149.3265380859375,695.5155029296875,12.546630859375,28.369873046875
IMG_0030.mp4,2186,72.93960627293961,29.97,514,0,auth_label,0.9490723013877869,760.4898681640625,654.2997436523438,908.953857421875,841.6612548828125,834.7218627929688,747.9804992675781,148.4639892578125,187.36151123046875
IMG_0030.mp4,2186,72.93960627293961,29.97,557,2,traffic_signs,0.9354128241539001,622.1898193359375,486.2210998535156,697.8464965820312,638.433837890625,660.0181579589844,562.3274688720703,75.65667724609375,152.21273803710938
IMG_0030.mp4,2186,72.93960627293961,29.97,531,2,traffic_signs,0.613876461982727,1031.3028564453125,760.8207397460938,1061.060546875,791.1751708984375,1046.1817016601562,775.9979553222656,29.7576904296875,30.35443115234375
IMG_0030.mp4,2186,72.93960627293961,29.97,562,2,traffic_signs,0.5924545526504517,1057.2052001953125,787.51220703125,1071.5892333984375,807.3234252929688,1064.397216796875,797.4178161621094,14.384033203125,19.81121826171875
IMG_0030.mp4,2186,72.93960627293961,29.97,542,2,traffic_signs,0.7750534415245056,1275.8973388671875,779.839599609375,1295.0587158203125,802.8220825195312,1285.47802734375,791.3308410644531,19.161376953125,22.98248291015625
IMG_0030.mp4,2186,72.93960627293961,29.97,530,2,traffic_signs,0.32412654161453247,1303.5914306640625,796.7755737304688,1322.5299072265625,819.3861694335938,1313.0606689453125,808.0808715820312,18.9384765625,22.610595703125
IMG_0030.mp4,2186,72.93960627293961,29.97,521,2,traffic_signs,0.8035109639167786,315.6717224121094,677.790283203125,340.1111145019531,704.6994018554688,327.89141845703125,691.2448425292969,24.43939208984375,26.90911865234375
IMG_0030.mp4,2187,72.97297297297298,29.97,496,1,traffic_lights,0.7783554196357727,1143.488525390625,680.6480102539062,1156.006591796875,709.1571044921875,1149.74755859375,694.9025573730469,12.51806640625,28.50909423828125
IMG_0030.mp4,2187,72.97297297297298,29.97,514,0,auth_label,0.9188737273216248,759.799560546875,654.125732421875,908.4739990234375,840.3169555664062,834.1367797851562,747.2213439941406,148.6744384765625,186.19122314453125
IMG_0030.mp4,2187,72.97297297297298,29.97,557,2,traffic_signs,0.9222162365913391,613.2674560546875,479.83892822265625,690.9906005859375,634.8548583984375,652.1290283203125,557.3468933105469,77.72314453125,155.01593017578125
IMG_0030.mp4,2187,72.97297297297298,29.97,531,2,traffic_signs,0.6971979737281799,1031.3909912109375,760.6163940429688,1060.939697265625,790.5972900390625,1046.1653442382812,775.6068420410156,29.5487060546875,29.98089599609375
IMG_0030.mp4,2187,72.97297297297298,29.97,562,2,traffic_signs,0.5171170234680176,1057.4334716796875,787.3132934570312,1071.708984375,807.11767578125,1064.5712280273438,797.2154846191406,14.2755126953125,19.80438232421875
IMG_0030.mp4,2187,72.97297297297298,29.97,542,2,traffic_signs,0.6760378479957581,1276.891845703125,779.9573364257812,1296.117431640625,802.4786376953125,1286.504638671875,791.2179870605469,19.2255859375,22.52130126953125
IMG_0030.mp4,2187,72.97297297297298,29.97,521,2,traffic_signs,0.39312005043029785,311.6595153808594,677.5852661132812,336.9527587890625,703.4677124023438,324.30613708496094,690.5264892578125,25.293243408203125,25.8824462890625
IMG_0030.mp4,2187,72.97297297297298,29.97,538,2,traffic_signs,0.34230878949165344,530.5902709960938,710.0501708984375,550.561279296875,737.2880249023438,540.5757751464844,723.6690979003906,19.97100830078125,27.23785400390625
IMG_0030.mp4,2188,73.00633967300634,29.97,496,1,traffic_lights,0.7936991453170776,1143.8614501953125,680.097412109375,1156.5230712890625,708.7028198242188,1150.1922607421875,694.4001159667969,12.66162109375,28.60540771484375
IMG_0030.mp4,2188,73.00633967300634,29.97,514,0,auth_label,0.9181950688362122,758.2943725585938,654.2099609375,907.7447509765625,839.0619506835938,833.0195617675781,746.6359558105469,149.45037841796875,184.85198974609375
IMG_0030.mp4,2188,73.00633967300634,29.97,557,2,traffic_signs,0.8048809766769409,604.2891845703125,472.4322814941406,684.2841186523438,631.5147705078125,644.2866516113281,551.9735260009766,79.99493408203125,159.08248901367188
IMG_0030.mp4,2188,73.00633967300634,29.97,531,2,traffic_signs,0.7192684412002563,1031.2757568359375,760.2640991210938,1060.8231201171875,790.1948852539062,1046.0494384765625,775.2294921875,29.54736328125,29.9307861328125
IMG_0030.mp4,2188,73.00633967300634,29.97,562,2,traffic_signs,0.4873845875263214,1057.3504638671875,787.2764282226562,1071.8372802734375,807.0686645507812,1064.5938720703125,797.1725463867188,14.48681640625,19.792236328125
IMG_0030.mp4,2188,73.00633967300634,29.97,542,2,traffic_signs,0.6863920092582703,1277.7327880859375,779.9627685546875,1296.944091796875,802.4151611328125,1287.3384399414062,791.18896484375,19.2113037109375,22.452392578125
IMG_0030.mp4,2188,73.00633967300634,29.97,521,2,traffic_signs,0.7454118132591248,307.6181640625,677.2025146484375,332.55291748046875,702.3914184570312,320.0855407714844,689.7969665527344,24.93475341796875,25.18890380859375
IMG_0030.mp4,2188,73.00633967300634,29.97,538,2,traffic_signs,0.37023839354515076,527.4934692382812,709.2879638671875,547.289794921875,736.8562622070312,537.3916320800781,723.0721130371094,19.79632568359375,27.56829833984375
IMG_0030.mp4,2189,73.0397063730397,29.97,496,1,traffic_lights,0.8017850518226624,1144.210205078125,679.6841430664062,1156.9017333984375,708.2144165039062,1150.5559692382812,693.9492797851562,12.6915283203125,28.5302734375
IMG_0030.mp4,2189,73.0397063730397,29.97,514,0,auth_label,0.8819347620010376,754.6743774414062,653.9374389648438,907.2728271484375,838.166259765625,830.9736022949219,746.0518493652344,152.59844970703125,184.22882080078125
IMG_0030.mp4,2189,73.0397063730397,29.97,557,2,traffic_signs,0.917723536491394,594.611083984375,467.0234680175781,676.5684204101562,626.7706298828125,635.5897521972656,546.8970489501953,81.95733642578125,159.74716186523438
IMG_0030.mp4,2189,73.0397063730397,29.97,531,2,traffic_signs,0.29366880655288696,1031.061767578125,759.7113037109375,1060.3504638671875,789.4951171875,1045.7061157226562,774.6032104492188,29.2886962890625,29.7838134765625
IMG_0030.mp4,2189,73.0397063730397,29.97,562,2,traffic_signs,0.4163665771484375,1057.103271484375,787.06005859375,1071.748291015625,806.8267822265625,1064.42578125,796.9434204101562,14.64501953125,19.7667236328125
IMG_0030.mp4,2189,73.0397063730397,29.97,542,2,traffic_signs,0.5123354196548462,1278.7864990234375,779.7462768554688,1297.6787109375,802.3458862304688,1288.2326049804688,791.0460815429688,18.8922119140625,22.599609375
IMG_0030.mp4,2189,73.0397063730397,29.97,521,2,traffic_signs,0.7234795093536377,303.5545654296875,675.7919311523438,328.28326416015625,700.9795532226562,315.9189147949219,688.3857421875,24.72869873046875,25.1876220703125
IMG_0030.mp4,2189,73.0397063730397,29.97,538,2,traffic_signs,0.342711478471756,524.1853637695312,707.8388061523438,544.5992431640625,736.3749389648438,534.3923034667969,722.1068725585938,20.41387939453125,28.5361328125
IMG_0030.mp4,2189,73.0397063730397,29.97,568,2,traffic_signs,0.6689647436141968,0.0,494.46875,34.61305618286133,571.8843383789062,17.306528091430664,533.1765441894531,34.61305618286133,77.41558837890625
IMG_0030.mp4,2190,73.07307307307308,29.97,496,1,traffic_lights,0.8299282789230347,1144.35986328125,678.6967163085938,1157.15625,707.5693359375,1150.758056640625,693.1330261230469,12.79638671875,28.87261962890625
IMG_0030.mp4,2190,73.07307307307308,29.97,514,0,auth_label,0.6623969078063965,750.1231689453125,653.645263671875,906.3958740234375,838.5147094726562,828.259521484375,746.0799865722656,156.272705078125,184.86944580078125
IMG_0030.mp4,2190,73.07307307307308,29.97,557,2,traffic_signs,0.909040629863739,583.8091430664062,459.9546203613281,668.5648193359375,622.5579223632812,626.1869812011719,541.2562713623047,84.75567626953125,162.60330200195312
IMG_0030.mp4,2190,73.07307307307308,29.97,531,2,traffic_signs,0.7744116187095642,1030.63330078125,758.613037109375,1059.865234375,788.89453125,1045.249267578125,773.7537841796875,29.23193359375,30.281494140625
IMG_0030.mp4,2190,73.07307307307308,29.97,562,2,traffic_signs,0.41500672698020935,1056.441650390625,786.770263671875,1071.5042724609375,806.5051879882812,1063.9729614257812,796.6377258300781,15.0626220703125,19.73492431640625
IMG_0030.mp4,2190,73.07307307307308,29.97,542,2,traffic_signs,0.6629833579063416,1279.6915283203125,779.4166870117188,1298.6405029296875,802.1439819335938,1289.166015625,790.7803344726562,18.948974609375,22.727294921875
IMG_0030.mp4,2190,73.07307307307308,29.97,521,2,traffic_signs,0.27552616596221924,300.2237854003906,674.449951171875,324.06939697265625,698.6102294921875,312.14659118652344,686.5300903320312,23.845611572265625,24.1602783203125
IMG_0030.mp4,2190,73.07307307307308,29.97,568,2,traffic_signs,0.7774686813354492,0.0,497.6771240234375,20.35048484802246,563.4158935546875,10.17524242401123,530.5465087890625,20.35048484802246,65.73876953125
IMG_0030.mp4,2191,73.10643977310644,29.97,496,1,traffic_lights,0.8389898538589478,1144.745361328125,677.914794921875,1157.870361328125,707.0078125,1151.307861328125,692.4613037109375,13.125,29.093017578125
IMG_0030.mp4,2191,73.10643977310644,29.97,514,0,auth_label,0.7114042639732361,746.32666015625,652.9517211914062,905.8180541992188,835.6263427734375,826.0723571777344,744.2890319824219,159.49139404296875,182.67462158203125
IMG_0030.mp4,2191,73.10643977310644,29.97,557,2,traffic_signs,0.9208194613456726,573.4067993164062,453.9142150878906,660.7487182617188,617.7625122070312,617.0777587890625,535.8383636474609,87.3419189453125,163.84829711914062
IMG_0030.mp4,2191,73.10643977310644,29.97,531,2,traffic_signs,0.8727228045463562,1030.4100341796875,757.914794921875,1059.547607421875,788.6893310546875,1044.9788208007812,773.3020629882812,29.1375732421875,30.7745361328125
IMG_0030.mp4,2191,73.10643977310644,29.97,562,2,traffic_signs,0.42329853773117065,1056.315185546875,786.4766845703125,1071.7420654296875,806.3873291015625,1064.0286254882812,796.4320068359375,15.4268798828125,19.91064453125
IMG_0030.mp4,2191,73.10643977310644,29.97,542,2,traffic_signs,0.6773694157600403,1281.1781005859375,778.984375,1299.9345703125,802.1075439453125,1290.5563354492188,790.5459594726562,18.7564697265625,23.1231689453125
IMG_0030.mp4,2191,73.10643977310644,29.97,521,2,traffic_signs,0.790561318397522,296.883544921875,673.8200073242188,320.4653015136719,697.1517944335938,308.67442321777344,685.4859008789062,23.581756591796875,23.331787109375
IMG_0030.mp4,2191,73.10643977310644,29.97,538,2,traffic_signs,0.3878302276134491,517.898193359375,703.7368774414062,538.4647827148438,734.5753173828125,528.1814880371094,719.1560974121094,20.56658935546875,30.83843994140625
IMG_0030.mp4,2192,73.13980647313981,29.97,496,1,traffic_lights,0.8182250261306763,1144.955810546875,677.0272216796875,1158.4288330078125,706.2431640625,1151.6923217773438,691.6351928710938,13.4730224609375,29.2159423828125
IMG_0030.mp4,2192,73.13980647313981,29.97,514,0,auth_label,0.6260179281234741,744.4493408203125,650.96044921875,904.5529174804688,833.0924072265625,824.5011291503906,742.0264282226562,160.10357666015625,182.1319580078125
IMG_0030.mp4,2192,73.13980647313981,29.97,557,2,traffic_signs,0.9042290449142456,562.17822265625,446.76458740234375,652.3771362304688,612.5340576171875,607.2776794433594,529.6493225097656,90.19891357421875,165.76947021484375
IMG_0030.mp4,2192,73.13980647313981,29.97,531,2,traffic_signs,0.8673795461654663,1030.0108642578125,757.2927856445312,1058.9195556640625,788.5424194335938,1044.4652099609375,772.9176025390625,28.90869140625,31.2496337890625
IMG_0030.mp4,2192,73.13980647313981,29.97,562,2,traffic_signs,0.3628704249858856,1055.8851318359375,786.3162841796875,1071.740234375,806.0580444335938,1063.8126831054688,796.1871643066406,15.8551025390625,19.74176025390625
IMG_0030.mp4,2192,73.13980647313981,29.97,542,2,traffic_signs,0.724321186542511,1282.11572265625,778.3031005859375,1301.280517578125,802.021728515625,1291.6981201171875,790.1624145507812,19.164794921875,23.7186279296875
IMG_0030.mp4,2192,73.13980647313981,29.97,521,2,traffic_signs,0.6984630227088928,292.4607238769531,673.1648559570312,316.3705749511719,696.1307983398438,304.4156494140625,684.6478271484375,23.90985107421875,22.9659423828125
IMG_0030.mp4,2192,73.13980647313981,29.97,538,2,traffic_signs,0.34612253308296204,515.1323852539062,699.2096557617188,535.442138671875,734.5005493164062,525.2872619628906,716.8551025390625,20.30975341796875,35.2908935546875
IMG_0030.mp4,2192,73.13980647313981,29.97,530,2,traffic_signs,0.3089945912361145,1309.878173828125,796.1864624023438,1331.0205078125,819.8106689453125,1320.4493408203125,807.9985656738281,21.142333984375,23.62420654296875
IMG_0030.mp4,2193,73.17317317317318,29.97,496,1,traffic_lights,0.6742457151412964,1145.202392578125,676.3942260742188,1158.6319580078125,705.4715576171875,1151.9171752929688,690.9328918457031,13.4295654296875,29.07733154296875
IMG_0030.mp4,2193,73.17317317317318,29.97,514,0,auth_label,0.7996708750724792,743.9299926757812,650.2018432617188,903.3590087890625,831.6416625976562,823.6445007324219,740.9217529296875,159.42901611328125,181.4398193359375
IMG_0030.mp4,2193,73.17317317317318,29.97,557,2,traffic_signs,0.925889790058136,550.7303466796875,438.3651123046875,643.6610717773438,608.3056030273438,597.1957092285156,523.3353576660156,92.93072509765625,169.94049072265625
IMG_0030.mp4,2193,73.17317317317318,29.97,531,2,traffic_signs,0.8499249815940857,1029.8758544921875,756.8353271484375,1058.519775390625,788.3349609375,1044.1978149414062,772.5851440429688,28.6439208984375,31.4996337890625
IMG_0030.mp4,2193,73.17317317317318,29.97,562,2,traffic_signs,0.3478977084159851,1056.1583251953125,786.0252685546875,1071.938720703125,805.7329711914062,1064.0485229492188,795.8791198730469,15.7803955078125,19.70770263671875
IMG_0030.mp4,2193,73.17317317317318,29.97,542,2,traffic_signs,0.35792797803878784,1283.047119140625,778.1065063476562,1302.1727294921875,801.3450927734375,1292.6099243164062,789.7257995605469,19.1256103515625,23.23858642578125
IMG_0030.mp4,2193,73.17317317317318,29.97,521,2,traffic_signs,0.7818678617477417,289.2670593261719,672.826416015625,312.1724548339844,695.6210327148438,300.7197570800781,684.2237243652344,22.9053955078125,22.79461669921875
IMG_0030.mp4,2193,73.17317317317318,29.97,538,2,traffic_signs,0.28766295313835144,512.1895751953125,698.1094970703125,532.6856079101562,733.6728515625,522.4375915527344,715.8911743164062,20.49603271484375,35.5633544921875
IMG_0030.mp4,2193,73.17317317317318,29.97,530,2,traffic_signs,0.6860529780387878,1311.104248046875,795.8516845703125,1331.9278564453125,819.926513671875,1321.5160522460938,807.8890991210938,20.8236083984375,24.0748291015625
IMG_0030.mp4,2194,73.20653987320654,29.97,496,1,traffic_lights,0.8242719173431396,1145.3990478515625,675.61328125,1159.4393310546875,705.0399169921875,1152.419189453125,690.3265991210938,14.040283203125,29.4266357421875
IMG_0030.mp4,2194,73.20653987320654,29.97,514,0,auth_label,0.8544436097145081,741.1807861328125,649.3887329101562,902.4649047851562,830.9622192382812,821.8228454589844,740.1754760742188,161.28411865234375,181.573486328125
IMG_0030.mp4,2194,73.20653987320654,29.97,557,2,traffic_signs,0.9357471466064453,539.67236328125,431.6199645996094,635.1008911132812,603.3069458007812,587.3866271972656,517.4634552001953,95.42852783203125,171.68698120117188
IMG_0030.mp4,2194,73.20653987320654,29.97,531,2,traffic_signs,0.8480111956596375,1029.0980224609375,756.0684814453125,1058.837158203125,788.1246948242188,1043.9675903320312,772.0965881347656,29.7391357421875,32.05621337890625
IMG_0030.mp4,2194,73.20653987320654,29.97,562,2,traffic_signs,0.3174586892127991,1056.2113037109375,785.8676147460938,1072.0484619140625,805.4953002929688,1064.1298828125,795.6814575195312,15.837158203125,19.627685546875
IMG_0030.mp4,2194,73.20653987320654,29.97,542,2,traffic_signs,0.36791765689849854,1284.1929931640625,777.7784423828125,1303.275146484375,800.687744140625,1293.7340698242188,789.2330932617188,19.0821533203125,22.9093017578125
IMG_0030.mp4,2194,73.20653987320654,29.97,521,2,traffic_signs,0.7062357068061829,284.9516906738281,672.0452880859375,308.4235534667969,695.041748046875,296.6876220703125,683.5435180664062,23.47186279296875,22.9964599609375
IMG_0030.mp4,2194,73.20653987320654,29.97,530,2,traffic_signs,0.6848795413970947,1312.2774658203125,795.3681030273438,1333.1290283203125,819.4169921875,1322.7032470703125,807.3925476074219,20.8515625,24.04888916015625
IMG_0030.mp4,2195,73.2399065732399,29.97,496,1,traffic_lights,0.8366849422454834,1145.7274169921875,674.925537109375,1160.15087890625,704.5435791015625,1152.9391479492188,689.7345581054688,14.4234619140625,29.6180419921875
IMG_0030.mp4,2195,73.2399065732399,29.97,514,0,auth_label,0.7948326468467712,738.8577880859375,648.9393310546875,901.890869140625,828.3240356445312,820.3743286132812,738.6316833496094,163.0330810546875,179.38470458984375
IMG_0030.mp4,2195,73.2399065732399,29.97,557,2,traffic_signs,0.9159634113311768,526.6063232421875,423.6747131347656,625.9965209960938,599.4059448242188,576.3014221191406,511.5403289794922,99.39019775390625,175.73123168945312
IMG_0030.mp4,2195,73.2399065732399,29.97,531,2,traffic_signs,0.8439232707023621,1028.3529052734375,754.6445922851562,1058.884765625,787.548095703125,1043.6188354492188,771.0963439941406,30.5318603515625,32.90350341796875
IMG_0030.mp4,2195,73.2399065732399,29.97,562,2,traffic_signs,0.2503812313079834,1056.35888671875,785.80126953125,1072.1387939453125,805.2164916992188,1064.2488403320312,795.5088806152344,15.7799072265625,19.41522216796875
IMG_0030.mp4,2195,73.2399065732399,29.97,542,2,traffic_signs,0.6116406917572021,1285.6007080078125,777.1384887695312,1304.6810302734375,800.4214477539062,1295.140869140625,788.7799682617188,19.080322265625,23.282958984375
IMG_0030.mp4,2195,73.2399065732399,29.97,521,2,traffic_signs,0.7530210614204407,280.9839172363281,671.3225708007812,304.36224365234375,694.7530517578125,292.67308044433594,683.0378112792969,23.378326416015625,23.43048095703125
IMG_0030.mp4,2195,73.2399065732399,29.97,530,2,traffic_signs,0.7039455771446228,1313.9862060546875,794.9534912109375,1334.732421875,819.09130859375,1324.3593139648438,807.0223999023438,20.7462158203125,24.1378173828125
IMG_0030.mp4,2195,73.2399065732399,29.97,538,2,traffic_signs,0.41837096214294434,504.8269958496094,700.9185180664062,524.4801635742188,732.0197143554688,514.6535797119141,716.4691162109375,19.653167724609375,31.1011962890625
IMG_0030.mp4,2196,73.27327327327328,29.97,496,1,traffic_lights,0.8495762348175049,1146.3221435546875,674.4060668945312,1160.55029296875,703.6823120117188,1153.4362182617188,689.044189453125,14.2281494140625,29.2762451171875
IMG_0030.mp4,2196,73.27327327327328,29.97,514,0,auth_label,0.4893469214439392,736.8043823242188,648.8660888671875,901.3077392578125,829.4918823242188,819.0560607910156,739.1789855957031,164.50335693359375,180.62579345703125
IMG_0030.mp4,2196,73.27327327327328,29.97,557,2,traffic_signs,0.9287792444229126,515.8341064453125,413.7850646972656,616.9598999023438,593.281494140625,566.3970031738281,503.5332794189453,101.12579345703125,179.49642944335938
IMG_0030.mp4,2196,73.27327327327328,29.97,531,2,traffic_signs,0.8712900280952454,1027.8946533203125,753.3955078125,1058.907958984375,786.9384765625,1043.4013061523438,770.1669921875,31.0133056640625,33.54296875
IMG_0030.mp4,2196,73.27327327327328,29.97,562,2,traffic_signs,0.3871088922023773,1056.1826171875,785.181884765625,1072.5543212890625,804.9437866210938,1064.3684692382812,795.0628356933594,16.3717041015625,19.76190185546875
IMG_0030.mp4,2196,73.27327327327328,29.97,542,2,traffic_signs,0.5144062638282776,1286.85595703125,776.6861572265625,1305.60791015625,799.9656372070312,1296.23193359375,788.3258972167969,18.751953125,23.27947998046875
IMG_0030.mp4,2196,73.27327327327328,29.97,521,2,traffic_signs,0.7743033170700073,277.09393310546875,670.09423828125,300.3128967285156,694.4871215820312,288.7034149169922,682.2906799316406,23.218963623046875,24.39288330078125
IMG_0030.mp4,2196,73.27327327327328,29.97,530,2,traffic_signs,0.6498887538909912,1314.99853515625,794.639892578125,1335.9971923828125,818.6489868164062,1325.4978637695312,806.6444396972656,20.9986572265625,24.00909423828125
IMG_0030.mp4,2197,73.30663997330664,29.97,496,1,traffic_lights,0.8369248509407043,1146.82958984375,673.8160400390625,1160.9283447265625,702.9581909179688,1153.8789672851562,688.3871154785156,14.0987548828125,29.14215087890625
IMG_0030.mp4,2197,73.30663997330664,29.97,514,0,auth_label,0.553606390953064,735.4306030273438,647.9469604492188,900.5816040039062,831.6610107421875,818.006103515625,739.8039855957031,165.1510009765625,183.71405029296875
IMG_0030.mp4,2197,73.30663997330664,29.97,557,2,traffic_signs,0.9268954992294312,501.5184631347656,405.4908447265625,607.2944946289062,587.9913940429688,554.4064788818359,496.7411193847656,105.77603149414062,182.50054931640625
IMG_0030.mp4,2197,73.30663997330664,29.97,531,2,traffic_signs,0.8599112629890442,1027.554443359375,752.6572875976562,1058.7056884765625,786.3407592773438,1043.1300659179688,769.4990234375,31.1512451171875,33.6834716796875
IMG_0030.mp4,2197,73.30663997330664,29.97,562,2,traffic_signs,0.39571613073349,1055.968505859375,784.8770751953125,1072.656005859375,804.8616943359375,1064.312255859375,794.869384765625,16.6875,19.984619140625
IMG_0030.mp4,2197,73.30663997330664,29.97,542,2,traffic_signs,0.7839269638061523,1287.61962890625,776.5365600585938,1306.6644287109375,799.5799560546875,1297.1420288085938,788.0582580566406,19.0447998046875,23.04339599609375
IMG_0030.mp4,2197,73.30663997330664,29.97,521,2,traffic_signs,0.6495951414108276,272.593017578125,669.228759765625,296.11956787109375,694.0092163085938,284.3562927246094,681.6189880371094,23.52655029296875,24.78045654296875
IMG_0030.mp4,2197,73.30663997330664,29.97,530,2,traffic_signs,0.7074775695800781,1315.869384765625,794.4044799804688,1337.8363037109375,818.499755859375,1326.8528442382812,806.4521179199219,21.9669189453125,24.09527587890625
IMG_0030.mp4,2197,73.30663997330664,29.97,570,2,traffic_signs,0.8648903965950012,517.2633056640625,666.8211059570312,539.6347045898438,725.9432373046875,528.4490051269531,696.3821716308594,22.37139892578125,59.12213134765625
IMG_0030.mp4,2198,73.34000667334001,29.97,496,1,traffic_lights,0.8162184953689575,1147.140869140625,672.9170532226562,1161.4537353515625,702.4403686523438,1154.2973022460938,687.6787109375,14.3128662109375,29.5233154296875
IMG_0030.mp4,2198,73.34000667334001,29.97,514,0,auth_label,0.7423230409622192,733.2959594726562,646.9876708984375,899.57373046875,831.3486328125,816.4348449707031,739.1681518554688,166.27777099609375,184.3609619140625
IMG_0030.mp4,2198,73.34000667334001,29.97,557,2,traffic_signs,0.9218232035636902,488.84259033203125,396.38330078125,597.30517578125,582.2300415039062,543.0738830566406,489.3066711425781,108.46258544921875,185.84674072265625
IMG_0030.mp4,2198,73.34000667334001,29.97,531,2,traffic_signs,0.8581512570381165,1027.3251953125,751.8612670898438,1058.499267578125,785.8193969726562,1042.9122314453125,768.84033203125,31.174072265625,33.9581298828125
IMG_0030.mp4,2198,73.34000667334001,29.97,562,2,traffic_signs,0.5363467931747437,1055.6396484375,784.0404052734375,1072.709228515625,804.8919067382812,1064.1744384765625,794.4661560058594,17.069580078125,20.85150146484375
IMG_0030.mp4,2198,73.34000667334001,29.97,542,2,traffic_signs,0.8572689294815063,1288.26513671875,775.7658081054688,1307.726806640625,799.1585083007812,1297.9959716796875,787.462158203125,19.461669921875,23.3927001953125
IMG_0030.mp4,2198,73.34000667334001,29.97,521,2,traffic_signs,0.5207629203796387,267.5013732910156,668.19775390625,292.19232177734375,694.12353515625,279.8468475341797,681.16064453125,24.690948486328125,25.92578125
IMG_0030.mp4,2198,73.34000667334001,29.97,530,2,traffic_signs,0.7445073127746582,1317.012451171875,793.7135009765625,1339.1788330078125,817.8322143554688,1328.0956420898438,805.7728576660156,22.1663818359375,24.11871337890625
IMG_0030.mp4,2198,73.34000667334001,29.97,570,2,traffic_signs,0.629890501499176,515.4321899414062,665.639892578125,536.7381591796875,725.4568481445312,526.0851745605469,695.5483703613281,21.30596923828125,59.81695556640625
IMG_0030.mp4,2199,73.37337337337338,29.97,496,1,traffic_lights,0.792363703250885,1147.586181640625,671.9968872070312,1161.5640869140625,701.5317993164062,1154.5751342773438,686.7643432617188,13.9779052734375,29.534912109375
IMG_0030.mp4,2199,73.37337337337338,29.97,514,0,auth_label,0.8649832010269165,733.6292114257812,645.4850463867188,898.279296875,831.1532592773438,815.9542541503906,738.3191528320312,164.65008544921875,185.668212890625
IMG_0030.mp4,2199,73.37337337337338,29.97,557,2,traffic_signs,0.8789436221122742,473.9581298828125,387.3620300292969,586.8602905273438,577.2531127929688,530.4092102050781,482.3075714111328,112.90216064453125,189.89108276367188
IMG_0030.mp4,2199,73.37337337337338,29.97,531,2,traffic_signs,0.8253976702690125,1026.83447265625,751.4370727539062,1057.9652099609375,784.89794921875,1042.3998413085938,768.1675109863281,31.1307373046875,33.46087646484375
IMG_0030.mp4,2199,73.37337337337338,29.97,562,2,traffic_signs,0.5459222197532654,1055.4698486328125,783.3833618164062,1072.6966552734375,804.7061767578125,1064.083251953125,794.0447692871094,17.226806640625,21.32281494140625
IMG_0030.mp4,2199,73.37337337337338,29.97,542,2,traffic_signs,0.8748919367790222,1288.874267578125,774.886474609375,1308.7308349609375,799.1657104492188,1298.8025512695312,787.0260925292969,19.8565673828125,24.27923583984375
IMG_0030.mp4,2199,73.37337337337338,29.97,521,2,traffic_signs,0.37485429644584656,262.34686279296875,666.8054809570312,288.1228332519531,694.4011840820312,275.23484802246094,680.6033325195312,25.775970458984375,27.595703125
IMG_0030.mp4,2199,73.37337337337338,29.97,530,2,traffic_signs,0.755876362323761,1318.2459716796875,793.7556762695312,1341.0556640625,817.4992065429688,1329.6508178710938,805.62744140625,22.8096923828125,23.7435302734375
IMG_0030.mp4,2199,73.37337337337338,29.97,570,2,traffic_signs,0.560128390789032,513.4869995117188,664.7028198242188,533.537109375,724.744873046875,523.5120544433594,694.7238464355469,20.05010986328125,60.04205322265625
IMG_0030.mp4,2200,73.40674007340674,29.97,496,1,traffic_lights,0.7829462289810181,1148.237548828125,671.0809936523438,1162.14501953125,700.7473754882812,1155.1912841796875,685.9141845703125,13.907470703125,29.6663818359375
IMG_0030.mp4,2200,73.40674007340674,29.97,514,0,auth_label,0.8435072302818298,733.2389526367188,644.1463012695312,897.4703979492188,832.1192016601562,815.3546752929688,738.1327514648438,164.2314453125,187.972900390625
IMG_0030.mp4,2200,73.40674007340674,29.97,557,2,traffic_signs,0.8195970058441162,458.8438720703125,381.4151916503906,575.64892578125,569.3222045898438,517.2463989257812,475.3686981201172,116.8050537109375,187.90701293945312
IMG_0030.mp4,2200,73.40674007340674,29.97,531,2,traffic_signs,0.8414387106895447,1026.1712646484375,750.906494140625,1057.88330078125,784.290283203125,1042.0272827148438,767.598388671875,31.7120361328125,33.3837890625
IMG_0030.mp4,2200,73.40674007340674,29.97,562,2,traffic_signs,0.6136375665664673,1055.2730712890625,782.9323120117188,1072.9000244140625,804.4055786132812,1064.0865478515625,793.6689453125,17.626953125,21.4732666015625
IMG_0030.mp4,2200,73.40674007340674,29.97,542,2,traffic_signs,0.884087085723877,1289.9876708984375,774.2345581054688,1310.5966796875,799.1458129882812,1300.2921752929688,786.690185546875,20.6090087890625,24.9112548828125
IMG_0030.mp4,2200,73.40674007340674,29.97,521,2,traffic_signs,0.854591429233551,257.71490478515625,665.7355346679688,284.11199951171875,693.6581420898438,270.9134521484375,679.6968383789062,26.3970947265625,27.922607421875
IMG_0030.mp4,2200,73.40674007340674,29.97,530,2,traffic_signs,0.6144556999206543,1320.3004150390625,793.5171508789062,1342.981201171875,817.794677734375,1331.6408081054688,805.6559143066406,22.6807861328125,24.27752685546875
IMG_0030.mp4,2200,73.40674007340674,29.97,570,2,traffic_signs,0.886006236076355,508.3954772949219,664.4197998046875,529.5989379882812,721.6967163085938,518.9972076416016,693.0582580566406,21.203460693359375,57.27691650390625
IMG_0030.mp4,2201,73.4401067734401,29.97,496,1,traffic_lights,0.7699621319770813,1148.470458984375,670.2107543945312,1162.4923095703125,700.0769653320312,1155.4813842773438,685.1438598632812,14.0218505859375,29.8662109375
IMG_0030.mp4,2201,73.4401067734401,29.97,514,0,auth_label,0.5358532667160034,732.8037719726562,643.4492797851562,896.693603515625,835.6771240234375,814.7486877441406,739.5632019042969,163.88983154296875,192.22784423828125
IMG_0030.mp4,2201,73.4401067734401,29.97,557,2,traffic_signs,0.5731058120727539,442.416259765625,366.12103271484375,563.8276977539062,563.5248413085938,503.1219787597656,464.82293701171875,121.41143798828125,197.40380859375
IMG_0030.mp4,2201,73.4401067734401,29.97,531,2,traffic_signs,0.8956620097160339,1025.3822021484375,749.7572631835938,1057.1448974609375,784.1885375976562,1041.2635498046875,766.972900390625,31.7626953125,34.4312744140625
IMG_0030.mp4,2201,73.4401067734401,29.97,562,2,traffic_signs,0.5124796032905579,1054.982666015625,782.4772338867188,1072.5762939453125,804.169189453125,1063.7794799804688,793.3232116699219,17.5936279296875,21.69195556640625
IMG_0030.mp4,2201,73.4401067734401,29.97,542,2,traffic_signs,0.8833625912666321,1291.008056640625,773.6257934570312,1311.821044921875,799.1495361328125,1301.41455078125,786.3876647949219,20.81298828125,25.52374267578125
IMG_0030.mp4,2201,73.4401067734401,29.97,521,2,traffic_signs,0.867275595664978,252.96156311035156,664.6865234375,279.7851867675781,693.473388671875,266.37337493896484,679.0799560546875,26.823623657226562,28.786865234375
IMG_0030.mp4,2201,73.4401067734401,29.97,530,2,traffic_signs,0.6897624731063843,1321.8546142578125,793.6456909179688,1343.81494140625,817.5068969726562,1332.8347778320312,805.5762939453125,21.9603271484375,23.8612060546875
IMG_0030.mp4,2201,73.4401067734401,29.97,570,2,traffic_signs,0.8705101013183594,505.3180236816406,663.9776611328125,526.0162963867188,720.01123046875,515.6671600341797,691.9944458007812,20.698272705078125,56.0335693359375
IMG_0030.mp4,2201,73.4401067734401,29.97,573,2,traffic_signs,0.6761285066604614,459.9726867675781,363.7748718261719,565.2250366210938,520.4341430664062,512.5988616943359,442.10450744628906,105.25234985351562,156.65927124023438
IMG_0030.mp4,2201,73.4401067734401,29.97,538,2,traffic_signs,0.5586209297180176,485.4311218261719,696.8040161132812,501.8630065917969,723.6399536132812,493.6470642089844,710.2219848632812,16.431884765625,26.8359375
IMG_0030.mp4,2202,73.47347347347348,29.97,496,1,traffic_lights,0.7916590571403503,1148.825439453125,669.3846435546875,1162.7730712890625,699.1889038085938,1155.7992553710938,684.2867736816406,13.9476318359375,29.80426025390625
IMG_0030.mp4,2202,73.47347347347348,29.97,514,0,auth_label,0.4590374231338501,730.1480102539062,643.1470947265625,895.677490234375,835.3765258789062,812.9127502441406,739.2618103027344,165.52947998046875,192.22943115234375
IMG_0030.mp4,2202,73.47347347347348,29.97,557,2,traffic_signs,0.3693370521068573,426.3228454589844,376.2552490234375,551.01611328125,557.8701782226562,488.6694793701172,467.0627136230469,124.69326782226562,181.61492919921875
IMG_0030.mp4,2202,73.47347347347348,29.97,531,2,traffic_signs,0.8757679462432861,1024.760009765625,748.6119384765625,1056.619873046875,784.1139526367188,1040.68994140625,766.3629455566406,31.85986328125,35.50201416015625
IMG_0030.mp4,2202,73.47347347347348,29.97,562,2,traffic_signs,0.5868020057678223,1054.3133544921875,781.9403686523438,1072.460693359375,803.9081420898438,1063.3870239257812,792.9242553710938,18.1473388671875,21.9677734375
IMG_0030.mp4,2202,73.47347347347348,29.97,542,2,traffic_signs,0.8875504732131958,1292.0001220703125,772.8450317382812,1312.9732666015625,798.9332275390625,1302.4866943359375,785.8891296386719,20.97314453125,26.08819580078125
IMG_0030.mp4,2202,73.47347347347348,29.97,521,2,traffic_signs,0.90198814868927,249.31748962402344,663.7963256835938,275.89892578125,692.6389770507812,262.6082077026367,678.2176513671875,26.581436157226562,28.8426513671875
IMG_0030.mp4,2202,73.47347347347348,29.97,530,2,traffic_signs,0.7668055891990662,1322.8885498046875,793.429443359375,1344.67236328125,817.6187744140625,1333.7804565429688,805.5241088867188,21.7838134765625,24.1893310546875
IMG_0030.mp4,2202,73.47347347347348,29.97,570,2,traffic_signs,0.8858296871185303,501.7324523925781,662.8743286132812,522.5416259765625,719.126220703125,512.1370391845703,691.0002746582031,20.809173583984375,56.25189208984375
IMG_0030.mp4,2202,73.47347347347348,29.97,573,2,traffic_signs,0.6984692215919495,455.17767333984375,352.5693054199219,554.0175170898438,502.6404113769531,504.59759521484375,427.6048583984375,98.83984375,150.07110595703125
IMG_0030.mp4,2203,73.50684017350684,29.97,496,1,traffic_lights,0.4565527141094208,1149.812255859375,669.16064453125,1163.6353759765625,698.5980224609375,1156.7238159179688,683.8793334960938,13.8231201171875,29.4373779296875
IMG_0030.mp4,2203,73.50684017350684,29.97,514,0,auth_label,0.7028091549873352,728.689697265625,641.521240234375,894.6450805664062,835.4795532226562,811.6673889160156,738.5003967285156,165.95538330078125,193.95831298828125
IMG_0030.mp4,2203,73.50684017350684,29.97,557,2,traffic_signs,0.4578116834163666,409.09832763671875,404.05078125,527.9481201171875,549.3765258789062,468.5232238769531,476.7136535644531,118.84979248046875,145.32574462890625
IMG_0030.mp4,2203,73.50684017350684,29.97,531,2,traffic_signs,0.889165997505188,1024.460693359375,747.15234375,1056.5550537109375,783.63330078125,1040.5078735351562,765.392822265625,32.0943603515625,36.48095703125
IMG_0030.mp4,2203,73.50684017350684,29.97,562,2,traffic_signs,0.4826395809650421,1054.349853515625,781.578369140625,1072.8037109375,803.7340698242188,1063.5767822265625,792.6562194824219,18.453857421875,22.15570068359375
IMG_0030.mp4,2203,73.50684017350684,29.97,542,2,traffic_signs,0.8881227374076843,1293.5804443359375,772.962158203125,1314.2001953125,798.6661987304688,1303.8903198242188,785.8141784667969,20.6197509765625,25.70404052734375
IMG_0030.mp4,2203,73.50684017350684,29.97,521,2,traffic_signs,0.847066342830658,244.5034942626953,662.4603271484375,271.34490966796875,691.2598266601562,257.92420196533203,676.8600769042969,26.841415405273438,28.79949951171875
IMG_0030.mp4,2203,73.50684017350684,29.97,530,2,traffic_signs,0.7837837934494019,1325.47607421875,793.4766235351562,1346.1187744140625,817.0340576171875,1335.7974243164062,805.2553405761719,20.6427001953125,23.55743408203125
IMG_0030.mp4,2203,73.50684017350684,29.97,570,2,traffic_signs,0.8784893751144409,496.1659851074219,661.8358764648438,518.8154296875,717.855224609375,507.49070739746094,689.8455505371094,22.649444580078125,56.01934814453125
IMG_0030.mp4,2203,73.50684017350684,29.97,573,2,traffic_signs,0.9013160467147827,440.8815612792969,340.5920104980469,540.8419799804688,487.3154296875,490.8617706298828,413.95372009277344,99.96041870117188,146.72341918945312
IMG_0030.mp4,2204,73.54020687354021,29.97,496,1,traffic_lights,0.8030915856361389,1150.362548828125,668.6921997070312,1164.2960205078125,698.137939453125,1157.3292846679688,683.4150695800781,13.9334716796875,29.44573974609375
IMG_0030.mp4,2204,73.54020687354021,29.97,557,2,traffic_signs,0.3674187958240509,391.2370910644531,387.1664123535156,521.7416381835938,541.6393432617188,456.48936462402344,464.4028778076172,130.50454711914062,154.47293090820312
IMG_0030.mp4,2204,73.54020687354021,29.97,531,2,traffic_signs,0.8670101165771484,1024.2410888671875,746.5551147460938,1056.26708984375,782.9682006835938,1040.2540893554688,764.7616577148438,32.0260009765625,36.4130859375
IMG_0030.mp4,2204,73.54020687354021,29.97,562,2,traffic_signs,0.5391026139259338,1054.342041015625,781.2119140625,1073.080322265625,803.558349609375,1063.711181640625,792.3851318359375,18.73828125,22.346435546875
IMG_0030.mp4,2204,73.54020687354021,29.97,542,2,traffic_signs,0.8842355012893677,1294.5711669921875,772.8779296875,1315.6207275390625,798.3486328125,1305.095947265625,785.61328125,21.049560546875,25.470703125
IMG_0030.mp4,2204,73.54020687354021,29.97,521,2,traffic_signs,0.8529993295669556,240.2838134765625,661.264404296875,266.53271484375,690.3410034179688,253.40826416015625,675.8027038574219,26.2489013671875,29.07659912109375
IMG_0030.mp4,2204,73.54020687354021,29.97,530,2,traffic_signs,0.8218004703521729,1327.3629150390625,793.8218994140625,1347.942626953125,816.8707275390625,1337.6527709960938,805.3463134765625,20.5797119140625,23.048828125
IMG_0030.mp4,2204,73.54020687354021,29.97,570,2,traffic_signs,0.37135377526283264,491.7888488769531,663.1659545898438,514.5802001953125,717.5018310546875,503.1845245361328,690.3338928222656,22.791351318359375,54.33587646484375
IMG_0030.mp4,2204,73.54020687354021,29.97,573,2,traffic_signs,0.7890419363975525,421.1004943847656,327.3065490722656,527.5007934570312,484.0575866699219,474.30064392089844,405.68206787109375,106.40029907226562,156.75103759765625
IMG_0030.mp4,2204,73.54020687354021,29.97,538,2,traffic_signs,0.7782611846923828,474.07037353515625,693.6853637695312,491.1151123046875,721.4768676757812,482.5927429199219,707.5811157226562,17.04473876953125,27.79150390625
IMG_0030.mp4,2205,73.57357357357358,29.97,496,1,traffic_lights,0.8173500299453735,1150.9437255859375,668.1903076171875,1164.689208984375,697.496826171875,1157.8164672851562,682.8435668945312,13.7454833984375,29.3065185546875
IMG_0030.mp4,2205,73.57357357357358,29.97,557,2,traffic_signs,0.6168956756591797,371.5839538574219,398.8841247558594,498.4534606933594,533.1113891601562,435.0187072753906,465.9977569580078,126.8695068359375,134.22726440429688
IMG_0030.mp4,2205,73.57357357357358,29.97,531,2,traffic_signs,0.8888306617736816,1023.8488159179688,746.2650756835938,1056.058837890625,782.52685546875,1039.9538269042969,764.3959655761719,32.21002197265625,36.26177978515625
IMG_0030.mp4,2205,73.57357357357358,29.97,562,2,traffic_signs,0.5313114523887634,1054.1046142578125,781.0541381835938,1073.098876953125,803.4254150390625,1063.6017456054688,792.2397766113281,18.9942626953125,22.37127685546875
IMG_0030.mp4,2205,73.57357357357358,29.97,542,2,traffic_signs,0.8819584846496582,1295.6898193359375,772.6202392578125,1317.04931640625,797.9083251953125,1306.3695678710938,785.2642822265625,21.3594970703125,25.2880859375
IMG_0030.mp4,2205,73.57357357357358,29.97,521,2,traffic_signs,0.8628033995628357,235.64328002929688,660.720458984375,261.820068359375,688.4910888671875,248.73167419433594,674.6057739257812,26.176788330078125,27.7706298828125
IMG_0030.mp4,2205,73.57357357357358,29.97,530,2,traffic_signs,0.8315227031707764,1328.4261474609375,793.3512573242188,1349.1224365234375,816.8985595703125,1338.7742919921875,805.1249084472656,20.6962890625,23.54730224609375
IMG_0030.mp4,2205,73.57357357357358,29.97,570,2,traffic_signs,0.7398539781570435,488.22412109375,660.3073120117188,510.5888671875,717.6016845703125,499.406494140625,688.9544982910156,22.36474609375,57.29437255859375
IMG_0030.mp4,2205,73.57357357357358,29.97,573,2,traffic_signs,0.8589064478874207,405.7919006347656,314.6044006347656,512.9024047851562,468.6136474609375,459.34715270996094,391.60902404785156,107.11050415039062,154.00924682617188
IMG_0030.mp4,2205,73.57357357357358,29.97,538,2,traffic_signs,0.5575335621833801,470.43316650390625,692.470947265625,486.5021667480469,721.4542846679688,478.46766662597656,706.9626159667969,16.069000244140625,28.98333740234375
IMG_0030.mp4,2205,73.57357357357358,29.97,514,0,auth_label,0.4069296419620514,723.8690185546875,639.5220336914062,893.6842041015625,831.5944213867188,808.776611328125,735.5582275390625,169.815185546875,192.0723876953125
IMG_0030.mp4,2206,73.60694027360694,29.97,496,1,traffic_lights,0.8102412223815918,1151.66845703125,667.2527465820312,1165.4346923828125,696.9036865234375,1158.5515747070312,682.0782165527344,13.7662353515625,29.65093994140625
IMG_0030.mp4,2206,73.60694027360694,29.97,557,2,traffic_signs,0.8630979061126709,351.2599182128906,403.4455261230469,468.5532531738281,524.2963256835938,409.9065856933594,463.8709259033203,117.2933349609375,120.85079956054688
IMG_0030.mp4,2206,73.60694027360694,29.97,531,2,traffic_signs,0.8543736338615417,1023.6371459960938,745.4260864257812,1055.9654541015625,782.1605834960938,1039.8013000488281,763.7933349609375,32.32830810546875,36.7344970703125
IMG_0030.mp4,2206,73.60694027360694,29.97,562,2,traffic_signs,0.5049794316291809,1053.770263671875,780.8875122070312,1073.46484375,803.4820556640625,1063.6175537109375,792.1847839355469,19.694580078125,22.59454345703125
IMG_0030.mp4,2206,73.60694027360694,29.97,542,2,traffic_signs,0.890904426574707,1297.1690673828125,772.2604370117188,1318.387939453125,798.4361572265625,1307.7785034179688,785.3482971191406,21.2188720703125,26.17572021484375
IMG_0030.mp4,2206,73.60694027360694,29.97,521,2,traffic_signs,0.854996383190155,230.7469024658203,659.337646484375,256.93603515625,687.2019653320312,243.84146881103516,673.2698059082031,26.189132690429688,27.86431884765625
IMG_0030.mp4,2206,73.60694027360694,29.97,530,2,traffic_signs,0.8112993240356445,1328.9888916015625,793.1781616210938,1350.9659423828125,816.77783203125,1339.9774169921875,804.9779968261719,21.97705078125,23.59967041015625
IMG_0030.mp4,2206,73.60694027360694,29.97,570,2,traffic_signs,0.8263251185417175,483.5259704589844,659.337158203125,506.1663513183594,715.1485595703125,494.8461608886719,687.2428588867188,22.640380859375,55.8114013671875
IMG_0030.mp4,2206,73.60694027360694,29.97,573,2,traffic_signs,0.9278144836425781,387.5243835449219,300.8866882324219,499.04986572265625,456.6234436035156,443.28712463378906,378.75506591796875,111.52548217773438,155.73675537109375
IMG_0030.mp4,2206,73.60694027360694,29.97,538,2,traffic_signs,0.5247814059257507,466.6609191894531,694.3387451171875,481.8554382324219,721.10302734375,474.2581787109375,707.7208862304688,15.19451904296875,26.7642822265625
IMG_0030.mp4,2207,73.6403069736403,29.97,496,1,traffic_lights,0.8011495471000671,1152.4765625,666.1781005859375,1166.1912841796875,696.3248291015625,1159.3339233398438,681.25146484375,13.7147216796875,30.146728515625
IMG_0030.mp4,2207,73.6403069736403,29.97,557,2,traffic_signs,0.6722548007965088,330.3936767578125,396.1084899902344,447.18243408203125,514.3781127929688,388.7880554199219,455.24330139160156,116.78875732421875,118.26962280273438
IMG_0030.mp4,2207,73.6403069736403,29.97,531,2,traffic_signs,0.8520281910896301,1023.4327392578125,744.7136840820312,1056.1116943359375,781.9854125976562,1039.772216796875,763.3495483398438,32.678955078125,37.271728515625
IMG_0030.mp4,2207,73.6403069736403,29.97,562,2,traffic_signs,0.46211081743240356,1053.8814697265625,780.6909790039062,1073.8941650390625,803.5446166992188,1063.8878173828125,792.1177978515625,20.0126953125,22.8536376953125
IMG_0030.mp4,2207,73.6403069736403,29.97,542,2,traffic_signs,0.8680394887924194,1298.799560546875,772.03955078125,1319.8759765625,797.9503173828125,1309.3377685546875,784.9949340820312,21.076416015625,25.9107666015625
IMG_0030.mp4,2207,73.6403069736403,29.97,521,2,traffic_signs,0.8710973262786865,226.03428649902344,658.950439453125,251.5013427734375,686.1030883789062,238.76781463623047,672.5267639160156,25.467056274414062,27.15264892578125
IMG_0030.mp4,2207,73.6403069736403,29.97,530,2,traffic_signs,0.7560452818870544,1330.21337890625,792.8191528320312,1353.4068603515625,816.7154541015625,1341.8101196289062,804.7673034667969,23.1934814453125,23.89630126953125
IMG_0030.mp4,2207,73.6403069736403,29.97,570,2,traffic_signs,0.3064936101436615,479.5919189453125,659.3464965820312,501.244873046875,712.5049438476562,490.41839599609375,685.9257202148438,21.6529541015625,53.158447265625
IMG_0030.mp4,2207,73.6403069736403,29.97,573,2,traffic_signs,0.9369826316833496,369.093994140625,288.0102233886719,483.6770324707031,445.24755859375,426.38551330566406,366.62889099121094,114.58303833007812,157.23733520507812
IMG_0030.mp4,2207,73.6403069736403,29.97,538,2,traffic_signs,0.7876210808753967,462.05743408203125,695.5424194335938,477.7743225097656,720.5555419921875,469.91587829589844,708.0489807128906,15.716888427734375,25.01312255859375
IMG_0030.mp4,2207,73.6403069736403,29.97,514,0,auth_label,0.5527499318122864,718.1914672851562,636.3682250976562,892.9472045898438,826.93994140625,805.5693359375,731.6540832519531,174.7557373046875,190.57171630859375
IMG_0030.mp4,2208,73.67367367367368,29.97,496,1,traffic_lights,0.8220602869987488,1153.2933349609375,665.4898681640625,1166.7093505859375,695.9124755859375,1160.0013427734375,680.701171875,13.416015625,30.422607421875
IMG_0030.mp4,2208,73.67367367367368,29.97,557,2,traffic_signs,0.8543068170547485,308.0068054199219,386.7121887207031,427.71917724609375,506.199951171875,367.8629913330078,446.45606994628906,119.71237182617188,119.48776245117188
IMG_0030.mp4,2208,73.67367367367368,29.97,531,2,traffic_signs,0.8708058595657349,1023.2885131835938,744.0236206054688,1056.180908203125,781.9222412109375,1039.7347106933594,762.9729309082031,32.89239501953125,37.89862060546875
IMG_0030.mp4,2208,73.67367367367368,29.97,562,2,traffic_signs,0.4047074317932129,1053.97265625,780.62939453125,1073.969482421875,803.503662109375,1063.9710693359375,792.0665283203125,19.996826171875,22.874267578125
IMG_0030.mp4,2208,73.67367367367368,29.97,542,2,traffic_signs,0.8893235325813293,1300.025146484375,772.1302490234375,1321.4246826171875,797.9955444335938,1310.7249145507812,785.0628967285156,21.3995361328125,25.86529541015625
IMG_0030.mp4,2208,73.67367367367368,29.97,521,2,traffic_signs,0.8519277572631836,220.98533630371094,658.1417236328125,246.29345703125,685.6328125,233.63939666748047,671.8872680664062,25.308120727539062,27.4910888671875
IMG_0030.mp4,2208,73.67367367367368,29.97,530,2,traffic_signs,0.6461728811264038,1331.723876953125,792.8797607421875,1355.244140625,816.6682739257812,1343.4840087890625,804.7740173339844,23.520263671875,23.78851318359375
IMG_0030.mp4,2208,73.67367367367368,29.97,570,2,traffic_signs,0.7922412753105164,474.4190979003906,658.2314453125,497.4851379394531,711.7237548828125,485.9521179199219,684.9776000976562,23.0660400390625,53.4923095703125
IMG_0030.mp4,2208,73.67367367367368,29.97,573,2,traffic_signs,0.9260202050209045,349.3017883300781,272.5805969238281,467.5862121582031,434.5481262207031,408.4440002441406,353.5643615722656,118.284423828125,161.967529296875
IMG_0030.mp4,2208,73.67367367367368,29.97,538,2,traffic_signs,0.5220298767089844,458.04248046875,696.52294921875,473.31719970703125,721.198974609375,465.6798400878906,708.8609619140625,15.27471923828125,24.676025390625
IMG_0030.mp4,2209,73.70704037370704,29.97,496,1,traffic_lights,0.8020384907722473,1153.9962158203125,664.5836181640625,1167.4442138671875,695.5230712890625,1160.72021484375,680.0533447265625,13.447998046875,30.939453125
IMG_0030.mp4,2209,73.70704037370704,29.97,557,2,traffic_signs,0.8452374339103699,284.34759521484375,373.2460021972656,405.8256530761719,497.5319519042969,345.0866241455078,435.38897705078125,121.47805786132812,124.28594970703125
IMG_0030.mp4,2209,73.70704037370704,29.97,531,2,traffic_signs,0.8929052948951721,1022.9912109375,743.3603515625,1056.236328125,781.8629760742188,1039.61376953125,762.6116638183594,33.2451171875,38.50262451171875
IMG_0030.mp4,2209,73.70704037370704,29.97,562,2,traffic_signs,0.38479045033454895,1053.9495849609375,780.4169311523438,1074.0703125,803.3838500976562,1064.0099487304688,791.900390625,20.1207275390625,22.9669189453125
IMG_0030.mp4,2209,73.70704037370704,29.97,542,2,traffic_signs,0.8856251835823059,1301.10546875,771.6201171875,1323.208251953125,797.7298583984375,1312.1568603515625,784.6749877929688,22.102783203125,26.1097412109375
IMG_0030.mp4,2209,73.70704037370704,29.97,521,2,traffic_signs,0.8620039820671082,216.43453979492188,657.10009765625,242.21507263183594,685.4537353515625,229.3248062133789,671.2769165039062,25.780532836914062,28.3536376953125
IMG_0030.mp4,2209,73.70704037370704,29.97,530,2,traffic_signs,0.7669881582260132,1334.1954345703125,792.3719482421875,1356.4603271484375,816.6582641601562,1345.327880859375,804.5151062011719,22.264892578125,24.28631591796875
IMG_0030.mp4,2209,73.70704037370704,29.97,570,2,traffic_signs,0.8457424640655518,468.2986755371094,655.5841064453125,494.2532043457031,710.6504516601562,481.27593994140625,683.1172790527344,25.95452880859375,55.06634521484375
IMG_0030.mp4,2209,73.70704037370704,29.97,573,2,traffic_signs,0.9195063710212708,328.0737609863281,258.9534606933594,452.0726013183594,423.2885437011719,390.07318115234375,341.1210021972656,123.99884033203125,164.3350830078125
IMG_0030.mp4,2209,73.70704037370704,29.97,538,2,traffic_signs,0.56137615442276,453.50634765625,695.7860107421875,468.3204345703125,720.4244384765625,460.91339111328125,708.105224609375,14.8140869140625,24.638427734375
IMG_0030.mp4,2209,73.70704037370704,29.97,514,0,auth_label,0.32346826791763306,716.4617919921875,631.9762573242188,891.7075805664062,827.5690307617188,804.0846862792969,729.7726440429688,175.24578857421875,195.5927734375
IMG_0030.mp4,2210,73.74040707374041,29.97,496,1,traffic_lights,0.807017982006073,1154.6270751953125,663.7897338867188,1168.19287109375,694.9754638671875,1161.4099731445312,679.3825988769531,13.5657958984375,31.18572998046875
IMG_0030.mp4,2210,73.74040707374041,29.97,557,2,traffic_signs,0.7979368567466736,259.3757019042969,361.5140380859375,386.0644226074219,487.61492919921875,322.7200622558594,424.5644836425781,126.688720703125,126.10089111328125
IMG_0030.mp4,2210,73.74040707374041,29.97,531,2,traffic_signs,0.8905107975006104,1022.6847534179688,742.1582641601562,1056.1622314453125,781.685791015625,1039.4234924316406,761.9220275878906,33.47747802734375,39.52752685546875
IMG_0030.mp4,2210,73.74040707374041,29.97,562,2,traffic_signs,0.405150830745697,1053.8773193359375,780.1589965820312,1074.1280517578125,803.4461059570312,1064.002685546875,791.8025512695312,20.250732421875,23.287109375
IMG_0030.mp4,2210,73.74040707374041,29.97,542,2,traffic_signs,0.8788942694664001,1302.309814453125,771.0287475585938,1324.8134765625,797.6175537109375,1313.5616455078125,784.3231506347656,22.503662109375,26.58880615234375
IMG_0030.mp4,2210,73.74040707374041,29.97,521,2,traffic_signs,0.7985983490943909,211.35208129882812,656.2066650390625,237.6953582763672,684.2606201171875,224.52371978759766,670.233642578125,26.343276977539062,28.053955078125
IMG_0030.mp4,2210,73.74040707374041,29.97,530,2,traffic_signs,0.8069810271263123,1335.8597412109375,791.76611328125,1357.7752685546875,816.9193115234375,1346.8175048828125,804.3427124023438,21.91552734375,25.1531982421875
IMG_0030.mp4,2210,73.74040707374041,29.97,570,2,traffic_signs,0.6184865832328796,462.5663146972656,660.4458618164062,489.093017578125,709.9093627929688,475.8296661376953,685.1776123046875,26.526702880859375,49.4635009765625
IMG_0030.mp4,2210,73.74040707374041,29.97,573,2,traffic_signs,0.9233856797218323,305.29559326171875,242.78140258789062,434.7300109863281,411.78131103515625,370.01280212402344,327.28135681152344,129.43441772460938,168.99990844726562
IMG_0030.mp4,2210,73.74040707374041,29.97,514,0,auth_label,0.2851884067058563,712.5504150390625,631.9143676757812,890.3284301757812,826.4357299804688,801.4394226074219,729.175048828125,177.77801513671875,194.5213623046875
IMG_0030.mp4,2211,73.77377377377378,29.97,496,1,traffic_lights,0.8381401896476746,1155.1871337890625,663.2763061523438,1168.8924560546875,694.061279296875,1162.039794921875,678.6687927246094,13.705322265625,30.78497314453125
IMG_0030.mp4,2211,73.77377377377378,29.97,557,2,traffic_signs,0.6488412618637085,232.00607299804688,345.71588134765625,368.2663879394531,477.7840881347656,300.13623046875,411.74998474121094,136.26031494140625,132.06820678710938
IMG_0030.mp4,2211,73.77377377377378,29.97,531,2,traffic_signs,0.8981451988220215,1022.521240234375,741.210693359375,1056.2088623046875,781.1795654296875,1039.3650512695312,761.1951293945312,33.6876220703125,39.9688720703125
IMG_0030.mp4,2211,73.77377377377378,29.97,562,2,traffic_signs,0.360336571931839,1054.0078125,779.8546142578125,1074.1978759765625,803.4446411132812,1064.1028442382812,791.6496276855469,20.1900634765625,23.59002685546875
IMG_0030.mp4,2211,73.77377377377378,29.97,542,2,traffic_signs,0.8823933005332947,1304.1719970703125,770.5443725585938,1326.14453125,797.7518310546875,1315.1582641601562,784.1481018066406,21.9725341796875,27.20745849609375
IMG_0030.mp4,2211,73.77377377377378,29.97,530,2,traffic_signs,0.8363537192344666,1338.2777099609375,791.965087890625,1359.435546875,816.625,1348.8566284179688,804.2950439453125,21.1578369140625,24.659912109375
IMG_0030.mp4,2211,73.77377377377378,29.97,570,2,traffic_signs,0.7545744776725769,456.5779113769531,658.2425537109375,484.5894470214844,709.4982299804688,470.58367919921875,683.8703918457031,28.01153564453125,51.25567626953125
IMG_0030.mp4,2211,73.77377377377378,29.97,573,2,traffic_signs,0.8876788020133972,281.6460876464844,224.33287048339844,417.0523681640625,398.8199462890625,349.34922790527344,311.57640838623047,135.40628051757812,174.48707580566406
IMG_0030.mp4,2212,73.80714047380714,29.97,496,1,traffic_lights,0.8433504700660706,1155.357177734375,662.7109375,1169.4664306640625,693.3745727539062,1162.4118041992188,678.0427551269531,14.1092529296875,30.66363525390625
IMG_0030.mp4,2212,73.80714047380714,29.97,531,2,traffic_signs,0.8903325200080872,1022.0685424804688,740.3305053710938,1056.2515869140625,780.805419921875,1039.1600646972656,760.5679626464844,34.18304443359375,40.47491455078125
IMG_0030.mp4,2212,73.80714047380714,29.97,542,2,traffic_signs,0.8815299272537231,1305.5078125,770.4527587890625,1327.3492431640625,797.9313354492188,1316.4285278320312,784.1920471191406,21.8414306640625,27.47857666015625
IMG_0030.mp4,2212,73.80714047380714,29.97,530,2,traffic_signs,0.8594076633453369,1339.865966796875,792.05224609375,1360.686279296875,816.38720703125,1350.276123046875,804.2197265625,20.8203125,24.3349609375
IMG_0030.mp4,2212,73.80714047380714,29.97,570,2,traffic_signs,0.7989380359649658,452.4953918457031,650.3697509765625,481.06121826171875,708.973876953125,466.77830505371094,679.6718139648438,28.565826416015625,58.6041259765625
IMG_0030.mp4,2212,73.80714047380714,29.97,573,2,traffic_signs,0.9163323044776917,256.95294189453125,214.63107299804688,397.7846374511719,386.0686340332031,327.36878967285156,300.349853515625,140.83169555664062,171.43756103515625
IMG_0030.mp4,2212,73.80714047380714,29.97,514,0,auth_label,0.4830530285835266,710.4953002929688,629.3574829101562,888.3463134765625,827.8851318359375,799.4208068847656,728.6213073730469,177.85101318359375,198.52764892578125
IMG_0030.mp4,2213,73.8405071738405,29.97,496,1,traffic_lights,0.8643901944160461,1155.966796875,662.2405395507812,1170.3160400390625,692.7041015625,1163.1414184570312,677.4723205566406,14.3492431640625,30.46356201171875
IMG_0030.mp4,2213,73.8405071738405,29.97,531,2,traffic_signs,0.8887282013893127,1022.038818359375,739.5814208984375,1056.9757080078125,780.1080932617188,1039.5072631835938,759.8447570800781,34.9368896484375,40.52667236328125
IMG_0030.mp4,2213,73.8405071738405,29.97,542,2,traffic_signs,0.8758020401000977,1307.2420654296875,770.3743896484375,1329.373779296875,797.9744262695312,1318.3079223632812,784.1744079589844,22.1317138671875,27.60003662109375
IMG_0030.mp4,2213,73.8405071738405,29.97,530,2,traffic_signs,0.8584647178649902,1340.9976806640625,791.790283203125,1362.7900390625,816.0682373046875,1351.8938598632812,803.9292602539062,21.7923583984375,24.2779541015625
IMG_0030.mp4,2213,73.8405071738405,29.97,570,2,traffic_signs,0.7555249333381653,444.8498840332031,656.1840209960938,475.3689270019531,708.32763671875,460.1094055175781,682.2558288574219,30.51904296875,52.14361572265625
IMG_0030.mp4,2213,73.8405071738405,29.97,573,2,traffic_signs,0.7892025709152222,229.66436767578125,202.4673614501953,377.89129638671875,371.6044006347656,303.77783203125,287.03588104248047,148.2269287109375,169.1370391845703
IMG_0030.mp4,2213,73.8405071738405,29.97,514,0,auth_label,0.7465089559555054,709.4096069335938,627.1598510742188,887.8428955078125,828.8912963867188,798.6262512207031,728.0255737304688,178.43328857421875,201.7314453125
IMG_0030.mp4,2213,73.8405071738405,29.97,521,2,traffic_signs,0.8676910400390625,195.7779541015625,653.4221801757812,222.8858642578125,680.8992919921875,209.3319091796875,667.1607360839844,27.10791015625,27.47711181640625
IMG_0030.mp4,2214,73.87387387387388,29.97,496,1,traffic_lights,0.8306892514228821,1156.315185546875,661.4631958007812,1170.935546875,692.0850830078125,1163.6253662109375,676.7741394042969,14.620361328125,30.62188720703125
IMG_0030.mp4,2214,73.87387387387388,29.97,531,2,traffic_signs,0.8622118830680847,1021.7692260742188,738.9603881835938,1057.05810546875,779.1870727539062,1039.4136657714844,759.07373046875,35.28887939453125,40.2266845703125
IMG_0030.mp4,2214,73.87387387387388,29.97,542,2,traffic_signs,0.8533046245574951,1308.3214111328125,769.8346557617188,1330.7188720703125,797.6033935546875,1319.5201416015625,783.7190246582031,22.3974609375,27.76873779296875
IMG_0030.mp4,2214,73.87387387387388,29.97,530,2,traffic_signs,0.822407066822052,1341.7315673828125,791.5975341796875,1364.3460693359375,815.4423217773438,1353.038818359375,803.5199279785156,22.614501953125,23.84478759765625
IMG_0030.mp4,2214,73.87387387387388,29.97,570,2,traffic_signs,0.8273523449897766,441.4446716308594,651.7022705078125,472.06494140625,706.50732421875,456.7548065185547,679.1047973632812,30.620269775390625,54.8050537109375
IMG_0030.mp4,2214,73.87387387387388,29.97,514,0,auth_label,0.45306456089019775,706.0004272460938,625.1664428710938,886.4716796875,832.8307495117188,796.2360534667969,728.9985961914062,180.47125244140625,207.664306640625
IMG_0030.mp4,2214,73.87387387387388,29.97,521,2,traffic_signs,0.8087232708930969,190.8560333251953,651.8507080078125,218.250244140625,680.0321044921875,204.55313873291016,665.94140625,27.394210815429688,28.181396484375
IMG_0030.mp4,2215,73.90724057390725,29.97,496,1,traffic_lights,0.8348293900489807,1156.6690673828125,660.3191528320312,1171.862548828125,691.4534301757812,1164.2658081054688,675.8862915039062,15.1934814453125,31.13427734375
IMG_0030.mp4,2215,73.90724057390725,29.97,531,2,traffic_signs,0.8374364972114563,1021.6858520507812,738.5071411132812,1057.4224853515625,778.4261474609375,1039.5541687011719,758.4666442871094,35.73663330078125,39.91900634765625
IMG_0030.mp4,2215,73.90724057390725,29.97,542,2,traffic_signs,0.7068158984184265,1309.9405517578125,769.3445434570312,1332.2774658203125,797.5230712890625,1321.1090087890625,783.4338073730469,22.3369140625,28.17852783203125
IMG_0030.mp4,2215,73.90724057390725,29.97,530,2,traffic_signs,0.8617144227027893,1342.9755859375,791.3262939453125,1366.4427490234375,815.6820068359375,1354.7091674804688,803.504150390625,23.4671630859375,24.355712890625
IMG_0030.mp4,2215,73.90724057390725,29.97,570,2,traffic_signs,0.6506543755531311,435.2710266113281,660.4389038085938,465.821533203125,706.3553466796875,450.54627990722656,683.3971252441406,30.550506591796875,45.91644287109375
IMG_0030.mp4,2215,73.90724057390725,29.97,514,0,auth_label,0.317001610994339,704.1755981445312,623.873291015625,885.4310913085938,840.845458984375,794.8033447265625,732.359375,181.2554931640625,216.97216796875
IMG_0030.mp4,2215,73.90724057390725,29.97,521,2,traffic_signs,0.8948915600776672,186.27963256835938,651.0751953125,212.89779663085938,678.5877075195312,199.58871459960938,664.8314514160156,26.6181640625,27.51251220703125
IMG_0030.mp4,2216,73.94060727394061,29.97,496,1,traffic_lights,0.8567453622817993,1157.171875,659.4324951171875,1172.3636474609375,690.623046875,1164.7677612304688,675.0277709960938,15.1917724609375,31.1905517578125
IMG_0030.mp4,2216,73.94060727394061,29.97,531,2,traffic_signs,0.8180500268936157,1021.642333984375,737.79931640625,1057.279052734375,777.3703002929688,1039.460693359375,757.5848083496094,35.63671875,39.57098388671875
IMG_0030.mp4,2216,73.94060727394061,29.97,542,2,traffic_signs,0.8842307925224304,1311.08837890625,768.8592529296875,1333.764404296875,797.3404541015625,1322.4263916015625,783.099853515625,22.676025390625,28.481201171875
IMG_0030.mp4,2216,73.94060727394061,29.97,530,2,traffic_signs,0.6193746328353882,1344.1397705078125,791.0162963867188,1368.2335205078125,815.7445678710938,1356.1866455078125,803.3804321289062,24.09375,24.728271484375
IMG_0030.mp4,2216,73.94060727394061,29.97,570,2,traffic_signs,0.8232408761978149,430.55523681640625,665.5968017578125,460.54754638671875,704.603515625,445.5513916015625,685.1001586914062,29.9923095703125,39.0067138671875
IMG_0030.mp4,2216,73.94060727394061,29.97,514,0,auth_label,0.2726103961467743,701.76708984375,623.385498046875,884.62158203125,844.4188232421875,793.1943359375,733.9021606445312,182.8544921875,221.0333251953125
IMG_0030.mp4,2216,73.94060727394061,29.97,521,2,traffic_signs,0.8898736834526062,181.50881958007812,648.7505493164062,208.4758758544922,677.2448120117188,194.99234771728516,662.9976806640625,26.967056274414062,28.4942626953125
IMG_0030.mp4,2217,73.97397397397398,29.97,496,1,traffic_lights,0.8485444784164429,1158.0643310546875,658.4456176757812,1173.125244140625,689.4863891601562,1165.5947875976562,673.9660034179688,15.0609130859375,31.040771484375
IMG_0030.mp4,2217,73.97397397397398,29.97,531,2,traffic_signs,0.8164886832237244,1021.4913940429688,737.3300170898438,1056.8076171875,776.4346313476562,1039.1495056152344,756.88232421875,35.31622314453125,39.1046142578125
IMG_0030.mp4,2217,73.97397397397398,29.97,542,2,traffic_signs,0.8846862316131592,1312.4906005859375,768.3827514648438,1335.9228515625,797.1278686523438,1324.2067260742188,782.7553100585938,23.4322509765625,28.7451171875
IMG_0030.mp4,2217,73.97397397397398,29.97,530,2,traffic_signs,0.8510807752609253,1345.9124755859375,790.59814453125,1370.0721435546875,816.0054321289062,1357.9923095703125,803.3017883300781,24.15966796875,25.40728759765625
IMG_0030.mp4,2217,73.97397397397398,29.97,570,2,traffic_signs,0.8293322920799255,424.34039306640625,666.6644897460938,454.9573059082031,704.0477905273438,439.6488494873047,685.3561401367188,30.616912841796875,37.38330078125
IMG_0030.mp4,2217,73.97397397397398,29.97,514,0,auth_label,0.7046647667884827,698.3219604492188,623.025146484375,883.2853393554688,835.0693969726562,790.8036499023438,729.0472717285156,184.96337890625,212.04425048828125
IMG_0030.mp4,2217,73.97397397397398,29.97,521,2,traffic_signs,0.8650654554367065,176.1694793701172,647.15869140625,203.3297882080078,675.2922973632812,189.7496337890625,661.2254943847656,27.160308837890625,28.13360595703125
IMG_0030.mp4,2218,74.00734067400734,29.97,496,1,traffic_lights,0.8295127749443054,1158.6810302734375,657.4033203125,1173.7010498046875,688.9306030273438,1166.1910400390625,673.1669616699219,15.02001953125,31.52728271484375
IMG_0030.mp4,2218,74.00734067400734,29.97,531,2,traffic_signs,0.811989963054657,1020.9500732421875,736.6259155273438,1056.7205810546875,775.9505615234375,1038.8353271484375,756.2882385253906,35.7705078125,39.32464599609375
IMG_0030.mp4,2218,74.00734067400734,29.97,542,2,traffic_signs,0.8650246858596802,1313.5069580078125,767.8785400390625,1337.612060546875,797.98486328125,1325.5595092773438,782.9317016601562,24.1051025390625,30.1063232421875
IMG_0030.mp4,2218,74.00734067400734,29.97,530,2,traffic_signs,0.865717887878418,1348.26806640625,790.7460327148438,1371.45263671875,816.01025390625,1359.8603515625,803.3781433105469,23.1845703125,25.26422119140625
IMG_0030.mp4,2218,74.00734067400734,29.97,570,2,traffic_signs,0.8076297640800476,420.0689697265625,666.1652221679688,449.98126220703125,704.0960693359375,435.0251159667969,685.1306457519531,29.91229248046875,37.93084716796875
IMG_0030.mp4,2218,74.00734067400734,29.97,514,0,auth_label,0.7612332105636597,694.9521484375,621.800048828125,882.29541015625,838.96484375,788.623779296875,730.3824462890625,187.34326171875,217.164794921875
IMG_0030.mp4,2218,74.00734067400734,29.97,521,2,traffic_signs,0.8749493956565857,170.81365966796875,645.4043579101562,198.8576202392578,674.7357177734375,184.83563995361328,660.0700378417969,28.043960571289062,29.33135986328125
IMG_0030.mp4,2219,74.04070737404071,29.97,496,1,traffic_lights,0.8251212239265442,1159.4368896484375,656.2378540039062,1174.3165283203125,688.1307983398438,1166.876708984375,672.184326171875,14.879638671875,31.8929443359375
IMG_0030.mp4,2219,74.04070737404071,29.97,531,2,traffic_signs,0.8720381259918213,1020.5591430664062,734.8630981445312,1056.098388671875,775.4806518554688,1038.3287658691406,755.171875,35.53924560546875,40.6175537109375
IMG_0030.mp4,2219,74.04070737404071,29.97,542,2,traffic_signs,0.8574840426445007,1315.22216796875,767.4376220703125,1338.8089599609375,797.682861328125,1327.0155639648438,782.5602416992188,23.5867919921875,30.2452392578125
IMG_0030.mp4,2219,74.04070737404071,29.97,530,2,traffic_signs,0.8509082794189453,1350.276123046875,790.1304321289062,1373.3681640625,815.489990234375,1361.8221435546875,802.8102111816406,23.092041015625,25.35955810546875
IMG_0030.mp4,2219,74.04070737404071,29.97,570,2,traffic_signs,0.8102682828903198,416.3084411621094,650.8229370117188,447.7852783203125,702.5989990234375,432.04685974121094,676.7109680175781,31.476837158203125,51.77606201171875
IMG_0030.mp4,2219,74.04070737404071,29.97,514,0,auth_label,0.8296080827713013,691.7984008789062,620.3804931640625,881.3137817382812,840.337646484375,786.5560913085938,730.3590698242188,189.515380859375,219.9571533203125
IMG_0030.mp4,2219,74.04070737404071,29.97,521,2,traffic_signs,0.8919337391853333,166.39427185058594,643.6525268554688,194.38751220703125,673.3377685546875,180.3908920288086,658.4951477050781,27.993240356445312,29.68524169921875
IMG_0030.mp4,2220,74.07407407407408,29.97,496,1,traffic_lights,0.8400323987007141,1160.0364990234375,655.6009521484375,1174.7523193359375,687.5068359375,1167.3944091796875,671.5538940429688,14.7158203125,31.9058837890625
IMG_0030.mp4,2220,74.07407407407408,29.97,531,2,traffic_signs,0.8916053175926208,1020.0885620117188,733.8280029296875,1055.53173828125,774.6189575195312,1037.8101501464844,754.2234802246094,35.44317626953125,40.79095458984375
IMG_0030.mp4,2220,74.07407407407408,29.97,542,2,traffic_signs,0.8568648099899292,1316.7479248046875,766.9959716796875,1339.9759521484375,796.55224609375,1328.3619384765625,781.7741088867188,23.22802734375,29.5562744140625
IMG_0030.mp4,2220,74.07407407407408,29.97,530,2,traffic_signs,0.6112697720527649,1351.669921875,790.009765625,1375.2430419921875,815.4431762695312,1363.4564819335938,802.7264709472656,23.5731201171875,25.43341064453125
IMG_0030.mp4,2220,74.07407407407408,29.97,570,2,traffic_signs,0.5844613313674927,411.6314392089844,647.3582153320312,444.6413269042969,701.7960815429688,428.1363830566406,674.5771484375,33.0098876953125,54.4378662109375
IMG_0030.mp4,2220,74.07407407407408,29.97,514,0,auth_label,0.8454965949058533,690.6051025390625,618.9440307617188,880.486572265625,847.6961059570312,785.5458374023438,733.320068359375,189.8814697265625,228.7520751953125
IMG_0030.mp4,2220,74.07407407407408,29.97,521,2,traffic_signs,0.9065238237380981,162.20855712890625,642.9454345703125,189.85008239746094,672.6390991210938,176.0293197631836,657.7922668457031,27.641525268554688,29.69366455078125
IMG_0030.mp4,2221,74.10744077410745,29.97,496,1,traffic_lights,0.6499853134155273,1160.5806884765625,654.9437255859375,1175.1551513671875,686.837890625,1167.867919921875,670.8908081054688,14.574462890625,31.8941650390625
IMG_0030.mp4,2221,74.10744077410745,29.97,531,2,traffic_signs,0.8932388424873352,1019.7271118164062,733.2242431640625,1055.07763671875,773.7473754882812,1037.4023742675781,753.4858093261719,35.35052490234375,40.52313232421875
IMG_0030.mp4,2221,74.10744077410745,29.97,542,2,traffic_signs,0.7983899116516113,1318.3448486328125,767.0120239257812,1341.000732421875,795.7889404296875,1329.6727905273438,781.4004821777344,22.6558837890625,28.77691650390625
IMG_0030.mp4,2221,74.10744077410745,29.97,530,2,traffic_signs,0.8047550916671753,1352.5731201171875,789.3826293945312,1377.218994140625,815.3592529296875,1364.8960571289062,802.3709411621094,24.6458740234375,25.97662353515625
IMG_0030.mp4,2221,74.10744077410745,29.97,570,2,traffic_signs,0.7321699261665344,406.25390625,647.3412475585938,439.5419616699219,702.2318725585938,422.89793395996094,674.7865600585938,33.288055419921875,54.890625
IMG_0030.mp4,2221,74.10744077410745,29.97,521,2,traffic_signs,0.8973346948623657,156.9810791015625,641.7108764648438,185.16065979003906,671.5427856445312,171.07086944580078,656.6268310546875,28.179580688476562,29.8319091796875
IMG_0030.mp4,2222,74.14080747414081,29.97,496,1,traffic_lights,0.7660308480262756,1161.131103515625,654.0248413085938,1175.760986328125,686.3770751953125,1168.446044921875,670.2009582519531,14.6298828125,32.35223388671875
IMG_0030.mp4,2222,74.14080747414081,29.97,531,2,traffic_signs,0.8838905096054077,1019.270263671875,732.3682861328125,1054.517333984375,773.0725708007812,1036.893798828125,752.7204284667969,35.2470703125,40.70428466796875
IMG_0030.mp4,2222,74.14080747414081,29.97,542,2,traffic_signs,0.8405507206916809,1319.3201904296875,766.44970703125,1342.0098876953125,795.0227661132812,1330.6650390625,780.7362365722656,22.689697265625,28.57305908203125
IMG_0030.mp4,2222,74.14080747414081,29.97,530,2,traffic_signs,0.598914384841919,1353.66943359375,788.6382446289062,1379.0057373046875,815.5643920898438,1366.3375854492188,802.101318359375,25.3363037109375,26.9261474609375
IMG_0030.mp4,2222,74.14080747414081,29.97,570,2,traffic_signs,0.8349387049674988,402.4834899902344,636.5888671875,436.0118103027344,698.44384765625,419.2476501464844,667.516357421875,33.5283203125,61.85498046875
IMG_0030.mp4,2222,74.14080747414081,29.97,521,2,traffic_signs,0.9101912379264832,151.99893188476562,640.68359375,179.7645263671875,670.0982055664062,165.88172912597656,655.3908996582031,27.765594482421875,29.41461181640625
IMG_0030.mp4,2222,74.14080747414081,29.97,514,0,auth_label,0.8196595907211304,690.3533935546875,616.140625,878.1231079101562,903.8313598632812,784.2382507324219,759.9859924316406,187.76971435546875,287.69073486328125
IMG_0030.mp4,2223,74.17417417417418,29.97,496,1,traffic_lights,0.7813485264778137,1162.0672607421875,653.2401733398438,1176.528076171875,685.6319580078125,1169.2976684570312,669.4360656738281,14.4608154296875,32.39178466796875
IMG_0030.mp4,2223,74.17417417417418,29.97,531,2,traffic_signs,0.8869591951370239,1018.6192626953125,731.3539428710938,1054.95703125,772.1368408203125,1036.7881469726562,751.7453918457031,36.3377685546875,40.78289794921875
IMG_0030.mp4,2223,74.17417417417418,29.97,542,2,traffic_signs,0.8531832695007324,1321.1278076171875,766.79638671875,1343.3507080078125,793.8071899414062,1332.2392578125,780.3017883300781,22.222900390625,27.01080322265625
IMG_0030.mp4,2223,74.17417417417418,29.97,530,2,traffic_signs,0.8246161937713623,1354.813720703125,787.8944702148438,1380.72509765625,815.5341796875,1367.7694091796875,801.7143249511719,25.911376953125,27.63970947265625
IMG_0030.mp4,2223,74.17417417417418,29.97,570,2,traffic_signs,0.6354369521141052,397.0998229980469,641.2908325195312,431.1474609375,696.58935546875,414.12364196777344,668.9400939941406,34.047637939453125,55.29852294921875
IMG_0030.mp4,2223,74.17417417417418,29.97,521,2,traffic_signs,0.8977143168449402,147.26011657714844,638.9019775390625,175.0199432373047,669.0752563476562,161.14002990722656,653.9886169433594,27.75982666015625,30.17327880859375
IMG_0030.mp4,2224,74.20754087420754,29.97,496,1,traffic_lights,0.7941624522209167,1162.6083984375,652.3687133789062,1177.268310546875,685.153076171875,1169.9383544921875,668.7608947753906,14.659912109375,32.78436279296875
IMG_0030.mp4,2224,74.20754087420754,29.97,531,2,traffic_signs,0.8802183866500854,1017.986083984375,729.9302368164062,1055.20654296875,771.7214965820312,1036.5963134765625,750.8258666992188,37.220458984375,41.791259765625
IMG_0030.mp4,2224,74.20754087420754,29.97,542,2,traffic_signs,0.8571588397026062,1322.2769775390625,767.118896484375,1344.78076171875,794.1663208007812,1333.5288696289062,780.6426086425781,22.5037841796875,27.04742431640625
IMG_0030.mp4,2224,74.20754087420754,29.97,530,2,traffic_signs,0.8511752486228943,1356.2308349609375,787.6661376953125,1382.6407470703125,815.6526489257812,1369.435791015625,801.6593933105469,26.409912109375,27.98651123046875
IMG_0030.mp4,2224,74.20754087420754,29.97,570,2,traffic_signs,0.7246098518371582,392.02056884765625,634.35498046875,426.75390625,696.5703125,409.3872375488281,665.462646484375,34.73333740234375,62.21533203125
IMG_0030.mp4,2224,74.20754087420754,29.97,521,2,traffic_signs,0.8922246694564819,141.93418884277344,637.1001586914062,170.24288940429688,668.5032958984375,156.08853912353516,652.8017272949219,28.308700561523438,31.40313720703125
IMG_0030.mp4,2224,74.20754087420754,29.97,514,0,auth_label,0.6746391654014587,688.7830810546875,613.747802734375,875.9431762695312,878.5097045898438,782.3631286621094,746.1287536621094,187.16009521484375,264.76190185546875
IMG_0030.mp4,2225,74.24090757424091,29.97,496,1,traffic_lights,0.8138164281845093,1162.904052734375,651.3665771484375,1177.5615234375,684.16357421875,1170.2327880859375,667.7650756835938,14.657470703125,32.7969970703125
IMG_0030.mp4,2225,74.24090757424091,29.97,531,2,traffic_signs,0.859631359577179,1017.6353149414062,728.1803588867188,1054.9248046875,770.8977661132812,1036.2800598144531,749.5390625,37.28948974609375,42.7174072265625
IMG_0030.mp4,2225,74.24090757424091,29.97,542,2,traffic_signs,0.8563219904899597,1323.0994873046875,766.9789428710938,1345.9072265625,794.09912109375,1334.5033569335938,780.5390319824219,22.8077392578125,27.12017822265625
IMG_0030.mp4,2225,74.24090757424091,29.97,530,2,traffic_signs,0.8600124716758728,1357.5894775390625,787.2337646484375,1383.8997802734375,815.6387939453125,1370.74462890625,801.436279296875,26.310302734375,28.405029296875
IMG_0030.mp4,2225,74.24090757424091,29.97,570,2,traffic_signs,0.5944983959197998,386.941162109375,631.0515747070312,423.0325012207031,696.8013305664062,404.98683166503906,663.9264526367188,36.091339111328125,65.749755859375
IMG_0030.mp4,2225,74.24090757424091,29.97,521,2,traffic_signs,0.9078415036201477,136.46835327148438,635.3547973632812,164.864501953125,666.5076293945312,150.6664276123047,650.9312133789062,28.396148681640625,31.15283203125
IMG_0030.mp4,2225,74.24090757424091,29.97,514,0,auth_label,0.5910856127738953,688.3973388671875,612.7359619140625,874.6654052734375,861.5547485351562,781.5313720703125,737.1453552246094,186.26806640625,248.81878662109375
IMG_0030.mp4,2226,74.27427427427428,29.97,496,1,traffic_lights,0.8336467742919922,1163.438232421875,650.635009765625,1178.2774658203125,683.3372802734375,1170.8578491210938,666.9861450195312,14.8392333984375,32.7022705078125
IMG_0030.mp4,2226,74.27427427427428,29.97,531,2,traffic_signs,0.8404726386070251,1016.9873046875,727.1101684570312,1055.2880859375,770.5272216796875,1036.1376953125,748.8186950683594,38.30078125,43.41705322265625
IMG_0030.mp4,2226,74.27427427427428,29.97,542,2,traffic_signs,0.8611207604408264,1323.9208984375,766.6646728515625,1347.09521484375,793.4982299804688,1335.508056640625,780.0814514160156,23.17431640625,26.83355712890625
IMG_0030.mp4,2226,74.27427427427428,29.97,530,2,traffic_signs,0.8640709519386292,1358.72607421875,786.4912109375,1385.3590087890625,815.5377197265625,1372.0425415039062,801.0144653320312,26.6329345703125,29.0465087890625
IMG_0030.mp4,2226,74.27427427427428,29.97,570,2,traffic_signs,0.6783109903335571,381.65863037109375,631.9298706054688,417.43536376953125,696.7398681640625,399.5469970703125,664.3348693847656,35.7767333984375,64.80999755859375
IMG_0030.mp4,2226,74.27427427427428,29.97,521,2,traffic_signs,0.9006738662719727,131.6719970703125,633.2666015625,160.2184600830078,665.4450073242188,145.94522857666016,649.3558044433594,28.546463012695312,32.17840576171875
IMG_0030.mp4,2226,74.27427427427428,29.97,514,0,auth_label,0.45933735370635986,688.119140625,611.7930908203125,873.3555908203125,850.0789794921875,780.7373657226562,730.93603515625,185.2364501953125,238.285888671875
IMG_0030.mp4,2227,74.30764097430765,29.97,496,1,traffic_lights,0.8186329007148743,1163.73876953125,649.8505859375,1178.9376220703125,682.7022705078125,1171.3381958007812,666.2764282226562,15.1988525390625,32.8516845703125
IMG_0030.mp4,2227,74.30764097430765,29.97,531,2,traffic_signs,0.8516126871109009,1016.09765625,726.0328979492188,1055.0501708984375,770.53564453125,1035.5739135742188,748.2842712402344,38.9525146484375,44.50274658203125
IMG_0030.mp4,2227,74.30764097430765,29.97,542,2,traffic_signs,0.8503164052963257,1325.089111328125,766.5928955078125,1348.21875,793.8731689453125,1336.6539306640625,780.2330322265625,23.129638671875,27.2802734375
IMG_0030.mp4,2227,74.30764097430765,29.97,530,2,traffic_signs,0.8525955080986023,1360.5220947265625,786.1773071289062,1387.2156982421875,815.4420776367188,1373.868896484375,800.8096923828125,26.693603515625,29.2647705078125
IMG_0030.mp4,2227,74.30764097430765,29.97,570,2,traffic_signs,0.6914725303649902,376.3263244628906,641.4627685546875,410.00189208984375,698.1090087890625,393.1641082763672,669.785888671875,33.675567626953125,56.646240234375
IMG_0030.mp4,2227,74.30764097430765,29.97,521,2,traffic_signs,0.8885535001754761,125.35967254638672,631.9638671875,153.96754455566406,664.2391967773438,139.6636085510254,648.1015319824219,28.607872009277344,32.27532958984375
IMG_0030.mp4,2228,74.34100767434101,29.97,496,1,traffic_lights,0.8212189078330994,1164.3037109375,648.9489135742188,1179.6434326171875,681.7252197265625,1171.9735717773438,665.3370666503906,15.3397216796875,32.77630615234375
IMG_0030.mp4,2228,74.34100767434101,29.97,531,2,traffic_signs,0.8415183424949646,1015.2396240234375,725.0451049804688,1055.5093994140625,769.6890869140625,1035.37451171875,747.3670959472656,40.269775390625,44.64398193359375
IMG_0030.mp4,2228,74.34100767434101,29.97,542,2,traffic_signs,0.8581844568252563,1326.7315673828125,766.3731079101562,1349.79443359375,793.6815795898438,1338.2630004882812,780.02734375,23.0628662109375,27.3084716796875
IMG_0030.mp4,2228,74.34100767434101,29.97,530,2,traffic_signs,0.8221694231033325,1362.6339111328125,785.8170776367188,1389.7271728515625,815.01318359375,1376.1805419921875,800.4151306152344,27.09326171875,29.19610595703125
IMG_0030.mp4,2228,74.34100767434101,29.97,570,2,traffic_signs,0.6813843846321106,370.4301452636719,631.4273681640625,406.0954284667969,697.194580078125,388.2627868652344,664.3109741210938,35.665283203125,65.7672119140625
IMG_0030.mp4,2228,74.34100767434101,29.97,521,2,traffic_signs,0.8706144690513611,120.52546691894531,631.1029052734375,148.90121459960938,662.7241821289062,134.71334075927734,646.9135437011719,28.375747680664062,31.62127685546875
IMG_0030.mp4,2229,74.37437437437438,29.97,496,1,traffic_lights,0.8250862956047058,1164.725341796875,648.4077758789062,1179.962158203125,680.8662719726562,1172.34375,664.6370239257812,15.23681640625,32.45849609375
IMG_0030.mp4,2229,74.37437437437438,29.97,531,2,traffic_signs,0.8336476683616638,1014.5738525390625,724.0476684570312,1054.8636474609375,768.3445434570312,1034.71875,746.1961059570312,40.289794921875,44.296875
IMG_0030.mp4,2229,74.37437437437438,29.97,542,2,traffic_signs,0.8455619812011719,1328.2230224609375,766.0651245117188,1351.2882080078125,793.053466796875,1339.755615234375,779.5592956542969,23.065185546875,26.98834228515625
IMG_0030.mp4,2229,74.37437437437438,29.97,530,2,traffic_signs,0.8134028911590576,1364.1607666015625,785.705810546875,1391.3548583984375,814.4541015625,1377.7578125,800.0799560546875,27.194091796875,28.748291015625
IMG_0030.mp4,2229,74.37437437437438,29.97,570,2,traffic_signs,0.6509859561920166,365.22674560546875,626.3171997070312,401.9206848144531,695.8187255859375,383.57371520996094,661.0679626464844,36.693939208984375,69.50152587890625
IMG_0030.mp4,2229,74.37437437437438,29.97,521,2,traffic_signs,0.9008873701095581,115.19648742675781,629.8959350585938,144.24285888671875,661.5162963867188,129.71967315673828,645.7061157226562,29.046371459960938,31.620361328125
IMG_0030.mp4,2230,74.40774107440774,29.97,496,1,traffic_lights,0.8341836929321289,1165.510498046875,647.5540161132812,1180.883056640625,680.3348999023438,1173.19677734375,663.9444580078125,15.37255859375,32.7808837890625
IMG_0030.mp4,2230,74.40774107440774,29.97,531,2,traffic_signs,0.8237416744232178,1013.8447875976562,722.8912353515625,1054.9564208984375,767.6400756835938,1034.4006042480469,745.2656555175781,41.11163330078125,44.74884033203125
IMG_0030.mp4,2230,74.40774107440774,29.97,542,2,traffic_signs,0.8460756540298462,1329.6429443359375,765.747314453125,1353.1864013671875,792.7755126953125,1341.4146728515625,779.2614135742188,23.54345703125,27.0281982421875
IMG_0030.mp4,2230,74.40774107440774,29.97,530,2,traffic_signs,0.817017138004303,1365.579833984375,785.2461547851562,1392.9383544921875,814.154296875,1379.2590942382812,799.7002258300781,27.3585205078125,28.90814208984375
IMG_0030.mp4,2230,74.40774107440774,29.97,570,2,traffic_signs,0.4529147148132324,359.2917785644531,632.66796875,396.17266845703125,689.6671752929688,377.7322235107422,661.1675720214844,36.880889892578125,56.99920654296875
IMG_0030.mp4,2230,74.40774107440774,29.97,521,2,traffic_signs,0.8753097653388977,108.71760559082031,628.6539306640625,138.5823974609375,660.0527954101562,123.6500015258789,644.3533630371094,29.864791870117188,31.39886474609375
IMG_0030.mp4,2230,74.40774107440774,29.97,514,0,auth_label,0.3576031029224396,681.1692504882812,607.2792358398438,869.5618896484375,834.2240600585938,775.3655700683594,720.7516479492188,188.39263916015625,226.94482421875
IMG_0030.mp4,2231,74.44110777444111,29.97,496,1,traffic_lights,0.8322367072105408,1166.0108642578125,646.5648803710938,1181.430419921875,679.5511474609375,1173.7206420898438,663.0580139160156,15.4195556640625,32.98626708984375
IMG_0030.mp4,2231,74.44110777444111,29.97,531,2,traffic_signs,0.5861090421676636,1012.9679565429688,721.5829467773438,1054.416748046875,766.6484985351562,1033.6923522949219,744.11572265625,41.44879150390625,45.0655517578125
IMG_0030.mp4,2231,74.44110777444111,29.97,542,2,traffic_signs,0.8249441385269165,1330.6658935546875,765.4091796875,1355.1160888671875,792.7982788085938,1342.8909912109375,779.1037292480469,24.4501953125,27.38909912109375
IMG_0030.mp4,2231,74.44110777444111,29.97,530,2,traffic_signs,0.8595888614654541,1366.9063720703125,784.788330078125,1394.921630859375,814.0531616210938,1380.9140014648438,799.4207458496094,28.0152587890625,29.26483154296875
IMG_0030.mp4,2231,74.44110777444111,29.97,570,2,traffic_signs,0.4674786925315857,353.3128356933594,631.159912109375,390.5385437011719,688.3893432617188,371.9256896972656,659.7746276855469,37.2257080078125,57.22943115234375
IMG_0030.mp4,2231,74.44110777444111,29.97,521,2,traffic_signs,0.8703311085700989,102.5232925415039,627.8689575195312,132.4488525390625,659.2310180664062,117.4860725402832,643.5499877929688,29.925559997558594,31.362060546875
IMG_0030.mp4,2231,74.44110777444111,29.97,514,0,auth_label,0.5858274698257446,677.1844482421875,605.2360229492188,868.3583374023438,833.8797607421875,772.7713928222656,719.5578918457031,191.17388916015625,228.64373779296875
IMG_0030.mp4,2232,74.47447447447448,29.97,496,1,traffic_lights,0.8570736050605774,1166.5693359375,645.4556274414062,1182.3887939453125,678.7653198242188,1174.4790649414062,662.1104736328125,15.8194580078125,33.3096923828125
IMG_0030.mp4,2232,74.47447447447448,29.97,531,2,traffic_signs,0.3640151917934418,1012.466552734375,720.858642578125,1054.1539306640625,765.9776611328125,1033.3102416992188,743.4181518554688,41.6873779296875,45.1190185546875
IMG_0030.mp4,2232,74.47447447447448,29.97,542,2,traffic_signs,0.8766095638275146,1331.8043212890625,765.375,1356.8271484375,792.2472534179688,1344.3157348632812,778.8111267089844,25.0228271484375,26.87225341796875
IMG_0030.mp4,2232,74.47447447447448,29.97,530,2,traffic_signs,0.848511278629303,1368.755126953125,784.6672973632812,1396.851806640625,813.8133544921875,1382.803466796875,799.2403259277344,28.0966796875,29.14605712890625
IMG_0030.mp4,2232,74.47447447447448,29.97,570,2,traffic_signs,0.4600735902786255,347.691650390625,633.260986328125,385.2079162597656,686.4012451171875,366.4497833251953,659.8311157226562,37.516265869140625,53.1402587890625
IMG_0030.mp4,2232,74.47447447447448,29.97,521,2,traffic_signs,0.9010931849479675,97.31864929199219,626.0228271484375,127.46656036376953,658.2216186523438,112.39260482788086,642.1222229003906,30.147911071777344,32.19879150390625
IMG_0030.mp4,2233,74.50784117450785,29.97,496,1,traffic_lights,0.8647602200508118,1167.04931640625,644.5303955078125,1183.3133544921875,678.0927734375,1175.1813354492188,661.3115844726562,16.2640380859375,33.5623779296875
IMG_0030.mp4,2233,74.50784117450785,29.97,531,2,traffic_signs,0.8375399112701416,1012.02685546875,719.6729736328125,1051.6143798828125,765.1077880859375,1031.8206176757812,742.390380859375,39.5875244140625,45.434814453125
IMG_0030.mp4,2233,74.50784117450785,29.97,542,2,traffic_signs,0.8814108371734619,1333.2161865234375,765.5324096679688,1358.2452392578125,792.229736328125,1345.730712890625,778.8810729980469,25.029052734375,26.69732666015625
IMG_0030.mp4,2233,74.50784117450785,29.97,530,2,traffic_signs,0.86109459400177,1370.279052734375,784.4467163085938,1398.6436767578125,813.96533203125,1384.4613647460938,799.2060241699219,28.3646240234375,29.51861572265625
IMG_0030.mp4,2233,74.50784117450785,29.97,570,2,traffic_signs,0.4276508688926697,341.51934814453125,632.2918090820312,380.6947021484375,687.1709594726562,361.1070251464844,659.7313842773438,39.17535400390625,54.879150390625
IMG_0030.mp4,2233,74.50784117450785,29.97,521,2,traffic_signs,0.9026550650596619,91.25464630126953,625.3435668945312,121.90674591064453,656.8306884765625,106.58069610595703,641.0871276855469,30.652099609375,31.48712158203125
IMG_0030.mp4,2234,74.54120787454121,29.97,496,1,traffic_lights,0.7035443186759949,1167.53466796875,643.4244995117188,1184.093505859375,677.2704467773438,1175.8140869140625,660.3474731445312,16.558837890625,33.845947265625
IMG_0030.mp4,2234,74.54120787454121,29.97,531,2,traffic_signs,0.8198529481887817,1011.3140258789062,718.2928466796875,1050.791259765625,764.5004272460938,1031.0526428222656,741.3966369628906,39.47723388671875,46.20758056640625
IMG_0030.mp4,2234,74.54120787454121,29.97,542,2,traffic_signs,0.8852239847183228,1334.48779296875,765.054931640625,1359.8079833984375,791.9594116210938,1347.1478881835938,778.5071716308594,25.3201904296875,26.90447998046875
IMG_0030.mp4,2234,74.54120787454121,29.97,530,2,traffic_signs,0.8521450757980347,1372.3890380859375,784.1082153320312,1400.454345703125,813.7098999023438,1386.4216918945312,798.9090576171875,28.0653076171875,29.6016845703125
IMG_0030.mp4,2234,74.54120787454121,29.97,570,2,traffic_signs,0.5416705012321472,336.65716552734375,615.1317749023438,377.3961181640625,686.0841064453125,357.0266418457031,650.6079406738281,40.73895263671875,70.95233154296875
IMG_0030.mp4,2234,74.54120787454121,29.97,521,2,traffic_signs,0.920185923576355,85.12969970703125,623.3214111328125,115.69733428955078,655.63525390625,100.41351699829102,639.4783325195312,30.56763458251953,32.3138427734375
IMG_0030.mp4,2234,74.54120787454121,29.97,584,2,traffic_signs,0.4994544982910156,336.10601806640625,607.6746215820312,379.3095703125,689.8387451171875,357.7077941894531,648.7566833496094,43.20355224609375,82.16412353515625
IMG_0030.mp4,2235,74.57457457457458,29.97,496,1,traffic_lights,0.8513004183769226,1167.6298828125,643.019287109375,1184.5159912109375,676.661865234375,1176.0729370117188,659.840576171875,16.8861083984375,33.642578125
IMG_0030.mp4,2235,74.57457457457458,29.97,531,2,traffic_signs,0.8428271412849426,1010.7335815429688,716.9970092773438,1050.8048095703125,763.9072265625,1030.7691955566406,740.4521179199219,40.07122802734375,46.91021728515625
IMG_0030.mp4,2235,74.57457457457458,29.97,542,2,traffic_signs,0.8934956192970276,1335.8382568359375,764.8342895507812,1360.95458984375,791.4691772460938,1348.3964233398438,778.1517333984375,25.1163330078125,26.6348876953125
IMG_0030.mp4,2235,74.57457457457458,29.97,530,2,traffic_signs,0.8711814284324646,1374.3853759765625,783.9588623046875,1402.2294921875,813.8868408203125,1388.3074340820312,798.9228515625,27.8441162109375,29.927978515625
IMG_0030.mp4,2235,74.57457457457458,29.97,521,2,traffic_signs,0.898871123790741,80.14393615722656,621.9963989257812,110.8221664428711,654.2369995117188,95.48305130004883,638.11669921875,30.67823028564453,32.2406005859375
IMG_0030.mp4,2235,74.57457457457458,29.97,584,2,traffic_signs,0.4698847532272339,330.8502502441406,605.9210205078125,374.8751220703125,690.504638671875,352.86268615722656,648.2128295898438,44.024871826171875,84.5836181640625
IMG_0030.mp4,2236,74.60794127460794,29.97,496,1,traffic_lights,0.8681560158729553,1167.7647705078125,642.561279296875,1184.987060546875,676.3319091796875,1176.3759155273438,659.4465942382812,17.2222900390625,33.7706298828125
IMG_0030.mp4,2236,74.60794127460794,29.97,531,2,traffic_signs,0.8299402594566345,1010.081298828125,715.9132080078125,1050.717529296875,763.3637084960938,1030.3994140625,739.6384582519531,40.63623046875,47.45050048828125
IMG_0030.mp4,2236,74.60794127460794,29.97,542,2,traffic_signs,0.8917696475982666,1337.3233642578125,764.5670776367188,1362.210205078125,791.440673828125,1349.7667846679688,778.0038757324219,24.8868408203125,26.87359619140625
IMG_0030.mp4,2236,74.60794127460794,29.97,530,2,traffic_signs,0.8873865604400635,1376.0338134765625,784.0835571289062,1403.8746337890625,813.9039306640625,1389.9542236328125,798.9937438964844,27.8408203125,29.82037353515625
IMG_0030.mp4,2236,74.60794127460794,29.97,521,2,traffic_signs,0.9170560836791992,74.14784240722656,620.3111572265625,104.99840545654297,653.116943359375,89.57312393188477,636.7140502929688,30.850563049316406,32.8057861328125
IMG_0030.mp4,2236,74.60794127460794,29.97,584,2,traffic_signs,0.8068417906761169,324.2802429199219,603.2876586914062,369.2203674316406,689.1564331054688,346.75030517578125,646.2220458984375,44.94012451171875,85.8687744140625
IMG_0030.mp4,2237,74.64130797464131,29.97,531,2,traffic_signs,0.8400156497955322,1009.9020385742188,714.6607055664062,1050.8427734375,762.6063842773438,1030.3724060058594,738.633544921875,40.94073486328125,47.9456787109375
IMG_0030.mp4,2237,74.64130797464131,29.97,542,2,traffic_signs,0.8910647034645081,1339.09521484375,764.2178344726562,1363.6024169921875,791.3338623046875,1351.3488159179688,777.7758483886719,24.5072021484375,27.11602783203125
IMG_0030.mp4,2237,74.64130797464131,29.97,530,2,traffic_signs,0.8882541060447693,1377.2359619140625,783.7974243164062,1405.46142578125,813.5005493164062,1391.3486938476562,798.6489868164062,28.2254638671875,29.703125
IMG_0030.mp4,2237,74.64130797464131,29.97,521,2,traffic_signs,0.8882341980934143,68.56778717041016,619.107421875,99.75914001464844,651.7603149414062,84.1634635925293,635.4338684082031,31.19135284423828,32.65289306640625
IMG_0030.mp4,2237,74.64130797464131,29.97,584,2,traffic_signs,0.8107320666313171,318.5689392089844,601.4971313476562,363.8389892578125,690.3186645507812,341.20396423339844,645.9078979492188,45.270050048828125,88.821533203125
IMG_0030.mp4,2238,74.67467467467468,29.97,531,2,traffic_signs,0.8286973834037781,1009.1632690429688,713.702880859375,1051.157958984375,762.349365234375,1030.1606140136719,738.026123046875,41.99468994140625,48.646484375
IMG_0030.mp4,2238,74.67467467467468,29.97,542,2,traffic_signs,0.885090708732605,1340.5987548828125,764.0653076171875,1365.5244140625,791.2227172851562,1353.0615844726562,777.6440124511719,24.9256591796875,27.15740966796875
IMG_0030.mp4,2238,74.67467467467468,29.97,530,2,traffic_signs,0.8857139945030212,1378.236572265625,783.5089111328125,1407.458984375,813.65771484375,1392.8477783203125,798.5833129882812,29.222412109375,30.1488037109375
IMG_0030.mp4,2238,74.67467467467468,29.97,521,2,traffic_signs,0.9178906083106995,62.379188537597656,617.3269653320312,93.76506042480469,650.2952270507812,78.07212448120117,633.8110961914062,31.38587188720703,32.96826171875
IMG_0030.mp4,2238,74.67467467467468,29.97,584,2,traffic_signs,0.8028704524040222,311.8177795410156,599.1348876953125,357.9289855957031,689.18896484375,334.8733825683594,644.1619262695312,46.1112060546875,90.0540771484375
IMG_0030.mp4,2238,74.67467467467468,29.97,588,2,traffic_signs,0.8194071054458618,618.61083984375,642.0059814453125,691.9264526367188,897.1307983398438,655.2686462402344,769.5683898925781,73.31561279296875,255.12481689453125
IMG_0030.mp4,2238,74.67467467467468,29.97,496,1,traffic_lights,0.8258593678474426,1169.607421875,640.736328125,1186.739990234375,675.5375366210938,1178.1737060546875,658.1369323730469,17.132568359375,34.80120849609375
IMG_0030.mp4,2239,74.70804137470805,29.97,531,2,traffic_signs,0.8625651001930237,1008.6763916015625,713.1788330078125,1051.1260986328125,761.9041748046875,1029.9012451171875,737.54150390625,42.44970703125,48.725341796875
IMG_0030.mp4,2239,74.70804137470805,29.97,542,2,traffic_signs,0.8772305846214294,1341.7430419921875,763.6497192382812,1367.3216552734375,790.7396240234375,1354.5323486328125,777.1946716308594,25.57861328125,27.08990478515625
IMG_0030.mp4,2239,74.70804137470805,29.97,530,2,traffic_signs,0.8974654674530029,1380.030517578125,783.6510620117188,1409.259765625,813.6217651367188,1394.6451416015625,798.6364135742188,29.229248046875,29.970703125
IMG_0030.mp4,2239,74.70804137470805,29.97,521,2,traffic_signs,0.7923926711082458,55.80258560180664,615.5656127929688,88.156494140625,649.2168579101562,71.97953987121582,632.3912353515625,32.35390853881836,33.6512451171875
IMG_0030.mp4,2239,74.70804137470805,29.97,588,2,traffic_signs,0.7900726199150085,611.3538208007812,631.8197631835938,684.6527709960938,904.1513671875,648.0032958984375,767.9855651855469,73.2989501953125,272.33160400390625
IMG_0030.mp4,2239,74.70804137470805,29.97,589,2,traffic_signs,0.3260384798049927,1055.38525390625,767.826171875,1080.0692138671875,798.1976928710938,1067.7272338867188,783.0119323730469,24.6839599609375,30.37152099609375
IMG_0030.mp4,2239,74.70804137470805,29.97,496,1,traffic_lights,0.8172410726547241,1170.070068359375,639.8394775390625,1187.2587890625,675.0513305664062,1178.6644287109375,657.4454040527344,17.188720703125,35.21185302734375
IMG_0030.mp4,2240,74.74140807474141,29.97,531,2,traffic_signs,0.8605363368988037,1008.0623168945312,712.47314453125,1051.2388916015625,761.3965454101562,1029.6506042480469,736.9348449707031,43.17657470703125,48.92340087890625
IMG_0030.mp4,2240,74.74140807474141,29.97,542,2,traffic_signs,0.8503137826919556,1343.2877197265625,763.430419921875,1369.549072265625,790.588134765625,1356.4183959960938,777.00927734375,26.2613525390625,27.15771484375
IMG_0030.mp4,2240,74.74140807474141,29.97,530,2,traffic_signs,0.8902069330215454,1382.0147705078125,783.3303833007812,1411.47265625,813.4683227539062,1396.7437133789062,798.3993530273438,29.4578857421875,30.137939453125
IMG_0030.mp4,2240,74.74140807474141,29.97,521,2,traffic_signs,0.929976224899292,49.55105972290039,614.111083984375,81.44883728027344,648.089599609375,65.49994850158691,631.100341796875,31.897777557373047,33.978515625
IMG_0030.mp4,2240,74.74140807474141,29.97,588,2,traffic_signs,0.8999683856964111,601.9893798828125,634.8172607421875,676.3624267578125,898.6611328125,639.1759033203125,766.7391967773438,74.373046875,263.8438720703125
IMG_0030.mp4,2240,74.74140807474141,29.97,589,2,traffic_signs,0.26797977089881897,1053.997802734375,767.9124755859375,1079.783447265625,798.080810546875,1066.890625,782.9966430664062,25.78564453125,30.1683349609375
IMG_0030.mp4,2240,74.74140807474141,29.97,496,1,traffic_lights,0.8265602588653564,1170.71484375,638.96875,1187.895263671875,674.2700805664062,1179.3050537109375,656.6194152832031,17.180419921875,35.30133056640625
IMG_0030.mp4,2240,74.74140807474141,29.97,584,2,traffic_signs,0.8643085360527039,298.7239074707031,595.900634765625,347.7388610839844,687.7521362304688,323.23138427734375,641.8263854980469,49.01495361328125,91.85150146484375
IMG_0030.mp4,2241,74.77477477477478,29.97,531,2,traffic_signs,0.8890596628189087,1007.464111328125,711.7250366210938,1051.0714111328125,759.9213256835938,1029.2677612304688,735.8231811523438,43.6072998046875,48.1962890625
IMG_0030.mp4,2241,74.77477477477478,29.97,542,2,traffic_signs,0.7803966999053955,1344.1431884765625,763.422119140625,1370.5111083984375,789.8652954101562,1357.3271484375,776.6437072753906,26.367919921875,26.44317626953125
IMG_0030.mp4,2241,74.77477477477478,29.97,530,2,traffic_signs,0.8860116600990295,1383.7135009765625,782.7617797851562,1413.7000732421875,812.9006958007812,1398.706787109375,797.8312377929688,29.986572265625,30.138916015625
IMG_0030.mp4,2241,74.77477477477478,29.97,521,2,traffic_signs,0.9060209393501282,43.668209075927734,612.7540893554688,76.38256072998047,647.1412353515625,60.0253849029541,629.9476623535156,32.714351654052734,34.38714599609375
IMG_0030.mp4,2241,74.77477477477478,29.97,588,2,traffic_signs,0.9345061182975769,594.4655151367188,635.3594970703125,671.0343017578125,894.3132934570312,632.7499084472656,764.8363952636719,76.56878662109375,258.95379638671875
IMG_0030.mp4,2241,74.77477477477478,29.97,589,2,traffic_signs,0.28188690543174744,1055.158935546875,767.7549438476562,1079.9443359375,797.8236083984375,1067.5516357421875,782.7892761230469,24.785400390625,30.06866455078125
IMG_0030.mp4,2241,74.77477477477478,29.97,496,1,traffic_lights,0.8514435291290283,1171.2823486328125,638.3146362304688,1188.6356201171875,673.1807250976562,1179.958984375,655.7476806640625,17.353271484375,34.8660888671875
IMG_0030.mp4,2241,74.77477477477478,29.97,584,2,traffic_signs,0.9088190793991089,292.95343017578125,593.2647705078125,342.8893737792969,685.937255859375,317.92140197753906,639.6010131835938,49.935943603515625,92.6724853515625
IMG_0030.mp4,2242,74.80814147480814,29.97,531,2,traffic_signs,0.8842412829399109,1006.3226318359375,710.5765380859375,1050.69970703125,758.3397216796875,1028.5111694335938,734.4581298828125,44.3770751953125,47.76318359375
IMG_0030.mp4,2242,74.80814147480814,29.97,542,2,traffic_signs,0.8958015441894531,1345.2379150390625,762.9098510742188,1371.64794921875,789.303466796875,1358.4429321289062,776.1066589355469,26.4100341796875,26.39361572265625
IMG_0030.mp4,2242,74.80814147480814,29.97,530,2,traffic_signs,0.8825682401657104,1385.701416015625,782.302490234375,1415.576416015625,812.3284301757812,1400.638916015625,797.3154602050781,29.875,30.02593994140625
IMG_0030.mp4,2242,74.80814147480814,29.97,521,2,traffic_signs,0.9015482664108276,37.77605056762695,611.0471801757812,70.07405090332031,645.7576293945312,53.92505073547363,628.4024047851562,32.29800033569336,34.71044921875
IMG_0030.mp4,2242,74.80814147480814,29.97,588,2,traffic_signs,0.8696995377540588,584.3168334960938,635.0777587890625,664.21337890625,894.6334228515625,624.2651062011719,764.8555908203125,79.89654541015625,259.5556640625
IMG_0030.mp4,2242,74.80814147480814,29.97,589,2,traffic_signs,0.3461744785308838,1054.020751953125,767.88818359375,1079.6158447265625,797.65576171875,1066.8182983398438,782.77197265625,25.5950927734375,29.767578125
IMG_0030.mp4,2242,74.80814147480814,29.97,496,1,traffic_lights,0.852124035358429,1171.7896728515625,637.596923828125,1189.207275390625,672.3895263671875,1180.4984741210938,654.9932250976562,17.4176025390625,34.7926025390625
IMG_0030.mp4,2242,74.80814147480814,29.97,584,2,traffic_signs,0.92137610912323,286.6410827636719,591.2523193359375,337.943359375,685.0819091796875,312.29222106933594,638.1671142578125,51.302276611328125,93.82958984375
IMG_0030.mp4,2242,74.80814147480814,29.97,514,0,auth_label,0.2530106008052826,656.103515625,588.3782958984375,856.4719848632812,830.9049072265625,756.2877502441406,709.6416015625,200.36846923828125,242.526611328125
IMG_0030.mp4,2243,74.84150817484151,29.97,531,2,traffic_signs,0.8788348436355591,1005.22998046875,709.1427612304688,1050.1458740234375,757.0416259765625,1027.6879272460938,733.0921936035156,44.9158935546875,47.89886474609375
IMG_0030.mp4,2243,74.84150817484151,29.97,542,2,traffic_signs,0.8970616459846497,1346.510498046875,762.3111572265625,1372.8087158203125,789.1973876953125,1359.6596069335938,775.7542724609375,26.2982177734375,26.88623046875
IMG_0030.mp4,2243,74.84150817484151,29.97,530,2,traffic_signs,0.8799965977668762,1387.6416015625,781.4669799804688,1417.2470703125,812.1484985351562,1402.4443359375,796.8077392578125,29.60546875,30.6815185546875
IMG_0030.mp4,2243,74.84150817484151,29.97,521,2,traffic_signs,0.6256601214408875,31.545560836791992,609.74853515625,64.5461654663086,644.6114501953125,48.04586315155029,627.1799926757812,33.0006046295166,34.8629150390625
IMG_0030.mp4,2243,74.84150817484151,29.97,588,2,traffic_signs,0.7925035953521729,574.9085083007812,629.8102416992188,657.5276489257812,893.5607299804688,616.2180786132812,761.6854858398438,82.619140625,263.75048828125
IMG_0030.mp4,2243,74.84150817484151,29.97,589,2,traffic_signs,0.32804447412490845,1053.4599609375,767.6400146484375,1079.7327880859375,797.8660888671875,1066.5963745117188,782.7530517578125,26.2728271484375,30.22607421875
IMG_0030.mp4,2243,74.84150817484151,29.97,496,1,traffic_lights,0.8474014401435852,1172.2442626953125,636.724853515625,1189.6201171875,671.7667846679688,1180.9321899414062,654.2458190917969,17.3758544921875,35.04193115234375
IMG_0030.mp4,2243,74.84150817484151,29.97,584,2,traffic_signs,0.9222910404205322,279.7120361328125,589.1976318359375,332.7077331542969,683.3203735351562,306.2098846435547,636.2590026855469,52.995697021484375,94.12274169921875
IMG_0030.mp4,2243,74.84150817484151,29.97,514,0,auth_label,0.35383135080337524,653.82470703125,586.8815307617188,855.414794921875,831.2979125976562,754.6197509765625,709.0897216796875,201.590087890625,244.4163818359375
IMG_0030.mp4,2244,74.87487487487488,29.97,531,2,traffic_signs,0.886280357837677,1004.4871826171875,707.6922607421875,1049.62646484375,756.1268920898438,1027.0568237304688,731.9095764160156,45.1392822265625,48.43463134765625
IMG_0030.mp4,2244,74.87487487487488,29.97,542,2,traffic_signs,0.8982046246528625,1347.8499755859375,761.7211303710938,1373.35888671875,788.9265747070312,1360.6044311523438,775.3238525390625,25.5089111328125,27.2054443359375
IMG_0030.mp4,2244,74.87487487487488,29.97,530,2,traffic_signs,0.8900427222251892,1388.460693359375,781.4844360351562,1418.097412109375,812.0313720703125,1403.279052734375,796.7579040527344,29.63671875,30.54693603515625
IMG_0030.mp4,2244,74.87487487487488,29.97,521,2,traffic_signs,0.9091904163360596,26.49204444885254,608.2681274414062,59.7696647644043,643.2730712890625,43.13085460662842,625.7705993652344,33.27762031555176,35.00494384765625
IMG_0030.mp4,2244,74.87487487487488,29.97,588,2,traffic_signs,0.4938504993915558,565.9642944335938,624.1278686523438,650.3709716796875,896.5625610351562,608.1676330566406,760.34521484375,84.40667724609375,272.4346923828125
IMG_0030.mp4,2244,74.87487487487488,29.97,589,2,traffic_signs,0.3081245720386505,1054.4686279296875,767.4560546875,1079.718994140625,797.8885498046875,1067.0938110351562,782.6723022460938,25.2503662109375,30.4324951171875
IMG_0030.mp4,2244,74.87487487487488,29.97,496,1,traffic_lights,0.8413340449333191,1172.726806640625,635.9234619140625,1189.761474609375,671.053955078125,1181.244140625,653.4887084960938,17.03466796875,35.1304931640625
IMG_0030.mp4,2244,74.87487487487488,29.97,584,2,traffic_signs,0.9233149290084839,274.1878967285156,586.8502197265625,328.22198486328125,682.6631469726562,301.20494079589844,634.7566833496094,54.034088134765625,95.81292724609375
IMG_0030.mp4,2245,74.90824157490825,29.97,531,2,traffic_signs,0.8888205885887146,1003.8834228515625,706.0022583007812,1048.6170654296875,755.1554565429688,1026.250244140625,730.578857421875,44.733642578125,49.1531982421875
IMG_0030.mp4,2245,74.90824157490825,29.97,542,2,traffic_signs,0.8905827403068542,1349.530517578125,761.2020874023438,1374.0,788.2283935546875,1361.7652587890625,774.7152404785156,24.469482421875,27.02630615234375
IMG_0030.mp4,2245,74.90824157490825,29.97,530,2,traffic_signs,0.8934140801429749,1390.0023193359375,781.683837890625,1419.8680419921875,811.5408325195312,1404.9351806640625,796.6123352050781,29.86572265625,29.85699462890625
IMG_0030.mp4,2245,74.90824157490825,29.97,521,2,traffic_signs,0.9050309658050537,19.859176635742188,606.5198364257812,53.04385757446289,641.970703125,36.45151710510254,624.2452697753906,33.1846809387207,35.45086669921875
IMG_0030.mp4,2245,74.90824157490825,29.97,588,2,traffic_signs,0.7913888692855835,553.9743041992188,620.2821655273438,642.0924682617188,896.5460205078125,598.0333862304688,758.4140930175781,88.1181640625,276.26385498046875
IMG_0030.mp4,2245,74.90824157490825,29.97,496,1,traffic_lights,0.8227958083152771,1173.3812255859375,634.7625122070312,1190.3543701171875,669.8541870117188,1181.8677978515625,652.308349609375,16.97314453125,35.0916748046875
IMG_0030.mp4,2245,74.90824157490825,29.97,584,2,traffic_signs,0.2549876868724823,266.89666748046875,590.2119750976562,322.54833984375,682.7157592773438,294.7225036621094,636.4638671875,55.65167236328125,92.5037841796875
IMG_0030.mp4,2246,74.94160827494161,29.97,531,2,traffic_signs,0.8726006746292114,1003.4110717773438,704.48291015625,1047.2662353515625,754.27001953125,1025.3386535644531,729.37646484375,43.85516357421875,49.787109375
IMG_0030.mp4,2246,74.94160827494161,29.97,542,2,traffic_signs,0.8833247423171997,1350.9970703125,760.5368041992188,1375.2353515625,787.6516723632812,1363.1162109375,774.09423828125,24.23828125,27.1148681640625
IMG_0030.mp4,2246,74.94160827494161,29.97,530,2,traffic_signs,0.9021663665771484,1391.2142333984375,781.7254638671875,1421.371337890625,811.181640625,1406.2927856445312,796.4535522460938,30.1571044921875,29.4561767578125
IMG_0030.mp4,2246,74.94160827494161,29.97,521,2,traffic_signs,0.8977107405662537,14.544466972351074,605.3971557617188,47.31193923950195,640.634521484375,30.928203105926514,623.0158386230469,32.76747226715088,35.23736572265625
IMG_0030.mp4,2246,74.94160827494161,29.97,588,2,traffic_signs,0.8570941686630249,543.248046875,617.4529418945312,634.98779296875,893.1956787109375,589.117919921875,755.3243103027344,91.73974609375,275.74273681640625
IMG_0030.mp4,2246,74.94160827494161,29.97,496,1,traffic_lights,0.8238179683685303,1173.753662109375,633.9907836914062,1190.755615234375,669.1333618164062,1182.254638671875,651.5620727539062,17.001953125,35.142578125
IMG_0030.mp4,2246,74.94160827494161,29.97,596,2,traffic_signs,0.754504919052124,288.4823303222656,638.3721923828125,318.5679626464844,680.1602783203125,303.525146484375,659.2662353515625,30.08563232421875,41.7880859375
IMG_0030.mp4,2246,74.94160827494161,29.97,570,2,traffic_signs,0.517707347869873,272.701171875,582.2950439453125,312.5689392089844,622.5655517578125,292.6350555419922,602.4302978515625,39.867767333984375,40.2705078125
IMG_0030.mp4,2246,74.94160827494161,29.97,514,0,auth_label,0.6014126539230347,640.4212646484375,585.7113037109375,850.1857299804688,825.584228515625,745.3034973144531,705.6477661132812,209.76446533203125,239.8729248046875
IMG_0030.mp4,2247,74.97497497497498,29.97,531,2,traffic_signs,0.8809507489204407,1002.875244140625,703.0498657226562,1046.3414306640625,753.3335571289062,1024.6083374023438,728.1917114257812,43.4661865234375,50.28369140625
IMG_0030.mp4,2247,74.97497497497498,29.97,542,2,traffic_signs,0.8828302621841431,1352.597412109375,760.0995483398438,1376.897705078125,787.2630004882812,1364.74755859375,773.6812744140625,24.30029296875,27.1634521484375
IMG_0030.mp4,2247,74.97497497497498,29.97,530,2,traffic_signs,0.8926359415054321,1393.1171875,781.4603271484375,1423.631103515625,810.9414672851562,1408.3741455078125,796.2008972167969,30.513916015625,29.48114013671875
IMG_0030.mp4,2247,74.97497497497498,29.97,521,2,traffic_signs,0.8910759091377258,7.880318641662598,603.8986206054688,41.52684783935547,638.9122314453125,24.703583240509033,621.4054260253906,33.64652919769287,35.01361083984375
IMG_0030.mp4,2247,74.97497497497498,29.97,588,2,traffic_signs,0.7444127202033997,531.8646240234375,612.5350341796875,627.8988037109375,899.04736328125,579.8817138671875,755.7911987304688,96.0341796875,286.5123291015625
IMG_0030.mp4,2247,74.97497497497498,29.97,496,1,traffic_lights,0.8095203638076782,1174.2999267578125,633.1970825195312,1191.2554931640625,668.2540283203125,1182.7777099609375,650.7255554199219,16.95556640625,35.05694580078125
IMG_0030.mp4,2247,74.97497497497498,29.97,596,2,traffic_signs,0.2830405533313751,283.1014404296875,636.2872924804688,313.3896789550781,679.3012084960938,298.2455596923828,657.7942504882812,30.288238525390625,43.013916015625
IMG_0030.mp4,2247,74.97497497497498,29.97,514,0,auth_label,0.8455209732055664,636.403076171875,584.3136596679688,848.7808837890625,827.1613159179688,742.5919799804688,705.7374877929688,212.3778076171875,242.84765625
IMG_0030.mp4,2247,74.97497497497498,29.97,584,2,traffic_signs,0.3903181254863739,253.65818786621094,589.1050415039062,312.29193115234375,678.7319946289062,282.97505950927734,633.9185180664062,58.63374328613281,89.626953125
IMG_0030.mp4,2248,75.00834167500834,29.97,531,2,traffic_signs,0.8824590444564819,1002.3006591796875,701.5350952148438,1045.4530029296875,752.6369018554688,1023.8768310546875,727.0859985351562,43.15234375,51.101806640625
IMG_0030.mp4,2248,75.00834167500834,29.97,542,2,traffic_signs,0.8830104470252991,1353.6370849609375,759.6951904296875,1378.451416015625,786.9906005859375,1366.0442504882812,773.3428955078125,24.8143310546875,27.29541015625
IMG_0030.mp4,2248,75.00834167500834,29.97,530,2,traffic_signs,0.8807623386383057,1394.1199951171875,780.9560546875,1425.344970703125,810.6627197265625,1409.7324829101562,795.8093872070312,31.2249755859375,29.7066650390625
IMG_0030.mp4,2248,75.00834167500834,29.97,521,2,traffic_signs,0.9257856607437134,1.7819453477859497,602.687255859375,35.387046813964844,637.3095703125,18.584496080875397,619.9984130859375,33.605101466178894,34.622314453125
IMG_0030.mp4,2248,75.00834167500834,29.97,588,2,traffic_signs,0.6090033054351807,519.9785766601562,608.6397094726562,620.2976684570312,897.7948608398438,570.1381225585938,753.21728515625,100.319091796875,289.1551513671875
IMG_0030.mp4,2248,75.00834167500834,29.97,496,1,traffic_lights,0.8080951571464539,1174.5794677734375,632.1898803710938,1191.6363525390625,667.473876953125,1183.10791015625,649.8318786621094,17.056884765625,35.28399658203125
IMG_0030.mp4,2248,75.00834167500834,29.97,514,0,auth_label,0.8534102439880371,634.3029174804688,582.0601196289062,846.779052734375,826.6770629882812,740.5409851074219,704.3685913085938,212.47613525390625,244.616943359375
IMG_0030.mp4,2248,75.00834167500834,29.97,584,2,traffic_signs,0.8829929828643799,247.10919189453125,581.357177734375,306.48663330078125,677.2839965820312,276.79791259765625,629.3205871582031,59.37744140625,95.92681884765625
IMG_0030.mp4,2249,75.04170837504171,29.97,531,2,traffic_signs,0.899117112159729,1001.7689208984375,700.2208862304688,1044.9736328125,752.1375732421875,1023.3712768554688,726.1792297363281,43.2047119140625,51.91668701171875
IMG_0030.mp4,2249,75.04170837504171,29.97,542,2,traffic_signs,0.8734680414199829,1355.0380859375,759.2803955078125,1379.748046875,786.7182006835938,1367.39306640625,772.9992980957031,24.7099609375,27.43780517578125
IMG_0030.mp4,2249,75.04170837504171,29.97,530,2,traffic_signs,0.8682333827018738,1395.6925048828125,780.1168212890625,1427.3389892578125,810.8408203125,1411.5157470703125,795.4788208007812,31.646484375,30.7239990234375
IMG_0030.mp4,2249,75.04170837504171,29.97,521,2,traffic_signs,0.8657468557357788,0.0,601.5214233398438,28.72977638244629,635.5917358398438,14.364888191223145,618.5565795898438,28.72977638244629,34.0703125
IMG_0030.mp4,2249,75.04170837504171,29.97,588,2,traffic_signs,0.30539509654045105,506.8616027832031,601.4642944335938,610.3515625,901.8467407226562,558.6065826416016,751.655517578125,103.48995971679688,300.3824462890625
IMG_0030.mp4,2249,75.04170837504171,29.97,496,1,traffic_lights,0.8280311226844788,1175.1038818359375,631.3841552734375,1192.2088623046875,666.6114501953125,1183.6563720703125,648.997802734375,17.10498046875,35.227294921875
IMG_0030.mp4,2249,75.04170837504171,29.97,514,0,auth_label,0.9044482111930847,630.2669067382812,580.1394653320312,845.5860595703125,826.8311767578125,737.9264831542969,703.4853210449219,215.31915283203125,246.69171142578125
IMG_0030.mp4,2249,75.04170837504171,29.97,584,2,traffic_signs,0.7939492464065552,239.6833953857422,576.62060546875,300.76763916015625,676.4578247070312,270.2255172729492,626.5392150878906,61.08424377441406,99.83721923828125
IMG_0030.mp4,2249,75.04170837504171,29.97,598,2,traffic_signs,0.33447277545928955,1046.1942138671875,747.3207397460938,1066.735107421875,770.41650390625,1056.4646606445312,758.8686218261719,20.5408935546875,23.09576416015625
IMG_0030.mp4,2250,75.07507507507508,29.97,531,2,traffic_signs,0.9025213122367859,1001.2959594726562,699.3651123046875,1044.676513671875,751.755126953125,1022.9862365722656,725.5601196289062,43.38055419921875,52.3900146484375
IMG_0030.mp4,2250,75.07507507507508,29.97,542,2,traffic_signs,0.8075878620147705,1356.16943359375,758.8291625976562,1381.0460205078125,786.7639770507812,1368.6077270507812,772.7965698242188,24.8765869140625,27.934814453125
IMG_0030.mp4,2250,75.07507507507508,29.97,530,2,traffic_signs,0.8763874769210815,1397.2215576171875,779.5608520507812,1428.9443359375,810.5289306640625,1413.0829467773438,795.0448913574219,31.7227783203125,30.96807861328125
IMG_0030.mp4,2250,75.07507507507508,29.97,521,2,traffic_signs,0.5250881910324097,0.0,600.2993774414062,21.873640060424805,634.1949462890625,10.936820030212402,617.2471618652344,21.873640060424805,33.89556884765625
IMG_0030.mp4,2250,75.07507507507508,29.97,588,2,traffic_signs,0.7407659888267517,493.7604064941406,598.6315307617188,601.2171630859375,898.9493408203125,547.4887847900391,748.7904357910156,107.45675659179688,300.31781005859375
IMG_0030.mp4,2250,75.07507507507508,29.97,496,1,traffic_lights,0.8449877500534058,1175.4398193359375,630.60986328125,1192.56494140625,665.9009399414062,1184.0023803710938,648.2554016113281,17.1251220703125,35.29107666015625
IMG_0030.mp4,2250,75.07507507507508,29.97,514,0,auth_label,0.944152295589447,626.0833129882812,578.4527587890625,844.15380859375,825.9888305664062,735.1185607910156,702.2207946777344,218.07049560546875,247.53607177734375
IMG_0030.mp4,2250,75.07507507507508,29.97,598,2,traffic_signs,0.3077748715877533,1046.258056640625,747.3699951171875,1066.7071533203125,770.2518920898438,1056.4826049804688,758.8109436035156,20.4490966796875,22.88189697265625
IMG_0030.mp4,2250,75.07507507507508,29.97,570,2,traffic_signs,0.31987935304641724,246.78355407714844,572.9143676757812,288.1427307128906,613.8359375,267.46314239501953,593.3751525878906,41.35917663574219,40.92156982421875
IMG_0030.mp4,2250,75.07507507507508,29.97,596,2,traffic_signs,0.41398873925209045,265.9978332519531,632.6199951171875,297.66607666015625,674.2553100585938,281.8319549560547,653.4376525878906,31.668243408203125,41.63531494140625
IMG_0030.mp4,2251,75.10844177510845,29.97,531,2,traffic_signs,0.9018449187278748,1000.2192993164062,698.2955932617188,1043.9188232421875,751.2162475585938,1022.0690612792969,724.7559204101562,43.69952392578125,52.920654296875
IMG_0030.mp4,2251,75.10844177510845,29.97,542,2,traffic_signs,0.8846271634101868,1357.27197265625,758.53955078125,1381.8890380859375,786.6846313476562,1369.5805053710938,772.6120910644531,24.6170654296875,28.14508056640625
IMG_0030.mp4,2251,75.10844177510845,29.97,530,2,traffic_signs,0.7786116600036621,1399.24951171875,779.1474609375,1430.0479736328125,810.1148071289062,1414.6487426757812,794.6311340332031,30.7984619140625,30.96734619140625
IMG_0030.mp4,2251,75.10844177510845,29.97,588,2,traffic_signs,0.6203249096870422,484.46820068359375,594.6788940429688,590.4909057617188,904.1390380859375,537.4795532226562,749.4089660644531,106.022705078125,309.46014404296875
IMG_0030.mp4,2251,75.10844177510845,29.97,496,1,traffic_lights,0.2782440483570099,1175.741943359375,629.3397827148438,1193.099365234375,665.24853515625,1184.420654296875,647.2941589355469,17.357421875,35.90875244140625
IMG_0030.mp4,2251,75.10844177510845,29.97,514,0,auth_label,0.9444910883903503,620.7861938476562,576.406005859375,842.9664306640625,826.4591064453125,731.8763122558594,701.4325561523438,222.18023681640625,250.0531005859375
IMG_0030.mp4,2251,75.10844177510845,29.97,596,2,traffic_signs,0.6870505809783936,261.891357421875,631.9891357421875,292.2804870605469,672.9060668945312,277.08592224121094,652.4476013183594,30.389129638671875,40.91693115234375
IMG_0030.mp4,2251,75.10844177510845,29.97,584,2,traffic_signs,0.27844205498695374,226.11666870117188,571.801513671875,288.421630859375,669.4666137695312,257.26914978027344,620.6340637207031,62.304962158203125,97.66510009765625
IMG_0030.mp4,2252,75.14180847514181,29.97,531,2,traffic_signs,0.898451566696167,999.2806396484375,697.0690307617188,1043.7152099609375,750.1231689453125,1021.4979248046875,723.5960998535156,44.4345703125,53.05413818359375
IMG_0030.mp4,2252,75.14180847514181,29.97,542,2,traffic_signs,0.8825437426567078,1358.29736328125,758.5826416015625,1383.325439453125,786.7247314453125,1370.8114013671875,772.6536865234375,25.028076171875,28.14208984375
IMG_0030.mp4,2252,75.14180847514181,29.97,530,2,traffic_signs,0.9039547443389893,1399.63330078125,779.375,1431.1678466796875,810.5562744140625,1415.4005737304688,794.9656372070312,31.5345458984375,31.1812744140625
IMG_0030.mp4,2252,75.14180847514181,29.97,588,2,traffic_signs,0.7749142646789551,471.7953796386719,589.6334838867188,580.6473999023438,898.052001953125,526.2213897705078,743.8427429199219,108.85202026367188,308.41851806640625
IMG_0030.mp4,2252,75.14180847514181,29.97,496,1,traffic_lights,0.8242921233177185,1176.4295654296875,628.5839233398438,1193.537841796875,665.1376342773438,1184.9837036132812,646.8607788085938,17.1082763671875,36.5537109375
IMG_0030.mp4,2252,75.14180847514181,29.97,514,0,auth_label,0.9525102376937866,619.09814453125,575.00830078125,841.0269165039062,825.5072631835938,730.0625305175781,700.2577819824219,221.92877197265625,250.49896240234375
IMG_0030.mp4,2252,75.14180847514181,29.97,596,2,traffic_signs,0.5686488151550293,256.4626770019531,631.1060791015625,287.05108642578125,672.48583984375,271.7568817138672,651.7959594726562,30.588409423828125,41.3797607421875
IMG_0030.mp4,2252,75.14180847514181,29.97,584,2,traffic_signs,0.48746660351753235,218.74476623535156,569.3760375976562,281.556640625,668.4296875,250.15070343017578,618.9028625488281,62.81187438964844,99.05364990234375
IMG_0030.mp4,2252,75.14180847514181,29.97,570,2,traffic_signs,0.29377463459968567,231.14035034179688,568.2088012695312,275.26776123046875,609.7100219726562,253.2040557861328,588.9594116210938,44.127410888671875,41.501220703125
IMG_0030.mp4,2253,75.17517517517518,29.97,531,2,traffic_signs,0.8844400644302368,998.4057006835938,695.71142578125,1043.6044921875,748.957763671875,1021.0050964355469,722.3345947265625,45.19879150390625,53.246337890625
IMG_0030.mp4,2253,75.17517517517518,29.97,542,2,traffic_signs,0.8726575970649719,1359.28076171875,758.3632202148438,1384.270263671875,786.3572998046875,1371.7755126953125,772.3602600097656,24.989501953125,27.99407958984375
IMG_0030.mp4,2253,75.17517517517518,29.97,530,2,traffic_signs,0.9019661545753479,1400.4910888671875,779.0111083984375,1431.84716796875,810.3479614257812,1416.1691284179688,794.6795349121094,31.3560791015625,31.33685302734375
IMG_0030.mp4,2253,75.17517517517518,29.97,588,2,traffic_signs,0.7123090028762817,458.3684997558594,586.0457153320312,571.9917602539062,884.0576171875,515.1801300048828,735.0516662597656,113.62326049804688,298.01190185546875
IMG_0030.mp4,2253,75.17517517517518,29.97,496,1,traffic_lights,0.8446205854415894,1176.7529296875,627.9994506835938,1193.697021484375,664.6409301757812,1185.2249755859375,646.3201904296875,16.944091796875,36.6414794921875
IMG_0030.mp4,2253,75.17517517517518,29.97,514,0,auth_label,0.9647178053855896,616.5925903320312,573.8135375976562,839.6837768554688,823.0743408203125,728.13818359375,698.4439392089844,223.0911865234375,249.26080322265625
IMG_0030.mp4,2253,75.17517517517518,29.97,596,2,traffic_signs,0.787436306476593,251.40951538085938,629.8280639648438,282.1630554199219,671.1051025390625,266.7862854003906,650.4665832519531,30.7535400390625,41.27703857421875
IMG_0030.mp4,2253,75.17517517517518,29.97,584,2,traffic_signs,0.6486667990684509,211.99179077148438,567.6463012695312,275.74822998046875,669.0069580078125,243.87001037597656,618.3266296386719,63.756439208984375,101.36065673828125
IMG_0030.mp4,2254,75.20854187520854,29.97,531,2,traffic_signs,0.8747661113739014,997.3353881835938,694.2575073242188,1043.39013671875,748.1907348632812,1020.3627624511719,721.22412109375,46.05474853515625,53.9332275390625
IMG_0030.mp4,2254,75.20854187520854,29.97,542,2,traffic_signs,0.8779104948043823,1361.116943359375,757.9764404296875,1386.1453857421875,786.4305419921875,1373.6311645507812,772.2034912109375,25.0284423828125,28.4541015625
IMG_0030.mp4,2254,75.20854187520854,29.97,530,2,traffic_signs,0.9114804267883301,1402.767822265625,778.662109375,1433.873291015625,810.1381225585938,1418.320556640625,794.4001159667969,31.10546875,31.47601318359375
IMG_0030.mp4,2254,75.20854187520854,29.97,588,2,traffic_signs,0.5700255036354065,445.47845458984375,580.0250244140625,561.1658935546875,885.3123779296875,503.3221740722656,732.668701171875,115.68743896484375,305.287353515625
IMG_0030.mp4,2254,75.20854187520854,29.97,496,1,traffic_lights,0.8219964504241943,1177.318115234375,627.2171630859375,1194.3812255859375,663.8936767578125,1185.8496704101562,645.555419921875,17.0631103515625,36.676513671875
IMG_0030.mp4,2254,75.20854187520854,29.97,514,0,auth_label,0.9572511315345764,611.3799438476562,572.67578125,838.6652221679688,822.67529296875,725.0225830078125,697.675537109375,227.2852783203125,249.99951171875
IMG_0030.mp4,2254,75.20854187520854,29.97,596,2,traffic_signs,0.5644112825393677,244.54476928710938,628.157470703125,276.81304931640625,670.1683959960938,260.6789093017578,649.1629333496094,32.268280029296875,42.01092529296875
IMG_0030.mp4,2254,75.20854187520854,29.97,584,2,traffic_signs,0.7887750267982483,204.2909393310547,565.0611572265625,271.6673278808594,669.3411254882812,237.97913360595703,617.2011413574219,67.37638854980469,104.27996826171875
IMG_0030.mp4,2255,75.24190857524191,29.97,531,2,traffic_signs,0.5863519310951233,995.951171875,692.8998413085938,1042.5382080078125,747.6420288085938,1019.2446899414062,720.2709350585938,46.5870361328125,54.7421875
IMG_0030.mp4,2255,75.24190857524191,29.97,542,2,traffic_signs,0.8628602027893066,1362.3817138671875,757.5906372070312,1386.9129638671875,786.0697021484375,1374.6473388671875,771.8301696777344,24.53125,28.47906494140625
IMG_0030.mp4,2255,75.24190857524191,29.97,530,2,traffic_signs,0.9115890860557556,1404.322509765625,778.3031616210938,1435.3240966796875,810.1925048828125,1419.8233032226562,794.2478332519531,31.0015869140625,31.88934326171875
IMG_0030.mp4,2255,75.24190857524191,29.97,588,2,traffic_signs,0.4741998016834259,435.2960205078125,574.0377197265625,550.5325927734375,893.0457763671875,492.914306640625,733.541748046875,115.236572265625,319.008056640625
IMG_0030.mp4,2255,75.24190857524191,29.97,496,1,traffic_lights,0.8348208665847778,1177.2657470703125,626.8578491210938,1194.512939453125,663.506591796875,1185.8893432617188,645.1822204589844,17.2471923828125,36.64874267578125
IMG_0030.mp4,2255,75.24190857524191,29.97,514,0,auth_label,0.9485210180282593,608.4196166992188,570.8893432617188,838.96826171875,822.944091796875,723.6939392089844,696.9167175292969,230.54864501953125,252.05474853515625
IMG_0030.mp4,2255,75.24190857524191,29.97,596,2,traffic_signs,0.703359842300415,240.5475616455078,626.6690063476562,272.4928283691406,669.07421875,256.5201950073242,647.8716125488281,31.945266723632812,42.40521240234375
IMG_0030.mp4,2255,75.24190857524191,29.97,584,2,traffic_signs,0.2636266052722931,198.1989288330078,562.0325927734375,264.0257873535156,665.84130859375,231.11235809326172,613.9369506835938,65.82685852050781,103.8087158203125
IMG_0030.mp4,2255,75.24190857524191,29.97,601,1,traffic_lights,0.3670178949832916,1363.4130859375,784.3975219726562,1382.8304443359375,816.6904296875,1373.1217651367188,800.5439758300781,19.4173583984375,32.29290771484375
IMG_0030.mp4,2256,75.27527527527528,29.97,531,2,traffic_signs,0.6618624925613403,995.3624267578125,691.7512817382812,1042.3250732421875,746.370849609375,1018.84375,719.0610656738281,46.962646484375,54.61956787109375
IMG_0030.mp4,2256,75.27527527527528,29.97,542,2,traffic_signs,0.8596857190132141,1363.9420166015625,757.0701904296875,1388.1798095703125,785.7990112304688,1376.0609130859375,771.4346008300781,24.23779296875,28.72882080078125
IMG_0030.mp4,2256,75.27527527527528,29.97,530,2,traffic_signs,0.9077854156494141,1406.0684814453125,778.237060546875,1437.696044921875,810.23095703125,1421.8822631835938,794.2340087890625,31.6275634765625,31.993896484375
IMG_0030.mp4,2256,75.27527527527528,29.97,588,2,traffic_signs,0.796173632144928,422.5010070800781,570.4000854492188,538.896240234375,886.3555297851562,480.69862365722656,728.3778076171875,116.39523315429688,315.9554443359375
IMG_0030.mp4,2256,75.27527527527528,29.97,496,1,traffic_lights,0.8523132801055908,1177.6448974609375,626.3154296875,1195.0634765625,662.7611694335938,1186.3541870117188,644.5382995605469,17.4185791015625,36.44573974609375
IMG_0030.mp4,2256,75.27527527527528,29.97,514,0,auth_label,0.9124624729156494,603.8466186523438,568.8809814453125,840.0003662109375,821.7521362304688,721.9234924316406,695.3165588378906,236.15374755859375,252.87115478515625
IMG_0030.mp4,2256,75.27527527527528,29.97,596,2,traffic_signs,0.6148554682731628,234.5593719482422,626.5462036132812,266.4319763183594,668.4790649414062,250.49567413330078,647.5126342773438,31.872604370117188,41.932861328125
IMG_0030.mp4,2256,75.27527527527528,29.97,584,2,traffic_signs,0.4619402587413788,190.05377197265625,559.7429809570312,254.52911376953125,657.0130004882812,222.29144287109375,608.3779907226562,64.475341796875,97.27001953125
IMG_0030.mp4,2256,75.27527527527528,29.97,601,1,traffic_lights,0.4205096662044525,1364.52099609375,784.1700439453125,1384.041015625,816.7156372070312,1374.281005859375,800.4428405761719,19.52001953125,32.54559326171875
IMG_0030.mp4,2256,75.27527527527528,29.97,598,2,traffic_signs,0.4418705403804779,1045.072998046875,743.338134765625,1065.8197021484375,767.276123046875,1055.4463500976562,755.30712890625,20.7467041015625,23.93798828125
IMG_0030.mp4,2257,75.30864197530865,29.97,531,2,traffic_signs,0.8698515295982361,994.055419921875,690.4462280273438,1041.3428955078125,745.272705078125,1017.6991577148438,717.8594665527344,47.2874755859375,54.82647705078125
IMG_0030.mp4,2257,75.30864197530865,29.97,542,2,traffic_signs,0.8491851687431335,1365.1468505859375,756.7733764648438,1389.41796875,785.4400634765625,1377.2824096679688,771.1067199707031,24.2711181640625,28.66668701171875
IMG_0030.mp4,2257,75.30864197530865,29.97,530,2,traffic_signs,0.9011219143867493,1407.3150634765625,777.67626953125,1439.8206787109375,810.2216796875,1423.56787109375,793.948974609375,32.505615234375,32.54541015625
IMG_0030.mp4,2257,75.30864197530865,29.97,588,2,traffic_signs,0.7944278120994568,408.6604919433594,565.5501708984375,528.5184936523438,888.6304321289062,468.58949279785156,727.0903015136719,119.85800170898438,323.08026123046875
IMG_0030.mp4,2257,75.30864197530865,29.97,496,1,traffic_lights,0.8691099882125854,1177.708984375,625.289794921875,1195.70849609375,662.205810546875,1186.708740234375,643.747802734375,17.99951171875,36.916015625
IMG_0030.mp4,2257,75.30864197530865,29.97,514,0,auth_label,0.9280800819396973,599.6295166015625,567.5753173828125,841.8363037109375,821.6897583007812,720.73291015625,694.6325378417969,242.206787109375,254.11444091796875
IMG_0030.mp4,2257,75.30864197530865,29.97,596,2,traffic_signs,0.8105631470680237,228.60183715820312,624.576904296875,260.7408142089844,667.0942993164062,244.67132568359375,645.8356018066406,32.13897705078125,42.51739501953125
IMG_0030.mp4,2257,75.30864197530865,29.97,584,2,traffic_signs,0.3857707381248474,182.1390838623047,557.7398681640625,246.3578643798828,655.0537719726562,214.24847412109375,606.3968200683594,64.21878051757812,97.31390380859375
IMG_0030.mp4,2257,75.30864197530865,29.97,601,1,traffic_lights,0.5588716268539429,1365.6092529296875,784.0426025390625,1385.582275390625,816.8950805664062,1375.5957641601562,800.4688415527344,19.9730224609375,32.85247802734375
IMG_0030.mp4,2257,75.30864197530865,29.97,570,2,traffic_signs,0.3833519220352173,196.8845977783203,558.267333984375,244.11581420898438,600.5883178710938,220.50020599365234,579.4278259277344,47.23121643066406,42.32098388671875
IMG_0030.mp4,2258,75.34200867534202,29.97,531,2,traffic_signs,0.8542450666427612,993.1993408203125,689.2572631835938,1040.6187744140625,744.8551025390625,1016.9090576171875,717.0561828613281,47.41943359375,55.59783935546875
IMG_0030.mp4,2258,75.34200867534202,29.97,542,2,traffic_signs,0.8647741675376892,1366.077880859375,756.3892211914062,1390.95654296875,785.195556640625,1378.5172119140625,770.7923889160156,24.878662109375,28.80633544921875
IMG_0030.mp4,2258,75.34200867534202,29.97,530,2,traffic_signs,0.9035820364952087,1409.4306640625,777.4384155273438,1441.821044921875,810.1297607421875,1425.6258544921875,793.7840881347656,32.390380859375,32.69134521484375
IMG_0030.mp4,2258,75.34200867534202,29.97,588,2,traffic_signs,0.7258310317993164,391.787841796875,559.9986572265625,516.4579467773438,877.87841796875,454.1228942871094,718.9385375976562,124.67010498046875,317.8797607421875
IMG_0030.mp4,2258,75.34200867534202,29.97,496,1,traffic_lights,0.8657606840133667,1178.2342529296875,624.498291015625,1196.4910888671875,661.510009765625,1187.3626708984375,643.004150390625,18.2568359375,37.01171875
IMG_0030.mp4,2258,75.34200867534202,29.97,514,0,auth_label,0.7952784299850464,595.5146484375,565.829833984375,840.4866943359375,858.7268676757812,718.0006713867188,712.2783508300781,244.9720458984375,292.89703369140625
IMG_0030.mp4,2258,75.34200867534202,29.97,596,2,traffic_signs,0.4977536201477051,222.85086059570312,623.5165405273438,255.4697723388672,665.8350830078125,239.16031646728516,644.6758117675781,32.61891174316406,42.31854248046875
IMG_0030.mp4,2258,75.34200867534202,29.97,584,2,traffic_signs,0.4406145215034485,175.1956787109375,555.930419921875,238.4931182861328,655.0491333007812,206.84439849853516,605.4897766113281,63.29743957519531,99.11871337890625
IMG_0030.mp4,2259,75.37537537537538,29.97,531,2,traffic_signs,0.8714119791984558,992.458984375,688.33154296875,1039.9813232421875,744.111572265625,1016.2201538085938,716.2215576171875,47.5223388671875,55.780029296875
IMG_0030.mp4,2259,75.37537537537538,29.97,542,2,traffic_signs,0.8643040060997009,1367.1553955078125,756.1214599609375,1392.14599609375,785.2689208984375,1379.6506958007812,770.6951904296875,24.9906005859375,29.1474609375
IMG_0030.mp4,2259,75.37537537537538,29.97,530,2,traffic_signs,0.9087648987770081,1411.1785888671875,777.2431030273438,1443.0413818359375,809.8078002929688,1427.1099853515625,793.5254516601562,31.86279296875,32.564697265625
IMG_0030.mp4,2259,75.37537537537538,29.97,496,1,traffic_lights,0.8576387763023376,1178.6861572265625,623.76904296875,1196.970947265625,660.7947998046875,1187.8285522460938,642.2819213867188,18.2847900390625,37.0257568359375
IMG_0030.mp4,2259,75.37537537537538,29.97,514,0,auth_label,0.6936025619506836,595.4287109375,563.634033203125,838.1502075195312,874.0369873046875,716.7894592285156,718.8355102539062,242.72149658203125,310.4029541015625
IMG_0030.mp4,2259,75.37537537537538,29.97,596,2,traffic_signs,0.7830361723899841,216.73004150390625,621.374755859375,249.42391967773438,664.6941528320312,233.0769805908203,643.0344543457031,32.693878173828125,43.31939697265625
IMG_0030.mp4,2259,75.37537537537538,29.97,584,2,traffic_signs,0.6739247441291809,167.1991424560547,554.269775390625,232.33314514160156,652.1179809570312,199.76614379882812,603.1938781738281,65.13400268554688,97.84820556640625
IMG_0030.mp4,2260,75.40874207540874,29.97,531,2,traffic_signs,0.8735624551773071,991.3975830078125,687.4143676757812,1039.396484375,743.6082763671875,1015.3970336914062,715.5113220214844,47.9989013671875,56.19390869140625
IMG_0030.mp4,2260,75.40874207540874,29.97,542,2,traffic_signs,0.8672876358032227,1367.9718017578125,755.9000854492188,1392.8623046875,785.3178100585938,1380.4170532226562,770.6089477539062,24.8905029296875,29.417724609375
IMG_0030.mp4,2260,75.40874207540874,29.97,530,2,traffic_signs,0.7239685654640198,1412.064453125,777.2492065429688,1443.6817626953125,809.5477905273438,1427.8731079101562,793.3984985351562,31.6173095703125,32.298583984375
IMG_0030.mp4,2260,75.40874207540874,29.97,496,1,traffic_lights,0.8524101376533508,1178.57861328125,623.0482177734375,1197.066650390625,660.3067016601562,1187.8226318359375,641.6774597167969,18.488037109375,37.25848388671875
IMG_0030.mp4,2260,75.40874207540874,29.97,514,0,auth_label,0.7522832155227661,596.1995239257812,562.2863159179688,833.2652587890625,868.1421508789062,714.7323913574219,715.2142333984375,237.06573486328125,305.8558349609375
IMG_0030.mp4,2260,75.40874207540874,29.97,596,2,traffic_signs,0.7499728798866272,210.7957000732422,620.7449951171875,244.44320678710938,663.585205078125,227.61945343017578,642.1651000976562,33.64750671386719,42.8402099609375
IMG_0030.mp4,2260,75.40874207540874,29.97,584,2,traffic_signs,0.7227569818496704,159.36358642578125,551.5462646484375,224.92169189453125,649.3070678710938,192.14263916015625,600.4266662597656,65.55810546875,97.76080322265625
IMG_0030.mp4,2261,75.44210877544211,29.97,531,2,traffic_signs,0.876238226890564,990.5236206054688,686.2523803710938,1038.8922119140625,742.86376953125,1014.7079162597656,714.5580749511719,48.36859130859375,56.61138916015625
IMG_0030.mp4,2261,75.44210877544211,29.97,542,2,traffic_signs,0.7486171126365662,1368.94140625,755.6630859375,1393.75,784.9860229492188,1381.345703125,770.3245544433594,24.80859375,29.32293701171875
IMG_0030.mp4,2261,75.44210877544211,29.97,530,2,traffic_signs,0.8972081542015076,1412.1983642578125,777.545166015625,1444.651611328125,809.767333984375,1428.4249877929688,793.65625,32.4532470703125,32.22216796875
IMG_0030.mp4,2261,75.44210877544211,29.97,496,1,traffic_lights,0.8203519582748413,1178.679443359375,622.0989990234375,1197.155029296875,659.744384765625,1187.917236328125,640.9216918945312,18.4755859375,37.6453857421875
IMG_0030.mp4,2261,75.44210877544211,29.97,514,0,auth_label,0.8298473954200745,595.6658935546875,560.40625,829.7560424804688,838.9362182617188,712.7109680175781,699.6712341308594,234.09014892578125,278.52996826171875
IMG_0030.mp4,2261,75.44210877544211,29.97,596,2,traffic_signs,0.8412413597106934,204.9462890625,619.3359375,238.0696258544922,662.2691650390625,221.5079574584961,640.8025512695312,33.12333679199219,42.9332275390625
IMG_0030.mp4,2261,75.44210877544211,29.97,584,2,traffic_signs,0.8755708336830139,151.13771057128906,549.3196411132812,217.80641174316406,645.3795166015625,184.47206115722656,597.3495788574219,66.668701171875,96.05987548828125
IMG_0030.mp4,2262,75.47547547547548,29.97,531,2,traffic_signs,0.8560032248497009,989.5501098632812,685.1507568359375,1037.9786376953125,741.931396484375,1013.7643737792969,713.5410766601562,48.42852783203125,56.7806396484375
IMG_0030.mp4,2262,75.47547547547548,29.97,542,2,traffic_signs,0.8880323171615601,1369.306640625,755.3157348632812,1395.2451171875,785.0729370117188,1382.27587890625,770.1943359375,25.9384765625,29.7572021484375
IMG_0030.mp4,2262,75.47547547547548,29.97,530,2,traffic_signs,0.9059774875640869,1413.0709228515625,777.1286010742188,1445.6292724609375,809.5923461914062,1429.35009765625,793.3604736328125,32.558349609375,32.4637451171875
IMG_0030.mp4,2262,75.47547547547548,29.97,496,1,traffic_lights,0.604065477848053,1178.721923828125,621.1993408203125,1197.185546875,658.963134765625,1187.9537353515625,640.0812377929688,18.463623046875,37.7637939453125
IMG_0030.mp4,2262,75.47547547547548,29.97,514,0,auth_label,0.8749876618385315,594.1320190429688,558.9346313476562,828.9234008789062,826.9120483398438,711.5277099609375,692.92333984375,234.7913818359375,267.9774169921875
IMG_0030.mp4,2262,75.47547547547548,29.97,596,2,traffic_signs,0.43932467699050903,199.18125915527344,618.7886352539062,232.6439666748047,661.9532470703125,215.91261291503906,640.3709411621094,33.46270751953125,43.16461181640625
IMG_0030.mp4,2262,75.47547547547548,29.97,584,2,traffic_signs,0.9012053608894348,143.80357360839844,547.47998046875,210.23202514648438,640.0746459960938,177.0177993774414,593.7773132324219,66.42845153808594,92.59466552734375
IMG_0030.mp4,2262,75.47547547547548,29.97,589,2,traffic_signs,0.36571404337882996,1048.6492919921875,756.09130859375,1078.656494140625,792.1278686523438,1063.6528930664062,774.1095886230469,30.0072021484375,36.03656005859375
IMG_0030.mp4,2263,75.50884217550885,29.97,531,2,traffic_signs,0.8662823438644409,988.1682739257812,684.1898803710938,1037.0975341796875,740.826904296875,1012.6329040527344,712.5083923339844,48.92926025390625,56.63702392578125
IMG_0030.mp4,2263,75.50884217550885,29.97,542,2,traffic_signs,0.5077251195907593,1370.593505859375,755.4491577148438,1396.733154296875,785.1990356445312,1383.663330078125,770.3240966796875,26.1396484375,29.7498779296875
IMG_0030.mp4,2263,75.50884217550885,29.97,530,2,traffic_signs,0.8983345627784729,1414.278564453125,776.7861328125,1446.882080078125,809.4425659179688,1430.580322265625,793.1143493652344,32.603515625,32.65643310546875
IMG_0030.mp4,2263,75.50884217550885,29.97,496,1,traffic_lights,0.7626385688781738,1178.5474853515625,620.1323852539062,1197.1639404296875,658.0152587890625,1187.855712890625,639.0738220214844,18.616455078125,37.88287353515625
IMG_0030.mp4,2263,75.50884217550885,29.97,514,0,auth_label,0.726095974445343,590.6062622070312,557.1640014648438,828.7308349609375,822.87158203125,709.6685485839844,690.0177917480469,238.12457275390625,265.70758056640625
IMG_0030.mp4,2263,75.50884217550885,29.97,596,2,traffic_signs,0.9005733132362366,193.3880157470703,617.2010498046875,226.41444396972656,660.0248413085938,209.90122985839844,638.6129455566406,33.02642822265625,42.82379150390625
IMG_0030.mp4,2263,75.50884217550885,29.97,584,2,traffic_signs,0.8965900540351868,134.88929748535156,545.7335205078125,202.5751495361328,637.3233642578125,168.7322235107422,591.5284423828125,67.68585205078125,91.58984375
IMG_0030.mp4,2263,75.50884217550885,29.97,589,2,traffic_signs,0.27752938866615295,1048.52685546875,756.92529296875,1078.532958984375,791.7714233398438,1063.5299072265625,774.3483581542969,30.006103515625,34.84613037109375
IMG_0030.mp4,2263,75.50884217550885,29.97,588,2,traffic_signs,0.27974221110343933,306.6176452636719,529.4285278320312,447.0597229003906,869.8154907226562,376.83868408203125,699.6220092773438,140.44207763671875,340.386962890625
IMG_0030.mp4,2264,75.54220887554222,29.97,531,2,traffic_signs,0.8621047735214233,987.0505981445312,682.9761352539062,1036.55078125,740.1892700195312,1011.8006896972656,711.5827026367188,49.50018310546875,57.213134765625
IMG_0030.mp4,2264,75.54220887554222,29.97,542,2,traffic_signs,0.8920856714248657,1371.8426513671875,755.4276733398438,1397.9501953125,784.8721923828125,1384.8964233398438,770.1499328613281,26.1075439453125,29.44451904296875
IMG_0030.mp4,2264,75.54220887554222,29.97,530,2,traffic_signs,0.8938711285591125,1416.1533203125,776.3629150390625,1448.682861328125,809.2968139648438,1432.4180908203125,792.8298645019531,32.529541015625,32.93389892578125
IMG_0030.mp4,2264,75.54220887554222,29.97,496,1,traffic_lights,0.799933910369873,1178.633544921875,619.3270874023438,1197.3868408203125,657.1370849609375,1188.0101928710938,638.2320861816406,18.7532958984375,37.80999755859375
IMG_0030.mp4,2264,75.54220887554222,29.97,514,0,auth_label,0.29970791935920715,584.4761352539062,556.1926879882812,828.1654052734375,819.5702514648438,706.3207702636719,687.8814697265625,243.68927001953125,263.3775634765625
IMG_0030.mp4,2264,75.54220887554222,29.97,596,2,traffic_signs,0.8618488311767578,187.53562927246094,615.7533569335938,221.2557830810547,658.931884765625,204.3957061767578,637.3426208496094,33.72015380859375,43.17852783203125
IMG_0030.mp4,2264,75.54220887554222,29.97,584,2,traffic_signs,0.908871054649353,127.12525177001953,543.6445922851562,195.75062561035156,635.6251220703125,161.43793869018555,589.6348571777344,68.62537384033203,91.98052978515625
IMG_0030.mp4,2265,75.57557557557558,29.97,531,2,traffic_signs,0.8683570027351379,985.7565307617188,681.5126342773438,1035.15625,739.3692626953125,1010.4563903808594,710.4409484863281,49.39971923828125,57.85662841796875
IMG_0030.mp4,2265,75.57557557557558,29.97,542,2,traffic_signs,0.8644374012947083,1372.574951171875,755.046875,1398.9698486328125,784.57958984375,1385.7723999023438,769.813232421875,26.3948974609375,29.53271484375
IMG_0030.mp4,2265,75.57557557557558,29.97,530,2,traffic_signs,0.8845688700675964,1417.7288818359375,775.9130249023438,1450.392333984375,809.3319702148438,1434.0606079101562,792.6224975585938,32.6634521484375,33.4189453125
IMG_0030.mp4,2265,75.57557557557558,29.97,496,1,traffic_lights,0.8394702672958374,1178.4879150390625,618.5763549804688,1197.5386962890625,656.305908203125,1188.0133056640625,637.4411315917969,19.05078125,37.72955322265625
IMG_0030.mp4,2265,75.57557557557558,29.97,514,0,auth_label,0.922002375125885,582.0411376953125,554.5847778320312,827.3814086914062,818.2318115234375,704.7112731933594,686.4082946777344,245.34027099609375,263.64703369140625
IMG_0030.mp4,2265,75.57557557557558,29.97,596,2,traffic_signs,0.7870370745658875,181.89312744140625,613.9636840820312,215.51614379882812,657.1484375,198.7046356201172,635.5560607910156,33.623016357421875,43.18475341796875
IMG_0030.mp4,2265,75.57557557557558,29.97,584,2,traffic_signs,0.9136600494384766,118.76283264160156,541.0430908203125,187.90684509277344,633.5415649414062,153.3348388671875,587.2923278808594,69.14401245117188,92.49847412109375
IMG_0030.mp4,2265,75.57557557557558,29.97,601,1,traffic_lights,0.42673030495643616,1374.221923828125,780.6339721679688,1402.4130859375,818.0255737304688,1388.3175048828125,799.3297729492188,28.191162109375,37.3916015625
IMG_0030.mp4,2266,75.60894227560894,29.97,531,2,traffic_signs,0.8457874655723572,984.5056762695312,679.6390991210938,1034.3291015625,738.3861694335938,1009.4173889160156,709.0126342773438,49.82342529296875,58.7470703125
IMG_0030.mp4,2266,75.60894227560894,29.97,542,2,traffic_signs,0.8539758920669556,1373.4453125,754.5887451171875,1400.3623046875,784.2408447265625,1386.90380859375,769.414794921875,26.9169921875,29.652099609375
IMG_0030.mp4,2266,75.60894227560894,29.97,530,2,traffic_signs,0.8884975910186768,1418.5672607421875,775.9854736328125,1451.916015625,809.3040771484375,1435.2416381835938,792.644775390625,33.3487548828125,33.318603515625
IMG_0030.mp4,2266,75.60894227560894,29.97,496,1,traffic_lights,0.8613824844360352,1178.480712890625,617.5164184570312,1197.912109375,655.5977172851562,1188.1964111328125,636.5570678710938,19.431396484375,38.081298828125
IMG_0030.mp4,2266,75.60894227560894,29.97,514,0,auth_label,0.9292810559272766,579.6500854492188,553.2723999023438,825.667236328125,815.631103515625,702.6586608886719,684.4517517089844,246.01715087890625,262.35870361328125
IMG_0030.mp4,2266,75.60894227560894,29.97,596,2,traffic_signs,0.8461358547210693,175.77841186523438,612.5481567382812,210.03343200683594,656.0048217773438,192.90592193603516,634.2764892578125,34.25502014160156,43.4566650390625
IMG_0030.mp4,2266,75.60894227560894,29.97,584,2,traffic_signs,0.9290733337402344,110.82855224609375,537.2774047851562,181.45399475097656,631.4077758789062,146.14127349853516,584.3425903320312,70.62544250488281,94.13037109375
IMG_0030.mp4,2266,75.60894227560894,29.97,601,1,traffic_lights,0.5926604270935059,1375.0555419921875,780.5736083984375,1404.0145263671875,818.2249755859375,1389.5350341796875,799.3992919921875,28.958984375,37.6513671875
IMG_0030.mp4,2267,75.64230897564231,29.97,531,2,traffic_signs,0.8319924473762512,983.08984375,678.0108032226562,1033.4652099609375,737.5634155273438,1008.2775268554688,707.787109375,50.3753662109375,59.5526123046875
IMG_0030.mp4,2267,75.64230897564231,29.97,542,2,traffic_signs,0.8414309620857239,1374.301513671875,754.119384765625,1400.9444580078125,783.877685546875,1387.6229858398438,768.99853515625,26.6429443359375,29.75830078125
IMG_0030.mp4,2267,75.64230897564231,29.97,530,2,traffic_signs,0.886974573135376,1419.52001953125,775.9777221679688,1452.9774169921875,809.3255004882812,1436.2487182617188,792.651611328125,33.4573974609375,33.3477783203125
IMG_0030.mp4,2267,75.64230897564231,29.97,496,1,traffic_lights,0.8796454071998596,1178.3970947265625,616.8178100585938,1198.0421142578125,654.8414916992188,1188.2196044921875,635.8296508789062,19.64501953125,38.023681640625
IMG_0030.mp4,2267,75.64230897564231,29.97,514,0,auth_label,0.9390498995780945,575.5035400390625,551.2113037109375,822.8156127929688,815.47802734375,699.1595764160156,683.3446655273438,247.31207275390625,264.2667236328125
IMG_0030.mp4,2267,75.64230897564231,29.97,596,2,traffic_signs,0.8668030500411987,170.23733520507812,610.5494384765625,203.8504180908203,655.0662231445312,187.04387664794922,632.8078308105469,33.61308288574219,44.51678466796875
IMG_0030.mp4,2267,75.64230897564231,29.97,584,2,traffic_signs,0.9216796159744263,102.33329010009766,534.7006225585938,174.51670837402344,628.397705078125,138.42499923706055,581.5491638183594,72.18341827392578,93.69708251953125
IMG_0030.mp4,2268,75.67567567567568,29.97,531,2,traffic_signs,0.8889338970184326,982.0776977539062,676.119873046875,1032.72509765625,736.7770385742188,1007.4013977050781,706.4484558105469,50.64739990234375,60.65716552734375
IMG_0030.mp4,2268,75.67567567567568,29.97,542,2,traffic_signs,0.8396244645118713,1375.31396484375,753.7532348632812,1401.5362548828125,783.376708984375,1388.4251098632812,768.5649719238281,26.2222900390625,29.62347412109375
IMG_0030.mp4,2268,75.67567567567568,29.97,530,2,traffic_signs,0.8896165490150452,1420.86767578125,775.859375,1453.77392578125,808.9262084960938,1437.32080078125,792.3927917480469,32.90625,33.06683349609375
IMG_0030.mp4,2268,75.67567567567568,29.97,496,1,traffic_lights,0.8885313272476196,1178.4053955078125,616.052001953125,1198.06640625,654.2027587890625,1188.2359008789062,635.1273803710938,19.6610107421875,38.1507568359375
IMG_0030.mp4,2268,75.67567567567568,29.97,514,0,auth_label,0.9328846335411072,572.1510009765625,550.001220703125,820.8232421875,814.4147338867188,696.4871215820312,682.2079772949219,248.6722412109375,264.41351318359375
IMG_0030.mp4,2268,75.67567567567568,29.97,596,2,traffic_signs,0.7713991403579712,164.35113525390625,609.065185546875,197.86277770996094,654.4163818359375,181.1069564819336,631.7407836914062,33.51164245605469,45.3511962890625
IMG_0030.mp4,2268,75.67567567567568,29.97,584,2,traffic_signs,0.9359798431396484,94.8323974609375,532.560791015625,167.38436889648438,626.4180908203125,131.10838317871094,579.4894409179688,72.55197143554688,93.8572998046875
IMG_0030.mp4,2268,75.67567567567568,29.97,601,1,traffic_lights,0.2865559160709381,1377.8466796875,777.056640625,1407.57861328125,817.466552734375,1392.712646484375,797.2615966796875,29.73193359375,40.409912109375
IMG_0030.mp4,2269,75.70904237570905,29.97,531,2,traffic_signs,0.8953896164894104,980.240234375,674.2022705078125,1031.93701171875,735.114501953125,1006.088623046875,704.6583862304688,51.69677734375,60.9122314453125
IMG_0030.mp4,2269,75.70904237570905,29.97,542,2,traffic_signs,0.8409510850906372,1376.2847900390625,753.3687744140625,1402.2520751953125,782.5759887695312,1389.2684326171875,767.9723815917969,25.96728515625,29.20721435546875
IMG_0030.mp4,2269,75.70904237570905,29.97,530,2,traffic_signs,0.8951898217201233,1422.0216064453125,775.5560302734375,1454.5411376953125,808.6166381835938,1438.2813720703125,792.0863342285156,32.51953125,33.06060791015625
IMG_0030.mp4,2269,75.70904237570905,29.97,496,1,traffic_lights,0.7594359517097473,1178.556396484375,615.0794067382812,1198.42041015625,653.5447998046875,1188.4884033203125,634.3121032714844,19.864013671875,38.46539306640625
IMG_0030.mp4,2269,75.70904237570905,29.97,514,0,auth_label,0.944144606590271,570.6813354492188,549.10009765625,818.4122924804688,814.6964111328125,694.5468139648438,681.8982543945312,247.73095703125,265.5963134765625
IMG_0030.mp4,2269,75.70904237570905,29.97,596,2,traffic_signs,0.8809847235679626,158.30007934570312,609.9854125976562,190.24386596679688,653.0647583007812,174.27197265625,631.5250854492188,31.94378662109375,43.079345703125
IMG_0030.mp4,2269,75.70904237570905,29.97,584,2,traffic_signs,0.9039665460586548,85.69591522216797,529.7820434570312,160.46592712402344,624.7080078125,123.0809211730957,577.2450256347656,74.77001190185547,94.92596435546875
IMG_0030.mp4,2269,75.70904237570905,29.97,601,1,traffic_lights,0.3925744593143463,1378.56201171875,776.0882568359375,1408.946533203125,817.3036499023438,1393.7542724609375,796.6959533691406,30.384521484375,41.21539306640625
IMG_0030.mp4,2270,75.74240907574242,29.97,531,2,traffic_signs,0.888473629951477,978.6983642578125,672.6047973632812,1031.1690673828125,734.466552734375,1004.9337158203125,703.5356750488281,52.470703125,61.86175537109375
IMG_0030.mp4,2270,75.74240907574242,29.97,542,2,traffic_signs,0.8322765231132507,1376.995361328125,753.0904541015625,1402.8897705078125,782.5608520507812,1389.9425659179688,767.8256530761719,25.8944091796875,29.47039794921875
IMG_0030.mp4,2270,75.74240907574242,29.97,530,2,traffic_signs,0.9012490510940552,1423.0548095703125,775.4824829101562,1455.2193603515625,808.3815307617188,1439.1370849609375,791.9320068359375,32.16455078125,32.8990478515625
IMG_0030.mp4,2270,75.74240907574242,29.97,496,1,traffic_lights,0.8679739236831665,1179.0462646484375,614.5032348632812,1198.7626953125,653.2396240234375,1188.9044799804688,633.8714294433594,19.7164306640625,38.73638916015625
IMG_0030.mp4,2270,75.74240907574242,29.97,514,0,auth_label,0.9230356812477112,567.3161010742188,548.0517578125,816.1721801757812,813.045166015625,691.744140625,680.5484619140625,248.8560791015625,264.993408203125
IMG_0030.mp4,2270,75.74240907574242,29.97,596,2,traffic_signs,0.840852677822113,151.89956665039062,613.6376953125,182.35531616210938,651.60546875,167.12744140625,632.62158203125,30.45574951171875,37.9677734375
IMG_0030.mp4,2270,75.74240907574242,29.97,584,2,traffic_signs,0.908430278301239,77.79095458984375,527.1238403320312,150.05921936035156,623.2369995117188,113.92508697509766,575.180419921875,72.26826477050781,96.1131591796875
IMG_0030.mp4,2270,75.74240907574242,29.97,612,2,traffic_signs,0.37219852209091187,1243.522705078125,792.459228515625,1249.461181640625,808.0216674804688,1246.491943359375,800.2404479980469,5.9384765625,15.56243896484375
IMG_0030.mp4,2270,75.74240907574242,29.97,589,2,traffic_signs,0.4110637605190277,1047.42626953125,758.2657470703125,1078.4744873046875,789.9198608398438,1062.9503784179688,774.0928039550781,31.0482177734375,31.65411376953125
IMG_0030.mp4,2271,75.77577577577578,29.97,531,2,traffic_signs,0.8859072327613831,977.8388061523438,671.3369140625,1030.42041015625,733.4734497070312,1004.1296081542969,702.4051818847656,52.58160400390625,62.13653564453125
IMG_0030.mp4,2271,75.77577577577578,29.97,542,2,traffic_signs,0.8328858613967896,1377.8558349609375,752.688720703125,1404.3626708984375,782.3352661132812,1391.1092529296875,767.5119934082031,26.5068359375,29.64654541015625
IMG_0030.mp4,2271,75.77577577577578,29.97,530,2,traffic_signs,0.5642973184585571,1423.2935791015625,775.0203247070312,1456.64013671875,808.4690551757812,1439.9668579101562,791.7446899414062,33.3465576171875,33.44873046875
IMG_0030.mp4,2271,75.77577577577578,29.97,496,1,traffic_lights,0.8832839727401733,1179.482421875,613.9425048828125,1199.0863037109375,652.4764404296875,1189.2843627929688,633.20947265625,19.6038818359375,38.533935546875
IMG_0030.mp4,2271,75.77577577577578,29.97,514,0,auth_label,0.861463725566864,563.0120849609375,546.009765625,813.623779296875,813.9793090820312,688.3179321289062,679.9945373535156,250.6116943359375,267.96954345703125
IMG_0030.mp4,2271,75.77577577577578,29.97,596,2,traffic_signs,0.3989065885543823,145.04347229003906,617.9725341796875,168.56141662597656,651.3402709960938,156.8024444580078,634.6564025878906,23.5179443359375,33.36773681640625
IMG_0030.mp4,2271,75.77577577577578,29.97,584,2,traffic_signs,0.6931703686714172,69.29728698730469,548.7662353515625,131.70413208007812,619.7357788085938,100.5007095336914,584.2510070800781,62.40684509277344,70.96954345703125
IMG_0030.mp4,2271,75.77577577577578,29.97,612,2,traffic_signs,0.3552490472793579,1243.7841796875,792.76708984375,1249.60693359375,808.260498046875,1246.695556640625,800.5137939453125,5.82275390625,15.493408203125
IMG_0030.mp4,2271,75.77577577577578,29.97,589,2,traffic_signs,0.2981398105621338,1048.17626953125,758.3592529296875,1077.787841796875,788.9459838867188,1062.9820556640625,773.6526184082031,29.611572265625,30.58673095703125
IMG_0030.mp4,2272,75.80914247580914,29.97,531,2,traffic_signs,0.8816088438034058,976.8024291992188,669.9785766601562,1029.4034423828125,732.7279052734375,1003.1029357910156,701.3532409667969,52.60101318359375,62.74932861328125
IMG_0030.mp4,2272,75.80914247580914,29.97,542,2,traffic_signs,0.8564732074737549,1378.221923828125,752.27734375,1405.465576171875,781.966064453125,1391.84375,767.1217041015625,27.24365234375,29.688720703125
IMG_0030.mp4,2272,75.80914247580914,29.97,530,2,traffic_signs,0.8840665817260742,1423.5126953125,774.5169677734375,1457.5572509765625,808.1852416992188,1440.5349731445312,791.3511047363281,34.0445556640625,33.66827392578125
IMG_0030.mp4,2272,75.80914247580914,29.97,496,1,traffic_lights,0.8768844604492188,1179.619384765625,613.2452392578125,1199.2015380859375,651.8145751953125,1189.4104614257812,632.5299072265625,19.5821533203125,38.5693359375
IMG_0030.mp4,2272,75.80914247580914,29.97,514,0,auth_label,0.8021976351737976,557.9776611328125,544.3377075195312,811.200927734375,814.4944458007812,684.5892944335938,679.4160766601562,253.2232666015625,270.15673828125
IMG_0030.mp4,2272,75.80914247580914,29.97,584,2,traffic_signs,0.8665773272514343,59.74609375,560.4317626953125,113.37773132324219,616.7841186523438,86.5619125366211,588.6079406738281,53.63163757324219,56.35235595703125
IMG_0030.mp4,2272,75.80914247580914,29.97,612,2,traffic_signs,0.27409884333610535,1243.7403564453125,792.8636474609375,1249.4447021484375,808.0596313476562,1246.592529296875,800.4616394042969,5.704345703125,15.19598388671875
IMG_0030.mp4,2272,75.80914247580914,29.97,589,2,traffic_signs,0.2730152904987335,1047.890380859375,757.881103515625,1077.1373291015625,787.9232177734375,1062.5138549804688,772.9021606445312,29.2469482421875,30.0421142578125
IMG_0030.mp4,2272,75.80914247580914,29.97,615,1,traffic_lights,0.40300023555755615,1082.943603515625,745.2318115234375,1094.283935546875,777.7427368164062,1088.61376953125,761.4872741699219,11.34033203125,32.51092529296875
IMG_0030.mp4,2272,75.80914247580914,29.97,598,2,traffic_signs,0.38690778613090515,1037.0621337890625,730.297119140625,1063.6063232421875,764.7114868164062,1050.334228515625,747.5043029785156,26.544189453125,34.41436767578125
IMG_0030.mp4,2272,75.80914247580914,29.97,601,1,traffic_lights,0.5127605199813843,1381.319091796875,778.1217651367188,1410.1632080078125,818.3706665039062,1395.7411499023438,798.2462158203125,28.8441162109375,40.2489013671875
IMG_0030.mp4,2273,75.84250917584251,29.97,531,2,traffic_signs,0.894888699054718,975.250244140625,668.9946899414062,1028.689208984375,731.6396484375,1001.9697265625,700.3171691894531,53.43896484375,62.64495849609375
IMG_0030.mp4,2273,75.84250917584251,29.97,542,2,traffic_signs,0.3615773916244507,1379.3909912109375,751.9760131835938,1406.4986572265625,781.4425048828125,1392.94482421875,766.7092590332031,27.107666015625,29.46649169921875
IMG_0030.mp4,2273,75.84250917584251,29.97,530,2,traffic_signs,0.7997264266014099,1424.8623046875,773.2237548828125,1459.3795166015625,808.4407958984375,1442.1209106445312,790.832275390625,34.5172119140625,35.217041015625
IMG_0030.mp4,2273,75.84250917584251,29.97,496,1,traffic_lights,0.8779329657554626,1179.7830810546875,612.3355712890625,1199.3955078125,651.0410766601562,1189.5892944335938,631.6883239746094,19.6124267578125,38.70550537109375
IMG_0030.mp4,2273,75.84250917584251,29.97,514,0,auth_label,0.666899561882019,553.2576293945312,543.1741333007812,806.6946411132812,815.3148803710938,679.9761352539062,679.2445068359375,253.43701171875,272.1407470703125
IMG_0030.mp4,2273,75.84250917584251,29.97,584,2,traffic_signs,0.8148999810218811,50.596519470214844,566.7186279296875,93.27216339111328,613.10205078125,71.93434143066406,589.9103393554688,42.67564392089844,46.3834228515625
IMG_0030.mp4,2273,75.84250917584251,29.97,589,2,traffic_signs,0.4778301417827606,1047.11865234375,757.4723510742188,1076.631103515625,787.5226440429688,1061.8748779296875,772.4974975585938,29.512451171875,30.05029296875
IMG_0030.mp4,2273,75.84250917584251,29.97,615,1,traffic_lights,0.413257896900177,1082.7059326171875,744.9664916992188,1094.007568359375,777.2896118164062,1088.3567504882812,761.1280517578125,11.3016357421875,32.3231201171875
IMG_0030.mp4,2273,75.84250917584251,29.97,598,2,traffic_signs,0.298643559217453,1036.419189453125,729.2669677734375,1063.862060546875,765.0161743164062,1050.140625,747.1415710449219,27.44287109375,35.74920654296875
IMG_0030.mp4,2274,75.87587587587588,29.97,531,2,traffic_signs,0.8915808796882629,974.1254272460938,667.176025390625,1028.05224609375,731.1361694335938,1001.0888366699219,699.1560974121094,53.92681884765625,63.96014404296875
IMG_0030.mp4,2274,75.87587587587588,29.97,542,2,traffic_signs,0.8592070937156677,1380.2943115234375,751.5215454101562,1407.392333984375,781.0962524414062,1393.8433227539062,766.3088989257812,27.0980224609375,29.57470703125
IMG_0030.mp4,2274,75.87587587587588,29.97,530,2,traffic_signs,0.8251920938491821,1426.7630615234375,772.7263793945312,1461.6981201171875,807.9119873046875,1444.2305908203125,790.3191833496094,34.93505859375,35.18560791015625
IMG_0030.mp4,2274,75.87587587587588,29.97,496,1,traffic_lights,0.8790505528450012,1180.074951171875,611.31787109375,1199.7254638671875,650.2914428710938,1189.9002075195312,630.8046569824219,19.6505126953125,38.97357177734375
IMG_0030.mp4,2274,75.87587587587588,29.97,514,0,auth_label,0.36277979612350464,552.5435180664062,541.7492065429688,802.74169921875,813.5401000976562,677.6426086425781,677.6446533203125,250.19818115234375,271.7908935546875
IMG_0030.mp4,2274,75.87587587587588,29.97,589,2,traffic_signs,0.5837468504905701,1046.21826171875,756.759521484375,1076.16259765625,787.2510986328125,1061.1904296875,772.0053100585938,29.9443359375,30.4915771484375
IMG_0030.mp4,2274,75.87587587587588,29.97,615,1,traffic_lights,0.4884580671787262,1082.1243896484375,744.2261962890625,1093.839111328125,777.6141357421875,1087.9817504882812,760.920166015625,11.7147216796875,33.387939453125
IMG_0030.mp4,2274,75.87587587587588,29.97,598,2,traffic_signs,0.45633643865585327,1036.4093017578125,729.1199340820312,1064.2315673828125,765.5023193359375,1050.3204345703125,747.3111267089844,27.822265625,36.38238525390625
IMG_0030.mp4,2274,75.87587587587588,29.97,601,1,traffic_lights,0.3254048824310303,1383.0433349609375,776.8856811523438,1411.669921875,818.7181396484375,1397.3566284179688,797.8019104003906,28.6265869140625,41.83245849609375
IMG_0030.mp4,2275,75.90924257590925,29.97,531,2,traffic_signs,0.8974279165267944,972.323486328125,665.187744140625,1026.8076171875,730.4835815429688,999.5655517578125,697.8356628417969,54.484130859375,65.29583740234375
IMG_0030.mp4,2275,75.90924257590925,29.97,542,2,traffic_signs,0.8757466077804565,1381.004150390625,751.1926879882812,1408.0079345703125,780.730224609375,1394.5060424804688,765.9614562988281,27.0037841796875,29.53753662109375
IMG_0030.mp4,2275,75.90924257590925,29.97,530,2,traffic_signs,0.8878337740898132,1428.3536376953125,772.4782104492188,1463.5458984375,808.0664672851562,1445.9497680664062,790.2723388671875,35.1922607421875,35.5882568359375
IMG_0030.mp4,2275,75.90924257590925,29.97,496,1,traffic_lights,0.8814172744750977,1179.7686767578125,610.135986328125,1199.4527587890625,649.7471313476562,1189.6107177734375,629.9415588378906,19.68408203125,39.61114501953125
IMG_0030.mp4,2275,75.90924257590925,29.97,514,0,auth_label,0.26910045742988586,551.0663452148438,539.7821655273438,799.6033325195312,815.1671142578125,675.3348388671875,677.4746398925781,248.5369873046875,275.38494873046875
IMG_0030.mp4,2275,75.90924257590925,29.97,589,2,traffic_signs,0.5909124612808228,1044.8116455078125,755.7813720703125,1075.125,786.9344482421875,1059.9683227539062,771.35791015625,30.3133544921875,31.153076171875
IMG_0030.mp4,2275,75.90924257590925,29.97,615,1,traffic_lights,0.48622265458106995,1081.2957763671875,743.8582153320312,1093.2275390625,777.6304931640625,1087.2616577148438,760.7443542480469,11.9317626953125,33.77227783203125
IMG_0030.mp4,2275,75.90924257590925,29.97,598,2,traffic_signs,0.35883286595344543,1035.951904296875,729.5550537109375,1064.252197265625,766.2374267578125,1050.10205078125,747.896240234375,28.30029296875,36.682373046875
IMG_0030.mp4,2276,75.94260927594262,29.97,531,2,traffic_signs,0.8757564425468445,970.99560546875,663.4268798828125,1025.665283203125,731.0363159179688,998.3304443359375,697.2315979003906,54.669677734375,67.60943603515625
IMG_0030.mp4,2276,75.94260927594262,29.97,542,2,traffic_signs,0.8838857412338257,1381.548095703125,750.7011108398438,1408.8966064453125,780.418701171875,1395.2223510742188,765.5599060058594,27.3485107421875,29.71759033203125
IMG_0030.mp4,2276,75.94260927594262,29.97,530,2,traffic_signs,0.8861953020095825,1429.740966796875,772.20166015625,1465.2999267578125,808.025390625,1447.5204467773438,790.113525390625,35.5589599609375,35.82373046875
IMG_0030.mp4,2276,75.94260927594262,29.97,496,1,traffic_lights,0.8793462514877319,1179.7510986328125,609.1426391601562,1199.20947265625,649.0381469726562,1189.4802856445312,629.0903930664062,19.4583740234375,39.8955078125
IMG_0030.mp4,2276,75.94260927594262,29.97,514,0,auth_label,0.7956045269966125,547.4985961914062,538.4138793945312,794.5980224609375,818.2534790039062,671.0483093261719,678.3336791992188,247.09942626953125,279.839599609375
IMG_0030.mp4,2276,75.94260927594262,29.97,589,2,traffic_signs,0.5928130149841309,1044.2935791015625,755.7053833007812,1074.41943359375,786.8414916992188,1059.3565063476562,771.2734375,30.1258544921875,31.1361083984375
IMG_0030.mp4,2276,75.94260927594262,29.97,615,1,traffic_lights,0.4730479121208191,1080.6273193359375,743.6477661132812,1092.608642578125,777.766357421875,1086.6179809570312,760.7070617675781,11.9813232421875,34.11859130859375
IMG_0030.mp4,2276,75.94260927594262,29.97,598,2,traffic_signs,0.31308698654174805,1034.46728515625,725.43896484375,1063.499267578125,766.4302368164062,1048.9832763671875,745.9346008300781,29.031982421875,40.99127197265625
IMG_0030.mp4,2276,75.94260927594262,29.97,601,1,traffic_lights,0.4251553416252136,1383.9049072265625,775.3627319335938,1414.3203125,818.18994140625,1399.1126098632812,796.7763366699219,30.4154052734375,42.82720947265625
IMG_0030.mp4,2277,75.97597597597598,29.97,531,2,traffic_signs,0.39469262957572937,969.4749145507812,661.9141235351562,1025.212646484375,730.8961791992188,997.3437805175781,696.4051513671875,55.73773193359375,68.9820556640625
IMG_0030.mp4,2277,75.97597597597598,29.97,542,2,traffic_signs,0.8970871567726135,1382.8629150390625,750.0787353515625,1409.7230224609375,779.9976196289062,1396.29296875,765.0381774902344,26.860107421875,29.91888427734375
IMG_0030.mp4,2277,75.97597597597598,29.97,530,2,traffic_signs,0.8817716240882874,1431.265869140625,771.95654296875,1466.808349609375,808.1519165039062,1449.037109375,790.0542297363281,35.54248046875,36.19537353515625
IMG_0030.mp4,2277,75.97597597597598,29.97,496,1,traffic_lights,0.8796100616455078,1179.714599609375,608.1610717773438,1199.2994384765625,648.1971435546875,1189.5070190429688,628.1791076660156,19.5848388671875,40.03607177734375
IMG_0030.mp4,2277,75.97597597597598,29.97,514,0,auth_label,0.7545641660690308,546.000732421875,537.0458984375,791.4782104492188,817.1116333007812,668.7394714355469,677.0787658691406,245.47747802734375,280.06573486328125
IMG_0030.mp4,2277,75.97597597597598,29.97,589,2,traffic_signs,0.6035727262496948,1044.453369140625,755.7360229492188,1074.326904296875,786.6793212890625,1059.39013671875,771.2076721191406,29.87353515625,30.94329833984375
IMG_0030.mp4,2277,75.97597597597598,29.97,615,1,traffic_lights,0.5077096223831177,1080.39697265625,743.3422241210938,1092.1805419921875,777.7664184570312,1086.2887573242188,760.5543212890625,11.7835693359375,34.4241943359375
IMG_0030.mp4,2277,75.97597597597598,29.97,601,1,traffic_lights,0.4048157334327698,1384.855712890625,775.5296630859375,1414.745361328125,817.3922119140625,1399.800537109375,796.4609375,29.8896484375,41.862548828125
IMG_0030.mp4,2277,75.97597597597598,29.97,596,2,traffic_signs,0.8823092579841614,105.67628479003906,595.9432373046875,139.856689453125,640.9853515625,122.76648712158203,618.4642944335938,34.18040466308594,45.0421142578125
IMG_0030.mp4,2278,76.00934267600934,29.97,531,2,traffic_signs,0.5871508717536926,968.107177734375,660.0435180664062,1023.9197387695312,730.5722045898438,996.0134582519531,695.307861328125,55.81256103515625,70.5286865234375
IMG_0030.mp4,2278,76.00934267600934,29.97,542,2,traffic_signs,0.9023247957229614,1384.0380859375,749.5426025390625,1410.660888671875,779.8040161132812,1397.3494873046875,764.6733093261719,26.622802734375,30.26141357421875
IMG_0030.mp4,2278,76.00934267600934,29.97,530,2,traffic_signs,0.8720102906227112,1432.5455322265625,771.865478515625,1468.27783203125,808.2901611328125,1450.4116821289062,790.0778198242188,35.7322998046875,36.4246826171875
IMG_0030.mp4,2278,76.00934267600934,29.97,496,1,traffic_lights,0.8793984055519104,1179.904296875,607.2177734375,1199.453857421875,647.281005859375,1189.6790771484375,627.2493896484375,19.549560546875,40.063232421875
IMG_0030.mp4,2278,76.00934267600934,29.97,514,0,auth_label,0.6298221945762634,537.4939575195312,534.5550537109375,788.877685546875,808.39453125,663.1858215332031,671.4747924804688,251.38372802734375,273.8394775390625
IMG_0030.mp4,2278,76.00934267600934,29.97,615,1,traffic_lights,0.48727574944496155,1079.9603271484375,742.6227416992188,1091.966796875,777.3526611328125,1085.9635620117188,759.9877014160156,12.0064697265625,34.72991943359375
IMG_0030.mp4,2278,76.00934267600934,29.97,601,1,traffic_lights,0.4721928536891937,1385.407470703125,775.7474975585938,1415.2679443359375,816.62890625,1400.3377075195312,796.1882019042969,29.8604736328125,40.88140869140625
IMG_0030.mp4,2278,76.00934267600934,29.97,596,2,traffic_signs,0.9206411838531494,98.9853744506836,593.1556396484375,133.9897918701172,639.2988891601562,116.48758316040039,616.2272644042969,35.004417419433594,46.14324951171875
IMG_0030.mp4,2279,76.04270937604271,29.97,531,2,traffic_signs,0.7438523769378662,966.0650024414062,657.8384399414062,1022.7567749023438,728.2376708984375,994.410888671875,693.0380554199219,56.6917724609375,70.39923095703125
IMG_0030.mp4,2279,76.04270937604271,29.97,542,2,traffic_signs,0.9099134802818298,1384.585205078125,749.2913818359375,1411.1708984375,779.4205932617188,1397.8780517578125,764.3559875488281,26.585693359375,30.12921142578125
IMG_0030.mp4,2279,76.04270937604271,29.97,530,2,traffic_signs,0.8616946935653687,1433.432861328125,772.083984375,1468.6263427734375,807.9979248046875,1451.0296020507812,790.0409545898438,35.1934814453125,35.9139404296875
IMG_0030.mp4,2279,76.04270937604271,29.97,496,1,traffic_lights,0.8749520182609558,1179.663818359375,606.5875854492188,1199.3426513671875,646.3718872070312,1189.5032348632812,626.479736328125,19.6788330078125,39.7843017578125
IMG_0030.mp4,2279,76.04270937604271,29.97,514,0,auth_label,0.3447292447090149,534.7059936523438,532.7982788085938,786.1900024414062,809.27734375,660.447998046875,671.0378112792969,251.4840087890625,276.47906494140625
IMG_0030.mp4,2279,76.04270937604271,29.97,615,1,traffic_lights,0.49688225984573364,1079.3768310546875,741.9734497070312,1091.552490234375,776.8947143554688,1085.4646606445312,759.43408203125,12.1756591796875,34.9212646484375
IMG_0030.mp4,2279,76.04270937604271,29.97,601,1,traffic_lights,0.39394411444664,1386.321044921875,776.1632080078125,1415.1414794921875,815.6266479492188,1400.7312622070312,795.8949279785156,28.8204345703125,39.46343994140625
IMG_0030.mp4,2279,76.04270937604271,29.97,596,2,traffic_signs,0.9044192433357239,92.14234161376953,591.6433715820312,127.32128143310547,638.4819946289062,109.7318115234375,615.0626831054688,35.17893981933594,46.838623046875
IMG_0030.mp4,2279,76.04270937604271,29.97,616,2,traffic_signs,0.5234442949295044,965.699462890625,657.8543701171875,1023.148193359375,733.4515380859375,994.423828125,695.6529541015625,57.44873046875,75.59716796875
IMG_0030.mp4,2279,76.04270937604271,29.97,598,2,traffic_signs,0.3666260540485382,1034.049072265625,729.4884033203125,1063.0701904296875,765.6087036132812,1048.5596313476562,747.5485534667969,29.0211181640625,36.12030029296875
IMG_0030.mp4,2280,76.07607607607608,29.97,531,2,traffic_signs,0.8129125237464905,963.4769287109375,656.2190551757812,1021.5306396484375,725.5469970703125,992.5037841796875,690.8830261230469,58.0537109375,69.32794189453125
IMG_0030.mp4,2280,76.07607607607608,29.97,542,2,traffic_signs,0.910112202167511,1385.56689453125,748.7485961914062,1411.8658447265625,779.0648193359375,1398.7163696289062,763.9067077636719,26.2989501953125,30.31622314453125
IMG_0030.mp4,2280,76.07607607607608,29.97,530,2,traffic_signs,0.8200579285621643,1434.6810302734375,771.9171752929688,1468.9661865234375,807.896484375,1451.8236083984375,789.9068298339844,34.28515625,35.97930908203125
IMG_0030.mp4,2280,76.07607607607608,29.97,496,1,traffic_lights,0.8790684342384338,1179.328125,605.4920043945312,1199.251708984375,645.422607421875,1189.2899169921875,625.4573059082031,19.923583984375,39.93060302734375
IMG_0030.mp4,2280,76.07607607607608,29.97,514,0,auth_label,0.3351944386959076,530.3493041992188,531.7276000976562,784.3340454101562,801.0919799804688,657.3416748046875,666.4097900390625,253.9847412109375,269.3643798828125
IMG_0030.mp4,2280,76.07607607607608,29.97,615,1,traffic_lights,0.45372650027275085,1078.6817626953125,741.6322631835938,1091.18017578125,776.6455688476562,1084.9309692382812,759.138916015625,12.4984130859375,35.0133056640625
IMG_0030.mp4,2280,76.07607607607608,29.97,601,1,traffic_lights,0.41288429498672485,1387.1539306640625,776.3494873046875,1415.0830078125,814.651123046875,1401.1184692382812,795.5003051757812,27.9290771484375,38.3016357421875
IMG_0030.mp4,2280,76.07607607607608,29.97,596,2,traffic_signs,0.9152423739433289,84.65360260009766,589.9945068359375,120.1991958618164,636.5621337890625,102.42639923095703,613.2783203125,35.54559326171875,46.567626953125
IMG_0030.mp4,2280,76.07607607607608,29.97,616,2,traffic_signs,0.5534986853599548,963.2827758789062,656.2107543945312,1022.2249755859375,729.066650390625,992.7538757324219,692.6387023925781,58.94219970703125,72.85589599609375
IMG_0030.mp4,2280,76.07607607607608,29.97,589,2,traffic_signs,0.350483775138855,1039.62841796875,751.6551513671875,1072.781005859375,786.621337890625,1056.2047119140625,769.1382446289062,33.152587890625,34.9661865234375
IMG_0030.mp4,2281,76.10944277610945,29.97,531,2,traffic_signs,0.8537071347236633,961.4375610351562,654.8186645507812,1019.7153930664062,723.2330932617188,990.5764770507812,689.02587890625,58.27783203125,68.4144287109375
IMG_0030.mp4,2281,76.10944277610945,29.97,542,2,traffic_signs,0.911310613155365,1386.400146484375,748.4553833007812,1412.3536376953125,778.8639526367188,1399.3768920898438,763.65966796875,25.9534912109375,30.4085693359375
IMG_0030.mp4,2281,76.10944277610945,29.97,530,2,traffic_signs,0.830359160900116,1435.4320068359375,771.2925415039062,1469.6170654296875,807.4666137695312,1452.5245361328125,789.3795776367188,34.18505859375,36.174072265625
IMG_0030.mp4,2281,76.10944277610945,29.97,496,1,traffic_lights,0.8824110627174377,1178.970947265625,604.3967895507812,1199.111083984375,644.9031982421875,1189.041015625,624.6499938964844,20.14013671875,40.50640869140625
IMG_0030.mp4,2281,76.10944277610945,29.97,514,0,auth_label,0.39490172266960144,523.713134765625,530.5690307617188,780.0582885742188,796.6292114257812,651.8857116699219,663.59912109375,256.34515380859375,266.0601806640625
IMG_0030.mp4,2281,76.10944277610945,29.97,615,1,traffic_lights,0.5172198414802551,1078.1444091796875,741.304443359375,1090.7939453125,776.5777587890625,1084.4691772460938,758.9411010742188,12.6495361328125,35.2733154296875
IMG_0030.mp4,2281,76.10944277610945,29.97,601,1,traffic_lights,0.5248070955276489,1387.871337890625,776.2078857421875,1415.2108154296875,814.5328979492188,1401.5410766601562,795.3703918457031,27.3394775390625,38.32501220703125
IMG_0030.mp4,2281,76.10944277610945,29.97,596,2,traffic_signs,0.9224442839622498,77.40713500976562,588.1732788085938,112.7159652709961,634.5429077148438,95.06155014038086,611.3580932617188,35.30883026123047,46.36962890625
IMG_0030.mp4,2281,76.10944277610945,29.97,616,2,traffic_signs,0.37222668528556824,961.4972534179688,654.4347534179688,1020.5554809570312,726.1314086914062,991.0263671875,690.2830810546875,59.0582275390625,71.6966552734375
IMG_0030.mp4,2281,76.10944277610945,29.97,618,2,traffic_signs,0.7576581835746765,0.0,551.2303466796875,45.41559982299805,598.5498046875,22.707799911499023,574.8900756835938,45.41559982299805,47.3194580078125
IMG_0030.mp4,2281,76.10944277610945,29.97,589,2,traffic_signs,0.42200836539268494,1037.8101806640625,747.6424560546875,1072.045166015625,786.7123413085938,1054.9276733398438,767.1773986816406,34.2349853515625,39.06988525390625
IMG_0030.mp4,2282,76.14280947614282,29.97,531,2,traffic_signs,0.8129768967628479,959.0680541992188,653.0875244140625,1018.5643310546875,722.1797485351562,988.8161926269531,687.6336364746094,59.49627685546875,69.09222412109375
IMG_0030.mp4,2282,76.14280947614282,29.97,542,2,traffic_signs,0.9137641191482544,1387.25830078125,747.7918701171875,1413.5662841796875,778.3179931640625,1400.4122924804688,763.054931640625,26.3079833984375,30.526123046875
IMG_0030.mp4,2282,76.14280947614282,29.97,530,2,traffic_signs,0.8376844525337219,1436.319580078125,770.8023071289062,1471.068603515625,807.0402221679688,1453.694091796875,788.9212646484375,34.7490234375,36.2379150390625
IMG_0030.mp4,2282,76.14280947614282,29.97,496,1,traffic_lights,0.8808838129043579,1179.0286865234375,603.4708862304688,1199.12353515625,644.0747680664062,1189.0761108398438,623.7728271484375,20.0948486328125,40.6038818359375
IMG_0030.mp4,2282,76.14280947614282,29.97,615,1,traffic_lights,0.5978284478187561,1077.6717529296875,740.9217529296875,1090.3878173828125,776.535400390625,1084.02978515625,758.7285766601562,12.716064453125,35.6136474609375
IMG_0030.mp4,2282,76.14280947614282,29.97,601,1,traffic_lights,0.5952802896499634,1388.15478515625,775.638671875,1415.6387939453125,814.4848022460938,1401.8967895507812,795.0617370605469,27.4840087890625,38.84613037109375
IMG_0030.mp4,2282,76.14280947614282,29.97,596,2,traffic_signs,0.884092390537262,69.53753662109375,586.2288208007812,105.21353912353516,632.8546752929688,87.37553787231445,609.541748046875,35.676002502441406,46.6258544921875
IMG_0030.mp4,2282,76.14280947614282,29.97,616,2,traffic_signs,0.5837689638137817,959.5150756835938,652.7872314453125,1019.3223266601562,725.71435546875,989.418701171875,689.2507934570312,59.8072509765625,72.9271240234375
IMG_0030.mp4,2282,76.14280947614282,29.97,618,2,traffic_signs,0.5771700739860535,0.0,542.425537109375,37.91422653198242,596.6135864257812,18.95711326599121,569.5195617675781,37.91422653198242,54.18804931640625
IMG_0030.mp4,2282,76.14280947614282,29.97,589,2,traffic_signs,0.40915220975875854,1036.9443359375,746.4609985351562,1071.65673828125,786.5156860351562,1054.300537109375,766.4883422851562,34.71240234375,40.0546875
IMG_0030.mp4,2282,76.14280947614282,29.97,570,2,traffic_signs,0.779576301574707,1.939245343208313,500.226806640625,50.64269256591797,544.08251953125,26.29096895456314,522.1546630859375,48.703447222709656,43.855712890625
IMG_0030.mp4,2283,76.17617617617618,29.97,531,2,traffic_signs,0.6523724794387817,957.3344116210938,651.1223754882812,1016.9407958984375,722.6558227539062,987.1376037597656,686.8890991210938,59.60638427734375,71.533447265625
IMG_0030.mp4,2283,76.17617617617618,29.97,542,2,traffic_signs,0.9052430987358093,1388.002685546875,747.0709228515625,1414.202880859375,778.1204223632812,1401.102783203125,762.5956726074219,26.2001953125,31.04949951171875
IMG_0030.mp4,2283,76.17617617617618,29.97,530,2,traffic_signs,0.8411040306091309,1436.7723388671875,770.5160522460938,1472.3155517578125,806.6898803710938,1454.5439453125,788.6029663085938,35.543212890625,36.173828125
IMG_0030.mp4,2283,76.17617617617618,29.97,496,1,traffic_lights,0.8885338306427002,1178.7850341796875,602.7881469726562,1198.95751953125,643.3093872070312,1188.8712768554688,623.0487670898438,20.1724853515625,40.521240234375
IMG_0030.mp4,2283,76.17617617617618,29.97,615,1,traffic_lights,0.5937942266464233,1077.2022705078125,740.3287353515625,1089.86572265625,776.41845703125,1083.5339965820312,758.3735961914062,12.6634521484375,36.0897216796875
IMG_0030.mp4,2283,76.17617617617618,29.97,601,1,traffic_lights,0.5992449522018433,1388.6807861328125,775.8009033203125,1415.4810791015625,814.4232788085938,1402.0809326171875,795.1120910644531,26.80029296875,38.62237548828125
IMG_0030.mp4,2283,76.17617617617618,29.97,596,2,traffic_signs,0.8864015936851501,62.408451080322266,584.6490478515625,97.47266387939453,631.7528076171875,79.9405574798584,608.200927734375,35.064212799072266,47.103759765625
IMG_0030.mp4,2283,76.17617617617618,29.97,616,2,traffic_signs,0.6865631937980652,957.4081420898438,650.9212646484375,1017.794677734375,728.6114501953125,987.6014099121094,689.766357421875,60.38653564453125,77.690185546875
IMG_0030.mp4,2283,76.17617617617618,29.97,618,2,traffic_signs,0.6554659008979797,0.0,543.3685302734375,28.470184326171875,591.4358520507812,14.235092163085938,567.4021911621094,28.470184326171875,48.06732177734375
IMG_0030.mp4,2283,76.17617617617618,29.97,589,2,traffic_signs,0.5739400386810303,1035.3341064453125,737.6856689453125,1070.65966796875,786.1788330078125,1052.9968872070312,761.9322509765625,35.3255615234375,48.4931640625
IMG_0030.mp4,2283,76.17617617617618,29.97,570,2,traffic_signs,0.8468793034553528,0.0,492.8293762207031,41.5878791809082,543.5045776367188,20.7939395904541,518.1669769287109,41.5878791809082,50.675201416015625
IMG_0030.mp4,2284,76.20954287620954,29.97,542,2,traffic_signs,0.9057000875473022,1388.47265625,746.6471557617188,1415.092041015625,777.9284057617188,1401.7823486328125,762.2877807617188,26.619384765625,31.28125
IMG_0030.mp4,2284,76.20954287620954,29.97,530,2,traffic_signs,0.8478728532791138,1437.126220703125,769.8079833984375,1473.4600830078125,806.499755859375,1455.2931518554688,788.1538696289062,36.3338623046875,36.6917724609375
IMG_0030.mp4,2284,76.20954287620954,29.97,496,1,traffic_lights,0.7951792478561401,1178.65771484375,602.1296997070312,1199.082763671875,642.3564453125,1188.8702392578125,622.2430725097656,20.425048828125,40.22674560546875
IMG_0030.mp4,2284,76.20954287620954,29.97,615,1,traffic_lights,0.5630133748054504,1076.725341796875,739.6853637695312,1089.4346923828125,776.201904296875,1083.0800170898438,757.9436340332031,12.7093505859375,36.51654052734375
IMG_0030.mp4,2284,76.20954287620954,29.97,601,1,traffic_lights,0.5691848993301392,1389.39306640625,775.884033203125,1415.0526123046875,814.1038208007812,1402.2228393554688,794.9939270019531,25.6595458984375,38.21978759765625
IMG_0030.mp4,2284,76.20954287620954,29.97,596,2,traffic_signs,0.85249924659729,54.66592025756836,582.5504760742188,90.25775146484375,630.0534057617188,72.46183586120605,606.3019409179688,35.59183120727539,47.5029296875
IMG_0030.mp4,2284,76.20954287620954,29.97,616,2,traffic_signs,0.7781661748886108,955.1305541992188,649.3092651367188,1016.4962158203125,735.5725708007812,985.8133850097656,692.44091796875,61.36566162109375,86.2633056640625
IMG_0030.mp4,2284,76.20954287620954,29.97,618,2,traffic_signs,0.6406817436218262,0.0,536.7662353515625,19.25043487548828,583.067626953125,9.62521743774414,559.9169311523438,19.25043487548828,46.3013916015625
IMG_0030.mp4,2284,76.20954287620954,29.97,589,2,traffic_signs,0.5974227786064148,1034.311767578125,734.6942749023438,1070.428955078125,785.8734741210938,1052.370361328125,760.2838745117188,36.1171875,51.17919921875
IMG_0030.mp4,2284,76.20954287620954,29.97,570,2,traffic_signs,0.8409584164619446,0.0,488.2897033691406,31.741926193237305,542.7222900390625,15.870963096618652,515.5059967041016,31.741926193237305,54.432586669921875
IMG_0030.mp4,2285,76.24290957624291,29.97,542,2,traffic_signs,0.8997455835342407,1389.0328369140625,746.3614501953125,1416.001953125,777.07958984375,1402.5173950195312,761.7205200195312,26.9691162109375,30.7181396484375
IMG_0030.mp4,2285,76.24290957624291,29.97,530,2,traffic_signs,0.8666105270385742,1437.93798828125,769.1005249023438,1474.6927490234375,806.5187377929688,1456.3153686523438,787.8096313476562,36.7547607421875,37.418212890625
IMG_0030.mp4,2285,76.24290957624291,29.97,496,1,traffic_lights,0.7414783239364624,1179.1767578125,601.8262939453125,1199.2823486328125,641.6886596679688,1189.2295532226562,621.7574768066406,20.1055908203125,39.86236572265625
IMG_0030.mp4,2285,76.24290957624291,29.97,615,1,traffic_lights,0.5087781548500061,1076.4749755859375,739.2788696289062,1088.990234375,774.7786254882812,1082.7326049804688,757.0287475585938,12.5152587890625,35.499755859375
IMG_0030.mp4,2285,76.24290957624291,29.97,601,1,traffic_lights,0.5250784158706665,1389.9774169921875,775.7403564453125,1415.3134765625,814.0111694335938,1402.6454467773438,794.8757629394531,25.3360595703125,38.27081298828125
IMG_0030.mp4,2285,76.24290957624291,29.97,596,2,traffic_signs,0.8949864506721497,46.83369827270508,580.2926635742188,82.48854064941406,628.3501586914062,64.66111946105957,604.3214111328125,35.654842376708984,48.0574951171875
IMG_0030.mp4,2285,76.24290957624291,29.97,618,2,traffic_signs,0.6671301126480103,0.0,533.9423828125,10.03764533996582,577.5482177734375,5.01882266998291,555.7453002929688,10.03764533996582,43.6058349609375
IMG_0030.mp4,2285,76.24290957624291,29.97,589,2,traffic_signs,0.5761926770210266,1034.284912109375,736.8922729492188,1069.906982421875,785.5533447265625,1052.095947265625,761.2228088378906,35.6220703125,48.66107177734375
IMG_0030.mp4,2285,76.24290957624291,29.97,570,2,traffic_signs,0.7830330729484558,0.0,483.3497009277344,21.703041076660156,538.023193359375,10.851520538330078,510.6864471435547,21.703041076660156,54.673492431640625
IMG_0030.mp4,2285,76.24290957624291,29.97,531,2,traffic_signs,0.6989603042602539,953.6381225585938,647.82958984375,1014.9093627929688,724.4249267578125,984.2737426757812,686.1272583007812,61.271240234375,76.5953369140625
IMG_0030.mp4,2286,76.27627627627628,29.97,542,2,traffic_signs,0.8958457112312317,1389.466064453125,745.8670043945312,1416.532958984375,776.8382568359375,1402.99951171875,761.3526306152344,27.06689453125,30.97125244140625
IMG_0030.mp4,2286,76.27627627627628,29.97,530,2,traffic_signs,0.8674448132514954,1438.9549560546875,768.8203735351562,1475.8804931640625,806.3323364257812,1457.417724609375,787.5763549804688,36.925537109375,37.511962890625
IMG_0030.mp4,2286,76.27627627627628,29.97,496,1,traffic_lights,0.8627247214317322,1179.091796875,600.9183959960938,1199.1962890625,640.7853393554688,1189.14404296875,620.8518676757812,20.1044921875,39.866943359375
IMG_0030.mp4,2286,76.27627627627628,29.97,615,1,traffic_lights,0.6003739833831787,1075.9473876953125,738.9447021484375,1088.5343017578125,773.904541015625,1082.2408447265625,756.4246215820312,12.5869140625,34.9598388671875
IMG_0030.mp4,2286,76.27627627627628,29.97,601,1,traffic_lights,0.47574543952941895,1390.285888671875,775.4425659179688,1416.2139892578125,814.22216796875,1403.2499389648438,794.8323669433594,25.9281005859375,38.77960205078125
IMG_0030.mp4,2286,76.27627627627628,29.97,596,2,traffic_signs,0.8901516199111938,38.355316162109375,578.6585693359375,74.35302734375,627.0313720703125,56.35417175292969,602.844970703125,35.997711181640625,48.372802734375
IMG_0030.mp4,2286,76.27627627627628,29.97,589,2,traffic_signs,0.5192649364471436,1033.3660888671875,734.107666015625,1069.35205078125,785.4141235351562,1051.3590698242188,759.7608947753906,35.9859619140625,51.30645751953125
IMG_0030.mp4,2286,76.27627627627628,29.97,570,2,traffic_signs,0.7902440428733826,0.0,479.3908386230469,11.113483428955078,532.4571533203125,5.556741714477539,505.9239959716797,11.113483428955078,53.066314697265625
IMG_0030.mp4,2286,76.27627627627628,29.97,621,1,traffic_lights,0.358702689409256,1075.4921875,739.0562744140625,1088.2193603515625,774.349609375,1081.8557739257812,756.7029418945312,12.7271728515625,35.2933349609375
IMG_0030.mp4,2286,76.27627627627628,29.97,531,2,traffic_signs,0.8083927035331726,951.5275268554688,646.0540771484375,1012.86279296875,737.3848876953125,982.1951599121094,691.719482421875,61.33526611328125,91.330810546875
IMG_0030.mp4,2287,76.30964297630965,29.97,542,2,traffic_signs,0.8850118517875671,1389.8328857421875,745.5048217773438,1416.9771728515625,776.5152587890625,1403.405029296875,761.0100402832031,27.144287109375,31.01043701171875
IMG_0030.mp4,2287,76.30964297630965,29.97,530,2,traffic_signs,0.8615174293518066,1440.1895751953125,768.5005493164062,1476.884521484375,805.9235229492188,1458.5370483398438,787.2120361328125,36.6949462890625,37.4229736328125
IMG_0030.mp4,2287,76.30964297630965,29.97,496,1,traffic_lights,0.8683710098266602,1178.838134765625,599.9405517578125,1199.0855712890625,640.1200561523438,1188.9618530273438,620.0303039550781,20.2474365234375,40.17950439453125
IMG_0030.mp4,2287,76.30964297630965,29.97,601,1,traffic_lights,0.322761595249176,1390.563720703125,775.2910766601562,1416.32763671875,814.1226806640625,1403.4456787109375,794.7068786621094,25.763916015625,38.83160400390625
IMG_0030.mp4,2287,76.30964297630965,29.97,596,2,traffic_signs,0.8844574093818665,30.04339599609375,576.738525390625,66.73390197753906,625.791015625,48.388648986816406,601.2647705078125,36.69050598144531,49.052490234375
IMG_0030.mp4,2287,76.30964297630965,29.97,589,2,traffic_signs,0.5407436490058899,1032.3228759765625,731.7755126953125,1068.8223876953125,785.1329956054688,1050.5726318359375,758.4542541503906,36.49951171875,53.35748291015625
IMG_0030.mp4,2287,76.30964297630965,29.97,531,2,traffic_signs,0.7532901763916016,949.4315795898438,644.0684814453125,1011.0662841796875,732.018310546875,980.2489318847656,688.0433959960938,61.63470458984375,87.9498291015625
IMG_0030.mp4,2288,76.34300967634302,29.97,542,2,traffic_signs,0.8777832984924316,1390.4344482421875,744.8326416015625,1417.809814453125,776.105224609375,1404.1221313476562,760.4689331054688,27.3753662109375,31.2725830078125
IMG_0030.mp4,2288,76.34300967634302,29.97,530,2,traffic_signs,0.8486468195915222,1441.1279296875,768.5099487304688,1477.82373046875,805.639892578125,1459.475830078125,787.0749206542969,36.69580078125,37.12994384765625
IMG_0030.mp4,2288,76.34300967634302,29.97,496,1,traffic_lights,0.8619805574417114,1178.630615234375,598.6923217773438,1198.8243408203125,639.2258911132812,1188.7274780273438,618.9591064453125,20.1937255859375,40.5335693359375
IMG_0030.mp4,2288,76.34300967634302,29.97,601,1,traffic_lights,0.5770050287246704,1391.196044921875,773.8406372070312,1419.605712890625,814.3136596679688,1405.40087890625,794.0771484375,28.40966796875,40.4730224609375
IMG_0030.mp4,2288,76.34300967634302,29.97,596,2,traffic_signs,0.8966078162193298,20.497455596923828,574.6326904296875,58.137264251708984,624.2020263671875,39.317359924316406,599.4173583984375,37.639808654785156,49.5693359375
IMG_0030.mp4,2288,76.34300967634302,29.97,589,2,traffic_signs,0.474920392036438,1031.21826171875,730.4672241210938,1068.4063720703125,785.2752075195312,1049.8123168945312,757.8712158203125,37.1881103515625,54.8079833984375
IMG_0030.mp4,2288,76.34300967634302,29.97,531,2,traffic_signs,0.7609054446220398,947.1464233398438,642.4243774414062,1009.557373046875,722.7302856445312,978.3518981933594,682.5773315429688,62.41094970703125,80.305908203125
IMG_0030.mp4,2288,76.34300967634302,29.97,622,2,traffic_signs,0.516218900680542,947.3822631835938,642.4657592773438,1009.4234008789062,713.422607421875,978.40283203125,677.9441833496094,62.0411376953125,70.95684814453125
IMG_0030.mp4,2288,76.34300967634302,29.97,615,1,traffic_lights,0.7044056057929993,1074.8909912109375,738.4656372070312,1087.3369140625,772.6764526367188,1081.1139526367188,755.571044921875,12.4459228515625,34.2108154296875
IMG_0030.mp4,2289,76.37637637637638,29.97,542,2,traffic_signs,0.8726248145103455,1390.9031982421875,744.3619384765625,1418.3978271484375,775.61865234375,1404.6505126953125,759.9902954101562,27.49462890625,31.2567138671875
IMG_0030.mp4,2289,76.37637637637638,29.97,530,2,traffic_signs,0.8547225594520569,1441.6412353515625,768.6424560546875,1478.2464599609375,805.2783203125,1459.94384765625,786.9603881835938,36.605224609375,36.6358642578125
IMG_0030.mp4,2289,76.37637637637638,29.97,496,1,traffic_lights,0.8607330322265625,1178.4892578125,597.6010131835938,1198.7347412109375,638.6114501953125,1188.6119995117188,618.1062316894531,20.2454833984375,41.01043701171875
IMG_0030.mp4,2289,76.37637637637638,29.97,601,1,traffic_lights,0.4741482436656952,1391.8829345703125,772.7284545898438,1420.7652587890625,814.1992797851562,1406.3240966796875,793.4638671875,28.88232421875,41.4708251953125
IMG_0030.mp4,2289,76.37637637637638,29.97,596,2,traffic_signs,0.414814829826355,13.257566452026367,573.408935546875,50.89268112182617,622.7059936523438,32.07512378692627,598.0574645996094,37.635114669799805,49.29705810546875
IMG_0030.mp4,2289,76.37637637637638,29.97,589,2,traffic_signs,0.6223109364509583,1030.20654296875,728.9617919921875,1067.4993896484375,785.3232421875,1048.8529663085938,757.1425170898438,37.2928466796875,56.3614501953125
IMG_0030.mp4,2289,76.37637637637638,29.97,531,2,traffic_signs,0.37667328119277954,944.9874267578125,640.673095703125,1007.8726196289062,714.8314819335938,976.4300231933594,677.7522888183594,62.88519287109375,74.15838623046875
IMG_0030.mp4,2289,76.37637637637638,29.97,622,2,traffic_signs,0.7940041422843933,945.4691772460938,641.1251831054688,1008.9136962890625,714.4092407226562,977.1914367675781,677.7672119140625,63.44451904296875,73.2840576171875
IMG_0030.mp4,2289,76.37637637637638,29.97,625,2,traffic_signs,0.712475061416626,705.2644653320312,551.5493774414062,743.4818725585938,628.485107421875,724.3731689453125,590.0172424316406,38.2174072265625,76.93572998046875
IMG_0030.mp4,2289,76.37637637637638,29.97,615,1,traffic_lights,0.6982717514038086,1074.590576171875,737.7789916992188,1087.1834716796875,772.5848388671875,1080.8870239257812,755.1819152832031,12.5928955078125,34.80584716796875
IMG_0030.mp4,2290,76.40974307640974,29.97,542,2,traffic_signs,0.7857349514961243,1391.360595703125,743.7933959960938,1418.878662109375,775.3182983398438,1405.11962890625,759.5558471679688,27.51806640625,31.52490234375
IMG_0030.mp4,2290,76.40974307640974,29.97,530,2,traffic_signs,0.85530024766922,1442.245361328125,768.1786499023438,1478.7578125,804.9931640625,1460.5015869140625,786.5859069824219,36.512451171875,36.81451416015625
IMG_0030.mp4,2290,76.40974307640974,29.97,496,1,traffic_lights,0.8636629581451416,1178.1654052734375,596.4161987304688,1198.5887451171875,638.0018310546875,1188.3770751953125,617.2090148925781,20.42333984375,41.58563232421875
IMG_0030.mp4,2290,76.40974307640974,29.97,601,1,traffic_lights,0.3565516471862793,1392.5269775390625,772.1429443359375,1420.85546875,814.0040283203125,1406.6912231445312,793.073486328125,28.3284912109375,41.861083984375
IMG_0030.mp4,2290,76.40974307640974,29.97,596,2,traffic_signs,0.8718559145927429,4.83298921585083,571.4176635742188,42.763980865478516,621.7188720703125,23.798485040664673,596.5682678222656,37.930991649627686,50.30120849609375
IMG_0030.mp4,2290,76.40974307640974,29.97,589,2,traffic_signs,0.5257459878921509,1030.5855712890625,730.2382202148438,1067.4517822265625,785.2202758789062,1049.0186767578125,757.729248046875,36.8662109375,54.9820556640625
IMG_0030.mp4,2290,76.40974307640974,29.97,531,2,traffic_signs,0.6630712151527405,942.897216796875,639.0659790039062,1006.9456176757812,715.46484375,974.9214172363281,677.2654113769531,64.04840087890625,76.39886474609375
IMG_0030.mp4,2290,76.40974307640974,29.97,625,2,traffic_signs,0.7714149951934814,699.9530639648438,548.3580322265625,737.8699340820312,621.8540649414062,718.9114990234375,585.1060485839844,37.9168701171875,73.49603271484375
IMG_0030.mp4,2290,76.40974307640974,29.97,615,1,traffic_lights,0.6873435378074646,1073.9796142578125,736.7193603515625,1086.63427734375,772.5180053710938,1080.3069458007812,754.6186828613281,12.6546630859375,35.79864501953125
IMG_0030.mp4,2291,76.44310977644311,29.97,542,2,traffic_signs,0.8744190335273743,1391.912841796875,743.2542114257812,1419.6572265625,774.3148803710938,1405.7850341796875,758.7845458984375,27.744384765625,31.0606689453125
IMG_0030.mp4,2291,76.44310977644311,29.97,530,2,traffic_signs,0.865081250667572,1443.2607421875,767.9501342773438,1479.6358642578125,804.4195556640625,1461.4483032226562,786.1848449707031,36.3751220703125,36.46942138671875
IMG_0030.mp4,2291,76.44310977644311,29.97,496,1,traffic_lights,0.8630241751670837,1177.7501220703125,595.6857299804688,1198.462890625,637.2176513671875,1188.1065063476562,616.4516906738281,20.7127685546875,41.53192138671875
IMG_0030.mp4,2291,76.44310977644311,29.97,601,1,traffic_lights,0.5287997722625732,1393.1083984375,772.0211181640625,1422.769775390625,813.94384765625,1407.9390869140625,792.9824829101562,29.661376953125,41.9227294921875
IMG_0030.mp4,2291,76.44310977644311,29.97,596,2,traffic_signs,0.914008378982544,0.0,568.7725219726562,33.98107147216797,620.0736694335938,16.990535736083984,594.423095703125,33.98107147216797,51.3011474609375
IMG_0030.mp4,2291,76.44310977644311,29.97,589,2,traffic_signs,0.5578476190567017,1030.7593994140625,730.0222778320312,1066.8258056640625,784.7626342773438,1048.7926025390625,757.3924560546875,36.06640625,54.7403564453125
IMG_0030.mp4,2291,76.44310977644311,29.97,531,2,traffic_signs,0.3927556872367859,941.6236572265625,636.5521240234375,1004.7897338867188,710.8811645507812,973.2066955566406,673.7166442871094,63.16607666015625,74.32904052734375
IMG_0030.mp4,2291,76.44310977644311,29.97,625,2,traffic_signs,0.9013479948043823,694.3482666015625,543.5446166992188,733.716796875,617.5477905273438,714.0325317382812,580.5462036132812,39.3685302734375,74.003173828125
IMG_0030.mp4,2291,76.44310977644311,29.97,615,1,traffic_lights,0.6559877991676331,1073.6265869140625,736.2997436523438,1085.983154296875,771.9173583984375,1079.8048706054688,754.1085510253906,12.3565673828125,35.61761474609375
IMG_0030.mp4,2292,76.47647647647648,29.97,542,2,traffic_signs,0.8780171275138855,1392.090576171875,742.7787475585938,1420.4759521484375,773.9506225585938,1406.2832641601562,758.3646850585938,28.3853759765625,31.171875
IMG_0030.mp4,2292,76.47647647647648,29.97,530,2,traffic_signs,0.8746940493583679,1444.016845703125,767.6146240234375,1480.3271484375,804.0203857421875,1462.1719970703125,785.8175048828125,36.310302734375,36.40576171875
IMG_0030.mp4,2292,76.47647647647648,29.97,496,1,traffic_lights,0.8510270714759827,1177.0888671875,594.6028442382812,1198.2789306640625,636.4841918945312,1187.6838989257812,615.5435180664062,21.1900634765625,41.88134765625
IMG_0030.mp4,2292,76.47647647647648,29.97,601,1,traffic_lights,0.5378661751747131,1393.0816650390625,771.9454345703125,1423.342041015625,813.8694458007812,1408.2118530273438,792.9074401855469,30.2603759765625,41.92401123046875
IMG_0030.mp4,2292,76.47647647647648,29.97,596,2,traffic_signs,0.7284204959869385,0.0,567.0721435546875,25.789785385131836,617.9498291015625,12.894892692565918,592.510986328125,25.789785385131836,50.877685546875
IMG_0030.mp4,2292,76.47647647647648,29.97,589,2,traffic_signs,0.5809140205383301,1030.9852294921875,729.88720703125,1066.4281005859375,784.1832275390625,1048.7066650390625,757.0352172851562,35.44287109375,54.2960205078125
IMG_0030.mp4,2292,76.47647647647648,29.97,531,2,traffic_signs,0.6966676115989685,939.4999389648438,634.4844360351562,1003.10693359375,708.114501953125,971.3034362792969,671.2994689941406,63.60699462890625,73.63006591796875
IMG_0030.mp4,2292,76.47647647647648,29.97,625,2,traffic_signs,0.8656987547874451,688.7647094726562,539.2941284179688,729.19921875,616.7529296875,708.9819641113281,578.0235290527344,40.43450927734375,77.45880126953125
IMG_0030.mp4,2292,76.47647647647648,29.97,615,1,traffic_lights,0.4320407211780548,1072.9197998046875,735.4306030273438,1085.5081787109375,772.388671875,1079.2139892578125,753.9096374511719,12.58837890625,36.95806884765625
IMG_0030.mp4,2293,76.50984317650985,29.97,542,2,traffic_signs,0.8777669668197632,1392.66943359375,742.4578857421875,1421.112060546875,773.9642944335938,1406.8907470703125,758.2110900878906,28.442626953125,31.50640869140625
IMG_0030.mp4,2293,76.50984317650985,29.97,530,2,traffic_signs,0.7262538075447083,1445.1319580078125,767.4118041992188,1480.9569091796875,804.0399780273438,1463.04443359375,785.7258911132812,35.824951171875,36.628173828125
IMG_0030.mp4,2293,76.50984317650985,29.97,496,1,traffic_lights,0.8181084990501404,1176.6785888671875,593.59716796875,1198.1104736328125,635.7801513671875,1187.39453125,614.6886596679688,21.431884765625,42.1829833984375
IMG_0030.mp4,2293,76.50984317650985,29.97,601,1,traffic_lights,0.530482828617096,1393.1258544921875,771.92333984375,1422.0091552734375,813.7946166992188,1407.5675048828125,792.8589782714844,28.88330078125,41.87127685546875
IMG_0030.mp4,2293,76.50984317650985,29.97,596,2,traffic_signs,0.7997456192970276,0.0,564.2588500976562,17.17120933532715,611.0050659179688,8.585604667663574,587.6319580078125,17.17120933532715,46.7462158203125
IMG_0030.mp4,2293,76.50984317650985,29.97,589,2,traffic_signs,0.5512076020240784,1031.6727294921875,733.4915771484375,1065.6468505859375,783.6405639648438,1048.6597900390625,758.5660705566406,33.97412109375,50.14898681640625
IMG_0030.mp4,2293,76.50984317650985,29.97,531,2,traffic_signs,0.7341770529747009,936.6266479492188,632.5753173828125,1001.5994262695312,706.8400268554688,969.113037109375,669.7076721191406,64.9727783203125,74.26470947265625
IMG_0030.mp4,2293,76.50984317650985,29.97,625,2,traffic_signs,0.8895083665847778,682.8910522460938,536.811279296875,724.5134887695312,614.1012573242188,703.7022705078125,575.4562683105469,41.6224365234375,77.28997802734375
IMG_0030.mp4,2293,76.50984317650985,29.97,615,1,traffic_lights,0.6445000171661377,1072.2496337890625,735.3128051757812,1085.1636962890625,774.5150756835938,1078.7066650390625,754.9139404296875,12.9140625,39.2022705078125
IMG_0030.mp4,2294,76.54320987654322,29.97,542,2,traffic_signs,0.8766975998878479,1392.9991455078125,742.1817626953125,1421.55859375,773.59326171875,1407.2788696289062,757.8875122070312,28.5594482421875,31.4114990234375
IMG_0030.mp4,2294,76.54320987654322,29.97,530,2,traffic_signs,0.8878222703933716,1445.234619140625,767.2572631835938,1481.6201171875,803.9058837890625,1463.4273681640625,785.5815734863281,36.385498046875,36.64862060546875
IMG_0030.mp4,2294,76.54320987654322,29.97,496,1,traffic_lights,0.6768988370895386,1176.1793212890625,592.80126953125,1197.7197265625,634.75,1186.9495239257812,613.775634765625,21.5404052734375,41.94873046875
IMG_0030.mp4,2294,76.54320987654322,29.97,601,1,traffic_lights,0.5860083699226379,1393.2962646484375,771.3611450195312,1423.0487060546875,813.626220703125,1408.1724853515625,792.4936828613281,29.75244140625,42.26507568359375
IMG_0030.mp4,2294,76.54320987654322,29.97,596,2,traffic_signs,0.7042956352233887,0.0,560.4317626953125,8.762548446655273,602.619384765625,4.381274223327637,581.5255737304688,8.762548446655273,42.1876220703125
IMG_0030.mp4,2294,76.54320987654322,29.97,589,2,traffic_signs,0.6231249570846558,1031.5889892578125,734.8247680664062,1063.9307861328125,782.7511596679688,1047.7598876953125,758.7879638671875,32.341796875,47.9263916015625
IMG_0030.mp4,2294,76.54320987654322,29.97,531,2,traffic_signs,0.8134567141532898,933.708984375,630.293701171875,999.5762329101562,704.4719848632812,966.6426086425781,667.3828430175781,65.86724853515625,74.17828369140625
IMG_0030.mp4,2294,76.54320987654322,29.97,625,2,traffic_signs,0.8907037377357483,677.2160034179688,532.5530395507812,719.329833984375,611.2185668945312,698.2729187011719,571.8858032226562,42.11383056640625,78.66552734375
IMG_0030.mp4,2294,76.54320987654322,29.97,615,1,traffic_lights,0.6851007342338562,1071.231689453125,735.0502319335938,1084.4869384765625,774.938720703125,1077.8593139648438,754.9944763183594,13.2552490234375,39.88848876953125
IMG_0030.mp4,2295,76.57657657657658,29.97,542,2,traffic_signs,0.8898829221725464,1394.2181396484375,741.8365478515625,1422.431396484375,773.3191528320312,1408.3247680664062,757.5778503417969,28.2132568359375,31.48260498046875
IMG_0030.mp4,2295,76.57657657657658,29.97,530,2,traffic_signs,0.8761517405509949,1446.5216064453125,767.0570678710938,1483.6229248046875,803.622314453125,1465.072265625,785.3396911621094,37.101318359375,36.56524658203125
IMG_0030.mp4,2295,76.57657657657658,29.97,496,1,traffic_lights,0.6825394630432129,1176.6785888671875,591.5471801757812,1198.274169921875,633.6605224609375,1187.4763793945312,612.6038513183594,21.5955810546875,42.11334228515625
IMG_0030.mp4,2295,76.57657657657658,29.97,601,1,traffic_lights,0.6355205178260803,1394.37548828125,770.9146118164062,1424.76220703125,813.6417846679688,1409.56884765625,792.2781982421875,30.38671875,42.7271728515625
IMG_0030.mp4,2295,76.57657657657658,29.97,589,2,traffic_signs,0.757264256477356,1032.5438232421875,741.7077026367188,1062.52685546875,782.0563354492188,1047.5353393554688,761.8820190429688,29.9830322265625,40.3486328125
IMG_0030.mp4,2295,76.57657657657658,29.97,531,2,traffic_signs,0.834165096282959,930.9526977539062,627.8718872070312,998.1298828125,701.7975463867188,964.5412902832031,664.834716796875,67.17718505859375,73.9256591796875
IMG_0030.mp4,2295,76.57657657657658,29.97,625,2,traffic_signs,0.9007293581962585,671.2227783203125,528.5543823242188,714.45751953125,608.288330078125,692.8401489257812,568.4213562011719,43.2347412109375,79.73394775390625
IMG_0030.mp4,2295,76.57657657657658,29.97,615,1,traffic_lights,0.7001219391822815,1070.4632568359375,734.889404296875,1084.5418701171875,777.0180053710938,1077.5025634765625,755.9537048339844,14.07861328125,42.12860107421875
IMG_0030.mp4,2296,76.60994327660994,29.97,542,2,traffic_signs,0.9181785583496094,1395.3809814453125,741.5700073242188,1423.3719482421875,773.2700805664062,1409.37646484375,757.4200439453125,27.990966796875,31.7000732421875
IMG_0030.mp4,2296,76.60994327660994,29.97,530,2,traffic_signs,0.880684494972229,1447.9810791015625,766.7830810546875,1485.21240234375,803.6228637695312,1466.5967407226562,785.2029724121094,37.2313232421875,36.83978271484375
IMG_0030.mp4,2296,76.60994327660994,29.97,496,1,traffic_lights,0.8210626244544983,1176.588623046875,590.2877807617188,1198.3743896484375,632.5278930664062,1187.4815063476562,611.4078369140625,21.7857666015625,42.2401123046875
IMG_0030.mp4,2296,76.60994327660994,29.97,601,1,traffic_lights,0.676414966583252,1394.958251953125,770.4568481445312,1425.8074951171875,813.4714965820312,1410.3828735351562,791.9641723632812,30.8492431640625,43.0146484375
IMG_0030.mp4,2296,76.60994327660994,29.97,589,2,traffic_signs,0.7098514437675476,1031.925537109375,742.7384033203125,1061.7337646484375,781.3892822265625,1046.8296508789062,762.0638427734375,29.8082275390625,38.65087890625
IMG_0030.mp4,2296,76.60994327660994,29.97,531,2,traffic_signs,0.8349233269691467,928.3895874023438,625.6119995117188,996.368896484375,699.6629028320312,962.3792419433594,662.637451171875,67.97930908203125,74.0509033203125
IMG_0030.mp4,2296,76.60994327660994,29.97,625,2,traffic_signs,0.912966787815094,664.1307983398438,524.3552856445312,709.5611572265625,606.405517578125,686.8459777832031,565.3804016113281,45.43035888671875,82.05023193359375
IMG_0030.mp4,2296,76.60994327660994,29.97,615,1,traffic_lights,0.7163577675819397,1069.497314453125,734.4763793945312,1084.0518798828125,776.0609741210938,1076.7745971679688,755.2686767578125,14.5545654296875,41.5845947265625
IMG_0030.mp4,2296,76.60994327660994,29.97,514,0,auth_label,0.7095817923545837,461.13616943359375,503.0110778808594,673.5709228515625,798.4700927734375,567.3535461425781,650.7405853271484,212.43475341796875,295.4590148925781
IMG_0030.mp4,2297,76.64330997664331,29.97,542,2,traffic_signs,0.9159945845603943,1396.4224853515625,741.3056640625,1424.0340576171875,773.2889404296875,1410.228271484375,757.2973022460938,27.611572265625,31.9832763671875
IMG_0030.mp4,2297,76.64330997664331,29.97,530,2,traffic_signs,0.888055145740509,1449.3385009765625,766.7314453125,1486.5484619140625,803.5352783203125,1467.9434814453125,785.1333618164062,37.2099609375,36.8038330078125
IMG_0030.mp4,2297,76.64330997664331,29.97,496,1,traffic_lights,0.8771342039108276,1176.4410400390625,589.2050170898438,1198.34814453125,631.5775756835938,1187.3945922851562,610.3912963867188,21.9071044921875,42.37255859375
IMG_0030.mp4,2297,76.64330997664331,29.97,601,1,traffic_lights,0.7151979207992554,1395.5367431640625,770.7320556640625,1425.86572265625,813.081298828125,1410.7012329101562,791.9066772460938,30.3289794921875,42.3492431640625
IMG_0030.mp4,2297,76.64330997664331,29.97,589,2,traffic_signs,0.3775634169578552,1030.8514404296875,739.29150390625,1061.159423828125,780.61865234375,1046.0054321289062,759.955078125,30.3079833984375,41.3271484375
IMG_0030.mp4,2297,76.64330997664331,29.97,531,2,traffic_signs,0.856509804725647,926.1361083984375,623.43505859375,994.4326171875,698.3209838867188,960.2843627929688,660.8780212402344,68.2965087890625,74.88592529296875
IMG_0030.mp4,2297,76.64330997664331,29.97,625,2,traffic_signs,0.5519055724143982,657.7679443359375,520.4920043945312,704.3515625,603.6337280273438,681.0597534179688,562.0628662109375,46.5836181640625,83.1417236328125
IMG_0030.mp4,2297,76.64330997664331,29.97,615,1,traffic_lights,0.7026946544647217,1068.845458984375,734.021484375,1083.3138427734375,773.5753173828125,1076.0796508789062,753.7984008789062,14.4683837890625,39.5538330078125
IMG_0030.mp4,2297,76.64330997664331,29.97,630,0,auth_label,0.5419483184814453,658.0816650390625,512.3358154296875,741.9146728515625,820.7174072265625,699.9981689453125,666.526611328125,83.8330078125,308.381591796875
IMG_0030.mp4,2297,76.64330997664331,29.97,514,0,auth_label,0.29469215869903564,455.9554138183594,500.1097106933594,675.3862915039062,797.9892578125,565.6708526611328,649.0494842529297,219.43087768554688,297.8795471191406
IMG_0030.mp4,2298,76.67667667667668,29.97,542,2,traffic_signs,0.8985152244567871,1397.0513916015625,740.8775634765625,1424.652099609375,773.32080078125,1410.8517456054688,757.0991821289062,27.6007080078125,32.4432373046875
IMG_0030.mp4,2298,76.67667667667668,29.97,530,2,traffic_signs,0.8782823085784912,1450.4942626953125,766.499267578125,1487.7652587890625,803.3499755859375,1469.1297607421875,784.9246215820312,37.27099609375,36.8507080078125
IMG_0030.mp4,2298,76.67667667667668,29.97,496,1,traffic_lights,0.48123884201049805,1176.3798828125,588.358154296875,1198.4144287109375,630.78369140625,1187.3971557617188,609.5709228515625,22.0345458984375,42.425537109375
IMG_0030.mp4,2298,76.67667667667668,29.97,601,1,traffic_lights,0.7402097582817078,1395.5556640625,770.8090209960938,1425.8199462890625,812.90380859375,1410.6878051757812,791.8564147949219,30.2642822265625,42.09478759765625
IMG_0030.mp4,2298,76.67667667667668,29.97,531,2,traffic_signs,0.8698031902313232,923.6045532226562,621.4502563476562,992.87890625,697.0878295898438,958.2417297363281,659.26904296875,69.27435302734375,75.6375732421875
IMG_0030.mp4,2298,76.67667667667668,29.97,625,2,traffic_signs,0.8769531846046448,651.492431640625,516.9413452148438,699.3672485351562,601.5037231445312,675.4298400878906,559.2225341796875,47.87481689453125,84.5623779296875
IMG_0030.mp4,2298,76.67667667667668,29.97,615,1,traffic_lights,0.7618846893310547,1068.2940673828125,733.51513671875,1082.9178466796875,772.2557373046875,1075.60595703125,752.8854370117188,14.623779296875,38.7406005859375
IMG_0030.mp4,2298,76.67667667667668,29.97,630,0,auth_label,0.6562902927398682,650.7048950195312,512.2499389648438,740.631591796875,821.982177734375,695.6682434082031,667.1160583496094,89.92669677734375,309.73223876953125
IMG_0030.mp4,2299,76.71004337671005,29.97,542,2,traffic_signs,0.8924741148948669,1397.460205078125,740.4631958007812,1425.330322265625,772.883056640625,1411.395263671875,756.6731262207031,27.8701171875,32.41986083984375
IMG_0030.mp4,2299,76.71004337671005,29.97,530,2,traffic_signs,0.8734092116355896,1451.43115234375,766.1302490234375,1488.9019775390625,803.0440673828125,1470.1665649414062,784.587158203125,37.4708251953125,36.913818359375
IMG_0030.mp4,2299,76.71004337671005,29.97,496,1,traffic_lights,0.8926175236701965,1176.431884765625,587.7650146484375,1198.110595703125,630.2723388671875,1187.271240234375,609.0186767578125,21.6787109375,42.50732421875
IMG_0030.mp4,2299,76.71004337671005,29.97,601,1,traffic_lights,0.7035092711448669,1396.0701904296875,770.7117309570312,1425.8272705078125,812.5872802734375,1410.94873046875,791.6495056152344,29.757080078125,41.87554931640625
IMG_0030.mp4,2299,76.71004337671005,29.97,531,2,traffic_signs,0.875159740447998,920.9864501953125,619.275634765625,991.2379150390625,695.771240234375,956.1121826171875,657.5234375,70.25146484375,76.49560546875
IMG_0030.mp4,2299,76.71004337671005,29.97,625,2,traffic_signs,0.5775632858276367,645.0968627929688,513.8719482421875,693.6808471679688,597.8598022460938,669.3888549804688,555.8658752441406,48.583984375,83.98785400390625
IMG_0030.mp4,2299,76.71004337671005,29.97,615,1,traffic_lights,0.7771187424659729,1067.503662109375,732.808837890625,1082.211669921875,771.4203491210938,1074.857666015625,752.1145935058594,14.7080078125,38.61151123046875
IMG_0030.mp4,2299,76.71004337671005,29.97,630,0,auth_label,0.8402808904647827,643.991943359375,512.34423828125,738.3574829101562,822.5842895507812,691.1747131347656,667.4642639160156,94.36553955078125,310.24005126953125
IMG_0030.mp4,2300,76.74341007674342,29.97,542,2,traffic_signs,0.885094404220581,1397.6737060546875,739.9315795898438,1425.8382568359375,772.1832885742188,1411.7559814453125,756.0574340820312,28.16455078125,32.251708984375
IMG_0030.mp4,2300,76.74341007674342,29.97,530,2,traffic_signs,0.8809367418289185,1451.8499755859375,765.43701171875,1489.7532958984375,802.779052734375,1470.8016357421875,784.1080322265625,37.9033203125,37.342041015625
IMG_0030.mp4,2300,76.74341007674342,29.97,496,1,traffic_lights,0.8889923095703125,1176.1304931640625,587.5922241210938,1197.48681640625,629.5938720703125,1186.8086547851562,608.5930480957031,21.3563232421875,42.00164794921875
IMG_0030.mp4,2300,76.74341007674342,29.97,601,1,traffic_lights,0.694000780582428,1396.202880859375,770.808837890625,1424.9720458984375,812.3314208984375,1410.5874633789062,791.5701293945312,28.7691650390625,41.5225830078125
IMG_0030.mp4,2300,76.74341007674342,29.97,531,2,traffic_signs,0.8805992007255554,918.3130493164062,617.162109375,989.56396484375,694.8848876953125,953.9385070800781,656.0234985351562,71.25091552734375,77.7227783203125
IMG_0030.mp4,2300,76.74341007674342,29.97,625,2,traffic_signs,0.26728928089141846,638.3067626953125,509.2007141113281,688.938720703125,595.3615112304688,663.6227416992188,552.2811126708984,50.6319580078125,86.16079711914062
IMG_0030.mp4,2300,76.74341007674342,29.97,615,1,traffic_lights,0.7865209579467773,1066.6011962890625,732.1784057617188,1081.221923828125,770.423828125,1073.9115600585938,751.3011169433594,14.6207275390625,38.24542236328125
IMG_0030.mp4,2300,76.74341007674342,29.97,630,0,auth_label,0.5355424284934998,636.6406860351562,509.26959228515625,736.4174194335938,822.1053466796875,686.529052734375,665.6874694824219,99.7767333984375,312.83575439453125
IMG_0030.mp4,2301,76.77677677677679,29.97,542,2,traffic_signs,0.8895987868309021,1398.29931640625,739.4166870117188,1426.3656005859375,771.7548217773438,1412.3324584960938,755.5857543945312,28.0662841796875,32.338134765625
IMG_0030.mp4,2301,76.77677677677679,29.97,530,2,traffic_signs,0.8761914372444153,1452.6070556640625,764.6612548828125,1490.88818359375,802.5577392578125,1471.7476196289062,783.6094970703125,38.2811279296875,37.896484375
IMG_0030.mp4,2301,76.77677677677679,29.97,496,1,traffic_lights,0.8740406632423401,1175.86572265625,586.7991943359375,1197.0220947265625,628.6144409179688,1186.4439086914062,607.7068176269531,21.1563720703125,41.81524658203125
IMG_0030.mp4,2301,76.77677677677679,29.97,601,1,traffic_lights,0.6926572322845459,1396.629638671875,770.7943115234375,1425.365966796875,812.174072265625,1410.997802734375,791.4841918945312,28.736328125,41.3797607421875
IMG_0030.mp4,2301,76.77677677677679,29.97,531,2,traffic_signs,0.8874051570892334,915.698486328125,614.93115234375,987.2330322265625,693.8175048828125,951.4657592773438,654.3743286132812,71.5345458984375,78.8863525390625
IMG_0030.mp4,2301,76.77677677677679,29.97,625,2,traffic_signs,0.47355157136917114,630.8701171875,504.058349609375,683.0822143554688,592.6992797851562,656.9761657714844,548.3788146972656,52.21209716796875,88.64093017578125
IMG_0030.mp4,2301,76.77677677677679,29.97,615,1,traffic_lights,0.7507084012031555,1065.5855712890625,731.5780639648438,1080.403076171875,771.712890625,1072.9943237304688,751.6454772949219,14.8175048828125,40.13482666015625
IMG_0030.mp4,2301,76.77677677677679,29.97,630,0,auth_label,0.696234941482544,630.066162109375,506.958740234375,733.1097412109375,822.8242797851562,681.5879516601562,664.8915100097656,103.0435791015625,315.86553955078125
IMG_0030.mp4,2301,76.77677677677679,29.97,514,0,auth_label,0.27740272879600525,441.6592102050781,492.3949890136719,648.650634765625,791.9783325195312,545.1549224853516,642.1866607666016,206.99142456054688,299.5833435058594
IMG_0030.mp4,2302,76.81014347681014,29.97,542,2,traffic_signs,0.8913481831550598,1398.9229736328125,739.065185546875,1427.03564453125,771.4474487304688,1412.9793090820312,755.2563171386719,28.1126708984375,32.38226318359375
IMG_0030.mp4,2302,76.81014347681014,29.97,530,2,traffic_signs,0.8712928295135498,1453.556396484375,764.5009155273438,1492.359130859375,802.5010375976562,1472.957763671875,783.5009765625,38.802734375,38.0001220703125
IMG_0030.mp4,2302,76.81014347681014,29.97,496,1,traffic_lights,0.8745218515396118,1175.798095703125,585.763427734375,1197.00927734375,627.6555786132812,1186.4036865234375,606.7095031738281,21.211181640625,41.89215087890625
IMG_0030.mp4,2302,76.81014347681014,29.97,601,1,traffic_lights,0.7013105154037476,1397.3680419921875,770.69970703125,1425.7093505859375,812.184814453125,1411.5386962890625,791.4422607421875,28.34130859375,41.485107421875
IMG_0030.mp4,2302,76.81014347681014,29.97,531,2,traffic_signs,0.9110860824584961,913.0613403320312,612.6339721679688,985.1053466796875,692.2689208984375,949.0833435058594,652.4514465332031,72.04400634765625,79.63494873046875
IMG_0030.mp4,2302,76.81014347681014,29.97,625,2,traffic_signs,0.8670953512191772,623.1861572265625,499.7109069824219,677.1279907226562,590.5310668945312,650.1570739746094,545.1209869384766,53.94183349609375,90.82015991210938
IMG_0030.mp4,2302,76.81014347681014,29.97,615,1,traffic_lights,0.715761661529541,1065.0994873046875,731.3914184570312,1079.5391845703125,772.1399536132812,1072.3193359375,751.7656860351562,14.439697265625,40.74853515625
IMG_0030.mp4,2302,76.81014347681014,29.97,630,0,auth_label,0.6499618887901306,622.9114379882812,504.51800537109375,731.3561401367188,821.7943115234375,677.1337890625,663.1561584472656,108.4447021484375,317.27630615234375
IMG_0030.mp4,2302,76.81014347681014,29.97,514,0,auth_label,0.4203733801841736,437.2030029296875,490.273193359375,635.6564331054688,792.03125,536.4297180175781,641.1522216796875,198.45343017578125,301.758056640625
IMG_0030.mp4,2302,76.81014347681014,29.97,589,2,traffic_signs,0.5026242136955261,1022.716796875,722.7046508789062,1056.785400390625,781.2626953125,1039.7510986328125,751.9836730957031,34.068603515625,58.55804443359375
IMG_0030.mp4,2303,76.84351017684351,29.97,542,2,traffic_signs,0.8912040591239929,1399.3101806640625,738.7327270507812,1427.369140625,770.6888427734375,1413.3396606445312,754.7107849121094,28.0589599609375,31.95611572265625
IMG_0030.mp4,2303,76.84351017684351,29.97,530,2,traffic_signs,0.8728463649749756,1454.1212158203125,763.8614501953125,1493.2828369140625,802.052978515625,1473.7020263671875,782.9572143554688,39.16162109375,38.1915283203125
IMG_0030.mp4,2303,76.84351017684351,29.97,496,1,traffic_lights,0.8821337819099426,1175.5596923828125,584.6890869140625,1196.8016357421875,626.7451782226562,1186.1806640625,605.7171325683594,21.241943359375,42.05609130859375
IMG_0030.mp4,2303,76.84351017684351,29.97,601,1,traffic_lights,0.7215947508811951,1398.0989990234375,770.2168579101562,1425.3277587890625,811.95947265625,1411.71337890625,791.0881652832031,27.228759765625,41.74261474609375
IMG_0030.mp4,2303,76.84351017684351,29.97,531,2,traffic_signs,0.8052340745925903,910.5013427734375,610.5968627929688,983.0078125,689.9654541015625,946.7545776367188,650.2811584472656,72.5064697265625,79.36859130859375
IMG_0030.mp4,2303,76.84351017684351,29.97,625,2,traffic_signs,0.9269728064537048,615.8314819335938,495.45428466796875,671.0725708007812,588.8696899414062,643.4520263671875,542.1619873046875,55.2410888671875,93.4154052734375
IMG_0030.mp4,2303,76.84351017684351,29.97,615,1,traffic_lights,0.6965827345848083,1064.48876953125,730.683837890625,1078.8148193359375,770.2726440429688,1071.6517944335938,750.4782409667969,14.3260498046875,39.58880615234375
IMG_0030.mp4,2303,76.84351017684351,29.97,630,0,auth_label,0.7050184011459351,616.4447021484375,500.8770751953125,728.7166137695312,821.79248046875,672.5806579589844,661.3347778320312,112.27191162109375,320.9154052734375
IMG_0030.mp4,2303,76.84351017684351,29.97,514,0,auth_label,0.39497414231300354,431.85943603515625,487.0711364746094,631.3583374023438,794.1307983398438,531.60888671875,640.6009674072266,199.4989013671875,307.0596618652344
IMG_0030.mp4,2303,76.84351017684351,29.97,589,2,traffic_signs,0.6298926472663879,1021.6166381835938,721.0941772460938,1055.857666015625,780.913330078125,1038.7371520996094,751.0037536621094,34.24102783203125,59.81915283203125
IMG_0030.mp4,2304,76.87687687687688,29.97,542,2,traffic_signs,0.8895788192749023,1399.9512939453125,738.3584594726562,1428.4759521484375,770.4357299804688,1414.213623046875,754.3970947265625,28.524658203125,32.0772705078125
IMG_0030.mp4,2304,76.87687687687688,29.97,530,2,traffic_signs,0.8715524077415466,1455.0433349609375,763.2500610351562,1494.150634765625,801.6793212890625,1474.5969848632812,782.4646911621094,39.1072998046875,38.42926025390625
IMG_0030.mp4,2304,76.87687687687688,29.97,496,1,traffic_lights,0.8945808410644531,1175.4620361328125,583.5245971679688,1196.598876953125,626.1382446289062,1186.0304565429688,604.8314208984375,21.1368408203125,42.6136474609375
IMG_0030.mp4,2304,76.87687687687688,29.97,601,1,traffic_lights,0.6769384741783142,1398.916748046875,769.3873901367188,1425.9473876953125,811.8780517578125,1412.4320678710938,790.6327209472656,27.0306396484375,42.49066162109375
IMG_0030.mp4,2304,76.87687687687688,29.97,531,2,traffic_signs,0.9105610847473145,907.1354370117188,607.8953247070312,981.2183837890625,688.4091796875,944.1769104003906,648.1522521972656,74.08294677734375,80.51385498046875
IMG_0030.mp4,2304,76.87687687687688,29.97,625,2,traffic_signs,0.9164842963218689,609.0484619140625,490.5163879394531,665.184814453125,584.8258666992188,637.1166381835938,537.6711273193359,56.1363525390625,94.30947875976562
IMG_0030.mp4,2304,76.87687687687688,29.97,615,1,traffic_lights,0.7442129254341125,1064.0091552734375,730.0949096679688,1078.333740234375,769.5352783203125,1071.1714477539062,749.8150939941406,14.3245849609375,39.44036865234375
IMG_0030.mp4,2304,76.87687687687688,29.97,630,0,auth_label,0.7720983624458313,607.5853271484375,496.248291015625,725.0730590820312,820.6025390625,666.3291931152344,658.4254150390625,117.48773193359375,324.354248046875
IMG_0030.mp4,2304,76.87687687687688,29.97,514,0,auth_label,0.5441257357597351,425.4375305175781,483.9368896484375,626.3182983398438,793.177734375,525.8779144287109,638.5573120117188,200.88076782226562,309.2408447265625
IMG_0030.mp4,2304,76.87687687687688,29.97,589,2,traffic_signs,0.6078832149505615,1021.1633911132812,720.4531860351562,1055.4781494140625,780.7015380859375,1038.3207702636719,750.5773620605469,34.31475830078125,60.24835205078125
IMG_0030.mp4,2305,76.91024357691025,29.97,542,2,traffic_signs,0.8905872702598572,1399.9525146484375,737.8592529296875,1428.8524169921875,770.2402954101562,1414.4024658203125,754.0497741699219,28.89990234375,32.38104248046875
IMG_0030.mp4,2305,76.91024357691025,29.97,530,2,traffic_signs,0.8753542304039001,1455.468505859375,762.77294921875,1494.3653564453125,801.3268432617188,1474.9169311523438,782.0498962402344,38.8968505859375,38.55389404296875
IMG_0030.mp4,2305,76.91024357691025,29.97,496,1,traffic_lights,0.8958711624145508,1175.03857421875,582.4253540039062,1196.0040283203125,625.428466796875,1185.5213012695312,603.9269104003906,20.9654541015625,43.00311279296875
IMG_0030.mp4,2305,76.91024357691025,29.97,601,1,traffic_lights,0.6667267680168152,1399.05810546875,768.7373657226562,1425.312744140625,811.6106567382812,1412.1854248046875,790.1740112304688,26.254638671875,42.873291015625
IMG_0030.mp4,2305,76.91024357691025,29.97,531,2,traffic_signs,0.9050486087799072,904.2383422851562,605.1688842773438,979.0685424804688,686.6088256835938,941.6534423828125,645.8888549804688,74.8302001953125,81.43994140625
IMG_0030.mp4,2305,76.91024357691025,29.97,625,2,traffic_signs,0.9394932985305786,601.4601440429688,486.1828918457031,658.798095703125,582.8687744140625,630.1291198730469,534.5258331298828,57.33795166015625,96.68588256835938
IMG_0030.mp4,2305,76.91024357691025,29.97,615,1,traffic_lights,0.7518859505653381,1063.28173828125,729.8494873046875,1077.7867431640625,769.0451049804688,1070.5342407226562,749.4472961425781,14.5050048828125,39.19561767578125
IMG_0030.mp4,2305,76.91024357691025,29.97,630,0,auth_label,0.8251445889472961,599.9476928710938,491.27362060546875,721.9154052734375,820.7279663085938,660.9315490722656,656.0007934570312,121.96771240234375,329.454345703125
IMG_0030.mp4,2305,76.91024357691025,29.97,589,2,traffic_signs,0.6695648431777954,1020.6686401367188,720.162841796875,1055.1978759765625,780.7999267578125,1037.9332580566406,750.4813842773438,34.52923583984375,60.6370849609375
IMG_0030.mp4,2306,76.94361027694362,29.97,542,2,traffic_signs,0.8889539837837219,1400.0875244140625,737.3014526367188,1429.2730712890625,769.8958740234375,1414.6802978515625,753.5986633300781,29.185546875,32.59442138671875
IMG_0030.mp4,2306,76.94361027694362,29.97,530,2,traffic_signs,0.6914631724357605,1456.2657470703125,762.6370239257812,1494.82958984375,801.0252075195312,1475.5476684570312,781.8311157226562,38.5638427734375,38.38818359375
IMG_0030.mp4,2306,76.94361027694362,29.97,496,1,traffic_lights,0.8982199430465698,1174.4840087890625,581.3088989257812,1195.3948974609375,624.677734375,1184.939453125,602.9933166503906,20.910888671875,43.36883544921875
IMG_0030.mp4,2306,76.94361027694362,29.97,601,1,traffic_lights,0.5588212609291077,1399.82763671875,768.3983154296875,1424.5380859375,811.2361450195312,1412.182861328125,789.8172302246094,24.71044921875,42.83782958984375
IMG_0030.mp4,2306,76.94361027694362,29.97,531,2,traffic_signs,0.8882291316986084,901.2935791015625,602.6209716796875,976.8848876953125,684.684814453125,939.0892333984375,643.6528930664062,75.59130859375,82.0638427734375
IMG_0030.mp4,2306,76.94361027694362,29.97,625,2,traffic_signs,0.9351769089698792,593.1859130859375,481.8177490234375,653.1267700195312,580.3006591796875,623.1563415527344,531.0592041015625,59.94085693359375,98.48291015625
IMG_0030.mp4,2306,76.94361027694362,29.97,615,1,traffic_lights,0.7785442471504211,1062.28515625,729.225830078125,1077.33740234375,770.6995849609375,1069.811279296875,749.9627075195312,15.05224609375,41.4737548828125
IMG_0030.mp4,2306,76.94361027694362,29.97,589,2,traffic_signs,0.559536874294281,1020.8805541992188,719.8175659179688,1055.427001953125,780.2935791015625,1038.1537780761719,750.0555725097656,34.54644775390625,60.47601318359375
IMG_0030.mp4,2307,76.97697697697699,29.97,542,2,traffic_signs,0.8790073394775391,1400.40625,736.5826416015625,1430.0423583984375,769.5265502929688,1415.2243041992188,753.0545959472656,29.6361083984375,32.94390869140625
IMG_0030.mp4,2307,76.97697697697699,29.97,530,2,traffic_signs,0.8887860178947449,1456.3873291015625,762.6217651367188,1495.7166748046875,800.9050903320312,1476.052001953125,781.763427734375,39.329345703125,38.2833251953125
IMG_0030.mp4,2307,76.97697697697699,29.97,496,1,traffic_lights,0.9025607109069824,1173.888671875,579.845947265625,1195.0364990234375,623.7705078125,1184.4625854492188,601.8082275390625,21.1478271484375,43.924560546875
IMG_0030.mp4,2307,76.97697697697699,29.97,601,1,traffic_lights,0.5905781388282776,1399.69677734375,767.6687622070312,1424.4144287109375,811.1573486328125,1412.0556030273438,789.4130554199219,24.7176513671875,43.48858642578125
IMG_0030.mp4,2307,76.97697697697699,29.97,531,2,traffic_signs,0.8782089352607727,898.3269653320312,600.0307006835938,974.1953735351562,682.889892578125,936.2611694335938,641.4602966308594,75.868408203125,82.85919189453125
IMG_0030.mp4,2307,76.97697697697699,29.97,625,2,traffic_signs,0.9293367266654968,585.1192626953125,477.30224609375,646.396240234375,576.7310791015625,615.7577514648438,527.0166625976562,61.2769775390625,99.4288330078125
IMG_0030.mp4,2307,76.97697697697699,29.97,615,1,traffic_lights,0.7565399408340454,1061.097412109375,728.8019409179688,1076.4403076171875,770.4932861328125,1068.7688598632812,749.6476135253906,15.3428955078125,41.69134521484375
IMG_0030.mp4,2307,76.97697697697699,29.97,589,2,traffic_signs,0.5257467031478882,1020.1885375976562,719.7007446289062,1055.5498046875,779.9863891601562,1037.8691711425781,749.8435668945312,35.36126708984375,60.28564453125
IMG_0030.mp4,2307,76.97697697697699,29.97,514,0,auth_label,0.5127402544021606,407.7848205566406,476.6918640136719,598.15380859375,791.6329956054688,502.9693145751953,634.1624298095703,190.36898803710938,314.9411315917969
IMG_0030.mp4,2308,77.01034367701034,29.97,542,2,traffic_signs,0.8848510384559631,1401.4559326171875,735.9597778320312,1430.9864501953125,768.5531616210938,1416.22119140625,752.2564697265625,29.530517578125,32.5933837890625
IMG_0030.mp4,2308,77.01034367701034,29.97,530,2,traffic_signs,0.886439859867096,1457.6103515625,762.3025512695312,1497.5821533203125,800.5525512695312,1477.5962524414062,781.4275512695312,39.9718017578125,38.25
IMG_0030.mp4,2308,77.01034367701034,29.97,496,1,traffic_lights,0.9028427600860596,1173.6968994140625,578.6307373046875,1194.9520263671875,622.8043212890625,1184.324462890625,600.717529296875,21.255126953125,44.173583984375
IMG_0030.mp4,2308,77.01034367701034,29.97,601,1,traffic_lights,0.5911189913749695,1400.1429443359375,767.0582275390625,1424.3359375,810.9428100585938,1412.2394409179688,789.0005187988281,24.1929931640625,43.88458251953125
IMG_0030.mp4,2308,77.01034367701034,29.97,531,2,traffic_signs,0.8762032985687256,895.3965454101562,597.351806640625,971.9920654296875,681.2041625976562,933.6943054199219,639.2779846191406,76.59552001953125,83.85235595703125
IMG_0030.mp4,2308,77.01034367701034,29.97,625,2,traffic_signs,0.9343093633651733,576.85400390625,472.019287109375,639.2257690429688,572.6520385742188,608.0398864746094,522.3356628417969,62.37176513671875,100.63275146484375
IMG_0030.mp4,2308,77.01034367701034,29.97,615,1,traffic_lights,0.7887557744979858,1060.6632080078125,728.310302734375,1075.9754638671875,768.6195678710938,1068.3193359375,748.4649353027344,15.312255859375,40.30926513671875
IMG_0030.mp4,2308,77.01034367701034,29.97,589,2,traffic_signs,0.5259913802146912,1020.2400512695312,725.6283569335938,1055.5062255859375,779.2021484375,1037.8731384277344,752.4152526855469,35.26617431640625,53.57379150390625
IMG_0030.mp4,2308,77.01034367701034,29.97,514,0,auth_label,0.5596605539321899,403.9676818847656,473.6011047363281,585.1511840820312,791.04150390625,494.55943298339844,632.3213043212891,181.18350219726562,317.4403991699219
IMG_0030.mp4,2308,77.01034367701034,29.97,630,0,auth_label,0.5235910415649414,573.2717895507812,482.74200439453125,714.7625732421875,815.4052734375,644.0171813964844,649.0736389160156,141.49078369140625,332.66326904296875
IMG_0030.mp4,2309,77.04371037704371,29.97,542,2,traffic_signs,0.6426002383232117,1402.2940673828125,735.5550537109375,1431.7415771484375,767.7119140625,1417.017822265625,751.6334838867188,29.447509765625,32.1568603515625
IMG_0030.mp4,2309,77.04371037704371,29.97,530,2,traffic_signs,0.8871276378631592,1458.627685546875,761.79833984375,1498.9864501953125,800.406982421875,1478.8070678710938,781.1026611328125,40.3587646484375,38.608642578125
IMG_0030.mp4,2309,77.04371037704371,29.97,496,1,traffic_lights,0.9081457853317261,1173.5400390625,577.8297729492188,1194.68896484375,621.7617797851562,1184.114501953125,599.7957763671875,21.14892578125,43.9320068359375
IMG_0030.mp4,2309,77.04371037704371,29.97,601,1,traffic_lights,0.3358614146709442,1400.225830078125,766.7156372070312,1424.5401611328125,810.8759765625,1412.3829956054688,788.7958068847656,24.3143310546875,44.16033935546875
IMG_0030.mp4,2309,77.04371037704371,29.97,531,2,traffic_signs,0.87353515625,892.7139282226562,595.091064453125,969.7479248046875,679.1596069335938,931.2309265136719,637.1253356933594,77.03399658203125,84.06854248046875
IMG_0030.mp4,2309,77.04371037704371,29.97,625,2,traffic_signs,0.9274747967720032,568.3653564453125,466.989990234375,632.1734008789062,568.9090576171875,600.2693786621094,517.9495239257812,63.80804443359375,101.9190673828125
IMG_0030.mp4,2309,77.04371037704371,29.97,615,1,traffic_lights,0.7841439247131348,1059.8876953125,728.1420288085938,1075.4935302734375,768.1795654296875,1067.6906127929688,748.1607971191406,15.6058349609375,40.03753662109375
IMG_0030.mp4,2309,77.04371037704371,29.97,589,2,traffic_signs,0.7125137448310852,1020.3601684570312,732.4566040039062,1054.695068359375,778.5082397460938,1037.5276184082031,755.482421875,34.33489990234375,46.0516357421875
IMG_0030.mp4,2309,77.04371037704371,29.97,514,0,auth_label,0.5886368751525879,399.8450012207031,470.4867248535156,577.7184448242188,787.994873046875,488.78172302246094,629.2407989501953,177.87344360351562,317.5081481933594
IMG_0030.mp4,2310,77.07707707707708,29.97,542,2,traffic_signs,0.8931590914726257,1402.4705810546875,735.1736450195312,1432.3841552734375,767.3345947265625,1417.4273681640625,751.2541198730469,29.91357421875,32.16094970703125
IMG_0030.mp4,2310,77.07707707707708,29.97,530,2,traffic_signs,0.8808113932609558,1459.3079833984375,761.2280883789062,1499.8939208984375,800.2374877929688,1479.6009521484375,780.7327880859375,40.5859375,39.0093994140625
IMG_0030.mp4,2310,77.07707707707708,29.97,496,1,traffic_lights,0.9088600873947144,1173.140869140625,577.1368408203125,1194.427978515625,620.8082885742188,1183.784423828125,598.9725646972656,21.287109375,43.67144775390625
IMG_0030.mp4,2310,77.07707707707708,29.97,601,1,traffic_lights,0.33623579144477844,1401.10107421875,765.407958984375,1429.8463134765625,811.1141967773438,1415.4736938476562,788.2610778808594,28.7452392578125,45.70623779296875
IMG_0030.mp4,2310,77.07707707707708,29.97,531,2,traffic_signs,0.8724539279937744,890.1889038085938,592.410400390625,967.7781372070312,677.2876586914062,928.9835205078125,634.8490295410156,77.5892333984375,84.87725830078125
IMG_0030.mp4,2310,77.07707707707708,29.97,625,2,traffic_signs,0.9351131916046143,560.392578125,462.41455078125,625.2874755859375,565.3692016601562,592.8400268554688,513.8918762207031,64.8948974609375,102.95465087890625
IMG_0030.mp4,2310,77.07707707707708,29.97,615,1,traffic_lights,0.735931396484375,1059.1522216796875,726.9534301757812,1075.0218505859375,768.1431274414062,1067.0870361328125,747.5482788085938,15.86962890625,41.189697265625
IMG_0030.mp4,2310,77.07707707707708,29.97,589,2,traffic_signs,0.711950421333313,1019.8125,734.9859008789062,1053.6734619140625,777.8211059570312,1036.7429809570312,756.4035034179688,33.8609619140625,42.835205078125
IMG_0030.mp4,2310,77.07707707707708,29.97,514,0,auth_label,0.6170227527618408,392.82781982421875,468.40618896484375,573.4474487304688,786.4329223632812,483.13763427734375,627.4195556640625,180.61962890625,318.0267333984375
IMG_0030.mp4,2311,77.11044377711045,29.97,542,2,traffic_signs,0.8924456238746643,1403.3660888671875,734.6339111328125,1432.823974609375,766.871826171875,1418.0950317382812,750.7528686523438,29.4578857421875,32.2379150390625
IMG_0030.mp4,2311,77.11044377711045,29.97,530,2,traffic_signs,0.8778994083404541,1460.1627197265625,760.7642822265625,1501.0106201171875,799.9595336914062,1480.586669921875,780.3619079589844,40.847900390625,39.19525146484375
IMG_0030.mp4,2311,77.11044377711045,29.97,496,1,traffic_lights,0.83859783411026,1172.5980224609375,576.4502563476562,1194.22607421875,620.0362548828125,1183.4120483398438,598.2432556152344,21.6280517578125,43.58599853515625
IMG_0030.mp4,2311,77.11044377711045,29.97,601,1,traffic_lights,0.36161109805107117,1401.89208984375,764.7206420898438,1433.2119140625,811.1990966796875,1417.552001953125,787.9598693847656,31.31982421875,46.47845458984375
IMG_0030.mp4,2311,77.11044377711045,29.97,531,2,traffic_signs,0.8892367482185364,887.1227416992188,590.3573608398438,965.47265625,675.7531127929688,926.2976989746094,633.0552368164062,78.34991455078125,85.395751953125
IMG_0030.mp4,2311,77.11044377711045,29.97,625,2,traffic_signs,0.9358130097389221,551.670654296875,457.4983215332031,618.45556640625,561.7210083007812,585.0631103515625,509.6096649169922,66.784912109375,104.22268676757812
IMG_0030.mp4,2311,77.11044377711045,29.97,615,1,traffic_lights,0.7830416560173035,1058.2315673828125,725.6358032226562,1074.6444091796875,768.9560546875,1066.43798828125,747.2959289550781,16.412841796875,43.32025146484375
IMG_0030.mp4,2311,77.11044377711045,29.97,589,2,traffic_signs,0.5460695028305054,1018.804443359375,732.2359008789062,1052.345458984375,777.5314331054688,1035.574951171875,754.8836669921875,33.541015625,45.2955322265625
IMG_0030.mp4,2311,77.11044377711045,29.97,514,0,auth_label,0.44462069869041443,385.4815673828125,465.6382141113281,574.0071411132812,786.8551635742188,479.7443542480469,626.2466888427734,188.52557373046875,321.2169494628906
IMG_0030.mp4,2311,77.11044377711045,29.97,630,0,auth_label,0.41279351711273193,536.75537109375,472.5450744628906,714.1327514648438,815.2733764648438,625.4440612792969,643.9092254638672,177.37738037109375,342.7283020019531
IMG_0030.mp4,2312,77.14381047714382,29.97,542,2,traffic_signs,0.894923746585846,1404.1097412109375,734.0533447265625,1433.6898193359375,766.353515625,1418.8997802734375,750.2034301757812,29.580078125,32.3001708984375
IMG_0030.mp4,2312,77.14381047714382,29.97,530,2,traffic_signs,0.8701933026313782,1461.325439453125,760.1318359375,1502.1671142578125,799.6612548828125,1481.7462768554688,779.8965454101562,40.8416748046875,39.5294189453125
IMG_0030.mp4,2312,77.14381047714382,29.97,496,1,traffic_lights,0.9044362306594849,1172.180419921875,576.0464477539062,1194.121337890625,619.831787109375,1183.15087890625,597.9391174316406,21.94091796875,43.78533935546875
IMG_0030.mp4,2312,77.14381047714382,29.97,601,1,traffic_lights,0.3583824336528778,1402.81787109375,763.8272094726562,1436.0584716796875,811.248291015625,1419.4381713867188,787.5377502441406,33.2406005859375,47.42108154296875
IMG_0030.mp4,2312,77.14381047714382,29.97,531,2,traffic_signs,0.7728198170661926,883.8157958984375,587.7074584960938,962.9754028320312,673.8892822265625,923.3955993652344,630.7983703613281,79.15960693359375,86.18182373046875
IMG_0030.mp4,2312,77.14381047714382,29.97,625,2,traffic_signs,0.9238568544387817,542.834228515625,452.2147521972656,611.3306884765625,558.16943359375,577.0824584960938,505.1920928955078,68.4964599609375,105.95468139648438
IMG_0030.mp4,2312,77.14381047714382,29.97,615,1,traffic_lights,0.8556724786758423,1057.4725341796875,725.0093383789062,1074.0771484375,769.0892944335938,1065.7748413085938,747.04931640625,16.6046142578125,44.0799560546875
IMG_0030.mp4,2312,77.14381047714382,29.97,589,2,traffic_signs,0.42524486780166626,1017.9003295898438,732.0646362304688,1050.969970703125,777.3042602539062,1034.4351501464844,754.6844482421875,33.06964111328125,45.2396240234375
IMG_0030.mp4,2312,77.14381047714382,29.97,635,2,traffic_signs,0.40047135949134827,1235.396728515625,790.0441284179688,1242.1488037109375,802.9609985351562,1238.7727661132812,796.5025634765625,6.7520751953125,12.9168701171875
IMG_0030.mp4,2313,77.17717717717719,29.97,542,2,traffic_signs,0.8948606252670288,1404.57275390625,733.3699340820312,1434.4627685546875,766.15771484375,1419.5177612304688,749.7638244628906,29.8900146484375,32.78778076171875
IMG_0030.mp4,2313,77.17717717717719,29.97,530,2,traffic_signs,0.8816137909889221,1461.836181640625,759.5921020507812,1502.929443359375,799.3488159179688,1482.3828125,779.470458984375,41.09326171875,39.7567138671875
IMG_0030.mp4,2313,77.17717717717719,29.97,496,1,traffic_lights,0.8853278756141663,1171.6842041015625,575.18115234375,1193.9102783203125,619.4014282226562,1182.7972412109375,597.2912902832031,22.22607421875,44.22027587890625
IMG_0030.mp4,2313,77.17717717717719,29.97,601,1,traffic_lights,0.5393957495689392,1402.5118408203125,763.5275268554688,1436.5772705078125,811.3145141601562,1419.5445556640625,787.4210205078125,34.0654296875,47.7869873046875
IMG_0030.mp4,2313,77.17717717717719,29.97,531,2,traffic_signs,0.8903791904449463,880.542724609375,585.4368896484375,960.692138671875,672.1701049804688,920.617431640625,628.8034973144531,80.1494140625,86.73321533203125
IMG_0030.mp4,2313,77.17717717717719,29.97,625,2,traffic_signs,0.9285443425178528,534.1046142578125,447.08966064453125,604.5036010742188,554.646484375,569.3041076660156,500.8680725097656,70.39898681640625,107.55682373046875
IMG_0030.mp4,2313,77.17717717717719,29.97,615,1,traffic_lights,0.8524830341339111,1056.75439453125,724.1837768554688,1073.5084228515625,768.64794921875,1065.1314086914062,746.4158630371094,16.7540283203125,44.46417236328125
IMG_0030.mp4,2313,77.17717717717719,29.97,589,2,traffic_signs,0.456648051738739,1013.4480590820312,721.3322143554688,1048.99267578125,777.6343994140625,1031.2203674316406,749.4833068847656,35.54461669921875,56.30218505859375
IMG_0030.mp4,2313,77.17717717717719,29.97,514,0,auth_label,0.697666585445404,373.8467102050781,457.770263671875,550.2135009765625,785.2139892578125,462.0301055908203,621.4921264648438,176.36679077148438,327.4437255859375
IMG_0030.mp4,2313,77.17717717717719,29.97,630,0,auth_label,0.47599518299102783,518.1986694335938,465.81085205078125,710.9277954101562,814.5524291992188,614.563232421875,640.181640625,192.7291259765625,348.7415771484375
IMG_0030.mp4,2314,77.21054387721054,29.97,542,2,traffic_signs,0.8994852900505066,1404.9735107421875,732.5401000976562,1435.1484375,765.9737548828125,1420.0609741210938,749.2569274902344,30.1749267578125,33.43365478515625
IMG_0030.mp4,2314,77.21054387721054,29.97,530,2,traffic_signs,0.8956764340400696,1462.43310546875,758.9556884765625,1504.1129150390625,798.9727783203125,1483.2730102539062,778.9642333984375,41.6798095703125,40.01708984375
IMG_0030.mp4,2314,77.21054387721054,29.97,496,1,traffic_lights,0.8834325075149536,1171.043212890625,573.7131958007812,1193.5377197265625,618.5178833007812,1182.2904663085938,596.1155395507812,22.4945068359375,44.8046875
IMG_0030.mp4,2314,77.21054387721054,29.97,601,1,traffic_lights,0.52880859375,1402.4473876953125,763.2178344726562,1436.1387939453125,811.2047729492188,1419.2930908203125,787.2113037109375,33.69140625,47.9869384765625
IMG_0030.mp4,2314,77.21054387721054,29.97,531,2,traffic_signs,0.9198168516159058,877.146240234375,582.0490112304688,957.9244995117188,669.9066162109375,917.5353698730469,625.9778137207031,80.77825927734375,87.85760498046875
IMG_0030.mp4,2314,77.21054387721054,29.97,625,2,traffic_signs,0.8199170231819153,524.222900390625,440.5798034667969,596.6815795898438,550.0872192382812,560.4522399902344,495.33351135253906,72.45867919921875,109.50741577148438
IMG_0030.mp4,2314,77.21054387721054,29.97,615,1,traffic_lights,0.8571586608886719,1056.0028076171875,723.7652587890625,1072.7113037109375,767.9945678710938,1064.3570556640625,745.8799133300781,16.70849609375,44.22930908203125
IMG_0030.mp4,2314,77.21054387721054,29.97,589,2,traffic_signs,0.5483371615409851,1011.218017578125,717.7506103515625,1048.262451171875,776.8076171875,1029.740234375,747.2791137695312,37.04443359375,59.0570068359375
IMG_0030.mp4,2314,77.21054387721054,29.97,514,0,auth_label,0.515745222568512,368.3058776855469,455.10540771484375,536.6561889648438,783.0430297851562,452.4810333251953,619.07421875,168.35031127929688,327.9376220703125
IMG_0030.mp4,2314,77.21054387721054,29.97,630,0,auth_label,0.6768535375595093,515.987548828125,464.1725769042969,706.9547729492188,814.881103515625,611.4711608886719,639.5268402099609,190.96722412109375,350.7085266113281
IMG_0030.mp4,2315,77.24391057724391,29.97,542,2,traffic_signs,0.9057096838951111,1405.8265380859375,732.033935546875,1436.281494140625,765.7847900390625,1421.0540161132812,748.9093627929688,30.4549560546875,33.7508544921875
IMG_0030.mp4,2315,77.24391057724391,29.97,530,2,traffic_signs,0.5449333190917969,1463.552734375,758.8231201171875,1504.666259765625,799.2337036132812,1484.1094970703125,779.0284118652344,41.113525390625,40.41058349609375
IMG_0030.mp4,2315,77.24391057724391,29.97,496,1,traffic_lights,0.8917046189308167,1171.0120849609375,572.9085083007812,1193.507568359375,617.6824951171875,1182.2598266601562,595.2955017089844,22.4954833984375,44.77398681640625
IMG_0030.mp4,2315,77.24391057724391,29.97,531,2,traffic_signs,0.9026259183883667,874.27197265625,578.9716796875,955.9578857421875,667.4312744140625,915.1149291992188,623.2014770507812,81.6859130859375,88.4595947265625
IMG_0030.mp4,2315,77.24391057724391,29.97,625,2,traffic_signs,0.9356479644775391,515.5203247070312,434.75347900390625,589.2184448242188,546.681396484375,552.369384765625,490.7174377441406,73.6981201171875,111.92791748046875
IMG_0030.mp4,2315,77.24391057724391,29.97,615,1,traffic_lights,0.8714249730110168,1055.749267578125,724.130126953125,1072.2188720703125,767.4385986328125,1063.9840698242188,745.7843627929688,16.4696044921875,43.3084716796875
IMG_0030.mp4,2315,77.24391057724391,29.97,589,2,traffic_signs,0.6002336740493774,1010.3043212890625,716.485595703125,1047.87841796875,776.0858764648438,1029.0913696289062,746.2857360839844,37.5740966796875,59.60028076171875
IMG_0030.mp4,2315,77.24391057724391,29.97,514,0,auth_label,0.39214175939559937,362.8237609863281,452.4190368652344,530.3665161132812,783.5361938476562,446.5951385498047,617.9776153564453,167.54275512695312,331.1171569824219
IMG_0030.mp4,2316,77.27727727727728,29.97,542,2,traffic_signs,0.9123108386993408,1406.399169921875,731.6686401367188,1437.35400390625,765.5516967773438,1421.8765869140625,748.6101684570312,30.954833984375,33.883056640625
IMG_0030.mp4,2316,77.27727727727728,29.97,530,2,traffic_signs,0.889315128326416,1464.3587646484375,758.7386474609375,1505.5806884765625,799.075927734375,1484.9697265625,778.9072875976562,41.221923828125,40.3372802734375
IMG_0030.mp4,2316,77.27727727727728,29.97,496,1,traffic_lights,0.8930181264877319,1170.8013916015625,571.93359375,1193.4222412109375,616.7976684570312,1182.11181640625,594.3656311035156,22.620849609375,44.86407470703125
IMG_0030.mp4,2316,77.27727727727728,29.97,531,2,traffic_signs,0.8938635587692261,870.8661499023438,576.08544921875,953.7329711914062,664.8265991210938,912.299560546875,620.4560241699219,82.8668212890625,88.74114990234375
IMG_0030.mp4,2316,77.27727727727728,29.97,625,2,traffic_signs,0.9327214956283569,506.4470520019531,429.22198486328125,582.0802612304688,542.4193725585938,544.2636566162109,485.8206787109375,75.63320922851562,113.1973876953125
IMG_0030.mp4,2316,77.27727727727728,29.97,615,1,traffic_lights,0.8494095206260681,1055.40087890625,724.0194702148438,1071.6900634765625,766.4520874023438,1063.5454711914062,745.2357788085938,16.2891845703125,42.4326171875
IMG_0030.mp4,2316,77.27727727727728,29.97,589,2,traffic_signs,0.5503876805305481,1009.4518432617188,715.9644775390625,1047.694091796875,775.364990234375,1028.5729675292969,745.6647338867188,38.24224853515625,59.4005126953125
IMG_0030.mp4,2316,77.27727727727728,29.97,514,0,auth_label,0.4588424861431122,363.1388854980469,450.2664489746094,530.2147827148438,783.9369506835938,446.6768341064453,617.1016998291016,167.07589721679688,333.6705017089844
IMG_0030.mp4,2316,77.27727727727728,29.97,601,1,traffic_lights,0.5361881852149963,1403.5328369140625,763.089111328125,1436.509521484375,810.1753540039062,1420.0211791992188,786.6322326660156,32.9766845703125,47.08624267578125
IMG_0030.mp4,2317,77.31064397731065,29.97,542,2,traffic_signs,0.9080125093460083,1406.930908203125,731.1502075195312,1437.92138671875,765.0300903320312,1422.4261474609375,748.0901489257812,30.990478515625,33.8798828125
IMG_0030.mp4,2317,77.31064397731065,29.97,530,2,traffic_signs,0.8951478004455566,1465.0484619140625,758.6685180664062,1506.1207275390625,798.9454956054688,1485.5845947265625,778.8070068359375,41.072265625,40.2769775390625
IMG_0030.mp4,2317,77.31064397731065,29.97,496,1,traffic_lights,0.9011148810386658,1170.657958984375,571.0405883789062,1193.289306640625,615.8984985351562,1181.9736328125,593.4695434570312,22.63134765625,44.85791015625
IMG_0030.mp4,2317,77.31064397731065,29.97,531,2,traffic_signs,0.8951435089111328,867.9029541015625,573.3168334960938,951.4276733398438,662.8032836914062,909.6653137207031,618.06005859375,83.52471923828125,89.4864501953125
IMG_0030.mp4,2317,77.31064397731065,29.97,625,2,traffic_signs,0.6256685853004456,497.8057861328125,424.763671875,575.0843505859375,538.7677001953125,536.445068359375,481.76568603515625,77.278564453125,114.0040283203125
IMG_0030.mp4,2317,77.31064397731065,29.97,615,1,traffic_lights,0.8314399719238281,1054.73193359375,724.0245361328125,1070.9925537109375,765.7520141601562,1062.8622436523438,744.8882751464844,16.2606201171875,41.72747802734375
IMG_0030.mp4,2317,77.31064397731065,29.97,589,2,traffic_signs,0.6415601372718811,1008.8863525390625,716.1942749023438,1047.751220703125,774.854736328125,1028.3187866210938,745.5245056152344,38.8648681640625,58.66046142578125
IMG_0030.mp4,2317,77.31064397731065,29.97,514,0,auth_label,0.516381025314331,359.7554931640625,449.99444580078125,523.8773803710938,784.8463745117188,441.8164367675781,617.42041015625,164.12188720703125,334.8519287109375
IMG_0030.mp4,2317,77.31064397731065,29.97,630,0,auth_label,0.8442556858062744,490.7862854003906,457.4020690917969,696.3374633789062,813.2564697265625,593.5618743896484,635.3292694091797,205.55117797851562,355.8544006347656
IMG_0030.mp4,2318,77.34401067734402,29.97,542,2,traffic_signs,0.9005547165870667,1408.10400390625,730.4922485351562,1438.641845703125,764.7404174804688,1423.3729248046875,747.6163330078125,30.537841796875,34.2481689453125
IMG_0030.mp4,2318,77.34401067734402,29.97,530,2,traffic_signs,0.8872127532958984,1465.9810791015625,758.3568725585938,1507.3812255859375,798.7931518554688,1486.68115234375,778.5750122070312,41.400146484375,40.436279296875
IMG_0030.mp4,2318,77.34401067734402,29.97,496,1,traffic_lights,0.9066725373268127,1170.5389404296875,569.900390625,1193.0557861328125,615.0635375976562,1181.79736328125,592.4819641113281,22.516845703125,45.16314697265625
IMG_0030.mp4,2318,77.34401067734402,29.97,531,2,traffic_signs,0.9055360555648804,864.425537109375,570.4578857421875,948.7850341796875,660.9739379882812,906.6052856445312,615.7159118652344,84.3594970703125,90.51605224609375
IMG_0030.mp4,2318,77.34401067734402,29.97,625,2,traffic_signs,0.9200929403305054,487.01983642578125,417.4605712890625,567.105712890625,534.6344604492188,527.0627746582031,476.0475158691406,80.08587646484375,117.17388916015625
IMG_0030.mp4,2318,77.34401067734402,29.97,615,1,traffic_lights,0.8324646353721619,1054.232177734375,724.0615844726562,1070.2164306640625,765.1976928710938,1062.2243041992188,744.629638671875,15.9842529296875,41.1361083984375
IMG_0030.mp4,2318,77.34401067734402,29.97,589,2,traffic_signs,0.6784120798110962,1007.6910400390625,716.4483642578125,1047.4429931640625,774.544921875,1027.5670166015625,745.4966430664062,39.751953125,58.0965576171875
IMG_0030.mp4,2318,77.34401067734402,29.97,514,0,auth_label,0.6633455157279968,351.83721923828125,446.8129577636719,509.3176574707031,792.475341796875,430.5774383544922,619.6441497802734,157.48043823242188,345.6623840332031
IMG_0030.mp4,2318,77.34401067734402,29.97,630,0,auth_label,0.9354886412620544,482.643310546875,455.9070739746094,693.2250366210938,812.4942626953125,587.9341735839844,634.2006683349609,210.58172607421875,356.5871887207031
IMG_0030.mp4,2318,77.34401067734402,29.97,601,1,traffic_lights,0.4337945580482483,1404.4935302734375,763.4954833984375,1435.2882080078125,809.6063232421875,1419.890869140625,786.5509033203125,30.794677734375,46.11083984375
IMG_0030.mp4,2319,77.37737737737739,29.97,542,2,traffic_signs,0.8957386016845703,1408.6768798828125,729.9674072265625,1439.299072265625,764.4535522460938,1423.9879760742188,747.2104797363281,30.6221923828125,34.48614501953125
IMG_0030.mp4,2319,77.37737737737739,29.97,530,2,traffic_signs,0.6586591601371765,1465.8533935546875,758.041015625,1508.7730712890625,798.6135864257812,1487.313232421875,778.3273010253906,42.919677734375,40.57257080078125
IMG_0030.mp4,2319,77.37737737737739,29.97,496,1,traffic_lights,0.9096913933753967,1170.20068359375,568.8028564453125,1192.8349609375,614.238525390625,1181.517822265625,591.5206909179688,22.63427734375,45.4356689453125
IMG_0030.mp4,2319,77.37737737737739,29.97,531,2,traffic_signs,0.9037769436836243,861.2893676757812,567.43896484375,946.1480102539062,659.2570190429688,903.7186889648438,613.3479919433594,84.858642578125,91.81805419921875
IMG_0030.mp4,2319,77.37737737737739,29.97,625,2,traffic_signs,0.9412900805473328,476.627685546875,411.2158203125,558.8980102539062,529.577392578125,517.7628479003906,470.3966064453125,82.27032470703125,118.361572265625
IMG_0030.mp4,2319,77.37737737737739,29.97,615,1,traffic_lights,0.7890757918357849,1053.60302734375,723.4398193359375,1069.4000244140625,764.91796875,1061.5015258789062,744.1788940429688,15.7969970703125,41.4781494140625
IMG_0030.mp4,2319,77.37737737737739,29.97,589,2,traffic_signs,0.7142778038978577,1007.045654296875,716.4664916992188,1046.5750732421875,774.2747192382812,1026.8103637695312,745.37060546875,39.5294189453125,57.8082275390625
IMG_0030.mp4,2319,77.37737737737739,29.97,514,0,auth_label,0.8234034776687622,346.2449951171875,444.0611267089844,493.1764831542969,787.9683837890625,419.7107391357422,616.0147552490234,146.93148803710938,343.9072570800781
IMG_0030.mp4,2319,77.37737737737739,29.97,630,0,auth_label,0.9314365386962891,472.9241638183594,454.5702819824219,689.6921997070312,811.4041137695312,581.3081817626953,632.9871978759766,216.76803588867188,356.8338317871094
IMG_0030.mp4,2319,77.37737737737739,29.97,601,1,traffic_lights,0.5803471207618713,1405.2574462890625,763.5892944335938,1434.3221435546875,808.9149780273438,1419.789794921875,786.2521362304688,29.064697265625,45.32568359375
IMG_0030.mp4,2320,77.41074407741074,29.97,542,2,traffic_signs,0.8967061638832092,1409.569580078125,729.6643676757812,1440.275634765625,764.0728149414062,1424.922607421875,746.8685913085938,30.7060546875,34.408447265625
IMG_0030.mp4,2320,77.41074407741074,29.97,530,2,traffic_signs,0.8749263882637024,1466.96240234375,757.6060180664062,1510.539794921875,798.2306518554688,1488.7510986328125,777.9183349609375,43.577392578125,40.6246337890625
IMG_0030.mp4,2320,77.41074407741074,29.97,496,1,traffic_lights,0.9045394062995911,1170.4083251953125,567.420166015625,1193.2156982421875,613.638671875,1181.81201171875,590.5294189453125,22.807373046875,46.218505859375
IMG_0030.mp4,2320,77.41074407741074,29.97,531,2,traffic_signs,0.9196367263793945,858.8330078125,564.794189453125,944.6878051757812,657.021484375,901.7604064941406,610.9078369140625,85.85479736328125,92.227294921875
IMG_0030.mp4,2320,77.41074407741074,29.97,625,2,traffic_signs,0.9456914067268372,466.6965026855469,404.6169738769531,551.0211791992188,526.028076171875,508.8588409423828,465.32252502441406,84.32467651367188,121.41110229492188
IMG_0030.mp4,2320,77.41074407741074,29.97,615,1,traffic_lights,0.6511051058769226,1053.50146484375,723.0219116210938,1069.3104248046875,764.124755859375,1061.4059448242188,743.5733337402344,15.8089599609375,41.10284423828125
IMG_0030.mp4,2320,77.41074407741074,29.97,589,2,traffic_signs,0.7597874999046326,1006.9334106445312,715.8897094726562,1046.125732421875,773.8601684570312,1026.5295715332031,744.8749389648438,39.19232177734375,57.970458984375
IMG_0030.mp4,2320,77.41074407741074,29.97,514,0,auth_label,0.8361498117446899,339.3613586425781,443.72393798828125,484.7669677734375,785.0533447265625,412.0641632080078,614.3886413574219,145.40560913085938,341.32940673828125
IMG_0030.mp4,2320,77.41074407741074,29.97,630,0,auth_label,0.948867678642273,467.191650390625,453.7580871582031,687.644287109375,810.7325439453125,577.41796875,632.2453155517578,220.45263671875,356.9744567871094
IMG_0030.mp4,2320,77.41074407741074,29.97,601,1,traffic_lights,0.5483678579330444,1407.5213623046875,763.7366943359375,1434.0819091796875,808.3255615234375,1420.8016357421875,786.0311279296875,26.560546875,44.5888671875
IMG_0030.mp4,2321,77.44411077744411,29.97,542,2,traffic_signs,0.8958170413970947,1409.8936767578125,729.3339233398438,1440.5838623046875,763.363037109375,1425.23876953125,746.3484802246094,30.690185546875,34.02911376953125
IMG_0030.mp4,2321,77.44411077744411,29.97,530,2,traffic_signs,0.8686913847923279,1468.1927490234375,757.334716796875,1511.23095703125,798.1377563476562,1489.7118530273438,777.7362365722656,43.0382080078125,40.80303955078125
IMG_0030.mp4,2321,77.44411077744411,29.97,496,1,traffic_lights,0.9004198908805847,1169.93603515625,566.3027954101562,1193.0064697265625,612.8428344726562,1181.4712524414062,589.5728149414062,23.0704345703125,46.5400390625
IMG_0030.mp4,2321,77.44411077744411,29.97,531,2,traffic_signs,0.947559118270874,855.5663452148438,561.5568237304688,942.3231201171875,654.3903198242188,898.9447326660156,607.9735717773438,86.75677490234375,92.83349609375
IMG_0030.mp4,2321,77.44411077744411,29.97,625,2,traffic_signs,0.932483971118927,455.95147705078125,397.87115478515625,542.8596801757812,520.8754272460938,499.40557861328125,459.373291015625,86.908203125,123.0042724609375
IMG_0030.mp4,2321,77.44411077744411,29.97,615,1,traffic_lights,0.5284476280212402,1052.91259765625,722.7345581054688,1068.379150390625,763.3573608398438,1060.6458740234375,743.0459594726562,15.466552734375,40.622802734375
IMG_0030.mp4,2321,77.44411077744411,29.97,589,2,traffic_signs,0.7822076082229614,1006.2957763671875,715.337158203125,1045.090087890625,773.455078125,1025.6929321289062,744.3961181640625,38.7943115234375,58.117919921875
IMG_0030.mp4,2321,77.44411077744411,29.97,514,0,auth_label,0.8215150237083435,333.0008850097656,439.2945861816406,472.1267395019531,784.6869506835938,402.5638122558594,611.9907684326172,139.1258544921875,345.3923645019531
IMG_0030.mp4,2321,77.44411077744411,29.97,601,1,traffic_lights,0.571431040763855,1408.917724609375,763.7274780273438,1433.8446044921875,807.7318725585938,1421.3811645507812,785.7296752929688,24.9268798828125,44.00439453125
IMG_0030.mp4,2322,77.47747747747748,29.97,542,2,traffic_signs,0.8977100253105164,1410.2415771484375,728.8790283203125,1441.3499755859375,763.41552734375,1425.7957763671875,746.1472778320312,31.1083984375,34.5364990234375
IMG_0030.mp4,2322,77.47747747747748,29.97,530,2,traffic_signs,0.8600866198539734,1469.341796875,757.0515747070312,1512.267822265625,797.9791870117188,1490.8048095703125,777.515380859375,42.926025390625,40.9276123046875
IMG_0030.mp4,2322,77.47747747747748,29.97,496,1,traffic_lights,0.8957298994064331,1169.329345703125,565.0870361328125,1192.8057861328125,611.7806396484375,1181.0675659179688,588.433837890625,23.4764404296875,46.693603515625
IMG_0030.mp4,2322,77.47747747747748,29.97,531,2,traffic_signs,0.9507619738578796,851.1974487304688,558.1749267578125,939.4635009765625,651.8165893554688,895.3304748535156,604.9957580566406,88.26605224609375,93.64166259765625
IMG_0030.mp4,2322,77.47747747747748,29.97,625,2,traffic_signs,0.9293386340141296,443.9756164550781,391.23736572265625,534.3732299804688,515.8739013671875,489.17442321777344,453.5556335449219,90.39761352539062,124.63653564453125
IMG_0030.mp4,2322,77.47747747747748,29.97,615,1,traffic_lights,0.7894918322563171,1051.994140625,721.0255737304688,1068.0269775390625,763.448486328125,1060.0105590820312,742.2370300292969,16.0328369140625,42.42291259765625
IMG_0030.mp4,2322,77.47747747747748,29.97,589,2,traffic_signs,0.7592943906784058,1005.9440307617188,715.0958862304688,1044.4766845703125,773.4557495117188,1025.2103576660156,744.2758178710938,38.53265380859375,58.35986328125
IMG_0030.mp4,2322,77.47747747747748,29.97,514,0,auth_label,0.8394037485122681,326.4765930175781,436.0875244140625,458.9975280761719,779.0508422851562,392.737060546875,607.5691833496094,132.52093505859375,342.96331787109375
IMG_0030.mp4,2322,77.47747747747748,29.97,601,1,traffic_lights,0.5873849987983704,1409.94482421875,763.6282348632812,1434.5281982421875,807.9196166992188,1422.2365112304688,785.77392578125,24.5833740234375,44.2913818359375
IMG_0030.mp4,2323,77.51084417751085,29.97,542,2,traffic_signs,0.8956968784332275,1410.30859375,728.46533203125,1441.801025390625,763.3646850585938,1426.0548095703125,745.9150085449219,31.492431640625,34.89935302734375
IMG_0030.mp4,2323,77.51084417751085,29.97,530,2,traffic_signs,0.8538969159126282,1470.2542724609375,756.940185546875,1513.240478515625,797.8360595703125,1491.7473754882812,777.3881225585938,42.9862060546875,40.8958740234375
IMG_0030.mp4,2323,77.51084417751085,29.97,496,1,traffic_lights,0.8889281749725342,1168.8033447265625,564.2452392578125,1192.5926513671875,610.7162475585938,1180.697998046875,587.4807434082031,23.789306640625,46.47100830078125
IMG_0030.mp4,2323,77.51084417751085,29.97,531,2,traffic_signs,0.9350566267967224,847.81787109375,554.913330078125,936.5843505859375,649.8009643554688,892.2011108398438,602.3571472167969,88.7664794921875,94.88763427734375
IMG_0030.mp4,2323,77.51084417751085,29.97,625,2,traffic_signs,0.9194052815437317,432.8305358886719,384.1444396972656,525.9072265625,510.9035949707031,479.36888122558594,447.5240173339844,93.07669067382812,126.7591552734375
IMG_0030.mp4,2323,77.51084417751085,29.97,615,1,traffic_lights,0.7525665760040283,1051.046142578125,719.9495849609375,1067.645263671875,763.1166381835938,1059.345703125,741.5331115722656,16.59912109375,43.16705322265625
IMG_0030.mp4,2323,77.51084417751085,29.97,589,2,traffic_signs,0.7314137816429138,1004.8070068359375,715.3444213867188,1044.17138671875,773.1805419921875,1024.4891967773438,744.2624816894531,39.3643798828125,57.83612060546875
IMG_0030.mp4,2323,77.51084417751085,29.97,514,0,auth_label,0.8650659918785095,322.38323974609375,433.5032043457031,445.62493896484375,780.1735229492188,384.00408935546875,606.8383636474609,123.24169921875,346.6703186035156
IMG_0030.mp4,2323,77.51084417751085,29.97,601,1,traffic_lights,0.5037661790847778,1410.7734375,763.9117431640625,1435.0643310546875,807.8922119140625,1422.9188842773438,785.9019775390625,24.2908935546875,43.98046875
IMG_0030.mp4,2324,77.54421087754422,29.97,542,2,traffic_signs,0.886107325553894,1411.280029296875,728.0582275390625,1443.163818359375,762.8984375,1427.221923828125,745.4783325195312,31.8837890625,34.8402099609375
IMG_0030.mp4,2324,77.54421087754422,29.97,530,2,traffic_signs,0.8625412583351135,1471.6055908203125,756.3089599609375,1514.997314453125,797.4945068359375,1493.3014526367188,776.9017333984375,43.3917236328125,41.185546875
IMG_0030.mp4,2324,77.54421087754422,29.97,496,1,traffic_lights,0.8804244995117188,1169.0810546875,563.3469848632812,1192.763671875,609.99365234375,1180.92236328125,586.6703186035156,23.6826171875,46.64666748046875
IMG_0030.mp4,2324,77.54421087754422,29.97,531,2,traffic_signs,0.9230351448059082,844.4682006835938,551.0914916992188,933.7288818359375,647.4778442382812,889.0985412597656,599.28466796875,89.26068115234375,96.3863525390625
IMG_0030.mp4,2324,77.54421087754422,29.97,625,2,traffic_signs,0.9348145723342896,421.2117919921875,376.6337585449219,516.8133544921875,505.7170715332031,469.0125732421875,441.1754150390625,95.6015625,129.08331298828125
IMG_0030.mp4,2324,77.54421087754422,29.97,615,1,traffic_lights,0.7688677906990051,1050.5859375,719.402099609375,1067.3182373046875,762.537841796875,1058.9520874023438,740.969970703125,16.7322998046875,43.1357421875
IMG_0030.mp4,2324,77.54421087754422,29.97,589,2,traffic_signs,0.7335572242736816,1003.871337890625,714.85302734375,1043.767578125,772.3666381835938,1023.8194580078125,743.6098327636719,39.896240234375,57.51361083984375
IMG_0030.mp4,2324,77.54421087754422,29.97,514,0,auth_label,0.8763310313224792,318.5141296386719,429.3782958984375,430.8036804199219,788.0447387695312,374.6589050292969,608.7115173339844,112.28955078125,358.66644287109375
IMG_0030.mp4,2324,77.54421087754422,29.97,601,1,traffic_lights,0.37781819701194763,1412.07275390625,764.104248046875,1435.8070068359375,807.5535278320312,1423.9398803710938,785.8288879394531,23.7342529296875,43.44927978515625
IMG_0030.mp4,2324,77.54421087754422,29.97,630,0,auth_label,0.9103152751922607,422.7560729980469,444.55633544921875,673.9594116210938,807.7440795898438,548.3577423095703,626.1502075195312,251.20333862304688,363.187744140625
IMG_0030.mp4,2325,77.57757757757759,29.97,542,2,traffic_signs,0.884499728679657,1411.9193115234375,727.7932739257812,1444.0302734375,762.4275512695312,1427.9747924804688,745.1104125976562,32.1109619140625,34.63427734375
IMG_0030.mp4,2325,77.57757757757759,29.97,530,2,traffic_signs,0.8671971559524536,1472.426513671875,756.0135498046875,1516.29638671875,797.3634033203125,1494.3614501953125,776.6884765625,43.869873046875,41.349853515625
IMG_0030.mp4,2325,77.57757757757759,29.97,496,1,traffic_lights,0.8935847282409668,1169.136474609375,562.6327514648438,1192.773681640625,609.3846435546875,1180.955078125,586.0086975097656,23.63720703125,46.75189208984375
IMG_0030.mp4,2325,77.57757757757759,29.97,531,2,traffic_signs,0.9210135340690613,840.9312133789062,547.9547119140625,931.477783203125,645.4374389648438,886.2044982910156,596.6960754394531,90.54656982421875,97.48272705078125
IMG_0030.mp4,2325,77.57757757757759,29.97,625,2,traffic_signs,0.9510446190834045,410.20733642578125,369.30322265625,508.05291748046875,500.6832275390625,459.130126953125,434.99322509765625,97.8455810546875,131.3800048828125
IMG_0030.mp4,2325,77.57757757757759,29.97,615,1,traffic_lights,0.7647945880889893,1050.1121826171875,719.0739135742188,1066.865478515625,762.460205078125,1058.4888305664062,740.7670593261719,16.7532958984375,43.38629150390625
IMG_0030.mp4,2325,77.57757757757759,29.97,589,2,traffic_signs,0.7087756395339966,1004.4185791015625,715.7880859375,1043.5172119140625,771.82177734375,1023.9678955078125,743.804931640625,39.0986328125,56.03369140625
IMG_0030.mp4,2325,77.57757757757759,29.97,514,0,auth_label,0.6930095553398132,314.1877746582031,427.1918029785156,418.56402587890625,789.9385375976562,366.3759002685547,608.5651702880859,104.37625122070312,362.7467346191406
IMG_0030.mp4,2325,77.57757757757759,29.97,630,0,auth_label,0.956230103969574,412.2320251464844,441.174560546875,671.552490234375,806.9640502929688,541.8922576904297,624.0693054199219,259.3204650878906,365.78948974609375
IMG_0030.mp4,2326,77.61094427761094,29.97,542,2,traffic_signs,0.7541486024856567,1412.759765625,727.8107299804688,1444.7305908203125,762.2813110351562,1428.7451782226562,745.0460205078125,31.9708251953125,34.4705810546875
IMG_0030.mp4,2326,77.61094427761094,29.97,530,2,traffic_signs,0.8661803007125854,1473.4466552734375,755.9521484375,1517.570068359375,796.887939453125,1495.5083618164062,776.4200439453125,44.1234130859375,40.935791015625
IMG_0030.mp4,2326,77.61094427761094,29.97,496,1,traffic_lights,0.8866798877716064,1169.302734375,561.5946044921875,1193.0093994140625,608.7539672851562,1181.1560668945312,585.1742858886719,23.7066650390625,47.15936279296875
IMG_0030.mp4,2326,77.61094427761094,29.97,531,2,traffic_signs,0.9176703095436096,837.88330078125,544.7239990234375,929.3773193359375,642.2506103515625,883.6303100585938,593.4873046875,91.4940185546875,97.526611328125
IMG_0030.mp4,2326,77.61094427761094,29.97,625,2,traffic_signs,0.9316514134407043,399.1402282714844,362.7193908691406,499.99029541015625,495.3272705078125,449.5652618408203,429.02333068847656,100.85006713867188,132.60787963867188
IMG_0030.mp4,2326,77.61094427761094,29.97,615,1,traffic_lights,0.8088422417640686,1050.113525390625,718.5828857421875,1066.734619140625,762.4070434570312,1058.424072265625,740.4949645996094,16.62109375,43.82415771484375
IMG_0030.mp4,2326,77.61094427761094,29.97,589,2,traffic_signs,0.6591459512710571,1004.0919189453125,715.521728515625,1043.4244384765625,771.5938110351562,1023.7581787109375,743.5577697753906,39.33251953125,56.07208251953125
IMG_0030.mp4,2326,77.61094427761094,29.97,514,0,auth_label,0.7655952572822571,311.6336364746094,428.91448974609375,405.5323791503906,787.0681762695312,358.5830078125,607.9913330078125,93.89874267578125,358.1536865234375
IMG_0030.mp4,2326,77.61094427761094,29.97,630,0,auth_label,0.935358464717865,402.8358154296875,437.9273986816406,669.4332275390625,806.161376953125,536.134521484375,622.0443878173828,266.597412109375,368.2339782714844
IMG_0030.mp4,2327,77.64431097764431,29.97,542,2,traffic_signs,0.9040588140487671,1412.35498046875,727.3411865234375,1445.9481201171875,762.462158203125,1429.1515502929688,744.9016723632812,33.5931396484375,35.1209716796875
IMG_0030.mp4,2327,77.64431097764431,29.97,530,2,traffic_signs,0.8822101354598999,1474.9510498046875,755.46875,1519.1890869140625,796.6884765625,1497.070068359375,776.07861328125,44.238037109375,41.2197265625
IMG_0030.mp4,2327,77.64431097764431,29.97,496,1,traffic_lights,0.8909133672714233,1169.4735107421875,560.6577758789062,1192.83837890625,607.5227661132812,1181.1559448242188,584.0902709960938,23.3648681640625,46.864990234375
IMG_0030.mp4,2327,77.64431097764431,29.97,531,2,traffic_signs,0.9145810604095459,834.48095703125,541.5239868164062,926.8451538085938,639.3154907226562,880.6630554199219,590.4197387695312,92.36419677734375,97.79150390625
IMG_0030.mp4,2327,77.64431097764431,29.97,625,2,traffic_signs,0.7514494061470032,387.2078857421875,355.3287353515625,490.56280517578125,490.17919921875,438.8853454589844,422.75396728515625,103.35491943359375,134.8504638671875
IMG_0030.mp4,2327,77.64431097764431,29.97,615,1,traffic_lights,0.8283345699310303,1049.66162109375,718.3134155273438,1066.28271484375,762.196044921875,1057.97216796875,740.2547302246094,16.62109375,43.88262939453125
IMG_0030.mp4,2327,77.64431097764431,29.97,589,2,traffic_signs,0.507387101650238,1003.1696166992188,714.7577514648438,1042.7703857421875,771.4105224609375,1022.9700012207031,743.0841369628906,39.60076904296875,56.65277099609375
IMG_0030.mp4,2327,77.64431097764431,29.97,514,0,auth_label,0.8776186108589172,305.93389892578125,432.8069763183594,394.81011962890625,779.8405151367188,350.37200927734375,606.3237457275391,88.876220703125,347.0335388183594
IMG_0030.mp4,2327,77.64431097764431,29.97,630,0,auth_label,0.8003347516059875,386.99041748046875,434.98565673828125,665.8004150390625,805.406982421875,526.3954162597656,620.1963195800781,278.80999755859375,370.42132568359375
IMG_0030.mp4,2328,77.67767767767768,29.97,542,2,traffic_signs,0.9091050624847412,1413.019287109375,726.7869262695312,1447.31005859375,762.5631713867188,1430.1646728515625,744.675048828125,34.290771484375,35.7762451171875
IMG_0030.mp4,2328,77.67767767767768,29.97,530,2,traffic_signs,0.897142767906189,1476.818115234375,755.0352172851562,1521.4324951171875,796.357666015625,1499.1253051757812,775.6964416503906,44.6143798828125,41.32244873046875
IMG_0030.mp4,2328,77.67767767767768,29.97,496,1,traffic_lights,0.8925948143005371,1169.342529296875,559.2603149414062,1192.870849609375,606.550537109375,1181.106689453125,582.9054260253906,23.5283203125,47.29022216796875
IMG_0030.mp4,2328,77.67767767767768,29.97,531,2,traffic_signs,0.8252460360527039,831.0822143554688,537.8470458984375,924.0349731445312,636.8864135742188,877.55859375,587.3667297363281,92.9527587890625,99.03936767578125
IMG_0030.mp4,2328,77.67767767767768,29.97,625,2,traffic_signs,0.9521791934967041,373.93865966796875,346.7364501953125,480.4910888671875,484.0840148925781,427.2148742675781,415.4102325439453,106.55242919921875,137.34756469726562
IMG_0030.mp4,2328,77.67767767767768,29.97,615,1,traffic_lights,0.8357017040252686,1048.91650390625,717.8241577148438,1065.923583984375,762.3915405273438,1057.4200439453125,740.1078491210938,17.007080078125,44.5673828125
IMG_0030.mp4,2328,77.67767767767768,29.97,589,2,traffic_signs,0.7624680995941162,1002.062744140625,712.9690551757812,1039.1976318359375,770.67529296875,1020.6301879882812,741.8221740722656,37.1348876953125,57.70623779296875
IMG_0030.mp4,2328,77.67767767767768,29.97,630,0,auth_label,0.7836858034133911,366.851806640625,430.8432312011719,660.9509887695312,803.7748413085938,513.9013977050781,617.3090362548828,294.09918212890625,372.9316101074219
IMG_0030.mp4,2329,77.71104437771105,29.97,542,2,traffic_signs,0.9078090786933899,1413.6060791015625,726.1458740234375,1448.2657470703125,762.373779296875,1430.9359130859375,744.2598266601562,34.65966796875,36.2279052734375
IMG_0030.mp4,2329,77.71104437771105,29.97,530,2,traffic_signs,0.7580975294113159,1477.1309814453125,754.6895751953125,1522.5777587890625,796.5488891601562,1499.8543701171875,775.6192321777344,45.44677734375,41.85931396484375
IMG_0030.mp4,2329,77.71104437771105,29.97,496,1,traffic_lights,0.8946353197097778,1169.2008056640625,558.0436401367188,1192.6912841796875,605.5797729492188,1180.946044921875,581.8117065429688,23.490478515625,47.5361328125
IMG_0030.mp4,2329,77.71104437771105,29.97,531,2,traffic_signs,0.9479064345359802,826.36181640625,534.0800170898438,921.3065185546875,634.6580810546875,873.8341674804688,584.3690490722656,94.9447021484375,100.57806396484375
IMG_0030.mp4,2329,77.71104437771105,29.97,625,2,traffic_signs,0.9565921425819397,360.64959716796875,339.5134582519531,470.406494140625,478.4781799316406,415.5280456542969,408.9958190917969,109.75689697265625,138.9647216796875
IMG_0030.mp4,2329,77.71104437771105,29.97,615,1,traffic_lights,0.8444933295249939,1047.861083984375,717.3282470703125,1065.2803955078125,762.5540771484375,1056.5707397460938,739.941162109375,17.4193115234375,45.225830078125
IMG_0030.mp4,2329,77.71104437771105,29.97,589,2,traffic_signs,0.6787903904914856,1003.5952758789062,716.7388305664062,1039.3896484375,770.962158203125,1021.4924621582031,743.8504943847656,35.79437255859375,54.22332763671875
IMG_0030.mp4,2329,77.71104437771105,29.97,630,0,auth_label,0.3538075089454651,344.8969421386719,427.7006530761719,658.4339599609375,804.1512451171875,501.6654510498047,615.9259490966797,313.5370178222656,376.4505920410156
IMG_0030.mp4,2330,77.74441107774442,29.97,542,2,traffic_signs,0.9030448198318481,1414.483642578125,725.6889038085938,1449.341064453125,762.3652954101562,1431.912353515625,744.027099609375,34.857421875,36.6763916015625
IMG_0030.mp4,2330,77.74441107774442,29.97,530,2,traffic_signs,0.8951665759086609,1477.6038818359375,754.2403564453125,1523.3681640625,796.5228881835938,1500.4860229492188,775.3816223144531,45.7642822265625,42.28253173828125
IMG_0030.mp4,2330,77.74441107774442,29.97,496,1,traffic_lights,0.9039117097854614,1168.9327392578125,556.9187622070312,1192.46923828125,604.6373901367188,1180.7009887695312,580.778076171875,23.5364990234375,47.7186279296875
IMG_0030.mp4,2330,77.74441107774442,29.97,531,2,traffic_signs,0.8054490089416504,822.4034423828125,530.4993286132812,918.6115112304688,631.94775390625,870.5074768066406,581.2235412597656,96.20806884765625,101.44842529296875
IMG_0030.mp4,2330,77.74441107774442,29.97,625,2,traffic_signs,0.9455888271331787,347.38507080078125,331.3095397949219,461.1307373046875,471.7850036621094,404.2579040527344,401.5472717285156,113.74566650390625,140.4754638671875
IMG_0030.mp4,2330,77.74441107774442,29.97,615,1,traffic_lights,0.840525209903717,1047.30908203125,717.1325073242188,1064.7645263671875,762.1002197265625,1056.0368041992188,739.6163635253906,17.4554443359375,44.96771240234375
IMG_0030.mp4,2330,77.74441107774442,29.97,589,2,traffic_signs,0.7069939970970154,1001.9547729492188,713.4405517578125,1037.56396484375,770.6353149414062,1019.7593688964844,742.0379333496094,35.60919189453125,57.19476318359375
IMG_0030.mp4,2330,77.74441107774442,29.97,630,0,auth_label,0.8040647506713867,312.35064697265625,425.370849609375,656.1714477539062,803.2701416015625,484.26104736328125,614.3204956054688,343.82080078125,377.8992919921875
IMG_0030.mp4,2331,77.77777777777779,29.97,542,2,traffic_signs,0.9154042601585388,1415.4134521484375,725.1815185546875,1450.2462158203125,762.2544555664062,1432.829833984375,743.7179870605469,34.832763671875,37.07293701171875
IMG_0030.mp4,2331,77.77777777777779,29.97,530,2,traffic_signs,0.8924492597579956,1478.2843017578125,754.0444946289062,1524.1197509765625,796.3660278320312,1501.2020263671875,775.2052612304688,45.83544921875,42.321533203125
IMG_0030.mp4,2331,77.77777777777779,29.97,496,1,traffic_lights,0.9049261212348938,1168.7955322265625,555.8720092773438,1192.3253173828125,603.8052978515625,1180.5604248046875,579.8386535644531,23.52978515625,47.93328857421875
IMG_0030.mp4,2331,77.77777777777779,29.97,531,2,traffic_signs,0.9348182082176208,819.111572265625,527.1110229492188,915.9946899414062,628.859619140625,867.5531311035156,577.9853210449219,96.88311767578125,101.74859619140625
IMG_0030.mp4,2331,77.77777777777779,29.97,625,2,traffic_signs,0.4552096128463745,333.24298095703125,320.7488098144531,451.85968017578125,466.7386779785156,392.55133056640625,393.7437438964844,118.61669921875,145.9898681640625
IMG_0030.mp4,2331,77.77777777777779,29.97,615,1,traffic_lights,0.8072772026062012,1046.913330078125,716.9180297851562,1064.4219970703125,761.6553344726562,1055.6676635742188,739.2866821289062,17.5086669921875,44.7373046875
IMG_0030.mp4,2331,77.77777777777779,29.97,589,2,traffic_signs,0.7834702134132385,999.868408203125,711.1776733398438,1036.085693359375,770.4043579101562,1017.97705078125,740.791015625,36.21728515625,59.2266845703125
IMG_0030.mp4,2331,77.77777777777779,29.97,630,0,auth_label,0.4661303162574768,297.401611328125,421.19921875,648.7607421875,800.6908569335938,473.0811767578125,610.9450378417969,351.359130859375,379.49163818359375
IMG_0030.mp4,2332,77.81114447781114,29.97,542,2,traffic_signs,0.9163909554481506,1416.0076904296875,724.5546875,1451.3634033203125,762.3986206054688,1433.685546875,743.4766540527344,35.355712890625,37.84393310546875
IMG_0030.mp4,2332,77.81114447781114,29.97,530,2,traffic_signs,0.8859421610832214,1479.5648193359375,753.7321166992188,1525.1944580078125,795.9031982421875,1502.379638671875,774.8176574707031,45.629638671875,42.17108154296875
IMG_0030.mp4,2332,77.81114447781114,29.97,496,1,traffic_lights,0.902755856513977,1168.7261962890625,554.7452392578125,1192.3140869140625,603.0547485351562,1180.5201416015625,578.8999938964844,23.587890625,48.30950927734375
IMG_0030.mp4,2332,77.81114447781114,29.97,531,2,traffic_signs,0.9357082843780518,814.90576171875,522.9712524414062,912.94775390625,626.1102905273438,863.9267578125,574.540771484375,98.0419921875,103.1390380859375
IMG_0030.mp4,2332,77.81114447781114,29.97,625,2,traffic_signs,0.9595035910606384,319.22259521484375,313.7617492675781,440.540283203125,459.7908935546875,379.8814392089844,386.7763214111328,121.31768798828125,146.02914428710938
IMG_0030.mp4,2332,77.81114447781114,29.97,615,1,traffic_lights,0.633122980594635,1046.2255859375,716.538818359375,1064.06396484375,761.5045776367188,1055.144775390625,739.0216979980469,17.83837890625,44.96575927734375
IMG_0030.mp4,2332,77.81114447781114,29.97,589,2,traffic_signs,0.27044984698295593,997.4330444335938,708.3311767578125,1035.7745361328125,771.0450439453125,1016.6037902832031,739.6881103515625,38.34149169921875,62.7138671875
IMG_0030.mp4,2332,77.81114447781114,29.97,630,0,auth_label,0.5191947221755981,283.73736572265625,418.3335876464844,643.8525390625,798.4992065429688,463.7949523925781,608.4163970947266,360.11517333984375,380.1656188964844
IMG_0030.mp4,2333,77.84451117784451,29.97,542,2,traffic_signs,0.910798966884613,1416.7391357421875,724.3623657226562,1452.6429443359375,762.2219848632812,1434.6910400390625,743.2921752929688,35.90380859375,37.859619140625
IMG_0030.mp4,2333,77.84451117784451,29.97,530,2,traffic_signs,0.8826174139976501,1480.8997802734375,753.4149169921875,1527.171875,795.6726684570312,1504.0358276367188,774.5437927246094,46.2720947265625,42.25775146484375
IMG_0030.mp4,2333,77.84451117784451,29.97,496,1,traffic_lights,0.9052502512931824,1168.630615234375,553.6856689453125,1192.316650390625,602.2548217773438,1180.4736328125,577.9702453613281,23.68603515625,48.56915283203125
IMG_0030.mp4,2333,77.84451117784451,29.97,531,2,traffic_signs,0.9316869974136353,810.7032470703125,518.9408569335938,909.72314453125,623.1553955078125,860.2131958007812,571.0481262207031,99.0198974609375,104.21453857421875
IMG_0030.mp4,2333,77.84451117784451,29.97,625,2,traffic_signs,0.9585923552513123,304.9201354980469,304.9318542480469,428.90460205078125,453.6288757324219,366.91236877441406,379.2803649902344,123.98446655273438,148.697021484375
IMG_0030.mp4,2333,77.84451117784451,29.97,615,1,traffic_lights,0.5818326473236084,1045.9857177734375,716.04052734375,1063.6727294921875,760.6058349609375,1054.8292236328125,738.3231811523438,17.68701171875,44.5653076171875
IMG_0030.mp4,2333,77.84451117784451,29.97,589,2,traffic_signs,0.846467137336731,995.8854370117188,707.2536010742188,1035.4476318359375,770.980712890625,1015.6665344238281,739.1171569824219,39.56219482421875,63.72711181640625
IMG_0030.mp4,2333,77.84451117784451,29.97,630,0,auth_label,0.5296557545661926,273.6901550292969,415.27325439453125,636.5830078125,798.0091552734375,455.13658142089844,606.6412048339844,362.8928527832031,382.73590087890625
IMG_0030.mp4,2333,77.84451117784451,29.97,645,1,traffic_lights,0.42174437642097473,1421.77099609375,757.5457763671875,1461.2860107421875,810.7592163085938,1441.5285034179688,784.1524963378906,39.5150146484375,53.21343994140625
IMG_0030.mp4,2334,77.87787787787788,29.97,542,2,traffic_signs,0.9124149680137634,1417.755859375,723.8475952148438,1453.8731689453125,762.1881103515625,1435.8145141601562,743.0178527832031,36.1173095703125,38.34051513671875
IMG_0030.mp4,2334,77.87787787787788,29.97,530,2,traffic_signs,0.8823504447937012,1482.1951904296875,752.7139892578125,1528.777099609375,795.2705688476562,1505.4861450195312,773.9922790527344,46.5819091796875,42.55657958984375
IMG_0030.mp4,2334,77.87787787787788,29.97,496,1,traffic_lights,0.9030275940895081,1168.598388671875,552.6658325195312,1192.531494140625,601.3892211914062,1180.56494140625,577.0275268554688,23.93310546875,48.723388671875
IMG_0030.mp4,2334,77.87787787787788,29.97,531,2,traffic_signs,0.9299669861793518,806.8795776367188,515.1732177734375,906.8102416992188,620.1622314453125,856.8449096679688,567.667724609375,99.9306640625,104.989013671875
IMG_0030.mp4,2334,77.87787787787788,29.97,625,2,traffic_signs,0.9560332894325256,288.9750671386719,294.3923645019531,417.37176513671875,446.2198181152344,353.1734161376953,370.30609130859375,128.39669799804688,151.82745361328125
IMG_0030.mp4,2334,77.87787787787788,29.97,615,1,traffic_lights,0.6595281362533569,1045.6173095703125,716.078125,1063.2000732421875,760.4022827148438,1054.40869140625,738.2402038574219,17.582763671875,44.32415771484375
IMG_0030.mp4,2334,77.87787787787788,29.97,589,2,traffic_signs,0.854809582233429,994.808837890625,706.5164184570312,1035.4840087890625,771.2350463867188,1015.1464233398438,738.875732421875,40.6751708984375,64.7186279296875
IMG_0030.mp4,2334,77.87787787787788,29.97,630,0,auth_label,0.4970918595790863,266.79840087890625,412.5190124511719,637.0630493164062,797.233154296875,451.93072509765625,604.8760833740234,370.2646484375,384.7141418457031
IMG_0030.mp4,2334,77.87787787787788,29.97,645,1,traffic_lights,0.554747462272644,1421.5208740234375,757.3285522460938,1461.278076171875,810.3368530273438,1441.3994750976562,783.8327026367188,39.7572021484375,53.00830078125
IMG_0030.mp4,2335,77.91124457791125,29.97,542,2,traffic_signs,0.9051143527030945,1418.6270751953125,723.34814453125,1454.763427734375,761.7490234375,1436.6952514648438,742.548583984375,36.1363525390625,38.40087890625
IMG_0030.mp4,2335,77.91124457791125,29.97,530,2,traffic_signs,0.8653643727302551,1483.435791015625,752.4026489257812,1530.032470703125,794.6692504882812,1506.734130859375,773.5359497070312,46.5966796875,42.2666015625
IMG_0030.mp4,2335,77.91124457791125,29.97,496,1,traffic_lights,0.9017972350120544,1168.244384765625,551.9253540039062,1192.6510009765625,600.745849609375,1180.4476928710938,576.3356018066406,24.4066162109375,48.82049560546875
IMG_0030.mp4,2335,77.91124457791125,29.97,531,2,traffic_signs,0.9501043558120728,802.3980102539062,511.3979187011719,904.0106811523438,616.8722534179688,853.204345703125,564.1350860595703,101.6126708984375,105.47433471679688
IMG_0030.mp4,2335,77.91124457791125,29.97,625,2,traffic_signs,0.9620219469070435,275.11041259765625,285.40228271484375,407.19061279296875,439.8133239746094,341.1505126953125,362.60780334472656,132.0802001953125,154.41104125976562
IMG_0030.mp4,2335,77.91124457791125,29.97,615,1,traffic_lights,0.8744267225265503,1045.246337890625,715.4718627929688,1062.86181640625,760.0545654296875,1054.0540771484375,737.7632141113281,17.615478515625,44.58270263671875
IMG_0030.mp4,2335,77.91124457791125,29.97,589,2,traffic_signs,0.8428567051887512,994.2750244140625,706.0361938476562,1035.53369140625,770.254150390625,1014.9043579101562,738.1451721191406,41.2586669921875,64.21795654296875
IMG_0030.mp4,2335,77.91124457791125,29.97,630,0,auth_label,0.2889670133590698,257.6484680175781,409.4775390625,638.6907958984375,797.6124877929688,448.1696319580078,603.5450134277344,381.0423278808594,388.13494873046875
IMG_0030.mp4,2335,77.91124457791125,29.97,645,1,traffic_lights,0.5668228268623352,1421.33349609375,756.7984008789062,1461.8427734375,809.8209838867188,1441.588134765625,783.3096923828125,40.50927734375,53.0225830078125
IMG_0030.mp4,2336,77.94461127794462,29.97,542,2,traffic_signs,0.9057161211967468,1419.968505859375,722.7975463867188,1455.9693603515625,761.0619506835938,1437.9689331054688,741.9297485351562,36.0008544921875,38.264404296875
IMG_0030.mp4,2336,77.94461127794462,29.97,530,2,traffic_signs,0.8637104630470276,1486.05810546875,752.07568359375,1531.498779296875,794.3018188476562,1508.7784423828125,773.1887512207031,45.440673828125,42.22613525390625
IMG_0030.mp4,2336,77.94461127794462,29.97,496,1,traffic_lights,0.9026267528533936,1168.1748046875,551.1740112304688,1192.7232666015625,600.091064453125,1180.4490356445312,575.6325378417969,24.5484619140625,48.91705322265625
IMG_0030.mp4,2336,77.94461127794462,29.97,531,2,traffic_signs,0.9465029835700989,797.9517211914062,507.2370300292969,901.2317504882812,613.7548217773438,849.5917358398438,560.4959259033203,103.280029296875,106.51779174804688
IMG_0030.mp4,2336,77.94461127794462,29.97,625,2,traffic_signs,0.963190495967865,259.1080322265625,275.47064208984375,395.8545227050781,432.8958435058594,327.4812774658203,354.18324279785156,136.74649047851562,157.42520141601562
IMG_0030.mp4,2336,77.94461127794462,29.97,615,1,traffic_lights,0.860495388507843,1044.7872314453125,715.092041015625,1062.552978515625,759.5398559570312,1053.6701049804688,737.3159484863281,17.7657470703125,44.44781494140625
IMG_0030.mp4,2336,77.94461127794462,29.97,589,2,traffic_signs,0.8428362011909485,993.7726440429688,705.9315185546875,1034.8922119140625,769.7321166992188,1014.3324279785156,737.8318176269531,41.11956787109375,63.80059814453125
IMG_0030.mp4,2336,77.94461127794462,29.97,645,1,traffic_lights,0.5313463807106018,1423.1805419921875,757.3710327148438,1461.5980224609375,808.9242553710938,1442.3892822265625,783.1476440429688,38.41748046875,51.55322265625
IMG_0030.mp4,2337,77.97797797797799,29.97,542,2,traffic_signs,0.8948864340782166,1421.3587646484375,722.2265625,1457.18701171875,760.8571166992188,1439.2728881835938,741.5418395996094,35.8282470703125,38.63055419921875
IMG_0030.mp4,2337,77.97797797797799,29.97,530,2,traffic_signs,0.8699133992195129,1486.638427734375,751.646484375,1533.389404296875,794.33203125,1510.013916015625,772.9892578125,46.7509765625,42.685546875
IMG_0030.mp4,2337,77.97797797797799,29.97,496,1,traffic_lights,0.9143937230110168,1168.3515625,550.1519775390625,1192.9310302734375,599.634033203125,1180.6412963867188,574.8930053710938,24.5794677734375,49.4820556640625
IMG_0030.mp4,2337,77.97797797797799,29.97,531,2,traffic_signs,0.8476957678794861,795.011474609375,503.2996520996094,897.89892578125,610.5706787109375,846.4552001953125,556.9351654052734,102.887451171875,107.27102661132812
IMG_0030.mp4,2337,77.97797797797799,29.97,625,2,traffic_signs,0.9486526250839233,243.44972229003906,265.9532470703125,385.0388488769531,425.41033935546875,314.2442855834961,345.6817932128906,141.58912658691406,159.45709228515625
IMG_0030.mp4,2337,77.97797797797799,29.97,615,1,traffic_lights,0.8325600624084473,1044.442626953125,714.6829833984375,1061.862548828125,758.8648681640625,1053.152587890625,736.77392578125,17.419921875,44.181884765625
IMG_0030.mp4,2337,77.97797797797799,29.97,589,2,traffic_signs,0.8429768085479736,993.5997924804688,705.830810546875,1034.2945556640625,769.0517578125,1013.9471740722656,737.4412841796875,40.69476318359375,63.220947265625
IMG_0030.mp4,2337,77.97797797797799,29.97,645,1,traffic_lights,0.6975135803222656,1423.8826904296875,758.0945434570312,1451.85791015625,806.8714599609375,1437.8703002929688,782.4830017089844,27.9752197265625,48.77691650390625
IMG_0030.mp4,2338,78.01134467801134,29.97,542,2,traffic_signs,0.8930889964103699,1422.7464599609375,721.5880126953125,1458.6942138671875,760.6209716796875,1440.7203369140625,741.1044921875,35.94775390625,39.032958984375
IMG_0030.mp4,2338,78.01134467801134,29.97,530,2,traffic_signs,0.8695395588874817,1487.9815673828125,751.0343017578125,1535.2694091796875,794.4691162109375,1511.62548828125,772.751708984375,47.287841796875,43.434814453125
IMG_0030.mp4,2338,78.01134467801134,29.97,496,1,traffic_lights,0.9050596952438354,1168.8226318359375,549.0709228515625,1193.318603515625,598.7639770507812,1181.0706176757812,573.9174499511719,24.4959716796875,49.69305419921875
IMG_0030.mp4,2338,78.01134467801134,29.97,531,2,traffic_signs,0.9492773413658142,790.7816772460938,499.127197265625,895.3440551757812,607.81298828125,843.0628662109375,553.4700927734375,104.5623779296875,108.685791015625
IMG_0030.mp4,2338,78.01134467801134,29.97,625,2,traffic_signs,0.946044921875,226.37107849121094,254.11058044433594,371.9283752441406,418.54010009765625,299.1497268676758,336.3253402709961,145.5572967529297,164.4295196533203
IMG_0030.mp4,2338,78.01134467801134,29.97,615,1,traffic_lights,0.8216491937637329,1044.1533203125,714.2367553710938,1061.53857421875,758.0245971679688,1052.845947265625,736.1306762695312,17.38525390625,43.787841796875
IMG_0030.mp4,2338,78.01134467801134,29.97,589,2,traffic_signs,0.8487603068351746,993.2835693359375,705.4868774414062,1034.028076171875,768.48583984375,1013.6558227539062,736.9863586425781,40.7445068359375,62.99896240234375
IMG_0030.mp4,2338,78.01134467801134,29.97,645,1,traffic_lights,0.46653062105178833,1425.6888427734375,757.9500732421875,1454.3768310546875,806.6929321289062,1440.0328369140625,782.3215026855469,28.68798828125,48.74285888671875
IMG_0030.mp4,2339,78.04471137804471,29.97,542,2,traffic_signs,0.904147207736969,1423.396484375,721.256103515625,1459.0377197265625,759.9398803710938,1441.2171020507812,740.5979919433594,35.6412353515625,38.68377685546875
IMG_0030.mp4,2339,78.04471137804471,29.97,530,2,traffic_signs,0.8634656667709351,1488.5748291015625,750.3749389648438,1536.373291015625,794.067626953125,1512.4740600585938,772.2212829589844,47.7984619140625,43.69268798828125
IMG_0030.mp4,2339,78.04471137804471,29.97,496,1,traffic_lights,0.9113391637802124,1168.6292724609375,548.2114868164062,1192.9840087890625,597.93359375,1180.806640625,573.0725402832031,24.354736328125,49.72210693359375
IMG_0030.mp4,2339,78.04471137804471,29.97,531,2,traffic_signs,0.9467781782150269,786.4882202148438,495.1252136230469,892.3441162109375,604.7257080078125,839.4161682128906,549.9254608154297,105.85589599609375,109.60049438476562
IMG_0030.mp4,2339,78.04471137804471,29.97,625,2,traffic_signs,0.9505483508110046,209.59188842773438,243.9510955810547,360.6690979003906,410.81158447265625,285.1304931640625,327.38134002685547,151.07720947265625,166.86048889160156
IMG_0030.mp4,2339,78.04471137804471,29.97,615,1,traffic_lights,0.8481367230415344,1043.8311767578125,713.6763916015625,1060.6717529296875,757.4228515625,1052.25146484375,735.5496215820312,16.840576171875,43.7464599609375
IMG_0030.mp4,2339,78.04471137804471,29.97,589,2,traffic_signs,0.8431271314620972,992.902099609375,705.0553588867188,1033.00146484375,768.0235595703125,1012.9517822265625,736.5394592285156,40.099365234375,62.96820068359375
IMG_0030.mp4,2339,78.04471137804471,29.97,645,1,traffic_lights,0.4555777609348297,1426.7406005859375,757.6073608398438,1449.8773193359375,805.8892211914062,1438.3089599609375,781.748291015625,23.13671875,48.2818603515625
IMG_0030.mp4,2340,78.07807807807808,29.97,542,2,traffic_signs,0.9011046886444092,1423.842529296875,720.596923828125,1460.074462890625,759.6494750976562,1441.95849609375,740.1231994628906,36.23193359375,39.05255126953125
IMG_0030.mp4,2340,78.07807807807808,29.97,530,2,traffic_signs,0.8647598624229431,1489.5323486328125,750.0974731445312,1537.7425537109375,793.6896362304688,1513.637451171875,771.8935546875,48.210205078125,43.5921630859375
IMG_0030.mp4,2340,78.07807807807808,29.97,496,1,traffic_lights,0.9090644121170044,1168.638916015625,547.315673828125,1192.94287109375,597.19384765625,1180.7908935546875,572.2547607421875,24.303955078125,49.878173828125
IMG_0030.mp4,2340,78.07807807807808,29.97,531,2,traffic_signs,0.9370172023773193,783.01123046875,491.0081481933594,889.7817993164062,601.800537109375,836.3965148925781,546.4043426513672,106.77056884765625,110.79238891601562
IMG_0030.mp4,2340,78.07807807807808,29.97,625,2,traffic_signs,0.9393725395202637,192.98013305664062,233.59446716308594,348.5804748535156,404.4335021972656,270.7803039550781,319.0139846801758,155.600341796875,170.8390350341797
IMG_0030.mp4,2340,78.07807807807808,29.97,615,1,traffic_lights,0.8490790128707886,1043.1865234375,713.285888671875,1060.2586669921875,757.5438232421875,1051.7225952148438,735.4148559570312,17.0721435546875,44.2579345703125
IMG_0030.mp4,2340,78.07807807807808,29.97,589,2,traffic_signs,0.8387621641159058,992.896728515625,704.4078369140625,1032.601806640625,768.4719848632812,1012.749267578125,736.4399108886719,39.705078125,64.06414794921875
IMG_0030.mp4,2340,78.07807807807808,29.97,645,1,traffic_lights,0.638395369052887,1426.953125,757.2135620117188,1448.3797607421875,806.0525512695312,1437.6664428710938,781.633056640625,21.4266357421875,48.8389892578125
IMG_0030.mp4,2341,78.11144477811145,29.97,542,2,traffic_signs,0.8981351256370544,1424.8101806640625,719.9931030273438,1460.7252197265625,758.5580444335938,1442.7677001953125,739.2755737304688,35.9150390625,38.56494140625
IMG_0030.mp4,2341,78.11144477811145,29.97,530,2,traffic_signs,0.8446739315986633,1492.0994873046875,749.94287109375,1539.5413818359375,793.2094116210938,1515.8204345703125,771.5761413574219,47.44189453125,43.26654052734375
IMG_0030.mp4,2341,78.11144477811145,29.97,496,1,traffic_lights,0.9097930788993835,1168.641357421875,546.18798828125,1192.9803466796875,595.9725952148438,1180.8108520507812,571.0802917480469,24.3389892578125,49.78460693359375
IMG_0030.mp4,2341,78.11144477811145,29.97,531,2,traffic_signs,0.9473468065261841,778.357666015625,486.6535949707031,886.4598999023438,598.7256469726562,832.4087829589844,542.6896209716797,108.10223388671875,112.07205200195312
IMG_0030.mp4,2341,78.11144477811145,29.97,625,2,traffic_signs,0.9240462183952332,174.10662841796875,221.66961669921875,336.3958435058594,395.97821044921875,255.25123596191406,308.82391357421875,162.28921508789062,174.30859375
IMG_0030.mp4,2341,78.11144477811145,29.97,615,1,traffic_lights,0.8307380676269531,1042.74560546875,712.80126953125,1059.726806640625,757.2860107421875,1051.2362060546875,735.0436401367188,16.981201171875,44.4847412109375
IMG_0030.mp4,2341,78.11144477811145,29.97,589,2,traffic_signs,0.8352395296096802,992.08642578125,703.8050537109375,1032.1346435546875,768.4548950195312,1012.1105346679688,736.1299743652344,40.0482177734375,64.64984130859375
IMG_0030.mp4,2341,78.11144477811145,29.97,645,1,traffic_lights,0.49728846549987793,1426.650146484375,755.7730712890625,1455.3094482421875,806.5501708984375,1440.9797973632812,781.16162109375,28.6593017578125,50.777099609375
IMG_0030.mp4,2342,78.14481147814482,29.97,542,2,traffic_signs,0.9053778052330017,1426.0489501953125,719.5631103515625,1461.98388671875,758.2952270507812,1444.0164184570312,738.9291687011719,35.9349365234375,38.73211669921875
IMG_0030.mp4,2342,78.14481147814482,29.97,530,2,traffic_signs,0.843948483467102,1494.1973876953125,749.6041870117188,1541.3909912109375,793.1964721679688,1517.794189453125,771.4003295898438,47.193603515625,43.59228515625
IMG_0030.mp4,2342,78.14481147814482,29.97,496,1,traffic_lights,0.9103633761405945,1168.7850341796875,544.9983520507812,1193.0137939453125,595.0599975585938,1180.8994140625,570.0291748046875,24.228759765625,50.0616455078125
IMG_0030.mp4,2342,78.14481147814482,29.97,531,2,traffic_signs,0.9420248866081238,773.468017578125,482.1076965332031,883.372314453125,596.0736083984375,828.420166015625,539.0906524658203,109.904296875,113.96591186523438
IMG_0030.mp4,2342,78.14481147814482,29.97,625,2,traffic_signs,0.9040932059288025,154.71739196777344,209.8350067138672,322.2161560058594,387.55889892578125,238.4667739868164,298.6969528198242,167.49876403808594,177.72389221191406
IMG_0030.mp4,2342,78.14481147814482,29.97,615,1,traffic_lights,0.8378798961639404,1042.4066162109375,712.4563598632812,1059.323486328125,757.2997436523438,1050.8650512695312,734.8780517578125,16.9168701171875,44.8433837890625
IMG_0030.mp4,2342,78.14481147814482,29.97,589,2,traffic_signs,0.8356503248214722,991.3434448242188,703.2418212890625,1031.867431640625,768.1719360351562,1011.6054382324219,735.7068786621094,40.52398681640625,64.93011474609375
IMG_0030.mp4,2342,78.14481147814482,29.97,645,1,traffic_lights,0.5703145265579224,1428.367919921875,755.2986450195312,1462.549560546875,807.8032836914062,1445.458740234375,781.5509643554688,34.181640625,52.504638671875
IMG_0030.mp4,2343,78.17817817817819,29.97,542,2,traffic_signs,0.9024780988693237,1427.0858154296875,719.0360717773438,1463.292724609375,757.8733520507812,1445.1892700195312,738.4547119140625,36.2069091796875,38.8372802734375
IMG_0030.mp4,2343,78.17817817817819,29.97,530,2,traffic_signs,0.8129996061325073,1496.112060546875,749.0667114257812,1542.624755859375,792.8388671875,1519.368408203125,770.9527893066406,46.5126953125,43.77215576171875
IMG_0030.mp4,2343,78.17817817817819,29.97,496,1,traffic_lights,0.915225088596344,1168.730224609375,544.0779418945312,1193.007080078125,594.2586059570312,1180.86865234375,569.1682739257812,24.27685546875,50.1806640625
IMG_0030.mp4,2343,78.17817817817819,29.97,531,2,traffic_signs,0.9480986595153809,768.6489868164062,477.73968505859375,880.019287109375,592.291015625,824.3341369628906,535.0153503417969,111.37030029296875,114.55133056640625
IMG_0030.mp4,2343,78.17817817817819,29.97,625,2,traffic_signs,0.6505878567695618,135.49554443359375,196.97900390625,310.84808349609375,378.4942321777344,223.17181396484375,287.7366180419922,175.3525390625,181.51522827148438
IMG_0030.mp4,2343,78.17817817817819,29.97,615,1,traffic_lights,0.8212351202964783,1041.876708984375,712.1764526367188,1058.6575927734375,756.9130249023438,1050.2671508789062,734.5447387695312,16.7808837890625,44.736572265625
IMG_0030.mp4,2343,78.17817817817819,29.97,589,2,traffic_signs,0.8361924886703491,990.3584594726562,702.6373901367188,1031.74267578125,767.788818359375,1011.0505676269531,735.2131042480469,41.38421630859375,65.15142822265625
IMG_0030.mp4,2343,78.17817817817819,29.97,645,1,traffic_lights,0.6416316032409668,1429.6358642578125,755.0017700195312,1466.08349609375,807.4686889648438,1447.8596801757812,781.2352294921875,36.4476318359375,52.4669189453125
IMG_0030.mp4,2344,78.21154487821154,29.97,542,2,traffic_signs,0.9025835394859314,1428.1837158203125,718.3006591796875,1464.8575439453125,757.728515625,1446.5206298828125,738.0145874023438,36.673828125,39.4278564453125
IMG_0030.mp4,2344,78.21154487821154,29.97,530,2,traffic_signs,0.8372515439987183,1497.664306640625,748.6743774414062,1545.232177734375,792.8325805664062,1521.4482421875,770.7534790039062,47.56787109375,44.158203125
IMG_0030.mp4,2344,78.21154487821154,29.97,496,1,traffic_lights,0.916244626045227,1168.748046875,543.1087646484375,1193.1949462890625,593.2213745117188,1180.9714965820312,568.1650695800781,24.4468994140625,50.11260986328125
IMG_0030.mp4,2344,78.21154487821154,29.97,531,2,traffic_signs,0.9544733762741089,764.6323852539062,473.4136047363281,876.2822875976562,588.7951049804688,820.4573364257812,531.1043548583984,111.64990234375,115.38150024414062
IMG_0030.mp4,2344,78.21154487821154,29.97,615,1,traffic_lights,0.8134641051292419,1041.3570556640625,711.7242431640625,1058.2952880859375,756.5697631835938,1049.826171875,734.1470031738281,16.938232421875,44.84552001953125
IMG_0030.mp4,2344,78.21154487821154,29.97,589,2,traffic_signs,0.8285041451454163,989.4662475585938,702.1988525390625,1031.802490234375,767.0765380859375,1010.6343688964844,734.6376953125,42.33624267578125,64.877685546875
IMG_0030.mp4,2344,78.21154487821154,29.97,645,1,traffic_lights,0.5499725341796875,1428.835205078125,755.2980346679688,1470.56884765625,808.6461181640625,1449.7020263671875,781.9720764160156,41.733642578125,53.34808349609375
IMG_0030.mp4,2345,78.24491157824491,29.97,542,2,traffic_signs,0.8881590366363525,1429.1822509765625,717.6116943359375,1466.348876953125,757.3914184570312,1447.7655639648438,737.5015563964844,37.1666259765625,39.77972412109375
IMG_0030.mp4,2345,78.24491157824491,29.97,530,2,traffic_signs,0.8740699291229248,1498.983154296875,748.4090576171875,1547.1798095703125,792.71142578125,1523.0814819335938,770.5602416992188,48.1966552734375,44.3023681640625
IMG_0030.mp4,2345,78.24491157824491,29.97,496,1,traffic_lights,0.9146233797073364,1168.682861328125,541.972900390625,1193.268798828125,592.2544555664062,1180.975830078125,567.1136779785156,24.5859375,50.28155517578125
IMG_0030.mp4,2345,78.24491157824491,29.97,531,2,traffic_signs,0.9518009424209595,760.2680053710938,468.5090026855469,872.8389892578125,585.9275512695312,816.5534973144531,527.2182769775391,112.57098388671875,117.41854858398438
IMG_0030.mp4,2345,78.24491157824491,29.97,615,1,traffic_lights,0.8126381039619446,1041.233154296875,711.3915405273438,1057.802001953125,756.32421875,1049.517578125,733.8578796386719,16.56884765625,44.93267822265625
IMG_0030.mp4,2345,78.24491157824491,29.97,589,2,traffic_signs,0.841910719871521,987.8912353515625,700.8948364257812,1030.474853515625,766.5469360351562,1009.1830444335938,733.7208862304688,42.5836181640625,65.652099609375
IMG_0030.mp4,2345,78.24491157824491,29.97,645,1,traffic_lights,0.7597553133964539,1431.5933837890625,755.8916625976562,1472.8951416015625,809.019287109375,1452.2442626953125,782.4554748535156,41.3017578125,53.12762451171875
IMG_0030.mp4,2346,78.27827827827828,29.97,542,2,traffic_signs,0.8925209641456604,1430.5634765625,717.17529296875,1467.8724365234375,756.8943481445312,1449.2179565429688,737.0348205566406,37.3089599609375,39.71905517578125
IMG_0030.mp4,2346,78.27827827827828,29.97,530,2,traffic_signs,0.8457338809967041,1499.6912841796875,747.4154663085938,1548.4622802734375,792.6652221679688,1524.0767822265625,770.0403442382812,48.77099609375,45.249755859375
IMG_0030.mp4,2346,78.27827827827828,29.97,496,1,traffic_lights,0.9093322157859802,1168.483154296875,540.7050170898438,1193.2467041015625,591.1332397460938,1180.8649291992188,565.9191284179688,24.7635498046875,50.42822265625
IMG_0030.mp4,2346,78.27827827827828,29.97,531,2,traffic_signs,0.9317460060119629,754.141357421875,463.18011474609375,868.9480590820312,582.0634155273438,811.5447082519531,522.6217651367188,114.80670166015625,118.88330078125
IMG_0030.mp4,2346,78.27827827827828,29.97,615,1,traffic_lights,0.7872663736343384,1040.6402587890625,710.8531494140625,1057.280517578125,756.3135375976562,1048.9603881835938,733.5833435058594,16.6402587890625,45.46038818359375
IMG_0030.mp4,2346,78.27827827827828,29.97,589,2,traffic_signs,0.6746125817298889,986.276611328125,699.3406372070312,1029.801513671875,766.7057495117188,1008.0390625,733.023193359375,43.52490234375,67.3651123046875
IMG_0030.mp4,2346,78.27827827827828,29.97,645,1,traffic_lights,0.7972409725189209,1432.6531982421875,755.19580078125,1474.3017578125,808.68798828125,1453.4774780273438,781.94189453125,41.6485595703125,53.4921875
IMG_0030.mp4,2347,78.31164497831165,29.97,542,2,traffic_signs,0.8886752128601074,1431.5421142578125,717.1648559570312,1468.9755859375,756.4489135742188,1450.2588500976562,736.806884765625,37.4334716796875,39.2840576171875
IMG_0030.mp4,2347,78.31164497831165,29.97,530,2,traffic_signs,0.8760660886764526,1500.7647705078125,747.0321655273438,1549.264404296875,792.3692626953125,1525.0145874023438,769.7007141113281,48.4996337890625,45.33709716796875
IMG_0030.mp4,2347,78.31164497831165,29.97,496,1,traffic_lights,0.9071364402770996,1168.616455078125,540.0936889648438,1193.89453125,590.7213745117188,1181.2554931640625,565.4075317382812,25.278076171875,50.627685546875
IMG_0030.mp4,2347,78.31164497831165,29.97,531,2,traffic_signs,0.949459433555603,749.6710205078125,458.6417236328125,865.6073608398438,578.89013671875,807.6391906738281,518.7659301757812,115.93634033203125,120.2484130859375
IMG_0030.mp4,2347,78.31164497831165,29.97,615,1,traffic_lights,0.751007616519928,1040.2266845703125,710.5678100585938,1056.9287109375,755.7196655273438,1048.5776977539062,733.1437377929688,16.7020263671875,45.15185546875
IMG_0030.mp4,2347,78.31164497831165,29.97,589,2,traffic_signs,0.7836804389953613,986.0255737304688,698.7693481445312,1030.712890625,766.3426513671875,1008.3692321777344,732.5559997558594,44.68731689453125,67.57330322265625
IMG_0030.mp4,2347,78.31164497831165,29.97,645,1,traffic_lights,0.779836118221283,1434.435302734375,755.1273193359375,1474.961669921875,809.1997680664062,1454.698486328125,782.1635437011719,40.5263671875,54.07244873046875
IMG_0030.mp4,2348,78.34501167834502,29.97,542,2,traffic_signs,0.8829318881034851,1432.802001953125,716.512939453125,1470.1116943359375,756.2109375,1451.4568481445312,736.3619384765625,37.3096923828125,39.697998046875
IMG_0030.mp4,2348,78.34501167834502,29.97,530,2,traffic_signs,0.8798402547836304,1502.6566162109375,746.6073608398438,1551.3394775390625,792.36279296875,1526.998046875,769.4850769042969,48.682861328125,45.75543212890625
IMG_0030.mp4,2348,78.34501167834502,29.97,496,1,traffic_lights,0.9034594893455505,1168.4976806640625,538.99755859375,1194.1986083984375,589.6764526367188,1181.34814453125,564.3370056152344,25.700927734375,50.67889404296875
IMG_0030.mp4,2348,78.34501167834502,29.97,531,2,traffic_signs,0.9482500553131104,743.7827758789062,453.3730773925781,861.3612060546875,574.8798217773438,802.5719909667969,514.1264495849609,117.57843017578125,121.50674438476562
IMG_0030.mp4,2348,78.34501167834502,29.97,615,1,traffic_lights,0.7190431356430054,1039.32373046875,710.072021484375,1055.8736572265625,755.3840942382812,1047.5986938476562,732.7280578613281,16.5499267578125,45.31207275390625
IMG_0030.mp4,2348,78.34501167834502,29.97,589,2,traffic_signs,0.7722567319869995,985.3598022460938,698.1903076171875,1030.72998046875,765.3374633789062,1008.0448913574219,731.7638854980469,45.37017822265625,67.14715576171875
IMG_0030.mp4,2348,78.34501167834502,29.97,645,1,traffic_lights,0.718561053276062,1435.74072265625,755.0087280273438,1475.1002197265625,808.074951171875,1455.4204711914062,781.5418395996094,39.3594970703125,53.06622314453125
IMG_0030.mp4,2348,78.34501167834502,29.97,649,2,traffic_signs,0.6408475041389465,1562.7518310546875,957.1267700195312,1721.8087158203125,1028.3438720703125,1642.2802734375,992.7353210449219,159.056884765625,71.21710205078125
IMG_0030.mp4,2349,78.37837837837839,29.97,542,2,traffic_signs,0.8888139128684998,1433.603515625,716.1762084960938,1471.0179443359375,755.9599609375,1452.3107299804688,736.0680847167969,37.4144287109375,39.78375244140625
IMG_0030.mp4,2349,78.37837837837839,29.97,530,2,traffic_signs,0.8864967226982117,1503.6951904296875,745.9888305664062,1552.9832763671875,792.1577758789062,1528.3392333984375,769.0733032226562,49.2880859375,46.1689453125
IMG_0030.mp4,2349,78.37837837837839,29.97,496,1,traffic_lights,0.8908172845840454,1168.54150390625,538.5084228515625,1194.4547119140625,589.12353515625,1181.4981079101562,563.8159790039062,25.9132080078125,50.6151123046875
IMG_0030.mp4,2349,78.37837837837839,29.97,531,2,traffic_signs,0.9580065608024597,739.2613525390625,449.1034851074219,857.8251953125,571.4344482421875,798.5432739257812,510.2689666748047,118.5638427734375,122.33096313476562
IMG_0030.mp4,2349,78.37837837837839,29.97,615,1,traffic_lights,0.6266415119171143,1039.4639892578125,709.658203125,1056.2181396484375,755.108154296875,1047.841064453125,732.3831787109375,16.754150390625,45.449951171875
IMG_0030.mp4,2349,78.37837837837839,29.97,589,2,traffic_signs,0.7905737161636353,985.2357788085938,697.787109375,1030.618408203125,764.621337890625,1007.9270935058594,731.2042236328125,45.38262939453125,66.834228515625
IMG_0030.mp4,2349,78.37837837837839,29.97,645,1,traffic_lights,0.5901907086372375,1436.090576171875,754.403076171875,1473.9393310546875,807.2968139648438,1455.0149536132812,780.8499450683594,37.8487548828125,52.89373779296875
IMG_0030.mp4,2349,78.37837837837839,29.97,649,2,traffic_signs,0.5731080174446106,1567.5504150390625,958.2830810546875,1732.4283447265625,1032.3856201171875,1649.9893798828125,995.3343505859375,164.8779296875,74.1025390625
IMG_0030.mp4,2350,78.41174507841176,29.97,542,2,traffic_signs,0.7931314706802368,1433.425048828125,715.6470336914062,1471.8377685546875,755.8304443359375,1452.6314086914062,735.7387390136719,38.4127197265625,40.18341064453125
IMG_0030.mp4,2350,78.41174507841176,29.97,530,2,traffic_signs,0.8770356178283691,1504.42822265625,745.5099487304688,1554.863525390625,792.0985717773438,1529.6458740234375,768.8042602539062,50.435302734375,46.588623046875
IMG_0030.mp4,2350,78.41174507841176,29.97,496,1,traffic_lights,0.8931506276130676,1168.5963134765625,537.7808227539062,1194.5107421875,588.46875,1181.5535278320312,563.1247863769531,25.9144287109375,50.68792724609375
IMG_0030.mp4,2350,78.41174507841176,29.97,531,2,traffic_signs,0.9629788398742676,734.2384643554688,443.9504699707031,853.955810546875,567.4531860351562,794.0971374511719,505.7018280029297,119.71734619140625,123.50271606445312
IMG_0030.mp4,2350,78.41174507841176,29.97,615,1,traffic_lights,0.6068414449691772,1039.494873046875,709.4727172851562,1056.3026123046875,754.0386962890625,1047.8987426757812,731.7557067871094,16.8077392578125,44.56597900390625
IMG_0030.mp4,2350,78.41174507841176,29.97,589,2,traffic_signs,0.8296908736228943,985.4181518554688,697.3020629882812,1030.333984375,764.1229858398438,1007.8760681152344,730.7125244140625,44.91583251953125,66.8209228515625
IMG_0030.mp4,2350,78.41174507841176,29.97,645,1,traffic_lights,0.6498357653617859,1436.1182861328125,753.840576171875,1473.451171875,806.9818725585938,1454.7847290039062,780.4112243652344,37.3328857421875,53.14129638671875
IMG_0030.mp4,2351,78.44511177844511,29.97,542,2,traffic_signs,0.8580912351608276,1434.4405517578125,715.2982177734375,1473.2625732421875,755.8421630859375,1453.8515625,735.5701904296875,38.822021484375,40.5439453125
IMG_0030.mp4,2351,78.44511177844511,29.97,530,2,traffic_signs,0.8794751167297363,1506.30859375,745.7852172851562,1556.377685546875,792.1504516601562,1531.3431396484375,768.9678344726562,50.069091796875,46.365234375
IMG_0030.mp4,2351,78.44511177844511,29.97,496,1,traffic_lights,0.4967799186706543,1168.7447509765625,536.7899780273438,1194.637451171875,587.3468017578125,1181.6911010742188,562.0683898925781,25.8927001953125,50.55682373046875
IMG_0030.mp4,2351,78.44511177844511,29.97,531,2,traffic_signs,0.9428182244300842,728.260986328125,438.79339599609375,849.638916015625,562.979248046875,788.949951171875,500.8863220214844,121.3779296875,124.18585205078125
IMG_0030.mp4,2351,78.44511177844511,29.97,615,1,traffic_lights,0.7186497449874878,1038.805419921875,709.2913208007812,1055.64208984375,752.7171020507812,1047.2237548828125,731.0042114257812,16.836669921875,43.42578125
IMG_0030.mp4,2351,78.44511177844511,29.97,589,2,traffic_signs,0.8526417016983032,985.0887451171875,697.2213745117188,1029.9013671875,763.2676391601562,1007.4950561523438,730.2445068359375,44.8126220703125,66.0462646484375
IMG_0030.mp4,2351,78.44511177844511,29.97,645,1,traffic_lights,0.7116093635559082,1436.746337890625,753.0342407226562,1475.5184326171875,806.9556884765625,1456.1323852539062,779.9949645996094,38.7720947265625,53.92144775390625
IMG_0030.mp4,2352,78.47847847847848,29.97,542,2,traffic_signs,0.8415315747261047,1435.6636962890625,714.672607421875,1475.033203125,755.7398071289062,1455.3484497070312,735.2062072753906,39.3695068359375,41.06719970703125
IMG_0030.mp4,2352,78.47847847847848,29.97,530,2,traffic_signs,0.8582744598388672,1507.4442138671875,745.2283935546875,1559.3477783203125,792.2714233398438,1533.39599609375,768.7499084472656,51.903564453125,47.04302978515625
IMG_0030.mp4,2352,78.47847847847848,29.97,496,1,traffic_lights,0.8938623666763306,1169.223388671875,535.3545532226562,1194.78564453125,586.3697509765625,1182.0045166015625,560.8621520996094,25.562255859375,51.01519775390625
IMG_0030.mp4,2352,78.47847847847848,29.97,531,2,traffic_signs,0.9538255929946899,722.5615234375,432.8570861816406,845.6190795898438,558.9873046875,784.0903015136719,495.9221954345703,123.05755615234375,126.13021850585938
IMG_0030.mp4,2352,78.47847847847848,29.97,615,1,traffic_lights,0.683750331401825,1037.9586181640625,708.930908203125,1054.800537109375,751.562744140625,1046.3795776367188,730.246826171875,16.8419189453125,42.6318359375
IMG_0030.mp4,2352,78.47847847847848,29.97,589,2,traffic_signs,0.8663917779922485,984.1760864257812,696.7650146484375,1029.3594970703125,762.3419799804688,1006.7677917480469,729.5534973144531,45.18341064453125,65.57696533203125
IMG_0030.mp4,2352,78.47847847847848,29.97,645,1,traffic_lights,0.7771736979484558,1437.0826416015625,752.083740234375,1477.1541748046875,807.1898803710938,1457.118408203125,779.6368103027344,40.071533203125,55.10614013671875
IMG_0030.mp4,2352,78.47847847847848,29.97,651,2,traffic_signs,0.7482369542121887,984.7390747070312,696.517333984375,1029.5750732421875,761.6320190429688,1007.1570739746094,729.0746765136719,44.83599853515625,65.11468505859375
IMG_0030.mp4,2353,78.51184517851185,29.97,542,2,traffic_signs,0.8320267200469971,1436.4730224609375,714.0701293945312,1476.10546875,755.786376953125,1456.2892456054688,734.9282531738281,39.6324462890625,41.71624755859375
IMG_0030.mp4,2353,78.51184517851185,29.97,530,2,traffic_signs,0.8558600544929504,1508.882080078125,744.8800659179688,1560.5966796875,791.76123046875,1534.7393798828125,768.3206481933594,51.714599609375,46.88116455078125
IMG_0030.mp4,2353,78.51184517851185,29.97,496,1,traffic_lights,0.8882898688316345,1169.416748046875,534.3626708984375,1194.8594970703125,585.7153930664062,1182.1381225585938,560.0390319824219,25.4427490234375,51.35272216796875
IMG_0030.mp4,2353,78.51184517851185,29.97,531,2,traffic_signs,0.9498422741889954,717.4000854492188,427.79534912109375,841.600341796875,555.6054077148438,779.5002136230469,491.70037841796875,124.20025634765625,127.81005859375
IMG_0030.mp4,2353,78.51184517851185,29.97,615,1,traffic_lights,0.6895649433135986,1037.7640380859375,708.3658447265625,1054.3900146484375,751.3291625976562,1046.0770263671875,729.8475036621094,16.6259765625,42.96331787109375
IMG_0030.mp4,2353,78.51184517851185,29.97,589,2,traffic_signs,0.871160089969635,983.8067626953125,696.0326538085938,1028.9688720703125,762.3402709960938,1006.3878173828125,729.1864624023438,45.162109375,66.3076171875
IMG_0030.mp4,2353,78.51184517851185,29.97,645,1,traffic_lights,0.6916901469230652,1437.6361083984375,751.904541015625,1477.2735595703125,807.0170288085938,1457.454833984375,779.4607849121094,39.637451171875,55.11248779296875
IMG_0030.mp4,2354,78.54521187854522,29.97,542,2,traffic_signs,0.8431147933006287,1437.8037109375,713.692138671875,1477.9927978515625,755.5243530273438,1457.8982543945312,734.6082458496094,40.1890869140625,41.83221435546875
IMG_0030.mp4,2354,78.54521187854522,29.97,530,2,traffic_signs,0.8485357165336609,1510.5546875,744.0060424804688,1561.721923828125,791.6945190429688,1536.1383056640625,767.8502807617188,51.167236328125,47.6884765625
IMG_0030.mp4,2354,78.54521187854522,29.97,496,1,traffic_lights,0.8956228494644165,1169.525146484375,533.21630859375,1195.0589599609375,584.9392700195312,1182.2920532226562,559.0777893066406,25.5338134765625,51.72296142578125
IMG_0030.mp4,2354,78.54521187854522,29.97,531,2,traffic_signs,0.9595384001731873,712.240478515625,422.09906005859375,837.3387451171875,551.4398193359375,774.7896118164062,486.7694396972656,125.0982666015625,129.34075927734375
IMG_0030.mp4,2354,78.54521187854522,29.97,615,1,traffic_lights,0.6260364651679993,1037.311279296875,708.141357421875,1054.147705078125,750.9640502929688,1045.7294921875,729.5527038574219,16.83642578125,42.82269287109375
IMG_0030.mp4,2354,78.54521187854522,29.97,589,2,traffic_signs,0.8748902678489685,983.4947509765625,696.197265625,1027.9185791015625,762.5748901367188,1005.7066650390625,729.3860778808594,44.423828125,66.37762451171875
IMG_0030.mp4,2354,78.54521187854522,29.97,645,1,traffic_lights,0.6539804935455322,1439.02490234375,751.59765625,1478.0540771484375,806.8641967773438,1458.5394897460938,779.2309265136719,39.0291748046875,55.26654052734375
IMG_0030.mp4,2354,78.54521187854522,29.97,625,2,traffic_signs,0.5743613243103027,0.0,44.08531951904297,136.2224884033203,272.63531494140625,68.11124420166016,158.3603172302246,136.2224884033203,228.54999542236328
IMG_0030.mp4,2355,78.57857857857859,29.97,542,2,traffic_signs,0.8438901901245117,1438.6326904296875,713.350830078125,1479.6011962890625,755.3351440429688,1459.116943359375,734.3429870605469,40.968505859375,41.98431396484375
IMG_0030.mp4,2355,78.57857857857859,29.97,530,2,traffic_signs,0.842919647693634,1511.8370361328125,743.6409912109375,1563.1583251953125,791.6805419921875,1537.4976806640625,767.6607666015625,51.3212890625,48.03955078125
IMG_0030.mp4,2355,78.57857857857859,29.97,496,1,traffic_lights,0.8920823335647583,1169.812255859375,532.5137939453125,1195.6180419921875,584.41455078125,1182.7151489257812,558.4641723632812,25.8057861328125,51.9007568359375
IMG_0030.mp4,2355,78.57857857857859,29.97,531,2,traffic_signs,0.9653636813163757,707.3128051757812,417.1729736328125,834.1712036132812,548.1845092773438,770.7420043945312,482.6787414550781,126.8583984375,131.01153564453125
IMG_0030.mp4,2355,78.57857857857859,29.97,615,1,traffic_lights,0.6732743382453918,1037.48681640625,707.8359985351562,1054.0228271484375,751.1781616210938,1045.7548217773438,729.507080078125,16.5360107421875,43.3421630859375
IMG_0030.mp4,2355,78.57857857857859,29.97,589,2,traffic_signs,0.8792127966880798,983.1647338867188,696.4772338867188,1028.3714599609375,762.7359619140625,1005.7680969238281,729.6065979003906,45.20672607421875,66.25872802734375
IMG_0030.mp4,2355,78.57857857857859,29.97,645,1,traffic_lights,0.6088266372680664,1440.035888671875,751.5213623046875,1478.884033203125,806.5145263671875,1459.4599609375,779.0179443359375,38.84814453125,54.9931640625
IMG_0030.mp4,2356,78.61194527861196,29.97,542,2,traffic_signs,0.8421888947486877,1440.009521484375,713.1671142578125,1481.1348876953125,754.9494018554688,1460.5722045898438,734.0582580566406,41.1253662109375,41.78228759765625
IMG_0030.mp4,2356,78.61194527861196,29.97,530,2,traffic_signs,0.6345853805541992,1513.2529296875,742.8712158203125,1565.3624267578125,791.5438842773438,1539.3076782226562,767.2075500488281,52.1094970703125,48.67266845703125
IMG_0030.mp4,2356,78.61194527861196,29.97,496,1,traffic_lights,0.8961799144744873,1170.0733642578125,531.3911743164062,1196.3546142578125,583.5681762695312,1183.2139892578125,557.4796752929688,26.28125,52.177001953125
IMG_0030.mp4,2356,78.61194527861196,29.97,531,2,traffic_signs,0.9477120637893677,701.6934204101562,411.72698974609375,829.9153442382812,543.4337768554688,765.8043823242188,477.58038330078125,128.221923828125,131.706787109375
IMG_0030.mp4,2356,78.61194527861196,29.97,615,1,traffic_lights,0.6812523007392883,1037.3671875,707.5695190429688,1053.645263671875,751.5037841796875,1045.5062255859375,729.5366516113281,16.278076171875,43.93426513671875
IMG_0030.mp4,2356,78.61194527861196,29.97,589,2,traffic_signs,0.8585004806518555,982.8862915039062,696.5770874023438,1028.506591796875,762.2974853515625,1005.6964416503906,729.4372863769531,45.62030029296875,65.72039794921875
IMG_0030.mp4,2356,78.61194527861196,29.97,645,1,traffic_lights,0.420840859413147,1442.488037109375,751.2146606445312,1479.0623779296875,806.1661376953125,1460.7752075195312,778.6903991699219,36.5743408203125,54.95147705078125
IMG_0030.mp4,2357,78.64531197864531,29.97,542,2,traffic_signs,0.8563892245292664,1441.9234619140625,712.5445556640625,1482.414794921875,754.3161010742188,1462.1691284179688,733.4303283691406,40.4913330078125,41.77154541015625
IMG_0030.mp4,2357,78.64531197864531,29.97,530,2,traffic_signs,0.4567190408706665,1515.365234375,742.463623046875,1567.9913330078125,791.331787109375,1541.6782836914062,766.897705078125,52.6260986328125,48.8681640625
IMG_0030.mp4,2357,78.64531197864531,29.97,496,1,traffic_lights,0.9017742276191711,1169.93115234375,529.784912109375,1196.5032958984375,582.4378662109375,1183.2172241210938,556.1113891601562,26.5721435546875,52.6529541015625
IMG_0030.mp4,2357,78.64531197864531,29.97,531,2,traffic_signs,0.9145410060882568,694.95458984375,405.1883850097656,825.0650634765625,538.4910278320312,760.0098266601562,471.83970642089844,130.1104736328125,133.30264282226562
IMG_0030.mp4,2357,78.64531197864531,29.97,615,1,traffic_lights,0.729489266872406,1036.5953369140625,706.5277099609375,1052.8140869140625,751.5836791992188,1044.7047119140625,729.0556945800781,16.21875,45.05596923828125
IMG_0030.mp4,2357,78.64531197864531,29.97,589,2,traffic_signs,0.8453459739685059,982.1156616210938,696.0481567382812,1027.8118896484375,762.196533203125,1004.9637756347656,729.1223449707031,45.69622802734375,66.14837646484375
IMG_0030.mp4,2357,78.64531197864531,29.97,645,1,traffic_lights,0.6156600713729858,1443.4632568359375,750.7176513671875,1477.6802978515625,806.1450805664062,1460.57177734375,778.4313659667969,34.217041015625,55.42742919921875
IMG_0030.mp4,2358,78.67867867867868,29.97,542,2,traffic_signs,0.8684343695640564,1443.6907958984375,712.5963745117188,1483.6695556640625,753.7786254882812,1463.68017578125,733.1875,39.978759765625,41.1822509765625
IMG_0030.mp4,2358,78.67867867867868,29.97,530,2,traffic_signs,0.5215023159980774,1517.2193603515625,742.42578125,1569.8775634765625,791.5585327148438,1543.5484619140625,766.9921569824219,52.658203125,49.13275146484375
IMG_0030.mp4,2358,78.67867867867868,29.97,496,1,traffic_lights,0.8990031480789185,1170.293701171875,528.603515625,1197.3590087890625,581.26220703125,1183.8263549804688,554.932861328125,27.0653076171875,52.65869140625
IMG_0030.mp4,2358,78.67867867867868,29.97,531,2,traffic_signs,0.9603611826896667,688.8367309570312,399.7804260253906,820.8798828125,533.7850952148438,754.8583068847656,466.7827606201172,132.04315185546875,134.00466918945312
IMG_0030.mp4,2358,78.67867867867868,29.97,615,1,traffic_lights,0.7081475257873535,1036.34375,705.82666015625,1052.816650390625,751.4161987304688,1044.5802001953125,728.6214294433594,16.472900390625,45.58953857421875
IMG_0030.mp4,2358,78.67867867867868,29.97,589,2,traffic_signs,0.8433986306190491,981.191162109375,695.99853515625,1027.6943359375,761.47509765625,1004.4427490234375,728.73681640625,46.503173828125,65.4765625
IMG_0030.mp4,2358,78.67867867867868,29.97,645,1,traffic_lights,0.6259116530418396,1445.509765625,750.3665161132812,1475.7525634765625,806.0881958007812,1460.6311645507812,778.2273559570312,30.2427978515625,55.7216796875
IMG_0030.mp4,2359,78.71204537871205,29.97,542,2,traffic_signs,0.9185236096382141,1444.4110107421875,712.0646362304688,1484.53271484375,753.8163452148438,1464.4718627929688,732.9404907226562,40.1217041015625,41.751708984375
IMG_0030.mp4,2359,78.71204537871205,29.97,530,2,traffic_signs,0.2725261449813843,1518.216064453125,741.8152465820312,1572.3453369140625,791.239501953125,1545.2807006835938,766.5273742675781,54.1292724609375,49.42425537109375
IMG_0030.mp4,2359,78.71204537871205,29.97,496,1,traffic_lights,0.8978637456893921,1170.47314453125,527.51611328125,1197.740966796875,580.3533935546875,1184.1070556640625,553.9347534179688,27.267822265625,52.8372802734375
IMG_0030.mp4,2359,78.71204537871205,29.97,531,2,traffic_signs,0.9594544172286987,683.926025390625,393.988037109375,817.3943481445312,529.8823852539062,750.6601867675781,461.9352111816406,133.46832275390625,135.89434814453125
IMG_0030.mp4,2359,78.71204537871205,29.97,615,1,traffic_lights,0.6922125816345215,1036.120849609375,705.179931640625,1052.6322021484375,751.059814453125,1044.3765258789062,728.119873046875,16.5113525390625,45.8798828125
IMG_0030.mp4,2359,78.71204537871205,29.97,589,2,traffic_signs,0.842528223991394,981.5729370117188,695.5234985351562,1027.34423828125,761.0265502929688,1004.4585876464844,728.2750244140625,45.77130126953125,65.5030517578125
IMG_0030.mp4,2359,78.71204537871205,29.97,645,1,traffic_lights,0.584644079208374,1446.8939208984375,750.4598388671875,1481.7689208984375,806.6211547851562,1464.3314208984375,778.5404968261719,34.875,56.16131591796875
IMG_0030.mp4,2360,78.74541207874542,29.97,542,2,traffic_signs,0.9121768474578857,1445.6102294921875,711.5324096679688,1486.1505126953125,753.7874755859375,1465.88037109375,732.6599426269531,40.540283203125,42.25506591796875
IMG_0030.mp4,2360,78.74541207874542,29.97,530,2,traffic_signs,0.9042835235595703,1520.582275390625,741.6229858398438,1574.477783203125,790.7835083007812,1547.530029296875,766.2032470703125,53.8955078125,49.1605224609375
IMG_0030.mp4,2360,78.74541207874542,29.97,496,1,traffic_lights,0.8954581618309021,1170.57080078125,526.1168212890625,1198.2337646484375,579.2904052734375,1184.4022827148438,552.70361328125,27.6629638671875,53.173583984375
IMG_0030.mp4,2360,78.74541207874542,29.97,531,2,traffic_signs,0.9614851474761963,677.8661499023438,387.277099609375,812.9697265625,525.274658203125,745.4179382324219,456.27587890625,135.10357666015625,137.99755859375
IMG_0030.mp4,2360,78.74541207874542,29.97,615,1,traffic_lights,0.6182363033294678,1035.7650146484375,704.254150390625,1052.199951171875,750.1234741210938,1043.9824829101562,727.1888122558594,16.4349365234375,45.86932373046875
IMG_0030.mp4,2360,78.74541207874542,29.97,589,2,traffic_signs,0.8208178281784058,980.560791015625,694.8461303710938,1026.596923828125,760.012451171875,1003.578857421875,727.4292907714844,46.0361328125,65.16632080078125
IMG_0030.mp4,2360,78.74541207874542,29.97,645,1,traffic_lights,0.6602645516395569,1448.5284423828125,749.6065063476562,1484.94189453125,806.609619140625,1466.7351684570312,778.1080627441406,36.4134521484375,57.00311279296875
IMG_0030.mp4,2361,78.77877877877879,29.97,542,2,traffic_signs,0.9088840484619141,1446.8912353515625,711.2485961914062,1487.1343994140625,753.80859375,1467.0128173828125,732.5285949707031,40.2431640625,42.55999755859375
IMG_0030.mp4,2361,78.77877877877879,29.97,530,2,traffic_signs,0.8110159635543823,1522.455810546875,741.78662109375,1574.564208984375,791.0469970703125,1548.510009765625,766.4168090820312,52.1083984375,49.2603759765625
IMG_0030.mp4,2361,78.77877877877879,29.97,496,1,traffic_lights,0.8868098258972168,1170.5556640625,524.6118774414062,1198.3846435546875,578.481201171875,1184.4701538085938,551.5465393066406,27.8289794921875,53.86932373046875
IMG_0030.mp4,2361,78.77877877877879,29.97,531,2,traffic_signs,0.947756290435791,671.4017333984375,380.9017639160156,808.1488037109375,520.01904296875,739.7752685546875,450.4604034423828,136.7470703125,139.11727905273438
IMG_0030.mp4,2361,78.77877877877879,29.97,615,1,traffic_lights,0.5252265930175781,1035.0872802734375,703.6956176757812,1051.7845458984375,750.0430297851562,1043.4359130859375,726.8693237304688,16.697265625,46.347412109375
IMG_0030.mp4,2361,78.77877877877879,29.97,589,2,traffic_signs,0.677069365978241,979.815185546875,694.1740112304688,1025.851806640625,759.5557250976562,1002.83349609375,726.8648681640625,46.03662109375,65.3817138671875
IMG_0030.mp4,2361,78.77877877877879,29.97,645,1,traffic_lights,0.6655635833740234,1449.5020751953125,749.7890625,1488.5377197265625,806.4513549804688,1469.0198974609375,778.1202087402344,39.03564453125,56.66229248046875
IMG_0030.mp4,2361,78.77877877877879,29.97,656,2,traffic_signs,0.6949681639671326,1523.0262451171875,741.9205322265625,1573.9796142578125,790.6381225585938,1548.5029296875,766.2793273925781,50.953369140625,48.71759033203125
IMG_0030.mp4,2362,78.81214547881216,29.97,542,2,traffic_signs,0.9120479822158813,1448.2540283203125,710.698974609375,1487.78369140625,753.1675415039062,1468.0188598632812,731.9332580566406,39.5296630859375,42.46856689453125
IMG_0030.mp4,2362,78.81214547881216,29.97,530,2,traffic_signs,0.8224871158599854,1523.936767578125,741.5010375976562,1576.0369873046875,790.91455078125,1549.9868774414062,766.2077941894531,52.1002197265625,49.41351318359375
IMG_0030.mp4,2362,78.81214547881216,29.97,496,1,traffic_lights,0.8889856338500977,1171.16943359375,523.9033813476562,1198.701416015625,577.6914672851562,1184.9354248046875,550.7974243164062,27.531982421875,53.7880859375
IMG_0030.mp4,2362,78.81214547881216,29.97,531,2,traffic_signs,0.9358474612236023,665.6358642578125,374.7998962402344,803.8629760742188,515.4682006835938,734.7494201660156,445.13404846191406,138.22711181640625,140.66830444335938
IMG_0030.mp4,2362,78.81214547881216,29.97,615,1,traffic_lights,0.4040678143501282,1035.0699462890625,703.5465698242188,1051.9578857421875,750.1357421875,1043.513916015625,726.8411560058594,16.887939453125,46.58917236328125
IMG_0030.mp4,2362,78.81214547881216,29.97,589,2,traffic_signs,0.9029210805892944,979.74658203125,693.4464111328125,1026.3411865234375,759.384033203125,1003.0438842773438,726.4152221679688,46.5946044921875,65.9376220703125
IMG_0030.mp4,2362,78.81214547881216,29.97,645,1,traffic_lights,0.6875408887863159,1450.1480712890625,749.1123657226562,1492.8641357421875,806.2108764648438,1471.506103515625,777.66162109375,42.716064453125,57.0985107421875
IMG_0030.mp4,2362,78.81214547881216,29.97,657,1,traffic_lights,0.3955933451652527,1034.4869384765625,703.5567016601562,1051.896240234375,751.4440307617188,1043.1915893554688,727.5003662109375,17.4093017578125,47.8873291015625
IMG_0030.mp4,2363,78.84551217884551,29.97,542,2,traffic_signs,0.9146679043769836,1449.2359619140625,710.2382202148438,1489.035400390625,752.6964111328125,1469.1356811523438,731.4673156738281,39.7994384765625,42.45819091796875
IMG_0030.mp4,2363,78.84551217884551,29.97,530,2,traffic_signs,0.805626392364502,1525.38427734375,741.1522216796875,1578.390869140625,790.4125366210938,1551.8875732421875,765.7823791503906,53.006591796875,49.26031494140625
IMG_0030.mp4,2363,78.84551217884551,29.97,496,1,traffic_lights,0.8926576375961304,1171.7982177734375,523.3591918945312,1199.0465087890625,576.970458984375,1185.42236328125,550.1648254394531,27.248291015625,53.61126708984375
IMG_0030.mp4,2363,78.84551217884551,29.97,531,2,traffic_signs,0.8918413519859314,660.172607421875,368.5048522949219,799.8590698242188,510.57757568359375,730.0158386230469,439.5412139892578,139.68646240234375,142.07272338867188
IMG_0030.mp4,2363,78.84551217884551,29.97,615,1,traffic_lights,0.3333677649497986,1035.04150390625,703.6537475585938,1052.1904296875,749.7233276367188,1043.615966796875,726.6885375976562,17.14892578125,46.069580078125
IMG_0030.mp4,2363,78.84551217884551,29.97,589,2,traffic_signs,0.9127267003059387,979.7024536132812,692.9559936523438,1026.65478515625,759.3163452148438,1003.1786193847656,726.1361694335938,46.95233154296875,66.3603515625
IMG_0030.mp4,2363,78.84551217884551,29.97,645,1,traffic_lights,0.7480419874191284,1450.646240234375,748.8135986328125,1495.6802978515625,806.2745971679688,1473.1632690429688,777.5440979003906,45.0340576171875,57.46099853515625
IMG_0030.mp4,2363,78.84551217884551,29.97,657,1,traffic_lights,0.44343072175979614,1034.203369140625,703.69189453125,1051.906494140625,751.3863525390625,1043.054931640625,727.5391235351562,17.703125,47.6944580078125
IMG_0030.mp4,2364,78.87887887887888,29.97,542,2,traffic_signs,0.9113644957542419,1450.3963623046875,709.5751953125,1490.7230224609375,752.7531127929688,1470.5596923828125,731.1641540527344,40.32666015625,43.17791748046875
IMG_0030.mp4,2364,78.87887887887888,29.97,530,2,traffic_signs,0.8209264874458313,1527.18408203125,740.7676391601562,1580.7747802734375,790.321533203125,1553.9794311523438,765.5445861816406,53.5906982421875,49.55389404296875
IMG_0030.mp4,2364,78.87887887887888,29.97,496,1,traffic_lights,0.6879830360412598,1171.9647216796875,522.5647583007812,1199.6290283203125,576.142822265625,1185.796875,549.3537902832031,27.664306640625,53.57806396484375
IMG_0030.mp4,2364,78.87887887887888,29.97,531,2,traffic_signs,0.9599772691726685,653.7197265625,360.94927978515625,794.9898071289062,505.68243408203125,724.3547668457031,433.31585693359375,141.27008056640625,144.733154296875
IMG_0030.mp4,2364,78.87887887887888,29.97,615,1,traffic_lights,0.5438043475151062,1034.1856689453125,703.064453125,1051.8204345703125,750.6767578125,1043.0030517578125,726.87060546875,17.634765625,47.6123046875
IMG_0030.mp4,2364,78.87887887887888,29.97,589,2,traffic_signs,0.8911211490631104,979.0931396484375,692.6539306640625,1025.978515625,758.878173828125,1002.5358276367188,725.7660522460938,46.8853759765625,66.2242431640625
IMG_0030.mp4,2364,78.87887887887888,29.97,645,1,traffic_lights,0.4744062125682831,1451.1361083984375,748.2061767578125,1497.5030517578125,806.3179321289062,1474.319580078125,777.2620544433594,46.366943359375,58.11175537109375
IMG_0030.mp4,2365,78.91224557891225,29.97,542,2,traffic_signs,0.9098564386367798,1451.853515625,709.075439453125,1492.6695556640625,752.2604370117188,1472.2615356445312,730.6679382324219,40.8160400390625,43.18499755859375
IMG_0030.mp4,2365,78.91224557891225,29.97,530,2,traffic_signs,0.8289677500724792,1529.147705078125,740.05224609375,1583.871826171875,790.2780151367188,1556.509765625,765.1651306152344,54.72412109375,50.22576904296875
IMG_0030.mp4,2365,78.91224557891225,29.97,496,1,traffic_lights,0.8994099497795105,1172.4432373046875,521.1359252929688,1200.39013671875,574.8991088867188,1186.4166870117188,548.0175170898438,27.9468994140625,53.76318359375
IMG_0030.mp4,2365,78.91224557891225,29.97,531,2,traffic_signs,0.949957549571991,646.8265380859375,354.4892272949219,790.5908813476562,500.6027526855469,718.7087097167969,427.5459899902344,143.76434326171875,146.113525390625
IMG_0030.mp4,2365,78.91224557891225,29.97,615,1,traffic_lights,0.6503742933273315,1033.899658203125,702.6823120117188,1051.7498779296875,750.44580078125,1042.8247680664062,726.5640563964844,17.8502197265625,47.76348876953125
IMG_0030.mp4,2365,78.91224557891225,29.97,589,2,traffic_signs,0.8870246410369873,978.9861450195312,692.2665405273438,1025.5584716796875,758.7861938476562,1002.2723083496094,725.5263671875,46.57232666015625,66.5196533203125
IMG_0030.mp4,2365,78.91224557891225,29.97,645,1,traffic_lights,0.2794162333011627,1452.7659912109375,745.831787109375,1499.933349609375,805.9429931640625,1476.3496704101562,775.8873901367188,47.1673583984375,60.1112060546875
IMG_0030.mp4,2366,78.94561227894562,29.97,542,2,traffic_signs,0.9060308337211609,1453.0517578125,708.8355712890625,1493.9554443359375,752.0383911132812,1473.5036010742188,730.4369812011719,40.9036865234375,43.20281982421875
IMG_0030.mp4,2366,78.94561227894562,29.97,530,2,traffic_signs,0.839222252368927,1530.6812744140625,739.400390625,1585.0955810546875,789.8707275390625,1557.888427734375,764.6355590820312,54.414306640625,50.4703369140625
IMG_0030.mp4,2366,78.94561227894562,29.97,496,1,traffic_lights,0.9076814651489258,1172.5374755859375,519.7274780273438,1200.461669921875,573.7496337890625,1186.4995727539062,546.7385559082031,27.9241943359375,54.02215576171875
IMG_0030.mp4,2366,78.94561227894562,29.97,531,2,traffic_signs,0.7795107364654541,639.4741821289062,346.79266357421875,785.5418701171875,495.0989074707031,712.5080261230469,420.94578552246094,146.06768798828125,148.30624389648438
IMG_0030.mp4,2366,78.94561227894562,29.97,615,1,traffic_lights,0.638721764087677,1033.5819091796875,701.9100952148438,1051.5467529296875,749.7139282226562,1042.5643310546875,725.81201171875,17.96484375,47.8038330078125
IMG_0030.mp4,2366,78.94561227894562,29.97,589,2,traffic_signs,0.8900936245918274,978.718505859375,691.9662475585938,1024.9466552734375,758.762939453125,1001.8325805664062,725.3645935058594,46.2281494140625,66.79669189453125
IMG_0030.mp4,2367,78.97897897897899,29.97,542,2,traffic_signs,0.9124997854232788,1455.8751220703125,708.566650390625,1496.1666259765625,751.3599243164062,1476.0208740234375,729.9632873535156,40.29150390625,42.79327392578125
IMG_0030.mp4,2367,78.97897897897899,29.97,530,2,traffic_signs,0.7553489804267883,1533.5731201171875,739.071533203125,1586.9759521484375,789.338623046875,1560.2745361328125,764.205078125,53.40283203125,50.26708984375
IMG_0030.mp4,2367,78.97897897897899,29.97,496,1,traffic_lights,0.9112650156021118,1173.4908447265625,518.0878295898438,1201.6859130859375,572.6488037109375,1187.58837890625,545.3683166503906,28.195068359375,54.56097412109375
IMG_0030.mp4,2367,78.97897897897899,29.97,531,2,traffic_signs,0.882544755935669,632.6165161132812,338.7560729980469,780.685546875,489.4779357910156,706.6510314941406,414.11700439453125,148.06903076171875,150.72186279296875
IMG_0030.mp4,2367,78.97897897897899,29.97,615,1,traffic_lights,0.5041037797927856,1034.0174560546875,700.9053955078125,1051.7603759765625,748.138671875,1042.888916015625,724.5220336914062,17.742919921875,47.2332763671875
IMG_0030.mp4,2367,78.97897897897899,29.97,589,2,traffic_signs,0.894919753074646,978.4982299804688,691.5654296875,1024.4912109375,758.6432495117188,1001.4947204589844,725.1043395996094,45.99298095703125,67.07781982421875
IMG_0030.mp4,2367,78.97897897897899,29.97,660,2,traffic_signs,0.8334910273551941,632.5650024414062,340.0603332519531,780.7036743164062,489.8290100097656,706.6343383789062,414.9446716308594,148.138671875,149.7686767578125
IMG_0030.mp4,2367,78.97897897897899,29.97,645,1,traffic_lights,0.43634968996047974,1454.3697509765625,745.3602905273438,1505.83203125,805.421630859375,1480.1008911132812,775.3909606933594,51.4622802734375,60.06134033203125
IMG_0030.mp4,2368,79.01234567901236,29.97,542,2,traffic_signs,0.7197549939155579,1456.46337890625,708.1577758789062,1496.5018310546875,750.7215576171875,1476.4826049804688,729.4396667480469,40.0384521484375,42.56378173828125
IMG_0030.mp4,2368,79.01234567901236,29.97,530,2,traffic_signs,0.7606657147407532,1533.73291015625,739.2821044921875,1587.4794921875,789.0784301757812,1560.606201171875,764.1802673339844,53.74658203125,49.79632568359375
IMG_0030.mp4,2368,79.01234567901236,29.97,496,1,traffic_lights,0.9124290347099304,1172.97314453125,517.0640258789062,1201.3150634765625,572.103759765625,1187.1441040039062,544.5838928222656,28.3419189453125,55.03973388671875
IMG_0030.mp4,2368,79.01234567901236,29.97,615,1,traffic_lights,0.7314229607582092,1033.6656494140625,700.0011596679688,1051.213134765625,747.287109375,1042.4393920898438,723.6441345214844,17.5474853515625,47.28594970703125
IMG_0030.mp4,2368,79.01234567901236,29.97,589,2,traffic_signs,0.891974687576294,976.807861328125,691.1370849609375,1023.54248046875,758.3980712890625,1000.1751708984375,724.767578125,46.734619140625,67.260986328125
IMG_0030.mp4,2368,79.01234567901236,29.97,645,1,traffic_lights,0.3268232047557831,1455.8690185546875,745.7161865234375,1504.7015380859375,805.3450927734375,1480.2852783203125,775.5306396484375,48.83251953125,59.62890625
IMG_0030.mp4,2369,79.04571237904571,29.97,542,2,traffic_signs,0.9147465229034424,1456.8541259765625,707.4688110351562,1498.1268310546875,750.5942993164062,1477.490478515625,729.0315551757812,41.272705078125,43.12548828125
IMG_0030.mp4,2369,79.04571237904571,29.97,530,2,traffic_signs,0.7306901812553406,1535.2593994140625,739.0527954101562,1589.7969970703125,789.1350708007812,1562.5281982421875,764.0939331054688,54.53759765625,50.082275390625
IMG_0030.mp4,2369,79.04571237904571,29.97,496,1,traffic_lights,0.9133086204528809,1173.15966796875,516.2667846679688,1201.592529296875,571.018310546875,1187.3760986328125,543.6425476074219,28.432861328125,54.75152587890625
IMG_0030.mp4,2369,79.04571237904571,29.97,615,1,traffic_lights,0.7278445363044739,1033.496337890625,699.2459716796875,1051.193603515625,746.6063842773438,1042.344970703125,722.9261779785156,17.697265625,47.36041259765625
IMG_0030.mp4,2369,79.04571237904571,29.97,589,2,traffic_signs,0.885216236114502,976.0895385742188,690.7803344726562,1022.9473266601562,757.9017944335938,999.5184326171875,724.341064453125,46.8577880859375,67.1214599609375
IMG_0030.mp4,2369,79.04571237904571,29.97,645,1,traffic_lights,0.469587504863739,1459.0198974609375,745.7029418945312,1506.6546630859375,805.4503784179688,1482.8372802734375,775.57666015625,47.634765625,59.7474365234375
IMG_0030.mp4,2369,79.04571237904571,29.97,531,2,traffic_signs,0.9457089900970459,618.4375,324.78717041015625,770.2525634765625,478.4444885253906,694.3450317382812,401.61582946777344,151.8150634765625,153.65731811523438
IMG_0030.mp4,2370,79.07907907907908,29.97,542,2,traffic_signs,0.9079462289810181,1457.3037109375,706.76611328125,1499.2764892578125,750.98876953125,1478.2901000976562,728.87744140625,41.9727783203125,44.22265625
IMG_0030.mp4,2370,79.07907907907908,29.97,530,2,traffic_signs,0.7394844889640808,1536.80908203125,738.6190185546875,1591.696533203125,789.3026123046875,1564.2528076171875,763.9608154296875,54.887451171875,50.68359375
IMG_0030.mp4,2370,79.07907907907908,29.97,496,1,traffic_lights,0.912622332572937,1173.1270751953125,515.3356323242188,1201.661376953125,570.001220703125,1187.3942260742188,542.6684265136719,28.5343017578125,54.66558837890625
IMG_0030.mp4,2370,79.07907907907908,29.97,615,1,traffic_lights,0.8237023949623108,1032.65576171875,698.6625366210938,1050.909423828125,745.9974975585938,1041.7825927734375,722.3300170898438,18.253662109375,47.3349609375
IMG_0030.mp4,2370,79.07907907907908,29.97,589,2,traffic_signs,0.8748837113380432,975.1304321289062,690.5023803710938,1022.1262817382812,757.4578857421875,998.6283569335938,723.9801330566406,46.995849609375,66.95550537109375
IMG_0030.mp4,2370,79.07907907907908,29.97,645,1,traffic_lights,0.5510186553001404,1460.2410888671875,745.8158569335938,1509.07568359375,805.4334106445312,1484.6583862304688,775.6246337890625,48.8345947265625,59.6175537109375
IMG_0030.mp4,2370,79.07907907907908,29.97,531,2,traffic_signs,0.9564542770385742,609.9907836914062,317.8851623535156,765.1022338867188,473.4534912109375,687.5465087890625,395.66932678222656,155.1114501953125,155.56832885742188
IMG_0030.mp4,2371,79.11244577911245,29.97,542,2,traffic_signs,0.9152153134346008,1458.7431640625,705.8425903320312,1500.5592041015625,751.132080078125,1479.6511840820312,728.4873352050781,41.8160400390625,45.28948974609375
IMG_0030.mp4,2371,79.11244577911245,29.97,530,2,traffic_signs,0.7895330786705017,1539.42822265625,737.7484741210938,1594.6287841796875,789.3800048828125,1567.0285034179688,763.5642395019531,55.2005615234375,51.63153076171875
IMG_0030.mp4,2371,79.11244577911245,29.97,496,1,traffic_lights,0.903592050075531,1173.3695068359375,514.1112670898438,1202.1507568359375,569.118408203125,1187.7601318359375,541.6148376464844,28.78125,55.00714111328125
IMG_0030.mp4,2371,79.11244577911245,29.97,615,1,traffic_lights,0.4358829855918884,1032.4847412109375,698.31787109375,1050.614501953125,745.5714111328125,1041.5496215820312,721.9446411132812,18.1297607421875,47.2535400390625
IMG_0030.mp4,2371,79.11244577911245,29.97,589,2,traffic_signs,0.866025984287262,974.58740234375,690.1825561523438,1021.9071044921875,757.3432006835938,998.2472534179688,723.7628784179688,47.3197021484375,67.16064453125
IMG_0030.mp4,2371,79.11244577911245,29.97,531,2,traffic_signs,0.8866076469421387,602.8679809570312,309.31353759765625,759.628662109375,467.2910461425781,681.2483215332031,388.3022918701172,156.76068115234375,157.97750854492188
IMG_0030.mp4,2372,79.14581247914582,29.97,542,2,traffic_signs,0.9092196822166443,1460.20263671875,705.0682373046875,1501.892333984375,750.95703125,1481.0474853515625,728.0126342773438,41.689697265625,45.8887939453125
IMG_0030.mp4,2372,79.14581247914582,29.97,530,2,traffic_signs,0.8201631307601929,1541.9324951171875,736.90771484375,1596.2569580078125,789.1347045898438,1569.0947265625,763.0212097167969,54.324462890625,52.22698974609375
IMG_0030.mp4,2372,79.14581247914582,29.97,496,1,traffic_lights,0.8891828656196594,1173.6884765625,512.8678588867188,1202.7659912109375,568.2167358398438,1188.2272338867188,540.5422973632812,29.0775146484375,55.348876953125
IMG_0030.mp4,2372,79.14581247914582,29.97,615,1,traffic_lights,0.6752532720565796,1032.582763671875,698.0140991210938,1050.5992431640625,745.0031127929688,1041.5910034179688,721.5086059570312,18.0164794921875,46.989013671875
IMG_0030.mp4,2372,79.14581247914582,29.97,589,2,traffic_signs,0.8451735973358154,974.3543090820312,690.013916015625,1021.5037841796875,756.9961547851562,997.9290466308594,723.5050354003906,47.14947509765625,66.98223876953125
IMG_0030.mp4,2372,79.14581247914582,29.97,531,2,traffic_signs,0.9454064965248108,595.8348999023438,301.7840576171875,752.7673950195312,461.5306091308594,674.3011474609375,381.65733337402344,156.9324951171875,159.74655151367188
IMG_0030.mp4,2372,79.14581247914582,29.97,645,1,traffic_lights,0.6300089359283447,1462.0516357421875,744.737548828125,1513.7025146484375,805.5753173828125,1487.8770751953125,775.1564331054688,51.65087890625,60.8377685546875
IMG_0030.mp4,2373,79.17917917917919,29.97,542,2,traffic_signs,0.8974609375,1461.64013671875,704.5013427734375,1503.717041015625,750.5094604492188,1482.6785888671875,727.5054016113281,42.076904296875,46.00811767578125
IMG_0030.mp4,2373,79.17917917917919,29.97,530,2,traffic_signs,0.8008902668952942,1543.45947265625,736.12841796875,1597.5487060546875,788.51025390625,1570.5040893554688,762.3193359375,54.0892333984375,52.3818359375
IMG_0030.mp4,2373,79.17917917917919,29.97,496,1,traffic_lights,0.8820862770080566,1173.859375,511.6072998046875,1203.416748046875,567.4432373046875,1188.6380615234375,539.5252685546875,29.557373046875,55.8359375
IMG_0030.mp4,2373,79.17917917917919,29.97,615,1,traffic_lights,0.7673338651657104,1032.3892822265625,697.9176635742188,1050.65283203125,744.6875,1041.5210571289062,721.3025817871094,18.2635498046875,46.76983642578125
IMG_0030.mp4,2373,79.17917917917919,29.97,589,2,traffic_signs,0.824871301651001,973.9740600585938,689.9099731445312,1021.0264282226562,756.6367797851562,997.500244140625,723.2733764648438,47.0523681640625,66.726806640625
IMG_0030.mp4,2373,79.17917917917919,29.97,531,2,traffic_signs,0.9517219662666321,587.4912719726562,293.7050476074219,747.1986694335938,454.7510681152344,667.344970703125,374.2280578613281,159.7073974609375,161.0460205078125
IMG_0030.mp4,2374,79.21254587921256,29.97,542,2,traffic_signs,0.890659511089325,1462.5421142578125,704.0916748046875,1504.992431640625,749.9135131835938,1483.7672729492188,727.0025939941406,42.4503173828125,45.82183837890625
IMG_0030.mp4,2374,79.21254587921256,29.97,530,2,traffic_signs,0.7702695727348328,1544.5394287109375,736.235107421875,1599.6998291015625,788.1227416992188,1572.11962890625,762.1789245605469,55.160400390625,51.88763427734375
IMG_0030.mp4,2374,79.21254587921256,29.97,496,1,traffic_lights,0.6865777969360352,1174.37255859375,510.8408508300781,1203.8123779296875,566.9359130859375,1189.0924682617188,538.8883819580078,29.4398193359375,56.095062255859375
IMG_0030.mp4,2374,79.21254587921256,29.97,615,1,traffic_lights,0.30343177914619446,1032.3785400390625,697.8049926757812,1050.685791015625,744.1421508789062,1041.5321655273438,720.9735717773438,18.3072509765625,46.337158203125
IMG_0030.mp4,2374,79.21254587921256,29.97,589,2,traffic_signs,0.8056130409240723,973.8308715820312,689.83740234375,1020.845703125,756.42236328125,997.3382873535156,723.1298828125,47.01483154296875,66.5849609375
IMG_0030.mp4,2374,79.21254587921256,29.97,531,2,traffic_signs,0.9157522916793823,580.1490478515625,285.047119140625,742.3990478515625,448.83563232421875,661.2740478515625,366.9413757324219,162.25,163.78851318359375
IMG_0030.mp4,2374,79.21254587921256,29.97,645,1,traffic_lights,0.6669746041297913,1469.5604248046875,742.92822265625,1515.535888671875,805.474609375,1492.5481567382812,774.201416015625,45.9754638671875,62.54638671875
IMG_0030.mp4,2375,79.24591257924591,29.97,542,2,traffic_signs,0.87874436378479,1463.75048828125,703.6796264648438,1506.3516845703125,749.0875244140625,1485.0510864257812,726.3835754394531,42.6011962890625,45.40789794921875
IMG_0030.mp4,2375,79.24591257924591,29.97,530,2,traffic_signs,0.8267399668693542,1545.5584716796875,735.5664672851562,1601.9354248046875,787.870849609375,1573.7469482421875,761.7186584472656,56.376953125,52.30438232421875
IMG_0030.mp4,2375,79.24591257924591,29.97,496,1,traffic_lights,0.5872319936752319,1174.479736328125,509.9925842285156,1203.64306640625,565.9292602539062,1189.0614013671875,537.9609222412109,29.163330078125,55.936676025390625
IMG_0030.mp4,2375,79.24591257924591,29.97,615,1,traffic_lights,0.8246244788169861,1031.98095703125,697.5660400390625,1050.2578125,743.6439208984375,1041.119384765625,720.60498046875,18.27685546875,46.077880859375
IMG_0030.mp4,2375,79.24591257924591,29.97,589,2,traffic_signs,0.7412466406822205,973.4320068359375,689.7489013671875,1020.1685180664062,755.8975830078125,996.8002624511719,722.8232421875,46.73651123046875,66.148681640625
IMG_0030.mp4,2375,79.24591257924591,29.97,531,2,traffic_signs,0.9456426501274109,571.6148681640625,275.214111328125,736.5912475585938,442.1304016113281,654.1030578613281,358.67225646972656,164.97637939453125,166.91629028320312
IMG_0030.mp4,2375,79.24591257924591,29.97,645,1,traffic_lights,0.6485828161239624,1473.1986083984375,742.1421508789062,1515.5941162109375,805.618896484375,1494.3963623046875,773.8805236816406,42.3955078125,63.47674560546875
IMG_0030.mp4,2376,79.27927927927928,29.97,542,2,traffic_signs,0.8889870643615723,1464.681396484375,703.5960693359375,1507.554931640625,748.8372802734375,1486.1181640625,726.2166748046875,42.87353515625,45.2412109375
IMG_0030.mp4,2376,79.27927927927928,29.97,530,2,traffic_signs,0.8321231603622437,1546.7210693359375,734.9442749023438,1603.514892578125,787.759521484375,1575.1179809570312,761.3518981933594,56.7938232421875,52.81524658203125
IMG_0030.mp4,2376,79.27927927927928,29.97,496,1,traffic_lights,0.5573971271514893,1174.63671875,509.4062805175781,1203.490234375,565.3341064453125,1189.0634765625,537.3701934814453,28.853515625,55.927825927734375
IMG_0030.mp4,2376,79.27927927927928,29.97,615,1,traffic_lights,0.6614875793457031,1032.8887939453125,697.158935546875,1050.5047607421875,744.0635375976562,1041.69677734375,720.6112365722656,17.615966796875,46.90460205078125
IMG_0030.mp4,2376,79.27927927927928,29.97,589,2,traffic_signs,0.4785362184047699,973.7739868164062,689.5446166992188,1020.37744140625,755.648193359375,997.0757141113281,722.5964050292969,46.60345458984375,66.10357666015625
IMG_0030.mp4,2376,79.27927927927928,29.97,531,2,traffic_signs,0.9389635920524597,563.5113525390625,267.6890563964844,730.0841674804688,436.7199401855469,646.7977600097656,352.2044982910156,166.57281494140625,169.0308837890625
IMG_0030.mp4,2376,79.27927927927928,29.97,645,1,traffic_lights,0.6758634448051453,1473.0648193359375,742.0120239257812,1516.0523681640625,805.5096435546875,1494.55859375,773.7608337402344,42.987548828125,63.49761962890625
IMG_0030.mp4,2377,79.31264597931265,29.97,542,2,traffic_signs,0.8934552669525146,1466.308349609375,703.1544799804688,1508.9539794921875,748.4434204101562,1487.6311645507812,725.7989501953125,42.6456298828125,45.2889404296875
IMG_0030.mp4,2377,79.31264597931265,29.97,530,2,traffic_signs,0.7857401371002197,1548.861083984375,734.3495483398438,1606.174560546875,787.7185668945312,1577.517822265625,761.0340576171875,57.3134765625,53.3690185546875
IMG_0030.mp4,2377,79.31264597931265,29.97,496,1,traffic_lights,0.7819408178329468,1174.7662353515625,508.3151550292969,1203.1385498046875,564.911376953125,1188.952392578125,536.6132659912109,28.372314453125,56.596221923828125
IMG_0030.mp4,2377,79.31264597931265,29.97,615,1,traffic_lights,0.47626447677612305,1032.5615234375,696.5805053710938,1049.9127197265625,744.013916015625,1041.2371215820312,720.2972106933594,17.3511962890625,47.43341064453125
IMG_0030.mp4,2377,79.31264597931265,29.97,589,2,traffic_signs,0.44712552428245544,973.6818237304688,689.632568359375,1019.459716796875,755.3865966796875,996.5707702636719,722.5095825195312,45.77789306640625,65.7540283203125
IMG_0030.mp4,2377,79.31264597931265,29.97,531,2,traffic_signs,0.9083031415939331,554.5098266601562,258.9230651855469,723.676513671875,429.7264099121094,639.0931701660156,344.3247375488281,169.16668701171875,170.8033447265625
IMG_0030.mp4,2377,79.31264597931265,29.97,645,1,traffic_lights,0.6347843408584595,1473.6417236328125,741.996826171875,1516.1533203125,805.215576171875,1494.8975219726562,773.606201171875,42.5115966796875,63.21875
IMG_0030.mp4,2378,79.34601267934602,29.97,542,2,traffic_signs,0.8650674223899841,1467.341796875,702.2863159179688,1510.7313232421875,748.1398315429688,1489.0365600585938,725.2130737304688,43.3895263671875,45.853515625
IMG_0030.mp4,2378,79.34601267934602,29.97,530,2,traffic_signs,0.8003213405609131,1552.035888671875,734.0743408203125,1608.13427734375,787.2518310546875,1580.0850830078125,760.6630859375,56.098388671875,53.177490234375
IMG_0030.mp4,2378,79.34601267934602,29.97,496,1,traffic_lights,0.8246046304702759,1174.686767578125,507.3534240722656,1203.1590576171875,563.6370849609375,1188.9229125976562,535.4952545166016,28.4722900390625,56.283660888671875
IMG_0030.mp4,2378,79.34601267934602,29.97,615,1,traffic_lights,0.8362852334976196,1032.198974609375,695.6988525390625,1049.7393798828125,743.6771850585938,1040.9691772460938,719.6880187988281,17.5404052734375,47.97833251953125
IMG_0030.mp4,2378,79.34601267934602,29.97,589,2,traffic_signs,0.41768860816955566,973.3497314453125,689.177978515625,1018.7850952148438,754.9549560546875,996.0674133300781,722.0664672851562,45.43536376953125,65.7769775390625
IMG_0030.mp4,2378,79.34601267934602,29.97,531,2,traffic_signs,0.9228001832962036,545.7567138671875,247.13861083984375,719.48974609375,422.322265625,632.6232299804688,334.7304382324219,173.7330322265625,175.18365478515625
IMG_0030.mp4,2378,79.34601267934602,29.97,645,1,traffic_lights,0.5639904141426086,1473.6236572265625,742.1028442382812,1516.55322265625,804.462158203125,1495.0884399414062,773.2825012207031,42.9295654296875,62.35931396484375
IMG_0030.mp4,2379,79.37937937937939,29.97,542,2,traffic_signs,0.8453985452651978,1468.4935302734375,701.5804443359375,1512.3125,747.5590209960938,1490.4030151367188,724.5697326660156,43.8189697265625,45.97857666015625
IMG_0030.mp4,2379,79.37937937937939,29.97,530,2,traffic_signs,0.8210570216178894,1553.9056396484375,733.4962768554688,1609.46630859375,786.9259033203125,1581.6859741210938,760.2110900878906,55.5606689453125,53.42962646484375
IMG_0030.mp4,2379,79.37937937937939,29.97,496,1,traffic_lights,0.8787721991539001,1174.9522705078125,506.65924072265625,1203.440185546875,562.5018920898438,1189.1962280273438,534.58056640625,28.4879150390625,55.8426513671875
IMG_0030.mp4,2379,79.37937937937939,29.97,615,1,traffic_lights,0.8034846782684326,1032.2445068359375,695.1287231445312,1049.896728515625,743.274658203125,1041.0706176757812,719.2016906738281,17.6522216796875,48.14593505859375
IMG_0030.mp4,2379,79.37937937937939,29.97,589,2,traffic_signs,0.5231615304946899,973.5907592773438,688.72705078125,1018.8783569335938,754.5014038085938,996.2345581054688,721.6142272949219,45.28759765625,65.77435302734375
IMG_0030.mp4,2379,79.37937937937939,29.97,531,2,traffic_signs,0.9002403616905212,537.366943359375,237.18017578125,711.8519287109375,415.6026611328125,624.6094360351562,326.39141845703125,174.4849853515625,178.4224853515625
IMG_0030.mp4,2379,79.37937937937939,29.97,645,1,traffic_lights,0.67634516954422,1473.715087890625,741.6316528320312,1517.944091796875,804.075439453125,1495.82958984375,772.8535461425781,44.22900390625,62.44378662109375
IMG_0030.mp4,2380,79.41274607941276,29.97,542,2,traffic_signs,0.8448405861854553,1470.0362548828125,700.7329711914062,1513.9888916015625,747.0170288085938,1492.0125732421875,723.875,43.95263671875,46.2840576171875
IMG_0030.mp4,2380,79.41274607941276,29.97,530,2,traffic_signs,0.6395182609558105,1555.310302734375,732.8672485351562,1610.472412109375,786.346435546875,1582.891357421875,759.6068420410156,55.162109375,53.47918701171875
IMG_0030.mp4,2380,79.41274607941276,29.97,496,1,traffic_lights,0.8957585692405701,1174.82373046875,505.89666748046875,1203.6068115234375,561.1672973632812,1189.2152709960938,533.531982421875,28.7830810546875,55.2706298828125
IMG_0030.mp4,2380,79.41274607941276,29.97,615,1,traffic_lights,0.8363417387008667,1031.8685302734375,694.6742553710938,1049.582763671875,742.9541625976562,1040.7256469726562,718.814208984375,17.7142333984375,48.2799072265625
IMG_0030.mp4,2380,79.41274607941276,29.97,589,2,traffic_signs,0.6044884920120239,973.6966552734375,688.505615234375,1018.4619140625,753.9395141601562,996.0792846679688,721.2225646972656,44.7652587890625,65.43389892578125
IMG_0030.mp4,2380,79.41274607941276,29.97,531,2,traffic_signs,0.8425636887550354,527.3733520507812,227.34561157226562,704.1264038085938,407.0702209472656,615.7498779296875,317.2079162597656,176.7530517578125,179.724609375
IMG_0030.mp4,2380,79.41274607941276,29.97,645,1,traffic_lights,0.7103122472763062,1475.4698486328125,739.9456787109375,1521.6044921875,804.0584716796875,1498.5371704101562,772.0020751953125,46.1346435546875,64.11279296875
IMG_0030.mp4,2381,79.44611277944611,29.97,542,2,traffic_signs,0.8605985641479492,1471.585693359375,699.954345703125,1515.6146240234375,746.8807373046875,1493.6001586914062,723.4175415039062,44.0289306640625,46.9263916015625
IMG_0030.mp4,2381,79.44611277944611,29.97,530,2,traffic_signs,0.6511865854263306,1556.2470703125,732.7301635742188,1612.9853515625,786.0703125,1584.6162109375,759.4002380371094,56.73828125,53.34014892578125
IMG_0030.mp4,2381,79.44611277944611,29.97,496,1,traffic_lights,0.8986731767654419,1175.2752685546875,505.7155456542969,1204.2864990234375,560.1205444335938,1189.7808837890625,532.9180450439453,29.01123046875,54.404998779296875
IMG_0030.mp4,2381,79.44611277944611,29.97,615,1,traffic_lights,0.8267627954483032,1032.2845458984375,694.3126220703125,1050.027587890625,742.7747192382812,1041.1560668945312,718.5436706542969,17.7430419921875,48.46209716796875
IMG_0030.mp4,2381,79.44611277944611,29.97,589,2,traffic_signs,0.5536971688270569,974.561767578125,688.5571899414062,1018.885009765625,753.8638305664062,996.723388671875,721.2105102539062,44.3232421875,65.306640625
IMG_0030.mp4,2381,79.44611277944611,29.97,645,1,traffic_lights,0.6222065091133118,1477.8955078125,739.2354736328125,1523.47900390625,803.9603881835938,1500.687255859375,771.5979309082031,45.58349609375,64.72491455078125
IMG_0030.mp4,2382,79.47947947947948,29.97,542,2,traffic_signs,0.8710905313491821,1473.2532958984375,699.559326171875,1517.4957275390625,746.4140625,1495.37451171875,722.9866943359375,44.242431640625,46.854736328125
IMG_0030.mp4,2382,79.47947947947948,29.97,530,2,traffic_signs,0.687591016292572,1557.7392578125,732.4935913085938,1615.0863037109375,785.6693725585938,1586.4127807617188,759.0814819335938,57.3470458984375,53.17578125
IMG_0030.mp4,2382,79.47947947947948,29.97,496,1,traffic_lights,0.9039804935455322,1175.6622314453125,504.03509521484375,1204.8543701171875,558.810546875,1190.25830078125,531.4228210449219,29.192138671875,54.77545166015625
IMG_0030.mp4,2382,79.47947947947948,29.97,615,1,traffic_lights,0.8218482732772827,1032.2816162109375,693.6992797851562,1049.8701171875,742.5175170898438,1041.0758666992188,718.1083984375,17.5885009765625,48.8182373046875
IMG_0030.mp4,2382,79.47947947947948,29.97,645,1,traffic_lights,0.6942781805992126,1478.00341796875,738.540771484375,1525.293212890625,803.62841796875,1501.6483154296875,771.0845947265625,47.289794921875,65.087646484375
IMG_0030.mp4,2382,79.47947947947948,29.97,531,2,traffic_signs,0.3193637728691101,510.0299987792969,208.18809509277344,692.4015502929688,392.9914855957031,601.2157745361328,300.5897903442383,182.37155151367188,184.8033905029297
IMG_0030.mp4,2383,79.51284617951285,29.97,542,2,traffic_signs,0.48732098937034607,1474.66748046875,699.5677490234375,1519.6531982421875,746.4871215820312,1497.1603393554688,723.0274353027344,44.9857177734375,46.91937255859375
IMG_0030.mp4,2383,79.51284617951285,29.97,530,2,traffic_signs,0.7201228737831116,1559.95703125,732.1366577148438,1618.4462890625,785.1031494140625,1589.20166015625,758.6199035644531,58.4892578125,52.96649169921875
IMG_0030.mp4,2383,79.51284617951285,29.97,496,1,traffic_lights,0.9056479930877686,1175.98828125,502.7801208496094,1205.16943359375,557.6824340820312,1190.578857421875,530.2312774658203,29.18115234375,54.902313232421875
IMG_0030.mp4,2383,79.51284617951285,29.97,615,1,traffic_lights,0.837609052658081,1031.851806640625,693.1768188476562,1049.818115234375,741.9440307617188,1040.8349609375,717.5604248046875,17.96630859375,48.7672119140625
IMG_0030.mp4,2383,79.51284617951285,29.97,645,1,traffic_lights,0.7422679662704468,1477.8634033203125,738.510986328125,1528.2667236328125,803.5296020507812,1503.0650634765625,771.0202941894531,50.4033203125,65.01861572265625
IMG_0030.mp4,2383,79.51284617951285,29.97,589,2,traffic_signs,0.29374226927757263,975.7410888671875,690.3716430664062,1018.65869140625,753.2083129882812,997.1998901367188,721.7899780273438,42.9176025390625,62.836669921875
IMG_0030.mp4,2384,79.54621287954622,29.97,542,2,traffic_signs,0.9307471513748169,1475.4852294921875,699.4942626953125,1520.5673828125,746.030517578125,1498.0263061523438,722.7623901367188,45.0821533203125,46.5362548828125
IMG_0030.mp4,2384,79.54621287954622,29.97,530,2,traffic_signs,0.7546554803848267,1561.7034912109375,732.225830078125,1619.7626953125,784.8692016601562,1590.7330932617188,758.5475158691406,58.0592041015625,52.64337158203125
IMG_0030.mp4,2384,79.54621287954622,29.97,496,1,traffic_lights,0.9079942107200623,1176.251708984375,502.1357421875,1205.5411376953125,557.3681030273438,1190.8964233398438,529.7519226074219,29.2894287109375,55.23236083984375
IMG_0030.mp4,2384,79.54621287954622,29.97,615,1,traffic_lights,0.8447364568710327,1031.9080810546875,692.892333984375,1050.16357421875,742.1122436523438,1041.0358276367188,717.5022888183594,18.2554931640625,49.21990966796875
IMG_0030.mp4,2384,79.54621287954622,29.97,645,1,traffic_lights,0.6916747093200684,1477.4359130859375,738.2184448242188,1529.821044921875,803.2374267578125,1503.6284790039062,770.7279357910156,52.3851318359375,65.01898193359375
IMG_0030.mp4,2384,79.54621287954622,29.97,670,2,traffic_signs,0.430697500705719,969.0216064453125,679.8342895507812,1007.0674438476562,722.15625,988.0445251464844,700.9952697753906,38.04583740234375,42.32196044921875
IMG_0030.mp4,2384,79.54621287954622,29.97,589,2,traffic_signs,0.42868319153785706,977.3178100585938,694.547607421875,1018.9679565429688,753.0623168945312,998.1428833007812,723.8049621582031,41.650146484375,58.51470947265625
IMG_0030.mp4,2385,79.57957957957959,29.97,542,2,traffic_signs,0.9005013704299927,1477.2984619140625,698.7532958984375,1521.87939453125,745.4473266601562,1499.5889282226562,722.1003112792969,44.5809326171875,46.69403076171875
IMG_0030.mp4,2385,79.57957957957959,29.97,530,2,traffic_signs,0.7556707859039307,1563.6929931640625,731.7728881835938,1620.611572265625,784.5763549804688,1592.1522827148438,758.1746215820312,56.9185791015625,52.803466796875
IMG_0030.mp4,2385,79.57957957957959,29.97,496,1,traffic_lights,0.9002545475959778,1176.4327392578125,500.76507568359375,1205.871826171875,556.4740600585938,1191.1522827148438,528.6195678710938,29.4390869140625,55.708984375
IMG_0030.mp4,2385,79.57957957957959,29.97,615,1,traffic_lights,0.8493739366531372,1031.6854248046875,692.3419189453125,1050.0517578125,741.95654296875,1040.8685913085938,717.1492309570312,18.3663330078125,49.6146240234375
IMG_0030.mp4,2385,79.57957957957959,29.97,645,1,traffic_lights,0.3765467703342438,1478.754150390625,738.2092895507812,1530.36865234375,802.8043212890625,1504.5614013671875,770.5068054199219,51.614501953125,64.59503173828125
IMG_0030.mp4,2385,79.57957957957959,29.97,670,2,traffic_signs,0.27058663964271545,968.538818359375,679.2919311523438,1006.7197265625,722.1494750976562,987.6292724609375,700.720703125,38.180908203125,42.8575439453125
IMG_0030.mp4,2385,79.57957957957959,29.97,589,2,traffic_signs,0.4061572253704071,977.8230590820312,696.3839111328125,1018.93994140625,752.72021484375,998.3815002441406,724.5520629882812,41.11688232421875,56.3363037109375
IMG_0030.mp4,2385,79.57957957957959,29.97,671,1,traffic_lights,0.38369813561439514,1274.23046875,720.701171875,1286.784423828125,762.3665771484375,1280.5074462890625,741.5338745117188,12.553955078125,41.6654052734375
IMG_0030.mp4,2385,79.57957957957959,29.97,672,2,traffic_signs,0.42521044611930847,969.4751586914062,679.0277099609375,1017.7434692382812,753.1031494140625,993.6093139648438,716.0654296875,48.268310546875,74.075439453125
IMG_0030.mp4,2386,79.61294627961296,29.97,542,2,traffic_signs,0.9123817086219788,1479.20703125,698.5083618164062,1523.67919921875,744.5969848632812,1501.443115234375,721.5526733398438,44.47216796875,46.088623046875
IMG_0030.mp4,2386,79.61294627961296,29.97,530,2,traffic_signs,0.7770681977272034,1566.3009033203125,730.5740356445312,1622.8489990234375,784.0992431640625,1594.574951171875,757.3366394042969,56.548095703125,53.52520751953125
IMG_0030.mp4,2386,79.61294627961296,29.97,496,1,traffic_lights,0.8870867490768433,1176.6427001953125,498.8665466308594,1206.17041015625,555.3798217773438,1191.4065551757812,527.1231842041016,29.5277099609375,56.513275146484375
IMG_0030.mp4,2386,79.61294627961296,29.97,615,1,traffic_lights,0.857092022895813,1031.4031982421875,691.60693359375,1049.6805419921875,741.7167358398438,1040.5418701171875,716.6618347167969,18.27734375,50.10980224609375
IMG_0030.mp4,2386,79.61294627961296,29.97,645,1,traffic_lights,0.5706645250320435,1482.5565185546875,737.6808471679688,1534.3221435546875,802.9734497070312,1508.4393310546875,770.3271484375,51.765625,65.2926025390625
IMG_0030.mp4,2386,79.61294627961296,29.97,670,2,traffic_signs,0.4658670425415039,968.1216430664062,679.1654663085938,1004.4322509765625,719.3031005859375,986.2769470214844,699.2342834472656,36.31060791015625,40.13763427734375
IMG_0030.mp4,2386,79.61294627961296,29.97,589,2,traffic_signs,0.6804308295249939,978.853759765625,701.034912109375,1018.3837280273438,752.1966552734375,998.6187438964844,726.6157836914062,39.52996826171875,51.1617431640625
IMG_0030.mp4,2387,79.64631297964631,29.97,542,2,traffic_signs,0.9098708629608154,1480.0516357421875,698.2703857421875,1524.7413330078125,743.9744262695312,1502.396484375,721.1224060058594,44.689697265625,45.70404052734375
IMG_0030.mp4,2387,79.64631297964631,29.97,530,2,traffic_signs,0.6980873346328735,1567.5899658203125,730.1041870117188,1625.2889404296875,783.4361572265625,1596.439453125,756.7701721191406,57.698974609375,53.33197021484375
IMG_0030.mp4,2387,79.64631297964631,29.97,496,1,traffic_lights,0.8975042700767517,1176.9766845703125,497.7320251464844,1206.28466796875,554.7352905273438,1191.6306762695312,526.2336578369141,29.3079833984375,57.003265380859375
IMG_0030.mp4,2387,79.64631297964631,29.97,615,1,traffic_lights,0.8571485877037048,1030.9986572265625,690.9874267578125,1048.9808349609375,741.3090209960938,1039.98974609375,716.1482238769531,17.982177734375,50.32159423828125
IMG_0030.mp4,2387,79.64631297964631,29.97,645,1,traffic_lights,0.7682961821556091,1483.293212890625,737.345947265625,1536.375732421875,802.1581420898438,1509.83447265625,769.7520446777344,53.08251953125,64.81219482421875
IMG_0030.mp4,2387,79.64631297964631,29.97,670,2,traffic_signs,0.4568347632884979,967.776123046875,678.9041137695312,1003.4395141601562,717.5676879882812,985.6078186035156,698.2359008789062,35.66339111328125,38.66357421875
IMG_0030.mp4,2387,79.64631297964631,29.97,589,2,traffic_signs,0.7094771265983582,978.861572265625,703.0216064453125,1017.7230834960938,751.6964111328125,998.2923278808594,727.3590087890625,38.86151123046875,48.6748046875
IMG_0030.mp4,2388,79.67967967967968,29.97,542,2,traffic_signs,0.9026966094970703,1481.8603515625,697.6095581054688,1526.774658203125,743.2648315429688,1504.3175048828125,720.4371948242188,44.914306640625,45.6552734375
IMG_0030.mp4,2388,79.67967967967968,29.97,530,2,traffic_signs,0.7047286033630371,1569.878173828125,729.2982177734375,1628.5999755859375,782.98583984375,1599.2390747070312,756.1420288085938,58.7218017578125,53.6876220703125
IMG_0030.mp4,2388,79.67967967967968,29.97,496,1,traffic_lights,0.8920162916183472,1178.034912109375,496.79937744140625,1206.933349609375,554.0278930664062,1192.484130859375,525.4136352539062,28.8984375,57.228515625
IMG_0030.mp4,2388,79.67967967967968,29.97,615,1,traffic_lights,0.8575335741043091,1031.06201171875,690.2947998046875,1049.1722412109375,741.0079345703125,1040.1171264648438,715.6513671875,18.1102294921875,50.713134765625
IMG_0030.mp4,2388,79.67967967967968,29.97,645,1,traffic_lights,0.7638942003250122,1485.5550537109375,737.2203369140625,1538.7266845703125,801.4973754882812,1512.140869140625,769.3588562011719,53.171630859375,64.27703857421875
IMG_0030.mp4,2388,79.67967967967968,29.97,670,2,traffic_signs,0.30288267135620117,967.8165893554688,678.3073120117188,1004.033447265625,717.6851196289062,985.9250183105469,697.9962158203125,36.21685791015625,39.3778076171875
IMG_0030.mp4,2388,79.67967967967968,29.97,589,2,traffic_signs,0.5164482593536377,977.8453979492188,701.4331665039062,1017.8353881835938,751.3555908203125,997.8403930664062,726.3943786621094,39.989990234375,49.92242431640625
IMG_0030.mp4,2389,79.71304637971305,29.97,542,2,traffic_signs,0.907684326171875,1482.4666748046875,696.664794921875,1527.7406005859375,742.041748046875,1505.1036376953125,719.353271484375,45.27392578125,45.376953125
IMG_0030.mp4,2389,79.71304637971305,29.97,530,2,traffic_signs,0.7682661414146423,1570.870361328125,728.9342041015625,1630.7857666015625,782.7941284179688,1600.8280639648438,755.8641662597656,59.9154052734375,53.85992431640625
IMG_0030.mp4,2389,79.71304637971305,29.97,496,1,traffic_lights,0.8973788022994995,1177.858642578125,495.92626953125,1206.6524658203125,553.29443359375,1192.2555541992188,524.6103515625,28.7938232421875,57.3681640625
IMG_0030.mp4,2389,79.71304637971305,29.97,615,1,traffic_lights,0.8499255776405334,1030.5130615234375,689.8966064453125,1048.657958984375,740.6292114257812,1039.5855102539062,715.2629089355469,18.1448974609375,50.73260498046875
IMG_0030.mp4,2389,79.71304637971305,29.97,645,1,traffic_lights,0.6469290852546692,1487.441162109375,736.4746704101562,1538.91650390625,800.453857421875,1513.1788330078125,768.4642639160156,51.475341796875,63.97918701171875
IMG_0030.mp4,2390,79.74641307974642,29.97,542,2,traffic_signs,0.9141952395439148,1483.0413818359375,695.7810668945312,1528.5689697265625,741.5525512695312,1505.80517578125,718.6668090820312,45.527587890625,45.771484375
IMG_0030.mp4,2390,79.74641307974642,29.97,530,2,traffic_signs,0.7131189703941345,1572.145751953125,728.8099365234375,1632.41650390625,782.8587646484375,1602.2811279296875,755.8343505859375,60.270751953125,54.048828125
IMG_0030.mp4,2390,79.74641307974642,29.97,496,1,traffic_lights,0.9064953327178955,1177.82373046875,494.9832763671875,1206.5279541015625,552.6930541992188,1192.1758422851562,523.8381652832031,28.7042236328125,57.70977783203125
IMG_0030.mp4,2390,79.74641307974642,29.97,615,1,traffic_lights,0.8448877930641174,1030.1025390625,689.2588500976562,1048.3699951171875,740.1657104492188,1039.2362670898438,714.7122802734375,18.2674560546875,50.9068603515625
IMG_0030.mp4,2390,79.74641307974642,29.97,645,1,traffic_lights,0.7377211451530457,1488.49609375,736.808837890625,1539.5377197265625,800.4027099609375,1514.0169067382812,768.6057739257812,51.0416259765625,63.5938720703125
IMG_0030.mp4,2391,79.77977977977979,29.97,542,2,traffic_signs,0.9112148880958557,1484.0860595703125,695.1210327148438,1530.1572265625,741.1673583984375,1507.1216430664062,718.1441955566406,46.0711669921875,46.04632568359375
IMG_0030.mp4,2391,79.77977977977979,29.97,530,2,traffic_signs,0.6297867894172668,1573.603271484375,729.336669921875,1633.4244384765625,782.285888671875,1603.5138549804688,755.811279296875,59.8211669921875,52.94921875
IMG_0030.mp4,2391,79.77977977977979,29.97,496,1,traffic_lights,0.9095087051391602,1178.105712890625,494.0146484375,1206.5697021484375,551.39111328125,1192.3377075195312,522.702880859375,28.4639892578125,57.37646484375
IMG_0030.mp4,2391,79.77977977977979,29.97,615,1,traffic_lights,0.8451998829841614,1029.866943359375,688.7445068359375,1048.2098388671875,739.8095092773438,1039.0383911132812,714.2770080566406,18.3428955078125,51.06500244140625
IMG_0030.mp4,2391,79.77977977977979,29.97,645,1,traffic_lights,0.42742329835891724,1488.4798583984375,737.31591796875,1530.840087890625,799.37548828125,1509.6599731445312,768.345703125,42.3602294921875,62.0595703125
IMG_0030.mp4,2391,79.77977977977979,29.97,675,2,traffic_signs,0.4676940441131592,1241.359375,783.2715454101562,1246.8582763671875,797.6090087890625,1244.1088256835938,790.4402770996094,5.4989013671875,14.33746337890625
IMG_0030.mp4,2392,79.81314647981316,29.97,542,2,traffic_signs,0.9101929664611816,1484.9410400390625,694.388916015625,1531.6678466796875,741.0073852539062,1508.304443359375,717.6981506347656,46.726806640625,46.61846923828125
IMG_0030.mp4,2392,79.81314647981316,29.97,530,2,traffic_signs,0.5106425881385803,1575.609619140625,729.0575561523438,1634.6982421875,781.7733154296875,1605.1539306640625,755.4154357910156,59.088623046875,52.71575927734375
IMG_0030.mp4,2392,79.81314647981316,29.97,496,1,traffic_lights,0.9144018292427063,1178.1087646484375,492.8094482421875,1206.9210205078125,550.2637939453125,1192.514892578125,521.53662109375,28.812255859375,57.454345703125
IMG_0030.mp4,2392,79.81314647981316,29.97,615,1,traffic_lights,0.8311466574668884,1029.955322265625,688.3391723632812,1048.033203125,739.2637939453125,1038.9942626953125,713.8014831542969,18.077880859375,50.92462158203125
IMG_0030.mp4,2392,79.81314647981316,29.97,645,1,traffic_lights,0.5671711564064026,1489.345703125,736.9970703125,1538.7786865234375,799.2921752929688,1514.0621948242188,768.1446228027344,49.4329833984375,62.29510498046875
IMG_0030.mp4,2392,79.81314647981316,29.97,675,2,traffic_signs,0.45380476117134094,1241.55224609375,783.5064697265625,1247.080078125,797.4385986328125,1244.316162109375,790.4725341796875,5.52783203125,13.93212890625
IMG_0030.mp4,2392,79.81314647981316,29.97,589,2,traffic_signs,0.337934285402298,972.2347412109375,686.2479858398438,1015.7545776367188,750.1514282226562,993.9946594238281,718.19970703125,43.51983642578125,63.9034423828125
IMG_0030.mp4,2393,79.84651317984651,29.97,542,2,traffic_signs,0.912272572517395,1486.1011962890625,693.8344116210938,1533.0450439453125,741.3851928710938,1509.5731201171875,717.6098022460938,46.94384765625,47.55078125
IMG_0030.mp4,2393,79.84651317984651,29.97,530,2,traffic_signs,0.25525036454200745,1577.30322265625,728.4942016601562,1636.842529296875,781.6978759765625,1607.0728759765625,755.0960388183594,59.539306640625,53.20367431640625
IMG_0030.mp4,2393,79.84651317984651,29.97,496,1,traffic_lights,0.9137144088745117,1178.111328125,491.4462890625,1207.2705078125,549.0411376953125,1192.69091796875,520.2437133789062,29.1591796875,57.5948486328125
IMG_0030.mp4,2393,79.84651317984651,29.97,615,1,traffic_lights,0.8275204300880432,1029.75732421875,687.68896484375,1048.0933837890625,739.0919189453125,1038.9253540039062,713.3904418945312,18.3360595703125,51.4029541015625
IMG_0030.mp4,2393,79.84651317984651,29.97,645,1,traffic_lights,0.6167570948600769,1491.42822265625,737.0708618164062,1542.7813720703125,798.4501953125,1517.1047973632812,767.7605285644531,51.3531494140625,61.37933349609375
IMG_0030.mp4,2393,79.84651317984651,29.97,675,2,traffic_signs,0.49905824661254883,1241.9566650390625,783.4486694335938,1247.37646484375,797.3975830078125,1244.6665649414062,790.4231262207031,5.4197998046875,13.94891357421875
IMG_0030.mp4,2393,79.84651317984651,29.97,589,2,traffic_signs,0.35288551449775696,971.5546875,683.4629516601562,1015.2672119140625,750.0051879882812,993.4109497070312,716.7340698242188,43.7125244140625,66.542236328125
IMG_0030.mp4,2394,79.87987987987988,29.97,542,2,traffic_signs,0.9145809412002563,1487.5716552734375,693.4301147460938,1534.41748046875,741.55126953125,1510.9945678710938,717.4906921386719,46.8458251953125,48.12115478515625
IMG_0030.mp4,2394,79.87987987987988,29.97,496,1,traffic_lights,0.9085984826087952,1178.4373779296875,490.1808166503906,1207.7288818359375,547.8509521484375,1193.0831298828125,519.0158843994141,29.29150390625,57.670135498046875
IMG_0030.mp4,2394,79.87987987987988,29.97,615,1,traffic_lights,0.8270963430404663,1029.6715087890625,687.2651977539062,1048.1151123046875,738.8115844726562,1038.893310546875,713.0383911132812,18.443603515625,51.54638671875
IMG_0030.mp4,2394,79.87987987987988,29.97,645,1,traffic_lights,0.7258744835853577,1493.604736328125,736.84033203125,1545.8955078125,798.5078125,1519.7501220703125,767.674072265625,52.290771484375,61.66748046875
IMG_0030.mp4,2394,79.87987987987988,29.97,675,2,traffic_signs,0.3784688711166382,1242.2491455078125,783.793212890625,1247.2769775390625,797.3662109375,1244.7630615234375,790.5797119140625,5.02783203125,13.572998046875
IMG_0030.mp4,2394,79.87987987987988,29.97,589,2,traffic_signs,0.34463047981262207,971.3178100585938,682.9579467773438,1015.1392211914062,749.7506103515625,993.228515625,716.3542785644531,43.8214111328125,66.79266357421875
IMG_0030.mp4,2395,79.91324657991325,29.97,542,2,traffic_signs,0.8866249918937683,1489.1502685546875,692.9795532226562,1536.042236328125,740.3211059570312,1512.5962524414062,716.6503295898438,46.8919677734375,47.341552734375
IMG_0030.mp4,2395,79.91324657991325,29.97,496,1,traffic_lights,0.9037263989448547,1178.9735107421875,489.09185791015625,1208.370361328125,546.5188598632812,1193.6719360351562,517.8053588867188,29.3968505859375,57.427001953125
IMG_0030.mp4,2395,79.91324657991325,29.97,615,1,traffic_lights,0.8122788071632385,1029.5367431640625,687.0673828125,1047.9381103515625,738.4767456054688,1038.7374267578125,712.7720642089844,18.4013671875,51.40936279296875
IMG_0030.mp4,2395,79.91324657991325,29.97,645,1,traffic_lights,0.2566555440425873,1496.855224609375,734.9315185546875,1548.349609375,798.3695678710938,1522.6024169921875,766.6505432128906,51.494384765625,63.43804931640625
IMG_0030.mp4,2395,79.91324657991325,29.97,675,2,traffic_signs,0.2907617390155792,1242.448974609375,783.626953125,1247.482666015625,797.5474243164062,1244.9658203125,790.5871887207031,5.03369140625,13.92047119140625
IMG_0030.mp4,2395,79.91324657991325,29.97,589,2,traffic_signs,0.3889264762401581,971.1814575195312,683.1001586914062,1015.0732421875,749.4505004882812,993.1273498535156,716.2753295898438,43.89178466796875,66.350341796875
IMG_0030.mp4,2396,79.94661327994662,29.97,542,2,traffic_signs,0.8982072472572327,1489.9248046875,692.077392578125,1537.364013671875,740.1222534179688,1513.6444091796875,716.0998229980469,47.439208984375,48.04486083984375
IMG_0030.mp4,2396,79.94661327994662,29.97,496,1,traffic_lights,0.8990929126739502,1178.96484375,488.1111755371094,1208.55908203125,545.6026000976562,1193.761962890625,516.8568878173828,29.59423828125,57.491424560546875
IMG_0030.mp4,2396,79.94661327994662,29.97,615,1,traffic_lights,0.8000012040138245,1028.802734375,686.5145263671875,1047.4603271484375,738.3193969726562,1038.1315307617188,712.4169616699219,18.6575927734375,51.80487060546875
IMG_0030.mp4,2396,79.94661327994662,29.97,645,1,traffic_lights,0.7538278102874756,1495.0567626953125,734.8021240234375,1550.065673828125,799.405029296875,1522.5612182617188,767.1035766601562,55.0089111328125,64.6029052734375
IMG_0030.mp4,2396,79.94661327994662,29.97,589,2,traffic_signs,0.4183557331562042,970.764892578125,681.9642944335938,1014.6740112304688,749.0269165039062,992.7194519042969,715.49560546875,43.90911865234375,67.0626220703125
IMG_0030.mp4,2396,79.94661327994662,29.97,530,2,traffic_signs,0.29996258020401,1582.468505859375,727.4995727539062,1644.6318359375,781.0983276367188,1613.5501708984375,754.2989501953125,62.163330078125,53.5987548828125
IMG_0030.mp4,2397,79.97997997997999,29.97,542,2,traffic_signs,0.8851510882377625,1490.567626953125,691.6174926757812,1538.33154296875,739.6119384765625,1514.4495849609375,715.6147155761719,47.763916015625,47.99444580078125
IMG_0030.mp4,2397,79.97997997997999,29.97,496,1,traffic_lights,0.8900761604309082,1179.6241455078125,487.83868408203125,1209.7149658203125,545.6293334960938,1194.6695556640625,516.7340087890625,30.0908203125,57.7906494140625
IMG_0030.mp4,2397,79.97997997997999,29.97,615,1,traffic_lights,0.7785756587982178,1029.4239501953125,686.4169921875,1048.0743408203125,737.8435668945312,1038.7491455078125,712.1302795410156,18.650390625,51.42657470703125
IMG_0030.mp4,2397,79.97997997997999,29.97,645,1,traffic_lights,0.7139160633087158,1494.8153076171875,734.4546508789062,1549.8807373046875,800.3012084960938,1522.3480224609375,767.3779296875,55.0654296875,65.8465576171875
IMG_0030.mp4,2397,79.97997997997999,29.97,589,2,traffic_signs,0.46640390157699585,971.8709716796875,681.6859741210938,1015.336181640625,748.8986206054688,993.6035766601562,715.2922973632812,43.4652099609375,67.212646484375
IMG_0030.mp4,2397,79.97997997997999,29.97,530,2,traffic_signs,0.3955926299095154,1583.564453125,727.3112182617188,1645.8126220703125,780.9027709960938,1614.6885375976562,754.1069946289062,62.2481689453125,53.591552734375
IMG_0030.mp4,2398,80.01334668001336,29.97,542,2,traffic_signs,0.8832339644432068,1492.4990234375,690.5270385742188,1540.49658203125,738.4257202148438,1516.497802734375,714.4763793945312,47.99755859375,47.898681640625
IMG_0030.mp4,2398,80.01334668001336,29.97,496,1,traffic_lights,0.8878834843635559,1179.746337890625,485.9505310058594,1210.0218505859375,544.370849609375,1194.8840942382812,515.1606903076172,30.2755126953125,58.420318603515625
IMG_0030.mp4,2398,80.01334668001336,29.97,615,1,traffic_lights,0.7847391366958618,1028.73974609375,685.4484252929688,1047.3272705078125,737.294921875,1038.0335083007812,711.3716735839844,18.5875244140625,51.84649658203125
IMG_0030.mp4,2398,80.01334668001336,29.97,645,1,traffic_lights,0.7778700590133667,1493.85009765625,733.7748413085938,1552.9454345703125,800.3001708984375,1523.3977661132812,767.0375061035156,59.0953369140625,66.52532958984375
IMG_0030.mp4,2398,80.01334668001336,29.97,589,2,traffic_signs,0.614637553691864,971.563232421875,682.9861450195312,1014.5059204101562,748.4904174804688,993.0345764160156,715.73828125,42.94268798828125,65.5042724609375
IMG_0030.mp4,2398,80.01334668001336,29.97,530,2,traffic_signs,0.3906506299972534,1586.627685546875,726.8324584960938,1648.0582275390625,780.3260498046875,1617.3429565429688,753.5792541503906,61.4305419921875,53.49359130859375
IMG_0030.mp4,2399,80.04671338004671,29.97,542,2,traffic_signs,0.873357892036438,1494.562255859375,690.1155395507812,1542.228271484375,737.4534912109375,1518.395263671875,713.7845153808594,47.666015625,47.33795166015625
IMG_0030.mp4,2399,80.04671338004671,29.97,496,1,traffic_lights,0.8831965327262878,1180.2734375,484.451904296875,1210.3760986328125,543.4971313476562,1195.3247680664062,513.9745178222656,30.1026611328125,59.04522705078125
IMG_0030.mp4,2399,80.04671338004671,29.97,615,1,traffic_lights,0.7562106251716614,1028.048095703125,684.9453735351562,1047.195556640625,737.0140991210938,1037.621826171875,710.979736328125,19.1474609375,52.0687255859375
IMG_0030.mp4,2399,80.04671338004671,29.97,645,1,traffic_lights,0.779944658279419,1494.97705078125,733.3546142578125,1554.5430908203125,799.3228149414062,1524.7600708007812,766.3387145996094,59.5660400390625,65.96820068359375
IMG_0030.mp4,2399,80.04671338004671,29.97,589,2,traffic_signs,0.5674359798431396,971.3701782226562,682.5630493164062,1014.1281127929688,748.1913452148438,992.7491455078125,715.377197265625,42.7579345703125,65.6282958984375
IMG_0030.mp4,2400,80.08008008008008,29.97,542,2,traffic_signs,0.8695271015167236,1496.61572265625,689.9009399414062,1544.6121826171875,736.4418334960938,1520.6139526367188,713.17138671875,47.9964599609375,46.5408935546875
IMG_0030.mp4,2400,80.08008008008008,29.97,496,1,traffic_lights,0.8826683163642883,1181.046630859375,482.7383728027344,1211.216064453125,542.9473876953125,1196.13134765625,512.8428802490234,30.16943359375,60.209014892578125
IMG_0030.mp4,2400,80.08008008008008,29.97,615,1,traffic_lights,0.7434934973716736,1028.07470703125,684.3079833984375,1047.6278076171875,736.5735473632812,1037.8512573242188,710.4407653808594,19.5531005859375,52.26556396484375
IMG_0030.mp4,2400,80.08008008008008,29.97,645,1,traffic_lights,0.7175015807151794,1496.949951171875,733.0936279296875,1556.890869140625,798.827880859375,1526.92041015625,765.9607543945312,59.94091796875,65.7342529296875
IMG_0030.mp4,2400,80.08008008008008,29.97,589,2,traffic_signs,0.42162469029426575,971.1063842773438,681.332763671875,1014.3927612304688,747.946044921875,992.7495727539062,714.639404296875,43.286376953125,66.61328125
IMG_0030.mp4,2400,80.08008008008008,29.97,677,2,traffic_signs,0.4820703864097595,965.1029052734375,671.6237182617188,1015.5748291015625,748.74609375,990.3388671875,710.1849060058594,50.471923828125,77.12237548828125
IMG_0030.mp4,2401,80.11344678011345,29.97,542,2,traffic_signs,0.8677549362182617,1497.25537109375,689.93798828125,1545.1173095703125,736.12939453125,1521.1863403320312,713.03369140625,47.8619384765625,46.19140625
IMG_0030.mp4,2401,80.11344678011345,29.97,496,1,traffic_lights,0.831158459186554,1181.25341796875,482.44256591796875,1211.5374755859375,542.9295043945312,1196.3954467773438,512.68603515625,30.2840576171875,60.4869384765625
IMG_0030.mp4,2401,80.11344678011345,29.97,615,1,traffic_lights,0.7159874439239502,1028.5865478515625,683.8309326171875,1047.8743896484375,736.1500854492188,1038.23046875,709.9905090332031,19.287841796875,52.31915283203125
IMG_0030.mp4,2401,80.11344678011345,29.97,645,1,traffic_lights,0.42624157667160034,1497.9453125,732.3951416015625,1556.6973876953125,797.6709594726562,1527.3213500976562,765.0330505371094,58.7520751953125,65.27581787109375
IMG_0030.mp4,2401,80.11344678011345,29.97,589,2,traffic_signs,0.31677117943763733,969.3908081054688,675.9131469726562,1014.8051147460938,747.939208984375,992.0979614257812,711.9261779785156,45.414306640625,72.02606201171875
IMG_0030.mp4,2401,80.11344678011345,29.97,677,2,traffic_signs,0.48957470059394836,964.6405639648438,671.1011962890625,1015.6930541992188,748.2891845703125,990.1668090820312,709.6951904296875,51.052490234375,77.18798828125
IMG_0030.mp4,2401,80.11344678011345,29.97,530,2,traffic_signs,0.4707382321357727,1592.3587646484375,726.6199340820312,1654.4658203125,778.3426513671875,1623.4122924804688,752.4812927246094,62.1070556640625,51.72271728515625
IMG_0030.mp4,2402,80.14681348014682,29.97,542,2,traffic_signs,0.8698638081550598,1498.456298828125,689.5079956054688,1546.045654296875,735.3676147460938,1522.2509765625,712.4378051757812,47.58935546875,45.859619140625
IMG_0030.mp4,2402,80.14681348014682,29.97,496,1,traffic_lights,0.8883087635040283,1181.72021484375,482.409912109375,1211.9727783203125,542.9008178710938,1196.8464965820312,512.6553649902344,30.2525634765625,60.49090576171875
IMG_0030.mp4,2402,80.14681348014682,29.97,615,1,traffic_lights,0.644317090511322,1028.646728515625,683.4517822265625,1047.9459228515625,735.8919677734375,1038.2963256835938,709.671875,19.2991943359375,52.440185546875
IMG_0030.mp4,2402,80.14681348014682,29.97,589,2,traffic_signs,0.43952956795692444,970.6244506835938,678.969482421875,1014.9671630859375,747.6588134765625,992.7958068847656,713.3141479492188,44.34271240234375,68.6893310546875
IMG_0030.mp4,2402,80.14681348014682,29.97,677,2,traffic_signs,0.42169439792633057,964.989013671875,670.7777099609375,1015.8070068359375,748.1221313476562,990.3980102539062,709.4499206542969,50.8179931640625,77.34442138671875
IMG_0030.mp4,2403,80.18018018018019,29.97,542,2,traffic_signs,0.8680305480957031,1500.394287109375,689.0450439453125,1547.6988525390625,734.4495239257812,1524.0465698242188,711.7472839355469,47.3045654296875,45.40447998046875
IMG_0030.mp4,2403,80.18018018018019,29.97,496,1,traffic_lights,0.882509171962738,1181.9630126953125,481.4073791503906,1212.4456787109375,541.9248046875,1197.204345703125,511.6660919189453,30.482666015625,60.517425537109375
IMG_0030.mp4,2403,80.18018018018019,29.97,615,1,traffic_lights,0.6113961935043335,1028.4912109375,683.2872314453125,1047.5318603515625,735.5601196289062,1038.0115356445312,709.4236755371094,19.0406494140625,52.27288818359375
IMG_0030.mp4,2403,80.18018018018019,29.97,589,2,traffic_signs,0.2614652216434479,970.7791137695312,680.4047241210938,1014.6709594726562,747.1782836914062,992.7250366210938,713.79150390625,43.891845703125,66.7735595703125
IMG_0030.mp4,2403,80.18018018018019,29.97,677,2,traffic_signs,0.4010654389858246,964.8225708007812,670.4439086914062,1015.59423828125,747.7481079101562,990.2084045410156,709.0960083007812,50.77166748046875,77.30419921875
IMG_0030.mp4,2403,80.18018018018019,29.97,645,1,traffic_lights,0.27536171674728394,1504.907470703125,731.992431640625,1552.6903076171875,796.6583862304688,1528.7988891601562,764.3254089355469,47.7828369140625,64.66595458984375
IMG_0030.mp4,2404,80.21354688021356,29.97,542,2,traffic_signs,0.843940794467926,1501.707275390625,688.6631469726562,1549.0791015625,733.674072265625,1525.3931884765625,711.1686096191406,47.371826171875,45.01092529296875
IMG_0030.mp4,2404,80.21354688021356,29.97,496,1,traffic_lights,0.8788201212882996,1182.19921875,480.4473876953125,1212.7003173828125,540.574951171875,1197.4497680664062,510.51116943359375,30.5010986328125,60.1275634765625
IMG_0030.mp4,2404,80.21354688021356,29.97,615,1,traffic_lights,0.5208773612976074,1028.740966796875,682.896240234375,1047.3897705078125,735.2466430664062,1038.0653686523438,709.0714416503906,18.6488037109375,52.35040283203125
IMG_0030.mp4,2404,80.21354688021356,29.97,589,2,traffic_signs,0.7572879791259766,969.3807373046875,676.2403564453125,1014.6267700195312,747.25244140625,992.0037536621094,711.7463989257812,45.24603271484375,71.0120849609375
IMG_0030.mp4,2404,80.21354688021356,29.97,677,2,traffic_signs,0.4767542779445648,964.7200927734375,669.9519653320312,1015.5828857421875,747.6351318359375,990.1514892578125,708.7935485839844,50.86279296875,77.68316650390625
IMG_0030.mp4,2404,80.21354688021356,29.97,645,1,traffic_lights,0.3651532828807831,1506.0035400390625,731.4344482421875,1551.904296875,796.4242553710938,1528.9539184570312,763.9293518066406,45.9007568359375,64.98980712890625
IMG_0030.mp4,2404,80.21354688021356,29.97,530,2,traffic_signs,0.25498533248901367,1598.8392333984375,725.6140747070312,1657.42578125,777.082763671875,1628.1325073242188,751.3484191894531,58.5865478515625,51.46868896484375
IMG_0030.mp4,2405,80.24691358024691,29.97,542,2,traffic_signs,0.846148669719696,1503.139404296875,688.0740356445312,1550.85107421875,733.660888671875,1526.9952392578125,710.8674621582031,47.711669921875,45.58685302734375
IMG_0030.mp4,2405,80.24691358024691,29.97,496,1,traffic_lights,0.8783307671546936,1182.3895263671875,479.20672607421875,1212.9659423828125,539.0686645507812,1197.677734375,509.1376953125,30.576416015625,59.8619384765625
IMG_0030.mp4,2405,80.24691358024691,29.97,615,1,traffic_lights,0.7706457376480103,1028.5347900390625,682.213623046875,1047.2718505859375,735.3286743164062,1037.9033203125,708.7711486816406,18.737060546875,53.11505126953125
IMG_0030.mp4,2405,80.24691358024691,29.97,589,2,traffic_signs,0.6829715967178345,968.0779418945312,673.9744262695312,1014.2348022460938,747.0753173828125,991.1563720703125,710.5248718261719,46.1568603515625,73.10089111328125
IMG_0030.mp4,2405,80.24691358024691,29.97,677,2,traffic_signs,0.6032710075378418,964.0376586914062,669.2835083007812,1015.3389892578125,747.3885498046875,989.6883239746094,708.3360290527344,51.30133056640625,78.10504150390625
IMG_0030.mp4,2405,80.24691358024691,29.97,645,1,traffic_lights,0.7293357253074646,1506.870849609375,731.2147216796875,1560.5396728515625,796.1542358398438,1533.7052612304688,763.6844787597656,53.6688232421875,64.93951416015625
IMG_0030.mp4,2406,80.28028028028028,29.97,542,2,traffic_signs,0.8334284424781799,1504.1253662109375,687.3018798828125,1552.2491455078125,733.5732421875,1528.187255859375,710.4375610351562,48.123779296875,46.2713623046875
IMG_0030.mp4,2406,80.28028028028028,29.97,496,1,traffic_lights,0.8800070285797119,1182.5859375,477.84515380859375,1213.374755859375,538.2259521484375,1197.9803466796875,508.0355529785156,30.788818359375,60.38079833984375
IMG_0030.mp4,2406,80.28028028028028,29.97,615,1,traffic_lights,0.8451941013336182,1028.5574951171875,681.5252075195312,1047.365478515625,735.15234375,1037.9614868164062,708.3387756347656,18.8079833984375,53.62713623046875
IMG_0030.mp4,2406,80.28028028028028,29.97,589,2,traffic_signs,0.6294481158256531,966.6716918945312,674.15283203125,1014.0736694335938,746.2530517578125,990.3726806640625,710.2029418945312,47.4019775390625,72.1002197265625
IMG_0030.mp4,2406,80.28028028028028,29.97,677,2,traffic_signs,0.7079350352287292,962.9721069335938,668.46630859375,1015.1956787109375,746.6270141601562,989.0838928222656,707.5466613769531,52.22357177734375,78.16070556640625
IMG_0030.mp4,2406,80.28028028028028,29.97,645,1,traffic_lights,0.47101935744285583,1507.9217529296875,729.8544921875,1557.532958984375,795.610107421875,1532.7273559570312,762.7322998046875,49.6112060546875,65.755615234375
IMG_0030.mp4,2407,80.31364698031365,29.97,542,2,traffic_signs,0.8430144786834717,1505.5321044921875,686.6956176757812,1553.729736328125,732.9241333007812,1529.6309204101562,709.8098754882812,48.1976318359375,46.228515625
IMG_0030.mp4,2407,80.31364698031365,29.97,496,1,traffic_lights,0.8840519189834595,1182.629638671875,476.571044921875,1213.4493408203125,537.067138671875,1198.0394897460938,506.819091796875,30.8197021484375,60.49609375
IMG_0030.mp4,2407,80.31364698031365,29.97,615,1,traffic_lights,0.8353444933891296,1028.40673828125,681.0145263671875,1047.338134765625,734.446044921875,1037.8724365234375,707.7302856445312,18.931396484375,53.4315185546875
IMG_0030.mp4,2407,80.31364698031365,29.97,589,2,traffic_signs,0.6589327454566956,965.4436645507812,674.1029663085938,1013.7711181640625,745.5457153320312,989.6073913574219,709.8243408203125,48.32745361328125,71.4427490234375
IMG_0030.mp4,2407,80.31364698031365,29.97,677,2,traffic_signs,0.6897923350334167,962.2069091796875,667.9401245117188,1014.9892578125,745.8026733398438,988.5980834960938,706.8713989257812,52.7823486328125,77.862548828125
IMG_0030.mp4,2407,80.31364698031365,29.97,645,1,traffic_lights,0.2922283709049225,1507.9049072265625,728.7976684570312,1555.350341796875,795.2239990234375,1531.6276245117188,762.0108337402344,47.4454345703125,66.42633056640625
IMG_0030.mp4,2407,80.31364698031365,29.97,679,2,traffic_signs,0.6828898191452026,144.8902130126953,0.7437464594841003,376.8033752441406,104.49493408203125,260.84679412841797,52.619340270757675,231.9131622314453,103.75118762254715
IMG_0030.mp4,2407,80.31364698031365,29.97,530,2,traffic_signs,0.2797695994377136,1603.1419677734375,727.4169311523438,1665.1981201171875,776.37744140625,1634.1700439453125,751.8971862792969,62.05615234375,48.96051025390625
IMG_0030.mp4,2408,80.34701368034702,29.97,542,2,traffic_signs,0.8366636633872986,1506.6614990234375,686.1699829101562,1555.5784912109375,732.3660888671875,1531.1199951171875,709.2680358886719,48.9169921875,46.19610595703125
IMG_0030.mp4,2408,80.34701368034702,29.97,496,1,traffic_lights,0.8861258029937744,1182.7869873046875,475.6383972167969,1213.6708984375,535.728515625,1198.2289428710938,505.68345642089844,30.8839111328125,60.090118408203125
IMG_0030.mp4,2408,80.34701368034702,29.97,615,1,traffic_lights,0.8266798257827759,1027.9014892578125,680.4094848632812,1047.3846435546875,734.3489379882812,1037.64306640625,707.3792114257812,19.483154296875,53.939453125
IMG_0030.mp4,2408,80.34701368034702,29.97,589,2,traffic_signs,0.598064124584198,964.5917358398438,673.7778930664062,1013.3711547851562,744.9702758789062,988.9814453125,709.3740844726562,48.7794189453125,71.1923828125
IMG_0030.mp4,2408,80.34701368034702,29.97,677,2,traffic_signs,0.6771669983863831,961.9036254882812,667.456787109375,1014.59814453125,745.1944580078125,988.2508850097656,706.3256225585938,52.69451904296875,77.7376708984375
IMG_0030.mp4,2408,80.34701368034702,29.97,645,1,traffic_lights,0.41083037853240967,1508.387451171875,728.106689453125,1564.09765625,796.29052734375,1536.2425537109375,762.1986083984375,55.710205078125,68.183837890625
IMG_0030.mp4,2409,80.38038038038039,29.97,542,2,traffic_signs,0.836235523223877,1508.123291015625,685.6220703125,1557.572265625,731.7817993164062,1532.8477783203125,708.7019348144531,49.448974609375,46.15972900390625
IMG_0030.mp4,2409,80.38038038038039,29.97,496,1,traffic_lights,0.8884673118591309,1182.677001953125,473.8721618652344,1213.8524169921875,534.2778930664062,1198.2647094726562,504.0750274658203,31.1754150390625,60.405731201171875
IMG_0030.mp4,2409,80.38038038038039,29.97,615,1,traffic_lights,0.8279891610145569,1027.1322021484375,679.47509765625,1046.93798828125,734.1211547851562,1037.0350952148438,706.7981262207031,19.8057861328125,54.64605712890625
IMG_0030.mp4,2409,80.38038038038039,29.97,589,2,traffic_signs,0.5902169942855835,963.942138671875,674.5155639648438,1012.46826171875,744.3362426757812,988.2052001953125,709.4259033203125,48.526123046875,69.8206787109375
IMG_0030.mp4,2409,80.38038038038039,29.97,677,2,traffic_signs,0.6139711737632751,961.160400390625,666.6693115234375,1013.6162719726562,744.6531372070312,987.3883361816406,705.6612243652344,52.45587158203125,77.98382568359375
IMG_0030.mp4,2409,80.38038038038039,29.97,645,1,traffic_lights,0.36194688081741333,1508.849853515625,728.5767822265625,1564.1436767578125,798.0657958984375,1536.4967651367188,763.3212890625,55.2938232421875,69.489013671875
IMG_0030.mp4,2409,80.38038038038039,29.97,670,2,traffic_signs,0.30978429317474365,959.964599609375,666.926025390625,998.4578857421875,707.267333984375,979.2112426757812,687.0966796875,38.4932861328125,40.34130859375
IMG_0030.mp4,2410,80.41374708041376,29.97,542,2,traffic_signs,0.9009554386138916,1509.1973876953125,685.2557983398438,1558.8603515625,731.668701171875,1534.0288696289062,708.4622497558594,49.6629638671875,46.41290283203125
IMG_0030.mp4,2410,80.41374708041376,29.97,496,1,traffic_lights,0.8912535905838013,1183.1318359375,472.3734130859375,1214.5438232421875,533.0966186523438,1198.8378295898438,502.7350158691406,31.4119873046875,60.72320556640625
IMG_0030.mp4,2410,80.41374708041376,29.97,615,1,traffic_lights,0.8299332857131958,1027.52490234375,678.7711181640625,1046.851318359375,733.8504028320312,1037.1881103515625,706.3107604980469,19.326416015625,55.07928466796875
IMG_0030.mp4,2410,80.41374708041376,29.97,589,2,traffic_signs,0.5447561740875244,963.624267578125,674.1409912109375,1012.2858276367188,743.5240478515625,987.9550476074219,708.83251953125,48.66156005859375,69.383056640625
IMG_0030.mp4,2410,80.41374708041376,29.97,677,2,traffic_signs,0.6918341517448425,960.837890625,666.2211303710938,1013.3583374023438,743.7972412109375,987.0981140136719,705.0091857910156,52.52044677734375,77.57611083984375
IMG_0030.mp4,2411,80.44711378044711,29.97,542,2,traffic_signs,0.9062480330467224,1509.9022216796875,684.7175903320312,1559.6220703125,731.2994384765625,1534.7621459960938,708.0085144042969,49.7198486328125,46.58184814453125
IMG_0030.mp4,2411,80.44711378044711,29.97,496,1,traffic_lights,0.8897332549095154,1183.477783203125,471.6040954589844,1214.9013671875,532.2823486328125,1199.1895751953125,501.94322204589844,31.423583984375,60.678253173828125
IMG_0030.mp4,2411,80.44711378044711,29.97,615,1,traffic_lights,0.8286104798316956,1027.5826416015625,678.5498046875,1046.97314453125,733.829833984375,1037.2778930664062,706.1898193359375,19.3905029296875,55.280029296875
IMG_0030.mp4,2411,80.44711378044711,29.97,589,2,traffic_signs,0.4708162248134613,963.09375,673.7149658203125,1011.8221435546875,742.6814575195312,987.4579467773438,708.1982116699219,48.7283935546875,68.96649169921875
IMG_0030.mp4,2411,80.44711378044711,29.97,677,2,traffic_signs,0.6756600737571716,960.4137573242188,665.8588256835938,1012.7459716796875,742.699951171875,986.5798645019531,704.2793884277344,52.33221435546875,76.84112548828125
IMG_0030.mp4,2411,80.44711378044711,29.97,645,1,traffic_lights,0.3063289225101471,1513.0457763671875,729.542724609375,1568.429931640625,797.1566772460938,1540.7378540039062,763.3497009277344,55.3841552734375,67.61395263671875
IMG_0030.mp4,2412,80.48048048048048,29.97,542,2,traffic_signs,0.8906469345092773,1511.474365234375,683.9938354492188,1560.6617431640625,730.35400390625,1536.0680541992188,707.1739196777344,49.1873779296875,46.36016845703125
IMG_0030.mp4,2412,80.48048048048048,29.97,496,1,traffic_lights,0.919024646282196,1183.484375,471.02105712890625,1214.726318359375,531.8924560546875,1199.1053466796875,501.4567565917969,31.241943359375,60.87139892578125
IMG_0030.mp4,2412,80.48048048048048,29.97,615,1,traffic_lights,0.8349103927612305,1027.538330078125,677.9503173828125,1046.8084716796875,733.7708740234375,1037.1734008789062,705.860595703125,19.2701416015625,55.820556640625
IMG_0030.mp4,2412,80.48048048048048,29.97,589,2,traffic_signs,0.3971633315086365,962.2360229492188,672.8765258789062,1011.3297729492188,742.0381469726562,986.7828979492188,707.4573364257812,49.09375,69.16162109375
IMG_0030.mp4,2412,80.48048048048048,29.97,677,2,traffic_signs,0.6932821273803711,959.8294067382812,665.2459716796875,1012.1344604492188,741.9201049804688,985.98193359375,703.5830383300781,52.3050537109375,76.67413330078125
IMG_0030.mp4,2412,80.48048048048048,29.97,645,1,traffic_lights,0.40885886549949646,1513.7806396484375,728.7278442382812,1570.7384033203125,797.1137084960938,1542.259521484375,762.9207763671875,56.957763671875,68.3858642578125
IMG_0030.mp4,2413,80.51384718051385,29.97,542,2,traffic_signs,0.900497317314148,1512.8062744140625,683.4683837890625,1562.1280517578125,729.3632202148438,1537.4671630859375,706.4158020019531,49.32177734375,45.89483642578125
IMG_0030.mp4,2413,80.51384718051385,29.97,496,1,traffic_lights,0.897517204284668,1183.682373046875,470.586181640625,1214.8739013671875,531.3663940429688,1199.2781372070312,500.9762878417969,31.1915283203125,60.78021240234375
IMG_0030.mp4,2413,80.51384718051385,29.97,615,1,traffic_lights,0.8283896446228027,1027.50390625,677.39794921875,1046.8184814453125,733.382568359375,1037.1611938476562,705.3902587890625,19.3145751953125,55.984619140625
IMG_0030.mp4,2413,80.51384718051385,29.97,589,2,traffic_signs,0.34710070490837097,961.826904296875,672.16015625,1011.2702026367188,741.636474609375,986.5485534667969,706.8983154296875,49.44329833984375,69.476318359375
IMG_0030.mp4,2413,80.51384718051385,29.97,677,2,traffic_signs,0.7301311492919922,959.7683715820312,664.5068359375,1012.0081787109375,741.3855590820312,985.8882751464844,702.9461975097656,52.23980712890625,76.87872314453125
IMG_0030.mp4,2413,80.51384718051385,29.97,645,1,traffic_lights,0.38534098863601685,1515.2103271484375,727.5653076171875,1573.9248046875,798.330078125,1544.5675659179688,762.9476928710938,58.7144775390625,70.7647705078125
IMG_0030.mp4,2414,80.54721388054722,29.97,542,2,traffic_signs,0.8918874263763428,1514.5859375,682.3358764648438,1563.845703125,729.0439453125,1539.2158203125,705.6899108886719,49.259765625,46.70806884765625
IMG_0030.mp4,2414,80.54721388054722,29.97,496,1,traffic_lights,0.9006137251853943,1183.611328125,469.40826416015625,1214.8453369140625,530.3151245117188,1199.2283325195312,499.8616943359375,31.2340087890625,60.9068603515625
IMG_0030.mp4,2414,80.54721388054722,29.97,615,1,traffic_lights,0.8335393071174622,1026.6751708984375,676.5599365234375,1046.2447509765625,732.9879760742188,1036.4599609375,704.7739562988281,19.569580078125,56.42803955078125
IMG_0030.mp4,2414,80.54721388054722,29.97,589,2,traffic_signs,0.27092698216438293,961.4322509765625,673.196044921875,1010.3345947265625,741.0463256835938,985.8834228515625,707.1211853027344,48.90234375,67.85028076171875
IMG_0030.mp4,2414,80.54721388054722,29.97,677,2,traffic_signs,0.7418232560157776,958.9381103515625,663.5994873046875,1011.0006103515625,740.818115234375,984.9693603515625,702.2088012695312,52.0625,77.2186279296875
IMG_0030.mp4,2414,80.54721388054722,29.97,645,1,traffic_lights,0.3151530623435974,1516.852783203125,726.4236450195312,1575.734375,799.5383911132812,1546.2935791015625,762.9810180664062,58.881591796875,73.11474609375
IMG_0030.mp4,2415,80.58058058058059,29.97,542,2,traffic_signs,0.8869057297706604,1515.80859375,681.8392944335938,1565.257080078125,728.3538208007812,1540.5328369140625,705.0965576171875,49.448486328125,46.5145263671875
IMG_0030.mp4,2415,80.58058058058059,29.97,496,1,traffic_lights,0.9018910527229309,1183.953125,468.8645935058594,1215.325439453125,530.0873413085938,1199.6392822265625,499.47596740722656,31.372314453125,61.222747802734375
IMG_0030.mp4,2415,80.58058058058059,29.97,615,1,traffic_lights,0.8314863443374634,1026.58984375,676.534912109375,1046.3470458984375,733.0130615234375,1036.4684448242188,704.7739868164062,19.7572021484375,56.4781494140625
IMG_0030.mp4,2415,80.58058058058059,29.97,677,2,traffic_signs,0.8082603216171265,958.9901123046875,663.2051391601562,1010.9585571289062,740.6005249023438,984.9743347167969,701.90283203125,51.96844482421875,77.3953857421875
IMG_0030.mp4,2416,80.61394728061396,29.97,542,2,traffic_signs,0.8709852695465088,1516.67626953125,680.8191528320312,1566.7977294921875,727.7824096679688,1541.7369995117188,704.30078125,50.1214599609375,46.9632568359375
IMG_0030.mp4,2416,80.61394728061396,29.97,496,1,traffic_lights,0.9033864140510559,1184.118408203125,467.7695007324219,1215.9300537109375,529.3762817382812,1200.0242309570312,498.57289123535156,31.8116455078125,61.606781005859375
IMG_0030.mp4,2416,80.61394728061396,29.97,615,1,traffic_lights,0.8315009474754333,1026.39013671875,676.0245361328125,1046.173095703125,732.5633544921875,1036.2816162109375,704.2939453125,19.782958984375,56.538818359375
IMG_0030.mp4,2416,80.61394728061396,29.97,677,2,traffic_signs,0.8157492876052856,958.8377075195312,662.6823120117188,1010.7581176757812,740.3530883789062,984.7979125976562,701.5177001953125,51.92041015625,77.6707763671875
IMG_0030.mp4,2416,80.61394728061396,29.97,645,1,traffic_lights,0.6016474962234497,1519.115966796875,726.0945434570312,1572.9736328125,797.7313232421875,1546.0447998046875,761.9129333496094,53.857666015625,71.63677978515625
IMG_0030.mp4,2417,80.64731398064731,29.97,542,2,traffic_signs,0.8602043390274048,1518.3251953125,680.3182983398438,1569.0062255859375,727.4791259765625,1543.6657104492188,703.8987121582031,50.6810302734375,47.16082763671875
IMG_0030.mp4,2417,80.64731398064731,29.97,496,1,traffic_lights,0.8334122896194458,1184.3819580078125,466.560791015625,1216.6170654296875,528.4313354492188,1200.49951171875,497.4960632324219,32.235107421875,61.87054443359375
IMG_0030.mp4,2417,80.64731398064731,29.97,615,1,traffic_lights,0.8381861448287964,1026.1336669921875,675.4031982421875,1046.0447998046875,732.3242797851562,1036.0892333984375,703.8637390136719,19.9111328125,56.92108154296875
IMG_0030.mp4,2417,80.64731398064731,29.97,677,2,traffic_signs,0.7246614098548889,958.786376953125,662.163818359375,1010.4470825195312,740.12060546875,984.6167297363281,701.1422119140625,51.66070556640625,77.956787109375
IMG_0030.mp4,2417,80.64731398064731,29.97,645,1,traffic_lights,0.7277710437774658,1519.973876953125,725.75537109375,1567.32568359375,797.3700561523438,1543.6497802734375,761.5627136230469,47.351806640625,71.61468505859375
IMG_0030.mp4,2418,80.68068068068068,29.97,542,2,traffic_signs,0.8648113012313843,1519.92529296875,679.9392700195312,1570.6480712890625,727.1488647460938,1545.2866821289062,703.5440673828125,50.7227783203125,47.2095947265625
IMG_0030.mp4,2418,80.68068068068068,29.97,496,1,traffic_lights,0.7120591402053833,1184.882080078125,465.87310791015625,1216.5220947265625,527.3754272460938,1200.7020874023438,496.624267578125,31.6400146484375,61.5023193359375
IMG_0030.mp4,2418,80.68068068068068,29.97,615,1,traffic_lights,0.838181734085083,1025.6783447265625,674.7944946289062,1045.7913818359375,732.0924072265625,1035.73486328125,703.4434509277344,20.113037109375,57.29791259765625
IMG_0030.mp4,2418,80.68068068068068,29.97,677,2,traffic_signs,0.7791305780410767,958.6199951171875,661.6246337890625,1010.1974487304688,740.0842895507812,984.4087219238281,700.8544616699219,51.57745361328125,78.45965576171875
IMG_0030.mp4,2418,80.68068068068068,29.97,645,1,traffic_lights,0.38524478673934937,1521.2425537109375,725.3695678710938,1566.5653076171875,799.30859375,1543.9039306640625,762.3390808105469,45.32275390625,73.93902587890625
IMG_0030.mp4,2419,80.71404738071405,29.97,542,2,traffic_signs,0.8580623269081116,1521.6396484375,679.353271484375,1571.9228515625,726.5597534179688,1546.78125,702.9565124511719,50.283203125,47.20648193359375
IMG_0030.mp4,2419,80.71404738071405,29.97,496,1,traffic_lights,0.8993878960609436,1184.7197265625,464.5162658691406,1216.5233154296875,526.2564086914062,1200.6215209960938,495.38633728027344,31.8035888671875,61.740142822265625
IMG_0030.mp4,2419,80.71404738071405,29.97,615,1,traffic_lights,0.8392930626869202,1024.9990234375,674.0523681640625,1045.0767822265625,731.5755004882812,1035.0379028320312,702.8139343261719,20.0777587890625,57.52313232421875
IMG_0030.mp4,2419,80.71404738071405,29.97,677,2,traffic_signs,0.7633002996444702,957.8179321289062,661.0130615234375,1009.4635009765625,739.8862915039062,983.6407165527344,700.4496765136719,51.64556884765625,78.87322998046875
IMG_0030.mp4,2420,80.74741408074742,29.97,542,2,traffic_signs,0.7481876015663147,1522.6905517578125,679.07177734375,1572.406494140625,726.0122680664062,1547.5485229492188,702.5420227050781,49.7159423828125,46.94049072265625
IMG_0030.mp4,2420,80.74741408074742,29.97,496,1,traffic_lights,0.9168370366096497,1185.3560791015625,463.9295349121094,1217.0599365234375,525.8626098632812,1201.2080078125,494.8960723876953,31.703857421875,61.933074951171875
IMG_0030.mp4,2420,80.74741408074742,29.97,615,1,traffic_lights,0.8349325060844421,1025.1488037109375,673.7788696289062,1045.4200439453125,731.6017456054688,1035.284423828125,702.6903076171875,20.271240234375,57.8228759765625
IMG_0030.mp4,2420,80.74741408074742,29.97,677,2,traffic_signs,0.7484554052352905,957.7236938476562,660.4728393554688,1009.6988525390625,739.6285400390625,983.7112731933594,700.0506896972656,51.97515869140625,79.15570068359375
IMG_0030.mp4,2421,80.78078078078079,29.97,542,2,traffic_signs,0.8550799489021301,1524.1527099609375,678.6995239257812,1573.5577392578125,725.8534545898438,1548.855224609375,702.2764892578125,49.405029296875,47.1539306640625
IMG_0030.mp4,2421,80.78078078078079,29.97,496,1,traffic_lights,0.9173018336296082,1185.5369873046875,463.09197998046875,1217.4345703125,525.007080078125,1201.4857788085938,494.0495300292969,31.8975830078125,61.91510009765625
IMG_0030.mp4,2421,80.78078078078079,29.97,615,1,traffic_lights,0.8313462734222412,1024.75390625,673.1605834960938,1045.5174560546875,731.3667602539062,1035.1356811523438,702.263671875,20.7635498046875,58.2061767578125
IMG_0030.mp4,2421,80.78078078078079,29.97,677,2,traffic_signs,0.7265982627868652,957.4603881835938,659.7384643554688,1009.4946899414062,739.2138061523438,983.4775390625,699.4761352539062,52.0343017578125,79.475341796875
IMG_0030.mp4,2422,80.81414748081416,29.97,542,2,traffic_signs,0.8654654026031494,1524.44140625,677.9962768554688,1575.06201171875,725.2333984375,1549.751708984375,701.6148376464844,50.62060546875,47.23712158203125
IMG_0030.mp4,2422,80.81414748081416,29.97,496,1,traffic_lights,0.9194003343582153,1185.4873046875,461.94427490234375,1217.74365234375,524.0050659179688,1201.615478515625,492.97467041015625,32.25634765625,62.060791015625
IMG_0030.mp4,2422,80.81414748081416,29.97,615,1,traffic_lights,0.8320478796958923,1024.4532470703125,672.7447509765625,1045.2994384765625,730.5984497070312,1034.8763427734375,701.6716003417969,20.84619140625,57.85369873046875
IMG_0030.mp4,2422,80.81414748081416,29.97,677,2,traffic_signs,0.62753826379776,957.0674438476562,659.4172973632812,1008.8757934570312,738.8177490234375,982.9716186523438,699.1175231933594,51.808349609375,79.40045166015625
IMG_0030.mp4,2423,80.84751418084751,29.97,542,2,traffic_signs,0.8640593886375427,1525.8385009765625,677.6040649414062,1576.7359619140625,724.9117431640625,1551.2872314453125,701.2579040527344,50.8974609375,47.30767822265625
IMG_0030.mp4,2423,80.84751418084751,29.97,496,1,traffic_lights,0.9157178401947021,1185.553955078125,460.7431335449219,1218.0848388671875,522.767822265625,1201.8193969726562,491.75547790527344,32.5308837890625,62.024688720703125
IMG_0030.mp4,2423,80.84751418084751,29.97,615,1,traffic_lights,0.8405294418334961,1024.08642578125,672.4463500976562,1045.2275390625,730.4061889648438,1034.656982421875,701.42626953125,21.14111328125,57.9598388671875
IMG_0030.mp4,2423,80.84751418084751,29.97,677,2,traffic_signs,0.5728474259376526,956.522216796875,658.8466186523438,1008.5306396484375,738.4671630859375,982.5264282226562,698.6568908691406,52.0084228515625,79.62054443359375
IMG_0030.mp4,2424,80.88088088088088,29.97,542,2,traffic_signs,0.8325263857841492,1526.8502197265625,676.8529663085938,1578.5972900390625,724.4860229492188,1552.7237548828125,700.6694946289062,51.7470703125,47.633056640625
IMG_0030.mp4,2424,80.88088088088088,29.97,496,1,traffic_lights,0.9124470949172974,1185.5220947265625,459.3841552734375,1218.1309814453125,521.8206787109375,1201.8265380859375,490.6024169921875,32.60888671875,62.4365234375
IMG_0030.mp4,2424,80.88088088088088,29.97,615,1,traffic_lights,0.847621500492096,1023.74951171875,671.9806518554688,1044.995849609375,730.132080078125,1034.3726806640625,701.0563659667969,21.246337890625,58.15142822265625
IMG_0030.mp4,2424,80.88088088088088,29.97,677,2,traffic_signs,0.3282078504562378,956.0286254882812,658.4847412109375,1008.2929077148438,738.3262939453125,982.1607666015625,698.405517578125,52.2642822265625,79.841552734375
IMG_0030.mp4,2425,80.91424758091425,29.97,542,2,traffic_signs,0.8311690092086792,1528.0142822265625,676.3317260742188,1580.1790771484375,724.258544921875,1554.0966796875,700.2951354980469,52.164794921875,47.92681884765625
IMG_0030.mp4,2425,80.91424758091425,29.97,496,1,traffic_lights,0.9138450026512146,1185.3846435546875,458.095947265625,1218.1591796875,520.88916015625,1201.7719116210938,489.4925537109375,32.7745361328125,62.793212890625
IMG_0030.mp4,2425,80.91424758091425,29.97,615,1,traffic_lights,0.8514571785926819,1023.4974365234375,671.6599731445312,1044.7041015625,729.4537963867188,1034.1007690429688,700.556884765625,21.2066650390625,57.7938232421875
IMG_0030.mp4,2425,80.91424758091425,29.97,677,2,traffic_signs,0.433485746383667,955.4693603515625,658.0399780273438,1007.9154663085938,738.0438232421875,981.6924133300781,698.0419006347656,52.44610595703125,80.00384521484375
IMG_0030.mp4,2425,80.91424758091425,29.97,645,1,traffic_lights,0.31693437695503235,1530.384765625,722.1641235351562,1577.4852294921875,794.112548828125,1553.9349975585938,758.1383361816406,47.1004638671875,71.94842529296875
IMG_0030.mp4,2426,80.94761428094762,29.97,542,2,traffic_signs,0.8129304051399231,1529.5921630859375,675.69384765625,1581.6669921875,724.0377197265625,1555.6295776367188,699.8657836914062,52.0748291015625,48.3438720703125
IMG_0030.mp4,2426,80.94761428094762,29.97,496,1,traffic_lights,0.9069027900695801,1185.4173583984375,456.89788818359375,1218.2576904296875,520.21240234375,1201.8375244140625,488.5551452636719,32.84033203125,63.31451416015625
IMG_0030.mp4,2426,80.94761428094762,29.97,615,1,traffic_lights,0.8507869839668274,1023.2236938476562,671.4215087890625,1044.6060791015625,729.3793334960938,1033.9148864746094,700.4004211425781,21.38238525390625,57.95782470703125
IMG_0030.mp4,2426,80.94761428094762,29.97,645,1,traffic_lights,0.47061705589294434,1530.2816162109375,721.9041748046875,1578.8834228515625,793.3096923828125,1554.58251953125,757.60693359375,48.601806640625,71.405517578125
IMG_0030.mp4,2427,80.98098098098099,29.97,542,2,traffic_signs,0.8260260224342346,1531.027099609375,675.3975219726562,1583.1051025390625,723.9847412109375,1557.0661010742188,699.6911315917969,52.0780029296875,48.58721923828125
IMG_0030.mp4,2427,80.98098098098099,29.97,496,1,traffic_lights,0.9032367467880249,1185.596435546875,456.305419921875,1218.339111328125,519.4995727539062,1201.9677734375,487.9024963378906,32.74267578125,63.19415283203125
IMG_0030.mp4,2427,80.98098098098099,29.97,615,1,traffic_lights,0.8490952849388123,1023.1837768554688,671.322021484375,1044.606689453125,729.251708984375,1033.8952331542969,700.286865234375,21.42291259765625,57.9296875
IMG_0030.mp4,2427,80.98098098098099,29.97,677,2,traffic_signs,0.3200720250606537,954.746826171875,657.0617065429688,1007.4811401367188,737.3695068359375,981.1139831542969,697.2156066894531,52.73431396484375,80.30780029296875
IMG_0030.mp4,2428,81.01434768101436,29.97,542,2,traffic_signs,0.8356000185012817,1532.2413330078125,674.9530029296875,1584.71630859375,723.5263061523438,1558.4788208007812,699.2396545410156,52.4749755859375,48.57330322265625
IMG_0030.mp4,2428,81.01434768101436,29.97,496,1,traffic_lights,0.8446671962738037,1185.6817626953125,456.0373840332031,1218.4918212890625,519.4633178710938,1202.0867919921875,487.75035095214844,32.81005859375,63.425933837890625
IMG_0030.mp4,2428,81.01434768101436,29.97,615,1,traffic_lights,0.8567811250686646,1023.1610107421875,671.2308349609375,1044.3837890625,728.4853515625,1033.7723999023438,699.8580932617188,21.2227783203125,57.2545166015625
IMG_0030.mp4,2428,81.01434768101436,29.97,677,2,traffic_signs,0.3216407895088196,954.235107421875,656.6233520507812,1007.1148681640625,737.0126342773438,980.6749877929688,696.8179931640625,52.8797607421875,80.3892822265625
IMG_0030.mp4,2428,81.01434768101436,29.97,589,2,traffic_signs,0.27206411957740784,953.4810791015625,658.8123168945312,1006.1875,738.66748046875,979.8342895507812,698.7398986816406,52.7064208984375,79.85516357421875
IMG_0030.mp4,2429,81.04771438104771,29.97,542,2,traffic_signs,0.8535128235816956,1533.4375,674.4871215820312,1586.08056640625,723.1012573242188,1559.759033203125,698.794189453125,52.64306640625,48.6141357421875
IMG_0030.mp4,2429,81.04771438104771,29.97,496,1,traffic_lights,0.8787195086479187,1185.8616943359375,455.08831787109375,1218.662109375,518.591552734375,1202.2619018554688,486.8399353027344,32.8004150390625,63.50323486328125
IMG_0030.mp4,2429,81.04771438104771,29.97,615,1,traffic_lights,0.8503631353378296,1022.9663696289062,670.9166259765625,1044.26953125,727.9916381835938,1033.6179504394531,699.4541320800781,21.30316162109375,57.07501220703125
IMG_0030.mp4,2429,81.04771438104771,29.97,589,2,traffic_signs,0.5661755800247192,953.21630859375,658.1759643554688,1006.0791625976562,738.3917846679688,979.6477355957031,698.2838745117188,52.86285400390625,80.2158203125
IMG_0030.mp4,2430,81.08108108108108,29.97,542,2,traffic_signs,0.6663305759429932,1533.6065673828125,673.61865234375,1586.7734375,722.7137451171875,1560.1900024414062,698.1661987304688,53.1668701171875,49.0950927734375
IMG_0030.mp4,2430,81.08108108108108,29.97,496,1,traffic_lights,0.8856151700019836,1186.1513671875,454.46337890625,1218.95361328125,518.018798828125,1202.552490234375,486.2410888671875,32.80224609375,63.555419921875
IMG_0030.mp4,2430,81.08108108108108,29.97,615,1,traffic_lights,0.8584484457969666,1023.0989379882812,670.6751098632812,1044.35302734375,727.5411987304688,1033.7259826660156,699.108154296875,21.25408935546875,56.8660888671875
IMG_0030.mp4,2430,81.08108108108108,29.97,589,2,traffic_signs,0.6398041844367981,953.048583984375,657.9267578125,1006.0274658203125,738.04052734375,979.5380249023438,697.983642578125,52.9788818359375,80.11376953125
IMG_0030.mp4,2431,81.11444778111445,29.97,542,2,traffic_signs,0.8561233878135681,1534.567138671875,673.0656127929688,1587.8074951171875,722.3572998046875,1561.1873168945312,697.7114562988281,53.2403564453125,49.29168701171875
IMG_0030.mp4,2431,81.11444778111445,29.97,496,1,traffic_lights,0.8929731845855713,1186.3077392578125,453.6664733886719,1219.2313232421875,517.3499145507812,1202.76953125,485.50819396972656,32.923583984375,63.683441162109375
IMG_0030.mp4,2431,81.11444778111445,29.97,615,1,traffic_lights,0.8664954304695129,1023.1351928710938,670.624755859375,1044.332763671875,727.0384521484375,1033.7339782714844,698.8316040039062,21.19757080078125,56.4136962890625
IMG_0030.mp4,2431,81.11444778111445,29.97,589,2,traffic_signs,0.6675856709480286,952.797607421875,657.6405639648438,1005.9279174804688,737.6111450195312,979.3627624511719,697.6258544921875,53.13031005859375,79.9705810546875
IMG_0030.mp4,2431,81.11444778111445,29.97,688,2,traffic_signs,0.46835771203041077,1250.345458984375,781.419677734375,1257.1390380859375,795.8482666015625,1253.7422485351562,788.6339721679688,6.7935791015625,14.4285888671875
IMG_0030.mp4,2432,81.14781448114782,29.97,542,2,traffic_signs,0.8605197668075562,1536.123046875,672.65478515625,1589.059326171875,722.0631103515625,1562.5911865234375,697.3589477539062,52.936279296875,49.4083251953125
IMG_0030.mp4,2432,81.14781448114782,29.97,496,1,traffic_lights,0.8869677782058716,1186.38232421875,452.51171875,1219.1951904296875,516.1014404296875,1202.7887573242188,484.30657958984375,32.8128662109375,63.5897216796875
IMG_0030.mp4,2432,81.14781448114782,29.97,615,1,traffic_lights,0.8640030026435852,1022.655517578125,670.2034912109375,1044.11669921875,726.9937744140625,1033.3861083984375,698.5986328125,21.461181640625,56.790283203125
IMG_0030.mp4,2432,81.14781448114782,29.97,589,2,traffic_signs,0.6500985622406006,952.040771484375,657.2073364257812,1005.2630004882812,737.2801513671875,978.6518859863281,697.2437438964844,53.22222900390625,80.07281494140625
IMG_0030.mp4,2432,81.14781448114782,29.97,688,2,traffic_signs,0.5229383707046509,1250.51220703125,781.5046997070312,1257.445556640625,795.807861328125,1253.9788818359375,788.6562805175781,6.933349609375,14.30316162109375
IMG_0030.mp4,2432,81.14781448114782,29.97,645,1,traffic_lights,0.56820148229599,1541.0106201171875,718.86376953125,1581.990966796875,791.2677612304688,1561.5007934570312,755.0657653808594,40.9803466796875,72.40399169921875
IMG_0030.mp4,2433,81.18118118118119,29.97,542,2,traffic_signs,0.8354514241218567,1537.7242431640625,672.03955078125,1590.925048828125,721.5806884765625,1564.3246459960938,696.8101196289062,53.2008056640625,49.5411376953125
IMG_0030.mp4,2433,81.18118118118119,29.97,496,1,traffic_lights,0.885932445526123,1186.4254150390625,451.602294921875,1218.9818115234375,514.7728271484375,1202.70361328125,483.18756103515625,32.556396484375,63.1705322265625
IMG_0030.mp4,2433,81.18118118118119,29.97,615,1,traffic_lights,0.8664128184318542,1022.11376953125,669.8727416992188,1043.705810546875,726.9681396484375,1032.9097900390625,698.4204406738281,21.592041015625,57.09539794921875
IMG_0030.mp4,2433,81.18118118118119,29.97,589,2,traffic_signs,0.386319637298584,951.313232421875,656.9931640625,1004.3988037109375,736.9284057617188,977.8560180664062,696.9607849121094,53.0855712890625,79.93524169921875
IMG_0030.mp4,2433,81.18118118118119,29.97,688,2,traffic_signs,0.5309773683547974,1250.7423095703125,781.6503295898438,1257.7811279296875,795.7809448242188,1254.26171875,788.7156372070312,7.038818359375,14.130615234375
IMG_0030.mp4,2433,81.18118118118119,29.97,645,1,traffic_lights,0.7694940567016602,1542.508056640625,718.337646484375,1582.063720703125,791.0940551757812,1562.285888671875,754.7158508300781,39.5556640625,72.75640869140625
IMG_0030.mp4,2434,81.21454788121456,29.97,542,2,traffic_signs,0.8587570190429688,1539.0919189453125,671.7713623046875,1592.74755859375,721.18017578125,1565.9197387695312,696.4757690429688,53.6556396484375,49.4088134765625
IMG_0030.mp4,2434,81.21454788121456,29.97,496,1,traffic_lights,0.8930319547653198,1186.81787109375,451.05255126953125,1219.471923828125,514.2208251953125,1203.1448974609375,482.6366882324219,32.654052734375,63.16827392578125
IMG_0030.mp4,2434,81.21454788121456,29.97,615,1,traffic_lights,0.8726228475570679,1022.3355102539062,669.740234375,1043.7933349609375,727.0869140625,1033.0644226074219,698.41357421875,21.45782470703125,57.3466796875
IMG_0030.mp4,2434,81.21454788121456,29.97,589,2,traffic_signs,0.46529242396354675,951.327392578125,656.9711303710938,1004.494873046875,736.8411254882812,977.9111328125,696.9061279296875,53.16748046875,79.8699951171875
IMG_0030.mp4,2434,81.21454788121456,29.97,688,2,traffic_signs,0.42543551325798035,1251.240234375,781.7708129882812,1258.2403564453125,795.7042846679688,1254.7402954101562,788.737548828125,7.0001220703125,13.9334716796875
IMG_0030.mp4,2434,81.21454788121456,29.97,645,1,traffic_lights,0.8098587989807129,1543.7491455078125,718.2193603515625,1583.08349609375,791.14501953125,1563.4163208007812,754.6821899414062,39.3343505859375,72.9256591796875
IMG_0030.mp4,2435,81.24791458124791,29.97,542,2,traffic_signs,0.4049871861934662,1540.1077880859375,671.7700805664062,1594.438720703125,721.72802734375,1567.2732543945312,696.7490539550781,54.3309326171875,49.95794677734375
IMG_0030.mp4,2435,81.24791458124791,29.97,496,1,traffic_lights,0.8920485973358154,1186.96923828125,450.2228088378906,1219.7554931640625,513.7064819335938,1203.3623657226562,481.9646453857422,32.7862548828125,63.483673095703125
IMG_0030.mp4,2435,81.24791458124791,29.97,615,1,traffic_lights,0.8630820512771606,1022.3587646484375,669.54541015625,1043.6619873046875,727.0191650390625,1033.0103759765625,698.2822875976562,21.30322265625,57.4737548828125
IMG_0030.mp4,2435,81.24791458124791,29.97,589,2,traffic_signs,0.41712287068367004,951.0842895507812,656.7822265625,1004.330322265625,736.72509765625,977.7073059082031,696.753662109375,53.24603271484375,79.94287109375
IMG_0030.mp4,2435,81.24791458124791,29.97,688,2,traffic_signs,0.3736959993839264,1251.54443359375,781.8119506835938,1258.4921875,795.6124877929688,1255.018310546875,788.7122192382812,6.94775390625,13.800537109375
IMG_0030.mp4,2435,81.24791458124791,29.97,645,1,traffic_lights,0.8258926868438721,1543.3519287109375,717.89794921875,1584.6812744140625,790.6345825195312,1564.0166015625,754.2662658691406,41.329345703125,72.73663330078125
IMG_0030.mp4,2436,81.28128128128128,29.97,542,2,traffic_signs,0.8836855888366699,1541.4815673828125,671.3220825195312,1595.7984619140625,721.9427490234375,1568.6400146484375,696.6324157714844,54.31689453125,50.62066650390625
IMG_0030.mp4,2436,81.28128128128128,29.97,496,1,traffic_lights,0.8972401022911072,1187.22705078125,449.110595703125,1219.897216796875,512.8145751953125,1203.5621337890625,480.96258544921875,32.670166015625,63.7039794921875
IMG_0030.mp4,2436,81.28128128128128,29.97,615,1,traffic_lights,0.8680937886238098,1022.1588745117188,669.2249755859375,1043.4400634765625,726.9658203125,1032.7994689941406,698.0953979492188,21.28118896484375,57.7408447265625
IMG_0030.mp4,2436,81.28128128128128,29.97,589,2,traffic_signs,0.48623549938201904,950.642822265625,656.5413818359375,1003.9920043945312,736.563720703125,977.3174133300781,696.5525512695312,53.34918212890625,80.0223388671875
IMG_0030.mp4,2436,81.28128128128128,29.97,688,2,traffic_signs,0.43192732334136963,1251.6507568359375,781.9326171875,1258.54736328125,795.8966064453125,1255.0990600585938,788.9146118164062,6.8966064453125,13.9639892578125
IMG_0030.mp4,2436,81.28128128128128,29.97,645,1,traffic_lights,0.6843011379241943,1544.7562255859375,717.9932861328125,1585.1368408203125,789.6314697265625,1564.946533203125,753.8123779296875,40.380615234375,71.63818359375
IMG_0030.mp4,2437,81.31464798131465,29.97,542,2,traffic_signs,0.8520869612693787,1542.6011962890625,670.5961303710938,1596.79052734375,721.6387939453125,1569.6958618164062,696.1174621582031,54.1893310546875,51.04266357421875
IMG_0030.mp4,2437,81.31464798131465,29.97,496,1,traffic_lights,0.8993878960609436,1187.38525390625,448.1845703125,1220.3465576171875,512.0360717773438,1203.8659057617188,480.1103210449219,32.9613037109375,63.85150146484375
IMG_0030.mp4,2437,81.31464798131465,29.97,615,1,traffic_lights,0.8724542856216431,1022.087646484375,668.8246459960938,1043.3729248046875,726.4754638671875,1032.7302856445312,697.6500549316406,21.2852783203125,57.65081787109375
IMG_0030.mp4,2437,81.31464798131465,29.97,589,2,traffic_signs,0.4447774291038513,950.6271362304688,656.367431640625,1003.9107666015625,736.1373291015625,977.2689514160156,696.2523803710938,53.28363037109375,79.7698974609375
IMG_0030.mp4,2437,81.31464798131465,29.97,688,2,traffic_signs,0.2952311933040619,1251.8695068359375,781.8724365234375,1258.689208984375,796.0399780273438,1255.2793579101562,788.9562072753906,6.8197021484375,14.16754150390625
IMG_0030.mp4,2437,81.31464798131465,29.97,645,1,traffic_lights,0.5474626421928406,1547.3743896484375,717.9456176757812,1586.21875,789.3432006835938,1566.7965698242188,753.6444091796875,38.8443603515625,71.3975830078125
IMG_0030.mp4,2438,81.34801468134802,29.97,542,2,traffic_signs,0.8659575581550598,1543.8065185546875,670.127197265625,1598.095703125,721.288818359375,1570.9511108398438,695.7080078125,54.2891845703125,51.16162109375
IMG_0030.mp4,2438,81.34801468134802,29.97,496,1,traffic_lights,0.8880640864372253,1187.709228515625,447.2167663574219,1220.7572021484375,510.9779968261719,1204.2332153320312,479.0973815917969,33.0479736328125,63.76123046875
IMG_0030.mp4,2438,81.34801468134802,29.97,615,1,traffic_lights,0.8627551198005676,1021.7861328125,668.6332397460938,1043.141845703125,726.3628540039062,1032.4639892578125,697.498046875,21.355712890625,57.7296142578125
IMG_0030.mp4,2438,81.34801468134802,29.97,589,2,traffic_signs,0.4945356249809265,950.5227661132812,656.1444702148438,1003.8801879882812,735.9978637695312,977.2014770507812,696.0711669921875,53.357421875,79.8533935546875
IMG_0030.mp4,2438,81.34801468134802,29.97,645,1,traffic_lights,0.4880058169364929,1550.3050537109375,718.3013305664062,1588.1024169921875,789.0989990234375,1569.2037353515625,753.7001647949219,37.79736328125,70.79766845703125
IMG_0030.mp4,2439,81.38138138138139,29.97,542,2,traffic_signs,0.8122460842132568,1544.0430908203125,669.8641967773438,1598.464599609375,720.2965698242188,1571.2538452148438,695.0803833007812,54.4215087890625,50.432373046875
IMG_0030.mp4,2439,81.38138138138139,29.97,496,1,traffic_lights,0.88431715965271,1187.6798095703125,446.3774719238281,1220.9111328125,510.239990234375,1204.2954711914062,478.30873107910156,33.2313232421875,63.862518310546875
IMG_0030.mp4,2439,81.38138138138139,29.97,615,1,traffic_lights,0.8330621719360352,1021.4126586914062,668.415283203125,1042.8408203125,725.9574584960938,1032.1267395019531,697.1863708496094,21.42816162109375,57.54217529296875
IMG_0030.mp4,2439,81.38138138138139,29.97,589,2,traffic_signs,0.4149510860443115,950.1929321289062,655.951904296875,1003.4847412109375,735.578125,976.8388366699219,695.7650146484375,53.29180908203125,79.626220703125
IMG_0030.mp4,2439,81.38138138138139,29.97,645,1,traffic_lights,0.496174156665802,1552.5693359375,718.3583374023438,1589.726806640625,788.587890625,1571.1480712890625,753.4731140136719,37.157470703125,70.22955322265625
IMG_0030.mp4,2440,81.41474808141476,29.97,542,2,traffic_signs,0.8351460099220276,1544.8370361328125,669.2610473632812,1599.9510498046875,719.5107421875,1572.39404296875,694.3858947753906,55.114013671875,50.24969482421875
IMG_0030.mp4,2440,81.41474808141476,29.97,496,1,traffic_lights,0.8877207040786743,1187.5738525390625,445.2509460449219,1220.9144287109375,509.109619140625,1204.244140625,477.18028259277344,33.340576171875,63.858673095703125
IMG_0030.mp4,2440,81.41474808141476,29.97,615,1,traffic_lights,0.5403774976730347,1020.7708129882812,667.8970947265625,1042.2049560546875,725.390380859375,1031.4878845214844,696.6437377929688,21.43414306640625,57.4932861328125
IMG_0030.mp4,2440,81.41474808141476,29.97,589,2,traffic_signs,0.4531051814556122,949.2645263671875,655.5287475585938,1002.8056030273438,735.4479370117188,976.0350646972656,695.4883422851562,53.54107666015625,79.919189453125
IMG_0030.mp4,2441,81.44811478144811,29.97,542,2,traffic_signs,0.8197824954986572,1545.2574462890625,668.6085815429688,1600.921142578125,718.986083984375,1573.0892944335938,693.7973327636719,55.6636962890625,50.37750244140625
IMG_0030.mp4,2441,81.44811478144811,29.97,496,1,traffic_lights,0.8813720941543579,1187.7860107421875,444.6225891113281,1221.232421875,508.59210205078125,1204.5092163085938,476.6073455810547,33.4464111328125,63.969512939453125
IMG_0030.mp4,2441,81.44811478144811,29.97,615,1,traffic_lights,0.6090430617332458,1020.4959716796875,667.8370361328125,1042.46240234375,725.4508056640625,1031.4791870117188,696.6439208984375,21.9664306640625,57.61376953125
IMG_0030.mp4,2441,81.44811478144811,29.97,589,2,traffic_signs,0.4022441804409027,949.204345703125,655.2521362304688,1003.0382080078125,735.3636474609375,976.1212768554688,695.3078918457031,53.8338623046875,80.11151123046875
IMG_0030.mp4,2441,81.44811478144811,29.97,691,1,traffic_lights,0.4110734462738037,1020.734619140625,667.7813110351562,1042.235107421875,725.2937622070312,1031.48486328125,696.5375366210938,21.50048828125,57.512451171875
IMG_0030.mp4,2442,81.48148148148148,29.97,542,2,traffic_signs,0.7945795655250549,1546.2371826171875,667.839111328125,1602.604248046875,718.7637939453125,1574.4207153320312,693.3014526367188,56.3670654296875,50.9246826171875
IMG_0030.mp4,2442,81.48148148148148,29.97,496,1,traffic_lights,0.812609851360321,1188.6925048828125,444.8176574707031,1221.68896484375,508.4876403808594,1205.1907348632812,476.65264892578125,32.9964599609375,63.66998291015625
IMG_0030.mp4,2442,81.48148148148148,29.97,615,1,traffic_lights,0.8361493945121765,1020.2083129882812,667.8261108398438,1042.2857666015625,725.2247924804688,1031.2470397949219,696.5254516601562,22.07745361328125,57.398681640625
IMG_0030.mp4,2442,81.48148148148148,29.97,589,2,traffic_signs,0.42486631870269775,948.6753540039062,655.0010986328125,1003.0673828125,735.2427368164062,975.8713684082031,695.1219177246094,54.39202880859375,80.24163818359375
IMG_0030.mp4,2443,81.51484818151485,29.97,542,2,traffic_signs,0.7732906341552734,1547.8480224609375,667.180908203125,1604.6558837890625,718.7157592773438,1576.251953125,692.9483337402344,56.807861328125,51.53485107421875
IMG_0030.mp4,2443,81.51484818151485,29.97,496,1,traffic_lights,0.8689507246017456,1188.7781982421875,443.91973876953125,1221.902587890625,507.5654296875,1205.3403930664062,475.7425842285156,33.1243896484375,63.64569091796875
IMG_0030.mp4,2443,81.51484818151485,29.97,615,1,traffic_lights,0.5288052558898926,1019.59228515625,667.3265991210938,1041.86962890625,725.02978515625,1030.73095703125,696.1781921386719,22.27734375,57.70318603515625
IMG_0030.mp4,2443,81.51484818151485,29.97,589,2,traffic_signs,0.5847755670547485,947.2008056640625,652.866943359375,1002.3165893554688,735.15869140625,974.7586975097656,694.0128173828125,55.11578369140625,82.291748046875
IMG_0030.mp4,2443,81.51484818151485,29.97,696,2,traffic_signs,0.41813984513282776,947.366943359375,654.0538940429688,1002.546875,735.35791015625,974.9569091796875,694.7059020996094,55.179931640625,81.30401611328125
IMG_0030.mp4,2443,81.51484818151485,29.97,688,2,traffic_signs,0.32749488949775696,1252.1689453125,782.2232055664062,1259.80517578125,797.0955200195312,1255.987060546875,789.6593627929688,7.63623046875,14.872314453125
IMG_0030.mp4,2444,81.54821488154822,29.97,542,2,traffic_signs,0.7457596659660339,1549.23779296875,666.8018188476562,1605.6971435546875,718.6433715820312,1577.4674682617188,692.7225952148438,56.4593505859375,51.841552734375
IMG_0030.mp4,2444,81.54821488154822,29.97,496,1,traffic_lights,0.8734953999519348,1189.0843505859375,443.05255126953125,1222.173583984375,507.09234619140625,1205.6289672851562,475.07244873046875,33.0892333984375,64.039794921875
IMG_0030.mp4,2444,81.54821488154822,29.97,615,1,traffic_lights,0.8627525568008423,1019.861572265625,666.7093505859375,1042.0086669921875,724.7874145507812,1030.9351196289062,695.7483825683594,22.1470947265625,58.07806396484375
IMG_0030.mp4,2444,81.54821488154822,29.97,589,2,traffic_signs,0.759742796421051,946.7346801757812,651.8015747070312,1002.3114013671875,735.1122436523438,974.5230407714844,693.4569091796875,55.57672119140625,83.3106689453125
IMG_0030.mp4,2444,81.54821488154822,29.97,696,2,traffic_signs,0.2612823247909546,947.0169677734375,653.9874267578125,1002.6102294921875,735.3779296875,974.8135986328125,694.6826782226562,55.59326171875,81.3905029296875
IMG_0030.mp4,2444,81.54821488154822,29.97,699,2,traffic_signs,0.470392107963562,725.071044921875,724.2134399414062,736.4371337890625,734.2116088867188,730.7540893554688,729.2125244140625,11.3660888671875,9.9981689453125
IMG_0030.mp4,2444,81.54821488154822,29.97,688,2,traffic_signs,0.5287287831306458,1252.355224609375,782.2328491210938,1260.156494140625,797.2373046875,1256.255859375,789.7350769042969,7.80126953125,15.00445556640625
IMG_0030.mp4,2445,81.58158158158159,29.97,542,2,traffic_signs,0.720588207244873,1551.113525390625,666.4207153320312,1606.98779296875,718.4547119140625,1579.0506591796875,692.4377136230469,55.874267578125,52.03399658203125
IMG_0030.mp4,2445,81.58158158158159,29.97,496,1,traffic_lights,0.8734723925590515,1188.9281005859375,441.7655334472656,1222.433349609375,506.25958251953125,1205.6807250976562,474.01255798339844,33.5052490234375,64.49404907226562
IMG_0030.mp4,2445,81.58158158158159,29.97,615,1,traffic_lights,0.8872897624969482,1019.3290405273438,666.3587036132812,1041.565185546875,724.5593872070312,1030.4471130371094,695.4590454101562,22.23614501953125,58.20068359375
IMG_0030.mp4,2445,81.58158158158159,29.97,589,2,traffic_signs,0.8211494088172913,945.9273071289062,651.0648803710938,1001.7705688476562,734.9681396484375,973.8489379882812,693.0165100097656,55.84326171875,83.90325927734375
IMG_0030.mp4,2445,81.58158158158159,29.97,699,2,traffic_signs,0.5242307782173157,724.1174926757812,724.2692260742188,735.7752075195312,734.434326171875,729.9463500976562,729.3517761230469,11.65771484375,10.16510009765625
IMG_0030.mp4,2445,81.58158158158159,29.97,688,2,traffic_signs,0.6097758412361145,1252.2957763671875,782.2274780273438,1260.111083984375,797.127685546875,1256.2034301757812,789.6775817871094,7.8153076171875,14.90020751953125
IMG_0030.mp4,2445,81.58158158158159,29.97,645,1,traffic_lights,0.5387083292007446,1556.1153564453125,715.3829956054688,1595.6947021484375,788.0891723632812,1575.905029296875,751.736083984375,39.579345703125,72.7061767578125
IMG_0030.mp4,2446,81.61494828161496,29.97,542,2,traffic_signs,0.7035506367683411,1552.3358154296875,666.1400146484375,1608.40478515625,717.7105102539062,1580.3703002929688,691.9252624511719,56.0689697265625,51.57049560546875
IMG_0030.mp4,2446,81.61494828161496,29.97,496,1,traffic_lights,0.8807277679443359,1188.6158447265625,440.7144470214844,1222.5662841796875,505.2305908203125,1205.591064453125,472.97251892089844,33.950439453125,64.51614379882812
IMG_0030.mp4,2446,81.61494828161496,29.97,615,1,traffic_lights,0.8786401748657227,1018.8814086914062,665.7132568359375,1041.247314453125,724.2965087890625,1030.0643615722656,695.0048828125,22.36590576171875,58.583251953125
IMG_0030.mp4,2446,81.61494828161496,29.97,589,2,traffic_signs,0.8454926013946533,945.1112060546875,650.5394287109375,1001.2474975585938,734.786865234375,973.1793518066406,692.6631469726562,56.13629150390625,84.2474365234375
IMG_0030.mp4,2446,81.61494828161496,29.97,699,2,traffic_signs,0.6155731678009033,724.2522583007812,724.2692260742188,735.4984741210938,734.7821044921875,729.8753662109375,729.5256652832031,11.2462158203125,10.51287841796875
IMG_0030.mp4,2446,81.61494828161496,29.97,688,2,traffic_signs,0.5038864016532898,1252.459716796875,782.0594482421875,1260.0106201171875,796.9102172851562,1256.2351684570312,789.4848327636719,7.5509033203125,14.85076904296875
IMG_0030.mp4,2446,81.61494828161496,29.97,645,1,traffic_lights,0.347533643245697,1557.231201171875,715.2208251953125,1596.9483642578125,787.2435302734375,1577.0897827148438,751.232177734375,39.7171630859375,72.022705078125
IMG_0030.mp4,2447,81.64831498164831,29.97,542,2,traffic_signs,0.7146877646446228,1553.37158203125,666.036865234375,1609.5576171875,717.4378662109375,1581.464599609375,691.7373657226562,56.18603515625,51.4010009765625
IMG_0030.mp4,2447,81.64831498164831,29.97,496,1,traffic_lights,0.8784489631652832,1188.5557861328125,439.9679870605469,1222.7467041015625,504.8158264160156,1205.6512451171875,472.39190673828125,34.19091796875,64.84783935546875
IMG_0030.mp4,2447,81.64831498164831,29.97,615,1,traffic_lights,0.8795303702354431,1018.213623046875,665.7418212890625,1040.9359130859375,724.3638305664062,1029.5747680664062,695.0528259277344,22.7222900390625,58.62200927734375
IMG_0030.mp4,2447,81.64831498164831,29.97,589,2,traffic_signs,0.8810022473335266,944.6591796875,650.2354736328125,1000.75,734.7249755859375,972.70458984375,692.480224609375,56.0908203125,84.489501953125
IMG_0030.mp4,2447,81.64831498164831,29.97,699,2,traffic_signs,0.704481303691864,724.4410400390625,724.4495239257812,735.7047119140625,735.1256103515625,730.0728759765625,729.7875671386719,11.263671875,10.67608642578125
IMG_0030.mp4,2447,81.64831498164831,29.97,688,2,traffic_signs,0.5239853262901306,1252.81982421875,781.8924560546875,1259.7904052734375,796.548828125,1256.3051147460938,789.2206420898438,6.9705810546875,14.6563720703125
IMG_0030.mp4,2447,81.64831498164831,29.97,645,1,traffic_lights,0.5241998434066772,1558.849365234375,714.9556884765625,1597.734375,786.4869995117188,1578.2918701171875,750.7213439941406,38.885009765625,71.53131103515625
IMG_0030.mp4,2448,81.68168168168168,29.97,542,2,traffic_signs,0.7356824278831482,1554.612060546875,665.5353393554688,1610.818115234375,716.9509887695312,1582.715087890625,691.2431640625,56.2060546875,51.4156494140625
IMG_0030.mp4,2448,81.68168168168168,29.97,496,1,traffic_lights,0.8792260885238647,1188.5406494140625,439.2569274902344,1222.91455078125,504.1247253417969,1205.7276000976562,471.6908264160156,34.3739013671875,64.8677978515625
IMG_0030.mp4,2448,81.68168168168168,29.97,615,1,traffic_lights,0.8743113279342651,1017.8396606445312,665.3974609375,1040.88427734375,724.3001708984375,1029.3619689941406,694.8488159179688,23.04461669921875,58.9027099609375
IMG_0030.mp4,2448,81.68168168168168,29.97,589,2,traffic_signs,0.8998283743858337,944.1490478515625,649.7530517578125,1000.1315307617188,734.6473388671875,972.1402893066406,692.2001953125,55.98248291015625,84.894287109375
IMG_0030.mp4,2448,81.68168168168168,29.97,699,2,traffic_signs,0.6558427214622498,724.2988891601562,724.4471435546875,735.7896118164062,735.5377197265625,730.0442504882812,729.992431640625,11.49072265625,11.090576171875
IMG_0030.mp4,2448,81.68168168168168,29.97,688,2,traffic_signs,0.6129232048988342,1253.1607666015625,781.8972778320312,1259.9923095703125,796.6714477539062,1256.5765380859375,789.2843627929688,6.83154296875,14.774169921875
IMG_0030.mp4,2449,81.71504838171505,29.97,542,2,traffic_signs,0.7616503238677979,1556.223876953125,665.1299438476562,1611.442138671875,716.4137573242188,1583.8330078125,690.7718505859375,55.21826171875,51.2838134765625
IMG_0030.mp4,2449,81.71504838171505,29.97,496,1,traffic_lights,0.8831928372383118,1188.708984375,438.6373291015625,1223.225341796875,503.1291809082031,1205.9671630859375,470.8832550048828,34.516357421875,64.49185180664062
IMG_0030.mp4,2449,81.71504838171505,29.97,615,1,traffic_lights,0.8666761517524719,1017.8704223632812,664.9478759765625,1040.8831787109375,724.114501953125,1029.3768005371094,694.5311889648438,23.01275634765625,59.1666259765625
IMG_0030.mp4,2449,81.71504838171505,29.97,589,2,traffic_signs,0.903847336769104,943.7156982421875,649.3784790039062,999.4297485351562,734.53564453125,971.5727233886719,691.9570617675781,55.71405029296875,85.15716552734375
IMG_0030.mp4,2449,81.71504838171505,29.97,699,2,traffic_signs,0.6958990097045898,724.1121215820312,724.313720703125,735.9679565429688,736.0698852539062,730.0400390625,730.1918029785156,11.8558349609375,11.75616455078125
IMG_0030.mp4,2449,81.71504838171505,29.97,688,2,traffic_signs,0.6102384328842163,1253.3892822265625,782.0010375976562,1260.21484375,796.9498901367188,1256.8020629882812,789.4754638671875,6.8255615234375,14.9488525390625
IMG_0030.mp4,2450,81.74841508174842,29.97,542,2,traffic_signs,0.8019864559173584,1557.056884765625,664.768310546875,1612.62158203125,716.105224609375,1584.8392333984375,690.436767578125,55.564697265625,51.3369140625
IMG_0030.mp4,2450,81.74841508174842,29.97,496,1,traffic_lights,0.8770980834960938,1189.031494140625,437.7696838378906,1223.631103515625,502.5906677246094,1206.331298828125,470.18017578125,34.599609375,64.82098388671875
IMG_0030.mp4,2450,81.74841508174842,29.97,615,1,traffic_lights,0.8718088865280151,1017.7728271484375,664.254638671875,1041.0040283203125,724.1243286132812,1029.388427734375,694.1894836425781,23.231201171875,59.86968994140625
IMG_0030.mp4,2450,81.74841508174842,29.97,589,2,traffic_signs,0.9154450297355652,943.1824951171875,648.9366455078125,998.894775390625,734.5092163085938,971.0386352539062,691.7229309082031,55.7122802734375,85.57257080078125
IMG_0030.mp4,2450,81.74841508174842,29.97,699,2,traffic_signs,0.6714712381362915,724.2989501953125,724.2247924804688,736.4739990234375,736.2525634765625,730.386474609375,730.2386779785156,12.175048828125,12.02777099609375
IMG_0030.mp4,2450,81.74841508174842,29.97,688,2,traffic_signs,0.6180699467658997,1253.5390625,782.3776245117188,1260.4036865234375,797.08935546875,1256.9713745117188,789.7334899902344,6.8646240234375,14.71173095703125
IMG_0030.mp4,2451,81.78178178178179,29.97,542,2,traffic_signs,0.8194089531898499,1557.5958251953125,664.2957153320312,1614.1932373046875,715.3441772460938,1585.89453125,689.8199462890625,56.597412109375,51.0484619140625
IMG_0030.mp4,2451,81.78178178178179,29.97,496,1,traffic_lights,0.8775502443313599,1188.8946533203125,436.5111999511719,1223.7047119140625,501.88983154296875,1206.2996826171875,469.2005157470703,34.81005859375,65.37863159179688
IMG_0030.mp4,2451,81.78178178178179,29.97,615,1,traffic_lights,0.8695589303970337,1017.3419189453125,663.5601196289062,1040.6397705078125,723.87255859375,1028.9908447265625,693.7163391113281,23.2978515625,60.31243896484375
IMG_0030.mp4,2451,81.78178178178179,29.97,589,2,traffic_signs,0.9210218191146851,942.8419799804688,648.6951293945312,997.9921875,734.3906860351562,970.4170837402344,691.5429077148438,55.15020751953125,85.695556640625
IMG_0030.mp4,2451,81.78178178178179,29.97,699,2,traffic_signs,0.6398707628250122,723.8834228515625,724.268310546875,736.0650634765625,736.2503662109375,729.9742431640625,730.2593383789062,12.181640625,11.9820556640625
IMG_0030.mp4,2451,81.78178178178179,29.97,688,2,traffic_signs,0.44147592782974243,1253.4197998046875,782.527099609375,1260.306396484375,796.809326171875,1256.8630981445312,789.668212890625,6.8865966796875,14.2822265625
IMG_0030.mp4,2452,81.81514848181516,29.97,542,2,traffic_signs,0.8312572836875916,1557.9176025390625,663.5018920898438,1616.0069580078125,714.8497924804688,1586.9622802734375,689.1758422851562,58.08935546875,51.347900390625
IMG_0030.mp4,2452,81.81514848181516,29.97,496,1,traffic_lights,0.8796156048774719,1188.7259521484375,435.40667724609375,1224.0797119140625,500.894287109375,1206.40283203125,468.1504821777344,35.353759765625,65.48760986328125
IMG_0030.mp4,2452,81.81514848181516,29.97,615,1,traffic_lights,0.8686021566390991,1017.030517578125,662.8186645507812,1040.444091796875,723.5202026367188,1028.7373046875,693.16943359375,23.41357421875,60.7015380859375
IMG_0030.mp4,2452,81.81514848181516,29.97,589,2,traffic_signs,0.9228576421737671,942.7501831054688,648.3736572265625,997.5438842773438,734.178466796875,970.1470336914062,691.2760620117188,54.793701171875,85.8048095703125
IMG_0030.mp4,2452,81.81514848181516,29.97,699,2,traffic_signs,0.5522291660308838,723.4558715820312,724.3726806640625,735.7946166992188,736.400146484375,729.625244140625,730.3864135742188,12.3387451171875,12.0274658203125
IMG_0030.mp4,2452,81.81514848181516,29.97,688,2,traffic_signs,0.33250150084495544,1253.3275146484375,782.3831787109375,1260.1240234375,796.2750854492188,1256.7257690429688,789.3291320800781,6.7965087890625,13.89190673828125
IMG_0030.mp4,2453,81.84851518184851,29.97,542,2,traffic_signs,0.8266560435295105,1558.8680419921875,663.0198364257812,1617.5250244140625,714.728271484375,1588.196533203125,688.8740539550781,58.656982421875,51.70843505859375
IMG_0030.mp4,2453,81.84851518184851,29.97,496,1,traffic_lights,0.8730586171150208,1189.4256591796875,434.47833251953125,1225.0345458984375,500.4598083496094,1207.2301025390625,467.4690704345703,35.60888671875,65.98147583007812
IMG_0030.mp4,2453,81.84851518184851,29.97,615,1,traffic_lights,0.8669374585151672,1017.61767578125,662.5479736328125,1041.0220947265625,723.5568237304688,1029.3198852539062,693.0523986816406,23.4044189453125,61.00885009765625
IMG_0030.mp4,2453,81.84851518184851,29.97,589,2,traffic_signs,0.924784779548645,943.067626953125,648.101318359375,998.28076171875,734.3064575195312,970.6741943359375,691.2038879394531,55.213134765625,86.20513916015625
IMG_0030.mp4,2453,81.84851518184851,29.97,699,2,traffic_signs,0.5852041840553284,724.39990234375,724.6681518554688,736.6975708007812,736.5367431640625,730.5487365722656,730.6024475097656,12.29766845703125,11.86859130859375
IMG_0030.mp4,2454,81.88188188188188,29.97,542,2,traffic_signs,0.8265039324760437,1560.5816650390625,662.6362915039062,1619.1829833984375,714.3111572265625,1589.88232421875,688.4737243652344,58.601318359375,51.67486572265625
IMG_0030.mp4,2454,81.88188188188188,29.97,496,1,traffic_lights,0.8673742413520813,1189.65966796875,432.97479248046875,1225.4964599609375,499.5464782714844,1207.5780639648438,466.26063537597656,35.8367919921875,66.57168579101562
IMG_0030.mp4,2454,81.88188188188188,29.97,615,1,traffic_lights,0.8702011704444885,1017.340576171875,662.133544921875,1040.9439697265625,723.4818725585938,1029.1422729492188,692.8077087402344,23.6033935546875,61.34832763671875
IMG_0030.mp4,2454,81.88188188188188,29.97,589,2,traffic_signs,0.9256498217582703,942.9500122070312,647.6702270507812,998.1638793945312,734.057373046875,970.5569458007812,690.8638000488281,55.2138671875,86.38714599609375
IMG_0030.mp4,2454,81.88188188188188,29.97,699,2,traffic_signs,0.5606659054756165,724.2899169921875,724.625732421875,736.433349609375,736.380615234375,730.3616333007812,730.503173828125,12.1434326171875,11.7548828125
IMG_0030.mp4,2454,81.88188188188188,29.97,688,2,traffic_signs,0.2588832974433899,1254.1978759765625,782.1757202148438,1260.8485107421875,795.9379272460938,1257.523193359375,789.0568237304688,6.650634765625,13.76220703125
IMG_0030.mp4,2455,81.91524858191525,29.97,542,2,traffic_signs,0.8290116190910339,1562.4549560546875,662.2810668945312,1620.6365966796875,713.74462890625,1591.5457763671875,688.0128479003906,58.181640625,51.46356201171875
IMG_0030.mp4,2455,81.91524858191525,29.97,496,1,traffic_lights,0.8692003488540649,1189.7193603515625,431.8685607910156,1226.039306640625,498.9765930175781,1207.8793334960938,465.4225769042969,36.3199462890625,67.1080322265625
IMG_0030.mp4,2455,81.91524858191525,29.97,615,1,traffic_lights,0.8701872825622559,1017.6640625,661.9348754882812,1041.11572265625,723.041748046875,1029.389892578125,692.4883117675781,23.45166015625,61.10687255859375
IMG_0030.mp4,2455,81.91524858191525,29.97,589,2,traffic_signs,0.9262016415596008,942.9306640625,647.4796752929688,998.194091796875,733.8461303710938,970.5623779296875,690.6629028320312,55.263427734375,86.366455078125
IMG_0030.mp4,2455,81.91524858191525,29.97,699,2,traffic_signs,0.5726721286773682,724.3934936523438,725.0006713867188,736.4529418945312,736.5188598632812,730.4232177734375,730.759765625,12.0594482421875,11.5181884765625
IMG_0030.mp4,2456,81.94861528194862,29.97,542,2,traffic_signs,0.8119800090789795,1564.6414794921875,661.7556762695312,1622.3577880859375,713.167236328125,1593.4996337890625,687.4614562988281,57.71630859375,51.41156005859375
IMG_0030.mp4,2456,81.94861528194862,29.97,496,1,traffic_lights,0.8676362037658691,1189.7481689453125,430.09307861328125,1226.158447265625,497.7654113769531,1207.9533081054688,463.9292449951172,36.4102783203125,67.67233276367188
IMG_0030.mp4,2456,81.94861528194862,29.97,615,1,traffic_lights,0.8708668351173401,1017.2017822265625,661.5829467773438,1040.636962890625,722.7465209960938,1028.9193725585938,692.1647338867188,23.4351806640625,61.16357421875
IMG_0030.mp4,2456,81.94861528194862,29.97,589,2,traffic_signs,0.9291384816169739,942.1005249023438,647.145263671875,997.6204833984375,733.3765258789062,969.8605041503906,690.2608947753906,55.51995849609375,86.23126220703125
IMG_0030.mp4,2456,81.94861528194862,29.97,699,2,traffic_signs,0.5287739038467407,723.4994506835938,725.14892578125,735.67578125,736.6978149414062,729.5876159667969,730.9233703613281,12.17633056640625,11.54888916015625
IMG_0030.mp4,2457,81.98198198198199,29.97,542,2,traffic_signs,0.8204143643379211,1565.9625244140625,661.2203979492188,1623.77978515625,712.5639038085938,1594.8711547851562,686.8921508789062,57.8172607421875,51.343505859375
IMG_0030.mp4,2457,81.98198198198199,29.97,496,1,traffic_lights,0.616975724697113,1189.93359375,428.4200439453125,1226.305908203125,497.0367736816406,1208.1197509765625,462.72840881347656,36.372314453125,68.61672973632812
IMG_0030.mp4,2457,81.98198198198199,29.97,615,1,traffic_lights,0.8776995539665222,1017.3117065429688,661.17578125,1040.49169921875,722.4254150390625,1028.9017028808594,691.8005981445312,23.17999267578125,61.2496337890625
IMG_0030.mp4,2457,81.98198198198199,29.97,589,2,traffic_signs,0.9312387704849243,941.7676391601562,646.8190307617188,997.5101318359375,733.4337158203125,969.6388854980469,690.1263732910156,55.74249267578125,86.61468505859375
IMG_0030.mp4,2457,81.98198198198199,29.97,699,2,traffic_signs,0.5155008435249329,723.2293090820312,725.2784423828125,735.3480834960938,736.513671875,729.2886962890625,730.8960571289062,12.1187744140625,11.2352294921875
IMG_0030.mp4,2458,82.01534868201536,29.97,542,2,traffic_signs,0.6841942071914673,1567.24658203125,660.4232177734375,1624.67919921875,712.6312255859375,1595.962890625,686.5272216796875,57.4326171875,52.2080078125
IMG_0030.mp4,2458,82.01534868201536,29.97,496,1,traffic_lights,0.8974533081054688,1190.3553466796875,428.98419189453125,1226.4075927734375,497.22760009765625,1208.3814697265625,463.10589599609375,36.05224609375,68.243408203125
IMG_0030.mp4,2458,82.01534868201536,29.97,615,1,traffic_lights,0.8804179430007935,1016.8497314453125,660.621826171875,1039.8763427734375,721.9342041015625,1028.363037109375,691.2780151367188,23.026611328125,61.3123779296875
IMG_0030.mp4,2458,82.01534868201536,29.97,589,2,traffic_signs,0.9345305562019348,940.506591796875,646.1961059570312,997.1812133789062,733.5692749023438,968.8439025878906,689.8826904296875,56.67462158203125,87.3731689453125
IMG_0030.mp4,2458,82.01534868201536,29.97,699,2,traffic_signs,0.4415130615234375,722.1675415039062,725.2724609375,734.2166137695312,736.3395385742188,728.1920776367188,730.8059997558594,12.049072265625,11.06707763671875
IMG_0030.mp4,2459,82.04871538204871,29.97,542,2,traffic_signs,0.7242208123207092,1568.0755615234375,660.2139282226562,1626.2611083984375,711.9456787109375,1597.1683349609375,686.0798034667969,58.185546875,51.73175048828125
IMG_0030.mp4,2459,82.04871538204871,29.97,496,1,traffic_lights,0.8832501173019409,1190.7552490234375,428.83514404296875,1226.752197265625,496.6927795410156,1208.7537231445312,462.7639617919922,35.9969482421875,67.85763549804688
IMG_0030.mp4,2459,82.04871538204871,29.97,615,1,traffic_lights,0.8795826435089111,1016.5070190429688,660.0203857421875,1039.868408203125,721.802490234375,1028.1877136230469,690.9114379882812,23.36138916015625,61.7821044921875
IMG_0030.mp4,2459,82.04871538204871,29.97,589,2,traffic_signs,0.9348945617675781,940.5220336914062,645.6774291992188,996.9307250976562,733.7638549804688,968.7263793945312,689.7206420898438,56.40869140625,88.08642578125
IMG_0030.mp4,2459,82.04871538204871,29.97,699,2,traffic_signs,0.41282740235328674,722.2286376953125,725.2098999023438,734.0872192382812,736.2958374023438,728.1579284667969,730.7528686523438,11.85858154296875,11.0859375
IMG_0030.mp4,2460,82.08208208208208,29.97,542,2,traffic_signs,0.7743300199508667,1568.7523193359375,659.5665283203125,1628.2620849609375,711.2412719726562,1598.5072021484375,685.4039001464844,59.509765625,51.67474365234375
IMG_0030.mp4,2460,82.08208208208208,29.97,496,1,traffic_lights,0.8839083909988403,1190.7333984375,428.28546142578125,1226.9896240234375,496.1166076660156,1208.8615112304688,462.20103454589844,36.2562255859375,67.83114624023438
IMG_0030.mp4,2460,82.08208208208208,29.97,615,1,traffic_lights,0.8750325441360474,1016.448486328125,659.6661376953125,1039.6280517578125,721.1229248046875,1028.0382690429688,690.39453125,23.1795654296875,61.456787109375
IMG_0030.mp4,2460,82.08208208208208,29.97,589,2,traffic_signs,0.9353315234184265,940.5130004882812,645.1452026367188,996.7731323242188,733.6666870117188,968.64306640625,689.4059448242188,56.2601318359375,88.521484375
IMG_0030.mp4,2460,82.08208208208208,29.97,699,2,traffic_signs,0.41505420207977295,721.9949340820312,725.2938232421875,734.0784912109375,736.3477783203125,728.0367126464844,730.82080078125,12.08355712890625,11.053955078125
IMG_0030.mp4,2461,82.11544878211545,29.97,542,2,traffic_signs,0.4414916932582855,1569.53466796875,658.6519775390625,1630.422119140625,710.3912963867188,1599.9783935546875,684.5216369628906,60.887451171875,51.73931884765625
IMG_0030.mp4,2461,82.11544878211545,29.97,496,1,traffic_lights,0.8813486695289612,1190.2135009765625,427.0147399902344,1226.6920166015625,494.5386962890625,1208.4527587890625,460.77671813964844,36.478515625,67.52395629882812
IMG_0030.mp4,2461,82.11544878211545,29.97,615,1,traffic_lights,0.8730089068412781,1015.0887451171875,658.9822387695312,1038.4747314453125,720.408447265625,1026.78173828125,689.6953430175781,23.385986328125,61.42620849609375
IMG_0030.mp4,2461,82.11544878211545,29.97,589,2,traffic_signs,0.9356624484062195,938.8348388671875,644.2894897460938,995.6671752929688,733.4474487304688,967.2510070800781,688.8684692382812,56.83233642578125,89.157958984375
IMG_0030.mp4,2461,82.11544878211545,29.97,699,2,traffic_signs,0.36272239685058594,720.572265625,725.0800170898438,732.6112670898438,736.3184204101562,726.5917663574219,730.69921875,12.03900146484375,11.2384033203125
IMG_0030.mp4,2462,82.14881548214882,29.97,542,2,traffic_signs,0.8726792335510254,1570.426513671875,658.59423828125,1631.6883544921875,710.5347290039062,1601.0574340820312,684.5644836425781,61.2618408203125,51.94049072265625
IMG_0030.mp4,2462,82.14881548214882,29.97,496,1,traffic_lights,0.8819094300270081,1189.795166015625,425.2730712890625,1226.633056640625,493.2520751953125,1208.214111328125,459.2625732421875,36.837890625,67.97900390625
IMG_0030.mp4,2462,82.14881548214882,29.97,615,1,traffic_lights,0.873336911201477,1013.8359985351562,658.3578491210938,1037.9251708984375,720.2062377929688,1025.8805847167969,689.2820434570312,24.08917236328125,61.848388671875
IMG_0030.mp4,2462,82.14881548214882,29.97,589,2,traffic_signs,0.93341064453125,938.3248291015625,643.5880737304688,995.0003662109375,732.98583984375,966.66259765625,688.2869567871094,56.675537109375,89.39776611328125
IMG_0030.mp4,2462,82.14881548214882,29.97,699,2,traffic_signs,0.4552610516548157,720.1351928710938,725.0601806640625,732.1533813476562,736.5079345703125,726.144287109375,730.7840576171875,12.0181884765625,11.44775390625
IMG_0030.mp4,2463,82.18218218218219,29.97,542,2,traffic_signs,0.8380670547485352,1571.6744384765625,658.2747802734375,1633.170654296875,709.8417358398438,1602.4225463867188,684.0582580566406,61.4962158203125,51.56695556640625
IMG_0030.mp4,2463,82.18218218218219,29.97,496,1,traffic_lights,0.8828741908073425,1189.6693115234375,423.91790771484375,1226.7576904296875,492.1187744140625,1208.2135009765625,458.0183410644531,37.08837890625,68.20086669921875
IMG_0030.mp4,2463,82.18218218218219,29.97,615,1,traffic_lights,0.8642376065254211,1013.5469970703125,657.4033203125,1037.7525634765625,719.8346557617188,1025.6497802734375,688.6189880371094,24.20556640625,62.43133544921875
IMG_0030.mp4,2463,82.18218218218219,29.97,589,2,traffic_signs,0.9321669936180115,938.2387084960938,643.0277709960938,994.6560668945312,732.4804077148438,966.4473876953125,687.7540893554688,56.4173583984375,89.45263671875
IMG_0030.mp4,2463,82.18218218218219,29.97,699,2,traffic_signs,0.3879949748516083,720.3945922851562,725.1279907226562,732.1550903320312,736.6298217773438,726.2748413085938,730.87890625,11.760498046875,11.5018310546875
IMG_0030.mp4,2464,82.21554888221556,29.97,542,2,traffic_signs,0.8311700820922852,1573.001708984375,657.6677856445312,1634.544189453125,709.8760375976562,1603.77294921875,683.7719116210938,61.54248046875,52.208251953125
IMG_0030.mp4,2464,82.21554888221556,29.97,496,1,traffic_lights,0.8806331157684326,1189.316162109375,422.47283935546875,1226.615234375,490.68084716796875,1207.9656982421875,456.57684326171875,37.299072265625,68.2080078125
IMG_0030.mp4,2464,82.21554888221556,29.97,615,1,traffic_lights,0.8671044111251831,1012.6694946289062,656.2900390625,1037.0435791015625,719.2657470703125,1024.8565368652344,687.7778930664062,24.37408447265625,62.9757080078125
IMG_0030.mp4,2464,82.21554888221556,29.97,589,2,traffic_signs,0.9319368600845337,937.1652221679688,642.3818969726562,993.5776977539062,731.8699340820312,965.3714599609375,687.1259155273438,56.4124755859375,89.488037109375
IMG_0030.mp4,2465,82.24891558224891,29.97,542,2,traffic_signs,0.8249865174293518,1574.73876953125,657.2354125976562,1636.3123779296875,709.6139526367188,1605.5255737304688,683.4246826171875,61.5736083984375,52.3785400390625
IMG_0030.mp4,2465,82.24891558224891,29.97,496,1,traffic_lights,0.8738685846328735,1189.863037109375,421.39788818359375,1227.14697265625,489.6686706542969,1208.5050048828125,455.5332794189453,37.283935546875,68.27078247070312
IMG_0030.mp4,2465,82.24891558224891,29.97,615,1,traffic_lights,0.8763287663459778,1012.2693481445312,655.967041015625,1036.9176025390625,719.5474243164062,1024.5934753417969,687.7572326660156,24.64825439453125,63.58038330078125
IMG_0030.mp4,2465,82.24891558224891,29.97,589,2,traffic_signs,0.9280924201011658,937.068359375,641.781982421875,993.462890625,731.4091186523438,965.265625,686.5955505371094,56.39453125,89.62713623046875
IMG_0030.mp4,2465,82.24891558224891,29.97,688,2,traffic_signs,0.4124227464199066,1254.585205078125,782.3792724609375,1261.7802734375,796.2608032226562,1258.1827392578125,789.3200378417969,7.195068359375,13.88153076171875
IMG_0030.mp4,2466,82.28228228228228,29.97,542,2,traffic_signs,0.7725442051887512,1575.6717529296875,656.60107421875,1637.7412109375,709.05029296875,1606.7064819335938,682.82568359375,62.0694580078125,52.44921875
IMG_0030.mp4,2466,82.28228228228228,29.97,496,1,traffic_lights,0.8737867474555969,1189.92236328125,420.3712463378906,1227.2586669921875,488.763916015625,1208.5905151367188,454.5675811767578,37.3363037109375,68.39266967773438
IMG_0030.mp4,2466,82.28228228228228,29.97,615,1,traffic_lights,0.8730186223983765,1011.9125366210938,655.3897705078125,1036.3848876953125,719.4760131835938,1024.1487121582031,687.4328918457031,24.47235107421875,64.08624267578125
IMG_0030.mp4,2466,82.28228228228228,29.97,589,2,traffic_signs,0.9237836599349976,936.3931884765625,641.1657104492188,993.0499877929688,731.1896362304688,964.7215881347656,686.1776733398438,56.65679931640625,90.02392578125
IMG_0030.mp4,2466,82.28228228228228,29.97,688,2,traffic_signs,0.5562039613723755,1254.41015625,782.4238891601562,1261.6553955078125,796.3580932617188,1258.0327758789062,789.3909912109375,7.2452392578125,13.9342041015625
IMG_0030.mp4,2467,82.31564898231565,29.97,542,2,traffic_signs,0.6121869683265686,1576.6761474609375,656.0253295898438,1638.6322021484375,708.7896728515625,1607.6541748046875,682.4075012207031,61.9560546875,52.76434326171875
IMG_0030.mp4,2467,82.31564898231565,29.97,496,1,traffic_lights,0.870721697807312,1189.5814208984375,418.4371337890625,1227.22900390625,487.48590087890625,1208.4052124023438,452.9615173339844,37.6475830078125,69.04876708984375
IMG_0030.mp4,2467,82.31564898231565,29.97,615,1,traffic_lights,0.8717073202133179,1011.2022705078125,654.73583984375,1035.8240966796875,719.3729858398438,1023.51318359375,687.0544128417969,24.621826171875,64.63714599609375
IMG_0030.mp4,2467,82.31564898231565,29.97,589,2,traffic_signs,0.9260148406028748,935.324462890625,640.779052734375,992.2780151367188,730.6884155273438,963.8012390136719,685.7337341308594,56.95355224609375,89.90936279296875
IMG_0030.mp4,2467,82.31564898231565,29.97,688,2,traffic_signs,0.601324737071991,1254.1324462890625,782.3079223632812,1261.5091552734375,796.43798828125,1257.82080078125,789.3729553222656,7.376708984375,14.13006591796875
IMG_0030.mp4,2468,82.34901568234902,29.97,542,2,traffic_signs,0.8429461121559143,1577.9732666015625,655.1365966796875,1639.6103515625,708.8700561523438,1608.7918090820312,682.0033264160156,61.6370849609375,53.73345947265625
IMG_0030.mp4,2468,82.34901568234902,29.97,496,1,traffic_lights,0.8769339323043823,1190.0723876953125,417.4928894042969,1227.7152099609375,487.01318359375,1208.893798828125,452.25303649902344,37.642822265625,69.52029418945312
IMG_0030.mp4,2468,82.34901568234902,29.97,615,1,traffic_lights,0.8702630996704102,1011.2042236328125,654.4920043945312,1036.292724609375,719.11279296875,1023.7484741210938,686.8023986816406,25.0885009765625,64.62078857421875
IMG_0030.mp4,2468,82.34901568234902,29.97,589,2,traffic_signs,0.9250584840774536,935.3823852539062,640.7144775390625,992.3579711914062,730.7733764648438,963.8701782226562,685.7439270019531,56.9755859375,90.05889892578125
IMG_0030.mp4,2468,82.34901568234902,29.97,688,2,traffic_signs,0.6726053953170776,1254.6453857421875,782.2343139648438,1262.0074462890625,796.72412109375,1258.326416015625,789.4792175292969,7.362060546875,14.48980712890625
IMG_0030.mp4,2469,82.38238238238239,29.97,542,2,traffic_signs,0.8438625335693359,1579.014404296875,653.9658813476562,1641.355712890625,707.6699829101562,1610.18505859375,680.8179321289062,62.34130859375,53.7041015625
IMG_0030.mp4,2469,82.38238238238239,29.97,496,1,traffic_lights,0.7016711831092834,1189.8663330078125,415.5721130371094,1227.5948486328125,485.5693664550781,1208.7305908203125,450.57073974609375,37.728515625,69.99725341796875
IMG_0030.mp4,2469,82.38238238238239,29.97,615,1,traffic_lights,0.8579303622245789,1010.49462890625,653.5969848632812,1035.53271484375,718.337158203125,1023.013671875,685.9670715332031,25.0380859375,64.74017333984375
IMG_0030.mp4,2469,82.38238238238239,29.97,589,2,traffic_signs,0.928206205368042,934.0897827148438,639.7030639648438,991.449951171875,730.8343505859375,962.7698669433594,685.2687072753906,57.36016845703125,91.13128662109375
IMG_0030.mp4,2469,82.38238238238239,29.97,688,2,traffic_signs,0.6745945811271667,1254.5887451171875,781.8102416992188,1261.74609375,796.5364379882812,1258.1674194335938,789.17333984375,7.1573486328125,14.7261962890625
IMG_0030.mp4,2469,82.38238238238239,29.97,706,2,traffic_signs,0.5177249908447266,1708.8228759765625,687.117431640625,1792.192138671875,757.6948852539062,1750.5075073242188,722.4061584472656,83.3692626953125,70.57745361328125
IMG_0030.mp4,2470,82.41574908241576,29.97,542,2,traffic_signs,0.8266806602478027,1579.5469970703125,653.0030517578125,1642.9061279296875,706.6021118164062,1611.2265625,679.8025817871094,63.359130859375,53.59906005859375
IMG_0030.mp4,2470,82.41574908241576,29.97,496,1,traffic_lights,0.87872713804245,1190.2115478515625,416.21142578125,1227.4573974609375,485.6058349609375,1208.83447265625,450.90863037109375,37.245849609375,69.3944091796875
IMG_0030.mp4,2470,82.41574908241576,29.97,615,1,traffic_lights,0.8581179976463318,1009.9038696289062,652.963134765625,1035.1690673828125,718.2796630859375,1022.5364685058594,685.6213989257812,25.26519775390625,65.3165283203125
IMG_0030.mp4,2470,82.41574908241576,29.97,589,2,traffic_signs,0.9244195222854614,933.5545043945312,638.97705078125,991.099365234375,730.0264282226562,962.3269348144531,684.5017395019531,57.54486083984375,91.04937744140625
IMG_0030.mp4,2470,82.41574908241576,29.97,688,2,traffic_signs,0.6374750137329102,1254.6600341796875,781.6145629882812,1261.7288818359375,796.366455078125,1258.1944580078125,788.9905090332031,7.06884765625,14.75189208984375
IMG_0030.mp4,2470,82.41574908241576,29.97,706,2,traffic_signs,0.6916989684104919,1710.7470703125,686.234130859375,1793.849609375,757.1884155273438,1752.29833984375,721.7112731933594,83.1025390625,70.95428466796875
IMG_0030.mp4,2471,82.44911578244911,29.97,542,2,traffic_signs,0.8190088272094727,1580.64892578125,652.5304565429688,1644.4759521484375,705.620361328125,1612.5624389648438,679.0754089355469,63.8270263671875,53.08990478515625
IMG_0030.mp4,2471,82.44911578244911,29.97,496,1,traffic_lights,0.8786666989326477,1191.1439208984375,416.46728515625,1227.9580078125,485.49407958984375,1209.5509643554688,450.9806823730469,36.8140869140625,69.02679443359375
IMG_0030.mp4,2471,82.44911578244911,29.97,615,1,traffic_lights,0.8556569218635559,1010.3367919921875,653.0919189453125,1035.501220703125,717.9832153320312,1022.9190063476562,685.5375671386719,25.1644287109375,64.89129638671875
IMG_0030.mp4,2471,82.44911578244911,29.97,589,2,traffic_signs,0.8996169567108154,934.49072265625,638.9644775390625,991.4174194335938,730.1424560546875,962.9540710449219,684.553466796875,56.92669677734375,91.177978515625
IMG_0030.mp4,2471,82.44911578244911,29.97,688,2,traffic_signs,0.6255366802215576,1255.25,781.5775146484375,1262.1971435546875,796.3004150390625,1258.7235717773438,788.93896484375,6.9471435546875,14.722900390625
IMG_0030.mp4,2471,82.44911578244911,29.97,706,2,traffic_signs,0.8945363163948059,1712.2091064453125,685.7636108398438,1795.923828125,756.5618896484375,1754.0664672851562,721.1627502441406,83.7147216796875,70.79827880859375
IMG_0030.mp4,2471,82.44911578244911,29.97,710,1,traffic_lights,0.4962802827358246,461.8268127441406,682.0189819335938,477.7880554199219,710.0197143554688,469.80743408203125,696.0193481445312,15.96124267578125,28.000732421875
IMG_0030.mp4,2471,82.44911578244911,29.97,711,2,traffic_signs,0.4837477505207062,719.023193359375,725.1441040039062,729.9480590820312,736.3237915039062,724.4856262207031,730.7339477539062,10.92486572265625,11.1796875
IMG_0030.mp4,2472,82.48248248248248,29.97,542,2,traffic_signs,0.815210223197937,1581.7396240234375,651.7319946289062,1646.533203125,704.2779541015625,1614.1364135742188,678.0049743652344,64.7935791015625,52.54595947265625
IMG_0030.mp4,2472,82.48248248248248,29.97,496,1,traffic_lights,0.8832291960716248,1191.26318359375,415.5175476074219,1228.0301513671875,484.5419616699219,1209.6466674804688,450.0297546386719,36.7669677734375,69.0244140625
IMG_0030.mp4,2472,82.48248248248248,29.97,615,1,traffic_lights,0.856522262096405,1009.97216796875,652.5703735351562,1035.201904296875,717.4547729492188,1022.5870361328125,685.0125732421875,25.229736328125,64.8843994140625
IMG_0030.mp4,2472,82.48248248248248,29.97,589,2,traffic_signs,0.8802409172058105,934.4017333984375,638.5021362304688,991.3345336914062,729.7797241210938,962.8681335449219,684.1409301757812,56.93280029296875,91.277587890625
IMG_0030.mp4,2472,82.48248248248248,29.97,688,2,traffic_signs,0.5941870212554932,1255.453369140625,781.4956665039062,1262.2977294921875,796.175048828125,1258.8755493164062,788.8353576660156,6.8443603515625,14.67938232421875
IMG_0030.mp4,2472,82.48248248248248,29.97,706,2,traffic_signs,0.8740979433059692,1714.6405029296875,685.2601318359375,1798.2735595703125,755.6983032226562,1756.45703125,720.4792175292969,83.633056640625,70.43817138671875
IMG_0030.mp4,2472,82.48248248248248,29.97,710,1,traffic_lights,0.580988347530365,460.502197265625,681.6762084960938,475.9599304199219,710.6134643554688,468.23106384277344,696.1448364257812,15.457733154296875,28.937255859375
IMG_0030.mp4,2472,82.48248248248248,29.97,711,2,traffic_signs,0.5023086071014404,718.4085693359375,725.0000610351562,729.5333251953125,736.1102905273438,723.970947265625,730.55517578125,11.124755859375,11.1102294921875
IMG_0030.mp4,2472,82.48248248248248,29.97,712,2,traffic_signs,0.37028977274894714,943.0853271484375,661.9140014648438,988.1306762695312,726.5738525390625,965.6080017089844,694.2439270019531,45.04534912109375,64.65985107421875
IMG_0030.mp4,2473,82.51584918251585,29.97,542,2,traffic_signs,0.8109198808670044,1583.5203857421875,650.8163452148438,1648.3038330078125,702.9738159179688,1615.912109375,676.8950805664062,64.783447265625,52.157470703125
IMG_0030.mp4,2473,82.51584918251585,29.97,496,1,traffic_lights,0.8873832821846008,1190.8892822265625,413.2517395019531,1227.9061279296875,482.70758056640625,1209.397705078125,447.9796600341797,37.016845703125,69.45584106445312
IMG_0030.mp4,2473,82.51584918251585,29.97,615,1,traffic_lights,0.8544766902923584,1008.60107421875,651.8815307617188,1034.0771484375,716.9180908203125,1021.339111328125,684.3998107910156,25.47607421875,65.03656005859375
IMG_0030.mp4,2473,82.51584918251585,29.97,589,2,traffic_signs,0.9156126976013184,932.35888671875,637.2264404296875,990.3666381835938,728.7424926757812,961.3627624511719,682.9844665527344,58.00775146484375,91.51605224609375
IMG_0030.mp4,2473,82.51584918251585,29.97,688,2,traffic_signs,0.5627385973930359,1255.16650390625,781.5105590820312,1262.012939453125,796.1688232421875,1258.5897216796875,788.8396911621094,6.846435546875,14.65826416015625
IMG_0030.mp4,2473,82.51584918251585,29.97,706,2,traffic_signs,0.6092170476913452,1716.643798828125,684.1712036132812,1800.6209716796875,755.8200073242188,1758.6323852539062,719.99560546875,83.9771728515625,71.6488037109375
IMG_0030.mp4,2474,82.54921588254922,29.97,542,2,traffic_signs,0.8308117985725403,1586.01708984375,650.1539916992188,1650.0604248046875,701.5203247070312,1618.0387573242188,675.837158203125,64.0433349609375,51.3663330078125
IMG_0030.mp4,2474,82.54921588254922,29.97,496,1,traffic_lights,0.8826067447662354,1190.998291015625,411.29571533203125,1228.0072021484375,481.3599548339844,1209.5027465820312,446.3278350830078,37.0089111328125,70.06423950195312
IMG_0030.mp4,2474,82.54921588254922,29.97,615,1,traffic_lights,0.8538172841072083,1007.7981567382812,652.1000366210938,1033.2720947265625,716.2794799804688,1020.5351257324219,684.1897583007812,25.47393798828125,64.179443359375
IMG_0030.mp4,2474,82.54921588254922,29.97,589,2,traffic_signs,0.9232065081596375,931.2034301757812,636.4609375,989.88525390625,728.3983154296875,960.5443420410156,682.4296264648438,58.68182373046875,91.9373779296875
IMG_0030.mp4,2474,82.54921588254922,29.97,688,2,traffic_signs,0.590940535068512,1255.3199462890625,781.5143432617188,1262.2806396484375,796.2866821289062,1258.80029296875,788.9005126953125,6.960693359375,14.7723388671875
IMG_0030.mp4,2474,82.54921588254922,29.97,706,2,traffic_signs,0.26067259907722473,1719.6268310546875,683.9052124023438,1803.6287841796875,755.7753295898438,1761.6278076171875,719.8402709960938,84.001953125,71.8701171875
IMG_0030.mp4,2475,82.58258258258259,29.97,542,2,traffic_signs,0.8591882586479187,1587.337158203125,650.07421875,1650.895263671875,700.7600708007812,1619.1162109375,675.4171447753906,63.55810546875,50.68585205078125
IMG_0030.mp4,2475,82.58258258258259,29.97,496,1,traffic_lights,0.8796640038490295,1191.4716796875,410.8358154296875,1228.3936767578125,480.7348937988281,1209.9326782226562,445.7853546142578,36.9219970703125,69.89907836914062
IMG_0030.mp4,2475,82.58258258258259,29.97,615,1,traffic_lights,0.859135627746582,1007.9891357421875,651.1859130859375,1033.6025390625,715.8890380859375,1020.7958374023438,683.5374755859375,25.6134033203125,64.703125
IMG_0030.mp4,2475,82.58258258258259,29.97,589,2,traffic_signs,0.9210649132728577,931.28173828125,636.3634643554688,989.876953125,728.5208129882812,960.579345703125,682.442138671875,58.59521484375,92.1573486328125
IMG_0030.mp4,2475,82.58258258258259,29.97,688,2,traffic_signs,0.6712925434112549,1255.6348876953125,781.67236328125,1262.57470703125,796.3850708007812,1259.1047973632812,789.0287170410156,6.9398193359375,14.71270751953125
IMG_0030.mp4,2475,82.58258258258259,29.97,706,2,traffic_signs,0.4177672564983368,1721.30029296875,683.5681762695312,1805.4219970703125,755.445556640625,1763.3611450195312,719.5068664550781,84.1217041015625,71.87738037109375
IMG_0030.mp4,2475,82.58258258258259,29.97,718,1,traffic_lights,0.5659646391868591,457.8215637207031,680.4428100585938,474.737060546875,708.47509765625,466.27931213378906,694.4589538574219,16.915496826171875,28.03228759765625
IMG_0030.mp4,2475,82.58258258258259,29.97,719,2,traffic_signs,0.5477424263954163,716.42529296875,725.104248046875,728.1312255859375,735.807861328125,722.2782592773438,730.4560546875,11.7059326171875,10.70361328125
IMG_0030.mp4,2476,82.61594928261596,29.97,542,2,traffic_signs,0.8277432918548584,1589.1746826171875,649.2606201171875,1653.308349609375,700.4993286132812,1621.2415161132812,674.8799743652344,64.1336669921875,51.23870849609375
IMG_0030.mp4,2476,82.61594928261596,29.97,496,1,traffic_lights,0.8791382312774658,1191.5328369140625,408.97576904296875,1228.8214111328125,478.99847412109375,1210.1771240234375,443.98712158203125,37.28857421875,70.022705078125
IMG_0030.mp4,2476,82.61594928261596,29.97,615,1,traffic_lights,0.8757504820823669,1007.1116333007812,650.441162109375,1032.833251953125,714.7520751953125,1019.9724426269531,682.5966186523438,25.72161865234375,64.3109130859375
IMG_0030.mp4,2476,82.61594928261596,29.97,589,2,traffic_signs,0.9313754439353943,929.9093627929688,635.4992065429688,989.0254516601562,728.09716796875,959.4674072265625,681.7981872558594,59.1160888671875,92.59796142578125
IMG_0030.mp4,2476,82.61594928261596,29.97,688,2,traffic_signs,0.6940813660621643,1255.5965576171875,781.6929931640625,1262.466064453125,796.45703125,1259.0313110351562,789.0750122070312,6.8695068359375,14.7640380859375
IMG_0030.mp4,2476,82.61594928261596,29.97,706,2,traffic_signs,0.6760234236717224,1723.6527099609375,682.3737182617188,1809.4825439453125,754.9618530273438,1766.567626953125,718.6677856445312,85.829833984375,72.588134765625
IMG_0030.mp4,2476,82.61594928261596,29.97,718,1,traffic_lights,0.4985504448413849,455.0633239746094,680.1019287109375,472.016357421875,708.1996459960938,463.5398406982422,694.1507873535156,16.953033447265625,28.09771728515625
IMG_0030.mp4,2476,82.61594928261596,29.97,719,2,traffic_signs,0.5123840570449829,714.5548706054688,724.9807739257812,727.0299072265625,735.7145385742188,720.7923889160156,730.34765625,12.47503662109375,10.7337646484375
IMG_0030.mp4,2477,82.64931598264931,29.97,542,2,traffic_signs,0.8106760382652283,1590.290283203125,648.2587280273438,1655.0538330078125,699.7971801757812,1622.6720581054688,674.0279541015625,64.7635498046875,51.5384521484375
IMG_0030.mp4,2477,82.64931598264931,29.97,496,1,traffic_lights,0.8694095015525818,1191.2100830078125,407.2881774902344,1228.5277099609375,477.372314453125,1209.868896484375,442.3302459716797,37.317626953125,70.08413696289062
IMG_0030.mp4,2477,82.64931598264931,29.97,615,1,traffic_lights,0.8204137682914734,1006.0797729492188,650.3721923828125,1031.8267822265625,714.1384887695312,1018.9532775878906,682.2553405761719,25.74700927734375,63.76629638671875
IMG_0030.mp4,2477,82.64931598264931,29.97,589,2,traffic_signs,0.9232270121574402,928.6637573242188,634.573974609375,987.3238525390625,727.1655883789062,957.9938049316406,680.8697814941406,58.66009521484375,92.59161376953125
IMG_0030.mp4,2477,82.64931598264931,29.97,688,2,traffic_signs,0.6727790236473083,1255.1358642578125,781.68896484375,1262.078125,796.5418701171875,1258.6069946289062,789.1154174804688,6.9422607421875,14.8529052734375
IMG_0030.mp4,2477,82.64931598264931,29.97,706,2,traffic_signs,0.7954309582710266,1725.62744140625,681.230712890625,1812.2298583984375,754.6747436523438,1768.9286499023438,717.9527282714844,86.6024169921875,73.44403076171875
IMG_0030.mp4,2478,82.68268268268268,29.97,542,2,traffic_signs,0.7850767374038696,1591.69677734375,647.7974243164062,1656.8182373046875,699.3989868164062,1624.2575073242188,673.5982055664062,65.1214599609375,51.6015625
IMG_0030.mp4,2478,82.68268268268268,29.97,496,1,traffic_lights,0.864638090133667,1191.4576416015625,406.385986328125,1228.980224609375,476.8683166503906,1210.2189331054688,441.6271514892578,37.5225830078125,70.48233032226562
IMG_0030.mp4,2478,82.68268268268268,29.97,615,1,traffic_lights,0.8226505517959595,1006.6213989257812,649.6123657226562,1031.9940185546875,713.7637329101562,1019.3077087402344,681.6880493164062,25.37261962890625,64.1513671875
IMG_0030.mp4,2478,82.68268268268268,29.97,589,2,traffic_signs,0.9097059965133667,928.8211059570312,634.3457641601562,986.9410400390625,725.6329956054688,957.8810729980469,679.9893798828125,58.11993408203125,91.2872314453125
IMG_0030.mp4,2478,82.68268268268268,29.97,688,2,traffic_signs,0.673014760017395,1255.3045654296875,781.9165649414062,1262.437744140625,796.6781005859375,1258.8711547851562,789.2973327636719,7.1331787109375,14.76153564453125
IMG_0030.mp4,2478,82.68268268268268,29.97,706,2,traffic_signs,0.8330209255218506,1727.443115234375,680.5512084960938,1814.4075927734375,754.6138305664062,1770.9253540039062,717.58251953125,86.9644775390625,74.0626220703125
IMG_0030.mp4,2478,82.68268268268268,29.97,720,2,traffic_signs,0.5379047989845276,714.3765258789062,725.1876831054688,726.9453125,736.1056518554688,720.6609191894531,730.6466674804688,12.56878662109375,10.91796875
IMG_0030.mp4,2479,82.71604938271605,29.97,542,2,traffic_signs,0.789466142654419,1592.9697265625,647.2188110351562,1658.1668701171875,699.5369262695312,1625.5682983398438,673.3778686523438,65.1971435546875,52.318115234375
IMG_0030.mp4,2479,82.71604938271605,29.97,496,1,traffic_lights,0.8641855716705322,1191.3863525390625,405.278564453125,1229.2569580078125,475.86822509765625,1210.3216552734375,440.5733947753906,37.87060546875,70.58966064453125
IMG_0030.mp4,2479,82.71604938271605,29.97,615,1,traffic_lights,0.5814845561981201,1006.9881591796875,649.1842041015625,1032.1434326171875,713.510986328125,1019.5657958984375,681.3475952148438,25.1552734375,64.3267822265625
IMG_0030.mp4,2479,82.71604938271605,29.97,589,2,traffic_signs,0.9102102518081665,928.948486328125,633.7369384765625,986.6939697265625,724.8135375976562,957.8212280273438,679.2752380371094,57.7454833984375,91.07659912109375
IMG_0030.mp4,2479,82.71604938271605,29.97,688,2,traffic_signs,0.6473993062973022,1255.4840087890625,781.8545532226562,1262.7672119140625,796.7515258789062,1259.1256103515625,789.3030395507812,7.283203125,14.89697265625
IMG_0030.mp4,2479,82.71604938271605,29.97,706,2,traffic_signs,0.4920337200164795,1728.843505859375,679.72802734375,1816.3685302734375,754.757568359375,1772.6060180664062,717.2427978515625,87.5250244140625,75.029541015625
IMG_0030.mp4,2479,82.71604938271605,29.97,720,2,traffic_signs,0.5498389005661011,714.68603515625,725.1551513671875,727.0140991210938,735.9132690429688,720.8500671386719,730.5342102050781,12.32806396484375,10.75811767578125
IMG_0030.mp4,2479,82.71604938271605,29.97,722,1,traffic_lights,0.5137578248977661,454.1903991699219,680.7326049804688,472.25079345703125,706.5101928710938,463.22059631347656,693.6213989257812,18.060394287109375,25.777587890625
IMG_0030.mp4,2480,82.74941608274942,29.97,542,2,traffic_signs,0.7932462692260742,1594.4122314453125,645.8318481445312,1659.70263671875,699.2755126953125,1627.0574340820312,672.5536804199219,65.2904052734375,53.44366455078125
IMG_0030.mp4,2480,82.74941608274942,29.97,496,1,traffic_lights,0.8729017972946167,1191.276123046875,403.9823303222656,1229.205810546875,474.7587890625,1210.240966796875,439.3705596923828,37.9296875,70.77645874023438
IMG_0030.mp4,2480,82.74941608274942,29.97,615,1,traffic_lights,0.8760988712310791,1006.7220458984375,648.7179565429688,1032.2991943359375,713.6893310546875,1019.5106201171875,681.2036437988281,25.5771484375,64.97137451171875
IMG_0030.mp4,2480,82.74941608274942,29.97,589,2,traffic_signs,0.9028707146644592,928.5509033203125,632.8848266601562,986.3801879882812,723.6898193359375,957.4655456542969,678.2873229980469,57.82928466796875,90.80499267578125
IMG_0030.mp4,2480,82.74941608274942,29.97,688,2,traffic_signs,0.6711349487304688,1255.5567626953125,781.722900390625,1262.911865234375,796.6775512695312,1259.2343139648438,789.2002258300781,7.3551025390625,14.95465087890625
IMG_0030.mp4,2480,82.74941608274942,29.97,706,2,traffic_signs,0.4707457423210144,1730.66455078125,678.7037963867188,1818.81494140625,754.470947265625,1774.73974609375,716.5873718261719,88.150390625,75.76715087890625
IMG_0030.mp4,2480,82.74941608274942,29.97,720,2,traffic_signs,0.5029664039611816,714.2975463867188,724.9302368164062,726.8123168945312,735.9425659179688,720.554931640625,730.4364013671875,12.5147705078125,11.0123291015625
IMG_0030.mp4,2481,82.78278278278279,29.97,542,2,traffic_signs,0.7555111050605774,1595.8258056640625,645.2197265625,1661.4437255859375,699.0581665039062,1628.634765625,672.1389465332031,65.617919921875,53.83843994140625
IMG_0030.mp4,2481,82.78278278278279,29.97,496,1,traffic_lights,0.8927191495895386,1191.7093505859375,403.64178466796875,1229.4366455078125,474.5062561035156,1210.572998046875,439.0740203857422,37.727294921875,70.86447143554688
IMG_0030.mp4,2481,82.78278278278279,29.97,615,1,traffic_lights,0.8717766404151917,1006.3030395507812,648.1046142578125,1032.095703125,713.47119140625,1019.1993713378906,680.7879028320312,25.79266357421875,65.3665771484375
IMG_0030.mp4,2481,82.78278278278279,29.97,589,2,traffic_signs,0.8309748768806458,927.9918212890625,631.8694458007812,986.2945556640625,722.77587890625,957.1431884765625,677.3226623535156,58.302734375,90.90643310546875
IMG_0030.mp4,2481,82.78278278278279,29.97,688,2,traffic_signs,0.6370292901992798,1255.498779296875,781.5406494140625,1262.9200439453125,796.7741088867188,1259.2094116210938,789.1573791503906,7.4212646484375,15.23345947265625
IMG_0030.mp4,2481,82.78278278278279,29.97,706,2,traffic_signs,0.5428316593170166,1732.6944580078125,678.0831298828125,1821.6802978515625,753.7174072265625,1777.1873779296875,715.9002685546875,88.98583984375,75.63427734375
IMG_0030.mp4,2481,82.78278278278279,29.97,720,2,traffic_signs,0.41785120964050293,713.9164428710938,724.7327880859375,726.4611206054688,735.7994995117188,720.1887817382812,730.2661437988281,12.544677734375,11.06671142578125
IMG_0030.mp4,2482,82.81614948281616,29.97,542,2,traffic_signs,0.7708890438079834,1597.9334716796875,644.767578125,1662.5130615234375,699.3342895507812,1630.2232666015625,672.0509338378906,64.57958984375,54.56671142578125
IMG_0030.mp4,2482,82.81614948281616,29.97,496,1,traffic_lights,0.880845308303833,1191.724609375,402.5658264160156,1229.742919921875,473.5925598144531,1210.7337646484375,438.0791931152344,38.018310546875,71.0267333984375
IMG_0030.mp4,2482,82.81614948281616,29.97,615,1,traffic_lights,0.8578502535820007,1005.7654418945312,647.7198486328125,1031.7408447265625,713.482421875,1018.7531433105469,680.6011352539062,25.97540283203125,65.7625732421875
IMG_0030.mp4,2482,82.81614948281616,29.97,589,2,traffic_signs,0.7213492393493652,927.3895263671875,631.0828857421875,986.3019409179688,721.5755004882812,956.8457336425781,676.3291931152344,58.91241455078125,90.49261474609375
IMG_0030.mp4,2482,82.81614948281616,29.97,688,2,traffic_signs,0.580924928188324,1255.5166015625,781.4050903320312,1262.939697265625,796.7105102539062,1259.2281494140625,789.0578002929688,7.423095703125,15.305419921875
IMG_0030.mp4,2482,82.81614948281616,29.97,706,2,traffic_signs,0.35186949372291565,1735.3179931640625,677.333740234375,1823.62158203125,752.6148071289062,1779.4697875976562,714.9742736816406,88.3035888671875,75.28106689453125
IMG_0030.mp4,2482,82.81614948281616,29.97,720,2,traffic_signs,0.285034716129303,713.8408813476562,724.505126953125,726.1007080078125,735.4371337890625,719.9707946777344,729.9711303710938,12.25982666015625,10.9320068359375
IMG_0030.mp4,2483,82.84951618284951,29.97,542,2,traffic_signs,0.7113298773765564,1598.7335205078125,644.0012817382812,1664.8096923828125,699.1336059570312,1631.7716064453125,671.5674438476562,66.076171875,55.13232421875
IMG_0030.mp4,2483,82.84951618284951,29.97,496,1,traffic_lights,0.8841622471809387,1191.6273193359375,401.1407470703125,1229.9586181640625,472.52093505859375,1210.79296875,436.8308410644531,38.331298828125,71.38018798828125
IMG_0030.mp4,2483,82.84951618284951,29.97,615,1,traffic_lights,0.8537554144859314,1005.4005126953125,647.493896484375,1031.3463134765625,713.5446166992188,1018.3734130859375,680.5192565917969,25.94580078125,66.05072021484375
IMG_0030.mp4,2483,82.84951618284951,29.97,589,2,traffic_signs,0.6581956744194031,927.0086669921875,630.665283203125,985.8992309570312,720.8028564453125,956.4539489746094,675.7340698242188,58.89056396484375,90.1375732421875
IMG_0030.mp4,2483,82.84951618284951,29.97,688,2,traffic_signs,0.5205653309822083,1255.7335205078125,781.2461547851562,1263.083251953125,796.6732788085938,1259.4083862304688,788.959716796875,7.3497314453125,15.4271240234375
IMG_0030.mp4,2483,82.84951618284951,29.97,720,2,traffic_signs,0.2855309545993805,714.103271484375,724.378662109375,726.00634765625,735.275146484375,720.0548095703125,729.826904296875,11.903076171875,10.896484375
IMG_0030.mp4,2484,82.88288288288288,29.97,542,2,traffic_signs,0.7359655499458313,1599.96337890625,643.068603515625,1666.882568359375,698.1205444335938,1633.4229736328125,670.5945739746094,66.919189453125,55.05194091796875
IMG_0030.mp4,2484,82.88288288288288,29.97,496,1,traffic_lights,0.8803045749664307,1191.726806640625,399.6771545410156,1230.15478515625,471.1742248535156,1210.9407958984375,435.4256896972656,38.427978515625,71.4970703125
IMG_0030.mp4,2484,82.88288288288288,29.97,615,1,traffic_lights,0.8504785895347595,1004.916259765625,646.8115234375,1030.9210205078125,713.2909545898438,1017.9186401367188,680.0512390136719,26.0047607421875,66.47943115234375
IMG_0030.mp4,2484,82.88288288288288,29.97,589,2,traffic_signs,0.5090499520301819,926.2830200195312,629.8029174804688,985.1588134765625,720.19287109375,955.7209167480469,674.9978942871094,58.87579345703125,90.38995361328125
IMG_0030.mp4,2484,82.88288288288288,29.97,688,2,traffic_signs,0.5369310975074768,1255.9156494140625,781.1144409179688,1263.1517333984375,796.35693359375,1259.53369140625,788.7356872558594,7.236083984375,15.24249267578125
IMG_0030.mp4,2484,82.88288288288288,29.97,720,2,traffic_signs,0.368411123752594,713.6911010742188,724.208251953125,725.5000610351562,735.3295288085938,719.5955810546875,729.7688903808594,11.8089599609375,11.12127685546875
IMG_0030.mp4,2485,82.91624958291625,29.97,542,2,traffic_signs,0.7268728017807007,1601.1270751953125,642.2374267578125,1668.4755859375,697.494140625,1634.8013305664062,669.8657836914062,67.3485107421875,55.2567138671875
IMG_0030.mp4,2485,82.91624958291625,29.97,496,1,traffic_lights,0.8759762644767761,1191.7469482421875,398.1562194824219,1230.4774169921875,469.42547607421875,1211.1121826171875,433.7908477783203,38.73046875,71.26925659179688
IMG_0030.mp4,2485,82.91624958291625,29.97,615,1,traffic_lights,0.861136257648468,1004.4840087890625,645.9285278320312,1030.562255859375,712.8192138671875,1017.5231323242188,679.3738708496094,26.0782470703125,66.89068603515625
IMG_0030.mp4,2485,82.91624958291625,29.97,589,2,traffic_signs,0.5223690867424011,924.9722290039062,630.3466186523438,984.5180053710938,719.7308349609375,954.7451171875,675.0387268066406,59.5457763671875,89.38421630859375
IMG_0030.mp4,2485,82.91624958291625,29.97,688,2,traffic_signs,0.5379704833030701,1256.0657958984375,780.9556274414062,1263.2547607421875,796.1112670898438,1259.6602783203125,788.533447265625,7.18896484375,15.1556396484375
IMG_0030.mp4,2485,82.91624958291625,29.97,720,2,traffic_signs,0.39452439546585083,713.6542358398438,723.9950561523438,725.2940063476562,735.1049194335938,719.47412109375,729.5499877929688,11.6397705078125,11.10986328125
IMG_0030.mp4,2485,82.91624958291625,29.97,728,2,traffic_signs,0.3531312048435211,1274.9205322265625,719.8255004882812,1289.4976806640625,758.85986328125,1282.2091064453125,739.3426818847656,14.5771484375,39.03436279296875
IMG_0030.mp4,2485,82.91624958291625,29.97,706,2,traffic_signs,0.6534213423728943,1740.0601806640625,674.5090942382812,1834.2662353515625,752.0468139648438,1787.1632080078125,713.2779541015625,94.2060546875,77.5377197265625
IMG_0030.mp4,2486,82.94961628294962,29.97,542,2,traffic_signs,0.7571447491645813,1603.4578857421875,641.208740234375,1670.820068359375,696.8064575195312,1637.1389770507812,669.0075988769531,67.3621826171875,55.59771728515625
IMG_0030.mp4,2486,82.94961628294962,29.97,496,1,traffic_lights,0.8778753280639648,1192.10107421875,396.3467712402344,1230.8160400390625,467.2754211425781,1211.4585571289062,431.81109619140625,38.7149658203125,70.92864990234375
IMG_0030.mp4,2486,82.94961628294962,29.97,615,1,traffic_lights,0.8636717796325684,1003.839111328125,645.2515258789062,1029.8404541015625,712.6078491210938,1016.8397827148438,678.9296875,26.0013427734375,67.3563232421875
IMG_0030.mp4,2486,82.94961628294962,29.97,589,2,traffic_signs,0.7273480296134949,923.9627075195312,630.1865844726562,983.5740966796875,719.2373046875,953.7684020996094,674.7119445800781,59.61138916015625,89.05072021484375
IMG_0030.mp4,2486,82.94961628294962,29.97,688,2,traffic_signs,0.4837653338909149,1256.2791748046875,781.1923217773438,1263.236083984375,795.8502197265625,1259.7576293945312,788.5212707519531,6.9569091796875,14.65789794921875
IMG_0030.mp4,2486,82.94961628294962,29.97,720,2,traffic_signs,0.4014776349067688,713.0430908203125,723.9011840820312,724.671142578125,735.0874633789062,718.8571166992188,729.4943237304688,11.6280517578125,11.186279296875
IMG_0030.mp4,2486,82.94961628294962,29.97,728,2,traffic_signs,0.30993837118148804,1275.255126953125,719.9434814453125,1289.6041259765625,758.732421875,1282.4296264648438,739.3379516601562,14.3489990234375,38.7889404296875
IMG_0030.mp4,2486,82.94961628294962,29.97,706,2,traffic_signs,0.6473618149757385,1742.8565673828125,673.2102661132812,1837.580810546875,751.185546875,1790.2186889648438,712.1979064941406,94.7242431640625,77.97528076171875
IMG_0030.mp4,2487,82.98298298298299,29.97,542,2,traffic_signs,0.7800968289375305,1605.138916015625,640.8180541992188,1672.38525390625,696.1162109375,1638.7620849609375,668.4671325683594,67.246337890625,55.29815673828125
IMG_0030.mp4,2487,82.98298298298299,29.97,496,1,traffic_lights,0.8800246715545654,1192.540283203125,395.0670471191406,1231.2069091796875,465.9096374511719,1211.8735961914062,430.48834228515625,38.6666259765625,70.84259033203125
IMG_0030.mp4,2487,82.98298298298299,29.97,615,1,traffic_lights,0.8715999126434326,1003.7440185546875,644.65478515625,1029.4693603515625,712.4805297851562,1016.606689453125,678.5676574707031,25.725341796875,67.82574462890625
IMG_0030.mp4,2487,82.98298298298299,29.97,589,2,traffic_signs,0.8769124150276184,923.5055541992188,629.8848266601562,983.2875366210938,719.2119750976562,953.3965454101562,674.5484008789062,59.781982421875,89.3271484375
IMG_0030.mp4,2487,82.98298298298299,29.97,688,2,traffic_signs,0.39853528141975403,1256.507080078125,781.2817993164062,1263.4708251953125,795.9629516601562,1259.9889526367188,788.6223754882812,6.9637451171875,14.68115234375
IMG_0030.mp4,2487,82.98298298298299,29.97,728,2,traffic_signs,0.31382542848587036,1275.8270263671875,720.2295532226562,1289.8531494140625,757.9381713867188,1282.840087890625,739.0838623046875,14.026123046875,37.7086181640625
IMG_0030.mp4,2488,83.01634968301636,29.97,542,2,traffic_signs,0.804951012134552,1606.487548828125,639.7802124023438,1674.1092529296875,695.8301391601562,1640.2984008789062,667.80517578125,67.6217041015625,56.0499267578125
IMG_0030.mp4,2488,83.01634968301636,29.97,496,1,traffic_lights,0.8842290639877319,1192.39404296875,393.1935729980469,1231.0457763671875,464.5124816894531,1211.7199096679688,428.85302734375,38.6517333984375,71.31890869140625
IMG_0030.mp4,2488,83.01634968301636,29.97,615,1,traffic_lights,0.8806191682815552,1003.16552734375,643.705078125,1028.9210205078125,712.2721557617188,1016.0432739257812,677.9886169433594,25.7554931640625,68.56707763671875
IMG_0030.mp4,2488,83.01634968301636,29.97,589,2,traffic_signs,0.9130324721336365,922.6199951171875,629.2640380859375,982.3239135742188,718.5997314453125,952.4719543457031,673.931884765625,59.70391845703125,89.335693359375
IMG_0030.mp4,2488,83.01634968301636,29.97,728,2,traffic_signs,0.3208712935447693,1275.7796630859375,720.0166625976562,1289.9298095703125,757.2946166992188,1282.854736328125,738.6556396484375,14.150146484375,37.2779541015625
IMG_0030.mp4,2489,83.04971638304971,29.97,542,2,traffic_signs,0.8053348660469055,1608.1883544921875,638.981689453125,1675.38330078125,695.349853515625,1641.7858276367188,667.165771484375,67.1949462890625,56.3681640625
IMG_0030.mp4,2489,83.04971638304971,29.97,496,1,traffic_lights,0.516982913017273,1192.3089599609375,391.6568908691406,1230.8294677734375,463.1750793457031,1211.5692138671875,427.4159851074219,38.5205078125,71.5181884765625
IMG_0030.mp4,2489,83.04971638304971,29.97,615,1,traffic_lights,0.8825164437294006,1002.745849609375,642.943603515625,1028.5098876953125,712.1875,1015.6278686523438,677.5655517578125,25.7640380859375,69.243896484375
IMG_0030.mp4,2489,83.04971638304971,29.97,589,2,traffic_signs,0.8465723991394043,922.0003051757812,628.738525390625,981.1859741210938,718.3351440429688,951.5931396484375,673.5368347167969,59.1856689453125,89.59661865234375
IMG_0030.mp4,2489,83.04971638304971,29.97,728,2,traffic_signs,0.42778241634368896,1275.4937744140625,719.8068237304688,1289.9423828125,757.0681762695312,1282.7180786132812,738.4375,14.4486083984375,37.2613525390625
IMG_0030.mp4,2489,83.04971638304971,29.97,712,2,traffic_signs,0.4163907766342163,921.784912109375,626.9332885742188,979.3901977539062,718.1742553710938,950.5875549316406,672.5537719726562,57.60528564453125,91.240966796875
IMG_0030.mp4,2490,83.08308308308308,29.97,542,2,traffic_signs,0.6362367868423462,1609.961181640625,638.4081420898438,1676.8165283203125,694.5773315429688,1643.3888549804688,666.4927368164062,66.8553466796875,56.169189453125
IMG_0030.mp4,2490,83.08308308308308,29.97,496,1,traffic_lights,0.5689591765403748,1193.4840087890625,391.28558349609375,1230.5460205078125,462.0252990722656,1212.0150146484375,426.6554412841797,37.06201171875,70.73971557617188
IMG_0030.mp4,2490,83.08308308308308,29.97,615,1,traffic_lights,0.884932816028595,1002.306640625,642.4138793945312,1027.9552001953125,712.1220092773438,1015.1309204101562,677.2679443359375,25.6485595703125,69.7081298828125
IMG_0030.mp4,2490,83.08308308308308,29.97,589,2,traffic_signs,0.4456462562084198,921.2125854492188,627.9086303710938,980.383056640625,718.3323974609375,950.7978210449219,673.1205139160156,59.17047119140625,90.42376708984375
IMG_0030.mp4,2490,83.08308308308308,29.97,728,2,traffic_signs,0.3698073625564575,1275.369384765625,719.99609375,1289.9403076171875,756.9675903320312,1282.6548461914062,738.4818420410156,14.5709228515625,36.97149658203125
IMG_0030.mp4,2490,83.08308308308308,29.97,712,2,traffic_signs,0.7905972599983215,921.1242065429688,625.5440063476562,979.1499633789062,718.12646484375,950.1370849609375,671.8352355957031,58.0257568359375,92.58245849609375
IMG_0030.mp4,2491,83.11644978311645,29.97,542,2,traffic_signs,0.7200465798377991,1611.4766845703125,637.7854614257812,1678.56494140625,694.0864868164062,1645.0208129882812,665.9359741210938,67.0882568359375,56.301025390625
IMG_0030.mp4,2491,83.11644978311645,29.97,496,1,traffic_lights,0.8269125819206238,1192.819580078125,390.0996398925781,1230.903076171875,461.1117248535156,1211.861328125,425.6056823730469,38.08349609375,71.0120849609375
IMG_0030.mp4,2491,83.11644978311645,29.97,615,1,traffic_lights,0.8814103603363037,1001.6976318359375,641.919677734375,1027.4322509765625,712.1959838867188,1014.56494140625,677.0578308105469,25.734619140625,70.27630615234375
IMG_0030.mp4,2491,83.11644978311645,29.97,728,2,traffic_signs,0.27412834763526917,1275.259033203125,720.1312866210938,1289.8983154296875,756.7452392578125,1282.5786743164062,738.4382629394531,14.6392822265625,36.61395263671875
IMG_0030.mp4,2492,83.14981648314982,29.97,542,2,traffic_signs,0.7039646506309509,1613.3349609375,636.8633422851562,1680.6961669921875,694.27001953125,1647.0155639648438,665.5666809082031,67.3612060546875,57.40667724609375
IMG_0030.mp4,2492,83.14981648314982,29.97,496,1,traffic_lights,0.8701622486114502,1192.591796875,388.2934875488281,1231.0308837890625,460.37945556640625,1211.8113403320312,424.3364715576172,38.4390869140625,72.08596801757812
IMG_0030.mp4,2492,83.14981648314982,29.97,615,1,traffic_lights,0.8864544630050659,1000.73974609375,641.1740112304688,1026.9342041015625,712.2439575195312,1013.8369750976562,676.708984375,26.1944580078125,71.0699462890625
IMG_0030.mp4,2492,83.14981648314982,29.97,728,2,traffic_signs,0.32686665654182434,1275.30517578125,720.2533569335938,1290.0458984375,756.7164916992188,1282.675537109375,738.4849243164062,14.74072265625,36.463134765625
IMG_0030.mp4,2492,83.14981648314982,29.97,589,2,traffic_signs,0.9097341895103455,919.5294799804688,625.376708984375,978.5728759765625,716.8853759765625,949.0511779785156,671.1310424804688,59.04339599609375,91.5086669921875
IMG_0030.mp4,2493,83.18318318318319,29.97,542,2,traffic_signs,0.7599498629570007,1614.81494140625,636.313232421875,1682.9189453125,692.880615234375,1648.866943359375,664.596923828125,68.10400390625,56.5673828125
IMG_0030.mp4,2493,83.18318318318319,29.97,496,1,traffic_lights,0.830198347568512,1192.4583740234375,386.79632568359375,1231.3306884765625,459.51287841796875,1211.89453125,423.15460205078125,38.872314453125,72.716552734375
IMG_0030.mp4,2493,83.18318318318319,29.97,615,1,traffic_lights,0.892809271812439,1000.2136840820312,640.2945556640625,1026.506103515625,711.73974609375,1013.3598937988281,676.0171508789062,26.29241943359375,71.4451904296875
IMG_0030.mp4,2493,83.18318318318319,29.97,728,2,traffic_signs,0.33054590225219727,1275.3582763671875,720.1395874023438,1290.2347412109375,756.5733032226562,1282.7965087890625,738.3564453125,14.87646484375,36.4337158203125
IMG_0030.mp4,2493,83.18318318318319,29.97,589,2,traffic_signs,0.9234797954559326,918.3194580078125,624.4853515625,977.8548583984375,716.3862915039062,948.087158203125,670.4358215332031,59.535400390625,91.90093994140625
IMG_0030.mp4,2494,83.21654988321656,29.97,542,2,traffic_signs,0.7148845195770264,1616.47265625,635.3917846679688,1684.2801513671875,692.2116088867188,1650.3764038085938,663.8016967773438,67.8074951171875,56.81982421875
IMG_0030.mp4,2494,83.21654988321656,29.97,496,1,traffic_lights,0.7436037063598633,1192.42236328125,385.1150207519531,1231.5877685546875,458.2945861816406,1212.0050659179688,421.7048034667969,39.1654052734375,73.1795654296875
IMG_0030.mp4,2494,83.21654988321656,29.97,615,1,traffic_lights,0.8958982229232788,999.337890625,639.6627807617188,1026.1334228515625,711.2792358398438,1012.7356567382812,675.4710083007812,26.7955322265625,71.616455078125
IMG_0030.mp4,2494,83.21654988321656,29.97,728,2,traffic_signs,0.33331045508384705,1275.341552734375,720.0958251953125,1290.3138427734375,756.1085815429688,1282.8276977539062,738.1022033691406,14.9722900390625,36.01275634765625
IMG_0030.mp4,2494,83.21654988321656,29.97,589,2,traffic_signs,0.9226927757263184,917.0458984375,623.66650390625,976.725830078125,716.3748779296875,946.8858642578125,670.0206909179688,59.679931640625,92.7083740234375
IMG_0030.mp4,2495,83.24991658324991,29.97,542,2,traffic_signs,0.45457860827445984,1619.8739013671875,634.11376953125,1685.2359619140625,691.3117065429688,1652.554931640625,662.7127380371094,65.362060546875,57.19793701171875
IMG_0030.mp4,2495,83.24991658324991,29.97,496,1,traffic_lights,0.5896099805831909,1193.357421875,383.86444091796875,1231.425048828125,456.5759582519531,1212.3912353515625,420.22019958496094,38.067626953125,72.71151733398438
IMG_0030.mp4,2495,83.24991658324991,29.97,615,1,traffic_lights,0.8961907625198364,998.70703125,639.0194702148438,1025.7899169921875,711.5208740234375,1012.2484741210938,675.2701721191406,27.0828857421875,72.50140380859375
IMG_0030.mp4,2495,83.24991658324991,29.97,589,2,traffic_signs,0.9223496913909912,916.4235229492188,623.0518188476562,975.9783935546875,716.1500854492188,946.2009582519531,669.6009521484375,59.55487060546875,93.0982666015625
IMG_0030.mp4,2496,83.28328328328328,29.97,542,2,traffic_signs,0.6388170123100281,1621.248046875,633.0457153320312,1686.790283203125,690.3104248046875,1654.0191650390625,661.6780700683594,65.542236328125,57.26470947265625
IMG_0030.mp4,2496,83.28328328328328,29.97,496,1,traffic_lights,0.896086573600769,1194.0791015625,382.4943542480469,1231.371337890625,454.8722839355469,1212.7252197265625,418.6833190917969,37.292236328125,72.3779296875
IMG_0030.mp4,2496,83.28328328328328,29.97,615,1,traffic_lights,0.8950820565223694,998.136962890625,637.482666015625,1025.4566650390625,710.8401489257812,1011.7968139648438,674.1614074707031,27.3197021484375,73.35748291015625
IMG_0030.mp4,2496,83.28328328328328,29.97,589,2,traffic_signs,0.9237460494041443,915.5131225585938,622.3897094726562,975.1168823242188,715.3638916015625,945.3150024414062,668.8768005371094,59.603759765625,92.97418212890625
IMG_0030.mp4,2497,83.31664998331665,29.97,542,2,traffic_signs,0.6434929966926575,1622.177001953125,632.0723876953125,1688.7916259765625,689.6810913085938,1655.4843139648438,660.8767395019531,66.6146240234375,57.60870361328125
IMG_0030.mp4,2497,83.31664998331665,29.97,496,1,traffic_lights,0.8811361193656921,1194.10693359375,380.7588195800781,1231.430419921875,453.35333251953125,1212.7686767578125,417.0560760498047,37.323486328125,72.59451293945312
IMG_0030.mp4,2497,83.31664998331665,29.97,615,1,traffic_lights,0.8863133788108826,997.6387329101562,636.6947631835938,1024.9530029296875,709.9857788085938,1011.2958679199219,673.3402709960938,27.31427001953125,73.291015625
IMG_0030.mp4,2497,83.31664998331665,29.97,589,2,traffic_signs,0.9275507926940918,914.6025390625,621.7096557617188,973.9353637695312,714.7153930664062,944.2689514160156,668.2125244140625,59.33282470703125,93.0057373046875
IMG_0030.mp4,2497,83.31664998331665,29.97,728,2,traffic_signs,0.28347861766815186,1275.6773681640625,720.3112182617188,1289.9393310546875,754.57666015625,1282.808349609375,737.4439392089844,14.261962890625,34.26544189453125
IMG_0030.mp4,2498,83.35001668335002,29.97,542,2,traffic_signs,0.5422348976135254,1623.4757080078125,631.1266479492188,1690.556396484375,688.6243286132812,1657.0160522460938,659.87548828125,67.0806884765625,57.4976806640625
IMG_0030.mp4,2498,83.35001668335002,29.97,496,1,traffic_lights,0.8851443529129028,1193.962646484375,379.5685729980469,1231.6337890625,452.25030517578125,1212.7982177734375,415.90943908691406,37.671142578125,72.68173217773438
IMG_0030.mp4,2498,83.35001668335002,29.97,615,1,traffic_lights,0.8812921047210693,997.2575073242188,636.0336303710938,1024.8035888671875,708.9602661132812,1011.0305480957031,672.4969482421875,27.54608154296875,72.9266357421875
IMG_0030.mp4,2498,83.35001668335002,29.97,589,2,traffic_signs,0.9284346699714661,913.7415771484375,620.9539184570312,973.3494873046875,714.1746215820312,943.5455322265625,667.5642700195312,59.60791015625,93.220703125
IMG_0030.mp4,2499,83.38338338338339,29.97,542,2,traffic_signs,0.7054595351219177,1625.5614013671875,631.3599243164062,1693.0513916015625,688.2987060546875,1659.306396484375,659.8293151855469,67.489990234375,56.93878173828125
IMG_0030.mp4,2499,83.38338338338339,29.97,496,1,traffic_lights,0.8825169801712036,1193.963623046875,377.8651123046875,1232.2935791015625,450.9481506347656,1213.1286010742188,414.40663146972656,38.3299560546875,73.08303833007812
IMG_0030.mp4,2499,83.38338338338339,29.97,615,1,traffic_lights,0.8769447803497314,997.0621948242188,634.9716796875,1024.4853515625,707.9017333984375,1010.7737731933594,671.4367065429688,27.42315673828125,72.9300537109375
IMG_0030.mp4,2499,83.38338338338339,29.97,589,2,traffic_signs,0.9291506409645081,912.7672729492188,620.1296997070312,973.100341796875,713.642578125,942.9338073730469,666.8861389160156,60.33306884765625,93.51287841796875
IMG_0030.mp4,2500,83.41675008341676,29.97,542,2,traffic_signs,0.6140912175178528,1626.5384521484375,630.595703125,1695.4453125,687.59130859375,1660.9918823242188,659.093505859375,68.9068603515625,56.99560546875
IMG_0030.mp4,2500,83.41675008341676,29.97,496,1,traffic_lights,0.9108219146728516,1193.8292236328125,376.697265625,1232.69873046875,450.3913879394531,1213.2639770507812,413.54432678222656,38.8695068359375,73.69412231445312
IMG_0030.mp4,2500,83.41675008341676,29.97,615,1,traffic_lights,0.8808749318122864,996.5977783203125,634.2212524414062,1024.2801513671875,707.29345703125,1010.43896484375,670.7573547363281,27.682373046875,73.07220458984375
IMG_0030.mp4,2500,83.41675008341676,29.97,589,2,traffic_signs,0.9310605525970459,911.9571533203125,619.2474365234375,972.9422607421875,713.0049438476562,942.44970703125,666.1261901855469,60.985107421875,93.75750732421875
IMG_0030.mp4,2500,83.41675008341676,29.97,720,2,traffic_signs,0.6083425283432007,709.5252685546875,723.8287353515625,720.2366333007812,734.5873413085938,714.8809509277344,729.2080383300781,10.71136474609375,10.75860595703125
IMG_0030.mp4,2501,83.45011678345011,29.97,542,2,traffic_signs,0.5615288019180298,1627.611328125,630.0097045898438,1697.3756103515625,686.0347290039062,1662.4934692382812,658.022216796875,69.7642822265625,56.0250244140625
IMG_0030.mp4,2501,83.45011678345011,29.97,496,1,traffic_lights,0.9182069301605225,1193.8109130859375,375.394287109375,1232.9119873046875,449.3070983886719,1213.3614501953125,412.35069274902344,39.10107421875,73.91281127929688
IMG_0030.mp4,2501,83.45011678345011,29.97,615,1,traffic_lights,0.8826857805252075,996.2548217773438,633.7821655273438,1024.0643310546875,706.1009521484375,1010.1595764160156,669.9415588378906,27.80950927734375,72.31878662109375
IMG_0030.mp4,2501,83.45011678345011,29.97,589,2,traffic_signs,0.9329806566238403,911.576416015625,618.5042724609375,972.6838989257812,712.5768432617188,942.1301574707031,665.5405578613281,61.10748291015625,94.07257080078125
IMG_0030.mp4,2501,83.45011678345011,29.97,720,2,traffic_signs,0.2602919638156891,709.6207275390625,723.6077880859375,719.7293090820312,733.8284912109375,714.6750183105469,728.7181396484375,10.10858154296875,10.220703125
IMG_0030.mp4,2502,83.48348348348348,29.97,542,2,traffic_signs,0.6536750793457031,1628.8612060546875,629.0137939453125,1699.30908203125,684.71630859375,1664.0851440429688,656.8650512695312,70.4478759765625,55.7025146484375
IMG_0030.mp4,2502,83.48348348348348,29.97,496,1,traffic_lights,0.9146003127098083,1194.000732421875,374.29400634765625,1232.92724609375,448.0887145996094,1213.4639892578125,411.1913604736328,38.926513671875,73.79470825195312
IMG_0030.mp4,2502,83.48348348348348,29.97,615,1,traffic_lights,0.8847661018371582,996.013427734375,633.1800537109375,1023.8009643554688,705.0550537109375,1009.9071960449219,669.1175537109375,27.78753662109375,71.875
IMG_0030.mp4,2502,83.48348348348348,29.97,589,2,traffic_signs,0.9368124008178711,911.0556640625,617.895751953125,971.8656616210938,712.4606323242188,941.4606628417969,665.1781921386719,60.80999755859375,94.56488037109375
IMG_0030.mp4,2503,83.51685018351685,29.97,542,2,traffic_signs,0.6595533490180969,1630.6767578125,627.831298828125,1701.177490234375,683.4303588867188,1665.9271240234375,655.6308288574219,70.500732421875,55.59906005859375
IMG_0030.mp4,2503,83.51685018351685,29.97,496,1,traffic_lights,0.9138851761817932,1194.0960693359375,373.30682373046875,1233.0712890625,446.814208984375,1213.5836791992188,410.0605163574219,38.9752197265625,73.50738525390625
IMG_0030.mp4,2503,83.51685018351685,29.97,615,1,traffic_lights,0.8888198733329773,995.6461791992188,632.3118286132812,1023.67236328125,704.5138549804688,1009.6592712402344,668.412841796875,28.02618408203125,72.2020263671875
IMG_0030.mp4,2503,83.51685018351685,29.97,589,2,traffic_signs,0.9385214447975159,910.4934692382812,617.1289672851562,971.133056640625,712.346435546875,940.8132629394531,664.7377014160156,60.63958740234375,95.21746826171875
IMG_0030.mp4,2503,83.51685018351685,29.97,720,2,traffic_signs,0.5946213603019714,707.614013671875,723.5518798828125,718.6064453125,733.1690673828125,713.1102294921875,728.3604736328125,10.992431640625,9.6171875
IMG_0030.mp4,2504,83.55021688355022,29.97,542,2,traffic_signs,0.43646201491355896,1632.252197265625,627.0453491210938,1702.5556640625,682.5732421875,1667.4039306640625,654.8092956542969,70.303466796875,55.52789306640625
IMG_0030.mp4,2504,83.55021688355022,29.97,496,1,traffic_lights,0.9128499627113342,1194.5792236328125,372.0145263671875,1233.38232421875,445.6468811035156,1213.9807739257812,408.83070373535156,38.8031005859375,73.63235473632812
IMG_0030.mp4,2504,83.55021688355022,29.97,615,1,traffic_lights,0.8940492272377014,995.4547729492188,631.9136352539062,1023.5869140625,703.179931640625,1009.5208435058594,667.5467834472656,28.13214111328125,71.26629638671875
IMG_0030.mp4,2504,83.55021688355022,29.97,589,2,traffic_signs,0.9402589797973633,910.1287231445312,616.5338745117188,970.8388671875,711.7373657226562,940.4837951660156,664.1356201171875,60.71014404296875,95.2034912109375
IMG_0030.mp4,2505,83.58358358358359,29.97,542,2,traffic_signs,0.6709744930267334,1633.939697265625,626.4317016601562,1704.1383056640625,682.0059204101562,1669.0390014648438,654.2188110351562,70.1986083984375,55.57421875
IMG_0030.mp4,2505,83.58358358358359,29.97,496,1,traffic_lights,0.9125609397888184,1194.7041015625,370.9577331542969,1233.3988037109375,444.3154296875,1214.0514526367188,407.63658142089844,38.6947021484375,73.35769653320312
IMG_0030.mp4,2505,83.58358358358359,29.97,615,1,traffic_lights,0.9072803258895874,994.7665405273438,631.5740966796875,1022.97705078125,702.3518676757812,1008.8717956542969,666.9629821777344,28.21051025390625,70.77777099609375
IMG_0030.mp4,2505,83.58358358358359,29.97,589,2,traffic_signs,0.9385552406311035,908.9392700195312,615.8004150390625,969.7100830078125,710.98681640625,939.3246765136719,663.3936157226562,60.77081298828125,95.1864013671875
IMG_0030.mp4,2506,83.61695028361696,29.97,542,2,traffic_signs,0.7112648487091064,1635.2825927734375,625.8164672851562,1705.6612548828125,681.3179321289062,1670.471923828125,653.5671997070312,70.378662109375,55.50146484375
IMG_0030.mp4,2506,83.61695028361696,29.97,496,1,traffic_lights,0.9152446389198303,1194.948974609375,369.854736328125,1233.47607421875,442.80987548828125,1214.2125244140625,406.3323059082031,38.527099609375,72.95513916015625
IMG_0030.mp4,2506,83.61695028361696,29.97,615,1,traffic_lights,0.8870275616645813,994.1610107421875,631.3211669921875,1022.4146728515625,701.5125732421875,1008.287841796875,666.4168701171875,28.253662109375,70.19140625
IMG_0030.mp4,2506,83.61695028361696,29.97,589,2,traffic_signs,0.9364815950393677,908.120361328125,615.0965576171875,968.8174438476562,710.2979736328125,938.4689025878906,662.697265625,60.69708251953125,95.201416015625
IMG_0030.mp4,2507,83.65031698365031,29.97,542,2,traffic_signs,0.721362292766571,1637.2508544921875,625.2734375,1707.1414794921875,680.5516967773438,1672.1961669921875,652.9125671386719,69.890625,55.27825927734375
IMG_0030.mp4,2507,83.65031698365031,29.97,496,1,traffic_lights,0.9202773571014404,1194.864501953125,368.27081298828125,1233.467041015625,441.5387878417969,1214.165771484375,404.90480041503906,38.6025390625,73.26797485351562
IMG_0030.mp4,2507,83.65031698365031,29.97,615,1,traffic_lights,0.857903242111206,993.5576782226562,630.48095703125,1022.0006713867188,700.702880859375,1007.7791748046875,665.5919189453125,28.4429931640625,70.221923828125
IMG_0030.mp4,2507,83.65031698365031,29.97,589,2,traffic_signs,0.9348044395446777,907.3812866210938,614.3345336914062,967.8424682617188,709.8809204101562,937.6118774414062,662.1077270507812,60.461181640625,95.54638671875
IMG_0030.mp4,2508,83.68368368368368,29.97,542,2,traffic_signs,0.7439301013946533,1639.304443359375,624.3426513671875,1708.9007568359375,679.6821899414062,1674.1026000976562,652.0124206542969,69.5963134765625,55.33953857421875
IMG_0030.mp4,2508,83.68368368368368,29.97,496,1,traffic_lights,0.9180540442466736,1194.674072265625,366.8662414550781,1233.5693359375,440.447265625,1214.1217041015625,403.65675354003906,38.895263671875,73.58102416992188
IMG_0030.mp4,2508,83.68368368368368,29.97,615,1,traffic_lights,0.8971008658409119,993.1012573242188,630.067626953125,1021.54638671875,700.042236328125,1007.3238220214844,665.054931640625,28.44512939453125,69.974609375
IMG_0030.mp4,2508,83.68368368368368,29.97,589,2,traffic_signs,0.9367347955703735,906.208984375,613.5179443359375,967.2972412109375,709.5263061523438,936.7531127929688,661.5221252441406,61.0882568359375,96.00836181640625
IMG_0030.mp4,2509,83.71705038371705,29.97,542,2,traffic_signs,0.8232444524765015,1641.239990234375,623.691162109375,1710.4268798828125,678.7886352539062,1675.8334350585938,651.2398986816406,69.1868896484375,55.09747314453125
IMG_0030.mp4,2509,83.71705038371705,29.97,496,1,traffic_lights,0.8875649571418762,1194.41845703125,364.9345397949219,1233.650390625,439.1561584472656,1214.034423828125,402.04534912109375,39.23193359375,74.22161865234375
IMG_0030.mp4,2509,83.71705038371705,29.97,615,1,traffic_lights,0.8927074670791626,992.5995483398438,629.7564086914062,1021.0134887695312,699.575927734375,1006.8065185546875,664.6661682128906,28.4139404296875,69.81951904296875
IMG_0030.mp4,2509,83.71705038371705,29.97,589,2,traffic_signs,0.9385111927986145,905.3660278320312,612.72705078125,966.9038696289062,708.4109497070312,936.1349487304688,660.5690002441406,61.537841796875,95.68389892578125
IMG_0030.mp4,2510,83.75041708375042,29.97,542,2,traffic_signs,0.6111487746238708,1644.11181640625,622.318603515625,1712.814453125,678.6910400390625,1678.463134765625,650.5048217773438,68.70263671875,56.3724365234375
IMG_0030.mp4,2510,83.75041708375042,29.97,496,1,traffic_lights,0.9134050607681274,1194.3228759765625,363.2436218261719,1233.6397705078125,438.032958984375,1213.9813232421875,400.63829040527344,39.31689453125,74.78933715820312
IMG_0030.mp4,2510,83.75041708375042,29.97,615,1,traffic_lights,0.890197217464447,992.0028686523438,628.7948608398438,1020.175048828125,699.1735229492188,1006.0889587402344,663.9841918945312,28.17218017578125,70.378662109375
IMG_0030.mp4,2510,83.75041708375042,29.97,589,2,traffic_signs,0.9397727251052856,904.3409423828125,611.6027221679688,966.1254272460938,707.9761962890625,935.2331848144531,659.7894592285156,61.78448486328125,96.37347412109375
IMG_0030.mp4,2510,83.75041708375042,29.97,737,1,traffic_lights,0.5806643962860107,435.5818786621094,678.9260864257812,452.2232971191406,701.3108520507812,443.902587890625,690.1184692382812,16.64141845703125,22.384765625
IMG_0030.mp4,2511,83.78378378378379,29.97,542,2,traffic_signs,0.6205270290374756,1645.5274658203125,621.4932861328125,1714.431884765625,677.4733276367188,1679.9796752929688,649.4833068847656,68.9044189453125,55.98004150390625
IMG_0030.mp4,2511,83.78378378378379,29.97,496,1,traffic_lights,0.9196234345436096,1194.33251953125,362.3717956542969,1234.174072265625,436.94830322265625,1214.2532958984375,399.66004943847656,39.841552734375,74.57650756835938
IMG_0030.mp4,2511,83.78378378378379,29.97,615,1,traffic_lights,0.8905380964279175,992.1927490234375,627.79150390625,1020.2146606445312,698.743896484375,1006.2037048339844,663.2677001953125,28.02191162109375,70.952392578125
IMG_0030.mp4,2511,83.78378378378379,29.97,589,2,traffic_signs,0.9402558207511902,904.0518188476562,611.2378540039062,966.1533203125,707.6951293945312,935.1025695800781,659.4664916992188,62.10150146484375,96.457275390625
IMG_0030.mp4,2511,83.78378378378379,29.97,737,1,traffic_lights,0.49372395873069763,435.2929992675781,679.0602416992188,451.9913330078125,700.4576416015625,443.6421661376953,689.7589416503906,16.698333740234375,21.39739990234375
IMG_0030.mp4,2512,83.81715048381716,29.97,542,2,traffic_signs,0.4923080503940582,1646.1383056640625,620.3389282226562,1716.24853515625,677.0765991210938,1681.1934204101562,648.707763671875,70.1102294921875,56.7376708984375
IMG_0030.mp4,2512,83.81715048381716,29.97,496,1,traffic_lights,0.9182432293891907,1194.5252685546875,361.55560302734375,1234.4599609375,436.04595947265625,1214.4926147460938,398.80078125,39.9346923828125,74.4903564453125
IMG_0030.mp4,2512,83.81715048381716,29.97,615,1,traffic_lights,0.8841742873191833,992.4551391601562,627.0316162109375,1020.2066650390625,698.6590576171875,1006.3309020996094,662.8453369140625,27.75152587890625,71.62744140625
IMG_0030.mp4,2512,83.81715048381716,29.97,589,2,traffic_signs,0.9409518241882324,903.7926635742188,610.9083251953125,965.8575439453125,707.0668334960938,934.8251037597656,658.9875793457031,62.06488037109375,96.15850830078125
IMG_0030.mp4,2512,83.81715048381716,29.97,737,1,traffic_lights,0.2581721544265747,435.3573303222656,679.290283203125,452.040771484375,700.4906616210938,443.6990509033203,689.8904724121094,16.683441162109375,21.20037841796875
IMG_0030.mp4,2513,83.85051718385051,29.97,542,2,traffic_signs,0.552091658115387,1647.14990234375,619.5973510742188,1717.369873046875,676.7335205078125,1682.2598876953125,648.1654357910156,70.219970703125,57.13616943359375
IMG_0030.mp4,2513,83.85051718385051,29.97,496,1,traffic_lights,0.9152965545654297,1194.456298828125,360.2960205078125,1234.4593505859375,435.0830078125,1214.4578247070312,397.68951416015625,40.0030517578125,74.7869873046875
IMG_0030.mp4,2513,83.85051718385051,29.97,615,1,traffic_lights,0.8783285617828369,992.1762084960938,625.9876098632812,1019.7412109375,698.2286376953125,1005.9587097167969,662.1081237792969,27.56500244140625,72.24102783203125
IMG_0030.mp4,2513,83.85051718385051,29.97,589,2,traffic_signs,0.9423115253448486,903.1845092773438,610.4544067382812,965.2251586914062,706.364990234375,934.204833984375,658.4096984863281,62.0406494140625,95.91058349609375
IMG_0030.mp4,2513,83.85051718385051,29.97,737,1,traffic_lights,0.27253636717796326,434.6109619140625,678.6475219726562,451.32720947265625,698.9602661132812,442.9690856933594,688.8038940429688,16.71624755859375,20.312744140625
IMG_0030.mp4,2514,83.88388388388388,29.97,542,2,traffic_signs,0.449623167514801,1648.32470703125,619.5164184570312,1718.8880615234375,675.890625,1683.6063842773438,647.7035217285156,70.5633544921875,56.37420654296875
IMG_0030.mp4,2514,83.88388388388388,29.97,496,1,traffic_lights,0.9170863628387451,1194.6051025390625,359.5372619628906,1234.5032958984375,434.0394287109375,1214.55419921875,396.78834533691406,39.898193359375,74.50216674804688
IMG_0030.mp4,2514,83.88388388388388,29.97,615,1,traffic_lights,0.8790772557258606,992.0162353515625,624.7283325195312,1019.5640869140625,697.7762451171875,1005.7901611328125,661.2522888183594,27.5478515625,73.04791259765625
IMG_0030.mp4,2514,83.88388388388388,29.97,589,2,traffic_signs,0.9454691410064697,902.69384765625,609.8803100585938,964.6009521484375,705.6657104492188,933.6473999023438,657.7730102539062,61.9071044921875,95.785400390625
IMG_0030.mp4,2514,83.88388388388388,29.97,737,1,traffic_lights,0.375375896692276,434.0465393066406,678.9812622070312,450.9716796875,698.1239624023438,442.5091094970703,688.5526123046875,16.925140380859375,19.1427001953125
IMG_0030.mp4,2515,83.91725058391725,29.97,542,2,traffic_signs,0.5280908942222595,1649.782470703125,618.4956665039062,1720.0867919921875,674.8765869140625,1684.9346313476562,646.6861267089844,70.3043212890625,56.38092041015625
IMG_0030.mp4,2515,83.91725058391725,29.97,496,1,traffic_lights,0.916148841381073,1194.6070556640625,358.6084289550781,1234.563232421875,432.8411865234375,1214.5851440429688,395.7248077392578,39.9561767578125,74.23275756835938
IMG_0030.mp4,2515,83.91725058391725,29.97,615,1,traffic_lights,0.869141697883606,991.1956787109375,623.9701538085938,1018.9379272460938,697.0680541992188,1005.0668029785156,660.5191040039062,27.74224853515625,73.097900390625
IMG_0030.mp4,2515,83.91725058391725,29.97,589,2,traffic_signs,0.9446703791618347,901.8986206054688,609.0438842773438,963.741455078125,705.280029296875,932.8200378417969,657.1619567871094,61.84283447265625,96.23614501953125
IMG_0030.mp4,2515,83.91725058391725,29.97,738,2,traffic_signs,0.3944686949253082,1648.5523681640625,617.6568603515625,1719.304443359375,675.642333984375,1683.9284057617188,646.6495971679688,70.7520751953125,57.9854736328125
IMG_0030.mp4,2516,83.95061728395062,29.97,542,2,traffic_signs,0.5424228310585022,1650.98388671875,617.6659545898438,1721.24462890625,674.1461181640625,1686.1142578125,645.9060363769531,70.2607421875,56.48016357421875
IMG_0030.mp4,2516,83.95061728395062,29.97,496,1,traffic_lights,0.9149482846260071,1194.7467041015625,357.3585205078125,1234.8564453125,431.9422912597656,1214.8015747070312,394.65040588378906,40.1097412109375,74.58377075195312
IMG_0030.mp4,2516,83.95061728395062,29.97,615,1,traffic_lights,0.870043158531189,990.7340698242188,623.4078369140625,1018.9221801757812,696.4862060546875,1004.828125,659.947021484375,28.1881103515625,73.078369140625
IMG_0030.mp4,2516,83.95061728395062,29.97,589,2,traffic_signs,0.9423003196716309,901.749267578125,608.132568359375,963.1749877929688,704.9248657226562,932.4621276855469,656.5287170410156,61.42572021484375,96.79229736328125
IMG_0030.mp4,2516,83.95061728395062,29.97,738,2,traffic_signs,0.4658646583557129,1649.7496337890625,616.7889404296875,1720.726806640625,675.2003784179688,1685.2382202148438,645.9946594238281,70.9771728515625,58.41143798828125
IMG_0030.mp4,2517,83.98398398398399,29.97,542,2,traffic_signs,0.49870565533638,1652.31591796875,616.8086547851562,1722.4140625,673.1018676757812,1687.364990234375,644.9552612304688,70.09814453125,56.293212890625
IMG_0030.mp4,2517,83.98398398398399,29.97,496,1,traffic_lights,0.9131692051887512,1195.0693359375,356.120849609375,1235.372802734375,430.83575439453125,1215.2210693359375,393.4783020019531,40.303466796875,74.71490478515625
IMG_0030.mp4,2517,83.98398398398399,29.97,615,1,traffic_lights,0.8786559104919434,990.6490478515625,622.6935424804688,1018.96435546875,696.0942993164062,1004.8067016601562,659.3939208984375,28.3153076171875,73.4007568359375
IMG_0030.mp4,2517,83.98398398398399,29.97,589,2,traffic_signs,0.9329697489738464,901.5361328125,607.3839721679688,963.0989379882812,704.7203979492188,932.3175354003906,656.0521850585938,61.56280517578125,97.33642578125
IMG_0030.mp4,2517,83.98398398398399,29.97,738,2,traffic_signs,0.4079176187515259,1651.2093505859375,615.6985473632812,1722.3526611328125,674.4854125976562,1686.781005859375,645.0919799804688,71.143310546875,58.786865234375
IMG_0030.mp4,2518,84.01735068401736,29.97,542,2,traffic_signs,0.523030161857605,1653.777587890625,616.2958984375,1723.888427734375,672.0709838867188,1688.8330078125,644.1834411621094,70.11083984375,55.77508544921875
IMG_0030.mp4,2518,84.01735068401736,29.97,496,1,traffic_lights,0.9095594882965088,1195.094482421875,353.96148681640625,1235.749267578125,429.8668212890625,1215.421875,391.9141540527344,40.65478515625,75.90533447265625
IMG_0030.mp4,2518,84.01735068401736,29.97,615,1,traffic_lights,0.8021390438079834,989.9041137695312,621.89306640625,1018.8003540039062,695.81396484375,1004.3522338867188,658.853515625,28.896240234375,73.9208984375
IMG_0030.mp4,2518,84.01735068401736,29.97,589,2,traffic_signs,0.9080814719200134,901.1005249023438,606.897705078125,962.6880493164062,704.64892578125,931.894287109375,655.7733154296875,61.5875244140625,97.751220703125
IMG_0030.mp4,2518,84.01735068401736,29.97,738,2,traffic_signs,0.34840965270996094,1652.7069091796875,614.9771118164062,1723.9586181640625,673.819091796875,1688.332763671875,644.3981018066406,71.251708984375,58.84197998046875
IMG_0030.mp4,2518,84.01735068401736,29.97,720,2,traffic_signs,0.5382025837898254,704.3766479492188,721.4862060546875,715.5899658203125,731.4906616210938,709.9833068847656,726.4884338378906,11.21331787109375,10.00445556640625
IMG_0030.mp4,2519,84.05071738405071,29.97,542,2,traffic_signs,0.2896595597267151,1655.17822265625,615.6306762695312,1725.5543212890625,672.1930541992188,1690.3662719726562,643.911865234375,70.3760986328125,56.5623779296875
IMG_0030.mp4,2519,84.05071738405071,29.97,496,1,traffic_lights,0.907886803150177,1195.00537109375,351.9332580566406,1236.3173828125,428.9516296386719,1215.661376953125,390.44244384765625,41.31201171875,77.01837158203125
IMG_0030.mp4,2519,84.05071738405071,29.97,615,1,traffic_lights,0.8868849873542786,989.1683349609375,621.3990478515625,1018.3760375976562,695.9722900390625,1003.7721862792969,658.6856689453125,29.20770263671875,74.5732421875
IMG_0030.mp4,2519,84.05071738405071,29.97,589,2,traffic_signs,0.8931281566619873,900.6054077148438,606.9291381835938,962.2494506835938,704.4610595703125,931.4274291992188,655.6950988769531,61.64404296875,97.53192138671875
IMG_0030.mp4,2519,84.05071738405071,29.97,738,2,traffic_signs,0.37973031401634216,1654.5491943359375,614.6422119140625,1725.59033203125,673.6738891601562,1690.0697631835938,644.1580505371094,71.0411376953125,59.03167724609375
IMG_0030.mp4,2519,84.05071738405071,29.97,720,2,traffic_signs,0.3367004990577698,704.533935546875,721.4061889648438,715.6567993164062,731.2463989257812,710.0953674316406,726.3262939453125,11.12286376953125,9.8402099609375
IMG_0030.mp4,2520,84.08408408408408,29.97,542,2,traffic_signs,0.4218960404396057,1655.9189453125,614.98388671875,1727.127197265625,671.523681640625,1691.5230712890625,643.2537841796875,71.208251953125,56.539794921875
IMG_0030.mp4,2520,84.08408408408408,29.97,496,1,traffic_lights,0.8239494562149048,1195.048583984375,350.2941589355469,1236.611083984375,428.052734375,1215.829833984375,389.17344665527344,41.5625,77.75857543945312
IMG_0030.mp4,2520,84.08408408408408,29.97,615,1,traffic_lights,0.8869049549102783,988.8240356445312,621.1591796875,1017.785888671875,696.1055908203125,1003.3049621582031,658.6323852539062,28.96185302734375,74.9464111328125
IMG_0030.mp4,2520,84.08408408408408,29.97,589,2,traffic_signs,0.9375534653663635,900.2766723632812,606.6339721679688,962.1451416015625,704.109130859375,931.2109069824219,655.3715515136719,61.86846923828125,97.47515869140625
IMG_0030.mp4,2520,84.08408408408408,29.97,738,2,traffic_signs,0.46369418501853943,1655.9400634765625,614.0624389648438,1727.246826171875,673.0136108398438,1691.5934448242188,643.5380249023438,71.3067626953125,58.951171875
IMG_0030.mp4,2520,84.08408408408408,29.97,740,2,traffic_signs,0.38208717107772827,1257.6002197265625,778.2349243164062,1263.7254638671875,792.6060791015625,1260.662841796875,785.4205017089844,6.125244140625,14.37115478515625
IMG_0030.mp4,2521,84.11745078411745,29.97,542,2,traffic_signs,0.35593822598457336,1656.8504638671875,614.6773071289062,1728.7347412109375,670.781494140625,1692.7926025390625,642.7294006347656,71.88427734375,56.10418701171875
IMG_0030.mp4,2521,84.11745078411745,29.97,496,1,traffic_lights,0.8899945616722107,1194.9560546875,349.5635070800781,1236.892333984375,427.4165344238281,1215.9241943359375,388.4900207519531,41.936279296875,77.85302734375
IMG_0030.mp4,2521,84.11745078411745,29.97,615,1,traffic_lights,0.8864217400550842,988.0086059570312,621.007568359375,1017.6192016601562,696.1688232421875,1002.8139038085938,658.5881958007812,29.610595703125,75.1612548828125
IMG_0030.mp4,2521,84.11745078411745,29.97,589,2,traffic_signs,0.934644877910614,899.7506713867188,606.2217407226562,961.665771484375,703.7551879882812,930.7082214355469,654.9884643554688,61.91510009765625,97.533447265625
IMG_0030.mp4,2521,84.11745078411745,29.97,738,2,traffic_signs,0.6932225227355957,1657.016845703125,613.6450805664062,1728.966064453125,672.4129638671875,1692.991455078125,643.0290222167969,71.94921875,58.76788330078125
IMG_0030.mp4,2521,84.11745078411745,29.97,740,2,traffic_signs,0.4831382632255554,1257.5458984375,778.472900390625,1263.958251953125,793.1015625,1260.7520751953125,785.7872314453125,6.412353515625,14.628662109375
IMG_0030.mp4,2522,84.15081748415082,29.97,542,2,traffic_signs,0.44953396916389465,1658.298583984375,614.451171875,1730.6007080078125,670.3074340820312,1694.4496459960938,642.3793029785156,72.3021240234375,55.85626220703125
IMG_0030.mp4,2522,84.15081748415082,29.97,496,1,traffic_lights,0.8966108560562134,1194.9195556640625,348.32733154296875,1236.867431640625,426.1519470214844,1215.8934936523438,387.23963928222656,41.9478759765625,77.82461547851562
IMG_0030.mp4,2522,84.15081748415082,29.97,615,1,traffic_lights,0.8913814425468445,987.109375,620.8483276367188,1017.019775390625,695.9290161132812,1002.0645751953125,658.388671875,29.910400390625,75.0806884765625
IMG_0030.mp4,2522,84.15081748415082,29.97,589,2,traffic_signs,0.9321995973587036,898.8831176757812,605.6996459960938,961.036865234375,702.8696899414062,929.9599914550781,654.28466796875,62.15374755859375,97.1700439453125
IMG_0030.mp4,2522,84.15081748415082,29.97,738,2,traffic_signs,0.7807204723358154,1658.45166015625,612.9244995117188,1730.9017333984375,671.9575805664062,1694.6766967773438,642.4410400390625,72.4500732421875,59.0330810546875
IMG_0030.mp4,2522,84.15081748415082,29.97,740,2,traffic_signs,0.4774759113788605,1257.480224609375,778.3729858398438,1263.90380859375,793.411376953125,1260.6920166015625,785.8921813964844,6.423583984375,15.03839111328125
IMG_0030.mp4,2523,84.18418418418419,29.97,542,2,traffic_signs,0.57281494140625,1660.0274658203125,613.9368286132812,1732.2967529296875,669.8828735351562,1696.162109375,641.9098510742188,72.269287109375,55.946044921875
IMG_0030.mp4,2523,84.18418418418419,29.97,496,1,traffic_lights,0.8989806771278381,1195.02880859375,347.2330627441406,1237.0008544921875,424.9200744628906,1216.0148315429688,386.0765686035156,41.9720458984375,77.68701171875
IMG_0030.mp4,2523,84.18418418418419,29.97,615,1,traffic_lights,0.8901950716972351,986.615478515625,620.362548828125,1016.4780883789062,695.7705688476562,1001.5467834472656,658.0665588378906,29.86260986328125,75.40802001953125
IMG_0030.mp4,2523,84.18418418418419,29.97,589,2,traffic_signs,0.9268144965171814,898.0471801757812,605.0169067382812,960.8721313476562,702.1031494140625,929.4596557617188,653.5600280761719,62.824951171875,97.08624267578125
IMG_0030.mp4,2523,84.18418418418419,29.97,738,2,traffic_signs,0.6633809208869934,1659.92626953125,612.2151489257812,1732.7767333984375,671.5469970703125,1696.3515014648438,641.8810729980469,72.8504638671875,59.33184814453125
IMG_0030.mp4,2523,84.18418418418419,29.97,740,2,traffic_signs,0.4692052900791168,1257.7174072265625,778.190185546875,1263.914794921875,793.00439453125,1260.8161010742188,785.5972900390625,6.1973876953125,14.814208984375
IMG_0030.mp4,2524,84.21755088421756,29.97,542,2,traffic_signs,0.5773133635520935,1661.2640380859375,612.8466796875,1733.9031982421875,669.7229614257812,1697.5836181640625,641.2848205566406,72.63916015625,56.87628173828125
IMG_0030.mp4,2524,84.21755088421756,29.97,496,1,traffic_lights,0.9013032913208008,1195.0172119140625,346.0697326660156,1236.93896484375,424.0084228515625,1215.9780883789062,385.03907775878906,41.9217529296875,77.93869018554688
IMG_0030.mp4,2524,84.21755088421756,29.97,615,1,traffic_lights,0.8916072249412537,986.0498657226562,620.1820678710938,1015.9607543945312,695.5628051757812,1001.0053100585938,657.8724365234375,29.910888671875,75.3807373046875
IMG_0030.mp4,2524,84.21755088421756,29.97,589,2,traffic_signs,0.9263147115707397,896.9837646484375,604.4780883789062,960.7172241210938,701.3247680664062,928.8504943847656,652.9014282226562,63.73345947265625,96.8466796875
IMG_0030.mp4,2524,84.21755088421756,29.97,738,2,traffic_signs,0.5317161679267883,1660.8736572265625,611.2679443359375,1734.4600830078125,671.5469360351562,1697.6668701171875,641.4074401855469,73.58642578125,60.27899169921875
IMG_0030.mp4,2524,84.21755088421756,29.97,740,2,traffic_signs,0.4570496082305908,1257.5703125,777.96240234375,1263.7059326171875,793.5484619140625,1260.6381225585938,785.7554321289062,6.1356201171875,15.5860595703125
IMG_0030.mp4,2524,84.21755088421756,29.97,741,1,traffic_lights,0.3751087486743927,1681.6593017578125,670.2678833007812,1768.9588623046875,762.7191162109375,1725.30908203125,716.4934997558594,87.299560546875,92.45123291015625
IMG_0030.mp4,2525,84.25091758425091,29.97,542,2,traffic_signs,0.6260712742805481,1662.5928955078125,611.8378295898438,1735.335693359375,669.1229248046875,1698.9642944335938,640.4803771972656,72.7427978515625,57.28509521484375
IMG_0030.mp4,2525,84.25091758425091,29.97,496,1,traffic_lights,0.903654932975769,1195.146484375,345.0183410644531,1236.8489990234375,422.70001220703125,1215.9977416992188,383.8591766357422,41.7025146484375,77.68167114257812
IMG_0030.mp4,2525,84.25091758425091,29.97,615,1,traffic_lights,0.6831613183021545,985.9915161132812,619.7617797851562,1015.4851684570312,694.5584716796875,1000.7383422851562,657.1601257324219,29.49365234375,74.79669189453125
IMG_0030.mp4,2525,84.25091758425091,29.97,589,2,traffic_signs,0.9245562553405762,896.2076416015625,603.841552734375,960.3994750976562,700.8046875,928.3035583496094,652.3231201171875,64.19183349609375,96.963134765625
IMG_0030.mp4,2525,84.25091758425091,29.97,738,2,traffic_signs,0.5511748194694519,1662.1444091796875,610.3472900390625,1736.2000732421875,671.0850219726562,1699.1722412109375,640.7161560058594,74.0556640625,60.73773193359375
IMG_0030.mp4,2525,84.25091758425091,29.97,740,2,traffic_signs,0.39300864934921265,1257.6512451171875,777.6031494140625,1263.83740234375,795.109375,1260.7443237304688,786.3562622070312,6.1861572265625,17.5062255859375
IMG_0030.mp4,2525,84.25091758425091,29.97,741,1,traffic_lights,0.4118489623069763,1681.979248046875,669.0992431640625,1770.570068359375,762.3935546875,1726.274658203125,715.7463989257812,88.5908203125,93.2943115234375
IMG_0030.mp4,2526,84.28428428428428,29.97,542,2,traffic_signs,0.5569912791252136,1664.3487548828125,611.0128784179688,1736.6517333984375,668.3784790039062,1700.500244140625,639.6956787109375,72.302978515625,57.3656005859375
IMG_0030.mp4,2526,84.28428428428428,29.97,496,1,traffic_lights,0.905920684337616,1195.3045654296875,343.8433532714844,1237.009765625,421.62506103515625,1216.1571655273438,382.7342071533203,41.7052001953125,77.78170776367188
IMG_0030.mp4,2526,84.28428428428428,29.97,615,1,traffic_lights,0.8278388977050781,985.404296875,619.3444213867188,1015.1514892578125,694.1328125,1000.2778930664062,656.7386169433594,29.7471923828125,74.78839111328125
IMG_0030.mp4,2526,84.28428428428428,29.97,589,2,traffic_signs,0.9275822639465332,895.356689453125,603.0499267578125,959.9832153320312,700.9692993164062,927.6699523925781,652.0096130371094,64.62652587890625,97.91937255859375
IMG_0030.mp4,2526,84.28428428428428,29.97,738,2,traffic_signs,0.6650248765945435,1663.679443359375,609.6347045898438,1737.8316650390625,670.2174682617188,1700.7555541992188,639.9260864257812,74.1522216796875,60.582763671875
IMG_0030.mp4,2526,84.28428428428428,29.97,741,1,traffic_lights,0.5845608115196228,1683.103515625,668.4859008789062,1771.270751953125,762.045654296875,1727.1871337890625,715.2657775878906,88.167236328125,93.55975341796875
IMG_0030.mp4,2527,84.31765098431765,29.97,542,2,traffic_signs,0.2514796555042267,1666.1163330078125,610.4388427734375,1738.783447265625,668.1650390625,1702.4498901367188,639.3019409179688,72.6671142578125,57.7261962890625
IMG_0030.mp4,2527,84.31765098431765,29.97,496,1,traffic_lights,0.9061000347137451,1195.8719482421875,342.61859130859375,1237.346923828125,420.48870849609375,1216.6094360351562,381.55364990234375,41.4749755859375,77.8701171875
IMG_0030.mp4,2527,84.31765098431765,29.97,615,1,traffic_lights,0.7294127345085144,984.8689575195312,618.6532592773438,1014.9512329101562,693.8814086914062,999.9100952148438,656.267333984375,30.082275390625,75.2281494140625
IMG_0030.mp4,2527,84.31765098431765,29.97,589,2,traffic_signs,0.927325427532196,894.68896484375,602.2720947265625,959.853271484375,701.0682983398438,927.2711181640625,651.6701965332031,65.164306640625,98.79620361328125
IMG_0030.mp4,2527,84.31765098431765,29.97,738,2,traffic_signs,0.7060105204582214,1665.519287109375,609.2015991210938,1739.9205322265625,669.6056518554688,1702.7199096679688,639.4036254882812,74.4012451171875,60.404052734375
IMG_0030.mp4,2527,84.31765098431765,29.97,741,1,traffic_lights,0.4773145914077759,1684.1181640625,668.2735595703125,1773.1944580078125,761.8799438476562,1728.6563110351562,715.0767517089844,89.0762939453125,93.60638427734375
IMG_0030.mp4,2527,84.31765098431765,29.97,743,1,traffic_lights,0.5344448089599609,985.3386840820312,618.689208984375,1014.8096313476562,693.8053588867188,1000.0741577148438,656.2472839355469,29.470947265625,75.11614990234375
IMG_0030.mp4,2528,84.35101768435102,29.97,496,1,traffic_lights,0.9047781229019165,1196.140625,341.74884033203125,1237.2333984375,419.5679626464844,1216.68701171875,380.6584014892578,41.0927734375,77.81912231445312
IMG_0030.mp4,2528,84.35101768435102,29.97,615,1,traffic_lights,0.41503313183784485,984.5963745117188,618.1640625,1014.8179321289062,693.3081665039062,999.7071533203125,655.7361145019531,30.2215576171875,75.14410400390625
IMG_0030.mp4,2528,84.35101768435102,29.97,589,2,traffic_signs,0.929474413394928,893.7589721679688,601.6499633789062,959.4547729492188,700.9144897460938,926.6068725585938,651.2822265625,65.69580078125,99.2645263671875
IMG_0030.mp4,2528,84.35101768435102,29.97,743,1,traffic_lights,0.753943920135498,985.1079711914062,618.2478637695312,1014.6478881835938,693.4134521484375,999.8779296875,655.8306579589844,29.5399169921875,75.16558837890625
IMG_0030.mp4,2529,84.38438438438439,29.97,496,1,traffic_lights,0.8989610075950623,1195.9810791015625,340.2781066894531,1237.17138671875,418.5135803222656,1216.5762329101562,379.3958435058594,41.1903076171875,78.2354736328125
IMG_0030.mp4,2529,84.38438438438439,29.97,589,2,traffic_signs,0.9341382384300232,892.7574462890625,601.075439453125,958.7242431640625,700.3925170898438,925.7408447265625,650.7339782714844,65.966796875,99.31707763671875
IMG_0030.mp4,2529,84.38438438438439,29.97,542,2,traffic_signs,0.7351548671722412,1667.8170166015625,608.7089233398438,1742.6051025390625,668.8167724609375,1705.2110595703125,638.7628479003906,74.7880859375,60.10784912109375
IMG_0030.mp4,2530,84.41775108441776,29.97,496,1,traffic_lights,0.8982416987419128,1196.01611328125,339.0408020019531,1237.0555419921875,417.7426452636719,1216.5358276367188,378.3917236328125,41.0394287109375,78.70184326171875
IMG_0030.mp4,2530,84.41775108441776,29.97,589,2,traffic_signs,0.8875298500061035,892.0418701171875,600.5716552734375,957.9100952148438,699.9379272460938,924.9759826660156,650.2547912597656,65.86822509765625,99.36627197265625
IMG_0030.mp4,2530,84.41775108441776,29.97,542,2,traffic_signs,0.7883662581443787,1668.6138916015625,608.0473022460938,1743.7607421875,669.4279174804688,1706.1873168945312,638.7376098632812,75.1468505859375,61.380615234375
IMG_0030.mp4,2530,84.41775108441776,29.97,741,1,traffic_lights,0.6301629543304443,1691.6632080078125,669.6055297851562,1778.3753662109375,761.1282348632812,1735.019287109375,715.3668823242188,86.712158203125,91.522705078125
IMG_0030.mp4,2530,84.41775108441776,29.97,615,1,traffic_lights,0.8822724223136902,983.5918579101562,617.5558471679688,1013.8472900390625,691.8771362304688,998.7195739746094,654.7164916992188,30.25543212890625,74.3212890625
IMG_0030.mp4,2531,84.45111778445113,29.97,496,1,traffic_lights,0.7105437517166138,1196.1854248046875,338.42138671875,1237.3038330078125,417.5317687988281,1216.74462890625,377.97657775878906,41.118408203125,79.11038208007812
IMG_0030.mp4,2531,84.45111778445113,29.97,589,2,traffic_signs,0.8179500102996826,892.1604614257812,599.0303344726562,956.8191528320312,699.3550415039062,924.4898071289062,649.1926879882812,64.65869140625,100.32470703125
IMG_0030.mp4,2531,84.45111778445113,29.97,542,2,traffic_signs,0.6912319660186768,1669.34521484375,607.5953979492188,1744.2884521484375,669.6221923828125,1706.8168334960938,638.6087951660156,74.9432373046875,62.02679443359375
IMG_0030.mp4,2531,84.45111778445113,29.97,741,1,traffic_lights,0.6091180443763733,1692.970947265625,668.9706420898438,1780.053955078125,760.6338500976562,1736.512451171875,714.80224609375,87.0830078125,91.6632080078125
IMG_0030.mp4,2531,84.45111778445113,29.97,615,1,traffic_lights,0.8854470252990723,983.4672241210938,617.3073120117188,1013.8680419921875,691.3443603515625,998.6676330566406,654.3258361816406,30.40081787109375,74.03704833984375
IMG_0030.mp4,2532,84.48448448448448,29.97,496,1,traffic_lights,0.8946077227592468,1196.0887451171875,336.9363098144531,1237.765380859375,416.5383605957031,1216.9270629882812,376.7373352050781,41.6766357421875,79.60205078125
IMG_0030.mp4,2532,84.48448448448448,29.97,589,2,traffic_signs,0.8908008337020874,891.5708618164062,598.2952270507812,956.0459594726562,698.5446166992188,923.8084106445312,648.419921875,64.47509765625,100.2493896484375
IMG_0030.mp4,2532,84.48448448448448,29.97,542,2,traffic_signs,0.6132003664970398,1670.8782958984375,606.3995361328125,1746.0916748046875,668.8927001953125,1708.4849853515625,637.6461181640625,75.21337890625,62.4931640625
IMG_0030.mp4,2532,84.48448448448448,29.97,741,1,traffic_lights,0.6830502152442932,1694.9449462890625,667.788330078125,1782.49169921875,760.4426879882812,1738.7183227539062,714.1155090332031,87.5467529296875,92.65435791015625
IMG_0030.mp4,2532,84.48448448448448,29.97,615,1,traffic_lights,0.8879268169403076,983.1969604492188,616.9970703125,1013.5618896484375,691.0849609375,998.3794250488281,654.041015625,30.36492919921875,74.087890625
IMG_0030.mp4,2533,84.51785118451785,29.97,496,1,traffic_lights,0.8982002139091492,1196.0743408203125,336.0240478515625,1237.932861328125,415.8175048828125,1217.0036010742188,375.9207763671875,41.8585205078125,79.79345703125
IMG_0030.mp4,2533,84.51785118451785,29.97,589,2,traffic_signs,0.9207334518432617,891.1312255859375,598.03515625,955.613037109375,698.2271728515625,923.3721313476562,648.1311645507812,64.4818115234375,100.1920166015625
IMG_0030.mp4,2533,84.51785118451785,29.97,542,2,traffic_signs,0.3648328185081482,1672.05712890625,605.75830078125,1747.6666259765625,667.5744018554688,1709.8618774414062,636.6663513183594,75.6094970703125,61.81610107421875
IMG_0030.mp4,2533,84.51785118451785,29.97,741,1,traffic_lights,0.40795955061912537,1695.016357421875,666.5558471679688,1784.188232421875,760.4794921875,1739.602294921875,713.5176696777344,89.171875,93.92364501953125
IMG_0030.mp4,2533,84.51785118451785,29.97,615,1,traffic_lights,0.8911966681480408,982.9739990234375,616.4566650390625,1013.564453125,691.0067138671875,998.2692260742188,653.731689453125,30.5904541015625,74.550048828125
IMG_0030.mp4,2534,84.55121788455122,29.97,496,1,traffic_lights,0.901735782623291,1196.106689453125,335.0894470214844,1238.0406494140625,415.1196594238281,1217.0736694335938,375.10455322265625,41.9339599609375,80.03021240234375
IMG_0030.mp4,2534,84.55121788455122,29.97,589,2,traffic_signs,0.935976505279541,890.74169921875,597.5703125,954.934814453125,697.794921875,922.8382568359375,647.6826171875,64.193115234375,100.224609375
IMG_0030.mp4,2534,84.55121788455122,29.97,542,2,traffic_signs,0.3219410181045532,1672.6533203125,604.983642578125,1748.6282958984375,666.3704223632812,1710.6408081054688,635.6770324707031,75.9749755859375,61.38677978515625
IMG_0030.mp4,2534,84.55121788455122,29.97,615,1,traffic_lights,0.8958423733711243,982.7761840820312,615.8881225585938,1013.4296875,690.8887329101562,998.1029357910156,653.388427734375,30.65350341796875,75.0006103515625
IMG_0030.mp4,2535,84.58458458458459,29.97,496,1,traffic_lights,0.9020248055458069,1196.0872802734375,334.00732421875,1238.3778076171875,413.8865661621094,1217.2325439453125,373.9469451904297,42.29052734375,79.87924194335938
IMG_0030.mp4,2535,84.58458458458459,29.97,589,2,traffic_signs,0.9394721388816833,890.0488891601562,597.1045532226562,954.0999755859375,697.35888671875,922.0744323730469,647.2317199707031,64.05108642578125,100.25433349609375
IMG_0030.mp4,2535,84.58458458458459,29.97,542,2,traffic_signs,0.5135088562965393,1673.80078125,604.5478515625,1750.2760009765625,664.84619140625,1712.0383911132812,634.697021484375,76.4752197265625,60.29833984375
IMG_0030.mp4,2535,84.58458458458459,29.97,615,1,traffic_lights,0.905780017375946,982.3975830078125,615.21435546875,1013.1258544921875,690.6814575195312,997.76171875,652.9479064941406,30.728271484375,75.46710205078125
IMG_0030.mp4,2536,84.61795128461796,29.97,496,1,traffic_lights,0.9019989371299744,1196.08154296875,333.4743957519531,1238.57275390625,412.8157043457031,1217.3271484375,373.1450500488281,42.4912109375,79.34130859375
IMG_0030.mp4,2536,84.61795128461796,29.97,589,2,traffic_signs,0.9346758127212524,889.4498901367188,596.5562744140625,953.54638671875,697.0558471679688,921.4981384277344,646.8060607910156,64.09649658203125,100.49957275390625
IMG_0030.mp4,2536,84.61795128461796,29.97,542,2,traffic_signs,0.4466955363750458,1675.1842041015625,604.2109375,1751.7208251953125,664.2698974609375,1713.4525146484375,634.2404174804688,76.53662109375,60.0589599609375
IMG_0030.mp4,2536,84.61795128461796,29.97,615,1,traffic_lights,0.9060888886451721,982.2456665039062,614.8786010742188,1012.9047241210938,690.4899291992188,997.5751953125,652.6842651367188,30.6590576171875,75.611328125
IMG_0030.mp4,2536,84.61795128461796,29.97,747,2,traffic_signs,0.38608723878860474,1257.824951171875,776.969970703125,1264.7396240234375,791.0148315429688,1261.2822875976562,783.9924011230469,6.9146728515625,14.04486083984375
IMG_0030.mp4,2536,84.61795128461796,29.97,741,1,traffic_lights,0.354037880897522,1692.8570556640625,664.400146484375,1788.752197265625,760.2129516601562,1740.8046264648438,712.3065490722656,95.8951416015625,95.81280517578125
IMG_0030.mp4,2537,84.65131798465133,29.97,496,1,traffic_lights,0.9040391445159912,1196.0968017578125,332.74481201171875,1238.8094482421875,412.2157897949219,1217.453125,372.4803009033203,42.712646484375,79.47097778320312
IMG_0030.mp4,2537,84.65131798465133,29.97,589,2,traffic_signs,0.9256850481033325,889.0255737304688,595.9486083984375,952.765869140625,696.9734497070312,920.8957214355469,646.4610290527344,63.74029541015625,101.02484130859375
IMG_0030.mp4,2537,84.65131798465133,29.97,542,2,traffic_signs,0.4846820831298828,1676.2064208984375,604.0374145507812,1752.9761962890625,663.5880126953125,1714.59130859375,633.8127136230469,76.769775390625,59.55059814453125
IMG_0030.mp4,2537,84.65131798465133,29.97,615,1,traffic_lights,0.9113155603408813,982.25830078125,614.30859375,1012.8677368164062,690.5131225585938,997.5630187988281,652.4108581542969,30.60943603515625,76.20452880859375
IMG_0030.mp4,2537,84.65131798465133,29.97,747,2,traffic_signs,0.47538653016090393,1257.7249755859375,777.003173828125,1264.9769287109375,791.3292236328125,1261.3509521484375,784.1661987304688,7.251953125,14.3260498046875
IMG_0030.mp4,2538,84.68468468468468,29.97,496,1,traffic_lights,0.9060124754905701,1195.8231201171875,331.75067138671875,1239.059326171875,411.41162109375,1217.4412231445312,371.5811462402344,43.2362060546875,79.66094970703125
IMG_0030.mp4,2538,84.68468468468468,29.97,589,2,traffic_signs,0.9223698377609253,888.3703002929688,595.3229370117188,951.666259765625,696.6942138671875,920.0182800292969,646.0085754394531,63.29595947265625,101.37127685546875
IMG_0030.mp4,2538,84.68468468468468,29.97,542,2,traffic_signs,0.4569222033023834,1677.5728759765625,604.0012817382812,1754.0789794921875,662.6641235351562,1715.825927734375,633.3327026367188,76.506103515625,58.662841796875
IMG_0030.mp4,2538,84.68468468468468,29.97,615,1,traffic_lights,0.9173619151115417,981.9427490234375,613.2472534179688,1012.55712890625,690.13134765625,997.2499389648438,651.6893005371094,30.6143798828125,76.88409423828125
IMG_0030.mp4,2538,84.68468468468468,29.97,747,2,traffic_signs,0.5919299125671387,1257.6959228515625,776.9385375976562,1265.1043701171875,791.7052612304688,1261.400146484375,784.3218994140625,7.408447265625,14.7667236328125
IMG_0030.mp4,2538,84.68468468468468,29.97,748,2,traffic_signs,0.3565187454223633,1676.67333984375,605.0538330078125,1752.7767333984375,660.1939697265625,1714.7250366210938,632.6239013671875,76.1033935546875,55.14013671875
IMG_0030.mp4,2539,84.71805138471805,29.97,496,1,traffic_lights,0.9038573503494263,1195.7664794921875,330.6146240234375,1239.061279296875,410.5928649902344,1217.4138793945312,370.60374450683594,43.2947998046875,79.97824096679688
IMG_0030.mp4,2539,84.71805138471805,29.97,589,2,traffic_signs,0.9230085611343384,887.8123779296875,594.8280639648438,951.0772094726562,696.4154663085938,919.4447937011719,645.6217651367188,63.26483154296875,101.58740234375
IMG_0030.mp4,2539,84.71805138471805,29.97,542,2,traffic_signs,0.45677003264427185,1679.1817626953125,604.02880859375,1754.9078369140625,662.1893920898438,1717.0447998046875,633.1091003417969,75.72607421875,58.16058349609375
IMG_0030.mp4,2539,84.71805138471805,29.97,615,1,traffic_lights,0.9189053773880005,981.513916015625,612.4385986328125,1012.21435546875,689.9024658203125,996.8641357421875,651.1705322265625,30.700439453125,77.4638671875
IMG_0030.mp4,2539,84.71805138471805,29.97,747,2,traffic_signs,0.5843464732170105,1257.6881103515625,777.0845336914062,1264.9842529296875,791.7467041015625,1261.336181640625,784.4156188964844,7.296142578125,14.66217041015625
IMG_0030.mp4,2539,84.71805138471805,29.97,741,1,traffic_lights,0.2708960175514221,1703.0028076171875,661.90673828125,1792.93359375,758.9273071289062,1747.9682006835938,710.4170227050781,89.9307861328125,97.02056884765625
IMG_0030.mp4,2540,84.75141808475142,29.97,496,1,traffic_lights,0.9034754633903503,1195.7669677734375,329.57855224609375,1239.1182861328125,410.03436279296875,1217.442626953125,369.80645751953125,43.351318359375,80.455810546875
IMG_0030.mp4,2540,84.75141808475142,29.97,589,2,traffic_signs,0.9229686260223389,887.5037841796875,594.616943359375,951.067138671875,696.1494750976562,919.2854614257812,645.3832092285156,63.5633544921875,101.53253173828125
IMG_0030.mp4,2540,84.75141808475142,29.97,542,2,traffic_signs,0.5035929083824158,1680.3760986328125,603.9288940429688,1755.7353515625,661.4081420898438,1718.0557250976562,632.6685180664062,75.3592529296875,57.479248046875
IMG_0030.mp4,2540,84.75141808475142,29.97,615,1,traffic_lights,0.9116363525390625,981.331298828125,611.4578247070312,1011.994384765625,689.5806274414062,996.662841796875,650.5192260742188,30.6630859375,78.122802734375
IMG_0030.mp4,2540,84.75141808475142,29.97,747,2,traffic_signs,0.6418859362602234,1257.5775146484375,777.1378784179688,1264.958251953125,791.5442504882812,1261.2678833007812,784.341064453125,7.3807373046875,14.4063720703125
IMG_0030.mp4,2540,84.75141808475142,29.97,741,1,traffic_lights,0.3570537567138672,1707.2332763671875,661.2733764648438,1794.5416259765625,758.425537109375,1750.887451171875,709.8494567871094,87.308349609375,97.15216064453125
IMG_0030.mp4,2541,84.78478478478479,29.97,496,1,traffic_lights,0.9051426649093628,1195.6917724609375,327.98046875,1239.2418212890625,409.2294006347656,1217.466796875,368.6049346923828,43.550048828125,81.24893188476562
IMG_0030.mp4,2541,84.78478478478479,29.97,589,2,traffic_signs,0.9218913912773132,887.0762939453125,594.2575073242188,950.69189453125,696.1083374023438,918.8840942382812,645.1829223632812,63.6156005859375,101.850830078125
IMG_0030.mp4,2541,84.78478478478479,29.97,542,2,traffic_signs,0.2857341468334198,1681.8485107421875,603.8939208984375,1757.1343994140625,661.0859375,1719.491455078125,632.4899291992188,75.285888671875,57.1920166015625
IMG_0030.mp4,2541,84.78478478478479,29.97,615,1,traffic_lights,0.8404574394226074,981.1673583984375,611.0357055664062,1011.6395874023438,689.141357421875,996.4034729003906,650.0885314941406,30.47222900390625,78.10565185546875
IMG_0030.mp4,2541,84.78478478478479,29.97,747,2,traffic_signs,0.6676233410835266,1257.3194580078125,776.9615478515625,1264.9739990234375,791.7396850585938,1261.146728515625,784.3506164550781,7.654541015625,14.77813720703125
IMG_0030.mp4,2541,84.78478478478479,29.97,741,1,traffic_lights,0.25239062309265137,1709.4207763671875,661.0189819335938,1796.1854248046875,758.4700317382812,1752.8031005859375,709.7445068359375,86.7646484375,97.4510498046875
IMG_0030.mp4,2542,84.81815148481816,29.97,496,1,traffic_lights,0.8986278176307678,1195.668212890625,326.61260986328125,1239.39990234375,408.6004943847656,1217.5340576171875,367.60655212402344,43.731689453125,81.98788452148438
IMG_0030.mp4,2542,84.81815148481816,29.97,589,2,traffic_signs,0.9211622476577759,886.5709228515625,593.8965454101562,950.2322387695312,695.842041015625,918.4015808105469,644.8692932128906,63.66131591796875,101.94549560546875
IMG_0030.mp4,2542,84.81815148481816,29.97,615,1,traffic_lights,0.6509478092193604,980.9766235351562,610.3159790039062,1011.3445434570312,689.1758422851562,996.1605834960938,649.7459106445312,30.367919921875,78.85986328125
IMG_0030.mp4,2542,84.81815148481816,29.97,747,2,traffic_signs,0.7271189093589783,1257.5924072265625,776.8936767578125,1265.1290283203125,791.9142456054688,1261.3607177734375,784.4039611816406,7.53662109375,15.02056884765625
IMG_0038.mp4,0,0.0,29.97002997002997,1,2,traffic_signs,0.8660396337509155,2444.0947265625,1476.912353515625,2472.009033203125,1549.6768798828125,2458.0518798828125,1513.2946166992188,27.914306640625,72.7645263671875
IMG_0038.mp4,0,0.0,29.97002997002997,2,2,traffic_signs,0.8646938800811768,2276.84521484375,1523.28173828125,2304.758544921875,1579.7457275390625,2290.8018798828125,1551.5137329101562,27.913330078125,56.4639892578125
IMG_0038.mp4,0,0.0,29.97002997002997,3,1,traffic_lights,0.8547189235687256,1565.80322265625,143.74090576171875,1691.057373046875,359.1195068359375,1628.4302978515625,251.43020629882812,125.254150390625,215.37860107421875
IMG_0038.mp4,0,0.0,29.97002997002997,4,1,traffic_lights,0.8474409580230713,1699.734375,147.12039184570312,1815.67333984375,363.766845703125,1757.703857421875,255.44361877441406,115.93896484375,216.64645385742188
IMG_0038.mp4,0,0.0,29.97002997002997,5,1,traffic_lights,0.7753592133522034,1124.71044921875,1421.48291015625,1155.2935791015625,1464.7171630859375,1140.0020141601562,1443.1000366210938,30.5831298828125,43.2342529296875
IMG_0038.mp4,0,0.0,29.97002997002997,6,1,traffic_lights,0.7449885606765747,2289.13671875,1406.208740234375,2305.515625,1451.8082275390625,2297.326171875,1429.0084838867188,16.37890625,45.5994873046875
IMG_0038.mp4,0,0.0,29.97002997002997,7,2,traffic_signs,0.6824294924736023,2357.48193359375,1564.65625,2371.952880859375,1594.89697265625,2364.7174072265625,1579.776611328125,14.470947265625,30.24072265625
IMG_0038.mp4,1,0.03336666666666667,29.97002997002997,1,2,traffic_signs,0.8673180341720581,2443.661376953125,1476.664306640625,2471.7373046875,1549.6630859375,2457.6993408203125,1513.1636962890625,28.075927734375,72.998779296875
IMG_0038.mp4,1,0.03336666666666667,29.97002997002997,2,2,traffic_signs,0.8554754853248596,2276.442138671875,1523.0169677734375,2303.874267578125,1579.4913330078125,2290.158203125,1551.254150390625,27.43212890625,56.474365234375
IMG_0038.mp4,1,0.03336666666666667,29.97002997002997,3,1,traffic_lights,0.8089271783828735,1565.44482421875,143.9485321044922,1690.6009521484375,359.1117858886719,1628.0228881835938,251.53015899658203,125.1561279296875,215.1632537841797
IMG_0038.mp4,1,0.03336666666666667,29.97002997002997,4,1,traffic_lights,0.8255327343940735,1699.2193603515625,147.3585968017578,1814.8699951171875,363.566162109375,1757.044677734375,255.4623794555664,115.650634765625,216.2075653076172
IMG_0038.mp4,1,0.03336666666666667,29.97002997002997,5,1,traffic_lights,0.7693462371826172,1124.53857421875,1421.47119140625,1155.1480712890625,1464.8896484375,1139.8433227539062,1443.180419921875,30.6094970703125,43.41845703125
IMG_0038.mp4,1,0.03336666666666667,29.97002997002997,6,1,traffic_lights,0.7434704303741455,2288.43701171875,1406.0428466796875,2304.773193359375,1451.36181640625,2296.6051025390625,1428.7023315429688,16.336181640625,45.3189697265625
IMG_0038.mp4,1,0.03336666666666667,29.97002997002997,7,2,traffic_signs,0.6720246076583862,2357.114501953125,1563.9154052734375,2371.24169921875,1594.5179443359375,2364.1781005859375,1579.2166748046875,14.127197265625,30.6025390625
IMG_0038.mp4,2,0.06673333333333334,29.97002997002997,1,2,traffic_signs,0.8695554733276367,2443.6455078125,1476.46337890625,2471.687255859375,1549.4476318359375,2457.6663818359375,1512.9555053710938,28.041748046875,72.9842529296875
IMG_0038.mp4,2,0.06673333333333334,29.97002997002997,2,2,traffic_signs,0.8571913838386536,2276.224365234375,1522.8148193359375,2303.58203125,1579.3590087890625,2289.9031982421875,1551.0869140625,27.357666015625,56.544189453125
IMG_0038.mp4,2,0.06673333333333334,29.97002997002997,3,1,traffic_lights,0.7693893313407898,1565.5953369140625,143.7584686279297,1690.7899169921875,358.873779296875,1628.192626953125,251.31612396240234,125.194580078125,215.1153106689453
IMG_0038.mp4,2,0.06673333333333334,29.97002997002997,4,1,traffic_lights,0.8501954078674316,1698.515869140625,147.76992797851562,1814.6944580078125,363.06842041015625,1756.6051635742188,255.41917419433594,116.1785888671875,215.29849243164062
IMG_0038.mp4,2,0.06673333333333334,29.97002997002997,5,1,traffic_lights,0.7479672431945801,1124.012451171875,1421.458984375,1154.7335205078125,1464.239013671875,1139.3729858398438,1442.8489990234375,30.7210693359375,42.780029296875
IMG_0038.mp4,2,0.06673333333333334,29.97002997002997,6,1,traffic_lights,0.7436875104904175,2288.169677734375,1405.858642578125,2304.64990234375,1450.843017578125,2296.4097900390625,1428.350830078125,16.480224609375,44.984375
IMG_0038.mp4,2,0.06673333333333334,29.97002997002997,7,2,traffic_signs,0.6624760031700134,2357.069580078125,1563.5106201171875,2370.780029296875,1594.3914794921875,2363.9248046875,1578.9510498046875,13.71044921875,30.880859375
IMG_0038.mp4,3,0.10010000000000001,29.97002997002997,1,2,traffic_signs,0.8716846704483032,2444.22314453125,1476.571533203125,2472.181884765625,1550.002197265625,2458.2025146484375,1513.286865234375,27.958740234375,73.4306640625
IMG_0038.mp4,3,0.10010000000000001,29.97002997002997,2,2,traffic_signs,0.8673821687698364,2276.408935546875,1522.898193359375,2304.16748046875,1580.0057373046875,2290.2882080078125,1551.4519653320312,27.758544921875,57.1075439453125
IMG_0038.mp4,3,0.10010000000000001,29.97002997002997,3,1,traffic_lights,0.7602971792221069,1566.315673828125,144.77650451660156,1691.2945556640625,359.6810607910156,1628.8051147460938,252.2287826538086,124.9788818359375,214.90455627441406
IMG_0038.mp4,3,0.10010000000000001,29.97002997002997,4,1,traffic_lights,0.42993173003196716,1700.822265625,147.7666473388672,1814.1790771484375,363.318115234375,1757.5006713867188,255.5423812866211,113.3568115234375,215.5514678955078
IMG_0038.mp4,3,0.10010000000000001,29.97002997002997,5,1,traffic_lights,0.6230320334434509,1124.8670654296875,1421.8050537109375,1154.898681640625,1463.395751953125,1139.8828735351562,1442.6004028320312,30.0316162109375,41.5906982421875
IMG_0038.mp4,3,0.10010000000000001,29.97002997002997,6,1,traffic_lights,0.7455992102622986,2288.60302734375,1405.88671875,2305.097412109375,1451.2545166015625,2296.8502197265625,1428.5706176757812,16.494384765625,45.3677978515625
IMG_0038.mp4,3,0.10010000000000001,29.97002997002997,7,2,traffic_signs,0.666765570640564,2357.265380859375,1563.7940673828125,2371.474365234375,1594.83056640625,2364.369873046875,1579.3123168945312,14.208984375,31.0364990234375
IMG_0038.mp4,4,0.13346666666666668,29.97002997002997,1,2,traffic_signs,0.8671267032623291,2444.657958984375,1476.275634765625,2472.03466796875,1549.630126953125,2458.3463134765625,1512.952880859375,27.376708984375,73.3544921875
IMG_0038.mp4,4,0.13346666666666668,29.97002997002997,2,2,traffic_signs,0.8602484464645386,2276.533203125,1522.7413330078125,2304.0,1579.2640380859375,2290.2666015625,1551.002685546875,27.466796875,56.522705078125
IMG_0038.mp4,4,0.13346666666666668,29.97002997002997,3,1,traffic_lights,0.6919378638267517,1566.506591796875,145.17318725585938,1691.236572265625,360.1152038574219,1628.87158203125,252.64419555664062,124.72998046875,214.9420166015625
IMG_0038.mp4,4,0.13346666666666668,29.97002997002997,4,1,traffic_lights,0.5201685428619385,1701.9735107421875,148.1669464111328,1814.74365234375,363.84619140625,1758.3585815429688,256.0065689086914,112.7701416015625,215.6792449951172
IMG_0038.mp4,4,0.13346666666666668,29.97002997002997,5,1,traffic_lights,0.5009479522705078,1125.0179443359375,1421.9144287109375,1154.7021484375,1462.6800537109375,1139.8600463867188,1442.2972412109375,29.6842041015625,40.765625
IMG_0038.mp4,4,0.13346666666666668,29.97002997002997,6,1,traffic_lights,0.7522140145301819,2288.64208984375,1405.4639892578125,2305.39208984375,1451.220947265625,2297.01708984375,1428.3424682617188,16.75,45.7569580078125
IMG_0038.mp4,4,0.13346666666666668,29.97002997002997,7,2,traffic_signs,0.5382651090621948,2357.551513671875,1563.808349609375,2371.552001953125,1593.9671630859375,2364.5517578125,1578.8877563476562,14.00048828125,30.1588134765625
IMG_0038.mp4,4,0.13346666666666668,29.97002997002997,8,1,traffic_lights,0.3513687551021576,1702.0814208984375,147.95599365234375,1814.2672119140625,363.3532409667969,1758.17431640625,255.6546173095703,112.185791015625,215.39724731445312
IMG_0038.mp4,4,0.13346666666666668,29.97002997002997,9,2,traffic_signs,0.3697323501110077,2552.85791015625,1539.86474609375,2572.747802734375,1573.10986328125,2562.8028564453125,1556.4873046875,19.889892578125,33.2451171875
IMG_0038.mp4,5,0.16683333333333333,29.97002997002997,1,2,traffic_signs,0.6602725386619568,2444.522705078125,1476.642578125,2472.07373046875,1548.2994384765625,2458.2982177734375,1512.4710083007812,27.551025390625,71.6568603515625
IMG_0038.mp4,5,0.16683333333333333,29.97002997002997,2,2,traffic_signs,0.8288734555244446,2276.78271484375,1523.5169677734375,2303.096435546875,1576.9075927734375,2289.9395751953125,1550.2122802734375,26.313720703125,53.390625
IMG_0038.mp4,5,0.16683333333333333,29.97002997002997,3,1,traffic_lights,0.3464033305644989,1566.62841796875,145.3365478515625,1691.161376953125,360.56829833984375,1628.8948974609375,252.95242309570312,124.532958984375,215.23175048828125
IMG_0038.mp4,5,0.16683333333333333,29.97002997002997,4,1,traffic_lights,0.4765018820762634,1702.939208984375,148.70469665527344,1814.7989501953125,363.9862365722656,1758.8690795898438,256.34546661376953,111.8597412109375,215.2815399169922
IMG_0038.mp4,5,0.16683333333333333,29.97002997002997,6,1,traffic_lights,0.7623010873794556,2288.27197265625,1405.4493408203125,2306.49072265625,1450.981201171875,2297.38134765625,1428.2152709960938,18.21875,45.5318603515625
IMG_0038.mp4,6,0.20020000000000002,29.97002997002997,3,1,traffic_lights,0.28274261951446533,1566.083251953125,145.29969787597656,1689.3865966796875,360.4783935546875,1627.7349243164062,252.88904571533203,123.3033447265625,215.17869567871094
IMG_0038.mp4,6,0.20020000000000002,29.97002997002997,4,1,traffic_lights,0.8682390451431274,1702.8868408203125,148.46536254882812,1815.970947265625,363.4405517578125,1759.4288940429688,255.9529571533203,113.0841064453125,214.97518920898438
IMG_0038.mp4,7,0.23356666666666667,29.97002997002997,3,1,traffic_lights,0.6174132823944092,1566.4434814453125,145.7085723876953,1689.896240234375,361.24560546875,1628.1698608398438,253.47708892822266,123.4527587890625,215.5370330810547
IMG_0038.mp4,7,0.23356666666666667,29.97002997002997,4,1,traffic_lights,0.9156111478805542,1704.7100830078125,148.5480194091797,1817.3558349609375,364.37786865234375,1761.032958984375,256.4629440307617,112.645751953125,215.82984924316406
IMG_0038.mp4,7,0.23356666666666667,29.97002997002997,7,2,traffic_signs,0.5330197811126709,2357.649658203125,1565.0113525390625,2371.32373046875,1594.033935546875,2364.4866943359375,1579.5226440429688,13.674072265625,29.0225830078125
IMG_0038.mp4,7,0.23356666666666667,29.97002997002997,9,2,traffic_signs,0.5358681678771973,2553.782470703125,1539.218017578125,2575.0869140625,1569.614013671875,2564.4346923828125,1554.416015625,21.304443359375,30.39599609375
IMG_0038.mp4,7,0.23356666666666667,29.97002997002997,1,2,traffic_signs,0.8646957278251648,2443.94580078125,1476.19921875,2471.7080078125,1548.7115478515625,2457.826904296875,1512.4553833007812,27.76220703125,72.5123291015625
IMG_0038.mp4,7,0.23356666666666667,29.97002997002997,2,2,traffic_signs,0.8528852462768555,2276.48974609375,1523.723388671875,2303.99560546875,1579.7210693359375,2290.24267578125,1551.7222290039062,27.505859375,55.9976806640625
IMG_0038.mp4,7,0.23356666666666667,29.97002997002997,6,1,traffic_lights,0.7260951995849609,2287.99853515625,1407.4208984375,2306.2451171875,1449.6259765625,2297.121826171875,1428.5234375,18.24658203125,42.205078125
IMG_0038.mp4,8,0.26693333333333336,29.97002997002997,3,1,traffic_lights,0.768929660320282,1565.806396484375,144.57302856445312,1690.387939453125,359.8946838378906,1628.09716796875,252.23385620117188,124.58154296875,215.3216552734375
IMG_0038.mp4,8,0.26693333333333336,29.97002997002997,4,1,traffic_lights,0.918233335018158,1701.4195556640625,148.32769775390625,1817.90576171875,363.82318115234375,1759.6626586914062,256.075439453125,116.4862060546875,215.4954833984375
IMG_0038.mp4,8,0.26693333333333336,29.97002997002997,7,2,traffic_signs,0.6943593621253967,2357.903564453125,1564.115234375,2371.67431640625,1594.52734375,2364.7889404296875,1579.3212890625,13.770751953125,30.412109375
IMG_0038.mp4,8,0.26693333333333336,29.97002997002997,9,2,traffic_signs,0.587140679359436,2553.93994140625,1538.23486328125,2575.684326171875,1570.287353515625,2564.8121337890625,1554.2611083984375,21.744384765625,32.052490234375
IMG_0038.mp4,8,0.26693333333333336,29.97002997002997,1,2,traffic_signs,0.8685933351516724,2444.031494140625,1476.049560546875,2472.0185546875,1549.27880859375,2458.0250244140625,1512.6641845703125,27.987060546875,73.229248046875
IMG_0038.mp4,8,0.26693333333333336,29.97002997002997,2,2,traffic_signs,0.8578247427940369,2276.69677734375,1523.3931884765625,2304.494384765625,1580.2576904296875,2290.5955810546875,1551.825439453125,27.797607421875,56.864501953125
IMG_0038.mp4,8,0.26693333333333336,29.97002997002997,6,1,traffic_lights,0.7439236044883728,2288.139404296875,1405.872314453125,2305.80224609375,1450.1033935546875,2296.9708251953125,1427.9878540039062,17.662841796875,44.2310791015625
IMG_0038.mp4,9,0.3003,29.97002997002997,4,1,traffic_lights,0.3371824324131012,1698.1932373046875,147.07835388183594,1812.23974609375,362.81329345703125,1755.2164916992188,254.9458236694336,114.0465087890625,215.7349395751953
IMG_0038.mp4,9,0.3003,29.97002997002997,7,2,traffic_signs,0.6405231952667236,2358.5625,1565.1090087890625,2372.12109375,1595.5697021484375,2365.341796875,1580.33935546875,13.55859375,30.460693359375
IMG_0038.mp4,9,0.3003,29.97002997002997,9,2,traffic_signs,0.48825696110725403,2554.93701171875,1539.004638671875,2575.722412109375,1570.5146484375,2565.3297119140625,1554.7596435546875,20.785400390625,31.510009765625
IMG_0038.mp4,9,0.3003,29.97002997002997,1,2,traffic_signs,0.8655043840408325,2444.932861328125,1475.9239501953125,2472.44189453125,1550.0440673828125,2458.6873779296875,1512.9840087890625,27.509033203125,74.1201171875
IMG_0038.mp4,9,0.3003,29.97002997002997,2,2,traffic_signs,0.8474867939949036,2277.22265625,1523.7652587890625,2304.644287109375,1580.574462890625,2290.9334716796875,1552.1698608398438,27.421630859375,56.8092041015625
IMG_0038.mp4,9,0.3003,29.97002997002997,6,1,traffic_lights,0.7539037466049194,2288.6083984375,1405.8961181640625,2306.40185546875,1450.9989013671875,2297.505126953125,1428.447509765625,17.79345703125,45.102783203125
IMG_0038.mp4,9,0.3003,29.97002997002997,5,1,traffic_lights,0.607001543045044,1124.7421875,1420.3739013671875,1154.6793212890625,1462.3115234375,1139.7107543945312,1441.3427124023438,29.9371337890625,41.9376220703125
IMG_0038.mp4,10,0.33366666666666667,29.97002997002997,4,1,traffic_lights,0.6426489353179932,1700.80419921875,147.57986450195312,1814.4730224609375,363.7853698730469,1757.6386108398438,255.6826171875,113.6688232421875,216.20550537109375
IMG_0038.mp4,10,0.33366666666666667,29.97002997002997,7,2,traffic_signs,0.6099417209625244,2358.63623046875,1564.5394287109375,2372.1650390625,1595.335693359375,2365.400634765625,1579.9375610351562,13.52880859375,30.7962646484375
IMG_0038.mp4,10,0.33366666666666667,29.97002997002997,9,2,traffic_signs,0.30724191665649414,2555.49853515625,1539.6380615234375,2575.484619140625,1570.800048828125,2565.4915771484375,1555.2190551757812,19.986083984375,31.1619873046875
IMG_0038.mp4,10,0.33366666666666667,29.97002997002997,1,2,traffic_signs,0.8654933571815491,2445.4619140625,1475.7110595703125,2472.493408203125,1549.5948486328125,2458.9776611328125,1512.6529541015625,27.031494140625,73.8837890625
IMG_0038.mp4,10,0.33366666666666667,29.97002997002997,2,2,traffic_signs,0.850793719291687,2277.260009765625,1523.6103515625,2304.629638671875,1580.30810546875,2290.94482421875,1551.959228515625,27.36962890625,56.69775390625
IMG_0038.mp4,10,0.33366666666666667,29.97002997002997,6,1,traffic_lights,0.7698928713798523,2288.65283203125,1405.647216796875,2306.454345703125,1451.2745361328125,2297.5535888671875,1428.4608764648438,17.801513671875,45.6273193359375
IMG_0038.mp4,10,0.33366666666666667,29.97002997002997,5,1,traffic_lights,0.6697946190834045,1124.3502197265625,1421.08447265625,1154.6527099609375,1464.3011474609375,1139.50146484375,1442.6928100585938,30.302490234375,43.2166748046875
IMG_0038.mp4,11,0.3670333333333333,29.97002997002997,4,1,traffic_lights,0.8367667198181152,1699.7640380859375,148.24356079101562,1815.490966796875,363.7505798339844,1757.6275024414062,255.9970703125,115.7269287109375,215.50701904296875
IMG_0038.mp4,11,0.3670333333333333,29.97002997002997,7,2,traffic_signs,0.6830640435218811,2358.5791015625,1564.8875732421875,2372.436767578125,1596.45703125,2365.5079345703125,1580.6723022460938,13.857666015625,31.5694580078125
IMG_0038.mp4,11,0.3670333333333333,29.97002997002997,1,2,traffic_signs,0.8551141023635864,2445.568603515625,1476.588134765625,2472.396728515625,1550.2435302734375,2458.982666015625,1513.4158325195312,26.828125,73.6553955078125
IMG_0038.mp4,11,0.3670333333333333,29.97002997002997,2,2,traffic_signs,0.8429661989212036,2277.283447265625,1524.340087890625,2304.5205078125,1580.5848388671875,2290.9019775390625,1552.4624633789062,27.237060546875,56.2447509765625
IMG_0038.mp4,11,0.3670333333333333,29.97002997002997,6,1,traffic_lights,0.7797088027000427,2288.76416015625,1406.2779541015625,2306.609130859375,1452.3916015625,2297.6866455078125,1429.3347778320312,17.844970703125,46.1136474609375
IMG_0038.mp4,11,0.3670333333333333,29.97002997002997,5,1,traffic_lights,0.7272186279296875,1122.9222412109375,1422.3670654296875,1152.794189453125,1466.0775146484375,1137.8582153320312,1444.2222900390625,29.8719482421875,43.71044921875
IMG_0038.mp4,11,0.3670333333333333,29.97002997002997,3,1,traffic_lights,0.48981019854545593,1565.4111328125,143.4588165283203,1690.41162109375,362.6863708496094,1627.911376953125,253.07259368896484,125.00048828125,219.22755432128906
IMG_0038.mp4,12,0.40040000000000003,29.97002997002997,4,1,traffic_lights,0.6731958985328674,1701.9571533203125,148.2300262451172,1815.5606689453125,363.9383544921875,1758.7589111328125,256.08419036865234,113.603515625,215.7083282470703
IMG_0038.mp4,12,0.40040000000000003,29.97002997002997,2,2,traffic_signs,0.8637123107910156,2276.935791015625,1524.3353271484375,2304.787109375,1578.6357421875,2290.8614501953125,1551.4855346679688,27.851318359375,54.3004150390625
IMG_0038.mp4,12,0.40040000000000003,29.97002997002997,6,1,traffic_lights,0.5208033919334412,2289.15966796875,1406.72509765625,2307.855712890625,1452.145263671875,2298.5076904296875,1429.4351806640625,18.696044921875,45.420166015625
IMG_0038.mp4,12,0.40040000000000003,29.97002997002997,5,1,traffic_lights,0.7858064770698547,1123.2293701171875,1422.3267822265625,1152.903564453125,1466.07080078125,1138.0664672851562,1444.1987915039062,29.6741943359375,43.7440185546875
IMG_0038.mp4,12,0.40040000000000003,29.97002997002997,3,1,traffic_lights,0.335703581571579,1565.4412841796875,143.12222290039062,1691.1697998046875,363.2200622558594,1628.3055419921875,253.171142578125,125.728515625,220.09783935546875
IMG_0038.mp4,13,0.4337666666666667,29.97002997002997,4,1,traffic_lights,0.8611005544662476,1703.2919921875,148.53475952148438,1816.047607421875,364.0916442871094,1759.6697998046875,256.3132019042969,112.755615234375,215.556884765625
IMG_0038.mp4,13,0.4337666666666667,29.97002997002997,5,1,traffic_lights,0.8148306012153625,1123.7171630859375,1422.7021484375,1153.1796875,1467.7789306640625,1138.4484252929688,1445.2405395507812,29.4625244140625,45.0767822265625
IMG_0038.mp4,13,0.4337666666666667,29.97002997002997,3,1,traffic_lights,0.5391792058944702,1565.896728515625,143.47312927246094,1691.443359375,364.0160827636719,1628.6700439453125,253.7446060180664,125.546630859375,220.54295349121094
IMG_0038.mp4,13,0.4337666666666667,29.97002997002997,9,2,traffic_signs,0.5194486975669861,2556.23779296875,1538.2080078125,2576.200439453125,1573.7705078125,2566.2191162109375,1555.9892578125,19.962646484375,35.5625
IMG_0038.mp4,13,0.4337666666666667,29.97002997002997,7,2,traffic_signs,0.744388997554779,2357.88671875,1562.9849853515625,2372.950439453125,1598.1173095703125,2365.4185791015625,1580.5511474609375,15.063720703125,35.13232421875
IMG_0038.mp4,13,0.4337666666666667,29.97002997002997,1,2,traffic_signs,0.8669668436050415,2445.30517578125,1476.0341796875,2473.33837890625,1549.02587890625,2459.32177734375,1512.530029296875,28.033203125,72.99169921875
IMG_0038.mp4,14,0.46713333333333334,29.97002997002997,4,1,traffic_lights,0.8938029408454895,1700.6876220703125,147.95872497558594,1816.5074462890625,364.04779052734375,1758.5975341796875,256.00325775146484,115.81982421875,216.0890655517578
IMG_0038.mp4,14,0.46713333333333334,29.97002997002997,5,1,traffic_lights,0.7951189279556274,1123.5880126953125,1422.2066650390625,1152.5302734375,1467.2977294921875,1138.0591430664062,1444.752197265625,28.9422607421875,45.091064453125
IMG_0038.mp4,14,0.46713333333333334,29.97002997002997,3,1,traffic_lights,0.8200169801712036,1565.6217041015625,142.63845825195312,1690.7584228515625,362.9486999511719,1628.1900634765625,252.7935791015625,125.13671875,220.31024169921875
IMG_0038.mp4,14,0.46713333333333334,29.97002997002997,9,2,traffic_signs,0.3597307801246643,2556.2275390625,1538.3116455078125,2575.85205078125,1573.926025390625,2566.039794921875,1556.1188354492188,19.62451171875,35.6143798828125
IMG_0038.mp4,14,0.46713333333333334,29.97002997002997,1,2,traffic_signs,0.8578603267669678,2444.896728515625,1475.9788818359375,2473.068359375,1548.87158203125,2458.9825439453125,1512.4252319335938,28.171630859375,72.8927001953125
IMG_0038.mp4,14,0.46713333333333334,29.97002997002997,2,2,traffic_signs,0.8508633971214294,2276.72412109375,1524.28564453125,2305.04150390625,1580.4407958984375,2290.8828125,1552.3632202148438,28.3173828125,56.1551513671875
IMG_0038.mp4,14,0.46713333333333334,29.97002997002997,6,1,traffic_lights,0.8036685585975647,2288.054443359375,1406.0303955078125,2307.543701171875,1451.8878173828125,2297.799072265625,1428.9591064453125,19.4892578125,45.857421875
IMG_0038.mp4,15,0.5005000000000001,29.97002997002997,4,1,traffic_lights,0.8566312789916992,1714.0875244140625,146.2047576904297,1816.665283203125,364.1121826171875,1765.3764038085938,255.1584701538086,102.5777587890625,217.9074249267578
IMG_0038.mp4,15,0.5005000000000001,29.97002997002997,5,1,traffic_lights,0.7771601676940918,1123.5433349609375,1422.4437255859375,1152.9862060546875,1468.0069580078125,1138.2647705078125,1445.225341796875,29.44287109375,45.563232421875
IMG_0038.mp4,15,0.5005000000000001,29.97002997002997,9,2,traffic_signs,0.349950909614563,2556.451171875,1539.02734375,2575.1474609375,1574.3106689453125,2565.79931640625,1556.6690063476562,18.6962890625,35.2833251953125
IMG_0038.mp4,15,0.5005000000000001,29.97002997002997,1,2,traffic_signs,0.8628118634223938,2444.559326171875,1476.4691162109375,2472.634765625,1549.554931640625,2458.5970458984375,1513.0120239257812,28.075439453125,73.0858154296875
IMG_0038.mp4,15,0.5005000000000001,29.97002997002997,2,2,traffic_signs,0.8652045726776123,2276.722900390625,1524.249755859375,2305.063232421875,1580.9114990234375,2290.89306640625,1552.5806274414062,28.34033203125,56.6617431640625
IMG_0038.mp4,15,0.5005000000000001,29.97002997002997,6,1,traffic_lights,0.7668347954750061,2288.3251953125,1406.8421630859375,2306.381103515625,1452.012451171875,2297.3531494140625,1429.4273071289062,18.055908203125,45.1702880859375
IMG_0038.mp4,15,0.5005000000000001,29.97002997002997,7,2,traffic_signs,0.6615973114967346,2357.3125,1564.33935546875,2372.025634765625,1596.806396484375,2364.6690673828125,1580.5728759765625,14.713134765625,32.467041015625
IMG_0038.mp4,16,0.5338666666666667,29.97002997002997,4,1,traffic_lights,0.49152088165283203,1707.7913818359375,147.75099182128906,1816.2420654296875,363.0,1762.0167236328125,255.37549591064453,108.45068359375,215.24900817871094
IMG_0038.mp4,16,0.5338666666666667,29.97002997002997,5,1,traffic_lights,0.6594567894935608,1123.1558837890625,1422.1322021484375,1155.2025146484375,1468.13330078125,1139.17919921875,1445.1327514648438,32.046630859375,46.0010986328125
IMG_0038.mp4,16,0.5338666666666667,29.97002997002997,9,2,traffic_signs,0.33050844073295593,2556.637451171875,1539.4129638671875,2574.62158203125,1573.8040771484375,2565.6295166015625,1556.6085205078125,17.984130859375,34.39111328125
IMG_0038.mp4,16,0.5338666666666667,29.97002997002997,1,2,traffic_signs,0.865825891494751,2444.796875,1476.5970458984375,2472.657470703125,1549.1923828125,2458.7271728515625,1512.8947143554688,27.860595703125,72.5953369140625
IMG_0038.mp4,16,0.5338666666666667,29.97002997002997,2,2,traffic_signs,0.8700405955314636,2276.997802734375,1524.1036376953125,2305.12890625,1580.6348876953125,2291.0633544921875,1552.3692626953125,28.131103515625,56.53125
IMG_0038.mp4,16,0.5338666666666667,29.97002997002997,6,1,traffic_lights,0.7875620126724243,2288.443115234375,1406.66650390625,2306.1845703125,1452.599365234375,2297.3138427734375,1429.6329345703125,17.741455078125,45.932861328125
IMG_0038.mp4,16,0.5338666666666667,29.97002997002997,7,2,traffic_signs,0.6439903378486633,2357.795654296875,1564.757080078125,2371.98779296875,1596.229736328125,2364.8917236328125,1580.493408203125,14.192138671875,31.47265625
IMG_0038.mp4,16,0.5338666666666667,29.97002997002997,3,1,traffic_lights,0.8450661897659302,1566.23388671875,143.25408935546875,1691.0653076171875,356.5657653808594,1628.6495971679688,249.90992736816406,124.8314208984375,213.31167602539062
IMG_0038.mp4,17,0.5672333333333334,29.97002997002997,4,1,traffic_lights,0.8647275567054749,1705.047119140625,149.03683471679688,1817.143310546875,363.2261657714844,1761.09521484375,256.1315002441406,112.09619140625,214.1893310546875
IMG_0038.mp4,17,0.5672333333333334,29.97002997002997,5,1,traffic_lights,0.7078660130500793,1123.363525390625,1421.486572265625,1160.1453857421875,1468.5059814453125,1141.7544555664062,1444.9962768554688,36.7818603515625,47.0194091796875
IMG_0038.mp4,17,0.5672333333333334,29.97002997002997,9,2,traffic_signs,0.3831489086151123,2556.69091796875,1539.5576171875,2575.12060546875,1574.8934326171875,2565.90576171875,1557.2255249023438,18.4296875,35.3358154296875
IMG_0038.mp4,17,0.5672333333333334,29.97002997002997,1,2,traffic_signs,0.8637017011642456,2445.23486328125,1476.9390869140625,2472.96630859375,1549.66162109375,2459.1005859375,1513.3003540039062,27.7314453125,72.7225341796875
IMG_0038.mp4,17,0.5672333333333334,29.97002997002997,2,2,traffic_signs,0.8714277744293213,2277.32373046875,1524.27783203125,2305.387939453125,1581.185546875,2291.3558349609375,1552.731689453125,28.064208984375,56.90771484375
IMG_0038.mp4,17,0.5672333333333334,29.97002997002997,6,1,traffic_lights,0.7968109846115112,2288.73681640625,1406.616455078125,2306.277587890625,1452.8048095703125,2297.5072021484375,1429.7106323242188,17.540771484375,46.1883544921875
IMG_0038.mp4,17,0.5672333333333334,29.97002997002997,7,2,traffic_signs,0.6406095027923584,2358.060546875,1565.02685546875,2372.32861328125,1596.4486083984375,2365.194580078125,1580.7377319335938,14.26806640625,31.4217529296875
IMG_0038.mp4,17,0.5672333333333334,29.97002997002997,3,1,traffic_lights,0.8995807766914368,1566.92626953125,144.3765411376953,1691.4229736328125,355.1622619628906,1629.1746215820312,249.76940155029297,124.4967041015625,210.7857208251953
IMG_0038.mp4,18,0.6006,29.97002997002997,4,1,traffic_lights,0.7054228782653809,1705.4791259765625,148.68264770507812,1816.26416015625,362.478759765625,1760.8716430664062,255.58070373535156,110.7850341796875,213.79611206054688
IMG_0038.mp4,18,0.6006,29.97002997002997,9,2,traffic_signs,0.3296312987804413,2556.60009765625,1539.3621826171875,2574.813232421875,1573.8360595703125,2565.7066650390625,1556.59912109375,18.213134765625,34.473876953125
IMG_0038.mp4,18,0.6006,29.97002997002997,1,2,traffic_signs,0.8611952066421509,2445.101806640625,1476.642822265625,2472.722900390625,1549.4752197265625,2458.912353515625,1513.0590209960938,27.62109375,72.8323974609375
IMG_0038.mp4,18,0.6006,29.97002997002997,2,2,traffic_signs,0.8693448901176453,2277.254150390625,1523.8355712890625,2305.233642578125,1580.8529052734375,2291.243896484375,1552.34423828125,27.9794921875,57.017333984375
IMG_0038.mp4,18,0.6006,29.97002997002997,6,1,traffic_lights,0.797025203704834,2288.650146484375,1406.2503662109375,2306.072265625,1452.4581298828125,2297.3612060546875,1429.354248046875,17.422119140625,46.207763671875
IMG_0038.mp4,18,0.6006,29.97002997002997,7,2,traffic_signs,0.5891174077987671,2358.166015625,1564.9490966796875,2372.260009765625,1595.8785400390625,2365.2130126953125,1580.413818359375,14.093994140625,30.929443359375
IMG_0038.mp4,18,0.6006,29.97002997002997,3,1,traffic_lights,0.8937205672264099,1566.81982421875,143.98385620117188,1690.533935546875,354.4178771972656,1628.6768798828125,249.20086669921875,123.714111328125,210.43402099609375
IMG_0038.mp4,19,0.6339666666666667,29.97002997002997,4,1,traffic_lights,0.8155540823936462,1705.9617919921875,148.5814971923828,1816.1236572265625,362.2055358886719,1761.042724609375,255.39351654052734,110.161865234375,213.62403869628906
IMG_0038.mp4,19,0.6339666666666667,29.97002997002997,9,2,traffic_signs,0.37035638093948364,2556.490478515625,1539.4869384765625,2574.78173828125,1574.0146484375,2565.6361083984375,1556.7507934570312,18.291259765625,34.5277099609375
IMG_0038.mp4,19,0.6339666666666667,29.97002997002997,1,2,traffic_signs,0.8633913993835449,2445.32666015625,1476.6939697265625,2472.602783203125,1549.6397705078125,2458.9647216796875,1513.1668701171875,27.276123046875,72.94580078125
IMG_0038.mp4,19,0.6339666666666667,29.97002997002997,2,2,traffic_signs,0.864173948764801,2277.30517578125,1524.2364501953125,2304.96337890625,1580.893798828125,2291.13427734375,1552.5651245117188,27.658203125,56.6573486328125
IMG_0038.mp4,19,0.6339666666666667,29.97002997002997,6,1,traffic_lights,0.7963786125183105,2288.42529296875,1406.5108642578125,2305.740966796875,1452.5333251953125,2297.0831298828125,1429.5220947265625,17.315673828125,46.0224609375
IMG_0038.mp4,19,0.6339666666666667,29.97002997002997,7,2,traffic_signs,0.5630828142166138,2358.113525390625,1565.421630859375,2372.07568359375,1596.0821533203125,2365.0946044921875,1580.7518920898438,13.962158203125,30.6605224609375
IMG_0038.mp4,19,0.6339666666666667,29.97002997002997,3,1,traffic_lights,0.8912125825881958,1566.4727783203125,144.1255340576172,1690.5802001953125,353.6084289550781,1628.5264892578125,248.86698150634766,124.107421875,209.48289489746094
IMG_0038.mp4,20,0.6673333333333333,29.97002997002997,4,1,traffic_lights,0.8638443946838379,1705.765625,148.90260314941406,1816.5736083984375,361.7449645996094,1761.1696166992188,255.32378387451172,110.8079833984375,212.8423614501953
IMG_0038.mp4,20,0.6673333333333333,29.97002997002997,9,2,traffic_signs,0.3965958058834076,2556.60009765625,1539.6783447265625,2574.874267578125,1574.390380859375,2565.7371826171875,1557.0343627929688,18.274169921875,34.7120361328125
IMG_0038.mp4,20,0.6673333333333333,29.97002997002997,1,2,traffic_signs,0.8631940484046936,2445.2705078125,1476.55126953125,2472.70263671875,1549.8370361328125,2458.986572265625,1513.1941528320312,27.43212890625,73.2857666015625
IMG_0038.mp4,20,0.6673333333333333,29.97002997002997,2,2,traffic_signs,0.8677568435668945,2277.164306640625,1524.154541015625,2304.97900390625,1580.8935546875,2291.0716552734375,1552.5240478515625,27.814697265625,56.739013671875
IMG_0038.mp4,20,0.6673333333333333,29.97002997002997,6,1,traffic_lights,0.7959190607070923,2288.459716796875,1406.5916748046875,2305.671142578125,1452.4837646484375,2297.0654296875,1429.5377197265625,17.21142578125,45.89208984375
IMG_0038.mp4,20,0.6673333333333333,29.97002997002997,7,2,traffic_signs,0.5755772590637207,2358.060791015625,1565.4197998046875,2372.02587890625,1596.10107421875,2365.0433349609375,1580.7604370117188,13.965087890625,30.6812744140625
IMG_0038.mp4,20,0.6673333333333333,29.97002997002997,3,1,traffic_lights,0.8711591362953186,1566.576416015625,144.30755615234375,1690.5042724609375,353.4096984863281,1628.5403442382812,248.85862731933594,123.9278564453125,209.10214233398438
IMG_0038.mp4,21,0.7007,29.97002997002997,4,1,traffic_lights,0.7520184516906738,1704.660888671875,148.37701416015625,1815.911376953125,361.8158264160156,1760.2861328125,255.09642028808594,111.25048828125,213.43881225585938
IMG_0038.mp4,21,0.7007,29.97002997002997,9,2,traffic_signs,0.4009946584701538,2557.288818359375,1539.6419677734375,2575.365966796875,1573.630126953125,2566.327392578125,1556.6360473632812,18.0771484375,33.9881591796875
IMG_0038.mp4,21,0.7007,29.97002997002997,1,2,traffic_signs,0.8609879612922668,2445.673828125,1476.85791015625,2472.7177734375,1550.0626220703125,2459.19580078125,1513.4602661132812,27.0439453125,73.2047119140625
IMG_0038.mp4,21,0.7007,29.97002997002997,2,2,traffic_signs,0.8650063276290894,2277.520751953125,1524.6080322265625,2305.170166015625,1580.91943359375,2291.345458984375,1552.7637329101562,27.6494140625,56.3114013671875
IMG_0038.mp4,21,0.7007,29.97002997002997,6,1,traffic_lights,0.7982219457626343,2288.861572265625,1406.6767578125,2305.85791015625,1452.6610107421875,2297.3597412109375,1429.6688842773438,16.996337890625,45.9842529296875
IMG_0038.mp4,21,0.7007,29.97002997002997,7,2,traffic_signs,0.582962691783905,2358.633544921875,1565.6572265625,2372.525146484375,1596.158935546875,2365.579345703125,1580.9080810546875,13.8916015625,30.501708984375
IMG_0038.mp4,21,0.7007,29.97002997002997,3,1,traffic_lights,0.805827260017395,1566.76904296875,144.0625,1689.3125,353.5468444824219,1628.040771484375,248.80467224121094,122.54345703125,209.48434448242188
IMG_0038.mp4,22,0.7340666666666666,29.97002997002997,4,1,traffic_lights,0.7606610655784607,1703.3228759765625,148.19119262695312,1815.827392578125,361.05902099609375,1759.5751342773438,254.62510681152344,112.5045166015625,212.86782836914062
IMG_0038.mp4,22,0.7340666666666666,29.97002997002997,9,2,traffic_signs,0.48892298340797424,2557.066162109375,1539.5677490234375,2575.373046875,1573.614990234375,2566.2196044921875,1556.5913696289062,18.306884765625,34.0472412109375
IMG_0038.mp4,22,0.7340666666666666,29.97002997002997,1,2,traffic_signs,0.8626980185508728,2445.533935546875,1476.649169921875,2472.90869140625,1550.1385498046875,2459.2213134765625,1513.3938598632812,27.374755859375,73.4893798828125
IMG_0038.mp4,22,0.7340666666666666,29.97002997002997,2,2,traffic_signs,0.8681749701499939,2277.40185546875,1524.2545166015625,2305.20654296875,1581.0352783203125,2291.30419921875,1552.6448974609375,27.8046875,56.78076171875
IMG_0038.mp4,22,0.7340666666666666,29.97002997002997,6,1,traffic_lights,0.7909245491027832,2289.059814453125,1406.32080078125,2305.9072265625,1452.4459228515625,2297.4835205078125,1429.3833618164062,16.847412109375,46.1251220703125
IMG_0038.mp4,22,0.7340666666666666,29.97002997002997,7,2,traffic_signs,0.6479239463806152,2358.583251953125,1564.892822265625,2372.63037109375,1596.124755859375,2365.6068115234375,1580.5087890625,14.047119140625,31.23193359375
IMG_0038.mp4,22,0.7340666666666666,29.97002997002997,3,1,traffic_lights,0.8068711757659912,1567.0120849609375,143.5830535888672,1689.501708984375,353.1902770996094,1628.2568969726562,248.38666534423828,122.4896240234375,209.6072235107422
IMG_0038.mp4,23,0.7674333333333333,29.97002997002997,4,1,traffic_lights,0.6839534044265747,1702.6729736328125,148.80670166015625,1815.8876953125,360.6408996582031,1759.2803344726562,254.7238006591797,113.2147216796875,211.83419799804688
IMG_0038.mp4,23,0.7674333333333333,29.97002997002997,9,2,traffic_signs,0.5556838512420654,2556.715576171875,1539.8011474609375,2575.218505859375,1574.314453125,2565.967041015625,1557.0578002929688,18.5029296875,34.5133056640625
IMG_0038.mp4,23,0.7674333333333333,29.97002997002997,1,2,traffic_signs,0.8664650917053223,2445.224853515625,1476.5523681640625,2472.763916015625,1550.0526123046875,2458.994384765625,1513.302490234375,27.5390625,73.500244140625
IMG_0038.mp4,23,0.7674333333333333,29.97002997002997,2,2,traffic_signs,0.876501202583313,2277.158203125,1523.754638671875,2305.398193359375,1581.17626953125,2291.2781982421875,1552.4654541015625,28.239990234375,57.421630859375
IMG_0038.mp4,23,0.7674333333333333,29.97002997002997,6,1,traffic_lights,0.7859880924224854,2289.213134765625,1406.1925048828125,2305.9462890625,1452.0677490234375,2297.5797119140625,1429.130126953125,16.733154296875,45.875244140625
IMG_0038.mp4,23,0.7674333333333333,29.97002997002997,7,2,traffic_signs,0.6227051615715027,2358.2529296875,1564.8209228515625,2372.72119140625,1596.160400390625,2365.487060546875,1580.4906616210938,14.46826171875,31.3394775390625
IMG_0038.mp4,23,0.7674333333333333,29.97002997002997,3,1,traffic_lights,0.8523088693618774,1566.869873046875,143.54933166503906,1689.854248046875,352.8569641113281,1628.362060546875,248.2031478881836,122.984375,209.30763244628906
IMG_0038.mp4,24,0.8008000000000001,29.97002997002997,4,1,traffic_lights,0.7949540615081787,1697.93212890625,147.0069580078125,1813.9945068359375,361.2276916503906,1755.9633178710938,254.11732482910156,116.0623779296875,214.22073364257812
IMG_0038.mp4,24,0.8008000000000001,29.97002997002997,9,2,traffic_signs,0.5564488172531128,2556.4853515625,1539.78564453125,2575.0810546875,1573.85205078125,2565.783203125,1556.81884765625,18.595703125,34.06640625
IMG_0038.mp4,24,0.8008000000000001,29.97002997002997,1,2,traffic_signs,0.8660213351249695,2444.94921875,1476.9141845703125,2472.6962890625,1550.1973876953125,2458.82275390625,1513.5557861328125,27.7470703125,73.283203125
IMG_0038.mp4,24,0.8008000000000001,29.97002997002997,2,2,traffic_signs,0.8754609227180481,2276.551513671875,1523.842041015625,2305.204345703125,1580.959228515625,2290.8779296875,1552.400634765625,28.65283203125,57.1171875
IMG_0038.mp4,24,0.8008000000000001,29.97002997002997,6,1,traffic_lights,0.762760579586029,2289.25634765625,1406.70166015625,2305.655517578125,1451.9339599609375,2297.4559326171875,1429.3178100585938,16.399169921875,45.2322998046875
IMG_0038.mp4,24,0.8008000000000001,29.97002997002997,7,2,traffic_signs,0.6274178624153137,2357.85302734375,1565.0191650390625,2372.426025390625,1596.125732421875,2365.1395263671875,1580.5724487304688,14.572998046875,31.1065673828125
IMG_0038.mp4,25,0.8341666666666667,29.97002997002997,4,1,traffic_lights,0.30647557973861694,1700.734375,146.8726806640625,1815.4205322265625,360.5177307128906,1758.0774536132812,253.69520568847656,114.6861572265625,213.64505004882812
IMG_0038.mp4,25,0.8341666666666667,29.97002997002997,9,2,traffic_signs,0.5108901858329773,2556.431640625,1539.077392578125,2576.0712890625,1573.2491455078125,2566.25146484375,1556.1632690429688,19.6396484375,34.1717529296875
IMG_0038.mp4,25,0.8341666666666667,29.97002997002997,1,2,traffic_signs,0.8555219173431396,2444.76806640625,1477.1480712890625,2472.809814453125,1549.7269287109375,2458.7889404296875,1513.4375,28.041748046875,72.578857421875
IMG_0038.mp4,25,0.8341666666666667,29.97002997002997,2,2,traffic_signs,0.8622951507568359,2276.19873046875,1524.06591796875,2305.55419921875,1580.403076171875,2290.87646484375,1552.2344970703125,29.35546875,56.337158203125
IMG_0038.mp4,25,0.8341666666666667,29.97002997002997,6,1,traffic_lights,0.78577721118927,2288.867919921875,1406.988525390625,2306.33935546875,1452.1888427734375,2297.6036376953125,1429.5886840820312,17.471435546875,45.2003173828125
IMG_0038.mp4,25,0.8341666666666667,29.97002997002997,7,2,traffic_signs,0.4172690212726593,2357.241455078125,1565.325439453125,2372.835693359375,1595.9764404296875,2365.03857421875,1580.6509399414062,15.59423828125,30.6510009765625
IMG_0038.mp4,25,0.8341666666666667,29.97002997002997,3,1,traffic_lights,0.9004921913146973,1566.94775390625,143.1107635498047,1689.1986083984375,353.0459899902344,1628.0731811523438,248.07837677001953,122.2508544921875,209.9352264404297
IMG_0038.mp4,26,0.8675333333333334,29.97002997002997,4,1,traffic_lights,0.8658906817436218,1702.2437744140625,147.8775634765625,1815.88671875,360.6448059082031,1759.0652465820312,254.2611846923828,113.6429443359375,212.76724243164062
IMG_0038.mp4,26,0.8675333333333334,29.97002997002997,9,2,traffic_signs,0.3885410726070404,2556.6005859375,1539.3875732421875,2575.608642578125,1574.318359375,2566.1046142578125,1556.8529663085938,19.008056640625,34.9307861328125
IMG_0038.mp4,26,0.8675333333333334,29.97002997002997,1,2,traffic_signs,0.8601522445678711,2445.03759765625,1476.3245849609375,2472.75390625,1549.8612060546875,2458.895751953125,1513.0928955078125,27.71630859375,73.53662109375
IMG_0038.mp4,26,0.8675333333333334,29.97002997002997,2,2,traffic_signs,0.865135133266449,2277.21728515625,1524.7064208984375,2304.83984375,1580.0966796875,2291.028564453125,1552.4015502929688,27.62255859375,55.3902587890625
IMG_0038.mp4,26,0.8675333333333334,29.97002997002997,7,2,traffic_signs,0.6360922455787659,2357.861328125,1565.5111083984375,2372.61083984375,1596.1298828125,2365.236083984375,1580.8204956054688,14.74951171875,30.6187744140625
IMG_0038.mp4,26,0.8675333333333334,29.97002997002997,3,1,traffic_lights,0.855516254901886,1566.8408203125,143.1334991455078,1689.3143310546875,353.38360595703125,1628.0775756835938,248.25855255126953,122.4735107421875,210.25010681152344
IMG_0038.mp4,27,0.9009,29.97002997002997,4,1,traffic_lights,0.7592712640762329,1704.8604736328125,148.08277893066406,1814.9024658203125,360.5832214355469,1759.8814697265625,254.33300018310547,110.0419921875,212.5004425048828
IMG_0038.mp4,27,0.9009,29.97002997002997,2,2,traffic_signs,0.8722031116485596,2276.8046875,1524.3138427734375,2304.91943359375,1580.4251708984375,2290.862060546875,1552.3695068359375,28.11474609375,56.111328125
IMG_0038.mp4,27,0.9009,29.97002997002997,7,2,traffic_signs,0.5550770163536072,2357.930419921875,1564.7718505859375,2372.21240234375,1595.7001953125,2365.0714111328125,1580.2360229492188,14.281982421875,30.9283447265625
IMG_0038.mp4,27,0.9009,29.97002997002997,3,1,traffic_lights,0.8377947807312012,1566.96533203125,143.2200927734375,1688.8658447265625,353.3847961425781,1627.9155883789062,248.3024444580078,121.9005126953125,210.16470336914062
IMG_0038.mp4,27,0.9009,29.97002997002997,6,1,traffic_lights,0.7994627952575684,2288.405517578125,1406.8404541015625,2306.4296875,1452.969482421875,2297.4176025390625,1429.9049682617188,18.024169921875,46.1290283203125
IMG_0038.mp4,28,0.9342666666666667,29.97002997002997,4,1,traffic_lights,0.8090587854385376,1705.01611328125,148.21878051757812,1814.83740234375,360.3567810058594,1759.9267578125,254.28778076171875,109.8212890625,212.13800048828125
IMG_0038.mp4,28,0.9342666666666667,29.97002997002997,2,2,traffic_signs,0.8643705248832703,2276.9736328125,1524.335693359375,2304.852294921875,1580.845947265625,2290.9129638671875,1552.5908203125,27.878662109375,56.51025390625
IMG_0038.mp4,28,0.9342666666666667,29.97002997002997,7,2,traffic_signs,0.4269896149635315,2358.454833984375,1565.9970703125,2372.0263671875,1596.7779541015625,2365.2406005859375,1581.3875122070312,13.571533203125,30.7808837890625
IMG_0038.mp4,28,0.9342666666666667,29.97002997002997,3,1,traffic_lights,0.8316296935081482,1567.00244140625,143.34390258789062,1689.340576171875,353.2814025878906,1628.1715087890625,248.31265258789062,122.338134765625,209.9375
IMG_0038.mp4,28,0.9342666666666667,29.97002997002997,6,1,traffic_lights,0.7848369479179382,2288.1875,1407.3975830078125,2305.99365234375,1453.1680908203125,2297.090576171875,1430.2828369140625,17.80615234375,45.7705078125
IMG_0038.mp4,28,0.9342666666666667,29.97002997002997,5,1,traffic_lights,0.4036049544811249,1123.6246337890625,1424.2255859375,1153.6802978515625,1468.6224365234375,1138.6524658203125,1446.4240112304688,30.0556640625,44.3968505859375
IMG_0038.mp4,28,0.9342666666666667,29.97002997002997,9,2,traffic_signs,0.43889838457107544,2556.75537109375,1539.3338623046875,2574.869384765625,1574.76123046875,2565.8123779296875,1557.0475463867188,18.114013671875,35.4273681640625
IMG_0038.mp4,28,0.9342666666666667,29.97002997002997,1,2,traffic_signs,0.8509889841079712,2445.704833984375,1476.7569580078125,2472.54248046875,1549.7977294921875,2459.1236572265625,1513.27734375,26.837646484375,73.040771484375
IMG_0038.mp4,29,0.9676333333333333,29.97002997002997,4,1,traffic_lights,0.7863601446151733,1704.833251953125,147.94351196289062,1814.67919921875,360.32891845703125,1759.7562255859375,254.13621520996094,109.845947265625,212.38540649414062
IMG_0038.mp4,29,0.9676333333333333,29.97002997002997,2,2,traffic_signs,0.8777695894241333,2276.419189453125,1523.7366943359375,2304.644775390625,1580.61767578125,2290.531982421875,1552.1771850585938,28.2255859375,56.8809814453125
IMG_0038.mp4,29,0.9676333333333333,29.97002997002997,7,2,traffic_signs,0.26368531584739685,2358.05908203125,1565.8453369140625,2371.3896484375,1596.1654052734375,2364.724365234375,1581.00537109375,13.33056640625,30.320068359375
IMG_0038.mp4,29,0.9676333333333333,29.97002997002997,3,1,traffic_lights,0.8662526607513428,1566.56494140625,142.9050750732422,1689.51904296875,353.2184143066406,1628.0419921875,248.0617446899414,122.9541015625,210.31333923339844
IMG_0038.mp4,29,0.9676333333333333,29.97002997002997,6,1,traffic_lights,0.8050220012664795,2288.115234375,1406.669921875,2305.25732421875,1452.51416015625,2296.686279296875,1429.592041015625,17.14208984375,45.84423828125
IMG_0038.mp4,29,0.9676333333333333,29.97002997002997,5,1,traffic_lights,0.4401889145374298,1123.650390625,1423.8353271484375,1154.4437255859375,1468.9222412109375,1139.0470581054688,1446.3787841796875,30.7933349609375,45.0869140625
IMG_0038.mp4,29,0.9676333333333333,29.97002997002997,1,2,traffic_signs,0.8597842454910278,2445.367919921875,1476.766845703125,2471.96435546875,1549.6224365234375,2458.6661376953125,1513.1946411132812,26.596435546875,72.8555908203125
IMG_0038.mp4,30,1.0010000000000001,29.97002997002997,4,1,traffic_lights,0.6406830549240112,1704.4139404296875,147.8245849609375,1814.0909423828125,360.84490966796875,1759.25244140625,254.33474731445312,109.677001953125,213.02032470703125
IMG_0038.mp4,30,1.0010000000000001,29.97002997002997,2,2,traffic_signs,0.8747353553771973,2276.219970703125,1524.005126953125,2304.6533203125,1580.8004150390625,2290.4366455078125,1552.4027709960938,28.433349609375,56.7952880859375
IMG_0038.mp4,30,1.0010000000000001,29.97002997002997,7,2,traffic_signs,0.33191174268722534,2358.00830078125,1566.3482666015625,2371.3623046875,1596.2755126953125,2364.685302734375,1581.3118896484375,13.35400390625,29.92724609375
IMG_0038.mp4,30,1.0010000000000001,29.97002997002997,3,1,traffic_lights,0.8749668598175049,1566.5018310546875,143.0149688720703,1689.214111328125,353.4993591308594,1627.8579711914062,248.25716400146484,122.7122802734375,210.48439025878906
IMG_0038.mp4,30,1.0010000000000001,29.97002997002997,6,1,traffic_lights,0.7690236568450928,2288.016845703125,1407.1119384765625,2304.8798828125,1452.050537109375,2296.4483642578125,1429.5812377929688,16.863037109375,44.9385986328125
IMG_0038.mp4,30,1.0010000000000001,29.97002997002997,5,1,traffic_lights,0.5414519309997559,1123.83984375,1424.066162109375,1155.640625,1470.4901123046875,1139.740234375,1447.2781372070312,31.80078125,46.4239501953125
IMG_0038.mp4,30,1.0010000000000001,29.97002997002997,1,2,traffic_signs,0.8580017685890198,2445.19189453125,1477.5802001953125,2471.8798828125,1550.0867919921875,2458.535888671875,1513.83349609375,26.68798828125,72.506591796875
IMG_0038.mp4,30,1.0010000000000001,29.97002997002997,9,2,traffic_signs,0.3314375877380371,2556.637939453125,1539.8330078125,2573.9853515625,1573.5068359375,2565.3116455078125,1556.669921875,17.347412109375,33.673828125
IMG_0038.mp4,31,1.0343666666666667,29.97002997002997,4,1,traffic_lights,0.7396678924560547,1704.1727294921875,147.9835662841797,1814.941162109375,361.0917663574219,1759.5569458007812,254.53766632080078,110.7684326171875,213.1082000732422
IMG_0038.mp4,31,1.0343666666666667,29.97002997002997,2,2,traffic_signs,0.868287205696106,2276.625732421875,1523.7198486328125,2305.06689453125,1580.26220703125,2290.8463134765625,1551.9910278320312,28.441162109375,56.5423583984375
IMG_0038.mp4,31,1.0343666666666667,29.97002997002997,7,2,traffic_signs,0.4372531771659851,2358.25146484375,1565.692626953125,2371.6865234375,1595.791015625,2364.968994140625,1580.7418212890625,13.43505859375,30.098388671875
IMG_0038.mp4,31,1.0343666666666667,29.97002997002997,3,1,traffic_lights,0.8316437005996704,1566.528076171875,143.29983520507812,1689.9794921875,353.75244140625,1628.2537841796875,248.52613830566406,123.451416015625,210.45260620117188
IMG_0038.mp4,31,1.0343666666666667,29.97002997002997,6,1,traffic_lights,0.7900136113166809,2288.23583984375,1406.8671875,2305.183349609375,1451.6712646484375,2296.7095947265625,1429.2692260742188,16.947509765625,44.8040771484375
IMG_0038.mp4,31,1.0343666666666667,29.97002997002997,1,2,traffic_signs,0.8591248989105225,2445.373779296875,1477.42138671875,2472.17822265625,1549.595458984375,2458.7760009765625,1513.5084228515625,26.804443359375,72.174072265625
IMG_0038.mp4,31,1.0343666666666667,29.97002997002997,9,2,traffic_signs,0.3542077839374542,2556.59716796875,1539.84033203125,2574.52099609375,1573.016845703125,2565.55908203125,1556.4285888671875,17.923828125,33.176513671875
IMG_0038.mp4,32,1.0677333333333334,29.97002997002997,2,2,traffic_signs,0.8648785948753357,2276.535888671875,1523.9849853515625,2305.083251953125,1580.5892333984375,2290.8095703125,1552.287109375,28.54736328125,56.604248046875
IMG_0038.mp4,32,1.0677333333333334,29.97002997002997,7,2,traffic_signs,0.43745267391204834,2358.0654296875,1565.9403076171875,2372.016357421875,1596.25634765625,2365.0408935546875,1581.0983276367188,13.950927734375,30.3160400390625
IMG_0038.mp4,32,1.0677333333333334,29.97002997002997,3,1,traffic_lights,0.6856622099876404,1565.4794921875,144.15509033203125,1772.7113037109375,356.6998291015625,1669.0953979492188,250.42745971679688,207.2318115234375,212.54473876953125
IMG_0038.mp4,32,1.0677333333333334,29.97002997002997,6,1,traffic_lights,0.7796562910079956,2288.314208984375,1406.998046875,2305.511962890625,1452.3304443359375,2296.9130859375,1429.6642456054688,17.19775390625,45.3323974609375
IMG_0038.mp4,32,1.0677333333333334,29.97002997002997,1,2,traffic_signs,0.8604175448417664,2445.378173828125,1477.24462890625,2472.404296875,1550.1112060546875,2458.8912353515625,1513.6779174804688,27.026123046875,72.8665771484375
IMG_0038.mp4,32,1.0677333333333334,29.97002997002997,9,2,traffic_signs,0.3548741042613983,2556.3671875,1540.48779296875,2574.332763671875,1573.9635009765625,2565.3499755859375,1557.2256469726562,17.965576171875,33.4757080078125
IMG_0038.mp4,32,1.0677333333333334,29.97002997002997,5,1,traffic_lights,0.6145516633987427,1123.579833984375,1422.3385009765625,1155.1612548828125,1471.37646484375,1139.3705444335938,1446.8574829101562,31.5814208984375,49.0379638671875
IMG_0038.mp4,33,1.1011,29.97002997002997,2,2,traffic_signs,0.8753832578659058,2275.89794921875,1523.360595703125,2305.12109375,1580.1925048828125,2290.509521484375,1551.7765502929688,29.22314453125,56.8319091796875
IMG_0038.mp4,33,1.1011,29.97002997002997,6,1,traffic_lights,0.8061865568161011,2287.95166015625,1406.13525390625,2305.17236328125,1451.5853271484375,2296.56201171875,1428.8602905273438,17.220703125,45.4500732421875
IMG_0038.mp4,33,1.1011,29.97002997002997,1,2,traffic_signs,0.86171954870224,2445.05908203125,1476.6348876953125,2472.15283203125,1549.9334716796875,2458.60595703125,1513.2841796875,27.09375,73.298583984375
IMG_0038.mp4,33,1.1011,29.97002997002997,9,2,traffic_signs,0.35891446471214294,2556.28466796875,1539.4486083984375,2574.746337890625,1572.8575439453125,2565.5155029296875,1556.153076171875,18.461669921875,33.408935546875
IMG_0038.mp4,33,1.1011,29.97002997002997,4,1,traffic_lights,0.5257096886634827,1700.2305908203125,147.91465759277344,1814.90283203125,363.1988830566406,1757.5667114257812,255.55677032470703,114.6722412109375,215.2842254638672
IMG_0038.mp4,34,1.1344666666666667,29.97002997002997,4,1,traffic_lights,0.4110874533653259,1697.840087890625,148.2211151123047,1815.2584228515625,362.0678405761719,1756.5492553710938,255.14447784423828,117.4183349609375,213.8467254638672
IMG_0038.mp4,34,1.1344666666666667,29.97002997002997,5,1,traffic_lights,0.7170447707176208,1120.91845703125,1422.9501953125,1163.009521484375,1470.3416748046875,1141.9639892578125,1446.6459350585938,42.091064453125,47.3914794921875
IMG_0038.mp4,35,1.1678333333333333,29.97002997002997,4,1,traffic_lights,0.31229186058044434,1697.4300537109375,148.23635864257812,1815.817138671875,361.8819274902344,1756.6235961914062,255.05914306640625,118.3870849609375,213.64556884765625
IMG_0038.mp4,35,1.1678333333333333,29.97002997002997,5,1,traffic_lights,0.278889924287796,1122.0205078125,1423.15576171875,1159.2822265625,1468.7069091796875,1140.6513671875,1445.9313354492188,37.26171875,45.5511474609375
IMG_0038.mp4,35,1.1678333333333333,29.97002997002997,2,2,traffic_signs,0.8397347331047058,2277.092529296875,1523.704833984375,2304.241943359375,1578.3818359375,2290.667236328125,1551.0433349609375,27.1494140625,54.677001953125
IMG_0038.mp4,35,1.1678333333333333,29.97002997002997,6,1,traffic_lights,0.7769694924354553,2289.253173828125,1406.184814453125,2306.9189453125,1453.5499267578125,2298.0860595703125,1429.8673706054688,17.665771484375,47.3651123046875
IMG_0038.mp4,35,1.1678333333333333,29.97002997002997,1,2,traffic_signs,0.8323185443878174,2446.0595703125,1476.042724609375,2472.890625,1551.26904296875,2459.47509765625,1513.6558837890625,26.8310546875,75.226318359375
IMG_0038.mp4,36,1.2012,29.97002997002997,4,1,traffic_lights,0.6015108227729797,1700.9716796875,147.70223999023438,1815.326416015625,362.8806457519531,1758.1490478515625,255.29144287109375,114.354736328125,215.17840576171875
IMG_0038.mp4,36,1.2012,29.97002997002997,5,1,traffic_lights,0.7302740812301636,1122.8653564453125,1423.677734375,1157.228271484375,1468.5579833984375,1140.0468139648438,1446.1178588867188,34.3629150390625,44.8802490234375
IMG_0038.mp4,36,1.2012,29.97002997002997,2,2,traffic_signs,0.8582981824874878,2277.5556640625,1524.1993408203125,2305.00927734375,1579.53466796875,2291.282470703125,1551.8670043945312,27.45361328125,55.3353271484375
IMG_0038.mp4,36,1.2012,29.97002997002997,6,1,traffic_lights,0.763592541217804,2289.65478515625,1406.7122802734375,2306.882080078125,1454.1903076171875,2298.2684326171875,1430.4512939453125,17.227294921875,47.47802734375
IMG_0038.mp4,36,1.2012,29.97002997002997,1,2,traffic_signs,0.8558850288391113,2446.394775390625,1476.4530029296875,2473.24560546875,1551.4259033203125,2459.8201904296875,1513.939453125,26.850830078125,74.972900390625
IMG_0038.mp4,36,1.2012,29.97002997002997,7,2,traffic_signs,0.4921378493309021,2359.352783203125,1564.8499755859375,2373.37353515625,1595.260986328125,2366.3631591796875,1580.0554809570312,14.020751953125,30.4110107421875
IMG_0038.mp4,36,1.2012,29.97002997002997,9,2,traffic_signs,0.3424035906791687,2555.607177734375,1541.1785888671875,2575.580810546875,1572.1884765625,2565.593994140625,1556.6835327148438,19.9736328125,31.0098876953125
IMG_0038.mp4,37,1.2345666666666666,29.97002997002997,4,1,traffic_lights,0.7922125458717346,1701.7381591796875,147.72955322265625,1815.4659423828125,362.4007568359375,1758.60205078125,255.06515502929688,113.727783203125,214.67120361328125
IMG_0038.mp4,37,1.2345666666666666,29.97002997002997,5,1,traffic_lights,0.7780927419662476,1123.231201171875,1422.6759033203125,1155.565185546875,1467.968994140625,1139.398193359375,1445.3224487304688,32.333984375,45.2930908203125
IMG_0038.mp4,37,1.2345666666666666,29.97002997002997,2,2,traffic_signs,0.8580249547958374,2277.09716796875,1523.3883056640625,2304.542724609375,1578.8961181640625,2290.8199462890625,1551.1422119140625,27.445556640625,55.5078125
IMG_0038.mp4,37,1.2345666666666666,29.97002997002997,6,1,traffic_lights,0.7743218541145325,2289.330322265625,1406.3887939453125,2306.395751953125,1453.874755859375,2297.863037109375,1430.1317749023438,17.0654296875,47.4859619140625
IMG_0038.mp4,37,1.2345666666666666,29.97002997002997,1,2,traffic_signs,0.859258770942688,2445.84521484375,1476.272705078125,2472.270751953125,1550.435546875,2459.0579833984375,1513.3541259765625,26.425537109375,74.162841796875
IMG_0038.mp4,37,1.2345666666666666,29.97002997002997,7,2,traffic_signs,0.556144118309021,2358.827392578125,1564.20263671875,2372.8583984375,1594.7626953125,2365.8428955078125,1579.482666015625,14.031005859375,30.56005859375
IMG_0038.mp4,38,1.2679333333333334,29.97002997002997,4,1,traffic_lights,0.9099678993225098,1702.40283203125,148.3910369873047,1816.2618408203125,363.6746520996094,1759.3323364257812,256.03284454345703,113.8590087890625,215.2836151123047
IMG_0038.mp4,38,1.2679333333333334,29.97002997002997,5,1,traffic_lights,0.8191881775856018,1123.6717529296875,1422.8240966796875,1154.8675537109375,1467.5064697265625,1139.2696533203125,1445.165283203125,31.19580078125,44.682373046875
IMG_0038.mp4,38,1.2679333333333334,29.97002997002997,2,2,traffic_signs,0.8583065271377563,2277.27783203125,1524.0272216796875,2304.44775390625,1579.3411865234375,2290.86279296875,1551.6842041015625,27.169921875,55.31396484375
IMG_0038.mp4,38,1.2679333333333334,29.97002997002997,6,1,traffic_lights,0.7669308185577393,2289.69091796875,1407.3909912109375,2306.589111328125,1454.455322265625,2298.1400146484375,1430.9231567382812,16.898193359375,47.0643310546875
IMG_0038.mp4,38,1.2679333333333334,29.97002997002997,1,2,traffic_signs,0.8604214787483215,2446.0400390625,1477.0455322265625,2472.290771484375,1550.6845703125,2459.1654052734375,1513.8650512695312,26.250732421875,73.6390380859375
IMG_0038.mp4,38,1.2679333333333334,29.97002997002997,7,2,traffic_signs,0.5625813603401184,2358.923828125,1564.96337890625,2372.884765625,1595.2506103515625,2365.904296875,1580.1069946289062,13.9609375,30.2872314453125
IMG_0038.mp4,38,1.2679333333333334,29.97002997002997,3,1,traffic_lights,0.7181581854820251,1566.6749267578125,144.1053466796875,1702.3724365234375,359.1421203613281,1634.523681640625,251.6237335205078,135.697509765625,215.03677368164062
IMG_0038.mp4,39,1.3013000000000001,29.97002997002997,4,1,traffic_lights,0.8397560715675354,1702.7464599609375,147.96531677246094,1815.9288330078125,364.0377502441406,1759.337646484375,256.0015335083008,113.182373046875,216.0724334716797
IMG_0038.mp4,39,1.3013000000000001,29.97002997002997,5,1,traffic_lights,0.8564061522483826,1124.6033935546875,1422.265380859375,1154.73193359375,1467.39501953125,1139.6676635742188,1444.8302001953125,30.1285400390625,45.129638671875
IMG_0038.mp4,39,1.3013000000000001,29.97002997002997,2,2,traffic_signs,0.8660981059074402,2277.125244140625,1523.737548828125,2304.466796875,1579.2579345703125,2290.7960205078125,1551.4977416992188,27.341552734375,55.5203857421875
IMG_0038.mp4,39,1.3013000000000001,29.97002997002997,6,1,traffic_lights,0.7632017135620117,2289.475830078125,1406.925537109375,2306.421142578125,1454.049560546875,2297.948486328125,1430.487548828125,16.9453125,47.1240234375
IMG_0038.mp4,39,1.3013000000000001,29.97002997002997,1,2,traffic_signs,0.8554556369781494,2445.811279296875,1476.9130859375,2472.211181640625,1550.75341796875,2459.01123046875,1513.833251953125,26.39990234375,73.84033203125
IMG_0038.mp4,39,1.3013000000000001,29.97002997002997,7,2,traffic_signs,0.55059415102005,2358.949462890625,1564.591552734375,2372.655029296875,1594.8773193359375,2365.80224609375,1579.7344360351562,13.70556640625,30.2857666015625
IMG_0038.mp4,39,1.3013000000000001,29.97002997002997,3,1,traffic_lights,0.6813318133354187,1566.2720947265625,143.6549072265625,1693.099609375,359.7323303222656,1629.6858520507812,251.69361877441406,126.8275146484375,216.07742309570312
IMG_0038.mp4,40,1.3346666666666667,29.97002997002997,4,1,traffic_lights,0.9092777967453003,1702.0384521484375,147.88693237304688,1816.2303466796875,364.06939697265625,1759.1343994140625,255.97816467285156,114.19189453125,216.18246459960938
IMG_0038.mp4,40,1.3346666666666667,29.97002997002997,5,1,traffic_lights,0.8461077213287354,1124.3828125,1422.08349609375,1154.5755615234375,1467.2630615234375,1139.4791870117188,1444.6732788085938,30.1927490234375,45.1795654296875
IMG_0038.mp4,40,1.3346666666666667,29.97002997002997,2,2,traffic_signs,0.8656297922134399,2276.7421875,1523.8746337890625,2304.558349609375,1579.1671142578125,2290.6502685546875,1551.5208740234375,27.816162109375,55.29248046875
IMG_0038.mp4,40,1.3346666666666667,29.97002997002997,6,1,traffic_lights,0.7684200406074524,2289.3046875,1406.922607421875,2306.267822265625,1453.9915771484375,2297.7862548828125,1430.4570922851562,16.963134765625,47.0689697265625
IMG_0038.mp4,40,1.3346666666666667,29.97002997002997,1,2,traffic_signs,0.8589482307434082,2445.4931640625,1476.91455078125,2472.25830078125,1550.991943359375,2458.875732421875,1513.9532470703125,26.76513671875,74.077392578125
IMG_0038.mp4,40,1.3346666666666667,29.97002997002997,7,2,traffic_signs,0.530886173248291,2358.5849609375,1564.765869140625,2372.27392578125,1595.3134765625,2365.429443359375,1580.0396728515625,13.68896484375,30.547607421875
IMG_0038.mp4,40,1.3346666666666667,29.97002997002997,3,1,traffic_lights,0.7295827865600586,1566.5858154296875,143.8928985595703,1690.88818359375,359.7673034667969,1628.7369995117188,251.8301010131836,124.3023681640625,215.87440490722656
IMG_0038.mp4,40,1.3346666666666667,29.97002997002997,9,2,traffic_signs,0.2821655571460724,2553.1650390625,1541.08056640625,2573.16650390625,1573.1947021484375,2563.165771484375,1557.1376342773438,20.00146484375,32.1141357421875
IMG_0038.mp4,41,1.3680333333333334,29.97002997002997,4,1,traffic_lights,0.8995254039764404,1701.368896484375,147.88076782226562,1816.2747802734375,364.4975280761719,1758.8218383789062,256.18914794921875,114.9058837890625,216.61676025390625
IMG_0038.mp4,41,1.3680333333333334,29.97002997002997,5,1,traffic_lights,0.8350322842597961,1124.748779296875,1421.682861328125,1154.6219482421875,1465.8116455078125,1139.6853637695312,1443.7472534179688,29.8731689453125,44.1287841796875
IMG_0038.mp4,41,1.3680333333333334,29.97002997002997,2,2,traffic_signs,0.8661635518074036,2276.740234375,1523.550048828125,2304.535888671875,1578.93701171875,2290.6380615234375,1551.2435302734375,27.795654296875,55.386962890625
IMG_0038.mp4,41,1.3680333333333334,29.97002997002997,6,1,traffic_lights,0.7700815796852112,2289.1611328125,1406.5618896484375,2306.0380859375,1453.6748046875,2297.599609375,1430.1183471679688,16.876953125,47.1129150390625
IMG_0038.mp4,41,1.3680333333333334,29.97002997002997,1,2,traffic_signs,0.8574625253677368,2445.5966796875,1476.918701171875,2472.253662109375,1550.1192626953125,2458.9251708984375,1513.5189819335938,26.656982421875,73.2005615234375
IMG_0038.mp4,41,1.3680333333333334,29.97002997002997,7,2,traffic_signs,0.5106092095375061,2358.5546875,1564.9742431640625,2372.0341796875,1595.19189453125,2365.29443359375,1580.0830688476562,13.4794921875,30.2176513671875
IMG_0038.mp4,41,1.3680333333333334,29.97002997002997,3,1,traffic_lights,0.8012961149215698,1566.9921875,144.1253204345703,1690.366943359375,360.1612548828125,1628.6795654296875,252.1432876586914,123.374755859375,216.0359344482422
IMG_0038.mp4,42,1.4014,29.97002997002997,4,1,traffic_lights,0.7799918055534363,1702.4794921875,147.5459442138672,1815.0479736328125,364.04620361328125,1758.7637329101562,255.79607391357422,112.5684814453125,216.50025939941406
IMG_0038.mp4,42,1.4014,29.97002997002997,5,1,traffic_lights,0.8426850438117981,1124.664794921875,1421.7681884765625,1154.2999267578125,1465.9312744140625,1139.4823608398438,1443.8497314453125,29.6351318359375,44.1630859375
IMG_0038.mp4,42,1.4014,29.97002997002997,2,2,traffic_signs,0.8664815425872803,2276.845703125,1523.72900390625,2304.64013671875,1579.2528076171875,2290.742919921875,1551.4909057617188,27.79443359375,55.5238037109375
IMG_0038.mp4,42,1.4014,29.97002997002997,6,1,traffic_lights,0.7676713466644287,2288.9716796875,1406.630126953125,2305.869384765625,1453.7049560546875,2297.4205322265625,1430.1675415039062,16.897705078125,47.0748291015625
IMG_0038.mp4,42,1.4014,29.97002997002997,1,2,traffic_signs,0.8568843603134155,2445.78076171875,1477.1607666015625,2472.281982421875,1550.1619873046875,2459.0313720703125,1513.661376953125,26.501220703125,73.001220703125
IMG_0038.mp4,42,1.4014,29.97002997002997,7,2,traffic_signs,0.5374309420585632,2358.534912109375,1565.51171875,2372.183349609375,1595.5523681640625,2365.359130859375,1580.5320434570312,13.6484375,30.0406494140625
IMG_0038.mp4,42,1.4014,29.97002997002997,3,1,traffic_lights,0.8134448528289795,1566.9676513671875,144.04428100585938,1690.4898681640625,360.9211120605469,1628.728759765625,252.48269653320312,123.522216796875,216.8768310546875
IMG_0038.mp4,42,1.4014,29.97002997002997,9,2,traffic_signs,0.383638471364975,2553.167724609375,1541.383056640625,2573.750244140625,1572.9852294921875,2563.458984375,1557.1841430664062,20.58251953125,31.6021728515625
IMG_0038.mp4,43,1.4347666666666667,29.97002997002997,4,1,traffic_lights,0.9275277256965637,1701.33837890625,147.7745361328125,1816.21923828125,363.6979064941406,1758.77880859375,255.73622131347656,114.880859375,215.92337036132812
IMG_0038.mp4,43,1.4347666666666667,29.97002997002997,5,1,traffic_lights,0.7988275289535522,1124.44677734375,1421.49560546875,1154.02001953125,1465.66845703125,1139.2333984375,1443.58203125,29.5732421875,44.1728515625
IMG_0038.mp4,43,1.4347666666666667,29.97002997002997,2,2,traffic_signs,0.8625790476799011,2276.5458984375,1523.420654296875,2304.2587890625,1578.9908447265625,2290.40234375,1551.2057495117188,27.712890625,55.5701904296875
IMG_0038.mp4,43,1.4347666666666667,29.97002997002997,6,1,traffic_lights,0.7695732116699219,2288.536865234375,1406.4434814453125,2305.144287109375,1453.1514892578125,2296.840576171875,1429.7974853515625,16.607421875,46.7080078125
IMG_0038.mp4,43,1.4347666666666667,29.97002997002997,1,2,traffic_signs,0.8596407175064087,2445.476318359375,1476.9561767578125,2471.99072265625,1549.6051025390625,2458.7335205078125,1513.2806396484375,26.514404296875,72.64892578125
IMG_0038.mp4,43,1.4347666666666667,29.97002997002997,7,2,traffic_signs,0.5542513728141785,2358.136474609375,1565.2021484375,2371.845458984375,1595.427734375,2364.990966796875,1580.31494140625,13.708984375,30.2255859375
IMG_0038.mp4,43,1.4347666666666667,29.97002997002997,3,1,traffic_lights,0.7955653667449951,1566.5501708984375,144.015869140625,1690.56640625,359.9374084472656,1628.5582885742188,251.9766387939453,124.0162353515625,215.92153930664062
IMG_0038.mp4,43,1.4347666666666667,29.97002997002997,9,2,traffic_signs,0.29058602452278137,2552.899658203125,1540.4010009765625,2573.7841796875,1573.3564453125,2563.3419189453125,1556.8787231445312,20.884521484375,32.9554443359375
IMG_0038.mp4,44,1.4681333333333333,29.97002997002997,4,1,traffic_lights,0.9017755389213562,1701.7459716796875,148.02622985839844,1816.3955078125,364.2589416503906,1759.0707397460938,256.14258575439453,114.6495361328125,216.2327117919922
IMG_0038.mp4,44,1.4681333333333333,29.97002997002997,5,1,traffic_lights,0.7867255806922913,1124.5660400390625,1421.8409423828125,1154.55615234375,1466.10302734375,1139.5610961914062,1443.9719848632812,29.9901123046875,44.2620849609375
IMG_0038.mp4,44,1.4681333333333333,29.97002997002997,2,2,traffic_signs,0.8583317995071411,2277.081298828125,1523.8865966796875,2304.671142578125,1579.27490234375,2290.876220703125,1551.5807495117188,27.58984375,55.3883056640625
IMG_0038.mp4,44,1.4681333333333333,29.97002997002997,6,1,traffic_lights,0.7586780786514282,2288.82421875,1406.7457275390625,2305.64697265625,1453.344970703125,2297.235595703125,1430.0453491210938,16.82275390625,46.5992431640625
IMG_0038.mp4,44,1.4681333333333333,29.97002997002997,1,2,traffic_signs,0.8603228330612183,2445.829833984375,1477.1103515625,2472.55322265625,1550.1585693359375,2459.1915283203125,1513.6344604492188,26.723388671875,73.0482177734375
IMG_0038.mp4,44,1.4681333333333333,29.97002997002997,7,2,traffic_signs,0.6024857759475708,2358.544921875,1565.3917236328125,2372.33984375,1595.71240234375,2365.4423828125,1580.5520629882812,13.794921875,30.3206787109375
IMG_0038.mp4,44,1.4681333333333333,29.97002997002997,3,1,traffic_lights,0.8168689012527466,1566.6483154296875,144.43963623046875,1690.8675537109375,360.3482666015625,1628.7579345703125,252.39395141601562,124.21923828125,215.90863037109375
IMG_0038.mp4,44,1.4681333333333333,29.97002997002997,9,2,traffic_signs,0.2503456175327301,2553.44482421875,1540.5208740234375,2574.487060546875,1574.57861328125,2563.9659423828125,1557.5497436523438,21.042236328125,34.0577392578125
IMG_0038.mp4,45,1.5015,29.97002997002997,4,1,traffic_lights,0.48826491832733154,1703.6229248046875,147.3074951171875,1814.770751953125,363.35760498046875,1759.1968383789062,255.33255004882812,111.1478271484375,216.05010986328125
IMG_0038.mp4,45,1.5015,29.97002997002997,5,1,traffic_lights,0.7717592120170593,1124.92236328125,1421.7672119140625,1154.476806640625,1465.39404296875,1139.6995849609375,1443.5806274414062,29.554443359375,43.6268310546875
IMG_0038.mp4,45,1.5015,29.97002997002997,2,2,traffic_signs,0.8616814613342285,2277.1650390625,1523.6846923828125,2304.866455078125,1579.24267578125,2291.0157470703125,1551.4636840820312,27.701416015625,55.5579833984375
IMG_0038.mp4,45,1.5015,29.97002997002997,6,1,traffic_lights,0.75284343957901,2288.9755859375,1406.76025390625,2305.6845703125,1453.068359375,2297.330078125,1429.914306640625,16.708984375,46.30810546875
IMG_0038.mp4,45,1.5015,29.97002997002997,1,2,traffic_signs,0.8617905378341675,2445.912109375,1476.849609375,2472.556396484375,1549.795166015625,2459.2342529296875,1513.3223876953125,26.644287109375,72.945556640625
IMG_0038.mp4,45,1.5015,29.97002997002997,7,2,traffic_signs,0.5607016086578369,2358.357421875,1565.1524658203125,2372.482666015625,1595.638427734375,2365.4200439453125,1580.3954467773438,14.125244140625,30.4859619140625
IMG_0038.mp4,45,1.5015,29.97002997002997,3,1,traffic_lights,0.7720664739608765,1566.4852294921875,144.1123809814453,1690.1939697265625,359.717529296875,1628.339599609375,251.91495513916016,123.708740234375,215.6051483154297
IMG_0038.mp4,45,1.5015,29.97002997002997,9,2,traffic_signs,0.3501887023448944,2553.53369140625,1540.7406005859375,2574.524658203125,1573.7340087890625,2564.0291748046875,1557.2373046875,20.990966796875,32.993408203125
IMG_0038.mp4,46,1.5348666666666666,29.97002997002997,4,1,traffic_lights,0.8833938241004944,1702.821044921875,148.0709991455078,1815.2899169921875,363.34429931640625,1759.0554809570312,255.70764923095703,112.4688720703125,215.27330017089844
IMG_0038.mp4,46,1.5348666666666666,29.97002997002997,5,1,traffic_lights,0.7807036638259888,1124.35400390625,1421.71044921875,1154.5347900390625,1465.405517578125,1139.4443969726562,1443.5579833984375,30.1807861328125,43.695068359375
IMG_0038.mp4,46,1.5348666666666666,29.97002997002997,2,2,traffic_signs,0.8693432807922363,2276.74755859375,1523.411376953125,2304.68115234375,1579.5362548828125,2290.71435546875,1551.4738159179688,27.93359375,56.1248779296875
IMG_0038.mp4,46,1.5348666666666666,29.97002997002997,6,1,traffic_lights,0.7377187609672546,2288.91455078125,1406.5538330078125,2305.42236328125,1452.7979736328125,2297.16845703125,1429.6759033203125,16.5078125,46.244140625
IMG_0038.mp4,46,1.5348666666666666,29.97002997002997,1,2,traffic_signs,0.8610028624534607,2445.77392578125,1476.8170166015625,2472.24169921875,1549.7452392578125,2459.0078125,1513.2811279296875,26.4677734375,72.92822265625
IMG_0038.mp4,46,1.5348666666666666,29.97002997002997,7,2,traffic_signs,0.6081732511520386,2357.90234375,1564.5228271484375,2372.17529296875,1595.1151123046875,2365.038818359375,1579.8189697265625,14.27294921875,30.59228515625
IMG_0038.mp4,46,1.5348666666666666,29.97002997002997,3,1,traffic_lights,0.6990464329719543,1566.097412109375,144.01617431640625,1689.9029541015625,359.0157470703125,1628.0001831054688,251.51596069335938,123.8055419921875,214.99957275390625
IMG_0038.mp4,46,1.5348666666666666,29.97002997002997,9,2,traffic_signs,0.44766727089881897,2552.987548828125,1540.2105712890625,2574.3212890625,1573.648681640625,2563.6544189453125,1556.9296264648438,21.333740234375,33.4381103515625
IMG_0038.mp4,47,1.5682333333333334,29.97002997002997,4,1,traffic_lights,0.8536776304244995,1702.934326171875,148.16505432128906,1815.267578125,363.1894836425781,1759.1009521484375,255.6772689819336,112.333251953125,215.02442932128906
IMG_0038.mp4,47,1.5682333333333334,29.97002997002997,5,1,traffic_lights,0.5337052941322327,1123.9227294921875,1421.739990234375,1154.5152587890625,1464.780029296875,1139.218994140625,1443.260009765625,30.592529296875,43.0400390625
IMG_0038.mp4,47,1.5682333333333334,29.97002997002997,2,2,traffic_signs,0.8493967056274414,2276.45556640625,1523.1417236328125,2304.072509765625,1578.9593505859375,2290.2640380859375,1551.050537109375,27.616943359375,55.817626953125
IMG_0038.mp4,47,1.5682333333333334,29.97002997002997,6,1,traffic_lights,0.7458402514457703,2288.7666015625,1406.06689453125,2305.357177734375,1452.3931884765625,2297.0618896484375,1429.2300415039062,16.590576171875,46.3262939453125
IMG_0038.mp4,47,1.5682333333333334,29.97002997002997,1,2,traffic_signs,0.8506954312324524,2445.649169921875,1476.0517578125,2472.0146484375,1549.935302734375,2458.8319091796875,1512.9935302734375,26.365478515625,73.883544921875
IMG_0038.mp4,47,1.5682333333333334,29.97002997002997,7,2,traffic_signs,0.4923154413700104,2357.77099609375,1564.5400390625,2371.912841796875,1594.9647216796875,2364.8419189453125,1579.7523803710938,14.141845703125,30.4246826171875
IMG_0038.mp4,47,1.5682333333333334,29.97002997002997,3,1,traffic_lights,0.4948972761631012,1566.00390625,143.87586975097656,1689.70751953125,359.0126953125,1627.855712890625,251.44428253173828,123.70361328125,215.13682556152344
IMG_0038.mp4,47,1.5682333333333334,29.97002997002997,9,2,traffic_signs,0.40201032161712646,2553.282958984375,1540.1878662109375,2574.63916015625,1573.3616943359375,2563.9610595703125,1556.7747802734375,21.356201171875,33.173828125
IMG_0038.mp4,48,1.6016000000000001,29.97002997002997,4,1,traffic_lights,0.3641562759876251,1704.3355712890625,148.3848419189453,1814.3609619140625,363.1711730957031,1759.3482666015625,255.77800750732422,110.025390625,214.7863311767578
IMG_0038.mp4,48,1.6016000000000001,29.97002997002997,6,1,traffic_lights,0.2892869710922241,2288.587646484375,1406.90185546875,2306.905029296875,1452.71240234375,2297.746337890625,1429.80712890625,18.3173828125,45.810546875
IMG_0038.mp4,49,1.6349666666666667,29.97002997002997,4,1,traffic_lights,0.8744064569473267,1704.2232666015625,148.94515991210938,1815.8148193359375,362.8944091796875,1760.01904296875,255.91978454589844,111.591552734375,213.94924926757812
IMG_0038.mp4,49,1.6349666666666667,29.97002997002997,3,1,traffic_lights,0.38866040110588074,1566.1898193359375,144.4640655517578,1689.343017578125,358.6793518066406,1627.7664184570312,251.57170867919922,123.1531982421875,214.2152862548828
IMG_0038.mp4,50,1.6683333333333334,29.97002997002997,4,1,traffic_lights,0.7888410687446594,1705.934814453125,148.83070373535156,1816.0986328125,363.1374816894531,1761.0167236328125,255.98409271240234,110.163818359375,214.30677795410156
IMG_0038.mp4,50,1.6683333333333334,29.97002997002997,3,1,traffic_lights,0.43012338876724243,1566.24462890625,144.2548828125,1690.28076171875,359.33673095703125,1628.2626953125,251.79580688476562,124.0361328125,215.08184814453125
IMG_0038.mp4,50,1.6683333333333334,29.97002997002997,2,2,traffic_signs,0.8441402316093445,2276.983642578125,1523.4305419921875,2304.32373046875,1579.724609375,2290.6536865234375,1551.5775756835938,27.340087890625,56.2940673828125
IMG_0038.mp4,50,1.6683333333333334,29.97002997002997,1,2,traffic_signs,0.8569560050964355,2444.930908203125,1475.9931640625,2472.411865234375,1549.9547119140625,2458.67138671875,1512.9739379882812,27.48095703125,73.9615478515625
IMG_0038.mp4,50,1.6683333333333334,29.97002997002997,7,2,traffic_signs,0.4350486099720001,2358.673095703125,1564.3316650390625,2372.2333984375,1594.5211181640625,2365.4532470703125,1579.4263916015625,13.560302734375,30.189453125
IMG_0038.mp4,50,1.6683333333333334,29.97002997002997,9,2,traffic_signs,0.5647746324539185,2554.35546875,1539.46826171875,2576.743408203125,1570.703369140625,2565.5494384765625,1555.0858154296875,22.387939453125,31.235107421875
IMG_0038.mp4,50,1.6683333333333334,29.97002997002997,6,1,traffic_lights,0.7491872310638428,2288.140380859375,1406.6612548828125,2306.926513671875,1452.0628662109375,2297.533447265625,1429.362060546875,18.7861328125,45.401611328125
IMG_0038.mp4,51,1.7017,29.97002997002997,4,1,traffic_lights,0.5912743806838989,1704.9913330078125,147.68093872070312,1814.298095703125,363.0093078613281,1759.6447143554688,255.34512329101562,109.3067626953125,215.328369140625
IMG_0038.mp4,51,1.7017,29.97002997002997,3,1,traffic_lights,0.5722641348838806,1566.3551025390625,143.9347686767578,1690.102783203125,358.7616882324219,1628.2289428710938,251.34822845458984,123.7476806640625,214.82691955566406
IMG_0038.mp4,51,1.7017,29.97002997002997,2,2,traffic_signs,0.839661180973053,2277.414306640625,1523.6500244140625,2304.16552734375,1579.8443603515625,2290.7899169921875,1551.7471923828125,26.751220703125,56.1943359375
IMG_0038.mp4,51,1.7017,29.97002997002997,1,2,traffic_signs,0.861501157283783,2444.892822265625,1476.2979736328125,2472.41064453125,1550.7720947265625,2458.6517333984375,1513.5350341796875,27.517822265625,74.47412109375
IMG_0038.mp4,51,1.7017,29.97002997002997,7,2,traffic_signs,0.6063705682754517,2358.7978515625,1565.18359375,2371.88427734375,1595.5596923828125,2365.341064453125,1580.3716430664062,13.08642578125,30.3760986328125
IMG_0038.mp4,51,1.7017,29.97002997002997,9,2,traffic_signs,0.4311799705028534,2555.451904296875,1539.4056396484375,2576.208984375,1570.2689208984375,2565.8304443359375,1554.8372802734375,20.757080078125,30.86328125
IMG_0038.mp4,51,1.7017,29.97002997002997,6,1,traffic_lights,0.7521233558654785,2288.119384765625,1405.93115234375,2306.383056640625,1453.0841064453125,2297.251220703125,1429.5076293945312,18.263671875,47.1529541015625
IMG_0038.mp4,51,1.7017,29.97002997002997,5,1,traffic_lights,0.4415806233882904,1123.2020263671875,1421.1895751953125,1159.5836181640625,1462.8126220703125,1141.392822265625,1442.0010986328125,36.381591796875,41.623046875
IMG_0038.mp4,52,1.7350666666666668,29.97002997002997,4,1,traffic_lights,0.47366803884506226,1703.011474609375,148.30810546875,1815.298095703125,361.6412658691406,1759.15478515625,254.9746856689453,112.28662109375,213.33316040039062
IMG_0038.mp4,52,1.7350666666666668,29.97002997002997,2,2,traffic_signs,0.8390162587165833,2277.4921875,1523.6429443359375,2303.750732421875,1579.17333984375,2290.6214599609375,1551.4081420898438,26.258544921875,55.5303955078125
IMG_0038.mp4,52,1.7350666666666668,29.97002997002997,1,2,traffic_signs,0.8571251034736633,2444.959228515625,1475.9605712890625,2472.089111328125,1550.7425537109375,2458.524169921875,1513.3515625,27.1298828125,74.781982421875
IMG_0038.mp4,52,1.7350666666666668,29.97002997002997,7,2,traffic_signs,0.5819528102874756,2358.397705078125,1564.851806640625,2371.143798828125,1595.2056884765625,2364.770751953125,1580.0287475585938,12.74609375,30.3538818359375
IMG_0038.mp4,52,1.7350666666666668,29.97002997002997,6,1,traffic_lights,0.7695443034172058,2287.99609375,1405.7197265625,2306.154541015625,1452.7786865234375,2297.0753173828125,1429.2492065429688,18.158447265625,47.0589599609375
IMG_0038.mp4,52,1.7350666666666668,29.97002997002997,5,1,traffic_lights,0.7567068338394165,1123.20947265625,1420.901611328125,1157.1365966796875,1464.753662109375,1140.1730346679688,1442.82763671875,33.9271240234375,43.85205078125
IMG_0038.mp4,53,1.7684333333333333,29.97002997002997,4,1,traffic_lights,0.5573077201843262,1700.724609375,147.9282684326172,1815.4722900390625,363.836669921875,1758.0984497070312,255.8824691772461,114.7476806640625,215.9084014892578
IMG_0038.mp4,53,1.7684333333333333,29.97002997002997,2,2,traffic_signs,0.8474211692810059,2277.64599609375,1523.868896484375,2303.884765625,1579.43603515625,2290.765380859375,1551.6524658203125,26.23876953125,55.567138671875
IMG_0038.mp4,53,1.7684333333333333,29.97002997002997,1,2,traffic_signs,0.8580124974250793,2445.950927734375,1475.989501953125,2472.331787109375,1550.232177734375,2459.141357421875,1513.11083984375,26.380859375,74.24267578125
IMG_0038.mp4,53,1.7684333333333333,29.97002997002997,7,2,traffic_signs,0.5729318261146545,2358.43798828125,1564.8106689453125,2371.22607421875,1595.2591552734375,2364.83203125,1580.034912109375,12.7880859375,30.448486328125
IMG_0038.mp4,53,1.7684333333333333,29.97002997002997,6,1,traffic_lights,0.7658219337463379,2288.30712890625,1405.8065185546875,2306.311279296875,1453.179443359375,2297.3092041015625,1429.4929809570312,18.004150390625,47.3729248046875
IMG_0038.mp4,53,1.7684333333333333,29.97002997002997,5,1,traffic_lights,0.6546856164932251,1123.68017578125,1421.648681640625,1156.3341064453125,1465.355712890625,1140.0071411132812,1443.502197265625,32.6539306640625,43.70703125
IMG_0038.mp4,53,1.7684333333333333,29.97002997002997,3,1,traffic_lights,0.36123281717300415,1566.5130615234375,143.42910766601562,1691.300537109375,362.9719543457031,1628.9067993164062,253.20053100585938,124.7874755859375,219.5428466796875
IMG_0038.mp4,54,1.8018,29.97002997002997,4,1,traffic_lights,0.5840997695922852,1699.8770751953125,147.31175231933594,1815.3446044921875,364.2503356933594,1757.61083984375,255.78104400634766,115.467529296875,216.93858337402344
IMG_0038.mp4,54,1.8018,29.97002997002997,2,2,traffic_signs,0.8458734154701233,2278.1650390625,1524.234130859375,2303.990966796875,1579.034423828125,2291.0780029296875,1551.63427734375,25.825927734375,54.80029296875
IMG_0038.mp4,54,1.8018,29.97002997002997,1,2,traffic_signs,0.859418511390686,2445.622802734375,1476.9788818359375,2472.685546875,1549.46826171875,2459.1541748046875,1513.2235717773438,27.062744140625,72.4893798828125
IMG_0038.mp4,54,1.8018,29.97002997002997,7,2,traffic_signs,0.6368332505226135,2358.56982421875,1565.5025634765625,2371.7470703125,1595.9921875,2365.158447265625,1580.7473754882812,13.17724609375,30.4896240234375
IMG_0038.mp4,54,1.8018,29.97002997002997,6,1,traffic_lights,0.7707468271255493,2288.541748046875,1406.3355712890625,2306.70263671875,1453.1622314453125,2297.6221923828125,1429.7489013671875,18.160888671875,46.82666015625
IMG_0038.mp4,54,1.8018,29.97002997002997,5,1,traffic_lights,0.7924839854240417,1123.7066650390625,1421.783935546875,1156.1494140625,1465.686279296875,1139.9280395507812,1443.735107421875,32.4427490234375,43.90234375
IMG_0038.mp4,54,1.8018,29.97002997002997,3,1,traffic_lights,0.5065611600875854,1566.362548828125,142.89414978027344,1690.8919677734375,363.3503723144531,1628.6272583007812,253.12226104736328,124.5294189453125,220.4562225341797
IMG_0038.mp4,55,1.8351666666666666,29.97002997002997,4,1,traffic_lights,0.8254590630531311,1699.4483642578125,147.89157104492188,1816.2740478515625,363.3008728027344,1757.8612060546875,255.59622192382812,116.82568359375,215.4093017578125
IMG_0038.mp4,55,1.8351666666666666,29.97002997002997,2,2,traffic_signs,0.8394667506217957,2277.6953125,1524.7025146484375,2303.426513671875,1577.6058349609375,2290.5609130859375,1551.1541748046875,25.731201171875,52.9033203125
IMG_0038.mp4,55,1.8351666666666666,29.97002997002997,6,1,traffic_lights,0.43953564763069153,2288.542236328125,1406.8023681640625,2307.844970703125,1453.323486328125,2298.193603515625,1430.0629272460938,19.302734375,46.5211181640625
IMG_0038.mp4,55,1.8351666666666666,29.97002997002997,5,1,traffic_lights,0.7782437205314636,1123.4915771484375,1421.948974609375,1155.4884033203125,1466.333251953125,1139.489990234375,1444.14111328125,31.996826171875,44.38427734375
IMG_0038.mp4,56,1.8685333333333334,29.97002997002997,4,1,traffic_lights,0.675533652305603,1700.5433349609375,147.68629455566406,1815.591552734375,363.3719787597656,1758.0674438476562,255.52913665771484,115.0482177734375,215.68568420410156
IMG_0038.mp4,56,1.8685333333333334,29.97002997002997,2,2,traffic_signs,0.8348397016525269,2278.073486328125,1524.132080078125,2303.52587890625,1578.7113037109375,2290.7996826171875,1551.4216918945312,25.452392578125,54.5792236328125
IMG_0038.mp4,56,1.8685333333333334,29.97002997002997,5,1,traffic_lights,0.7893728017807007,1123.616455078125,1421.978515625,1155.346923828125,1466.291259765625,1139.481689453125,1444.1348876953125,31.73046875,44.312744140625
IMG_0038.mp4,56,1.8685333333333334,29.97002997002997,9,2,traffic_signs,0.29366177320480347,2556.439208984375,1539.2635498046875,2575.2783203125,1574.7498779296875,2565.8587646484375,1557.0067138671875,18.839111328125,35.486328125
IMG_0038.mp4,56,1.8685333333333334,29.97002997002997,1,2,traffic_signs,0.8605202436447144,2444.62939453125,1475.160400390625,2472.78076171875,1549.6759033203125,2458.705078125,1512.4181518554688,28.1513671875,74.5155029296875
IMG_0038.mp4,56,1.8685333333333334,29.97002997002997,7,2,traffic_signs,0.6592085361480713,2358.1494140625,1564.888427734375,2371.464111328125,1595.830078125,2364.8067626953125,1580.3592529296875,13.314697265625,30.941650390625
IMG_0038.mp4,56,1.8685333333333334,29.97002997002997,3,1,traffic_lights,0.34560343623161316,1566.1865234375,142.2423095703125,1691.236328125,363.7412414550781,1628.71142578125,252.9917755126953,125.0498046875,221.49893188476562
IMG_0038.mp4,57,1.9019,29.97002997002997,4,1,traffic_lights,0.7389338612556458,1699.240234375,147.03436279296875,1816.1353759765625,363.6811828613281,1757.6878051757812,255.35777282714844,116.8951416015625,216.64682006835938
IMG_0038.mp4,57,1.9019,29.97002997002997,2,2,traffic_signs,0.8584597110748291,2277.330810546875,1524.36474609375,2304.739501953125,1579.7557373046875,2291.03515625,1552.0602416992188,27.40869140625,55.3909912109375
IMG_0038.mp4,57,1.9019,29.97002997002997,5,1,traffic_lights,0.51836758852005,1123.841552734375,1422.1396484375,1156.1494140625,1467.539306640625,1139.9954833984375,1444.8394775390625,32.307861328125,45.399658203125
IMG_0038.mp4,57,1.9019,29.97002997002997,9,2,traffic_signs,0.2927112877368927,2556.484375,1539.5477294921875,2575.20556640625,1573.794677734375,2565.844970703125,1556.6712036132812,18.72119140625,34.2469482421875
IMG_0038.mp4,57,1.9019,29.97002997002997,1,2,traffic_signs,0.8593948483467102,2444.550537109375,1476.2462158203125,2472.878662109375,1550.23779296875,2458.714599609375,1513.2420043945312,28.328125,73.9915771484375
IMG_0038.mp4,57,1.9019,29.97002997002997,3,1,traffic_lights,0.8081757426261902,1566.46435546875,142.5677032470703,1689.533447265625,362.4221496582031,1627.9989013671875,252.49492645263672,123.069091796875,219.8544464111328
IMG_0038.mp4,57,1.9019,29.97002997002997,6,1,traffic_lights,0.8028600215911865,2288.6484375,1406.669189453125,2306.96728515625,1453.1256103515625,2297.807861328125,1429.8973999023438,18.31884765625,46.4564208984375
IMG_0038.mp4,58,1.9352666666666667,29.97002997002997,4,1,traffic_lights,0.9430369734764099,1696.2025146484375,147.5430450439453,1817.1793212890625,362.7871398925781,1756.69091796875,255.16509246826172,120.976806640625,215.2440948486328
IMG_0038.mp4,58,1.9352666666666667,29.97002997002997,2,2,traffic_signs,0.8672903776168823,2277.28759765625,1524.0048828125,2305.018310546875,1579.8819580078125,2291.1529541015625,1551.9434204101562,27.730712890625,55.8770751953125
IMG_0038.mp4,58,1.9352666666666667,29.97002997002997,5,1,traffic_lights,0.42210936546325684,1123.5115966796875,1422.1744384765625,1156.56640625,1467.3758544921875,1140.0390014648438,1444.775146484375,33.0548095703125,45.201416015625
IMG_0038.mp4,58,1.9352666666666667,29.97002997002997,9,2,traffic_signs,0.3890449106693268,2556.51708984375,1539.38720703125,2575.42431640625,1574.5174560546875,2565.970703125,1556.9523315429688,18.9072265625,35.1302490234375
IMG_0038.mp4,58,1.9352666666666667,29.97002997002997,1,2,traffic_signs,0.8597134947776794,2444.85986328125,1476.47607421875,2472.987548828125,1550.5135498046875,2458.9237060546875,1513.4948120117188,28.127685546875,74.0374755859375
IMG_0038.mp4,58,1.9352666666666667,29.97002997002997,6,1,traffic_lights,0.7751962542533875,2288.932373046875,1406.525634765625,2306.617919921875,1452.2611083984375,2297.775146484375,1429.3933715820312,17.685546875,45.7354736328125
IMG_0038.mp4,58,1.9352666666666667,29.97002997002997,7,2,traffic_signs,0.5053735375404358,2358.244140625,1564.4556884765625,2371.60693359375,1594.6466064453125,2364.925537109375,1579.5511474609375,13.36279296875,30.19091796875
IMG_0038.mp4,59,1.9686333333333335,29.97002997002997,4,1,traffic_lights,0.4742540717124939,1697.92138671875,148.20953369140625,1816.532470703125,363.0054016113281,1757.2269287109375,255.6074676513672,118.611083984375,214.79586791992188
IMG_0038.mp4,59,1.9686333333333335,29.97002997002997,2,2,traffic_signs,0.8766995072364807,2277.014892578125,1524.2010498046875,2305.2060546875,1580.3763427734375,2291.1104736328125,1552.2886962890625,28.191162109375,56.17529296875
IMG_0038.mp4,59,1.9686333333333335,29.97002997002997,9,2,traffic_signs,0.390398770570755,2556.548095703125,1540.1396484375,2575.2001953125,1574.357421875,2565.8741455078125,1557.24853515625,18.652099609375,34.2177734375
IMG_0038.mp4,59,1.9686333333333335,29.97002997002997,1,2,traffic_signs,0.8616154789924622,2444.876953125,1476.701171875,2473.04150390625,1550.6673583984375,2458.959228515625,1513.6842651367188,28.16455078125,73.9661865234375
IMG_0038.mp4,59,1.9686333333333335,29.97002997002997,6,1,traffic_lights,0.7843745350837708,2289.09033203125,1407.1103515625,2306.243896484375,1452.9207763671875,2297.6671142578125,1430.0155639648438,17.153564453125,45.8104248046875
IMG_0038.mp4,59,1.9686333333333335,29.97002997002997,7,2,traffic_signs,0.511111319065094,2358.421630859375,1564.864990234375,2371.6572265625,1595.086181640625,2365.0394287109375,1579.9755859375,13.235595703125,30.22119140625
IMG_0038.mp4,59,1.9686333333333335,29.97002997002997,3,1,traffic_lights,0.8648077845573425,1567.4136962890625,143.06715393066406,1688.9615478515625,356.09613037109375,1628.1876220703125,249.5816421508789,121.5478515625,213.0289764404297
IMG_0038.mp4,60,2.0020000000000002,29.97002997002997,4,1,traffic_lights,0.6584552526473999,1700.4459228515625,147.733154296875,1816.290283203125,362.82855224609375,1758.3681030273438,255.28085327148438,115.8443603515625,215.09539794921875
IMG_0038.mp4,60,2.0020000000000002,29.97002997002997,2,2,traffic_signs,0.8742983937263489,2276.57177734375,1523.7952880859375,2305.143310546875,1580.1522216796875,2290.8575439453125,1551.9737548828125,28.571533203125,56.35693359375
IMG_0038.mp4,60,2.0020000000000002,29.97002997002997,9,2,traffic_signs,0.25743958353996277,2556.61572265625,1538.95947265625,2574.817626953125,1573.0887451171875,2565.7166748046875,1556.0241088867188,18.201904296875,34.1292724609375
IMG_0038.mp4,60,2.0020000000000002,29.97002997002997,1,2,traffic_signs,0.8604522943496704,2444.9365234375,1476.482666015625,2472.99072265625,1550.5059814453125,2458.963623046875,1513.4943237304688,28.05419921875,74.0233154296875
IMG_0038.mp4,60,2.0020000000000002,29.97002997002997,6,1,traffic_lights,0.8027440309524536,2288.892578125,1406.6212158203125,2305.935791015625,1452.6575927734375,2297.4141845703125,1429.639404296875,17.043212890625,46.036376953125
IMG_0038.mp4,60,2.0020000000000002,29.97002997002997,7,2,traffic_signs,0.3987120985984802,2358.3017578125,1564.7623291015625,2371.507080078125,1595.155029296875,2364.9044189453125,1579.9586791992188,13.205322265625,30.3927001953125
IMG_0038.mp4,60,2.0020000000000002,29.97002997002997,3,1,traffic_lights,0.8868465423583984,1567.2025146484375,142.99978637695312,1689.4122314453125,354.6033630371094,1628.307373046875,248.80157470703125,122.209716796875,211.60357666015625
IMG_0038.mp4,60,2.0020000000000002,29.97002997002997,5,1,traffic_lights,0.3885713517665863,1123.1787109375,1421.619140625,1159.10791015625,1467.2939453125,1141.143310546875,1444.45654296875,35.92919921875,45.6748046875
IMG_0038.mp4,61,2.0353666666666665,29.97002997002997,4,1,traffic_lights,0.8951568603515625,1700.57470703125,148.43995666503906,1817.1466064453125,362.778076171875,1758.8606567382812,255.60901641845703,116.5718994140625,214.33811950683594
IMG_0038.mp4,61,2.0353666666666665,29.97002997002997,2,2,traffic_signs,0.8696278929710388,2276.837890625,1524.2335205078125,2305.041259765625,1580.7059326171875,2290.9395751953125,1552.4697265625,28.203369140625,56.472412109375
IMG_0038.mp4,61,2.0353666666666665,29.97002997002997,9,2,traffic_signs,0.43187782168388367,2556.600830078125,1539.532958984375,2574.9658203125,1574.39794921875,2565.7833251953125,1556.9654541015625,18.364990234375,34.864990234375
IMG_0038.mp4,61,2.0353666666666665,29.97002997002997,1,2,traffic_signs,0.8598718643188477,2445.19287109375,1476.8056640625,2473.196044921875,1550.72412109375,2459.1944580078125,1513.764892578125,28.003173828125,73.91845703125
IMG_0038.mp4,61,2.0353666666666665,29.97002997002997,6,1,traffic_lights,0.790043830871582,2288.974853515625,1407.1202392578125,2306.09228515625,1453.04541015625,2297.5335693359375,1430.0828247070312,17.117431640625,45.9251708984375
IMG_0038.mp4,61,2.0353666666666665,29.97002997002997,7,2,traffic_signs,0.5608181357383728,2358.323486328125,1565.460205078125,2371.860107421875,1596.04248046875,2365.091796875,1580.7513427734375,13.53662109375,30.582275390625
IMG_0038.mp4,61,2.0353666666666665,29.97002997002997,3,1,traffic_lights,0.8775947690010071,1566.9129638671875,143.6915283203125,1689.5528564453125,354.0462341308594,1628.23291015625,248.86888122558594,122.639892578125,210.35470581054688
IMG_0038.mp4,62,2.0687333333333333,29.97002997002997,4,1,traffic_lights,0.8013237714767456,1701.851318359375,148.2291259765625,1816.2635498046875,362.2807312011719,1759.0574340820312,255.2549285888672,114.4122314453125,214.05160522460938
IMG_0038.mp4,62,2.0687333333333333,29.97002997002997,2,2,traffic_signs,0.8718475699424744,2276.681640625,1523.8736572265625,2305.08935546875,1580.661865234375,2290.885498046875,1552.2677612304688,28.40771484375,56.7882080078125
IMG_0038.mp4,62,2.0687333333333333,29.97002997002997,9,2,traffic_signs,0.3612663745880127,2556.646484375,1539.444091796875,2574.83984375,1573.890869140625,2565.7431640625,1556.66748046875,18.193359375,34.44677734375
IMG_0038.mp4,62,2.0687333333333333,29.97002997002997,1,2,traffic_signs,0.8589008450508118,2445.2607421875,1476.529541015625,2473.004150390625,1550.6099853515625,2459.1324462890625,1513.5697631835938,27.743408203125,74.0804443359375
IMG_0038.mp4,62,2.0687333333333333,29.97002997002997,6,1,traffic_lights,0.7939590811729431,2289.0146484375,1406.7265625,2305.933837890625,1452.671142578125,2297.4742431640625,1429.6988525390625,16.919189453125,45.944580078125
IMG_0038.mp4,62,2.0687333333333333,29.97002997002997,7,2,traffic_signs,0.5080997943878174,2358.328125,1565.1231689453125,2371.861572265625,1595.9007568359375,2365.0948486328125,1580.511962890625,13.533447265625,30.777587890625
IMG_0038.mp4,62,2.0687333333333333,29.97002997002997,3,1,traffic_lights,0.8451396226882935,1566.7095947265625,143.43699645996094,1688.1031494140625,353.4783935546875,1627.4063720703125,248.45769500732422,121.3935546875,210.04139709472656
IMG_0038.mp4,63,2.1021,29.97002997002997,4,1,traffic_lights,0.5777984261512756,1703.6473388671875,147.92250061035156,1815.8385009765625,361.8924865722656,1759.742919921875,254.9074935913086,112.191162109375,213.96998596191406
IMG_0038.mp4,63,2.1021,29.97002997002997,2,2,traffic_signs,0.8717474937438965,2277.079833984375,1524.29443359375,2305.56640625,1581.2362060546875,2291.3231201171875,1552.7653198242188,28.486572265625,56.9417724609375
IMG_0038.mp4,63,2.1021,29.97002997002997,9,2,traffic_signs,0.5114403963088989,2557.022216796875,1539.9576416015625,2575.416259765625,1573.2364501953125,2566.21923828125,1556.5970458984375,18.39404296875,33.27880859375
IMG_0038.mp4,63,2.1021,29.97002997002997,1,2,traffic_signs,0.8581203818321228,2445.662841796875,1476.90478515625,2473.51708984375,1551.2921142578125,2459.5899658203125,1514.0984497070312,27.854248046875,74.3873291015625
IMG_0038.mp4,63,2.1021,29.97002997002997,6,1,traffic_lights,0.7985867857933044,2289.68505859375,1407.0321044921875,2306.623291015625,1452.956787109375,2298.1541748046875,1429.9944458007812,16.938232421875,45.9246826171875
IMG_0038.mp4,63,2.1021,29.97002997002997,7,2,traffic_signs,0.5164340138435364,2358.80615234375,1565.36865234375,2372.427490234375,1596.3699951171875,2365.6168212890625,1580.8693237304688,13.621337890625,31.0013427734375
IMG_0038.mp4,63,2.1021,29.97002997002997,3,1,traffic_lights,0.8454352617263794,1567.0057373046875,144.63436889648438,1687.8651123046875,352.9253234863281,1627.4354248046875,248.77984619140625,120.859375,208.29095458984375
IMG_0038.mp4,64,2.135466666666667,29.97002997002997,4,1,traffic_lights,0.8890597820281982,1703.1259765625,148.3997344970703,1816.7330322265625,360.9117736816406,1759.9295043945312,254.65575408935547,113.6070556640625,212.5120391845703
IMG_0038.mp4,64,2.135466666666667,29.97002997002997,2,2,traffic_signs,0.870849072933197,2277.300537109375,1524.331787109375,2305.846923828125,1581.0750732421875,2291.57373046875,1552.7034301757812,28.54638671875,56.7432861328125
IMG_0038.mp4,64,2.135466666666667,29.97002997002997,9,2,traffic_signs,0.41862621903419495,2557.148681640625,1539.44482421875,2575.700439453125,1573.955078125,2566.424560546875,1556.699951171875,18.5517578125,34.51025390625
IMG_0038.mp4,64,2.135466666666667,29.97002997002997,1,2,traffic_signs,0.8582190275192261,2445.624267578125,1476.482177734375,2473.7421875,1551.0909423828125,2459.6832275390625,1513.7865600585938,28.117919921875,74.6087646484375
IMG_0038.mp4,64,2.135466666666667,29.97002997002997,6,1,traffic_lights,0.7872765064239502,2289.908935546875,1406.84130859375,2307.04541015625,1452.580322265625,2298.4771728515625,1429.7108154296875,17.136474609375,45.739013671875
IMG_0038.mp4,64,2.135466666666667,29.97002997002997,7,2,traffic_signs,0.45376625657081604,2359.054443359375,1565.5234375,2372.73779296875,1596.2044677734375,2365.8961181640625,1580.8639526367188,13.683349609375,30.6810302734375
IMG_0038.mp4,64,2.135466666666667,29.97002997002997,3,1,traffic_lights,0.8046851754188538,1567.41064453125,144.412109375,1688.3326416015625,352.1116638183594,1627.8716430664062,248.2618865966797,120.9219970703125,207.69955444335938
IMG_0038.mp4,65,2.168833333333333,29.97002997002997,4,1,traffic_lights,0.7900057435035706,1701.5301513671875,148.64633178710938,1815.822998046875,361.1879577636719,1758.6765747070312,254.91714477539062,114.2928466796875,212.5416259765625
IMG_0038.mp4,65,2.168833333333333,29.97002997002997,2,2,traffic_signs,0.8721396327018738,2277.301513671875,1524.7301025390625,2305.6650390625,1581.3175048828125,2291.4832763671875,1553.0238037109375,28.363525390625,56.58740234375
IMG_0038.mp4,65,2.168833333333333,29.97002997002997,9,2,traffic_signs,0.35995596647262573,2556.892822265625,1539.646240234375,2575.3642578125,1574.774169921875,2566.1285400390625,1557.210205078125,18.471435546875,35.1279296875
IMG_0038.mp4,65,2.168833333333333,29.97002997002997,1,2,traffic_signs,0.8582327365875244,2445.66796875,1477.138671875,2473.488037109375,1551.0303955078125,2459.5780029296875,1514.0845336914062,27.820068359375,73.8917236328125
IMG_0038.mp4,65,2.168833333333333,29.97002997002997,6,1,traffic_lights,0.7982626557350159,2289.847412109375,1407.1297607421875,2306.75439453125,1452.5634765625,2298.3009033203125,1429.8466186523438,16.906982421875,45.4337158203125
IMG_0038.mp4,65,2.168833333333333,29.97002997002997,7,2,traffic_signs,0.5472944378852844,2359.025146484375,1565.4630126953125,2372.67529296875,1596.356689453125,2365.8502197265625,1580.9098510742188,13.650146484375,30.8936767578125
IMG_0038.mp4,65,2.168833333333333,29.97002997002997,3,1,traffic_lights,0.8365210294723511,1567.434814453125,144.85879516601562,1687.5562744140625,352.78802490234375,1627.4955444335938,248.8234100341797,120.1214599609375,207.92922973632812
IMG_0038.mp4,65,2.168833333333333,29.97002997002997,24,2,traffic_signs,0.33201518654823303,2568.587158203125,1502.21435546875,2586.368408203125,1543.36865234375,2577.477783203125,1522.79150390625,17.78125,41.154296875
IMG_0038.mp4,66,2.2022,29.97002997002997,4,1,traffic_lights,0.49164313077926636,1701.5189208984375,148.1344451904297,1814.890380859375,361.0809020996094,1758.2046508789062,254.60767364501953,113.3714599609375,212.9464569091797
IMG_0038.mp4,66,2.2022,29.97002997002997,2,2,traffic_signs,0.8745802044868469,2276.915283203125,1524.4395751953125,2305.54638671875,1581.08251953125,2291.2308349609375,1552.7610473632812,28.631103515625,56.6429443359375
IMG_0038.mp4,66,2.2022,29.97002997002997,9,2,traffic_signs,0.523041844367981,2556.451416015625,1539.873046875,2575.310791015625,1573.667724609375,2565.881103515625,1556.7703857421875,18.859375,33.794677734375
IMG_0038.mp4,66,2.2022,29.97002997002997,1,2,traffic_signs,0.861727774143219,2445.427490234375,1477.091552734375,2473.44580078125,1550.5294189453125,2459.4366455078125,1513.8104858398438,28.018310546875,73.4378662109375
IMG_0038.mp4,66,2.2022,29.97002997002997,6,1,traffic_lights,0.7916776537895203,2289.73486328125,1407.16552734375,2306.625,1452.3990478515625,2298.179931640625,1429.7822875976562,16.89013671875,45.2335205078125
IMG_0038.mp4,66,2.2022,29.97002997002997,7,2,traffic_signs,0.5471070408821106,2358.5205078125,1565.4456787109375,2372.631103515625,1596.279296875,2365.5758056640625,1580.8624877929688,14.110595703125,30.8336181640625
IMG_0038.mp4,66,2.2022,29.97002997002997,3,1,traffic_lights,0.8345045447349548,1567.28076171875,144.0883026123047,1687.654052734375,352.34722900390625,1627.4674072265625,248.21776580810547,120.373291015625,208.25892639160156
IMG_0038.mp4,67,2.2355666666666667,29.97002997002997,4,1,traffic_lights,0.7542757391929626,1716.364501953125,147.2301788330078,1816.1090087890625,360.4867248535156,1766.2367553710938,253.85845184326172,99.7445068359375,213.2565460205078
IMG_0038.mp4,67,2.2355666666666667,29.97002997002997,2,2,traffic_signs,0.8677012920379639,2276.927490234375,1524.66064453125,2305.955078125,1581.2313232421875,2291.4412841796875,1552.9459838867188,29.027587890625,56.5706787109375
IMG_0038.mp4,67,2.2355666666666667,29.97002997002997,9,2,traffic_signs,0.4831637442111969,2556.625,1539.317626953125,2575.810302734375,1574.91845703125,2566.2176513671875,1557.1180419921875,19.185302734375,35.600830078125
IMG_0038.mp4,67,2.2355666666666667,29.97002997002997,1,2,traffic_signs,0.8617871999740601,2445.340087890625,1477.125244140625,2473.952392578125,1551.1204833984375,2459.646240234375,1514.1228637695312,28.6123046875,73.9952392578125
IMG_0038.mp4,67,2.2355666666666667,29.97002997002997,6,1,traffic_lights,0.7807939648628235,2289.746826171875,1407.5244140625,2306.90234375,1452.6207275390625,2298.3245849609375,1430.0725708007812,17.155517578125,45.0963134765625
IMG_0038.mp4,67,2.2355666666666667,29.97002997002997,7,2,traffic_signs,0.539972186088562,2358.417236328125,1565.20556640625,2372.9521484375,1596.5357666015625,2365.6846923828125,1580.8706665039062,14.534912109375,31.3302001953125
IMG_0038.mp4,68,2.2689333333333335,29.97002997002997,4,1,traffic_lights,0.8308541774749756,1710.630859375,146.59219360351562,1817.45703125,360.1342468261719,1764.0439453125,253.36322021484375,106.826171875,213.54205322265625
IMG_0038.mp4,68,2.2689333333333335,29.97002997002997,2,2,traffic_signs,0.8651841878890991,2276.37890625,1524.6905517578125,2306.16357421875,1580.467041015625,2291.271240234375,1552.5787963867188,29.78466796875,55.7764892578125
IMG_0038.mp4,68,2.2689333333333335,29.97002997002997,9,2,traffic_signs,0.2745743989944458,2556.653564453125,1538.8199462890625,2576.005859375,1574.519775390625,2566.3297119140625,1556.6698608398438,19.352294921875,35.6998291015625
IMG_0038.mp4,68,2.2689333333333335,29.97002997002997,1,2,traffic_signs,0.8515977263450623,2445.18359375,1476.9649658203125,2473.8671875,1550.7330322265625,2459.525390625,1513.8489990234375,28.68359375,73.76806640625
IMG_0038.mp4,68,2.2689333333333335,29.97002997002997,6,1,traffic_lights,0.7971400618553162,2289.1025390625,1406.6004638671875,2307.367431640625,1452.66943359375,2298.2349853515625,1429.6349487304688,18.264892578125,46.0689697265625
IMG_0038.mp4,68,2.2689333333333335,29.97002997002997,7,2,traffic_signs,0.39747217297554016,2357.719482421875,1565.26611328125,2372.760009765625,1596.57861328125,2365.23974609375,1580.92236328125,15.04052734375,31.3125
IMG_0038.mp4,68,2.2689333333333335,29.97002997002997,5,1,traffic_lights,0.535840630531311,1123.481689453125,1425.4891357421875,1155.03271484375,1469.294677734375,1139.2572021484375,1447.3919067382812,31.551025390625,43.8055419921875
IMG_0038.mp4,68,2.2689333333333335,29.97002997002997,3,1,traffic_lights,0.8611207604408264,1566.2376708984375,141.83522033691406,1687.98583984375,353.0884094238281,1627.1117553710938,247.4618148803711,121.7481689453125,211.25318908691406
IMG_0038.mp4,69,2.3023000000000002,29.97002997002997,4,1,traffic_lights,0.796284556388855,1709.104248046875,147.12205505371094,1815.882568359375,360.4368591308594,1762.493408203125,253.77945709228516,106.7783203125,213.31480407714844
IMG_0038.mp4,69,2.3023000000000002,29.97002997002997,9,2,traffic_signs,0.46471959352493286,2556.3828125,1538.75927734375,2575.779541015625,1574.1241455078125,2566.0811767578125,1556.4417114257812,19.396728515625,35.3648681640625
IMG_0038.mp4,69,2.3023000000000002,29.97002997002997,1,2,traffic_signs,0.8619481921195984,2444.950927734375,1477.12744140625,2473.47509765625,1550.580322265625,2459.2130126953125,1513.8538818359375,28.524169921875,73.452880859375
IMG_0038.mp4,69,2.3023000000000002,29.97002997002997,7,2,traffic_signs,0.7709053158760071,2356.958251953125,1563.3477783203125,2372.827880859375,1597.9058837890625,2364.89306640625,1580.6268310546875,15.86962890625,34.55810546875
IMG_0038.mp4,69,2.3023000000000002,29.97002997002997,5,1,traffic_lights,0.6416041851043701,1123.8751220703125,1425.4949951171875,1155.318115234375,1469.6160888671875,1139.5966186523438,1447.5555419921875,31.4429931640625,44.12109375
IMG_0038.mp4,69,2.3023000000000002,29.97002997002997,3,1,traffic_lights,0.8300074338912964,1566.3487548828125,142.087646484375,1687.3167724609375,353.2953796386719,1626.832763671875,247.69151306152344,120.968017578125,211.20773315429688
IMG_0038.mp4,70,2.3356666666666666,29.97002997002997,4,1,traffic_lights,0.8261966705322266,1708.42822265625,147.9365692138672,1815.6796875,359.2903747558594,1762.053955078125,253.61347198486328,107.25146484375,211.3538055419922
IMG_0038.mp4,70,2.3356666666666666,29.97002997002997,1,2,traffic_signs,0.8438234925270081,2446.105712890625,1477.7283935546875,2472.6806640625,1547.63232421875,2459.3931884765625,1512.6803588867188,26.574951171875,69.9039306640625
IMG_0038.mp4,70,2.3356666666666666,29.97002997002997,7,2,traffic_signs,0.6625400185585022,2357.564453125,1564.60302734375,2372.721923828125,1596.864990234375,2365.1431884765625,1580.7340087890625,15.157470703125,32.261962890625
IMG_0038.mp4,70,2.3356666666666666,29.97002997002997,5,1,traffic_lights,0.7086660265922546,1123.9569091796875,1425.3638916015625,1155.2471923828125,1470.4146728515625,1139.60205078125,1447.8892822265625,31.290283203125,45.05078125
IMG_0038.mp4,70,2.3356666666666666,29.97002997002997,3,1,traffic_lights,0.6277803182601929,1566.52587890625,142.6629180908203,1687.6898193359375,353.11865234375,1627.1078491210938,247.89078521728516,121.1639404296875,210.4557342529297
IMG_0038.mp4,70,2.3356666666666666,29.97002997002997,2,2,traffic_signs,0.8608905673027039,2277.00244140625,1524.908935546875,2305.0341796875,1580.687744140625,2291.018310546875,1552.79833984375,28.03173828125,55.77880859375
IMG_0038.mp4,70,2.3356666666666666,29.97002997002997,6,1,traffic_lights,0.7901492714881897,2289.072265625,1407.210693359375,2306.606689453125,1452.61474609375,2297.8394775390625,1429.9127197265625,17.534423828125,45.404052734375
IMG_0038.mp4,71,2.3690333333333333,29.97002997002997,4,1,traffic_lights,0.6489177942276001,1708.6400146484375,148.01686096191406,1815.36865234375,360.54437255859375,1762.0043334960938,254.2806167602539,106.7286376953125,212.5275115966797
IMG_0038.mp4,71,2.3690333333333333,29.97002997002997,1,2,traffic_signs,0.8537448048591614,2446.311767578125,1476.935302734375,2472.65380859375,1549.3839111328125,2459.4827880859375,1513.1596069335938,26.342041015625,72.4486083984375
IMG_0038.mp4,71,2.3690333333333333,29.97002997002997,7,2,traffic_signs,0.6319330334663391,2357.947265625,1565.0919189453125,2372.327392578125,1596.6685791015625,2365.1373291015625,1580.8802490234375,14.380126953125,31.57666015625
IMG_0038.mp4,71,2.3690333333333333,29.97002997002997,5,1,traffic_lights,0.6914375424385071,1124.5416259765625,1425.2359619140625,1156.19287109375,1470.8963623046875,1140.3672485351562,1448.066162109375,31.6512451171875,45.660400390625
IMG_0038.mp4,71,2.3690333333333333,29.97002997002997,3,1,traffic_lights,0.6283234357833862,1566.6461181640625,142.7077178955078,1687.374267578125,353.9142150878906,1627.0101928710938,248.31096649169922,120.7281494140625,211.2064971923828
IMG_0038.mp4,71,2.3690333333333333,29.97002997002997,2,2,traffic_signs,0.8586370944976807,2277.3251953125,1524.5968017578125,2304.586669921875,1581.0081787109375,2290.9559326171875,1552.802490234375,27.261474609375,56.411376953125
IMG_0038.mp4,71,2.3690333333333333,29.97002997002997,6,1,traffic_lights,0.79335618019104,2289.158203125,1407.375732421875,2306.3115234375,1452.717529296875,2297.73486328125,1430.046630859375,17.1533203125,45.341796875
IMG_0038.mp4,71,2.3690333333333333,29.97002997002997,9,2,traffic_signs,0.5589179396629333,2555.846923828125,1539.2489013671875,2575.23095703125,1575.1907958984375,2565.5389404296875,1557.2198486328125,19.384033203125,35.94189453125
IMG_0038.mp4,72,2.4024,29.97002997002997,4,1,traffic_lights,0.7670698165893555,1706.5169677734375,147.60060119628906,1814.427978515625,359.71282958984375,1760.4724731445312,253.6567153930664,107.9110107421875,212.1122283935547
IMG_0038.mp4,72,2.4024,29.97002997002997,1,2,traffic_signs,0.8576975464820862,2445.93212890625,1476.817138671875,2472.76123046875,1550.1929931640625,2459.3466796875,1513.5050659179688,26.8291015625,73.3758544921875
IMG_0038.mp4,72,2.4024,29.97002997002997,7,2,traffic_signs,0.5099598169326782,2358.1904296875,1565.608154296875,2372.40771484375,1596.4093017578125,2365.299072265625,1581.0087280273438,14.21728515625,30.8011474609375
IMG_0038.mp4,72,2.4024,29.97002997002997,5,1,traffic_lights,0.6332342028617859,1123.6016845703125,1424.794189453125,1156.36767578125,1470.5252685546875,1139.9846801757812,1447.6597290039062,32.7659912109375,45.7310791015625
IMG_0038.mp4,72,2.4024,29.97002997002997,3,1,traffic_lights,0.7446487545967102,1566.24609375,142.33718872070312,1687.3560791015625,353.0497741699219,1626.8010864257812,247.6934814453125,121.1099853515625,210.71258544921875
IMG_0038.mp4,72,2.4024,29.97002997002997,2,2,traffic_signs,0.8700491786003113,2276.970703125,1524.2760009765625,2304.892333984375,1580.6427001953125,2290.9315185546875,1552.4593505859375,27.921630859375,56.36669921875
IMG_0038.mp4,72,2.4024,29.97002997002997,6,1,traffic_lights,0.7902425527572632,2289.184814453125,1407.1915283203125,2306.050048828125,1452.22998046875,2297.617431640625,1429.7107543945312,16.865234375,45.0384521484375
IMG_0038.mp4,73,2.435766666666667,29.97002997002997,4,1,traffic_lights,0.8299176692962646,1705.3824462890625,148.46192932128906,1815.4200439453125,360.2302551269531,1760.4012451171875,254.3460922241211,110.03759765625,211.76832580566406
IMG_0038.mp4,73,2.435766666666667,29.97002997002997,1,2,traffic_signs,0.8607306480407715,2445.4443359375,1476.798095703125,2473.00244140625,1550.180908203125,2459.223388671875,1513.489501953125,27.55810546875,73.3828125
IMG_0038.mp4,73,2.435766666666667,29.97002997002997,7,2,traffic_signs,0.46004819869995117,2358.376708984375,1565.47509765625,2372.56787109375,1596.1915283203125,2365.4722900390625,1580.8333129882812,14.191162109375,30.7164306640625
IMG_0038.mp4,73,2.435766666666667,29.97002997002997,5,1,traffic_lights,0.6058070063591003,1124.233642578125,1424.38671875,1156.107666015625,1470.62255859375,1140.170654296875,1447.504638671875,31.8740234375,46.23583984375
IMG_0038.mp4,73,2.435766666666667,29.97002997002997,3,1,traffic_lights,0.7474759221076965,1566.83349609375,142.46058654785156,1688.955078125,353.40289306640625,1627.894287109375,247.9317398071289,122.12158203125,210.9423065185547
IMG_0038.mp4,73,2.435766666666667,29.97002997002997,2,2,traffic_signs,0.8667057752609253,2276.976318359375,1524.09619140625,2305.17236328125,1580.1107177734375,2291.0743408203125,1552.1034545898438,28.196044921875,56.0145263671875
IMG_0038.mp4,73,2.435766666666667,29.97002997002997,6,1,traffic_lights,0.7826884388923645,2289.36572265625,1407.013427734375,2306.125732421875,1451.8052978515625,2297.7457275390625,1429.4093627929688,16.760009765625,44.7918701171875
IMG_0038.mp4,73,2.435766666666667,29.97002997002997,24,2,traffic_signs,0.2730942964553833,2568.86328125,1500.256591796875,2585.934326171875,1543.2003173828125,2577.3988037109375,1521.7284545898438,17.071044921875,42.9437255859375
IMG_0038.mp4,73,2.435766666666667,29.97002997002997,9,2,traffic_signs,0.3323518931865692,2556.5732421875,1540.616455078125,2574.69287109375,1574.3260498046875,2565.633056640625,1557.4712524414062,18.11962890625,33.7095947265625
IMG_0038.mp4,74,2.469133333333333,29.97002997002997,4,1,traffic_lights,0.7639043927192688,1703.1781005859375,147.44540405273438,1814.9005126953125,361.03125,1759.039306640625,254.2383270263672,111.722412109375,213.58584594726562
IMG_0038.mp4,74,2.469133333333333,29.97002997002997,1,2,traffic_signs,0.8617547750473022,2444.908447265625,1476.427490234375,2473.0830078125,1549.894775390625,2458.9957275390625,1513.1611328125,28.174560546875,73.46728515625
IMG_0038.mp4,74,2.469133333333333,29.97002997002997,7,2,traffic_signs,0.40262672305107117,2358.34619140625,1565.632080078125,2372.318359375,1596.143310546875,2365.332275390625,1580.8876953125,13.97216796875,30.51123046875
IMG_0038.mp4,74,2.469133333333333,29.97002997002997,5,1,traffic_lights,0.44580426812171936,1124.291015625,1424.0430908203125,1156.3717041015625,1469.3203125,1140.3313598632812,1446.6817016601562,32.0806884765625,45.2772216796875
IMG_0038.mp4,74,2.469133333333333,29.97002997002997,3,1,traffic_lights,0.7956531643867493,1566.781494140625,142.09402465820312,1688.44677734375,353.7306823730469,1627.6141357421875,247.912353515625,121.665283203125,211.63665771484375
IMG_0038.mp4,74,2.469133333333333,29.97002997002997,2,2,traffic_signs,0.8596211671829224,2276.865966796875,1524.212158203125,2305.1689453125,1579.7777099609375,2291.0174560546875,1551.9949340820312,28.302978515625,55.5655517578125
IMG_0038.mp4,74,2.469133333333333,29.97002997002997,6,1,traffic_lights,0.785210371017456,2289.390625,1406.7427978515625,2306.108642578125,1451.4849853515625,2297.7496337890625,1429.1138916015625,16.718017578125,44.7421875
IMG_0038.mp4,74,2.469133333333333,29.97002997002997,9,2,traffic_signs,0.37821024656295776,2556.734619140625,1540.0894775390625,2574.9462890625,1574.034912109375,2565.8404541015625,1557.0621948242188,18.211669921875,33.9454345703125
IMG_0038.mp4,75,2.5025,29.97002997002997,1,2,traffic_signs,0.860343873500824,2443.902099609375,1475.8509521484375,2472.768310546875,1549.73291015625,2458.335205078125,1512.7919311523438,28.8662109375,73.8819580078125
IMG_0038.mp4,75,2.5025,29.97002997002997,7,2,traffic_signs,0.4745006561279297,2357.54541015625,1565.487548828125,2371.81982421875,1596.2662353515625,2364.6826171875,1580.8768920898438,14.2744140625,30.7786865234375
IMG_0038.mp4,75,2.5025,29.97002997002997,2,2,traffic_signs,0.8623555898666382,2276.096923828125,1524.0159912109375,2304.677001953125,1579.7723388671875,2290.386962890625,1551.8941650390625,28.580078125,55.75634765625
IMG_0038.mp4,75,2.5025,29.97002997002997,6,1,traffic_lights,0.7859962582588196,2288.850341796875,1406.159912109375,2305.8076171875,1451.1839599609375,2297.3289794921875,1428.6719360351562,16.957275390625,45.0240478515625
IMG_0038.mp4,75,2.5025,29.97002997002997,9,2,traffic_signs,0.4251789152622223,2556.07666015625,1538.8310546875,2574.87841796875,1572.882568359375,2565.4775390625,1555.8568115234375,18.8017578125,34.051513671875
IMG_0038.mp4,76,2.5358666666666667,29.97002997002997,1,2,traffic_signs,0.8601754903793335,2444.105224609375,1476.587890625,2472.710205078125,1549.8970947265625,2458.40771484375,1513.2424926757812,28.60498046875,73.3092041015625
IMG_0038.mp4,76,2.5358666666666667,29.97002997002997,7,2,traffic_signs,0.27986395359039307,2357.37548828125,1565.8702392578125,2372.150146484375,1596.36181640625,2364.7628173828125,1581.1160278320312,14.774658203125,30.4915771484375
IMG_0038.mp4,76,2.5358666666666667,29.97002997002997,2,2,traffic_signs,0.8626183271408081,2276.017822265625,1524.2255859375,2305.007080078125,1580.240478515625,2290.512451171875,1552.2330322265625,28.9892578125,56.014892578125
IMG_0038.mp4,76,2.5358666666666667,29.97002997002997,6,1,traffic_lights,0.5803158283233643,2289.96630859375,1408.38134765625,2306.646728515625,1450.7996826171875,2298.3065185546875,1429.5905151367188,16.680419921875,42.4183349609375
IMG_0038.mp4,76,2.5358666666666667,29.97002997002997,9,2,traffic_signs,0.26983216404914856,2556.162353515625,1539.45263671875,2574.923095703125,1573.9854736328125,2565.542724609375,1556.7190551757812,18.7607421875,34.5328369140625
IMG_0038.mp4,76,2.5358666666666667,29.97002997002997,24,2,traffic_signs,0.2610413730144501,2568.334228515625,1501.5198974609375,2585.814453125,1542.6815185546875,2577.0743408203125,1522.1007080078125,17.480224609375,41.16162109375
IMG_0038.mp4,76,2.5358666666666667,29.97002997002997,4,1,traffic_lights,0.8150519728660583,1699.0438232421875,148.44772338867188,1816.743896484375,362.2432861328125,1757.8938598632812,255.3455047607422,117.7000732421875,213.79556274414062
IMG_0038.mp4,77,2.5692333333333335,29.97002997002997,5,1,traffic_lights,0.41659241914749146,1123.59521484375,1422.43896484375,1158.8905029296875,1467.0130615234375,1141.2428588867188,1444.7260131835938,35.2952880859375,44.5740966796875
IMG_0038.mp4,78,2.6026000000000002,29.97002997002997,26,1,traffic_lights,0.6956512928009033,465.52996826171875,2137.15234375,556.3920288085938,2159.838134765625,510.96099853515625,2148.4952392578125,90.862060546875,22.685791015625
IMG_0038.mp4,78,2.6026000000000002,29.97002997002997,5,1,traffic_lights,0.38756221532821655,1123.5880126953125,1422.587158203125,1157.971435546875,1466.028076171875,1140.7797241210938,1444.3076171875,34.3834228515625,43.44091796875
IMG_0038.mp4,78,2.6026000000000002,29.97002997002997,1,2,traffic_signs,0.8492072224617004,2445.28466796875,1475.8885498046875,2472.820556640625,1551.0423583984375,2459.0526123046875,1513.4654541015625,27.535888671875,75.15380859375
IMG_0038.mp4,78,2.6026000000000002,29.97002997002997,7,2,traffic_signs,0.2789159119129181,2358.7490234375,1565.5372314453125,2372.456787109375,1593.9578857421875,2365.6029052734375,1579.74755859375,13.707763671875,28.420654296875
IMG_0038.mp4,78,2.6026000000000002,29.97002997002997,2,2,traffic_signs,0.844829797744751,2277.38916015625,1523.689453125,2304.67724609375,1578.4384765625,2291.033203125,1551.06396484375,27.2880859375,54.7490234375
IMG_0038.mp4,78,2.6026000000000002,29.97002997002997,6,1,traffic_lights,0.7533541917800903,2290.0947265625,1406.8228759765625,2306.991943359375,1452.321044921875,2298.5433349609375,1429.5719604492188,16.897216796875,45.4981689453125
IMG_0038.mp4,78,2.6026000000000002,29.97002997002997,9,2,traffic_signs,0.31453731656074524,2556.09130859375,1540.2498779296875,2575.352783203125,1572.5418701171875,2565.7220458984375,1556.3958740234375,19.261474609375,32.2919921875
IMG_0038.mp4,78,2.6026000000000002,29.97002997002997,4,1,traffic_lights,0.26117944717407227,1698.4302978515625,147.92298889160156,1816.02197265625,362.8343200683594,1757.2261352539062,255.37865447998047,117.5916748046875,214.9113311767578
IMG_0038.mp4,79,2.6359666666666666,29.97002997002997,5,1,traffic_lights,0.6659477353096008,1123.680908203125,1422.212646484375,1157.54052734375,1465.8099365234375,1140.6107177734375,1444.0112915039062,33.859619140625,43.5972900390625
IMG_0038.mp4,79,2.6359666666666666,29.97002997002997,1,2,traffic_signs,0.8590042591094971,2444.961181640625,1476.0556640625,2472.5634765625,1551.0189208984375,2458.7623291015625,1513.5372924804688,27.602294921875,74.9632568359375
IMG_0038.mp4,79,2.6359666666666666,29.97002997002997,7,2,traffic_signs,0.6031648516654968,2358.130615234375,1564.411865234375,2372.246826171875,1594.915283203125,2365.188720703125,1579.66357421875,14.1162109375,30.50341796875
IMG_0038.mp4,79,2.6359666666666666,29.97002997002997,2,2,traffic_signs,0.8570691347122192,2277.094482421875,1523.369140625,2304.82861328125,1579.013427734375,2290.9615478515625,1551.1912841796875,27.734130859375,55.644287109375
IMG_0038.mp4,79,2.6359666666666666,29.97002997002997,6,1,traffic_lights,0.77117520570755,2289.48974609375,1406.6690673828125,2306.0654296875,1452.6627197265625,2297.777587890625,1429.6658935546875,16.57568359375,45.99365234375
IMG_0038.mp4,79,2.6359666666666666,29.97002997002997,9,2,traffic_signs,0.3280404806137085,2554.5693359375,1539.731689453125,2573.68115234375,1573.4183349609375,2564.125244140625,1556.5750122070312,19.11181640625,33.6866455078125
IMG_0038.mp4,79,2.6359666666666666,29.97002997002997,4,1,traffic_lights,0.8836382627487183,1698.4825439453125,147.80718994140625,1816.378173828125,362.5867004394531,1757.4303588867188,255.1969451904297,117.8956298828125,214.77951049804688
IMG_0038.mp4,79,2.6359666666666666,29.97002997002997,3,1,traffic_lights,0.5501910448074341,1564.970458984375,142.45448303222656,1690.8790283203125,358.58953857421875,1627.9247436523438,250.52201080322266,125.9085693359375,216.1350555419922
IMG_0038.mp4,80,2.6693333333333333,29.97002997002997,5,1,traffic_lights,0.7955374121665955,1123.87744140625,1422.4791259765625,1156.8499755859375,1466.2239990234375,1140.3637084960938,1444.3515625,32.9725341796875,43.744873046875
IMG_0038.mp4,80,2.6693333333333333,29.97002997002997,1,2,traffic_signs,0.861458957195282,2444.843994140625,1476.4840087890625,2472.418701171875,1551.046875,2458.63134765625,1513.7654418945312,27.57470703125,74.5628662109375
IMG_0038.mp4,80,2.6693333333333333,29.97002997002997,7,2,traffic_signs,0.6072476506233215,2357.932373046875,1564.4254150390625,2372.02001953125,1595.609130859375,2364.9761962890625,1580.0172729492188,14.087646484375,31.1837158203125
IMG_0038.mp4,80,2.6693333333333333,29.97002997002997,2,2,traffic_signs,0.8523002862930298,2276.7919921875,1523.7098388671875,2304.70751953125,1579.581298828125,2290.749755859375,1551.6455688476562,27.91552734375,55.8714599609375
IMG_0038.mp4,80,2.6693333333333333,29.97002997002997,6,1,traffic_lights,0.7691664695739746,2289.14892578125,1406.6243896484375,2305.991943359375,1453.142822265625,2297.5704345703125,1429.8836059570312,16.843017578125,46.5184326171875
IMG_0038.mp4,80,2.6693333333333333,29.97002997002997,4,1,traffic_lights,0.8218486905097961,1699.405029296875,147.56039428710938,1816.0015869140625,364.1225280761719,1757.7033081054688,255.84146118164062,116.5965576171875,216.5621337890625
IMG_0038.mp4,80,2.6693333333333333,29.97002997002997,3,1,traffic_lights,0.4941803216934204,1565.649169921875,143.15682983398438,1690.5142822265625,360.4658203125,1628.0817260742188,251.8113250732422,124.8651123046875,217.30899047851562
IMG_0038.mp4,81,2.7027,29.97002997002997,5,1,traffic_lights,0.829526960849762,1124.3406982421875,1421.92626953125,1157.236572265625,1466.56201171875,1140.7886352539062,1444.244140625,32.8958740234375,44.6357421875
IMG_0038.mp4,81,2.7027,29.97002997002997,1,2,traffic_signs,0.8591596484184265,2444.4580078125,1476.5028076171875,2472.2744140625,1550.563720703125,2458.3662109375,1513.5332641601562,27.81640625,74.0609130859375
IMG_0038.mp4,81,2.7027,29.97002997002997,7,2,traffic_signs,0.6535550355911255,2358.000732421875,1564.2305908203125,2372.11181640625,1595.7957763671875,2365.0562744140625,1580.01318359375,14.111083984375,31.565185546875
IMG_0038.mp4,81,2.7027,29.97002997002997,2,2,traffic_signs,0.8566588163375854,2276.779541015625,1523.2388916015625,2304.5205078125,1579.21875,2290.6500244140625,1551.2288208007812,27.740966796875,55.9798583984375
IMG_0038.mp4,81,2.7027,29.97002997002997,6,1,traffic_lights,0.77374267578125,2289.103515625,1406.4981689453125,2305.736083984375,1452.7926025390625,2297.4197998046875,1429.6453857421875,16.632568359375,46.29443359375
IMG_0038.mp4,81,2.7027,29.97002997002997,4,1,traffic_lights,0.806814432144165,1699.5577392578125,147.53477478027344,1815.6212158203125,364.3440856933594,1757.5894775390625,255.9394302368164,116.0634765625,216.80931091308594
IMG_0038.mp4,81,2.7027,29.97002997002997,3,1,traffic_lights,0.626660943031311,1565.98095703125,143.32337951660156,1690.3245849609375,360.9837646484375,1628.1527709960938,252.15357208251953,124.3436279296875,217.66038513183594
IMG_0038.mp4,82,2.736066666666667,29.97002997002997,5,1,traffic_lights,0.7958200573921204,1124.783447265625,1421.93603515625,1157.3519287109375,1467.1690673828125,1141.0676879882812,1444.5525512695312,32.5684814453125,45.2330322265625
IMG_0038.mp4,82,2.736066666666667,29.97002997002997,1,2,traffic_signs,0.8664276599884033,2444.8154296875,1476.5667724609375,2472.32177734375,1550.7999267578125,2458.568603515625,1513.683349609375,27.50634765625,74.233154296875
IMG_0038.mp4,82,2.736066666666667,29.97002997002997,7,2,traffic_signs,0.6483352780342102,2358.157958984375,1564.56884765625,2372.336669921875,1595.8485107421875,2365.247314453125,1580.2086791992188,14.1787109375,31.2796630859375
IMG_0038.mp4,82,2.736066666666667,29.97002997002997,2,2,traffic_signs,0.8556676506996155,2276.9375,1523.54345703125,2304.782470703125,1579.7451171875,2290.8599853515625,1551.644287109375,27.844970703125,56.20166015625
IMG_0038.mp4,82,2.736066666666667,29.97002997002997,6,1,traffic_lights,0.7549545764923096,2289.29296875,1406.8599853515625,2305.802978515625,1453.0230712890625,2297.5479736328125,1429.9415283203125,16.510009765625,46.1630859375
IMG_0038.mp4,82,2.736066666666667,29.97002997002997,4,1,traffic_lights,0.9164173007011414,1699.544189453125,148.31822204589844,1816.6722412109375,364.9463195800781,1758.1082153320312,256.6322708129883,117.1280517578125,216.6280975341797
IMG_0038.mp4,82,2.736066666666667,29.97002997002997,3,1,traffic_lights,0.7403053045272827,1566.1898193359375,143.9427947998047,1691.32421875,361.8381042480469,1628.7570190429688,252.89044952392578,125.1343994140625,217.8953094482422
IMG_0038.mp4,83,2.769433333333333,29.97002997002997,5,1,traffic_lights,0.685457170009613,1125.4075927734375,1421.5732421875,1157.013427734375,1466.43017578125,1141.2105102539062,1444.001708984375,31.6058349609375,44.85693359375
IMG_0038.mp4,83,2.769433333333333,29.97002997002997,1,2,traffic_signs,0.872569739818573,2444.63671875,1476.192138671875,2472.15185546875,1550.2340087890625,2458.394287109375,1513.2130737304688,27.51513671875,74.0418701171875
IMG_0038.mp4,83,2.769433333333333,29.97002997002997,7,2,traffic_signs,0.6089736223220825,2358.022705078125,1564.539306640625,2372.352294921875,1595.2545166015625,2365.1875,1579.8969116210938,14.32958984375,30.7152099609375
IMG_0038.mp4,83,2.769433333333333,29.97002997002997,2,2,traffic_signs,0.8615967631340027,2276.8837890625,1523.118896484375,2305.10693359375,1579.3177490234375,2290.995361328125,1551.2183227539062,28.22314453125,56.1988525390625
IMG_0038.mp4,83,2.769433333333333,29.97002997002997,6,1,traffic_lights,0.7614099383354187,2289.256103515625,1406.19189453125,2305.59423828125,1452.7216796875,2297.4251708984375,1429.456787109375,16.338134765625,46.52978515625
IMG_0038.mp4,83,2.769433333333333,29.97002997002997,4,1,traffic_lights,0.6403324007987976,1700.3470458984375,148.00852966308594,1815.9508056640625,365.54644775390625,1758.14892578125,256.7774887084961,115.603759765625,217.5379180908203
IMG_0038.mp4,83,2.769433333333333,29.97002997002997,3,1,traffic_lights,0.8066120743751526,1566.4364013671875,144.2069549560547,1691.4801025390625,362.1161193847656,1628.958251953125,253.16153717041016,125.043701171875,217.90916442871094
IMG_0038.mp4,84,2.8028,29.97002997002997,5,1,traffic_lights,0.7592675685882568,1124.7266845703125,1421.6593017578125,1156.0574951171875,1466.40087890625,1140.39208984375,1444.0300903320312,31.330810546875,44.7415771484375
IMG_0038.mp4,84,2.8028,29.97002997002997,1,2,traffic_signs,0.870432436466217,2444.4599609375,1476.5648193359375,2471.936767578125,1550.342529296875,2458.1983642578125,1513.4536743164062,27.476806640625,73.7777099609375
IMG_0038.mp4,84,2.8028,29.97002997002997,7,2,traffic_signs,0.6288168430328369,2357.72265625,1564.9681396484375,2372.20166015625,1595.5714111328125,2364.962158203125,1580.269775390625,14.47900390625,30.603271484375
IMG_0038.mp4,84,2.8028,29.97002997002997,2,2,traffic_signs,0.86078280210495,2276.63525390625,1523.459228515625,2304.869140625,1579.4508056640625,2290.752197265625,1551.4550170898438,28.23388671875,55.9915771484375
IMG_0038.mp4,84,2.8028,29.97002997002997,6,1,traffic_lights,0.7540761232376099,2289.133056640625,1406.894287109375,2305.249267578125,1453.2347412109375,2297.191162109375,1430.0645141601562,16.1162109375,46.3404541015625
IMG_0038.mp4,84,2.8028,29.97002997002997,4,1,traffic_lights,0.5404132604598999,1702.275390625,147.71617126464844,1814.95654296875,365.619384765625,1758.615966796875,256.6677780151367,112.68115234375,217.90321350097656
IMG_0038.mp4,84,2.8028,29.97002997002997,3,1,traffic_lights,0.786943256855011,1566.3160400390625,144.45584106445312,1691.054443359375,362.3060302734375,1628.6852416992188,253.3809356689453,124.7384033203125,217.85018920898438
IMG_0038.mp4,84,2.8028,29.97002997002997,9,2,traffic_signs,0.27436012029647827,2552.727294921875,1540.9398193359375,2569.992431640625,1573.6177978515625,2561.35986328125,1557.27880859375,17.26513671875,32.677978515625
IMG_0038.mp4,85,2.8361666666666667,29.97002997002997,5,1,traffic_lights,0.7231143712997437,1124.0758056640625,1421.410888671875,1155.494873046875,1465.573486328125,1139.7853393554688,1443.4921875,31.4190673828125,44.16259765625
IMG_0038.mp4,85,2.8361666666666667,29.97002997002997,1,2,traffic_signs,0.8711111545562744,2444.444580078125,1476.3887939453125,2471.81591796875,1549.8016357421875,2458.1302490234375,1513.09521484375,27.371337890625,73.412841796875
IMG_0038.mp4,85,2.8361666666666667,29.97002997002997,7,2,traffic_signs,0.6522658467292786,2357.728271484375,1564.6712646484375,2372.11376953125,1595.40087890625,2364.9210205078125,1580.0360717773438,14.385498046875,30.7296142578125
IMG_0038.mp4,85,2.8361666666666667,29.97002997002997,2,2,traffic_signs,0.8596954941749573,2276.625732421875,1523.4278564453125,2304.597900390625,1578.98486328125,2290.61181640625,1551.2063598632812,27.97216796875,55.5570068359375
IMG_0038.mp4,85,2.8361666666666667,29.97002997002997,6,1,traffic_lights,0.7416257858276367,2289.02392578125,1406.46533203125,2304.970947265625,1452.6778564453125,2296.9974365234375,1429.5715942382812,15.947021484375,46.2125244140625
IMG_0038.mp4,85,2.8361666666666667,29.97002997002997,4,1,traffic_lights,0.8895681500434875,1701.643798828125,147.7067413330078,1815.7513427734375,365.0838623046875,1758.6975708007812,256.39530181884766,114.1075439453125,217.3771209716797
IMG_0038.mp4,85,2.8361666666666667,29.97002997002997,3,1,traffic_lights,0.8497076630592346,1566.208984375,144.35646057128906,1691.5181884765625,361.6064453125,1628.8635864257812,252.98145294189453,125.3092041015625,217.24998474121094
IMG_0038.mp4,85,2.8361666666666667,29.97002997002997,9,2,traffic_signs,0.3260880410671234,2551.36669921875,1539.0562744140625,2569.102294921875,1573.4410400390625,2560.2344970703125,1556.2486572265625,17.735595703125,34.384765625
IMG_0038.mp4,86,2.8695333333333335,29.97002997002997,5,1,traffic_lights,0.7112231254577637,1124.814697265625,1421.6800537109375,1156.1527099609375,1466.181640625,1140.4837036132812,1443.9308471679688,31.3380126953125,44.5015869140625
IMG_0038.mp4,86,2.8695333333333335,29.97002997002997,1,2,traffic_signs,0.871813952922821,2445.0810546875,1476.66064453125,2472.202392578125,1549.5772705078125,2458.6417236328125,1513.1189575195312,27.121337890625,72.9166259765625
IMG_0038.mp4,86,2.8695333333333335,29.97002997002997,7,2,traffic_signs,0.6441656351089478,2358.215576171875,1565.142333984375,2372.427734375,1595.6771240234375,2365.3216552734375,1580.4097290039062,14.212158203125,30.5347900390625
IMG_0038.mp4,86,2.8695333333333335,29.97002997002997,2,2,traffic_signs,0.8587585687637329,2277.346923828125,1523.7706298828125,2304.9228515625,1579.1541748046875,2291.1348876953125,1551.46240234375,27.575927734375,55.383544921875
IMG_0038.mp4,86,2.8695333333333335,29.97002997002997,6,1,traffic_lights,0.7376800179481506,2289.604248046875,1407.1031494140625,2305.56591796875,1453.15869140625,2297.5850830078125,1430.1309204101562,15.961669921875,46.0555419921875
IMG_0038.mp4,86,2.8695333333333335,29.97002997002997,4,1,traffic_lights,0.767791211605072,1702.4517822265625,148.23321533203125,1815.24560546875,365.5479431152344,1758.8486938476562,256.8905792236328,112.7938232421875,217.31472778320312
IMG_0038.mp4,86,2.8695333333333335,29.97002997002997,3,1,traffic_lights,0.8060594797134399,1567.2476806640625,145.6959686279297,1692.0301513671875,363.257568359375,1629.638916015625,254.47676849365234,124.782470703125,217.5615997314453
IMG_0038.mp4,86,2.8695333333333335,29.97002997002997,9,2,traffic_signs,0.31302517652511597,2552.2958984375,1539.460693359375,2570.16796875,1573.84326171875,2561.23193359375,1556.6519775390625,17.8720703125,34.382568359375
IMG_0038.mp4,87,2.9029000000000003,29.97002997002997,5,1,traffic_lights,0.6983266472816467,1124.77734375,1421.461669921875,1155.58447265625,1465.4708251953125,1140.180908203125,1443.4662475585938,30.80712890625,44.0091552734375
IMG_0038.mp4,87,2.9029000000000003,29.97002997002997,1,2,traffic_signs,0.8735501766204834,2444.58251953125,1476.2708740234375,2471.813232421875,1549.1702880859375,2458.1978759765625,1512.7205810546875,27.230712890625,72.8994140625
IMG_0038.mp4,87,2.9029000000000003,29.97002997002997,7,2,traffic_signs,0.6814612150192261,2357.751953125,1564.5054931640625,2371.8583984375,1594.8465576171875,2364.80517578125,1579.676025390625,14.1064453125,30.341064453125
IMG_0038.mp4,87,2.9029000000000003,29.97002997002997,2,2,traffic_signs,0.8558275699615479,2276.933837890625,1523.0484619140625,2304.505126953125,1578.41455078125,2290.719482421875,1550.7315063476562,27.5712890625,55.3660888671875
IMG_0038.mp4,87,2.9029000000000003,29.97002997002997,6,1,traffic_lights,0.7505686283111572,2288.808837890625,1405.8829345703125,2304.684326171875,1450.920166015625,2296.74658203125,1428.4015502929688,15.87548828125,45.0372314453125
IMG_0038.mp4,87,2.9029000000000003,29.97002997002997,4,1,traffic_lights,0.7292801737785339,1699.959716796875,147.94969177246094,1814.5888671875,365.5382080078125,1757.2742919921875,256.7439498901367,114.629150390625,217.58851623535156
IMG_0038.mp4,87,2.9029000000000003,29.97002997002997,3,1,traffic_lights,0.8085635304450989,1567.149169921875,145.6940460205078,1690.8729248046875,363.34490966796875,1629.0110473632812,254.51947784423828,123.7237548828125,217.65086364746094
IMG_0038.mp4,87,2.9029000000000003,29.97002997002997,9,2,traffic_signs,0.3021029829978943,2551.515380859375,1539.08642578125,2569.4384765625,1572.51806640625,2560.4769287109375,1555.80224609375,17.923095703125,33.431640625
IMG_0038.mp4,88,2.9362666666666666,29.97002997002997,5,1,traffic_lights,0.6074644327163696,1124.472900390625,1421.47607421875,1154.9495849609375,1464.539794921875,1139.7112426757812,1443.0079345703125,30.4766845703125,43.063720703125
IMG_0038.mp4,88,2.9362666666666666,29.97002997002997,1,2,traffic_signs,0.8725153803825378,2444.32373046875,1476.427978515625,2471.7109375,1549.5887451171875,2458.017333984375,1513.0083618164062,27.38720703125,73.1607666015625
IMG_0038.mp4,88,2.9362666666666666,29.97002997002997,7,2,traffic_signs,0.6739955544471741,2357.380126953125,1564.32568359375,2371.64794921875,1594.72119140625,2364.5140380859375,1579.5234375,14.267822265625,30.3955078125
IMG_0038.mp4,88,2.9362666666666666,29.97002997002997,2,2,traffic_signs,0.8550716042518616,2276.671630859375,1523.0233154296875,2304.45458984375,1579.5748291015625,2290.5631103515625,1551.299072265625,27.782958984375,56.551513671875
IMG_0038.mp4,88,2.9362666666666666,29.97002997002997,6,1,traffic_lights,0.7364668846130371,2288.645751953125,1406.04052734375,2304.38134765625,1450.36669921875,2296.5135498046875,1428.20361328125,15.735595703125,44.326171875
IMG_0038.mp4,88,2.9362666666666666,29.97002997002997,4,1,traffic_lights,0.7429991960525513,1701.3157958984375,148.85682678222656,1815.4375,366.291748046875,1758.3766479492188,257.5742874145508,114.1217041015625,217.43492126464844
IMG_0038.mp4,88,2.9362666666666666,29.97002997002997,3,1,traffic_lights,0.7886486649513245,1566.9666748046875,146.1350860595703,1691.3294677734375,363.6452331542969,1629.1480712890625,254.8901596069336,124.36279296875,217.51014709472656
IMG_0038.mp4,89,2.9696333333333333,29.97002997002997,5,1,traffic_lights,0.5723028779029846,1124.711669921875,1421.4208984375,1154.931396484375,1463.57958984375,1139.821533203125,1442.500244140625,30.2197265625,42.15869140625
IMG_0038.mp4,89,2.9696333333333333,29.97002997002997,1,2,traffic_signs,0.8702829480171204,2444.568115234375,1476.2926025390625,2471.505859375,1549.2535400390625,2458.0369873046875,1512.7730712890625,26.937744140625,72.9609375
IMG_0038.mp4,89,2.9696333333333333,29.97002997002997,7,2,traffic_signs,0.6581948399543762,2357.33349609375,1564.0999755859375,2371.560791015625,1594.118408203125,2364.4471435546875,1579.1091918945312,14.227294921875,30.0184326171875
IMG_0038.mp4,89,2.9696333333333333,29.97002997002997,2,2,traffic_signs,0.8556336164474487,2276.680419921875,1523.132568359375,2304.44580078125,1579.1982421875,2290.5631103515625,1551.1654052734375,27.765380859375,56.065673828125
IMG_0038.mp4,89,2.9696333333333333,29.97002997002997,6,1,traffic_lights,0.7467023730278015,2289.023193359375,1406.1046142578125,2304.623291015625,1449.61962890625,2296.8232421875,1427.8621215820312,15.60009765625,43.5150146484375
IMG_0038.mp4,89,2.9696333333333333,29.97002997002997,4,1,traffic_lights,0.8468243479728699,1702.518798828125,148.4803466796875,1814.73486328125,365.6202087402344,1758.6268310546875,257.05027770996094,112.216064453125,217.13986206054688
IMG_0038.mp4,89,2.9696333333333333,29.97002997002997,3,1,traffic_lights,0.715664267539978,1567.22021484375,146.3662109375,1691.158935546875,363.9810791015625,1629.1895751953125,255.17364501953125,123.938720703125,217.6148681640625
IMG_0038.mp4,89,2.9696333333333333,29.97002997002997,9,2,traffic_signs,0.4206402599811554,2551.332763671875,1538.7169189453125,2569.71142578125,1572.5721435546875,2560.5220947265625,1555.64453125,18.378662109375,33.855224609375
IMG_0038.mp4,90,3.003,29.97002997002997,1,2,traffic_signs,0.8690361976623535,2444.64306640625,1475.7005615234375,2471.5400390625,1549.3974609375,2458.091552734375,1512.5490112304688,26.89697265625,73.6968994140625
IMG_0038.mp4,90,3.003,29.97002997002997,7,2,traffic_signs,0.36768415570259094,2357.83349609375,1564.69140625,2371.68798828125,1593.44775390625,2364.7607421875,1579.069580078125,13.8544921875,28.75634765625
IMG_0038.mp4,90,3.003,29.97002997002997,2,2,traffic_signs,0.8344356417655945,2276.6337890625,1523.1142578125,2303.8134765625,1578.402099609375,2290.2236328125,1550.7581787109375,27.1796875,55.287841796875
IMG_0038.mp4,90,3.003,29.97002997002997,6,1,traffic_lights,0.7476933598518372,2289.230712890625,1405.5322265625,2305.407470703125,1449.4276123046875,2297.319091796875,1427.4799194335938,16.1767578125,43.8953857421875
IMG_0038.mp4,90,3.003,29.97002997002997,4,1,traffic_lights,0.7488009929656982,1701.495849609375,148.7209930419922,1815.1766357421875,365.7177429199219,1758.3362426757812,257.21936798095703,113.6807861328125,216.9967498779297
IMG_0038.mp4,90,3.003,29.97002997002997,3,1,traffic_lights,0.5206804275512695,1567.484130859375,146.78651428222656,1690.8619384765625,364.5994873046875,1629.1730346679688,255.69300079345703,123.3778076171875,217.81297302246094
IMG_0038.mp4,91,3.036366666666667,29.97002997002997,4,1,traffic_lights,0.7987583875656128,1703.2972412109375,149.40696716308594,1816.220703125,365.3713684082031,1759.7589721679688,257.38916778564453,112.9234619140625,215.9644012451172
IMG_0038.mp4,91,3.036366666666667,29.97002997002997,3,1,traffic_lights,0.264963299036026,1567.676513671875,146.31459045410156,1692.0784912109375,363.9765930175781,1629.8775024414062,255.14559173583984,124.4019775390625,217.66200256347656
IMG_0038.mp4,92,3.069733333333333,29.97002997002997,4,1,traffic_lights,0.8782844543457031,1702.3338623046875,149.8289337158203,1815.9630126953125,366.0344543457031,1759.1484375,257.9316940307617,113.629150390625,216.2055206298828
IMG_0038.mp4,92,3.069733333333333,29.97002997002997,3,1,traffic_lights,0.8198783993721008,1567.6484375,147.00987243652344,1691.70166015625,364.62799072265625,1629.675048828125,255.81893157958984,124.05322265625,217.6181182861328
IMG_0038.mp4,92,3.069733333333333,29.97002997002997,1,2,traffic_signs,0.8551031351089478,2443.30078125,1478.537841796875,2472.76611328125,1548.575927734375,2458.033447265625,1513.556884765625,29.46533203125,70.0380859375
IMG_0038.mp4,92,3.069733333333333,29.97002997002997,7,2,traffic_signs,0.6772133111953735,2357.23388671875,1564.2197265625,2371.915771484375,1594.357421875,2364.5748291015625,1579.28857421875,14.681884765625,30.1376953125
IMG_0038.mp4,92,3.069733333333333,29.97002997002997,2,2,traffic_signs,0.8282831311225891,2276.341796875,1524.183349609375,2304.7978515625,1577.3253173828125,2290.56982421875,1550.7543334960938,28.4560546875,53.1419677734375
IMG_0038.mp4,93,3.1031,29.97002997002997,4,1,traffic_lights,0.8276576399803162,1702.1046142578125,148.9002227783203,1814.9989013671875,365.7096862792969,1758.5517578125,257.3049545288086,112.894287109375,216.80946350097656
IMG_0038.mp4,93,3.1031,29.97002997002997,3,1,traffic_lights,0.7302943468093872,1567.1220703125,146.5424041748047,1690.9283447265625,364.769775390625,1629.0252075195312,255.65608978271484,123.8062744140625,218.2273712158203
IMG_0038.mp4,93,3.1031,29.97002997002997,1,2,traffic_signs,0.8671811819076538,2442.66552734375,1476.991455078125,2471.77734375,1548.72509765625,2457.221435546875,1512.8582763671875,29.11181640625,71.733642578125
IMG_0038.mp4,93,3.1031,29.97002997002997,7,2,traffic_signs,0.4950990080833435,2357.00390625,1564.1112060546875,2371.20849609375,1593.469482421875,2364.106201171875,1578.7903442382812,14.20458984375,29.3582763671875
IMG_0038.mp4,93,3.1031,29.97002997002997,2,2,traffic_signs,0.8424224853515625,2276.4736328125,1523.082763671875,2303.993408203125,1577.6883544921875,2290.2335205078125,1550.3855590820312,27.519775390625,54.6055908203125
IMG_0038.mp4,93,3.1031,29.97002997002997,9,2,traffic_signs,0.5942882299423218,2553.33984375,1539.22607421875,2573.823974609375,1569.158935546875,2563.5819091796875,1554.1925048828125,20.484130859375,29.932861328125
IMG_0038.mp4,93,3.1031,29.97002997002997,6,1,traffic_lights,0.7386795878410339,2288.8125,1406.2275390625,2305.121826171875,1451.2384033203125,2296.9671630859375,1428.7329711914062,16.309326171875,45.0108642578125
IMG_0038.mp4,94,3.1364666666666667,29.97002997002997,1,2,traffic_signs,0.8694485425949097,2443.90380859375,1476.7340087890625,2471.574462890625,1548.1861572265625,2457.7391357421875,1512.4600830078125,27.670654296875,71.4521484375
IMG_0038.mp4,94,3.1364666666666667,29.97002997002997,7,2,traffic_signs,0.6827743649482727,2357.59423828125,1563.8623046875,2371.423583984375,1593.933349609375,2364.5089111328125,1578.8978271484375,13.829345703125,30.071044921875
IMG_0038.mp4,94,3.1364666666666667,29.97002997002997,2,2,traffic_signs,0.8383432030677795,2276.85986328125,1523.008056640625,2303.639892578125,1578.381103515625,2290.2498779296875,1550.694580078125,26.780029296875,55.373046875
IMG_0038.mp4,94,3.1364666666666667,29.97002997002997,6,1,traffic_lights,0.7347195744514465,2288.87353515625,1406.2470703125,2305.19140625,1451.7332763671875,2297.032470703125,1428.9901733398438,16.31787109375,45.4862060546875
IMG_0038.mp4,94,3.1364666666666667,29.97002997002997,5,1,traffic_lights,0.46705329418182373,1124.9337158203125,1419.3729248046875,1156.6124267578125,1462.718505859375,1140.7730712890625,1441.0457153320312,31.6787109375,43.3455810546875
IMG_0038.mp4,95,3.1698333333333335,29.97002997002997,1,2,traffic_signs,0.8717897534370422,2444.784423828125,1476.4298095703125,2471.723388671875,1547.57568359375,2458.25390625,1512.0027465820312,26.93896484375,71.1458740234375
IMG_0038.mp4,95,3.1698333333333335,29.97002997002997,7,2,traffic_signs,0.5342278480529785,2358.19287109375,1564.4527587890625,2371.738525390625,1594.330322265625,2364.9656982421875,1579.3915405273438,13.545654296875,29.8775634765625
IMG_0038.mp4,95,3.1698333333333335,29.97002997002997,2,2,traffic_signs,0.8469381928443909,2277.15966796875,1523.188720703125,2304.05712890625,1578.4930419921875,2290.6083984375,1550.8408813476562,26.8974609375,55.3043212890625
IMG_0038.mp4,95,3.1698333333333335,29.97002997002997,6,1,traffic_lights,0.7662672996520996,2289.1708984375,1406.3427734375,2305.74267578125,1451.992919921875,2297.456787109375,1429.1678466796875,16.57177734375,45.650146484375
IMG_0038.mp4,95,3.1698333333333335,29.97002997002997,5,1,traffic_lights,0.6738176345825195,1124.7108154296875,1420.448486328125,1155.5982666015625,1464.134765625,1140.154541015625,1442.2916259765625,30.887451171875,43.686279296875
IMG_0038.mp4,95,3.1698333333333335,29.97002997002997,9,2,traffic_signs,0.28876882791519165,2554.67626953125,1539.9029541015625,2573.3369140625,1570.3995361328125,2564.006591796875,1555.1512451171875,18.66064453125,30.49658203125
IMG_0038.mp4,96,3.2032000000000003,29.97002997002997,1,2,traffic_signs,0.8634960055351257,2445.007080078125,1475.9017333984375,2471.926025390625,1547.5399169921875,2458.466552734375,1511.7208251953125,26.9189453125,71.63818359375
IMG_0038.mp4,96,3.2032000000000003,29.97002997002997,7,2,traffic_signs,0.5242821574211121,2358.447021484375,1564.293701171875,2372.09521484375,1594.603271484375,2365.2711181640625,1579.448486328125,13.648193359375,30.3095703125
IMG_0038.mp4,96,3.2032000000000003,29.97002997002997,2,2,traffic_signs,0.849981963634491,2277.1650390625,1522.90234375,2304.229736328125,1578.71142578125,2290.6973876953125,1550.806884765625,27.064697265625,55.80908203125
IMG_0038.mp4,96,3.2032000000000003,29.97002997002997,6,1,traffic_lights,0.7645832896232605,2289.374267578125,1406.1192626953125,2306.031494140625,1452.4674072265625,2297.702880859375,1429.2933349609375,16.6572265625,46.34814453125
IMG_0038.mp4,96,3.2032000000000003,29.97002997002997,5,1,traffic_lights,0.8099989891052246,1124.2396240234375,1421.1982421875,1154.32177734375,1465.924072265625,1139.2807006835938,1443.5611572265625,30.0821533203125,44.725830078125
IMG_0038.mp4,96,3.2032000000000003,29.97002997002997,4,1,traffic_lights,0.6312513947486877,1700.4522705078125,147.99673461914062,1815.7410888671875,365.2618408203125,1758.0966796875,256.62928771972656,115.288818359375,217.26510620117188
IMG_0038.mp4,96,3.2032000000000003,29.97002997002997,3,1,traffic_lights,0.32976773381233215,1566.2955322265625,144.30931091308594,1689.9520263671875,364.7824401855469,1628.123779296875,254.5458755493164,123.656494140625,220.47312927246094
IMG_0038.mp4,97,3.2365666666666666,29.97002997002997,1,2,traffic_signs,0.8108479380607605,2444.638671875,1477.0345458984375,2472.283935546875,1546.3665771484375,2458.4613037109375,1511.7005615234375,27.645263671875,69.33203125
IMG_0038.mp4,97,3.2365666666666666,29.97002997002997,7,2,traffic_signs,0.5112495422363281,2358.302490234375,1564.9703369140625,2372.189208984375,1595.5755615234375,2365.245849609375,1580.27294921875,13.88671875,30.605224609375
IMG_0038.mp4,97,3.2365666666666666,29.97002997002997,2,2,traffic_signs,0.8452624678611755,2277.263671875,1523.585205078125,2304.163330078125,1578.958740234375,2290.7135009765625,1551.27197265625,26.899658203125,55.37353515625
IMG_0038.mp4,97,3.2365666666666666,29.97002997002997,6,1,traffic_lights,0.7660270929336548,2289.46044921875,1406.5203857421875,2306.11474609375,1452.28857421875,2297.78759765625,1429.4044799804688,16.654296875,45.7681884765625
IMG_0038.mp4,97,3.2365666666666666,29.97002997002997,5,1,traffic_lights,0.8492035269737244,1123.2347412109375,1421.7919921875,1154.3375244140625,1468.325439453125,1138.7861328125,1445.0587158203125,31.102783203125,46.533447265625
IMG_0038.mp4,97,3.2365666666666666,29.97002997002997,4,1,traffic_lights,0.9101675152778625,1698.2529296875,147.6883544921875,1816.404541015625,363.5273132324219,1757.3287353515625,255.6078338623047,118.151611328125,215.83895874023438
IMG_0038.mp4,97,3.2365666666666666,29.97002997002997,3,1,traffic_lights,0.545894980430603,1565.622314453125,142.90452575683594,1690.2012939453125,362.788818359375,1627.9118041992188,252.84667205810547,124.5789794921875,219.88429260253906
IMG_0038.mp4,98,3.2699333333333334,29.97002997002997,6,1,traffic_lights,0.5120146870613098,2289.906982421875,1407.0999755859375,2306.357666015625,1451.4674072265625,2298.13232421875,1429.28369140625,16.45068359375,44.367431640625
IMG_0038.mp4,98,3.2699333333333334,29.97002997002997,5,1,traffic_lights,0.862712025642395,1122.8717041015625,1421.873291015625,1153.728271484375,1468.9263916015625,1138.2999877929688,1445.3998413085938,30.8565673828125,47.0531005859375
IMG_0038.mp4,98,3.2699333333333334,29.97002997002997,4,1,traffic_lights,0.6735260486602783,1699.5745849609375,147.67222595214844,1815.7520751953125,363.7484130859375,1757.663330078125,255.71031951904297,116.177490234375,216.07618713378906
IMG_0038.mp4,98,3.2699333333333334,29.97002997002997,3,1,traffic_lights,0.5553700923919678,1565.8773193359375,142.9395751953125,1689.7293701171875,362.94775390625,1627.8033447265625,252.94366455078125,123.85205078125,220.0081787109375
IMG_0038.mp4,99,3.3033,29.97002997002997,6,1,traffic_lights,0.7766351699829102,2289.5087890625,1406.497314453125,2306.754638671875,1452.1759033203125,2298.1317138671875,1429.3366088867188,17.245849609375,45.6785888671875
IMG_0038.mp4,99,3.3033,29.97002997002997,5,1,traffic_lights,0.8618162274360657,1123.4466552734375,1422.0123291015625,1154.340087890625,1468.8720703125,1138.8933715820312,1445.4421997070312,30.8934326171875,46.8597412109375
IMG_0038.mp4,99,3.3033,29.97002997002997,4,1,traffic_lights,0.5521665215492249,1701.0218505859375,148.27700805664062,1815.4320068359375,364.0766296386719,1758.2269287109375,256.17681884765625,114.41015625,215.79962158203125
IMG_0038.mp4,99,3.3033,29.97002997002997,3,1,traffic_lights,0.552451491355896,1566.027587890625,143.37771606445312,1690.543701171875,363.590087890625,1628.28564453125,253.48390197753906,124.51611328125,220.21237182617188
IMG_0038.mp4,99,3.3033,29.97002997002997,1,2,traffic_signs,0.8634303212165833,2444.796142578125,1476.3458251953125,2472.455078125,1548.21142578125,2458.6256103515625,1512.2786254882812,27.658935546875,71.8656005859375
IMG_0038.mp4,99,3.3033,29.97002997002997,7,2,traffic_signs,0.41126590967178345,2358.025634765625,1565.0570068359375,2371.9912109375,1594.80712890625,2365.0084228515625,1579.9320678710938,13.965576171875,29.7501220703125
IMG_0038.mp4,99,3.3033,29.97002997002997,2,2,traffic_signs,0.858587384223938,2276.475830078125,1523.6708984375,2303.951416015625,1578.871826171875,2290.213623046875,1551.2713623046875,27.4755859375,55.200927734375
IMG_0038.mp4,100,3.336666666666667,29.97002997002997,6,1,traffic_lights,0.7589814066886902,2289.570556640625,1407.14453125,2306.58447265625,1452.00927734375,2298.0775146484375,1429.576904296875,17.013916015625,44.86474609375
IMG_0038.mp4,100,3.336666666666667,29.97002997002997,5,1,traffic_lights,0.8636291027069092,1123.82421875,1421.736328125,1154.5269775390625,1468.72119140625,1139.1755981445312,1445.228759765625,30.7027587890625,46.98486328125
IMG_0038.mp4,100,3.336666666666667,29.97002997002997,4,1,traffic_lights,0.413107305765152,1702.90283203125,145.29249572753906,1810.82177734375,363.77093505859375,1756.8623046875,254.5317153930664,107.9189453125,218.4784393310547
IMG_0038.mp4,100,3.336666666666667,29.97002997002997,3,1,traffic_lights,0.7121209502220154,1566.5216064453125,142.4696044921875,1689.739501953125,361.5955505371094,1628.1305541992188,252.03257751464844,123.2178955078125,219.12594604492188
IMG_0038.mp4,100,3.336666666666667,29.97002997002997,1,2,traffic_signs,0.8698158860206604,2444.014892578125,1476.171142578125,2472.93115234375,1549.0634765625,2458.4730224609375,1512.6173095703125,28.916259765625,72.892333984375
IMG_0038.mp4,100,3.336666666666667,29.97002997002997,7,2,traffic_signs,0.4336535334587097,2357.4873046875,1565.0638427734375,2372.526611328125,1595.0203857421875,2365.0069580078125,1580.0421142578125,15.039306640625,29.95654296875
IMG_0038.mp4,100,3.336666666666667,29.97002997002997,2,2,traffic_signs,0.8549767732620239,2277.0810546875,1523.69482421875,2304.868896484375,1578.614990234375,2290.9749755859375,1551.1549072265625,27.787841796875,54.920166015625
IMG_0038.mp4,101,3.370033333333333,29.97002997002997,6,1,traffic_lights,0.7570249438285828,2289.74609375,1407.0684814453125,2306.3759765625,1452.1539306640625,2298.06103515625,1429.6112060546875,16.6298828125,45.08544921875
IMG_0038.mp4,101,3.370033333333333,29.97002997002997,5,1,traffic_lights,0.8167970180511475,1124.10693359375,1421.9949951171875,1155.30712890625,1467.2489013671875,1139.70703125,1444.6219482421875,31.2001953125,45.25390625
IMG_0038.mp4,101,3.370033333333333,29.97002997002997,4,1,traffic_lights,0.2997792959213257,1675.779052734375,145.53775024414062,1812.5377197265625,361.84100341796875,1744.1583862304688,253.6893768310547,136.7586669921875,216.30325317382812
IMG_0038.mp4,101,3.370033333333333,29.97002997002997,1,2,traffic_signs,0.8674296140670776,2444.444580078125,1476.5775146484375,2472.916748046875,1549.3704833984375,2458.6806640625,1512.9739990234375,28.47216796875,72.79296875
IMG_0038.mp4,101,3.370033333333333,29.97002997002997,7,2,traffic_signs,0.5305443406105042,2357.74755859375,1565.069091796875,2372.304931640625,1595.1864013671875,2365.0262451171875,1580.1277465820312,14.557373046875,30.1173095703125
IMG_0038.mp4,101,3.370033333333333,29.97002997002997,2,2,traffic_signs,0.8681432604789734,2277.241943359375,1523.82373046875,2305.15283203125,1579.6473388671875,2291.1973876953125,1551.7355346679688,27.910888671875,55.8236083984375
IMG_0038.mp4,101,3.370033333333333,29.97002997002997,9,2,traffic_signs,0.26923561096191406,2556.9296875,1539.8299560546875,2573.83349609375,1572.7381591796875,2565.381591796875,1556.2840576171875,16.90380859375,32.908203125
IMG_0038.mp4,102,3.4034,29.97002997002997,6,1,traffic_lights,0.7684755325317383,2288.99560546875,1406.8701171875,2305.552490234375,1452.1781005859375,2297.2740478515625,1429.5241088867188,16.556884765625,45.3079833984375
IMG_0038.mp4,102,3.4034,29.97002997002997,5,1,traffic_lights,0.7825918793678284,1123.4176025390625,1421.33349609375,1157.5281982421875,1467.47607421875,1140.472900390625,1444.40478515625,34.110595703125,46.142578125
IMG_0038.mp4,102,3.4034,29.97002997002997,4,1,traffic_lights,0.43093621730804443,1691.3812255859375,147.18589782714844,1814.186279296875,361.94158935546875,1752.7837524414062,254.5637435913086,122.8050537109375,214.7556915283203
IMG_0038.mp4,102,3.4034,29.97002997002997,1,2,traffic_signs,0.8675940632820129,2444.15625,1476.3106689453125,2472.340576171875,1549.4454345703125,2458.2484130859375,1512.8780517578125,28.184326171875,73.134765625
IMG_0038.mp4,102,3.4034,29.97002997002997,7,2,traffic_signs,0.6070720553398132,2357.681884765625,1564.92822265625,2371.6337890625,1594.74951171875,2364.6578369140625,1579.8388671875,13.951904296875,29.8212890625
IMG_0038.mp4,102,3.4034,29.97002997002997,2,2,traffic_signs,0.8671333193778992,2276.57421875,1523.59423828125,2304.43115234375,1579.4720458984375,2290.502685546875,1551.5331420898438,27.85693359375,55.8778076171875
IMG_0038.mp4,102,3.4034,29.97002997002997,9,2,traffic_signs,0.3062731921672821,2556.66015625,1539.46435546875,2573.650390625,1572.4559326171875,2565.1552734375,1555.9601440429688,16.990234375,32.9915771484375
IMG_0038.mp4,102,3.4034,29.97002997002997,3,1,traffic_lights,0.8425855040550232,1566.5458984375,142.57679748535156,1688.117919921875,355.7887268066406,1627.3319091796875,249.1827621459961,121.572021484375,213.21192932128906
IMG_0038.mp4,103,3.4367666666666667,29.97002997002997,6,1,traffic_lights,0.7692627310752869,2289.239013671875,1407.1077880859375,2305.4638671875,1452.282470703125,2297.3514404296875,1429.6951293945312,16.224853515625,45.1746826171875
IMG_0038.mp4,103,3.4367666666666667,29.97002997002997,4,1,traffic_lights,0.8903211951255798,1698.9195556640625,148.64047241210938,1816.313232421875,362.188232421875,1757.6163940429688,255.4143524169922,117.3936767578125,213.54776000976562
IMG_0038.mp4,103,3.4367666666666667,29.97002997002997,1,2,traffic_signs,0.8660312294960022,2444.888916015625,1476.5181884765625,2472.3349609375,1549.8817138671875,2458.6119384765625,1513.199951171875,27.446044921875,73.363525390625
IMG_0038.mp4,103,3.4367666666666667,29.97002997002997,7,2,traffic_signs,0.5923824310302734,2357.86328125,1565.5506591796875,2371.96240234375,1595.172607421875,2364.912841796875,1580.3616333007812,14.09912109375,29.6219482421875
IMG_0038.mp4,103,3.4367666666666667,29.97002997002997,2,2,traffic_signs,0.8657271862030029,2276.889892578125,1524.073974609375,2304.679931640625,1579.6492919921875,2290.784912109375,1551.8616333007812,27.7900390625,55.5753173828125
IMG_0038.mp4,103,3.4367666666666667,29.97002997002997,9,2,traffic_signs,0.33855748176574707,2556.271484375,1539.7314453125,2573.89013671875,1573.494873046875,2565.080810546875,1556.6131591796875,17.61865234375,33.763427734375
IMG_0038.mp4,103,3.4367666666666667,29.97002997002997,3,1,traffic_lights,0.8896192908287048,1567.0125732421875,143.2488555908203,1689.04833984375,354.41046142578125,1628.0304565429688,248.82965850830078,122.0357666015625,211.16160583496094
IMG_0038.mp4,104,3.4701333333333335,29.97002997002997,6,1,traffic_lights,0.7737963199615479,2289.567138671875,1407.0537109375,2305.854736328125,1452.0791015625,2297.7109375,1429.56640625,16.28759765625,45.025390625
IMG_0038.mp4,104,3.4701333333333335,29.97002997002997,4,1,traffic_lights,0.8119839429855347,1703.751220703125,148.0164031982422,1816.3702392578125,362.56573486328125,1760.0607299804688,255.29106903076172,112.6190185546875,214.54933166503906
IMG_0038.mp4,104,3.4701333333333335,29.97002997002997,1,2,traffic_signs,0.8642979264259338,2445.255615234375,1476.46826171875,2472.59423828125,1549.64453125,2458.9249267578125,1513.056396484375,27.338623046875,73.17626953125
IMG_0038.mp4,104,3.4701333333333335,29.97002997002997,7,2,traffic_signs,0.5078304409980774,2358.198974609375,1565.752197265625,2372.30322265625,1595.2568359375,2365.2510986328125,1580.5045166015625,14.104248046875,29.504638671875
IMG_0038.mp4,104,3.4701333333333335,29.97002997002997,2,2,traffic_signs,0.8697775602340698,2276.944091796875,1524.327880859375,2304.95458984375,1580.0430908203125,2290.9493408203125,1552.1854858398438,28.010498046875,55.7152099609375
IMG_0038.mp4,104,3.4701333333333335,29.97002997002997,9,2,traffic_signs,0.374386191368103,2556.69287109375,1539.8089599609375,2574.5419921875,1572.8211669921875,2565.617431640625,1556.3150634765625,17.84912109375,33.01220703125
IMG_0038.mp4,104,3.4701333333333335,29.97002997002997,3,1,traffic_lights,0.8427333831787109,1567.08642578125,142.99960327148438,1688.4385986328125,353.80889892578125,1627.7625122070312,248.4042510986328,121.3521728515625,210.80929565429688
IMG_0038.mp4,105,3.5035000000000003,29.97002997002997,6,1,traffic_lights,0.7734163403511047,2289.601806640625,1407.1297607421875,2305.9609375,1452.2568359375,2297.7813720703125,1429.6932983398438,16.359130859375,45.1270751953125
IMG_0038.mp4,105,3.5035000000000003,29.97002997002997,4,1,traffic_lights,0.8550294637680054,1703.9661865234375,148.06971740722656,1816.3946533203125,362.4985046386719,1760.180419921875,255.28411102294922,112.428466796875,214.4287872314453
IMG_0038.mp4,105,3.5035000000000003,29.97002997002997,1,2,traffic_signs,0.8665542006492615,2445.130859375,1476.7078857421875,2472.4541015625,1549.76806640625,2458.79248046875,1513.2379760742188,27.3232421875,73.0601806640625
IMG_0038.mp4,105,3.5035000000000003,29.97002997002997,7,2,traffic_signs,0.5433453917503357,2358.1728515625,1565.928466796875,2372.25390625,1595.5286865234375,2365.21337890625,1580.7285766601562,14.0810546875,29.6002197265625
IMG_0038.mp4,105,3.5035000000000003,29.97002997002997,2,2,traffic_signs,0.8681514263153076,2276.86669921875,1524.5941162109375,2304.844482421875,1580.368896484375,2290.8555908203125,1552.4815063476562,27.977783203125,55.7747802734375
IMG_0038.mp4,105,3.5035000000000003,29.97002997002997,9,2,traffic_signs,0.4023239016532898,2556.453369140625,1540.0941162109375,2574.40966796875,1573.262451171875,2565.4315185546875,1556.6782836914062,17.956298828125,33.1683349609375
IMG_0038.mp4,105,3.5035000000000003,29.97002997002997,3,1,traffic_lights,0.7986174821853638,1566.921875,143.0814666748047,1687.9521484375,353.8661193847656,1627.43701171875,248.47379302978516,121.0302734375,210.78465270996094
IMG_0038.mp4,106,3.5368666666666666,29.97002997002997,6,1,traffic_lights,0.7730439305305481,2289.188232421875,1407.015625,2305.691162109375,1452.2052001953125,2297.439697265625,1429.6104125976562,16.5029296875,45.1895751953125
IMG_0038.mp4,106,3.5368666666666666,29.97002997002997,4,1,traffic_lights,0.8860032558441162,1704.064453125,147.74317932128906,1816.6810302734375,360.9114685058594,1760.3727416992188,254.32732391357422,112.6165771484375,213.1682891845703
IMG_0038.mp4,106,3.5368666666666666,29.97002997002997,1,2,traffic_signs,0.8653985857963562,2445.126953125,1476.6510009765625,2472.4306640625,1549.802978515625,2458.77880859375,1513.2269897460938,27.3037109375,73.1519775390625
IMG_0038.mp4,106,3.5368666666666666,29.97002997002997,7,2,traffic_signs,0.5521791577339172,2358.30859375,1566.0640869140625,2372.341796875,1595.9224853515625,2365.3251953125,1580.9932861328125,14.033203125,29.8583984375
IMG_0038.mp4,106,3.5368666666666666,29.97002997002997,2,2,traffic_signs,0.8701151013374329,2276.832763671875,1524.5496826171875,2304.852783203125,1580.4541015625,2290.8427734375,1552.5018920898438,28.02001953125,55.9044189453125
IMG_0038.mp4,106,3.5368666666666666,29.97002997002997,9,2,traffic_signs,0.45013442635536194,2556.50244140625,1539.6907958984375,2574.814453125,1573.7882080078125,2565.658447265625,1556.739501953125,18.31201171875,34.097412109375
IMG_0038.mp4,106,3.5368666666666666,29.97002997002997,3,1,traffic_lights,0.7833328247070312,1566.6395263671875,142.6693572998047,1688.7366943359375,352.50994873046875,1627.6881103515625,247.58965301513672,122.09716796875,209.84059143066406
IMG_0038.mp4,107,3.5702333333333334,29.97002997002997,6,1,traffic_lights,0.7737441658973694,2289.431640625,1407.42822265625,2305.972900390625,1452.68017578125,2297.7022705078125,1430.05419921875,16.541259765625,45.251953125
IMG_0038.mp4,107,3.5702333333333334,29.97002997002997,4,1,traffic_lights,0.7629296779632568,1703.87451171875,147.72401428222656,1816.3701171875,362.02569580078125,1760.122314453125,254.8748550415039,112.49560546875,214.3016815185547
IMG_0038.mp4,107,3.5702333333333334,29.97002997002997,1,2,traffic_signs,0.8617510795593262,2445.614013671875,1477.0421142578125,2472.884765625,1550.1646728515625,2459.2493896484375,1513.6033935546875,27.270751953125,73.12255859375
IMG_0038.mp4,107,3.5702333333333334,29.97002997002997,7,2,traffic_signs,0.5730884075164795,2358.7783203125,1566.87939453125,2372.816650390625,1596.625,2365.7974853515625,1581.752197265625,14.038330078125,29.74560546875
IMG_0038.mp4,107,3.5702333333333334,29.97002997002997,2,2,traffic_signs,0.8670946955680847,2277.153564453125,1525.1104736328125,2305.1435546875,1580.736328125,2291.1485595703125,1552.9234008789062,27.989990234375,55.6258544921875
IMG_0038.mp4,107,3.5702333333333334,29.97002997002997,9,2,traffic_signs,0.3914804458618164,2556.903564453125,1540.713623046875,2574.654541015625,1573.6610107421875,2565.779052734375,1557.1873168945312,17.7509765625,32.9473876953125
IMG_0038.mp4,107,3.5702333333333334,29.97002997002997,3,1,traffic_lights,0.8230820894241333,1567.105224609375,143.01385498046875,1688.631103515625,352.9759216308594,1627.8681640625,247.99488830566406,121.52587890625,209.96206665039062
IMG_0038.mp4,108,3.6036,29.97002997002997,6,1,traffic_lights,0.7792202830314636,2289.85693359375,1407.169189453125,2306.20556640625,1452.35888671875,2298.03125,1429.7640380859375,16.3486328125,45.189697265625
IMG_0038.mp4,108,3.6036,29.97002997002997,4,1,traffic_lights,0.7682144641876221,1703.8240966796875,147.4036865234375,1815.89794921875,361.0929260253906,1759.8610229492188,254.24830627441406,112.0738525390625,213.68923950195312
IMG_0038.mp4,108,3.6036,29.97002997002997,1,2,traffic_signs,0.8647818565368652,2445.6640625,1476.8699951171875,2473.132080078125,1550.1649169921875,2459.3980712890625,1513.5174560546875,27.468017578125,73.294921875
IMG_0038.mp4,108,3.6036,29.97002997002997,7,2,traffic_signs,0.6102414131164551,2358.656005859375,1566.1246337890625,2372.984130859375,1596.3966064453125,2365.820068359375,1581.2606201171875,14.328125,30.27197265625
IMG_0038.mp4,108,3.6036,29.97002997002997,2,2,traffic_signs,0.8760823011398315,2277.041748046875,1524.6910400390625,2305.32861328125,1580.3868408203125,2291.1851806640625,1552.5389404296875,28.286865234375,55.69580078125
IMG_0038.mp4,108,3.6036,29.97002997002997,9,2,traffic_signs,0.46327707171440125,2557.1982421875,1539.7335205078125,2575.1953125,1573.0997314453125,2566.19677734375,1556.4166259765625,17.9970703125,33.3662109375
IMG_0038.mp4,108,3.6036,29.97002997002997,3,1,traffic_lights,0.8359395861625671,1567.2694091796875,142.2611083984375,1687.663330078125,352.4864807128906,1627.4663696289062,247.37379455566406,120.3939208984375,210.22537231445312
IMG_0038.mp4,109,3.636966666666667,29.97002997002997,6,1,traffic_lights,0.7619888782501221,2290.014892578125,1407.6466064453125,2305.88330078125,1452.9737548828125,2297.9490966796875,1430.3101806640625,15.868408203125,45.3271484375
IMG_0038.mp4,109,3.636966666666667,29.97002997002997,4,1,traffic_lights,0.48183074593544006,1702.7691650390625,148.1057891845703,1815.4014892578125,360.4083251953125,1759.0853271484375,254.2570571899414,112.63232421875,212.3025360107422
IMG_0038.mp4,109,3.636966666666667,29.97002997002997,1,2,traffic_signs,0.8630802035331726,2445.14794921875,1477.558349609375,2473.202392578125,1550.9588623046875,2459.1751708984375,1514.2586059570312,28.054443359375,73.4005126953125
IMG_0038.mp4,109,3.636966666666667,29.97002997002997,7,2,traffic_signs,0.6767853498458862,2357.882080078125,1566.1220703125,2372.75341796875,1596.7205810546875,2365.3177490234375,1581.4213256835938,14.871337890625,30.5985107421875
IMG_0038.mp4,109,3.636966666666667,29.97002997002997,2,2,traffic_signs,0.8758780360221863,2276.755615234375,1524.7342529296875,2305.393310546875,1580.7529296875,2291.074462890625,1552.7435913085938,28.6376953125,56.0186767578125
IMG_0038.mp4,109,3.636966666666667,29.97002997002997,9,2,traffic_signs,0.484282910823822,2556.614501953125,1540.2196044921875,2575.6259765625,1574.571044921875,2566.1202392578125,1557.3953247070312,19.011474609375,34.3514404296875
IMG_0038.mp4,109,3.636966666666667,29.97002997002997,3,1,traffic_lights,0.6043047308921814,1566.5799560546875,142.13955688476562,1691.2451171875,352.7053527832031,1628.9125366210938,247.42245483398438,124.6651611328125,210.5657958984375
IMG_0038.mp4,110,3.6703333333333332,29.97002997002997,6,1,traffic_lights,0.7377495765686035,2290.4443359375,1407.85986328125,2306.529296875,1452.8533935546875,2298.48681640625,1430.3566284179688,16.0849609375,44.9935302734375
IMG_0038.mp4,110,3.6703333333333332,29.97002997002997,1,2,traffic_signs,0.8600794672966003,2444.8818359375,1476.8131103515625,2473.43408203125,1550.835205078125,2459.157958984375,1513.8241577148438,28.55224609375,74.0220947265625
IMG_0038.mp4,110,3.6703333333333332,29.97002997002997,7,2,traffic_signs,0.6185290813446045,2357.448974609375,1565.175537109375,2372.841064453125,1596.536865234375,2365.14501953125,1580.856201171875,15.39208984375,31.361328125
IMG_0038.mp4,110,3.6703333333333332,29.97002997002997,2,2,traffic_signs,0.8651465177536011,2276.686279296875,1524.560546875,2306.001953125,1580.447509765625,2291.3441162109375,1552.5040283203125,29.315673828125,55.886962890625
IMG_0038.mp4,110,3.6703333333333332,29.97002997002997,9,2,traffic_signs,0.5146125555038452,2556.298828125,1539.7945556640625,2576.26904296875,1573.9732666015625,2566.283935546875,1556.8839111328125,19.97021484375,34.1787109375
IMG_0038.mp4,111,3.7037,29.97002997002997,6,1,traffic_lights,0.7621700167655945,2290.2763671875,1407.7449951171875,2307.225830078125,1453.4346923828125,2298.7510986328125,1430.58984375,16.949462890625,45.689697265625
IMG_0038.mp4,111,3.7037,29.97002997002997,1,2,traffic_signs,0.834300696849823,2445.393798828125,1476.6409912109375,2473.4560546875,1551.0401611328125,2459.4249267578125,1513.840576171875,28.062255859375,74.399169921875
IMG_0038.mp4,111,3.7037,29.97002997002997,7,2,traffic_signs,0.5284214615821838,2357.745849609375,1566.0260009765625,2372.92041015625,1597.0611572265625,2365.3331298828125,1581.5435791015625,15.174560546875,31.03515625
IMG_0038.mp4,111,3.7037,29.97002997002997,2,2,traffic_signs,0.8593963980674744,2276.4208984375,1524.8629150390625,2305.76123046875,1580.2900390625,2291.091064453125,1552.5764770507812,29.34033203125,55.4271240234375
IMG_0038.mp4,111,3.7037,29.97002997002997,9,2,traffic_signs,0.35429126024246216,2556.534912109375,1540.1514892578125,2576.19287109375,1574.038818359375,2566.3638916015625,1557.0951538085938,19.657958984375,33.8873291015625
IMG_0038.mp4,111,3.7037,29.97002997002997,4,1,traffic_lights,0.793813943862915,1704.8419189453125,148.14987182617188,1815.5802001953125,361.888916015625,1760.2110595703125,255.01939392089844,110.73828125,213.73904418945312
IMG_0038.mp4,111,3.7037,29.97002997002997,3,1,traffic_lights,0.8878324627876282,1566.615966796875,142.84500122070312,1688.3475341796875,353.55908203125,1627.4817504882812,248.20204162597656,121.7315673828125,210.71408081054688
IMG_0038.mp4,112,3.7370666666666668,29.97002997002997,6,1,traffic_lights,0.7831991314888,2290.310302734375,1407.3133544921875,2306.85693359375,1453.4827880859375,2298.5836181640625,1430.3980712890625,16.546630859375,46.16943359375
IMG_0038.mp4,112,3.7370666666666668,29.97002997002997,1,2,traffic_signs,0.8253392577171326,2446.90771484375,1481.919189453125,2472.7021484375,1549.6676025390625,2459.804931640625,1515.7933959960938,25.79443359375,67.7484130859375
IMG_0038.mp4,112,3.7370666666666668,29.97002997002997,9,2,traffic_signs,0.5614578723907471,2556.484619140625,1539.6534423828125,2575.638671875,1575.2664794921875,2566.0616455078125,1557.4599609375,19.154052734375,35.613037109375
IMG_0038.mp4,112,3.7370666666666668,29.97002997002997,4,1,traffic_lights,0.8671717047691345,1703.8089599609375,147.94703674316406,1815.5343017578125,361.525390625,1759.671630859375,254.73621368408203,111.725341796875,213.57835388183594
IMG_0038.mp4,112,3.7370666666666668,29.97002997002997,3,1,traffic_lights,0.766080379486084,1566.6553955078125,142.39027404785156,1688.4105224609375,353.40802001953125,1627.532958984375,247.8991470336914,121.755126953125,211.0177459716797
IMG_0038.mp4,113,3.7704333333333335,29.97002997002997,6,1,traffic_lights,0.7795104384422302,2290.272705078125,1408.0167236328125,2306.445556640625,1453.6339111328125,2298.359130859375,1430.8253173828125,16.1728515625,45.6171875
IMG_0038.mp4,113,3.7704333333333335,29.97002997002997,1,2,traffic_signs,0.8548021912574768,2446.116455078125,1479.8756103515625,2472.7353515625,1550.0836181640625,2459.4259033203125,1514.9796142578125,26.618896484375,70.2080078125
IMG_0038.mp4,113,3.7704333333333335,29.97002997002997,4,1,traffic_lights,0.4312751591205597,1706.171875,147.85018920898438,1814.763427734375,362.6006774902344,1760.4676513671875,255.22543334960938,108.591552734375,214.75048828125
IMG_0038.mp4,113,3.7704333333333335,29.97002997002997,3,1,traffic_lights,0.779823362827301,1567.0216064453125,142.79869079589844,1687.3165283203125,354.42047119140625,1627.1690673828125,248.60958099365234,120.294921875,211.6217803955078
IMG_0038.mp4,113,3.7704333333333335,29.97002997002997,5,1,traffic_lights,0.3010100722312927,1124.951171875,1423.655029296875,1158.6796875,1470.2572021484375,1141.8154296875,1446.9561157226562,33.728515625,46.6021728515625
IMG_0038.mp4,113,3.7704333333333335,29.97002997002997,7,2,traffic_signs,0.662169337272644,2358.47509765625,1566.38720703125,2372.869384765625,1597.36328125,2365.6722412109375,1581.875244140625,14.394287109375,30.97607421875
IMG_0038.mp4,113,3.7704333333333335,29.97002997002997,2,2,traffic_signs,0.8561369776725769,2277.30517578125,1524.914306640625,2305.09375,1580.450439453125,2291.199462890625,1552.682373046875,27.78857421875,55.5361328125
IMG_0038.mp4,114,3.8038,29.97002997002997,6,1,traffic_lights,0.7854500412940979,2289.870849609375,1407.703857421875,2305.942626953125,1453.2911376953125,2297.90673828125,1430.4974975585938,16.07177734375,45.5872802734375
IMG_0038.mp4,114,3.8038,29.97002997002997,1,2,traffic_signs,0.8527792692184448,2446.134765625,1477.764404296875,2472.771728515625,1549.824951171875,2459.4532470703125,1513.794677734375,26.636962890625,72.060546875
IMG_0038.mp4,114,3.8038,29.97002997002997,4,1,traffic_lights,0.5408318638801575,1706.4368896484375,147.79502868652344,1814.3594970703125,362.64739990234375,1760.398193359375,255.2212142944336,107.922607421875,214.8523712158203
IMG_0038.mp4,114,3.8038,29.97002997002997,3,1,traffic_lights,0.7037113308906555,1567.0802001953125,142.41722106933594,1686.7135009765625,354.611572265625,1626.8968505859375,248.51439666748047,119.63330078125,212.19435119628906
IMG_0038.mp4,114,3.8038,29.97002997002997,7,2,traffic_signs,0.5141599774360657,2358.737548828125,1565.535400390625,2372.822509765625,1596.2735595703125,2365.780029296875,1580.9044799804688,14.0849609375,30.7381591796875
IMG_0038.mp4,114,3.8038,29.97002997002997,2,2,traffic_signs,0.8651605844497681,2277.65234375,1524.2255859375,2305.1865234375,1579.889892578125,2291.41943359375,1552.0577392578125,27.5341796875,55.664306640625
IMG_0038.mp4,114,3.8038,29.97002997002997,9,2,traffic_signs,0.32979875802993774,2556.977294921875,1540.179931640625,2575.671630859375,1574.927734375,2566.324462890625,1557.5538330078125,18.6943359375,34.747802734375
IMG_0038.mp4,115,3.8371666666666666,29.97002997002997,6,1,traffic_lights,0.7683222889900208,2289.324951171875,1407.7733154296875,2305.421630859375,1453.0238037109375,2297.373291015625,1430.3985595703125,16.0966796875,45.25048828125
IMG_0038.mp4,115,3.8371666666666666,29.97002997002997,1,2,traffic_signs,0.8572070598602295,2446.33935546875,1477.4295654296875,2472.4306640625,1550.2760009765625,2459.385009765625,1513.852783203125,26.09130859375,72.846435546875
IMG_0038.mp4,115,3.8371666666666666,29.97002997002997,4,1,traffic_lights,0.7726045250892639,1706.5316162109375,148.57928466796875,1815.0311279296875,363.25372314453125,1760.7813720703125,255.91650390625,108.49951171875,214.6744384765625
IMG_0038.mp4,115,3.8371666666666666,29.97002997002997,3,1,traffic_lights,0.7681608200073242,1567.0799560546875,143.01739501953125,1687.1746826171875,355.2077941894531,1627.1273193359375,249.1125946044922,120.0947265625,212.19039916992188
IMG_0038.mp4,115,3.8371666666666666,29.97002997002997,7,2,traffic_signs,0.6363509297370911,2358.051025390625,1565.067626953125,2372.337646484375,1596.9814453125,2365.1943359375,1581.0245361328125,14.28662109375,31.913818359375
IMG_0038.mp4,115,3.8371666666666666,29.97002997002997,2,2,traffic_signs,0.864805281162262,2277.437255859375,1524.1007080078125,2304.9541015625,1580.1041259765625,2291.1956787109375,1552.1024169921875,27.516845703125,56.00341796875
IMG_0038.mp4,116,3.8705333333333334,29.97002997002997,6,1,traffic_lights,0.7716561555862427,2289.134033203125,1407.2454833984375,2305.318115234375,1452.6019287109375,2297.22607421875,1429.9237060546875,16.18408203125,45.3564453125
IMG_0038.mp4,116,3.8705333333333334,29.97002997002997,1,2,traffic_signs,0.8536840081214905,2446.17626953125,1477.3070068359375,2472.319091796875,1550.0408935546875,2459.2476806640625,1513.6739501953125,26.142822265625,72.73388671875
IMG_0038.mp4,116,3.8705333333333334,29.97002997002997,4,1,traffic_lights,0.5343431830406189,1704.7142333984375,147.93701171875,1814.4351806640625,363.3479919433594,1759.57470703125,255.6425018310547,109.720947265625,215.41098022460938
IMG_0038.mp4,116,3.8705333333333334,29.97002997002997,3,1,traffic_lights,0.7959609031677246,1566.8978271484375,142.88137817382812,1686.7886962890625,355.4637451171875,1626.84326171875,249.1725616455078,119.890869140625,212.58236694335938
IMG_0038.mp4,116,3.8705333333333334,29.97002997002997,7,2,traffic_signs,0.6158812046051025,2358.12451171875,1565.258544921875,2372.385009765625,1596.6612548828125,2365.2547607421875,1580.9598999023438,14.260498046875,31.4027099609375
IMG_0038.mp4,116,3.8705333333333334,29.97002997002997,2,2,traffic_signs,0.8600054979324341,2276.98828125,1524.327392578125,2304.6953125,1579.691650390625,2290.841796875,1552.009521484375,27.70703125,55.3642578125
IMG_0038.mp4,116,3.8705333333333334,29.97002997002997,9,2,traffic_signs,0.33540230989456177,2556.314208984375,1539.9832763671875,2574.504150390625,1573.4266357421875,2565.4091796875,1556.7049560546875,18.18994140625,33.443359375
IMG_0038.mp4,117,3.9039,29.97002997002997,6,1,traffic_lights,0.7660505175590515,2288.873291015625,1407.07470703125,2305.44189453125,1452.441650390625,2297.1575927734375,1429.7581787109375,16.568603515625,45.366943359375
IMG_0038.mp4,117,3.9039,29.97002997002997,1,2,traffic_signs,0.8560696244239807,2446.13330078125,1476.708740234375,2472.496826171875,1549.8472900390625,2459.3150634765625,1513.2780151367188,26.363525390625,73.1385498046875
IMG_0038.mp4,117,3.9039,29.97002997002997,4,1,traffic_lights,0.5699462294578552,1699.1124267578125,149.02891540527344,1814.5677490234375,362.5979919433594,1756.840087890625,255.8134536743164,115.455322265625,213.56907653808594
IMG_0038.mp4,117,3.9039,29.97002997002997,7,2,traffic_signs,0.6559733152389526,2357.839599609375,1565.003662109375,2372.3515625,1596.7113037109375,2365.0955810546875,1580.8574829101562,14.511962890625,31.7076416015625
IMG_0038.mp4,117,3.9039,29.97002997002997,2,2,traffic_signs,0.8634182214736938,2276.91748046875,1523.8929443359375,2305.06689453125,1579.91455078125,2290.9921875,1551.9037475585938,28.1494140625,56.0216064453125
IMG_0038.mp4,117,3.9039,29.97002997002997,9,2,traffic_signs,0.3075036108493805,2556.052490234375,1540.2310791015625,2574.44873046875,1573.64599609375,2565.2506103515625,1556.9385375976562,18.396240234375,33.4149169921875
IMG_0038.mp4,117,3.9039,29.97002997002997,5,1,traffic_lights,0.3519931435585022,1124.583984375,1421.213623046875,1157.02294921875,1468.6522216796875,1140.803466796875,1444.9329223632812,32.43896484375,47.4385986328125
IMG_0038.mp4,118,3.937266666666667,29.97002997002997,6,1,traffic_lights,0.7799359560012817,2288.811279296875,1406.6702880859375,2305.865234375,1452.760009765625,2297.3382568359375,1429.7151489257812,17.053955078125,46.0897216796875
IMG_0038.mp4,118,3.937266666666667,29.97002997002997,1,2,traffic_signs,0.8579282760620117,2445.967041015625,1476.49755859375,2472.9169921875,1550.0335693359375,2459.4420166015625,1513.2655639648438,26.949951171875,73.5360107421875
IMG_0038.mp4,118,3.937266666666667,29.97002997002997,4,1,traffic_lights,0.8768028020858765,1696.856689453125,148.555419921875,1816.7119140625,363.1601257324219,1756.7843017578125,255.85777282714844,119.855224609375,214.60470581054688
IMG_0038.mp4,118,3.937266666666667,29.97002997002997,7,2,traffic_signs,0.6680009961128235,2357.759033203125,1563.97265625,2372.74462890625,1597.0233154296875,2365.2518310546875,1580.4979858398438,14.985595703125,33.0506591796875
IMG_0038.mp4,118,3.937266666666667,29.97002997002997,2,2,traffic_signs,0.8694012761116028,2276.993896484375,1523.6522216796875,2305.542724609375,1580.416015625,2291.268310546875,1552.0341186523438,28.548828125,56.7637939453125
IMG_0038.mp4,118,3.937266666666667,29.97002997002997,9,2,traffic_signs,0.3677828013896942,2556.007080078125,1539.797119140625,2575.68798828125,1574.662841796875,2565.8475341796875,1557.22998046875,19.680908203125,34.86572265625
IMG_0038.mp4,118,3.937266666666667,29.97002997002997,3,1,traffic_lights,0.37036994099617004,1565.65087890625,142.64837646484375,1690.7947998046875,360.190673828125,1628.2228393554688,251.41952514648438,125.1439208984375,217.54229736328125
IMG_0038.mp4,119,3.9706333333333332,29.97002997002997,1,2,traffic_signs,0.8810237050056458,2445.54736328125,1477.552001953125,2473.0791015625,1549.65966796875,2459.313232421875,1513.6058349609375,27.53173828125,72.107666015625
IMG_0038.mp4,119,3.9706333333333332,29.97002997002997,7,2,traffic_signs,0.45345592498779297,2357.72802734375,1564.7572021484375,2372.31982421875,1596.7294921875,2365.02392578125,1580.7433471679688,14.591796875,31.9722900390625
IMG_0038.mp4,119,3.9706333333333332,29.97002997002997,2,2,traffic_signs,0.8405386805534363,2276.802978515625,1524.970458984375,2304.580810546875,1580.2305908203125,2290.69189453125,1552.6005249023438,27.77783203125,55.2601318359375
IMG_0038.mp4,120,4.0040000000000004,29.97002997002997,2,2,traffic_signs,0.37540096044540405,2276.289794921875,1524.5631103515625,2305.033447265625,1578.187744140625,2290.66162109375,1551.3754272460938,28.74365234375,53.6246337890625
IMG_0038.mp4,120,4.0040000000000004,29.97002997002997,5,1,traffic_lights,0.5540838241577148,1124.2491455078125,1422.2744140625,1157.0740966796875,1467.782470703125,1140.66162109375,1445.0284423828125,32.824951171875,45.508056640625
IMG_0038.mp4,121,4.037366666666666,29.97002997002997,2,2,traffic_signs,0.8599297404289246,2277.06201171875,1524.1551513671875,2304.773193359375,1579.1041259765625,2290.9176025390625,1551.629638671875,27.711181640625,54.948974609375
IMG_0038.mp4,121,4.037366666666666,29.97002997002997,5,1,traffic_lights,0.8154311180114746,1123.48388671875,1422.8140869140625,1155.455810546875,1467.57177734375,1139.4698486328125,1445.1929321289062,31.971923828125,44.7576904296875
IMG_0038.mp4,121,4.037366666666666,29.97002997002997,6,1,traffic_lights,0.7673813700675964,2288.83837890625,1406.847900390625,2305.7314453125,1452.8037109375,2297.284912109375,1429.8258056640625,16.89306640625,45.955810546875
IMG_0038.mp4,121,4.037366666666666,29.97002997002997,4,1,traffic_lights,0.28474533557891846,1694.3846435546875,148.34262084960938,1815.8868408203125,362.2732849121094,1755.1357421875,255.30795288085938,121.502197265625,213.9306640625
IMG_0038.mp4,121,4.037366666666666,29.97002997002997,1,2,traffic_signs,0.8447703123092651,2446.3857421875,1477.1680908203125,2472.625732421875,1550.7666015625,2459.5057373046875,1513.9673461914062,26.239990234375,73.5985107421875
IMG_0038.mp4,121,4.037366666666666,29.97002997002997,7,2,traffic_signs,0.6208874583244324,2358.694580078125,1564.2093505859375,2372.791748046875,1595.828125,2365.7431640625,1580.0187377929688,14.09716796875,31.6187744140625
IMG_0038.mp4,122,4.070733333333333,29.97002997002997,2,2,traffic_signs,0.8606768250465393,2276.998779296875,1523.692138671875,2304.763671875,1579.843505859375,2290.8812255859375,1551.767822265625,27.764892578125,56.1513671875
IMG_0038.mp4,122,4.070733333333333,29.97002997002997,5,1,traffic_lights,0.8389318585395813,1123.882080078125,1422.8277587890625,1154.95849609375,1467.8289794921875,1139.4202880859375,1445.328369140625,31.076416015625,45.001220703125
IMG_0038.mp4,122,4.070733333333333,29.97002997002997,6,1,traffic_lights,0.7626927495002747,2288.771240234375,1406.7550048828125,2305.599365234375,1452.9530029296875,2297.185302734375,1429.85400390625,16.828125,46.197998046875
IMG_0038.mp4,122,4.070733333333333,29.97002997002997,4,1,traffic_lights,0.3997763991355896,1698.3670654296875,148.23947143554688,1815.1771240234375,363.0570373535156,1756.7720947265625,255.64825439453125,116.81005859375,214.81756591796875
IMG_0038.mp4,122,4.070733333333333,29.97002997002997,1,2,traffic_signs,0.8501812815666199,2446.141357421875,1476.4210205078125,2472.4541015625,1550.760498046875,2459.2977294921875,1513.5907592773438,26.312744140625,74.3394775390625
IMG_0038.mp4,122,4.070733333333333,29.97002997002997,7,2,traffic_signs,0.6961168646812439,2358.391845703125,1563.5089111328125,2372.796142578125,1596.1376953125,2365.593994140625,1579.8233032226562,14.404296875,32.6287841796875
IMG_0038.mp4,123,4.1041,29.97002997002997,2,2,traffic_signs,0.854345977306366,2277.018310546875,1523.5206298828125,2304.65234375,1579.7562255859375,2290.8353271484375,1551.638427734375,27.634033203125,56.235595703125
IMG_0038.mp4,123,4.1041,29.97002997002997,5,1,traffic_lights,0.8496863842010498,1124.24609375,1422.5489501953125,1155.07568359375,1468.141357421875,1139.660888671875,1445.3451538085938,30.82958984375,45.5924072265625
IMG_0038.mp4,123,4.1041,29.97002997002997,6,1,traffic_lights,0.7534242868423462,2288.80419921875,1406.6177978515625,2305.5634765625,1453.044921875,2297.183837890625,1429.8313598632812,16.75927734375,46.4271240234375
IMG_0038.mp4,123,4.1041,29.97002997002997,4,1,traffic_lights,0.7308194637298584,1700.77392578125,148.3778533935547,1815.5859375,363.373779296875,1758.179931640625,255.87581634521484,114.81201171875,214.9959259033203
IMG_0038.mp4,123,4.1041,29.97002997002997,1,2,traffic_signs,0.8565793037414551,2446.060302734375,1476.1922607421875,2472.363525390625,1550.1988525390625,2459.2119140625,1513.195556640625,26.30322265625,74.006591796875
IMG_0038.mp4,123,4.1041,29.97002997002997,7,2,traffic_signs,0.66895991563797,2358.197509765625,1562.961669921875,2372.728271484375,1595.8118896484375,2365.462890625,1579.3867797851562,14.53076171875,32.8502197265625
IMG_0038.mp4,123,4.1041,29.97002997002997,3,1,traffic_lights,0.44218841195106506,1565.3140869140625,142.88552856445312,1691.6746826171875,361.3932189941406,1628.494384765625,252.13937377929688,126.360595703125,218.5076904296875
IMG_0038.mp4,124,4.137466666666667,29.97002997002997,2,2,traffic_signs,0.8624672293663025,2276.951904296875,1523.7547607421875,2304.544677734375,1579.8250732421875,2290.748291015625,1551.7899169921875,27.5927734375,56.0703125
IMG_0038.mp4,124,4.137466666666667,29.97002997002997,5,1,traffic_lights,0.8625081181526184,1124.347412109375,1422.4176025390625,1154.5721435546875,1468.3333740234375,1139.4597778320312,1445.37548828125,30.2247314453125,45.915771484375
IMG_0038.mp4,124,4.137466666666667,29.97002997002997,6,1,traffic_lights,0.7540590763092041,2288.58349609375,1406.8431396484375,2305.209716796875,1452.7857666015625,2296.8966064453125,1429.814453125,16.626220703125,45.942626953125
IMG_0038.mp4,124,4.137466666666667,29.97002997002997,4,1,traffic_lights,0.8242545127868652,1701.38916015625,148.63601684570312,1815.751220703125,364.01123046875,1758.5701904296875,256.32362365722656,114.362060546875,215.37521362304688
IMG_0038.mp4,124,4.137466666666667,29.97002997002997,1,2,traffic_signs,0.8528552055358887,2445.880859375,1476.553466796875,2472.1171875,1549.8812255859375,2458.9990234375,1513.2173461914062,26.236328125,73.3277587890625
IMG_0038.mp4,124,4.137466666666667,29.97002997002997,7,2,traffic_signs,0.6770904660224915,2357.830322265625,1563.62060546875,2372.36279296875,1595.7484130859375,2365.0965576171875,1579.6845092773438,14.532470703125,32.1278076171875
IMG_0038.mp4,124,4.137466666666667,29.97002997002997,3,1,traffic_lights,0.5512382984161377,1565.8995361328125,143.49887084960938,1691.2666015625,362.0289001464844,1628.5830688476562,252.76388549804688,125.3670654296875,218.530029296875
IMG_0038.mp4,125,4.170833333333333,29.97002997002997,2,2,traffic_signs,0.8637555241584778,2276.580078125,1523.8739013671875,2304.495849609375,1579.48681640625,2290.5379638671875,1551.6803588867188,27.915771484375,55.6129150390625
IMG_0038.mp4,125,4.170833333333333,29.97002997002997,5,1,traffic_lights,0.8324108719825745,1124.1846923828125,1422.306884765625,1154.572509765625,1467.982177734375,1139.3786010742188,1445.14453125,30.3878173828125,45.67529296875
IMG_0038.mp4,125,4.170833333333333,29.97002997002997,6,1,traffic_lights,0.7571983933448792,2288.5068359375,1406.8333740234375,2305.13330078125,1452.460693359375,2296.820068359375,1429.6470336914062,16.62646484375,45.6273193359375
IMG_0038.mp4,125,4.170833333333333,29.97002997002997,4,1,traffic_lights,0.6826609373092651,1702.468017578125,147.86849975585938,1815.3358154296875,364.1528625488281,1758.9019165039062,256.01068115234375,112.8677978515625,216.28436279296875
IMG_0038.mp4,125,4.170833333333333,29.97002997002997,1,2,traffic_signs,0.8532190322875977,2445.70751953125,1476.89453125,2471.99365234375,1549.738525390625,2458.8505859375,1513.3165283203125,26.2861328125,72.843994140625
IMG_0038.mp4,125,4.170833333333333,29.97002997002997,7,2,traffic_signs,0.6848575472831726,2357.365478515625,1563.2042236328125,2372.00048828125,1595.37451171875,2364.6829833984375,1579.2893676757812,14.635009765625,32.1702880859375
IMG_0038.mp4,125,4.170833333333333,29.97002997002997,3,1,traffic_lights,0.33744552731513977,1565.9097900390625,143.26844787597656,1691.834228515625,361.9895324707031,1628.8720092773438,252.62899017333984,125.9244384765625,218.72108459472656
IMG_0038.mp4,126,4.2042,29.97002997002997,2,2,traffic_signs,0.8636670708656311,2276.5751953125,1524.082763671875,2304.61181640625,1580.0382080078125,2290.593505859375,1552.0604858398438,28.03662109375,55.9554443359375
IMG_0038.mp4,126,4.2042,29.97002997002997,5,1,traffic_lights,0.846891462802887,1124.4244384765625,1422.64208984375,1154.3603515625,1467.9781494140625,1139.3923950195312,1445.3101196289062,29.9359130859375,45.3360595703125
IMG_0038.mp4,126,4.2042,29.97002997002997,6,1,traffic_lights,0.7744356393814087,2288.603515625,1406.5517578125,2305.35107421875,1452.517333984375,2296.977294921875,1429.5345458984375,16.74755859375,45.965576171875
IMG_0038.mp4,126,4.2042,29.97002997002997,4,1,traffic_lights,0.8779212832450867,1700.910400390625,147.7510223388672,1815.5953369140625,364.1273193359375,1758.2528686523438,255.93917083740234,114.6849365234375,216.3762969970703
IMG_0038.mp4,126,4.2042,29.97002997002997,1,2,traffic_signs,0.8586196899414062,2445.50634765625,1477.1015625,2472.207275390625,1550.000244140625,2458.8568115234375,1513.5509033203125,26.700927734375,72.898681640625
IMG_0038.mp4,126,4.2042,29.97002997002997,7,2,traffic_signs,0.6882697939872742,2357.498779296875,1563.9510498046875,2372.213134765625,1595.6580810546875,2364.85595703125,1579.8045654296875,14.71435546875,31.70703125
IMG_0038.mp4,126,4.2042,29.97002997002997,3,1,traffic_lights,0.6245328783988953,1566.2576904296875,143.5316925048828,1691.628662109375,361.76824951171875,1628.9431762695312,252.64997100830078,125.3709716796875,218.23655700683594
IMG_0038.mp4,127,4.237566666666667,29.97002997002997,2,2,traffic_signs,0.8592104911804199,2276.662353515625,1523.7813720703125,2304.544677734375,1579.53369140625,2290.603515625,1551.6575317382812,27.88232421875,55.7523193359375
IMG_0038.mp4,127,4.237566666666667,29.97002997002997,5,1,traffic_lights,0.7852006554603577,1124.811279296875,1421.9305419921875,1154.7509765625,1466.4976806640625,1139.7811279296875,1444.214111328125,29.939697265625,44.567138671875
IMG_0038.mp4,127,4.237566666666667,29.97002997002997,6,1,traffic_lights,0.7741056084632874,2288.829833984375,1406.546875,2305.385986328125,1452.3861083984375,2297.10791015625,1429.4664916992188,16.55615234375,45.8392333984375
IMG_0038.mp4,127,4.237566666666667,29.97002997002997,4,1,traffic_lights,0.8652345538139343,1702.22021484375,148.05886840820312,1815.80615234375,363.8297424316406,1759.01318359375,255.94430541992188,113.5859375,215.7708740234375
IMG_0038.mp4,127,4.237566666666667,29.97002997002997,1,2,traffic_signs,0.8594040870666504,2445.38232421875,1476.8641357421875,2472.126220703125,1549.5904541015625,2458.7542724609375,1513.227294921875,26.743896484375,72.726318359375
IMG_0038.mp4,127,4.237566666666667,29.97002997002997,7,2,traffic_signs,0.702257513999939,2357.63720703125,1563.847900390625,2372.372802734375,1595.3092041015625,2365.0050048828125,1579.5785522460938,14.735595703125,31.4613037109375
IMG_0038.mp4,127,4.237566666666667,29.97002997002997,3,1,traffic_lights,0.7111263871192932,1566.549072265625,143.83999633789062,1691.6240234375,361.5670166015625,1629.0865478515625,252.70350646972656,125.074951171875,217.72702026367188
IMG_0038.mp4,128,4.270933333333334,29.97002997002997,2,2,traffic_signs,0.8560338020324707,2276.891845703125,1523.8502197265625,2304.36181640625,1579.553955078125,2290.6268310546875,1551.7020874023438,27.469970703125,55.7037353515625
IMG_0038.mp4,128,4.270933333333334,29.97002997002997,5,1,traffic_lights,0.8307355642318726,1124.6380615234375,1422.1064453125,1154.7005615234375,1466.5223388671875,1139.6693115234375,1444.3143920898438,30.0625,44.4158935546875
IMG_0038.mp4,128,4.270933333333334,29.97002997002997,6,1,traffic_lights,0.77723628282547,2288.7275390625,1406.334716796875,2305.423095703125,1452.5523681640625,2297.0753173828125,1429.4435424804688,16.695556640625,46.2176513671875
IMG_0038.mp4,128,4.270933333333334,29.97002997002997,4,1,traffic_lights,0.7050380706787109,1702.4732666015625,147.71131896972656,1815.229736328125,364.286865234375,1758.8515014648438,255.99909210205078,112.7564697265625,216.57554626464844
IMG_0038.mp4,128,4.270933333333334,29.97002997002997,1,2,traffic_signs,0.8602014780044556,2445.301513671875,1476.863037109375,2472.107421875,1549.5941162109375,2458.7044677734375,1513.2285766601562,26.805908203125,72.7310791015625
IMG_0038.mp4,128,4.270933333333334,29.97002997002997,7,2,traffic_signs,0.690146267414093,2357.68798828125,1564.8173828125,2372.329345703125,1595.8551025390625,2365.0086669921875,1580.3362426757812,14.641357421875,31.0377197265625
IMG_0038.mp4,128,4.270933333333334,29.97002997002997,3,1,traffic_lights,0.672144889831543,1566.5867919921875,144.25033569335938,1690.5963134765625,361.85943603515625,1628.591552734375,253.0548858642578,124.009521484375,217.60910034179688
IMG_0038.mp4,129,4.3043000000000005,29.97002997002997,2,2,traffic_signs,0.8505951762199402,2276.70361328125,1523.711669921875,2304.040283203125,1579.3948974609375,2290.3719482421875,1551.5532836914062,27.336669921875,55.6832275390625
IMG_0038.mp4,129,4.3043000000000005,29.97002997002997,5,1,traffic_lights,0.7772027850151062,1123.9947509765625,1421.8316650390625,1154.4776611328125,1466.0584716796875,1139.2362060546875,1443.945068359375,30.48291015625,44.226806640625
IMG_0038.mp4,129,4.3043000000000005,29.97002997002997,6,1,traffic_lights,0.7634629011154175,2288.477783203125,1406.4110107421875,2305.173583984375,1452.74365234375,2296.82568359375,1429.5773315429688,16.69580078125,46.3326416015625
IMG_0038.mp4,129,4.3043000000000005,29.97002997002997,4,1,traffic_lights,0.8717594146728516,1701.4561767578125,147.96546936035156,1815.2904052734375,363.9006042480469,1758.373291015625,255.93303680419922,113.834228515625,215.9351348876953
IMG_0038.mp4,129,4.3043000000000005,29.97002997002997,1,2,traffic_signs,0.8636022210121155,2445.2919921875,1476.7890625,2471.848876953125,1549.168212890625,2458.5704345703125,1512.9786376953125,26.556884765625,72.379150390625
IMG_0038.mp4,129,4.3043000000000005,29.97002997002997,7,2,traffic_signs,0.6815586686134338,2357.218017578125,1564.319091796875,2372.0009765625,1595.6368408203125,2364.6094970703125,1579.9779663085938,14.782958984375,31.3177490234375
IMG_0038.mp4,129,4.3043000000000005,29.97002997002997,3,1,traffic_lights,0.6864045262336731,1566.2923583984375,144.35252380371094,1690.1962890625,361.3408508300781,1628.2443237304688,252.84668731689453,123.9039306640625,216.9883270263672
IMG_0038.mp4,130,4.337666666666666,29.97002997002997,2,2,traffic_signs,0.8537561297416687,2276.779541015625,1523.64111328125,2304.256103515625,1579.5906982421875,2290.517822265625,1551.6159057617188,27.4765625,55.9495849609375
IMG_0038.mp4,130,4.337666666666666,29.97002997002997,5,1,traffic_lights,0.679446280002594,1124.687744140625,1421.9146728515625,1155.16796875,1465.642578125,1139.9278564453125,1443.7786254882812,30.480224609375,43.7279052734375
IMG_0038.mp4,130,4.337666666666666,29.97002997002997,6,1,traffic_lights,0.7661487460136414,2288.730224609375,1406.6173095703125,2305.272216796875,1452.8619384765625,2297.001220703125,1429.7396240234375,16.5419921875,46.24462890625
IMG_0038.mp4,130,4.337666666666666,29.97002997002997,4,1,traffic_lights,0.8499203324317932,1703.1719970703125,148.5393829345703,1815.38037109375,365.0475158691406,1759.2761840820312,256.79344940185547,112.2083740234375,216.5081329345703
IMG_0038.mp4,130,4.337666666666666,29.97002997002997,1,2,traffic_signs,0.8657169938087463,2445.04296875,1476.9749755859375,2471.76611328125,1549.495361328125,2458.404541015625,1513.2351684570312,26.72314453125,72.5203857421875
IMG_0038.mp4,130,4.337666666666666,29.97002997002997,7,2,traffic_signs,0.7001088857650757,2357.400634765625,1564.3223876953125,2372.447265625,1595.629638671875,2364.9239501953125,1579.9760131835938,15.046630859375,31.3072509765625
IMG_0038.mp4,130,4.337666666666666,29.97002997002997,3,1,traffic_lights,0.6994929909706116,1566.927978515625,145.17477416992188,1690.388916015625,362.29669189453125,1628.658447265625,253.73573303222656,123.4609375,217.12191772460938
IMG_0038.mp4,131,4.371033333333333,29.97002997002997,2,2,traffic_signs,0.8601011037826538,2276.343017578125,1523.1580810546875,2304.3095703125,1579.514892578125,2290.3262939453125,1551.3364868164062,27.966552734375,56.3568115234375
IMG_0038.mp4,131,4.371033333333333,29.97002997002997,5,1,traffic_lights,0.6624389290809631,1125.0218505859375,1421.6544189453125,1155.2618408203125,1465.003662109375,1140.141845703125,1443.3290405273438,30.239990234375,43.3492431640625
IMG_0038.mp4,131,4.371033333333333,29.97002997002997,6,1,traffic_lights,0.7649800777435303,2288.70458984375,1406.28955078125,2305.119873046875,1452.28759765625,2296.9122314453125,1429.28857421875,16.415283203125,45.998046875
IMG_0038.mp4,131,4.371033333333333,29.97002997002997,4,1,traffic_lights,0.5476109981536865,1704.0994873046875,148.54461669921875,1814.8282470703125,364.9875793457031,1759.4638671875,256.76609802246094,110.728759765625,216.44296264648438
IMG_0038.mp4,131,4.371033333333333,29.97002997002997,1,2,traffic_signs,0.8706914782524109,2444.899169921875,1476.37451171875,2471.6552734375,1548.8193359375,2458.2772216796875,1512.596923828125,26.756103515625,72.44482421875
IMG_0038.mp4,131,4.371033333333333,29.97002997002997,7,2,traffic_signs,0.6829378604888916,2357.008544921875,1563.7447509765625,2372.326416015625,1595.2294921875,2364.66748046875,1579.4871215820312,15.31787109375,31.4847412109375
IMG_0038.mp4,131,4.371033333333333,29.97002997002997,3,1,traffic_lights,0.741491436958313,1567.1778564453125,144.9689178466797,1689.78955078125,362.04833984375,1628.4837036132812,253.50862884521484,122.6116943359375,217.0794219970703
IMG_0038.mp4,132,4.4044,29.97002997002997,2,2,traffic_signs,0.8583313822746277,2276.274658203125,1523.2916259765625,2304.12109375,1579.153076171875,2290.1978759765625,1551.2223510742188,27.846435546875,55.8614501953125
IMG_0038.mp4,132,4.4044,29.97002997002997,5,1,traffic_lights,0.6830031871795654,1124.895751953125,1421.70556640625,1155.026123046875,1464.4791259765625,1139.9609375,1443.0923461914062,30.13037109375,42.7735595703125
IMG_0038.mp4,132,4.4044,29.97002997002997,6,1,traffic_lights,0.7558093070983887,2288.671630859375,1406.3023681640625,2305.01806640625,1452.2913818359375,2296.8448486328125,1429.296875,16.346435546875,45.989013671875
IMG_0038.mp4,132,4.4044,29.97002997002997,4,1,traffic_lights,0.6424878835678101,1703.2095947265625,148.95945739746094,1814.7998046875,365.28033447265625,1759.0046997070312,257.1198959350586,111.5902099609375,216.3208770751953
IMG_0038.mp4,132,4.4044,29.97002997002997,1,2,traffic_signs,0.8681193590164185,2444.95361328125,1476.6339111328125,2471.603271484375,1549.3177490234375,2458.2784423828125,1512.975830078125,26.649658203125,72.683837890625
IMG_0038.mp4,132,4.4044,29.97002997002997,7,2,traffic_signs,0.637940526008606,2357.107421875,1564.0516357421875,2372.399658203125,1594.808837890625,2364.7535400390625,1579.4302368164062,15.292236328125,30.7572021484375
IMG_0038.mp4,132,4.4044,29.97002997002997,3,1,traffic_lights,0.35573509335517883,1567.3720703125,145.48092651367188,1690.601318359375,362.6571044921875,1628.9866943359375,254.0690155029297,123.229248046875,217.17617797851562
IMG_0038.mp4,132,4.4044,29.97002997002997,9,2,traffic_signs,0.3263673782348633,2552.405517578125,1539.0863037109375,2571.1533203125,1572.3109130859375,2561.7794189453125,1555.6986083984375,18.747802734375,33.224609375
IMG_0038.mp4,133,4.437766666666667,29.97002997002997,2,2,traffic_signs,0.8290246725082397,2276.40087890625,1523.528564453125,2302.966796875,1577.675537109375,2289.683837890625,1550.60205078125,26.56591796875,54.14697265625
IMG_0038.mp4,133,4.437766666666667,29.97002997002997,6,1,traffic_lights,0.7670843601226807,2288.598876953125,1405.9879150390625,2305.662109375,1452.4505615234375,2297.1304931640625,1429.21923828125,17.063232421875,46.462646484375
IMG_0038.mp4,133,4.437766666666667,29.97002997002997,4,1,traffic_lights,0.6816239356994629,1703.56494140625,149.26651000976562,1814.7388916015625,364.7781066894531,1759.1519165039062,257.0223083496094,111.1739501953125,215.5115966796875
IMG_0038.mp4,133,4.437766666666667,29.97002997002997,1,2,traffic_signs,0.8662225008010864,2444.527587890625,1476.1832275390625,2471.615966796875,1548.8349609375,2458.07177734375,1512.5090942382812,27.08837890625,72.6517333984375
IMG_0038.mp4,133,4.437766666666667,29.97002997002997,7,2,traffic_signs,0.42495161294937134,2357.2705078125,1564.1314697265625,2372.398681640625,1594.757080078125,2364.8345947265625,1579.4442749023438,15.128173828125,30.6256103515625
IMG_0038.mp4,133,4.437766666666667,29.97002997002997,3,1,traffic_lights,0.26620495319366455,1567.383544921875,145.57887268066406,1690.870849609375,362.0368957519531,1629.127197265625,253.8078842163086,123.4873046875,216.45802307128906
IMG_0038.mp4,134,4.471133333333333,29.97002997002997,4,1,traffic_lights,0.45414483547210693,1704.391845703125,149.7289276123047,1813.634033203125,364.61767578125,1759.012939453125,257.17330169677734,109.2421875,214.8887481689453
IMG_0038.mp4,134,4.471133333333333,29.97002997002997,5,1,traffic_lights,0.3897159695625305,1123.7481689453125,1421.71435546875,1157.874267578125,1464.3056640625,1140.8112182617188,1443.010009765625,34.1260986328125,42.59130859375
IMG_0038.mp4,135,4.5045,29.97002997002997,4,1,traffic_lights,0.8009034395217896,1705.6396484375,149.63885498046875,1814.822509765625,364.8776550292969,1760.2310791015625,257.2582550048828,109.182861328125,215.23880004882812
IMG_0038.mp4,135,4.5045,29.97002997002997,9,2,traffic_signs,0.5042590498924255,2552.9482421875,1539.4793701171875,2574.5634765625,1569.5762939453125,2563.755859375,1554.52783203125,21.615234375,30.096923828125
IMG_0038.mp4,135,4.5045,29.97002997002997,2,2,traffic_signs,0.8240683674812317,2276.619873046875,1523.8851318359375,2303.962158203125,1578.1060791015625,2290.291015625,1550.99560546875,27.34228515625,54.220947265625
IMG_0038.mp4,135,4.5045,29.97002997002997,1,2,traffic_signs,0.8677793741226196,2443.89599609375,1476.7830810546875,2471.935791015625,1547.7142333984375,2457.9158935546875,1512.2486572265625,28.039794921875,70.93115234375
IMG_0038.mp4,135,4.5045,29.97002997002997,7,2,traffic_signs,0.29005324840545654,2357.35546875,1564.4794921875,2372.148681640625,1593.275146484375,2364.7520751953125,1578.8773193359375,14.793212890625,28.795654296875
IMG_0038.mp4,135,4.5045,29.97002997002997,3,1,traffic_lights,0.7030122876167297,1567.186279296875,145.73959350585938,1690.7291259765625,362.046630859375,1628.9577026367188,253.8931121826172,123.5428466796875,216.30703735351562
IMG_0038.mp4,136,4.537866666666667,29.97002997002997,4,1,traffic_lights,0.5571563243865967,1704.6688232421875,149.20457458496094,1815.6109619140625,365.6272277832031,1760.139892578125,257.41590118408203,110.942138671875,216.4226531982422
IMG_0038.mp4,136,4.537866666666667,29.97002997002997,9,2,traffic_signs,0.5921728610992432,2553.272705078125,1540.0948486328125,2575.670654296875,1570.4326171875,2564.4716796875,1555.2637329101562,22.39794921875,30.3377685546875
IMG_0038.mp4,136,4.537866666666667,29.97002997002997,2,2,traffic_signs,0.8387769460678101,2276.984375,1523.6121826171875,2304.62158203125,1579.40966796875,2290.802978515625,1551.5109252929688,27.63720703125,55.7974853515625
IMG_0038.mp4,136,4.537866666666667,29.97002997002997,1,2,traffic_signs,0.8670135736465454,2444.49951171875,1476.37060546875,2472.432373046875,1549.1436767578125,2458.4659423828125,1512.7571411132812,27.932861328125,72.7730712890625
IMG_0038.mp4,136,4.537866666666667,29.97002997002997,7,2,traffic_signs,0.6659884452819824,2357.818115234375,1564.8092041015625,2372.419677734375,1594.5081787109375,2365.118896484375,1579.65869140625,14.6015625,29.698974609375
IMG_0038.mp4,136,4.537866666666667,29.97002997002997,3,1,traffic_lights,0.5602768063545227,1567.10400390625,145.31788635253906,1691.0155029296875,362.543212890625,1629.0597534179688,253.93054962158203,123.9114990234375,217.22532653808594
IMG_0038.mp4,136,4.537866666666667,29.97002997002997,6,1,traffic_lights,0.7394904494285583,2288.511474609375,1405.721435546875,2305.70849609375,1452.3331298828125,2297.1099853515625,1429.0272827148438,17.197021484375,46.6116943359375
IMG_0038.mp4,137,4.571233333333334,29.97002997002997,9,2,traffic_signs,0.5235093235969543,2553.92822265625,1540.9893798828125,2574.320556640625,1569.5257568359375,2564.1243896484375,1555.257568359375,20.392333984375,28.536376953125
IMG_0038.mp4,137,4.571233333333334,29.97002997002997,2,2,traffic_signs,0.8363437652587891,2277.21142578125,1523.11279296875,2304.599365234375,1579.8267822265625,2290.9053955078125,1551.4697875976562,27.387939453125,56.7139892578125
IMG_0038.mp4,137,4.571233333333334,29.97002997002997,1,2,traffic_signs,0.8707370758056641,2444.786865234375,1475.4609375,2472.447998046875,1549.300048828125,2458.617431640625,1512.3804931640625,27.6611328125,73.839111328125
IMG_0038.mp4,137,4.571233333333334,29.97002997002997,7,2,traffic_signs,0.687962532043457,2357.94091796875,1564.7491455078125,2372.140869140625,1594.3369140625,2365.0408935546875,1579.5430297851562,14.199951171875,29.5877685546875
IMG_0038.mp4,137,4.571233333333334,29.97002997002997,6,1,traffic_lights,0.7310324907302856,2288.33251953125,1405.3564453125,2305.800048828125,1451.8087158203125,2297.0662841796875,1428.5825805664062,17.467529296875,46.4522705078125
IMG_0038.mp4,137,4.571233333333334,29.97002997002997,5,1,traffic_lights,0.8209946155548096,1124.985595703125,1420.1295166015625,1157.2252197265625,1466.3248291015625,1141.1054077148438,1443.2271728515625,32.2396240234375,46.1953125
IMG_0038.mp4,138,4.6046000000000005,29.97002997002997,9,2,traffic_signs,0.4394788146018982,2554.46044921875,1541.4451904296875,2574.500244140625,1571.1529541015625,2564.4803466796875,1556.299072265625,20.039794921875,29.707763671875
IMG_0038.mp4,138,4.6046000000000005,29.97002997002997,2,2,traffic_signs,0.8383943438529968,2276.9443359375,1523.4691162109375,2304.0947265625,1579.5733642578125,2290.51953125,1551.521240234375,27.150390625,56.104248046875
IMG_0038.mp4,138,4.6046000000000005,29.97002997002997,1,2,traffic_signs,0.8665260076522827,2444.932373046875,1475.6153564453125,2472.058349609375,1549.4990234375,2458.495361328125,1512.5571899414062,27.1259765625,73.8836669921875
IMG_0038.mp4,138,4.6046000000000005,29.97002997002997,7,2,traffic_signs,0.6138771772384644,2358.25048828125,1564.8631591796875,2372.070556640625,1594.4637451171875,2365.1605224609375,1579.6634521484375,13.820068359375,29.6005859375
IMG_0038.mp4,138,4.6046000000000005,29.97002997002997,6,1,traffic_lights,0.7601931691169739,2288.243408203125,1405.926513671875,2305.3154296875,1451.8492431640625,2296.7794189453125,1428.8878784179688,17.072021484375,45.9227294921875
IMG_0038.mp4,138,4.6046000000000005,29.97002997002997,5,1,traffic_lights,0.528053343296051,1124.471435546875,1421.2135009765625,1155.084716796875,1465.4505615234375,1139.778076171875,1443.33203125,30.61328125,44.237060546875
IMG_0038.mp4,138,4.6046000000000005,29.97002997002997,4,1,traffic_lights,0.6040769219398499,1701.148681640625,149.043212890625,1815.4080810546875,365.3721618652344,1758.2783813476562,257.2076873779297,114.2593994140625,216.32894897460938
IMG_0038.mp4,139,4.637966666666666,29.97002997002997,2,2,traffic_signs,0.8424164056777954,2277.044189453125,1523.821044921875,2304.507080078125,1579.6715087890625,2290.775634765625,1551.7462768554688,27.462890625,55.8504638671875
IMG_0038.mp4,139,4.637966666666666,29.97002997002997,1,2,traffic_signs,0.8659918904304504,2446.109375,1475.4144287109375,2472.42919921875,1549.49072265625,2459.269287109375,1512.4525756835938,26.31982421875,74.0762939453125
IMG_0038.mp4,139,4.637966666666666,29.97002997002997,7,2,traffic_signs,0.582352340221405,2358.930419921875,1564.7021484375,2372.697509765625,1595.019775390625,2365.81396484375,1579.8609619140625,13.76708984375,30.317626953125
IMG_0038.mp4,139,4.637966666666666,29.97002997002997,6,1,traffic_lights,0.7768098711967468,2288.962890625,1406.060791015625,2305.952392578125,1452.17919921875,2297.4576416015625,1429.1199951171875,16.989501953125,46.118408203125
IMG_0038.mp4,139,4.637966666666666,29.97002997002997,5,1,traffic_lights,0.8056384325027466,1123.6873779296875,1422.1715087890625,1155.145751953125,1468.01025390625,1139.4165649414062,1445.0908813476562,31.4583740234375,45.8387451171875
IMG_0038.mp4,139,4.637966666666666,29.97002997002997,4,1,traffic_lights,0.7363746762275696,1700.7645263671875,147.89736938476562,1815.95947265625,364.13848876953125,1758.3619995117188,256.01792907714844,115.1949462890625,216.24111938476562
IMG_0038.mp4,139,4.637966666666666,29.97002997002997,3,1,traffic_lights,0.4178622364997864,1566.041015625,143.21044921875,1692.2001953125,362.78594970703125,1629.12060546875,252.99819946289062,126.1591796875,219.57550048828125
IMG_0038.mp4,140,4.671333333333333,29.97002997002997,2,2,traffic_signs,0.8562317490577698,2277.461181640625,1524.839599609375,2305.080322265625,1579.7799072265625,2291.270751953125,1552.3097534179688,27.619140625,54.9403076171875
IMG_0038.mp4,140,4.671333333333333,29.97002997002997,7,2,traffic_signs,0.5638914108276367,2358.902099609375,1565.634521484375,2372.592529296875,1596.5416259765625,2365.747314453125,1581.0880737304688,13.6904296875,30.9071044921875
IMG_0038.mp4,140,4.671333333333333,29.97002997002997,6,1,traffic_lights,0.7142704725265503,2289.996337890625,1407.0269775390625,2307.05078125,1452.90380859375,2298.5235595703125,1429.9653930664062,17.054443359375,45.8768310546875
IMG_0038.mp4,140,4.671333333333333,29.97002997002997,5,1,traffic_lights,0.7758729457855225,1124.07666015625,1422.819580078125,1155.5242919921875,1468.87255859375,1139.8004760742188,1445.8460693359375,31.4476318359375,46.052978515625
IMG_0038.mp4,140,4.671333333333333,29.97002997002997,4,1,traffic_lights,0.46759194135665894,1699.987060546875,147.7486114501953,1815.513916015625,365.2009582519531,1757.75048828125,256.4747848510742,115.52685546875,217.4523468017578
IMG_0038.mp4,140,4.671333333333333,29.97002997002997,3,1,traffic_lights,0.5927525758743286,1566.80908203125,143.86277770996094,1691.5537109375,364.3165283203125,1629.181396484375,254.08965301513672,124.74462890625,220.45375061035156
IMG_0038.mp4,141,4.7047,29.97002997002997,5,1,traffic_lights,0.77213054895401,1123.5450439453125,1422.125732421875,1155.589599609375,1468.9437255859375,1139.5673217773438,1445.5347290039062,32.0445556640625,46.8179931640625
IMG_0038.mp4,141,4.7047,29.97002997002997,4,1,traffic_lights,0.8647336363792419,1698.7454833984375,147.41635131835938,1815.641845703125,363.8389892578125,1757.1936645507812,255.62767028808594,116.8963623046875,216.42263793945312
IMG_0038.mp4,141,4.7047,29.97002997002997,3,1,traffic_lights,0.6609657406806946,1566.138916015625,142.81167602539062,1690.7626953125,363.07708740234375,1628.4508056640625,252.9443817138672,124.623779296875,220.26541137695312
IMG_0038.mp4,142,4.738066666666667,29.97002997002997,5,1,traffic_lights,0.7794770002365112,1123.379638671875,1422.3394775390625,1154.7366943359375,1468.7808837890625,1139.0581665039062,1445.5601806640625,31.3570556640625,46.44140625
IMG_0038.mp4,142,4.738066666666667,29.97002997002997,4,1,traffic_lights,0.8790696263313293,1698.630126953125,147.959716796875,1816.0040283203125,364.5287780761719,1757.3170776367188,256.24424743652344,117.3739013671875,216.56906127929688
IMG_0038.mp4,142,4.738066666666667,29.97002997002997,3,1,traffic_lights,0.7593453526496887,1566.0152587890625,143.51292419433594,1690.0828857421875,363.3821716308594,1628.049072265625,253.44754791259766,124.067626953125,219.86924743652344
IMG_0038.mp4,142,4.738066666666667,29.97002997002997,1,2,traffic_signs,0.8552169799804688,2445.47119140625,1475.959228515625,2472.6923828125,1549.9619140625,2459.081787109375,1512.9605712890625,27.22119140625,74.002685546875
IMG_0038.mp4,142,4.738066666666667,29.97002997002997,2,2,traffic_signs,0.8622998595237732,2276.3466796875,1524.198974609375,2305.155517578125,1579.95751953125,2290.7510986328125,1552.0782470703125,28.808837890625,55.758544921875
IMG_0038.mp4,142,4.738066666666667,29.97002997002997,7,2,traffic_signs,0.46100327372550964,2358.22607421875,1565.2716064453125,2372.420654296875,1596.0501708984375,2365.3233642578125,1580.660888671875,14.194580078125,30.778564453125
IMG_0038.mp4,142,4.738066666666667,29.97002997002997,6,1,traffic_lights,0.7801336050033569,2289.038330078125,1406.685791015625,2306.6083984375,1452.2911376953125,2297.8233642578125,1429.4884643554688,17.570068359375,45.6053466796875
IMG_0038.mp4,143,4.771433333333333,29.97002997002997,5,1,traffic_lights,0.7694108486175537,1123.28564453125,1422.1895751953125,1154.62890625,1468.0003662109375,1138.957275390625,1445.094970703125,31.34326171875,45.810791015625
IMG_0038.mp4,143,4.771433333333333,29.97002997002997,3,1,traffic_lights,0.7661445140838623,1565.543212890625,142.447265625,1687.1141357421875,359.15399169921875,1626.3286743164062,250.80062866210938,121.5709228515625,216.70672607421875
IMG_0038.mp4,143,4.771433333333333,29.97002997002997,1,2,traffic_signs,0.8635454177856445,2444.833251953125,1476.3734130859375,2472.655517578125,1549.874267578125,2458.744384765625,1513.1238403320312,27.822265625,73.5008544921875
IMG_0038.mp4,143,4.771433333333333,29.97002997002997,2,2,traffic_signs,0.8624834418296814,2276.569580078125,1524.1658935546875,2305.6513671875,1580.599853515625,2291.1104736328125,1552.3828735351562,29.081787109375,56.4339599609375
IMG_0038.mp4,143,4.771433333333333,29.97002997002997,7,2,traffic_signs,0.5703668594360352,2358.0673828125,1564.5068359375,2372.630126953125,1595.65869140625,2365.3487548828125,1580.082763671875,14.562744140625,31.15185546875
IMG_0038.mp4,143,4.771433333333333,29.97002997002997,6,1,traffic_lights,0.7675819993019104,2289.470703125,1406.9891357421875,2306.67138671875,1452.7066650390625,2298.071044921875,1429.847900390625,17.20068359375,45.717529296875
IMG_0038.mp4,143,4.771433333333333,29.97002997002997,9,2,traffic_signs,0.300763338804245,2555.9599609375,1539.3883056640625,2574.02490234375,1573.7581787109375,2564.992431640625,1556.5732421875,18.06494140625,34.369873046875
IMG_0038.mp4,144,4.8048,29.97002997002997,5,1,traffic_lights,0.778871476650238,1123.7314453125,1422.3809814453125,1156.5611572265625,1468.218994140625,1140.1463012695312,1445.2999877929688,32.8297119140625,45.8380126953125
IMG_0038.mp4,144,4.8048,29.97002997002997,3,1,traffic_lights,0.3928469121456146,1564.1492919921875,142.18649291992188,1711.9793701171875,358.62890625,1638.0643310546875,250.40769958496094,147.830078125,216.44241333007812
IMG_0038.mp4,144,4.8048,29.97002997002997,1,2,traffic_signs,0.8616624474525452,2445.767578125,1477.092529296875,2472.9697265625,1549.9276123046875,2459.36865234375,1513.5100708007812,27.2021484375,72.8350830078125
IMG_0038.mp4,144,4.8048,29.97002997002997,2,2,traffic_signs,0.8739107251167297,2277.314453125,1524.6083984375,2305.7626953125,1580.29345703125,2291.53857421875,1552.450927734375,28.4482421875,55.68505859375
IMG_0038.mp4,144,4.8048,29.97002997002997,7,2,traffic_signs,0.6785455942153931,2358.557373046875,1564.98583984375,2372.96533203125,1595.706298828125,2365.7613525390625,1580.3460693359375,14.407958984375,30.720458984375
IMG_0038.mp4,144,4.8048,29.97002997002997,6,1,traffic_lights,0.7601802945137024,2290.102783203125,1407.3026123046875,2306.685546875,1452.9840087890625,2298.3941650390625,1430.143310546875,16.582763671875,45.681396484375
IMG_0038.mp4,144,4.8048,29.97002997002997,9,2,traffic_signs,0.4101015627384186,2556.4130859375,1539.6937255859375,2574.48876953125,1574.526123046875,2565.450927734375,1557.1099243164062,18.07568359375,34.8323974609375
IMG_0038.mp4,145,4.838166666666667,29.97002997002997,5,1,traffic_lights,0.7769622206687927,1123.5697021484375,1421.632080078125,1157.7791748046875,1469.3182373046875,1140.6744384765625,1445.4751586914062,34.20947265625,47.6861572265625
IMG_0038.mp4,145,4.838166666666667,29.97002997002997,3,1,traffic_lights,0.8441620469093323,1565.3062744140625,141.91162109375,1698.7320556640625,355.6593933105469,1632.0191650390625,248.78550720214844,133.42578125,213.74777221679688
IMG_0038.mp4,145,4.838166666666667,29.97002997002997,1,2,traffic_signs,0.8677557706832886,2445.763671875,1476.6636962890625,2472.720458984375,1549.7149658203125,2459.2420654296875,1513.1893310546875,26.956787109375,73.05126953125
IMG_0038.mp4,145,4.838166666666667,29.97002997002997,2,2,traffic_signs,0.8774363398551941,2276.8212890625,1523.9400634765625,2305.1943359375,1579.947265625,2291.0078125,1551.9436645507812,28.373046875,56.0072021484375
IMG_0038.mp4,145,4.838166666666667,29.97002997002997,7,2,traffic_signs,0.6224263310432434,2358.38525390625,1564.730712890625,2372.5048828125,1595.6473388671875,2365.445068359375,1580.1890258789062,14.11962890625,30.9166259765625
IMG_0038.mp4,145,4.838166666666667,29.97002997002997,6,1,traffic_lights,0.7711943984031677,2289.52685546875,1407.0906982421875,2306.361572265625,1452.82666015625,2297.9442138671875,1429.9586791992188,16.834716796875,45.7359619140625
IMG_0038.mp4,145,4.838166666666667,29.97002997002997,9,2,traffic_signs,0.3453001379966736,2556.428955078125,1539.4261474609375,2574.096435546875,1574.1015625,2565.2626953125,1556.7638549804688,17.66748046875,34.6754150390625
IMG_0038.mp4,145,4.838166666666667,29.97002997002997,4,1,traffic_lights,0.3945733904838562,1703.410888671875,147.93679809570312,1815.9957275390625,362.2660827636719,1759.7033081054688,255.1014404296875,112.5848388671875,214.32928466796875
IMG_0038.mp4,146,4.871533333333334,29.97002997002997,3,1,traffic_lights,0.8709539771080017,1566.2586669921875,142.8021240234375,1692.186767578125,355.07513427734375,1629.2227172851562,248.93862915039062,125.9281005859375,212.27301025390625
IMG_0038.mp4,146,4.871533333333334,29.97002997002997,1,2,traffic_signs,0.863608181476593,2445.802978515625,1476.831298828125,2472.62548828125,1549.9412841796875,2459.2142333984375,1513.3862915039062,26.822509765625,73.1099853515625
IMG_0038.mp4,146,4.871533333333334,29.97002997002997,2,2,traffic_signs,0.8729663491249084,2276.76806640625,1523.9278564453125,2304.961669921875,1580.0321044921875,2290.8648681640625,1551.97998046875,28.193603515625,56.104248046875
IMG_0038.mp4,146,4.871533333333334,29.97002997002997,7,2,traffic_signs,0.6060486435890198,2358.464599609375,1564.8123779296875,2372.313720703125,1595.876708984375,2365.38916015625,1580.3445434570312,13.84912109375,31.0643310546875
IMG_0038.mp4,146,4.871533333333334,29.97002997002997,6,1,traffic_lights,0.7738176584243774,2289.508056640625,1406.872802734375,2306.416259765625,1453.169921875,2297.962158203125,1430.0213623046875,16.908203125,46.297119140625
IMG_0038.mp4,146,4.871533333333334,29.97002997002997,9,2,traffic_signs,0.4060891568660736,2556.518798828125,1539.124267578125,2574.272216796875,1573.07080078125,2565.3955078125,1556.0975341796875,17.75341796875,33.946533203125
IMG_0038.mp4,146,4.871533333333334,29.97002997002997,4,1,traffic_lights,0.7025123238563538,1703.2054443359375,147.49563598632812,1815.6715087890625,362.4869384765625,1759.4384765625,254.9912872314453,112.466064453125,214.99130249023438
IMG_0038.mp4,147,4.9049000000000005,29.97002997002997,3,1,traffic_lights,0.8223558068275452,1566.6171875,142.8274383544922,1690.5797119140625,354.0872497558594,1628.5984497070312,248.45734405517578,123.9625244140625,211.2598114013672
IMG_0038.mp4,147,4.9049000000000005,29.97002997002997,1,2,traffic_signs,0.8617368340492249,2445.91259765625,1476.7679443359375,2472.683349609375,1549.775146484375,2459.2979736328125,1513.2715454101562,26.770751953125,73.0072021484375
IMG_0038.mp4,147,4.9049000000000005,29.97002997002997,2,2,traffic_signs,0.8709113597869873,2276.762451171875,1524.0001220703125,2304.89501953125,1580.0535888671875,2290.8287353515625,1552.02685546875,28.132568359375,56.053466796875
IMG_0038.mp4,147,4.9049000000000005,29.97002997002997,7,2,traffic_signs,0.5949445962905884,2358.53955078125,1564.7679443359375,2372.435302734375,1595.822265625,2365.4874267578125,1580.2951049804688,13.895751953125,31.0543212890625
IMG_0038.mp4,147,4.9049000000000005,29.97002997002997,6,1,traffic_lights,0.780297577381134,2289.485595703125,1406.7783203125,2306.442626953125,1453.0513916015625,2297.964111328125,1429.9148559570312,16.95703125,46.2730712890625
IMG_0038.mp4,147,4.9049000000000005,29.97002997002997,9,2,traffic_signs,0.3331565856933594,2556.630126953125,1539.646240234375,2574.230224609375,1573.9017333984375,2565.43017578125,1556.7739868164062,17.60009765625,34.2554931640625
IMG_0038.mp4,147,4.9049000000000005,29.97002997002997,4,1,traffic_lights,0.8176737427711487,1704.6552734375,147.63299560546875,1816.022705078125,361.5819091796875,1760.3389892578125,254.60745239257812,111.367431640625,213.94891357421875
IMG_0038.mp4,148,4.938266666666666,29.97002997002997,3,1,traffic_lights,0.822081446647644,1566.4964599609375,142.45095825195312,1688.8629150390625,353.62042236328125,1627.6796875,248.0356903076172,122.366455078125,211.16946411132812
IMG_0038.mp4,148,4.938266666666666,29.97002997002997,1,2,traffic_signs,0.861982524394989,2445.962646484375,1476.7086181640625,2472.653564453125,1549.82275390625,2459.30810546875,1513.2656860351562,26.69091796875,73.1141357421875
IMG_0038.mp4,148,4.938266666666666,29.97002997002997,2,2,traffic_signs,0.8707823753356934,2276.65869140625,1524.0960693359375,2304.841552734375,1580.348388671875,2290.7501220703125,1552.2222290039062,28.182861328125,56.2523193359375
IMG_0038.mp4,148,4.938266666666666,29.97002997002997,7,2,traffic_signs,0.6010012030601501,2358.477783203125,1564.9605712890625,2372.26171875,1595.935546875,2365.3697509765625,1580.4480590820312,13.783935546875,30.9749755859375
IMG_0038.mp4,148,4.938266666666666,29.97002997002997,6,1,traffic_lights,0.7834109663963318,2289.402587890625,1406.857666015625,2306.223876953125,1453.0972900390625,2297.813232421875,1429.9774780273438,16.8212890625,46.2396240234375
IMG_0038.mp4,148,4.938266666666666,29.97002997002997,9,2,traffic_signs,0.38445478677749634,2556.450439453125,1539.898193359375,2574.48779296875,1574.7667236328125,2565.4691162109375,1557.3324584960938,18.037353515625,34.8685302734375
IMG_0038.mp4,148,4.938266666666666,29.97002997002997,4,1,traffic_lights,0.8022089004516602,1704.2060546875,147.39596557617188,1815.988525390625,361.57745361328125,1760.0972900390625,254.48670959472656,111.782470703125,214.18148803710938
IMG_0038.mp4,149,4.971633333333333,29.97002997002997,3,1,traffic_lights,0.8263026475906372,1566.78466796875,142.31039428710938,1688.5609130859375,352.9176330566406,1627.6727905273438,247.614013671875,121.7762451171875,210.60723876953125
IMG_0038.mp4,149,4.971633333333333,29.97002997002997,1,2,traffic_signs,0.8606189489364624,2446.099609375,1476.6761474609375,2472.78076171875,1549.697509765625,2459.440185546875,1513.1868286132812,26.68115234375,73.0213623046875
IMG_0038.mp4,149,4.971633333333333,29.97002997002997,2,2,traffic_signs,0.8723213076591492,2276.864013671875,1524.0855712890625,2305.098876953125,1580.34521484375,2290.9814453125,1552.2153930664062,28.23486328125,56.2596435546875
IMG_0038.mp4,149,4.971633333333333,29.97002997002997,7,2,traffic_signs,0.5493195056915283,2358.807861328125,1565.045654296875,2372.57763671875,1595.7568359375,2365.6927490234375,1580.4012451171875,13.769775390625,30.711181640625
IMG_0038.mp4,149,4.971633333333333,29.97002997002997,6,1,traffic_lights,0.7885998487472534,2289.66357421875,1406.814697265625,2306.32421875,1453.1990966796875,2297.993896484375,1430.0068969726562,16.66064453125,46.3843994140625
IMG_0038.mp4,149,4.971633333333333,29.97002997002997,9,2,traffic_signs,0.29482507705688477,2556.760009765625,1539.3560791015625,2574.55859375,1573.56494140625,2565.6593017578125,1556.4605102539062,17.798583984375,34.2088623046875
IMG_0038.mp4,149,4.971633333333333,29.97002997002997,4,1,traffic_lights,0.6902139782905579,1705.315185546875,146.983642578125,1815.6058349609375,361.3385009765625,1760.4605102539062,254.16107177734375,110.2906494140625,214.3548583984375
IMG_0038.mp4,150,5.005,29.97002997002997,3,1,traffic_lights,0.737396240234375,1566.8302001953125,141.84881591796875,1688.177001953125,353.15283203125,1627.5036010742188,247.50082397460938,121.3468017578125,211.30401611328125
IMG_0038.mp4,150,5.005,29.97002997002997,1,2,traffic_signs,0.8627232909202576,2446.1171875,1476.4010009765625,2472.9931640625,1549.619140625,2459.55517578125,1513.0100708007812,26.8759765625,73.2181396484375
IMG_0038.mp4,150,5.005,29.97002997002997,2,2,traffic_signs,0.8714298009872437,2276.90478515625,1524.2811279296875,2304.9931640625,1580.4674072265625,2290.948974609375,1552.374267578125,28.08837890625,56.186279296875
IMG_0038.mp4,150,5.005,29.97002997002997,7,2,traffic_signs,0.5858855247497559,2358.83740234375,1565.027099609375,2372.509033203125,1595.736328125,2365.6732177734375,1580.3817138671875,13.671630859375,30.709228515625
IMG_0038.mp4,150,5.005,29.97002997002997,6,1,traffic_lights,0.7790133357048035,2289.865234375,1406.74267578125,2306.277587890625,1452.8773193359375,2298.0714111328125,1429.8099975585938,16.412353515625,46.1346435546875
IMG_0038.mp4,150,5.005,29.97002997002997,9,2,traffic_signs,0.3366880416870117,2556.7099609375,1539.6365966796875,2574.2412109375,1574.052978515625,2565.4755859375,1556.8447875976562,17.53125,34.4163818359375
IMG_0038.mp4,150,5.005,29.97002997002997,4,1,traffic_lights,0.7885233759880066,1704.3570556640625,147.5249786376953,1815.8480224609375,360.9929504394531,1760.1025390625,254.25896453857422,111.490966796875,213.4679718017578
IMG_0038.mp4,151,5.038366666666667,29.97002997002997,3,1,traffic_lights,0.7435667514801025,1566.434814453125,141.42176818847656,1689.4300537109375,353.2165832519531,1627.9324340820312,247.31917572021484,122.9952392578125,211.79481506347656
IMG_0038.mp4,151,5.038366666666667,29.97002997002997,1,2,traffic_signs,0.8670619130134583,2446.116455078125,1476.035400390625,2473.0712890625,1549.539306640625,2459.5938720703125,1512.787353515625,26.954833984375,73.50390625
IMG_0038.mp4,151,5.038366666666667,29.97002997002997,2,2,traffic_signs,0.8716809749603271,2276.85205078125,1524.3370361328125,2304.955322265625,1580.5323486328125,2290.9036865234375,1552.4346923828125,28.103271484375,56.1953125
IMG_0038.mp4,151,5.038366666666667,29.97002997002997,7,2,traffic_signs,0.5608855485916138,2358.689697265625,1564.2034912109375,2372.52294921875,1595.594970703125,2365.6063232421875,1579.8992309570312,13.833251953125,31.3914794921875
IMG_0038.mp4,151,5.038366666666667,29.97002997002997,6,1,traffic_lights,0.7744666337966919,2289.694091796875,1406.5032958984375,2306.151123046875,1452.6898193359375,2297.922607421875,1429.5965576171875,16.45703125,46.1865234375
IMG_0038.mp4,151,5.038366666666667,29.97002997002997,9,2,traffic_signs,0.3471749722957611,2556.691650390625,1539.892822265625,2574.662353515625,1574.04296875,2565.677001953125,1556.9678955078125,17.970703125,34.150146484375
IMG_0038.mp4,151,5.038366666666667,29.97002997002997,4,1,traffic_lights,0.33041298389434814,1703.57421875,147.16098022460938,1815.185302734375,360.60498046875,1759.3797607421875,253.8829803466797,111.611083984375,213.44400024414062
IMG_0038.mp4,152,5.071733333333333,29.97002997002997,1,2,traffic_signs,0.8646752238273621,2445.966796875,1476.24267578125,2473.03173828125,1549.935791015625,2459.499267578125,1513.0892333984375,27.06494140625,73.693115234375
IMG_0038.mp4,152,5.071733333333333,29.97002997002997,2,2,traffic_signs,0.8724279999732971,2276.796875,1524.3377685546875,2305.173828125,1580.5953369140625,2290.9853515625,1552.466552734375,28.376953125,56.257568359375
IMG_0038.mp4,152,5.071733333333333,29.97002997002997,7,2,traffic_signs,0.577028751373291,2358.458740234375,1564.7994384765625,2372.63916015625,1595.8887939453125,2365.5489501953125,1580.3441162109375,14.180419921875,31.08935546875
IMG_0038.mp4,152,5.071733333333333,29.97002997002997,6,1,traffic_lights,0.7594056129455566,2289.724365234375,1406.5650634765625,2306.150146484375,1451.7860107421875,2297.937255859375,1429.175537109375,16.42578125,45.220947265625
IMG_0038.mp4,152,5.071733333333333,29.97002997002997,9,2,traffic_signs,0.42408421635627747,2556.599365234375,1539.800537109375,2574.90283203125,1572.9188232421875,2565.7510986328125,1556.3596801757812,18.303466796875,33.1182861328125
IMG_0038.mp4,153,5.1051,29.97002997002997,1,2,traffic_signs,0.8627884984016418,2445.863525390625,1476.4603271484375,2473.57275390625,1550.3763427734375,2459.7181396484375,1513.4183349609375,27.709228515625,73.916015625
IMG_0038.mp4,153,5.1051,29.97002997002997,2,2,traffic_signs,0.8658179640769958,2276.816162109375,1524.71484375,2305.98876953125,1580.4149169921875,2291.4024658203125,1552.5648803710938,29.172607421875,55.7000732421875
IMG_0038.mp4,153,5.1051,29.97002997002997,7,2,traffic_signs,0.5367433428764343,2357.8154296875,1565.0006103515625,2373.310791015625,1596.71484375,2365.5631103515625,1580.8577270507812,15.495361328125,31.7142333984375
IMG_0038.mp4,153,5.1051,29.97002997002997,6,1,traffic_lights,0.7536603808403015,2290.04736328125,1407.2646484375,2306.434326171875,1451.84765625,2298.2408447265625,1429.55615234375,16.386962890625,44.5830078125
IMG_0038.mp4,153,5.1051,29.97002997002997,9,2,traffic_signs,0.40000367164611816,2556.76025390625,1539.83349609375,2575.2421875,1573.6334228515625,2566.001220703125,1556.7334594726562,18.48193359375,33.7999267578125
IMG_0038.mp4,153,5.1051,29.97002997002997,3,1,traffic_lights,0.7423503994941711,1566.8402099609375,140.76312255859375,1690.1082763671875,351.3228454589844,1628.4742431640625,246.04298400878906,123.26806640625,210.55972290039062
IMG_0038.mp4,154,5.138466666666667,29.97002997002997,1,2,traffic_signs,0.8479647040367126,2445.97216796875,1475.809326171875,2473.435302734375,1549.77783203125,2459.7037353515625,1512.7935791015625,27.463134765625,73.968505859375
IMG_0038.mp4,154,5.138466666666667,29.97002997002997,2,2,traffic_signs,0.8708676099777222,2276.43701171875,1524.443359375,2305.5166015625,1579.3831787109375,2290.976806640625,1551.9132690429688,29.07958984375,54.9398193359375
IMG_0038.mp4,154,5.138466666666667,29.97002997002997,7,2,traffic_signs,0.4023720920085907,2357.739013671875,1564.597412109375,2372.6328125,1595.8983154296875,2365.1859130859375,1580.2478637695312,14.893798828125,31.3009033203125
IMG_0038.mp4,154,5.138466666666667,29.97002997002997,6,1,traffic_lights,0.7520009875297546,2289.330078125,1406.8541259765625,2307.170654296875,1452.5062255859375,2298.2503662109375,1429.68017578125,17.840576171875,45.652099609375
IMG_0038.mp4,154,5.138466666666667,29.97002997002997,60,2,traffic_signs,0.4106743335723877,709.4489135742188,1522.012451171875,738.3547973632812,1556.3201904296875,723.90185546875,1539.1663208007812,28.9058837890625,34.3077392578125
IMG_0038.mp4,154,5.138466666666667,29.97002997002997,3,1,traffic_lights,0.6914640069007874,1566.343994140625,141.28744506835938,1689.8458251953125,352.5505065917969,1628.0949096679688,246.91897583007812,123.5018310546875,211.2630615234375
IMG_0038.mp4,154,5.138466666666667,29.97002997002997,4,1,traffic_lights,0.7493687272071838,1706.419677734375,147.16497802734375,1815.8448486328125,360.8946533203125,1761.1322631835938,254.02981567382812,109.4251708984375,213.72967529296875
IMG_0038.mp4,155,5.171833333333334,29.97002997002997,2,2,traffic_signs,0.860261857509613,2276.208740234375,1524.3238525390625,2304.887451171875,1579.038818359375,2290.548095703125,1551.6813354492188,28.6787109375,54.7149658203125
IMG_0038.mp4,155,5.171833333333334,29.97002997002997,6,1,traffic_lights,0.7794579863548279,2289.195556640625,1406.94140625,2307.1787109375,1453.7060546875,2298.1871337890625,1430.32373046875,17.983154296875,46.7646484375
IMG_0038.mp4,155,5.171833333333334,29.97002997002997,60,2,traffic_signs,0.42972269654273987,709.0462036132812,1522.272216796875,738.5852661132812,1556.707763671875,723.8157348632812,1539.489990234375,29.5390625,34.435546875
IMG_0038.mp4,155,5.171833333333334,29.97002997002997,3,1,traffic_lights,0.6238695383071899,1566.744140625,141.7141571044922,1687.86376953125,353.2779235839844,1627.303955078125,247.49604034423828,121.11962890625,211.5637664794922
IMG_0038.mp4,155,5.171833333333334,29.97002997002997,4,1,traffic_lights,0.5690240859985352,1706.4951171875,147.11856079101562,1814.6351318359375,361.1589660644531,1760.5651245117188,254.13876342773438,108.1400146484375,214.0404052734375
IMG_0038.mp4,155,5.171833333333334,29.97002997002997,5,1,traffic_lights,0.3273511528968811,1123.5386962890625,1424.1414794921875,1157.309814453125,1470.761962890625,1140.4242553710938,1447.4517211914062,33.7711181640625,46.6204833984375
IMG_0038.mp4,156,5.2052000000000005,29.97002997002997,2,2,traffic_signs,0.8622112274169922,2277.056640625,1524.4429931640625,2304.782470703125,1579.5042724609375,2290.9195556640625,1551.9736328125,27.725830078125,55.061279296875
IMG_0038.mp4,156,5.2052000000000005,29.97002997002997,6,1,traffic_lights,0.7607935070991516,2289.218994140625,1407.148193359375,2306.412353515625,1453.251708984375,2297.815673828125,1430.199951171875,17.193359375,46.103515625
IMG_0038.mp4,156,5.2052000000000005,29.97002997002997,3,1,traffic_lights,0.6684086322784424,1566.8404541015625,141.71820068359375,1687.8702392578125,353.0165100097656,1627.3553466796875,247.3673553466797,121.02978515625,211.29830932617188
IMG_0038.mp4,156,5.2052000000000005,29.97002997002997,4,1,traffic_lights,0.7909959554672241,1706.8646240234375,147.4169158935547,1815.0159912109375,360.7772216796875,1760.9403076171875,254.0970687866211,108.1513671875,213.3603057861328
IMG_0038.mp4,156,5.2052000000000005,29.97002997002997,5,1,traffic_lights,0.5314413905143738,1123.2420654296875,1423.8353271484375,1156.1256103515625,1470.7777099609375,1139.683837890625,1447.3065185546875,32.883544921875,46.9423828125
IMG_0038.mp4,156,5.2052000000000005,29.97002997002997,9,2,traffic_signs,0.2828174829483032,2556.7333984375,1538.4571533203125,2573.8515625,1575.2510986328125,2565.29248046875,1556.8541259765625,17.1181640625,36.7939453125
IMG_0038.mp4,156,5.2052000000000005,29.97002997002997,1,2,traffic_signs,0.8502509593963623,2445.856201171875,1476.4844970703125,2472.531982421875,1550.0089111328125,2459.194091796875,1513.2467041015625,26.67578125,73.5244140625
IMG_0038.mp4,156,5.2052000000000005,29.97002997002997,7,2,traffic_signs,0.5030264258384705,2358.568603515625,1565.150390625,2372.658203125,1595.68505859375,2365.6134033203125,1580.417724609375,14.089599609375,30.53466796875
IMG_0038.mp4,157,5.238566666666666,29.97002997002997,2,2,traffic_signs,0.8722802996635437,2277.030029296875,1524.2510986328125,2304.84765625,1579.7825927734375,2290.9388427734375,1552.016845703125,27.817626953125,55.531494140625
IMG_0038.mp4,157,5.238566666666666,29.97002997002997,6,1,traffic_lights,0.7669970989227295,2289.1845703125,1407.4261474609375,2305.44677734375,1452.68701171875,2297.315673828125,1430.0565795898438,16.26220703125,45.2608642578125
IMG_0038.mp4,157,5.238566666666666,29.97002997002997,3,1,traffic_lights,0.6232994198799133,1566.6851806640625,141.6815948486328,1688.0123291015625,353.55047607421875,1627.3487548828125,247.61603546142578,121.3271484375,211.86888122558594
IMG_0038.mp4,157,5.238566666666666,29.97002997002997,4,1,traffic_lights,0.28316783905029297,1706.84619140625,147.3472442626953,1814.1746826171875,361.42547607421875,1760.5104370117188,254.38636016845703,107.3284912109375,214.07823181152344
IMG_0038.mp4,157,5.238566666666666,29.97002997002997,5,1,traffic_lights,0.4356815814971924,1123.4921875,1423.469970703125,1156.4036865234375,1470.8104248046875,1139.9479370117188,1447.1401977539062,32.9114990234375,47.3404541015625
IMG_0038.mp4,157,5.238566666666666,29.97002997002997,9,2,traffic_signs,0.3828948140144348,2556.142822265625,1539.463623046875,2574.069091796875,1574.775390625,2565.10595703125,1557.1195068359375,17.92626953125,35.311767578125
IMG_0038.mp4,157,5.238566666666666,29.97002997002997,1,2,traffic_signs,0.8587902188301086,2445.570068359375,1476.6036376953125,2472.23095703125,1550.1483154296875,2458.9005126953125,1513.3759765625,26.660888671875,73.544677734375
IMG_0038.mp4,157,5.238566666666666,29.97002997002997,7,2,traffic_signs,0.43316733837127686,2358.369873046875,1564.82568359375,2372.479248046875,1595.505615234375,2365.424560546875,1580.1656494140625,14.109375,30.679931640625
IMG_0038.mp4,158,5.271933333333333,29.97002997002997,2,2,traffic_signs,0.8690496683120728,2276.966552734375,1524.1021728515625,2304.901611328125,1579.5506591796875,2290.93408203125,1551.826416015625,27.93505859375,55.448486328125
IMG_0038.mp4,158,5.271933333333333,29.97002997002997,6,1,traffic_lights,0.7529605031013489,2289.189208984375,1407.3829345703125,2305.1064453125,1452.5751953125,2297.1478271484375,1429.9790649414062,15.917236328125,45.1922607421875
IMG_0038.mp4,158,5.271933333333333,29.97002997002997,3,1,traffic_lights,0.7328068017959595,1566.746337890625,141.70387268066406,1688.266845703125,353.57867431640625,1627.506591796875,247.64127349853516,121.5205078125,211.8748016357422
IMG_0038.mp4,158,5.271933333333333,29.97002997002997,4,1,traffic_lights,0.3062921464443207,1706.2105712890625,146.98060607910156,1813.9874267578125,361.92816162109375,1760.0989990234375,254.45438385009766,107.77685546875,214.9475555419922
IMG_0038.mp4,158,5.271933333333333,29.97002997002997,5,1,traffic_lights,0.5730447769165039,1123.736083984375,1423.11376953125,1156.3997802734375,1470.097900390625,1140.0679321289062,1446.6058349609375,32.6636962890625,46.984130859375
IMG_0038.mp4,158,5.271933333333333,29.97002997002997,9,2,traffic_signs,0.31532084941864014,2556.72314453125,1539.3905029296875,2573.99951171875,1572.67626953125,2565.361328125,1556.0333862304688,17.2763671875,33.2857666015625
IMG_0038.mp4,158,5.271933333333333,29.97002997002997,1,2,traffic_signs,0.8583382368087769,2445.559814453125,1476.6778564453125,2472.424560546875,1550.28076171875,2458.9921875,1513.4793090820312,26.86474609375,73.6029052734375
IMG_0038.mp4,158,5.271933333333333,29.97002997002997,7,2,traffic_signs,0.4667910039424896,2358.2578125,1564.72412109375,2372.478759765625,1595.435546875,2365.3682861328125,1580.079833984375,14.220947265625,30.71142578125
IMG_0038.mp4,159,5.3053,29.97002997002997,2,2,traffic_signs,0.8655771017074585,2277.1337890625,1524.3743896484375,2305.140625,1579.1573486328125,2291.13720703125,1551.765869140625,28.0068359375,54.782958984375
IMG_0038.mp4,159,5.3053,29.97002997002997,6,1,traffic_lights,0.7631605267524719,2289.2724609375,1407.1148681640625,2305.319091796875,1452.4212646484375,2297.2957763671875,1429.76806640625,16.046630859375,45.306396484375
IMG_0038.mp4,159,5.3053,29.97002997002997,3,1,traffic_lights,0.6960039138793945,1566.9241943359375,142.41116333007812,1689.604736328125,354.4654235839844,1628.2644653320312,248.43829345703125,122.6805419921875,212.05426025390625
IMG_0038.mp4,159,5.3053,29.97002997002997,4,1,traffic_lights,0.4937717914581299,1705.0958251953125,148.0100555419922,1814.9901123046875,362.4665832519531,1760.04296875,255.23831939697266,109.894287109375,214.45652770996094
IMG_0038.mp4,159,5.3053,29.97002997002997,5,1,traffic_lights,0.6305907368659973,1125.0152587890625,1423.064697265625,1156.2666015625,1469.53369140625,1140.6409301757812,1446.2991943359375,31.2513427734375,46.468994140625
IMG_0038.mp4,159,5.3053,29.97002997002997,9,2,traffic_signs,0.3619872033596039,2556.618896484375,1540.0128173828125,2574.43701171875,1573.4576416015625,2565.5279541015625,1556.7352294921875,17.818115234375,33.44482421875
IMG_0038.mp4,159,5.3053,29.97002997002997,1,2,traffic_signs,0.8581612706184387,2444.8486328125,1476.970947265625,2472.42822265625,1549.7886962890625,2458.638427734375,1513.3798217773438,27.57958984375,72.8177490234375
IMG_0038.mp4,159,5.3053,29.97002997002997,7,2,traffic_signs,0.4494745433330536,2358.23876953125,1565.1259765625,2372.39453125,1595.5262451171875,2365.316650390625,1580.3261108398438,14.15576171875,30.4002685546875
IMG_0038.mp4,159,5.3053,29.97002997002997,61,2,traffic_signs,0.3246261477470398,2568.106689453125,1500.6346435546875,2584.947265625,1540.65087890625,2576.5269775390625,1520.6427612304688,16.840576171875,40.0162353515625
IMG_0038.mp4,160,5.338666666666667,29.97002997002997,2,2,traffic_signs,0.8638942837715149,2276.372802734375,1523.9276123046875,2304.54296875,1579.41650390625,2290.4578857421875,1551.6720581054688,28.170166015625,55.4888916015625
IMG_0038.mp4,160,5.338666666666667,29.97002997002997,6,1,traffic_lights,0.7653937339782715,2288.2802734375,1406.047607421875,2304.7578125,1451.7926025390625,2296.51904296875,1428.9201049804688,16.4775390625,45.7449951171875
IMG_0038.mp4,160,5.338666666666667,29.97002997002997,5,1,traffic_lights,0.7252381443977356,1124.6513671875,1421.5465087890625,1157.0303955078125,1470.3026123046875,1140.8408813476562,1445.924560546875,32.3790283203125,48.756103515625
IMG_0038.mp4,160,5.338666666666667,29.97002997002997,9,2,traffic_signs,0.4129261076450348,2555.953125,1540.0269775390625,2574.21484375,1573.1221923828125,2565.083984375,1556.5745849609375,18.26171875,33.09521484375
IMG_0038.mp4,160,5.338666666666667,29.97002997002997,1,2,traffic_signs,0.8563997149467468,2444.3193359375,1476.4461669921875,2472.062255859375,1549.56298828125,2458.1907958984375,1513.0045776367188,27.742919921875,73.1168212890625
IMG_0038.mp4,160,5.338666666666667,29.97002997002997,7,2,traffic_signs,0.4167647659778595,2357.7294921875,1564.827880859375,2371.7314453125,1595.51416015625,2364.73046875,1580.1710205078125,14.001953125,30.686279296875
IMG_0038.mp4,161,5.372033333333333,29.97002997002997,2,2,traffic_signs,0.8676628470420837,2276.174072265625,1523.9100341796875,2304.6318359375,1580.02294921875,2290.4029541015625,1551.9664916992188,28.457763671875,56.1129150390625
IMG_0038.mp4,161,5.372033333333333,29.97002997002997,6,1,traffic_lights,0.7788965702056885,2288.32421875,1406.085205078125,2305.08447265625,1451.9559326171875,2296.704345703125,1429.0205688476562,16.76025390625,45.8707275390625
IMG_0038.mp4,161,5.372033333333333,29.97002997002997,9,2,traffic_signs,0.3664802312850952,2555.975341796875,1539.6575927734375,2574.40966796875,1572.65576171875,2565.1925048828125,1556.1566772460938,18.434326171875,32.9981689453125
IMG_0038.mp4,161,5.372033333333333,29.97002997002997,1,2,traffic_signs,0.8581034541130066,2443.740478515625,1476.7197265625,2472.18603515625,1549.698486328125,2457.9632568359375,1513.2091064453125,28.445556640625,72.978759765625
IMG_0038.mp4,161,5.372033333333333,29.97002997002997,7,2,traffic_signs,0.32711464166641235,2357.785888671875,1565.069091796875,2371.864013671875,1595.8836669921875,2364.824951171875,1580.4763793945312,14.078125,30.8145751953125
IMG_0038.mp4,161,5.372033333333333,29.97002997002997,3,1,traffic_lights,0.31779852509498596,1565.8643798828125,142.58616638183594,1691.4019775390625,359.91741943359375,1628.6331787109375,251.25179290771484,125.53759765625,217.3312530517578
IMG_0038.mp4,161,5.372033333333333,29.97002997002997,4,1,traffic_lights,0.724212646484375,1703.216796875,147.53526306152344,1815.6827392578125,363.8006591796875,1759.4497680664062,255.66796112060547,112.4659423828125,216.26539611816406
IMG_0038.mp4,162,5.4054,29.97002997002997,7,2,traffic_signs,0.2791683077812195,2357.810546875,1564.92626953125,2372.291259765625,1596.00830078125,2365.0509033203125,1580.46728515625,14.480712890625,31.08203125
IMG_0038.mp4,162,5.4054,29.97002997002997,3,1,traffic_lights,0.4341225028038025,1565.50537109375,142.938232421875,1691.6661376953125,359.4644775390625,1628.5857543945312,251.20135498046875,126.1607666015625,216.5262451171875
IMG_0038.mp4,162,5.4054,29.97002997002997,4,1,traffic_lights,0.7653086185455322,1701.928466796875,148.606201171875,1816.4705810546875,362.9242858886719,1759.1995239257812,255.76524353027344,114.5421142578125,214.31808471679688
IMG_0038.mp4,162,5.4054,29.97002997002997,60,2,traffic_signs,0.2625811994075775,712.0389404296875,1520.4488525390625,742.4161376953125,1559.1519775390625,727.2275390625,1539.8004150390625,30.377197265625,38.703125
IMG_0038.mp4,163,5.438766666666667,29.97002997002997,4,1,traffic_lights,0.27451545000076294,1700.686767578125,148.1880340576172,1815.771240234375,362.6487731933594,1758.22900390625,255.41840362548828,115.08447265625,214.4607391357422
IMG_0038.mp4,163,5.438766666666667,29.97002997002997,2,2,traffic_signs,0.8444873094558716,2277.33056640625,1523.9534912109375,2304.32861328125,1578.165283203125,2290.82958984375,1551.0593872070312,26.998046875,54.2117919921875
IMG_0038.mp4,163,5.438766666666667,29.97002997002997,6,1,traffic_lights,0.7921133041381836,2289.51904296875,1406.1688232421875,2307.286865234375,1452.842041015625,2298.4029541015625,1429.5054321289062,17.767822265625,46.6732177734375
IMG_0038.mp4,163,5.438766666666667,29.97002997002997,1,2,traffic_signs,0.8169185519218445,2444.693115234375,1476.71826171875,2472.637939453125,1549.73388671875,2458.66552734375,1513.22607421875,27.94482421875,73.015625
IMG_0038.mp4,164,5.472133333333334,29.97002997002997,4,1,traffic_lights,0.4644872546195984,1702.1578369140625,148.2454376220703,1815.333251953125,362.3985900878906,1758.7455444335938,255.32201385498047,113.1754150390625,214.1531524658203
IMG_0038.mp4,164,5.472133333333334,29.97002997002997,2,2,traffic_signs,0.8667752146720886,2276.92041015625,1523.2733154296875,2304.246337890625,1578.4315185546875,2290.5833740234375,1550.8524169921875,27.325927734375,55.158203125
IMG_0038.mp4,164,5.472133333333334,29.97002997002997,6,1,traffic_lights,0.7897509932518005,2289.0390625,1406.008544921875,2306.30224609375,1452.3123779296875,2297.670654296875,1429.1604614257812,17.26318359375,46.3038330078125
IMG_0038.mp4,164,5.472133333333334,29.97002997002997,1,2,traffic_signs,0.8584677577018738,2445.048095703125,1476.2432861328125,2472.29052734375,1550.03564453125,2458.6693115234375,1513.1394653320312,27.242431640625,73.7923583984375
IMG_0038.mp4,164,5.472133333333334,29.97002997002997,5,1,traffic_lights,0.7827876806259155,1123.568603515625,1421.74853515625,1155.10400390625,1466.3604736328125,1139.3363037109375,1444.0545043945312,31.535400390625,44.6119384765625
IMG_0038.mp4,164,5.472133333333334,29.97002997002997,9,2,traffic_signs,0.4167287349700928,2555.071533203125,1540.1463623046875,2574.041748046875,1570.7501220703125,2564.556640625,1555.4482421875,18.97021484375,30.603759765625
IMG_0038.mp4,164,5.472133333333334,29.97002997002997,7,2,traffic_signs,0.5663186311721802,2358.054931640625,1564.5433349609375,2371.837646484375,1594.9091796875,2364.9462890625,1579.7262573242188,13.78271484375,30.3658447265625
IMG_0038.mp4,164,5.472133333333334,29.97002997002997,3,1,traffic_lights,0.2652033567428589,1565.5989990234375,142.61749267578125,1691.977783203125,359.6584777832031,1628.7883911132812,251.1379852294922,126.3787841796875,217.04098510742188
IMG_0038.mp4,165,5.5055000000000005,29.97002997002997,4,1,traffic_lights,0.8324303030967712,1700.8902587890625,148.645751953125,1816.0230712890625,362.71942138671875,1758.4566650390625,255.68258666992188,115.1328125,214.07366943359375
IMG_0038.mp4,165,5.5055000000000005,29.97002997002997,2,2,traffic_signs,0.8555264472961426,2277.332763671875,1523.6290283203125,2304.508544921875,1579.1204833984375,2290.920654296875,1551.374755859375,27.17578125,55.491455078125
IMG_0038.mp4,165,5.5055000000000005,29.97002997002997,6,1,traffic_lights,0.7831252813339233,2289.077392578125,1406.588623046875,2306.11767578125,1452.767333984375,2297.5975341796875,1429.677978515625,17.040283203125,46.1787109375
IMG_0038.mp4,165,5.5055000000000005,29.97002997002997,1,2,traffic_signs,0.8544354438781738,2445.45166015625,1476.7440185546875,2472.35693359375,1550.20361328125,2458.904296875,1513.4738159179688,26.9052734375,73.4595947265625
IMG_0038.mp4,165,5.5055000000000005,29.97002997002997,5,1,traffic_lights,0.7291786074638367,1123.9727783203125,1421.8533935546875,1156.6810302734375,1466.3519287109375,1140.326904296875,1444.1026611328125,32.708251953125,44.49853515625
IMG_0038.mp4,165,5.5055000000000005,29.97002997002997,7,2,traffic_signs,0.650273859500885,2358.296630859375,1564.637451171875,2372.03466796875,1595.528564453125,2365.1656494140625,1580.0830078125,13.738037109375,30.89111328125
IMG_0038.mp4,165,5.5055000000000005,29.97002997002997,3,1,traffic_lights,0.6150738000869751,1565.7725830078125,143.24221801757812,1691.2677001953125,359.87457275390625,1628.5201416015625,251.5583953857422,125.4951171875,216.63235473632812
IMG_0038.mp4,166,5.538866666666666,29.97002997002997,4,1,traffic_lights,0.830569326877594,1702.2425537109375,147.92225646972656,1815.8221435546875,362.5468444824219,1759.0323486328125,255.23455047607422,113.57958984375,214.6245880126953
IMG_0038.mp4,166,5.538866666666666,29.97002997002997,2,2,traffic_signs,0.8528735041618347,2277.465087890625,1523.5311279296875,2304.672607421875,1579.0841064453125,2291.06884765625,1551.3076171875,27.20751953125,55.552978515625
IMG_0038.mp4,166,5.538866666666666,29.97002997002997,6,1,traffic_lights,0.7747202515602112,2289.16796875,1406.8486328125,2306.051513671875,1452.79150390625,2297.6097412109375,1429.820068359375,16.883544921875,45.94287109375
IMG_0038.mp4,166,5.538866666666666,29.97002997002997,1,2,traffic_signs,0.8563872575759888,2445.5283203125,1476.5908203125,2472.337158203125,1550.1593017578125,2458.9327392578125,1513.3750610351562,26.808837890625,73.5684814453125
IMG_0038.mp4,166,5.538866666666666,29.97002997002997,5,1,traffic_lights,0.7960606217384338,1124.243408203125,1421.61181640625,1156.617431640625,1465.9400634765625,1140.430419921875,1443.7759399414062,32.3740234375,44.3282470703125
IMG_0038.mp4,166,5.538866666666666,29.97002997002997,7,2,traffic_signs,0.6064281463623047,2358.349609375,1564.5665283203125,2371.93505859375,1595.34375,2365.142333984375,1579.9551391601562,13.58544921875,30.7772216796875
IMG_0038.mp4,166,5.538866666666666,29.97002997002997,3,1,traffic_lights,0.5963339805603027,1565.941162109375,142.91819763183594,1691.052490234375,360.1099548339844,1628.496826171875,251.51407623291016,125.111328125,217.19175720214844
IMG_0038.mp4,167,5.572233333333333,29.97002997002997,4,1,traffic_lights,0.6941945552825928,1702.6146240234375,147.52166748046875,1815.4940185546875,363.3927001953125,1759.0543212890625,255.45718383789062,112.87939453125,215.87103271484375
IMG_0038.mp4,167,5.572233333333333,29.97002997002997,2,2,traffic_signs,0.8553130626678467,2277.89404296875,1524.0169677734375,2304.880615234375,1579.2369384765625,2291.3873291015625,1551.626953125,26.986572265625,55.219970703125
IMG_0038.mp4,167,5.572233333333333,29.97002997002997,6,1,traffic_lights,0.7693923711776733,2289.555419921875,1407.3035888671875,2306.185302734375,1452.997314453125,2297.870361328125,1430.1504516601562,16.6298828125,45.6937255859375
IMG_0038.mp4,167,5.572233333333333,29.97002997002997,1,2,traffic_signs,0.8584768176078796,2445.65625,1476.673095703125,2472.6259765625,1550.49560546875,2459.14111328125,1513.5843505859375,26.9697265625,73.822509765625
IMG_0038.mp4,167,5.572233333333333,29.97002997002997,5,1,traffic_lights,0.8010585308074951,1124.154296875,1421.8115234375,1155.8387451171875,1465.591552734375,1139.9965209960938,1443.7015380859375,31.6844482421875,43.780029296875
IMG_0038.mp4,167,5.572233333333333,29.97002997002997,7,2,traffic_signs,0.6218569874763489,2358.52734375,1564.60888671875,2372.168701171875,1595.555419921875,2365.3480224609375,1580.0821533203125,13.641357421875,30.946533203125
IMG_0038.mp4,167,5.572233333333333,29.97002997002997,3,1,traffic_lights,0.6234967112541199,1566.4285888671875,143.3997802734375,1691.1217041015625,360.713134765625,1628.775146484375,252.05645751953125,124.693115234375,217.3133544921875
IMG_0038.mp4,167,5.572233333333333,29.97002997002997,9,2,traffic_signs,0.27552729845046997,2554.097900390625,1541.972412109375,2571.84765625,1571.548583984375,2562.9727783203125,1556.760498046875,17.749755859375,29.576171875
IMG_0038.mp4,168,5.6056,29.97002997002997,4,1,traffic_lights,0.911939799785614,1701.5682373046875,147.836181640625,1816.3162841796875,362.9263916015625,1758.9422607421875,255.38128662109375,114.748046875,215.0902099609375
IMG_0038.mp4,168,5.6056,29.97002997002997,2,2,traffic_signs,0.8632568717002869,2277.46923828125,1523.78515625,2304.681640625,1578.8701171875,2291.075439453125,1551.32763671875,27.21240234375,55.0849609375
IMG_0038.mp4,168,5.6056,29.97002997002997,6,1,traffic_lights,0.7703315019607544,2289.381591796875,1406.510009765625,2306.01904296875,1452.6234130859375,2297.7003173828125,1429.5667114257812,16.637451171875,46.1134033203125
IMG_0038.mp4,168,5.6056,29.97002997002997,1,2,traffic_signs,0.8555779457092285,2445.264892578125,1476.29248046875,2472.38330078125,1550.1104736328125,2458.8240966796875,1513.2014770507812,27.118408203125,73.8179931640625
IMG_0038.mp4,168,5.6056,29.97002997002997,5,1,traffic_lights,0.8431488275527954,1124.345458984375,1421.2232666015625,1155.6192626953125,1464.46630859375,1139.9823608398438,1442.8447875976562,31.2738037109375,43.2430419921875
IMG_0038.mp4,168,5.6056,29.97002997002997,7,2,traffic_signs,0.6040064096450806,2358.47314453125,1564.06396484375,2372.052001953125,1595.2784423828125,2365.2625732421875,1579.6712036132812,13.578857421875,31.2144775390625
IMG_0038.mp4,168,5.6056,29.97002997002997,3,1,traffic_lights,0.7268654704093933,1566.408203125,143.3285675048828,1690.93798828125,360.082275390625,1628.673095703125,251.7054214477539,124.52978515625,216.7537078857422
IMG_0038.mp4,168,5.6056,29.97002997002997,9,2,traffic_signs,0.3111804723739624,2552.882080078125,1541.2611083984375,2570.558837890625,1571.7945556640625,2561.720458984375,1556.52783203125,17.6767578125,30.533447265625
IMG_0038.mp4,169,5.638966666666667,29.97002997002997,4,1,traffic_lights,0.8486258387565613,1702.2479248046875,147.46762084960938,1815.9132080078125,363.7644958496094,1759.08056640625,255.61605834960938,113.665283203125,216.296875
IMG_0038.mp4,169,5.638966666666667,29.97002997002997,2,2,traffic_signs,0.8558209538459778,2277.3037109375,1524.31640625,2304.410888671875,1579.3065185546875,2290.8572998046875,1551.8114624023438,27.107177734375,54.9901123046875
IMG_0038.mp4,169,5.638966666666667,29.97002997002997,6,1,traffic_lights,0.772814929485321,2289.05126953125,1406.7548828125,2305.840087890625,1452.9166259765625,2297.4456787109375,1429.8357543945312,16.788818359375,46.1617431640625
IMG_0038.mp4,169,5.638966666666667,29.97002997002997,1,2,traffic_signs,0.8571283221244812,2445.262939453125,1476.5462646484375,2472.271728515625,1550.2479248046875,2458.767333984375,1513.3970947265625,27.0087890625,73.70166015625
IMG_0038.mp4,169,5.638966666666667,29.97002997002997,5,1,traffic_lights,0.8148346543312073,1124.139404296875,1421.4354248046875,1155.6617431640625,1464.2108154296875,1139.9005737304688,1442.8231201171875,31.5223388671875,42.775390625
IMG_0038.mp4,169,5.638966666666667,29.97002997002997,7,2,traffic_signs,0.634103536605835,2358.345947265625,1564.36865234375,2372.066650390625,1595.73974609375,2365.206298828125,1580.05419921875,13.720703125,31.37109375
IMG_0038.mp4,169,5.638966666666667,29.97002997002997,3,1,traffic_lights,0.7246299982070923,1566.4334716796875,143.38331604003906,1690.0943603515625,360.54693603515625,1628.263916015625,251.96512603759766,123.660888671875,217.1636199951172
IMG_0038.mp4,169,5.638966666666667,29.97002997002997,9,2,traffic_signs,0.36637917160987854,2552.4765625,1541.62646484375,2571.029296875,1571.9971923828125,2561.7529296875,1556.8118286132812,18.552734375,30.3707275390625
IMG_0038.mp4,170,5.6723333333333334,29.97002997002997,4,1,traffic_lights,0.8169503808021545,1703.1236572265625,147.22860717773438,1815.6041259765625,364.0359802246094,1759.3638916015625,255.63229370117188,112.48046875,216.807373046875
IMG_0038.mp4,170,5.6723333333333334,29.97002997002997,2,2,traffic_signs,0.8587561249732971,2277.0576171875,1523.818115234375,2304.35009765625,1579.0203857421875,2290.703857421875,1551.4192504882812,27.29248046875,55.2022705078125
IMG_0038.mp4,170,5.6723333333333334,29.97002997002997,6,1,traffic_lights,0.7654938697814941,2288.908203125,1406.532470703125,2305.64599609375,1452.703125,2297.277099609375,1429.6177978515625,16.73779296875,46.170654296875
IMG_0038.mp4,170,5.6723333333333334,29.97002997002997,1,2,traffic_signs,0.8591345548629761,2445.14501953125,1476.2279052734375,2472.2197265625,1550.2479248046875,2458.682373046875,1513.2379150390625,27.07470703125,74.02001953125
IMG_0038.mp4,170,5.6723333333333334,29.97002997002997,5,1,traffic_lights,0.7565540075302124,1124.6573486328125,1421.3056640625,1155.859375,1463.587646484375,1140.2583618164062,1442.4466552734375,31.2020263671875,42.281982421875
IMG_0038.mp4,170,5.6723333333333334,29.97002997002997,7,2,traffic_signs,0.6066814661026001,2358.173828125,1564.4952392578125,2371.73388671875,1595.6627197265625,2364.953857421875,1580.0789794921875,13.56005859375,31.16748046875
IMG_0038.mp4,170,5.6723333333333334,29.97002997002997,3,1,traffic_lights,0.7281975150108337,1566.490234375,143.31451416015625,1690.2919921875,360.5794372558594,1628.39111328125,251.9469757080078,123.8017578125,217.26492309570312
IMG_0038.mp4,170,5.6723333333333334,29.97002997002997,9,2,traffic_signs,0.36651068925857544,2552.114990234375,1542.2332763671875,2569.980712890625,1571.3343505859375,2561.0478515625,1556.7838134765625,17.86572265625,29.10107421875
IMG_0038.mp4,171,5.7057,29.97002997002997,4,1,traffic_lights,0.9046843647956848,1703.4996337890625,148.10704040527344,1816.325439453125,364.35406494140625,1759.9125366210938,256.23055267333984,112.8258056640625,216.2470245361328
IMG_0038.mp4,171,5.7057,29.97002997002997,2,2,traffic_signs,0.8544793128967285,2277.2041015625,1523.901611328125,2304.105712890625,1578.6417236328125,2290.6549072265625,1551.2716674804688,26.901611328125,54.7401123046875
IMG_0038.mp4,171,5.7057,29.97002997002997,6,1,traffic_lights,0.7679938673973083,2288.988525390625,1406.6365966796875,2305.677734375,1452.7154541015625,2297.3331298828125,1429.676025390625,16.689208984375,46.078857421875
IMG_0038.mp4,171,5.7057,29.97002997002997,1,2,traffic_signs,0.8575472831726074,2445.303466796875,1476.3284912109375,2472.1806640625,1549.91162109375,2458.7420654296875,1513.1200561523438,26.877197265625,73.5831298828125
IMG_0038.mp4,171,5.7057,29.97002997002997,5,1,traffic_lights,0.5514991879463196,1125.028564453125,1421.3634033203125,1155.4139404296875,1462.87548828125,1140.2212524414062,1442.1194458007812,30.3853759765625,41.5120849609375
IMG_0038.mp4,171,5.7057,29.97002997002997,7,2,traffic_signs,0.6527694463729858,2358.114990234375,1564.6007080078125,2371.951416015625,1595.69970703125,2365.033203125,1580.1502075195312,13.83642578125,31.0989990234375
IMG_0038.mp4,171,5.7057,29.97002997002997,3,1,traffic_lights,0.8144648671150208,1566.5421142578125,143.9680938720703,1692.0235595703125,361.0450439453125,1629.2828369140625,252.5065689086914,125.4814453125,217.0769500732422
IMG_0038.mp4,171,5.7057,29.97002997002997,9,2,traffic_signs,0.3705832362174988,2552.099365234375,1541.8707275390625,2570.6201171875,1571.9559326171875,2561.3597412109375,1556.913330078125,18.520751953125,30.085205078125
IMG_0038.mp4,172,5.739066666666667,29.97002997002997,4,1,traffic_lights,0.4938344657421112,1703.77294921875,147.2976531982422,1814.7318115234375,364.0242919921875,1759.2523803710938,255.66097259521484,110.9588623046875,216.7266387939453
IMG_0038.mp4,172,5.739066666666667,29.97002997002997,2,2,traffic_signs,0.8504942059516907,2277.20556640625,1523.4981689453125,2304.21923828125,1578.5135498046875,2290.71240234375,1551.005859375,27.013671875,55.015380859375
IMG_0038.mp4,172,5.739066666666667,29.97002997002997,6,1,traffic_lights,0.7799578905105591,2288.6787109375,1406.4361572265625,2305.662109375,1452.2733154296875,2297.17041015625,1429.354736328125,16.9833984375,45.837158203125
IMG_0038.mp4,172,5.739066666666667,29.97002997002997,1,2,traffic_signs,0.8603073954582214,2445.26416015625,1476.068603515625,2472.3125,1549.439208984375,2458.788330078125,1512.75390625,27.04833984375,73.37060546875
IMG_0038.mp4,172,5.739066666666667,29.97002997002997,5,1,traffic_lights,0.6717181205749512,1124.9854736328125,1421.32666015625,1155.1851806640625,1462.701171875,1140.0853271484375,1442.013916015625,30.19970703125,41.37451171875
IMG_0038.mp4,172,5.739066666666667,29.97002997002997,7,2,traffic_signs,0.617315948009491,2358.0556640625,1564.225830078125,2371.99609375,1595.4691162109375,2365.02587890625,1579.8474731445312,13.9404296875,31.2432861328125
IMG_0038.mp4,172,5.739066666666667,29.97002997002997,3,1,traffic_lights,0.7781079411506653,1566.7303466796875,143.69432067871094,1691.5318603515625,361.4609375,1629.131103515625,252.57762908935547,124.801513671875,217.76661682128906
IMG_0038.mp4,172,5.739066666666667,29.97002997002997,9,2,traffic_signs,0.40895888209342957,2552.51220703125,1541.2720947265625,2571.11572265625,1571.7911376953125,2561.81396484375,1556.5316162109375,18.603515625,30.51904296875
IMG_0038.mp4,173,5.772433333333334,29.97002997002997,4,1,traffic_lights,0.8026199340820312,1703.92138671875,147.6742401123047,1813.9078369140625,364.2353820800781,1758.9146118164062,255.9548110961914,109.9864501953125,216.56114196777344
IMG_0038.mp4,173,5.772433333333334,29.97002997002997,2,2,traffic_signs,0.8522520661354065,2276.79541015625,1523.3973388671875,2304.00537109375,1578.749755859375,2290.400390625,1551.0735473632812,27.2099609375,55.3524169921875
IMG_0038.mp4,173,5.772433333333334,29.97002997002997,6,1,traffic_lights,0.7747150659561157,2288.39990234375,1406.5172119140625,2305.024658203125,1452.22314453125,2296.7122802734375,1429.3701782226562,16.624755859375,45.7059326171875
IMG_0038.mp4,173,5.772433333333334,29.97002997002997,1,2,traffic_signs,0.8600360155105591,2444.994873046875,1476.1407470703125,2471.961669921875,1549.303955078125,2458.478271484375,1512.7223510742188,26.966796875,73.1632080078125
IMG_0038.mp4,173,5.772433333333334,29.97002997002997,5,1,traffic_lights,0.6245484948158264,1124.8675537109375,1421.48486328125,1155.3759765625,1462.8984375,1140.1217651367188,1442.191650390625,30.5084228515625,41.41357421875
IMG_0038.mp4,173,5.772433333333334,29.97002997002997,7,2,traffic_signs,0.6434111595153809,2357.669189453125,1563.717529296875,2371.783935546875,1595.1890869140625,2364.7265625,1579.4533081054688,14.11474609375,31.4715576171875
IMG_0038.mp4,173,5.772433333333334,29.97002997002997,3,1,traffic_lights,0.824540376663208,1566.4945068359375,144.7725067138672,1692.0074462890625,361.6757507324219,1629.2509765625,253.22412872314453,125.512939453125,216.9032440185547
IMG_0038.mp4,173,5.772433333333334,29.97002997002997,9,2,traffic_signs,0.38153210282325745,2552.69482421875,1541.848388671875,2570.94970703125,1571.8572998046875,2561.822265625,1556.8528442382812,18.2548828125,30.0089111328125
IMG_0038.mp4,174,5.8058000000000005,29.97002997002997,4,1,traffic_lights,0.8997265100479126,1703.2119140625,147.8843231201172,1815.333984375,363.99334716796875,1759.27294921875,255.93883514404297,112.1220703125,216.10902404785156
IMG_0038.mp4,174,5.8058000000000005,29.97002997002997,2,2,traffic_signs,0.857640266418457,2276.610595703125,1523.058349609375,2304.191162109375,1578.861572265625,2290.40087890625,1550.9599609375,27.58056640625,55.80322265625
IMG_0038.mp4,174,5.8058000000000005,29.97002997002997,6,1,traffic_lights,0.7726271748542786,2288.49365234375,1406.0740966796875,2304.83935546875,1451.8050537109375,2296.66650390625,1428.9395751953125,16.345703125,45.73095703125
IMG_0038.mp4,174,5.8058000000000005,29.97002997002997,1,2,traffic_signs,0.8626956939697266,2444.88427734375,1475.8702392578125,2472.023193359375,1549.165283203125,2458.4537353515625,1512.5177612304688,27.138916015625,73.2950439453125
IMG_0038.mp4,174,5.8058000000000005,29.97002997002997,5,1,traffic_lights,0.6041558384895325,1124.740966796875,1421.503662109375,1155.2584228515625,1463.05712890625,1139.9996948242188,1442.2803955078125,30.5174560546875,41.553466796875
IMG_0038.mp4,174,5.8058000000000005,29.97002997002997,7,2,traffic_signs,0.6798420548439026,2357.470947265625,1563.47216796875,2371.69677734375,1595.1959228515625,2364.5838623046875,1579.3340454101562,14.225830078125,31.7237548828125
IMG_0038.mp4,174,5.8058000000000005,29.97002997002997,3,1,traffic_lights,0.781072735786438,1566.5103759765625,144.63621520996094,1691.6273193359375,360.8394470214844,1629.06884765625,252.73783111572266,125.116943359375,216.20323181152344
IMG_0038.mp4,174,5.8058000000000005,29.97002997002997,9,2,traffic_signs,0.4641585648059845,2552.205322265625,1540.500732421875,2571.0576171875,1572.07470703125,2561.6314697265625,1556.2877197265625,18.852294921875,31.573974609375
IMG_0038.mp4,175,5.839166666666666,29.97002997002997,4,1,traffic_lights,0.8198733329772949,1703.2828369140625,147.95420837402344,1814.4754638671875,364.0618896484375,1758.879150390625,256.00804901123047,111.192626953125,216.10768127441406
IMG_0038.mp4,175,5.839166666666666,29.97002997002997,2,2,traffic_signs,0.8526323437690735,2277.00341796875,1523.13671875,2304.18798828125,1578.513671875,2290.595703125,1550.8251953125,27.1845703125,55.376953125
IMG_0038.mp4,175,5.839166666666666,29.97002997002997,6,1,traffic_lights,0.7522003054618835,2288.705810546875,1406.3983154296875,2305.099609375,1451.83935546875,2296.9027099609375,1429.1188354492188,16.393798828125,45.4410400390625
IMG_0038.mp4,175,5.839166666666666,29.97002997002997,1,2,traffic_signs,0.8612902760505676,2445.35791015625,1475.865478515625,2472.14404296875,1549.501953125,2458.7509765625,1512.6837158203125,26.7861328125,73.636474609375
IMG_0038.mp4,175,5.839166666666666,29.97002997002997,5,1,traffic_lights,0.5001199245452881,1124.6622314453125,1421.71875,1154.9599609375,1462.8642578125,1139.8110961914062,1442.29150390625,30.2977294921875,41.1455078125
IMG_0038.mp4,175,5.839166666666666,29.97002997002997,7,2,traffic_signs,0.5388253927230835,2357.892578125,1564.1851806640625,2371.800537109375,1594.842041015625,2364.8465576171875,1579.5136108398438,13.907958984375,30.6568603515625
IMG_0038.mp4,175,5.839166666666666,29.97002997002997,3,1,traffic_lights,0.7023632526397705,1566.9429931640625,145.14199829101562,1691.17822265625,361.44549560546875,1629.0606079101562,253.2937469482422,124.2352294921875,216.30349731445312
IMG_0038.mp4,175,5.839166666666666,29.97002997002997,9,2,traffic_signs,0.5062147974967957,2552.630615234375,1540.9857177734375,2572.002685546875,1572.510986328125,2562.316650390625,1556.7483520507812,19.3720703125,31.5252685546875
IMG_0038.mp4,176,5.872533333333333,29.97002997002997,4,1,traffic_lights,0.4312399625778198,1705.018798828125,147.8160400390625,1813.8360595703125,363.4893493652344,1759.4274291992188,255.65269470214844,108.8172607421875,215.67330932617188
IMG_0038.mp4,176,5.872533333333333,29.97002997002997,2,2,traffic_signs,0.8309462070465088,2277.39111328125,1523.5523681640625,2303.1962890625,1576.76318359375,2290.293701171875,1550.1577758789062,25.80517578125,53.2108154296875
IMG_0038.mp4,176,5.872533333333333,29.97002997002997,6,1,traffic_lights,0.7671205997467041,2288.77392578125,1406.265625,2305.71337890625,1451.031494140625,2297.24365234375,1428.6485595703125,16.939453125,44.765869140625
IMG_0038.mp4,176,5.872533333333333,29.97002997002997,1,2,traffic_signs,0.849128007888794,2445.559814453125,1475.4393310546875,2472.080810546875,1548.2679443359375,2458.8203125,1511.8536376953125,26.52099609375,72.82861328125
IMG_0038.mp4,176,5.872533333333333,29.97002997002997,60,2,traffic_signs,0.2654334008693695,713.6524658203125,1522.7418212890625,744.6627197265625,1557.913330078125,729.1575927734375,1540.3275756835938,31.01025390625,35.1715087890625
IMG_0038.mp4,177,5.9059,29.97002997002997,4,1,traffic_lights,0.8275391459465027,1704.33447265625,148.81008911132812,1815.623046875,363.203857421875,1759.978759765625,256.00697326660156,111.28857421875,214.39376831054688
IMG_0038.mp4,177,5.9059,29.97002997002997,60,2,traffic_signs,0.525636613368988,713.72900390625,1522.8773193359375,743.4658813476562,1557.492431640625,728.5974426269531,1540.1848754882812,29.73687744140625,34.6151123046875
IMG_0038.mp4,178,5.939266666666667,29.97002997002997,4,1,traffic_lights,0.5313590168952942,1705.4884033203125,148.28326416015625,1815.4111328125,363.5054016113281,1760.4497680664062,255.8943328857422,109.9227294921875,215.22213745117188
IMG_0038.mp4,178,5.939266666666667,29.97002997002997,7,2,traffic_signs,0.4626055657863617,2357.92822265625,1564.305419921875,2371.90283203125,1594.5347900390625,2364.91552734375,1579.4201049804688,13.974609375,30.2293701171875
IMG_0038.mp4,178,5.939266666666667,29.97002997002997,3,1,traffic_lights,0.45800065994262695,1566.543212890625,144.03126525878906,1691.084716796875,361.2576599121094,1628.81396484375,252.64446258544922,124.54150390625,217.2263946533203
IMG_0038.mp4,178,5.939266666666667,29.97002997002997,9,2,traffic_signs,0.3864002227783203,2554.000732421875,1539.72998046875,2574.835693359375,1571.40087890625,2564.418212890625,1555.5654296875,20.8349609375,31.6708984375
IMG_0038.mp4,178,5.939266666666667,29.97002997002997,2,2,traffic_signs,0.8392527103424072,2276.83349609375,1523.10107421875,2303.915771484375,1579.0657958984375,2290.3746337890625,1551.0834350585938,27.082275390625,55.9647216796875
IMG_0038.mp4,178,5.939266666666667,29.97002997002997,6,1,traffic_lights,0.6641387939453125,2289.068603515625,1408.633056640625,2306.2333984375,1449.8533935546875,2297.6510009765625,1429.2432250976562,17.164794921875,41.2203369140625
IMG_0038.mp4,178,5.939266666666667,29.97002997002997,1,2,traffic_signs,0.8584126234054565,2444.343505859375,1475.9605712890625,2472.217041015625,1549.4495849609375,2458.2802734375,1512.705078125,27.87353515625,73.489013671875
IMG_0038.mp4,179,5.9726333333333335,29.97002997002997,4,1,traffic_lights,0.7638326287269592,1705.604736328125,147.82733154296875,1814.4989013671875,363.7503356933594,1760.0518188476562,255.78883361816406,108.8941650390625,215.92300415039062
IMG_0038.mp4,179,5.9726333333333335,29.97002997002997,7,2,traffic_signs,0.6718026995658875,2357.833984375,1564.6607666015625,2371.610107421875,1595.2396240234375,2364.7220458984375,1579.9501953125,13.776123046875,30.578857421875
IMG_0038.mp4,179,5.9726333333333335,29.97002997002997,3,1,traffic_lights,0.7378502488136292,1566.48388671875,144.1075439453125,1691.1007080078125,360.6055603027344,1628.7922973632812,252.35655212402344,124.6168212890625,216.49801635742188
IMG_0038.mp4,179,5.9726333333333335,29.97002997002997,9,2,traffic_signs,0.48036444187164307,2554.382568359375,1539.9385986328125,2574.990478515625,1570.923828125,2564.6865234375,1555.4312133789062,20.60791015625,30.9852294921875
IMG_0038.mp4,179,5.9726333333333335,29.97002997002997,2,2,traffic_signs,0.8460658192634583,2277.1484375,1523.3477783203125,2304.111328125,1579.4549560546875,2290.6298828125,1551.4013671875,26.962890625,56.107177734375
IMG_0038.mp4,179,5.9726333333333335,29.97002997002997,6,1,traffic_lights,0.7350857853889465,2288.39990234375,1407.066162109375,2305.97216796875,1451.3631591796875,2297.18603515625,1429.2146606445312,17.572265625,44.2969970703125
IMG_0038.mp4,179,5.9726333333333335,29.97002997002997,1,2,traffic_signs,0.8628788590431213,2444.490234375,1476.4927978515625,2472.3505859375,1550.0601806640625,2458.42041015625,1513.2764892578125,27.8603515625,73.5673828125
IMG_0038.mp4,180,6.006,29.97002997002997,7,2,traffic_signs,0.6392528414726257,2358.447021484375,1565.556396484375,2371.854736328125,1595.274169921875,2365.15087890625,1580.415283203125,13.40771484375,29.7177734375
IMG_0038.mp4,180,6.006,29.97002997002997,9,2,traffic_signs,0.47845888137817383,2554.695068359375,1539.8707275390625,2575.513671875,1571.5516357421875,2565.1043701171875,1555.711181640625,20.818603515625,31.680908203125
IMG_0038.mp4,180,6.006,29.97002997002997,2,2,traffic_signs,0.8420662879943848,2278.001220703125,1523.5513916015625,2304.58642578125,1579.41064453125,2291.2938232421875,1551.4810180664062,26.585205078125,55.8592529296875
IMG_0038.mp4,180,6.006,29.97002997002997,6,1,traffic_lights,0.7493302226066589,2289.07666015625,1406.7977294921875,2306.461181640625,1451.5833740234375,2297.7689208984375,1429.1905517578125,17.384521484375,44.78564453125
IMG_0038.mp4,180,6.006,29.97002997002997,1,2,traffic_signs,0.8656618595123291,2445.66357421875,1476.1966552734375,2472.8486328125,1550.05419921875,2459.256103515625,1513.1254272460938,27.18505859375,73.8575439453125
IMG_0038.mp4,180,6.006,29.97002997002997,5,1,traffic_lights,0.8355696797370911,1123.8302001953125,1420.4459228515625,1154.8223876953125,1462.6767578125,1139.3262939453125,1441.5613403320312,30.9921875,42.2308349609375
IMG_0038.mp4,181,6.039366666666667,29.97002997002997,7,2,traffic_signs,0.5123276114463806,2358.117919921875,1565.91650390625,2371.41845703125,1595.157958984375,2364.7681884765625,1580.5372314453125,13.300537109375,29.241455078125
IMG_0038.mp4,181,6.039366666666667,29.97002997002997,9,2,traffic_signs,0.5457441806793213,2554.399169921875,1539.632568359375,2575.14208984375,1571.6053466796875,2564.7706298828125,1555.6189575195312,20.742919921875,31.9727783203125
IMG_0038.mp4,181,6.039366666666667,29.97002997002997,2,2,traffic_signs,0.8508236408233643,2277.624267578125,1523.2451171875,2304.40478515625,1579.269775390625,2291.0145263671875,1551.2574462890625,26.780517578125,56.024658203125
IMG_0038.mp4,181,6.039366666666667,29.97002997002997,6,1,traffic_lights,0.7458858489990234,2289.300048828125,1406.763427734375,2306.2041015625,1452.0220947265625,2297.7520751953125,1429.3927612304688,16.904052734375,45.2586669921875
IMG_0038.mp4,181,6.039366666666667,29.97002997002997,1,2,traffic_signs,0.8658928275108337,2446.2734375,1476.005126953125,2472.44384765625,1549.7305908203125,2459.358642578125,1512.8678588867188,26.17041015625,73.7254638671875
IMG_0038.mp4,181,6.039366666666667,29.97002997002997,67,1,traffic_lights,0.3470310568809509,2206.68798828125,1422.158203125,2224.571533203125,1481.5712890625,2215.6297607421875,1451.86474609375,17.883544921875,59.4130859375
IMG_0038.mp4,181,6.039366666666667,29.97002997002997,5,1,traffic_lights,0.756367027759552,1123.8358154296875,1421.0809326171875,1154.341552734375,1463.072265625,1139.0886840820312,1442.0765991210938,30.5057373046875,41.9913330078125
IMG_0038.mp4,181,6.039366666666667,29.97002997002997,4,1,traffic_lights,0.4525074362754822,1700.013427734375,147.21533203125,1815.067138671875,364.8228454589844,1757.540283203125,256.0190887451172,115.0537109375,217.60751342773438
IMG_0038.mp4,181,6.039366666666667,29.97002997002997,3,1,traffic_lights,0.4227268695831299,1566.2803955078125,143.16079711914062,1690.2763671875,363.2190246582031,1628.2783813476562,253.18991088867188,123.9959716796875,220.0582275390625
IMG_0038.mp4,182,6.072733333333334,29.97002997002997,7,2,traffic_signs,0.433430552482605,2357.970458984375,1566.278076171875,2371.524658203125,1595.5594482421875,2364.74755859375,1580.9187622070312,13.55419921875,29.2813720703125
IMG_0038.mp4,182,6.072733333333334,29.97002997002997,2,2,traffic_signs,0.8425356149673462,2277.396240234375,1523.40771484375,2304.221923828125,1579.7283935546875,2290.80908203125,1551.5680541992188,26.82568359375,56.3206787109375
IMG_0038.mp4,182,6.072733333333334,29.97002997002997,6,1,traffic_lights,0.7576796412467957,2289.405517578125,1407.423828125,2305.9091796875,1452.0362548828125,2297.6573486328125,1429.7300415039062,16.503662109375,44.6124267578125
IMG_0038.mp4,182,6.072733333333334,29.97002997002997,1,2,traffic_signs,0.8612024784088135,2446.607666015625,1476.271484375,2472.32568359375,1549.6392822265625,2459.4666748046875,1512.9553833007812,25.718017578125,73.3677978515625
IMG_0038.mp4,182,6.072733333333334,29.97002997002997,67,1,traffic_lights,0.30008795857429504,2206.845947265625,1421.8106689453125,2224.82080078125,1480.033935546875,2215.8333740234375,1450.9223022460938,17.974853515625,58.2232666015625
IMG_0038.mp4,182,6.072733333333334,29.97002997002997,5,1,traffic_lights,0.8206942677497864,1123.4400634765625,1421.29931640625,1154.8590087890625,1463.9088134765625,1139.1495361328125,1442.6040649414062,31.4189453125,42.6094970703125
IMG_0038.mp4,182,6.072733333333334,29.97002997002997,4,1,traffic_lights,0.4150506258010864,1700.4271240234375,146.90565490722656,1814.8800048828125,364.0260009765625,1757.653564453125,255.46582794189453,114.452880859375,217.12034606933594
IMG_0038.mp4,182,6.072733333333334,29.97002997002997,3,1,traffic_lights,0.32896918058395386,1566.0487060546875,142.21527099609375,1690.129638671875,363.51116943359375,1628.0891723632812,252.86322021484375,124.0809326171875,221.2958984375
IMG_0038.mp4,183,6.1061000000000005,29.97002997002997,2,2,traffic_signs,0.8470648527145386,2277.138671875,1524.4931640625,2303.882568359375,1577.042236328125,2290.5106201171875,1550.7677001953125,26.743896484375,52.549072265625
IMG_0038.mp4,183,6.1061000000000005,29.97002997002997,6,1,traffic_lights,0.33062368631362915,2289.750244140625,1408.0994873046875,2306.953125,1451.9412841796875,2298.3516845703125,1430.0203857421875,17.202880859375,43.841796875
IMG_0038.mp4,183,6.1061000000000005,29.97002997002997,5,1,traffic_lights,0.8438847064971924,1123.67529296875,1421.2169189453125,1156.062255859375,1466.0947265625,1139.8687744140625,1443.6558227539062,32.386962890625,44.8778076171875
IMG_0038.mp4,183,6.1061000000000005,29.97002997002997,4,1,traffic_lights,0.9091299772262573,1699.804931640625,147.77023315429688,1816.5421142578125,363.5547180175781,1758.1735229492188,255.6624755859375,116.7371826171875,215.78448486328125
IMG_0038.mp4,183,6.1061000000000005,29.97002997002997,3,1,traffic_lights,0.6904642581939697,1566.3558349609375,142.17079162597656,1690.5526123046875,362.197021484375,1628.4542236328125,252.18390655517578,124.19677734375,220.02622985839844
IMG_0038.mp4,184,6.139466666666666,29.97002997002997,5,1,traffic_lights,0.8412574529647827,1123.56591796875,1420.9725341796875,1155.680419921875,1466.5252685546875,1139.6231689453125,1443.7489013671875,32.114501953125,45.552734375
IMG_0038.mp4,184,6.139466666666666,29.97002997002997,4,1,traffic_lights,0.5335684418678284,1702.4522705078125,147.21836853027344,1815.2628173828125,363.2182312011719,1758.8575439453125,255.21829986572266,112.810546875,215.99986267089844
IMG_0038.mp4,184,6.139466666666666,29.97002997002997,3,1,traffic_lights,0.5821380019187927,1566.373046875,141.5668487548828,1689.9298095703125,361.8939514160156,1628.1514282226562,251.73040008544922,123.5567626953125,220.3271026611328
IMG_0038.mp4,184,6.139466666666666,29.97002997002997,9,2,traffic_signs,0.4816409647464752,2555.890869140625,1537.7913818359375,2574.812255859375,1573.0653076171875,2565.3515625,1555.4283447265625,18.92138671875,35.27392578125
IMG_0038.mp4,184,6.139466666666666,29.97002997002997,7,2,traffic_signs,0.5281265377998352,2356.97265625,1563.1148681640625,2372.0947265625,1596.57861328125,2364.53369140625,1579.8467407226562,15.1220703125,33.4637451171875
IMG_0038.mp4,184,6.139466666666666,29.97002997002997,1,2,traffic_signs,0.8780688643455505,2445.074951171875,1476.3367919921875,2472.763916015625,1548.9893798828125,2458.91943359375,1512.6630859375,27.68896484375,72.652587890625
IMG_0038.mp4,185,6.172833333333333,29.97002997002997,5,1,traffic_lights,0.8350456357002258,1123.22900390625,1421.05859375,1154.353515625,1466.914794921875,1138.791259765625,1443.9866943359375,31.12451171875,45.856201171875
IMG_0038.mp4,185,6.172833333333333,29.97002997002997,4,1,traffic_lights,0.8631043434143066,1701.2220458984375,146.58111572265625,1815.9788818359375,363.3899230957031,1758.6004638671875,254.9855194091797,114.7568359375,216.80880737304688
IMG_0038.mp4,185,6.172833333333333,29.97002997002997,3,1,traffic_lights,0.8535995483398438,1566.5355224609375,140.97715759277344,1690.1092529296875,361.1674499511719,1628.3223876953125,251.07230377197266,123.57373046875,220.19029235839844
IMG_0038.mp4,185,6.172833333333333,29.97002997002997,9,2,traffic_signs,0.34130266308784485,2555.964599609375,1538.001220703125,2574.939453125,1572.974853515625,2565.4520263671875,1555.488037109375,18.974853515625,34.9736328125
IMG_0038.mp4,185,6.172833333333333,29.97002997002997,7,2,traffic_signs,0.49565640091896057,2357.6689453125,1564.111572265625,2371.923095703125,1596.2447509765625,2364.7960205078125,1580.1781616210938,14.254150390625,32.1331787109375
IMG_0038.mp4,185,6.172833333333333,29.97002997002997,1,2,traffic_signs,0.8633124828338623,2444.685546875,1475.979248046875,2473.0595703125,1549.548583984375,2458.87255859375,1512.763916015625,28.3740234375,73.5693359375
IMG_0038.mp4,185,6.172833333333333,29.97002997002997,2,2,traffic_signs,0.8518455028533936,2276.828369140625,1523.695556640625,2304.747314453125,1578.9931640625,2290.787841796875,1551.3443603515625,27.9189453125,55.297607421875
IMG_0038.mp4,185,6.172833333333333,29.97002997002997,6,1,traffic_lights,0.7973004579544067,2288.580810546875,1406.25390625,2307.0390625,1452.2137451171875,2297.8099365234375,1429.2338256835938,18.458251953125,45.9598388671875
IMG_0038.mp4,186,6.2062,29.97002997002997,5,1,traffic_lights,0.802074670791626,1123.3973388671875,1421.50048828125,1154.75830078125,1468.5242919921875,1139.0778198242188,1445.0123901367188,31.3609619140625,47.0238037109375
IMG_0038.mp4,186,6.2062,29.97002997002997,4,1,traffic_lights,0.684539258480072,1719.681396484375,147.01365661621094,1818.5482177734375,361.641357421875,1769.1148071289062,254.32750701904297,98.8668212890625,214.62770080566406
IMG_0038.mp4,186,6.2062,29.97002997002997,9,2,traffic_signs,0.4075465202331543,2556.156005859375,1539.197509765625,2574.719970703125,1573.9075927734375,2565.43798828125,1556.5525512695312,18.56396484375,34.7100830078125
IMG_0038.mp4,186,6.2062,29.97002997002997,7,2,traffic_signs,0.6030863523483276,2358.336181640625,1564.97802734375,2372.444091796875,1596.0089111328125,2365.39013671875,1580.4934692382812,14.10791015625,31.0308837890625
IMG_0038.mp4,186,6.2062,29.97002997002997,1,2,traffic_signs,0.8659706115722656,2445.430419921875,1476.3160400390625,2473.41748046875,1550.152587890625,2459.4239501953125,1513.2343139648438,27.987060546875,73.8365478515625
IMG_0038.mp4,186,6.2062,29.97002997002997,2,2,traffic_signs,0.8727016448974609,2277.289794921875,1523.9876708984375,2305.6015625,1579.799560546875,2291.4456787109375,1551.8936157226562,28.311767578125,55.8118896484375
IMG_0038.mp4,186,6.2062,29.97002997002997,6,1,traffic_lights,0.7540808320045471,2289.134765625,1406.76025390625,2307.00732421875,1453.2279052734375,2298.071044921875,1429.9940795898438,17.87255859375,46.4676513671875
IMG_0038.mp4,186,6.2062,29.97002997002997,61,2,traffic_signs,0.3026765286922455,2566.82373046875,1500.31982421875,2584.834228515625,1541.7171630859375,2575.8289794921875,1521.0184936523438,18.010498046875,41.3973388671875
IMG_0038.mp4,187,6.239566666666667,29.97002997002997,5,1,traffic_lights,0.5141394734382629,1122.370849609375,1421.549072265625,1157.165771484375,1467.4700927734375,1139.768310546875,1444.5095825195312,34.794921875,45.9210205078125
IMG_0038.mp4,187,6.239566666666667,29.97002997002997,4,1,traffic_lights,0.6227911710739136,1707.15478515625,146.9552001953125,1816.0721435546875,360.98919677734375,1761.6134643554688,253.97219848632812,108.9173583984375,214.03399658203125
IMG_0038.mp4,187,6.239566666666667,29.97002997002997,9,2,traffic_signs,0.3937762677669525,2556.2470703125,1539.2723388671875,2574.019287109375,1573.0374755859375,2565.1331787109375,1556.1549072265625,17.772216796875,33.76513671875
IMG_0038.mp4,187,6.239566666666667,29.97002997002997,7,2,traffic_signs,0.6318820714950562,2357.766357421875,1564.9351806640625,2371.82568359375,1595.7269287109375,2364.7960205078125,1580.3310546875,14.059326171875,30.791748046875
IMG_0038.mp4,187,6.239566666666667,29.97002997002997,1,2,traffic_signs,0.8647867441177368,2445.199462890625,1476.437255859375,2473.01513671875,1550.080810546875,2459.1072998046875,1513.259033203125,27.815673828125,73.6435546875
IMG_0038.mp4,187,6.239566666666667,29.97002997002997,2,2,traffic_signs,0.877987265586853,2276.741455078125,1523.8475341796875,2305.057373046875,1579.75732421875,2290.8994140625,1551.8024291992188,28.31591796875,55.9097900390625
IMG_0038.mp4,187,6.239566666666667,29.97002997002997,6,1,traffic_lights,0.7736256718635559,2288.70068359375,1406.9580078125,2306.1826171875,1453.4112548828125,2297.441650390625,1430.1846313476562,17.48193359375,46.4532470703125
IMG_0038.mp4,187,6.239566666666667,29.97002997002997,61,2,traffic_signs,0.3128202259540558,2566.994873046875,1500.776123046875,2584.399658203125,1541.6632080078125,2575.697265625,1521.2196655273438,17.40478515625,40.8870849609375
IMG_0038.mp4,187,6.239566666666667,29.97002997002997,3,1,traffic_lights,0.8158640265464783,1566.92138671875,140.64053344726562,1686.7010498046875,354.5504150390625,1626.8112182617188,247.59547424316406,119.7796630859375,213.90988159179688
IMG_0038.mp4,188,6.2729333333333335,29.97002997002997,5,1,traffic_lights,0.6884395480155945,1122.5091552734375,1421.74560546875,1162.5087890625,1468.8885498046875,1142.5089721679688,1445.3170776367188,39.9996337890625,47.1429443359375
IMG_0038.mp4,188,6.2729333333333335,29.97002997002997,4,1,traffic_lights,0.8492180109024048,1703.77734375,147.3397216796875,1816.23486328125,360.67425537109375,1760.006103515625,254.00698852539062,112.45751953125,213.33453369140625
IMG_0038.mp4,188,6.2729333333333335,29.97002997002997,9,2,traffic_signs,0.4540889263153076,2556.35888671875,1539.3280029296875,2574.21875,1572.4957275390625,2565.288818359375,1555.911865234375,17.85986328125,33.167724609375
IMG_0038.mp4,188,6.2729333333333335,29.97002997002997,7,2,traffic_signs,0.5905177593231201,2357.98681640625,1565.0928955078125,2371.814453125,1595.7435302734375,2364.900634765625,1580.418212890625,13.82763671875,30.650634765625
IMG_0038.mp4,188,6.2729333333333335,29.97002997002997,1,2,traffic_signs,0.8638464212417603,2444.963134765625,1476.4930419921875,2473.095458984375,1550.3818359375,2459.029296875,1513.4374389648438,28.13232421875,73.8887939453125
IMG_0038.mp4,188,6.2729333333333335,29.97002997002997,2,2,traffic_signs,0.8742513060569763,2276.8193359375,1523.869384765625,2305.0849609375,1580.1500244140625,2290.9521484375,1552.0097045898438,28.265625,56.2806396484375
IMG_0038.mp4,188,6.2729333333333335,29.97002997002997,6,1,traffic_lights,0.7844768166542053,2288.74658203125,1407.037353515625,2306.058837890625,1453.6522216796875,2297.4027099609375,1430.3447875976562,17.312255859375,46.6148681640625
IMG_0038.mp4,188,6.2729333333333335,29.97002997002997,3,1,traffic_lights,0.9014418721199036,1567.074951171875,141.28604125976562,1686.7950439453125,352.943603515625,1626.9349975585938,247.1148223876953,119.7200927734375,211.65756225585938
IMG_0038.mp4,189,6.3063,29.97002997002997,4,1,traffic_lights,0.8752437829971313,1702.6004638671875,147.96774291992188,1816.9434814453125,360.1214294433594,1759.77197265625,254.04458618164062,114.343017578125,212.1536865234375
IMG_0038.mp4,189,6.3063,29.97002997002997,9,2,traffic_signs,0.44827789068222046,2556.41748046875,1539.5421142578125,2574.66015625,1572.5987548828125,2565.538818359375,1556.0704345703125,18.24267578125,33.056640625
IMG_0038.mp4,189,6.3063,29.97002997002997,7,2,traffic_signs,0.5623661875724792,2358.401611328125,1565.5343017578125,2371.962158203125,1595.442138671875,2365.181884765625,1580.4882202148438,13.560546875,29.9078369140625
IMG_0038.mp4,189,6.3063,29.97002997002997,1,2,traffic_signs,0.8657211065292358,2445.560302734375,1476.25244140625,2473.05810546875,1549.9451904296875,2459.3092041015625,1513.0988159179688,27.497802734375,73.6927490234375
IMG_0038.mp4,189,6.3063,29.97002997002997,2,2,traffic_signs,0.8696622252464294,2277.09375,1523.9417724609375,2305.105712890625,1579.813720703125,2291.0997314453125,1551.8777465820312,28.011962890625,55.8719482421875
IMG_0038.mp4,189,6.3063,29.97002997002997,6,1,traffic_lights,0.7922397255897522,2288.881591796875,1406.88720703125,2305.875732421875,1453.1495361328125,2297.378662109375,1430.0183715820312,16.994140625,46.2623291015625
IMG_0038.mp4,189,6.3063,29.97002997002997,3,1,traffic_lights,0.8682976365089417,1567.0404052734375,141.70114135742188,1687.4674072265625,352.11138916015625,1627.25390625,246.90626525878906,120.427001953125,210.41024780273438
IMG_0038.mp4,189,6.3063,29.97002997002997,61,2,traffic_signs,0.27309656143188477,2567.301025390625,1500.84130859375,2585.046875,1541.8077392578125,2576.1739501953125,1521.3245239257812,17.745849609375,40.9664306640625
IMG_0038.mp4,190,6.339666666666667,29.97002997002997,4,1,traffic_lights,0.8390863537788391,1701.5960693359375,147.17686462402344,1816.3408203125,360.63336181640625,1758.9684448242188,253.90511322021484,114.7447509765625,213.4564971923828
IMG_0038.mp4,190,6.339666666666667,29.97002997002997,9,2,traffic_signs,0.4541957676410675,2556.92236328125,1540.07666015625,2574.939697265625,1572.7822265625,2565.9310302734375,1556.429443359375,18.017333984375,32.70556640625
IMG_0038.mp4,190,6.339666666666667,29.97002997002997,7,2,traffic_signs,0.4121176600456238,2358.544189453125,1565.67919921875,2372.01513671875,1595.4447021484375,2365.2796630859375,1580.5619506835938,13.470947265625,29.7655029296875
IMG_0038.mp4,190,6.339666666666667,29.97002997002997,1,2,traffic_signs,0.8558741807937622,2445.7841796875,1476.0125732421875,2472.63818359375,1549.7066650390625,2459.211181640625,1512.859619140625,26.85400390625,73.694091796875
IMG_0038.mp4,190,6.339666666666667,29.97002997002997,2,2,traffic_signs,0.8677675127983093,2277.19287109375,1524.087890625,2305.29052734375,1579.9949951171875,2291.24169921875,1552.0414428710938,28.09765625,55.9071044921875
IMG_0038.mp4,190,6.339666666666667,29.97002997002997,6,1,traffic_lights,0.7928289771080017,2289.02685546875,1406.884521484375,2306.04736328125,1453.531005859375,2297.537109375,1430.207763671875,17.0205078125,46.646484375
IMG_0038.mp4,190,6.339666666666667,29.97002997002997,3,1,traffic_lights,0.8041011095046997,1566.879150390625,141.63955688476562,1687.158447265625,351.6083984375,1627.018798828125,246.6239776611328,120.279296875,209.96884155273438
IMG_0038.mp4,190,6.339666666666667,29.97002997002997,69,1,traffic_lights,0.38501036167144775,2203.213134765625,1421.950439453125,2220.728515625,1479.3807373046875,2211.9708251953125,1450.6655883789062,17.515380859375,57.4302978515625
IMG_0038.mp4,191,6.373033333333334,29.97002997002997,4,1,traffic_lights,0.8353500962257385,1702.3262939453125,146.84539794921875,1815.49658203125,359.81414794921875,1758.9114379882812,253.32977294921875,113.1702880859375,212.96875
IMG_0038.mp4,191,6.373033333333334,29.97002997002997,9,2,traffic_signs,0.47591832280158997,2556.728759765625,1540.0333251953125,2574.648681640625,1572.3089599609375,2565.688720703125,1556.171142578125,17.919921875,32.275634765625
IMG_0038.mp4,191,6.373033333333334,29.97002997002997,7,2,traffic_signs,0.41104838252067566,2358.381591796875,1565.600830078125,2371.76806640625,1595.414306640625,2365.0748291015625,1580.507568359375,13.386474609375,29.8134765625
IMG_0038.mp4,191,6.373033333333334,29.97002997002997,1,2,traffic_signs,0.8550283312797546,2445.384033203125,1475.5601806640625,2472.29541015625,1549.4844970703125,2458.8397216796875,1512.5223388671875,26.911376953125,73.92431640625
IMG_0038.mp4,191,6.373033333333334,29.97002997002997,2,2,traffic_signs,0.8670248985290527,2276.952880859375,1523.9100341796875,2305.0595703125,1580.104736328125,2291.0062255859375,1552.0073852539062,28.106689453125,56.1947021484375
IMG_0038.mp4,191,6.373033333333334,29.97002997002997,6,1,traffic_lights,0.8002319931983948,2289.031005859375,1406.6903076171875,2306.04833984375,1453.619873046875,2297.5396728515625,1430.1550903320312,17.017333984375,46.9295654296875
IMG_0038.mp4,191,6.373033333333334,29.97002997002997,3,1,traffic_lights,0.8462206125259399,1566.47705078125,141.22845458984375,1686.1533203125,351.3359069824219,1626.315185546875,246.2821807861328,119.67626953125,210.10745239257812
IMG_0038.mp4,191,6.373033333333334,29.97002997002997,69,1,traffic_lights,0.359162837266922,2202.762451171875,1422.23876953125,2220.35302734375,1479.0645751953125,2211.5577392578125,1450.6516723632812,17.590576171875,56.8258056640625
IMG_0038.mp4,192,6.4064000000000005,29.97002997002997,4,1,traffic_lights,0.8229504227638245,1704.1900634765625,147.9445343017578,1816.1890869140625,360.0697021484375,1760.1895751953125,254.00711822509766,111.9990234375,212.1251678466797
IMG_0038.mp4,192,6.4064000000000005,29.97002997002997,9,2,traffic_signs,0.29345133900642395,2557.24951171875,1540.5869140625,2574.73193359375,1574.0977783203125,2565.99072265625,1557.3423461914062,17.482421875,33.5108642578125
IMG_0038.mp4,192,6.4064000000000005,29.97002997002997,7,2,traffic_signs,0.45419415831565857,2358.708740234375,1565.789794921875,2372.277099609375,1595.8619384765625,2365.492919921875,1580.8258666992188,13.568359375,30.0721435546875
IMG_0038.mp4,192,6.4064000000000005,29.97002997002997,1,2,traffic_signs,0.8535032272338867,2445.8359375,1476.0863037109375,2472.6083984375,1549.6168212890625,2459.22216796875,1512.8515625,26.7724609375,73.530517578125
IMG_0038.mp4,192,6.4064000000000005,29.97002997002997,2,2,traffic_signs,0.8663721680641174,2277.28125,1524.2479248046875,2305.266357421875,1580.404296875,2291.2738037109375,1552.3261108398438,27.985107421875,56.1563720703125
IMG_0038.mp4,192,6.4064000000000005,29.97002997002997,6,1,traffic_lights,0.7964252233505249,2289.279541015625,1406.990966796875,2306.28271484375,1453.7532958984375,2297.7811279296875,1430.3721313476562,17.003173828125,46.7623291015625
IMG_0038.mp4,192,6.4064000000000005,29.97002997002997,3,1,traffic_lights,0.8006230592727661,1566.8367919921875,141.8970489501953,1687.93896484375,351.349609375,1627.3878784179688,246.62332916259766,121.1021728515625,209.4525604248047
IMG_0038.mp4,192,6.4064000000000005,29.97002997002997,69,1,traffic_lights,0.2655666470527649,2203.12353515625,1423.8167724609375,2220.42724609375,1480.665771484375,2211.775390625,1452.2412719726562,17.3037109375,56.8489990234375
IMG_0038.mp4,193,6.439766666666666,29.97002997002997,4,1,traffic_lights,0.725628674030304,1705.156005859375,147.15074157714844,1815.3367919921875,360.1044921875,1760.2463989257812,253.62761688232422,110.1807861328125,212.95375061035156
IMG_0038.mp4,193,6.439766666666666,29.97002997002997,9,2,traffic_signs,0.39559710025787354,2557.384765625,1540.395751953125,2574.817626953125,1573.2283935546875,2566.1011962890625,1556.8120727539062,17.432861328125,32.8326416015625
IMG_0038.mp4,193,6.439766666666666,29.97002997002997,7,2,traffic_signs,0.5201276540756226,2358.733154296875,1565.9794921875,2372.477294921875,1595.7532958984375,2365.605224609375,1580.8663940429688,13.744140625,29.7738037109375
IMG_0038.mp4,193,6.439766666666666,29.97002997002997,1,2,traffic_signs,0.8584249019622803,2445.7607421875,1475.4027099609375,2472.826416015625,1549.368408203125,2459.2935791015625,1512.3855590820312,27.065673828125,73.9656982421875
IMG_0038.mp4,193,6.439766666666666,29.97002997002997,2,2,traffic_signs,0.8695427179336548,2277.523681640625,1524.198974609375,2305.4404296875,1580.1412353515625,2291.4820556640625,1552.1701049804688,27.916748046875,55.9422607421875
IMG_0038.mp4,193,6.439766666666666,29.97002997002997,6,1,traffic_lights,0.8020639419555664,2289.38671875,1406.5205078125,2306.4326171875,1453.201904296875,2297.90966796875,1429.8612060546875,17.0458984375,46.681396484375
IMG_0038.mp4,193,6.439766666666666,29.97002997002997,3,1,traffic_lights,0.8273594975471497,1567.033447265625,141.44346618652344,1687.7099609375,351.46044921875,1627.3717041015625,246.45195770263672,120.676513671875,210.01698303222656
IMG_0038.mp4,194,6.473133333333333,29.97002997002997,4,1,traffic_lights,0.6556493639945984,1703.6378173828125,147.26295471191406,1815.1878662109375,360.48663330078125,1759.412841796875,253.87479400634766,111.550048828125,213.2236785888672
IMG_0038.mp4,194,6.473133333333333,29.97002997002997,9,2,traffic_signs,0.4835304915904999,2557.35400390625,1540.7894287109375,2574.688232421875,1572.5584716796875,2566.0211181640625,1556.6739501953125,17.334228515625,31.76904296875
IMG_0038.mp4,194,6.473133333333333,29.97002997002997,7,2,traffic_signs,0.5953207015991211,2358.546142578125,1566.27978515625,2372.35498046875,1596.0362548828125,2365.4505615234375,1581.1580200195312,13.808837890625,29.7564697265625
IMG_0038.mp4,194,6.473133333333333,29.97002997002997,1,2,traffic_signs,0.8558529615402222,2445.56787109375,1475.8912353515625,2472.888916015625,1549.3895263671875,2459.2283935546875,1512.640380859375,27.321044921875,73.498291015625
IMG_0038.mp4,194,6.473133333333333,29.97002997002997,2,2,traffic_signs,0.8720048069953918,2277.495849609375,1524.5853271484375,2305.37890625,1580.4371337890625,2291.4373779296875,1552.51123046875,27.883056640625,55.851806640625
IMG_0038.mp4,194,6.473133333333333,29.97002997002997,6,1,traffic_lights,0.7944079041481018,2289.54638671875,1406.70068359375,2306.529296875,1453.2545166015625,2298.037841796875,1429.9776000976562,16.98291015625,46.5538330078125
IMG_0038.mp4,194,6.473133333333333,29.97002997002997,3,1,traffic_lights,0.8704855442047119,1567.359619140625,141.28311157226562,1687.6776123046875,351.4033508300781,1627.5186157226562,246.34323120117188,120.3179931640625,210.1202392578125
IMG_0038.mp4,194,6.473133333333333,29.97002997002997,5,1,traffic_lights,0.792101263999939,1123.4295654296875,1420.878173828125,1169.189697265625,1467.68212890625,1146.3096313476562,1444.2801513671875,45.7601318359375,46.803955078125
IMG_0038.mp4,195,6.5065,29.97002997002997,4,1,traffic_lights,0.30479833483695984,1701.9478759765625,147.08950805664062,1814.452880859375,360.4093933105469,1758.2003784179688,253.74945068359375,112.5050048828125,213.31988525390625
IMG_0038.mp4,195,6.5065,29.97002997002997,9,2,traffic_signs,0.41512632369995117,2556.5283203125,1540.9715576171875,2574.609619140625,1573.615966796875,2565.5689697265625,1557.2937622070312,18.081298828125,32.6444091796875
IMG_0038.mp4,195,6.5065,29.97002997002997,7,2,traffic_signs,0.5916868448257446,2357.782958984375,1566.2802734375,2372.0908203125,1595.9061279296875,2364.9368896484375,1581.0932006835938,14.307861328125,29.6258544921875
IMG_0038.mp4,195,6.5065,29.97002997002997,1,2,traffic_signs,0.8602206110954285,2444.85400390625,1476.0714111328125,2472.5869140625,1549.519287109375,2458.720458984375,1512.7953491210938,27.73291015625,73.4478759765625
IMG_0038.mp4,195,6.5065,29.97002997002997,2,2,traffic_signs,0.872013509273529,2277.0830078125,1524.22705078125,2305.524658203125,1580.54345703125,2291.3038330078125,1552.38525390625,28.441650390625,56.31640625
IMG_0038.mp4,195,6.5065,29.97002997002997,6,1,traffic_lights,0.7684558629989624,2289.384765625,1406.72509765625,2306.29443359375,1453.297607421875,2297.839599609375,1430.0113525390625,16.90966796875,46.572509765625
IMG_0038.mp4,196,6.539866666666667,29.97002997002997,9,2,traffic_signs,0.390632688999176,2556.76708984375,1541.141357421875,2575.736328125,1573.8182373046875,2566.251708984375,1557.4797973632812,18.96923828125,32.6768798828125
IMG_0038.mp4,196,6.539866666666667,29.97002997002997,7,2,traffic_signs,0.343490332365036,2357.63818359375,1566.043701171875,2372.6181640625,1596.52734375,2365.128173828125,1581.2855224609375,14.97998046875,30.483642578125
IMG_0038.mp4,196,6.539866666666667,29.97002997002997,1,2,traffic_signs,0.8471527099609375,2444.957275390625,1476.713134765625,2473.12255859375,1551.2545166015625,2459.0399169921875,1513.9838256835938,28.165283203125,74.5413818359375
IMG_0038.mp4,196,6.539866666666667,29.97002997002997,2,2,traffic_signs,0.853419303894043,2277.01611328125,1525.03564453125,2306.2236328125,1581.2698974609375,2291.619873046875,1553.1527709960938,29.20751953125,56.2342529296875
IMG_0038.mp4,196,6.539866666666667,29.97002997002997,6,1,traffic_lights,0.7959672212600708,2289.44677734375,1406.6954345703125,2307.11328125,1453.6263427734375,2298.280029296875,1430.160888671875,17.66650390625,46.930908203125
IMG_0038.mp4,196,6.539866666666667,29.97002997002997,60,2,traffic_signs,0.5052928924560547,709.1583251953125,1522.8258056640625,740.2969360351562,1555.429443359375,724.7276306152344,1539.1276245117188,31.13861083984375,32.6036376953125
IMG_0038.mp4,196,6.539866666666667,29.97002997002997,3,1,traffic_lights,0.8406237363815308,1566.965576171875,140.13084411621094,1686.4190673828125,351.7021789550781,1626.6923217773438,245.91651153564453,119.4534912109375,211.5713348388672
IMG_0038.mp4,196,6.539866666666667,29.97002997002997,5,1,traffic_lights,0.4035792648792267,1124.000732421875,1424.310791015625,1160.057861328125,1470.1593017578125,1142.029296875,1447.2350463867188,36.05712890625,45.8485107421875
IMG_0038.mp4,197,6.5732333333333335,29.97002997002997,9,2,traffic_signs,0.3067488670349121,2557.06396484375,1541.2322998046875,2575.250732421875,1573.085205078125,2566.1573486328125,1557.1587524414062,18.186767578125,31.8529052734375
IMG_0038.mp4,197,6.5732333333333335,29.97002997002997,7,2,traffic_signs,0.5545490980148315,2358.180908203125,1566.0504150390625,2371.9267578125,1596.227294921875,2365.0538330078125,1581.1388549804688,13.745849609375,30.1768798828125
IMG_0038.mp4,197,6.5732333333333335,29.97002997002997,1,2,traffic_signs,0.8580666780471802,2445.10791015625,1476.0128173828125,2473.010986328125,1550.305908203125,2459.0594482421875,1513.1593627929688,27.903076171875,74.2930908203125
IMG_0038.mp4,197,6.5732333333333335,29.97002997002997,2,2,traffic_signs,0.8671663403511047,2277.60986328125,1525.02294921875,2305.206298828125,1580.3408203125,2291.4080810546875,1552.681884765625,27.596435546875,55.31787109375
IMG_0038.mp4,197,6.5732333333333335,29.97002997002997,60,2,traffic_signs,0.3351258933544159,708.759765625,1522.5421142578125,740.1286010742188,1555.65380859375,724.4441833496094,1539.0979614257812,31.36883544921875,33.1116943359375
IMG_0038.mp4,197,6.5732333333333335,29.97002997002997,3,1,traffic_lights,0.767249584197998,1566.75927734375,140.90029907226562,1687.568359375,352.141845703125,1627.163818359375,246.5210723876953,120.80908203125,211.24154663085938
IMG_0038.mp4,197,6.5732333333333335,29.97002997002997,5,1,traffic_lights,0.6862109303474426,1124.0313720703125,1424.4033203125,1157.839599609375,1469.784423828125,1140.9354858398438,1447.0938720703125,33.8082275390625,45.381103515625
IMG_0038.mp4,197,6.5732333333333335,29.97002997002997,4,1,traffic_lights,0.8454781770706177,1703.281494140625,146.70394897460938,1815.418701171875,359.62298583984375,1759.35009765625,253.16346740722656,112.13720703125,212.91903686523438
IMG_0038.mp4,198,6.6066,29.97002997002997,7,2,traffic_signs,0.6089815497398376,2358.744384765625,1565.829833984375,2372.15234375,1596.792236328125,2365.4483642578125,1581.31103515625,13.407958984375,30.96240234375
IMG_0038.mp4,198,6.6066,29.97002997002997,2,2,traffic_signs,0.8673763275146484,2277.929443359375,1525.3148193359375,2305.602783203125,1580.977294921875,2291.76611328125,1553.1460571289062,27.67333984375,55.6624755859375
IMG_0038.mp4,198,6.6066,29.97002997002997,60,2,traffic_signs,0.41906431317329407,708.5628051757812,1522.865478515625,740.6071166992188,1556.603515625,724.5849609375,1539.7344970703125,32.0443115234375,33.738037109375
IMG_0038.mp4,198,6.6066,29.97002997002997,3,1,traffic_lights,0.6891266703605652,1567.4072265625,141.97032165527344,1687.9847412109375,352.4827575683594,1627.6959838867188,247.2265396118164,120.5775146484375,210.51243591308594
IMG_0038.mp4,198,6.6066,29.97002997002997,5,1,traffic_lights,0.6950355172157288,1124.2734375,1424.5595703125,1157.27685546875,1470.536376953125,1140.775146484375,1447.5479736328125,33.00341796875,45.976806640625
IMG_0038.mp4,198,6.6066,29.97002997002997,4,1,traffic_lights,0.8569462895393372,1703.633056640625,148.04556274414062,1816.38818359375,359.795654296875,1760.0106201171875,253.9206085205078,112.755126953125,211.75009155273438
IMG_0038.mp4,198,6.6066,29.97002997002997,6,1,traffic_lights,0.8062999248504639,2289.985595703125,1407.3330078125,2307.295654296875,1453.7191162109375,2298.640625,1430.5260620117188,17.31005859375,46.3861083984375
IMG_0038.mp4,199,6.639966666666667,29.97002997002997,7,2,traffic_signs,0.44840171933174133,2358.90869140625,1565.5518798828125,2372.419189453125,1596.146484375,2365.6639404296875,1580.8491821289062,13.510498046875,30.5946044921875
IMG_0038.mp4,199,6.639966666666667,29.97002997002997,2,2,traffic_signs,0.8676074147224426,2277.870849609375,1524.587890625,2305.33935546875,1580.7213134765625,2291.6051025390625,1552.6546020507812,27.468505859375,56.1334228515625
IMG_0038.mp4,199,6.639966666666667,29.97002997002997,3,1,traffic_lights,0.6255671977996826,1567.3497314453125,142.1495361328125,1687.4041748046875,353.6728210449219,1627.376953125,247.9111785888672,120.054443359375,211.52328491210938
IMG_0038.mp4,199,6.639966666666667,29.97002997002997,5,1,traffic_lights,0.698451578617096,1124.474853515625,1424.0850830078125,1156.9622802734375,1469.7265625,1140.7185668945312,1446.9058227539062,32.4874267578125,45.6414794921875
IMG_0038.mp4,199,6.639966666666667,29.97002997002997,4,1,traffic_lights,0.6580032110214233,1705.0491943359375,147.75115966796875,1815.3857421875,360.6140441894531,1760.2174682617188,254.18260192871094,110.3365478515625,212.86288452148438
IMG_0038.mp4,199,6.639966666666667,29.97002997002997,6,1,traffic_lights,0.8097778558731079,2289.876708984375,1407.1314697265625,2306.5615234375,1453.91796875,2298.2191162109375,1430.5247192382812,16.684814453125,46.7864990234375
IMG_0038.mp4,199,6.639966666666667,29.97002997002997,9,2,traffic_signs,0.5124052166938782,2556.753662109375,1540.05126953125,2575.330078125,1574.4306640625,2566.0418701171875,1557.240966796875,18.576416015625,34.37939453125
IMG_0038.mp4,199,6.639966666666667,29.97002997002997,1,2,traffic_signs,0.8454950451850891,2446.677490234375,1476.5345458984375,2472.801513671875,1550.64990234375,2459.739501953125,1513.5922241210938,26.1240234375,74.1153564453125
IMG_0038.mp4,200,6.673333333333334,29.97002997002997,7,2,traffic_signs,0.4087311625480652,2358.65234375,1565.8995361328125,2372.348388671875,1596.4376220703125,2365.5003662109375,1581.1685791015625,13.696044921875,30.5380859375
IMG_0038.mp4,200,6.673333333333334,29.97002997002997,2,2,traffic_signs,0.8697119951248169,2277.6630859375,1524.3131103515625,2305.252685546875,1581.2357177734375,2291.4578857421875,1552.7744140625,27.589599609375,56.922607421875
IMG_0038.mp4,200,6.673333333333334,29.97002997002997,3,1,traffic_lights,0.6790369749069214,1567.0889892578125,142.3756866455078,1686.675537109375,354.4323425292969,1626.8822631835938,248.40401458740234,119.5865478515625,212.05665588378906
IMG_0038.mp4,200,6.673333333333334,29.97002997002997,5,1,traffic_lights,0.6024595499038696,1123.8848876953125,1424.5235595703125,1156.4403076171875,1469.5426025390625,1140.16259765625,1447.0330810546875,32.555419921875,45.01904296875
IMG_0038.mp4,200,6.673333333333334,29.97002997002997,4,1,traffic_lights,0.6854405403137207,1705.1148681640625,147.77989196777344,1814.9627685546875,361.53375244140625,1760.038818359375,254.65682220458984,109.847900390625,213.7538604736328
IMG_0038.mp4,200,6.673333333333334,29.97002997002997,6,1,traffic_lights,0.7898181676864624,2289.90185546875,1407.4111328125,2306.25244140625,1453.8284912109375,2298.0771484375,1430.6198120117188,16.3505859375,46.4173583984375
IMG_0038.mp4,200,6.673333333333334,29.97002997002997,1,2,traffic_signs,0.8540292382240295,2446.54296875,1476.8271484375,2472.904296875,1550.86962890625,2459.7236328125,1513.848388671875,26.361328125,74.04248046875
IMG_0038.mp4,200,6.673333333333334,29.97002997002997,61,2,traffic_signs,0.3196467161178589,2568.752197265625,1500.0762939453125,2585.6552734375,1542.6192626953125,2577.2037353515625,1521.3477783203125,16.903076171875,42.54296875
IMG_0038.mp4,201,6.7067000000000005,29.97002997002997,7,2,traffic_signs,0.5222057700157166,2358.46630859375,1565.6798095703125,2372.136474609375,1596.2144775390625,2365.3013916015625,1580.9471435546875,13.670166015625,30.53466796875
IMG_0038.mp4,201,6.7067000000000005,29.97002997002997,2,2,traffic_signs,0.8673792481422424,2277.473876953125,1524.1600341796875,2305.289794921875,1581.0902099609375,2291.3818359375,1552.6251220703125,27.81591796875,56.93017578125
IMG_0038.mp4,201,6.7067000000000005,29.97002997002997,3,1,traffic_lights,0.6951379776000977,1567.10986328125,142.55828857421875,1687.31640625,354.0997314453125,1627.213134765625,248.32901000976562,120.20654296875,211.54144287109375
IMG_0038.mp4,201,6.7067000000000005,29.97002997002997,5,1,traffic_lights,0.3989163041114807,1124.078857421875,1424.2607421875,1156.7906494140625,1468.86279296875,1140.4347534179688,1446.561767578125,32.7117919921875,44.60205078125
IMG_0038.mp4,201,6.7067000000000005,29.97002997002997,4,1,traffic_lights,0.717853307723999,1703.70361328125,148.1754913330078,1815.56982421875,361.12322998046875,1759.63671875,254.64936065673828,111.8662109375,212.94773864746094
IMG_0038.mp4,201,6.7067000000000005,29.97002997002997,6,1,traffic_lights,0.7846548557281494,2290.06640625,1407.138671875,2306.138916015625,1453.4107666015625,2298.1026611328125,1430.2747192382812,16.072509765625,46.2720947265625
IMG_0038.mp4,201,6.7067000000000005,29.97002997002997,1,2,traffic_signs,0.8592608571052551,2446.4443359375,1476.8892822265625,2473.166748046875,1550.713623046875,2459.8055419921875,1513.8014526367188,26.722412109375,73.8243408203125
IMG_0038.mp4,201,6.7067000000000005,29.97002997002997,61,2,traffic_signs,0.4094805121421814,2568.916748046875,1499.9888916015625,2585.88525390625,1542.0897216796875,2577.4010009765625,1521.039306640625,16.968505859375,42.100830078125
IMG_0038.mp4,201,6.7067000000000005,29.97002997002997,9,2,traffic_signs,0.30464741587638855,2557.015869140625,1541.0443115234375,2574.6416015625,1574.6231689453125,2565.8287353515625,1557.833740234375,17.625732421875,33.578857421875
IMG_0038.mp4,202,6.740066666666666,29.97002997002997,7,2,traffic_signs,0.5050361752510071,2358.172607421875,1565.8218994140625,2372.007080078125,1595.998779296875,2365.08984375,1580.9103393554688,13.83447265625,30.1768798828125
IMG_0038.mp4,202,6.740066666666666,29.97002997002997,2,2,traffic_signs,0.8609405755996704,2277.467529296875,1524.3094482421875,2305.51513671875,1580.7764892578125,2291.4913330078125,1552.54296875,28.047607421875,56.467041015625
IMG_0038.mp4,202,6.740066666666666,29.97002997002997,3,1,traffic_lights,0.7627017498016357,1567.2584228515625,143.1544952392578,1687.851318359375,355.2763671875,1627.5548706054688,249.2154312133789,120.5928955078125,212.1218719482422
IMG_0038.mp4,202,6.740066666666666,29.97002997002997,4,1,traffic_lights,0.5575377941131592,1703.392822265625,147.98562622070312,1815.3477783203125,362.7275695800781,1759.3703002929688,255.35659790039062,111.9549560546875,214.741943359375
IMG_0038.mp4,202,6.740066666666666,29.97002997002997,6,1,traffic_lights,0.789302408695221,2290.101318359375,1406.8023681640625,2306.232421875,1452.913330078125,2298.1668701171875,1429.8578491210938,16.131103515625,46.1109619140625
IMG_0038.mp4,202,6.740066666666666,29.97002997002997,1,2,traffic_signs,0.8569009900093079,2446.108154296875,1476.9869384765625,2473.21142578125,1550.48095703125,2459.6597900390625,1513.7339477539062,27.103271484375,73.4940185546875
IMG_0038.mp4,202,6.740066666666666,29.97002997002997,9,2,traffic_signs,0.4136553704738617,2556.93017578125,1540.914306640625,2574.69287109375,1573.92431640625,2565.8115234375,1557.4193115234375,17.7626953125,33.010009765625
IMG_0038.mp4,203,6.773433333333333,29.97002997002997,7,2,traffic_signs,0.4658425748348236,2357.95361328125,1565.9774169921875,2372.02197265625,1595.6732177734375,2364.98779296875,1580.8253173828125,14.068359375,29.69580078125
IMG_0038.mp4,203,6.773433333333333,29.97002997002997,2,2,traffic_signs,0.8700554370880127,2276.812255859375,1523.708984375,2305.48291015625,1580.4031982421875,2291.1475830078125,1552.0560913085938,28.670654296875,56.6942138671875
IMG_0038.mp4,203,6.773433333333333,29.97002997002997,3,1,traffic_lights,0.6417593955993652,1564.975341796875,143.95242309570312,1771.2069091796875,356.8261413574219,1668.0911254882812,250.3892822265625,206.2315673828125,212.87371826171875
IMG_0038.mp4,203,6.773433333333333,29.97002997002997,6,1,traffic_lights,0.7534675598144531,2289.464111328125,1406.7373046875,2306.178466796875,1452.6607666015625,2297.8212890625,1429.6990356445312,16.71435546875,45.9234619140625
IMG_0038.mp4,203,6.773433333333333,29.97002997002997,1,2,traffic_signs,0.8584694266319275,2445.70361328125,1476.4892578125,2473.08056640625,1549.997314453125,2459.39208984375,1513.2432861328125,27.376953125,73.508056640625
IMG_0038.mp4,203,6.773433333333333,29.97002997002997,9,2,traffic_signs,0.3383132219314575,2556.558349609375,1539.91650390625,2574.586181640625,1573.1885986328125,2565.572265625,1556.5525512695312,18.02783203125,33.2720947265625
IMG_0038.mp4,204,6.8068,29.97002997002997,2,2,traffic_signs,0.8718665242195129,2276.131103515625,1523.5860595703125,2305.556640625,1580.669677734375,2290.8438720703125,1552.1278686523438,29.425537109375,57.0836181640625
IMG_0038.mp4,204,6.8068,29.97002997002997,6,1,traffic_lights,0.7584236264228821,2289.107177734375,1406.748779296875,2306.243896484375,1452.2821044921875,2297.675537109375,1429.5154418945312,17.13671875,45.5333251953125
IMG_0038.mp4,204,6.8068,29.97002997002997,1,2,traffic_signs,0.854115903377533,2444.884765625,1476.1668701171875,2472.87939453125,1550.0982666015625,2458.882080078125,1513.132568359375,27.99462890625,73.931396484375
IMG_0038.mp4,204,6.8068,29.97002997002997,9,2,traffic_signs,0.2881118357181549,2556.19873046875,1539.97021484375,2575.111572265625,1573.9305419921875,2565.6551513671875,1556.9503784179688,18.912841796875,33.9603271484375
IMG_0038.mp4,204,6.8068,29.97002997002997,4,1,traffic_lights,0.8781782388687134,1697.868408203125,148.5997772216797,1817.1953125,362.8880615234375,1757.5318603515625,255.7439193725586,119.326904296875,214.2882843017578
IMG_0038.mp4,205,6.840166666666667,29.97002997002997,60,2,traffic_signs,0.3128761947154999,709.747314453125,1523.849609375,742.5286865234375,1556.05908203125,726.1380004882812,1539.954345703125,32.7813720703125,32.20947265625
IMG_0038.mp4,205,6.840166666666667,29.97002997002997,5,1,traffic_lights,0.6217111349105835,1122.134521484375,1421.624267578125,1163.17822265625,1467.49267578125,1142.6563720703125,1444.5584716796875,41.043701171875,45.868408203125
IMG_0038.mp4,206,6.8735333333333335,29.97002997002997,7,2,traffic_signs,0.2842775881290436,2358.880859375,1565.97021484375,2372.781005859375,1595.2623291015625,2365.8309326171875,1580.6162719726562,13.900146484375,29.2921142578125
IMG_0038.mp4,206,6.8735333333333335,29.97002997002997,2,2,traffic_signs,0.8523817658424377,2276.5859375,1523.1695556640625,2304.37646484375,1578.9403076171875,2290.481201171875,1551.054931640625,27.79052734375,55.770751953125
IMG_0038.mp4,206,6.8735333333333335,29.97002997002997,6,1,traffic_lights,0.763282060623169,2289.44873046875,1405.6610107421875,2306.93994140625,1452.148193359375,2298.1943359375,1428.9046020507812,17.4912109375,46.4871826171875
IMG_0038.mp4,206,6.8735333333333335,29.97002997002997,1,2,traffic_signs,0.8347055315971375,2445.419921875,1475.7464599609375,2472.556396484375,1550.2174072265625,2458.9881591796875,1512.98193359375,27.136474609375,74.470947265625
IMG_0038.mp4,206,6.8735333333333335,29.97002997002997,4,1,traffic_lights,0.4971279203891754,1700.4798583984375,148.5209503173828,1816.0799560546875,364.387939453125,1758.2799072265625,256.4544448852539,115.60009765625,215.8669891357422
IMG_0038.mp4,207,6.9069,29.97002997002997,7,2,traffic_signs,0.49456024169921875,2358.376220703125,1564.7841796875,2372.579345703125,1594.1773681640625,2365.477783203125,1579.4807739257812,14.203125,29.3931884765625
IMG_0038.mp4,207,6.9069,29.97002997002997,2,2,traffic_signs,0.8651241660118103,2277.015380859375,1522.962646484375,2305.05712890625,1579.157470703125,2291.0362548828125,1551.06005859375,28.041748046875,56.19482421875
IMG_0038.mp4,207,6.9069,29.97002997002997,6,1,traffic_lights,0.7565314769744873,2289.702880859375,1405.93359375,2306.6005859375,1451.790283203125,2298.1517333984375,1428.8619384765625,16.897705078125,45.856689453125
IMG_0038.mp4,207,6.9069,29.97002997002997,1,2,traffic_signs,0.8596121668815613,2445.18115234375,1476.1859130859375,2472.91552734375,1549.7916259765625,2459.04833984375,1512.98876953125,27.734375,73.605712890625
IMG_0038.mp4,207,6.9069,29.97002997002997,4,1,traffic_lights,0.6651198267936707,1700.08349609375,148.3643341064453,1816.2406005859375,364.6895751953125,1758.1620483398438,256.5269546508789,116.1571044921875,216.3252410888672
IMG_0038.mp4,208,6.940266666666667,29.97002997002997,7,2,traffic_signs,0.5809191465377808,2357.83642578125,1564.1568603515625,2372.147216796875,1594.274169921875,2364.9918212890625,1579.2155151367188,14.310791015625,30.1173095703125
IMG_0038.mp4,208,6.940266666666667,29.97002997002997,2,2,traffic_signs,0.8524185419082642,2276.873291015625,1523.0069580078125,2304.7861328125,1579.271484375,2290.8297119140625,1551.1392211914062,27.912841796875,56.2645263671875
IMG_0038.mp4,208,6.940266666666667,29.97002997002997,6,1,traffic_lights,0.7404323220252991,2289.3046875,1406.1629638671875,2306.16845703125,1451.884033203125,2297.736572265625,1429.0234985351562,16.86376953125,45.7210693359375
IMG_0038.mp4,208,6.940266666666667,29.97002997002997,1,2,traffic_signs,0.8567422032356262,2444.835693359375,1476.303466796875,2472.44580078125,1549.642333984375,2458.6407470703125,1512.972900390625,27.610107421875,73.3388671875
IMG_0038.mp4,208,6.940266666666667,29.97002997002997,4,1,traffic_lights,0.43777236342430115,1703.126953125,148.20960998535156,1815.4326171875,365.1453857421875,1759.27978515625,256.67749786376953,112.3056640625,216.93577575683594
IMG_0038.mp4,208,6.940266666666667,29.97002997002997,5,1,traffic_lights,0.4059293270111084,1124.6375732421875,1421.369140625,1157.1351318359375,1464.672119140625,1140.8863525390625,1443.0206298828125,32.49755859375,43.302978515625
IMG_0038.mp4,209,6.973633333333334,29.97002997002997,7,2,traffic_signs,0.5752792954444885,2357.441650390625,1564.409912109375,2371.857421875,1594.4344482421875,2364.6495361328125,1579.4221801757812,14.415771484375,30.0245361328125
IMG_0038.mp4,209,6.973633333333334,29.97002997002997,2,2,traffic_signs,0.8500514030456543,2276.6923828125,1523.272216796875,2304.484375,1579.382080078125,2290.58837890625,1551.3271484375,27.7919921875,56.10986328125
IMG_0038.mp4,209,6.973633333333334,29.97002997002997,6,1,traffic_lights,0.7418203353881836,2288.733642578125,1406.3486328125,2305.8671875,1452.104248046875,2297.3004150390625,1429.2264404296875,17.133544921875,45.755615234375
IMG_0038.mp4,209,6.973633333333334,29.97002997002997,1,2,traffic_signs,0.859663188457489,2444.557861328125,1476.5675048828125,2472.13427734375,1549.515869140625,2458.3460693359375,1513.0416870117188,27.576416015625,72.9483642578125
IMG_0038.mp4,209,6.973633333333334,29.97002997002997,4,1,traffic_lights,0.3731565475463867,1704.3154296875,148.31512451171875,1815.1861572265625,365.43011474609375,1759.7507934570312,256.87261962890625,110.8707275390625,217.114990234375
IMG_0038.mp4,209,6.973633333333334,29.97002997002997,5,1,traffic_lights,0.4266068637371063,1124.903564453125,1421.4989013671875,1154.974609375,1463.8568115234375,1139.9390869140625,1442.6778564453125,30.071044921875,42.35791015625
IMG_0038.mp4,209,6.973633333333334,29.97002997002997,9,2,traffic_signs,0.4041822850704193,2552.413330078125,1541.0391845703125,2570.691650390625,1571.8831787109375,2561.552490234375,1556.461181640625,18.2783203125,30.843994140625
IMG_0038.mp4,210,7.007000000000001,29.97002997002997,7,2,traffic_signs,0.6068710088729858,2357.23046875,1564.4202880859375,2371.8154296875,1594.5623779296875,2364.52294921875,1579.4913330078125,14.5849609375,30.14208984375
IMG_0038.mp4,210,7.007000000000001,29.97002997002997,2,2,traffic_signs,0.8532900214195251,2276.5078125,1523.419189453125,2304.16650390625,1579.2286376953125,2290.337158203125,1551.3239135742188,27.65869140625,55.8094482421875
IMG_0038.mp4,210,7.007000000000001,29.97002997002997,6,1,traffic_lights,0.7539821863174438,2288.772216796875,1406.4522705078125,2305.78955078125,1452.0631103515625,2297.2808837890625,1429.2576904296875,17.017333984375,45.61083984375
IMG_0038.mp4,210,7.007000000000001,29.97002997002997,1,2,traffic_signs,0.8582537174224854,2444.754638671875,1476.8743896484375,2472.1064453125,1549.664794921875,2458.4305419921875,1513.2695922851562,27.351806640625,72.7904052734375
IMG_0038.mp4,210,7.007000000000001,29.97002997002997,4,1,traffic_lights,0.6553476452827454,1703.336669921875,148.40756225585938,1815.46240234375,365.5008544921875,1759.3995361328125,256.95420837402344,112.125732421875,217.09329223632812
IMG_0038.mp4,210,7.007000000000001,29.97002997002997,5,1,traffic_lights,0.5336388349533081,1124.705322265625,1421.5611572265625,1154.8677978515625,1464.017578125,1139.7865600585938,1442.7893676757812,30.1624755859375,42.4564208984375
IMG_0038.mp4,210,7.007000000000001,29.97002997002997,9,2,traffic_signs,0.4499377906322479,2550.59130859375,1540.2181396484375,2569.525146484375,1571.6986083984375,2560.0582275390625,1555.9583740234375,18.933837890625,31.48046875
IMG_0038.mp4,211,7.040366666666666,29.97002997002997,7,2,traffic_signs,0.6136775612831116,2357.1826171875,1564.3978271484375,2371.837158203125,1594.4478759765625,2364.5098876953125,1579.4228515625,14.654541015625,30.050048828125
IMG_0038.mp4,211,7.040366666666666,29.97002997002997,2,2,traffic_signs,0.8557660579681396,2276.34912109375,1523.599853515625,2304.2353515625,1579.1932373046875,2290.292236328125,1551.3965454101562,27.88623046875,55.5933837890625
IMG_0038.mp4,211,7.040366666666666,29.97002997002997,6,1,traffic_lights,0.7610043287277222,2288.798583984375,1406.581787109375,2305.882568359375,1451.879638671875,2297.340576171875,1429.230712890625,17.083984375,45.2978515625
IMG_0038.mp4,211,7.040366666666666,29.97002997002997,1,2,traffic_signs,0.8616898059844971,2444.622314453125,1476.7559814453125,2472.099853515625,1549.44873046875,2458.361083984375,1513.1023559570312,27.4775390625,72.6927490234375
IMG_0038.mp4,211,7.040366666666666,29.97002997002997,4,1,traffic_lights,0.3204796612262726,1704.7774658203125,147.97824096679688,1814.7501220703125,365.3741760253906,1759.7637939453125,256.67620849609375,109.97265625,217.39593505859375
IMG_0038.mp4,211,7.040366666666666,29.97002997002997,5,1,traffic_lights,0.5068085789680481,1124.8133544921875,1421.7008056640625,1155.4044189453125,1464.626953125,1140.10888671875,1443.1638793945312,30.591064453125,42.9261474609375
IMG_0038.mp4,211,7.040366666666666,29.97002997002997,9,2,traffic_signs,0.47208666801452637,2550.804931640625,1541.1376953125,2569.760498046875,1571.5897216796875,2560.28271484375,1556.3637084960938,18.95556640625,30.4520263671875
IMG_0038.mp4,212,7.073733333333333,29.97002997002997,7,2,traffic_signs,0.6173610687255859,2357.275390625,1564.1064453125,2372.153076171875,1594.348388671875,2364.7142333984375,1579.2274169921875,14.877685546875,30.241943359375
IMG_0038.mp4,212,7.073733333333333,29.97002997002997,2,2,traffic_signs,0.8558343052864075,2276.54638671875,1523.664794921875,2304.18408203125,1579.122802734375,2290.365234375,1551.393798828125,27.6376953125,55.4580078125
IMG_0038.mp4,212,7.073733333333333,29.97002997002997,6,1,traffic_lights,0.7660741209983826,2288.67822265625,1406.5535888671875,2305.719970703125,1451.5472412109375,2297.1990966796875,1429.0504150390625,17.041748046875,44.99365234375
IMG_0038.mp4,212,7.073733333333333,29.97002997002997,1,2,traffic_signs,0.8605787754058838,2444.608154296875,1476.770751953125,2472.16064453125,1549.45361328125,2458.3843994140625,1513.1121826171875,27.552490234375,72.682861328125
IMG_0038.mp4,212,7.073733333333333,29.97002997002997,4,1,traffic_lights,0.3911544680595398,1706.8848876953125,148.35963439941406,1815.0084228515625,365.1755676269531,1760.9466552734375,256.7676010131836,108.12353515625,216.81593322753906
IMG_0038.mp4,212,7.073733333333333,29.97002997002997,5,1,traffic_lights,0.2895435094833374,1125.41357421875,1421.676513671875,1155.8319091796875,1464.6824951171875,1140.6227416992188,1443.1795043945312,30.4183349609375,43.0059814453125
IMG_0038.mp4,212,7.073733333333333,29.97002997002997,9,2,traffic_signs,0.46465009450912476,2550.55908203125,1540.43701171875,2569.284912109375,1571.20361328125,2559.9219970703125,1555.8203125,18.725830078125,30.7666015625
IMG_0038.mp4,212,7.073733333333333,29.97002997002997,76,1,traffic_lights,0.4292834401130676,2725.474365234375,1130.1143798828125,2923.720947265625,1292.4998779296875,2824.59765625,1211.30712890625,198.24658203125,162.385498046875
IMG_0038.mp4,213,7.1071,29.97002997002997,7,2,traffic_signs,0.6327069401741028,2357.26708984375,1564.5230712890625,2371.79052734375,1594.4073486328125,2364.52880859375,1579.4652099609375,14.5234375,29.88427734375
IMG_0038.mp4,213,7.1071,29.97002997002997,2,2,traffic_signs,0.8553122878074646,2276.406494140625,1523.6527099609375,2304.002685546875,1578.8341064453125,2290.20458984375,1551.243408203125,27.59619140625,55.181396484375
IMG_0038.mp4,213,7.1071,29.97002997002997,6,1,traffic_lights,0.7631736397743225,2288.319580078125,1406.7220458984375,2305.14794921875,1451.302001953125,2296.7337646484375,1429.0120239257812,16.828369140625,44.5799560546875
IMG_0038.mp4,213,7.1071,29.97002997002997,1,2,traffic_signs,0.8630379438400269,2444.479248046875,1476.8507080078125,2471.96533203125,1549.2259521484375,2458.2222900390625,1513.038330078125,27.486083984375,72.375244140625
IMG_0038.mp4,213,7.1071,29.97002997002997,4,1,traffic_lights,0.8135958909988403,1705.85302734375,148.26617431640625,1815.2962646484375,364.85107421875,1760.5746459960938,256.5586242675781,109.4432373046875,216.58489990234375
IMG_0038.mp4,213,7.1071,29.97002997002997,9,2,traffic_signs,0.4410077631473541,2549.80419921875,1539.5897216796875,2569.2333984375,1571.1697998046875,2559.518798828125,1555.3797607421875,19.42919921875,31.580078125
IMG_0038.mp4,214,7.140466666666667,29.97002997002997,7,2,traffic_signs,0.6269571781158447,2357.250732421875,1564.3055419921875,2371.727783203125,1594.1951904296875,2364.4892578125,1579.2503662109375,14.47705078125,29.8896484375
IMG_0038.mp4,214,7.140466666666667,29.97002997002997,2,2,traffic_signs,0.8492775559425354,2276.397705078125,1523.6929931640625,2303.87158203125,1579.21142578125,2290.1346435546875,1551.4522094726562,27.473876953125,55.5184326171875
IMG_0038.mp4,214,7.140466666666667,29.97002997002997,6,1,traffic_lights,0.7542141675949097,2288.167724609375,1406.8226318359375,2305.12548828125,1451.23388671875,2296.6466064453125,1429.0282592773438,16.957763671875,44.4112548828125
IMG_0038.mp4,214,7.140466666666667,29.97002997002997,1,2,traffic_signs,0.8650257587432861,2444.41748046875,1476.827392578125,2472.03271484375,1549.4830322265625,2458.22509765625,1513.1552124023438,27.615234375,72.6556396484375
IMG_0038.mp4,214,7.140466666666667,29.97002997002997,4,1,traffic_lights,0.3818395137786865,1704.684326171875,147.75645446777344,1814.504638671875,364.6807861328125,1759.594482421875,256.21862030029297,109.8203125,216.92433166503906
IMG_0038.mp4,214,7.140466666666667,29.97002997002997,9,2,traffic_signs,0.49838659167289734,2549.236328125,1538.482421875,2568.578125,1570.4560546875,2558.9072265625,1554.46923828125,19.341796875,31.9736328125
IMG_0038.mp4,215,7.1738333333333335,29.97002997002997,7,2,traffic_signs,0.600448489189148,2357.57666015625,1564.767822265625,2372.31591796875,1594.1209716796875,2364.9462890625,1579.4443969726562,14.7392578125,29.3531494140625
IMG_0038.mp4,215,7.1738333333333335,29.97002997002997,2,2,traffic_signs,0.8460966944694519,2276.730712890625,1523.8021240234375,2304.322021484375,1579.4241943359375,2290.5263671875,1551.6131591796875,27.59130859375,55.6220703125
IMG_0038.mp4,215,7.1738333333333335,29.97002997002997,6,1,traffic_lights,0.7536035180091858,2288.7099609375,1406.98486328125,2305.537109375,1451.70654296875,2297.12353515625,1429.345703125,16.8271484375,44.7216796875
IMG_0038.mp4,215,7.1738333333333335,29.97002997002997,1,2,traffic_signs,0.8565158843994141,2445.074951171875,1477.332275390625,2472.3955078125,1549.19384765625,2458.7352294921875,1513.2630615234375,27.320556640625,71.861572265625
IMG_0038.mp4,215,7.1738333333333335,29.97002997002997,4,1,traffic_lights,0.6384404301643372,1704.516845703125,148.31414794921875,1814.984130859375,365.02178955078125,1759.75048828125,256.66796875,110.46728515625,216.7076416015625
IMG_0038.mp4,215,7.1738333333333335,29.97002997002997,9,2,traffic_signs,0.3527330756187439,2549.849365234375,1538.7047119140625,2569.196044921875,1570.939208984375,2559.522705078125,1554.8219604492188,19.3466796875,32.2344970703125
IMG_0038.mp4,215,7.1738333333333335,29.97002997002997,76,1,traffic_lights,0.36372819542884827,2728.18115234375,1131.95166015625,2924.733154296875,1292.8648681640625,2826.4571533203125,1212.4082641601562,196.552001953125,160.9132080078125
IMG_0038.mp4,216,7.2072,29.97002997002997,7,2,traffic_signs,0.4293721318244934,2357.195068359375,1564.2061767578125,2372.010498046875,1593.6195068359375,2364.602783203125,1578.912841796875,14.8154296875,29.413330078125
IMG_0038.mp4,216,7.2072,29.97002997002997,2,2,traffic_signs,0.8489904403686523,2276.587890625,1523.2423095703125,2304.165771484375,1578.8756103515625,2290.3768310546875,1551.0589599609375,27.577880859375,55.63330078125
IMG_0038.mp4,216,7.2072,29.97002997002997,6,1,traffic_lights,0.7692055702209473,2288.51318359375,1406.67626953125,2305.09814453125,1450.998779296875,2296.8056640625,1428.8375244140625,16.5849609375,44.322509765625
IMG_0038.mp4,216,7.2072,29.97002997002997,1,2,traffic_signs,0.8545665144920349,2445.050048828125,1476.7281494140625,2472.1552734375,1548.5804443359375,2458.6026611328125,1512.654296875,27.105224609375,71.852294921875
IMG_0038.mp4,216,7.2072,29.97002997002997,4,1,traffic_lights,0.5632924437522888,1704.615966796875,148.85427856445312,1815.117431640625,362.5802917480469,1759.86669921875,255.71728515625,110.50146484375,213.72601318359375
IMG_0038.mp4,216,7.2072,29.97002997002997,9,2,traffic_signs,0.3127075731754303,2549.287109375,1538.01513671875,2568.267333984375,1570.556396484375,2558.7772216796875,1554.2857666015625,18.980224609375,32.541259765625
IMG_0038.mp4,216,7.2072,29.97002997002997,76,1,traffic_lights,0.2940184772014618,2724.532470703125,1132.063232421875,2924.340576171875,1293.7008056640625,2824.4365234375,1212.8820190429688,199.80810546875,161.6375732421875
IMG_0038.mp4,217,7.240566666666667,29.97002997002997,7,2,traffic_signs,0.46794047951698303,2357.17431640625,1564.547119140625,2371.94873046875,1593.6309814453125,2364.5615234375,1579.0890502929688,14.7744140625,29.0838623046875
IMG_0038.mp4,217,7.240566666666667,29.97002997002997,2,2,traffic_signs,0.855838418006897,2276.678466796875,1523.2197265625,2304.37158203125,1579.224365234375,2290.5250244140625,1551.2220458984375,27.693115234375,56.004638671875
IMG_0038.mp4,217,7.240566666666667,29.97002997002997,6,1,traffic_lights,0.7626808881759644,2288.90673828125,1406.916015625,2305.30078125,1451.3399658203125,2297.103759765625,1429.1279907226562,16.39404296875,44.4239501953125
IMG_0038.mp4,217,7.240566666666667,29.97002997002997,1,2,traffic_signs,0.8540562391281128,2445.361083984375,1476.9613037109375,2472.30126953125,1548.185791015625,2458.8311767578125,1512.5735473632812,26.940185546875,71.2244873046875
IMG_0038.mp4,217,7.240566666666667,29.97002997002997,4,1,traffic_lights,0.7047845721244812,1705.4217529296875,148.7501678466797,1814.7774658203125,362.050048828125,1760.099609375,255.40010833740234,109.355712890625,213.2998809814453
IMG_0038.mp4,217,7.240566666666667,29.97002997002997,9,2,traffic_signs,0.36941438913345337,2549.64111328125,1538.191162109375,2568.666015625,1570.4681396484375,2559.153564453125,1554.3296508789062,19.02490234375,32.2769775390625
IMG_0038.mp4,218,7.273933333333334,29.97002997002997,2,2,traffic_signs,0.8371241092681885,2276.767333984375,1523.141357421875,2303.76318359375,1578.1983642578125,2290.2652587890625,1550.6698608398438,26.995849609375,55.0570068359375
IMG_0038.mp4,218,7.273933333333334,29.97002997002997,6,1,traffic_lights,0.7731276750564575,2288.735107421875,1406.2047119140625,2305.590576171875,1450.798828125,2297.162841796875,1428.5017700195312,16.85546875,44.5941162109375
IMG_0038.mp4,218,7.273933333333334,29.97002997002997,1,2,traffic_signs,0.8068665862083435,2445.76708984375,1476.5361328125,2472.09716796875,1547.287109375,2458.93212890625,1511.91162109375,26.330078125,70.7509765625
IMG_0038.mp4,218,7.273933333333334,29.97002997002997,4,1,traffic_lights,0.7303578853607178,1706.044677734375,148.80076599121094,1814.7030029296875,361.1122131347656,1760.3738403320312,254.95648956298828,108.6583251953125,212.3114471435547
IMG_0038.mp4,218,7.273933333333334,29.97002997002997,9,2,traffic_signs,0.32545313239097595,2549.84716796875,1538.6324462890625,2569.033203125,1570.05322265625,2559.440185546875,1554.3428344726562,19.18603515625,31.4207763671875
IMG_0038.mp4,219,7.307300000000001,29.97002997002997,4,1,traffic_lights,0.3979942798614502,1707.0623779296875,149.9500274658203,1814.618408203125,360.7572937011719,1760.8403930664062,255.3536605834961,107.5560302734375,210.80726623535156
IMG_0038.mp4,220,7.3406666666666665,29.97002997002997,4,1,traffic_lights,0.4691845178604126,1708.0570068359375,149.2604217529297,1813.6575927734375,360.2869567871094,1760.8572998046875,254.77368927001953,105.6005859375,211.0265350341797
IMG_0038.mp4,220,7.3406666666666665,29.97002997002997,76,1,traffic_lights,0.3600836992263794,2747.4873046875,1129.2584228515625,2929.76953125,1285.9100341796875,2838.62841796875,1207.584228515625,182.2822265625,156.651611328125
IMG_0038.mp4,221,7.374033333333333,29.97002997002997,4,1,traffic_lights,0.7088412642478943,1705.296630859375,148.667724609375,1813.9412841796875,360.463623046875,1759.6189575195312,254.565673828125,108.6446533203125,211.7958984375
IMG_0038.mp4,221,7.374033333333333,29.97002997002997,7,2,traffic_signs,0.4562256932258606,2357.9873046875,1565.4063720703125,2372.450439453125,1594.7777099609375,2365.2188720703125,1580.092041015625,14.463134765625,29.371337890625
IMG_0038.mp4,221,7.374033333333333,29.97002997002997,2,2,traffic_signs,0.8383745551109314,2277.348876953125,1523.5162353515625,2304.920654296875,1579.1409912109375,2291.134765625,1551.32861328125,27.57177734375,55.624755859375
IMG_0038.mp4,221,7.374033333333333,29.97002997002997,6,1,traffic_lights,0.7660248875617981,2288.293701171875,1406.2884521484375,2306.58935546875,1451.159423828125,2297.4415283203125,1428.7239379882812,18.295654296875,44.8709716796875
IMG_0038.mp4,221,7.374033333333333,29.97002997002997,1,2,traffic_signs,0.8658931255340576,2443.233642578125,1475.8958740234375,2472.716064453125,1549.381591796875,2457.974853515625,1512.6387329101562,29.482421875,73.4857177734375
IMG_0038.mp4,221,7.374033333333333,29.97002997002997,9,2,traffic_signs,0.45422080159187317,2553.348876953125,1539.7730712890625,2575.057373046875,1570.946044921875,2564.203125,1555.3595581054688,21.70849609375,31.1729736328125
IMG_0038.mp4,222,7.4074,29.97002997002997,7,2,traffic_signs,0.642421543598175,2358.671142578125,1565.12939453125,2372.374267578125,1595.1971435546875,2365.522705078125,1580.1632690429688,13.703125,30.0677490234375
IMG_0038.mp4,222,7.4074,29.97002997002997,2,2,traffic_signs,0.839473307132721,2278.005615234375,1523.4595947265625,2304.666259765625,1579.08447265625,2291.3359375,1551.2720336914062,26.66064453125,55.6248779296875
IMG_0038.mp4,222,7.4074,29.97002997002997,6,1,traffic_lights,0.7656034231185913,2288.134765625,1405.8037109375,2306.5283203125,1451.7274169921875,2297.33154296875,1428.7655639648438,18.3935546875,45.9237060546875
IMG_0038.mp4,222,7.4074,29.97002997002997,1,2,traffic_signs,0.8641504049301147,2444.039306640625,1475.9293212890625,2472.596435546875,1550.1495361328125,2458.31787109375,1513.0394287109375,28.55712890625,74.22021484375
IMG_0038.mp4,222,7.4074,29.97002997002997,9,2,traffic_signs,0.32176876068115234,2554.6337890625,1539.842041015625,2574.7470703125,1571.27978515625,2564.6904296875,1555.5609130859375,20.11328125,31.437744140625
IMG_0038.mp4,222,7.4074,29.97002997002997,5,1,traffic_lights,0.40272057056427,1124.30029296875,1420.5146484375,1155.5533447265625,1462.8936767578125,1139.9268188476562,1441.7041625976562,31.2530517578125,42.3790283203125
IMG_0038.mp4,223,7.440766666666667,29.97002997002997,7,2,traffic_signs,0.5630607604980469,2358.44140625,1565.8001708984375,2371.580810546875,1595.4068603515625,2365.0111083984375,1580.603515625,13.139404296875,29.606689453125
IMG_0038.mp4,223,7.440766666666667,29.97002997002997,2,2,traffic_signs,0.8403869271278381,2277.8994140625,1523.8223876953125,2304.3974609375,1579.14306640625,2291.1484375,1551.4827270507812,26.498046875,55.3206787109375
IMG_0038.mp4,223,7.440766666666667,29.97002997002997,6,1,traffic_lights,0.7664126753807068,2287.80810546875,1405.8701171875,2306.173095703125,1452.1932373046875,2296.9906005859375,1429.0316772460938,18.364990234375,46.3231201171875
IMG_0038.mp4,223,7.440766666666667,29.97002997002997,1,2,traffic_signs,0.8613430857658386,2443.998046875,1476.0587158203125,2472.223388671875,1550.5577392578125,2458.1107177734375,1513.3082275390625,28.225341796875,74.4990234375
IMG_0038.mp4,223,7.440766666666667,29.97002997002997,9,2,traffic_signs,0.47344085574150085,2555.41015625,1540.0545654296875,2575.691162109375,1571.3516845703125,2565.5506591796875,1555.703125,20.281005859375,31.297119140625
IMG_0038.mp4,223,7.440766666666667,29.97002997002997,5,1,traffic_lights,0.6843093037605286,1124.00341796875,1421.0477294921875,1155.0164794921875,1465.660888671875,1139.5099487304688,1443.3543090820312,31.0130615234375,44.6131591796875
IMG_0038.mp4,224,7.4741333333333335,29.97002997002997,7,2,traffic_signs,0.5671810507774353,2358.684814453125,1565.4847412109375,2371.74365234375,1595.2822265625,2365.2142333984375,1580.3834838867188,13.058837890625,29.7974853515625
IMG_0038.mp4,224,7.4741333333333335,29.97002997002997,2,2,traffic_signs,0.8471840620040894,2277.893798828125,1523.804931640625,2304.417724609375,1578.8709716796875,2291.15576171875,1551.3379516601562,26.52392578125,55.0660400390625
IMG_0038.mp4,224,7.4741333333333335,29.97002997002997,6,1,traffic_lights,0.7658350467681885,2288.318115234375,1405.7562255859375,2306.17041015625,1452.2947998046875,2297.2442626953125,1429.0255126953125,17.852294921875,46.53857421875
IMG_0038.mp4,224,7.4741333333333335,29.97002997002997,1,2,traffic_signs,0.8639217019081116,2444.33447265625,1475.698486328125,2472.23876953125,1550.2440185546875,2458.28662109375,1512.9712524414062,27.904296875,74.5455322265625
IMG_0038.mp4,224,7.4741333333333335,29.97002997002997,9,2,traffic_signs,0.3402276933193207,2555.549560546875,1539.7388916015625,2576.341796875,1571.8228759765625,2565.9456787109375,1555.7808837890625,20.792236328125,32.083984375
IMG_0038.mp4,224,7.4741333333333335,29.97002997002997,5,1,traffic_lights,0.5473400354385376,1123.871337890625,1421.56005859375,1155.157470703125,1467.2249755859375,1139.514404296875,1444.3925170898438,31.2861328125,45.6649169921875
IMG_0038.mp4,225,7.5075,29.97002997002997,7,2,traffic_signs,0.6684445738792419,2359.0322265625,1566.30126953125,2372.621337890625,1596.7801513671875,2365.8267822265625,1581.5407104492188,13.589111328125,30.4788818359375
IMG_0038.mp4,225,7.5075,29.97002997002997,2,2,traffic_signs,0.8392094373703003,2278.3740234375,1524.875732421875,2304.756591796875,1579.8800048828125,2291.5653076171875,1552.3778686523438,26.382568359375,55.0042724609375
IMG_0038.mp4,225,7.5075,29.97002997002997,6,1,traffic_lights,0.7687535285949707,2289.311767578125,1407.059814453125,2306.823974609375,1452.800048828125,2298.06787109375,1429.929931640625,17.51220703125,45.740234375
IMG_0038.mp4,225,7.5075,29.97002997002997,1,2,traffic_signs,0.8647499680519104,2444.790283203125,1477.219482421875,2473.05126953125,1550.2252197265625,2458.9207763671875,1513.7223510742188,28.260986328125,73.0057373046875
IMG_0038.mp4,225,7.5075,29.97002997002997,5,1,traffic_lights,0.7518087029457092,1123.6859130859375,1422.323486328125,1156.2413330078125,1469.639404296875,1139.963623046875,1445.9814453125,32.555419921875,47.31591796875
IMG_0038.mp4,225,7.5075,29.97002997002997,4,1,traffic_lights,0.8821987509727478,1698.966064453125,147.67857360839844,1816.100341796875,362.1668395996094,1757.533203125,254.9227066040039,117.13427734375,214.48826599121094
IMG_0038.mp4,226,7.540866666666667,29.97002997002997,2,2,traffic_signs,0.7465585470199585,2277.90966796875,1524.951171875,2303.703369140625,1577.3516845703125,2290.8065185546875,1551.1514282226562,25.793701171875,52.4005126953125
IMG_0038.mp4,226,7.540866666666667,29.97002997002997,6,1,traffic_lights,0.3628009855747223,2289.338623046875,1406.706787109375,2308.1298828125,1452.758056640625,2298.7342529296875,1429.732421875,18.791259765625,46.05126953125
IMG_0038.mp4,226,7.540866666666667,29.97002997002997,5,1,traffic_lights,0.6871910691261292,1123.885009765625,1421.944580078125,1156.2896728515625,1468.772216796875,1140.0873413085938,1445.3583984375,32.4046630859375,46.82763671875
IMG_0038.mp4,226,7.540866666666667,29.97002997002997,4,1,traffic_lights,0.5047459602355957,1700.801513671875,147.4269256591797,1815.476806640625,362.6204528808594,1758.13916015625,255.02368927001953,114.67529296875,215.1935272216797
IMG_0038.mp4,227,7.574233333333334,29.97002997002997,2,2,traffic_signs,0.8624054789543152,2277.93359375,1525.1795654296875,2303.9482421875,1578.6519775390625,2290.94091796875,1551.915771484375,26.0146484375,53.472412109375
IMG_0038.mp4,227,7.574233333333334,29.97002997002997,5,1,traffic_lights,0.6981046199798584,1123.6759033203125,1422.0418701171875,1156.35107421875,1469.020751953125,1140.0134887695312,1445.5313110351562,32.6751708984375,46.9788818359375
IMG_0038.mp4,227,7.574233333333334,29.97002997002997,4,1,traffic_lights,0.8033887147903442,1700.139892578125,147.5030059814453,1815.5418701171875,362.6947326660156,1757.8408813476562,255.09886932373047,115.4019775390625,215.1917266845703
IMG_0038.mp4,227,7.574233333333334,29.97002997002997,87,1,traffic_lights,0.41871824860572815,1565.755126953125,141.96438598632812,1691.396484375,363.9774169921875,1628.5758056640625,252.9709014892578,125.641357421875,222.01303100585938
IMG_0038.mp4,227,7.574233333333334,29.97002997002997,9,2,traffic_signs,0.3337867856025696,2556.877685546875,1539.424072265625,2575.5537109375,1573.8779296875,2566.2156982421875,1556.6510009765625,18.676025390625,34.453857421875
IMG_0038.mp4,227,7.574233333333334,29.97002997002997,7,2,traffic_signs,0.657322108745575,2358.96728515625,1565.048095703125,2372.4873046875,1595.8699951171875,2365.727294921875,1580.4590454101562,13.52001953125,30.8218994140625
IMG_0038.mp4,227,7.574233333333334,29.97002997002997,1,2,traffic_signs,0.8641802668571472,2444.691650390625,1474.9132080078125,2473.165771484375,1549.81982421875,2458.9287109375,1512.3665161132812,28.47412109375,74.9066162109375
IMG_0038.mp4,228,7.6076,29.97002997002997,2,2,traffic_signs,0.8674504160881042,2276.987060546875,1524.483642578125,2304.60986328125,1579.6522216796875,2290.7984619140625,1552.0679321289062,27.622802734375,55.1685791015625
IMG_0038.mp4,228,7.6076,29.97002997002997,5,1,traffic_lights,0.47128552198410034,1123.2430419921875,1422.226806640625,1154.733642578125,1468.9205322265625,1138.9883422851562,1445.5736694335938,31.4906005859375,46.6937255859375
IMG_0038.mp4,228,7.6076,29.97002997002997,4,1,traffic_lights,0.8493491411209106,1697.909423828125,146.76316833496094,1816.9970703125,360.52935791015625,1757.4532470703125,253.6462631225586,119.087646484375,213.7661895751953
IMG_0038.mp4,228,7.6076,29.97002997002997,87,1,traffic_lights,0.6786976456642151,1565.8502197265625,140.93121337890625,1689.6663818359375,360.4002990722656,1627.75830078125,250.66575622558594,123.816162109375,219.46908569335938
IMG_0038.mp4,228,7.6076,29.97002997002997,9,2,traffic_signs,0.39829182624816895,2556.374267578125,1539.1640625,2575.322998046875,1574.1136474609375,2565.8486328125,1556.6388549804688,18.94873046875,34.9495849609375
IMG_0038.mp4,228,7.6076,29.97002997002997,7,2,traffic_signs,0.5051899552345276,2358.229736328125,1564.8941650390625,2372.15966796875,1595.3736572265625,2365.1947021484375,1580.1339111328125,13.929931640625,30.4794921875
IMG_0038.mp4,228,7.6076,29.97002997002997,1,2,traffic_signs,0.8609691858291626,2443.938232421875,1475.9835205078125,2472.5615234375,1549.5623779296875,2458.2498779296875,1512.77294921875,28.623291015625,73.578857421875
IMG_0038.mp4,228,7.6076,29.97002997002997,6,1,traffic_lights,0.8103704452514648,2288.5078125,1406.5299072265625,2306.91943359375,1453.055419921875,2297.713623046875,1429.7926635742188,18.41162109375,46.5255126953125
IMG_0038.mp4,229,7.6409666666666665,29.97002997002997,2,2,traffic_signs,0.8721874356269836,2277.37158203125,1524.1856689453125,2305.202392578125,1579.970703125,2291.2869873046875,1552.0781860351562,27.830810546875,55.7850341796875
IMG_0038.mp4,229,7.6409666666666665,29.97002997002997,5,1,traffic_lights,0.2694602608680725,1123.5230712890625,1422.789794921875,1156.2152099609375,1468.8543701171875,1139.869140625,1445.8220825195312,32.692138671875,46.0645751953125
IMG_0038.mp4,229,7.6409666666666665,29.97002997002997,4,1,traffic_lights,0.8479846119880676,1697.4095458984375,145.9005126953125,1815.53662109375,362.2087707519531,1756.4730834960938,254.0546417236328,118.1270751953125,216.30825805664062
IMG_0038.mp4,229,7.6409666666666665,29.97002997002997,9,2,traffic_signs,0.38213402032852173,2556.606201171875,1539.6141357421875,2574.89697265625,1573.466064453125,2565.7515869140625,1556.5401000976562,18.290771484375,33.8519287109375
IMG_0038.mp4,229,7.6409666666666665,29.97002997002997,7,2,traffic_signs,0.6832667589187622,2358.62158203125,1565.13720703125,2372.700439453125,1595.421142578125,2365.6610107421875,1580.2791748046875,14.078857421875,30.283935546875
IMG_0038.mp4,229,7.6409666666666665,29.97002997002997,1,2,traffic_signs,0.8592473268508911,2444.4423828125,1476.3936767578125,2473.134765625,1550.006103515625,2458.78857421875,1513.1998901367188,28.6923828125,73.6124267578125
IMG_0038.mp4,229,7.6409666666666665,29.97002997002997,6,1,traffic_lights,0.7821340560913086,2288.868408203125,1406.457763671875,2306.86865234375,1452.78466796875,2297.8685302734375,1429.6212158203125,18.000244140625,46.326904296875
IMG_0038.mp4,230,7.674333333333333,29.97002997002997,2,2,traffic_signs,0.8747382164001465,2277.121337890625,1523.8675537109375,2305.072998046875,1579.56640625,2291.09716796875,1551.7169799804688,27.95166015625,55.6988525390625
IMG_0038.mp4,230,7.674333333333333,29.97002997002997,4,1,traffic_lights,0.8164818286895752,1700.480712890625,147.380615234375,1816.593994140625,361.7174377441406,1758.537353515625,254.5490264892578,116.11328125,214.33682250976562
IMG_0038.mp4,230,7.674333333333333,29.97002997002997,9,2,traffic_signs,0.323869526386261,2557.07470703125,1539.9283447265625,2574.18310546875,1572.7994384765625,2565.62890625,1556.3638916015625,17.1083984375,32.87109375
IMG_0038.mp4,230,7.674333333333333,29.97002997002997,7,2,traffic_signs,0.6083716750144958,2358.539794921875,1565.05029296875,2372.511474609375,1595.239501953125,2365.525634765625,1580.1448974609375,13.9716796875,30.189208984375
IMG_0038.mp4,230,7.674333333333333,29.97002997002997,1,2,traffic_signs,0.8552103042602539,2444.673828125,1476.54296875,2472.360107421875,1548.8946533203125,2458.5169677734375,1512.7188110351562,27.686279296875,72.3516845703125
IMG_0038.mp4,230,7.674333333333333,29.97002997002997,6,1,traffic_lights,0.8034178018569946,2288.943603515625,1406.108642578125,2306.510986328125,1452.64404296875,2297.727294921875,1429.3763427734375,17.5673828125,46.535400390625
IMG_0038.mp4,230,7.674333333333333,29.97002997002997,87,1,traffic_lights,0.8655524253845215,1567.21728515625,141.07107543945312,1689.5618896484375,354.0592346191406,1628.3895874023438,247.56515502929688,122.3446044921875,212.9881591796875
IMG_0038.mp4,231,7.7077,29.97002997002997,2,2,traffic_signs,0.8740180134773254,2277.06982421875,1523.95849609375,2304.91064453125,1579.2369384765625,2290.990234375,1551.5977172851562,27.8408203125,55.2784423828125
IMG_0038.mp4,231,7.7077,29.97002997002997,4,1,traffic_lights,0.9004942178726196,1700.711669921875,147.84461975097656,1817.2955322265625,361.62701416015625,1759.0036010742188,254.7358169555664,116.5838623046875,213.7823944091797
IMG_0038.mp4,231,7.7077,29.97002997002997,7,2,traffic_signs,0.5473558306694031,2358.427734375,1565.142578125,2372.188232421875,1595.199951171875,2365.3079833984375,1580.1712646484375,13.760498046875,30.057373046875
IMG_0038.mp4,231,7.7077,29.97002997002997,1,2,traffic_signs,0.8566434979438782,2444.641357421875,1476.4461669921875,2471.900634765625,1548.3662109375,2458.27099609375,1512.4061889648438,27.25927734375,71.9200439453125
IMG_0038.mp4,231,7.7077,29.97002997002997,6,1,traffic_lights,0.8064588904380798,2288.76220703125,1405.9923095703125,2306.321533203125,1452.78515625,2297.5418701171875,1429.3887329101562,17.559326171875,46.7928466796875
IMG_0038.mp4,231,7.7077,29.97002997002997,87,1,traffic_lights,0.9038476347923279,1567.1544189453125,141.60702514648438,1688.865234375,353.035888671875,1628.0098266601562,247.3214569091797,121.7108154296875,211.42886352539062
IMG_0038.mp4,231,7.7077,29.97002997002997,61,2,traffic_signs,0.3286825716495514,2568.251220703125,1502.437255859375,2585.163330078125,1543.436767578125,2576.707275390625,1522.93701171875,16.912109375,40.99951171875
IMG_0038.mp4,231,7.7077,29.97002997002997,5,1,traffic_lights,0.5696130394935608,1123.5343017578125,1419.97412109375,1158.1082763671875,1469.02392578125,1140.8212890625,1444.4990234375,34.573974609375,49.0498046875
IMG_0038.mp4,232,7.741066666666667,29.97002997002997,2,2,traffic_signs,0.8715500235557556,2277.122314453125,1524.10205078125,2304.949462890625,1579.33056640625,2291.035888671875,1551.71630859375,27.8271484375,55.228515625
IMG_0038.mp4,232,7.741066666666667,29.97002997002997,4,1,traffic_lights,0.8127448558807373,1703.4993896484375,147.59521484375,1816.4876708984375,361.5564270019531,1759.9935302734375,254.57582092285156,112.98828125,213.96121215820312
IMG_0038.mp4,232,7.741066666666667,29.97002997002997,7,2,traffic_signs,0.5819336175918579,2358.45751953125,1565.2864990234375,2372.1826171875,1595.3896484375,2365.320068359375,1580.3380737304688,13.72509765625,30.1031494140625
IMG_0038.mp4,232,7.741066666666667,29.97002997002997,1,2,traffic_signs,0.8557405471801758,2445.026123046875,1476.479248046875,2471.966796875,1548.4600830078125,2458.4964599609375,1512.4696655273438,26.940673828125,71.9808349609375
IMG_0038.mp4,232,7.741066666666667,29.97002997002997,6,1,traffic_lights,0.802338719367981,2288.9482421875,1406.015625,2306.5830078125,1453.0146484375,2297.765625,1429.51513671875,17.634765625,46.9990234375
IMG_0038.mp4,232,7.741066666666667,29.97002997002997,87,1,traffic_lights,0.880744993686676,1566.96044921875,141.8778076171875,1688.346923828125,352.6253356933594,1627.6536865234375,247.25157165527344,121.386474609375,210.74752807617188
IMG_0038.mp4,232,7.741066666666667,29.97002997002997,61,2,traffic_signs,0.29394492506980896,2568.11279296875,1502.8165283203125,2584.77197265625,1543.2734375,2576.4423828125,1523.0449829101562,16.6591796875,40.4569091796875
IMG_0038.mp4,233,7.7744333333333335,29.97002997002997,2,2,traffic_signs,0.8694331049919128,2276.702392578125,1523.9915771484375,2304.5791015625,1579.3135986328125,2290.6407470703125,1551.652587890625,27.876708984375,55.322021484375
IMG_0038.mp4,233,7.7744333333333335,29.97002997002997,4,1,traffic_lights,0.8822476863861084,1704.5343017578125,147.4342498779297,1816.2510986328125,360.3431091308594,1760.3927001953125,253.88867950439453,111.716796875,212.9088592529297
IMG_0038.mp4,233,7.7744333333333335,29.97002997002997,7,2,traffic_signs,0.5469740033149719,2358.02392578125,1565.6507568359375,2371.668212890625,1595.5889892578125,2364.8460693359375,1580.619873046875,13.644287109375,29.938232421875
IMG_0038.mp4,233,7.7744333333333335,29.97002997002997,1,2,traffic_signs,0.8587888479232788,2444.893310546875,1476.5262451171875,2471.693359375,1548.884765625,2458.2933349609375,1512.7055053710938,26.800048828125,72.3585205078125
IMG_0038.mp4,233,7.7744333333333335,29.97002997002997,6,1,traffic_lights,0.8061814308166504,2288.52392578125,1406.1646728515625,2305.906982421875,1452.8515625,2297.2154541015625,1429.5081176757812,17.383056640625,46.6868896484375
IMG_0038.mp4,233,7.7744333333333335,29.97002997002997,87,1,traffic_lights,0.8108983635902405,1566.565185546875,141.43858337402344,1688.2645263671875,351.9017639160156,1627.4148559570312,246.67017364501953,121.6993408203125,210.4631805419922
IMG_0038.mp4,233,7.7744333333333335,29.97002997002997,9,2,traffic_signs,0.27734604477882385,2556.981689453125,1539.773193359375,2574.12060546875,1573.0023193359375,2565.5511474609375,1556.3877563476562,17.138916015625,33.2291259765625
IMG_0038.mp4,234,7.8078,29.97002997002997,2,2,traffic_signs,0.8724660873413086,2277.19384765625,1524.1414794921875,2305.319091796875,1579.4490966796875,2291.2564697265625,1551.7952880859375,28.125244140625,55.3076171875
IMG_0038.mp4,234,7.8078,29.97002997002997,4,1,traffic_lights,0.8500156402587891,1705.0509033203125,147.785888671875,1816.480712890625,359.88861083984375,1760.7658081054688,253.83724975585938,111.4298095703125,212.10272216796875
IMG_0038.mp4,234,7.8078,29.97002997002997,7,2,traffic_signs,0.5714293718338013,2358.6435546875,1565.8544921875,2372.2412109375,1595.8951416015625,2365.4423828125,1580.8748168945312,13.59765625,30.0406494140625
IMG_0038.mp4,234,7.8078,29.97002997002997,1,2,traffic_signs,0.8534443974494934,2445.588623046875,1476.8992919921875,2472.416259765625,1549.2034912109375,2459.00244140625,1513.0513916015625,26.82763671875,72.30419921875
IMG_0038.mp4,234,7.8078,29.97002997002997,6,1,traffic_lights,0.811921238899231,2289.458984375,1406.25439453125,2306.726318359375,1453.1949462890625,2298.0926513671875,1429.7246704101562,17.267333984375,46.9405517578125
IMG_0038.mp4,234,7.8078,29.97002997002997,87,1,traffic_lights,0.7904918193817139,1567.1134033203125,141.56375122070312,1688.625244140625,351.9271545410156,1627.8693237304688,246.74545288085938,121.5118408203125,210.3634033203125
IMG_0038.mp4,234,7.8078,29.97002997002997,61,2,traffic_signs,0.32084769010543823,2568.81396484375,1502.7958984375,2585.817626953125,1543.5408935546875,2577.3157958984375,1523.1683959960938,17.003662109375,40.7449951171875
IMG_0038.mp4,235,7.841166666666667,29.97002997002997,2,2,traffic_signs,0.8709102272987366,2277.182373046875,1523.9210205078125,2305.3701171875,1579.2813720703125,2291.2762451171875,1551.6011962890625,28.187744140625,55.3603515625
IMG_0038.mp4,235,7.841166666666667,29.97002997002997,4,1,traffic_lights,0.6200345158576965,1707.5867919921875,147.6493377685547,1815.8563232421875,361.0536804199219,1761.7215576171875,254.35150909423828,108.26953125,213.4043426513672
IMG_0038.mp4,235,7.841166666666667,29.97002997002997,7,2,traffic_signs,0.5727062225341797,2358.54736328125,1565.9205322265625,2372.331298828125,1595.747802734375,2365.4393310546875,1580.8341674804688,13.783935546875,29.8272705078125
IMG_0038.mp4,235,7.841166666666667,29.97002997002997,1,2,traffic_signs,0.8572985529899597,2446.08154296875,1476.7030029296875,2472.4638671875,1549.126220703125,2459.272705078125,1512.9146118164062,26.38232421875,72.4232177734375
IMG_0038.mp4,235,7.841166666666667,29.97002997002997,6,1,traffic_lights,0.8072089552879333,2289.537353515625,1405.7957763671875,2306.84375,1453.1103515625,2298.1905517578125,1429.4530639648438,17.306396484375,47.3145751953125
IMG_0038.mp4,235,7.841166666666667,29.97002997002997,87,1,traffic_lights,0.8094125390052795,1567.3314208984375,141.49134826660156,1688.7109375,352.2874450683594,1628.0211791992188,246.88939666748047,121.3795166015625,210.7960968017578
IMG_0038.mp4,235,7.841166666666667,29.97002997002997,9,2,traffic_signs,0.316903293132782,2557.936767578125,1540.01953125,2574.560546875,1571.41064453125,2566.2486572265625,1555.715087890625,16.623779296875,31.39111328125
IMG_0038.mp4,236,7.874533333333334,29.97002997002997,2,2,traffic_signs,0.8732924461364746,2277.305419921875,1524.1944580078125,2305.48681640625,1579.587646484375,2291.3961181640625,1551.8910522460938,28.181396484375,55.3931884765625
IMG_0038.mp4,236,7.874533333333334,29.97002997002997,4,1,traffic_lights,0.8072856068611145,1705.779541015625,147.4196014404297,1816.1812744140625,360.6929016113281,1760.9804077148438,254.0562515258789,110.4017333984375,213.27330017089844
IMG_0038.mp4,236,7.874533333333334,29.97002997002997,7,2,traffic_signs,0.6496424078941345,2358.353759765625,1566.0582275390625,2372.359619140625,1596.1785888671875,2365.356689453125,1581.118408203125,14.005859375,30.120361328125
IMG_0038.mp4,236,7.874533333333334,29.97002997002997,1,2,traffic_signs,0.8563483953475952,2445.77880859375,1476.9832763671875,2472.611328125,1549.2821044921875,2459.195068359375,1513.1326904296875,26.83251953125,72.298828125
IMG_0038.mp4,236,7.874533333333334,29.97002997002997,6,1,traffic_lights,0.8072523474693298,2289.686279296875,1405.728515625,2306.915283203125,1453.1903076171875,2298.30078125,1429.4594116210938,17.22900390625,47.4617919921875
IMG_0038.mp4,236,7.874533333333334,29.97002997002997,87,1,traffic_lights,0.8630276322364807,1567.3125,141.27586364746094,1688.9610595703125,351.7773742675781,1628.1367797851562,246.52661895751953,121.6485595703125,210.5015106201172
IMG_0038.mp4,236,7.874533333333334,29.97002997002997,9,2,traffic_signs,0.3455055356025696,2557.866943359375,1540.5135498046875,2574.6923828125,1572.3779296875,2566.2796630859375,1556.4457397460938,16.825439453125,31.8643798828125
IMG_0038.mp4,236,7.874533333333334,29.97002997002997,61,2,traffic_signs,0.2877158224582672,2568.603759765625,1502.0516357421875,2585.9208984375,1542.6416015625,2577.2623291015625,1522.3466186523438,17.317138671875,40.5899658203125
IMG_0038.mp4,237,7.9079,29.97002997002997,2,2,traffic_signs,0.8774468898773193,2277.214599609375,1523.9844970703125,2305.521240234375,1579.65625,2291.367919921875,1551.8203735351562,28.306640625,55.6717529296875
IMG_0038.mp4,237,7.9079,29.97002997002997,7,2,traffic_signs,0.661507248878479,2357.986083984375,1565.861328125,2372.65234375,1596.52783203125,2365.3192138671875,1581.194580078125,14.666259765625,30.66650390625
IMG_0038.mp4,237,7.9079,29.97002997002997,1,2,traffic_signs,0.8631070256233215,2445.16796875,1476.921142578125,2472.42138671875,1549.08251953125,2458.794677734375,1513.0018310546875,27.25341796875,72.161376953125
IMG_0038.mp4,237,7.9079,29.97002997002997,6,1,traffic_lights,0.7756178975105286,2289.587158203125,1406.1971435546875,2306.8369140625,1453.38916015625,2298.2120361328125,1429.7931518554688,17.249755859375,47.1920166015625
IMG_0038.mp4,237,7.9079,29.97002997002997,87,1,traffic_lights,0.7815431952476501,1567.1024169921875,141.2178497314453,1691.2008056640625,352.0633239746094,1629.151611328125,246.64058685302734,124.098388671875,210.84547424316406
IMG_0038.mp4,237,7.9079,29.97002997002997,9,2,traffic_signs,0.2840198576450348,2557.711181640625,1540.36865234375,2574.71923828125,1572.7401123046875,2566.2152099609375,1556.5543823242188,17.008056640625,32.3714599609375
IMG_0038.mp4,237,7.9079,29.97002997002997,61,2,traffic_signs,0.32087647914886475,2567.7236328125,1500.8883056640625,2585.29296875,1542.1826171875,2576.50830078125,1521.5354614257812,17.5693359375,41.2943115234375
IMG_0038.mp4,238,7.9412666666666665,29.97002997002997,2,2,traffic_signs,0.869751513004303,2276.87353515625,1524.17529296875,2305.965087890625,1580.1646728515625,2291.4193115234375,1552.1699829101562,29.091552734375,55.9893798828125
IMG_0038.mp4,238,7.9412666666666665,29.97002997002997,7,2,traffic_signs,0.5878239274024963,2357.490478515625,1565.839599609375,2372.686279296875,1597.0400390625,2365.08837890625,1581.4398193359375,15.19580078125,31.200439453125
IMG_0038.mp4,238,7.9412666666666665,29.97002997002997,1,2,traffic_signs,0.8514794111251831,2444.88671875,1477.17529296875,2472.4853515625,1549.66455078125,2458.68603515625,1513.419921875,27.5986328125,72.4892578125
IMG_0038.mp4,238,7.9412666666666665,29.97002997002997,6,1,traffic_lights,0.6820974946022034,2289.576416015625,1406.81298828125,2307.023193359375,1453.53955078125,2298.2998046875,1430.17626953125,17.44677734375,46.7265625
IMG_0038.mp4,238,7.9412666666666665,29.97002997002997,9,2,traffic_signs,0.40211015939712524,2557.18896484375,1539.9808349609375,2575.104736328125,1572.6607666015625,2566.1468505859375,1556.32080078125,17.915771484375,32.679931640625
IMG_0038.mp4,239,7.974633333333333,29.97002997002997,2,2,traffic_signs,0.8642685413360596,2276.430908203125,1524.1376953125,2306.070068359375,1579.764404296875,2291.25048828125,1551.9510498046875,29.63916015625,55.626708984375
IMG_0038.mp4,239,7.974633333333333,29.97002997002997,7,2,traffic_signs,0.5240509510040283,2357.772705078125,1565.4378662109375,2372.867919921875,1596.8980712890625,2365.3203125,1581.16796875,15.09521484375,31.460205078125
IMG_0038.mp4,239,7.974633333333333,29.97002997002997,1,2,traffic_signs,0.8377247452735901,2444.326416015625,1477.0162353515625,2472.794189453125,1549.18994140625,2458.560302734375,1513.1030883789062,28.4677734375,72.1737060546875
IMG_0038.mp4,239,7.974633333333333,29.97002997002997,6,1,traffic_lights,0.7840238213539124,2289.534912109375,1406.4090576171875,2307.416748046875,1453.6881103515625,2298.475830078125,1430.048583984375,17.8818359375,47.279052734375
IMG_0038.mp4,239,7.974633333333333,29.97002997002997,4,1,traffic_lights,0.9025307297706604,1705.08740234375,147.62046813964844,1817.4090576171875,360.52044677734375,1761.2482299804688,254.0704574584961,112.3216552734375,212.8999786376953
IMG_0038.mp4,239,7.974633333333333,29.97002997002997,87,1,traffic_lights,0.8951502442359924,1566.6259765625,141.0054168701172,1688.634765625,352.23004150390625,1627.63037109375,246.61772918701172,122.0087890625,211.22462463378906
IMG_0038.mp4,240,8.008000000000001,29.97002997002997,1,2,traffic_signs,0.8445701003074646,2445.31396484375,1477.2183837890625,2473.211669921875,1549.814208984375,2459.2628173828125,1513.5162963867188,27.897705078125,72.5958251953125
IMG_0038.mp4,240,8.008000000000001,29.97002997002997,6,1,traffic_lights,0.7010527849197388,2290.69091796875,1406.947021484375,2306.106201171875,1452.2611083984375,2298.3985595703125,1429.6040649414062,15.415283203125,45.3140869140625
IMG_0038.mp4,240,8.008000000000001,29.97002997002997,4,1,traffic_lights,0.8041843771934509,1706.587158203125,147.75759887695312,1816.81640625,360.4898376464844,1761.7017822265625,254.12371826171875,110.229248046875,212.73223876953125
IMG_0038.mp4,240,8.008000000000001,29.97002997002997,87,1,traffic_lights,0.5968132019042969,1567.07568359375,141.6508331298828,1688.4437255859375,352.76483154296875,1627.7597045898438,247.20783233642578,121.3680419921875,211.11399841308594
IMG_0038.mp4,240,8.008000000000001,29.97002997002997,9,2,traffic_signs,0.4168274700641632,2557.660888671875,1539.984130859375,2575.04345703125,1574.9527587890625,2566.3521728515625,1557.4684448242188,17.382568359375,34.9686279296875
IMG_0038.mp4,241,8.041366666666667,29.97002997002997,1,2,traffic_signs,0.856330394744873,2445.496337890625,1477.6470947265625,2472.482666015625,1548.9432373046875,2458.989501953125,1513.295166015625,26.986328125,71.296142578125
IMG_0038.mp4,241,8.041366666666667,29.97002997002997,6,1,traffic_lights,0.7324404716491699,2290.132568359375,1407.7962646484375,2305.922119140625,1452.8673095703125,2298.02734375,1430.331787109375,15.78955078125,45.071044921875
IMG_0038.mp4,241,8.041366666666667,29.97002997002997,4,1,traffic_lights,0.7655962705612183,1708.1304931640625,147.51919555664062,1815.4793701171875,360.38958740234375,1761.804931640625,253.9543914794922,107.348876953125,212.87039184570312
IMG_0038.mp4,241,8.041366666666667,29.97002997002997,87,1,traffic_lights,0.6594477295875549,1566.825927734375,141.8365478515625,1687.30810546875,352.8100280761719,1627.0670166015625,247.3232879638672,120.482177734375,210.97348022460938
IMG_0038.mp4,241,8.041366666666667,29.97002997002997,92,2,traffic_signs,0.3493492007255554,708.0911254882812,1522.8746337890625,740.66943359375,1557.313720703125,724.3802795410156,1540.0941772460938,32.57830810546875,34.4390869140625
IMG_0038.mp4,241,8.041366666666667,29.97002997002997,2,2,traffic_signs,0.8592135310173035,2277.080078125,1524.405029296875,2305.4130859375,1580.09130859375,2291.24658203125,1552.2481689453125,28.3330078125,55.686279296875
IMG_0038.mp4,241,8.041366666666667,29.97002997002997,7,2,traffic_signs,0.6575090289115906,2357.936767578125,1565.833251953125,2372.8583984375,1596.554443359375,2365.3975830078125,1581.19384765625,14.921630859375,30.72119140625
IMG_0038.mp4,242,8.074733333333333,29.97002997002997,1,2,traffic_signs,0.8536921739578247,2445.643310546875,1477.6156005859375,2472.47900390625,1550.27001953125,2459.0611572265625,1513.9428100585938,26.835693359375,72.6544189453125
IMG_0038.mp4,242,8.074733333333333,29.97002997002997,6,1,traffic_lights,0.7772524952888489,2289.7880859375,1407.6993408203125,2306.008544921875,1454.1409912109375,2297.8983154296875,1430.920166015625,16.220458984375,46.441650390625
IMG_0038.mp4,242,8.074733333333333,29.97002997002997,4,1,traffic_lights,0.785686194896698,1702.9969482421875,147.9257354736328,1815.5965576171875,361.0973815917969,1759.2967529296875,254.51155853271484,112.599609375,213.17164611816406
IMG_0038.mp4,242,8.074733333333333,29.97002997002997,87,1,traffic_lights,0.5696675181388855,1567.1982421875,142.49392700195312,1687.8817138671875,353.8304748535156,1627.5399780273438,248.16220092773438,120.6834716796875,211.3365478515625
IMG_0038.mp4,242,8.074733333333333,29.97002997002997,2,2,traffic_signs,0.8624961376190186,2277.259765625,1524.49658203125,2305.03369140625,1580.3861083984375,2291.146728515625,1552.4413452148438,27.77392578125,55.8895263671875
IMG_0038.mp4,242,8.074733333333333,29.97002997002997,7,2,traffic_signs,0.49272802472114563,2358.275634765625,1565.5980224609375,2372.513427734375,1596.586181640625,2365.39453125,1581.0921020507812,14.23779296875,30.9881591796875
IMG_0038.mp4,242,8.074733333333333,29.97002997002997,9,2,traffic_signs,0.41369861364364624,2556.83154296875,1540.38671875,2575.157470703125,1575.677978515625,2565.9945068359375,1558.0323486328125,18.325927734375,35.291259765625
IMG_0038.mp4,243,8.1081,29.97002997002997,1,2,traffic_signs,0.8534990549087524,2445.745361328125,1477.1234130859375,2472.698486328125,1550.527587890625,2459.221923828125,1513.8255004882812,26.953125,73.4041748046875
IMG_0038.mp4,243,8.1081,29.97002997002997,6,1,traffic_lights,0.7833148241043091,2289.8916015625,1407.28515625,2306.207275390625,1454.0225830078125,2298.0494384765625,1430.6538696289062,16.315673828125,46.7374267578125
IMG_0038.mp4,243,8.1081,29.97002997002997,4,1,traffic_lights,0.750839352607727,1705.4019775390625,148.0653533935547,1815.51513671875,361.13934326171875,1760.4585571289062,254.60234832763672,110.1131591796875,213.07398986816406
IMG_0038.mp4,243,8.1081,29.97002997002997,87,1,traffic_lights,0.6377361416816711,1567.1629638671875,142.47476196289062,1688.1812744140625,353.80474853515625,1627.672119140625,248.13975524902344,121.018310546875,211.32998657226562
IMG_0038.mp4,243,8.1081,29.97002997002997,2,2,traffic_signs,0.8663769364356995,2277.4384765625,1524.3282470703125,2305.2060546875,1580.1778564453125,2291.322265625,1552.2530517578125,27.767578125,55.849609375
IMG_0038.mp4,243,8.1081,29.97002997002997,7,2,traffic_signs,0.5720449090003967,2358.512939453125,1565.50390625,2372.474853515625,1595.9332275390625,2365.493896484375,1580.7185668945312,13.9619140625,30.4293212890625
IMG_0038.mp4,244,8.141466666666666,29.97002997002997,1,2,traffic_signs,0.8511096239089966,2445.46875,1477.4652099609375,2472.8388671875,1550.969970703125,2459.15380859375,1514.2175903320312,27.3701171875,73.5047607421875
IMG_0038.mp4,244,8.141466666666666,29.97002997002997,6,1,traffic_lights,0.7666720151901245,2290.186767578125,1407.32568359375,2306.4853515625,1454.2264404296875,2298.3360595703125,1430.7760620117188,16.298583984375,46.9007568359375
IMG_0038.mp4,244,8.141466666666666,29.97002997002997,4,1,traffic_lights,0.531579315662384,1705.4957275390625,148.13351440429688,1815.34716796875,361.8063049316406,1760.4214477539062,254.96990966796875,109.8514404296875,213.67279052734375
IMG_0038.mp4,244,8.141466666666666,29.97002997002997,87,1,traffic_lights,0.686214029788971,1567.32861328125,142.21746826171875,1688.9178466796875,354.62359619140625,1628.1232299804688,248.4205322265625,121.5892333984375,212.4061279296875
IMG_0038.mp4,244,8.141466666666666,29.97002997002997,2,2,traffic_signs,0.8524206876754761,2277.541015625,1524.945556640625,2305.1435546875,1580.135009765625,2291.34228515625,1552.540283203125,27.6025390625,55.189453125
IMG_0038.mp4,244,8.141466666666666,29.97002997002997,7,2,traffic_signs,0.5355937480926514,2358.4384765625,1565.71875,2372.391357421875,1595.8951416015625,2365.4149169921875,1580.8069458007812,13.952880859375,30.1763916015625
IMG_0038.mp4,244,8.141466666666666,29.97002997002997,61,2,traffic_signs,0.2612324357032776,2568.1015625,1502.083251953125,2585.225341796875,1542.7681884765625,2576.6634521484375,1522.4257202148438,17.123779296875,40.6849365234375
IMG_0038.mp4,244,8.141466666666666,29.97002997002997,9,2,traffic_signs,0.3244709372520447,2557.540283203125,1541.1492919921875,2575.079345703125,1573.05615234375,2566.309814453125,1557.1027221679688,17.5390625,31.9068603515625
IMG_0038.mp4,245,8.174833333333334,29.97002997002997,1,2,traffic_signs,0.8517021536827087,2445.165283203125,1476.6685791015625,2472.97998046875,1550.9320068359375,2459.0726318359375,1513.80029296875,27.814697265625,74.263427734375
IMG_0038.mp4,245,8.174833333333334,29.97002997002997,6,1,traffic_lights,0.7593557834625244,2290.220458984375,1406.633544921875,2306.728271484375,1454.004638671875,2298.474365234375,1430.319091796875,16.5078125,47.37109375
IMG_0038.mp4,245,8.174833333333334,29.97002997002997,87,1,traffic_lights,0.6244387030601501,1567.0660400390625,141.09799194335938,1691.9891357421875,354.6814270019531,1629.527587890625,247.88970947265625,124.923095703125,213.58343505859375
IMG_0038.mp4,245,8.174833333333334,29.97002997002997,2,2,traffic_signs,0.8612629175186157,2277.43994140625,1524.3524169921875,2305.3466796875,1579.659423828125,2291.393310546875,1552.0059204101562,27.90673828125,55.3070068359375
IMG_0038.mp4,245,8.174833333333334,29.97002997002997,7,2,traffic_signs,0.4448184072971344,2358.586669921875,1565.8468017578125,2372.380615234375,1595.47119140625,2365.483642578125,1580.6589965820312,13.7939453125,29.6243896484375
IMG_0038.mp4,245,8.174833333333334,29.97002997002997,9,2,traffic_signs,0.25887882709503174,2557.404296875,1540.9249267578125,2575.026123046875,1573.601806640625,2566.2152099609375,1557.2633666992188,17.621826171875,32.6768798828125
IMG_0038.mp4,246,8.2082,29.97002997002997,1,2,traffic_signs,0.8552544116973877,2444.761474609375,1476.6143798828125,2472.90966796875,1551.4979248046875,2458.8355712890625,1514.05615234375,28.148193359375,74.883544921875
IMG_0038.mp4,246,8.2082,29.97002997002997,6,1,traffic_lights,0.760826826095581,2289.605224609375,1406.3746337890625,2306.515625,1454.177001953125,2298.0604248046875,1430.2758178710938,16.910400390625,47.8023681640625
IMG_0038.mp4,246,8.2082,29.97002997002997,87,1,traffic_lights,0.25136226415634155,1565.40380859375,142.00938415527344,1692.861572265625,358.0736389160156,1629.1326904296875,250.04151153564453,127.457763671875,216.0642547607422
IMG_0038.mp4,246,8.2082,29.97002997002997,2,2,traffic_signs,0.8683940768241882,2276.896728515625,1524.442138671875,2305.310302734375,1580.26953125,2291.103515625,1552.3558349609375,28.41357421875,55.827392578125
IMG_0038.mp4,246,8.2082,29.97002997002997,7,2,traffic_signs,0.5402244925498962,2358.13818359375,1565.5242919921875,2372.021728515625,1595.6856689453125,2365.0799560546875,1580.60498046875,13.883544921875,30.161376953125
IMG_0038.mp4,246,8.2082,29.97002997002997,9,2,traffic_signs,0.3667892813682556,2556.628662109375,1540.650146484375,2574.726806640625,1574.115966796875,2565.677734375,1557.383056640625,18.09814453125,33.4658203125
IMG_0038.mp4,246,8.2082,29.97002997002997,4,1,traffic_lights,0.46481677889823914,1697.6318359375,148.2247314453125,1816.159423828125,362.8308410644531,1756.8956298828125,255.5277862548828,118.527587890625,214.60610961914062
IMG_0038.mp4,247,8.241566666666667,29.97002997002997,1,2,traffic_signs,0.88751620054245,2444.95751953125,1477.0660400390625,2472.568115234375,1551.218505859375,2458.7628173828125,1514.1422729492188,27.610595703125,74.1524658203125
IMG_0038.mp4,247,8.241566666666667,29.97002997002997,2,2,traffic_signs,0.8600683808326721,2276.1455078125,1524.5723876953125,2305.02783203125,1580.3050537109375,2290.586669921875,1552.438720703125,28.88232421875,55.732666015625
IMG_0038.mp4,248,8.274933333333333,29.97002997002997,92,2,traffic_signs,0.3870837688446045,708.7424926757812,1524.35791015625,742.0872192382812,1557.0887451171875,725.4148559570312,1540.7233276367188,33.3447265625,32.7308349609375
IMG_0038.mp4,249,8.308300000000001,29.97002997002997,5,1,traffic_lights,0.4414442181587219,1123.4427490234375,1422.0284423828125,1156.3466796875,1467.02392578125,1139.8947143554688,1444.5261840820312,32.9039306640625,44.9954833984375
IMG_0038.mp4,249,8.308300000000001,29.97002997002997,6,1,traffic_lights,0.7397781610488892,2289.8115234375,1406.2271728515625,2306.76904296875,1453.159912109375,2298.290283203125,1429.6935424804688,16.95751953125,46.9327392578125
IMG_0038.mp4,249,8.308300000000001,29.97002997002997,7,2,traffic_signs,0.3744416832923889,2358.78662109375,1565.6392822265625,2372.53466796875,1594.455322265625,2365.66064453125,1580.0473022460938,13.748046875,28.8160400390625
IMG_0038.mp4,249,8.308300000000001,29.97002997002997,4,1,traffic_lights,0.3281957507133484,1696.6602783203125,148.18731689453125,1816.3116455078125,362.7460021972656,1756.4859619140625,255.46665954589844,119.6513671875,214.55868530273438
IMG_0038.mp4,249,8.308300000000001,29.97002997002997,1,2,traffic_signs,0.8421183824539185,2444.59130859375,1477.0234375,2471.966064453125,1550.6175537109375,2458.2786865234375,1513.8204956054688,27.374755859375,73.5941162109375
IMG_0038.mp4,249,8.308300000000001,29.97002997002997,2,2,traffic_signs,0.8630958199501038,2277.193359375,1523.8291015625,2304.921142578125,1579.3170166015625,2291.0572509765625,1551.5730590820312,27.727783203125,55.4879150390625
IMG_0038.mp4,250,8.341666666666667,29.97002997002997,5,1,traffic_lights,0.34765562415122986,1124.0152587890625,1422.234619140625,1157.2913818359375,1467.26904296875,1140.6533203125,1444.7518310546875,33.276123046875,45.034423828125
IMG_0038.mp4,250,8.341666666666667,29.97002997002997,6,1,traffic_lights,0.7524099946022034,2289.779296875,1406.14453125,2306.614501953125,1453.5672607421875,2298.1968994140625,1429.8558959960938,16.835205078125,47.4227294921875
IMG_0038.mp4,250,8.341666666666667,29.97002997002997,7,2,traffic_signs,0.5725831985473633,2358.4609375,1564.9608154296875,2372.47314453125,1594.671142578125,2365.467041015625,1579.8159790039062,14.01220703125,29.7103271484375
IMG_0038.mp4,250,8.341666666666667,29.97002997002997,4,1,traffic_lights,0.5013508796691895,1699.67529296875,148.15164184570312,1815.3236083984375,363.4208679199219,1757.4994506835938,255.7862548828125,115.6483154296875,215.26922607421875
IMG_0038.mp4,250,8.341666666666667,29.97002997002997,1,2,traffic_signs,0.8529272079467773,2443.890380859375,1476.9033203125,2471.75732421875,1550.690185546875,2457.8238525390625,1513.7967529296875,27.866943359375,73.786865234375
IMG_0038.mp4,250,8.341666666666667,29.97002997002997,2,2,traffic_signs,0.8667062520980835,2276.927734375,1523.685546875,2304.783203125,1579.669189453125,2290.85546875,1551.6773681640625,27.85546875,55.983642578125
IMG_0038.mp4,250,8.341666666666667,29.97002997002997,87,1,traffic_lights,0.5037911534309387,1565.412109375,143.28439331054688,1692.0478515625,360.1962890625,1628.72998046875,251.74034118652344,126.6357421875,216.91189575195312
IMG_0038.mp4,251,8.375033333333333,29.97002997002997,5,1,traffic_lights,0.4890488088130951,1123.96826171875,1422.0272216796875,1157.9447021484375,1467.185302734375,1140.9564819335938,1444.6062622070312,33.9764404296875,45.1580810546875
IMG_0038.mp4,251,8.375033333333333,29.97002997002997,6,1,traffic_lights,0.7655454277992249,2289.388427734375,1405.865234375,2306.147705078125,1453.3377685546875,2297.76806640625,1429.6015014648438,16.75927734375,47.4725341796875
IMG_0038.mp4,251,8.375033333333333,29.97002997002997,7,2,traffic_signs,0.5942348837852478,2358.0986328125,1564.472900390625,2372.112548828125,1594.38623046875,2365.1055908203125,1579.4295654296875,14.013916015625,29.913330078125
IMG_0038.mp4,251,8.375033333333333,29.97002997002997,4,1,traffic_lights,0.8366334438323975,1700.2867431640625,148.40213012695312,1815.6702880859375,363.2252197265625,1757.978515625,255.8136749267578,115.383544921875,214.82308959960938
IMG_0038.mp4,251,8.375033333333333,29.97002997002997,1,2,traffic_signs,0.852028489112854,2443.85498046875,1476.8624267578125,2471.23828125,1549.919677734375,2457.546630859375,1513.3910522460938,27.38330078125,73.0572509765625
IMG_0038.mp4,251,8.375033333333333,29.97002997002997,2,2,traffic_signs,0.8554317355155945,2276.561767578125,1523.6024169921875,2304.23095703125,1579.296875,2290.3963623046875,1551.4496459960938,27.669189453125,55.6944580078125
IMG_0038.mp4,251,8.375033333333333,29.97002997002997,87,1,traffic_lights,0.5911224484443665,1564.928955078125,143.44134521484375,1691.5557861328125,360.32208251953125,1628.2423706054688,251.8817138671875,126.6268310546875,216.8807373046875
IMG_0038.mp4,252,8.4084,29.97002997002997,5,1,traffic_lights,0.6459168791770935,1124.74853515625,1421.7646484375,1157.9144287109375,1466.61279296875,1141.3314819335938,1444.188720703125,33.1658935546875,44.84814453125
IMG_0038.mp4,252,8.4084,29.97002997002997,6,1,traffic_lights,0.7684327960014343,2289.248046875,1405.760986328125,2306.259765625,1453.2904052734375,2297.75390625,1429.5256958007812,17.01171875,47.5294189453125
IMG_0038.mp4,252,8.4084,29.97002997002997,7,2,traffic_signs,0.6113367080688477,2358.14306640625,1564.8843994140625,2372.216552734375,1594.6611328125,2365.1798095703125,1579.7727661132812,14.073486328125,29.7767333984375
IMG_0038.mp4,252,8.4084,29.97002997002997,4,1,traffic_lights,0.4494231045246124,1702.8348388671875,148.7496337890625,1815.3062744140625,364.0776672363281,1759.070556640625,256.4136505126953,112.471435546875,215.32803344726562
IMG_0038.mp4,252,8.4084,29.97002997002997,1,2,traffic_signs,0.8554543256759644,2444.206298828125,1477.0909423828125,2471.30029296875,1549.5167236328125,2457.7532958984375,1513.3038330078125,27.093994140625,72.42578125
IMG_0038.mp4,252,8.4084,29.97002997002997,2,2,traffic_signs,0.8594614863395691,2276.852294921875,1523.7899169921875,2304.306884765625,1579.1090087890625,2290.57958984375,1551.449462890625,27.45458984375,55.319091796875
IMG_0038.mp4,252,8.4084,29.97002997002997,87,1,traffic_lights,0.3382774293422699,1565.4091796875,144.24827575683594,1693.861083984375,361.5343933105469,1629.6351318359375,252.8913345336914,128.451904296875,217.28611755371094
IMG_0038.mp4,253,8.441766666666666,29.97002997002997,5,1,traffic_lights,0.7075991034507751,1124.8135986328125,1421.3895263671875,1158.7490234375,1466.1383056640625,1141.7813110351562,1443.763916015625,33.9354248046875,44.748779296875
IMG_0038.mp4,253,8.441766666666666,29.97002997002997,6,1,traffic_lights,0.7717202305793762,2289.309814453125,1405.662353515625,2306.205810546875,1453.033935546875,2297.7578125,1429.34814453125,16.89599609375,47.37158203125
IMG_0038.mp4,253,8.441766666666666,29.97002997002997,7,2,traffic_signs,0.6169119477272034,2358.135986328125,1565.091552734375,2372.32568359375,1594.703857421875,2365.2308349609375,1579.897705078125,14.189697265625,29.6123046875
IMG_0038.mp4,253,8.441766666666666,29.97002997002997,4,1,traffic_lights,0.5402776598930359,1702.533935546875,148.21205139160156,1814.886962890625,363.7059020996094,1758.71044921875,255.95897674560547,112.35302734375,215.4938507080078
IMG_0038.mp4,253,8.441766666666666,29.97002997002997,1,2,traffic_signs,0.8556576371192932,2444.568115234375,1477.3719482421875,2471.368408203125,1549.0433349609375,2457.96826171875,1513.2076416015625,26.80029296875,71.67138671875
IMG_0038.mp4,253,8.441766666666666,29.97002997002997,2,2,traffic_signs,0.861748218536377,2277.0595703125,1523.824951171875,2304.412353515625,1579.0673828125,2290.7359619140625,1551.4461669921875,27.352783203125,55.242431640625
IMG_0038.mp4,253,8.441766666666666,29.97002997002997,87,1,traffic_lights,0.5921041369438171,1565.5640869140625,144.04336547851562,1692.0797119140625,360.5870666503906,1628.8218994140625,252.31521606445312,126.515625,216.543701171875
IMG_0038.mp4,254,8.475133333333334,29.97002997002997,5,1,traffic_lights,0.7442047595977783,1124.6800537109375,1421.391845703125,1158.0877685546875,1465.9134521484375,1141.3839111328125,1443.6526489257812,33.40771484375,44.5216064453125
IMG_0038.mp4,254,8.475133333333334,29.97002997002997,6,1,traffic_lights,0.766290545463562,2289.260986328125,1405.76611328125,2305.982666015625,1452.7740478515625,2297.621826171875,1429.2700805664062,16.7216796875,47.0079345703125
IMG_0038.mp4,254,8.475133333333334,29.97002997002997,7,2,traffic_signs,0.6735453009605408,2357.8759765625,1564.7249755859375,2372.16357421875,1594.7568359375,2365.019775390625,1579.7409057617188,14.28759765625,30.0318603515625
IMG_0038.mp4,254,8.475133333333334,29.97002997002997,4,1,traffic_lights,0.9100704193115234,1700.3193359375,148.2946014404297,1816.258056640625,363.25299072265625,1758.2886962890625,255.77379608154297,115.938720703125,214.95838928222656
IMG_0038.mp4,254,8.475133333333334,29.97002997002997,1,2,traffic_signs,0.8529552221298218,2444.329345703125,1477.62353515625,2471.164794921875,1548.993408203125,2457.7470703125,1513.3084716796875,26.83544921875,71.369873046875
IMG_0038.mp4,254,8.475133333333334,29.97002997002997,2,2,traffic_signs,0.8596435189247131,2277.107666015625,1523.846435546875,2304.310302734375,1579.0574951171875,2290.708984375,1551.4519653320312,27.20263671875,55.2110595703125
IMG_0038.mp4,254,8.475133333333334,29.97002997002997,87,1,traffic_lights,0.5131624341011047,1565.4237060546875,143.95196533203125,1691.9554443359375,359.92626953125,1628.6895751953125,251.93911743164062,126.53173828125,215.97430419921875
IMG_0038.mp4,255,8.5085,29.97002997002997,5,1,traffic_lights,0.6759204268455505,1124.5494384765625,1421.354736328125,1157.2210693359375,1465.2755126953125,1140.88525390625,1443.3151245117188,32.671630859375,43.9207763671875
IMG_0038.mp4,255,8.5085,29.97002997002997,6,1,traffic_lights,0.7562288641929626,2288.956787109375,1405.7669677734375,2305.625732421875,1452.4427490234375,2297.291259765625,1429.1048583984375,16.6689453125,46.67578125
IMG_0038.mp4,255,8.5085,29.97002997002997,7,2,traffic_signs,0.6452299356460571,2357.849853515625,1564.5396728515625,2371.839111328125,1594.46484375,2364.844482421875,1579.5022583007812,13.9892578125,29.9251708984375
IMG_0038.mp4,255,8.5085,29.97002997002997,4,1,traffic_lights,0.9007397294044495,1701.249267578125,148.54542541503906,1816.3504638671875,363.407470703125,1758.7998657226562,255.97644805908203,115.1011962890625,214.86204528808594
IMG_0038.mp4,255,8.5085,29.97002997002997,1,2,traffic_signs,0.853642463684082,2443.802001953125,1477.6326904296875,2470.979736328125,1548.7652587890625,2457.390869140625,1513.198974609375,27.177734375,71.132568359375
IMG_0038.mp4,255,8.5085,29.97002997002997,2,2,traffic_signs,0.8573065400123596,2276.912841796875,1523.70166015625,2304.292236328125,1578.9320068359375,2290.6025390625,1551.3168334960938,27.37939453125,55.2303466796875
IMG_0038.mp4,255,8.5085,29.97002997002997,87,1,traffic_lights,0.27168720960617065,1565.311279296875,144.15921020507812,1691.6649169921875,359.86529541015625,1628.4880981445312,252.0122528076172,126.3536376953125,215.70608520507812
IMG_0038.mp4,256,8.541866666666667,29.97002997002997,5,1,traffic_lights,0.7750566005706787,1124.5538330078125,1421.3551025390625,1157.769287109375,1465.38037109375,1141.1615600585938,1443.3677368164062,33.2154541015625,44.0252685546875
IMG_0038.mp4,256,8.541866666666667,29.97002997002997,6,1,traffic_lights,0.7645202875137329,2288.754638671875,1405.6781005859375,2305.50390625,1452.27783203125,2297.1292724609375,1428.9779663085938,16.749267578125,46.5997314453125
IMG_0038.mp4,256,8.541866666666667,29.97002997002997,7,2,traffic_signs,0.6137372255325317,2357.75048828125,1564.166259765625,2371.716552734375,1594.2633056640625,2364.7335205078125,1579.2147827148438,13.966064453125,30.0970458984375
IMG_0038.mp4,256,8.541866666666667,29.97002997002997,4,1,traffic_lights,0.8025954365730286,1702.71533203125,148.56202697753906,1815.5616455078125,364.2216796875,1759.1384887695312,256.39185333251953,112.8463134765625,215.65965270996094
IMG_0038.mp4,256,8.541866666666667,29.97002997002997,1,2,traffic_signs,0.8561119437217712,2443.639892578125,1477.5904541015625,2470.9951171875,1548.5330810546875,2457.3175048828125,1513.061767578125,27.355224609375,70.942626953125
IMG_0038.mp4,256,8.541866666666667,29.97002997002997,2,2,traffic_signs,0.8587812781333923,2276.783935546875,1523.7083740234375,2304.2158203125,1579.0927734375,2290.4998779296875,1551.4005737304688,27.431884765625,55.3843994140625
IMG_0038.mp4,256,8.541866666666667,29.97002997002997,87,1,traffic_lights,0.33805012702941895,1565.37255859375,144.46188354492188,1690.2918701171875,360.1752014160156,1627.8322143554688,252.31854248046875,124.9193115234375,215.71331787109375
IMG_0038.mp4,257,8.575233333333333,29.97002997002997,5,1,traffic_lights,0.7149398922920227,1124.361083984375,1421.4146728515625,1157.5565185546875,1465.8475341796875,1140.9588012695312,1443.631103515625,33.1954345703125,44.432861328125
IMG_0038.mp4,257,8.575233333333333,29.97002997002997,6,1,traffic_lights,0.7677013874053955,2288.76953125,1405.7613525390625,2305.73388671875,1452.294921875,2297.251708984375,1429.0281372070312,16.96435546875,46.5335693359375
IMG_0038.mp4,257,8.575233333333333,29.97002997002997,7,2,traffic_signs,0.5676632523536682,2357.908935546875,1564.5570068359375,2371.75537109375,1594.36669921875,2364.8321533203125,1579.4618530273438,13.846435546875,29.8096923828125
IMG_0038.mp4,257,8.575233333333333,29.97002997002997,4,1,traffic_lights,0.8824136257171631,1705.3543701171875,148.46923828125,1816.0611572265625,363.25537109375,1760.707763671875,255.8623046875,110.706787109375,214.7861328125
IMG_0038.mp4,257,8.575233333333333,29.97002997002997,1,2,traffic_signs,0.8578019142150879,2443.931640625,1477.7535400390625,2471.428466796875,1548.852783203125,2457.6800537109375,1513.3031616210938,27.496826171875,71.0992431640625
IMG_0038.mp4,257,8.575233333333333,29.97002997002997,2,2,traffic_signs,0.8527359366416931,2277.115234375,1524.0633544921875,2304.256591796875,1578.977783203125,2290.6859130859375,1551.5205688476562,27.141357421875,54.9144287109375
IMG_0038.mp4,258,8.608600000000001,29.97002997002997,5,1,traffic_lights,0.49098899960517883,1124.364013671875,1421.434814453125,1157.356201171875,1465.695556640625,1140.860107421875,1443.565185546875,32.9921875,44.2607421875
IMG_0038.mp4,258,8.608600000000001,29.97002997002997,6,1,traffic_lights,0.7540761232376099,2288.475341796875,1405.261474609375,2305.432861328125,1451.4862060546875,2296.9541015625,1428.3738403320312,16.95751953125,46.2247314453125
IMG_0038.mp4,258,8.608600000000001,29.97002997002997,7,2,traffic_signs,0.6106650233268738,2357.63525390625,1563.874267578125,2371.886474609375,1593.9288330078125,2364.7608642578125,1578.9015502929688,14.251220703125,30.0545654296875
IMG_0038.mp4,258,8.608600000000001,29.97002997002997,4,1,traffic_lights,0.8499951362609863,1705.356201171875,148.69618225097656,1815.759765625,364.0152282714844,1760.5579833984375,256.35570526123047,110.403564453125,215.3190460205078
IMG_0038.mp4,258,8.608600000000001,29.97002997002997,1,2,traffic_signs,0.8648356795310974,2443.494384765625,1477.17431640625,2471.275634765625,1548.3262939453125,2457.385009765625,1512.7503051757812,27.78125,71.1519775390625
IMG_0038.mp4,258,8.608600000000001,29.97002997002997,2,2,traffic_signs,0.8378818035125732,2277.00341796875,1523.888671875,2303.90625,1577.9130859375,2290.454833984375,1550.90087890625,26.90283203125,54.0244140625
IMG_0038.mp4,258,8.608600000000001,29.97002997002997,87,1,traffic_lights,0.4183669090270996,1565.2418212890625,144.59498596191406,1690.3294677734375,359.90869140625,1627.78564453125,252.25183868408203,125.087646484375,215.31370544433594
IMG_0038.mp4,259,8.641966666666667,29.97002997002997,6,1,traffic_lights,0.7575665712356567,2288.57568359375,1405.5599365234375,2305.258544921875,1451.219482421875,2296.9171142578125,1428.3897094726562,16.682861328125,45.6595458984375
IMG_0038.mp4,259,8.641966666666667,29.97002997002997,7,2,traffic_signs,0.6519941091537476,2357.75732421875,1564.0838623046875,2372.26708984375,1594.1085205078125,2365.01220703125,1579.09619140625,14.509765625,30.024658203125
IMG_0038.mp4,259,8.641966666666667,29.97002997002997,4,1,traffic_lights,0.8659161925315857,1705.56201171875,148.006591796875,1815.4630126953125,363.2890625,1760.5125122070312,255.6478271484375,109.9010009765625,215.282470703125
IMG_0038.mp4,259,8.641966666666667,29.97002997002997,1,2,traffic_signs,0.8648487329483032,2443.2744140625,1477.21142578125,2471.525634765625,1548.4881591796875,2457.4000244140625,1512.8497924804688,28.251220703125,71.2767333984375
IMG_0038.mp4,259,8.641966666666667,29.97002997002997,2,2,traffic_signs,0.8362183570861816,2276.880126953125,1524.2703857421875,2303.975830078125,1577.744140625,2290.427978515625,1551.0072631835938,27.095703125,53.4737548828125
IMG_0038.mp4,260,8.675333333333333,29.97002997002997,6,1,traffic_lights,0.742314875125885,2289.233154296875,1406.097412109375,2305.614013671875,1450.9512939453125,2297.423583984375,1428.5243530273438,16.380859375,44.8538818359375
IMG_0038.mp4,260,8.675333333333333,29.97002997002997,7,2,traffic_signs,0.7221037149429321,2357.275390625,1563.7969970703125,2372.29736328125,1593.885498046875,2364.786376953125,1578.8412475585938,15.02197265625,30.0885009765625
IMG_0038.mp4,260,8.675333333333333,29.97002997002997,4,1,traffic_lights,0.8927730321884155,1704.897216796875,148.2795867919922,1816.0911865234375,362.5011291503906,1760.4942016601562,255.3903579711914,111.1939697265625,214.22154235839844
IMG_0038.mp4,260,8.675333333333333,29.97002997002997,1,2,traffic_signs,0.8608409762382507,2443.248046875,1476.87353515625,2471.3583984375,1548.51611328125,2457.30322265625,1512.69482421875,28.1103515625,71.642578125
IMG_0038.mp4,260,8.675333333333333,29.97002997002997,2,2,traffic_signs,0.6940327882766724,2277.825927734375,1525.990966796875,2304.309326171875,1578.01904296875,2291.067626953125,1552.0050048828125,26.4833984375,52.028076171875
IMG_0038.mp4,260,8.675333333333333,29.97002997002997,9,2,traffic_signs,0.366108775138855,2552.853271484375,1540.1968994140625,2572.07568359375,1569.3092041015625,2562.4644775390625,1554.7530517578125,19.222412109375,29.1123046875
IMG_0038.mp4,261,8.7087,29.97002997002997,6,1,traffic_lights,0.7735036611557007,2288.588134765625,1405.867431640625,2305.5888671875,1450.7796630859375,2297.0885009765625,1428.3235473632812,17.000732421875,44.9122314453125
IMG_0038.mp4,261,8.7087,29.97002997002997,4,1,traffic_lights,0.8545007109642029,1700.54150390625,148.34918212890625,1816.2869873046875,363.2516174316406,1758.4142456054688,255.80039978027344,115.7454833984375,214.90243530273438
IMG_0038.mp4,261,8.7087,29.97002997002997,1,2,traffic_signs,0.8517969846725464,2442.97607421875,1477.1705322265625,2471.298583984375,1548.144775390625,2457.1373291015625,1512.6576538085938,28.322509765625,70.9742431640625
IMG_0038.mp4,262,8.742066666666666,29.97002997002997,4,1,traffic_lights,0.6095611453056335,1703.978271484375,148.5477752685547,1816.004150390625,362.65545654296875,1759.9912109375,255.60161590576172,112.02587890625,214.10768127441406
IMG_0038.mp4,262,8.742066666666666,29.97002997002997,92,2,traffic_signs,0.26319167017936707,708.0733642578125,1523.86865234375,744.5577392578125,1553.2557373046875,726.3155517578125,1538.5621948242188,36.484375,29.3870849609375
IMG_0038.mp4,263,8.775433333333334,29.97002997002997,4,1,traffic_lights,0.9099721312522888,1706.824462890625,149.21946716308594,1817.114501953125,362.1452331542969,1761.969482421875,255.6823501586914,110.2900390625,212.92576599121094
IMG_0038.mp4,263,8.775433333333334,29.97002997002997,2,2,traffic_signs,0.8301699161529541,2277.8671875,1525.345703125,2304.53369140625,1579.164306640625,2291.200439453125,1552.2550048828125,26.66650390625,53.818603515625
IMG_0038.mp4,263,8.775433333333334,29.97002997002997,1,2,traffic_signs,0.8681381344795227,2444.30224609375,1477.31689453125,2472.5458984375,1549.3480224609375,2458.424072265625,1513.3324584960938,28.24365234375,72.0311279296875
IMG_0038.mp4,264,8.8088,29.97002997002997,4,1,traffic_lights,0.8713957667350769,1706.7564697265625,148.14813232421875,1816.87109375,361.7544860839844,1761.8137817382812,254.95130920410156,110.1146240234375,213.60635375976562
IMG_0038.mp4,264,8.8088,29.97002997002997,2,2,traffic_signs,0.8515960574150085,2277.26904296875,1523.8636474609375,2304.21728515625,1579.8094482421875,2290.7431640625,1551.8365478515625,26.9482421875,55.94580078125
IMG_0038.mp4,264,8.8088,29.97002997002997,1,2,traffic_signs,0.8641316294670105,2443.87890625,1476.5982666015625,2472.24169921875,1550.029541015625,2458.060302734375,1513.3139038085938,28.36279296875,73.4312744140625
IMG_0038.mp4,264,8.8088,29.97002997002997,7,2,traffic_signs,0.6252296566963196,2357.769775390625,1564.7406005859375,2371.9091796875,1595.274658203125,2364.8394775390625,1580.0076293945312,14.139404296875,30.5340576171875
IMG_0038.mp4,264,8.8088,29.97002997002997,9,2,traffic_signs,0.4832128584384918,2554.541259765625,1540.35107421875,2574.564453125,1570.359130859375,2564.5528564453125,1555.3551025390625,20.023193359375,30.008056640625
IMG_0038.mp4,264,8.8088,29.97002997002997,6,1,traffic_lights,0.7526213526725769,2288.184326171875,1405.7850341796875,2305.4384765625,1452.0084228515625,2296.8114013671875,1428.896728515625,17.254150390625,46.223388671875
IMG_0038.mp4,265,8.842166666666667,29.97002997002997,2,2,traffic_signs,0.8438859581947327,2277.87451171875,1524.1063232421875,2304.42578125,1580.184326171875,2291.150146484375,1552.1453247070312,26.55126953125,56.0780029296875
IMG_0038.mp4,265,8.842166666666667,29.97002997002997,1,2,traffic_signs,0.8614765405654907,2444.351318359375,1476.67822265625,2472.677490234375,1550.927734375,2458.514404296875,1513.802978515625,28.326171875,74.24951171875
IMG_0038.mp4,265,8.842166666666667,29.97002997002997,7,2,traffic_signs,0.5580304265022278,2358.327880859375,1565.2303466796875,2372.06591796875,1595.553955078125,2365.1968994140625,1580.3921508789062,13.738037109375,30.3236083984375
IMG_0038.mp4,265,8.842166666666667,29.97002997002997,9,2,traffic_signs,0.2688201367855072,2555.53173828125,1541.5577392578125,2574.43896484375,1570.5738525390625,2564.9853515625,1556.0657958984375,18.9072265625,29.01611328125
IMG_0038.mp4,265,8.842166666666667,29.97002997002997,6,1,traffic_lights,0.7317274212837219,2288.647216796875,1406.0433349609375,2306.30419921875,1453.1512451171875,2297.4757080078125,1429.5972900390625,17.656982421875,47.10791015625
IMG_0038.mp4,265,8.842166666666667,29.97002997002997,5,1,traffic_lights,0.8156532049179077,1124.229736328125,1420.2291259765625,1157.982177734375,1467.6708984375,1141.10595703125,1443.9500122070312,33.75244140625,47.4417724609375
IMG_0038.mp4,266,8.875533333333333,29.97002997002997,2,2,traffic_signs,0.8492053747177124,2277.926025390625,1523.869384765625,2304.411865234375,1579.7960205078125,2291.1689453125,1551.8327026367188,26.48583984375,55.9266357421875
IMG_0038.mp4,266,8.875533333333333,29.97002997002997,1,2,traffic_signs,0.8653149604797363,2444.707763671875,1476.1024169921875,2472.592041015625,1550.2861328125,2458.64990234375,1513.1942749023438,27.88427734375,74.1837158203125
IMG_0038.mp4,266,8.875533333333333,29.97002997002997,7,2,traffic_signs,0.487416535615921,2358.623046875,1565.582763671875,2372.011474609375,1595.2171630859375,2365.3172607421875,1580.3999633789062,13.388427734375,29.6343994140625
IMG_0038.mp4,266,8.875533333333333,29.97002997002997,9,2,traffic_signs,0.3037109076976776,2555.624267578125,1540.364990234375,2574.79931640625,1571.35595703125,2565.2117919921875,1555.8604736328125,19.175048828125,30.990966796875
IMG_0038.mp4,266,8.875533333333333,29.97002997002997,6,1,traffic_lights,0.7652003169059753,2288.88134765625,1405.924072265625,2306.561279296875,1452.7308349609375,2297.7213134765625,1429.3274536132812,17.679931640625,46.8067626953125
IMG_0038.mp4,266,8.875533333333333,29.97002997002997,5,1,traffic_lights,0.6405787467956543,1123.824951171875,1421.251708984375,1156.35546875,1468.9659423828125,1140.0902099609375,1445.1088256835938,32.530517578125,47.7142333984375
IMG_0038.mp4,266,8.875533333333333,29.97002997002997,4,1,traffic_lights,0.932466447353363,1700.427734375,148.05593872070312,1818.2149658203125,361.85223388671875,1759.3213500976562,254.95408630371094,117.7872314453125,213.79629516601562
IMG_0038.mp4,267,8.908900000000001,29.97002997002997,2,2,traffic_signs,0.8449326753616333,2278.17724609375,1524.3482666015625,2304.48974609375,1580.1358642578125,2291.33349609375,1552.2420654296875,26.3125,55.78759765625
IMG_0038.mp4,267,8.908900000000001,29.97002997002997,1,2,traffic_signs,0.8598178029060364,2445.3505859375,1476.3448486328125,2472.787353515625,1550.5426025390625,2459.0689697265625,1513.4437255859375,27.436767578125,74.19775390625
IMG_0038.mp4,267,8.908900000000001,29.97002997002997,7,2,traffic_signs,0.48797646164894104,2358.826904296875,1566.03369140625,2372.198974609375,1595.872802734375,2365.512939453125,1580.9532470703125,13.3720703125,29.839111328125
IMG_0038.mp4,267,8.908900000000001,29.97002997002997,6,1,traffic_lights,0.7703974843025208,2289.3017578125,1406.6597900390625,2306.643798828125,1453.27490234375,2297.9727783203125,1429.9673461914062,17.342041015625,46.6151123046875
IMG_0038.mp4,267,8.908900000000001,29.97002997002997,5,1,traffic_lights,0.7500078082084656,1123.1024169921875,1422.2987060546875,1154.940185546875,1470.094970703125,1139.0213012695312,1446.1968383789062,31.8377685546875,47.7962646484375
IMG_0038.mp4,267,8.908900000000001,29.97002997002997,4,1,traffic_lights,0.9022387266159058,1699.9482421875,147.71470642089844,1817.2808837890625,362.1973571777344,1758.6145629882812,254.9560317993164,117.3326416015625,214.48265075683594
IMG_0038.mp4,267,8.908900000000001,29.97002997002997,87,1,traffic_lights,0.30366596579551697,1564.359375,142.79469299316406,1688.310546875,361.3138122558594,1626.3349609375,252.05425262451172,123.951171875,218.5191192626953
IMG_0038.mp4,268,8.942266666666667,29.97002997002997,2,2,traffic_signs,0.865411639213562,2278.021240234375,1524.63525390625,2304.97119140625,1579.7017822265625,2291.4962158203125,1552.1685180664062,26.949951171875,55.0665283203125
IMG_0038.mp4,268,8.942266666666667,29.97002997002997,7,2,traffic_signs,0.42193347215652466,2358.685791015625,1565.8538818359375,2372.171875,1596.90478515625,2365.4288330078125,1581.3793334960938,13.486083984375,31.0509033203125
IMG_0038.mp4,268,8.942266666666667,29.97002997002997,6,1,traffic_lights,0.6199504733085632,2289.567626953125,1407.478515625,2306.873779296875,1451.8055419921875,2298.220703125,1429.6420288085938,17.30615234375,44.3270263671875
IMG_0038.mp4,268,8.942266666666667,29.97002997002997,5,1,traffic_lights,0.7529470324516296,1123.519775390625,1421.7821044921875,1155.67041015625,1469.6553955078125,1139.5950927734375,1445.71875,32.150634765625,47.873291015625
IMG_0038.mp4,268,8.942266666666667,29.97002997002997,4,1,traffic_lights,0.8540108799934387,1698.5771484375,147.1592254638672,1816.6513671875,362.787109375,1757.6142578125,254.9731674194336,118.07421875,215.6278839111328
IMG_0038.mp4,269,8.975633333333333,29.97002997002997,5,1,traffic_lights,0.7270375490188599,1123.382568359375,1421.678466796875,1154.1690673828125,1468.9237060546875,1138.7758178710938,1445.3010864257812,30.7864990234375,47.2452392578125
IMG_0038.mp4,269,8.975633333333333,29.97002997002997,4,1,traffic_lights,0.8521193265914917,1699.8582763671875,147.84298706054688,1816.2947998046875,362.4872741699219,1758.0765380859375,255.16513061523438,116.4365234375,214.644287109375
IMG_0038.mp4,269,8.975633333333333,29.97002997002997,9,2,traffic_signs,0.4779248535633087,2555.275390625,1537.369384765625,2575.5859375,1576.2498779296875,2565.4306640625,1556.8096313476562,20.310546875,38.8804931640625
IMG_0038.mp4,269,8.975633333333333,29.97002997002997,1,2,traffic_signs,0.7830708622932434,2446.4111328125,1489.718994140625,2473.35009765625,1548.66748046875,2459.880615234375,1519.1932373046875,26.93896484375,58.948486328125
IMG_0038.mp4,270,9.009,29.97002997002997,5,1,traffic_lights,0.6856595277786255,1124.007568359375,1421.194580078125,1155.878662109375,1469.16455078125,1139.943115234375,1445.1795654296875,31.87109375,47.969970703125
IMG_0038.mp4,270,9.009,29.97002997002997,4,1,traffic_lights,0.8882648348808289,1699.9464111328125,147.93685913085938,1816.1275634765625,363.0577087402344,1758.0369873046875,255.49728393554688,116.18115234375,215.120849609375
IMG_0038.mp4,270,9.009,29.97002997002997,1,2,traffic_signs,0.8551600575447083,2444.840087890625,1479.939697265625,2472.466796875,1549.4417724609375,2458.6534423828125,1514.6907348632812,27.626708984375,69.5020751953125
IMG_0038.mp4,270,9.009,29.97002997002997,87,1,traffic_lights,0.7035413384437561,1565.358642578125,142.6934814453125,1687.4615478515625,361.9635009765625,1626.4100952148438,252.3284912109375,122.1029052734375,219.27001953125
IMG_0038.mp4,270,9.009,29.97002997002997,2,2,traffic_signs,0.859025239944458,2276.493896484375,1524.1568603515625,2304.736328125,1579.5810546875,2290.6151123046875,1551.8689575195312,28.242431640625,55.4241943359375
IMG_0038.mp4,270,9.009,29.97002997002997,7,2,traffic_signs,0.44615766406059265,2357.46826171875,1565.286376953125,2371.330078125,1595.6220703125,2364.399169921875,1580.4542236328125,13.86181640625,30.335693359375
IMG_0038.mp4,270,9.009,29.97002997002997,6,1,traffic_lights,0.7421161532402039,2288.605712890625,1405.8848876953125,2306.970458984375,1452.1854248046875,2297.7880859375,1429.03515625,18.36474609375,46.300537109375
IMG_0038.mp4,271,9.042366666666666,29.97002997002997,5,1,traffic_lights,0.7081791162490845,1124.365478515625,1421.638671875,1156.165283203125,1470.0701904296875,1140.265380859375,1445.8544311523438,31.7998046875,48.4315185546875
IMG_0038.mp4,271,9.042366666666666,29.97002997002997,1,2,traffic_signs,0.860176146030426,2444.196044921875,1478.5416259765625,2472.894775390625,1550.20068359375,2458.54541015625,1514.3711547851562,28.69873046875,71.6590576171875
IMG_0038.mp4,271,9.042366666666666,29.97002997002997,87,1,traffic_lights,0.8494438529014587,1565.7137451171875,141.89288330078125,1684.3116455078125,359.44769287109375,1625.0126953125,250.6702880859375,118.597900390625,217.5548095703125
IMG_0038.mp4,271,9.042366666666666,29.97002997002997,2,2,traffic_signs,0.8594279289245605,2277.0654296875,1524.789306640625,2304.98583984375,1580.2222900390625,2291.025634765625,1552.5057983398438,27.92041015625,55.4329833984375
IMG_0038.mp4,271,9.042366666666666,29.97002997002997,7,2,traffic_signs,0.6098012924194336,2357.791015625,1565.3404541015625,2372.105712890625,1595.9483642578125,2364.9483642578125,1580.6444091796875,14.314697265625,30.60791015625
IMG_0038.mp4,271,9.042366666666666,29.97002997002997,6,1,traffic_lights,0.7398406267166138,2289.337890625,1407.3785400390625,2307.199462890625,1452.704345703125,2298.2686767578125,1430.0414428710938,17.861572265625,45.3258056640625
IMG_0038.mp4,271,9.042366666666666,29.97002997002997,9,2,traffic_signs,0.3769034743309021,2556.3515625,1539.298828125,2574.902099609375,1574.12841796875,2565.6268310546875,1556.713623046875,18.550537109375,34.82958984375
IMG_0038.mp4,272,9.075733333333334,29.97002997002997,5,1,traffic_lights,0.7866829633712769,1124.929443359375,1421.2996826171875,1158.30224609375,1468.664794921875,1141.6158447265625,1444.9822387695312,33.372802734375,47.3651123046875
IMG_0038.mp4,272,9.075733333333334,29.97002997002997,1,2,traffic_signs,0.8584612607955933,2444.2939453125,1477.28466796875,2472.34912109375,1549.583251953125,2458.321533203125,1513.4339599609375,28.05517578125,72.298583984375
IMG_0038.mp4,272,9.075733333333334,29.97002997002997,87,1,traffic_lights,0.7018238306045532,1566.0948486328125,142.38833618164062,1687.84765625,355.8022155761719,1626.9712524414062,249.09527587890625,121.7528076171875,213.41387939453125
IMG_0038.mp4,272,9.075733333333334,29.97002997002997,2,2,traffic_signs,0.8715006113052368,2277.500732421875,1524.466796875,2304.995361328125,1579.5843505859375,2291.248046875,1552.0255737304688,27.49462890625,55.1175537109375
IMG_0038.mp4,272,9.075733333333334,29.97002997002997,7,2,traffic_signs,0.6565309762954712,2358.05712890625,1564.918212890625,2372.26025390625,1595.538330078125,2365.15869140625,1580.228271484375,14.203125,30.6201171875
IMG_0038.mp4,272,9.075733333333334,29.97002997002997,6,1,traffic_lights,0.7411986589431763,2289.4638671875,1407.1685791015625,2306.57763671875,1452.1009521484375,2298.020751953125,1429.634765625,17.11376953125,44.932373046875
IMG_0038.mp4,272,9.075733333333334,29.97002997002997,9,2,traffic_signs,0.3672734797000885,2556.396728515625,1539.3323974609375,2574.274658203125,1573.6263427734375,2565.335693359375,1556.4793701171875,17.8779296875,34.2939453125
IMG_0038.mp4,272,9.075733333333334,29.97002997002997,4,1,traffic_lights,0.5675914883613586,1703.009765625,149.1936492919922,1817.1541748046875,361.54095458984375,1760.0819702148438,255.36730194091797,114.1444091796875,212.34730529785156
IMG_0038.mp4,273,9.1091,29.97002997002997,5,1,traffic_lights,0.7637061476707458,1124.53515625,1420.860107421875,1162.4224853515625,1468.8341064453125,1143.4788208007812,1444.8471069335938,37.8873291015625,47.9739990234375
IMG_0038.mp4,273,9.1091,29.97002997002997,1,2,traffic_signs,0.8583056926727295,2444.468994140625,1477.628173828125,2472.343505859375,1549.4984130859375,2458.40625,1513.5632934570312,27.87451171875,71.8702392578125
IMG_0038.mp4,273,9.1091,29.97002997002997,87,1,traffic_lights,0.8701251149177551,1566.376953125,142.69573974609375,1686.225830078125,355.08465576171875,1626.3013916015625,248.89019775390625,119.848876953125,212.388916015625
IMG_0038.mp4,273,9.1091,29.97002997002997,2,2,traffic_signs,0.8686191439628601,2277.365478515625,1524.741943359375,2304.434326171875,1579.9990234375,2290.89990234375,1552.3704833984375,27.06884765625,55.257080078125
IMG_0038.mp4,273,9.1091,29.97002997002997,7,2,traffic_signs,0.5889041423797607,2358.196044921875,1565.4373779296875,2371.76025390625,1595.2666015625,2364.9781494140625,1580.3519897460938,13.564208984375,29.8292236328125
IMG_0038.mp4,273,9.1091,29.97002997002997,6,1,traffic_lights,0.7413788437843323,2288.70263671875,1406.834228515625,2306.492919921875,1450.97998046875,2297.5977783203125,1428.9071044921875,17.790283203125,44.145751953125
IMG_0038.mp4,273,9.1091,29.97002997002997,9,2,traffic_signs,0.33797767758369446,2556.552001953125,1539.4456787109375,2574.310546875,1573.4609375,2565.4312744140625,1556.4533081054688,17.758544921875,34.0152587890625
IMG_0038.mp4,273,9.1091,29.97002997002997,4,1,traffic_lights,0.780978798866272,1701.1416015625,148.85400390625,1816.9124755859375,362.9479675292969,1759.0270385742188,255.90098571777344,115.7708740234375,214.09396362304688
IMG_0038.mp4,274,9.142466666666667,29.97002997002997,1,2,traffic_signs,0.8558419942855835,2444.532958984375,1477.2843017578125,2472.184326171875,1549.15185546875,2458.358642578125,1513.2180786132812,27.6513671875,71.8675537109375
IMG_0038.mp4,274,9.142466666666667,29.97002997002997,87,1,traffic_lights,0.8478314280509949,1566.6761474609375,142.57369995117188,1685.9779052734375,354.52630615234375,1626.3270263671875,248.5500030517578,119.3017578125,211.95260620117188
IMG_0038.mp4,274,9.142466666666667,29.97002997002997,2,2,traffic_signs,0.864220142364502,2277.177001953125,1524.439208984375,2304.074951171875,1579.7099609375,2290.6259765625,1552.0745849609375,26.89794921875,55.270751953125
IMG_0038.mp4,274,9.142466666666667,29.97002997002997,7,2,traffic_signs,0.4172574579715729,2358.259765625,1565.5184326171875,2371.724365234375,1594.889404296875,2364.9920654296875,1580.2039184570312,13.464599609375,29.3709716796875
IMG_0038.mp4,274,9.142466666666667,29.97002997002997,6,1,traffic_lights,0.7429382801055908,2288.876220703125,1406.332763671875,2306.98779296875,1449.5137939453125,2297.9320068359375,1427.9232788085938,18.111572265625,43.1810302734375
IMG_0038.mp4,274,9.142466666666667,29.97002997002997,9,2,traffic_signs,0.3667885959148407,2556.625,1539.35400390625,2574.295654296875,1572.7449951171875,2565.4603271484375,1556.0494995117188,17.670654296875,33.3909912109375
IMG_0038.mp4,274,9.142466666666667,29.97002997002997,4,1,traffic_lights,0.8659120798110962,1701.38525390625,148.59449768066406,1817.1263427734375,362.69677734375,1759.2557983398438,255.64563751220703,115.7410888671875,214.10227966308594
IMG_0038.mp4,275,9.175833333333333,29.97002997002997,1,2,traffic_signs,0.8565303087234497,2445.160400390625,1477.6094970703125,2472.756591796875,1549.502685546875,2458.95849609375,1513.5560913085938,27.59619140625,71.8931884765625
IMG_0038.mp4,275,9.175833333333333,29.97002997002997,87,1,traffic_lights,0.7195680141448975,1567.07177734375,143.0137176513672,1686.68994140625,354.61590576171875,1626.880859375,248.81481170654297,119.6181640625,211.60218811035156
IMG_0038.mp4,275,9.175833333333333,29.97002997002997,2,2,traffic_signs,0.8602538704872131,2277.521484375,1524.9483642578125,2304.498291015625,1579.971435546875,2291.0098876953125,1552.4598999023438,26.976806640625,55.0230712890625
IMG_0038.mp4,275,9.175833333333333,29.97002997002997,7,2,traffic_signs,0.3533950746059418,2358.862060546875,1565.8570556640625,2372.18115234375,1595.0714111328125,2365.5216064453125,1580.4642333984375,13.319091796875,29.21435546875
IMG_0038.mp4,275,9.175833333333333,29.97002997002997,6,1,traffic_lights,0.7505623698234558,2289.463623046875,1406.7125244140625,2307.595458984375,1449.7442626953125,2298.529541015625,1428.2283935546875,18.1318359375,43.03173828125
IMG_0038.mp4,275,9.175833333333333,29.97002997002997,9,2,traffic_signs,0.2893490493297577,2556.947021484375,1539.92626953125,2574.778076171875,1573.3941650390625,2565.862548828125,1556.6602172851562,17.8310546875,33.4678955078125
IMG_0038.mp4,275,9.175833333333333,29.97002997002997,4,1,traffic_lights,0.892035961151123,1701.94677734375,148.65870666503906,1817.7174072265625,362.1567077636719,1759.8320922851562,255.40770721435547,115.7706298828125,213.4980010986328
IMG_0038.mp4,276,9.209200000000001,29.97002997002997,1,2,traffic_signs,0.8561659455299377,2444.72705078125,1477.154052734375,2472.40869140625,1548.97509765625,2458.56787109375,1513.0645751953125,27.681640625,71.821044921875
IMG_0038.mp4,276,9.209200000000001,29.97002997002997,87,1,traffic_lights,0.4800455570220947,1566.94677734375,142.40821838378906,1684.962158203125,354.0712890625,1625.9544677734375,248.23975372314453,118.015380859375,211.66307067871094
IMG_0038.mp4,276,9.209200000000001,29.97002997002997,2,2,traffic_signs,0.8603672385215759,2277.186279296875,1524.646728515625,2304.226318359375,1579.562255859375,2290.706298828125,1552.1044921875,27.0400390625,54.91552734375
IMG_0038.mp4,276,9.209200000000001,29.97002997002997,7,2,traffic_signs,0.357204407453537,2358.77685546875,1565.3082275390625,2371.978515625,1594.6094970703125,2365.377685546875,1579.9588623046875,13.20166015625,29.30126953125
IMG_0038.mp4,276,9.209200000000001,29.97002997002997,6,1,traffic_lights,0.7660857439041138,2289.187255859375,1406.126708984375,2307.4970703125,1448.7503662109375,2298.3421630859375,1427.4385375976562,18.309814453125,42.6236572265625
IMG_0038.mp4,276,9.209200000000001,29.97002997002997,9,2,traffic_signs,0.3678120970726013,2556.64306640625,1539.6229248046875,2574.631591796875,1572.8443603515625,2565.6373291015625,1556.233642578125,17.988525390625,33.221435546875
IMG_0038.mp4,276,9.209200000000001,29.97002997002997,4,1,traffic_lights,0.7983018159866333,1704.33349609375,148.45556640625,1816.9912109375,361.23651123046875,1760.662353515625,254.84603881835938,112.65771484375,212.78094482421875
IMG_0038.mp4,277,9.242566666666667,29.97002997002997,1,2,traffic_signs,0.8603777885437012,2444.963134765625,1477.4130859375,2472.9736328125,1550.013916015625,2458.9683837890625,1513.7135009765625,28.010498046875,72.600830078125
IMG_0038.mp4,277,9.242566666666667,29.97002997002997,87,1,traffic_lights,0.4327431321144104,1567.031982421875,142.67323303222656,1684.5296630859375,354.1978454589844,1625.7808227539062,248.43553924560547,117.4976806640625,211.5246124267578
IMG_0038.mp4,277,9.242566666666667,29.97002997002997,2,2,traffic_signs,0.866576611995697,2277.359375,1524.701416015625,2304.640625,1579.7642822265625,2291.0,1552.2328491210938,27.28125,55.0628662109375
IMG_0038.mp4,277,9.242566666666667,29.97002997002997,7,2,traffic_signs,0.49811598658561707,2358.894775390625,1565.6376953125,2372.120849609375,1595.054931640625,2365.5078125,1580.3463134765625,13.22607421875,29.417236328125
IMG_0038.mp4,277,9.242566666666667,29.97002997002997,6,1,traffic_lights,0.7693199515342712,2289.592529296875,1406.6875,2307.82275390625,1448.62939453125,2298.7076416015625,1427.658447265625,18.230224609375,41.94189453125
IMG_0038.mp4,277,9.242566666666667,29.97002997002997,9,2,traffic_signs,0.3852270543575287,2556.82275390625,1539.9141845703125,2574.7646484375,1572.2445068359375,2565.793701171875,1556.079345703125,17.94189453125,32.330322265625
IMG_0038.mp4,277,9.242566666666667,29.97002997002997,4,1,traffic_lights,0.788703978061676,1703.8082275390625,148.3863067626953,1816.6754150390625,361.2591552734375,1760.2418212890625,254.8227310180664,112.8671875,212.8728485107422
IMG_0038.mp4,278,9.275933333333333,29.97002997002997,1,2,traffic_signs,0.8636112213134766,2445.219970703125,1477.1630859375,2473.0439453125,1550.1551513671875,2459.1319580078125,1513.6591186523438,27.823974609375,72.9920654296875
IMG_0038.mp4,278,9.275933333333333,29.97002997002997,87,1,traffic_lights,0.4799228608608246,1567.156494140625,142.59796142578125,1685.22998046875,353.9091796875,1626.1932373046875,248.25357055664062,118.073486328125,211.31121826171875
IMG_0038.mp4,278,9.275933333333333,29.97002997002997,2,2,traffic_signs,0.8709095120429993,2277.340576171875,1524.7138671875,2304.8330078125,1579.9541015625,2291.0867919921875,1552.333984375,27.492431640625,55.240234375
IMG_0038.mp4,278,9.275933333333333,29.97002997002997,7,2,traffic_signs,0.5838001370429993,2358.670166015625,1565.6807861328125,2372.178955078125,1595.53955078125,2365.424560546875,1580.6101684570312,13.5087890625,29.8587646484375
IMG_0038.mp4,278,9.275933333333333,29.97002997002997,6,1,traffic_lights,0.7622692584991455,2289.826416015625,1406.38427734375,2308.0625,1448.4677734375,2298.9444580078125,1427.426025390625,18.236083984375,42.08349609375
IMG_0038.mp4,278,9.275933333333333,29.97002997002997,9,2,traffic_signs,0.4272669553756714,2556.955322265625,1539.537353515625,2575.196533203125,1573.143310546875,2566.075927734375,1556.34033203125,18.2412109375,33.60595703125
IMG_0038.mp4,278,9.275933333333333,29.97002997002997,4,1,traffic_lights,0.8566043376922607,1701.9832763671875,148.48239135742188,1817.0281982421875,360.407958984375,1759.5057373046875,254.44517517089844,115.044921875,211.92556762695312
IMG_0038.mp4,279,9.3093,29.97002997002997,1,2,traffic_signs,0.863882839679718,2445.037841796875,1477.4775390625,2473.024658203125,1550.466796875,2459.03125,1513.97216796875,27.98681640625,72.9892578125
IMG_0038.mp4,279,9.3093,29.97002997002997,87,1,traffic_lights,0.768430769443512,1567.0355224609375,142.58111572265625,1687.571533203125,353.279296875,1627.3035278320312,247.93020629882812,120.5360107421875,210.69818115234375
IMG_0038.mp4,279,9.3093,29.97002997002997,2,2,traffic_signs,0.8739284873008728,2277.250244140625,1524.77294921875,2304.946044921875,1580.2767333984375,2291.09814453125,1552.5248413085938,27.69580078125,55.5037841796875
IMG_0038.mp4,279,9.3093,29.97002997002997,7,2,traffic_signs,0.6110540628433228,2358.596435546875,1565.8822021484375,2372.165771484375,1595.74560546875,2365.381103515625,1580.8139038085938,13.5693359375,29.8634033203125
IMG_0038.mp4,279,9.3093,29.97002997002997,6,1,traffic_lights,0.7640089392662048,2290.000244140625,1406.6746826171875,2307.77294921875,1448.5040283203125,2298.8865966796875,1427.58935546875,17.772705078125,41.829345703125
IMG_0038.mp4,279,9.3093,29.97002997002997,9,2,traffic_signs,0.48932453989982605,2556.390380859375,1539.7100830078125,2575.045654296875,1573.5870361328125,2565.718017578125,1556.6485595703125,18.6552734375,33.876953125
IMG_0038.mp4,279,9.3093,29.97002997002997,4,1,traffic_lights,0.7015857100486755,1701.7572021484375,148.45738220214844,1816.39453125,360.652099609375,1759.0758666992188,254.55474090576172,114.6373291015625,212.19471740722656
IMG_0038.mp4,279,9.3093,29.97002997002997,92,2,traffic_signs,0.33871713280677795,708.0818481445312,1521.5279541015625,742.1112670898438,1557.4864501953125,725.0965576171875,1539.5072021484375,34.0294189453125,35.95849609375
IMG_0038.mp4,280,9.342666666666666,29.97002997002997,1,2,traffic_signs,0.8682309985160828,2445.542724609375,1478.0926513671875,2473.879150390625,1550.674560546875,2459.7109375,1514.3836059570312,28.33642578125,72.5819091796875
IMG_0038.mp4,280,9.342666666666666,29.97002997002997,87,1,traffic_lights,0.6014963984489441,1565.2786865234375,143.733642578125,1772.8533935546875,354.39825439453125,1669.0660400390625,249.06594848632812,207.57470703125,210.66461181640625
IMG_0038.mp4,280,9.342666666666666,29.97002997002997,2,2,traffic_signs,0.8711960315704346,2277.703369140625,1525.0048828125,2305.46728515625,1580.939697265625,2291.5853271484375,1552.9722900390625,27.763916015625,55.934814453125
IMG_0038.mp4,280,9.342666666666666,29.97002997002997,7,2,traffic_signs,0.6389492750167847,2358.88623046875,1565.93408203125,2372.776123046875,1595.9853515625,2365.8311767578125,1580.959716796875,13.889892578125,30.05126953125
IMG_0038.mp4,280,9.342666666666666,29.97002997002997,6,1,traffic_lights,0.7335392236709595,2290.86767578125,1407.799072265625,2308.13427734375,1448.5010986328125,2299.5009765625,1428.1500854492188,17.2666015625,40.7020263671875
IMG_0038.mp4,280,9.342666666666666,29.97002997002997,9,2,traffic_signs,0.39711567759513855,2557.402099609375,1540.2447509765625,2575.673828125,1572.9158935546875,2566.5379638671875,1556.580322265625,18.271728515625,32.671142578125
IMG_0038.mp4,281,9.376033333333334,29.97002997002997,1,2,traffic_signs,0.8540593981742859,2444.929443359375,1477.9610595703125,2473.947265625,1550.4415283203125,2459.4383544921875,1514.2012939453125,29.017822265625,72.48046875
IMG_0038.mp4,281,9.376033333333334,29.97002997002997,2,2,traffic_signs,0.8626439571380615,2277.33837890625,1525.2554931640625,2305.66162109375,1581.261962890625,2291.5,1553.2587280273438,28.3232421875,56.0064697265625
IMG_0038.mp4,281,9.376033333333334,29.97002997002997,7,2,traffic_signs,0.5681687593460083,2358.329833984375,1565.9677734375,2373.0146484375,1596.3271484375,2365.6722412109375,1581.1474609375,14.684814453125,30.359375
IMG_0038.mp4,281,9.376033333333334,29.97002997002997,6,1,traffic_lights,0.6858341693878174,2290.47314453125,1408.25732421875,2309.109375,1449.315673828125,2299.791259765625,1428.7864990234375,18.63623046875,41.058349609375
IMG_0038.mp4,281,9.376033333333334,29.97002997002997,9,2,traffic_signs,0.3695235848426819,2556.95703125,1540.1925048828125,2575.717529296875,1574.0264892578125,2566.3372802734375,1557.1094970703125,18.760498046875,33.833984375
IMG_0038.mp4,282,9.4094,29.97002997002997,1,2,traffic_signs,0.8445963859558105,2444.805908203125,1477.3165283203125,2473.647216796875,1550.3994140625,2459.2265625,1513.8579711914062,28.84130859375,73.0828857421875
IMG_0038.mp4,282,9.4094,29.97002997002997,2,2,traffic_signs,0.8770666122436523,2276.828369140625,1524.8604736328125,2304.992431640625,1580.160400390625,2290.910400390625,1552.5104370117188,28.1640625,55.2999267578125
IMG_0038.mp4,282,9.4094,29.97002997002997,7,2,traffic_signs,0.5930901765823364,2358.06396484375,1565.7088623046875,2372.212646484375,1596.0892333984375,2365.1383056640625,1580.8990478515625,14.148681640625,30.38037109375
IMG_0038.mp4,282,9.4094,29.97002997002997,6,1,traffic_lights,0.809942901134491,2289.52392578125,1406.824951171875,2308.72412109375,1450.7509765625,2299.1240234375,1428.7879638671875,19.2001953125,43.926025390625
IMG_0038.mp4,282,9.4094,29.97002997002997,9,2,traffic_signs,0.3252169191837311,2556.620849609375,1540.394287109375,2575.431640625,1573.8402099609375,2566.0262451171875,1557.1172485351562,18.810791015625,33.4459228515625
IMG_0038.mp4,282,9.4094,29.97002997002997,4,1,traffic_lights,0.872219443321228,1704.48193359375,148.1714630126953,1816.2618408203125,360.8034362792969,1760.3718872070312,254.4874496459961,111.7799072265625,212.63197326660156
IMG_0038.mp4,282,9.4094,29.97002997002997,92,2,traffic_signs,0.3910048305988312,708.605224609375,1522.3763427734375,739.346435546875,1558.6534423828125,723.975830078125,1540.514892578125,30.7412109375,36.277099609375
IMG_0038.mp4,282,9.4094,29.97002997002997,87,1,traffic_lights,0.4912925362586975,1567.3837890625,143.292236328125,1715.6748046875,354.2737731933594,1641.529296875,248.7830047607422,148.291015625,210.98153686523438
IMG_0038.mp4,283,9.442766666666667,29.97002997002997,2,2,traffic_signs,0.8664981126785278,2276.48974609375,1524.23193359375,2304.751220703125,1580.18603515625,2290.6204833984375,1552.208984375,28.261474609375,55.9541015625
IMG_0038.mp4,283,9.442766666666667,29.97002997002997,6,1,traffic_lights,0.663715124130249,2289.4814453125,1407.504150390625,2308.10107421875,1452.3533935546875,2298.791259765625,1429.9287719726562,18.61962890625,44.8492431640625
IMG_0038.mp4,283,9.442766666666667,29.97002997002997,4,1,traffic_lights,0.880317211151123,1706.2791748046875,148.33583068847656,1815.8638916015625,360.4486083984375,1761.071533203125,254.39221954345703,109.584716796875,212.11277770996094
IMG_0038.mp4,283,9.442766666666667,29.97002997002997,92,2,traffic_signs,0.5433417558670044,707.7437744140625,1522.878662109375,739.1808471679688,1558.89892578125,723.4623107910156,1540.8887939453125,31.43707275390625,36.020263671875
IMG_0038.mp4,284,9.476133333333333,29.97002997002997,2,2,traffic_signs,0.8542900681495667,2277.3330078125,1524.4542236328125,2304.397216796875,1580.2059326171875,2290.8651123046875,1552.330078125,27.064208984375,55.751708984375
IMG_0038.mp4,284,9.476133333333333,29.97002997002997,6,1,traffic_lights,0.7515611052513123,2290.041015625,1407.6380615234375,2307.30078125,1453.0870361328125,2298.6708984375,1430.362548828125,17.259765625,45.448974609375
IMG_0038.mp4,284,9.476133333333333,29.97002997002997,4,1,traffic_lights,0.8883512020111084,1708.036865234375,148.89195251464844,1816.8223876953125,360.9704284667969,1762.4296264648438,254.93119049072266,108.7855224609375,212.07847595214844
IMG_0038.mp4,284,9.476133333333333,29.97002997002997,92,2,traffic_signs,0.3843228816986084,708.2069091796875,1522.708984375,740.3804321289062,1558.8203125,724.2936706542969,1540.7646484375,32.17352294921875,36.111328125
IMG_0038.mp4,284,9.476133333333333,29.97002997002997,1,2,traffic_signs,0.8284154534339905,2446.572021484375,1476.55224609375,2472.867431640625,1549.6380615234375,2459.7197265625,1513.0951538085938,26.29541015625,73.0858154296875
IMG_0038.mp4,284,9.476133333333333,29.97002997002997,7,2,traffic_signs,0.4241253733634949,2359.06884765625,1565.289794921875,2372.54296875,1595.8310546875,2365.805908203125,1580.5604248046875,13.47412109375,30.541259765625
IMG_0038.mp4,285,9.509500000000001,29.97002997002997,2,2,traffic_signs,0.8757075071334839,2276.969482421875,1523.994384765625,2304.8544921875,1580.53857421875,2290.9119873046875,1552.2664794921875,27.885009765625,56.544189453125
IMG_0038.mp4,285,9.509500000000001,29.97002997002997,6,1,traffic_lights,0.7714172005653381,2290.041748046875,1407.2398681640625,2306.725341796875,1453.227783203125,2298.383544921875,1430.2338256835938,16.68359375,45.9879150390625
IMG_0038.mp4,285,9.509500000000001,29.97002997002997,4,1,traffic_lights,0.7959223985671997,1705.0028076171875,148.39169311523438,1815.700439453125,361.19793701171875,1760.3516235351562,254.79481506347656,110.6976318359375,212.80624389648438
IMG_0038.mp4,285,9.509500000000001,29.97002997002997,1,2,traffic_signs,0.851348876953125,2446.408447265625,1475.949951171875,2472.50341796875,1549.8651123046875,2459.4559326171875,1512.9075317382812,26.094970703125,73.9151611328125
IMG_0038.mp4,285,9.509500000000001,29.97002997002997,7,2,traffic_signs,0.30947229266166687,2358.80810546875,1564.7823486328125,2372.2734375,1595.722412109375,2365.540771484375,1580.2523803710938,13.46533203125,30.9400634765625
IMG_0038.mp4,285,9.509500000000001,29.97002997002997,5,1,traffic_lights,0.3333842158317566,1124.4525146484375,1423.749755859375,1158.07861328125,1470.4039306640625,1141.2655639648438,1447.0768432617188,33.6260986328125,46.6541748046875
IMG_0038.mp4,285,9.509500000000001,29.97002997002997,9,2,traffic_signs,0.25689324736595154,2557.112548828125,1540.35546875,2574.86572265625,1573.915283203125,2565.9891357421875,1557.1353759765625,17.753173828125,33.559814453125
IMG_0038.mp4,285,9.509500000000001,29.97002997002997,87,1,traffic_lights,0.4955744743347168,1568.2158203125,144.3839111328125,1691.3443603515625,353.7307434082031,1629.7800903320312,249.0573272705078,123.1285400390625,209.34683227539062
IMG_0038.mp4,286,9.542866666666667,29.97002997002997,2,2,traffic_signs,0.8707633018493652,2276.548583984375,1523.7373046875,2304.53955078125,1580.4637451171875,2290.5440673828125,1552.1005249023438,27.990966796875,56.7264404296875
IMG_0038.mp4,286,9.542866666666667,29.97002997002997,6,1,traffic_lights,0.7664309144020081,2289.65576171875,1406.9432373046875,2306.01416015625,1453.2271728515625,2297.8349609375,1430.085205078125,16.3583984375,46.283935546875
IMG_0038.mp4,286,9.542866666666667,29.97002997002997,1,2,traffic_signs,0.8548682332038879,2445.420654296875,1476.36376953125,2472.094970703125,1549.8988037109375,2458.7578125,1513.1312866210938,26.67431640625,73.5350341796875
IMG_0038.mp4,286,9.542866666666667,29.97002997002997,7,2,traffic_signs,0.5232400298118591,2358.21728515625,1564.805908203125,2371.972900390625,1595.6280517578125,2365.0950927734375,1580.2169799804688,13.755615234375,30.8221435546875
IMG_0038.mp4,286,9.542866666666667,29.97002997002997,5,1,traffic_lights,0.33410659432411194,1123.939453125,1423.74755859375,1156.7982177734375,1471.177001953125,1140.3688354492188,1447.4622802734375,32.8587646484375,47.429443359375
IMG_0038.mp4,286,9.542866666666667,29.97002997002997,9,2,traffic_signs,0.28597456216812134,2556.997314453125,1540.008544921875,2574.41552734375,1572.549560546875,2565.7064208984375,1556.279052734375,17.418212890625,32.541015625
IMG_0038.mp4,286,9.542866666666667,29.97002997002997,87,1,traffic_lights,0.6623544692993164,1567.5118408203125,144.73236083984375,1687.8193359375,353.5248718261719,1627.6655883789062,249.1286163330078,120.3074951171875,208.79251098632812
IMG_0038.mp4,286,9.542866666666667,29.97002997002997,92,2,traffic_signs,0.30768832564353943,708.3490600585938,1522.443115234375,740.6422119140625,1559.28759765625,724.4956359863281,1540.8653564453125,32.29315185546875,36.844482421875
IMG_0038.mp4,287,9.576233333333333,29.97002997002997,2,2,traffic_signs,0.8692730069160461,2276.37890625,1523.6947021484375,2304.56396484375,1579.9102783203125,2290.471435546875,1551.802490234375,28.18505859375,56.215576171875
IMG_0038.mp4,287,9.576233333333333,29.97002997002997,6,1,traffic_lights,0.7691395282745361,2289.30517578125,1406.5130615234375,2306.103759765625,1453.021484375,2297.7044677734375,1429.7672729492188,16.798583984375,46.5084228515625
IMG_0038.mp4,287,9.576233333333333,29.97002997002997,1,2,traffic_signs,0.856572687625885,2445.05078125,1475.854736328125,2472.338134765625,1549.591796875,2458.6944580078125,1512.7232666015625,27.287353515625,73.737060546875
IMG_0038.mp4,287,9.576233333333333,29.97002997002997,7,2,traffic_signs,0.4285949170589447,2358.020751953125,1564.9281005859375,2371.908447265625,1595.4559326171875,2364.964599609375,1580.1920166015625,13.8876953125,30.52783203125
IMG_0038.mp4,287,9.576233333333333,29.97002997002997,9,2,traffic_signs,0.37238451838493347,2556.409423828125,1539.495361328125,2574.653564453125,1573.843017578125,2565.531494140625,1556.669189453125,18.244140625,34.34765625
IMG_0038.mp4,287,9.576233333333333,29.97002997002997,87,1,traffic_lights,0.3472980558872223,1567.3670654296875,144.82420349121094,1692.5474853515625,354.82354736328125,1629.957275390625,249.8238754272461,125.180419921875,209.9993438720703
IMG_0038.mp4,287,9.576233333333333,29.97002997002997,4,1,traffic_lights,0.3423634469509125,1696.2908935546875,149.41781616210938,1816.2900390625,361.22515869140625,1756.2904663085938,255.3214874267578,119.9991455078125,211.80734252929688
IMG_0038.mp4,288,9.6096,29.97002997002997,2,2,traffic_signs,0.860306978225708,2276.719970703125,1524.1285400390625,2304.719970703125,1580.3011474609375,2290.719970703125,1552.21484375,28.0,56.172607421875
IMG_0038.mp4,288,9.6096,29.97002997002997,6,1,traffic_lights,0.7587853074073792,2289.611328125,1406.37939453125,2306.530517578125,1453.09423828125,2298.0709228515625,1429.73681640625,16.919189453125,46.71484375
IMG_0038.mp4,288,9.6096,29.97002997002997,1,2,traffic_signs,0.854652464389801,2444.99853515625,1476.1796875,2472.678466796875,1550.192626953125,2458.8385009765625,1513.1861572265625,27.679931640625,74.012939453125
IMG_0038.mp4,288,9.6096,29.97002997002997,7,2,traffic_signs,0.5525071620941162,2358.0556640625,1565.351318359375,2372.3857421875,1595.9613037109375,2365.220703125,1580.6563110351562,14.330078125,30.6099853515625
IMG_0038.mp4,288,9.6096,29.97002997002997,9,2,traffic_signs,0.4280793070793152,2556.226318359375,1539.8568115234375,2574.513916015625,1574.033203125,2565.3701171875,1556.9450073242188,18.28759765625,34.1763916015625
IMG_0038.mp4,288,9.6096,29.97002997002997,87,1,traffic_lights,0.5149775147438049,1567.0684814453125,145.4925079345703,1775.8822021484375,355.6719665527344,1671.475341796875,250.58223724365234,208.813720703125,210.17945861816406
IMG_0038.mp4,288,9.6096,29.97002997002997,92,2,traffic_signs,0.33623892068862915,708.097900390625,1523.147216796875,742.9699096679688,1556.40234375,725.5339050292969,1539.7747802734375,34.87200927734375,33.255126953125
IMG_0038.mp4,289,9.642966666666666,29.97002997002997,2,2,traffic_signs,0.8653389811515808,2276.32177734375,1523.53369140625,2304.4208984375,1580.146240234375,2290.371337890625,1551.8399658203125,28.09912109375,56.612548828125
IMG_0038.mp4,289,9.642966666666666,29.97002997002997,6,1,traffic_lights,0.7836011052131653,2288.816650390625,1405.7708740234375,2306.0341796875,1452.79541015625,2297.4254150390625,1429.2831420898438,17.217529296875,47.0245361328125
IMG_0038.mp4,289,9.642966666666666,29.97002997002997,1,2,traffic_signs,0.860231876373291,2444.455322265625,1475.8668212890625,2472.2216796875,1549.5775146484375,2458.3385009765625,1512.72216796875,27.766357421875,73.710693359375
IMG_0038.mp4,289,9.642966666666666,29.97002997002997,7,2,traffic_signs,0.4053608179092407,2357.6083984375,1564.8795166015625,2372.2890625,1595.8017578125,2364.94873046875,1580.3406372070312,14.6806640625,30.9222412109375
IMG_0038.mp4,289,9.642966666666666,29.97002997002997,9,2,traffic_signs,0.3967404067516327,2556.002685546875,1539.158447265625,2574.764892578125,1572.420166015625,2565.3837890625,1555.789306640625,18.76220703125,33.26171875
IMG_0038.mp4,289,9.642966666666666,29.97002997002997,4,1,traffic_lights,0.8008482456207275,1699.467529296875,148.66531372070312,1815.998779296875,363.21075439453125,1757.733154296875,255.9380340576172,116.53125,214.54544067382812
IMG_0038.mp4,290,9.676333333333334,29.97002997002997,4,1,traffic_lights,0.9082444310188293,1698.299072265625,149.21206665039062,1816.9217529296875,362.6282043457031,1757.6104125976562,255.92013549804688,118.6226806640625,213.4161376953125
IMG_0038.mp4,290,9.676333333333334,29.97002997002997,92,2,traffic_signs,0.5151365995407104,709.0457763671875,1522.439208984375,742.4100952148438,1555.33447265625,725.7279357910156,1538.8868408203125,33.36431884765625,32.895263671875
IMG_0038.mp4,291,9.7097,29.97002997002997,4,1,traffic_lights,0.8055604696273804,1699.0601806640625,148.69683837890625,1815.789306640625,362.845703125,1757.4247436523438,255.77127075195312,116.7291259765625,214.14886474609375
IMG_0038.mp4,291,9.7097,29.97002997002997,5,1,traffic_lights,0.43602272868156433,1122.4246826171875,1423.4339599609375,1156.8260498046875,1465.7689208984375,1139.6253662109375,1444.6014404296875,34.4013671875,42.3349609375
IMG_0038.mp4,291,9.7097,29.97002997002997,2,2,traffic_signs,0.8126509189605713,2277.365966796875,1523.56005859375,2303.424072265625,1577.8909912109375,2290.39501953125,1550.7255249023438,26.05810546875,54.3309326171875
IMG_0038.mp4,291,9.7097,29.97002997002997,6,1,traffic_lights,0.7115057110786438,2289.473876953125,1405.7763671875,2307.4501953125,1452.3197021484375,2298.4620361328125,1429.0480346679688,17.976318359375,46.5433349609375
IMG_0038.mp4,291,9.7097,29.97002997002997,1,2,traffic_signs,0.8542816042900085,2444.203857421875,1475.7447509765625,2472.62890625,1550.7208251953125,2458.4163818359375,1513.2327880859375,28.425048828125,74.97607421875
IMG_0038.mp4,292,9.743066666666667,29.97002997002997,4,1,traffic_lights,0.8360781073570251,1700.8087158203125,148.41969299316406,1815.2860107421875,363.0519104003906,1758.04736328125,255.73580169677734,114.477294921875,214.63221740722656
IMG_0038.mp4,292,9.743066666666667,29.97002997002997,2,2,traffic_signs,0.8594595789909363,2277.298095703125,1523.754150390625,2303.94189453125,1578.8941650390625,2290.6199951171875,1551.3241577148438,26.643798828125,55.1400146484375
IMG_0038.mp4,292,9.743066666666667,29.97002997002997,6,1,traffic_lights,0.7531244158744812,2289.81787109375,1406.53173828125,2306.802490234375,1452.09912109375,2298.3101806640625,1429.3154296875,16.984619140625,45.5673828125
IMG_0038.mp4,292,9.743066666666667,29.97002997002997,1,2,traffic_signs,0.8606106042861938,2444.49169921875,1476.131591796875,2472.450439453125,1551.4918212890625,2458.4710693359375,1513.8117065429688,27.958740234375,75.3602294921875
IMG_0038.mp4,292,9.743066666666667,29.97002997002997,7,2,traffic_signs,0.6524650454521179,2358.3330078125,1565.1163330078125,2372.667236328125,1595.5006103515625,2365.5001220703125,1580.3084716796875,14.334228515625,30.38427734375
IMG_0038.mp4,292,9.743066666666667,29.97002997002997,9,2,traffic_signs,0.5103368163108826,2553.236328125,1540.9100341796875,2572.083251953125,1571.6903076171875,2562.6597900390625,1556.3001708984375,18.846923828125,30.7802734375
IMG_0038.mp4,293,9.776433333333333,29.97002997002997,4,1,traffic_lights,0.9358863830566406,1700.2977294921875,148.08168029785156,1817.1329345703125,362.4330139160156,1758.71533203125,255.2573471069336,116.835205078125,214.35133361816406
IMG_0038.mp4,293,9.776433333333333,29.97002997002997,2,2,traffic_signs,0.8549774885177612,2277.290283203125,1523.42431640625,2304.20849609375,1579.234130859375,2290.7493896484375,1551.3292236328125,26.918212890625,55.809814453125
IMG_0038.mp4,293,9.776433333333333,29.97002997002997,6,1,traffic_lights,0.7253352403640747,2290.086181640625,1406.083984375,2306.744873046875,1451.5579833984375,2298.41552734375,1428.8209838867188,16.65869140625,45.4739990234375
IMG_0038.mp4,293,9.776433333333333,29.97002997002997,1,2,traffic_signs,0.8614182472229004,2444.91650390625,1476.115234375,2472.31103515625,1551.135986328125,2458.61376953125,1513.6256103515625,27.39453125,75.020751953125
IMG_0038.mp4,293,9.776433333333333,29.97002997002997,7,2,traffic_signs,0.6419477462768555,2358.465087890625,1564.92333984375,2372.834228515625,1595.4166259765625,2365.649658203125,1580.1699829101562,14.369140625,30.4932861328125
IMG_0038.mp4,293,9.776433333333333,29.97002997002997,5,1,traffic_lights,0.39793363213539124,1121.9659423828125,1422.4583740234375,1153.549072265625,1465.8701171875,1137.7575073242188,1444.1642456054688,31.5831298828125,43.4117431640625
IMG_0038.mp4,294,9.809800000000001,29.97002997002997,4,1,traffic_lights,0.8585783243179321,1703.5904541015625,147.88229370117188,1816.3985595703125,362.9918212890625,1759.9945068359375,255.4370574951172,112.80810546875,215.10952758789062
IMG_0038.mp4,294,9.809800000000001,29.97002997002997,2,2,traffic_signs,0.8566372990608215,2277.417236328125,1523.8790283203125,2304.777099609375,1579.8631591796875,2291.09716796875,1551.87109375,27.35986328125,55.984130859375
IMG_0038.mp4,294,9.809800000000001,29.97002997002997,6,1,traffic_lights,0.7122657895088196,2290.6357421875,1406.5372314453125,2307.0830078125,1452.156005859375,2298.859375,1429.3466186523438,16.447265625,45.6187744140625
IMG_0038.mp4,294,9.809800000000001,29.97002997002997,1,2,traffic_signs,0.8598343729972839,2445.09814453125,1476.844482421875,2472.58740234375,1551.3021240234375,2458.8427734375,1514.0733032226562,27.4892578125,74.4576416015625
IMG_0038.mp4,294,9.809800000000001,29.97002997002997,7,2,traffic_signs,0.567651093006134,2358.78076171875,1565.260009765625,2373.084228515625,1595.731201171875,2365.9324951171875,1580.49560546875,14.303466796875,30.47119140625
IMG_0038.mp4,294,9.809800000000001,29.97002997002997,5,1,traffic_lights,0.39052942395210266,1122.9248046875,1422.24609375,1154.0335693359375,1463.9404296875,1138.4791870117188,1443.09326171875,31.1087646484375,41.6943359375
IMG_0038.mp4,295,9.843166666666667,29.97002997002997,4,1,traffic_lights,0.9148595333099365,1703.0926513671875,147.11599731445312,1816.3170166015625,361.658447265625,1759.704833984375,254.38722229003906,113.224365234375,214.54244995117188
IMG_0038.mp4,295,9.843166666666667,29.97002997002997,2,2,traffic_signs,0.8631113171577454,2277.1513671875,1523.822021484375,2304.87744140625,1579.7696533203125,2291.014404296875,1551.7958374023438,27.72607421875,55.9476318359375
IMG_0038.mp4,295,9.843166666666667,29.97002997002997,6,1,traffic_lights,0.7271374464035034,2290.472900390625,1406.322265625,2306.795654296875,1452.0093994140625,2298.63427734375,1429.1658325195312,16.32275390625,45.6871337890625
IMG_0038.mp4,295,9.843166666666667,29.97002997002997,1,2,traffic_signs,0.8595904111862183,2444.999267578125,1476.9886474609375,2472.511474609375,1550.8358154296875,2458.75537109375,1513.9122314453125,27.51220703125,73.84716796875
IMG_0038.mp4,295,9.843166666666667,29.97002997002997,7,2,traffic_signs,0.5716795325279236,2358.486572265625,1565.4276123046875,2372.700927734375,1595.6546630859375,2365.59375,1580.5411376953125,14.21435546875,30.22705078125
IMG_0038.mp4,295,9.843166666666667,29.97002997002997,5,1,traffic_lights,0.5371084809303284,1122.6802978515625,1422.1287841796875,1153.64794921875,1463.437255859375,1138.1641235351562,1442.7830200195312,30.9676513671875,41.3084716796875
IMG_0038.mp4,295,9.843166666666667,29.97002997002997,109,1,traffic_lights,0.3840090334415436,1564.2528076171875,142.86573791503906,1689.9617919921875,356.8179931640625,1627.1072998046875,249.84186553955078,125.708984375,213.95225524902344
IMG_0038.mp4,296,9.876533333333333,29.97002997002997,4,1,traffic_lights,0.93178790807724,1701.781005859375,147.59414672851562,1817.038330078125,361.8739013671875,1759.40966796875,254.73402404785156,115.25732421875,214.27975463867188
IMG_0038.mp4,296,9.876533333333333,29.97002997002997,2,2,traffic_signs,0.8552513718605042,2276.8466796875,1524.2708740234375,2304.4599609375,1579.91845703125,2290.6533203125,1552.0946655273438,27.61328125,55.6475830078125
IMG_0038.mp4,296,9.876533333333333,29.97002997002997,6,1,traffic_lights,0.7323238253593445,2289.947509765625,1406.6341552734375,2306.369873046875,1452.1767578125,2298.15869140625,1429.4054565429688,16.42236328125,45.5426025390625
IMG_0038.mp4,296,9.876533333333333,29.97002997002997,1,2,traffic_signs,0.8594797253608704,2444.913330078125,1477.457763671875,2472.22412109375,1551.08154296875,2458.5687255859375,1514.2696533203125,27.310791015625,73.623779296875
IMG_0038.mp4,296,9.876533333333333,29.97002997002997,7,2,traffic_signs,0.570560097694397,2358.085205078125,1565.8013916015625,2372.290283203125,1595.96630859375,2365.187744140625,1580.8838500976562,14.205078125,30.1649169921875
IMG_0038.mp4,296,9.876533333333333,29.97002997002997,5,1,traffic_lights,0.4509142339229584,1122.989501953125,1422.3514404296875,1153.9134521484375,1463.7724609375,1138.4514770507812,1443.0619506835938,30.9239501953125,41.4210205078125
IMG_0038.mp4,297,9.9099,29.97002997002997,4,1,traffic_lights,0.9170318841934204,1703.492919921875,147.19705200195312,1816.8892822265625,361.8495178222656,1760.1911010742188,254.52328491210938,113.3963623046875,214.6524658203125
IMG_0038.mp4,297,9.9099,29.97002997002997,2,2,traffic_signs,0.8583810925483704,2277.0986328125,1524.1529541015625,2304.738525390625,1579.704345703125,2290.9185791015625,1551.9286499023438,27.639892578125,55.5513916015625
IMG_0038.mp4,297,9.9099,29.97002997002997,6,1,traffic_lights,0.7578694224357605,2290.20263671875,1406.6053466796875,2306.526123046875,1452.37109375,2298.3643798828125,1429.4882202148438,16.323486328125,45.7657470703125
IMG_0038.mp4,297,9.9099,29.97002997002997,1,2,traffic_signs,0.8621823191642761,2444.816162109375,1477.3109130859375,2472.56689453125,1551.0179443359375,2458.6915283203125,1514.1644287109375,27.750732421875,73.70703125
IMG_0038.mp4,297,9.9099,29.97002997002997,7,2,traffic_signs,0.5820092558860779,2358.203125,1565.539794921875,2372.40869140625,1595.775390625,2365.305908203125,1580.6575927734375,14.20556640625,30.235595703125
IMG_0038.mp4,297,9.9099,29.97002997002997,5,1,traffic_lights,0.43151354789733887,1123.1141357421875,1422.010986328125,1153.670166015625,1463.2431640625,1138.3921508789062,1442.6270751953125,30.5560302734375,41.232177734375
IMG_0038.mp4,297,9.9099,29.97002997002997,109,1,traffic_lights,0.4299252927303314,1565.376953125,143.00669860839844,1690.522216796875,356.2261047363281,1627.9495849609375,249.61640167236328,125.145263671875,213.2194061279297
IMG_0038.mp4,298,9.943266666666666,29.97002997002997,4,1,traffic_lights,0.9121116399765015,1704.6214599609375,147.4600372314453,1816.9112548828125,362.38751220703125,1760.766357421875,254.92377471923828,112.289794921875,214.92747497558594
IMG_0038.mp4,298,9.943266666666666,29.97002997002997,2,2,traffic_signs,0.8559666275978088,2277.287109375,1524.5,2305.07177734375,1580.3753662109375,2291.179443359375,1552.4376831054688,27.78466796875,55.8753662109375
IMG_0038.mp4,298,9.943266666666666,29.97002997002997,6,1,traffic_lights,0.7401488423347473,2290.908203125,1407.3739013671875,2306.7587890625,1452.6998291015625,2298.83349609375,1430.036865234375,15.8505859375,45.325927734375
IMG_0038.mp4,298,9.943266666666666,29.97002997002997,1,2,traffic_signs,0.8609949946403503,2445.091552734375,1477.5362548828125,2473.06494140625,1551.4542236328125,2459.0782470703125,1514.4952392578125,27.973388671875,73.91796875
IMG_0038.mp4,298,9.943266666666666,29.97002997002997,7,2,traffic_signs,0.5950950980186462,2358.482666015625,1565.7620849609375,2372.64306640625,1596.1441650390625,2365.5628662109375,1580.953125,14.160400390625,30.382080078125
IMG_0038.mp4,298,9.943266666666666,29.97002997002997,5,1,traffic_lights,0.3713991045951843,1123.5174560546875,1422.28271484375,1154.92431640625,1463.4140625,1139.2208862304688,1442.848388671875,31.4068603515625,41.13134765625
IMG_0038.mp4,298,9.943266666666666,29.97002997002997,109,1,traffic_lights,0.3833789825439453,1565.4869384765625,143.29312133789062,1690.88134765625,356.971923828125,1628.1841430664062,250.1325225830078,125.3944091796875,213.67880249023438
IMG_0038.mp4,298,9.943266666666666,29.97002997002997,9,2,traffic_signs,0.27486181259155273,2552.689208984375,1541.2313232421875,2571.045654296875,1571.195556640625,2561.867431640625,1556.2134399414062,18.3564453125,29.9642333984375
IMG_0038.mp4,299,9.976633333333334,29.97002997002997,4,1,traffic_lights,0.9332322478294373,1703.5086669921875,147.51675415039062,1817.2279052734375,360.92913818359375,1760.3682861328125,254.2229461669922,113.71923828125,213.41238403320312
IMG_0038.mp4,299,9.976633333333334,29.97002997002997,2,2,traffic_signs,0.8577356338500977,2277.0107421875,1524.0732421875,2304.75439453125,1579.939697265625,2290.882568359375,1552.0064697265625,27.74365234375,55.866455078125
IMG_0038.mp4,299,9.976633333333334,29.97002997002997,6,1,traffic_lights,0.762736439704895,2290.520263671875,1406.6912841796875,2306.58935546875,1452.186279296875,2298.5548095703125,1429.4387817382812,16.069091796875,45.4949951171875
IMG_0038.mp4,299,9.976633333333334,29.97002997002997,1,2,traffic_signs,0.8668571710586548,2444.86962890625,1476.958984375,2472.80810546875,1550.7603759765625,2458.8388671875,1513.8596801757812,27.9384765625,73.8013916015625
IMG_0038.mp4,299,9.976633333333334,29.97002997002997,7,2,traffic_signs,0.55832839012146,2358.066162109375,1565.6580810546875,2372.31201171875,1595.78369140625,2365.1890869140625,1580.7208862304688,14.245849609375,30.1256103515625
IMG_0038.mp4,299,9.976633333333334,29.97002997002997,5,1,traffic_lights,0.3307743966579437,1123.281982421875,1421.830322265625,1154.689697265625,1463.00830078125,1138.98583984375,1442.4193115234375,31.40771484375,41.177978515625
IMG_0038.mp4,299,9.976633333333334,29.97002997002997,109,1,traffic_lights,0.33585259318351746,1565.0760498046875,142.70916748046875,1690.4141845703125,356.39453125,1627.7451171875,249.55184936523438,125.338134765625,213.68536376953125
IMG_0038.mp4,300,10.01,29.97002997002997,4,1,traffic_lights,0.9097833037376404,1705.1220703125,147.30792236328125,1816.8670654296875,361.87554931640625,1760.9945678710938,254.59173583984375,111.7449951171875,214.567626953125
IMG_0038.mp4,300,10.01,29.97002997002997,2,2,traffic_signs,0.8531646132469177,2276.817138671875,1524.1434326171875,2304.450439453125,1580.3992919921875,2290.6337890625,1552.2713623046875,27.63330078125,56.255859375
IMG_0038.mp4,300,10.01,29.97002997002997,6,1,traffic_lights,0.7325323820114136,2290.502197265625,1406.61181640625,2306.58447265625,1452.969482421875,2298.5433349609375,1429.7906494140625,16.082275390625,46.357666015625
IMG_0038.mp4,300,10.01,29.97002997002997,1,2,traffic_signs,0.8627597689628601,2444.9716796875,1477.357421875,2472.782470703125,1551.038330078125,2458.8770751953125,1514.1978759765625,27.810791015625,73.680908203125
IMG_0038.mp4,300,10.01,29.97002997002997,7,2,traffic_signs,0.5820577144622803,2357.98388671875,1565.996337890625,2372.110107421875,1596.1529541015625,2365.0469970703125,1581.0746459960938,14.126220703125,30.1566162109375
IMG_0038.mp4,300,10.01,29.97002997002997,109,1,traffic_lights,0.5049570202827454,1565.089111328125,143.12203979492188,1689.7586669921875,356.7413024902344,1627.4238891601562,249.93167114257812,124.6695556640625,213.6192626953125
IMG_0038.mp4,301,10.043366666666667,29.97002997002997,4,1,traffic_lights,0.9165236949920654,1704.0048828125,147.00375366210938,1817.0072021484375,361.7694091796875,1760.5060424804688,254.38658142089844,113.0023193359375,214.76565551757812
IMG_0038.mp4,301,10.043366666666667,29.97002997002997,2,2,traffic_signs,0.8557214140892029,2276.856689453125,1523.81640625,2305.197265625,1580.6485595703125,2291.0269775390625,1552.2324829101562,28.340576171875,56.8321533203125
IMG_0038.mp4,301,10.043366666666667,29.97002997002997,6,1,traffic_lights,0.7262284159660339,2290.841552734375,1407.2369384765625,2306.728271484375,1452.734375,2298.784912109375,1429.9856567382812,15.88671875,45.4974365234375
IMG_0038.mp4,301,10.043366666666667,29.97002997002997,1,2,traffic_signs,0.8658081889152527,2445.316650390625,1476.9114990234375,2472.960693359375,1550.837890625,2459.138671875,1513.8746948242188,27.64404296875,73.9263916015625
IMG_0038.mp4,302,10.076733333333333,29.97002997002997,4,1,traffic_lights,0.9268316626548767,1704.858154296875,147.94813537597656,1818.181884765625,361.7846984863281,1761.52001953125,254.86641693115234,113.32373046875,213.83656311035156
IMG_0038.mp4,302,10.076733333333333,29.97002997002997,2,2,traffic_signs,0.8550328016281128,2276.843017578125,1523.9898681640625,2305.815185546875,1580.7503662109375,2291.3291015625,1552.3701171875,28.97216796875,56.760498046875
IMG_0038.mp4,302,10.076733333333333,29.97002997002997,6,1,traffic_lights,0.690771222114563,2291.140869140625,1407.1820068359375,2306.76806640625,1452.48681640625,2298.9544677734375,1429.8344116210938,15.627197265625,45.3048095703125
IMG_0038.mp4,302,10.076733333333333,29.97002997002997,1,2,traffic_signs,0.8660938143730164,2445.136474609375,1477.157470703125,2473.271728515625,1551.5501708984375,2459.2041015625,1514.3538208007812,28.13525390625,74.3927001953125
IMG_0038.mp4,303,10.110100000000001,29.97002997002997,4,1,traffic_lights,0.9057382345199585,1703.293212890625,147.25706481933594,1817.360107421875,360.9878234863281,1760.32666015625,254.12244415283203,114.06689453125,213.7307586669922
IMG_0038.mp4,303,10.110100000000001,29.97002997002997,2,2,traffic_signs,0.8545529842376709,2276.69140625,1523.4195556640625,2305.728759765625,1579.9102783203125,2291.2100830078125,1551.6649169921875,29.037353515625,56.49072265625
IMG_0038.mp4,303,10.110100000000001,29.97002997002997,6,1,traffic_lights,0.6146906018257141,2290.966796875,1407.0076904296875,2306.978759765625,1451.80615234375,2298.9727783203125,1429.4069213867188,16.011962890625,44.7984619140625
IMG_0038.mp4,303,10.110100000000001,29.97002997002997,1,2,traffic_signs,0.8589817881584167,2445.409912109375,1476.250244140625,2473.077392578125,1551.2374267578125,2459.24365234375,1513.7438354492188,27.66748046875,74.9871826171875
IMG_0038.mp4,303,10.110100000000001,29.97002997002997,9,2,traffic_signs,0.3364987075328827,2553.09375,1539.4813232421875,2573.030517578125,1570.179443359375,2563.0621337890625,1554.8303833007812,19.936767578125,30.6981201171875
IMG_0038.mp4,304,10.143466666666667,29.97002997002997,4,1,traffic_lights,0.8751489520072937,1703.679931640625,147.83047485351562,1816.877197265625,361.2590026855469,1760.278564453125,254.54473876953125,113.197265625,213.42852783203125
IMG_0038.mp4,304,10.143466666666667,29.97002997002997,2,2,traffic_signs,0.5389317870140076,2276.345703125,1524.587158203125,2305.89599609375,1576.9608154296875,2291.120849609375,1550.7739868164062,29.55029296875,52.3736572265625
IMG_0038.mp4,304,10.143466666666667,29.97002997002997,92,2,traffic_signs,0.3630102276802063,706.99462890625,1523.9962158203125,742.3998413085938,1554.5572509765625,724.6972351074219,1539.2767333984375,35.40521240234375,30.56103515625
IMG_0038.mp4,305,10.176833333333333,29.97002997002997,4,1,traffic_lights,0.9100013375282288,1702.7711181640625,147.95504760742188,1817.5771484375,360.3707275390625,1760.1741333007812,254.1628875732422,114.8060302734375,212.41567993164062
IMG_0038.mp4,305,10.176833333333333,29.97002997002997,92,2,traffic_signs,0.41715118288993835,707.1765747070312,1523.6243896484375,741.520751953125,1554.037841796875,724.3486633300781,1538.8311157226562,34.34417724609375,30.4134521484375
IMG_0038.mp4,306,10.2102,29.97002997002997,4,1,traffic_lights,0.8897979259490967,1703.693359375,147.9115447998047,1817.5999755859375,361.78179931640625,1760.6466674804688,254.84667205810547,113.9066162109375,213.87025451660156
IMG_0038.mp4,306,10.2102,29.97002997002997,7,2,traffic_signs,0.3804764449596405,2358.773193359375,1566.931396484375,2372.374267578125,1596.4442138671875,2365.57373046875,1581.6878051757812,13.60107421875,29.5128173828125
IMG_0038.mp4,306,10.2102,29.97002997002997,109,1,traffic_lights,0.2632938623428345,1564.5511474609375,143.20872497558594,1689.468994140625,356.0071716308594,1627.0100708007812,249.60794830322266,124.9178466796875,212.79844665527344
IMG_0038.mp4,306,10.2102,29.97002997002997,6,1,traffic_lights,0.7223097681999207,2289.9150390625,1407.60205078125,2307.614501953125,1451.9403076171875,2298.7647705078125,1429.7711791992188,17.699462890625,44.3382568359375
IMG_0038.mp4,306,10.2102,29.97002997002997,1,2,traffic_signs,0.8446082472801208,2445.252685546875,1475.737548828125,2473.40625,1552.5189208984375,2459.3294677734375,1514.1282348632812,28.153564453125,76.7813720703125
IMG_0038.mp4,306,10.2102,29.97002997002997,9,2,traffic_signs,0.46820002794265747,2554.77294921875,1539.498046875,2577.209228515625,1571.1484375,2565.9910888671875,1555.3232421875,22.436279296875,31.650390625
IMG_0038.mp4,306,10.2102,29.97002997002997,2,2,traffic_signs,0.8480693697929382,2276.7685546875,1524.2880859375,2305.537109375,1579.606689453125,2291.15283203125,1551.9473876953125,28.7685546875,55.318603515625
IMG_0038.mp4,307,10.243566666666666,29.97002997002997,4,1,traffic_lights,0.8556373715400696,1701.872314453125,147.39724731445312,1817.0216064453125,361.93646240234375,1759.4469604492188,254.66685485839844,115.1492919921875,214.53921508789062
IMG_0038.mp4,307,10.243566666666666,29.97002997002997,7,2,traffic_signs,0.5947933197021484,2359.26513671875,1566.277587890625,2372.549072265625,1596.6578369140625,2365.9071044921875,1581.4677124023438,13.283935546875,30.3802490234375
IMG_0038.mp4,307,10.243566666666666,29.97002997002997,109,1,traffic_lights,0.47971832752227783,1564.877197265625,143.04129028320312,1690.0015869140625,355.2446594238281,1627.4393920898438,249.14297485351562,125.1243896484375,212.203369140625
IMG_0038.mp4,307,10.243566666666666,29.97002997002997,6,1,traffic_lights,0.7473453879356384,2289.18310546875,1406.4354248046875,2307.27490234375,1452.9876708984375,2298.22900390625,1429.7115478515625,18.091796875,46.55224609375
IMG_0038.mp4,307,10.243566666666666,29.97002997002997,1,2,traffic_signs,0.8522056341171265,2445.644775390625,1475.7294921875,2473.56103515625,1551.9970703125,2459.6029052734375,1513.86328125,27.916259765625,76.267578125
IMG_0038.mp4,307,10.243566666666666,29.97002997002997,9,2,traffic_signs,0.4271566867828369,2555.708740234375,1540.122802734375,2577.181396484375,1570.8822021484375,2566.445068359375,1555.5025024414062,21.47265625,30.7593994140625
IMG_0038.mp4,307,10.243566666666666,29.97002997002997,2,2,traffic_signs,0.8567978739738464,2277.393310546875,1524.0830078125,2305.388916015625,1580.29150390625,2291.39111328125,1552.187255859375,27.99560546875,56.20849609375
IMG_0038.mp4,308,10.276933333333334,29.97002997002997,4,1,traffic_lights,0.6178954839706421,1698.7479248046875,147.64991760253906,1815.841796875,360.6606750488281,1757.2948608398438,254.1552963256836,117.0938720703125,213.01075744628906
IMG_0038.mp4,308,10.276933333333334,29.97002997002997,7,2,traffic_signs,0.5230318307876587,2358.875,1566.4571533203125,2372.214111328125,1596.70166015625,2365.5445556640625,1581.5794067382812,13.339111328125,30.2445068359375
IMG_0038.mp4,308,10.276933333333334,29.97002997002997,6,1,traffic_lights,0.6993972063064575,2289.28271484375,1406.2021484375,2306.980712890625,1453.0389404296875,2298.1317138671875,1429.6205444335938,17.697998046875,46.8367919921875
IMG_0038.mp4,308,10.276933333333334,29.97002997002997,1,2,traffic_signs,0.8529230356216431,2446.00927734375,1475.61767578125,2473.518798828125,1551.9073486328125,2459.7640380859375,1513.7625122070312,27.509521484375,76.2896728515625
IMG_0038.mp4,308,10.276933333333334,29.97002997002997,9,2,traffic_signs,0.27803486585617065,2556.03955078125,1540.113525390625,2576.9560546875,1571.5001220703125,2566.497802734375,1555.8068237304688,20.91650390625,31.3865966796875
IMG_0038.mp4,308,10.276933333333334,29.97002997002997,2,2,traffic_signs,0.853924036026001,2277.30224609375,1523.91796875,2305.236328125,1580.4716796875,2291.269287109375,1552.19482421875,27.93408203125,56.5537109375
IMG_0038.mp4,308,10.276933333333334,29.97002997002997,5,1,traffic_lights,0.7153342962265015,1123.294677734375,1422.0517578125,1156.8349609375,1467.68603515625,1140.0648193359375,1444.868896484375,33.540283203125,45.63427734375
IMG_0038.mp4,309,10.3103,29.97002997002997,4,1,traffic_lights,0.9024924635887146,1699.711181640625,147.42047119140625,1816.0574951171875,361.51568603515625,1757.8843383789062,254.46807861328125,116.3463134765625,214.09521484375
IMG_0038.mp4,309,10.3103,29.97002997002997,7,2,traffic_signs,0.40273070335388184,2358.754638671875,1566.3779296875,2372.02001953125,1596.485595703125,2365.3873291015625,1581.4317626953125,13.265380859375,30.107666015625
IMG_0038.mp4,309,10.3103,29.97002997002997,6,1,traffic_lights,0.7336548566818237,2289.572509765625,1406.1201171875,2306.79541015625,1453.22119140625,2298.1839599609375,1429.670654296875,17.222900390625,47.10107421875
IMG_0038.mp4,309,10.3103,29.97002997002997,1,2,traffic_signs,0.8531246781349182,2446.938232421875,1475.676513671875,2473.42431640625,1551.37890625,2460.1812744140625,1513.5277099609375,26.486083984375,75.702392578125
IMG_0038.mp4,309,10.3103,29.97002997002997,9,2,traffic_signs,0.27700862288475037,2556.512939453125,1540.135986328125,2576.711181640625,1571.0732421875,2566.612060546875,1555.6046142578125,20.1982421875,30.937255859375
IMG_0038.mp4,309,10.3103,29.97002997002997,2,2,traffic_signs,0.8547595143318176,2277.4990234375,1524.0018310546875,2305.064208984375,1580.179443359375,2291.2816162109375,1552.0906372070312,27.565185546875,56.1776123046875
IMG_0038.mp4,309,10.3103,29.97002997002997,5,1,traffic_lights,0.5004158020019531,1123.54638671875,1422.6722412109375,1156.527587890625,1469.3148193359375,1140.0369873046875,1445.9935302734375,32.981201171875,46.642578125
IMG_0038.mp4,310,10.343666666666667,29.97002997002997,4,1,traffic_lights,0.9126315712928772,1700.1219482421875,147.2934112548828,1816.3916015625,360.6350402832031,1758.2567749023438,253.96422576904297,116.2696533203125,213.3416290283203
IMG_0038.mp4,310,10.343666666666667,29.97002997002997,7,2,traffic_signs,0.5361091494560242,2358.6865234375,1566.483154296875,2372.415771484375,1596.93017578125,2365.5511474609375,1581.7066650390625,13.729248046875,30.447021484375
IMG_0038.mp4,310,10.343666666666667,29.97002997002997,6,1,traffic_lights,0.7361165285110474,2289.595947265625,1407.050537109375,2306.742431640625,1453.2120361328125,2298.169189453125,1430.1312866210938,17.146484375,46.1614990234375
IMG_0038.mp4,310,10.343666666666667,29.97002997002997,1,2,traffic_signs,0.8563019633293152,2447.10498046875,1476.7684326171875,2473.4111328125,1551.19873046875,2460.258056640625,1513.9835815429688,26.30615234375,74.4302978515625
IMG_0038.mp4,310,10.343666666666667,29.97002997002997,2,2,traffic_signs,0.8494411706924438,2277.736328125,1524.4918212890625,2305.010498046875,1579.966552734375,2291.3734130859375,1552.2291870117188,27.274169921875,55.4747314453125
IMG_0038.mp4,310,10.343666666666667,29.97002997002997,5,1,traffic_lights,0.44523316621780396,1122.9952392578125,1423.1700439453125,1155.15380859375,1469.8555908203125,1139.0745239257812,1446.5128173828125,32.1585693359375,46.685546875
IMG_0038.mp4,311,10.377033333333333,29.97002997002997,4,1,traffic_lights,0.9189246892929077,1700.916015625,147.64990234375,1817.235107421875,359.5883483886719,1759.0755615234375,253.61912536621094,116.319091796875,211.93844604492188
IMG_0038.mp4,311,10.377033333333333,29.97002997002997,2,2,traffic_signs,0.7894583940505981,2277.40283203125,1528.7891845703125,2304.274658203125,1578.3880615234375,2290.8387451171875,1553.588623046875,26.871826171875,49.598876953125
IMG_0038.mp4,311,10.377033333333333,29.97002997002997,5,1,traffic_lights,0.6891448497772217,1122.39111328125,1423.12548828125,1154.845703125,1471.746337890625,1138.618408203125,1447.4359130859375,32.45458984375,48.620849609375
IMG_0038.mp4,311,10.377033333333333,29.97002997002997,92,2,traffic_signs,0.2788698077201843,708.0123901367188,1521.0894775390625,740.4749755859375,1557.1790771484375,724.2436828613281,1539.13427734375,32.46258544921875,36.089599609375
IMG_0038.mp4,312,10.410400000000001,29.97002997002997,4,1,traffic_lights,0.8955127000808716,1704.5052490234375,147.741455078125,1816.7469482421875,360.1158447265625,1760.6260986328125,253.92864990234375,112.24169921875,212.3743896484375
IMG_0038.mp4,312,10.410400000000001,29.97002997002997,2,2,traffic_signs,0.843178391456604,2283.21044921875,1528.8768310546875,2306.239990234375,1580.125,2294.7252197265625,1554.5009155273438,23.029541015625,51.2481689453125
IMG_0038.mp4,312,10.410400000000001,29.97002997002997,5,1,traffic_lights,0.7733847498893738,1122.9222412109375,1423.1199951171875,1154.74755859375,1472.921142578125,1138.8348999023438,1448.0205688476562,31.8253173828125,49.8011474609375
IMG_0038.mp4,312,10.410400000000001,29.97002997002997,7,2,traffic_signs,0.7226347923278809,2358.572265625,1565.000732421875,2372.185302734375,1595.90234375,2365.3787841796875,1580.4515380859375,13.613037109375,30.901611328125
IMG_0038.mp4,312,10.410400000000001,29.97002997002997,1,2,traffic_signs,0.8603727221488953,2445.67431640625,1475.344970703125,2473.94677734375,1550.5211181640625,2459.810546875,1512.9330444335938,28.2724609375,75.1761474609375
IMG_0038.mp4,313,10.443766666666667,29.97002997002997,4,1,traffic_lights,0.9248372912406921,1702.2984619140625,147.19308471679688,1817.0885009765625,360.5520324707031,1759.6934814453125,253.87255859375,114.7900390625,213.35894775390625
IMG_0038.mp4,313,10.443766666666667,29.97002997002997,2,2,traffic_signs,0.8628371357917786,2279.1875,1525.923828125,2305.712158203125,1580.630126953125,2292.4498291015625,1553.2769775390625,26.524658203125,54.706298828125
IMG_0038.mp4,313,10.443766666666667,29.97002997002997,5,1,traffic_lights,0.7489043474197388,1123.52099609375,1423.0401611328125,1155.7105712890625,1472.71875,1139.6157836914062,1447.8794555664062,32.1895751953125,49.6785888671875
IMG_0038.mp4,313,10.443766666666667,29.97002997002997,7,2,traffic_signs,0.44065701961517334,2358.24658203125,1565.389404296875,2372.207275390625,1595.489501953125,2365.2269287109375,1580.439453125,13.960693359375,30.10009765625
IMG_0038.mp4,313,10.443766666666667,29.97002997002997,1,2,traffic_signs,0.8557140827178955,2445.499267578125,1475.9327392578125,2473.492431640625,1550.4759521484375,2459.495849609375,1513.204345703125,27.9931640625,74.543212890625
IMG_0038.mp4,313,10.443766666666667,29.97002997002997,109,1,traffic_lights,0.6029112339019775,1564.6314697265625,142.731689453125,1688.9503173828125,358.2171325683594,1626.7908935546875,250.4744110107422,124.31884765625,215.48544311523438
IMG_0038.mp4,313,10.443766666666667,29.97002997002997,6,1,traffic_lights,0.7878444790840149,2288.826171875,1406.374267578125,2306.961181640625,1452.9033203125,2297.8936767578125,1429.6387939453125,18.135009765625,46.529052734375
IMG_0038.mp4,314,10.477133333333333,29.97002997002997,4,1,traffic_lights,0.9159035086631775,1695.22509765625,147.8382110595703,1817.873046875,360.7578125,1756.549072265625,254.29801177978516,122.64794921875,212.9196014404297
IMG_0038.mp4,314,10.477133333333333,29.97002997002997,2,2,traffic_signs,0.8756694793701172,2277.82666015625,1524.6402587890625,2305.489013671875,1580.7554931640625,2291.6578369140625,1552.6978759765625,27.662353515625,56.115234375
IMG_0038.mp4,314,10.477133333333333,29.97002997002997,5,1,traffic_lights,0.4728394150733948,1123.5894775390625,1423.2252197265625,1155.868408203125,1472.7054443359375,1139.7289428710938,1447.96533203125,32.2789306640625,49.480224609375
IMG_0038.mp4,314,10.477133333333333,29.97002997002997,7,2,traffic_signs,0.604655385017395,2358.1943359375,1565.074951171875,2372.259521484375,1595.599365234375,2365.2269287109375,1580.337158203125,14.065185546875,30.5244140625
IMG_0038.mp4,314,10.477133333333333,29.97002997002997,1,2,traffic_signs,0.861453652381897,2445.324462890625,1476.489013671875,2473.2333984375,1550.4039306640625,2459.2789306640625,1513.4464721679688,27.908935546875,73.9149169921875
IMG_0038.mp4,314,10.477133333333333,29.97002997002997,6,1,traffic_lights,0.7529848217964172,2288.893798828125,1406.5146484375,2306.556884765625,1452.68798828125,2297.725341796875,1429.601318359375,17.6630859375,46.17333984375
IMG_0038.mp4,314,10.477133333333333,29.97002997002997,9,2,traffic_signs,0.3612212538719177,2556.387939453125,1538.8350830078125,2575.43896484375,1574.533203125,2565.9134521484375,1556.6841430664062,19.051025390625,35.6981201171875
IMG_0038.mp4,315,10.5105,29.97002997002997,2,2,traffic_signs,0.877682626247406,2277.263427734375,1524.4691162109375,2305.13037109375,1580.46630859375,2291.1968994140625,1552.4677124023438,27.866943359375,55.9971923828125
IMG_0038.mp4,315,10.5105,29.97002997002997,5,1,traffic_lights,0.29225069284439087,1123.4952392578125,1422.6024169921875,1159.763916015625,1471.994873046875,1141.6295776367188,1447.2986450195312,36.2686767578125,49.3924560546875
IMG_0038.mp4,315,10.5105,29.97002997002997,7,2,traffic_signs,0.564635694026947,2358.275634765625,1565.860107421875,2372.046875,1595.1881103515625,2365.1612548828125,1580.5241088867188,13.771240234375,29.3280029296875
IMG_0038.mp4,315,10.5105,29.97002997002997,1,2,traffic_signs,0.8594327569007874,2445.541015625,1476.6619873046875,2472.8359375,1549.6962890625,2459.1884765625,1513.1791381835938,27.294921875,73.0343017578125
IMG_0038.mp4,315,10.5105,29.97002997002997,6,1,traffic_lights,0.7689259052276611,2288.962158203125,1407.13134765625,2306.217041015625,1452.4478759765625,2297.589599609375,1429.7896118164062,17.2548828125,45.3165283203125
IMG_0038.mp4,316,10.543866666666666,29.97002997002997,2,2,traffic_signs,0.8783783316612244,2276.92626953125,1524.29248046875,2304.774169921875,1580.205810546875,2290.8502197265625,1552.2491455078125,27.847900390625,55.913330078125
IMG_0038.mp4,316,10.543866666666666,29.97002997002997,5,1,traffic_lights,0.6476652026176453,1123.341552734375,1421.47509765625,1163.4466552734375,1471.14892578125,1143.3941040039062,1446.31201171875,40.1051025390625,49.673828125
IMG_0038.mp4,316,10.543866666666666,29.97002997002997,7,2,traffic_signs,0.5309849381446838,2358.372802734375,1565.6180419921875,2372.164794921875,1595.0345458984375,2365.268798828125,1580.3262939453125,13.7919921875,29.41650390625
IMG_0038.mp4,316,10.543866666666666,29.97002997002997,1,2,traffic_signs,0.8623968362808228,2445.539794921875,1476.83642578125,2472.80859375,1549.849609375,2459.1741943359375,1513.343017578125,27.268798828125,73.01318359375
IMG_0038.mp4,316,10.543866666666666,29.97002997002997,6,1,traffic_lights,0.7850641012191772,2288.896240234375,1406.7218017578125,2305.90283203125,1452.4952392578125,2297.3995361328125,1429.6085205078125,17.006591796875,45.7734375
IMG_0038.mp4,316,10.543866666666666,29.97002997002997,115,2,traffic_signs,0.38307374715805054,2566.24267578125,1498.352783203125,2584.927978515625,1542.6727294921875,2575.5853271484375,1520.5127563476562,18.685302734375,44.3199462890625
IMG_0038.mp4,316,10.543866666666666,29.97002997002997,109,1,traffic_lights,0.46459612250328064,1566.886474609375,143.6818084716797,1687.4984130859375,355.19256591796875,1627.1924438476562,249.43718719482422,120.6119384765625,211.51075744628906
IMG_0038.mp4,316,10.543866666666666,29.97002997002997,4,1,traffic_lights,0.8643272519111633,1700.412353515625,149.21484375,1819.302490234375,357.6365051269531,1759.857421875,253.42567443847656,118.89013671875,208.42166137695312
IMG_0038.mp4,317,10.577233333333334,29.97002997002997,2,2,traffic_signs,0.8736642599105835,2276.89990234375,1524.091552734375,2304.60498046875,1580.1134033203125,2290.75244140625,1552.1024780273438,27.705078125,56.0218505859375
IMG_0038.mp4,317,10.577233333333334,29.97002997002997,7,2,traffic_signs,0.49758225679397583,2358.26708984375,1566.126220703125,2372.009033203125,1595.302001953125,2365.1380615234375,1580.714111328125,13.741943359375,29.17578125
IMG_0038.mp4,317,10.577233333333334,29.97002997002997,1,2,traffic_signs,0.8607659339904785,2445.642578125,1476.903076171875,2472.78515625,1549.8038330078125,2459.2138671875,1513.3534545898438,27.142578125,72.9007568359375
IMG_0038.mp4,317,10.577233333333334,29.97002997002997,6,1,traffic_lights,0.7896223664283752,2288.801513671875,1406.4534912109375,2305.638427734375,1452.6217041015625,2297.219970703125,1429.53759765625,16.8369140625,46.168212890625
IMG_0038.mp4,317,10.577233333333334,29.97002997002997,115,2,traffic_signs,0.25880810618400574,2566.951171875,1499.20166015625,2585.166259765625,1541.736572265625,2576.0587158203125,1520.4691162109375,18.215087890625,42.534912109375
IMG_0038.mp4,317,10.577233333333334,29.97002997002997,4,1,traffic_lights,0.6736493110656738,1702.2203369140625,149.59347534179688,1819.3875732421875,357.71417236328125,1760.803955078125,253.65382385253906,117.167236328125,208.12069702148438
IMG_0038.mp4,318,10.6106,29.97002997002997,2,2,traffic_signs,0.8686740398406982,2277.034912109375,1524.22021484375,2304.6708984375,1580.386474609375,2290.8529052734375,1552.3033447265625,27.635986328125,56.166259765625
IMG_0038.mp4,318,10.6106,29.97002997002997,7,2,traffic_signs,0.523547351360321,2358.285888671875,1566.232666015625,2372.020263671875,1595.4071044921875,2365.153076171875,1580.8198852539062,13.734375,29.1744384765625
IMG_0038.mp4,318,10.6106,29.97002997002997,1,2,traffic_signs,0.8596111536026001,2445.860107421875,1476.8797607421875,2472.883056640625,1549.9609375,2459.37158203125,1513.4203491210938,27.02294921875,73.0811767578125
IMG_0038.mp4,318,10.6106,29.97002997002997,6,1,traffic_lights,0.78475421667099,2288.912109375,1406.2237548828125,2305.836181640625,1452.823974609375,2297.3741455078125,1429.5238647460938,16.924072265625,46.6002197265625
IMG_0038.mp4,318,10.6106,29.97002997002997,115,2,traffic_signs,0.27700719237327576,2568.097412109375,1500.753173828125,2586.0234375,1542.573974609375,2577.0604248046875,1521.66357421875,17.926025390625,41.82080078125
IMG_0038.mp4,318,10.6106,29.97002997002997,4,1,traffic_lights,0.7668359875679016,1703.23876953125,149.57720947265625,1819.5032958984375,357.96697998046875,1761.3710327148438,253.7720947265625,116.2645263671875,208.3897705078125
IMG_0038.mp4,319,10.643966666666667,29.97002997002997,2,2,traffic_signs,0.8669962286949158,2277.0087890625,1524.082763671875,2304.6142578125,1580.470458984375,2290.8115234375,1552.276611328125,27.60546875,56.3876953125
IMG_0038.mp4,319,10.643966666666667,29.97002997002997,7,2,traffic_signs,0.5538632869720459,2358.377685546875,1566.26025390625,2372.064697265625,1595.5322265625,2365.22119140625,1580.896240234375,13.68701171875,29.27197265625
IMG_0038.mp4,319,10.643966666666667,29.97002997002997,1,2,traffic_signs,0.8613147735595703,2445.944091796875,1476.811767578125,2472.826904296875,1550.0281982421875,2459.385498046875,1513.4199829101562,26.8828125,73.2164306640625
IMG_0038.mp4,319,10.643966666666667,29.97002997002997,6,1,traffic_lights,0.7705897092819214,2289.087158203125,1406.4705810546875,2305.977783203125,1452.471923828125,2297.532470703125,1429.4712524414062,16.890625,46.0013427734375
IMG_0038.mp4,319,10.643966666666667,29.97002997002997,115,2,traffic_signs,0.2619386315345764,2567.96240234375,1500.4073486328125,2586.13916015625,1542.6328125,2577.05078125,1521.5200805664062,18.1767578125,42.2254638671875
IMG_0038.mp4,319,10.643966666666667,29.97002997002997,4,1,traffic_lights,0.5441388487815857,1704.7701416015625,149.93287658691406,1819.331298828125,358.6530456542969,1762.0507202148438,254.29296112060547,114.5611572265625,208.7201690673828
IMG_0038.mp4,320,10.677333333333333,29.97002997002997,2,2,traffic_signs,0.8672226071357727,2277.065673828125,1524.2301025390625,2304.73974609375,1580.3873291015625,2290.9027099609375,1552.3087158203125,27.674072265625,56.1572265625
IMG_0038.mp4,320,10.677333333333333,29.97002997002997,7,2,traffic_signs,0.5682923197746277,2358.26953125,1566.41748046875,2372.0810546875,1595.80322265625,2365.17529296875,1581.1103515625,13.8115234375,29.3857421875
IMG_0038.mp4,320,10.677333333333333,29.97002997002997,1,2,traffic_signs,0.86280357837677,2445.904052734375,1476.599365234375,2472.887939453125,1549.92041015625,2459.39599609375,1513.2598876953125,26.98388671875,73.321044921875
IMG_0038.mp4,320,10.677333333333333,29.97002997002997,6,1,traffic_lights,0.7766439318656921,2289.1572265625,1406.3717041015625,2306.01953125,1452.3487548828125,2297.58837890625,1429.3602294921875,16.8623046875,45.97705078125
IMG_0038.mp4,320,10.677333333333333,29.97002997002997,115,2,traffic_signs,0.31070175766944885,2567.05615234375,1499.865478515625,2585.5576171875,1542.69482421875,2576.306884765625,1521.2801513671875,18.50146484375,42.829345703125
IMG_0038.mp4,320,10.677333333333333,29.97002997002997,9,2,traffic_signs,0.2567262351512909,2556.59619140625,1539.3182373046875,2575.269775390625,1574.5491943359375,2565.9329833984375,1556.9337158203125,18.673583984375,35.23095703125
IMG_0038.mp4,321,10.710700000000001,29.97002997002997,2,2,traffic_signs,0.8733506202697754,2277.013916015625,1524.126953125,2305.01708984375,1580.4814453125,2291.0155029296875,1552.30419921875,28.003173828125,56.3544921875
IMG_0038.mp4,321,10.710700000000001,29.97002997002997,7,2,traffic_signs,0.577019214630127,2357.903564453125,1566.3807373046875,2371.70654296875,1596.008056640625,2364.8050537109375,1581.1943969726562,13.802978515625,29.6273193359375
IMG_0038.mp4,321,10.710700000000001,29.97002997002997,1,2,traffic_signs,0.8627203702926636,2446.0732421875,1476.616943359375,2472.91943359375,1549.753662109375,2459.496337890625,1513.185302734375,26.84619140625,73.13671875
IMG_0038.mp4,321,10.710700000000001,29.97002997002997,6,1,traffic_lights,0.7715798616409302,2289.468017578125,1406.6015625,2306.151123046875,1452.6376953125,2297.8095703125,1429.61962890625,16.68310546875,46.0361328125
IMG_0038.mp4,321,10.710700000000001,29.97002997002997,115,2,traffic_signs,0.31844156980514526,2567.20654296875,1500.223876953125,2585.212646484375,1541.5870361328125,2576.2095947265625,1520.9054565429688,18.006103515625,41.3631591796875
IMG_0038.mp4,321,10.710700000000001,29.97002997002997,117,1,traffic_lights,0.6858109831809998,2149.08447265625,654.7864990234375,2266.978759765625,714.9395751953125,2208.0316162109375,684.863037109375,117.894287109375,60.153076171875
IMG_0038.mp4,321,10.710700000000001,29.97002997002997,4,1,traffic_lights,0.7178605794906616,1705.2928466796875,149.6981964111328,1819.6944580078125,358.27166748046875,1762.49365234375,253.98493194580078,114.401611328125,208.57347106933594
IMG_0038.mp4,322,10.744066666666667,29.97002997002997,2,2,traffic_signs,0.8759018778800964,2277.337158203125,1524.6378173828125,2305.52490234375,1580.968505859375,2291.4310302734375,1552.8031616210938,28.187744140625,56.3306884765625
IMG_0038.mp4,322,10.744066666666667,29.97002997002997,7,2,traffic_signs,0.5663654208183289,2358.334228515625,1567.0606689453125,2372.142822265625,1596.249755859375,2365.238525390625,1581.6552124023438,13.80859375,29.1890869140625
IMG_0038.mp4,322,10.744066666666667,29.97002997002997,1,2,traffic_signs,0.8621459603309631,2446.055419921875,1477.36669921875,2473.26416015625,1550.302490234375,2459.6597900390625,1513.8345947265625,27.208740234375,72.935791015625
IMG_0038.mp4,322,10.744066666666667,29.97002997002997,6,1,traffic_lights,0.7460095882415771,2290.105712890625,1408.158203125,2306.690185546875,1453.1453857421875,2298.39794921875,1430.6517944335938,16.58447265625,44.9871826171875
IMG_0038.mp4,322,10.744066666666667,29.97002997002997,117,1,traffic_lights,0.6139218807220459,2149.341552734375,655.4833984375,2267.716064453125,713.4470825195312,2208.52880859375,684.4652404785156,118.37451171875,57.96368408203125
IMG_0038.mp4,322,10.744066666666667,29.97002997002997,118,1,traffic_lights,0.3727658689022064,2147.151611328125,657.3350219726562,2213.3330078125,709.5881958007812,2180.2423095703125,683.4616088867188,66.181396484375,52.253173828125
IMG_0038.mp4,322,10.744066666666667,29.97002997002997,9,2,traffic_signs,0.3109791576862335,2557.0009765625,1540.1595458984375,2574.8017578125,1574.29443359375,2565.9013671875,1557.2269897460938,17.80078125,34.1348876953125
IMG_0038.mp4,323,10.777433333333333,29.97002997002997,2,2,traffic_signs,0.867214560508728,2277.2939453125,1524.5211181640625,2305.624755859375,1580.7105712890625,2291.4593505859375,1552.6158447265625,28.330810546875,56.189453125
IMG_0038.mp4,323,10.777433333333333,29.97002997002997,7,2,traffic_signs,0.6206568479537964,2357.8974609375,1566.4591064453125,2372.081298828125,1596.18701171875,2364.9893798828125,1581.3230590820312,14.183837890625,29.7279052734375
IMG_0038.mp4,323,10.777433333333333,29.97002997002997,1,2,traffic_signs,0.8620643019676208,2445.3583984375,1477.0634765625,2473.1728515625,1550.2396240234375,2459.265625,1513.6515502929688,27.814453125,73.1761474609375
IMG_0038.mp4,323,10.777433333333333,29.97002997002997,6,1,traffic_lights,0.6909493803977966,2290.161376953125,1408.255615234375,2307.03369140625,1452.72265625,2298.5975341796875,1430.4891357421875,16.872314453125,44.467041015625
IMG_0038.mp4,323,10.777433333333333,29.97002997002997,118,1,traffic_lights,0.3941483497619629,2146.15234375,657.1221923828125,2207.981201171875,708.162109375,2177.0667724609375,682.6421508789062,61.828857421875,51.0399169921875
IMG_0038.mp4,323,10.777433333333333,29.97002997002997,9,2,traffic_signs,0.2962476909160614,2556.855712890625,1539.842041015625,2574.75439453125,1573.9544677734375,2565.8050537109375,1556.8982543945312,17.898681640625,34.1124267578125
IMG_0038.mp4,323,10.777433333333333,29.97002997002997,4,1,traffic_lights,0.8261643648147583,1711.4744873046875,148.84588623046875,1819.1483154296875,352.72991943359375,1765.3114013671875,250.78790283203125,107.673828125,203.884033203125
IMG_0038.mp4,324,10.8108,29.97002997002997,2,2,traffic_signs,0.8536673188209534,2276.8388671875,1524.7918701171875,2305.763427734375,1580.34033203125,2291.3011474609375,1552.5661010742188,28.924560546875,55.5484619140625
IMG_0038.mp4,324,10.8108,29.97002997002997,7,2,traffic_signs,0.36041903495788574,2357.84521484375,1566.6314697265625,2372.454345703125,1596.464599609375,2365.1497802734375,1581.5480346679688,14.609130859375,29.8331298828125
IMG_0038.mp4,324,10.8108,29.97002997002997,1,2,traffic_signs,0.8541983366012573,2445.076416015625,1477.1083984375,2473.138916015625,1549.9166259765625,2459.107666015625,1513.5125122070312,28.0625,72.8082275390625
IMG_0038.mp4,324,10.8108,29.97002997002997,6,1,traffic_lights,0.714870274066925,2289.31201171875,1408.255615234375,2307.51513671875,1453.127685546875,2298.41357421875,1430.691650390625,18.203125,44.8720703125
IMG_0038.mp4,324,10.8108,29.97002997002997,9,2,traffic_signs,0.3407064378261566,2556.53125,1539.97607421875,2575.897216796875,1572.9783935546875,2566.2142333984375,1556.4772338867188,19.365966796875,33.0023193359375
IMG_0038.mp4,324,10.8108,29.97002997002997,4,1,traffic_lights,0.8735942244529724,1706.217041015625,148.74929809570312,1819.5052490234375,355.57080078125,1762.8611450195312,252.16004943847656,113.2882080078125,206.82150268554688
IMG_0038.mp4,325,10.844166666666666,29.97002997002997,7,2,traffic_signs,0.7042475342750549,2357.8115234375,1565.577392578125,2372.385009765625,1597.14697265625,2365.0982666015625,1581.3621826171875,14.573486328125,31.569580078125
IMG_0038.mp4,325,10.844166666666666,29.97002997002997,1,2,traffic_signs,0.8662376999855042,2444.6748046875,1477.1307373046875,2473.19287109375,1549.78173828125,2458.933837890625,1513.4562377929688,28.51806640625,72.6510009765625
IMG_0038.mp4,325,10.844166666666666,29.97002997002997,9,2,traffic_signs,0.30892008543014526,2556.58642578125,1539.609130859375,2575.660400390625,1573.5037841796875,2566.1234130859375,1556.5564575195312,19.073974609375,33.8946533203125
IMG_0038.mp4,325,10.844166666666666,29.97002997002997,4,1,traffic_lights,0.5089256763458252,1705.14208984375,148.9957275390625,1819.427001953125,356.7643127441406,1762.2845458984375,252.88002014160156,114.284912109375,207.76858520507812
IMG_0038.mp4,325,10.844166666666666,29.97002997002997,5,1,traffic_lights,0.40665391087532043,1125.418701171875,1423.3995361328125,1159.9287109375,1472.1103515625,1142.6737060546875,1447.7549438476562,34.510009765625,48.7108154296875
IMG_0038.mp4,326,10.877533333333334,29.97002997002997,7,2,traffic_signs,0.4293140769004822,2358.47216796875,1566.01171875,2372.571044921875,1596.5511474609375,2365.5216064453125,1581.2814331054688,14.098876953125,30.5394287109375
IMG_0038.mp4,326,10.877533333333334,29.97002997002997,1,2,traffic_signs,0.8507014513015747,2445.8251953125,1478.0003662109375,2472.646484375,1547.900146484375,2459.23583984375,1512.9502563476562,26.8212890625,69.8997802734375
IMG_0038.mp4,326,10.877533333333334,29.97002997002997,5,1,traffic_lights,0.5837697982788086,1125.16943359375,1423.8033447265625,1159.1136474609375,1471.63818359375,1142.1415405273438,1447.7207641601562,33.9442138671875,47.8348388671875
IMG_0038.mp4,326,10.877533333333334,29.97002997002997,2,2,traffic_signs,0.8596501350402832,2277.830078125,1525.0023193359375,2305.294189453125,1580.2078857421875,2291.5621337890625,1552.6051025390625,27.464111328125,55.20556640625
IMG_0038.mp4,326,10.877533333333334,29.97002997002997,6,1,traffic_lights,0.7236517667770386,2290.219970703125,1408.0111083984375,2307.061767578125,1452.76611328125,2298.640869140625,1430.3886108398438,16.841796875,44.7550048828125
IMG_0038.mp4,327,10.9109,29.97002997002997,7,2,traffic_signs,0.42504575848579407,2358.447265625,1565.5478515625,2372.08251953125,1595.83349609375,2365.264892578125,1580.690673828125,13.63525390625,30.28564453125
IMG_0038.mp4,327,10.9109,29.97002997002997,1,2,traffic_signs,0.8542352318763733,2445.838623046875,1477.1224365234375,2472.47705078125,1549.2681884765625,2459.1578369140625,1513.1953125,26.638427734375,72.145751953125
IMG_0038.mp4,327,10.9109,29.97002997002997,5,1,traffic_lights,0.5413711667060852,1125.388671875,1423.4163818359375,1157.89892578125,1471.270263671875,1141.643798828125,1447.3433227539062,32.51025390625,47.8538818359375
IMG_0038.mp4,327,10.9109,29.97002997002997,2,2,traffic_signs,0.8610731959342957,2277.59375,1524.4281005859375,2304.9990234375,1579.971435546875,2291.29638671875,1552.1997680664062,27.4052734375,55.5433349609375
IMG_0038.mp4,327,10.9109,29.97002997002997,6,1,traffic_lights,0.7674383521080017,2289.997314453125,1407.3031005859375,2306.6318359375,1452.9034423828125,2298.3145751953125,1430.103271484375,16.634521484375,45.600341796875
IMG_0038.mp4,327,10.9109,29.97002997002997,9,2,traffic_signs,0.4848657548427582,2556.603515625,1539.1300048828125,2575.03759765625,1574.206787109375,2565.820556640625,1556.6683959960938,18.43408203125,35.0767822265625
IMG_0038.mp4,327,10.9109,29.97002997002997,4,1,traffic_lights,0.7282012104988098,1704.8973388671875,149.15737915039062,1818.970947265625,357.1131896972656,1761.9341430664062,253.13528442382812,114.0736083984375,207.955810546875
IMG_0038.mp4,328,10.944266666666667,29.97002997002997,7,2,traffic_signs,0.4088039994239807,2358.245361328125,1565.9974365234375,2371.90087890625,1596.0413818359375,2365.0731201171875,1581.0194091796875,13.655517578125,30.0439453125
IMG_0038.mp4,328,10.944266666666667,29.97002997002997,1,2,traffic_signs,0.8607046008110046,2445.782470703125,1477.272216796875,2472.65478515625,1550.012939453125,2459.2186279296875,1513.642578125,26.872314453125,72.74072265625
IMG_0038.mp4,328,10.944266666666667,29.97002997002997,5,1,traffic_lights,0.28949084877967834,1125.275634765625,1423.5423583984375,1156.91015625,1471.3955078125,1141.0928955078125,1447.4689331054688,31.634521484375,47.8531494140625
IMG_0038.mp4,328,10.944266666666667,29.97002997002997,2,2,traffic_signs,0.8694019317626953,2277.43212890625,1524.190185546875,2304.902099609375,1580.077880859375,2291.1671142578125,1552.134033203125,27.469970703125,55.8876953125
IMG_0038.mp4,328,10.944266666666667,29.97002997002997,6,1,traffic_lights,0.7655785083770752,2289.85498046875,1407.2161865234375,2306.244140625,1452.9300537109375,2298.049560546875,1430.0731201171875,16.38916015625,45.7138671875
IMG_0038.mp4,328,10.944266666666667,29.97002997002997,4,1,traffic_lights,0.5050420761108398,1705.2421875,149.38714599609375,1818.9188232421875,357.2561340332031,1762.0805053710938,253.32164001464844,113.6766357421875,207.86898803710938
IMG_0038.mp4,329,10.977633333333333,29.97002997002997,7,2,traffic_signs,0.45850613713264465,2358.17236328125,1566.08056640625,2371.8271484375,1595.785888671875,2364.999755859375,1580.9332275390625,13.65478515625,29.705322265625
IMG_0038.mp4,329,10.977633333333333,29.97002997002997,1,2,traffic_signs,0.8642762899398804,2445.4541015625,1477.012451171875,2472.72607421875,1550.025146484375,2459.090087890625,1513.518798828125,27.27197265625,73.0126953125
IMG_0038.mp4,329,10.977633333333333,29.97002997002997,2,2,traffic_signs,0.8657482862472534,2277.410400390625,1523.9151611328125,2304.853271484375,1579.6201171875,2291.1318359375,1551.7676391601562,27.44287109375,55.7049560546875
IMG_0038.mp4,329,10.977633333333333,29.97002997002997,6,1,traffic_lights,0.7494050860404968,2289.63330078125,1407.001220703125,2305.954345703125,1452.3477783203125,2297.7938232421875,1429.6744995117188,16.321044921875,45.3465576171875
IMG_0038.mp4,329,10.977633333333333,29.97002997002997,4,1,traffic_lights,0.6949669718742371,1703.9595947265625,149.71951293945312,1818.96923828125,358.2580871582031,1761.4644165039062,253.98880004882812,115.0096435546875,208.53857421875
IMG_0038.mp4,329,10.977633333333333,29.97002997002997,9,2,traffic_signs,0.2986493706703186,2556.5986328125,1540.1212158203125,2574.196533203125,1573.869384765625,2565.3975830078125,1556.9953002929688,17.597900390625,33.7481689453125
IMG_0038.mp4,330,11.011000000000001,29.97002997002997,7,2,traffic_signs,0.4240373969078064,2357.908447265625,1565.879638671875,2371.79736328125,1595.4764404296875,2364.8529052734375,1580.6780395507812,13.888916015625,29.5968017578125
IMG_0038.mp4,330,11.011000000000001,29.97002997002997,1,2,traffic_signs,0.8623329997062683,2444.930419921875,1476.895751953125,2472.494384765625,1549.625732421875,2458.71240234375,1513.2607421875,27.56396484375,72.72998046875
IMG_0038.mp4,330,11.011000000000001,29.97002997002997,2,2,traffic_signs,0.8685888648033142,2276.987548828125,1523.509521484375,2304.837158203125,1579.2393798828125,2290.912353515625,1551.3744506835938,27.849609375,55.7298583984375
IMG_0038.mp4,330,11.011000000000001,29.97002997002997,6,1,traffic_lights,0.7508583068847656,2289.490234375,1406.895751953125,2305.95361328125,1452.486083984375,2297.721923828125,1429.69091796875,16.46337890625,45.59033203125
IMG_0038.mp4,330,11.011000000000001,29.97002997002997,4,1,traffic_lights,0.8906080722808838,1703.2611083984375,149.87840270996094,1819.142578125,359.022216796875,1761.2018432617188,254.45030975341797,115.8814697265625,209.14381408691406
IMG_0038.mp4,330,11.011000000000001,29.97002997002997,122,1,traffic_lights,0.4800887405872345,452.0289306640625,1925.16845703125,496.9095458984375,1942.6427001953125,474.46923828125,1933.9055786132812,44.880615234375,17.4742431640625
IMG_0038.mp4,330,11.011000000000001,29.97002997002997,9,2,traffic_signs,0.4675649106502533,2556.2470703125,1540.00439453125,2573.867919921875,1572.2916259765625,2565.0574951171875,1556.1480102539062,17.620849609375,32.2872314453125
IMG_0038.mp4,330,11.011000000000001,29.97002997002997,109,1,traffic_lights,0.645984947681427,1567.124267578125,144.76756286621094,1688.23046875,355.3417663574219,1627.6773681640625,250.0546646118164,121.106201171875,210.57420349121094
IMG_0038.mp4,331,11.044366666666667,29.97002997002997,7,2,traffic_signs,0.532331109046936,2357.703857421875,1565.9808349609375,2371.859130859375,1595.9580078125,2364.781494140625,1580.9694213867188,14.1552734375,29.9771728515625
IMG_0038.mp4,331,11.044366666666667,29.97002997002997,1,2,traffic_signs,0.8568481206893921,2444.357177734375,1476.855224609375,2472.385009765625,1549.5379638671875,2458.37109375,1513.1965942382812,28.02783203125,72.6827392578125
IMG_0038.mp4,331,11.044366666666667,29.97002997002997,2,2,traffic_signs,0.8672380447387695,2276.702880859375,1523.55908203125,2305.018310546875,1579.6802978515625,2290.860595703125,1551.6196899414062,28.3154296875,56.1212158203125
IMG_0038.mp4,331,11.044366666666667,29.97002997002997,6,1,traffic_lights,0.7673794627189636,2289.19189453125,1406.3399658203125,2306.24609375,1452.3511962890625,2297.718994140625,1429.3455810546875,17.05419921875,46.01123046875
IMG_0038.mp4,331,11.044366666666667,29.97002997002997,122,1,traffic_lights,0.3398621678352356,451.7033996582031,1923.6080322265625,497.88018798828125,1942.020751953125,474.7917938232422,1932.8143920898438,46.176788330078125,18.4127197265625
IMG_0038.mp4,331,11.044366666666667,29.97002997002997,9,2,traffic_signs,0.44619515538215637,2556.4208984375,1539.7569580078125,2574.12060546875,1572.255859375,2565.270751953125,1556.0064086914062,17.69970703125,32.4989013671875
IMG_0038.mp4,332,11.077733333333333,29.97002997002997,1,2,traffic_signs,0.8556379675865173,2444.083740234375,1476.96484375,2472.46142578125,1549.8406982421875,2458.2725830078125,1513.4027709960938,28.377685546875,72.8758544921875
IMG_0038.mp4,332,11.077733333333333,29.97002997002997,2,2,traffic_signs,0.8645996451377869,2276.6259765625,1523.674560546875,2305.10693359375,1579.9976806640625,2290.866455078125,1551.8361206054688,28.48095703125,56.3231201171875
IMG_0038.mp4,332,11.077733333333333,29.97002997002997,6,1,traffic_lights,0.6967762112617493,2288.885498046875,1407.9510498046875,2306.75732421875,1451.667724609375,2297.8214111328125,1429.8093872070312,17.871826171875,43.7166748046875
IMG_0038.mp4,332,11.077733333333333,29.97002997002997,9,2,traffic_signs,0.33101993799209595,2556.484130859375,1539.8201904296875,2574.72509765625,1573.1021728515625,2565.6046142578125,1556.461181640625,18.240966796875,33.281982421875
IMG_0038.mp4,332,11.077733333333333,29.97002997002997,4,1,traffic_lights,0.35703927278518677,1702.8980712890625,149.13206481933594,1819.7904052734375,358.160888671875,1761.34423828125,253.64647674560547,116.892333984375,209.02882385253906
IMG_0038.mp4,333,11.1111,29.97002997002997,4,1,traffic_lights,0.7105079293251038,1702.6353759765625,149.6097412109375,1819.22509765625,359.55023193359375,1760.9302368164062,254.57998657226562,116.5897216796875,209.94049072265625
IMG_0038.mp4,333,11.1111,29.97002997002997,92,2,traffic_signs,0.5037478804588318,709.3631591796875,1523.1014404296875,742.7088012695312,1557.2200927734375,726.0359802246094,1540.1607666015625,33.34564208984375,34.11865234375
IMG_0038.mp4,333,11.1111,29.97002997002997,5,1,traffic_lights,0.29559335112571716,1123.39208984375,1421.5400390625,1159.7308349609375,1465.9669189453125,1141.5614624023438,1443.7534790039062,36.3387451171875,44.4268798828125
IMG_0038.mp4,334,11.144466666666666,29.97002997002997,4,1,traffic_lights,0.7365873456001282,1703.145751953125,149.3580780029297,1819.10302734375,360.1018371582031,1761.1243896484375,254.7299575805664,115.957275390625,210.74375915527344
IMG_0038.mp4,334,11.144466666666666,29.97002997002997,5,1,traffic_lights,0.7575505971908569,1123.8035888671875,1421.383544921875,1158.03173828125,1464.7216796875,1140.9176635742188,1443.0526123046875,34.2281494140625,43.338134765625
IMG_0038.mp4,334,11.144466666666666,29.97002997002997,7,2,traffic_signs,0.35605013370513916,2358.72021484375,1565.2841796875,2372.1962890625,1594.729248046875,2365.458251953125,1580.0067138671875,13.47607421875,29.445068359375
IMG_0038.mp4,334,11.144466666666666,29.97002997002997,1,2,traffic_signs,0.8387856483459473,2445.053955078125,1476.182373046875,2472.29443359375,1550.4400634765625,2458.6741943359375,1513.3112182617188,27.240478515625,74.2576904296875
IMG_0038.mp4,334,11.144466666666666,29.97002997002997,2,2,traffic_signs,0.8450916409492493,2276.945556640625,1523.337158203125,2304.29052734375,1578.8450927734375,2290.6180419921875,1551.0911254882812,27.344970703125,55.5079345703125
IMG_0038.mp4,334,11.144466666666666,29.97002997002997,6,1,traffic_lights,0.7668414115905762,2288.512939453125,1406.42529296875,2306.5634765625,1451.802490234375,2297.5382080078125,1429.1138916015625,18.050537109375,45.377197265625
IMG_0038.mp4,334,11.144466666666666,29.97002997002997,9,2,traffic_signs,0.3634048104286194,2554.5595703125,1539.9827880859375,2574.14990234375,1572.3629150390625,2564.354736328125,1556.1728515625,19.59033203125,32.380126953125
IMG_0038.mp4,335,11.177833333333334,29.97002997002997,4,1,traffic_lights,0.890713632106781,1702.8818359375,148.72073364257812,1819.1617431640625,359.45184326171875,1761.0217895507812,254.08628845214844,116.2799072265625,210.73110961914062
IMG_0038.mp4,335,11.177833333333334,29.97002997002997,5,1,traffic_lights,0.6491321921348572,1123.777099609375,1421.281982421875,1157.18505859375,1465.502197265625,1140.4810791015625,1443.39208984375,33.407958984375,44.22021484375
IMG_0038.mp4,335,11.177833333333334,29.97002997002997,7,2,traffic_signs,0.6288032531738281,2358.501953125,1564.998291015625,2371.939208984375,1595.348876953125,2365.2205810546875,1580.173583984375,13.437255859375,30.3505859375
IMG_0038.mp4,335,11.177833333333334,29.97002997002997,1,2,traffic_signs,0.8561176657676697,2445.148193359375,1476.4207763671875,2472.538330078125,1550.5791015625,2458.84326171875,1513.4999389648438,27.39013671875,74.1583251953125
IMG_0038.mp4,335,11.177833333333334,29.97002997002997,2,2,traffic_signs,0.8563964366912842,2276.973876953125,1523.258544921875,2304.3486328125,1579.3275146484375,2290.6612548828125,1551.2930297851562,27.374755859375,56.0689697265625
IMG_0038.mp4,335,11.177833333333334,29.97002997002997,6,1,traffic_lights,0.7727528214454651,2288.354736328125,1406.1112060546875,2306.21044921875,1452.4345703125,2297.2825927734375,1429.2728881835938,17.855712890625,46.3233642578125
IMG_0038.mp4,335,11.177833333333334,29.97002997002997,9,2,traffic_signs,0.33262017369270325,2552.7529296875,1539.6485595703125,2572.146484375,1573.254638671875,2562.44970703125,1556.4515991210938,19.3935546875,33.6060791015625
IMG_0038.mp4,336,11.2112,29.97002997002997,4,1,traffic_lights,0.9240354299545288,1701.570068359375,148.3624725341797,1818.6337890625,358.6372375488281,1760.1019287109375,253.4998550415039,117.063720703125,210.27476501464844
IMG_0038.mp4,336,11.2112,29.97002997002997,7,2,traffic_signs,0.628637433052063,2358.111572265625,1564.712158203125,2371.854736328125,1595.4205322265625,2364.983154296875,1580.0663452148438,13.7431640625,30.7083740234375
IMG_0038.mp4,336,11.2112,29.97002997002997,1,2,traffic_signs,0.8599997758865356,2444.68212890625,1476.435791015625,2472.523681640625,1550.2047119140625,2458.6029052734375,1513.3202514648438,27.841552734375,73.7689208984375
IMG_0038.mp4,336,11.2112,29.97002997002997,2,2,traffic_signs,0.8529775142669678,2276.92578125,1523.3765869140625,2304.373779296875,1579.1666259765625,2290.6497802734375,1551.2716064453125,27.447998046875,55.7900390625
IMG_0038.mp4,336,11.2112,29.97002997002997,6,1,traffic_lights,0.7688621878623962,2288.251708984375,1406.2188720703125,2305.83203125,1452.49658203125,2297.0418701171875,1429.3577270507812,17.580322265625,46.2777099609375
IMG_0038.mp4,336,11.2112,29.97002997002997,9,2,traffic_signs,0.2630789875984192,2552.083740234375,1540.0782470703125,2570.8525390625,1572.0789794921875,2561.4681396484375,1556.07861328125,18.768798828125,32.000732421875
IMG_0038.mp4,337,11.244566666666667,29.97002997002997,4,1,traffic_lights,0.919457733631134,1701.5618896484375,148.1358184814453,1818.546875,357.976806640625,1760.0543823242188,253.05631256103516,116.9849853515625,209.8409881591797
IMG_0038.mp4,337,11.244566666666667,29.97002997002997,7,2,traffic_signs,0.6365411281585693,2357.736083984375,1565.1107177734375,2371.737060546875,1595.644775390625,2364.736572265625,1580.3777465820312,14.0009765625,30.5340576171875
IMG_0038.mp4,337,11.244566666666667,29.97002997002997,1,2,traffic_signs,0.8563916683197021,2444.5322265625,1476.6148681640625,2472.272216796875,1550.0672607421875,2458.4022216796875,1513.341064453125,27.739990234375,73.452392578125
IMG_0038.mp4,337,11.244566666666667,29.97002997002997,2,2,traffic_signs,0.8525489568710327,2276.818603515625,1523.575439453125,2304.15966796875,1579.098388671875,2290.4891357421875,1551.3369140625,27.341064453125,55.52294921875
IMG_0038.mp4,337,11.244566666666667,29.97002997002997,6,1,traffic_lights,0.7761110067367554,2288.186767578125,1406.5701904296875,2305.638671875,1452.239013671875,2296.9127197265625,1429.4046020507812,17.451904296875,45.6688232421875
IMG_0038.mp4,337,11.244566666666667,29.97002997002997,9,2,traffic_signs,0.30030715465545654,2551.23876953125,1539.45556640625,2570.240234375,1572.1226806640625,2560.739501953125,1555.7891235351562,19.00146484375,32.6671142578125
IMG_0038.mp4,337,11.244566666666667,29.97002997002997,5,1,traffic_lights,0.2889467179775238,1124.3538818359375,1421.325439453125,1157.5316162109375,1464.78515625,1140.9427490234375,1443.0552978515625,33.177734375,43.459716796875
IMG_0038.mp4,338,11.277933333333333,29.97002997002997,4,1,traffic_lights,0.9091302752494812,1701.1722412109375,148.4644012451172,1818.5810546875,358.65106201171875,1759.8766479492188,253.55773162841797,117.4088134765625,210.18666076660156
IMG_0038.mp4,338,11.277933333333333,29.97002997002997,7,2,traffic_signs,0.6195931434631348,2357.712646484375,1564.897216796875,2371.86083984375,1595.4996337890625,2364.7867431640625,1580.1984252929688,14.148193359375,30.6024169921875
IMG_0038.mp4,338,11.277933333333333,29.97002997002997,1,2,traffic_signs,0.8582419753074646,2444.3193359375,1476.8741455078125,2472.206787109375,1550.0654296875,2458.2630615234375,1513.4697875976562,27.887451171875,73.1912841796875
IMG_0038.mp4,338,11.277933333333333,29.97002997002997,2,2,traffic_signs,0.8537604808807373,2276.798583984375,1523.698974609375,2304.246826171875,1578.904541015625,2290.522705078125,1551.3017578125,27.4482421875,55.20556640625
IMG_0038.mp4,338,11.277933333333333,29.97002997002997,6,1,traffic_lights,0.7870556712150574,2288.231201171875,1406.5809326171875,2305.520751953125,1451.5001220703125,2296.8759765625,1429.04052734375,17.28955078125,44.919189453125
IMG_0038.mp4,338,11.277933333333333,29.97002997002997,9,2,traffic_signs,0.31751975417137146,2550.891357421875,1539.04736328125,2569.625732421875,1572.51904296875,2560.258544921875,1555.783203125,18.734375,33.4716796875
IMG_0038.mp4,338,11.277933333333333,29.97002997002997,5,1,traffic_lights,0.5553264617919922,1124.591796875,1421.3917236328125,1158.7261962890625,1465.556884765625,1141.6589965820312,1443.4743041992188,34.1343994140625,44.1651611328125
IMG_0038.mp4,339,11.311300000000001,29.97002997002997,4,1,traffic_lights,0.9204366207122803,1701.2747802734375,148.68905639648438,1818.3673095703125,358.5745849609375,1759.821044921875,253.63182067871094,117.092529296875,209.88552856445312
IMG_0038.mp4,339,11.311300000000001,29.97002997002997,7,2,traffic_signs,0.6546250581741333,2357.5615234375,1564.4920654296875,2371.717529296875,1595.154541015625,2364.6395263671875,1579.8233032226562,14.156005859375,30.6624755859375
IMG_0038.mp4,339,11.311300000000001,29.97002997002997,1,2,traffic_signs,0.8614436388015747,2444.31201171875,1476.8458251953125,2472.299072265625,1549.866943359375,2458.3055419921875,1513.3563842773438,27.987060546875,73.0211181640625
IMG_0038.mp4,339,11.311300000000001,29.97002997002997,2,2,traffic_signs,0.8546675443649292,2276.738037109375,1523.7542724609375,2304.281494140625,1578.8907470703125,2290.509765625,1551.322509765625,27.54345703125,55.136474609375
IMG_0038.mp4,339,11.311300000000001,29.97002997002997,6,1,traffic_lights,0.786824643611908,2288.25341796875,1406.603759765625,2305.563232421875,1451.2919921875,2296.9083251953125,1428.9478759765625,17.309814453125,44.688232421875
IMG_0038.mp4,339,11.311300000000001,29.97002997002997,9,2,traffic_signs,0.417843759059906,2550.80859375,1539.48486328125,2569.7861328125,1571.926513671875,2560.29736328125,1555.7056884765625,18.9775390625,32.441650390625
IMG_0038.mp4,339,11.311300000000001,29.97002997002997,5,1,traffic_lights,0.6426628828048706,1124.686279296875,1421.44189453125,1159.2249755859375,1466.1871337890625,1141.9556274414062,1443.8145141601562,34.5386962890625,44.7452392578125
IMG_0038.mp4,340,11.344666666666667,29.97002997002997,4,1,traffic_lights,0.9144660234451294,1701.2667236328125,148.74449157714844,1818.5189208984375,358.78289794921875,1759.892822265625,253.7636947631836,117.252197265625,210.0384063720703
IMG_0038.mp4,340,11.344666666666667,29.97002997002997,7,2,traffic_signs,0.6664298176765442,2357.48876953125,1564.7708740234375,2371.678466796875,1595.210205078125,2364.5836181640625,1579.9905395507812,14.189697265625,30.4393310546875
IMG_0038.mp4,340,11.344666666666667,29.97002997002997,1,2,traffic_signs,0.8603542447090149,2444.238037109375,1476.787109375,2472.30810546875,1549.738525390625,2458.2730712890625,1513.2628173828125,28.070068359375,72.951416015625
IMG_0038.mp4,340,11.344666666666667,29.97002997002997,2,2,traffic_signs,0.8566575050354004,2276.60400390625,1523.6458740234375,2304.24072265625,1578.7388916015625,2290.42236328125,1551.1923828125,27.63671875,55.093017578125
IMG_0038.mp4,340,11.344666666666667,29.97002997002997,6,1,traffic_lights,0.7824708819389343,2288.271240234375,1406.40087890625,2305.686279296875,1451.38525390625,2296.978759765625,1428.89306640625,17.4150390625,44.984375
IMG_0038.mp4,340,11.344666666666667,29.97002997002997,9,2,traffic_signs,0.4054311513900757,2550.68310546875,1539.776123046875,2569.53466796875,1571.7388916015625,2560.10888671875,1555.7575073242188,18.8515625,31.9627685546875
IMG_0038.mp4,340,11.344666666666667,29.97002997002997,5,1,traffic_lights,0.5425903797149658,1124.640380859375,1421.474853515625,1158.90673828125,1466.0728759765625,1141.7735595703125,1443.7738647460938,34.266357421875,44.5980224609375
IMG_0038.mp4,341,11.378033333333333,29.97002997002997,4,1,traffic_lights,0.9364245533943176,1701.6097412109375,148.6027069091797,1818.84619140625,358.8881530761719,1760.2279663085938,253.74542999267578,117.2364501953125,210.2854461669922
IMG_0038.mp4,341,11.378033333333333,29.97002997002997,7,2,traffic_signs,0.6873904466629028,2357.58056640625,1564.8846435546875,2372.134521484375,1595.334716796875,2364.8575439453125,1580.1096801757812,14.553955078125,30.4500732421875
IMG_0038.mp4,341,11.378033333333333,29.97002997002997,1,2,traffic_signs,0.865942120552063,2444.49853515625,1476.757080078125,2472.574951171875,1549.708984375,2458.5367431640625,1513.2330322265625,28.076416015625,72.951904296875
IMG_0038.mp4,341,11.378033333333333,29.97002997002997,2,2,traffic_signs,0.8499544262886047,2276.947265625,1524.09033203125,2304.378173828125,1579.0377197265625,2290.6627197265625,1551.5640258789062,27.430908203125,54.9473876953125
IMG_0038.mp4,341,11.378033333333333,29.97002997002997,6,1,traffic_lights,0.7688355445861816,2288.79638671875,1406.5572509765625,2305.896728515625,1451.607666015625,2297.3465576171875,1429.0824584960938,17.100341796875,45.0504150390625
IMG_0038.mp4,341,11.378033333333333,29.97002997002997,9,2,traffic_signs,0.30611899495124817,2550.902099609375,1539.8531494140625,2569.846435546875,1572.5107421875,2560.374267578125,1556.1819458007812,18.9443359375,32.6575927734375
IMG_0038.mp4,341,11.378033333333333,29.97002997002997,5,1,traffic_lights,0.6218084692955017,1124.366455078125,1421.6546630859375,1158.8717041015625,1465.8902587890625,1141.6190795898438,1443.7724609375,34.5052490234375,44.235595703125
IMG_0038.mp4,342,11.4114,29.97002997002997,4,1,traffic_lights,0.9196847081184387,1701.4609375,148.54769897460938,1818.619873046875,358.82244873046875,1760.0404052734375,253.68507385253906,117.158935546875,210.27474975585938
IMG_0038.mp4,342,11.4114,29.97002997002997,7,2,traffic_signs,0.6748840808868408,2357.456787109375,1564.734375,2372.1123046875,1595.6519775390625,2364.7845458984375,1580.1931762695312,14.655517578125,30.9176025390625
IMG_0038.mp4,342,11.4114,29.97002997002997,1,2,traffic_signs,0.8683472871780396,2444.045654296875,1476.73974609375,2472.380615234375,1549.7919921875,2458.213134765625,1513.265869140625,28.3349609375,73.05224609375
IMG_0038.mp4,342,11.4114,29.97002997002997,2,2,traffic_signs,0.8540389537811279,2276.83984375,1523.934326171875,2304.394775390625,1579.2784423828125,2290.6173095703125,1551.6063842773438,27.554931640625,55.3441162109375
IMG_0038.mp4,342,11.4114,29.97002997002997,6,1,traffic_lights,0.7768871784210205,2288.68017578125,1406.0692138671875,2305.775146484375,1451.6202392578125,2297.2276611328125,1428.8447265625,17.094970703125,45.551025390625
IMG_0038.mp4,342,11.4114,29.97002997002997,9,2,traffic_signs,0.3032570481300354,2551.688232421875,1540.536865234375,2570.412841796875,1572.0391845703125,2561.050537109375,1556.2880249023438,18.724609375,31.5023193359375
IMG_0038.mp4,342,11.4114,29.97002997002997,5,1,traffic_lights,0.6113806366920471,1124.1483154296875,1421.6181640625,1159.3514404296875,1466.7286376953125,1141.7498779296875,1444.1734008789062,35.203125,45.1104736328125
IMG_0038.mp4,343,11.444766666666666,29.97002997002997,4,1,traffic_lights,0.8526086807250977,1701.6531982421875,148.36692810058594,1818.4896240234375,358.95904541015625,1760.0714111328125,253.6629867553711,116.83642578125,210.5921173095703
IMG_0038.mp4,343,11.444766666666666,29.97002997002997,7,2,traffic_signs,0.6928906440734863,2357.233154296875,1564.8128662109375,2372.062255859375,1595.8486328125,2364.647705078125,1580.3307495117188,14.8291015625,31.0357666015625
IMG_0038.mp4,343,11.444766666666666,29.97002997002997,1,2,traffic_signs,0.8676385283470154,2444.100830078125,1476.855224609375,2472.407958984375,1549.858642578125,2458.25439453125,1513.35693359375,28.30712890625,73.00341796875
IMG_0038.mp4,343,11.444766666666666,29.97002997002997,2,2,traffic_signs,0.8506742119789124,2276.92822265625,1523.8668212890625,2304.318115234375,1579.1505126953125,2290.6231689453125,1551.5086669921875,27.389892578125,55.28369140625
IMG_0038.mp4,343,11.444766666666666,29.97002997002997,6,1,traffic_lights,0.7689043283462524,2288.605224609375,1406.2891845703125,2305.543701171875,1451.799072265625,2297.074462890625,1429.0441284179688,16.9384765625,45.5098876953125
IMG_0038.mp4,343,11.444766666666666,29.97002997002997,5,1,traffic_lights,0.5798563361167908,1123.8775634765625,1421.6607666015625,1159.18115234375,1466.0675048828125,1141.5293579101562,1443.8641357421875,35.3035888671875,44.40673828125
IMG_0038.mp4,344,11.478133333333334,29.97002997002997,4,1,traffic_lights,0.8574183583259583,1702.7239990234375,148.8692626953125,1819.03564453125,359.45269775390625,1760.8798217773438,254.16098022460938,116.3116455078125,210.58343505859375
IMG_0038.mp4,344,11.478133333333334,29.97002997002997,7,2,traffic_signs,0.6851869225502014,2357.145263671875,1564.1802978515625,2372.0595703125,1595.8270263671875,2364.6024169921875,1580.003662109375,14.914306640625,31.646728515625
IMG_0038.mp4,344,11.478133333333334,29.97002997002997,1,2,traffic_signs,0.8711786270141602,2444.07421875,1476.635498046875,2472.405517578125,1549.8385009765625,2458.2398681640625,1513.2369995117188,28.331298828125,73.2030029296875
IMG_0038.mp4,344,11.478133333333334,29.97002997002997,2,2,traffic_signs,0.8464688062667847,2276.855224609375,1523.651611328125,2304.1904296875,1578.9039306640625,2290.5228271484375,1551.2777709960938,27.335205078125,55.2523193359375
IMG_0038.mp4,344,11.478133333333334,29.97002997002997,6,1,traffic_lights,0.7714902758598328,2288.657470703125,1406.1602783203125,2305.444580078125,1451.932373046875,2297.051025390625,1429.0463256835938,16.787109375,45.7720947265625
IMG_0038.mp4,344,11.478133333333334,29.97002997002997,5,1,traffic_lights,0.47791391611099243,1124.0875244140625,1421.727294921875,1158.708251953125,1465.5975341796875,1141.3978881835938,1443.6624145507812,34.6207275390625,43.8702392578125
IMG_0038.mp4,345,11.5115,29.97002997002997,4,1,traffic_lights,0.858104407787323,1703.3363037109375,148.7436065673828,1818.8441162109375,358.6555480957031,1761.0902099609375,253.69957733154297,115.5078125,209.9119415283203
IMG_0038.mp4,345,11.5115,29.97002997002997,7,2,traffic_signs,0.5777108073234558,2357.3154296875,1564.2236328125,2372.174560546875,1595.27099609375,2364.7449951171875,1579.747314453125,14.859130859375,31.04736328125
IMG_0038.mp4,345,11.5115,29.97002997002997,1,2,traffic_signs,0.8679279685020447,2443.8515625,1476.6942138671875,2472.611572265625,1549.9478759765625,2458.2315673828125,1513.321044921875,28.760009765625,73.253662109375
IMG_0038.mp4,345,11.5115,29.97002997002997,2,2,traffic_signs,0.8615427017211914,2276.59814453125,1523.71630859375,2304.552734375,1578.9534912109375,2290.575439453125,1551.3348999023438,27.95458984375,55.2371826171875
IMG_0038.mp4,345,11.5115,29.97002997002997,6,1,traffic_lights,0.7713542580604553,2288.94287109375,1406.1654052734375,2305.715576171875,1451.5482177734375,2297.3292236328125,1428.8568115234375,16.772705078125,45.3828125
IMG_0038.mp4,345,11.5115,29.97002997002997,5,1,traffic_lights,0.41339805722236633,1123.73681640625,1421.795654296875,1159.0953369140625,1464.64306640625,1141.4160766601562,1443.2193603515625,35.3585205078125,42.847412109375
IMG_0038.mp4,346,11.544866666666667,29.97002997002997,4,1,traffic_lights,0.604793131351471,1702.4434814453125,149.2343292236328,1818.9102783203125,359.9977111816406,1760.6768798828125,254.61602020263672,116.466796875,210.7633819580078
IMG_0038.mp4,346,11.544866666666667,29.97002997002997,1,2,traffic_signs,0.8688112497329712,2443.91357421875,1475.94140625,2472.498046875,1550.11328125,2458.205810546875,1513.02734375,28.58447265625,74.171875
IMG_0038.mp4,346,11.544866666666667,29.97002997002997,2,2,traffic_signs,0.8339129686355591,2276.82861328125,1523.6778564453125,2303.857177734375,1577.822021484375,2290.3428955078125,1550.7499389648438,27.028564453125,54.1441650390625
IMG_0038.mp4,346,11.544866666666667,29.97002997002997,6,1,traffic_lights,0.7854804396629333,2288.703857421875,1405.4659423828125,2305.991455078125,1451.204345703125,2297.34765625,1428.3351440429688,17.28759765625,45.7384033203125
IMG_0038.mp4,347,11.578233333333333,29.97002997002997,92,2,traffic_signs,0.2625477612018585,710.66357421875,1522.244140625,743.125,1555.2303466796875,726.894287109375,1538.7372436523438,32.46142578125,32.9862060546875
IMG_0038.mp4,348,11.611600000000001,29.97002997002997,7,2,traffic_signs,0.42966458201408386,2357.5185546875,1565.3746337890625,2371.690185546875,1594.795654296875,2364.6043701171875,1580.0851440429688,14.171630859375,29.4210205078125
IMG_0038.mp4,348,11.611600000000001,29.97002997002997,4,1,traffic_lights,0.7669404745101929,1703.2861328125,149.57763671875,1819.7186279296875,359.3763427734375,1761.5023803710938,254.47698974609375,116.4324951171875,209.7987060546875
IMG_0038.mp4,348,11.611600000000001,29.97002997002997,1,2,traffic_signs,0.5624337196350098,2444.121826171875,1479.334716796875,2473.510498046875,1549.739501953125,2458.816162109375,1514.537109375,29.388671875,70.40478515625
IMG_0038.mp4,348,11.611600000000001,29.97002997002997,2,2,traffic_signs,0.8294025659561157,2276.159423828125,1525.636962890625,2304.905517578125,1577.936279296875,2290.532470703125,1551.78662109375,28.74609375,52.29931640625
IMG_0038.mp4,349,11.644966666666667,29.97002997002997,7,2,traffic_signs,0.47971174120903015,2357.766845703125,1565.9810791015625,2371.877685546875,1595.42626953125,2364.822265625,1580.7036743164062,14.11083984375,29.4451904296875
IMG_0038.mp4,349,11.644966666666667,29.97002997002997,4,1,traffic_lights,0.7476058602333069,1702.8175048828125,149.53256225585938,1819.739501953125,358.57781982421875,1761.2785034179688,254.05519104003906,116.9219970703125,209.04525756835938
IMG_0038.mp4,349,11.644966666666667,29.97002997002997,1,2,traffic_signs,0.8580130934715271,2443.44482421875,1477.8226318359375,2473.006591796875,1550.4302978515625,2458.2257080078125,1514.12646484375,29.561767578125,72.607666015625
IMG_0038.mp4,349,11.644966666666667,29.97002997002997,2,2,traffic_signs,0.8464303612709045,2276.9169921875,1524.330810546875,2304.93408203125,1579.4268798828125,2290.925537109375,1551.8788452148438,28.01708984375,55.0960693359375
IMG_0038.mp4,349,11.644966666666667,29.97002997002997,6,1,traffic_lights,0.7890322804450989,2287.998046875,1405.6170654296875,2306.11181640625,1451.5731201171875,2297.054931640625,1428.5950927734375,18.11376953125,45.9560546875
IMG_0038.mp4,350,11.678333333333333,29.97002997002997,7,2,traffic_signs,0.5689557194709778,2358.1943359375,1566.1185302734375,2371.535888671875,1595.4000244140625,2364.8651123046875,1580.75927734375,13.341552734375,29.281494140625
IMG_0038.mp4,350,11.678333333333333,29.97002997002997,1,2,traffic_signs,0.8546596765518188,2444.1064453125,1477.161376953125,2472.553955078125,1550.648681640625,2458.3302001953125,1513.905029296875,28.447509765625,73.4873046875
IMG_0038.mp4,350,11.678333333333333,29.97002997002997,2,2,traffic_signs,0.8375604152679443,2277.456787109375,1523.889404296875,2304.491455078125,1579.4749755859375,2290.97412109375,1551.6821899414062,27.03466796875,55.5855712890625
IMG_0038.mp4,350,11.678333333333333,29.97002997002997,6,1,traffic_lights,0.7671729326248169,2288.578857421875,1405.4798583984375,2306.4814453125,1451.6209716796875,2297.5301513671875,1428.5504150390625,17.902587890625,46.14111328125
IMG_0038.mp4,350,11.678333333333333,29.97002997002997,5,1,traffic_lights,0.5615499019622803,1123.936279296875,1420.284912109375,1158.4598388671875,1467.47998046875,1141.1980590820312,1443.8824462890625,34.5235595703125,47.195068359375
IMG_0038.mp4,351,11.7117,29.97002997002997,1,2,traffic_signs,0.8520554900169373,2444.745849609375,1477.1619873046875,2472.043212890625,1550.1239013671875,2458.39453125,1513.6429443359375,27.29736328125,72.9619140625
IMG_0038.mp4,351,11.7117,29.97002997002997,2,2,traffic_signs,0.8370554447174072,2277.659423828125,1524.049560546875,2304.145263671875,1578.8853759765625,2290.90234375,1551.4674682617188,26.48583984375,54.8358154296875
IMG_0038.mp4,351,11.7117,29.97002997002997,6,1,traffic_lights,0.784745454788208,2288.2880859375,1406.092041015625,2306.277099609375,1452.4033203125,2297.2825927734375,1429.2476806640625,17.989013671875,46.311279296875
IMG_0038.mp4,351,11.7117,29.97002997002997,5,1,traffic_lights,0.6955917477607727,1123.611572265625,1421.550048828125,1155.0908203125,1468.010498046875,1139.3511962890625,1444.7802734375,31.479248046875,46.46044921875
IMG_0038.mp4,351,11.7117,29.97002997002997,4,1,traffic_lights,0.8881444931030273,1701.150146484375,149.53343200683594,1819.1151123046875,360.0249938964844,1760.1326293945312,254.77921295166016,117.9649658203125,210.49156188964844
IMG_0038.mp4,352,11.745066666666666,29.97002997002997,1,2,traffic_signs,0.8503475785255432,2444.880126953125,1477.440185546875,2472.384033203125,1550.509521484375,2458.632080078125,1513.974853515625,27.50390625,73.0693359375
IMG_0038.mp4,352,11.745066666666666,29.97002997002997,2,2,traffic_signs,0.8316353559494019,2278.154052734375,1524.3087158203125,2304.539306640625,1579.1875,2291.3466796875,1551.7481079101562,26.38525390625,54.8787841796875
IMG_0038.mp4,352,11.745066666666666,29.97002997002997,6,1,traffic_lights,0.7847625613212585,2288.6943359375,1406.6595458984375,2306.5927734375,1453.14501953125,2297.6435546875,1429.9022827148438,17.8984375,46.4854736328125
IMG_0038.mp4,352,11.745066666666666,29.97002997002997,5,1,traffic_lights,0.7031188607215881,1123.0089111328125,1422.7550048828125,1154.06298828125,1468.946533203125,1138.5359497070312,1445.8507690429688,31.0540771484375,46.1915283203125
IMG_0038.mp4,352,11.745066666666666,29.97002997002997,4,1,traffic_lights,0.3053932785987854,1701.58349609375,148.83396911621094,1818.7152099609375,360.2620849609375,1760.1493530273438,254.54802703857422,117.1317138671875,211.42811584472656
IMG_0038.mp4,352,11.745066666666666,29.97002997002997,7,2,traffic_signs,0.4097535014152527,2358.443115234375,1566.52294921875,2371.916259765625,1595.856201171875,2365.1796875,1581.1895751953125,13.47314453125,29.333251953125
IMG_0038.mp4,353,11.778433333333334,29.97002997002997,1,2,traffic_signs,0.7888373136520386,2446.46923828125,1478.4906005859375,2472.377197265625,1547.8253173828125,2459.4232177734375,1513.157958984375,25.907958984375,69.334716796875
IMG_0038.mp4,353,11.778433333333334,29.97002997002997,2,2,traffic_signs,0.8377979397773743,2277.944580078125,1525.1134033203125,2304.570068359375,1579.4847412109375,2291.25732421875,1552.299072265625,26.62548828125,54.371337890625
IMG_0038.mp4,353,11.778433333333334,29.97002997002997,6,1,traffic_lights,0.7668035626411438,2288.804443359375,1407.6680908203125,2306.652587890625,1453.1705322265625,2297.728515625,1430.4193115234375,17.84814453125,45.50244140625
IMG_0038.mp4,353,11.778433333333334,29.97002997002997,5,1,traffic_lights,0.7132603526115417,1123.2772216796875,1423.4027099609375,1155.52490234375,1469.6256103515625,1139.4010620117188,1446.51416015625,32.2476806640625,46.222900390625
IMG_0038.mp4,353,11.778433333333334,29.97002997002997,4,1,traffic_lights,0.8687107563018799,1700.191650390625,148.96875,1818.9814453125,360.4875793457031,1759.5865478515625,254.72816467285156,118.789794921875,211.51882934570312
IMG_0038.mp4,353,11.778433333333334,29.97002997002997,7,2,traffic_signs,0.3604006767272949,2358.306884765625,1566.3662109375,2371.905517578125,1596.113037109375,2365.106201171875,1581.2396240234375,13.5986328125,29.746826171875
IMG_0038.mp4,354,11.8118,29.97002997002997,5,1,traffic_lights,0.7762996554374695,1123.577880859375,1423.11376953125,1156.1929931640625,1469.7421875,1139.8854370117188,1446.427978515625,32.6151123046875,46.62841796875
IMG_0038.mp4,354,11.8118,29.97002997002997,4,1,traffic_lights,0.8627704977989197,1700.0115966796875,149.27500915527344,1819.154296875,361.2577209472656,1759.5829467773438,255.26636505126953,119.1427001953125,211.9827117919922
IMG_0038.mp4,354,11.8118,29.97002997002997,9,1,traffic_lights,0.6767465472221375,2555.353515625,1545.41064453125,2575.831787109375,1586.2120361328125,2565.5926513671875,1565.8113403320312,20.478271484375,40.8013916015625
IMG_0038.mp4,354,11.8118,29.97002997002997,92,2,traffic_signs,0.4261299669742584,710.9707641601562,1519.5491943359375,741.7604370117188,1559.0013427734375,726.3656005859375,1539.2752685546875,30.7896728515625,39.4521484375
IMG_0038.mp4,355,11.845166666666668,29.97002997002997,5,1,traffic_lights,0.7339969873428345,1123.466796875,1423.120849609375,1155.845947265625,1471.1170654296875,1139.6563720703125,1447.1189575195312,32.379150390625,47.9962158203125
IMG_0038.mp4,355,11.845166666666668,29.97002997002997,4,1,traffic_lights,0.9212425351142883,1699.312744140625,149.87013244628906,1818.458740234375,361.46209716796875,1758.8857421875,255.6661148071289,119.14599609375,211.5919647216797
IMG_0038.mp4,355,11.845166666666668,29.97002997002997,1,2,traffic_signs,0.8649169206619263,2443.998779296875,1477.1158447265625,2473.21240234375,1550.340087890625,2458.6055908203125,1513.7279663085938,29.213623046875,73.2242431640625
IMG_0038.mp4,355,11.845166666666668,29.97002997002997,2,2,traffic_signs,0.8592013716697693,2276.43359375,1524.6514892578125,2304.938720703125,1580.2821044921875,2290.6861572265625,1552.466796875,28.505126953125,55.630615234375
IMG_0038.mp4,355,11.845166666666668,29.97002997002997,6,1,traffic_lights,0.8038639426231384,2288.42724609375,1407.0615234375,2307.352294921875,1451.969970703125,2297.8897705078125,1429.5157470703125,18.925048828125,44.908447265625
IMG_0038.mp4,355,11.845166666666668,29.97002997002997,7,2,traffic_signs,0.4074481725692749,2357.408203125,1565.73974609375,2371.2734375,1595.9864501953125,2364.3408203125,1580.8630981445312,13.865234375,30.2467041015625
IMG_0038.mp4,356,11.878533333333333,29.97002997002997,5,1,traffic_lights,0.6794335842132568,1123.4610595703125,1423.0223388671875,1155.838134765625,1472.095458984375,1139.6495971679688,1447.5588989257812,32.3770751953125,49.0731201171875
IMG_0038.mp4,356,11.878533333333333,29.97002997002997,4,1,traffic_lights,0.6568246483802795,1700.048095703125,149.37081909179688,1799.1767578125,351.9796447753906,1749.6124267578125,250.67523193359375,99.128662109375,202.60882568359375
IMG_0038.mp4,356,11.878533333333333,29.97002997002997,1,2,traffic_signs,0.8742027878761292,2443.32763671875,1477.3878173828125,2473.402099609375,1550.9029541015625,2458.3648681640625,1514.1453857421875,30.074462890625,73.51513671875
IMG_0038.mp4,356,11.878533333333333,29.97002997002997,2,2,traffic_signs,0.8595638275146484,2276.591796875,1524.5152587890625,2305.213134765625,1580.9493408203125,2290.9024658203125,1552.7322998046875,28.621337890625,56.43408203125
IMG_0038.mp4,356,11.878533333333333,29.97002997002997,6,1,traffic_lights,0.7701944708824158,2288.572998046875,1407.5047607421875,2306.72216796875,1452.5364990234375,2297.6475830078125,1430.0206298828125,18.149169921875,45.03173828125
IMG_0038.mp4,356,11.878533333333333,29.97002997002997,7,2,traffic_signs,0.6374862790107727,2356.949951171875,1565.5269775390625,2371.265869140625,1596.2420654296875,2364.10791015625,1580.884521484375,14.31591796875,30.715087890625
IMG_0038.mp4,356,11.878533333333333,29.97002997002997,109,1,traffic_lights,0.35550281405448914,1566.0560302734375,144.73968505859375,1683.608642578125,363.3031005859375,1624.8323364257812,254.02139282226562,117.5526123046875,218.56341552734375
IMG_0038.mp4,357,11.911900000000001,29.97002997002997,5,1,traffic_lights,0.43932589888572693,1123.3251953125,1423.607666015625,1158.9378662109375,1471.48681640625,1141.1315307617188,1447.5472412109375,35.6126708984375,47.879150390625
IMG_0038.mp4,357,11.911900000000001,29.97002997002997,1,2,traffic_signs,0.8717275261878967,2443.313232421875,1478.5177001953125,2473.26904296875,1551.1693115234375,2458.2911376953125,1514.843505859375,29.955810546875,72.651611328125
IMG_0038.mp4,357,11.911900000000001,29.97002997002997,2,2,traffic_signs,0.8651115894317627,2276.77392578125,1524.9462890625,2304.959716796875,1581.662841796875,2290.8668212890625,1553.3045654296875,28.185791015625,56.716552734375
IMG_0038.mp4,357,11.911900000000001,29.97002997002997,6,1,traffic_lights,0.7926939129829407,2288.897216796875,1407.696533203125,2306.23974609375,1452.8175048828125,2297.5684814453125,1430.2570190429688,17.342529296875,45.1209716796875
IMG_0038.mp4,357,11.911900000000001,29.97002997002997,7,2,traffic_signs,0.6483295559883118,2357.434814453125,1566.3741455078125,2371.5361328125,1596.2056884765625,2364.4854736328125,1581.2899169921875,14.101318359375,29.83154296875
IMG_0038.mp4,358,11.945266666666667,29.97002997002997,5,1,traffic_lights,0.6405234336853027,1123.15478515625,1423.2193603515625,1161.3603515625,1472.0538330078125,1142.257568359375,1447.6365966796875,38.20556640625,48.83447265625
IMG_0038.mp4,358,11.945266666666667,29.97002997002997,1,2,traffic_signs,0.8728297352790833,2443.584228515625,1478.884765625,2472.88916015625,1551.5931396484375,2458.2366943359375,1515.2389526367188,29.304931640625,72.7083740234375
IMG_0038.mp4,358,11.945266666666667,29.97002997002997,2,2,traffic_signs,0.864814281463623,2276.79296875,1525.2099609375,2304.66357421875,1581.884521484375,2290.728271484375,1553.5472412109375,27.87060546875,56.674560546875
IMG_0038.mp4,358,11.945266666666667,29.97002997002997,6,1,traffic_lights,0.7951460480690002,2289.029052734375,1407.9013671875,2306.048095703125,1453.433349609375,2297.53857421875,1430.6673583984375,17.01904296875,45.531982421875
IMG_0038.mp4,358,11.945266666666667,29.97002997002997,7,2,traffic_signs,0.6228106617927551,2357.60302734375,1566.0611572265625,2371.505859375,1596.2890625,2364.554443359375,1581.1751098632812,13.90283203125,30.2279052734375
IMG_0038.mp4,358,11.945266666666667,29.97002997002997,4,1,traffic_lights,0.5917856693267822,1699.5478515625,150.7142791748047,1814.880615234375,359.82720947265625,1757.2142333984375,255.27074432373047,115.332763671875,209.11293029785156
IMG_0038.mp4,358,11.945266666666667,29.97002997002997,109,1,traffic_lights,0.3090999722480774,1566.341796875,145.7615203857422,1693.5855712890625,359.1025695800781,1629.9636840820312,252.43204498291016,127.2437744140625,213.34104919433594
IMG_0038.mp4,359,11.978633333333333,29.97002997002997,1,2,traffic_signs,0.8854847550392151,2444.0185546875,1479.06591796875,2473.013916015625,1552.240234375,2458.5162353515625,1515.653076171875,28.995361328125,73.17431640625
IMG_0038.mp4,359,11.978633333333333,29.97002997002997,2,2,traffic_signs,0.8555619716644287,2276.98681640625,1525.7955322265625,2304.67236328125,1582.038330078125,2290.82958984375,1553.9169311523438,27.685546875,56.2427978515625
IMG_0038.mp4,359,11.978633333333333,29.97002997002997,6,1,traffic_lights,0.8013240694999695,2289.080078125,1408.0980224609375,2305.8134765625,1454.2325439453125,2297.44677734375,1431.165283203125,16.7333984375,46.134521484375
IMG_0038.mp4,359,11.978633333333333,29.97002997002997,7,2,traffic_signs,0.5336058139801025,2357.99365234375,1566.122314453125,2371.685791015625,1596.594482421875,2364.8397216796875,1581.3583984375,13.692138671875,30.47216796875
IMG_0038.mp4,359,11.978633333333333,29.97002997002997,4,1,traffic_lights,0.8472445607185364,1699.124755859375,150.6260986328125,1818.0946044921875,361.4974060058594,1758.6096801757812,256.06175231933594,118.9698486328125,210.87130737304688
IMG_0038.mp4,359,11.978633333333333,29.97002997002997,109,1,traffic_lights,0.5912203192710876,1566.711181640625,146.51197814941406,1689.3443603515625,357.9258117675781,1628.0277709960938,252.2188949584961,122.6331787109375,211.41383361816406
IMG_0038.mp4,360,12.012,29.97002997002997,1,2,traffic_signs,0.8446459770202637,2444.670654296875,1479.2100830078125,2473.150390625,1553.1070556640625,2458.9105224609375,1516.1585693359375,28.479736328125,73.89697265625
IMG_0038.mp4,360,12.012,29.97002997002997,2,2,traffic_signs,0.8561018109321594,2277.057861328125,1526.1363525390625,2304.92626953125,1582.3582763671875,2290.9920654296875,1554.247314453125,27.868408203125,56.221923828125
IMG_0038.mp4,360,12.012,29.97002997002997,6,1,traffic_lights,0.7976770401000977,2289.342529296875,1408.4158935546875,2305.7763671875,1454.8502197265625,2297.5594482421875,1431.633056640625,16.433837890625,46.434326171875
IMG_0038.mp4,360,12.012,29.97002997002997,7,2,traffic_signs,0.5182706713676453,2358.029296875,1566.473876953125,2371.871337890625,1596.9801025390625,2364.9503173828125,1581.7269897460938,13.842041015625,30.5062255859375
IMG_0038.mp4,360,12.012,29.97002997002997,4,1,traffic_lights,0.708892822265625,1699.89501953125,150.94039916992188,1819.566162109375,362.69073486328125,1759.7305908203125,256.81556701660156,119.671142578125,211.75033569335938
IMG_0038.mp4,360,12.012,29.97002997002997,109,1,traffic_lights,0.3131812512874603,1567.1153564453125,146.8658905029297,1687.1871337890625,357.89910888671875,1627.1512451171875,252.38249969482422,120.07177734375,211.03321838378906
IMG_0038.mp4,361,12.045366666666666,29.97002997002997,1,2,traffic_signs,0.8559818267822266,2444.67626953125,1479.720458984375,2472.934814453125,1553.7008056640625,2458.8055419921875,1516.7106323242188,28.258544921875,73.9803466796875
IMG_0038.mp4,361,12.045366666666666,29.97002997002997,2,2,traffic_signs,0.853588879108429,2276.962158203125,1526.53564453125,2304.90771484375,1582.685302734375,2290.9349365234375,1554.6104736328125,27.945556640625,56.149658203125
IMG_0038.mp4,361,12.045366666666666,29.97002997002997,6,1,traffic_lights,0.7978132367134094,2289.223388671875,1408.9305419921875,2305.514892578125,1455.49951171875,2297.369140625,1432.2150268554688,16.29150390625,46.5689697265625
IMG_0038.mp4,361,12.045366666666666,29.97002997002997,7,2,traffic_signs,0.4851464033126831,2357.84912109375,1566.696533203125,2371.917724609375,1597.370361328125,2364.8834228515625,1582.033447265625,14.068603515625,30.673828125
IMG_0038.mp4,361,12.045366666666666,29.97002997002997,4,1,traffic_lights,0.6531556248664856,1699.9410400390625,150.9594268798828,1819.6383056640625,362.3106689453125,1759.7896728515625,256.63504791259766,119.697265625,211.3512420654297
IMG_0038.mp4,362,12.078733333333334,29.97002997002997,1,2,traffic_signs,0.8594108819961548,2444.71728515625,1480.0885009765625,2472.874755859375,1553.9022216796875,2458.7960205078125,1516.995361328125,28.157470703125,73.813720703125
IMG_0038.mp4,362,12.078733333333334,29.97002997002997,2,2,traffic_signs,0.8526029586791992,2276.85888671875,1526.7005615234375,2304.884765625,1582.4481201171875,2290.871826171875,1554.5743408203125,28.02587890625,55.74755859375
IMG_0038.mp4,362,12.078733333333334,29.97002997002997,6,1,traffic_lights,0.8002774119377136,2289.238525390625,1409.26953125,2305.56494140625,1455.397216796875,2297.4017333984375,1432.3333740234375,16.326416015625,46.127685546875
IMG_0038.mp4,362,12.078733333333334,29.97002997002997,7,2,traffic_signs,0.5150332450866699,2357.80859375,1566.8421630859375,2371.6826171875,1596.9290771484375,2364.74560546875,1581.8856201171875,13.8740234375,30.0869140625
IMG_0038.mp4,362,12.078733333333334,29.97002997002997,4,1,traffic_lights,0.5456432700157166,1701.2476806640625,151.69662475585938,1820.17138671875,362.8305358886719,1760.7095336914062,257.2635803222656,118.9237060546875,211.1339111328125
IMG_0038.mp4,363,12.1121,29.97002997002997,1,2,traffic_signs,0.861499547958374,2445.943115234375,1480.7174072265625,2473.866943359375,1554.1708984375,2459.905029296875,1517.4441528320312,27.923828125,73.4534912109375
IMG_0038.mp4,363,12.1121,29.97002997002997,2,2,traffic_signs,0.853597104549408,2277.29443359375,1527.041015625,2305.744873046875,1582.5760498046875,2291.5196533203125,1554.8085327148438,28.450439453125,55.5350341796875
IMG_0038.mp4,363,12.1121,29.97002997002997,6,1,traffic_lights,0.7880047559738159,2289.93994140625,1409.8604736328125,2306.247802734375,1455.4468994140625,2298.0938720703125,1432.6536865234375,16.307861328125,45.58642578125
IMG_0038.mp4,363,12.1121,29.97002997002997,7,2,traffic_signs,0.4505308270454407,2358.56640625,1567.4517822265625,2372.5546875,1597.503662109375,2365.560546875,1582.4777221679688,13.98828125,30.0518798828125
IMG_0038.mp4,363,12.1121,29.97002997002997,4,1,traffic_lights,0.6917365193367004,1701.34326171875,150.68658447265625,1820.265869140625,363.187255859375,1760.8045654296875,256.9369201660156,118.922607421875,212.50067138671875
IMG_0038.mp4,364,12.145466666666668,29.97002997002997,1,2,traffic_signs,0.8747647404670715,2446.333740234375,1481.043212890625,2473.6162109375,1554.686767578125,2459.9749755859375,1517.864990234375,27.282470703125,73.6435546875
IMG_0038.mp4,364,12.145466666666668,29.97002997002997,2,2,traffic_signs,0.8569343090057373,2276.72119140625,1527.22119140625,2305.440673828125,1583.14013671875,2291.0809326171875,1555.1806640625,28.719482421875,55.9189453125
IMG_0038.mp4,364,12.145466666666668,29.97002997002997,6,1,traffic_lights,0.7712147831916809,2289.334716796875,1409.91796875,2305.9716796875,1455.512939453125,2297.6531982421875,1432.7154541015625,16.636962890625,45.594970703125
IMG_0038.mp4,364,12.145466666666668,29.97002997002997,7,2,traffic_signs,0.42910391092300415,2358.083740234375,1567.7587890625,2372.40869140625,1597.7427978515625,2365.2462158203125,1582.7507934570312,14.324951171875,29.9840087890625
IMG_0038.mp4,365,12.178833333333333,29.97002997002997,1,2,traffic_signs,0.876384437084198,2446.359619140625,1480.7723388671875,2474.1728515625,1554.5152587890625,2460.2662353515625,1517.643798828125,27.813232421875,73.742919921875
IMG_0038.mp4,365,12.178833333333333,29.97002997002997,2,2,traffic_signs,0.8555206060409546,2277.04443359375,1527.1646728515625,2306.2685546875,1582.8619384765625,2291.656494140625,1555.0133056640625,29.22412109375,55.697265625
IMG_0038.mp4,365,12.178833333333333,29.97002997002997,6,1,traffic_lights,0.7412852048873901,2290.080810546875,1410.2353515625,2306.50341796875,1455.3831787109375,2298.2921142578125,1432.8092651367188,16.422607421875,45.1478271484375
IMG_0038.mp4,365,12.178833333333333,29.97002997002997,7,2,traffic_signs,0.37230727076530457,2358.137939453125,1567.6226806640625,2373.08251953125,1597.666259765625,2365.6102294921875,1582.6444702148438,14.944580078125,30.0435791015625
IMG_0038.mp4,366,12.212200000000001,29.97002997002997,1,2,traffic_signs,0.8549575209617615,2443.986328125,1481.00244140625,2474.60205078125,1554.1551513671875,2459.294189453125,1517.5787963867188,30.61572265625,73.1527099609375
IMG_0038.mp4,366,12.212200000000001,29.97002997002997,2,2,traffic_signs,0.8317352533340454,2276.671630859375,1527.556640625,2306.84521484375,1583.0399169921875,2291.7584228515625,1555.2982788085938,30.173583984375,55.4832763671875
IMG_0038.mp4,366,12.212200000000001,29.97002997002997,6,1,traffic_lights,0.7466940879821777,2290.197509765625,1410.6016845703125,2306.921875,1455.497314453125,2298.5596923828125,1433.0494995117188,16.724365234375,44.8956298828125
IMG_0038.mp4,366,12.212200000000001,29.97002997002997,7,2,traffic_signs,0.2826773524284363,2357.564697265625,1567.441162109375,2373.533203125,1598.20263671875,2365.5489501953125,1582.8218994140625,15.968505859375,30.761474609375
IMG_0038.mp4,367,12.245566666666667,29.97002997002997,1,2,traffic_signs,0.8185566663742065,2444.716064453125,1481.21240234375,2474.912353515625,1553.702392578125,2459.814208984375,1517.4573974609375,30.1962890625,72.489990234375
IMG_0038.mp4,367,12.245566666666667,29.97002997002997,2,2,traffic_signs,0.8581987619400024,2276.463623046875,1527.7283935546875,2306.7060546875,1583.2276611328125,2291.5848388671875,1555.47802734375,30.242431640625,55.499267578125
IMG_0038.mp4,367,12.245566666666667,29.97002997002997,6,1,traffic_lights,0.7681418061256409,2289.8974609375,1410.6788330078125,2307.6962890625,1456.0838623046875,2298.796875,1433.38134765625,17.798828125,45.405029296875
IMG_0038.mp4,367,12.245566666666667,29.97002997002997,7,2,traffic_signs,0.3440619707107544,2358.203857421875,1567.47021484375,2373.565185546875,1598.2105712890625,2365.884521484375,1582.8403930664062,15.361328125,30.7403564453125
IMG_0038.mp4,368,12.278933333333333,29.97002997002997,2,2,traffic_signs,0.8465825915336609,2276.700439453125,1527.6334228515625,2306.919921875,1583.461181640625,2291.8101806640625,1555.5473022460938,30.219482421875,55.8277587890625
IMG_0038.mp4,368,12.278933333333333,29.97002997002997,6,1,traffic_lights,0.7307355999946594,2290.8193359375,1410.9935302734375,2308.197998046875,1456.5052490234375,2299.5086669921875,1433.7493896484375,17.378662109375,45.51171875
IMG_0038.mp4,369,12.3123,29.97002997002997,2,2,traffic_signs,0.849995493888855,2277.268310546875,1527.9013671875,2306.925537109375,1584.0556640625,2292.096923828125,1555.978515625,29.6572265625,56.154296875
IMG_0038.mp4,369,12.3123,29.97002997002997,6,1,traffic_lights,0.7684533596038818,2291.219482421875,1411.154541015625,2307.552734375,1456.7919921875,2299.3861083984375,1433.9732666015625,16.333251953125,45.637451171875
IMG_0038.mp4,369,12.3123,29.97002997002997,4,1,traffic_lights,0.6851487159729004,1704.17724609375,147.4241485595703,1818.392822265625,355.66265869140625,1761.2850341796875,251.54340362548828,114.215576171875,208.23851013183594
IMG_0038.mp4,369,12.3123,29.97002997002997,1,2,traffic_signs,0.8654042482376099,2447.637451171875,1482.456298828125,2474.957275390625,1554.663330078125,2461.29736328125,1518.559814453125,27.31982421875,72.20703125
IMG_0038.mp4,370,12.345666666666666,29.97002997002997,2,2,traffic_signs,0.8552210330963135,2277.6806640625,1528.1275634765625,2307.07861328125,1584.76708984375,2292.379638671875,1556.4473266601562,29.39794921875,56.6395263671875
IMG_0038.mp4,370,12.345666666666666,29.97002997002997,6,1,traffic_lights,0.7680730223655701,2291.712890625,1411.4688720703125,2307.40625,1457.0556640625,2299.5595703125,1434.2622680664062,15.693359375,45.5867919921875
IMG_0038.mp4,370,12.345666666666666,29.97002997002997,4,1,traffic_lights,0.38514891266822815,1704.17236328125,146.40313720703125,1817.7376708984375,353.47515869140625,1760.9550170898438,249.93914794921875,113.5653076171875,207.072021484375
IMG_0038.mp4,370,12.345666666666666,29.97002997002997,1,2,traffic_signs,0.8786536455154419,2448.055419921875,1482.50537109375,2475.43994140625,1555.5311279296875,2461.7476806640625,1519.0182495117188,27.384521484375,73.0257568359375
IMG_0038.mp4,371,12.379033333333334,29.97002997002997,2,2,traffic_signs,0.8536931872367859,2278.164794921875,1528.22509765625,2307.48828125,1584.9879150390625,2292.8265380859375,1556.6065063476562,29.323486328125,56.7628173828125
IMG_0038.mp4,371,12.379033333333334,29.97002997002997,6,1,traffic_lights,0.760931134223938,2292.15478515625,1411.486572265625,2307.42724609375,1456.8948974609375,2299.791015625,1434.1907348632812,15.2724609375,45.4083251953125
IMG_0038.mp4,371,12.379033333333334,29.97002997002997,4,1,traffic_lights,0.8613619804382324,1703.23828125,144.64039611816406,1817.874755859375,351.4020080566406,1760.5565185546875,248.02120208740234,114.636474609375,206.76161193847656
IMG_0038.mp4,371,12.379033333333334,29.97002997002997,1,2,traffic_signs,0.8824878931045532,2448.64404296875,1482.538818359375,2476.09814453125,1555.9912109375,2462.37109375,1519.2650146484375,27.4541015625,73.452392578125
IMG_0038.mp4,372,12.4124,29.97002997002997,2,2,traffic_signs,0.8523670434951782,2277.91455078125,1528.4578857421875,2307.47705078125,1585.0362548828125,2292.69580078125,1556.7470703125,29.5625,56.578369140625
IMG_0038.mp4,372,12.4124,29.97002997002997,6,1,traffic_lights,0.7558072805404663,2292.03515625,1411.3359375,2307.33349609375,1456.7813720703125,2299.684326171875,1434.0586547851562,15.29833984375,45.4454345703125
IMG_0038.mp4,372,12.4124,29.97002997002997,4,1,traffic_lights,0.8961371183395386,1701.975341796875,141.7645721435547,1817.7078857421875,349.3695373535156,1759.8416137695312,245.56705474853516,115.7325439453125,207.60496520996094
IMG_0038.mp4,372,12.4124,29.97002997002997,1,2,traffic_signs,0.8821119070053101,2448.55322265625,1482.474365234375,2476.332763671875,1556.19970703125,2462.4429931640625,1519.3370361328125,27.779541015625,73.725341796875
IMG_0038.mp4,372,12.4124,29.97002997002997,109,1,traffic_lights,0.4659613072872162,1563.0975341796875,135.55628967285156,1684.808837890625,350.5617980957031,1623.9531860351562,243.05904388427734,121.7113037109375,215.00550842285156
IMG_0038.mp4,373,12.445766666666668,29.97002997002997,2,2,traffic_signs,0.8478240966796875,2277.798828125,1528.5714111328125,2307.043701171875,1584.837890625,2292.4212646484375,1556.7046508789062,29.244873046875,56.2664794921875
IMG_0038.mp4,373,12.445766666666668,29.97002997002997,6,1,traffic_lights,0.7426149845123291,2291.20751953125,1411.3096923828125,2306.849609375,1456.7091064453125,2299.028564453125,1434.0093994140625,15.64208984375,45.3994140625
IMG_0038.mp4,373,12.445766666666668,29.97002997002997,1,2,traffic_signs,0.8821337819099426,2448.541748046875,1482.3570556640625,2476.154052734375,1555.6719970703125,2462.347900390625,1519.0145263671875,27.6123046875,73.31494140625
IMG_0038.mp4,373,12.445766666666668,29.97002997002997,92,2,traffic_signs,0.4383723735809326,706.36181640625,1526.4400634765625,740.6779174804688,1555.4248046875,723.5198669433594,1540.9324340820312,34.31610107421875,28.9847412109375
IMG_0038.mp4,374,12.479133333333333,29.97002997002997,2,2,traffic_signs,0.8472830653190613,2278.431884765625,1528.5811767578125,2307.992431640625,1584.3209228515625,2293.212158203125,1556.4510498046875,29.560546875,55.73974609375
IMG_0038.mp4,374,12.479133333333333,29.97002997002997,6,1,traffic_lights,0.7473775744438171,2291.710205078125,1410.82275390625,2307.529541015625,1456.7464599609375,2299.619873046875,1433.7846069335938,15.8193359375,45.9237060546875
IMG_0038.mp4,374,12.479133333333333,29.97002997002997,1,2,traffic_signs,0.8751167058944702,2448.861328125,1481.1141357421875,2477.58251953125,1555.064208984375,2463.221923828125,1518.0891723632812,28.72119140625,73.9500732421875
IMG_0038.mp4,374,12.479133333333333,29.97002997002997,4,1,traffic_lights,0.8667268753051758,1698.0755615234375,136.6409149169922,1818.0491943359375,346.9994812011719,1758.0623779296875,241.82019805908203,119.9736328125,210.3585662841797
IMG_0038.mp4,375,12.512500000000001,29.97002997002997,4,1,traffic_lights,0.8381552696228027,1695.9869384765625,131.79136657714844,1817.12548828125,344.1340026855469,1756.5562133789062,237.96268463134766,121.1385498046875,212.34263610839844
IMG_0038.mp4,376,12.545866666666667,29.97002997002997,4,1,traffic_lights,0.6473337411880493,1694.706298828125,128.56939697265625,1816.8927001953125,341.7955017089844,1755.7994995117188,235.1824493408203,122.1864013671875,213.22610473632812
IMG_0038.mp4,376,12.545866666666667,29.97002997002997,2,2,traffic_signs,0.8305075764656067,2279.289306640625,1528.0406494140625,2308.021484375,1583.1666259765625,2293.6553955078125,1555.6036376953125,28.732177734375,55.1259765625
IMG_0038.mp4,376,12.545866666666667,29.97002997002997,6,1,traffic_lights,0.5991906523704529,2291.509765625,1410.91845703125,2308.68310546875,1457.459228515625,2300.096435546875,1434.1888427734375,17.17333984375,46.540771484375
IMG_0038.mp4,376,12.545866666666667,29.97002997002997,1,2,traffic_signs,0.8457291126251221,2451.75634765625,1480.776611328125,2478.818115234375,1555.8126220703125,2465.2872314453125,1518.2946166992188,27.061767578125,75.0360107421875
IMG_0038.mp4,377,12.579233333333333,29.97002997002997,4,1,traffic_lights,0.8285242319107056,1698.6077880859375,124.9168472290039,1816.385498046875,337.8547668457031,1757.4966430664062,231.38580703735352,117.7777099609375,212.93791961669922
IMG_0038.mp4,377,12.579233333333333,29.97002997002997,2,2,traffic_signs,0.8494868874549866,2279.879150390625,1527.59912109375,2309.0166015625,1584.5950927734375,2294.4478759765625,1556.0971069335938,29.137451171875,56.9959716796875
IMG_0038.mp4,377,12.579233333333333,29.97002997002997,6,1,traffic_lights,0.6533775329589844,2292.294677734375,1411.648681640625,2308.68212890625,1457.80908203125,2300.4884033203125,1434.7288818359375,16.387451171875,46.160400390625
IMG_0038.mp4,377,12.579233333333333,29.97002997002997,1,2,traffic_signs,0.8845337629318237,2453.11376953125,1480.5164794921875,2479.58349609375,1555.7569580078125,2466.3486328125,1518.13671875,26.4697265625,75.240478515625
IMG_0038.mp4,377,12.579233333333333,29.97002997002997,5,1,traffic_lights,0.6910033822059631,1120.888427734375,1427.43896484375,1154.2568359375,1473.5660400390625,1137.5726318359375,1450.5025024414062,33.368408203125,46.1270751953125
IMG_0038.mp4,378,12.6126,29.97002997002997,4,1,traffic_lights,0.8917122483253479,1696.9920654296875,120.28842163085938,1816.1737060546875,334.7138977050781,1756.5828857421875,227.50115966796875,119.181640625,214.42547607421875
IMG_0038.mp4,378,12.6126,29.97002997002997,2,2,traffic_signs,0.8489003777503967,2279.966064453125,1527.5235595703125,2309.514892578125,1585.1842041015625,2294.740478515625,1556.3538818359375,29.548828125,57.66064453125
IMG_0038.mp4,378,12.6126,29.97002997002997,6,1,traffic_lights,0.6506580710411072,2292.590087890625,1411.91943359375,2308.602294921875,1458.301025390625,2300.59619140625,1435.1102294921875,16.01220703125,46.381591796875
IMG_0038.mp4,378,12.6126,29.97002997002997,1,2,traffic_signs,0.8863051533699036,2453.47119140625,1480.66650390625,2479.827880859375,1555.85107421875,2466.6495361328125,1518.2587890625,26.356689453125,75.1845703125
IMG_0038.mp4,378,12.6126,29.97002997002997,5,1,traffic_lights,0.7268899083137512,1120.2359619140625,1427.4263916015625,1153.8284912109375,1473.45361328125,1137.0322265625,1450.4400024414062,33.592529296875,46.0272216796875
IMG_0038.mp4,379,12.645966666666666,29.97002997002997,4,1,traffic_lights,0.7754279971122742,1695.6865234375,116.46348571777344,1815.862060546875,332.0732421875,1755.7742919921875,224.26836395263672,120.175537109375,215.60975646972656
IMG_0038.mp4,379,12.645966666666666,29.97002997002997,2,2,traffic_signs,0.8487065434455872,2279.962646484375,1527.1451416015625,2309.57275390625,1585.287353515625,2294.7677001953125,1556.2162475585938,29.610107421875,58.1422119140625
IMG_0038.mp4,379,12.645966666666666,29.97002997002997,6,1,traffic_lights,0.6664581894874573,2292.751708984375,1411.632568359375,2308.596435546875,1457.9298095703125,2300.674072265625,1434.7811889648438,15.8447265625,46.2972412109375
IMG_0038.mp4,379,12.645966666666666,29.97002997002997,1,2,traffic_signs,0.8840318322181702,2453.8076171875,1480.4693603515625,2480.140625,1555.6927490234375,2466.97412109375,1518.0810546875,26.3330078125,75.223388671875
IMG_0038.mp4,379,12.645966666666666,29.97002997002997,5,1,traffic_lights,0.7488518357276917,1120.18603515625,1427.3359375,1153.0098876953125,1473.08740234375,1136.5979614257812,1450.211669921875,32.8238525390625,45.75146484375
IMG_0038.mp4,380,12.679333333333334,29.97002997002997,4,1,traffic_lights,0.8350517153739929,1693.3955078125,111.83155822753906,1815.444091796875,327.4218444824219,1754.4197998046875,219.62670135498047,122.048583984375,215.5902862548828
IMG_0038.mp4,380,12.679333333333334,29.97002997002997,2,2,traffic_signs,0.8445712924003601,2280.674072265625,1527.399658203125,2310.0224609375,1585.0875244140625,2295.3482666015625,1556.2435913085938,29.348388671875,57.6878662109375
IMG_0038.mp4,380,12.679333333333334,29.97002997002997,6,1,traffic_lights,0.6299813985824585,2293.357666015625,1411.826416015625,2309.006591796875,1457.822021484375,2301.18212890625,1434.82421875,15.64892578125,45.99560546875
IMG_0038.mp4,380,12.679333333333334,29.97002997002997,1,2,traffic_signs,0.8894670009613037,2454.623779296875,1480.6514892578125,2480.982177734375,1555.9049072265625,2467.802978515625,1518.2781982421875,26.3583984375,75.25341796875
IMG_0038.mp4,380,12.679333333333334,29.97002997002997,5,1,traffic_lights,0.7311748266220093,1119.9718017578125,1427.2034912109375,1152.242919921875,1473.71240234375,1136.1073608398438,1450.4579467773438,32.2711181640625,46.5089111328125
IMG_0038.mp4,381,12.7127,29.97002997002997,4,1,traffic_lights,0.81227707862854,1693.106201171875,106.1332778930664,1814.7281494140625,322.9217224121094,1753.9171752929688,214.5275001525879,121.6219482421875,216.78844451904297
IMG_0038.mp4,381,12.7127,29.97002997002997,2,2,traffic_signs,0.8458392024040222,2280.85595703125,1527.506103515625,2310.16259765625,1584.90966796875,2295.50927734375,1556.2078857421875,29.306640625,57.403564453125
IMG_0038.mp4,381,12.7127,29.97002997002997,6,1,traffic_lights,0.5870447158813477,2293.6943359375,1411.7120361328125,2309.253662109375,1457.249755859375,2301.4739990234375,1434.4808959960938,15.559326171875,45.5377197265625
IMG_0038.mp4,381,12.7127,29.97002997002997,1,2,traffic_signs,0.8957214951515198,2455.703125,1480.981201171875,2481.723876953125,1555.9774169921875,2468.7135009765625,1518.4793090820312,26.020751953125,74.9962158203125
IMG_0038.mp4,381,12.7127,29.97002997002997,5,1,traffic_lights,0.5562759637832642,1119.3140869140625,1427.443359375,1150.621826171875,1474.04638671875,1134.9679565429688,1450.744873046875,31.3077392578125,46.60302734375
IMG_0038.mp4,382,12.746066666666668,29.97002997002997,4,1,traffic_lights,0.35487014055252075,1691.9093017578125,99.70853424072266,1812.577880859375,319.43878173828125,1752.2435913085938,209.57365798950195,120.6685791015625,219.7302474975586
IMG_0038.mp4,382,12.746066666666668,29.97002997002997,2,2,traffic_signs,0.844977855682373,2281.0029296875,1527.548828125,2310.4296875,1584.7779541015625,2295.71630859375,1556.1633911132812,29.4267578125,57.2291259765625
IMG_0038.mp4,382,12.746066666666668,29.97002997002997,6,1,traffic_lights,0.6037077903747559,2294.02783203125,1411.96826171875,2309.438232421875,1457.004150390625,2301.7330322265625,1434.4862060546875,15.410400390625,45.035888671875
IMG_0038.mp4,382,12.746066666666668,29.97002997002997,1,2,traffic_signs,0.8840376734733582,2456.40283203125,1480.9296875,2482.194580078125,1556.094970703125,2469.2987060546875,1518.5123291015625,25.791748046875,75.165283203125
IMG_0038.mp4,382,12.746066666666668,29.97002997002997,5,1,traffic_lights,0.7428196668624878,1118.7314453125,1427.4033203125,1150.1192626953125,1473.8646240234375,1134.4253540039062,1450.6339721679688,31.3878173828125,46.4613037109375
IMG_0038.mp4,383,12.779433333333333,29.97002997002997,4,1,traffic_lights,0.7158113718032837,1688.480224609375,94.39665222167969,1811.7000732421875,314.67010498046875,1750.0901489257812,204.53337860107422,123.2198486328125,220.27345275878906
IMG_0038.mp4,383,12.779433333333333,29.97002997002997,2,2,traffic_signs,0.8435088992118835,2281.43212890625,1527.3546142578125,2310.893798828125,1584.55029296875,2296.1629638671875,1555.9524536132812,29.461669921875,57.1956787109375
IMG_0038.mp4,383,12.779433333333333,29.97002997002997,6,1,traffic_lights,0.6204599142074585,2294.21533203125,1411.85009765625,2309.55419921875,1456.8197021484375,2301.884765625,1434.3348999023438,15.3388671875,44.9696044921875
IMG_0038.mp4,383,12.779433333333333,29.97002997002997,1,2,traffic_signs,0.81580650806427,2457.068359375,1481.058837890625,2483.107421875,1555.8731689453125,2470.087890625,1518.4660034179688,26.0390625,74.8143310546875
IMG_0038.mp4,383,12.779433333333333,29.97002997002997,5,1,traffic_lights,0.7469226717948914,1118.7408447265625,1427.0726318359375,1150.078369140625,1474.166015625,1134.4096069335938,1450.6193237304688,31.3375244140625,47.0933837890625
IMG_0038.mp4,384,12.812800000000001,29.97002997002997,4,1,traffic_lights,0.7114132642745972,1690.0015869140625,88.65431213378906,1810.23583984375,306.7511901855469,1750.1187133789062,197.70275115966797,120.2342529296875,218.0968780517578
IMG_0038.mp4,384,12.812800000000001,29.97002997002997,2,2,traffic_signs,0.8465666770935059,2281.775390625,1527.26416015625,2311.27197265625,1584.4534912109375,2296.523681640625,1555.8588256835938,29.49658203125,57.1893310546875
IMG_0038.mp4,384,12.812800000000001,29.97002997002997,6,1,traffic_lights,0.5802258849143982,2294.15771484375,1411.429443359375,2309.479248046875,1456.8612060546875,2301.8184814453125,1434.1453247070312,15.321533203125,45.4317626953125
IMG_0038.mp4,384,12.812800000000001,29.97002997002997,1,2,traffic_signs,0.5609273314476013,2457.82373046875,1481.1558837890625,2483.770263671875,1556.4197998046875,2470.7969970703125,1518.787841796875,25.946533203125,75.263916015625
IMG_0038.mp4,384,12.812800000000001,29.97002997002997,5,1,traffic_lights,0.8002814054489136,1117.8829345703125,1426.862548828125,1149.562744140625,1473.3486328125,1133.7228393554688,1450.1055908203125,31.6798095703125,46.486083984375
IMG_0038.mp4,384,12.812800000000001,29.97002997002997,142,2,traffic_signs,0.40047985315322876,2360.81982421875,1569.0009765625,2377.042236328125,1601.6666259765625,2368.9310302734375,1585.3338012695312,16.222412109375,32.6656494140625
IMG_0038.mp4,385,12.846166666666667,29.97002997002997,2,2,traffic_signs,0.8349034190177917,2282.383544921875,1527.079833984375,2311.639892578125,1584.2777099609375,2297.01171875,1555.6787719726562,29.25634765625,57.1978759765625
IMG_0038.mp4,385,12.846166666666667,29.97002997002997,6,1,traffic_lights,0.5706304907798767,2294.0888671875,1411.4534912109375,2309.382568359375,1456.7113037109375,2301.7357177734375,1434.0823974609375,15.293701171875,45.2578125
IMG_0038.mp4,385,12.846166666666667,29.97002997002997,1,2,traffic_signs,0.7780631184577942,2459.14892578125,1481.3502197265625,2483.860107421875,1556.21044921875,2471.5045166015625,1518.7803344726562,24.711181640625,74.8602294921875
IMG_0038.mp4,385,12.846166666666667,29.97002997002997,5,1,traffic_lights,0.8339537382125854,1117.457275390625,1426.3822021484375,1148.78466796875,1473.0889892578125,1133.1209716796875,1449.735595703125,31.327392578125,46.706787109375
IMG_0038.mp4,385,12.846166666666667,29.97002997002997,142,2,traffic_signs,0.290625661611557,2361.499267578125,1569.25537109375,2377.901611328125,1600.920654296875,2369.700439453125,1585.0880126953125,16.40234375,31.665283203125
IMG_0038.mp4,386,12.879533333333333,29.97002997002997,2,2,traffic_signs,0.8340603113174438,2282.980224609375,1527.1767578125,2312.470458984375,1584.4266357421875,2297.725341796875,1555.8016967773438,29.490234375,57.2498779296875
IMG_0038.mp4,386,12.879533333333333,29.97002997002997,6,1,traffic_lights,0.5545573830604553,2294.781982421875,1411.519775390625,2309.753662109375,1456.2587890625,2302.267822265625,1433.8892822265625,14.9716796875,44.739013671875
IMG_0038.mp4,386,12.879533333333333,29.97002997002997,1,2,traffic_signs,0.883914053440094,2459.91796875,1481.41796875,2485.096435546875,1556.332275390625,2472.5072021484375,1518.8751220703125,25.178466796875,74.914306640625
IMG_0038.mp4,386,12.879533333333333,29.97002997002997,5,1,traffic_lights,0.7692627310752869,1117.0670166015625,1426.51123046875,1148.5504150390625,1473.6558837890625,1132.8087158203125,1450.0835571289062,31.4833984375,47.1446533203125
IMG_0038.mp4,386,12.879533333333333,29.97002997002997,142,2,traffic_signs,0.2632591128349304,2361.775146484375,1569.518310546875,2378.650146484375,1601.21142578125,2370.212646484375,1585.3648681640625,16.875,31.693115234375
IMG_0038.mp4,387,12.9129,29.97002997002997,2,2,traffic_signs,0.8330942988395691,2283.344482421875,1527.197509765625,2313.08056640625,1584.2960205078125,2298.2125244140625,1555.7467651367188,29.736083984375,57.0985107421875
IMG_0038.mp4,387,12.9129,29.97002997002997,6,1,traffic_lights,0.5484848022460938,2295.326416015625,1411.4493408203125,2310.07470703125,1456.0416259765625,2302.7005615234375,1433.7454833984375,14.748291015625,44.59228515625
IMG_0038.mp4,387,12.9129,29.97002997002997,1,2,traffic_signs,0.8841937780380249,2460.3544921875,1481.3983154296875,2486.081787109375,1556.3656005859375,2473.2181396484375,1518.8819580078125,25.727294921875,74.96728515625
IMG_0038.mp4,387,12.9129,29.97002997002997,5,1,traffic_lights,0.6963689923286438,1116.41259765625,1426.208984375,1148.30908203125,1472.1771240234375,1132.36083984375,1449.1930541992188,31.896484375,45.9681396484375
IMG_0038.mp4,388,12.946266666666666,29.97002997002997,2,2,traffic_signs,0.8269253969192505,2283.81591796875,1526.7415771484375,2313.325927734375,1583.1739501953125,2298.5709228515625,1554.957763671875,29.510009765625,56.432373046875
IMG_0038.mp4,388,12.946266666666666,29.97002997002997,6,1,traffic_lights,0.49318644404411316,2295.222412109375,1410.9833984375,2310.565673828125,1455.379150390625,2302.89404296875,1433.1812744140625,15.34326171875,44.395751953125
IMG_0038.mp4,388,12.946266666666666,29.97002997002997,1,2,traffic_signs,0.8722169995307922,2460.941650390625,1481.083984375,2487.01708984375,1555.623291015625,2473.9793701171875,1518.3536376953125,26.075439453125,74.539306640625
IMG_0038.mp4,390,13.013,29.97002997002997,2,2,traffic_signs,0.794242262840271,2285.5244140625,1528.6807861328125,2315.506103515625,1582.8917236328125,2300.5152587890625,1555.7862548828125,29.981689453125,54.2109375
IMG_0038.mp4,390,13.013,29.97002997002997,1,2,traffic_signs,0.6157539486885071,2464.585205078125,1486.8590087890625,2490.96875,1553.321044921875,2477.7769775390625,1520.0900268554688,26.383544921875,66.4620361328125
IMG_0038.mp4,391,13.046366666666668,29.97002997002997,2,2,traffic_signs,0.8236584663391113,2285.784423828125,1527.6251220703125,2315.08447265625,1583.4541015625,2300.4344482421875,1555.5396118164062,29.300048828125,55.8289794921875
IMG_0038.mp4,391,13.046366666666668,29.97002997002997,1,2,traffic_signs,0.8531851768493652,2464.7919921875,1481.046630859375,2491.671630859375,1554.1763916015625,2478.2318115234375,1517.6115112304688,26.879638671875,73.1297607421875
IMG_0038.mp4,391,13.046366666666668,29.97002997002997,6,1,traffic_lights,0.44353923201560974,2296.590576171875,1409.0460205078125,2311.77001953125,1455.4573974609375,2304.1802978515625,1432.251708984375,15.179443359375,46.411376953125
IMG_0038.mp4,392,13.079733333333333,29.97002997002997,2,2,traffic_signs,0.8188236951828003,2286.80908203125,1526.4820556640625,2315.378173828125,1583.131591796875,2301.0936279296875,1554.8068237304688,28.569091796875,56.6495361328125
IMG_0038.mp4,392,13.079733333333333,29.97002997002997,1,2,traffic_signs,0.46805259585380554,2467.393310546875,1478.3001708984375,2493.07470703125,1552.8974609375,2480.2340087890625,1515.5988159179688,25.681396484375,74.5972900390625
IMG_0038.mp4,392,13.079733333333333,29.97002997002997,6,1,traffic_lights,0.5412634611129761,2296.593017578125,1409.0865478515625,2312.376708984375,1454.7279052734375,2304.48486328125,1431.9072265625,15.78369140625,45.641357421875
IMG_0038.mp4,392,13.079733333333333,29.97002997002997,5,1,traffic_lights,0.5494682788848877,1113.5836181640625,1423.9105224609375,1146.06640625,1466.7679443359375,1129.8250122070312,1445.3392333984375,32.4827880859375,42.857421875
IMG_0038.mp4,393,13.113100000000001,29.97002997002997,2,2,traffic_signs,0.8167580366134644,2287.29052734375,1526.012939453125,2315.790771484375,1583.19775390625,2301.5406494140625,1554.6053466796875,28.500244140625,57.184814453125
IMG_0038.mp4,393,13.113100000000001,29.97002997002997,1,2,traffic_signs,0.8538117408752441,2469.088134765625,1477.091552734375,2494.2900390625,1553.3170166015625,2481.6890869140625,1515.2042846679688,25.201904296875,76.2254638671875
IMG_0038.mp4,393,13.113100000000001,29.97002997002997,6,1,traffic_lights,0.6211318373680115,2296.606201171875,1409.49609375,2312.68994140625,1455.143798828125,2304.6480712890625,1432.3199462890625,16.083740234375,45.647705078125
IMG_0038.mp4,393,13.113100000000001,29.97002997002997,5,1,traffic_lights,0.3401108384132385,1112.4505615234375,1425.2681884765625,1142.75439453125,1465.1910400390625,1127.6024780273438,1445.2296142578125,30.3038330078125,39.9228515625
IMG_0038.mp4,394,13.146466666666667,29.97002997002997,2,2,traffic_signs,0.8126746416091919,2287.31689453125,1526.27392578125,2316.04931640625,1583.9368896484375,2301.68310546875,1555.1054077148438,28.732421875,57.6629638671875
IMG_0038.mp4,394,13.146466666666667,29.97002997002997,1,2,traffic_signs,0.7954570651054382,2469.8583984375,1476.654052734375,2495.039306640625,1552.5360107421875,2482.4488525390625,1514.5950317382812,25.180908203125,75.8819580078125
IMG_0038.mp4,394,13.146466666666667,29.97002997002997,6,1,traffic_lights,0.6788598299026489,2296.4501953125,1409.763671875,2312.518798828125,1455.3060302734375,2304.4844970703125,1432.5348510742188,16.068603515625,45.5423583984375
IMG_0038.mp4,394,13.146466666666667,29.97002997002997,5,1,traffic_lights,0.3970976173877716,1112.4168701171875,1425.466552734375,1144.763916015625,1467.6109619140625,1128.5903930664062,1446.5387573242188,32.3470458984375,42.1444091796875
IMG_0038.mp4,395,13.179833333333333,29.97002997002997,2,2,traffic_signs,0.8448911309242249,2288.9267578125,1526.3052978515625,2318.565185546875,1583.2161865234375,2303.7459716796875,1554.7607421875,29.638427734375,56.910888671875
IMG_0038.mp4,395,13.179833333333333,29.97002997002997,6,1,traffic_lights,0.5633204579353333,2298.290771484375,1409.3756103515625,2315.147216796875,1454.2491455078125,2306.718994140625,1431.8123779296875,16.8564453125,44.87353515625
IMG_0038.mp4,395,13.179833333333333,29.97002997002997,5,1,traffic_lights,0.5738866329193115,1110.637939453125,1425.6580810546875,1141.8250732421875,1468.296142578125,1126.2315063476562,1446.9771118164062,31.1871337890625,42.6380615234375
IMG_0038.mp4,396,13.2132,29.97002997002997,5,1,traffic_lights,0.49483177065849304,1109.695068359375,1425.6302490234375,1142.4588623046875,1468.0601806640625,1126.0769653320312,1446.84521484375,32.7637939453125,42.429931640625
IMG_0038.mp4,396,13.2132,29.97002997002997,1,2,traffic_signs,0.688388466835022,2478.306884765625,1503.08447265625,2502.061767578125,1551.539794921875,2490.184326171875,1527.3121337890625,23.7548828125,48.455322265625
IMG_0038.mp4,397,13.246566666666666,29.97002997002997,5,1,traffic_lights,0.48058173060417175,1108.47216796875,1425.524658203125,1142.91259765625,1468.7982177734375,1125.6923828125,1447.1614379882812,34.4404296875,43.2735595703125
IMG_0038.mp4,397,13.246566666666666,29.97002997002997,156,1,traffic_lights,0.5975165963172913,2580.685791015625,1547.848388671875,2601.852783203125,1593.3822021484375,2591.269287109375,1570.6152954101562,21.1669921875,45.5338134765625
IMG_0038.mp4,397,13.246566666666666,29.97002997002997,1,2,traffic_signs,0.8576022982597351,2477.2783203125,1479.6080322265625,2503.268798828125,1552.1168212890625,2490.2735595703125,1515.8624267578125,25.990478515625,72.5087890625
IMG_0038.mp4,397,13.246566666666666,29.97002997002997,2,2,traffic_signs,0.3884260058403015,2289.282958984375,1525.8463134765625,2320.6328125,1583.1490478515625,2304.9578857421875,1554.4976806640625,31.349853515625,57.302734375
IMG_0038.mp4,397,13.246566666666666,29.97002997002997,6,1,traffic_lights,0.7752650380134583,2299.31396484375,1408.34423828125,2316.4111328125,1454.3173828125,2307.862548828125,1431.330810546875,17.09716796875,45.97314453125
IMG_0038.mp4,398,13.279933333333334,29.97002997002997,5,1,traffic_lights,0.5248810648918152,1108.3636474609375,1424.9344482421875,1143.976806640625,1470.5091552734375,1126.1702270507812,1447.7218017578125,35.6131591796875,45.57470703125
IMG_0038.mp4,398,13.279933333333334,29.97002997002997,156,1,traffic_lights,0.40780824422836304,2582.641357421875,1548.3946533203125,2602.11181640625,1593.6285400390625,2592.3765869140625,1571.0115966796875,19.470458984375,45.23388671875
IMG_0038.mp4,398,13.279933333333334,29.97002997002997,1,2,traffic_signs,0.8512619137763977,2478.142333984375,1475.1505126953125,2504.188232421875,1551.2591552734375,2491.165283203125,1513.204833984375,26.0458984375,76.108642578125
IMG_0038.mp4,398,13.279933333333334,29.97002997002997,2,2,traffic_signs,0.8201636672019958,2289.949951171875,1525.898193359375,2321.001953125,1582.712158203125,2305.4759521484375,1554.30517578125,31.052001953125,56.81396484375
IMG_0038.mp4,398,13.279933333333334,29.97002997002997,6,1,traffic_lights,0.7455331683158875,2299.2802734375,1408.4937744140625,2315.746337890625,1454.8360595703125,2307.5133056640625,1431.6649169921875,16.466064453125,46.34228515625
IMG_0038.mp4,399,13.3133,29.97002997002997,5,1,traffic_lights,0.32232964038848877,1108.25341796875,1424.0870361328125,1146.5848388671875,1472.3328857421875,1127.4191284179688,1448.2099609375,38.3314208984375,48.245849609375
IMG_0038.mp4,399,13.3133,29.97002997002997,156,1,traffic_lights,0.5586129426956177,2583.393798828125,1548.4676513671875,2601.365234375,1590.8760986328125,2592.3795166015625,1569.671875,17.971435546875,42.408447265625
IMG_0038.mp4,399,13.3133,29.97002997002997,1,2,traffic_signs,0.8631494641304016,2479.876953125,1473.62451171875,2505.179931640625,1551.016357421875,2492.5284423828125,1512.3204345703125,25.302978515625,77.391845703125
IMG_0038.mp4,399,13.3133,29.97002997002997,2,2,traffic_signs,0.841894805431366,2290.475830078125,1525.4608154296875,2321.10107421875,1582.1968994140625,2305.7884521484375,1553.828857421875,30.625244140625,56.736083984375
IMG_0038.mp4,399,13.3133,29.97002997002997,6,1,traffic_lights,0.7702098488807678,2299.36865234375,1408.427001953125,2315.481689453125,1454.757080078125,2307.4251708984375,1431.592041015625,16.113037109375,46.330078125
IMG_0038.mp4,399,13.3133,29.97002997002997,4,1,traffic_lights,0.3953319191932678,1664.7696533203125,0.0,1779.6448974609375,187.94842529296875,1722.207275390625,93.97421264648438,114.875244140625,187.94842529296875
IMG_0038.mp4,400,13.346666666666668,29.97002997002997,1,2,traffic_signs,0.8441618084907532,2481.172119140625,1472.88427734375,2505.931884765625,1551.1868896484375,2493.552001953125,1512.0355834960938,24.759765625,78.3026123046875
IMG_0038.mp4,400,13.346666666666668,29.97002997002997,2,2,traffic_signs,0.8557227253913879,2290.78369140625,1525.18212890625,2321.20263671875,1582.1077880859375,2305.9931640625,1553.6449584960938,30.4189453125,56.9256591796875
IMG_0038.mp4,400,13.346666666666668,29.97002997002997,6,1,traffic_lights,0.7876856327056885,2299.195556640625,1408.5948486328125,2315.05712890625,1454.8890380859375,2307.1263427734375,1431.741943359375,15.861572265625,46.294189453125
IMG_0038.mp4,401,13.380033333333333,29.97002997002997,1,2,traffic_signs,0.5090686678886414,2482.93408203125,1473.391845703125,2507.041259765625,1551.692138671875,2494.9876708984375,1512.5419921875,24.107177734375,78.30029296875
IMG_0038.mp4,401,13.380033333333333,29.97002997002997,2,2,traffic_signs,0.8631789088249207,2291.152099609375,1525.09716796875,2321.9208984375,1582.079833984375,2306.5364990234375,1553.5885009765625,30.768798828125,56.982666015625
IMG_0038.mp4,401,13.380033333333333,29.97002997002997,6,1,traffic_lights,0.7964996695518494,2299.51171875,1408.5411376953125,2315.0703125,1454.9664306640625,2307.291015625,1431.7537841796875,15.55859375,46.42529296875
IMG_0038.mp4,401,13.380033333333333,29.97002997002997,156,1,traffic_lights,0.37444350123405457,2584.964599609375,1549.9298095703125,2604.7470703125,1590.638671875,2594.8558349609375,1570.2842407226562,19.782470703125,40.7088623046875
IMG_0038.mp4,402,13.413400000000001,29.97002997002997,1,2,traffic_signs,0.8838434815406799,2485.013916015625,1472.97802734375,2508.781982421875,1551.7528076171875,2496.89794921875,1512.3654174804688,23.76806640625,78.7747802734375
IMG_0038.mp4,402,13.413400000000001,29.97002997002997,2,2,traffic_signs,0.8609473705291748,2291.7373046875,1524.8968505859375,2322.661376953125,1582.04150390625,2307.1993408203125,1553.4691772460938,30.924072265625,57.1446533203125
IMG_0038.mp4,402,13.413400000000001,29.97002997002997,6,1,traffic_lights,0.7926848530769348,2299.645263671875,1408.2525634765625,2315.33642578125,1454.4873046875,2307.4908447265625,1431.3699340820312,15.691162109375,46.2347412109375
IMG_0038.mp4,402,13.413400000000001,29.97002997002997,161,2,traffic_signs,0.39508140087127686,2372.2646484375,1565.752685546875,2387.428955078125,1598.42236328125,2379.8468017578125,1582.0875244140625,15.164306640625,32.669677734375
IMG_0038.mp4,402,13.413400000000001,29.97002997002997,156,1,traffic_lights,0.3651037812232971,2585.792236328125,1551.183349609375,2605.916015625,1590.6866455078125,2595.8541259765625,1570.9349975585938,20.123779296875,39.5032958984375
IMG_0038.mp4,403,13.446766666666667,29.97002997002997,1,2,traffic_signs,0.8782172203063965,2487.1337890625,1472.1788330078125,2511.135498046875,1551.0396728515625,2499.1346435546875,1511.6092529296875,24.001708984375,78.86083984375
IMG_0038.mp4,403,13.446766666666667,29.97002997002997,2,2,traffic_signs,0.8631625175476074,2292.768310546875,1524.560302734375,2323.609375,1581.910400390625,2308.1888427734375,1553.2353515625,30.841064453125,57.35009765625
IMG_0038.mp4,403,13.446766666666667,29.97002997002997,6,1,traffic_lights,0.7969242334365845,2300.218505859375,1407.9586181640625,2315.90087890625,1453.894775390625,2308.0596923828125,1430.9266967773438,15.682373046875,45.9361572265625
IMG_0038.mp4,403,13.446766666666667,29.97002997002997,161,2,traffic_signs,0.48747968673706055,2372.99658203125,1566.0150146484375,2388.30029296875,1597.9937744140625,2380.6484375,1582.00439453125,15.3037109375,31.978759765625
IMG_0038.mp4,403,13.446766666666667,29.97002997002997,156,1,traffic_lights,0.43330249190330505,2587.280029296875,1547.9559326171875,2607.4716796875,1591.2347412109375,2597.3758544921875,1569.5953369140625,20.191650390625,43.27880859375
IMG_0038.mp4,404,13.480133333333333,29.97002997002997,1,2,traffic_signs,0.8714258074760437,2489.301025390625,1471.6654052734375,2513.13427734375,1550.186279296875,2501.2176513671875,1510.9258422851562,23.833251953125,78.5208740234375
IMG_0038.mp4,404,13.480133333333333,29.97002997002997,2,2,traffic_signs,0.8583943247795105,2293.821533203125,1524.4288330078125,2324.301025390625,1581.7476806640625,2309.061279296875,1553.0882568359375,30.4794921875,57.31884765625
IMG_0038.mp4,404,13.480133333333333,29.97002997002997,6,1,traffic_lights,0.7958882451057434,2301.05224609375,1407.9464111328125,2316.7265625,1453.49560546875,2308.889404296875,1430.7210083007812,15.67431640625,45.5491943359375
IMG_0038.mp4,404,13.480133333333333,29.97002997002997,161,2,traffic_signs,0.5679425001144409,2373.66259765625,1566.408935546875,2388.818115234375,1597.8583984375,2381.2403564453125,1582.1336669921875,15.155517578125,31.449462890625
IMG_0038.mp4,404,13.480133333333333,29.97002997002997,156,1,traffic_lights,0.39175355434417725,2589.438720703125,1550.149169921875,2608.59423828125,1590.843505859375,2599.0164794921875,1570.496337890625,19.155517578125,40.6943359375
IMG_0038.mp4,404,13.480133333333333,29.97002997002997,167,2,traffic_signs,0.4692644476890564,2600.263671875,1498.6422119140625,2617.388427734375,1541.0479736328125,2608.8260498046875,1519.8450927734375,17.124755859375,42.40576171875
IMG_0038.mp4,405,13.5135,29.97002997002997,1,2,traffic_signs,0.8733291029930115,2492.1005859375,1470.75439453125,2515.188720703125,1549.4105224609375,2503.6446533203125,1510.0824584960938,23.088134765625,78.6561279296875
IMG_0038.mp4,405,13.5135,29.97002997002997,2,2,traffic_signs,0.8618723750114441,2294.859375,1524.06005859375,2325.135009765625,1581.461181640625,2309.9971923828125,1552.7606201171875,30.275634765625,57.401123046875
IMG_0038.mp4,405,13.5135,29.97002997002997,6,1,traffic_lights,0.79728764295578,2301.594970703125,1407.9013671875,2317.246826171875,1453.41943359375,2309.4208984375,1430.660400390625,15.65185546875,45.51806640625
IMG_0038.mp4,405,13.5135,29.97002997002997,161,2,traffic_signs,0.6258756518363953,2373.9111328125,1565.787109375,2389.04248046875,1597.2149658203125,2381.476806640625,1581.5010375976562,15.13134765625,31.4278564453125
IMG_0038.mp4,405,13.5135,29.97002997002997,156,1,traffic_lights,0.278457373380661,2591.719482421875,1550.6357421875,2610.12890625,1591.093505859375,2600.9241943359375,1570.8646240234375,18.409423828125,40.457763671875
IMG_0038.mp4,405,13.5135,29.97002997002997,167,2,traffic_signs,0.4448014199733734,2601.84423828125,1497.8135986328125,2619.12890625,1541.7291259765625,2610.486572265625,1519.7713623046875,17.28466796875,43.91552734375
IMG_0038.mp4,406,13.546866666666666,29.97002997002997,1,2,traffic_signs,0.8802884817123413,2495.898681640625,1469.77880859375,2518.080810546875,1548.37060546875,2506.98974609375,1509.07470703125,22.18212890625,78.591796875
IMG_0038.mp4,406,13.546866666666666,29.97002997002997,2,2,traffic_signs,0.8745080828666687,2295.94482421875,1523.7249755859375,2326.590087890625,1581.46044921875,2311.2674560546875,1552.5927124023438,30.645263671875,57.7354736328125
IMG_0038.mp4,406,13.546866666666666,29.97002997002997,6,1,traffic_lights,0.8065707087516785,2302.544677734375,1407.0599365234375,2318.182861328125,1452.7935791015625,2310.36376953125,1429.9267578125,15.63818359375,45.733642578125
IMG_0038.mp4,406,13.546866666666666,29.97002997002997,161,2,traffic_signs,0.6568480730056763,2374.68896484375,1566.1983642578125,2390.005615234375,1597.60986328125,2382.3472900390625,1581.9041137695312,15.316650390625,31.4114990234375
IMG_0038.mp4,406,13.546866666666666,29.97002997002997,156,2,traffic_signs,0.31237974762916565,2594.29248046875,1553.3828125,2613.005126953125,1592.2490234375,2603.6488037109375,1572.81591796875,18.712646484375,38.8662109375
IMG_0038.mp4,406,13.546866666666666,29.97002997002997,167,2,traffic_signs,0.31194713711738586,2604.33740234375,1497.65869140625,2622.1005859375,1542.095947265625,2613.218994140625,1519.8773193359375,17.76318359375,44.437255859375
IMG_0038.mp4,406,13.546866666666666,29.97002997002997,170,2,traffic_signs,0.4916265308856964,2457.669677734375,1473.583984375,2473.678466796875,1542.0321044921875,2465.674072265625,1507.8080444335938,16.0087890625,68.4481201171875
IMG_0038.mp4,406,13.546866666666666,29.97002997002997,4,1,traffic_lights,0.5991297364234924,1659.138671875,0.0,1770.3111572265625,100.24557495117188,1714.7249145507812,50.12278747558594,111.1724853515625,100.24557495117188
IMG_0038.mp4,407,13.580233333333334,29.97002997002997,1,2,traffic_signs,0.8776771426200867,2497.777587890625,1469.1806640625,2519.852783203125,1547.614013671875,2508.815185546875,1508.3973388671875,22.0751953125,78.433349609375
IMG_0038.mp4,407,13.580233333333334,29.97002997002997,2,2,traffic_signs,0.8746544718742371,2296.45703125,1523.5133056640625,2327.478271484375,1581.636962890625,2311.9676513671875,1552.5751342773438,31.021240234375,58.1236572265625
IMG_0038.mp4,407,13.580233333333334,29.97002997002997,6,1,traffic_lights,0.7571349143981934,2302.999755859375,1406.500732421875,2318.574951171875,1451.277587890625,2310.787353515625,1428.88916015625,15.5751953125,44.77685546875
IMG_0038.mp4,407,13.580233333333334,29.97002997002997,161,2,traffic_signs,0.6509985327720642,2374.9140625,1565.3992919921875,2390.39794921875,1597.239501953125,2382.656005859375,1581.3193969726562,15.48388671875,31.8402099609375
IMG_0038.mp4,407,13.580233333333334,29.97002997002997,170,2,traffic_signs,0.30329737067222595,2459.246826171875,1472.8914794921875,2475.48828125,1542.0067138671875,2467.3675537109375,1507.4490966796875,16.241455078125,69.115234375
IMG_0038.mp4,407,13.580233333333334,29.97002997002997,4,1,traffic_lights,0.6016637086868286,1656.8287353515625,0.0,1773.1744384765625,76.04463958740234,1715.0015869140625,38.02231979370117,116.345703125,76.04463958740234
IMG_0038.mp4,408,13.6136,29.97002997002997,1,2,traffic_signs,0.8642696142196655,2499.924072265625,1467.537109375,2522.7978515625,1547.386474609375,2511.3609619140625,1507.4617919921875,22.873779296875,79.849365234375
IMG_0038.mp4,408,13.6136,29.97002997002997,2,2,traffic_signs,0.8547607064247131,2297.239501953125,1523.6131591796875,2329.45166015625,1581.6011962890625,2313.3455810546875,1552.607177734375,32.212158203125,57.988037109375
IMG_0038.mp4,408,13.6136,29.97002997002997,6,1,traffic_lights,0.709780752658844,2303.985595703125,1406.5712890625,2319.736328125,1449.8466796875,2311.8609619140625,1428.208984375,15.750732421875,43.275390625
IMG_0038.mp4,408,13.6136,29.97002997002997,161,2,traffic_signs,0.5543703436851501,2375.26123046875,1564.8592529296875,2391.692138671875,1597.287841796875,2383.4766845703125,1581.0735473632812,16.430908203125,32.4285888671875
IMG_0038.mp4,408,13.6136,29.97002997002997,4,1,traffic_lights,0.5763186812400818,1695.0068359375,0.053212203085422516,1773.0067138671875,56.963035583496094,1734.0067749023438,28.508123893290758,77.9998779296875,56.90982338041067
IMG_0038.mp4,409,13.646966666666668,29.97002997002997,1,2,traffic_signs,0.8659646511077881,2503.2109375,1466.41748046875,2526.60498046875,1546.3602294921875,2514.907958984375,1506.3888549804688,23.39404296875,79.9427490234375
IMG_0038.mp4,409,13.646966666666668,29.97002997002997,2,2,traffic_signs,0.8706868290901184,2298.43994140625,1523.28955078125,2330.66943359375,1581.6956787109375,2314.5546875,1552.4926147460938,32.2294921875,58.4061279296875
IMG_0038.mp4,409,13.646966666666668,29.97002997002997,6,1,traffic_lights,0.7568238377571106,2305.212890625,1405.9364013671875,2321.326416015625,1449.777587890625,2313.2696533203125,1427.8569946289062,16.113525390625,43.8411865234375
IMG_0038.mp4,409,13.646966666666668,29.97002997002997,161,2,traffic_signs,0.6108061075210571,2376.43310546875,1565.1484375,2392.4228515625,1597.07568359375,2384.427978515625,1581.112060546875,15.98974609375,31.92724609375
IMG_0038.mp4,410,13.680333333333333,29.97002997002997,2,2,traffic_signs,0.8824169039726257,2298.57080078125,1522.010986328125,2331.162841796875,1581.6494140625,2314.8668212890625,1551.8302001953125,32.592041015625,59.638427734375
IMG_0038.mp4,410,13.680333333333333,29.97002997002997,6,1,traffic_lights,0.7398160099983215,2304.543701171875,1405.0435791015625,2321.982421875,1451.1451416015625,2313.2630615234375,1428.0943603515625,17.438720703125,46.1015625
IMG_0038.mp4,411,13.713700000000001,29.97002997002997,2,2,traffic_signs,0.865394651889801,2299.42822265625,1522.1871337890625,2331.200927734375,1581.278564453125,2315.3145751953125,1551.7328491210938,31.772705078125,59.0914306640625
IMG_0038.mp4,411,13.713700000000001,29.97002997002997,6,1,traffic_lights,0.7925268411636353,2304.2529296875,1405.2286376953125,2320.291015625,1449.9171142578125,2312.27197265625,1427.5728759765625,16.0380859375,44.6884765625
IMG_0038.mp4,411,13.713700000000001,29.97002997002997,170,2,traffic_signs,0.46793317794799805,2466.792236328125,1469.76025390625,2484.521484375,1545.737548828125,2475.6568603515625,1507.7489013671875,17.729248046875,75.977294921875
IMG_0038.mp4,411,13.713700000000001,29.97002997002997,1,2,traffic_signs,0.6198753714561462,2507.964599609375,1465.852783203125,2531.376708984375,1545.4892578125,2519.670654296875,1505.6710205078125,23.412109375,79.636474609375
IMG_0038.mp4,411,13.713700000000001,29.97002997002997,161,2,traffic_signs,0.6247665286064148,2378.012939453125,1566.04052734375,2392.688720703125,1597.034423828125,2385.350830078125,1581.5374755859375,14.67578125,30.993896484375
IMG_0038.mp4,412,13.747066666666667,29.97002997002997,2,2,traffic_signs,0.877302885055542,2300.13427734375,1521.8790283203125,2331.533447265625,1581.1300048828125,2315.8338623046875,1551.5045166015625,31.399169921875,59.2509765625
IMG_0038.mp4,412,13.747066666666667,29.97002997002997,6,1,traffic_lights,0.7925169467926025,2304.049560546875,1404.405029296875,2319.5576171875,1449.2603759765625,2311.8035888671875,1426.8327026367188,15.508056640625,44.8553466796875
IMG_0038.mp4,412,13.747066666666667,29.97002997002997,170,2,traffic_signs,0.8117085099220276,2468.225341796875,1468.0377197265625,2486.316162109375,1545.9676513671875,2477.270751953125,1507.002685546875,18.0908203125,77.929931640625
IMG_0038.mp4,412,13.747066666666667,29.97002997002997,1,2,traffic_signs,0.8471469879150391,2509.710693359375,1465.7000732421875,2531.71826171875,1544.6689453125,2520.7144775390625,1505.1845092773438,22.007568359375,78.9688720703125
IMG_0038.mp4,412,13.747066666666667,29.97002997002997,161,2,traffic_signs,0.5454609394073486,2377.27978515625,1565.673095703125,2392.35693359375,1596.802490234375,2384.818359375,1581.23779296875,15.0771484375,31.12939453125
IMG_0038.mp4,413,13.780433333333333,29.97002997002997,2,2,traffic_signs,0.875791072845459,2300.9375,1521.109619140625,2332.533935546875,1580.5181884765625,2316.7357177734375,1550.8139038085938,31.596435546875,59.4085693359375
IMG_0038.mp4,413,13.780433333333333,29.97002997002997,6,1,traffic_lights,0.8005033731460571,2304.5322265625,1403.260986328125,2319.700927734375,1448.626953125,2312.1165771484375,1425.9439697265625,15.168701171875,45.365966796875
IMG_0038.mp4,413,13.780433333333333,29.97002997002997,170,2,traffic_signs,0.8541937470436096,2470.34619140625,1467.375732421875,2488.74169921875,1544.96142578125,2479.5439453125,1506.1685791015625,18.3955078125,77.585693359375
IMG_0038.mp4,413,13.780433333333333,29.97002997002997,1,2,traffic_signs,0.863445520401001,2512.49560546875,1464.9300537109375,2533.750732421875,1544.431396484375,2523.1231689453125,1504.6807250976562,21.255126953125,79.5013427734375
IMG_0038.mp4,413,13.780433333333333,29.97002997002997,161,2,traffic_signs,0.549708366394043,2377.8837890625,1565.2840576171875,2392.955810546875,1596.5191650390625,2385.4197998046875,1580.901611328125,15.072021484375,31.235107421875
IMG_0038.mp4,414,13.8138,29.97002997002997,2,2,traffic_signs,0.8614924550056458,2303.517333984375,1520.850830078125,2334.74609375,1578.7567138671875,2319.1317138671875,1549.8037719726562,31.228759765625,57.9058837890625
IMG_0038.mp4,414,13.8138,29.97002997002997,6,1,traffic_lights,0.8009419441223145,2306.618896484375,1401.6937255859375,2321.399658203125,1447.4102783203125,2314.00927734375,1424.552001953125,14.78076171875,45.716552734375
IMG_0038.mp4,414,13.8138,29.97002997002997,170,2,traffic_signs,0.8572985529899597,2473.94140625,1466.6744384765625,2492.2041015625,1544.119873046875,2483.07275390625,1505.3971557617188,18.2626953125,77.4454345703125
IMG_0038.mp4,414,13.8138,29.97002997002997,1,2,traffic_signs,0.8691903352737427,2516.42626953125,1463.7750244140625,2537.216064453125,1543.4781494140625,2526.8211669921875,1503.6265869140625,20.789794921875,79.703125
IMG_0038.mp4,414,13.8138,29.97002997002997,161,2,traffic_signs,0.6021499633789062,2380.02587890625,1565.2911376953125,2395.3984375,1596.812744140625,2387.712158203125,1581.0519409179688,15.37255859375,31.5216064453125
IMG_0038.mp4,415,13.847166666666666,29.97002997002997,2,2,traffic_signs,0.8675675988197327,2305.36962890625,1519.600341796875,2336.720947265625,1578.2244873046875,2321.0452880859375,1548.9124145507812,31.351318359375,58.6241455078125
IMG_0038.mp4,415,13.847166666666666,29.97002997002997,6,1,traffic_lights,0.7856945991516113,2307.6240234375,1400.3023681640625,2322.48046875,1446.69921875,2315.05224609375,1423.5007934570312,14.8564453125,46.3968505859375
IMG_0038.mp4,415,13.847166666666666,29.97002997002997,170,2,traffic_signs,0.8524874448776245,2476.76513671875,1466.36279296875,2494.658447265625,1542.941650390625,2485.7117919921875,1504.6522216796875,17.893310546875,76.578857421875
IMG_0038.mp4,415,13.847166666666666,29.97002997002997,1,2,traffic_signs,0.871182382106781,2521.069091796875,1462.260009765625,2540.857177734375,1541.9481201171875,2530.963134765625,1502.1040649414062,19.7880859375,79.6881103515625
IMG_0038.mp4,415,13.847166666666666,29.97002997002997,161,2,traffic_signs,0.622649610042572,2381.780517578125,1564.735107421875,2397.521728515625,1597.340576171875,2389.651123046875,1581.037841796875,15.7412109375,32.60546875
IMG_0038.mp4,416,13.880533333333334,29.97002997002997,2,2,traffic_signs,0.8730697631835938,2306.765625,1518.9130859375,2338.8818359375,1577.3765869140625,2322.82373046875,1548.1448364257812,32.1162109375,58.4635009765625
IMG_0038.mp4,416,13.880533333333334,29.97002997002997,6,1,traffic_lights,0.7926135659217834,2308.49072265625,1400.318115234375,2323.897216796875,1445.9447021484375,2316.1939697265625,1423.1314086914062,15.406494140625,45.6265869140625
IMG_0038.mp4,416,13.880533333333334,29.97002997002997,170,2,traffic_signs,0.8329194784164429,2478.97998046875,1464.4100341796875,2497.543701171875,1542.654052734375,2488.2618408203125,1503.5320434570312,18.563720703125,78.2440185546875
IMG_0038.mp4,416,13.880533333333334,29.97002997002997,1,2,traffic_signs,0.8603270053863525,2524.020263671875,1460.38525390625,2544.504150390625,1541.4744873046875,2534.26220703125,1500.9298706054688,20.48388671875,81.0892333984375
IMG_0038.mp4,416,13.880533333333334,29.97002997002997,161,2,traffic_signs,0.5841639041900635,2382.816650390625,1563.9886474609375,2398.66162109375,1597.6107177734375,2390.7391357421875,1580.7996826171875,15.844970703125,33.6220703125
IMG_0038.mp4,418,13.947266666666668,29.97002997002997,2,2,traffic_signs,0.8553122878074646,2310.125,1516.0941162109375,2342.6806640625,1575.2603759765625,2326.40283203125,1545.67724609375,32.5556640625,59.166259765625
IMG_0038.mp4,418,13.947266666666668,29.97002997002997,6,1,traffic_lights,0.8105376362800598,2310.4501953125,1396.2764892578125,2328.1259765625,1445.430419921875,2319.2880859375,1420.8534545898438,17.67578125,49.1539306640625
IMG_0038.mp4,418,13.947266666666668,29.97002997002997,170,2,traffic_signs,0.7927989959716797,2486.000244140625,1461.3359375,2505.330322265625,1542.039306640625,2495.665283203125,1501.6876220703125,19.330078125,80.703369140625
IMG_0038.mp4,419,13.980633333333333,29.97002997002997,2,2,traffic_signs,0.8808394074440002,2309.941650390625,1515.4705810546875,2343.43505859375,1575.70166015625,2326.6883544921875,1545.5861206054688,33.493408203125,60.2310791015625
IMG_0038.mp4,419,13.980633333333333,29.97002997002997,6,1,traffic_lights,0.8251091241836548,2310.775634765625,1395.791259765625,2328.461669921875,1445.4871826171875,2319.61865234375,1420.6392211914062,17.68603515625,49.6959228515625
IMG_0038.mp4,419,13.980633333333333,29.97002997002997,170,2,traffic_signs,0.6627559661865234,2487.962646484375,1459.3360595703125,2507.7822265625,1541.0247802734375,2497.8724365234375,1500.180419921875,19.819580078125,81.688720703125
IMG_0038.mp4,420,14.014000000000001,29.97002997002997,2,2,traffic_signs,0.87163907289505,2309.192138671875,1514.9219970703125,2342.95751953125,1575.345947265625,2326.0748291015625,1545.1339721679688,33.765380859375,60.4239501953125
IMG_0038.mp4,420,14.014000000000001,29.97002997002997,6,1,traffic_lights,0.831865668296814,2309.73486328125,1395.6478271484375,2327.432373046875,1444.7415771484375,2318.5836181640625,1420.1947021484375,17.697509765625,49.09375
IMG_0038.mp4,420,14.014000000000001,29.97002997002997,170,2,traffic_signs,0.863295316696167,2489.1513671875,1457.834716796875,2509.820068359375,1541.36474609375,2499.4857177734375,1499.5997314453125,20.668701171875,83.530029296875
IMG_0038.mp4,420,14.014000000000001,29.97002997002997,161,2,traffic_signs,0.5637750625610352,2386.84423828125,1563.4605712890625,2402.222900390625,1596.548828125,2394.5335693359375,1580.0046997070312,15.378662109375,33.0882568359375
IMG_0038.mp4,421,14.047366666666667,29.97002997002997,2,2,traffic_signs,0.7860049605369568,2309.8955078125,1514.4329833984375,2344.0341796875,1575.266357421875,2326.96484375,1544.8496704101562,34.138671875,60.8333740234375
IMG_0038.mp4,421,14.047366666666667,29.97002997002997,6,1,traffic_lights,0.838158369064331,2310.28564453125,1395.3441162109375,2327.860107421875,1443.8834228515625,2319.0728759765625,1419.61376953125,17.574462890625,48.539306640625
IMG_0038.mp4,421,14.047366666666667,29.97002997002997,170,2,traffic_signs,0.8726334571838379,2492.525146484375,1456.853515625,2514.287841796875,1540.1800537109375,2503.406494140625,1498.5167846679688,21.7626953125,83.3265380859375
IMG_0038.mp4,421,14.047366666666667,29.97002997002997,184,1,traffic_lights,0.6118180751800537,1080.069091796875,1415.09033203125,1117.1661376953125,1454.4632568359375,1098.6176147460938,1434.7767944335938,37.0970458984375,39.3729248046875
IMG_0038.mp4,421,14.047366666666667,29.97002997002997,161,2,traffic_signs,0.6155993342399597,2387.197998046875,1562.9688720703125,2402.43701171875,1596.0465087890625,2394.8175048828125,1579.5076904296875,15.239013671875,33.07763671875
IMG_0038.mp4,422,14.080733333333333,29.97002997002997,2,2,traffic_signs,0.8323302268981934,2311.258544921875,1512.99169921875,2345.281494140625,1574.32177734375,2328.27001953125,1543.65673828125,34.02294921875,61.330078125
IMG_0038.mp4,422,14.080733333333333,29.97002997002997,6,1,traffic_lights,0.7991173267364502,2311.326416015625,1394.9285888671875,2328.7216796875,1442.7535400390625,2320.0240478515625,1418.841064453125,17.395263671875,47.824951171875
IMG_0038.mp4,422,14.080733333333333,29.97002997002997,170,2,traffic_signs,0.8581452369689941,2495.98583984375,1455.65625,2518.1181640625,1539.0338134765625,2507.052001953125,1497.3450317382812,22.13232421875,83.3775634765625
IMG_0038.mp4,422,14.080733333333333,29.97002997002997,184,1,traffic_lights,0.6782539486885071,1079.470458984375,1413.985107421875,1116.05810546875,1452.5137939453125,1097.7642822265625,1433.2494506835938,36.587646484375,38.5286865234375
IMG_0038.mp4,422,14.080733333333333,29.97002997002997,161,2,traffic_signs,0.6091057658195496,2388.309326171875,1562.5748291015625,2403.263427734375,1595.1025390625,2395.786376953125,1578.8386840820312,14.9541015625,32.5277099609375
IMG_0038.mp4,423,14.1141,29.97002997002997,2,2,traffic_signs,0.8620173335075378,2312.892333984375,1512.22509765625,2346.4609375,1573.3623046875,2329.6766357421875,1542.793701171875,33.568603515625,61.13720703125
IMG_0038.mp4,423,14.1141,29.97002997002997,6,1,traffic_lights,0.7833736538887024,2312.020263671875,1394.7427978515625,2329.36767578125,1441.8687744140625,2320.6939697265625,1418.3057861328125,17.347412109375,47.1259765625
IMG_0038.mp4,423,14.1141,29.97002997002997,170,2,traffic_signs,0.8497275114059448,2499.294189453125,1455.1051025390625,2521.94189453125,1537.185546875,2510.6180419921875,1496.1453247070312,22.647705078125,82.0804443359375
IMG_0038.mp4,423,14.1141,29.97002997002997,184,1,traffic_lights,0.6883057355880737,1077.1337890625,1413.2047119140625,1114.1302490234375,1451.5302734375,1095.6320190429688,1432.3674926757812,36.9964599609375,38.3255615234375
IMG_0038.mp4,423,14.1141,29.97002997002997,161,2,traffic_signs,0.5955453515052795,2389.136962890625,1562.098388671875,2404.2216796875,1594.320556640625,2396.6793212890625,1578.20947265625,15.084716796875,32.22216796875
IMG_0038.mp4,423,14.1141,29.97002997002997,1,2,traffic_signs,0.40541714429855347,2544.00927734375,1448.5848388671875,2568.760009765625,1533.1483154296875,2556.3846435546875,1490.8665771484375,24.750732421875,84.5634765625
IMG_0038.mp4,424,14.147466666666666,29.97002997002997,2,2,traffic_signs,0.865461528301239,2314.79296875,1511.2733154296875,2348.361083984375,1572.700439453125,2331.5770263671875,1541.9868774414062,33.568115234375,61.4271240234375
IMG_0038.mp4,424,14.147466666666666,29.97002997002997,6,1,traffic_lights,0.7731617093086243,2313.8779296875,1394.4471435546875,2330.974853515625,1441.4326171875,2322.4263916015625,1417.9398803710938,17.096923828125,46.9854736328125
IMG_0038.mp4,424,14.147466666666666,29.97002997002997,170,2,traffic_signs,0.8382484316825867,2503.0322265625,1454.41259765625,2525.811279296875,1535.8006591796875,2514.4217529296875,1495.1066284179688,22.779052734375,81.3880615234375
IMG_0038.mp4,424,14.147466666666666,29.97002997002997,184,1,traffic_lights,0.759223997592926,1075.79736328125,1412.88330078125,1113.160400390625,1450.6890869140625,1094.4788818359375,1431.7861938476562,37.363037109375,37.8057861328125
IMG_0038.mp4,424,14.147466666666666,29.97002997002997,161,2,traffic_signs,0.5608174204826355,2390.564453125,1561.7376708984375,2405.82763671875,1593.9185791015625,2398.196044921875,1577.828125,15.26318359375,32.180908203125
IMG_0038.mp4,424,14.147466666666666,29.97002997002997,187,2,traffic_signs,0.3382110595703125,2641.611572265625,1486.5240478515625,2661.706298828125,1530.8433837890625,2651.658935546875,1508.6837158203125,20.0947265625,44.3193359375
IMG_0038.mp4,424,14.147466666666666,29.97002997002997,1,2,traffic_signs,0.43613508343696594,2547.69873046875,1447.1705322265625,2572.697021484375,1532.247802734375,2560.1978759765625,1489.7091674804688,24.998291015625,85.0772705078125
IMG_0038.mp4,425,14.180833333333334,29.97002997002997,2,2,traffic_signs,0.8647082448005676,2316.449951171875,1511.087890625,2349.857666015625,1572.8297119140625,2333.15380859375,1541.9588012695312,33.40771484375,61.7418212890625
IMG_0038.mp4,425,14.180833333333334,29.97002997002997,6,1,traffic_lights,0.4653279185295105,2314.927490234375,1393.8697509765625,2331.6572265625,1440.5982666015625,2323.2923583984375,1417.2340087890625,16.729736328125,46.728515625
IMG_0038.mp4,425,14.180833333333334,29.97002997002997,170,2,traffic_signs,0.6957914233207703,2506.997802734375,1455.2960205078125,2528.85107421875,1533.832763671875,2517.9244384765625,1494.5643920898438,21.853271484375,78.5367431640625
IMG_0038.mp4,425,14.180833333333334,29.97002997002997,184,1,traffic_lights,0.8236433267593384,1074.66162109375,1412.1552734375,1112.0394287109375,1450.5814208984375,1093.3505249023438,1431.3683471679688,37.3778076171875,38.4261474609375
IMG_0038.mp4,425,14.180833333333334,29.97002997002997,161,2,traffic_signs,0.4708169102668762,2391.25048828125,1561.7576904296875,2407.001953125,1593.5843505859375,2399.126220703125,1577.6710205078125,15.75146484375,31.82666015625
IMG_0038.mp4,425,14.180833333333334,29.97002997002997,187,2,traffic_signs,0.27009424567222595,2643.602783203125,1484.4075927734375,2663.103759765625,1526.8836669921875,2653.353271484375,1505.6456298828125,19.5009765625,42.47607421875
IMG_0038.mp4,425,14.180833333333334,29.97002997002997,1,2,traffic_signs,0.3460356891155243,2551.809814453125,1446.2586669921875,2576.138916015625,1530.0321044921875,2563.974365234375,1488.1453857421875,24.3291015625,83.7734375
IMG_0038.mp4,425,14.180833333333334,29.97002997002997,190,2,traffic_signs,0.3875240683555603,2636.248291015625,1547.5673828125,2655.551513671875,1581.9046630859375,2645.89990234375,1564.7360229492188,19.30322265625,34.3372802734375
IMG_0038.mp4,426,14.2142,29.97002997002997,2,2,traffic_signs,0.861248791217804,2317.781494140625,1511.447998046875,2351.30029296875,1573.1649169921875,2334.5408935546875,1542.3064575195312,33.518798828125,61.7169189453125
IMG_0038.mp4,426,14.2142,29.97002997002997,6,1,traffic_lights,0.4661494791507721,2316.066650390625,1393.47705078125,2332.360595703125,1440.789306640625,2324.213623046875,1417.1331787109375,16.2939453125,47.312255859375
IMG_0038.mp4,426,14.2142,29.97002997002997,170,2,traffic_signs,0.8597370386123657,2510.103271484375,1455.6881103515625,2533.325439453125,1534.38671875,2521.71435546875,1495.0374145507812,23.22216796875,78.6986083984375
IMG_0038.mp4,426,14.2142,29.97002997002997,184,1,traffic_lights,0.7244533896446228,1071.6029052734375,1412.617431640625,1107.88818359375,1450.1683349609375,1089.7455444335938,1431.3928833007812,36.2852783203125,37.5509033203125
IMG_0038.mp4,426,14.2142,29.97002997002997,161,2,traffic_signs,0.6026861071586609,2392.496337890625,1560.772216796875,2408.870849609375,1594.3201904296875,2400.68359375,1577.5462036132812,16.37451171875,33.5479736328125
IMG_0038.mp4,426,14.2142,29.97002997002997,1,2,traffic_signs,0.49493324756622314,2557.974609375,1446.8636474609375,2578.451416015625,1523.970947265625,2568.2130126953125,1485.4172973632812,20.476806640625,77.1072998046875
IMG_0038.mp4,427,14.247566666666668,29.97002997002997,2,2,traffic_signs,0.8416733145713806,2320.05126953125,1511.4420166015625,2353.220703125,1571.697021484375,2336.635986328125,1541.5695190429688,33.16943359375,60.2550048828125
IMG_0038.mp4,427,14.247566666666668,29.97002997002997,6,1,traffic_lights,0.5539398193359375,2317.710693359375,1392.9774169921875,2334.153076171875,1441.3355712890625,2325.931884765625,1417.156494140625,16.4423828125,48.358154296875
IMG_0038.mp4,427,14.247566666666668,29.97002997002997,170,2,traffic_signs,0.822716474533081,2512.9541015625,1452.95751953125,2537.2841796875,1533.547119140625,2525.119140625,1493.2523193359375,24.330078125,80.589599609375
IMG_0038.mp4,427,14.247566666666668,29.97002997002997,184,1,traffic_lights,0.6446280479431152,1070.8199462890625,1411.6629638671875,1105.2510986328125,1448.754638671875,1088.0355224609375,1430.2088012695312,34.43115234375,37.0916748046875
IMG_0038.mp4,427,14.247566666666668,29.97002997002997,161,2,traffic_signs,0.6991130113601685,2393.950927734375,1559.5321044921875,2410.42822265625,1593.9427490234375,2402.1895751953125,1576.7374267578125,16.477294921875,34.41064453125
IMG_0038.mp4,427,14.247566666666668,29.97002997002997,1,2,traffic_signs,0.6005164980888367,2563.982177734375,1445.127685546875,2582.54541015625,1522.1846923828125,2573.2637939453125,1483.6561889648438,18.563232421875,77.0570068359375
IMG_0038.mp4,428,14.280933333333333,29.97002997002997,2,2,traffic_signs,0.8362874388694763,2321.938232421875,1510.6461181640625,2355.978759765625,1571.1663818359375,2338.95849609375,1540.90625,34.04052734375,60.520263671875
IMG_0038.mp4,428,14.280933333333333,29.97002997002997,6,1,traffic_lights,0.5092594027519226,2319.299560546875,1392.268798828125,2335.804443359375,1441.1302490234375,2327.552001953125,1416.6995239257812,16.5048828125,48.8614501953125
IMG_0038.mp4,428,14.280933333333333,29.97002997002997,170,2,traffic_signs,0.565077006816864,2516.52734375,1448.061767578125,2543.337158203125,1533.80810546875,2529.9322509765625,1490.9349365234375,26.809814453125,85.746337890625
IMG_0038.mp4,428,14.280933333333333,29.97002997002997,184,1,traffic_lights,0.45106416940689087,1068.3759765625,1410.6773681640625,1102.15087890625,1447.7142333984375,1085.263427734375,1429.19580078125,33.77490234375,37.036865234375
IMG_0038.mp4,428,14.280933333333333,29.97002997002997,161,2,traffic_signs,0.7532380223274231,2395.888427734375,1559.1148681640625,2412.61474609375,1594.0528564453125,2404.2515869140625,1576.5838623046875,16.726318359375,34.93798828125
IMG_0038.mp4,428,14.280933333333333,29.97002997002997,1,2,traffic_signs,0.5569540858268738,2570.8544921875,1443.1611328125,2589.116943359375,1525.0115966796875,2579.9857177734375,1484.0863647460938,18.262451171875,81.8504638671875
IMG_0038.mp4,429,14.314300000000001,29.97002997002997,2,2,traffic_signs,0.846092164516449,2322.565185546875,1510.617919921875,2357.017822265625,1571.1351318359375,2339.79150390625,1540.8765258789062,34.45263671875,60.5172119140625
IMG_0038.mp4,429,14.314300000000001,29.97002997002997,6,1,traffic_lights,0.3437086343765259,2319.63916015625,1391.90185546875,2335.88427734375,1441.2037353515625,2327.76171875,1416.5527954101562,16.2451171875,49.3018798828125
IMG_0038.mp4,429,14.314300000000001,29.97002997002997,170,2,traffic_signs,0.7748851180076599,2517.75146484375,1446.4234619140625,2547.392822265625,1533.61962890625,2532.5721435546875,1490.0215454101562,29.641357421875,87.1961669921875
IMG_0038.mp4,429,14.314300000000001,29.97002997002997,184,1,traffic_lights,0.5853321552276611,1066.23486328125,1410.2449951171875,1100.696044921875,1446.6898193359375,1083.4654541015625,1428.4674072265625,34.461181640625,36.44482421875
IMG_0038.mp4,429,14.314300000000001,29.97002997002997,161,2,traffic_signs,0.7157397866249084,2396.252685546875,1559.600830078125,2412.991455078125,1594.4312744140625,2404.6220703125,1577.0160522460938,16.73876953125,34.8304443359375
IMG_0038.mp4,430,14.347666666666667,29.97002997002997,2,2,traffic_signs,0.8115566968917847,2324.440185546875,1509.911865234375,2358.404541015625,1569.659912109375,2341.42236328125,1539.785888671875,33.96435546875,59.748046875
IMG_0038.mp4,430,14.347666666666667,29.97002997002997,6,1,traffic_lights,0.4771592319011688,2320.069091796875,1390.4974365234375,2336.871826171875,1440.2254638671875,2328.470458984375,1415.3614501953125,16.802734375,49.72802734375
IMG_0038.mp4,430,14.347666666666667,29.97002997002997,170,2,traffic_signs,0.7598831057548523,2521.908203125,1443.9320068359375,2551.5390625,1531.87548828125,2536.7236328125,1487.9037475585938,29.630859375,87.9434814453125
IMG_0038.mp4,430,14.347666666666667,29.97002997002997,184,1,traffic_lights,0.36100390553474426,1062.761474609375,1410.4293212890625,1097.5042724609375,1445.7509765625,1080.1328735351562,1428.0901489257812,34.7427978515625,35.3216552734375
IMG_0038.mp4,430,14.347666666666667,29.97002997002997,161,2,traffic_signs,0.6606987714767456,2397.33935546875,1559.401611328125,2413.97216796875,1593.844482421875,2405.65576171875,1576.623046875,16.6328125,34.44287109375
IMG_0038.mp4,431,14.381033333333333,29.97002997002997,2,2,traffic_signs,0.7689467668533325,2324.674560546875,1508.9732666015625,2360.23193359375,1557.4859619140625,2342.4532470703125,1533.2296142578125,35.557373046875,48.5126953125
IMG_0038.mp4,431,14.381033333333333,29.97002997002997,6,1,traffic_lights,0.438854455947876,2318.753173828125,1389.80078125,2339.001220703125,1439.8304443359375,2328.877197265625,1414.8156127929688,20.248046875,50.0296630859375
IMG_0038.mp4,431,14.381033333333333,29.97002997002997,184,1,traffic_lights,0.697747528553009,1061.1959228515625,1410.1195068359375,1095.163330078125,1444.265869140625,1078.1796264648438,1427.1926879882812,33.9674072265625,34.1463623046875
IMG_0038.mp4,431,14.381033333333333,29.97002997002997,200,1,traffic_lights,0.5555816888809204,2194.572509765625,433.3544006347656,2262.953125,471.43658447265625,2228.7628173828125,452.39549255371094,68.380615234375,38.082183837890625
IMG_0038.mp4,432,14.4144,29.97002997002997,2,2,traffic_signs,0.7463623881340027,2328.680419921875,1520.5579833984375,2364.300048828125,1564.44482421875,2346.490234375,1542.5014038085938,35.61962890625,43.8868408203125
IMG_0038.mp4,432,14.4144,29.97002997002997,200,1,traffic_lights,0.3120148181915283,2195.691650390625,422.5386047363281,2266.335693359375,461.83587646484375,2231.013671875,442.18724060058594,70.64404296875,39.297271728515625
IMG_0038.mp4,432,14.4144,29.97002997002997,161,2,traffic_signs,0.7029141783714294,2400.17822265625,1558.103515625,2416.6728515625,1593.5130615234375,2408.425537109375,1575.8082885742188,16.49462890625,35.4095458984375
IMG_0038.mp4,433,14.447766666666666,29.97002997002997,2,2,traffic_signs,0.5691589117050171,2330.82080078125,1510.680908203125,2366.1298828125,1566.7022705078125,2348.475341796875,1538.6915893554688,35.30908203125,56.0213623046875
IMG_0038.mp4,433,14.447766666666666,29.97002997002997,161,2,traffic_signs,0.7711695432662964,2402.091552734375,1557.1676025390625,2419.39111328125,1592.8536376953125,2410.7413330078125,1575.0106201171875,17.299560546875,35.68603515625
IMG_0038.mp4,433,14.447766666666666,29.97002997002997,187,2,traffic_signs,0.44332078099250793,2667.684814453125,1477.944580078125,2688.2587890625,1520.5755615234375,2677.9718017578125,1499.2600708007812,20.573974609375,42.6309814453125
IMG_0038.mp4,433,14.447766666666666,29.97002997002997,170,2,traffic_signs,0.742767333984375,2534.891357421875,1435.831787109375,2565.1962890625,1528.859130859375,2550.0438232421875,1482.345458984375,30.304931640625,93.02734375
IMG_0038.mp4,433,14.447766666666666,29.97002997002997,6,1,traffic_lights,0.7512382864952087,2323.1669921875,1388.1087646484375,2341.5634765625,1435.839111328125,2332.365234375,1411.9739379882812,18.396484375,47.7303466796875
IMG_0038.mp4,434,14.481133333333334,29.97002997002997,2,2,traffic_signs,0.8328805565834045,2331.7236328125,1507.208740234375,2366.6787109375,1566.6617431640625,2349.201171875,1536.9352416992188,34.955078125,59.4530029296875
IMG_0038.mp4,434,14.481133333333334,29.97002997002997,161,2,traffic_signs,0.7780471444129944,2402.177001953125,1556.50048828125,2419.59912109375,1592.59423828125,2410.8880615234375,1574.54736328125,17.422119140625,36.09375
IMG_0038.mp4,434,14.481133333333334,29.97002997002997,187,2,traffic_signs,0.3409673869609833,2670.5380859375,1476.55810546875,2689.841064453125,1520.713134765625,2680.1895751953125,1498.6356201171875,19.302978515625,44.155029296875
IMG_0038.mp4,434,14.481133333333334,29.97002997002997,170,2,traffic_signs,0.677284300327301,2538.91455078125,1433.896240234375,2569.580810546875,1523.9344482421875,2554.2476806640625,1478.9153442382812,30.666259765625,90.0382080078125
IMG_0038.mp4,434,14.481133333333334,29.97002997002997,6,1,traffic_lights,0.7526331543922424,2322.920166015625,1386.1287841796875,2340.849365234375,1434.5474853515625,2331.884765625,1410.338134765625,17.92919921875,48.418701171875
IMG_0038.mp4,434,14.481133333333334,29.97002997002997,184,1,traffic_lights,0.89692223072052,1055.9971923828125,1406.57177734375,1093.83935546875,1442.692626953125,1074.9182739257812,1424.6322021484375,37.8421630859375,36.120849609375
IMG_0038.mp4,435,14.5145,29.97002997002997,2,2,traffic_signs,0.7236711382865906,2334.3203125,1504.5023193359375,2369.821044921875,1566.834716796875,2352.0706787109375,1535.6685180664062,35.500732421875,62.3323974609375
IMG_0038.mp4,435,14.5145,29.97002997002997,161,2,traffic_signs,0.7536551356315613,2404.428955078125,1556.483154296875,2422.293212890625,1592.994140625,2413.361083984375,1574.7386474609375,17.8642578125,36.510986328125
IMG_0038.mp4,435,14.5145,29.97002997002997,187,2,traffic_signs,0.28958266973495483,2675.26611328125,1474.5758056640625,2695.28857421875,1520.815185546875,2685.27734375,1497.6954956054688,20.0224609375,46.2393798828125
IMG_0038.mp4,435,14.5145,29.97002997002997,170,2,traffic_signs,0.7938498258590698,2544.757080078125,1431.8726806640625,2576.685302734375,1522.80224609375,2560.72119140625,1477.3374633789062,31.92822265625,90.9295654296875
IMG_0038.mp4,435,14.5145,29.97002997002997,6,1,traffic_lights,0.7471961379051208,2324.9638671875,1385.1878662109375,2342.21728515625,1434.0625,2333.590576171875,1409.6251831054688,17.25341796875,48.8746337890625
IMG_0038.mp4,435,14.5145,29.97002997002997,184,1,traffic_lights,0.9194789528846741,1054.8729248046875,1406.0501708984375,1091.9476318359375,1442.9393310546875,1073.4102783203125,1424.4947509765625,37.07470703125,36.88916015625
IMG_0038.mp4,436,14.547866666666668,29.97002997002997,2,2,traffic_signs,0.8594201803207397,2335.019287109375,1502.622314453125,2371.404296875,1567.2349853515625,2353.2117919921875,1534.9286499023438,36.385009765625,64.6126708984375
IMG_0038.mp4,436,14.547866666666668,29.97002997002997,161,2,traffic_signs,0.7732205390930176,2404.0830078125,1557.3543701171875,2422.650634765625,1593.3995361328125,2413.3668212890625,1575.376953125,18.567626953125,36.045166015625
IMG_0038.mp4,436,14.547866666666668,29.97002997002997,170,2,traffic_signs,0.909865140914917,2547.84130859375,1430.8035888671875,2582.37255859375,1521.7718505859375,2565.10693359375,1476.2877197265625,34.53125,90.96826171875
IMG_0038.mp4,436,14.547866666666668,29.97002997002997,6,1,traffic_lights,0.7553655505180359,2324.834716796875,1384.578857421875,2342.09228515625,1434.328369140625,2333.4635009765625,1409.45361328125,17.257568359375,49.74951171875
IMG_0038.mp4,436,14.547866666666668,29.97002997002997,184,1,traffic_lights,0.9113911986351013,1053.4794921875,1405.91162109375,1089.8359375,1443.144287109375,1071.65771484375,1424.5279541015625,36.3564453125,37.232666015625
IMG_0038.mp4,437,14.581233333333333,29.97002997002997,2,2,traffic_signs,0.8586356043815613,2335.97314453125,1501.7236328125,2372.9443359375,1566.142822265625,2354.458740234375,1533.9332275390625,36.97119140625,64.419189453125
IMG_0038.mp4,437,14.581233333333333,29.97002997002997,161,2,traffic_signs,0.5527250170707703,2404.927001953125,1558.294921875,2422.408935546875,1592.78466796875,2413.66796875,1575.539794921875,17.48193359375,34.48974609375
IMG_0038.mp4,437,14.581233333333333,29.97002997002997,6,1,traffic_lights,0.5837030410766602,2323.60107421875,1383.94873046875,2343.099609375,1434.5111083984375,2333.350341796875,1409.2299194335938,19.49853515625,50.5623779296875
IMG_0038.mp4,437,14.581233333333333,29.97002997002997,184,1,traffic_lights,0.9008615016937256,1051.317626953125,1405.39111328125,1088.2236328125,1442.4620361328125,1069.7706298828125,1423.9265747070312,36.906005859375,37.0709228515625
IMG_0038.mp4,438,14.614600000000001,29.97002997002997,184,1,traffic_lights,0.909875214099884,1049.34716796875,1404.2049560546875,1087.335693359375,1441.333251953125,1068.3414306640625,1422.7691040039062,37.988525390625,37.1282958984375
IMG_0038.mp4,438,14.614600000000001,29.97002997002997,187,2,traffic_signs,0.513249397277832,2684.33251953125,1470.12939453125,2705.169189453125,1511.8453369140625,2694.7508544921875,1490.9873657226562,20.836669921875,41.7159423828125
IMG_0038.mp4,438,14.614600000000001,29.97002997002997,170,2,traffic_signs,0.8535178303718567,2559.019775390625,1443.301025390625,2592.9326171875,1518.4127197265625,2575.9761962890625,1480.8568725585938,33.912841796875,75.1116943359375
IMG_0038.mp4,439,14.647966666666667,29.97002997002997,184,1,traffic_lights,0.8918136358261108,1047.7548828125,1403.7550048828125,1084.6754150390625,1440.2265625,1066.2151489257812,1421.9907836914062,36.9205322265625,36.4715576171875
IMG_0038.mp4,439,14.647966666666667,29.97002997002997,212,2,traffic_signs,0.5565288066864014,3167.310302734375,1440.782470703125,3212.06689453125,1512.5235595703125,3189.6885986328125,1476.6530151367188,44.756591796875,71.7410888671875
IMG_0038.mp4,439,14.647966666666667,29.97002997002997,170,2,traffic_signs,0.46796664595603943,2564.9951171875,1430.541015625,2596.824462890625,1515.4161376953125,2580.9097900390625,1472.9785766601562,31.829345703125,84.8751220703125
IMG_0038.mp4,439,14.647966666666667,29.97002997002997,2,2,traffic_signs,0.8553764820098877,2340.049072265625,1499.8505859375,2377.8896484375,1564.1776123046875,2358.9693603515625,1532.0140991210938,37.840576171875,64.3270263671875
IMG_0038.mp4,439,14.647966666666667,29.97002997002997,6,1,traffic_lights,0.7959725260734558,2327.30224609375,1382.1217041015625,2345.609130859375,1431.7239990234375,2336.4556884765625,1406.9228515625,18.306884765625,49.602294921875
IMG_0038.mp4,440,14.681333333333333,29.97002997002997,184,1,traffic_lights,0.7786392569541931,1046.586669921875,1403.0718994140625,1083.1466064453125,1438.98046875,1064.8666381835938,1421.0261840820312,36.5599365234375,35.9085693359375
IMG_0038.mp4,440,14.681333333333333,29.97002997002997,212,2,traffic_signs,0.5027219653129578,3176.130126953125,1438.232666015625,3224.423828125,1509.715087890625,3200.2769775390625,1473.973876953125,48.293701171875,71.482421875
IMG_0038.mp4,440,14.681333333333333,29.97002997002997,170,2,traffic_signs,0.8842568397521973,2570.0947265625,1425.9608154296875,2606.849365234375,1515.3231201171875,2588.4720458984375,1470.6419677734375,36.754638671875,89.3623046875
IMG_0038.mp4,440,14.681333333333333,29.97002997002997,2,2,traffic_signs,0.8810099959373474,2343.8369140625,1499.1903076171875,2381.16455078125,1563.082275390625,2362.500732421875,1531.1362915039062,37.32763671875,63.8919677734375
IMG_0038.mp4,440,14.681333333333333,29.97002997002997,6,1,traffic_lights,0.7153379321098328,2329.84716796875,1381.210693359375,2347.014404296875,1431.391845703125,2338.4307861328125,1406.30126953125,17.167236328125,50.18115234375
IMG_0038.mp4,440,14.681333333333333,29.97002997002997,161,2,traffic_signs,0.5335785150527954,2410.805419921875,1554.89013671875,2428.341552734375,1589.4263916015625,2419.573486328125,1572.1582641601562,17.5361328125,34.5362548828125
IMG_0038.mp4,441,14.7147,29.97002997002997,184,1,traffic_lights,0.8680224418640137,1042.7996826171875,1402.216796875,1080.816162109375,1437.877685546875,1061.8079223632812,1420.0472412109375,38.0164794921875,35.660888671875
IMG_0038.mp4,441,14.7147,29.97002997002997,212,2,traffic_signs,0.8450433015823364,3184.917236328125,1436.2659912109375,3234.622314453125,1513.46728515625,3209.769775390625,1474.8666381835938,49.705078125,77.2012939453125
IMG_0038.mp4,441,14.7147,29.97002997002997,170,2,traffic_signs,0.6492133736610413,2572.9951171875,1422.7254638671875,2612.08251953125,1515.2559814453125,2592.538818359375,1468.99072265625,39.08740234375,92.530517578125
IMG_0038.mp4,441,14.7147,29.97002997002997,2,2,traffic_signs,0.8881276249885559,2344.862060546875,1497.798828125,2381.786865234375,1561.8863525390625,2363.324462890625,1529.8425903320312,36.9248046875,64.0875244140625
IMG_0038.mp4,441,14.7147,29.97002997002997,6,1,traffic_lights,0.7055705189704895,2329.394775390625,1379.8681640625,2346.68017578125,1431.0704345703125,2338.0374755859375,1405.4692993164062,17.285400390625,51.2022705078125
IMG_0038.mp4,441,14.7147,29.97002997002997,161,2,traffic_signs,0.6839707493782043,2411.85009765625,1553.4498291015625,2429.4892578125,1589.1544189453125,2420.669677734375,1571.3021240234375,17.63916015625,35.70458984375
IMG_0038.mp4,442,14.748066666666666,29.97002997002997,184,1,traffic_lights,0.699128270149231,1038.81640625,1400.942138671875,1080.0120849609375,1437.0682373046875,1059.4142456054688,1419.0051879882812,41.1956787109375,36.1260986328125
IMG_0038.mp4,442,14.748066666666666,29.97002997002997,212,2,traffic_signs,0.8494958281517029,3191.16357421875,1434.4488525390625,3243.87841796875,1507.2108154296875,3217.52099609375,1470.829833984375,52.71484375,72.761962890625
IMG_0038.mp4,442,14.748066666666666,29.97002997002997,170,2,traffic_signs,0.9020949602127075,2577.736083984375,1419.572509765625,2617.705078125,1513.4940185546875,2597.7205810546875,1466.5332641601562,39.968994140625,93.9215087890625
IMG_0038.mp4,442,14.748066666666666,29.97002997002997,2,2,traffic_signs,0.8931742906570435,2346.46142578125,1496.6583251953125,2383.4677734375,1561.146728515625,2364.964599609375,1528.9025268554688,37.00634765625,64.4884033203125
IMG_0038.mp4,442,14.748066666666666,29.97002997002997,6,1,traffic_lights,0.7669247984886169,2330.3955078125,1378.556396484375,2347.486572265625,1430.18603515625,2338.9410400390625,1404.3712158203125,17.091064453125,51.629638671875
IMG_0038.mp4,442,14.748066666666666,29.97002997002997,161,2,traffic_signs,0.704922080039978,2412.977294921875,1552.347900390625,2430.8017578125,1588.202880859375,2421.8895263671875,1570.275390625,17.824462890625,35.85498046875
IMG_0038.mp4,442,14.748066666666666,29.97002997002997,214,1,traffic_lights,0.5262959599494934,2213.684326171875,319.3127746582031,2284.875732421875,363.6077575683594,2249.280029296875,341.46026611328125,71.19140625,44.29498291015625
IMG_0038.mp4,443,14.781433333333334,29.97002997002997,184,1,traffic_lights,0.6347373127937317,1037.0806884765625,1400.6416015625,1073.70556640625,1437.3018798828125,1055.3931274414062,1418.9717407226562,36.6248779296875,36.6602783203125
IMG_0038.mp4,443,14.781433333333334,29.97002997002997,212,2,traffic_signs,0.8600333333015442,3202.636962890625,1432.0440673828125,3256.65576171875,1507.9515380859375,3229.6463623046875,1469.997802734375,54.018798828125,75.907470703125
IMG_0038.mp4,443,14.781433333333334,29.97002997002997,170,2,traffic_signs,0.9014654159545898,2581.547607421875,1417.0528564453125,2623.55517578125,1513.1865234375,2602.5513916015625,1465.1196899414062,42.007568359375,96.1336669921875
IMG_0038.mp4,443,14.781433333333334,29.97002997002997,2,2,traffic_signs,0.8932578563690186,2347.59228515625,1495.8529052734375,2384.64990234375,1560.9112548828125,2366.12109375,1528.382080078125,37.0576171875,65.058349609375
IMG_0038.mp4,443,14.781433333333334,29.97002997002997,6,1,traffic_lights,0.7716758251190186,2330.8388671875,1377.8800048828125,2347.4794921875,1429.2796630859375,2339.1591796875,1403.579833984375,16.640625,51.399658203125
IMG_0038.mp4,443,14.781433333333334,29.97002997002997,161,2,traffic_signs,0.47991999983787537,2414.032470703125,1551.3011474609375,2431.489013671875,1587.2845458984375,2422.7607421875,1569.2928466796875,17.45654296875,35.9833984375
IMG_0038.mp4,443,14.781433333333334,29.97002997002997,187,2,traffic_signs,0.388374000787735,2699.58447265625,1466.1295166015625,2723.453369140625,1517.7591552734375,2711.5189208984375,1491.9443359375,23.868896484375,51.629638671875
IMG_0038.mp4,444,14.8148,29.97002997002997,212,2,traffic_signs,0.5878950357437134,3212.4091796875,1429.5587158203125,3268.085205078125,1504.4039306640625,3240.2471923828125,1466.9813232421875,55.676025390625,74.84521484375
IMG_0038.mp4,444,14.8148,29.97002997002997,170,2,traffic_signs,0.8975659012794495,2586.403076171875,1415.9427490234375,2632.662109375,1512.42529296875,2609.5325927734375,1464.1840209960938,46.259033203125,96.4825439453125
IMG_0038.mp4,444,14.8148,29.97002997002997,2,2,traffic_signs,0.8949464559555054,2349.17236328125,1495.6595458984375,2386.720458984375,1560.6226806640625,2367.9464111328125,1528.14111328125,37.548095703125,64.963134765625
IMG_0038.mp4,444,14.8148,29.97002997002997,6,1,traffic_lights,0.7562914490699768,2331.761962890625,1377.1572265625,2348.294677734375,1428.6298828125,2340.0283203125,1402.8935546875,16.53271484375,51.47265625
IMG_0038.mp4,444,14.8148,29.97002997002997,161,2,traffic_signs,0.4137274920940399,2415.08642578125,1552.4095458984375,2432.427001953125,1587.6171875,2423.7567138671875,1570.0133666992188,17.340576171875,35.2076416015625
IMG_0038.mp4,445,14.848166666666668,29.97002997002997,212,2,traffic_signs,0.8318313360214233,3224.525146484375,1426.84130859375,3284.1513671875,1499.2562255859375,3254.3382568359375,1463.0487670898438,59.626220703125,72.4149169921875
IMG_0038.mp4,445,14.848166666666668,29.97002997002997,170,2,traffic_signs,0.8955411911010742,2592.362548828125,1413.4891357421875,2639.208740234375,1511.78564453125,2615.78564453125,1462.6373901367188,46.84619140625,98.2965087890625
IMG_0038.mp4,445,14.848166666666668,29.97002997002997,2,2,traffic_signs,0.9016782641410828,2351.941162109375,1494.166259765625,2389.892578125,1559.6243896484375,2370.9168701171875,1526.8953247070312,37.951416015625,65.4581298828125
IMG_0038.mp4,445,14.848166666666668,29.97002997002997,6,1,traffic_lights,0.7601293325424194,2334.171142578125,1374.9151611328125,2350.542236328125,1427.4306640625,2342.356689453125,1401.1729125976562,16.37109375,52.5155029296875
IMG_0038.mp4,445,14.848166666666668,29.97002997002997,161,2,traffic_signs,0.4062268137931824,2418.017578125,1551.9239501953125,2435.2666015625,1587.3665771484375,2426.64208984375,1569.645263671875,17.2490234375,35.442626953125
IMG_0038.mp4,445,14.848166666666668,29.97002997002997,187,2,traffic_signs,0.2594357132911682,2709.45751953125,1464.4759521484375,2731.3291015625,1514.563232421875,2720.393310546875,1489.5195922851562,21.87158203125,50.0872802734375
IMG_0038.mp4,446,14.881533333333334,29.97002997002997,212,2,traffic_signs,0.48422956466674805,3233.23876953125,1428.1180419921875,3299.55859375,1497.81982421875,3266.398681640625,1462.9689331054688,66.31982421875,69.7017822265625
IMG_0038.mp4,446,14.881533333333334,29.97002997002997,170,2,traffic_signs,0.9006261229515076,2597.39892578125,1410.235107421875,2646.854736328125,1511.3759765625,2622.1268310546875,1460.8055419921875,49.455810546875,101.140869140625
IMG_0038.mp4,446,14.881533333333334,29.97002997002997,2,2,traffic_signs,0.9035828113555908,2353.328125,1492.99365234375,2391.73583984375,1559.1229248046875,2372.531982421875,1526.0582885742188,38.40771484375,66.1292724609375
IMG_0038.mp4,446,14.881533333333334,29.97002997002997,6,1,traffic_lights,0.7610291242599487,2334.574462890625,1374.5928955078125,2351.31884765625,1426.5865478515625,2342.9466552734375,1400.5897216796875,16.744384765625,51.99365234375
IMG_0038.mp4,446,14.881533333333334,29.97002997002997,161,2,traffic_signs,0.41534966230392456,2419.455810546875,1551.9710693359375,2436.425048828125,1587.665283203125,2427.9404296875,1569.8181762695312,16.96923828125,35.6942138671875
IMG_0038.mp4,446,14.881533333333334,29.97002997002997,187,2,traffic_signs,0.5502878427505493,2712.50146484375,1463.6048583984375,2734.343505859375,1515.920166015625,2723.4224853515625,1489.7625122070312,21.842041015625,52.3153076171875
IMG_0038.mp4,447,14.9149,29.97002997002997,212,2,traffic_signs,0.4687642753124237,3242.85009765625,1432.278076171875,3308.5927734375,1494.0640869140625,3275.721435546875,1463.1710815429688,65.74267578125,61.7860107421875
IMG_0038.mp4,447,14.9149,29.97002997002997,170,2,traffic_signs,0.8918784260749817,2603.05029296875,1407.53173828125,2655.16796875,1508.6478271484375,2629.109130859375,1458.0897827148438,52.11767578125,101.1160888671875
IMG_0038.mp4,447,14.9149,29.97002997002997,2,2,traffic_signs,0.9042052626609802,2354.804443359375,1491.37841796875,2394.09423828125,1557.932861328125,2374.4493408203125,1524.6556396484375,39.289794921875,66.554443359375
IMG_0038.mp4,447,14.9149,29.97002997002997,6,1,traffic_lights,0.7666558623313904,2334.875,1372.735595703125,2351.822509765625,1425.1136474609375,2343.3487548828125,1398.9246215820312,16.947509765625,52.3780517578125
IMG_0038.mp4,447,14.9149,29.97002997002997,161,2,traffic_signs,0.3244088590145111,2420.4580078125,1551.414794921875,2437.53857421875,1587.0008544921875,2428.998291015625,1569.2078247070312,17.08056640625,35.5860595703125
IMG_0038.mp4,447,14.9149,29.97002997002997,187,2,traffic_signs,0.7553653717041016,2716.600341796875,1462.408447265625,2738.434326171875,1517.4537353515625,2727.517333984375,1489.9310913085938,21.833984375,55.0452880859375
IMG_0038.mp4,448,14.948266666666667,29.97002997002997,170,2,traffic_signs,0.9040213823318481,2609.126220703125,1404.0340576171875,2664.016845703125,1506.634033203125,2636.571533203125,1455.3340454101562,54.890625,102.5999755859375
IMG_0038.mp4,448,14.948266666666667,29.97002997002997,2,2,traffic_signs,0.8879934549331665,2357.524658203125,1488.8287353515625,2397.23876953125,1557.931884765625,2377.3817138671875,1523.3803100585938,39.714111328125,69.1031494140625
IMG_0038.mp4,448,14.948266666666667,29.97002997002997,6,1,traffic_lights,0.753492534160614,2336.1201171875,1371.863037109375,2353.513916015625,1424.4586181640625,2344.8170166015625,1398.1608276367188,17.393798828125,52.5955810546875
IMG_0038.mp4,448,14.948266666666667,29.97002997002997,161,2,traffic_signs,0.5367349982261658,2421.8193359375,1549.7674560546875,2439.2392578125,1586.4537353515625,2430.529296875,1568.110595703125,17.419921875,36.686279296875
IMG_0038.mp4,448,14.948266666666667,29.97002997002997,187,2,traffic_signs,0.7018016576766968,2722.526611328125,1460.5965576171875,2743.90966796875,1515.242431640625,2733.2181396484375,1487.9194946289062,21.383056640625,54.6458740234375
IMG_0038.mp4,448,14.948266666666667,29.97002997002997,221,2,traffic_signs,0.7171416878700256,2718.3466796875,1534.9539794921875,2736.59423828125,1568.937744140625,2727.470458984375,1551.9458618164062,18.24755859375,33.9837646484375
IMG_0038.mp4,448,14.948266666666667,29.97002997002997,222,1,traffic_lights,0.6592481136322021,2225.68603515625,240.7271728515625,2302.329833984375,292.1502685546875,2264.0079345703125,266.438720703125,76.643798828125,51.423095703125
IMG_0038.mp4,448,14.948266666666667,29.97002997002997,184,1,traffic_lights,0.7209306359291077,1028.6265869140625,1394.1285400390625,1064.2034912109375,1432.612548828125,1046.4150390625,1413.3705444335938,35.576904296875,38.4840087890625
IMG_0038.mp4,449,14.981633333333333,29.97002997002997,170,2,traffic_signs,0.9067562818527222,2614.141357421875,1401.37255859375,2672.5234375,1504.91943359375,2643.3323974609375,1453.14599609375,58.382080078125,103.546875
IMG_0038.mp4,449,14.981633333333333,29.97002997002997,2,2,traffic_signs,0.8928951621055603,2359.63818359375,1486.7724609375,2399.576416015625,1557.605224609375,2379.6072998046875,1522.1888427734375,39.938232421875,70.832763671875
IMG_0038.mp4,449,14.981633333333333,29.97002997002997,6,1,traffic_lights,0.7473803162574768,2337.435546875,1370.385009765625,2354.686767578125,1423.83837890625,2346.0611572265625,1397.1116943359375,17.251220703125,53.453369140625
IMG_0038.mp4,449,14.981633333333333,29.97002997002997,161,2,traffic_signs,0.7733858823776245,2422.51416015625,1549.0634765625,2440.671630859375,1584.8214111328125,2431.5928955078125,1566.9424438476562,18.157470703125,35.7579345703125
IMG_0038.mp4,449,14.981633333333333,29.97002997002997,187,2,traffic_signs,0.497209370136261,2725.452392578125,1459.0361328125,2747.795654296875,1513.3660888671875,2736.6240234375,1486.2011108398438,22.34326171875,54.3299560546875
IMG_0038.mp4,449,14.981633333333333,29.97002997002997,222,1,traffic_lights,0.517568051815033,2228.223388671875,228.6089324951172,2303.892333984375,279.7742919921875,2266.057861328125,254.19161224365234,75.6689453125,51.16535949707031
IMG_0038.mp4,449,14.981633333333333,29.97002997002997,184,1,traffic_lights,0.8553651571273804,1026.5577392578125,1395.21826171875,1064.9022216796875,1432.1109619140625,1045.72998046875,1413.6646118164062,38.344482421875,36.8927001953125
IMG_0038.mp4,450,15.015,29.97002997002997,170,2,traffic_signs,0.9317048192024231,2619.67626953125,1398.68896484375,2682.909423828125,1502.9371337890625,2651.2928466796875,1450.8130493164062,63.233154296875,104.2481689453125
IMG_0038.mp4,450,15.015,29.97002997002997,2,2,traffic_signs,0.8970768451690674,2362.236328125,1486.3714599609375,2402.639892578125,1555.8739013671875,2382.4381103515625,1521.1226806640625,40.403564453125,69.50244140625
IMG_0038.mp4,450,15.015,29.97002997002997,6,1,traffic_lights,0.6850231885910034,2339.355224609375,1370.258544921875,2356.376953125,1422.4708251953125,2347.8660888671875,1396.3646850585938,17.021728515625,52.2122802734375
IMG_0038.mp4,450,15.015,29.97002997002997,161,2,traffic_signs,0.7517170310020447,2424.5009765625,1548.684326171875,2443.185546875,1584.586181640625,2433.84326171875,1566.63525390625,18.6845703125,35.90185546875
IMG_0038.mp4,450,15.015,29.97002997002997,187,2,traffic_signs,0.5005180835723877,2731.156005859375,1457.1209716796875,2752.401611328125,1509.2208251953125,2741.77880859375,1483.1708984375,21.24560546875,52.099853515625
IMG_0038.mp4,450,15.015,29.97002997002997,184,1,traffic_lights,0.8557938933372498,1024.20263671875,1395.2486572265625,1063.627685546875,1431.395751953125,1043.9151611328125,1413.3222045898438,39.425048828125,36.1470947265625
IMG_0038.mp4,451,15.048366666666666,29.97002997002997,170,2,traffic_signs,0.9239246249198914,2626.231689453125,1396.9185791015625,2692.359375,1500.2288818359375,2659.2955322265625,1448.57373046875,66.127685546875,103.310302734375
IMG_0038.mp4,451,15.048366666666666,29.97002997002997,2,2,traffic_signs,0.8959444761276245,2364.7373046875,1484.23828125,2405.3740234375,1555.07275390625,2385.0556640625,1519.655517578125,40.63671875,70.83447265625
IMG_0038.mp4,451,15.048366666666666,29.97002997002997,6,1,traffic_lights,0.7863135933876038,2340.5390625,1369.111328125,2357.547607421875,1420.5216064453125,2349.0433349609375,1394.8164672851562,17.008544921875,51.4102783203125
IMG_0038.mp4,451,15.048366666666666,29.97002997002997,161,2,traffic_signs,0.4510504901409149,2426.204833984375,1548.2503662109375,2445.307373046875,1584.5052490234375,2435.756103515625,1566.3778076171875,19.1025390625,36.2548828125
IMG_0038.mp4,451,15.048366666666666,29.97002997002997,184,1,traffic_lights,0.5800623893737793,1022.271240234375,1394.83251953125,1062.1068115234375,1431.2225341796875,1042.1890258789062,1413.0275268554688,39.8355712890625,36.3900146484375
IMG_0038.mp4,452,15.081733333333334,29.97002997002997,170,2,traffic_signs,0.9199959635734558,2632.382568359375,1393.3743896484375,2701.48974609375,1499.7059326171875,2666.9361572265625,1446.5401611328125,69.107177734375,106.33154296875
IMG_0038.mp4,452,15.081733333333334,29.97002997002997,6,1,traffic_lights,0.6796466708183289,2341.33984375,1368.58740234375,2360.7197265625,1422.2105712890625,2351.02978515625,1395.3989868164062,19.3798828125,53.6231689453125
IMG_0038.mp4,452,15.081733333333334,29.97002997002997,184,1,traffic_lights,0.7346110343933105,1019.4080810546875,1393.7725830078125,1059.3250732421875,1431.564208984375,1039.3665771484375,1412.6683959960938,39.9169921875,37.7916259765625
IMG_0038.mp4,452,15.081733333333334,29.97002997002997,222,1,traffic_lights,0.6475257277488708,2234.0615234375,185.0723876953125,2312.894775390625,239.85061645507812,2273.4781494140625,212.4615020751953,78.833251953125,54.778228759765625
IMG_0038.mp4,453,15.1151,29.97002997002997,170,2,traffic_signs,0.9091737270355225,2636.767822265625,1390.5523681640625,2705.975830078125,1497.5477294921875,2671.371826171875,1444.050048828125,69.2080078125,106.995361328125
IMG_0038.mp4,453,15.1151,29.97002997002997,6,1,traffic_lights,0.3242925703525543,2341.79052734375,1367.1600341796875,2360.073486328125,1421.3778076171875,2350.9320068359375,1394.2689208984375,18.282958984375,54.2177734375
IMG_0038.mp4,453,15.1151,29.97002997002997,184,1,traffic_lights,0.8285347819328308,1016.6970825195312,1392.9168701171875,1057.2191162109375,1431.1260986328125,1036.9580993652344,1412.021484375,40.52203369140625,38.209228515625
IMG_0038.mp4,453,15.1151,29.97002997002997,222,1,traffic_lights,0.5123099088668823,2235.0615234375,171.20286560058594,2315.420654296875,225.83775329589844,2275.2410888671875,198.5203094482422,80.359130859375,54.6348876953125
IMG_0038.mp4,453,15.1151,29.97002997002997,2,2,traffic_signs,0.8863351941108704,2369.4794921875,1481.9013671875,2409.44140625,1553.6510009765625,2389.46044921875,1517.7761840820312,39.9619140625,71.7496337890625
IMG_0038.mp4,453,15.1151,29.97002997002997,161,2,traffic_signs,0.6486185193061829,2429.97265625,1547.1090087890625,2447.6416015625,1582.924560546875,2438.80712890625,1565.0167846679688,17.6689453125,35.8155517578125
IMG_0038.mp4,454,15.148466666666668,29.97002997002997,170,2,traffic_signs,0.9344958662986755,2643.875,1387.6036376953125,2719.25634765625,1497.097900390625,2681.565673828125,1442.3507690429688,75.38134765625,109.4942626953125
IMG_0038.mp4,454,15.148466666666668,29.97002997002997,6,1,traffic_lights,0.3504962623119354,2343.410400390625,1366.987548828125,2361.009521484375,1421.2818603515625,2352.2099609375,1394.1347045898438,17.59912109375,54.2943115234375
IMG_0038.mp4,454,15.148466666666668,29.97002997002997,184,1,traffic_lights,0.8303225040435791,1014.1649780273438,1392.0,1056.2401123046875,1431.1785888671875,1035.2025451660156,1411.5892944335938,42.07513427734375,39.1785888671875
IMG_0038.mp4,454,15.148466666666668,29.97002997002997,2,2,traffic_signs,0.8885092735290527,2371.594482421875,1481.203125,2411.7705078125,1552.884765625,2391.6824951171875,1517.0439453125,40.176025390625,71.681640625
IMG_0038.mp4,454,15.148466666666668,29.97002997002997,161,2,traffic_signs,0.5646002292633057,2431.61279296875,1545.5399169921875,2448.754638671875,1581.6722412109375,2440.1837158203125,1563.6060791015625,17.141845703125,36.13232421875
IMG_0038.mp4,455,15.181833333333334,29.97002997002997,170,2,traffic_signs,0.9118817448616028,2649.911376953125,1383.552490234375,2729.77783203125,1495.4464111328125,2689.8446044921875,1439.4994506835938,79.866455078125,111.8939208984375
IMG_0038.mp4,455,15.181833333333334,29.97002997002997,6,1,traffic_lights,0.7351661920547485,2345.233642578125,1365.770751953125,2362.312744140625,1420.0107421875,2353.773193359375,1392.8907470703125,17.0791015625,54.239990234375
IMG_0038.mp4,455,15.181833333333334,29.97002997002997,184,1,traffic_lights,0.7880481481552124,1011.14599609375,1391.6842041015625,1053.588134765625,1430.6114501953125,1032.3670654296875,1411.1478271484375,42.442138671875,38.92724609375
IMG_0038.mp4,455,15.181833333333334,29.97002997002997,2,2,traffic_signs,0.887715220451355,2374.037109375,1480.7886962890625,2414.225830078125,1551.7738037109375,2394.1314697265625,1516.28125,40.188720703125,70.985107421875
IMG_0038.mp4,455,15.181833333333334,29.97002997002997,161,2,traffic_signs,0.4088099002838135,2433.83740234375,1544.576904296875,2450.68701171875,1580.6741943359375,2442.26220703125,1562.6255493164062,16.849609375,36.0972900390625
IMG_0038.mp4,455,15.181833333333334,29.97002997002997,222,1,traffic_lights,0.5870530605316162,2241.829345703125,140.32237243652344,2323.464599609375,196.8680419921875,2282.64697265625,168.59520721435547,81.63525390625,56.54566955566406
IMG_0038.mp4,456,15.2152,29.97002997002997,170,2,traffic_signs,0.9091777801513672,2655.788818359375,1380.53759765625,2740.1943359375,1494.2650146484375,2697.9915771484375,1437.4013061523438,84.405517578125,113.7274169921875
IMG_0038.mp4,456,15.2152,29.97002997002997,6,1,traffic_lights,0.7275155782699585,2346.1962890625,1365.0604248046875,2363.377685546875,1418.941650390625,2354.7869873046875,1392.0010375976562,17.181396484375,53.8812255859375
IMG_0038.mp4,456,15.2152,29.97002997002997,184,1,traffic_lights,0.8918034434318542,1009.0291748046875,1390.61474609375,1050.008056640625,1429.4735107421875,1029.5186157226562,1410.0441284179688,40.9788818359375,38.8587646484375
IMG_0038.mp4,456,15.2152,29.97002997002997,2,2,traffic_signs,0.90265953540802,2376.4248046875,1479.1849365234375,2417.224365234375,1550.8243408203125,2396.8245849609375,1515.004638671875,40.799560546875,71.639404296875
IMG_0038.mp4,456,15.2152,29.97002997002997,161,2,traffic_signs,0.4268721342086792,2435.845947265625,1543.68310546875,2452.255126953125,1580.000732421875,2444.050537109375,1561.8419189453125,16.4091796875,36.317626953125
IMG_0038.mp4,456,15.2152,29.97002997002997,222,1,traffic_lights,0.6361048221588135,2244.68896484375,123.50431060791016,2327.692626953125,181.446533203125,2286.1907958984375,152.47542190551758,83.003662109375,57.942222595214844
IMG_0038.mp4,457,15.248566666666667,29.97002997002997,170,2,traffic_signs,0.9102792143821716,2663.152099609375,1378.83837890625,2751.92626953125,1492.6844482421875,2707.5391845703125,1435.7614135742188,88.774169921875,113.8460693359375
IMG_0038.mp4,457,15.248566666666667,29.97002997002997,6,1,traffic_lights,0.7424405217170715,2347.437255859375,1363.9371337890625,2364.748779296875,1417.7113037109375,2356.093017578125,1390.82421875,17.3115234375,53.774169921875
IMG_0038.mp4,457,15.248566666666667,29.97002997002997,184,1,traffic_lights,0.8846877813339233,1006.6765747070312,1389.4295654296875,1048.4290771484375,1428.63916015625,1027.5528259277344,1409.0343627929688,41.75250244140625,39.2095947265625
IMG_0038.mp4,457,15.248566666666667,29.97002997002997,2,2,traffic_signs,0.6290409564971924,2378.798583984375,1478.098388671875,2420.13232421875,1550.5849609375,2399.4654541015625,1514.3416748046875,41.333740234375,72.486572265625
IMG_0038.mp4,457,15.248566666666667,29.97002997002997,161,2,traffic_signs,0.371250718832016,2437.953125,1541.9029541015625,2454.238037109375,1579.659912109375,2446.0955810546875,1560.7814331054688,16.284912109375,37.7569580078125
IMG_0038.mp4,457,15.248566666666667,29.97002997002997,222,1,traffic_lights,0.49514639377593994,2248.38134765625,107.00729370117188,2327.975341796875,164.53932189941406,2288.1783447265625,135.77330780029297,79.593994140625,57.53202819824219
IMG_0038.mp4,458,15.281933333333333,29.97002997002997,170,2,traffic_signs,0.917527973651886,2670.062744140625,1375.227294921875,2763.135009765625,1491.0748291015625,2716.598876953125,1433.1510620117188,93.072265625,115.8475341796875
IMG_0038.mp4,458,15.281933333333333,29.97002997002997,6,1,traffic_lights,0.6575940847396851,2348.758544921875,1362.8990478515625,2366.322509765625,1416.5858154296875,2357.54052734375,1389.742431640625,17.56396484375,53.686767578125
IMG_0038.mp4,458,15.281933333333333,29.97002997002997,2,2,traffic_signs,0.8952934741973877,2381.26513671875,1475.622802734375,2423.556396484375,1550.01611328125,2402.4107666015625,1512.8194580078125,42.291259765625,74.393310546875
IMG_0038.mp4,458,15.281933333333333,29.97002997002997,222,1,traffic_lights,0.7822350263595581,2250.227294921875,88.41077423095703,2334.405029296875,149.2705078125,2292.316162109375,118.84064102172852,84.177734375,60.85973358154297
IMG_0038.mp4,459,15.3153,29.97002997002997,222,1,traffic_lights,0.802432656288147,2252.21630859375,71.1207504272461,2336.91015625,132.3597412109375,2294.563232421875,101.7402458190918,84.69384765625,61.238990783691406
IMG_0038.mp4,459,15.3153,29.97002997002997,184,1,traffic_lights,0.7882961630821228,998.0468139648438,1389.0771484375,1041.6767578125,1427.652099609375,1019.8617858886719,1408.3646240234375,43.62994384765625,38.574951171875
IMG_0038.mp4,459,15.3153,29.97002997002997,161,2,traffic_signs,0.41078662872314453,2440.084228515625,1542.9246826171875,2458.424560546875,1580.7144775390625,2449.25439453125,1561.819580078125,18.34033203125,37.789794921875
IMG_0038.mp4,460,15.348666666666666,29.97002997002997,222,1,traffic_lights,0.4769679009914398,2258.648193359375,48.94216537475586,2343.609375,110.11799621582031,2301.1287841796875,79.53008079528809,84.961181640625,61.17583084106445
IMG_0038.mp4,460,15.348666666666666,29.97002997002997,184,1,traffic_lights,0.9115124344825745,995.639892578125,1388.18896484375,1038.02880859375,1426.317138671875,1016.8343505859375,1407.2530517578125,42.388916015625,38.128173828125
IMG_0038.mp4,460,15.348666666666666,29.97002997002997,170,2,traffic_signs,0.9104664325714111,2684.66259765625,1367.1685791015625,2788.681884765625,1486.097412109375,2736.6722412109375,1426.6329956054688,104.019287109375,118.9288330078125
IMG_0038.mp4,460,15.348666666666666,29.97002997002997,2,2,traffic_signs,0.8843505382537842,2388.670654296875,1472.214111328125,2431.92724609375,1547.1513671875,2410.2989501953125,1509.6827392578125,43.256591796875,74.937255859375
IMG_0038.mp4,461,15.382033333333334,29.97002997002997,222,1,traffic_lights,0.8722712397575378,2258.71142578125,31.689790725708008,2344.734619140625,95.86331176757812,2301.7230224609375,63.776551246643066,86.023193359375,64.17352104187012
IMG_0038.mp4,461,15.382033333333334,29.97002997002997,184,1,traffic_lights,0.8897979855537415,992.0068359375,1388.115234375,1034.1961669921875,1427.0186767578125,1013.1015014648438,1407.5669555664062,42.1893310546875,38.9034423828125
IMG_0038.mp4,461,15.382033333333334,29.97002997002997,228,1,traffic_lights,0.6760510206222534,2351.3603515625,1357.785888671875,2369.752685546875,1413.0294189453125,2360.5565185546875,1385.4076538085938,18.392333984375,55.2435302734375
IMG_0038.mp4,461,15.382033333333334,29.97002997002997,170,2,traffic_signs,0.8926317691802979,2692.30810546875,1363.933349609375,2796.282958984375,1485.791259765625,2744.2955322265625,1424.8623046875,103.974853515625,121.85791015625
IMG_0038.mp4,461,15.382033333333334,29.97002997002997,2,2,traffic_signs,0.8925210237503052,2388.171142578125,1471.4569091796875,2432.497802734375,1547.6922607421875,2410.33447265625,1509.5745849609375,44.32666015625,76.2353515625
IMG_0038.mp4,462,15.4154,29.97002997002997,222,1,traffic_lights,0.9182918667793274,2260.54443359375,15.405440330505371,2347.6884765625,77.83972930908203,2304.116455078125,46.6225848197937,87.14404296875,62.43428897857666
IMG_0038.mp4,462,15.4154,29.97002997002997,184,1,traffic_lights,0.8718747496604919,988.3108520507812,1387.13330078125,1031.3184814453125,1426.456298828125,1009.8146667480469,1406.7947998046875,43.00762939453125,39.322998046875
IMG_0038.mp4,462,15.4154,29.97002997002997,228,1,traffic_lights,0.6772902011871338,2352.988525390625,1357.1619873046875,2370.83349609375,1412.591064453125,2361.9110107421875,1384.8765258789062,17.844970703125,55.4290771484375
IMG_0038.mp4,462,15.4154,29.97002997002997,170,2,traffic_signs,0.8661524057388306,2701.789306640625,1360.8546142578125,2807.531982421875,1483.216796875,2754.66064453125,1422.0357055664062,105.74267578125,122.3621826171875
IMG_0038.mp4,462,15.4154,29.97002997002997,2,2,traffic_signs,0.8915285468101501,2390.4091796875,1470.12060546875,2434.990966796875,1547.276123046875,2412.7000732421875,1508.6983642578125,44.581787109375,77.155517578125
IMG_0038.mp4,463,15.448766666666668,29.97002997002997,222,1,traffic_lights,0.8839176893234253,2262.510009765625,1.7129095792770386,2349.413818359375,61.242252349853516,2305.9619140625,31.477580964565277,86.90380859375,59.52934277057648
IMG_0038.mp4,463,15.448766666666668,29.97002997002997,184,1,traffic_lights,0.8573752045631409,986.39892578125,1386.5587158203125,1028.3323974609375,1425.814697265625,1007.3656616210938,1406.1867065429688,41.9334716796875,39.2559814453125
IMG_0038.mp4,463,15.448766666666668,29.97002997002997,228,1,traffic_lights,0.6877014636993408,2352.919921875,1356.3310546875,2370.550537109375,1411.3951416015625,2361.7352294921875,1383.8630981445312,17.630615234375,55.0640869140625
IMG_0038.mp4,463,15.448766666666668,29.97002997002997,170,2,traffic_signs,0.8666345477104187,2707.161865234375,1356.645751953125,2814.37109375,1481.3162841796875,2760.7664794921875,1418.9810180664062,107.209228515625,124.6705322265625
IMG_0038.mp4,463,15.448766666666668,29.97002997002997,2,2,traffic_signs,0.890516996383667,2391.6494140625,1468.5540771484375,2437.01708984375,1546.6817626953125,2414.333251953125,1507.617919921875,45.36767578125,78.127685546875
IMG_0038.mp4,464,15.482133333333334,29.97002997002997,222,1,traffic_lights,0.7785888314247131,2266.46923828125,0.0,2348.298828125,43.54344940185547,2307.384033203125,21.771724700927734,81.82958984375,43.54344940185547
IMG_0038.mp4,464,15.482133333333334,29.97002997002997,184,1,traffic_lights,0.8210543394088745,984.0507202148438,1385.671142578125,1025.95068359375,1425.010009765625,1005.0007019042969,1405.340576171875,41.89996337890625,39.3388671875
IMG_0038.mp4,464,15.482133333333334,29.97002997002997,228,1,traffic_lights,0.6910371780395508,2354.081298828125,1354.818359375,2371.891845703125,1410.8485107421875,2362.986572265625,1382.8334350585938,17.810546875,56.0301513671875
IMG_0038.mp4,464,15.482133333333334,29.97002997002997,170,2,traffic_signs,0.9108936190605164,2716.8369140625,1352.0802001953125,2824.436767578125,1479.3809814453125,2770.6368408203125,1415.7305908203125,107.599853515625,127.30078125
IMG_0038.mp4,464,15.482133333333334,29.97002997002997,2,2,traffic_signs,0.8931934237480164,2394.0693359375,1467.0277099609375,2440.608154296875,1545.293212890625,2417.3387451171875,1506.1604614257812,46.538818359375,78.2655029296875
IMG_0038.mp4,465,15.5155,29.97002997002997,222,1,traffic_lights,0.4572347104549408,2269.814453125,0.0,2347.16552734375,25.913198471069336,2308.489990234375,12.956599235534668,77.35107421875,25.913198471069336
IMG_0038.mp4,465,15.5155,29.97002997002997,184,1,traffic_lights,0.8005152344703674,980.8009033203125,1385.18603515625,1023.2870483398438,1424.1583251953125,1002.0439758300781,1404.6721801757812,42.48614501953125,38.9722900390625
IMG_0038.mp4,465,15.5155,29.97002997002997,228,1,traffic_lights,0.6422595977783203,2355.08251953125,1353.1689453125,2372.544921875,1410.322021484375,2363.813720703125,1381.7454833984375,17.46240234375,57.153076171875
IMG_0038.mp4,465,15.5155,29.97002997002997,170,2,traffic_signs,0.8552597165107727,2725.69482421875,1347.995849609375,2834.082763671875,1476.488037109375,2779.8887939453125,1412.241943359375,108.387939453125,128.4921875
IMG_0038.mp4,465,15.5155,29.97002997002997,2,2,traffic_signs,0.9042233824729919,2396.02783203125,1464.7047119140625,2443.123779296875,1543.5721435546875,2419.5758056640625,1504.138427734375,47.095947265625,78.867431640625
IMG_0038.mp4,466,15.548866666666667,29.97002997002997,184,1,traffic_lights,0.44134071469306946,978.2904052734375,1383.5732421875,1022.8739624023438,1422.9298095703125,1000.5821838378906,1403.2515258789062,44.58355712890625,39.3565673828125
IMG_0038.mp4,466,15.548866666666667,29.97002997002997,228,1,traffic_lights,0.6704222559928894,2356.56494140625,1351.5355224609375,2374.023681640625,1409.448486328125,2365.2943115234375,1380.4920043945312,17.458740234375,57.9129638671875
IMG_0038.mp4,466,15.548866666666667,29.97002997002997,170,2,traffic_signs,0.8401779532432556,2732.9384765625,1343.1458740234375,2843.08837890625,1474.496337890625,2788.013427734375,1408.8211059570312,110.14990234375,131.3504638671875
IMG_0038.mp4,466,15.548866666666667,29.97002997002997,2,2,traffic_signs,0.9233167767524719,2398.6171875,1462.9556884765625,2445.66943359375,1542.4580078125,2422.143310546875,1502.7068481445312,47.05224609375,79.5023193359375
IMG_0038.mp4,466,15.548866666666667,29.97002997002997,230,2,traffic_signs,0.3663150668144226,2450.921875,1539.7506103515625,2469.515380859375,1578.21142578125,2460.2186279296875,1558.9810180664062,18.593505859375,38.4608154296875
IMG_0038.mp4,467,15.582233333333333,29.97002997002997,184,1,traffic_lights,0.4929845333099365,974.5787353515625,1382.5360107421875,1020.7711181640625,1420.1129150390625,997.6749267578125,1401.324462890625,46.1923828125,37.576904296875
IMG_0038.mp4,467,15.582233333333333,29.97002997002997,228,1,traffic_lights,0.6370252966880798,2357.804931640625,1350.582763671875,2375.236328125,1408.4058837890625,2366.5206298828125,1379.4943237304688,17.431396484375,57.8231201171875
IMG_0038.mp4,467,15.582233333333333,29.97002997002997,170,2,traffic_signs,0.9177104830741882,2742.5546875,1338.4859619140625,2855.097412109375,1473.108154296875,2798.8260498046875,1405.7970581054688,112.542724609375,134.6221923828125
IMG_0038.mp4,467,15.582233333333333,29.97002997002997,2,2,traffic_signs,0.8970674872398376,2401.298095703125,1461.0274658203125,2448.9501953125,1541.8682861328125,2425.1241455078125,1501.4478759765625,47.652099609375,80.8408203125
IMG_0038.mp4,468,15.6156,29.97002997002997,184,1,traffic_lights,0.6802887320518494,970.1538696289062,1382.293701171875,1017.3082885742188,1420.9417724609375,993.7310791015625,1401.6177368164062,47.1544189453125,38.6480712890625
IMG_0038.mp4,468,15.6156,29.97002997002997,228,1,traffic_lights,0.6422832608222961,2358.8759765625,1348.4527587890625,2376.6650390625,1407.1104736328125,2367.7705078125,1377.7816162109375,17.7890625,58.65771484375
IMG_0038.mp4,468,15.6156,29.97002997002997,170,2,traffic_signs,0.8685118556022644,2751.38916015625,1333.8123779296875,2865.872802734375,1470.1571044921875,2808.6309814453125,1401.9847412109375,114.483642578125,136.3447265625
IMG_0038.mp4,468,15.6156,29.97002997002997,2,2,traffic_signs,0.9010936617851257,2404.812744140625,1458.9197998046875,2452.518310546875,1540.5731201171875,2428.66552734375,1499.7464599609375,47.70556640625,81.6533203125
IMG_0038.mp4,469,15.648966666666666,29.97002997002997,184,1,traffic_lights,0.6975960731506348,967.2498779296875,1381.17626953125,1013.5415649414062,1420.8277587890625,990.3957214355469,1401.0020141601562,46.29168701171875,39.6514892578125
IMG_0038.mp4,469,15.648966666666666,29.97002997002997,228,1,traffic_lights,0.643741250038147,2359.7666015625,1347.291748046875,2377.58154296875,1406.2196044921875,2368.674072265625,1376.7556762695312,17.81494140625,58.9278564453125
IMG_0038.mp4,469,15.648966666666666,29.97002997002997,170,2,traffic_signs,0.8024687767028809,2758.25146484375,1330.883056640625,2878.583251953125,1465.84619140625,2818.4173583984375,1398.3646240234375,120.331787109375,134.963134765625
IMG_0038.mp4,469,15.648966666666666,29.97002997002997,2,2,traffic_signs,0.8996660113334656,2408.11572265625,1457.626953125,2456.155517578125,1540.2105712890625,2432.1356201171875,1498.9187622070312,48.039794921875,82.5836181640625
IMG_0038.mp4,470,15.682333333333334,29.97002997002997,184,1,traffic_lights,0.744519054889679,963.9859008789062,1379.7689208984375,1008.5984497070312,1420.2369384765625,986.2921752929688,1400.0029296875,44.612548828125,40.468017578125
IMG_0038.mp4,470,15.682333333333334,29.97002997002997,228,1,traffic_lights,0.6980740427970886,2360.29443359375,1345.87646484375,2378.3701171875,1404.84228515625,2369.332275390625,1375.359375,18.07568359375,58.9658203125
IMG_0038.mp4,470,15.682333333333334,29.97002997002997,170,2,traffic_signs,0.3277568817138672,2768.6181640625,1325.980224609375,2889.7939453125,1461.701904296875,2829.2060546875,1393.841064453125,121.17578125,135.7216796875
IMG_0038.mp4,470,15.682333333333334,29.97002997002997,2,2,traffic_signs,0.9023874998092651,2411.42431640625,1456.789306640625,2459.286865234375,1538.614013671875,2435.3555908203125,1497.70166015625,47.862548828125,81.82470703125
IMG_0038.mp4,471,15.7157,29.97002997002997,184,1,traffic_lights,0.47204649448394775,961.5761108398438,1379.3216552734375,1005.0197143554688,1418.9124755859375,983.2979125976562,1399.1170654296875,43.443603515625,39.5908203125
IMG_0038.mp4,471,15.7157,29.97002997002997,228,1,traffic_lights,0.7291547060012817,2361.46484375,1345.1416015625,2380.160400390625,1403.899658203125,2370.8126220703125,1374.5206298828125,18.695556640625,58.758056640625
IMG_0038.mp4,471,15.7157,29.97002997002997,170,2,traffic_signs,0.5358313918113708,2776.98681640625,1324.5404052734375,2901.96044921875,1459.1697998046875,2839.4736328125,1391.8551025390625,124.9736328125,134.62939453125
IMG_0038.mp4,471,15.7157,29.97002997002997,2,2,traffic_signs,0.9088000655174255,2414.8017578125,1455.3387451171875,2462.695556640625,1537.0589599609375,2438.7486572265625,1496.1988525390625,47.893798828125,81.72021484375
IMG_0038.mp4,472,15.749066666666668,29.97002997002997,184,1,traffic_lights,0.7297179102897644,958.4794921875,1378.213623046875,1001.12890625,1417.7628173828125,979.80419921875,1397.9882202148438,42.6494140625,39.5491943359375
IMG_0038.mp4,472,15.749066666666668,29.97002997002997,228,1,traffic_lights,0.6408156156539917,2361.97705078125,1343.8592529296875,2381.27294921875,1402.880859375,2371.625,1373.3700561523438,19.2958984375,59.0216064453125
IMG_0038.mp4,472,15.749066666666668,29.97002997002997,170,2,traffic_signs,0.5149467587471008,2786.44140625,1321.405029296875,2913.678466796875,1456.36181640625,2850.0599365234375,1388.8834228515625,127.237060546875,134.956787109375
IMG_0038.mp4,472,15.749066666666668,29.97002997002997,2,2,traffic_signs,0.9007044434547424,2416.91796875,1454.2928466796875,2466.186279296875,1536.5797119140625,2441.5521240234375,1495.436279296875,49.268310546875,82.286865234375
IMG_0038.mp4,473,15.782433333333334,29.97002997002997,184,1,traffic_lights,0.7827979326248169,954.1072387695312,1377.173828125,997.1923828125,1417.04541015625,975.6498107910156,1397.109619140625,43.08514404296875,39.87158203125
IMG_0038.mp4,473,15.782433333333334,29.97002997002997,228,1,traffic_lights,0.39612293243408203,2361.366943359375,1342.4625244140625,2383.323486328125,1401.6666259765625,2372.34521484375,1372.0645751953125,21.95654296875,59.2041015625
IMG_0038.mp4,473,15.782433333333334,29.97002997002997,170,2,traffic_signs,0.9473000168800354,2797.1494140625,1318.0643310546875,2926.88916015625,1453.180908203125,2862.019287109375,1385.6226196289062,129.73974609375,135.1165771484375
IMG_0038.mp4,473,15.782433333333334,29.97002997002997,2,2,traffic_signs,0.8932996392250061,2418.474853515625,1452.572509765625,2471.525634765625,1533.755859375,2445.000244140625,1493.1641845703125,53.05078125,81.183349609375
IMG_0038.mp4,474,15.8158,29.97002997002997,184,1,traffic_lights,0.30196866393089294,949.9202880859375,1375.4678955078125,993.3305053710938,1415.9443359375,971.6253967285156,1395.7061157226562,43.41021728515625,40.4764404296875
IMG_0038.mp4,475,15.849166666666667,29.97002997002997,170,2,traffic_signs,0.9495642185211182,2817.8623046875,1309.607666015625,2954.708740234375,1448.4815673828125,2886.2855224609375,1379.0446166992188,136.846435546875,138.8739013671875
IMG_0038.mp4,475,15.849166666666667,29.97002997002997,2,2,traffic_signs,0.9053938388824463,2424.76806640625,1447.7626953125,2478.644775390625,1534.348876953125,2451.7064208984375,1491.0557861328125,53.876708984375,86.586181640625
IMG_0038.mp4,476,15.882533333333333,29.97002997002997,170,2,traffic_signs,0.9444902539253235,2829.46435546875,1303.3712158203125,2968.655029296875,1444.4652099609375,2899.0596923828125,1373.918212890625,139.190673828125,141.093994140625
IMG_0038.mp4,476,15.882533333333333,29.97002997002997,2,2,traffic_signs,0.9233191013336182,2427.726806640625,1446.685302734375,2481.509765625,1532.7890625,2454.6182861328125,1489.7371826171875,53.782958984375,86.103759765625
IMG_0038.mp4,476,15.882533333333333,29.97002997002997,6,1,traffic_lights,0.6635205745697021,2367.165283203125,1338.356201171875,2387.2021484375,1396.957763671875,2377.1837158203125,1367.656982421875,20.036865234375,58.6015625
IMG_0038.mp4,476,15.882533333333333,29.97002997002997,161,2,traffic_signs,0.4236517548561096,2470.24365234375,1534.6314697265625,2488.310791015625,1572.4859619140625,2479.2772216796875,1553.5587158203125,18.067138671875,37.8544921875
IMG_0038.mp4,477,15.9159,29.97002997002997,170,2,traffic_signs,0.9348397850990295,2841.828125,1295.4112548828125,2984.7939453125,1440.18212890625,2913.31103515625,1367.7966918945312,142.9658203125,144.7708740234375
IMG_0038.mp4,477,15.9159,29.97002997002997,2,2,traffic_signs,0.9102782011032104,2431.25341796875,1444.9656982421875,2484.997802734375,1531.3975830078125,2458.1256103515625,1488.181640625,53.744384765625,86.431884765625
IMG_0038.mp4,477,15.9159,29.97002997002997,6,1,traffic_lights,0.7098107933998108,2367.1748046875,1337.5560302734375,2387.84912109375,1395.80029296875,2377.511962890625,1366.6781616210938,20.67431640625,58.2442626953125
IMG_0038.mp4,477,15.9159,29.97002997002997,161,1,traffic_lights,0.3083735704421997,2473.219482421875,1534.07666015625,2489.166015625,1571.7613525390625,2481.1927490234375,1552.9190063476562,15.946533203125,37.6846923828125
IMG_0038.mp4,477,15.9159,29.97002997002997,184,1,traffic_lights,0.7933771014213562,939.0452880859375,1371.5479736328125,984.8343505859375,1413.938720703125,961.9398193359375,1392.7433471679688,45.7890625,42.3907470703125
IMG_0038.mp4,478,15.949266666666666,29.97002997002997,170,2,traffic_signs,0.9423018097877502,2851.642333984375,1284.4371337890625,2998.215576171875,1436.396240234375,2924.928955078125,1360.4166870117188,146.5732421875,151.9591064453125
IMG_0038.mp4,478,15.949266666666666,29.97002997002997,2,2,traffic_signs,0.9290010333061218,2435.47705078125,1444.2410888671875,2488.917236328125,1529.0853271484375,2462.1971435546875,1486.6632080078125,53.440185546875,84.84423828125
IMG_0038.mp4,478,15.949266666666666,29.97002997002997,6,1,traffic_lights,0.6710732579231262,2367.823486328125,1336.7396240234375,2388.5244140625,1394.0126953125,2378.1739501953125,1365.3761596679688,20.700927734375,57.2730712890625
IMG_0038.mp4,478,15.949266666666666,29.97002997002997,184,1,traffic_lights,0.6839684844017029,935.9293823242188,1370.986572265625,980.4111938476562,1412.8333740234375,958.1702880859375,1391.9099731445312,44.4818115234375,41.8468017578125
IMG_0038.mp4,479,15.982633333333334,29.97002997002997,2,2,traffic_signs,0.9125353693962097,2439.224609375,1442.94775390625,2492.4169921875,1526.0115966796875,2465.82080078125,1484.4796752929688,53.1923828125,83.0638427734375
IMG_0038.mp4,479,15.982633333333334,29.97002997002997,6,1,traffic_lights,0.6047903299331665,2368.11181640625,1335.7095947265625,2389.15283203125,1392.55126953125,2378.63232421875,1364.1304321289062,21.041015625,56.8416748046875
IMG_0038.mp4,479,15.982633333333334,29.97002997002997,184,1,traffic_lights,0.49033281207084656,931.67578125,1370.91748046875,975.6551513671875,1412.096923828125,953.6654663085938,1391.5072021484375,43.9793701171875,41.179443359375
IMG_0038.mp4,480,16.016000000000002,29.97002997002997,6,1,traffic_lights,0.3415158987045288,2368.423095703125,1334.0506591796875,2390.416015625,1391.08251953125,2379.4195556640625,1362.5665893554688,21.992919921875,57.0318603515625
IMG_0038.mp4,480,16.016000000000002,29.97002997002997,184,1,traffic_lights,0.8360781669616699,927.7147216796875,1369.70458984375,972.7262573242188,1410.4935302734375,950.2204895019531,1390.0990600585938,45.01153564453125,40.7889404296875
IMG_0038.mp4,480,16.016000000000002,29.97002997002997,170,2,traffic_signs,0.7910599708557129,2878.28515625,1277.456298828125,3026.7490234375,1434.1605224609375,2952.51708984375,1355.8084106445312,148.4638671875,156.7042236328125
IMG_0038.mp4,481,16.049366666666668,29.97002997002997,6,1,traffic_lights,0.7094376683235168,2370.970947265625,1332.0755615234375,2392.30517578125,1389.5523681640625,2381.6380615234375,1360.81396484375,21.334228515625,57.476806640625
IMG_0038.mp4,481,16.049366666666668,29.97002997002997,184,1,traffic_lights,0.8925427794456482,923.3848266601562,1368.275146484375,969.2164916992188,1408.9384765625,946.3006591796875,1388.6068115234375,45.8316650390625,40.663330078125
IMG_0038.mp4,481,16.049366666666668,29.97002997002997,238,2,traffic_signs,0.8564117550849915,3007.15478515625,1456.3846435546875,3062.079345703125,1536.26708984375,3034.6170654296875,1496.3258666992188,54.924560546875,79.8824462890625
IMG_0038.mp4,481,16.049366666666668,29.97002997002997,170,2,traffic_signs,0.9482772946357727,2892.761474609375,1273.3609619140625,3044.730712890625,1428.001953125,2968.74609375,1350.6814575195312,151.96923828125,154.6409912109375
IMG_0038.mp4,481,16.049366666666668,29.97002997002997,2,2,traffic_signs,0.9064085483551025,2444.03369140625,1435.267578125,2500.503662109375,1524.4976806640625,2472.2686767578125,1479.8826293945312,56.469970703125,89.2301025390625
IMG_0038.mp4,482,16.082733333333334,29.97002997002997,6,1,traffic_lights,0.6036322712898254,2371.49365234375,1330.0501708984375,2392.86376953125,1388.238037109375,2382.1787109375,1359.1441040039062,21.3701171875,58.1878662109375
IMG_0038.mp4,482,16.082733333333334,29.97002997002997,184,1,traffic_lights,0.8164968490600586,919.0967407226562,1366.5355224609375,965.4777221679688,1407.83837890625,942.2872314453125,1387.1869506835938,46.3809814453125,41.3028564453125
IMG_0038.mp4,482,16.082733333333334,29.97002997002997,170,2,traffic_signs,0.25888413190841675,2905.320556640625,1270.25390625,3063.65087890625,1421.9853515625,2984.4857177734375,1346.11962890625,158.330322265625,151.7314453125
IMG_0038.mp4,482,16.082733333333334,29.97002997002997,240,1,traffic_lights,0.36822885274887085,2303.12646484375,1552.720947265625,2324.365478515625,1607.3258056640625,2313.7459716796875,1580.0233764648438,21.239013671875,54.6048583984375
IMG_0038.mp4,482,16.082733333333334,29.97002997002997,2,2,traffic_signs,0.902793288230896,2446.77294921875,1432.650390625,2504.0400390625,1523.278564453125,2475.406494140625,1477.9644775390625,57.26708984375,90.628173828125
IMG_0038.mp4,483,16.1161,29.97002997002997,6,1,traffic_lights,0.5101523995399475,2371.4638671875,1328.5416259765625,2392.955322265625,1386.89892578125,2382.2095947265625,1357.7202758789062,21.491455078125,58.3572998046875
IMG_0038.mp4,483,16.1161,29.97002997002997,184,1,traffic_lights,0.7043222188949585,914.9560546875,1365.254638671875,961.479248046875,1406.670654296875,938.2176513671875,1385.962646484375,46.523193359375,41.416015625
IMG_0038.mp4,483,16.1161,29.97002997002997,240,1,traffic_lights,0.3318467140197754,2302.842041015625,1553.260498046875,2324.222900390625,1604.8175048828125,2313.532470703125,1579.0390014648438,21.380859375,51.5570068359375
IMG_0038.mp4,483,16.1161,29.97002997002997,2,2,traffic_signs,0.917331337928772,2449.11767578125,1429.62744140625,2507.258056640625,1522.5592041015625,2478.1878662109375,1476.0933227539062,58.140380859375,92.9317626953125
IMG_0038.mp4,483,16.1161,29.97002997002997,242,2,traffic_signs,0.4059671461582184,299.57061767578125,1480.624267578125,339.9085693359375,1514.365478515625,319.7395935058594,1497.494873046875,40.33795166015625,33.7412109375
IMG_0038.mp4,483,16.1161,29.97002997002997,238,2,traffic_signs,0.8033921718597412,3030.309326171875,1453.533447265625,3079.975341796875,1531.5504150390625,3055.142333984375,1492.5419311523438,49.666015625,78.0169677734375
IMG_0038.mp4,484,16.149466666666665,29.97002997002997,6,1,traffic_lights,0.7047891020774841,2372.883056640625,1326.3502197265625,2393.425537109375,1385.6025390625,2383.154296875,1355.9763793945312,20.54248046875,59.2523193359375
IMG_0038.mp4,484,16.149466666666665,29.97002997002997,184,1,traffic_lights,0.7817702293395996,911.8401489257812,1363.7008056640625,957.91064453125,1404.6456298828125,934.8753967285156,1384.1732177734375,46.07049560546875,40.94482421875
IMG_0038.mp4,484,16.149466666666665,29.97002997002997,240,1,traffic_lights,0.28197696805000305,2303.36669921875,1552.8785400390625,2322.147216796875,1598.05615234375,2312.7569580078125,1575.4673461914062,18.780517578125,45.1776123046875
IMG_0038.mp4,484,16.149466666666665,29.97002997002997,2,2,traffic_signs,0.926236093044281,2452.934814453125,1426.8739013671875,2510.751708984375,1521.765625,2481.84326171875,1474.3197631835938,57.81689453125,94.8917236328125
IMG_0038.mp4,484,16.149466666666665,29.97002997002997,242,2,traffic_signs,0.33172228932380676,294.4989318847656,1480.447265625,330.98541259765625,1513.9287109375,312.74217224121094,1497.18798828125,36.486480712890625,33.4814453125
IMG_0038.mp4,484,16.149466666666665,29.97002997002997,244,1,traffic_lights,0.4325541853904724,2304.765869140625,1581.412109375,2324.19384765625,1611.0390625,2314.4798583984375,1596.2255859375,19.427978515625,29.626953125
IMG_0038.mp4,484,16.149466666666665,29.97002997002997,238,2,traffic_signs,0.6298704147338867,3042.671630859375,1450.3568115234375,3089.61474609375,1531.8624267578125,3066.1431884765625,1491.109619140625,46.943115234375,81.505615234375
IMG_0038.mp4,485,16.182833333333335,29.97002997002997,6,1,traffic_lights,0.7412233948707581,2373.552001953125,1324.2242431640625,2393.7744140625,1384.091796875,2383.6632080078125,1354.1580200195312,20.222412109375,59.8675537109375
IMG_0038.mp4,485,16.182833333333335,29.97002997002997,184,1,traffic_lights,0.7281175851821899,906.5421752929688,1362.06005859375,953.2652587890625,1404.16015625,929.9037170410156,1383.110107421875,46.72308349609375,42.10009765625
IMG_0038.mp4,485,16.182833333333335,29.97002997002997,240,1,traffic_lights,0.32823413610458374,2303.78857421875,1553.301025390625,2321.175537109375,1597.980712890625,2312.4820556640625,1575.640869140625,17.386962890625,44.6796875
IMG_0038.mp4,485,16.182833333333335,29.97002997002997,2,2,traffic_signs,0.9223963618278503,2456.65966796875,1425.05078125,2515.4462890625,1519.4752197265625,2486.052978515625,1472.2630004882812,58.78662109375,94.4244384765625
IMG_0038.mp4,485,16.182833333333335,29.97002997002997,244,1,traffic_lights,0.3669343888759613,2305.315673828125,1579.114501953125,2323.6494140625,1610.250732421875,2314.4825439453125,1594.6826171875,18.333740234375,31.13623046875
IMG_0038.mp4,485,16.182833333333335,29.97002997002997,161,2,traffic_signs,0.42926478385925293,2479.115234375,1524.41064453125,2497.038330078125,1566.9903564453125,2488.0767822265625,1545.7005004882812,17.923095703125,42.5797119140625
IMG_0038.mp4,486,16.2162,29.97002997002997,6,1,traffic_lights,0.7069091796875,2374.378662109375,1322.4281005859375,2394.618896484375,1382.477783203125,2384.498779296875,1352.4529418945312,20.240234375,60.0496826171875
IMG_0038.mp4,486,16.2162,29.97002997002997,184,1,traffic_lights,0.6686447262763977,902.5673217773438,1359.90478515625,945.9376220703125,1403.7459716796875,924.2524719238281,1381.8253784179688,43.37030029296875,43.8411865234375
IMG_0038.mp4,486,16.2162,29.97002997002997,240,1,traffic_lights,0.3841323256492615,2303.697998046875,1552.8310546875,2321.57763671875,1597.2994384765625,2312.6378173828125,1575.0652465820312,17.879638671875,44.4683837890625
IMG_0038.mp4,486,16.2162,29.97002997002997,2,2,traffic_signs,0.9085099697113037,2460.867919921875,1422.1253662109375,2520.238037109375,1517.0203857421875,2490.552978515625,1469.5728759765625,59.3701171875,94.89501953125
IMG_0038.mp4,486,16.2162,29.97002997002997,244,1,traffic_lights,0.4908633828163147,2305.224365234375,1579.796142578125,2324.216796875,1610.3143310546875,2314.7205810546875,1595.0552368164062,18.992431640625,30.5181884765625
IMG_0038.mp4,486,16.2162,29.97002997002997,161,2,traffic_signs,0.2652754485607147,2480.906982421875,1522.8072509765625,2500.015380859375,1567.8541259765625,2490.461181640625,1545.3306884765625,19.1083984375,45.046875
IMG_0038.mp4,487,16.249566666666666,29.97002997002997,6,1,traffic_lights,0.7006537914276123,2375.040771484375,1320.712158203125,2394.993896484375,1381.29150390625,2385.017333984375,1351.0018310546875,19.953125,60.579345703125
IMG_0038.mp4,487,16.249566666666666,29.97002997002997,240,1,traffic_lights,0.45353975892066956,2303.76220703125,1552.395751953125,2321.997314453125,1596.3631591796875,2312.8797607421875,1574.3794555664062,18.235107421875,43.9674072265625
IMG_0038.mp4,487,16.249566666666666,29.97002997002997,2,2,traffic_signs,0.913720428943634,2464.224609375,1419.787353515625,2524.05419921875,1515.5692138671875,2494.139404296875,1467.6782836914062,59.82958984375,95.7818603515625
IMG_0038.mp4,487,16.249566666666666,29.97002997002997,244,1,traffic_lights,0.3946118652820587,2305.54150390625,1579.231689453125,2324.7099609375,1609.4395751953125,2315.125732421875,1594.3356323242188,19.16845703125,30.2078857421875
IMG_0038.mp4,488,16.282933333333332,29.97002997002997,6,1,traffic_lights,0.7474384903907776,2375.051513671875,1319.274658203125,2394.951171875,1378.950439453125,2385.0013427734375,1349.112548828125,19.899658203125,59.67578125
IMG_0038.mp4,488,16.282933333333332,29.97002997002997,240,1,traffic_lights,0.4247572720050812,2303.505859375,1551.8382568359375,2321.729736328125,1597.5977783203125,2312.6177978515625,1574.718017578125,18.223876953125,45.759521484375
IMG_0038.mp4,488,16.282933333333332,29.97002997002997,2,2,traffic_signs,0.4696839451789856,2466.376708984375,1418.369873046875,2527.431640625,1513.5048828125,2496.9041748046875,1465.9373779296875,61.054931640625,95.135009765625
IMG_0038.mp4,488,16.282933333333332,29.97002997002997,244,1,traffic_lights,0.36133769154548645,2305.4326171875,1576.930419921875,2324.292236328125,1608.7591552734375,2314.8624267578125,1592.8447875976562,18.859619140625,31.8287353515625
IMG_0038.mp4,488,16.282933333333332,29.97002997002997,161,2,traffic_signs,0.2836952209472656,2484.49072265625,1521.41357421875,2504.8427734375,1566.8912353515625,2494.666748046875,1544.1524047851562,20.35205078125,45.4776611328125
IMG_0038.mp4,489,16.316300000000002,29.97002997002997,6,1,traffic_lights,0.7506327629089355,2374.340576171875,1317.7646484375,2394.38525390625,1377.5257568359375,2384.3629150390625,1347.6452026367188,20.044677734375,59.7611083984375
IMG_0038.mp4,489,16.316300000000002,29.97002997002997,240,1,traffic_lights,0.5097219347953796,2302.461669921875,1551.5528564453125,2321.537841796875,1599.5118408203125,2311.999755859375,1575.5323486328125,19.076171875,47.958984375
IMG_0038.mp4,489,16.316300000000002,29.97002997002997,2,2,traffic_signs,0.8964359164237976,2468.154541015625,1416.7744140625,2529.69287109375,1512.305419921875,2498.9237060546875,1464.5399169921875,61.538330078125,95.531005859375
IMG_0038.mp4,489,16.316300000000002,29.97002997002997,244,1,traffic_lights,0.3094725012779236,2304.37890625,1575.803466796875,2323.897705078125,1608.547607421875,2314.1383056640625,1592.175537109375,19.518798828125,32.744140625
IMG_0038.mp4,489,16.316300000000002,29.97002997002997,161,2,traffic_signs,0.3207843005657196,2485.206787109375,1521.9122314453125,2505.47509765625,1566.114013671875,2495.3409423828125,1544.0131225585938,20.268310546875,44.2017822265625
IMG_0038.mp4,489,16.316300000000002,29.97002997002997,238,2,traffic_signs,0.8778325319290161,3073.041748046875,1439.6785888671875,3130.992431640625,1524.4549560546875,3102.01708984375,1482.0667724609375,57.95068359375,84.7763671875
IMG_0038.mp4,490,16.349666666666668,29.97002997002997,6,1,traffic_lights,0.6012266278266907,2374.861083984375,1316.515625,2395.297119140625,1376.904541015625,2385.0791015625,1346.7100830078125,20.43603515625,60.388916015625
IMG_0038.mp4,490,16.349666666666668,29.97002997002997,240,1,traffic_lights,0.48429766297340393,2302.89306640625,1551.547119140625,2322.230712890625,1602.3780517578125,2312.5618896484375,1576.9625854492188,19.337646484375,50.8309326171875
IMG_0038.mp4,490,16.349666666666668,29.97002997002997,2,2,traffic_signs,0.9004926085472107,2470.328125,1413.9754638671875,2533.7861328125,1509.860107421875,2502.05712890625,1461.9177856445312,63.4580078125,95.8846435546875
IMG_0038.mp4,490,16.349666666666668,29.97002997002997,161,2,traffic_signs,0.6419087052345276,2486.591552734375,1521.0797119140625,2507.755615234375,1566.135986328125,2497.173583984375,1543.6078491210938,21.1640625,45.0562744140625
IMG_0038.mp4,490,16.349666666666668,29.97002997002997,238,2,traffic_signs,0.9014328718185425,3078.940185546875,1437.47802734375,3142.614013671875,1523.325439453125,3110.777099609375,1480.4017333984375,63.673828125,85.847412109375
IMG_0038.mp4,491,16.383033333333334,29.97002997002997,6,1,traffic_lights,0.644686222076416,2375.239013671875,1314.9189453125,2395.31298828125,1374.90478515625,2385.2760009765625,1344.911865234375,20.073974609375,59.98583984375
IMG_0038.mp4,491,16.383033333333334,29.97002997002997,240,1,traffic_lights,0.42977175116539,2302.057861328125,1551.0394287109375,2321.40625,1601.3603515625,2311.7320556640625,1576.1998901367188,19.348388671875,50.3209228515625
IMG_0038.mp4,491,16.383033333333334,29.97002997002997,2,2,traffic_signs,0.9219220280647278,2472.164306640625,1411.8092041015625,2538.447265625,1507.59521484375,2505.3057861328125,1459.7022094726562,66.282958984375,95.7860107421875
IMG_0038.mp4,491,16.383033333333334,29.97002997002997,161,2,traffic_signs,0.7195581793785095,2487.130615234375,1518.8297119140625,2510.855224609375,1564.576904296875,2498.992919921875,1541.7033081054688,23.724609375,45.7471923828125
IMG_0038.mp4,491,16.383033333333334,29.97002997002997,238,2,traffic_signs,0.7144776582717896,3086.01025390625,1434.4888916015625,3153.3310546875,1521.1236572265625,3119.670654296875,1477.8062744140625,67.32080078125,86.634765625
IMG_0038.mp4,492,16.4164,29.97002997002997,6,1,traffic_lights,0.555266797542572,2376.05712890625,1313.2626953125,2396.035888671875,1373.161376953125,2386.0465087890625,1343.2120361328125,19.978759765625,59.898681640625
IMG_0038.mp4,492,16.4164,29.97002997002997,240,1,traffic_lights,0.40209445357322693,2300.790283203125,1551.39306640625,2321.298095703125,1603.6138916015625,2311.044189453125,1577.5034790039062,20.5078125,52.2208251953125
IMG_0038.mp4,492,16.4164,29.97002997002997,2,2,traffic_signs,0.9235594272613525,2473.55615234375,1410.130126953125,2542.16455078125,1505.34033203125,2507.8603515625,1457.7352294921875,68.6083984375,95.210205078125
IMG_0038.mp4,492,16.4164,29.97002997002997,161,2,traffic_signs,0.7098225951194763,2487.923828125,1518.0029296875,2512.009033203125,1562.616455078125,2499.9664306640625,1540.3096923828125,24.085205078125,44.613525390625
IMG_0038.mp4,492,16.4164,29.97002997002997,238,2,traffic_signs,0.8888525366783142,3093.098876953125,1433.160400390625,3159.497314453125,1519.9459228515625,3126.298095703125,1476.5531616210938,66.3984375,86.7855224609375
IMG_0038.mp4,493,16.449766666666665,29.97002997002997,6,1,traffic_lights,0.6553735136985779,2376.437255859375,1311.62109375,2397.048095703125,1371.3072509765625,2386.74267578125,1341.4641723632812,20.61083984375,59.6861572265625
IMG_0038.mp4,493,16.449766666666665,29.97002997002997,240,1,traffic_lights,0.31831493973731995,2300.888427734375,1552.45556640625,2320.798095703125,1602.0987548828125,2310.84326171875,1577.2771606445312,19.90966796875,49.6431884765625
IMG_0038.mp4,493,16.449766666666665,29.97002997002997,2,2,traffic_signs,0.9276593327522278,2476.778564453125,1408.088134765625,2546.59130859375,1502.844482421875,2511.6849365234375,1455.46630859375,69.812744140625,94.75634765625
IMG_0038.mp4,493,16.449766666666665,29.97002997002997,161,2,traffic_signs,0.8071737289428711,2488.737060546875,1517.966552734375,2513.0703125,1561.3077392578125,2500.9036865234375,1539.6371459960938,24.333251953125,43.3411865234375
IMG_0038.mp4,493,16.449766666666665,29.97002997002997,238,2,traffic_signs,0.9139801859855652,3100.579833984375,1431.361083984375,3167.502197265625,1517.5396728515625,3134.041015625,1474.4503784179688,66.92236328125,86.1785888671875
IMG_0038.mp4,493,16.449766666666665,29.97002997002997,244,1,traffic_lights,0.3366219997406006,2303.4560546875,1574.0115966796875,2322.03076171875,1605.3721923828125,2312.743408203125,1589.69189453125,18.57470703125,31.360595703125
IMG_0038.mp4,494,16.483133333333335,29.97002997002997,2,2,traffic_signs,0.9409095048904419,2483.010986328125,1404.9356689453125,2551.99853515625,1498.951416015625,2517.5047607421875,1451.9435424804688,68.987548828125,94.0157470703125
IMG_0038.mp4,494,16.483133333333335,29.97002997002997,161,2,traffic_signs,0.7926746606826782,2489.57666015625,1516.56591796875,2514.18017578125,1558.7982177734375,2501.87841796875,1537.6820678710938,24.603515625,42.2322998046875
IMG_0038.mp4,494,16.483133333333335,29.97002997002997,238,2,traffic_signs,0.6345077157020569,3107.60205078125,1429.10791015625,3178.501708984375,1515.7877197265625,3143.0518798828125,1472.4478149414062,70.899658203125,86.6798095703125
IMG_0038.mp4,495,16.5165,29.97002997002997,2,2,traffic_signs,0.754141628742218,2486.217041015625,1402.2723388671875,2554.315185546875,1500.55322265625,2520.26611328125,1451.4127807617188,68.09814453125,98.2808837890625
IMG_0038.mp4,495,16.5165,29.97002997002997,161,2,traffic_signs,0.32396548986434937,2490.394775390625,1515.247802734375,2513.797119140625,1560.4376220703125,2502.095947265625,1537.8427124023438,23.40234375,45.1898193359375
IMG_0038.mp4,495,16.5165,29.97002997002997,238,2,traffic_signs,0.8884457349777222,3116.994140625,1427.8475341796875,3187.9462890625,1513.275634765625,3152.47021484375,1470.5615844726562,70.9521484375,85.4281005859375
IMG_0038.mp4,495,16.5165,29.97002997002997,6,1,traffic_lights,0.5934015512466431,2374.47998046875,1307.8861083984375,2397.004150390625,1368.2825927734375,2385.7420654296875,1338.0843505859375,22.524169921875,60.396484375
IMG_0038.mp4,496,16.549866666666667,29.97002997002997,2,2,traffic_signs,0.91059410572052,2488.10302734375,1398.084228515625,2558.0068359375,1500.4359130859375,2523.054931640625,1449.2600708007812,69.90380859375,102.3516845703125
IMG_0038.mp4,496,16.549866666666667,29.97002997002997,161,2,traffic_signs,0.7869672179222107,2491.455078125,1515.31982421875,2513.819580078125,1560.0733642578125,2502.6373291015625,1537.6965942382812,22.364501953125,44.7535400390625
IMG_0038.mp4,496,16.549866666666667,29.97002997002997,6,1,traffic_lights,0.5909572243690491,2374.551513671875,1305.9268798828125,2396.779052734375,1366.2625732421875,2385.665283203125,1336.0947265625,22.2275390625,60.335693359375
IMG_0038.mp4,496,16.549866666666667,29.97002997002997,240,1,traffic_lights,0.2963729798793793,2300.027587890625,1550.9197998046875,2321.3232421875,1601.597412109375,2310.6754150390625,1576.2586059570312,21.295654296875,50.6776123046875
IMG_0038.mp4,497,16.583233333333332,29.97002997002997,2,2,traffic_signs,0.9174056649208069,2490.367919921875,1393.98681640625,2562.7275390625,1497.93310546875,2526.5477294921875,1445.9599609375,72.359619140625,103.9462890625
IMG_0038.mp4,497,16.583233333333332,29.97002997002997,161,2,traffic_signs,0.6067467331886292,2491.4384765625,1514.220703125,2513.6455078125,1559.065185546875,2502.5419921875,1536.6429443359375,22.20703125,44.844482421875
IMG_0038.mp4,497,16.583233333333332,29.97002997002997,6,1,traffic_lights,0.6310444474220276,2374.07080078125,1303.405517578125,2395.8701171875,1364.3070068359375,2384.970458984375,1333.8562622070312,21.79931640625,60.9014892578125
IMG_0038.mp4,497,16.583233333333332,29.97002997002997,240,1,traffic_lights,0.2666240632534027,2299.17431640625,1549.450439453125,2320.63232421875,1601.138671875,2309.9033203125,1575.2945556640625,21.4580078125,51.688232421875
IMG_0038.mp4,497,16.583233333333332,29.97002997002997,238,2,traffic_signs,0.6411731243133545,3128.25634765625,1421.996826171875,3206.686279296875,1513.1788330078125,3167.4713134765625,1467.5878295898438,78.429931640625,91.1820068359375
IMG_0038.mp4,498,16.616600000000002,29.97002997002997,2,2,traffic_signs,0.928462028503418,2492.78125,1390.2520751953125,2564.360107421875,1495.2760009765625,2528.5706787109375,1442.7640380859375,71.578857421875,105.02392578125
IMG_0038.mp4,498,16.616600000000002,29.97002997002997,161,2,traffic_signs,0.5873006582260132,2490.80908203125,1514.0,2513.21826171875,1558.296142578125,2502.013671875,1536.1480712890625,22.4091796875,44.296142578125
IMG_0038.mp4,498,16.616600000000002,29.97002997002997,6,1,traffic_lights,0.6037550568580627,2373.525146484375,1302.06201171875,2394.864013671875,1362.951171875,2384.194580078125,1332.506591796875,21.3388671875,60.88916015625
IMG_0038.mp4,498,16.616600000000002,29.97002997002997,240,1,traffic_lights,0.370232492685318,2297.575927734375,1548.63037109375,2319.4931640625,1602.1688232421875,2308.5345458984375,1575.3995971679688,21.917236328125,53.5384521484375
IMG_0038.mp4,498,16.616600000000002,29.97002997002997,238,2,traffic_signs,0.8996920585632324,3137.97216796875,1420.650390625,3213.404541015625,1510.8424072265625,3175.6883544921875,1465.7463989257812,75.432373046875,90.1920166015625
IMG_0038.mp4,499,16.649966666666668,29.97002997002997,2,2,traffic_signs,0.9255937337875366,2495.962646484375,1387.550048828125,2567.345703125,1492.74267578125,2531.6541748046875,1440.1463623046875,71.383056640625,105.192626953125
IMG_0038.mp4,499,16.649966666666668,29.97002997002997,161,2,traffic_signs,0.4734361171722412,2491.10986328125,1512.870849609375,2512.93359375,1556.7625732421875,2502.021728515625,1534.8167114257812,21.82373046875,43.8917236328125
IMG_0038.mp4,499,16.649966666666668,29.97002997002997,6,1,traffic_lights,0.5790480375289917,2373.082763671875,1300.765380859375,2394.35302734375,1361.900390625,2383.7178955078125,1331.3328857421875,21.270263671875,61.135009765625
IMG_0038.mp4,499,16.649966666666668,29.97002997002997,240,1,traffic_lights,0.3007761836051941,2297.083984375,1547.178955078125,2319.235595703125,1601.8570556640625,2308.1597900390625,1574.5180053710938,22.151611328125,54.6781005859375
IMG_0038.mp4,499,16.649966666666668,29.97002997002997,238,2,traffic_signs,0.868898868560791,3145.527587890625,1419.3238525390625,3222.4267578125,1508.163330078125,3183.9771728515625,1463.7435913085938,76.899169921875,88.8394775390625
IMG_0038.mp4,500,16.683333333333334,29.97002997002997,2,2,traffic_signs,0.9202665686607361,2498.83056640625,1385.1402587890625,2570.93212890625,1490.4814453125,2534.88134765625,1437.8108520507812,72.1015625,105.3411865234375
IMG_0038.mp4,500,16.683333333333334,29.97002997002997,161,2,traffic_signs,0.5641003847122192,2491.6591796875,1511.2535400390625,2512.73046875,1556.1097412109375,2502.19482421875,1533.681640625,21.0712890625,44.856201171875
IMG_0038.mp4,500,16.683333333333334,29.97002997002997,6,1,traffic_lights,0.6025990843772888,2372.37158203125,1299.345458984375,2393.980224609375,1360.625732421875,2383.1759033203125,1329.985595703125,21.608642578125,61.2802734375
IMG_0038.mp4,500,16.683333333333334,29.97002997002997,240,1,traffic_lights,0.36383605003356934,2296.469970703125,1545.83740234375,2319.006103515625,1601.7567138671875,2307.738037109375,1573.7970581054688,22.5361328125,55.9193115234375
IMG_0038.mp4,500,16.683333333333334,29.97002997002997,238,2,traffic_signs,0.8660895228385925,3154.329833984375,1416.707275390625,3231.004150390625,1505.45947265625,3192.6669921875,1461.0833740234375,76.67431640625,88.752197265625
IMG_0038.mp4,501,16.7167,29.97002997002997,2,2,traffic_signs,0.9311839938163757,2503.643798828125,1398.782958984375,2577.517822265625,1487.294677734375,2540.580810546875,1443.038818359375,73.8740234375,88.51171875
IMG_0038.mp4,501,16.7167,29.97002997002997,161,2,traffic_signs,0.7405047416687012,2492.654296875,1510.9228515625,2514.364013671875,1555.819091796875,2503.5091552734375,1533.3709716796875,21.709716796875,44.896240234375
IMG_0038.mp4,501,16.7167,29.97002997002997,240,1,traffic_lights,0.3210498094558716,2293.90234375,1544.3984375,2318.6611328125,1602.9522705078125,2306.28173828125,1573.6753540039062,24.7587890625,58.5538330078125
IMG_0038.mp4,501,16.7167,29.97002997002997,238,2,traffic_signs,0.8832029104232788,3162.61328125,1415.8931884765625,3241.80810546875,1502.777587890625,3202.210693359375,1459.3353881835938,79.19482421875,86.8843994140625
IMG_0038.mp4,501,16.7167,29.97002997002997,184,1,traffic_lights,0.9118110537528992,811.9932250976562,1337.096923828125,863.310791015625,1382.2906494140625,837.6520080566406,1359.6937866210938,51.31756591796875,45.1937255859375
IMG_0038.mp4,502,16.750066666666665,29.97002997002997,2,2,traffic_signs,0.8969678282737732,2497.249755859375,1386.3433837890625,2580.9169921875,1483.0238037109375,2539.0833740234375,1434.68359375,83.667236328125,96.680419921875
IMG_0038.mp4,502,16.750066666666665,29.97002997002997,238,2,traffic_signs,0.7593388557434082,3169.44482421875,1415.768798828125,3252.304443359375,1502.40478515625,3210.8746337890625,1459.0867919921875,82.859619140625,86.635986328125
IMG_0038.mp4,502,16.750066666666665,29.97002997002997,184,1,traffic_lights,0.9162331223487854,802.6314697265625,1336.2188720703125,854.9423828125,1379.97509765625,828.7869262695312,1358.0969848632812,52.3109130859375,43.7562255859375
IMG_0038.mp4,503,16.783433333333335,29.97002997002997,2,2,traffic_signs,0.8676000237464905,2502.957763671875,1378.76611328125,2583.315185546875,1482.7567138671875,2543.136474609375,1430.7614135742188,80.357421875,103.9906005859375
IMG_0038.mp4,503,16.783433333333335,29.97002997002997,238,2,traffic_signs,0.5776033401489258,3178.966796875,1418.4197998046875,3261.722900390625,1500.3985595703125,3220.3448486328125,1459.4091796875,82.756103515625,81.978759765625
IMG_0038.mp4,503,16.783433333333335,29.97002997002997,184,1,traffic_lights,0.9395335912704468,792.4226684570312,1334.0716552734375,846.9583740234375,1378.6400146484375,819.6905212402344,1356.3558349609375,54.53570556640625,44.568359375
IMG_0038.mp4,503,16.783433333333335,29.97002997002997,161,2,traffic_signs,0.3912327289581299,2490.279052734375,1505.545654296875,2511.696533203125,1549.6859130859375,2500.98779296875,1527.6157836914062,21.41748046875,44.1402587890625
IMG_0038.mp4,503,16.783433333333335,29.97002997002997,240,1,traffic_lights,0.27465590834617615,2290.005126953125,1542.556396484375,2312.471435546875,1600.384765625,2301.23828125,1571.4705810546875,22.46630859375,57.828369140625
IMG_0038.mp4,504,16.8168,29.97002997002997,2,2,traffic_signs,0.9102338552474976,2507.726318359375,1373.879150390625,2587.1484375,1481.681396484375,2547.4373779296875,1427.7802734375,79.422119140625,107.80224609375
IMG_0038.mp4,504,16.8168,29.97002997002997,238,2,traffic_signs,0.8755587935447693,3186.1103515625,1422.461181640625,3268.367919921875,1498.0445556640625,3227.2391357421875,1460.2528686523438,82.257568359375,75.5833740234375
IMG_0038.mp4,504,16.8168,29.97002997002997,184,1,traffic_lights,0.9020886421203613,785.2686157226562,1333.0107421875,838.8825073242188,1376.693359375,812.0755615234375,1354.85205078125,53.6138916015625,43.6826171875
IMG_0038.mp4,504,16.8168,29.97002997002997,161,2,traffic_signs,0.501967191696167,2489.0283203125,1503.83203125,2511.500244140625,1548.9185791015625,2500.2642822265625,1526.3753051757812,22.471923828125,45.0865478515625
IMG_0038.mp4,504,16.8168,29.97002997002997,240,1,traffic_lights,0.3002331256866455,2288.156982421875,1543.11572265625,2310.3896484375,1599.7078857421875,2299.2733154296875,1571.4118041992188,22.232666015625,56.5921630859375
IMG_0038.mp4,505,16.850166666666667,29.97002997002997,2,2,traffic_signs,0.9342353940010071,2510.765625,1368.92431640625,2591.6689453125,1480.1090087890625,2551.21728515625,1424.5166625976562,80.9033203125,111.1846923828125
IMG_0038.mp4,505,16.850166666666667,29.97002997002997,238,2,traffic_signs,0.8053689002990723,3195.886962890625,1426.269775390625,3275.676513671875,1495.859375,3235.78173828125,1461.0645751953125,79.78955078125,69.589599609375
IMG_0038.mp4,505,16.850166666666667,29.97002997002997,184,1,traffic_lights,0.9315425753593445,776.0919189453125,1331.1412353515625,829.8810424804688,1374.57958984375,802.9864807128906,1352.8604125976562,53.78912353515625,43.4383544921875
IMG_0038.mp4,505,16.850166666666667,29.97002997002997,161,2,traffic_signs,0.44573330879211426,2488.607421875,1502.540771484375,2511.917724609375,1548.4744873046875,2500.2625732421875,1525.5076293945312,23.310302734375,45.9337158203125
IMG_0038.mp4,505,16.850166666666667,29.97002997002997,240,1,traffic_lights,0.3897445797920227,2286.4365234375,1542.6661376953125,2308.096435546875,1598.5250244140625,2297.2664794921875,1570.5955810546875,21.659912109375,55.85888671875
IMG_0038.mp4,506,16.883533333333332,29.97002997002997,2,2,traffic_signs,0.9360089898109436,2511.71630859375,1364.36181640625,2594.143310546875,1478.00146484375,2552.9298095703125,1421.181640625,82.427001953125,113.6396484375
IMG_0038.mp4,506,16.883533333333332,29.97002997002997,238,2,traffic_signs,0.5294770002365112,3203.957763671875,1432.07470703125,3278.151123046875,1493.0650634765625,3241.054443359375,1462.5698852539062,74.193359375,60.9903564453125
IMG_0038.mp4,506,16.883533333333332,29.97002997002997,184,1,traffic_lights,0.9418410658836365,766.6223754882812,1329.272216796875,821.4067993164062,1373.0123291015625,794.0145874023438,1351.1422729492188,54.784423828125,43.7401123046875
IMG_0038.mp4,506,16.883533333333332,29.97002997002997,161,2,traffic_signs,0.673170268535614,2487.342529296875,1502.3350830078125,2512.002197265625,1548.7445068359375,2499.67236328125,1525.539794921875,24.65966796875,46.409423828125
IMG_0038.mp4,506,16.883533333333332,29.97002997002997,256,1,traffic_lights,0.4610961675643921,3056.9326171875,1415.716064453125,3103.281494140625,1500.523681640625,3080.1070556640625,1458.119873046875,46.348876953125,84.8076171875
IMG_0038.mp4,506,16.883533333333332,29.97002997002997,6,1,traffic_lights,0.2619735598564148,2364.637451171875,1285.606689453125,2389.571044921875,1350.245849609375,2377.104248046875,1317.92626953125,24.93359375,64.63916015625
IMG_0038.mp4,507,16.916900000000002,29.97002997002997,2,2,traffic_signs,0.933544397354126,2513.0400390625,1360.8826904296875,2597.1455078125,1475.318359375,2555.0927734375,1418.1005249023438,84.10546875,114.4356689453125
IMG_0038.mp4,507,16.916900000000002,29.97002997002997,184,1,traffic_lights,0.9232170581817627,759.488525390625,1327.017822265625,812.998291015625,1371.33740234375,786.243408203125,1349.1776123046875,53.509765625,44.319580078125
IMG_0038.mp4,507,16.916900000000002,29.97002997002997,161,2,traffic_signs,0.696057140827179,2486.407958984375,1501.338134765625,2511.515625,1549.171142578125,2498.9617919921875,1525.254638671875,25.107666015625,47.8330078125
IMG_0038.mp4,508,16.950266666666668,29.97002997002997,2,2,traffic_signs,0.9246016144752502,2514.43505859375,1357.047119140625,2598.610595703125,1472.8668212890625,2556.5228271484375,1414.9569702148438,84.175537109375,115.8197021484375
IMG_0038.mp4,508,16.950266666666668,29.97002997002997,184,1,traffic_lights,0.9307997822761536,749.6414794921875,1324.609375,804.8719482421875,1369.035888671875,777.2567138671875,1346.8226318359375,55.23046875,44.426513671875
IMG_0038.mp4,508,16.950266666666668,29.97002997002997,161,2,traffic_signs,0.572921097278595,2484.83544921875,1499.2203369140625,2509.956298828125,1548.0318603515625,2497.3958740234375,1523.6260986328125,25.120849609375,48.8115234375
IMG_0038.mp4,509,16.983633333333334,29.97002997002997,2,2,traffic_signs,0.9226011633872986,2515.155517578125,1353.4454345703125,2600.36181640625,1470.797607421875,2557.7586669921875,1412.1215209960938,85.206298828125,117.3521728515625
IMG_0038.mp4,509,16.983633333333334,29.97002997002997,184,1,traffic_lights,0.7841594219207764,741.5172729492188,1323.210693359375,796.364990234375,1367.2034912109375,768.9411315917969,1345.2070922851562,54.84771728515625,43.9927978515625
IMG_0038.mp4,509,16.983633333333334,29.97002997002997,161,2,traffic_signs,0.6166195869445801,2483.194580078125,1497.81591796875,2508.087890625,1547.11083984375,2495.6412353515625,1522.46337890625,24.893310546875,49.294921875
IMG_0038.mp4,510,17.017,29.97002997002997,2,2,traffic_signs,0.9217921495437622,2516.729248046875,1349.999267578125,2603.48974609375,1468.76123046875,2560.1094970703125,1409.3802490234375,86.760498046875,118.761962890625
IMG_0038.mp4,510,17.017,29.97002997002997,184,1,traffic_lights,0.8566436171531677,730.3792724609375,1319.5029296875,785.6563110351562,1365.5948486328125,758.0177917480469,1342.5488891601562,55.27703857421875,46.0919189453125
IMG_0038.mp4,510,17.017,29.97002997002997,161,2,traffic_signs,0.7559269070625305,2481.16845703125,1495.1046142578125,2506.54296875,1545.4732666015625,2493.855712890625,1520.2889404296875,25.37451171875,50.36865234375
IMG_0038.mp4,511,17.050366666666665,29.97002997002997,2,2,traffic_signs,0.9317076802253723,2518.1259765625,1348.272705078125,2605.593017578125,1467.474365234375,2561.8594970703125,1407.87353515625,87.467041015625,119.20166015625
IMG_0038.mp4,511,17.050366666666665,29.97002997002997,184,1,traffic_lights,0.9270962476730347,720.1207275390625,1317.1046142578125,777.269287109375,1363.6248779296875,748.6950073242188,1340.36474609375,57.1485595703125,46.520263671875
IMG_0038.mp4,511,17.050366666666665,29.97002997002997,161,2,traffic_signs,0.718754231929779,2479.601806640625,1493.173583984375,2505.547607421875,1544.80712890625,2492.57470703125,1518.9903564453125,25.94580078125,51.633544921875
IMG_0038.mp4,511,17.050366666666665,29.97002997002997,240,1,traffic_lights,0.3432525098323822,2268.3408203125,1547.724609375,2287.1279296875,1592.7137451171875,2277.734375,1570.2191772460938,18.787109375,44.9891357421875
IMG_0038.mp4,512,17.083733333333335,29.97002997002997,2,2,traffic_signs,0.929233193397522,2519.109619140625,1343.552734375,2608.055419921875,1464.67041015625,2563.58251953125,1404.111572265625,88.94580078125,121.11767578125
IMG_0038.mp4,512,17.083733333333335,29.97002997002997,184,1,traffic_lights,0.8943906426429749,708.75390625,1314.31201171875,765.8916015625,1360.8043212890625,737.32275390625,1337.5581665039062,57.1376953125,46.4923095703125
IMG_0038.mp4,512,17.083733333333335,29.97002997002997,161,2,traffic_signs,0.6942912936210632,2476.658203125,1491.3492431640625,2502.76806640625,1544.13427734375,2489.713134765625,1517.7417602539062,26.10986328125,52.7850341796875
IMG_0038.mp4,512,17.083733333333335,29.97002997002997,240,1,traffic_lights,0.33692413568496704,2265.078857421875,1549.0343017578125,2282.923828125,1590.766845703125,2274.0013427734375,1569.9005737304688,17.844970703125,41.7325439453125
IMG_0038.mp4,513,17.1171,29.97002997002997,2,2,traffic_signs,0.9332799911499023,2519.82373046875,1340.2813720703125,2610.07958984375,1461.3043212890625,2564.95166015625,1400.7928466796875,90.255859375,121.02294921875
IMG_0038.mp4,513,17.1171,29.97002997002997,184,1,traffic_lights,0.9334964156150818,696.483154296875,1311.7972412109375,755.6160888671875,1358.9669189453125,726.0496215820312,1335.382080078125,59.1329345703125,47.169677734375
IMG_0038.mp4,513,17.1171,29.97002997002997,161,2,traffic_signs,0.6103391647338867,2473.5810546875,1489.6534423828125,2498.628173828125,1543.1844482421875,2486.1046142578125,1516.4189453125,25.047119140625,53.531005859375
IMG_0038.mp4,513,17.1171,29.97002997002997,244,1,traffic_lights,0.46929579973220825,2262.743896484375,1557.5399169921875,2280.96484375,1591.346923828125,2271.8543701171875,1574.4434204101562,18.220947265625,33.8070068359375
IMG_0038.mp4,514,17.150466666666667,29.97002997002997,2,2,traffic_signs,0.9333518743515015,2519.93017578125,1336.7696533203125,2612.40478515625,1457.7642822265625,2566.16748046875,1397.2669677734375,92.474609375,120.99462890625
IMG_0038.mp4,514,17.150466666666667,29.97002997002997,184,1,traffic_lights,0.7410832047462463,687.7210083007812,1310.9232177734375,745.9415283203125,1356.35888671875,716.8312683105469,1333.6410522460938,58.22052001953125,45.4356689453125
IMG_0038.mp4,514,17.150466666666667,29.97002997002997,161,2,traffic_signs,0.7459182143211365,2469.859619140625,1488.32861328125,2494.55810546875,1542.323974609375,2482.2088623046875,1515.3262939453125,24.698486328125,53.995361328125
IMG_0038.mp4,514,17.150466666666667,29.97002997002997,244,1,traffic_lights,0.32712429761886597,2258.316162109375,1556.999267578125,2275.986328125,1590.841064453125,2267.1512451171875,1573.920166015625,17.670166015625,33.841796875
IMG_0038.mp4,514,17.150466666666667,29.97002997002997,6,1,traffic_lights,0.28706514835357666,2341.806884765625,1268.370361328125,2366.6806640625,1335.1668701171875,2354.2437744140625,1301.7686157226562,24.873779296875,66.7965087890625
IMG_0038.mp4,515,17.183833333333332,29.97002997002997,2,2,traffic_signs,0.9360842704772949,2519.619384765625,1332.73193359375,2615.524658203125,1454.5264892578125,2567.572021484375,1393.6292114257812,95.9052734375,121.7945556640625
IMG_0038.mp4,515,17.183833333333332,29.97002997002997,184,1,traffic_lights,0.9251810312271118,675.1168823242188,1308.797607421875,733.4952392578125,1354.993896484375,704.3060607910156,1331.895751953125,58.37835693359375,46.1962890625
IMG_0038.mp4,516,17.217200000000002,29.97002997002997,2,2,traffic_signs,0.9303464889526367,2517.21484375,1330.6986083984375,2614.84326171875,1437.928955078125,2566.029052734375,1384.3137817382812,97.62841796875,107.2303466796875
IMG_0038.mp4,516,17.217200000000002,29.97002997002997,184,1,traffic_lights,0.9232662916183472,662.5611572265625,1306.247314453125,720.8463745117188,1352.859130859375,691.7037658691406,1329.55322265625,58.28521728515625,46.61181640625
IMG_0038.mp4,516,17.217200000000002,29.97002997002997,262,2,traffic_signs,0.83651202917099,3687.3037109375,862.84375,3839.332763671875,1157.4888916015625,3763.3182373046875,1010.1663208007812,152.029052734375,294.6451416015625
IMG_0038.mp4,516,17.217200000000002,29.97002997002997,6,1,traffic_lights,0.3808855414390564,2329.74951171875,1269.5750732421875,2361.955810546875,1330.6878662109375,2345.8526611328125,1300.1314697265625,32.206298828125,61.11279296875
IMG_0038.mp4,517,17.250566666666668,29.97002997002997,2,2,traffic_signs,0.9005944132804871,2526.226806640625,1327.424560546875,2623.220703125,1443.2218017578125,2574.7237548828125,1385.3231811523438,96.993896484375,115.7972412109375
IMG_0038.mp4,517,17.250566666666668,29.97002997002997,184,1,traffic_lights,0.9206765294075012,647.6224975585938,1301.794189453125,708.800537109375,1349.682373046875,678.2115173339844,1325.73828125,61.17803955078125,47.88818359375
IMG_0038.mp4,517,17.250566666666668,29.97002997002997,262,2,traffic_signs,0.6437379717826843,3729.410888671875,850.092529296875,3840.0,1142.075439453125,3784.7054443359375,996.083984375,110.589111328125,291.98291015625
IMG_0038.mp4,518,17.283933333333334,29.97002997002997,2,2,traffic_signs,0.9067467451095581,2520.115234375,1320.1168212890625,2618.875,1444.5396728515625,2569.4951171875,1382.3282470703125,98.759765625,124.4228515625
IMG_0038.mp4,518,17.283933333333334,29.97002997002997,184,1,traffic_lights,0.8396175503730774,634.42138671875,1299.6356201171875,697.569091796875,1347.9835205078125,665.9952392578125,1323.8095703125,63.147705078125,48.347900390625
IMG_0038.mp4,518,17.283933333333334,29.97002997002997,262,2,traffic_signs,0.7444947361946106,3772.19677734375,834.0256958007812,3838.70703125,1093.490966796875,3805.451904296875,963.7583312988281,66.51025390625,259.46527099609375
IMG_0038.mp4,518,17.283933333333334,29.97002997002997,270,2,traffic_signs,0.6270209550857544,2457.21142578125,1485.5494384765625,2481.61279296875,1537.371826171875,2469.412109375,1511.4606323242188,24.4013671875,51.8223876953125
IMG_0038.mp4,519,17.3173,29.97002997002997,2,2,traffic_signs,0.7913397550582886,2517.12109375,1314.54541015625,2616.827392578125,1442.7183837890625,2566.9742431640625,1378.6318969726562,99.706298828125,128.1729736328125
IMG_0038.mp4,519,17.3173,29.97002997002997,184,1,traffic_lights,0.9428654313087463,622.4287719726562,1297.06884765625,685.0820922851562,1344.9276123046875,653.7554321289062,1320.9982299804688,62.6533203125,47.8587646484375
IMG_0038.mp4,519,17.3173,29.97002997002997,270,2,traffic_signs,0.6323921084403992,2452.15673828125,1482.18603515625,2477.4462890625,1534.2882080078125,2464.801513671875,1508.2371215820312,25.28955078125,52.1021728515625
IMG_0038.mp4,520,17.350666666666665,29.97002997002997,2,2,traffic_signs,0.815287172794342,2517.658447265625,1311.11767578125,2617.47412109375,1440.5140380859375,2567.5662841796875,1375.8158569335938,99.815673828125,129.3963623046875
IMG_0038.mp4,520,17.350666666666665,29.97002997002997,184,1,traffic_lights,0.8577739596366882,607.43994140625,1294.8128662109375,669.7035522460938,1343.79150390625,638.5717468261719,1319.3021850585938,62.26361083984375,48.9786376953125
IMG_0038.mp4,520,17.350666666666665,29.97002997002997,270,2,traffic_signs,0.6774367094039917,2447.49853515625,1481.1593017578125,2472.95654296875,1532.5665283203125,2460.2275390625,1506.8629150390625,25.4580078125,51.4072265625
IMG_0038.mp4,521,17.384033333333335,29.97002997002997,2,2,traffic_signs,0.927158534526825,2517.235107421875,1305.3192138671875,2618.220458984375,1436.7239990234375,2567.727783203125,1371.0216064453125,100.9853515625,131.40478515625
IMG_0038.mp4,521,17.384033333333335,29.97002997002997,184,1,traffic_lights,0.8701438903808594,591.5718994140625,1290.8746337890625,652.5962524414062,1340.7071533203125,622.0840759277344,1315.7908935546875,61.02435302734375,49.83251953125
IMG_0038.mp4,521,17.384033333333335,29.97002997002997,270,2,traffic_signs,0.5522602796554565,2442.212890625,1478.740478515625,2468.634033203125,1532.586181640625,2455.4234619140625,1505.663330078125,26.421142578125,53.845703125
IMG_0038.mp4,522,17.4174,29.97002997002997,184,1,traffic_lights,0.9412733316421509,573.5264892578125,1287.43896484375,636.5494384765625,1337.18408203125,605.0379638671875,1312.3115234375,63.02294921875,49.7451171875
IMG_0038.mp4,523,17.450766666666667,29.97002997002997,184,1,traffic_lights,0.8547650575637817,558.8974609375,1285.942138671875,623.4263305664062,1335.0283203125,591.1618957519531,1310.4852294921875,64.52886962890625,49.086181640625
IMG_0038.mp4,523,17.450766666666667,29.97002997002997,2,2,traffic_signs,0.9124093651771545,2513.5478515625,1294.8826904296875,2615.74609375,1430.5162353515625,2564.64697265625,1362.699462890625,102.1982421875,135.633544921875
IMG_0038.mp4,523,17.450766666666667,29.97002997002997,270,2,traffic_signs,0.8788419365882874,2430.905517578125,1474.4677734375,2459.048828125,1531.0650634765625,2444.9771728515625,1502.7664184570312,28.143310546875,56.5972900390625
IMG_0038.mp4,524,17.484133333333332,29.97002997002997,184,1,traffic_lights,0.47525450587272644,544.5440673828125,1283.3402099609375,610.4580078125,1333.3333740234375,577.5010375976562,1308.3367919921875,65.9139404296875,49.9931640625
IMG_0038.mp4,524,17.484133333333332,29.97002997002997,2,2,traffic_signs,0.8485411405563354,2511.139404296875,1291.4581298828125,2614.78466796875,1425.92138671875,2562.9620361328125,1358.6897583007812,103.645263671875,134.4632568359375
IMG_0038.mp4,524,17.484133333333332,29.97002997002997,270,2,traffic_signs,0.8113685250282288,2424.7314453125,1473.34716796875,2452.9365234375,1528.9842529296875,2438.833984375,1501.1657104492188,28.205078125,55.6370849609375
IMG_0038.mp4,525,17.517500000000002,29.97002997002997,184,1,traffic_lights,0.9174312353134155,524.8065185546875,1279.8907470703125,591.0557861328125,1330.0279541015625,557.93115234375,1304.9593505859375,66.249267578125,50.13720703125
IMG_0038.mp4,525,17.517500000000002,29.97002997002997,2,2,traffic_signs,0.8793425559997559,2509.44580078125,1288.245849609375,2613.15234375,1423.867919921875,2561.299072265625,1356.056884765625,103.70654296875,135.6220703125
IMG_0038.mp4,525,17.517500000000002,29.97002997002997,270,2,traffic_signs,0.8412269949913025,2417.640869140625,1471.8045654296875,2447.17822265625,1528.687255859375,2432.4095458984375,1500.2459106445312,29.537353515625,56.8826904296875
IMG_0038.mp4,525,17.517500000000002,29.97002997002997,281,1,traffic_lights,0.46680504083633423,2191.284912109375,1520.2008056640625,2213.2421875,1577.3990478515625,2202.2635498046875,1548.7999267578125,21.957275390625,57.1982421875
IMG_0038.mp4,526,17.550866666666668,29.97002997002997,184,1,traffic_lights,0.7781031131744385,506.7314453125,1276.2159423828125,574.4443969726562,1326.565185546875,540.5879211425781,1301.3905639648438,67.71295166015625,50.3492431640625
IMG_0038.mp4,526,17.550866666666668,29.97002997002997,2,2,traffic_signs,0.8923017382621765,2505.55615234375,1283.7054443359375,2610.70947265625,1421.7017822265625,2558.1328125,1352.70361328125,105.1533203125,137.996337890625
IMG_0038.mp4,526,17.550866666666668,29.97002997002997,270,2,traffic_signs,0.8583143353462219,2410.5537109375,1469.78369140625,2440.09130859375,1528.4202880859375,2425.322509765625,1499.1019897460938,29.53759765625,58.6365966796875
IMG_0038.mp4,526,17.550866666666668,29.97002997002997,281,1,traffic_lights,0.49863314628601074,2185.064453125,1521.2418212890625,2206.890380859375,1575.637939453125,2195.9774169921875,1548.4398803710938,21.825927734375,54.3961181640625
IMG_0038.mp4,527,17.584233333333334,29.97002997002997,184,1,traffic_lights,0.7889996767044067,492.9643859863281,1274.621826171875,561.4974975585938,1324.5855712890625,527.2309417724609,1299.6036987304688,68.53311157226562,49.9637451171875
IMG_0038.mp4,527,17.584233333333334,29.97002997002997,2,2,traffic_signs,0.912680983543396,2502.3798828125,1279.1131591796875,2608.655517578125,1417.583984375,2555.5177001953125,1348.3485717773438,106.275634765625,138.4708251953125
IMG_0038.mp4,527,17.584233333333334,29.97002997002997,270,2,traffic_signs,0.8762738108634949,2404.943603515625,1468.4649658203125,2434.640869140625,1527.9122314453125,2419.792236328125,1498.1885986328125,29.697265625,59.447265625
IMG_0038.mp4,528,17.6176,29.97002997002997,184,1,traffic_lights,0.6429394483566284,471.2863464355469,1268.281494140625,540.4526977539062,1319.7197265625,505.86952209472656,1294.0006103515625,69.16635131835938,51.438232421875
IMG_0038.mp4,528,17.6176,29.97002997002997,2,2,traffic_signs,0.9174807071685791,2499.21533203125,1273.9454345703125,2606.7734375,1413.526123046875,2552.994384765625,1343.7357788085938,107.55810546875,139.5806884765625
IMG_0038.mp4,528,17.6176,29.97002997002997,270,2,traffic_signs,0.8734164834022522,2397.81298828125,1466.895263671875,2428.136474609375,1526.46923828125,2412.9747314453125,1496.6822509765625,30.323486328125,59.573974609375
IMG_0038.mp4,528,17.6176,29.97002997002997,281,1,traffic_lights,0.5495893955230713,2167.870849609375,1522.2015380859375,2189.3486328125,1576.614013671875,2178.6097412109375,1549.4077758789062,21.477783203125,54.4124755859375
IMG_0038.mp4,529,17.650966666666665,29.97002997002997,184,1,traffic_lights,0.6961157321929932,450.72271728515625,1263.9339599609375,521.0323486328125,1316.0445556640625,485.8775329589844,1289.9892578125,70.30963134765625,52.110595703125
IMG_0038.mp4,529,17.650966666666665,29.97002997002997,2,2,traffic_signs,0.8872665166854858,2494.402587890625,1269.0584716796875,2603.608154296875,1410.07568359375,2549.00537109375,1339.5670776367188,109.20556640625,141.0172119140625
IMG_0038.mp4,529,17.650966666666665,29.97002997002997,270,2,traffic_signs,0.8642526268959045,2390.267578125,1466.4483642578125,2420.121337890625,1524.705078125,2405.1944580078125,1495.5767211914062,29.853759765625,58.2567138671875
IMG_0038.mp4,529,17.650966666666665,29.97002997002997,281,1,traffic_lights,0.35575827956199646,2160.4296875,1526.905517578125,2180.585693359375,1576.3685302734375,2170.5076904296875,1551.6370239257812,20.156005859375,49.4630126953125
IMG_0038.mp4,530,17.684333333333335,29.97002997002997,2,2,traffic_signs,0.856289267539978,2490.585205078125,1265.9678955078125,2601.6962890625,1405.745849609375,2546.1407470703125,1335.8568725585938,111.111083984375,139.7779541015625
IMG_0038.mp4,530,17.684333333333335,29.97002997002997,270,2,traffic_signs,0.8833755254745483,2383.332763671875,1465.425048828125,2413.31494140625,1524.096435546875,2398.3238525390625,1494.7607421875,29.982177734375,58.67138671875
IMG_0038.mp4,530,17.684333333333335,29.97002997002997,281,1,traffic_lights,0.36141976714134216,2153.424560546875,1524.1346435546875,2173.095458984375,1575.6820068359375,2163.260009765625,1549.9083251953125,19.6708984375,51.54736328125
IMG_0038.mp4,531,17.7177,29.97002997002997,2,2,traffic_signs,0.5499500632286072,2487.8486328125,1259.255615234375,2598.98974609375,1403.9166259765625,2543.419189453125,1331.5861206054688,111.14111328125,144.6610107421875
IMG_0038.mp4,531,17.7177,29.97002997002997,270,2,traffic_signs,0.8613312244415283,2375.484619140625,1463.5631103515625,2405.38330078125,1522.9664306640625,2390.4339599609375,1493.2647705078125,29.898681640625,59.4033203125
IMG_0038.mp4,531,17.7177,29.97002997002997,281,1,traffic_lights,0.46188420057296753,2144.11083984375,1528.183349609375,2164.19140625,1575.179931640625,2154.151123046875,1551.681640625,20.08056640625,46.99658203125
IMG_0038.mp4,532,17.751066666666667,29.97002997002997,2,2,traffic_signs,0.6190420389175415,2483.63818359375,1254.6805419921875,2596.025146484375,1400.3787841796875,2539.8316650390625,1327.5296630859375,112.386962890625,145.6982421875
IMG_0038.mp4,532,17.751066666666667,29.97002997002997,270,2,traffic_signs,0.8502164483070374,2367.238037109375,1462.706787109375,2396.007080078125,1521.2523193359375,2381.62255859375,1491.9795532226562,28.76904296875,58.5455322265625
IMG_0038.mp4,533,17.784433333333332,29.97002997002997,2,2,traffic_signs,0.8310760855674744,2476.368896484375,1249.873046875,2591.868896484375,1395.972412109375,2534.118896484375,1322.9227294921875,115.5,146.099365234375
IMG_0038.mp4,533,17.784433333333332,29.97002997002997,270,2,traffic_signs,0.7595490217208862,2357.819580078125,1459.547119140625,2387.4423828125,1520.205322265625,2372.6309814453125,1489.876220703125,29.622802734375,60.658203125
IMG_0038.mp4,533,17.784433333333332,29.97002997002997,184,1,traffic_lights,0.8388751745223999,363.5763854980469,1251.244140625,437.4916076660156,1303.99951171875,400.53399658203125,1277.621826171875,73.91522216796875,52.75537109375
IMG_0038.mp4,533,17.784433333333332,29.97002997002997,281,1,traffic_lights,0.30586495995521545,2122.69677734375,1530.0380859375,2142.046630859375,1574.0540771484375,2132.3717041015625,1552.0460815429688,19.349853515625,44.0159912109375
IMG_0038.mp4,534,17.817800000000002,29.97002997002997,2,2,traffic_signs,0.8515705466270447,2470.252197265625,1247.0909423828125,2587.60546875,1392.9306640625,2528.9288330078125,1320.0108032226562,117.353271484375,145.8397216796875
IMG_0038.mp4,534,17.817800000000002,29.97002997002997,270,2,traffic_signs,0.8676984310150146,2348.172119140625,1459.3516845703125,2378.22509765625,1519.0284423828125,2363.1986083984375,1489.1900634765625,30.052978515625,59.6767578125
IMG_0038.mp4,534,17.817800000000002,29.97002997002997,184,1,traffic_lights,0.35702067613601685,340.2668762207031,1247.48046875,416.8564147949219,1301.3363037109375,378.5616455078125,1274.4083862304688,76.58953857421875,53.8558349609375
IMG_0038.mp4,534,17.817800000000002,29.97002997002997,281,1,traffic_lights,0.3876335322856903,2114.37109375,1529.81396484375,2134.3115234375,1572.1656494140625,2124.34130859375,1550.9898071289062,19.9404296875,42.3516845703125
IMG_0038.mp4,535,17.851166666666668,29.97002997002997,2,2,traffic_signs,0.5911466479301453,2464.01220703125,1245.0545654296875,2581.716064453125,1391.191162109375,2522.8641357421875,1318.1228637695312,117.703857421875,146.1365966796875
IMG_0038.mp4,535,17.851166666666668,29.97002997002997,270,2,traffic_signs,0.8715303540229797,2339.139892578125,1460.0633544921875,2369.40771484375,1518.0948486328125,2354.2738037109375,1489.0791015625,30.267822265625,58.031494140625
IMG_0038.mp4,535,17.851166666666668,29.97002997002997,184,1,traffic_lights,0.5421605110168457,324.1719055175781,1243.14697265625,402.3808898925781,1300.1854248046875,363.2763977050781,1271.6661987304688,78.208984375,57.0384521484375
IMG_0038.mp4,536,17.884533333333334,29.97002997002997,2,2,traffic_signs,0.35664093494415283,2458.2724609375,1237.4349365234375,2574.176025390625,1388.4674072265625,2516.2242431640625,1312.951171875,115.903564453125,151.032470703125
IMG_0038.mp4,536,17.884533333333334,29.97002997002997,270,2,traffic_signs,0.85979163646698,2328.210693359375,1458.5306396484375,2358.681396484375,1516.5040283203125,2343.446044921875,1487.517333984375,30.470703125,57.973388671875
IMG_0038.mp4,536,17.884533333333334,29.97002997002997,281,1,traffic_lights,0.5206905603408813,2093.692626953125,1538.71142578125,2113.02587890625,1569.810791015625,2103.3592529296875,1554.2611083984375,19.333251953125,31.099365234375
IMG_0038.mp4,537,17.9179,29.97002997002997,281,1,traffic_lights,0.43796947598457336,2083.319091796875,1538.2215576171875,2102.94580078125,1569.9080810546875,2093.1324462890625,1554.0648193359375,19.626708984375,31.6865234375
IMG_0038.mp4,538,17.951266666666665,29.97002997002997,281,1,traffic_lights,0.30167916417121887,2070.2734375,1535.9158935546875,2089.1416015625,1567.3792724609375,2079.70751953125,1551.6475830078125,18.8681640625,31.46337890625
IMG_0038.mp4,538,17.951266666666665,29.97002997002997,2,2,traffic_signs,0.5995389223098755,2441.276611328125,1231.058837890625,2561.280517578125,1381.0728759765625,2501.278564453125,1306.0658569335938,120.00390625,150.0140380859375
IMG_0038.mp4,538,17.951266666666665,29.97002997002997,270,2,traffic_signs,0.8816825151443481,2307.48486328125,1455.3472900390625,2338.384521484375,1513.5042724609375,2322.9346923828125,1484.42578125,30.899658203125,58.156982421875
IMG_0038.mp4,539,17.984633333333335,29.97002997002997,281,1,traffic_lights,0.318599134683609,2059.124267578125,1533.157958984375,2077.18505859375,1566.6290283203125,2068.1546630859375,1549.8934936523438,18.060791015625,33.4710693359375
IMG_0038.mp4,539,17.984633333333335,29.97002997002997,293,1,traffic_lights,0.5027909278869629,2161.03125,1218.10595703125,2187.97265625,1286.548583984375,2174.501953125,1252.3272705078125,26.94140625,68.442626953125
IMG_0038.mp4,539,17.984633333333335,29.97002997002997,2,2,traffic_signs,0.960453987121582,2432.068359375,1222.8218994140625,2553.38671875,1375.67724609375,2492.7275390625,1299.2495727539062,121.318359375,152.8553466796875
IMG_0038.mp4,539,17.984633333333335,29.97002997002997,270,2,traffic_signs,0.8702581524848938,2296.6328125,1453.4716796875,2327.63916015625,1510.9744873046875,2312.135986328125,1482.2230834960938,31.00634765625,57.5028076171875
IMG_0038.mp4,539,17.984633333333335,29.97002997002997,184,1,traffic_lights,0.4865840673446655,218.5028839111328,1225.9456787109375,301.15814208984375,1281.8197021484375,259.8305130004883,1253.8826904296875,82.65525817871094,55.8740234375
IMG_0038.mp4,540,18.018,29.97002997002997,281,1,traffic_lights,0.6057302355766296,2047.5909423828125,1532.5294189453125,2066.125244140625,1566.3924560546875,2056.8580932617188,1549.4609375,18.5343017578125,33.863037109375
IMG_0038.mp4,540,18.018,29.97002997002997,293,1,traffic_lights,0.3600156009197235,2150.63134765625,1216.9603271484375,2177.3466796875,1284.0093994140625,2163.989013671875,1250.48486328125,26.71533203125,67.049072265625
IMG_0038.mp4,540,18.018,29.97002997002997,2,2,traffic_signs,0.9560861587524414,2425.6728515625,1215.010986328125,2546.688720703125,1371.71044921875,2486.1807861328125,1293.3607177734375,121.015869140625,156.699462890625
IMG_0038.mp4,540,18.018,29.97002997002997,270,2,traffic_signs,0.8753015995025635,2286.2294921875,1451.6312255859375,2316.765869140625,1509.5618896484375,2301.4976806640625,1480.5965576171875,30.536376953125,57.9306640625
IMG_0038.mp4,540,18.018,29.97002997002997,184,1,traffic_lights,0.28087979555130005,188.04490661621094,1220.7362060546875,271.5266418457031,1276.6021728515625,229.78577423095703,1248.669189453125,83.48173522949219,55.865966796875
IMG_0038.mp4,541,18.051366666666667,29.97002997002997,281,1,traffic_lights,0.46478700637817383,2035.4422607421875,1529.519287109375,2053.78759765625,1564.0052490234375,2044.6149291992188,1546.7622680664062,18.3453369140625,34.4859619140625
IMG_0038.mp4,541,18.051366666666667,29.97002997002997,293,1,traffic_lights,0.44056472182273865,2138.223876953125,1213.2955322265625,2165.149169921875,1281.5111083984375,2151.6865234375,1247.4033203125,26.92529296875,68.215576171875
IMG_0038.mp4,541,18.051366666666667,29.97002997002997,2,2,traffic_signs,0.9430320858955383,2417.042724609375,1213.758056640625,2539.065185546875,1368.75537109375,2478.053955078125,1291.2567138671875,122.0224609375,154.997314453125
IMG_0038.mp4,541,18.051366666666667,29.97002997002997,270,2,traffic_signs,0.8563546538352966,2273.96728515625,1450.873779296875,2305.3291015625,1508.056640625,2289.648193359375,1479.4652099609375,31.36181640625,57.182861328125
IMG_0038.mp4,541,18.051366666666667,29.97002997002997,184,1,traffic_lights,0.8231139779090881,158.271484375,1214.42578125,242.28492736816406,1272.7041015625,200.27820587158203,1243.56494140625,84.01344299316406,58.2783203125
IMG_0038.mp4,542,18.084733333333332,29.97002997002997,281,1,traffic_lights,0.36891067028045654,2021.546630859375,1528.1724853515625,2040.3470458984375,1563.803955078125,2030.9468383789062,1545.9882202148438,18.8004150390625,35.6314697265625
IMG_0038.mp4,542,18.084733333333332,29.97002997002997,293,1,traffic_lights,0.28735506534576416,2126.075927734375,1211.8765869140625,2152.5703125,1280.761474609375,2139.3231201171875,1246.3190307617188,26.494384765625,68.8848876953125
IMG_0038.mp4,542,18.084733333333332,29.97002997002997,2,2,traffic_signs,0.9324409365653992,2405.515380859375,1210.262939453125,2529.746337890625,1365.7850341796875,2467.630859375,1288.0239868164062,124.23095703125,155.5220947265625
IMG_0038.mp4,542,18.084733333333332,29.97002997002997,270,2,traffic_signs,0.8730080127716064,2261.072021484375,1449.0584716796875,2292.224609375,1507.6375732421875,2276.6483154296875,1478.3480224609375,31.152587890625,58.5791015625
IMG_0038.mp4,543,18.118100000000002,29.97002997002997,293,1,traffic_lights,0.5015785694122314,2113.25830078125,1210.531005859375,2140.711181640625,1278.1839599609375,2126.9847412109375,1244.3574829101562,27.452880859375,67.6529541015625
IMG_0038.mp4,543,18.118100000000002,29.97002997002997,2,2,traffic_signs,0.9526800513267517,2392.513671875,1207.01123046875,2519.1630859375,1362.7449951171875,2455.83837890625,1284.8781127929688,126.6494140625,155.7337646484375
IMG_0038.mp4,543,18.118100000000002,29.97002997002997,270,2,traffic_signs,0.8410668969154358,2248.643310546875,1447.6044921875,2279.501220703125,1505.212890625,2264.072265625,1476.40869140625,30.85791015625,57.6083984375
IMG_0038.mp4,544,18.151466666666668,29.97002997002997,270,2,traffic_signs,0.8563965559005737,2235.578857421875,1449.521484375,2266.929443359375,1505.8045654296875,2251.254150390625,1477.6630249023438,31.3505859375,56.2830810546875
IMG_0038.mp4,544,18.151466666666668,29.97002997002997,184,1,traffic_lights,0.698050320148468,65.34922790527344,1199.2403564453125,155.30223083496094,1260.3134765625,110.32572937011719,1229.7769165039062,89.9530029296875,61.0731201171875
IMG_0038.mp4,544,18.151466666666668,29.97002997002997,281,1,traffic_lights,0.4424489736557007,1993.6009521484375,1531.438232421875,2015.499755859375,1562.28564453125,2004.5503540039062,1546.8619384765625,21.8988037109375,30.847412109375
IMG_0038.mp4,545,18.184833333333334,29.97002997002997,270,2,traffic_signs,0.7960134148597717,2221.37939453125,1444.88232421875,2252.729736328125,1502.7603759765625,2237.0545654296875,1473.8213500976562,31.350341796875,57.8780517578125
IMG_0038.mp4,545,18.184833333333334,29.97002997002997,184,1,traffic_lights,0.8701879978179932,28.671836853027344,1194.7691650390625,121.96572875976562,1254.7547607421875,75.31878280639648,1224.761962890625,93.29389190673828,59.985595703125
IMG_0038.mp4,545,18.184833333333334,29.97002997002997,2,2,traffic_signs,0.9323639273643494,2366.337646484375,1192.365234375,2499.2734375,1351.43017578125,2432.8055419921875,1271.897705078125,132.935791015625,159.06494140625
IMG_0038.mp4,546,18.2182,29.97002997002997,270,2,traffic_signs,0.8627979159355164,2209.18310546875,1442.19580078125,2240.359619140625,1501.9132080078125,2224.7713623046875,1472.0545043945312,31.176513671875,59.7174072265625
IMG_0038.mp4,546,18.2182,29.97002997002997,184,1,traffic_lights,0.5576533675193787,0.0,1188.336669921875,90.52549743652344,1249.820068359375,45.26274871826172,1219.078369140625,90.52549743652344,61.4833984375
IMG_0038.mp4,546,18.2182,29.97002997002997,2,2,traffic_signs,0.8320435881614685,2353.38525390625,1183.4891357421875,2489.111328125,1349.9071044921875,2421.248291015625,1266.6981201171875,135.72607421875,166.41796875
IMG_0038.mp4,546,18.2182,29.97002997002997,293,1,traffic_lights,0.47975125908851624,2076.166259765625,1203.4205322265625,2102.854248046875,1274.783447265625,2089.51025390625,1239.1019897460938,26.68798828125,71.3629150390625
IMG_0038.mp4,546,18.2182,29.97002997002997,281,1,traffic_lights,0.3663807511329651,1965.820068359375,1526.8043212890625,1984.7042236328125,1560.0009765625,1975.2621459960938,1543.4026489257812,18.8841552734375,33.1966552734375
IMG_0038.mp4,547,18.251566666666665,29.97002997002997,270,2,traffic_signs,0.8596519231796265,2194.608642578125,1441.04541015625,2225.557861328125,1501.24462890625,2210.083251953125,1471.14501953125,30.94921875,60.19921875
IMG_0038.mp4,547,18.251566666666665,29.97002997002997,184,1,traffic_lights,0.8812281489372253,0.0,1184.0802001953125,59.78815460205078,1245.873291015625,29.89407730102539,1214.9767456054688,59.78815460205078,61.7930908203125
IMG_0038.mp4,547,18.251566666666665,29.97002997002997,2,2,traffic_signs,0.694555401802063,2341.383056640625,1174.5799560546875,2476.614501953125,1348.1165771484375,2408.998779296875,1261.3482666015625,135.2314453125,173.53662109375
IMG_0038.mp4,547,18.251566666666665,29.97002997002997,281,1,traffic_lights,0.4156546890735626,1952.0595703125,1527.5350341796875,1970.0540771484375,1560.8953857421875,1961.0568237304688,1544.2152099609375,17.9945068359375,33.3603515625
IMG_0038.mp4,548,18.284933333333335,29.97002997002997,270,2,traffic_signs,0.8424755930900574,2180.62060546875,1439.9296875,2211.40283203125,1500.0072021484375,2196.01171875,1469.9684448242188,30.7822265625,60.0775146484375
IMG_0038.mp4,548,18.284933333333335,29.97002997002997,2,2,traffic_signs,0.9407386779785156,2331.0703125,1168.108154296875,2463.67822265625,1344.8001708984375,2397.374267578125,1256.4541625976562,132.60791015625,176.6920166015625
IMG_0038.mp4,548,18.284933333333335,29.97002997002997,281,1,traffic_lights,0.44605308771133423,1937.8914794921875,1525.5872802734375,1956.1214599609375,1559.2861328125,1947.0064697265625,1542.4367065429688,18.22998046875,33.6988525390625
IMG_0038.mp4,548,18.284933333333335,29.97002997002997,293,1,traffic_lights,0.4593368470668793,2048.57373046875,1200.37353515625,2075.96923828125,1271.105712890625,2062.271484375,1235.7396240234375,27.3955078125,70.732177734375
IMG_0038.mp4,549,18.3183,29.97002997002997,270,2,traffic_signs,0.863585352897644,2166.78466796875,1438.25244140625,2197.096435546875,1498.4703369140625,2181.9405517578125,1468.3613891601562,30.311767578125,60.2178955078125
IMG_0038.mp4,549,18.3183,29.97002997002997,2,2,traffic_signs,0.9465953707695007,2319.866455078125,1162.2938232421875,2451.9541015625,1340.8782958984375,2385.9102783203125,1251.5860595703125,132.087646484375,178.58447265625
IMG_0038.mp4,549,18.3183,29.97002997002997,293,1,traffic_lights,0.5554714798927307,2034.48486328125,1198.07763671875,2061.39013671875,1268.7457275390625,2047.9375,1233.4116821289062,26.9052734375,70.6680908203125
IMG_0038.mp4,550,18.351666666666667,29.97002997002997,270,2,traffic_signs,0.8321768641471863,2151.75,1437.96923828125,2181.86767578125,1496.725830078125,2166.808837890625,1467.3475341796875,30.11767578125,58.756591796875
IMG_0038.mp4,550,18.351666666666667,29.97002997002997,2,2,traffic_signs,0.9373796582221985,2306.387939453125,1159.310546875,2443.729736328125,1338.203857421875,2375.058837890625,1248.7572021484375,137.341796875,178.893310546875
IMG_0038.mp4,551,18.385033333333332,29.97002997002997,270,2,traffic_signs,0.8140243291854858,2137.2724609375,1435.759765625,2167.01611328125,1496.2847900390625,2152.144287109375,1466.0222778320312,29.74365234375,60.5250244140625
IMG_0038.mp4,551,18.385033333333332,29.97002997002997,2,2,traffic_signs,0.920497715473175,2291.71337890625,1154.261474609375,2429.110107421875,1333.60302734375,2360.4117431640625,1243.9322509765625,137.396728515625,179.341552734375
IMG_0038.mp4,551,18.385033333333332,29.97002997002997,300,1,traffic_lights,0.42822685837745667,1893.7130126953125,1502.439697265625,1915.0458984375,1555.4990234375,1904.3794555664062,1528.9693603515625,21.3328857421875,53.059326171875
IMG_0038.mp4,552,18.418400000000002,29.97002997002997,270,2,traffic_signs,0.8468243479728699,2122.645751953125,1434.9107666015625,2151.732177734375,1494.915771484375,2137.18896484375,1464.9132690429688,29.08642578125,60.0050048828125
IMG_0038.mp4,552,18.418400000000002,29.97002997002997,2,2,traffic_signs,0.9016255736351013,2279.056396484375,1151.6361083984375,2414.473388671875,1328.3980712890625,2346.764892578125,1240.01708984375,135.4169921875,176.761962890625
IMG_0038.mp4,552,18.418400000000002,29.97002997002997,300,1,traffic_lights,0.6472289562225342,1876.3043212890625,1495.1253662109375,1900.97314453125,1553.2745361328125,1888.6387329101562,1524.199951171875,24.6688232421875,58.149169921875
IMG_0038.mp4,552,18.418400000000002,29.97002997002997,303,1,traffic_lights,0.6466282606124878,2979.47900390625,1320.7012939453125,3032.905517578125,1395.2384033203125,3006.1922607421875,1357.9698486328125,53.426513671875,74.537109375
IMG_0038.mp4,553,18.451766666666668,29.97002997002997,270,2,traffic_signs,0.6444820761680603,2107.709716796875,1433.7509765625,2137.0126953125,1494.1580810546875,2122.3612060546875,1463.9545288085938,29.302978515625,60.4071044921875
IMG_0038.mp4,553,18.451766666666668,29.97002997002997,2,2,traffic_signs,0.9330691695213318,2270.371826171875,1142.6964111328125,2401.9697265625,1323.37646484375,2336.1707763671875,1233.0364379882812,131.597900390625,180.6800537109375
IMG_0038.mp4,553,18.451766666666668,29.97002997002997,300,1,traffic_lights,0.35315778851509094,1862.1595458984375,1495.4998779296875,1885.6151123046875,1553.0205078125,1873.8873291015625,1524.2601928710938,23.45556640625,57.5206298828125
IMG_0038.mp4,553,18.451766666666668,29.97002997002997,293,1,traffic_lights,0.48706626892089844,1976.759765625,1188.3297119140625,2004.4102783203125,1261.3433837890625,1990.5850219726562,1224.8365478515625,27.6505126953125,73.013671875
IMG_0038.mp4,554,18.485133333333334,29.97002997002997,270,2,traffic_signs,0.8131682872772217,2093.4892578125,1432.9736328125,2122.68408203125,1495.005859375,2108.086669921875,1463.98974609375,29.19482421875,62.0322265625
IMG_0038.mp4,554,18.485133333333334,29.97002997002997,2,2,traffic_signs,0.9309114813804626,2253.326416015625,1135.198974609375,2388.882080078125,1319.7335205078125,2321.104248046875,1227.4662475585938,135.5556640625,184.5345458984375
IMG_0038.mp4,554,18.485133333333334,29.97002997002997,300,1,traffic_lights,0.5066865086555481,1845.7862548828125,1498.893798828125,1867.861328125,1554.2786865234375,1856.8237915039062,1526.5862426757812,22.0750732421875,55.3848876953125
IMG_0038.mp4,554,18.485133333333334,29.97002997002997,306,0,auth_label,0.5797350406646729,2965.1865234375,1332.5120849609375,3025.2216796875,1712.494384765625,2995.2041015625,1522.5032348632812,60.03515625,379.9822998046875
IMG_0038.mp4,554,18.485133333333334,29.97002997002997,293,1,traffic_lights,0.642947793006897,1961.756103515625,1187.5582275390625,1990.35009765625,1258.2760009765625,1976.0531005859375,1222.9171142578125,28.593994140625,70.7177734375
IMG_0038.mp4,555,18.5185,29.97002997002997,270,2,traffic_signs,0.8575233221054077,2079.063232421875,1433.1766357421875,2108.45654296875,1493.3299560546875,2093.7598876953125,1463.2532958984375,29.393310546875,60.1533203125
IMG_0038.mp4,555,18.5185,29.97002997002997,2,2,traffic_signs,0.9272129535675049,2239.435546875,1129.6201171875,2377.17578125,1316.0093994140625,2308.3056640625,1222.8147583007812,137.740234375,186.3892822265625
IMG_0038.mp4,555,18.5185,29.97002997002997,300,1,traffic_lights,0.6382840871810913,1827.8848876953125,1496.0579833984375,1852.645263671875,1553.33740234375,1840.2650756835938,1524.6976928710938,24.7603759765625,57.2794189453125
IMG_0038.mp4,555,18.5185,29.97002997002997,306,0,auth_label,0.2888743281364441,2950.0029296875,1308.3577880859375,3013.5830078125,1709.154541015625,2981.79296875,1508.7561645507812,63.580078125,400.7967529296875
IMG_0038.mp4,555,18.5185,29.97002997002997,293,1,traffic_lights,0.5518883466720581,1945.8026123046875,1185.5987548828125,1976.5946044921875,1256.531982421875,1961.1986083984375,1221.0653686523438,30.7919921875,70.9332275390625
IMG_0038.mp4,556,18.551866666666665,29.97002997002997,270,2,traffic_signs,0.8371339440345764,2062.272705078125,1432.735595703125,2091.160888671875,1493.1221923828125,2076.716796875,1462.9288940429688,28.88818359375,60.3865966796875
IMG_0038.mp4,556,18.551866666666665,29.97002997002997,2,2,traffic_signs,0.919188380241394,2225.413818359375,1125.09326171875,2364.654296875,1311.6676025390625,2295.0340576171875,1218.3804321289062,139.240478515625,186.5743408203125
IMG_0038.mp4,556,18.551866666666665,29.97002997002997,300,1,traffic_lights,0.5715606212615967,1810.700927734375,1492.877197265625,1838.265869140625,1553.2420654296875,1824.4833984375,1523.0596313476562,27.56494140625,60.3648681640625
IMG_0038.mp4,556,18.551866666666665,29.97002997002997,306,0,auth_label,0.8091312050819397,2933.2587890625,1311.634033203125,2998.437255859375,1711.701171875,2965.8480224609375,1511.6676025390625,65.178466796875,400.067138671875
IMG_0038.mp4,556,18.551866666666665,29.97002997002997,293,1,traffic_lights,0.4952682554721832,1930.6903076171875,1184.684814453125,1961.01416015625,1254.327880859375,1945.8522338867188,1219.50634765625,30.3238525390625,69.64306640625
IMG_0038.mp4,557,18.585233333333335,29.97002997002997,270,2,traffic_signs,0.824874222278595,2047.2005615234375,1431.7484130859375,2075.325439453125,1491.7037353515625,2061.2630004882812,1461.72607421875,28.1248779296875,59.955322265625
IMG_0038.mp4,557,18.585233333333335,29.97002997002997,2,2,traffic_signs,0.9090944528579712,2211.249755859375,1118.73974609375,2352.10302734375,1306.41796875,2281.6763916015625,1212.578857421875,140.853271484375,187.67822265625
IMG_0038.mp4,557,18.585233333333335,29.97002997002997,306,0,auth_label,0.8540709614753723,2916.35107421875,1314.7740478515625,2984.257568359375,1709.8780517578125,2950.3043212890625,1512.3260498046875,67.906494140625,395.10400390625
IMG_0038.mp4,558,18.6186,29.97002997002997,270,2,traffic_signs,0.8723180294036865,2029.609375,1430.568359375,2059.16064453125,1489.590087890625,2044.385009765625,1460.0792236328125,29.55126953125,59.021728515625
IMG_0038.mp4,558,18.6186,29.97002997002997,2,2,traffic_signs,0.8250949382781982,2197.19970703125,1111.7174072265625,2340.714599609375,1302.9407958984375,2268.9571533203125,1207.3291015625,143.514892578125,191.223388671875
IMG_0038.mp4,558,18.6186,29.97002997002997,306,0,auth_label,0.832015872001648,2899.166748046875,1312.009765625,2970.745849609375,1715.2454833984375,2934.956298828125,1513.6276245117188,71.5791015625,403.2357177734375
IMG_0038.mp4,559,18.651966666666667,29.97002997002997,270,2,traffic_signs,0.8674529194831848,2014.01904296875,1428.747802734375,2043.7371826171875,1489.023193359375,2028.8781127929688,1458.885498046875,29.7181396484375,60.275390625
IMG_0038.mp4,559,18.651966666666667,29.97002997002997,2,2,traffic_signs,0.917804479598999,2181.939208984375,1105.3953857421875,2329.59033203125,1298.7432861328125,2255.7647705078125,1202.0693359375,147.651123046875,193.347900390625
IMG_0038.mp4,559,18.651966666666667,29.97002997002997,293,1,traffic_lights,0.6813570857048035,1876.314208984375,1179.252197265625,1925.46630859375,1252.5101318359375,1900.8902587890625,1215.8811645507812,49.152099609375,73.2579345703125
IMG_0038.mp4,560,18.685333333333332,29.97002997002997,2,2,traffic_signs,0.9478384256362915,2165.478515625,1099.3472900390625,2315.23095703125,1291.2880859375,2240.354736328125,1195.3176879882812,149.75244140625,191.9407958984375
IMG_0038.mp4,561,18.718700000000002,29.97002997002997,306,0,auth_label,0.7716056704521179,2846.455322265625,1296.47265625,2931.842041015625,1722.2645263671875,2889.148681640625,1509.3685913085938,85.38671875,425.7918701171875
IMG_0038.mp4,561,18.718700000000002,29.97002997002997,270,2,traffic_signs,0.8813249468803406,1977.86572265625,1425.7430419921875,2011.3414306640625,1486.378173828125,1994.6035766601562,1456.0606079101562,33.4757080078125,60.6351318359375
IMG_0038.mp4,562,18.752066666666668,29.97002997002997,306,0,auth_label,0.8684992790222168,2827.15673828125,1294.9801025390625,2913.215576171875,1721.15185546875,2870.1861572265625,1508.0659790039062,86.058837890625,426.1717529296875
IMG_0038.mp4,562,18.752066666666668,29.97002997002997,270,2,traffic_signs,0.8708789944648743,1959.681884765625,1422.8773193359375,1992.9962158203125,1484.02490234375,1976.3390502929688,1453.4511108398438,33.3143310546875,61.1475830078125
IMG_0038.mp4,562,18.752066666666668,29.97002997002997,293,1,traffic_lights,0.542500913143158,1829.532958984375,1170.731689453125,1867.2642822265625,1246.4007568359375,1848.3986206054688,1208.5662231445312,37.7313232421875,75.6690673828125
IMG_0038.mp4,562,18.752066666666668,29.97002997002997,2,2,traffic_signs,0.9353252053260803,2130.55224609375,1085.440673828125,2281.2724609375,1284.48095703125,2205.912353515625,1184.9608154296875,150.72021484375,199.040283203125
IMG_0038.mp4,563,18.785433333333334,29.97002997002997,306,0,auth_label,0.7096952795982361,2808.8310546875,1292.8189697265625,2895.668212890625,1688.0577392578125,2852.2496337890625,1490.4383544921875,86.837158203125,395.23876953125
IMG_0038.mp4,563,18.785433333333334,29.97002997002997,270,2,traffic_signs,0.8732680082321167,1942.94580078125,1421.703125,1974.9176025390625,1482.7205810546875,1958.9317016601562,1452.2118530273438,31.9718017578125,61.0174560546875
IMG_0038.mp4,563,18.785433333333334,29.97002997002997,293,1,traffic_lights,0.6428893804550171,1815.225830078125,1169.6844482421875,1848.6790771484375,1243.046875,1831.9524536132812,1206.3656616210938,33.4532470703125,73.3624267578125
IMG_0038.mp4,563,18.785433333333334,29.97002997002997,2,2,traffic_signs,0.8665593266487122,2113.0849609375,1079.809326171875,2261.869140625,1281.69482421875,2187.47705078125,1180.7520751953125,148.7841796875,201.885498046875
IMG_0038.mp4,564,18.8188,29.97002997002997,270,2,traffic_signs,0.8770776391029358,1924.6170654296875,1420.743408203125,1956.6513671875,1483.2952880859375,1940.6342163085938,1452.0193481445312,32.0343017578125,62.5518798828125
IMG_0038.mp4,564,18.8188,29.97002997002997,293,1,traffic_lights,0.7911323308944702,1797.0628662109375,1166.3604736328125,1829.3973388671875,1241.317626953125,1813.2301025390625,1203.8390502929688,32.33447265625,74.9571533203125
IMG_0038.mp4,564,18.8188,29.97002997002997,2,2,traffic_signs,0.6318853497505188,2094.011962890625,1070.7420654296875,2245.7880859375,1277.142578125,2169.9000244140625,1173.9423217773438,151.776123046875,206.4005126953125
IMG_0038.mp4,565,18.852166666666665,29.97002997002997,270,2,traffic_signs,0.8798304796218872,1905.6337890625,1419.3172607421875,1937.4471435546875,1482.4969482421875,1921.5404663085938,1450.9071044921875,31.8133544921875,63.1796875
IMG_0038.mp4,565,18.852166666666665,29.97002997002997,293,1,traffic_lights,0.7310542464256287,1778.5994873046875,1166.5980224609375,1811.5738525390625,1238.443603515625,1795.086669921875,1202.5208129882812,32.974365234375,71.8455810546875
IMG_0038.mp4,565,18.852166666666665,29.97002997002997,2,2,traffic_signs,0.8948917388916016,2073.25,1064.794921875,2227.54052734375,1276.1014404296875,2150.395263671875,1170.4481811523438,154.29052734375,211.3065185546875
IMG_0038.mp4,565,18.852166666666665,29.97002997002997,317,1,traffic_lights,0.36548542976379395,1849.7799072265625,1430.8834228515625,1875.8375244140625,1510.4569091796875,1862.8087158203125,1470.670166015625,26.0576171875,79.573486328125
IMG_0038.mp4,565,18.852166666666665,29.97002997002997,300,1,traffic_lights,0.4108705222606659,1648.868408203125,1490.1219482421875,1673.417724609375,1553.31396484375,1661.14306640625,1521.7179565429688,24.54931640625,63.1920166015625
IMG_0038.mp4,566,18.885533333333335,29.97002997002997,270,2,traffic_signs,0.8618664145469666,1886.421630859375,1418.6988525390625,1919.1778564453125,1481.4351806640625,1902.7997436523438,1450.0670166015625,32.7562255859375,62.736328125
IMG_0038.mp4,566,18.885533333333335,29.97002997002997,293,1,traffic_lights,0.7916020154953003,1761.8760986328125,1162.6358642578125,1793.015380859375,1236.50146484375,1777.4457397460938,1199.5686645507812,31.1392822265625,73.8656005859375
IMG_0038.mp4,566,18.885533333333335,29.97002997002997,2,2,traffic_signs,0.8061270713806152,2053.9375,1056.064453125,2208.546875,1273.351806640625,2131.2421875,1164.7081298828125,154.609375,217.287353515625
IMG_0038.mp4,566,18.885533333333335,29.97002997002997,317,1,traffic_lights,0.42896515130996704,1822.385986328125,1430.412841796875,1855.09130859375,1510.2095947265625,1838.7386474609375,1470.3112182617188,32.705322265625,79.7967529296875
IMG_0038.mp4,567,18.9189,29.97002997002997,270,2,traffic_signs,0.8660882115364075,1866.7479248046875,1416.890625,1899.6070556640625,1479.9637451171875,1883.177490234375,1448.4271850585938,32.859130859375,63.0731201171875
IMG_0038.mp4,567,18.9189,29.97002997002997,293,1,traffic_lights,0.8303883671760559,1741.039306640625,1162.267822265625,1773.7149658203125,1234.0899658203125,1757.3771362304688,1198.1788940429688,32.6756591796875,71.8221435546875
IMG_0038.mp4,567,18.9189,29.97002997002997,2,2,traffic_signs,0.9415843486785889,2031.9566650390625,1046.05029296875,2189.2705078125,1269.4327392578125,2110.6135864257812,1157.7415161132812,157.3138427734375,223.3824462890625
IMG_0038.mp4,567,18.9189,29.97002997002997,318,0,auth_label,0.8767451047897339,3045.95849609375,1308.883544921875,3185.452392578125,1746.814208984375,3115.7054443359375,1527.848876953125,139.493896484375,437.9306640625
IMG_0038.mp4,567,18.9189,29.97002997002997,306,0,auth_label,0.9266915917396545,2733.088134765625,1276.13916015625,2828.203369140625,1713.4776611328125,2780.645751953125,1494.8084106445312,95.115234375,437.3385009765625
IMG_0038.mp4,568,18.952266666666667,29.97002997002997,270,2,traffic_signs,0.856787383556366,1846.830322265625,1416.2742919921875,1880.0042724609375,1480.4931640625,1863.4172973632812,1448.3837280273438,33.1739501953125,64.2188720703125
IMG_0038.mp4,568,18.952266666666667,29.97002997002997,318,0,auth_label,0.7934596538543701,3038.543212890625,1306.5408935546875,3164.459716796875,1741.1080322265625,3101.50146484375,1523.824462890625,125.91650390625,434.567138671875
IMG_0038.mp4,568,18.952266666666667,29.97002997002997,321,0,auth_label,0.6737390160560608,2833.755615234375,1268.5787353515625,3012.2890625,1503.091796875,2923.0223388671875,1385.8352661132812,178.533447265625,234.5130615234375
IMG_0038.mp4,568,18.952266666666667,29.97002997002997,306,0,auth_label,0.9004503488540649,2713.99951171875,1286.8067626953125,2811.59521484375,1714.302001953125,2762.79736328125,1500.5543823242188,97.595703125,427.4952392578125
IMG_0038.mp4,569,18.985633333333332,29.97002997002997,318,0,auth_label,0.8622198104858398,3018.950927734375,1297.5919189453125,3140.23046875,1741.2669677734375,3079.5906982421875,1519.429443359375,121.279541015625,443.675048828125
IMG_0038.mp4,569,18.985633333333332,29.97002997002997,306,0,auth_label,0.9275959134101868,2694.521240234375,1278.8114013671875,2793.314208984375,1716.1458740234375,2743.917724609375,1497.4786376953125,98.79296875,437.33447265625
IMG_0038.mp4,569,18.985633333333332,29.97002997002997,300,1,traffic_lights,0.5206291675567627,1569.16845703125,1477.30908203125,1605.951416015625,1546.97314453125,1587.5599365234375,1512.14111328125,36.782958984375,69.6640625
IMG_0038.mp4,569,18.985633333333332,29.97002997002997,2,2,traffic_signs,0.7504752278327942,1988.35986328125,1028.8038330078125,2149.0869140625,1254.4403076171875,2068.723388671875,1141.6220703125,160.72705078125,225.636474609375
IMG_0038.mp4,570,19.019000000000002,29.97002997002997,318,0,auth_label,0.9014479517936707,3010.54931640625,1289.12255859375,3118.330078125,1746.60205078125,3064.439697265625,1517.8623046875,107.78076171875,457.4794921875
IMG_0038.mp4,570,19.019000000000002,29.97002997002997,306,0,auth_label,0.9015082120895386,2673.796630859375,1277.0533447265625,2775.96044921875,1716.079833984375,2724.8785400390625,1496.5665893554688,102.163818359375,439.0264892578125
IMG_0038.mp4,570,19.019000000000002,29.97002997002997,325,2,traffic_signs,0.8448477983474731,2877.9619140625,1247.056884765625,3008.74658203125,1364.6279296875,2943.354248046875,1305.8424072265625,130.78466796875,117.571044921875
IMG_0038.mp4,570,19.019000000000002,29.97002997002997,2,2,traffic_signs,0.6852449774742126,1967.308349609375,1020.3657836914062,2129.498046875,1244.7611083984375,2048.4031982421875,1132.5634460449219,162.189697265625,224.39532470703125
IMG_0038.mp4,570,19.019000000000002,29.97002997002997,293,1,traffic_lights,0.6811570525169373,1681.7197265625,1150.1597900390625,1717.363037109375,1226.58544921875,1699.5413818359375,1188.3726196289062,35.643310546875,76.4256591796875
IMG_0038.mp4,570,19.019000000000002,29.97002997002997,270,2,traffic_signs,0.3796035349369049,1806.4747314453125,1412.481201171875,1839.609375,1478.798583984375,1823.0420532226562,1445.639892578125,33.1346435546875,66.3173828125
IMG_0038.mp4,570,19.019000000000002,29.97002997002997,321,0,auth_label,0.8142050504684448,2797.933837890625,1264.876953125,2989.404052734375,1501.2640380859375,2893.6689453125,1383.0704956054688,191.47021484375,236.3870849609375
IMG_0038.mp4,571,19.052366666666668,29.97002997002997,318,0,auth_label,0.9402053356170654,2986.02783203125,1284.5255126953125,3094.04736328125,1742.7811279296875,3040.03759765625,1513.6533203125,108.01953125,458.255615234375
IMG_0038.mp4,571,19.052366666666668,29.97002997002997,306,0,auth_label,0.9391448497772217,2655.15478515625,1279.3779296875,2757.691162109375,1715.0338134765625,2706.4229736328125,1497.2058715820312,102.536376953125,435.6558837890625
IMG_0038.mp4,571,19.052366666666668,29.97002997002997,325,2,traffic_signs,0.6924459934234619,2863.5048828125,1240.70556640625,2994.61279296875,1365.0963134765625,2929.058837890625,1302.9009399414062,131.10791015625,124.3907470703125
IMG_0038.mp4,571,19.052366666666668,29.97002997002997,2,2,traffic_signs,0.8111090064048767,1946.34228515625,1012.8387451171875,2109.560302734375,1234.0626220703125,2027.9512939453125,1123.45068359375,163.218017578125,221.223876953125
IMG_0038.mp4,571,19.052366666666668,29.97002997002997,293,1,traffic_lights,0.8721480965614319,1664.9954833984375,1148.9586181640625,1698.9522705078125,1225.3173828125,1681.973876953125,1187.1380004882812,33.956787109375,76.3587646484375
IMG_0038.mp4,571,19.052366666666668,29.97002997002997,270,2,traffic_signs,0.8614245057106018,1787.3087158203125,1412.0321044921875,1820.640625,1477.700439453125,1803.9746704101562,1444.8662719726562,33.3319091796875,65.6683349609375
IMG_0038.mp4,571,19.052366666666668,29.97002997002997,321,0,auth_label,0.7738229632377625,2781.60400390625,1261.94384765625,2967.655029296875,1503.0775146484375,2874.6295166015625,1382.5106811523438,186.051025390625,241.1336669921875
IMG_0038.mp4,572,19.085733333333334,29.97002997002997,318,0,auth_label,0.9349796175956726,2970.712646484375,1273.49072265625,3072.203857421875,1744.9207763671875,3021.458251953125,1509.2057495117188,101.4912109375,471.4300537109375
IMG_0038.mp4,572,19.085733333333334,29.97002997002997,306,0,auth_label,0.9296607375144958,2635.979248046875,1276.473876953125,2742.35205078125,1717.626220703125,2689.1656494140625,1497.050048828125,106.372802734375,441.15234375
IMG_0038.mp4,572,19.085733333333334,29.97002997002997,325,2,traffic_signs,0.7440347671508789,2846.74853515625,1235.23974609375,2978.220947265625,1362.9813232421875,2912.4847412109375,1299.1105346679688,131.472412109375,127.7415771484375
IMG_0038.mp4,572,19.085733333333334,29.97002997002997,2,2,traffic_signs,0.9188224077224731,1924.0350341796875,1003.5161743164062,2089.06005859375,1227.799560546875,2006.5475463867188,1115.6578674316406,165.0250244140625,224.28338623046875
IMG_0038.mp4,572,19.085733333333334,29.97002997002997,293,1,traffic_lights,0.8581483960151672,1645.05517578125,1147.425537109375,1679.6865234375,1223.3812255859375,1662.370849609375,1185.4033813476562,34.63134765625,75.9556884765625
IMG_0038.mp4,572,19.085733333333334,29.97002997002997,270,2,traffic_signs,0.6663036346435547,1767.9027099609375,1410.47314453125,1801.545166015625,1475.4647216796875,1784.7239379882812,1442.9689331054688,33.6424560546875,64.9915771484375
IMG_0038.mp4,572,19.085733333333334,29.97002997002997,328,2,traffic_signs,0.8645694851875305,2682.03564453125,1131.16357421875,2755.835205078125,1207.849609375,2718.9354248046875,1169.506591796875,73.799560546875,76.68603515625
IMG_0038.mp4,572,19.085733333333334,29.97002997002997,329,1,traffic_lights,0.4176701605319977,2688.27197265625,1221.885009765625,2764.03857421875,1378.4644775390625,2726.1552734375,1300.1747436523438,75.7666015625,156.5794677734375
IMG_0038.mp4,572,19.085733333333334,29.97002997002997,300,1,traffic_lights,0.5041388869285583,1524.290771484375,1477.068603515625,1553.8543701171875,1543.474365234375,1539.0725708007812,1510.271484375,29.5635986328125,66.40576171875
IMG_0038.mp4,573,19.1191,29.97002997002997,318,0,auth_label,0.929090142250061,2952.921875,1268.4915771484375,3047.595458984375,1743.5948486328125,3000.2586669921875,1506.043212890625,94.673583984375,475.103271484375
IMG_0038.mp4,573,19.1191,29.97002997002997,306,0,auth_label,0.9319656491279602,2616.251708984375,1276.8240966796875,2725.12548828125,1718.6607666015625,2670.6885986328125,1497.742431640625,108.873779296875,441.836669921875
IMG_0038.mp4,573,19.1191,29.97002997002997,325,2,traffic_signs,0.5323935747146606,2829.31640625,1228.28515625,2963.549072265625,1358.13037109375,2896.4327392578125,1293.207763671875,134.232666015625,129.84521484375
IMG_0038.mp4,573,19.1191,29.97002997002997,2,2,traffic_signs,0.665628969669342,1900.2698974609375,998.7355346679688,2067.195556640625,1220.734375,1983.7327270507812,1109.7349548339844,166.9256591796875,221.99884033203125
IMG_0038.mp4,573,19.1191,29.97002997002997,293,1,traffic_lights,0.8680096864700317,1625.17724609375,1144.9112548828125,1659.890625,1221.09033203125,1642.533935546875,1183.0007934570312,34.71337890625,76.1790771484375
IMG_0038.mp4,573,19.1191,29.97002997002997,270,2,traffic_signs,0.8634368181228638,1746.794677734375,1408.4776611328125,1780.6771240234375,1473.897705078125,1763.7359008789062,1441.1876831054688,33.8824462890625,65.4200439453125
IMG_0038.mp4,573,19.1191,29.97002997002997,328,2,traffic_signs,0.868109941482544,2664.35693359375,1123.3272705078125,2740.308349609375,1205.0313720703125,2702.3326416015625,1164.1793212890625,75.951416015625,81.7041015625
IMG_0038.mp4,573,19.1191,29.97002997002997,321,0,auth_label,0.8692644834518433,2746.70068359375,1263.63720703125,2925.431640625,1500.225830078125,2836.066162109375,1381.9315185546875,178.73095703125,236.588623046875
IMG_0038.mp4,574,19.152466666666665,29.97002997002997,318,0,auth_label,0.9300898909568787,2936.7119140625,1268.0128173828125,3027.427490234375,1744.47998046875,2982.0697021484375,1506.2463989257812,90.715576171875,476.4671630859375
IMG_0038.mp4,574,19.152466666666665,29.97002997002997,306,0,auth_label,0.9443238377571106,2597.906982421875,1280.568115234375,2705.124755859375,1716.783935546875,2651.515869140625,1498.676025390625,107.2177734375,436.2158203125
IMG_0038.mp4,574,19.152466666666665,29.97002997002997,325,2,traffic_signs,0.9127550721168518,2810.277587890625,1221.0699462890625,2949.225341796875,1357.37744140625,2879.75146484375,1289.2236938476562,138.94775390625,136.3074951171875
IMG_0038.mp4,574,19.152466666666665,29.97002997002997,2,2,traffic_signs,0.9371689558029175,1876.4110107421875,990.3109741210938,2046.2303466796875,1217.8282470703125,1961.3206787109375,1104.0696105957031,169.8193359375,227.51727294921875
IMG_0038.mp4,574,19.152466666666665,29.97002997002997,293,1,traffic_lights,0.8459803462028503,1604.59228515625,1142.6583251953125,1638.72705078125,1217.9149169921875,1621.65966796875,1180.28662109375,34.134765625,75.256591796875
IMG_0038.mp4,574,19.152466666666665,29.97002997002997,270,2,traffic_signs,0.8696439266204834,1725.678466796875,1406.6439208984375,1759.5157470703125,1472.6636962890625,1742.5971069335938,1439.65380859375,33.8372802734375,66.019775390625
IMG_0038.mp4,574,19.152466666666665,29.97002997002997,328,2,traffic_signs,0.8508846759796143,2648.64453125,1115.0181884765625,2723.363525390625,1202.66162109375,2686.0040283203125,1158.8399047851562,74.718994140625,87.6434326171875
IMG_0038.mp4,574,19.152466666666665,29.97002997002997,321,0,auth_label,0.6199924945831299,2731.408935546875,1262.766357421875,2908.77392578125,1505.8509521484375,2820.0914306640625,1384.3086547851562,177.364990234375,243.0845947265625
IMG_0038.mp4,574,19.152466666666665,29.97002997002997,329,1,traffic_lights,0.4146064519882202,2652.51708984375,1218.2098388671875,2731.20166015625,1375.8828125,2691.859375,1297.0463256835938,78.6845703125,157.6729736328125
IMG_0038.mp4,575,19.185833333333335,29.97002997002997,318,0,auth_label,0.8774912357330322,2914.278076171875,1267.855224609375,3000.656005859375,1743.430908203125,2957.467041015625,1505.64306640625,86.3779296875,475.57568359375
IMG_0038.mp4,575,19.185833333333335,29.97002997002997,306,0,auth_label,0.9204229712486267,2576.378662109375,1274.6956787109375,2689.53564453125,1718.90087890625,2632.9571533203125,1496.7982788085938,113.156982421875,444.2052001953125
IMG_0038.mp4,575,19.185833333333335,29.97002997002997,325,2,traffic_signs,0.725320041179657,2794.21484375,1217.749755859375,2931.3935546875,1359.181640625,2862.80419921875,1288.4656982421875,137.1787109375,141.431884765625
IMG_0038.mp4,575,19.185833333333335,29.97002997002997,2,2,traffic_signs,0.9401023983955383,1854.649169921875,983.0706176757812,2024.393798828125,1210.9119873046875,1939.521484375,1096.9913024902344,169.74462890625,227.84136962890625
IMG_0038.mp4,575,19.185833333333335,29.97002997002997,293,1,traffic_lights,0.7804962396621704,1583.854736328125,1139.355712890625,1619.1268310546875,1215.4102783203125,1601.4907836914062,1177.3829956054688,35.2720947265625,76.0545654296875
IMG_0038.mp4,575,19.185833333333335,29.97002997002997,270,2,traffic_signs,0.8810476660728455,1705.000732421875,1405.70166015625,1738.77978515625,1471.978271484375,1721.8902587890625,1438.8399658203125,33.779052734375,66.276611328125
IMG_0038.mp4,575,19.185833333333335,29.97002997002997,328,2,traffic_signs,0.71095210313797,2631.456298828125,1106.894775390625,2707.26416015625,1198.1160888671875,2669.3602294921875,1152.5054321289062,75.807861328125,91.2213134765625
IMG_0038.mp4,575,19.185833333333335,29.97002997002997,321,0,auth_label,0.4626500606536865,2711.59033203125,1259.2169189453125,2888.685302734375,1512.3658447265625,2800.1378173828125,1385.7913818359375,177.094970703125,253.14892578125
IMG_0038.mp4,575,19.185833333333335,29.97002997002997,337,1,traffic_lights,0.49781253933906555,1651.037841796875,1418.68798828125,1676.470703125,1493.9144287109375,1663.7542724609375,1456.3012084960938,25.432861328125,75.2264404296875
IMG_0038.mp4,575,19.185833333333335,29.97002997002997,338,2,traffic_signs,0.5645097494125366,2795.15966796875,1222.13671875,2929.758056640625,1354.1839599609375,2862.4588623046875,1288.1603393554688,134.598388671875,132.0472412109375
IMG_0038.mp4,575,19.185833333333335,29.97002997002997,329,1,traffic_lights,0.31630945205688477,2636.721435546875,1216.3216552734375,2714.25390625,1376.9659423828125,2675.4876708984375,1296.643798828125,77.532470703125,160.644287109375
IMG_0038.mp4,576,19.2192,29.97002997002997,318,0,auth_label,0.9046204686164856,2897.706787109375,1279.02978515625,2978.880126953125,1735.8680419921875,2938.29345703125,1507.4489135742188,81.17333984375,456.8382568359375
IMG_0038.mp4,576,19.2192,29.97002997002997,306,0,auth_label,0.9387909770011902,2557.314453125,1276.290771484375,2671.16259765625,1717.777099609375,2614.238525390625,1497.033935546875,113.84814453125,441.486328125
IMG_0038.mp4,576,19.2192,29.97002997002997,325,2,traffic_signs,0.8825735449790955,2775.031005859375,1215.756591796875,2914.944091796875,1358.2950439453125,2844.987548828125,1287.0258178710938,139.9130859375,142.5384521484375
IMG_0038.mp4,576,19.2192,29.97002997002997,2,2,traffic_signs,0.8950304985046387,1828.4603271484375,968.3954467773438,2004.642822265625,1199.6474609375,1916.5515747070312,1084.0214538574219,176.1824951171875,231.25201416015625
IMG_0038.mp4,576,19.2192,29.97002997002997,293,1,traffic_lights,0.8928657174110413,1562.4752197265625,1136.03515625,1598.060791015625,1212.7498779296875,1580.2680053710938,1174.3925170898438,35.5855712890625,76.7147216796875
IMG_0038.mp4,576,19.2192,29.97002997002997,270,2,traffic_signs,0.8827512860298157,1682.9215087890625,1404.5137939453125,1716.919677734375,1471.29541015625,1699.9205932617188,1437.9046020507812,33.9981689453125,66.7816162109375
IMG_0038.mp4,576,19.2192,29.97002997002997,328,2,traffic_signs,0.7092040181159973,2613.462890625,1098.4114990234375,2691.678466796875,1194.939697265625,2652.5706787109375,1146.6755981445312,78.215576171875,96.5281982421875
IMG_0038.mp4,576,19.2192,29.97002997002997,321,0,auth_label,0.7378650903701782,2694.3515625,1258.176025390625,2868.930908203125,1509.5400390625,2781.6412353515625,1383.8580322265625,174.579345703125,251.364013671875
IMG_0038.mp4,576,19.2192,29.97002997002997,338,2,traffic_signs,0.7674683332443237,2777.659912109375,1221.649169921875,2910.51953125,1351.6651611328125,2844.0897216796875,1286.6571655273438,132.859619140625,130.0159912109375
IMG_0038.mp4,576,19.2192,29.97002997002997,329,1,traffic_lights,0.47964411973953247,2619.484130859375,1213.3153076171875,2698.33837890625,1370.2913818359375,2658.9112548828125,1291.8033447265625,78.854248046875,156.97607421875
IMG_0038.mp4,576,19.2192,29.97002997002997,340,0,auth_label,0.43177124857902527,2692.595458984375,1259.7113037109375,2865.782470703125,1726.420166015625,2779.18896484375,1493.0657348632812,173.18701171875,466.7088623046875
IMG_0038.mp4,577,19.252566666666667,29.97002997002997,318,0,auth_label,0.8629589080810547,2877.48095703125,1276.29443359375,2954.74560546875,1743.1082763671875,2916.11328125,1509.7013549804688,77.2646484375,466.8138427734375
IMG_0038.mp4,577,19.252566666666667,29.97002997002997,306,0,auth_label,0.922534167766571,2540.827880859375,1273.5709228515625,2651.573974609375,1715.422119140625,2596.200927734375,1494.4965209960938,110.74609375,441.8511962890625
IMG_0038.mp4,577,19.252566666666667,29.97002997002997,325,2,traffic_signs,0.8936033248901367,2758.448486328125,1212.9512939453125,2899.790771484375,1356.4066162109375,2829.11962890625,1284.678955078125,141.34228515625,143.455322265625
IMG_0038.mp4,577,19.252566666666667,29.97002997002997,2,2,traffic_signs,0.9175283908843994,1800.5582275390625,958.160888671875,1979.722900390625,1188.818359375,1890.1405639648438,1073.4896240234375,179.1646728515625,230.657470703125
IMG_0038.mp4,577,19.252566666666667,29.97002997002997,293,1,traffic_lights,0.3231528103351593,1539.40869140625,1130.7528076171875,1577.5869140625,1206.9940185546875,1558.497802734375,1168.8734130859375,38.17822265625,76.2412109375
IMG_0038.mp4,577,19.252566666666667,29.97002997002997,270,2,traffic_signs,0.8933208584785461,1659.5572509765625,1402.8731689453125,1694.0404052734375,1470.4078369140625,1676.798828125,1436.6405029296875,34.483154296875,67.53466796875
IMG_0038.mp4,577,19.252566666666667,29.97002997002997,328,2,traffic_signs,0.6105704307556152,2597.371826171875,1093.70654296875,2675.45068359375,1191.9510498046875,2636.4112548828125,1142.8287963867188,78.078857421875,98.2445068359375
IMG_0038.mp4,577,19.252566666666667,29.97002997002997,338,2,traffic_signs,0.30431386828422546,2759.326904296875,1218.279541015625,2893.380126953125,1350.7261962890625,2826.353515625,1284.5028686523438,134.05322265625,132.4466552734375
IMG_0038.mp4,578,19.285933333333332,29.97002997002997,318,0,auth_label,0.8933308720588684,2856.242431640625,1277.5433349609375,2933.348388671875,1746.282958984375,2894.79541015625,1511.9131469726562,77.10595703125,468.7396240234375
IMG_0038.mp4,578,19.285933333333332,29.97002997002997,306,0,auth_label,0.897330105304718,2520.877685546875,1268.4305419921875,2635.098876953125,1714.56396484375,2577.98828125,1491.4972534179688,114.22119140625,446.1334228515625
IMG_0038.mp4,578,19.285933333333332,29.97002997002997,2,2,traffic_signs,0.9087536931037903,1776.2601318359375,941.1504516601562,1955.3988037109375,1183.1058349609375,1865.8294677734375,1062.1281433105469,179.138671875,241.95538330078125
IMG_0038.mp4,578,19.285933333333332,29.97002997002997,270,2,traffic_signs,0.5533235669136047,1637.2874755859375,1401.2611083984375,1671.6837158203125,1468.805419921875,1654.485595703125,1435.0332641601562,34.396240234375,67.5443115234375
IMG_0038.mp4,578,19.285933333333332,29.97002997002997,343,0,auth_label,0.42067813873291016,2834.699951171875,1332.7022705078125,2861.34375,1471.15771484375,2848.0218505859375,1401.9299926757812,26.643798828125,138.4554443359375
IMG_0038.mp4,578,19.285933333333332,29.97002997002997,329,1,traffic_lights,0.4208190143108368,2584.79345703125,1205.5904541015625,2662.115966796875,1370.5264892578125,2623.4547119140625,1288.0584716796875,77.322509765625,164.93603515625
IMG_0038.mp4,578,19.285933333333332,29.97002997002997,340,0,auth_label,0.8593465089797974,2656.325439453125,1258.1732177734375,2828.2021484375,1715.515380859375,2742.2637939453125,1486.8442993164062,171.876708984375,457.3421630859375
IMG_0038.mp4,579,19.319300000000002,29.97002997002997,318,0,auth_label,0.7352745532989502,2830.826171875,1274.5147705078125,2906.36328125,1747.1585693359375,2868.5947265625,1510.836669921875,75.537109375,472.643798828125
IMG_0038.mp4,579,19.319300000000002,29.97002997002997,306,0,auth_label,0.5729064345359802,2493.482421875,1265.4786376953125,2614.498291015625,1714.492431640625,2553.9903564453125,1489.9855346679688,121.015869140625,449.0137939453125
IMG_0038.mp4,579,19.319300000000002,29.97002997002997,270,2,traffic_signs,0.8791709542274475,1617.4093017578125,1399.095458984375,1651.98876953125,1468.4820556640625,1634.6990356445312,1433.7887573242188,34.5794677734375,69.3865966796875
IMG_0038.mp4,579,19.319300000000002,29.97002997002997,317,1,traffic_lights,0.6102246046066284,1514.339599609375,1411.3927001953125,1577.636962890625,1499.8023681640625,1545.98828125,1455.5975341796875,63.29736328125,88.40966796875
IMG_0038.mp4,579,19.319300000000002,29.97002997002997,325,2,traffic_signs,0.9195447564125061,2719.95849609375,1208.7552490234375,2862.10986328125,1356.020263671875,2791.0341796875,1282.3877563476562,142.1513671875,147.2650146484375
IMG_0038.mp4,579,19.319300000000002,29.97002997002997,293,1,traffic_lights,0.6840873956680298,1498.5545654296875,1127.562744140625,1533.066162109375,1204.21826171875,1515.8103637695312,1165.8905029296875,34.5115966796875,76.655517578125
IMG_0038.mp4,580,19.352666666666668,29.97002997002997,318,0,auth_label,0.5852078199386597,2812.60400390625,1274.349853515625,2887.82080078125,1734.626953125,2850.21240234375,1504.4884033203125,75.216796875,460.277099609375
IMG_0038.mp4,580,19.352666666666668,29.97002997002997,306,0,auth_label,0.8888362646102905,2475.04443359375,1261.15576171875,2595.7568359375,1711.6668701171875,2535.400634765625,1486.4113159179688,120.71240234375,450.5111083984375
IMG_0038.mp4,580,19.352666666666668,29.97002997002997,270,2,traffic_signs,0.891309916973114,1592.9810791015625,1397.78564453125,1627.5562744140625,1466.4405517578125,1610.2686767578125,1432.1130981445312,34.5751953125,68.6549072265625
IMG_0038.mp4,580,19.352666666666668,29.97002997002997,317,1,traffic_lights,0.3338375687599182,1494.3310546875,1411.1444091796875,1553.8057861328125,1496.9400634765625,1524.0684204101562,1454.042236328125,59.4747314453125,85.795654296875
IMG_0038.mp4,580,19.352666666666668,29.97002997002997,325,2,traffic_signs,0.8914995789527893,2700.140869140625,1208.2679443359375,2842.950439453125,1353.7989501953125,2771.545654296875,1281.033447265625,142.8095703125,145.531005859375
IMG_0038.mp4,580,19.352666666666668,29.97002997002997,293,1,traffic_lights,0.8286648392677307,1475.75048828125,1123.4755859375,1510.4849853515625,1201.6258544921875,1493.1177368164062,1162.5507202148438,34.7344970703125,78.1502685546875
IMG_0038.mp4,580,19.352666666666668,29.97002997002997,321,0,auth_label,0.8175586462020874,2620.17919921875,1256.8763427734375,2789.023193359375,1501.416259765625,2704.6011962890625,1379.1463012695312,168.843994140625,244.5399169921875
IMG_0038.mp4,580,19.352666666666668,29.97002997002997,328,2,traffic_signs,0.7681934833526611,2539.8583984375,1085.3580322265625,2618.756591796875,1185.4261474609375,2579.3074951171875,1135.39208984375,78.898193359375,100.068115234375
IMG_0038.mp4,580,19.352666666666668,29.97002997002997,2,2,traffic_signs,0.9281479716300964,1721.50830078125,918.468017578125,1906.6265869140625,1172.1046142578125,1814.0674438476562,1045.2863159179688,185.1182861328125,253.6365966796875
IMG_0038.mp4,581,19.386033333333334,29.97002997002997,318,0,auth_label,0.8904416561126709,2793.65771484375,1283.6483154296875,2866.01123046875,1724.8907470703125,2829.83447265625,1504.26953125,72.353515625,441.242431640625
IMG_0038.mp4,581,19.386033333333334,29.97002997002997,270,2,traffic_signs,0.8979452252388,1568.6630859375,1396.075927734375,1603.8939208984375,1465.912353515625,1586.2785034179688,1430.994140625,35.2308349609375,69.83642578125
IMG_0038.mp4,581,19.386033333333334,29.97002997002997,325,2,traffic_signs,0.8579695820808411,2689.15625,1210.3447265625,2823.49169921875,1353.48486328125,2756.323974609375,1281.914794921875,134.33544921875,143.14013671875
IMG_0038.mp4,581,19.386033333333334,29.97002997002997,293,1,traffic_lights,0.8652737140655518,1450.90869140625,1119.3310546875,1486.6689453125,1197.772216796875,1468.788818359375,1158.5516357421875,35.76025390625,78.441162109375
IMG_0038.mp4,581,19.386033333333334,29.97002997002997,345,1,traffic_lights,0.5026130676269531,1456.1181640625,1425.4375,1485.801513671875,1491.576171875,1470.9598388671875,1458.5068359375,29.683349609375,66.138671875
IMG_0038.mp4,581,19.386033333333334,29.97002997002997,348,2,traffic_signs,0.7125033736228943,2695.888671875,1213.874267578125,2821.304443359375,1348.4840087890625,2758.5965576171875,1281.1791381835938,125.415771484375,134.6097412109375
IMG_0038.mp4,581,19.386033333333334,29.97002997002997,328,2,traffic_signs,0.43032339215278625,2520.26806640625,1083.1187744140625,2597.258544921875,1181.1090087890625,2558.7633056640625,1132.1138916015625,76.990478515625,97.990234375
IMG_0038.mp4,581,19.386033333333334,29.97002997002997,2,2,traffic_signs,0.942748486995697,1689.2169189453125,905.9531860351562,1879.835693359375,1165.2530517578125,1784.5263061523438,1035.6031188964844,190.6187744140625,259.29986572265625
IMG_0038.mp4,581,19.386033333333334,29.97002997002997,337,1,traffic_lights,0.290670782327652,1507.1627197265625,1408.16943359375,1534.7200927734375,1489.7757568359375,1520.94140625,1448.9725952148438,27.557373046875,81.6063232421875
IMG_0038.mp4,582,19.4194,29.97002997002997,270,2,traffic_signs,0.8999475240707397,1543.2861328125,1394.2969970703125,1579.4112548828125,1463.920654296875,1561.3486938476562,1429.1088256835938,36.1251220703125,69.6236572265625
IMG_0038.mp4,582,19.4194,29.97002997002997,325,2,traffic_signs,0.9219100475311279,2664.597412109375,1205.5758056640625,2802.684814453125,1351.991943359375,2733.64111328125,1278.7838745117188,138.08740234375,146.4161376953125
IMG_0038.mp4,582,19.4194,29.97002997002997,293,1,traffic_lights,0.845355212688446,1426.039306640625,1114.1612548828125,1464.013427734375,1195.76025390625,1445.0263671875,1154.9607543945312,37.97412109375,81.5989990234375
IMG_0038.mp4,582,19.4194,29.97002997002997,345,1,traffic_lights,0.3472956120967865,1429.9306640625,1423.68701171875,1457.9229736328125,1490.5887451171875,1443.9268188476562,1457.1378784179688,27.9923095703125,66.9017333984375
IMG_0038.mp4,582,19.4194,29.97002997002997,328,2,traffic_signs,0.7142225503921509,2502.144287109375,1079.1588134765625,2580.37744140625,1179.65380859375,2541.2608642578125,1129.4063110351562,78.233154296875,100.4949951171875
IMG_0038.mp4,582,19.4194,29.97002997002997,2,2,traffic_signs,0.9470301866531372,1659.744140625,893.520751953125,1852.5751953125,1159.277099609375,1756.15966796875,1026.39892578125,192.8310546875,265.75634765625
IMG_0038.mp4,583,19.452766666666665,29.97002997002997,270,2,traffic_signs,0.9017737507820129,1519.5531005859375,1392.5467529296875,1556.5743408203125,1462.105224609375,1538.063720703125,1427.3259887695312,37.021240234375,69.5584716796875
IMG_0038.mp4,583,19.452766666666665,29.97002997002997,325,2,traffic_signs,0.9174997210502625,2646.27880859375,1202.6097412109375,2786.3798828125,1349.2464599609375,2716.329345703125,1275.9281005859375,140.10107421875,146.63671875
IMG_0038.mp4,583,19.452766666666665,29.97002997002997,293,1,traffic_lights,0.8722255825996399,1402.601806640625,1110.29150390625,1442.0777587890625,1191.1004638671875,1422.3397827148438,1150.6959838867188,39.4759521484375,80.8089599609375
IMG_0038.mp4,583,19.452766666666665,29.97002997002997,345,1,traffic_lights,0.39347556233406067,1404.2509765625,1420.2879638671875,1436.953857421875,1491.284423828125,1420.6024169921875,1455.7861938476562,32.702880859375,70.9964599609375
IMG_0038.mp4,583,19.452766666666665,29.97002997002997,2,2,traffic_signs,0.9486318230628967,1630.7518310546875,879.4537353515625,1825.61572265625,1149.8084716796875,1728.1837768554688,1014.631103515625,194.8638916015625,270.354736328125
IMG_0038.mp4,583,19.452766666666665,29.97002997002997,343,0,auth_label,0.5571349859237671,2735.400146484375,1317.303466796875,2761.112060546875,1491.30126953125,2748.256103515625,1404.3023681640625,25.7119140625,173.997802734375
IMG_0038.mp4,583,19.452766666666665,29.97002997002997,306,0,auth_label,0.9523235559463501,2415.66259765625,1274.8577880859375,2534.44482421875,1714.9154052734375,2475.0537109375,1494.8865966796875,118.7822265625,440.0576171875
IMG_0038.mp4,583,19.452766666666665,29.97002997002997,321,0,auth_label,0.8914207220077515,2559.93310546875,1263.5208740234375,2732.78369140625,1496.348388671875,2646.3583984375,1379.9346313476562,172.8505859375,232.8275146484375
IMG_0038.mp4,583,19.452766666666665,29.97002997002997,318,0,auth_label,0.3648265302181244,2755.141357421875,1287.143310546875,2816.6142578125,1604.4375,2785.8778076171875,1445.7904052734375,61.472900390625,317.294189453125
IMG_0038.mp4,584,19.486133333333335,29.97002997002997,270,2,traffic_signs,0.8904294967651367,1495.225341796875,1390.9298095703125,1532.3448486328125,1460.47705078125,1513.7850952148438,1425.7034301757812,37.1195068359375,69.5472412109375
IMG_0038.mp4,584,19.486133333333335,29.97002997002997,325,2,traffic_signs,0.9296166896820068,2625.2236328125,1200.1243896484375,2768.560791015625,1347.46484375,2696.8922119140625,1273.7946166992188,143.337158203125,147.3404541015625
IMG_0038.mp4,584,19.486133333333335,29.97002997002997,293,1,traffic_lights,0.7521214485168457,1379.3533935546875,1107.3448486328125,1419.9267578125,1187.0113525390625,1399.6400756835938,1147.1781005859375,40.5733642578125,79.66650390625
IMG_0038.mp4,584,19.486133333333335,29.97002997002997,345,1,traffic_lights,0.5305809378623962,1379.5662841796875,1419.2117919921875,1411.5521240234375,1490.3302001953125,1395.5592041015625,1454.77099609375,31.98583984375,71.118408203125
IMG_0038.mp4,584,19.486133333333335,29.97002997002997,2,2,traffic_signs,0.9501464366912842,1597.4825439453125,865.9483032226562,1798.4906005859375,1140.4091796875,1697.986572265625,1003.1787414550781,201.008056640625,274.46087646484375
IMG_0038.mp4,584,19.486133333333335,29.97002997002997,343,0,auth_label,0.3614741563796997,2718.637451171875,1317.0260009765625,2742.433349609375,1478.58447265625,2730.535400390625,1397.8052368164062,23.7958984375,161.5584716796875
IMG_0038.mp4,584,19.486133333333335,29.97002997002997,306,0,auth_label,0.9396480917930603,2398.031005859375,1276.4962158203125,2513.0078125,1715.4927978515625,2455.5194091796875,1495.9945068359375,114.976806640625,438.99658203125
IMG_0038.mp4,584,19.486133333333335,29.97002997002997,318,0,auth_label,0.8247794508934021,2729.280029296875,1275.60009765625,2794.285888671875,1702.0526123046875,2761.782958984375,1488.8263549804688,65.005859375,426.4525146484375
IMG_0038.mp4,585,19.5195,29.97002997002997,270,2,traffic_signs,0.893971860408783,1470.5982666015625,1388.1192626953125,1508.068359375,1459.11181640625,1489.3333129882812,1423.6155395507812,37.4700927734375,70.9925537109375
IMG_0038.mp4,585,19.5195,29.97002997002997,325,2,traffic_signs,0.8756889700889587,2604.7578125,1198.17236328125,2749.67724609375,1345.08203125,2677.217529296875,1271.627197265625,144.91943359375,146.90966796875
IMG_0038.mp4,585,19.5195,29.97002997002997,293,1,traffic_lights,0.8567106127738953,1355.491455078125,1103.0152587890625,1396.18310546875,1184.0120849609375,1375.8372802734375,1143.513671875,40.691650390625,80.996826171875
IMG_0038.mp4,585,19.5195,29.97002997002997,345,1,traffic_lights,0.3955942690372467,1353.551025390625,1417.4892578125,1387.526611328125,1490.1859130859375,1370.538818359375,1453.8375854492188,33.9755859375,72.6966552734375
IMG_0038.mp4,585,19.5195,29.97002997002997,2,2,traffic_signs,0.9469791054725647,1564.950927734375,852.606689453125,1768.2518310546875,1129.611572265625,1666.6013793945312,991.109130859375,203.3009033203125,277.0048828125
IMG_0038.mp4,585,19.5195,29.97002997002997,343,0,auth_label,0.4384991526603699,2699.344482421875,1315.1258544921875,2721.84423828125,1466.866943359375,2710.5943603515625,1390.9963989257812,22.499755859375,151.7410888671875
IMG_0038.mp4,585,19.5195,29.97002997002997,306,0,auth_label,0.9258119463920593,2377.13916015625,1270.53125,2494.30029296875,1718.12255859375,2435.7197265625,1494.326904296875,117.1611328125,447.59130859375
IMG_0038.mp4,585,19.5195,29.97002997002997,318,0,auth_label,0.91267991065979,2709.65673828125,1270.58984375,2776.092529296875,1726.99658203125,2742.8746337890625,1498.793212890625,66.435791015625,456.40673828125
IMG_0038.mp4,585,19.5195,29.97002997002997,340,0,auth_label,0.902560830116272,2516.3095703125,1249.0650634765625,2688.448974609375,1716.76123046875,2602.3792724609375,1482.9131469726562,172.139404296875,467.6961669921875
IMG_0038.mp4,585,19.5195,29.97002997002997,328,2,traffic_signs,0.6232544183731079,2444.833984375,1065.9967041015625,2524.87744140625,1169.880615234375,2484.855712890625,1117.9386596679688,80.04345703125,103.8839111328125
IMG_0038.mp4,586,19.552866666666667,29.97002997002997,270,2,traffic_signs,0.30335700511932373,1446.4010009765625,1387.1436767578125,1483.2894287109375,1457.59814453125,1464.84521484375,1422.3709106445312,36.888427734375,70.4544677734375
IMG_0038.mp4,586,19.552866666666667,29.97002997002997,325,2,traffic_signs,0.9291587471961975,2583.2021484375,1196.063232421875,2728.632080078125,1344.7442626953125,2655.9171142578125,1270.4037475585938,145.429931640625,148.6810302734375
IMG_0038.mp4,586,19.552866666666667,29.97002997002997,293,1,traffic_lights,0.7085244655609131,1327.8016357421875,1100.2042236328125,1374.538330078125,1175.5450439453125,1351.1699829101562,1137.8746337890625,46.7366943359375,75.3408203125
IMG_0038.mp4,586,19.552866666666667,29.97002997002997,2,2,traffic_signs,0.9582884311676025,1531.8173828125,838.4757690429688,1738.177734375,1117.3856201171875,1634.99755859375,977.9306945800781,206.3603515625,278.90985107421875
IMG_0038.mp4,586,19.552866666666667,29.97002997002997,306,0,auth_label,0.9374423027038574,2355.8017578125,1276.1307373046875,2472.501953125,1716.0908203125,2414.15185546875,1496.1107788085938,116.7001953125,439.9600830078125
IMG_0038.mp4,586,19.552866666666667,29.97002997002997,318,0,auth_label,0.8747431039810181,2688.14892578125,1268.8331298828125,2751.625732421875,1731.424072265625,2719.8873291015625,1500.1286010742188,63.476806640625,462.5909423828125
IMG_0038.mp4,586,19.552866666666667,29.97002997002997,356,2,traffic_signs,0.8567702174186707,3209.0595703125,1464.9423828125,3239.46484375,1531.719970703125,3224.26220703125,1498.3311767578125,30.4052734375,66.777587890625
IMG_0038.mp4,586,19.552866666666667,29.97002997002997,340,0,auth_label,0.41416698694229126,2493.744140625,1249.6961669921875,2667.24169921875,1711.5496826171875,2580.492919921875,1480.6229248046875,173.49755859375,461.853515625
IMG_0038.mp4,586,19.552866666666667,29.97002997002997,328,2,traffic_signs,0.7786029577255249,2423.59716796875,1063.3255615234375,2505.064208984375,1167.41015625,2464.3306884765625,1115.3678588867188,81.467041015625,104.0845947265625
IMG_0038.mp4,586,19.552866666666667,29.97002997002997,329,1,traffic_lights,0.4307973384857178,2425.677734375,1179.7308349609375,2507.15087890625,1345.6942138671875,2466.414306640625,1262.7125244140625,81.47314453125,165.96337890625
IMG_0038.mp4,587,19.586233333333332,29.97002997002997,270,2,traffic_signs,0.894828736782074,1420.234375,1385.29248046875,1459.23388671875,1458.143310546875,1439.734130859375,1421.7178955078125,38.99951171875,72.850830078125
IMG_0038.mp4,587,19.586233333333332,29.97002997002997,325,2,traffic_signs,0.9303324818611145,2562.452880859375,1193.6536865234375,2707.95556640625,1342.1103515625,2635.2042236328125,1267.8820190429688,145.502685546875,148.4566650390625
IMG_0038.mp4,587,19.586233333333332,29.97002997002997,2,2,traffic_signs,0.3103826940059662,1496.758544921875,821.6721801757812,1710.1212158203125,1082.706298828125,1603.4398803710938,952.1892395019531,213.3626708984375,261.03411865234375
IMG_0038.mp4,587,19.586233333333332,29.97002997002997,306,0,auth_label,0.9184861779212952,2334.133056640625,1270.60791015625,2451.87890625,1713.9837646484375,2393.0059814453125,1492.2958374023438,117.745849609375,443.3758544921875
IMG_0038.mp4,587,19.586233333333332,29.97002997002997,318,0,auth_label,0.8705070614814758,2669.158203125,1273.3555908203125,2728.124267578125,1714.70263671875,2698.6412353515625,1494.0291137695312,58.966064453125,441.3470458984375
IMG_0038.mp4,587,19.586233333333332,29.97002997002997,356,2,traffic_signs,0.8465433716773987,3182.3076171875,1466.4102783203125,3212.060546875,1533.503662109375,3197.18408203125,1499.9569702148438,29.7529296875,67.0933837890625
IMG_0038.mp4,587,19.586233333333332,29.97002997002997,340,0,auth_label,0.8386796712875366,2473.2978515625,1244.45361328125,2648.930908203125,1704.59228515625,2561.1143798828125,1474.52294921875,175.633056640625,460.138671875
IMG_0038.mp4,587,19.586233333333332,29.97002997002997,328,2,traffic_signs,0.7157691121101379,2403.143798828125,1060.2076416015625,2483.928466796875,1165.0521240234375,2443.5361328125,1112.6298828125,80.78466796875,104.844482421875
IMG_0038.mp4,588,19.619600000000002,29.97002997002997,270,2,traffic_signs,0.8854771852493286,1396.197998046875,1385.2376708984375,1434.466796875,1456.613525390625,1415.3323974609375,1420.9255981445312,38.268798828125,71.3758544921875
IMG_0038.mp4,588,19.619600000000002,29.97002997002997,325,2,traffic_signs,0.6862947344779968,2543.44921875,1191.7255859375,2684.99853515625,1340.44140625,2614.223876953125,1266.08349609375,141.54931640625,148.7158203125
IMG_0038.mp4,588,19.619600000000002,29.97002997002997,2,2,traffic_signs,0.9277415871620178,1460.37060546875,808.8268432617188,1679.471435546875,1087.94775390625,1569.9210205078125,948.3872985839844,219.100830078125,279.12091064453125
IMG_0038.mp4,588,19.619600000000002,29.97002997002997,318,0,auth_label,0.4755306541919708,2650.237060546875,1325.4998779296875,2699.285400390625,1716.4166259765625,2674.76123046875,1520.958251953125,49.04833984375,390.916748046875
IMG_0038.mp4,588,19.619600000000002,29.97002997002997,356,2,traffic_signs,0.8598299622535706,3156.083251953125,1469.2503662109375,3184.71533203125,1535.1756591796875,3170.3992919921875,1502.2130126953125,28.632080078125,65.92529296875
IMG_0038.mp4,588,19.619600000000002,29.97002997002997,328,2,traffic_signs,0.7837772965431213,2382.939208984375,1057.0438232421875,2465.16064453125,1162.0657958984375,2424.0499267578125,1109.5548095703125,82.221435546875,105.02197265625
IMG_0038.mp4,588,19.619600000000002,29.97002997002997,293,1,traffic_lights,0.5363681316375732,1282.2708740234375,1091.5452880859375,1325.8118896484375,1172.80126953125,1304.0413818359375,1132.1732788085938,43.541015625,81.2559814453125
IMG_0038.mp4,589,19.652966666666668,29.97002997002997,270,2,traffic_signs,0.8760292530059814,1365.5888671875,1381.0771484375,1404.597412109375,1455.7894287109375,1385.0931396484375,1418.4332885742188,39.008544921875,74.7122802734375
IMG_0038.mp4,589,19.652966666666668,29.97002997002997,325,2,traffic_signs,0.9414219260215759,2522.065673828125,1186.43359375,2666.909912109375,1334.8973388671875,2594.48779296875,1260.6654663085938,144.84423828125,148.4637451171875
IMG_0038.mp4,589,19.652966666666668,29.97002997002997,2,2,traffic_signs,0.9248127937316895,1421.4154052734375,789.7871704101562,1643.5054931640625,1079.2847900390625,1532.46044921875,934.5359802246094,222.090087890625,289.49761962890625
IMG_0038.mp4,589,19.652966666666668,29.97002997002997,318,0,auth_label,0.7087335586547852,2633.7197265625,1300.55029296875,2676.38037109375,1608.9990234375,2655.050048828125,1454.774658203125,42.66064453125,308.44873046875
IMG_0038.mp4,589,19.652966666666668,29.97002997002997,356,2,traffic_signs,0.5331816673278809,3129.533447265625,1470.3492431640625,3159.02294921875,1532.9256591796875,3144.2781982421875,1501.637451171875,29.489501953125,62.576416015625
IMG_0038.mp4,589,19.652966666666668,29.97002997002997,328,2,traffic_signs,0.8382460474967957,2362.393310546875,1050.1744384765625,2443.312255859375,1156.592529296875,2402.852783203125,1103.3834838867188,80.9189453125,106.4180908203125
IMG_0038.mp4,589,19.652966666666668,29.97002997002997,293,1,traffic_lights,0.7427190542221069,1255.4569091796875,1084.55322265625,1297.09423828125,1169.10498046875,1276.2755737304688,1126.8291015625,41.6373291015625,84.5517578125
IMG_0038.mp4,589,19.652966666666668,29.97002997002997,321,0,auth_label,0.30363771319389343,2434.256103515625,1261.325927734375,2615.476806640625,1491.781982421875,2524.866455078125,1376.553955078125,181.220703125,230.4560546875
IMG_0038.mp4,590,19.686333333333334,29.97002997002997,270,2,traffic_signs,0.8682684302330017,1338.4217529296875,1379.59619140625,1376.798583984375,1452.93017578125,1357.6101684570312,1416.26318359375,38.3768310546875,73.333984375
IMG_0038.mp4,590,19.686333333333334,29.97002997002997,325,2,traffic_signs,0.7220856547355652,2503.323974609375,1184.101318359375,2648.521728515625,1333.800048828125,2575.9228515625,1258.95068359375,145.19775390625,149.69873046875
IMG_0038.mp4,590,19.686333333333334,29.97002997002997,2,2,traffic_signs,0.9075124859809875,1381.4130859375,770.700439453125,1610.8055419921875,1068.2452392578125,1496.1093139648438,919.4728393554688,229.3924560546875,297.5447998046875
IMG_0038.mp4,590,19.686333333333334,29.97002997002997,318,0,auth_label,0.4100305438041687,2615.456298828125,1286.7735595703125,2660.235107421875,1701.4403076171875,2637.845703125,1494.10693359375,44.77880859375,414.666748046875
IMG_0038.mp4,590,19.686333333333334,29.97002997002997,356,2,traffic_signs,0.8475240468978882,3105.35791015625,1464.499267578125,3135.32373046875,1532.6988525390625,3120.3408203125,1498.5990600585938,29.9658203125,68.1995849609375
IMG_0038.mp4,590,19.686333333333334,29.97002997002997,328,2,traffic_signs,0.8304967284202576,2343.976318359375,1044.8177490234375,2423.06787109375,1151.3665771484375,2383.5220947265625,1098.0921630859375,79.091552734375,106.548828125
IMG_0038.mp4,590,19.686333333333334,29.97002997002997,293,1,traffic_lights,0.7138553261756897,1228.0546875,1078.3480224609375,1270.5579833984375,1164.3896484375,1249.3063354492188,1121.3688354492188,42.5032958984375,86.0416259765625
IMG_0038.mp4,590,19.686333333333334,29.97002997002997,348,2,traffic_signs,0.6014397144317627,2502.55859375,1183.273681640625,2642.499755859375,1335.217041015625,2572.5291748046875,1259.245361328125,139.941162109375,151.943359375
IMG_0038.mp4,590,19.686333333333334,29.97002997002997,306,0,auth_label,0.9327096939086914,2269.43359375,1271.9471435546875,2386.6689453125,1716.7283935546875,2328.05126953125,1494.3377685546875,117.2353515625,444.78125
IMG_0038.mp4,591,19.7197,29.97002997002997,270,2,traffic_signs,0.8783295154571533,1311.952392578125,1377.244140625,1351.0140380859375,1450.8087158203125,1331.4832153320312,1414.0264282226562,39.0616455078125,73.5645751953125
IMG_0038.mp4,591,19.7197,29.97002997002997,325,2,traffic_signs,0.8817766904830933,2480.675537109375,1181.837158203125,2626.8994140625,1332.1029052734375,2553.7874755859375,1256.9700317382812,146.223876953125,150.2657470703125
IMG_0038.mp4,591,19.7197,29.97002997002997,2,2,traffic_signs,0.9234594702720642,1340.096923828125,751.3973388671875,1576.0902099609375,1056.0537109375,1458.0935668945312,903.7255249023438,235.9932861328125,304.6563720703125
IMG_0038.mp4,591,19.7197,29.97002997002997,318,0,auth_label,0.8832506537437439,2588.59521484375,1280.0997314453125,2639.74755859375,1687.014892578125,2614.17138671875,1483.5573120117188,51.15234375,406.9151611328125
IMG_0038.mp4,591,19.7197,29.97002997002997,356,2,traffic_signs,0.8509638905525208,3078.0849609375,1465.80419921875,3107.113525390625,1533.20458984375,3092.5992431640625,1499.50439453125,29.028564453125,67.400390625
IMG_0038.mp4,591,19.7197,29.97002997002997,328,2,traffic_signs,0.8159860372543335,2319.377197265625,1039.344970703125,2402.0263671875,1148.794189453125,2360.7017822265625,1094.069580078125,82.649169921875,109.44921875
IMG_0038.mp4,591,19.7197,29.97002997002997,293,1,traffic_lights,0.3438416123390198,1201.3275146484375,1073.56591796875,1244.635009765625,1160.853515625,1222.9812622070312,1117.209716796875,43.3074951171875,87.28759765625
IMG_0038.mp4,591,19.7197,29.97002997002997,364,1,traffic_lights,0.6693504452705383,1010.9434204101562,1444.67333984375,1067.5618896484375,1514.0289306640625,1039.2526550292969,1479.3511352539062,56.61846923828125,69.3555908203125
IMG_0038.mp4,591,19.7197,29.97002997002997,306,0,auth_label,0.9288992881774902,2248.9833984375,1269.60498046875,2364.00732421875,1719.3355712890625,2306.495361328125,1494.4702758789062,115.02392578125,449.7305908203125
IMG_0038.mp4,591,19.7197,29.97002997002997,337,1,traffic_lights,0.544174313545227,1242.2747802734375,1391.0257568359375,1273.3868408203125,1473.34423828125,1257.830810546875,1432.1849975585938,31.112060546875,82.3184814453125
IMG_0038.mp4,591,19.7197,29.97002997002997,329,1,traffic_lights,0.5239541530609131,2322.490234375,1161.7584228515625,2393.56396484375,1332.6717529296875,2358.027099609375,1247.215087890625,71.07373046875,170.913330078125
IMG_0038.mp4,591,19.7197,29.97002997002997,340,0,auth_label,0.7785620093345642,2387.58544921875,1243.0037841796875,2510.474365234375,1716.5704345703125,2449.0299072265625,1479.787109375,122.888916015625,473.566650390625
IMG_0038.mp4,592,19.753066666666665,29.97002997002997,270,2,traffic_signs,0.8525122404098511,1285.6646728515625,1374.507080078125,1324.67138671875,1449.3968505859375,1305.1680297851562,1411.9519653320312,39.0067138671875,74.8897705078125
IMG_0038.mp4,592,19.753066666666665,29.97002997002997,325,2,traffic_signs,0.8781591057777405,2459.395263671875,1178.6773681640625,2606.011962890625,1332.1143798828125,2532.70361328125,1255.3958740234375,146.61669921875,153.43701171875
IMG_0038.mp4,592,19.753066666666665,29.97002997002997,2,2,traffic_signs,0.9050756692886353,1298.4139404296875,731.7760620117188,1541.2933349609375,1040.497802734375,1419.8536376953125,886.1369323730469,242.87939453125,308.72174072265625
IMG_0038.mp4,592,19.753066666666665,29.97002997002997,318,0,auth_label,0.6360085606575012,2556.37158203125,1277.2152099609375,2610.169921875,1721.0406494140625,2583.270751953125,1499.1279296875,53.79833984375,443.825439453125
IMG_0038.mp4,592,19.753066666666665,29.97002997002997,356,2,traffic_signs,0.8499891757965088,3050.504638671875,1466.830810546875,3079.501708984375,1534.24365234375,3065.003173828125,1500.5372314453125,28.9970703125,67.412841796875
IMG_0038.mp4,592,19.753066666666665,29.97002997002997,328,2,traffic_signs,0.7189194560050964,2295.646240234375,1035.0970458984375,2381.682373046875,1145.0576171875,2338.664306640625,1090.0773315429688,86.0361328125,109.9605712890625
IMG_0038.mp4,592,19.753066666666665,29.97002997002997,293,1,traffic_lights,0.6866959929466248,1175.487548828125,1069.789794921875,1218.2470703125,1156.8299560546875,1196.8673095703125,1113.3098754882812,42.759521484375,87.0401611328125
IMG_0038.mp4,592,19.753066666666665,29.97002997002997,364,1,traffic_lights,0.36307573318481445,985.3138427734375,1444.2127685546875,1038.5718994140625,1509.2279052734375,1011.94287109375,1476.7203369140625,53.258056640625,65.01513671875
IMG_0038.mp4,592,19.753066666666665,29.97002997002997,306,0,auth_label,0.9599754214286804,2226.5517578125,1269.6025390625,2341.8330078125,1718.3984375,2284.1923828125,1494.00048828125,115.28125,448.7958984375
IMG_0038.mp4,592,19.753066666666665,29.97002997002997,340,0,auth_label,0.2904471755027771,2369.3740234375,1245.0279541015625,2501.873291015625,1717.3948974609375,2435.6236572265625,1481.21142578125,132.499267578125,472.366943359375
IMG_0038.mp4,593,19.786433333333335,29.97002997002997,270,2,traffic_signs,0.8809612393379211,1255.561279296875,1370.4066162109375,1295.8902587890625,1447.6402587890625,1275.7257690429688,1409.0234375,40.3289794921875,77.233642578125
IMG_0038.mp4,593,19.786433333333335,29.97002997002997,325,2,traffic_signs,0.87088942527771,2437.429931640625,1175.265625,2585.125,1329.2960205078125,2511.2774658203125,1252.2808227539062,147.695068359375,154.0303955078125
IMG_0038.mp4,593,19.786433333333335,29.97002997002997,2,2,traffic_signs,0.8998876810073853,1254.0390625,710.5106811523438,1502.6859130859375,1024.720947265625,1378.3624877929688,867.6158142089844,248.6468505859375,314.21026611328125
IMG_0038.mp4,593,19.786433333333335,29.97002997002997,318,0,auth_label,0.8474932909011841,2532.505126953125,1268.0589599609375,2587.683837890625,1729.602783203125,2560.094482421875,1498.8308715820312,55.1787109375,461.5438232421875
IMG_0038.mp4,593,19.786433333333335,29.97002997002997,356,2,traffic_signs,0.8665380477905273,3025.594970703125,1468.6741943359375,3053.226806640625,1535.1424560546875,3039.410888671875,1501.9083251953125,27.6318359375,66.46826171875
IMG_0038.mp4,593,19.786433333333335,29.97002997002997,328,2,traffic_signs,0.8395482897758484,2272.20751953125,1030.0457763671875,2360.107666015625,1140.5609130859375,2316.1575927734375,1085.3033447265625,87.900146484375,110.51513671875
IMG_0038.mp4,593,19.786433333333335,29.97002997002997,293,1,traffic_lights,0.7855821251869202,1146.8494873046875,1063.7265625,1189.485107421875,1150.7764892578125,1168.1672973632812,1107.2515258789062,42.6356201171875,87.0499267578125
IMG_0038.mp4,593,19.786433333333335,29.97002997002997,364,1,traffic_lights,0.3982364237308502,948.588134765625,1438.5343017578125,1005.421142578125,1510.1195068359375,977.004638671875,1474.326904296875,56.8330078125,71.585205078125
IMG_0038.mp4,593,19.786433333333335,29.97002997002997,306,0,auth_label,0.94415682554245,2204.5146484375,1269.7706298828125,2319.560791015625,1717.8160400390625,2262.0377197265625,1493.7933349609375,115.046142578125,448.04541015625
IMG_0038.mp4,593,19.786433333333335,29.97002997002997,367,2,traffic_signs,0.8536384701728821,3180.2373046875,1587.7303466796875,3235.321044921875,1642.984130859375,3207.7791748046875,1615.3572387695312,55.083740234375,55.2537841796875
IMG_0038.mp4,593,19.786433333333335,29.97002997002997,337,1,traffic_lights,0.7525564432144165,1188.6962890625,1383.3494873046875,1219.2811279296875,1468.528076171875,1203.9887084960938,1425.9387817382812,30.5848388671875,85.1785888671875
IMG_0038.mp4,593,19.786433333333335,29.97002997002997,329,1,traffic_lights,0.566329836845398,2276.260498046875,1153.0035400390625,2357.228515625,1332.2557373046875,2316.7445068359375,1242.629638671875,80.968017578125,179.252197265625
IMG_0038.mp4,594,19.8198,29.97002997002997,270,2,traffic_signs,0.7715235948562622,1228.0167236328125,1367.0570068359375,1263.2847900390625,1447.175048828125,1245.6507568359375,1407.1160278320312,35.26806640625,80.1180419921875
IMG_0038.mp4,594,19.8198,29.97002997002997,325,2,traffic_signs,0.9109333753585815,2415.555419921875,1172.3746337890625,2563.67626953125,1325.2615966796875,2489.6158447265625,1248.818115234375,148.120849609375,152.886962890625
IMG_0038.mp4,594,19.8198,29.97002997002997,2,2,traffic_signs,0.8984146118164062,1209.555419921875,689.4579467773438,1467.0367431640625,1010.6066284179688,1338.2960815429688,850.0322875976562,257.4813232421875,321.148681640625
IMG_0038.mp4,594,19.8198,29.97002997002997,356,2,traffic_signs,0.8588453531265259,2998.978515625,1469.4896240234375,3025.79443359375,1535.096435546875,3012.386474609375,1502.2930297851562,26.81591796875,65.6068115234375
IMG_0038.mp4,594,19.8198,29.97002997002997,328,2,traffic_signs,0.8817487955093384,2251.7919921875,1025.7332763671875,2340.690185546875,1134.77294921875,2296.2410888671875,1080.2531127929688,88.898193359375,109.0396728515625
IMG_0038.mp4,594,19.8198,29.97002997002997,293,1,traffic_lights,0.8048568964004517,1120.1640625,1059.5230712890625,1164.7708740234375,1146.6185302734375,1142.4674682617188,1103.07080078125,44.6068115234375,87.095458984375
IMG_0038.mp4,594,19.8198,29.97002997002997,364,1,traffic_lights,0.5536127686500549,919.7150268554688,1435.3184814453125,978.4871215820312,1502.7205810546875,949.10107421875,1469.01953125,58.7720947265625,67.402099609375
IMG_0038.mp4,594,19.8198,29.97002997002997,306,0,auth_label,0.9405003190040588,2182.53759765625,1265.1715087890625,2297.67236328125,1717.881591796875,2240.10498046875,1491.5265502929688,115.134765625,452.7100830078125
IMG_0038.mp4,594,19.8198,29.97002997002997,367,2,traffic_signs,0.6891538500785828,3149.82958984375,1586.218994140625,3205.282958984375,1643.7276611328125,3177.5562744140625,1614.9733276367188,55.453369140625,57.5086669921875
IMG_0038.mp4,594,19.8198,29.97002997002997,337,1,traffic_lights,0.5327069163322449,1161.2703857421875,1380.60546875,1194.123779296875,1467.0389404296875,1177.6970825195312,1423.8222045898438,32.8533935546875,86.4334716796875
IMG_0038.mp4,594,19.8198,29.97002997002997,329,1,traffic_lights,0.43573617935180664,2253.207763671875,1149.659912109375,2330.230224609375,1326.8936767578125,2291.718994140625,1238.2767944335938,77.0224609375,177.2337646484375
IMG_0038.mp4,594,19.8198,29.97002997002997,321,0,auth_label,0.3448385000228882,2321.845947265625,1237.2059326171875,2498.962890625,1523.2933349609375,2410.4044189453125,1380.2496337890625,177.116943359375,286.08740234375
IMG_0038.mp4,594,19.8198,29.97002997002997,340,0,auth_label,0.7093599438667297,2323.113525390625,1235.6318359375,2488.645263671875,1712.2559814453125,2405.87939453125,1473.9439086914062,165.53173828125,476.6241455078125
IMG_0038.mp4,595,19.853166666666667,29.97002997002997,325,2,traffic_signs,0.899713933467865,2392.8046875,1167.792724609375,2543.019775390625,1324.8153076171875,2467.9122314453125,1246.3040161132812,150.215087890625,157.0225830078125
IMG_0038.mp4,595,19.853166666666667,29.97002997002997,2,2,traffic_signs,0.6299813985824585,1162.948486328125,663.7926025390625,1427.458740234375,990.9725952148438,1295.20361328125,827.3825988769531,264.51025390625,327.17999267578125
IMG_0038.mp4,595,19.853166666666667,29.97002997002997,356,2,traffic_signs,0.863523006439209,2975.626220703125,1469.994384765625,3001.607421875,1535.50732421875,2988.6168212890625,1502.7508544921875,25.981201171875,65.512939453125
IMG_0038.mp4,595,19.853166666666667,29.97002997002997,328,2,traffic_signs,0.8615720272064209,2234.783203125,1018.2283325195312,2319.79052734375,1129.63037109375,2277.286865234375,1073.9293518066406,85.00732421875,111.40203857421875
IMG_0038.mp4,595,19.853166666666667,29.97002997002997,293,1,traffic_lights,0.7843776345252991,1094.037109375,1050.8741455078125,1137.388671875,1139.4495849609375,1115.712890625,1095.161865234375,43.3515625,88.575439453125
IMG_0038.mp4,595,19.853166666666667,29.97002997002997,364,1,traffic_lights,0.7697318196296692,885.6919555664062,1434.8154296875,947.4224243164062,1502.2305908203125,916.5571899414062,1468.5230102539062,61.73046875,67.4151611328125
IMG_0038.mp4,595,19.853166666666667,29.97002997002997,306,0,auth_label,0.9502129554748535,2162.526611328125,1267.460205078125,2273.71728515625,1717.6357421875,2218.1219482421875,1492.5479736328125,111.190673828125,450.175537109375
IMG_0038.mp4,595,19.853166666666667,29.97002997002997,367,2,traffic_signs,0.5062844157218933,3122.493408203125,1585.2998046875,3176.68359375,1647.4193115234375,3149.5885009765625,1616.3595581054688,54.190185546875,62.1195068359375
IMG_0038.mp4,595,19.853166666666667,29.97002997002997,329,1,traffic_lights,0.5408234596252441,2230.02587890625,1142.938720703125,2312.96826171875,1320.5013427734375,2271.4970703125,1231.7200317382812,82.9423828125,177.5626220703125
IMG_0038.mp4,595,19.853166666666667,29.97002997002997,369,2,traffic_signs,0.9177384972572327,3364.830322265625,1521.094970703125,3420.71484375,1569.031005859375,3392.7725830078125,1545.06298828125,55.884521484375,47.93603515625
IMG_0038.mp4,595,19.853166666666667,29.97002997002997,321,0,auth_label,0.4299356937408447,2298.827880859375,1234.447265625,2474.090576171875,1641.0225830078125,2386.459228515625,1437.7349243164062,175.2626953125,406.5753173828125
IMG_0038.mp4,595,19.853166666666667,29.97002997002997,340,0,auth_label,0.49139609932899475,2299.0107421875,1237.9114990234375,2472.0869140625,1711.0079345703125,2385.548828125,1474.459716796875,173.076171875,473.096435546875
IMG_0038.mp4,596,19.886533333333333,29.97002997002997,325,2,traffic_signs,0.9065147042274475,2371.938720703125,1162.66357421875,2521.800048828125,1322.821044921875,2446.869384765625,1242.7423095703125,149.861328125,160.157470703125
IMG_0038.mp4,596,19.886533333333333,29.97002997002997,2,2,traffic_signs,0.8350723385810852,1113.090576171875,639.7847290039062,1387.163330078125,974.6442260742188,1250.126953125,807.2144775390625,274.07275390625,334.8594970703125
IMG_0038.mp4,596,19.886533333333333,29.97002997002997,356,2,traffic_signs,0.8560163974761963,2949.81396484375,1471.6669921875,2975.5634765625,1535.288330078125,2962.688720703125,1503.4776611328125,25.74951171875,63.621337890625
IMG_0038.mp4,596,19.886533333333333,29.97002997002997,328,2,traffic_signs,0.7019665241241455,2214.042724609375,1011.6320190429688,2298.376953125,1125.1529541015625,2256.2098388671875,1068.3924865722656,84.334228515625,113.52093505859375
IMG_0038.mp4,596,19.886533333333333,29.97002997002997,293,1,traffic_lights,0.8689964413642883,1064.109130859375,1045.89208984375,1109.69091796875,1133.309814453125,1086.9000244140625,1089.6009521484375,45.581787109375,87.417724609375
IMG_0038.mp4,596,19.886533333333333,29.97002997002997,364,1,traffic_lights,0.5017189979553223,854.46875,1432.2960205078125,916.0291748046875,1502.4183349609375,885.2489624023438,1467.357177734375,61.5604248046875,70.122314453125
IMG_0038.mp4,596,19.886533333333333,29.97002997002997,306,0,auth_label,0.9325466752052307,2140.54736328125,1264.5882568359375,2252.21044921875,1716.6134033203125,2196.37890625,1490.600830078125,111.6630859375,452.025146484375
IMG_0038.mp4,596,19.886533333333333,29.97002997002997,367,2,traffic_signs,0.33865413069725037,3093.713623046875,1586.3189697265625,3145.549072265625,1645.3094482421875,3119.63134765625,1615.814208984375,51.83544921875,58.990478515625
IMG_0038.mp4,596,19.886533333333333,29.97002997002997,369,2,traffic_signs,0.9222434163093567,3335.256591796875,1521.364013671875,3390.03466796875,1569.6480712890625,3362.6456298828125,1545.5060424804688,54.778076171875,48.2840576171875
IMG_0038.mp4,596,19.886533333333333,29.97002997002997,340,0,auth_label,0.7828710079193115,2277.42138671875,1224.1383056640625,2456.150634765625,1710.7943115234375,2366.7860107421875,1467.46630859375,178.729248046875,486.656005859375
IMG_0038.mp4,596,19.886533333333333,29.97002997002997,337,1,traffic_lights,0.6454914212226868,1099.212158203125,1375.987548828125,1133.2041015625,1464.598388671875,1116.2081298828125,1420.29296875,33.991943359375,88.61083984375
IMG_0038.mp4,597,19.919900000000002,29.97002997002997,325,2,traffic_signs,0.9139513969421387,2352.7099609375,1160.760986328125,2500.65673828125,1322.5228271484375,2426.683349609375,1241.6419067382812,147.94677734375,161.7618408203125
IMG_0038.mp4,597,19.919900000000002,29.97002997002997,2,2,traffic_signs,0.7690089344978333,1062.6239013671875,613.8990478515625,1345.7015380859375,957.5145874023438,1204.1627197265625,785.7068176269531,283.07763671875,343.61553955078125
IMG_0038.mp4,597,19.919900000000002,29.97002997002997,356,2,traffic_signs,0.8616383671760559,2924.546630859375,1473.01806640625,2949.24267578125,1535.4443359375,2936.8946533203125,1504.231201171875,24.696044921875,62.42626953125
IMG_0038.mp4,597,19.919900000000002,29.97002997002997,328,2,traffic_signs,0.8491860628128052,2193.352783203125,1005.0380249023438,2277.609619140625,1120.0704345703125,2235.481201171875,1062.5542297363281,84.2568359375,115.03240966796875
IMG_0038.mp4,597,19.919900000000002,29.97002997002997,293,1,traffic_lights,0.4995706081390381,1033.277587890625,1039.001708984375,1082.1558837890625,1128.6004638671875,1057.7167358398438,1083.8010864257812,48.8782958984375,89.5987548828125
IMG_0038.mp4,597,19.919900000000002,29.97002997002997,364,1,traffic_lights,0.5433819890022278,825.19775390625,1430.1556396484375,885.4155883789062,1496.0037841796875,855.3066711425781,1463.0797119140625,60.21783447265625,65.84814453125
IMG_0038.mp4,597,19.919900000000002,29.97002997002997,306,0,auth_label,0.8811076879501343,2118.04736328125,1263.166259765625,2229.296630859375,1715.8804931640625,2173.6719970703125,1489.5233764648438,111.249267578125,452.7142333984375
IMG_0038.mp4,597,19.919900000000002,29.97002997002997,367,2,traffic_signs,0.7885292768478394,3065.480712890625,1586.4140625,3119.271484375,1645.7242431640625,3092.3760986328125,1616.0691528320312,53.790771484375,59.3101806640625
IMG_0038.mp4,597,19.919900000000002,29.97002997002997,369,2,traffic_signs,0.9070877432823181,3304.052001953125,1522.1195068359375,3357.09521484375,1570.0928955078125,3330.5736083984375,1546.106201171875,53.043212890625,47.973388671875
IMG_0038.mp4,597,19.919900000000002,29.97002997002997,340,0,auth_label,0.4726662337779999,2252.293212890625,1225.2197265625,2434.29638671875,1707.7156982421875,2343.2947998046875,1466.4677124023438,182.003173828125,482.4959716796875
IMG_0038.mp4,597,19.919900000000002,29.97002997002997,318,0,auth_label,0.5880846977233887,2449.872802734375,1276.324951171875,2496.40234375,1653.054931640625,2473.1375732421875,1464.68994140625,46.529541015625,376.72998046875
IMG_0038.mp4,597,19.919900000000002,29.97002997002997,270,2,traffic_signs,0.9030866026878357,1140.0145263671875,1356.160888671875,1180.797607421875,1436.90673828125,1160.4060668945312,1396.5338134765625,40.7830810546875,80.745849609375
IMG_0038.mp4,598,19.953266666666668,29.97002997002997,325,2,traffic_signs,0.9193766713142395,2330.628173828125,1156.5489501953125,2479.056396484375,1315.6966552734375,2404.84228515625,1236.122802734375,148.42822265625,159.147705078125
IMG_0038.mp4,598,19.953266666666668,29.97002997002997,2,2,traffic_signs,0.6704726219177246,1014.5275268554688,588.4041748046875,1303.816650390625,936.2178344726562,1159.1720886230469,762.3110046386719,289.28912353515625,347.81365966796875
IMG_0038.mp4,598,19.953266666666668,29.97002997002997,356,2,traffic_signs,0.8542306423187256,2898.278076171875,1474.5360107421875,2922.78271484375,1534.744140625,2910.5303955078125,1504.6400756835938,24.504638671875,60.2081298828125
IMG_0038.mp4,598,19.953266666666668,29.97002997002997,328,2,traffic_signs,0.9053813219070435,2171.90625,999.6663818359375,2255.919677734375,1115.0799560546875,2213.9129638671875,1057.3731689453125,84.013427734375,115.41357421875
IMG_0038.mp4,598,19.953266666666668,29.97002997002997,293,1,traffic_lights,0.6965224742889404,1005.7041015625,1033.4998779296875,1056.622802734375,1122.895263671875,1031.1634521484375,1078.1975708007812,50.918701171875,89.3953857421875
IMG_0038.mp4,598,19.953266666666668,29.97002997002997,364,1,traffic_lights,0.7766141891479492,791.20751953125,1428.917724609375,854.7353515625,1488.0308837890625,822.971435546875,1458.4743041992188,63.52783203125,59.1131591796875
IMG_0038.mp4,598,19.953266666666668,29.97002997002997,306,0,auth_label,0.9156000018119812,2097.1787109375,1265.51953125,2207.699462890625,1714.8623046875,2152.4390869140625,1490.19091796875,110.520751953125,449.3427734375
IMG_0038.mp4,598,19.953266666666668,29.97002997002997,367,2,traffic_signs,0.859078586101532,3037.032470703125,1586.8001708984375,3091.0458984375,1645.098876953125,3064.0391845703125,1615.9495239257812,54.013427734375,58.2987060546875
IMG_0038.mp4,598,19.953266666666668,29.97002997002997,369,2,traffic_signs,0.9164853692054749,3270.97900390625,1523.2498779296875,3323.587646484375,1570.4788818359375,3297.2833251953125,1546.8643798828125,52.608642578125,47.22900390625
IMG_0038.mp4,598,19.953266666666668,29.97002997002997,340,0,auth_label,0.8958336710929871,2229.516845703125,1227.2027587890625,2414.83251953125,1703.847412109375,2322.1746826171875,1465.5250854492188,185.315673828125,476.6446533203125
IMG_0038.mp4,598,19.953266666666668,29.97002997002997,318,0,auth_label,0.6319796442985535,2430.6767578125,1293.71337890625,2479.18408203125,1643.4473876953125,2454.930419921875,1468.5803833007812,48.50732421875,349.7340087890625
IMG_0038.mp4,598,19.953266666666668,29.97002997002997,270,2,traffic_signs,0.8917919397354126,1111.8946533203125,1352.688232421875,1153.0040283203125,1435.0548095703125,1132.4493408203125,1393.8715209960938,41.109375,82.3665771484375
IMG_0038.mp4,599,19.986633333333334,29.97002997002997,325,2,traffic_signs,0.912897527217865,2309.634033203125,1153.03271484375,2458.47265625,1310.156005859375,2384.0533447265625,1231.5943603515625,148.838623046875,157.123291015625
IMG_0038.mp4,599,19.986633333333334,29.97002997002997,2,2,traffic_signs,0.31068968772888184,956.9957275390625,558.6259765625,1257.7435302734375,915.5328979492188,1107.36962890625,737.0794372558594,300.747802734375,356.90692138671875
IMG_0038.mp4,599,19.986633333333334,29.97002997002997,356,2,traffic_signs,0.858313262462616,2873.22216796875,1474.3035888671875,2897.7451171875,1535.0079345703125,2885.483642578125,1504.65576171875,24.52294921875,60.704345703125
IMG_0038.mp4,599,19.986633333333334,29.97002997002997,328,2,traffic_signs,0.8582219481468201,2150.353271484375,992.9978637695312,2232.69287109375,1108.509521484375,2191.5230712890625,1050.7536926269531,82.339599609375,115.51165771484375
IMG_0038.mp4,599,19.986633333333334,29.97002997002997,293,1,traffic_lights,0.6964008808135986,972.9505004882812,1026.4290771484375,1027.5977783203125,1116.2559814453125,1000.2741394042969,1071.342529296875,54.64727783203125,89.826904296875
IMG_0038.mp4,599,19.986633333333334,29.97002997002997,364,1,traffic_lights,0.6987423300743103,753.6307983398438,1425.259521484375,818.2443237304688,1488.9595947265625,785.9375610351562,1457.1095581054688,64.613525390625,63.7000732421875
IMG_0038.mp4,599,19.986633333333334,29.97002997002997,306,0,auth_label,0.7252660989761353,2074.220458984375,1267.25439453125,2182.698486328125,1714.29541015625,2128.45947265625,1490.77490234375,108.47802734375,447.041015625
IMG_0038.mp4,599,19.986633333333334,29.97002997002997,367,2,traffic_signs,0.8064309358596802,3010.416259765625,1587.534423828125,3061.3359375,1645.04345703125,3035.8760986328125,1616.2889404296875,50.919677734375,57.509033203125
IMG_0038.mp4,599,19.986633333333334,29.97002997002997,369,2,traffic_signs,0.9178861379623413,3240.374755859375,1523.9298095703125,3293.0927734375,1570.5587158203125,3266.7337646484375,1547.2442626953125,52.718017578125,46.62890625
IMG_0038.mp4,599,19.986633333333334,29.97002997002997,340,0,auth_label,0.7646277546882629,2202.24169921875,1228.5482177734375,2390.686767578125,1703.9281005859375,2296.4642333984375,1466.2381591796875,188.445068359375,475.3798828125
IMG_0038.mp4,599,19.986633333333334,29.97002997002997,318,0,auth_label,0.684003472328186,2408.914306640625,1275.378173828125,2453.556396484375,1690.063720703125,2431.2353515625,1482.720947265625,44.64208984375,414.685546875
IMG_0038.mp4,599,19.986633333333334,29.97002997002997,270,2,traffic_signs,0.9015367031097412,1078.9593505859375,1348.9298095703125,1121.35498046875,1432.2733154296875,1100.1571655273438,1390.6015625,42.3956298828125,83.343505859375
IMG_0038.mp4,600,20.02,29.97002997002997,325,2,traffic_signs,0.9329861402511597,2288.01611328125,1148.5540771484375,2437.914306640625,1307.8358154296875,2362.9652099609375,1228.1949462890625,149.898193359375,159.28173828125
IMG_0038.mp4,600,20.02,29.97002997002997,2,2,traffic_signs,0.286125510931015,900.9666137695312,526.9558715820312,1213.4898681640625,893.4029541015625,1057.2282409667969,710.1794128417969,312.52325439453125,366.44708251953125
IMG_0038.mp4,600,20.02,29.97002997002997,356,2,traffic_signs,0.8455860018730164,2849.162109375,1474.724853515625,2873.395751953125,1535.0494384765625,2861.2789306640625,1504.8871459960938,24.233642578125,60.3245849609375
IMG_0038.mp4,600,20.02,29.97002997002997,328,2,traffic_signs,0.796839714050293,2122.529296875,987.029296875,2213.975341796875,1100.10009765625,2168.2523193359375,1043.564697265625,91.446044921875,113.07080078125
IMG_0038.mp4,600,20.02,29.97002997002997,293,1,traffic_lights,0.8940702676773071,942.0552978515625,1019.7870483398438,995.3010864257812,1110.0465087890625,968.6781921386719,1064.9167785644531,53.24578857421875,90.25946044921875
IMG_0038.mp4,600,20.02,29.97002997002997,306,0,auth_label,0.9378358721733093,2052.15478515625,1264.4427490234375,2160.791748046875,1711.04931640625,2106.4732666015625,1487.7460327148438,108.636962890625,446.6065673828125
IMG_0038.mp4,600,20.02,29.97002997002997,367,2,traffic_signs,0.8578809499740601,2984.04736328125,1588.2098388671875,3032.757568359375,1644.5191650390625,3008.4024658203125,1616.364501953125,48.710205078125,56.309326171875
IMG_0038.mp4,600,20.02,29.97002997002997,369,2,traffic_signs,0.9135631322860718,3211.567626953125,1524.796630859375,3263.063720703125,1570.850830078125,3237.315673828125,1547.82373046875,51.49609375,46.05419921875
IMG_0038.mp4,600,20.02,29.97002997002997,318,0,auth_label,0.48010969161987305,2389.308349609375,1268.6951904296875,2435.2119140625,1706.4000244140625,2412.2601318359375,1487.547607421875,45.903564453125,437.704833984375
IMG_0038.mp4,600,20.02,29.97002997002997,270,2,traffic_signs,0.9064825773239136,1047.6236572265625,1345.8087158203125,1090.945556640625,1428.2630615234375,1069.2846069335938,1387.035888671875,43.3218994140625,82.454345703125
IMG_0038.mp4,600,20.02,29.97002997002997,382,2,traffic_signs,0.6569622755050659,3001.956298828125,1481.862060546875,3084.5849609375,1563.365234375,3043.2706298828125,1522.6136474609375,82.628662109375,81.503173828125
IMG_0038.mp4,601,20.053366666666665,29.97002997002997,325,2,traffic_signs,0.9314373731613159,2267.591796875,1144.67529296875,2416.5732421875,1305.7703857421875,2342.08251953125,1225.2228393554688,148.9814453125,161.0950927734375
IMG_0038.mp4,601,20.053366666666665,29.97002997002997,2,2,traffic_signs,0.4439302086830139,841.8109130859375,496.412109375,1167.9869384765625,869.5094604492188,1004.89892578125,682.9607849121094,326.176025390625,373.09735107421875
IMG_0038.mp4,601,20.053366666666665,29.97002997002997,356,2,traffic_signs,0.8444324731826782,2824.47802734375,1474.873291015625,2848.008056640625,1536.816162109375,2836.2430419921875,1505.8447265625,23.530029296875,61.94287109375
IMG_0038.mp4,601,20.053366666666665,29.97002997002997,328,2,traffic_signs,0.8762141466140747,2103.43994140625,982.9229125976562,2192.597900390625,1095.197021484375,2148.0189208984375,1039.0599670410156,89.157958984375,112.27410888671875
IMG_0038.mp4,601,20.053366666666665,29.97002997002997,306,0,auth_label,0.9362162351608276,2030.27978515625,1263.7666015625,2135.756591796875,1714.2967529296875,2083.0181884765625,1489.0316772460938,105.476806640625,450.5301513671875
IMG_0038.mp4,601,20.053366666666665,29.97002997002997,367,2,traffic_signs,0.7742055058479309,2956.28857421875,1587.8494873046875,3006.154296875,1644.75830078125,2981.221435546875,1616.3038940429688,49.86572265625,56.9088134765625
IMG_0038.mp4,601,20.053366666666665,29.97002997002997,369,2,traffic_signs,0.924405038356781,3181.53759765625,1525.77685546875,3232.470947265625,1571.1407470703125,3207.0042724609375,1548.4588012695312,50.933349609375,45.3638916015625
IMG_0038.mp4,601,20.053366666666665,29.97002997002997,318,0,auth_label,0.8237753510475159,2360.873779296875,1263.4097900390625,2411.929931640625,1728.724853515625,2386.40185546875,1496.0673217773438,51.05615234375,465.3150634765625
IMG_0038.mp4,601,20.053366666666665,29.97002997002997,270,2,traffic_signs,0.9027549028396606,1016.2265625,1342.14306640625,1060.8271484375,1424.9742431640625,1038.52685546875,1383.5586547851562,44.6005859375,82.8311767578125
IMG_0038.mp4,601,20.053366666666665,29.97002997002997,382,2,traffic_signs,0.5654838681221008,2975.496826171875,1482.4498291015625,3058.621337890625,1562.46533203125,3017.05908203125,1522.4575805664062,83.12451171875,80.0155029296875
IMG_0038.mp4,601,20.053366666666665,29.97002997002997,321,0,auth_label,0.6162973642349243,2172.281494140625,1227.467041015625,2337.502685546875,1519.2039794921875,2254.89208984375,1373.3355102539062,165.22119140625,291.7369384765625
IMG_0038.mp4,601,20.053366666666665,29.97002997002997,364,1,traffic_lights,0.4701680839061737,692.5654907226562,1419.887451171875,754.2489624023438,1472.4168701171875,723.4072265625,1446.1521606445312,61.6834716796875,52.5294189453125
IMG_0038.mp4,602,20.086733333333335,29.97002997002997,325,2,traffic_signs,0.9500971436500549,2245.157470703125,1139.6561279296875,2396.41650390625,1301.6441650390625,2320.7869873046875,1220.650146484375,151.259033203125,161.988037109375
IMG_0038.mp4,602,20.086733333333335,29.97002997002997,2,2,traffic_signs,0.28620558977127075,778.3967895507812,460.3627624511719,1117.946533203125,840.775634765625,948.1716613769531,650.5691986083984,339.54974365234375,380.4128723144531
IMG_0038.mp4,602,20.086733333333335,29.97002997002997,356,2,traffic_signs,0.8478503823280334,2801.298095703125,1475.4873046875,2825.173828125,1535.7974853515625,2813.2359619140625,1505.6423950195312,23.875732421875,60.3101806640625
IMG_0038.mp4,602,20.086733333333335,29.97002997002997,328,2,traffic_signs,0.8760636448860168,2071.181884765625,975.6023559570312,2170.619140625,1092.7421875,2120.9005126953125,1034.1722717285156,99.437255859375,117.13983154296875
IMG_0038.mp4,602,20.086733333333335,29.97002997002997,306,0,auth_label,0.9401882886886597,2006.9459228515625,1260.08349609375,2114.47119140625,1708.8084716796875,2060.7085571289062,1484.4459838867188,107.5252685546875,448.7249755859375
IMG_0038.mp4,602,20.086733333333335,29.97002997002997,367,2,traffic_signs,0.8105613589286804,2932.36767578125,1588.258544921875,2981.26806640625,1647.3326416015625,2956.81787109375,1617.7955932617188,48.900390625,59.0740966796875
IMG_0038.mp4,602,20.086733333333335,29.97002997002997,369,2,traffic_signs,0.913093090057373,3153.16748046875,1526.376220703125,3204.1162109375,1572.1427001953125,3178.641845703125,1549.2594604492188,50.94873046875,45.7664794921875
IMG_0038.mp4,602,20.086733333333335,29.97002997002997,318,0,auth_label,0.925538182258606,2339.1357421875,1255.42138671875,2395.122314453125,1706.45849609375,2367.1290283203125,1480.93994140625,55.986572265625,451.037109375
IMG_0038.mp4,602,20.086733333333335,29.97002997002997,270,2,traffic_signs,0.8992042541503906,981.3659057617188,1339.9876708984375,1027.169921875,1420.640380859375,1004.2679138183594,1380.3140258789062,45.80401611328125,80.6527099609375
IMG_0038.mp4,603,20.1201,29.97002997002997,325,2,traffic_signs,0.9468230605125427,2223.75830078125,1132.1787109375,2378.39306640625,1297.09326171875,2301.07568359375,1214.635986328125,154.634765625,164.91455078125
IMG_0038.mp4,603,20.1201,29.97002997002997,328,2,traffic_signs,0.8955733180046082,2053.002685546875,965.7344970703125,2151.958251953125,1090.2734375,2102.48046875,1028.0039672851562,98.95556640625,124.5389404296875
IMG_0038.mp4,603,20.1201,29.97002997002997,369,2,traffic_signs,0.8813192248344421,3124.88671875,1526.2430419921875,3179.0634765625,1570.9605712890625,3151.97509765625,1548.601806640625,54.1767578125,44.717529296875
IMG_0038.mp4,603,20.1201,29.97002997002997,318,0,auth_label,0.8265061974525452,2314.854736328125,1259.3592529296875,2362.31201171875,1592.31201171875,2338.5833740234375,1425.8356323242188,47.457275390625,332.9527587890625
IMG_0038.mp4,603,20.1201,29.97002997002997,270,2,traffic_signs,0.8423947095870972,945.122314453125,1335.5576171875,991.5901489257812,1417.4893798828125,968.3562316894531,1376.5234985351562,46.46783447265625,81.9317626953125
IMG_0038.mp4,603,20.1201,29.97002997002997,293,1,traffic_lights,0.5025126934051514,844.2070922851562,1001.4813232421875,901.5476684570312,1089.344482421875,872.8773803710938,1045.4129028320312,57.340576171875,87.8631591796875
IMG_0038.mp4,603,20.1201,29.97002997002997,321,0,auth_label,0.5473868250846863,2125.825927734375,1220.8363037109375,2300.718505859375,1508.5975341796875,2213.272216796875,1364.7169189453125,174.892578125,287.76123046875
IMG_0038.mp4,604,20.153466666666667,29.97002997002997,325,2,traffic_signs,0.7979885339736938,2199.598388671875,1125.427734375,2356.547607421875,1282.415771484375,2278.072998046875,1203.9217529296875,156.94921875,156.988037109375
IMG_0038.mp4,604,20.153466666666667,29.97002997002997,328,2,traffic_signs,0.7043289542198181,2034.450927734375,959.426513671875,2127.1142578125,1081.89404296875,2080.7825927734375,1020.6602783203125,92.663330078125,122.467529296875
IMG_0038.mp4,604,20.153466666666667,29.97002997002997,369,2,traffic_signs,0.4036870002746582,3097.619384765625,1525.8990478515625,3147.880615234375,1571.90478515625,3122.75,1548.9019165039062,50.26123046875,46.0057373046875
IMG_0038.mp4,604,20.153466666666667,29.97002997002997,270,2,traffic_signs,0.8369325995445251,908.5890502929688,1333.33837890625,966.3529663085938,1411.583984375,937.4710083007812,1372.461181640625,57.763916015625,78.24560546875
IMG_0038.mp4,604,20.153466666666667,29.97002997002997,293,1,traffic_lights,0.7268069386482239,807.2985229492188,990.1619262695312,870.8072509765625,1083.3345947265625,839.0528869628906,1036.7482604980469,63.50872802734375,93.17266845703125
IMG_0038.mp4,604,20.153466666666667,29.97002997002997,329,1,traffic_lights,0.7698928713798523,2023.5040283203125,1091.3240966796875,2117.9560546875,1277.441162109375,2070.7300415039062,1184.3826293945312,94.4520263671875,186.1170654296875
IMG_0038.mp4,604,20.153466666666667,29.97002997002997,382,2,traffic_signs,0.5319756865501404,2903.11279296875,1483.3118896484375,2980.13232421875,1562.721435546875,2941.62255859375,1523.0166625976562,77.01953125,79.4095458984375
IMG_0038.mp4,604,20.153466666666667,29.97002997002997,356,2,traffic_signs,0.8318377733230591,2754.25048828125,1474.5150146484375,2778.61181640625,1531.6234130859375,2766.43115234375,1503.0692138671875,24.361328125,57.1083984375
IMG_0038.mp4,605,20.186833333333333,29.97002997002997,328,2,traffic_signs,0.4065631628036499,2000.6396484375,948.2523193359375,2105.346923828125,1048.3756103515625,2052.9932861328125,998.31396484375,104.707275390625,100.123291015625
IMG_0038.mp4,605,20.186833333333333,29.97002997002997,369,2,traffic_signs,0.9029209613800049,3068.57275390625,1527.0164794921875,3118.102294921875,1571.479248046875,3093.3375244140625,1549.2478637695312,49.529541015625,44.4627685546875
IMG_0038.mp4,605,20.186833333333333,29.97002997002997,356,2,traffic_signs,0.7579540014266968,2729.140380859375,1474.885009765625,2752.85400390625,1534.631591796875,2740.9971923828125,1504.75830078125,23.713623046875,59.74658203125
IMG_0038.mp4,605,20.186833333333333,29.97002997002997,306,0,auth_label,0.8819855451583862,1935.3192138671875,1282.73876953125,2044.8753662109375,1711.142333984375,1990.0972900390625,1496.9405517578125,109.55615234375,428.403564453125
IMG_0038.mp4,605,20.186833333333333,29.97002997002997,367,2,traffic_signs,0.7678561210632324,2858.80029296875,1588.0635986328125,2904.291748046875,1645.4798583984375,2881.5460205078125,1616.771728515625,45.491455078125,57.416259765625
IMG_0038.mp4,605,20.186833333333333,29.97002997002997,318,0,auth_label,0.7358025908470154,2270.500732421875,1260.9273681640625,2324.153076171875,1665.428955078125,2297.326904296875,1463.1781616210938,53.65234375,404.5015869140625
IMG_0038.mp4,606,20.220200000000002,29.97002997002997,328,2,traffic_signs,0.9061301946640015,1984.2493896484375,944.9212036132812,2081.34814453125,1056.4913330078125,2032.7987670898438,1000.7062683105469,97.0987548828125,111.57012939453125
IMG_0038.mp4,606,20.220200000000002,29.97002997002997,369,2,traffic_signs,0.9228132963180542,3038.21728515625,1528.2283935546875,3087.67919921875,1571.9432373046875,3062.9482421875,1550.0858154296875,49.4619140625,43.71484375
IMG_0038.mp4,606,20.220200000000002,29.97002997002997,356,2,traffic_signs,0.840593695640564,2704.70751953125,1477.262451171875,2727.5576171875,1534.5809326171875,2716.132568359375,1505.9216918945312,22.85009765625,57.3184814453125
IMG_0038.mp4,606,20.220200000000002,29.97002997002997,390,2,traffic_signs,0.5758179426193237,2506.1103515625,1571.788330078125,2519.69970703125,1593.3433837890625,2512.905029296875,1582.5658569335938,13.58935546875,21.5550537109375
IMG_0038.mp4,606,20.220200000000002,29.97002997002997,306,0,auth_label,0.9479451179504395,1913.645751953125,1268.6121826171875,2017.1046142578125,1714.7005615234375,1965.3751831054688,1491.6563720703125,103.4588623046875,446.08837890625
IMG_0038.mp4,606,20.220200000000002,29.97002997002997,367,2,traffic_signs,0.6979602575302124,2832.807861328125,1589.1396484375,2876.74609375,1644.9935302734375,2854.7769775390625,1617.0665893554688,43.938232421875,55.8538818359375
IMG_0038.mp4,606,20.220200000000002,29.97002997002997,318,0,auth_label,0.7396586537361145,2249.587890625,1267.68359375,2300.4326171875,1664.8026123046875,2275.01025390625,1466.2431030273438,50.8447265625,397.1190185546875
IMG_0038.mp4,606,20.220200000000002,29.97002997002997,325,2,traffic_signs,0.9039617776870728,2154.61328125,1117.83154296875,2312.492919921875,1281.2086181640625,2233.5531005859375,1199.5200805664062,157.879638671875,163.3770751953125
IMG_0038.mp4,606,20.220200000000002,29.97002997002997,293,1,traffic_lights,0.6483855247497559,735.696044921875,973.3291015625,804.220458984375,1069.326171875,769.958251953125,1021.32763671875,68.5244140625,95.9970703125
IMG_0038.mp4,607,20.253566666666668,29.97002997002997,328,2,traffic_signs,0.9052526354789734,1963.484619140625,937.613525390625,2058.556640625,1053.2886962890625,2011.0206298828125,995.4511108398438,95.072021484375,115.6751708984375
IMG_0038.mp4,607,20.253566666666668,29.97002997002997,369,2,traffic_signs,0.9119229912757874,3010.6728515625,1528.634765625,3060.84716796875,1573.0089111328125,3035.760009765625,1550.8218383789062,50.17431640625,44.3741455078125
IMG_0038.mp4,607,20.253566666666668,29.97002997002997,356,2,traffic_signs,0.8553538918495178,2681.081787109375,1477.4427490234375,2703.790283203125,1533.937255859375,2692.43603515625,1505.6900024414062,22.70849609375,56.4945068359375
IMG_0038.mp4,607,20.253566666666668,29.97002997002997,306,0,auth_label,0.9630822539329529,1892.7354736328125,1267.864501953125,1988.3675537109375,1712.9439697265625,1940.551513671875,1490.4042358398438,95.632080078125,445.0794677734375
IMG_0038.mp4,607,20.253566666666668,29.97002997002997,367,2,traffic_signs,0.7785935997962952,2807.681396484375,1589.109375,2849.6484375,1642.3565673828125,2828.6649169921875,1615.7329711914062,41.967041015625,53.2471923828125
IMG_0038.mp4,607,20.253566666666668,29.97002997002997,318,0,auth_label,0.7287826538085938,2240.19580078125,1267.8199462890625,2284.921875,1664.66552734375,2262.558837890625,1466.2427368164062,44.72607421875,396.8455810546875
IMG_0038.mp4,607,20.253566666666668,29.97002997002997,325,2,traffic_signs,0.9053381681442261,2130.36083984375,1111.7156982421875,2289.703369140625,1280.1473388671875,2210.0321044921875,1195.9315185546875,159.342529296875,168.431640625
IMG_0038.mp4,607,20.253566666666668,29.97002997002997,321,0,auth_label,0.6953567862510681,2013.59228515625,1237.9420166015625,2207.184814453125,1490.36572265625,2110.3885498046875,1364.1538696289062,193.592529296875,252.4237060546875
IMG_0038.mp4,607,20.253566666666668,29.97002997002997,270,2,traffic_signs,0.9123194813728333,803.6690063476562,1316.7021484375,856.1068115234375,1406.4398193359375,829.8879089355469,1361.5709838867188,52.43780517578125,89.7376708984375
IMG_0038.mp4,607,20.253566666666668,29.97002997002997,382,2,traffic_signs,0.5947216153144836,2825.616455078125,1484.7828369140625,2905.14697265625,1560.79150390625,2865.3817138671875,1522.7871704101562,79.530517578125,76.0086669921875
IMG_0038.mp4,608,20.286933333333334,29.97002997002997,328,2,traffic_signs,0.9208909869194031,1939.2322998046875,929.0174560546875,2034.857421875,1048.9222412109375,1987.0448608398438,988.9698486328125,95.6251220703125,119.90478515625
IMG_0038.mp4,608,20.286933333333334,29.97002997002997,356,2,traffic_signs,0.8367996215820312,2658.51513671875,1478.221435546875,2681.9501953125,1534.565185546875,2670.232666015625,1506.393310546875,23.43505859375,56.34375
IMG_0038.mp4,608,20.286933333333334,29.97002997002997,306,0,auth_label,0.9481337666511536,1868.4124755859375,1264.02294921875,1961.6953125,1718.4071044921875,1915.0538940429688,1491.2150268554688,93.2828369140625,454.3841552734375
IMG_0038.mp4,608,20.286933333333334,29.97002997002997,318,0,auth_label,0.35335278511047363,2216.142578125,1265.15625,2256.2880859375,1643.0609130859375,2236.21533203125,1454.1085815429688,40.1455078125,377.9046630859375
IMG_0038.mp4,608,20.286933333333334,29.97002997002997,325,2,traffic_signs,0.92386394739151,2107.09033203125,1107.30419921875,2266.196044921875,1277.6968994140625,2186.6431884765625,1192.5005493164062,159.105712890625,170.3927001953125
IMG_0038.mp4,608,20.286933333333334,29.97002997002997,321,0,auth_label,0.43623217940330505,1986.139892578125,1242.6397705078125,2185.083984375,1490.5792236328125,2085.6119384765625,1366.6094970703125,198.944091796875,247.939453125
IMG_0038.mp4,608,20.286933333333334,29.97002997002997,270,2,traffic_signs,0.928954541683197,764.7939453125,1311.6055908203125,814.4685668945312,1403.231201171875,789.6312561035156,1357.4183959960938,49.67462158203125,91.6256103515625
IMG_0038.mp4,608,20.286933333333334,29.97002997002997,293,1,traffic_lights,0.712773859500885,662.5109252929688,955.969970703125,731.4157104492188,1053.354248046875,696.9633178710938,1004.662109375,68.90478515625,97.38427734375
IMG_0038.mp4,609,20.3203,29.97002997002997,328,2,traffic_signs,0.9069375395774841,1915.80810546875,918.6339721679688,2009.0677490234375,1041.3643798828125,1962.4379272460938,979.9991760253906,93.2596435546875,122.73040771484375
IMG_0038.mp4,609,20.3203,29.97002997002997,306,0,auth_label,0.9491856098175049,1846.42724609375,1264.218994140625,1934.7020263671875,1717.9693603515625,1890.5646362304688,1491.0941772460938,88.2747802734375,453.7503662109375
IMG_0038.mp4,609,20.3203,29.97002997002997,325,2,traffic_signs,0.9217643737792969,2083.21435546875,1100.263427734375,2243.666259765625,1274.8848876953125,2163.4403076171875,1187.5741577148438,160.451904296875,174.6214599609375
IMG_0038.mp4,609,20.3203,29.97002997002997,321,0,auth_label,0.5477977395057678,1970.1048583984375,1245.616943359375,2161.723876953125,1492.833740234375,2065.9143676757812,1369.225341796875,191.6190185546875,247.216796875
IMG_0038.mp4,609,20.3203,29.97002997002997,270,2,traffic_signs,0.9126061201095581,725.0119018554688,1306.3126220703125,774.8253173828125,1400.71875,749.9186096191406,1353.5156860351562,49.81341552734375,94.4061279296875
IMG_0038.mp4,609,20.3203,29.97002997002997,293,1,traffic_lights,0.3471609354019165,624.480712890625,947.3217163085938,692.548828125,1044.2061767578125,658.5147705078125,995.7639465332031,68.068115234375,96.88446044921875
IMG_0038.mp4,609,20.3203,29.97002997002997,329,1,traffic_lights,0.5634000897407532,1891.9693603515625,1052.5462646484375,1993.458740234375,1250.5216064453125,1942.7140502929688,1151.533935546875,101.4893798828125,197.975341796875
IMG_0038.mp4,609,20.3203,29.97002997002997,369,2,traffic_signs,0.9040247201919556,2959.494140625,1530.1507568359375,3007.117919921875,1573.3419189453125,2983.3060302734375,1551.746337890625,47.623779296875,43.191162109375
IMG_0038.mp4,610,20.353666666666665,29.97002997002997,328,2,traffic_signs,0.8961283564567566,1891.1549072265625,909.0397338867188,1985.20458984375,1032.583740234375,1938.1797485351562,970.8117370605469,94.0496826171875,123.54400634765625
IMG_0038.mp4,610,20.353666666666665,29.97002997002997,306,0,auth_label,0.9537540078163147,1821.4327392578125,1255.857177734375,1908.0604248046875,1720.3773193359375,1864.74658203125,1488.1172485351562,86.627685546875,464.5201416015625
IMG_0038.mp4,610,20.353666666666665,29.97002997002997,325,2,traffic_signs,0.9152042865753174,2060.14599609375,1093.6627197265625,2221.880859375,1271.264404296875,2141.013427734375,1182.4635620117188,161.73486328125,177.6016845703125
IMG_0038.mp4,610,20.353666666666665,29.97002997002997,321,0,auth_label,0.26503482460975647,1937.4112548828125,1242.307373046875,2137.545654296875,1490.7796630859375,2037.4784545898438,1366.5435180664062,200.1343994140625,248.4722900390625
IMG_0038.mp4,610,20.353666666666665,29.97002997002997,270,2,traffic_signs,0.9282844662666321,683.0609130859375,1300.7293701171875,734.5131225585938,1395.8623046875,708.7870178222656,1348.2958374023438,51.45220947265625,95.1329345703125
IMG_0038.mp4,610,20.353666666666665,29.97002997002997,369,2,traffic_signs,0.8875651359558105,2936.695068359375,1530.5625,2981.281005859375,1573.2911376953125,2958.988037109375,1551.9268188476562,44.5859375,42.7286376953125
IMG_0038.mp4,610,20.353666666666665,29.97002997002997,340,0,auth_label,0.3045315444469452,1931.486083984375,1225.41748046875,2142.432861328125,1704.5731201171875,2036.95947265625,1464.9953002929688,210.94677734375,479.1556396484375
IMG_0038.mp4,610,20.353666666666665,29.97002997002997,367,2,traffic_signs,0.8383810520172119,2736.424560546875,1587.8546142578125,2776.566162109375,1639.91064453125,2756.495361328125,1613.8826293945312,40.1416015625,52.0560302734375
IMG_0038.mp4,610,20.353666666666665,29.97002997002997,318,0,auth_label,0.37642231583595276,2163.333984375,1261.3538818359375,2211.035888671875,1705.75341796875,2187.1849365234375,1483.5536499023438,47.701904296875,444.3995361328125
IMG_0038.mp4,611,20.387033333333335,29.97002997002997,328,2,traffic_signs,0.9215180277824402,1864.642578125,897.6770629882812,1959.775634765625,1023.5300903320312,1912.2091064453125,960.6035766601562,95.133056640625,125.85302734375
IMG_0038.mp4,611,20.387033333333335,29.97002997002997,306,0,auth_label,0.9451607465744019,1798.0067138671875,1258.9078369140625,1879.47509765625,1717.3006591796875,1838.7409057617188,1488.104248046875,81.4683837890625,458.392822265625
IMG_0038.mp4,611,20.387033333333335,29.97002997002997,325,2,traffic_signs,0.9201936721801758,2034.049560546875,1086.346435546875,2197.24560546875,1265.6986083984375,2115.6475830078125,1176.0225219726562,163.196044921875,179.3521728515625
IMG_0038.mp4,611,20.387033333333335,29.97002997002997,321,0,auth_label,0.9068087935447693,1908.9754638671875,1234.0963134765625,2113.033203125,1483.89794921875,2011.0043334960938,1358.9971313476562,204.0577392578125,249.8016357421875
IMG_0038.mp4,611,20.387033333333335,29.97002997002997,270,2,traffic_signs,0.9118940234184265,639.8350219726562,1296.014892578125,691.9270629882812,1390.2213134765625,665.8810424804688,1343.1181030273438,52.092041015625,94.2064208984375
IMG_0038.mp4,611,20.387033333333335,29.97002997002997,369,2,traffic_signs,0.8807170391082764,2908.308349609375,1530.3836669921875,2954.689453125,1573.4100341796875,2931.4989013671875,1551.8968505859375,46.381103515625,43.0263671875
IMG_0038.mp4,611,20.387033333333335,29.97002997002997,367,2,traffic_signs,0.8073443174362183,2712.346923828125,1587.003173828125,2752.554443359375,1642.9979248046875,2732.45068359375,1615.0005493164062,40.20751953125,55.9947509765625
IMG_0038.mp4,611,20.387033333333335,29.97002997002997,382,2,traffic_signs,0.3329565227031708,2731.27197265625,1483.3013916015625,2806.27587890625,1561.43603515625,2768.77392578125,1522.3687133789062,75.00390625,78.1346435546875
IMG_0038.mp4,611,20.387033333333335,29.97002997002997,356,2,traffic_signs,0.8538369536399841,2591.687255859375,1475.1805419921875,2614.159912109375,1533.9132080078125,2602.923583984375,1504.546875,22.47265625,58.732666015625
IMG_0038.mp4,612,20.4204,29.97002997002997,328,2,traffic_signs,0.7128586173057556,1838.68310546875,890.4904174804688,1927.5870361328125,1020.4796142578125,1883.1350708007812,955.4850158691406,88.9039306640625,129.98919677734375
IMG_0038.mp4,612,20.4204,29.97002997002997,306,0,auth_label,0.3859453797340393,1770.029541015625,1250.206298828125,1857.2489013671875,1715.7335205078125,1813.6392211914062,1482.9699096679688,87.2193603515625,465.5272216796875
IMG_0038.mp4,612,20.4204,29.97002997002997,325,2,traffic_signs,0.9255399107933044,2039.0556640625,1081.101318359375,2172.74072265625,1261.9798583984375,2105.898193359375,1171.5405883789062,133.68505859375,180.8785400390625
IMG_0038.mp4,612,20.4204,29.97002997002997,270,2,traffic_signs,0.8542024493217468,603.4695434570312,1292.370361328125,658.6168823242188,1387.431884765625,631.043212890625,1339.901123046875,55.1473388671875,95.0615234375
IMG_0038.mp4,612,20.4204,29.97002997002997,369,2,traffic_signs,0.7502520084381104,2877.289794921875,1530.70458984375,2922.929443359375,1575.1826171875,2900.109619140625,1552.943603515625,45.6396484375,44.47802734375
IMG_0038.mp4,612,20.4204,29.97002997002997,406,2,traffic_signs,0.8658004403114319,3329.161376953125,1549.953857421875,3372.85595703125,1593.09814453125,3351.0086669921875,1571.5260009765625,43.694580078125,43.144287109375
IMG_0038.mp4,612,20.4204,29.97002997002997,382,2,traffic_signs,0.5219573378562927,2704.02490234375,1481.9046630859375,2779.30029296875,1565.019775390625,2741.66259765625,1523.4622192382812,75.275390625,83.1151123046875
IMG_0038.mp4,612,20.4204,29.97002997002997,356,2,traffic_signs,0.8241502046585083,2565.41796875,1474.6160888671875,2588.736328125,1536.1224365234375,2577.0771484375,1505.3692626953125,23.318359375,61.50634765625
IMG_0038.mp4,612,20.4204,29.97002997002997,318,0,auth_label,0.7364737391471863,2126.597412109375,1252.8328857421875,2170.879638671875,1740.3255615234375,2148.738525390625,1496.5792236328125,44.2822265625,487.49267578125
IMG_0038.mp4,613,20.453766666666667,29.97002997002997,328,2,traffic_signs,0.8800650238990784,1813.0333251953125,881.0145263671875,1908.86376953125,1012.5380859375,1860.9485473632812,946.7763061523438,95.8304443359375,131.5235595703125
IMG_0038.mp4,613,20.453766666666667,29.97002997002997,325,2,traffic_signs,0.9302816987037659,1992.4654541015625,1077.3392333984375,2151.6572265625,1258.8018798828125,2072.0613403320312,1168.070556640625,159.1917724609375,181.462646484375
IMG_0038.mp4,613,20.453766666666667,29.97002997002997,369,2,traffic_signs,0.8862000107765198,2852.281494140625,1530.17626953125,2895.59375,1575.5841064453125,2873.9376220703125,1552.8801879882812,43.312255859375,45.4078369140625
IMG_0038.mp4,613,20.453766666666667,29.97002997002997,406,2,traffic_signs,0.8802082538604736,3295.973388671875,1549.8077392578125,3339.998779296875,1593.997802734375,3317.986083984375,1571.9027709960938,44.025390625,44.1900634765625
IMG_0038.mp4,613,20.453766666666667,29.97002997002997,382,2,traffic_signs,0.5235333442687988,2680.771728515625,1482.1075439453125,2754.44384765625,1564.86083984375,2717.6077880859375,1523.4841918945312,73.672119140625,82.7532958984375
IMG_0038.mp4,613,20.453766666666667,29.97002997002997,356,2,traffic_signs,0.7773268818855286,2543.049072265625,1475.3385009765625,2565.148193359375,1537.15673828125,2554.0986328125,1506.2476196289062,22.09912109375,61.8182373046875
IMG_0038.mp4,613,20.453766666666667,29.97002997002997,410,2,traffic_signs,0.4495019018650055,2663.9560546875,1585.0889892578125,2706.457275390625,1716.91796875,2685.2066650390625,1651.0034790039062,42.501220703125,131.8289794921875
IMG_0038.mp4,613,20.453766666666667,29.97002997002997,411,2,traffic_signs,0.4628499746322632,2666.27783203125,1583.422607421875,2703.808837890625,1716.858642578125,2685.0433349609375,1650.140625,37.531005859375,133.43603515625
IMG_0038.mp4,613,20.453766666666667,29.97002997002997,318,0,auth_label,0.8283624649047852,2100.265380859375,1247.955322265625,2149.574951171875,1738.462890625,2124.920166015625,1493.2091064453125,49.3095703125,490.507568359375
IMG_0038.mp4,613,20.453766666666667,29.97002997002997,321,0,auth_label,0.8936620354652405,1849.5286865234375,1216.567138671875,2062.54345703125,1478.5040283203125,1956.0360717773438,1347.5355834960938,213.0147705078125,261.9368896484375
IMG_0038.mp4,614,20.487133333333333,29.97002997002997,328,2,traffic_signs,0.9218416810035706,1786.557861328125,871.1834106445312,1881.287353515625,1004.6029052734375,1833.922607421875,937.8931579589844,94.7294921875,133.41949462890625
IMG_0038.mp4,614,20.487133333333333,29.97002997002997,325,2,traffic_signs,0.9339039325714111,1961.1676025390625,1070.2178955078125,2127.689453125,1253.353515625,2044.4285278320312,1161.7857055664062,166.5218505859375,183.1356201171875
IMG_0038.mp4,614,20.487133333333333,29.97002997002997,369,2,traffic_signs,0.8923583030700684,2828.05517578125,1530.0965576171875,2870.08447265625,1574.871337890625,2849.06982421875,1552.4839477539062,42.029296875,44.7747802734375
IMG_0038.mp4,614,20.487133333333333,29.97002997002997,406,2,traffic_signs,0.44798004627227783,3265.61279296875,1550.828857421875,3309.1494140625,1593.7032470703125,3287.381103515625,1572.2660522460938,43.53662109375,42.8743896484375
IMG_0038.mp4,614,20.487133333333333,29.97002997002997,382,2,traffic_signs,0.3714161217212677,2657.495361328125,1482.0859375,2730.941650390625,1564.2490234375,2694.218505859375,1523.16748046875,73.4462890625,82.1630859375
IMG_0038.mp4,614,20.487133333333333,29.97002997002997,356,2,traffic_signs,0.8315636515617371,2519.951416015625,1475.656494140625,2541.6943359375,1536.1075439453125,2530.8228759765625,1505.8820190429688,21.742919921875,60.4510498046875
IMG_0038.mp4,614,20.487133333333333,29.97002997002997,411,2,traffic_signs,0.8149848580360413,2640.376708984375,1586.0032958984375,2681.80859375,1662.2635498046875,2661.0926513671875,1624.1334228515625,41.431884765625,76.26025390625
IMG_0038.mp4,614,20.487133333333333,29.97002997002997,318,0,auth_label,0.781783938407898,2075.783203125,1251.3660888671875,2127.38916015625,1738.294677734375,2101.586181640625,1494.8303833007812,51.60595703125,486.9285888671875
IMG_0038.mp4,614,20.487133333333333,29.97002997002997,321,0,auth_label,0.5877318978309631,1819.768798828125,1217.8814697265625,2040.281982421875,1476.8162841796875,1930.025390625,1347.348876953125,220.51318359375,258.934814453125
IMG_0038.mp4,614,20.487133333333333,29.97002997002997,329,1,traffic_lights,0.8066616058349609,1747.6898193359375,1006.891357421875,1859.4576416015625,1216.626708984375,1803.57373046875,1111.759033203125,111.767822265625,209.7353515625
IMG_0038.mp4,614,20.487133333333333,29.97002997002997,306,0,auth_label,0.9347003698348999,1727.6805419921875,1256.5904541015625,1796.2620849609375,1725.6129150390625,1761.9713134765625,1491.1016845703125,68.58154296875,469.0224609375
IMG_0038.mp4,615,20.520500000000002,29.97002997002997,328,2,traffic_signs,0.9260777831077576,1755.16064453125,855.4622192382812,1852.0653076171875,987.8088989257812,1803.6129760742188,921.6355590820312,96.9046630859375,132.3466796875
IMG_0038.mp4,615,20.520500000000002,29.97002997002997,325,2,traffic_signs,0.932532548904419,1929.729736328125,1059.00732421875,2102.177734375,1245.540771484375,2015.9537353515625,1152.2740478515625,172.447998046875,186.533447265625
IMG_0038.mp4,615,20.520500000000002,29.97002997002997,369,2,traffic_signs,0.8796847462654114,2807.59912109375,1530.5035400390625,2848.44580078125,1574.7525634765625,2828.0224609375,1552.6280517578125,40.8466796875,44.2490234375
IMG_0038.mp4,615,20.520500000000002,29.97002997002997,406,2,traffic_signs,0.8621391654014587,3239.85302734375,1549.33544921875,3284.254150390625,1595.0447998046875,3262.0535888671875,1572.1901245117188,44.401123046875,45.7093505859375
IMG_0038.mp4,615,20.520500000000002,29.97002997002997,382,2,traffic_signs,0.44646382331848145,2637.306640625,1482.3055419921875,2711.578369140625,1562.2637939453125,2674.4425048828125,1522.28466796875,74.271728515625,79.958251953125
IMG_0038.mp4,615,20.520500000000002,29.97002997002997,356,2,traffic_signs,0.8404330015182495,2498.948486328125,1475.003173828125,2520.861572265625,1534.9940185546875,2509.905029296875,1504.9985961914062,21.9130859375,59.9908447265625
IMG_0038.mp4,615,20.520500000000002,29.97002997002997,411,2,traffic_signs,0.824597179889679,2618.484130859375,1587.966064453125,2659.23828125,1643.2911376953125,2638.8612060546875,1615.6286010742188,40.754150390625,55.3250732421875
IMG_0038.mp4,615,20.520500000000002,29.97002997002997,318,0,auth_label,0.8700928688049316,2050.481201171875,1247.858154296875,2103.68017578125,1735.5123291015625,2077.0806884765625,1491.6852416992188,53.198974609375,487.6541748046875
IMG_0038.mp4,615,20.520500000000002,29.97002997002997,417,2,traffic_signs,0.8508947491645813,460.9957580566406,1276.461669921875,521.2554931640625,1372.40966796875,491.12562561035156,1324.4356689453125,60.259735107421875,95.947998046875
IMG_0038.mp4,615,20.520500000000002,29.97002997002997,329,1,traffic_lights,0.9354149699211121,1715.247314453125,996.925537109375,1830.1353759765625,1206.949951171875,1772.6913452148438,1101.937744140625,114.8880615234375,210.0244140625
IMG_0038.mp4,615,20.520500000000002,29.97002997002997,306,0,auth_label,0.7549899220466614,1697.82177734375,1257.904296875,1763.5736083984375,1728.3193359375,1730.6976928710938,1493.11181640625,65.7518310546875,470.4150390625
IMG_0038.mp4,615,20.520500000000002,29.97002997002997,390,2,traffic_signs,0.3921780288219452,2304.743408203125,1571.30810546875,2317.536376953125,1591.0367431640625,2311.139892578125,1581.1724243164062,12.79296875,19.7286376953125
IMG_0038.mp4,616,20.553866666666668,29.97002997002997,328,2,traffic_signs,0.9017545580863953,1729.2689208984375,844.6976928710938,1826.1263427734375,978.2391357421875,1777.6976318359375,911.4684143066406,96.857421875,133.54144287109375
IMG_0038.mp4,616,20.553866666666668,29.97002997002997,325,2,traffic_signs,0.9317896962165833,1904.6260986328125,1052.4036865234375,2078.2802734375,1240.7396240234375,1991.4531860351562,1146.5716552734375,173.6541748046875,188.3359375
IMG_0038.mp4,616,20.553866666666668,29.97002997002997,369,2,traffic_signs,0.885526716709137,2781.559326171875,1530.798095703125,2821.656494140625,1574.1846923828125,2801.60791015625,1552.4913940429688,40.09716796875,43.3865966796875
IMG_0038.mp4,616,20.553866666666668,29.97002997002997,406,2,traffic_signs,0.8691208958625793,3206.254638671875,1551.45947265625,3248.382568359375,1594.8133544921875,3227.318603515625,1573.1364135742188,42.1279296875,43.3538818359375
IMG_0038.mp4,616,20.553866666666668,29.97002997002997,356,2,traffic_signs,0.8449128866195679,2475.251220703125,1475.092529296875,2497.809326171875,1534.1124267578125,2486.5302734375,1504.6024780273438,22.55810546875,59.0198974609375
IMG_0038.mp4,616,20.553866666666668,29.97002997002997,411,2,traffic_signs,0.8437890410423279,2594.08837890625,1587.5677490234375,2635.079345703125,1642.2093505859375,2614.5838623046875,1614.8885498046875,40.990966796875,54.6416015625
IMG_0038.mp4,616,20.553866666666668,29.97002997002997,318,0,auth_label,0.861122727394104,2028.26220703125,1253.1463623046875,2082.914306640625,1736.9466552734375,2055.5882568359375,1495.0465087890625,54.652099609375,483.80029296875
IMG_0038.mp4,616,20.553866666666668,29.97002997002997,417,2,traffic_signs,0.7922691702842712,420.4038391113281,1268.534423828125,480.92041015625,1367.4573974609375,450.66212463378906,1317.9959106445312,60.516571044921875,98.9229736328125
IMG_0038.mp4,616,20.553866666666668,29.97002997002997,329,1,traffic_lights,0.8513480424880981,1685.153076171875,986.9808959960938,1802.450439453125,1201.9490966796875,1743.8017578125,1094.4649963378906,117.29736328125,214.96820068359375
IMG_0038.mp4,616,20.553866666666668,29.97002997002997,306,0,auth_label,0.8856430053710938,1673.770751953125,1276.59521484375,1737.7305908203125,1722.908447265625,1705.7506713867188,1499.7518310546875,63.9598388671875,446.313232421875
IMG_0038.mp4,616,20.553866666666668,29.97002997002997,321,0,auth_label,0.7461715340614319,1756.5638427734375,1227.2574462890625,1992.0157470703125,1476.2662353515625,1874.289794921875,1351.7618408203125,235.451904296875,249.0087890625
IMG_0038.mp4,617,20.587233333333334,29.97002997002997,328,2,traffic_signs,0.5450629591941833,1700.544921875,834.0431518554688,1800.6090087890625,963.360595703125,1750.5769653320312,898.7018737792969,100.0640869140625,129.31744384765625
IMG_0038.mp4,617,20.587233333333334,29.97002997002997,325,2,traffic_signs,0.9231212735176086,1878.2373046875,1043.67333984375,2054.055419921875,1233.9974365234375,1966.1463623046875,1138.8353881835938,175.818115234375,190.3240966796875
IMG_0038.mp4,617,20.587233333333334,29.97002997002997,369,2,traffic_signs,0.885650634765625,2757.49267578125,1531.287841796875,2796.68896484375,1573.7923583984375,2777.0908203125,1552.5401000976562,39.1962890625,42.5045166015625
IMG_0038.mp4,617,20.587233333333334,29.97002997002997,406,2,traffic_signs,0.8615766167640686,3175.169677734375,1551.71142578125,3217.6728515625,1594.5032958984375,3196.4212646484375,1573.1073608398438,42.503173828125,42.7918701171875
IMG_0038.mp4,617,20.587233333333334,29.97002997002997,356,2,traffic_signs,0.8292993307113647,2453.02197265625,1476.3565673828125,2476.1474609375,1534.7769775390625,2464.584716796875,1505.5667724609375,23.12548828125,58.42041015625
IMG_0038.mp4,617,20.587233333333334,29.97002997002997,411,2,traffic_signs,0.690473735332489,2570.603759765625,1588.125,2610.595947265625,1639.69970703125,2590.599853515625,1613.912353515625,39.9921875,51.57470703125
IMG_0038.mp4,617,20.587233333333334,29.97002997002997,318,0,auth_label,0.5157359838485718,2004.935546875,1244.4755859375,2060.0009765625,1739.690185546875,2032.46826171875,1492.0828857421875,55.0654296875,495.214599609375
IMG_0038.mp4,617,20.587233333333334,29.97002997002997,417,2,traffic_signs,0.7838579416275024,371.677490234375,1260.93994140625,432.68896484375,1363.5203857421875,402.1832275390625,1312.2301635742188,61.011474609375,102.5804443359375
IMG_0038.mp4,617,20.587233333333334,29.97002997002997,329,1,traffic_lights,0.9175192713737488,1654.79931640625,978.0020141601562,1774.1585693359375,1196.390380859375,1714.4789428710938,1087.1961975097656,119.3592529296875,218.38836669921875
IMG_0038.mp4,617,20.587233333333334,29.97002997002997,321,0,auth_label,0.8337638974189758,1727.8701171875,1229.589111328125,1961.791748046875,1475.803955078125,1844.8309326171875,1352.696533203125,233.921630859375,246.21484375
IMG_0038.mp4,618,20.6206,29.97002997002997,328,2,traffic_signs,0.8684297800064087,1671.5372314453125,819.1104125976562,1772.239501953125,946.3992919921875,1721.8883666992188,882.7548522949219,100.7022705078125,127.28887939453125
IMG_0038.mp4,618,20.6206,29.97002997002997,325,2,traffic_signs,0.916769802570343,1851.79736328125,1035.604736328125,2029.3575439453125,1229.111328125,1940.5774536132812,1132.3580322265625,177.5601806640625,193.506591796875
IMG_0038.mp4,618,20.6206,29.97002997002997,369,2,traffic_signs,0.8843162655830383,2734.105224609375,1531.459228515625,2773.2392578125,1573.6905517578125,2753.6722412109375,1552.5748901367188,39.134033203125,42.2313232421875
IMG_0038.mp4,618,20.6206,29.97002997002997,406,2,traffic_signs,0.4165203273296356,3145.659912109375,1550.9573974609375,3188.810302734375,1594.45703125,3167.235107421875,1572.7072143554688,43.150390625,43.4996337890625
IMG_0038.mp4,618,20.6206,29.97002997002997,356,2,traffic_signs,0.8183513879776001,2431.5654296875,1476.53125,2453.9228515625,1535.58203125,2442.744140625,1506.056640625,22.357421875,59.05078125
IMG_0038.mp4,618,20.6206,29.97002997002997,411,2,traffic_signs,0.8268826603889465,2547.60205078125,1587.3685302734375,2588.511962890625,1642.2054443359375,2568.0570068359375,1614.7869873046875,40.909912109375,54.8369140625
IMG_0038.mp4,618,20.6206,29.97002997002997,318,0,auth_label,0.8209816813468933,1980.524169921875,1245.0059814453125,2037.38720703125,1740.6756591796875,2008.9556884765625,1492.8408203125,56.863037109375,495.669677734375
IMG_0038.mp4,618,20.6206,29.97002997002997,417,2,traffic_signs,0.7858434319496155,316.7502746582031,1253.1767578125,378.7439880371094,1356.552490234375,347.74713134765625,1304.8646240234375,61.99371337890625,103.375732421875
IMG_0038.mp4,618,20.6206,29.97002997002997,329,1,traffic_lights,0.6849687099456787,1620.2271728515625,957.5699462890625,1744.8812255859375,1184.3707275390625,1682.55419921875,1070.9703369140625,124.654052734375,226.80078125
IMG_0038.mp4,618,20.6206,29.97002997002997,321,0,auth_label,0.31418943405151367,1690.9326171875,1227.6107177734375,1937.0123291015625,1478.31884765625,1813.9724731445312,1352.9647827148438,246.0797119140625,250.7081298828125
IMG_0038.mp4,618,20.6206,29.97002997002997,419,1,traffic_lights,0.8220328092575073,233.09780883789062,842.0614013671875,325.6590576171875,954.2001953125,279.37843322753906,898.1307983398438,92.56124877929688,112.1387939453125
IMG_0038.mp4,618,20.6206,29.97002997002997,421,2,traffic_signs,0.4896257519721985,2525.601806640625,1523.6424560546875,2541.120361328125,1571.5037841796875,2533.361083984375,1547.5731201171875,15.5185546875,47.861328125
IMG_0038.mp4,619,20.653966666666665,29.97002997002997,328,2,traffic_signs,0.9079996347427368,1638.77685546875,798.2540893554688,1741.027099609375,924.0452270507812,1689.9019775390625,861.149658203125,102.250244140625,125.7911376953125
IMG_0038.mp4,619,20.653966666666665,29.97002997002997,325,2,traffic_signs,0.9377803206443787,1820.8812255859375,1020.543701171875,2002.790771484375,1219.1331787109375,1911.8359985351562,1119.8384399414062,181.9095458984375,198.5894775390625
IMG_0038.mp4,619,20.653966666666665,29.97002997002997,369,2,traffic_signs,0.881126344203949,2714.245361328125,1531.5540771484375,2753.698486328125,1574.578369140625,2733.971923828125,1553.0662231445312,39.453125,43.0242919921875
IMG_0038.mp4,619,20.653966666666665,29.97002997002997,406,2,traffic_signs,0.8597807884216309,3124.503173828125,1550.5655517578125,3165.387939453125,1595.0303955078125,3144.945556640625,1572.7979736328125,40.884765625,44.46484375
IMG_0038.mp4,619,20.653966666666665,29.97002997002997,356,2,traffic_signs,0.6527443528175354,2411.81689453125,1475.696044921875,2434.646728515625,1532.117431640625,2423.2318115234375,1503.90673828125,22.829833984375,56.42138671875
IMG_0038.mp4,619,20.653966666666665,29.97002997002997,411,2,traffic_signs,0.8390456438064575,2526.95849609375,1587.352783203125,2567.56298828125,1643.3388671875,2547.2607421875,1615.3458251953125,40.6044921875,55.986083984375
IMG_0038.mp4,619,20.653966666666665,29.97002997002997,318,0,auth_label,0.6303123235702515,1951.9833984375,1228.7559814453125,2011.158447265625,1743.9962158203125,1981.5709228515625,1486.3760986328125,59.175048828125,515.240234375
IMG_0038.mp4,619,20.653966666666665,29.97002997002997,329,1,traffic_lights,0.5515894293785095,1582.659423828125,936.1975708007812,1719.311279296875,1172.076416015625,1650.9853515625,1054.1369934082031,136.65185546875,235.87884521484375
IMG_0038.mp4,619,20.653966666666665,29.97002997002997,419,1,traffic_lights,0.4339999556541443,178.92262268066406,825.1826782226562,275.1756591796875,938.9173583984375,227.04914093017578,882.0500183105469,96.25303649902344,113.73468017578125
IMG_0038.mp4,619,20.653966666666665,29.97002997002997,424,0,auth_label,0.36166852712631226,1916.4290771484375,1203.722900390625,1955.953125,1485.59912109375,1936.1911010742188,1344.6610107421875,39.5240478515625,281.876220703125
IMG_0038.mp4,620,20.687333333333335,29.97002997002997,328,2,traffic_signs,0.9059536457061768,1610.5098876953125,786.892333984375,1713.796630859375,921.2113647460938,1662.1532592773438,854.0518493652344,103.2867431640625,134.31903076171875
IMG_0038.mp4,620,20.687333333333335,29.97002997002997,325,2,traffic_signs,0.9442585706710815,1795.781005859375,1014.7582397460938,1979.813720703125,1210.957763671875,1887.79736328125,1112.8580017089844,184.03271484375,196.19952392578125
IMG_0038.mp4,620,20.687333333333335,29.97002997002997,369,2,traffic_signs,0.880983829498291,2688.760009765625,1531.67919921875,2728.040283203125,1574.9130859375,2708.400146484375,1553.296142578125,39.2802734375,43.23388671875
IMG_0038.mp4,620,20.687333333333335,29.97002997002997,406,2,traffic_signs,0.8235861659049988,3092.2392578125,1550.4984130859375,3132.3056640625,1595.8150634765625,3112.2724609375,1573.15673828125,40.06640625,45.316650390625
IMG_0038.mp4,620,20.687333333333335,29.97002997002997,356,2,traffic_signs,0.8360342383384705,2389.453857421875,1474.7313232421875,2413.07421875,1530.1546630859375,2401.2640380859375,1502.4429931640625,23.620361328125,55.42333984375
IMG_0038.mp4,620,20.687333333333335,29.97002997002997,411,2,traffic_signs,0.7127280235290527,2504.5,1586.7523193359375,2543.63671875,1645.402099609375,2524.068359375,1616.0772094726562,39.13671875,58.6497802734375
IMG_0038.mp4,620,20.687333333333335,29.97002997002997,318,0,auth_label,0.8889453411102295,1928.3172607421875,1221.8389892578125,1991.0316162109375,1743.5267333984375,1959.6744384765625,1482.682861328125,62.71435546875,521.687744140625
IMG_0038.mp4,620,20.687333333333335,29.97002997002997,329,1,traffic_lights,0.9456416964530945,1552.1103515625,929.7317504882812,1686.2398681640625,1166.625732421875,1619.1751098632812,1048.1787414550781,134.1295166015625,236.89398193359375
IMG_0038.mp4,621,20.7207,29.97002997002997,325,2,traffic_signs,0.9345799088478088,1767.513427734375,1003.6072998046875,1953.4219970703125,1204.6925048828125,1860.4677124023438,1104.14990234375,185.9085693359375,201.085205078125
IMG_0038.mp4,621,20.7207,29.97002997002997,369,2,traffic_signs,0.8775613307952881,2665.169921875,1531.2366943359375,2704.586669921875,1574.76416015625,2684.8782958984375,1553.0004272460938,39.416748046875,43.5274658203125
IMG_0038.mp4,621,20.7207,29.97002997002997,406,2,traffic_signs,0.8335745334625244,3064.73193359375,1551.146728515625,3103.568359375,1595.4300537109375,3084.150146484375,1573.2883911132812,38.83642578125,44.2833251953125
IMG_0038.mp4,621,20.7207,29.97002997002997,356,2,traffic_signs,0.8490602374076843,2367.635009765625,1473.906005859375,2391.789794921875,1529.8360595703125,2379.71240234375,1501.8710327148438,24.15478515625,55.9300537109375
IMG_0038.mp4,621,20.7207,29.97002997002997,411,2,traffic_signs,0.6690075993537903,2480.920166015625,1585.96728515625,2520.330810546875,1645.413818359375,2500.62548828125,1615.6905517578125,39.41064453125,59.446533203125
IMG_0038.mp4,621,20.7207,29.97002997002997,318,0,auth_label,0.8836861252784729,1902.7803955078125,1215.9300537109375,1969.878173828125,1740.8406982421875,1936.3292846679688,1478.3853759765625,67.0977783203125,524.91064453125
IMG_0038.mp4,621,20.7207,29.97002997002997,329,1,traffic_lights,0.4135613441467285,1516.0191650390625,920.4686889648438,1651.3878173828125,1148.524658203125,1583.7034912109375,1034.4966735839844,135.36865234375,228.05596923828125
IMG_0038.mp4,621,20.7207,29.97002997002997,306,0,auth_label,0.917076587677002,1533.1114501953125,1259.6373291015625,1661.2425537109375,1719.2569580078125,1597.177001953125,1489.4471435546875,128.131103515625,459.61962890625
IMG_0038.mp4,621,20.7207,29.97002997002997,321,0,auth_label,0.45410317182540894,1648.012939453125,1197.678466796875,1851.2178955078125,1510.5625,1749.6154174804688,1354.1204833984375,203.2049560546875,312.884033203125
IMG_0038.mp4,622,20.754066666666667,29.97002997002997,325,2,traffic_signs,0.8741841316223145,1749.5390625,994.8932495117188,1879.681396484375,1196.8465576171875,1814.6102294921875,1095.8699035644531,130.142333984375,201.95330810546875
IMG_0038.mp4,622,20.754066666666667,29.97002997002997,369,2,traffic_signs,0.6209237575531006,2641.087158203125,1531.025634765625,2682.02783203125,1574.761962890625,2661.5574951171875,1552.893798828125,40.940673828125,43.736328125
IMG_0038.mp4,622,20.754066666666667,29.97002997002997,406,2,traffic_signs,0.7889664173126221,3038.5595703125,1551.6917724609375,3075.422607421875,1596.317626953125,3056.9910888671875,1574.0046997070312,36.863037109375,44.6258544921875
IMG_0038.mp4,622,20.754066666666667,29.97002997002997,356,2,traffic_signs,0.7958269119262695,2348.343505859375,1474.019775390625,2371.0234375,1530.3509521484375,2359.6834716796875,1502.1853637695312,22.679931640625,56.3311767578125
IMG_0038.mp4,622,20.754066666666667,29.97002997002997,411,2,traffic_signs,0.34909379482269287,2459.01025390625,1585.806640625,2499.263671875,1654.781494140625,2479.136962890625,1620.2940673828125,40.25341796875,68.974853515625
IMG_0038.mp4,622,20.754066666666667,29.97002997002997,318,0,auth_label,0.8099486231803894,1895.8084716796875,1244.8663330078125,1952.36474609375,1699.453857421875,1924.0866088867188,1472.1600952148438,56.5562744140625,454.5875244140625
IMG_0038.mp4,622,20.754066666666667,29.97002997002997,306,0,auth_label,0.9537050127983093,1510.40966796875,1198.2623291015625,1667.3316650390625,1719.81396484375,1588.8706665039062,1459.0381469726562,156.9219970703125,521.5516357421875
IMG_0038.mp4,622,20.754066666666667,29.97002997002997,410,2,traffic_signs,0.6236356496810913,2461.202392578125,1586.5321044921875,2497.638916015625,1714.9356689453125,2479.420654296875,1650.73388671875,36.4365234375,128.403564453125
IMG_0038.mp4,623,20.787433333333333,29.97002997002997,325,2,traffic_signs,0.9244036078453064,1712.8160400390625,980.9063110351562,1887.5745849609375,1188.6240234375,1800.1953125,1084.7651672363281,174.758544921875,207.71771240234375
IMG_0038.mp4,623,20.787433333333333,29.97002997002997,369,2,traffic_signs,0.8705831170082092,2618.76953125,1531.0185546875,2659.662841796875,1574.9185791015625,2639.2161865234375,1552.9685668945312,40.893310546875,43.9000244140625
IMG_0038.mp4,623,20.787433333333333,29.97002997002997,406,2,traffic_signs,0.8145941495895386,3013.163818359375,1552.0926513671875,3049.717041015625,1596.802978515625,3031.4404296875,1574.4478149414062,36.55322265625,44.7103271484375
IMG_0038.mp4,623,20.787433333333333,29.97002997002997,356,2,traffic_signs,0.8544325828552246,2328.381103515625,1474.64306640625,2349.945556640625,1528.4105224609375,2339.163330078125,1501.5267944335938,21.564453125,53.7674560546875
IMG_0038.mp4,623,20.787433333333333,29.97002997002997,411,2,traffic_signs,0.75496506690979,2438.86669921875,1585.10302734375,2476.73876953125,1647.4091796875,2457.802734375,1616.256103515625,37.8720703125,62.30615234375
IMG_0038.mp4,623,20.787433333333333,29.97002997002997,318,0,auth_label,0.9025865793228149,1857.14111328125,1196.0186767578125,1931.9417724609375,1704.992431640625,1894.5414428710938,1450.5055541992188,74.8006591796875,508.9737548828125
IMG_0038.mp4,623,20.787433333333333,29.97002997002997,306,0,auth_label,0.7829079627990723,1491.083740234375,1186.0311279296875,1727.383056640625,1717.7923583984375,1609.2333984375,1451.9117431640625,236.29931640625,531.76123046875
IMG_0038.mp4,623,20.787433333333333,29.97002997002997,328,2,traffic_signs,0.8746705055236816,1513.8546142578125,734.7494506835938,1621.565185546875,882.2578125,1567.7098999023438,808.5036315917969,107.7105712890625,147.50836181640625
IMG_0038.mp4,623,20.787433333333333,29.97002997002997,329,1,traffic_lights,0.7248626351356506,1444.192138671875,885.7219848632812,1586.7080078125,1132.41943359375,1515.4500732421875,1009.0707092285156,142.515869140625,246.69744873046875
IMG_0038.mp4,624,20.820800000000002,29.97002997002997,325,2,traffic_signs,0.9336844682693481,1682.2655029296875,970.6284790039062,1869.9193115234375,1181.407470703125,1776.0924072265625,1076.0179748535156,187.65380859375,210.77899169921875
IMG_0038.mp4,624,20.820800000000002,29.97002997002997,369,2,traffic_signs,0.8656559586524963,2598.13623046875,1531.1943359375,2637.820068359375,1574.6710205078125,2617.9781494140625,1552.9326782226562,39.683837890625,43.4766845703125
IMG_0038.mp4,624,20.820800000000002,29.97002997002997,406,2,traffic_signs,0.8064669370651245,2986.805419921875,1552.658447265625,3023.208740234375,1596.19970703125,3005.007080078125,1574.4290771484375,36.4033203125,43.541259765625
IMG_0038.mp4,624,20.820800000000002,29.97002997002997,411,2,traffic_signs,0.8351432681083679,2418.388671875,1584.923095703125,2455.347412109375,1643.89306640625,2436.8680419921875,1614.4080810546875,36.958740234375,58.969970703125
IMG_0038.mp4,624,20.820800000000002,29.97002997002997,318,0,auth_label,0.8938997983932495,1824.0859375,1194.100830078125,1911.0146484375,1726.576904296875,1867.55029296875,1460.3388671875,86.9287109375,532.47607421875
IMG_0038.mp4,624,20.820800000000002,29.97002997002997,306,0,auth_label,0.6963642239570618,1471.0753173828125,1190.869873046875,1737.913330078125,1720.62548828125,1604.4943237304688,1455.7476806640625,266.8380126953125,529.755615234375
IMG_0038.mp4,624,20.820800000000002,29.97002997002997,328,2,traffic_signs,0.4526573419570923,1483.2794189453125,718.3746948242188,1590.021240234375,867.322509765625,1536.6503295898438,792.8486022949219,106.7418212890625,148.94781494140625
IMG_0038.mp4,624,20.820800000000002,29.97002997002997,329,1,traffic_lights,0.7124106287956238,1404.562744140625,873.9786987304688,1553.724853515625,1124.82177734375,1479.143798828125,999.4002380371094,149.162109375,250.84307861328125
IMG_0038.mp4,625,20.854166666666668,29.97002997002997,325,2,traffic_signs,0.9332812428474426,1646.47802734375,954.9124145507812,1842.305908203125,1169.5050048828125,1744.3919677734375,1062.2087097167969,195.827880859375,214.59259033203125
IMG_0038.mp4,625,20.854166666666668,29.97002997002997,406,2,traffic_signs,0.8099687099456787,2960.40576171875,1552.404541015625,2997.867431640625,1595.7618408203125,2979.1365966796875,1574.0831909179688,37.461669921875,43.3572998046875
IMG_0038.mp4,625,20.854166666666668,29.97002997002997,318,0,auth_label,0.9321628212928772,1793.8729248046875,1194.2044677734375,1883.215576171875,1737.9359130859375,1838.5442504882812,1466.0701904296875,89.3426513671875,543.7314453125
IMG_0038.mp4,625,20.854166666666668,29.97002997002997,306,0,auth_label,0.8576100468635559,1439.3900146484375,1188.7244873046875,1721.71875,1715.57666015625,1580.5543823242188,1452.1505737304688,282.3287353515625,526.8521728515625
IMG_0038.mp4,625,20.854166666666668,29.97002997002997,328,2,traffic_signs,0.9428868889808655,1440.1693115234375,692.389892578125,1555.1055908203125,848.8316650390625,1497.637451171875,770.6107788085938,114.936279296875,156.4417724609375
IMG_0038.mp4,625,20.854166666666668,29.97002997002997,329,1,traffic_lights,0.5847634077072144,1358.2005615234375,849.854736328125,1512.36865234375,1109.840087890625,1435.2846069335938,979.847412109375,154.1680908203125,259.9853515625
IMG_0038.mp4,625,20.854166666666668,29.97002997002997,356,2,traffic_signs,0.8484565615653992,2284.42333984375,1472.9146728515625,2306.6484375,1527.41162109375,2295.535888671875,1500.1631469726562,22.22509765625,54.4969482421875
IMG_0038.mp4,626,20.887533333333334,29.97002997002997,325,2,traffic_signs,0.9249090552330017,1613.4705810546875,939.5335693359375,1813.403076171875,1158.7205810546875,1713.4368286132812,1049.1270751953125,199.9324951171875,219.18701171875
IMG_0038.mp4,626,20.887533333333334,29.97002997002997,318,0,auth_label,0.8992151021957397,1763.3817138671875,1184.8250732421875,1859.45751953125,1737.011474609375,1811.4196166992188,1460.9182739257812,96.0758056640625,552.1864013671875
IMG_0038.mp4,626,20.887533333333334,29.97002997002997,306,0,auth_label,0.36765965819358826,1427.2491455078125,1188.6524658203125,1692.8199462890625,1708.8807373046875,1560.0345458984375,1448.7666015625,265.57080078125,520.228271484375
IMG_0038.mp4,626,20.887533333333334,29.97002997002997,328,2,traffic_signs,0.9233177900314331,1402.4091796875,669.737548828125,1519.4632568359375,829.3168334960938,1460.9362182617188,749.5271911621094,117.0540771484375,159.57928466796875
IMG_0038.mp4,626,20.887533333333334,29.97002997002997,329,1,traffic_lights,0.39353862404823303,1313.736572265625,828.5418701171875,1472.6512451171875,1093.6632080078125,1393.1939086914062,961.1025390625,158.9146728515625,265.121337890625
IMG_0038.mp4,626,20.887533333333334,29.97002997002997,356,2,traffic_signs,0.732183039188385,2262.191162109375,1471.447998046875,2284.650634765625,1525.689697265625,2273.4208984375,1498.56884765625,22.45947265625,54.24169921875
IMG_0038.mp4,626,20.887533333333334,29.97002997002997,369,2,traffic_signs,0.8863720297813416,2554.05029296875,1529.923828125,2594.01220703125,1572.9993896484375,2574.03125,1551.4616088867188,39.9619140625,43.0755615234375
IMG_0038.mp4,626,20.887533333333334,29.97002997002997,411,2,traffic_signs,0.7874805331230164,2373.77783203125,1583.55908203125,2410.158203125,1637.8939208984375,2391.968017578125,1610.7265014648438,36.38037109375,54.3348388671875
IMG_0038.mp4,627,20.9209,29.97002997002997,325,2,traffic_signs,0.9483548402786255,1578.01025390625,920.8770751953125,1782.5809326171875,1145.600830078125,1680.2955932617188,1033.2389526367188,204.5706787109375,224.7237548828125
IMG_0038.mp4,627,20.9209,29.97002997002997,318,0,auth_label,0.9020048379898071,1734.8028564453125,1179.987548828125,1834.3155517578125,1740.5126953125,1784.5592041015625,1460.2501220703125,99.5126953125,560.525146484375
IMG_0038.mp4,627,20.9209,29.97002997002997,306,0,auth_label,0.4381265640258789,1403.8670654296875,1186.9140625,1656.683349609375,1708.0863037109375,1530.2752075195312,1447.5001831054688,252.8162841796875,521.1722412109375
IMG_0038.mp4,627,20.9209,29.97002997002997,328,2,traffic_signs,0.9181918501853943,1361.87060546875,643.3059692382812,1480.994140625,805.648193359375,1421.432373046875,724.4770812988281,119.12353515625,162.34222412109375
IMG_0038.mp4,627,20.9209,29.97002997002997,329,1,traffic_lights,0.6933866143226624,1266.2003173828125,803.2227172851562,1429.469482421875,1077.241455078125,1347.8348999023438,940.2320861816406,163.2691650390625,274.01873779296875
IMG_0038.mp4,627,20.9209,29.97002997002997,356,2,traffic_signs,0.7916600704193115,2242.868408203125,1470.205322265625,2265.35693359375,1525.7725830078125,2254.1126708984375,1497.9889526367188,22.488525390625,55.5672607421875
IMG_0038.mp4,627,20.9209,29.97002997002997,369,2,traffic_signs,0.8871623277664185,2535.4248046875,1529.6763916015625,2575.3349609375,1572.3360595703125,2555.3798828125,1551.0062255859375,39.91015625,42.65966796875
IMG_0038.mp4,627,20.9209,29.97002997002997,411,2,traffic_signs,0.7932940125465393,2354.5087890625,1582.568115234375,2390.966064453125,1638.4140625,2372.7374267578125,1610.4910888671875,36.457275390625,55.845947265625
IMG_0038.mp4,628,20.954266666666665,29.97002997002997,325,2,traffic_signs,0.9499075412750244,1545.481201171875,908.654296875,1753.6689453125,1135.854248046875,1649.5750732421875,1022.2542724609375,208.187744140625,227.199951171875
IMG_0038.mp4,628,20.954266666666665,29.97002997002997,318,0,auth_label,0.9191707968711853,1708.1920166015625,1171.71240234375,1812.518798828125,1739.9603271484375,1760.3554077148438,1455.8363647460938,104.3267822265625,568.2479248046875
IMG_0038.mp4,628,20.954266666666665,29.97002997002997,328,2,traffic_signs,0.9240439534187317,1324.25830078125,624.5599365234375,1446.52099609375,790.7986450195312,1385.3896484375,707.6792907714844,122.2626953125,166.23870849609375
IMG_0038.mp4,628,20.954266666666665,29.97002997002997,356,2,traffic_signs,0.6882278323173523,2221.07373046875,1469.7890625,2243.6806640625,1525.93896484375,2232.377197265625,1497.864013671875,22.60693359375,56.14990234375
IMG_0038.mp4,628,20.954266666666665,29.97002997002997,369,2,traffic_signs,0.8861146569252014,2512.009765625,1529.6942138671875,2552.1494140625,1572.050048828125,2532.07958984375,1550.8721313476562,40.1396484375,42.3558349609375
IMG_0038.mp4,628,20.954266666666665,29.97002997002997,411,2,traffic_signs,0.5047832131385803,2332.13916015625,1581.91845703125,2368.6845703125,1639.5238037109375,2350.411865234375,1610.7211303710938,36.54541015625,57.6053466796875
IMG_0038.mp4,628,20.954266666666665,29.97002997002997,444,0,auth_label,0.4826492369174957,1634.025146484375,1187.1246337890625,1704.2652587890625,1649.755126953125,1669.1452026367188,1418.4398803710938,70.2401123046875,462.6304931640625
IMG_0038.mp4,628,20.954266666666665,29.97002997002997,340,0,auth_label,0.7410491704940796,1633.5145263671875,1201.32763671875,1700.658447265625,1730.4454345703125,1667.0864868164062,1465.8865356445312,67.1439208984375,529.1177978515625
IMG_0038.mp4,628,20.954266666666665,29.97002997002997,406,2,traffic_signs,0.8089638352394104,2890.45703125,1552.7471923828125,2926.48486328125,1593.515869140625,2908.470947265625,1573.1315307617188,36.02783203125,40.7686767578125
IMG_0038.mp4,629,20.987633333333335,29.97002997002997,325,2,traffic_signs,0.941292405128479,1511.6744384765625,895.6229858398438,1722.034912109375,1124.9755859375,1616.8546752929688,1010.2992858886719,210.3604736328125,229.35260009765625
IMG_0038.mp4,629,20.987633333333335,29.97002997002997,318,0,auth_label,0.9349809288978577,1678.991943359375,1174.9056396484375,1791.4669189453125,1740.9393310546875,1735.2294311523438,1457.9224853515625,112.4749755859375,566.03369140625
IMG_0038.mp4,629,20.987633333333335,29.97002997002997,328,2,traffic_signs,0.9350236058235168,1284.0919189453125,600.8333740234375,1408.3905029296875,769.0111083984375,1346.2412109375,684.9222412109375,124.298583984375,168.177734375
IMG_0038.mp4,629,20.987633333333335,29.97002997002997,356,2,traffic_signs,0.8580899238586426,2200.052001953125,1467.7266845703125,2223.862060546875,1523.1954345703125,2211.95703125,1495.4610595703125,23.81005859375,55.46875
IMG_0038.mp4,629,20.987633333333335,29.97002997002997,369,2,traffic_signs,0.895550012588501,2491.19580078125,1528.662109375,2530.67333984375,1571.212890625,2510.9345703125,1549.9375,39.4775390625,42.55078125
IMG_0038.mp4,629,20.987633333333335,29.97002997002997,411,2,traffic_signs,0.7476918697357178,2312.286376953125,1580.9342041015625,2347.8359375,1640.0059814453125,2330.0611572265625,1610.4700927734375,35.549560546875,59.07177734375
IMG_0038.mp4,629,20.987633333333335,29.97002997002997,448,2,traffic_signs,0.4363471567630768,1896.60888671875,1515.61962890625,1924.949462890625,1557.3726806640625,1910.7791748046875,1536.4961547851562,28.340576171875,41.7530517578125
IMG_0038.mp4,629,20.987633333333335,29.97002997002997,340,0,auth_label,0.33125704526901245,1597.2838134765625,1193.3233642578125,1670.734375,1711.4068603515625,1634.0090942382812,1452.3651123046875,73.4505615234375,518.08349609375
IMG_0038.mp4,629,20.987633333333335,29.97002997002997,406,2,traffic_signs,0.8037399649620056,2865.19677734375,1551.5550537109375,2901.56201171875,1593.1767578125,2883.37939453125,1572.3659057617188,36.365234375,41.6217041015625
IMG_0038.mp4,629,20.987633333333335,29.97002997002997,306,0,auth_label,0.8377155661582947,1365.82958984375,1184.390380859375,1588.1365966796875,1690.628662109375,1476.9830932617188,1437.509521484375,222.3070068359375,506.23828125
IMG_0038.mp4,630,21.021,29.97002997002997,325,2,traffic_signs,0.7416660189628601,1485.6776123046875,916.8946533203125,1696.1043701171875,1114.0301513671875,1590.8909912109375,1015.46240234375,210.4267578125,197.135498046875
IMG_0038.mp4,630,21.021,29.97002997002997,318,0,auth_label,0.9303021430969238,1649.8284912109375,1172.5172119140625,1769.6160888671875,1745.2667236328125,1709.7222900390625,1458.8919677734375,119.78759765625,572.74951171875
IMG_0038.mp4,630,21.021,29.97002997002997,328,2,traffic_signs,0.8129433393478394,1241.2027587890625,576.9707641601562,1368.883056640625,743.1383056640625,1305.0429077148438,660.0545349121094,127.6802978515625,166.16754150390625
IMG_0038.mp4,630,21.021,29.97002997002997,356,2,traffic_signs,0.849183201789856,2178.901123046875,1466.1640625,2202.718994140625,1521.4974365234375,2190.81005859375,1493.8307495117188,23.81787109375,55.3333740234375
IMG_0038.mp4,630,21.021,29.97002997002997,369,2,traffic_signs,0.892071545124054,2469.920654296875,1528.4345703125,2508.419921875,1570.8857421875,2489.1702880859375,1549.66015625,38.499267578125,42.451171875
IMG_0038.mp4,630,21.021,29.97002997002997,411,2,traffic_signs,0.5543215870857239,2290.769775390625,1580.6478271484375,2325.300048828125,1636.60498046875,2308.034912109375,1608.6264038085938,34.5302734375,55.9571533203125
IMG_0038.mp4,630,21.021,29.97002997002997,448,2,traffic_signs,0.627435028553009,1873.066162109375,1519.182861328125,1904.211181640625,1558.267578125,1888.638671875,1538.7252197265625,31.14501953125,39.084716796875
IMG_0038.mp4,630,21.021,29.97002997002997,340,0,auth_label,0.8823140859603882,1563.2047119140625,1201.45849609375,1640.477783203125,1579.3154296875,1601.8412475585938,1390.386962890625,77.2730712890625,377.85693359375
IMG_0038.mp4,630,21.021,29.97002997002997,406,2,traffic_signs,0.8196173310279846,2839.84716796875,1551.3170166015625,2876.499267578125,1592.0860595703125,2858.1732177734375,1571.7015380859375,36.652099609375,40.76904296875
IMG_0038.mp4,630,21.021,29.97002997002997,306,0,auth_label,0.47801920771598816,1338.2728271484375,1185.852783203125,1549.704345703125,1697.4871826171875,1443.9885864257812,1441.6699829101562,211.4315185546875,511.6343994140625
IMG_0038.mp4,631,21.054366666666667,29.97002997002997,325,2,traffic_signs,0.9158540964126587,1445.7674560546875,879.2418823242188,1665.5882568359375,1099.864013671875,1555.6778564453125,989.5529479980469,219.82080078125,220.62213134765625
IMG_0038.mp4,631,21.054366666666667,29.97002997002997,328,2,traffic_signs,0.8325360417366028,1199.543212890625,553.23486328125,1330.7386474609375,726.6268310546875,1265.1409301757812,639.9308471679688,131.1954345703125,173.3919677734375
IMG_0038.mp4,631,21.054366666666667,29.97002997002997,356,2,traffic_signs,0.8541086316108704,2159.80078125,1464.8619384765625,2183.3447265625,1522.126953125,2171.57275390625,1493.4944458007812,23.5439453125,57.2650146484375
IMG_0038.mp4,631,21.054366666666667,29.97002997002997,369,2,traffic_signs,0.8900353312492371,2449.1083984375,1527.7391357421875,2488.188232421875,1571.05126953125,2468.6483154296875,1549.3952026367188,39.079833984375,43.3121337890625
IMG_0038.mp4,631,21.054366666666667,29.97002997002997,411,2,traffic_signs,0.7518529891967773,2271.0712890625,1580.025390625,2305.413818359375,1638.928466796875,2288.2425537109375,1609.4769287109375,34.342529296875,58.903076171875
IMG_0038.mp4,631,21.054366666666667,29.97002997002997,448,2,traffic_signs,0.5901597738265991,1849.823974609375,1521.8355712890625,1886.4234619140625,1559.53076171875,1868.1237182617188,1540.6831665039062,36.5994873046875,37.6951904296875
IMG_0038.mp4,631,21.054366666666667,29.97002997002997,406,2,traffic_signs,0.7837461233139038,2816.393798828125,1551.2069091796875,2852.22998046875,1591.4671630859375,2834.3118896484375,1571.3370361328125,35.836181640625,40.26025390625
IMG_0038.mp4,632,21.087733333333333,29.97002997002997,325,2,traffic_signs,0.9348361492156982,1395.595458984375,846.9447021484375,1623.0810546875,1082.600341796875,1509.3382568359375,964.7725219726562,227.485595703125,235.6556396484375
IMG_0038.mp4,632,21.087733333333333,29.97002997002997,340,0,auth_label,0.5825605988502502,1484.4697265625,1174.22314453125,1572.8201904296875,1592.9971923828125,1528.6449584960938,1383.6101684570312,88.3504638671875,418.7740478515625
IMG_0038.mp4,632,21.087733333333333,29.97002997002997,306,0,auth_label,0.9157992005348206,1252.7332763671875,1173.52978515625,1469.824462890625,1667.82666015625,1361.2788696289062,1420.67822265625,217.0911865234375,494.296875
IMG_0038.mp4,633,21.121100000000002,29.97002997002997,325,2,traffic_signs,0.9375218749046326,1351.8662109375,823.4700317382812,1587.21484375,1067.1368408203125,1469.54052734375,945.3034362792969,235.3486328125,243.66680908203125
IMG_0038.mp4,633,21.121100000000002,29.97002997002997,340,0,auth_label,0.5673577785491943,1437.6654052734375,1158.9893798828125,1529.53759765625,1656.9163818359375,1483.6015014648438,1407.952880859375,91.8721923828125,497.927001953125
IMG_0038.mp4,633,21.121100000000002,29.97002997002997,306,0,auth_label,0.9382781386375427,1212.3555908203125,1160.8243408203125,1421.9913330078125,1694.8431396484375,1317.1734619140625,1427.833740234375,209.6357421875,534.018798828125
IMG_0038.mp4,633,21.121100000000002,29.97002997002997,318,0,auth_label,0.9088345170021057,1550.8470458984375,1143.993408203125,1697.7127685546875,1723.5712890625,1624.2799072265625,1433.7823486328125,146.86572265625,579.577880859375
IMG_0038.mp4,633,21.121100000000002,29.97002997002997,406,2,traffic_signs,0.5863271951675415,2769.583251953125,1550.715087890625,2803.532958984375,1587.84228515625,2786.55810546875,1569.2786865234375,33.94970703125,37.127197265625
IMG_0038.mp4,634,21.154466666666668,29.97002997002997,325,2,traffic_signs,0.9418870210647583,1320.8546142578125,809.6201782226562,1557.9588623046875,1057.5892333984375,1439.40673828125,933.6047058105469,237.104248046875,247.96905517578125
IMG_0038.mp4,634,21.154466666666668,29.97002997002997,340,0,auth_label,0.8988558053970337,1398.8997802734375,1150.6181640625,1503.033203125,1684.83837890625,1450.9664916992188,1417.728271484375,104.1334228515625,534.22021484375
IMG_0038.mp4,634,21.154466666666668,29.97002997002997,306,0,auth_label,0.9244265556335449,1187.58642578125,1163.69189453125,1387.1488037109375,1709.5643310546875,1287.3676147460938,1436.6281127929688,199.5623779296875,545.8724365234375
IMG_0038.mp4,634,21.154466666666668,29.97002997002997,453,2,traffic_signs,0.8861770033836365,2387.7861328125,1526.1617431640625,2428.819580078125,1569.666015625,2408.3028564453125,1547.9138793945312,41.033447265625,43.5042724609375
IMG_0038.mp4,634,21.154466666666668,29.97002997002997,454,2,traffic_signs,0.7829167246818542,2098.12109375,1460.1956787109375,2123.0830078125,1519.879638671875,2110.60205078125,1490.0376586914062,24.9619140625,59.6839599609375
IMG_0038.mp4,634,21.154466666666668,29.97002997002997,455,2,traffic_signs,0.6032525300979614,1791.0260009765625,1506.694580078125,1826.0045166015625,1554.327880859375,1808.5152587890625,1530.51123046875,34.978515625,47.63330078125
IMG_0038.mp4,634,21.154466666666668,29.97002997002997,318,0,auth_label,0.9463181495666504,1519.886474609375,1139.45654296875,1680.6585693359375,1727.8974609375,1600.2725219726562,1433.677001953125,160.7720947265625,588.44091796875
IMG_0038.mp4,634,21.154466666666668,29.97002997002997,406,2,traffic_signs,0.796157717704773,2751.7197265625,1550.939208984375,2784.946044921875,1589.302001953125,2768.3328857421875,1570.12060546875,33.226318359375,38.36279296875
IMG_0038.mp4,635,21.187833333333334,29.97002997002997,325,2,traffic_signs,0.9569737315177917,1283.280517578125,790.2238159179688,1521.5867919921875,1043.758056640625,1402.4336547851562,916.9909362792969,238.3062744140625,253.53424072265625
IMG_0038.mp4,635,21.187833333333334,29.97002997002997,340,0,auth_label,0.9423562288284302,1360.6209716796875,1146.996337890625,1470.6314697265625,1688.813232421875,1415.626220703125,1417.90478515625,110.010498046875,541.81689453125
IMG_0038.mp4,635,21.187833333333334,29.97002997002997,306,0,auth_label,0.9546855688095093,1159.4217529296875,1164.2147216796875,1346.3538818359375,1713.8802490234375,1252.8878173828125,1439.0474853515625,186.93212890625,549.66552734375
IMG_0038.mp4,635,21.187833333333334,29.97002997002997,453,2,traffic_signs,0.899127721786499,2368.43798828125,1525.03466796875,2408.28759765625,1568.44482421875,2388.36279296875,1546.73974609375,39.849609375,43.41015625
IMG_0038.mp4,635,21.187833333333334,29.97002997002997,455,2,traffic_signs,0.4609689712524414,1771.7518310546875,1485.1734619140625,1805.4737548828125,1549.89794921875,1788.61279296875,1517.5357055664062,33.721923828125,64.7244873046875
IMG_0038.mp4,635,21.187833333333334,29.97002997002997,318,0,auth_label,0.9521827101707458,1482.6014404296875,1137.2083740234375,1660.9024658203125,1735.030029296875,1571.751953125,1436.1192016601562,178.301025390625,597.8216552734375
IMG_0038.mp4,635,21.187833333333334,29.97002997002997,406,2,traffic_signs,0.8007856011390686,2730.126708984375,1550.17724609375,2763.88037109375,1589.5006103515625,2747.0035400390625,1569.8389282226562,33.753662109375,39.3233642578125
IMG_0038.mp4,635,21.187833333333334,29.97002997002997,458,2,traffic_signs,0.8750871419906616,2188.885009765625,1574.8563232421875,2225.279052734375,1706.6693115234375,2207.08203125,1640.7628173828125,36.39404296875,131.81298828125
IMG_0038.mp4,636,21.2212,29.97002997002997,325,2,traffic_signs,0.9380019903182983,1243.6998291015625,771.930908203125,1487.53564453125,1030.3099365234375,1365.6177368164062,901.1204223632812,243.8358154296875,258.3790283203125
IMG_0038.mp4,636,21.2212,29.97002997002997,340,0,auth_label,0.5851439833641052,1319.92138671875,1140.662841796875,1439.1405029296875,1710.09033203125,1379.5309448242188,1425.3765869140625,119.2191162109375,569.427490234375
IMG_0038.mp4,636,21.2212,29.97002997002997,306,0,auth_label,0.9389764666557312,1131.479736328125,1162.1153564453125,1303.1156005859375,1715.7493896484375,1217.2976684570312,1438.932373046875,171.6358642578125,553.634033203125
IMG_0038.mp4,636,21.2212,29.97002997002997,453,2,traffic_signs,0.9056859016418457,2351.171875,1525.0494384765625,2388.897705078125,1567.81787109375,2370.0347900390625,1546.4336547851562,37.725830078125,42.7684326171875
IMG_0038.mp4,636,21.2212,29.97002997002997,455,2,traffic_signs,0.6693735122680664,1753.5699462890625,1494.626953125,1789.770751953125,1550.4447021484375,1771.6703491210938,1522.5358276367188,36.2008056640625,55.8177490234375
IMG_0038.mp4,636,21.2212,29.97002997002997,318,0,auth_label,0.947818398475647,1450.40234375,1140.0799560546875,1641.2109375,1735.720458984375,1545.806640625,1437.9002075195312,190.80859375,595.6405029296875
IMG_0038.mp4,636,21.2212,29.97002997002997,406,2,traffic_signs,0.8195965886116028,2708.800537109375,1549.83740234375,2743.362548828125,1590.3094482421875,2726.08154296875,1570.0734252929688,34.56201171875,40.4720458984375
IMG_0038.mp4,636,21.2212,29.97002997002997,458,2,traffic_signs,0.7775045037269592,2170.508056640625,1573.08349609375,2205.737548828125,1706.988037109375,2188.122802734375,1640.0357666015625,35.2294921875,133.904541015625
IMG_0038.mp4,636,21.2212,29.97002997002997,321,0,auth_label,0.4978260099887848,1307.6241455078125,1140.6104736328125,1429.4901123046875,1708.1607666015625,1368.55712890625,1424.3856201171875,121.865966796875,567.55029296875
IMG_0038.mp4,636,21.2212,29.97002997002997,454,2,traffic_signs,0.7572240233421326,2060.35888671875,1457.235107421875,2083.912841796875,1520.6783447265625,2072.1358642578125,1488.9567260742188,23.553955078125,63.4432373046875
IMG_0038.mp4,637,21.254566666666665,29.97002997002997,325,2,traffic_signs,0.9543923735618591,1197.123779296875,748.0648193359375,1448.006103515625,1012.925537109375,1322.56494140625,880.4951782226562,250.88232421875,264.8607177734375
IMG_0038.mp4,637,21.254566666666665,29.97002997002997,306,0,auth_label,0.9244737029075623,1104.0650634765625,1160.403076171875,1256.214111328125,1713.7586669921875,1180.1395874023438,1437.0808715820312,152.1490478515625,553.3555908203125
IMG_0038.mp4,637,21.254566666666665,29.97002997002997,453,2,traffic_signs,0.8999723196029663,2332.0361328125,1524.4921875,2369.798828125,1567.565185546875,2350.91748046875,1546.0286865234375,37.7626953125,43.072998046875
IMG_0038.mp4,637,21.254566666666665,29.97002997002997,455,2,traffic_signs,0.7284826040267944,1733.6588134765625,1490.1297607421875,1770.4454345703125,1551.0601806640625,1752.0521240234375,1520.594970703125,36.78662109375,60.930419921875
IMG_0038.mp4,637,21.254566666666665,29.97002997002997,318,0,auth_label,0.9512482285499573,1413.22216796875,1137.202880859375,1619.537353515625,1735.518798828125,1516.3797607421875,1436.36083984375,206.315185546875,598.31591796875
IMG_0038.mp4,637,21.254566666666665,29.97002997002997,406,2,traffic_signs,0.8292312622070312,2689.324951171875,1549.704345703125,2723.264404296875,1590.943603515625,2706.294677734375,1570.323974609375,33.939453125,41.2392578125
IMG_0038.mp4,637,21.254566666666665,29.97002997002997,458,2,traffic_signs,0.749135434627533,2150.70947265625,1574.2406005859375,2184.893310546875,1707.9591064453125,2167.8013916015625,1641.099853515625,34.183837890625,133.718505859375
IMG_0038.mp4,637,21.254566666666665,29.97002997002997,461,2,traffic_signs,0.34515777230262756,3011.86083984375,1427.9091796875,3053.85107421875,1510.129150390625,3032.85595703125,1469.0191650390625,41.990234375,82.219970703125
IMG_0038.mp4,637,21.254566666666665,29.97002997002997,321,0,auth_label,0.922629177570343,1265.01953125,1139.1622314453125,1397.0052490234375,1707.816650390625,1331.0123901367188,1423.4894409179688,131.9857177734375,568.6544189453125
IMG_0038.mp4,637,21.254566666666665,29.97002997002997,454,2,traffic_signs,0.6752457022666931,2041.952880859375,1456.36669921875,2064.3544921875,1519.6693115234375,2053.1536865234375,1488.0180053710938,22.401611328125,63.3026123046875
IMG_0038.mp4,638,21.287933333333335,29.97002997002997,325,2,traffic_signs,0.9476929903030396,1151.5489501953125,724.9779052734375,1408.4268798828125,994.4168701171875,1279.9879150390625,859.6973876953125,256.8779296875,269.43896484375
IMG_0038.mp4,638,21.287933333333335,29.97002997002997,306,0,auth_label,0.8967246413230896,1072.081787109375,1165.214599609375,1203.3927001953125,1714.3909912109375,1137.7372436523438,1439.8027954101562,131.3109130859375,549.1763916015625
IMG_0038.mp4,638,21.287933333333335,29.97002997002997,453,2,traffic_signs,0.8711020350456238,2313.680419921875,1523.610107421875,2350.986572265625,1566.96923828125,2332.33349609375,1545.2896728515625,37.30615234375,43.359130859375
IMG_0038.mp4,638,21.287933333333335,29.97002997002997,455,2,traffic_signs,0.8100167512893677,1715.3876953125,1489.1402587890625,1752.0,1550.35107421875,1733.69384765625,1519.7456665039062,36.6123046875,61.2108154296875
IMG_0038.mp4,638,21.287933333333335,29.97002997002997,318,0,auth_label,0.9562444686889648,1375.2266845703125,1131.9034423828125,1597.6474609375,1736.517578125,1486.4370727539062,1434.2105102539062,222.4207763671875,604.6141357421875
IMG_0038.mp4,638,21.287933333333335,29.97002997002997,406,2,traffic_signs,0.8163651823997498,2669.737548828125,1548.630126953125,2702.9453125,1590.11767578125,2686.3414306640625,1569.3739013671875,33.207763671875,41.487548828125
IMG_0038.mp4,638,21.287933333333335,29.97002997002997,458,2,traffic_signs,0.787081241607666,2132.346923828125,1572.96826171875,2166.350830078125,1709.017822265625,2149.348876953125,1640.9930419921875,34.00390625,136.049560546875
IMG_0038.mp4,638,21.287933333333335,29.97002997002997,321,0,auth_label,0.9085126519203186,1220.3359375,1138.8385009765625,1363.0765380859375,1706.72900390625,1291.7062377929688,1422.7837524414062,142.7406005859375,567.8905029296875
IMG_0038.mp4,638,21.287933333333335,29.97002997002997,454,2,traffic_signs,0.6550078988075256,2023.054443359375,1454.5687255859375,2046.422607421875,1518.5828857421875,2034.738525390625,1486.5758056640625,23.3681640625,64.01416015625
IMG_0038.mp4,638,21.287933333333335,29.97002997002997,464,2,traffic_signs,0.7045854926109314,1845.9520263671875,1558.1505126953125,1862.3890380859375,1580.936279296875,1854.1705322265625,1569.5433959960938,16.43701171875,22.7857666015625
IMG_0038.mp4,639,21.3213,29.97002997002997,325,2,traffic_signs,0.9544777274131775,1105.0797119140625,699.575439453125,1367.369873046875,975.693115234375,1236.2247924804688,837.63427734375,262.2901611328125,276.11767578125
IMG_0038.mp4,639,21.3213,29.97002997002997,453,2,traffic_signs,0.8870953917503357,2296.59033203125,1523.46875,2333.320556640625,1566.1553955078125,2314.9554443359375,1544.8120727539062,36.730224609375,42.6866455078125
IMG_0038.mp4,639,21.3213,29.97002997002997,455,2,traffic_signs,0.7742738127708435,1696.3792724609375,1489.105712890625,1733.8114013671875,1548.856689453125,1715.0953369140625,1518.981201171875,37.43212890625,59.7509765625
IMG_0038.mp4,639,21.3213,29.97002997002997,318,0,auth_label,0.9524627327919006,1335.5224609375,1120.3402099609375,1576.4276123046875,1739.8284912109375,1455.9750366210938,1430.0843505859375,240.9051513671875,619.48828125
IMG_0038.mp4,639,21.3213,29.97002997002997,406,2,traffic_signs,0.8046492338180542,2650.802001953125,1547.75830078125,2684.3173828125,1593.453369140625,2667.5596923828125,1570.6058349609375,33.515380859375,45.695068359375
IMG_0038.mp4,639,21.3213,29.97002997002997,458,2,traffic_signs,0.7977879643440247,2115.599365234375,1570.865234375,2149.67138671875,1706.5604248046875,2132.6353759765625,1638.7128295898438,34.072021484375,135.6951904296875
IMG_0038.mp4,639,21.3213,29.97002997002997,321,0,auth_label,0.3184618651866913,1174.731689453125,1139.869384765625,1326.8175048828125,1655.617431640625,1250.7745971679688,1397.743408203125,152.0858154296875,515.748046875
IMG_0038.mp4,639,21.3213,29.97002997002997,454,2,traffic_signs,0.7468608617782593,2002.5673828125,1451.4068603515625,2027.846923828125,1519.64501953125,2015.2071533203125,1485.5259399414062,25.279541015625,68.2381591796875
IMG_0038.mp4,639,21.3213,29.97002997002997,464,2,traffic_signs,0.5546116232872009,1827.62109375,1557.896728515625,1845.0556640625,1581.267578125,1836.33837890625,1569.5821533203125,17.4345703125,23.370849609375
IMG_0038.mp4,639,21.3213,29.97002997002997,466,2,traffic_signs,0.7199558019638062,786.0192260742188,279.6617126464844,944.00537109375,483.5618591308594,865.0122985839844,381.6117858886719,157.98614501953125,203.900146484375
IMG_0038.mp4,639,21.3213,29.97002997002997,461,2,traffic_signs,0.30763208866119385,2972.212158203125,1425.471435546875,3017.862060546875,1511.2457275390625,2995.037109375,1468.3585815429688,45.64990234375,85.7742919921875
IMG_0038.mp4,640,21.354666666666667,29.97002997002997,325,2,traffic_signs,0.9467872381210327,1057.6021728515625,671.8956298828125,1326.412841796875,954.912109375,1192.0075073242188,813.4038696289062,268.8106689453125,283.0164794921875
IMG_0038.mp4,640,21.354666666666667,29.97002997002997,453,2,traffic_signs,0.8985425233840942,2279.6875,1521.98828125,2315.26708984375,1565.965576171875,2297.477294921875,1543.9769287109375,35.57958984375,43.977294921875
IMG_0038.mp4,640,21.354666666666667,29.97002997002997,455,2,traffic_signs,0.7534326910972595,1677.56103515625,1491.55224609375,1715.4957275390625,1549.41259765625,1696.5283813476562,1520.482421875,37.9346923828125,57.8603515625
IMG_0038.mp4,640,21.354666666666667,29.97002997002997,318,0,auth_label,0.5494021773338318,1298.998291015625,1118.2218017578125,1555.638671875,1738.556884765625,1427.3184814453125,1428.3893432617188,256.640380859375,620.3350830078125
IMG_0038.mp4,640,21.354666666666667,29.97002997002997,406,2,traffic_signs,0.8282954096794128,2631.131103515625,1545.5191650390625,2665.23974609375,1590.7208251953125,2648.1854248046875,1568.1199951171875,34.108642578125,45.20166015625
IMG_0038.mp4,640,21.354666666666667,29.97002997002997,458,2,traffic_signs,0.8527089357376099,2096.45361328125,1571.02001953125,2132.40234375,1704.6602783203125,2114.427978515625,1637.8401489257812,35.94873046875,133.6402587890625
IMG_0038.mp4,640,21.354666666666667,29.97002997002997,454,2,traffic_signs,0.7101344466209412,1985.81591796875,1451.0440673828125,2009.8876953125,1516.5626220703125,1997.851806640625,1483.8033447265625,24.07177734375,65.5185546875
IMG_0038.mp4,640,21.354666666666667,29.97002997002997,464,2,traffic_signs,0.5554206371307373,1809.3958740234375,1556.401123046875,1827.708740234375,1580.432861328125,1818.5523071289062,1568.4169921875,18.3128662109375,24.03173828125
IMG_0038.mp4,641,21.388033333333333,29.97002997002997,325,2,traffic_signs,0.9297588467597961,1004.9713134765625,644.038818359375,1283.21337890625,932.3060913085938,1144.0923461914062,788.1724548339844,278.2420654296875,288.26727294921875
IMG_0038.mp4,641,21.388033333333333,29.97002997002997,453,2,traffic_signs,0.8284896016120911,2261.376220703125,1521.031982421875,2298.235595703125,1564.909912109375,2279.805908203125,1542.970947265625,36.859375,43.8779296875
IMG_0038.mp4,641,21.388033333333333,29.97002997002997,455,2,traffic_signs,0.7697901725769043,1655.147216796875,1495.880126953125,1696.6546630859375,1550.611328125,1675.9009399414062,1523.2457275390625,41.5074462890625,54.731201171875
IMG_0038.mp4,641,21.388033333333333,29.97002997002997,318,0,auth_label,0.8114200234413147,1259.1900634765625,1111.4298095703125,1532.3046875,1741.3741455078125,1395.7473754882812,1426.4019775390625,273.1146240234375,629.9443359375
IMG_0038.mp4,641,21.388033333333333,29.97002997002997,406,2,traffic_signs,0.8176740407943726,2611.52197265625,1547.717529296875,2648.2861328125,1590.2763671875,2629.904052734375,1568.9969482421875,36.76416015625,42.558837890625
IMG_0038.mp4,641,21.388033333333333,29.97002997002997,458,2,traffic_signs,0.8143671751022339,2077.318359375,1571.4815673828125,2113.798828125,1706.0396728515625,2095.55859375,1638.7606201171875,36.48046875,134.55810546875
IMG_0038.mp4,641,21.388033333333333,29.97002997002997,454,2,traffic_signs,0.6913752555847168,1968.25537109375,1450.8175048828125,1990.7249755859375,1515.44677734375,1979.4901733398438,1483.1321411132812,22.4696044921875,64.6292724609375
IMG_0038.mp4,641,21.388033333333333,29.97002997002997,464,2,traffic_signs,0.7263937592506409,1792.9228515625,1556.950927734375,1810.5809326171875,1580.3526611328125,1801.7518920898438,1568.6517944335938,17.6580810546875,23.4017333984375
IMG_0038.mp4,641,21.388033333333333,29.97002997002997,321,0,auth_label,0.843680739402771,1017.908203125,1124.810791015625,1249.0372314453125,1698.6663818359375,1133.4727172851562,1411.7385864257812,231.1290283203125,573.8555908203125
IMG_0038.mp4,642,21.421400000000002,29.97002997002997,325,2,traffic_signs,0.9468480348587036,951.9813232421875,616.3431396484375,1241.1575927734375,909.5636596679688,1096.5694580078125,762.9533996582031,289.17626953125,293.22052001953125
IMG_0038.mp4,642,21.421400000000002,29.97002997002997,453,2,traffic_signs,0.8820189833641052,2243.705078125,1521.0784912109375,2281.0078125,1564.55224609375,2262.3564453125,1542.8153686523438,37.302734375,43.4737548828125
IMG_0038.mp4,642,21.421400000000002,29.97002997002997,455,2,traffic_signs,0.7466194033622742,1639.9931640625,1499.248046875,1678.818115234375,1547.40576171875,1659.4056396484375,1523.326904296875,38.824951171875,48.15771484375
IMG_0038.mp4,642,21.421400000000002,29.97002997002997,318,0,auth_label,0.9404075145721436,1214.002685546875,1076.2138671875,1514.518798828125,1745.3028564453125,1364.2607421875,1410.7583618164062,300.51611328125,669.0889892578125
IMG_0038.mp4,642,21.421400000000002,29.97002997002997,406,2,traffic_signs,0.8212623000144958,2594.2041015625,1548.22900390625,2628.83447265625,1588.727294921875,2611.519287109375,1568.4781494140625,34.63037109375,40.498291015625
IMG_0038.mp4,642,21.421400000000002,29.97002997002997,458,2,traffic_signs,0.5996101498603821,2059.80908203125,1570.089599609375,2094.90087890625,1708.344970703125,2077.35498046875,1639.21728515625,35.091796875,138.25537109375
IMG_0038.mp4,642,21.421400000000002,29.97002997002997,454,2,traffic_signs,0.644711971282959,1950.057373046875,1449.3128662109375,1972.56884765625,1515.500244140625,1961.3131103515625,1482.4065551757812,22.511474609375,66.1873779296875
IMG_0038.mp4,642,21.421400000000002,29.97002997002997,464,2,traffic_signs,0.6317917704582214,1775.52734375,1556.939208984375,1791.76708984375,1580.1861572265625,1783.647216796875,1568.5626831054688,16.23974609375,23.2469482421875
IMG_0038.mp4,642,21.421400000000002,29.97002997002997,321,0,auth_label,0.9287400841712952,961.1281127929688,1118.7069091796875,1208.3560791015625,1704.4632568359375,1084.7420959472656,1411.5850830078125,247.22796630859375,585.75634765625
IMG_0038.mp4,643,21.454766666666668,29.97002997002997,325,2,traffic_signs,0.9167667031288147,894.0684814453125,582.376708984375,1191.91650390625,884.7098999023438,1042.9924926757812,733.5433044433594,297.8480224609375,302.33319091796875
IMG_0038.mp4,643,21.454766666666668,29.97002997002997,453,2,traffic_signs,0.8873545527458191,2226.864013671875,1520.4088134765625,2264.909912109375,1564.345703125,2245.886962890625,1542.3772583007812,38.0458984375,43.9368896484375
IMG_0038.mp4,643,21.454766666666668,29.97002997002997,455,2,traffic_signs,0.8512765169143677,1622.6279296875,1500.27392578125,1660.904296875,1547.1243896484375,1641.76611328125,1523.6991577148438,38.2763671875,46.8504638671875
IMG_0038.mp4,643,21.454766666666668,29.97002997002997,318,0,auth_label,0.8504548072814941,1171.2269287109375,1013.7406005859375,1491.6641845703125,1751.91259765625,1331.445556640625,1382.8265991210938,320.437255859375,738.1719970703125
IMG_0038.mp4,643,21.454766666666668,29.97002997002997,406,2,traffic_signs,0.7015880942344666,2574.970703125,1547.6317138671875,2610.17578125,1587.1993408203125,2592.5732421875,1567.41552734375,35.205078125,39.567626953125
IMG_0038.mp4,643,21.454766666666668,29.97002997002997,458,2,traffic_signs,0.5526566505432129,2043.5311279296875,1570.1666259765625,2077.1943359375,1707.7618408203125,2060.3627319335938,1638.9642333984375,33.6632080078125,137.59521484375
IMG_0038.mp4,643,21.454766666666668,29.97002997002997,454,2,traffic_signs,0.6912726759910583,1930.03466796875,1447.21435546875,1953.949462890625,1514.164306640625,1941.9920654296875,1480.6893310546875,23.914794921875,66.949951171875
IMG_0038.mp4,643,21.454766666666668,29.97002997002997,464,2,traffic_signs,0.5804997682571411,1757.7841796875,1556.384521484375,1773.3463134765625,1579.53955078125,1765.5652465820312,1567.9620361328125,15.5621337890625,23.155029296875
IMG_0038.mp4,643,21.454766666666668,29.97002997002997,321,0,auth_label,0.8486258387565613,919.272705078125,1116.3016357421875,1163.615234375,1712.994140625,1041.4439697265625,1414.6478881835938,244.342529296875,596.6925048828125
IMG_0038.mp4,643,21.454766666666668,29.97002997002997,472,2,traffic_signs,0.4844631850719452,2042.772705078125,1570.2027587890625,2081.57861328125,1638.3321533203125,2062.1756591796875,1604.2674560546875,38.805908203125,68.12939453125
IMG_0038.mp4,644,21.488133333333334,29.97002997002997,325,2,traffic_signs,0.8935102224349976,836.3260498046875,548.1162109375,1144.913330078125,857.4219970703125,990.6196899414062,702.7691040039062,308.5872802734375,309.3057861328125
IMG_0038.mp4,644,21.488133333333334,29.97002997002997,453,2,traffic_signs,0.8878195285797119,2210.551025390625,1520.0299072265625,2248.650390625,1563.823486328125,2229.6007080078125,1541.9266967773438,38.099365234375,43.7935791015625
IMG_0038.mp4,644,21.488133333333334,29.97002997002997,455,2,traffic_signs,0.8410359025001526,1603.54443359375,1503.474853515625,1643.368896484375,1547.4970703125,1623.4566650390625,1525.4859619140625,39.824462890625,44.022216796875
IMG_0038.mp4,644,21.488133333333334,29.97002997002997,318,0,auth_label,0.9511757493019104,1127.2225341796875,931.783935546875,1470.9473876953125,1752.60302734375,1299.0849609375,1342.1934814453125,343.724853515625,820.819091796875
IMG_0038.mp4,644,21.488133333333334,29.97002997002997,406,2,traffic_signs,0.7453050017356873,2559.5322265625,1547.7137451171875,2592.885009765625,1587.50634765625,2576.2086181640625,1567.6100463867188,33.352783203125,39.7926025390625
IMG_0038.mp4,644,21.488133333333334,29.97002997002997,458,2,traffic_signs,0.8014295697212219,2026.31982421875,1568.880126953125,2061.8046875,1705.9178466796875,2044.062255859375,1637.3989868164062,35.48486328125,137.0377197265625
IMG_0038.mp4,644,21.488133333333334,29.97002997002997,454,2,traffic_signs,0.4038172960281372,1910.0643310546875,1451.96044921875,1937.0985107421875,1515.41552734375,1923.5814208984375,1483.68798828125,27.0341796875,63.455078125
IMG_0038.mp4,644,21.488133333333334,29.97002997002997,321,0,auth_label,0.8123009204864502,884.32373046875,1109.86181640625,1114.0767822265625,1719.593017578125,999.2002563476562,1414.7274169921875,229.7530517578125,609.731201171875
IMG_0038.mp4,644,21.488133333333334,29.97002997002997,472,2,traffic_signs,0.4940061569213867,2025.2684326171875,1571.1185302734375,2064.936767578125,1653.9571533203125,2045.1026000976562,1612.537841796875,39.6683349609375,82.838623046875
IMG_0038.mp4,644,21.488133333333334,29.97002997002997,473,2,traffic_signs,0.6389380693435669,1152.36279296875,1451.935302734375,1183.25,1517.7559814453125,1167.806396484375,1484.8456420898438,30.88720703125,65.8206787109375
IMG_0038.mp4,645,21.5215,29.97002997002997,325,2,traffic_signs,0.9538220167160034,775.5953979492188,512.15771484375,1093.8780517578125,829.8338623046875,934.7367248535156,670.9957885742188,318.28265380859375,317.6761474609375
IMG_0038.mp4,645,21.5215,29.97002997002997,453,2,traffic_signs,0.882777214050293,2193.28564453125,1520.53076171875,2232.20458984375,1562.4312744140625,2212.7451171875,1541.4810180664062,38.9189453125,41.9005126953125
IMG_0038.mp4,645,21.5215,29.97002997002997,455,2,traffic_signs,0.616987407207489,1585.4205322265625,1503.0828857421875,1625.9635009765625,1544.9315185546875,1605.6920166015625,1524.0072021484375,40.54296875,41.8486328125
IMG_0038.mp4,645,21.5215,29.97002997002997,318,0,auth_label,0.9056432843208313,1082.654541015625,880.2208862304688,1450.3779296875,1756.01025390625,1266.5162353515625,1318.1155700683594,367.723388671875,875.7893676757812
IMG_0038.mp4,645,21.5215,29.97002997002997,406,2,traffic_signs,0.766992449760437,2542.109130859375,1548.1806640625,2575.165283203125,1586.37255859375,2558.63720703125,1567.276611328125,33.05615234375,38.19189453125
IMG_0038.mp4,645,21.5215,29.97002997002997,454,2,traffic_signs,0.8130114078521729,1886.9105224609375,1433.3985595703125,1928.02197265625,1512.2716064453125,1907.4662475585938,1472.8350830078125,41.1114501953125,78.873046875
IMG_0038.mp4,645,21.5215,29.97002997002997,321,0,auth_label,0.8249526023864746,855.664306640625,1108.460205078125,1070.1561279296875,1741.12451171875,962.9102172851562,1424.7923583984375,214.4918212890625,632.664306640625
IMG_0038.mp4,645,21.5215,29.97002997002997,472,2,traffic_signs,0.38609030842781067,2008.807373046875,1569.8594970703125,2051.758544921875,1646.479248046875,2030.282958984375,1608.1693725585938,42.951171875,76.6197509765625
IMG_0038.mp4,645,21.5215,29.97002997002997,473,2,traffic_signs,0.5512795448303223,1128.512451171875,1449.9925537109375,1157.7791748046875,1515.087890625,1143.1458129882812,1482.5402221679688,29.2667236328125,65.0953369140625
IMG_0038.mp4,645,21.5215,29.97002997002997,476,2,traffic_signs,0.43345940113067627,1071.0411376953125,1474.4647216796875,1094.5355224609375,1513.677001953125,1082.788330078125,1494.0708618164062,23.494384765625,39.2122802734375
IMG_0038.mp4,646,21.554866666666666,29.97002997002997,325,2,traffic_signs,0.9471843242645264,710.2125244140625,473.68597412109375,1040.0462646484375,799.8274536132812,875.12939453125,636.7567138671875,329.833740234375,326.1414794921875
IMG_0038.mp4,646,21.554866666666666,29.97002997002997,453,2,traffic_signs,0.8782384395599365,2177.0478515625,1519.95068359375,2216.45361328125,1561.891357421875,2196.750732421875,1540.9210205078125,39.40576171875,41.940673828125
IMG_0038.mp4,646,21.554866666666666,29.97002997002997,455,2,traffic_signs,0.6113011240959167,1562.029052734375,1500.8441162109375,1607.4384765625,1543.790283203125,1584.7337646484375,1522.3171997070312,45.409423828125,42.9461669921875
IMG_0038.mp4,646,21.554866666666666,29.97002997002997,318,0,auth_label,0.7176101207733154,1036.8414306640625,957.3989868164062,1427.0794677734375,1754.6552734375,1231.96044921875,1356.0271301269531,390.238037109375,797.2562866210938
IMG_0038.mp4,646,21.554866666666666,29.97002997002997,321,0,auth_label,0.44799357652664185,823.181396484375,1102.5172119140625,1023.6924438476562,1743.199951171875,923.4369201660156,1422.8585815429688,200.51104736328125,640.6827392578125
IMG_0038.mp4,646,21.554866666666666,29.97002997002997,476,2,traffic_signs,0.4404943883419037,1047.2437744140625,1460.2445068359375,1075.3675537109375,1513.4876708984375,1061.3056640625,1486.8660888671875,28.123779296875,53.2431640625
IMG_0038.mp4,647,21.588233333333335,29.97002997002997,325,2,traffic_signs,0.6794431805610657,640.683349609375,433.90167236328125,983.8231201171875,767.822265625,812.2532348632812,600.8619689941406,343.1397705078125,333.92059326171875
IMG_0038.mp4,647,21.588233333333335,29.97002997002997,479,2,traffic_signs,0.6210418343544006,2797.87060546875,1731.4661865234375,2860.31689453125,1772.0797119140625,2829.09375,1751.77294921875,62.4462890625,40.613525390625
IMG_0038.mp4,647,21.588233333333335,29.97002997002997,406,2,traffic_signs,0.8196794986724854,2508.5859375,1546.3363037109375,2544.080322265625,1584.066650390625,2526.3331298828125,1565.2014770507812,35.494384765625,37.7303466796875
IMG_0038.mp4,648,21.6216,29.97002997002997,325,2,traffic_signs,0.8699307441711426,566.236572265625,387.39923095703125,928.8875122070312,733.3731689453125,747.5620422363281,560.3861999511719,362.65093994140625,345.97393798828125
IMG_0038.mp4,648,21.6216,29.97002997002997,406,2,traffic_signs,0.7605614066123962,2493.57861328125,1547.730712890625,2528.384033203125,1584.141357421875,2510.9813232421875,1565.93603515625,34.805419921875,36.41064453125
IMG_0038.mp4,648,21.6216,29.97002997002997,454,2,traffic_signs,0.685599684715271,1838.12109375,1437.8387451171875,1872.43798828125,1504.111328125,1855.279541015625,1470.9750366210938,34.31689453125,66.2725830078125
IMG_0038.mp4,648,21.6216,29.97002997002997,472,2,traffic_signs,0.6248056292533875,1959.57177734375,1567.5946044921875,1997.450927734375,1632.6080322265625,1978.5113525390625,1600.101318359375,37.879150390625,65.013427734375
IMG_0038.mp4,648,21.6216,29.97002997002997,453,2,traffic_signs,0.8717502951622009,2145.318603515625,1517.804931640625,2185.058837890625,1560.0614013671875,2165.188720703125,1538.9331665039062,39.740234375,42.2564697265625
IMG_0038.mp4,648,21.6216,29.97002997002997,455,2,traffic_signs,0.680420458316803,1528.4888916015625,1504.4339599609375,1571.9326171875,1539.64697265625,1550.2107543945312,1522.0404663085938,43.4437255859375,35.2130126953125
IMG_0038.mp4,649,21.654966666666667,29.97002997002997,325,2,traffic_signs,0.3224330544471741,490.82928466796875,342.0035705566406,867.9140014648438,699.357421875,679.3716430664062,520.6804962158203,377.084716796875,357.3538513183594
IMG_0038.mp4,649,21.654966666666667,29.97002997002997,406,2,traffic_signs,0.8596530556678772,2477.35302734375,1547.2623291015625,2510.136474609375,1583.85302734375,2493.7447509765625,1565.5576782226562,32.783447265625,36.5906982421875
IMG_0038.mp4,649,21.654966666666667,29.97002997002997,454,2,traffic_signs,0.7352473139762878,1824.3880615234375,1438.0157470703125,1853.0252685546875,1501.0250244140625,1838.7066650390625,1469.5203857421875,28.63720703125,63.00927734375
IMG_0038.mp4,649,21.654966666666667,29.97002997002997,472,2,traffic_signs,0.7431930899620056,1944.0794677734375,1564.685791015625,1981.7332763671875,1627.897705078125,1962.9063720703125,1596.291748046875,37.65380859375,63.2119140625
IMG_0038.mp4,649,21.654966666666667,29.97002997002997,453,2,traffic_signs,0.8809181451797485,2130.8701171875,1516.9068603515625,2169.7421875,1560.0384521484375,2150.30615234375,1538.47265625,38.8720703125,43.131591796875
IMG_0038.mp4,649,21.654966666666667,29.97002997002997,455,2,traffic_signs,0.42274224758148193,1514.393310546875,1487.063720703125,1553.8079833984375,1539.9534912109375,1534.1006469726562,1513.5086059570312,39.4146728515625,52.8897705078125
IMG_0038.mp4,649,21.654966666666667,29.97002997002997,476,2,traffic_signs,0.5870729684829712,980.26953125,1465.6854248046875,1009.7863159179688,1510.1361083984375,995.0279235839844,1487.9107666015625,29.51678466796875,44.45068359375
IMG_0038.mp4,650,21.688333333333333,29.97002997002997,406,2,traffic_signs,0.8055386543273926,2463.66796875,1547.22265625,2494.48291015625,1583.772216796875,2479.075439453125,1565.4974365234375,30.81494140625,36.549560546875
IMG_0038.mp4,650,21.688333333333333,29.97002997002997,454,2,traffic_signs,0.8293935060501099,1808.35400390625,1435.1217041015625,1835.520263671875,1500.3399658203125,1821.9371337890625,1467.7308349609375,27.166259765625,65.21826171875
IMG_0038.mp4,650,21.688333333333333,29.97002997002997,472,2,traffic_signs,0.7466560006141663,1928.8544921875,1565.1143798828125,1966.1285400390625,1627.5147705078125,1947.4915161132812,1596.3145751953125,37.2740478515625,62.400390625
IMG_0038.mp4,650,21.688333333333333,29.97002997002997,453,2,traffic_signs,0.885627031326294,2115.876708984375,1515.7340087890625,2155.09130859375,1559.806884765625,2135.4840087890625,1537.7704467773438,39.214599609375,44.0728759765625
IMG_0038.mp4,650,21.688333333333333,29.97002997002997,455,2,traffic_signs,0.7514309287071228,1505.0728759765625,1493.2218017578125,1539.3603515625,1537.989013671875,1522.2166137695312,1515.6054077148438,34.2874755859375,44.7672119140625
IMG_0038.mp4,650,21.688333333333333,29.97002997002997,476,2,traffic_signs,0.7908160090446472,959.46142578125,1459.709228515625,991.7879638671875,1511.89306640625,975.6246948242188,1485.8011474609375,32.3265380859375,52.183837890625
IMG_0038.mp4,650,21.688333333333333,29.97002997002997,318,0,auth_label,0.9496635794639587,756.2548828125,1033.4822998046875,1340.21728515625,1749.9635009765625,1048.236083984375,1391.722900390625,583.96240234375,716.481201171875
IMG_0038.mp4,651,21.721700000000002,29.97002997002997,406,2,traffic_signs,0.8440365791320801,2449.0,1546.6551513671875,2480.4716796875,1583.34814453125,2464.73583984375,1565.0016479492188,31.4716796875,36.6929931640625
IMG_0038.mp4,651,21.721700000000002,29.97002997002997,454,2,traffic_signs,0.8462886810302734,1791.10302734375,1434.4833984375,1817.8189697265625,1498.4637451171875,1804.4609985351562,1466.4735717773438,26.7159423828125,63.9803466796875
IMG_0038.mp4,651,21.721700000000002,29.97002997002997,472,2,traffic_signs,0.5777140855789185,1912.6453857421875,1565.6712646484375,1949.59521484375,1626.143798828125,1931.1203002929688,1595.9075317382812,36.9498291015625,60.4725341796875
IMG_0038.mp4,651,21.721700000000002,29.97002997002997,453,2,traffic_signs,0.8869490623474121,2101.177978515625,1515.563232421875,2140.392333984375,1559.37353515625,2120.78515625,1537.4683837890625,39.21435546875,43.810302734375
IMG_0038.mp4,651,21.721700000000002,29.97002997002997,455,2,traffic_signs,0.6498363018035889,1486.8671875,1491.232421875,1523.8140869140625,1535.3717041015625,1505.3406372070312,1513.3020629882812,36.9468994140625,44.1392822265625
IMG_0038.mp4,651,21.721700000000002,29.97002997002997,476,2,traffic_signs,0.7795850038528442,935.1449584960938,1461.880859375,968.035400390625,1509.4742431640625,951.5901794433594,1485.6775512695312,32.89044189453125,47.5933837890625
IMG_0038.mp4,651,21.721700000000002,29.97002997002997,318,0,auth_label,0.9684035778045654,710.2322387695312,1027.8819580078125,1315.913330078125,1748.258056640625,1013.0727844238281,1388.0700073242188,605.6810913085938,720.3760986328125
IMG_0038.mp4,651,21.721700000000002,29.97002997002997,473,2,traffic_signs,0.3599697947502136,981.439697265625,1438.39111328125,1018.9434204101562,1505.247314453125,1000.1915588378906,1471.8192138671875,37.50372314453125,66.856201171875
IMG_0038.mp4,652,21.755066666666668,29.97002997002997,406,2,traffic_signs,0.5123387575149536,2433.019775390625,1545.97607421875,2465.58251953125,1582.646728515625,2449.3011474609375,1564.3114013671875,32.562744140625,36.670654296875
IMG_0038.mp4,652,21.755066666666668,29.97002997002997,454,2,traffic_signs,0.5877187252044678,1775.717529296875,1433.01318359375,1801.3079833984375,1497.31005859375,1788.5127563476562,1465.16162109375,25.5904541015625,64.296875
IMG_0038.mp4,652,21.755066666666668,29.97002997002997,472,2,traffic_signs,0.7325007915496826,1897.0191650390625,1563.796875,1934.8048095703125,1624.0130615234375,1915.9119873046875,1593.9049682617188,37.78564453125,60.2161865234375
IMG_0038.mp4,652,21.755066666666668,29.97002997002997,453,2,traffic_signs,0.8850846290588379,2087.576904296875,1514.47412109375,2125.795654296875,1558.135498046875,2106.686279296875,1536.3048095703125,38.21875,43.661376953125
IMG_0038.mp4,652,21.755066666666668,29.97002997002997,455,2,traffic_signs,0.7722094058990479,1469.5960693359375,1492.3038330078125,1507.52392578125,1533.302734375,1488.5599975585938,1512.8032836914062,37.9278564453125,40.9989013671875
IMG_0038.mp4,652,21.755066666666668,29.97002997002997,476,2,traffic_signs,0.6865067481994629,914.1663208007812,1456.3583984375,947.9661865234375,1505.8702392578125,931.0662536621094,1481.1143188476562,33.79986572265625,49.5118408203125
IMG_0038.mp4,652,21.755066666666668,29.97002997002997,318,0,auth_label,0.9699327349662781,651.6264038085938,1030.7235107421875,1295.94482421875,1750.21142578125,973.7856140136719,1390.4674682617188,644.3184204101562,719.4879150390625
IMG_0038.mp4,653,21.788433333333334,29.97002997002997,454,2,traffic_signs,0.867003858089447,1759.2218017578125,1431.1727294921875,1784.93359375,1497.2254638671875,1772.0776977539062,1464.1990966796875,25.7117919921875,66.052734375
IMG_0038.mp4,653,21.788433333333334,29.97002997002997,472,2,traffic_signs,0.8083800077438354,1881.4296875,1563.8896484375,1920.1131591796875,1624.4080810546875,1900.7714233398438,1594.1488647460938,38.6834716796875,60.5184326171875
IMG_0038.mp4,653,21.788433333333334,29.97002997002997,453,2,traffic_signs,0.8171862363815308,2073.445556640625,1514.510986328125,2111.405029296875,1558.1160888671875,2092.42529296875,1536.3135375976562,37.95947265625,43.6051025390625
IMG_0038.mp4,653,21.788433333333334,29.97002997002997,455,2,traffic_signs,0.7955662608146667,1458.5643310546875,1494.3372802734375,1490.058837890625,1529.96533203125,1474.3115844726562,1512.1513061523438,31.4945068359375,35.6280517578125
IMG_0038.mp4,653,21.788433333333334,29.97002997002997,476,2,traffic_signs,0.7584206461906433,892.5280151367188,1460.3873291015625,924.7445068359375,1502.9093017578125,908.6362609863281,1481.6483154296875,32.21649169921875,42.52197265625
IMG_0038.mp4,653,21.788433333333334,29.97002997002997,318,0,auth_label,0.9184101819992065,594.543212890625,1028.874267578125,1278.8760986328125,1748.208251953125,936.7096557617188,1388.541259765625,684.3328857421875,719.333984375
IMG_0038.mp4,654,21.8218,29.97002997002997,454,2,traffic_signs,0.8575214743614197,1741.900634765625,1431.175537109375,1769.3558349609375,1494.782470703125,1755.6282348632812,1462.97900390625,27.4552001953125,63.60693359375
IMG_0038.mp4,654,21.8218,29.97002997002997,472,2,traffic_signs,0.648411750793457,1864.521240234375,1561.2615966796875,1904.264892578125,1620.78857421875,1884.39306640625,1591.0250854492188,39.74365234375,59.5269775390625
IMG_0038.mp4,654,21.8218,29.97002997002997,453,2,traffic_signs,0.8892012238502502,2057.882080078125,1513.91552734375,2096.545166015625,1557.4866943359375,2077.213623046875,1535.7011108398438,38.6630859375,43.5711669921875
IMG_0038.mp4,654,21.8218,29.97002997002997,455,2,traffic_signs,0.7777764201164246,1442.4449462890625,1493.8779296875,1474.4815673828125,1528.3935546875,1458.4632568359375,1511.1357421875,32.03662109375,34.515625
IMG_0038.mp4,654,21.8218,29.97002997002997,476,2,traffic_signs,0.7271124720573425,870.0942993164062,1459.425537109375,903.0484008789062,1501.341064453125,886.5713500976562,1480.38330078125,32.9541015625,41.91552734375
IMG_0038.mp4,654,21.8218,29.97002997002997,318,0,auth_label,0.843999981880188,528.319091796875,1022.0213012695312,1258.162109375,1747.2440185546875,893.2406005859375,1384.6326599121094,729.843017578125,725.2227172851562
IMG_0038.mp4,654,21.8218,29.97002997002997,461,2,traffic_signs,0.4069408178329468,2732.9541015625,1415.1085205078125,2778.808349609375,1500.294189453125,2755.8812255859375,1457.7013549804688,45.854248046875,85.1856689453125
IMG_0038.mp4,654,21.8218,29.97002997002997,406,2,traffic_signs,0.8689584136009216,2404.4970703125,1544.6873779296875,2436.087890625,1583.4581298828125,2420.29248046875,1564.07275390625,31.5908203125,38.770751953125
IMG_0038.mp4,655,21.855166666666666,29.97002997002997,454,2,traffic_signs,0.7684653997421265,1726.7236328125,1428.7254638671875,1754.3197021484375,1496.0264892578125,1740.5216674804688,1462.3759765625,27.5960693359375,67.301025390625
IMG_0038.mp4,655,21.855166666666666,29.97002997002997,472,2,traffic_signs,0.2838525176048279,1849.3741455078125,1560.808837890625,1890.810791015625,1620.8548583984375,1870.0924682617188,1590.8318481445312,41.4366455078125,60.0460205078125
IMG_0038.mp4,655,21.855166666666666,29.97002997002997,453,2,traffic_signs,0.8227066397666931,2051.44140625,1514.030517578125,2084.166259765625,1558.67333984375,2067.8038330078125,1536.3519287109375,32.724853515625,44.642822265625
IMG_0038.mp4,655,21.855166666666666,29.97002997002997,455,2,traffic_signs,0.6612001061439514,1419.3397216796875,1487.2745361328125,1460.7078857421875,1530.6815185546875,1440.0238037109375,1508.97802734375,41.3681640625,43.406982421875
IMG_0038.mp4,655,21.855166666666666,29.97002997002997,476,2,traffic_signs,0.7820894718170166,849.1423950195312,1458.9261474609375,882.58837890625,1502.1258544921875,865.8653869628906,1480.5260009765625,33.44598388671875,43.19970703125
IMG_0038.mp4,655,21.855166666666666,29.97002997002997,318,0,auth_label,0.8013514876365662,461.5002136230469,1011.515380859375,1231.2918701171875,1745.48193359375,846.3960418701172,1378.4986572265625,769.7916564941406,733.966552734375
IMG_0038.mp4,655,21.855166666666666,29.97002997002997,406,2,traffic_signs,0.7477203011512756,2391.34375,1543.7818603515625,2423.304931640625,1582.796875,2407.3243408203125,1563.2893676757812,31.961181640625,39.0150146484375
IMG_0038.mp4,656,21.888533333333335,29.97002997002997,453,2,traffic_signs,0.8655682802200317,2031.6739501953125,1512.558837890625,2069.4833984375,1558.6639404296875,2050.5786743164062,1535.6113891601562,37.8094482421875,46.1051025390625
IMG_0038.mp4,656,21.888533333333335,29.97002997002997,455,2,traffic_signs,0.8125851154327393,1408.059814453125,1489.926513671875,1443.8516845703125,1527.6927490234375,1425.9557495117188,1508.8096313476562,35.7918701171875,37.7662353515625
IMG_0038.mp4,656,21.888533333333335,29.97002997002997,476,2,traffic_signs,0.8121321797370911,826.92626953125,1455.663818359375,861.375244140625,1501.23681640625,844.1507568359375,1478.4503173828125,34.448974609375,45.572998046875
IMG_0038.mp4,656,21.888533333333335,29.97002997002997,318,0,auth_label,0.6275030374526978,411.1448669433594,992.8447875976562,1208.5587158203125,1743.01220703125,809.8517913818359,1367.9284973144531,797.4138488769531,750.1674194335938
IMG_0038.mp4,656,21.888533333333335,29.97002997002997,406,2,traffic_signs,0.8312009572982788,2376.160400390625,1543.746337890625,2408.34423828125,1583.1361083984375,2392.2523193359375,1563.4412231445312,32.183837890625,39.3897705078125
IMG_0038.mp4,656,21.888533333333335,29.97002997002997,491,2,traffic_signs,0.43624693155288696,2389.40087890625,1498.0323486328125,2415.0693359375,1549.890380859375,2402.235107421875,1523.9613647460938,25.66845703125,51.8580322265625
IMG_0038.mp4,657,21.9219,29.97002997002997,453,2,traffic_signs,0.8848156332969666,2017.963134765625,1510.5477294921875,2056.564453125,1555.9781494140625,2037.2637939453125,1533.262939453125,38.601318359375,45.430419921875
IMG_0038.mp4,657,21.9219,29.97002997002997,455,2,traffic_signs,0.7337558269500732,1387.7562255859375,1481.6573486328125,1430.151123046875,1529.2677001953125,1408.9536743164062,1505.4625244140625,42.3948974609375,47.6103515625
IMG_0038.mp4,657,21.9219,29.97002997002997,476,2,traffic_signs,0.8240159749984741,807.3113403320312,1454.912109375,840.965087890625,1497.177001953125,824.1382141113281,1476.0445556640625,33.65374755859375,42.264892578125
IMG_0038.mp4,657,21.9219,29.97002997002997,318,0,auth_label,0.3616192042827606,388.7145080566406,988.352294921875,1197.0572509765625,1745.4315185546875,792.8858795166016,1366.8919067382812,808.3427429199219,757.0792236328125
IMG_0038.mp4,657,21.9219,29.97002997002997,406,2,traffic_signs,0.8147838711738586,2363.038330078125,1541.956298828125,2395.059326171875,1582.263916015625,2379.048828125,1562.110107421875,32.02099609375,40.3076171875
IMG_0038.mp4,657,21.9219,29.97002997002997,491,2,traffic_signs,0.4893857538700104,2377.2509765625,1497.5849609375,2401.54638671875,1545.71923828125,2389.398681640625,1521.652099609375,24.29541015625,48.13427734375
IMG_0038.mp4,657,21.9219,29.97002997002997,493,2,traffic_signs,0.38884443044662476,855.7085571289062,1120.3218994140625,941.2085571289062,1202.03662109375,898.4585571289062,1161.1792602539062,85.5,81.7147216796875
IMG_0038.mp4,657,21.9219,29.97002997002997,472,2,traffic_signs,0.8303354978561401,1817.3873291015625,1557.23876953125,1864.6346435546875,1617.4710693359375,1841.010986328125,1587.3549194335938,47.247314453125,60.2322998046875
IMG_0038.mp4,658,21.955266666666667,29.97002997002997,453,2,traffic_signs,0.8836294412612915,2004.1881103515625,1509.4552001953125,2043.619873046875,1553.771240234375,2023.9039916992188,1531.6132202148438,39.4317626953125,44.3160400390625
IMG_0038.mp4,658,21.955266666666667,29.97002997002997,476,2,traffic_signs,0.8490381240844727,784.5535278320312,1454.188720703125,819.4216918945312,1493.9686279296875,801.9876098632812,1474.0786743164062,34.8681640625,39.7799072265625
IMG_0038.mp4,658,21.955266666666667,29.97002997002997,406,2,traffic_signs,0.7989400029182434,2349.482421875,1542.331787109375,2380.97216796875,1580.599609375,2365.227294921875,1561.4656982421875,31.48974609375,38.267822265625
IMG_0038.mp4,658,21.955266666666667,29.97002997002997,472,2,traffic_signs,0.7132003307342529,1802.486572265625,1555.80224609375,1849.598388671875,1616.627685546875,1826.04248046875,1586.2149658203125,47.11181640625,60.825439453125
IMG_0038.mp4,658,21.955266666666667,29.97002997002997,461,2,traffic_signs,0.483518123626709,2681.97021484375,1409.7733154296875,2727.128173828125,1493.30322265625,2704.5491943359375,1451.5382690429688,45.157958984375,83.5299072265625
IMG_0038.mp4,658,21.955266666666667,29.97002997002997,454,2,traffic_signs,0.7635781168937683,1681.7322998046875,1420.866455078125,1708.967041015625,1492.01806640625,1695.3496704101562,1456.4422607421875,27.2347412109375,71.151611328125
IMG_0038.mp4,659,21.988633333333333,29.97002997002997,453,2,traffic_signs,0.8729877471923828,1992.9822998046875,1508.877685546875,2032.0965576171875,1551.8365478515625,2012.5394287109375,1530.3571166992188,39.1142578125,42.9588623046875
IMG_0038.mp4,659,21.988633333333333,29.97002997002997,476,2,traffic_signs,0.8524942994117737,765.105224609375,1453.113037109375,799.0850219726562,1490.4600830078125,782.0951232910156,1471.7865600585938,33.97979736328125,37.3470458984375
IMG_0038.mp4,659,21.988633333333333,29.97002997002997,406,2,traffic_signs,0.5890116691589355,2338.122314453125,1541.738037109375,2369.50634765625,1579.839599609375,2353.8143310546875,1560.788818359375,31.384033203125,38.1015625
IMG_0038.mp4,659,21.988633333333333,29.97002997002997,472,2,traffic_signs,0.7242181897163391,1790.303466796875,1553.7835693359375,1835.5267333984375,1615.373779296875,1812.9151000976562,1584.5786743164062,45.2232666015625,61.5902099609375
IMG_0038.mp4,659,21.988633333333333,29.97002997002997,461,2,traffic_signs,0.3149123787879944,2670.59033203125,1407.0897216796875,2713.433837890625,1490.599609375,2692.0120849609375,1448.8446655273438,42.843505859375,83.5098876953125
IMG_0038.mp4,659,21.988633333333333,29.97002997002997,454,2,traffic_signs,0.8753684759140015,1667.6875,1418.513916015625,1695.3150634765625,1490.3941650390625,1681.5012817382812,1454.4540405273438,27.6275634765625,71.8802490234375
IMG_0038.mp4,659,21.988633333333333,29.97002997002997,491,2,traffic_signs,0.4619925320148468,2353.3544921875,1497.1173095703125,2376.72705078125,1539.1966552734375,2365.040771484375,1518.156982421875,23.37255859375,42.079345703125
IMG_0038.mp4,660,22.022000000000002,29.97002997002997,453,2,traffic_signs,0.8884221315383911,1982.8629150390625,1508.3226318359375,2022.2012939453125,1551.140869140625,2002.5321044921875,1529.7317504882812,39.33837890625,42.8182373046875
IMG_0038.mp4,660,22.022000000000002,29.97002997002997,406,2,traffic_signs,0.6503775119781494,2326.7099609375,1541.7315673828125,2358.37109375,1578.8485107421875,2342.54052734375,1560.2900390625,31.6611328125,37.116943359375
IMG_0038.mp4,660,22.022000000000002,29.97002997002997,472,2,traffic_signs,0.2766020894050598,1779.3636474609375,1554.2135009765625,1825.3387451171875,1614.2802734375,1802.3511962890625,1584.2468872070312,45.97509765625,60.0667724609375
IMG_0038.mp4,660,22.022000000000002,29.97002997002997,454,2,traffic_signs,0.8926073908805847,1657.4139404296875,1415.6876220703125,1683.691650390625,1488.3720703125,1670.5527954101562,1452.0298461914062,26.2777099609375,72.6844482421875
IMG_0038.mp4,660,22.022000000000002,29.97002997002997,491,2,traffic_signs,0.36804717779159546,2342.572509765625,1495.5738525390625,2366.494140625,1539.80322265625,2354.5333251953125,1517.6885375976562,23.921630859375,44.2293701171875
IMG_0038.mp4,660,22.022000000000002,29.97002997002997,455,2,traffic_signs,0.6860071420669556,1355.9306640625,1484.099365234375,1386.921142578125,1524.361572265625,1371.4259033203125,1504.23046875,30.990478515625,40.26220703125
IMG_0038.mp4,661,22.055366666666668,29.97002997002997,453,2,traffic_signs,0.8742003440856934,1971.5052490234375,1507.111328125,2011.062255859375,1550.1099853515625,1991.2837524414062,1528.6106567382812,39.5570068359375,42.9986572265625
IMG_0038.mp4,661,22.055366666666668,29.97002997002997,406,2,traffic_signs,0.8325008153915405,2316.7939453125,1541.047119140625,2348.223388671875,1577.9754638671875,2332.5086669921875,1559.5112915039062,31.429443359375,36.9283447265625
IMG_0038.mp4,661,22.055366666666668,29.97002997002997,472,2,traffic_signs,0.7697498798370361,1768.720947265625,1553.6287841796875,1813.041748046875,1614.8145751953125,1790.88134765625,1584.2216796875,44.32080078125,61.185791015625
IMG_0038.mp4,661,22.055366666666668,29.97002997002997,454,2,traffic_signs,0.8245302438735962,1644.330810546875,1413.75,1670.116455078125,1488.31982421875,1657.2236328125,1451.034912109375,25.78564453125,74.56982421875
IMG_0038.mp4,661,22.055366666666668,29.97002997002997,500,2,traffic_signs,0.4387635588645935,1767.6971435546875,1608.547607421875,1797.846923828125,1693.07861328125,1782.7720336914062,1650.8131103515625,30.1497802734375,84.531005859375
IMG_0038.mp4,662,22.088733333333334,29.97002997002997,453,2,traffic_signs,0.8871761560440063,1957.897705078125,1506.4080810546875,1998.730712890625,1548.93701171875,1978.314208984375,1527.6725463867188,40.8330078125,42.5289306640625
IMG_0038.mp4,662,22.088733333333334,29.97002997002997,406,2,traffic_signs,0.7954539656639099,2304.997802734375,1540.5501708984375,2335.61279296875,1576.775390625,2320.3052978515625,1558.6627807617188,30.614990234375,36.2252197265625
IMG_0038.mp4,662,22.088733333333334,29.97002997002997,472,2,traffic_signs,0.6601828336715698,1755.5133056640625,1551.7952880859375,1798.598876953125,1613.755615234375,1777.0560913085938,1582.7754516601562,43.0855712890625,61.9603271484375
IMG_0038.mp4,662,22.088733333333334,29.97002997002997,454,2,traffic_signs,0.836931586265564,1626.950439453125,1410.4100341796875,1653.3118896484375,1485.1810302734375,1640.1311645507812,1447.7955322265625,26.3614501953125,74.77099609375
IMG_0038.mp4,662,22.088733333333334,29.97002997002997,500,2,traffic_signs,0.4068757891654968,1752.5721435546875,1604.0997314453125,1781.4715576171875,1696.614501953125,1767.0218505859375,1650.3571166992188,28.8994140625,92.5147705078125
IMG_0038.mp4,662,22.088733333333334,29.97002997002997,501,2,traffic_signs,0.7440905570983887,699.9349975585938,1452.23388671875,734.9714965820312,1489.377685546875,717.4532470703125,1470.8057861328125,35.0364990234375,37.143798828125
IMG_0038.mp4,662,22.088733333333334,29.97002997002997,491,2,traffic_signs,0.35286223888397217,2320.847900390625,1492.288818359375,2343.914306640625,1539.5040283203125,2332.381103515625,1515.8964233398438,23.06640625,47.2152099609375
IMG_0038.mp4,663,22.1221,29.97002997002997,453,2,traffic_signs,0.8923081159591675,1946.997314453125,1504.5970458984375,1987.6617431640625,1548.3004150390625,1967.3295288085938,1526.44873046875,40.6644287109375,43.703369140625
IMG_0038.mp4,663,22.1221,29.97002997002997,406,2,traffic_signs,0.8486195802688599,2294.390625,1539.520751953125,2325.956787109375,1576.2681884765625,2310.1737060546875,1557.8944702148438,31.566162109375,36.7474365234375
IMG_0038.mp4,663,22.1221,29.97002997002997,472,2,traffic_signs,0.6847547888755798,1746.4874267578125,1550.7503662109375,1784.5443115234375,1610.8563232421875,1765.515869140625,1580.8033447265625,38.056884765625,60.10595703125
IMG_0038.mp4,663,22.1221,29.97002997002997,454,2,traffic_signs,0.8442597389221191,1614.8643798828125,1407.90234375,1641.3099365234375,1474.48291015625,1628.087158203125,1441.192626953125,26.445556640625,66.58056640625
IMG_0038.mp4,663,22.1221,29.97002997002997,500,2,traffic_signs,0.5701557993888855,1740.780517578125,1597.9417724609375,1774.2840576171875,1678.728271484375,1757.5322875976562,1638.3350219726562,33.5035400390625,80.7864990234375
IMG_0038.mp4,664,22.155466666666666,29.97002997002997,453,2,traffic_signs,0.8957258462905884,1936.6470947265625,1504.1983642578125,1977.332275390625,1548.7962646484375,1956.9896850585938,1526.497314453125,40.6851806640625,44.597900390625
IMG_0038.mp4,664,22.155466666666666,29.97002997002997,406,2,traffic_signs,0.8363434672355652,2283.451904296875,1539.3197021484375,2315.2294921875,1577.8624267578125,2299.3406982421875,1558.591064453125,31.777587890625,38.542724609375
IMG_0038.mp4,664,22.155466666666666,29.97002997002997,454,2,traffic_signs,0.79463130235672,1601.2845458984375,1408.746826171875,1630.201416015625,1477.39990234375,1615.7429809570312,1443.0733642578125,28.9168701171875,68.653076171875
IMG_0038.mp4,664,22.155466666666666,29.97002997002997,461,2,traffic_signs,0.5562230348587036,2623.23388671875,1396.0150146484375,2679.035888671875,1495.7335205078125,2651.1348876953125,1445.874267578125,55.802001953125,99.718505859375
IMG_0038.mp4,665,22.188833333333335,29.97002997002997,453,2,traffic_signs,0.6698794364929199,1924.06494140625,1502.7779541015625,1958.4866943359375,1549.1146240234375,1941.2758178710938,1525.9462890625,34.4217529296875,46.336669921875
IMG_0038.mp4,665,22.188833333333335,29.97002997002997,406,2,traffic_signs,0.8001563549041748,2272.732177734375,1538.9285888671875,2304.4384765625,1578.029296875,2288.5853271484375,1558.4789428710938,31.706298828125,39.1007080078125
IMG_0038.mp4,665,22.188833333333335,29.97002997002997,454,2,traffic_signs,0.7931832671165466,1584.606201171875,1403.61572265625,1613.8465576171875,1478.5128173828125,1599.2263793945312,1441.0642700195312,29.2403564453125,74.8970947265625
IMG_0038.mp4,665,22.188833333333335,29.97002997002997,318,0,auth_label,0.3638789653778076,72.60578918457031,902.0922241210938,1030.1102294921875,1748.6695556640625,551.3580093383789,1325.3808898925781,957.5044403076172,846.5773315429688
IMG_0038.mp4,666,22.2222,29.97002997002997,453,2,traffic_signs,0.9026473760604858,1913.4964599609375,1502.9476318359375,1952.301025390625,1547.8575439453125,1932.8987426757812,1525.402587890625,38.8045654296875,44.909912109375
IMG_0038.mp4,666,22.2222,29.97002997002997,406,2,traffic_signs,0.7976183295249939,2262.530517578125,1538.5626220703125,2292.9365234375,1576.93359375,2277.7335205078125,1557.7481079101562,30.406005859375,38.3709716796875
IMG_0038.mp4,666,22.2222,29.97002997002997,454,2,traffic_signs,0.6085466146469116,1568.71826171875,1400.7833251953125,1599.2374267578125,1476.156494140625,1583.9778442382812,1438.4699096679688,30.5191650390625,75.3731689453125
IMG_0038.mp4,666,22.2222,29.97002997002997,508,2,traffic_signs,0.552219033241272,1243.79541015625,1481.4156494140625,1268.9080810546875,1524.5120849609375,1256.3517456054688,1502.9638671875,25.1126708984375,43.096435546875
IMG_0038.mp4,666,22.2222,29.97002997002997,509,2,traffic_signs,0.7586635947227478,1206.032958984375,1514.0999755859375,1222.439453125,1543.5557861328125,1214.2362060546875,1528.827880859375,16.406494140625,29.455810546875
IMG_0038.mp4,666,22.2222,29.97002997002997,458,2,traffic_signs,0.7413991093635559,1702.250732421875,1559.9700927734375,1742.9617919921875,1701.7823486328125,1722.6062622070312,1630.876220703125,40.7110595703125,141.812255859375
IMG_0038.mp4,667,22.255566666666667,29.97002997002997,453,2,traffic_signs,0.883517861366272,1903.2047119140625,1502.009765625,1943.017822265625,1546.3524169921875,1923.1112670898438,1524.1810913085938,39.8131103515625,44.3426513671875
IMG_0038.mp4,667,22.255566666666667,29.97002997002997,406,2,traffic_signs,0.8191091418266296,2253.137451171875,1537.352294921875,2284.12744140625,1575.22216796875,2268.6324462890625,1556.2872314453125,30.989990234375,37.869873046875
IMG_0038.mp4,667,22.255566666666667,29.97002997002997,454,2,traffic_signs,0.8702425360679626,1556.9642333984375,1399.017578125,1584.907958984375,1473.8214111328125,1570.9360961914062,1436.4194946289062,27.9437255859375,74.8038330078125
IMG_0038.mp4,667,22.255566666666667,29.97002997002997,508,2,traffic_signs,0.5973899960517883,1230.4200439453125,1481.048828125,1254.713623046875,1523.032470703125,1242.5668334960938,1502.0406494140625,24.2935791015625,41.983642578125
IMG_0038.mp4,667,22.255566666666667,29.97002997002997,511,2,traffic_signs,0.7077438831329346,1257.7186279296875,1475.119384765625,1286.8326416015625,1513.2825927734375,1272.275634765625,1494.2009887695312,29.114013671875,38.1632080078125
IMG_0038.mp4,667,22.255566666666667,29.97002997002997,458,2,traffic_signs,0.6041649580001831,1690.14208984375,1562.099609375,1729.5606689453125,1695.2491455078125,1709.8513793945312,1628.6743774414062,39.4185791015625,133.1495361328125
IMG_0038.mp4,668,22.288933333333333,29.97002997002997,453,2,traffic_signs,0.9100609421730042,1892.7891845703125,1501.0732421875,1932.206298828125,1545.202392578125,1912.4977416992188,1523.1378173828125,39.4171142578125,44.129150390625
IMG_0038.mp4,668,22.288933333333333,29.97002997002997,406,2,traffic_signs,0.8476266264915466,2244.084228515625,1536.8592529296875,2274.537353515625,1575.1087646484375,2259.310791015625,1555.9840087890625,30.453125,38.24951171875
IMG_0038.mp4,668,22.288933333333333,29.97002997002997,454,2,traffic_signs,0.8063993453979492,1543.6058349609375,1396.182373046875,1571.4549560546875,1470.8172607421875,1557.5303955078125,1433.4998168945312,27.84912109375,74.6348876953125
IMG_0038.mp4,668,22.288933333333333,29.97002997002997,508,2,traffic_signs,0.8081182241439819,1215.6002197265625,1477.1016845703125,1241.1876220703125,1521.65380859375,1228.3939208984375,1499.3777465820312,25.58740234375,44.5521240234375
IMG_0038.mp4,668,22.288933333333333,29.97002997002997,458,2,traffic_signs,0.6559357047080994,1678.6490478515625,1583.441162109375,1712.580810546875,1696.420654296875,1695.6149291992188,1639.930908203125,33.9317626953125,112.9794921875
IMG_0038.mp4,668,22.288933333333333,29.97002997002997,517,2,traffic_signs,0.7238462567329407,1698.6927490234375,1403.9970703125,1774.0726318359375,1514.714111328125,1736.3826904296875,1459.3555908203125,75.3798828125,110.717041015625
IMG_0038.mp4,668,22.288933333333333,29.97002997002997,491,2,traffic_signs,0.6090496778488159,2261.418212890625,1489.2926025390625,2282.822998046875,1535.9146728515625,2272.12060546875,1512.6036376953125,21.40478515625,46.6220703125
IMG_0038.mp4,668,22.288933333333333,29.97002997002997,472,2,traffic_signs,0.7254194021224976,1678.13671875,1545.66064453125,1722.3797607421875,1613.3382568359375,1700.2582397460938,1579.4994506835938,44.2430419921875,67.6776123046875
IMG_0038.mp4,669,22.322300000000002,29.97002997002997,453,2,traffic_signs,0.8906140327453613,1883.3802490234375,1500.4937744140625,1924.18310546875,1544.5723876953125,1903.7816772460938,1522.5330810546875,40.8028564453125,44.07861328125
IMG_0038.mp4,669,22.322300000000002,29.97002997002997,406,2,traffic_signs,0.8325369358062744,2236.396240234375,1536.7559814453125,2266.87548828125,1574.36572265625,2251.6358642578125,1555.5608520507812,30.479248046875,37.6097412109375
IMG_0038.mp4,669,22.322300000000002,29.97002997002997,454,2,traffic_signs,0.8792154788970947,1530.75830078125,1393.44287109375,1559.0518798828125,1469.3914794921875,1544.9050903320312,1431.4171752929688,28.2935791015625,75.9486083984375
IMG_0038.mp4,669,22.322300000000002,29.97002997002997,508,2,traffic_signs,0.847295343875885,1201.11376953125,1473.8660888671875,1227.9537353515625,1521.2264404296875,1214.5337524414062,1497.5462646484375,26.8399658203125,47.3603515625
IMG_0038.mp4,669,22.322300000000002,29.97002997002997,458,2,traffic_signs,0.7938238978385925,1666.66552734375,1577.002685546875,1702.02099609375,1695.06689453125,1684.34326171875,1636.0347900390625,35.35546875,118.064208984375
IMG_0038.mp4,669,22.322300000000002,29.97002997002997,522,2,traffic_signs,0.5565610527992249,1205.8856201171875,1434.888427734375,1228.6446533203125,1474.5943603515625,1217.26513671875,1454.7413940429688,22.759033203125,39.7059326171875
IMG_0038.mp4,669,22.322300000000002,29.97002997002997,491,2,traffic_signs,0.4027568995952606,2253.26318359375,1489.6168212890625,2274.861572265625,1534.1925048828125,2264.0623779296875,1511.9046630859375,21.598388671875,44.57568359375
IMG_0038.mp4,669,22.322300000000002,29.97002997002997,472,2,traffic_signs,0.5552732348442078,1664.9591064453125,1544.441162109375,1709.2691650390625,1616.77587890625,1687.1141357421875,1580.6085205078125,44.31005859375,72.334716796875
IMG_0038.mp4,670,22.355666666666668,29.97002997002997,453,2,traffic_signs,0.8954913020133972,1875.381103515625,1499.5062255859375,1916.167724609375,1543.9033203125,1895.7744140625,1521.7047729492188,40.78662109375,44.3970947265625
IMG_0038.mp4,670,22.355666666666668,29.97002997002997,406,2,traffic_signs,0.8421155214309692,2227.36376953125,1535.8963623046875,2257.40283203125,1574.0367431640625,2242.38330078125,1554.966552734375,30.0390625,38.140380859375
IMG_0038.mp4,670,22.355666666666668,29.97002997002997,454,2,traffic_signs,0.8926586508750916,1519.869140625,1392.5147705078125,1549.83984375,1467.7369384765625,1534.8544921875,1430.1258544921875,29.970703125,75.22216796875
IMG_0038.mp4,670,22.355666666666668,29.97002997002997,508,2,traffic_signs,0.665905773639679,1193.3360595703125,1475.3929443359375,1220.5181884765625,1518.813232421875,1206.9271240234375,1497.1030883789062,27.18212890625,43.4202880859375
IMG_0038.mp4,670,22.355666666666668,29.97002997002997,458,2,traffic_signs,0.7401651740074158,1659.3419189453125,1591.794189453125,1690.8876953125,1694.1885986328125,1675.1148071289062,1642.9913940429688,31.5457763671875,102.3944091796875
IMG_0038.mp4,670,22.355666666666668,29.97002997002997,522,2,traffic_signs,0.6177297234535217,1196.57470703125,1435.257568359375,1219.2166748046875,1479.0908203125,1207.8956909179688,1457.1741943359375,22.6419677734375,43.833251953125
IMG_0038.mp4,670,22.355666666666668,29.97002997002997,472,2,traffic_signs,0.704707145690918,1656.341064453125,1544.1060791015625,1700.513671875,1612.9866943359375,1678.4273681640625,1578.54638671875,44.172607421875,68.880615234375
IMG_0038.mp4,670,22.355666666666668,29.97002997002997,511,2,traffic_signs,0.5034772753715515,1221.1181640625,1473.6717529296875,1248.229736328125,1508.702392578125,1234.6739501953125,1491.1870727539062,27.111572265625,35.0306396484375
IMG_0038.mp4,671,22.389033333333334,29.97002997002997,453,2,traffic_signs,0.8932022452354431,1866.2327880859375,1499.019287109375,1907.2615966796875,1542.904296875,1886.7471923828125,1520.9617919921875,41.02880859375,43.885009765625
IMG_0038.mp4,671,22.389033333333334,29.97002997002997,406,2,traffic_signs,0.8133026957511902,2218.02734375,1535.536376953125,2247.45556640625,1573.828857421875,2232.741455078125,1554.6826171875,29.42822265625,38.29248046875
IMG_0038.mp4,671,22.389033333333334,29.97002997002997,454,2,traffic_signs,0.8910977244377136,1508.5238037109375,1391.4119873046875,1538.49853515625,1465.5533447265625,1523.5111694335938,1428.482666015625,29.9747314453125,74.141357421875
IMG_0038.mp4,671,22.389033333333334,29.97002997002997,458,2,traffic_signs,0.745974063873291,1649.209228515625,1590.68310546875,1681.26708984375,1690.3389892578125,1665.2381591796875,1640.5110473632812,32.057861328125,99.6558837890625
IMG_0038.mp4,671,22.389033333333334,29.97002997002997,522,2,traffic_signs,0.592369556427002,1185.88525390625,1436.1268310546875,1207.0699462890625,1476.4407958984375,1196.4776000976562,1456.2838134765625,21.1846923828125,40.31396484375
IMG_0038.mp4,671,22.389033333333334,29.97002997002997,472,2,traffic_signs,0.5809764862060547,1646.1644287109375,1541.822509765625,1690.2747802734375,1613.8468017578125,1668.2196044921875,1577.8346557617188,44.1103515625,72.0242919921875
IMG_0038.mp4,671,22.389033333333334,29.97002997002997,529,2,traffic_signs,0.7806110382080078,1176.037109375,1475.068115234375,1203.357666015625,1520.9136962890625,1189.6973876953125,1497.9909057617188,27.320556640625,45.8455810546875
IMG_0038.mp4,671,22.389033333333334,29.97002997002997,491,2,traffic_signs,0.6315829753875732,2236.277099609375,1488.416015625,2257.627685546875,1535.218505859375,2246.952392578125,1511.8172607421875,21.3505859375,46.802490234375
IMG_0038.mp4,672,22.4224,29.97002997002997,453,2,traffic_signs,0.8823210000991821,1855.9210205078125,1499.1016845703125,1897.1185302734375,1542.6748046875,1876.519775390625,1520.8882446289062,41.197509765625,43.5731201171875
IMG_0038.mp4,672,22.4224,29.97002997002997,406,2,traffic_signs,0.8317481875419617,2209.531494140625,1535.0179443359375,2238.468017578125,1573.5166015625,2223.999755859375,1554.2672729492188,28.9365234375,38.4986572265625
IMG_0038.mp4,672,22.4224,29.97002997002997,454,2,traffic_signs,0.8923914432525635,1494.78173828125,1391.2510986328125,1524.0421142578125,1464.637451171875,1509.4119262695312,1427.9442749023438,29.2603759765625,73.3863525390625
IMG_0038.mp4,672,22.4224,29.97002997002997,458,2,traffic_signs,0.6837658286094666,1637.62890625,1596.112060546875,1668.413818359375,1693.16650390625,1653.0213623046875,1644.6392822265625,30.784912109375,97.054443359375
IMG_0038.mp4,672,22.4224,29.97002997002997,522,2,traffic_signs,0.5409442186355591,1170.430908203125,1438.192626953125,1193.92578125,1477.142822265625,1182.1783447265625,1457.667724609375,23.494873046875,38.9501953125
IMG_0038.mp4,672,22.4224,29.97002997002997,472,2,traffic_signs,0.7426239252090454,1634.505615234375,1540.47314453125,1680.486572265625,1612.3931884765625,1657.49609375,1576.4331665039062,45.98095703125,71.9200439453125
IMG_0038.mp4,672,22.4224,29.97002997002997,529,2,traffic_signs,0.8161494731903076,1162.3726806640625,1475.9366455078125,1188.8651123046875,1521.2989501953125,1175.618896484375,1498.6177978515625,26.492431640625,45.3623046875
IMG_0038.mp4,672,22.4224,29.97002997002997,491,2,traffic_signs,0.38143792748451233,2227.121826171875,1488.281982421875,2248.316650390625,1536.273681640625,2237.71923828125,1512.27783203125,21.19482421875,47.99169921875
IMG_0038.mp4,672,22.4224,29.97002997002997,508,2,traffic_signs,0.6757041811943054,1193.74853515625,1471.135498046875,1219.095703125,1506.8695068359375,1206.422119140625,1489.0025024414062,25.34716796875,35.7340087890625
IMG_0038.mp4,673,22.455766666666666,29.97002997002997,453,2,traffic_signs,0.9063752293586731,1848.9661865234375,1497.8165283203125,1888.765380859375,1542.62255859375,1868.8657836914062,1520.2195434570312,39.7991943359375,44.8060302734375
IMG_0038.mp4,673,22.455766666666666,29.97002997002997,406,2,traffic_signs,0.758527934551239,2203.218505859375,1535.5382080078125,2232.125244140625,1571.1826171875,2217.671875,1553.3604125976562,28.90673828125,35.6444091796875
IMG_0038.mp4,673,22.455766666666666,29.97002997002997,454,2,traffic_signs,0.8892597556114197,1482.6353759765625,1389.4058837890625,1513.879638671875,1462.4375,1498.2575073242188,1425.9216918945312,31.2442626953125,73.0316162109375
IMG_0038.mp4,673,22.455766666666666,29.97002997002997,472,2,traffic_signs,0.5043967962265015,1624.7623291015625,1539.9903564453125,1671.310546875,1614.7093505859375,1648.0364379882812,1577.349853515625,46.5482177734375,74.718994140625
IMG_0038.mp4,674,22.489133333333335,29.97002997002997,406,2,traffic_signs,0.7936416864395142,2190.796142578125,1535.9090576171875,2223.562255859375,1569.6812744140625,2207.17919921875,1552.795166015625,32.76611328125,33.772216796875
IMG_0038.mp4,674,22.489133333333335,29.97002997002997,491,2,traffic_signs,0.5082848072052002,2210.685791015625,1489.5218505859375,2233.996826171875,1537.927978515625,2222.34130859375,1513.7249145507812,23.31103515625,48.4061279296875
IMG_0038.mp4,675,22.5225,29.97002997002997,522,2,traffic_signs,0.7674402594566345,1129.7608642578125,1428.2481689453125,1154.5655517578125,1471.917724609375,1142.1632080078125,1450.0829467773438,24.8046875,43.6695556640625
IMG_0038.mp4,675,22.5225,29.97002997002997,529,2,traffic_signs,0.774325966835022,1121.8692626953125,1468.505615234375,1149.6270751953125,1518.1363525390625,1135.7481689453125,1493.3209838867188,27.7578125,49.6307373046875
IMG_0038.mp4,675,22.5225,29.97002997002997,453,2,traffic_signs,0.8902144432067871,1826.594970703125,1496.80322265625,1867.3388671875,1541.0260009765625,1846.9669189453125,1518.9146118164062,40.743896484375,44.2227783203125
IMG_0038.mp4,675,22.5225,29.97002997002997,454,2,traffic_signs,0.8703907132148743,1454.064697265625,1384.8692626953125,1485.3851318359375,1460.9912109375,1469.7249145507812,1422.9302368164062,31.3204345703125,76.1219482421875
IMG_0038.mp4,675,22.5225,29.97002997002997,472,2,traffic_signs,0.7778560519218445,1601.6468505859375,1541.426513671875,1644.2388916015625,1613.8402099609375,1622.94287109375,1577.6333618164062,42.592041015625,72.4136962890625
IMG_0038.mp4,676,22.555866666666667,29.97002997002997,538,2,traffic_signs,0.4074205458164215,1597.7330322265625,1379.9024658203125,1672.5257568359375,1602.4007568359375,1635.12939453125,1491.151611328125,74.792724609375,222.498291015625
IMG_0038.mp4,676,22.555866666666667,29.97002997002997,522,2,traffic_signs,0.4852432608604431,1116.6695556640625,1428.552978515625,1141.0274658203125,1472.41015625,1128.8485107421875,1450.4815673828125,24.35791015625,43.857177734375
IMG_0038.mp4,676,22.555866666666667,29.97002997002997,529,2,traffic_signs,0.5097622871398926,1108.4659423828125,1468.9130859375,1134.503662109375,1519.5494384765625,1121.4848022460938,1494.2312622070312,26.0377197265625,50.6363525390625
IMG_0038.mp4,676,22.555866666666667,29.97002997002997,453,2,traffic_signs,0.8813996911048889,1819.754638671875,1495.84326171875,1859.7813720703125,1540.7379150390625,1839.7680053710938,1518.2905883789062,40.0267333984375,44.8946533203125
IMG_0038.mp4,676,22.555866666666667,29.97002997002997,454,2,traffic_signs,0.8702451586723328,1442.147705078125,1381.1451416015625,1473.1031494140625,1461.9215087890625,1457.6254272460938,1421.5333251953125,30.9554443359375,80.7763671875
IMG_0038.mp4,676,22.555866666666667,29.97002997002997,472,2,traffic_signs,0.7116090059280396,1591.3258056640625,1540.306640625,1636.4659423828125,1616.4134521484375,1613.8958740234375,1578.3600463867188,45.14013671875,76.1068115234375
IMG_0038.mp4,676,22.555866666666667,29.97002997002997,517,2,traffic_signs,0.6161374449729919,1597.3203125,1384.355224609375,1678.9471435546875,1494.20703125,1638.1337280273438,1439.2811279296875,81.6268310546875,109.851806640625
IMG_0038.mp4,676,22.555866666666667,29.97002997002997,406,2,traffic_signs,0.8520394563674927,2176.030517578125,1533.7459716796875,2207.3701171875,1572.1600341796875,2191.7003173828125,1552.9530029296875,31.339599609375,38.4140625
IMG_0038.mp4,677,22.589233333333333,29.97002997002997,522,2,traffic_signs,0.38457873463630676,1103.0003662109375,1428.2275390625,1126.3966064453125,1473.3829345703125,1114.698486328125,1450.8052368164062,23.396240234375,45.1553955078125
IMG_0038.mp4,677,22.589233333333333,29.97002997002997,453,2,traffic_signs,0.8783289790153503,1811.7945556640625,1495.17236328125,1852.7052001953125,1539.73974609375,1832.2498779296875,1517.4560546875,40.91064453125,44.5673828125
IMG_0038.mp4,677,22.589233333333333,29.97002997002997,454,2,traffic_signs,0.8681473135948181,1430.3336181640625,1378.47265625,1461.9757080078125,1461.5103759765625,1446.1546630859375,1419.9915161132812,31.64208984375,83.0377197265625
IMG_0038.mp4,677,22.589233333333333,29.97002997002997,472,2,traffic_signs,0.7484796643257141,1579.5635986328125,1537.8848876953125,1623.7044677734375,1670.7755126953125,1601.634033203125,1604.3302001953125,44.140869140625,132.890625
IMG_0038.mp4,677,22.589233333333333,29.97002997002997,539,2,traffic_signs,0.659016489982605,1319.1031494140625,1532.72314453125,1333.9754638671875,1553.41015625,1326.539306640625,1543.066650390625,14.872314453125,20.68701171875
IMG_0038.mp4,677,22.589233333333333,29.97002997002997,541,2,traffic_signs,0.5815894603729248,861.2957763671875,1496.814208984375,878.2855834960938,1532.1156005859375,869.7906799316406,1514.4649047851562,16.98980712890625,35.3013916015625
IMG_0038.mp4,677,22.589233333333333,29.97002997002997,517,2,traffic_signs,0.4911496341228485,1584.5294189453125,1384.49072265625,1663.4891357421875,1491.11376953125,1624.00927734375,1437.80224609375,78.959716796875,106.623046875
IMG_0038.mp4,677,22.589233333333333,29.97002997002997,406,2,traffic_signs,0.8233916759490967,2171.04931640625,1532.7335205078125,2201.7080078125,1572.28173828125,2186.378662109375,1552.5076293945312,30.65869140625,39.5482177734375
IMG_0038.mp4,678,22.622600000000002,29.97002997002997,453,2,traffic_signs,0.8630136847496033,1802.6297607421875,1493.79296875,1842.8883056640625,1537.978515625,1822.759033203125,1515.8857421875,40.258544921875,44.185546875
IMG_0038.mp4,678,22.622600000000002,29.97002997002997,454,2,traffic_signs,0.8812059164047241,1415.3590087890625,1375.0755615234375,1447.8515625,1460.11962890625,1431.6052856445312,1417.5975952148438,32.4925537109375,85.0440673828125
IMG_0038.mp4,678,22.622600000000002,29.97002997002997,472,2,traffic_signs,0.6878878474235535,1568.0013427734375,1538.6959228515625,1614.5028076171875,1643.6170654296875,1591.2520751953125,1591.156494140625,46.50146484375,104.921142578125
IMG_0038.mp4,678,22.622600000000002,29.97002997002997,517,2,traffic_signs,0.6756253838539124,1568.6522216796875,1380.46337890625,1652.099609375,1484.6368408203125,1610.3759155273438,1432.5501098632812,83.4473876953125,104.1734619140625
IMG_0038.mp4,678,22.622600000000002,29.97002997002997,406,2,traffic_signs,0.8432067632675171,2164.496337890625,1532.548828125,2195.447509765625,1571.4293212890625,2179.971923828125,1551.9890747070312,30.951171875,38.8804931640625
IMG_0038.mp4,679,22.655966666666668,29.97002997002997,453,2,traffic_signs,0.8860881328582764,1797.4844970703125,1492.6318359375,1837.3255615234375,1537.52978515625,1817.405029296875,1515.080810546875,39.841064453125,44.89794921875
IMG_0038.mp4,679,22.655966666666668,29.97002997002997,454,2,traffic_signs,0.8596494197845459,1409.8621826171875,1372.7733154296875,1439.8887939453125,1458.081787109375,1424.87548828125,1415.4275512695312,30.026611328125,85.3084716796875
IMG_0038.mp4,679,22.655966666666668,29.97002997002997,472,2,traffic_signs,0.619990885257721,1561.271240234375,1539.8372802734375,1609.680908203125,1624.4332275390625,1585.47607421875,1582.13525390625,48.40966796875,84.595947265625
IMG_0038.mp4,679,22.655966666666668,29.97002997002997,517,2,traffic_signs,0.6712127923965454,1559.18994140625,1378.5081787109375,1636.86328125,1483.42333984375,1598.026611328125,1430.9657592773438,77.67333984375,104.9151611328125
IMG_0038.mp4,679,22.655966666666668,29.97002997002997,406,2,traffic_signs,0.8307144641876221,2158.638671875,1531.6175537109375,2189.5732421875,1570.90625,2174.10595703125,1551.2619018554688,30.9345703125,39.2886962890625
IMG_0038.mp4,679,22.655966666666668,29.97002997002997,539,2,traffic_signs,0.5793490409851074,1301.222900390625,1530.819580078125,1316.616455078125,1550.8177490234375,1308.919677734375,1540.8186645507812,15.3935546875,19.9981689453125
IMG_0038.mp4,679,22.655966666666668,29.97002997002997,541,2,traffic_signs,0.5295297503471375,837.210693359375,1492.7427978515625,854.6268310546875,1529.2730712890625,845.9187622070312,1511.0079345703125,17.4161376953125,36.5302734375
IMG_0038.mp4,680,22.689333333333334,29.97002997002997,453,2,traffic_signs,0.8869600892066956,1790.404296875,1491.5272216796875,1831.3651123046875,1536.917236328125,1810.8847045898438,1514.2222290039062,40.9608154296875,45.3900146484375
IMG_0038.mp4,680,22.689333333333334,29.97002997002997,454,2,traffic_signs,0.8504133224487305,1396.8931884765625,1368.7586669921875,1429.8714599609375,1455.9835205078125,1413.38232421875,1412.37109375,32.978271484375,87.224853515625
IMG_0038.mp4,680,22.689333333333334,29.97002997002997,472,2,traffic_signs,0.4996929168701172,1553.2244873046875,1540.7471923828125,1601.8612060546875,1615.7874755859375,1577.5428466796875,1578.267333984375,48.63671875,75.040283203125
IMG_0038.mp4,680,22.689333333333334,29.97002997002997,517,2,traffic_signs,0.7785001993179321,1549.70361328125,1374.6959228515625,1631.128173828125,1481.5772705078125,1590.4158935546875,1428.1365966796875,81.424560546875,106.88134765625
IMG_0038.mp4,680,22.689333333333334,29.97002997002997,406,2,traffic_signs,0.826709508895874,2152.533203125,1531.062744140625,2183.52294921875,1569.537353515625,2168.028076171875,1550.300048828125,30.98974609375,38.474609375
IMG_0038.mp4,680,22.689333333333334,29.97002997002997,539,2,traffic_signs,0.5500978231430054,1293.4049072265625,1530.2906494140625,1309.06689453125,1550.607666015625,1301.2359008789062,1540.4491577148438,15.6619873046875,20.3170166015625
IMG_0038.mp4,680,22.689333333333334,29.97002997002997,491,2,traffic_signs,0.38403603434562683,2169.252685546875,1486.5936279296875,2193.121826171875,1535.5465087890625,2181.187255859375,1511.070068359375,23.869140625,48.952880859375
IMG_0038.mp4,681,22.7227,29.97002997002997,453,2,traffic_signs,0.7756643891334534,1781.1470947265625,1491.1513671875,1822.7325439453125,1536.0977783203125,1801.9398193359375,1513.6245727539062,41.58544921875,44.9464111328125
IMG_0038.mp4,681,22.7227,29.97002997002997,454,2,traffic_signs,0.8793843984603882,1381.532470703125,1364.69775390625,1416.165283203125,1451.0657958984375,1398.848876953125,1407.8817749023438,34.6328125,86.3680419921875
IMG_0038.mp4,681,22.7227,29.97002997002997,472,2,traffic_signs,0.5757401585578918,1543.3963623046875,1540.69091796875,1592.22705078125,1609.3717041015625,1567.8117065429688,1575.0313110351562,48.8306884765625,68.6807861328125
IMG_0038.mp4,681,22.7227,29.97002997002997,517,2,traffic_signs,0.5892118811607361,1537.936279296875,1371.4127197265625,1617.940673828125,1479.9061279296875,1577.9384765625,1425.659423828125,80.00439453125,108.493408203125
IMG_0038.mp4,681,22.7227,29.97002997002997,406,2,traffic_signs,0.539789080619812,2144.73974609375,1530.9522705078125,2177.091064453125,1569.2239990234375,2160.9154052734375,1550.088134765625,32.351318359375,38.271728515625
IMG_0038.mp4,681,22.7227,29.97002997002997,539,2,traffic_signs,0.35486239194869995,1283.8951416015625,1529.6019287109375,1299.468994140625,1549.8309326171875,1291.6820678710938,1539.7164306640625,15.5738525390625,20.22900390625
IMG_0038.mp4,681,22.7227,29.97002997002997,552,2,traffic_signs,0.7802402377128601,1093.55712890625,1460.7586669921875,1123.1187744140625,1501.627197265625,1108.3379516601562,1481.1929321289062,29.5616455078125,40.8685302734375
IMG_0038.mp4,681,22.7227,29.97002997002997,491,2,traffic_signs,0.28678369522094727,2164.631591796875,1485.7996826171875,2187.134033203125,1533.97900390625,2175.8828125,1509.8893432617188,22.50244140625,48.1793212890625
IMG_0038.mp4,682,22.756066666666666,29.97002997002997,453,2,traffic_signs,0.9000674486160278,1775.895263671875,1490.0953369140625,1817.417236328125,1535.3087158203125,1796.65625,1512.7020263671875,41.52197265625,45.21337890625
IMG_0038.mp4,682,22.756066666666666,29.97002997002997,454,2,traffic_signs,0.8918590545654297,1370.7325439453125,1359.72119140625,1408.6258544921875,1449.6053466796875,1389.67919921875,1404.6632690429688,37.893310546875,89.8841552734375
IMG_0038.mp4,682,22.756066666666666,29.97002997002997,472,2,traffic_signs,0.6487115025520325,1534.400390625,1539.5230712890625,1585.29736328125,1604.730712890625,1559.848876953125,1572.1268920898438,50.89697265625,65.2076416015625
IMG_0038.mp4,682,22.756066666666666,29.97002997002997,517,2,traffic_signs,0.636133074760437,1528.6376953125,1368.15185546875,1611.86083984375,1477.0989990234375,1570.249267578125,1422.6254272460938,83.22314453125,108.9471435546875
IMG_0038.mp4,682,22.756066666666666,29.97002997002997,406,2,traffic_signs,0.8425524234771729,2139.896728515625,1529.6661376953125,2172.368896484375,1568.42431640625,2156.1328125,1549.0452270507812,32.47216796875,38.7581787109375
IMG_0038.mp4,682,22.756066666666666,29.97002997002997,539,2,traffic_signs,0.503492534160614,1277.324462890625,1527.6815185546875,1293.1568603515625,1549.5184326171875,1285.2406616210938,1538.5999755859375,15.8323974609375,21.8369140625
IMG_0038.mp4,682,22.756066666666666,29.97002997002997,552,2,traffic_signs,0.8382320404052734,1082.6455078125,1458.4803466796875,1114.9630126953125,1498.7528076171875,1098.8042602539062,1478.6165771484375,32.3175048828125,40.2724609375
IMG_0038.mp4,683,22.789433333333335,29.97002997002997,453,2,traffic_signs,0.6637183427810669,1769.5574951171875,1489.0303955078125,1811.587646484375,1534.1002197265625,1790.5725708007812,1511.5653076171875,42.0301513671875,45.06982421875
IMG_0038.mp4,683,22.789433333333335,29.97002997002997,454,2,traffic_signs,0.8856978416442871,1360.6123046875,1358.5257568359375,1399.5567626953125,1446.67626953125,1380.0845336914062,1402.6010131835938,38.9444580078125,88.1505126953125
IMG_0038.mp4,683,22.789433333333335,29.97002997002997,472,2,traffic_signs,0.7300248742103577,1525.1622314453125,1537.2864990234375,1578.3260498046875,1600.0361328125,1551.744140625,1568.6613159179688,53.163818359375,62.7496337890625
IMG_0038.mp4,683,22.789433333333335,29.97002997002997,517,2,traffic_signs,0.8400287628173828,1519.6826171875,1362.630615234375,1597.105224609375,1473.90234375,1558.3939208984375,1418.2664794921875,77.422607421875,111.271728515625
IMG_0038.mp4,683,22.789433333333335,29.97002997002997,406,2,traffic_signs,0.8240761160850525,2134.42431640625,1529.0279541015625,2166.92333984375,1568.62255859375,2150.673828125,1548.8252563476562,32.4990234375,39.5946044921875
IMG_0038.mp4,683,22.789433333333335,29.97002997002997,552,2,traffic_signs,0.7270116209983826,1072.45703125,1456.4814453125,1106.096923828125,1495.0963134765625,1089.2769775390625,1475.7888793945312,33.639892578125,38.6148681640625
IMG_0038.mp4,684,22.8228,29.97002997002997,453,2,traffic_signs,0.8900452852249146,1763.0308837890625,1488.1041259765625,1805.701904296875,1534.2469482421875,1784.3663940429688,1511.175537109375,42.6710205078125,46.142822265625
IMG_0038.mp4,684,22.8228,29.97002997002997,454,2,traffic_signs,0.8963743448257446,1348.6864013671875,1354.9493408203125,1388.3309326171875,1445.818359375,1368.5086669921875,1400.3838500976562,39.64453125,90.8690185546875
IMG_0038.mp4,684,22.8228,29.97002997002997,472,2,traffic_signs,0.8201752305030823,1514.8885498046875,1534.66064453125,1569.4210205078125,1601.1640625,1542.15478515625,1567.912353515625,54.532470703125,66.50341796875
IMG_0038.mp4,684,22.8228,29.97002997002997,517,2,traffic_signs,0.8622006773948669,1508.1055908203125,1359.60791015625,1585.48388671875,1471.673828125,1546.7947387695312,1415.640869140625,77.3782958984375,112.06591796875
IMG_0038.mp4,684,22.8228,29.97002997002997,406,2,traffic_signs,0.8236539959907532,2130.07421875,1529.09326171875,2161.43701171875,1567.6527099609375,2145.755615234375,1548.3729858398438,31.36279296875,38.5594482421875
IMG_0038.mp4,684,22.8228,29.97002997002997,552,2,traffic_signs,0.8440569639205933,1060.3787841796875,1454.4140625,1095.114013671875,1494.3563232421875,1077.7463989257812,1474.3851928710938,34.7352294921875,39.9422607421875
IMG_0038.mp4,685,22.856166666666667,29.97002997002997,453,2,traffic_signs,0.7352807521820068,1755.0660400390625,1487.2154541015625,1797.9454345703125,1534.194091796875,1776.5057373046875,1510.7047729492188,42.87939453125,46.9786376953125
IMG_0038.mp4,685,22.856166666666667,29.97002997002997,454,2,traffic_signs,0.901802659034729,1334.964111328125,1352.9791259765625,1374.0771484375,1441.273193359375,1354.5206298828125,1397.1261596679688,39.113037109375,88.2940673828125
IMG_0038.mp4,685,22.856166666666667,29.97002997002997,472,2,traffic_signs,0.7991051077842712,1505.8934326171875,1532.4564208984375,1559.6324462890625,1600.6494140625,1532.762939453125,1566.5529174804688,53.739013671875,68.1929931640625
IMG_0038.mp4,685,22.856166666666667,29.97002997002997,517,2,traffic_signs,0.7495488524436951,1496.89453125,1355.0888671875,1579.4530029296875,1471.5731201171875,1538.1737670898438,1413.3309936523438,82.5584716796875,116.4842529296875
IMG_0038.mp4,685,22.856166666666667,29.97002997002997,406,2,traffic_signs,0.7875253558158875,2124.033447265625,1529.37158203125,2155.797119140625,1567.1319580078125,2139.915283203125,1548.2517700195312,31.763671875,37.7603759765625
IMG_0038.mp4,685,22.856166666666667,29.97002997002997,552,2,traffic_signs,0.8200872540473938,1046.8466796875,1451.0865478515625,1083.651611328125,1492.3914794921875,1065.2491455078125,1471.739013671875,36.804931640625,41.304931640625
IMG_0038.mp4,686,22.889533333333333,29.97002997002997,453,2,traffic_signs,0.8796083927154541,1748.6976318359375,1486.401123046875,1791.189453125,1533.4036865234375,1769.9435424804688,1509.9024047851562,42.4918212890625,47.0025634765625
IMG_0038.mp4,686,22.889533333333333,29.97002997002997,454,2,traffic_signs,0.47903433442115784,1323.21875,1346.9654541015625,1363.186767578125,1438.47998046875,1343.2027587890625,1392.7227172851562,39.968017578125,91.5145263671875
IMG_0038.mp4,686,22.889533333333333,29.97002997002997,472,2,traffic_signs,0.7594695687294006,1496.993896484375,1529.9268798828125,1550.72314453125,1604.6663818359375,1523.8585205078125,1567.296630859375,53.729248046875,74.739501953125
IMG_0038.mp4,686,22.889533333333333,29.97002997002997,517,2,traffic_signs,0.8399636149406433,1484.5933837890625,1351.3045654296875,1567.4310302734375,1473.5389404296875,1526.01220703125,1412.4217529296875,82.837646484375,122.234375
IMG_0038.mp4,686,22.889533333333333,29.97002997002997,406,2,traffic_signs,0.8315005898475647,2118.335693359375,1528.7337646484375,2150.187744140625,1566.709716796875,2134.26171875,1547.7217407226562,31.85205078125,37.9759521484375
IMG_0038.mp4,686,22.889533333333333,29.97002997002997,552,2,traffic_signs,0.8297999501228333,1036.3067626953125,1449.9771728515625,1072.9482421875,1491.5921630859375,1054.6275024414062,1470.78466796875,36.6414794921875,41.614990234375
IMG_0038.mp4,686,22.889533333333333,29.97002997002997,529,2,traffic_signs,0.8270373940467834,992.4859008789062,1455.3287353515625,1022.3561401367188,1505.57177734375,1007.4210205078125,1480.4502563476562,29.8702392578125,50.2430419921875
IMG_0038.mp4,686,22.889533333333333,29.97002997002997,522,2,traffic_signs,0.723870038986206,999.5093994140625,1405.3502197265625,1032.911865234375,1462.3592529296875,1016.2106323242188,1433.854736328125,33.4024658203125,57.009033203125
IMG_0038.mp4,687,22.922900000000002,29.97002997002997,453,2,traffic_signs,0.8860387206077576,1743.1611328125,1485.9219970703125,1785.7303466796875,1532.5804443359375,1764.4457397460938,1509.251220703125,42.5692138671875,46.658447265625
IMG_0038.mp4,687,22.922900000000002,29.97002997002997,454,2,traffic_signs,0.9014273285865784,1313.507080078125,1343.934814453125,1353.4476318359375,1437.2681884765625,1333.4773559570312,1390.6015014648438,39.9405517578125,93.3333740234375
IMG_0038.mp4,687,22.922900000000002,29.97002997002997,472,2,traffic_signs,0.7347753047943115,1489.6092529296875,1526.8126220703125,1542.814208984375,1608.48291015625,1516.2117309570312,1567.6477661132812,53.2049560546875,81.6702880859375
IMG_0038.mp4,687,22.922900000000002,29.97002997002997,517,2,traffic_signs,0.732040286064148,1475.9525146484375,1347.3668212890625,1559.3525390625,1478.0625,1517.6525268554688,1412.7146606445312,83.4000244140625,130.6956787109375
IMG_0038.mp4,687,22.922900000000002,29.97002997002997,406,2,traffic_signs,0.8458957076072693,2113.999267578125,1527.8690185546875,2146.147216796875,1565.9136962890625,2130.0732421875,1546.891357421875,32.14794921875,38.044677734375
IMG_0038.mp4,687,22.922900000000002,29.97002997002997,552,2,traffic_signs,0.8367460370063782,1029.45263671875,1448.6483154296875,1065.6304931640625,1490.2894287109375,1047.5415649414062,1469.4688720703125,36.1778564453125,41.64111328125
IMG_0038.mp4,687,22.922900000000002,29.97002997002997,529,2,traffic_signs,0.8152381181716919,982.255859375,1455.1331787109375,1012.3117065429688,1504.3375244140625,997.2837829589844,1479.7353515625,30.05584716796875,49.204345703125
IMG_0038.mp4,687,22.922900000000002,29.97002997002997,522,2,traffic_signs,0.6004917621612549,991.2820434570312,1411.09765625,1022.4901733398438,1458.841552734375,1006.8861083984375,1434.9696044921875,31.2081298828125,47.743896484375
IMG_0038.mp4,688,22.956266666666668,29.97002997002997,453,2,traffic_signs,0.8673742413520813,1737.296630859375,1484.726806640625,1780.766845703125,1532.267578125,1759.03173828125,1508.4971923828125,43.47021484375,47.540771484375
IMG_0038.mp4,688,22.956266666666668,29.97002997002997,454,2,traffic_signs,0.901567816734314,1302.95166015625,1342.2169189453125,1343.1048583984375,1434.9298095703125,1323.0282592773438,1388.5733642578125,40.1531982421875,92.712890625
IMG_0038.mp4,688,22.956266666666668,29.97002997002997,472,2,traffic_signs,0.7573037147521973,1485.1575927734375,1524.9886474609375,1535.3497314453125,1604.4205322265625,1510.253662109375,1564.70458984375,50.192138671875,79.431884765625
IMG_0038.mp4,688,22.956266666666668,29.97002997002997,517,2,traffic_signs,0.7891886234283447,1464.7293701171875,1345.4801025390625,1550.3177490234375,1474.1260986328125,1507.5235595703125,1409.8031005859375,85.58837890625,128.64599609375
IMG_0038.mp4,688,22.956266666666668,29.97002997002997,406,2,traffic_signs,0.8091402053833008,2109.629638671875,1527.687744140625,2141.463623046875,1566.046630859375,2125.546630859375,1546.8671875,31.833984375,38.35888671875
IMG_0038.mp4,688,22.956266666666668,29.97002997002997,552,2,traffic_signs,0.8279501795768738,1021.2659301757812,1447.4442138671875,1056.91455078125,1489.0572509765625,1039.0902404785156,1468.250732421875,35.64862060546875,41.613037109375
IMG_0038.mp4,688,22.956266666666668,29.97002997002997,529,2,traffic_signs,0.7287572026252747,972.0842895507812,1453.0321044921875,1003.4235229492188,1501.8873291015625,987.75390625,1477.459716796875,31.3392333984375,48.855224609375
IMG_0038.mp4,688,22.956266666666668,29.97002997002997,522,2,traffic_signs,0.7755623459815979,982.3906860351562,1409.8912353515625,1011.9970092773438,1454.534912109375,997.19384765625,1432.2130737304688,29.6063232421875,44.6436767578125
IMG_0038.mp4,689,22.989633333333334,29.97002997002997,453,2,traffic_signs,0.8477864861488342,1730.3731689453125,1484.392333984375,1774.3409423828125,1531.7926025390625,1752.3570556640625,1508.0924682617188,43.9677734375,47.4002685546875
IMG_0038.mp4,689,22.989633333333334,29.97002997002997,454,2,traffic_signs,0.8923046588897705,1293.1551513671875,1340.2017822265625,1331.9605712890625,1431.4598388671875,1312.557861328125,1385.830810546875,38.805419921875,91.258056640625
IMG_0038.mp4,689,22.989633333333334,29.97002997002997,472,2,traffic_signs,0.40587010979652405,1478.06298828125,1525.0394287109375,1526.252197265625,1586.669677734375,1502.1575927734375,1555.8545532226562,48.189208984375,61.6302490234375
IMG_0038.mp4,689,22.989633333333334,29.97002997002997,517,2,traffic_signs,0.8120004534721375,1454.81591796875,1341.82958984375,1539.8720703125,1469.772705078125,1497.343994140625,1405.8011474609375,85.05615234375,127.943115234375
IMG_0038.mp4,689,22.989633333333334,29.97002997002997,552,2,traffic_signs,0.8641058206558228,1010.6182861328125,1446.052978515625,1047.96923828125,1488.073486328125,1029.2937622070312,1467.063232421875,37.3509521484375,42.0205078125
IMG_0038.mp4,689,22.989633333333334,29.97002997002997,529,2,traffic_signs,0.8365646004676819,961.9630126953125,1451.73486328125,992.1218872070312,1501.3541259765625,977.0424499511719,1476.5444946289062,30.15887451171875,49.6192626953125
IMG_0038.mp4,689,22.989633333333334,29.97002997002997,522,2,traffic_signs,0.8349583148956299,972.7081298828125,1407.6209716796875,1001.7139892578125,1451.7205810546875,987.2110595703125,1429.6707763671875,29.005859375,44.099609375
IMG_0038.mp4,690,23.023,29.97002997002997,454,2,traffic_signs,0.8942028284072876,1279.66748046875,1339.0538330078125,1317.891845703125,1422.9290771484375,1298.7796630859375,1380.991455078125,38.224365234375,83.875244140625
IMG_0038.mp4,690,23.023,29.97002997002997,552,2,traffic_signs,0.8337304592132568,995.0562133789062,1445.293701171875,1035.178466796875,1486.794189453125,1015.1173400878906,1466.0439453125,40.12225341796875,41.50048828125
IMG_0038.mp4,690,23.023,29.97002997002997,529,2,traffic_signs,0.5766292810440063,946.9815673828125,1450.2030029296875,977.387451171875,1498.7503662109375,962.1845092773438,1474.4766845703125,30.4058837890625,48.54736328125
IMG_0038.mp4,690,23.023,29.97002997002997,522,2,traffic_signs,0.7500767707824707,958.2050170898438,1404.2996826171875,985.7871704101562,1447.01171875,971.99609375,1425.6557006835938,27.5821533203125,42.7120361328125
IMG_0038.mp4,690,23.023,29.97002997002997,406,2,traffic_signs,0.8580491542816162,2100.871826171875,1528.68896484375,2135.264892578125,1565.6717529296875,2118.068359375,1547.1803588867188,34.39306640625,36.9827880859375
IMG_0038.mp4,691,23.056366666666666,29.97002997002997,552,2,traffic_signs,0.5911715626716614,989.1583862304688,1445.2191162109375,1032.5968017578125,1486.5802001953125,1010.8775939941406,1465.899658203125,43.43841552734375,41.361083984375
IMG_0038.mp4,691,23.056366666666666,29.97002997002997,406,2,traffic_signs,0.7139923572540283,2096.60791015625,1528.19287109375,2129.858154296875,1565.2474365234375,2113.2330322265625,1546.7201538085938,33.250244140625,37.0545654296875
IMG_0038.mp4,691,23.056366666666666,29.97002997002997,453,2,traffic_signs,0.8951549530029297,1720.64599609375,1483.8907470703125,1763.9473876953125,1530.0289306640625,1742.2966918945312,1506.9598388671875,43.3013916015625,46.13818359375
IMG_0038.mp4,692,23.089733333333335,29.97002997002997,552,2,traffic_signs,0.8814064860343933,981.9536743164062,1443.9432373046875,1022.5872192382812,1486.623046875,1002.2704467773438,1465.2831420898438,40.633544921875,42.6798095703125
IMG_0038.mp4,692,23.089733333333335,29.97002997002997,406,2,traffic_signs,0.8497563004493713,2092.281494140625,1527.189208984375,2125.044921875,1564.9171142578125,2108.6632080078125,1546.0531616210938,32.763427734375,37.7279052734375
IMG_0038.mp4,692,23.089733333333335,29.97002997002997,453,2,traffic_signs,0.897767961025238,1715.2197265625,1482.1876220703125,1759.126953125,1529.14404296875,1737.17333984375,1505.6658325195312,43.9072265625,46.9564208984375
IMG_0038.mp4,692,23.089733333333335,29.97002997002997,472,2,traffic_signs,0.8464964628219604,1448.893798828125,1523.8233642578125,1503.220703125,1597.177978515625,1476.0572509765625,1560.5006713867188,54.326904296875,73.3546142578125
IMG_0038.mp4,692,23.089733333333335,29.97002997002997,517,2,traffic_signs,0.7980950474739075,1422.960205078125,1330.907470703125,1518.39404296875,1458.580322265625,1470.6771240234375,1394.743896484375,95.433837890625,127.6728515625
IMG_0038.mp4,692,23.089733333333335,29.97002997002997,454,2,traffic_signs,0.9006562829017639,1258.497314453125,1332.9937744140625,1298.9871826171875,1421.76904296875,1278.7422485351562,1377.3814086914062,40.4898681640625,88.7752685546875
IMG_0038.mp4,692,23.089733333333335,29.97002997002997,529,2,traffic_signs,0.8805769085884094,931.14599609375,1446.0257568359375,960.458251953125,1498.269287109375,945.8021240234375,1472.1475219726562,29.312255859375,52.2435302734375
IMG_0038.mp4,692,23.089733333333335,29.97002997002997,522,2,traffic_signs,0.8024253845214844,941.3119506835938,1402.0389404296875,968.8748168945312,1444.9940185546875,955.0933837890625,1423.5164794921875,27.5628662109375,42.955078125
IMG_0038.mp4,693,23.1231,29.97002997002997,552,2,traffic_signs,0.7879341244697571,974.4463500976562,1443.606201171875,1011.649169921875,1485.335205078125,993.0477600097656,1464.470703125,37.20281982421875,41.72900390625
IMG_0038.mp4,693,23.1231,29.97002997002997,406,2,traffic_signs,0.8571624755859375,2088.3759765625,1526.889892578125,2121.126220703125,1564.2891845703125,2104.7510986328125,1545.5895385742188,32.750244140625,37.3992919921875
IMG_0038.mp4,693,23.1231,29.97002997002997,453,2,traffic_signs,0.8853970766067505,1709.5343017578125,1481.311767578125,1753.570068359375,1528.2484130859375,1731.5521850585938,1504.7800903320312,44.0357666015625,46.9366455078125
IMG_0038.mp4,693,23.1231,29.97002997002997,572,2,traffic_signs,0.6443418264389038,1437.5,1599.6036376953125,1466.081298828125,1693.687255859375,1451.7906494140625,1646.6454467773438,28.581298828125,94.0836181640625
IMG_0038.mp4,693,23.1231,29.97002997002997,573,2,traffic_signs,0.5985847115516663,1467.6727294921875,1453.204345703125,1485.4752197265625,1508.3375244140625,1476.573974609375,1480.7709350585938,17.802490234375,55.1331787109375
IMG_0038.mp4,693,23.1231,29.97002997002997,472,2,traffic_signs,0.8673049211502075,1441.2994384765625,1522.3338623046875,1495.2391357421875,1597.583984375,1468.269287109375,1559.9589233398438,53.939697265625,75.2501220703125
IMG_0038.mp4,693,23.1231,29.97002997002997,517,2,traffic_signs,0.8528193831443787,1411.4017333984375,1328.2196044921875,1509.760009765625,1450.409912109375,1460.5808715820312,1389.3147583007812,98.3582763671875,122.1903076171875
IMG_0038.mp4,693,23.1231,29.97002997002997,454,2,traffic_signs,0.896641731262207,1247.5323486328125,1328.9259033203125,1287.365966796875,1420.3038330078125,1267.4491577148438,1374.6148681640625,39.8336181640625,91.3779296875
IMG_0038.mp4,693,23.1231,29.97002997002997,529,2,traffic_signs,0.8347249031066895,921.5333862304688,1446.857666015625,948.4462280273438,1496.7730712890625,934.9898071289062,1471.8153686523438,26.912841796875,49.9154052734375
IMG_0038.mp4,693,23.1231,29.97002997002997,522,2,traffic_signs,0.860726535320282,932.6325073242188,1402.3204345703125,958.4190063476562,1445.7672119140625,945.5257568359375,1424.0438232421875,25.7864990234375,43.44677734375
IMG_0038.mp4,694,23.156466666666667,29.97002997002997,552,2,traffic_signs,0.8331610560417175,966.6712646484375,1442.9971923828125,1002.445556640625,1484.7906494140625,984.5584106445312,1463.8939208984375,35.7742919921875,41.79345703125
IMG_0038.mp4,694,23.156466666666667,29.97002997002997,406,2,traffic_signs,0.8425090312957764,2084.96044921875,1526.786865234375,2117.627685546875,1564.9351806640625,2101.2940673828125,1545.8610229492188,32.667236328125,38.1483154296875
IMG_0038.mp4,694,23.156466666666667,29.97002997002997,453,2,traffic_signs,0.9123478531837463,1704.976806640625,1480.520751953125,1747.991455078125,1528.11181640625,1726.484130859375,1504.3162841796875,43.0146484375,47.591064453125
IMG_0038.mp4,694,23.156466666666667,29.97002997002997,572,2,traffic_signs,0.38549235463142395,1428.313232421875,1592.2188720703125,1459.26611328125,1693.31396484375,1443.7896728515625,1642.7664184570312,30.952880859375,101.0950927734375
IMG_0038.mp4,694,23.156466666666667,29.97002997002997,573,2,traffic_signs,0.7120642066001892,1461.5809326171875,1450.2852783203125,1479.3822021484375,1504.96875,1470.4815673828125,1477.6270141601562,17.80126953125,54.6834716796875
IMG_0038.mp4,694,23.156466666666667,29.97002997002997,472,2,traffic_signs,0.5466039180755615,1430.7574462890625,1521.896484375,1487.828857421875,1598.530517578125,1459.2931518554688,1560.2135009765625,57.0714111328125,76.634033203125
IMG_0038.mp4,694,23.156466666666667,29.97002997002997,517,2,traffic_signs,0.8728312849998474,1397.9237060546875,1325.29345703125,1499.2933349609375,1447.772216796875,1448.6085205078125,1386.5328369140625,101.36962890625,122.478759765625
IMG_0038.mp4,694,23.156466666666667,29.97002997002997,454,2,traffic_signs,0.9045435190200806,1234.13525390625,1325.722900390625,1276.615234375,1418.3028564453125,1255.375244140625,1372.0128784179688,42.47998046875,92.5799560546875
IMG_0038.mp4,694,23.156466666666667,29.97002997002997,529,2,traffic_signs,0.8716593980789185,910.8613891601562,1446.302734375,936.9225463867188,1495.66015625,923.8919677734375,1470.9814453125,26.0611572265625,49.357421875
IMG_0038.mp4,694,23.156466666666667,29.97002997002997,522,2,traffic_signs,0.7740921378135681,921.90478515625,1400.2840576171875,948.1867065429688,1446.2313232421875,935.0457458496094,1423.2576904296875,26.28192138671875,45.947265625
IMG_0038.mp4,694,23.156466666666667,29.97002997002997,577,2,traffic_signs,0.5908010601997375,2105.73681640625,1476.059326171875,2127.994873046875,1522.28271484375,2116.8658447265625,1499.1710205078125,22.258056640625,46.223388671875
IMG_0038.mp4,695,23.189833333333333,29.97002997002997,552,2,traffic_signs,0.8264088034629822,957.4664306640625,1441.9344482421875,992.5209350585938,1484.403076171875,974.9936828613281,1463.1687622070312,35.05450439453125,42.4686279296875
IMG_0038.mp4,695,23.189833333333333,29.97002997002997,406,2,traffic_signs,0.8274922966957092,2082.258056640625,1526.8392333984375,2113.740234375,1564.73876953125,2097.9991455078125,1545.7890014648438,31.482177734375,37.8995361328125
IMG_0038.mp4,695,23.189833333333333,29.97002997002997,453,2,traffic_signs,0.9095545411109924,1700.19775390625,1479.9520263671875,1742.8128662109375,1527.2626953125,1721.5053100585938,1503.6073608398438,42.6151123046875,47.3106689453125
IMG_0038.mp4,695,23.189833333333333,29.97002997002997,573,2,traffic_signs,0.5034012198448181,1451.7076416015625,1452.529541015625,1470.6107177734375,1506.884521484375,1461.1591796875,1479.70703125,18.903076171875,54.35498046875
IMG_0038.mp4,695,23.189833333333333,29.97002997002997,472,2,traffic_signs,0.8800362944602966,1419.8287353515625,1521.358154296875,1478.119873046875,1598.6988525390625,1448.9743041992188,1560.0285034179688,58.2911376953125,77.3406982421875
IMG_0038.mp4,695,23.189833333333333,29.97002997002997,517,2,traffic_signs,0.8701492547988892,1388.2493896484375,1321.19970703125,1489.4034423828125,1445.246826171875,1438.826416015625,1383.2232666015625,101.154052734375,124.047119140625
IMG_0038.mp4,695,23.189833333333333,29.97002997002997,454,2,traffic_signs,0.8923884630203247,1222.147216796875,1322.205322265625,1264.9786376953125,1415.79150390625,1243.5629272460938,1368.9984130859375,42.8314208984375,93.586181640625
IMG_0038.mp4,695,23.189833333333333,29.97002997002997,529,2,traffic_signs,0.5383459329605103,899.322265625,1444.8194580078125,926.942138671875,1494.4156494140625,913.1322021484375,1469.6175537109375,27.619873046875,49.59619140625
IMG_0038.mp4,695,23.189833333333333,29.97002997002997,522,2,traffic_signs,0.7874070405960083,912.2747802734375,1398.4598388671875,937.9042358398438,1443.9483642578125,925.0895080566406,1421.2041015625,25.62945556640625,45.488525390625
IMG_0038.mp4,695,23.189833333333333,29.97002997002997,577,2,traffic_signs,0.3728693127632141,2103.04638671875,1476.4722900390625,2123.90380859375,1523.008056640625,2113.47509765625,1499.7401733398438,20.857421875,46.5357666015625
IMG_0038.mp4,695,23.189833333333333,29.97002997002997,578,2,traffic_signs,0.895531952381134,105.68476867675781,1381.29345703125,152.91539001464844,1428.2169189453125,129.30007934570312,1404.7551879882812,47.230621337890625,46.9234619140625
IMG_0038.mp4,696,23.223200000000002,29.97002997002997,552,2,traffic_signs,0.7941229939460754,947.3529052734375,1441.245361328125,984.130126953125,1484.293701171875,965.7415161132812,1462.76953125,36.7772216796875,43.04833984375
IMG_0038.mp4,696,23.223200000000002,29.97002997002997,406,2,traffic_signs,0.8087992072105408,2079.21240234375,1525.9971923828125,2110.17626953125,1563.170654296875,2094.6943359375,1544.5839233398438,30.9638671875,37.1734619140625
IMG_0038.mp4,696,23.223200000000002,29.97002997002997,453,2,traffic_signs,0.8968676924705505,1695.431396484375,1479.61767578125,1740.9970703125,1525.4173583984375,1718.2142333984375,1502.5175170898438,45.565673828125,45.7996826171875
IMG_0038.mp4,696,23.223200000000002,29.97002997002997,573,2,traffic_signs,0.6521458029747009,1444.8291015625,1451.1634521484375,1464.057373046875,1503.0516357421875,1454.4432373046875,1477.1075439453125,19.228271484375,51.88818359375
IMG_0038.mp4,696,23.223200000000002,29.97002997002997,472,2,traffic_signs,0.7013424634933472,1411.751708984375,1520.3544921875,1470.624755859375,1598.6788330078125,1441.188232421875,1559.5166625976562,58.873046875,78.3243408203125
IMG_0038.mp4,696,23.223200000000002,29.97002997002997,517,2,traffic_signs,0.8673375844955444,1375.871337890625,1316.7994384765625,1480.7371826171875,1443.243408203125,1428.3042602539062,1380.0214233398438,104.8658447265625,126.4439697265625
IMG_0038.mp4,696,23.223200000000002,29.97002997002997,454,2,traffic_signs,0.8992775082588196,1209.2681884765625,1318.5858154296875,1254.25,1414.085205078125,1231.7590942382812,1366.3355102539062,44.9818115234375,95.4993896484375
IMG_0038.mp4,696,23.223200000000002,29.97002997002997,529,2,traffic_signs,0.8320111036300659,888.5807495117188,1444.8079833984375,916.4124755859375,1492.6802978515625,902.4966125488281,1468.744140625,27.83172607421875,47.872314453125
IMG_0038.mp4,696,23.223200000000002,29.97002997002997,522,2,traffic_signs,0.8144401907920837,901.9884643554688,1396.8492431640625,928.11328125,1443.412841796875,915.0508728027344,1420.1310424804688,26.12481689453125,46.5635986328125
IMG_0038.mp4,696,23.223200000000002,29.97002997002997,578,2,traffic_signs,0.8928098082542419,89.29032897949219,1377.90625,138.15615844726562,1424.841796875,113.7232437133789,1401.3740234375,48.86582946777344,46.935546875
IMG_0038.mp4,696,23.223200000000002,29.97002997002997,572,2,traffic_signs,0.4062446653842926,1413.8736572265625,1591.924560546875,1443.338623046875,1695.1007080078125,1428.6061401367188,1643.5126342773438,29.4649658203125,103.1761474609375
IMG_0038.mp4,697,23.256566666666668,29.97002997002997,552,2,traffic_signs,0.7672327160835266,938.8634033203125,1440.20263671875,975.4494018554688,1483.1251220703125,957.1564025878906,1461.6638793945312,36.58599853515625,42.9224853515625
IMG_0038.mp4,697,23.256566666666668,29.97002997002997,453,2,traffic_signs,0.8848404884338379,1690.371826171875,1480.0343017578125,1735.40576171875,1523.71923828125,1712.8887939453125,1501.8767700195312,45.033935546875,43.6849365234375
IMG_0038.mp4,697,23.256566666666668,29.97002997002997,573,2,traffic_signs,0.4966922700405121,1437.10986328125,1444.821044921875,1458.623291015625,1499.042724609375,1447.8665771484375,1471.931884765625,21.513427734375,54.2216796875
IMG_0038.mp4,697,23.256566666666668,29.97002997002997,472,2,traffic_signs,0.7822666764259338,1403.3797607421875,1518.811279296875,1463.7320556640625,1599.247314453125,1433.555908203125,1559.029296875,60.352294921875,80.43603515625
IMG_0038.mp4,697,23.256566666666668,29.97002997002997,517,2,traffic_signs,0.8337570428848267,1364.2340087890625,1310.8658447265625,1470.7388916015625,1442.1942138671875,1417.4864501953125,1376.530029296875,106.5048828125,131.328369140625
IMG_0038.mp4,697,23.256566666666668,29.97002997002997,454,2,traffic_signs,0.5942723751068115,1198.985595703125,1315.478759765625,1243.1326904296875,1412.6474609375,1221.0591430664062,1364.0631103515625,44.1470947265625,97.168701171875
IMG_0038.mp4,697,23.256566666666668,29.97002997002997,529,2,traffic_signs,0.8147017359733582,877.7515258789062,1443.3216552734375,907.0615844726562,1490.3707275390625,892.4065551757812,1466.84619140625,29.31005859375,47.049072265625
IMG_0038.mp4,697,23.256566666666668,29.97002997002997,522,2,traffic_signs,0.7556816935539246,891.5361328125,1395.7030029296875,918.8982543945312,1443.344482421875,905.2171936035156,1419.5237426757812,27.36212158203125,47.6414794921875
IMG_0038.mp4,697,23.256566666666668,29.97002997002997,578,2,traffic_signs,0.63704514503479,71.75157165527344,1375.292724609375,121.36962127685547,1425.27392578125,96.56059646606445,1400.2833251953125,49.61804962158203,49.981201171875
IMG_0038.mp4,697,23.256566666666668,29.97002997002997,572,2,traffic_signs,0.29985377192497253,1403.9093017578125,1596.0,1434.96484375,1692.48291015625,1419.4370727539062,1644.241455078125,31.0555419921875,96.48291015625
IMG_0038.mp4,698,23.289933333333334,29.97002997002997,552,2,traffic_signs,0.8229692578315735,929.77294921875,1437.9901123046875,969.5169067382812,1483.560791015625,949.6449279785156,1460.7754516601562,39.74395751953125,45.5706787109375
IMG_0038.mp4,698,23.289933333333334,29.97002997002997,453,2,traffic_signs,0.9023485779762268,1685.869384765625,1478.574951171875,1728.2864990234375,1524.763916015625,1707.0779418945312,1501.66943359375,42.4171142578125,46.18896484375
IMG_0038.mp4,698,23.289933333333334,29.97002997002997,573,2,traffic_signs,0.28385457396507263,1431.3426513671875,1444.3450927734375,1453.138671875,1496.9725341796875,1442.2406616210938,1470.6588134765625,21.7960205078125,52.62744140625
IMG_0038.mp4,698,23.289933333333334,29.97002997002997,472,2,traffic_signs,0.8301860094070435,1395.5496826171875,1517.3846435546875,1457.37890625,1601.8486328125,1426.4642944335938,1559.6166381835938,61.8292236328125,84.4639892578125
IMG_0038.mp4,698,23.289933333333334,29.97002997002997,517,2,traffic_signs,0.7792880535125732,1352.1322021484375,1305.642822265625,1458.7977294921875,1440.27734375,1405.4649658203125,1372.9600830078125,106.66552734375,134.634521484375
IMG_0038.mp4,698,23.289933333333334,29.97002997002997,454,2,traffic_signs,0.905065655708313,1186.91162109375,1313.0609130859375,1232.7828369140625,1409.159423828125,1209.8472290039062,1361.1101684570312,45.8712158203125,96.0985107421875
IMG_0038.mp4,698,23.289933333333334,29.97002997002997,529,2,traffic_signs,0.8416267037391663,869.1077880859375,1441.195556640625,898.4169311523438,1489.6728515625,883.7623596191406,1465.4342041015625,29.30914306640625,48.477294921875
IMG_0038.mp4,698,23.289933333333334,29.97002997002997,522,2,traffic_signs,0.708725094795227,882.2612915039062,1394.169921875,910.0308227539062,1442.75634765625,896.1460571289062,1418.463134765625,27.76953125,48.58642578125
IMG_0038.mp4,698,23.289933333333334,29.97002997002997,578,2,traffic_signs,0.8040368556976318,53.951026916503906,1372.64208984375,105.3854751586914,1424.6263427734375,79.66825103759766,1398.6342163085938,51.4344482421875,51.9842529296875
IMG_0038.mp4,698,23.289933333333334,29.97002997002997,572,2,traffic_signs,0.6195594072341919,1394.7078857421875,1613.531494140625,1423.139892578125,1694.57177734375,1408.9238891601562,1654.0516357421875,28.4320068359375,81.040283203125
IMG_0038.mp4,698,23.289933333333334,29.97002997002997,577,2,traffic_signs,0.4222233295440674,2092.239013671875,1476.15625,2114.478515625,1528.070068359375,2103.3587646484375,1502.1131591796875,22.239501953125,51.913818359375
IMG_0038.mp4,698,23.289933333333334,29.97002997002997,406,2,traffic_signs,0.47318336367607117,2072.81494140625,1525.355224609375,2104.7412109375,1563.8026123046875,2088.778076171875,1544.5789184570312,31.92626953125,38.4473876953125
IMG_0038.mp4,699,23.3233,29.97002997002997,552,2,traffic_signs,0.8146764636039734,922.8233032226562,1437.0439453125,961.9326171875,1481.7806396484375,942.3779602050781,1459.4122924804688,39.10931396484375,44.7366943359375
IMG_0038.mp4,699,23.3233,29.97002997002997,453,2,traffic_signs,0.9035808444023132,1681.569091796875,1475.36328125,1725.769775390625,1525.5255126953125,1703.66943359375,1500.4443969726562,44.20068359375,50.1622314453125
IMG_0038.mp4,699,23.3233,29.97002997002997,573,2,traffic_signs,0.6290420889854431,1425.8101806640625,1443.5699462890625,1448.16845703125,1496.1463623046875,1436.9893188476562,1469.858154296875,22.3582763671875,52.576416015625
IMG_0038.mp4,699,23.3233,29.97002997002997,472,2,traffic_signs,0.8507577776908875,1388.9246826171875,1515.9813232421875,1451.8350830078125,1605.8673095703125,1420.3798828125,1560.92431640625,62.910400390625,89.885986328125
IMG_0038.mp4,699,23.3233,29.97002997002997,454,2,traffic_signs,0.5676553249359131,1176.3861083984375,1309.8436279296875,1222.814453125,1406.8909912109375,1199.6002807617188,1358.3673095703125,46.4283447265625,97.04736328125
IMG_0038.mp4,699,23.3233,29.97002997002997,529,2,traffic_signs,0.8587638735771179,861.0646362304688,1440.05810546875,888.740478515625,1488.20703125,874.9025573730469,1464.132568359375,27.67584228515625,48.14892578125
IMG_0038.mp4,699,23.3233,29.97002997002997,522,2,traffic_signs,0.6850565075874329,874.8165283203125,1392.505859375,902.7153930664062,1441.416748046875,888.7659606933594,1416.9613037109375,27.89886474609375,48.910888671875
IMG_0038.mp4,699,23.3233,29.97002997002997,578,2,traffic_signs,0.7878552079200745,39.69864273071289,1370.67919921875,92.55010223388672,1421.209228515625,66.1243724822998,1395.9442138671875,52.85145950317383,50.530029296875
IMG_0038.mp4,699,23.3233,29.97002997002997,406,2,traffic_signs,0.8657350540161133,2070.518310546875,1525.2296142578125,2102.09814453125,1563.782470703125,2086.3082275390625,1544.5060424804688,31.579833984375,38.5528564453125
IMG_0038.mp4,700,23.356666666666666,29.97002997002997,552,2,traffic_signs,0.7998642921447754,915.051025390625,1435.6656494140625,951.7125854492188,1479.262451171875,933.3818054199219,1457.4640502929688,36.66156005859375,43.5968017578125
IMG_0038.mp4,700,23.356666666666666,29.97002997002997,453,2,traffic_signs,0.9232949018478394,1676.2645263671875,1473.5369873046875,1721.500732421875,1525.62841796875,1698.8826293945312,1499.5827026367188,45.2362060546875,52.0914306640625
IMG_0038.mp4,700,23.356666666666666,29.97002997002997,454,2,traffic_signs,0.9263573884963989,1165.224365234375,1304.3192138671875,1212.2825927734375,1402.8763427734375,1188.7534790039062,1353.5977783203125,47.0582275390625,98.55712890625
IMG_0038.mp4,700,23.356666666666666,29.97002997002997,529,2,traffic_signs,0.48724234104156494,850.828125,1437.7822265625,882.0833129882812,1488.1806640625,866.4557189941406,1462.9814453125,31.25518798828125,50.3984375
IMG_0038.mp4,700,23.356666666666666,29.97002997002997,578,2,traffic_signs,0.7715210318565369,21.9769287109375,1368.51416015625,76.36820983886719,1417.175048828125,49.172569274902344,1392.8446044921875,54.39128112792969,48.660888671875
IMG_0038.mp4,700,23.356666666666666,29.97002997002997,406,2,traffic_signs,0.8672240376472473,2068.0029296875,1524.5172119140625,2099.46337890625,1563.739013671875,2083.733154296875,1544.1281127929688,31.46044921875,39.2218017578125
IMG_0038.mp4,701,23.390033333333335,29.97002997002997,552,2,traffic_signs,0.5997090339660645,906.6410522460938,1433.665283203125,946.0011596679688,1475.6429443359375,926.3211059570312,1454.6541137695312,39.360107421875,41.9776611328125
IMG_0038.mp4,701,23.390033333333335,29.97002997002997,453,2,traffic_signs,0.9051809906959534,1671.56689453125,1472.4747314453125,1717.3458251953125,1524.23046875,1694.4563598632812,1498.3526000976562,45.7789306640625,51.7557373046875
IMG_0038.mp4,701,23.390033333333335,29.97002997002997,529,2,traffic_signs,0.8070264458656311,841.9237060546875,1437.03076171875,873.1956787109375,1484.986572265625,857.5596923828125,1461.0086669921875,31.27197265625,47.955810546875
IMG_0038.mp4,701,23.390033333333335,29.97002997002997,578,2,traffic_signs,0.8867946267127991,7.485696315765381,1365.0111083984375,62.46702194213867,1413.6197509765625,34.976359128952026,1389.3154296875,54.98132562637329,48.608642578125
IMG_0038.mp4,701,23.390033333333335,29.97002997002997,406,2,traffic_signs,0.8565710186958313,2065.704345703125,1523.9722900390625,2097.392333984375,1562.857666015625,2081.54833984375,1543.4149780273438,31.68798828125,38.8853759765625
IMG_0038.mp4,701,23.390033333333335,29.97002997002997,573,2,traffic_signs,0.7077096104621887,1415.103271484375,1438.056396484375,1435.71484375,1490.9854736328125,1425.4090576171875,1464.5209350585938,20.611572265625,52.9290771484375
IMG_0038.mp4,701,23.390033333333335,29.97002997002997,472,2,traffic_signs,0.5038558840751648,1377.47705078125,1514.490966796875,1436.421875,1595.285400390625,1406.949462890625,1554.88818359375,58.94482421875,80.79443359375
IMG_0038.mp4,702,23.4234,29.97002997002997,552,2,traffic_signs,0.25572144985198975,898.397705078125,1431.168212890625,939.310791015625,1472.7174072265625,918.854248046875,1451.9428100585938,40.9130859375,41.5491943359375
IMG_0038.mp4,702,23.4234,29.97002997002997,453,2,traffic_signs,0.9035615921020508,1667.5523681640625,1471.605224609375,1714.4622802734375,1523.1572265625,1691.00732421875,1497.3812255859375,46.909912109375,51.552001953125
IMG_0038.mp4,702,23.4234,29.97002997002997,529,2,traffic_signs,0.5659177899360657,831.94140625,1434.0555419921875,864.3584594726562,1482.5281982421875,848.1499328613281,1458.2918701171875,32.41705322265625,48.47265625
IMG_0038.mp4,702,23.4234,29.97002997002997,406,2,traffic_signs,0.8472054600715637,2063.844482421875,1523.75,2095.876953125,1562.37841796875,2079.8607177734375,1543.064208984375,32.032470703125,38.62841796875
IMG_0038.mp4,702,23.4234,29.97002997002997,472,2,traffic_signs,0.45638373494148254,1366.82080078125,1512.5887451171875,1429.943115234375,1594.752685546875,1398.3819580078125,1553.6707153320312,63.122314453125,82.1639404296875
IMG_0038.mp4,702,23.4234,29.97002997002997,454,2,traffic_signs,0.9144287109375,1146.40771484375,1295.4425048828125,1191.7630615234375,1384.9989013671875,1169.0853881835938,1340.220703125,45.3553466796875,89.556396484375
IMG_0038.mp4,703,23.456766666666667,29.97002997002997,453,2,traffic_signs,0.9020564556121826,1663.8505859375,1470.9503173828125,1710.70751953125,1522.2952880859375,1687.279052734375,1496.622802734375,46.85693359375,51.344970703125
IMG_0038.mp4,703,23.456766666666667,29.97002997002997,529,2,traffic_signs,0.5995591282844543,821.8179931640625,1432.375,854.51171875,1480.9256591796875,838.1648559570312,1456.6503295898438,32.6937255859375,48.5506591796875
IMG_0038.mp4,703,23.456766666666667,29.97002997002997,406,2,traffic_signs,0.8451408743858337,2061.937744140625,1523.8250732421875,2094.5009765625,1562.6514892578125,2078.2193603515625,1543.23828125,32.563232421875,38.826416015625
IMG_0038.mp4,703,23.456766666666667,29.97002997002997,454,2,traffic_signs,0.9109998941421509,1137.51171875,1291.61572265625,1180.6085205078125,1375.7279052734375,1159.0601196289062,1333.6718139648438,43.0968017578125,84.1121826171875
IMG_0038.mp4,704,23.490133333333333,29.97002997002997,453,2,traffic_signs,0.9009169340133667,1659.8704833984375,1469.800048828125,1707.390869140625,1521.0540771484375,1683.6306762695312,1495.4270629882812,47.5203857421875,51.2540283203125
IMG_0038.mp4,704,23.490133333333333,29.97002997002997,529,2,traffic_signs,0.6578962802886963,812.6309204101562,1431.6199951171875,845.5281982421875,1480.8192138671875,829.0795593261719,1456.2196044921875,32.89727783203125,49.19921875
IMG_0038.mp4,704,23.490133333333333,29.97002997002997,406,2,traffic_signs,0.8395102620124817,2060.203125,1523.551513671875,2093.191650390625,1562.7154541015625,2076.6973876953125,1543.1334838867188,32.988525390625,39.1639404296875
IMG_0038.mp4,704,23.490133333333333,29.97002997002997,552,2,traffic_signs,0.7924183011054993,880.6035766601562,1427.585693359375,925.729248046875,1469.833251953125,903.1664123535156,1448.70947265625,45.12567138671875,42.24755859375
IMG_0038.mp4,704,23.490133333333333,29.97002997002997,472,2,traffic_signs,0.41861510276794434,1351.62939453125,1510.232177734375,1417.9569091796875,1591.557861328125,1384.7931518554688,1550.89501953125,66.3275146484375,81.32568359375
IMG_0038.mp4,705,23.523500000000002,29.97002997002997,453,2,traffic_signs,0.8512322902679443,1657.120849609375,1468.6251220703125,1703.9359130859375,1520.95458984375,1680.5283813476562,1494.7898559570312,46.8150634765625,52.3294677734375
IMG_0038.mp4,705,23.523500000000002,29.97002997002997,529,2,traffic_signs,0.8497786521911621,802.3760375976562,1427.86279296875,838.1757202148438,1479.167236328125,820.27587890625,1453.5150146484375,35.7996826171875,51.304443359375
IMG_0038.mp4,705,23.523500000000002,29.97002997002997,406,2,traffic_signs,0.8403521776199341,2058.703857421875,1523.20849609375,2092.150146484375,1562.5333251953125,2075.427001953125,1542.8709106445312,33.4462890625,39.3248291015625
IMG_0038.mp4,705,23.523500000000002,29.97002997002997,552,2,traffic_signs,0.8829367160797119,871.9388427734375,1426.6402587890625,919.2593383789062,1468.717041015625,895.5990905761719,1447.6786499023438,47.32049560546875,42.0767822265625
IMG_0038.mp4,705,23.523500000000002,29.97002997002997,522,2,traffic_signs,0.5246689319610596,815.1932373046875,1378.5882568359375,850.8740234375,1420.3067626953125,833.0336303710938,1399.447509765625,35.6807861328125,41.718505859375
IMG_0038.mp4,705,23.523500000000002,29.97002997002997,573,2,traffic_signs,0.6385467648506165,1394.275634765625,1435.9859619140625,1412.2178955078125,1489.986328125,1403.2467651367188,1462.9861450195312,17.9422607421875,54.0003662109375
IMG_0038.mp4,706,23.556866666666668,29.97002997002997,529,2,traffic_signs,0.8389265537261963,794.8079833984375,1425.45263671875,831.1106567382812,1478.093505859375,812.9593200683594,1451.7730712890625,36.30267333984375,52.640869140625
IMG_0038.mp4,706,23.556866666666668,29.97002997002997,406,2,traffic_signs,0.8249287605285645,2057.571044921875,1522.68115234375,2090.59912109375,1562.3994140625,2074.0850830078125,1542.540283203125,33.028076171875,39.71826171875
IMG_0038.mp4,706,23.556866666666668,29.97002997002997,454,2,traffic_signs,0.9286313056945801,1096.2393798828125,1289.6197509765625,1145.940185546875,1376.351318359375,1121.0897827148438,1332.9855346679688,49.7008056640625,86.7315673828125
IMG_0038.mp4,707,23.590233333333334,29.97002997002997,529,2,traffic_signs,0.83162522315979,784.5470581054688,1424.3009033203125,819.330078125,1478.8145751953125,801.9385681152344,1451.5577392578125,34.78302001953125,54.513671875
IMG_0038.mp4,707,23.590233333333334,29.97002997002997,406,2,traffic_signs,0.8231943249702454,2055.108154296875,1522.84033203125,2087.62744140625,1562.31103515625,2071.3677978515625,1542.57568359375,32.519287109375,39.470703125
IMG_0038.mp4,707,23.590233333333334,29.97002997002997,454,2,traffic_signs,0.9137396812438965,1081.170166015625,1278.4306640625,1136.2105712890625,1377.05810546875,1108.6903686523438,1327.744384765625,55.0404052734375,98.62744140625
IMG_0038.mp4,707,23.590233333333334,29.97002997002997,472,2,traffic_signs,0.4231419861316681,1330.6295166015625,1507.243896484375,1397.5135498046875,1599.520263671875,1364.071533203125,1553.382080078125,66.884033203125,92.2763671875
IMG_0038.mp4,707,23.590233333333334,29.97002997002997,552,2,traffic_signs,0.8496434688568115,858.4241333007812,1424.6024169921875,902.5090942382812,1468.07080078125,880.4666137695312,1446.3366088867188,44.0849609375,43.4683837890625
IMG_0038.mp4,707,23.590233333333334,29.97002997002997,573,2,traffic_signs,0.34869474172592163,1383.4957275390625,1434.7308349609375,1402.936279296875,1488.287109375,1393.2160034179688,1461.5089721679688,19.4405517578125,53.5562744140625
IMG_0038.mp4,708,23.6236,29.97002997002997,529,2,traffic_signs,0.7649216651916504,778.267333984375,1424.2115478515625,812.0607299804688,1473.882568359375,795.1640319824219,1449.0470581054688,33.79339599609375,49.6710205078125
IMG_0038.mp4,708,23.6236,29.97002997002997,406,2,traffic_signs,0.8454851508140564,2061.18115234375,1523.03466796875,2087.83837890625,1561.8251953125,2074.509765625,1542.429931640625,26.6572265625,38.79052734375
IMG_0038.mp4,708,23.6236,29.97002997002997,454,2,traffic_signs,0.9083987474441528,1071.2420654296875,1270.79248046875,1126.919189453125,1377.113525390625,1099.0806274414062,1323.9530029296875,55.6771240234375,106.321044921875
IMG_0038.mp4,708,23.6236,29.97002997002997,472,2,traffic_signs,0.8740083575248718,1324.270263671875,1505.8544921875,1391.592529296875,1596.309814453125,1357.931396484375,1551.0821533203125,67.322265625,90.455322265625
IMG_0038.mp4,708,23.6236,29.97002997002997,552,2,traffic_signs,0.8693602085113525,853.4685668945312,1423.0037841796875,895.075927734375,1468.19384765625,874.2722473144531,1445.5988159179688,41.60736083984375,45.1900634765625
IMG_0038.mp4,708,23.6236,29.97002997002997,573,2,traffic_signs,0.645251989364624,1378.6092529296875,1432.8853759765625,1397.2796630859375,1487.0550537109375,1387.9444580078125,1459.97021484375,18.67041015625,54.169677734375
IMG_0038.mp4,708,23.6236,29.97002997002997,517,2,traffic_signs,0.8816817998886108,1232.8856201171875,1243.914794921875,1361.5050048828125,1402.901611328125,1297.1953125,1323.408203125,128.619384765625,158.98681640625
IMG_0038.mp4,708,23.6236,29.97002997002997,572,2,traffic_signs,0.5191839933395386,1325.5150146484375,1600.4613037109375,1361.498779296875,1687.7730712890625,1343.5068969726562,1644.1171875,35.9837646484375,87.311767578125
IMG_0038.mp4,708,23.6236,29.97002997002997,453,2,traffic_signs,0.9015123248100281,1647.431396484375,1466.744384765625,1694.4842529296875,1520.2249755859375,1670.9578247070312,1493.4846801757812,47.0528564453125,53.4805908203125
IMG_0038.mp4,708,23.6236,29.97002997002997,522,2,traffic_signs,0.5685346722602844,792.0269775390625,1374.589599609375,825.16015625,1425.64111328125,808.5935668945312,1400.1153564453125,33.1331787109375,51.051513671875
IMG_0038.mp4,709,23.656966666666666,29.97002997002997,529,2,traffic_signs,0.44600433111190796,770.0411987304688,1425.4498291015625,801.5960693359375,1473.2587890625,785.8186340332031,1449.3543090820312,31.55487060546875,47.8089599609375
IMG_0038.mp4,709,23.656966666666666,29.97002997002997,406,2,traffic_signs,0.8536967039108276,2055.37353515625,1521.880859375,2085.83935546875,1560.86767578125,2070.6064453125,1541.374267578125,30.4658203125,38.98681640625
IMG_0038.mp4,709,23.656966666666666,29.97002997002997,454,2,traffic_signs,0.9166878461837769,1058.5460205078125,1266.1131591796875,1116.40380859375,1376.515869140625,1087.4749145507812,1321.3145141601562,57.8577880859375,110.4027099609375
IMG_0038.mp4,709,23.656966666666666,29.97002997002997,472,2,traffic_signs,0.9314271211624146,1316.7041015625,1504.703125,1385.821044921875,1592.8582763671875,1351.2625732421875,1548.7807006835938,69.116943359375,88.1551513671875
IMG_0038.mp4,709,23.656966666666666,29.97002997002997,552,2,traffic_signs,0.7785587310791016,848.4200439453125,1423.3912353515625,887.285888671875,1466.6617431640625,867.8529663085938,1445.0264892578125,38.8658447265625,43.2705078125
IMG_0038.mp4,709,23.656966666666666,29.97002997002997,573,2,traffic_signs,0.7104955315589905,1373.8851318359375,1431.07373046875,1392.241455078125,1486.773681640625,1383.0632934570312,1458.9237060546875,18.3563232421875,55.699951171875
IMG_0038.mp4,709,23.656966666666666,29.97002997002997,583,2,traffic_signs,0.6201158165931702,1221.1387939453125,1253.467529296875,1296.759521484375,1391.2626953125,1258.9491577148438,1322.3651123046875,75.6207275390625,137.795166015625
IMG_0038.mp4,709,23.656966666666666,29.97002997002997,517,2,traffic_signs,0.5977431535720825,1221.0640869140625,1245.311767578125,1352.3480224609375,1396.3543701171875,1286.7060546875,1320.8330688476562,131.283935546875,151.0426025390625
IMG_0038.mp4,709,23.656966666666666,29.97002997002997,572,2,traffic_signs,0.8002839088439941,1318.9393310546875,1603.4591064453125,1353.4404296875,1691.5963134765625,1336.1898803710938,1647.5277099609375,34.5010986328125,88.13720703125
IMG_0038.mp4,709,23.656966666666666,29.97002997002997,453,2,traffic_signs,0.8885104060173035,1644.4283447265625,1466.1925048828125,1691.2933349609375,1519.806884765625,1667.86083984375,1492.9996948242188,46.864990234375,53.6143798828125
IMG_0038.mp4,709,23.656966666666666,29.97002997002997,522,2,traffic_signs,0.8153131008148193,784.5597534179688,1372.928466796875,816.3526611328125,1424.0994873046875,800.4562072753906,1398.5139770507812,31.79290771484375,51.1710205078125
IMG_0038.mp4,710,23.690333333333335,29.97002997002997,529,2,traffic_signs,0.45898187160491943,759.3603515625,1425.42041015625,790.938720703125,1473.25634765625,775.1495361328125,1449.33837890625,31.578369140625,47.8359375
IMG_0038.mp4,710,23.690333333333335,29.97002997002997,406,2,traffic_signs,0.763047456741333,2052.13232421875,1520.92236328125,2083.40625,1560.7274169921875,2067.769287109375,1540.8248901367188,31.27392578125,39.8050537109375
IMG_0038.mp4,710,23.690333333333335,29.97002997002997,454,2,traffic_signs,0.9250978827476501,1043.82666015625,1261.7081298828125,1103.9302978515625,1372.6497802734375,1073.8784790039062,1317.178955078125,60.1036376953125,110.941650390625
IMG_0038.mp4,710,23.690333333333335,29.97002997002997,472,2,traffic_signs,0.8844072222709656,1308.8563232421875,1503.4700927734375,1377.18603515625,1588.5576171875,1343.0211791992188,1546.0138549804688,68.3297119140625,85.0875244140625
IMG_0038.mp4,710,23.690333333333335,29.97002997002997,552,2,traffic_signs,0.7968614101409912,839.6135864257812,1423.1793212890625,878.4808349609375,1466.7474365234375,859.0472106933594,1444.96337890625,38.86724853515625,43.568115234375
IMG_0038.mp4,710,23.690333333333335,29.97002997002997,573,2,traffic_signs,0.783438503742218,1368.7099609375,1430.9686279296875,1385.6849365234375,1487.255615234375,1377.1974487304688,1459.1121215820312,16.9749755859375,56.2869873046875
IMG_0038.mp4,710,23.690333333333335,29.97002997002997,517,2,traffic_signs,0.8936342597007751,1207.3116455078125,1241.4747314453125,1340.1429443359375,1393.4462890625,1273.727294921875,1317.4605102539062,132.831298828125,151.9715576171875
IMG_0038.mp4,710,23.690333333333335,29.97002997002997,572,2,traffic_signs,0.6556360125541687,1309.7847900390625,1590.5455322265625,1345.633544921875,1690.65771484375,1327.7091674804688,1640.6016235351562,35.8487548828125,100.1121826171875
IMG_0038.mp4,710,23.690333333333335,29.97002997002997,453,2,traffic_signs,0.8877308368682861,1640.82470703125,1464.9088134765625,1687.344970703125,1518.407958984375,1664.0848388671875,1491.6583862304688,46.520263671875,53.4991455078125
IMG_0038.mp4,710,23.690333333333335,29.97002997002997,522,2,traffic_signs,0.8420810699462891,772.0822143554688,1368.678955078125,806.62109375,1424.568359375,789.3516540527344,1396.6236572265625,34.53887939453125,55.889404296875
IMG_0038.mp4,711,23.7237,29.97002997002997,529,2,traffic_signs,0.677371084690094,750.2450561523438,1424.5438232421875,780.5623168945312,1472.64892578125,765.4036865234375,1448.5963745117188,30.3172607421875,48.1051025390625
IMG_0038.mp4,711,23.7237,29.97002997002997,406,2,traffic_signs,0.5335612297058105,2049.12060546875,1520.1854248046875,2082.29931640625,1560.43017578125,2065.7099609375,1540.3078002929688,33.1787109375,40.2447509765625
IMG_0038.mp4,711,23.7237,29.97002997002997,454,2,traffic_signs,0.9164307117462158,1029.404052734375,1256.3521728515625,1092.592529296875,1369.2808837890625,1060.998291015625,1312.8165283203125,63.1884765625,112.9287109375
IMG_0038.mp4,711,23.7237,29.97002997002997,472,2,traffic_signs,0.9037396311759949,1302.6402587890625,1501.7733154296875,1371.7733154296875,1587.4769287109375,1337.206787109375,1544.6251220703125,69.133056640625,85.70361328125
IMG_0038.mp4,711,23.7237,29.97002997002997,552,2,traffic_signs,0.8266258239746094,831.7568359375,1419.1375732421875,872.0651245117188,1465.9549560546875,851.9109802246094,1442.5462646484375,40.30828857421875,46.8173828125
IMG_0038.mp4,711,23.7237,29.97002997002997,573,2,traffic_signs,0.7817058563232422,1363.976318359375,1428.11083984375,1381.001708984375,1486.518310546875,1372.489013671875,1457.3145751953125,17.025390625,58.407470703125
IMG_0038.mp4,711,23.7237,29.97002997002997,517,2,traffic_signs,0.8377377390861511,1193.56396484375,1235.1546630859375,1328.094482421875,1386.77783203125,1260.8292236328125,1310.9662475585938,134.530517578125,151.6231689453125
IMG_0038.mp4,711,23.7237,29.97002997002997,572,2,traffic_signs,0.661803126335144,1303.15380859375,1583.6146240234375,1340.325927734375,1689.4974365234375,1321.7398681640625,1636.5560302734375,37.172119140625,105.8828125
IMG_0038.mp4,711,23.7237,29.97002997002997,453,2,traffic_signs,0.8968781232833862,1637.771240234375,1463.8577880859375,1684.4112548828125,1517.3568115234375,1661.0912475585938,1490.6072998046875,46.6400146484375,53.4990234375
IMG_0038.mp4,711,23.7237,29.97002997002997,522,2,traffic_signs,0.8746938705444336,765.2219848632812,1367.753662109375,798.3604736328125,1423.2515869140625,781.7912292480469,1395.5026245117188,33.13848876953125,55.4979248046875
IMG_0038.mp4,712,23.757066666666667,29.97002997002997,529,2,traffic_signs,0.8380470275878906,739.9502563476562,1421.4539794921875,772.26708984375,1471.9541015625,756.1086730957031,1446.7040405273438,32.31683349609375,50.5001220703125
IMG_0038.mp4,712,23.757066666666667,29.97002997002997,406,2,traffic_signs,0.721924364566803,2048.152587890625,1519.9083251953125,2081.97705078125,1560.46826171875,2065.0648193359375,1540.1882934570312,33.824462890625,40.5599365234375
IMG_0038.mp4,712,23.757066666666667,29.97002997002997,454,2,traffic_signs,0.932134747505188,1017.70556640625,1249.8360595703125,1081.5570068359375,1366.99658203125,1049.6312866210938,1308.4163208007812,63.8514404296875,117.1605224609375
IMG_0038.mp4,712,23.757066666666667,29.97002997002997,472,2,traffic_signs,0.9087231755256653,1295.17529296875,1500.8828125,1365.8543701171875,1586.001708984375,1330.5148315429688,1543.4422607421875,70.6790771484375,85.118896484375
IMG_0038.mp4,712,23.757066666666667,29.97002997002997,552,2,traffic_signs,0.8247905969619751,824.830322265625,1418.595703125,866.2713623046875,1465.1568603515625,845.5508422851562,1441.8762817382812,41.4410400390625,46.5611572265625
IMG_0038.mp4,712,23.757066666666667,29.97002997002997,573,2,traffic_signs,0.611679196357727,1358.5914306640625,1428.4046630859375,1375.947265625,1486.1490478515625,1367.2693481445312,1457.27685546875,17.3558349609375,57.744384765625
IMG_0038.mp4,712,23.757066666666667,29.97002997002997,517,2,traffic_signs,0.9133995771408081,1179.5352783203125,1229.075927734375,1317.4534912109375,1393.37109375,1248.494384765625,1311.2235107421875,137.918212890625,164.295166015625
IMG_0038.mp4,712,23.757066666666667,29.97002997002997,572,2,traffic_signs,0.462650865316391,1297.1873779296875,1588.294677734375,1335.0634765625,1687.21337890625,1316.1254272460938,1637.7540283203125,37.8760986328125,98.918701171875
IMG_0038.mp4,712,23.757066666666667,29.97002997002997,453,2,traffic_signs,0.8488499522209167,1634.5225830078125,1462.8399658203125,1681.621826171875,1516.41015625,1658.0722045898438,1489.6250610351562,47.0992431640625,53.5701904296875
IMG_0038.mp4,712,23.757066666666667,29.97002997002997,522,2,traffic_signs,0.8682426810264587,756.4661254882812,1366.2578125,790.24609375,1421.419189453125,773.3561096191406,1393.8385009765625,33.77996826171875,55.161376953125
IMG_0038.mp4,713,23.790433333333333,29.97002997002997,529,2,traffic_signs,0.7733193635940552,729.6503295898438,1421.0538330078125,763.2103881835938,1470.543701171875,746.4303588867188,1445.7987670898438,33.56005859375,49.4898681640625
IMG_0038.mp4,713,23.790433333333333,29.97002997002997,406,2,traffic_signs,0.8165877461433411,2045.8499755859375,1519.438232421875,2080.299072265625,1560.6181640625,2063.0745239257812,1540.0281982421875,34.4490966796875,41.179931640625
IMG_0038.mp4,713,23.790433333333333,29.97002997002997,454,2,traffic_signs,0.9277947545051575,1002.5103759765625,1244.373046875,1067.612548828125,1359.96240234375,1035.0614624023438,1302.167724609375,65.1021728515625,115.58935546875
IMG_0038.mp4,713,23.790433333333333,29.97002997002997,472,2,traffic_signs,0.9015668630599976,1286.6617431640625,1499.37890625,1357.4603271484375,1588.9957275390625,1322.06103515625,1544.1873168945312,70.798583984375,89.6168212890625
IMG_0038.mp4,713,23.790433333333333,29.97002997002997,552,2,traffic_signs,0.8240123391151428,815.5855712890625,1420.7874755859375,858.2779541015625,1464.44921875,836.9317626953125,1442.6183471679688,42.6923828125,43.6617431640625
IMG_0038.mp4,713,23.790433333333333,29.97002997002997,573,2,traffic_signs,0.8038081526756287,1351.5888671875,1424.3436279296875,1370.47802734375,1484.8741455078125,1361.033447265625,1454.60888671875,18.88916015625,60.530517578125
IMG_0038.mp4,713,23.790433333333333,29.97002997002997,517,2,traffic_signs,0.9068845510482788,1165.2237548828125,1223.2984619140625,1306.132080078125,1397.8397216796875,1235.6779174804688,1310.569091796875,140.9083251953125,174.541259765625
IMG_0038.mp4,713,23.790433333333333,29.97002997002997,572,2,traffic_signs,0.606770396232605,1287.5732421875,1594.00439453125,1324.791748046875,1685.8580322265625,1306.1824951171875,1639.9312133789062,37.218505859375,91.8536376953125
IMG_0038.mp4,713,23.790433333333333,29.97002997002997,453,2,traffic_signs,0.9022164344787598,1631.49853515625,1461.8406982421875,1677.6519775390625,1515.2943115234375,1654.5752563476562,1488.5675048828125,46.1534423828125,53.45361328125
IMG_0038.mp4,713,23.790433333333333,29.97002997002997,522,2,traffic_signs,0.8730309009552002,746.75390625,1364.7615966796875,780.4876098632812,1419.325439453125,763.6207580566406,1392.0435180664062,33.73370361328125,54.5638427734375
IMG_0038.mp4,714,23.823800000000002,29.97002997002997,529,2,traffic_signs,0.7980965971946716,720.5599365234375,1415.653076171875,757.6875610351562,1468.3953857421875,739.1237487792969,1442.0242309570312,37.12762451171875,52.7423095703125
IMG_0038.mp4,714,23.823800000000002,29.97002997002997,406,2,traffic_signs,0.8225595355033875,2045.1036376953125,1518.5897216796875,2079.824951171875,1560.6746826171875,2062.4642944335938,1539.6322021484375,34.7213134765625,42.0849609375
IMG_0038.mp4,714,23.823800000000002,29.97002997002997,454,2,traffic_signs,0.9248297214508057,989.7092895507812,1239.0689697265625,1055.86474609375,1354.61865234375,1022.7870178222656,1296.8438110351562,66.15545654296875,115.5496826171875
IMG_0038.mp4,714,23.823800000000002,29.97002997002997,472,2,traffic_signs,0.8782844543457031,1280.022705078125,1499.065185546875,1352.1143798828125,1589.37890625,1316.0685424804688,1544.2220458984375,72.0916748046875,90.313720703125
IMG_0038.mp4,714,23.823800000000002,29.97002997002997,552,2,traffic_signs,0.8694292306900024,809.0189819335938,1419.9119873046875,853.2977905273438,1462.1500244140625,831.1583862304688,1441.031005859375,44.27880859375,42.238037109375
IMG_0038.mp4,714,23.823800000000002,29.97002997002997,573,2,traffic_signs,0.8250564336776733,1347.3470458984375,1419.8466796875,1367.1256103515625,1483.5723876953125,1357.236328125,1451.7095336914062,19.778564453125,63.7257080078125
IMG_0038.mp4,714,23.823800000000002,29.97002997002997,517,2,traffic_signs,0.7223650813102722,1160.3662109375,1216.3863525390625,1293.910888671875,1403.24072265625,1227.1385498046875,1309.8135375976562,133.544677734375,186.8543701171875
IMG_0038.mp4,714,23.823800000000002,29.97002997002997,572,2,traffic_signs,0.669184148311615,1280.8804931640625,1590.114990234375,1317.6224365234375,1684.1136474609375,1299.25146484375,1637.1143188476562,36.741943359375,93.9986572265625
IMG_0038.mp4,714,23.823800000000002,29.97002997002997,453,2,traffic_signs,0.9062978029251099,1629.06787109375,1460.70751953125,1675.632080078125,1514.359130859375,1652.3499755859375,1487.5333251953125,46.564208984375,53.651611328125
IMG_0038.mp4,714,23.823800000000002,29.97002997002997,522,2,traffic_signs,0.7757773995399475,737.3858642578125,1362.6229248046875,772.2877197265625,1416.36962890625,754.8367919921875,1389.4962768554688,34.90185546875,53.7467041015625
IMG_0038.mp4,715,23.857166666666668,29.97002997002997,406,2,traffic_signs,0.817866325378418,2044.151611328125,1518.390625,2079.549560546875,1561.2705078125,2061.8505859375,1539.83056640625,35.39794921875,42.8798828125
IMG_0038.mp4,715,23.857166666666668,29.97002997002997,472,2,traffic_signs,0.8431719541549683,1271.8272705078125,1498.794921875,1345.454345703125,1588.7283935546875,1308.6408081054688,1543.7616577148438,73.6270751953125,89.9334716796875
IMG_0038.mp4,715,23.857166666666668,29.97002997002997,573,2,traffic_signs,0.7139923572540283,1342.9862060546875,1422.09716796875,1363.931884765625,1481.98876953125,1353.4590454101562,1452.04296875,20.9456787109375,59.8916015625
IMG_0038.mp4,715,23.857166666666668,29.97002997002997,453,2,traffic_signs,0.49910593032836914,1625.844482421875,1459.571044921875,1674.07763671875,1514.4522705078125,1649.9610595703125,1487.0116577148438,48.233154296875,54.8812255859375
IMG_0038.mp4,716,23.890533333333334,29.97002997002997,406,2,traffic_signs,0.8552819490432739,2043.7003173828125,1518.490234375,2078.0693359375,1560.9827880859375,2060.8848266601562,1539.7365112304688,34.3690185546875,42.4925537109375
IMG_0038.mp4,716,23.890533333333334,29.97002997002997,472,2,traffic_signs,0.843772828578949,1262.8038330078125,1497.914306640625,1339.8660888671875,1574.8795166015625,1301.3349609375,1536.3969116210938,77.062255859375,76.9652099609375
IMG_0038.mp4,716,23.890533333333334,29.97002997002997,453,2,traffic_signs,0.9022915363311768,1625.10595703125,1466.6458740234375,1671.3004150390625,1514.049072265625,1648.2031860351562,1490.3474731445312,46.1944580078125,47.4031982421875
IMG_0038.mp4,716,23.890533333333334,29.97002997002997,529,2,traffic_signs,0.8102374076843262,702.5281372070312,1414.9273681640625,739.7890625,1465.325439453125,721.1585998535156,1440.1264038085938,37.26092529296875,50.3980712890625
IMG_0038.mp4,716,23.890533333333334,29.97002997002997,454,2,traffic_signs,0.914242148399353,960.3773803710938,1228.216796875,1030.103271484375,1347.2626953125,995.2403259277344,1287.73974609375,69.72589111328125,119.0458984375
IMG_0038.mp4,716,23.890533333333334,29.97002997002997,552,2,traffic_signs,0.8426054120063782,796.8048095703125,1415.592529296875,840.0667114257812,1459.8509521484375,818.4357604980469,1437.7217407226562,43.26190185546875,44.2584228515625
IMG_0038.mp4,716,23.890533333333334,29.97002997002997,522,2,traffic_signs,0.8619526028633118,721.2261962890625,1359.048583984375,754.6427612304688,1412.735595703125,737.9344787597656,1385.89208984375,33.41656494140625,53.68701171875
IMG_0038.mp4,717,23.9239,29.97002997002997,472,2,traffic_signs,0.7797849774360657,1256.8902587890625,1494.5938720703125,1331.4124755859375,1578.890380859375,1294.1513671875,1536.7421264648438,74.522216796875,84.2965087890625
IMG_0038.mp4,717,23.9239,29.97002997002997,453,2,traffic_signs,0.9265441298484802,1620.5909423828125,1460.9278564453125,1669.269775390625,1513.266357421875,1644.9303588867188,1487.0971069335938,48.6788330078125,52.3385009765625
IMG_0038.mp4,717,23.9239,29.97002997002997,592,2,traffic_signs,0.47442886233329773,1107.7105712890625,1198.93603515625,1187.2767333984375,1349.18603515625,1147.49365234375,1274.06103515625,79.566162109375,150.25
IMG_0038.mp4,717,23.9239,29.97002997002997,529,2,traffic_signs,0.8705065250396729,692.9722900390625,1411.8070068359375,731.5167236328125,1464.293212890625,712.2445068359375,1438.0501098632812,38.54443359375,52.4862060546875
IMG_0038.mp4,717,23.9239,29.97002997002997,454,2,traffic_signs,0.9224947094917297,947.2518310546875,1221.289306640625,1018.4768676757812,1342.2666015625,982.8643493652344,1281.7779541015625,71.22503662109375,120.977294921875
IMG_0038.mp4,717,23.9239,29.97002997002997,552,2,traffic_signs,0.8590372800827026,791.252685546875,1412.754638671875,833.7007446289062,1459.4410400390625,812.4767150878906,1436.0978393554688,42.44805908203125,46.6864013671875
IMG_0038.mp4,717,23.9239,29.97002997002997,522,2,traffic_signs,0.8814859390258789,711.6240234375,1355.6705322265625,745.987060546875,1411.3157958984375,728.8055419921875,1383.4931640625,34.363037109375,55.645263671875
IMG_0038.mp4,717,23.9239,29.97002997002997,517,2,traffic_signs,0.8209538459777832,1108.213623046875,1195.512451171875,1257.124755859375,1365.88623046875,1182.669189453125,1280.6993408203125,148.9111328125,170.373779296875
IMG_0038.mp4,717,23.9239,29.97002997002997,573,2,traffic_signs,0.6106820106506348,1333.373291015625,1417.052490234375,1353.374755859375,1479.639404296875,1343.3740234375,1448.345947265625,20.00146484375,62.5869140625
IMG_0038.mp4,718,23.957266666666666,29.97002997002997,472,2,traffic_signs,0.9090093970298767,1251.6324462890625,1493.00146484375,1325.9737548828125,1580.6097412109375,1288.8031005859375,1536.8056030273438,74.34130859375,87.6082763671875
IMG_0038.mp4,718,23.957266666666666,29.97002997002997,453,2,traffic_signs,0.8993389010429382,1617.59326171875,1458.038818359375,1666.8660888671875,1512.49951171875,1642.2296752929688,1485.2691650390625,49.2728271484375,54.460693359375
IMG_0038.mp4,718,23.957266666666666,29.97002997002997,592,2,traffic_signs,0.41789308190345764,1092.94140625,1197.22705078125,1168.41015625,1345.181640625,1130.67578125,1271.204345703125,75.46875,147.95458984375
IMG_0038.mp4,718,23.957266666666666,29.97002997002997,529,2,traffic_signs,0.810090959072113,685.3408813476562,1409.6673583984375,722.7362670898438,1462.736572265625,704.03857421875,1436.2019653320312,37.3953857421875,53.0692138671875
IMG_0038.mp4,718,23.957266666666666,29.97002997002997,454,2,traffic_signs,0.9047788381576538,932.2088623046875,1214.81396484375,1004.8621826171875,1336.798583984375,968.5355224609375,1275.8062744140625,72.6533203125,121.984619140625
IMG_0038.mp4,718,23.957266666666666,29.97002997002997,552,2,traffic_signs,0.8749899864196777,783.7415771484375,1411.8472900390625,827.1166381835938,1458.0849609375,805.4291076660156,1434.9661254882812,43.37506103515625,46.2376708984375
IMG_0038.mp4,718,23.957266666666666,29.97002997002997,522,2,traffic_signs,0.8635336756706238,703.74365234375,1352.4884033203125,737.6681518554688,1409.4151611328125,720.7059020996094,1380.9517822265625,33.92449951171875,56.9267578125
IMG_0038.mp4,718,23.957266666666666,29.97002997002997,517,2,traffic_signs,0.9206482172012329,1089.2364501953125,1185.8857421875,1243.43115234375,1354.32177734375,1166.3338012695312,1270.103759765625,154.1947021484375,168.43603515625
IMG_0038.mp4,718,23.957266666666666,29.97002997002997,573,2,traffic_signs,0.8188785314559937,1328.2479248046875,1415.42626953125,1348.0501708984375,1479.1829833984375,1338.1490478515625,1447.3046264648438,19.80224609375,63.7567138671875
IMG_0038.mp4,718,23.957266666666666,29.97002997002997,406,2,traffic_signs,0.8017343878746033,2043.40771484375,1517.484130859375,2077.685302734375,1559.9478759765625,2060.5465087890625,1538.7160034179688,34.277587890625,42.4637451171875
IMG_0038.mp4,719,23.990633333333335,29.97002997002997,472,2,traffic_signs,0.9119532108306885,1244.418701171875,1491.6619873046875,1319.067138671875,1580.7449951171875,1281.742919921875,1536.2034912109375,74.6484375,89.0830078125
IMG_0038.mp4,719,23.990633333333335,29.97002997002997,453,2,traffic_signs,0.8859845399856567,1615.26611328125,1456.30517578125,1664.7568359375,1511.209228515625,1640.011474609375,1483.7572021484375,49.49072265625,54.904052734375
IMG_0038.mp4,719,23.990633333333335,29.97002997002997,529,2,traffic_signs,0.855836808681488,676.4356689453125,1407.3631591796875,715.5841674804688,1460.685791015625,696.0099182128906,1434.0244750976562,39.14849853515625,53.3226318359375
IMG_0038.mp4,719,23.990633333333335,29.97002997002997,454,2,traffic_signs,0.9085549712181091,916.1207885742188,1206.5242919921875,992.25732421875,1333.2945556640625,954.1890563964844,1269.909423828125,76.13653564453125,126.770263671875
IMG_0038.mp4,719,23.990633333333335,29.97002997002997,552,2,traffic_signs,0.8599046468734741,776.246826171875,1410.80615234375,819.849365234375,1457.159912109375,798.048095703125,1433.9830322265625,43.6025390625,46.353759765625
IMG_0038.mp4,719,23.990633333333335,29.97002997002997,522,2,traffic_signs,0.8255482316017151,692.4464721679688,1351.2357177734375,728.84619140625,1408.7686767578125,710.6463317871094,1380.002197265625,36.39971923828125,57.532958984375
IMG_0038.mp4,719,23.990633333333335,29.97002997002997,517,2,traffic_signs,0.9136565923690796,1071.97509765625,1168.4940185546875,1228.892578125,1356.33447265625,1150.433837890625,1262.4142456054688,156.91748046875,187.8404541015625
IMG_0038.mp4,719,23.990633333333335,29.97002997002997,573,2,traffic_signs,0.8224086165428162,1323.773193359375,1413.8641357421875,1343.39111328125,1480.1822509765625,1333.5821533203125,1447.023193359375,19.617919921875,66.318115234375
IMG_0038.mp4,719,23.990633333333335,29.97002997002997,406,2,traffic_signs,0.8209855556488037,2042.8509521484375,1517.162353515625,2077.68310546875,1559.9134521484375,2060.2670288085938,1538.5379028320312,34.8321533203125,42.7510986328125
IMG_0038.mp4,719,23.990633333333335,29.97002997002997,572,2,traffic_signs,0.727056086063385,1241.3582763671875,1596.6512451171875,1278.7923583984375,1698.3231201171875,1260.0753173828125,1647.4871826171875,37.43408203125,101.671875
IMG_0038.mp4,720,24.024,29.97002997002997,472,2,traffic_signs,0.8993420004844666,1238.62255859375,1489.8001708984375,1312.7852783203125,1581.41845703125,1275.7039184570312,1535.6093139648438,74.1627197265625,91.6182861328125
IMG_0038.mp4,720,24.024,29.97002997002997,453,2,traffic_signs,0.8729739189147949,1613.5562744140625,1455.4512939453125,1662.6900634765625,1510.3359375,1638.1231689453125,1482.8936157226562,49.1337890625,54.8846435546875
IMG_0038.mp4,720,24.024,29.97002997002997,529,2,traffic_signs,0.8425008058547974,668.85595703125,1406.977783203125,708.043701171875,1460.2554931640625,688.4498291015625,1433.6166381835938,39.187744140625,53.2777099609375
IMG_0038.mp4,720,24.024,29.97002997002997,454,2,traffic_signs,0.8964734077453613,900.8829345703125,1201.4598388671875,978.890869140625,1329.7828369140625,939.8869018554688,1265.621337890625,78.0079345703125,128.322998046875
IMG_0038.mp4,720,24.024,29.97002997002997,552,2,traffic_signs,0.8334720134735107,770.4095458984375,1409.498779296875,813.7391967773438,1456.164794921875,792.0743713378906,1432.831787109375,43.32965087890625,46.666015625
IMG_0038.mp4,720,24.024,29.97002997002997,522,2,traffic_signs,0.4996292293071747,683.7060546875,1349.7861328125,720.7113647460938,1410.39208984375,702.2087097167969,1380.089111328125,37.00531005859375,60.60595703125
IMG_0038.mp4,720,24.024,29.97002997002997,517,2,traffic_signs,0.8726972937583923,1058.1158447265625,1163.7332763671875,1217.185791015625,1371.429443359375,1137.6508178710938,1267.5813598632812,159.0699462890625,207.6961669921875
IMG_0038.mp4,720,24.024,29.97002997002997,573,2,traffic_signs,0.8077262043952942,1320.7845458984375,1413.4195556640625,1339.5057373046875,1478.1646728515625,1330.1451416015625,1445.7921142578125,18.72119140625,64.7451171875
IMG_0038.mp4,720,24.024,29.97002997002997,406,2,traffic_signs,0.8176456689834595,2042.6793212890625,1516.8233642578125,2078.03125,1560.1455078125,2060.3552856445312,1538.4844360351562,35.3519287109375,43.3221435546875
IMG_0038.mp4,720,24.024,29.97002997002997,572,2,traffic_signs,0.6637372970581055,1234.5958251953125,1591.7537841796875,1271.5830078125,1700.0589599609375,1253.0894165039062,1645.9063720703125,36.9871826171875,108.30517578125
IMG_0038.mp4,720,24.024,29.97002997002997,592,2,traffic_signs,0.4098919630050659,1060.081298828125,1175.4486083984375,1139.4346923828125,1335.2364501953125,1099.7579956054688,1255.342529296875,79.3533935546875,159.787841796875
IMG_0038.mp4,721,24.057366666666667,29.97002997002997,472,2,traffic_signs,0.898137629032135,1232.9918212890625,1489.140869140625,1306.9027099609375,1581.0513916015625,1269.947265625,1535.0961303710938,73.910888671875,91.9105224609375
IMG_0038.mp4,721,24.057366666666667,29.97002997002997,453,2,traffic_signs,0.8778449296951294,1611.427001953125,1454.9686279296875,1661.3670654296875,1509.79443359375,1636.3970336914062,1482.3815307617188,49.9400634765625,54.8258056640625
IMG_0038.mp4,721,24.057366666666667,29.97002997002997,529,2,traffic_signs,0.8597725033760071,659.892822265625,1404.9931640625,699.916015625,1458.7689208984375,679.9044189453125,1431.8810424804688,40.023193359375,53.7757568359375
IMG_0038.mp4,721,24.057366666666667,29.97002997002997,454,2,traffic_signs,0.9303964376449585,887.31494140625,1196.5750732421875,966.8098754882812,1325.5670166015625,927.0624084472656,1261.071044921875,79.49493408203125,128.991943359375
IMG_0038.mp4,721,24.057366666666667,29.97002997002997,552,2,traffic_signs,0.8631664514541626,764.763916015625,1408.871826171875,808.2918090820312,1455.9725341796875,786.5278625488281,1432.4221801757812,43.52789306640625,47.1007080078125
IMG_0038.mp4,721,24.057366666666667,29.97002997002997,522,2,traffic_signs,0.8548988699913025,677.9616088867188,1346.4783935546875,714.2954711914062,1405.0194091796875,696.1285400390625,1375.7489013671875,36.3338623046875,58.541015625
IMG_0038.mp4,721,24.057366666666667,29.97002997002997,573,2,traffic_signs,0.8181742429733276,1316.9111328125,1413.0118408203125,1335.4847412109375,1475.3330078125,1326.1979370117188,1444.1724243164062,18.5736083984375,62.3211669921875
IMG_0038.mp4,721,24.057366666666667,29.97002997002997,406,2,traffic_signs,0.8195347785949707,2042.7958984375,1516.8568115234375,2078.21923828125,1560.2669677734375,2060.507568359375,1538.5618896484375,35.42333984375,43.41015625
IMG_0038.mp4,721,24.057366666666667,29.97002997002997,572,2,traffic_signs,0.45741766691207886,1227.490234375,1588.1224365234375,1266.3592529296875,1700.514892578125,1246.9247436523438,1644.3186645507812,38.8690185546875,112.3924560546875
IMG_0038.mp4,721,24.057366666666667,29.97002997002997,593,2,traffic_signs,0.4016472399234772,1106.091064453125,1161.643798828125,1204.5543212890625,1327.42626953125,1155.3226928710938,1244.5350341796875,98.4632568359375,165.782470703125
IMG_0038.mp4,721,24.057366666666667,29.97002997002997,592,2,traffic_signs,0.6703512072563171,1043.449951171875,1170.2880859375,1116.34521484375,1324.9361572265625,1079.8975830078125,1247.6121215820312,72.895263671875,154.6480712890625
IMG_0038.mp4,722,24.090733333333333,29.97002997002997,472,2,traffic_signs,0.924211323261261,1225.6053466796875,1488.342041015625,1301.080810546875,1579.5633544921875,1263.3430786132812,1533.9526977539062,75.4754638671875,91.2213134765625
IMG_0038.mp4,722,24.090733333333333,29.97002997002997,453,2,traffic_signs,0.8592715263366699,1608.488525390625,1453.6790771484375,1658.9862060546875,1509.34765625,1633.7373657226562,1481.5133666992188,50.4976806640625,55.6685791015625
IMG_0038.mp4,722,24.090733333333333,29.97002997002997,529,2,traffic_signs,0.6175047159194946,651.2241821289062,1405.3665771484375,689.84130859375,1457.7216796875,670.5327453613281,1431.5441284179688,38.61712646484375,52.3551025390625
IMG_0038.mp4,722,24.090733333333333,29.97002997002997,454,2,traffic_signs,0.9272506833076477,871.6704711914062,1186.134033203125,952.8304443359375,1321.4212646484375,912.2504577636719,1253.7776489257812,81.15997314453125,135.2872314453125
IMG_0038.mp4,722,24.090733333333333,29.97002997002997,552,2,traffic_signs,0.8752114176750183,757.8241577148438,1407.746826171875,802.6043090820312,1454.572265625,780.2142333984375,1431.1595458984375,44.7801513671875,46.825439453125
IMG_0038.mp4,722,24.090733333333333,29.97002997002997,522,2,traffic_signs,0.811058759689331,669.3482055664062,1345.4400634765625,706.124755859375,1401.2962646484375,687.7364807128906,1373.3681640625,36.77655029296875,55.856201171875
IMG_0038.mp4,722,24.090733333333333,29.97002997002997,573,2,traffic_signs,0.8314072489738464,1312.095703125,1411.7489013671875,1331.6376953125,1476.251708984375,1321.86669921875,1444.0003051757812,19.5419921875,64.5028076171875
IMG_0038.mp4,722,24.090733333333333,29.97002997002997,406,2,traffic_signs,0.8055984377861023,2042.4744873046875,1516.5780029296875,2078.110107421875,1559.83935546875,2060.2922973632812,1538.2086791992188,35.6356201171875,43.2613525390625
IMG_0038.mp4,722,24.090733333333333,29.97002997002997,593,2,traffic_signs,0.6241852641105652,1093.723388671875,1153.9749755859375,1188.20361328125,1316.5078125,1140.9635009765625,1235.2413940429688,94.480224609375,162.5328369140625
IMG_0038.mp4,722,24.090733333333333,29.97002997002997,592,2,traffic_signs,0.643169105052948,1024.888671875,1159.78662109375,1102.04052734375,1311.34619140625,1063.464599609375,1235.56640625,77.15185546875,151.5595703125
IMG_0038.mp4,723,24.124100000000002,29.97002997002997,472,2,traffic_signs,0.9098905920982361,1218.9796142578125,1487.3428955078125,1295.7132568359375,1579.8170166015625,1257.346435546875,1533.5799560546875,76.733642578125,92.47412109375
IMG_0038.mp4,723,24.124100000000002,29.97002997002997,453,2,traffic_signs,0.7203586101531982,1607.6934814453125,1452.374755859375,1657.440185546875,1509.3043212890625,1632.5668334960938,1480.8395385742188,49.7467041015625,56.9295654296875
IMG_0038.mp4,723,24.124100000000002,29.97002997002997,529,2,traffic_signs,0.8369442224502563,643.802978515625,1404.785400390625,683.0693359375,1456.8184814453125,663.4361572265625,1430.8019409179688,39.266357421875,52.0330810546875
IMG_0038.mp4,723,24.124100000000002,29.97002997002997,454,2,traffic_signs,0.9100511074066162,856.0099487304688,1177.336181640625,939.5165405273438,1316.7740478515625,897.7632446289062,1247.0551147460938,83.506591796875,139.4378662109375
IMG_0038.mp4,723,24.124100000000002,29.97002997002997,552,2,traffic_signs,0.8377057909965515,751.4358520507812,1405.4735107421875,798.0343627929688,1454.12255859375,774.735107421875,1429.7980346679688,46.5985107421875,48.6490478515625
IMG_0038.mp4,723,24.124100000000002,29.97002997002997,522,2,traffic_signs,0.8118836879730225,660.19140625,1343.2711181640625,698.3117065429688,1401.37841796875,679.2515563964844,1372.3247680664062,38.12030029296875,58.1072998046875
IMG_0038.mp4,723,24.124100000000002,29.97002997002997,573,2,traffic_signs,0.7901207208633423,1307.521484375,1410.7242431640625,1327.4375,1476.10693359375,1317.4794921875,1443.4155883789062,19.916015625,65.3826904296875
IMG_0038.mp4,723,24.124100000000002,29.97002997002997,406,2,traffic_signs,0.7998597025871277,2042.8843994140625,1516.4840087890625,2078.619140625,1559.9537353515625,2060.7517700195312,1538.2188720703125,35.7347412109375,43.4697265625
IMG_0038.mp4,723,24.124100000000002,29.97002997002997,593,2,traffic_signs,0.3008418381214142,1074.4468994140625,1142.177001953125,1173.4061279296875,1309.3885498046875,1123.926513671875,1225.7827758789062,98.959228515625,167.2115478515625
IMG_0038.mp4,723,24.124100000000002,29.97002997002997,517,2,traffic_signs,0.7880032062530518,1019.35302734375,1136.30615234375,1174.9825439453125,1320.2344970703125,1097.1677856445312,1228.2703247070312,155.6295166015625,183.9283447265625
IMG_0038.mp4,724,24.157466666666668,29.97002997002997,472,2,traffic_signs,0.9213377833366394,1211.0672607421875,1485.179931640625,1290.292236328125,1579.30712890625,1250.6797485351562,1532.2435302734375,79.2249755859375,94.127197265625
IMG_0038.mp4,724,24.157466666666668,29.97002997002997,453,2,traffic_signs,0.8986985087394714,1605.706298828125,1451.51123046875,1654.9774169921875,1508.5631103515625,1630.3418579101562,1480.0371704101562,49.2711181640625,57.0518798828125
IMG_0038.mp4,724,24.157466666666668,29.97002997002997,529,2,traffic_signs,0.841255784034729,632.68017578125,1397.882080078125,675.2516479492188,1456.2003173828125,653.9659118652344,1427.0411987304688,42.57147216796875,58.3182373046875
IMG_0038.mp4,724,24.157466666666668,29.97002997002997,454,2,traffic_signs,0.878262460231781,837.7805786132812,1171.5474853515625,925.9539184570312,1311.3575439453125,881.8672485351562,1241.4525146484375,88.17333984375,139.81005859375
IMG_0038.mp4,724,24.157466666666668,29.97002997002997,552,2,traffic_signs,0.6942439675331116,744.9345703125,1404.9351806640625,791.0155029296875,1453.2000732421875,767.9750366210938,1429.067626953125,46.0809326171875,48.264892578125
IMG_0038.mp4,724,24.157466666666668,29.97002997002997,522,2,traffic_signs,0.7629745006561279,653.3353271484375,1342.7178955078125,689.30712890625,1399.07080078125,671.3212280273438,1370.8943481445312,35.9718017578125,56.3529052734375
IMG_0038.mp4,724,24.157466666666668,29.97002997002997,573,2,traffic_signs,0.8125197887420654,1302.884521484375,1409.829345703125,1323.5462646484375,1475.2626953125,1313.2153930664062,1442.5460205078125,20.6617431640625,65.433349609375
IMG_0038.mp4,724,24.157466666666668,29.97002997002997,406,2,traffic_signs,0.7982251048088074,2042.9976806640625,1516.5008544921875,2079.041015625,1560.1541748046875,2061.0193481445312,1538.3275146484375,36.0433349609375,43.6533203125
IMG_0038.mp4,724,24.157466666666668,29.97002997002997,593,2,traffic_signs,0.4091052711009979,1057.1358642578125,1131.1676025390625,1158.8970947265625,1302.5615234375,1108.0164794921875,1216.8645629882812,101.76123046875,171.3939208984375
IMG_0038.mp4,724,24.157466666666668,29.97002997002997,517,2,traffic_signs,0.3728286921977997,991.9563598632812,1124.245361328125,1159.22900390625,1305.769287109375,1075.5926818847656,1215.00732421875,167.27264404296875,181.52392578125
IMG_0038.mp4,725,24.190833333333334,29.97002997002997,472,2,traffic_signs,0.9235965609550476,1203.80615234375,1482.7275390625,1283.44970703125,1577.9376220703125,1243.6279296875,1530.3325805664062,79.6435546875,95.2100830078125
IMG_0038.mp4,725,24.190833333333334,29.97002997002997,453,2,traffic_signs,0.9015654921531677,1603.42236328125,1450.52587890625,1652.807861328125,1507.5404052734375,1628.1151123046875,1479.0331420898438,49.385498046875,57.0145263671875
IMG_0038.mp4,725,24.190833333333334,29.97002997002997,529,2,traffic_signs,0.8574897646903992,623.7461547851562,1396.789794921875,667.2896728515625,1455.66943359375,645.5179138183594,1426.2296142578125,43.54351806640625,58.879638671875
IMG_0038.mp4,725,24.190833333333334,29.97002997002997,454,2,traffic_signs,0.891459584236145,819.5042724609375,1165.421142578125,912.14111328125,1307.2034912109375,865.8226928710938,1236.3123168945312,92.6368408203125,141.7823486328125
IMG_0038.mp4,725,24.190833333333334,29.97002997002997,552,2,traffic_signs,0.8738459348678589,738.2708740234375,1403.20654296875,783.7686767578125,1451.94873046875,761.019775390625,1427.57763671875,45.497802734375,48.7421875
IMG_0038.mp4,725,24.190833333333334,29.97002997002997,522,2,traffic_signs,0.6305636167526245,643.7582397460938,1340.891845703125,682.091552734375,1397.64892578125,662.9248962402344,1369.2703857421875,38.33331298828125,56.757080078125
IMG_0038.mp4,725,24.190833333333334,29.97002997002997,573,2,traffic_signs,0.7928763031959534,1299.2135009765625,1409.176513671875,1319.85595703125,1473.8665771484375,1309.5347290039062,1441.5215454101562,20.6424560546875,64.6900634765625
IMG_0038.mp4,725,24.190833333333334,29.97002997002997,406,2,traffic_signs,0.7841901183128357,2043.5079345703125,1515.85888671875,2079.69287109375,1559.4434814453125,2061.6004028320312,1537.6511840820312,36.1849365234375,43.5845947265625
IMG_0038.mp4,725,24.190833333333334,29.97002997002997,593,2,traffic_signs,0.3127826154232025,1041.8599853515625,1121.672119140625,1142.2899169921875,1293.368408203125,1092.074951171875,1207.520263671875,100.429931640625,171.6962890625
IMG_0038.mp4,725,24.190833333333334,29.97002997002997,517,2,traffic_signs,0.5370792150497437,984.5791015625,1118.7423095703125,1143.3270263671875,1297.6844482421875,1063.9530639648438,1208.21337890625,158.7479248046875,178.942138671875
IMG_0038.mp4,725,24.190833333333334,29.97002997002997,596,2,traffic_signs,0.36736536026000977,1076.698486328125,1509.6466064453125,1097.250732421875,1539.2454833984375,1086.974609375,1524.446044921875,20.55224609375,29.598876953125
IMG_0038.mp4,726,24.2242,29.97002997002997,472,2,traffic_signs,0.9345036745071411,1196.4365234375,1480.3211669921875,1277.0181884765625,1577.15234375,1236.7273559570312,1528.7367553710938,80.5816650390625,96.8311767578125
IMG_0038.mp4,726,24.2242,29.97002997002997,453,2,traffic_signs,0.9060145020484924,1601.2999267578125,1450.012939453125,1651.042724609375,1506.661376953125,1626.1713256835938,1478.337158203125,49.7427978515625,56.6484375
IMG_0038.mp4,726,24.2242,29.97002997002997,529,2,traffic_signs,0.8541359901428223,615.0574340820312,1396.4080810546875,659.1336669921875,1454.1568603515625,637.0955505371094,1425.282470703125,44.07623291015625,57.748779296875
IMG_0038.mp4,726,24.2242,29.97002997002997,454,2,traffic_signs,0.8313557505607605,803.5074462890625,1154.372802734375,896.186767578125,1300.295654296875,849.8471069335938,1227.334228515625,92.6793212890625,145.9228515625
IMG_0038.mp4,726,24.2242,29.97002997002997,552,2,traffic_signs,0.8431878685951233,731.802001953125,1402.38916015625,772.239990234375,1450.734375,752.02099609375,1426.561767578125,40.43798828125,48.34521484375
IMG_0038.mp4,726,24.2242,29.97002997002997,522,2,traffic_signs,0.3061090111732483,633.8755493164062,1339.0174560546875,673.5687866210938,1398.0750732421875,653.72216796875,1368.5462646484375,39.6932373046875,59.0576171875
IMG_0038.mp4,726,24.2242,29.97002997002997,573,2,traffic_signs,0.7706126570701599,1295.56396484375,1408.8634033203125,1315.3048095703125,1470.6185302734375,1305.4343872070312,1439.740966796875,19.7408447265625,61.755126953125
IMG_0038.mp4,726,24.2242,29.97002997002997,406,2,traffic_signs,0.7957621812820435,2044.0784912109375,1515.6995849609375,2079.999267578125,1559.011962890625,2062.0388793945312,1537.3557739257812,35.9207763671875,43.3123779296875
IMG_0038.mp4,726,24.2242,29.97002997002997,517,2,traffic_signs,0.8680232763290405,958.5302124023438,1108.2603759765625,1128.0335693359375,1289.3594970703125,1043.2818908691406,1198.8099365234375,169.50335693359375,181.09912109375
IMG_0038.mp4,726,24.2242,29.97002997002997,596,2,traffic_signs,0.46183040738105774,1074.9541015625,1508.9080810546875,1095.5279541015625,1538.30126953125,1085.2410278320312,1523.6046752929688,20.5738525390625,29.3931884765625
IMG_0038.mp4,727,24.257566666666666,29.97002997002997,472,2,traffic_signs,0.9261712431907654,1187.4366455078125,1478.2386474609375,1270.717529296875,1575.857177734375,1229.0770874023438,1527.0479125976562,83.2808837890625,97.6185302734375
IMG_0038.mp4,727,24.257566666666666,29.97002997002997,453,2,traffic_signs,0.9142084717750549,1599.047607421875,1448.9102783203125,1649.140869140625,1505.6617431640625,1624.09423828125,1477.2860107421875,50.09326171875,56.75146484375
IMG_0038.mp4,727,24.257566666666666,29.97002997002997,529,2,traffic_signs,0.8566784858703613,605.439208984375,1392.1248779296875,651.224365234375,1453.1531982421875,628.331787109375,1422.6390380859375,45.78515625,61.0283203125
IMG_0038.mp4,727,24.257566666666666,29.97002997002997,454,2,traffic_signs,0.8569559454917908,784.8486938476562,1147.43603515625,881.18115234375,1294.2755126953125,833.0149230957031,1220.8557739257812,96.33245849609375,146.8394775390625
IMG_0038.mp4,727,24.257566666666666,29.97002997002997,552,2,traffic_signs,0.786003053188324,725.7222290039062,1404.5252685546875,754.5988159179688,1448.1363525390625,740.1605224609375,1426.330810546875,28.8765869140625,43.611083984375
IMG_0038.mp4,727,24.257566666666666,29.97002997002997,522,2,traffic_signs,0.5115814805030823,625.5263061523438,1336.205322265625,666.4251098632812,1396.63525390625,645.9757080078125,1366.4202880859375,40.8988037109375,60.429931640625
IMG_0038.mp4,727,24.257566666666666,29.97002997002997,573,2,traffic_signs,0.7955310940742493,1291.136962890625,1405.848876953125,1311.3414306640625,1468.1766357421875,1301.2391967773438,1437.0127563476562,20.2044677734375,62.3277587890625
IMG_0038.mp4,727,24.257566666666666,29.97002997002997,406,2,traffic_signs,0.808169424533844,2044.3662109375,1514.870361328125,2080.173583984375,1558.7059326171875,2062.2698974609375,1536.7881469726562,35.807373046875,43.8355712890625
IMG_0038.mp4,727,24.257566666666666,29.97002997002997,596,2,traffic_signs,0.6174556612968445,1072.2396240234375,1506.4801025390625,1093.684326171875,1537.8446044921875,1082.9619750976562,1522.162353515625,21.4447021484375,31.364501953125
IMG_0038.mp4,727,24.257566666666666,29.97002997002997,592,2,traffic_signs,0.48055607080459595,928.0684204101562,1111.644775390625,1011.307373046875,1280.2880859375,969.6878967285156,1195.9664306640625,83.23895263671875,168.643310546875
IMG_0038.mp4,727,24.257566666666666,29.97002997002997,593,2,traffic_signs,0.45796775817871094,992.5799560546875,1101.160400390625,1109.9368896484375,1283.5040283203125,1051.2584228515625,1192.3322143554688,117.35693359375,182.3436279296875
IMG_0038.mp4,728,24.290933333333335,29.97002997002997,472,2,traffic_signs,0.9338359236717224,1176.9366455078125,1477.6976318359375,1264.23095703125,1575.8197021484375,1220.5838012695312,1526.7586669921875,87.2943115234375,98.1220703125
IMG_0038.mp4,728,24.290933333333335,29.97002997002997,453,2,traffic_signs,0.9120849967002869,1596.3624267578125,1448.1802978515625,1647.25390625,1505.2310791015625,1621.8081665039062,1476.7056884765625,50.8914794921875,57.05078125
IMG_0038.mp4,728,24.290933333333335,29.97002997002997,529,2,traffic_signs,0.8928197026252747,595.2047729492188,1389.6300048828125,641.8599853515625,1452.214599609375,618.5323791503906,1420.9223022460938,46.65521240234375,62.5845947265625
IMG_0038.mp4,728,24.290933333333335,29.97002997002997,454,2,traffic_signs,0.8674506545066833,763.3401489257812,1141.6951904296875,862.87744140625,1289.2581787109375,813.1087951660156,1215.4766845703125,99.53729248046875,147.56298828125
IMG_0038.mp4,728,24.290933333333335,29.97002997002997,522,2,traffic_signs,0.7082093954086304,613.8212890625,1334.089599609375,656.1406860351562,1394.1641845703125,634.9809875488281,1364.1268920898438,42.31939697265625,60.0745849609375
IMG_0038.mp4,728,24.290933333333335,29.97002997002997,573,2,traffic_signs,0.5751152634620667,1285.4241943359375,1404.707763671875,1305.5751953125,1467.6680908203125,1295.4996948242188,1436.1879272460938,20.1510009765625,62.9603271484375
IMG_0038.mp4,728,24.290933333333335,29.97002997002997,406,2,traffic_signs,0.8086385130882263,2044.68017578125,1514.7139892578125,2080.953857421875,1558.4310302734375,2062.8170166015625,1536.572509765625,36.273681640625,43.717041015625
IMG_0038.mp4,728,24.290933333333335,29.97002997002997,596,2,traffic_signs,0.43427222967147827,1068.1650390625,1505.7122802734375,1090.3983154296875,1538.59814453125,1079.2816772460938,1522.1552124023438,22.2332763671875,32.8858642578125
IMG_0038.mp4,728,24.290933333333335,29.97002997002997,593,2,traffic_signs,0.8186583518981934,969.843017578125,1084.345703125,1089.975341796875,1274.341796875,1029.9091796875,1179.34375,120.13232421875,189.99609375
IMG_0038.mp4,729,24.3243,29.97002997002997,472,2,traffic_signs,0.9384859800338745,1169.3665771484375,1476.412109375,1256.0950927734375,1575.5245361328125,1212.7308349609375,1525.9683227539062,86.728515625,99.1124267578125
IMG_0038.mp4,729,24.3243,29.97002997002997,453,2,traffic_signs,0.8950501680374146,1593.48291015625,1447.2957763671875,1644.7042236328125,1505.2833251953125,1619.0935668945312,1476.28955078125,51.2213134765625,57.987548828125
IMG_0038.mp4,729,24.3243,29.97002997002997,529,2,traffic_signs,0.8946970701217651,584.5271606445312,1388.0968017578125,631.38720703125,1451.4107666015625,607.9571838378906,1419.7537841796875,46.86004638671875,63.31396484375
IMG_0038.mp4,729,24.3243,29.97002997002997,454,2,traffic_signs,0.783919632434845,743.4142456054688,1135.133544921875,844.8284912109375,1283.1619873046875,794.1213684082031,1209.1477661132812,101.41424560546875,148.0284423828125
IMG_0038.mp4,729,24.3243,29.97002997002997,522,2,traffic_signs,0.8264526128768921,604.5672607421875,1332.3363037109375,646.7303466796875,1392.2470703125,625.6488037109375,1362.2916870117188,42.1630859375,59.9107666015625
IMG_0038.mp4,729,24.3243,29.97002997002997,573,2,traffic_signs,0.7977261543273926,1279.8209228515625,1403.5380859375,1299.977294921875,1465.99658203125,1289.8991088867188,1434.767333984375,20.1563720703125,62.45849609375
IMG_0038.mp4,729,24.3243,29.97002997002997,406,2,traffic_signs,0.8027545213699341,2043.940185546875,1514.7403564453125,2080.52880859375,1558.3524169921875,2062.2344970703125,1536.54638671875,36.588623046875,43.612060546875
IMG_0038.mp4,729,24.3243,29.97002997002997,572,2,traffic_signs,0.6641411185264587,1165.5784912109375,1564.9735107421875,1209.58154296875,1708.452392578125,1187.5800170898438,1636.7129516601562,44.0030517578125,143.4788818359375
IMG_0038.mp4,729,24.3243,29.97002997002997,517,2,traffic_signs,0.6887608170509338,881.8034057617188,1075.3594970703125,1074.1156005859375,1265.703125,977.9595031738281,1170.5313110351562,192.31219482421875,190.3436279296875
IMG_0038.mp4,729,24.3243,29.97002997002997,552,2,traffic_signs,0.8610662221908569,719.5545654296875,1397.5716552734375,753.6503295898438,1445.968994140625,736.6024475097656,1421.7703247070312,34.09576416015625,48.3973388671875
IMG_0038.mp4,730,24.357666666666667,29.97002997002997,472,2,traffic_signs,0.9270543456077576,1161.3206787109375,1474.2374267578125,1247.6529541015625,1574.5816650390625,1204.48681640625,1524.4095458984375,86.332275390625,100.34423828125
IMG_0038.mp4,730,24.357666666666667,29.97002997002997,453,2,traffic_signs,0.8939011693000793,1590.8062744140625,1445.95751953125,1642.56298828125,1504.4942626953125,1616.6846313476562,1475.2258911132812,51.7567138671875,58.5367431640625
IMG_0038.mp4,730,24.357666666666667,29.97002997002997,529,2,traffic_signs,0.8941235542297363,574.5029296875,1386.7510986328125,622.8784790039062,1450.775146484375,598.6907043457031,1418.7631225585938,48.37554931640625,64.0240478515625
IMG_0038.mp4,730,24.357666666666667,29.97002997002997,454,2,traffic_signs,0.923711359500885,721.2614135742188,1113.5736083984375,827.676025390625,1276.1424560546875,774.4687194824219,1194.8580322265625,106.41461181640625,162.56884765625
IMG_0038.mp4,730,24.357666666666667,29.97002997002997,522,2,traffic_signs,0.7447125911712646,596.6785888671875,1329.460693359375,638.9186401367188,1391.36181640625,617.7986145019531,1360.4112548828125,42.24005126953125,61.901123046875
IMG_0038.mp4,730,24.357666666666667,29.97002997002997,573,2,traffic_signs,0.813447892665863,1274.937255859375,1400.6669921875,1294.9638671875,1465.5570068359375,1284.9505615234375,1433.1119995117188,20.026611328125,64.8900146484375
IMG_0038.mp4,730,24.357666666666667,29.97002997002997,406,2,traffic_signs,0.7502413988113403,2043.6929931640625,1514.226318359375,2080.234130859375,1557.8258056640625,2061.9635620117188,1536.0260620117188,36.5411376953125,43.5994873046875
IMG_0038.mp4,730,24.357666666666667,29.97002997002997,572,2,traffic_signs,0.39498910307884216,1156.5794677734375,1564.7755126953125,1201.0577392578125,1708.291259765625,1178.818603515625,1636.5333862304688,44.478271484375,143.5157470703125
IMG_0038.mp4,730,24.357666666666667,29.97002997002997,517,2,traffic_signs,0.9132255911827087,855.5252685546875,1064.0389404296875,1053.437744140625,1258.3804931640625,954.4815063476562,1161.209716796875,197.9124755859375,194.341552734375
IMG_0038.mp4,730,24.357666666666667,29.97002997002997,552,2,traffic_signs,0.8963301777839661,707.7620239257812,1395.2095947265625,750.884033203125,1445.7445068359375,729.3230285644531,1420.47705078125,43.12200927734375,50.534912109375
IMG_0038.mp4,730,24.357666666666667,29.97002997002997,596,2,traffic_signs,0.38052523136138916,1062.5799560546875,1507.5218505859375,1085.2596435546875,1539.2208251953125,1073.9197998046875,1523.371337890625,22.6796875,31.698974609375
IMG_0038.mp4,731,24.391033333333333,29.97002997002997,472,2,traffic_signs,0.9473523497581482,1153.578857421875,1472.8280029296875,1243.0546875,1574.1375732421875,1198.3167724609375,1523.4827880859375,89.475830078125,101.3095703125
IMG_0038.mp4,731,24.391033333333333,29.97002997002997,453,2,traffic_signs,0.9078399538993835,1588.8197021484375,1445.12451171875,1641.2647705078125,1503.7242431640625,1615.042236328125,1474.4243774414062,52.445068359375,58.5997314453125
IMG_0038.mp4,731,24.391033333333333,29.97002997002997,529,2,traffic_signs,0.8928683400154114,566.0844116210938,1387.41796875,614.721435546875,1449.5635986328125,590.4029235839844,1418.4907836914062,48.63702392578125,62.1456298828125
IMG_0038.mp4,731,24.391033333333333,29.97002997002997,454,2,traffic_signs,0.5662841796875,702.2960815429688,1115.5350341796875,813.4364013671875,1269.850830078125,757.8662414550781,1192.6929321289062,111.14031982421875,154.3157958984375
IMG_0038.mp4,731,24.391033333333333,29.97002997002997,522,2,traffic_signs,0.798244059085846,587.029052734375,1327.927978515625,631.3131103515625,1391.620849609375,609.1710815429688,1359.7744140625,44.2840576171875,63.69287109375
IMG_0038.mp4,731,24.391033333333333,29.97002997002997,573,2,traffic_signs,0.8234606981277466,1271.231689453125,1398.5770263671875,1291.574951171875,1462.9110107421875,1281.4033203125,1430.7440185546875,20.34326171875,64.333984375
IMG_0038.mp4,731,24.391033333333333,29.97002997002997,406,2,traffic_signs,0.29423657059669495,2044.8509521484375,1513.565185546875,2083.525146484375,1550.9061279296875,2064.1880493164062,1532.2356567382812,38.6741943359375,37.3409423828125
IMG_0038.mp4,731,24.391033333333333,29.97002997002997,517,2,traffic_signs,0.7843557000160217,832.6150512695312,1053.739501953125,1033.2542724609375,1248.4549560546875,932.9346618652344,1151.0972290039062,200.63922119140625,194.7154541015625
IMG_0038.mp4,731,24.391033333333333,29.97002997002997,552,2,traffic_signs,0.30653515458106995,700.044189453125,1393.90869140625,747.4110107421875,1444.045166015625,723.7276000976562,1418.9769287109375,47.3668212890625,50.136474609375
IMG_0038.mp4,732,24.424400000000002,29.97002997002997,529,2,traffic_signs,0.8877147436141968,554.5852661132812,1384.779052734375,605.3963623046875,1448.0433349609375,579.9908142089844,1416.4111938476562,50.81109619140625,63.2642822265625
IMG_0038.mp4,732,24.424400000000002,29.97002997002997,454,2,traffic_signs,0.4396646320819855,682.7960815429688,1109.9007568359375,793.4697265625,1264.216064453125,738.1329040527344,1187.0584106445312,110.67364501953125,154.3153076171875
IMG_0038.mp4,732,24.424400000000002,29.97002997002997,522,2,traffic_signs,0.6413921117782593,579.361572265625,1326.535400390625,622.9697875976562,1386.8685302734375,601.1656799316406,1356.7019653320312,43.60821533203125,60.3331298828125
IMG_0038.mp4,732,24.424400000000002,29.97002997002997,573,2,traffic_signs,0.8675715327262878,1265.92138671875,1398.08642578125,1287.039306640625,1458.626220703125,1276.4803466796875,1428.3563232421875,21.117919921875,60.539794921875
IMG_0038.mp4,732,24.424400000000002,29.97002997002997,517,2,traffic_signs,0.7913347482681274,806.338134765625,1041.9254150390625,1014.7030029296875,1236.480224609375,910.5205688476562,1139.2028198242188,208.3648681640625,194.5548095703125
IMG_0038.mp4,732,24.424400000000002,29.97002997002997,552,2,traffic_signs,0.8616334199905396,690.581787109375,1392.2210693359375,741.792236328125,1443.6622314453125,716.18701171875,1417.941650390625,51.21044921875,51.441162109375
IMG_0038.mp4,733,24.457766666666668,29.97002997002997,529,2,traffic_signs,0.8903622031211853,545.468994140625,1384.403076171875,597.791015625,1447.251708984375,571.6300048828125,1415.827392578125,52.322021484375,62.8486328125
IMG_0038.mp4,733,24.457766666666668,29.97002997002997,454,2,traffic_signs,0.853780210018158,661.0703735351562,1103.6695556640625,773.978515625,1258.16650390625,717.5244445800781,1180.9180297851562,112.90814208984375,154.4969482421875
IMG_0038.mp4,733,24.457766666666668,29.97002997002997,522,2,traffic_signs,0.5001580715179443,570.4025268554688,1325.7900390625,615.327392578125,1384.06689453125,592.8649597167969,1354.928466796875,44.92486572265625,58.27685546875
IMG_0038.mp4,733,24.457766666666668,29.97002997002997,573,2,traffic_signs,0.8689727187156677,1260.0660400390625,1394.4713134765625,1286.3970947265625,1447.3974609375,1273.2315673828125,1420.9343872070312,26.3310546875,52.9261474609375
IMG_0038.mp4,733,24.457766666666668,29.97002997002997,552,2,traffic_signs,0.8727967143058777,684.1497802734375,1390.72314453125,736.0743408203125,1442.3935546875,710.112060546875,1416.558349609375,51.924560546875,51.67041015625
IMG_0038.mp4,733,24.457766666666668,29.97002997002997,453,2,traffic_signs,0.9061262607574463,1583.8438720703125,1444.2393798828125,1638.0086669921875,1503.214111328125,1610.92626953125,1473.7267456054688,54.164794921875,58.9747314453125
IMG_0038.mp4,733,24.457766666666668,29.97002997002997,406,2,traffic_signs,0.8034791946411133,2048.91650390625,1513.6671142578125,2085.35498046875,1557.988037109375,2067.1357421875,1535.8275756835938,36.4384765625,44.3209228515625
IMG_0038.mp4,734,24.491133333333334,29.97002997002997,573,2,traffic_signs,0.7349698543548584,1255.6351318359375,1396.0570068359375,1280.238037109375,1452.6351318359375,1267.9365844726562,1424.3460693359375,24.6029052734375,56.578125
IMG_0038.mp4,734,24.491133333333334,29.97002997002997,453,2,traffic_signs,0.8988762497901917,1581.84912109375,1442.209228515625,1637.0892333984375,1502.6053466796875,1609.4691772460938,1472.4072875976562,55.2401123046875,60.3961181640625
IMG_0038.mp4,734,24.491133333333334,29.97002997002997,406,2,traffic_signs,0.7739295363426208,2049.964111328125,1513.41357421875,2086.26416015625,1558.821533203125,2068.1141357421875,1536.1175537109375,36.300048828125,45.407958984375
IMG_0038.mp4,734,24.491133333333334,29.97002997002997,472,2,traffic_signs,0.5602618455886841,1127.844482421875,1469.9949951171875,1219.8570556640625,1566.9447021484375,1173.8507690429688,1518.4698486328125,92.0125732421875,96.94970703125
IMG_0038.mp4,735,24.5245,29.97002997002997,573,2,traffic_signs,0.828201949596405,1250.3172607421875,1393.41650390625,1272.9014892578125,1456.0189208984375,1261.609375,1424.7177124023438,22.584228515625,62.6024169921875
IMG_0038.mp4,735,24.5245,29.97002997002997,453,2,traffic_signs,0.890304446220398,1580.044189453125,1441.4609375,1634.15087890625,1501.7864990234375,1607.0975341796875,1471.6237182617188,54.106689453125,60.3255615234375
IMG_0038.mp4,735,24.5245,29.97002997002997,406,2,traffic_signs,0.7393169403076172,2049.691162109375,1513.0010986328125,2085.878662109375,1558.928955078125,2067.784912109375,1535.9650268554688,36.1875,45.9278564453125
IMG_0038.mp4,735,24.5245,29.97002997002997,472,2,traffic_signs,0.9262022376060486,1116.2904052734375,1467.418212890625,1209.541748046875,1567.4833984375,1162.9160766601562,1517.4508056640625,93.2513427734375,100.065185546875
IMG_0038.mp4,735,24.5245,29.97002997002997,572,2,traffic_signs,0.6023373007774353,1108.3519287109375,1560.716552734375,1161.34228515625,1709.491455078125,1134.8471069335938,1635.10400390625,52.9903564453125,148.77490234375
IMG_0038.mp4,735,24.5245,29.97002997002997,596,2,traffic_signs,0.5126225352287292,1054.16796875,1508.2012939453125,1075.0626220703125,1534.8433837890625,1064.6152954101562,1521.5223388671875,20.8946533203125,26.64208984375
IMG_0038.mp4,735,24.5245,29.97002997002997,517,2,traffic_signs,0.9113333225250244,768.8283081054688,996.8602905273438,939.5640258789062,1204.1492919921875,854.1961669921875,1100.5047912597656,170.7357177734375,207.28900146484375
IMG_0038.mp4,735,24.5245,29.97002997002997,454,2,traffic_signs,0.5268788933753967,613.7379760742188,1084.4283447265625,729.886474609375,1247.864990234375,671.8122253417969,1166.1466674804688,116.14849853515625,163.4366455078125
IMG_0039.mp4,0,0.0,29.97002997002997,1,2,traffic_signs,0.9457501173019409,1817.162841796875,889.3773193359375,1907.045654296875,1025.41064453125,1862.104248046875,957.3939819335938,89.8828125,136.0333251953125
IMG_0039.mp4,0,0.0,29.97002997002997,2,2,traffic_signs,0.9264301061630249,1096.63818359375,877.0638427734375,1183.6214599609375,959.6837158203125,1140.1298217773438,918.373779296875,86.9832763671875,82.619873046875
IMG_0039.mp4,0,0.0,29.97002997002997,3,2,traffic_signs,0.9172617197036743,1470.947998046875,1017.034912109375,1519.7718505859375,1076.768310546875,1495.3599243164062,1046.901611328125,48.8238525390625,59.7333984375
IMG_0039.mp4,0,0.0,29.97002997002997,4,2,traffic_signs,0.9153757095336914,1133.629150390625,803.6168212890625,1210.8477783203125,880.7140502929688,1172.2384643554688,842.1654357910156,77.2186279296875,77.09722900390625
IMG_0039.mp4,0,0.0,29.97002997002997,5,2,traffic_signs,0.9053393006324768,598.9708251953125,765.405517578125,672.1759643554688,827.5001831054688,635.5733947753906,796.4528503417969,73.20513916015625,62.09466552734375
IMG_0039.mp4,0,0.0,29.97002997002997,6,2,traffic_signs,0.8581843376159668,2404.0498046875,1427.8765869140625,2431.870361328125,1461.1129150390625,2417.9600830078125,1444.4947509765625,27.820556640625,33.236328125
IMG_0039.mp4,0,0.0,29.97002997002997,7,2,traffic_signs,0.829024076461792,2098.296875,1346.18310546875,2118.165771484375,1381.3446044921875,2108.2313232421875,1363.7638549804688,19.868896484375,35.1614990234375
IMG_0039.mp4,0,0.0,29.97002997002997,8,2,traffic_signs,0.8065751194953918,2802.1455078125,1539.120361328125,2825.41796875,1567.9273681640625,2813.78173828125,1553.5238647460938,23.2724609375,28.8070068359375
IMG_0039.mp4,0,0.0,29.97002997002997,9,2,traffic_signs,0.7782177329063416,2620.64697265625,1200.108642578125,2752.805908203125,1319.8035888671875,2686.7264404296875,1259.9561157226562,132.158935546875,119.6949462890625
IMG_0039.mp4,0,0.0,29.97002997002997,10,2,traffic_signs,0.6863920092582703,1930.448974609375,1260.962158203125,1952.7734375,1300.90234375,1941.6112060546875,1280.9322509765625,22.324462890625,39.940185546875
IMG_0039.mp4,0,0.0,29.97002997002997,11,2,traffic_signs,0.27020499110221863,1945.8828125,1290.692138671875,1969.617919921875,1334.34716796875,1957.7503662109375,1312.5196533203125,23.735107421875,43.655029296875
IMG_0039.mp4,1,0.03336666666666667,29.97002997002997,2,2,traffic_signs,0.8982994556427002,1087.4058837890625,875.5093383789062,1174.029052734375,960.9099731445312,1130.7174682617188,918.2096557617188,86.6231689453125,85.400634765625
IMG_0039.mp4,1,0.03336666666666667,29.97002997002997,3,2,traffic_signs,0.8717080950737,1466.373779296875,1016.3006591796875,1512.170654296875,1074.5882568359375,1489.272216796875,1045.4444580078125,45.796875,58.28759765625
IMG_0039.mp4,1,0.03336666666666667,29.97002997002997,4,2,traffic_signs,0.9046775102615356,1127.02734375,802.93798828125,1203.9615478515625,879.372314453125,1165.4944458007812,841.1551513671875,76.9342041015625,76.434326171875
IMG_0039.mp4,1,0.03336666666666667,29.97002997002997,5,2,traffic_signs,0.9161291718482971,587.9953002929688,767.1115112304688,664.4212646484375,833.0736694335938,626.2082824707031,800.0925903320312,76.42596435546875,65.962158203125
IMG_0039.mp4,1,0.03336666666666667,29.97002997002997,6,2,traffic_signs,0.8633158802986145,2402.924072265625,1425.29736328125,2432.336669921875,1458.3062744140625,2417.63037109375,1441.8018188476562,29.41259765625,33.0089111328125
IMG_0039.mp4,1,0.03336666666666667,29.97002997002997,7,2,traffic_signs,0.8293707370758057,2096.684814453125,1345.0108642578125,2118.128662109375,1378.159423828125,2107.40673828125,1361.5851440429688,21.44384765625,33.1485595703125
IMG_0039.mp4,1,0.03336666666666667,29.97002997002997,8,2,traffic_signs,0.8243783116340637,2802.972412109375,1535.04833984375,2827.42919921875,1563.9630126953125,2815.2008056640625,1549.5056762695312,24.456787109375,28.9146728515625
IMG_0039.mp4,1,0.03336666666666667,29.97002997002997,9,2,traffic_signs,0.8614141941070557,2621.541259765625,1196.1270751953125,2753.93798828125,1313.6348876953125,2687.7396240234375,1254.8809814453125,132.396728515625,117.5078125
IMG_0039.mp4,1,0.03336666666666667,29.97002997002997,10,2,traffic_signs,0.729274332523346,1927.9451904296875,1262.0364990234375,1952.2261962890625,1298.56884765625,1940.085693359375,1280.3026733398438,24.281005859375,36.5323486328125
IMG_0039.mp4,2,0.06673333333333334,29.97002997002997,2,2,traffic_signs,0.9163836240768433,1074.467529296875,877.4857788085938,1164.2103271484375,962.2950439453125,1119.3389282226562,919.8904113769531,89.7427978515625,84.80926513671875
IMG_0039.mp4,2,0.06673333333333334,29.97002997002997,3,2,traffic_signs,0.9295153021812439,1459.6402587890625,1018.0197143554688,1505.4486083984375,1078.042724609375,1482.54443359375,1048.0312194824219,45.808349609375,60.02301025390625
IMG_0039.mp4,2,0.06673333333333334,29.97002997002997,4,2,traffic_signs,0.9052287340164185,1112.2103271484375,802.4531860351562,1192.5089111328125,880.6683959960938,1152.359619140625,841.560791015625,80.298583984375,78.2152099609375
IMG_0039.mp4,2,0.06673333333333334,29.97002997002997,5,2,traffic_signs,0.9281823039054871,574.5039672851562,770.5330200195312,651.512451171875,836.8746948242188,613.0082092285156,803.703857421875,77.00848388671875,66.3416748046875
IMG_0039.mp4,2,0.06673333333333334,29.97002997002997,6,2,traffic_signs,0.7980508208274841,2400.14208984375,1425.9979248046875,2430.3857421875,1455.369873046875,2415.263916015625,1440.6838989257812,30.24365234375,29.3719482421875
IMG_0039.mp4,2,0.06673333333333334,29.97002997002997,8,2,traffic_signs,0.44095277786254883,2801.011474609375,1531.6796875,2828.21435546875,1561.59033203125,2814.6129150390625,1546.635009765625,27.202880859375,29.91064453125
IMG_0039.mp4,2,0.06673333333333334,29.97002997002997,1,2,traffic_signs,0.9526309370994568,1802.9488525390625,882.7882690429688,1896.5263671875,1020.53271484375,1849.7376098632812,951.6604919433594,93.5775146484375,137.74444580078125
IMG_0039.mp4,3,0.10010000000000001,29.97002997002997,2,2,traffic_signs,0.9257575869560242,1061.657470703125,880.1857299804688,1153.4986572265625,964.0433349609375,1107.5780639648438,922.1145324707031,91.8411865234375,83.85760498046875
IMG_0039.mp4,3,0.10010000000000001,29.97002997002997,3,2,traffic_signs,0.9318323135375977,1450.9710693359375,1018.9306640625,1500.074951171875,1079.486083984375,1475.5230102539062,1049.2083740234375,49.1038818359375,60.555419921875
IMG_0039.mp4,3,0.10010000000000001,29.97002997002997,4,2,traffic_signs,0.9143524765968323,1102.10595703125,803.2363891601562,1183.986572265625,882.2125244140625,1143.0462646484375,842.7244567871094,81.880615234375,78.97613525390625
IMG_0039.mp4,3,0.10010000000000001,29.97002997002997,5,2,traffic_signs,0.9174228310585022,560.6502075195312,774.6217651367188,638.6937255859375,840.140869140625,599.6719665527344,807.3813171386719,78.04351806640625,65.51910400390625
IMG_0039.mp4,3,0.10010000000000001,29.97002997002997,1,2,traffic_signs,0.9456452131271362,1795.5643310546875,877.4771118164062,1887.7628173828125,1017.6041259765625,1841.66357421875,947.5406188964844,92.198486328125,140.12701416015625
IMG_0039.mp4,3,0.10010000000000001,29.97002997002997,7,2,traffic_signs,0.7379786968231201,2089.61865234375,1345.27001953125,2113.389892578125,1373.7293701171875,2101.5042724609375,1359.4996948242188,23.771240234375,28.4593505859375
IMG_0039.mp4,3,0.10010000000000001,29.97002997002997,9,2,traffic_signs,0.8683218955993652,2616.2939453125,1180.5504150390625,2758.65625,1305.19873046875,2687.47509765625,1242.8745727539062,142.3623046875,124.6483154296875
IMG_0039.mp4,3,0.10010000000000001,29.97002997002997,10,2,traffic_signs,0.7757937908172607,1923.212158203125,1263.4654541015625,1942.919677734375,1294.336181640625,1933.06591796875,1278.9008178710938,19.70751953125,30.8707275390625
IMG_0039.mp4,4,0.13346666666666668,29.97002997002997,2,2,traffic_signs,0.9123486876487732,1050.423583984375,884.9179077148438,1145.376708984375,969.3763427734375,1097.900146484375,927.1471252441406,94.953125,84.45843505859375
IMG_0039.mp4,4,0.13346666666666668,29.97002997002997,3,2,traffic_signs,0.9272608160972595,1445.2349853515625,1022.0971069335938,1494.6044921875,1085.690673828125,1469.9197387695312,1053.8938903808594,49.3695068359375,63.59356689453125
IMG_0039.mp4,4,0.13346666666666668,29.97002997002997,4,2,traffic_signs,0.9128562808036804,1090.4256591796875,809.0062255859375,1171.5836181640625,886.7531127929688,1131.004638671875,847.8796691894531,81.157958984375,77.74688720703125
IMG_0039.mp4,4,0.13346666666666668,29.97002997002997,5,2,traffic_signs,0.9171507954597473,549.0454711914062,784.1053466796875,627.0892944335938,850.8336181640625,588.0673828125,817.469482421875,78.0438232421875,66.728271484375
IMG_0039.mp4,4,0.13346666666666668,29.97002997002997,1,2,traffic_signs,0.9485459327697754,1786.25048828125,876.416259765625,1879.749755859375,1017.9732666015625,1833.0001220703125,947.1947631835938,93.499267578125,141.5570068359375
IMG_0039.mp4,4,0.13346666666666668,29.97002997002997,7,2,traffic_signs,0.8219996094703674,2089.083740234375,1346.093017578125,2110.724853515625,1377.4207763671875,2099.904296875,1361.7568969726562,21.64111328125,31.3277587890625
IMG_0039.mp4,4,0.13346666666666668,29.97002997002997,9,2,traffic_signs,0.7703633904457092,2615.60009765625,1176.2738037109375,2757.96728515625,1301.5018310546875,2686.78369140625,1238.8878173828125,142.3671875,125.22802734375
IMG_0039.mp4,4,0.13346666666666668,29.97002997002997,10,2,traffic_signs,0.7862120866775513,1919.718505859375,1265.0045166015625,1940.6201171875,1299.8604736328125,1930.1693115234375,1282.4324951171875,20.901611328125,34.85595703125
IMG_0039.mp4,4,0.13346666666666668,29.97002997002997,6,2,traffic_signs,0.8441504836082458,2396.90576171875,1421.9915771484375,2427.513427734375,1450.7447509765625,2412.2095947265625,1436.3681640625,30.607666015625,28.753173828125
IMG_0039.mp4,4,0.13346666666666668,29.97002997002997,8,2,traffic_signs,0.7728609442710876,2797.415283203125,1522.528564453125,2826.658447265625,1546.6324462890625,2812.036865234375,1534.5805053710938,29.2431640625,24.1038818359375
IMG_0039.mp4,5,0.16683333333333333,29.97002997002997,2,2,traffic_signs,0.936198353767395,1036.1409912109375,889.0513916015625,1133.3236083984375,973.6546020507812,1084.7322998046875,931.3529968261719,97.1826171875,84.60321044921875
IMG_0039.mp4,5,0.16683333333333333,29.97002997002997,3,2,traffic_signs,0.4089169502258301,1437.3348388671875,1025.6954345703125,1485.4345703125,1088.8343505859375,1461.3847045898438,1057.264892578125,48.0997314453125,63.138916015625
IMG_0039.mp4,5,0.16683333333333333,29.97002997002997,4,2,traffic_signs,0.9227262735366821,1076.89208984375,812.3655395507812,1160.3148193359375,889.6229248046875,1118.6034545898438,850.9942321777344,83.4227294921875,77.25738525390625
IMG_0039.mp4,5,0.16683333333333333,29.97002997002997,5,2,traffic_signs,0.9326688051223755,532.5104370117188,792.29833984375,610.5418701171875,858.6396484375,571.5261535644531,825.468994140625,78.03143310546875,66.34130859375
IMG_0039.mp4,5,0.16683333333333333,29.97002997002997,1,2,traffic_signs,0.9252683520317078,1776.1092529296875,873.3245849609375,1869.609130859375,1015.4046630859375,1822.8591918945312,944.3646240234375,93.4998779296875,142.080078125
IMG_0039.mp4,5,0.16683333333333333,29.97002997002997,7,2,traffic_signs,0.8046959638595581,2084.669677734375,1346.097412109375,2107.59765625,1375.693115234375,2096.1336669921875,1360.895263671875,22.927978515625,29.595703125
IMG_0039.mp4,5,0.16683333333333333,29.97002997002997,9,2,traffic_signs,0.7981875538825989,2616.563720703125,1173.0029296875,2756.19921875,1294.837890625,2686.3814697265625,1233.92041015625,139.635498046875,121.8349609375
IMG_0039.mp4,5,0.16683333333333333,29.97002997002997,10,2,traffic_signs,0.7111075520515442,1915.552734375,1267.2235107421875,1936.59765625,1300.3775634765625,1926.0751953125,1283.800537109375,21.044921875,33.154052734375
IMG_0039.mp4,5,0.16683333333333333,29.97002997002997,16,2,traffic_signs,0.7128183841705322,2615.27099609375,1170.78515625,2755.67578125,1295.2200927734375,2685.473388671875,1233.0026245117188,140.40478515625,124.4349365234375
IMG_0039.mp4,5,0.16683333333333333,29.97002997002997,17,2,traffic_signs,0.4778791666030884,1931.4046630859375,1294.270751953125,1959.5723876953125,1327.7469482421875,1945.488525390625,1311.0088500976562,28.167724609375,33.4761962890625
IMG_0039.mp4,5,0.16683333333333333,29.97002997002997,6,2,traffic_signs,0.8577622771263123,2393.89892578125,1419.493896484375,2424.550048828125,1448.2755126953125,2409.2244873046875,1433.8847045898438,30.651123046875,28.7816162109375
IMG_0039.mp4,5,0.16683333333333333,29.97002997002997,8,2,traffic_signs,0.6149365901947021,2797.53125,1517.3189697265625,2824.505615234375,1540.296630859375,2811.0184326171875,1528.8078002929688,26.974365234375,22.9776611328125
IMG_0039.mp4,6,0.20020000000000002,29.97002997002997,2,2,traffic_signs,0.9317812919616699,1027.665283203125,894.5427856445312,1126.077880859375,980.4222412109375,1076.87158203125,937.4825134277344,98.41259765625,85.87945556640625
IMG_0039.mp4,6,0.20020000000000002,29.97002997002997,3,2,traffic_signs,0.9285265803337097,1433.198974609375,1030.466796875,1481.893798828125,1091.6314697265625,1457.54638671875,1061.0491333007812,48.69482421875,61.1646728515625
IMG_0039.mp4,6,0.20020000000000002,29.97002997002997,4,2,traffic_signs,0.9153968691825867,1068.5323486328125,817.1692504882812,1152.3861083984375,895.3402099609375,1110.459228515625,856.2547302246094,83.853759765625,78.17095947265625
IMG_0039.mp4,6,0.20020000000000002,29.97002997002997,5,2,traffic_signs,0.9277017712593079,523.6371459960938,801.6685180664062,602.38818359375,868.8523559570312,563.0126647949219,835.2604370117188,78.75103759765625,67.183837890625
IMG_0039.mp4,6,0.20020000000000002,29.97002997002997,1,2,traffic_signs,0.9360219240188599,1772.1697998046875,870.4876708984375,1866.556396484375,1014.8038940429688,1819.3630981445312,942.6457824707031,94.3865966796875,144.31622314453125
IMG_0039.mp4,6,0.20020000000000002,29.97002997002997,7,2,traffic_signs,0.8154148459434509,2087.0703125,1347.0819091796875,2110.59130859375,1376.473876953125,2098.830810546875,1361.7778930664062,23.52099609375,29.3919677734375
IMG_0039.mp4,6,0.20020000000000002,29.97002997002997,9,2,traffic_signs,0.650003969669342,2621.7001953125,1165.943115234375,2761.53955078125,1290.70556640625,2691.619873046875,1228.3243408203125,139.83935546875,124.762451171875
IMG_0039.mp4,6,0.20020000000000002,29.97002997002997,10,2,traffic_signs,0.7759907841682434,1917.188232421875,1269.447021484375,1937.7647705078125,1300.859619140625,1927.4765014648438,1285.1533203125,20.5765380859375,31.41259765625
IMG_0039.mp4,6,0.20020000000000002,29.97002997002997,16,2,traffic_signs,0.7878227829933167,2619.18994140625,1164.0977783203125,2761.464111328125,1291.4990234375,2690.3270263671875,1227.7984008789062,142.274169921875,127.4012451171875
IMG_0039.mp4,6,0.20020000000000002,29.97002997002997,17,2,traffic_signs,0.6241228580474854,1934.2833251953125,1296.298828125,1961.989990234375,1327.875,1948.1366577148438,1312.0869140625,27.7066650390625,31.576171875
IMG_0039.mp4,6,0.20020000000000002,29.97002997002997,6,2,traffic_signs,0.869870126247406,2395.707763671875,1418.130615234375,2428.15478515625,1446.1163330078125,2411.9312744140625,1432.1234741210938,32.447021484375,27.9857177734375
IMG_0039.mp4,6,0.20020000000000002,29.97002997002997,8,2,traffic_signs,0.7705384492874146,2803.44775390625,1514.21435546875,2827.38525390625,1537.496337890625,2815.41650390625,1525.8553466796875,23.9375,23.281982421875
IMG_0039.mp4,7,0.23356666666666667,29.97002997002997,2,2,traffic_signs,0.9231653809547424,1017.2835693359375,900.5901489257812,1114.884521484375,987.8119506835938,1066.0840454101562,944.2010498046875,97.6009521484375,87.2218017578125
IMG_0039.mp4,7,0.23356666666666667,29.97002997002997,3,2,traffic_signs,0.9291820526123047,1427.4180908203125,1034.79296875,1476.3990478515625,1096.6290283203125,1451.9085693359375,1065.7109985351562,48.98095703125,61.8360595703125
IMG_0039.mp4,7,0.23356666666666667,29.97002997002997,4,2,traffic_signs,0.9455109238624573,1057.7171630859375,822.5327758789062,1140.9761962890625,903.0943603515625,1099.3466796875,862.8135681152344,83.259033203125,80.56158447265625
IMG_0039.mp4,7,0.23356666666666667,29.97002997002997,5,2,traffic_signs,0.9316689968109131,510.8475341796875,812.3063354492188,590.0855102539062,878.5609741210938,550.4665222167969,845.4336547851562,79.23797607421875,66.254638671875
IMG_0039.mp4,7,0.23356666666666667,29.97002997002997,1,2,traffic_signs,0.9409949779510498,1764.101806640625,868.173095703125,1862.1473388671875,1013.5015869140625,1813.1245727539062,940.8373413085938,98.0455322265625,145.3284912109375
IMG_0039.mp4,7,0.23356666666666667,29.97002997002997,7,2,traffic_signs,0.8091076612472534,2087.639404296875,1348.4324951171875,2110.236572265625,1377.462646484375,2098.93798828125,1362.9475708007812,22.59716796875,29.0301513671875
IMG_0039.mp4,7,0.23356666666666667,29.97002997002997,9,2,traffic_signs,0.6710336804389954,2626.319580078125,1159.6527099609375,2765.233642578125,1286.48095703125,2695.776611328125,1223.0668334960938,138.9140625,126.8282470703125
IMG_0039.mp4,7,0.23356666666666667,29.97002997002997,10,2,traffic_signs,0.8015487194061279,1916.3243408203125,1270.7911376953125,1936.3389892578125,1302.5343017578125,1926.3316650390625,1286.6627197265625,20.0146484375,31.7431640625
IMG_0039.mp4,7,0.23356666666666667,29.97002997002997,16,2,traffic_signs,0.5662853717803955,2622.450927734375,1158.0262451171875,2765.336181640625,1286.7933349609375,2693.8935546875,1222.4097900390625,142.88525390625,128.76708984375
IMG_0039.mp4,7,0.23356666666666667,29.97002997002997,17,2,traffic_signs,0.2768614590167999,1935.4844970703125,1297.6138916015625,1962.2445068359375,1330.2646484375,1948.864501953125,1313.9392700195312,26.760009765625,32.6507568359375
IMG_0039.mp4,7,0.23356666666666667,29.97002997002997,6,2,traffic_signs,0.8505246639251709,2396.828369140625,1416.9605712890625,2429.0361328125,1444.728271484375,2412.9322509765625,1430.8444213867188,32.207763671875,27.7677001953125
IMG_0039.mp4,7,0.23356666666666667,29.97002997002997,8,2,traffic_signs,0.7850893139839172,2807.1005859375,1510.55712890625,2828.880859375,1534.8990478515625,2817.99072265625,1522.7280883789062,21.7802734375,24.3419189453125
IMG_0039.mp4,8,0.26693333333333336,29.97002997002997,2,2,traffic_signs,0.9350636005401611,1014.0263061523438,907.1093139648438,1109.7806396484375,997.0826416015625,1061.9034729003906,952.0959777832031,95.75433349609375,89.97332763671875
IMG_0039.mp4,8,0.26693333333333336,29.97002997002997,3,2,traffic_signs,0.9280163645744324,1428.0001220703125,1040.642822265625,1476.47998046875,1102.0001220703125,1452.2400512695312,1071.3214721679688,48.4798583984375,61.3572998046875
IMG_0039.mp4,8,0.26693333333333336,29.97002997002997,4,2,traffic_signs,0.9234321117401123,1053.4466552734375,828.7347412109375,1138.22900390625,910.3438110351562,1095.8378295898438,869.5392761230469,84.7823486328125,81.60906982421875
IMG_0039.mp4,8,0.26693333333333336,29.97002997002997,5,2,traffic_signs,0.921868085861206,507.3499450683594,825.4928588867188,586.8812866210938,892.912109375,547.1156158447266,859.2024841308594,79.53134155273438,67.41925048828125
IMG_0039.mp4,8,0.26693333333333336,29.97002997002997,1,2,traffic_signs,0.9404309391975403,1761.05712890625,866.4359741210938,1861.0677490234375,1013.5774536132812,1811.0624389648438,940.0067138671875,100.0106201171875,147.1414794921875
IMG_0039.mp4,8,0.26693333333333336,29.97002997002997,7,2,traffic_signs,0.8138467073440552,2092.8818359375,1349.4771728515625,2115.041748046875,1378.3055419921875,2103.9617919921875,1363.891357421875,22.159912109375,28.828369140625
IMG_0039.mp4,8,0.26693333333333336,29.97002997002997,9,2,traffic_signs,0.5865718722343445,2634.455078125,1154.24267578125,2773.617919921875,1279.707275390625,2704.0364990234375,1216.9749755859375,139.162841796875,125.464599609375
IMG_0039.mp4,8,0.26693333333333336,29.97002997002997,10,2,traffic_signs,0.8100588321685791,1921.2957763671875,1272.750244140625,1940.2052001953125,1304.8880615234375,1930.75048828125,1288.8191528320312,18.909423828125,32.1378173828125
IMG_0039.mp4,8,0.26693333333333336,29.97002997002997,16,2,traffic_signs,0.7697526216506958,2629.553466796875,1152.447265625,2774.1796875,1280.4697265625,2701.8665771484375,1216.45849609375,144.626220703125,128.0224609375
IMG_0039.mp4,8,0.26693333333333336,29.97002997002997,6,2,traffic_signs,0.8546062111854553,2402.933837890625,1415.0621337890625,2434.181640625,1443.1395263671875,2418.5577392578125,1429.100830078125,31.247802734375,28.077392578125
IMG_0039.mp4,8,0.26693333333333336,29.97002997002997,8,2,traffic_signs,0.8316282033920288,2814.297119140625,1504.113037109375,2837.358154296875,1530.6329345703125,2825.82763671875,1517.3729858398438,23.06103515625,26.5198974609375
IMG_0039.mp4,9,0.3003,29.97002997002997,2,2,traffic_signs,0.9013131260871887,1008.40087890625,914.223876953125,1103.2598876953125,1003.8263549804688,1055.8303833007812,959.0251159667969,94.8590087890625,89.60247802734375
IMG_0039.mp4,9,0.3003,29.97002997002997,3,2,traffic_signs,0.9270235300064087,1426.966796875,1046.97216796875,1475.8643798828125,1107.6719970703125,1451.4155883789062,1077.3220825195312,48.8975830078125,60.6998291015625
IMG_0039.mp4,9,0.3003,29.97002997002997,4,2,traffic_signs,0.9382560849189758,1047.12841796875,834.3694458007812,1130.7586669921875,917.065673828125,1088.9435424804688,875.7175598144531,83.6302490234375,82.69622802734375
IMG_0039.mp4,9,0.3003,29.97002997002997,5,2,traffic_signs,0.9357156157493591,502.1252136230469,837.40380859375,583.2483520507812,906.8310546875,542.6867828369141,872.117431640625,81.12313842773438,69.42724609375
IMG_0039.mp4,9,0.3003,29.97002997002997,1,2,traffic_signs,0.9349080920219421,1756.8980712890625,864.0816650390625,1858.7691650390625,1012.9468994140625,1807.8336181640625,938.5142822265625,101.87109375,148.865234375
IMG_0039.mp4,9,0.3003,29.97002997002997,7,2,traffic_signs,0.7759148478507996,2097.012939453125,1350.8489990234375,2118.58935546875,1379.3275146484375,2107.8011474609375,1365.0882568359375,21.576416015625,28.478515625
IMG_0039.mp4,9,0.3003,29.97002997002997,9,2,traffic_signs,0.257822722196579,2641.333251953125,1147.33203125,2782.148681640625,1274.02880859375,2711.740966796875,1210.680419921875,140.8154296875,126.69677734375
IMG_0039.mp4,9,0.3003,29.97002997002997,10,2,traffic_signs,0.804995059967041,1924.02392578125,1274.963134765625,1942.54736328125,1308.627685546875,1933.28564453125,1291.79541015625,18.5234375,33.66455078125
IMG_0039.mp4,9,0.3003,29.97002997002997,16,2,traffic_signs,0.4624347984790802,2638.68896484375,1146.683349609375,2783.287841796875,1274.091064453125,2710.9884033203125,1210.38720703125,144.598876953125,127.40771484375
IMG_0039.mp4,9,0.3003,29.97002997002997,6,2,traffic_signs,0.726725697517395,2408.062255859375,1413.4215087890625,2438.335693359375,1440.8499755859375,2423.198974609375,1427.1357421875,30.2734375,27.428466796875
IMG_0039.mp4,9,0.3003,29.97002997002997,8,2,traffic_signs,0.7146321535110474,2823.017578125,1498.056640625,2846.495361328125,1526.263427734375,2834.7564697265625,1512.1600341796875,23.477783203125,28.206787109375
IMG_0039.mp4,10,0.33366666666666667,29.97002997002997,2,2,traffic_signs,0.928059458732605,1003.4962768554688,921.5202026367188,1100.4837646484375,1011.6401977539062,1051.9900207519531,966.5802001953125,96.98748779296875,90.1199951171875
IMG_0039.mp4,10,0.33366666666666667,29.97002997002997,3,2,traffic_signs,0.9314501285552979,1424.4742431640625,1049.4921875,1474.739013671875,1113.3165283203125,1449.6066284179688,1081.4043579101562,50.2647705078125,63.8243408203125
IMG_0039.mp4,10,0.33366666666666667,29.97002997002997,4,2,traffic_signs,0.9268060922622681,1041.7745361328125,842.0552368164062,1125.27783203125,925.1510620117188,1083.5261840820312,883.6031494140625,83.5032958984375,83.0958251953125
IMG_0039.mp4,10,0.33366666666666667,29.97002997002997,5,2,traffic_signs,0.9227879047393799,496.86431884765625,850.4833984375,578.7344970703125,919.711181640625,537.7994079589844,885.0972900390625,81.87017822265625,69.227783203125
IMG_0039.mp4,10,0.33366666666666667,29.97002997002997,1,2,traffic_signs,0.914595901966095,1752.8441162109375,861.9102783203125,1856.0213623046875,1011.407958984375,1804.4327392578125,936.6591186523438,103.17724609375,149.4976806640625
IMG_0039.mp4,10,0.33366666666666667,29.97002997002997,7,2,traffic_signs,0.6681443452835083,2102.7666015625,1350.9619140625,2123.40966796875,1378.54150390625,2113.088134765625,1364.751708984375,20.64306640625,27.57958984375
IMG_0039.mp4,10,0.33366666666666667,29.97002997002997,9,2,traffic_signs,0.26441624760627747,2650.129150390625,1138.7469482421875,2792.5556640625,1267.3336181640625,2721.3424072265625,1203.040283203125,142.426513671875,128.586669921875
IMG_0039.mp4,10,0.33366666666666667,29.97002997002997,10,2,traffic_signs,0.7828534841537476,1927.9049072265625,1276.3897705078125,1945.71533203125,1311.5625,1936.8101196289062,1293.9761352539062,17.8104248046875,35.1727294921875
IMG_0039.mp4,10,0.33366666666666667,29.97002997002997,16,2,traffic_signs,0.7968941926956177,2647.2001953125,1137.7940673828125,2793.46044921875,1268.1875,2720.330322265625,1202.9907836914062,146.26025390625,130.3934326171875
IMG_0039.mp4,10,0.33366666666666667,29.97002997002997,6,2,traffic_signs,0.8558555245399475,2417.634521484375,1410.4906005859375,2445.401123046875,1437.8082275390625,2431.517822265625,1424.1494140625,27.7666015625,27.317626953125
IMG_0039.mp4,10,0.33366666666666667,29.97002997002997,8,2,traffic_signs,0.8109017014503479,2834.761962890625,1491.1502685546875,2857.351806640625,1520.6959228515625,2846.056884765625,1505.923095703125,22.58984375,29.545654296875
IMG_0039.mp4,10,0.33366666666666667,29.97002997002997,21,2,traffic_signs,0.41606616973876953,1945.767578125,1306.124267578125,1966.655029296875,1339.7266845703125,1956.2113037109375,1322.9254760742188,20.887451171875,33.6024169921875
IMG_0039.mp4,11,0.3670333333333333,29.97002997002997,2,2,traffic_signs,0.9209901094436646,1001.4769897460938,930.9600830078125,1098.83203125,1021.6876831054688,1050.1545104980469,976.3238830566406,97.35504150390625,90.72760009765625
IMG_0039.mp4,11,0.3670333333333333,29.97002997002997,3,2,traffic_signs,0.9290248155593872,1426.7679443359375,1056.19775390625,1476.0689697265625,1121.39208984375,1451.41845703125,1088.794921875,49.301025390625,65.1943359375
IMG_0039.mp4,11,0.3670333333333333,29.97002997002997,4,2,traffic_signs,0.7508887648582458,1038.322509765625,850.9576416015625,1122.6085205078125,934.425048828125,1080.4655151367188,892.6913452148438,84.2860107421875,83.4674072265625
IMG_0039.mp4,11,0.3670333333333333,29.97002997002997,5,2,traffic_signs,0.9081723093986511,495.3722229003906,864.5233154296875,578.4976196289062,935.1630249023438,536.9349212646484,899.8431701660156,83.12539672851562,70.63970947265625
IMG_0039.mp4,11,0.3670333333333333,29.97002997002997,1,2,traffic_signs,0.8926445841789246,1751.18994140625,861.5460815429688,1855.36083984375,1011.3861694335938,1803.275390625,936.4661254882812,104.1708984375,149.840087890625
IMG_0039.mp4,11,0.3670333333333333,29.97002997002997,7,2,traffic_signs,0.7627297043800354,2108.788330078125,1351.5543212890625,2130.301513671875,1379.9366455078125,2119.544921875,1365.7454833984375,21.51318359375,28.38232421875
IMG_0039.mp4,11,0.3670333333333333,29.97002997002997,9,2,traffic_signs,0.2566581070423126,2659.416259765625,1132.0555419921875,2802.41552734375,1258.7535400390625,2730.9158935546875,1195.404541015625,142.999267578125,126.697998046875
IMG_0039.mp4,11,0.3670333333333333,29.97002997002997,10,2,traffic_signs,0.7659500241279602,1933.0450439453125,1279.2298583984375,1951.77978515625,1314.1937255859375,1942.4124145507812,1296.7117919921875,18.7347412109375,34.9638671875
IMG_0039.mp4,11,0.3670333333333333,29.97002997002997,16,2,traffic_signs,0.9411718249320984,2655.138671875,1130.29833984375,2804.535888671875,1262.678466796875,2729.8372802734375,1196.4884033203125,149.397216796875,132.380126953125
IMG_0039.mp4,11,0.3670333333333333,29.97002997002997,6,2,traffic_signs,0.8126205801963806,2423.760986328125,1407.75,2452.51171875,1436.4989013671875,2438.1363525390625,1422.1244506835938,28.750732421875,28.7489013671875
IMG_0039.mp4,11,0.3670333333333333,29.97002997002997,8,2,traffic_signs,0.7970620393753052,2845.34814453125,1485.909912109375,2869.4853515625,1515.0196533203125,2857.416748046875,1500.4647827148438,24.13720703125,29.1097412109375
IMG_0039.mp4,11,0.3670333333333333,29.97002997002997,21,2,traffic_signs,0.31240421533584595,1948.4969482421875,1306.256591796875,1970.55615234375,1342.2530517578125,1959.5265502929688,1324.2548217773438,22.0592041015625,35.9964599609375
IMG_0039.mp4,12,0.40040000000000003,29.97002997002997,2,2,traffic_signs,0.8909241557121277,998.9994506835938,940.0067138671875,1097.9200439453125,1032.453369140625,1048.4597473144531,986.2300415039062,98.92059326171875,92.4466552734375
IMG_0039.mp4,12,0.40040000000000003,29.97002997002997,3,2,traffic_signs,0.9323942065238953,1428.5164794921875,1062.09130859375,1476.7730712890625,1128.407958984375,1452.644775390625,1095.2496337890625,48.256591796875,66.316650390625
IMG_0039.mp4,12,0.40040000000000003,29.97002997002997,4,2,traffic_signs,0.9214467406272888,1034.4434814453125,858.5420532226562,1119.4857177734375,943.0186767578125,1076.964599609375,900.7803649902344,85.042236328125,84.47662353515625
IMG_0039.mp4,12,0.40040000000000003,29.97002997002997,5,2,traffic_signs,0.9036775231361389,494.1637878417969,879.17578125,576.322265625,951.5311279296875,535.2430267333984,915.3534545898438,82.15847778320312,72.3553466796875
IMG_0039.mp4,12,0.40040000000000003,29.97002997002997,1,2,traffic_signs,0.8661300539970398,1749.97216796875,860.8525390625,1854.8865966796875,1011.484375,1802.4293823242188,936.16845703125,104.9144287109375,150.6318359375
IMG_0039.mp4,12,0.40040000000000003,29.97002997002997,7,2,traffic_signs,0.7811905145645142,2115.02734375,1351.5111083984375,2136.543212890625,1380.559326171875,2125.7852783203125,1366.0352172851562,21.515869140625,29.0482177734375
IMG_0039.mp4,12,0.40040000000000003,29.97002997002997,10,2,traffic_signs,0.6999576687812805,1939.11767578125,1279.9261474609375,1956.8851318359375,1314.849609375,1948.0014038085938,1297.3878784179688,17.7674560546875,34.9234619140625
IMG_0039.mp4,12,0.40040000000000003,29.97002997002997,6,2,traffic_signs,0.8232640624046326,2430.125732421875,1405.3043212890625,2459.471435546875,1433.830078125,2444.798583984375,1419.5671997070312,29.345703125,28.5257568359375
IMG_0039.mp4,12,0.40040000000000003,29.97002997002997,8,2,traffic_signs,0.6926283836364746,2856.54833984375,1479.2628173828125,2879.451171875,1509.6746826171875,2867.999755859375,1494.46875,22.90283203125,30.411865234375
IMG_0039.mp4,13,0.4337666666666667,29.97002997002997,2,2,traffic_signs,0.8983363509178162,1000.1220703125,951.4285888671875,1098.685546875,1044.0638427734375,1049.40380859375,997.7462158203125,98.5634765625,92.63525390625
IMG_0039.mp4,13,0.4337666666666667,29.97002997002997,3,2,traffic_signs,0.36546674370765686,1434.0059814453125,1070.4246826171875,1480.603271484375,1136.23095703125,1457.3046264648438,1103.3278198242188,46.5972900390625,65.8062744140625
IMG_0039.mp4,13,0.4337666666666667,29.97002997002997,4,2,traffic_signs,0.7896013855934143,1034.65625,869.4094848632812,1121.2205810546875,955.13671875,1077.9384155273438,912.2731018066406,86.5643310546875,85.72723388671875
IMG_0039.mp4,13,0.4337666666666667,29.97002997002997,5,2,traffic_signs,0.3602414131164551,496.7612609863281,898.870849609375,577.498779296875,967.1973876953125,537.1300201416016,933.0341186523438,80.73751831054688,68.3265380859375
IMG_0039.mp4,13,0.4337666666666667,29.97002997002997,1,2,traffic_signs,0.7640300989151001,1751.2257080078125,861.1174926757812,1857.5689697265625,1013.3339233398438,1804.3973388671875,937.2257080078125,106.34326171875,152.2164306640625
IMG_0039.mp4,13,0.4337666666666667,29.97002997002997,7,2,traffic_signs,0.8175028562545776,2122.4189453125,1355.855712890625,2144.69677734375,1382.208740234375,2133.557861328125,1369.0322265625,22.27783203125,26.35302734375
IMG_0039.mp4,13,0.4337666666666667,29.97002997002997,10,2,traffic_signs,0.6487215757369995,1947.7427978515625,1283.6104736328125,1965.6072998046875,1320.8302001953125,1956.675048828125,1302.2203369140625,17.864501953125,37.2197265625
IMG_0039.mp4,13,0.4337666666666667,29.97002997002997,6,2,traffic_signs,0.8532385230064392,2442.68798828125,1404.0667724609375,2471.260986328125,1433.0714111328125,2456.9744873046875,1418.569091796875,28.572998046875,29.004638671875
IMG_0039.mp4,13,0.4337666666666667,29.97002997002997,8,2,traffic_signs,0.6063876152038574,2869.62255859375,1473.3924560546875,2892.643310546875,1505.6962890625,2881.1329345703125,1489.5443725585938,23.020751953125,32.3038330078125
IMG_0039.mp4,13,0.4337666666666667,29.97002997002997,9,2,traffic_signs,0.9232210516929626,2675.48828125,1113.740966796875,2828.63720703125,1246.959228515625,2752.062744140625,1180.35009765625,153.14892578125,133.21826171875
IMG_0039.mp4,14,0.46713333333333334,29.97002997002997,2,2,traffic_signs,0.5283485054969788,996.7928466796875,959.7527465820312,1095.8818359375,1054.0081787109375,1046.3373413085938,1006.8804626464844,99.0889892578125,94.25543212890625
IMG_0039.mp4,14,0.46713333333333334,29.97002997002997,3,2,traffic_signs,0.9273639917373657,1434.156982421875,1077.34033203125,1479.50048828125,1142.26171875,1456.8287353515625,1109.801025390625,45.343505859375,64.92138671875
IMG_0039.mp4,14,0.46713333333333334,29.97002997002997,4,2,traffic_signs,0.9078975319862366,1029.9932861328125,879.3189697265625,1117.270263671875,964.1380004882812,1073.6317749023438,921.7284851074219,87.2769775390625,84.81903076171875
IMG_0039.mp4,14,0.46713333333333334,29.97002997002997,5,2,traffic_signs,0.9134767055511475,494.8879089355469,916.010498046875,574.5070190429688,983.9893188476562,534.6974639892578,949.9999084472656,79.61911010742188,67.97882080078125
IMG_0039.mp4,14,0.46713333333333334,29.97002997002997,1,2,traffic_signs,0.6011857390403748,1748.3890380859375,859.473876953125,1857.0302734375,1013.1121826171875,1802.7096557617188,936.2930297851562,108.6412353515625,153.6383056640625
IMG_0039.mp4,14,0.46713333333333334,29.97002997002997,7,2,traffic_signs,0.5944489240646362,2130.135009765625,1353.8319091796875,2152.337646484375,1382.0821533203125,2141.236328125,1367.95703125,22.20263671875,28.250244140625
IMG_0039.mp4,14,0.46713333333333334,29.97002997002997,10,2,traffic_signs,0.7555330395698547,1951.754638671875,1285.3577880859375,1969.990966796875,1323.6949462890625,1960.872802734375,1304.5263671875,18.236328125,38.337158203125
IMG_0039.mp4,14,0.46713333333333334,29.97002997002997,6,2,traffic_signs,0.7410969138145447,2451.75,1399.4156494140625,2477.460693359375,1430.082763671875,2464.6053466796875,1414.7492065429688,25.710693359375,30.6671142578125
IMG_0039.mp4,14,0.46713333333333334,29.97002997002997,8,2,traffic_signs,0.7610962390899658,2882.583984375,1465.6976318359375,2904.494140625,1497.174560546875,2893.5390625,1481.4360961914062,21.91015625,31.4769287109375
IMG_0039.mp4,14,0.46713333333333334,29.97002997002997,9,2,traffic_signs,0.9025842547416687,2686.146240234375,1103.3936767578125,2840.91357421875,1239.2667236328125,2763.5299072265625,1171.3302001953125,154.767333984375,135.873046875
IMG_0039.mp4,15,0.5005000000000001,29.97002997002997,2,2,traffic_signs,0.8711579442024231,997.2144165039062,974.6693725585938,1094.328369140625,1067.6251220703125,1045.7713928222656,1021.1472473144531,97.11395263671875,92.95574951171875
IMG_0039.mp4,15,0.5005000000000001,29.97002997002997,3,2,traffic_signs,0.5171791911125183,1440.6822509765625,1084.5721435546875,1483.3963623046875,1152.0560302734375,1462.039306640625,1118.3140869140625,42.714111328125,67.48388671875
IMG_0039.mp4,15,0.5005000000000001,29.97002997002997,4,2,traffic_signs,0.889477014541626,1029.1866455078125,891.190673828125,1117.6773681640625,977.8986206054688,1073.4320068359375,934.5446472167969,88.49072265625,86.70794677734375
IMG_0039.mp4,15,0.5005000000000001,29.97002997002997,5,2,traffic_signs,0.9308931827545166,497.2735900878906,937.4111938476562,574.277099609375,1003.0707397460938,535.7753448486328,970.240966796875,77.00350952148438,65.6595458984375
IMG_0039.mp4,15,0.5005000000000001,29.97002997002997,1,2,traffic_signs,0.43900078535079956,1748.3170166015625,862.0556030273438,1857.8177490234375,1017.8980102539062,1803.0673828125,939.976806640625,109.500732421875,155.8424072265625
IMG_0039.mp4,15,0.5005000000000001,29.97002997002997,7,2,traffic_signs,0.7866721153259277,2137.3642578125,1357.2353515625,2160.374267578125,1382.4520263671875,2148.8692626953125,1369.8436889648438,23.010009765625,25.2166748046875
IMG_0039.mp4,15,0.5005000000000001,29.97002997002997,10,2,traffic_signs,0.7540926933288574,1957.1358642578125,1290.289306640625,1976.3175048828125,1328.277587890625,1966.7266845703125,1309.283447265625,19.181640625,37.98828125
IMG_0039.mp4,15,0.5005000000000001,29.97002997002997,6,2,traffic_signs,0.8421439528465271,2460.045166015625,1397.4737548828125,2490.027099609375,1430.6680908203125,2475.0361328125,1414.0709228515625,29.98193359375,33.1943359375
IMG_0039.mp4,15,0.5005000000000001,29.97002997002997,8,2,traffic_signs,0.3512885570526123,2891.831787109375,1463.9921875,2913.68310546875,1492.8853759765625,2902.7574462890625,1478.4387817382812,21.851318359375,28.8931884765625
IMG_0039.mp4,15,0.5005000000000001,29.97002997002997,9,2,traffic_signs,0.9207040071487427,2696.587890625,1096.2542724609375,2855.037109375,1236.54248046875,2775.8125,1166.3983764648438,158.44921875,140.2882080078125
IMG_0039.mp4,16,0.5338666666666667,29.97002997002997,2,2,traffic_signs,0.9101665019989014,998.8411254882812,985.8916015625,1096.017578125,1081.0511474609375,1047.4293518066406,1033.4713745117188,97.17645263671875,95.1595458984375
IMG_0039.mp4,16,0.5338666666666667,29.97002997002997,3,2,traffic_signs,0.9375138878822327,1443.7034912109375,1092.6328125,1488.2608642578125,1161.054931640625,1465.982177734375,1126.8438720703125,44.557373046875,68.422119140625
IMG_0039.mp4,16,0.5338666666666667,29.97002997002997,4,2,traffic_signs,0.8192814588546753,1029.4107666015625,902.189697265625,1121.263671875,988.9765014648438,1075.3372192382812,945.5830993652344,91.8529052734375,86.78680419921875
IMG_0039.mp4,16,0.5338666666666667,29.97002997002997,5,2,traffic_signs,0.9127889275550842,501.3533935546875,954.7305297851562,578.3751220703125,1023.4097900390625,539.8642578125,989.0701599121094,77.021728515625,68.67926025390625
IMG_0039.mp4,16,0.5338666666666667,29.97002997002997,1,2,traffic_signs,0.6902323365211487,1750.1524658203125,864.8857421875,1859.5919189453125,1021.3975830078125,1804.8721923828125,943.1416625976562,109.439453125,156.5118408203125
IMG_0039.mp4,16,0.5338666666666667,29.97002997002997,7,2,traffic_signs,0.7572110295295715,2145.247802734375,1359.4774169921875,2170.323486328125,1382.380615234375,2157.78564453125,1370.9290161132812,25.07568359375,22.9031982421875
IMG_0039.mp4,16,0.5338666666666667,29.97002997002997,10,2,traffic_signs,0.7339280843734741,1966.5186767578125,1295.6004638671875,1985.5343017578125,1329.6885986328125,1976.0264892578125,1312.64453125,19.015625,34.088134765625
IMG_0039.mp4,16,0.5338666666666667,29.97002997002997,6,2,traffic_signs,0.7513700127601624,2468.02978515625,1399.3497314453125,2503.256591796875,1428.0072021484375,2485.6431884765625,1413.678466796875,35.226806640625,28.657470703125
IMG_0039.mp4,16,0.5338666666666667,29.97002997002997,9,2,traffic_signs,0.930366039276123,2708.97802734375,1089.5233154296875,2869.838134765625,1230.7470703125,2789.4080810546875,1160.1351928710938,160.860107421875,141.2237548828125
IMG_0039.mp4,17,0.5672333333333334,29.97002997002997,2,2,traffic_signs,0.8203492760658264,998.1602783203125,998.0935668945312,1096.6962890625,1091.0196533203125,1047.4282836914062,1044.5566101074219,98.5360107421875,92.92608642578125
IMG_0039.mp4,17,0.5672333333333334,29.97002997002997,3,2,traffic_signs,0.9236598610877991,1445.096435546875,1099.51953125,1490.5667724609375,1169.3798828125,1467.8316040039062,1134.44970703125,45.4703369140625,69.8603515625
IMG_0039.mp4,17,0.5672333333333334,29.97002997002997,4,2,traffic_signs,0.8627554178237915,1027.677490234375,913.2243041992188,1119.5203857421875,1000.4606323242188,1073.5989379882812,956.8424682617188,91.8428955078125,87.236328125
IMG_0039.mp4,17,0.5672333333333334,29.97002997002997,5,2,traffic_signs,0.9363922476768494,503.366943359375,970.3334350585938,580.1903076171875,1039.3564453125,541.7786254882812,1004.8449401855469,76.8233642578125,69.02301025390625
IMG_0039.mp4,17,0.5672333333333334,29.97002997002997,1,2,traffic_signs,0.7203895449638367,1750.21728515625,867.2101440429688,1860.227783203125,1025.1993408203125,1805.2225341796875,946.2047424316406,110.010498046875,157.98919677734375
IMG_0039.mp4,17,0.5672333333333334,29.97002997002997,10,2,traffic_signs,0.7385002374649048,1974.9630126953125,1299.4056396484375,1993.0306396484375,1329.524169921875,1983.996826171875,1314.4649047851562,18.067626953125,30.1185302734375
IMG_0039.mp4,17,0.5672333333333334,29.97002997002997,9,2,traffic_signs,0.49125030636787415,2720.06298828125,1084.979736328125,2882.48779296875,1227.7674560546875,2801.275390625,1156.3735961914062,162.4248046875,142.7877197265625
IMG_0039.mp4,18,0.6006,29.97002997002997,2,2,traffic_signs,0.483521968126297,1004.9553833007812,1001.8665161132812,1101.8375244140625,1096.203369140625,1053.3964538574219,1049.0349426269531,96.88214111328125,94.33685302734375
IMG_0039.mp4,18,0.6006,29.97002997002997,3,2,traffic_signs,0.9302753210067749,1452.35009765625,1102.5250244140625,1499.0240478515625,1171.2928466796875,1475.6870727539062,1136.908935546875,46.6739501953125,68.767822265625
IMG_0039.mp4,18,0.6006,29.97002997002997,4,2,traffic_signs,0.6380293369293213,1030.7811279296875,919.5352172851562,1123.7470703125,1006.35888671875,1077.2640991210938,962.9470520019531,92.9659423828125,86.82366943359375
IMG_0039.mp4,18,0.6006,29.97002997002997,5,2,traffic_signs,0.8954851031303406,511.19622802734375,979.9675903320312,587.89013671875,1049.471923828125,549.5431823730469,1014.7197570800781,76.69390869140625,69.50433349609375
IMG_0039.mp4,18,0.6006,29.97002997002997,1,2,traffic_signs,0.5673897862434387,1755.0369873046875,864.5103759765625,1865.46044921875,1023.595703125,1810.2487182617188,944.0530395507812,110.4234619140625,159.0853271484375
IMG_0039.mp4,18,0.6006,29.97002997002997,9,2,traffic_signs,0.909929096698761,2740.021728515625,1076.7554931640625,2890.568115234375,1176.55859375,2815.294921875,1126.6570434570312,150.54638671875,99.8031005859375
IMG_0039.mp4,18,0.6006,29.97002997002997,7,2,traffic_signs,0.8522893786430359,2164.39013671875,1360.60986328125,2190.708984375,1385.015869140625,2177.549560546875,1372.8128662109375,26.31884765625,24.406005859375
IMG_0039.mp4,18,0.6006,29.97002997002997,6,2,traffic_signs,0.8250963091850281,2491.486572265625,1396.2127685546875,2527.2900390625,1422.132080078125,2509.3883056640625,1409.1724243164062,35.803466796875,25.9193115234375
IMG_0039.mp4,19,0.6339666666666667,29.97002997002997,2,2,traffic_signs,0.9127152562141418,1007.0786743164062,1013.5567626953125,1104.1973876953125,1106.6456298828125,1055.6380310058594,1060.1011962890625,97.11871337890625,93.0888671875
IMG_0039.mp4,19,0.6339666666666667,29.97002997002997,4,2,traffic_signs,0.9197785258293152,1036.3662109375,929.528564453125,1125.5643310546875,1013.635498046875,1080.9652709960938,971.58203125,89.1981201171875,84.10693359375
IMG_0039.mp4,19,0.6339666666666667,29.97002997002997,5,2,traffic_signs,0.901077389717102,519.3543090820312,997.6178588867188,595.3167724609375,1066.202392578125,557.3355407714844,1031.9101257324219,75.96246337890625,68.58453369140625
IMG_0039.mp4,19,0.6339666666666667,29.97002997002997,1,2,traffic_signs,0.8899688720703125,1756.276123046875,864.2592163085938,1864.302978515625,984.9520874023438,1810.28955078125,924.6056518554688,108.02685546875,120.69287109375
IMG_0039.mp4,19,0.6339666666666667,29.97002997002997,9,2,traffic_signs,0.9329357147216797,2753.552001953125,1066.94970703125,2914.847900390625,1200.6224365234375,2834.199951171875,1133.7860717773438,161.2958984375,133.6727294921875
IMG_0039.mp4,19,0.6339666666666667,29.97002997002997,7,2,traffic_signs,0.8521074056625366,2175.943359375,1360.8590087890625,2201.146484375,1387.5838623046875,2188.544921875,1374.221435546875,25.203125,26.724853515625
IMG_0039.mp4,19,0.6339666666666667,29.97002997002997,6,2,traffic_signs,0.7708059549331665,2504.96435546875,1392.65966796875,2540.83154296875,1418.66943359375,2522.89794921875,1405.66455078125,35.8671875,26.009765625
IMG_0039.mp4,19,0.6339666666666667,29.97002997002997,10,2,traffic_signs,0.7501479387283325,1993.91650390625,1301.5877685546875,2013.6690673828125,1334.9066162109375,2003.7927856445312,1318.2471923828125,19.7525634765625,33.31884765625
IMG_0039.mp4,20,0.6673333333333333,29.97002997002997,2,2,traffic_signs,0.845720112323761,1009.555419921875,1027.21044921875,1101.37548828125,1112.865234375,1055.4654541015625,1070.037841796875,91.820068359375,85.65478515625
IMG_0039.mp4,20,0.6673333333333333,29.97002997002997,4,2,traffic_signs,0.8933117389678955,1036.5657958984375,937.2843627929688,1119.6326904296875,1021.6138916015625,1078.0992431640625,979.4491271972656,83.06689453125,84.32952880859375
IMG_0039.mp4,20,0.6673333333333333,29.97002997002997,5,2,traffic_signs,0.930823564529419,525.17236328125,1011.592041015625,600.295654296875,1080.13427734375,562.7340087890625,1045.8631591796875,75.123291015625,68.542236328125
IMG_0039.mp4,20,0.6673333333333333,29.97002997002997,1,2,traffic_signs,0.8599187731742859,1759.0147705078125,862.8469848632812,1871.42333984375,1013.3773803710938,1815.2190551757812,938.1121826171875,112.4085693359375,150.5303955078125
IMG_0039.mp4,20,0.6673333333333333,29.97002997002997,9,2,traffic_signs,0.9320793747901917,2769.775634765625,1059.960205078125,2934.046142578125,1199.7945556640625,2851.910888671875,1129.8773803710938,164.2705078125,139.8343505859375
IMG_0039.mp4,20,0.6673333333333333,29.97002997002997,7,2,traffic_signs,0.821539044380188,2187.982177734375,1360.6771240234375,2210.7919921875,1387.22607421875,2199.3870849609375,1373.9515991210938,22.809814453125,26.5489501953125
IMG_0039.mp4,20,0.6673333333333333,29.97002997002997,6,2,traffic_signs,0.8662133812904358,2517.42041015625,1391.3634033203125,2551.292236328125,1418.15771484375,2534.3563232421875,1404.7605590820312,33.871826171875,26.7943115234375
IMG_0039.mp4,20,0.6673333333333333,29.97002997002997,10,2,traffic_signs,0.7439374327659607,2004.0081787109375,1304.144287109375,2022.819091796875,1338.9219970703125,2013.4136352539062,1321.5331420898438,18.8109130859375,34.7777099609375
IMG_0039.mp4,20,0.6673333333333333,29.97002997002997,3,2,traffic_signs,0.937804639339447,1466.518798828125,1116.150634765625,1512.13232421875,1183.1102294921875,1489.3255615234375,1149.6304321289062,45.613525390625,66.9595947265625
IMG_0039.mp4,21,0.7007,29.97002997002997,2,2,traffic_signs,0.9115291833877563,1012.2777099609375,1033.804443359375,1109.9620361328125,1123.974853515625,1061.119873046875,1078.8896484375,97.684326171875,90.17041015625
IMG_0039.mp4,21,0.7007,29.97002997002997,4,2,traffic_signs,0.8880307078361511,1040.8028564453125,944.3233032226562,1129.092529296875,1031.6153564453125,1084.9476928710938,987.9693298339844,88.2896728515625,87.29205322265625
IMG_0039.mp4,21,0.7007,29.97002997002997,5,2,traffic_signs,0.9249157905578613,532.0906982421875,1025.1787109375,607.9003295898438,1095.32373046875,569.9955139160156,1060.251220703125,75.80963134765625,70.14501953125
IMG_0039.mp4,21,0.7007,29.97002997002997,1,2,traffic_signs,0.917809784412384,1761.931884765625,860.8326416015625,1877.1666259765625,1021.4786376953125,1819.5492553710938,941.1556396484375,115.2347412109375,160.64599609375
IMG_0039.mp4,21,0.7007,29.97002997002997,9,2,traffic_signs,0.910895824432373,2783.13916015625,1050.0399169921875,2953.1796875,1195.1363525390625,2868.159423828125,1122.588134765625,170.04052734375,145.096435546875
IMG_0039.mp4,21,0.7007,29.97002997002997,7,2,traffic_signs,0.8340535759925842,2198.90869140625,1359.351318359375,2220.43115234375,1387.868896484375,2209.669921875,1373.610107421875,21.5224609375,28.517578125
IMG_0039.mp4,21,0.7007,29.97002997002997,6,2,traffic_signs,0.851434588432312,2530.77587890625,1389.06298828125,2562.18115234375,1415.7677001953125,2546.478515625,1402.4153442382812,31.4052734375,26.7047119140625
IMG_0039.mp4,21,0.7007,29.97002997002997,10,2,traffic_signs,0.6936377286911011,2013.3778076171875,1305.0316162109375,2032.74951171875,1341.358642578125,2023.0636596679688,1323.1951293945312,19.3717041015625,36.3270263671875
IMG_0039.mp4,21,0.7007,29.97002997002997,3,2,traffic_signs,0.9334162473678589,1472.0828857421875,1121.6868896484375,1518.437255859375,1189.0250244140625,1495.2600708007812,1155.35595703125,46.3543701171875,67.338134765625
IMG_0039.mp4,22,0.7340666666666666,29.97002997002997,2,2,traffic_signs,0.7609682679176331,1015.702880859375,1041.1903076171875,1116.2650146484375,1132.12744140625,1065.9839477539062,1086.6588745117188,100.5621337890625,90.9371337890625
IMG_0039.mp4,22,0.7340666666666666,29.97002997002997,4,2,traffic_signs,0.8410818576812744,1045.8621826171875,951.359130859375,1134.323974609375,1038.313232421875,1090.0930786132812,994.836181640625,88.4617919921875,86.9541015625
IMG_0039.mp4,22,0.7340666666666666,29.97002997002997,5,2,traffic_signs,0.792435884475708,538.4219970703125,1037.6927490234375,597.7404174804688,1109.4473876953125,568.0812072753906,1073.570068359375,59.31842041015625,71.754638671875
IMG_0039.mp4,22,0.7340666666666666,29.97002997002997,1,2,traffic_signs,0.9238625168800354,1764.8077392578125,859.1470336914062,1883.0750732421875,1024.6124267578125,1823.94140625,941.8797302246094,118.267333984375,165.46539306640625
IMG_0039.mp4,22,0.7340666666666666,29.97002997002997,9,2,traffic_signs,0.9337752461433411,2797.29052734375,1041.0157470703125,2970.580810546875,1190.8485107421875,2883.9356689453125,1115.93212890625,173.290283203125,149.832763671875
IMG_0039.mp4,22,0.7340666666666666,29.97002997002997,7,2,traffic_signs,0.8410641551017761,2210.102294921875,1358.4632568359375,2231.272216796875,1387.663818359375,2220.687255859375,1373.0635375976562,21.169921875,29.2005615234375
IMG_0039.mp4,22,0.7340666666666666,29.97002997002997,6,2,traffic_signs,0.8495852947235107,2541.773681640625,1386.8433837890625,2572.782470703125,1414.1695556640625,2557.278076171875,1400.5064697265625,31.0087890625,27.326171875
IMG_0039.mp4,22,0.7340666666666666,29.97002997002997,10,2,traffic_signs,0.6661452054977417,2023.534423828125,1305.4332275390625,2041.9324951171875,1341.265625,2032.7334594726562,1323.3494262695312,18.3980712890625,35.8323974609375
IMG_0039.mp4,22,0.7340666666666666,29.97002997002997,3,2,traffic_signs,0.9323630332946777,1478.6839599609375,1127.026611328125,1524.14794921875,1194.2705078125,1501.4159545898438,1160.6485595703125,45.4639892578125,67.243896484375
IMG_0039.mp4,23,0.7674333333333333,29.97002997002997,2,2,traffic_signs,0.8486168384552002,1019.0525512695312,1048.4287109375,1119.9384765625,1139.931640625,1069.4955139160156,1094.18017578125,100.88592529296875,91.5029296875
IMG_0039.mp4,23,0.7674333333333333,29.97002997002997,4,2,traffic_signs,0.8862977623939514,1050.1678466796875,959.2752075195312,1138.778076171875,1047.1270751953125,1094.4729614257812,1003.2011413574219,88.6102294921875,87.85186767578125
IMG_0039.mp4,23,0.7674333333333333,29.97002997002997,5,2,traffic_signs,0.9218940734863281,542.6687622070312,1050.2086181640625,617.6636962890625,1119.4404296875,580.1662292480469,1084.8245239257812,74.99493408203125,69.2318115234375
IMG_0039.mp4,23,0.7674333333333333,29.97002997002997,1,2,traffic_signs,0.9242311120033264,1767.4976806640625,858.2677612304688,1886.6505126953125,1025.402587890625,1827.0740966796875,941.8351745605469,119.15283203125,167.13482666015625
IMG_0039.mp4,23,0.7674333333333333,29.97002997002997,9,2,traffic_signs,0.948702871799469,2811.927490234375,1033.1627197265625,2988.368896484375,1185.4368896484375,2900.148193359375,1109.2998046875,176.44140625,152.274169921875
IMG_0039.mp4,23,0.7674333333333333,29.97002997002997,7,2,traffic_signs,0.8261961340904236,2218.4423828125,1359.3912353515625,2239.5341796875,1388.9642333984375,2228.98828125,1374.177734375,21.091796875,29.572998046875
IMG_0039.mp4,23,0.7674333333333333,29.97002997002997,6,2,traffic_signs,0.8277682065963745,2552.694091796875,1382.646240234375,2585.835205078125,1413.865478515625,2569.2646484375,1398.255859375,33.14111328125,31.21923828125
IMG_0039.mp4,23,0.7674333333333333,29.97002997002997,10,2,traffic_signs,0.3427008390426636,2031.0181884765625,1307.17626953125,2050.404052734375,1342.6595458984375,2040.7111206054688,1324.9179077148438,19.3858642578125,35.4832763671875
IMG_0039.mp4,23,0.7674333333333333,29.97002997002997,3,2,traffic_signs,0.9380015730857849,1484.9166259765625,1132.1326904296875,1529.1182861328125,1199.4013671875,1507.0174560546875,1165.7670288085938,44.20166015625,67.2686767578125
IMG_0039.mp4,24,0.8008000000000001,29.97002997002997,2,2,traffic_signs,0.8715552091598511,1020.5736694335938,1057.7308349609375,1123.1131591796875,1150.39892578125,1071.8434143066406,1104.0648803710938,102.53948974609375,92.6680908203125
IMG_0039.mp4,24,0.8008000000000001,29.97002997002997,4,2,traffic_signs,0.7403987646102905,1050.3360595703125,968.3054809570312,1139.80810546875,1056.14013671875,1095.0720825195312,1012.2228088378906,89.4720458984375,87.83465576171875
IMG_0039.mp4,24,0.8008000000000001,29.97002997002997,5,2,traffic_signs,0.9336574673652649,547.21923828125,1063.012939453125,623.7491455078125,1131.8577880859375,585.4841918945312,1097.4353637695312,76.5299072265625,68.8448486328125
IMG_0039.mp4,24,0.8008000000000001,29.97002997002997,1,2,traffic_signs,0.9224438071250916,1769.949462890625,858.9060668945312,1888.5509033203125,1026.919189453125,1829.2501831054688,942.9126281738281,118.6014404296875,168.01312255859375
IMG_0039.mp4,24,0.8008000000000001,29.97002997002997,9,2,traffic_signs,0.8692562580108643,2869.077880859375,1039.1798095703125,3003.04638671875,1177.4130859375,2936.0621337890625,1108.2964477539062,133.968505859375,138.2332763671875
IMG_0039.mp4,24,0.8008000000000001,29.97002997002997,7,2,traffic_signs,0.8473837971687317,2225.99169921875,1360.850341796875,2248.732177734375,1389.773193359375,2237.3619384765625,1375.311767578125,22.740478515625,28.9228515625
IMG_0039.mp4,24,0.8008000000000001,29.97002997002997,10,2,traffic_signs,0.7671856880187988,2038.3369140625,1310.9405517578125,2058.22900390625,1348.395263671875,2048.282958984375,1329.6679077148438,19.89208984375,37.4547119140625
IMG_0039.mp4,24,0.8008000000000001,29.97002997002997,3,2,traffic_signs,0.7075361609458923,1489.7724609375,1139.617431640625,1533.4805908203125,1205.594970703125,1511.6265258789062,1172.606201171875,43.7081298828125,65.9775390625
IMG_0039.mp4,25,0.8341666666666667,29.97002997002997,2,2,traffic_signs,0.45159128308296204,1026.54931640625,1064.1427001953125,1131.029541015625,1156.9814453125,1078.7894287109375,1110.5620727539062,104.480224609375,92.8387451171875
IMG_0039.mp4,25,0.8341666666666667,29.97002997002997,5,2,traffic_signs,0.9202473759651184,558.0123291015625,1075.2413330078125,634.32568359375,1143.0484619140625,596.1690063476562,1109.1448974609375,76.3133544921875,67.80712890625
IMG_0039.mp4,25,0.8341666666666667,29.97002997002997,1,2,traffic_signs,0.9280743598937988,1775.1246337890625,857.0643920898438,1895.0445556640625,1027.1505126953125,1835.0845947265625,942.1074523925781,119.919921875,170.08612060546875
IMG_0039.mp4,25,0.8341666666666667,29.97002997002997,9,2,traffic_signs,0.9360824227333069,2854.789794921875,1022.2698974609375,3023.45703125,1170.621337890625,2939.1234130859375,1096.4456176757812,168.667236328125,148.3514404296875
IMG_0039.mp4,25,0.8341666666666667,29.97002997002997,7,2,traffic_signs,0.8328621983528137,2238.062744140625,1362.937255859375,2261.51220703125,1389.56494140625,2249.7874755859375,1376.2510986328125,23.449462890625,26.627685546875
IMG_0039.mp4,25,0.8341666666666667,29.97002997002997,10,2,traffic_signs,0.6484258770942688,2049.583984375,1313.86083984375,2070.053955078125,1354.3636474609375,2059.8189697265625,1334.1122436523438,20.469970703125,40.5028076171875
IMG_0039.mp4,25,0.8341666666666667,29.97002997002997,3,2,traffic_signs,0.9315224885940552,1496.670654296875,1142.034912109375,1542.008056640625,1210.939453125,1519.33935546875,1176.4871826171875,45.33740234375,68.904541015625
IMG_0039.mp4,25,0.8341666666666667,29.97002997002997,6,2,traffic_signs,0.6257211565971375,2576.60888671875,1381.2459716796875,2607.643310546875,1411.8099365234375,2592.1260986328125,1396.5279541015625,31.034423828125,30.56396484375
IMG_0039.mp4,26,0.8675333333333334,29.97002997002997,2,2,traffic_signs,0.8493624925613403,1030.7362060546875,1009.9124755859375,1141.7664794921875,1166.1717529296875,1086.2513427734375,1088.0421142578125,111.0302734375,156.25927734375
IMG_0039.mp4,26,0.8675333333333334,29.97002997002997,5,2,traffic_signs,0.9148887991905212,562.928955078125,1085.240234375,639.1421508789062,1152.1302490234375,601.0355529785156,1118.6852416992188,76.21319580078125,66.8900146484375
IMG_0039.mp4,26,0.8675333333333334,29.97002997002997,1,2,traffic_signs,0.9356850981712341,1778.21435546875,853.2052612304688,1900.706298828125,1026.725830078125,1839.4603271484375,939.9655456542969,122.491943359375,173.52056884765625
IMG_0039.mp4,26,0.8675333333333334,29.97002997002997,9,2,traffic_signs,0.9335587620735168,2864.87255859375,1012.2515869140625,3042.35791015625,1166.7662353515625,2953.615234375,1089.5089111328125,177.4853515625,154.5146484375
IMG_0039.mp4,26,0.8675333333333334,29.97002997002997,10,2,traffic_signs,0.6455557942390442,2059.76025390625,1315.8355712890625,2078.449462890625,1351.63671875,2069.1048583984375,1333.7361450195312,18.689208984375,35.8011474609375
IMG_0039.mp4,26,0.8675333333333334,29.97002997002997,3,2,traffic_signs,0.9159215688705444,1502.7911376953125,1147.233154296875,1547.2860107421875,1215.4810791015625,1525.03857421875,1181.3571166992188,44.494873046875,68.2479248046875
IMG_0039.mp4,26,0.8675333333333334,29.97002997002997,6,2,traffic_signs,0.7859411239624023,2588.47509765625,1379.830810546875,2616.238037109375,1412.681884765625,2602.3565673828125,1396.25634765625,27.762939453125,32.85107421875
IMG_0039.mp4,27,0.9009,29.97002997002997,2,2,traffic_signs,0.8995064496994019,1038.2740478515625,997.8101806640625,1151.5323486328125,1173.4891357421875,1094.9031982421875,1085.649658203125,113.25830078125,175.678955078125
IMG_0039.mp4,27,0.9009,29.97002997002997,5,2,traffic_signs,0.895678699016571,574.4319458007812,1097.1949462890625,649.0014038085938,1163.3717041015625,611.7166748046875,1130.2833251953125,74.5694580078125,66.1767578125
IMG_0039.mp4,27,0.9009,29.97002997002997,1,2,traffic_signs,0.9530531764030457,1784.888427734375,851.474365234375,1908.9140625,1026.328857421875,1846.9012451171875,938.901611328125,124.025634765625,174.8544921875
IMG_0039.mp4,27,0.9009,29.97002997002997,9,2,traffic_signs,0.9325425028800964,2878.9677734375,1002.8857421875,3063.091064453125,1159.369140625,2971.0294189453125,1081.12744140625,184.123291015625,156.4833984375
IMG_0039.mp4,27,0.9009,29.97002997002997,3,2,traffic_signs,0.9451703429222107,1512.2955322265625,1152.8902587890625,1556.096923828125,1220.2354736328125,1534.1962280273438,1186.5628662109375,43.8013916015625,67.34521484375
IMG_0039.mp4,27,0.9009,29.97002997002997,6,2,traffic_signs,0.7053481936454773,2602.46240234375,1379.176025390625,2629.3896484375,1412.69384765625,2615.926025390625,1395.9349365234375,26.92724609375,33.517822265625
IMG_0039.mp4,27,0.9009,29.97002997002997,7,2,traffic_signs,0.8371433019638062,2260.31103515625,1363.3922119140625,2284.250244140625,1391.966064453125,2272.2806396484375,1377.6791381835938,23.939208984375,28.5738525390625
IMG_0039.mp4,28,0.9342666666666667,29.97002997002997,2,2,traffic_signs,0.3004503548145294,1046.137451171875,992.471923828125,1159.5040283203125,1180.3031005859375,1102.8207397460938,1086.3875122070312,113.3665771484375,187.8311767578125
IMG_0039.mp4,28,0.9342666666666667,29.97002997002997,5,2,traffic_signs,0.9258451461791992,583.24755859375,1105.4764404296875,659.9498291015625,1172.2528076171875,621.5986938476562,1138.8646240234375,76.7022705078125,66.7763671875
IMG_0039.mp4,28,0.9342666666666667,29.97002997002997,1,2,traffic_signs,0.9444570541381836,1790.97265625,849.4160766601562,1914.70361328125,1025.3680419921875,1852.838134765625,937.3920593261719,123.73095703125,175.95196533203125
IMG_0039.mp4,28,0.9342666666666667,29.97002997002997,9,2,traffic_signs,0.9067496061325073,2896.10546875,994.728759765625,3085.267578125,1153.4197998046875,2990.6865234375,1074.0742797851562,189.162109375,158.6910400390625
IMG_0039.mp4,28,0.9342666666666667,29.97002997002997,3,2,traffic_signs,0.9269187450408936,1520.1488037109375,1154.4444580078125,1566.4942626953125,1223.4876708984375,1543.321533203125,1188.966064453125,46.345458984375,69.043212890625
IMG_0039.mp4,28,0.9342666666666667,29.97002997002997,6,2,traffic_signs,0.8280966877937317,2617.87548828125,1378.7308349609375,2641.275390625,1412.626220703125,2629.575439453125,1395.6785278320312,23.39990234375,33.8953857421875
IMG_0039.mp4,28,0.9342666666666667,29.97002997002997,7,2,traffic_signs,0.8315735459327698,2272.232177734375,1361.6544189453125,2296.740478515625,1391.1353759765625,2284.486328125,1376.3948974609375,24.50830078125,29.48095703125
IMG_0039.mp4,28,0.9342666666666667,29.97002997002997,10,2,traffic_signs,0.6412856578826904,2081.513427734375,1318.4176025390625,2101.3125,1355.4593505859375,2091.4129638671875,1336.9384765625,19.799072265625,37.041748046875
IMG_0039.mp4,29,0.9676333333333333,29.97002997002997,2,2,traffic_signs,0.4708661139011383,1052.33544921875,993.629150390625,1166.0128173828125,1186.3551025390625,1109.1741333007812,1089.9921264648438,113.6773681640625,192.7259521484375
IMG_0039.mp4,29,0.9676333333333333,29.97002997002997,5,2,traffic_signs,0.9343470335006714,594.1278686523438,1112.9239501953125,669.5674438476562,1180.8419189453125,631.84765625,1146.8829345703125,75.4395751953125,67.91796875
IMG_0039.mp4,29,0.9676333333333333,29.97002997002997,1,2,traffic_signs,0.9393188953399658,1797.3011474609375,847.4964599609375,1921.74462890625,1023.515869140625,1859.5228881835938,935.5061645507812,124.4434814453125,176.0194091796875
IMG_0039.mp4,29,0.9676333333333333,29.97002997002997,9,2,traffic_signs,0.9635992050170898,2913.65283203125,987.42822265625,3107.54736328125,1148.032958984375,3010.60009765625,1067.7305908203125,193.89453125,160.604736328125
IMG_0039.mp4,29,0.9676333333333333,29.97002997002997,6,2,traffic_signs,0.696111261844635,2631.773681640625,1378.330322265625,2653.39990234375,1412.3555908203125,2642.5867919921875,1395.3429565429688,21.626220703125,34.0252685546875
IMG_0039.mp4,29,0.9676333333333333,29.97002997002997,7,2,traffic_signs,0.8350540399551392,2283.9375,1365.1444091796875,2308.821044921875,1392.492919921875,2296.3792724609375,1378.8186645507812,24.883544921875,27.3485107421875
IMG_0039.mp4,29,0.9676333333333333,29.97002997002997,42,2,traffic_signs,0.35067495703697205,1051.84375,1088.1494140625,1153.0059814453125,1182.4542236328125,1102.4248657226562,1135.3018188476562,101.1622314453125,94.3048095703125
IMG_0039.mp4,29,0.9676333333333333,29.97002997002997,43,2,traffic_signs,0.5613444447517395,1930.4541015625,1317.6968994140625,1945.8875732421875,1354.9334716796875,1938.1708374023438,1336.315185546875,15.4334716796875,37.236572265625
IMG_0039.mp4,29,0.9676333333333333,29.97002997002997,10,2,traffic_signs,0.7899656295776367,2091.652099609375,1319.077880859375,2112.226318359375,1356.163818359375,2101.939208984375,1337.620849609375,20.57421875,37.0859375
IMG_0039.mp4,30,1.0010000000000001,29.97002997002997,2,2,traffic_signs,0.4340856075286865,1061.1431884765625,999.6090087890625,1170.96728515625,1193.6368408203125,1116.0552368164062,1096.6229248046875,109.8240966796875,194.02783203125
IMG_0039.mp4,30,1.0010000000000001,29.97002997002997,5,2,traffic_signs,0.916147768497467,607.763671875,1121.0860595703125,681.7691040039062,1187.9896240234375,644.7663879394531,1154.537841796875,74.00543212890625,66.903564453125
IMG_0039.mp4,30,1.0010000000000001,29.97002997002997,1,2,traffic_signs,0.9435676336288452,1804.5687255859375,845.1675415039062,1930.1529541015625,1022.3828125,1867.36083984375,933.7751770019531,125.584228515625,177.21527099609375
IMG_0039.mp4,30,1.0010000000000001,29.97002997002997,9,2,traffic_signs,0.9574381709098816,2934.40087890625,979.884765625,3131.526123046875,1143.47509765625,3032.9635009765625,1061.679931640625,197.125244140625,163.59033203125
IMG_0039.mp4,30,1.0010000000000001,29.97002997002997,6,2,traffic_signs,0.8423827886581421,2646.322998046875,1378.5545654296875,2668.732421875,1411.393798828125,2657.5277099609375,1394.9741821289062,22.409423828125,32.8392333984375
IMG_0039.mp4,30,1.0010000000000001,29.97002997002997,7,2,traffic_signs,0.8233418464660645,2297.37548828125,1365.4918212890625,2321.152587890625,1392.8941650390625,2309.2640380859375,1379.1929931640625,23.777099609375,27.40234375
IMG_0039.mp4,30,1.0010000000000001,29.97002997002997,42,2,traffic_signs,0.5007016658782959,1061.060791015625,1090.7353515625,1160.738037109375,1188.828369140625,1110.8994140625,1139.7818603515625,99.67724609375,98.093017578125
IMG_0039.mp4,30,1.0010000000000001,29.97002997002997,43,2,traffic_signs,0.47277021408081055,1942.4237060546875,1321.3076171875,1957.8995361328125,1354.018798828125,1950.16162109375,1337.6632080078125,15.475830078125,32.711181640625
IMG_0039.mp4,30,1.0010000000000001,29.97002997002997,10,2,traffic_signs,0.49936744570732117,2103.90771484375,1319.85546875,2124.19580078125,1355.643798828125,2114.0517578125,1337.7496337890625,20.2880859375,35.788330078125
IMG_0039.mp4,30,1.0010000000000001,29.97002997002997,3,2,traffic_signs,0.8926147818565369,1546.001708984375,1160.6102294921875,1583.3612060546875,1221.7239990234375,1564.6814575195312,1191.1671142578125,37.3594970703125,61.11376953125
IMG_0039.mp4,31,1.0343666666666667,29.97002997002997,5,2,traffic_signs,0.9334120750427246,621.1842041015625,1128.0050048828125,693.7163696289062,1194.5206298828125,657.4502868652344,1161.2628173828125,72.53216552734375,66.515625
IMG_0039.mp4,31,1.0343666666666667,29.97002997002997,1,2,traffic_signs,0.9471632242202759,1811.2996826171875,843.1395874023438,1938.2620849609375,1021.3353881835938,1874.7808837890625,932.2374877929688,126.96240234375,178.19580078125
IMG_0039.mp4,31,1.0343666666666667,29.97002997002997,9,2,traffic_signs,0.9476535320281982,2956.412353515625,973.02294921875,3155.254150390625,1138.3663330078125,3055.833251953125,1055.6946411132812,198.841796875,165.3433837890625
IMG_0039.mp4,31,1.0343666666666667,29.97002997002997,6,2,traffic_signs,0.7868959307670593,2661.4384765625,1380.4576416015625,2683.97509765625,1411.1861572265625,2672.706787109375,1395.8218994140625,22.53662109375,30.728515625
IMG_0039.mp4,31,1.0343666666666667,29.97002997002997,7,2,traffic_signs,0.8270397782325745,2310.754150390625,1366.439208984375,2334.172119140625,1394.336669921875,2322.463134765625,1380.387939453125,23.41796875,27.8974609375
IMG_0039.mp4,31,1.0343666666666667,29.97002997002997,42,2,traffic_signs,0.7079620361328125,1069.651611328125,1094.6700439453125,1168.5567626953125,1193.3880615234375,1119.1041870117188,1144.029052734375,98.9051513671875,98.718017578125
IMG_0039.mp4,31,1.0343666666666667,29.97002997002997,43,2,traffic_signs,0.43931880593299866,1950.858154296875,1322.3751220703125,1965.9168701171875,1354.0738525390625,1958.3875122070312,1338.2244873046875,15.0587158203125,31.69873046875
IMG_0039.mp4,31,1.0343666666666667,29.97002997002997,10,2,traffic_signs,0.8004273176193237,2115.605712890625,1321.494873046875,2135.345458984375,1357.6817626953125,2125.4755859375,1339.5883178710938,19.73974609375,36.1868896484375
IMG_0039.mp4,31,1.0343666666666667,29.97002997002997,3,2,traffic_signs,0.8477671146392822,1556.7127685546875,1163.7960205078125,1592.5504150390625,1223.36279296875,1574.631591796875,1193.5794067382812,35.837646484375,59.5667724609375
IMG_0039.mp4,32,1.0677333333333334,29.97002997002997,5,2,traffic_signs,0.7417701482772827,633.5303955078125,1133.243896484375,706.306396484375,1201.072021484375,669.9183959960938,1167.157958984375,72.7760009765625,67.828125
IMG_0039.mp4,32,1.0677333333333334,29.97002997002997,1,2,traffic_signs,0.9565939903259277,1819.3416748046875,840.3756713867188,1947.260009765625,1019.2569580078125,1883.3008422851562,929.8163146972656,127.9183349609375,178.88128662109375
IMG_0039.mp4,32,1.0677333333333334,29.97002997002997,9,2,traffic_signs,0.9526132941246033,2978.314697265625,966.0879516601562,3180.711669921875,1132.23681640625,3079.51318359375,1049.1623840332031,202.39697265625,166.14886474609375
IMG_0039.mp4,32,1.0677333333333334,29.97002997002997,6,2,traffic_signs,0.6109137535095215,2676.84423828125,1376.42431640625,2700.596435546875,1409.26708984375,2688.7203369140625,1392.845703125,23.752197265625,32.8427734375
IMG_0039.mp4,32,1.0677333333333334,29.97002997002997,7,2,traffic_signs,0.8136280179023743,2323.2041015625,1368.1041259765625,2345.761962890625,1394.31640625,2334.4830322265625,1381.2102661132812,22.557861328125,26.2122802734375
IMG_0039.mp4,32,1.0677333333333334,29.97002997002997,42,2,traffic_signs,0.5357467532157898,1077.747802734375,1090.236572265625,1175.7640380859375,1197.2293701171875,1126.7559204101562,1143.7329711914062,98.0162353515625,106.9927978515625
IMG_0039.mp4,32,1.0677333333333334,29.97002997002997,10,2,traffic_signs,0.7237452268600464,2126.37890625,1322.4556884765625,2147.21337890625,1357.9696044921875,2136.796142578125,1340.212646484375,20.83447265625,35.513916015625
IMG_0039.mp4,32,1.0677333333333334,29.97002997002997,3,2,traffic_signs,0.8524112701416016,1568.7657470703125,1165.3914794921875,1602.865966796875,1221.721923828125,1585.8158569335938,1193.5567016601562,34.1002197265625,56.3304443359375
IMG_0039.mp4,33,1.1011,29.97002997002997,5,2,traffic_signs,0.9286599159240723,648.4388427734375,1138.9454345703125,719.9099731445312,1205.7952880859375,684.1744079589844,1172.370361328125,71.47113037109375,66.849853515625
IMG_0039.mp4,33,1.1011,29.97002997002997,1,2,traffic_signs,0.6206784248352051,1828.96923828125,838.3533935546875,1957.763671875,1017.23291015625,1893.366455078125,927.7931518554688,128.79443359375,178.8795166015625
IMG_0039.mp4,33,1.1011,29.97002997002997,9,2,traffic_signs,0.951225757598877,3000.758056640625,960.13671875,3208.559814453125,1127.5029296875,3104.658935546875,1043.81982421875,207.8017578125,167.3662109375
IMG_0039.mp4,33,1.1011,29.97002997002997,6,2,traffic_signs,0.7807385325431824,2691.926513671875,1377.65478515625,2716.791259765625,1409.525146484375,2704.35888671875,1393.5899658203125,24.86474609375,31.870361328125
IMG_0039.mp4,33,1.1011,29.97002997002997,7,2,traffic_signs,0.8102548122406006,2336.7939453125,1367.9957275390625,2359.134033203125,1395.4464111328125,2347.9639892578125,1381.7210693359375,22.340087890625,27.45068359375
IMG_0039.mp4,33,1.1011,29.97002997002997,42,2,traffic_signs,0.8501659035682678,1088.54736328125,1098.4696044921875,1187.62548828125,1200.944091796875,1138.08642578125,1149.7068481445312,99.078125,102.4744873046875
IMG_0039.mp4,33,1.1011,29.97002997002997,10,2,traffic_signs,0.8113629817962646,2138.682861328125,1323.59326171875,2159.59619140625,1360.005859375,2149.1395263671875,1341.799560546875,20.913330078125,36.41259765625
IMG_0039.mp4,34,1.1344666666666667,29.97002997002997,5,2,traffic_signs,0.9023433923721313,660.1929321289062,1144.05126953125,731.4554443359375,1210.734619140625,695.8241882324219,1177.3929443359375,71.26251220703125,66.683349609375
IMG_0039.mp4,34,1.1344666666666667,29.97002997002997,1,2,traffic_signs,0.9592817425727844,1837.5523681640625,835.28564453125,1967.09619140625,1016.1102905273438,1902.3242797851562,925.6979675292969,129.5438232421875,180.82464599609375
IMG_0039.mp4,34,1.1344666666666667,29.97002997002997,9,2,traffic_signs,0.36318767070770264,3025.414306640625,958.431396484375,3236.203857421875,1122.625732421875,3130.80908203125,1040.528564453125,210.78955078125,164.1943359375
IMG_0039.mp4,34,1.1344666666666667,29.97002997002997,6,2,traffic_signs,0.5873425006866455,2707.707275390625,1376.204833984375,2733.117431640625,1409.3724365234375,2720.412353515625,1392.7886352539062,25.41015625,33.1676025390625
IMG_0039.mp4,34,1.1344666666666667,29.97002997002997,7,2,traffic_signs,0.831116795539856,2350.230712890625,1368.1143798828125,2373.085693359375,1398.536376953125,2361.658203125,1383.3253784179688,22.85498046875,30.4219970703125
IMG_0039.mp4,34,1.1344666666666667,29.97002997002997,42,2,traffic_signs,0.8708287477493286,1098.93359375,1104.1732177734375,1195.9337158203125,1202.5579833984375,1147.4336547851562,1153.3656005859375,97.0001220703125,98.384765625
IMG_0039.mp4,34,1.1344666666666667,29.97002997002997,10,2,traffic_signs,0.6507018208503723,2150.607177734375,1324.814697265625,2171.3193359375,1361.46435546875,2160.9632568359375,1343.1395263671875,20.712158203125,36.649658203125
IMG_0039.mp4,35,1.1678333333333333,29.97002997002997,5,2,traffic_signs,0.9217098951339722,673.9970092773438,1149.34326171875,744.2421875,1216.2987060546875,709.1195983886719,1182.8209838867188,70.24517822265625,66.9554443359375
IMG_0039.mp4,35,1.1678333333333333,29.97002997002997,9,2,traffic_signs,0.935314953327179,3048.89990234375,958.89599609375,3263.08642578125,1118.4130859375,3155.9931640625,1038.654541015625,214.1865234375,159.51708984375
IMG_0039.mp4,35,1.1678333333333333,29.97002997002997,6,2,traffic_signs,0.8217065334320068,2724.692626953125,1373.1441650390625,2751.462890625,1410.6767578125,2738.0777587890625,1391.9104614257812,26.770263671875,37.5325927734375
IMG_0039.mp4,35,1.1678333333333333,29.97002997002997,7,2,traffic_signs,0.6279764175415039,2363.649658203125,1369.397216796875,2386.58837890625,1398.9820556640625,2375.1190185546875,1384.1896362304688,22.938720703125,29.5848388671875
IMG_0039.mp4,35,1.1678333333333333,29.97002997002997,10,2,traffic_signs,0.2949267029762268,2165.1416015625,1325.0301513671875,2183.886962890625,1361.1964111328125,2174.5142822265625,1343.11328125,18.745361328125,36.166259765625
IMG_0039.mp4,35,1.1678333333333333,29.97002997002997,2,2,traffic_signs,0.5970252156257629,1106.5234375,1012.7716064453125,1223.4281005859375,1203.5362548828125,1164.9757690429688,1108.1539306640625,116.9046630859375,190.7646484375
IMG_0039.mp4,35,1.1678333333333333,29.97002997002997,3,2,traffic_signs,0.9209285378456116,1592.302734375,1171.65966796875,1635.7926025390625,1241.61865234375,1614.0476684570312,1206.63916015625,43.4898681640625,69.958984375
IMG_0039.mp4,36,1.2012,29.97002997002997,5,2,traffic_signs,0.9013490676879883,688.59619140625,1153.5855712890625,759.012451171875,1221.87060546875,723.8043212890625,1187.7280883789062,70.416259765625,68.2850341796875
IMG_0039.mp4,36,1.2012,29.97002997002997,9,2,traffic_signs,0.9424274563789368,3074.64306640625,961.051513671875,3290.735107421875,1114.23583984375,3182.6890869140625,1037.6436767578125,216.092041015625,153.184326171875
IMG_0039.mp4,36,1.2012,29.97002997002997,6,2,traffic_signs,0.4423861801624298,2740.955322265625,1376.4549560546875,2770.405029296875,1410.924560546875,2755.68017578125,1393.6897583007812,29.44970703125,34.4696044921875
IMG_0039.mp4,36,1.2012,29.97002997002997,2,2,traffic_signs,0.5432097315788269,1118.867431640625,1016.80029296875,1234.4827880859375,1207.8411865234375,1176.6751098632812,1112.3207397460938,115.6153564453125,191.0408935546875
IMG_0039.mp4,36,1.2012,29.97002997002997,3,2,traffic_signs,0.9290425181388855,1603.1851806640625,1175.18408203125,1646.952392578125,1246.0843505859375,1625.0687866210938,1210.6342163085938,43.7672119140625,70.9002685546875
IMG_0039.mp4,36,1.2012,29.97002997002997,1,2,traffic_signs,0.9346196055412292,1855.8411865234375,828.2440185546875,1989.73388671875,1014.2589721679688,1922.7875366210938,921.2514953613281,133.8927001953125,186.01495361328125
IMG_0039.mp4,37,1.2345666666666666,29.97002997002997,5,2,traffic_signs,0.6005985736846924,705.1282958984375,1156.528076171875,775.2630004882812,1225.0587158203125,740.1956481933594,1190.7933959960938,70.13470458984375,68.5306396484375
IMG_0039.mp4,37,1.2345666666666666,29.97002997002997,9,2,traffic_signs,0.9293612837791443,3099.357177734375,963.77783203125,3315.52734375,1108.790771484375,3207.4422607421875,1036.2843017578125,216.170166015625,145.012939453125
IMG_0039.mp4,37,1.2345666666666666,29.97002997002997,6,2,traffic_signs,0.7352157831192017,2758.111572265625,1378.3447265625,2787.923095703125,1410.4637451171875,2773.017333984375,1394.4042358398438,29.8115234375,32.1190185546875
IMG_0039.mp4,37,1.2345666666666666,29.97002997002997,2,2,traffic_signs,0.4180354177951813,1129.02880859375,1017.9912719726562,1245.3648681640625,1210.6456298828125,1187.1968383789062,1114.3184509277344,116.3360595703125,192.65435791015625
IMG_0039.mp4,37,1.2345666666666666,29.97002997002997,3,2,traffic_signs,0.9295133352279663,1614.6324462890625,1176.6390380859375,1658.9310302734375,1247.9622802734375,1636.78173828125,1212.3006591796875,44.298583984375,71.3232421875
IMG_0039.mp4,37,1.2345666666666666,29.97002997002997,1,2,traffic_signs,0.9413231611251831,1866.325439453125,824.966064453125,2001.828125,1011.9323120117188,1934.0767822265625,918.4491882324219,135.502685546875,186.96624755859375
IMG_0039.mp4,37,1.2345666666666666,29.97002997002997,42,2,traffic_signs,0.27774283289909363,1130.8787841796875,1111.0760498046875,1230.9398193359375,1211.385009765625,1180.9093017578125,1161.2305297851562,100.06103515625,100.3089599609375
IMG_0039.mp4,37,1.2345666666666666,29.97002997002997,7,2,traffic_signs,0.8151041865348816,2393.083984375,1371.600830078125,2416.62841796875,1401.9775390625,2404.856201171875,1386.7891845703125,23.54443359375,30.376708984375
IMG_0039.mp4,37,1.2345666666666666,29.97002997002997,10,2,traffic_signs,0.7292449474334717,2193.26416015625,1327.6441650390625,2210.706298828125,1362.930908203125,2201.9852294921875,1345.2875366210938,17.442138671875,35.2867431640625
IMG_0039.mp4,38,1.2679333333333334,29.97002997002997,5,2,traffic_signs,0.9225868582725525,723.0109252929688,1160.903564453125,791.5122680664062,1229.732666015625,757.2615966796875,1195.318115234375,68.5013427734375,68.8291015625
IMG_0039.mp4,38,1.2679333333333334,29.97002997002997,9,2,traffic_signs,0.5948583483695984,3169.1328125,999.414794921875,3339.1142578125,1104.6708984375,3254.12353515625,1052.0428466796875,169.9814453125,105.256103515625
IMG_0039.mp4,38,1.2679333333333334,29.97002997002997,3,2,traffic_signs,0.9347012042999268,1628.0506591796875,1178.71630859375,1671.3702392578125,1249.9554443359375,1649.71044921875,1214.3358764648438,43.319580078125,71.2391357421875
IMG_0039.mp4,38,1.2679333333333334,29.97002997002997,1,2,traffic_signs,0.9328970313072205,1878.4541015625,823.5401611328125,2014.1898193359375,1009.8761596679688,1946.3219604492188,916.7081604003906,135.7357177734375,186.33599853515625
IMG_0039.mp4,38,1.2679333333333334,29.97002997002997,42,2,traffic_signs,0.30697381496429443,1143.5244140625,1115.7991943359375,1242.8095703125,1213.3675537109375,1193.1669921875,1164.5833740234375,99.28515625,97.568359375
IMG_0039.mp4,38,1.2679333333333334,29.97002997002997,7,2,traffic_signs,0.815739631652832,2408.43798828125,1372.6455078125,2431.80419921875,1402.7392578125,2420.12109375,1387.6923828125,23.3662109375,30.09375
IMG_0039.mp4,38,1.2679333333333334,29.97002997002997,10,2,traffic_signs,0.555340588092804,2207.447265625,1329.2674560546875,2225.50244140625,1364.68603515625,2216.474853515625,1346.9767456054688,18.05517578125,35.4185791015625
IMG_0039.mp4,39,1.3013000000000001,29.97002997002997,5,2,traffic_signs,0.7466762065887451,740.957275390625,1165.7296142578125,808.7360229492188,1232.9697265625,774.8466491699219,1199.3496704101562,67.77874755859375,67.2401123046875
IMG_0039.mp4,39,1.3013000000000001,29.97002997002997,9,2,traffic_signs,0.9153971672058105,3165.472900390625,982.5068969726562,3354.39453125,1102.4783935546875,3259.9337158203125,1042.4926452636719,188.921630859375,119.97149658203125
IMG_0039.mp4,39,1.3013000000000001,29.97002997002997,3,2,traffic_signs,0.9249224066734314,1641.9486083984375,1180.3775634765625,1684.782470703125,1251.6815185546875,1663.3655395507812,1216.029541015625,42.8338623046875,71.303955078125
IMG_0039.mp4,39,1.3013000000000001,29.97002997002997,1,2,traffic_signs,0.9310468435287476,1890.5723876953125,821.2710571289062,2027.5595703125,1008.7340698242188,1959.0659790039062,915.0025634765625,136.9871826171875,187.4630126953125
IMG_0039.mp4,39,1.3013000000000001,29.97002997002997,42,2,traffic_signs,0.8292636275291443,1156.7227783203125,1118.87939453125,1257.5584716796875,1216.5234375,1207.140625,1167.701416015625,100.835693359375,97.64404296875
IMG_0039.mp4,39,1.3013000000000001,29.97002997002997,7,2,traffic_signs,0.7642524838447571,2423.990234375,1374.379638671875,2446.703857421875,1404.456298828125,2435.3470458984375,1389.41796875,22.713623046875,30.07666015625
IMG_0039.mp4,39,1.3013000000000001,29.97002997002997,10,2,traffic_signs,0.49839258193969727,2221.416259765625,1331.0877685546875,2239.4755859375,1366.2962646484375,2230.4459228515625,1348.6920166015625,18.059326171875,35.20849609375
IMG_0039.mp4,39,1.3013000000000001,29.97002997002997,6,2,traffic_signs,0.35438111424446106,2793.867919921875,1376.04736328125,2825.937744140625,1412.6741943359375,2809.90283203125,1394.3607788085938,32.06982421875,36.6268310546875
IMG_0039.mp4,39,1.3013000000000001,29.97002997002997,2,2,traffic_signs,0.8700159192085266,1177.453369140625,1025.989013671875,1271.37255859375,1137.09912109375,1224.4129638671875,1081.5440673828125,93.919189453125,111.110107421875
IMG_0039.mp4,40,1.3346666666666667,29.97002997002997,5,2,traffic_signs,0.919802188873291,756.0455932617188,1167.91357421875,823.964111328125,1233.572265625,790.0048522949219,1200.742919921875,67.91851806640625,65.65869140625
IMG_0039.mp4,40,1.3346666666666667,29.97002997002997,9,2,traffic_signs,0.8092033863067627,3188.644287109375,982.1071166992188,3372.789306640625,1100.9757080078125,3280.716796875,1041.5414123535156,184.14501953125,118.86859130859375
IMG_0039.mp4,40,1.3346666666666667,29.97002997002997,3,2,traffic_signs,0.931260883808136,1655.149169921875,1181.631591796875,1697.6749267578125,1253.261962890625,1676.4120483398438,1217.44677734375,42.5257568359375,71.63037109375
IMG_0039.mp4,40,1.3346666666666667,29.97002997002997,1,2,traffic_signs,0.9234262108802795,1899.7025146484375,816.6494750976562,2040.6566162109375,1005.5326538085938,1970.1795654296875,911.091064453125,140.9541015625,188.8831787109375
IMG_0039.mp4,40,1.3346666666666667,29.97002997002997,42,2,traffic_signs,0.5784979462623596,1169.7509765625,1117.8087158203125,1271.7442626953125,1216.74658203125,1220.7476196289062,1167.2776489257812,101.9932861328125,98.9378662109375
IMG_0039.mp4,40,1.3346666666666667,29.97002997002997,7,2,traffic_signs,0.7250741124153137,2439.46728515625,1375.7869873046875,2463.539306640625,1405.0166015625,2451.5032958984375,1390.4017944335938,24.072021484375,29.2296142578125
IMG_0039.mp4,40,1.3346666666666667,29.97002997002997,10,2,traffic_signs,0.7621741890907288,2236.932861328125,1331.8480224609375,2254.84033203125,1367.7337646484375,2245.8865966796875,1349.7908935546875,17.907470703125,35.8857421875
IMG_0039.mp4,40,1.3346666666666667,29.97002997002997,6,2,traffic_signs,0.8108125329017639,2811.326171875,1378.98828125,2845.49072265625,1411.98095703125,2828.408447265625,1395.484619140625,34.16455078125,32.99267578125
IMG_0039.mp4,40,1.3346666666666667,29.97002997002997,2,2,traffic_signs,0.5353652834892273,1193.4844970703125,1028.712646484375,1283.454833984375,1124.333251953125,1238.4696655273438,1076.52294921875,89.9703369140625,95.62060546875
IMG_0039.mp4,41,1.3680333333333334,29.97002997002997,5,2,traffic_signs,0.9082084894180298,773.781494140625,1170.576416015625,840.8329467773438,1240.57177734375,807.3072204589844,1205.5740966796875,67.05145263671875,69.995361328125
IMG_0039.mp4,41,1.3680333333333334,29.97002997002997,9,2,traffic_signs,0.39046427607536316,3217.936767578125,987.5663452148438,3385.828857421875,1096.467041015625,3301.8828125,1042.0166931152344,167.89208984375,108.90069580078125
IMG_0039.mp4,41,1.3680333333333334,29.97002997002997,3,2,traffic_signs,0.9153537154197693,1668.211669921875,1183.8487548828125,1711.609619140625,1255.2684326171875,1689.91064453125,1219.55859375,43.39794921875,71.419677734375
IMG_0039.mp4,41,1.3680333333333334,29.97002997002997,1,2,traffic_signs,0.938524067401886,1914.96484375,814.029296875,2055.43408203125,1003.6119384765625,1985.199462890625,908.8206176757812,140.46923828125,189.5826416015625
IMG_0039.mp4,41,1.3680333333333334,29.97002997002997,42,2,traffic_signs,0.5780664086341858,1183.64794921875,1058.1533203125,1292.406005859375,1220.5684814453125,1238.0269775390625,1139.3609008789062,108.758056640625,162.4151611328125
IMG_0039.mp4,41,1.3680333333333334,29.97002997002997,7,2,traffic_signs,0.7055612206459045,2456.218994140625,1376.1658935546875,2480.313720703125,1405.9305419921875,2468.266357421875,1391.0482177734375,24.0947265625,29.7646484375
IMG_0039.mp4,41,1.3680333333333334,29.97002997002997,10,2,traffic_signs,0.7190675735473633,2252.201416015625,1333.8377685546875,2271.50341796875,1371.239501953125,2261.8524169921875,1352.5386352539062,19.302001953125,37.4017333984375
IMG_0039.mp4,41,1.3680333333333334,29.97002997002997,6,2,traffic_signs,0.8479489684104919,2830.53515625,1379.9771728515625,2866.41015625,1412.6102294921875,2848.47265625,1396.293701171875,35.875,32.633056640625
IMG_0039.mp4,42,1.4014,29.97002997002997,3,2,traffic_signs,0.877960205078125,1682.5140380859375,1184.690185546875,1726.0428466796875,1255.4776611328125,1704.2784423828125,1220.0839233398438,43.52880859375,70.7874755859375
IMG_0039.mp4,42,1.4014,29.97002997002997,1,2,traffic_signs,0.9205648899078369,1928.9197998046875,809.5130004882812,2071.21728515625,1001.3409423828125,2000.0685424804688,905.4269714355469,142.2974853515625,191.82794189453125
IMG_0039.mp4,42,1.4014,29.97002997002997,7,2,traffic_signs,0.540953516960144,2473.13818359375,1377.70947265625,2499.030029296875,1407.1654052734375,2486.0841064453125,1392.4374389648438,25.891845703125,29.4559326171875
IMG_0039.mp4,42,1.4014,29.97002997002997,10,2,traffic_signs,0.7541353702545166,2267.690673828125,1335.7598876953125,2286.803466796875,1375.777587890625,2277.2470703125,1355.7687377929688,19.11279296875,40.0177001953125
IMG_0039.mp4,42,1.4014,29.97002997002997,6,2,traffic_signs,0.8379589319229126,2851.4814453125,1379.567138671875,2887.842041015625,1413.270263671875,2869.6617431640625,1396.418701171875,36.360595703125,33.703125
IMG_0039.mp4,43,1.4347666666666667,29.97002997002997,3,2,traffic_signs,0.9154203534126282,1697.2540283203125,1184.0958251953125,1741.8309326171875,1256.505859375,1719.54248046875,1220.3008422851562,44.576904296875,72.4100341796875
IMG_0039.mp4,43,1.4347666666666667,29.97002997002997,1,2,traffic_signs,0.9251797795295715,1943.9329833984375,804.5643310546875,2087.32666015625,999.9411010742188,2015.6298217773438,902.2527160644531,143.3936767578125,195.37677001953125
IMG_0039.mp4,43,1.4347666666666667,29.97002997002997,7,2,traffic_signs,0.5000979900360107,2491.8095703125,1378.185302734375,2517.36181640625,1408.473388671875,2504.585693359375,1393.329345703125,25.55224609375,30.2880859375
IMG_0039.mp4,43,1.4347666666666667,29.97002997002997,10,2,traffic_signs,0.7829726934432983,2284.91943359375,1335.409912109375,2303.75390625,1374.55712890625,2294.336669921875,1354.9835205078125,18.83447265625,39.147216796875
IMG_0039.mp4,43,1.4347666666666667,29.97002997002997,6,2,traffic_signs,0.8473906517028809,2873.432861328125,1380.796142578125,2910.326416015625,1413.6695556640625,2891.879638671875,1397.2328491210938,36.8935546875,32.8734130859375
IMG_0039.mp4,43,1.4347666666666667,29.97002997002997,57,2,traffic_signs,0.5797717571258545,2115.4912109375,1341.6673583984375,2131.4853515625,1377.0311279296875,2123.48828125,1359.3492431640625,15.994140625,35.36376953125
IMG_0039.mp4,43,1.4347666666666667,29.97002997002997,2,2,traffic_signs,0.49729683995246887,1230.897705078125,1037.0997314453125,1297.880615234375,1116.9215087890625,1264.38916015625,1077.0106201171875,66.98291015625,79.82177734375
IMG_0039.mp4,43,1.4347666666666667,29.97002997002997,5,2,traffic_signs,0.9157788157463074,810.5771484375,1173.9873046875,877.168212890625,1243.6544189453125,843.8726806640625,1208.8208618164062,66.591064453125,69.6671142578125
IMG_0039.mp4,44,1.4681333333333333,29.97002997002997,1,2,traffic_signs,0.7896512150764465,1957.2784423828125,799.4895629882812,2104.65087890625,991.6696166992188,2030.9646606445312,895.57958984375,147.3724365234375,192.1800537109375
IMG_0039.mp4,44,1.4681333333333333,29.97002997002997,7,2,traffic_signs,0.6357601284980774,2509.064697265625,1379.0482177734375,2536.54931640625,1409.594970703125,2522.8070068359375,1394.3215942382812,27.484619140625,30.5467529296875
IMG_0039.mp4,44,1.4681333333333333,29.97002997002997,10,2,traffic_signs,0.7030059695243835,2301.62353515625,1338.18994140625,2320.421142578125,1374.3564453125,2311.0223388671875,1356.273193359375,18.797607421875,36.16650390625
IMG_0039.mp4,44,1.4681333333333333,29.97002997002997,6,2,traffic_signs,0.8464561104774475,2896.3798828125,1380.8612060546875,2934.09521484375,1414.9366455078125,2915.237548828125,1397.89892578125,37.71533203125,34.075439453125
IMG_0039.mp4,44,1.4681333333333333,29.97002997002997,2,2,traffic_signs,0.8480191230773926,1243.9180908203125,1036.7076416015625,1331.6802978515625,1124.073974609375,1287.7991943359375,1080.3908081054688,87.76220703125,87.3663330078125
IMG_0039.mp4,44,1.4681333333333333,29.97002997002997,5,2,traffic_signs,0.927168071269989,827.9732055664062,1179.402099609375,894.897705078125,1246.9825439453125,861.4354553222656,1213.1923217773438,66.92449951171875,67.5804443359375
IMG_0039.mp4,44,1.4681333333333333,29.97002997002997,42,2,traffic_signs,0.8660610914230347,1225.7916259765625,1112.5130615234375,1326.7171630859375,1222.3236083984375,1276.25439453125,1167.4183349609375,100.925537109375,109.810546875
IMG_0039.mp4,45,1.5015,29.97002997002997,1,2,traffic_signs,0.9172060489654541,1975.140625,795.65283203125,2123.52197265625,991.2052612304688,2049.331298828125,893.4290466308594,148.38134765625,195.55242919921875
IMG_0039.mp4,45,1.5015,29.97002997002997,6,2,traffic_signs,0.8670617341995239,2919.427490234375,1383.2763671875,2958.532470703125,1415.7706298828125,2938.97998046875,1399.5234985351562,39.10498046875,32.4942626953125
IMG_0039.mp4,45,1.5015,29.97002997002997,2,2,traffic_signs,0.7594307065010071,1259.024169921875,1035.617919921875,1353.364990234375,1127.2979736328125,1306.194580078125,1081.4579467773438,94.3408203125,91.6800537109375
IMG_0039.mp4,45,1.5015,29.97002997002997,5,2,traffic_signs,0.9212415218353271,849.3051147460938,1179.1988525390625,915.9591674804688,1247.9686279296875,882.6321411132812,1213.583740234375,66.654052734375,68.769775390625
IMG_0039.mp4,45,1.5015,29.97002997002997,42,2,traffic_signs,0.7269620299339294,1243.8587646484375,1125.818359375,1341.291748046875,1224.2911376953125,1292.5752563476562,1175.0547485351562,97.4329833984375,98.4727783203125
IMG_0039.mp4,45,1.5015,29.97002997002997,3,2,traffic_signs,0.8237618803977966,1729.1888427734375,1187.6710205078125,1772.078125,1258.853515625,1750.6334838867188,1223.2622680664062,42.8892822265625,71.1824951171875
IMG_0039.mp4,46,1.5348666666666666,29.97002997002997,1,2,traffic_signs,0.9189357757568359,1993.818359375,791.0740356445312,2143.064208984375,992.431884765625,2068.4412841796875,891.7529602050781,149.245849609375,201.35784912109375
IMG_0039.mp4,46,1.5348666666666666,29.97002997002997,2,2,traffic_signs,0.7913070321083069,1275.846923828125,1038.4432373046875,1371.717041015625,1129.524169921875,1323.781982421875,1083.9837036132812,95.8701171875,91.0809326171875
IMG_0039.mp4,46,1.5348666666666666,29.97002997002997,5,2,traffic_signs,0.9005364775657654,871.4285278320312,1183.5384521484375,937.1343383789062,1253.463623046875,904.2814331054688,1218.5010375976562,65.705810546875,69.9251708984375
IMG_0039.mp4,46,1.5348666666666666,29.97002997002997,42,2,traffic_signs,0.6465631127357483,1259.95703125,1131.1810302734375,1359.4625244140625,1227.4251708984375,1309.7097778320312,1179.3031005859375,99.5054931640625,96.244140625
IMG_0039.mp4,46,1.5348666666666666,29.97002997002997,3,2,traffic_signs,0.9229505658149719,1746.4769287109375,1189.754638671875,1790.55859375,1262.0989990234375,1768.5177612304688,1225.9268188476562,44.0816650390625,72.3443603515625
IMG_0039.mp4,46,1.5348666666666666,29.97002997002997,7,2,traffic_signs,0.46019482612609863,2550.194091796875,1381.5611572265625,2577.1259765625,1411.0665283203125,2563.6600341796875,1396.3138427734375,26.931884765625,29.50537109375
IMG_0039.mp4,46,1.5348666666666666,29.97002997002997,10,2,traffic_signs,0.7815254330635071,2338.789794921875,1341.7777099609375,2358.40478515625,1373.723876953125,2348.5972900390625,1357.7507934570312,19.614990234375,31.9461669921875
IMG_0039.mp4,47,1.5682333333333334,29.97002997002997,1,2,traffic_signs,0.9308713674545288,2012.059326171875,788.123291015625,2162.251220703125,990.0285034179688,2087.1552734375,889.0758972167969,150.19189453125,201.90521240234375
IMG_0039.mp4,47,1.5682333333333334,29.97002997002997,2,2,traffic_signs,0.6872835159301758,1280.9298095703125,1037.8228759765625,1387.4791259765625,1198.6888427734375,1334.2044677734375,1118.255859375,106.54931640625,160.865966796875
IMG_0039.mp4,47,1.5682333333333334,29.97002997002997,5,2,traffic_signs,0.9129596948623657,890.2950439453125,1185.1455078125,955.5503540039062,1255.7850341796875,922.9226989746094,1220.4652709960938,65.25531005859375,70.6395263671875
IMG_0039.mp4,47,1.5682333333333334,29.97002997002997,42,2,traffic_signs,0.4935668706893921,1273.675537109375,1133.21826171875,1375.05517578125,1228.4022216796875,1324.3653564453125,1180.8102416992188,101.379638671875,95.1839599609375
IMG_0039.mp4,47,1.5682333333333334,29.97002997002997,3,2,traffic_signs,0.9337038397789001,1761.71875,1189.86181640625,1806.001708984375,1263.740966796875,1783.8602294921875,1226.8013916015625,44.282958984375,73.879150390625
IMG_0039.mp4,47,1.5682333333333334,29.97002997002997,7,2,traffic_signs,0.8325120806694031,2571.37646484375,1383.880615234375,2597.01123046875,1413.6099853515625,2584.19384765625,1398.7453002929688,25.634765625,29.7293701171875
IMG_0039.mp4,47,1.5682333333333334,29.97002997002997,10,2,traffic_signs,0.7482501268386841,2358.901611328125,1343.190673828125,2377.933837890625,1377.1834716796875,2368.417724609375,1360.1870727539062,19.0322265625,33.9927978515625
IMG_0039.mp4,47,1.5682333333333334,29.97002997002997,6,2,traffic_signs,0.8625129461288452,2972.015869140625,1385.3851318359375,3012.151123046875,1416.851318359375,2992.08349609375,1401.1182250976562,40.13525390625,31.4661865234375
IMG_0039.mp4,48,1.6016000000000001,29.97002997002997,1,2,traffic_signs,0.934252142906189,2030.295654296875,780.2398681640625,2182.087158203125,986.9405517578125,2106.19140625,883.5902099609375,151.79150390625,206.70068359375
IMG_0039.mp4,48,1.6016000000000001,29.97002997002997,2,2,traffic_signs,0.47599324584007263,1302.1058349609375,1038.3035888671875,1405.2691650390625,1167.6185302734375,1353.6875,1102.9610595703125,103.163330078125,129.31494140625
IMG_0039.mp4,48,1.6016000000000001,29.97002997002997,5,2,traffic_signs,0.8977169990539551,910.623779296875,1187.5125732421875,974.7673950195312,1256.258056640625,942.6955871582031,1221.8853149414062,64.14361572265625,68.7454833984375
IMG_0039.mp4,48,1.6016000000000001,29.97002997002997,42,2,traffic_signs,0.480741024017334,1290.1136474609375,1134.49951171875,1390.9046630859375,1229.8173828125,1340.5091552734375,1182.158447265625,100.791015625,95.31787109375
IMG_0039.mp4,48,1.6016000000000001,29.97002997002997,3,2,traffic_signs,0.8866872787475586,1779.0972900390625,1189.8779296875,1822.795166015625,1264.6102294921875,1800.9462280273438,1227.2440795898438,43.6978759765625,74.7322998046875
IMG_0039.mp4,48,1.6016000000000001,29.97002997002997,7,2,traffic_signs,0.8327037692070007,2592.037109375,1383.41796875,2618.445068359375,1415.0426025390625,2605.2410888671875,1399.2302856445312,26.407958984375,31.6246337890625
IMG_0039.mp4,48,1.6016000000000001,29.97002997002997,10,2,traffic_signs,0.7908827066421509,2377.354248046875,1343.148193359375,2397.218505859375,1376.662109375,2387.286376953125,1359.9051513671875,19.8642578125,33.513916015625
IMG_0039.mp4,48,1.6016000000000001,29.97002997002997,6,2,traffic_signs,0.8491930961608887,2997.99560546875,1385.32763671875,3040.521728515625,1419.1754150390625,3019.2586669921875,1402.2515258789062,42.526123046875,33.8477783203125
IMG_0039.mp4,49,1.6349666666666667,29.97002997002997,1,2,traffic_signs,0.9308779835700989,2050.45263671875,776.6283569335938,2203.696533203125,984.9911499023438,2127.0745849609375,880.8097534179688,153.243896484375,208.36279296875
IMG_0039.mp4,49,1.6349666666666667,29.97002997002997,2,2,traffic_signs,0.46467238664627075,1320.9244384765625,1041.248046875,1422.7091064453125,1149.2926025390625,1371.8167724609375,1095.2703247070312,101.78466796875,108.0445556640625
IMG_0039.mp4,49,1.6349666666666667,29.97002997002997,5,2,traffic_signs,0.7279493808746338,931.2280883789062,1188.9281005859375,996.5076904296875,1259.9022216796875,963.8678894042969,1224.4151611328125,65.27960205078125,70.97412109375
IMG_0039.mp4,49,1.6349666666666667,29.97002997002997,42,2,traffic_signs,0.4442902207374573,1308.5577392578125,1136.0989990234375,1408.698486328125,1231.965576171875,1358.6281127929688,1184.0322875976562,100.1407470703125,95.8665771484375
IMG_0039.mp4,49,1.6349666666666667,29.97002997002997,3,2,traffic_signs,0.9268215298652649,1797.645263671875,1191.8702392578125,1840.8138427734375,1266.5062255859375,1819.2295532226562,1229.188232421875,43.1685791015625,74.635986328125
IMG_0039.mp4,49,1.6349666666666667,29.97002997002997,7,2,traffic_signs,0.8203431367874146,2614.4423828125,1386.0787353515625,2639.52685546875,1417.193359375,2626.984619140625,1401.6360473632812,25.08447265625,31.1146240234375
IMG_0039.mp4,49,1.6349666666666667,29.97002997002997,10,2,traffic_signs,0.779022216796875,2397.15625,1343.8443603515625,2416.90673828125,1379.19384765625,2407.031494140625,1361.5191040039062,19.75048828125,35.3494873046875
IMG_0039.mp4,49,1.6349666666666667,29.97002997002997,6,2,traffic_signs,0.8398207426071167,3023.068115234375,1386.9967041015625,3065.03662109375,1420.614990234375,3044.0523681640625,1403.8058471679688,41.968505859375,33.6182861328125
IMG_0039.mp4,50,1.6683333333333334,29.97002997002997,1,2,traffic_signs,0.9272973537445068,2069.60400390625,770.7363891601562,2225.19189453125,979.8109741210938,2147.39794921875,875.273681640625,155.587890625,209.0745849609375
IMG_0039.mp4,50,1.6683333333333334,29.97002997002997,2,2,traffic_signs,0.8698499202728271,1330.0791015625,1041.426025390625,1438.5250244140625,1210.739013671875,1384.3020629882812,1126.08251953125,108.4459228515625,169.31298828125
IMG_0039.mp4,50,1.6683333333333334,29.97002997002997,5,2,traffic_signs,0.8253733515739441,951.945556640625,1182.912841796875,1017.4303588867188,1261.458984375,984.6879577636719,1222.1859130859375,65.48480224609375,78.546142578125
IMG_0039.mp4,50,1.6683333333333334,29.97002997002997,3,2,traffic_signs,0.9229153990745544,1815.4439697265625,1193.2451171875,1858.7984619140625,1267.598388671875,1837.1212158203125,1230.4217529296875,43.3544921875,74.353271484375
IMG_0039.mp4,50,1.6683333333333334,29.97002997002997,7,2,traffic_signs,0.820635974407196,2636.5947265625,1388.254150390625,2661.697509765625,1417.5762939453125,2649.1461181640625,1402.9152221679688,25.102783203125,29.3221435546875
IMG_0039.mp4,50,1.6683333333333334,29.97002997002997,10,2,traffic_signs,0.7783485651016235,2416.811279296875,1344.3316650390625,2437.68505859375,1381.7191162109375,2427.2481689453125,1363.025390625,20.873779296875,37.387451171875
IMG_0039.mp4,50,1.6683333333333334,29.97002997002997,6,2,traffic_signs,0.8726988434791565,3052.081787109375,1388.9478759765625,3093.7158203125,1421.791015625,3072.8988037109375,1405.3694458007812,41.634033203125,32.8431396484375
IMG_0039.mp4,51,1.7017,29.97002997002997,1,2,traffic_signs,0.9374710321426392,2090.461669921875,763.3015747070312,2247.762451171875,975.6735229492188,2169.112060546875,869.487548828125,157.30078125,212.3719482421875
IMG_0039.mp4,51,1.7017,29.97002997002997,2,2,traffic_signs,0.8672112226486206,1343.80419921875,1039.6851806640625,1454.7666015625,1231.6085205078125,1399.285400390625,1135.6468505859375,110.96240234375,191.92333984375
IMG_0039.mp4,51,1.7017,29.97002997002997,5,2,traffic_signs,0.700933039188385,973.6324462890625,1189.4429931640625,1036.686279296875,1263.3397216796875,1005.1593627929688,1226.391357421875,63.0538330078125,73.896728515625
IMG_0039.mp4,51,1.7017,29.97002997002997,3,2,traffic_signs,0.9254351854324341,1833.774169921875,1192.77734375,1876.811279296875,1267.3736572265625,1855.292724609375,1230.0755004882812,43.037109375,74.5963134765625
IMG_0039.mp4,51,1.7017,29.97002997002997,7,2,traffic_signs,0.8303825259208679,2659.035400390625,1388.392822265625,2686.16259765625,1419.0849609375,2672.5989990234375,1403.7388916015625,27.127197265625,30.692138671875
IMG_0039.mp4,51,1.7017,29.97002997002997,10,2,traffic_signs,0.580449640750885,2437.72412109375,1344.90234375,2458.73876953125,1385.1986083984375,2448.2314453125,1365.0504760742188,21.0146484375,40.2962646484375
IMG_0039.mp4,51,1.7017,29.97002997002997,6,2,traffic_signs,0.8853225111961365,3082.705078125,1390.2310791015625,3124.394287109375,1423.4478759765625,3103.5496826171875,1406.8394775390625,41.689208984375,33.216796875
IMG_0039.mp4,52,1.7350666666666668,29.97002997002997,1,2,traffic_signs,0.9346526861190796,2110.41357421875,757.8037109375,2270.958984375,971.8597412109375,2190.686279296875,864.8317260742188,160.54541015625,214.0560302734375
IMG_0039.mp4,52,1.7350666666666668,29.97002997002997,2,2,traffic_signs,0.6027548313140869,1370.046875,1042.8074951171875,1473.911376953125,1181.994384765625,1421.9791259765625,1112.4009399414062,103.864501953125,139.1868896484375
IMG_0039.mp4,52,1.7350666666666668,29.97002997002997,5,2,traffic_signs,0.8707367181777954,995.3300170898438,1196.3580322265625,1057.07958984375,1265.1492919921875,1026.2048034667969,1230.753662109375,61.74957275390625,68.791259765625
IMG_0039.mp4,52,1.7350666666666668,29.97002997002997,3,2,traffic_signs,0.9256707429885864,1851.9273681640625,1194.509033203125,1895.5108642578125,1268.9671630859375,1873.7191162109375,1231.7380981445312,43.58349609375,74.4581298828125
IMG_0039.mp4,52,1.7350666666666668,29.97002997002997,7,2,traffic_signs,0.8272736072540283,2683.400634765625,1389.7352294921875,2710.4453125,1420.0528564453125,2696.9229736328125,1404.89404296875,27.044677734375,30.317626953125
IMG_0039.mp4,52,1.7350666666666668,29.97002997002997,10,2,traffic_signs,0.763317883014679,2460.27880859375,1345.7337646484375,2481.232666015625,1386.098388671875,2470.7557373046875,1365.9160766601562,20.953857421875,40.3646240234375
IMG_0039.mp4,52,1.7350666666666668,29.97002997002997,6,2,traffic_signs,0.8974621891975403,3114.159912109375,1391.10791015625,3157.870361328125,1424.9808349609375,3136.01513671875,1408.0443725585938,43.71044921875,33.8729248046875
IMG_0039.mp4,52,1.7350666666666668,29.97002997002997,42,2,traffic_signs,0.534492015838623,1360.32666015625,1139.4844970703125,1462.3504638671875,1235.9490966796875,1411.3385620117188,1187.716796875,102.0238037109375,96.464599609375
IMG_0039.mp4,53,1.7684333333333333,29.97002997002997,1,2,traffic_signs,0.9391914010047913,2133.414306640625,750.0606689453125,2296.17041015625,966.6494750976562,2214.7923583984375,858.3550720214844,162.756103515625,216.58880615234375
IMG_0039.mp4,53,1.7684333333333333,29.97002997002997,2,2,traffic_signs,0.7940016388893127,1384.2442626953125,1042.858642578125,1491.0155029296875,1224.5556640625,1437.6298828125,1133.7071533203125,106.771240234375,181.697021484375
IMG_0039.mp4,53,1.7684333333333333,29.97002997002997,5,2,traffic_signs,0.8999235033988953,1019.1824951171875,1199.3133544921875,1079.6177978515625,1265.780517578125,1049.400146484375,1232.5469360351562,60.435302734375,66.4671630859375
IMG_0039.mp4,53,1.7684333333333333,29.97002997002997,3,2,traffic_signs,0.9406744241714478,1872.3773193359375,1195.4749755859375,1915.5712890625,1268.992431640625,1893.9743041992188,1232.2337036132812,43.1939697265625,73.5174560546875
IMG_0039.mp4,53,1.7684333333333333,29.97002997002997,7,2,traffic_signs,0.7829628586769104,2707.016845703125,1390.017333984375,2734.9912109375,1421.0150146484375,2721.0040283203125,1405.5161743164062,27.974365234375,30.9976806640625
IMG_0039.mp4,53,1.7684333333333333,29.97002997002997,10,2,traffic_signs,0.7759813070297241,2482.92626953125,1346.4598388671875,2502.9306640625,1386.580078125,2492.928466796875,1366.5199584960938,20.00439453125,40.1202392578125
IMG_0039.mp4,53,1.7684333333333333,29.97002997002997,6,2,traffic_signs,0.7034072279930115,3145.0673828125,1391.96484375,3189.282958984375,1425.9454345703125,3167.1751708984375,1408.9551391601562,44.215576171875,33.9805908203125
IMG_0039.mp4,53,1.7684333333333333,29.97002997002997,42,2,traffic_signs,0.39503002166748047,1380.9090576171875,1139.45263671875,1481.137451171875,1236.729248046875,1431.0232543945312,1188.0909423828125,100.2283935546875,97.276611328125
IMG_0039.mp4,54,1.8018,29.97002997002997,1,2,traffic_signs,0.9265576004981995,2157.6748046875,744.2073364257812,2322.475341796875,962.0556640625,2240.0750732421875,853.1315002441406,164.800537109375,217.84832763671875
IMG_0039.mp4,54,1.8018,29.97002997002997,2,2,traffic_signs,0.5850552916526794,1411.430419921875,1045.903076171875,1512.5938720703125,1179.6053466796875,1462.0121459960938,1112.7542114257812,101.1634521484375,133.7022705078125
IMG_0039.mp4,54,1.8018,29.97002997002997,5,2,traffic_signs,0.8941431641578674,1042.579833984375,1201.5594482421875,1103.6407470703125,1269.9332275390625,1073.1102905273438,1235.746337890625,61.0609130859375,68.373779296875
IMG_0039.mp4,54,1.8018,29.97002997002997,3,2,traffic_signs,0.9340025782585144,1893.387451171875,1196.7347412109375,1936.77392578125,1270.5140380859375,1915.0806884765625,1233.6243896484375,43.386474609375,73.779296875
IMG_0039.mp4,54,1.8018,29.97002997002997,7,2,traffic_signs,0.6783643960952759,2733.835205078125,1390.8448486328125,2762.043212890625,1423.665771484375,2747.939208984375,1407.2553100585938,28.2080078125,32.8209228515625
IMG_0039.mp4,54,1.8018,29.97002997002997,10,2,traffic_signs,0.7931385040283203,2507.2041015625,1347.9725341796875,2527.76611328125,1388.3177490234375,2517.485107421875,1368.1451416015625,20.56201171875,40.34521484375
IMG_0039.mp4,54,1.8018,29.97002997002997,6,2,traffic_signs,0.8976510167121887,3177.762939453125,1392.3177490234375,3223.717041015625,1426.4151611328125,3200.739990234375,1409.366455078125,45.9541015625,34.097412109375
IMG_0039.mp4,54,1.8018,29.97002997002997,42,2,traffic_signs,0.6818933486938477,1402.811767578125,1142.306640625,1501.6927490234375,1238.8875732421875,1452.2522583007812,1190.5971069335938,98.8809814453125,96.5809326171875
IMG_0039.mp4,55,1.8351666666666666,29.97002997002997,1,2,traffic_signs,0.9399839043617249,2182.246826171875,737.4293823242188,2349.50048828125,956.540283203125,2265.8736572265625,846.9848327636719,167.253662109375,219.11090087890625
IMG_0039.mp4,55,1.8351666666666666,29.97002997002997,2,2,traffic_signs,0.8168760538101196,1424.5689697265625,1044.5947265625,1531.603271484375,1228.5340576171875,1478.0861206054688,1136.5643920898438,107.0343017578125,183.9393310546875
IMG_0039.mp4,55,1.8351666666666666,29.97002997002997,5,2,traffic_signs,0.9001362323760986,1065.603271484375,1204.8349609375,1125.670654296875,1272.1600341796875,1095.636962890625,1238.4974975585938,60.0673828125,67.3250732421875
IMG_0039.mp4,55,1.8351666666666666,29.97002997002997,3,2,traffic_signs,0.9295854568481445,1913.555419921875,1198.0491943359375,1957.55224609375,1271.5450439453125,1935.5538330078125,1234.797119140625,43.996826171875,73.495849609375
IMG_0039.mp4,55,1.8351666666666666,29.97002997002997,7,2,traffic_signs,0.6905468702316284,2760.3212890625,1393.1448974609375,2789.701904296875,1425.0467529296875,2775.0115966796875,1409.0958251953125,29.380615234375,31.90185546875
IMG_0039.mp4,55,1.8351666666666666,29.97002997002997,10,2,traffic_signs,0.7819997072219849,2530.664794921875,1349.3563232421875,2551.300048828125,1391.521728515625,2540.982421875,1370.4390258789062,20.63525390625,42.1654052734375
IMG_0039.mp4,55,1.8351666666666666,29.97002997002997,6,2,traffic_signs,0.8632278442382812,3212.255615234375,1392.2506103515625,3256.915771484375,1427.13232421875,3234.585693359375,1409.6914672851562,44.66015625,34.8817138671875
IMG_0039.mp4,55,1.8351666666666666,29.97002997002997,42,2,traffic_signs,0.341372013092041,1422.5701904296875,1142.8560791015625,1521.927734375,1240.770263671875,1472.2489624023438,1191.8131713867188,99.3575439453125,97.9141845703125
IMG_0039.mp4,56,1.8685333333333334,29.97002997002997,1,2,traffic_signs,0.9456799626350403,2207.4716796875,728.5479125976562,2376.86474609375,951.6432495117188,2292.168212890625,840.0955810546875,169.39306640625,223.0953369140625
IMG_0039.mp4,56,1.8685333333333334,29.97002997002997,2,2,traffic_signs,0.49082812666893005,1452.7005615234375,1046.6937255859375,1552.9896240234375,1183.5733642578125,1502.8450927734375,1115.133544921875,100.2890625,136.879638671875
IMG_0039.mp4,56,1.8685333333333334,29.97002997002997,5,2,traffic_signs,0.8928726315498352,1089.0592041015625,1206.8648681640625,1149.5054931640625,1273.83154296875,1119.2823486328125,1240.3482055664062,60.4462890625,66.9666748046875
IMG_0039.mp4,56,1.8685333333333334,29.97002997002997,3,2,traffic_signs,0.9269231557846069,1935.212158203125,1197.924072265625,1978.9420166015625,1271.6417236328125,1957.0770874023438,1234.7828979492188,43.7298583984375,73.7176513671875
IMG_0039.mp4,56,1.8685333333333334,29.97002997002997,7,2,traffic_signs,0.7928621768951416,2788.106201171875,1393.3487548828125,2818.236572265625,1424.308837890625,2803.17138671875,1408.8287963867188,30.13037109375,30.9600830078125
IMG_0039.mp4,56,1.8685333333333334,29.97002997002997,10,2,traffic_signs,0.7285565137863159,2555.668212890625,1349.6463623046875,2576.786376953125,1391.293212890625,2566.227294921875,1370.4697875976562,21.1181640625,41.6468505859375
IMG_0039.mp4,56,1.8685333333333334,29.97002997002997,6,2,traffic_signs,0.853432834148407,3249.591796875,1392.16748046875,3298.87646484375,1428.268798828125,3274.234130859375,1410.2181396484375,49.28466796875,36.101318359375
IMG_0039.mp4,56,1.8685333333333334,29.97002997002997,42,2,traffic_signs,0.4077373743057251,1441.747802734375,1142.8416748046875,1542.8701171875,1243.081298828125,1492.3089599609375,1192.9614868164062,101.122314453125,100.2396240234375
IMG_0039.mp4,57,1.9019,29.97002997002997,1,2,traffic_signs,0.9423513412475586,2234.6103515625,719.9545288085938,2405.7939453125,944.6921997070312,2320.2021484375,832.3233642578125,171.18359375,224.7376708984375
IMG_0039.mp4,57,1.9019,29.97002997002997,2,2,traffic_signs,0.37945112586021423,1475.694091796875,1048.410888671875,1573.8226318359375,1156.96630859375,1524.7583618164062,1102.6885986328125,98.1285400390625,108.555419921875
IMG_0039.mp4,57,1.9019,29.97002997002997,5,2,traffic_signs,0.8934288620948792,1112.7342529296875,1209.20751953125,1173.0157470703125,1276.418212890625,1142.875,1242.8128662109375,60.281494140625,67.210693359375
IMG_0039.mp4,57,1.9019,29.97002997002997,3,2,traffic_signs,0.9286173582077026,1955.728759765625,1198.71875,1999.994384765625,1272.4451904296875,1977.861572265625,1235.5819702148438,44.265625,73.7264404296875
IMG_0039.mp4,57,1.9019,29.97002997002997,7,2,traffic_signs,0.8012165427207947,2817.48876953125,1395.0478515625,2847.5068359375,1425.8463134765625,2832.497802734375,1410.4470825195312,30.01806640625,30.7984619140625
IMG_0039.mp4,57,1.9019,29.97002997002997,10,2,traffic_signs,0.4375714063644409,2580.12158203125,1350.4718017578125,2602.126708984375,1392.869873046875,2591.1241455078125,1371.6708374023438,22.005126953125,42.3980712890625
IMG_0039.mp4,57,1.9019,29.97002997002997,6,2,traffic_signs,0.5529381632804871,3288.018798828125,1393.6871337890625,3336.858642578125,1430.9395751953125,3312.438720703125,1412.3133544921875,48.83984375,37.25244140625
IMG_0039.mp4,57,1.9019,29.97002997002997,42,2,traffic_signs,0.3946373164653778,1460.703369140625,1142.364013671875,1564.8975830078125,1243.3314208984375,1512.8004760742188,1192.8477172851562,104.1942138671875,100.9674072265625
IMG_0039.mp4,58,1.9352666666666667,29.97002997002997,1,2,traffic_signs,0.942223072052002,2261.30908203125,708.86328125,2436.510986328125,937.93115234375,2348.9100341796875,823.397216796875,175.201904296875,229.06787109375
IMG_0039.mp4,58,1.9352666666666667,29.97002997002997,5,2,traffic_signs,0.8990283608436584,1135.7911376953125,1210.020751953125,1196.92138671875,1279.111328125,1166.3562622070312,1244.5660400390625,61.1302490234375,69.090576171875
IMG_0039.mp4,58,1.9352666666666667,29.97002997002997,3,2,traffic_signs,0.9228240251541138,1977.9915771484375,1198.265625,2022.2120361328125,1273.3447265625,2000.101806640625,1235.80517578125,44.220458984375,75.0791015625
IMG_0039.mp4,58,1.9352666666666667,29.97002997002997,7,2,traffic_signs,0.8091533184051514,2849.169189453125,1396.89111328125,2877.366943359375,1428.171142578125,2863.26806640625,1412.5311279296875,28.19775390625,31.280029296875
IMG_0039.mp4,58,1.9352666666666667,29.97002997002997,10,2,traffic_signs,0.6189550161361694,2604.98388671875,1351.4261474609375,2628.83154296875,1394.433837890625,2616.90771484375,1372.9299926757812,23.84765625,43.0076904296875
IMG_0039.mp4,58,1.9352666666666667,29.97002997002997,6,2,traffic_signs,0.8875179290771484,3324.980224609375,1393.4659423828125,3376.99609375,1432.330078125,3350.9881591796875,1412.8980102539062,52.015869140625,38.8641357421875
IMG_0039.mp4,58,1.9352666666666667,29.97002997002997,42,2,traffic_signs,0.8696886301040649,1482.9224853515625,1079.3043212890625,1589.4794921875,1247.2794189453125,1536.2009887695312,1163.2918701171875,106.5570068359375,167.97509765625
IMG_0039.mp4,59,1.9686333333333335,29.97002997002997,1,2,traffic_signs,0.9383713006973267,2290.6611328125,700.6361083984375,2469.427978515625,933.7161254882812,2380.0445556640625,817.1761169433594,178.766845703125,233.08001708984375
IMG_0039.mp4,59,1.9686333333333335,29.97002997002997,5,2,traffic_signs,0.8785738348960876,1161.8623046875,1211.1124267578125,1222.426513671875,1281.070556640625,1192.1444091796875,1246.0914916992188,60.564208984375,69.9581298828125
IMG_0039.mp4,59,1.9686333333333335,29.97002997002997,3,2,traffic_signs,0.9240065217018127,2000.836181640625,1198.0238037109375,2045.8023681640625,1274.3377685546875,2023.3192749023438,1236.1807861328125,44.9661865234375,76.31396484375
IMG_0039.mp4,59,1.9686333333333335,29.97002997002997,10,2,traffic_signs,0.345012903213501,2632.22998046875,1354.458984375,2656.493896484375,1391.033203125,2644.3619384765625,1372.74609375,24.263916015625,36.57421875
IMG_0039.mp4,59,1.9686333333333335,29.97002997002997,42,2,traffic_signs,0.5970429182052612,1507.6519775390625,1058.3790283203125,1614.6446533203125,1250.2332763671875,1561.1483154296875,1154.30615234375,106.99267578125,191.854248046875
IMG_0039.mp4,60,2.0020000000000002,29.97002997002997,1,2,traffic_signs,0.9528914093971252,2317.436767578125,695.4179077148438,2500.02197265625,929.8657836914062,2408.7293701171875,812.641845703125,182.585205078125,234.4478759765625
IMG_0039.mp4,60,2.0020000000000002,29.97002997002997,5,2,traffic_signs,0.8026540279388428,1189.2320556640625,1215.3260498046875,1249.4085693359375,1281.235107421875,1219.3203125,1248.2805786132812,60.176513671875,65.9090576171875
IMG_0039.mp4,60,2.0020000000000002,29.97002997002997,3,2,traffic_signs,0.927324116230011,2022.2313232421875,1198.92138671875,2067.89990234375,1274.8472900390625,2045.0656127929688,1236.8843383789062,45.6685791015625,75.9259033203125
IMG_0039.mp4,60,2.0020000000000002,29.97002997002997,42,2,traffic_signs,0.8376325964927673,1530.2144775390625,1107.9390869140625,1631.507080078125,1247.435302734375,1580.8607788085938,1177.6871948242188,101.2926025390625,139.4962158203125
IMG_0039.mp4,60,2.0020000000000002,29.97002997002997,2,2,traffic_signs,0.8718062043190002,1542.2711181640625,1051.5458984375,1638.22900390625,1145.898193359375,1590.2500610351562,1098.7220458984375,95.9578857421875,94.352294921875
IMG_0039.mp4,61,2.0353666666666665,29.97002997002997,1,2,traffic_signs,0.9379372596740723,2345.3291015625,685.6403198242188,2529.272705078125,923.1514282226562,2437.3009033203125,804.3958740234375,183.943603515625,237.5111083984375
IMG_0039.mp4,61,2.0353666666666665,29.97002997002997,5,2,traffic_signs,0.881355345249176,1214.576416015625,1217.67822265625,1272.8128662109375,1281.002685546875,1243.6946411132812,1249.3404541015625,58.2364501953125,63.324462890625
IMG_0039.mp4,61,2.0353666666666665,29.97002997002997,42,2,traffic_signs,0.6133928298950195,1549.181640625,1133.5286865234375,1653.6993408203125,1247.9798583984375,1601.4404907226562,1190.7542724609375,104.5177001953125,114.451171875
IMG_0039.mp4,61,2.0353666666666665,29.97002997002997,2,2,traffic_signs,0.8859745264053345,1564.78515625,1053.2159423828125,1657.3505859375,1144.923095703125,1611.06787109375,1099.0695190429688,92.5654296875,91.7071533203125
IMG_0039.mp4,62,2.0687333333333333,29.97002997002997,1,2,traffic_signs,0.37532639503479004,2383.291748046875,673.159423828125,2568.177001953125,906.7888793945312,2475.734375,789.9741516113281,184.88525390625,233.62945556640625
IMG_0039.mp4,62,2.0687333333333333,29.97002997002997,5,2,traffic_signs,0.9000405073165894,1238.68115234375,1219.18798828125,1297.5506591796875,1281.9122314453125,1268.1159057617188,1250.5501098632812,58.8695068359375,62.7242431640625
IMG_0039.mp4,62,2.0687333333333333,29.97002997002997,2,2,traffic_signs,0.8717931509017944,1590.710205078125,1054.389404296875,1673.1719970703125,1134.205810546875,1631.9411010742188,1094.297607421875,82.4617919921875,79.81640625
IMG_0039.mp4,62,2.0687333333333333,29.97002997002997,77,2,traffic_signs,0.764366090297699,3493.471435546875,1395.5206298828125,3550.5048828125,1439.938720703125,3521.9881591796875,1417.7296752929688,57.033447265625,44.4180908203125
IMG_0039.mp4,62,2.0687333333333333,29.97002997002997,3,2,traffic_signs,0.9245705008506775,2070.487548828125,1199.263916015625,2116.89794921875,1276.433837890625,2093.6927490234375,1237.848876953125,46.410400390625,77.169921875
IMG_0039.mp4,63,2.1021,29.97002997002997,1,2,traffic_signs,0.9533143043518066,2411.608642578125,656.78466796875,2605.607421875,901.006103515625,2508.6080322265625,778.8953857421875,193.998779296875,244.221435546875
IMG_0039.mp4,63,2.1021,29.97002997002997,5,2,traffic_signs,0.44925835728645325,1262.53466796875,1221.8026123046875,1312.8946533203125,1278.3857421875,1287.7146606445312,1250.0941772460938,50.3599853515625,56.5831298828125
IMG_0039.mp4,63,2.1021,29.97002997002997,2,2,traffic_signs,0.7662651538848877,1607.8768310546875,1053.1038818359375,1695.578369140625,1140.3045654296875,1651.7276000976562,1096.7042236328125,87.7015380859375,87.20068359375
IMG_0039.mp4,63,2.1021,29.97002997002997,77,2,traffic_signs,0.8639386892318726,3540.9111328125,1396.563720703125,3601.77978515625,1440.142822265625,3571.345458984375,1418.353271484375,60.86865234375,43.5791015625
IMG_0039.mp4,63,2.1021,29.97002997002997,3,2,traffic_signs,0.9286614060401917,2092.03369140625,1199.1009521484375,2139.302978515625,1275.986083984375,2115.6683349609375,1237.5435180664062,47.269287109375,76.8851318359375
IMG_0039.mp4,63,2.1021,29.97002997002997,42,2,traffic_signs,0.8264586329460144,1592.7847900390625,1143.698974609375,1696.07373046875,1248.2501220703125,1644.4292602539062,1195.9745483398438,103.2889404296875,104.5511474609375
IMG_0039.mp4,64,2.135466666666667,29.97002997002997,1,2,traffic_signs,0.9556043148040771,2447.060546875,643.4078979492188,2644.690673828125,893.8760986328125,2545.8756103515625,768.6419982910156,197.630126953125,250.46820068359375
IMG_0039.mp4,64,2.135466666666667,29.97002997002997,5,2,traffic_signs,0.9023582339286804,1282.0667724609375,1222.77392578125,1337.333740234375,1283.72607421875,1309.7002563476562,1253.25,55.2669677734375,60.9521484375
IMG_0039.mp4,64,2.135466666666667,29.97002997002997,2,2,traffic_signs,0.49063101410865784,1629.453369140625,1051.5648193359375,1720.3514404296875,1145.48095703125,1674.9024047851562,1098.5228881835938,90.8980712890625,93.9161376953125
IMG_0039.mp4,64,2.135466666666667,29.97002997002997,3,2,traffic_signs,0.9239845275878906,2117.90283203125,1198.9244384765625,2165.9306640625,1275.6837158203125,2141.916748046875,1237.3040771484375,48.02783203125,76.75927734375
IMG_0039.mp4,64,2.135466666666667,29.97002997002997,42,2,traffic_signs,0.851315975189209,1615.4210205078125,1073.99072265625,1721.230712890625,1250.844482421875,1668.3258666992188,1162.4176025390625,105.8096923828125,176.853759765625
IMG_0039.mp4,65,2.168833333333333,29.97002997002997,1,2,traffic_signs,0.9404013156890869,2485.01611328125,628.80322265625,2685.313232421875,886.2461547851562,2585.1646728515625,757.5246887207031,200.297119140625,257.44293212890625
IMG_0039.mp4,65,2.168833333333333,29.97002997002997,5,2,traffic_signs,0.9027408361434937,1306.5670166015625,1223.2611083984375,1362.012939453125,1284.726318359375,1334.2899780273438,1253.9937133789062,55.4459228515625,61.4652099609375
IMG_0039.mp4,65,2.168833333333333,29.97002997002997,2,2,traffic_signs,0.634514570236206,1652.49267578125,1049.5477294921875,1746.528076171875,1146.13671875,1699.5103759765625,1097.8422241210938,94.035400390625,96.5889892578125
IMG_0039.mp4,65,2.168833333333333,29.97002997002997,3,2,traffic_signs,0.9258686304092407,2143.736083984375,1199.015869140625,2192.38427734375,1275.42626953125,2168.0601806640625,1237.2210693359375,48.648193359375,76.410400390625
IMG_0039.mp4,65,2.168833333333333,29.97002997002997,42,2,traffic_signs,0.7981892228126526,1640.4344482421875,1051.707763671875,1746.193603515625,1250.0135498046875,1693.3140258789062,1150.8606567382812,105.7591552734375,198.3057861328125
IMG_0039.mp4,65,2.168833333333333,29.97002997002997,81,2,traffic_signs,0.7792160511016846,2810.154052734375,1357.8416748046875,2834.39306640625,1398.0994873046875,2822.2735595703125,1377.9705810546875,24.239013671875,40.2578125
IMG_0039.mp4,65,2.168833333333333,29.97002997002997,77,2,traffic_signs,0.8818848133087158,3641.96240234375,1395.6640625,3707.61572265625,1444.5213623046875,3674.7890625,1420.0927124023438,65.6533203125,48.8572998046875
IMG_0039.mp4,66,2.2022,29.97002997002997,1,2,traffic_signs,0.9529848098754883,2510.758056640625,617.9950561523438,2713.719970703125,878.8348999023438,2612.239013671875,748.4149780273438,202.9619140625,260.83984375
IMG_0039.mp4,66,2.2022,29.97002997002997,5,2,traffic_signs,0.9178891181945801,1325.538330078125,1225.1395263671875,1381.849853515625,1288.2103271484375,1353.694091796875,1256.6749267578125,56.3115234375,63.07080078125
IMG_0039.mp4,66,2.2022,29.97002997002997,2,2,traffic_signs,0.8689863085746765,1668.4593505859375,1050.7940673828125,1764.2158203125,1148.155029296875,1716.3375854492188,1099.4745483398438,95.7564697265625,97.3609619140625
IMG_0039.mp4,66,2.2022,29.97002997002997,3,2,traffic_signs,0.9285706877708435,2159.740478515625,1199.810302734375,2208.159423828125,1276.8868408203125,2183.949951171875,1238.3485717773438,48.4189453125,77.0765380859375
IMG_0039.mp4,66,2.2022,29.97002997002997,42,2,traffic_signs,0.7949992418289185,1654.7928466796875,1105.622802734375,1759.0208740234375,1249.2144775390625,1706.9068603515625,1177.4186401367188,104.22802734375,143.5916748046875
IMG_0039.mp4,67,2.2355666666666667,29.97002997002997,1,2,traffic_signs,0.9536040425300598,2545.93603515625,603.094970703125,2753.707763671875,868.1724243164062,2649.8218994140625,735.6336975097656,207.771728515625,265.07745361328125
IMG_0039.mp4,67,2.2355666666666667,29.97002997002997,5,2,traffic_signs,0.9091112613677979,1349.3948974609375,1228.5328369140625,1403.8504638671875,1290.0556640625,1376.6226806640625,1259.2942504882812,54.45556640625,61.5228271484375
IMG_0039.mp4,67,2.2355666666666667,29.97002997002997,2,2,traffic_signs,0.8507139682769775,1689.830078125,1050.54736328125,1785.2664794921875,1149.3214111328125,1737.5482788085938,1099.9343872070312,95.4364013671875,98.7740478515625
IMG_0039.mp4,67,2.2355666666666667,29.97002997002997,42,2,traffic_signs,0.7504705786705017,1675.7103271484375,1133.1910400390625,1778.232177734375,1249.6851806640625,1726.9712524414062,1191.4381103515625,102.5218505859375,116.494140625
IMG_0039.mp4,68,2.2689333333333335,29.97002997002997,1,2,traffic_signs,0.9434539079666138,2618.5625,588.0706176757812,2797.796142578125,858.7852783203125,2708.1793212890625,723.4279479980469,179.233642578125,270.71466064453125
IMG_0039.mp4,68,2.2689333333333335,29.97002997002997,5,2,traffic_signs,0.9063113927841187,1374.4964599609375,1229.918701171875,1429.26611328125,1291.0369873046875,1401.8812866210938,1260.4778442382812,54.7696533203125,61.1182861328125
IMG_0039.mp4,68,2.2689333333333335,29.97002997002997,42,2,traffic_signs,0.8874652981758118,1699.5081787109375,1070.79052734375,1807.451904296875,1252.4183349609375,1753.4800415039062,1161.6044311523438,107.9437255859375,181.6278076171875
IMG_0039.mp4,69,2.3023000000000002,29.97002997002997,1,2,traffic_signs,0.7672519683837891,2641.098388671875,568.8762817382812,2846.50537109375,842.7947387695312,2743.8018798828125,705.8355102539062,205.406982421875,273.91845703125
IMG_0039.mp4,69,2.3023000000000002,29.97002997002997,5,2,traffic_signs,0.9007846117019653,1400.399169921875,1230.68310546875,1454.223876953125,1292.0860595703125,1427.3115234375,1261.3845825195312,53.82470703125,61.4029541015625
IMG_0039.mp4,69,2.3023000000000002,29.97002997002997,42,2,traffic_signs,0.8911476135253906,1723.9942626953125,1051.7049560546875,1834.334716796875,1253.19580078125,1779.1644897460938,1152.4503784179688,110.3404541015625,201.4908447265625
IMG_0039.mp4,70,2.3356666666666666,29.97002997002997,1,2,traffic_signs,0.9617211818695068,2676.55712890625,548.3907470703125,2874.8212890625,829.462890625,2775.689208984375,688.9268188476562,198.26416015625,281.0721435546875
IMG_0039.mp4,70,2.3356666666666666,29.97002997002997,5,2,traffic_signs,0.9139942526817322,1425.2220458984375,1231.036865234375,1479.6397705078125,1293.0777587890625,1452.430908203125,1262.0573120117188,54.417724609375,62.0408935546875
IMG_0039.mp4,70,2.3356666666666666,29.97002997002997,42,2,traffic_signs,0.9147488474845886,1747.8426513671875,1045.1053466796875,1858.2735595703125,1253.717529296875,1803.05810546875,1149.4114379882812,110.430908203125,208.6121826171875
IMG_0039.mp4,71,2.3690333333333333,29.97002997002997,1,2,traffic_signs,0.9390221834182739,2722.09228515625,525.135986328125,2889.116943359375,812.0321044921875,2805.6046142578125,668.5840454101562,167.024658203125,286.8961181640625
IMG_0039.mp4,71,2.3690333333333333,29.97002997002997,5,2,traffic_signs,0.9178826212882996,1451.09912109375,1232.413818359375,1504.895263671875,1293.7293701171875,1477.9971923828125,1263.0715942382812,53.796142578125,61.3155517578125
IMG_0039.mp4,71,2.3690333333333333,29.97002997002997,42,2,traffic_signs,0.8860684037208557,1780.3004150390625,1043.2664794921875,1880.390380859375,1254.4700927734375,1830.3453979492188,1148.8682861328125,100.0899658203125,211.20361328125
IMG_0039.mp4,72,2.4024,29.97002997002997,1,2,traffic_signs,0.9153411984443665,2771.755859375,499.9276428222656,2896.841552734375,767.9806518554688,2834.2987060546875,633.9541473388672,125.085693359375,268.0530090332031
IMG_0039.mp4,72,2.4024,29.97002997002997,5,2,traffic_signs,0.9212455749511719,1475.043212890625,1232.082763671875,1530.861572265625,1294.3828125,1502.952392578125,1263.2327880859375,55.818359375,62.300048828125
IMG_0039.mp4,72,2.4024,29.97002997002997,96,2,traffic_signs,0.755942702293396,533.7766723632812,1182.789306640625,724.9708251953125,1554.5177001953125,629.3737487792969,1368.6535034179688,191.19415283203125,371.7283935546875
IMG_0039.mp4,73,2.435766666666667,29.97002997002997,96,2,traffic_signs,0.41881006956100464,561.5726928710938,1177.940673828125,747.451171875,1556.3978271484375,654.5119323730469,1367.1692504882812,185.87847900390625,378.4571533203125
IMG_0039.mp4,73,2.435766666666667,29.97002997002997,99,2,traffic_signs,0.8260793089866638,1840.099609375,1046.6131591796875,1937.4127197265625,1144.4844970703125,1888.7561645507812,1095.548828125,97.3131103515625,97.871337890625
IMG_0039.mp4,73,2.435766666666667,29.97002997002997,42,2,traffic_signs,0.8641911149024963,1825.2772216796875,1116.8768310546875,1929.8121337890625,1250.515380859375,1877.544677734375,1183.6961059570312,104.534912109375,133.6385498046875
IMG_0039.mp4,74,2.469133333333333,29.97002997002997,96,2,traffic_signs,0.7630986571311951,601.3180541992188,1180.0721435546875,774.7396850585938,1549.661376953125,688.0288696289062,1364.8667602539062,173.421630859375,369.5892333984375
IMG_0039.mp4,74,2.469133333333333,29.97002997002997,99,2,traffic_signs,0.8553110957145691,1862.0201416015625,1045.3812255859375,1959.5228271484375,1142.083740234375,1910.771484375,1093.7324829101562,97.502685546875,96.7025146484375
IMG_0039.mp4,74,2.469133333333333,29.97002997002997,42,2,traffic_signs,0.8992198705673218,1850.308837890625,1140.0570068359375,1956.525390625,1248.2965087890625,1903.4171142578125,1194.1767578125,106.216552734375,108.239501953125
IMG_0039.mp4,75,2.5025,29.97002997002997,96,2,traffic_signs,0.8182553052902222,633.6668090820312,1179.6644287109375,804.9689331054688,1552.9456787109375,719.31787109375,1366.3050537109375,171.3021240234375,373.28125
IMG_0039.mp4,75,2.5025,29.97002997002997,99,2,traffic_signs,0.4965866506099701,1888.9517822265625,1044.2564697265625,1987.7618408203125,1140.546142578125,1938.3568115234375,1092.4013061523438,98.81005859375,96.2896728515625
IMG_0039.mp4,75,2.5025,29.97002997002997,42,2,traffic_signs,0.9156133532524109,1875.694580078125,1144.623291015625,1982.30078125,1247.2813720703125,1928.9976806640625,1195.9523315429688,106.606201171875,102.6580810546875
IMG_0039.mp4,76,2.5358666666666667,29.97002997002997,99,2,traffic_signs,0.811942458152771,1913.4622802734375,1039.821533203125,2013.868896484375,1139.4656982421875,1963.6655883789062,1089.6436157226562,100.4066162109375,99.6441650390625
IMG_0039.mp4,76,2.5358666666666667,29.97002997002997,42,2,traffic_signs,0.6446949243545532,1901.79248046875,1143.852783203125,2008.376953125,1246.2247314453125,1955.084716796875,1195.0387573242188,106.58447265625,102.3719482421875
IMG_0039.mp4,77,2.5692333333333335,29.97002997002997,99,2,traffic_signs,0.7855364680290222,1940.5946044921875,1036.9652099609375,2042.2940673828125,1138.54248046875,1991.4443359375,1087.7538452148438,101.699462890625,101.5772705078125
IMG_0039.mp4,77,2.5692333333333335,29.97002997002997,42,2,traffic_signs,0.8403630256652832,1927.31103515625,1143.291748046875,2033.2294921875,1245.84326171875,1980.270263671875,1194.5675048828125,105.91845703125,102.551513671875
IMG_0039.mp4,77,2.5692333333333335,29.97002997002997,96,2,traffic_signs,0.8587052822113037,696.1502685546875,1187.972412109375,852.3778076171875,1558.40478515625,774.2640380859375,1373.1885986328125,156.2275390625,370.432373046875
IMG_0039.mp4,78,2.6026000000000002,29.97002997002997,99,2,traffic_signs,0.7085456848144531,1966.348876953125,1038.0936279296875,2058.046630859375,1134.0694580078125,2012.19775390625,1086.08154296875,91.69775390625,95.975830078125
IMG_0039.mp4,78,2.6026000000000002,29.97002997002997,42,2,traffic_signs,0.8911647796630859,1954.6707763671875,1139.576904296875,2059.82568359375,1244.801513671875,2007.2482299804688,1192.189208984375,105.1549072265625,105.224609375
IMG_0039.mp4,78,2.6026000000000002,29.97002997002997,96,2,traffic_signs,0.9378438591957092,721.1937866210938,1195.8228759765625,881.2034301757812,1553.26318359375,801.1986083984375,1374.5430297851562,160.0096435546875,357.4403076171875
IMG_0039.mp4,79,2.6359666666666666,29.97002997002997,99,2,traffic_signs,0.6820154190063477,1984.2337646484375,1034.872314453125,2086.80908203125,1216.8441162109375,2035.5214233398438,1125.8582153320312,102.5753173828125,181.9718017578125
IMG_0039.mp4,79,2.6359666666666666,29.97002997002997,42,2,traffic_signs,0.6174944043159485,1979.1844482421875,1139.5245361328125,2084.876708984375,1243.021728515625,2032.0305786132812,1191.2731323242188,105.6922607421875,103.4971923828125
IMG_0039.mp4,79,2.6359666666666666,29.97002997002997,96,2,traffic_signs,0.7619196176528931,746.3609008789062,1190.808837890625,908.5001220703125,1560.8492431640625,827.4305114746094,1375.8290405273438,162.13922119140625,370.0404052734375
IMG_0039.mp4,80,2.6693333333333333,29.97002997002997,99,2,traffic_signs,0.8759995698928833,2006.3521728515625,1029.9495849609375,2117.517822265625,1240.3994140625,2061.9349975585938,1135.1744995117188,111.1656494140625,210.4498291015625
IMG_0039.mp4,80,2.6693333333333333,29.97002997002997,96,2,traffic_signs,0.8248854279518127,772.1559448242188,1193.1173095703125,933.01220703125,1579.2474365234375,852.5840759277344,1386.182373046875,160.85626220703125,386.130126953125
IMG_0039.mp4,81,2.7027,29.97002997002997,99,2,traffic_signs,0.9040899872779846,2038.463623046875,1026.681396484375,2145.801025390625,1181.80517578125,2092.13232421875,1104.2432861328125,107.33740234375,155.123779296875
IMG_0039.mp4,81,2.7027,29.97002997002997,96,2,traffic_signs,0.6129227876663208,799.0147705078125,1197.0010986328125,955.316162109375,1587.8201904296875,877.1654663085938,1392.41064453125,156.3013916015625,390.819091796875
IMG_0039.mp4,81,2.7027,29.97002997002997,42,2,traffic_signs,0.8851184844970703,2029.8663330078125,1133.4539794921875,2138.750732421875,1241.9971923828125,2084.3085327148438,1187.7255859375,108.8843994140625,108.543212890625
IMG_0039.mp4,82,2.736066666666667,29.97002997002997,99,2,traffic_signs,0.9251242876052856,2065.89208984375,1024.2725830078125,2173.930419921875,1149.9610595703125,2119.9112548828125,1087.1168212890625,108.038330078125,125.6884765625
IMG_0039.mp4,82,2.736066666666667,29.97002997002997,96,2,traffic_signs,0.45663321018218994,818.0231323242188,1197.0135498046875,979.2583618164062,1612.857421875,898.6407470703125,1404.9354858398438,161.2352294921875,415.8438720703125
IMG_0039.mp4,82,2.736066666666667,29.97002997002997,42,2,traffic_signs,0.8807932734489441,2056.314208984375,1130.3695068359375,2166.31298828125,1241.7344970703125,2111.3135986328125,1186.052001953125,109.998779296875,111.364990234375
IMG_0039.mp4,82,2.736066666666667,29.97002997002997,6,2,traffic_signs,0.8854316473007202,3481.3408203125,1355.869140625,3515.25146484375,1394.2786865234375,3498.296142578125,1375.0739135742188,33.91064453125,38.4095458984375
IMG_0039.mp4,83,2.769433333333333,29.97002997002997,99,2,traffic_signs,0.8240780830383301,2092.567138671875,1019.0071411132812,2201.437744140625,1136.7413330078125,2147.00244140625,1077.8742370605469,108.87060546875,117.73419189453125
IMG_0039.mp4,83,2.769433333333333,29.97002997002997,42,2,traffic_signs,0.8341680765151978,2082.5322265625,1128.31201171875,2193.671142578125,1240.875244140625,2138.1016845703125,1184.5936279296875,111.138916015625,112.563232421875
IMG_0039.mp4,84,2.8028,29.97002997002997,99,2,traffic_signs,0.8492700457572937,2117.710693359375,1013.7467041015625,2229.637939453125,1129.0791015625,2173.67431640625,1071.4129028320312,111.92724609375,115.3323974609375
IMG_0039.mp4,84,2.8028,29.97002997002997,42,2,traffic_signs,0.8456145524978638,2108.2919921875,1126.68310546875,2221.056884765625,1239.509521484375,2164.6744384765625,1183.0963134765625,112.764892578125,112.826416015625
IMG_0039.mp4,84,2.8028,29.97002997002997,96,2,traffic_signs,0.5884606838226318,864.5953979492188,1196.9835205078125,1025.98193359375,1601.2740478515625,945.2886657714844,1399.1287841796875,161.38653564453125,404.29052734375
IMG_0039.mp4,85,2.8361666666666667,29.97002997002997,99,2,traffic_signs,0.8560628890991211,2144.131103515625,1009.760009765625,2255.976318359375,1122.83349609375,2200.0537109375,1066.2967529296875,111.84521484375,113.073486328125
IMG_0039.mp4,85,2.8361666666666667,29.97002997002997,42,2,traffic_signs,0.8958266973495483,2134.107421875,1123.5247802734375,2248.594970703125,1237.496826171875,2191.3511962890625,1180.5108032226562,114.487548828125,113.9720458984375
IMG_0039.mp4,85,2.8361666666666667,29.97002997002997,96,2,traffic_signs,0.8299899697303772,893.8635864257812,1201.49267578125,1048.2420654296875,1578.2679443359375,971.0528259277344,1389.8803100585938,154.37847900390625,376.7752685546875
IMG_0039.mp4,86,2.8695333333333335,29.97002997002997,99,2,traffic_signs,0.903515100479126,2172.21923828125,1004.5903930664062,2284.273193359375,1117.2291259765625,2228.2462158203125,1060.9097595214844,112.053955078125,112.63873291015625
IMG_0039.mp4,86,2.8695333333333335,29.97002997002997,42,2,traffic_signs,0.9051264524459839,2161.818115234375,1121.9456787109375,2277.247314453125,1234.34228515625,2219.53271484375,1178.1439819335938,115.42919921875,112.3966064453125
IMG_0039.mp4,87,2.9029000000000003,29.97002997002997,99,2,traffic_signs,0.924144446849823,2199.6435546875,1000.4107055664062,2310.310791015625,1111.473388671875,2254.9771728515625,1055.9420471191406,110.667236328125,111.06268310546875
IMG_0039.mp4,87,2.9029000000000003,29.97002997002997,42,2,traffic_signs,0.8667267560958862,2187.609375,1116.521728515625,2304.454345703125,1231.4735107421875,2246.0318603515625,1173.9976196289062,116.844970703125,114.9517822265625
IMG_0039.mp4,87,2.9029000000000003,29.97002997002997,96,2,traffic_signs,0.7526916861534119,942.17578125,1196.5386962890625,1089.6771240234375,1557.603271484375,1015.9264526367188,1377.0709838867188,147.5013427734375,361.0645751953125
IMG_0039.mp4,88,2.9362666666666666,29.97002997002997,99,2,traffic_signs,0.8753705024719238,2224.0498046875,996.3455200195312,2338.41552734375,1109.31005859375,2281.232666015625,1052.8277893066406,114.36572265625,112.96453857421875
IMG_0039.mp4,88,2.9362666666666666,29.97002997002997,96,2,traffic_signs,0.6574004888534546,960.7313232421875,1195.2144775390625,1109.8660888671875,1560.9957275390625,1035.2987060546875,1378.1051025390625,149.134765625,365.78125
IMG_0039.mp4,89,2.9696333333333333,29.97002997002997,99,2,traffic_signs,0.8866926431655884,2249.123046875,990.4776000976562,2365.603759765625,1106.23828125,2307.3634033203125,1048.3579406738281,116.480712890625,115.76068115234375
IMG_0039.mp4,89,2.9696333333333333,29.97002997002997,96,2,traffic_signs,0.6861220002174377,979.2009887695312,1195.0706787109375,1131.574951171875,1604.9842529296875,1055.3879699707031,1400.0274658203125,152.37396240234375,409.91357421875
IMG_0039.mp4,89,2.9696333333333333,29.97002997002997,42,2,traffic_signs,0.702889084815979,2241.5341796875,1107.5611572265625,2360.244873046875,1225.520263671875,2300.8895263671875,1166.5407104492188,118.710693359375,117.9591064453125
IMG_0039.mp4,90,3.003,29.97002997002997,99,2,traffic_signs,0.8601298928260803,2285.148681640625,984.8107299804688,2403.203369140625,1100.701171875,2344.176025390625,1042.7559509277344,118.0546875,115.89044189453125
IMG_0039.mp4,90,3.003,29.97002997002997,141,2,traffic_signs,0.9094364047050476,1896.4310302734375,1228.653076171875,1953.163818359375,1295.0364990234375,1924.7974243164062,1261.8447875976562,56.7327880859375,66.3834228515625
IMG_0039.mp4,90,3.003,29.97002997002997,142,2,traffic_signs,0.8392725586891174,2904.18017578125,1157.01708984375,2981.647216796875,1241.763427734375,2942.9136962890625,1199.3902587890625,77.467041015625,84.746337890625
IMG_0039.mp4,90,3.003,29.97002997002997,42,2,traffic_signs,0.6401335597038269,2276.452392578125,1102.1873779296875,2396.33935546875,1222.8291015625,2336.3958740234375,1162.5082397460938,119.886962890625,120.6417236328125
IMG_0039.mp4,91,3.036366666666667,29.97002997002997,99,2,traffic_signs,0.8188341856002808,2314.109375,979.4920043945312,2435.311767578125,1096.6419677734375,2374.7105712890625,1038.0669860839844,121.202392578125,117.14996337890625
IMG_0039.mp4,91,3.036366666666667,29.97002997002997,141,2,traffic_signs,0.8860641717910767,1918.629150390625,1226.16943359375,1974.71142578125,1294.3507080078125,1946.6702880859375,1260.2600708007812,56.082275390625,68.1812744140625
IMG_0039.mp4,91,3.036366666666667,29.97002997002997,142,2,traffic_signs,0.4654788374900818,2936.3671875,1146.1533203125,3017.30419921875,1238.8990478515625,2976.835693359375,1192.5261840820312,80.93701171875,92.7457275390625
IMG_0039.mp4,91,3.036366666666667,29.97002997002997,42,2,traffic_signs,0.7507622838020325,2307.542724609375,1097.8450927734375,2429.326904296875,1221.727294921875,2368.434814453125,1159.7861938476562,121.7841796875,123.8822021484375
IMG_0039.mp4,91,3.036366666666667,29.97002997002997,96,2,traffic_signs,0.6988131999969482,1020.7180786132812,1190.624267578125,1173.9415283203125,1661.4005126953125,1097.3298034667969,1426.0123901367188,153.22344970703125,470.7762451171875
IMG_0039.mp4,92,3.069733333333333,29.97002997002997,99,2,traffic_signs,0.8814451694488525,2339.073974609375,972.5064697265625,2460.633544921875,1091.0709228515625,2399.853759765625,1031.7886962890625,121.5595703125,118.564453125
IMG_0039.mp4,92,3.069733333333333,29.97002997002997,141,2,traffic_signs,0.8896788954734802,1939.0811767578125,1225.6947021484375,1995.0272216796875,1293.52783203125,1967.05419921875,1259.6112670898438,55.946044921875,67.8331298828125
IMG_0039.mp4,92,3.069733333333333,29.97002997002997,142,2,traffic_signs,0.9098283052444458,2975.51708984375,1137.89599609375,3051.638916015625,1235.189208984375,3013.5780029296875,1186.5426025390625,76.121826171875,97.293212890625
IMG_0039.mp4,92,3.069733333333333,29.97002997002997,42,2,traffic_signs,0.8225898742675781,2333.721923828125,1094.0068359375,2456.29296875,1218.6802978515625,2395.0074462890625,1156.3435668945312,122.571044921875,124.6734619140625
IMG_0039.mp4,92,3.069733333333333,29.97002997002997,96,2,traffic_signs,0.35334116220474243,1039.5943603515625,1191.36279296875,1192.03076171875,1665.2962646484375,1115.8125610351562,1428.3295288085938,152.4364013671875,473.9334716796875
IMG_0039.mp4,93,3.1031,29.97002997002997,99,2,traffic_signs,0.8686330318450928,2361.62841796875,967.9737548828125,2485.978515625,1086.561767578125,2423.803466796875,1027.2677612304688,124.35009765625,118.5880126953125
IMG_0039.mp4,93,3.1031,29.97002997002997,141,2,traffic_signs,0.9051912426948547,1960.6151123046875,1223.7974853515625,2015.51953125,1292.68798828125,1988.0673217773438,1258.2427368164062,54.9044189453125,68.8905029296875
IMG_0039.mp4,93,3.1031,29.97002997002997,142,2,traffic_signs,0.7917735576629639,3011.140869140625,1131.049560546875,3088.1064453125,1232.1943359375,3049.6236572265625,1181.6219482421875,76.965576171875,101.144775390625
IMG_0039.mp4,93,3.1031,29.97002997002997,42,2,traffic_signs,0.7804803848266602,2358.5078125,1091.30078125,2482.8115234375,1215.218017578125,2420.65966796875,1153.2593994140625,124.3037109375,123.917236328125
IMG_0039.mp4,94,3.1364666666666667,29.97002997002997,99,2,traffic_signs,0.8422414064407349,2386.7529296875,960.3736572265625,2512.145751953125,1083.05029296875,2449.4493408203125,1021.7119750976562,125.392822265625,122.6766357421875
IMG_0039.mp4,94,3.1364666666666667,29.97002997002997,141,2,traffic_signs,0.8889243006706238,1980.3055419921875,1222.2823486328125,2035.50927734375,1292.072021484375,2007.9074096679688,1257.1771850585938,55.2037353515625,69.7896728515625
IMG_0039.mp4,94,3.1364666666666667,29.97002997002997,142,2,traffic_signs,0.891066312789917,3048.387451171875,1124.39404296875,3128.37158203125,1229.3135986328125,3088.3795166015625,1176.8538208007812,79.984130859375,104.9195556640625
IMG_0039.mp4,94,3.1364666666666667,29.97002997002997,96,2,traffic_signs,0.8764431476593018,1075.116943359375,1166.6092529296875,1224.4864501953125,1663.7117919921875,1149.8016967773438,1415.1605224609375,149.3695068359375,497.1025390625
IMG_0039.mp4,95,3.1698333333333335,29.97002997002997,99,2,traffic_signs,0.8625742793083191,2402.631103515625,956.4413452148438,2527.7158203125,1080.338623046875,2465.1734619140625,1018.3899841308594,125.084716796875,123.89727783203125
IMG_0039.mp4,95,3.1698333333333335,29.97002997002997,141,2,traffic_signs,0.8925119042396545,1993.677734375,1222.18505859375,2049.890380859375,1292.3699951171875,2021.7840576171875,1257.2775268554688,56.212646484375,70.1849365234375
IMG_0039.mp4,95,3.1698333333333335,29.97002997002997,142,2,traffic_signs,0.8807458877563477,3073.45849609375,1119.5999755859375,3157.56787109375,1226.05078125,3115.51318359375,1172.8253784179688,84.109375,106.4508056640625
IMG_0039.mp4,95,3.1698333333333335,29.97002997002997,145,2,traffic_signs,0.5784823894500732,2391.117431640625,1080.590087890625,2519.16796875,1205.2515869140625,2455.1427001953125,1142.9208374023438,128.050537109375,124.6614990234375
IMG_0039.mp4,95,3.1698333333333335,29.97002997002997,96,2,traffic_signs,0.8123557567596436,1089.7823486328125,1181.689453125,1238.222412109375,1665.7718505859375,1164.0023803710938,1423.7306518554688,148.4400634765625,484.0823974609375
IMG_0039.mp4,95,3.1698333333333335,29.97002997002997,42,2,traffic_signs,0.6686859130859375,2400.140380859375,1079.182861328125,2530.888427734375,1206.5179443359375,2465.514404296875,1142.8504028320312,130.748046875,127.3350830078125
IMG_0039.mp4,96,3.2032000000000003,29.97002997002997,99,2,traffic_signs,0.8126629590988159,2434.299560546875,947.0169677734375,2560.788818359375,1072.0345458984375,2497.544189453125,1009.5257568359375,126.4892578125,125.017578125
IMG_0039.mp4,96,3.2032000000000003,29.97002997002997,141,2,traffic_signs,0.9057251214981079,2018.531494140625,1220.54052734375,2074.81591796875,1290.5050048828125,2046.6737060546875,1255.5227661132812,56.284423828125,69.9644775390625
IMG_0039.mp4,96,3.2032000000000003,29.97002997002997,142,2,traffic_signs,0.8271827697753906,3121.317626953125,1114.4283447265625,3206.412841796875,1220.3236083984375,3163.865234375,1167.3759765625,85.09521484375,105.895263671875
IMG_0039.mp4,96,3.2032000000000003,29.97002997002997,145,2,traffic_signs,0.6360983848571777,2418.144287109375,1073.1904296875,2550.99853515625,1202.2830810546875,2484.5714111328125,1137.7367553710938,132.854248046875,129.0926513671875
IMG_0039.mp4,96,3.2032000000000003,29.97002997002997,42,2,traffic_signs,0.4012758731842041,2429.1865234375,1073.15380859375,2560.765869140625,1200.75390625,2494.9761962890625,1136.953857421875,131.579345703125,127.60009765625
IMG_0039.mp4,97,3.2365666666666666,29.97002997002997,99,2,traffic_signs,0.5170617699623108,2459.269287109375,941.5667114257812,2589.5478515625,1064.9876708984375,2524.4085693359375,1003.2771911621094,130.278564453125,123.42095947265625
IMG_0039.mp4,97,3.2365666666666666,29.97002997002997,141,2,traffic_signs,0.8888822793960571,2040.1959228515625,1219.2716064453125,2097.2900390625,1289.4732666015625,2068.7429809570312,1254.3724365234375,57.0941162109375,70.20166015625
IMG_0039.mp4,97,3.2365666666666666,29.97002997002997,142,2,traffic_signs,0.8458462357521057,3162.718505859375,1108.789306640625,3249.218994140625,1217.808349609375,3205.96875,1163.298828125,86.50048828125,109.01904296875
IMG_0039.mp4,97,3.2365666666666666,29.97002997002997,145,2,traffic_signs,0.8683099746704102,2445.132080078125,1067.284423828125,2581.615966796875,1198.8057861328125,2513.3740234375,1133.0451049804688,136.48388671875,131.5213623046875
IMG_0039.mp4,97,3.2365666666666666,29.97002997002997,96,2,traffic_signs,0.37347039580345154,1120.0128173828125,1180.0797119140625,1271.6590576171875,1665.169189453125,1195.8359375,1422.6244506835938,151.646240234375,485.0894775390625
IMG_0039.mp4,98,3.2699333333333334,29.97002997002997,99,2,traffic_signs,0.5426391959190369,2486.70458984375,932.6631469726562,2614.565673828125,1058.463623046875,2550.6351318359375,995.5633850097656,127.861083984375,125.80047607421875
IMG_0039.mp4,98,3.2699333333333334,29.97002997002997,141,2,traffic_signs,0.7572637796401978,2059.424560546875,1217.0367431640625,2116.481201171875,1289.3038330078125,2087.952880859375,1253.1702880859375,57.056640625,72.26708984375
IMG_0039.mp4,98,3.2699333333333334,29.97002997002997,142,2,traffic_signs,0.8358058333396912,3197.584228515625,1105.6741943359375,3289.49462890625,1211.059326171875,3243.5394287109375,1158.3667602539062,91.910400390625,105.3851318359375
IMG_0039.mp4,98,3.2699333333333334,29.97002997002997,145,2,traffic_signs,0.8478677868843079,2470.914794921875,1057.3896484375,2609.907470703125,1195.6134033203125,2540.4111328125,1126.5015258789062,138.99267578125,138.2237548828125
IMG_0039.mp4,99,3.3033,29.97002997002997,99,2,traffic_signs,0.49702292680740356,2511.248779296875,926.306640625,2641.2724609375,1052.06298828125,2576.2606201171875,989.184814453125,130.023681640625,125.75634765625
IMG_0039.mp4,99,3.3033,29.97002997002997,141,2,traffic_signs,0.828915536403656,2079.066650390625,1217.540283203125,2136.552001953125,1286.7794189453125,2107.809326171875,1252.1598510742188,57.4853515625,69.2391357421875
IMG_0039.mp4,99,3.3033,29.97002997002997,142,2,traffic_signs,0.8717463612556458,3231.76806640625,1111.292724609375,3324.328369140625,1204.9130859375,3278.0482177734375,1158.1029052734375,92.560302734375,93.620361328125
IMG_0039.mp4,99,3.3033,29.97002997002997,145,2,traffic_signs,0.5707094073295593,2498.25830078125,1050.9786376953125,2638.45947265625,1192.5238037109375,2568.35888671875,1121.751220703125,140.201171875,141.545166015625
IMG_0039.mp4,100,3.336666666666667,29.97002997002997,99,2,traffic_signs,0.7850258946418762,2534.521484375,917.9801025390625,2668.06396484375,1046.93115234375,2601.292724609375,982.4556274414062,133.54248046875,128.9510498046875
IMG_0039.mp4,100,3.336666666666667,29.97002997002997,141,2,traffic_signs,0.7517905235290527,2096.246826171875,1214.998291015625,2154.5498046875,1283.8612060546875,2125.3983154296875,1249.4297485351562,58.302978515625,68.8629150390625
IMG_0039.mp4,100,3.336666666666667,29.97002997002997,142,2,traffic_signs,0.5303533673286438,3266.716796875,1132.7857666015625,3351.899169921875,1203.6260986328125,3309.3079833984375,1168.2059326171875,85.182373046875,70.84033203125
IMG_0039.mp4,100,3.336666666666667,29.97002997002997,145,2,traffic_signs,0.8211774826049805,2523.580322265625,1046.96484375,2666.181396484375,1187.0374755859375,2594.880859375,1117.0011596679688,142.60107421875,140.0726318359375
IMG_0039.mp4,101,3.370033333333333,29.97002997002997,99,2,traffic_signs,0.5964909791946411,2558.830810546875,912.2017822265625,2695.11474609375,1039.6094970703125,2626.9727783203125,975.9056396484375,136.283935546875,127.40771484375
IMG_0039.mp4,101,3.370033333333333,29.97002997002997,141,2,traffic_signs,0.7598525881767273,2114.56494140625,1212.67041015625,2172.8017578125,1282.7509765625,2143.683349609375,1247.710693359375,58.23681640625,70.08056640625
IMG_0039.mp4,101,3.370033333333333,29.97002997002997,145,2,traffic_signs,0.7246465682983398,2550.834716796875,1042.8236083984375,2693.863037109375,1181.889404296875,2622.348876953125,1112.3565063476562,143.0283203125,139.0657958984375
IMG_0039.mp4,102,3.4034,29.97002997002997,99,2,traffic_signs,0.7481794953346252,2581.660400390625,904.499755859375,2722.74560546875,1035.546630859375,2652.2030029296875,970.023193359375,141.085205078125,131.046875
IMG_0039.mp4,102,3.4034,29.97002997002997,141,2,traffic_signs,0.8782512545585632,2132.41357421875,1211.517822265625,2191.4052734375,1280.772216796875,2161.909423828125,1246.14501953125,58.99169921875,69.25439453125
IMG_0039.mp4,102,3.4034,29.97002997002997,145,2,traffic_signs,0.8667777180671692,2574.4033203125,1036.39013671875,2723.935791015625,1178.38525390625,2649.1695556640625,1107.3876953125,149.532470703125,141.9951171875
IMG_0039.mp4,103,3.4367666666666667,29.97002997002997,99,2,traffic_signs,0.6673437356948853,2608.2509765625,897.2106323242188,2749.53515625,1026.7611083984375,2678.89306640625,961.9858703613281,141.2841796875,129.55047607421875
IMG_0039.mp4,103,3.4367666666666667,29.97002997002997,141,2,traffic_signs,0.9110711812973022,2148.79833984375,1210.4005126953125,2210.05712890625,1278.1915283203125,2179.427734375,1244.2960205078125,61.2587890625,67.791015625
IMG_0039.mp4,103,3.4367666666666667,29.97002997002997,145,2,traffic_signs,0.7256025075912476,2598.662841796875,1032.745849609375,2752.01318359375,1171.5501708984375,2675.3380126953125,1102.1480102539062,153.350341796875,138.8043212890625
IMG_0039.mp4,103,3.4367666666666667,29.97002997002997,151,2,traffic_signs,0.6245107054710388,2603.248046875,893.7145385742188,2747.791259765625,1023.821533203125,2675.5196533203125,958.7680358886719,144.543212890625,130.10699462890625
IMG_0039.mp4,103,3.4367666666666667,29.97002997002997,154,2,traffic_signs,0.5538908243179321,1.9802852869033813,1061.0518798828125,110.07249450683594,1156.9969482421875,56.02638989686966,1109.0244140625,108.09220921993256,95.945068359375
IMG_0039.mp4,104,3.4701333333333335,29.97002997002997,145,2,traffic_signs,0.8708422183990479,2615.666748046875,1026.516357421875,2759.9697265625,1131.3433837890625,2687.8182373046875,1078.9298706054688,144.302978515625,104.8270263671875
IMG_0039.mp4,104,3.4701333333333335,29.97002997002997,154,2,traffic_signs,0.7607780694961548,1.517977237701416,1048.812255859375,79.4558334350586,1158.644287109375,40.486905336380005,1103.728271484375,77.93785619735718,109.83203125
IMG_0039.mp4,105,3.5035000000000003,29.97002997002997,145,2,traffic_signs,0.9186877608299255,2640.921875,1019.71484375,2796.209716796875,1153.4722900390625,2718.5657958984375,1086.5935668945312,155.287841796875,133.7574462890625
IMG_0039.mp4,105,3.5035000000000003,29.97002997002997,154,2,traffic_signs,0.42488569021224976,9.699485778808594,1045.78662109375,78.1671371459961,1155.522705078125,43.933311462402344,1100.6546630859375,68.4676513671875,109.736083984375
IMG_0039.mp4,105,3.5035000000000003,29.97002997002997,99,2,traffic_signs,0.8884676098823547,2649.398681640625,881.5875854492188,2794.2958984375,1009.7799072265625,2721.8472900390625,945.6837463378906,144.897216796875,128.19232177734375
IMG_0039.mp4,105,3.5035000000000003,29.97002997002997,141,2,traffic_signs,0.9147189855575562,2174.18505859375,1207.4888916015625,2237.39306640625,1275.159912109375,2205.7890625,1241.3244018554688,63.2080078125,67.6710205078125
IMG_0039.mp4,105,3.5035000000000003,29.97002997002997,151,2,traffic_signs,0.8432524800300598,2649.943359375,878.110595703125,2798.218017578125,1003.0355834960938,2724.0806884765625,940.5730895996094,148.274658203125,124.92498779296875
IMG_0039.mp4,106,3.5368666666666666,29.97002997002997,145,2,traffic_signs,0.9288003444671631,2674.747802734375,1011.0827026367188,2835.72314453125,1153.6087646484375,2755.2354736328125,1082.3457336425781,160.975341796875,142.52606201171875
IMG_0039.mp4,106,3.5368666666666666,29.97002997002997,154,2,traffic_signs,0.7703666090965271,25.029611587524414,1045.0279541015625,88.28981018066406,1154.3125,56.65971088409424,1099.6702270507812,63.26019859313965,109.2845458984375
IMG_0039.mp4,106,3.5368666666666666,29.97002997002997,99,2,traffic_signs,0.9302746057510376,2681.059814453125,867.5822143554688,2829.7763671875,1007.6640625,2755.4180908203125,937.6231384277344,148.716552734375,140.08184814453125
IMG_0039.mp4,106,3.5368666666666666,29.97002997002997,141,2,traffic_signs,0.746285617351532,2196.960205078125,1199.7578125,2261.468017578125,1274.07470703125,2229.214111328125,1236.916259765625,64.5078125,74.31689453125
IMG_0039.mp4,107,3.5702333333333334,29.97002997002997,145,2,traffic_signs,0.8978742361068726,2702.18994140625,1000.0159912109375,2868.678955078125,1149.3941650390625,2785.4344482421875,1074.705078125,166.489013671875,149.378173828125
IMG_0039.mp4,107,3.5702333333333334,29.97002997002997,154,2,traffic_signs,0.6504225730895996,39.5355339050293,1047.5826416015625,106.09327697753906,1156.629150390625,72.81440544128418,1102.1058959960938,66.55774307250977,109.0465087890625
IMG_0039.mp4,107,3.5702333333333334,29.97002997002997,99,2,traffic_signs,0.8905327916145325,2707.557861328125,856.0390014648438,2860.2685546875,1000.8848876953125,2783.9132080078125,928.4619445800781,152.710693359375,144.84588623046875
IMG_0039.mp4,107,3.5702333333333334,29.97002997002997,141,2,traffic_signs,0.8267124891281128,2207.6005859375,1199.4818115234375,2279.4912109375,1272.4217529296875,2243.5458984375,1235.9517822265625,71.890625,72.93994140625
IMG_0039.mp4,108,3.6036,29.97002997002997,145,2,traffic_signs,0.9178606271743774,2729.09619140625,993.0029296875,2899.338623046875,1146.4237060546875,2814.2174072265625,1069.7133178710938,170.242431640625,153.4207763671875
IMG_0039.mp4,108,3.6036,29.97002997002997,154,2,traffic_signs,0.5872511863708496,54.09544372558594,1047.0771484375,113.36761474609375,1155.1058349609375,83.73152923583984,1101.0914916992188,59.27217102050781,108.0286865234375
IMG_0039.mp4,108,3.6036,29.97002997002997,99,2,traffic_signs,0.7129898071289062,2734.162353515625,850.1195678710938,2886.58056640625,990.7014770507812,2810.3714599609375,920.4105224609375,152.418212890625,140.5819091796875
IMG_0039.mp4,108,3.6036,29.97002997002997,141,2,traffic_signs,0.7448408603668213,2228.2529296875,1196.92578125,2297.5498046875,1270.161376953125,2262.9013671875,1233.5435791015625,69.296875,73.235595703125
IMG_0039.mp4,109,3.636966666666667,29.97002997002997,145,2,traffic_signs,0.9223315119743347,2754.127197265625,984.963134765625,2927.903564453125,1143.1639404296875,2841.015380859375,1064.0635375976562,173.7763671875,158.2008056640625
IMG_0039.mp4,109,3.636966666666667,29.97002997002997,99,2,traffic_signs,0.9312061667442322,2759.6103515625,849.0377807617188,2907.904052734375,982.49462890625,2833.7572021484375,915.7662048339844,148.293701171875,133.45684814453125
IMG_0039.mp4,109,3.636966666666667,29.97002997002997,151,2,traffic_signs,0.7856193780899048,2756.0185546875,849.6150512695312,2906.886962890625,978.5159912109375,2831.4527587890625,914.0655212402344,150.868408203125,128.90093994140625
IMG_0039.mp4,110,3.6703333333333332,29.97002997002997,145,2,traffic_signs,0.9561156630516052,2796.718505859375,979.4152221679688,2958.430908203125,1139.44970703125,2877.57470703125,1059.4324645996094,161.71240234375,160.03448486328125
IMG_0039.mp4,110,3.6703333333333332,29.97002997002997,141,2,traffic_signs,0.7668025493621826,2263.570068359375,1192.9498291015625,2329.312744140625,1266.8175048828125,2296.44140625,1229.8836669921875,65.74267578125,73.86767578125
IMG_0039.mp4,111,3.7037,29.97002997002997,145,2,traffic_signs,0.8421735763549805,2810.750244140625,968.5849609375,2988.484375,1131.58203125,2899.6173095703125,1050.08349609375,177.734130859375,162.9970703125
IMG_0039.mp4,111,3.7037,29.97002997002997,161,2,traffic_signs,0.7641671299934387,1271.1336669921875,1160.93896484375,1420.94189453125,1683.5750732421875,1346.0377807617188,1422.2570190429688,149.8082275390625,522.6361083984375
IMG_0039.mp4,111,3.7037,29.97002997002997,162,2,traffic_signs,0.43326663970947266,1959.5106201171875,1155.88330078125,1973.6456298828125,1257.603271484375,1966.578125,1206.7432861328125,14.135009765625,101.719970703125
IMG_0039.mp4,112,3.7370666666666668,29.97002997002997,145,2,traffic_signs,0.9313783645629883,2833.59130859375,957.0240478515625,3017.14208984375,1124.5762939453125,2925.36669921875,1040.8001708984375,183.55078125,167.55224609375
IMG_0039.mp4,112,3.7370666666666668,29.97002997002997,161,2,traffic_signs,0.7206294536590576,1275.22607421875,1152.062744140625,1421.483642578125,1687.1553955078125,1348.3548583984375,1419.6090698242188,146.257568359375,535.0926513671875
IMG_0039.mp4,113,3.7704333333333335,29.97002997002997,145,2,traffic_signs,0.9433673024177551,2856.3525390625,947.6438598632812,3048.819580078125,1119.2967529296875,2952.5860595703125,1033.4703063964844,192.467041015625,171.65289306640625
IMG_0039.mp4,113,3.7704333333333335,29.97002997002997,161,2,traffic_signs,0.682044506072998,1281.9619140625,1155.3192138671875,1424.8035888671875,1693.1121826171875,1353.3827514648438,1424.2156982421875,142.8416748046875,537.79296875
IMG_0039.mp4,113,3.7704333333333335,29.97002997002997,167,2,traffic_signs,0.7718609571456909,150.49874877929688,1064.66064453125,244.9081268310547,1155.9766845703125,197.70343780517578,1110.3186645507812,94.40937805175781,91.3160400390625
IMG_0039.mp4,113,3.7704333333333335,29.97002997002997,141,2,traffic_signs,0.6186418533325195,2306.591552734375,1160.7535400390625,2374.420166015625,1263.6522216796875,2340.505859375,1212.202880859375,67.82861328125,102.898681640625
IMG_0039.mp4,114,3.8038,29.97002997002997,145,2,traffic_signs,0.9324296712875366,2879.7158203125,946.3749389648438,3077.700927734375,1110.664306640625,2978.7083740234375,1028.5196228027344,197.985107421875,164.28936767578125
IMG_0039.mp4,114,3.8038,29.97002997002997,161,2,traffic_signs,0.3643379211425781,1288.6898193359375,1159.476318359375,1419.9351806640625,1698.865966796875,1354.3125,1429.171142578125,131.245361328125,539.3896484375
IMG_0039.mp4,114,3.8038,29.97002997002997,167,2,traffic_signs,0.8416091799736023,155.1613311767578,1063.61865234375,249.96734619140625,1155.8414306640625,202.56433868408203,1109.7300415039062,94.80601501464844,92.2227783203125
IMG_0039.mp4,114,3.8038,29.97002997002997,169,2,traffic_signs,0.5947914719581604,131.1815643310547,914.2518310546875,266.3480224609375,1105.5997314453125,198.7647933959961,1009.92578125,135.1664581298828,191.347900390625
IMG_0039.mp4,114,3.8038,29.97002997002997,141,2,traffic_signs,0.7640615701675415,2320.720947265625,1167.34326171875,2388.545654296875,1260.548828125,2354.63330078125,1213.946044921875,67.82470703125,93.20556640625
IMG_0039.mp4,115,3.8371666666666666,29.97002997002997,145,2,traffic_signs,0.9216449856758118,2903.390625,948.929443359375,3105.1884765625,1104.2984619140625,3004.28955078125,1026.6139526367188,201.7978515625,155.3690185546875
IMG_0039.mp4,115,3.8371666666666666,29.97002997002997,161,2,traffic_signs,0.5343160629272461,1295.1563720703125,1189.8665771484375,1400.6175537109375,1703.8631591796875,1347.886962890625,1446.8648681640625,105.461181640625,513.99658203125
IMG_0039.mp4,115,3.8371666666666666,29.97002997002997,167,2,traffic_signs,0.606122612953186,158.35897827148438,1060.90283203125,256.87762451171875,1155.4327392578125,207.61830139160156,1108.1677856445312,98.51864624023438,94.5299072265625
IMG_0039.mp4,115,3.8371666666666666,29.97002997002997,169,2,traffic_signs,0.2860659062862396,136.5458526611328,915.1151123046875,270.3355712890625,1107.767822265625,203.44071197509766,1011.4414672851562,133.7897186279297,192.6527099609375
IMG_0039.mp4,115,3.8371666666666666,29.97002997002997,141,2,traffic_signs,0.883156418800354,2333.2607421875,1164.334228515625,2401.14306640625,1256.9998779296875,2367.201904296875,1210.6670532226562,67.88232421875,92.6656494140625
IMG_0039.mp4,116,3.8705333333333334,29.97002997002997,145,2,traffic_signs,0.9019812941551208,2926.080078125,949.3660888671875,3126.517333984375,1096.39208984375,3026.2987060546875,1022.8790893554688,200.437255859375,147.0260009765625
IMG_0039.mp4,116,3.8705333333333334,29.97002997002997,167,2,traffic_signs,0.4239724278450012,167.8249053955078,1057.884033203125,264.92486572265625,1148.861328125,216.37488555908203,1103.3726806640625,97.09996032714844,90.977294921875
IMG_0039.mp4,116,3.8705333333333334,29.97002997002997,141,2,traffic_signs,0.8528552055358887,2347.408447265625,1165.6934814453125,2414.902587890625,1253.8358154296875,2381.155517578125,1209.7646484375,67.494140625,88.142333984375
IMG_0039.mp4,117,3.9039,29.97002997002997,145,2,traffic_signs,0.8769682049751282,2946.892333984375,959.6680908203125,3141.54931640625,1089.5615234375,3044.2208251953125,1024.6148071289062,194.656982421875,129.8934326171875
IMG_0039.mp4,117,3.9039,29.97002997002997,167,2,traffic_signs,0.5332467555999756,168.32061767578125,1055.4853515625,271.45916748046875,1153.0155029296875,219.889892578125,1104.2504272460938,103.1385498046875,97.5301513671875
IMG_0039.mp4,117,3.9039,29.97002997002997,141,2,traffic_signs,0.8816928863525391,2356.518798828125,1171.702392578125,2423.163818359375,1252.958251953125,2389.84130859375,1212.330322265625,66.64501953125,81.255859375
IMG_0039.mp4,117,3.9039,29.97002997002997,174,2,traffic_signs,0.8066725730895996,1.3565731048583984,1123.3968505859375,53.80703353881836,1195.2623291015625,27.58180332183838,1159.32958984375,52.45046043395996,71.865478515625
IMG_0039.mp4,118,3.937266666666667,29.97002997002997,145,2,traffic_signs,0.3135746419429779,2979.341552734375,969.1898193359375,3158.84423828125,1079.9410400390625,3069.0928955078125,1024.5654296875,179.502685546875,110.751220703125
IMG_0039.mp4,118,3.937266666666667,29.97002997002997,167,2,traffic_signs,0.5065685510635376,172.0086212158203,1052.6475830078125,277.8360290527344,1150.1981201171875,224.92232513427734,1101.4228515625,105.82740783691406,97.550537109375
IMG_0039.mp4,118,3.937266666666667,29.97002997002997,141,2,traffic_signs,0.904591977596283,2371.553466796875,1170.56298828125,2438.22998046875,1250.1466064453125,2404.8917236328125,1210.3547973632812,66.676513671875,79.5836181640625
IMG_0039.mp4,118,3.937266666666667,29.97002997002997,174,2,traffic_signs,0.3900158703327179,1.7852691411972046,1123.52099609375,67.33411407470703,1192.70654296875,34.55969160795212,1158.11376953125,65.54884493350983,69.185546875
IMG_0039.mp4,119,3.9706333333333332,29.97002997002997,167,2,traffic_signs,0.821629524230957,170.62002563476562,1049.740478515625,282.090087890625,1151.356201171875,226.3550567626953,1100.54833984375,111.47006225585938,101.61572265625
IMG_0039.mp4,119,3.9706333333333332,29.97002997002997,141,2,traffic_signs,0.8817762136459351,2381.41796875,1170.704345703125,2449.599853515625,1249.2744140625,2415.5089111328125,1209.9893798828125,68.181884765625,78.570068359375
IMG_0039.mp4,119,3.9706333333333332,29.97002997002997,174,2,traffic_signs,0.6182608604431152,2.2193515300750732,1123.6981201171875,80.6760025024414,1193.51953125,41.44767701625824,1158.6088256835938,78.45665097236633,69.8214111328125
IMG_0039.mp4,120,4.0040000000000004,29.97002997002997,167,2,traffic_signs,0.8226163387298584,167.65036010742188,1046.5634765625,285.1971740722656,1149.8330078125,226.42376708984375,1098.1982421875,117.54681396484375,103.26953125
IMG_0039.mp4,120,4.0040000000000004,29.97002997002997,141,2,traffic_signs,0.7621069550514221,2393.587158203125,1160.91748046875,2462.266845703125,1247.0389404296875,2427.927001953125,1203.9782104492188,68.6796875,86.1214599609375
IMG_0039.mp4,120,4.0040000000000004,29.97002997002997,174,2,traffic_signs,0.25704219937324524,2.1186773777008057,1125.5687255859375,93.30937957763672,1193.967529296875,47.71402847766876,1159.7681274414062,91.19070219993591,68.3988037109375
IMG_0039.mp4,120,4.0040000000000004,29.97002997002997,161,2,traffic_signs,0.4055851697921753,1300.552001953125,1154.3670654296875,1413.0701904296875,1728.93310546875,1356.8110961914062,1441.6500854492188,112.5181884765625,574.5660400390625
IMG_0039.mp4,121,4.037366666666666,29.97002997002997,167,2,traffic_signs,0.7087512612342834,162.2723846435547,1043.162353515625,285.36102294921875,1149.5018310546875,223.81670379638672,1096.3320922851562,123.08863830566406,106.3394775390625
IMG_0039.mp4,121,4.037366666666666,29.97002997002997,141,2,traffic_signs,0.8671442866325378,2407.412353515625,1162.38916015625,2477.237060546875,1244.2103271484375,2442.32470703125,1203.2997436523438,69.82470703125,81.8211669921875
IMG_0039.mp4,121,4.037366666666666,29.97002997002997,169,2,traffic_signs,0.7959632277488708,136.11236572265625,893.579833984375,279.7505798339844,1162.257568359375,207.9314727783203,1027.918701171875,143.63821411132812,268.677734375
IMG_0039.mp4,122,4.070733333333333,29.97002997002997,167,2,traffic_signs,0.7257128357887268,161.98130798339844,1041.0576171875,288.3642272949219,1149.556396484375,225.17276763916016,1095.3070068359375,126.38291931152344,108.498779296875
IMG_0039.mp4,122,4.070733333333333,29.97002997002997,141,2,traffic_signs,0.8491895198822021,2417.06787109375,1162.6912841796875,2487.54541015625,1243.2298583984375,2452.306640625,1202.9605712890625,70.4775390625,80.53857421875
IMG_0039.mp4,122,4.070733333333333,29.97002997002997,169,2,traffic_signs,0.6544154286384583,134.42184448242188,890.06494140625,281.3818359375,1165.117919921875,207.90184020996094,1027.5914306640625,146.95999145507812,275.052978515625
IMG_0039.mp4,122,4.070733333333333,29.97002997002997,174,2,traffic_signs,0.6498507857322693,19.920686721801758,1126.129638671875,111.3192138671875,1197.823486328125,65.61995029449463,1161.9765625,91.39852714538574,71.69384765625
IMG_0039.mp4,122,4.070733333333333,29.97002997002997,161,2,traffic_signs,0.6722846627235413,1298.046875,1106.9886474609375,1454.8175048828125,1722.7044677734375,1376.4321899414062,1414.8465576171875,156.7706298828125,615.7158203125
IMG_0039.mp4,123,4.1041,29.97002997002997,167,2,traffic_signs,0.8227248787879944,160.82217407226562,1038.1065673828125,289.60955810546875,1149.16552734375,225.2158660888672,1093.6360473632812,128.78738403320312,111.0589599609375
IMG_0039.mp4,123,4.1041,29.97002997002997,174,2,traffic_signs,0.6350547075271606,25.712419509887695,1130.5875244140625,113.33980560302734,1199.55810546875,69.52611255645752,1165.0728149414062,87.62738609313965,68.9705810546875
IMG_0039.mp4,123,4.1041,29.97002997002997,161,2,traffic_signs,0.5959190726280212,1296.73828125,1104.0595703125,1462.939453125,1723.8804931640625,1379.8388671875,1413.9700317382812,166.201171875,619.8209228515625
IMG_0039.mp4,124,4.137466666666667,29.97002997002997,167,2,traffic_signs,0.5287900567054749,160.41627502441406,1035.1246337890625,290.6994323730469,1147.7294921875,225.55785369873047,1091.4270629882812,130.2831573486328,112.6048583984375
IMG_0039.mp4,124,4.137466666666667,29.97002997002997,174,2,traffic_signs,0.7945291996002197,34.204036712646484,1130.8509521484375,106.18484497070312,1198.1412353515625,70.1944408416748,1164.49609375,71.98080825805664,67.290283203125
IMG_0039.mp4,124,4.137466666666667,29.97002997002997,161,2,traffic_signs,0.44439923763275146,1297.71630859375,1106.94482421875,1466.0850830078125,1722.072021484375,1381.9006958007812,1414.5084228515625,168.3687744140625,615.127197265625
IMG_0039.mp4,124,4.137466666666667,29.97002997002997,177,2,traffic_signs,0.5288929343223572,2087.996826171875,1126.0811767578125,2107.159912109375,1241.531982421875,2097.578369140625,1183.8065795898438,19.1630859375,115.4508056640625
IMG_0039.mp4,124,4.137466666666667,29.97002997002997,141,2,traffic_signs,0.8867645263671875,2439.61962890625,1157.9320068359375,2508.56494140625,1236.55126953125,2474.09228515625,1197.2416381835938,68.9453125,78.6192626953125
IMG_0039.mp4,125,4.170833333333333,29.97002997002997,167,2,traffic_signs,0.6164382696151733,156.36386108398438,1032.7454833984375,291.4703063964844,1147.270263671875,223.91708374023438,1090.0078735351562,135.1064453125,114.5247802734375
IMG_0039.mp4,125,4.170833333333333,29.97002997002997,161,2,traffic_signs,0.3452475368976593,1295.7965087890625,1102.478759765625,1465.880126953125,1728.49267578125,1380.8383178710938,1415.4857177734375,170.0836181640625,626.013916015625
IMG_0039.mp4,125,4.170833333333333,29.97002997002997,141,2,traffic_signs,0.8490530252456665,2450.18994140625,1153.1739501953125,2520.021728515625,1231.9771728515625,2485.1058349609375,1192.5755615234375,69.831787109375,78.80322265625
IMG_0039.mp4,126,4.2042,29.97002997002997,167,2,traffic_signs,0.793350875377655,147.45355224609375,1041.5828857421875,261.6244201660156,1149.7255859375,204.5389862060547,1095.6542358398438,114.17086791992188,108.1427001953125
IMG_0039.mp4,126,4.2042,29.97002997002997,161,2,traffic_signs,0.550067663192749,1294.3974609375,1098.36767578125,1464.535400390625,1729.3582763671875,1379.4664306640625,1413.8629760742188,170.137939453125,630.9906005859375
IMG_0039.mp4,126,4.2042,29.97002997002997,141,2,traffic_signs,0.8781026601791382,2457.197021484375,1151.1961669921875,2531.50341796875,1227.558349609375,2494.3502197265625,1189.3772583007812,74.306396484375,76.3621826171875
IMG_0039.mp4,127,4.237566666666667,29.97002997002997,167,2,traffic_signs,0.8919686079025269,143.33372497558594,1049.2557373046875,223.92425537109375,1146.72802734375,183.62899017333984,1097.9918823242188,80.59053039550781,97.4722900390625
IMG_0039.mp4,127,4.237566666666667,29.97002997002997,141,2,traffic_signs,0.7551816701889038,2468.1103515625,1147.9111328125,2543.000732421875,1226.232421875,2505.5555419921875,1187.07177734375,74.890380859375,78.3212890625
IMG_0039.mp4,128,4.270933333333334,29.97002997002997,167,2,traffic_signs,0.524910569190979,142.73182678222656,1034.690185546875,272.2866516113281,1146.8944091796875,207.50923919677734,1090.7922973632812,129.55482482910156,112.2042236328125
IMG_0039.mp4,128,4.270933333333334,29.97002997002997,161,2,traffic_signs,0.4831952154636383,1294.8892822265625,1082.2640380859375,1463.2943115234375,1737.074951171875,1379.091796875,1409.6694946289062,168.405029296875,654.8109130859375
IMG_0039.mp4,129,4.3043000000000005,29.97002997002997,167,2,traffic_signs,0.6893429756164551,142.25418090820312,1028.2847900390625,284.6069641113281,1149.4359130859375,213.43057250976562,1088.8603515625,142.352783203125,121.151123046875
IMG_0039.mp4,129,4.3043000000000005,29.97002997002997,181,2,traffic_signs,0.34884321689605713,142.03277587890625,1025.1846923828125,290.1608581542969,1147.452880859375,216.09681701660156,1086.3187866210938,148.12808227539062,122.2681884765625
IMG_0039.mp4,129,4.3043000000000005,29.97002997002997,141,2,traffic_signs,0.40859130024909973,2487.572998046875,1135.588623046875,2563.642822265625,1224.1962890625,2525.60791015625,1179.8924560546875,76.06982421875,88.607666015625
IMG_0039.mp4,130,4.337666666666666,29.97002997002997,167,2,traffic_signs,0.5666758418083191,139.40188598632812,1025.022216796875,289.0585021972656,1150.910400390625,214.23019409179688,1087.96630859375,149.6566162109375,125.88818359375
IMG_0039.mp4,130,4.337666666666666,29.97002997002997,141,2,traffic_signs,0.568166196346283,2497.139892578125,1138.1746826171875,2573.4130859375,1220.8272705078125,2535.2764892578125,1179.5009765625,76.273193359375,82.652587890625
IMG_0039.mp4,130,4.337666666666666,29.97002997002997,174,2,traffic_signs,0.7769761085510254,96.8050308227539,1132.1070556640625,177.0468292236328,1203.632080078125,136.92593002319336,1167.8695678710938,80.2417984008789,71.5250244140625
IMG_0039.mp4,131,4.371033333333333,29.97002997002997,167,2,traffic_signs,0.6977104544639587,137.04464721679688,1024.0018310546875,290.5355529785156,1151.603271484375,213.79010009765625,1087.8025512695312,153.49090576171875,127.6014404296875
IMG_0039.mp4,131,4.371033333333333,29.97002997002997,185,2,traffic_signs,0.8280546069145203,1.015133023262024,1079.9117431640625,32.596866607666016,1134.0770263671875,16.80599981546402,1106.994384765625,31.58173358440399,54.165283203125
IMG_0039.mp4,131,4.371033333333333,29.97002997002997,174,2,traffic_signs,0.7731435894966125,102.63026428222656,1136.751220703125,180.40753173828125,1203.0137939453125,141.5188980102539,1169.8825073242188,77.77726745605469,66.2625732421875
IMG_0039.mp4,131,4.371033333333333,29.97002997002997,161,2,traffic_signs,0.928329586982727,1299.017822265625,1073.9693603515625,1458.7427978515625,1591.1092529296875,1378.8803100585938,1332.539306640625,159.7249755859375,517.139892578125
IMG_0039.mp4,132,4.4044,29.97002997002997,167,2,traffic_signs,0.752903938293457,134.07972717285156,1023.19482421875,290.864501953125,1152.3211669921875,212.47211456298828,1087.7579956054688,156.78477478027344,129.1263427734375
IMG_0039.mp4,132,4.4044,29.97002997002997,185,2,traffic_signs,0.7996463775634766,1.971971869468689,1078.9503173828125,39.09450149536133,1135.01025390625,20.53323668241501,1106.9802856445312,37.12252962589264,56.0599365234375
IMG_0039.mp4,132,4.4044,29.97002997002997,174,2,traffic_signs,0.611900269985199,108.52515411376953,1136.6461181640625,178.93338012695312,1202.1373291015625,143.72926712036133,1169.3917236328125,70.4082260131836,65.4912109375
IMG_0039.mp4,132,4.4044,29.97002997002997,161,2,traffic_signs,0.835540771484375,1294.6810302734375,1092.3057861328125,1459.52880859375,1592.5382080078125,1377.1049194335938,1342.4219970703125,164.8477783203125,500.232421875
IMG_0039.mp4,132,4.4044,29.97002997002997,141,2,traffic_signs,0.8521605730056763,2515.28125,1136.71826171875,2592.211181640625,1217.106689453125,2553.7462158203125,1176.9124755859375,76.929931640625,80.388427734375
IMG_0039.mp4,133,4.437766666666667,29.97002997002997,167,2,traffic_signs,0.6357331871986389,128.55325317382812,1020.8294677734375,289.56671142578125,1151.923828125,209.0599822998047,1086.3766479492188,161.01345825195312,131.0943603515625
IMG_0039.mp4,133,4.437766666666667,29.97002997002997,185,2,traffic_signs,0.8104315996170044,1.7490495443344116,1077.01171875,43.92837905883789,1135.7972412109375,22.83871430158615,1106.4044799804688,42.17932951450348,58.7855224609375
IMG_0039.mp4,133,4.437766666666667,29.97002997002997,161,2,traffic_signs,0.6331086158752441,1289.930908203125,1092.12060546875,1459.3779296875,1661.913818359375,1374.6544189453125,1377.0172119140625,169.447021484375,569.793212890625
IMG_0039.mp4,133,4.437766666666667,29.97002997002997,141,2,traffic_signs,0.5522795915603638,2525.02734375,1126.78564453125,2602.985107421875,1216.7811279296875,2564.0062255859375,1171.7833862304688,77.957763671875,89.9954833984375
IMG_0039.mp4,134,4.471133333333333,29.97002997002997,167,2,traffic_signs,0.9015843868255615,124.25912475585938,1019.5511474609375,287.0023193359375,1151.681396484375,205.63072204589844,1085.6162719726562,162.74319458007812,132.1302490234375
IMG_0039.mp4,134,4.471133333333333,29.97002997002997,185,2,traffic_signs,0.6931728720664978,0.9297254085540771,1076.5792236328125,46.51290512084961,1137.5635986328125,23.721315264701843,1107.0714111328125,45.58317971229553,60.984375
IMG_0039.mp4,134,4.471133333333333,29.97002997002997,161,2,traffic_signs,0.6027612686157227,1286.3504638671875,1086.2547607421875,1459.77001953125,1701.21923828125,1373.0602416992188,1393.7369995117188,173.4195556640625,614.9644775390625
IMG_0039.mp4,134,4.471133333333333,29.97002997002997,141,2,traffic_signs,0.696677029132843,2535.015380859375,1116.1614990234375,2613.083251953125,1216.784423828125,2574.04931640625,1166.4729614257812,78.06787109375,100.6229248046875
IMG_0039.mp4,135,4.5045,29.97002997002997,167,2,traffic_signs,0.9084091782569885,121.8167495727539,1018.427734375,284.43896484375,1151.159423828125,203.12785720825195,1084.7935791015625,162.6222152709961,132.731689453125
IMG_0039.mp4,135,4.5045,29.97002997002997,185,2,traffic_signs,0.427952378988266,0.7619655728340149,1077.3099365234375,45.40071487426758,1136.987548828125,23.081340223550797,1107.1487426757812,44.63874930143356,59.6776123046875
IMG_0039.mp4,135,4.5045,29.97002997002997,161,2,traffic_signs,0.28644078969955444,1282.774658203125,1078.6839599609375,1458.6617431640625,1722.52197265625,1370.7182006835938,1400.6029663085938,175.8870849609375,643.8380126953125
IMG_0039.mp4,135,4.5045,29.97002997002997,141,2,traffic_signs,0.6261440515518188,2543.9384765625,1107.6298828125,2621.32666015625,1214.9398193359375,2582.632568359375,1161.2848510742188,77.38818359375,107.3099365234375
IMG_0039.mp4,136,4.537866666666667,29.97002997002997,167,2,traffic_signs,0.9022859334945679,118.07079315185547,1017.0462036132812,282.3060302734375,1150.655517578125,200.18841171264648,1083.8508605957031,164.23523712158203,133.60931396484375
IMG_0039.mp4,136,4.537866666666667,29.97002997002997,185,2,traffic_signs,0.30608001351356506,0.2764351963996887,1078.3516845703125,39.18552017211914,1139.489501953125,19.730977684259415,1108.9205932617188,38.90908497571945,61.1378173828125
IMG_0039.mp4,136,4.537866666666667,29.97002997002997,141,2,traffic_signs,0.6961066126823425,2550.456787109375,1095.52587890625,2629.947021484375,1212.265625,2590.201904296875,1153.895751953125,79.490234375,116.73974609375
IMG_0039.mp4,137,4.571233333333334,29.97002997002997,167,2,traffic_signs,0.9037221074104309,113.37089538574219,1015.4761962890625,277.5583190917969,1148.7421875,195.46460723876953,1082.1091918945312,164.1874237060547,133.2659912109375
IMG_0039.mp4,137,4.571233333333334,29.97002997002997,185,2,traffic_signs,0.44557926058769226,0.0,1079.431884765625,30.184688568115234,1149.0931396484375,15.092344284057617,1114.2625122070312,30.184688568115234,69.6612548828125
IMG_0039.mp4,137,4.571233333333334,29.97002997002997,141,2,traffic_signs,0.7762914299964905,2557.27392578125,1085.0667724609375,2638.547119140625,1210.5330810546875,2597.9105224609375,1147.7999267578125,81.273193359375,125.46630859375
IMG_0039.mp4,137,4.571233333333334,29.97002997002997,161,2,traffic_signs,0.26840466260910034,1272.5477294921875,1062.3961181640625,1449.627685546875,1757.5517578125,1361.0877075195312,1409.9739379882812,177.0799560546875,695.1556396484375
IMG_0039.mp4,138,4.6046000000000005,29.97002997002997,167,2,traffic_signs,0.9056758880615234,111.47652435302734,1014.82421875,273.08856201171875,1148.4337158203125,192.28254318237305,1081.6289672851562,161.6120376586914,133.6094970703125
IMG_0039.mp4,138,4.6046000000000005,29.97002997002997,141,2,traffic_signs,0.3072199523448944,2566.3359375,1091.0953369140625,2645.805908203125,1206.70068359375,2606.0709228515625,1148.8980102539062,79.469970703125,115.6053466796875
IMG_0039.mp4,138,4.6046000000000005,29.97002997002997,161,2,traffic_signs,0.5611605644226074,1269.89990234375,1062.1295166015625,1446.026123046875,1750.4339599609375,1357.9630126953125,1406.28173828125,176.126220703125,688.304443359375
IMG_0039.mp4,138,4.6046000000000005,29.97002997002997,174,2,traffic_signs,0.656408429145813,157.7423095703125,1149.1767578125,225.7529296875,1208.1102294921875,191.74761962890625,1178.6434936523438,68.0106201171875,58.9334716796875
IMG_0039.mp4,139,4.637966666666666,29.97002997002997,167,2,traffic_signs,0.8989198803901672,107.30307006835938,1013.3785400390625,267.1801452636719,1146.372802734375,187.24160766601562,1079.8756713867188,159.8770751953125,132.9942626953125
IMG_0039.mp4,139,4.637966666666666,29.97002997002997,161,2,traffic_signs,0.5655731558799744,1265.567138671875,1063.16455078125,1440.38134765625,1742.3516845703125,1352.9742431640625,1402.7581176757812,174.814208984375,679.1871337890625
IMG_0039.mp4,139,4.637966666666666,29.97002997002997,193,2,traffic_signs,0.5966029763221741,31.20172691345215,1084.947265625,70.197998046875,1138.0819091796875,50.699862480163574,1111.5145874023438,38.99627113342285,53.1346435546875
IMG_0039.mp4,139,4.637966666666666,29.97002997002997,174,2,traffic_signs,0.6505087018013,158.17649841308594,1148.235595703125,231.30335998535156,1207.4228515625,194.73992919921875,1177.8292236328125,73.12686157226562,59.187255859375
IMG_0039.mp4,140,4.671333333333333,29.97002997002997,167,2,traffic_signs,0.8951226472854614,101.35742950439453,1012.0320434570312,261.8249816894531,1146.1539306640625,181.59120559692383,1079.0929870605469,160.4675521850586,134.12188720703125
IMG_0039.mp4,140,4.671333333333333,29.97002997002997,161,2,traffic_signs,0.5223223567008972,1260.439697265625,1063.461669921875,1433.9586181640625,1727.138671875,1347.1991577148438,1395.3001708984375,173.5189208984375,663.677001953125
IMG_0039.mp4,140,4.671333333333333,29.97002997002997,193,2,traffic_signs,0.614269495010376,19.471237182617188,1083.139892578125,72.09500122070312,1141.45849609375,45.783119201660156,1112.2991943359375,52.62376403808594,58.318603515625
IMG_0039.mp4,140,4.671333333333333,29.97002997002997,174,2,traffic_signs,0.7697567939758301,156.93505859375,1147.531005859375,233.22523498535156,1206.9769287109375,195.08014678955078,1177.2539672851562,76.29017639160156,59.4459228515625
IMG_0039.mp4,140,4.671333333333333,29.97002997002997,141,2,traffic_signs,0.49352288246154785,2579.406005859375,1072.9326171875,2662.5810546875,1241.9193115234375,2620.9935302734375,1157.4259643554688,83.175048828125,168.9866943359375
IMG_0039.mp4,141,4.7047,29.97002997002997,167,2,traffic_signs,0.893949568271637,95.86499786376953,1010.7189331054688,257.5960388183594,1145.26806640625,176.73051834106445,1077.9934997558594,161.73104095458984,134.54913330078125
IMG_0039.mp4,141,4.7047,29.97002997002997,161,2,traffic_signs,0.3816576600074768,1254.44580078125,1058.6806640625,1428.97265625,1727.2825927734375,1341.709228515625,1392.9816284179688,174.52685546875,668.6019287109375
IMG_0039.mp4,141,4.7047,29.97002997002997,174,2,traffic_signs,0.6120377779006958,154.7748565673828,1146.69580078125,235.14178466796875,1206.9730224609375,194.95832061767578,1176.8344116210938,80.36692810058594,60.2772216796875
IMG_0039.mp4,141,4.7047,29.97002997002997,141,2,traffic_signs,0.38015079498291016,2584.698486328125,1079.8912353515625,2667.4873046875,1226.553466796875,2626.0928955078125,1153.2223510742188,82.788818359375,146.6622314453125
IMG_0039.mp4,142,4.738066666666667,29.97002997002997,167,2,traffic_signs,0.8963444232940674,89.8691635131836,1009.7670288085938,253.50244140625,1144.7044677734375,171.6858024597168,1077.2357482910156,163.6332778930664,134.93743896484375
IMG_0039.mp4,142,4.738066666666667,29.97002997002997,161,2,traffic_signs,0.27853870391845703,1246.58203125,1052.2587890625,1425.3465576171875,1715.1025390625,1335.9642944335938,1383.6806640625,178.7645263671875,662.84375
IMG_0039.mp4,142,4.738066666666667,29.97002997002997,174,2,traffic_signs,0.6234032511711121,152.6577911376953,1145.65966796875,237.2876434326172,1206.763427734375,194.97271728515625,1176.2115478515625,84.62985229492188,61.103759765625
IMG_0039.mp4,143,4.771433333333333,29.97002997002997,167,2,traffic_signs,0.8899431824684143,82.09815216064453,1008.4630737304688,247.6221923828125,1142.210205078125,164.86017227172852,1075.3366394042969,165.52404022216797,133.74713134765625
IMG_0039.mp4,143,4.771433333333333,29.97002997002997,174,2,traffic_signs,0.7154926657676697,150.19180297851562,1144.3515625,240.98818969726562,1207.664306640625,195.58999633789062,1176.0079345703125,90.79638671875,63.312744140625
IMG_0039.mp4,144,4.8048,29.97002997002997,167,2,traffic_signs,0.9345004558563232,76.72770690917969,1006.5423583984375,242.7264862060547,1140.4329833984375,159.7270965576172,1073.4876708984375,165.998779296875,133.890625
IMG_0039.mp4,144,4.8048,29.97002997002997,174,2,traffic_signs,0.7956602573394775,149.08831787109375,1143.485595703125,243.7056884765625,1208.0,196.39700317382812,1175.7427978515625,94.61737060546875,64.514404296875
IMG_0039.mp4,144,4.8048,29.97002997002997,141,2,traffic_signs,0.7911806702613831,2603.59619140625,1101.8916015625,2686.92431640625,1199.912109375,2645.26025390625,1150.90185546875,83.328125,98.0205078125
IMG_0039.mp4,144,4.8048,29.97002997002997,161,2,traffic_signs,0.7316907048225403,1234.35107421875,1044.6424560546875,1419.2239990234375,1668.0863037109375,1326.7875366210938,1356.3643798828125,184.8729248046875,623.44384765625
IMG_0039.mp4,145,4.838166666666667,29.97002997002997,167,2,traffic_signs,0.9250475764274597,72.26410675048828,1004.2710571289062,238.3330535888672,1139.843505859375,155.29858016967773,1072.0572814941406,166.0689468383789,135.57244873046875
IMG_0039.mp4,145,4.838166666666667,29.97002997002997,174,2,traffic_signs,0.5338234901428223,150.63021850585938,1143.759033203125,246.22276306152344,1208.601318359375,198.4264907836914,1176.18017578125,95.59254455566406,64.84228515625
IMG_0039.mp4,145,4.838166666666667,29.97002997002997,198,2,traffic_signs,0.5563706159591675,1.7640265226364136,836.45751953125,95.1307373046875,1051.8873291015625,48.44738191366196,944.1724243164062,93.36671078205109,215.4298095703125
IMG_0039.mp4,145,4.838166666666667,29.97002997002997,141,2,traffic_signs,0.8734498620033264,2608.923583984375,1104.828857421875,2693.158203125,1194.0689697265625,2651.0408935546875,1149.4489135742188,84.234619140625,89.2401123046875
IMG_0039.mp4,145,4.838166666666667,29.97002997002997,161,2,traffic_signs,0.8719702959060669,1227.843505859375,1042.601318359375,1414.750732421875,1630.2059326171875,1321.297119140625,1336.4036254882812,186.9072265625,587.6046142578125
IMG_0039.mp4,146,4.871533333333334,29.97002997002997,167,2,traffic_signs,0.8672981858253479,68.38286590576172,1002.600830078125,234.6042022705078,1137.892822265625,151.49353408813477,1070.246826171875,166.2213363647461,135.2919921875
IMG_0039.mp4,146,4.871533333333334,29.97002997002997,174,2,traffic_signs,0.7206562757492065,151.97071838378906,1143.178466796875,250.29776000976562,1208.603515625,201.13423919677734,1175.8909912109375,98.32704162597656,65.425048828125
IMG_0039.mp4,146,4.871533333333334,29.97002997002997,198,2,traffic_signs,0.32065433263778687,0.7286668419837952,830.6548461914062,84.75270080566406,1049.115234375,42.74068382382393,939.8850402832031,84.02403396368027,218.46038818359375
IMG_0039.mp4,146,4.871533333333334,29.97002997002997,141,2,traffic_signs,0.8901493549346924,2614.231201171875,1106.2662353515625,2700.833984375,1190.4857177734375,2657.5325927734375,1148.3759765625,86.602783203125,84.219482421875
IMG_0039.mp4,146,4.871533333333334,29.97002997002997,161,2,traffic_signs,0.859258770942688,1223.728515625,1044.028564453125,1409.007080078125,1594.8929443359375,1316.3677978515625,1319.4607543945312,185.278564453125,550.8643798828125
IMG_0039.mp4,147,4.9049000000000005,29.97002997002997,174,2,traffic_signs,0.8497247099876404,152.82391357421875,1143.1810302734375,253.65020751953125,1209.4256591796875,203.237060546875,1176.3033447265625,100.8262939453125,66.24462890625
IMG_0039.mp4,147,4.9049000000000005,29.97002997002997,161,2,traffic_signs,0.8593648076057434,1224.206787109375,1037.25341796875,1401.4168701171875,1550.9639892578125,1312.8118286132812,1294.1087036132812,177.2100830078125,513.7105712890625
IMG_0039.mp4,148,4.938266666666666,29.97002997002997,174,2,traffic_signs,0.858252227306366,155.7528839111328,1142.2581787109375,256.0921630859375,1209.9027099609375,205.92252349853516,1176.0804443359375,100.33927917480469,67.64453125
IMG_0039.mp4,148,4.938266666666666,29.97002997002997,167,2,traffic_signs,0.9514967799186707,52.43577194213867,1001.0512084960938,225.5531463623047,1140.329833984375,138.99445915222168,1070.6905212402344,173.11737442016602,139.27862548828125
IMG_0039.mp4,148,4.938266666666666,29.97002997002997,141,2,traffic_signs,0.8307157754898071,2626.464599609375,1099.1358642578125,2710.2099609375,1187.0089111328125,2668.3372802734375,1143.0723876953125,83.745361328125,87.873046875
IMG_0039.mp4,149,4.971633333333333,29.97002997002997,174,2,traffic_signs,0.8102332949638367,157.02293395996094,1142.9212646484375,256.51251220703125,1209.9715576171875,206.7677230834961,1176.4464111328125,99.48957824707031,67.05029296875
IMG_0039.mp4,149,4.971633333333333,29.97002997002997,167,2,traffic_signs,0.947517454624176,43.41693878173828,999.31884765625,220.31614685058594,1140.338623046875,131.8665428161621,1069.8287353515625,176.89920806884766,141.019775390625
IMG_0039.mp4,149,4.971633333333333,29.97002997002997,141,2,traffic_signs,0.5490158796310425,2634.8369140625,1093.04150390625,2720.541748046875,1186.705078125,2677.6893310546875,1139.873291015625,85.704833984375,93.66357421875
IMG_0039.mp4,150,5.005,29.97002997002997,174,2,traffic_signs,0.8505638837814331,161.01068115234375,1143.935791015625,260.2642517089844,1210.3447265625,210.63746643066406,1177.1402587890625,99.25357055664062,66.408935546875
IMG_0039.mp4,150,5.005,29.97002997002997,167,2,traffic_signs,0.9529417157173157,37.92631530761719,998.3607788085938,216.4615020751953,1140.700439453125,127.19390869140625,1069.5306091308594,178.53518676757812,142.33966064453125
IMG_0039.mp4,150,5.005,29.97002997002997,141,2,traffic_signs,0.3834208846092224,2640.672607421875,1083.5792236328125,2727.395263671875,1186.71728515625,2684.033935546875,1135.1482543945312,86.72265625,103.1380615234375
IMG_0039.mp4,150,5.005,29.97002997002997,161,2,traffic_signs,0.533570408821106,1191.2574462890625,1013.7357177734375,1388.5692138671875,1682.060302734375,1289.913330078125,1347.8980102539062,197.311767578125,668.3245849609375
IMG_0039.mp4,151,5.038366666666667,29.97002997002997,174,2,traffic_signs,0.8108757138252258,163.7288818359375,1146.2303466796875,260.9681701660156,1210.0616455078125,212.34852600097656,1178.14599609375,97.23928833007812,63.831298828125
IMG_0039.mp4,151,5.038366666666667,29.97002997002997,167,2,traffic_signs,0.9455491900444031,32.370330810546875,997.3538208007812,211.75604248046875,1139.5482177734375,122.06318664550781,1068.4510192871094,179.38571166992188,142.19439697265625
IMG_0039.mp4,151,5.038366666666667,29.97002997002997,141,2,traffic_signs,0.3516726791858673,2647.44775390625,1073.930908203125,2734.301513671875,1184.58984375,2690.8746337890625,1129.2603759765625,86.853759765625,110.658935546875
IMG_0039.mp4,151,5.038366666666667,29.97002997002997,161,2,traffic_signs,0.8507921099662781,1185.671630859375,1005.002197265625,1386.533935546875,1708.104248046875,1286.102783203125,1356.55322265625,200.8623046875,703.10205078125
IMG_0039.mp4,152,5.071733333333333,29.97002997002997,174,2,traffic_signs,0.7331927418708801,180.1929168701172,1148.802490234375,262.8612060546875,1210.5592041015625,221.52706146240234,1179.6808471679688,82.66828918457031,61.7567138671875
IMG_0039.mp4,152,5.071733333333333,29.97002997002997,167,2,traffic_signs,0.5576165318489075,52.97507095336914,994.7977905273438,208.0960693359375,1129.5267333984375,130.53557014465332,1062.1622619628906,155.12099838256836,134.72894287109375
IMG_0039.mp4,152,5.071733333333333,29.97002997002997,161,2,traffic_signs,0.6251134276390076,1182.36767578125,1001.6512451171875,1384.4749755859375,1708.82275390625,1283.4213256835938,1355.2369995117188,202.1072998046875,707.1715087890625
IMG_0039.mp4,153,5.1051,29.97002997002997,174,2,traffic_signs,0.9036924242973328,168.9600372314453,1147.8699951171875,266.4296875,1210.9681396484375,217.69486236572266,1179.4190673828125,97.46965026855469,63.09814453125
IMG_0039.mp4,153,5.1051,29.97002997002997,167,2,traffic_signs,0.9494842886924744,47.275390625,994.4893188476562,204.89173889160156,1133.9488525390625,126.08356475830078,1064.2190856933594,157.61634826660156,139.45953369140625
IMG_0039.mp4,153,5.1051,29.97002997002997,161,2,traffic_signs,0.6787550449371338,1179.1002197265625,1003.6736450195312,1382.21923828125,1699.671630859375,1280.6597290039062,1351.6726379394531,203.1190185546875,695.9979858398438
IMG_0039.mp4,153,5.1051,29.97002997002997,141,2,traffic_signs,0.5171201229095459,2656.72119140625,1087.6634521484375,2726.79443359375,1179.58447265625,2691.7578125,1133.6239624023438,70.0732421875,91.9210205078125
IMG_0039.mp4,154,5.138466666666667,29.97002997002997,174,2,traffic_signs,0.2890278398990631,167.64825439453125,1149.00927734375,269.3656921386719,1210.7255859375,218.50697326660156,1179.867431640625,101.71743774414062,61.71630859375
IMG_0039.mp4,154,5.138466666666667,29.97002997002997,167,2,traffic_signs,0.8934756517410278,28.415864944458008,995.1201782226562,201.9248809814453,1135.5081787109375,115.17037296295166,1065.3141784667969,173.5090160369873,140.38800048828125
IMG_0039.mp4,154,5.138466666666667,29.97002997002997,161,2,traffic_signs,0.7565705180168152,1173.9197998046875,1000.2730712890625,1377.4359130859375,1696.39892578125,1275.6778564453125,1348.3359985351562,203.51611328125,696.1258544921875
IMG_0039.mp4,154,5.138466666666667,29.97002997002997,141,2,traffic_signs,0.691119372844696,2662.64111328125,1076.67236328125,2747.302490234375,1179.4722900390625,2704.9718017578125,1128.0723266601562,84.661376953125,102.7999267578125
IMG_0039.mp4,155,5.171833333333334,29.97002997002997,167,2,traffic_signs,0.9581726789474487,17.891355514526367,994.5113525390625,196.2421112060547,1136.453369140625,107.06673336029053,1065.4823608398438,178.35075569152832,141.9420166015625
IMG_0039.mp4,155,5.171833333333334,29.97002997002997,161,2,traffic_signs,0.5742759704589844,1168.4412841796875,996.26611328125,1370.7808837890625,1688.302001953125,1269.611083984375,1342.2840576171875,202.339599609375,692.035888671875
IMG_0039.mp4,155,5.171833333333334,29.97002997002997,141,2,traffic_signs,0.41735556721687317,2665.362060546875,1048.269775390625,2755.5859375,1183.336669921875,2710.4739990234375,1115.80322265625,90.223876953125,135.06689453125
IMG_0039.mp4,156,5.2052000000000005,29.97002997002997,167,2,traffic_signs,0.9614188075065613,13.370808601379395,993.7691040039062,194.8471221923828,1136.2459716796875,104.1089653968811,1065.0075378417969,181.47631359100342,142.47686767578125
IMG_0039.mp4,156,5.2052000000000005,29.97002997002997,161,2,traffic_signs,0.47150304913520813,1165.2879638671875,995.0216674804688,1366.32275390625,1676.918701171875,1265.8053588867188,1335.9701843261719,201.0347900390625,681.8970336914062
IMG_0039.mp4,156,5.2052000000000005,29.97002997002997,141,2,traffic_signs,0.45243263244628906,2670.97509765625,1052.4693603515625,2762.519287109375,1181.083251953125,2716.7471923828125,1116.7763061523438,91.544189453125,128.6138916015625
IMG_0039.mp4,156,5.2052000000000005,29.97002997002997,174,2,traffic_signs,0.33857327699661255,173.40509033203125,1151.2928466796875,269.94378662109375,1212.52880859375,221.6744384765625,1181.9108276367188,96.5386962890625,61.2359619140625
IMG_0039.mp4,157,5.238566666666666,29.97002997002997,167,2,traffic_signs,0.9652871489524841,8.583487510681152,992.6751708984375,190.65023803710938,1137.1297607421875,99.61686277389526,1064.9024658203125,182.06675052642822,144.45458984375
IMG_0039.mp4,157,5.238566666666666,29.97002997002997,161,2,traffic_signs,0.3561795949935913,1159.4697265625,1001.3680419921875,1335.046630859375,1686.8837890625,1247.2581787109375,1344.1259155273438,175.576904296875,685.5157470703125
IMG_0039.mp4,157,5.238566666666666,29.97002997002997,141,2,traffic_signs,0.40965360403060913,2675.826171875,1052.3597412109375,2769.641845703125,1178.3909912109375,2722.7340087890625,1115.3753662109375,93.815673828125,126.03125
IMG_0039.mp4,157,5.238566666666666,29.97002997002997,174,2,traffic_signs,0.5128300786018372,174.88169860839844,1150.3248291015625,270.6448974609375,1212.5960693359375,222.76329803466797,1181.46044921875,95.76319885253906,62.271240234375
IMG_0039.mp4,158,5.271933333333333,29.97002997002997,167,2,traffic_signs,0.9085292816162109,4.202248573303223,992.1012573242188,187.07492065429688,1138.9332275390625,95.63858461380005,1065.5172424316406,182.87267208099365,146.83197021484375
IMG_0039.mp4,158,5.271933333333333,29.97002997002997,141,2,traffic_signs,0.4736934006214142,2680.056884765625,1052.39404296875,2775.616943359375,1176.6893310546875,2727.8369140625,1114.5416870117188,95.56005859375,124.2952880859375
IMG_0039.mp4,158,5.271933333333333,29.97002997002997,174,2,traffic_signs,0.26890137791633606,177.8866729736328,1150.2119140625,272.17919921875,1212.8070068359375,225.0329360961914,1181.5094604492188,94.29252624511719,62.5950927734375
IMG_0039.mp4,159,5.3053,29.97002997002997,167,2,traffic_signs,0.9574790596961975,2.664618730545044,991.2923583984375,185.38735961914062,1139.18310546875,94.02598917484283,1065.2377319335938,182.72274088859558,147.8907470703125
IMG_0039.mp4,159,5.3053,29.97002997002997,141,2,traffic_signs,0.7781168222427368,2684.96142578125,1065.7264404296875,2780.516845703125,1174.555419921875,2732.7391357421875,1120.1409301757812,95.555419921875,108.8289794921875
IMG_0039.mp4,159,5.3053,29.97002997002997,174,2,traffic_signs,0.674461841583252,180.8597869873047,1149.746337890625,277.3320617675781,1213.115478515625,229.0959243774414,1181.430908203125,96.47227478027344,63.369140625
IMG_0039.mp4,160,5.338666666666667,29.97002997002997,167,2,traffic_signs,0.9545502662658691,1.022631287574768,989.8428344726562,181.7789306640625,1140.1820068359375,91.40078097581863,1065.0124206542969,180.75629937648773,150.33917236328125
IMG_0039.mp4,160,5.338666666666667,29.97002997002997,141,2,traffic_signs,0.7864165902137756,2688.103515625,1073.849365234375,2784.55029296875,1173.2896728515625,2736.326904296875,1123.5695190429688,96.44677734375,99.4403076171875
IMG_0039.mp4,160,5.338666666666667,29.97002997002997,174,2,traffic_signs,0.5282484889030457,182.01060485839844,1150.120849609375,276.41107177734375,1213.2601318359375,229.2108383178711,1181.6904907226562,94.40046691894531,63.1392822265625
IMG_0039.mp4,161,5.372033333333333,29.97002997002997,167,2,traffic_signs,0.9495514631271362,0.9484304189682007,989.2113037109375,178.72860717773438,1136.4942626953125,89.83851879835129,1062.852783203125,177.78017675876617,147.282958984375
IMG_0039.mp4,161,5.372033333333333,29.97002997002997,141,2,traffic_signs,0.6925985217094421,2693.5908203125,1055.3809814453125,2789.140380859375,1171.73828125,2741.3656005859375,1113.5596313476562,95.549560546875,116.3572998046875
IMG_0039.mp4,161,5.372033333333333,29.97002997002997,174,2,traffic_signs,0.7371631860733032,183.82984924316406,1150.1729736328125,272.8273620605469,1213.6236572265625,228.32860565185547,1181.8983154296875,88.99751281738281,63.45068359375
IMG_0039.mp4,162,5.4054,29.97002997002997,167,2,traffic_signs,0.9485414028167725,0.6376461386680603,988.0753173828125,175.79783630371094,1137.008544921875,88.2177412211895,1062.5419311523438,175.16019016504288,148.9332275390625
IMG_0039.mp4,162,5.4054,29.97002997002997,141,2,traffic_signs,0.8040426969528198,2698.02685546875,1065.907958984375,2794.677734375,1170.31787109375,2746.352294921875,1118.1129150390625,96.65087890625,104.409912109375
IMG_0039.mp4,162,5.4054,29.97002997002997,174,2,traffic_signs,0.562828004360199,186.15411376953125,1150.433349609375,272.24359130859375,1214.2542724609375,229.1988525390625,1182.3438110351562,86.0894775390625,63.8209228515625
IMG_0039.mp4,163,5.438766666666667,29.97002997002997,167,2,traffic_signs,0.9523363709449768,0.11397635191679001,987.7639770507812,172.7785186767578,1136.2393798828125,86.4462475143373,1062.0016784667969,172.66454232484102,148.47540283203125
IMG_0039.mp4,163,5.438766666666667,29.97002997002997,141,2,traffic_signs,0.8234132528305054,2702.1279296875,1071.7802734375,2799.5078125,1170.0177001953125,2750.81787109375,1120.8989868164062,97.3798828125,98.2374267578125
IMG_0039.mp4,163,5.438766666666667,29.97002997002997,174,2,traffic_signs,0.5769698619842529,187.0674591064453,1150.4190673828125,272.3058166503906,1215.4390869140625,229.68663787841797,1182.9290771484375,85.23835754394531,65.02001953125
IMG_0039.mp4,163,5.438766666666667,29.97002997002997,204,2,traffic_signs,0.5507137775421143,85.32801818847656,1356.3662109375,129.6044464111328,1386.912109375,107.46623229980469,1371.63916015625,44.27642822265625,30.5458984375
IMG_0039.mp4,164,5.472133333333334,29.97002997002997,167,2,traffic_signs,0.9475158452987671,0.0,987.5993041992188,170.37969970703125,1134.6356201171875,85.18984985351562,1061.1174621582031,170.37969970703125,147.03631591796875
IMG_0039.mp4,164,5.472133333333334,29.97002997002997,141,2,traffic_signs,0.7872135043144226,2705.954345703125,1071.748779296875,2803.63916015625,1170.039306640625,2754.7967529296875,1120.89404296875,97.684814453125,98.29052734375
IMG_0039.mp4,164,5.472133333333334,29.97002997002997,174,2,traffic_signs,0.5735998153686523,189.10064697265625,1149.8184814453125,273.97125244140625,1216.5936279296875,231.53594970703125,1183.2060546875,84.87060546875,66.775146484375
IMG_0039.mp4,164,5.472133333333334,29.97002997002997,204,2,traffic_signs,0.48273295164108276,86.0403823852539,1355.2900390625,130.47076416015625,1387.3643798828125,108.25557327270508,1371.3272094726562,44.430381774902344,32.0743408203125
IMG_0039.mp4,165,5.5055000000000005,29.97002997002997,167,2,traffic_signs,0.9466416239738464,0.0,988.0233764648438,167.76133728027344,1134.817626953125,83.88066864013672,1061.4205017089844,167.76133728027344,146.79425048828125
IMG_0039.mp4,165,5.5055000000000005,29.97002997002997,174,2,traffic_signs,0.28580644726753235,190.37757873535156,1149.78466796875,277.38970947265625,1216.9910888671875,233.8836441040039,1183.3878784179688,87.01213073730469,67.2064208984375
IMG_0039.mp4,166,5.538866666666666,29.97002997002997,167,2,traffic_signs,0.9486174583435059,0.0,987.672607421875,165.11083984375,1134.415283203125,82.555419921875,1061.0439453125,165.11083984375,146.74267578125
IMG_0039.mp4,166,5.538866666666666,29.97002997002997,141,2,traffic_signs,0.28940796852111816,2712.95654296875,1064.3402099609375,2810.47412109375,1167.6669921875,2761.71533203125,1116.0036010742188,97.517578125,103.3267822265625
IMG_0039.mp4,167,5.572233333333333,29.97002997002997,167,2,traffic_signs,0.9436831474304199,0.0,986.6465454101562,163.4437713623047,1134.2379150390625,81.72188568115234,1060.4422302246094,163.4437713623047,147.59136962890625
IMG_0039.mp4,167,5.572233333333333,29.97002997002997,174,2,traffic_signs,0.30776047706604004,191.7402801513672,1149.1925048828125,282.0594482421875,1218.662109375,236.89986419677734,1183.9273071289062,90.31916809082031,69.4696044921875
IMG_0039.mp4,168,5.6056,29.97002997002997,167,2,traffic_signs,0.9424805045127869,15.742109298706055,986.4998779296875,160.54043579101562,1125.287841796875,88.14127254486084,1055.8938598632812,144.79832649230957,138.7879638671875
IMG_0039.mp4,168,5.6056,29.97002997002997,174,2,traffic_signs,0.3365577161312103,193.38973999023438,1152.360107421875,280.6723327636719,1218.78369140625,237.03103637695312,1185.5718994140625,87.2825927734375,66.423583984375
IMG_0039.mp4,168,5.6056,29.97002997002997,141,2,traffic_signs,0.5746173858642578,2722.00634765625,1068.146728515625,2818.371826171875,1166.63232421875,2770.1890869140625,1117.3895263671875,96.365478515625,98.485595703125
IMG_0039.mp4,169,5.638966666666667,29.97002997002997,174,2,traffic_signs,0.6539300084114075,198.05055236816406,1151.5103759765625,286.00616455078125,1218.739501953125,242.02835845947266,1185.1249389648438,87.95561218261719,67.2291259765625
IMG_0039.mp4,169,5.638966666666667,29.97002997002997,141,2,traffic_signs,0.384986013174057,2725.53173828125,1062.523193359375,2823.39404296875,1165.7083740234375,2774.462890625,1114.1157836914062,97.8623046875,103.1851806640625
IMG_0039.mp4,170,5.6723333333333334,29.97002997002997,141,2,traffic_signs,0.27642253041267395,2729.549072265625,1055.7105712890625,2827.172119140625,1165.3929443359375,2778.360595703125,1110.5517578125,97.623046875,109.682373046875
IMG_0039.mp4,170,5.6723333333333334,29.97002997002997,167,2,traffic_signs,0.9445406198501587,3.773139238357544,986.1802368164062,154.58241271972656,1136.3594970703125,79.17777597904205,1061.2698669433594,150.80927348136902,150.17926025390625
IMG_0039.mp4,171,5.7057,29.97002997002997,167,2,traffic_signs,0.9471246004104614,0.9458224773406982,985.3358154296875,152.86624145507812,1137.553955078125,76.90603196620941,1061.4448852539062,151.92041897773743,152.2181396484375
IMG_0039.mp4,172,5.739066666666667,29.97002997002997,167,2,traffic_signs,0.9527847170829773,0.0,984.274658203125,149.5173797607422,1140.0003662109375,74.7586898803711,1062.1375122070312,149.5173797607422,155.7257080078125
IMG_0039.mp4,173,5.772433333333334,29.97002997002997,167,2,traffic_signs,0.9447773098945618,0.07380741089582443,983.5180053710938,146.82318115234375,1138.4068603515625,73.44849428161979,1060.9624328613281,146.74937374144793,154.88885498046875
IMG_0039.mp4,173,5.772433333333334,29.97002997002997,206,2,traffic_signs,0.5012197494506836,84.78030395507812,1109.4345703125,134.68161010742188,1154.381591796875,109.73095703125,1131.9080810546875,49.90130615234375,44.947021484375
IMG_0039.mp4,173,5.772433333333334,29.97002997002997,174,2,traffic_signs,0.47424548864364624,197.63426208496094,1152.7464599609375,292.1123962402344,1221.2833251953125,244.87332916259766,1187.014892578125,94.47813415527344,68.536865234375
IMG_0039.mp4,173,5.772433333333334,29.97002997002997,141,2,traffic_signs,0.6696960926055908,2737.830810546875,1067.281005859375,2837.03271484375,1162.264404296875,2787.4317626953125,1114.772705078125,99.201904296875,94.9833984375
IMG_0039.mp4,174,5.8058000000000005,29.97002997002997,167,2,traffic_signs,0.9424975514411926,0.0,982.5651245117188,145.32992553710938,1134.262451171875,72.66496276855469,1058.4137878417969,145.32992553710938,151.69732666015625
IMG_0039.mp4,174,5.8058000000000005,29.97002997002997,206,2,traffic_signs,0.6666059494018555,82.97342681884766,1109.399658203125,136.2168426513672,1155.82666015625,109.59513473510742,1132.6131591796875,53.24341583251953,46.427001953125
IMG_0039.mp4,174,5.8058000000000005,29.97002997002997,174,2,traffic_signs,0.3034256398677826,199.00604248046875,1153.549560546875,291.2009582519531,1222.3309326171875,245.10350036621094,1187.9402465820312,92.19491577148438,68.7813720703125
IMG_0039.mp4,175,5.839166666666666,29.97002997002997,167,2,traffic_signs,0.9398940801620483,0.0,982.4277954101562,142.24655151367188,1134.5355224609375,71.12327575683594,1058.4816589355469,142.24655151367188,152.10772705078125
IMG_0039.mp4,175,5.839166666666666,29.97002997002997,206,2,traffic_signs,0.7513942122459412,81.90605163574219,1109.1849365234375,136.79049682617188,1157.1990966796875,109.34827423095703,1133.1920166015625,54.88444519042969,48.01416015625
IMG_0039.mp4,175,5.839166666666666,29.97002997002997,174,2,traffic_signs,0.4343293607234955,199.36192321777344,1154.03466796875,293.445068359375,1222.99609375,246.40349578857422,1188.515380859375,94.08314514160156,68.96142578125
IMG_0039.mp4,175,5.839166666666666,29.97002997002997,141,2,traffic_signs,0.8245267868041992,2746.19677734375,1069.8155517578125,2848.077880859375,1166.5423583984375,2797.1373291015625,1118.178955078125,101.881103515625,96.726806640625
IMG_0039.mp4,176,5.872533333333333,29.97002997002997,167,2,traffic_signs,0.9175155758857727,0.0,981.9976806640625,139.57620239257812,1131.294921875,69.78810119628906,1056.6463012695312,139.57620239257812,149.2972412109375
IMG_0039.mp4,176,5.872533333333333,29.97002997002997,206,2,traffic_signs,0.8165180087089539,84.49237060546875,1108.927978515625,138.67266845703125,1157.6898193359375,111.58251953125,1133.3088989257812,54.1802978515625,48.7618408203125
IMG_0039.mp4,176,5.872533333333333,29.97002997002997,174,2,traffic_signs,0.772499680519104,201.1721954345703,1153.682373046875,294.9788513183594,1223.4454345703125,248.07552337646484,1188.5639038085938,93.80665588378906,69.7630615234375
IMG_0039.mp4,176,5.872533333333333,29.97002997002997,141,2,traffic_signs,0.5270719528198242,2750.92529296875,1061.5225830078125,2850.801025390625,1172.33154296875,2800.8631591796875,1116.9270629882812,99.875732421875,110.8089599609375
IMG_0039.mp4,177,5.9059,29.97002997002997,167,2,traffic_signs,0.9105059504508972,0.0,981.164306640625,137.158935546875,1130.988525390625,68.5794677734375,1056.076416015625,137.158935546875,149.82421875
IMG_0039.mp4,177,5.9059,29.97002997002997,206,2,traffic_signs,0.7857843041419983,84.74327087402344,1109.1962890625,139.84658813476562,1158.157958984375,112.29492950439453,1133.6771240234375,55.10331726074219,48.961669921875
IMG_0039.mp4,177,5.9059,29.97002997002997,174,2,traffic_signs,0.8370073437690735,202.69627380371094,1154.026611328125,297.2246398925781,1223.96923828125,249.96045684814453,1188.9979248046875,94.52836608886719,69.942626953125
IMG_0039.mp4,177,5.9059,29.97002997002997,141,2,traffic_signs,0.37495842576026917,2755.649658203125,1042.71875,2853.887451171875,1181.3331298828125,2804.7685546875,1112.0259399414062,98.23779296875,138.6143798828125
IMG_0039.mp4,178,5.939266666666667,29.97002997002997,167,2,traffic_signs,0.9137294292449951,0.0,980.1499633789062,134.50575256347656,1132.7196044921875,67.25287628173828,1056.4347839355469,134.50575256347656,152.56964111328125
IMG_0039.mp4,178,5.939266666666667,29.97002997002997,206,2,traffic_signs,0.5945321917533875,87.64964294433594,1106.477294921875,142.23448181152344,1158.2860107421875,114.94206237792969,1132.3816528320312,54.5848388671875,51.8087158203125
IMG_0039.mp4,178,5.939266666666667,29.97002997002997,174,2,traffic_signs,0.7937631011009216,203.67391967773438,1153.9366455078125,298.86627197265625,1224.369140625,251.2700958251953,1189.1528930664062,95.19235229492188,70.4324951171875
IMG_0039.mp4,178,5.939266666666667,29.97002997002997,141,2,traffic_signs,0.4022626280784607,2758.38330078125,1024.6082763671875,2857.023681640625,1184.75048828125,2807.7034912109375,1104.6793823242188,98.640380859375,160.1422119140625
IMG_0039.mp4,178,5.939266666666667,29.97002997002997,207,2,traffic_signs,0.36272358894348145,0.0481412336230278,981.83056640625,134.6937255859375,1117.8280029296875,67.37093340978026,1049.8292846679688,134.64558435231447,135.9974365234375
IMG_0039.mp4,179,5.9726333333333335,29.97002997002997,167,2,traffic_signs,0.9089223742485046,0.0,979.892578125,132.5980224609375,1132.343994140625,66.29901123046875,1056.1182861328125,132.5980224609375,152.451416015625
IMG_0039.mp4,179,5.9726333333333335,29.97002997002997,206,2,traffic_signs,0.5473893880844116,88.9280776977539,1106.2430419921875,145.35549926757812,1158.755126953125,117.14178848266602,1132.4990844726562,56.42742156982422,52.5120849609375
IMG_0039.mp4,179,5.9726333333333335,29.97002997002997,174,2,traffic_signs,0.8629728555679321,203.83425903320312,1155.11962890625,300.40716552734375,1224.2633056640625,252.12071228027344,1189.6914672851562,96.57290649414062,69.1436767578125
IMG_0039.mp4,179,5.9726333333333335,29.97002997002997,141,2,traffic_signs,0.35654205083847046,2761.570068359375,1015.4915771484375,2860.42724609375,1182.9847412109375,2810.9986572265625,1099.2381591796875,98.857177734375,167.4931640625
IMG_0039.mp4,179,5.9726333333333335,29.97002997002997,207,2,traffic_signs,0.44295793771743774,0.14219124615192413,981.7316284179688,132.9541473388672,1117.7547607421875,66.54816929250956,1049.7431945800781,132.81195609271526,136.02313232421875
IMG_0039.mp4,180,6.006,29.97002997002997,167,2,traffic_signs,0.907618522644043,0.0,979.7760009765625,131.16836547851562,1131.6806640625,65.58418273925781,1055.7283325195312,131.16836547851562,151.9046630859375
IMG_0039.mp4,180,6.006,29.97002997002997,206,2,traffic_signs,0.25010550022125244,87.55548095703125,1105.7725830078125,147.25265502929688,1158.992919921875,117.40406799316406,1132.3827514648438,59.697174072265625,53.2203369140625
IMG_0039.mp4,180,6.006,29.97002997002997,174,2,traffic_signs,0.8355556130409241,205.35562133789062,1155.79833984375,301.5218200683594,1223.872802734375,253.438720703125,1189.8355712890625,96.16619873046875,68.074462890625
IMG_0039.mp4,180,6.006,29.97002997002997,207,2,traffic_signs,0.44402673840522766,0.06582176685333252,981.931640625,131.5920867919922,1117.0797119140625,65.82895427942276,1049.5056762695312,131.52626502513885,135.1480712890625
IMG_0039.mp4,181,6.039366666666667,29.97002997002997,167,2,traffic_signs,0.8926610350608826,0.0,979.8887939453125,130.37977600097656,1131.9229736328125,65.18988800048828,1055.9058837890625,130.37977600097656,152.0341796875
IMG_0039.mp4,181,6.039366666666667,29.97002997002997,206,2,traffic_signs,0.6741150617599487,86.39824676513672,1105.0030517578125,148.33642578125,1160.68310546875,117.36733627319336,1132.8430786132812,61.93817901611328,55.6800537109375
IMG_0039.mp4,181,6.039366666666667,29.97002997002997,174,2,traffic_signs,0.8684298992156982,205.7784423828125,1156.02490234375,305.00933837890625,1223.922119140625,255.39389038085938,1189.9735107421875,99.23089599609375,67.897216796875
IMG_0039.mp4,181,6.039366666666667,29.97002997002997,207,2,traffic_signs,0.47638124227523804,0.17467108368873596,982.3244018554688,130.5767822265625,1118.6846923828125,65.37572665512562,1050.5045471191406,130.40211114287376,136.36029052734375
IMG_0039.mp4,181,6.039366666666667,29.97002997002997,141,2,traffic_signs,0.7193760871887207,2767.11279296875,1010.8771362304688,2867.34130859375,1177.9921875,2817.22705078125,1094.4346618652344,100.228515625,167.11505126953125
IMG_0039.mp4,182,6.072733333333334,29.97002997002997,167,2,traffic_signs,0.9032432436943054,0.0,979.1012573242188,128.62570190429688,1132.45751953125,64.31285095214844,1055.7793884277344,128.62570190429688,153.35626220703125
IMG_0039.mp4,182,6.072733333333334,29.97002997002997,174,2,traffic_signs,0.8738552331924438,207.7581787109375,1156.3355712890625,305.76312255859375,1224.0753173828125,256.7606506347656,1190.2054443359375,98.00494384765625,67.73974609375
IMG_0039.mp4,182,6.072733333333334,29.97002997002997,207,2,traffic_signs,0.5695629715919495,0.0705021470785141,981.6669311523438,128.6085968017578,1119.9552001953125,64.33954947441816,1050.8110656738281,128.5380946546793,138.28826904296875
IMG_0039.mp4,182,6.072733333333334,29.97002997002997,141,2,traffic_signs,0.7411112189292908,2769.510498046875,1009.7454833984375,2870.592041015625,1174.5408935546875,2820.05126953125,1092.1431884765625,101.08154296875,164.79541015625
IMG_0039.mp4,183,6.1061000000000005,29.97002997002997,167,2,traffic_signs,0.9052634835243225,0.0,978.741943359375,127.35350799560547,1133.193359375,63.676753997802734,1055.9676513671875,127.35350799560547,154.451416015625
IMG_0039.mp4,183,6.1061000000000005,29.97002997002997,174,2,traffic_signs,0.8998474478721619,208.9478759765625,1156.5823974609375,307.1159973144531,1224.43701171875,258.0319366455078,1190.5097045898438,98.16812133789062,67.8546142578125
IMG_0039.mp4,183,6.1061000000000005,29.97002997002997,207,2,traffic_signs,0.5598529577255249,0.14922259747982025,981.2774658203125,127.59587860107422,1120.9293212890625,63.87255059927702,1051.1033935546875,127.4466560035944,139.65185546875
IMG_0039.mp4,183,6.1061000000000005,29.97002997002997,141,2,traffic_signs,0.7779812812805176,2772.488037109375,1010.530029296875,2873.437744140625,1169.8905029296875,2822.962890625,1090.2102661132812,100.94970703125,159.3604736328125
IMG_0039.mp4,184,6.139466666666666,29.97002997002997,167,2,traffic_signs,0.920049250125885,0.0,977.9281005859375,126.20231628417969,1133.3450927734375,63.101158142089844,1055.6365966796875,126.20231628417969,155.4169921875
IMG_0039.mp4,184,6.139466666666666,29.97002997002997,174,2,traffic_signs,0.9174021482467651,209.39443969726562,1156.60791015625,309.7334899902344,1225.2850341796875,259.56396484375,1190.9464721679688,100.33905029296875,68.6771240234375
IMG_0039.mp4,184,6.139466666666666,29.97002997002997,207,2,traffic_signs,0.3017807602882385,0.04592422768473625,980.9603271484375,125.74433898925781,1121.0797119140625,62.895131608471274,1051.02001953125,125.69841476157308,140.119384765625
IMG_0039.mp4,184,6.139466666666666,29.97002997002997,141,2,traffic_signs,0.7236631512641907,2775.542236328125,1010.7843627929688,2876.438720703125,1172.5447998046875,2825.990478515625,1091.6645812988281,100.896484375,161.76043701171875
IMG_0039.mp4,184,6.139466666666666,29.97002997002997,206,2,traffic_signs,0.4312262535095215,77.0645980834961,1107.4903564453125,144.4220733642578,1163.5703125,110.74333572387695,1135.5303344726562,67.35747528076172,56.0799560546875
IMG_0039.mp4,185,6.172833333333333,29.97002997002997,167,2,traffic_signs,0.9010894298553467,0.0,978.70947265625,124.50530242919922,1133.263916015625,62.25265121459961,1055.9866943359375,124.50530242919922,154.554443359375
IMG_0039.mp4,185,6.172833333333333,29.97002997002997,174,2,traffic_signs,0.9229089021682739,210.880126953125,1156.423095703125,311.40863037109375,1225.9451904296875,261.1443786621094,1191.1841430664062,100.52850341796875,69.5220947265625
IMG_0039.mp4,185,6.172833333333333,29.97002997002997,207,2,traffic_signs,0.46288514137268066,0.24214185774326324,980.796630859375,123.43704986572266,1122.260498046875,61.83959586173296,1051.528564453125,123.1949080079794,141.4638671875
IMG_0039.mp4,185,6.172833333333333,29.97002997002997,141,2,traffic_signs,0.7800717949867249,2778.076416015625,1011.8507690429688,2879.614501953125,1168.7525634765625,2828.845458984375,1090.3016662597656,101.5380859375,156.90179443359375
IMG_0039.mp4,186,6.2062,29.97002997002997,167,2,traffic_signs,0.913791835308075,0.0,978.0641479492188,122.7444076538086,1134.2879638671875,61.3722038269043,1056.1760559082031,122.7444076538086,156.22381591796875
IMG_0039.mp4,186,6.2062,29.97002997002997,174,2,traffic_signs,0.9146326184272766,212.26841735839844,1156.2177734375,311.49755859375,1227.1864013671875,261.8829879760742,1191.7020874023438,99.22914123535156,70.9686279296875
IMG_0039.mp4,186,6.2062,29.97002997002997,207,2,traffic_signs,0.3134496212005615,0.0,980.1689453125,121.05602264404297,1123.671142578125,60.528011322021484,1051.9200439453125,121.05602264404297,143.502197265625
IMG_0039.mp4,186,6.2062,29.97002997002997,141,2,traffic_signs,0.7926428318023682,2780.50341796875,1012.0921020507812,2883.014892578125,1166.0185546875,2831.7591552734375,1089.0553283691406,102.511474609375,153.92645263671875
IMG_0039.mp4,187,6.239566666666667,29.97002997002997,167,2,traffic_signs,0.9063349962234497,0.005745931062847376,977.7672119140625,121.00463104248047,1133.4736328125,60.50518848677166,1055.6204223632812,120.99888511141762,155.7064208984375
IMG_0039.mp4,187,6.239566666666667,29.97002997002997,174,2,traffic_signs,0.6358928084373474,214.64956665039062,1156.7410888671875,313.377197265625,1227.7518310546875,264.0133819580078,1192.2464599609375,98.72763061523438,71.0107421875
IMG_0039.mp4,187,6.239566666666667,29.97002997002997,207,2,traffic_signs,0.43022799491882324,0.2278028130531311,979.9819946289062,119.76760864257812,1123.135009765625,59.99770572781563,1051.5585021972656,119.539805829525,143.15301513671875
IMG_0039.mp4,187,6.239566666666667,29.97002997002997,141,2,traffic_signs,0.7468396425247192,2782.466064453125,1012.2501831054688,2885.707275390625,1166.9454345703125,2834.086669921875,1089.5978088378906,103.2412109375,154.69525146484375
IMG_0039.mp4,187,6.239566666666667,29.97002997002997,210,2,traffic_signs,0.35747236013412476,2320.155029296875,1036.2696533203125,2341.70068359375,1180.707275390625,2330.9278564453125,1108.4884643554688,21.545654296875,144.4376220703125
IMG_0039.mp4,187,6.239566666666667,29.97002997002997,206,2,traffic_signs,0.7126098275184631,81.49080657958984,1106.07275390625,153.28692626953125,1164.1717529296875,117.38886642456055,1135.1222534179688,71.7961196899414,58.0989990234375
IMG_0039.mp4,188,6.2729333333333335,29.97002997002997,167,2,traffic_signs,0.9015549421310425,0.0,977.4497680664062,118.66143035888672,1133.4334716796875,59.33071517944336,1055.4416198730469,118.66143035888672,155.98370361328125
IMG_0039.mp4,188,6.2729333333333335,29.97002997002997,174,2,traffic_signs,0.8679890632629395,214.85061645507812,1158.49951171875,315.1339416503906,1229.009765625,264.9922790527344,1193.754638671875,100.2833251953125,70.51025390625
IMG_0039.mp4,188,6.2729333333333335,29.97002997002997,141,2,traffic_signs,0.667610228061676,2785.426513671875,1010.7130737304688,2890.968017578125,1163.36669921875,2838.197265625,1087.0398864746094,105.54150390625,152.65362548828125
IMG_0039.mp4,188,6.2729333333333335,29.97002997002997,210,2,traffic_signs,0.4425402879714966,2322.346923828125,1033.7901611328125,2343.474365234375,1180.9998779296875,2332.91064453125,1107.39501953125,21.12744140625,147.209716796875
IMG_0039.mp4,188,6.2729333333333335,29.97002997002997,206,2,traffic_signs,0.27854329347610474,89.44058227539062,1106.14111328125,155.0272979736328,1162.818603515625,122.23394012451172,1134.4798583984375,65.58671569824219,56.677490234375
IMG_0039.mp4,189,6.3063,29.97002997002997,167,2,traffic_signs,0.9239023923873901,0.0,976.8008422851562,117.30255889892578,1134.78466796875,58.65127944946289,1055.7927551269531,117.30255889892578,157.98382568359375
IMG_0039.mp4,189,6.3063,29.97002997002997,174,2,traffic_signs,0.8595041036605835,216.9788360595703,1159.9208984375,314.6250915527344,1229.859375,265.80196380615234,1194.89013671875,97.64625549316406,69.9384765625
IMG_0039.mp4,189,6.3063,29.97002997002997,141,2,traffic_signs,0.746345579624176,2788.098388671875,1046.70751953125,2895.741455078125,1160.5908203125,2841.919921875,1103.649169921875,107.64306640625,113.88330078125
IMG_0039.mp4,189,6.3063,29.97002997002997,206,2,traffic_signs,0.3159131109714508,95.02520751953125,1107.1015625,156.27957153320312,1162.5401611328125,125.65238952636719,1134.8208618164062,61.254364013671875,55.4385986328125
IMG_0039.mp4,189,6.3063,29.97002997002997,212,2,traffic_signs,0.5870035886764526,177.816650390625,1340.318115234375,231.04441833496094,1360.0533447265625,204.43053436279297,1350.1857299804688,53.22776794433594,19.7352294921875
IMG_0039.mp4,190,6.339666666666667,29.97002997002997,167,2,traffic_signs,0.9274722337722778,0.33360740542411804,977.0079956054688,116.57440948486328,1135.7431640625,58.4540084451437,1056.3755798339844,116.24080207943916,158.73516845703125
IMG_0039.mp4,190,6.339666666666667,29.97002997002997,174,2,traffic_signs,0.9018967151641846,220.90798950195312,1160.7900390625,316.9159851074219,1230.44677734375,268.9119873046875,1195.618408203125,96.00799560546875,69.65673828125
IMG_0039.mp4,190,6.339666666666667,29.97002997002997,141,2,traffic_signs,0.6103793382644653,2789.01318359375,1061.2303466796875,2897.222900390625,1144.6729736328125,2843.1180419921875,1102.95166015625,108.209716796875,83.442626953125
IMG_0039.mp4,190,6.339666666666667,29.97002997002997,206,2,traffic_signs,0.6487691402435303,92.39859008789062,1107.0556640625,159.0117950439453,1163.3714599609375,125.70519256591797,1135.2135620117188,66.61320495605469,56.3157958984375
IMG_0039.mp4,190,6.339666666666667,29.97002997002997,212,2,traffic_signs,0.30415135622024536,181.72804260253906,1340.78759765625,232.86888122558594,1360.1514892578125,207.2984619140625,1350.4695434570312,51.140838623046875,19.3638916015625
IMG_0039.mp4,191,6.373033333333334,29.97002997002997,167,2,traffic_signs,0.9246735572814941,0.33925551176071167,976.8763427734375,115.56511688232422,1135.3231201171875,57.952186197042465,1056.0997314453125,115.2258613705635,158.44677734375
IMG_0039.mp4,191,6.373033333333334,29.97002997002997,174,2,traffic_signs,0.9055376052856445,223.43869018554688,1160.3304443359375,319.56768798828125,1231.39404296875,271.50318908691406,1195.8622436523438,96.12899780273438,71.0635986328125
IMG_0039.mp4,191,6.373033333333334,29.97002997002997,141,2,traffic_signs,0.8923192024230957,2794.150390625,1063.045654296875,2901.861083984375,1154.473876953125,2848.0057373046875,1108.759765625,107.710693359375,91.42822265625
IMG_0039.mp4,191,6.373033333333334,29.97002997002997,206,2,traffic_signs,0.34575143456459045,95.1424789428711,1106.9508056640625,162.42654418945312,1163.5126953125,128.7845115661621,1135.2317504882812,67.28406524658203,56.5618896484375
IMG_0039.mp4,191,6.373033333333334,29.97002997002997,212,2,traffic_signs,0.4687153398990631,182.6832275390625,1339.999755859375,233.9437713623047,1359.926025390625,208.3134994506836,1349.962890625,51.26054382324219,19.92626953125
IMG_0039.mp4,192,6.4064000000000005,29.97002997002997,167,2,traffic_signs,0.930499255657196,0.0,976.9413452148438,112.94982147216797,1136.04248046875,56.474910736083984,1056.4919128417969,112.94982147216797,159.10113525390625
IMG_0039.mp4,192,6.4064000000000005,29.97002997002997,174,2,traffic_signs,0.8868297934532166,223.21192932128906,1161.1336669921875,318.6896667480469,1231.0020751953125,270.95079803466797,1196.06787109375,95.47773742675781,69.868408203125
IMG_0039.mp4,192,6.4064000000000005,29.97002997002997,141,2,traffic_signs,0.7843269109725952,2798.3974609375,1025.0,2904.743896484375,1158.532470703125,2851.5706787109375,1091.7662353515625,106.346435546875,133.532470703125
IMG_0039.mp4,192,6.4064000000000005,29.97002997002997,206,2,traffic_signs,0.3478282392024994,99.13887786865234,1107.7474365234375,163.90902709960938,1164.31298828125,131.52395248413086,1136.0302124023438,64.77014923095703,56.5655517578125
IMG_0039.mp4,192,6.4064000000000005,29.97002997002997,210,2,traffic_signs,0.27710679173469543,2329.10498046875,1029.9739990234375,2352.8251953125,1182.5867919921875,2340.965087890625,1106.2803955078125,23.72021484375,152.61279296875
IMG_0039.mp4,193,6.439766666666666,29.97002997002997,167,2,traffic_signs,0.9258725643157959,0.0,976.7865600585938,111.27079010009766,1136.2320556640625,55.63539505004883,1056.5093078613281,111.27079010009766,159.44549560546875
IMG_0039.mp4,193,6.439766666666666,29.97002997002997,174,2,traffic_signs,0.914013147354126,224.34661865234375,1161.166015625,317.8968505859375,1231.662841796875,271.1217346191406,1196.4144287109375,93.55023193359375,70.496826171875
IMG_0039.mp4,193,6.439766666666666,29.97002997002997,141,2,traffic_signs,0.7375576496124268,2801.87158203125,1011.3527221679688,2906.590087890625,1160.7196044921875,2854.2308349609375,1086.0361633300781,104.718505859375,149.36688232421875
IMG_0039.mp4,193,6.439766666666666,29.97002997002997,206,2,traffic_signs,0.7462000846862793,95.24870300292969,1108.1661376953125,164.92617797851562,1165.8450927734375,130.08744049072266,1137.005615234375,69.67747497558594,57.678955078125
IMG_0039.mp4,193,6.439766666666666,29.97002997002997,210,2,traffic_signs,0.5990529656410217,2331.65234375,1030.2943115234375,2354.94091796875,1184.1146240234375,2343.296630859375,1107.2044677734375,23.28857421875,153.8203125
IMG_0039.mp4,194,6.473133333333333,29.97002997002997,167,2,traffic_signs,0.8032541275024414,0.0,978.1387329101562,109.84134674072266,1134.308837890625,54.92067337036133,1056.2237854003906,109.84134674072266,156.17010498046875
IMG_0039.mp4,194,6.473133333333333,29.97002997002997,174,2,traffic_signs,0.9028777480125427,225.8423614501953,1162.6612548828125,319.7054138183594,1231.617431640625,272.77388763427734,1197.1393432617188,93.86305236816406,68.9561767578125
IMG_0039.mp4,194,6.473133333333333,29.97002997002997,141,2,traffic_signs,0.7127834558486938,2805.298095703125,1004.6639404296875,2910.1884765625,1160.9744873046875,2857.7432861328125,1082.8192138671875,104.890380859375,156.310546875
IMG_0039.mp4,195,6.5065,29.97002997002997,141,2,traffic_signs,0.6841115355491638,2807.585205078125,1038.8109130859375,2915.57861328125,1160.713134765625,2861.5819091796875,1099.7620239257812,107.993408203125,121.9022216796875
IMG_0039.mp4,195,6.5065,29.97002997002997,204,2,traffic_signs,0.47374284267425537,93.3400650024414,1367.51611328125,144.0063934326172,1405.831298828125,118.6732292175293,1386.6737060546875,50.66632843017578,38.315185546875
IMG_0039.mp4,196,6.539866666666667,29.97002997002997,167,2,traffic_signs,0.7533050775527954,0.0,1034.82373046875,70.73709869384766,1133.5167236328125,35.36854934692383,1084.1702270507812,70.73709869384766,98.6929931640625
IMG_0039.mp4,196,6.539866666666667,29.97002997002997,174,2,traffic_signs,0.9279292821884155,229.15211486816406,1163.48681640625,329.3666687011719,1230.5355224609375,279.25939178466797,1197.0111694335938,100.21455383300781,67.0487060546875
IMG_0039.mp4,197,6.5732333333333335,29.97002997002997,174,2,traffic_signs,0.8795915842056274,231.18072509765625,1164.430419921875,328.04327392578125,1232.939697265625,279.61199951171875,1198.68505859375,96.862548828125,68.50927734375
IMG_0039.mp4,197,6.5732333333333335,29.97002997002997,206,2,traffic_signs,0.30227410793304443,97.01297760009766,1111.117919921875,167.44580078125,1170.7437744140625,132.22938919067383,1140.9308471679688,70.43282318115234,59.6258544921875
IMG_0039.mp4,198,6.6066,29.97002997002997,174,2,traffic_signs,0.7185068726539612,230.8226776123047,1166.01953125,325.2550048828125,1233.4656982421875,278.0388412475586,1199.7426147460938,94.43232727050781,67.4461669921875
IMG_0039.mp4,198,6.6066,29.97002997002997,206,2,traffic_signs,0.28942346572875977,98.08667755126953,1112.363037109375,170.30270385742188,1172.53173828125,134.1946907043457,1142.4473876953125,72.21602630615234,60.168701171875
IMG_0039.mp4,198,6.6066,29.97002997002997,141,2,traffic_signs,0.6963555216789246,2817.896240234375,1010.1796875,2924.131103515625,1164.566162109375,2871.013671875,1087.3729248046875,106.23486328125,154.386474609375
IMG_0039.mp4,199,6.639966666666667,29.97002997002997,174,2,traffic_signs,0.8834916353225708,233.82919311523438,1167.5740966796875,324.60418701171875,1233.7113037109375,279.21669006347656,1200.6427001953125,90.77499389648438,66.13720703125
IMG_0039.mp4,199,6.639966666666667,29.97002997002997,206,2,traffic_signs,0.8277786374092102,99.30643463134766,1113.4271240234375,174.0397491455078,1173.373779296875,136.67309188842773,1143.4004516601562,74.73331451416016,59.9466552734375
IMG_0039.mp4,199,6.639966666666667,29.97002997002997,216,2,traffic_signs,0.35322305560112,0.15398183465003967,979.826171875,104.82449340820312,1132.352294921875,52.48923762142658,1056.0892333984375,104.67051157355309,152.526123046875
IMG_0039.mp4,199,6.639966666666667,29.97002997002997,141,2,traffic_signs,0.7926487326622009,2821.2705078125,1006.3312377929688,2926.668212890625,1162.0828857421875,2873.9693603515625,1084.2070617675781,105.397705078125,155.75164794921875
IMG_0039.mp4,200,6.673333333333334,29.97002997002997,174,2,traffic_signs,0.9148704409599304,235.9986572265625,1168.068115234375,327.80145263671875,1234.1773681640625,281.9000549316406,1201.1227416992188,91.80279541015625,66.1092529296875
IMG_0039.mp4,200,6.673333333333334,29.97002997002997,206,2,traffic_signs,0.8617082238197327,104.37110137939453,1114.205810546875,177.6396942138672,1171.841796875,141.00539779663086,1143.0238037109375,73.26859283447266,57.635986328125
IMG_0039.mp4,200,6.673333333333334,29.97002997002997,216,2,traffic_signs,0.34822240471839905,0.23325249552726746,979.6381225585938,104.86155700683594,1134.365478515625,52.5474047511816,1057.0018005371094,104.62830451130867,154.72735595703125
IMG_0039.mp4,200,6.673333333333334,29.97002997002997,141,2,traffic_signs,0.8031151294708252,2824.41015625,1004.3970336914062,2930.32568359375,1160.8544921875,2877.367919921875,1082.6257629394531,105.91552734375,156.45745849609375
IMG_0039.mp4,200,6.673333333333334,29.97002997002997,212,2,traffic_signs,0.7289448976516724,191.0040283203125,1348.0401611328125,235.14157104492188,1366.5675048828125,213.0727996826172,1357.3038330078125,44.137542724609375,18.52734375
IMG_0039.mp4,201,6.7067000000000005,29.97002997002997,174,2,traffic_signs,0.9200234413146973,236.8727264404297,1169.5606689453125,328.4117431640625,1234.4932861328125,282.6422348022461,1202.0269775390625,91.53901672363281,64.9326171875
IMG_0039.mp4,201,6.7067000000000005,29.97002997002997,206,2,traffic_signs,0.8587946891784668,109.30809020996094,1114.513427734375,179.2012939453125,1171.7706298828125,144.25469207763672,1143.1420288085938,69.89320373535156,57.2572021484375
IMG_0039.mp4,201,6.7067000000000005,29.97002997002997,216,2,traffic_signs,0.36514899134635925,0.051751039922237396,979.5835571289062,102.8235092163086,1133.316162109375,51.437630128115416,1056.4498596191406,102.77175817638636,153.73260498046875
IMG_0039.mp4,201,6.7067000000000005,29.97002997002997,141,2,traffic_signs,0.7579185962677002,2827.054931640625,1004.2827758789062,2934.551025390625,1158.7515869140625,2880.802978515625,1081.5171813964844,107.49609375,154.46881103515625
IMG_0039.mp4,201,6.7067000000000005,29.97002997002997,212,2,traffic_signs,0.6710001826286316,192.10743713378906,1348.791015625,235.89715576171875,1366.791748046875,214.0022964477539,1357.7913818359375,43.78971862792969,18.000732421875
IMG_0039.mp4,202,6.740066666666666,29.97002997002997,174,2,traffic_signs,0.917525589466095,239.6298828125,1170.3807373046875,329.1865234375,1234.4459228515625,284.408203125,1202.413330078125,89.556640625,64.065185546875
IMG_0039.mp4,202,6.740066666666666,29.97002997002997,206,2,traffic_signs,0.8291118741035461,111.17337036132812,1114.505859375,180.16651916503906,1172.447265625,145.6699447631836,1143.4765625,68.99314880371094,57.94140625
IMG_0039.mp4,202,6.740066666666666,29.97002997002997,216,2,traffic_signs,0.5255885720252991,0.16542655229568481,980.9873046875,100.54364013671875,1134.312255859375,50.35453334450722,1057.6497802734375,100.37821358442307,153.324951171875
IMG_0039.mp4,202,6.740066666666666,29.97002997002997,141,2,traffic_signs,0.7290398478507996,2829.52197265625,1004.5180053710938,2939.302978515625,1157.4312744140625,2884.4124755859375,1080.9746398925781,109.781005859375,152.91326904296875
IMG_0039.mp4,203,6.773433333333333,29.97002997002997,174,2,traffic_signs,0.9200246334075928,241.33985900878906,1171.073974609375,330.15447998046875,1235.2440185546875,285.7471694946289,1203.1589965820312,88.81462097167969,64.1700439453125
IMG_0039.mp4,203,6.773433333333333,29.97002997002997,206,2,traffic_signs,0.6940767168998718,110.47911834716797,1114.770263671875,181.8763885498047,1172.4251708984375,146.17775344848633,1143.5977172851562,71.39727020263672,57.6549072265625
IMG_0039.mp4,203,6.773433333333333,29.97002997002997,216,2,traffic_signs,0.4530293047428131,0.16052114963531494,980.5802612304688,99.7531967163086,1133.9964599609375,49.956858932971954,1057.2883605957031,99.59267556667328,153.41619873046875
IMG_0039.mp4,203,6.773433333333333,29.97002997002997,141,2,traffic_signs,0.7334158420562744,2832.716796875,1005.2716674804688,2943.44921875,1157.8564453125,2888.0830078125,1081.5640563964844,110.732421875,152.58477783203125
IMG_0039.mp4,203,6.773433333333333,29.97002997002997,220,2,traffic_signs,0.5050309300422668,2830.087158203125,1050.522705078125,2943.9609375,1156.066162109375,2887.0240478515625,1103.29443359375,113.873779296875,105.54345703125
IMG_0039.mp4,204,6.8068,29.97002997002997,174,2,traffic_signs,0.9171959161758423,243.30999755859375,1171.2840576171875,329.1120910644531,1235.7418212890625,286.21104431152344,1203.512939453125,85.80209350585938,64.457763671875
IMG_0039.mp4,204,6.8068,29.97002997002997,206,2,traffic_signs,0.6474493145942688,112.38697814941406,1115.4815673828125,184.00241088867188,1173.4620361328125,148.19469451904297,1144.4718017578125,71.61543273925781,57.98046875
IMG_0039.mp4,204,6.8068,29.97002997002997,216,2,traffic_signs,0.47336599230766296,0.27503278851509094,980.2916870117188,98.90674591064453,1134.5726318359375,49.59088934957981,1057.4321594238281,98.63171312212944,154.28094482421875
IMG_0039.mp4,204,6.8068,29.97002997002997,220,2,traffic_signs,0.7058420181274414,2835.174072265625,1055.003662109375,2947.306396484375,1155.3853759765625,2891.240234375,1105.1945190429688,112.13232421875,100.3817138671875
IMG_0039.mp4,205,6.840166666666667,29.97002997002997,174,2,traffic_signs,0.9238913059234619,246.2152862548828,1172.0732421875,327.86492919921875,1236.573974609375,287.0401077270508,1204.3236083984375,81.64964294433594,64.500732421875
IMG_0039.mp4,205,6.840166666666667,29.97002997002997,206,2,traffic_signs,0.8345463871955872,113.6298599243164,1116.300048828125,186.66290283203125,1174.708740234375,150.14638137817383,1145.50439453125,73.03304290771484,58.40869140625
IMG_0039.mp4,205,6.840166666666667,29.97002997002997,216,2,traffic_signs,0.3666198253631592,0.3374212980270386,979.4363403320312,98.26972961425781,1137.014892578125,49.303575456142426,1058.2256164550781,97.93230831623077,157.57855224609375
IMG_0039.mp4,205,6.840166666666667,29.97002997002997,220,2,traffic_signs,0.776686429977417,2840.388916015625,1056.8460693359375,2951.599609375,1154.8883056640625,2895.9942626953125,1105.8671875,111.210693359375,98.042236328125
IMG_0039.mp4,205,6.840166666666667,29.97002997002997,212,2,traffic_signs,0.4536643624305725,197.60772705078125,1349.5897216796875,241.6627197265625,1367.864990234375,219.63522338867188,1358.7273559570312,44.05499267578125,18.2752685546875
IMG_0039.mp4,206,6.8735333333333335,29.97002997002997,174,2,traffic_signs,0.8539758920669556,245.68516540527344,1172.1658935546875,330.668212890625,1238.1951904296875,288.1766891479492,1205.1805419921875,84.98304748535156,66.029296875
IMG_0039.mp4,206,6.8735333333333335,29.97002997002997,206,2,traffic_signs,0.8590487837791443,112.8305892944336,1116.167724609375,189.00331115722656,1176.0931396484375,150.91695022583008,1146.1304321289062,76.17272186279297,59.9254150390625
IMG_0039.mp4,206,6.8735333333333335,29.97002997002997,216,2,traffic_signs,0.567927360534668,0.3340476453304291,979.1644897460938,97.67892456054688,1137.99853515625,49.00648610293865,1058.5815124511719,97.34487691521645,158.83404541015625
IMG_0039.mp4,206,6.8735333333333335,29.97002997002997,220,2,traffic_signs,0.790628969669342,2845.128662109375,1056.9505615234375,2954.977783203125,1156.0372314453125,2900.05322265625,1106.493896484375,109.84912109375,99.086669921875
IMG_0039.mp4,206,6.8735333333333335,29.97002997002997,222,2,traffic_signs,0.41605526208877563,0.3543267846107483,978.4070434570312,97.68379974365234,1135.36962890625,49.019063264131546,1056.8883361816406,97.3294729590416,156.96258544921875
IMG_0039.mp4,206,6.8735333333333335,29.97002997002997,212,2,traffic_signs,0.3969016671180725,199.01710510253906,1350.07275390625,243.85435485839844,1368.3343505859375,221.43572998046875,1359.2035522460938,44.837249755859375,18.2615966796875
IMG_0039.mp4,207,6.9069,29.97002997002997,174,2,traffic_signs,0.8195962905883789,248.0447998046875,1171.45703125,334.3345642089844,1239.6173095703125,291.18968200683594,1205.5371704101562,86.28976440429688,68.1602783203125
IMG_0039.mp4,207,6.9069,29.97002997002997,206,2,traffic_signs,0.8410332798957825,113.5360107421875,1116.3309326171875,191.33456420898438,1177.234375,152.43528747558594,1146.7826538085938,77.79855346679688,60.9034423828125
IMG_0039.mp4,207,6.9069,29.97002997002997,216,2,traffic_signs,0.5338353514671326,0.18240462243556976,978.2434692382812,96.33621978759766,1137.1053466796875,48.25931220501661,1057.6744079589844,96.15381516516209,158.86187744140625
IMG_0039.mp4,207,6.9069,29.97002997002997,220,2,traffic_signs,0.4649879038333893,2847.75,1051.71435546875,2958.63525390625,1157.4283447265625,2903.192626953125,1104.5713500976562,110.88525390625,105.7139892578125
IMG_0039.mp4,207,6.9069,29.97002997002997,222,2,traffic_signs,0.4061848223209381,0.399638831615448,978.0743408203125,96.80889892578125,1138.395263671875,48.60426887869835,1058.2348022460938,96.4092600941658,160.3209228515625
IMG_0039.mp4,207,6.9069,29.97002997002997,141,2,traffic_signs,0.7239387035369873,2849.353759765625,1000.9644775390625,2959.1953125,1157.85400390625,2904.2745361328125,1079.4092407226562,109.841552734375,156.8895263671875
IMG_0039.mp4,208,6.940266666666667,29.97002997002997,174,2,traffic_signs,0.44669434428215027,252.23068237304688,1172.1326904296875,338.5384216308594,1240.1846923828125,295.3845520019531,1206.15869140625,86.3077392578125,68.052001953125
IMG_0039.mp4,208,6.940266666666667,29.97002997002997,206,2,traffic_signs,0.7807790637016296,116.4592056274414,1115.9169921875,192.83438110351562,1179.70849609375,154.64679336547852,1147.812744140625,76.37517547607422,63.79150390625
IMG_0039.mp4,208,6.940266666666667,29.97002997002997,216,2,traffic_signs,0.5549206137657166,0.35899755358695984,978.9833374023438,96.0094223022461,1136.15673828125,48.18420992791653,1057.5700378417969,95.65042474865913,157.17340087890625
IMG_0039.mp4,208,6.940266666666667,29.97002997002997,220,2,traffic_signs,0.40914690494537354,2851.2265625,1049.5582275390625,2963.0849609375,1157.9654541015625,2907.15576171875,1103.7618408203125,111.8583984375,108.4072265625
IMG_0039.mp4,208,6.940266666666667,29.97002997002997,222,2,traffic_signs,0.3611913323402405,0.419978529214859,979.8118896484375,96.73285675048828,1138.978759765625,48.57641763985157,1059.3953247070312,96.31287822127342,159.1668701171875
IMG_0039.mp4,208,6.940266666666667,29.97002997002997,141,2,traffic_signs,0.34552496671676636,2853.214111328125,999.2376708984375,2963.234619140625,1158.0877685546875,2908.224365234375,1078.6627197265625,110.0205078125,158.85009765625
IMG_0039.mp4,209,6.973633333333334,29.97002997002997,174,2,traffic_signs,0.33317726850509644,253.18801879882812,1172.4918212890625,341.69158935546875,1240.4246826171875,297.43980407714844,1206.458251953125,88.50357055664062,67.932861328125
IMG_0039.mp4,209,6.973633333333334,29.97002997002997,216,2,traffic_signs,0.6436541676521301,0.0,978.7789306640625,94.2984848022461,1134.91015625,47.14924240112305,1056.8445434570312,94.2984848022461,156.1312255859375
IMG_0039.mp4,209,6.973633333333334,29.97002997002997,220,2,traffic_signs,0.6097571849822998,2855.799072265625,1055.3985595703125,2969.478515625,1156.608642578125,2912.6387939453125,1106.0036010742188,113.679443359375,101.2100830078125
IMG_0039.mp4,210,7.007000000000001,29.97002997002997,174,2,traffic_signs,0.7798362374305725,255.16651916503906,1172.160888671875,346.3281555175781,1240.970458984375,300.7473373413086,1206.565673828125,91.16163635253906,68.8095703125
IMG_0039.mp4,210,7.007000000000001,29.97002997002997,216,2,traffic_signs,0.8054026961326599,0.33334237337112427,980.285888671875,93.60736846923828,1135.8885498046875,46.9703554213047,1058.0872192382812,93.27402609586716,155.6026611328125
IMG_0039.mp4,210,7.007000000000001,29.97002997002997,224,2,traffic_signs,0.4038308560848236,124.02152252197266,1175.86083984375,166.77439880371094,1213.9620361328125,145.3979606628418,1194.9114379882812,42.75287628173828,38.1011962890625
IMG_0039.mp4,211,7.040366666666666,29.97002997002997,174,2,traffic_signs,0.9066510200500488,258.79193115234375,1172.8331298828125,350.8260498046875,1240.0262451171875,304.8089904785156,1206.4296875,92.03411865234375,67.193115234375
IMG_0039.mp4,211,7.040366666666666,29.97002997002997,206,2,traffic_signs,0.5611610412597656,148.77049255371094,1120.4913330078125,199.42666625976562,1173.146484375,174.09857940673828,1146.8189086914062,50.65617370605469,52.6551513671875
IMG_0039.mp4,211,7.040366666666666,29.97002997002997,220,2,traffic_signs,0.6308944225311279,2865.775634765625,1055.148193359375,2980.726806640625,1156.523681640625,2923.251220703125,1105.8359375,114.951171875,101.37548828125
IMG_0039.mp4,212,7.073733333333333,29.97002997002997,174,2,traffic_signs,0.8952874541282654,262.53692626953125,1173.1683349609375,350.0342102050781,1240.971923828125,306.2855682373047,1207.0701293945312,87.49728393554688,67.8035888671875
IMG_0039.mp4,213,7.1071,29.97002997002997,216,2,traffic_signs,0.890079140663147,0.14491315186023712,987.3070068359375,86.92964935302734,1137.7406005859375,43.53728125244379,1062.5238037109375,86.7847362011671,150.43359375
IMG_0039.mp4,213,7.1071,29.97002997002997,224,2,traffic_signs,0.33905693888664246,132.04019165039062,1177.68896484375,176.41043090820312,1211.0667724609375,154.22531127929688,1194.3778686523438,44.3702392578125,33.3778076171875
IMG_0039.mp4,213,7.1071,29.97002997002997,220,2,traffic_signs,0.3277343809604645,2874.496826171875,1051.4010009765625,2988.695556640625,1158.238037109375,2931.59619140625,1104.8195190429688,114.19873046875,106.8370361328125
IMG_0039.mp4,214,7.140466666666667,29.97002997002997,216,2,traffic_signs,0.9218015670776367,0.0,985.4900512695312,83.89464569091797,1140.460693359375,41.947322845458984,1062.9753723144531,83.89464569091797,154.97064208984375
IMG_0039.mp4,214,7.140466666666667,29.97002997002997,141,2,traffic_signs,0.3629755973815918,2878.684814453125,996.7020874023438,2993.92822265625,1161.333740234375,2936.3065185546875,1079.0179138183594,115.243408203125,164.63165283203125
IMG_0039.mp4,214,7.140466666666667,29.97002997002997,206,2,traffic_signs,0.8172286152839661,129.20852661132812,1120.193115234375,206.2568817138672,1181.4891357421875,167.73270416259766,1150.8411254882812,77.04835510253906,61.2960205078125
IMG_0039.mp4,214,7.140466666666667,29.97002997002997,174,2,traffic_signs,0.5757005214691162,263.583984375,1175.000244140625,354.06585693359375,1241.0570068359375,308.8249206542969,1208.0286254882812,90.48187255859375,66.0567626953125
IMG_0039.mp4,215,7.1738333333333335,29.97002997002997,216,2,traffic_signs,0.9245356917381287,0.0,986.2568359375,78.82037353515625,1139.2830810546875,39.410186767578125,1062.7699584960938,78.82037353515625,153.0262451171875
IMG_0039.mp4,215,7.1738333333333335,29.97002997002997,141,2,traffic_signs,0.3476611375808716,2884.162841796875,995.9639282226562,2999.613525390625,1161.44140625,2941.88818359375,1078.7026672363281,115.45068359375,165.47747802734375
IMG_0039.mp4,215,7.1738333333333335,29.97002997002997,206,2,traffic_signs,0.8749195337295532,127.42227935791016,1120.5267333984375,207.22019958496094,1183.5257568359375,167.32123947143555,1152.0262451171875,79.79792022705078,62.9990234375
IMG_0039.mp4,215,7.1738333333333335,29.97002997002997,174,2,traffic_signs,0.8539232611656189,262.75518798828125,1175.3743896484375,354.1867980957031,1242.5125732421875,308.4709930419922,1208.9434814453125,91.43161010742188,67.13818359375
IMG_0039.mp4,215,7.1738333333333335,29.97002997002997,224,2,traffic_signs,0.5075157880783081,133.00790405273438,1178.0001220703125,177.14077758789062,1215.1748046875,155.0743408203125,1196.5874633789062,44.13287353515625,37.1746826171875
IMG_0039.mp4,216,7.2072,29.97002997002997,216,2,traffic_signs,0.9127622246742249,0.0,986.2883911132812,75.14442443847656,1136.2452392578125,37.57221221923828,1061.2668151855469,75.14442443847656,149.95684814453125
IMG_0039.mp4,216,7.2072,29.97002997002997,141,2,traffic_signs,0.622745931148529,2891.074951171875,997.9929809570312,3005.1650390625,1159.56005859375,2948.1199951171875,1078.7765197753906,114.090087890625,161.56707763671875
IMG_0039.mp4,216,7.2072,29.97002997002997,206,2,traffic_signs,0.8513573408126831,128.99989318847656,1120.7579345703125,209.7392120361328,1184.2392578125,169.3695526123047,1152.4985961914062,80.73931884765625,63.4813232421875
IMG_0039.mp4,216,7.2072,29.97002997002997,174,2,traffic_signs,0.7430822253227234,265.33319091796875,1175.734619140625,356.00189208984375,1243.64111328125,310.66754150390625,1209.6878662109375,90.668701171875,67.906494140625
IMG_0039.mp4,216,7.2072,29.97002997002997,220,2,traffic_signs,0.35478928685188293,2890.505615234375,1048.320556640625,3005.295166015625,1156.0999755859375,2947.900390625,1102.2102661132812,114.78955078125,107.7794189453125
IMG_0039.mp4,217,7.240566666666667,29.97002997002997,216,2,traffic_signs,0.9027897715568542,0.0,987.2429809570312,70.676025390625,1133.5538330078125,35.3380126953125,1060.3984069824219,70.676025390625,146.31085205078125
IMG_0039.mp4,217,7.240566666666667,29.97002997002997,206,2,traffic_signs,0.854918360710144,132.63589477539062,1121.1904296875,211.79432678222656,1184.835205078125,172.2151107788086,1153.0128173828125,79.15843200683594,63.644775390625
IMG_0039.mp4,217,7.240566666666667,29.97002997002997,174,2,traffic_signs,0.6460810899734497,266.86553955078125,1177.0107421875,358.5860290527344,1244.25830078125,312.7257843017578,1210.634521484375,91.72048950195312,67.24755859375
IMG_0039.mp4,218,7.273933333333334,29.97002997002997,216,2,traffic_signs,0.9124137759208679,0.0,989.3799438476562,65.11865997314453,1132.0740966796875,32.559329986572266,1060.7270202636719,65.11865997314453,142.69415283203125
IMG_0039.mp4,218,7.273933333333334,29.97002997002997,206,2,traffic_signs,0.8408164381980896,133.1864013671875,1122.3055419921875,212.35516357421875,1185.0576171875,172.77078247070312,1153.6815795898438,79.16876220703125,62.7520751953125
IMG_0039.mp4,218,7.273933333333334,29.97002997002997,174,2,traffic_signs,0.5612439513206482,266.6835021972656,1177.364990234375,359.056640625,1245.63330078125,312.8700714111328,1211.4991455078125,92.37313842773438,68.268310546875
IMG_0039.mp4,219,7.307300000000001,29.97002997002997,216,2,traffic_signs,0.8880979418754578,0.07835523039102554,989.6890869140625,59.02376174926758,1127.8568115234375,29.551058489829302,1058.77294921875,58.94540651887655,138.167724609375
IMG_0039.mp4,219,7.307300000000001,29.97002997002997,206,2,traffic_signs,0.844775915145874,135.8243865966797,1122.5716552734375,213.80419921875,1186.1444091796875,174.81429290771484,1154.3580322265625,77.97981262207031,63.57275390625
IMG_0039.mp4,219,7.307300000000001,29.97002997002997,174,2,traffic_signs,0.8551025986671448,266.9848937988281,1178.221923828125,358.4937744140625,1246.2315673828125,312.7393341064453,1212.2267456054688,91.50888061523438,68.0096435546875
IMG_0039.mp4,220,7.3406666666666665,29.97002997002997,216,2,traffic_signs,0.8648824095726013,0.31766730546951294,990.6588134765625,52.948272705078125,1125.3304443359375,26.63297000527382,1057.99462890625,52.63060539960861,134.671630859375
IMG_0039.mp4,220,7.3406666666666665,29.97002997002997,206,2,traffic_signs,0.8056869506835938,138.94802856445312,1123.4085693359375,215.56964111328125,1186.333740234375,177.2588348388672,1154.8711547851562,76.62161254882812,62.9251708984375
IMG_0039.mp4,220,7.3406666666666665,29.97002997002997,174,2,traffic_signs,0.8206276297569275,269.1435852050781,1179.45556640625,359.1126403808594,1246.5865478515625,314.12811279296875,1213.0210571289062,89.96905517578125,67.1309814453125
IMG_0039.mp4,221,7.374033333333333,29.97002997002997,216,2,traffic_signs,0.8715373277664185,0.0,992.5769653320312,45.63154602050781,1120.390625,22.815773010253906,1056.4837951660156,45.63154602050781,127.81365966796875
IMG_0039.mp4,221,7.374033333333333,29.97002997002997,206,2,traffic_signs,0.7938579320907593,139.73025512695312,1123.545166015625,215.3130340576172,1185.5279541015625,177.52164459228516,1154.5365600585938,75.58277893066406,61.9827880859375
IMG_0039.mp4,221,7.374033333333333,29.97002997002997,174,2,traffic_signs,0.7790307402610779,268.7941589355469,1179.62158203125,359.13671875,1247.486328125,313.96543884277344,1213.553955078125,90.34255981445312,67.86474609375
IMG_0039.mp4,221,7.374033333333333,29.97002997002997,224,2,traffic_signs,0.42943739891052246,143.93893432617188,1178.14453125,185.51080322265625,1217.0322265625,164.72486877441406,1197.58837890625,41.571868896484375,38.8876953125
IMG_0039.mp4,222,7.4074,29.97002997002997,216,2,traffic_signs,0.8780348300933838,0.10800539702177048,995.8272705078125,40.80156707763672,1116.5928955078125,20.454786237329245,1056.2100830078125,40.69356168061495,120.765625
IMG_0039.mp4,222,7.4074,29.97002997002997,206,2,traffic_signs,0.7934673428535461,142.55899047851562,1124.045654296875,217.58511352539062,1186.1175537109375,180.07205200195312,1155.0816040039062,75.026123046875,62.0718994140625
IMG_0039.mp4,222,7.4074,29.97002997002997,174,2,traffic_signs,0.8783398866653442,270.6234436035156,1180.26513671875,361.9588317871094,1247.5452880859375,316.2911376953125,1213.9052124023438,91.33538818359375,67.2801513671875
IMG_0039.mp4,223,7.440766666666667,29.97002997002997,216,2,traffic_signs,0.8500391840934753,0.30670779943466187,998.6060180664062,34.72096633911133,1111.0052490234375,17.513837069272995,1054.8056335449219,34.414258539676666,112.39923095703125
IMG_0039.mp4,223,7.440766666666667,29.97002997002997,206,2,traffic_signs,0.6704829335212708,144.12303161621094,1124.72802734375,219.20298767089844,1187.1708984375,181.6630096435547,1155.949462890625,75.0799560546875,62.44287109375
IMG_0039.mp4,223,7.440766666666667,29.97002997002997,174,2,traffic_signs,0.8433643579483032,272.09442138671875,1180.568359375,363.69110107421875,1247.530517578125,317.89276123046875,1214.0494384765625,91.5966796875,66.962158203125
IMG_0039.mp4,224,7.4741333333333335,29.97002997002997,216,2,traffic_signs,0.8589447140693665,0.05926107242703438,1001.082275390625,26.524518966674805,1106.06005859375,13.29189001955092,1053.5711669921875,26.46525789424777,104.977783203125
IMG_0039.mp4,224,7.4741333333333335,29.97002997002997,206,2,traffic_signs,0.4950990080833435,145.34173583984375,1125.03076171875,219.62771606445312,1187.634521484375,182.48472595214844,1156.3326416015625,74.28598022460938,62.603759765625
IMG_0039.mp4,224,7.4741333333333335,29.97002997002997,174,2,traffic_signs,0.7788479924201965,275.2874450683594,1180.1251220703125,364.8730163574219,1248.013916015625,320.0802307128906,1214.0695190429688,89.5855712890625,67.8887939453125
IMG_0039.mp4,225,7.5075,29.97002997002997,216,2,traffic_signs,0.8093482255935669,0.0,1006.2457885742188,19.944623947143555,1102.68212890625,9.972311973571777,1054.4639587402344,19.944623947143555,96.43634033203125
IMG_0039.mp4,225,7.5075,29.97002997002997,206,2,traffic_signs,0.4241938292980194,148.3048553466797,1125.703369140625,215.41294860839844,1187.475830078125,181.85890197753906,1156.589599609375,67.10809326171875,61.7724609375
IMG_0039.mp4,225,7.5075,29.97002997002997,174,2,traffic_signs,0.8295636177062988,277.40447998046875,1181.1480712890625,366.7878112792969,1247.882568359375,322.0961456298828,1214.5153198242188,89.38333129882812,66.7344970703125
IMG_0039.mp4,226,7.540866666666667,29.97002997002997,206,2,traffic_signs,0.7337191700935364,157.09207153320312,1126.7310791015625,221.7474822998047,1186.9927978515625,189.4197769165039,1156.8619384765625,64.65541076660156,60.26171875
IMG_0039.mp4,226,7.540866666666667,29.97002997002997,174,2,traffic_signs,0.8561170101165771,279.7808837890625,1182.118896484375,368.6938171386719,1247.488525390625,324.2373504638672,1214.8037109375,88.91293334960938,65.36962890625
IMG_0039.mp4,226,7.540866666666667,29.97002997002997,236,2,traffic_signs,0.4162597358226776,2429.47216796875,1013.3099365234375,2451.005615234375,1159.9171142578125,2440.2388916015625,1086.613525390625,21.533447265625,146.607177734375
IMG_0039.mp4,227,7.574233333333334,29.97002997002997,206,2,traffic_signs,0.803485095500946,161.62014770507812,1127.5806884765625,224.59205627441406,1186.1748046875,193.1061019897461,1156.8777465820312,62.97190856933594,58.5941162109375
IMG_0039.mp4,227,7.574233333333334,29.97002997002997,174,2,traffic_signs,0.8378057479858398,280.771240234375,1182.5584716796875,369.67822265625,1247.9669189453125,325.2247314453125,1215.2626953125,88.906982421875,65.408447265625
IMG_0039.mp4,227,7.574233333333334,29.97002997002997,236,2,traffic_signs,0.35362187027931213,2435.635986328125,1008.33544921875,2455.68359375,1159.049560546875,2445.6597900390625,1083.6925048828125,20.047607421875,150.714111328125
IMG_0039.mp4,228,7.6076,29.97002997002997,206,2,traffic_signs,0.8595601916313171,163.2272186279297,1127.9715576171875,227.0459747314453,1187.1514892578125,195.1365966796875,1157.5615234375,63.818756103515625,59.179931640625
IMG_0039.mp4,228,7.6076,29.97002997002997,174,2,traffic_signs,0.8668212294578552,282.56951904296875,1183.0977783203125,373.87835693359375,1248.96533203125,328.22393798828125,1216.0315551757812,91.308837890625,65.8675537109375
IMG_0039.mp4,229,7.6409666666666665,29.97002997002997,206,2,traffic_signs,0.8511999845504761,162.36485290527344,1128.2459716796875,229.44265747070312,1188.1363525390625,195.90375518798828,1158.191162109375,67.07780456542969,59.890380859375
IMG_0039.mp4,229,7.6409666666666665,29.97002997002997,174,2,traffic_signs,0.8235448598861694,284.42236328125,1183.5413818359375,376.13690185546875,1249.7313232421875,330.2796325683594,1216.6363525390625,91.71453857421875,66.18994140625
IMG_0039.mp4,229,7.6409666666666665,29.97002997002997,238,2,traffic_signs,0.6098600625991821,1099.388427734375,1426.1041259765625,1169.29345703125,1467.6781005859375,1134.3409423828125,1446.89111328125,69.905029296875,41.573974609375
IMG_0039.mp4,229,7.6409666666666665,29.97002997002997,220,2,traffic_signs,0.4010361433029175,2989.358154296875,1030.2757568359375,3116.70166015625,1141.703369140625,3053.0299072265625,1085.9895629882812,127.343505859375,111.4276123046875
IMG_0039.mp4,230,7.674333333333333,29.97002997002997,206,2,traffic_signs,0.7879424095153809,163.80763244628906,1128.846923828125,231.05210876464844,1187.7999267578125,197.42987060546875,1158.3234252929688,67.24447631835938,58.9530029296875
IMG_0039.mp4,230,7.674333333333333,29.97002997002997,174,2,traffic_signs,0.8853943943977356,286.1243591308594,1182.7286376953125,378.78741455078125,1249.982421875,332.4558868408203,1216.3555297851562,92.66305541992188,67.2537841796875
IMG_0039.mp4,230,7.674333333333333,29.97002997002997,238,2,traffic_signs,0.5498479008674622,1083.4725341796875,1426.1376953125,1153.4840087890625,1468.151123046875,1118.478271484375,1447.1444091796875,70.011474609375,42.013427734375
IMG_0039.mp4,230,7.674333333333333,29.97002997002997,220,2,traffic_signs,0.47646021842956543,2999.63916015625,1027.0872802734375,3129.172607421875,1141.06640625,3064.4058837890625,1084.0768432617188,129.533447265625,113.9791259765625
IMG_0039.mp4,231,7.7077,29.97002997002997,206,2,traffic_signs,0.7960772514343262,162.6964569091797,1129.0875244140625,232.4933624267578,1187.56201171875,197.59490966796875,1158.3247680664062,69.79690551757812,58.4744873046875
IMG_0039.mp4,231,7.7077,29.97002997002997,174,2,traffic_signs,0.8779422044754028,287.4710388183594,1182.9202880859375,381.8691101074219,1249.9283447265625,334.6700744628906,1216.42431640625,94.3980712890625,67.008056640625
IMG_0039.mp4,231,7.7077,29.97002997002997,238,2,traffic_signs,0.8034618496894836,1065.8721923828125,1428.294677734375,1136.6448974609375,1467.5784912109375,1101.258544921875,1447.9365844726562,70.772705078125,39.2838134765625
IMG_0039.mp4,231,7.7077,29.97002997002997,220,2,traffic_signs,0.2589534819126129,3011.243896484375,1023.1734619140625,3141.47412109375,1137.5833740234375,3076.3590087890625,1080.37841796875,130.230224609375,114.409912109375
IMG_0039.mp4,232,7.741066666666667,29.97002997002997,206,2,traffic_signs,0.784573495388031,164.14486694335938,1129.068603515625,234.3178253173828,1187.87744140625,199.2313461303711,1158.4730224609375,70.17295837402344,58.808837890625
IMG_0039.mp4,232,7.741066666666667,29.97002997002997,174,2,traffic_signs,0.8754506707191467,289.85089111328125,1184.2880859375,385.186767578125,1250.73779296875,337.5188293457031,1217.512939453125,95.33587646484375,66.44970703125
IMG_0039.mp4,232,7.741066666666667,29.97002997002997,238,2,traffic_signs,0.4379737377166748,1048.0885009765625,1429.5054931640625,1118.0994873046875,1467.3907470703125,1083.093994140625,1448.4481201171875,70.010986328125,37.88525390625
IMG_0039.mp4,232,7.741066666666667,29.97002997002997,220,2,traffic_signs,0.5561785101890564,3019.83203125,1018.3189086914062,3153.98876953125,1135.2181396484375,3086.910400390625,1076.7685241699219,134.15673828125,116.89923095703125
IMG_0039.mp4,232,7.741066666666667,29.97002997002997,224,1,traffic_lights,0.3524468243122101,164.52828979492188,1188.189453125,200.8882598876953,1222.5211181640625,182.7082748413086,1205.3552856445312,36.35997009277344,34.3316650390625
IMG_0039.mp4,233,7.7744333333333335,29.97002997002997,206,2,traffic_signs,0.8005710244178772,166.72897338867188,1129.2659912109375,236.5937042236328,1188.723876953125,201.66133880615234,1158.9949340820312,69.86473083496094,59.4578857421875
IMG_0039.mp4,233,7.7744333333333335,29.97002997002997,174,2,traffic_signs,0.7048841714859009,288.11810302734375,1184.9449462890625,385.76507568359375,1251.6051025390625,336.94158935546875,1218.2750244140625,97.64697265625,66.66015625
IMG_0039.mp4,233,7.7744333333333335,29.97002997002997,238,2,traffic_signs,0.8500020503997803,1032.9654541015625,1430.0460205078125,1099.7100830078125,1469.22021484375,1066.3377685546875,1449.6331176757812,66.74462890625,39.1741943359375
IMG_0039.mp4,234,7.8078,29.97002997002997,206,2,traffic_signs,0.8599717020988464,164.51084899902344,1128.4066162109375,239.24424743652344,1189.0208740234375,201.87754821777344,1158.7137451171875,74.7333984375,60.6142578125
IMG_0039.mp4,234,7.8078,29.97002997002997,174,2,traffic_signs,0.8242067098617554,291.2740173339844,1184.3892822265625,388.2325744628906,1251.1553955078125,339.7532958984375,1217.7723388671875,96.95855712890625,66.76611328125
IMG_0039.mp4,234,7.8078,29.97002997002997,238,2,traffic_signs,0.7477544546127319,1016.1907958984375,1428.962158203125,1086.2830810546875,1470.6915283203125,1051.2369384765625,1449.8268432617188,70.09228515625,41.7293701171875
IMG_0039.mp4,234,7.8078,29.97002997002997,220,2,traffic_signs,0.33845624327659607,3041.444580078125,1012.994873046875,3181.229248046875,1127.5140380859375,3111.3369140625,1070.2544555664062,139.78466796875,114.5191650390625
IMG_0039.mp4,235,7.841166666666667,29.97002997002997,206,2,traffic_signs,0.8530367612838745,164.36105346679688,1127.67724609375,241.65306091308594,1190.47412109375,203.0070571899414,1159.07568359375,77.29200744628906,62.796875
IMG_0039.mp4,235,7.841166666666667,29.97002997002997,174,2,traffic_signs,0.49929308891296387,292.8430480957031,1184.5792236328125,394.0389709472656,1251.23046875,343.4410095214844,1217.9048461914062,101.1959228515625,66.6512451171875
IMG_0039.mp4,235,7.841166666666667,29.97002997002997,220,2,traffic_signs,0.2524082660675049,3057.572509765625,1009.2836303710938,3195.053466796875,1125.4822998046875,3126.31298828125,1067.3829650878906,137.48095703125,116.19866943359375
IMG_0039.mp4,236,7.874533333333334,29.97002997002997,206,2,traffic_signs,0.7441272139549255,163.810546875,1126.531005859375,244.4027099609375,1191.5360107421875,204.10662841796875,1159.0335083007812,80.5921630859375,65.0050048828125
IMG_0039.mp4,236,7.874533333333334,29.97002997002997,238,2,traffic_signs,0.6937887072563171,983.4400024414062,1430.2489013671875,1054.7742919921875,1471.203857421875,1019.1071472167969,1450.7263793945312,71.33428955078125,40.9549560546875
IMG_0039.mp4,237,7.9079,29.97002997002997,238,2,traffic_signs,0.8194290399551392,967.7679443359375,1430.6070556640625,1041.3763427734375,1471.4649658203125,1004.5721435546875,1451.0360107421875,73.6083984375,40.85791015625
IMG_0039.mp4,237,7.9079,29.97002997002997,220,2,traffic_signs,0.4575801491737366,3083.239990234375,1001.8994750976562,3224.739501953125,1121.7540283203125,3153.98974609375,1061.8267517089844,141.49951171875,119.85455322265625
IMG_0039.mp4,238,7.9412666666666665,29.97002997002997,238,2,traffic_signs,0.6644201874732971,953.9677734375,1430.2593994140625,1027.60888671875,1470.9154052734375,990.788330078125,1450.58740234375,73.64111328125,40.656005859375
IMG_0039.mp4,239,7.974633333333333,29.97002997002997,238,2,traffic_signs,0.8785098195075989,941.3441162109375,1429.748291015625,1015.8460693359375,1471.77978515625,978.5950927734375,1450.7640380859375,74.501953125,42.031494140625
IMG_0039.mp4,239,7.974633333333333,29.97002997002997,220,2,traffic_signs,0.6301589608192444,3110.8720703125,994.12451171875,3255.565673828125,1117.100341796875,3183.2188720703125,1055.6124267578125,144.693603515625,122.975830078125
IMG_0039.mp4,240,8.008000000000001,29.97002997002997,238,2,traffic_signs,0.8182514905929565,927.8945922851562,1428.9931640625,1002.2197265625,1472.3436279296875,965.0571594238281,1450.6683959960938,74.32513427734375,43.3504638671875
IMG_0039.mp4,241,8.041366666666667,29.97002997002997,238,2,traffic_signs,0.5374859571456909,914.3822631835938,1428.6597900390625,991.75390625,1473.661865234375,953.0680847167969,1451.1608276367188,77.37164306640625,45.0020751953125
IMG_0039.mp4,241,8.041366666666667,29.97002997002997,174,2,traffic_signs,0.49611979722976685,308.5873718261719,1186.5413818359375,408.7717590332031,1249.13525390625,358.6795654296875,1217.8383178710938,100.18438720703125,62.5938720703125
IMG_0039.mp4,241,8.041366666666667,29.97002997002997,220,2,traffic_signs,0.3458363115787506,3143.237548828125,984.31982421875,3290.60400390625,1113.8590087890625,3216.9207763671875,1049.0894165039062,147.366455078125,129.5391845703125
IMG_0039.mp4,242,8.074733333333333,29.97002997002997,238,2,traffic_signs,0.6667269468307495,902.6972045898438,1429.4488525390625,978.98583984375,1473.3795166015625,940.8415222167969,1451.4141845703125,76.28863525390625,43.9306640625
IMG_0039.mp4,242,8.074733333333333,29.97002997002997,174,2,traffic_signs,0.7536722421646118,311.67742919921875,1185.069091796875,408.4784240722656,1251.502685546875,360.0779266357422,1218.285888671875,96.80099487304688,66.43359375
IMG_0039.mp4,242,8.074733333333333,29.97002997002997,220,2,traffic_signs,0.34891819953918457,3161.07373046875,979.0077514648438,3308.57421875,1110.277587890625,3234.823974609375,1044.6426696777344,147.50048828125,131.26983642578125
IMG_0039.mp4,242,8.074733333333333,29.97002997002997,206,2,traffic_signs,0.8741023540496826,198.27615356445312,1129.701171875,264.2441711425781,1189.62451171875,231.26016235351562,1159.662841796875,65.968017578125,59.92333984375
IMG_0039.mp4,243,8.1081,29.97002997002997,174,2,traffic_signs,0.8477081656455994,317.3146667480469,1184.977783203125,415.2705078125,1252.6298828125,366.29258728027344,1218.8038330078125,97.95584106445312,67.652099609375
IMG_0039.mp4,243,8.1081,29.97002997002997,220,2,traffic_signs,0.7242075204849243,3178.28076171875,976.8916015625,3327.715576171875,1107.143798828125,3252.9981689453125,1042.0177001953125,149.434814453125,130.252197265625
IMG_0039.mp4,243,8.1081,29.97002997002997,206,2,traffic_signs,0.8730626106262207,197.66848754882812,1130.22509765625,268.2245178222656,1191.6761474609375,232.94650268554688,1160.9506225585938,70.5560302734375,61.4510498046875
IMG_0039.mp4,244,8.141466666666666,29.97002997002997,174,2,traffic_signs,0.9124522805213928,324.9960021972656,1186.0694580078125,418.09857177734375,1252.668701171875,371.5472869873047,1219.3690795898438,93.10256958007812,66.5992431640625
IMG_0039.mp4,244,8.141466666666666,29.97002997002997,220,2,traffic_signs,0.5021557807922363,3194.52587890625,975.5072631835938,3346.331787109375,1101.710693359375,3270.4288330078125,1038.6089782714844,151.805908203125,126.20343017578125
IMG_0039.mp4,244,8.141466666666666,29.97002997002997,206,2,traffic_signs,0.48790639638900757,199.79762268066406,1129.982421875,272.8868103027344,1192.6925048828125,236.34221649169922,1161.3374633789062,73.08918762207031,62.7100830078125
IMG_0039.mp4,244,8.141466666666666,29.97002997002997,238,2,traffic_signs,0.3310512900352478,881.3864135742188,1431.84765625,956.3046264648438,1473.3167724609375,918.8455200195312,1452.5822143554688,74.918212890625,41.4691162109375
IMG_0039.mp4,245,8.174833333333334,29.97002997002997,174,2,traffic_signs,0.9262041449546814,332.7087707519531,1186.1766357421875,423.00189208984375,1252.396728515625,377.85533142089844,1219.2866821289062,90.29312133789062,66.2200927734375
IMG_0039.mp4,245,8.174833333333334,29.97002997002997,220,2,traffic_signs,0.2685379087924957,3213.03466796875,976.6937255859375,3360.31689453125,1097.247802734375,3286.67578125,1036.9707641601562,147.2822265625,120.5540771484375
IMG_0039.mp4,245,8.174833333333334,29.97002997002997,206,2,traffic_signs,0.8513622283935547,207.2784423828125,1131.1510009765625,278.8370056152344,1192.3079833984375,243.05772399902344,1161.7294921875,71.55856323242188,61.156982421875
IMG_0039.mp4,246,8.2082,29.97002997002997,174,2,traffic_signs,0.759596049785614,334.8403625488281,1187.16064453125,429.2055358886719,1253.23486328125,382.02294921875,1220.19775390625,94.36517333984375,66.07421875
IMG_0039.mp4,246,8.2082,29.97002997002997,220,2,traffic_signs,0.7331192493438721,3230.87744140625,980.3193969726562,3377.55224609375,1094.5479736328125,3304.21484375,1037.4336853027344,146.6748046875,114.22857666015625
IMG_0039.mp4,246,8.2082,29.97002997002997,206,2,traffic_signs,0.8549211025238037,214.2713623046875,1132.2894287109375,284.43853759765625,1192.26953125,249.35494995117188,1162.2794799804688,70.16717529296875,59.9801025390625
IMG_0039.mp4,247,8.241566666666667,29.97002997002997,174,2,traffic_signs,0.9249619245529175,342.5846862792969,1186.824951171875,435.61846923828125,1253.7991943359375,389.10157775878906,1220.3120727539062,93.03378295898438,66.9742431640625
IMG_0039.mp4,247,8.241566666666667,29.97002997002997,206,2,traffic_signs,0.8457865118980408,218.7230987548828,1132.133056640625,290.5182189941406,1193.5831298828125,254.62065887451172,1162.8580932617188,71.79512023925781,61.4500732421875
IMG_0039.mp4,247,8.241566666666667,29.97002997002997,238,2,traffic_signs,0.31854477524757385,853.0375366210938,1433.57958984375,926.5121459960938,1472.6236572265625,889.7748413085938,1453.1016235351562,73.474609375,39.0440673828125
IMG_0039.mp4,248,8.274933333333333,29.97002997002997,174,2,traffic_signs,0.9262661337852478,348.49493408203125,1185.03076171875,441.7982177734375,1254.989501953125,395.1465759277344,1220.0101318359375,93.30328369140625,69.958740234375
IMG_0039.mp4,248,8.274933333333333,29.97002997002997,206,2,traffic_signs,0.4031396210193634,221.86964416503906,1132.1822509765625,296.4654846191406,1194.2996826171875,259.16756439208984,1163.240966796875,74.59584045410156,62.117431640625
IMG_0039.mp4,248,8.274933333333333,29.97002997002997,238,2,traffic_signs,0.57122403383255,843.5128784179688,1434.57421875,918.0250854492188,1474.36767578125,880.7689819335938,1454.470947265625,74.51220703125,39.79345703125
IMG_0039.mp4,249,8.308300000000001,29.97002997002997,174,2,traffic_signs,0.9349055886268616,357.69696044921875,1183.864990234375,449.0037536621094,1255.4818115234375,403.35035705566406,1219.6734008789062,91.30679321289062,71.6168212890625
IMG_0039.mp4,249,8.308300000000001,29.97002997002997,206,2,traffic_signs,0.845434308052063,230.5764617919922,1133.2955322265625,303.7913818359375,1195.580078125,267.18392181396484,1164.4378051757812,73.21492004394531,62.2845458984375
IMG_0039.mp4,249,8.308300000000001,29.97002997002997,238,2,traffic_signs,0.6715689897537231,835.5587768554688,1434.74755859375,910.0397338867188,1475.1983642578125,872.7992553710938,1454.9729614257812,74.48095703125,40.4508056640625
IMG_0039.mp4,250,8.341666666666667,29.97002997002997,174,2,traffic_signs,0.7633891701698303,361.9676208496094,1183.8983154296875,453.235595703125,1256.3394775390625,407.6016082763672,1220.118896484375,91.26797485351562,72.441162109375
IMG_0039.mp4,250,8.341666666666667,29.97002997002997,206,2,traffic_signs,0.7347308993339539,238.2427978515625,1134.5589599609375,311.0240173339844,1196.35986328125,274.63340759277344,1165.4594116210938,72.78121948242188,61.8009033203125
IMG_0039.mp4,250,8.341666666666667,29.97002997002997,238,2,traffic_signs,0.35458725690841675,826.5096435546875,1434.4405517578125,903.148681640625,1476.414794921875,864.8291625976562,1455.4276733398438,76.6390380859375,41.9742431640625
IMG_0039.mp4,251,8.375033333333333,29.97002997002997,174,2,traffic_signs,0.9126781225204468,368.66119384765625,1182.8912353515625,461.04071044921875,1257.8961181640625,414.8509521484375,1220.3936767578125,92.3795166015625,75.0048828125
IMG_0039.mp4,251,8.375033333333333,29.97002997002997,206,2,traffic_signs,0.686458945274353,245.7537078857422,1136.4488525390625,320.5206298828125,1198.0986328125,283.13716888427734,1167.2737426757812,74.76692199707031,61.6497802734375
IMG_0039.mp4,252,8.4084,29.97002997002997,174,2,traffic_signs,0.9279789924621582,374.67169189453125,1181.0655517578125,470.6075134277344,1258.1043701171875,422.6396026611328,1219.5849609375,95.93582153320312,77.038818359375
IMG_0039.mp4,252,8.4084,29.97002997002997,206,2,traffic_signs,0.8106101155281067,254.85374450683594,1135.798828125,326.9278869628906,1198.5447998046875,290.8908157348633,1167.1718139648438,72.07414245605469,62.7459716796875
IMG_0039.mp4,252,8.4084,29.97002997002997,238,2,traffic_signs,0.28360435366630554,810.958740234375,1434.33984375,888.4300537109375,1477.6290283203125,849.6943969726562,1455.9844360351562,77.4713134765625,43.2891845703125
IMG_0039.mp4,253,8.441766666666666,29.97002997002997,174,2,traffic_signs,0.7325124740600586,382.9902648925781,1180.898193359375,478.2281494140625,1257.89208984375,430.6092071533203,1219.3951416015625,95.23788452148438,76.993896484375
IMG_0039.mp4,253,8.441766666666666,29.97002997002997,206,2,traffic_signs,0.44835665822029114,262.1128234863281,1135.1982421875,332.9878234863281,1198.3265380859375,297.5503234863281,1166.7623901367188,70.875,63.1282958984375
IMG_0039.mp4,254,8.475133333333334,29.97002997002997,174,2,traffic_signs,0.8893659114837646,387.51507568359375,1179.41943359375,489.11151123046875,1256.8046875,438.31329345703125,1218.112060546875,101.596435546875,77.38525390625
IMG_0039.mp4,255,8.5085,29.97002997002997,174,2,traffic_signs,0.7789629101753235,421.1001892089844,1182.7818603515625,501.5976257324219,1255.3482666015625,461.3489074707031,1219.0650634765625,80.4974365234375,72.56640625
IMG_0039.mp4,256,8.541866666666667,29.97002997002997,174,2,traffic_signs,0.7670081853866577,419.9649353027344,1179.3741455078125,506.8715515136719,1257.9024658203125,463.4182434082031,1218.6383056640625,86.9066162109375,78.5283203125
IMG_0039.mp4,256,8.541866666666667,29.97002997002997,206,2,traffic_signs,0.8400054574012756,289.0314025878906,1136.7164306640625,365.1972351074219,1200.1907958984375,327.11431884765625,1168.45361328125,76.16583251953125,63.474365234375
IMG_0039.mp4,257,8.575233333333333,29.97002997002997,174,2,traffic_signs,0.9154343008995056,420.8346252441406,1178.3154296875,515.63330078125,1257.8841552734375,468.2339630126953,1218.0997924804688,94.79867553710938,79.5687255859375
IMG_0039.mp4,257,8.575233333333333,29.97002997002997,206,2,traffic_signs,0.789361834526062,298.8924560546875,1137.4554443359375,375.27783203125,1201.4073486328125,337.08514404296875,1169.431396484375,76.3853759765625,63.951904296875
IMG_0039.mp4,258,8.608600000000001,29.97002997002997,174,2,traffic_signs,0.8301142454147339,430.3138427734375,1178.4991455078125,525.9989013671875,1258.294189453125,478.1563720703125,1218.3966674804688,95.68505859375,79.7950439453125
IMG_0039.mp4,258,8.608600000000001,29.97002997002997,206,2,traffic_signs,0.6705713868141174,311.0035095214844,1137.58544921875,386.8280029296875,1203.130859375,348.91575622558594,1170.358154296875,75.82449340820312,65.54541015625
IMG_0039.mp4,259,8.641966666666667,29.97002997002997,174,2,traffic_signs,0.9152626991271973,439.60845947265625,1178.6524658203125,534.5770263671875,1258.882080078125,487.0927429199219,1218.7672729492188,94.96856689453125,80.2296142578125
IMG_0039.mp4,259,8.641966666666667,29.97002997002997,206,2,traffic_signs,0.6030009388923645,323.3092041015625,1137.6619873046875,397.8104553222656,1201.8870849609375,360.55982971191406,1169.7745361328125,74.50125122070312,64.22509765625
IMG_0039.mp4,260,8.675333333333333,29.97002997002997,174,2,traffic_signs,0.9239053726196289,451.66558837890625,1180.765625,544.5100708007812,1259.5849609375,498.08782958984375,1220.17529296875,92.844482421875,78.8193359375
IMG_0039.mp4,260,8.675333333333333,29.97002997002997,206,2,traffic_signs,0.5505717396736145,335.5651550292969,1139.7830810546875,410.035888671875,1203.5452880859375,372.80052185058594,1171.6641845703125,74.47073364257812,63.76220703125
IMG_0039.mp4,261,8.7087,29.97002997002997,174,2,traffic_signs,0.9032641649246216,463.71697998046875,1182.2508544921875,557.8909912109375,1259.902587890625,510.8039855957031,1221.0767211914062,94.17401123046875,77.6517333984375
IMG_0039.mp4,261,8.7087,29.97002997002997,206,2,traffic_signs,0.7775624394416809,346.1561279296875,1140.2001953125,422.3492126464844,1204.588134765625,384.25267028808594,1172.3941650390625,76.19308471679688,64.387939453125
IMG_0039.mp4,262,8.742066666666666,29.97002997002997,174,2,traffic_signs,0.9069679975509644,477.53277587890625,1181.9771728515625,567.9741821289062,1258.4365234375,522.7534790039062,1220.2068481445312,90.44140625,76.4593505859375
IMG_0039.mp4,262,8.742066666666666,29.97002997002997,206,2,traffic_signs,0.5849905014038086,358.1175231933594,1140.1953125,434.447265625,1205.275634765625,396.2823944091797,1172.7354736328125,76.32974243164062,65.080322265625
IMG_0039.mp4,263,8.775433333333334,29.97002997002997,174,2,traffic_signs,0.5395907759666443,490.0086364746094,1181.0152587890625,579.5017700195312,1258.4686279296875,534.7552032470703,1219.741943359375,89.49313354492188,77.453369140625
IMG_0039.mp4,263,8.775433333333334,29.97002997002997,206,2,traffic_signs,0.8071473240852356,371.94439697265625,1140.162109375,448.0864562988281,1204.8831787109375,410.0154266357422,1172.5226440429688,76.14205932617188,64.7210693359375
IMG_0039.mp4,264,8.8088,29.97002997002997,174,2,traffic_signs,0.8959715366363525,505.08306884765625,1183.3818359375,590.046142578125,1258.8419189453125,547.5646057128906,1221.1118774414062,84.96307373046875,75.4600830078125
IMG_0039.mp4,264,8.8088,29.97002997002997,206,2,traffic_signs,0.8257099390029907,387.74664306640625,1139.756591796875,461.0802307128906,1205.24658203125,424.41343688964844,1172.5015869140625,73.33358764648438,65.489990234375
IMG_0039.mp4,265,8.842166666666667,29.97002997002997,174,2,traffic_signs,0.9144436120986938,518.7136840820312,1183.6854248046875,603.9685668945312,1259.656005859375,561.3411254882812,1221.6707153320312,85.2548828125,75.9705810546875
IMG_0039.mp4,265,8.842166666666667,29.97002997002997,206,2,traffic_signs,0.8514688611030579,402.6817932128906,1140.8634033203125,475.4051818847656,1207.2457275390625,439.0434875488281,1174.0545654296875,72.723388671875,66.38232421875
IMG_0039.mp4,266,8.875533333333333,29.97002997002997,174,2,traffic_signs,0.5947597622871399,530.0195922851562,1184.462890625,617.839111328125,1260.642822265625,573.9293518066406,1222.5528564453125,87.81951904296875,76.179931640625
IMG_0039.mp4,266,8.875533333333333,29.97002997002997,206,2,traffic_signs,0.4220729470252991,416.799072265625,1142.42333984375,489.9603271484375,1207.7742919921875,453.37969970703125,1175.0988159179688,73.1612548828125,65.3509521484375
IMG_0039.mp4,267,8.908900000000001,29.97002997002997,174,2,traffic_signs,0.9134598970413208,545.9080200195312,1187.1142578125,631.7738037109375,1260.025634765625,588.8409118652344,1223.5699462890625,85.86578369140625,72.911376953125
IMG_0039.mp4,267,8.908900000000001,29.97002997002997,206,2,traffic_signs,0.8395864367485046,432.2532958984375,1143.1766357421875,503.6414489746094,1207.8516845703125,467.94737243652344,1175.51416015625,71.38815307617188,64.675048828125
IMG_0039.mp4,268,8.942266666666667,29.97002997002997,174,2,traffic_signs,0.906913697719574,561.8826293945312,1186.808349609375,645.8413696289062,1260.23681640625,603.8619995117188,1223.5225830078125,83.958740234375,73.428466796875
IMG_0039.mp4,268,8.942266666666667,29.97002997002997,206,2,traffic_signs,0.8359749913215637,449.1902160644531,1144.705810546875,520.3320922851562,1210.8843994140625,484.7611541748047,1177.7951049804688,71.14187622070312,66.1785888671875
IMG_0039.mp4,269,8.975633333333333,29.97002997002997,174,2,traffic_signs,0.8914526700973511,576.60888671875,1187.11572265625,661.2039794921875,1260.58740234375,618.9064331054688,1223.8515625,84.5950927734375,73.4716796875
IMG_0039.mp4,269,8.975633333333333,29.97002997002997,206,2,traffic_signs,0.7652748823165894,463.9400939941406,1144.3004150390625,534.1697387695312,1211.4810791015625,499.05491638183594,1177.8907470703125,70.22964477539062,67.1806640625
IMG_0039.mp4,270,9.009,29.97002997002997,174,2,traffic_signs,0.894947350025177,591.84033203125,1186.88818359375,676.1124267578125,1260.8924560546875,633.9763793945312,1223.8903198242188,84.2720947265625,74.0042724609375
IMG_0039.mp4,270,9.009,29.97002997002997,206,2,traffic_signs,0.8247671723365784,481.2989501953125,1144.2869873046875,550.0314331054688,1212.6732177734375,515.6651916503906,1178.4801025390625,68.73248291015625,68.38623046875
IMG_0039.mp4,271,9.042366666666666,29.97002997002997,174,2,traffic_signs,0.8057695627212524,607.1024780273438,1190.2506103515625,691.767333984375,1263.1158447265625,649.4349060058594,1226.6832275390625,84.66485595703125,72.865234375
IMG_0039.mp4,271,9.042366666666666,29.97002997002997,206,2,traffic_signs,0.779002845287323,499.52398681640625,1146.101318359375,568.1887817382812,1215.8050537109375,533.8563842773438,1180.9531860351562,68.664794921875,69.7037353515625
IMG_0039.mp4,272,9.075733333333334,29.97002997002997,174,2,traffic_signs,0.8945296406745911,625.4901733398438,1191.40380859375,708.5477294921875,1263.970458984375,667.0189514160156,1227.6871337890625,83.05755615234375,72.566650390625
IMG_0039.mp4,272,9.075733333333334,29.97002997002997,206,2,traffic_signs,0.7231590151786804,516.1204223632812,1146.955322265625,584.34521484375,1215.5362548828125,550.2328186035156,1181.2457885742188,68.22479248046875,68.5809326171875
IMG_0039.mp4,272,9.075733333333334,29.97002997002997,252,2,traffic_signs,0.5971764326095581,819.310546875,1437.89794921875,897.840087890625,1482.60498046875,858.5753173828125,1460.25146484375,78.529541015625,44.70703125
IMG_0039.mp4,273,9.1091,29.97002997002997,174,2,traffic_signs,0.8855859041213989,635.8020629882812,1189.8634033203125,723.6229248046875,1264.0302734375,679.7124938964844,1226.9468383789062,87.82086181640625,74.1668701171875
IMG_0039.mp4,273,9.1091,29.97002997002997,206,2,traffic_signs,0.6811819076538086,531.7667846679688,1146.7459716796875,598.7686767578125,1213.603271484375,565.2677307128906,1180.1746215820312,67.00189208984375,66.8572998046875
IMG_0039.mp4,273,9.1091,29.97002997002997,252,2,traffic_signs,0.2522353529930115,825.3707275390625,1436.19677734375,906.0164794921875,1481.9024658203125,865.693603515625,1459.0496215820312,80.645751953125,45.7056884765625
IMG_0039.mp4,274,9.142466666666667,29.97002997002997,174,2,traffic_signs,0.8734554052352905,652.7721557617188,1191.0223388671875,739.2533569335938,1264.519775390625,696.0127563476562,1227.7710571289062,86.481201171875,73.4974365234375
IMG_0039.mp4,274,9.142466666666667,29.97002997002997,206,2,traffic_signs,0.5171687006950378,549.8287353515625,1147.428955078125,617.3916015625,1213.2176513671875,583.6101684570312,1180.3233032226562,67.5628662109375,65.7886962890625
IMG_0039.mp4,275,9.175833333333333,29.97002997002997,174,2,traffic_signs,0.865593433380127,676.3062133789062,1193.838134765625,757.9157104492188,1265.20654296875,717.1109619140625,1229.5223388671875,81.6094970703125,71.368408203125
IMG_0039.mp4,275,9.175833333333333,29.97002997002997,206,2,traffic_signs,0.8044434189796448,572.4555053710938,1150.2265625,638.182373046875,1214.227294921875,605.3189392089844,1182.2269287109375,65.72686767578125,64.000732421875
IMG_0039.mp4,276,9.209200000000001,29.97002997002997,174,2,traffic_signs,0.8778457641601562,692.841796875,1193.4879150390625,774.4085693359375,1265.5279541015625,733.6251831054688,1229.5079345703125,81.5667724609375,72.0400390625
IMG_0039.mp4,276,9.209200000000001,29.97002997002997,206,2,traffic_signs,0.6193791031837463,589.5100708007812,1149.266845703125,653.4012451171875,1211.988525390625,621.4556579589844,1180.627685546875,63.89117431640625,62.7216796875
IMG_0039.mp4,277,9.242566666666667,29.97002997002997,174,2,traffic_signs,0.8381669521331787,709.2491455078125,1194.77490234375,790.4295043945312,1266.2406005859375,749.8393249511719,1230.5077514648438,81.18035888671875,71.4656982421875
IMG_0039.mp4,277,9.242566666666667,29.97002997002997,206,2,traffic_signs,0.77690589427948,606.2188720703125,1150.095947265625,670.8003540039062,1214.8179931640625,638.5096130371094,1182.4569702148438,64.58148193359375,64.7220458984375
IMG_0039.mp4,278,9.275933333333333,29.97002997002997,174,2,traffic_signs,0.8732272982597351,723.6477661132812,1194.7879638671875,808.8311767578125,1266.49560546875,766.2394714355469,1230.6417846679688,85.18341064453125,71.7076416015625
IMG_0039.mp4,278,9.275933333333333,29.97002997002997,206,2,traffic_signs,0.6188278794288635,620.4730224609375,1150.4168701171875,688.7515258789062,1218.0328369140625,654.6122741699219,1184.224853515625,68.27850341796875,67.615966796875
IMG_0039.mp4,279,9.3093,29.97002997002997,206,2,traffic_signs,0.8336055874824524,641.2770385742188,1152.0213623046875,706.89404296875,1216.8668212890625,674.0855407714844,1184.444091796875,65.61700439453125,64.845458984375
IMG_0039.mp4,280,9.342666666666666,29.97002997002997,174,2,traffic_signs,0.8191406726837158,762.4718017578125,1196.7667236328125,844.6975708007812,1267.4085693359375,803.5846862792969,1232.087646484375,82.22576904296875,70.641845703125
IMG_0039.mp4,281,9.376033333333334,29.97002997002997,174,2,traffic_signs,0.8142586946487427,779.0657958984375,1195.1409912109375,863.0217895507812,1270.4959716796875,821.0437927246094,1232.8184814453125,83.95599365234375,75.35498046875
IMG_0039.mp4,281,9.376033333333334,29.97002997002997,252,2,traffic_signs,0.6573032736778259,909.9278564453125,1438.9268798828125,990.387939453125,1485.48876953125,950.1578979492188,1462.2078247070312,80.4600830078125,46.5618896484375
IMG_0039.mp4,281,9.376033333333334,29.97002997002997,206,2,traffic_signs,0.7230278253555298,681.3958129882812,1155.8087158203125,745.5372314453125,1221.68701171875,713.4665222167969,1188.7478637695312,64.14141845703125,65.8782958984375
IMG_0039.mp4,282,9.4094,29.97002997002997,174,2,traffic_signs,0.8639014959335327,796.1087036132812,1197.397216796875,880.6981201171875,1270.7041015625,838.4034118652344,1234.0506591796875,84.58941650390625,73.306884765625
IMG_0039.mp4,282,9.4094,29.97002997002997,252,2,traffic_signs,0.5303569436073303,923.40380859375,1439.4158935546875,1003.1587524414062,1485.1044921875,963.2812805175781,1462.2601928710938,79.75494384765625,45.6885986328125
IMG_0039.mp4,282,9.4094,29.97002997002997,206,2,traffic_signs,0.7729858756065369,704.1995849609375,1157.781494140625,765.9581298828125,1221.3050537109375,735.078857421875,1189.5432739257812,61.758544921875,63.5235595703125
IMG_0039.mp4,283,9.442766666666667,29.97002997002997,174,2,traffic_signs,0.7879700660705566,814.5609741210938,1198.1319580078125,894.90966796875,1269.9267578125,854.7353210449219,1234.0293579101562,80.34869384765625,71.7947998046875
IMG_0039.mp4,283,9.442766666666667,29.97002997002997,252,2,traffic_signs,0.7029637694358826,935.6307373046875,1439.887451171875,1016.4492797851562,1486.9971923828125,976.0400085449219,1463.4423217773438,80.81854248046875,47.1097412109375
IMG_0039.mp4,283,9.442766666666667,29.97002997002997,206,2,traffic_signs,0.8386863470077515,720.43359375,1157.4620361328125,784.0106201171875,1221.4276123046875,752.2221069335938,1189.44482421875,63.5770263671875,63.965576171875
IMG_0039.mp4,284,9.476133333333333,29.97002997002997,174,2,traffic_signs,0.6715944409370422,832.6768188476562,1197.236328125,909.6246337890625,1269.905517578125,871.1507263183594,1233.5709228515625,76.94781494140625,72.669189453125
IMG_0039.mp4,284,9.476133333333333,29.97002997002997,206,2,traffic_signs,0.7828578948974609,739.3872680664062,1157.022705078125,803.2122802734375,1222.473876953125,771.2997741699219,1189.748291015625,63.82501220703125,65.451171875
IMG_0039.mp4,285,9.509500000000001,29.97002997002997,174,2,traffic_signs,0.8077384829521179,852.040771484375,1196.844970703125,927.886962890625,1268.4974365234375,889.9638671875,1232.6712036132812,75.84619140625,71.6524658203125
IMG_0039.mp4,285,9.509500000000001,29.97002997002997,206,2,traffic_signs,0.8313840627670288,758.2542724609375,1156.645751953125,821.666015625,1220.9376220703125,789.9601440429688,1188.7916870117188,63.4117431640625,64.2918701171875
IMG_0039.mp4,286,9.542866666666667,29.97002997002997,174,2,traffic_signs,0.7855533957481384,875.6748657226562,1198.7879638671875,945.7421264648438,1269.0914306640625,910.70849609375,1233.939697265625,70.0672607421875,70.303466796875
IMG_0039.mp4,286,9.542866666666667,29.97002997002997,206,2,traffic_signs,0.5943285226821899,781.223388671875,1158.2738037109375,841.9887084960938,1219.5067138671875,811.6060485839844,1188.8902587890625,60.76531982421875,61.23291015625
IMG_0039.mp4,287,9.576233333333333,29.97002997002997,174,2,traffic_signs,0.8171454668045044,893.8905029296875,1200.3363037109375,965.7985229492188,1269.61474609375,929.8445129394531,1234.9755249023438,71.90802001953125,69.2784423828125
IMG_0039.mp4,287,9.576233333333333,29.97002997002997,206,2,traffic_signs,0.7786435484886169,801.3551025390625,1160.8531494140625,863.3876953125,1220.169189453125,832.3713989257812,1190.5111694335938,62.0325927734375,59.3160400390625
IMG_0039.mp4,288,9.6096,29.97002997002997,174,2,traffic_signs,0.8608248233795166,914.3773803710938,1202.742431640625,985.7511596679688,1270.8765869140625,950.0642700195312,1236.8095092773438,71.373779296875,68.1341552734375
IMG_0039.mp4,288,9.6096,29.97002997002997,206,2,traffic_signs,0.7596818804740906,821.154052734375,1162.3743896484375,883.2559204101562,1224.042724609375,852.2049865722656,1193.2085571289062,62.10186767578125,61.6683349609375
IMG_0039.mp4,288,9.6096,29.97002997002997,263,1,traffic_lights,0.7247991561889648,306.46881103515625,787.3453979492188,388.89178466796875,895.8338623046875,347.6802978515625,841.5896301269531,82.4229736328125,108.48846435546875
IMG_0039.mp4,289,9.642966666666666,29.97002997002997,174,2,traffic_signs,0.8516135215759277,934.1422119140625,1204.606689453125,1008.8355712890625,1271.0152587890625,971.4888916015625,1237.8109741210938,74.693359375,66.4085693359375
IMG_0039.mp4,289,9.642966666666666,29.97002997002997,206,2,traffic_signs,0.7899609804153442,840.8319091796875,1164.5526123046875,903.932373046875,1226.606689453125,872.3821411132812,1195.5796508789062,63.1004638671875,62.0540771484375
IMG_0039.mp4,289,9.642966666666666,29.97002997002997,263,1,traffic_lights,0.6906918883323669,331.68524169921875,789.1399536132812,411.9779052734375,897.3154907226562,371.8315734863281,843.2277221679688,80.29266357421875,108.175537109375
IMG_0039.mp4,290,9.676333333333334,29.97002997002997,174,2,traffic_signs,0.722577691078186,958.77734375,1207.3619384765625,1029.8731689453125,1271.7413330078125,994.3252563476562,1239.5516357421875,71.0958251953125,64.37939453125
IMG_0039.mp4,290,9.676333333333334,29.97002997002997,206,2,traffic_signs,0.6877041459083557,862.5794067382812,1166.992431640625,923.9027709960938,1225.771240234375,893.2410888671875,1196.3818359375,61.3233642578125,58.77880859375
IMG_0039.mp4,290,9.676333333333334,29.97002997002997,263,1,traffic_lights,0.6328258514404297,359.8570556640625,792.6747436523438,440.7266845703125,901.8455200195312,400.2918701171875,847.2601318359375,80.86962890625,109.1707763671875
IMG_0039.mp4,291,9.7097,29.97002997002997,174,2,traffic_signs,0.8312804102897644,977.8441772460938,1207.9007568359375,1048.152099609375,1273.1285400390625,1012.9981384277344,1240.5146484375,70.30792236328125,65.227783203125
IMG_0039.mp4,291,9.7097,29.97002997002997,206,2,traffic_signs,0.829063355922699,884.8890380859375,1168.1307373046875,944.3607177734375,1228.552490234375,914.6248779296875,1198.3416137695312,59.4716796875,60.4217529296875
IMG_0039.mp4,291,9.7097,29.97002997002997,263,1,traffic_lights,0.8193270564079285,386.9036865234375,798.141845703125,464.82470703125,905.5543823242188,425.86419677734375,851.8481140136719,77.9210205078125,107.41253662109375
IMG_0039.mp4,292,9.743066666666667,29.97002997002997,174,2,traffic_signs,0.7973172068595886,996.7002563476562,1209.619140625,1065.8865966796875,1276.290283203125,1031.2934265136719,1242.9547119140625,69.18634033203125,66.671142578125
IMG_0039.mp4,292,9.743066666666667,29.97002997002997,206,2,traffic_signs,0.7057294249534607,906.2442016601562,1169.3819580078125,965.3450317382812,1230.8680419921875,935.7946166992188,1200.125,59.100830078125,61.486083984375
IMG_0039.mp4,292,9.743066666666667,29.97002997002997,263,1,traffic_lights,0.6828747391700745,414.5923767089844,802.754638671875,490.9979553222656,909.2713623046875,452.795166015625,856.0130004882812,76.40557861328125,106.5167236328125
IMG_0039.mp4,293,9.776433333333333,29.97002997002997,174,2,traffic_signs,0.9012379050254822,1014.9778442382812,1211.3255615234375,1085.0052490234375,1277.5914306640625,1049.9915466308594,1244.45849609375,70.02740478515625,66.265869140625
IMG_0039.mp4,293,9.776433333333333,29.97002997002997,206,2,traffic_signs,0.7273436784744263,927.9110107421875,1170.5281982421875,985.5830078125,1233.7691650390625,956.7470092773438,1202.148681640625,57.6719970703125,63.240966796875
IMG_0039.mp4,293,9.776433333333333,29.97002997002997,263,1,traffic_lights,0.5244543552398682,442.9613037109375,807.7981567382812,516.2734375,913.5847778320312,479.61737060546875,860.6914672851562,73.3121337890625,105.78662109375
IMG_0039.mp4,293,9.776433333333333,29.97002997002997,273,2,traffic_signs,0.9258647561073303,0.0,883.6450805664062,83.40094757080078,1075.708984375,41.70047378540039,979.6770324707031,83.40094757080078,192.06390380859375
IMG_0039.mp4,294,9.809800000000001,29.97002997002997,174,2,traffic_signs,0.8287459015846252,1036.3399658203125,1211.209716796875,1105.292236328125,1279.0499267578125,1070.8161010742188,1245.1298217773438,68.9522705078125,67.8402099609375
IMG_0039.mp4,294,9.809800000000001,29.97002997002997,206,2,traffic_signs,0.8075281977653503,950.4796142578125,1172.54931640625,1006.7216186523438,1234.8575439453125,978.6006164550781,1203.7034301757812,56.24200439453125,62.3082275390625
IMG_0039.mp4,294,9.809800000000001,29.97002997002997,263,1,traffic_lights,0.8293744921684265,469.0977783203125,814.8658447265625,539.154296875,916.3646240234375,504.12603759765625,865.615234375,70.0565185546875,101.498779296875
IMG_0039.mp4,294,9.809800000000001,29.97002997002997,273,2,traffic_signs,0.9468028545379639,0.0,880.65576171875,103.4652099609375,1074.4483642578125,51.73260498046875,977.5520629882812,103.4652099609375,193.7926025390625
IMG_0039.mp4,295,9.843166666666667,29.97002997002997,174,2,traffic_signs,0.8427748084068298,1058.747802734375,1213.0391845703125,1128.259521484375,1281.1082763671875,1093.503662109375,1247.07373046875,69.51171875,68.069091796875
IMG_0039.mp4,295,9.843166666666667,29.97002997002997,206,2,traffic_signs,0.7692358493804932,972.5494384765625,1172.652587890625,1028.6741943359375,1234.1695556640625,1000.61181640625,1203.4110717773438,56.124755859375,61.5169677734375
IMG_0039.mp4,295,9.843166666666667,29.97002997002997,263,1,traffic_lights,0.8824291229248047,496.92169189453125,816.4551391601562,565.5108032226562,920.5269775390625,531.2162475585938,868.4910583496094,68.589111328125,104.07183837890625
IMG_0039.mp4,295,9.843166666666667,29.97002997002997,273,2,traffic_signs,0.949669361114502,0.0,881.2324829101562,124.31948852539062,1073.296142578125,62.15974426269531,977.2643127441406,124.31948852539062,192.06365966796875
IMG_0039.mp4,296,9.876533333333333,29.97002997002997,174,2,traffic_signs,0.8902146816253662,1085.44140625,1215.84033203125,1153.775146484375,1283.35302734375,1119.6082763671875,1249.5966796875,68.333740234375,67.5126953125
IMG_0039.mp4,296,9.876533333333333,29.97002997002997,206,2,traffic_signs,0.7097449898719788,998.1207275390625,1175.38427734375,1054.314697265625,1238.1756591796875,1026.2177124023438,1206.7799682617188,56.1939697265625,62.7913818359375
IMG_0039.mp4,296,9.876533333333333,29.97002997002997,263,1,traffic_lights,0.8180044889450073,526.3599853515625,822.7457885742188,595.2191162109375,926.1088256835938,560.78955078125,874.4273071289062,68.859130859375,103.363037109375
IMG_0039.mp4,296,9.876533333333333,29.97002997002997,273,2,traffic_signs,0.9465435743331909,4.1014323234558105,884.3649291992188,152.3404541015625,1077.2547607421875,78.22094321250916,980.8098449707031,148.2390217781067,192.88983154296875
IMG_0039.mp4,296,9.876533333333333,29.97002997002997,276,2,traffic_signs,0.6246037483215332,459.43609619140625,1370.0594482421875,519.7200927734375,1388.69970703125,489.5780944824219,1379.3795776367188,60.28399658203125,18.6402587890625
IMG_0039.mp4,297,9.9099,29.97002997002997,174,2,traffic_signs,0.9054315686225891,1104.794921875,1216.21484375,1173.2012939453125,1283.8466796875,1138.9981079101562,1250.03076171875,68.4063720703125,67.6318359375
IMG_0039.mp4,297,9.9099,29.97002997002997,206,2,traffic_signs,0.8138211369514465,1017.8452758789062,1175.468994140625,1070.45947265625,1240.0172119140625,1044.1523742675781,1207.7431030273438,52.61419677734375,64.5482177734375
IMG_0039.mp4,297,9.9099,29.97002997002997,263,1,traffic_lights,0.8706300258636475,549.6937866210938,825.4494018554688,618.0528564453125,927.3580932617188,583.8733215332031,876.4037475585938,68.35906982421875,101.90869140625
IMG_0039.mp4,297,9.9099,29.97002997002997,273,2,traffic_signs,0.9095727205276489,2.2263591289520264,884.0216064453125,171.6468505859375,1070.3359375,86.93660485744476,977.1787719726562,169.42049145698547,186.3143310546875
IMG_0039.mp4,298,9.943266666666666,29.97002997002997,174,2,traffic_signs,0.8457173705101013,1128.3485107421875,1218.1942138671875,1193.276611328125,1284.9127197265625,1160.8125610351562,1251.553466796875,64.9281005859375,66.718505859375
IMG_0039.mp4,298,9.943266666666666,29.97002997002997,206,2,traffic_signs,0.8267986178398132,1042.5213623046875,1177.9110107421875,1096.0130615234375,1241.3251953125,1069.2672119140625,1209.6181030273438,53.49169921875,63.4141845703125
IMG_0039.mp4,298,9.943266666666666,29.97002997002997,263,1,traffic_lights,0.8484728932380676,579.3838500976562,831.4528198242188,647.85791015625,932.4384765625,613.6208801269531,881.9456481933594,68.47406005859375,100.98565673828125
IMG_0039.mp4,299,9.976633333333334,29.97002997002997,174,2,traffic_signs,0.8801377415657043,1148.7188720703125,1219.97802734375,1213.5347900390625,1284.8837890625,1181.1268310546875,1252.430908203125,64.81591796875,64.90576171875
IMG_0039.mp4,299,9.976633333333334,29.97002997002997,206,2,traffic_signs,0.7333065867424011,1065.2718505859375,1179.2872314453125,1116.2811279296875,1239.8453369140625,1090.7764892578125,1209.5662841796875,51.00927734375,60.55810546875
IMG_0039.mp4,299,9.976633333333334,29.97002997002997,263,1,traffic_lights,0.8898783922195435,604.6185913085938,833.5270385742188,671.1366577148438,936.0537109375,637.8776245117188,884.7903747558594,66.51806640625,102.52667236328125
IMG_0039.mp4,300,10.01,29.97002997002997,174,2,traffic_signs,0.8475754261016846,1167.6162109375,1221.51904296875,1233.5694580078125,1284.4342041015625,1200.5928344726562,1252.9766235351562,65.9532470703125,62.9151611328125
IMG_0039.mp4,300,10.01,29.97002997002997,273,2,traffic_signs,0.8721522688865662,11.185540199279785,888.0728759765625,242.72064208984375,1074.63671875,126.95309114456177,981.3547973632812,231.53510189056396,186.5638427734375
IMG_0039.mp4,301,10.043366666666667,29.97002997002997,174,2,traffic_signs,0.8474744558334351,1188.7958984375,1222.48291015625,1254.9117431640625,1282.2359619140625,1221.8538208007812,1252.3594360351562,66.1158447265625,59.7530517578125
IMG_0039.mp4,301,10.043366666666667,29.97002997002997,273,2,traffic_signs,0.9408773183822632,10.149520874023438,889.1678466796875,263.1141052246094,1076.0350341796875,136.6318130493164,982.6014404296875,252.96458435058594,186.8671875
IMG_0039.mp4,301,10.043366666666667,29.97002997002997,263,1,traffic_lights,0.8659443259239197,653.4073486328125,839.5117797851562,721.6697387695312,938.8385620117188,687.5385437011719,889.1751708984375,68.26239013671875,99.3267822265625
IMG_0039.mp4,302,10.076733333333333,29.97002997002997,174,2,traffic_signs,0.8266768455505371,1206.8818359375,1218.62744140625,1272.4376220703125,1282.7613525390625,1239.6597290039062,1250.6943969726562,65.5557861328125,64.1339111328125
IMG_0039.mp4,302,10.076733333333333,29.97002997002997,273,2,traffic_signs,0.934316873550415,8.137090682983398,885.5982666015625,280.3373718261719,1074.2821044921875,144.23723125457764,979.940185546875,272.2002811431885,188.683837890625
IMG_0039.mp4,302,10.076733333333333,29.97002997002997,263,1,traffic_lights,0.8853054046630859,675.3067626953125,837.847900390625,744.1370849609375,937.802978515625,709.721923828125,887.825439453125,68.830322265625,99.955078125
IMG_0039.mp4,302,10.076733333333333,29.97002997002997,206,2,traffic_signs,0.6559982895851135,1128.887451171875,1181.11572265625,1179.325927734375,1238.1849365234375,1154.106689453125,1209.6503295898438,50.4384765625,57.0692138671875
IMG_0039.mp4,303,10.110100000000001,29.97002997002997,174,2,traffic_signs,0.38373106718063354,1228.370361328125,1218.546875,1282.0694580078125,1281.833984375,1255.2199096679688,1250.1904296875,53.6990966796875,63.287109375
IMG_0039.mp4,303,10.110100000000001,29.97002997002997,273,2,traffic_signs,0.9461533427238464,19.7530460357666,885.6332397460938,298.5936279296875,1074.2716064453125,159.17333698272705,979.9524230957031,278.8405818939209,188.63836669921875
IMG_0039.mp4,303,10.110100000000001,29.97002997002997,263,1,traffic_lights,0.882362961769104,699.3037109375,838.6575927734375,766.1589965820312,938.9390258789062,732.7313537597656,888.7983093261719,66.85528564453125,100.28143310546875
IMG_0039.mp4,303,10.110100000000001,29.97002997002997,206,2,traffic_signs,0.7485539317131042,1149.6378173828125,1180.1912841796875,1196.6614990234375,1236.90966796875,1173.149658203125,1208.5504760742188,47.023681640625,56.7183837890625
IMG_0039.mp4,304,10.143466666666667,29.97002997002997,174,2,traffic_signs,0.6325597167015076,1249.017822265625,1222.5123291015625,1301.0101318359375,1282.9991455078125,1275.0139770507812,1252.7557373046875,51.9923095703125,60.48681640625
IMG_0039.mp4,304,10.143466666666667,29.97002997002997,273,2,traffic_signs,0.9384663105010986,41.81402587890625,890.7364501953125,321.12298583984375,1078.64892578125,181.468505859375,984.6926879882812,279.3089599609375,187.9124755859375
IMG_0039.mp4,304,10.143466666666667,29.97002997002997,263,1,traffic_lights,0.8777593374252319,722.8938598632812,844.8543090820312,786.7075805664062,944.8975219726562,754.8007202148438,894.8759155273438,63.813720703125,100.043212890625
IMG_0039.mp4,304,10.143466666666667,29.97002997002997,206,2,traffic_signs,0.8170256018638611,1167.7791748046875,1181.9312744140625,1212.4927978515625,1238.9794921875,1190.135986328125,1210.4553833007812,44.713623046875,57.0482177734375
IMG_0039.mp4,305,10.176833333333333,29.97002997002997,174,2,traffic_signs,0.7624405026435852,1277.45751953125,1223.882568359375,1330.2530517578125,1285.072021484375,1303.8552856445312,1254.477294921875,52.7955322265625,61.189453125
IMG_0039.mp4,305,10.176833333333333,29.97002997002997,273,2,traffic_signs,0.7620100975036621,78.24494934082031,893.9671020507812,354.0885925292969,1080.893310546875,216.1667709350586,987.4302062988281,275.84364318847656,186.92620849609375
IMG_0039.mp4,305,10.176833333333333,29.97002997002997,263,1,traffic_lights,0.8760995864868164,756.4410400390625,851.2631225585938,820.7412719726562,949.8758544921875,788.5911560058594,900.5694885253906,64.30023193359375,98.61273193359375
IMG_0039.mp4,305,10.176833333333333,29.97002997002997,206,2,traffic_signs,0.8246837258338928,1198.0980224609375,1184.71630859375,1241.2305908203125,1241.068603515625,1219.664306640625,1212.8924560546875,43.132568359375,56.352294921875
IMG_0039.mp4,305,10.176833333333333,29.97002997002997,288,2,traffic_signs,0.4911305606365204,686.7236938476562,1373.7850341796875,740.98779296875,1390.1689453125,713.8557434082031,1381.9769897460938,54.26409912109375,16.3839111328125
IMG_0039.mp4,306,10.2102,29.97002997002997,174,2,traffic_signs,0.8721566200256348,1299.1988525390625,1223.4036865234375,1355.3319091796875,1286.247802734375,1327.265380859375,1254.8257446289062,56.133056640625,62.8441162109375
IMG_0039.mp4,306,10.2102,29.97002997002997,273,2,traffic_signs,0.9398192763328552,100.01325225830078,894.47900390625,373.41552734375,1079.9578857421875,236.7143898010254,987.2184448242188,273.4022750854492,185.4788818359375
IMG_0039.mp4,306,10.2102,29.97002997002997,263,1,traffic_lights,0.8531867265701294,781.2706298828125,853.1622314453125,843.38623046875,950.6793823242188,812.3284301757812,901.9208068847656,62.1156005859375,97.51715087890625
IMG_0039.mp4,306,10.2102,29.97002997002997,206,2,traffic_signs,0.8651681542396545,1217.76611328125,1185.9317626953125,1262.6470947265625,1241.9412841796875,1240.2066040039062,1213.9365234375,44.8809814453125,56.009521484375
IMG_0039.mp4,306,10.2102,29.97002997002997,288,2,traffic_signs,0.38036665320396423,711.2423706054688,1374.62646484375,762.138916015625,1390.569580078125,736.6906433105469,1382.5980224609375,50.89654541015625,15.943115234375
IMG_0039.mp4,307,10.243566666666666,29.97002997002997,174,2,traffic_signs,0.8230791091918945,1319.235595703125,1224.191650390625,1377.950927734375,1287.299072265625,1348.59326171875,1255.745361328125,58.71533203125,63.107421875
IMG_0039.mp4,307,10.243566666666666,29.97002997002997,273,2,traffic_signs,0.8837149739265442,124.07492065429688,895.7412109375,393.7557373046875,1079.30078125,258.9153289794922,987.52099609375,269.6808166503906,183.5595703125
IMG_0039.mp4,307,10.243566666666666,29.97002997002997,263,1,traffic_lights,0.8507446050643921,806.6580810546875,854.6517333984375,867.5660400390625,952.8692016601562,837.112060546875,903.7604675292969,60.907958984375,98.21746826171875
IMG_0039.mp4,307,10.243566666666666,29.97002997002997,206,2,traffic_signs,0.8590162396430969,1237.3436279296875,1186.898193359375,1284.9554443359375,1243.04296875,1261.1495361328125,1214.9705810546875,47.61181640625,56.144775390625
IMG_0039.mp4,308,10.276933333333334,29.97002997002997,174,2,traffic_signs,0.7919247150421143,1341.4949951171875,1224.7593994140625,1400.0736083984375,1288.04248046875,1370.7843017578125,1256.4009399414062,58.57861328125,63.2830810546875
IMG_0039.mp4,308,10.276933333333334,29.97002997002997,273,2,traffic_signs,0.9480041265487671,149.62513732910156,897.5551147460938,416.25634765625,1079.9471435546875,282.9407424926758,988.7511291503906,266.63121032714844,182.39202880859375
IMG_0039.mp4,308,10.276933333333334,29.97002997002997,263,1,traffic_lights,0.850469172000885,831.6119995117188,857.1342163085938,892.57080078125,954.7913818359375,862.0914001464844,905.9627990722656,60.95880126953125,97.65716552734375
IMG_0039.mp4,308,10.276933333333334,29.97002997002997,206,2,traffic_signs,0.8524611592292786,1259.4241943359375,1186.340087890625,1306.191162109375,1243.863525390625,1282.8076782226562,1215.101806640625,46.7669677734375,57.5234375
IMG_0039.mp4,308,10.276933333333334,29.97002997002997,288,2,traffic_signs,0.5742024183273315,760.958740234375,1374.8350830078125,813.0545043945312,1391.074951171875,787.0066223144531,1382.9550170898438,52.09576416015625,16.2398681640625
IMG_0039.mp4,309,10.3103,29.97002997002997,174,2,traffic_signs,0.816413164138794,1363.64892578125,1225.720947265625,1421.5479736328125,1287.2811279296875,1392.5984497070312,1256.5010375976562,57.8990478515625,61.5601806640625
IMG_0039.mp4,309,10.3103,29.97002997002997,273,2,traffic_signs,0.8192394971847534,178.733642578125,898.7484130859375,441.4862060546875,1080.06982421875,310.10992431640625,989.4091186523438,262.7525634765625,181.3214111328125
IMG_0039.mp4,309,10.3103,29.97002997002997,263,1,traffic_lights,0.467311292886734,859.5841064453125,861.9609985351562,918.1979370117188,957.29736328125,888.8910217285156,909.6291809082031,58.61383056640625,95.33636474609375
IMG_0039.mp4,309,10.3103,29.97002997002997,206,2,traffic_signs,0.8606322407722473,1282.6268310546875,1186.544189453125,1329.0340576171875,1243.098388671875,1305.8304443359375,1214.8212890625,46.4072265625,56.55419921875
IMG_0039.mp4,310,10.343666666666667,29.97002997002997,174,2,traffic_signs,0.5783002376556396,1384.209228515625,1225.4476318359375,1442.0826416015625,1288.306396484375,1413.1459350585938,1256.8770141601562,57.8734130859375,62.8587646484375
IMG_0039.mp4,310,10.343666666666667,29.97002997002997,273,2,traffic_signs,0.9426679611206055,199.5892791748047,898.3617553710938,459.8912048339844,1080.792236328125,329.74024200439453,989.5769958496094,260.3019256591797,182.43048095703125
IMG_0039.mp4,310,10.343666666666667,29.97002997002997,263,1,traffic_lights,0.8514698147773743,881.5667724609375,861.8951416015625,940.3992919921875,958.1089477539062,910.9830322265625,910.0020446777344,58.83251953125,96.21380615234375
IMG_0039.mp4,310,10.343666666666667,29.97002997002997,206,2,traffic_signs,0.8693553805351257,1301.429443359375,1185.8780517578125,1349.5716552734375,1242.0865478515625,1325.5005493164062,1213.9822998046875,48.1422119140625,56.20849609375
IMG_0039.mp4,311,10.377033333333333,29.97002997002997,174,2,traffic_signs,0.8347479701042175,1404.9776611328125,1225.668212890625,1465.55712890625,1288.614501953125,1435.2673950195312,1257.141357421875,60.5794677734375,62.9462890625
IMG_0039.mp4,311,10.377033333333333,29.97002997002997,273,2,traffic_signs,0.927981436252594,224.69430541992188,898.6085205078125,482.85968017578125,1081.288330078125,353.77699279785156,989.9484252929688,258.1653747558594,182.6798095703125
IMG_0039.mp4,311,10.377033333333333,29.97002997002997,263,1,traffic_lights,0.8845745325088501,906.0323486328125,863.3260498046875,963.4729614257812,960.5489501953125,934.7526550292969,911.9375,57.44061279296875,97.222900390625
IMG_0039.mp4,311,10.377033333333333,29.97002997002997,206,2,traffic_signs,0.6861053705215454,1325.0728759765625,1186.9490966796875,1372.8076171875,1241.0302734375,1348.9402465820312,1213.9896850585938,47.7347412109375,54.0811767578125
IMG_0039.mp4,312,10.410400000000001,29.97002997002997,174,2,traffic_signs,0.846632182598114,1426.9891357421875,1225.8603515625,1488.6624755859375,1288.926513671875,1457.8258056640625,1257.3934326171875,61.67333984375,63.066162109375
IMG_0039.mp4,312,10.410400000000001,29.97002997002997,273,2,traffic_signs,0.947525680065155,252.5579376220703,899.627197265625,507.23443603515625,1082.1500244140625,379.8961868286133,990.8886108398438,254.67649841308594,182.5228271484375
IMG_0039.mp4,312,10.410400000000001,29.97002997002997,263,1,traffic_lights,0.8931658267974854,932.7807006835938,866.10107421875,987.7933349609375,963.118896484375,960.2870178222656,914.6099853515625,55.01263427734375,97.017822265625
IMG_0039.mp4,312,10.410400000000001,29.97002997002997,206,2,traffic_signs,0.8284919857978821,1345.8580322265625,1187.344482421875,1395.19384765625,1240.8594970703125,1370.5259399414062,1214.1019897460938,49.3358154296875,53.5150146484375
IMG_0039.mp4,313,10.443766666666667,29.97002997002997,174,2,traffic_signs,0.8594681024551392,1446.39208984375,1226.38525390625,1508.0538330078125,1289.1517333984375,1477.2229614257812,1257.7684936523438,61.6617431640625,62.7664794921875
IMG_0039.mp4,313,10.443766666666667,29.97002997002997,273,2,traffic_signs,0.9404279589653015,271.65667724609375,898.0977783203125,525.5092163085938,1081.947021484375,398.58294677734375,990.0223999023438,253.8525390625,183.8492431640625
IMG_0039.mp4,313,10.443766666666667,29.97002997002997,263,1,traffic_lights,0.8865745663642883,953.61376953125,866.0152587890625,1007.9307861328125,964.2036743164062,980.7722778320312,915.1094665527344,54.3170166015625,98.18841552734375
IMG_0039.mp4,313,10.443766666666667,29.97002997002997,206,2,traffic_signs,0.8033581376075745,1365.0162353515625,1188.0946044921875,1413.1002197265625,1242.7679443359375,1389.0582275390625,1215.4312744140625,48.083984375,54.67333984375
IMG_0039.mp4,314,10.477133333333333,29.97002997002997,174,2,traffic_signs,0.8645574450492859,1466.8992919921875,1225.72802734375,1525.968994140625,1288.554931640625,1496.4341430664062,1257.1414794921875,59.0697021484375,62.826904296875
IMG_0039.mp4,314,10.477133333333333,29.97002997002997,273,2,traffic_signs,0.9478750824928284,291.09112548828125,895.275146484375,543.29248046875,1080.2603759765625,417.1918029785156,987.7677612304688,252.20135498046875,184.9852294921875
IMG_0039.mp4,314,10.477133333333333,29.97002997002997,263,1,traffic_lights,0.8509160876274109,975.0396118164062,866.7385864257812,1029.8726806640625,961.4818725585938,1002.4561462402344,914.1102294921875,54.83306884765625,94.7432861328125
IMG_0039.mp4,314,10.477133333333333,29.97002997002997,206,2,traffic_signs,0.8526433706283569,1384.8328857421875,1186.757080078125,1433.1383056640625,1242.023681640625,1408.985595703125,1214.390380859375,48.305419921875,55.2666015625
IMG_0039.mp4,315,10.5105,29.97002997002997,174,2,traffic_signs,0.8733505606651306,1489.2772216796875,1227.2198486328125,1547.5079345703125,1290.2037353515625,1518.392578125,1258.7117919921875,58.230712890625,62.98388671875
IMG_0039.mp4,315,10.5105,29.97002997002997,273,2,traffic_signs,0.9465813636779785,317.36077880859375,897.5223388671875,567.921142578125,1082.6142578125,442.6409606933594,990.0682983398438,250.56036376953125,185.0919189453125
IMG_0039.mp4,315,10.5105,29.97002997002997,263,1,traffic_lights,0.7821747064590454,998.2545776367188,871.6473999023438,1055.01123046875,965.019775390625,1026.6329040527344,918.3335876464844,56.75665283203125,93.37237548828125
IMG_0039.mp4,315,10.5105,29.97002997002997,206,2,traffic_signs,0.8684787154197693,1406.9371337890625,1188.1495361328125,1455.4407958984375,1244.2503662109375,1431.18896484375,1216.199951171875,48.503662109375,56.100830078125
IMG_0039.mp4,315,10.5105,29.97002997002997,295,2,traffic_signs,0.4901137053966522,575.2703857421875,1159.7520751953125,676.1812744140625,1289.5003662109375,625.725830078125,1224.626220703125,100.910888671875,129.748291015625
IMG_0039.mp4,316,10.543866666666666,29.97002997002997,174,2,traffic_signs,0.8765775561332703,1510.1002197265625,1227.8316650390625,1569.846923828125,1290.8714599609375,1539.9735717773438,1259.3515625,59.7467041015625,63.039794921875
IMG_0039.mp4,316,10.543866666666666,29.97002997002997,273,2,traffic_signs,0.9505169987678528,344.8216247558594,899.9629516601562,591.5384521484375,1084.6324462890625,468.18003845214844,992.2976989746094,246.71682739257812,184.66949462890625
IMG_0039.mp4,316,10.543866666666666,29.97002997002997,263,1,traffic_lights,0.8373384475708008,1027.8560791015625,875.5947265625,1079.645751953125,967.82861328125,1053.7509155273438,921.711669921875,51.7896728515625,92.23388671875
IMG_0039.mp4,316,10.543866666666666,29.97002997002997,206,2,traffic_signs,0.875324010848999,1429.4366455078125,1189.547119140625,1477.6488037109375,1244.6851806640625,1453.542724609375,1217.1161499023438,48.212158203125,55.1380615234375
IMG_0039.mp4,316,10.543866666666666,29.97002997002997,295,2,traffic_signs,0.39502793550491333,603.2950439453125,1162.7974853515625,702.8681030273438,1291.4722900390625,653.0815734863281,1227.1348876953125,99.57305908203125,128.6748046875
IMG_0039.mp4,317,10.577233333333334,29.97002997002997,174,2,traffic_signs,0.8495804071426392,1531.65576171875,1228.6746826171875,1591.8709716796875,1291.2332763671875,1561.7633666992188,1259.9539794921875,60.2152099609375,62.55859375
IMG_0039.mp4,317,10.577233333333334,29.97002997002997,273,2,traffic_signs,0.9505895972251892,368.77056884765625,900.2628784179688,614.5267333984375,1085.52587890625,491.6486511230469,992.8943786621094,245.75616455078125,185.26300048828125
IMG_0039.mp4,317,10.577233333333334,29.97002997002997,263,1,traffic_lights,0.8554671406745911,1051.270751953125,877.7244873046875,1101.56201171875,970.4247436523438,1076.4163818359375,924.0746154785156,50.291259765625,92.70025634765625
IMG_0039.mp4,317,10.577233333333334,29.97002997002997,206,2,traffic_signs,0.8793449401855469,1450.6136474609375,1189.81982421875,1498.9410400390625,1244.9739990234375,1474.77734375,1217.3969116210938,48.327392578125,55.1541748046875
IMG_0039.mp4,318,10.6106,29.97002997002997,174,2,traffic_signs,0.5973615646362305,1554.2916259765625,1230.4991455078125,1611.9713134765625,1290.6463623046875,1583.1314697265625,1260.57275390625,57.6796875,60.147216796875
IMG_0039.mp4,318,10.6106,29.97002997002997,273,2,traffic_signs,0.9483634829521179,394.53369140625,900.9639282226562,637.3758544921875,1086.4647216796875,515.9547729492188,993.7143249511719,242.8421630859375,185.50079345703125
IMG_0039.mp4,318,10.6106,29.97002997002997,263,1,traffic_lights,0.8518432974815369,1075.2725830078125,881.9835815429688,1124.039306640625,972.9625244140625,1099.6559448242188,927.4730529785156,48.7667236328125,90.97894287109375
IMG_0039.mp4,318,10.6106,29.97002997002997,206,2,traffic_signs,0.8716305494308472,1473.535888671875,1191.35400390625,1520.3935546875,1245.0987548828125,1496.9647216796875,1218.2263793945312,46.857666015625,53.7447509765625
IMG_0039.mp4,318,10.6106,29.97002997002997,295,2,traffic_signs,0.3167233169078827,656.7899169921875,1164.0406494140625,757.3340454101562,1292.929931640625,707.0619812011719,1228.4852905273438,100.54412841796875,128.8892822265625
IMG_0039.mp4,319,10.643966666666667,29.97002997002997,174,2,traffic_signs,0.6994581818580627,1577.906494140625,1231.7904052734375,1632.4901123046875,1290.322509765625,1605.1983032226562,1261.0564575195312,54.5836181640625,58.5321044921875
IMG_0039.mp4,319,10.643966666666667,29.97002997002997,273,2,traffic_signs,0.9443743228912354,417.24688720703125,900.0709838867188,659.2267456054688,1086.1839599609375,538.23681640625,993.1274719238281,241.9798583984375,186.11297607421875
IMG_0039.mp4,319,10.643966666666667,29.97002997002997,263,1,traffic_lights,0.8760272860527039,1096.99365234375,882.6827392578125,1146.91015625,975.0731811523438,1121.951904296875,928.8779602050781,49.91650390625,92.39044189453125
IMG_0039.mp4,319,10.643966666666667,29.97002997002997,206,2,traffic_signs,0.8483752608299255,1494.848876953125,1191.566162109375,1540.49951171875,1243.978515625,1517.6741943359375,1217.7723388671875,45.650634765625,52.412353515625
IMG_0039.mp4,319,10.643966666666667,29.97002997002997,298,1,traffic_lights,0.5529690384864807,806.4902954101562,1182.839599609375,840.615478515625,1272.688720703125,823.5528869628906,1227.76416015625,34.12518310546875,89.84912109375
IMG_0039.mp4,320,10.677333333333333,29.97002997002997,273,2,traffic_signs,0.949633777141571,431.86724853515625,895.4889526367188,672.3609008789062,1083.6329345703125,552.1140747070312,989.5609436035156,240.49365234375,188.14398193359375
IMG_0039.mp4,320,10.677333333333333,29.97002997002997,263,1,traffic_lights,0.8640181422233582,1114.044921875,880.6483154296875,1165.5789794921875,972.3480834960938,1139.8119506835938,926.4981994628906,51.5340576171875,91.69976806640625
IMG_0039.mp4,320,10.677333333333333,29.97002997002997,206,2,traffic_signs,0.8643659949302673,1513.8843994140625,1190.0626220703125,1560.3499755859375,1241.03173828125,1537.1171875,1215.5471801757812,46.465576171875,50.9691162109375
IMG_0039.mp4,321,10.710700000000001,29.97002997002997,273,2,traffic_signs,0.9465592503547668,452.067626953125,893.494140625,692.0159912109375,1081.835205078125,572.0418090820312,987.6646728515625,239.9483642578125,188.341064453125
IMG_0039.mp4,321,10.710700000000001,29.97002997002997,263,1,traffic_lights,0.6727284789085388,1135.048583984375,880.9951171875,1187.05029296875,971.9049682617188,1161.0494384765625,926.4500427246094,52.001708984375,90.90985107421875
IMG_0039.mp4,321,10.710700000000001,29.97002997002997,174,2,traffic_signs,0.8913424015045166,1615.286376953125,1228.8560791015625,1677.7193603515625,1288.8875732421875,1646.5028686523438,1258.871826171875,62.4329833984375,60.031494140625
IMG_0039.mp4,322,10.744066666666667,29.97002997002997,273,2,traffic_signs,0.9492701292037964,474.5915222167969,894.2109375,712.7281494140625,1082.083740234375,593.6598358154297,988.1473388671875,238.13662719726562,187.872802734375
IMG_0039.mp4,322,10.744066666666667,29.97002997002997,174,2,traffic_signs,0.8796852231025696,1637.4837646484375,1228.7550048828125,1697.27392578125,1290.300537109375,1667.3788452148438,1259.5277709960938,59.7901611328125,61.5455322265625
IMG_0039.mp4,322,10.744066666666667,29.97002997002997,206,2,traffic_signs,0.8471435904502869,1556.12841796875,1189.1864013671875,1603.0325927734375,1242.9383544921875,1579.5805053710938,1216.0623779296875,46.9041748046875,53.751953125
IMG_0039.mp4,323,10.777433333333333,29.97002997002997,273,2,traffic_signs,0.9026051163673401,498.7708740234375,893.573486328125,660.624755859375,1085.0081787109375,579.6978149414062,989.2908325195312,161.8538818359375,191.4346923828125
IMG_0039.mp4,323,10.777433333333333,29.97002997002997,174,2,traffic_signs,0.8879269361495972,1659.1943359375,1227.58154296875,1717.3443603515625,1292.124267578125,1688.2693481445312,1259.8529052734375,58.1500244140625,64.542724609375
IMG_0039.mp4,323,10.777433333333333,29.97002997002997,206,2,traffic_signs,0.8690475225448608,1577.459716796875,1189.113525390625,1625.235107421875,1246.5726318359375,1601.347412109375,1217.8430786132812,47.775390625,57.4591064453125
IMG_0039.mp4,323,10.777433333333333,29.97002997002997,263,1,traffic_lights,0.8874476552009583,1179.1533203125,883.4367065429688,1232.073486328125,975.4801025390625,1205.6134033203125,929.4584045410156,52.920166015625,92.04339599609375
IMG_0039.mp4,324,10.8108,29.97002997002997,273,2,traffic_signs,0.943631649017334,526.5968627929688,897.4549560546875,741.9963989257812,1087.6790771484375,634.296630859375,992.5670166015625,215.3995361328125,190.22412109375
IMG_0039.mp4,324,10.8108,29.97002997002997,174,2,traffic_signs,0.8853214979171753,1681.29638671875,1228.2227783203125,1739.179931640625,1293.564453125,1710.2381591796875,1260.8936157226562,57.883544921875,65.3416748046875
IMG_0039.mp4,324,10.8108,29.97002997002997,206,2,traffic_signs,0.8616691827774048,1600.930419921875,1191.042724609375,1647.3607177734375,1249.38330078125,1624.1455688476562,1220.2130126953125,46.4302978515625,58.340576171875
IMG_0039.mp4,324,10.8108,29.97002997002997,309,1,traffic_lights,0.628007173538208,934.640869140625,1191.2535400390625,967.8403930664062,1263.753662109375,951.2406311035156,1227.5036010742188,33.19952392578125,72.5001220703125
IMG_0039.mp4,324,10.8108,29.97002997002997,263,1,traffic_lights,0.8846223950386047,1204.55615234375,888.06298828125,1256.958984375,979.2425537109375,1230.757568359375,933.6527709960938,52.40283203125,91.1795654296875
IMG_0039.mp4,325,10.844166666666666,29.97002997002997,273,2,traffic_signs,0.9501366019248962,544.2296752929688,894.9268188476562,771.7293090820312,1084.4569091796875,657.9794921875,989.6918640136719,227.4996337890625,189.53009033203125
IMG_0039.mp4,325,10.844166666666666,29.97002997002997,174,2,traffic_signs,0.8864515423774719,1700.699951171875,1227.2335205078125,1759.7391357421875,1293.765625,1730.2195434570312,1260.4995727539062,59.0391845703125,66.5321044921875
IMG_0039.mp4,325,10.844166666666666,29.97002997002997,206,2,traffic_signs,0.8743354082107544,1620.747802734375,1190.4090576171875,1668.179931640625,1248.555419921875,1644.4638671875,1219.4822387695312,47.43212890625,58.1463623046875
IMG_0039.mp4,325,10.844166666666666,29.97002997002997,263,1,traffic_lights,0.8617928624153137,1225.6351318359375,887.4407348632812,1278.2454833984375,978.1389770507812,1251.9403076171875,932.7898559570312,52.6103515625,90.6982421875
IMG_0039.mp4,326,10.877533333333334,29.97002997002997,273,2,traffic_signs,0.9356263875961304,564.4157104492188,893.46337890625,798.08837890625,1083.0643310546875,681.2520446777344,988.2638549804688,233.67266845703125,189.6009521484375
IMG_0039.mp4,326,10.877533333333334,29.97002997002997,174,2,traffic_signs,0.8857921957969666,1723.338134765625,1227.1944580078125,1780.99853515625,1292.5008544921875,1752.1683349609375,1259.84765625,57.660400390625,65.306396484375
IMG_0039.mp4,326,10.877533333333334,29.97002997002997,206,2,traffic_signs,0.8811370730400085,1643.1500244140625,1190.054443359375,1688.9283447265625,1247.6326904296875,1666.0391845703125,1218.8435668945312,45.7783203125,57.5782470703125
IMG_0039.mp4,326,10.877533333333334,29.97002997002997,263,1,traffic_lights,0.8794821500778198,1248.1773681640625,888.0272216796875,1299.833251953125,979.00732421875,1274.0053100585938,933.5172729492188,51.6558837890625,90.9801025390625
IMG_0039.mp4,327,10.9109,29.97002997002997,273,2,traffic_signs,0.9320446848869324,586.3121337890625,894.7197265625,820.0564575195312,1084.103271484375,703.1842956542969,989.4114990234375,233.74432373046875,189.383544921875
IMG_0039.mp4,327,10.9109,29.97002997002997,174,2,traffic_signs,0.8267086744308472,1744.7679443359375,1228.396484375,1801.9710693359375,1293.1683349609375,1773.3695068359375,1260.7824096679688,57.203125,64.7718505859375
IMG_0039.mp4,327,10.9109,29.97002997002997,206,2,traffic_signs,0.8603331446647644,1664.9005126953125,1191.906005859375,1710.2879638671875,1249.6607666015625,1687.59423828125,1220.7833862304688,45.387451171875,57.7547607421875
IMG_0039.mp4,327,10.9109,29.97002997002997,263,1,traffic_lights,0.8161244988441467,1271.0107421875,891.0963745117188,1320.86083984375,981.7860107421875,1295.935791015625,936.4411926269531,49.85009765625,90.68963623046875
IMG_0039.mp4,327,10.9109,29.97002997002997,314,2,traffic_signs,0.824329674243927,893.4006958007812,1173.6676025390625,984.8914794921875,1296.8536376953125,939.1460876464844,1235.2606201171875,91.49078369140625,123.18603515625
IMG_0039.mp4,328,10.944266666666667,29.97002997002997,273,2,traffic_signs,0.9214076995849609,606.8067016601562,890.880859375,839.2994384765625,1081.8798828125,723.0530700683594,986.38037109375,232.49273681640625,190.9990234375
IMG_0039.mp4,328,10.944266666666667,29.97002997002997,174,2,traffic_signs,0.8298821449279785,1767.3475341796875,1227.3125,1823.9520263671875,1293.1448974609375,1795.6497802734375,1260.2286987304688,56.6044921875,65.8323974609375
IMG_0039.mp4,328,10.944266666666667,29.97002997002997,206,2,traffic_signs,0.8678050637245178,1684.7171630859375,1191.2127685546875,1730.417236328125,1247.9725341796875,1707.5671997070312,1219.5926513671875,45.7000732421875,56.759765625
IMG_0039.mp4,328,10.944266666666667,29.97002997002997,263,1,traffic_lights,0.875791609287262,1293.1934814453125,888.9501953125,1343.394775390625,982.022705078125,1318.2941284179688,935.4864501953125,50.2012939453125,93.072509765625
IMG_0039.mp4,328,10.944266666666667,29.97002997002997,314,2,traffic_signs,0.5351036190986633,915.9146118164062,1174.0386962890625,1007.31787109375,1297.018310546875,961.6162414550781,1235.5285034179688,91.40325927734375,122.9796142578125
IMG_0039.mp4,329,10.977633333333333,29.97002997002997,273,2,traffic_signs,0.9502456784248352,629.0526733398438,891.177490234375,860.208251953125,1082.976806640625,744.6304626464844,987.0771484375,231.15557861328125,191.79931640625
IMG_0039.mp4,329,10.977633333333333,29.97002997002997,206,2,traffic_signs,0.8476465940475464,1705.48486328125,1191.321044921875,1750.9134521484375,1246.857421875,1728.1991577148438,1219.0892333984375,45.4285888671875,55.536376953125
IMG_0039.mp4,329,10.977633333333333,29.97002997002997,263,1,traffic_lights,0.8685240149497986,1316.15869140625,891.0851440429688,1365.1248779296875,983.1953125,1340.6417846679688,937.1402282714844,48.9661865234375,92.11016845703125
IMG_0039.mp4,329,10.977633333333333,29.97002997002997,314,2,traffic_signs,0.5514847636222839,950.3392333984375,1182.5361328125,1034.1168212890625,1298.6339111328125,992.22802734375,1240.5850219726562,83.777587890625,116.0977783203125
IMG_0039.mp4,330,11.011000000000001,29.97002997002997,273,2,traffic_signs,0.9357056021690369,647.7869262695312,889.4544677734375,877.9584350585938,1080.9862060546875,762.8726806640625,985.2203369140625,230.1715087890625,191.53173828125
IMG_0039.mp4,330,11.011000000000001,29.97002997002997,206,2,traffic_signs,0.8560751080513,1727.3682861328125,1190.1829833984375,1771.7957763671875,1243.5472412109375,1749.58203125,1216.8651123046875,44.427490234375,53.3642578125
IMG_0039.mp4,330,11.011000000000001,29.97002997002997,314,2,traffic_signs,0.5682297945022583,981.5665893554688,1196.3382568359375,1056.0841064453125,1299.1075439453125,1018.8253479003906,1247.722900390625,74.51751708984375,102.769287109375
IMG_0039.mp4,330,11.011000000000001,29.97002997002997,174,2,traffic_signs,0.8724349737167358,1807.82861328125,1228.6905517578125,1866.9151611328125,1292.85888671875,1837.3718872070312,1260.7747192382812,59.0865478515625,64.1683349609375
IMG_0039.mp4,331,11.044366666666667,29.97002997002997,273,2,traffic_signs,0.9306700229644775,667.8665161132812,887.5131225585938,897.9572143554688,1078.708984375,782.911865234375,983.1110534667969,230.0906982421875,191.19586181640625
IMG_0039.mp4,331,11.044366666666667,29.97002997002997,314,2,traffic_signs,0.5027625560760498,1004.10791015625,1194.7420654296875,1081.0673828125,1299.753173828125,1042.587646484375,1247.2476196289062,76.95947265625,105.0111083984375
IMG_0039.mp4,331,11.044366666666667,29.97002997002997,174,2,traffic_signs,0.885598361492157,1828.489501953125,1228.912109375,1887.4046630859375,1289.93115234375,1857.9470825195312,1259.421630859375,58.9151611328125,61.01904296875
IMG_0039.mp4,332,11.077733333333333,29.97002997002997,273,2,traffic_signs,0.9472050666809082,685.3775634765625,885.4417114257812,915.0726318359375,1077.7491455078125,800.22509765625,981.5954284667969,229.695068359375,192.30743408203125
IMG_0039.mp4,332,11.077733333333333,29.97002997002997,314,2,traffic_signs,0.6204900145530701,1033.2684326171875,1214.9661865234375,1104.3638916015625,1299.156005859375,1068.816162109375,1257.0610961914062,71.095458984375,84.1898193359375
IMG_0039.mp4,332,11.077733333333333,29.97002997002997,174,2,traffic_signs,0.8891919851303101,1849.1500244140625,1227.673095703125,1906.890625,1290.7847900390625,1878.0203247070312,1259.2289428710938,57.7406005859375,63.1116943359375
IMG_0039.mp4,332,11.077733333333333,29.97002997002997,263,1,traffic_lights,0.7134727239608765,1377.84716796875,923.5250244140625,1422.8997802734375,981.837890625,1400.3734741210938,952.6814575195312,45.0526123046875,58.3128662109375
IMG_0039.mp4,332,11.077733333333333,29.97002997002997,206,2,traffic_signs,0.860333263874054,1768.506591796875,1189.320556640625,1814.6256103515625,1244.7196044921875,1791.5661010742188,1217.0200805664062,46.1190185546875,55.3990478515625
IMG_0039.mp4,333,11.1111,29.97002997002997,273,2,traffic_signs,0.8551494479179382,705.3304443359375,883.9468994140625,933.8147583007812,1075.9993896484375,819.5726013183594,979.97314453125,228.48431396484375,192.052490234375
IMG_0039.mp4,333,11.1111,29.97002997002997,314,2,traffic_signs,0.2975575625896454,1058.4334716796875,1211.31884765625,1130.99072265625,1301.2655029296875,1094.7120971679688,1256.2921752929688,72.5572509765625,89.9466552734375
IMG_0039.mp4,333,11.1111,29.97002997002997,174,2,traffic_signs,0.8710477352142334,1870.3848876953125,1228.2354736328125,1927.3717041015625,1291.20654296875,1898.8782958984375,1259.7210083007812,56.98681640625,62.9710693359375
IMG_0039.mp4,333,11.1111,29.97002997002997,206,2,traffic_signs,0.8800029754638672,1789.0155029296875,1189.403076171875,1834.678955078125,1243.982666015625,1811.8472290039062,1216.69287109375,45.6634521484375,54.57958984375
IMG_0039.mp4,334,11.144466666666666,29.97002997002997,273,2,traffic_signs,0.9645323157310486,723.5269165039062,879.7257080078125,951.3262329101562,1075.607177734375,837.4265747070312,977.6664428710938,227.79931640625,195.8814697265625
IMG_0039.mp4,334,11.144466666666666,29.97002997002997,314,2,traffic_signs,0.39441347122192383,1081.6888427734375,1217.9052734375,1155.0927734375,1302.707763671875,1118.3908081054688,1260.3065185546875,73.4039306640625,84.802490234375
IMG_0039.mp4,334,11.144466666666666,29.97002997002997,174,2,traffic_signs,0.8848744630813599,1889.98291015625,1227.44189453125,1949.0078125,1290.463134765625,1919.495361328125,1258.9525146484375,59.02490234375,63.021240234375
IMG_0039.mp4,334,11.144466666666666,29.97002997002997,206,2,traffic_signs,0.8774039149284363,1809.4693603515625,1189.2061767578125,1855.8270263671875,1243.572509765625,1832.648193359375,1216.3893432617188,46.357666015625,54.3663330078125
IMG_0039.mp4,335,11.177833333333334,29.97002997002997,273,2,traffic_signs,0.9524331092834473,741.9983520507812,875.00390625,968.9523315429688,1074.5435791015625,855.475341796875,974.7737426757812,226.9539794921875,199.5396728515625
IMG_0039.mp4,335,11.177833333333334,29.97002997002997,314,2,traffic_signs,0.6673589944839478,1104.389404296875,1205.6041259765625,1177.449462890625,1301.765625,1140.91943359375,1253.6848754882812,73.06005859375,96.1614990234375
IMG_0039.mp4,335,11.177833333333334,29.97002997002997,174,2,traffic_signs,0.8285747170448303,1913.6551513671875,1226.8963623046875,1971.35888671875,1289.2957763671875,1942.5070190429688,1258.0960693359375,57.7037353515625,62.3994140625
IMG_0039.mp4,335,11.177833333333334,29.97002997002997,206,2,traffic_signs,0.8219825625419617,1832.2308349609375,1189.12841796875,1876.106201171875,1246.3927001953125,1854.1685180664062,1217.7605590820312,43.8753662109375,57.2642822265625
IMG_0039.mp4,335,11.177833333333334,29.97002997002997,263,1,traffic_lights,0.8603070378303528,1440.741455078125,896.7549438476562,1485.2681884765625,984.2242431640625,1463.0048217773438,940.4895935058594,44.5267333984375,87.46929931640625
IMG_0039.mp4,336,11.2112,29.97002997002997,273,2,traffic_signs,0.9418066740036011,760.2891235351562,873.8053588867188,985.7425537109375,1072.3280029296875,873.0158386230469,973.0666809082031,225.45343017578125,198.52264404296875
IMG_0039.mp4,336,11.2112,29.97002997002997,314,2,traffic_signs,0.6016269326210022,1130.773681640625,1222.40576171875,1194.6923828125,1299.430419921875,1162.7330322265625,1260.9180908203125,63.918701171875,77.024658203125
IMG_0039.mp4,336,11.2112,29.97002997002997,206,2,traffic_signs,0.8737785816192627,1850.7548828125,1186.1640625,1898.116455078125,1242.130126953125,1874.4356689453125,1214.1470947265625,47.361572265625,55.966064453125
IMG_0039.mp4,337,11.244566666666667,29.97002997002997,273,2,traffic_signs,0.9412195682525635,776.877197265625,869.396240234375,1004.0774536132812,1071.8209228515625,890.4773254394531,970.6085815429688,227.20025634765625,202.4246826171875
IMG_0039.mp4,337,11.244566666666667,29.97002997002997,314,2,traffic_signs,0.7329546809196472,1152.915771484375,1215.5521240234375,1220.9779052734375,1300.107177734375,1186.9468383789062,1257.8296508789062,68.0621337890625,84.5550537109375
IMG_0039.mp4,337,11.244566666666667,29.97002997002997,206,2,traffic_signs,0.5437806844711304,1869.69189453125,1193.5205078125,1907.9190673828125,1242.556396484375,1888.8054809570312,1218.0384521484375,38.2271728515625,49.035888671875
IMG_0039.mp4,337,11.244566666666667,29.97002997002997,263,1,traffic_lights,0.8704778552055359,1481.6195068359375,892.1143188476562,1527.0137939453125,983.9447631835938,1504.316650390625,938.029541015625,45.394287109375,91.8304443359375
IMG_0039.mp4,338,11.277933333333333,29.97002997002997,273,2,traffic_signs,0.9420408606529236,801.456787109375,869.916015625,1027.1845703125,1072.595947265625,914.3206787109375,971.2559814453125,225.727783203125,202.679931640625
IMG_0039.mp4,338,11.277933333333333,29.97002997002997,314,2,traffic_signs,0.5942479968070984,1172.0482177734375,1202.899658203125,1252.5068359375,1302.6556396484375,1212.2775268554688,1252.7776489257812,80.4586181640625,99.7559814453125
IMG_0039.mp4,338,11.277933333333333,29.97002997002997,206,2,traffic_signs,0.8857060670852661,1894.24658203125,1190.5914306640625,1937.420166015625,1245.413818359375,1915.8333740234375,1218.0026245117188,43.173583984375,54.8223876953125
IMG_0039.mp4,338,11.277933333333333,29.97002997002997,263,1,traffic_lights,0.854185938835144,1505.326416015625,895.2310791015625,1550.90625,985.8013916015625,1528.1163330078125,940.5162353515625,45.579833984375,90.5703125
IMG_0039.mp4,338,11.277933333333333,29.97002997002997,174,2,traffic_signs,0.8673180341720581,1976.7503662109375,1226.026123046875,2038.744384765625,1291.3551025390625,2007.7473754882812,1258.6906127929688,61.9940185546875,65.3289794921875
IMG_0039.mp4,339,11.311300000000001,29.97002997002997,273,2,traffic_signs,0.9405887722969055,818.844970703125,869.828857421875,1045.256103515625,1071.171630859375,932.050537109375,970.500244140625,226.4111328125,201.3427734375
IMG_0039.mp4,339,11.311300000000001,29.97002997002997,206,2,traffic_signs,0.8932098746299744,1914.5728759765625,1188.9906005859375,1960.3365478515625,1245.900634765625,1937.4547119140625,1217.4456176757812,45.763671875,56.9100341796875
IMG_0039.mp4,339,11.311300000000001,29.97002997002997,263,1,traffic_lights,0.856477677822113,1524.019287109375,896.1669311523438,1568.0130615234375,985.740966796875,1546.0161743164062,940.9539489746094,43.9937744140625,89.57403564453125
IMG_0039.mp4,339,11.311300000000001,29.97002997002997,333,1,traffic_lights,0.6776467561721802,1281.7147216796875,1190.9981689453125,1316.5518798828125,1276.9114990234375,1299.13330078125,1233.954833984375,34.837158203125,85.913330078125
IMG_0039.mp4,339,11.311300000000001,29.97002997002997,174,2,traffic_signs,0.8884004950523376,1996.721923828125,1226.4090576171875,2057.543212890625,1292.7618408203125,2027.132568359375,1259.58544921875,60.8212890625,66.352783203125
IMG_0039.mp4,340,11.344666666666667,29.97002997002997,273,2,traffic_signs,0.9469812512397766,832.5933227539062,867.9087524414062,1059.634033203125,1070.066162109375,946.1136779785156,968.9874572753906,227.04071044921875,202.15740966796875
IMG_0039.mp4,340,11.344666666666667,29.97002997002997,206,2,traffic_signs,0.8827077150344849,1933.1983642578125,1187.6724853515625,1978.2938232421875,1244.912109375,1955.74609375,1216.2922973632812,45.095458984375,57.2396240234375
IMG_0039.mp4,340,11.344666666666667,29.97002997002997,263,1,traffic_lights,0.8736311197280884,1541.3809814453125,896.9266357421875,1586.223388671875,986.8167724609375,1563.8021850585938,941.8717041015625,44.8424072265625,89.89013671875
IMG_0039.mp4,340,11.344666666666667,29.97002997002997,333,1,traffic_lights,0.5103122591972351,1299.2628173828125,1195.781494140625,1332.12646484375,1281.615966796875,1315.6946411132812,1238.69873046875,32.8636474609375,85.83447265625
IMG_0039.mp4,340,11.344666666666667,29.97002997002997,174,2,traffic_signs,0.8650791049003601,2017.0665283203125,1226.7470703125,2075.8662109375,1291.893798828125,2046.4663696289062,1259.3204345703125,58.7996826171875,65.146728515625
IMG_0039.mp4,341,11.378033333333333,29.97002997002997,273,2,traffic_signs,0.946492075920105,846.2947387695312,865.5382690429688,1072.41357421875,1067.34375,959.3541564941406,966.4410095214844,226.11883544921875,201.80548095703125
IMG_0039.mp4,341,11.378033333333333,29.97002997002997,206,2,traffic_signs,0.8795492053031921,1952.1888427734375,1184.91748046875,1999.0972900390625,1244.686279296875,1975.64306640625,1214.8018798828125,46.908447265625,59.768798828125
IMG_0039.mp4,341,11.378033333333333,29.97002997002997,263,1,traffic_lights,0.8771044015884399,1560.0595703125,896.3296508789062,1605.6734619140625,985.7481689453125,1582.8665161132812,941.0389099121094,45.6138916015625,89.41851806640625
IMG_0039.mp4,341,11.378033333333333,29.97002997002997,174,2,traffic_signs,0.8827151656150818,2035.2764892578125,1225.3013916015625,2095.81640625,1291.1697998046875,2065.5464477539062,1258.235595703125,60.5399169921875,65.868408203125
IMG_0039.mp4,341,11.378033333333333,29.97002997002997,336,2,traffic_signs,0.5653289556503296,1232.970947265625,1219.90478515625,1297.5340576171875,1298.9271240234375,1265.2525024414062,1259.4159545898438,64.5631103515625,79.0223388671875
IMG_0039.mp4,342,11.4114,29.97002997002997,273,2,traffic_signs,0.941153347492218,861.4924926757812,862.1511840820312,1085.10205078125,1064.6954345703125,973.2972717285156,963.4233093261719,223.60955810546875,202.54425048828125
IMG_0039.mp4,342,11.4114,29.97002997002997,206,2,traffic_signs,0.8831978440284729,1972.0985107421875,1184.543212890625,2018.7657470703125,1242.8485107421875,1995.43212890625,1213.6958618164062,46.667236328125,58.3052978515625
IMG_0039.mp4,342,11.4114,29.97002997002997,263,1,traffic_lights,0.8689454197883606,1578.8450927734375,895.9514770507812,1622.1348876953125,984.1759033203125,1600.489990234375,940.0636901855469,43.289794921875,88.22442626953125
IMG_0039.mp4,342,11.4114,29.97002997002997,174,2,traffic_signs,0.8601416349411011,2056.96435546875,1224.598876953125,2115.49072265625,1290.71435546875,2086.2275390625,1257.6566162109375,58.5263671875,66.115478515625
IMG_0039.mp4,342,11.4114,29.97002997002997,336,2,traffic_signs,0.7286564707756042,1248.81591796875,1206.4908447265625,1321.4595947265625,1299.657958984375,1285.1377563476562,1253.0744018554688,72.6436767578125,93.1671142578125
IMG_0039.mp4,343,11.444766666666666,29.97002997002997,273,2,traffic_signs,0.9405595660209656,875.20166015625,856.9390869140625,1098.5855712890625,1061.9039306640625,986.8936157226562,959.4215087890625,223.3839111328125,204.96484375
IMG_0039.mp4,343,11.444766666666666,29.97002997002997,206,2,traffic_signs,0.8076723217964172,1991.3902587890625,1183.5614013671875,2039.6856689453125,1242.1353759765625,2015.5379638671875,1212.848388671875,48.29541015625,58.573974609375
IMG_0039.mp4,343,11.444766666666666,29.97002997002997,263,1,traffic_lights,0.866449236869812,1595.7864990234375,894.4813232421875,1640.7708740234375,982.5794677734375,1618.2786865234375,938.5303955078125,44.984375,88.09814453125
IMG_0039.mp4,343,11.444766666666666,29.97002997002997,174,2,traffic_signs,0.8628233075141907,2077.65771484375,1223.2545166015625,2136.210205078125,1288.8118896484375,2106.9339599609375,1256.033203125,58.552490234375,65.557373046875
IMG_0039.mp4,343,11.444766666666666,29.97002997002997,336,2,traffic_signs,0.6749671101570129,1271.1593017578125,1209.5987548828125,1342.0594482421875,1300.5284423828125,1306.609375,1255.0635986328125,70.900146484375,90.9296875
IMG_0039.mp4,344,11.478133333333334,29.97002997002997,273,2,traffic_signs,0.9460592269897461,909.3057861328125,850.9801635742188,1110.174072265625,1058.2149658203125,1009.7399291992188,954.5975646972656,200.8682861328125,207.23480224609375
IMG_0039.mp4,344,11.478133333333334,29.97002997002997,206,2,traffic_signs,0.8832855820655823,2010.5037841796875,1181.572509765625,2059.77685546875,1241.751708984375,2035.1403198242188,1211.662109375,49.2730712890625,60.17919921875
IMG_0039.mp4,344,11.478133333333334,29.97002997002997,263,1,traffic_lights,0.8861247301101685,1612.388671875,891.8825073242188,1658.52978515625,980.0525512695312,1635.459228515625,935.967529296875,46.14111328125,88.1700439453125
IMG_0039.mp4,344,11.478133333333334,29.97002997002997,174,2,traffic_signs,0.8395112752914429,2096.894775390625,1220.9801025390625,2158.598876953125,1288.2806396484375,2127.746826171875,1254.63037109375,61.7041015625,67.300537109375
IMG_0039.mp4,345,11.5115,29.97002997002997,273,2,traffic_signs,0.9537547826766968,905.4990844726562,846.0631103515625,1122.0888671875,1053.7156982421875,1013.7939758300781,949.889404296875,216.58978271484375,207.652587890625
IMG_0039.mp4,345,11.5115,29.97002997002997,206,2,traffic_signs,0.8926821351051331,2028.8253173828125,1180.6695556640625,2077.740966796875,1241.647216796875,2053.2831420898438,1211.1583862304688,48.9156494140625,60.9776611328125
IMG_0039.mp4,345,11.5115,29.97002997002997,174,2,traffic_signs,0.8778714537620544,2116.594482421875,1220.45556640625,2178.733154296875,1286.6737060546875,2147.663818359375,1253.5646362304688,62.138671875,66.2181396484375
IMG_0039.mp4,345,11.5115,29.97002997002997,339,1,traffic_lights,0.45159265398979187,2027.7381591796875,1239.834716796875,2072.84765625,1316.9931640625,2050.2929077148438,1278.4139404296875,45.1094970703125,77.158447265625
IMG_0039.mp4,346,11.544866666666667,29.97002997002997,273,2,traffic_signs,0.9402101039886475,913.8265380859375,840.2319946289062,1136.1805419921875,1049.637451171875,1025.0035400390625,944.9347229003906,222.35400390625,209.40545654296875
IMG_0039.mp4,346,11.544866666666667,29.97002997002997,174,2,traffic_signs,0.8812102675437927,2136.998291015625,1221.7591552734375,2200.415283203125,1283.9522705078125,2168.706787109375,1252.855712890625,63.4169921875,62.193115234375
IMG_0039.mp4,346,11.544866666666667,29.97002997002997,336,2,traffic_signs,0.7697063088417053,1329.8494873046875,1219.6243896484375,1401.064208984375,1297.280029296875,1365.4568481445312,1258.4522094726562,71.2147216796875,77.6556396484375
IMG_0039.mp4,346,11.544866666666667,29.97002997002997,263,1,traffic_lights,0.8798926472663879,1648.64599609375,889.450439453125,1695.1207275390625,978.38623046875,1671.8833618164062,933.9183349609375,46.4747314453125,88.935791015625
IMG_0039.mp4,347,11.578233333333333,29.97002997002997,273,2,traffic_signs,0.9453952312469482,923.4219360351562,834.631591796875,1148.5977783203125,1045.9520263671875,1036.0098571777344,940.2918090820312,225.17584228515625,211.3204345703125
IMG_0039.mp4,347,11.578233333333333,29.97002997002997,174,2,traffic_signs,0.8715410828590393,2157.014404296875,1219.837890625,2223.1748046875,1285.2767333984375,2190.0946044921875,1252.5573120117188,66.160400390625,65.4388427734375
IMG_0039.mp4,347,11.578233333333333,29.97002997002997,336,2,traffic_signs,0.8109585046768188,1340.2783203125,1198.2418212890625,1418.312255859375,1298.2198486328125,1379.2952880859375,1248.2308349609375,78.033935546875,99.97802734375
IMG_0039.mp4,347,11.578233333333333,29.97002997002997,263,1,traffic_lights,0.8953856825828552,1666.4271240234375,887.6633911132812,1712.5977783203125,977.2671508789062,1689.512451171875,932.4652709960938,46.170654296875,89.603759765625
IMG_0039.mp4,347,11.578233333333333,29.97002997002997,206,2,traffic_signs,0.8760183453559875,2069.890380859375,1177.6707763671875,2118.936767578125,1240.7392578125,2094.41357421875,1209.2050170898438,49.04638671875,63.0684814453125
IMG_0039.mp4,348,11.611600000000001,29.97002997002997,273,2,traffic_signs,0.959088921546936,929.9486083984375,834.7014770507812,1156.0186767578125,1045.3236083984375,1042.983642578125,940.0125427246094,226.070068359375,210.62213134765625
IMG_0039.mp4,348,11.611600000000001,29.97002997002997,174,2,traffic_signs,0.8357695937156677,2167.009765625,1220.4619140625,2231.427001953125,1285.214599609375,2199.2183837890625,1252.8382568359375,64.417236328125,64.752685546875
IMG_0039.mp4,348,11.611600000000001,29.97002997002997,336,2,traffic_signs,0.7491150498390198,1354.7667236328125,1196.341064453125,1431.1790771484375,1299.6436767578125,1392.972900390625,1247.9923706054688,76.412353515625,103.3026123046875
IMG_0039.mp4,348,11.611600000000001,29.97002997002997,263,1,traffic_lights,0.9040160179138184,1676.8118896484375,889.6305541992188,1722.8702392578125,978.2613525390625,1699.841064453125,933.9459533691406,46.058349609375,88.63079833984375
IMG_0039.mp4,348,11.611600000000001,29.97002997002997,206,2,traffic_signs,0.8040221333503723,2080.754150390625,1178.3123779296875,2130.323486328125,1239.0657958984375,2105.538818359375,1208.6890869140625,49.5693359375,60.75341796875
IMG_0039.mp4,349,11.644966666666667,29.97002997002997,273,2,traffic_signs,0.9446524381637573,943.0638427734375,827.9583740234375,1168.85498046875,1040.410888671875,1055.9594116210938,934.1846313476562,225.7911376953125,212.4525146484375
IMG_0039.mp4,349,11.644966666666667,29.97002997002997,174,2,traffic_signs,0.7686048150062561,2192.655517578125,1218.522216796875,2256.856201171875,1283.4024658203125,2224.755859375,1250.9623413085938,64.20068359375,64.8802490234375
IMG_0039.mp4,349,11.644966666666667,29.97002997002997,336,2,traffic_signs,0.6928185820579529,1375.1329345703125,1191.712646484375,1449.3985595703125,1298.430908203125,1412.2657470703125,1245.07177734375,74.265625,106.71826171875
IMG_0039.mp4,349,11.644966666666667,29.97002997002997,263,1,traffic_lights,0.31132757663726807,1699.1700439453125,886.9526977539062,1744.6663818359375,975.239990234375,1721.918212890625,931.0963439941406,45.496337890625,88.28729248046875
IMG_0039.mp4,349,11.644966666666667,29.97002997002997,206,2,traffic_signs,0.865608811378479,2103.3828125,1175.8370361328125,2154.7880859375,1239.59326171875,2129.08544921875,1207.7151489257812,51.4052734375,63.7562255859375
IMG_0039.mp4,350,11.678333333333333,29.97002997002997,273,2,traffic_signs,0.938660204410553,956.0066528320312,823.1055297851562,1182.0247802734375,1035.885986328125,1069.0157165527344,929.4957580566406,226.01812744140625,212.78045654296875
IMG_0039.mp4,350,11.678333333333333,29.97002997002997,174,2,traffic_signs,0.8646161556243896,2214.5380859375,1217.3360595703125,2280.069091796875,1282.814697265625,2247.3035888671875,1250.0753784179688,65.531005859375,65.4786376953125
IMG_0039.mp4,350,11.678333333333333,29.97002997002997,336,2,traffic_signs,0.7049002051353455,1391.5006103515625,1190.244873046875,1468.31884765625,1298.1002197265625,1429.9097290039062,1244.1725463867188,76.8182373046875,107.8553466796875
IMG_0039.mp4,350,11.678333333333333,29.97002997002997,263,1,traffic_lights,0.8566263914108276,1718.2755126953125,885.8565673828125,1762.870361328125,975.0280151367188,1740.5729370117188,930.4422912597656,44.5948486328125,89.17144775390625
IMG_0039.mp4,350,11.678333333333333,29.97002997002997,206,2,traffic_signs,0.8757842183113098,2123.92041015625,1174.609619140625,2176.71875,1239.6524658203125,2150.319580078125,1207.1310424804688,52.79833984375,65.0428466796875
IMG_0039.mp4,350,11.678333333333333,29.97002997002997,339,1,traffic_lights,0.5808894038200378,2120.54443359375,1238.7939453125,2170.497314453125,1316.8895263671875,2145.5208740234375,1277.8417358398438,49.952880859375,78.0955810546875
IMG_0039.mp4,351,11.7117,29.97002997002997,273,2,traffic_signs,0.9466885328292847,964.6542358398438,816.5230102539062,1193.9830322265625,1031.5804443359375,1079.3186340332031,924.0517272949219,229.32879638671875,215.05743408203125
IMG_0039.mp4,351,11.7117,29.97002997002997,174,2,traffic_signs,0.8651285171508789,2234.5908203125,1216.1651611328125,2300.77001953125,1281.465087890625,2267.680419921875,1248.8151245117188,66.17919921875,65.2999267578125
IMG_0039.mp4,351,11.7117,29.97002997002997,336,2,traffic_signs,0.7606944441795349,1412.3553466796875,1196.541259765625,1486.7935791015625,1299.020263671875,1449.574462890625,1247.78076171875,74.438232421875,102.47900390625
IMG_0039.mp4,351,11.7117,29.97002997002997,263,1,traffic_lights,0.8689379692077637,1735.725830078125,883.8074340820312,1779.3721923828125,973.5774536132812,1757.5490112304688,928.6924438476562,43.6463623046875,89.77001953125
IMG_0039.mp4,351,11.7117,29.97002997002997,206,2,traffic_signs,0.8167678713798523,2143.058837890625,1172.7967529296875,2196.347412109375,1240.2852783203125,2169.703125,1206.541015625,53.28857421875,67.488525390625
IMG_0039.mp4,351,11.7117,29.97002997002997,339,1,traffic_lights,0.2603756785392761,2141.54443359375,1240.419921875,2188.633544921875,1314.56689453125,2165.0889892578125,1277.493408203125,47.089111328125,74.14697265625
IMG_0039.mp4,352,11.745066666666666,29.97002997002997,273,2,traffic_signs,0.9535520076751709,974.0964965820312,811.1876220703125,1205.3812255859375,1026.8297119140625,1089.7388610839844,919.0086669921875,231.28472900390625,215.64208984375
IMG_0039.mp4,352,11.745066666666666,29.97002997002997,174,2,traffic_signs,0.8719620704650879,2256.8583984375,1215.2642822265625,2320.203125,1280.965576171875,2288.53076171875,1248.1149291992188,63.3447265625,65.7012939453125
IMG_0039.mp4,352,11.745066666666666,29.97002997002997,336,2,traffic_signs,0.745445966720581,1438.1754150390625,1209.9061279296875,1504.6279296875,1296.71044921875,1471.4016723632812,1253.3082885742188,66.4525146484375,86.8043212890625
IMG_0039.mp4,352,11.745066666666666,29.97002997002997,263,1,traffic_lights,0.8738589286804199,1752.544677734375,881.4730224609375,1797.133056640625,972.3387451171875,1774.8388671875,926.9058837890625,44.58837890625,90.86572265625
IMG_0039.mp4,352,11.745066666666666,29.97002997002997,206,2,traffic_signs,0.9021812081336975,2162.600341796875,1173.8134765625,2215.9384765625,1239.114013671875,2189.2694091796875,1206.4637451171875,53.338134765625,65.300537109375
IMG_0039.mp4,352,11.745066666666666,29.97002997002997,339,1,traffic_lights,0.4775049388408661,2162.96484375,1237.84033203125,2215.93505859375,1313.882080078125,2189.449951171875,1275.8612060546875,52.97021484375,76.041748046875
IMG_0039.mp4,353,11.778433333333334,29.97002997002997,273,2,traffic_signs,0.957172691822052,984.2680053710938,803.55517578125,1215.7254638671875,1022.5186767578125,1099.9967346191406,913.0369262695312,231.45745849609375,218.9635009765625
IMG_0039.mp4,353,11.778433333333334,29.97002997002997,174,2,traffic_signs,0.3124352693557739,2275.9736328125,1211.8106689453125,2343.628173828125,1277.72998046875,2309.8009033203125,1244.7703247070312,67.654541015625,65.9193115234375
IMG_0039.mp4,353,11.778433333333334,29.97002997002997,336,2,traffic_signs,0.3801198899745941,1454.0341796875,1211.6146240234375,1521.5269775390625,1296.8101806640625,1487.7805786132812,1254.21240234375,67.4927978515625,85.195556640625
IMG_0039.mp4,353,11.778433333333334,29.97002997002997,263,1,traffic_lights,0.848540186882019,1769.7490234375,879.757568359375,1813.04150390625,970.5307006835938,1791.395263671875,925.1441345214844,43.29248046875,90.77313232421875
IMG_0039.mp4,353,11.778433333333334,29.97002997002997,206,2,traffic_signs,0.8816154599189758,2182.09228515625,1173.3023681640625,2236.302978515625,1237.887939453125,2209.1976318359375,1205.5951538085938,54.210693359375,64.5855712890625
IMG_0039.mp4,353,11.778433333333334,29.97002997002997,339,1,traffic_lights,0.3390803635120392,2187.38427734375,1239.75390625,2239.659912109375,1312.2342529296875,2213.5220947265625,1275.9940795898438,52.275634765625,72.4803466796875
IMG_0039.mp4,353,11.778433333333334,29.97002997002997,346,1,traffic_lights,0.5352587699890137,1537.8614501953125,1192.6016845703125,1571.1922607421875,1281.6900634765625,1554.52685546875,1237.1458740234375,33.330810546875,89.08837890625
IMG_0039.mp4,354,11.8118,29.97002997002997,273,2,traffic_signs,0.9535399079322815,995.1143798828125,798.3596801757812,1227.1917724609375,1018.2167358398438,1111.153076171875,908.2882080078125,232.077392578125,219.8570556640625
IMG_0039.mp4,354,11.8118,29.97002997002997,336,2,traffic_signs,0.6725572943687439,1470.3848876953125,1210.6171875,1539.4466552734375,1297.352294921875,1504.915771484375,1253.9847412109375,69.061767578125,86.735107421875
IMG_0039.mp4,354,11.8118,29.97002997002997,263,1,traffic_lights,0.8769859075546265,1786.35302734375,877.9563598632812,1829.726806640625,968.68310546875,1808.0399169921875,923.3197326660156,43.373779296875,90.72674560546875
IMG_0039.mp4,354,11.8118,29.97002997002997,206,2,traffic_signs,0.8701326847076416,2201.0322265625,1171.18212890625,2254.20361328125,1235.7762451171875,2227.617919921875,1203.4791870117188,53.17138671875,64.5941162109375
IMG_0039.mp4,355,11.845166666666668,29.97002997002997,273,2,traffic_signs,0.9362083077430725,1002.8298950195312,790.6669921875,1236.238525390625,1012.8223876953125,1119.5342102050781,901.7446899414062,233.40863037109375,222.1553955078125
IMG_0039.mp4,355,11.845166666666668,29.97002997002997,336,2,traffic_signs,0.784351646900177,1487.5460205078125,1206.5067138671875,1555.2686767578125,1296.890869140625,1521.4073486328125,1251.6987915039062,67.72265625,90.3841552734375
IMG_0039.mp4,355,11.845166666666668,29.97002997002997,263,1,traffic_lights,0.8903100490570068,1801.5040283203125,874.7947387695312,1845.787109375,966.7135620117188,1823.6455688476562,920.754150390625,44.2830810546875,91.9188232421875
IMG_0039.mp4,355,11.845166666666668,29.97002997002997,206,2,traffic_signs,0.9014105796813965,2218.520263671875,1169.7205810546875,2271.6572265625,1234.9068603515625,2245.0887451171875,1202.313720703125,53.136962890625,65.186279296875
IMG_0039.mp4,355,11.845166666666668,29.97002997002997,349,1,traffic_lights,0.4271220266819,2216.14892578125,1237.49755859375,2257.522705078125,1308.790771484375,2236.8358154296875,1273.1441650390625,41.373779296875,71.293212890625
IMG_0039.mp4,355,11.845166666666668,29.97002997002997,346,1,traffic_lights,0.45144152641296387,1569.4122314453125,1191.6090087890625,1604.142333984375,1281.9444580078125,1586.7772827148438,1236.7767333984375,34.7301025390625,90.33544921875
IMG_0039.mp4,356,11.878533333333333,29.97002997002997,273,2,traffic_signs,0.8989205360412598,1009.7342529296875,782.3858642578125,1244.6046142578125,1007.0172119140625,1127.16943359375,894.7015380859375,234.870361328125,224.63134765625
IMG_0039.mp4,356,11.878533333333333,29.97002997002997,336,2,traffic_signs,0.6563860177993774,1497.36962890625,1196.3194580078125,1568.8411865234375,1296.874755859375,1533.1054077148438,1246.5971069335938,71.4715576171875,100.5552978515625
IMG_0039.mp4,356,11.878533333333333,29.97002997002997,263,1,traffic_lights,0.8779332041740417,1817.5968017578125,871.7234497070312,1860.7254638671875,964.895751953125,1839.1611328125,918.3096008300781,43.128662109375,93.17230224609375
IMG_0039.mp4,356,11.878533333333333,29.97002997002997,206,2,traffic_signs,0.8866431713104248,2236.1640625,1167.6534423828125,2290.674560546875,1234.5433349609375,2263.4193115234375,1201.098388671875,54.510498046875,66.889892578125
IMG_0039.mp4,356,11.878533333333333,29.97002997002997,349,1,traffic_lights,0.457123726606369,2234.318359375,1232.1754150390625,2278.382080078125,1307.66064453125,2256.3502197265625,1269.9180297851562,44.063720703125,75.4852294921875
IMG_0039.mp4,356,11.878533333333333,29.97002997002997,346,1,traffic_lights,0.5933448672294617,1585.475341796875,1190.669677734375,1619.4615478515625,1280.92529296875,1602.4684448242188,1235.7974853515625,33.9862060546875,90.255615234375
IMG_0039.mp4,356,11.878533333333333,29.97002997002997,174,2,traffic_signs,0.7215271592140198,2335.517578125,1207.947021484375,2401.287353515625,1274.8798828125,2368.4024658203125,1241.4134521484375,65.769775390625,66.932861328125
IMG_0039.mp4,357,11.911900000000001,29.97002997002997,273,2,traffic_signs,0.9563509225845337,1016.7919311523438,774.5218505859375,1252.772705078125,1002.5816040039062,1134.7823181152344,888.5517272949219,235.98077392578125,228.05975341796875
IMG_0039.mp4,357,11.911900000000001,29.97002997002997,336,2,traffic_signs,0.6850174069404602,1510.4522705078125,1196.0877685546875,1584.4114990234375,1297.102294921875,1547.431884765625,1246.5950317382812,73.959228515625,101.0145263671875
IMG_0039.mp4,357,11.911900000000001,29.97002997002997,263,1,traffic_lights,0.8755967020988464,1833.0152587890625,870.195068359375,1877.5689697265625,962.9795532226562,1855.2921142578125,916.5873107910156,44.5537109375,92.78448486328125
IMG_0039.mp4,357,11.911900000000001,29.97002997002997,206,2,traffic_signs,0.7776851058006287,2255.068603515625,1167.132568359375,2308.5048828125,1232.1348876953125,2281.7867431640625,1199.6337280273438,53.436279296875,65.0023193359375
IMG_0039.mp4,357,11.911900000000001,29.97002997002997,174,2,traffic_signs,0.8759908080101013,2355.286376953125,1207.9769287109375,2419.887939453125,1275.5843505859375,2387.587158203125,1241.7806396484375,64.6015625,67.607421875
IMG_0039.mp4,358,11.945266666666667,29.97002997002997,273,2,traffic_signs,0.954104483127594,1022.9400634765625,769.1258544921875,1261.8956298828125,998.8062744140625,1142.4178466796875,883.966064453125,238.95556640625,229.680419921875
IMG_0039.mp4,358,11.945266666666667,29.97002997002997,336,2,traffic_signs,0.7439601421356201,1532.15966796875,1211.5950927734375,1600.433349609375,1295.683349609375,1566.2965087890625,1253.6392211914062,68.273681640625,84.0882568359375
IMG_0039.mp4,358,11.945266666666667,29.97002997002997,263,1,traffic_lights,0.8976912498474121,1847.8984375,869.3701782226562,1893.6484375,963.1732788085938,1870.7734375,916.271728515625,45.75,93.8031005859375
IMG_0039.mp4,358,11.945266666666667,29.97002997002997,206,2,traffic_signs,0.845464289188385,2274.365234375,1165.909423828125,2328.4140625,1231.1962890625,2301.3896484375,1198.5528564453125,54.048828125,65.286865234375
IMG_0039.mp4,358,11.945266666666667,29.97002997002997,174,2,traffic_signs,0.8719119429588318,2373.022705078125,1206.6060791015625,2438.165771484375,1273.3035888671875,2405.59423828125,1239.954833984375,65.14306640625,66.697509765625
IMG_0039.mp4,358,11.945266666666667,29.97002997002997,346,1,traffic_lights,0.37450873851776123,1617.3406982421875,1192.2894287109375,1649.5001220703125,1279.0634765625,1633.42041015625,1235.6764526367188,32.159423828125,86.7740478515625
IMG_0039.mp4,359,11.978633333333333,29.97002997002997,273,2,traffic_signs,0.9567068219184875,1028.2000732421875,761.08056640625,1268.0113525390625,991.741455078125,1148.105712890625,876.4110107421875,239.811279296875,230.660888671875
IMG_0039.mp4,359,11.978633333333333,29.97002997002997,336,2,traffic_signs,0.7871756553649902,1537.0006103515625,1187.263671875,1613.5458984375,1295.2528076171875,1575.2732543945312,1241.2582397460938,76.5452880859375,107.9891357421875
IMG_0039.mp4,359,11.978633333333333,29.97002997002997,263,1,traffic_lights,0.8820717930793762,1862.77978515625,867.5650634765625,1907.6929931640625,960.6845703125,1885.2363891601562,914.1248168945312,44.9132080078125,93.1195068359375
IMG_0039.mp4,359,11.978633333333333,29.97002997002997,206,2,traffic_signs,0.8849937319755554,2293.67724609375,1164.2696533203125,2347.717529296875,1229.5579833984375,2320.6973876953125,1196.913818359375,54.040283203125,65.288330078125
IMG_0039.mp4,359,11.978633333333333,29.97002997002997,174,2,traffic_signs,0.8197954893112183,2390.87744140625,1204.53271484375,2458.2763671875,1272.0625,2424.576904296875,1238.297607421875,67.39892578125,67.52978515625
IMG_0039.mp4,360,12.012,29.97002997002997,273,2,traffic_signs,0.9615707993507385,1033.698974609375,752.14306640625,1274.70947265625,985.9383544921875,1154.2042236328125,869.0407104492188,241.010498046875,233.7952880859375
IMG_0039.mp4,360,12.012,29.97002997002997,336,2,traffic_signs,0.42415258288383484,1552.2618408203125,1186.7635498046875,1629.06396484375,1294.8216552734375,1590.6629028320312,1240.7926025390625,76.8021240234375,108.05810546875
IMG_0039.mp4,360,12.012,29.97002997002997,263,1,traffic_lights,0.9030900001525879,1876.6917724609375,866.0215454101562,1922.4022216796875,958.1157836914062,1899.5469970703125,912.0686645507812,45.71044921875,92.09423828125
IMG_0039.mp4,360,12.012,29.97002997002997,206,2,traffic_signs,0.911627471446991,2309.5947265625,1162.9722900390625,2363.88671875,1226.2181396484375,2336.74072265625,1194.59521484375,54.2919921875,63.245849609375
IMG_0039.mp4,360,12.012,29.97002997002997,174,2,traffic_signs,0.8584988117218018,2410.958251953125,1202.8006591796875,2477.933837890625,1269.9061279296875,2444.446044921875,1236.3533935546875,66.9755859375,67.10546875
IMG_0039.mp4,361,12.045366666666666,29.97002997002997,273,2,traffic_signs,0.9576207995414734,1038.6627197265625,743.8997802734375,1282.1353759765625,980.971923828125,1160.3990478515625,862.4358520507812,243.47265625,237.0721435546875
IMG_0039.mp4,361,12.045366666666666,29.97002997002997,263,1,traffic_lights,0.9071483016014099,1892.010498046875,863.9642944335938,1936.65185546875,956.3975830078125,1914.3311767578125,910.1809387207031,44.641357421875,92.43328857421875
IMG_0039.mp4,361,12.045366666666666,29.97002997002997,206,2,traffic_signs,0.9009519815444946,2326.407470703125,1161.2567138671875,2382.338623046875,1224.2763671875,2354.373046875,1192.7665405273438,55.93115234375,63.0196533203125
IMG_0039.mp4,361,12.045366666666666,29.97002997002997,174,2,traffic_signs,0.8578004240989685,2430.837890625,1200.83984375,2497.0478515625,1270.097412109375,2463.94287109375,1235.4686279296875,66.2099609375,69.257568359375
IMG_0039.mp4,362,12.078733333333334,29.97002997002997,273,2,traffic_signs,0.9401734471321106,1042.6923828125,734.447021484375,1288.51220703125,975.1240234375,1165.602294921875,854.7855224609375,245.81982421875,240.677001953125
IMG_0039.mp4,362,12.078733333333334,29.97002997002997,263,1,traffic_lights,0.8745834231376648,1906.48681640625,861.7944946289062,1951.3870849609375,955.3094482421875,1928.9369506835938,908.5519714355469,44.9002685546875,93.51495361328125
IMG_0039.mp4,362,12.078733333333334,29.97002997002997,206,2,traffic_signs,0.881901741027832,2343.4375,1159.1273193359375,2401.9716796875,1223.5938720703125,2372.70458984375,1191.360595703125,58.5341796875,64.466552734375
IMG_0039.mp4,362,12.078733333333334,29.97002997002997,174,2,traffic_signs,0.5997186899185181,2446.6337890625,1198.9478759765625,2520.924560546875,1252.500732421875,2483.7791748046875,1225.7243041992188,74.290771484375,53.5528564453125
IMG_0039.mp4,362,12.078733333333334,29.97002997002997,346,1,traffic_lights,0.25942033529281616,1674.68017578125,1188.35986328125,1708.94921875,1270.537841796875,1691.814697265625,1229.4488525390625,34.26904296875,82.177978515625
IMG_0039.mp4,362,12.078733333333334,29.97002997002997,336,2,traffic_signs,0.7866024971008301,1576.704833984375,1179.1544189453125,1656.38623046875,1293.40087890625,1616.5455322265625,1236.2776489257812,79.681396484375,114.2464599609375
IMG_0039.mp4,363,12.1121,29.97002997002997,273,2,traffic_signs,0.9183579087257385,1043.619384765625,727.2745361328125,1291.584716796875,970.1827392578125,1167.60205078125,848.7286376953125,247.96533203125,242.908203125
IMG_0039.mp4,363,12.1121,29.97002997002997,263,1,traffic_lights,0.8915559649467468,1914.704345703125,861.3612060546875,1961.437255859375,955.0852661132812,1938.07080078125,908.2232360839844,46.73291015625,93.72406005859375
IMG_0039.mp4,363,12.1121,29.97002997002997,174,2,traffic_signs,0.8895636200904846,2458.365966796875,1202.4813232421875,2534.097900390625,1263.4537353515625,2496.23193359375,1232.967529296875,75.73193359375,60.972412109375
IMG_0039.mp4,363,12.1121,29.97002997002997,336,2,traffic_signs,0.5135555267333984,1580.48681640625,1175.7601318359375,1653.2672119140625,1257.6502685546875,1616.8770141601562,1216.7052001953125,72.7803955078125,81.89013671875
IMG_0039.mp4,364,12.145466666666668,29.97002997002997,273,2,traffic_signs,0.9671469330787659,1047.2840576171875,715.1597290039062,1299.0345458984375,961.84130859375,1173.1593017578125,838.5005187988281,251.75048828125,246.68157958984375
IMG_0039.mp4,364,12.145466666666668,29.97002997002997,174,2,traffic_signs,0.892248272895813,2479.945556640625,1198.603515625,2557.9013671875,1264.7984619140625,2518.9234619140625,1231.7009887695312,77.955810546875,66.1949462890625
IMG_0039.mp4,364,12.145466666666668,29.97002997002997,206,2,traffic_signs,0.9037190675735474,2374.733642578125,1155.554931640625,2431.7294921875,1220.4364013671875,2403.2315673828125,1187.9956665039062,56.995849609375,64.8814697265625
IMG_0039.mp4,364,12.145466666666668,29.97002997002997,346,1,traffic_lights,0.8064187169075012,1699.9710693359375,1190.9100341796875,1735.89794921875,1276.81640625,1717.9345092773438,1233.8632202148438,35.9268798828125,85.9063720703125
IMG_0039.mp4,365,12.178833333333333,29.97002997002997,273,2,traffic_signs,0.9105039834976196,1047.5806884765625,705.1461181640625,1296.1304931640625,944.0477905273438,1171.8555908203125,824.5969543457031,248.5498046875,238.90167236328125
IMG_0039.mp4,365,12.178833333333333,29.97002997002997,174,2,traffic_signs,0.8709509968757629,2494.46630859375,1196.124267578125,2569.9912109375,1265.6644287109375,2532.228759765625,1230.8943481445312,75.52490234375,69.5401611328125
IMG_0039.mp4,365,12.178833333333333,29.97002997002997,206,2,traffic_signs,0.888820230960846,2387.821044921875,1153.838623046875,2446.026123046875,1218.104736328125,2416.923583984375,1185.9716796875,58.205078125,64.26611328125
IMG_0039.mp4,365,12.178833333333333,29.97002997002997,346,1,traffic_lights,0.7164362668991089,1709.361572265625,1185.68115234375,1744.9954833984375,1277.2254638671875,1727.1785278320312,1231.4533081054688,35.6339111328125,91.5443115234375
IMG_0039.mp4,365,12.178833333333333,29.97002997002997,263,1,traffic_lights,0.8999886512756348,1943.4881591796875,856.5731811523438,1989.747802734375,948.8199462890625,1966.6179809570312,902.6965637207031,46.2596435546875,92.24676513671875
IMG_0039.mp4,365,12.178833333333333,29.97002997002997,336,2,traffic_signs,0.6330665349960327,1608.205810546875,1173.2864990234375,1674.525146484375,1244.6907958984375,1641.365478515625,1208.9886474609375,66.3193359375,71.404296875
IMG_0039.mp4,366,12.212200000000001,29.97002997002997,273,2,traffic_signs,0.9563005566596985,1051.8045654296875,695.7174072265625,1305.2559814453125,941.2778930664062,1178.5302734375,818.4976501464844,253.451416015625,245.56048583984375
IMG_0039.mp4,366,12.212200000000001,29.97002997002997,174,2,traffic_signs,0.8289922475814819,2519.543212890625,1192.4630126953125,2594.894287109375,1264.225341796875,2557.21875,1228.3441772460938,75.35107421875,71.7623291015625
IMG_0039.mp4,366,12.212200000000001,29.97002997002997,206,2,traffic_signs,0.8955112099647522,2410.21728515625,1151.0596923828125,2469.407470703125,1217.267822265625,2439.8123779296875,1184.1637573242188,59.190185546875,66.2081298828125
IMG_0039.mp4,366,12.212200000000001,29.97002997002997,346,1,traffic_lights,0.4970274269580841,1726.773681640625,1180.060791015625,1763.02099609375,1273.861572265625,1744.8973388671875,1226.961181640625,36.247314453125,93.80078125
IMG_0039.mp4,366,12.212200000000001,29.97002997002997,263,1,traffic_lights,0.8879508972167969,1960.4951171875,852.0180053710938,2006.41162109375,946.0458374023438,1983.453369140625,899.0319213867188,45.91650390625,94.02783203125
IMG_0039.mp4,366,12.212200000000001,29.97002997002997,336,2,traffic_signs,0.8086618185043335,1627.031494140625,1171.0384521484375,1702.789794921875,1277.884033203125,1664.91064453125,1224.4612426757812,75.75830078125,106.8455810546875
IMG_0039.mp4,367,12.245566666666667,29.97002997002997,273,2,traffic_signs,0.9573017954826355,1053.8770751953125,686.1341552734375,1311.2427978515625,936.8665161132812,1182.5599365234375,811.5003356933594,257.36572265625,250.73236083984375
IMG_0039.mp4,367,12.245566666666667,29.97002997002997,174,2,traffic_signs,0.8464829325675964,2538.74951171875,1191.4610595703125,2614.6357421875,1262.879638671875,2576.692626953125,1227.1703491210938,75.88623046875,71.4185791015625
IMG_0039.mp4,367,12.245566666666667,29.97002997002997,206,2,traffic_signs,0.8906922340393066,2428.63720703125,1149.6868896484375,2487.927001953125,1216.605224609375,2458.2821044921875,1183.1460571289062,59.289794921875,66.9183349609375
IMG_0039.mp4,367,12.245566666666667,29.97002997002997,263,1,traffic_lights,0.8920764327049255,1974.673095703125,848.3131713867188,2020.68994140625,943.4317626953125,1997.6815185546875,895.8724670410156,46.016845703125,95.11859130859375
IMG_0039.mp4,367,12.245566666666667,29.97002997002997,336,2,traffic_signs,0.4563104212284088,1646.61572265625,1184.818115234375,1722.0997314453125,1286.635498046875,1684.3577270507812,1235.726806640625,75.4840087890625,101.8173828125
IMG_0039.mp4,368,12.278933333333333,29.97002997002997,273,2,traffic_signs,0.9584009051322937,1055.8109130859375,675.4397583007812,1316.278564453125,931.4307250976562,1186.0447387695312,803.4352416992188,260.4676513671875,255.990966796875
IMG_0039.mp4,368,12.278933333333333,29.97002997002997,174,2,traffic_signs,0.8867012858390808,2556.705322265625,1189.533447265625,2633.52490234375,1262.22314453125,2595.1151123046875,1225.8782958984375,76.819580078125,72.689697265625
IMG_0039.mp4,368,12.278933333333333,29.97002997002997,206,2,traffic_signs,0.5911293625831604,2445.516845703125,1147.7225341796875,2505.1953125,1214.4920654296875,2475.3560791015625,1181.1072998046875,59.678466796875,66.76953125
IMG_0039.mp4,368,12.278933333333333,29.97002997002997,263,1,traffic_lights,0.8944502472877502,1988.9891357421875,845.4244384765625,2034.89990234375,941.9163818359375,2011.9445190429688,893.67041015625,45.9107666015625,96.491943359375
IMG_0039.mp4,368,12.278933333333333,29.97002997002997,336,2,traffic_signs,0.6711204051971436,1657.7037353515625,1174.333984375,1735.7646484375,1290.349609375,1696.7341918945312,1232.341796875,78.0609130859375,116.015625
IMG_0039.mp4,368,12.278933333333333,29.97002997002997,349,1,traffic_lights,0.6856479644775391,2450.161376953125,1214.37646484375,2487.073974609375,1297.1910400390625,2468.61767578125,1255.7837524414062,36.91259765625,82.8145751953125
IMG_0039.mp4,368,12.278933333333333,29.97002997002997,346,1,traffic_lights,0.5867478847503662,1754.97607421875,1179.5865478515625,1790.33056640625,1275.16748046875,1772.6533203125,1227.3770141601562,35.3544921875,95.5809326171875
IMG_0039.mp4,369,12.3123,29.97002997002997,273,2,traffic_signs,0.9558709859848022,1057.9254150390625,665.419921875,1319.606689453125,924.971923828125,1188.7660522460938,795.1959228515625,261.6812744140625,259.552001953125
IMG_0039.mp4,369,12.3123,29.97002997002997,206,2,traffic_signs,0.8726280927658081,2461.657470703125,1146.1436767578125,2519.842529296875,1213.6412353515625,2490.75,1179.8924560546875,58.18505859375,67.49755859375
IMG_0039.mp4,369,12.3123,29.97002997002997,263,1,traffic_lights,0.8929635882377625,2001.48876953125,842.463623046875,2047.10205078125,940.16796875,2024.29541015625,891.3157958984375,45.61328125,97.704345703125
IMG_0039.mp4,369,12.3123,29.97002997002997,336,2,traffic_signs,0.7357909083366394,1677.2552490234375,1195.837158203125,1750.23779296875,1290.8612060546875,1713.7465209960938,1243.3491821289062,72.9825439453125,95.0240478515625
IMG_0039.mp4,369,12.3123,29.97002997002997,349,1,traffic_lights,0.36826634407043457,2468.791259765625,1213.1912841796875,2503.037841796875,1293.29541015625,2485.91455078125,1253.2433471679688,34.24658203125,80.1041259765625
IMG_0039.mp4,369,12.3123,29.97002997002997,346,1,traffic_lights,0.3369055390357971,1767.529296875,1177.427978515625,1803.7093505859375,1268.3160400390625,1785.6193237304688,1222.8720092773438,36.1800537109375,90.8880615234375
IMG_0039.mp4,370,12.345666666666666,29.97002997002997,273,2,traffic_signs,0.9582338333129883,1059.458984375,654.2677001953125,1322.8330078125,917.9090576171875,1191.14599609375,786.08837890625,263.3740234375,263.641357421875
IMG_0039.mp4,370,12.345666666666666,29.97002997002997,206,2,traffic_signs,0.8956300616264343,2476.61669921875,1143.8787841796875,2538.968994140625,1215.6407470703125,2507.7928466796875,1179.759765625,62.352294921875,71.761962890625
IMG_0039.mp4,370,12.345666666666666,29.97002997002997,263,1,traffic_lights,0.8845322728157043,2013.9893798828125,840.1038208007812,2061.63671875,938.8258056640625,2037.8130493164062,889.4648132324219,47.6473388671875,98.72198486328125
IMG_0039.mp4,370,12.345666666666666,29.97002997002997,336,2,traffic_signs,0.8270475268363953,1682.4632568359375,1177.8326416015625,1762.885986328125,1289.5673828125,1722.6746215820312,1233.7000122070312,80.4227294921875,111.7347412109375
IMG_0039.mp4,370,12.345666666666666,29.97002997002997,349,1,traffic_lights,0.5822966694831848,2478.35107421875,1208.0894775390625,2534.259033203125,1298.146484375,2506.3050537109375,1253.1179809570312,55.907958984375,90.0570068359375
IMG_0039.mp4,370,12.345666666666666,29.97002997002997,346,1,traffic_lights,0.595070481300354,1778.81201171875,1176.81640625,1814.5953369140625,1266.229736328125,1796.7036743164062,1221.5230712890625,35.7833251953125,89.413330078125
IMG_0039.mp4,370,12.345666666666666,29.97002997002997,174,2,traffic_signs,0.9046702980995178,2592.8349609375,1185.1748046875,2670.991455078125,1259.0452880859375,2631.9132080078125,1222.1100463867188,78.156494140625,73.8704833984375
IMG_0039.mp4,371,12.379033333333334,29.97002997002997,273,2,traffic_signs,0.9598886370658875,1060.601806640625,643.0260009765625,1326.1552734375,910.0042114257812,1193.3785400390625,776.5151062011719,265.553466796875,266.97821044921875
IMG_0039.mp4,371,12.379033333333334,29.97002997002997,206,2,traffic_signs,0.8963829278945923,2492.300048828125,1142.795654296875,2555.50341796875,1213.8641357421875,2523.9017333984375,1178.3298950195312,63.203369140625,71.0684814453125
IMG_0039.mp4,371,12.379033333333334,29.97002997002997,263,1,traffic_lights,0.6627824306488037,2033.463134765625,838.882080078125,2071.85595703125,930.3646850585938,2052.6595458984375,884.6233825683594,38.392822265625,91.48260498046875
IMG_0039.mp4,371,12.379033333333334,29.97002997002997,336,2,traffic_signs,0.7918074131011963,1690.4945068359375,1173.8330078125,1776.2850341796875,1289.016845703125,1733.3897705078125,1231.4249267578125,85.79052734375,115.183837890625
IMG_0039.mp4,371,12.379033333333334,29.97002997002997,349,1,traffic_lights,0.4388110041618347,2496.025634765625,1205.379638671875,2547.411865234375,1299.9827880859375,2521.71875,1252.6812133789062,51.38623046875,94.6031494140625
IMG_0039.mp4,371,12.379033333333334,29.97002997002997,174,2,traffic_signs,0.9077389240264893,2609.2724609375,1183.663818359375,2689.890380859375,1258.2645263671875,2649.5814208984375,1220.9641723632812,80.617919921875,74.6007080078125
IMG_0039.mp4,372,12.4124,29.97002997002997,273,2,traffic_signs,0.9538707137107849,1061.4820556640625,631.51513671875,1329.31689453125,903.8596801757812,1195.3994750976562,767.6874084472656,267.8348388671875,272.34454345703125
IMG_0039.mp4,372,12.4124,29.97002997002997,206,2,traffic_signs,0.8838183283805847,2507.674072265625,1140.21337890625,2571.8125,1210.3775634765625,2539.7432861328125,1175.2954711914062,64.138427734375,70.1641845703125
IMG_0039.mp4,372,12.4124,29.97002997002997,263,1,traffic_lights,0.8956723213195801,2040.0615234375,837.4852294921875,2086.2333984375,931.041015625,2063.1474609375,884.2631225585938,46.171875,93.5557861328125
IMG_0039.mp4,372,12.4124,29.97002997002997,349,1,traffic_lights,0.4283709228038788,2516.192138671875,1203.4405517578125,2558.579345703125,1295.31591796875,2537.3857421875,1249.3782348632812,42.38720703125,91.8753662109375
IMG_0039.mp4,372,12.4124,29.97002997002997,174,2,traffic_signs,0.7353143692016602,2626.5107421875,1182.4990234375,2706.533447265625,1258.4566650390625,2666.5220947265625,1220.4778442382812,80.022705078125,75.9576416015625
IMG_0039.mp4,373,12.445766666666668,29.97002997002997,273,2,traffic_signs,0.7650310397148132,1059.75244140625,677.4578247070312,1261.8182373046875,897.5457153320312,1160.7853393554688,787.5017700195312,202.0657958984375,220.087890625
IMG_0039.mp4,373,12.445766666666668,29.97002997002997,206,2,traffic_signs,0.909257709980011,2522.744140625,1137.607666015625,2587.149169921875,1209.56640625,2554.9466552734375,1173.5870361328125,64.405029296875,71.958740234375
IMG_0039.mp4,373,12.445766666666668,29.97002997002997,263,1,traffic_lights,0.8731793761253357,2050.047607421875,833.7186279296875,2098.177734375,931.1138305664062,2074.1126708984375,882.4162292480469,48.130126953125,97.39520263671875
IMG_0039.mp4,373,12.445766666666668,29.97002997002997,349,1,traffic_lights,0.5821175575256348,2530.51220703125,1203.8253173828125,2571.590576171875,1295.4742431640625,2551.0513916015625,1249.6497802734375,41.078369140625,91.64892578125
IMG_0039.mp4,373,12.445766666666668,29.97002997002997,174,2,traffic_signs,0.9203242063522339,2643.897705078125,1181.80810546875,2723.563232421875,1257.3314208984375,2683.73046875,1219.5697631835938,79.66552734375,75.5233154296875
IMG_0039.mp4,373,12.445766666666668,29.97002997002997,367,2,traffic_signs,0.7030949592590332,1703.4222412109375,1162.229736328125,1769.4197998046875,1236.3544921875,1736.4210205078125,1199.2921142578125,65.99755859375,74.124755859375
IMG_0039.mp4,373,12.445766666666668,29.97002997002997,336,2,traffic_signs,0.506876528263092,1726.108154296875,1195.0804443359375,1800.02587890625,1285.2286376953125,1763.0670166015625,1240.154541015625,73.917724609375,90.148193359375
IMG_0039.mp4,374,12.479133333333333,29.97002997002997,273,2,traffic_signs,0.9560371041297913,1099.8194580078125,639.1218872070312,1315.3541259765625,857.8421020507812,1207.5867919921875,748.4819946289062,215.53466796875,218.72021484375
IMG_0039.mp4,374,12.479133333333333,29.97002997002997,206,2,traffic_signs,0.8975321054458618,2538.282470703125,1135.6029052734375,2603.41845703125,1207.5872802734375,2570.8504638671875,1171.5950927734375,65.135986328125,71.984375
IMG_0039.mp4,374,12.479133333333333,29.97002997002997,263,1,traffic_lights,0.7181313037872314,2061.457763671875,831.2144775390625,2109.9638671875,930.0084228515625,2085.7108154296875,880.6114501953125,48.506103515625,98.7939453125
IMG_0039.mp4,374,12.479133333333333,29.97002997002997,349,1,traffic_lights,0.3025594651699066,2545.303955078125,1201.4930419921875,2588.617431640625,1294.568115234375,2566.960693359375,1248.0305786132812,43.3134765625,93.0750732421875
IMG_0039.mp4,374,12.479133333333333,29.97002997002997,174,2,traffic_signs,0.9225957989692688,2659.857177734375,1179.3338623046875,2741.46826171875,1256.0360107421875,2700.6627197265625,1217.6849365234375,81.611083984375,76.7021484375
IMG_0039.mp4,374,12.479133333333333,29.97002997002997,367,2,traffic_signs,0.40134188532829285,1718.0865478515625,1162.68994140625,1781.436279296875,1233.22119140625,1749.7614135742188,1197.95556640625,63.3497314453125,70.53125
IMG_0039.mp4,374,12.479133333333333,29.97002997002997,346,1,traffic_lights,0.6917365193367004,1824.0726318359375,1179.279296875,1862.2103271484375,1276.1954345703125,1843.1414794921875,1227.7373657226562,38.1376953125,96.9161376953125
IMG_0039.mp4,375,12.512500000000001,29.97002997002997,273,2,traffic_signs,0.8638297319412231,1073.2415771484375,660.9046020507812,1283.4608154296875,872.2152099609375,1178.3511962890625,766.5599060058594,210.21923828125,211.31060791015625
IMG_0039.mp4,375,12.512500000000001,29.97002997002997,206,2,traffic_signs,0.8893887400627136,2548.223388671875,1134.918701171875,2612.93994140625,1205.56787109375,2580.5816650390625,1170.2432861328125,64.716552734375,70.649169921875
IMG_0039.mp4,375,12.512500000000001,29.97002997002997,263,1,traffic_lights,0.8801746368408203,2068.316162109375,829.2319946289062,2117.4462890625,928.3131103515625,2092.8812255859375,878.7725524902344,49.130126953125,99.08111572265625
IMG_0039.mp4,375,12.512500000000001,29.97002997002997,349,1,traffic_lights,0.7087496519088745,2553.75146484375,1201.006591796875,2604.451171875,1293.48876953125,2579.101318359375,1247.2476806640625,50.69970703125,92.482177734375
IMG_0039.mp4,375,12.512500000000001,29.97002997002997,174,2,traffic_signs,0.9214515089988708,2670.84423828125,1176.2706298828125,2752.64208984375,1254.4022216796875,2711.7431640625,1215.33642578125,81.7978515625,78.131591796875
IMG_0039.mp4,375,12.512500000000001,29.97002997002997,367,2,traffic_signs,0.5674474239349365,1725.3197021484375,1161.937255859375,1789.8192138671875,1236.134765625,1757.5694580078125,1199.0360107421875,64.49951171875,74.197509765625
IMG_0039.mp4,375,12.512500000000001,29.97002997002997,346,1,traffic_lights,0.6734482049942017,1833.053466796875,1186.4879150390625,1867.6365966796875,1275.0968017578125,1850.3450317382812,1230.7923583984375,34.5831298828125,88.60888671875
IMG_0039.mp4,376,12.545866666666667,29.97002997002997,273,2,traffic_signs,0.8994712233543396,1063.6224365234375,671.4122314453125,1273.0379638671875,869.58251953125,1168.3302001953125,770.4973754882812,209.41552734375,198.1702880859375
IMG_0039.mp4,376,12.545866666666667,29.97002997002997,206,2,traffic_signs,0.8903161883354187,2567.22021484375,1133.0325927734375,2631.633544921875,1202.9063720703125,2599.4268798828125,1167.969482421875,64.413330078125,69.873779296875
IMG_0039.mp4,376,12.545866666666667,29.97002997002997,263,1,traffic_lights,0.8770945072174072,2082.6787109375,825.8134765625,2131.550537109375,925.9111938476562,2107.1146240234375,875.8623352050781,48.871826171875,100.09771728515625
IMG_0039.mp4,376,12.545866666666667,29.97002997002997,349,1,traffic_lights,0.44091397523880005,2567.384521484375,1200.322998046875,2626.638427734375,1294.5347900390625,2597.011474609375,1247.4288940429688,59.25390625,94.2117919921875
IMG_0039.mp4,376,12.545866666666667,29.97002997002997,174,2,traffic_signs,0.9131143689155579,2691.523681640625,1176.169677734375,2771.92236328125,1252.9022216796875,2731.7230224609375,1214.5359497070312,80.398681640625,76.7325439453125
IMG_0039.mp4,376,12.545866666666667,29.97002997002997,367,2,traffic_signs,0.33344024419784546,1737.212646484375,1160.461669921875,1804.824951171875,1237.11279296875,1771.018798828125,1198.7872314453125,67.6123046875,76.651123046875
IMG_0039.mp4,376,12.545866666666667,29.97002997002997,346,1,traffic_lights,0.47638294100761414,1842.752197265625,1186.8917236328125,1879.5440673828125,1274.202392578125,1861.1481323242188,1230.5470581054688,36.7918701171875,87.3106689453125
IMG_0039.mp4,376,12.545866666666667,29.97002997002997,369,2,traffic_signs,0.9085665941238403,1119.7127685546875,584.7214965820312,1342.7257080078125,776.1757202148438,1231.21923828125,680.4486083984375,223.012939453125,191.4542236328125
IMG_0039.mp4,376,12.545866666666667,29.97002997002997,336,2,traffic_signs,0.43304911255836487,1751.10986328125,1176.32177734375,1825.5572509765625,1284.1209716796875,1788.3335571289062,1230.2213745117188,74.4473876953125,107.7991943359375
IMG_0039.mp4,377,12.579233333333333,29.97002997002997,273,2,traffic_signs,0.9092420339584351,1058.783203125,672.8524169921875,1271.2877197265625,864.1638793945312,1165.0354614257812,768.5081481933594,212.5045166015625,191.31146240234375
IMG_0039.mp4,377,12.579233333333333,29.97002997002997,206,2,traffic_signs,0.7184327840805054,2578.411865234375,1131.3602294921875,2644.94775390625,1201.5584716796875,2611.6798095703125,1166.4593505859375,66.535888671875,70.1982421875
IMG_0039.mp4,377,12.579233333333333,29.97002997002997,263,1,traffic_lights,0.8796589374542236,2090.700927734375,824.1430053710938,2139.866455078125,923.9313354492188,2115.28369140625,874.0371704101562,49.16552734375,99.788330078125
IMG_0039.mp4,377,12.579233333333333,29.97002997002997,349,1,traffic_lights,0.743141770362854,2577.542236328125,1197.8095703125,2650.499755859375,1294.9954833984375,2614.02099609375,1246.4025268554688,72.95751953125,97.1859130859375
IMG_0039.mp4,377,12.579233333333333,29.97002997002997,174,2,traffic_signs,0.9121228456497192,2703.333740234375,1173.9189453125,2785.646240234375,1251.84814453125,2744.489990234375,1212.883544921875,82.3125,77.92919921875
IMG_0039.mp4,377,12.579233333333333,29.97002997002997,367,2,traffic_signs,0.2981104850769043,1745.112548828125,1159.1143798828125,1811.921875,1237.4810791015625,1778.5172119140625,1198.2977294921875,66.809326171875,78.36669921875
IMG_0039.mp4,377,12.579233333333333,29.97002997002997,346,1,traffic_lights,0.6536435484886169,1853.9716796875,1177.904296875,1889.00927734375,1268.6839599609375,1871.490478515625,1223.2941284179688,35.03759765625,90.7796630859375
IMG_0039.mp4,377,12.579233333333333,29.97002997002997,369,2,traffic_signs,0.903161346912384,1121.0263671875,574.1423950195312,1343.2406005859375,761.9118041992188,1232.1334838867188,668.027099609375,222.2142333984375,187.7694091796875
IMG_0039.mp4,378,12.6126,29.97002997002997,273,2,traffic_signs,0.9420943856239319,1071.4114990234375,635.7412109375,1309.7056884765625,844.0462036132812,1190.55859375,739.8937072753906,238.294189453125,208.30499267578125
IMG_0039.mp4,378,12.6126,29.97002997002997,206,2,traffic_signs,0.8526222705841064,2596.025146484375,1129.30615234375,2662.2236328125,1199.0609130859375,2629.1243896484375,1164.1835327148438,66.198486328125,69.7547607421875
IMG_0039.mp4,378,12.6126,29.97002997002997,263,1,traffic_lights,0.8929631114006042,2103.7744140625,820.9353637695312,2152.914306640625,921.3788452148438,2128.3443603515625,871.1571044921875,49.139892578125,100.4434814453125
IMG_0039.mp4,378,12.6126,29.97002997002997,349,1,traffic_lights,0.35637685656547546,2593.83935546875,1196.1611328125,2666.369140625,1295.5400390625,2630.104248046875,1245.8505859375,72.52978515625,99.37890625
IMG_0039.mp4,378,12.6126,29.97002997002997,174,2,traffic_signs,0.9173476099967957,2720.84326171875,1172.552490234375,2804.11767578125,1250.6612548828125,2762.48046875,1211.6068725585938,83.2744140625,78.1087646484375
IMG_0039.mp4,378,12.6126,29.97002997002997,346,1,traffic_lights,0.6863277554512024,1867.1539306640625,1172.853515625,1901.613037109375,1265.52978515625,1884.3834838867188,1219.191650390625,34.4591064453125,92.67626953125
IMG_0039.mp4,378,12.6126,29.97002997002997,336,2,traffic_signs,0.5987452864646912,1757.7017822265625,1160.6082763671875,1839.0130615234375,1284.0946044921875,1798.357421875,1222.3514404296875,81.311279296875,123.486328125
IMG_0039.mp4,379,12.645966666666666,29.97002997002997,206,2,traffic_signs,0.8508414030075073,2610.15869140625,1126.3118896484375,2678.3720703125,1197.0977783203125,2644.265380859375,1161.704833984375,68.21337890625,70.785888671875
IMG_0039.mp4,379,12.645966666666666,29.97002997002997,263,1,traffic_lights,0.9060100317001343,2115.071044921875,817.3478393554688,2164.834716796875,918.6078491210938,2139.952880859375,867.9778442382812,49.763671875,101.260009765625
IMG_0039.mp4,379,12.645966666666666,29.97002997002997,349,1,traffic_lights,0.6478484869003296,2609.93701171875,1194.5718994140625,2669.005859375,1294.2567138671875,2639.471435546875,1244.414306640625,59.06884765625,99.684814453125
IMG_0039.mp4,379,12.645966666666666,29.97002997002997,174,2,traffic_signs,0.9278008341789246,2738.79052734375,1171.1593017578125,2823.27294921875,1248.8377685546875,2781.03173828125,1209.99853515625,84.482421875,77.678466796875
IMG_0039.mp4,379,12.645966666666666,29.97002997002997,367,2,traffic_signs,0.7852529883384705,1767.2291259765625,1159.1173095703125,1829.05908203125,1236.9593505859375,1798.1441040039062,1198.038330078125,61.8299560546875,77.842041015625
IMG_0039.mp4,380,12.679333333333334,29.97002997002997,206,2,traffic_signs,0.8549852967262268,2620.740234375,1125.376708984375,2689.3720703125,1194.8983154296875,2655.05615234375,1160.1375122070312,68.6318359375,69.5216064453125
IMG_0039.mp4,380,12.679333333333334,29.97002997002997,263,1,traffic_lights,0.8941309452056885,2123.02685546875,816.3941650390625,2172.960205078125,917.94189453125,2147.9935302734375,867.1680297851562,49.933349609375,101.5477294921875
IMG_0039.mp4,380,12.679333333333334,29.97002997002997,349,1,traffic_lights,0.64852374792099,2625.240234375,1194.953857421875,2677.3271484375,1293.949951171875,2651.28369140625,1244.451904296875,52.0869140625,98.99609375
IMG_0039.mp4,380,12.679333333333334,29.97002997002997,174,2,traffic_signs,0.9137255549430847,2749.274658203125,1170.2677001953125,2835.89306640625,1247.4832763671875,2792.5838623046875,1208.87548828125,86.618408203125,77.215576171875
IMG_0039.mp4,380,12.679333333333334,29.97002997002997,273,2,traffic_signs,0.9331753253936768,1061.3648681640625,560.4892578125,1338.433837890625,838.29931640625,1199.8993530273438,699.394287109375,277.0689697265625,277.81005859375
IMG_0039.mp4,381,12.7127,29.97002997002997,206,2,traffic_signs,0.8565259575843811,2632.47265625,1124.11279296875,2701.927490234375,1194.13671875,2667.2000732421875,1159.124755859375,69.454833984375,70.02392578125
IMG_0039.mp4,381,12.7127,29.97002997002997,263,1,traffic_lights,0.8122490048408508,2134.782958984375,816.2614135742188,2182.3056640625,915.2288208007812,2158.5443115234375,865.7451171875,47.522705078125,98.9674072265625
IMG_0039.mp4,381,12.7127,29.97002997002997,349,1,traffic_lights,0.7558322548866272,2628.778076171875,1192.2198486328125,2710.74755859375,1295.121826171875,2669.7628173828125,1243.6708374023438,81.969482421875,102.9019775390625
IMG_0039.mp4,381,12.7127,29.97002997002997,174,2,traffic_signs,0.8458209037780762,2762.5087890625,1168.8956298828125,2849.973388671875,1246.6864013671875,2806.2410888671875,1207.791015625,87.464599609375,77.790771484375
IMG_0039.mp4,381,12.7127,29.97002997002997,273,2,traffic_signs,0.9512951374053955,1057.221923828125,538.2674560546875,1344.5926513671875,834.7706298828125,1200.9072875976562,686.51904296875,287.3707275390625,296.503173828125
IMG_0039.mp4,381,12.7127,29.97002997002997,346,1,traffic_lights,0.5437536835670471,1894.0115966796875,1170.3114013671875,1930.10986328125,1258.125244140625,1912.0607299804688,1214.2183227539062,36.0982666015625,87.8138427734375
IMG_0039.mp4,381,12.7127,29.97002997002997,336,2,traffic_signs,0.794886589050293,1792.8597412109375,1162.971923828125,1877.4310302734375,1282.138671875,1835.1453857421875,1222.5552978515625,84.5712890625,119.166748046875
IMG_0039.mp4,382,12.746066666666668,29.97002997002997,206,2,traffic_signs,0.8553662300109863,2649.298095703125,1122.2989501953125,2719.45361328125,1191.841064453125,2684.3758544921875,1157.0700073242188,70.155517578125,69.5421142578125
IMG_0039.mp4,382,12.746066666666668,29.97002997002997,263,1,traffic_lights,0.8804270029067993,2145.124755859375,812.1500244140625,2194.22705078125,913.650634765625,2169.6759033203125,862.9003295898438,49.102294921875,101.5006103515625
IMG_0039.mp4,382,12.746066666666668,29.97002997002997,349,1,traffic_lights,0.4898226261138916,2649.290771484375,1192.5152587890625,2717.204833984375,1293.940185546875,2683.247802734375,1243.2277221679688,67.9140625,101.4249267578125
IMG_0039.mp4,382,12.746066666666668,29.97002997002997,174,2,traffic_signs,0.9120276570320129,2780.434326171875,1167.5972900390625,2868.12841796875,1245.30517578125,2824.2813720703125,1206.4512329101562,87.694091796875,77.7078857421875
IMG_0039.mp4,382,12.746066666666668,29.97002997002997,273,2,traffic_signs,0.9520226716995239,1054.8426513671875,521.4546508789062,1348.8009033203125,828.275634765625,1201.82177734375,674.8651428222656,293.958251953125,306.82098388671875
IMG_0039.mp4,382,12.746066666666668,29.97002997002997,346,1,traffic_lights,0.49426913261413574,1903.8017578125,1169.271240234375,1940.1580810546875,1259.524658203125,1921.9799194335938,1214.39794921875,36.3563232421875,90.25341796875
IMG_0039.mp4,382,12.746066666666668,29.97002997002997,336,2,traffic_signs,0.7172384262084961,1799.7747802734375,1162.003173828125,1890.708740234375,1281.143798828125,1845.2417602539062,1221.573486328125,90.9339599609375,119.140625
IMG_0039.mp4,383,12.779433333333333,29.97002997002997,206,2,traffic_signs,0.8372069001197815,2663.33935546875,1119.915283203125,2732.07421875,1190.3001708984375,2697.706787109375,1155.1077270507812,68.73486328125,70.3848876953125
IMG_0039.mp4,383,12.779433333333333,29.97002997002997,263,1,traffic_lights,0.6208145022392273,2156.2021484375,809.3404541015625,2205.078369140625,910.3617553710938,2180.6402587890625,859.8511047363281,48.876220703125,101.02130126953125
IMG_0039.mp4,383,12.779433333333333,29.97002997002997,349,1,traffic_lights,0.6259522438049316,2652.302734375,1190.4527587890625,2716.94921875,1282.5234375,2684.6259765625,1236.4880981445312,64.646484375,92.0706787109375
IMG_0039.mp4,383,12.779433333333333,29.97002997002997,273,2,traffic_signs,0.9486704468727112,1052.6824951171875,508.81591796875,1351.1136474609375,820.8531494140625,1201.8980712890625,664.8345336914062,298.43115234375,312.0372314453125
IMG_0039.mp4,383,12.779433333333333,29.97002997002997,346,1,traffic_lights,0.7779998779296875,1916.402587890625,1168.2388916015625,1950.4967041015625,1259.556884765625,1933.4496459960938,1213.8978881835938,34.0941162109375,91.3179931640625
IMG_0039.mp4,383,12.779433333333333,29.97002997002997,336,2,traffic_signs,0.7440484166145325,1816.799560546875,1165.958251953125,1901.0491943359375,1281.8563232421875,1858.9243774414062,1223.9072875976562,84.2496337890625,115.8980712890625
IMG_0039.mp4,383,12.779433333333333,29.97002997002997,367,2,traffic_signs,0.3685378432273865,1803.443115234375,1155.980712890625,1869.265380859375,1234.354736328125,1836.354248046875,1195.167724609375,65.822265625,78.3740234375
IMG_0039.mp4,384,12.812800000000001,29.97002997002997,206,2,traffic_signs,0.7577601075172424,2676.226318359375,1119.758056640625,2744.450927734375,1188.9937744140625,2710.338623046875,1154.3759155273438,68.224609375,69.2357177734375
IMG_0039.mp4,384,12.812800000000001,29.97002997002997,263,1,traffic_lights,0.8605374097824097,2164.64892578125,806.3360595703125,2214.296875,909.0752563476562,2189.472900390625,857.7056579589844,49.64794921875,102.73919677734375
IMG_0039.mp4,384,12.812800000000001,29.97002997002997,349,1,traffic_lights,0.5796039700508118,2680.223388671875,1190.38818359375,2731.22314453125,1283.3858642578125,2705.7232666015625,1236.8870239257812,50.999755859375,92.9976806640625
IMG_0039.mp4,384,12.812800000000001,29.97002997002997,273,2,traffic_signs,0.9464378356933594,1049.190673828125,497.04681396484375,1351.8375244140625,813.8179321289062,1200.5140991210938,655.432373046875,302.6468505859375,316.7711181640625
IMG_0039.mp4,384,12.812800000000001,29.97002997002997,346,1,traffic_lights,0.7680701017379761,1923.6431884765625,1168.2406005859375,1959.177734375,1261.67138671875,1941.4104614257812,1214.9559936523438,35.5345458984375,93.4307861328125
IMG_0039.mp4,384,12.812800000000001,29.97002997002997,336,2,traffic_signs,0.5959528088569641,1822.429931640625,1163.6566162109375,1910.05126953125,1280.571533203125,1866.2406005859375,1222.1140747070312,87.621337890625,116.9149169921875
IMG_0039.mp4,384,12.812800000000001,29.97002997002997,367,2,traffic_signs,0.2725429832935333,1813.3582763671875,1155.183837890625,1880.051025390625,1230.23095703125,1846.7046508789062,1192.7073974609375,66.6927490234375,75.047119140625
IMG_0039.mp4,384,12.812800000000001,29.97002997002997,174,2,traffic_signs,0.8936805725097656,2809.308349609375,1163.66162109375,2900.52978515625,1243.6966552734375,2854.9190673828125,1203.6791381835938,91.221435546875,80.0350341796875
IMG_0039.mp4,385,12.846166666666667,29.97002997002997,206,2,traffic_signs,0.8891170620918274,2688.47216796875,1118.054931640625,2759.607421875,1190.2144775390625,2724.039794921875,1154.1347045898438,71.13525390625,72.1595458984375
IMG_0039.mp4,385,12.846166666666667,29.97002997002997,263,1,traffic_lights,0.8399063944816589,2174.1025390625,804.582763671875,2222.9970703125,907.6520385742188,2198.5498046875,856.1174011230469,48.89453125,103.06927490234375
IMG_0039.mp4,385,12.846166666666667,29.97002997002997,349,1,traffic_lights,0.5106542706489563,2700.0615234375,1185.3489990234375,2766.947998046875,1283.97216796875,2733.5047607421875,1234.6605834960938,66.886474609375,98.6231689453125
IMG_0039.mp4,385,12.846166666666667,29.97002997002997,273,2,traffic_signs,0.9482079744338989,1046.348388671875,486.1983947753906,1352.7138671875,806.7662353515625,1199.5311279296875,646.4823150634766,306.365478515625,320.5678405761719
IMG_0039.mp4,385,12.846166666666667,29.97002997002997,346,1,traffic_lights,0.651599109172821,1933.5994873046875,1166.7979736328125,1969.083740234375,1258.101318359375,1951.3416137695312,1212.4496459960938,35.4842529296875,91.3033447265625
IMG_0039.mp4,385,12.846166666666667,29.97002997002997,336,2,traffic_signs,0.7982437610626221,1826.2198486328125,1159.682373046875,1919.6904296875,1279.3304443359375,1872.9551391601562,1219.5064086914062,93.4705810546875,119.6480712890625
IMG_0039.mp4,385,12.846166666666667,29.97002997002997,174,2,traffic_signs,0.8693984150886536,2823.51904296875,1161.6668701171875,2915.9453125,1241.125,2869.732177734375,1201.3959350585938,92.42626953125,79.4581298828125
IMG_0039.mp4,386,12.879533333333333,29.97002997002997,206,2,traffic_signs,0.8980430960655212,2700.522216796875,1116.359375,2773.290771484375,1189.6370849609375,2736.906494140625,1152.9982299804688,72.7685546875,73.2777099609375
IMG_0039.mp4,386,12.879533333333333,29.97002997002997,263,1,traffic_lights,0.8673304915428162,2182.541748046875,801.0945434570312,2232.796875,905.8906860351562,2207.6693115234375,853.4926147460938,50.255126953125,104.796142578125
IMG_0039.mp4,386,12.879533333333333,29.97002997002997,349,1,traffic_lights,0.6966903209686279,2709.861572265625,1186.0709228515625,2768.66943359375,1282.0206298828125,2739.2655029296875,1234.0457763671875,58.807861328125,95.94970703125
IMG_0039.mp4,386,12.879533333333333,29.97002997002997,273,2,traffic_signs,0.9369372129440308,1044.6904296875,474.6656799316406,1352.92041015625,797.9149169921875,1198.805419921875,636.2902984619141,308.22998046875,323.2492370605469
IMG_0039.mp4,386,12.879533333333333,29.97002997002997,346,1,traffic_lights,0.7198173403739929,1942.242919921875,1166.67138671875,1977.00439453125,1256.385986328125,1959.6236572265625,1211.5286865234375,34.761474609375,89.714599609375
IMG_0039.mp4,386,12.879533333333333,29.97002997002997,336,2,traffic_signs,0.6372345089912415,1833.14208984375,1157.9954833984375,1926.30078125,1279.4522705078125,1879.721435546875,1218.723876953125,93.15869140625,121.456787109375
IMG_0039.mp4,386,12.879533333333333,29.97002997002997,174,2,traffic_signs,0.8752335906028748,2837.136962890625,1161.500732421875,2930.196533203125,1240.4656982421875,2883.666748046875,1200.9832153320312,93.0595703125,78.9649658203125
IMG_0039.mp4,387,12.9129,29.97002997002997,206,2,traffic_signs,0.9126378893852234,2712.55859375,1114.2342529296875,2784.928955078125,1188.888671875,2748.7437744140625,1151.5614624023438,72.370361328125,74.6544189453125
IMG_0039.mp4,387,12.9129,29.97002997002997,263,1,traffic_lights,0.8753938674926758,2190.16748046875,798.85888671875,2241.2021484375,903.1697998046875,2215.684814453125,851.0143432617188,51.03466796875,104.3109130859375
IMG_0039.mp4,387,12.9129,29.97002997002997,349,1,traffic_lights,0.5415276885032654,2732.115478515625,1179.1341552734375,2793.924072265625,1283.09765625,2763.019775390625,1231.1159057617188,61.80859375,103.9635009765625
IMG_0039.mp4,387,12.9129,29.97002997002997,273,2,traffic_signs,0.9373440742492676,1042.6531982421875,465.56964111328125,1352.9022216796875,791.3748779296875,1197.7777099609375,628.4722595214844,310.2490234375,325.80523681640625
IMG_0039.mp4,387,12.9129,29.97002997002997,346,1,traffic_lights,0.8011527061462402,1947.8514404296875,1165.5133056640625,1984.4595947265625,1257.0811767578125,1966.155517578125,1211.2972412109375,36.608154296875,91.56787109375
IMG_0039.mp4,387,12.9129,29.97002997002997,336,2,traffic_signs,0.7797744870185852,1841.53173828125,1156.878662109375,1932.3538818359375,1278.5706787109375,1886.9428100585938,1217.7246704101562,90.8221435546875,121.6920166015625
IMG_0039.mp4,387,12.9129,29.97002997002997,174,2,traffic_signs,0.865571916103363,2850.4169921875,1159.409912109375,2944.01708984375,1239.09521484375,2897.217041015625,1199.2525634765625,93.60009765625,79.685302734375
IMG_0039.mp4,388,12.946266666666666,29.97002997002997,206,2,traffic_signs,0.9008433222770691,2723.28564453125,1112.8529052734375,2796.2001953125,1187.9796142578125,2759.742919921875,1150.416259765625,72.91455078125,75.126708984375
IMG_0039.mp4,388,12.946266666666666,29.97002997002997,263,1,traffic_lights,0.8792409300804138,2197.7978515625,797.0208740234375,2249.4267578125,902.8187866210938,2223.6123046875,849.9198303222656,51.62890625,105.79791259765625
IMG_0039.mp4,388,12.946266666666666,29.97002997002997,273,2,traffic_signs,0.9349730610847473,1040.4674072265625,453.0487976074219,1352.093505859375,785.5977783203125,1196.2804565429688,619.3232879638672,311.6260986328125,332.5489807128906
IMG_0039.mp4,388,12.946266666666666,29.97002997002997,346,1,traffic_lights,0.6393939852714539,1958.0098876953125,1165.373779296875,1991.382568359375,1256.1685791015625,1974.6962280273438,1210.7711791992188,33.3726806640625,90.7947998046875
IMG_0039.mp4,388,12.946266666666666,29.97002997002997,336,2,traffic_signs,0.5503256320953369,1859.60107421875,1171.348388671875,1941.42138671875,1277.866455078125,1900.51123046875,1224.607421875,81.8203125,106.51806640625
IMG_0039.mp4,388,12.946266666666666,29.97002997002997,174,2,traffic_signs,0.8148910999298096,2862.925537109375,1158.32470703125,2955.856201171875,1238.57080078125,2909.390869140625,1198.44775390625,92.9306640625,80.24609375
IMG_0039.mp4,388,12.946266666666666,29.97002997002997,376,1,traffic_lights,0.4212014377117157,2733.9580078125,1181.7513427734375,2782.364990234375,1283.7142333984375,2758.1614990234375,1232.7327880859375,48.406982421875,101.962890625
IMG_0039.mp4,389,12.979633333333334,29.97002997002997,206,2,traffic_signs,0.9142400622367859,2733.320556640625,1110.9949951171875,2808.052490234375,1187.8070068359375,2770.6865234375,1149.4010009765625,74.73193359375,76.81201171875
IMG_0039.mp4,389,12.979633333333334,29.97002997002997,273,2,traffic_signs,0.9348867535591125,1037.400390625,442.2487487792969,1351.527587890625,777.8614501953125,1194.4639892578125,610.0550994873047,314.127197265625,335.6127014160156
IMG_0039.mp4,389,12.979633333333334,29.97002997002997,346,1,traffic_lights,0.7649880051612854,1965.9669189453125,1167.056640625,1999.7054443359375,1254.676513671875,1982.836181640625,1210.8665771484375,33.738525390625,87.619873046875
IMG_0039.mp4,389,12.979633333333334,29.97002997002997,336,2,traffic_signs,0.8687568306922913,1876.5382080078125,1195.2001953125,1950.0543212890625,1275.0484619140625,1913.2962646484375,1235.1243286132812,73.51611328125,79.8482666015625
IMG_0039.mp4,389,12.979633333333334,29.97002997002997,174,2,traffic_signs,0.380386084318161,2875.169921875,1155.75244140625,2969.91650390625,1237.6480712890625,2922.543212890625,1196.7002563476562,94.74658203125,81.8956298828125
IMG_0039.mp4,389,12.979633333333334,29.97002997002997,349,1,traffic_lights,0.5924174785614014,2757.508056640625,1182.707275390625,2824.95751953125,1282.4478759765625,2791.2327880859375,1232.5775756835938,67.449462890625,99.7406005859375
IMG_0039.mp4,390,13.013,29.97002997002997,273,2,traffic_signs,0.9418752193450928,1035.364013671875,433.3617248535156,1351.309326171875,770.577392578125,1193.336669921875,601.9695587158203,315.9453125,337.2156677246094
IMG_0039.mp4,390,13.013,29.97002997002997,346,1,traffic_lights,0.570868730545044,1969.1419677734375,1164.2218017578125,2008.7669677734375,1256.2860107421875,1988.9544677734375,1210.25390625,39.625,92.064208984375
IMG_0039.mp4,390,13.013,29.97002997002997,263,1,traffic_lights,0.8752657175064087,2212.98388671875,791.958984375,2266.30224609375,898.3642578125,2239.64306640625,845.16162109375,53.318359375,106.4052734375
IMG_0039.mp4,391,13.046366666666668,29.97002997002997,273,2,traffic_signs,0.9439331293106079,1031.52587890625,425.7282409667969,1349.753173828125,765.5193481445312,1190.6395263671875,595.6237945556641,318.227294921875,339.7911071777344
IMG_0039.mp4,391,13.046366666666668,29.97002997002997,346,1,traffic_lights,0.507272481918335,1974.3848876953125,1164.2021484375,2011.9813232421875,1253.85888671875,1993.18310546875,1209.030517578125,37.596435546875,89.65673828125
IMG_0039.mp4,391,13.046366666666668,29.97002997002997,263,1,traffic_lights,0.8742653131484985,2219.810546875,791.4580688476562,2272.51904296875,897.6448974609375,2246.164794921875,844.5514831542969,52.70849609375,106.18682861328125
IMG_0039.mp4,391,13.046366666666668,29.97002997002997,206,2,traffic_signs,0.9033696055412292,2753.8603515625,1109.80615234375,2826.194091796875,1189.705078125,2790.0272216796875,1149.755615234375,72.333740234375,79.89892578125
IMG_0039.mp4,391,13.046366666666668,29.97002997002997,336,2,traffic_signs,0.7515703439712524,1893.1552734375,1195.259765625,1960.5411376953125,1274.778564453125,1926.8482055664062,1235.0191650390625,67.3858642578125,79.518798828125
IMG_0039.mp4,391,13.046366666666668,29.97002997002997,174,2,traffic_signs,0.8435608744621277,2897.881103515625,1151.5782470703125,2994.158203125,1236.6759033203125,2946.0196533203125,1194.1270751953125,96.277099609375,85.09765625
IMG_0039.mp4,392,13.079733333333333,29.97002997002997,273,2,traffic_signs,0.932348370552063,1029.4454345703125,417.02178955078125,1348.756103515625,759.2296752929688,1189.1007690429688,588.125732421875,319.3106689453125,342.2078857421875
IMG_0039.mp4,392,13.079733333333333,29.97002997002997,263,1,traffic_lights,0.8929746150970459,2226.75146484375,789.4490356445312,2280.2412109375,896.281982421875,2253.496337890625,842.8655090332031,53.48974609375,106.83294677734375
IMG_0039.mp4,392,13.079733333333333,29.97002997002997,206,2,traffic_signs,0.9145075678825378,2761.896240234375,1108.804931640625,2834.2802734375,1186.5751953125,2798.0882568359375,1147.6900634765625,72.384033203125,77.770263671875
IMG_0039.mp4,392,13.079733333333333,29.97002997002997,336,2,traffic_signs,0.6776371598243713,1896.3037109375,1186.63916015625,1967.33837890625,1275.530029296875,1931.821044921875,1231.0845947265625,71.03466796875,88.890869140625
IMG_0039.mp4,392,13.079733333333333,29.97002997002997,174,2,traffic_signs,0.6663617491722107,2906.724365234375,1151.0736083984375,3004.134521484375,1236.1085205078125,2955.429443359375,1193.591064453125,97.41015625,85.034912109375
IMG_0039.mp4,393,13.113100000000001,29.97002997002997,273,2,traffic_signs,0.9416397213935852,1026.384033203125,405.7462463378906,1348.32958984375,751.2587890625,1187.3568115234375,578.5025177001953,321.945556640625,345.5125427246094
IMG_0039.mp4,393,13.113100000000001,29.97002997002997,263,1,traffic_lights,0.8787789940834045,2233.742919921875,787.8392944335938,2286.89794921875,894.6517944335938,2260.3204345703125,841.2455444335938,53.155029296875,106.8125
IMG_0039.mp4,393,13.113100000000001,29.97002997002997,206,2,traffic_signs,0.8800550103187561,2771.312744140625,1108.5445556640625,2846.186279296875,1185.2171630859375,2808.74951171875,1146.880859375,74.87353515625,76.672607421875
IMG_0039.mp4,393,13.113100000000001,29.97002997002997,336,2,traffic_signs,0.5777613520622253,1899.5672607421875,1172.916259765625,1974.623779296875,1276.7117919921875,1937.0955200195312,1224.8140258789062,75.0565185546875,103.7955322265625
IMG_0039.mp4,393,13.113100000000001,29.97002997002997,174,2,traffic_signs,0.6599271297454834,2919.181884765625,1149.1729736328125,3017.2314453125,1235.211669921875,2968.2066650390625,1192.1923217773438,98.049560546875,86.0386962890625
IMG_0039.mp4,393,13.113100000000001,29.97002997002997,382,2,traffic_signs,0.43746834993362427,1878.1861572265625,1149.1658935546875,1944.1717529296875,1220.6282958984375,1911.178955078125,1184.8970947265625,65.985595703125,71.46240234375
IMG_0039.mp4,393,13.113100000000001,29.97002997002997,376,1,traffic_lights,0.43468907475471497,2784.121337890625,1177.231689453125,2833.283935546875,1278.63134765625,2808.70263671875,1227.9315185546875,49.16259765625,101.399658203125
IMG_0039.mp4,394,13.146466666666667,29.97002997002997,273,2,traffic_signs,0.9352801442146301,1023.8790283203125,396.4836730957031,1347.76220703125,745.3864135742188,1185.8206176757812,570.9350433349609,323.8831787109375,348.9027404785156
IMG_0039.mp4,394,13.146466666666667,29.97002997002997,263,1,traffic_lights,0.8819882869720459,2241.55078125,787.4654541015625,2293.248291015625,893.6583251953125,2267.3995361328125,840.5618896484375,51.697509765625,106.19287109375
IMG_0039.mp4,394,13.146466666666667,29.97002997002997,206,2,traffic_signs,0.9116384387016296,2781.872802734375,1107.3863525390625,2856.9462890625,1185.0992431640625,2819.4095458984375,1146.2427978515625,75.073486328125,77.712890625
IMG_0039.mp4,394,13.146466666666667,29.97002997002997,336,2,traffic_signs,0.46320804953575134,1907.8900146484375,1175.0343017578125,1979.437744140625,1277.5714111328125,1943.6638793945312,1226.3028564453125,71.5477294921875,102.537109375
IMG_0039.mp4,394,13.146466666666667,29.97002997002997,174,2,traffic_signs,0.5583735704421997,2927.3603515625,1148.3953857421875,3027.765380859375,1235.212890625,2977.5628662109375,1191.8041381835938,100.405029296875,86.8175048828125
IMG_0039.mp4,394,13.146466666666667,29.97002997002997,382,2,traffic_signs,0.45156288146972656,1882.863037109375,1148.2559814453125,1945.3382568359375,1218.6334228515625,1914.1006469726562,1183.4447021484375,62.4752197265625,70.37744140625
IMG_0039.mp4,394,13.146466666666667,29.97002997002997,376,1,traffic_lights,0.31514760851860046,2792.300048828125,1178.190673828125,2846.444580078125,1278.6256103515625,2819.372314453125,1228.4081420898438,54.14453125,100.4349365234375
IMG_0039.mp4,395,13.179833333333333,29.97002997002997,273,2,traffic_signs,0.9326379299163818,1020.1150512695312,387.169921875,1346.6319580078125,738.2822875976562,1183.3735046386719,562.7261047363281,326.51690673828125,351.11236572265625
IMG_0039.mp4,395,13.179833333333333,29.97002997002997,263,1,traffic_lights,0.8981040716171265,2249.12353515625,785.1709594726562,2300.839111328125,892.189453125,2274.9813232421875,838.6802062988281,51.715576171875,107.01849365234375
IMG_0039.mp4,395,13.179833333333333,29.97002997002997,206,2,traffic_signs,0.9061849117279053,2792.2421875,1105.239501953125,2867.76611328125,1182.434326171875,2830.004150390625,1143.8369140625,75.52392578125,77.19482421875
IMG_0039.mp4,395,13.179833333333333,29.97002997002997,336,2,traffic_signs,0.7072380781173706,1912.70654296875,1180.580078125,1985.22998046875,1276.810546875,1948.96826171875,1228.6953125,72.5234375,96.23046875
IMG_0039.mp4,395,13.179833333333333,29.97002997002997,174,2,traffic_signs,0.699069082736969,2938.028076171875,1146.5096435546875,3040.273193359375,1233.7081298828125,2989.150634765625,1190.10888671875,102.2451171875,87.198486328125
IMG_0039.mp4,395,13.179833333333333,29.97002997002997,382,2,traffic_signs,0.26480939984321594,1889.3359375,1147.741455078125,1953.157470703125,1222.312744140625,1921.2467041015625,1185.027099609375,63.821533203125,74.5712890625
IMG_0039.mp4,395,13.179833333333333,29.97002997002997,376,1,traffic_lights,0.6141377091407776,2803.35302734375,1175.949462890625,2873.33740234375,1279.416748046875,2838.34521484375,1227.68310546875,69.984375,103.46728515625
IMG_0039.mp4,395,13.179833333333333,29.97002997002997,346,1,traffic_lights,0.7010713219642639,2001.7384033203125,1160.0751953125,2038.0416259765625,1251.297607421875,2019.8900146484375,1205.6864013671875,36.30322265625,91.222412109375
IMG_0039.mp4,396,13.2132,29.97002997002997,273,2,traffic_signs,0.9358500242233276,1017.3103637695312,378.27166748046875,1345.445068359375,732.37109375,1181.3777160644531,555.3213806152344,328.13470458984375,354.09942626953125
IMG_0039.mp4,396,13.2132,29.97002997002997,263,1,traffic_lights,0.8626946210861206,2253.77880859375,783.826171875,2307.84375,891.0088500976562,2280.811279296875,837.4175109863281,54.06494140625,107.18267822265625
IMG_0039.mp4,396,13.2132,29.97002997002997,206,2,traffic_signs,0.8924846649169922,2799.80517578125,1103.953857421875,2875.830322265625,1180.861572265625,2837.8177490234375,1142.40771484375,76.025146484375,76.90771484375
IMG_0039.mp4,396,13.2132,29.97002997002997,336,2,traffic_signs,0.7108335494995117,1917.763671875,1178.74951171875,1991.6884765625,1277.731689453125,1954.72607421875,1228.2406005859375,73.9248046875,98.982177734375
IMG_0039.mp4,396,13.2132,29.97002997002997,174,2,traffic_signs,0.7099023461341858,2946.026611328125,1144.7840576171875,3049.144775390625,1232.1654052734375,2997.585693359375,1188.4747314453125,103.1181640625,87.38134765625
IMG_0039.mp4,396,13.2132,29.97002997002997,382,2,traffic_signs,0.32708102464675903,1895.428466796875,1146.6767578125,1962.56298828125,1222.1724853515625,1928.9957275390625,1184.4246215820312,67.134521484375,75.4957275390625
IMG_0039.mp4,396,13.2132,29.97002997002997,376,1,traffic_lights,0.39448267221450806,2805.16748046875,1174.69921875,2884.50341796875,1279.5196533203125,2844.83544921875,1227.1094360351562,79.3359375,104.8204345703125
IMG_0039.mp4,396,13.2132,29.97002997002997,346,1,traffic_lights,0.6145354509353638,2005.17919921875,1157.5718994140625,2044.658935546875,1252.1749267578125,2024.9190673828125,1204.8734130859375,39.479736328125,94.60302734375
IMG_0039.mp4,397,13.246566666666666,29.97002997002997,273,2,traffic_signs,0.5914421081542969,1014.6752319335938,370.34295654296875,1344.6107177734375,726.771240234375,1179.6429748535156,548.5570983886719,329.93548583984375,356.42828369140625
IMG_0039.mp4,397,13.246566666666666,29.97002997002997,263,1,traffic_lights,0.8836045265197754,2259.821533203125,782.4661254882812,2312.898193359375,888.4970703125,2286.35986328125,835.4815979003906,53.07666015625,106.03094482421875
IMG_0039.mp4,397,13.246566666666666,29.97002997002997,206,2,traffic_signs,0.8934531211853027,2808.989013671875,1101.19189453125,2885.413330078125,1180.1201171875,2847.201171875,1140.656005859375,76.42431640625,78.92822265625
IMG_0039.mp4,397,13.246566666666666,29.97002997002997,336,2,traffic_signs,0.6088261604309082,1919.254638671875,1166.5621337890625,1996.669921875,1275.2728271484375,1957.9622802734375,1220.91748046875,77.415283203125,108.710693359375
IMG_0039.mp4,397,13.246566666666666,29.97002997002997,174,2,traffic_signs,0.8380876779556274,2957.562744140625,1143.3370361328125,3061.8349609375,1231.1844482421875,3009.6988525390625,1187.2607421875,104.272216796875,87.847412109375
IMG_0039.mp4,397,13.246566666666666,29.97002997002997,382,2,traffic_signs,0.40825027227401733,1901.13916015625,1146.3509521484375,1966.377197265625,1223.117919921875,1933.7581787109375,1184.7344360351562,65.238037109375,76.7669677734375
IMG_0039.mp4,397,13.246566666666666,29.97002997002997,376,1,traffic_lights,0.45328664779663086,2818.856201171875,1174.443359375,2899.094482421875,1278.456787109375,2858.975341796875,1226.4500732421875,80.23828125,104.013427734375
IMG_0039.mp4,397,13.246566666666666,29.97002997002997,346,1,traffic_lights,0.7657690644264221,2013.6693115234375,1157.10546875,2050.375,1249.4127197265625,2032.0221557617188,1203.2590942382812,36.7056884765625,92.3072509765625
IMG_0039.mp4,398,13.279933333333334,29.97002997002997,273,2,traffic_signs,0.752147912979126,1011.9965209960938,361.9762268066406,1343.6549072265625,720.6522827148438,1177.8257141113281,541.3142547607422,331.65838623046875,358.6760559082031
IMG_0039.mp4,398,13.279933333333334,29.97002997002997,263,1,traffic_lights,0.5900140404701233,2265.281005859375,781.1976928710938,2316.900146484375,887.2582397460938,2291.090576171875,834.2279663085938,51.619140625,106.060546875
IMG_0039.mp4,398,13.279933333333334,29.97002997002997,206,2,traffic_signs,0.8898102641105652,2817.597412109375,1100.1583251953125,2892.921875,1177.5340576171875,2855.2596435546875,1138.84619140625,75.324462890625,77.375732421875
IMG_0039.mp4,398,13.279933333333334,29.97002997002997,336,2,traffic_signs,0.5100732445716858,1924.5118408203125,1160.2684326171875,2000.864990234375,1275.086669921875,1962.6884155273438,1217.6775512695312,76.3531494140625,114.8182373046875
IMG_0039.mp4,398,13.279933333333334,29.97002997002997,174,2,traffic_signs,0.7784988880157471,2967.33154296875,1142.661376953125,3070.077392578125,1230.847412109375,3018.7044677734375,1186.75439453125,102.745849609375,88.18603515625
IMG_0039.mp4,398,13.279933333333334,29.97002997002997,382,2,traffic_signs,0.331816703081131,1904.5267333984375,1144.6649169921875,1968.1136474609375,1222.9556884765625,1936.3201904296875,1183.810302734375,63.5869140625,78.290771484375
IMG_0039.mp4,398,13.279933333333334,29.97002997002997,376,1,traffic_lights,0.6959128975868225,2827.11083984375,1173.5830078125,2906.350830078125,1278.4635009765625,2866.7308349609375,1226.0232543945312,79.239990234375,104.8804931640625
IMG_0039.mp4,398,13.279933333333334,29.97002997002997,346,1,traffic_lights,0.7222603559494019,2017.715576171875,1155.741455078125,2055.77392578125,1253.2705078125,2036.7447509765625,1204.5059814453125,38.058349609375,97.529052734375
IMG_0039.mp4,398,13.279933333333334,29.97002997002997,387,0,auth_label,0.7162703275680542,25.792543411254883,415.8882141113281,893.4041748046875,1385.6068115234375,459.5983591079712,900.7475128173828,867.6116313934326,969.7185974121094
IMG_0039.mp4,399,13.3133,29.97002997002997,273,2,traffic_signs,0.8585678339004517,1009.1602172851562,352.7535705566406,1342.5107421875,715.2363891601562,1175.8354797363281,533.9949798583984,333.35052490234375,362.4828186035156
IMG_0039.mp4,399,13.3133,29.97002997002997,263,1,traffic_lights,0.817726731300354,2271.7734375,778.898193359375,2323.56591796875,886.142578125,2297.669677734375,832.5203857421875,51.79248046875,107.244384765625
IMG_0039.mp4,399,13.3133,29.97002997002997,206,2,traffic_signs,0.8552865982055664,2826.0087890625,1098.823974609375,2902.4697265625,1175.7149658203125,2864.2392578125,1137.2694702148438,76.4609375,76.8909912109375
IMG_0039.mp4,399,13.3133,29.97002997002997,336,2,traffic_signs,0.37158939242362976,1930.7730712890625,1172.9462890625,2005.624755859375,1273.6256103515625,1968.1989135742188,1223.2859497070312,74.8516845703125,100.6793212890625
IMG_0039.mp4,399,13.3133,29.97002997002997,174,2,traffic_signs,0.7100922465324402,2975.870361328125,1141.7222900390625,3079.714111328125,1230.357177734375,3027.792236328125,1186.0397338867188,103.84375,88.6348876953125
IMG_0039.mp4,399,13.3133,29.97002997002997,382,2,traffic_signs,0.35536113381385803,1910.579345703125,1144.940673828125,1974.3482666015625,1218.3941650390625,1942.4638061523438,1181.6674194335938,63.7689208984375,73.4534912109375
IMG_0039.mp4,399,13.3133,29.97002997002997,376,1,traffic_lights,0.6517935395240784,2833.989501953125,1173.7802734375,2896.001708984375,1276.7176513671875,2864.99560546875,1225.2489624023438,62.01220703125,102.9373779296875
IMG_0039.mp4,399,13.3133,29.97002997002997,387,0,auth_label,0.7684102058410645,29.760150909423828,426.5696105957031,895.388427734375,1382.033935546875,462.5742893218994,904.3017730712891,865.6282768249512,955.4643249511719
IMG_0039.mp4,400,13.346666666666668,29.97002997002997,273,2,traffic_signs,0.89808589220047,1007.093994140625,344.921142578125,1341.708984375,710.4861450195312,1174.4014892578125,527.7036437988281,334.614990234375,365.56500244140625
IMG_0039.mp4,400,13.346666666666668,29.97002997002997,263,1,traffic_lights,0.882163405418396,2276.703857421875,776.5717163085938,2330.235107421875,885.1507568359375,2303.469482421875,830.8612365722656,53.53125,108.57904052734375
IMG_0039.mp4,400,13.346666666666668,29.97002997002997,206,2,traffic_signs,0.8762502074241638,2834.05517578125,1099.1412353515625,2911.160888671875,1175.150146484375,2872.6080322265625,1137.1456909179688,77.105712890625,76.0089111328125
IMG_0039.mp4,400,13.346666666666668,29.97002997002997,336,2,traffic_signs,0.27480974793434143,1935.1903076171875,1173.5260009765625,2011.9940185546875,1273.4847412109375,1973.5921630859375,1223.50537109375,76.8037109375,99.958740234375
IMG_0039.mp4,400,13.346666666666668,29.97002997002997,174,2,traffic_signs,0.8337819576263428,2985.74560546875,1140.833251953125,3089.284912109375,1229.8221435546875,3037.5152587890625,1185.3276977539062,103.539306640625,88.9888916015625
IMG_0039.mp4,400,13.346666666666668,29.97002997002997,382,2,traffic_signs,0.37668412923812866,1914.6134033203125,1145.577392578125,1980.14404296875,1220.8748779296875,1947.3787231445312,1183.2261352539062,65.5306396484375,75.2974853515625
IMG_0039.mp4,400,13.346666666666668,29.97002997002997,376,1,traffic_lights,0.5859540104866028,2841.781005859375,1173.12939453125,2896.197509765625,1274.9981689453125,2868.9892578125,1224.0637817382812,54.41650390625,101.8687744140625
IMG_0039.mp4,400,13.346666666666668,29.97002997002997,387,0,auth_label,0.7415359616279602,34.202510833740234,405.6422119140625,898.6541137695312,1379.2894287109375,466.42831230163574,892.4658203125,864.451602935791,973.647216796875
IMG_0039.mp4,400,13.346666666666668,29.97002997002997,389,2,traffic_signs,0.5621491074562073,1008.201416015625,346.0338134765625,1346.6044921875,711.9752197265625,1177.4029541015625,529.0045166015625,338.403076171875,365.94140625
IMG_0039.mp4,400,13.346666666666668,29.97002997002997,349,1,traffic_lights,0.5748379230499268,2898.776611328125,1182.0015869140625,2934.895751953125,1271.6798095703125,2916.836181640625,1226.8406982421875,36.119140625,89.67822265625
IMG_0039.mp4,400,13.346666666666668,29.97002997002997,346,1,traffic_lights,0.27664291858673096,2028.4293212890625,1155.2884521484375,2068.07958984375,1244.4808349609375,2048.2544555664062,1199.8846435546875,39.6502685546875,89.1923828125
IMG_0039.mp4,401,13.380033333333333,29.97002997002997,273,2,traffic_signs,0.9027286767959595,1004.7066040039062,337.7472839355469,1340.16015625,705.375244140625,1172.4333801269531,521.5612640380859,335.45355224609375,367.6279602050781
IMG_0039.mp4,401,13.380033333333333,29.97002997002997,263,1,traffic_lights,0.8835563063621521,2281.210205078125,774.0450439453125,2335.184326171875,883.8197631835938,2308.197265625,828.9324035644531,53.97412109375,109.77471923828125
IMG_0039.mp4,401,13.380033333333333,29.97002997002997,206,2,traffic_signs,0.8860964775085449,2840.91552734375,1098.15380859375,2918.64306640625,1174.0875244140625,2879.779296875,1136.1206665039062,77.7275390625,75.9337158203125
IMG_0039.mp4,401,13.380033333333333,29.97002997002997,336,2,traffic_signs,0.36294254660606384,1930.8427734375,1155.139404296875,2016.64404296875,1274.8504638671875,1973.743408203125,1214.9949340820312,85.80126953125,119.7110595703125
IMG_0039.mp4,401,13.380033333333333,29.97002997002997,174,2,traffic_signs,0.7026289105415344,2995.102783203125,1138.4090576171875,3098.198974609375,1229.9178466796875,3046.65087890625,1184.1634521484375,103.09619140625,91.5087890625
IMG_0039.mp4,401,13.380033333333333,29.97002997002997,376,1,traffic_lights,0.6304043531417847,2845.18505859375,1173.8253173828125,2899.830322265625,1276.0374755859375,2872.5076904296875,1224.931396484375,54.645263671875,102.212158203125
IMG_0039.mp4,401,13.380033333333333,29.97002997002997,387,0,auth_label,0.6604591608047485,37.918277740478516,385.626220703125,901.3286743164062,1378.2232666015625,469.6234760284424,881.9247436523438,863.4103965759277,992.5970458984375
IMG_0039.mp4,401,13.380033333333333,29.97002997002997,349,1,traffic_lights,0.3061785101890564,2903.905517578125,1182.4190673828125,2940.989501953125,1272.1124267578125,2922.447509765625,1227.2657470703125,37.083984375,89.693359375
IMG_0039.mp4,401,13.380033333333333,29.97002997002997,346,1,traffic_lights,0.5453864336013794,2034.2139892578125,1156.1849365234375,2071.312255859375,1242.1424560546875,2052.7631225585938,1199.1636962890625,37.0982666015625,85.95751953125
IMG_0039.mp4,402,13.413400000000001,29.97002997002997,273,2,traffic_signs,0.7922928929328918,1000.7295532226562,329.4261779785156,1338.8687744140625,700.0755004882812,1169.7991638183594,514.7508392333984,338.13922119140625,370.6493225097656
IMG_0039.mp4,402,13.413400000000001,29.97002997002997,263,1,traffic_lights,0.8686096668243408,2286.83349609375,770.856689453125,2340.88427734375,882.985595703125,2313.85888671875,826.921142578125,54.05078125,112.12890625
IMG_0039.mp4,402,13.413400000000001,29.97002997002997,206,2,traffic_signs,0.844306468963623,2848.203125,1096.041015625,2926.87353515625,1174.2803955078125,2887.538330078125,1135.1607055664062,78.67041015625,78.2393798828125
IMG_0039.mp4,402,13.413400000000001,29.97002997002997,336,2,traffic_signs,0.4620944857597351,1936.697265625,1157.780517578125,2020.9788818359375,1273.7918701171875,1978.8380737304688,1215.7861938476562,84.2816162109375,116.0113525390625
IMG_0039.mp4,402,13.413400000000001,29.97002997002997,174,2,traffic_signs,0.8699657320976257,3002.057373046875,1136.0123291015625,3108.68408203125,1228.21435546875,3055.3707275390625,1182.1133422851562,106.626708984375,92.2020263671875
IMG_0039.mp4,402,13.413400000000001,29.97002997002997,376,1,traffic_lights,0.4569781422615051,2859.6396484375,1170.7130126953125,2907.365966796875,1276.1107177734375,2883.5028076171875,1223.411865234375,47.726318359375,105.397705078125
IMG_0039.mp4,402,13.413400000000001,29.97002997002997,387,0,auth_label,0.7203040719032288,36.81673812866211,371.77008056640625,902.8782348632812,1377.4200439453125,469.8474864959717,874.5950622558594,866.0614967346191,1005.6499633789062
IMG_0039.mp4,402,13.413400000000001,29.97002997002997,382,2,traffic_signs,0.3576735556125641,1923.6173095703125,1145.51513671875,1990.7005615234375,1223.7274169921875,1957.158935546875,1184.6212768554688,67.083251953125,78.2122802734375
IMG_0039.mp4,403,13.446766666666667,29.97002997002997,273,2,traffic_signs,0.7687436938285828,998.370849609375,320.9721984863281,1339.704833984375,695.8604125976562,1169.037841796875,508.4163055419922,341.333984375,374.8882141113281
IMG_0039.mp4,403,13.446766666666667,29.97002997002997,263,1,traffic_lights,0.8273753523826599,2290.720703125,767.9674072265625,2347.729736328125,883.8203125,2319.2252197265625,825.8938598632812,57.009033203125,115.8529052734375
IMG_0039.mp4,403,13.446766666666667,29.97002997002997,206,2,traffic_signs,0.8651649355888367,2855.397705078125,1095.3798828125,2934.86328125,1173.4691162109375,2895.1304931640625,1134.4244995117188,79.465576171875,78.0892333984375
IMG_0039.mp4,403,13.446766666666667,29.97002997002997,336,2,traffic_signs,0.44661515951156616,1940.5758056640625,1148.4818115234375,2022.1177978515625,1274.206298828125,1981.3468017578125,1211.3440551757812,81.5419921875,125.7244873046875
IMG_0039.mp4,403,13.446766666666667,29.97002997002997,174,2,traffic_signs,0.8548910617828369,3009.78466796875,1136.0841064453125,3117.332763671875,1226.1409912109375,3063.5587158203125,1181.112548828125,107.548095703125,90.056884765625
IMG_0039.mp4,403,13.446766666666667,29.97002997002997,376,1,traffic_lights,0.39740458130836487,2869.054931640625,1170.5482177734375,2915.64208984375,1274.7998046875,2892.3485107421875,1222.6740112304688,46.587158203125,104.2515869140625
IMG_0039.mp4,403,13.446766666666667,29.97002997002997,387,0,auth_label,0.792920708656311,39.36443328857422,352.0359802246094,905.7114868164062,1377.5638427734375,472.53796005249023,864.7999114990234,866.347053527832,1025.5278625488281
IMG_0039.mp4,404,13.480133333333333,29.97002997002997,273,2,traffic_signs,0.7612366676330566,996.5731201171875,313.9505310058594,1339.4034423828125,690.7413330078125,1167.98828125,502.34593200683594,342.830322265625,376.7908020019531
IMG_0039.mp4,404,13.480133333333333,29.97002997002997,263,1,traffic_lights,0.8767980933189392,2296.063720703125,767.6068115234375,2353.144775390625,881.3990478515625,2324.604248046875,824.5029296875,57.0810546875,113.792236328125
IMG_0039.mp4,404,13.480133333333333,29.97002997002997,206,2,traffic_signs,0.8727083802223206,2862.956298828125,1095.5091552734375,2940.61962890625,1172.0855712890625,2901.7879638671875,1133.79736328125,77.663330078125,76.576416015625
IMG_0039.mp4,404,13.480133333333333,29.97002997002997,336,2,traffic_signs,0.5159819722175598,1950.4228515625,1163.9530029296875,2028.164306640625,1271.14404296875,1989.2935791015625,1217.5485229492188,77.741455078125,107.1910400390625
IMG_0039.mp4,404,13.480133333333333,29.97002997002997,174,2,traffic_signs,0.6823505163192749,3016.007080078125,1135.668212890625,3124.331787109375,1225.681884765625,3070.16943359375,1180.675048828125,108.32470703125,90.013671875
IMG_0039.mp4,404,13.480133333333333,29.97002997002997,376,1,traffic_lights,0.39460983872413635,2876.626953125,1171.3548583984375,2925.0576171875,1273.0394287109375,2900.84228515625,1222.1971435546875,48.4306640625,101.6845703125
IMG_0039.mp4,404,13.480133333333333,29.97002997002997,387,0,auth_label,0.6724821329116821,48.64922332763672,346.2784118652344,909.8056030273438,1375.0775146484375,479.22741317749023,860.6779632568359,861.156379699707,1028.7991027832031
IMG_0039.mp4,404,13.480133333333333,29.97002997002997,346,1,traffic_lights,0.31146734952926636,2045.631591796875,1156.9803466796875,2086.395751953125,1242.420654296875,2066.013671875,1199.7005004882812,40.76416015625,85.4403076171875
IMG_0039.mp4,405,13.5135,29.97002997002997,273,2,traffic_signs,0.7683576345443726,994.2485961914062,307.7433776855469,1337.6202392578125,685.7809448242188,1165.9344177246094,496.7621612548828,343.37164306640625,378.0375671386719
IMG_0039.mp4,405,13.5135,29.97002997002997,263,1,traffic_lights,0.7105391025543213,2299.994873046875,765.24951171875,2358.84130859375,879.677978515625,2329.4180908203125,822.4637451171875,58.846435546875,114.428466796875
IMG_0039.mp4,405,13.5135,29.97002997002997,206,2,traffic_signs,0.7381503582000732,2868.286376953125,1094.6064453125,2947.852294921875,1170.53076171875,2908.0693359375,1132.568603515625,79.56591796875,75.92431640625
IMG_0039.mp4,405,13.5135,29.97002997002997,336,2,traffic_signs,0.6631765961647034,1955.9150390625,1175.9473876953125,2033.7666015625,1270.182373046875,1994.8408203125,1223.0648803710938,77.8515625,94.2349853515625
IMG_0039.mp4,405,13.5135,29.97002997002997,387,0,auth_label,0.39553725719451904,59.32807540893555,345.4444885253906,913.1309814453125,1370.6832275390625,486.229528427124,858.0638580322266,853.802906036377,1025.2387390136719
IMG_0039.mp4,405,13.5135,29.97002997002997,382,2,traffic_signs,0.27680590748786926,1935.5771484375,1144.06005859375,2003.7364501953125,1222.9620361328125,1969.6567993164062,1183.5110473632812,68.1593017578125,78.9019775390625
IMG_0039.mp4,406,13.546866666666666,29.97002997002997,273,2,traffic_signs,0.5485537648200989,991.8388671875,300.3879699707031,1335.7152099609375,681.2080078125,1163.7770385742188,490.79798889160156,343.8763427734375,380.8200378417969
IMG_0039.mp4,406,13.546866666666666,29.97002997002997,263,1,traffic_lights,0.835354208946228,2302.758544921875,763.1243286132812,2363.729736328125,878.569580078125,2333.244140625,820.8469543457031,60.97119140625,115.44525146484375
IMG_0039.mp4,406,13.546866666666666,29.97002997002997,174,2,traffic_signs,0.9229289293289185,3032.033203125,1135.8118896484375,3142.204833984375,1222.6524658203125,3087.1190185546875,1179.232177734375,110.171630859375,86.840576171875
IMG_0039.mp4,407,13.580233333333334,29.97002997002997,273,2,traffic_signs,0.5027892589569092,988.2200317382812,293.418701171875,1334.3621826171875,676.6190795898438,1161.2911071777344,485.0188903808594,346.14215087890625,383.20037841796875
IMG_0039.mp4,407,13.580233333333334,29.97002997002997,174,2,traffic_signs,0.8273252248764038,3039.451171875,1134.193359375,3149.389404296875,1223.14501953125,3094.4202880859375,1178.669189453125,109.938232421875,88.95166015625
IMG_0039.mp4,407,13.580233333333334,29.97002997002997,376,1,traffic_lights,0.5361207723617554,2899.91357421875,1169.7366943359375,2941.70751953125,1264.322998046875,2920.810546875,1217.0298461914062,41.7939453125,94.5863037109375
IMG_0039.mp4,407,13.580233333333334,29.97002997002997,346,1,traffic_lights,0.3662469983100891,2061.115478515625,1156.95458984375,2096.86181640625,1246.6610107421875,2078.9886474609375,1201.8078002929688,35.746337890625,89.7064208984375
IMG_0039.mp4,407,13.580233333333334,29.97002997002997,206,2,traffic_signs,0.8429901599884033,2882.1083984375,1092.581298828125,2962.261474609375,1167.928466796875,2922.1849365234375,1130.2548828125,80.153076171875,75.34716796875
IMG_0039.mp4,407,13.580233333333334,29.97002997002997,336,2,traffic_signs,0.8528229594230652,1968.3900146484375,1188.3331298828125,2041.7764892578125,1267.584228515625,2005.083251953125,1227.9586791992188,73.386474609375,79.2510986328125
IMG_0039.mp4,407,13.580233333333334,29.97002997002997,387,0,auth_label,0.4360497295856476,65.06326293945312,363.801513671875,918.227783203125,1376.2728271484375,491.64552307128906,870.0371704101562,853.1645202636719,1012.4713134765625
IMG_0039.mp4,408,13.6136,29.97002997002997,273,2,traffic_signs,0.35748109221458435,986.07861328125,284.7177429199219,1332.3017578125,672.4873657226562,1159.190185546875,478.60255432128906,346.22314453125,387.7696228027344
IMG_0039.mp4,408,13.6136,29.97002997002997,174,2,traffic_signs,0.7990871667861938,3046.2412109375,1131.382568359375,3155.535888671875,1224.6387939453125,3100.8885498046875,1178.0106811523438,109.294677734375,93.2562255859375
IMG_0039.mp4,408,13.6136,29.97002997002997,346,1,traffic_lights,0.5467617511749268,2063.71826171875,1157.6461181640625,2099.52783203125,1247.41455078125,2081.623046875,1202.5303344726562,35.8095703125,89.7684326171875
IMG_0039.mp4,408,13.6136,29.97002997002997,206,2,traffic_signs,0.6268853545188904,2887.5556640625,1092.2669677734375,2965.204345703125,1169.974609375,2926.3800048828125,1131.1207885742188,77.648681640625,77.7076416015625
IMG_0039.mp4,408,13.6136,29.97002997002997,336,2,traffic_signs,0.810050368309021,1974.743896484375,1191.8466796875,2042.2083740234375,1268.384033203125,2008.4761352539062,1230.1153564453125,67.4644775390625,76.537353515625
IMG_0039.mp4,408,13.6136,29.97002997002997,382,2,traffic_signs,0.7004151940345764,1949.357421875,1142.32080078125,2012.251953125,1216.632568359375,1980.8046875,1179.4766845703125,62.89453125,74.311767578125
IMG_0039.mp4,408,13.6136,29.97002997002997,263,1,traffic_lights,0.7991812825202942,2312.48974609375,761.6724243164062,2371.480224609375,875.799560546875,2341.9849853515625,818.7359924316406,58.990478515625,114.12713623046875
IMG_0039.mp4,409,13.646966666666668,29.97002997002997,174,2,traffic_signs,0.8559004068374634,3052.7734375,1130.8314208984375,3165.00537109375,1223.3570556640625,3108.889404296875,1177.09423828125,112.23193359375,92.525634765625
IMG_0039.mp4,409,13.646966666666668,29.97002997002997,346,1,traffic_lights,0.43361157178878784,2063.9560546875,1156.0859375,2102.69189453125,1248.1610107421875,2083.323974609375,1202.1234741210938,38.73583984375,92.0750732421875
IMG_0039.mp4,409,13.646966666666668,29.97002997002997,206,2,traffic_signs,0.7727565169334412,2894.833251953125,1091.806640625,2972.9404296875,1170.46875,2933.8868408203125,1131.1376953125,78.107177734375,78.662109375
IMG_0039.mp4,409,13.646966666666668,29.97002997002997,336,2,traffic_signs,0.5810442566871643,1971.7711181640625,1174.6329345703125,2045.016845703125,1268.7802734375,2008.3939819335938,1221.7066040039062,73.2457275390625,94.1473388671875
IMG_0039.mp4,409,13.646966666666668,29.97002997002997,382,2,traffic_signs,0.42156359553337097,1951.7874755859375,1142.0013427734375,2016.7364501953125,1220.6751708984375,1984.261962890625,1181.3382568359375,64.948974609375,78.673828125
IMG_0039.mp4,409,13.646966666666668,29.97002997002997,263,1,traffic_lights,0.8507446050643921,2317.1142578125,760.3772583007812,2375.29638671875,874.495849609375,2346.205322265625,817.4365539550781,58.18212890625,114.11859130859375
IMG_0039.mp4,410,13.680333333333333,29.97002997002997,174,2,traffic_signs,0.9024426937103271,3058.393798828125,1130.8812255859375,3172.28759765625,1222.934326171875,3115.3406982421875,1176.9077758789062,113.893798828125,92.0531005859375
IMG_0039.mp4,410,13.680333333333333,29.97002997002997,346,1,traffic_lights,0.6507948040962219,2070.055419921875,1154.312744140625,2106.040771484375,1249.096435546875,2088.048095703125,1201.70458984375,35.9853515625,94.78369140625
IMG_0039.mp4,410,13.680333333333333,29.97002997002997,206,2,traffic_signs,0.852114737033844,2899.138671875,1090.6019287109375,2977.5908203125,1170.7490234375,2938.36474609375,1130.6754760742188,78.4521484375,80.1470947265625
IMG_0039.mp4,410,13.680333333333333,29.97002997002997,336,2,traffic_signs,0.7597776055335999,1981.4554443359375,1183.786376953125,2050.2177734375,1268.8837890625,2015.8366088867188,1226.3350830078125,68.7623291015625,85.097412109375
IMG_0039.mp4,410,13.680333333333333,29.97002997002997,382,2,traffic_signs,0.6524847149848938,1956.5894775390625,1140.1689453125,2019.4736328125,1218.24267578125,1988.0315551757812,1179.205810546875,62.8841552734375,78.07373046875
IMG_0039.mp4,410,13.680333333333333,29.97002997002997,263,1,traffic_lights,0.8878025412559509,2321.34521484375,760.5349731445312,2380.4892578125,873.3870239257812,2350.917236328125,816.9609985351562,59.14404296875,112.85205078125
IMG_0039.mp4,411,13.713700000000001,29.97002997002997,346,1,traffic_lights,0.35556790232658386,2073.962646484375,1152.722900390625,2111.313232421875,1246.494384765625,2092.637939453125,1199.608642578125,37.3505859375,93.771484375
IMG_0039.mp4,411,13.713700000000001,29.97002997002997,206,2,traffic_signs,0.8906695246696472,2902.424072265625,1089.030517578125,2979.482666015625,1168.37109375,2940.953369140625,1128.7008056640625,77.05859375,79.340576171875
IMG_0039.mp4,411,13.713700000000001,29.97002997002997,336,2,traffic_signs,0.8067244291305542,1988.314697265625,1188.21337890625,2053.118408203125,1268.6201171875,2020.716552734375,1228.416748046875,64.8037109375,80.40673828125
IMG_0039.mp4,411,13.713700000000001,29.97002997002997,382,2,traffic_signs,0.6569256782531738,1959.5753173828125,1139.8656005859375,2020.555908203125,1218.09130859375,1990.0656127929688,1178.9784545898438,60.9805908203125,78.2257080078125
IMG_0039.mp4,411,13.713700000000001,29.97002997002997,263,1,traffic_lights,0.8823019862174988,2322.42333984375,756.75,2384.25244140625,873.1510620117188,2353.337890625,814.9505310058594,61.8291015625,116.40106201171875
IMG_0039.mp4,412,13.747066666666667,29.97002997002997,346,1,traffic_lights,0.54600989818573,2077.3505859375,1152.5931396484375,2114.210693359375,1245.9560546875,2095.7806396484375,1199.2745971679688,36.860107421875,93.3629150390625
IMG_0039.mp4,412,13.747066666666667,29.97002997002997,206,2,traffic_signs,0.9045339226722717,2908.11767578125,1088.0902099609375,2985.179931640625,1168.6331787109375,2946.6488037109375,1128.3616943359375,77.062255859375,80.54296875
IMG_0039.mp4,412,13.747066666666667,29.97002997002997,336,2,traffic_signs,0.7646493911743164,1991.77001953125,1188.8050537109375,2055.440185546875,1267.21826171875,2023.6051025390625,1228.0116577148438,63.670166015625,78.4132080078125
IMG_0039.mp4,412,13.747066666666667,29.97002997002997,382,2,traffic_signs,0.6571448445320129,1961.7855224609375,1139.314453125,2021.7100830078125,1216.9705810546875,1991.747802734375,1178.1425170898438,59.924560546875,77.6561279296875
IMG_0039.mp4,412,13.747066666666667,29.97002997002997,263,1,traffic_lights,0.9153571724891663,2324.162841796875,754.5785522460938,2387.904052734375,873.00341796875,2356.033447265625,813.7909851074219,63.7412109375,118.42486572265625
IMG_0039.mp4,412,13.747066666666667,29.97002997002997,387,0,auth_label,0.45139050483703613,111.07097625732422,409.64031982421875,923.9627075195312,1372.0345458984375,517.5168418884277,890.8374328613281,812.891731262207,962.3942260742188
IMG_0039.mp4,412,13.747066666666667,29.97002997002997,174,2,traffic_signs,0.7548161745071411,3068.546142578125,1129.3582763671875,3181.98291015625,1223.71826171875,3125.2645263671875,1176.5382690429688,113.436767578125,94.3599853515625
IMG_0039.mp4,413,13.780433333333333,29.97002997002997,346,1,traffic_lights,0.724900484085083,2080.111328125,1152.0567626953125,2116.46875,1245.4788818359375,2098.2900390625,1198.767822265625,36.357421875,93.422119140625
IMG_0039.mp4,413,13.780433333333333,29.97002997002997,206,2,traffic_signs,0.8732418417930603,2914.387451171875,1088.87939453125,2994.12158203125,1167.92919921875,2954.2545166015625,1128.404296875,79.734130859375,79.0498046875
IMG_0039.mp4,413,13.780433333333333,29.97002997002997,382,2,traffic_signs,0.43572378158569336,1964.404052734375,1138.2738037109375,2026.139404296875,1217.676513671875,1995.271728515625,1177.9751586914062,61.7353515625,79.4027099609375
IMG_0039.mp4,413,13.780433333333333,29.97002997002997,263,1,traffic_lights,0.7006142139434814,2327.76611328125,756.8526611328125,2382.2705078125,871.4901733398438,2355.018310546875,814.1714172363281,54.50439453125,114.63751220703125
IMG_0039.mp4,413,13.780433333333333,29.97002997002997,387,0,auth_label,0.5704964399337769,106.87615203857422,393.6509704589844,925.5184936523438,1375.090576171875,516.197322845459,884.3707733154297,818.6423416137695,981.4396057128906
IMG_0039.mp4,413,13.780433333333333,29.97002997002997,174,2,traffic_signs,0.8567575812339783,3074.450439453125,1128.0982666015625,3188.671630859375,1223.364990234375,3131.56103515625,1175.7316284179688,114.22119140625,95.2667236328125
IMG_0039.mp4,413,13.780433333333333,29.97002997002997,376,1,traffic_lights,0.6233397126197815,2923.10595703125,1162.34716796875,2994.5107421875,1272.0791015625,2958.808349609375,1217.213134765625,71.40478515625,109.73193359375
IMG_0039.mp4,414,13.8138,29.97002997002997,206,2,traffic_signs,0.9022868871688843,2917.996826171875,1088.120361328125,2999.87353515625,1169.17041015625,2958.9351806640625,1128.6453857421875,81.876708984375,81.050048828125
IMG_0039.mp4,414,13.8138,29.97002997002997,382,2,traffic_signs,0.6064046621322632,1967.0450439453125,1138.3441162109375,2028.84423828125,1215.400634765625,1997.9446411132812,1176.8723754882812,61.7991943359375,77.0565185546875
IMG_0039.mp4,414,13.8138,29.97002997002997,263,1,traffic_lights,0.8780930042266846,2332.931884765625,758.9119873046875,2387.527587890625,871.2609252929688,2360.229736328125,815.0864562988281,54.595703125,112.34893798828125
IMG_0039.mp4,414,13.8138,29.97002997002997,387,0,auth_label,0.2627677321434021,90.43331146240234,368.7807922363281,923.48974609375,1379.78271484375,506.9615287780762,874.2817535400391,833.0564346313477,1011.0019226074219
IMG_0039.mp4,414,13.8138,29.97002997002997,174,2,traffic_signs,0.8933963775634766,3079.090087890625,1127.3759765625,3194.70166015625,1222.97265625,3136.8958740234375,1175.17431640625,115.611572265625,95.5966796875
IMG_0039.mp4,414,13.8138,29.97002997002997,376,1,traffic_lights,0.6559335589408875,2930.191650390625,1162.50732421875,2990.98583984375,1270.4622802734375,2960.5887451171875,1216.4848022460938,60.794189453125,107.9549560546875
IMG_0039.mp4,414,13.8138,29.97002997002997,336,2,traffic_signs,0.7766560316085815,1993.054443359375,1185.21484375,2063.4599609375,1267.5670166015625,2028.2572021484375,1226.3909301757812,70.405517578125,82.3521728515625
IMG_0039.mp4,415,13.847166666666666,29.97002997002997,206,2,traffic_signs,0.8924801349639893,2921.9365234375,1086.7138671875,3004.41796875,1169.125244140625,2963.17724609375,1127.9195556640625,82.4814453125,82.411376953125
IMG_0039.mp4,415,13.847166666666666,29.97002997002997,382,2,traffic_signs,0.609568178653717,1967.0955810546875,1144.2662353515625,2012.6688232421875,1214.55859375,1989.8822021484375,1179.4124145507812,45.5732421875,70.2923583984375
IMG_0039.mp4,415,13.847166666666666,29.97002997002997,263,1,traffic_lights,0.8971817493438721,2335.74609375,759.3322143554688,2392.458251953125,870.755859375,2364.1021728515625,815.0440368652344,56.712158203125,111.42364501953125
IMG_0039.mp4,415,13.847166666666666,29.97002997002997,174,2,traffic_signs,0.9029483795166016,3084.072265625,1127.299072265625,3200.12158203125,1221.30419921875,3142.096923828125,1174.3016357421875,116.04931640625,94.005126953125
IMG_0039.mp4,415,13.847166666666666,29.97002997002997,376,1,traffic_lights,0.6103244423866272,2938.4892578125,1162.6148681640625,2990.324951171875,1268.2952880859375,2964.4071044921875,1215.455078125,51.835693359375,105.680419921875
IMG_0039.mp4,415,13.847166666666666,29.97002997002997,336,2,traffic_signs,0.7838005423545837,1991.283935546875,1188.040283203125,2042.4447021484375,1264.0775146484375,2016.8643188476562,1226.0588989257812,51.1607666015625,76.0372314453125
IMG_0039.mp4,415,13.847166666666666,29.97002997002997,346,1,traffic_lights,0.5100756287574768,2086.3369140625,1152.3140869140625,2121.960693359375,1246.146240234375,2104.1488037109375,1199.2301635742188,35.623779296875,93.8321533203125
IMG_0039.mp4,416,13.880533333333334,29.97002997002997,206,2,traffic_signs,0.9016956686973572,2927.3125,1086.4615478515625,3009.208984375,1167.2225341796875,2968.2607421875,1126.842041015625,81.896484375,80.760986328125
IMG_0039.mp4,416,13.880533333333334,29.97002997002997,382,2,traffic_signs,0.7225491404533386,1970.2459716796875,1140.7503662109375,2029.7049560546875,1215.714111328125,1999.9754638671875,1178.2322387695312,59.458984375,74.9637451171875
IMG_0039.mp4,416,13.880533333333334,29.97002997002997,263,1,traffic_lights,0.8873212337493896,2338.376953125,758.4336547851562,2397.021728515625,870.7855224609375,2367.6993408203125,814.6095886230469,58.644775390625,112.35186767578125
IMG_0039.mp4,416,13.880533333333334,29.97002997002997,174,2,traffic_signs,0.909458339214325,3088.607177734375,1125.1490478515625,3206.6376953125,1221.115966796875,3147.6224365234375,1173.1325073242188,118.030517578125,95.9669189453125
IMG_0039.mp4,416,13.880533333333334,29.97002997002997,376,1,traffic_lights,0.6030228734016418,2944.414306640625,1162.68408203125,2991.93994140625,1267.788330078125,2968.1771240234375,1215.2362060546875,47.525634765625,105.104248046875
IMG_0039.mp4,416,13.880533333333334,29.97002997002997,336,2,traffic_signs,0.7194413542747498,1990.305419921875,1185.2835693359375,2059.933837890625,1265.924072265625,2025.11962890625,1225.6038208007812,69.62841796875,80.6405029296875
IMG_0039.mp4,416,13.880533333333334,29.97002997002997,346,1,traffic_lights,0.3052816390991211,2087.979736328125,1153.719970703125,2124.410400390625,1248.8497314453125,2106.195068359375,1201.2848510742188,36.4306640625,95.1297607421875
IMG_0039.mp4,417,13.9139,29.97002997002997,206,2,traffic_signs,0.8971160054206848,2930.003173828125,1085.419189453125,3013.570068359375,1166.3277587890625,2971.78662109375,1125.8734741210938,83.56689453125,80.9085693359375
IMG_0039.mp4,417,13.9139,29.97002997002997,382,2,traffic_signs,0.7134603261947632,1973.235595703125,1138.162353515625,2037.04345703125,1214.5086669921875,2005.1395263671875,1176.3355102539062,63.807861328125,76.3463134765625
IMG_0039.mp4,417,13.9139,29.97002997002997,263,1,traffic_lights,0.8861393332481384,2341.79833984375,757.6190795898438,2399.904541015625,869.6463623046875,2370.8514404296875,813.6327209472656,58.106201171875,112.02728271484375
IMG_0039.mp4,417,13.9139,29.97002997002997,174,2,traffic_signs,0.8697789907455444,3095.243408203125,1125.0137939453125,3211.339599609375,1219.955078125,3153.29150390625,1172.4844360351562,116.09619140625,94.9412841796875
IMG_0039.mp4,417,13.9139,29.97002997002997,376,1,traffic_lights,0.47760412096977234,2949.30224609375,1162.20458984375,2993.747802734375,1266.753173828125,2971.5250244140625,1214.4788818359375,44.445556640625,104.548583984375
IMG_0039.mp4,417,13.9139,29.97002997002997,336,2,traffic_signs,0.8338920474052429,1994.500732421875,1187.218505859375,2060.00341796875,1267.6817626953125,2027.2520751953125,1227.4501342773438,65.502685546875,80.4632568359375
IMG_0039.mp4,417,13.9139,29.97002997002997,346,1,traffic_lights,0.4543624222278595,2089.743408203125,1154.1649169921875,2126.017822265625,1249.4556884765625,2107.880615234375,1201.810302734375,36.2744140625,95.290771484375
IMG_0039.mp4,417,13.9139,29.97002997002997,273,2,traffic_signs,0.8743972778320312,981.856201171875,231.58175659179688,1313.12890625,571.5252075195312,1147.4925537109375,401.55348205566406,331.272705078125,339.9434509277344
IMG_0039.mp4,418,13.947266666666668,29.97002997002997,206,2,traffic_signs,0.9083332419395447,2932.946044921875,1085.3355712890625,3017.275390625,1165.1571044921875,2975.1107177734375,1125.246337890625,84.329345703125,79.821533203125
IMG_0039.mp4,418,13.947266666666668,29.97002997002997,382,2,traffic_signs,0.7588540315628052,1976.8458251953125,1135.7630615234375,2040.197021484375,1213.5157470703125,2008.5214233398438,1174.639404296875,63.3511962890625,77.752685546875
IMG_0039.mp4,418,13.947266666666668,29.97002997002997,263,1,traffic_lights,0.8778313994407654,2344.54150390625,756.2399291992188,2402.6474609375,869.233642578125,2373.594482421875,812.7367858886719,58.10595703125,112.99371337890625
IMG_0039.mp4,418,13.947266666666668,29.97002997002997,174,2,traffic_signs,0.8931006789207458,3100.95068359375,1125.5699462890625,3215.314453125,1219.3636474609375,3158.132568359375,1172.466796875,114.36376953125,93.793701171875
IMG_0039.mp4,418,13.947266666666668,29.97002997002997,376,1,traffic_lights,0.3362590968608856,2947.233642578125,1161.4053955078125,2999.915771484375,1269.032958984375,2973.57470703125,1215.2191772460938,52.68212890625,107.6275634765625
IMG_0039.mp4,418,13.947266666666668,29.97002997002997,336,2,traffic_signs,0.7933441996574402,1998.8182373046875,1188.61376953125,2062.456787109375,1268.501220703125,2030.6375122070312,1228.5574951171875,63.6385498046875,79.887451171875
IMG_0039.mp4,418,13.947266666666668,29.97002997002997,346,1,traffic_lights,0.3728991746902466,2091.46240234375,1154.62109375,2127.528076171875,1250.274169921875,2109.4952392578125,1202.4476318359375,36.065673828125,95.653076171875
IMG_0039.mp4,419,13.980633333333333,29.97002997002997,206,2,traffic_signs,0.8941221833229065,2935.7626953125,1084.9945068359375,3022.01953125,1166.0335693359375,2978.89111328125,1125.5140380859375,86.2568359375,81.0390625
IMG_0039.mp4,419,13.980633333333333,29.97002997002997,382,2,traffic_signs,0.7858871221542358,1978.4454345703125,1135.675537109375,2041.481689453125,1211.3836669921875,2009.9635620117188,1173.5296020507812,63.0362548828125,75.7081298828125
IMG_0039.mp4,419,13.980633333333333,29.97002997002997,263,1,traffic_lights,0.8798057436943054,2346.7138671875,755.1263427734375,2405.948974609375,868.5361328125,2376.3314208984375,811.8312377929688,59.235107421875,113.4097900390625
IMG_0039.mp4,419,13.980633333333333,29.97002997002997,174,2,traffic_signs,0.8863620758056641,3105.402099609375,1125.9490966796875,3218.517578125,1219.2359619140625,3161.9598388671875,1172.592529296875,113.115478515625,93.286865234375
IMG_0039.mp4,419,13.980633333333333,29.97002997002997,336,2,traffic_signs,0.8300755023956299,2004.4149169921875,1189.6884765625,2069.524169921875,1268.7755126953125,2036.9695434570312,1229.2319946289062,65.1092529296875,79.0870361328125
IMG_0039.mp4,419,13.980633333333333,29.97002997002997,346,1,traffic_lights,0.4177374243736267,2094.796630859375,1152.6484375,2129.0869140625,1248.425537109375,2111.9417724609375,1200.5369873046875,34.290283203125,95.777099609375
IMG_0039.mp4,420,14.014000000000001,29.97002997002997,206,2,traffic_signs,0.8886538743972778,2939.34228515625,1084.4381103515625,3026.2373046875,1165.16943359375,2982.789794921875,1124.8037719726562,86.89501953125,80.7313232421875
IMG_0039.mp4,420,14.014000000000001,29.97002997002997,382,2,traffic_signs,0.6753866672515869,1980.9935302734375,1135.43115234375,2042.3685302734375,1212.0225830078125,2011.6810302734375,1173.7268676757812,61.375,76.5914306640625
IMG_0039.mp4,420,14.014000000000001,29.97002997002997,263,1,traffic_lights,0.767242431640625,2348.075439453125,753.80859375,2408.570556640625,868.3713989257812,2378.322998046875,811.0899963378906,60.4951171875,114.56280517578125
IMG_0039.mp4,420,14.014000000000001,29.97002997002997,174,2,traffic_signs,0.8863255977630615,3109.447265625,1126.404052734375,3220.309814453125,1218.541259765625,3164.8785400390625,1172.47265625,110.862548828125,92.13720703125
IMG_0039.mp4,420,14.014000000000001,29.97002997002997,336,2,traffic_signs,0.8567225337028503,2008.0697021484375,1189.405517578125,2074.03076171875,1269.1180419921875,2041.0502319335938,1229.2617797851562,65.9610595703125,79.7125244140625
IMG_0039.mp4,420,14.014000000000001,29.97002997002997,346,1,traffic_lights,0.2697431147098541,2096.6279296875,1154.38427734375,2130.524169921875,1247.8626708984375,2113.5760498046875,1201.1234741210938,33.896240234375,93.4783935546875
IMG_0039.mp4,420,14.014000000000001,29.97002997002997,376,1,traffic_lights,0.27475565671920776,2953.946533203125,1156.6875,3007.151123046875,1267.370361328125,2980.548828125,1212.0289306640625,53.20458984375,110.682861328125
IMG_0039.mp4,421,14.047366666666667,29.97002997002997,206,2,traffic_signs,0.8888343572616577,2943.446533203125,1083.763916015625,3028.619140625,1165.4564208984375,2986.0328369140625,1124.6101684570312,85.172607421875,81.6925048828125
IMG_0039.mp4,421,14.047366666666667,29.97002997002997,382,2,traffic_signs,0.6203844547271729,1982.5877685546875,1136.417236328125,2040.32470703125,1213.314697265625,2011.4562377929688,1174.865966796875,57.7369384765625,76.8974609375
IMG_0039.mp4,421,14.047366666666667,29.97002997002997,263,1,traffic_lights,0.8417510986328125,2349.93408203125,752.7207641601562,2410.211669921875,867.0086669921875,2380.0728759765625,809.8647155761719,60.277587890625,114.28790283203125
IMG_0039.mp4,421,14.047366666666667,29.97002997002997,174,2,traffic_signs,0.883460283279419,3113.7822265625,1126.334228515625,3223.24267578125,1219.029052734375,3168.512451171875,1172.681640625,109.46044921875,92.69482421875
IMG_0039.mp4,421,14.047366666666667,29.97002997002997,336,2,traffic_signs,0.8474087119102478,2009.0860595703125,1186.8079833984375,2077.426513671875,1268.5919189453125,2043.2562866210938,1227.699951171875,68.3404541015625,81.783935546875
IMG_0039.mp4,421,14.047366666666667,29.97002997002997,346,1,traffic_lights,0.3096911311149597,2098.029052734375,1152.925537109375,2133.9677734375,1247.7047119140625,2115.9984130859375,1200.3151245117188,35.938720703125,94.7791748046875
IMG_0039.mp4,421,14.047366666666667,29.97002997002997,273,2,traffic_signs,0.34400221705436707,962.7417602539062,209.08212280273438,1306.34130859375,571.6198120117188,1134.5415344238281,390.35096740722656,343.59954833984375,362.5376892089844
IMG_0039.mp4,422,14.080733333333333,29.97002997002997,206,2,traffic_signs,0.8854646682739258,2948.168701171875,1082.4146728515625,3031.09521484375,1164.33984375,2989.6319580078125,1123.3772583007812,82.926513671875,81.9251708984375
IMG_0039.mp4,422,14.080733333333333,29.97002997002997,382,2,traffic_signs,0.4607113301753998,1984.059814453125,1137.1707763671875,2046.9490966796875,1212.95703125,2015.5044555664062,1175.0639038085938,62.8892822265625,75.7862548828125
IMG_0039.mp4,422,14.080733333333333,29.97002997002997,263,1,traffic_lights,0.7582294940948486,2352.5458984375,751.7453002929688,2412.126220703125,867.4752807617188,2382.3360595703125,809.6102905273438,59.580322265625,115.72998046875
IMG_0039.mp4,422,14.080733333333333,29.97002997002997,174,2,traffic_signs,0.8779990077018738,3117.7275390625,1125.53759765625,3227.95166015625,1219.77001953125,3172.839599609375,1172.65380859375,110.22412109375,94.232421875
IMG_0039.mp4,422,14.080733333333333,29.97002997002997,336,2,traffic_signs,0.8120386004447937,2010.69873046875,1187.4739990234375,2081.641357421875,1267.7774658203125,2046.1700439453125,1227.625732421875,70.942626953125,80.303466796875
IMG_0039.mp4,422,14.080733333333333,29.97002997002997,346,1,traffic_lights,0.4158555269241333,2102.255615234375,1150.5762939453125,2137.1875,1245.5213623046875,2119.7215576171875,1198.048828125,34.931884765625,94.945068359375
IMG_0039.mp4,422,14.080733333333333,29.97002997002997,405,2,traffic_signs,0.5201214551925659,2332.548828125,1349.915771484375,2400.653076171875,1368.5194091796875,2366.6009521484375,1359.2175903320312,68.104248046875,18.6036376953125
IMG_0039.mp4,423,14.1141,29.97002997002997,206,2,traffic_signs,0.8900934457778931,2951.4609375,1081.7705078125,3033.424072265625,1163.765380859375,2992.4425048828125,1122.7679443359375,81.963134765625,81.994873046875
IMG_0039.mp4,423,14.1141,29.97002997002997,382,2,traffic_signs,0.6464497447013855,1984.0535888671875,1136.1513671875,2049.506103515625,1208.9488525390625,2016.7798461914062,1172.5501098632812,65.4525146484375,72.7974853515625
IMG_0039.mp4,423,14.1141,29.97002997002997,263,1,traffic_lights,0.8726122975349426,2354.953857421875,751.330078125,2413.790771484375,867.3489990234375,2384.372314453125,809.3395385742188,58.8369140625,116.0189208984375
IMG_0039.mp4,423,14.1141,29.97002997002997,174,2,traffic_signs,0.9028491377830505,3121.3583984375,1124.8787841796875,3233.018310546875,1218.384765625,3177.1883544921875,1171.6317749023438,111.659912109375,93.5059814453125
IMG_0039.mp4,423,14.1141,29.97002997002997,336,2,traffic_signs,0.8759489059448242,2012.1312255859375,1185.5260009765625,2084.642578125,1267.1407470703125,2048.3869018554688,1226.3333740234375,72.5113525390625,81.61474609375
IMG_0039.mp4,424,14.147466666666666,29.97002997002997,206,2,traffic_signs,0.8916912078857422,2954.389404296875,1082.093994140625,3037.857421875,1162.8157958984375,2996.1234130859375,1122.4548950195312,83.468017578125,80.7218017578125
IMG_0039.mp4,424,14.147466666666666,29.97002997002997,382,2,traffic_signs,0.6915686130523682,1986.2171630859375,1135.794921875,2050.619384765625,1208.6187744140625,2018.4182739257812,1172.2068481445312,64.4022216796875,72.8238525390625
IMG_0039.mp4,424,14.147466666666666,29.97002997002997,263,1,traffic_lights,0.8236736059188843,2359.2490234375,751.3285522460938,2414.33154296875,866.9146118164062,2386.790283203125,809.12158203125,55.08251953125,115.5860595703125
IMG_0039.mp4,424,14.147466666666666,29.97002997002997,174,2,traffic_signs,0.883594810962677,3125.01416015625,1123.9097900390625,3238.102294921875,1217.1004638671875,3181.5582275390625,1170.505126953125,113.088134765625,93.190673828125
IMG_0039.mp4,424,14.147466666666666,29.97002997002997,336,2,traffic_signs,0.807298481464386,2013.768798828125,1185.278564453125,2087.12841796875,1266.5340576171875,2050.4486083984375,1225.9063110351562,73.359619140625,81.2554931640625
IMG_0039.mp4,425,14.180833333333334,29.97002997002997,206,2,traffic_signs,0.9006547331809998,2956.578369140625,1081.9903564453125,3040.2265625,1162.8018798828125,2998.4024658203125,1122.3961181640625,83.648193359375,80.8115234375
IMG_0039.mp4,425,14.180833333333334,29.97002997002997,382,2,traffic_signs,0.35812830924987793,1988.4317626953125,1136.1490478515625,2054.03662109375,1213.2685546875,2021.2341918945312,1174.7088012695312,65.6048583984375,77.1195068359375
IMG_0039.mp4,425,14.180833333333334,29.97002997002997,263,1,traffic_lights,0.8685846328735352,2360.54345703125,751.6375122070312,2415.086181640625,866.453125,2387.8148193359375,809.0453186035156,54.542724609375,114.81561279296875
IMG_0039.mp4,425,14.180833333333334,29.97002997002997,174,2,traffic_signs,0.6737744808197021,3129.445556640625,1122.669677734375,3240.865966796875,1216.7796630859375,3185.15576171875,1169.7246704101562,111.42041015625,94.1099853515625
IMG_0039.mp4,425,14.180833333333334,29.97002997002997,336,2,traffic_signs,0.48066985607147217,2011.763671875,1173.2135009765625,2089.299560546875,1266.8626708984375,2050.5316162109375,1220.0380859375,77.535888671875,93.649169921875
IMG_0039.mp4,425,14.180833333333334,29.97002997002997,346,1,traffic_lights,0.799248993396759,2108.494140625,1148.70458984375,2141.87255859375,1245.802490234375,2125.183349609375,1197.2535400390625,33.37841796875,97.097900390625
IMG_0039.mp4,426,14.2142,29.97002997002997,382,2,traffic_signs,0.2942192256450653,1989.67919921875,1135.22119140625,2057.011962890625,1219.77685546875,2023.3455810546875,1177.4990234375,67.332763671875,84.5556640625
IMG_0039.mp4,426,14.2142,29.97002997002997,263,1,traffic_lights,0.8664399981498718,2361.1533203125,750.208984375,2419.17626953125,866.4271850585938,2390.164794921875,808.3180847167969,58.02294921875,116.21820068359375
IMG_0039.mp4,426,14.2142,29.97002997002997,174,2,traffic_signs,0.6971883177757263,3133.755859375,1123.7161865234375,3244.1884765625,1215.99658203125,3188.97216796875,1169.8563842773438,110.4326171875,92.2803955078125
IMG_0039.mp4,426,14.2142,29.97002997002997,336,2,traffic_signs,0.6008367538452148,2013.8729248046875,1171.0557861328125,2090.09033203125,1266.7041015625,2051.9816284179688,1218.8799438476562,76.2174072265625,95.6483154296875
IMG_0039.mp4,426,14.2142,29.97002997002997,346,1,traffic_lights,0.7505629062652588,2109.6591796875,1148.3890380859375,2144.235107421875,1247.1717529296875,2126.9471435546875,1197.7803955078125,34.575927734375,98.78271484375
IMG_0039.mp4,426,14.2142,29.97002997002997,376,1,traffic_lights,0.5188770890235901,2975.902099609375,1156.2027587890625,3029.12744140625,1264.9779052734375,3002.5147705078125,1210.59033203125,53.225341796875,108.775146484375
IMG_0039.mp4,427,14.247566666666668,29.97002997002997,382,2,traffic_signs,0.4229482412338257,1991.34912109375,1135.580322265625,2058.8876953125,1221.153076171875,2025.118408203125,1178.36669921875,67.53857421875,85.57275390625
IMG_0039.mp4,427,14.247566666666668,29.97002997002997,263,1,traffic_lights,0.8674026727676392,2362.975341796875,749.2946166992188,2421.8544921875,866.11279296875,2392.4149169921875,807.7037048339844,58.879150390625,116.81817626953125
IMG_0039.mp4,427,14.247566666666668,29.97002997002997,336,2,traffic_signs,0.7333804368972778,2016.01416015625,1173.8436279296875,2090.491943359375,1266.1160888671875,2053.2530517578125,1219.9798583984375,74.477783203125,92.2724609375
IMG_0039.mp4,427,14.247566666666668,29.97002997002997,346,1,traffic_lights,0.7227829694747925,2111.5126953125,1148.77685546875,2146.240966796875,1247.4388427734375,2128.8768310546875,1198.1078491210938,34.728271484375,98.6619873046875
IMG_0039.mp4,427,14.247566666666668,29.97002997002997,206,2,traffic_signs,0.6831196546554565,2962.8037109375,1081.701416015625,3046.812744140625,1160.8323974609375,3004.8082275390625,1121.2669067382812,84.009033203125,79.1309814453125
IMG_0039.mp4,428,14.280933333333333,29.97002997002997,382,2,traffic_signs,0.4805191457271576,1992.21875,1135.7847900390625,2060.1201171875,1219.5003662109375,2026.16943359375,1177.642578125,67.9013671875,83.715576171875
IMG_0039.mp4,428,14.280933333333333,29.97002997002997,263,1,traffic_lights,0.8730488419532776,2365.13037109375,749.1573486328125,2422.9658203125,865.0557250976562,2394.048095703125,807.1065368652344,57.83544921875,115.89837646484375
IMG_0039.mp4,428,14.280933333333333,29.97002997002997,336,2,traffic_signs,0.7419544458389282,2016.0665283203125,1177.0498046875,2090.513671875,1265.86669921875,2053.2901000976562,1221.458251953125,74.4471435546875,88.81689453125
IMG_0039.mp4,428,14.280933333333333,29.97002997002997,346,1,traffic_lights,0.7960188388824463,2113.212890625,1149.2762451171875,2147.33544921875,1247.9617919921875,2130.274169921875,1198.6190185546875,34.12255859375,98.685546875
IMG_0039.mp4,428,14.280933333333333,29.97002997002997,206,2,traffic_signs,0.7667872309684753,2964.948974609375,1080.3929443359375,3049.452392578125,1161.284912109375,3007.20068359375,1120.8389282226562,84.50341796875,80.8919677734375
IMG_0039.mp4,428,14.280933333333333,29.97002997002997,174,2,traffic_signs,0.8712910413742065,3138.822021484375,1122.3653564453125,3253.237060546875,1215.285888671875,3196.029541015625,1168.8256225585938,114.4150390625,92.9205322265625
IMG_0039.mp4,429,14.314300000000001,29.97002997002997,382,2,traffic_signs,0.333608478307724,1994.388916015625,1135.4818115234375,2063.237060546875,1221.6044921875,2028.81298828125,1178.5431518554688,68.84814453125,86.1226806640625
IMG_0039.mp4,429,14.314300000000001,29.97002997002997,263,1,traffic_lights,0.8771738409996033,2366.932373046875,748.3814697265625,2424.749755859375,864.7821044921875,2395.841064453125,806.581787109375,57.8173828125,116.400634765625
IMG_0039.mp4,429,14.314300000000001,29.97002997002997,336,2,traffic_signs,0.7182472944259644,2015.6051025390625,1172.5228271484375,2092.33935546875,1265.7662353515625,2053.9722290039062,1219.14453125,76.7342529296875,93.243408203125
IMG_0039.mp4,429,14.314300000000001,29.97002997002997,346,1,traffic_lights,0.775749683380127,2114.203125,1148.3057861328125,2149.2109375,1248.23974609375,2131.70703125,1198.2727661132812,35.0078125,99.9339599609375
IMG_0039.mp4,429,14.314300000000001,29.97002997002997,206,2,traffic_signs,0.846278965473175,2967.06787109375,1079.334716796875,3052.72705078125,1160.517822265625,3009.8974609375,1119.92626953125,85.6591796875,81.18310546875
IMG_0039.mp4,429,14.314300000000001,29.97002997002997,174,2,traffic_signs,0.8377121090888977,3141.072998046875,1122.1845703125,3256.11181640625,1215.82470703125,3198.5924072265625,1169.004638671875,115.038818359375,93.64013671875
IMG_0039.mp4,429,14.314300000000001,29.97002997002997,376,1,traffic_lights,0.6410976648330688,2982.377197265625,1153.913330078125,3036.233642578125,1265.53369140625,3009.305419921875,1209.7235107421875,53.8564453125,111.620361328125
IMG_0039.mp4,430,14.347666666666667,29.97002997002997,382,2,traffic_signs,0.26006880402565,1996.004150390625,1134.622802734375,2065.74169921875,1230.80419921875,2030.8729248046875,1182.7135009765625,69.737548828125,96.181396484375
IMG_0039.mp4,430,14.347666666666667,29.97002997002997,263,1,traffic_lights,0.8723790645599365,2368.553466796875,747.2223510742188,2426.6298828125,863.9825439453125,2397.5916748046875,805.6024475097656,58.076416015625,116.76019287109375
IMG_0039.mp4,430,14.347666666666667,29.97002997002997,336,2,traffic_signs,0.7651317715644836,2010.5794677734375,1153.2017822265625,2092.302978515625,1266.6361083984375,2051.4412231445312,1209.9189453125,81.7235107421875,113.434326171875
IMG_0039.mp4,430,14.347666666666667,29.97002997002997,346,1,traffic_lights,0.7979078888893127,2114.524169921875,1147.48876953125,2150.486328125,1247.9478759765625,2132.5052490234375,1197.7183227539062,35.962158203125,100.4591064453125
IMG_0039.mp4,430,14.347666666666667,29.97002997002997,206,2,traffic_signs,0.8773829340934753,2970.322509765625,1079.002197265625,3056.166259765625,1159.64453125,3013.244384765625,1119.3233642578125,85.84375,80.642333984375
IMG_0039.mp4,430,14.347666666666667,29.97002997002997,174,2,traffic_signs,0.8168237209320068,3143.329345703125,1122.381103515625,3258.756103515625,1215.2900390625,3201.042724609375,1168.8355712890625,115.4267578125,92.908935546875
IMG_0039.mp4,430,14.347666666666667,29.97002997002997,376,1,traffic_lights,0.42363497614860535,2981.90185546875,1152.548828125,3045.244384765625,1271.2763671875,3013.5731201171875,1211.91259765625,63.342529296875,118.7275390625
IMG_0039.mp4,431,14.381033333333333,29.97002997002997,382,2,traffic_signs,0.600947380065918,1997.256591796875,1134.2568359375,2065.246826171875,1223.847412109375,2031.251708984375,1179.0521240234375,67.990234375,89.590576171875
IMG_0039.mp4,431,14.381033333333333,29.97002997002997,263,1,traffic_lights,0.8906024694442749,2370.31591796875,747.700927734375,2427.60107421875,864.1194458007812,2398.95849609375,805.9101867675781,57.28515625,116.41851806640625
IMG_0039.mp4,431,14.381033333333333,29.97002997002997,336,2,traffic_signs,0.6545664072036743,2016.2178955078125,1166.965087890625,2093.09716796875,1265.439453125,2054.6575317382812,1216.2022705078125,76.8792724609375,98.474365234375
IMG_0039.mp4,431,14.381033333333333,29.97002997002997,346,1,traffic_lights,0.6120501756668091,2115.5234375,1147.9405517578125,2151.58154296875,1247.6318359375,2133.552490234375,1197.7861938476562,36.05810546875,99.6912841796875
IMG_0039.mp4,431,14.381033333333333,29.97002997002997,206,2,traffic_signs,0.8453823924064636,2972.891357421875,1078.869873046875,3058.211181640625,1159.1121826171875,3015.55126953125,1118.9910278320312,85.31982421875,80.2423095703125
IMG_0039.mp4,431,14.381033333333333,29.97002997002997,174,2,traffic_signs,0.8440758585929871,3144.784423828125,1122.5035400390625,3261.8759765625,1214.6268310546875,3203.3302001953125,1168.565185546875,117.091552734375,92.123291015625
IMG_0039.mp4,432,14.4144,29.97002997002997,336,2,traffic_signs,0.768747091293335,2019.3450927734375,1161.57958984375,2096.871826171875,1264.7127685546875,2058.1084594726562,1213.1461791992188,77.5267333984375,103.1331787109375
IMG_0039.mp4,432,14.4144,29.97002997002997,346,1,traffic_lights,0.3623773455619812,2115.411865234375,1148.23291015625,2152.421630859375,1244.51806640625,2133.916748046875,1196.37548828125,37.009765625,96.28515625
IMG_0039.mp4,432,14.4144,29.97002997002997,206,2,traffic_signs,0.8415476679801941,2975.69873046875,1077.381591796875,3060.66748046875,1159.413330078125,3018.18310546875,1118.3974609375,84.96875,82.03173828125
IMG_0039.mp4,432,14.4144,29.97002997002997,174,2,traffic_signs,0.8858712315559387,3148.418701171875,1122.18359375,3265.408935546875,1214.3037109375,3206.913818359375,1168.24365234375,116.990234375,92.1201171875
IMG_0039.mp4,432,14.4144,29.97002997002997,405,2,traffic_signs,0.3983091711997986,2349.79296875,1348.446533203125,2417.58154296875,1368.5419921875,2383.687255859375,1358.4942626953125,67.78857421875,20.095458984375
IMG_0039.mp4,433,14.447766666666666,29.97002997002997,336,2,traffic_signs,0.685183048248291,2010.3199462890625,1146.81494140625,2099.810546875,1266.5718994140625,2055.0652465820312,1206.6934204101562,89.4906005859375,119.7569580078125
IMG_0039.mp4,433,14.447766666666666,29.97002997002997,346,1,traffic_lights,0.645173192024231,2114.3623046875,1146.9500732421875,2155.416015625,1246.5745849609375,2134.88916015625,1196.7623291015625,41.0537109375,99.62451171875
IMG_0039.mp4,433,14.447766666666666,29.97002997002997,206,2,traffic_signs,0.8461213707923889,2980.094482421875,1085.52294921875,3062.9794921875,1155.1539306640625,3021.5369873046875,1120.3384399414062,82.885009765625,69.6309814453125
IMG_0039.mp4,433,14.447766666666666,29.97002997002997,263,1,traffic_lights,0.8501313924789429,2370.915771484375,744.28955078125,2440.053955078125,863.0538330078125,2405.48486328125,803.6716918945312,69.13818359375,118.7642822265625
IMG_0039.mp4,434,14.481133333333334,29.97002997002997,336,2,traffic_signs,0.7045627236366272,2006.650634765625,1141.9189453125,2098.801513671875,1266.440673828125,2052.72607421875,1204.1798095703125,92.15087890625,124.521728515625
IMG_0039.mp4,434,14.481133333333334,29.97002997002997,346,1,traffic_lights,0.732158362865448,2117.232666015625,1147.541015625,2155.86376953125,1243.89453125,2136.5482177734375,1195.7177734375,38.631103515625,96.353515625
IMG_0039.mp4,434,14.481133333333334,29.97002997002997,206,2,traffic_signs,0.8715247511863708,2981.00830078125,1079.471435546875,3064.652099609375,1155.86181640625,3022.8302001953125,1117.6666259765625,83.643798828125,76.390380859375
IMG_0039.mp4,434,14.481133333333334,29.97002997002997,263,1,traffic_lights,0.8664810061454773,2372.031982421875,743.6556396484375,2439.7734375,862.74169921875,2405.9027099609375,803.1986694335938,67.741455078125,119.0860595703125
IMG_0039.mp4,434,14.481133333333334,29.97002997002997,382,2,traffic_signs,0.2631857693195343,2001.044921875,1134.6573486328125,2067.89599609375,1226.2891845703125,2034.470458984375,1180.4732666015625,66.85107421875,91.6318359375
IMG_0039.mp4,435,14.5145,29.97002997002997,336,2,traffic_signs,0.5474109053611755,2010.31494140625,1140.2552490234375,2099.11669921875,1266.4676513671875,2054.7158203125,1203.3614501953125,88.8017578125,126.21240234375
IMG_0039.mp4,435,14.5145,29.97002997002997,346,1,traffic_lights,0.5507602691650391,2117.69873046875,1147.3834228515625,2157.797119140625,1244.1175537109375,2137.7479248046875,1195.75048828125,40.098388671875,96.734130859375
IMG_0039.mp4,435,14.5145,29.97002997002997,206,2,traffic_signs,0.8833111524581909,2981.705322265625,1077.16357421875,3067.019775390625,1157.310791015625,3024.362548828125,1117.2371826171875,85.314453125,80.147216796875
IMG_0039.mp4,435,14.5145,29.97002997002997,263,1,traffic_lights,0.8682917356491089,2373.035400390625,743.5155639648438,2440.518310546875,862.8801879882812,2406.77685546875,803.1978759765625,67.48291015625,119.3646240234375
IMG_0039.mp4,435,14.5145,29.97002997002997,382,2,traffic_signs,0.25076958537101746,2002.8055419921875,1134.609375,2068.330810546875,1228.5045166015625,2035.5681762695312,1181.5569458007812,65.5252685546875,93.8951416015625
IMG_0039.mp4,435,14.5145,29.97002997002997,174,2,traffic_signs,0.256894052028656,3152.62939453125,1121.6536865234375,3268.203125,1213.0413818359375,3210.416259765625,1167.3475341796875,115.57373046875,91.3876953125
IMG_0039.mp4,436,14.547866666666668,29.97002997002997,336,2,traffic_signs,0.465236097574234,2014.4564208984375,1140.1436767578125,2099.58154296875,1266.0050048828125,2057.0189819335938,1203.0743408203125,85.1251220703125,125.861328125
IMG_0039.mp4,436,14.547866666666668,29.97002997002997,346,1,traffic_lights,0.6463139057159424,2120.021484375,1147.2147216796875,2159.2607421875,1241.961669921875,2139.64111328125,1194.5881958007812,39.2392578125,94.7469482421875
IMG_0039.mp4,436,14.547866666666668,29.97002997002997,206,2,traffic_signs,0.8400088548660278,2982.557861328125,1075.7193603515625,3069.9072265625,1158.2022705078125,3026.2325439453125,1116.9608154296875,87.349365234375,82.48291015625
IMG_0039.mp4,436,14.547866666666668,29.97002997002997,263,1,traffic_lights,0.8699012994766235,2373.77001953125,742.8310546875,2440.9892578125,862.7735595703125,2407.379638671875,802.8023071289062,67.21923828125,119.9425048828125
IMG_0039.mp4,436,14.547866666666668,29.97002997002997,174,2,traffic_signs,0.5204996466636658,3157.720703125,1121.5726318359375,3272.745361328125,1212.1402587890625,3215.2330322265625,1166.8564453125,115.024658203125,90.567626953125
IMG_0039.mp4,436,14.547866666666668,29.97002997002997,376,1,traffic_lights,0.32416820526123047,2992.968994140625,1153.77392578125,3050.50830078125,1266.24853515625,3021.7386474609375,1210.01123046875,57.539306640625,112.474609375
IMG_0039.mp4,437,14.581233333333333,29.97002997002997,336,2,traffic_signs,0.3514443039894104,2014.474853515625,1139.0504150390625,2101.402587890625,1265.4884033203125,2057.938720703125,1202.2694091796875,86.927734375,126.43798828125
IMG_0039.mp4,437,14.581233333333333,29.97002997002997,346,1,traffic_lights,0.6710867285728455,2121.726806640625,1146.5362548828125,2160.138671875,1240.782958984375,2140.9327392578125,1193.6596069335938,38.411865234375,94.2467041015625
IMG_0039.mp4,437,14.581233333333333,29.97002997002997,206,2,traffic_signs,0.8223890662193298,2985.718017578125,1074.4512939453125,3072.607666015625,1157.2125244140625,3029.162841796875,1115.8319091796875,86.8896484375,82.76123046875
IMG_0039.mp4,437,14.581233333333333,29.97002997002997,263,1,traffic_lights,0.8776755332946777,2374.80908203125,742.5126342773438,2441.2294921875,861.91015625,2408.019287109375,802.2113952636719,66.42041015625,119.39752197265625
IMG_0039.mp4,437,14.581233333333333,29.97002997002997,376,1,traffic_lights,0.29944509267807007,2995.32080078125,1152.0223388671875,3054.89892578125,1271.4056396484375,3025.10986328125,1211.7139892578125,59.578125,119.38330078125
IMG_0039.mp4,437,14.581233333333333,29.97002997002997,382,2,traffic_signs,0.27209216356277466,2005.2908935546875,1135.591064453125,2069.68994140625,1223.5838623046875,2037.4904174804688,1179.5874633789062,64.3990478515625,87.9927978515625
IMG_0039.mp4,438,14.614600000000001,29.97002997002997,336,2,traffic_signs,0.5113858580589294,2013.0263671875,1137.7762451171875,2102.448486328125,1265.046630859375,2057.7374267578125,1201.4114379882812,89.422119140625,127.2703857421875
IMG_0039.mp4,438,14.614600000000001,29.97002997002997,346,1,traffic_lights,0.4741479754447937,2122.111083984375,1145.624267578125,2162.9384765625,1239.46923828125,2142.5247802734375,1192.5467529296875,40.827392578125,93.844970703125
IMG_0039.mp4,438,14.614600000000001,29.97002997002997,206,2,traffic_signs,0.807565450668335,2988.251708984375,1074.198486328125,3075.927734375,1155.9222412109375,3032.0897216796875,1115.0603637695312,87.676025390625,81.7237548828125
IMG_0039.mp4,438,14.614600000000001,29.97002997002997,263,1,traffic_lights,0.8737828135490417,2375.58154296875,741.9644775390625,2442.181396484375,860.8123779296875,2408.8814697265625,801.388427734375,66.599853515625,118.847900390625
IMG_0039.mp4,438,14.614600000000001,29.97002997002997,376,1,traffic_lights,0.29804834723472595,2998.433349609375,1152.4002685546875,3055.472412109375,1271.280517578125,3026.952880859375,1211.8403930664062,57.0390625,118.8802490234375
IMG_0039.mp4,439,14.647966666666667,29.97002997002997,336,2,traffic_signs,0.47485923767089844,2020.5118408203125,1151.7943115234375,2106.123046875,1264.7603759765625,2063.3174438476562,1208.27734375,85.6112060546875,112.966064453125
IMG_0039.mp4,439,14.647966666666667,29.97002997002997,346,1,traffic_lights,0.5849082469940186,2123.295654296875,1145.101318359375,2164.1376953125,1240.777099609375,2143.7166748046875,1192.939208984375,40.842041015625,95.67578125
IMG_0039.mp4,439,14.647966666666667,29.97002997002997,206,2,traffic_signs,0.7922347187995911,2990.380859375,1074.0008544921875,3078.805419921875,1156.01220703125,3034.5931396484375,1115.0065307617188,88.424560546875,82.0113525390625
IMG_0039.mp4,439,14.647966666666667,29.97002997002997,263,1,traffic_lights,0.869455099105835,2376.388427734375,741.9461059570312,2442.75244140625,859.7168579101562,2409.5704345703125,800.8314819335938,66.364013671875,117.770751953125
IMG_0039.mp4,440,14.681333333333333,29.97002997002997,336,2,traffic_signs,0.6939857602119446,2027.875732421875,1167.5758056640625,2108.041015625,1264.2373046875,2067.9583740234375,1215.9065551757812,80.165283203125,96.6614990234375
IMG_0039.mp4,440,14.681333333333333,29.97002997002997,346,1,traffic_lights,0.6981825828552246,2124.2978515625,1144.1151123046875,2164.563720703125,1242.1788330078125,2144.4307861328125,1193.14697265625,40.265869140625,98.063720703125
IMG_0039.mp4,440,14.681333333333333,29.97002997002997,206,2,traffic_signs,0.8480565547943115,2993.528076171875,1073.3359375,3081.5478515625,1155.807373046875,3037.5379638671875,1114.5716552734375,88.019775390625,82.471435546875
IMG_0039.mp4,440,14.681333333333333,29.97002997002997,263,1,traffic_lights,0.8662651777267456,2377.708740234375,742.0142822265625,2442.88330078125,858.755126953125,2410.2960205078125,800.3847045898438,65.174560546875,116.7408447265625
IMG_0039.mp4,440,14.681333333333333,29.97002997002997,376,1,traffic_lights,0.5018610954284668,2999.88427734375,1150.610595703125,3064.465576171875,1276.8084716796875,3032.1749267578125,1213.7095336914062,64.581298828125,126.1978759765625
IMG_0039.mp4,441,14.7147,29.97002997002997,336,2,traffic_signs,0.6959326267242432,2031.1171875,1174.9649658203125,2108.240234375,1264.075927734375,2069.6787109375,1219.5204467773438,77.123046875,89.1109619140625
IMG_0039.mp4,441,14.7147,29.97002997002997,346,1,traffic_lights,0.6219497919082642,2124.67431640625,1143.9000244140625,2165.549560546875,1242.9718017578125,2145.1119384765625,1193.4359130859375,40.875244140625,99.07177734375
IMG_0039.mp4,441,14.7147,29.97002997002997,206,2,traffic_signs,0.8363018035888672,2995.46240234375,1072.9337158203125,3083.312744140625,1155.47509765625,3039.3875732421875,1114.2044067382812,87.850341796875,82.5413818359375
IMG_0039.mp4,441,14.7147,29.97002997002997,263,1,traffic_lights,0.8589969873428345,2378.90673828125,741.2271728515625,2444.343505859375,857.9976806640625,2411.6251220703125,799.6124267578125,65.436767578125,116.7705078125
IMG_0039.mp4,441,14.7147,29.97002997002997,382,2,traffic_signs,0.3221171498298645,2007.6094970703125,1134.0523681640625,2076.453369140625,1217.508544921875,2042.0314331054688,1175.7804565429688,68.8438720703125,83.4561767578125
IMG_0039.mp4,442,14.748066666666666,29.97002997002997,336,2,traffic_signs,0.6908966302871704,2033.1668701171875,1178.08740234375,2108.7080078125,1263.700927734375,2070.9374389648438,1220.8941650390625,75.5411376953125,85.613525390625
IMG_0039.mp4,442,14.748066666666666,29.97002997002997,346,1,traffic_lights,0.7035804986953735,2126.169921875,1143.8089599609375,2165.8857421875,1243.6497802734375,2146.02783203125,1193.7293701171875,39.7158203125,99.8408203125
IMG_0039.mp4,442,14.748066666666666,29.97002997002997,206,2,traffic_signs,0.843333899974823,2997.366943359375,1072.98583984375,3085.020751953125,1155.1170654296875,3041.19384765625,1114.0514526367188,87.65380859375,82.1312255859375
IMG_0039.mp4,442,14.748066666666666,29.97002997002997,263,1,traffic_lights,0.8604015707969666,2380.397705078125,740.5562133789062,2445.539306640625,856.934326171875,2412.968505859375,798.7452697753906,65.1416015625,116.37811279296875
IMG_0039.mp4,442,14.748066666666666,29.97002997002997,382,2,traffic_signs,0.37580353021621704,2008.4130859375,1133.931884765625,2077.70556640625,1216.5418701171875,2043.059326171875,1175.2368774414062,69.29248046875,82.6099853515625
IMG_0039.mp4,443,14.781433333333334,29.97002997002997,336,2,traffic_signs,0.6647977232933044,2029.5286865234375,1168.3306884765625,2110.01025390625,1264.7850341796875,2069.7694702148438,1216.557861328125,80.4815673828125,96.454345703125
IMG_0039.mp4,443,14.781433333333334,29.97002997002997,346,1,traffic_lights,0.7574641108512878,2127.092529296875,1143.1954345703125,2166.1083984375,1243.79638671875,2146.6004638671875,1193.4959106445312,39.015869140625,100.6009521484375
IMG_0039.mp4,443,14.781433333333334,29.97002997002997,206,2,traffic_signs,0.8588194251060486,3000.449462890625,1072.983154296875,3086.867431640625,1154.4813232421875,3043.658447265625,1113.7322387695312,86.41796875,81.4981689453125
IMG_0039.mp4,443,14.781433333333334,29.97002997002997,263,1,traffic_lights,0.8717069625854492,2381.623046875,739.81298828125,2446.889892578125,856.2568359375,2414.2564697265625,798.034912109375,65.266845703125,116.44384765625
IMG_0039.mp4,443,14.781433333333334,29.97002997002997,382,2,traffic_signs,0.26696327328681946,2009.1949462890625,1133.57763671875,2078.59375,1216.2967529296875,2043.8943481445312,1174.9371948242188,69.3988037109375,82.7191162109375
IMG_0039.mp4,443,14.781433333333334,29.97002997002997,174,2,traffic_signs,0.3601960241794586,3175.08740234375,1119.115234375,3291.677978515625,1215.3408203125,3233.3826904296875,1167.22802734375,116.590576171875,96.2255859375
IMG_0039.mp4,444,14.8148,29.97002997002997,336,2,traffic_signs,0.42460229992866516,2025.10986328125,1156.0133056640625,2111.567138671875,1265.537353515625,2068.3385009765625,1210.7753295898438,86.457275390625,109.5240478515625
IMG_0039.mp4,444,14.8148,29.97002997002997,346,1,traffic_lights,0.7157754898071289,2128.27880859375,1143.38232421875,2167.312744140625,1245.200927734375,2147.7957763671875,1194.2916259765625,39.033935546875,101.818603515625
IMG_0039.mp4,444,14.8148,29.97002997002997,206,2,traffic_signs,0.8304169774055481,3003.0498046875,1072.1802978515625,3088.990234375,1151.86279296875,3046.02001953125,1112.0215454101562,85.9404296875,79.6824951171875
IMG_0039.mp4,444,14.8148,29.97002997002997,263,1,traffic_lights,0.8621506094932556,2382.44384765625,738.7040405273438,2448.18896484375,856.1729125976562,2415.31640625,797.4384765625,65.7451171875,117.4688720703125
IMG_0039.mp4,444,14.8148,29.97002997002997,387,0,auth_label,0.341677725315094,114.4056396484375,359.88092041015625,928.6065673828125,1389.6761474609375,521.506103515625,874.7785339355469,814.200927734375,1029.7952270507812
IMG_0039.mp4,445,14.848166666666668,29.97002997002997,336,2,traffic_signs,0.4385320544242859,2024.6143798828125,1152.04638671875,2112.759033203125,1266.201904296875,2068.6867065429688,1209.1241455078125,88.1446533203125,114.155517578125
IMG_0039.mp4,445,14.848166666666668,29.97002997002997,346,1,traffic_lights,0.7231343984603882,2129.63427734375,1143.74267578125,2167.319580078125,1243.6021728515625,2148.4769287109375,1193.6724243164062,37.685302734375,99.8594970703125
IMG_0039.mp4,445,14.848166666666668,29.97002997002997,206,2,traffic_signs,0.8579040169715881,3004.621826171875,1072.200927734375,3091.298583984375,1151.1004638671875,3047.960205078125,1111.6506958007812,86.6767578125,78.8995361328125
IMG_0039.mp4,445,14.848166666666668,29.97002997002997,263,1,traffic_lights,0.8483595252037048,2383.299072265625,737.26806640625,2449.869140625,855.3389282226562,2416.5841064453125,796.3034973144531,66.570068359375,118.07086181640625
IMG_0039.mp4,446,14.881533333333334,29.97002997002997,336,2,traffic_signs,0.5335121154785156,2026.6614990234375,1151.23291015625,2112.52099609375,1266.138427734375,2069.5912475585938,1208.6856689453125,85.8594970703125,114.905517578125
IMG_0039.mp4,446,14.881533333333334,29.97002997002997,346,1,traffic_lights,0.6591716408729553,2130.49169921875,1143.8603515625,2167.526611328125,1241.8673095703125,2149.0091552734375,1192.8638305664062,37.034912109375,98.0069580078125
IMG_0039.mp4,446,14.881533333333334,29.97002997002997,206,2,traffic_signs,0.863008439540863,3006.57666015625,1071.97900390625,3093.12451171875,1150.594482421875,3049.8505859375,1111.2867431640625,86.5478515625,78.615478515625
IMG_0039.mp4,446,14.881533333333334,29.97002997002997,263,1,traffic_lights,0.8616546392440796,2384.13525390625,736.3635864257812,2450.880126953125,854.0210571289062,2417.5076904296875,795.1923217773438,66.744873046875,117.657470703125
IMG_0039.mp4,446,14.881533333333334,29.97002997002997,382,2,traffic_signs,0.3275299668312073,2011.262939453125,1132.7236328125,2080.448486328125,1218.6175537109375,2045.855712890625,1175.6705932617188,69.185546875,85.8939208984375
IMG_0039.mp4,447,14.9149,29.97002997002997,336,2,traffic_signs,0.40440407395362854,2028.89404296875,1154.4378662109375,2112.86962890625,1266.0963134765625,2070.8818359375,1210.26708984375,83.9755859375,111.658447265625
IMG_0039.mp4,447,14.9149,29.97002997002997,206,2,traffic_signs,0.6750405430793762,3008.156494140625,1070.8887939453125,3096.155517578125,1150.2899169921875,3052.156005859375,1110.58935546875,87.9990234375,79.401123046875
IMG_0039.mp4,447,14.9149,29.97002997002997,263,1,traffic_lights,0.8426475524902344,2385.0556640625,736.2444458007812,2451.878173828125,852.2298583984375,2418.4669189453125,794.2371520996094,66.822509765625,115.98541259765625
IMG_0039.mp4,447,14.9149,29.97002997002997,382,2,traffic_signs,0.4599834978580475,2011.56591796875,1132.921142578125,2079.968994140625,1215.084228515625,2045.7674560546875,1174.002685546875,68.403076171875,82.1630859375
IMG_0039.mp4,447,14.9149,29.97002997002997,174,2,traffic_signs,0.6099852919578552,3187.642578125,1111.4622802734375,3306.266845703125,1209.375,3246.9547119140625,1160.4186401367188,118.624267578125,97.9127197265625
IMG_0039.mp4,448,14.948266666666667,29.97002997002997,336,2,traffic_signs,0.5960981845855713,2020.096923828125,1147.077392578125,2113.318359375,1265.6551513671875,2066.7076416015625,1206.3662719726562,93.221435546875,118.5777587890625
IMG_0039.mp4,448,14.948266666666667,29.97002997002997,263,1,traffic_lights,0.7622517347335815,2385.385986328125,735.3316040039062,2453.34619140625,851.1617431640625,2419.3660888671875,793.2466735839844,67.960205078125,115.83013916015625
IMG_0039.mp4,448,14.948266666666667,29.97002997002997,174,2,traffic_signs,0.48650115728378296,3187.50439453125,1110.9813232421875,3309.518310546875,1196.449462890625,3248.5113525390625,1153.7153930664062,122.013916015625,85.4681396484375
IMG_0039.mp4,448,14.948266666666667,29.97002997002997,346,1,traffic_lights,0.6106045246124268,2129.93115234375,1143.05078125,2171.680419921875,1243.7083740234375,2150.8057861328125,1193.3795776367188,41.749267578125,100.6575927734375
IMG_0039.mp4,449,14.981633333333333,29.97002997002997,263,1,traffic_lights,0.782092273235321,2386.185546875,736.4736938476562,2453.7333984375,850.8119506835938,2419.95947265625,793.642822265625,67.5478515625,114.3382568359375
IMG_0039.mp4,449,14.981633333333333,29.97002997002997,174,2,traffic_signs,0.8893817067146301,3194.466552734375,1113.74267578125,3311.9541015625,1203.406005859375,3253.2103271484375,1158.5743408203125,117.487548828125,89.663330078125
IMG_0039.mp4,449,14.981633333333333,29.97002997002997,382,2,traffic_signs,0.3715842366218567,2013.1226806640625,1132.273681640625,2074.518798828125,1192.68408203125,2043.8207397460938,1162.4788818359375,61.3961181640625,60.410400390625
IMG_0039.mp4,450,15.015,29.97002997002997,174,2,traffic_signs,0.9066913723945618,3196.09033203125,1110.5302734375,3314.526123046875,1205.7198486328125,3255.3082275390625,1158.1250610351562,118.435791015625,95.1895751953125
IMG_0039.mp4,450,15.015,29.97002997002997,206,2,traffic_signs,0.6951402425765991,3016.156005859375,1067.6282958984375,3101.445556640625,1148.697021484375,3058.80078125,1108.1626586914062,85.28955078125,81.0687255859375
IMG_0039.mp4,450,15.015,29.97002997002997,336,2,traffic_signs,0.8760616183280945,2034.348876953125,1171.6529541015625,2114.830810546875,1261.5135498046875,2074.58984375,1216.583251953125,80.48193359375,89.860595703125
IMG_0039.mp4,450,15.015,29.97002997002997,346,1,traffic_lights,0.5759872198104858,2133.669189453125,1143.197509765625,2171.737060546875,1242.4300537109375,2152.703125,1192.8137817382812,38.06787109375,99.2325439453125
IMG_0039.mp4,451,15.048366666666666,29.97002997002997,174,2,traffic_signs,0.8866302371025085,3200.20751953125,1110.3568115234375,3316.572998046875,1206.162841796875,3258.3902587890625,1158.2598266601562,116.365478515625,95.8060302734375
IMG_0039.mp4,451,15.048366666666666,29.97002997002997,206,2,traffic_signs,0.69766765832901,3017.576171875,1067.8958740234375,3102.606689453125,1149.3690185546875,3060.0914306640625,1108.6324462890625,85.030517578125,81.47314453125
IMG_0039.mp4,451,15.048366666666666,29.97002997002997,336,2,traffic_signs,0.7035130262374878,2039.7469482421875,1176.4583740234375,2113.93408203125,1260.67578125,2076.8405151367188,1218.5670776367188,74.1871337890625,84.2174072265625
IMG_0039.mp4,451,15.048366666666666,29.97002997002997,346,1,traffic_lights,0.7549009919166565,2135.095703125,1143.171630859375,2171.03662109375,1242.5184326171875,2153.066162109375,1192.8450317382812,35.94091796875,99.3468017578125
IMG_0039.mp4,451,15.048366666666666,29.97002997002997,263,1,traffic_lights,0.7197373509407043,2389.01708984375,735.9926147460938,2457.026123046875,849.0687866210938,2423.0216064453125,792.5307006835938,68.009033203125,113.076171875
IMG_0039.mp4,451,15.048366666666666,29.97002997002997,382,2,traffic_signs,0.731812596321106,2015.89208984375,1130.163330078125,2078.32470703125,1202.187744140625,2047.1083984375,1166.175537109375,62.4326171875,72.0244140625
IMG_0039.mp4,452,15.081733333333334,29.97002997002997,174,2,traffic_signs,0.9038166403770447,3200.489990234375,1110.8360595703125,3318.50732421875,1205.8316650390625,3259.4986572265625,1158.3338623046875,118.017333984375,94.99560546875
IMG_0039.mp4,452,15.081733333333334,29.97002997002997,206,2,traffic_signs,0.6915758848190308,3019.1376953125,1067.7540283203125,3104.792724609375,1149.456298828125,3061.9652099609375,1108.6051635742188,85.655029296875,81.7022705078125
IMG_0039.mp4,452,15.081733333333334,29.97002997002997,336,2,traffic_signs,0.7503253817558289,2037.475341796875,1162.4891357421875,2114.839111328125,1261.98388671875,2076.1572265625,1212.2365112304688,77.36376953125,99.4947509765625
IMG_0039.mp4,452,15.081733333333334,29.97002997002997,346,1,traffic_lights,0.7054222822189331,2135.067626953125,1143.447265625,2171.14697265625,1241.8458251953125,2153.1072998046875,1192.6465454101562,36.079345703125,98.3985595703125
IMG_0039.mp4,452,15.081733333333334,29.97002997002997,263,1,traffic_lights,0.5664994120597839,2390.034912109375,735.2535400390625,2458.75732421875,849.03955078125,2424.3961181640625,792.1465454101562,68.722412109375,113.7860107421875
IMG_0039.mp4,452,15.081733333333334,29.97002997002997,382,2,traffic_signs,0.5298238396644592,2016.80078125,1130.068115234375,2079.887939453125,1206.52880859375,2048.3443603515625,1168.2984619140625,63.087158203125,76.460693359375
IMG_0039.mp4,453,15.1151,29.97002997002997,174,2,traffic_signs,0.7624713778495789,3199.8916015625,1110.9576416015625,3319.79736328125,1204.35791015625,3259.844482421875,1157.6577758789062,119.90576171875,93.4002685546875
IMG_0039.mp4,453,15.1151,29.97002997002997,206,2,traffic_signs,0.5586082339286804,3020.68701171875,1067.0377197265625,3108.417724609375,1147.87939453125,3064.5523681640625,1107.4585571289062,87.730712890625,80.8416748046875
IMG_0039.mp4,453,15.1151,29.97002997002997,336,2,traffic_signs,0.7513017654418945,2036.8232421875,1157.901123046875,2115.610595703125,1262.091064453125,2076.2169189453125,1209.99609375,78.787353515625,104.18994140625
IMG_0039.mp4,453,15.1151,29.97002997002997,346,1,traffic_lights,0.6904534697532654,2135.900390625,1142.3316650390625,2171.751708984375,1241.3026123046875,2153.8260498046875,1191.817138671875,35.851318359375,98.970947265625
IMG_0039.mp4,453,15.1151,29.97002997002997,263,1,traffic_lights,0.8052237033843994,2392.16064453125,737.0990600585938,2458.896728515625,847.33447265625,2425.5286865234375,792.2167663574219,66.736083984375,110.23541259765625
IMG_0039.mp4,453,15.1151,29.97002997002997,382,2,traffic_signs,0.5630657076835632,2016.7183837890625,1129.9398193359375,2080.75244140625,1207.8487548828125,2048.7354125976562,1168.894287109375,64.0340576171875,77.908935546875
IMG_0039.mp4,454,15.148466666666668,29.97002997002997,206,2,traffic_signs,0.7802461385726929,3019.6484375,1065.4564208984375,3098.7890625,1139.1087646484375,3059.21875,1102.2825927734375,79.140625,73.65234375
IMG_0039.mp4,454,15.148466666666668,29.97002997002997,336,2,traffic_signs,0.38764411211013794,2038.4061279296875,1165.17333984375,2117.060791015625,1261.1307373046875,2077.7334594726562,1213.1520385742188,78.6546630859375,95.9573974609375
IMG_0039.mp4,454,15.148466666666668,29.97002997002997,346,1,traffic_lights,0.7035613656044006,2137.017333984375,1142.0953369140625,2171.519775390625,1243.2088623046875,2154.2685546875,1192.652099609375,34.50244140625,101.113525390625
IMG_0039.mp4,454,15.148466666666668,29.97002997002997,263,1,traffic_lights,0.8485152721405029,2393.050537109375,738.3328247070312,2459.137939453125,846.8660278320312,2426.09423828125,792.5994262695312,66.08740234375,108.533203125
IMG_0039.mp4,454,15.148466666666668,29.97002997002997,382,2,traffic_signs,0.6294063329696655,2016.700927734375,1128.8800048828125,2081.268798828125,1208.5758056640625,2048.98486328125,1168.7279052734375,64.56787109375,79.69580078125
IMG_0039.mp4,455,15.181833333333334,29.97002997002997,206,2,traffic_signs,0.812197208404541,3022.945068359375,1065.3426513671875,3107.8603515625,1144.47705078125,3065.4027099609375,1104.9098510742188,84.915283203125,79.1343994140625
IMG_0039.mp4,455,15.181833333333334,29.97002997002997,336,2,traffic_signs,0.6345289349555969,2033.6573486328125,1152.578369140625,2116.52197265625,1261.5712890625,2075.0896606445312,1207.0748291015625,82.8646240234375,108.992919921875
IMG_0039.mp4,455,15.181833333333334,29.97002997002997,346,1,traffic_lights,0.7289546728134155,2137.423095703125,1141.9942626953125,2172.08154296875,1241.6180419921875,2154.7523193359375,1191.80615234375,34.658447265625,99.623779296875
IMG_0039.mp4,455,15.181833333333334,29.97002997002997,263,1,traffic_lights,0.8867580890655518,2393.113037109375,735.17724609375,2458.978515625,847.2234497070312,2426.0457763671875,791.2003479003906,65.865478515625,112.04620361328125
IMG_0039.mp4,455,15.181833333333334,29.97002997002997,382,2,traffic_signs,0.49606043100357056,2016.6319580078125,1128.64892578125,2082.715087890625,1212.3218994140625,2049.6735229492188,1170.4854125976562,66.0831298828125,83.6729736328125
IMG_0039.mp4,455,15.181833333333334,29.97002997002997,376,1,traffic_lights,0.37504884600639343,3028.43701171875,1148.3050537109375,3092.937255859375,1252.8563232421875,3060.6871337890625,1200.5806884765625,64.500244140625,104.55126953125
IMG_0039.mp4,455,15.181833333333334,29.97002997002997,174,2,traffic_signs,0.9006657600402832,3204.662841796875,1110.5264892578125,3324.9287109375,1204.9027099609375,3264.7957763671875,1157.714599609375,120.265869140625,94.376220703125
IMG_0039.mp4,456,15.2152,29.97002997002997,206,2,traffic_signs,0.6204817295074463,3040.65771484375,1064.9107666015625,3114.349853515625,1145.5947265625,3077.5037841796875,1105.2527465820312,73.692138671875,80.6839599609375
IMG_0039.mp4,456,15.2152,29.97002997002997,336,2,traffic_signs,0.6239100694656372,2027.138916015625,1144.5697021484375,2116.83447265625,1261.4820556640625,2071.9866943359375,1203.02587890625,89.695556640625,116.912353515625
IMG_0039.mp4,456,15.2152,29.97002997002997,346,1,traffic_lights,0.6295886635780334,2136.578369140625,1141.09912109375,2173.760986328125,1241.3623046875,2155.169677734375,1191.230712890625,37.1826171875,100.26318359375
IMG_0039.mp4,456,15.2152,29.97002997002997,263,1,traffic_lights,0.8169665336608887,2392.5341796875,732.3596801757812,2454.396728515625,846.6255493164062,2423.4654541015625,789.4926147460938,61.862548828125,114.265869140625
IMG_0039.mp4,456,15.2152,29.97002997002997,382,2,traffic_signs,0.3862309753894806,2016.68408203125,1128.6839599609375,2084.690185546875,1219.699951171875,2050.6871337890625,1174.1919555664062,68.006103515625,91.0159912109375
IMG_0039.mp4,456,15.2152,29.97002997002997,174,2,traffic_signs,0.9087836146354675,3205.735595703125,1109.1270751953125,3327.9423828125,1204.4676513671875,3266.8389892578125,1156.79736328125,122.206787109375,95.340576171875
IMG_0039.mp4,457,15.248566666666667,29.97002997002997,206,2,traffic_signs,0.7081149816513062,3049.218505859375,1064.76708984375,3118.15283203125,1145.5565185546875,3083.6856689453125,1105.1618041992188,68.934326171875,80.7894287109375
IMG_0039.mp4,457,15.248566666666667,29.97002997002997,336,2,traffic_signs,0.8713927865028381,2037.1019287109375,1165.8477783203125,2117.295654296875,1260.323974609375,2077.1987915039062,1213.0858764648438,80.1937255859375,94.4761962890625
IMG_0039.mp4,457,15.248566666666667,29.97002997002997,263,1,traffic_lights,0.8890385627746582,2394.9384765625,730.9564208984375,2456.305419921875,845.9124755859375,2425.6219482421875,788.4344482421875,61.366943359375,114.9560546875
IMG_0039.mp4,457,15.248566666666667,29.97002997002997,382,2,traffic_signs,0.8036718368530273,2016.702880859375,1127.9598388671875,2083.393310546875,1209.093017578125,2050.048095703125,1168.5264282226562,66.6904296875,81.1331787109375
IMG_0039.mp4,457,15.248566666666667,29.97002997002997,174,2,traffic_signs,0.8842861652374268,3208.63818359375,1108.19970703125,3331.145751953125,1203.8272705078125,3269.8919677734375,1156.0134887695312,122.507568359375,95.6275634765625
IMG_0039.mp4,457,15.248566666666667,29.97002997002997,417,2,traffic_signs,0.8016253113746643,3013.5908203125,1066.5318603515625,3061.55029296875,1136.91259765625,3037.570556640625,1101.7222290039062,47.95947265625,70.3807373046875
IMG_0039.mp4,457,15.248566666666667,29.97002997002997,376,1,traffic_lights,0.26372280716896057,3040.576904296875,1146.7694091796875,3094.804443359375,1252.8609619140625,3067.690673828125,1199.815185546875,54.2275390625,106.091552734375
IMG_0039.mp4,458,15.281933333333333,29.97002997002997,206,2,traffic_signs,0.7942001223564148,3050.370849609375,1064.5684814453125,3119.50244140625,1145.1531982421875,3084.9366455078125,1104.86083984375,69.131591796875,80.584716796875
IMG_0039.mp4,458,15.281933333333333,29.97002997002997,263,1,traffic_lights,0.9133162498474121,2395.842041015625,729.2989501953125,2458.78857421875,844.9542846679688,2427.3153076171875,787.1266174316406,62.946533203125,115.65533447265625
IMG_0039.mp4,458,15.281933333333333,29.97002997002997,174,2,traffic_signs,0.8960486650466919,3210.138427734375,1107.170654296875,3333.3134765625,1202.9637451171875,3271.7259521484375,1155.0671997070312,123.175048828125,95.7930908203125
IMG_0039.mp4,458,15.281933333333333,29.97002997002997,417,2,traffic_signs,0.3914740979671478,3010.939208984375,1067.22509765625,3061.494384765625,1135.26611328125,3036.216796875,1101.24560546875,50.55517578125,68.041015625
IMG_0039.mp4,458,15.281933333333333,29.97002997002997,346,1,traffic_lights,0.4516443908214569,2138.560546875,1140.884521484375,2174.089599609375,1242.4521484375,2156.3250732421875,1191.6683349609375,35.529052734375,101.567626953125
IMG_0039.mp4,459,15.3153,29.97002997002997,206,2,traffic_signs,0.7316347360610962,3048.922607421875,1064.55029296875,3121.60791015625,1144.4541015625,3085.2652587890625,1104.502197265625,72.685302734375,79.90380859375
IMG_0039.mp4,459,15.3153,29.97002997002997,263,1,traffic_lights,0.9084276556968689,2396.67529296875,727.4296875,2460.0830078125,844.4993286132812,2428.379150390625,785.9645080566406,63.40771484375,117.06964111328125
IMG_0039.mp4,459,15.3153,29.97002997002997,174,2,traffic_signs,0.8921390771865845,3211.603271484375,1105.8619384765625,3335.8740234375,1203.0081787109375,3273.7386474609375,1154.43505859375,124.270751953125,97.146240234375
IMG_0039.mp4,459,15.3153,29.97002997002997,346,1,traffic_lights,0.6251839995384216,2138.94091796875,1140.1396484375,2174.4248046875,1241.1207275390625,2156.682861328125,1190.6301879882812,35.48388671875,100.9810791015625
IMG_0039.mp4,459,15.3153,29.97002997002997,336,2,traffic_signs,0.5040920972824097,2027.5760498046875,1148.9930419921875,2117.353271484375,1260.8592529296875,2072.4646606445312,1204.9261474609375,89.7772216796875,111.8662109375
IMG_0039.mp4,459,15.3153,29.97002997002997,382,2,traffic_signs,0.34692415595054626,2017.409912109375,1126.4378662109375,2086.90087890625,1213.7645263671875,2052.1553955078125,1170.1011962890625,69.490966796875,87.32666015625
IMG_0039.mp4,460,15.348666666666666,29.97002997002997,206,2,traffic_signs,0.7899920344352722,3039.416015625,1063.5206298828125,3124.1396484375,1145.3184814453125,3081.77783203125,1104.4195556640625,84.7236328125,81.7978515625
IMG_0039.mp4,460,15.348666666666666,29.97002997002997,263,1,traffic_lights,0.9075813889503479,2397.57080078125,726.3068237304688,2460.662841796875,843.8316650390625,2429.1168212890625,785.0692443847656,63.092041015625,117.52484130859375
IMG_0039.mp4,460,15.348666666666666,29.97002997002997,174,2,traffic_signs,0.8906211256980896,3213.821044921875,1104.05029296875,3337.517333984375,1203.336669921875,3275.669189453125,1153.6934814453125,123.6962890625,99.286376953125
IMG_0039.mp4,460,15.348666666666666,29.97002997002997,346,1,traffic_lights,0.37106451392173767,2139.970947265625,1139.947021484375,2174.9091796875,1241.711669921875,2157.4400634765625,1190.829345703125,34.938232421875,101.7646484375
IMG_0039.mp4,460,15.348666666666666,29.97002997002997,336,2,traffic_signs,0.8052201271057129,2037.056884765625,1164.9432373046875,2117.7021484375,1259.8956298828125,2077.3795166015625,1212.41943359375,80.645263671875,94.952392578125
IMG_0039.mp4,460,15.348666666666666,29.97002997002997,382,2,traffic_signs,0.7671056389808655,2018.2520751953125,1125.802001953125,2085.89453125,1205.6160888671875,2052.0733032226562,1165.7090454101562,67.6424560546875,79.8140869140625
IMG_0039.mp4,461,15.382033333333334,29.97002997002997,206,2,traffic_signs,0.7732188701629639,3044.244873046875,1063.3656005859375,3126.053955078125,1145.211181640625,3085.1494140625,1104.2883911132812,81.80908203125,81.8455810546875
IMG_0039.mp4,461,15.382033333333334,29.97002997002997,263,1,traffic_lights,0.9083651900291443,2398.533447265625,725.9921264648438,2460.805419921875,843.4205932617188,2429.66943359375,784.7063598632812,62.27197265625,117.428466796875
IMG_0039.mp4,461,15.382033333333334,29.97002997002997,174,2,traffic_signs,0.7913537621498108,3216.59130859375,1102.248779296875,3339.55859375,1204.2989501953125,3278.074951171875,1153.2738647460938,122.96728515625,102.0501708984375
IMG_0039.mp4,461,15.382033333333334,29.97002997002997,346,1,traffic_lights,0.4979211986064911,2140.7587890625,1139.0401611328125,2175.560791015625,1241.5819091796875,2158.1597900390625,1190.31103515625,34.802001953125,102.541748046875
IMG_0039.mp4,461,15.382033333333334,29.97002997002997,336,2,traffic_signs,0.8015385270118713,2040.84912109375,1171.8427734375,2118.27783203125,1259.5238037109375,2079.5634765625,1215.6832885742188,77.4287109375,87.6810302734375
IMG_0039.mp4,461,15.382033333333334,29.97002997002997,382,2,traffic_signs,0.7190124988555908,2018.621337890625,1124.604248046875,2086.37939453125,1203.3583984375,2052.5003662109375,1163.9813232421875,67.758056640625,78.754150390625
IMG_0039.mp4,462,15.4154,29.97002997002997,206,2,traffic_signs,0.8380760550498962,3042.12158203125,1062.1395263671875,3127.466796875,1145.0677490234375,3084.794189453125,1103.6036376953125,85.34521484375,82.92822265625
IMG_0039.mp4,462,15.4154,29.97002997002997,263,1,traffic_lights,0.7922495603561401,2399.1044921875,724.4359130859375,2461.378662109375,842.640625,2430.2415771484375,783.5382690429688,62.274169921875,118.2047119140625
IMG_0039.mp4,462,15.4154,29.97002997002997,174,2,traffic_signs,0.5731490850448608,3220.13623046875,1101.383056640625,3341.572998046875,1204.3984375,3280.8546142578125,1152.8907470703125,121.436767578125,103.015380859375
IMG_0039.mp4,462,15.4154,29.97002997002997,346,1,traffic_lights,0.5475368499755859,2142.009521484375,1137.818603515625,2176.6064453125,1241.2852783203125,2159.3079833984375,1189.5519409179688,34.596923828125,103.4666748046875
IMG_0039.mp4,462,15.4154,29.97002997002997,336,2,traffic_signs,0.7822511792182922,2042.3458251953125,1173.6357421875,2118.588134765625,1259.6593017578125,2080.4669799804688,1216.6475219726562,76.2423095703125,86.0235595703125
IMG_0039.mp4,462,15.4154,29.97002997002997,382,2,traffic_signs,0.6696241497993469,2019.1856689453125,1124.3631591796875,2087.078369140625,1203.1683349609375,2053.1320190429688,1163.7657470703125,67.8927001953125,78.80517578125
IMG_0039.mp4,463,15.448766666666668,29.97002997002997,206,2,traffic_signs,0.8512571454048157,3044.59130859375,1061.66796875,3128.727294921875,1145.8287353515625,3086.6593017578125,1103.7483520507812,84.135986328125,84.1607666015625
IMG_0039.mp4,463,15.448766666666668,29.97002997002997,263,1,traffic_lights,0.8916193246841431,2400.442626953125,723.6709594726562,2461.793212890625,843.6280517578125,2431.117919921875,783.6495056152344,61.3505859375,119.95709228515625
IMG_0039.mp4,463,15.448766666666668,29.97002997002997,174,2,traffic_signs,0.788823127746582,3222.389892578125,1100.8292236328125,3343.50390625,1203.41259765625,3282.9468994140625,1152.1209106445312,121.114013671875,102.5833740234375
IMG_0039.mp4,463,15.448766666666668,29.97002997002997,346,1,traffic_lights,0.6951179504394531,2142.629150390625,1137.135986328125,2177.09765625,1240.784423828125,2159.8634033203125,1188.960205078125,34.468505859375,103.6484375
IMG_0039.mp4,463,15.448766666666668,29.97002997002997,336,2,traffic_signs,0.8136695027351379,2043.0194091796875,1174.9002685546875,2119.16455078125,1259.70361328125,2081.0919799804688,1217.3019409179688,76.1451416015625,84.8033447265625
IMG_0039.mp4,463,15.448766666666668,29.97002997002997,382,2,traffic_signs,0.6865861415863037,2019.7091064453125,1123.6964111328125,2087.9697265625,1202.2376708984375,2053.8394165039062,1162.967041015625,68.2606201171875,78.541259765625
IMG_0039.mp4,464,15.482133333333334,29.97002997002997,206,2,traffic_signs,0.8533573746681213,3045.869873046875,1061.401611328125,3129.42041015625,1146.01220703125,3087.6451416015625,1103.7069091796875,83.550537109375,84.610595703125
IMG_0039.mp4,464,15.482133333333334,29.97002997002997,263,1,traffic_lights,0.8835712671279907,2401.571533203125,723.140380859375,2462.31640625,843.6209716796875,2431.9439697265625,783.3806762695312,60.744873046875,120.4805908203125
IMG_0039.mp4,464,15.482133333333334,29.97002997002997,174,2,traffic_signs,0.7601352334022522,3224.30517578125,1100.372314453125,3347.248046875,1202.8089599609375,3285.776611328125,1151.5906372070312,122.94287109375,102.4366455078125
IMG_0039.mp4,464,15.482133333333334,29.97002997002997,346,1,traffic_lights,0.7035866975784302,2142.823486328125,1136.235595703125,2177.770263671875,1240.5997314453125,2160.296875,1188.4176635742188,34.94677734375,104.3641357421875
IMG_0039.mp4,464,15.482133333333334,29.97002997002997,336,2,traffic_signs,0.8181644082069397,2042.85693359375,1174.911376953125,2119.77294921875,1259.0914306640625,2081.31494140625,1217.0014038085938,76.916015625,84.1800537109375
IMG_0039.mp4,464,15.482133333333334,29.97002997002997,382,2,traffic_signs,0.7137764096260071,2019.9410400390625,1123.7393798828125,2088.710205078125,1200.0047607421875,2054.3256225585938,1161.8720703125,68.7691650390625,76.265380859375
IMG_0039.mp4,465,15.5155,29.97002997002997,206,2,traffic_signs,0.8369997143745422,3047.032470703125,1060.9720458984375,3129.452392578125,1143.6795654296875,3088.242431640625,1102.3258056640625,82.419921875,82.70751953125
IMG_0039.mp4,465,15.5155,29.97002997002997,263,1,traffic_lights,0.8714171051979065,2402.516845703125,722.5421142578125,2463.04345703125,843.4254760742188,2432.7801513671875,782.9837951660156,60.526611328125,120.88336181640625
IMG_0039.mp4,465,15.5155,29.97002997002997,174,2,traffic_signs,0.8882725834846497,3225.072021484375,1100.5404052734375,3349.335205078125,1202.65283203125,3287.20361328125,1151.5966186523438,124.26318359375,102.1124267578125
IMG_0039.mp4,465,15.5155,29.97002997002997,346,1,traffic_lights,0.614658534526825,2142.24658203125,1136.111572265625,2178.516845703125,1240.1470947265625,2160.3817138671875,1188.1293334960938,36.270263671875,104.0355224609375
IMG_0039.mp4,465,15.5155,29.97002997002997,336,2,traffic_signs,0.5130554437637329,2030.162841796875,1148.10498046875,2119.81103515625,1260.143798828125,2074.9869384765625,1204.1243896484375,89.648193359375,112.038818359375
IMG_0039.mp4,466,15.548866666666667,29.97002997002997,206,2,traffic_signs,0.8477224707603455,3047.660888671875,1060.0809326171875,3131.722412109375,1142.30859375,3089.691650390625,1101.1947631835938,84.0615234375,82.2276611328125
IMG_0039.mp4,466,15.548866666666667,29.97002997002997,263,1,traffic_lights,0.8705622553825378,2403.562255859375,721.9107666015625,2463.790283203125,842.41259765625,2433.67626953125,782.1616821289062,60.22802734375,120.5018310546875
IMG_0039.mp4,466,15.548866666666667,29.97002997002997,174,2,traffic_signs,0.6999138593673706,3225.31689453125,1099.87060546875,3351.49462890625,1202.176513671875,3288.40576171875,1151.0235595703125,126.177734375,102.305908203125
IMG_0039.mp4,466,15.548866666666667,29.97002997002997,346,1,traffic_lights,0.7039316296577454,2143.890869140625,1135.5284423828125,2179.158447265625,1240.688720703125,2161.524658203125,1188.1085815429688,35.267578125,105.1602783203125
IMG_0039.mp4,467,15.582233333333333,29.97002997002997,206,2,traffic_signs,0.7725216150283813,3047.509033203125,1058.6717529296875,3132.533935546875,1143.7864990234375,3090.021484375,1101.2291259765625,85.02490234375,85.11474609375
IMG_0039.mp4,467,15.582233333333333,29.97002997002997,263,1,traffic_lights,0.864416241645813,2404.92919921875,721.662841796875,2463.732666015625,841.1465454101562,2434.3309326171875,781.4046936035156,58.803466796875,119.48370361328125
IMG_0039.mp4,467,15.582233333333333,29.97002997002997,174,2,traffic_signs,0.5746651887893677,3227.349609375,1100.6142578125,3352.08203125,1201.069580078125,3289.7158203125,1150.8419189453125,124.732421875,100.455322265625
IMG_0039.mp4,467,15.582233333333333,29.97002997002997,425,0,auth_label,0.4550776183605194,45.74135971069336,586.2978515625,242.1746826171875,1361.0467529296875,143.95802116394043,973.6723022460938,196.43332290649414,774.7489013671875
IMG_0039.mp4,467,15.582233333333333,29.97002997002997,382,2,traffic_signs,0.6257586479187012,2021.0281982421875,1123.315673828125,2083.694580078125,1199.1627197265625,2052.3613891601562,1161.2391967773438,62.6663818359375,75.8470458984375
IMG_0039.mp4,467,15.582233333333333,29.97002997002997,336,2,traffic_signs,0.8831532597541809,2041.18798828125,1166.71875,2107.729736328125,1259.421875,2074.4588623046875,1213.0703125,66.541748046875,92.703125
IMG_0039.mp4,468,15.6156,29.97002997002997,174,2,traffic_signs,0.8468044996261597,3229.2900390625,1100.23388671875,3353.17822265625,1199.7239990234375,3291.234130859375,1149.9789428710938,123.88818359375,99.4901123046875
IMG_0039.mp4,468,15.6156,29.97002997002997,425,0,auth_label,0.5319029092788696,43.70524597167969,587.664306640625,236.95277404785156,1355.4949951171875,140.32901000976562,971.5796508789062,193.24752807617188,767.8306884765625
IMG_0039.mp4,468,15.6156,29.97002997002997,382,2,traffic_signs,0.5695279836654663,2021.03515625,1121.999755859375,2088.994384765625,1202.06396484375,2055.0147705078125,1162.0318603515625,67.959228515625,80.064208984375
IMG_0039.mp4,468,15.6156,29.97002997002997,336,2,traffic_signs,0.5633113384246826,2036.4873046875,1156.951904296875,2118.717529296875,1258.876708984375,2077.6024169921875,1207.914306640625,82.230224609375,101.9248046875
IMG_0039.mp4,468,15.6156,29.97002997002997,346,1,traffic_lights,0.6608109474182129,2143.509521484375,1133.230224609375,2179.5185546875,1240.2017822265625,2161.5140380859375,1186.7160034179688,36.009033203125,106.9715576171875
IMG_0039.mp4,469,15.648966666666666,29.97002997002997,174,2,traffic_signs,0.47501644492149353,3232.362060546875,1100.4776611328125,3355.15966796875,1198.768798828125,3293.7608642578125,1149.6232299804688,122.797607421875,98.2911376953125
IMG_0039.mp4,469,15.648966666666666,29.97002997002997,425,0,auth_label,0.413216769695282,44.02105712890625,603.4497680664062,231.0041961669922,1320.1192626953125,137.51262664794922,961.7845153808594,186.98313903808594,716.6694946289062
IMG_0039.mp4,469,15.648966666666666,29.97002997002997,382,2,traffic_signs,0.45647743344306946,2020.8084716796875,1119.99267578125,2091.42626953125,1205.0159912109375,2056.1173706054688,1162.5043334960938,70.6177978515625,85.0233154296875
IMG_0039.mp4,469,15.648966666666666,29.97002997002997,336,2,traffic_signs,0.42575979232788086,2038.41162109375,1158.3480224609375,2121.052490234375,1259.1815185546875,2079.7320556640625,1208.7647705078125,82.640869140625,100.83349609375
IMG_0039.mp4,469,15.648966666666666,29.97002997002997,346,1,traffic_lights,0.7609864473342896,2144.52880859375,1132.613525390625,2181.442626953125,1241.0950927734375,2162.9857177734375,1186.8543090820312,36.913818359375,108.4815673828125
IMG_0039.mp4,469,15.648966666666666,29.97002997002997,263,1,traffic_lights,0.8792460560798645,2405.87109375,719.7796020507812,2466.4189453125,839.8919067382812,2436.14501953125,779.8357543945312,60.5478515625,120.1123046875
IMG_0039.mp4,470,15.682333333333334,29.97002997002997,382,2,traffic_signs,0.5978403687477112,2020.9898681640625,1119.215087890625,2091.363037109375,1203.91064453125,2056.1764526367188,1161.5628662109375,70.3731689453125,84.695556640625
IMG_0039.mp4,470,15.682333333333334,29.97002997002997,336,2,traffic_signs,0.747895359992981,2045.482666015625,1168.99267578125,2122.2802734375,1259.3065185546875,2083.8814697265625,1214.1495971679688,76.797607421875,90.3138427734375
IMG_0039.mp4,470,15.682333333333334,29.97002997002997,346,1,traffic_lights,0.7572630643844604,2144.432373046875,1132.4805908203125,2182.2490234375,1241.134765625,2163.3406982421875,1186.8076782226562,37.816650390625,108.6541748046875
IMG_0039.mp4,470,15.682333333333334,29.97002997002997,263,1,traffic_lights,0.8706827759742737,2405.92236328125,719.82861328125,2467.3291015625,839.6585693359375,2436.625732421875,779.7435913085938,61.40673828125,119.8299560546875
IMG_0039.mp4,470,15.682333333333334,29.97002997002997,206,2,traffic_signs,0.854261577129364,3045.86279296875,1056.142822265625,3136.074462890625,1143.3807373046875,3090.9686279296875,1099.7617797851562,90.211669921875,87.2379150390625
IMG_0039.mp4,471,15.7157,29.97002997002997,382,2,traffic_signs,0.5452627539634705,2021.039794921875,1119.0150146484375,2091.196533203125,1203.5635986328125,2056.1181640625,1161.289306640625,70.15673828125,84.548583984375
IMG_0039.mp4,471,15.7157,29.97002997002997,336,2,traffic_signs,0.7252464890480042,2048.96923828125,1172.27978515625,2123.415283203125,1258.7589111328125,2086.1922607421875,1215.5193481445312,74.446044921875,86.4791259765625
IMG_0039.mp4,471,15.7157,29.97002997002997,346,1,traffic_lights,0.7510542869567871,2144.820556640625,1132.132568359375,2182.60009765625,1240.2232666015625,2163.7103271484375,1186.1779174804688,37.779541015625,108.0906982421875
IMG_0039.mp4,471,15.7157,29.97002997002997,263,1,traffic_lights,0.8711239099502563,2406.044921875,718.8302001953125,2468.441650390625,838.170166015625,2437.2432861328125,778.5001831054688,62.396728515625,119.3399658203125
IMG_0039.mp4,471,15.7157,29.97002997002997,206,2,traffic_signs,0.8780739307403564,3046.780517578125,1055.143798828125,3138.93798828125,1144.3951416015625,3092.8592529296875,1099.7694702148438,92.157470703125,89.2513427734375
IMG_0039.mp4,471,15.7157,29.97002997002997,174,2,traffic_signs,0.6596347689628601,3233.773193359375,1098.9373779296875,3361.705322265625,1193.9315185546875,3297.7392578125,1146.4344482421875,127.93212890625,94.994140625
IMG_0039.mp4,472,15.749066666666668,29.97002997002997,382,2,traffic_signs,0.48182523250579834,2021.1561279296875,1119.1644287109375,2091.118408203125,1205.4361572265625,2056.1372680664062,1162.30029296875,69.9622802734375,86.271728515625
IMG_0039.mp4,472,15.749066666666668,29.97002997002997,336,2,traffic_signs,0.6854830980300903,2050.193603515625,1172.62841796875,2124.418212890625,1258.791748046875,2087.305908203125,1215.7100830078125,74.224609375,86.163330078125
IMG_0039.mp4,472,15.749066666666668,29.97002997002997,346,1,traffic_lights,0.7716603875160217,2145.118408203125,1132.0111083984375,2183.29638671875,1239.7520751953125,2164.2073974609375,1185.881591796875,38.177978515625,107.740966796875
IMG_0039.mp4,472,15.749066666666668,29.97002997002997,263,1,traffic_lights,0.8743259310722351,2406.390380859375,717.7706909179688,2468.907470703125,837.1334228515625,2437.64892578125,777.4520568847656,62.51708984375,119.36273193359375
IMG_0039.mp4,472,15.749066666666668,29.97002997002997,206,2,traffic_signs,0.8897804617881775,3046.700927734375,1055.3232421875,3139.482666015625,1144.378662109375,3093.091796875,1099.8509521484375,92.78173828125,89.055419921875
IMG_0039.mp4,472,15.749066666666668,29.97002997002997,429,2,traffic_signs,0.47617000341415405,1598.0421142578125,1264.43505859375,1619.6248779296875,1285.831787109375,1608.83349609375,1275.1334228515625,21.582763671875,21.396728515625
IMG_0039.mp4,472,15.749066666666668,29.97002997002997,174,2,traffic_signs,0.5732318758964539,3234.75,1098.244873046875,3362.013916015625,1194.0340576171875,3298.3819580078125,1146.1394653320312,127.263916015625,95.7891845703125
IMG_0039.mp4,473,15.782433333333334,29.97002997002997,382,2,traffic_signs,0.40392112731933594,2021.3619384765625,1119.04345703125,2092.84619140625,1207.88720703125,2057.1040649414062,1163.46533203125,71.4842529296875,88.84375
IMG_0039.mp4,473,15.782433333333334,29.97002997002997,336,2,traffic_signs,0.2505429983139038,2048.80615234375,1169.5399169921875,2124.787353515625,1258.3670654296875,2086.7967529296875,1213.9534912109375,75.981201171875,88.8271484375
IMG_0039.mp4,473,15.782433333333334,29.97002997002997,346,1,traffic_lights,0.7860256433486938,2145.379150390625,1131.9078369140625,2183.93505859375,1239.09228515625,2164.6571044921875,1185.5000610351562,38.555908203125,107.1844482421875
IMG_0039.mp4,473,15.782433333333334,29.97002997002997,263,1,traffic_lights,0.8695611953735352,2406.81689453125,717.9073486328125,2469.717529296875,836.5692138671875,2438.2672119140625,777.23828125,62.900634765625,118.661865234375
IMG_0039.mp4,473,15.782433333333334,29.97002997002997,206,2,traffic_signs,0.8520859479904175,3048.0537109375,1054.9798583984375,3139.853271484375,1142.483154296875,3093.9534912109375,1098.7315063476562,91.799560546875,87.5032958984375
IMG_0039.mp4,473,15.782433333333334,29.97002997002997,429,2,traffic_signs,0.48441082239151,1598.3299560546875,1264.51123046875,1620.0638427734375,1285.923095703125,1609.1968994140625,1275.2171630859375,21.73388671875,21.411865234375
IMG_0039.mp4,473,15.782433333333334,29.97002997002997,174,2,traffic_signs,0.3392961621284485,3236.5263671875,1098.0892333984375,3363.00927734375,1192.7125244140625,3299.767822265625,1145.40087890625,126.48291015625,94.623291015625
IMG_0039.mp4,474,15.8158,29.97002997002997,382,2,traffic_signs,0.4488558769226074,2022.0362548828125,1118.8148193359375,2092.61474609375,1202.60888671875,2057.3255004882812,1160.7118530273438,70.5784912109375,83.7940673828125
IMG_0039.mp4,474,15.8158,29.97002997002997,336,2,traffic_signs,0.7003937363624573,2051.666748046875,1172.6065673828125,2123.04931640625,1257.900146484375,2087.3580322265625,1215.2533569335938,71.382568359375,85.2935791015625
IMG_0039.mp4,474,15.8158,29.97002997002997,346,1,traffic_lights,0.7243461608886719,2146.73779296875,1131.5675048828125,2185.197509765625,1238.9222412109375,2165.9676513671875,1185.244873046875,38.459716796875,107.354736328125
IMG_0039.mp4,474,15.8158,29.97002997002997,263,1,traffic_lights,0.8755286335945129,2407.048095703125,716.9152221679688,2470.571044921875,836.2618408203125,2438.8095703125,776.5885314941406,63.52294921875,119.34661865234375
IMG_0039.mp4,474,15.8158,29.97002997002997,206,2,traffic_signs,0.46755656599998474,3048.8095703125,1054.026123046875,3141.03955078125,1143.2449951171875,3094.924560546875,1098.6355590820312,92.22998046875,89.2188720703125
IMG_0039.mp4,474,15.8158,29.97002997002997,429,2,traffic_signs,0.4630674719810486,1599.0107421875,1264.6951904296875,1621.10546875,1286.17529296875,1610.05810546875,1275.4352416992188,22.0947265625,21.4801025390625
IMG_0039.mp4,475,15.849166666666667,29.97002997002997,382,2,traffic_signs,0.5349631905555725,2022.0560302734375,1120.41259765625,2093.549560546875,1197.095947265625,2057.8027954101562,1158.7542724609375,71.4935302734375,76.683349609375
IMG_0039.mp4,475,15.849166666666667,29.97002997002997,336,2,traffic_signs,0.6345034837722778,2054.1630859375,1172.83544921875,2122.709716796875,1257.224365234375,2088.4364013671875,1215.0299072265625,68.546630859375,84.388916015625
IMG_0039.mp4,475,15.849166666666667,29.97002997002997,346,1,traffic_lights,0.7546168565750122,2148.3408203125,1131.982177734375,2184.189453125,1237.612548828125,2166.26513671875,1184.79736328125,35.8486328125,105.63037109375
IMG_0039.mp4,475,15.849166666666667,29.97002997002997,206,2,traffic_signs,0.749758780002594,3049.62939453125,1053.362060546875,3140.6845703125,1142.0355224609375,3095.156982421875,1097.6987915039062,91.05517578125,88.6734619140625
IMG_0039.mp4,475,15.849166666666667,29.97002997002997,174,2,traffic_signs,0.7114273905754089,3238.953369140625,1097.92529296875,3366.698974609375,1192.368408203125,3302.826171875,1145.1468505859375,127.74560546875,94.443115234375
IMG_0039.mp4,476,15.882533333333333,29.97002997002997,382,2,traffic_signs,0.28334447741508484,2021.4984130859375,1120.0069580078125,2093.5771484375,1214.45849609375,2057.5377807617188,1167.2327270507812,72.0787353515625,94.4515380859375
IMG_0039.mp4,476,15.882533333333333,29.97002997002997,376,1,traffic_lights,0.3718070685863495,3066.439697265625,1145.84130859375,3136.45703125,1220.8497314453125,3101.4483642578125,1183.3455200195312,70.017333984375,75.0084228515625
IMG_0039.mp4,476,15.882533333333333,29.97002997002997,263,1,traffic_lights,0.7529913783073425,2404.48291015625,714.9971313476562,2472.565185546875,837.6783447265625,2438.5240478515625,776.3377380371094,68.082275390625,122.68121337890625
IMG_0039.mp4,477,15.9159,29.97002997002997,382,2,traffic_signs,0.49156102538108826,2022.2916259765625,1120.0050048828125,2094.017333984375,1205.1544189453125,2058.1544799804688,1162.5797119140625,71.7257080078125,85.1494140625
IMG_0039.mp4,477,15.9159,29.97002997002997,263,1,traffic_lights,0.6005686521530151,2404.267333984375,713.0171508789062,2472.654296875,837.1129150390625,2438.4608154296875,775.0650329589844,68.386962890625,124.09576416015625
IMG_0039.mp4,477,15.9159,29.97002997002997,425,0,auth_label,0.4488796889781952,12.643001556396484,651.7732543945312,184.53684997558594,1354.8963623046875,98.58992576599121,1003.3348083496094,171.89384841918945,703.1231079101562
IMG_0039.mp4,477,15.9159,29.97002997002997,336,2,traffic_signs,0.6764798760414124,2052.517333984375,1171.03515625,2125.68994140625,1257.7513427734375,2089.1036376953125,1214.3932495117188,73.172607421875,86.7161865234375
IMG_0039.mp4,477,15.9159,29.97002997002997,346,1,traffic_lights,0.7548849582672119,2147.756591796875,1132.241455078125,2186.883056640625,1235.9239501953125,2167.31982421875,1184.0827026367188,39.12646484375,103.6824951171875
IMG_0039.mp4,477,15.9159,29.97002997002997,206,2,traffic_signs,0.49208566546440125,3052.2841796875,1052.40966796875,3145.7099609375,1140.378662109375,3098.9970703125,1096.3941650390625,93.42578125,87.968994140625
IMG_0039.mp4,478,15.949266666666666,29.97002997002997,382,2,traffic_signs,0.2898545563220978,2022.178955078125,1120.0740966796875,2096.501953125,1215.666748046875,2059.3404541015625,1167.8704223632812,74.322998046875,95.5926513671875
IMG_0039.mp4,478,15.949266666666666,29.97002997002997,263,1,traffic_lights,0.8042574524879456,2404.32470703125,712.57958984375,2473.048828125,837.3204956054688,2438.686767578125,774.9500427246094,68.72412109375,124.74090576171875
IMG_0039.mp4,478,15.949266666666666,29.97002997002997,425,0,auth_label,0.7450382113456726,9.577939987182617,625.2726440429688,179.5809326171875,1358.7071533203125,94.57943630218506,991.9898986816406,170.00299263000488,733.4345092773438
IMG_0039.mp4,478,15.949266666666666,29.97002997002997,346,1,traffic_lights,0.7883257865905762,2147.073974609375,1131.53564453125,2187.553955078125,1235.1151123046875,2167.31396484375,1183.3253784179688,40.47998046875,103.5794677734375
IMG_0039.mp4,478,15.949266666666666,29.97002997002997,206,2,traffic_signs,0.7922548055648804,3054.644775390625,1052.21728515625,3147.928955078125,1140.0350341796875,3101.286865234375,1096.1261596679688,93.2841796875,87.8177490234375
IMG_0039.mp4,478,15.949266666666666,29.97002997002997,376,1,traffic_lights,0.6297568678855896,3077.781982421875,1138.325439453125,3135.41015625,1244.9215087890625,3106.5960693359375,1191.6234741210938,57.628173828125,106.5960693359375
IMG_0039.mp4,479,15.982633333333334,29.97002997002997,382,2,traffic_signs,0.5104138255119324,2023.521728515625,1120.4620361328125,2114.111083984375,1242.396240234375,2068.81640625,1181.4291381835938,90.58935546875,121.9342041015625
IMG_0039.mp4,479,15.982633333333334,29.97002997002997,263,1,traffic_lights,0.8191874623298645,2404.9462890625,712.5807495117188,2473.526611328125,836.5435180664062,2439.2364501953125,774.5621337890625,68.580322265625,123.9627685546875
IMG_0039.mp4,479,15.982633333333334,29.97002997002997,425,0,auth_label,0.4850040078163147,8.735568046569824,637.3953247070312,174.22250366210938,1355.641357421875,91.4790358543396,996.5183410644531,165.48693561553955,718.2460327148438
IMG_0039.mp4,479,15.982633333333334,29.97002997002997,346,1,traffic_lights,0.749795138835907,2147.747314453125,1131.3675537109375,2187.95361328125,1233.8905029296875,2167.8504638671875,1182.6290283203125,40.206298828125,102.52294921875
IMG_0039.mp4,479,15.982633333333334,29.97002997002997,206,2,traffic_signs,0.6885780096054077,3057.15380859375,1051.572998046875,3149.442626953125,1139.5753173828125,3103.2982177734375,1095.5741577148438,92.288818359375,88.0023193359375
IMG_0039.mp4,479,15.982633333333334,29.97002997002997,376,1,traffic_lights,0.5259218811988831,3081.36767578125,1136.45947265625,3134.160888671875,1248.1380615234375,3107.7642822265625,1192.2987670898438,52.793212890625,111.6785888671875
IMG_0039.mp4,480,16.016000000000002,29.97002997002997,382,2,traffic_signs,0.5727311968803406,2024.7210693359375,1120.4498291015625,2120.302978515625,1252.5484619140625,2072.5120239257812,1186.4991455078125,95.5819091796875,132.0986328125
IMG_0039.mp4,480,16.016000000000002,29.97002997002997,263,1,traffic_lights,0.7896361947059631,2405.65673828125,712.005859375,2474.0556640625,836.0687866210938,2439.856201171875,774.0373229980469,68.39892578125,124.06292724609375
IMG_0039.mp4,480,16.016000000000002,29.97002997002997,425,0,auth_label,0.7439285516738892,8.433072090148926,672.3010864257812,168.34976196289062,1349.708740234375,88.39141702651978,1011.0049133300781,159.9166898727417,677.4076538085938
IMG_0039.mp4,480,16.016000000000002,29.97002997002997,346,1,traffic_lights,0.6805920004844666,2149.507568359375,1131.202392578125,2188.444091796875,1233.594482421875,2168.975830078125,1182.3984375,38.9365234375,102.39208984375
IMG_0039.mp4,480,16.016000000000002,29.97002997002997,206,2,traffic_signs,0.7596710920333862,3056.664794921875,1051.2493896484375,3150.42529296875,1141.0511474609375,3103.5450439453125,1096.1502685546875,93.760498046875,89.8017578125
IMG_0039.mp4,480,16.016000000000002,29.97002997002997,376,1,traffic_lights,0.37931036949157715,3082.919189453125,1133.768798828125,3135.179443359375,1246.7708740234375,3109.04931640625,1190.2698364257812,52.26025390625,113.0020751953125
IMG_0039.mp4,481,16.049366666666668,29.97002997002997,382,2,traffic_signs,0.3065983057022095,2026.4395751953125,1120.537841796875,2123.86376953125,1256.753662109375,2075.1516723632812,1188.645751953125,97.4241943359375,136.2158203125
IMG_0039.mp4,481,16.049366666666668,29.97002997002997,263,1,traffic_lights,0.796657145023346,2406.112548828125,712.4736938476562,2474.64990234375,835.8327026367188,2440.3812255859375,774.1531982421875,68.537353515625,123.3590087890625
IMG_0039.mp4,481,16.049366666666668,29.97002997002997,425,0,auth_label,0.5442211031913757,7.427970886230469,702.134765625,162.33056640625,1343.07177734375,84.87926864624023,1022.603271484375,154.90259552001953,640.93701171875
IMG_0039.mp4,481,16.049366666666668,29.97002997002997,346,1,traffic_lights,0.7565420866012573,2148.805908203125,1130.80810546875,2188.55419921875,1233.2398681640625,2168.6800537109375,1182.0239868164062,39.748291015625,102.4317626953125
IMG_0039.mp4,481,16.049366666666668,29.97002997002997,206,2,traffic_signs,0.8204767107963562,3056.72216796875,1051.167724609375,3152.22900390625,1138.6324462890625,3104.4755859375,1094.9000854492188,95.5068359375,87.4647216796875
IMG_0039.mp4,481,16.049366666666668,29.97002997002997,376,1,traffic_lights,0.5894708633422852,3084.807373046875,1133.8892822265625,3138.28466796875,1246.6461181640625,3111.5460205078125,1190.2677001953125,53.477294921875,112.7568359375
IMG_0039.mp4,481,16.049366666666668,29.97002997002997,433,2,traffic_signs,0.3281491696834564,2021.8514404296875,1119.5740966796875,2098.45654296875,1219.8941650390625,2060.1539916992188,1169.734130859375,76.6051025390625,100.320068359375
IMG_0039.mp4,481,16.049366666666668,29.97002997002997,174,2,traffic_signs,0.3054044246673584,3254.2548828125,1099.29345703125,3373.076171875,1193.3701171875,3313.66552734375,1146.331787109375,118.8212890625,94.07666015625
IMG_0039.mp4,482,16.082733333333334,29.97002997002997,382,2,traffic_signs,0.43339213728904724,2026.154052734375,1120.4051513671875,2125.58203125,1258.34130859375,2075.8680419921875,1189.3732299804688,99.427978515625,137.9361572265625
IMG_0039.mp4,482,16.082733333333334,29.97002997002997,263,1,traffic_lights,0.8082799315452576,2406.513427734375,712.3477172851562,2475.4580078125,835.1281127929688,2440.9857177734375,773.7379150390625,68.944580078125,122.7803955078125
IMG_0039.mp4,482,16.082733333333334,29.97002997002997,425,0,auth_label,0.5214177370071411,6.365529537200928,694.8539428710938,158.42491149902344,1340.1514892578125,82.39522051811218,1017.5027160644531,152.0593819618225,645.2975463867188
IMG_0039.mp4,482,16.082733333333334,29.97002997002997,346,1,traffic_lights,0.7263929843902588,2149.356201171875,1130.90380859375,2188.977294921875,1233.404296875,2169.166748046875,1182.154052734375,39.62109375,102.50048828125
IMG_0039.mp4,482,16.082733333333334,29.97002997002997,206,2,traffic_signs,0.7682732343673706,3057.896728515625,1051.0545654296875,3153.6572265625,1138.2552490234375,3105.7769775390625,1094.6549072265625,95.760498046875,87.20068359375
IMG_0039.mp4,482,16.082733333333334,29.97002997002997,376,1,traffic_lights,0.6884710192680359,3086.178955078125,1132.887939453125,3135.859375,1245.721435546875,3111.0191650390625,1189.3046875,49.680419921875,112.83349609375
IMG_0039.mp4,482,16.082733333333334,29.97002997002997,433,2,traffic_signs,0.29432597756385803,2022.2987060546875,1119.660888671875,2099.251220703125,1218.5419921875,2060.7749633789062,1169.1014404296875,76.9525146484375,98.881103515625
IMG_0039.mp4,482,16.082733333333334,29.97002997002997,174,2,traffic_signs,0.2875913381576538,3255.904052734375,1100.169677734375,3373.0380859375,1193.4056396484375,3314.4710693359375,1146.7876586914062,117.134033203125,93.2359619140625
IMG_0039.mp4,483,16.1161,29.97002997002997,382,2,traffic_signs,0.2589315176010132,2025.4156494140625,1119.659423828125,2127.199951171875,1261.388427734375,2076.3078002929688,1190.52392578125,101.7843017578125,141.72900390625
IMG_0039.mp4,483,16.1161,29.97002997002997,263,1,traffic_lights,0.8176162838935852,2407.240478515625,711.8894653320312,2475.73974609375,834.475341796875,2441.4901123046875,773.1824035644531,68.499267578125,122.58587646484375
IMG_0039.mp4,483,16.1161,29.97002997002997,425,0,auth_label,0.38245901465415955,6.794050216674805,702.1845703125,154.80836486816406,1335.1195068359375,80.80120754241943,1018.6520385742188,148.01431465148926,632.9349365234375
IMG_0039.mp4,483,16.1161,29.97002997002997,346,1,traffic_lights,0.6993119716644287,2150.046142578125,1131.1817626953125,2189.69873046875,1232.942138671875,2169.8724365234375,1182.0619506835938,39.652587890625,101.7603759765625
IMG_0039.mp4,483,16.1161,29.97002997002997,206,2,traffic_signs,0.7707734704017639,3058.371826171875,1050.6466064453125,3154.34326171875,1138.7645263671875,3106.3575439453125,1094.70556640625,95.971435546875,88.117919921875
IMG_0039.mp4,483,16.1161,29.97002997002997,376,1,traffic_lights,0.636134147644043,3087.826416015625,1132.8341064453125,3134.75146484375,1243.9852294921875,3111.2889404296875,1188.40966796875,46.925048828125,111.151123046875
IMG_0039.mp4,483,16.1161,29.97002997002997,433,2,traffic_signs,0.35303276777267456,2022.4808349609375,1119.3089599609375,2097.392822265625,1210.2578125,2059.9368286132812,1164.7833862304688,74.9119873046875,90.9488525390625
IMG_0039.mp4,483,16.1161,29.97002997002997,174,2,traffic_signs,0.33589524030685425,3257.01416015625,1100.0933837890625,3374.4541015625,1193.091064453125,3315.734130859375,1146.5922241210938,117.43994140625,92.9976806640625
IMG_0039.mp4,483,16.1161,29.97002997002997,336,2,traffic_signs,0.2527904808521271,2051.091552734375,1162.9144287109375,2127.236572265625,1257.832763671875,2089.1640625,1210.3735961914062,76.14501953125,94.9183349609375
IMG_0039.mp4,484,16.149466666666665,29.97002997002997,263,1,traffic_lights,0.8161608576774597,2407.357177734375,710.6692504882812,2476.447998046875,834.2095336914062,2441.902587890625,772.4393920898438,69.0908203125,123.540283203125
IMG_0039.mp4,484,16.149466666666665,29.97002997002997,425,0,auth_label,0.2563687264919281,5.823802471160889,693.7105102539062,150.31504821777344,1327.508056640625,78.06942534446716,1010.6092834472656,144.49124574661255,633.7975463867188
IMG_0039.mp4,484,16.149466666666665,29.97002997002997,346,1,traffic_lights,0.7639071345329285,2149.02099609375,1130.71484375,2189.80419921875,1232.936767578125,2169.41259765625,1181.8258056640625,40.783203125,102.221923828125
IMG_0039.mp4,484,16.149466666666665,29.97002997002997,206,2,traffic_signs,0.7857314348220825,3059.925537109375,1050.697021484375,3156.64892578125,1135.4132080078125,3108.2872314453125,1093.0551147460938,96.723388671875,84.7161865234375
IMG_0039.mp4,484,16.149466666666665,29.97002997002997,433,2,traffic_signs,0.36932164430618286,2022.4573974609375,1119.04833984375,2095.373046875,1206.7757568359375,2058.9152221679688,1162.9120483398438,72.9156494140625,87.7274169921875
IMG_0039.mp4,484,16.149466666666665,29.97002997002997,174,2,traffic_signs,0.3905183970928192,3257.727783203125,1099.1083984375,3376.416259765625,1192.58544921875,3317.072021484375,1145.846923828125,118.6884765625,93.47705078125
IMG_0039.mp4,484,16.149466666666665,29.97002997002997,336,2,traffic_signs,0.499267578125,2052.55859375,1164.725341796875,2127.90185546875,1257.6727294921875,2090.230224609375,1211.1990356445312,75.34326171875,92.9473876953125
IMG_0039.mp4,485,16.182833333333335,29.97002997002997,263,1,traffic_lights,0.7781683206558228,2408.06591796875,710.412109375,2477.193359375,834.2221069335938,2442.629638671875,772.3171081542969,69.12744140625,123.80999755859375
IMG_0039.mp4,485,16.182833333333335,29.97002997002997,346,1,traffic_lights,0.763800323009491,2149.4951171875,1131.0570068359375,2189.89306640625,1232.4163818359375,2169.694091796875,1181.7366943359375,40.39794921875,101.359375
IMG_0039.mp4,485,16.182833333333335,29.97002997002997,206,2,traffic_signs,0.7105417847633362,3061.557861328125,1050.7291259765625,3157.960693359375,1134.072509765625,3109.75927734375,1092.4008178710938,96.40283203125,83.3433837890625
IMG_0039.mp4,485,16.182833333333335,29.97002997002997,433,2,traffic_signs,0.4373491704463959,2022.8406982421875,1119.0751953125,2094.713623046875,1202.8544921875,2058.7771606445312,1160.96484375,71.8729248046875,83.779296875
IMG_0039.mp4,485,16.182833333333335,29.97002997002997,174,2,traffic_signs,0.4572746753692627,3258.18408203125,1097.84130859375,3379.038330078125,1192.3636474609375,3318.6112060546875,1145.1024780273438,120.854248046875,94.5223388671875
IMG_0039.mp4,485,16.182833333333335,29.97002997002997,336,2,traffic_signs,0.555961012840271,2054.752685546875,1166.3421630859375,2128.1533203125,1257.3831787109375,2091.4530029296875,1211.8626708984375,73.400634765625,91.041015625
IMG_0039.mp4,485,16.182833333333335,29.97002997002997,376,1,traffic_lights,0.5325136780738831,3087.3134765625,1131.4029541015625,3141.18359375,1244.708984375,3114.24853515625,1188.0559692382812,53.8701171875,113.3060302734375
IMG_0039.mp4,486,16.2162,29.97002997002997,263,1,traffic_lights,0.7688165903091431,2409.01416015625,709.2645263671875,2478.21630859375,833.265625,2443.615234375,771.2650756835938,69.2021484375,124.0010986328125
IMG_0039.mp4,486,16.2162,29.97002997002997,346,1,traffic_lights,0.7127248644828796,2149.798828125,1131.005859375,2190.466064453125,1232.093994140625,2170.1324462890625,1181.5499267578125,40.667236328125,101.088134765625
IMG_0039.mp4,486,16.2162,29.97002997002997,206,2,traffic_signs,0.6376059055328369,3062.752197265625,1050.7022705078125,3157.861083984375,1135.0836181640625,3110.306640625,1092.8929443359375,95.10888671875,84.38134765625
IMG_0039.mp4,486,16.2162,29.97002997002997,433,2,traffic_signs,0.4662201702594757,2023.12353515625,1118.527099609375,2093.657470703125,1200.1309814453125,2058.3905029296875,1159.3290405273438,70.533935546875,81.6038818359375
IMG_0039.mp4,486,16.2162,29.97002997002997,174,2,traffic_signs,0.4490889608860016,3259.515869140625,1096.9525146484375,3380.23681640625,1192.0614013671875,3319.8763427734375,1144.5069580078125,120.720947265625,95.10888671875
IMG_0039.mp4,486,16.2162,29.97002997002997,336,2,traffic_signs,0.5914974212646484,2056.757568359375,1167.775390625,2127.85888671875,1257.114990234375,2092.3082275390625,1212.4451904296875,71.101318359375,89.339599609375
IMG_0039.mp4,486,16.2162,29.97002997002997,376,1,traffic_lights,0.596820056438446,3087.56396484375,1131.5660400390625,3138.750244140625,1245.2264404296875,3113.1571044921875,1188.396240234375,51.186279296875,113.660400390625
IMG_0039.mp4,487,16.249566666666666,29.97002997002997,263,1,traffic_lights,0.7774627804756165,2409.392578125,708.8344116210938,2479.08642578125,833.0908813476562,2444.239501953125,770.962646484375,69.69384765625,124.2564697265625
IMG_0039.mp4,487,16.249566666666666,29.97002997002997,346,1,traffic_lights,0.7572599053382874,2150.1318359375,1131.69873046875,2189.907470703125,1231.865234375,2170.0196533203125,1181.781982421875,39.775634765625,100.16650390625
IMG_0039.mp4,487,16.249566666666666,29.97002997002997,206,2,traffic_signs,0.7598556876182556,3063.549560546875,1050.1365966796875,3159.008056640625,1134.640380859375,3111.27880859375,1092.3884887695312,95.45849609375,84.5037841796875
IMG_0039.mp4,487,16.249566666666666,29.97002997002997,433,2,traffic_signs,0.44887372851371765,2023.17626953125,1119.2960205078125,2092.35791015625,1199.62939453125,2057.76708984375,1159.4627075195312,69.181640625,80.3333740234375
IMG_0039.mp4,487,16.249566666666666,29.97002997002997,336,2,traffic_signs,0.6872910857200623,2057.86083984375,1169.4498291015625,2127.248046875,1256.9849853515625,2092.554443359375,1213.2174072265625,69.38720703125,87.53515625
IMG_0039.mp4,487,16.249566666666666,29.97002997002997,376,1,traffic_lights,0.27741944789886475,3088.0927734375,1131.890625,3142.503662109375,1243.6846923828125,3115.2982177734375,1187.7876586914062,54.410888671875,111.7940673828125
IMG_0039.mp4,487,16.249566666666666,29.97002997002997,429,2,traffic_signs,0.2920835018157959,1602.9984130859375,1265.4873046875,1624.02294921875,1283.774658203125,1613.5106811523438,1274.6309814453125,21.0245361328125,18.287353515625
IMG_0039.mp4,488,16.282933333333332,29.97002997002997,263,1,traffic_lights,0.7650302052497864,2409.001953125,708.4490356445312,2479.476806640625,833.1478881835938,2444.2393798828125,770.7984619140625,70.474853515625,124.6988525390625
IMG_0039.mp4,488,16.282933333333332,29.97002997002997,346,1,traffic_lights,0.7543995976448059,2150.159912109375,1131.8133544921875,2189.916748046875,1232.401123046875,2170.038330078125,1182.1072387695312,39.7568359375,100.5877685546875
IMG_0039.mp4,488,16.282933333333332,29.97002997002997,206,2,traffic_signs,0.7332780361175537,3064.668701171875,1049.608154296875,3160.097412109375,1133.91015625,3112.383056640625,1091.7591552734375,95.4287109375,84.302001953125
IMG_0039.mp4,488,16.282933333333332,29.97002997002997,433,2,traffic_signs,0.4657723903656006,2023.0186767578125,1118.8193359375,2089.736328125,1198.166015625,2056.3775024414062,1158.49267578125,66.7176513671875,79.3466796875
IMG_0039.mp4,488,16.282933333333332,29.97002997002997,336,2,traffic_signs,0.7530187964439392,2058.664794921875,1170.367919921875,2127.9931640625,1256.778564453125,2093.3289794921875,1213.5732421875,69.328369140625,86.41064453125
IMG_0039.mp4,488,16.282933333333332,29.97002997002997,376,1,traffic_lights,0.4931029975414276,3089.9580078125,1132.3162841796875,3140.84326171875,1241.5126953125,3115.400634765625,1186.9144897460938,50.88525390625,109.1964111328125
IMG_0039.mp4,489,16.316300000000002,29.97002997002997,263,1,traffic_lights,0.8226174712181091,2409.7880859375,707.6829223632812,2479.5693359375,832.4575805664062,2444.6787109375,770.0702514648438,69.78125,124.774658203125
IMG_0039.mp4,489,16.316300000000002,29.97002997002997,346,1,traffic_lights,0.7377768754959106,2149.9521484375,1131.31982421875,2190.437744140625,1233.2135009765625,2170.1949462890625,1182.2666625976562,40.485595703125,101.8936767578125
IMG_0039.mp4,489,16.316300000000002,29.97002997002997,206,2,traffic_signs,0.7450251579284668,3065.4482421875,1048.916259765625,3159.47802734375,1135.19775390625,3112.463134765625,1092.0570068359375,94.02978515625,86.281494140625
IMG_0039.mp4,489,16.316300000000002,29.97002997002997,433,2,traffic_signs,0.3473914861679077,2023.066162109375,1118.105224609375,2094.00244140625,1201.927490234375,2058.5343017578125,1160.016357421875,70.936279296875,83.822265625
IMG_0039.mp4,489,16.316300000000002,29.97002997002997,336,2,traffic_signs,0.49197864532470703,2056.922607421875,1166.751953125,2129.196044921875,1256.730224609375,2093.059326171875,1211.7410888671875,72.2734375,89.978271484375
IMG_0039.mp4,489,16.316300000000002,29.97002997002997,376,1,traffic_lights,0.43368303775787354,3091.7783203125,1133.3050537109375,3139.70263671875,1241.285400390625,3115.740478515625,1187.2952270507812,47.92431640625,107.9803466796875
IMG_0039.mp4,489,16.316300000000002,29.97002997002997,174,2,traffic_signs,0.28120893239974976,3263.193359375,1096.397705078125,3380.22607421875,1191.5791015625,3321.709716796875,1143.9884033203125,117.03271484375,95.181396484375
IMG_0039.mp4,489,16.316300000000002,29.97002997002997,429,2,traffic_signs,0.2595422863960266,1604.63916015625,1265.458251953125,1623.949462890625,1282.85986328125,1614.2943115234375,1274.1590576171875,19.310302734375,17.401611328125
IMG_0039.mp4,490,16.349666666666668,29.97002997002997,263,1,traffic_lights,0.8081660270690918,2410.083984375,707.3399047851562,2479.482666015625,832.4039306640625,2444.7833251953125,769.8719177246094,69.398681640625,125.06402587890625
IMG_0039.mp4,490,16.349666666666668,29.97002997002997,346,1,traffic_lights,0.7688907980918884,2150.377197265625,1131.5439453125,2189.796630859375,1233.125,2170.0869140625,1182.33447265625,39.41943359375,101.5810546875
IMG_0039.mp4,490,16.349666666666668,29.97002997002997,206,2,traffic_signs,0.767219603061676,3066.066162109375,1048.3677978515625,3160.54345703125,1134.514404296875,3113.3048095703125,1091.4411010742188,94.477294921875,86.1466064453125
IMG_0039.mp4,490,16.349666666666668,29.97002997002997,433,2,traffic_signs,0.5282831192016602,2023.7730712890625,1117.9263916015625,2094.569091796875,1197.6937255859375,2059.1710815429688,1157.81005859375,70.7960205078125,79.767333984375
IMG_0039.mp4,490,16.349666666666668,29.97002997002997,336,2,traffic_signs,0.7553022503852844,2057.680419921875,1169.1861572265625,2129.09521484375,1256.7769775390625,2093.3878173828125,1212.9815673828125,71.414794921875,87.5908203125
IMG_0039.mp4,490,16.349666666666668,29.97002997002997,376,1,traffic_lights,0.6915221810340881,3093.042724609375,1131.871826171875,3148.089111328125,1244.4720458984375,3120.56591796875,1188.1719360351562,55.04638671875,112.6002197265625
IMG_0039.mp4,490,16.349666666666668,29.97002997002997,174,2,traffic_signs,0.4514630138874054,3262.929931640625,1095.17138671875,3383.526123046875,1191.0587158203125,3323.22802734375,1143.1150512695312,120.59619140625,95.8873291015625
IMG_0039.mp4,490,16.349666666666668,29.97002997002997,429,2,traffic_signs,0.2748268246650696,1605.7471923828125,1265.440185546875,1624.695556640625,1282.3551025390625,1615.2213745117188,1273.8976440429688,18.9483642578125,16.9149169921875
IMG_0039.mp4,491,16.383033333333334,29.97002997002997,263,1,traffic_lights,0.8089410066604614,2410.5263671875,706.6720581054688,2479.73388671875,831.7848510742188,2445.130126953125,769.2284545898438,69.20751953125,125.11279296875
IMG_0039.mp4,491,16.383033333333334,29.97002997002997,346,1,traffic_lights,0.7622286081314087,2148.58740234375,1129.8321533203125,2190.66748046875,1233.4459228515625,2169.62744140625,1181.6390380859375,42.080078125,103.61376953125
IMG_0039.mp4,491,16.383033333333334,29.97002997002997,433,2,traffic_signs,0.37862083315849304,2023.70068359375,1117.057373046875,2096.71630859375,1199.264404296875,2060.20849609375,1158.160888671875,73.015625,82.20703125
IMG_0039.mp4,491,16.383033333333334,29.97002997002997,336,2,traffic_signs,0.611183226108551,2055.48779296875,1166.258544921875,2129.759765625,1256.197509765625,2092.623779296875,1211.22802734375,74.27197265625,89.93896484375
IMG_0039.mp4,491,16.383033333333334,29.97002997002997,174,2,traffic_signs,0.3854511082172394,3261.012451171875,1092.0615234375,3385.18603515625,1188.0838623046875,3323.0992431640625,1140.0726928710938,124.173583984375,96.0223388671875
IMG_0039.mp4,492,16.4164,29.97002997002997,263,1,traffic_lights,0.8067946434020996,2410.492919921875,705.5045166015625,2480.362548828125,831.5311889648438,2445.427734375,768.5178527832031,69.86962890625,126.02667236328125
IMG_0039.mp4,493,16.449766666666665,29.97002997002997,263,1,traffic_lights,0.5094685554504395,2418.273193359375,706.0367431640625,2475.72607421875,806.6614379882812,2446.9996337890625,756.3490905761719,57.452880859375,100.62469482421875
IMG_0039.mp4,493,16.449766666666665,29.97002997002997,206,2,traffic_signs,0.6611453890800476,3069.616943359375,1046.361328125,3161.19384765625,1128.1109619140625,3115.4053955078125,1087.2361450195312,91.576904296875,81.7496337890625
IMG_0039.mp4,493,16.449766666666665,29.97002997002997,376,1,traffic_lights,0.4904891848564148,3095.51904296875,1129.895751953125,3149.686767578125,1243.1090087890625,3122.6029052734375,1186.5023803710938,54.167724609375,113.2132568359375
IMG_0039.mp4,493,16.449766666666665,29.97002997002997,174,2,traffic_signs,0.8841602206230164,3262.82080078125,1090.2626953125,3388.73095703125,1189.4774169921875,3325.77587890625,1139.8700561523438,125.91015625,99.2147216796875
IMG_0039.mp4,494,16.483133333333335,29.97002997002997,263,1,traffic_lights,0.8834638595581055,2414.238525390625,706.1558227539062,2478.8095703125,821.921875,2446.5240478515625,764.0388488769531,64.571044921875,115.76605224609375
IMG_0039.mp4,494,16.483133333333335,29.97002997002997,206,2,traffic_signs,0.6603099703788757,3069.60791015625,1046.4473876953125,3159.95458984375,1129.73291015625,3114.78125,1088.0901489257812,90.3466796875,83.2855224609375
IMG_0039.mp4,494,16.483133333333335,29.97002997002997,376,1,traffic_lights,0.6171733736991882,3096.477294921875,1130.222412109375,3145.66259765625,1243.140869140625,3121.0699462890625,1186.681640625,49.185302734375,112.91845703125
IMG_0039.mp4,494,16.483133333333335,29.97002997002997,174,2,traffic_signs,0.6788848042488098,3264.4658203125,1090.366455078125,3389.39306640625,1190.2320556640625,3326.929443359375,1140.2992553710938,124.92724609375,99.8656005859375
IMG_0039.mp4,494,16.483133333333335,29.97002997002997,346,1,traffic_lights,0.7251908183097839,2154.031005859375,1132.02734375,2189.88720703125,1232.82470703125,2171.9591064453125,1182.426025390625,35.856201171875,100.79736328125
IMG_0039.mp4,494,16.483133333333335,29.97002997002997,433,2,traffic_signs,0.7324705719947815,2025.67724609375,1117.2042236328125,2094.407470703125,1194.9130859375,2060.0423583984375,1156.0586547851562,68.730224609375,77.7088623046875
IMG_0039.mp4,494,16.483133333333335,29.97002997002997,336,2,traffic_signs,0.8137616515159607,2059.539306640625,1171.996826171875,2129.003662109375,1254.161865234375,2094.271484375,1213.079345703125,69.46435546875,82.1650390625
IMG_0039.mp4,495,16.5165,29.97002997002997,263,1,traffic_lights,0.8670932650566101,2413.51220703125,704.683837890625,2480.462158203125,825.01953125,2446.9871826171875,764.8516845703125,66.949951171875,120.335693359375
IMG_0039.mp4,495,16.5165,29.97002997002997,206,2,traffic_signs,0.7339540123939514,3068.8544921875,1046.390625,3161.03857421875,1130.4368896484375,3114.946533203125,1088.4137573242188,92.18408203125,84.0462646484375
IMG_0039.mp4,495,16.5165,29.97002997002997,376,1,traffic_lights,0.6085338592529297,3095.876708984375,1130.1990966796875,3144.603759765625,1242.8089599609375,3120.240234375,1186.5040283203125,48.72705078125,112.60986328125
IMG_0039.mp4,495,16.5165,29.97002997002997,174,2,traffic_signs,0.7591904997825623,3264.87255859375,1091.0367431640625,3392.429931640625,1188.776611328125,3328.6512451171875,1139.9066772460938,127.557373046875,97.7398681640625
IMG_0039.mp4,495,16.5165,29.97002997002997,346,1,traffic_lights,0.655788004398346,2153.343994140625,1132.08056640625,2190.052734375,1231.7091064453125,2171.6983642578125,1181.8948364257812,36.708740234375,99.6285400390625
IMG_0039.mp4,495,16.5165,29.97002997002997,433,2,traffic_signs,0.5034152865409851,2025.7822265625,1116.8372802734375,2096.70361328125,1199.8212890625,2061.242919921875,1158.3292846679688,70.92138671875,82.9840087890625
IMG_0039.mp4,495,16.5165,29.97002997002997,336,2,traffic_signs,0.661436140537262,2057.145751953125,1167.928955078125,2129.715576171875,1253.5107421875,2093.4306640625,1210.7198486328125,72.56982421875,85.581787109375
IMG_0039.mp4,496,16.549866666666667,29.97002997002997,263,1,traffic_lights,0.8707331418991089,2413.22802734375,704.1360473632812,2481.830078125,825.9288330078125,2447.529052734375,765.0324401855469,68.60205078125,121.79278564453125
IMG_0039.mp4,496,16.549866666666667,29.97002997002997,206,2,traffic_signs,0.659405529499054,3070.05322265625,1046.3643798828125,3163.782958984375,1128.689697265625,3116.9180908203125,1087.5270385742188,93.729736328125,82.3253173828125
IMG_0039.mp4,496,16.549866666666667,29.97002997002997,376,1,traffic_lights,0.6438199877738953,3096.378662109375,1129.6932373046875,3150.884521484375,1243.3690185546875,3123.631591796875,1186.5311279296875,54.505859375,113.67578125
IMG_0039.mp4,496,16.549866666666667,29.97002997002997,174,2,traffic_signs,0.5908343195915222,3264.908935546875,1090.498291015625,3394.47314453125,1187.71435546875,3329.6910400390625,1139.1063232421875,129.564208984375,97.216064453125
IMG_0039.mp4,496,16.549866666666667,29.97002997002997,346,1,traffic_lights,0.7740777730941772,2153.296875,1132.118896484375,2189.925048828125,1231.9766845703125,2171.6109619140625,1182.0477905273438,36.628173828125,99.8577880859375
IMG_0039.mp4,496,16.549866666666667,29.97002997002997,433,2,traffic_signs,0.5168724060058594,2026.4820556640625,1116.5989990234375,2096.8037109375,1198.93505859375,2061.6428833007812,1157.7670288085938,70.3216552734375,82.3360595703125
IMG_0039.mp4,496,16.549866666666667,29.97002997002997,336,2,traffic_signs,0.696837842464447,2056.13525390625,1168.95947265625,2128.666748046875,1251.9183349609375,2092.4010009765625,1210.4389038085938,72.531494140625,82.9588623046875
IMG_0039.mp4,497,16.583233333333332,29.97002997002997,263,1,traffic_lights,0.8577468395233154,2413.107421875,703.6570434570312,2481.754638671875,825.3265380859375,2447.4310302734375,764.4917907714844,68.647216796875,121.66949462890625
IMG_0039.mp4,497,16.583233333333332,29.97002997002997,206,2,traffic_signs,0.7021641731262207,3068.792236328125,1045.9921875,3165.287353515625,1129.0013427734375,3117.039794921875,1087.4967651367188,96.4951171875,83.0091552734375
IMG_0039.mp4,497,16.583233333333332,29.97002997002997,346,1,traffic_lights,0.7341498732566833,2153.34326171875,1132.509033203125,2190.186279296875,1232.3775634765625,2171.7647705078125,1182.4432983398438,36.843017578125,99.8685302734375
IMG_0039.mp4,497,16.583233333333332,29.97002997002997,433,2,traffic_signs,0.6703836917877197,2026.4471435546875,1116.78955078125,2096.553466796875,1197.9010009765625,2061.5003051757812,1157.3452758789062,70.1063232421875,81.1114501953125
IMG_0039.mp4,497,16.583233333333332,29.97002997002997,336,2,traffic_signs,0.7133906483650208,2056.84765625,1170.8836669921875,2129.03955078125,1251.70361328125,2092.943603515625,1211.2936401367188,72.19189453125,80.8199462890625
IMG_0039.mp4,498,16.616600000000002,29.97002997002997,263,1,traffic_lights,0.8655400276184082,2413.06884765625,703.5488891601562,2482.12255859375,825.3204956054688,2447.595703125,764.4346923828125,69.0537109375,121.7716064453125
IMG_0039.mp4,498,16.616600000000002,29.97002997002997,346,1,traffic_lights,0.7137949466705322,2153.82666015625,1132.342041015625,2190.854736328125,1233.1563720703125,2172.3406982421875,1182.7492065429688,37.028076171875,100.8143310546875
IMG_0039.mp4,498,16.616600000000002,29.97002997002997,433,2,traffic_signs,0.6659835577011108,2026.611572265625,1116.8681640625,2096.5341796875,1197.434326171875,2061.5728759765625,1157.1512451171875,69.922607421875,80.566162109375
IMG_0039.mp4,498,16.616600000000002,29.97002997002997,336,2,traffic_signs,0.7742766737937927,2057.291015625,1171.349609375,2130.092529296875,1252.68212890625,2093.6917724609375,1212.015869140625,72.801513671875,81.33251953125
IMG_0039.mp4,498,16.616600000000002,29.97002997002997,437,0,auth_label,0.6541393399238586,725.2297973632812,444.5549621582031,856.174560546875,1360.8759765625,790.7021789550781,902.7154693603516,130.94476318359375,916.3210144042969
IMG_0039.mp4,498,16.616600000000002,29.97002997002997,376,1,traffic_lights,0.6670809984207153,3094.361572265625,1129.88232421875,3152.12890625,1240.81591796875,3123.2452392578125,1185.34912109375,57.767333984375,110.93359375
IMG_0039.mp4,499,16.649966666666668,29.97002997002997,263,1,traffic_lights,0.8409871459007263,2415.259765625,704.7447509765625,2480.748291015625,824.6639404296875,2448.0040283203125,764.704345703125,65.488525390625,119.919189453125
IMG_0039.mp4,499,16.649966666666668,29.97002997002997,346,1,traffic_lights,0.7728875875473022,2153.745849609375,1131.7088623046875,2190.482421875,1232.8804931640625,2172.1141357421875,1182.294677734375,36.736572265625,101.171630859375
IMG_0039.mp4,499,16.649966666666668,29.97002997002997,433,2,traffic_signs,0.4537111818790436,2026.98291015625,1116.7218017578125,2096.958251953125,1198.0126953125,2061.9705810546875,1157.3672485351562,69.975341796875,81.2908935546875
IMG_0039.mp4,499,16.649966666666668,29.97002997002997,336,2,traffic_signs,0.6698964834213257,2055.348388671875,1167.6939697265625,2131.073486328125,1252.7005615234375,2093.2109375,1210.197265625,75.72509765625,85.006591796875
IMG_0039.mp4,499,16.649966666666668,29.97002997002997,437,0,auth_label,0.5772121548652649,721.6222534179688,444.93597412109375,854.6529541015625,1355.1351318359375,788.1376037597656,900.0355529785156,133.03070068359375,910.1991577148438
IMG_0039.mp4,499,16.649966666666668,29.97002997002997,376,1,traffic_lights,0.7824779152870178,3096.31787109375,1129.1085205078125,3150.540771484375,1243.6790771484375,3123.4293212890625,1186.393798828125,54.222900390625,114.570556640625
IMG_0039.mp4,499,16.649966666666668,29.97002997002997,174,2,traffic_signs,0.27492398023605347,3268.701904296875,1092.576904296875,3391.54833984375,1188.27685546875,3330.1251220703125,1140.4268798828125,122.846435546875,95.699951171875
IMG_0039.mp4,499,16.649966666666668,29.97002997002997,206,2,traffic_signs,0.7949742674827576,3072.264404296875,1046.404052734375,3166.85400390625,1129.05078125,3119.5592041015625,1087.7274169921875,94.589599609375,82.646728515625
IMG_0039.mp4,500,16.683333333333334,29.97002997002997,263,1,traffic_lights,0.8314059376716614,2418.140869140625,705.5643310546875,2479.60009765625,824.0889892578125,2448.8704833984375,764.82666015625,61.459228515625,118.524658203125
IMG_0039.mp4,500,16.683333333333334,29.97002997002997,346,1,traffic_lights,0.5865369439125061,2151.816162109375,1131.3380126953125,2192.695068359375,1232.0238037109375,2172.255615234375,1181.680908203125,40.87890625,100.685791015625
IMG_0039.mp4,500,16.683333333333334,29.97002997002997,433,2,traffic_signs,0.6240658164024353,2027.0699462890625,1117.7183837890625,2096.754638671875,1192.9287109375,2061.9122924804688,1155.3235473632812,69.6846923828125,75.2103271484375
IMG_0039.mp4,500,16.683333333333334,29.97002997002997,336,2,traffic_signs,0.7406166791915894,2054.002197265625,1169.1796875,2129.14453125,1252.0670166015625,2091.5733642578125,1210.6233520507812,75.142333984375,82.8873291015625
IMG_0039.mp4,500,16.683333333333334,29.97002997002997,376,1,traffic_lights,0.761991560459137,3097.1708984375,1129.32958984375,3147.94970703125,1244.756591796875,3122.560302734375,1187.0430908203125,50.77880859375,115.427001953125
IMG_0039.mp4,500,16.683333333333334,29.97002997002997,174,2,traffic_signs,0.3558480143547058,3269.396484375,1092.5194091796875,3391.946533203125,1188.668212890625,3330.6715087890625,1140.5938110351562,122.550048828125,96.1488037109375
IMG_0039.mp4,501,16.7167,29.97002997002997,263,1,traffic_lights,0.8678913116455078,2417.3388671875,705.5712280273438,2480.5771484375,823.3244018554688,2448.9580078125,764.4478149414062,63.23828125,117.753173828125
IMG_0039.mp4,501,16.7167,29.97002997002997,346,1,traffic_lights,0.4131249487400055,2151.87939453125,1128.2979736328125,2192.994873046875,1231.4664306640625,2172.4371337890625,1179.8822021484375,41.115478515625,103.16845703125
IMG_0039.mp4,501,16.7167,29.97002997002997,433,2,traffic_signs,0.5127533674240112,2027.3021240234375,1117.8541259765625,2097.84716796875,1190.6129150390625,2062.5746459960938,1154.2335205078125,70.5450439453125,72.7587890625
IMG_0039.mp4,501,16.7167,29.97002997002997,336,2,traffic_signs,0.8718750476837158,2052.512451171875,1168.21337890625,2125.4326171875,1252.2607421875,2088.9725341796875,1210.237060546875,72.920166015625,84.04736328125
IMG_0039.mp4,501,16.7167,29.97002997002997,376,1,traffic_lights,0.5283889174461365,3096.263671875,1128.23583984375,3151.372314453125,1244.935302734375,3123.8179931640625,1186.5855712890625,55.108642578125,116.699462890625
IMG_0039.mp4,501,16.7167,29.97002997002997,174,2,traffic_signs,0.7183575630187988,3269.114501953125,1092.313720703125,3394.911865234375,1188.3419189453125,3332.01318359375,1140.3278198242188,125.79736328125,96.0281982421875
IMG_0039.mp4,501,16.7167,29.97002997002997,206,2,traffic_signs,0.6952689290046692,3073.9970703125,1046.1976318359375,3169.52392578125,1127.618896484375,3121.760498046875,1086.9082641601562,95.52685546875,81.4212646484375
IMG_0039.mp4,502,16.750066666666665,29.97002997002997,263,1,traffic_lights,0.8836355805397034,2417.572265625,705.282958984375,2480.837646484375,823.4591674804688,2449.2049560546875,764.3710632324219,63.265380859375,118.17620849609375
IMG_0039.mp4,502,16.750066666666665,29.97002997002997,346,1,traffic_lights,0.7625767588615417,2153.916259765625,1129.8785400390625,2191.42529296875,1232.9122314453125,2172.6707763671875,1181.3953857421875,37.509033203125,103.03369140625
IMG_0039.mp4,502,16.750066666666665,29.97002997002997,433,2,traffic_signs,0.7122625112533569,2026.3021240234375,1117.3846435546875,2098.287841796875,1191.3834228515625,2062.2949829101562,1154.384033203125,71.9857177734375,73.998779296875
IMG_0039.mp4,502,16.750066666666665,29.97002997002997,336,2,traffic_signs,0.8270080089569092,2055.546875,1169.88037109375,2129.069091796875,1252.155517578125,2092.3079833984375,1211.0179443359375,73.522216796875,82.275146484375
IMG_0039.mp4,502,16.750066666666665,29.97002997002997,376,1,traffic_lights,0.6441885828971863,3093.24267578125,1127.9630126953125,3157.70849609375,1245.5657958984375,3125.4755859375,1186.764404296875,64.4658203125,117.602783203125
IMG_0039.mp4,502,16.750066666666665,29.97002997002997,174,2,traffic_signs,0.5131028890609741,3271.74755859375,1092.9017333984375,3397.736328125,1189.1405029296875,3334.741943359375,1141.0211181640625,125.98876953125,96.23876953125
IMG_0039.mp4,502,16.750066666666665,29.97002997002997,206,2,traffic_signs,0.43785005807876587,3075.032470703125,1046.6925048828125,3170.04345703125,1125.9134521484375,3122.5379638671875,1086.302978515625,95.010986328125,79.220947265625
IMG_0039.mp4,503,16.783433333333335,29.97002997002997,263,1,traffic_lights,0.888575553894043,2417.9921875,705.8458251953125,2480.62744140625,823.2555541992188,2449.309814453125,764.5506896972656,62.63525390625,117.40972900390625
IMG_0039.mp4,503,16.783433333333335,29.97002997002997,346,1,traffic_lights,0.6308313012123108,2154.725341796875,1129.8492431640625,2190.985107421875,1232.7137451171875,2172.855224609375,1181.281494140625,36.259765625,102.864501953125
IMG_0039.mp4,503,16.783433333333335,29.97002997002997,433,2,traffic_signs,0.4318336248397827,2026.0687255859375,1116.4266357421875,2098.7197265625,1194.1375732421875,2062.3942260742188,1155.2821044921875,72.6510009765625,77.7109375
IMG_0039.mp4,503,16.783433333333335,29.97002997002997,336,2,traffic_signs,0.7885106801986694,2056.448486328125,1168.755859375,2130.7880859375,1252.050048828125,2093.6182861328125,1210.4029541015625,74.339599609375,83.294189453125
IMG_0039.mp4,503,16.783433333333335,29.97002997002997,376,1,traffic_lights,0.403967022895813,3092.39208984375,1126.8360595703125,3165.232177734375,1245.7750244140625,3128.8121337890625,1186.3055419921875,72.840087890625,118.93896484375
IMG_0039.mp4,503,16.783433333333335,29.97002997002997,206,2,traffic_signs,0.5862184762954712,3074.951171875,1046.3555908203125,3171.331298828125,1125.380615234375,3123.1412353515625,1085.8681030273438,96.380126953125,79.0250244140625
IMG_0039.mp4,503,16.783433333333335,29.97002997002997,437,0,auth_label,0.8249741196632385,703.3032836914062,444.1900329589844,851.281494140625,1355.5562744140625,777.2923889160156,899.8731536865234,147.97821044921875,911.3662414550781
IMG_0039.mp4,504,16.8168,29.97002997002997,263,1,traffic_lights,0.8743299245834351,2418.162353515625,705.3302001953125,2481.07763671875,823.3522338867188,2449.6199951171875,764.3412170410156,62.915283203125,118.02203369140625
IMG_0039.mp4,504,16.8168,29.97002997002997,346,1,traffic_lights,0.5888262987136841,2155.976806640625,1130.155029296875,2191.13916015625,1233.23681640625,2173.5579833984375,1181.6959228515625,35.162353515625,103.081787109375
IMG_0039.mp4,504,16.8168,29.97002997002997,433,2,traffic_signs,0.7411106824874878,2026.1917724609375,1115.82275390625,2098.615234375,1195.147705078125,2062.4035034179688,1155.4852294921875,72.4234619140625,79.324951171875
IMG_0039.mp4,504,16.8168,29.97002997002997,336,2,traffic_signs,0.8651321530342102,2058.39990234375,1170.42529296875,2131.427001953125,1252.2000732421875,2094.9134521484375,1211.3126831054688,73.027099609375,81.7747802734375
IMG_0039.mp4,504,16.8168,29.97002997002997,376,1,traffic_lights,0.5446573495864868,3090.934814453125,1127.5523681640625,3167.677734375,1245.473876953125,3129.3062744140625,1186.5131225585938,76.742919921875,117.9215087890625
IMG_0039.mp4,504,16.8168,29.97002997002997,206,2,traffic_signs,0.7761287093162537,3074.485107421875,1045.7303466796875,3173.026123046875,1125.2276611328125,3123.755615234375,1085.47900390625,98.541015625,79.497314453125
IMG_0039.mp4,505,16.850166666666667,29.97002997002997,263,1,traffic_lights,0.8435285687446594,2418.31689453125,704.8548583984375,2481.270263671875,823.2522583007812,2449.7935791015625,764.0535583496094,62.953369140625,118.39739990234375
IMG_0039.mp4,505,16.850166666666667,29.97002997002997,346,1,traffic_lights,0.7546836137771606,2156.279296875,1130.632568359375,2191.078857421875,1233.0677490234375,2173.6790771484375,1181.8501586914062,34.799560546875,102.4351806640625
IMG_0039.mp4,505,16.850166666666667,29.97002997002997,433,2,traffic_signs,0.7617620229721069,2026.269287109375,1115.654541015625,2098.42236328125,1194.801025390625,2062.3458251953125,1155.227783203125,72.153076171875,79.146484375
IMG_0039.mp4,505,16.850166666666667,29.97002997002997,336,2,traffic_signs,0.8642688393592834,2059.491943359375,1170.33642578125,2131.88232421875,1252.66259765625,2095.6871337890625,1211.49951171875,72.390380859375,82.326171875
IMG_0039.mp4,505,16.850166666666667,29.97002997002997,376,1,traffic_lights,0.5661529898643494,3089.0537109375,1127.0552978515625,3175.21826171875,1245.8763427734375,3132.135986328125,1186.4658203125,86.16455078125,118.821044921875
IMG_0039.mp4,505,16.850166666666667,29.97002997002997,206,2,traffic_signs,0.8037972450256348,3074.00634765625,1045.29443359375,3173.388671875,1125.4801025390625,3123.697509765625,1085.3872680664062,99.38232421875,80.1856689453125
IMG_0039.mp4,506,16.883533333333332,29.97002997002997,263,1,traffic_lights,0.7646772861480713,2418.5048828125,704.0751953125,2481.5439453125,823.173583984375,2450.0244140625,763.6243896484375,63.0390625,119.098388671875
IMG_0039.mp4,506,16.883533333333332,29.97002997002997,346,1,traffic_lights,0.5740452408790588,2156.658203125,1130.461669921875,2191.43603515625,1233.2799072265625,2174.047119140625,1181.8707885742188,34.77783203125,102.8182373046875
IMG_0039.mp4,506,16.883533333333332,29.97002997002997,433,2,traffic_signs,0.6198196411132812,2026.4962158203125,1115.5223388671875,2098.4384765625,1194.9932861328125,2062.4673461914062,1155.2578125,71.9422607421875,79.470947265625
IMG_0039.mp4,506,16.883533333333332,29.97002997002997,336,2,traffic_signs,0.8480962514877319,2059.75244140625,1170.6884765625,2132.591796875,1252.6334228515625,2096.172119140625,1211.6609497070312,72.83935546875,81.9449462890625
IMG_0039.mp4,506,16.883533333333332,29.97002997002997,376,1,traffic_lights,0.42768755555152893,3089.495849609375,1126.80615234375,3178.484619140625,1246.41943359375,3133.990234375,1186.61279296875,88.98876953125,119.61328125
IMG_0039.mp4,506,16.883533333333332,29.97002997002997,206,2,traffic_signs,0.7402092218399048,3074.0634765625,1044.8203125,3174.17822265625,1126.2869873046875,3124.120849609375,1085.5536499023438,100.11474609375,81.4666748046875
IMG_0039.mp4,507,16.916900000000002,29.97002997002997,263,1,traffic_lights,0.7790502905845642,2418.63623046875,703.2151489257812,2481.807373046875,822.885498046875,2450.2218017578125,763.0503234863281,63.171142578125,119.67034912109375
IMG_0039.mp4,507,16.916900000000002,29.97002997002997,346,1,traffic_lights,0.5450118780136108,2155.93115234375,1129.1629638671875,2191.343505859375,1234.6951904296875,2173.6373291015625,1181.9290771484375,35.412353515625,105.5322265625
IMG_0039.mp4,507,16.916900000000002,29.97002997002997,433,2,traffic_signs,0.4719894528388977,2026.61376953125,1115.4534912109375,2098.73779296875,1194.78662109375,2062.67578125,1155.1200561523438,72.1240234375,79.3331298828125
IMG_0039.mp4,507,16.916900000000002,29.97002997002997,336,2,traffic_signs,0.820684552192688,2059.234375,1170.0982666015625,2133.215087890625,1252.206787109375,2096.2247314453125,1211.1525268554688,73.980712890625,82.1085205078125
IMG_0039.mp4,507,16.916900000000002,29.97002997002997,376,1,traffic_lights,0.47208070755004883,3090.02001953125,1126.29736328125,3176.37060546875,1245.1395263671875,3133.1953125,1185.7184448242188,86.3505859375,118.8421630859375
IMG_0039.mp4,507,16.916900000000002,29.97002997002997,206,2,traffic_signs,0.7548507452011108,3075.0791015625,1044.58935546875,3173.959228515625,1127.1529541015625,3124.5191650390625,1085.8711547851562,98.880126953125,82.5635986328125
IMG_0039.mp4,507,16.916900000000002,29.97002997002997,174,2,traffic_signs,0.2939456105232239,3273.6748046875,1097.2369384765625,3404.060302734375,1187.823486328125,3338.8675537109375,1142.5302124023438,130.385498046875,90.5865478515625
IMG_0039.mp4,508,16.950266666666668,29.97002997002997,263,1,traffic_lights,0.6003890633583069,2418.85791015625,702.512451171875,2481.94873046875,822.5909423828125,2450.4033203125,762.5516967773438,63.0908203125,120.0784912109375
IMG_0039.mp4,508,16.950266666666668,29.97002997002997,346,1,traffic_lights,0.5952478647232056,2156.462646484375,1129.83544921875,2191.239013671875,1233.3282470703125,2173.850830078125,1181.5818481445312,34.7763671875,103.4927978515625
IMG_0039.mp4,508,16.950266666666668,29.97002997002997,336,2,traffic_signs,0.5218769311904907,2055.4775390625,1164.8685302734375,2133.8740234375,1252.0675048828125,2094.67578125,1208.468017578125,78.396484375,87.198974609375
IMG_0039.mp4,508,16.950266666666668,29.97002997002997,376,1,traffic_lights,0.5271520018577576,3090.230712890625,1126.1617431640625,3179.366943359375,1245.68603515625,3134.798828125,1185.9238891601562,89.13623046875,119.5242919921875
IMG_0039.mp4,508,16.950266666666668,29.97002997002997,206,2,traffic_signs,0.8261743187904358,3075.90478515625,1044.8739013671875,3173.915771484375,1127.7884521484375,3124.9102783203125,1086.3311767578125,98.010986328125,82.91455078125
IMG_0039.mp4,508,16.950266666666668,29.97002997002997,174,2,traffic_signs,0.513645350933075,3273.90673828125,1098.132568359375,3405.23583984375,1187.47412109375,3339.5712890625,1142.8033447265625,131.3291015625,89.341552734375
IMG_0039.mp4,509,16.983633333333334,29.97002997002997,263,1,traffic_lights,0.8034080266952515,2419.191650390625,702.5421752929688,2481.660888671875,822.0368041992188,2450.42626953125,762.2894897460938,62.46923828125,119.49462890625
IMG_0039.mp4,509,16.983633333333334,29.97002997002997,346,1,traffic_lights,0.5921571850776672,2155.89892578125,1129.2325439453125,2191.7099609375,1233.5521240234375,2173.804443359375,1181.392333984375,35.81103515625,104.319580078125
IMG_0039.mp4,509,16.983633333333334,29.97002997002997,336,2,traffic_signs,0.8386985659599304,2055.53662109375,1167.4769287109375,2133.982666015625,1252.658203125,2094.7596435546875,1210.0675659179688,78.446044921875,85.1812744140625
IMG_0039.mp4,509,16.983633333333334,29.97002997002997,376,1,traffic_lights,0.7288570404052734,3099.524169921875,1127.7576904296875,3162.8818359375,1244.1544189453125,3131.2030029296875,1185.9560546875,63.357666015625,116.396728515625
IMG_0039.mp4,509,16.983633333333334,29.97002997002997,206,2,traffic_signs,0.7546811103820801,3079.051513671875,1044.6771240234375,3173.542236328125,1128.393798828125,3126.296875,1086.5354614257812,94.49072265625,83.7166748046875
IMG_0039.mp4,509,16.983633333333334,29.97002997002997,174,2,traffic_signs,0.5889413356781006,3274.428955078125,1098.38720703125,3406.01708984375,1187.8056640625,3340.2230224609375,1143.096435546875,131.588134765625,89.41845703125
IMG_0039.mp4,509,16.983633333333334,29.97002997002997,433,2,traffic_signs,0.6350332498550415,2026.3829345703125,1115.9384765625,2099.223876953125,1192.0087890625,2062.8034057617188,1153.9736328125,72.8409423828125,76.0703125
IMG_0039.mp4,510,17.017,29.97002997002997,263,1,traffic_lights,0.6931278109550476,2419.378173828125,702.5302734375,2481.30859375,821.5859985351562,2450.3433837890625,762.0581359863281,61.930419921875,119.05572509765625
IMG_0039.mp4,510,17.017,29.97002997002997,346,1,traffic_lights,0.742071270942688,2155.36474609375,1128.3236083984375,2194.36767578125,1235.96875,2174.8662109375,1182.1461791992188,39.0029296875,107.6451416015625
IMG_0039.mp4,510,17.017,29.97002997002997,336,2,traffic_signs,0.7025270462036133,2083.310791015625,1162.8153076171875,2138.503173828125,1250.86962890625,2110.906982421875,1206.8424682617188,55.1923828125,88.0543212890625
IMG_0039.mp4,510,17.017,29.97002997002997,376,1,traffic_lights,0.6924606561660767,3104.38720703125,1128.359130859375,3155.908203125,1243.3104248046875,3130.147705078125,1185.8347778320312,51.52099609375,114.9512939453125
IMG_0039.mp4,510,17.017,29.97002997002997,206,2,traffic_signs,0.756145179271698,3081.29833984375,1044.3642578125,3174.02294921875,1128.1907958984375,3127.66064453125,1086.2775268554688,92.724609375,83.8265380859375
IMG_0039.mp4,510,17.017,29.97002997002997,174,2,traffic_signs,0.783277153968811,3274.466796875,1097.9986572265625,3406.685302734375,1188.1920166015625,3340.5760498046875,1143.0953369140625,132.218505859375,90.193359375
IMG_0039.mp4,511,17.050366666666665,29.97002997002997,263,1,traffic_lights,0.3102121651172638,2422.17626953125,706.3380126953125,2492.223876953125,821.5634765625,2457.2000732421875,763.9507446289062,70.047607421875,115.2254638671875
IMG_0039.mp4,511,17.050366666666665,29.97002997002997,346,1,traffic_lights,0.7815884351730347,2155.4013671875,1128.7364501953125,2193.1728515625,1233.801025390625,2174.287109375,1181.2687377929688,37.771484375,105.0645751953125
IMG_0039.mp4,511,17.050366666666665,29.97002997002997,336,2,traffic_signs,0.8757282495498657,2066.08203125,1168.1461181640625,2133.56640625,1251.41357421875,2099.82421875,1209.7798461914062,67.484375,83.2674560546875
IMG_0039.mp4,511,17.050366666666665,29.97002997002997,376,1,traffic_lights,0.7359592318534851,3104.119873046875,1127.370361328125,3154.282470703125,1243.137451171875,3129.201171875,1185.25390625,50.16259765625,115.76708984375
IMG_0039.mp4,511,17.050366666666665,29.97002997002997,206,2,traffic_signs,0.5946055054664612,3090.382080078125,1045.315673828125,3174.942138671875,1127.314208984375,3132.662109375,1086.31494140625,84.56005859375,81.99853515625
IMG_0039.mp4,511,17.050366666666665,29.97002997002997,174,2,traffic_signs,0.4308334290981293,3275.620849609375,1097.4215087890625,3406.5703125,1188.163818359375,3341.0955810546875,1142.7926635742188,130.949462890625,90.7423095703125
IMG_0039.mp4,511,17.050366666666665,29.97002997002997,433,2,traffic_signs,0.7875478267669678,2026.5843505859375,1116.4598388671875,2097.96142578125,1190.5706787109375,2062.2728881835938,1153.5152587890625,71.3770751953125,74.11083984375
IMG_0039.mp4,512,17.083733333333335,29.97002997002997,263,1,traffic_lights,0.9049869179725647,2420.1904296875,701.264404296875,2486.935546875,821.323974609375,2453.56298828125,761.294189453125,66.7451171875,120.0595703125
IMG_0039.mp4,512,17.083733333333335,29.97002997002997,346,1,traffic_lights,0.4730210304260254,2155.355224609375,1128.0809326171875,2192.561279296875,1232.201416015625,2173.958251953125,1180.1411743164062,37.2060546875,104.1204833984375
IMG_0039.mp4,512,17.083733333333335,29.97002997002997,336,2,traffic_signs,0.3458317816257477,2057.5,1157.693359375,2133.120849609375,1252.092041015625,2095.3104248046875,1204.8927001953125,75.620849609375,94.398681640625
IMG_0039.mp4,512,17.083733333333335,29.97002997002997,376,1,traffic_lights,0.5884605646133423,3106.93994140625,1128.3228759765625,3155.7890625,1242.7493896484375,3131.364501953125,1185.5361328125,48.84912109375,114.426513671875
IMG_0039.mp4,512,17.083733333333335,29.97002997002997,206,2,traffic_signs,0.7132654786109924,3087.368408203125,1044.4373779296875,3174.257568359375,1126.8436279296875,3130.81298828125,1085.6405029296875,86.88916015625,82.40625
IMG_0039.mp4,513,17.1171,29.97002997002997,263,1,traffic_lights,0.9024913311004639,2419.133056640625,699.1744995117188,2484.569580078125,821.4358520507812,2451.851318359375,760.30517578125,65.4365234375,122.2613525390625
IMG_0039.mp4,513,17.1171,29.97002997002997,346,1,traffic_lights,0.5447273850440979,2155.653564453125,1127.88330078125,2192.596923828125,1232.2486572265625,2174.125244140625,1180.0659790039062,36.943359375,104.3653564453125
IMG_0039.mp4,513,17.1171,29.97002997002997,336,2,traffic_signs,0.7890630960464478,2058.113525390625,1163.501708984375,2132.97265625,1252.1151123046875,2095.5430908203125,1207.8084106445312,74.859130859375,88.6134033203125
IMG_0039.mp4,514,17.150466666666667,29.97002997002997,263,1,traffic_lights,0.7716789245605469,2419.0849609375,697.9451904296875,2483.521484375,821.110595703125,2451.30322265625,759.5278930664062,64.4365234375,123.1654052734375
IMG_0039.mp4,514,17.150466666666667,29.97002997002997,346,1,traffic_lights,0.66972815990448,2155.157958984375,1127.970458984375,2192.302490234375,1231.0816650390625,2173.730224609375,1179.5260620117188,37.14453125,103.1112060546875
IMG_0039.mp4,514,17.150466666666667,29.97002997002997,336,2,traffic_signs,0.6147927045822144,2056.419189453125,1160.767333984375,2132.983642578125,1251.562255859375,2094.701416015625,1206.164794921875,76.564453125,90.794921875
IMG_0039.mp4,514,17.150466666666667,29.97002997002997,206,2,traffic_signs,0.7474456429481506,3085.126953125,1042.9197998046875,3177.664306640625,1124.9378662109375,3131.3956298828125,1083.9288330078125,92.537353515625,82.01806640625
IMG_0039.mp4,515,17.183833333333332,29.97002997002997,263,1,traffic_lights,0.5587721467018127,2419.15478515625,697.3652954101562,2483.070068359375,820.799560546875,2451.1124267578125,759.0824279785156,63.915283203125,123.43426513671875
IMG_0039.mp4,515,17.183833333333332,29.97002997002997,346,1,traffic_lights,0.3986251950263977,2154.5146484375,1127.6873779296875,2192.992919921875,1230.159912109375,2173.7537841796875,1178.9236450195312,38.478271484375,102.4725341796875
IMG_0039.mp4,515,17.183833333333332,29.97002997002997,336,2,traffic_signs,0.4412309229373932,2054.1455078125,1154.4078369140625,2133.01025390625,1251.4898681640625,2093.577880859375,1202.9488525390625,78.86474609375,97.08203125
IMG_0039.mp4,515,17.183833333333332,29.97002997002997,206,2,traffic_signs,0.7043025493621826,3089.049560546875,1042.6943359375,3176.937255859375,1123.5631103515625,3132.993408203125,1083.1287231445312,87.8876953125,80.8687744140625
IMG_0039.mp4,515,17.183833333333332,29.97002997002997,174,2,traffic_signs,0.41143959760665894,3275.958251953125,1091.532958984375,3412.1748046875,1186.6934814453125,3344.0665283203125,1139.1132202148438,136.216552734375,95.1605224609375
IMG_0039.mp4,516,17.217200000000002,29.97002997002997,263,1,traffic_lights,0.8755444288253784,2420.117431640625,697.40380859375,2482.240478515625,821.8541870117188,2451.178955078125,759.6289978027344,62.123046875,124.45037841796875
IMG_0039.mp4,516,17.217200000000002,29.97002997002997,346,1,traffic_lights,0.7995364665985107,2154.020263671875,1127.0484619140625,2192.568603515625,1231.32861328125,2173.29443359375,1179.1885375976562,38.54833984375,104.2801513671875
IMG_0039.mp4,516,17.217200000000002,29.97002997002997,206,2,traffic_signs,0.6480014324188232,3091.775390625,1043.213134765625,3175.48388671875,1123.802734375,3133.629638671875,1083.5079345703125,83.70849609375,80.589599609375
IMG_0039.mp4,517,17.250566666666668,29.97002997002997,263,1,traffic_lights,0.8796706795692444,2420.492431640625,697.3085327148438,2482.5078125,822.0907592773438,2451.5001220703125,759.6996459960938,62.015380859375,124.7822265625
IMG_0039.mp4,517,17.250566666666668,29.97002997002997,346,1,traffic_lights,0.5639296174049377,2154.62158203125,1127.164306640625,2192.37255859375,1230.9083251953125,2173.4970703125,1179.0363159179688,37.7509765625,103.7440185546875
IMG_0039.mp4,517,17.250566666666668,29.97002997002997,206,2,traffic_signs,0.7695250511169434,3090.097900390625,1043.273193359375,3175.226806640625,1124.166015625,3132.662353515625,1083.7196044921875,85.12890625,80.892822265625
IMG_0039.mp4,517,17.250566666666668,29.97002997002997,376,1,traffic_lights,0.5654353499412537,3103.7578125,1124.03662109375,3162.079833984375,1241.60302734375,3132.9188232421875,1182.81982421875,58.322021484375,117.56640625
IMG_0039.mp4,517,17.250566666666668,29.97002997002997,336,2,traffic_signs,0.5131934285163879,2053.926025390625,1154.3914794921875,2132.317138671875,1250.712890625,2093.12158203125,1202.5521850585938,78.39111328125,96.3214111328125
IMG_0039.mp4,518,17.283933333333334,29.97002997002997,263,1,traffic_lights,0.8745319247245789,2421.005859375,697.3517456054688,2482.227783203125,821.5459594726562,2451.6168212890625,759.4488525390625,61.221923828125,124.1942138671875
IMG_0039.mp4,518,17.283933333333334,29.97002997002997,346,1,traffic_lights,0.5883935689926147,2155.5888671875,1128.6650390625,2192.14208984375,1230.3048095703125,2173.865478515625,1179.4849243164062,36.55322265625,101.6397705078125
IMG_0039.mp4,518,17.283933333333334,29.97002997002997,206,2,traffic_signs,0.7109666466712952,3091.1875,1043.765380859375,3175.525634765625,1124.9813232421875,3133.3565673828125,1084.3733520507812,84.338134765625,81.2159423828125
IMG_0039.mp4,518,17.283933333333334,29.97002997002997,376,1,traffic_lights,0.2863774299621582,3107.18994140625,1123.7227783203125,3159.253662109375,1239.4774169921875,3133.2218017578125,1181.60009765625,52.063720703125,115.754638671875
IMG_0039.mp4,518,17.283933333333334,29.97002997002997,336,2,traffic_signs,0.8492099642753601,2058.688720703125,1165.1455078125,2130.806640625,1249.533447265625,2094.7476806640625,1207.3394775390625,72.117919921875,84.387939453125
IMG_0039.mp4,518,17.283933333333334,29.97002997002997,433,2,traffic_signs,0.7533630132675171,2026.3941650390625,1114.118408203125,2097.129638671875,1190.106201171875,2061.7619018554688,1152.1123046875,70.7354736328125,75.98779296875
IMG_0039.mp4,519,17.3173,29.97002997002997,263,1,traffic_lights,0.8810280561447144,2419.668212890625,696.5684204101562,2483.890625,822.9166259765625,2451.7794189453125,759.7425231933594,64.222412109375,126.34820556640625
IMG_0039.mp4,519,17.3173,29.97002997002997,206,2,traffic_signs,0.7276284098625183,3089.20166015625,1043.3253173828125,3177.65771484375,1122.7928466796875,3133.4296875,1083.05908203125,88.4560546875,79.467529296875
IMG_0039.mp4,519,17.3173,29.97002997002997,174,2,traffic_signs,0.4074768126010895,3275.981689453125,1090.0797119140625,3412.458740234375,1184.5526123046875,3344.22021484375,1137.316162109375,136.47705078125,94.472900390625
IMG_0039.mp4,520,17.350666666666665,29.97002997002997,263,1,traffic_lights,0.7712053656578064,2419.25146484375,694.2568359375,2485.576171875,821.8766479492188,2452.413818359375,758.0667419433594,66.32470703125,127.61981201171875
IMG_0039.mp4,520,17.350666666666665,29.97002997002997,206,2,traffic_signs,0.6911405920982361,3087.435302734375,1041.12744140625,3181.619140625,1123.2757568359375,3134.5272216796875,1082.2015991210938,94.183837890625,82.1483154296875
IMG_0039.mp4,520,17.350666666666665,29.97002997002997,454,2,traffic_signs,0.33010193705558777,377.1170349121094,2.885333299636841,790.6485595703125,215.2959747314453,583.8827972412109,109.09065401554108,413.5315246582031,212.41064143180847
IMG_0039.mp4,520,17.350666666666665,29.97002997002997,174,2,traffic_signs,0.5657303929328918,3276.549072265625,1087.936279296875,3414.65380859375,1183.8544921875,3345.6014404296875,1135.8953857421875,138.104736328125,95.918212890625
IMG_0039.mp4,520,17.350666666666665,29.97002997002997,429,2,traffic_signs,0.5086158514022827,1609.785400390625,1261.7626953125,1628.886474609375,1279.93603515625,1619.3359375,1270.849365234375,19.10107421875,18.17333984375
IMG_0039.mp4,520,17.350666666666665,29.97002997002997,346,1,traffic_lights,0.7504383325576782,2152.838623046875,1126.8916015625,2193.336669921875,1231.43212890625,2173.087646484375,1179.161865234375,40.498046875,104.54052734375
IMG_0039.mp4,520,17.350666666666665,29.97002997002997,336,2,traffic_signs,0.6498364806175232,2052.912841796875,1157.844970703125,2133.48974609375,1250.1153564453125,2093.2012939453125,1203.9801635742188,80.576904296875,92.2703857421875
IMG_0039.mp4,520,17.350666666666665,29.97002997002997,433,2,traffic_signs,0.25538474321365356,2025.6331787109375,1111.6392822265625,2100.2392578125,1195.4381103515625,2062.9362182617188,1153.5386962890625,74.6060791015625,83.798828125
IMG_0039.mp4,521,17.384033333333335,29.97002997002997,263,1,traffic_lights,0.8757907152175903,2420.798583984375,694.4932250976562,2485.299560546875,823.3770751953125,2453.049072265625,758.9351501464844,64.5009765625,128.88385009765625
IMG_0039.mp4,521,17.384033333333335,29.97002997002997,206,2,traffic_signs,0.5414074659347534,3090.097900390625,1041.7308349609375,3180.77978515625,1124.3443603515625,3135.4388427734375,1083.03759765625,90.681884765625,82.613525390625
IMG_0039.mp4,521,17.384033333333335,29.97002997002997,429,2,traffic_signs,0.31926074624061584,1608.8057861328125,1262.167236328125,1628.1187744140625,1279.91943359375,1618.4622802734375,1271.0433349609375,19.31298828125,17.752197265625
IMG_0039.mp4,521,17.384033333333335,29.97002997002997,346,1,traffic_lights,0.7301576137542725,2153.01611328125,1126.2391357421875,2192.791748046875,1231.378662109375,2172.9039306640625,1178.8088989257812,39.775634765625,105.1395263671875
IMG_0039.mp4,521,17.384033333333335,29.97002997002997,336,2,traffic_signs,0.6327579021453857,2053.63818359375,1154.69580078125,2133.49658203125,1250.2581787109375,2093.5673828125,1202.4769897460938,79.8583984375,95.5623779296875
IMG_0039.mp4,521,17.384033333333335,29.97002997002997,376,1,traffic_lights,0.5413370728492737,3098.91455078125,1124.543212890625,3160.5712890625,1240.7657470703125,3129.742919921875,1182.6544799804688,61.65673828125,116.2225341796875
IMG_0039.mp4,522,17.4174,29.97002997002997,263,1,traffic_lights,0.8801217675209045,2421.360595703125,694.063232421875,2485.016357421875,824.0109252929688,2453.1884765625,759.0370788574219,63.65576171875,129.94769287109375
IMG_0039.mp4,522,17.4174,29.97002997002997,206,2,traffic_signs,0.5676344633102417,3091.07568359375,1041.9249267578125,3181.154052734375,1125.2252197265625,3136.1148681640625,1083.5750732421875,90.078369140625,83.30029296875
IMG_0039.mp4,522,17.4174,29.97002997002997,429,2,traffic_signs,0.2778718173503876,1608.71484375,1262.036376953125,1628.2547607421875,1279.9715576171875,1618.4848022460938,1271.0039672851562,19.5399169921875,17.9351806640625
IMG_0039.mp4,522,17.4174,29.97002997002997,346,1,traffic_lights,0.7907100915908813,2153.15625,1125.5950927734375,2192.51123046875,1230.8692626953125,2172.833740234375,1178.232177734375,39.35498046875,105.274169921875
IMG_0039.mp4,522,17.4174,29.97002997002997,376,1,traffic_lights,0.45410072803497314,3096.177734375,1124.6644287109375,3162.64013671875,1242.6170654296875,3129.408935546875,1183.6407470703125,66.46240234375,117.95263671875
IMG_0039.mp4,522,17.4174,29.97002997002997,174,2,traffic_signs,0.6557350754737854,3282.161376953125,1085.6585693359375,3378.592041015625,1181.8624267578125,3330.376708984375,1133.760498046875,96.4306640625,96.203857421875
IMG_0039.mp4,523,17.450766666666667,29.97002997002997,263,1,traffic_lights,0.8678126931190491,2420.985107421875,693.982666015625,2485.143310546875,824.2965698242188,2453.064208984375,759.1396179199219,64.158203125,130.31390380859375
IMG_0039.mp4,523,17.450766666666667,29.97002997002997,206,2,traffic_signs,0.7128586173057556,3090.496826171875,1041.341064453125,3181.75341796875,1125.8482666015625,3136.1251220703125,1083.5946655273438,91.256591796875,84.5072021484375
IMG_0039.mp4,523,17.450766666666667,29.97002997002997,346,1,traffic_lights,0.8188726305961609,2153.46630859375,1125.8070068359375,2192.122314453125,1231.2191162109375,2172.7943115234375,1178.5130615234375,38.656005859375,105.412109375
IMG_0039.mp4,523,17.450766666666667,29.97002997002997,376,1,traffic_lights,0.5593297481536865,3094.85986328125,1125.16796875,3164.84130859375,1242.9759521484375,3129.8505859375,1184.0719604492188,69.9814453125,117.8079833984375
IMG_0039.mp4,523,17.450766666666667,29.97002997002997,174,2,traffic_signs,0.3132341802120209,3284.232421875,1085.2852783203125,3374.744140625,1181.4830322265625,3329.48828125,1133.3841552734375,90.51171875,96.19775390625
IMG_0039.mp4,524,17.484133333333332,29.97002997002997,263,1,traffic_lights,0.8733323812484741,2421.300048828125,693.8843994140625,2485.701416015625,824.5607299804688,2453.500732421875,759.2225646972656,64.4013671875,130.67633056640625
IMG_0039.mp4,524,17.484133333333332,29.97002997002997,206,2,traffic_signs,0.586585521697998,3089.4345703125,1041.3077392578125,3182.282958984375,1126.413818359375,3135.8587646484375,1083.8607788085938,92.848388671875,85.1060791015625
IMG_0039.mp4,524,17.484133333333332,29.97002997002997,346,1,traffic_lights,0.8108457326889038,2153.279052734375,1124.7977294921875,2192.497802734375,1230.895263671875,2172.888427734375,1177.8464965820312,39.21875,106.0975341796875
IMG_0039.mp4,524,17.484133333333332,29.97002997002997,376,1,traffic_lights,0.4129994213581085,3096.366455078125,1125.510498046875,3163.451904296875,1244.803955078125,3129.9091796875,1185.1572265625,67.08544921875,119.29345703125
IMG_0039.mp4,525,17.517500000000002,29.97002997002997,263,1,traffic_lights,0.8829707503318787,2422.059326171875,693.2824096679688,2486.416259765625,823.6723022460938,2454.23779296875,758.4773559570312,64.35693359375,130.389892578125
IMG_0039.mp4,525,17.517500000000002,29.97002997002997,206,2,traffic_signs,0.5784953832626343,3090.16552734375,1040.9322509765625,3182.410888671875,1126.76025390625,3136.2882080078125,1083.8462524414062,92.245361328125,85.8280029296875
IMG_0039.mp4,525,17.517500000000002,29.97002997002997,346,1,traffic_lights,0.8158224821090698,2153.276611328125,1124.3809814453125,2192.68115234375,1230.4542236328125,2172.9788818359375,1177.4176025390625,39.404541015625,106.0732421875
IMG_0039.mp4,525,17.517500000000002,29.97002997002997,376,1,traffic_lights,0.4143421947956085,3095.38720703125,1125.5487060546875,3163.669677734375,1243.5833740234375,3129.5284423828125,1184.5660400390625,68.282470703125,118.03466796875
IMG_0039.mp4,525,17.517500000000002,29.97002997002997,458,0,auth_label,0.6461209654808044,0.0,714.5553588867188,56.88022994995117,1301.5313720703125,28.440114974975586,1008.0433654785156,56.88022994995117,586.9760131835938
IMG_0039.mp4,525,17.517500000000002,29.97002997002997,336,2,traffic_signs,0.49802184104919434,2031.2301025390625,1116.922607421875,2129.32763671875,1249.629150390625,2080.2788696289062,1183.27587890625,98.0975341796875,132.70654296875
IMG_0039.mp4,526,17.550866666666668,29.97002997002997,263,1,traffic_lights,0.8737404942512512,2422.4423828125,692.5891723632812,2486.805908203125,822.8563842773438,2454.6241455078125,757.7227783203125,64.363525390625,130.2672119140625
IMG_0039.mp4,526,17.550866666666668,29.97002997002997,206,2,traffic_signs,0.7705212831497192,3089.257568359375,1040.5201416015625,3183.541748046875,1126.371826171875,3136.399658203125,1083.4459838867188,94.2841796875,85.8516845703125
IMG_0039.mp4,526,17.550866666666668,29.97002997002997,346,1,traffic_lights,0.818957507610321,2153.245361328125,1124.387939453125,2192.52685546875,1230.1016845703125,2172.8861083984375,1177.2448120117188,39.281494140625,105.7137451171875
IMG_0039.mp4,526,17.550866666666668,29.97002997002997,376,1,traffic_lights,0.5671430826187134,3095.2529296875,1125.8082275390625,3168.08935546875,1243.3306884765625,3131.671142578125,1184.5694580078125,72.83642578125,117.5224609375
IMG_0039.mp4,526,17.550866666666668,29.97002997002997,458,0,auth_label,0.6450937390327454,0.0,744.13818359375,54.159278869628906,1305.8426513671875,27.079639434814453,1024.9904174804688,54.159278869628906,561.7044677734375
IMG_0039.mp4,526,17.550866666666668,29.97002997002997,336,2,traffic_signs,0.4441651701927185,2029.4327392578125,1112.23486328125,2129.84912109375,1249.6019287109375,2079.6409301757812,1180.9183959960938,100.4163818359375,137.3670654296875
IMG_0039.mp4,526,17.550866666666668,29.97002997002997,429,2,traffic_signs,0.28375181555747986,1609.41796875,1261.048828125,1629.374755859375,1278.9111328125,1619.3963623046875,1269.97998046875,19.956787109375,17.8623046875
IMG_0039.mp4,527,17.584233333333334,29.97002997002997,263,1,traffic_lights,0.8556579351425171,2423.089599609375,692.4575805664062,2487.0087890625,820.9979248046875,2455.0491943359375,756.7277526855469,63.919189453125,128.54034423828125
IMG_0039.mp4,527,17.584233333333334,29.97002997002997,206,2,traffic_signs,0.7066001296043396,3089.12255859375,1040.6138916015625,3184.151611328125,1126.213623046875,3136.6370849609375,1083.4137573242188,95.029052734375,85.5997314453125
IMG_0039.mp4,527,17.584233333333334,29.97002997002997,346,1,traffic_lights,0.8107854723930359,2152.974365234375,1123.7252197265625,2192.712890625,1229.8916015625,2172.8436279296875,1176.8084106445312,39.738525390625,106.1663818359375
IMG_0039.mp4,527,17.584233333333334,29.97002997002997,376,1,traffic_lights,0.36308345198631287,3097.370361328125,1126.2144775390625,3166.03369140625,1243.798095703125,3131.7020263671875,1185.0062866210938,68.663330078125,117.5836181640625
IMG_0039.mp4,527,17.584233333333334,29.97002997002997,458,0,auth_label,0.5015486478805542,0.0,743.5596923828125,55.894264221191406,1302.423828125,27.947132110595703,1022.9917602539062,55.894264221191406,558.8641357421875
IMG_0039.mp4,527,17.584233333333334,29.97002997002997,336,2,traffic_signs,0.3330443203449249,2029.909423828125,1110.1397705078125,2129.77197265625,1249.7783203125,2079.8406982421875,1179.9590454101562,99.862548828125,139.6385498046875
IMG_0039.mp4,527,17.584233333333334,29.97002997002997,429,2,traffic_signs,0.2590341866016388,1609.8056640625,1260.9248046875,1629.8028564453125,1278.7230224609375,1619.8042602539062,1269.8239135742188,19.9971923828125,17.7982177734375
IMG_0039.mp4,527,17.584233333333334,29.97002997002997,174,2,traffic_signs,0.2606636881828308,3286.470458984375,1083.6055908203125,3373.89697265625,1181.8204345703125,3330.1837158203125,1132.7130126953125,87.426513671875,98.21484375
IMG_0039.mp4,528,17.6176,29.97002997002997,263,1,traffic_lights,0.8527010083198547,2423.45458984375,692.0289916992188,2486.794921875,819.6273803710938,2455.124755859375,755.8281860351562,63.34033203125,127.598388671875
IMG_0039.mp4,528,17.6176,29.97002997002997,206,2,traffic_signs,0.7222806811332703,3089.09521484375,1040.6904296875,3185.03271484375,1125.5390625,3137.06396484375,1083.11474609375,95.9375,84.8486328125
IMG_0039.mp4,528,17.6176,29.97002997002997,346,1,traffic_lights,0.8090537190437317,2152.885986328125,1123.5921630859375,2192.6767578125,1229.97509765625,2172.7813720703125,1176.7836303710938,39.790771484375,106.3829345703125
IMG_0039.mp4,528,17.6176,29.97002997002997,458,0,auth_label,0.4415570795536041,0.0,734.4431762695312,57.53251647949219,1313.1456298828125,28.766258239746094,1023.7944030761719,57.53251647949219,578.7024536132812
IMG_0039.mp4,528,17.6176,29.97002997002997,336,2,traffic_signs,0.26923835277557373,2030.325927734375,1109.3421630859375,2129.5546875,1249.8421630859375,2079.9403076171875,1179.5921630859375,99.228759765625,140.5
IMG_0039.mp4,528,17.6176,29.97002997002997,454,2,traffic_signs,0.563048779964447,311.688232421875,2.345383405685425,693.0431518554688,168.84902954101562,502.3656921386719,85.59720647335052,381.35491943359375,166.5036461353302
IMG_0039.mp4,529,17.650966666666665,29.97002997002997,263,1,traffic_lights,0.878551721572876,2423.801513671875,691.47314453125,2486.70947265625,817.8898315429688,2455.2554931640625,754.6814880371094,62.907958984375,126.41668701171875
IMG_0039.mp4,529,17.650966666666665,29.97002997002997,206,2,traffic_signs,0.740199863910675,3090.786376953125,1040.0970458984375,3184.880126953125,1124.7984619140625,3137.833251953125,1082.44775390625,94.09375,84.701416015625
IMG_0039.mp4,529,17.650966666666665,29.97002997002997,346,1,traffic_lights,0.8154297471046448,2153.55615234375,1123.7030029296875,2192.54638671875,1229.618408203125,2173.05126953125,1176.6607055664062,38.990234375,105.9154052734375
IMG_0039.mp4,529,17.650966666666665,29.97002997002997,336,2,traffic_signs,0.38152533769607544,2029.3831787109375,1109.677734375,2129.70654296875,1250.1275634765625,2079.5448608398438,1179.9026489257812,100.3233642578125,140.4498291015625
IMG_0039.mp4,529,17.650966666666665,29.97002997002997,454,2,traffic_signs,0.4102210998535156,303.190185546875,2.2828900814056396,679.5499877929688,162.3417510986328,491.3700866699219,82.31232059001923,376.35980224609375,160.05886101722717
IMG_0039.mp4,529,17.650966666666665,29.97002997002997,376,1,traffic_lights,0.3360605537891388,3098.934326171875,1126.513916015625,3168.03759765625,1241.4208984375,3133.4859619140625,1183.9674072265625,69.103271484375,114.906982421875
IMG_0039.mp4,529,17.650966666666665,29.97002997002997,429,2,traffic_signs,0.2594149112701416,1608.7252197265625,1260.6085205078125,1629.6556396484375,1278.4495849609375,1619.1904296875,1269.529052734375,20.930419921875,17.841064453125
IMG_0039.mp4,530,17.684333333333335,29.97002997002997,263,1,traffic_lights,0.8775511384010315,2423.64208984375,690.7095947265625,2486.520263671875,817.3947143554688,2455.0811767578125,754.0521545410156,62.878173828125,126.68511962890625
IMG_0039.mp4,530,17.684333333333335,29.97002997002997,206,2,traffic_signs,0.4536454379558563,3092.280517578125,1039.6427001953125,3183.441650390625,1122.58740234375,3137.861083984375,1081.1150512695312,91.1611328125,82.9447021484375
IMG_0039.mp4,530,17.684333333333335,29.97002997002997,346,1,traffic_lights,0.8029788136482239,2152.916015625,1122.9017333984375,2192.457275390625,1229.279296875,2172.6866455078125,1176.0905151367188,39.541259765625,106.3775634765625
IMG_0039.mp4,530,17.684333333333335,29.97002997002997,336,2,traffic_signs,0.3537735641002655,2030.17822265625,1109.5064697265625,2129.732666015625,1250.1055908203125,2079.9554443359375,1179.8060302734375,99.554443359375,140.59912109375
IMG_0039.mp4,530,17.684333333333335,29.97002997002997,454,2,traffic_signs,0.8127968311309814,297.27984619140625,1.8384497165679932,667.8262939453125,156.29933166503906,482.5530700683594,79.06889069080353,370.54644775390625,154.46088194847107
IMG_0039.mp4,530,17.684333333333335,29.97002997002997,429,2,traffic_signs,0.31063565611839294,1608.818603515625,1260.51708984375,1629.386474609375,1278.3653564453125,1619.1025390625,1269.4412231445312,20.56787109375,17.8482666015625
IMG_0039.mp4,531,17.7177,29.97002997002997,263,1,traffic_lights,0.8724069595336914,2424.211669921875,690.0942993164062,2486.386962890625,815.7140502929688,2455.29931640625,752.9041748046875,62.17529296875,125.6197509765625
IMG_0039.mp4,531,17.7177,29.97002997002997,206,2,traffic_signs,0.280125230550766,3091.50537109375,1039.2464599609375,3182.96923828125,1125.3641357421875,3137.2373046875,1082.3052978515625,91.4638671875,86.11767578125
IMG_0039.mp4,531,17.7177,29.97002997002997,346,1,traffic_lights,0.8062555193901062,2153.059814453125,1122.64208984375,2192.430419921875,1228.4593505859375,2172.7451171875,1175.5507202148438,39.37060546875,105.8172607421875
IMG_0039.mp4,531,17.7177,29.97002997002997,336,2,traffic_signs,0.3265576660633087,2031.2664794921875,1109.4876708984375,2128.9775390625,1250.072021484375,2080.1220092773438,1179.7798461914062,97.7110595703125,140.5843505859375
IMG_0039.mp4,531,17.7177,29.97002997002997,454,2,traffic_signs,0.8221675157546997,292.6291809082031,1.79001784324646,649.9488525390625,150.17105102539062,471.2890167236328,75.98053443431854,357.3196716308594,148.38103318214417
IMG_0039.mp4,531,17.7177,29.97002997002997,429,2,traffic_signs,0.4843519628047943,1609.1378173828125,1260.1373291015625,1629.694091796875,1278.099609375,1619.4159545898438,1269.1184692382812,20.5562744140625,17.9622802734375
IMG_0039.mp4,532,17.751066666666667,29.97002997002997,263,1,traffic_lights,0.8904021978378296,2424.330322265625,689.8663330078125,2486.57373046875,815.793212890625,2455.4520263671875,752.8297729492188,62.243408203125,125.9268798828125
IMG_0039.mp4,532,17.751066666666667,29.97002997002997,206,2,traffic_signs,0.25629520416259766,3091.800048828125,1038.8094482421875,3186.08203125,1126.75732421875,3138.9410400390625,1082.7833862304688,94.281982421875,87.9478759765625
IMG_0039.mp4,532,17.751066666666667,29.97002997002997,346,1,traffic_lights,0.7828288674354553,2153.13134765625,1122.383544921875,2192.358154296875,1228.3509521484375,2172.7447509765625,1175.3672485351562,39.226806640625,105.9674072265625
IMG_0039.mp4,532,17.751066666666667,29.97002997002997,336,2,traffic_signs,0.6723386645317078,2045.5828857421875,1135.9022216796875,2132.393310546875,1249.8038330078125,2088.9880981445312,1192.85302734375,86.8104248046875,113.901611328125
IMG_0039.mp4,532,17.751066666666667,29.97002997002997,454,2,traffic_signs,0.7354828119277954,284.74322509765625,2.241804838180542,635.6851196289062,144.60614013671875,460.21417236328125,73.42397248744965,350.94189453125,142.3643352985382
IMG_0039.mp4,532,17.751066666666667,29.97002997002997,429,2,traffic_signs,0.48744988441467285,1609.4881591796875,1259.9617919921875,1629.51025390625,1277.704833984375,1619.4992065429688,1268.8333129882812,20.0220947265625,17.7430419921875
IMG_0039.mp4,532,17.751066666666667,29.97002997002997,433,2,traffic_signs,0.4089980125427246,2027.1270751953125,1110.766357421875,2098.44287109375,1187.4140625,2062.7849731445312,1149.0902099609375,71.3157958984375,76.647705078125
IMG_0039.mp4,533,17.784433333333332,29.97002997002997,263,1,traffic_lights,0.8840634226799011,2424.8203125,689.7330322265625,2486.524169921875,815.3856811523438,2455.6722412109375,752.5593566894531,61.703857421875,125.65264892578125
IMG_0039.mp4,533,17.784433333333332,29.97002997002997,206,2,traffic_signs,0.7715333104133606,3092.87646484375,1038.5262451171875,3187.05810546875,1125.7408447265625,3139.96728515625,1082.133544921875,94.181640625,87.214599609375
IMG_0039.mp4,533,17.784433333333332,29.97002997002997,346,1,traffic_lights,0.7272858023643494,2152.48583984375,1121.7593994140625,2192.65087890625,1227.963623046875,2172.568359375,1174.8615112304688,40.1650390625,106.2042236328125
IMG_0039.mp4,533,17.784433333333332,29.97002997002997,336,2,traffic_signs,0.6606087684631348,2051.21728515625,1145.5335693359375,2134.3662109375,1249.5904541015625,2092.791748046875,1197.56201171875,83.14892578125,104.056884765625
IMG_0039.mp4,533,17.784433333333332,29.97002997002997,454,2,traffic_signs,0.6164833903312683,274.1372985839844,3.16658878326416,623.72119140625,137.30712890625,448.9292449951172,70.23685884475708,349.5838928222656,134.14054012298584
IMG_0039.mp4,533,17.784433333333332,29.97002997002997,429,2,traffic_signs,0.6175639629364014,1609.6815185546875,1259.7041015625,1629.3997802734375,1277.187744140625,1619.5406494140625,1268.4459228515625,19.71826171875,17.483642578125
IMG_0039.mp4,533,17.784433333333332,29.97002997002997,433,2,traffic_signs,0.535222053527832,2027.2623291015625,1110.7935791015625,2098.242431640625,1186.8660888671875,2062.7523803710938,1148.829833984375,70.9801025390625,76.072509765625
IMG_0039.mp4,534,17.817800000000002,29.97002997002997,263,1,traffic_lights,0.879156231880188,2425.301513671875,689.841552734375,2486.60302734375,814.8754272460938,2455.9522705078125,752.3584899902344,61.301513671875,125.03387451171875
IMG_0039.mp4,534,17.817800000000002,29.97002997002997,206,2,traffic_signs,0.7834171652793884,3093.5380859375,1037.942626953125,3187.814453125,1124.366455078125,3140.67626953125,1081.154541015625,94.2763671875,86.423828125
IMG_0039.mp4,534,17.817800000000002,29.97002997002997,346,1,traffic_lights,0.5592668056488037,2152.294677734375,1123.6495361328125,2193.6513671875,1226.5413818359375,2172.9730224609375,1175.095458984375,41.356689453125,102.891845703125
IMG_0039.mp4,534,17.817800000000002,29.97002997002997,336,2,traffic_signs,0.7348106503486633,2054.04541015625,1154.3345947265625,2133.97314453125,1248.8465576171875,2094.00927734375,1201.590576171875,79.927734375,94.511962890625
IMG_0039.mp4,534,17.817800000000002,29.97002997002997,454,2,traffic_signs,0.5086358189582825,264.842041015625,3.011659860610962,613.1282348632812,127.43386840820312,438.9851379394531,65.22276413440704,348.28619384765625,124.42220854759216
IMG_0039.mp4,534,17.817800000000002,29.97002997002997,429,2,traffic_signs,0.6122148036956787,1610.035400390625,1258.900634765625,1629.96044921875,1276.6988525390625,1619.9979248046875,1267.7997436523438,19.925048828125,17.7982177734375
IMG_0039.mp4,534,17.817800000000002,29.97002997002997,433,2,traffic_signs,0.7726740837097168,2027.010498046875,1110.977294921875,2097.497314453125,1185.4954833984375,2062.25390625,1148.2363891601562,70.48681640625,74.5181884765625
IMG_0039.mp4,535,17.851166666666668,29.97002997002997,263,1,traffic_lights,0.8756111860275269,2424.305419921875,689.5502319335938,2487.175048828125,814.3907470703125,2455.740234375,751.9704895019531,62.86962890625,124.84051513671875
IMG_0039.mp4,535,17.851166666666668,29.97002997002997,346,1,traffic_lights,0.2939699590206146,2150.126953125,1122.636474609375,2196.008544921875,1228.2869873046875,2173.0677490234375,1175.4617309570312,45.881591796875,105.6505126953125
IMG_0039.mp4,535,17.851166666666668,29.97002997002997,336,2,traffic_signs,0.6594589352607727,2052.399658203125,1155.31396484375,2136.472412109375,1250.5858154296875,2094.43603515625,1202.9498901367188,84.07275390625,95.2718505859375
IMG_0039.mp4,535,17.851166666666668,29.97002997002997,454,2,traffic_signs,0.43963339924812317,255.69606018066406,2.987924098968506,605.8438720703125,119.70182800292969,430.7699661254883,61.3448760509491,350.14781188964844,116.71390390396118
IMG_0039.mp4,535,17.851166666666668,29.97002997002997,429,2,traffic_signs,0.5251234173774719,1610.1424560546875,1258.6383056640625,1631.0030517578125,1276.0987548828125,1620.57275390625,1267.3685302734375,20.860595703125,17.46044921875
IMG_0039.mp4,535,17.851166666666668,29.97002997002997,433,2,traffic_signs,0.6839672327041626,2026.146484375,1111.0472412109375,2097.5185546875,1183.8438720703125,2061.83251953125,1147.445556640625,71.3720703125,72.796630859375
IMG_0039.mp4,536,17.884533333333334,29.97002997002997,263,1,traffic_lights,0.8949337005615234,2426.052490234375,689.9966430664062,2486.802734375,814.54638671875,2456.4276123046875,752.2715148925781,60.750244140625,124.54974365234375
IMG_0039.mp4,536,17.884533333333334,29.97002997002997,206,2,traffic_signs,0.4689626097679138,3109.1484375,1039.0804443359375,3191.40625,1119.768798828125,3150.27734375,1079.4246215820312,82.2578125,80.6883544921875
IMG_0039.mp4,537,17.9179,29.97002997002997,263,1,traffic_lights,0.9034169912338257,2425.75146484375,690.5667724609375,2485.84423828125,812.51953125,2455.7978515625,751.5431518554688,60.0927734375,121.9527587890625
IMG_0039.mp4,537,17.9179,29.97002997002997,206,2,traffic_signs,0.6821427345275879,3117.769775390625,1039.2423095703125,3192.5537109375,1119.48095703125,3155.1617431640625,1079.3616333007812,74.783935546875,80.2386474609375
IMG_0039.mp4,537,17.9179,29.97002997002997,346,1,traffic_lights,0.7497448325157166,2154.569580078125,1122.5791015625,2193.337646484375,1229.0467529296875,2173.95361328125,1175.8129272460938,38.76806640625,106.4676513671875
IMG_0039.mp4,537,17.9179,29.97002997002997,336,2,traffic_signs,0.8696033954620361,2057.8583984375,1166.89404296875,2134.326904296875,1247.967529296875,2096.0926513671875,1207.4307861328125,76.468505859375,81.073486328125
IMG_0039.mp4,537,17.9179,29.97002997002997,454,2,traffic_signs,0.2925802171230316,244.0532684326172,1.0488630533218384,581.4993896484375,110.49345397949219,412.77632904052734,55.77115851640701,337.4461212158203,109.44459092617035
IMG_0039.mp4,537,17.9179,29.97002997002997,433,2,traffic_signs,0.7752869725227356,2026.71630859375,1110.3560791015625,2097.44091796875,1184.186279296875,2062.07861328125,1147.2711791992188,70.724609375,73.8302001953125
IMG_0039.mp4,538,17.951266666666665,29.97002997002997,263,1,traffic_lights,0.8997232913970947,2424.59033203125,689.6632080078125,2486.182373046875,813.1738891601562,2455.3863525390625,751.4185485839844,61.592041015625,123.51068115234375
IMG_0039.mp4,538,17.951266666666665,29.97002997002997,206,2,traffic_signs,0.8127950429916382,3114.00634765625,1038.65087890625,3193.693115234375,1120.4290771484375,3153.8497314453125,1079.5399780273438,79.686767578125,81.7781982421875
IMG_0039.mp4,538,17.951266666666665,29.97002997002997,465,0,auth_label,0.37810248136520386,2.922070026397705,378.0635986328125,416.8103332519531,1369.763427734375,209.86620163917542,873.9135131835938,413.8882632255554,991.6998291015625
IMG_0039.mp4,538,17.951266666666665,29.97002997002997,346,1,traffic_lights,0.8010083436965942,2154.29736328125,1121.4122314453125,2192.944580078125,1228.0439453125,2173.6209716796875,1174.7280883789062,38.647216796875,106.6317138671875
IMG_0039.mp4,538,17.951266666666665,29.97002997002997,336,2,traffic_signs,0.8145750761032104,2055.975341796875,1162.060791015625,2134.55126953125,1248.089111328125,2095.2633056640625,1205.074951171875,78.575927734375,86.0283203125
IMG_0039.mp4,538,17.951266666666665,29.97002997002997,433,2,traffic_signs,0.5267528891563416,2026.9970703125,1109.14599609375,2098.8447265625,1185.2384033203125,2062.9208984375,1147.1921997070312,71.84765625,76.0924072265625
IMG_0039.mp4,538,17.951266666666665,29.97002997002997,458,0,auth_label,0.4418402314186096,0.0,497.4905090332031,56.64480209350586,1362.7708740234375,28.32240104675293,930.1306915283203,56.64480209350586,865.2803649902344
IMG_0039.mp4,538,17.951266666666665,29.97002997002997,376,1,traffic_lights,0.6093107461929321,3101.37158203125,1123.131103515625,3171.098388671875,1236.933349609375,3136.2349853515625,1180.0322265625,69.726806640625,113.80224609375
IMG_0039.mp4,538,17.951266666666665,29.97002997002997,429,2,traffic_signs,0.6025874018669128,1609.582763671875,1258.476806640625,1628.5440673828125,1274.8487548828125,1619.0634155273438,1266.6627807617188,18.9613037109375,16.3719482421875
IMG_0039.mp4,539,17.984633333333335,29.97002997002997,263,1,traffic_lights,0.8953368663787842,2424.138916015625,688.7481689453125,2486.17333984375,812.6968383789062,2455.1561279296875,750.7225036621094,62.034423828125,123.94866943359375
IMG_0039.mp4,539,17.984633333333335,29.97002997002997,206,2,traffic_signs,0.7745727300643921,3106.36474609375,1037.7916259765625,3194.381591796875,1119.33203125,3150.3731689453125,1078.5618286132812,88.016845703125,81.5404052734375
IMG_0039.mp4,539,17.984633333333335,29.97002997002997,346,1,traffic_lights,0.7998523712158203,2153.939697265625,1120.7236328125,2193.153076171875,1227.7987060546875,2173.54638671875,1174.2611694335938,39.21337890625,107.0750732421875
IMG_0039.mp4,539,17.984633333333335,29.97002997002997,336,2,traffic_signs,0.6328312158584595,2052.497802734375,1150.4595947265625,2135.713134765625,1249.14990234375,2094.10546875,1199.8047485351562,83.21533203125,98.6903076171875
IMG_0039.mp4,539,17.984633333333335,29.97002997002997,458,0,auth_label,0.2909916639328003,0.019658252596855164,483.1134338378906,56.06304168701172,1359.6060791015625,28.041349969804287,921.3597564697266,56.043383434414864,876.4926452636719
IMG_0039.mp4,539,17.984633333333335,29.97002997002997,429,2,traffic_signs,0.5753175020217896,1609.0938720703125,1258.0130615234375,1628.7901611328125,1275.008056640625,1618.9420166015625,1266.5105590820312,19.6962890625,16.9949951171875
IMG_0039.mp4,540,18.018,29.97002997002997,263,1,traffic_lights,0.8957381248474121,2424.406982421875,688.30859375,2486.0732421875,812.7395629882812,2455.2401123046875,750.5240783691406,61.666259765625,124.43096923828125
IMG_0039.mp4,540,18.018,29.97002997002997,206,2,traffic_signs,0.624976396560669,3098.407958984375,1036.361328125,3195.498046875,1119.005126953125,3146.9530029296875,1077.6832275390625,97.090087890625,82.643798828125
IMG_0039.mp4,540,18.018,29.97002997002997,346,1,traffic_lights,0.8010992407798767,2154.655517578125,1120.585693359375,2193.322265625,1227.9200439453125,2173.9888916015625,1174.2528686523438,38.666748046875,107.3343505859375
IMG_0039.mp4,540,18.018,29.97002997002997,336,2,traffic_signs,0.8470501899719238,2053.674072265625,1157.030029296875,2134.60546875,1248.31884765625,2094.1397705078125,1202.6744384765625,80.931396484375,91.288818359375
IMG_0039.mp4,540,18.018,29.97002997002997,429,2,traffic_signs,0.5796927213668823,1609.7061767578125,1257.9622802734375,1629.1654052734375,1274.902587890625,1619.435791015625,1266.4324340820312,19.459228515625,16.9403076171875
IMG_0039.mp4,540,18.018,29.97002997002997,433,2,traffic_signs,0.7012313604354858,2027.0672607421875,1107.86279296875,2099.531494140625,1184.7003173828125,2063.2993774414062,1146.2815551757812,72.4642333984375,76.8375244140625
IMG_0039.mp4,541,18.051366666666667,29.97002997002997,263,1,traffic_lights,0.8961378335952759,2424.72802734375,688.8411254882812,2486.40283203125,812.2899780273438,2455.5654296875,750.5655517578125,61.6748046875,123.4488525390625
IMG_0039.mp4,541,18.051366666666667,29.97002997002997,346,1,traffic_lights,0.8246654272079468,2155.216552734375,1120.5693359375,2193.288330078125,1228.30859375,2174.25244140625,1174.43896484375,38.07177734375,107.7392578125
IMG_0039.mp4,541,18.051366666666667,29.97002997002997,336,2,traffic_signs,0.8490384817123413,2053.941162109375,1160.8245849609375,2133.42333984375,1246.507080078125,2093.6822509765625,1203.6658325195312,79.482177734375,85.6824951171875
IMG_0039.mp4,541,18.051366666666667,29.97002997002997,429,2,traffic_signs,0.321205735206604,1609.212646484375,1258.480712890625,1629.31591796875,1275.468017578125,1619.2642822265625,1266.974365234375,20.103271484375,16.9873046875
IMG_0039.mp4,541,18.051366666666667,29.97002997002997,433,2,traffic_signs,0.6298297643661499,2027.0882568359375,1107.0303955078125,2100.0576171875,1184.324951171875,2063.5729370117188,1145.6776733398438,72.9693603515625,77.2945556640625
IMG_0039.mp4,542,18.084733333333332,29.97002997002997,263,1,traffic_lights,0.8970851898193359,2425.241943359375,688.7401733398438,2486.341796875,811.70068359375,2455.7918701171875,750.2204284667969,61.099853515625,122.96051025390625
IMG_0039.mp4,542,18.084733333333332,29.97002997002997,346,1,traffic_lights,0.8059001564979553,2155.287353515625,1121.0174560546875,2193.508544921875,1228.056640625,2174.39794921875,1174.5370483398438,38.22119140625,107.0391845703125
IMG_0039.mp4,542,18.084733333333332,29.97002997002997,336,2,traffic_signs,0.7881231904029846,2052.7314453125,1157.975341796875,2133.859375,1246.0196533203125,2093.29541015625,1201.9974975585938,81.1279296875,88.0443115234375
IMG_0039.mp4,542,18.084733333333332,29.97002997002997,429,2,traffic_signs,0.5326535105705261,1608.96826171875,1258.958984375,1628.64013671875,1275.9022216796875,1618.80419921875,1267.4306030273438,19.671875,16.9432373046875
IMG_0039.mp4,542,18.084733333333332,29.97002997002997,433,2,traffic_signs,0.25303933024406433,2027.120849609375,1106.8333740234375,2100.065185546875,1184.7576904296875,2063.593017578125,1145.7955322265625,72.9443359375,77.92431640625
IMG_0039.mp4,542,18.084733333333332,29.97002997002997,376,1,traffic_lights,0.32139793038368225,3116.369873046875,1118.062744140625,3175.281494140625,1238.2861328125,3145.82568359375,1178.1744384765625,58.91162109375,120.223388671875
IMG_0039.mp4,542,18.084733333333332,29.97002997002997,206,2,traffic_signs,0.6729912757873535,3105.99560546875,1036.5333251953125,3197.008544921875,1120.667724609375,3151.5020751953125,1078.6005249023438,91.012939453125,84.1343994140625
IMG_0039.mp4,543,18.118100000000002,29.97002997002997,263,1,traffic_lights,0.8226457834243774,2433.419921875,691.4249267578125,2486.47509765625,809.2623291015625,2459.947509765625,750.3436279296875,53.05517578125,117.83740234375
IMG_0039.mp4,543,18.118100000000002,29.97002997002997,346,1,traffic_lights,0.7972076535224915,2155.316162109375,1120.31982421875,2194.028076171875,1227.0428466796875,2174.672119140625,1173.6813354492188,38.7119140625,106.7230224609375
IMG_0039.mp4,543,18.118100000000002,29.97002997002997,336,2,traffic_signs,0.8382857441902161,2052.6240234375,1161.6710205078125,2133.095703125,1245.3992919921875,2092.85986328125,1203.53515625,80.4716796875,83.728271484375
IMG_0039.mp4,543,18.118100000000002,29.97002997002997,429,2,traffic_signs,0.46865522861480713,1609.62255859375,1258.2271728515625,1629.71728515625,1275.7288818359375,1619.669921875,1266.97802734375,20.0947265625,17.501708984375
IMG_0039.mp4,543,18.118100000000002,29.97002997002997,433,2,traffic_signs,0.7952448725700378,2026.9385986328125,1107.42236328125,2099.37060546875,1183.1151123046875,2063.1546020507812,1145.2687377929688,72.4320068359375,75.6927490234375
IMG_0039.mp4,543,18.118100000000002,29.97002997002997,376,1,traffic_lights,0.6332051157951355,3117.3271484375,1118.4373779296875,3176.786865234375,1238.1407470703125,3147.0570068359375,1178.2890625,59.459716796875,119.703369140625
IMG_0039.mp4,543,18.118100000000002,29.97002997002997,206,2,traffic_signs,0.8166040182113647,3111.00244140625,1035.711669921875,3197.87646484375,1121.6739501953125,3154.439453125,1078.6928100585938,86.8740234375,85.9622802734375
IMG_0039.mp4,543,18.118100000000002,29.97002997002997,465,0,auth_label,0.771303117275238,0.4581635594367981,365.66864013671875,369.30224609375,1325.515380859375,184.8802048265934,845.5920104980469,368.8440825343132,959.8467407226562
IMG_0039.mp4,544,18.151466666666668,29.97002997002997,263,1,traffic_lights,0.8944656848907471,2429.2353515625,690.2387084960938,2487.14013671875,809.6021728515625,2458.187744140625,749.9204406738281,57.90478515625,119.36346435546875
IMG_0039.mp4,544,18.151466666666668,29.97002997002997,336,2,traffic_signs,0.893108069896698,2060.14697265625,1158.5260009765625,2132.952392578125,1243.8258056640625,2096.5496826171875,1201.1759033203125,72.805419921875,85.2998046875
IMG_0039.mp4,544,18.151466666666668,29.97002997002997,429,2,traffic_signs,0.36248666048049927,1609.154296875,1258.3472900390625,1630.32568359375,1275.7340087890625,1619.739990234375,1267.0406494140625,21.17138671875,17.38671875
IMG_0039.mp4,544,18.151466666666668,29.97002997002997,433,2,traffic_signs,0.6496537327766418,2048.220947265625,1108.88330078125,2100.397705078125,1175.4212646484375,2074.309326171875,1142.1522827148438,52.1767578125,66.5379638671875
IMG_0039.mp4,544,18.151466666666668,29.97002997002997,376,1,traffic_lights,0.44698992371559143,3117.472412109375,1118.3572998046875,3178.1708984375,1237.1505126953125,3147.8216552734375,1177.75390625,60.698486328125,118.793212890625
IMG_0039.mp4,544,18.151466666666668,29.97002997002997,206,2,traffic_signs,0.8377642631530762,3105.6787109375,1034.928955078125,3198.924072265625,1121.6888427734375,3152.3013916015625,1078.3088989257812,93.245361328125,86.7598876953125
IMG_0039.mp4,544,18.151466666666668,29.97002997002997,465,0,auth_label,0.5078992247581482,0.43161389231681824,360.4178466796875,356.6247863769531,1355.2313232421875,178.52820013463497,857.8245849609375,356.1931724846363,994.8134765625
IMG_0039.mp4,545,18.184833333333334,29.97002997002997,263,1,traffic_lights,0.8981388807296753,2427.931396484375,688.036376953125,2488.0849609375,809.334716796875,2458.0081787109375,748.685546875,60.153564453125,121.29833984375
IMG_0039.mp4,545,18.184833333333334,29.97002997002997,336,2,traffic_signs,0.681813657283783,2051.843994140625,1156.173095703125,2132.961669921875,1244.24560546875,2092.40283203125,1200.2093505859375,81.11767578125,88.072509765625
IMG_0039.mp4,545,18.184833333333334,29.97002997002997,433,2,traffic_signs,0.7407161593437195,2031.727294921875,1107.515869140625,2099.9169921875,1181.4114990234375,2065.8221435546875,1144.4636840820312,68.189697265625,73.8956298828125
IMG_0039.mp4,545,18.184833333333334,29.97002997002997,376,1,traffic_lights,0.36808955669403076,3113.5009765625,1117.5443115234375,3179.631591796875,1236.2802734375,3146.5662841796875,1176.9122924804688,66.130615234375,118.7359619140625
IMG_0039.mp4,545,18.184833333333334,29.97002997002997,206,2,traffic_signs,0.8149802684783936,3103.058349609375,1035.1669921875,3198.947509765625,1121.2548828125,3151.0029296875,1078.2109375,95.88916015625,86.087890625
IMG_0039.mp4,545,18.184833333333334,29.97002997002997,465,0,auth_label,0.5426568984985352,0.0,362.831298828125,342.5592346191406,1329.1875,171.2796173095703,846.0093994140625,342.5592346191406,966.356201171875
IMG_0039.mp4,545,18.184833333333334,29.97002997002997,346,1,traffic_lights,0.8255347609519958,2154.8427734375,1118.206787109375,2193.498291015625,1228.6337890625,2174.1705322265625,1173.4202880859375,38.655517578125,110.427001953125
IMG_0039.mp4,546,18.2182,29.97002997002997,263,1,traffic_lights,0.8972305655479431,2427.43359375,687.8319702148438,2488.534423828125,808.953857421875,2457.9840087890625,748.3929138183594,61.100830078125,121.12188720703125
IMG_0039.mp4,546,18.2182,29.97002997002997,206,2,traffic_signs,0.8395536541938782,3102.326904296875,1035.262451171875,3199.3544921875,1120.8438720703125,3150.8406982421875,1078.0531616210938,97.027587890625,85.5814208984375
IMG_0039.mp4,546,18.2182,29.97002997002997,465,0,auth_label,0.5313556790351868,0.5102531909942627,365.2216796875,316.7060852050781,1324.5771484375,158.6081691980362,844.8994140625,316.19583201408386,959.35546875
IMG_0039.mp4,546,18.2182,29.97002997002997,346,1,traffic_lights,0.8354268074035645,2155.189697265625,1117.727783203125,2193.051025390625,1227.4656982421875,2174.120361328125,1172.5967407226562,37.861328125,109.7379150390625
IMG_0039.mp4,547,18.251566666666665,29.97002997002997,263,1,traffic_lights,0.9000815749168396,2427.35302734375,688.28271484375,2488.787109375,808.5743408203125,2458.070068359375,748.4285278320312,61.43408203125,120.2916259765625
IMG_0039.mp4,547,18.251566666666665,29.97002997002997,206,2,traffic_signs,0.8641611933708191,3101.416748046875,1034.871337890625,3200.252685546875,1120.28271484375,3150.834716796875,1077.5770263671875,98.8359375,85.411376953125
IMG_0039.mp4,547,18.251566666666665,29.97002997002997,465,0,auth_label,0.6261153221130371,1.8019435405731201,361.7897644042969,293.9111022949219,1333.7545166015625,147.8565229177475,847.7721405029297,292.10915875434875,971.9647521972656
IMG_0039.mp4,547,18.251566666666665,29.97002997002997,346,1,traffic_lights,0.8397747874259949,2155.525146484375,1117.652099609375,2192.72802734375,1226.7525634765625,2174.1265869140625,1172.2023315429688,37.202880859375,109.1004638671875
IMG_0039.mp4,547,18.251566666666665,29.97002997002997,336,2,traffic_signs,0.7231335043907166,2051.887451171875,1151.56201171875,2130.96923828125,1243.5225830078125,2091.4283447265625,1197.5422973632812,79.081787109375,91.9605712890625
IMG_0039.mp4,547,18.251566666666665,29.97002997002997,433,2,traffic_signs,0.6283857822418213,2026.84130859375,1106.023193359375,2098.278076171875,1183.8941650390625,2062.5596923828125,1144.9586791992188,71.436767578125,77.8709716796875
IMG_0039.mp4,548,18.284933333333335,29.97002997002997,263,1,traffic_lights,0.9019912481307983,2427.7333984375,687.8015747070312,2489.412841796875,808.183837890625,2458.5731201171875,747.9927062988281,61.679443359375,120.38226318359375
IMG_0039.mp4,548,18.284933333333335,29.97002997002997,206,2,traffic_signs,0.835179328918457,3101.3857421875,1034.4671630859375,3200.808837890625,1119.6337890625,3151.0972900390625,1077.0504760742188,99.423095703125,85.1666259765625
IMG_0039.mp4,548,18.284933333333335,29.97002997002997,465,0,auth_label,0.6320882439613342,2.795224666595459,380.57623291015625,278.8200378417969,1339.371337890625,140.80763125419617,859.9737854003906,276.0248131752014,958.7951049804688
IMG_0039.mp4,548,18.284933333333335,29.97002997002997,346,1,traffic_lights,0.845755934715271,2155.4990234375,1116.6409912109375,2192.8720703125,1227.9453125,2174.185546875,1172.2931518554688,37.373046875,111.3043212890625
IMG_0039.mp4,548,18.284933333333335,29.97002997002997,336,2,traffic_signs,0.7066333293914795,2053.52294921875,1151.88037109375,2129.644775390625,1244.0848388671875,2091.5838623046875,1197.9826049804688,76.121826171875,92.2044677734375
IMG_0039.mp4,548,18.284933333333335,29.97002997002997,433,2,traffic_signs,0.5760888457298279,2025.395263671875,1105.51953125,2097.6337890625,1184.918701171875,2061.5145263671875,1145.2191162109375,72.238525390625,79.399169921875
IMG_0039.mp4,549,18.3183,29.97002997002997,263,1,traffic_lights,0.8991349339485168,2428.4638671875,686.9599609375,2489.70703125,807.5234375,2459.08544921875,747.24169921875,61.2431640625,120.5634765625
IMG_0039.mp4,549,18.3183,29.97002997002997,206,2,traffic_signs,0.8001194000244141,3104.201171875,1034.458984375,3201.696533203125,1119.586181640625,3152.9488525390625,1077.0225830078125,97.495361328125,85.127197265625
IMG_0039.mp4,549,18.3183,29.97002997002997,465,0,auth_label,0.7135834693908691,3.2948849201202393,388.7982177734375,272.49267578125,1338.1690673828125,137.89378035068512,863.483642578125,269.19779086112976,949.370849609375
IMG_0039.mp4,549,18.3183,29.97002997002997,346,1,traffic_lights,0.8465935587882996,2155.642578125,1116.697998046875,2192.727294921875,1226.8995361328125,2174.1849365234375,1171.7987670898438,37.084716796875,110.2015380859375
IMG_0039.mp4,549,18.3183,29.97002997002997,336,2,traffic_signs,0.526881217956543,2052.903076171875,1143.380859375,2130.008056640625,1243.59228515625,2091.45556640625,1193.486572265625,77.10498046875,100.21142578125
IMG_0039.mp4,549,18.3183,29.97002997002997,433,2,traffic_signs,0.4195067584514618,2024.703125,1104.953857421875,2097.356689453125,1186.0767822265625,2061.0299072265625,1145.5153198242188,72.653564453125,81.1229248046875
IMG_0039.mp4,550,18.351666666666667,29.97002997002997,263,1,traffic_lights,0.8986584544181824,2429.03564453125,687.8906860351562,2489.703125,806.7711181640625,2459.369384765625,747.3309020996094,60.66748046875,118.88043212890625
IMG_0039.mp4,550,18.351666666666667,29.97002997002997,206,2,traffic_signs,0.7800189256668091,3106.1806640625,1034.611328125,3202.156005859375,1119.83740234375,3154.1683349609375,1077.224365234375,95.975341796875,85.22607421875
IMG_0039.mp4,550,18.351666666666667,29.97002997002997,465,0,auth_label,0.7844511270523071,2.8010377883911133,388.64105224609375,262.3448181152344,1344.3428955078125,132.57292795181274,866.4919738769531,259.54378032684326,955.7018432617188
IMG_0039.mp4,550,18.351666666666667,29.97002997002997,346,1,traffic_lights,0.8489289283752441,2155.524658203125,1116.6954345703125,2192.457275390625,1226.0943603515625,2173.990966796875,1171.3948974609375,36.9326171875,109.39892578125
IMG_0039.mp4,550,18.351666666666667,29.97002997002997,473,2,traffic_signs,0.3585371673107147,3303.583251953125,1080.786376953125,3382.207275390625,1177.39208984375,3342.895263671875,1129.0892333984375,78.6240234375,96.605712890625
IMG_0039.mp4,550,18.351666666666667,29.97002997002997,376,1,traffic_lights,0.3504832684993744,3110.78125,1115.3870849609375,3187.11376953125,1238.4571533203125,3148.947509765625,1176.922119140625,76.33251953125,123.070068359375
IMG_0039.mp4,551,18.385033333333332,29.97002997002997,263,1,traffic_lights,0.8967151641845703,2428.6962890625,686.56689453125,2490.05224609375,806.3284301757812,2459.374267578125,746.4476623535156,61.35595703125,119.76153564453125
IMG_0039.mp4,551,18.385033333333332,29.97002997002997,206,2,traffic_signs,0.7483989596366882,3106.651123046875,1034.2491455078125,3202.87939453125,1118.3499755859375,3154.7652587890625,1076.299560546875,96.228271484375,84.100830078125
IMG_0039.mp4,551,18.385033333333332,29.97002997002997,465,0,auth_label,0.758621096611023,2.669238567352295,390.9880676269531,245.91378784179688,1341.89794921875,124.29151320457458,866.4430084228516,243.24454927444458,950.9098815917969
IMG_0039.mp4,551,18.385033333333332,29.97002997002997,346,1,traffic_lights,0.8388649821281433,2155.18896484375,1116.48828125,2192.24658203125,1226.25146484375,2173.7177734375,1171.369873046875,37.0576171875,109.76318359375
IMG_0039.mp4,551,18.385033333333332,29.97002997002997,473,2,traffic_signs,0.5661708116531372,3304.800537109375,1080.6744384765625,3384.062255859375,1178.1219482421875,3344.431396484375,1129.398193359375,79.26171875,97.447509765625
IMG_0039.mp4,551,18.385033333333332,29.97002997002997,336,2,traffic_signs,0.5027533173561096,2033.1754150390625,1113.521728515625,2130.7646484375,1244.9407958984375,2081.9700317382812,1179.2312622070312,97.5892333984375,131.4190673828125
IMG_0039.mp4,552,18.418400000000002,29.97002997002997,263,1,traffic_lights,0.8919764161109924,2428.955078125,685.061279296875,2490.989501953125,805.894287109375,2459.9722900390625,745.477783203125,62.034423828125,120.8330078125
IMG_0039.mp4,552,18.418400000000002,29.97002997002997,206,2,traffic_signs,0.7259663343429565,3110.91357421875,1034.4517822265625,3203.37158203125,1117.563720703125,3157.142578125,1076.0077514648438,92.4580078125,83.1119384765625
IMG_0039.mp4,552,18.418400000000002,29.97002997002997,465,0,auth_label,0.8715084791183472,2.255361795425415,378.5281982421875,240.15045166015625,1347.9149169921875,121.20290672779083,863.2215576171875,237.89508986473083,969.38671875
IMG_0039.mp4,552,18.418400000000002,29.97002997002997,346,1,traffic_lights,0.845793604850769,2154.927978515625,1116.4490966796875,2192.5888671875,1226.6932373046875,2173.7584228515625,1171.5711669921875,37.660888671875,110.244140625
IMG_0039.mp4,552,18.418400000000002,29.97002997002997,473,2,traffic_signs,0.3783840537071228,3306.04638671875,1081.0103759765625,3382.54833984375,1178.6640625,3344.29736328125,1129.8372192382812,76.501953125,97.6536865234375
IMG_0039.mp4,553,18.451766666666668,29.97002997002997,263,1,traffic_lights,0.8860765695571899,2429.82177734375,685.7015991210938,2491.013671875,805.4454956054688,2460.417724609375,745.5735473632812,61.19189453125,119.743896484375
IMG_0039.mp4,553,18.451766666666668,29.97002997002997,206,2,traffic_signs,0.7995667457580566,3108.3154296875,1034.0306396484375,3204.10009765625,1117.3695068359375,3156.207763671875,1075.7000732421875,95.78466796875,83.3388671875
IMG_0039.mp4,553,18.451766666666668,29.97002997002997,465,0,auth_label,0.8892220854759216,1.5580695867538452,375.4222717285156,239.1327667236328,1353.9791259765625,120.34541815519333,864.7006988525391,237.57469713687897,978.5568542480469
IMG_0039.mp4,553,18.451766666666668,29.97002997002997,346,1,traffic_lights,0.6361688375473022,2155.293212890625,1120.687744140625,2190.059326171875,1229.898681640625,2172.67626953125,1175.293212890625,34.76611328125,109.2109375
IMG_0039.mp4,553,18.451766666666668,29.97002997002997,473,2,traffic_signs,0.3940301835536957,3306.62646484375,1080.4058837890625,3389.8271484375,1180.3773193359375,3348.226806640625,1130.3916015625,83.20068359375,99.971435546875
IMG_0039.mp4,553,18.451766666666668,29.97002997002997,429,2,traffic_signs,0.31579458713531494,1609.9107666015625,1256.535400390625,1630.9425048828125,1275.3104248046875,1620.4266357421875,1265.9229125976562,21.03173828125,18.7750244140625
IMG_0039.mp4,553,18.451766666666668,29.97002997002997,376,1,traffic_lights,0.3687763512134552,3116.282958984375,1114.223876953125,3185.860107421875,1239.225341796875,3151.071533203125,1176.724609375,69.5771484375,125.00146484375
IMG_0039.mp4,553,18.451766666666668,29.97002997002997,336,2,traffic_signs,0.8927947878837585,2067.4013671875,1141.4130859375,2133.84521484375,1245.595458984375,2100.623291015625,1193.5042724609375,66.44384765625,104.182373046875
IMG_0039.mp4,554,18.485133333333334,29.97002997002997,206,2,traffic_signs,0.6836239099502563,3108.69482421875,1033.4730224609375,3202.810546875,1117.548583984375,3155.752685546875,1075.5108032226562,94.11572265625,84.0755615234375
IMG_0039.mp4,554,18.485133333333334,29.97002997002997,465,0,auth_label,0.814603865146637,1.1310652494430542,376.0974426269531,234.6952362060547,1339.7672119140625,117.91315072774887,857.9323272705078,233.56417095661163,963.6697692871094
IMG_0039.mp4,554,18.485133333333334,29.97002997002997,346,1,traffic_lights,0.6114352345466614,2154.599853515625,1121.7578125,2192.884521484375,1227.470458984375,2173.7421875,1174.6141357421875,38.28466796875,105.712646484375
IMG_0039.mp4,554,18.485133333333334,29.97002997002997,429,2,traffic_signs,0.42204561829566956,1610.1016845703125,1256.583740234375,1630.189453125,1275.5377197265625,1620.1455688476562,1266.0607299804688,20.0877685546875,18.9539794921875
IMG_0039.mp4,554,18.485133333333334,29.97002997002997,336,2,traffic_signs,0.8347988128662109,2057.705810546875,1153.6416015625,2129.159423828125,1244.455810546875,2093.4326171875,1199.0487060546875,71.45361328125,90.814208984375
IMG_0039.mp4,554,18.485133333333334,29.97002997002997,433,2,traffic_signs,0.7927606701850891,2025.174560546875,1105.9627685546875,2096.886962890625,1181.7955322265625,2061.03076171875,1143.879150390625,71.71240234375,75.832763671875
IMG_0039.mp4,555,18.5185,29.97002997002997,206,2,traffic_signs,0.7773231863975525,3104.884521484375,1033.368896484375,3203.491455078125,1117.2144775390625,3154.18798828125,1075.2916870117188,98.60693359375,83.8455810546875
IMG_0039.mp4,555,18.5185,29.97002997002997,346,1,traffic_lights,0.8642082214355469,2154.15380859375,1118.0831298828125,2192.739990234375,1227.7904052734375,2173.4468994140625,1172.936767578125,38.586181640625,109.707275390625
IMG_0039.mp4,555,18.5185,29.97002997002997,429,2,traffic_signs,0.4587256610393524,1611.0748291015625,1255.0660400390625,1630.780029296875,1275.3739013671875,1620.9274291992188,1265.219970703125,19.7052001953125,20.307861328125
IMG_0039.mp4,555,18.5185,29.97002997002997,263,1,traffic_lights,0.8857829570770264,2428.86328125,683.1295776367188,2492.1357421875,806.1466674804688,2460.49951171875,744.6381225585938,63.2724609375,123.01708984375
IMG_0039.mp4,556,18.551866666666665,29.97002997002997,346,1,traffic_lights,0.869817852973938,2154.0546875,1116.037109375,2192.6005859375,1227.4820556640625,2173.32763671875,1171.7595825195312,38.5458984375,111.4449462890625
IMG_0039.mp4,556,18.551866666666665,29.97002997002997,429,2,traffic_signs,0.6441534161567688,1609.5010986328125,1255.9105224609375,1629.80322265625,1275.154541015625,1619.6521606445312,1265.5325317382812,20.3021240234375,19.2440185546875
IMG_0039.mp4,556,18.551866666666665,29.97002997002997,263,1,traffic_lights,0.8839107155799866,2428.55859375,682.572998046875,2492.167724609375,806.018310546875,2460.3631591796875,744.295654296875,63.609130859375,123.4453125
IMG_0039.mp4,556,18.551866666666665,29.97002997002997,465,0,auth_label,0.3823876976966858,0.0,387.3037414550781,211.5457000732422,1285.0740966796875,105.7728500366211,836.1889190673828,211.5457000732422,897.7703552246094
IMG_0039.mp4,556,18.551866666666665,29.97002997002997,336,2,traffic_signs,0.3302839398384094,2054.2265625,1141.5457763671875,2129.379638671875,1245.78515625,2091.8031005859375,1193.6654663085938,75.153076171875,104.2393798828125
IMG_0039.mp4,556,18.551866666666665,29.97002997002997,433,2,traffic_signs,0.35059911012649536,2024.54345703125,1103.6285400390625,2097.4267578125,1188.947509765625,2060.985107421875,1146.2880249023438,72.88330078125,85.3189697265625
IMG_0039.mp4,557,18.585233333333335,29.97002997002997,346,1,traffic_lights,0.8512352108955383,2153.386474609375,1114.9376220703125,2192.892578125,1227.0140380859375,2173.1395263671875,1170.975830078125,39.506103515625,112.076416015625
IMG_0039.mp4,557,18.585233333333335,29.97002997002997,429,2,traffic_signs,0.6459057331085205,1609.6622314453125,1255.9755859375,1630.1839599609375,1275.08447265625,1619.923095703125,1265.530029296875,20.521728515625,19.10888671875
IMG_0039.mp4,557,18.585233333333335,29.97002997002997,263,1,traffic_lights,0.8845058083534241,2428.737548828125,681.5219116210938,2492.353759765625,805.9467163085938,2460.545654296875,743.7343139648438,63.6162109375,124.4248046875
IMG_0039.mp4,557,18.585233333333335,29.97002997002997,465,0,auth_label,0.6826910972595215,0.0,389.4300842285156,206.2307586669922,1290.140869140625,103.1153793334961,839.7854766845703,206.2307586669922,900.7107849121094
IMG_0039.mp4,557,18.585233333333335,29.97002997002997,336,2,traffic_signs,0.3726818561553955,2052.20361328125,1129.798828125,2130.459716796875,1246.6494140625,2091.3316650390625,1188.22412109375,78.256103515625,116.8505859375
IMG_0039.mp4,557,18.585233333333335,29.97002997002997,433,2,traffic_signs,0.2534031867980957,2024.36328125,1103.2755126953125,2098.5234375,1190.155517578125,2061.443359375,1146.7155151367188,74.16015625,86.8800048828125
IMG_0039.mp4,557,18.585233333333335,29.97002997002997,206,2,traffic_signs,0.8217500448226929,3105.80224609375,1032.4583740234375,3207.206298828125,1114.8284912109375,3156.5042724609375,1073.6434326171875,101.404052734375,82.3701171875
IMG_0039.mp4,558,18.6186,29.97002997002997,346,1,traffic_lights,0.8703731894493103,2153.221435546875,1114.7215576171875,2192.940185546875,1226.0108642578125,2173.080810546875,1170.3662109375,39.71875,111.289306640625
IMG_0039.mp4,558,18.6186,29.97002997002997,429,2,traffic_signs,0.6234484910964966,1609.263916015625,1256.6539306640625,1629.7747802734375,1275.26806640625,1619.5193481445312,1265.9609985351562,20.5108642578125,18.6141357421875
IMG_0039.mp4,558,18.6186,29.97002997002997,263,1,traffic_lights,0.8851660490036011,2428.97998046875,681.2410278320312,2492.408935546875,805.2865600585938,2460.6944580078125,743.2637939453125,63.428955078125,124.0455322265625
IMG_0039.mp4,558,18.6186,29.97002997002997,206,2,traffic_signs,0.8256903886795044,3108.5419921875,1032.0052490234375,3208.2236328125,1116.0633544921875,3158.3828125,1074.0343017578125,99.681640625,84.05810546875
IMG_0039.mp4,558,18.6186,29.97002997002997,376,1,traffic_lights,0.2896389663219452,3114.595458984375,1115.321044921875,3186.757080078125,1234.281005859375,3150.67626953125,1174.801025390625,72.16162109375,118.9599609375
IMG_0039.mp4,559,18.651966666666667,29.97002997002997,346,1,traffic_lights,0.875544011592865,2153.42578125,1114.814453125,2193.126708984375,1225.449462890625,2173.2762451171875,1170.1319580078125,39.700927734375,110.635009765625
IMG_0039.mp4,559,18.651966666666667,29.97002997002997,429,2,traffic_signs,0.5836979150772095,1609.61669921875,1256.658203125,1630.01220703125,1275.15673828125,1619.814453125,1265.907470703125,20.3955078125,18.49853515625
IMG_0039.mp4,559,18.651966666666667,29.97002997002997,263,1,traffic_lights,0.8862664103507996,2428.826171875,680.4051513671875,2492.70849609375,805.0532836914062,2460.767333984375,742.7292175292969,63.88232421875,124.64813232421875
IMG_0039.mp4,559,18.651966666666667,29.97002997002997,206,2,traffic_signs,0.8345093131065369,3110.2255859375,1031.72119140625,3208.91162109375,1116.88720703125,3159.568603515625,1074.30419921875,98.68603515625,85.166015625
IMG_0039.mp4,559,18.651966666666667,29.97002997002997,376,1,traffic_lights,0.39585238695144653,3118.9453125,1115.5286865234375,3187.0322265625,1233.3201904296875,3152.98876953125,1174.4244384765625,68.0869140625,117.79150390625
IMG_0039.mp4,560,18.685333333333332,29.97002997002997,346,1,traffic_lights,0.8649084568023682,2153.2587890625,1114.01806640625,2193.3701171875,1225.332763671875,2173.314453125,1169.6754150390625,40.111328125,111.314697265625
IMG_0039.mp4,560,18.685333333333332,29.97002997002997,429,2,traffic_signs,0.6361083388328552,1608.88037109375,1256.7164306640625,1629.597412109375,1275.8277587890625,1619.2388916015625,1266.2720947265625,20.717041015625,19.111328125
IMG_0039.mp4,560,18.685333333333332,29.97002997002997,263,1,traffic_lights,0.8854849338531494,2429.33740234375,681.0220947265625,2492.86279296875,804.3690185546875,2461.10009765625,742.695556640625,63.525390625,123.346923828125
IMG_0039.mp4,560,18.685333333333332,29.97002997002997,206,2,traffic_signs,0.8167951703071594,3110.482666015625,1031.2142333984375,3209.089599609375,1117.06787109375,3159.7861328125,1074.1410522460938,98.60693359375,85.8536376953125
IMG_0039.mp4,560,18.685333333333332,29.97002997002997,465,0,auth_label,0.4983100891113281,0.0,375.0028076171875,175.11175537109375,1293.038818359375,87.55587768554688,834.0208129882812,175.11175537109375,918.0360107421875
IMG_0039.mp4,560,18.685333333333332,29.97002997002997,336,2,traffic_signs,0.4386633336544037,2051.8349609375,1125.984375,2131.075927734375,1246.7353515625,2091.4554443359375,1186.35986328125,79.240966796875,120.7509765625
IMG_0039.mp4,560,18.685333333333332,29.97002997002997,433,2,traffic_signs,0.26917022466659546,2023.3812255859375,1102.6822509765625,2098.108154296875,1191.059814453125,2060.7446899414062,1146.8710327148438,74.7269287109375,88.3775634765625
IMG_0039.mp4,561,18.718700000000002,29.97002997002997,346,1,traffic_lights,0.8593347072601318,2155.057373046875,1114.7667236328125,2192.76904296875,1225.133056640625,2173.9132080078125,1169.9498901367188,37.711669921875,110.3663330078125
IMG_0039.mp4,561,18.718700000000002,29.97002997002997,429,2,traffic_signs,0.5413849353790283,1609.343017578125,1257.1090087890625,1630.459716796875,1275.3033447265625,1619.9013671875,1266.2061767578125,21.11669921875,18.1943359375
IMG_0039.mp4,561,18.718700000000002,29.97002997002997,263,1,traffic_lights,0.8870792984962463,2429.521728515625,681.1641845703125,2493.088134765625,803.875,2461.304931640625,742.5195922851562,63.56640625,122.7108154296875
IMG_0039.mp4,561,18.718700000000002,29.97002997002997,206,2,traffic_signs,0.8359848260879517,3110.413330078125,1030.467041015625,3209.4716796875,1116.6495361328125,3159.9425048828125,1073.5582885742188,99.058349609375,86.1824951171875
IMG_0039.mp4,561,18.718700000000002,29.97002997002997,465,0,auth_label,0.27664387226104736,0.0,368.7572326660156,157.8369903564453,1340.361083984375,78.91849517822266,854.5591583251953,157.8369903564453,971.6038513183594
IMG_0039.mp4,561,18.718700000000002,29.97002997002997,336,2,traffic_signs,0.778733491897583,2054.15966796875,1139.9498291015625,2129.162109375,1244.47265625,2091.660888671875,1192.2112426757812,75.00244140625,104.5228271484375
IMG_0039.mp4,561,18.718700000000002,29.97002997002997,433,2,traffic_signs,0.30427640676498413,2022.7578125,1103.5213623046875,2090.600341796875,1188.1923828125,2056.6790771484375,1145.8568725585938,67.842529296875,84.6710205078125
IMG_0039.mp4,562,18.752066666666668,29.97002997002997,263,1,traffic_lights,0.8895333409309387,2427.539306640625,678.7720336914062,2493.256591796875,802.8528442382812,2460.39794921875,740.8124389648438,65.71728515625,124.080810546875
IMG_0039.mp4,562,18.752066666666668,29.97002997002997,206,2,traffic_signs,0.851077675819397,3109.25048828125,1029.8194580078125,3210.18212890625,1113.7681884765625,3159.71630859375,1071.7938232421875,100.931640625,83.94873046875
IMG_0039.mp4,562,18.752066666666668,29.97002997002997,465,0,auth_label,0.6443300247192383,0.0,359.91717529296875,145.90090942382812,1339.8170166015625,72.95045471191406,849.8670959472656,145.90090942382812,979.8998413085938
IMG_0039.mp4,563,18.785433333333334,29.97002997002997,263,1,traffic_lights,0.8782863020896912,2426.679931640625,677.1737670898438,2493.834716796875,802.9013671875,2460.25732421875,740.0375671386719,67.15478515625,125.72760009765625
IMG_0039.mp4,563,18.785433333333334,29.97002997002997,206,2,traffic_signs,0.8183724880218506,3108.11474609375,1028.9327392578125,3210.6064453125,1113.1131591796875,3159.360595703125,1071.02294921875,102.49169921875,84.180419921875
IMG_0039.mp4,563,18.785433333333334,29.97002997002997,465,0,auth_label,0.6901629567146301,0.0,361.15545654296875,128.819580078125,1324.9935302734375,64.4097900390625,843.0744934082031,128.819580078125,963.8380737304688
IMG_0039.mp4,563,18.785433333333334,29.97002997002997,346,1,traffic_lights,0.8221348524093628,2151.558349609375,1113.2716064453125,2194.127197265625,1225.6865234375,2172.8427734375,1169.4790649414062,42.56884765625,112.4149169921875
IMG_0039.mp4,563,18.785433333333334,29.97002997002997,429,2,traffic_signs,0.42896947264671326,1608.5118408203125,1257.427001953125,1631.3226318359375,1275.6636962890625,1619.917236328125,1266.5453491210938,22.810791015625,18.2366943359375
IMG_0039.mp4,563,18.785433333333334,29.97002997002997,336,2,traffic_signs,0.6154095530509949,2051.400634765625,1135.710693359375,2130.80615234375,1243.0311279296875,2091.1033935546875,1189.3709106445312,79.405517578125,107.3204345703125
IMG_0039.mp4,564,18.8188,29.97002997002997,263,1,traffic_lights,0.8795070648193359,2426.780517578125,676.34130859375,2493.660400390625,802.844970703125,2460.220458984375,739.5931396484375,66.8798828125,126.503662109375
IMG_0039.mp4,564,18.8188,29.97002997002997,206,2,traffic_signs,0.852003812789917,3109.146240234375,1028.578857421875,3210.338623046875,1115.6771240234375,3159.742431640625,1072.1279907226562,101.1923828125,87.0982666015625
IMG_0039.mp4,564,18.8188,29.97002997002997,465,0,auth_label,0.7885706424713135,0.0,371.4670104980469,110.8190689086914,1277.135009765625,55.4095344543457,824.3010101318359,110.8190689086914,905.6679992675781
IMG_0039.mp4,564,18.8188,29.97002997002997,346,1,traffic_lights,0.8373258113861084,2152.421630859375,1113.8150634765625,2194.03369140625,1224.3297119140625,2173.2276611328125,1169.0723876953125,41.612060546875,110.5146484375
IMG_0039.mp4,564,18.8188,29.97002997002997,429,2,traffic_signs,0.39084872603416443,1608.4844970703125,1257.6439208984375,1630.90869140625,1275.3546142578125,1619.6965942382812,1266.499267578125,22.4241943359375,17.710693359375
IMG_0039.mp4,564,18.8188,29.97002997002997,336,2,traffic_signs,0.43680647015571594,2050.251953125,1130.823974609375,2130.864013671875,1242.13232421875,2090.5579833984375,1186.4781494140625,80.612060546875,111.308349609375
IMG_0039.mp4,564,18.8188,29.97002997002997,376,1,traffic_lights,0.3619028329849243,3111.671875,1115.076171875,3202.690673828125,1237.0943603515625,3157.1812744140625,1176.0852661132812,91.018798828125,122.0181884765625
IMG_0039.mp4,564,18.8188,29.97002997002997,433,2,traffic_signs,0.27861639857292175,2023.312744140625,1101.9896240234375,2095.66064453125,1188.738037109375,2059.4866943359375,1145.3638305664062,72.347900390625,86.7484130859375
IMG_0039.mp4,565,18.852166666666665,29.97002997002997,263,1,traffic_lights,0.8841293454170227,2426.490478515625,675.9410400390625,2493.540771484375,802.9514770507812,2460.015625,739.4462585449219,67.05029296875,127.01043701171875
IMG_0039.mp4,565,18.852166666666665,29.97002997002997,206,2,traffic_signs,0.8457625508308411,3109.329833984375,1028.0592041015625,3210.355224609375,1117.1588134765625,3159.842529296875,1072.6090087890625,101.025390625,89.099609375
IMG_0039.mp4,565,18.852166666666665,29.97002997002997,465,0,auth_label,0.8356876969337463,0.5469622611999512,385.6800537109375,98.64900207519531,1253.8045654296875,49.59798216819763,819.7423095703125,98.10203981399536,868.12451171875
IMG_0039.mp4,565,18.852166666666665,29.97002997002997,346,1,traffic_lights,0.8571170568466187,2152.513427734375,1114.3739013671875,2193.781494140625,1223.46142578125,2173.1474609375,1168.9176635742188,41.26806640625,109.0875244140625
IMG_0039.mp4,565,18.852166666666665,29.97002997002997,429,2,traffic_signs,0.4607999622821808,1608.0257568359375,1257.5484619140625,1629.930908203125,1275.2032470703125,1618.9783325195312,1266.3758544921875,21.9051513671875,17.65478515625
IMG_0039.mp4,565,18.852166666666665,29.97002997002997,336,2,traffic_signs,0.3556445240974426,2048.7900390625,1128.20458984375,2131.259521484375,1242.0628662109375,2090.0247802734375,1185.1337280273438,82.469482421875,113.8582763671875
IMG_0039.mp4,565,18.852166666666665,29.97002997002997,376,1,traffic_lights,0.49244409799575806,3112.42578125,1115.0037841796875,3199.927734375,1236.940673828125,3156.1767578125,1175.9722290039062,87.501953125,121.9368896484375
IMG_0039.mp4,566,18.885533333333335,29.97002997002997,263,1,traffic_lights,0.8832119703292847,2426.390869140625,674.615966796875,2493.60595703125,802.6569213867188,2459.9984130859375,738.6364440917969,67.215087890625,128.04095458984375
IMG_0039.mp4,566,18.885533333333335,29.97002997002997,206,2,traffic_signs,0.8277549147605896,3109.248291015625,1027.8631591796875,3210.568359375,1117.5130615234375,3159.9083251953125,1072.6881103515625,101.320068359375,89.64990234375
IMG_0039.mp4,566,18.885533333333335,29.97002997002997,346,1,traffic_lights,0.8456146121025085,2152.0537109375,1113.7349853515625,2193.672607421875,1223.2886962890625,2172.8631591796875,1168.5118408203125,41.618896484375,109.5537109375
IMG_0039.mp4,566,18.885533333333335,29.97002997002997,429,2,traffic_signs,0.341706782579422,1607.9569091796875,1257.466796875,1629.6512451171875,1275.404052734375,1618.8040771484375,1266.4354248046875,21.6943359375,17.937255859375
IMG_0039.mp4,566,18.885533333333335,29.97002997002997,336,2,traffic_signs,0.2866531014442444,2048.59228515625,1125.151611328125,2131.455810546875,1241.843017578125,2090.0240478515625,1183.497314453125,82.863525390625,116.69140625
IMG_0039.mp4,566,18.885533333333335,29.97002997002997,433,2,traffic_signs,0.2552827298641205,2023.0340576171875,1101.3626708984375,2097.0048828125,1195.482177734375,2060.0194702148438,1148.4224243164062,73.9708251953125,94.1195068359375
IMG_0039.mp4,567,18.9189,29.97002997002997,263,1,traffic_lights,0.8825864195823669,2426.39794921875,674.2518310546875,2493.539794921875,802.7037353515625,2459.9688720703125,738.477783203125,67.141845703125,128.451904296875
IMG_0039.mp4,567,18.9189,29.97002997002997,206,2,traffic_signs,0.8375594019889832,3109.751708984375,1027.7100830078125,3211.05224609375,1117.5076904296875,3160.4019775390625,1072.60888671875,101.300537109375,89.797607421875
IMG_0039.mp4,567,18.9189,29.97002997002997,346,1,traffic_lights,0.8593023419380188,2152.82275390625,1114.104736328125,2193.306884765625,1222.559326171875,2173.0648193359375,1168.33203125,40.484130859375,108.45458984375
IMG_0039.mp4,567,18.9189,29.97002997002997,336,2,traffic_signs,0.2591235339641571,2048.5732421875,1124.7208251953125,2131.028076171875,1241.5040283203125,2089.8006591796875,1183.1124267578125,82.454833984375,116.783203125
IMG_0039.mp4,567,18.9189,29.97002997002997,433,2,traffic_signs,0.255897581577301,2023.216796875,1101.33935546875,2096.96630859375,1195.7666015625,2060.091552734375,1148.552978515625,73.74951171875,94.42724609375
IMG_0039.mp4,567,18.9189,29.97002997002997,376,1,traffic_lights,0.3786836564540863,3111.893798828125,1115.2593994140625,3202.3984375,1237.7569580078125,3157.1461181640625,1176.5081787109375,90.504638671875,122.49755859375
IMG_0039.mp4,568,18.952266666666667,29.97002997002997,263,1,traffic_lights,0.8819909691810608,2426.4990234375,674.5553588867188,2493.339111328125,802.4849243164062,2459.9190673828125,738.5201416015625,66.840087890625,127.9295654296875
IMG_0039.mp4,568,18.952266666666667,29.97002997002997,206,2,traffic_signs,0.8430159687995911,3110.106201171875,1027.294189453125,3211.371337890625,1117.1907958984375,3160.73876953125,1072.2424926757812,101.26513671875,89.8966064453125
IMG_0039.mp4,568,18.952266666666667,29.97002997002997,346,1,traffic_lights,0.8569464683532715,2152.95751953125,1114.1492919921875,2193.135986328125,1222.474609375,2173.0467529296875,1168.3119506835938,40.178466796875,108.3253173828125
IMG_0039.mp4,568,18.952266666666667,29.97002997002997,336,2,traffic_signs,0.36110740900039673,2049.34033203125,1128.718505859375,2130.282958984375,1241.3251953125,2089.8116455078125,1185.0218505859375,80.942626953125,112.606689453125
IMG_0039.mp4,568,18.952266666666667,29.97002997002997,433,2,traffic_signs,0.2686491012573242,2023.12890625,1100.8048095703125,2096.771240234375,1192.646484375,2059.9500732421875,1146.7256469726562,73.642333984375,91.8416748046875
IMG_0039.mp4,568,18.952266666666667,29.97002997002997,376,1,traffic_lights,0.40197688341140747,3113.616943359375,1115.16064453125,3200.412353515625,1237.4332275390625,3157.0146484375,1176.2969360351562,86.79541015625,122.2725830078125
IMG_0039.mp4,568,18.952266666666667,29.97002997002997,429,2,traffic_signs,0.3826858401298523,1607.33544921875,1257.25537109375,1628.0103759765625,1274.6461181640625,1617.6729125976562,1265.9507446289062,20.6749267578125,17.3907470703125
IMG_0039.mp4,569,18.985633333333332,29.97002997002997,263,1,traffic_lights,0.8765693306922913,2426.3583984375,673.533203125,2493.310546875,802.2365112304688,2459.83447265625,737.8848571777344,66.9521484375,128.70330810546875
IMG_0039.mp4,569,18.985633333333332,29.97002997002997,206,2,traffic_signs,0.8004316091537476,3110.664306640625,1026.945556640625,3211.705078125,1117.6890869140625,3161.1846923828125,1072.3173217773438,101.040771484375,90.7435302734375
IMG_0039.mp4,569,18.985633333333332,29.97002997002997,346,1,traffic_lights,0.8416023850440979,2152.576416015625,1114.0496826171875,2193.252197265625,1222.0108642578125,2172.914306640625,1168.0302734375,40.67578125,107.961181640625
IMG_0039.mp4,569,18.985633333333332,29.97002997002997,376,1,traffic_lights,0.40840834379196167,3113.2314453125,1114.577392578125,3196.89453125,1236.1436767578125,3155.06298828125,1175.3605346679688,83.6630859375,121.5662841796875
IMG_0039.mp4,569,18.985633333333332,29.97002997002997,429,2,traffic_signs,0.263788640499115,1607.8748779296875,1257.1934814453125,1628.5048828125,1274.9114990234375,1618.1898803710938,1266.052490234375,20.6300048828125,17.718017578125
IMG_0039.mp4,570,19.019000000000002,29.97002997002997,263,1,traffic_lights,0.8716246485710144,2426.814208984375,672.4453125,2493.41357421875,802.0044555664062,2460.1138916015625,737.2248840332031,66.599365234375,129.55914306640625
IMG_0039.mp4,570,19.019000000000002,29.97002997002997,206,2,traffic_signs,0.8067638874053955,3110.886962890625,1026.62841796875,3211.7822265625,1117.963623046875,3161.3345947265625,1072.2960205078125,100.895263671875,91.335205078125
IMG_0039.mp4,570,19.019000000000002,29.97002997002997,346,1,traffic_lights,0.8546814918518066,2152.790771484375,1114.1746826171875,2192.999755859375,1221.3486328125,2172.895263671875,1167.7616577148438,40.208984375,107.1739501953125
IMG_0039.mp4,570,19.019000000000002,29.97002997002997,376,1,traffic_lights,0.47643908858299255,3115.468505859375,1114.9815673828125,3197.02587890625,1236.0562744140625,3156.2471923828125,1175.5189208984375,81.557373046875,121.07470703125
IMG_0039.mp4,571,19.052366666666668,29.97002997002997,263,1,traffic_lights,0.8728261590003967,2426.79345703125,672.6890258789062,2493.5927734375,801.5579223632812,2460.193115234375,737.1234741210938,66.79931640625,128.868896484375
IMG_0039.mp4,571,19.052366666666668,29.97002997002997,206,2,traffic_signs,0.7904202342033386,3111.52099609375,1026.48779296875,3212.2939453125,1117.5013427734375,3161.907470703125,1071.9945678710938,100.77294921875,91.0135498046875
IMG_0039.mp4,571,19.052366666666668,29.97002997002997,346,1,traffic_lights,0.8506916165351868,2152.493896484375,1114.3525390625,2192.9833984375,1222.2327880859375,2172.7386474609375,1168.2926635742188,40.489501953125,107.8802490234375
IMG_0039.mp4,571,19.052366666666668,29.97002997002997,376,1,traffic_lights,0.6103625297546387,3116.757080078125,1114.4288330078125,3195.13916015625,1236.7386474609375,3155.9481201171875,1175.583740234375,78.382080078125,122.309814453125
IMG_0039.mp4,572,19.085733333333334,29.97002997002997,263,1,traffic_lights,0.8498486876487732,2428.14697265625,671.5264282226562,2494.220703125,801.0320434570312,2461.183837890625,736.2792358398438,66.07373046875,129.505615234375
IMG_0039.mp4,572,19.085733333333334,29.97002997002997,206,2,traffic_signs,0.8049790859222412,3112.4208984375,1026.28857421875,3213.209228515625,1117.35986328125,3162.8150634765625,1071.82421875,100.788330078125,91.0712890625
IMG_0039.mp4,572,19.085733333333334,29.97002997002997,346,1,traffic_lights,0.834266722202301,2152.0478515625,1113.953125,2193.528564453125,1223.2357177734375,2172.7882080078125,1168.5944213867188,41.480712890625,109.2825927734375
IMG_0039.mp4,572,19.085733333333334,29.97002997002997,376,1,traffic_lights,0.46771755814552307,3117.3525390625,1114.15673828125,3194.1484375,1235.65380859375,3155.75048828125,1174.9052734375,76.7958984375,121.4970703125
IMG_0039.mp4,572,19.085733333333334,29.97002997002997,336,2,traffic_signs,0.29055047035217285,2049.219482421875,1133.644775390625,2129.196044921875,1241.0694580078125,2089.207763671875,1187.3571166992188,79.9765625,107.4246826171875
IMG_0039.mp4,573,19.1191,29.97002997002997,263,1,traffic_lights,0.8621149063110352,2428.139892578125,670.7870483398438,2494.173095703125,800.6644897460938,2461.156494140625,735.7257690429688,66.033203125,129.87744140625
IMG_0039.mp4,573,19.1191,29.97002997002997,206,2,traffic_signs,0.8412960171699524,3113.067138671875,1026.2877197265625,3213.905029296875,1116.2369384765625,3163.486083984375,1071.2623291015625,100.837890625,89.94921875
IMG_0039.mp4,573,19.1191,29.97002997002997,346,1,traffic_lights,0.8578270077705383,2152.635498046875,1114.1712646484375,2193.516845703125,1222.494384765625,2173.076171875,1168.3328247070312,40.88134765625,108.3231201171875
IMG_0039.mp4,573,19.1191,29.97002997002997,376,1,traffic_lights,0.6768579483032227,3117.885986328125,1114.540283203125,3196.989990234375,1236.58251953125,3157.43798828125,1175.5614013671875,79.10400390625,122.042236328125
IMG_0039.mp4,574,19.152466666666665,29.97002997002997,263,1,traffic_lights,0.8600807785987854,2428.376220703125,671.7630615234375,2493.9931640625,800.3735961914062,2461.1846923828125,736.0683288574219,65.616943359375,128.61053466796875
IMG_0039.mp4,574,19.152466666666665,29.97002997002997,206,2,traffic_signs,0.8511963486671448,3113.26953125,1026.3499755859375,3214.498291015625,1115.8641357421875,3163.8839111328125,1071.1070556640625,101.228759765625,89.51416015625
IMG_0039.mp4,574,19.152466666666665,29.97002997002997,346,1,traffic_lights,0.8446537852287292,2152.811767578125,1114.2100830078125,2193.484619140625,1222.4219970703125,2173.148193359375,1168.3160400390625,40.6728515625,108.2119140625
IMG_0039.mp4,574,19.152466666666665,29.97002997002997,376,1,traffic_lights,0.7397433519363403,3118.94140625,1114.6015625,3195.024169921875,1236.2073974609375,3156.9827880859375,1175.4044799804688,76.082763671875,121.6058349609375
IMG_0039.mp4,574,19.152466666666665,29.97002997002997,429,2,traffic_signs,0.39445388317108154,1607.6961669921875,1258.3399658203125,1629.60498046875,1274.6572265625,1618.6505737304688,1266.4985961914062,21.9088134765625,16.3172607421875
IMG_0039.mp4,575,19.185833333333335,29.97002997002997,263,1,traffic_lights,0.8576979041099548,2428.666748046875,670.6934204101562,2493.970703125,800.009521484375,2461.3187255859375,735.3514709472656,65.303955078125,129.31610107421875
IMG_0039.mp4,575,19.185833333333335,29.97002997002997,206,2,traffic_signs,0.8143988847732544,3113.084228515625,1025.98876953125,3214.971435546875,1115.9324951171875,3164.02783203125,1070.9606323242188,101.88720703125,89.9437255859375
IMG_0039.mp4,575,19.185833333333335,29.97002997002997,346,1,traffic_lights,0.8369369506835938,2152.813232421875,1113.8460693359375,2193.728759765625,1221.7130126953125,2173.27099609375,1167.779541015625,40.91552734375,107.866943359375
IMG_0039.mp4,575,19.185833333333335,29.97002997002997,376,1,traffic_lights,0.6534897685050964,3119.06591796875,1114.7425537109375,3194.23681640625,1235.0457763671875,3156.6513671875,1174.8941650390625,75.1708984375,120.30322265625
IMG_0039.mp4,576,19.2192,29.97002997002997,263,1,traffic_lights,0.8485402464866638,2428.7451171875,670.4096069335938,2494.057373046875,800.03515625,2461.4012451171875,735.2223815917969,65.312255859375,129.62554931640625
IMG_0039.mp4,576,19.2192,29.97002997002997,206,2,traffic_signs,0.8327010869979858,3113.733154296875,1025.642822265625,3215.590087890625,1115.2666015625,3164.66162109375,1070.4547119140625,101.85693359375,89.623779296875
IMG_0039.mp4,576,19.2192,29.97002997002997,346,1,traffic_lights,0.842868983745575,2152.482666015625,1113.791015625,2193.55517578125,1222.052978515625,2173.0189208984375,1167.9219970703125,41.072509765625,108.261962890625
IMG_0039.mp4,576,19.2192,29.97002997002997,376,1,traffic_lights,0.7123328447341919,3119.427734375,1114.409423828125,3194.821044921875,1234.1978759765625,3157.1243896484375,1174.3036499023438,75.393310546875,119.7884521484375
IMG_0039.mp4,577,19.252566666666667,29.97002997002997,263,1,traffic_lights,0.8387588262557983,2428.888427734375,670.9542236328125,2494.13134765625,799.2451782226562,2461.5098876953125,735.0997009277344,65.242919921875,128.29095458984375
IMG_0039.mp4,577,19.252566666666667,29.97002997002997,206,2,traffic_signs,0.7447711229324341,3114.384765625,1025.2430419921875,3215.379150390625,1114.15185546875,3164.8819580078125,1069.6974487304688,100.994384765625,88.9088134765625
IMG_0039.mp4,577,19.252566666666667,29.97002997002997,346,1,traffic_lights,0.8082359433174133,2151.989013671875,1113.305908203125,2193.79541015625,1222.406982421875,2172.8922119140625,1167.8564453125,41.806396484375,109.10107421875
IMG_0039.mp4,577,19.252566666666667,29.97002997002997,376,1,traffic_lights,0.41181087493896484,3119.321533203125,1113.2431640625,3196.489501953125,1231.7666015625,3157.905517578125,1172.5048828125,77.16796875,118.5234375
IMG_0039.mp4,577,19.252566666666667,29.97002997002997,433,2,traffic_signs,0.3288307785987854,2022.6563720703125,1099.0802001953125,2096.088623046875,1178.53369140625,2059.3724975585938,1138.8069458007812,73.4322509765625,79.4534912109375
IMG_0039.mp4,578,19.285933333333332,29.97002997002997,263,1,traffic_lights,0.8470509648323059,2427.668212890625,669.8535766601562,2494.725830078125,799.0052490234375,2461.197021484375,734.4294128417969,67.0576171875,129.15167236328125
IMG_0039.mp4,578,19.285933333333332,29.97002997002997,336,2,traffic_signs,0.45635488629341125,2034.2880859375,1113.09716796875,2122.521484375,1241.019775390625,2078.40478515625,1177.0584716796875,88.2333984375,127.922607421875
IMG_0039.mp4,579,19.319300000000002,29.97002997002997,263,1,traffic_lights,0.9124636650085449,2428.143798828125,671.1293334960938,2493.657958984375,801.2972412109375,2460.90087890625,736.2132873535156,65.51416015625,130.16790771484375
IMG_0039.mp4,579,19.319300000000002,29.97002997002997,206,2,traffic_signs,0.8127478361129761,3115.33642578125,1026.0733642578125,3216.38330078125,1111.7232666015625,3165.85986328125,1068.8983154296875,101.046875,85.64990234375
IMG_0039.mp4,579,19.319300000000002,29.97002997002997,376,1,traffic_lights,0.6894581913948059,3117.50537109375,1116.47998046875,3196.63671875,1233.4722900390625,3157.071044921875,1174.9761352539062,79.13134765625,116.9923095703125
IMG_0039.mp4,580,19.352666666666668,29.97002997002997,263,1,traffic_lights,0.8793526291847229,2429.6845703125,674.2218627929688,2492.930419921875,798.5335083007812,2461.3074951171875,736.377685546875,63.245849609375,124.3116455078125
IMG_0039.mp4,580,19.352666666666668,29.97002997002997,206,2,traffic_signs,0.27130165696144104,3114.60986328125,1024.7451171875,3217.7744140625,1112.7392578125,3166.192138671875,1068.7421875,103.16455078125,87.994140625
IMG_0039.mp4,580,19.352666666666668,29.97002997002997,376,1,traffic_lights,0.6312946677207947,3116.84326171875,1115.9869384765625,3195.7666015625,1232.9964599609375,3156.304931640625,1174.49169921875,78.92333984375,117.009521484375
IMG_0039.mp4,580,19.352666666666668,29.97002997002997,346,1,traffic_lights,0.7911521792411804,2153.995849609375,1114.5604248046875,2192.12060546875,1223.9791259765625,2173.0582275390625,1169.269775390625,38.124755859375,109.418701171875
IMG_0039.mp4,580,19.352666666666668,29.97002997002997,433,2,traffic_signs,0.4065707325935364,2023.520263671875,1100.9261474609375,2090.349853515625,1172.7032470703125,2056.93505859375,1136.814697265625,66.82958984375,71.777099609375
IMG_0039.mp4,580,19.352666666666668,29.97002997002997,336,2,traffic_signs,0.7931769490242004,2046.4134521484375,1141.189208984375,2124.6474609375,1240.4412841796875,2085.5304565429688,1190.8152465820312,78.2340087890625,99.2520751953125
IMG_0039.mp4,581,19.386033333333334,29.97002997002997,263,1,traffic_lights,0.8981214761734009,2429.275634765625,671.1181640625,2492.48193359375,800.76953125,2460.8787841796875,735.94384765625,63.206298828125,129.6513671875
IMG_0039.mp4,581,19.386033333333334,29.97002997002997,206,2,traffic_signs,0.8137099742889404,3114.40771484375,1024.1209716796875,3217.8193359375,1113.9730224609375,3166.113525390625,1069.0469970703125,103.41162109375,89.85205078125
IMG_0039.mp4,581,19.386033333333334,29.97002997002997,376,1,traffic_lights,0.5034648776054382,3117.19140625,1113.3984375,3198.516357421875,1233.15234375,3157.8538818359375,1173.275390625,81.324951171875,119.75390625
IMG_0039.mp4,581,19.386033333333334,29.97002997002997,346,1,traffic_lights,0.8304212093353271,2151.98388671875,1113.175048828125,2192.463134765625,1224.2869873046875,2172.2235107421875,1168.7310180664062,40.479248046875,111.1119384765625
IMG_0039.mp4,581,19.386033333333334,29.97002997002997,433,2,traffic_signs,0.4571712613105774,2023.195068359375,1099.477294921875,2094.574462890625,1174.51953125,2058.884765625,1136.9984130859375,71.37939453125,75.042236328125
IMG_0039.mp4,581,19.386033333333334,29.97002997002997,336,2,traffic_signs,0.5178473591804504,2049.361572265625,1142.7572021484375,2125.747802734375,1241.12158203125,2087.5546875,1191.9393920898438,76.38623046875,98.3643798828125
IMG_0039.mp4,582,19.4194,29.97002997002997,263,1,traffic_lights,0.8938990831375122,2429.209716796875,670.2005004882812,2492.447021484375,800.958740234375,2460.828369140625,735.5796203613281,63.2373046875,130.75823974609375
IMG_0039.mp4,582,19.4194,29.97002997002997,206,2,traffic_signs,0.7369979619979858,3113.461181640625,1023.9622802734375,3218.8212890625,1112.319580078125,3166.1412353515625,1068.1409301757812,105.360107421875,88.3572998046875
IMG_0039.mp4,582,19.4194,29.97002997002997,346,1,traffic_lights,0.8394331336021423,2151.250732421875,1113.345458984375,2192.369140625,1223.634033203125,2171.8099365234375,1168.48974609375,41.118408203125,110.28857421875
IMG_0039.mp4,582,19.4194,29.97002997002997,433,2,traffic_signs,0.49169784784317017,2023.1348876953125,1098.9613037109375,2096.248291015625,1174.5068359375,2059.6915893554688,1136.7340698242188,73.1134033203125,75.5455322265625
IMG_0039.mp4,582,19.4194,29.97002997002997,336,2,traffic_signs,0.41319429874420166,2049.46044921875,1143.976806640625,2126.260498046875,1241.300537109375,2087.8604736328125,1192.638671875,76.800048828125,97.32373046875
IMG_0039.mp4,583,19.452766666666665,29.97002997002997,263,1,traffic_lights,0.895343542098999,2429.356689453125,670.0318603515625,2492.1787109375,800.8539428710938,2460.7677001953125,735.4429016113281,62.822021484375,130.82208251953125
IMG_0039.mp4,583,19.452766666666665,29.97002997002997,206,2,traffic_signs,0.4407097101211548,3114.290283203125,1024.380126953125,3218.9130859375,1110.8856201171875,3166.6016845703125,1067.6328735351562,104.622802734375,86.5054931640625
IMG_0039.mp4,583,19.452766666666665,29.97002997002997,346,1,traffic_lights,0.8029831647872925,2150.8701171875,1112.6812744140625,2192.528076171875,1224.6746826171875,2171.6990966796875,1168.677978515625,41.657958984375,111.993408203125
IMG_0039.mp4,583,19.452766666666665,29.97002997002997,433,2,traffic_signs,0.6931434273719788,2022.9471435546875,1098.6650390625,2096.147705078125,1174.036865234375,2059.5474243164062,1136.3509521484375,73.2005615234375,75.371826171875
IMG_0039.mp4,583,19.452766666666665,29.97002997002997,336,2,traffic_signs,0.33625897765159607,2049.40283203125,1147.1412353515625,2126.20703125,1241.6788330078125,2087.804931640625,1194.4100341796875,76.80419921875,94.53759765625
IMG_0039.mp4,584,19.486133333333335,29.97002997002997,263,1,traffic_lights,0.8430330753326416,2429.1533203125,669.6168212890625,2492.430419921875,801.204833984375,2460.7918701171875,735.4108276367188,63.277099609375,131.5880126953125
IMG_0039.mp4,584,19.486133333333335,29.97002997002997,346,1,traffic_lights,0.7937658429145813,2150.7109375,1111.8839111328125,2192.96533203125,1225.022216796875,2171.838134765625,1168.4530639648438,42.25439453125,113.1383056640625
IMG_0039.mp4,584,19.486133333333335,29.97002997002997,433,2,traffic_signs,0.702096164226532,2022.5897216796875,1098.5853271484375,2096.0380859375,1173.994873046875,2059.3139038085938,1136.2901000976562,73.4483642578125,75.4095458984375
IMG_0039.mp4,584,19.486133333333335,29.97002997002997,336,2,traffic_signs,0.7872148156166077,2048.56005859375,1149.4273681640625,2126.0478515625,1242.1878662109375,2087.303955078125,1195.8076171875,77.48779296875,92.760498046875
IMG_0039.mp4,585,19.5195,29.97002997002997,263,1,traffic_lights,0.8791064620018005,2429.350341796875,669.2296752929688,2492.250244140625,800.2914428710938,2460.80029296875,734.7605590820312,62.89990234375,131.061767578125
IMG_0039.mp4,585,19.5195,29.97002997002997,346,1,traffic_lights,0.8525629639625549,2151.281982421875,1112.6851806640625,2192.181396484375,1223.6605224609375,2171.731689453125,1168.1728515625,40.8994140625,110.975341796875
IMG_0039.mp4,585,19.5195,29.97002997002997,433,2,traffic_signs,0.6531655788421631,2022.8900146484375,1098.6004638671875,2095.853515625,1173.29931640625,2059.3717651367188,1135.9498901367188,72.9635009765625,74.6988525390625
IMG_0039.mp4,585,19.5195,29.97002997002997,336,2,traffic_signs,0.475114643573761,2049.990234375,1149.62451171875,2125.960693359375,1241.55712890625,2087.9754638671875,1195.5908203125,75.970458984375,91.9326171875
IMG_0039.mp4,585,19.5195,29.97002997002997,376,1,traffic_lights,0.758367657661438,3119.07958984375,1109.5986328125,3208.34619140625,1236.2320556640625,3163.712890625,1172.9153442382812,89.2666015625,126.6334228515625
IMG_0039.mp4,585,19.5195,29.97002997002997,206,2,traffic_signs,0.8514708876609802,3115.640869140625,1023.8150634765625,3219.181396484375,1111.14013671875,3167.4111328125,1067.4776000976562,103.54052734375,87.3250732421875
IMG_0039.mp4,586,19.552866666666667,29.97002997002997,346,1,traffic_lights,0.832690954208374,2151.599365234375,1112.5360107421875,2192.202392578125,1223.0819091796875,2171.90087890625,1167.8089599609375,40.60302734375,110.5458984375
IMG_0039.mp4,586,19.552866666666667,29.97002997002997,433,2,traffic_signs,0.7257659435272217,2022.581298828125,1099.1461181640625,2095.685546875,1173.0230712890625,2059.1334228515625,1136.0845947265625,73.104248046875,73.876953125
IMG_0039.mp4,586,19.552866666666667,29.97002997002997,336,2,traffic_signs,0.8135092258453369,2050.244384765625,1151.280029296875,2126.043212890625,1240.9193115234375,2088.143798828125,1196.0996704101562,75.798828125,89.6392822265625
IMG_0039.mp4,586,19.552866666666667,29.97002997002997,376,1,traffic_lights,0.7113574743270874,3121.941650390625,1110.2777099609375,3205.851318359375,1235.5718994140625,3163.896484375,1172.9248046875,83.90966796875,125.294189453125
IMG_0039.mp4,586,19.552866666666667,29.97002997002997,206,2,traffic_signs,0.8217310905456543,3116.682861328125,1023.9151000976562,3219.7421875,1111.3138427734375,3168.2125244140625,1067.6144714355469,103.059326171875,87.39874267578125
IMG_0039.mp4,587,19.586233333333332,29.97002997002997,336,2,traffic_signs,0.9106132984161377,2063.173583984375,1149.9422607421875,2128.82177734375,1242.0338134765625,2095.9976806640625,1195.988037109375,65.648193359375,92.091552734375
IMG_0039.mp4,587,19.586233333333332,29.97002997002997,376,1,traffic_lights,0.5566518902778625,3123.07177734375,1109.600341796875,3203.7958984375,1236.084228515625,3163.433837890625,1172.84228515625,80.72412109375,126.48388671875
IMG_0039.mp4,587,19.586233333333332,29.97002997002997,206,2,traffic_signs,0.8321706652641296,3115.87890625,1023.0841064453125,3220.26416015625,1111.4361572265625,3168.071533203125,1067.2601318359375,104.38525390625,88.35205078125
IMG_0039.mp4,587,19.586233333333332,29.97002997002997,263,1,traffic_lights,0.8860068321228027,2429.144287109375,669.1438598632812,2491.876953125,799.0079345703125,2460.5106201171875,734.0758972167969,62.732666015625,129.86407470703125
IMG_0039.mp4,588,19.619600000000002,29.97002997002997,376,1,traffic_lights,0.7252410054206848,3123.255615234375,1109.606201171875,3205.380126953125,1236.600830078125,3164.31787109375,1173.103515625,82.12451171875,126.99462890625
IMG_0039.mp4,588,19.619600000000002,29.97002997002997,206,2,traffic_signs,0.8360572457313538,3115.996337890625,1023.2319946289062,3220.35400390625,1110.341064453125,3168.1751708984375,1066.7865295410156,104.357666015625,87.10906982421875
IMG_0039.mp4,588,19.619600000000002,29.97002997002997,263,1,traffic_lights,0.8884497284889221,2429.352294921875,669.3743286132812,2491.358642578125,798.4684448242188,2460.35546875,733.92138671875,62.00634765625,129.0941162109375
IMG_0039.mp4,588,19.619600000000002,29.97002997002997,346,1,traffic_lights,0.8381543159484863,2152.713134765625,1112.8043212890625,2191.914306640625,1225.2420654296875,2172.313720703125,1169.023193359375,39.201171875,112.437744140625
IMG_0039.mp4,588,19.619600000000002,29.97002997002997,433,2,traffic_signs,0.5649535059928894,2022.4466552734375,1099.2288818359375,2096.00146484375,1172.7877197265625,2059.2240600585938,1136.00830078125,73.5548095703125,73.558837890625
IMG_0039.mp4,589,19.652966666666668,29.97002997002997,206,2,traffic_signs,0.8301270604133606,3115.200439453125,1022.96044921875,3221.02880859375,1109.16796875,3168.1146240234375,1066.064208984375,105.828369140625,86.20751953125
IMG_0039.mp4,589,19.652966666666668,29.97002997002997,263,1,traffic_lights,0.8893126845359802,2429.617431640625,669.5145263671875,2491.830810546875,797.7081909179688,2460.72412109375,733.6113586425781,62.21337890625,128.19366455078125
IMG_0039.mp4,589,19.652966666666668,29.97002997002997,346,1,traffic_lights,0.844100296497345,2152.736328125,1112.4088134765625,2191.71337890625,1224.4940185546875,2172.224853515625,1168.451416015625,38.97705078125,112.085205078125
IMG_0039.mp4,590,19.686333333333334,29.97002997002997,206,2,traffic_signs,0.8221121430397034,3115.34716796875,1023.1900634765625,3221.572021484375,1109.030029296875,3168.4595947265625,1066.1100463867188,106.224853515625,85.8399658203125
IMG_0039.mp4,590,19.686333333333334,29.97002997002997,263,1,traffic_lights,0.8847306966781616,2429.401123046875,669.4675903320312,2491.9404296875,798.1541137695312,2460.6707763671875,733.8108520507812,62.539306640625,128.6865234375
IMG_0039.mp4,590,19.686333333333334,29.97002997002997,346,1,traffic_lights,0.8319095969200134,2153.267333984375,1111.7591552734375,2191.89111328125,1225.103515625,2172.5792236328125,1168.4313354492188,38.623779296875,113.3443603515625
IMG_0039.mp4,590,19.686333333333334,29.97002997002997,376,1,traffic_lights,0.2594565153121948,3123.170654296875,1109.4381103515625,3213.695068359375,1236.18017578125,3168.432861328125,1172.8091430664062,90.5244140625,126.7420654296875
IMG_0039.mp4,590,19.686333333333334,29.97002997002997,433,2,traffic_signs,0.39697858691215515,2021.6724853515625,1097.299560546875,2096.673828125,1174.0628662109375,2059.1731567382812,1135.6812133789062,75.0013427734375,76.7633056640625
IMG_0039.mp4,591,19.7197,29.97002997002997,206,2,traffic_signs,0.8160573244094849,3115.39111328125,1022.9010009765625,3221.659912109375,1108.365478515625,3168.5255126953125,1065.6332397460938,106.268798828125,85.4644775390625
IMG_0039.mp4,591,19.7197,29.97002997002997,263,1,traffic_lights,0.890378475189209,2429.5400390625,669.610595703125,2492.06640625,797.8672485351562,2460.80322265625,733.7389221191406,62.5263671875,128.25665283203125
IMG_0039.mp4,591,19.7197,29.97002997002997,346,1,traffic_lights,0.8601838946342468,2153.675537109375,1111.93701171875,2191.43896484375,1224.9425048828125,2172.5572509765625,1168.4397583007812,37.763427734375,113.0054931640625
IMG_0039.mp4,591,19.7197,29.97002997002997,433,2,traffic_signs,0.5804542303085327,2021.099609375,1097.026611328125,2095.98095703125,1172.9862060546875,2058.540283203125,1135.0064086914062,74.88134765625,75.9595947265625
IMG_0039.mp4,591,19.7197,29.97002997002997,336,2,traffic_signs,0.7755528688430786,2051.26123046875,1149.54833984375,2126.841552734375,1241.82958984375,2089.0513916015625,1195.68896484375,75.580322265625,92.28125
IMG_0039.mp4,592,19.753066666666665,29.97002997002997,206,2,traffic_signs,0.8075424432754517,3115.695556640625,1022.5968017578125,3222.16162109375,1108.5179443359375,3168.9285888671875,1065.557373046875,106.466064453125,85.921142578125
IMG_0039.mp4,592,19.753066666666665,29.97002997002997,263,1,traffic_lights,0.8923163414001465,2429.7392578125,669.6489868164062,2492.162353515625,797.2593383789062,2460.9508056640625,733.4541625976562,62.423095703125,127.6103515625
IMG_0039.mp4,592,19.753066666666665,29.97002997002997,346,1,traffic_lights,0.8438313603401184,2153.766845703125,1111.6864013671875,2191.306640625,1225.0223388671875,2172.5367431640625,1168.3543701171875,37.539794921875,113.3359375
IMG_0039.mp4,592,19.753066666666665,29.97002997002997,433,2,traffic_signs,0.5938266515731812,2020.9656982421875,1097.1885986328125,2095.345458984375,1172.35009765625,2058.1555786132812,1134.7693481445312,74.3797607421875,75.1614990234375
IMG_0039.mp4,592,19.753066666666665,29.97002997002997,336,2,traffic_signs,0.47775566577911377,2049.876953125,1149.07958984375,2126.541015625,1241.719482421875,2088.208984375,1195.3995361328125,76.6640625,92.639892578125
IMG_0039.mp4,593,19.786433333333335,29.97002997002997,206,2,traffic_signs,0.8028947114944458,3115.92138671875,1022.6055908203125,3222.1982421875,1108.640380859375,3169.059814453125,1065.6229858398438,106.27685546875,86.0347900390625
IMG_0039.mp4,593,19.786433333333335,29.97002997002997,263,1,traffic_lights,0.8877052068710327,2429.784912109375,669.5513305664062,2492.248046875,796.8746948242188,2461.0164794921875,733.2130126953125,62.463134765625,127.3233642578125
IMG_0039.mp4,593,19.786433333333335,29.97002997002997,346,1,traffic_lights,0.829241931438446,2153.6748046875,1111.14892578125,2191.182373046875,1224.8990478515625,2172.4285888671875,1168.0239868164062,37.507568359375,113.7501220703125
IMG_0039.mp4,593,19.786433333333335,29.97002997002997,433,2,traffic_signs,0.5012414455413818,2020.689208984375,1097.2801513671875,2095.68505859375,1172.54248046875,2058.1871337890625,1134.9113159179688,74.995849609375,75.2623291015625
IMG_0039.mp4,593,19.786433333333335,29.97002997002997,376,1,traffic_lights,0.36383095383644104,3123.53173828125,1108.7296142578125,3216.6142578125,1235.5384521484375,3170.072998046875,1172.134033203125,93.08251953125,126.808837890625
IMG_0039.mp4,594,19.8198,29.97002997002997,206,2,traffic_signs,0.8160872459411621,3116.360595703125,1022.9285888671875,3222.037841796875,1108.2830810546875,3169.19921875,1065.6058349609375,105.67724609375,85.3544921875
IMG_0039.mp4,594,19.8198,29.97002997002997,263,1,traffic_lights,0.8868247270584106,2429.591552734375,669.2677001953125,2492.455078125,796.85791015625,2461.0233154296875,733.0628051757812,62.863525390625,127.5902099609375
IMG_0039.mp4,594,19.8198,29.97002997002997,346,1,traffic_lights,0.8526777625083923,2153.154296875,1111.4437255859375,2190.76171875,1224.3795166015625,2171.9580078125,1167.91162109375,37.607421875,112.935791015625
IMG_0039.mp4,594,19.8198,29.97002997002997,433,2,traffic_signs,0.3659020662307739,2020.1513671875,1097.03662109375,2095.68408203125,1173.546630859375,2057.917724609375,1135.2916259765625,75.53271484375,76.510009765625
IMG_0039.mp4,594,19.8198,29.97002997002997,336,2,traffic_signs,0.29592129588127136,2049.730224609375,1148.2718505859375,2126.048828125,1241.26318359375,2087.8895263671875,1194.7675170898438,76.318603515625,92.9913330078125
IMG_0039.mp4,595,19.853166666666667,29.97002997002997,206,2,traffic_signs,0.7788083553314209,3117.33740234375,1022.716064453125,3221.646240234375,1109.103271484375,3169.4918212890625,1065.90966796875,104.308837890625,86.38720703125
IMG_0039.mp4,595,19.853166666666667,29.97002997002997,263,1,traffic_lights,0.8885893821716309,2429.380615234375,668.8209838867188,2492.855712890625,796.6570434570312,2461.1181640625,732.739013671875,63.47509765625,127.8360595703125
IMG_0039.mp4,595,19.853166666666667,29.97002997002997,346,1,traffic_lights,0.8331989645957947,2152.767822265625,1111.60986328125,2191.0078125,1224.1246337890625,2171.8878173828125,1167.8672485351562,38.239990234375,112.5147705078125
IMG_0039.mp4,595,19.853166666666667,29.97002997002997,433,2,traffic_signs,0.4430461823940277,2019.537353515625,1097.4874267578125,2096.423095703125,1171.833251953125,2057.980224609375,1134.6603393554688,76.8857421875,74.3458251953125
IMG_0039.mp4,595,19.853166666666667,29.97002997002997,336,2,traffic_signs,0.29181647300720215,2044.8812255859375,1140.0391845703125,2127.0439453125,1240.2161865234375,2085.9625854492188,1190.127685546875,82.1627197265625,100.177001953125
IMG_0039.mp4,596,19.886533333333333,29.97002997002997,206,2,traffic_signs,0.784617006778717,3118.4287109375,1022.0254516601562,3221.58935546875,1109.9739990234375,3170.009033203125,1065.9997253417969,103.16064453125,87.94854736328125
IMG_0039.mp4,596,19.886533333333333,29.97002997002997,263,1,traffic_lights,0.8899943828582764,2429.62744140625,669.578125,2492.45654296875,796.2684326171875,2461.0419921875,732.9232788085938,62.8291015625,126.6903076171875
IMG_0039.mp4,596,19.886533333333333,29.97002997002997,346,1,traffic_lights,0.809130847454071,2151.669921875,1113.13818359375,2189.07177734375,1225.5743408203125,2170.370849609375,1169.3562622070312,37.40185546875,112.4361572265625
IMG_0039.mp4,596,19.886533333333333,29.97002997002997,336,2,traffic_signs,0.8820897340774536,2073.498291015625,1145.287353515625,2130.719482421875,1238.71337890625,2102.10888671875,1192.0003662109375,57.22119140625,93.426025390625
IMG_0039.mp4,597,19.919900000000002,29.97002997002997,206,2,traffic_signs,0.8002890944480896,3119.0625,1021.6387329101562,3221.380126953125,1109.7867431640625,3170.2213134765625,1065.7127380371094,102.317626953125,88.14801025390625
IMG_0039.mp4,597,19.919900000000002,29.97002997002997,346,1,traffic_lights,0.8094432950019836,2151.694580078125,1112.0753173828125,2190.38720703125,1223.2901611328125,2171.0408935546875,1167.6827392578125,38.692626953125,111.21484375
IMG_0039.mp4,597,19.919900000000002,29.97002997002997,376,1,traffic_lights,0.40174394845962524,3127.799560546875,1107.955078125,3206.69580078125,1236.1146240234375,3167.2476806640625,1172.0348510742188,78.896240234375,128.1595458984375
IMG_0039.mp4,597,19.919900000000002,29.97002997002997,433,2,traffic_signs,0.6245031356811523,2019.4195556640625,1097.6915283203125,2095.406005859375,1169.8817138671875,2057.4127807617188,1133.78662109375,75.9864501953125,72.190185546875
IMG_0039.mp4,598,19.953266666666668,29.97002997002997,206,2,traffic_signs,0.8103007078170776,3119.438720703125,1021.9793090820312,3221.093994140625,1110.1494140625,3170.266357421875,1066.0643615722656,101.6552734375,88.17010498046875
IMG_0039.mp4,598,19.953266666666668,29.97002997002997,346,1,traffic_lights,0.8230958580970764,2151.073974609375,1111.5943603515625,2190.646240234375,1223.429443359375,2170.860107421875,1167.5119018554688,39.572265625,111.8350830078125
IMG_0039.mp4,598,19.953266666666668,29.97002997002997,376,1,traffic_lights,0.2767869234085083,3132.027587890625,1108.2169189453125,3207.07568359375,1237.134765625,3169.5516357421875,1172.6758422851562,75.048095703125,128.9178466796875
IMG_0039.mp4,598,19.953266666666668,29.97002997002997,433,2,traffic_signs,0.2752247154712677,2018.9752197265625,1096.8662109375,2096.550537109375,1174.7342529296875,2057.7628784179688,1135.8002319335938,77.5753173828125,77.8680419921875
IMG_0039.mp4,598,19.953266666666668,29.97002997002997,263,1,traffic_lights,0.8934818506240845,2429.55712890625,668.3040771484375,2492.7578125,795.76953125,2461.157470703125,732.0368041992188,63.20068359375,127.4654541015625
IMG_0039.mp4,599,19.986633333333334,29.97002997002997,346,1,traffic_lights,0.7747178673744202,2150.821533203125,1111.0140380859375,2190.895263671875,1223.477783203125,2170.8583984375,1167.2459106445312,40.07373046875,112.4637451171875
IMG_0039.mp4,599,19.986633333333334,29.97002997002997,433,2,traffic_signs,0.45412057638168335,2018.9862060546875,1096.6500244140625,2095.900146484375,1173.0999755859375,2057.4431762695312,1134.875,76.9139404296875,76.449951171875
IMG_0039.mp4,599,19.986633333333334,29.97002997002997,263,1,traffic_lights,0.8793339729309082,2429.0390625,667.3067016601562,2492.865234375,796.8723754882812,2460.9521484375,732.0895385742188,63.826171875,129.565673828125
IMG_0039.mp4,600,20.02,29.97002997002997,346,1,traffic_lights,0.8328152298927307,2151.24462890625,1111.3961181640625,2190.796875,1222.2027587890625,2171.020751953125,1166.7994384765625,39.55224609375,110.806640625
IMG_0039.mp4,600,20.02,29.97002997002997,433,2,traffic_signs,0.4371185004711151,2019.157470703125,1096.6219482421875,2095.283203125,1172.7227783203125,2057.2203369140625,1134.67236328125,76.125732421875,76.100830078125
IMG_0039.mp4,600,20.02,29.97002997002997,263,1,traffic_lights,0.8940908312797546,2429.27880859375,667.622802734375,2492.616943359375,796.3532104492188,2460.9478759765625,731.9880065917969,63.338134765625,128.73040771484375
IMG_0039.mp4,600,20.02,29.97002997002997,336,2,traffic_signs,0.44413599371910095,2046.970458984375,1140.281982421875,2124.10888671875,1240.6219482421875,2085.5396728515625,1190.4519653320312,77.138427734375,100.3399658203125
IMG_0039.mp4,600,20.02,29.97002997002997,206,2,traffic_signs,0.8206425905227661,3119.24267578125,1021.9591064453125,3222.5234375,1108.492431640625,3170.883056640625,1065.2257690429688,103.28076171875,86.5333251953125
IMG_0039.mp4,600,20.02,29.97002997002997,376,1,traffic_lights,0.6468017101287842,3119.72998046875,1107.927734375,3215.225830078125,1238.0003662109375,3167.4779052734375,1172.9640502929688,95.495849609375,130.0726318359375
IMG_0039.mp4,601,20.053366666666665,29.97002997002997,346,1,traffic_lights,0.806899905204773,2151.443115234375,1111.5093994140625,2191.137451171875,1221.7598876953125,2171.290283203125,1166.6346435546875,39.6943359375,110.25048828125
IMG_0039.mp4,601,20.053366666666665,29.97002997002997,433,2,traffic_signs,0.3095874786376953,2019.0546875,1096.188232421875,2096.551513671875,1174.2061767578125,2057.8031005859375,1135.1972045898438,77.496826171875,78.0179443359375
IMG_0039.mp4,601,20.053366666666665,29.97002997002997,263,1,traffic_lights,0.8907180428504944,2429.35400390625,668.16650390625,2492.257568359375,795.86865234375,2460.8057861328125,732.017578125,62.903564453125,127.7021484375
IMG_0039.mp4,601,20.053366666666665,29.97002997002997,336,2,traffic_signs,0.2838030755519867,2042.27783203125,1131.3759765625,2124.226318359375,1241.072509765625,2083.2520751953125,1186.2242431640625,81.948486328125,109.696533203125
IMG_0039.mp4,601,20.053366666666665,29.97002997002997,206,2,traffic_signs,0.8258256316184998,3118.52734375,1021.9661865234375,3223.17431640625,1109.20068359375,3170.850830078125,1065.5834350585938,104.64697265625,87.2344970703125
IMG_0039.mp4,601,20.053366666666665,29.97002997002997,376,1,traffic_lights,0.3212451636791229,3117.448486328125,1108.4046630859375,3221.142578125,1237.0582275390625,3169.2955322265625,1172.7314453125,103.694091796875,128.653564453125
IMG_0039.mp4,602,20.086733333333335,29.97002997002997,346,1,traffic_lights,0.8050980567932129,2151.400390625,1111.0057373046875,2191.46923828125,1221.7294921875,2171.434814453125,1166.3676147460938,40.06884765625,110.7237548828125
IMG_0039.mp4,602,20.086733333333335,29.97002997002997,433,2,traffic_signs,0.3814007639884949,2019.1190185546875,1095.8331298828125,2097.32763671875,1174.947021484375,2058.2233276367188,1135.3900756835938,78.2086181640625,79.1138916015625
IMG_0039.mp4,602,20.086733333333335,29.97002997002997,263,1,traffic_lights,0.8873630166053772,2429.256103515625,667.6566772460938,2492.05126953125,795.7476806640625,2460.6536865234375,731.7021789550781,62.795166015625,128.09100341796875
IMG_0039.mp4,602,20.086733333333335,29.97002997002997,336,2,traffic_signs,0.36135539412498474,2040.5994873046875,1130.894775390625,2124.302978515625,1241.400634765625,2082.4512329101562,1186.147705078125,83.7034912109375,110.505859375
IMG_0039.mp4,602,20.086733333333335,29.97002997002997,206,2,traffic_signs,0.8068904876708984,3118.397705078125,1021.7423706054688,3223.23486328125,1109.8133544921875,3170.8162841796875,1065.7778625488281,104.837158203125,88.07098388671875
IMG_0039.mp4,603,20.1201,29.97002997002997,346,1,traffic_lights,0.8311636447906494,2151.853759765625,1111.81689453125,2190.947265625,1221.702880859375,2171.4005126953125,1166.7598876953125,39.093505859375,109.885986328125
IMG_0039.mp4,603,20.1201,29.97002997002997,433,2,traffic_signs,0.33034175634384155,2019.3460693359375,1095.943603515625,2097.05615234375,1175.0072021484375,2058.2011108398438,1135.4754028320312,77.7100830078125,79.0635986328125
IMG_0039.mp4,603,20.1201,29.97002997002997,263,1,traffic_lights,0.8904697299003601,2429.565185546875,667.5808715820312,2492.068603515625,795.6774291992188,2460.81689453125,731.629150390625,62.50341796875,128.0965576171875
IMG_0039.mp4,603,20.1201,29.97002997002997,336,2,traffic_signs,0.33890363574028015,2040.97998046875,1131.88720703125,2123.937255859375,1241.062255859375,2082.4586181640625,1186.4747314453125,82.957275390625,109.175048828125
IMG_0039.mp4,603,20.1201,29.97002997002997,206,2,traffic_signs,0.8228949904441833,3118.986328125,1021.7651977539062,3223.541748046875,1109.32763671875,3171.2640380859375,1065.5464172363281,104.555419921875,87.56243896484375
IMG_0039.mp4,603,20.1201,29.97002997002997,376,1,traffic_lights,0.7658122181892395,3118.439208984375,1107.53369140625,3219.74560546875,1236.445556640625,3169.0924072265625,1171.9896240234375,101.306396484375,128.911865234375
IMG_0039.mp4,604,20.153466666666667,29.97002997002997,346,1,traffic_lights,0.6970964670181274,2152.696533203125,1111.76513671875,2190.587890625,1221.938232421875,2171.6422119140625,1166.8516845703125,37.891357421875,110.173095703125
IMG_0039.mp4,604,20.153466666666667,29.97002997002997,263,1,traffic_lights,0.8930294513702393,2429.953125,668.518798828125,2491.88623046875,794.7993774414062,2460.919677734375,731.6590881347656,61.93310546875,126.28057861328125
IMG_0039.mp4,604,20.153466666666667,29.97002997002997,336,2,traffic_signs,0.7140656113624573,2044.9072265625,1143.6500244140625,2123.7568359375,1239.10546875,2084.33203125,1191.3777465820312,78.849609375,95.4554443359375
IMG_0039.mp4,604,20.153466666666667,29.97002997002997,206,2,traffic_signs,0.8113548159599304,3118.84765625,1021.5228881835938,3223.59814453125,1109.5965576171875,3171.222900390625,1065.5597229003906,104.75048828125,88.07366943359375
IMG_0039.mp4,604,20.153466666666667,29.97002997002997,376,1,traffic_lights,0.44973766803741455,3124.05126953125,1108.1903076171875,3213.033203125,1235.5919189453125,3168.542236328125,1171.89111328125,88.98193359375,127.401611328125
IMG_0039.mp4,605,20.186833333333333,29.97002997002997,263,1,traffic_lights,0.8917343020439148,2428.19140625,667.4710083007812,2492.901611328125,797.6490478515625,2460.5465087890625,732.5600280761719,64.710205078125,130.17803955078125
IMG_0039.mp4,605,20.186833333333333,29.97002997002997,206,2,traffic_signs,0.7510761022567749,3119.918701171875,1022.3187255859375,3223.21337890625,1108.4351806640625,3171.5660400390625,1065.376953125,103.294677734375,86.116455078125
IMG_0039.mp4,606,20.220200000000002,29.97002997002997,263,1,traffic_lights,0.8795995116233826,2428.21142578125,666.8941040039062,2492.961181640625,797.3689575195312,2460.5863037109375,732.1315307617188,64.749755859375,130.474853515625
IMG_0039.mp4,606,20.220200000000002,29.97002997002997,206,2,traffic_signs,0.8538708090782166,3118.32421875,1022.7308349609375,3223.9794921875,1107.4163818359375,3171.15185546875,1065.0736083984375,105.6552734375,84.685546875
IMG_0039.mp4,606,20.220200000000002,29.97002997002997,433,2,traffic_signs,0.5827071666717529,2019.7275390625,1096.856201171875,2096.24462890625,1169.995361328125,2057.986083984375,1133.42578125,76.51708984375,73.13916015625
IMG_0039.mp4,606,20.220200000000002,29.97002997002997,346,1,traffic_lights,0.845728874206543,2150.152587890625,1112.0513916015625,2190.76904296875,1221.60302734375,2170.4608154296875,1166.8272094726562,40.616455078125,109.5516357421875
IMG_0039.mp4,606,20.220200000000002,29.97002997002997,336,2,traffic_signs,0.5598545670509338,2041.372802734375,1143.3956298828125,2123.66064453125,1238.4002685546875,2082.5167236328125,1190.89794921875,82.287841796875,95.004638671875
IMG_0039.mp4,606,20.220200000000002,29.97002997002997,376,1,traffic_lights,0.8013526201248169,3119.7568359375,1106.6561279296875,3207.69970703125,1216.1912841796875,3163.728271484375,1161.4237060546875,87.94287109375,109.53515625
IMG_0039.mp4,607,20.253566666666668,29.97002997002997,263,1,traffic_lights,0.8841832280158997,2428.35302734375,666.9843139648438,2492.839111328125,797.5781860351562,2460.5960693359375,732.28125,64.486083984375,130.5938720703125
IMG_0039.mp4,607,20.253566666666668,29.97002997002997,206,2,traffic_signs,0.8161487579345703,3117.992919921875,1022.8486938476562,3223.579833984375,1108.8304443359375,3170.786376953125,1065.8395690917969,105.5869140625,85.98175048828125
IMG_0039.mp4,607,20.253566666666668,29.97002997002997,433,2,traffic_signs,0.4450301229953766,2019.6083984375,1096.7100830078125,2096.636474609375,1171.3038330078125,2058.1224365234375,1134.0069580078125,77.028076171875,74.59375
IMG_0039.mp4,607,20.253566666666668,29.97002997002997,346,1,traffic_lights,0.8408929109573364,2150.217041015625,1112.16064453125,2191.384765625,1220.9847412109375,2170.8009033203125,1166.5726928710938,41.167724609375,108.8240966796875
IMG_0039.mp4,607,20.253566666666668,29.97002997002997,336,2,traffic_signs,0.4434276521205902,2039.600341796875,1136.3218994140625,2123.326171875,1239.68115234375,2081.4632568359375,1188.0015258789062,83.725830078125,103.3592529296875
IMG_0039.mp4,607,20.253566666666668,29.97002997002997,376,1,traffic_lights,0.7277400493621826,3119.71142578125,1106.6734619140625,3205.90869140625,1228.8017578125,3162.81005859375,1167.7376098632812,86.197265625,122.1282958984375
IMG_0039.mp4,608,20.286933333333334,29.97002997002997,263,1,traffic_lights,0.8857608437538147,2427.961669921875,667.0691528320312,2492.66357421875,797.2244873046875,2460.3126220703125,732.1468200683594,64.701904296875,130.15533447265625
IMG_0039.mp4,608,20.286933333333334,29.97002997002997,206,2,traffic_signs,0.7940863370895386,3118.515869140625,1022.4965209960938,3223.2373046875,1109.526611328125,3170.8765869140625,1066.0115661621094,104.721435546875,87.03009033203125
IMG_0039.mp4,608,20.286933333333334,29.97002997002997,433,2,traffic_signs,0.42370694875717163,2019.555908203125,1096.575927734375,2096.401123046875,1171.1400146484375,2057.978515625,1133.8579711914062,76.84521484375,74.5640869140625
IMG_0039.mp4,608,20.286933333333334,29.97002997002997,346,1,traffic_lights,0.821347713470459,2150.845947265625,1112.3978271484375,2191.455322265625,1221.4969482421875,2171.150634765625,1166.9473876953125,40.609375,109.09912109375
IMG_0039.mp4,608,20.286933333333334,29.97002997002997,336,2,traffic_signs,0.36066892743110657,2039.7469482421875,1135.0418701171875,2122.875732421875,1239.6717529296875,2081.3113403320312,1187.3568115234375,83.1287841796875,104.6298828125
IMG_0039.mp4,608,20.286933333333334,29.97002997002997,376,1,traffic_lights,0.6775110960006714,3119.4267578125,1107.843017578125,3204.64404296875,1232.332763671875,3162.035400390625,1170.087890625,85.21728515625,124.48974609375
IMG_0039.mp4,609,20.3203,29.97002997002997,263,1,traffic_lights,0.8897512555122375,2428.1533203125,666.7937622070312,2492.84130859375,796.8564453125,2460.497314453125,731.8251037597656,64.68798828125,130.06268310546875
IMG_0039.mp4,609,20.3203,29.97002997002997,206,2,traffic_signs,0.8228334784507751,3119.477294921875,1022.039306640625,3223.4482421875,1109.203125,3171.4627685546875,1065.6212158203125,103.970947265625,87.163818359375
IMG_0039.mp4,609,20.3203,29.97002997002997,433,2,traffic_signs,0.38573387265205383,2019.521240234375,1096.681884765625,2096.5556640625,1171.79052734375,2058.0384521484375,1134.2362060546875,77.034423828125,75.108642578125
IMG_0039.mp4,609,20.3203,29.97002997002997,346,1,traffic_lights,0.867881178855896,2150.479248046875,1112.2755126953125,2191.304931640625,1220.48291015625,2170.89208984375,1166.3792114257812,40.82568359375,108.2073974609375
IMG_0039.mp4,609,20.3203,29.97002997002997,336,2,traffic_signs,0.29680392146110535,2039.3638916015625,1131.217041015625,2123.93505859375,1239.596923828125,2081.6494750976562,1185.406982421875,84.5711669921875,108.3798828125
IMG_0039.mp4,609,20.3203,29.97002997002997,376,1,traffic_lights,0.7604813575744629,3119.0791015625,1107.013916015625,3206.572021484375,1233.924072265625,3162.8255615234375,1170.468994140625,87.492919921875,126.91015625
IMG_0039.mp4,610,20.353666666666665,29.97002997002997,263,1,traffic_lights,0.8911167979240417,2427.849365234375,666.85009765625,2492.82275390625,796.6717529296875,2460.3360595703125,731.7609252929688,64.973388671875,129.8216552734375
IMG_0039.mp4,610,20.353666666666665,29.97002997002997,206,2,traffic_signs,0.7940647006034851,3119.426513671875,1021.7510986328125,3223.750244140625,1108.6885986328125,3171.58837890625,1065.2198486328125,104.32373046875,86.9375
IMG_0039.mp4,610,20.353666666666665,29.97002997002997,433,2,traffic_signs,0.42939770221710205,2019.70068359375,1096.93896484375,2096.072509765625,1171.213134765625,2057.8865966796875,1134.0760498046875,76.371826171875,74.274169921875
IMG_0039.mp4,610,20.353666666666665,29.97002997002997,346,1,traffic_lights,0.8372361660003662,2150.431640625,1112.210693359375,2191.440185546875,1220.4912109375,2170.9359130859375,1166.3509521484375,41.008544921875,108.280517578125
IMG_0039.mp4,610,20.353666666666665,29.97002997002997,336,2,traffic_signs,0.33653929829597473,2040.1234130859375,1134.275634765625,2124.153564453125,1239.765380859375,2082.1384887695312,1187.0205078125,84.0301513671875,105.48974609375
IMG_0039.mp4,610,20.353666666666665,29.97002997002997,376,1,traffic_lights,0.7436268329620361,3120.16748046875,1107.6051025390625,3203.184814453125,1232.9415283203125,3161.6761474609375,1170.2733154296875,83.017333984375,125.33642578125
IMG_0039.mp4,611,20.387033333333335,29.97002997002997,263,1,traffic_lights,0.8885947465896606,2427.742431640625,666.9967651367188,2492.703125,796.7130126953125,2460.2227783203125,731.8548889160156,64.960693359375,129.71624755859375
IMG_0039.mp4,611,20.387033333333335,29.97002997002997,206,2,traffic_signs,0.7936624884605408,3119.247802734375,1021.7369995117188,3223.836181640625,1108.8560791015625,3171.5419921875,1065.2965393066406,104.58837890625,87.11907958984375
IMG_0039.mp4,611,20.387033333333335,29.97002997002997,433,2,traffic_signs,0.3799477517604828,2019.760986328125,1096.9205322265625,2096.15869140625,1171.4287109375,2057.9598388671875,1134.1746215820312,76.397705078125,74.5081787109375
IMG_0039.mp4,611,20.387033333333335,29.97002997002997,346,1,traffic_lights,0.8415385484695435,2150.328125,1112.1302490234375,2191.647705078125,1221.0687255859375,2170.9879150390625,1166.5994873046875,41.319580078125,108.9384765625
IMG_0039.mp4,611,20.387033333333335,29.97002997002997,336,2,traffic_signs,0.3099157214164734,2040.404296875,1134.789794921875,2124.674072265625,1239.710693359375,2082.5391845703125,1187.250244140625,84.269775390625,104.9208984375
IMG_0039.mp4,611,20.387033333333335,29.97002997002997,376,1,traffic_lights,0.7308505773544312,3120.941650390625,1107.548583984375,3201.39404296875,1231.79638671875,3161.1678466796875,1169.6724853515625,80.452392578125,124.247802734375
IMG_0039.mp4,612,20.4204,29.97002997002997,263,1,traffic_lights,0.8899462819099426,2427.725830078125,666.823974609375,2492.785888671875,796.7005615234375,2460.255859375,731.7622680664062,65.06005859375,129.8765869140625
IMG_0039.mp4,612,20.4204,29.97002997002997,206,2,traffic_signs,0.8090419173240662,3119.235595703125,1022.140869140625,3223.722900390625,1108.5107421875,3171.479248046875,1065.3258056640625,104.4873046875,86.369873046875
IMG_0039.mp4,612,20.4204,29.97002997002997,433,2,traffic_signs,0.46318575739860535,2019.9967041015625,1096.9024658203125,2095.2783203125,1170.9267578125,2057.6375122070312,1133.9146118164062,75.2816162109375,74.0242919921875
IMG_0039.mp4,612,20.4204,29.97002997002997,346,1,traffic_lights,0.85808265209198,2150.2431640625,1112.288330078125,2191.422119140625,1221.235107421875,2170.8326416015625,1166.76171875,41.178955078125,108.94677734375
IMG_0039.mp4,612,20.4204,29.97002997002997,336,2,traffic_signs,0.4009462296962738,2042.44384765625,1139.548095703125,2124.495361328125,1239.566162109375,2083.4696044921875,1189.55712890625,82.051513671875,100.01806640625
IMG_0039.mp4,612,20.4204,29.97002997002997,376,1,traffic_lights,0.7370378375053406,3119.880859375,1107.2431640625,3205.37060546875,1233.189453125,3162.625732421875,1170.21630859375,85.48974609375,125.9462890625
IMG_0039.mp4,613,20.453766666666667,29.97002997002997,263,1,traffic_lights,0.8946813941001892,2427.946533203125,667.2842407226562,2492.589111328125,796.5468139648438,2460.267822265625,731.91552734375,64.642578125,129.2625732421875
IMG_0039.mp4,613,20.453766666666667,29.97002997002997,206,2,traffic_signs,0.7806922197341919,3118.7890625,1022.2169799804688,3223.788818359375,1108.4923095703125,3171.2889404296875,1065.3546447753906,104.999755859375,86.27532958984375
IMG_0039.mp4,613,20.453766666666667,29.97002997002997,433,2,traffic_signs,0.39775827527046204,2020.4410400390625,1097.309814453125,2095.213134765625,1170.5919189453125,2057.8270874023438,1133.9508666992188,74.7720947265625,73.2821044921875
IMG_0039.mp4,613,20.453766666666667,29.97002997002997,346,1,traffic_lights,0.8188121914863586,2150.396728515625,1112.672607421875,2191.661865234375,1220.653076171875,2171.029296875,1166.662841796875,41.26513671875,107.98046875
IMG_0039.mp4,613,20.453766666666667,29.97002997002997,336,2,traffic_signs,0.3795720636844635,2042.0233154296875,1139.1339111328125,2124.315185546875,1239.765380859375,2083.1692504882812,1189.4496459960938,82.2918701171875,100.6314697265625
IMG_0039.mp4,613,20.453766666666667,29.97002997002997,376,1,traffic_lights,0.671181857585907,3119.133056640625,1107.609619140625,3203.7177734375,1233.4600830078125,3161.4254150390625,1170.5348510742188,84.584716796875,125.8504638671875
IMG_0039.mp4,614,20.487133333333333,29.97002997002997,263,1,traffic_lights,0.8923946619033813,2427.87109375,667.112548828125,2492.4736328125,796.7976684570312,2460.17236328125,731.9551086425781,64.6025390625,129.68511962890625
IMG_0039.mp4,614,20.487133333333333,29.97002997002997,206,2,traffic_signs,0.7848446369171143,3118.667236328125,1022.1396484375,3223.654541015625,1108.6810302734375,3171.160888671875,1065.4103393554688,104.9873046875,86.5413818359375
IMG_0039.mp4,614,20.487133333333333,29.97002997002997,433,2,traffic_signs,0.38274720311164856,2020.656982421875,1097.1766357421875,2095.2001953125,1170.9599609375,2057.9285888671875,1134.0682983398438,74.543212890625,73.7833251953125
IMG_0039.mp4,614,20.487133333333333,29.97002997002997,346,1,traffic_lights,0.8198432922363281,2150.238037109375,1112.43212890625,2191.897705078125,1220.040771484375,2171.06787109375,1166.2364501953125,41.65966796875,107.608642578125
IMG_0039.mp4,614,20.487133333333333,29.97002997002997,336,2,traffic_signs,0.39590975642204285,2042.4627685546875,1140.166259765625,2124.026123046875,1239.9874267578125,2083.2444458007812,1190.0768432617188,81.5633544921875,99.8211669921875
IMG_0039.mp4,614,20.487133333333333,29.97002997002997,376,1,traffic_lights,0.7040812969207764,3119.156982421875,1107.6978759765625,3203.3603515625,1233.481201171875,3161.2586669921875,1170.5895385742188,84.203369140625,125.7833251953125
IMG_0039.mp4,615,20.520500000000002,29.97002997002997,263,1,traffic_lights,0.8933858275413513,2427.742431640625,667.36328125,2492.54150390625,797.0066528320312,2460.1419677734375,732.1849670410156,64.799072265625,129.64337158203125
IMG_0039.mp4,615,20.520500000000002,29.97002997002997,206,2,traffic_signs,0.808891236782074,3119.205078125,1021.8721313476562,3223.43408203125,1108.4298095703125,3171.319580078125,1065.1509704589844,104.22900390625,86.55767822265625
IMG_0039.mp4,615,20.520500000000002,29.97002997002997,433,2,traffic_signs,0.4551558196544647,2020.521240234375,1097.124267578125,2095.445068359375,1171.155029296875,2057.983154296875,1134.1396484375,74.923828125,74.03076171875
IMG_0039.mp4,615,20.520500000000002,29.97002997002997,346,1,traffic_lights,0.8534179925918579,2150.251708984375,1112.4866943359375,2191.23291015625,1219.8519287109375,2170.7423095703125,1166.1693115234375,40.981201171875,107.365234375
IMG_0039.mp4,615,20.520500000000002,29.97002997002997,336,2,traffic_signs,0.32152634859085083,2042.4637451171875,1139.077392578125,2123.53173828125,1240.3170166015625,2082.9977416992188,1189.6972045898438,81.0679931640625,101.2396240234375
IMG_0039.mp4,615,20.520500000000002,29.97002997002997,376,1,traffic_lights,0.7157310247421265,3119.92138671875,1107.1153564453125,3206.055908203125,1233.814697265625,3162.9886474609375,1170.4650268554688,86.134521484375,126.6993408203125
IMG_0039.mp4,616,20.553866666666668,29.97002997002997,263,1,traffic_lights,0.8896026611328125,2427.574951171875,667.385009765625,2492.56298828125,797.3285522460938,2460.0689697265625,732.3567810058594,64.988037109375,129.94354248046875
IMG_0039.mp4,616,20.553866666666668,29.97002997002997,206,2,traffic_signs,0.7874139547348022,3118.855224609375,1021.8630981445312,3223.0888671875,1108.693359375,3170.9720458984375,1065.2782287597656,104.233642578125,86.83026123046875
IMG_0039.mp4,616,20.553866666666668,29.97002997002997,433,2,traffic_signs,0.4483802616596222,2020.3314208984375,1097.0504150390625,2095.460693359375,1171.4959716796875,2057.8960571289062,1134.273193359375,75.1292724609375,74.445556640625
IMG_0039.mp4,616,20.553866666666668,29.97002997002997,346,1,traffic_lights,0.8253289461135864,2150.71923828125,1112.71826171875,2191.663818359375,1220.110107421875,2171.1915283203125,1166.4141845703125,40.944580078125,107.391845703125
IMG_0039.mp4,616,20.553866666666668,29.97002997002997,336,2,traffic_signs,0.40861988067626953,2042.6986083984375,1139.46826171875,2124.02685546875,1240.5062255859375,2083.3627319335938,1189.9872436523438,81.3282470703125,101.0379638671875
IMG_0039.mp4,616,20.553866666666668,29.97002997002997,376,1,traffic_lights,0.6281735301017761,3121.276123046875,1107.24658203125,3203.400390625,1233.4775390625,3162.3382568359375,1170.362060546875,82.124267578125,126.23095703125
IMG_0039.mp4,617,20.587233333333334,29.97002997002997,263,1,traffic_lights,0.893486499786377,2427.83984375,667.4164428710938,2492.299072265625,797.7836303710938,2460.0694580078125,732.6000366210938,64.459228515625,130.3671875
IMG_0039.mp4,617,20.587233333333334,29.97002997002997,206,2,traffic_signs,0.7972903251647949,3118.112548828125,1022.1145629882812,3222.754638671875,1109.5953369140625,3170.43359375,1065.8549499511719,104.64208984375,87.48077392578125
IMG_0039.mp4,617,20.587233333333334,29.97002997002997,433,2,traffic_signs,0.4963880181312561,2020.07080078125,1097.29052734375,2095.236572265625,1171.645751953125,2057.6536865234375,1134.4681396484375,75.165771484375,74.355224609375
IMG_0039.mp4,617,20.587233333333334,29.97002997002997,346,1,traffic_lights,0.812329888343811,2150.83203125,1112.55615234375,2191.7333984375,1220.1339111328125,2171.28271484375,1166.3450317382812,40.9013671875,107.5777587890625
IMG_0039.mp4,617,20.587233333333334,29.97002997002997,336,2,traffic_signs,0.26177629828453064,2042.9708251953125,1138.8404541015625,2124.220458984375,1240.8226318359375,2083.5956420898438,1189.83154296875,81.2496337890625,101.982177734375
IMG_0039.mp4,617,20.587233333333334,29.97002997002997,376,1,traffic_lights,0.7101652026176453,3122.60009765625,1107.7989501953125,3203.674072265625,1233.7650146484375,3163.1370849609375,1170.781982421875,81.073974609375,125.966064453125
IMG_0039.mp4,618,20.6206,29.97002997002997,263,1,traffic_lights,0.8928975462913513,2428.11767578125,667.664794921875,2492.39453125,797.6184692382812,2460.256103515625,732.6416320800781,64.27685546875,129.95367431640625
IMG_0039.mp4,618,20.6206,29.97002997002997,206,2,traffic_signs,0.7999604940414429,3118.263916015625,1022.18115234375,3222.885009765625,1110.3056640625,3170.574462890625,1066.243408203125,104.62109375,88.12451171875
IMG_0039.mp4,618,20.6206,29.97002997002997,433,2,traffic_signs,0.5769028663635254,2019.8765869140625,1097.2884521484375,2094.82275390625,1171.260498046875,2057.3496704101562,1134.2744750976562,74.9461669921875,73.9720458984375
IMG_0039.mp4,618,20.6206,29.97002997002997,346,1,traffic_lights,0.8513370752334595,2150.96142578125,1112.78173828125,2191.244384765625,1219.7149658203125,2171.1029052734375,1166.2483520507812,40.282958984375,106.9332275390625
IMG_0039.mp4,618,20.6206,29.97002997002997,336,2,traffic_signs,0.4859538972377777,2046.2518310546875,1146.39501953125,2126.31640625,1240.8955078125,2086.2841186523438,1193.645263671875,80.0645751953125,94.50048828125
IMG_0039.mp4,618,20.6206,29.97002997002997,376,1,traffic_lights,0.745875895023346,3124.152587890625,1108.001220703125,3204.483154296875,1234.031494140625,3164.31787109375,1171.016357421875,80.33056640625,126.0302734375
IMG_0039.mp4,619,20.653966666666665,29.97002997002997,263,1,traffic_lights,0.8916663527488708,2427.958984375,667.6242065429688,2492.319580078125,797.9568481445312,2460.1392822265625,732.79052734375,64.360595703125,130.3326416015625
IMG_0039.mp4,619,20.653966666666665,29.97002997002997,206,2,traffic_signs,0.7831935882568359,3118.028564453125,1022.253662109375,3222.918212890625,1110.495361328125,3170.473388671875,1066.37451171875,104.8896484375,88.24169921875
IMG_0039.mp4,619,20.653966666666665,29.97002997002997,433,2,traffic_signs,0.680963397026062,2019.7105712890625,1097.3822021484375,2094.837158203125,1171.203125,2057.2738647460938,1134.2926635742188,75.1265869140625,73.8209228515625
IMG_0039.mp4,619,20.653966666666665,29.97002997002997,346,1,traffic_lights,0.7896894216537476,2150.740966796875,1112.225341796875,2191.781494140625,1220.353759765625,2171.26123046875,1166.28955078125,41.04052734375,108.12841796875
IMG_0039.mp4,619,20.653966666666665,29.97002997002997,336,2,traffic_signs,0.3533903956413269,2047.11865234375,1150.2823486328125,2127.096435546875,1240.7545166015625,2087.1075439453125,1195.5184326171875,79.977783203125,90.47216796875
IMG_0039.mp4,619,20.653966666666665,29.97002997002997,376,1,traffic_lights,0.6910021901130676,3124.72265625,1107.92236328125,3202.8759765625,1233.9600830078125,3163.79931640625,1170.9412231445312,78.1533203125,126.0377197265625
IMG_0039.mp4,620,20.687333333333335,29.97002997002997,263,1,traffic_lights,0.8850240111351013,2427.789794921875,667.3065185546875,2492.128173828125,798.3035888671875,2459.958984375,732.8050537109375,64.33837890625,130.9970703125
IMG_0039.mp4,620,20.687333333333335,29.97002997002997,206,2,traffic_signs,0.766196608543396,3118.28662109375,1022.524169921875,3222.723388671875,1109.2532958984375,3170.5050048828125,1065.8887329101562,104.436767578125,86.7291259765625
IMG_0039.mp4,620,20.687333333333335,29.97002997002997,433,2,traffic_signs,0.6466360688209534,2019.7098388671875,1097.5679931640625,2094.657958984375,1171.078857421875,2057.1838989257812,1134.3234252929688,74.9481201171875,73.5108642578125
IMG_0039.mp4,620,20.687333333333335,29.97002997002997,346,1,traffic_lights,0.725243330001831,2150.223388671875,1112.121337890625,2191.788818359375,1220.8358154296875,2171.006103515625,1166.4785766601562,41.5654296875,108.7144775390625
IMG_0039.mp4,620,20.687333333333335,29.97002997002997,336,2,traffic_signs,0.2522149384021759,2047.701416015625,1151.100341796875,2126.98583984375,1239.814697265625,2087.3436279296875,1195.45751953125,79.284423828125,88.71435546875
IMG_0039.mp4,620,20.687333333333335,29.97002997002997,376,1,traffic_lights,0.26784631609916687,3123.77685546875,1106.9725341796875,3206.36376953125,1235.367431640625,3165.0703125,1171.1699829101562,82.5869140625,128.3948974609375
IMG_0039.mp4,621,20.7207,29.97002997002997,263,1,traffic_lights,0.8635126948356628,2427.01611328125,667.040283203125,2492.473388671875,798.7339477539062,2459.7447509765625,732.8871154785156,65.457275390625,131.69366455078125
IMG_0039.mp4,621,20.7207,29.97002997002997,206,2,traffic_signs,0.6742078065872192,3120.5625,1030.0772705078125,3223.657470703125,1106.2943115234375,3172.1099853515625,1068.185791015625,103.094970703125,76.217041015625
IMG_0039.mp4,621,20.7207,29.97002997002997,346,1,traffic_lights,0.5455753803253174,2147.871826171875,1110.93505859375,2191.89501953125,1221.3636474609375,2169.8834228515625,1166.1493530273438,44.023193359375,110.4285888671875
IMG_0039.mp4,621,20.7207,29.97002997002997,336,2,traffic_signs,0.732820987701416,2029.6165771484375,1115.296630859375,2130.74658203125,1241.9561767578125,2080.1815795898438,1178.6264038085938,101.1300048828125,126.6595458984375
IMG_0039.mp4,622,20.754066666666667,29.97002997002997,263,1,traffic_lights,0.9079999327659607,2428.463134765625,667.8986206054688,2491.9853515625,795.3334350585938,2460.2242431640625,731.6160278320312,63.522216796875,127.434814453125
IMG_0039.mp4,622,20.754066666666667,29.97002997002997,206,2,traffic_signs,0.7312392592430115,3120.0810546875,1024.2586669921875,3223.4794921875,1106.36328125,3171.7802734375,1065.3109741210938,103.3984375,82.1046142578125
IMG_0039.mp4,622,20.754066666666667,29.97002997002997,376,1,traffic_lights,0.5017983913421631,3125.900634765625,1109.2166748046875,3204.26904296875,1233.711181640625,3165.0848388671875,1171.4639282226562,78.368408203125,124.4945068359375
IMG_0039.mp4,623,20.787433333333333,29.97002997002997,263,1,traffic_lights,0.9018235802650452,2429.59228515625,667.70849609375,2492.08154296875,794.7897338867188,2460.8369140625,731.2491149902344,62.4892578125,127.08123779296875
IMG_0039.mp4,623,20.787433333333333,29.97002997002997,206,2,traffic_signs,0.7565831542015076,3119.176513671875,1022.55126953125,3223.619384765625,1108.148193359375,3171.39794921875,1065.3497314453125,104.44287109375,85.596923828125
IMG_0039.mp4,623,20.787433333333333,29.97002997002997,376,1,traffic_lights,0.757941722869873,3125.13916015625,1109.2545166015625,3202.6845703125,1232.9022216796875,3163.911865234375,1171.078369140625,77.54541015625,123.647705078125
IMG_0039.mp4,623,20.787433333333333,29.97002997002997,433,2,traffic_signs,0.5079631805419922,2021.3968505859375,1098.93017578125,2090.504638671875,1170.2802734375,2055.9507446289062,1134.605224609375,69.1077880859375,71.35009765625
IMG_0039.mp4,623,20.787433333333333,29.97002997002997,346,1,traffic_lights,0.8050621151924133,2152.380859375,1111.962890625,2191.40576171875,1222.110595703125,2171.893310546875,1167.0367431640625,39.02490234375,110.147705078125
IMG_0039.mp4,623,20.787433333333333,29.97002997002997,336,2,traffic_signs,0.5329668521881104,2043.761962890625,1142.76123046875,2125.8701171875,1238.8724365234375,2084.8160400390625,1190.8168334960938,82.108154296875,96.1112060546875
IMG_0039.mp4,624,20.820800000000002,29.97002997002997,263,1,traffic_lights,0.8917462825775146,2429.77001953125,668.0017700195312,2492.501220703125,796.008544921875,2461.1356201171875,732.0051574707031,62.731201171875,128.00677490234375
IMG_0039.mp4,624,20.820800000000002,29.97002997002997,206,2,traffic_signs,0.8129884004592896,3118.360107421875,1021.9970092773438,3223.843017578125,1109.126220703125,3171.1015625,1065.5616149902344,105.48291015625,87.12921142578125
IMG_0039.mp4,624,20.820800000000002,29.97002997002997,376,1,traffic_lights,0.6934680938720703,3122.95068359375,1107.111328125,3206.9853515625,1234.5308837890625,3164.968017578125,1170.8211059570312,84.03466796875,127.4195556640625
IMG_0039.mp4,624,20.820800000000002,29.97002997002997,433,2,traffic_signs,0.46036186814308167,2020.70458984375,1098.20751953125,2092.77294921875,1172.0789794921875,2056.73876953125,1135.1432495117188,72.068359375,73.8714599609375
IMG_0039.mp4,624,20.820800000000002,29.97002997002997,346,1,traffic_lights,0.8574246168136597,2152.25390625,1112.672607421875,2190.973876953125,1223.150146484375,2171.6138916015625,1167.911376953125,38.719970703125,110.4775390625
IMG_0039.mp4,625,20.854166666666668,29.97002997002997,263,1,traffic_lights,0.8885896801948547,2429.636962890625,667.232666015625,2492.864013671875,796.4720458984375,2461.25048828125,731.8523559570312,63.22705078125,129.2393798828125
IMG_0039.mp4,625,20.854166666666668,29.97002997002997,206,2,traffic_signs,0.7679558992385864,3117.709228515625,1021.4230346679688,3224.181396484375,1108.1861572265625,3170.9453125,1064.8045959472656,106.47216796875,86.76312255859375
IMG_0039.mp4,625,20.854166666666668,29.97002997002997,376,1,traffic_lights,0.5292503237724304,3119.900390625,1105.92578125,3212.329345703125,1233.0535888671875,3166.1148681640625,1169.4896850585938,92.428955078125,127.1278076171875
IMG_0039.mp4,625,20.854166666666668,29.97002997002997,433,2,traffic_signs,0.41871246695518494,2020.4390869140625,1097.429931640625,2093.94580078125,1172.448486328125,2057.1924438476562,1134.939208984375,73.5067138671875,75.0185546875
IMG_0039.mp4,625,20.854166666666668,29.97002997002997,346,1,traffic_lights,0.8411915898323059,2151.816650390625,1113.0836181640625,2190.981201171875,1221.901123046875,2171.39892578125,1167.4923706054688,39.16455078125,108.8175048828125
IMG_0039.mp4,625,20.854166666666668,29.97002997002997,336,2,traffic_signs,0.30847465991973877,2041.3824462890625,1134.23779296875,2124.791259765625,1238.8690185546875,2083.0868530273438,1186.5534057617188,83.4088134765625,104.6312255859375
IMG_0039.mp4,626,20.887533333333334,29.97002997002997,263,1,traffic_lights,0.8889216780662537,2429.041259765625,666.8775024414062,2493.01513671875,796.928955078125,2461.0281982421875,731.9032287597656,63.973876953125,130.05145263671875
IMG_0039.mp4,626,20.887533333333334,29.97002997002997,206,2,traffic_signs,0.6431416869163513,3116.697265625,1021.9196166992188,3221.380859375,1111.659912109375,3169.0390625,1066.7897644042969,104.68359375,89.74029541015625
IMG_0039.mp4,626,20.887533333333334,29.97002997002997,433,2,traffic_signs,0.6103278398513794,2020.270263671875,1097.4520263671875,2092.732177734375,1173.140625,2056.501220703125,1135.2963256835938,72.4619140625,75.6885986328125
IMG_0039.mp4,626,20.887533333333334,29.97002997002997,346,1,traffic_lights,0.848418653011322,2152.211181640625,1113.3565673828125,2190.6806640625,1221.89013671875,2171.4459228515625,1167.6233520507812,38.469482421875,108.5335693359375
IMG_0039.mp4,626,20.887533333333334,29.97002997002997,336,2,traffic_signs,0.6552222967147827,2045.6063232421875,1144.640869140625,2124.818603515625,1239.616455078125,2085.2124633789062,1192.128662109375,79.2122802734375,94.9755859375
IMG_0039.mp4,627,20.9209,29.97002997002997,263,1,traffic_lights,0.8860989809036255,2428.798828125,667.5931396484375,2493.41748046875,796.4967651367188,2461.108154296875,732.0449523925781,64.61865234375,128.90362548828125
IMG_0039.mp4,627,20.9209,29.97002997002997,433,2,traffic_signs,0.5802015066146851,2020.436279296875,1097.3109130859375,2093.54248046875,1172.8531494140625,2056.9893798828125,1135.08203125,73.106201171875,75.542236328125
IMG_0039.mp4,627,20.9209,29.97002997002997,346,1,traffic_lights,0.854235827922821,2151.53857421875,1112.45947265625,2190.609375,1221.3011474609375,2171.073974609375,1166.8803100585938,39.07080078125,108.8416748046875
IMG_0039.mp4,627,20.9209,29.97002997002997,376,1,traffic_lights,0.839557945728302,3108.68994140625,1104.4483642578125,3212.150390625,1235.654541015625,3160.420166015625,1170.0514526367188,103.46044921875,131.2061767578125
IMG_0039.mp4,628,20.954266666666665,29.97002997002997,263,1,traffic_lights,0.8931468725204468,2429.396728515625,668.1734619140625,2492.720703125,795.8129272460938,2461.0587158203125,731.9931945800781,63.323974609375,127.63946533203125
IMG_0039.mp4,628,20.954266666666665,29.97002997002997,433,2,traffic_signs,0.5095887184143066,2020.41064453125,1097.47998046875,2094.08837890625,1173.6522216796875,2057.24951171875,1135.5661010742188,73.677734375,76.1722412109375
IMG_0039.mp4,628,20.954266666666665,29.97002997002997,346,1,traffic_lights,0.8346146941184998,2150.802734375,1112.87158203125,2190.91455078125,1222.3123779296875,2170.858642578125,1167.5919799804688,40.11181640625,109.4407958984375
IMG_0039.mp4,628,20.954266666666665,29.97002997002997,376,1,traffic_lights,0.6728128790855408,3119.14892578125,1106.67041015625,3210.51806640625,1236.57177734375,3164.83349609375,1171.62109375,91.369140625,129.9013671875
IMG_0039.mp4,628,20.954266666666665,29.97002997002997,206,2,traffic_signs,0.8008500337600708,3118.595703125,1021.5460205078125,3223.310546875,1111.1468505859375,3170.953125,1066.346435546875,104.71484375,89.600830078125
IMG_0039.mp4,628,20.954266666666665,29.97002997002997,336,2,traffic_signs,0.36056897044181824,2043.5291748046875,1137.2813720703125,2123.8486328125,1239.5355224609375,2083.6889038085938,1188.408447265625,80.3194580078125,102.254150390625
IMG_0039.mp4,629,20.987633333333335,29.97002997002997,263,1,traffic_lights,0.8676321506500244,2430.103759765625,668.2330932617188,2492.294677734375,796.353515625,2461.19921875,732.2933044433594,62.19091796875,128.12042236328125
IMG_0039.mp4,629,20.987633333333335,29.97002997002997,433,2,traffic_signs,0.6963391900062561,2020.03564453125,1098.114013671875,2093.872314453125,1172.6287841796875,2056.9539794921875,1135.3713989257812,73.836669921875,74.5147705078125
IMG_0039.mp4,629,20.987633333333335,29.97002997002997,346,1,traffic_lights,0.6390442848205566,2150.513916015625,1112.107421875,2191.2373046875,1221.6953125,2170.8756103515625,1166.9013671875,40.723388671875,109.587890625
IMG_0039.mp4,629,20.987633333333335,29.97002997002997,376,1,traffic_lights,0.6701299548149109,3126.789306640625,1108.158447265625,3208.497314453125,1237.15087890625,3167.643310546875,1172.6546630859375,81.7080078125,128.992431640625
IMG_0039.mp4,629,20.987633333333335,29.97002997002997,206,2,traffic_signs,0.7872772812843323,3118.786376953125,1021.58544921875,3223.229736328125,1110.2264404296875,3171.008056640625,1065.9059448242188,104.443359375,88.6409912109375
IMG_0039.mp4,629,20.987633333333335,29.97002997002997,336,2,traffic_signs,0.7304674983024597,2045.551513671875,1147.3106689453125,2124.71142578125,1239.285888671875,2085.1314697265625,1193.2982788085938,79.159912109375,91.9752197265625
IMG_0039.mp4,630,21.021,29.97002997002997,263,1,traffic_lights,0.890981137752533,2429.8466796875,667.9673461914062,2493.0947265625,796.3570556640625,2461.470703125,732.1622009277344,63.248046875,128.38970947265625
IMG_0039.mp4,630,21.021,29.97002997002997,433,2,traffic_signs,0.27624985575675964,2023.46142578125,1099.1893310546875,2092.099365234375,1171.96728515625,2057.7803955078125,1135.5783081054688,68.637939453125,72.7779541015625
IMG_0039.mp4,630,21.021,29.97002997002997,346,1,traffic_lights,0.7590987682342529,2153.033203125,1111.19970703125,2192.359619140625,1224.3431396484375,2172.6964111328125,1167.7714233398438,39.326416015625,113.1434326171875
IMG_0039.mp4,630,21.021,29.97002997002997,376,1,traffic_lights,0.7664012312889099,3125.339599609375,1107.3583984375,3206.58349609375,1236.0596923828125,3165.9615478515625,1171.7090454101562,81.243896484375,128.7012939453125
IMG_0039.mp4,630,21.021,29.97002997002997,206,2,traffic_signs,0.8417086601257324,3118.54248046875,1021.5842895507812,3223.499267578125,1109.3055419921875,3171.0208740234375,1065.4449157714844,104.956787109375,87.72125244140625
IMG_0039.mp4,630,21.021,29.97002997002997,336,2,traffic_signs,0.878603994846344,2045.7088623046875,1147.7845458984375,2118.044189453125,1240.3048095703125,2081.8765258789062,1194.044677734375,72.3353271484375,92.520263671875
IMG_0039.mp4,631,21.054366666666667,29.97002997002997,263,1,traffic_lights,0.8871023058891296,2429.6162109375,667.52294921875,2493.208740234375,796.3335571289062,2461.4124755859375,731.9282531738281,63.592529296875,128.81060791015625
IMG_0039.mp4,631,21.054366666666667,29.97002997002997,433,2,traffic_signs,0.5593532919883728,2021.5382080078125,1098.408447265625,2093.747314453125,1170.460205078125,2057.6427612304688,1134.434326171875,72.2091064453125,72.0517578125
IMG_0039.mp4,631,21.054366666666667,29.97002997002997,346,1,traffic_lights,0.8420027494430542,2153.2509765625,1111.7491455078125,2191.79248046875,1225.703125,2172.521728515625,1168.7261352539062,38.54150390625,113.9539794921875
IMG_0039.mp4,631,21.054366666666667,29.97002997002997,376,1,traffic_lights,0.4714694023132324,3126.448974609375,1106.8099365234375,3204.987060546875,1235.5284423828125,3165.718017578125,1171.169189453125,78.5380859375,128.718505859375
IMG_0039.mp4,631,21.054366666666667,29.97002997002997,206,2,traffic_signs,0.7592722773551941,3118.982177734375,1021.6246948242188,3223.873046875,1108.3935546875,3171.4276123046875,1065.0091247558594,104.890869140625,86.76885986328125
IMG_0039.mp4,631,21.054366666666667,29.97002997002997,336,2,traffic_signs,0.6935840249061584,2044.5672607421875,1148.3125,2120.12646484375,1239.72119140625,2082.3468627929688,1194.016845703125,75.5592041015625,91.40869140625
IMG_0039.mp4,632,21.087733333333333,29.97002997002997,263,1,traffic_lights,0.8924368023872375,2429.72900390625,667.7859497070312,2493.072021484375,796.5076293945312,2461.4005126953125,732.1467895507812,63.343017578125,128.7216796875
IMG_0039.mp4,632,21.087733333333333,29.97002997002997,433,2,traffic_signs,0.5675246715545654,2021.115234375,1097.8956298828125,2093.989990234375,1170.90576171875,2057.5526123046875,1134.4006958007812,72.874755859375,73.0101318359375
IMG_0039.mp4,632,21.087733333333333,29.97002997002997,346,1,traffic_lights,0.8641078472137451,2153.129638671875,1111.84033203125,2191.760498046875,1225.490234375,2172.445068359375,1168.665283203125,38.630859375,113.64990234375
IMG_0039.mp4,632,21.087733333333333,29.97002997002997,376,1,traffic_lights,0.587803065776825,3125.937744140625,1107.385498046875,3207.94873046875,1235.71337890625,3166.9432373046875,1171.5494384765625,82.010986328125,128.327880859375
IMG_0039.mp4,632,21.087733333333333,29.97002997002997,206,2,traffic_signs,0.7924769520759583,3118.216552734375,1021.7185668945312,3224.25390625,1108.3023681640625,3171.2352294921875,1065.0104675292969,106.037353515625,86.58380126953125
IMG_0039.mp4,632,21.087733333333333,29.97002997002997,336,2,traffic_signs,0.4215397536754608,2045.8067626953125,1148.97705078125,2122.825439453125,1239.9573974609375,2084.3161010742188,1194.4672241210938,77.0186767578125,90.9803466796875
IMG_0039.mp4,633,21.121100000000002,29.97002997002997,263,1,traffic_lights,0.8956094980239868,2430.357421875,668.8250122070312,2492.99365234375,795.6613159179688,2461.675537109375,732.2431640625,62.63623046875,126.8363037109375
IMG_0039.mp4,633,21.121100000000002,29.97002997002997,433,2,traffic_signs,0.5203199982643127,2020.8408203125,1097.2313232421875,2094.667724609375,1171.069580078125,2057.7542724609375,1134.1504516601562,73.826904296875,73.8382568359375
IMG_0039.mp4,633,21.121100000000002,29.97002997002997,346,1,traffic_lights,0.8623188138008118,2153.591552734375,1111.566162109375,2191.271728515625,1224.4512939453125,2172.431640625,1168.0087280273438,37.68017578125,112.8851318359375
IMG_0039.mp4,633,21.121100000000002,29.97002997002997,376,1,traffic_lights,0.7829012274742126,3123.042724609375,1105.61328125,3208.50634765625,1236.06005859375,3165.7745361328125,1170.836669921875,85.463623046875,130.44677734375
IMG_0039.mp4,633,21.121100000000002,29.97002997002997,206,2,traffic_signs,0.8150445222854614,3118.144287109375,1021.5328979492188,3223.98486328125,1108.0140380859375,3171.0645751953125,1064.7734680175781,105.840576171875,86.48114013671875
IMG_0039.mp4,633,21.121100000000002,29.97002997002997,336,2,traffic_signs,0.5530421137809753,2045.311279296875,1146.550048828125,2121.844482421875,1240.1590576171875,2083.577880859375,1193.3545532226562,76.533203125,93.6090087890625
IMG_0039.mp4,634,21.154466666666668,29.97002997002997,263,1,traffic_lights,0.8961145281791687,2430.337646484375,668.6718139648438,2492.916748046875,795.883544921875,2461.627197265625,732.2776794433594,62.5791015625,127.21173095703125
IMG_0039.mp4,634,21.154466666666668,29.97002997002997,433,2,traffic_signs,0.5305614471435547,2020.8594970703125,1097.209228515625,2094.7314453125,1171.0477294921875,2057.7954711914062,1134.1284790039062,73.8719482421875,73.8385009765625
IMG_0039.mp4,634,21.154466666666668,29.97002997002997,346,1,traffic_lights,0.8719159364700317,2153.331787109375,1111.731689453125,2191.35693359375,1224.783447265625,2172.3443603515625,1168.257568359375,38.025146484375,113.0517578125
IMG_0039.mp4,634,21.154466666666668,29.97002997002997,376,1,traffic_lights,0.49317142367362976,3118.354248046875,1106.2025146484375,3210.50830078125,1234.3992919921875,3164.4312744140625,1170.3009033203125,92.154052734375,128.19677734375
IMG_0039.mp4,634,21.154466666666668,29.97002997002997,206,2,traffic_signs,0.8070181012153625,3117.767333984375,1021.8833618164062,3223.84326171875,1107.89599609375,3170.8052978515625,1064.8896789550781,106.075927734375,86.01263427734375
IMG_0039.mp4,634,21.154466666666668,29.97002997002997,336,2,traffic_signs,0.607170820236206,2045.6881103515625,1146.42724609375,2121.964111328125,1240.144775390625,2083.8261108398438,1193.2860107421875,76.2760009765625,93.717529296875
IMG_0039.mp4,635,21.187833333333334,29.97002997002997,263,1,traffic_lights,0.8939259052276611,2430.231201171875,668.3309936523438,2493.06591796875,795.998291015625,2461.6485595703125,732.1646423339844,62.834716796875,127.66729736328125
IMG_0039.mp4,635,21.187833333333334,29.97002997002997,433,2,traffic_signs,0.5121659636497498,2020.8717041015625,1096.978515625,2095.38525390625,1170.7911376953125,2058.1284790039062,1133.8848266601562,74.5135498046875,73.8126220703125
IMG_0039.mp4,635,21.187833333333334,29.97002997002997,346,1,traffic_lights,0.8662114143371582,2153.26708984375,1111.58349609375,2191.414306640625,1224.9019775390625,2172.3406982421875,1168.2427368164062,38.147216796875,113.3184814453125
IMG_0039.mp4,635,21.187833333333334,29.97002997002997,376,1,traffic_lights,0.5373368263244629,3119.17919921875,1106.1328125,3213.70947265625,1235.5435791015625,3166.4443359375,1170.8381958007812,94.5302734375,129.4107666015625
IMG_0039.mp4,635,21.187833333333334,29.97002997002997,206,2,traffic_signs,0.814149796962738,3117.66796875,1021.7957763671875,3223.888916015625,1107.99169921875,3170.7784423828125,1064.8937377929688,106.220947265625,86.1959228515625
IMG_0039.mp4,635,21.187833333333334,29.97002997002997,336,2,traffic_signs,0.5367307662963867,2045.27294921875,1145.63818359375,2122.332275390625,1240.0660400390625,2083.8026123046875,1192.8521118164062,77.059326171875,94.4278564453125
IMG_0039.mp4,636,21.2212,29.97002997002997,263,1,traffic_lights,0.8961452841758728,2430.20361328125,668.7734375,2492.998291015625,795.961669921875,2461.6009521484375,732.3675537109375,62.794677734375,127.188232421875
IMG_0039.mp4,636,21.2212,29.97002997002997,433,2,traffic_signs,0.427205353975296,2020.9202880859375,1097.037109375,2095.7783203125,1170.923828125,2058.3493041992188,1133.98046875,74.8580322265625,73.88671875
IMG_0039.mp4,636,21.2212,29.97002997002997,346,1,traffic_lights,0.8652997612953186,2153.224853515625,1112.02587890625,2191.520751953125,1223.9578857421875,2172.372802734375,1167.9918823242188,38.2958984375,111.9320068359375
IMG_0039.mp4,636,21.2212,29.97002997002997,376,1,traffic_lights,0.731608510017395,3120.838623046875,1106.2587890625,3214.37451171875,1236.2110595703125,3167.6065673828125,1171.2349243164062,93.535888671875,129.9522705078125
IMG_0039.mp4,636,21.2212,29.97002997002997,206,2,traffic_signs,0.830886960029602,3117.44384765625,1021.8848266601562,3224.116455078125,1108.0740966796875,3170.7801513671875,1064.9794616699219,106.672607421875,86.18927001953125
IMG_0039.mp4,636,21.2212,29.97002997002997,336,2,traffic_signs,0.5002486705780029,2044.5264892578125,1144.1104736328125,2122.613525390625,1240.014892578125,2083.5700073242188,1192.0626831054688,78.0870361328125,95.9044189453125
IMG_0039.mp4,637,21.254566666666665,29.97002997002997,263,1,traffic_lights,0.8974725008010864,2430.1357421875,668.3461303710938,2493.1005859375,795.9634399414062,2461.6181640625,732.15478515625,62.96484375,127.6173095703125
IMG_0039.mp4,637,21.254566666666665,29.97002997002997,433,2,traffic_signs,0.541151225566864,2020.5528564453125,1097.0517578125,2095.453369140625,1170.71484375,2058.0031127929688,1133.88330078125,74.9005126953125,73.6630859375
IMG_0039.mp4,637,21.254566666666665,29.97002997002997,346,1,traffic_lights,0.8607863783836365,2153.10498046875,1111.7989501953125,2191.7451171875,1223.688720703125,2172.425048828125,1167.7438354492188,38.64013671875,111.8897705078125
IMG_0039.mp4,637,21.254566666666665,29.97002997002997,376,1,traffic_lights,0.6146160364151001,3119.786376953125,1105.8919677734375,3209.494873046875,1236.8155517578125,3164.640625,1171.353759765625,89.70849609375,130.923583984375
IMG_0039.mp4,637,21.254566666666665,29.97002997002997,206,2,traffic_signs,0.8183367252349854,3117.27392578125,1021.7299194335938,3223.783203125,1108.6373291015625,3170.528564453125,1065.1836242675781,106.50927734375,86.90740966796875
IMG_0039.mp4,637,21.254566666666665,29.97002997002997,336,2,traffic_signs,0.6465432643890381,2044.4365234375,1145.4432373046875,2122.090576171875,1239.64697265625,2083.2635498046875,1192.5451049804688,77.654052734375,94.2037353515625
IMG_0039.mp4,638,21.287933333333335,29.97002997002997,263,1,traffic_lights,0.8925573229789734,2429.687744140625,667.5194702148438,2493.2138671875,796.0703735351562,2461.4508056640625,731.794921875,63.526123046875,128.5509033203125
IMG_0039.mp4,638,21.287933333333335,29.97002997002997,433,2,traffic_signs,0.38510677218437195,2029.986572265625,1098.911865234375,2092.63232421875,1167.7767333984375,2061.3094482421875,1133.3442993164062,62.645751953125,68.8648681640625
IMG_0039.mp4,638,21.287933333333335,29.97002997002997,346,1,traffic_lights,0.847165048122406,2152.533447265625,1112.0513916015625,2191.888427734375,1223.701904296875,2172.2109375,1167.8766479492188,39.35498046875,111.6505126953125
IMG_0039.mp4,638,21.287933333333335,29.97002997002997,376,1,traffic_lights,0.42536208033561707,3125.509765625,1106.4388427734375,3204.308837890625,1235.2010498046875,3164.9093017578125,1170.8199462890625,78.799072265625,128.76220703125
IMG_0039.mp4,638,21.287933333333335,29.97002997002997,206,2,traffic_signs,0.8176886439323425,3118.2392578125,1021.6342163085938,3223.64404296875,1109.210693359375,3170.941650390625,1065.4224548339844,105.40478515625,87.57647705078125
IMG_0039.mp4,638,21.287933333333335,29.97002997002997,336,2,traffic_signs,0.7464026212692261,2059.489013671875,1149.4822998046875,2126.42138671875,1240.42919921875,2092.9552001953125,1194.9557495117188,66.932373046875,90.9468994140625
IMG_0039.mp4,639,21.3213,29.97002997002997,263,1,traffic_lights,0.8925621509552002,2430.170654296875,669.0398559570312,2492.819580078125,795.3433837890625,2461.4951171875,732.1916198730469,62.64892578125,126.30352783203125
IMG_0039.mp4,639,21.3213,29.97002997002997,346,1,traffic_lights,0.7708293795585632,2152.94482421875,1111.9154052734375,2192.181640625,1222.3907470703125,2172.563232421875,1167.153076171875,39.23681640625,110.475341796875
IMG_0039.mp4,639,21.3213,29.97002997002997,376,1,traffic_lights,0.6491332650184631,3129.348876953125,1108.6849365234375,3205.48193359375,1236.156494140625,3167.4154052734375,1172.4207153320312,76.133056640625,127.4715576171875
IMG_0039.mp4,639,21.3213,29.97002997002997,206,2,traffic_signs,0.8349406719207764,3118.375732421875,1021.8065795898438,3223.43896484375,1109.7174072265625,3170.9073486328125,1065.7619934082031,105.063232421875,87.91082763671875
IMG_0039.mp4,640,21.354666666666667,29.97002997002997,346,1,traffic_lights,0.8554643988609314,2153.91357421875,1112.50634765625,2191.56884765625,1224.041259765625,2172.7412109375,1168.2738037109375,37.6552734375,111.534912109375
IMG_0039.mp4,640,21.354666666666667,29.97002997002997,376,1,traffic_lights,0.33732378482818604,3132.424072265625,1108.7890625,3205.434326171875,1236.3447265625,3168.92919921875,1172.56689453125,73.01025390625,127.5556640625
IMG_0039.mp4,640,21.354666666666667,29.97002997002997,206,2,traffic_signs,0.7970893979072571,3118.61962890625,1021.8159790039062,3222.90234375,1110.5047607421875,3170.760986328125,1066.1603698730469,104.28271484375,88.68878173828125
IMG_0039.mp4,640,21.354666666666667,29.97002997002997,433,2,traffic_signs,0.5286011099815369,2023.1119384765625,1099.0457763671875,2093.755859375,1169.1834716796875,2058.4338989257812,1134.1146240234375,70.6439208984375,70.1376953125
IMG_0039.mp4,640,21.354666666666667,29.97002997002997,336,2,traffic_signs,0.7445859909057617,2050.7978515625,1152.3314208984375,2125.39306640625,1240.058837890625,2088.095458984375,1196.1951293945312,74.59521484375,87.7274169921875
IMG_0039.mp4,641,21.388033333333333,29.97002997002997,346,1,traffic_lights,0.867861270904541,2153.14990234375,1112.05322265625,2191.28515625,1224.0494384765625,2172.217529296875,1168.0513305664062,38.13525390625,111.9962158203125
IMG_0039.mp4,641,21.388033333333333,29.97002997002997,376,1,traffic_lights,0.3726637065410614,3134.976318359375,1109.2774658203125,3205.24462890625,1237.8665771484375,3170.1104736328125,1173.572021484375,70.268310546875,128.589111328125
IMG_0039.mp4,641,21.388033333333333,29.97002997002997,206,2,traffic_signs,0.7807477116584778,3118.196044921875,1022.451416015625,3222.86474609375,1111.0521240234375,3170.5303955078125,1066.7517700195312,104.668701171875,88.6007080078125
IMG_0039.mp4,641,21.388033333333333,29.97002997002997,263,1,traffic_lights,0.8885282874107361,2429.813232421875,669.1444702148438,2492.369873046875,796.3070678710938,2461.091552734375,732.7257690429688,62.556640625,127.16259765625
IMG_0039.mp4,642,21.421400000000002,29.97002997002997,346,1,traffic_lights,0.8758811354637146,2153.013427734375,1112.0076904296875,2191.248779296875,1224.2130126953125,2172.131103515625,1168.1103515625,38.2353515625,112.205322265625
IMG_0039.mp4,642,21.421400000000002,29.97002997002997,206,2,traffic_signs,0.41391539573669434,3118.691650390625,1024.1302490234375,3200.458740234375,1101.396484375,3159.5751953125,1062.7633666992188,81.76708984375,77.2662353515625
IMG_0039.mp4,642,21.421400000000002,29.97002997002997,263,1,traffic_lights,0.8872872591018677,2429.6396484375,669.2643432617188,2492.605224609375,796.599853515625,2461.1224365234375,732.9320983886719,62.965576171875,127.33551025390625
IMG_0039.mp4,642,21.421400000000002,29.97002997002997,433,2,traffic_signs,0.36641281843185425,2020.709228515625,1097.5909423828125,2095.33349609375,1170.5975341796875,2058.0213623046875,1134.09423828125,74.624267578125,73.006591796875
IMG_0039.mp4,642,21.421400000000002,29.97002997002997,336,2,traffic_signs,0.2629746198654175,2045.75439453125,1144.1524658203125,2125.112060546875,1239.938232421875,2085.4332275390625,1192.0453491210938,79.357666015625,95.7857666015625
IMG_0039.mp4,643,21.454766666666668,29.97002997002997,346,1,traffic_lights,0.8647814393043518,2152.61865234375,1111.8507080078125,2191.447509765625,1223.84326171875,2172.0330810546875,1167.8469848632812,38.828857421875,111.9925537109375
IMG_0039.mp4,643,21.454766666666668,29.97002997002997,206,2,traffic_signs,0.838030993938446,3118.4619140625,1023.6075439453125,3216.18212890625,1106.7037353515625,3167.322021484375,1065.1556396484375,97.72021484375,83.09619140625
IMG_0039.mp4,643,21.454766666666668,29.97002997002997,263,1,traffic_lights,0.8880171775817871,2429.63671875,669.042236328125,2492.5380859375,797.0889282226562,2461.08740234375,733.0655822753906,62.9013671875,128.04669189453125
IMG_0039.mp4,643,21.454766666666668,29.97002997002997,433,2,traffic_signs,0.3344939947128296,2019.9041748046875,1097.529052734375,2095.851318359375,1171.979248046875,2057.8777465820312,1134.754150390625,75.9471435546875,74.4501953125
IMG_0039.mp4,644,21.488133333333334,29.97002997002997,346,1,traffic_lights,0.8544822931289673,2152.636474609375,1112.00927734375,2191.479248046875,1223.3321533203125,2172.057861328125,1167.6707153320312,38.8427734375,111.3228759765625
IMG_0039.mp4,644,21.488133333333334,29.97002997002997,206,2,traffic_signs,0.8333995342254639,3118.405029296875,1023.1359252929688,3220.6708984375,1109.0614013671875,3169.5379638671875,1066.0986633300781,102.265869140625,85.92547607421875
IMG_0039.mp4,644,21.488133333333334,29.97002997002997,263,1,traffic_lights,0.8832179307937622,2429.75634765625,668.750732421875,2492.517333984375,797.5284423828125,2461.1368408203125,733.1395874023438,62.760986328125,128.7777099609375
IMG_0039.mp4,645,21.5215,29.97002997002997,346,1,traffic_lights,0.8596752285957336,2151.9619140625,1111.7440185546875,2191.31298828125,1222.755126953125,2171.637451171875,1167.2495727539062,39.35107421875,111.0111083984375
IMG_0039.mp4,645,21.5215,29.97002997002997,206,2,traffic_signs,0.848084568977356,3118.3271484375,1023.0828857421875,3222.825439453125,1110.0018310546875,3170.5762939453125,1066.5423583984375,104.498291015625,86.9189453125
IMG_0039.mp4,645,21.5215,29.97002997002997,263,1,traffic_lights,0.8878014087677002,2429.8603515625,668.9928588867188,2492.801025390625,796.849609375,2461.3306884765625,732.9212341308594,62.940673828125,127.85675048828125
IMG_0039.mp4,645,21.5215,29.97002997002997,376,1,traffic_lights,0.677919328212738,3122.57373046875,1106.7296142578125,3206.670654296875,1234.6435546875,3164.6221923828125,1170.6865844726562,84.096923828125,127.9139404296875
IMG_0039.mp4,645,21.5215,29.97002997002997,336,2,traffic_signs,0.5754880309104919,2026.344970703125,1104.0238037109375,2128.7392578125,1241.958251953125,2077.5421142578125,1172.9910278320312,102.394287109375,137.9344482421875
IMG_0039.mp4,646,21.554866666666666,29.97002997002997,346,1,traffic_lights,0.8417030572891235,2151.928955078125,1111.4559326171875,2191.355224609375,1222.52685546875,2171.64208984375,1166.9913940429688,39.42626953125,111.0709228515625
IMG_0039.mp4,646,21.554866666666666,29.97002997002997,206,2,traffic_signs,0.8320420384407043,3117.933349609375,1022.7740478515625,3223.755859375,1109.7208251953125,3170.8446044921875,1066.2474365234375,105.822509765625,86.94677734375
IMG_0039.mp4,646,21.554866666666666,29.97002997002997,263,1,traffic_lights,0.8840065002441406,2429.719970703125,668.2073364257812,2493.08251953125,796.998779296875,2461.4012451171875,732.6030578613281,63.362548828125,128.79144287109375
IMG_0039.mp4,646,21.554866666666666,29.97002997002997,336,2,traffic_signs,0.6054832935333252,2023.3031005859375,1097.9136962890625,2128.918701171875,1242.02392578125,2076.1109008789062,1169.9688110351562,105.6156005859375,144.1102294921875
IMG_0039.mp4,647,21.588233333333335,29.97002997002997,346,1,traffic_lights,0.814614474773407,2153.4794921875,1112.48291015625,2190.90673828125,1223.1181640625,2172.193115234375,1167.800537109375,37.42724609375,110.63525390625
IMG_0039.mp4,647,21.588233333333335,29.97002997002997,206,2,traffic_signs,0.8101158142089844,3117.66357421875,1022.2296752929688,3223.787841796875,1109.9296875,3170.7257080078125,1066.0796813964844,106.124267578125,87.70001220703125
IMG_0039.mp4,647,21.588233333333335,29.97002997002997,376,1,traffic_lights,0.3018507957458496,3122.3212890625,1107.4417724609375,3205.520263671875,1235.621337890625,3163.9207763671875,1171.5315551757812,83.198974609375,128.1795654296875
IMG_0039.mp4,648,21.6216,29.97002997002997,376,1,traffic_lights,0.735264778137207,3118.82568359375,1109.787109375,3203.500244140625,1229.357666015625,3161.1629638671875,1169.5723876953125,84.674560546875,119.570556640625
IMG_0039.mp4,648,21.6216,29.97002997002997,263,1,traffic_lights,0.8782784938812256,2427.751708984375,667.6973876953125,2494.24609375,797.2264404296875,2460.9989013671875,732.4619140625,66.494384765625,129.529052734375
IMG_0039.mp4,649,21.654966666666667,29.97002997002997,376,1,traffic_lights,0.4934329092502594,3117.814208984375,1106.7967529296875,3208.858154296875,1233.5784912109375,3163.336181640625,1170.1876220703125,91.0439453125,126.78173828125
IMG_0039.mp4,649,21.654966666666667,29.97002997002997,263,1,traffic_lights,0.8836121559143066,2428.30419921875,667.6015014648438,2493.91845703125,797.7947387695312,2461.111328125,732.6981201171875,65.6142578125,130.1932373046875
IMG_0039.mp4,649,21.654966666666667,29.97002997002997,433,2,traffic_signs,0.3012309670448303,2020.509765625,1097.56591796875,2096.0791015625,1172.9755859375,2058.29443359375,1135.270751953125,75.5693359375,75.40966796875
IMG_0039.mp4,649,21.654966666666667,29.97002997002997,336,2,traffic_signs,0.3864613175392151,2036.0400390625,1122.5128173828125,2125.95458984375,1239.584228515625,2080.997314453125,1181.0485229492188,89.91455078125,117.0714111328125
IMG_0039.mp4,649,21.654966666666667,29.97002997002997,346,1,traffic_lights,0.8341013193130493,2151.094482421875,1112.4864501953125,2192.403564453125,1224.4071044921875,2171.7490234375,1168.44677734375,41.30908203125,111.920654296875
IMG_0039.mp4,649,21.654966666666667,29.97002997002997,206,2,traffic_signs,0.7940303087234497,3118.490234375,1023.754638671875,3224.232421875,1108.99755859375,3171.361328125,1066.3760986328125,105.7421875,85.242919921875
IMG_0039.mp4,650,21.688333333333333,29.97002997002997,376,1,traffic_lights,0.740945041179657,3118.919189453125,1106.681884765625,3206.223876953125,1234.2054443359375,3162.571533203125,1170.4436645507812,87.3046875,127.5235595703125
IMG_0039.mp4,650,21.688333333333333,29.97002997002997,263,1,traffic_lights,0.8788506984710693,2428.34619140625,666.8899536132812,2493.73291015625,797.7886352539062,2461.03955078125,732.3392944335938,65.38671875,130.898681640625
IMG_0039.mp4,650,21.688333333333333,29.97002997002997,336,2,traffic_signs,0.26618120074272156,2037.6180419921875,1123.3731689453125,2126.45703125,1239.272705078125,2082.0375366210938,1181.3229370117188,88.8389892578125,115.8995361328125
IMG_0039.mp4,650,21.688333333333333,29.97002997002997,346,1,traffic_lights,0.8556678295135498,2150.948974609375,1112.349609375,2192.322998046875,1223.7022705078125,2171.635986328125,1168.0259399414062,41.3740234375,111.3526611328125
IMG_0039.mp4,650,21.688333333333333,29.97002997002997,206,2,traffic_signs,0.8163836598396301,3118.57763671875,1023.5734252929688,3223.837646484375,1109.4752197265625,3171.2076416015625,1066.5243225097656,105.260009765625,85.90179443359375
IMG_0039.mp4,651,21.721700000000002,29.97002997002997,376,1,traffic_lights,0.7786716818809509,3119.30517578125,1106.686279296875,3205.089599609375,1235.7158203125,3162.1973876953125,1171.2010498046875,85.784423828125,129.029541015625
IMG_0039.mp4,651,21.721700000000002,29.97002997002997,263,1,traffic_lights,0.8915685415267944,2428.740478515625,667.79931640625,2493.482421875,797.4835205078125,2461.1114501953125,732.6414184570312,64.741943359375,129.6842041015625
IMG_0039.mp4,651,21.721700000000002,29.97002997002997,336,2,traffic_signs,0.2904841899871826,2037.8438720703125,1122.4774169921875,2126.528076171875,1239.1900634765625,2082.1859741210938,1180.833740234375,88.6842041015625,116.712646484375
IMG_0039.mp4,651,21.721700000000002,29.97002997002997,346,1,traffic_lights,0.8526248335838318,2150.671630859375,1112.5067138671875,2192.064453125,1223.205810546875,2171.3680419921875,1167.8562622070312,41.392822265625,110.6990966796875
IMG_0039.mp4,651,21.721700000000002,29.97002997002997,206,2,traffic_signs,0.8261272311210632,3118.81103515625,1023.7621459960938,3223.802734375,1109.46923828125,3171.306884765625,1066.6156921386719,104.99169921875,85.70709228515625
IMG_0039.mp4,652,21.755066666666668,29.97002997002997,376,1,traffic_lights,0.6554038524627686,3118.59033203125,1106.5997314453125,3201.951904296875,1234.17919921875,3160.2711181640625,1170.3894653320312,83.361572265625,127.5794677734375
IMG_0039.mp4,652,21.755066666666668,29.97002997002997,263,1,traffic_lights,0.8852805495262146,2428.428466796875,667.3836669921875,2493.419921875,797.6971435546875,2460.9241943359375,732.5404052734375,64.991455078125,130.3134765625
IMG_0039.mp4,652,21.755066666666668,29.97002997002997,336,2,traffic_signs,0.2776604890823364,2035.907470703125,1117.4200439453125,2126.79345703125,1239.260986328125,2081.3504638671875,1178.3405151367188,90.885986328125,121.8409423828125
IMG_0039.mp4,652,21.755066666666668,29.97002997002997,346,1,traffic_lights,0.8480035662651062,2150.15087890625,1112.1319580078125,2192.355224609375,1223.3477783203125,2171.2530517578125,1167.7398681640625,42.204345703125,111.2158203125
IMG_0039.mp4,652,21.755066666666668,29.97002997002997,206,2,traffic_signs,0.8003575801849365,3118.9296875,1023.6539306640625,3223.598388671875,1109.4747314453125,3171.2640380859375,1066.5643310546875,104.668701171875,85.82080078125
IMG_0039.mp4,653,21.788433333333334,29.97002997002997,376,1,traffic_lights,0.7641655802726746,3118.67138671875,1106.8060302734375,3203.533447265625,1235.015625,3161.1024169921875,1170.9108276367188,84.862060546875,128.2095947265625
IMG_0039.mp4,653,21.788433333333334,29.97002997002997,263,1,traffic_lights,0.8797085881233215,2428.250732421875,667.1710815429688,2493.388427734375,797.6358642578125,2460.819580078125,732.4034729003906,65.1376953125,130.46478271484375
IMG_0039.mp4,653,21.788433333333334,29.97002997002997,336,2,traffic_signs,0.28534170985221863,2035.80126953125,1116.22412109375,2127.068115234375,1239.4527587890625,2081.4346923828125,1177.8384399414062,91.266845703125,123.2286376953125
IMG_0039.mp4,653,21.788433333333334,29.97002997002997,346,1,traffic_lights,0.8589000701904297,2150.24462890625,1112.4542236328125,2192.073974609375,1223.0791015625,2171.1593017578125,1167.7666625976562,41.829345703125,110.6248779296875
IMG_0039.mp4,653,21.788433333333334,29.97002997002997,206,2,traffic_signs,0.8093775510787964,3118.164306640625,1023.3638916015625,3223.80810546875,1109.15478515625,3170.9862060546875,1066.2593383789062,105.643798828125,85.7908935546875
IMG_0039.mp4,654,21.8218,29.97002997002997,376,1,traffic_lights,0.7623425126075745,3119.62744140625,1107.1253662109375,3203.696044921875,1235.2080078125,3161.6617431640625,1171.1666870117188,84.068603515625,128.0826416015625
IMG_0039.mp4,654,21.8218,29.97002997002997,263,1,traffic_lights,0.8803838491439819,2428.612060546875,667.4299926757812,2493.46435546875,797.16796875,2461.0382080078125,732.2989807128906,64.852294921875,129.73797607421875
IMG_0039.mp4,654,21.8218,29.97002997002997,336,2,traffic_signs,0.298650860786438,2036.6097412109375,1117.774658203125,2127.330078125,1239.558837890625,2081.9699096679688,1178.666748046875,90.7203369140625,121.7841796875
IMG_0039.mp4,654,21.8218,29.97002997002997,346,1,traffic_lights,0.8629724383354187,2150.394287109375,1112.62744140625,2191.84619140625,1222.6400146484375,2171.1202392578125,1167.6337280273438,41.451904296875,110.0125732421875
IMG_0039.mp4,654,21.8218,29.97002997002997,206,2,traffic_signs,0.7990005016326904,3118.119384765625,1022.832275390625,3224.108154296875,1109.1671142578125,3171.11376953125,1065.9996948242188,105.98876953125,86.3348388671875
IMG_0039.mp4,655,21.855166666666666,29.97002997002997,376,1,traffic_lights,0.5720390677452087,3118.802978515625,1107.527587890625,3201.647705078125,1234.8074951171875,3160.225341796875,1171.1675415039062,82.8447265625,127.2799072265625
IMG_0039.mp4,655,21.855166666666666,29.97002997002997,263,1,traffic_lights,0.8830150961875916,2428.54248046875,667.1159057617188,2493.397216796875,797.4252319335938,2460.9698486328125,732.2705688476562,64.854736328125,130.309326171875
IMG_0039.mp4,655,21.855166666666666,29.97002997002997,336,2,traffic_signs,0.3110317885875702,2037.262451171875,1120.232666015625,2126.774658203125,1239.876220703125,2082.0185546875,1180.054443359375,89.51220703125,119.6435546875
IMG_0039.mp4,655,21.855166666666666,29.97002997002997,346,1,traffic_lights,0.8477205634117126,2150.556396484375,1112.7230224609375,2192.121826171875,1222.168701171875,2171.339111328125,1167.4458618164062,41.5654296875,109.4456787109375
IMG_0039.mp4,655,21.855166666666666,29.97002997002997,206,2,traffic_signs,0.7755025625228882,3118.31787109375,1023.2767333984375,3224.1328125,1109.5467529296875,3171.225341796875,1066.4117431640625,105.81494140625,86.27001953125
IMG_0039.mp4,656,21.888533333333335,29.97002997002997,376,1,traffic_lights,0.5406301617622375,3120.5478515625,1107.2327880859375,3202.783935546875,1235.363525390625,3161.6658935546875,1171.2981567382812,82.236083984375,128.1307373046875
IMG_0039.mp4,656,21.888533333333335,29.97002997002997,263,1,traffic_lights,0.8867471218109131,2428.419677734375,666.7274169921875,2493.44384765625,797.0072631835938,2460.9317626953125,731.8673400878906,65.024169921875,130.27984619140625
IMG_0039.mp4,656,21.888533333333335,29.97002997002997,336,2,traffic_signs,0.2834394872188568,2037.9921875,1122.3529052734375,2126.974609375,1239.9010009765625,2082.4833984375,1181.126953125,88.982421875,117.548095703125
IMG_0039.mp4,656,21.888533333333335,29.97002997002997,346,1,traffic_lights,0.8324838280677795,2152.115478515625,1112.5667724609375,2191.521240234375,1223.19677734375,2171.818359375,1167.8817749023438,39.40576171875,110.6300048828125
IMG_0039.mp4,656,21.888533333333335,29.97002997002997,206,2,traffic_signs,0.7906149625778198,3118.630859375,1022.9552612304688,3224.117431640625,1108.9222412109375,3171.3741455078125,1065.9387512207031,105.486572265625,85.96697998046875
IMG_0039.mp4,657,21.9219,29.97002997002997,376,1,traffic_lights,0.5179866552352905,3120.36474609375,1107.323974609375,3204.96826171875,1236.9951171875,3162.66650390625,1172.1595458984375,84.603515625,129.671142578125
IMG_0039.mp4,657,21.9219,29.97002997002997,263,1,traffic_lights,0.8875859975814819,2428.763671875,667.4913940429688,2493.424560546875,796.921142578125,2461.0941162109375,732.2062683105469,64.660888671875,129.42974853515625
IMG_0039.mp4,657,21.9219,29.97002997002997,336,2,traffic_signs,0.3281010389328003,2039.9254150390625,1128.492919921875,2126.589111328125,1239.90478515625,2083.2572631835938,1184.1988525390625,86.6636962890625,111.411865234375
IMG_0039.mp4,657,21.9219,29.97002997002997,346,1,traffic_lights,0.8619469404220581,2151.225830078125,1112.2557373046875,2191.625244140625,1222.5118408203125,2171.425537109375,1167.3837890625,40.3994140625,110.256103515625
IMG_0039.mp4,657,21.9219,29.97002997002997,206,2,traffic_signs,0.7848713994026184,3119.2294921875,1022.2840576171875,3223.8662109375,1109.273681640625,3171.5478515625,1065.7788696289062,104.63671875,86.9896240234375
IMG_0039.mp4,657,21.9219,29.97002997002997,433,2,traffic_signs,0.3020719885826111,2020.7520751953125,1097.4986572265625,2095.624267578125,1173.3326416015625,2058.1881713867188,1135.4156494140625,74.8721923828125,75.833984375
IMG_0039.mp4,658,21.955266666666667,29.97002997002997,376,1,traffic_lights,0.4451337456703186,3120.023193359375,1106.706787109375,3202.806396484375,1236.0660400390625,3161.414794921875,1171.3864135742188,82.783203125,129.3592529296875
IMG_0039.mp4,658,21.955266666666667,29.97002997002997,263,1,traffic_lights,0.887087881565094,2428.828369140625,667.2340698242188,2493.50244140625,797.0570068359375,2461.1654052734375,732.1455383300781,64.674072265625,129.82293701171875
IMG_0039.mp4,658,21.955266666666667,29.97002997002997,336,2,traffic_signs,0.37182924151420593,2041.03466796875,1134.1976318359375,2125.875732421875,1239.491455078125,2083.4552001953125,1186.8445434570312,84.841064453125,105.2938232421875
IMG_0039.mp4,658,21.955266666666667,29.97002997002997,346,1,traffic_lights,0.8442013263702393,2151.021240234375,1111.47607421875,2192.107421875,1222.1077880859375,2171.5643310546875,1166.7919311523438,41.086181640625,110.6317138671875
IMG_0039.mp4,658,21.955266666666667,29.97002997002997,206,2,traffic_signs,0.7474897503852844,3119.190673828125,1021.9874877929688,3223.775390625,1109.09326171875,3171.4830322265625,1065.5403747558594,104.584716796875,87.10577392578125
IMG_0039.mp4,658,21.955266666666667,29.97002997002997,433,2,traffic_signs,0.3494696617126465,2020.9072265625,1097.4588623046875,2095.5390625,1172.607666015625,2058.22314453125,1135.0332641601562,74.6318359375,75.1488037109375
IMG_0039.mp4,659,21.988633333333333,29.97002997002997,376,1,traffic_lights,0.6814962029457092,3120.208251953125,1106.3785400390625,3203.7978515625,1237.3592529296875,3162.0030517578125,1171.868896484375,83.589599609375,130.980712890625
IMG_0039.mp4,659,21.988633333333333,29.97002997002997,263,1,traffic_lights,0.8903290033340454,2428.56201171875,666.5352172851562,2493.351806640625,797.5480346679688,2460.9569091796875,732.0416259765625,64.789794921875,131.0128173828125
IMG_0039.mp4,659,21.988633333333333,29.97002997002997,336,2,traffic_signs,0.329769104719162,2042.1365966796875,1137.1925048828125,2125.249267578125,1239.3717041015625,2083.6929321289062,1188.2821044921875,83.1126708984375,102.17919921875
IMG_0039.mp4,659,21.988633333333333,29.97002997002997,346,1,traffic_lights,0.8496224284172058,2151.11767578125,1112.115478515625,2191.626953125,1221.4134521484375,2171.372314453125,1166.7644653320312,40.50927734375,109.2979736328125
IMG_0039.mp4,659,21.988633333333333,29.97002997002997,206,2,traffic_signs,0.7932316064834595,3118.643310546875,1021.8986206054688,3223.914306640625,1109.189208984375,3171.27880859375,1065.5439147949219,105.27099609375,87.29058837890625
IMG_0039.mp4,659,21.988633333333333,29.97002997002997,433,2,traffic_signs,0.3747122883796692,2021.1219482421875,1097.8177490234375,2094.74365234375,1171.70263671875,2057.9328002929688,1134.7601928710938,73.6217041015625,73.8848876953125
IMG_0039.mp4,660,22.022000000000002,29.97002997002997,376,1,traffic_lights,0.6188371181488037,3121.019775390625,1106.9503173828125,3203.053955078125,1236.9954833984375,3162.036865234375,1171.972900390625,82.0341796875,130.045166015625
IMG_0039.mp4,660,22.022000000000002,29.97002997002997,263,1,traffic_lights,0.8890302777290344,2428.5009765625,667.0198364257812,2493.134765625,797.5021362304688,2460.81787109375,732.260986328125,64.6337890625,130.4822998046875
IMG_0039.mp4,660,22.022000000000002,29.97002997002997,346,1,traffic_lights,0.8576978445053101,2150.867919921875,1112.090087890625,2191.39599609375,1221.1182861328125,2171.1319580078125,1166.6041870117188,40.528076171875,109.0281982421875
IMG_0039.mp4,660,22.022000000000002,29.97002997002997,206,2,traffic_signs,0.7828274369239807,3118.45751953125,1021.6629638671875,3223.822021484375,1109.299072265625,3171.1397705078125,1065.4810180664062,105.364501953125,87.6361083984375
IMG_0039.mp4,660,22.022000000000002,29.97002997002997,433,2,traffic_signs,0.4032505750656128,2020.9906005859375,1097.913818359375,2093.73095703125,1171.4683837890625,2057.3607788085938,1134.6911010742188,72.7403564453125,73.5545654296875
IMG_0039.mp4,661,22.055366666666668,29.97002997002997,376,1,traffic_lights,0.31853556632995605,3121.411376953125,1108.1636962890625,3200.8359375,1235.1240234375,3161.1236572265625,1171.6438598632812,79.424560546875,126.9603271484375
IMG_0039.mp4,661,22.055366666666668,29.97002997002997,263,1,traffic_lights,0.8897660970687866,2428.662841796875,667.0596923828125,2492.966796875,797.7969360351562,2460.8148193359375,732.4283142089844,64.303955078125,130.73724365234375
IMG_0039.mp4,661,22.055366666666668,29.97002997002997,346,1,traffic_lights,0.834332287311554,2150.516845703125,1111.8880615234375,2191.66748046875,1220.9637451171875,2171.0921630859375,1166.4259033203125,41.150634765625,109.07568359375
IMG_0039.mp4,661,22.055366666666668,29.97002997002997,206,2,traffic_signs,0.8072283267974854,3118.9755859375,1021.9561767578125,3223.54443359375,1110.54248046875,3171.260009765625,1066.2493286132812,104.56884765625,88.5863037109375
IMG_0039.mp4,661,22.055366666666668,29.97002997002997,433,2,traffic_signs,0.394150972366333,2020.89013671875,1097.8758544921875,2093.880859375,1171.7657470703125,2057.385498046875,1134.82080078125,72.99072265625,73.889892578125
IMG_0039.mp4,661,22.055366666666668,29.97002997002997,336,2,traffic_signs,0.30398398637771606,2042.427001953125,1137.1109619140625,2124.029296875,1239.482666015625,2083.2281494140625,1188.2968139648438,81.602294921875,102.3717041015625
IMG_0039.mp4,662,22.088733333333334,29.97002997002997,376,1,traffic_lights,0.6011068224906921,3121.692138671875,1107.74169921875,3203.46630859375,1236.433837890625,3162.5792236328125,1172.0877685546875,81.774169921875,128.692138671875
IMG_0039.mp4,662,22.088733333333334,29.97002997002997,263,1,traffic_lights,0.8898922801017761,2428.769775390625,667.0987548828125,2492.906982421875,797.847412109375,2460.83837890625,732.4730834960938,64.13720703125,130.7486572265625
IMG_0039.mp4,662,22.088733333333334,29.97002997002997,346,1,traffic_lights,0.8476946353912354,2151.00927734375,1112.593017578125,2191.695556640625,1221.0592041015625,2171.3524169921875,1166.8261108398438,40.686279296875,108.4661865234375
IMG_0039.mp4,662,22.088733333333334,29.97002997002997,206,2,traffic_signs,0.787224531173706,3119.014404296875,1021.8214721679688,3223.64990234375,1109.4453125,3171.3321533203125,1065.6333923339844,104.635498046875,87.62384033203125
IMG_0039.mp4,662,22.088733333333334,29.97002997002997,433,2,traffic_signs,0.5401188135147095,2021.0655517578125,1098.0194091796875,2093.5517578125,1171.0506591796875,2057.3086547851562,1134.5350341796875,72.4862060546875,73.03125
IMG_0039.mp4,662,22.088733333333334,29.97002997002997,336,2,traffic_signs,0.31184566020965576,2044.006103515625,1142.6434326171875,2123.074951171875,1239.789794921875,2083.54052734375,1191.2166137695312,79.06884765625,97.1463623046875
IMG_0039.mp4,663,22.1221,29.97002997002997,376,1,traffic_lights,0.5302118062973022,3120.28759765625,1107.7708740234375,3202.7109375,1218.5010986328125,3161.499267578125,1163.135986328125,82.42333984375,110.730224609375
IMG_0039.mp4,663,22.1221,29.97002997002997,263,1,traffic_lights,0.8813596367835999,2428.15234375,667.3829345703125,2493.251953125,798.4869995117188,2460.7021484375,732.9349670410156,65.099609375,131.10406494140625
IMG_0039.mp4,663,22.1221,29.97002997002997,346,1,traffic_lights,0.8342693448066711,2149.98046875,1112.5565185546875,2191.708740234375,1220.6072998046875,2170.8446044921875,1166.5819091796875,41.728271484375,108.05078125
IMG_0039.mp4,663,22.1221,29.97002997002997,206,2,traffic_signs,0.7736822366714478,3119.026123046875,1022.7001953125,3224.315185546875,1107.5428466796875,3171.670654296875,1065.1215209960938,105.2890625,84.8426513671875
IMG_0039.mp4,663,22.1221,29.97002997002997,433,2,traffic_signs,0.4298844039440155,2021.115478515625,1097.88037109375,2094.236572265625,1171.7374267578125,2057.676025390625,1134.8088989257812,73.12109375,73.8570556640625
IMG_0039.mp4,663,22.1221,29.97002997002997,336,2,traffic_signs,0.35779669880867004,2042.8963623046875,1139.53271484375,2124.162353515625,1240.046630859375,2083.5293579101562,1189.7896728515625,81.2659912109375,100.513916015625
IMG_0039.mp4,664,22.155466666666666,29.97002997002997,376,1,traffic_lights,0.7825966477394104,3117.6787109375,1111.868408203125,3199.685791015625,1227.70166015625,3158.6822509765625,1169.7850341796875,82.007080078125,115.833251953125
IMG_0039.mp4,664,22.155466666666666,29.97002997002997,263,1,traffic_lights,0.8902360796928406,2427.4296875,667.307373046875,2493.6005859375,797.8662719726562,2460.51513671875,732.5868225097656,66.1708984375,130.55889892578125
IMG_0039.mp4,664,22.155466666666666,29.97002997002997,433,2,traffic_signs,0.8296101689338684,2018.1116943359375,1098.02978515625,2094.360107421875,1177.124755859375,2056.2359008789062,1137.5772705078125,76.2484130859375,79.094970703125
IMG_0039.mp4,665,22.188833333333335,29.97002997002997,376,1,traffic_lights,0.8102640509605408,3120.943359375,1110.73974609375,3203.0673828125,1232.9183349609375,3162.00537109375,1171.8290405273438,82.1240234375,122.1785888671875
IMG_0039.mp4,665,22.188833333333335,29.97002997002997,346,1,traffic_lights,0.8102125525474548,2150.560302734375,1113.34619140625,2192.207275390625,1223.057373046875,2171.3837890625,1168.2017822265625,41.64697265625,109.711181640625
IMG_0039.mp4,665,22.188833333333335,29.97002997002997,206,2,traffic_signs,0.7583814859390259,3118.954345703125,1021.656005859375,3223.609619140625,1107.27734375,3171.281982421875,1064.4666748046875,104.6552734375,85.621337890625
IMG_0039.mp4,665,22.188833333333335,29.97002997002997,336,2,traffic_signs,0.7029452323913574,2047.549072265625,1149.0474853515625,2127.12353515625,1240.00439453125,2087.3363037109375,1194.5259399414062,79.574462890625,90.9569091796875
IMG_0039.mp4,666,22.2222,29.97002997002997,376,1,traffic_lights,0.7858375906944275,3123.30712890625,1108.8756103515625,3202.71923828125,1234.4105224609375,3163.01318359375,1171.64306640625,79.412109375,125.534912109375
IMG_0039.mp4,666,22.2222,29.97002997002997,346,1,traffic_lights,0.8460151553153992,2151.43115234375,1113.0018310546875,2191.485595703125,1222.7822265625,2171.4583740234375,1167.8920288085938,40.054443359375,109.7803955078125
IMG_0039.mp4,666,22.2222,29.97002997002997,206,2,traffic_signs,0.8004942536354065,3118.895751953125,1021.4994506835938,3223.757568359375,1108.6826171875,3171.32666015625,1065.0910339355469,104.86181640625,87.18316650390625
IMG_0039.mp4,666,22.2222,29.97002997002997,336,2,traffic_signs,0.6253859996795654,2049.71875,1151.8599853515625,2124.872802734375,1239.0924072265625,2087.2957763671875,1195.4761962890625,75.154052734375,87.232421875
IMG_0039.mp4,666,22.2222,29.97002997002997,263,1,traffic_lights,0.8949085474014282,2428.79638671875,668.0455932617188,2493.28662109375,796.7984619140625,2461.04150390625,732.4220275878906,64.490234375,128.75286865234375
IMG_0039.mp4,666,22.2222,29.97002997002997,433,2,traffic_signs,0.4821479022502899,2021.2769775390625,1098.06591796875,2091.669677734375,1173.57275390625,2056.4733276367188,1135.8193359375,70.3927001953125,75.5068359375
IMG_0039.mp4,667,22.255566666666667,29.97002997002997,376,1,traffic_lights,0.5818825364112854,3123.50439453125,1107.8408203125,3203.127685546875,1234.15966796875,3163.3160400390625,1171.000244140625,79.623291015625,126.31884765625
IMG_0039.mp4,667,22.255566666666667,29.97002997002997,346,1,traffic_lights,0.8438135385513306,2149.83349609375,1112.2113037109375,2191.949951171875,1222.6776123046875,2170.8917236328125,1167.4444580078125,42.116455078125,110.46630859375
IMG_0039.mp4,667,22.255566666666667,29.97002997002997,206,2,traffic_signs,0.6876183152198792,3119.339111328125,1021.3184204101562,3223.716064453125,1110.00244140625,3171.527587890625,1065.6604309082031,104.376953125,88.68402099609375
IMG_0039.mp4,667,22.255566666666667,29.97002997002997,263,1,traffic_lights,0.8826756477355957,2429.19580078125,666.9213256835938,2493.250732421875,796.8614501953125,2461.2232666015625,731.8913879394531,64.054931640625,129.94012451171875
IMG_0039.mp4,667,22.255566666666667,29.97002997002997,433,2,traffic_signs,0.4696107506752014,2021.0689697265625,1097.860107421875,2093.20947265625,1173.2265625,2057.1392211914062,1135.5433349609375,72.1405029296875,75.366455078125
IMG_0039.mp4,668,22.288933333333333,29.97002997002997,376,1,traffic_lights,0.4493567645549774,3121.524169921875,1105.9251708984375,3214.099853515625,1238.0963134765625,3167.81201171875,1172.0107421875,92.57568359375,132.171142578125
IMG_0039.mp4,668,22.288933333333333,29.97002997002997,346,1,traffic_lights,0.8553457856178284,2150.293701171875,1112.2279052734375,2191.833251953125,1222.48291015625,2171.0634765625,1167.3554077148438,41.53955078125,110.2550048828125
IMG_0039.mp4,668,22.288933333333333,29.97002997002997,206,2,traffic_signs,0.6078323125839233,3118.78369140625,1021.1914672851562,3224.0595703125,1108.4349365234375,3171.421630859375,1064.8132019042969,105.27587890625,87.24346923828125
IMG_0039.mp4,668,22.288933333333333,29.97002997002997,263,1,traffic_lights,0.8871334791183472,2429.380859375,666.7155151367188,2493.299072265625,796.8217163085938,2461.3399658203125,731.7686157226562,63.918212890625,130.106201171875
IMG_0039.mp4,668,22.288933333333333,29.97002997002997,433,2,traffic_signs,0.5505282878875732,2021.0439453125,1097.916259765625,2093.330810546875,1172.6531982421875,2057.1873779296875,1135.2847290039062,72.286865234375,74.7369384765625
IMG_0039.mp4,668,22.288933333333333,29.97002997002997,336,2,traffic_signs,0.5110398530960083,2052.297119140625,1151.0023193359375,2124.829833984375,1239.4658203125,2088.5634765625,1195.2340698242188,72.53271484375,88.4635009765625
IMG_0039.mp4,669,22.322300000000002,29.97002997002997,346,1,traffic_lights,0.8437462449073792,2150.8447265625,1111.9742431640625,2191.489990234375,1222.9027099609375,2171.1673583984375,1167.4384765625,40.645263671875,110.928466796875
IMG_0039.mp4,669,22.322300000000002,29.97002997002997,263,1,traffic_lights,0.8910223245620728,2429.585693359375,667.4365234375,2493.236572265625,796.4819946289062,2461.4111328125,731.9592590332031,63.65087890625,129.04547119140625
IMG_0039.mp4,669,22.322300000000002,29.97002997002997,433,2,traffic_signs,0.5336124897003174,2021.1136474609375,1097.6771240234375,2093.181396484375,1172.2530517578125,2057.1475219726562,1134.965087890625,72.0677490234375,74.575927734375
IMG_0039.mp4,669,22.322300000000002,29.97002997002997,336,2,traffic_signs,0.3398315906524658,2050.793212890625,1151.045654296875,2124.74658203125,1239.451416015625,2087.7698974609375,1195.24853515625,73.953369140625,88.40576171875
IMG_0039.mp4,670,22.355666666666668,29.97002997002997,346,1,traffic_lights,0.8037360906600952,2150.253173828125,1111.573486328125,2191.807861328125,1220.814697265625,2171.030517578125,1166.194091796875,41.5546875,109.2412109375
IMG_0039.mp4,670,22.355666666666668,29.97002997002997,263,1,traffic_lights,0.8912906050682068,2429.834228515625,667.31884765625,2493.19970703125,795.8707885742188,2461.5169677734375,731.5948181152344,63.365478515625,128.55194091796875
IMG_0039.mp4,670,22.355666666666668,29.97002997002997,433,2,traffic_signs,0.5889304876327515,2021.033447265625,1097.79248046875,2092.954345703125,1172.560546875,2056.993896484375,1135.176513671875,71.9208984375,74.76806640625
IMG_0039.mp4,670,22.355666666666668,29.97002997002997,206,2,traffic_signs,0.44848620891571045,3119.93896484375,1022.9552001953125,3222.94873046875,1108.36865234375,3171.44384765625,1065.6619262695312,103.009765625,85.4134521484375
IMG_0039.mp4,671,22.389033333333334,29.97002997002997,346,1,traffic_lights,0.855684220790863,2151.052001953125,1112.350830078125,2191.170166015625,1220.6444091796875,2171.111083984375,1166.4976196289062,40.1181640625,108.2935791015625
IMG_0039.mp4,671,22.389033333333334,29.97002997002997,263,1,traffic_lights,0.5286926031112671,2431.31787109375,680.4841918945312,2488.821533203125,793.5352783203125,2460.0697021484375,737.0097351074219,57.503662109375,113.05108642578125
IMG_0039.mp4,671,22.389033333333334,29.97002997002997,433,2,traffic_signs,0.5311585068702698,2020.843017578125,1097.940673828125,2092.9892578125,1172.0052490234375,2056.9161376953125,1134.9729614257812,72.146240234375,74.0645751953125
IMG_0039.mp4,671,22.389033333333334,29.97002997002997,505,2,traffic_signs,0.4870307445526123,1608.388671875,1258.2099609375,1628.46044921875,1276.921875,1618.424560546875,1267.56591796875,20.07177734375,18.7119140625
IMG_0039.mp4,671,22.389033333333334,29.97002997002997,206,2,traffic_signs,0.7708312273025513,3122.40673828125,1022.6101684570312,3223.497802734375,1109.17919921875,3172.9522705078125,1065.8946838378906,101.091064453125,86.56903076171875
IMG_0039.mp4,671,22.389033333333334,29.97002997002997,376,1,traffic_lights,0.5194211006164551,3125.8466796875,1105.7130126953125,3204.52978515625,1234.3016357421875,3165.188232421875,1170.00732421875,78.68310546875,128.588623046875
IMG_0039.mp4,671,22.389033333333334,29.97002997002997,336,2,traffic_signs,0.7155730724334717,2051.8681640625,1150.59765625,2125.664794921875,1239.4366455078125,2088.7664794921875,1195.0171508789062,73.796630859375,88.8389892578125
IMG_0039.mp4,672,22.4224,29.97002997002997,346,1,traffic_lights,0.6807453632354736,2156.13671875,1111.69384765625,2193.428955078125,1220.362548828125,2174.7828369140625,1166.0281982421875,37.292236328125,108.668701171875
IMG_0039.mp4,672,22.4224,29.97002997002997,263,1,traffic_lights,0.8899716138839722,2430.5234375,673.3173828125,2491.35888671875,794.7386474609375,2460.941162109375,734.0280151367188,60.83544921875,121.4212646484375
IMG_0039.mp4,672,22.4224,29.97002997002997,433,2,traffic_signs,0.5153214931488037,2020.6131591796875,1098.977294921875,2088.27392578125,1173.6336669921875,2054.4435424804688,1136.3054809570312,67.6607666015625,74.6563720703125
IMG_0039.mp4,672,22.4224,29.97002997002997,206,2,traffic_signs,0.8166502714157104,3120.180908203125,1022.0256958007812,3224.2783203125,1108.7506103515625,3172.2296142578125,1065.3881530761719,104.097412109375,86.72491455078125
IMG_0039.mp4,672,22.4224,29.97002997002997,376,1,traffic_lights,0.29303646087646484,3128.941162109375,1106.7857666015625,3202.465087890625,1233.3212890625,3165.703125,1170.0535278320312,73.52392578125,126.5355224609375
IMG_0039.mp4,672,22.4224,29.97002997002997,336,2,traffic_signs,0.39931437373161316,2046.8988037109375,1148.021484375,2117.086181640625,1239.6358642578125,2081.9924926757812,1193.8286743164062,70.1873779296875,91.6143798828125
IMG_0039.mp4,673,22.455766666666666,29.97002997002997,346,1,traffic_lights,0.8327437043190002,2154.296630859375,1111.705078125,2192.877685546875,1223.1162109375,2173.587158203125,1167.41064453125,38.5810546875,111.4111328125
IMG_0039.mp4,673,22.455766666666666,29.97002997002997,263,1,traffic_lights,0.8868376612663269,2429.720703125,668.6836547851562,2492.914794921875,795.8516235351562,2461.3177490234375,732.2676391601562,63.194091796875,127.16796875
IMG_0039.mp4,673,22.455766666666666,29.97002997002997,433,2,traffic_signs,0.6888076663017273,2046.90966796875,1103.111083984375,2092.80517578125,1170.307373046875,2069.857421875,1136.709228515625,45.8955078125,67.1962890625
IMG_0039.mp4,673,22.455766666666666,29.97002997002997,206,2,traffic_signs,0.833933413028717,3119.35400390625,1021.954345703125,3224.537353515625,1108.99072265625,3171.9456787109375,1065.4725341796875,105.183349609375,87.036376953125
IMG_0039.mp4,673,22.455766666666666,29.97002997002997,505,2,traffic_signs,0.39297157526016235,1608.7989501953125,1257.748779296875,1628.3896484375,1276.1717529296875,1618.5942993164062,1266.9602661132812,19.5906982421875,18.4229736328125
IMG_0039.mp4,674,22.489133333333335,29.97002997002997,346,1,traffic_lights,0.8647181987762451,2153.4931640625,1112.2769775390625,2191.7744140625,1223.8465576171875,2172.6337890625,1168.061767578125,38.28125,111.569580078125
IMG_0039.mp4,674,22.489133333333335,29.97002997002997,263,1,traffic_lights,0.8918288350105286,2429.736572265625,667.33642578125,2493.2568359375,796.258056640625,2461.4967041015625,731.7972412109375,63.520263671875,128.921630859375
IMG_0039.mp4,674,22.489133333333335,29.97002997002997,433,2,traffic_signs,0.44300663471221924,2027.3118896484375,1099.9183349609375,2092.7783203125,1171.8868408203125,2060.0451049804688,1135.902587890625,65.4664306640625,71.968505859375
IMG_0039.mp4,674,22.489133333333335,29.97002997002997,206,2,traffic_signs,0.8022546172142029,3119.87451171875,1022.3152465820312,3224.748291015625,1107.6429443359375,3172.3114013671875,1064.9790954589844,104.873779296875,85.32769775390625
IMG_0039.mp4,674,22.489133333333335,29.97002997002997,376,1,traffic_lights,0.6343146562576294,3126.98681640625,1105.62255859375,3201.902099609375,1234.6326904296875,3164.4444580078125,1170.1276245117188,74.915283203125,129.0101318359375
IMG_0039.mp4,674,22.489133333333335,29.97002997002997,336,2,traffic_signs,0.38041576743125916,2046.5767822265625,1147.0294189453125,2119.276611328125,1239.65966796875,2082.9266967773438,1193.3445434570312,72.6998291015625,92.6302490234375
IMG_0039.mp4,675,22.5225,29.97002997002997,346,1,traffic_lights,0.8581801652908325,2152.92626953125,1112.3758544921875,2191.49560546875,1224.066162109375,2172.2109375,1168.2210083007812,38.5693359375,111.6903076171875
IMG_0039.mp4,675,22.5225,29.97002997002997,263,1,traffic_lights,0.8944592475891113,2429.807373046875,667.5272827148438,2493.326904296875,795.9080200195312,2461.567138671875,731.7176513671875,63.51953125,128.3807373046875
IMG_0039.mp4,675,22.5225,29.97002997002997,433,2,traffic_signs,0.539085328578949,2023.7801513671875,1098.2557373046875,2092.989013671875,1171.3980712890625,2058.3845825195312,1134.826904296875,69.2088623046875,73.142333984375
IMG_0039.mp4,675,22.5225,29.97002997002997,206,2,traffic_signs,0.7803372144699097,3118.772705078125,1021.9144287109375,3225.162109375,1106.9385986328125,3171.9674072265625,1064.426513671875,106.389404296875,85.024169921875
IMG_0039.mp4,675,22.5225,29.97002997002997,376,1,traffic_lights,0.2848050594329834,3124.722900390625,1106.11572265625,3208.81298828125,1234.607421875,3166.7679443359375,1170.361572265625,84.090087890625,128.49169921875
IMG_0039.mp4,675,22.5225,29.97002997002997,336,2,traffic_signs,0.2637581527233124,2048.21142578125,1148.9189453125,2122.1259765625,1240.1561279296875,2085.168701171875,1194.5375366210938,73.91455078125,91.2371826171875
IMG_0039.mp4,676,22.555866666666667,29.97002997002997,346,1,traffic_lights,0.8693360686302185,2153.235107421875,1111.9666748046875,2191.71630859375,1224.240234375,2172.4757080078125,1168.1034545898438,38.481201171875,112.2735595703125
IMG_0039.mp4,676,22.555866666666667,29.97002997002997,263,1,traffic_lights,0.8906458020210266,2429.61328125,667.346435546875,2493.2919921875,796.3364868164062,2461.45263671875,731.8414611816406,63.6787109375,128.99005126953125
IMG_0039.mp4,676,22.555866666666667,29.97002997002997,433,2,traffic_signs,0.5865917205810547,2022.02197265625,1097.732666015625,2092.307861328125,1171.6158447265625,2057.1649169921875,1134.6742553710938,70.285888671875,73.8831787109375
IMG_0039.mp4,676,22.555866666666667,29.97002997002997,206,2,traffic_signs,0.7713837027549744,3118.557373046875,1021.8104858398438,3225.4404296875,1107.0318603515625,3171.9989013671875,1064.4211730957031,106.883056640625,85.22137451171875
IMG_0039.mp4,676,22.555866666666667,29.97002997002997,376,1,traffic_lights,0.36247363686561584,3123.34326171875,1106.52880859375,3212.693603515625,1233.603515625,3168.0184326171875,1170.066162109375,89.350341796875,127.07470703125
IMG_0039.mp4,676,22.555866666666667,29.97002997002997,336,2,traffic_signs,0.38812950253486633,2049.739013671875,1150.840576171875,2123.464599609375,1241.0667724609375,2086.601806640625,1195.9536743164062,73.7255859375,90.2261962890625
IMG_0039.mp4,677,22.589233333333333,29.97002997002997,346,1,traffic_lights,0.8756425976753235,2153.71240234375,1112.324462890625,2191.497314453125,1224.0135498046875,2172.6048583984375,1168.1690063476562,37.784912109375,111.6890869140625
IMG_0039.mp4,677,22.589233333333333,29.97002997002997,263,1,traffic_lights,0.8910458087921143,2429.36767578125,667.2791137695312,2493.242431640625,796.3582153320312,2461.3050537109375,731.8186645507812,63.874755859375,129.0791015625
IMG_0039.mp4,677,22.589233333333333,29.97002997002997,433,2,traffic_signs,0.560941219329834,2021.162841796875,1097.4639892578125,2092.470458984375,1171.396240234375,2056.816650390625,1134.4301147460938,71.3076171875,73.9322509765625
IMG_0039.mp4,677,22.589233333333333,29.97002997002997,206,2,traffic_signs,0.7560468912124634,3117.671142578125,1021.0214233398438,3225.358154296875,1106.6158447265625,3171.5146484375,1063.8186340332031,107.68701171875,85.59442138671875
IMG_0039.mp4,677,22.589233333333333,29.97002997002997,376,1,traffic_lights,0.32397907972335815,3122.596923828125,1106.2335205078125,3218.635009765625,1234.7255859375,3170.615966796875,1170.4795532226562,96.0380859375,128.4920654296875
IMG_0039.mp4,677,22.589233333333333,29.97002997002997,336,2,traffic_signs,0.4202170968055725,2049.752197265625,1150.3953857421875,2124.743896484375,1241.4986572265625,2087.248046875,1195.947021484375,74.99169921875,91.103271484375
IMG_0039.mp4,678,22.622600000000002,29.97002997002997,346,1,traffic_lights,0.8668516874313354,2153.56787109375,1112.64404296875,2191.652587890625,1223.3150634765625,2172.6102294921875,1167.9795532226562,38.084716796875,110.6710205078125
IMG_0039.mp4,678,22.622600000000002,29.97002997002997,263,1,traffic_lights,0.8945427536964417,2429.5849609375,667.3771362304688,2493.251953125,796.2481689453125,2461.41845703125,731.8126525878906,63.6669921875,128.87103271484375
IMG_0039.mp4,678,22.622600000000002,29.97002997002997,433,2,traffic_signs,0.5467332005500793,2021.09130859375,1097.1986083984375,2092.78759765625,1171.4547119140625,2056.939453125,1134.32666015625,71.6962890625,74.256103515625
IMG_0039.mp4,678,22.622600000000002,29.97002997002997,206,2,traffic_signs,0.7705225944519043,3117.997314453125,1021.1558227539062,3225.3662109375,1106.7913818359375,3171.6817626953125,1063.9736022949219,107.368896484375,85.63555908203125
IMG_0039.mp4,678,22.622600000000002,29.97002997002997,336,2,traffic_signs,0.3234430253505707,2050.05615234375,1150.4307861328125,2123.94970703125,1240.602294921875,2087.0029296875,1195.5165405273438,73.8935546875,90.1715087890625
IMG_0039.mp4,679,22.655966666666668,29.97002997002997,346,1,traffic_lights,0.8470749855041504,2153.69189453125,1112.28125,2191.831298828125,1223.6798095703125,2172.7615966796875,1167.9805297851562,38.139404296875,111.3985595703125
IMG_0039.mp4,679,22.655966666666668,29.97002997002997,263,1,traffic_lights,0.8905269503593445,2429.489990234375,667.4991455078125,2493.03955078125,796.2910766601562,2461.2647705078125,731.8951110839844,63.549560546875,128.79193115234375
IMG_0039.mp4,679,22.655966666666668,29.97002997002997,433,2,traffic_signs,0.4134293794631958,2020.0909423828125,1096.8878173828125,2094.651123046875,1172.8870849609375,2057.3710327148438,1134.887451171875,74.5601806640625,75.999267578125
IMG_0039.mp4,679,22.655966666666668,29.97002997002997,206,2,traffic_signs,0.7959751486778259,3117.940185546875,1021.3325805664062,3225.255126953125,1107.4267578125,3171.59765625,1064.3796691894531,107.31494140625,86.09417724609375
IMG_0039.mp4,679,22.655966666666668,29.97002997002997,336,2,traffic_signs,0.3413894772529602,2046.905517578125,1145.57373046875,2122.660400390625,1240.6195068359375,2084.782958984375,1193.0966186523438,75.7548828125,95.0457763671875
IMG_0039.mp4,679,22.655966666666668,29.97002997002997,376,1,traffic_lights,0.5155796408653259,3123.63818359375,1106.781982421875,3214.623291015625,1234.67578125,3169.1307373046875,1170.7288818359375,90.985107421875,127.893798828125
IMG_0039.mp4,680,22.689333333333334,29.97002997002997,346,1,traffic_lights,0.8700531721115112,2153.2060546875,1112.598388671875,2191.684814453125,1223.4722900390625,2172.4454345703125,1168.0353393554688,38.478759765625,110.8739013671875
IMG_0039.mp4,680,22.689333333333334,29.97002997002997,263,1,traffic_lights,0.8852825164794922,2429.349853515625,667.5482788085938,2493.31298828125,796.1392822265625,2461.3314208984375,731.8437805175781,63.963134765625,128.59100341796875
IMG_0039.mp4,680,22.689333333333334,29.97002997002997,206,2,traffic_signs,0.8149476051330566,3117.941162109375,1021.8418579101562,3225.1962890625,1107.9017333984375,3171.5687255859375,1064.8717956542969,107.255126953125,86.05987548828125
IMG_0039.mp4,680,22.689333333333334,29.97002997002997,376,1,traffic_lights,0.6772424578666687,3125.8291015625,1107.0653076171875,3208.859619140625,1234.8675537109375,3167.3443603515625,1170.9664306640625,83.030517578125,127.80224609375
IMG_0039.mp4,681,22.7227,29.97002997002997,346,1,traffic_lights,0.6768925786018372,2154.9814453125,1111.41455078125,2192.54345703125,1221.07177734375,2173.762451171875,1166.2431640625,37.56201171875,109.6572265625
IMG_0039.mp4,681,22.7227,29.97002997002997,263,1,traffic_lights,0.8933051824569702,2429.85595703125,667.6675415039062,2493.2333984375,795.6517333984375,2461.544677734375,731.6596374511719,63.37744140625,127.98419189453125
IMG_0039.mp4,681,22.7227,29.97002997002997,206,2,traffic_signs,0.824569821357727,3117.574951171875,1021.7501220703125,3224.88623046875,1108.601318359375,3171.2305908203125,1065.1757202148438,107.311279296875,86.8511962890625
IMG_0039.mp4,681,22.7227,29.97002997002997,376,1,traffic_lights,0.620521068572998,3127.539794921875,1107.2742919921875,3204.2822265625,1233.8970947265625,3165.9110107421875,1170.585693359375,76.742431640625,126.622802734375
IMG_0039.mp4,681,22.7227,29.97002997002997,433,2,traffic_signs,0.42535459995269775,2020.0765380859375,1098.1328125,2089.382568359375,1172.8973388671875,2054.7295532226562,1135.5150756835938,69.3060302734375,74.7645263671875
IMG_0039.mp4,681,22.7227,29.97002997002997,336,2,traffic_signs,0.8905150294303894,2045.36669921875,1147.901611328125,2116.510498046875,1239.475341796875,2080.9385986328125,1193.6884765625,71.143798828125,91.57373046875
IMG_0039.mp4,682,22.756066666666666,29.97002997002997,263,1,traffic_lights,0.858325183391571,2430.087890625,668.1892700195312,2492.651611328125,796.4993286132812,2461.3697509765625,732.3442993164062,62.563720703125,128.31005859375
IMG_0039.mp4,682,22.756066666666666,29.97002997002997,206,2,traffic_signs,0.8211537003517151,3118.260986328125,1021.8271484375,3224.46826171875,1109.6165771484375,3171.3646240234375,1065.7218627929688,106.207275390625,87.7894287109375
IMG_0039.mp4,682,22.756066666666666,29.97002997002997,433,2,traffic_signs,0.5734700560569763,2021.150146484375,1099.0045166015625,2090.901123046875,1170.0836181640625,2056.025634765625,1134.5440673828125,69.7509765625,71.0791015625
IMG_0039.mp4,682,22.756066666666666,29.97002997002997,336,2,traffic_signs,0.7424474358558655,2047.62841796875,1151.82470703125,2121.77978515625,1240.2237548828125,2084.7041015625,1196.0242309570312,74.1513671875,88.3990478515625
IMG_0039.mp4,683,22.789433333333335,29.97002997002997,263,1,traffic_lights,0.8907099962234497,2430.29736328125,668.4210205078125,2492.240966796875,795.6990966796875,2461.2691650390625,732.06005859375,61.943603515625,127.278076171875
IMG_0039.mp4,683,22.789433333333335,29.97002997002997,206,2,traffic_signs,0.8069502711296082,3118.375,1021.9525146484375,3223.986083984375,1109.5574951171875,3171.1805419921875,1065.7550048828125,105.611083984375,87.60498046875
IMG_0039.mp4,683,22.789433333333335,29.97002997002997,433,2,traffic_signs,0.3477039635181427,2021.240234375,1097.6153564453125,2093.393798828125,1172.5025634765625,2057.3170166015625,1135.0589599609375,72.153564453125,74.88720703125
IMG_0039.mp4,683,22.789433333333335,29.97002997002997,505,2,traffic_signs,0.3600929379463196,1608.2574462890625,1256.4775390625,1627.5205078125,1277.6798095703125,1617.8889770507812,1267.0786743164062,19.2630615234375,21.2022705078125
IMG_0039.mp4,683,22.789433333333335,29.97002997002997,346,1,traffic_lights,0.8575612306594849,2152.420166015625,1112.3865966796875,2191.447509765625,1223.0667724609375,2171.933837890625,1167.7266845703125,39.02734375,110.68017578125
IMG_0039.mp4,683,22.789433333333335,29.97002997002997,376,1,traffic_lights,0.5959454774856567,3126.446533203125,1107.4080810546875,3207.68408203125,1235.105712890625,3167.0653076171875,1171.2568969726562,81.237548828125,127.6976318359375
IMG_0039.mp4,684,22.8228,29.97002997002997,263,1,traffic_lights,0.8928284645080566,2429.841064453125,668.3171997070312,2492.51953125,796.5154418945312,2461.1802978515625,732.4163208007812,62.678466796875,128.1982421875
IMG_0039.mp4,684,22.8228,29.97002997002997,206,2,traffic_signs,0.8289822936058044,3127.357177734375,1024.85498046875,3224.6064453125,1107.25634765625,3175.9818115234375,1066.0556640625,97.249267578125,82.4013671875
IMG_0039.mp4,684,22.8228,29.97002997002997,433,2,traffic_signs,0.35688430070877075,2021.263916015625,1097.360107421875,2094.1708984375,1173.4815673828125,2057.7174072265625,1135.4208374023438,72.906982421875,76.1214599609375
IMG_0039.mp4,684,22.8228,29.97002997002997,505,2,traffic_signs,0.3460349440574646,1608.5823974609375,1255.3367919921875,1628.0643310546875,1278.0455322265625,1618.3233642578125,1266.691162109375,19.48193359375,22.708740234375
IMG_0039.mp4,684,22.8228,29.97002997002997,346,1,traffic_lights,0.8578742146492004,2151.9892578125,1112.7257080078125,2191.475341796875,1224.0421142578125,2171.7322998046875,1168.3839111328125,39.486083984375,111.31640625
IMG_0039.mp4,684,22.8228,29.97002997002997,336,2,traffic_signs,0.26641708612442017,2044.563232421875,1138.5897216796875,2124.24560546875,1240.58056640625,2084.4044189453125,1189.5851440429688,79.682373046875,101.9908447265625
IMG_0039.mp4,685,22.856166666666667,29.97002997002997,263,1,traffic_lights,0.8877534866333008,2429.6181640625,667.7205810546875,2492.699462890625,797.6951293945312,2461.1588134765625,732.7078552246094,63.081298828125,129.97454833984375
IMG_0039.mp4,685,22.856166666666667,29.97002997002997,206,2,traffic_signs,0.6683526039123535,3122.1494140625,1023.5665893554688,3223.696044921875,1109.0772705078125,3172.9227294921875,1066.3219299316406,101.546630859375,85.51068115234375
IMG_0039.mp4,685,22.856166666666667,29.97002997002997,433,2,traffic_signs,0.5153933763504028,2021.0806884765625,1097.19482421875,2094.4501953125,1172.3714599609375,2057.7654418945312,1134.7831420898438,73.3695068359375,75.1766357421875
IMG_0039.mp4,685,22.856166666666667,29.97002997002997,346,1,traffic_lights,0.8596080541610718,2152.336181640625,1112.31298828125,2191.75390625,1224.82080078125,2172.0450439453125,1168.56689453125,39.417724609375,112.5078125
IMG_0039.mp4,685,22.856166666666667,29.97002997002997,336,2,traffic_signs,0.3380400836467743,2047.7060546875,1145.2677001953125,2125.34423828125,1241.2935791015625,2086.525146484375,1193.2806396484375,77.63818359375,96.02587890625
IMG_0039.mp4,686,22.889533333333333,29.97002997002997,263,1,traffic_lights,0.8870428204536438,2429.443603515625,667.4010620117188,2492.7138671875,797.5545043945312,2461.0787353515625,732.477783203125,63.270263671875,130.1534423828125
IMG_0039.mp4,686,22.889533333333333,29.97002997002997,206,2,traffic_signs,0.8203278183937073,3119.593017578125,1023.2405395507812,3223.757080078125,1108.783203125,3171.675048828125,1066.0118713378906,104.1640625,85.54266357421875
IMG_0039.mp4,686,22.889533333333333,29.97002997002997,433,2,traffic_signs,0.39366716146469116,2020.468017578125,1097.160400390625,2095.2197265625,1173.94482421875,2057.8438720703125,1135.5526123046875,74.751708984375,76.784423828125
IMG_0039.mp4,686,22.889533333333333,29.97002997002997,346,1,traffic_lights,0.8707062602043152,2152.22314453125,1112.6871337890625,2191.6728515625,1223.8563232421875,2171.947998046875,1168.271728515625,39.44970703125,111.169189453125
IMG_0039.mp4,686,22.889533333333333,29.97002997002997,376,1,traffic_lights,0.775496244430542,3121.650146484375,1108.5184326171875,3218.302734375,1239.336669921875,3169.9764404296875,1173.9275512695312,96.652587890625,130.8182373046875
IMG_0039.mp4,686,22.889533333333333,29.97002997002997,505,2,traffic_signs,0.34542155265808105,1607.7442626953125,1257.4736328125,1628.7908935546875,1277.9967041015625,1618.267578125,1267.7351684570312,21.046630859375,20.5230712890625
IMG_0039.mp4,687,22.922900000000002,29.97002997002997,263,1,traffic_lights,0.8900073766708374,2429.550048828125,667.6939697265625,2492.733154296875,797.0423583984375,2461.1416015625,732.3681640625,63.18310546875,129.348388671875
IMG_0039.mp4,687,22.922900000000002,29.97002997002997,206,2,traffic_signs,0.8143063187599182,3119.07763671875,1023.1145629882812,3224.11279296875,1109.6959228515625,3171.59521484375,1066.4052429199219,105.03515625,86.58135986328125
IMG_0039.mp4,687,22.922900000000002,29.97002997002997,433,2,traffic_signs,0.3048441410064697,2020.1009521484375,1097.01953125,2096.475341796875,1177.5531005859375,2058.2881469726562,1137.2863159179688,76.3743896484375,80.5335693359375
IMG_0039.mp4,687,22.922900000000002,29.97002997002997,346,1,traffic_lights,0.865718424320221,2151.82177734375,1112.7200927734375,2191.72607421875,1223.801025390625,2171.77392578125,1168.2605590820312,39.904296875,111.0809326171875
IMG_0039.mp4,687,22.922900000000002,29.97002997002997,376,1,traffic_lights,0.6061612963676453,3123.54638671875,1108.2864990234375,3216.581298828125,1238.7642822265625,3170.0638427734375,1173.525390625,93.034912109375,130.477783203125
IMG_0039.mp4,687,22.922900000000002,29.97002997002997,336,2,traffic_signs,0.2925575077533722,2040.81884765625,1126.275634765625,2126.489501953125,1242.1903076171875,2083.6541748046875,1184.2329711914062,85.670654296875,115.9146728515625
IMG_0039.mp4,688,22.956266666666668,29.97002997002997,263,1,traffic_lights,0.8809917569160461,2429.45166015625,667.2374267578125,2492.979736328125,797.4881591796875,2461.2156982421875,732.36279296875,63.528076171875,130.250732421875
IMG_0039.mp4,688,22.956266666666668,29.97002997002997,206,2,traffic_signs,0.8139265775680542,3119.07958984375,1022.7725830078125,3223.961181640625,1110.664794921875,3171.5203857421875,1066.7186889648438,104.881591796875,87.8922119140625
IMG_0039.mp4,688,22.956266666666668,29.97002997002997,433,2,traffic_signs,0.30158182978630066,2020.0933837890625,1096.8612060546875,2096.87060546875,1178.8802490234375,2058.4819946289062,1137.8707275390625,76.7772216796875,82.01904296875
IMG_0039.mp4,688,22.956266666666668,29.97002997002997,346,1,traffic_lights,0.8632583618164062,2152.102294921875,1112.5150146484375,2191.636962890625,1223.1981201171875,2171.86962890625,1167.8565673828125,39.53466796875,110.68310546875
IMG_0039.mp4,688,22.956266666666668,29.97002997002997,376,1,traffic_lights,0.5514782071113586,3129.53759765625,1108.66064453125,3211.509765625,1237.1319580078125,3170.523681640625,1172.8963012695312,81.97216796875,128.4713134765625
IMG_0039.mp4,688,22.956266666666668,29.97002997002997,336,2,traffic_signs,0.2736450135707855,2038.8736572265625,1121.8594970703125,2126.194580078125,1241.9976806640625,2082.5341186523438,1181.9285888671875,87.3209228515625,120.13818359375
IMG_0039.mp4,688,22.956266666666668,29.97002997002997,505,2,traffic_signs,0.27511316537857056,1607.3798828125,1257.446533203125,1628.9886474609375,1277.76708984375,1618.1842651367188,1267.6068115234375,21.6087646484375,20.320556640625
IMG_0039.mp4,689,22.989633333333334,29.97002997002997,263,1,traffic_lights,0.8835332989692688,2429.527587890625,668.0349731445312,2492.88427734375,797.275634765625,2461.2059326171875,732.6553039550781,63.356689453125,129.24066162109375
IMG_0039.mp4,689,22.989633333333334,29.97002997002997,206,2,traffic_signs,0.8143729567527771,3118.855224609375,1022.329345703125,3223.971923828125,1110.3594970703125,3171.41357421875,1066.3444213867188,105.11669921875,88.0301513671875
IMG_0039.mp4,689,22.989633333333334,29.97002997002997,433,2,traffic_signs,0.4842498004436493,2021.321533203125,1097.07177734375,2094.2265625,1174.073974609375,2057.7740478515625,1135.5728759765625,72.905029296875,77.002197265625
IMG_0039.mp4,689,22.989633333333334,29.97002997002997,346,1,traffic_lights,0.851161777973175,2153.171875,1113.4095458984375,2191.156005859375,1223.4217529296875,2172.1639404296875,1168.4156494140625,37.984130859375,110.01220703125
IMG_0039.mp4,689,22.989633333333334,29.97002997002997,376,1,traffic_lights,0.7204243540763855,3128.893310546875,1108.8485107421875,3212.073486328125,1238.28759765625,3170.4833984375,1173.5680541992188,83.18017578125,129.4390869140625
IMG_0039.mp4,689,22.989633333333334,29.97002997002997,336,2,traffic_signs,0.5604763627052307,2044.897705078125,1138.9951171875,2125.662353515625,1240.507568359375,2085.280029296875,1189.7513427734375,80.7646484375,101.512451171875
IMG_0039.mp4,690,23.023,29.97002997002997,263,1,traffic_lights,0.8906105160713196,2428.5810546875,668.2520141601562,2491.76123046875,794.5625,2460.171142578125,731.4072570800781,63.18017578125,126.31048583984375
IMG_0039.mp4,690,23.023,29.97002997002997,206,2,traffic_signs,0.46735310554504395,3130.01220703125,1021.9464111328125,3224.375732421875,1106.2587890625,3177.1939697265625,1064.1026000976562,94.363525390625,84.3123779296875
IMG_0039.mp4,691,23.056366666666666,29.97002997002997,263,1,traffic_lights,0.7989755272865295,2427.303955078125,666.7536010742188,2493.048828125,796.8988037109375,2460.1763916015625,731.8262023925781,65.744873046875,130.14520263671875
IMG_0039.mp4,691,23.056366666666666,29.97002997002997,346,1,traffic_lights,0.8334861397743225,2149.661865234375,1111.3594970703125,2192.344970703125,1223.753662109375,2171.00341796875,1167.5565795898438,42.68310546875,112.3941650390625
IMG_0039.mp4,691,23.056366666666666,29.97002997002997,376,1,traffic_lights,0.7900805473327637,3107.388427734375,1112.344970703125,3205.67724609375,1217.5079345703125,3156.5328369140625,1164.9264526367188,98.288818359375,105.1629638671875
IMG_0039.mp4,691,23.056366666666666,29.97002997002997,336,2,traffic_signs,0.4844958782196045,2040.4287109375,1129.5877685546875,2126.416015625,1240.07861328125,2083.42236328125,1184.8331909179688,85.9873046875,110.4908447265625
IMG_0039.mp4,692,23.089733333333335,29.97002997002997,263,1,traffic_lights,0.8906962275505066,2427.35986328125,666.7781982421875,2493.087646484375,797.252197265625,2460.2237548828125,732.0151977539062,65.727783203125,130.4739990234375
IMG_0039.mp4,692,23.089733333333335,29.97002997002997,346,1,traffic_lights,0.8624686598777771,2150.73681640625,1112.5460205078125,2191.68115234375,1222.394775390625,2171.208984375,1167.4703979492188,40.9443359375,109.8487548828125
IMG_0039.mp4,692,23.089733333333335,29.97002997002997,376,1,traffic_lights,0.8313003778457642,3115.51904296875,1110.04443359375,3208.478515625,1231.4041748046875,3161.998779296875,1170.7243041992188,92.95947265625,121.3597412109375
IMG_0039.mp4,692,23.089733333333335,29.97002997002997,336,2,traffic_signs,0.37644442915916443,2040.2548828125,1126.7091064453125,2124.568115234375,1240.220947265625,2082.4114990234375,1183.4650268554688,84.313232421875,113.5118408203125
IMG_0039.mp4,692,23.089733333333335,29.97002997002997,433,2,traffic_signs,0.3243800103664398,2021.384033203125,1097.2218017578125,2095.331787109375,1177.0428466796875,2058.35791015625,1137.13232421875,73.94775390625,79.821044921875
IMG_0039.mp4,692,23.089733333333335,29.97002997002997,206,2,traffic_signs,0.7871325016021729,3121.67724609375,1022.424560546875,3224.362548828125,1108.723388671875,3173.0198974609375,1065.573974609375,102.685302734375,86.298828125
IMG_0039.mp4,693,23.1231,29.97002997002997,263,1,traffic_lights,0.8915453553199768,2427.422607421875,667.0866088867188,2493.1435546875,796.960205078125,2460.2830810546875,732.0234069824219,65.720947265625,129.87359619140625
IMG_0039.mp4,693,23.1231,29.97002997002997,346,1,traffic_lights,0.8611200451850891,2151.101806640625,1112.7376708984375,2191.837890625,1221.8314208984375,2171.4698486328125,1167.2845458984375,40.736083984375,109.09375
IMG_0039.mp4,693,23.1231,29.97002997002997,376,1,traffic_lights,0.6763404011726379,3119.97216796875,1109.3671875,3207.158447265625,1234.1883544921875,3163.5653076171875,1171.7777709960938,87.186279296875,124.8211669921875
IMG_0039.mp4,693,23.1231,29.97002997002997,336,2,traffic_signs,0.3655101954936981,2039.998291015625,1124.066650390625,2122.990966796875,1240.50390625,2081.49462890625,1182.2852783203125,82.99267578125,116.437255859375
IMG_0039.mp4,693,23.1231,29.97002997002997,433,2,traffic_signs,0.274146169424057,2021.1983642578125,1097.0445556640625,2095.774658203125,1180.20361328125,2058.4865112304688,1138.6240844726562,74.5762939453125,83.1590576171875
IMG_0039.mp4,693,23.1231,29.97002997002997,206,2,traffic_signs,0.7582301497459412,3119.844482421875,1022.4094848632812,3224.123046875,1109.9600830078125,3171.9837646484375,1066.1847839355469,104.278564453125,87.55059814453125
IMG_0039.mp4,694,23.156466666666667,29.97002997002997,263,1,traffic_lights,0.8904868364334106,2427.4677734375,666.8080444335938,2492.950927734375,796.9454345703125,2460.2093505859375,731.8767395019531,65.483154296875,130.13739013671875
IMG_0039.mp4,694,23.156466666666667,29.97002997002997,346,1,traffic_lights,0.8368940949440002,2151.695068359375,1112.4676513671875,2191.727783203125,1220.421142578125,2171.71142578125,1166.4443969726562,40.03271484375,107.9534912109375
IMG_0039.mp4,694,23.156466666666667,29.97002997002997,376,1,traffic_lights,0.4643920063972473,3122.343505859375,1109.041748046875,3206.33740234375,1234.5704345703125,3164.3404541015625,1171.8060913085938,83.993896484375,125.5286865234375
IMG_0039.mp4,694,23.156466666666667,29.97002997002997,336,2,traffic_signs,0.33383482694625854,2038.84814453125,1121.3450927734375,2121.39794921875,1240.6810302734375,2080.123046875,1181.0130615234375,82.5498046875,119.3359375
IMG_0039.mp4,694,23.156466666666667,29.97002997002997,206,2,traffic_signs,0.7180987000465393,3118.749755859375,1022.0824584960938,3223.642333984375,1110.16552734375,3171.196044921875,1066.1239929199219,104.892578125,88.08306884765625
IMG_0039.mp4,694,23.156466666666667,29.97002997002997,514,1,traffic_lights,0.49336302280426025,3124.589111328125,1108.5208740234375,3202.240478515625,1233.53369140625,3163.414794921875,1171.0272827148438,77.6513671875,125.0128173828125
IMG_0039.mp4,695,23.189833333333333,29.97002997002997,263,1,traffic_lights,0.8902451395988464,2427.20263671875,667.07373046875,2493.04833984375,797.3915405273438,2460.12548828125,732.2326354980469,65.845703125,130.31781005859375
IMG_0039.mp4,695,23.189833333333333,29.97002997002997,346,1,traffic_lights,0.859434187412262,2151.718505859375,1113.0941162109375,2191.549560546875,1220.5078125,2171.634033203125,1166.8009643554688,39.8310546875,107.4136962890625
IMG_0039.mp4,695,23.189833333333333,29.97002997002997,376,1,traffic_lights,0.789638102054596,3121.798095703125,1109.299072265625,3207.947998046875,1236.5751953125,3164.873046875,1172.9371337890625,86.14990234375,127.276123046875
IMG_0039.mp4,695,23.189833333333333,29.97002997002997,336,2,traffic_signs,0.32916519045829773,2034.60400390625,1113.9576416015625,2122.330322265625,1241.25732421875,2078.4671630859375,1177.6074829101562,87.726318359375,127.2996826171875
IMG_0039.mp4,695,23.189833333333333,29.97002997002997,206,2,traffic_signs,0.7965728044509888,3118.544677734375,1022.2014770507812,3223.1689453125,1111.1239013671875,3170.8568115234375,1066.6626892089844,104.624267578125,88.92242431640625
IMG_0039.mp4,696,23.223200000000002,29.97002997002997,263,1,traffic_lights,0.8929294943809509,2427.234130859375,667.4837036132812,2492.9873046875,797.2839965820312,2460.1107177734375,732.3838500976562,65.753173828125,129.80029296875
IMG_0039.mp4,696,23.223200000000002,29.97002997002997,346,1,traffic_lights,0.8472888469696045,2152.076416015625,1112.9671630859375,2191.6376953125,1219.93017578125,2171.8570556640625,1166.4486694335938,39.561279296875,106.9630126953125
IMG_0039.mp4,696,23.223200000000002,29.97002997002997,376,1,traffic_lights,0.6423884630203247,3123.15576171875,1108.6856689453125,3205.458251953125,1235.70751953125,3164.3070068359375,1172.1965942382812,82.302490234375,127.0218505859375
IMG_0039.mp4,696,23.223200000000002,29.97002997002997,336,2,traffic_signs,0.3274911046028137,2035.50244140625,1116.2794189453125,2122.517333984375,1241.3712158203125,2079.0098876953125,1178.8253173828125,87.014892578125,125.091796875
IMG_0039.mp4,696,23.223200000000002,29.97002997002997,206,2,traffic_signs,0.7663182020187378,3118.133056640625,1022.0315551757812,3223.260009765625,1110.7049560546875,3170.696533203125,1066.3682556152344,105.126953125,88.67340087890625
IMG_0039.mp4,696,23.223200000000002,29.97002997002997,433,2,traffic_signs,0.2613928020000458,2020.283935546875,1097.305419921875,2096.422607421875,1192.14990234375,2058.353271484375,1144.7276611328125,76.138671875,94.844482421875
IMG_0039.mp4,697,23.256566666666668,29.97002997002997,263,1,traffic_lights,0.890363335609436,2427.298828125,667.0640869140625,2493.317626953125,797.8872680664062,2460.3082275390625,732.4756774902344,66.018798828125,130.82318115234375
IMG_0039.mp4,697,23.256566666666668,29.97002997002997,346,1,traffic_lights,0.8220069408416748,2151.335205078125,1112.6146240234375,2191.951416015625,1220.719482421875,2171.643310546875,1166.6670532226562,40.6162109375,108.1048583984375
IMG_0039.mp4,697,23.256566666666668,29.97002997002997,376,1,traffic_lights,0.7370603680610657,3122.827392578125,1108.334228515625,3204.60205078125,1234.9617919921875,3163.7147216796875,1171.6480102539062,81.774658203125,126.6275634765625
IMG_0039.mp4,697,23.256566666666668,29.97002997002997,336,2,traffic_signs,0.3146653473377228,2035.4532470703125,1116.0009765625,2122.998779296875,1241.4873046875,2079.2260131835938,1178.744140625,87.5455322265625,125.486328125
IMG_0039.mp4,697,23.256566666666668,29.97002997002997,206,2,traffic_signs,0.5287883877754211,3119.85595703125,1020.9881591796875,3224.292724609375,1110.5533447265625,3172.0743408203125,1065.770751953125,104.436767578125,89.565185546875
IMG_0039.mp4,698,23.289933333333334,29.97002997002997,263,1,traffic_lights,0.8890374302864075,2427.482421875,667.3344116210938,2493.328125,797.7244262695312,2460.4052734375,732.5294189453125,65.845703125,130.3900146484375
IMG_0039.mp4,698,23.289933333333334,29.97002997002997,346,1,traffic_lights,0.8577241897583008,2151.28857421875,1112.4820556640625,2191.19384765625,1221.291259765625,2171.2412109375,1166.8866577148438,39.9052734375,108.8092041015625
IMG_0039.mp4,698,23.289933333333334,29.97002997002997,376,1,traffic_lights,0.6337489485740662,3120.045654296875,1109.5506591796875,3214.125,1236.200927734375,3167.0853271484375,1172.8757934570312,94.079345703125,126.6502685546875
IMG_0039.mp4,698,23.289933333333334,29.97002997002997,336,2,traffic_signs,0.42637091875076294,2038.4569091796875,1121.5001220703125,2121.98779296875,1241.4652099609375,2080.2223510742188,1181.482666015625,83.5308837890625,119.965087890625
IMG_0039.mp4,698,23.289933333333334,29.97002997002997,206,2,traffic_signs,0.3647134602069855,3123.51025390625,1019.98095703125,3225.1572265625,1108.3590087890625,3174.333740234375,1064.1699829101562,101.64697265625,88.3780517578125
IMG_0039.mp4,698,23.289933333333334,29.97002997002997,433,2,traffic_signs,0.26680728793144226,2020.1705322265625,1097.781982421875,2096.9755859375,1186.0263671875,2058.5730590820312,1141.9041748046875,76.8050537109375,88.244384765625
IMG_0039.mp4,699,23.3233,29.97002997002997,263,1,traffic_lights,0.8870874643325806,2427.745849609375,667.6076049804688,2493.273681640625,797.6134643554688,2460.509765625,732.6105346679688,65.52783203125,130.005859375
IMG_0039.mp4,699,23.3233,29.97002997002997,346,1,traffic_lights,0.8288552165031433,2151.001220703125,1112.35595703125,2191.5693359375,1221.120361328125,2171.2852783203125,1166.7381591796875,40.568115234375,108.764404296875
IMG_0039.mp4,699,23.3233,29.97002997002997,376,1,traffic_lights,0.640129804611206,3120.24267578125,1108.35009765625,3211.337646484375,1236.5306396484375,3165.7901611328125,1172.4403686523438,91.094970703125,128.1805419921875
IMG_0039.mp4,699,23.3233,29.97002997002997,336,2,traffic_signs,0.2931113541126251,2037.949951171875,1120.6558837890625,2124.066650390625,1241.86376953125,2081.00830078125,1181.2598266601562,86.11669921875,121.2078857421875
IMG_0039.mp4,699,23.3233,29.97002997002997,206,2,traffic_signs,0.42404207587242126,3124.482177734375,1019.8067016601562,3225.23876953125,1107.641357421875,3174.8604736328125,1063.7240295410156,100.756591796875,87.83465576171875
IMG_0039.mp4,700,23.356666666666666,29.97002997002997,263,1,traffic_lights,0.8869607448577881,2427.730224609375,667.4639892578125,2493.382568359375,797.4196166992188,2460.556396484375,732.4418029785156,65.65234375,129.95562744140625
IMG_0039.mp4,700,23.356666666666666,29.97002997002997,346,1,traffic_lights,0.8122067451477051,2150.560791015625,1111.9942626953125,2192.078857421875,1221.294677734375,2171.31982421875,1166.6444702148438,41.51806640625,109.3004150390625
IMG_0039.mp4,700,23.356666666666666,29.97002997002997,376,1,traffic_lights,0.432102233171463,3121.020751953125,1107.8643798828125,3212.205322265625,1236.390869140625,3166.613037109375,1172.1276245117188,91.1845703125,128.5264892578125
IMG_0039.mp4,700,23.356666666666666,29.97002997002997,336,2,traffic_signs,0.4902932643890381,2039.0284423828125,1125.4140625,2124.47216796875,1241.2041015625,2081.7503051757812,1183.30908203125,85.4437255859375,115.7900390625
IMG_0039.mp4,700,23.356666666666666,29.97002997002997,206,2,traffic_signs,0.35049498081207275,3125.017822265625,1019.4879760742188,3225.592529296875,1106.719970703125,3175.30517578125,1063.1039733886719,100.57470703125,87.23199462890625
IMG_0039.mp4,701,23.390033333333335,29.97002997002997,263,1,traffic_lights,0.8866245746612549,2427.955322265625,667.6561279296875,2493.4453125,797.3882446289062,2460.7003173828125,732.5221862792969,65.489990234375,129.73211669921875
IMG_0039.mp4,701,23.390033333333335,29.97002997002997,346,1,traffic_lights,0.8514718413352966,2150.956298828125,1112.630859375,2191.846435546875,1220.9990234375,2171.4013671875,1166.81494140625,40.89013671875,108.3681640625
IMG_0039.mp4,701,23.390033333333335,29.97002997002997,376,1,traffic_lights,0.728638768196106,3117.90869140625,1108.8712158203125,3220.515625,1237.490234375,3169.212158203125,1173.1807250976562,102.60693359375,128.6190185546875
IMG_0039.mp4,701,23.390033333333335,29.97002997002997,336,2,traffic_signs,0.36824727058410645,2038.0843505859375,1121.5838623046875,2124.0078125,1241.0369873046875,2081.0460815429688,1181.3104248046875,85.9234619140625,119.453125
IMG_0039.mp4,701,23.390033333333335,29.97002997002997,206,2,traffic_signs,0.613068699836731,3123.256103515625,1018.97119140625,3225.011962890625,1106.7601318359375,3174.134033203125,1062.8656616210938,101.755859375,87.7889404296875
IMG_0039.mp4,702,23.4234,29.97002997002997,263,1,traffic_lights,0.8883171677589417,2428.2451171875,667.71875,2493.412353515625,796.5302734375,2460.8287353515625,732.12451171875,65.167236328125,128.8115234375
IMG_0039.mp4,702,23.4234,29.97002997002997,346,1,traffic_lights,0.7997600436210632,2150.835693359375,1112.3880615234375,2192.06298828125,1220.7362060546875,2171.4493408203125,1166.5621337890625,41.227294921875,108.34814453125
IMG_0039.mp4,702,23.4234,29.97002997002997,376,1,traffic_lights,0.5041815638542175,3117.595947265625,1108.6044921875,3224.75390625,1237.1041259765625,3171.1749267578125,1172.8543090820312,107.157958984375,128.4996337890625
IMG_0039.mp4,702,23.4234,29.97002997002997,336,2,traffic_signs,0.4126783311367035,2038.5836181640625,1123.73193359375,2123.62939453125,1240.4937744140625,2081.1065063476562,1182.1128540039062,85.0457763671875,116.7618408203125
IMG_0039.mp4,702,23.4234,29.97002997002997,206,2,traffic_signs,0.4751303493976593,3123.233642578125,1017.91552734375,3225.29052734375,1106.5693359375,3174.2620849609375,1062.242431640625,102.056884765625,88.65380859375
IMG_0039.mp4,703,23.456766666666667,29.97002997002997,263,1,traffic_lights,0.8859983682632446,2428.0478515625,667.153564453125,2493.20556640625,797.19677734375,2460.626708984375,732.1751708984375,65.15771484375,130.043212890625
IMG_0039.mp4,703,23.456766666666667,29.97002997002997,346,1,traffic_lights,0.7999124526977539,2150.36669921875,1112.205078125,2192.27001953125,1220.9908447265625,2171.318359375,1166.5979614257812,41.9033203125,108.7857666015625
IMG_0039.mp4,703,23.456766666666667,29.97002997002997,376,1,traffic_lights,0.3679158389568329,3117.864990234375,1109.4010009765625,3226.724365234375,1236.7991943359375,3172.294677734375,1173.10009765625,108.859375,127.398193359375
IMG_0039.mp4,703,23.456766666666667,29.97002997002997,336,2,traffic_signs,0.3705010712146759,2037.5924072265625,1121.1793212890625,2124.36962890625,1240.8787841796875,2080.9810180664062,1181.029052734375,86.7772216796875,119.699462890625
IMG_0039.mp4,704,23.490133333333333,29.97002997002997,263,1,traffic_lights,0.8878439664840698,2428.069091796875,667.0899658203125,2493.3037109375,797.024658203125,2460.6864013671875,732.0573120117188,65.234619140625,129.9346923828125
IMG_0039.mp4,704,23.490133333333333,29.97002997002997,346,1,traffic_lights,0.8365662693977356,2150.75927734375,1112.6920166015625,2191.475341796875,1220.4552001953125,2171.1173095703125,1166.5736083984375,40.716064453125,107.76318359375
IMG_0039.mp4,704,23.490133333333333,29.97002997002997,376,1,traffic_lights,0.6536648869514465,3119.05810546875,1109.624267578125,3232.451416015625,1236.693603515625,3175.7547607421875,1173.158935546875,113.393310546875,127.0693359375
IMG_0039.mp4,704,23.490133333333333,29.97002997002997,336,2,traffic_signs,0.38869380950927734,2037.44091796875,1121.079833984375,2124.80078125,1240.483642578125,2081.120849609375,1180.78173828125,87.35986328125,119.40380859375
IMG_0039.mp4,704,23.490133333333333,29.97002997002997,206,2,traffic_signs,0.4230209290981293,3123.7861328125,1018.1903076171875,3225.59375,1106.7379150390625,3174.68994140625,1062.464111328125,101.8076171875,88.547607421875
IMG_0039.mp4,705,23.523500000000002,29.97002997002997,263,1,traffic_lights,0.8800568580627441,2428.213623046875,667.3184814453125,2493.498046875,797.2175903320312,2460.8558349609375,732.2680358886719,65.284423828125,129.89910888671875
IMG_0039.mp4,705,23.523500000000002,29.97002997002997,346,1,traffic_lights,0.7278655171394348,2150.443359375,1111.7811279296875,2192.0205078125,1220.382080078125,2171.23193359375,1166.0816040039062,41.5771484375,108.6009521484375
IMG_0039.mp4,705,23.523500000000002,29.97002997002997,376,1,traffic_lights,0.27981889247894287,3119.440185546875,1109.5518798828125,3225.0302734375,1234.0819091796875,3172.2352294921875,1171.81689453125,105.590087890625,124.530029296875
IMG_0039.mp4,705,23.523500000000002,29.97002997002997,336,2,traffic_signs,0.4728563129901886,2039.8096923828125,1130.680908203125,2123.288818359375,1240.232177734375,2081.5492553710938,1185.45654296875,83.4791259765625,109.55126953125
IMG_0039.mp4,705,23.523500000000002,29.97002997002997,433,2,traffic_signs,0.4602324962615967,2020.545166015625,1098.2044677734375,2095.17578125,1173.7625732421875,2057.8604736328125,1135.9835205078125,74.630615234375,75.55810546875
IMG_0039.mp4,706,23.556866666666668,29.97002997002997,263,1,traffic_lights,0.879278302192688,2427.0068359375,666.8743286132812,2493.20361328125,797.2238159179688,2460.105224609375,732.049072265625,66.19677734375,130.3494873046875
IMG_0039.mp4,706,23.556866666666668,29.97002997002997,346,1,traffic_lights,0.6758711338043213,2145.753173828125,1110.0765380859375,2191.86376953125,1220.71826171875,2168.8084716796875,1165.3973999023438,46.110595703125,110.6417236328125
IMG_0039.mp4,706,23.556866666666668,29.97002997002997,376,1,traffic_lights,0.766517162322998,3117.9482421875,1109.58544921875,3211.258544921875,1218.1329345703125,3164.6033935546875,1163.8591918945312,93.310302734375,108.5474853515625
IMG_0039.mp4,706,23.556866666666668,29.97002997002997,336,2,traffic_signs,0.6324170231819153,2037.9569091796875,1133.39208984375,2125.254150390625,1239.7392578125,2081.6055297851562,1186.565673828125,87.2972412109375,106.34716796875
IMG_0039.mp4,706,23.556866666666668,29.97002997002997,433,2,traffic_signs,0.28110378980636597,2019.584228515625,1098.112548828125,2094.632568359375,1175.028564453125,2057.1083984375,1136.570556640625,75.04833984375,76.916015625
IMG_0039.mp4,707,23.590233333333334,29.97002997002997,263,1,traffic_lights,0.9022144675254822,2427.56201171875,667.793701171875,2493.5166015625,797.7123413085938,2460.539306640625,732.7530212402344,65.95458984375,129.91864013671875
IMG_0039.mp4,707,23.590233333333334,29.97002997002997,376,1,traffic_lights,0.6986278891563416,3122.647216796875,1109.8199462890625,3205.85400390625,1231.5458984375,3164.2506103515625,1170.6829223632812,83.206787109375,121.7259521484375
IMG_0039.mp4,707,23.590233333333334,29.97002997002997,206,2,traffic_signs,0.48463207483291626,3124.086181640625,1021.0462646484375,3221.539306640625,1107.7156982421875,3172.812744140625,1064.3809814453125,97.453125,86.66943359375
IMG_0039.mp4,708,23.6236,29.97002997002997,263,1,traffic_lights,0.8694570660591125,2429.965576171875,683.8909301757812,2492.802001953125,794.794921875,2461.3837890625,739.3429260253906,62.83642578125,110.90399169921875
IMG_0039.mp4,708,23.6236,29.97002997002997,376,1,traffic_lights,0.7010307312011719,3125.488037109375,1109.947509765625,3200.779052734375,1232.043212890625,3163.133544921875,1170.995361328125,75.291015625,122.095703125
IMG_0039.mp4,708,23.6236,29.97002997002997,206,2,traffic_signs,0.6440989971160889,3121.150634765625,1020.833251953125,3221.645751953125,1108.409423828125,3171.398193359375,1064.621337890625,100.4951171875,87.576171875
IMG_0039.mp4,708,23.6236,29.97002997002997,346,1,traffic_lights,0.8088788390159607,2150.62255859375,1113.3853759765625,2191.494140625,1222.7335205078125,2171.058349609375,1168.0594482421875,40.87158203125,109.34814453125
IMG_0039.mp4,708,23.6236,29.97002997002997,336,2,traffic_signs,0.7925001978874207,2045.2684326171875,1147.9337158203125,2125.390869140625,1238.6739501953125,2085.3296508789062,1193.3038330078125,80.1224365234375,90.740234375
IMG_0039.mp4,708,23.6236,29.97002997002997,433,2,traffic_signs,0.38957691192626953,2021.7430419921875,1099.0546875,2092.8193359375,1170.45751953125,2057.2811889648438,1134.756103515625,71.0762939453125,71.40283203125
IMG_0039.mp4,709,23.656966666666666,29.97002997002997,263,1,traffic_lights,0.8897458910942078,2429.818603515625,672.416015625,2492.866455078125,796.5281372070312,2461.342529296875,734.4720764160156,63.0478515625,124.11212158203125
IMG_0039.mp4,709,23.656966666666666,29.97002997002997,376,1,traffic_lights,0.7806302905082703,3126.205322265625,1109.1202392578125,3201.47412109375,1232.5941162109375,3163.8397216796875,1170.857177734375,75.268798828125,123.473876953125
IMG_0039.mp4,709,23.656966666666666,29.97002997002997,206,2,traffic_signs,0.7099573612213135,3119.7353515625,1021.4689331054688,3222.123779296875,1109.34765625,3170.9295654296875,1065.4082946777344,102.388427734375,87.87872314453125
IMG_0039.mp4,709,23.656966666666666,29.97002997002997,346,1,traffic_lights,0.8293916583061218,2150.51220703125,1113.15576171875,2191.306396484375,1223.4814453125,2170.9093017578125,1168.318603515625,40.794189453125,110.32568359375
IMG_0039.mp4,709,23.656966666666666,29.97002997002997,336,2,traffic_signs,0.3938009738922119,2043.6031494140625,1135.72119140625,2123.474365234375,1239.68701171875,2083.5387573242188,1187.7041015625,79.8712158203125,103.9658203125
IMG_0039.mp4,709,23.656966666666666,29.97002997002997,433,2,traffic_signs,0.38223928213119507,2021.407958984375,1098.259765625,2093.718994140625,1172.8216552734375,2057.5634765625,1135.5407104492188,72.31103515625,74.5618896484375
IMG_0039.mp4,710,23.690333333333335,29.97002997002997,263,1,traffic_lights,0.8904404640197754,2429.924072265625,669.1375732421875,2492.9560546875,796.5153198242188,2461.4400634765625,732.8264465332031,63.031982421875,127.37774658203125
IMG_0039.mp4,710,23.690333333333335,29.97002997002997,376,1,traffic_lights,0.7824930548667908,3121.462158203125,1108.6114501953125,3210.6142578125,1235.59765625,3166.0382080078125,1172.1045532226562,89.152099609375,126.9862060546875
IMG_0039.mp4,710,23.690333333333335,29.97002997002997,206,2,traffic_signs,0.7800849676132202,3119.240478515625,1021.3988647460938,3222.649169921875,1108.9630126953125,3170.94482421875,1065.1809387207031,103.40869140625,87.56414794921875
IMG_0039.mp4,710,23.690333333333335,29.97002997002997,346,1,traffic_lights,0.8544537425041199,2150.33935546875,1113.3638916015625,2191.012451171875,1223.3214111328125,2170.6759033203125,1168.3426513671875,40.673095703125,109.95751953125
IMG_0039.mp4,710,23.690333333333335,29.97002997002997,336,2,traffic_signs,0.4339350759983063,2040.004638671875,1120.6929931640625,2123.744873046875,1240.09716796875,2081.874755859375,1180.3950805664062,83.740234375,119.4041748046875
IMG_0039.mp4,711,23.7237,29.97002997002997,263,1,traffic_lights,0.8934034109115601,2429.97119140625,668.8004150390625,2492.8828125,797.3634643554688,2461.427001953125,733.0819396972656,62.91162109375,128.56304931640625
IMG_0039.mp4,711,23.7237,29.97002997002997,206,2,traffic_signs,0.37528112530708313,3118.06201171875,1022.3179321289062,3222.735595703125,1108.3201904296875,3170.3988037109375,1065.3190612792969,104.673583984375,86.00225830078125
IMG_0039.mp4,711,23.7237,29.97002997002997,346,1,traffic_lights,0.7920325994491577,2150.564208984375,1113.2418212890625,2191.50634765625,1222.9783935546875,2171.0352783203125,1168.110107421875,40.942138671875,109.736572265625
IMG_0039.mp4,711,23.7237,29.97002997002997,433,2,traffic_signs,0.45562130212783813,2021.6019287109375,1098.1473388671875,2094.25390625,1172.75341796875,2057.9279174804688,1135.4503784179688,72.6519775390625,74.6060791015625
IMG_0039.mp4,712,23.757066666666667,29.97002997002997,263,1,traffic_lights,0.8863893747329712,2429.453125,667.3681030273438,2493.000732421875,796.9440307617188,2461.2269287109375,732.1560668945312,63.547607421875,129.575927734375
IMG_0039.mp4,712,23.757066666666667,29.97002997002997,346,1,traffic_lights,0.81859290599823,2150.231689453125,1112.2862548828125,2191.35595703125,1222.3876953125,2170.7938232421875,1167.3369750976562,41.124267578125,110.1014404296875
IMG_0039.mp4,712,23.757066666666667,29.97002997002997,433,2,traffic_signs,0.5030156970024109,2020.82177734375,1097.52392578125,2094.23193359375,1171.7076416015625,2057.52685546875,1134.6157836914062,73.41015625,74.1837158203125
IMG_0039.mp4,712,23.757066666666667,29.97002997002997,336,2,traffic_signs,0.4796079695224762,2043.23974609375,1134.182861328125,2123.63037109375,1239.366455078125,2083.43505859375,1186.774658203125,80.390625,105.18359375
IMG_0039.mp4,713,23.790433333333333,29.97002997002997,263,1,traffic_lights,0.8955018520355225,2430.148193359375,668.084228515625,2493.3076171875,797.1876831054688,2461.7279052734375,732.6359558105469,63.159423828125,129.10345458984375
IMG_0039.mp4,713,23.790433333333333,29.97002997002997,346,1,traffic_lights,0.8457732200622559,2150.92236328125,1113.607666015625,2191.37548828125,1223.5006103515625,2171.14892578125,1168.5541381835938,40.453125,109.8929443359375
IMG_0039.mp4,713,23.790433333333333,29.97002997002997,433,2,traffic_signs,0.4563198387622833,2021.422119140625,1098.318359375,2094.98779296875,1171.9600830078125,2058.2049560546875,1135.1392211914062,73.565673828125,73.6417236328125
IMG_0039.mp4,713,23.790433333333333,29.97002997002997,336,2,traffic_signs,0.41924795508384705,2043.900146484375,1133.4852294921875,2123.1259765625,1239.900390625,2083.5130615234375,1186.6928100585938,79.225830078125,106.4151611328125
IMG_0039.mp4,713,23.790433333333333,29.97002997002997,376,1,traffic_lights,0.8363788723945618,3126.32861328125,1110.6748046875,3211.06298828125,1237.59521484375,3168.69580078125,1174.135009765625,84.734375,126.92041015625
IMG_0039.mp4,713,23.790433333333333,29.97002997002997,206,2,traffic_signs,0.7855544686317444,3119.535400390625,1023.3868408203125,3223.109130859375,1109.6649169921875,3171.322265625,1066.52587890625,103.57373046875,86.278076171875
IMG_0039.mp4,714,23.823800000000002,29.97002997002997,346,1,traffic_lights,0.8134764432907104,2150.703369140625,1112.5623779296875,2191.826904296875,1221.7357177734375,2171.26513671875,1167.1490478515625,41.12353515625,109.17333984375
IMG_0039.mp4,714,23.823800000000002,29.97002997002997,433,2,traffic_signs,0.6245381832122803,2020.8487548828125,1098.52099609375,2094.224365234375,1170.0784912109375,2057.5365600585938,1134.2997436523438,73.3756103515625,71.5574951171875
IMG_0039.mp4,714,23.823800000000002,29.97002997002997,336,2,traffic_signs,0.7955945134162903,2046.43896484375,1146.1380615234375,2123.921142578125,1239.1094970703125,2085.1800537109375,1192.623779296875,77.482177734375,92.971435546875
IMG_0039.mp4,714,23.823800000000002,29.97002997002997,376,1,traffic_lights,0.7664356827735901,3125.763916015625,1110.4969482421875,3209.89990234375,1236.6737060546875,3167.8319091796875,1173.5853271484375,84.135986328125,126.1767578125
IMG_0039.mp4,714,23.823800000000002,29.97002997002997,206,2,traffic_signs,0.726966142654419,3119.474365234375,1021.4130249023438,3222.861572265625,1109.699951171875,3171.16796875,1065.5564880371094,103.38720703125,88.28692626953125
IMG_0039.mp4,715,23.857166666666668,29.97002997002997,336,2,traffic_signs,0.9120535254478455,2062.580322265625,1149.5115966796875,2127.128662109375,1240.253662109375,2094.8544921875,1194.8826293945312,64.54833984375,90.7420654296875
IMG_0039.mp4,715,23.857166666666668,29.97002997002997,376,1,traffic_lights,0.6548848152160645,3129.18798828125,1110.2376708984375,3208.6435546875,1236.942138671875,3168.915771484375,1173.5899047851562,79.45556640625,126.7044677734375
IMG_0039.mp4,715,23.857166666666668,29.97002997002997,206,2,traffic_signs,0.8295546770095825,3118.8583984375,1021.8280029296875,3223.1865234375,1110.219970703125,3171.0224609375,1066.0239868164062,104.328125,88.3919677734375
IMG_0039.mp4,715,23.857166666666668,29.97002997002997,263,1,traffic_lights,0.8907098174095154,2429.423828125,667.2359008789062,2493.062255859375,797.138427734375,2461.2430419921875,732.1871643066406,63.638427734375,129.90252685546875
IMG_0039.mp4,716,23.890533333333334,29.97002997002997,336,2,traffic_signs,0.8364353179931641,2051.991455078125,1149.9310302734375,2128.961669921875,1240.3980712890625,2090.4765625,1195.16455078125,76.97021484375,90.467041015625
IMG_0039.mp4,716,23.890533333333334,29.97002997002997,376,1,traffic_lights,0.8199945092201233,3125.3017578125,1109.5362548828125,3210.281005859375,1236.7242431640625,3167.7913818359375,1173.1302490234375,84.979248046875,127.18798828125
IMG_0039.mp4,716,23.890533333333334,29.97002997002997,206,2,traffic_signs,0.8393112421035767,3119.12744140625,1022.2802734375,3223.337646484375,1109.176513671875,3171.2325439453125,1065.7283935546875,104.210205078125,86.896240234375
IMG_0039.mp4,716,23.890533333333334,29.97002997002997,263,1,traffic_lights,0.8927345871925354,2429.66162109375,667.0317993164062,2493.619873046875,797.4839477539062,2461.6407470703125,732.2578735351562,63.958251953125,130.4521484375
IMG_0039.mp4,716,23.890533333333334,29.97002997002997,346,1,traffic_lights,0.8694810271263123,2151.8515625,1112.3116455078125,2191.36181640625,1224.5960693359375,2171.606689453125,1168.453857421875,39.51025390625,112.284423828125
IMG_0039.mp4,716,23.890533333333334,29.97002997002997,433,2,traffic_signs,0.5286346077919006,2020.603759765625,1098.258056640625,2095.823974609375,1171.7779541015625,2058.2138671875,1135.0180053710938,75.22021484375,73.5198974609375
IMG_0039.mp4,717,23.9239,29.97002997002997,336,2,traffic_signs,0.6199054718017578,2045.102294921875,1143.28076171875,2128.383056640625,1240.330810546875,2086.74267578125,1191.8057861328125,83.28076171875,97.050048828125
IMG_0039.mp4,717,23.9239,29.97002997002997,376,1,traffic_lights,0.5402924418449402,3125.20263671875,1107.902099609375,3209.24365234375,1235.4404296875,3167.22314453125,1171.6712646484375,84.041015625,127.538330078125
IMG_0039.mp4,717,23.9239,29.97002997002997,206,2,traffic_signs,0.8092247247695923,3118.089599609375,1021.8297729492188,3223.728515625,1108.790771484375,3170.9090576171875,1065.3102722167969,105.638916015625,86.96099853515625
IMG_0039.mp4,717,23.9239,29.97002997002997,263,1,traffic_lights,0.8928908109664917,2429.83642578125,667.4163208007812,2493.623046875,797.511474609375,2461.729736328125,732.4638977050781,63.78662109375,130.09515380859375
IMG_0039.mp4,717,23.9239,29.97002997002997,346,1,traffic_lights,0.8467733263969421,2151.936767578125,1111.6497802734375,2192.1103515625,1225.017578125,2172.0235595703125,1168.3336791992188,40.173583984375,113.3677978515625
IMG_0039.mp4,717,23.9239,29.97002997002997,433,2,traffic_signs,0.3311031758785248,2020.1173095703125,1097.4039306640625,2097.237060546875,1175.234619140625,2058.6771850585938,1136.3192749023438,77.1197509765625,77.8306884765625
IMG_0039.mp4,718,23.957266666666666,29.97002997002997,336,2,traffic_signs,0.581173300743103,2044.8919677734375,1142.3751220703125,2127.618896484375,1240.1123046875,2086.2554321289062,1191.2437133789062,82.7269287109375,97.7371826171875
IMG_0039.mp4,718,23.957266666666666,29.97002997002997,376,1,traffic_lights,0.6029582619667053,3124.672607421875,1107.6163330078125,3208.8193359375,1235.7459716796875,3166.7459716796875,1171.68115234375,84.146728515625,128.129638671875
IMG_0039.mp4,718,23.957266666666666,29.97002997002997,206,2,traffic_signs,0.7905656695365906,3118.3583984375,1022.09912109375,3223.775390625,1108.8592529296875,3171.06689453125,1065.4791870117188,105.4169921875,86.7601318359375
IMG_0039.mp4,718,23.957266666666666,29.97002997002997,263,1,traffic_lights,0.8936425447463989,2429.775390625,667.5799560546875,2493.028076171875,797.7542114257812,2461.4017333984375,732.6670837402344,63.252685546875,130.17425537109375
IMG_0039.mp4,718,23.957266666666666,29.97002997002997,346,1,traffic_lights,0.8498309850692749,2152.958984375,1111.1038818359375,2192.249755859375,1224.74951171875,2172.6043701171875,1167.9266967773438,39.290771484375,113.6456298828125
IMG_0039.mp4,718,23.957266666666666,29.97002997002997,433,2,traffic_signs,0.38900282979011536,2020.3837890625,1097.083740234375,2095.714111328125,1175.50537109375,2058.0489501953125,1136.2945556640625,75.330322265625,78.421630859375
IMG_0039.mp4,719,23.990633333333335,29.97002997002997,336,2,traffic_signs,0.5234824419021606,2044.646728515625,1141.5025634765625,2127.618408203125,1239.983642578125,2086.132568359375,1190.7431030273438,82.9716796875,98.4810791015625
IMG_0039.mp4,719,23.990633333333335,29.97002997002997,376,1,traffic_lights,0.5384141802787781,3124.487548828125,1105.662109375,3209.96484375,1236.801513671875,3167.2261962890625,1171.2318115234375,85.477294921875,131.139404296875
IMG_0039.mp4,719,23.990633333333335,29.97002997002997,206,2,traffic_signs,0.8139826655387878,3118.3681640625,1022.4671630859375,3223.832763671875,1108.23828125,3171.1004638671875,1065.3527221679688,105.464599609375,85.7711181640625
IMG_0039.mp4,719,23.990633333333335,29.97002997002997,263,1,traffic_lights,0.8906387090682983,2429.677490234375,667.7838134765625,2492.81689453125,797.5154418945312,2461.2471923828125,732.6496276855469,63.139404296875,129.73162841796875
IMG_0039.mp4,719,23.990633333333335,29.97002997002997,346,1,traffic_lights,0.8666313886642456,2152.905029296875,1110.8740234375,2191.537109375,1224.5809326171875,2172.2210693359375,1167.7274780273438,38.632080078125,113.7069091796875
IMG_0039.mp4,719,23.990633333333335,29.97002997002997,433,2,traffic_signs,0.3483569324016571,2020.4918212890625,1096.8651123046875,2095.482177734375,1175.550537109375,2057.9869995117188,1136.2078247070312,74.9903564453125,78.6854248046875
IMG_0039.mp4,720,24.024,29.97002997002997,336,2,traffic_signs,0.580553412437439,2044.340087890625,1141.059326171875,2127.087646484375,1239.787353515625,2085.7138671875,1190.42333984375,82.74755859375,98.72802734375
IMG_0039.mp4,720,24.024,29.97002997002997,376,1,traffic_lights,0.6141836047172546,3124.2685546875,1106.6031494140625,3210.391845703125,1236.8780517578125,3167.3302001953125,1171.7406005859375,86.123291015625,130.27490234375
IMG_0039.mp4,720,24.024,29.97002997002997,206,2,traffic_signs,0.7952166199684143,3118.2587890625,1022.6157836914062,3224.26708984375,1108.542724609375,3171.262939453125,1065.5792541503906,106.00830078125,85.92694091796875
IMG_0039.mp4,720,24.024,29.97002997002997,263,1,traffic_lights,0.8982939124107361,2429.911376953125,668.220703125,2492.3623046875,797.3753662109375,2461.1368408203125,732.7980346679688,62.450927734375,129.1546630859375
IMG_0039.mp4,720,24.024,29.97002997002997,346,1,traffic_lights,0.8475884199142456,2153.1201171875,1110.701416015625,2191.500244140625,1224.6685791015625,2172.3101806640625,1167.6849975585938,38.380126953125,113.9671630859375
IMG_0039.mp4,720,24.024,29.97002997002997,433,2,traffic_signs,0.3216434717178345,2020.4671630859375,1096.825439453125,2095.320556640625,1175.9774169921875,2057.8938598632812,1136.4014282226562,74.8533935546875,79.1519775390625
IMG_0039.mp4,721,24.057366666666667,29.97002997002997,336,2,traffic_signs,0.5325930118560791,2043.738037109375,1139.855224609375,2127.91552734375,1239.7237548828125,2085.8267822265625,1189.7894897460938,84.177490234375,99.8685302734375
IMG_0039.mp4,721,24.057366666666667,29.97002997002997,376,1,traffic_lights,0.40991196036338806,3124.419677734375,1106.82275390625,3210.308837890625,1237.08837890625,3167.3642578125,1171.95556640625,85.88916015625,130.265625
IMG_0039.mp4,721,24.057366666666667,29.97002997002997,206,2,traffic_signs,0.7957772016525269,3117.988525390625,1022.6480712890625,3223.634521484375,1108.7740478515625,3170.8115234375,1065.7110595703125,105.64599609375,86.1259765625
IMG_0039.mp4,721,24.057366666666667,29.97002997002997,263,1,traffic_lights,0.8902122378349304,2429.608154296875,667.904296875,2492.568603515625,797.6111450195312,2461.08837890625,732.7577209472656,62.96044921875,129.70684814453125
IMG_0039.mp4,721,24.057366666666667,29.97002997002997,346,1,traffic_lights,0.8461788296699524,2153.028076171875,1110.2667236328125,2191.301025390625,1224.9630126953125,2172.16455078125,1167.6148681640625,38.27294921875,114.6962890625
IMG_0039.mp4,721,24.057366666666667,29.97002997002997,433,2,traffic_signs,0.29889190196990967,2020.404296875,1096.61376953125,2095.9091796875,1176.3917236328125,2058.15673828125,1136.5027465820312,75.5048828125,79.7779541015625
IMG_0039.mp4,722,24.090733333333333,29.97002997002997,336,2,traffic_signs,0.32909905910491943,2040.2481689453125,1130.7122802734375,2129.057861328125,1240.4017333984375,2084.6530151367188,1185.5570068359375,88.8096923828125,109.689453125
IMG_0039.mp4,722,24.090733333333333,29.97002997002997,376,1,traffic_lights,0.4841790795326233,3124.6416015625,1107.7020263671875,3211.475830078125,1238.490966796875,3168.0587158203125,1173.0964965820312,86.834228515625,130.7889404296875
IMG_0039.mp4,722,24.090733333333333,29.97002997002997,206,2,traffic_signs,0.8181872367858887,3118.82666015625,1022.7389526367188,3223.7333984375,1109.1907958984375,3171.280029296875,1065.9648742675781,104.90673828125,86.45184326171875
IMG_0039.mp4,722,24.090733333333333,29.97002997002997,263,1,traffic_lights,0.8972991108894348,2430.0458984375,668.2046508789062,2492.677001953125,797.3368530273438,2461.3614501953125,732.770751953125,62.631103515625,129.1322021484375
IMG_0039.mp4,722,24.090733333333333,29.97002997002997,346,1,traffic_lights,0.8649884462356567,2152.825439453125,1110.4310302734375,2191.112548828125,1224.97119140625,2171.968994140625,1167.7011108398438,38.287109375,114.5401611328125
IMG_0039.mp4,723,24.124100000000002,29.97002997002997,336,2,traffic_signs,0.5268827080726624,2042.06884765625,1138.522705078125,2128.5771484375,1240.4111328125,2085.322998046875,1189.4669189453125,86.50830078125,101.888427734375
IMG_0039.mp4,723,24.124100000000002,29.97002997002997,376,1,traffic_lights,0.294573038816452,3134.492431640625,1108.8511962890625,3206.345703125,1238.7877197265625,3170.4190673828125,1173.8194580078125,71.853271484375,129.9365234375
IMG_0039.mp4,723,24.124100000000002,29.97002997002997,206,2,traffic_signs,0.5983254909515381,3124.154052734375,1023.3056030273438,3223.58056640625,1109.551025390625,3173.8673095703125,1066.4283142089844,99.426513671875,86.24542236328125
IMG_0039.mp4,723,24.124100000000002,29.97002997002997,263,1,traffic_lights,0.8916205763816833,2429.87890625,667.745361328125,2492.948974609375,797.18017578125,2461.4139404296875,732.4627685546875,63.070068359375,129.434814453125
IMG_0039.mp4,723,24.124100000000002,29.97002997002997,346,1,traffic_lights,0.8232617974281311,2152.6982421875,1111.1923828125,2190.98095703125,1224.3209228515625,2171.839599609375,1167.7566528320312,38.28271484375,113.1285400390625
IMG_0039.mp4,723,24.124100000000002,29.97002997002997,433,2,traffic_signs,0.29900601506233215,2020.441162109375,1098.176513671875,2096.36474609375,1174.13671875,2058.4029541015625,1136.1566162109375,75.923583984375,75.960205078125
IMG_0039.mp4,724,24.157466666666668,29.97002997002997,376,1,traffic_lights,0.336285263299942,3139.577880859375,1109.767333984375,3205.765625,1237.56689453125,3172.6717529296875,1173.6671142578125,66.187744140625,127.799560546875
IMG_0039.mp4,724,24.157466666666668,29.97002997002997,206,2,traffic_signs,0.7627772688865662,3122.258056640625,1022.7362670898438,3223.324951171875,1109.806396484375,3172.79150390625,1066.2713317871094,101.06689453125,87.07012939453125
IMG_0039.mp4,724,24.157466666666668,29.97002997002997,263,1,traffic_lights,0.8964301943778992,2430.102783203125,668.2727661132812,2492.583251953125,796.3562622070312,2461.343017578125,732.3145141601562,62.48046875,128.08349609375
IMG_0039.mp4,724,24.157466666666668,29.97002997002997,346,1,traffic_lights,0.667969286441803,2149.95849609375,1110.7540283203125,2193.0107421875,1226.907958984375,2171.484619140625,1168.8309936523438,43.05224609375,116.1539306640625
IMG_0039.mp4,725,24.190833333333334,29.97002997002997,376,1,traffic_lights,0.664872944355011,3133.912109375,1109.7767333984375,3209.177978515625,1238.5494384765625,3171.5450439453125,1174.1630859375,75.265869140625,128.772705078125
IMG_0039.mp4,725,24.190833333333334,29.97002997002997,206,2,traffic_signs,0.789188802242279,3121.562255859375,1022.6962890625,3223.282470703125,1110.0194091796875,3172.42236328125,1066.3578491210938,101.72021484375,87.3231201171875
IMG_0039.mp4,725,24.190833333333334,29.97002997002997,346,1,traffic_lights,0.869854748249054,2150.5283203125,1111.54833984375,2192.2412109375,1225.9149169921875,2171.384765625,1168.7316284179688,41.712890625,114.3665771484375
IMG_0039.mp4,725,24.190833333333334,29.97002997002997,336,2,traffic_signs,0.42199453711509705,2047.20947265625,1148.5050048828125,2127.5107421875,1241.06787109375,2087.360107421875,1194.7864379882812,80.30126953125,92.5628662109375
IMG_0039.mp4,725,24.190833333333334,29.97002997002997,433,2,traffic_signs,0.620441734790802,2021.214599609375,1098.9234619140625,2093.854736328125,1170.1307373046875,2057.53466796875,1134.527099609375,72.64013671875,71.207275390625
IMG_0039.mp4,726,24.2242,29.97002997002997,206,2,traffic_signs,0.7526140809059143,3120.69091796875,1022.8118286132812,3223.334228515625,1110.2894287109375,3172.0125732421875,1066.5506286621094,102.643310546875,87.47760009765625
IMG_0039.mp4,726,24.2242,29.97002997002997,346,1,traffic_lights,0.82928866147995,2150.57080078125,1111.4617919921875,2192.1943359375,1225.14794921875,2171.382568359375,1168.3048706054688,41.62353515625,113.6861572265625
IMG_0039.mp4,726,24.2242,29.97002997002997,433,2,traffic_signs,0.2519080340862274,2020.6595458984375,1097.668212890625,2096.146240234375,1176.1986083984375,2058.4028930664062,1136.9334106445312,75.4866943359375,78.5303955078125
IMG_0039.mp4,726,24.2242,29.97002997002997,263,1,traffic_lights,0.8886459469795227,2430.185302734375,668.2221069335938,2493.163818359375,796.1912231445312,2461.674560546875,732.2066650390625,62.978515625,127.9691162109375
IMG_0039.mp4,727,24.257566666666666,29.97002997002997,346,1,traffic_lights,0.8351519107818604,2151.093505859375,1111.0738525390625,2192.1279296875,1225.5306396484375,2171.6107177734375,1168.30224609375,41.034423828125,114.456787109375
IMG_0039.mp4,727,24.257566666666666,29.97002997002997,433,2,traffic_signs,0.4445287585258484,2020.5164794921875,1097.19482421875,2095.849853515625,1175.1771240234375,2058.1831665039062,1136.1859741210938,75.3333740234375,77.9822998046875
IMG_0039.mp4,727,24.257566666666666,29.97002997002997,263,1,traffic_lights,0.8767166137695312,2429.862548828125,668.2215576171875,2493.42236328125,797.0348510742188,2461.6424560546875,732.6282043457031,63.559814453125,128.81329345703125
IMG_0039.mp4,728,24.290933333333335,29.97002997002997,346,1,traffic_lights,0.8568779230117798,2151.2177734375,1111.3460693359375,2191.48583984375,1225.2286376953125,2171.351806640625,1168.287353515625,40.26806640625,113.882568359375
IMG_0039.mp4,728,24.290933333333335,29.97002997002997,433,2,traffic_signs,0.37322261929512024,2020.48193359375,1096.9830322265625,2095.750732421875,1174.974853515625,2058.1163330078125,1135.9789428710938,75.268798828125,77.9918212890625
IMG_0039.mp4,728,24.290933333333335,29.97002997002997,263,1,traffic_lights,0.8781293630599976,2430.0244140625,668.3916625976562,2493.48681640625,797.0867309570312,2461.755615234375,732.7391967773438,63.46240234375,128.695068359375
IMG_0039.mp4,728,24.290933333333335,29.97002997002997,376,1,traffic_lights,0.5073994994163513,3118.84716796875,1108.943603515625,3210.904296875,1236.782470703125,3164.875732421875,1172.863037109375,92.05712890625,127.8388671875
IMG_0039.mp4,728,24.290933333333335,29.97002997002997,206,2,traffic_signs,0.7571675181388855,3118.737060546875,1022.6842651367188,3223.886474609375,1108.47021484375,3171.311767578125,1065.5772399902344,105.1494140625,85.78594970703125
IMG_0039.mp4,729,24.3243,29.97002997002997,346,1,traffic_lights,0.7999821305274963,2150.926513671875,1111.3095703125,2191.781005859375,1224.6597900390625,2171.353759765625,1167.9846801757812,40.8544921875,113.3502197265625
IMG_0039.mp4,729,24.3243,29.97002997002997,433,2,traffic_signs,0.2848760485649109,2020.1534423828125,1096.67333984375,2096.175048828125,1177.892333984375,2058.1642456054688,1137.2828369140625,76.0216064453125,81.218994140625
IMG_0039.mp4,729,24.3243,29.97002997002997,263,1,traffic_lights,0.8779197335243225,2430.225341796875,668.1430053710938,2493.396728515625,796.7901611328125,2461.81103515625,732.4665832519531,63.17138671875,128.64715576171875
IMG_0039.mp4,729,24.3243,29.97002997002997,206,2,traffic_signs,0.6958717703819275,3119.212158203125,1022.2655639648438,3223.53125,1108.8087158203125,3171.3717041015625,1065.5371398925781,104.319091796875,86.54315185546875
IMG_0039.mp4,730,24.357666666666667,29.97002997002997,346,1,traffic_lights,0.8252742886543274,2151.084228515625,1111.716064453125,2191.9296875,1223.953857421875,2171.5069580078125,1167.8349609375,40.845458984375,112.23779296875
IMG_0039.mp4,730,24.357666666666667,29.97002997002997,433,2,traffic_signs,0.26493582129478455,2020.20947265625,1096.8985595703125,2096.46875,1180.0963134765625,2058.339111328125,1138.4974365234375,76.25927734375,83.19775390625
IMG_0039.mp4,730,24.357666666666667,29.97002997002997,263,1,traffic_lights,0.8737989664077759,2429.743408203125,667.972900390625,2493.525146484375,797.0578002929688,2461.63427734375,732.5153503417969,63.78173828125,129.08489990234375
IMG_0039.mp4,730,24.357666666666667,29.97002997002997,206,2,traffic_signs,0.7614814639091492,3118.722412109375,1022.434326171875,3223.452392578125,1109.8402099609375,3171.08740234375,1066.1372680664062,104.72998046875,87.4058837890625
IMG_0039.mp4,730,24.357666666666667,29.97002997002997,376,1,traffic_lights,0.4487709105014801,3119.886962890625,1109.22509765625,3212.89013671875,1237.234619140625,3166.3885498046875,1173.2298583984375,93.003173828125,128.009521484375
IMG_0039.mp4,731,24.391033333333333,29.97002997002997,346,1,traffic_lights,0.8387909531593323,2151.34716796875,1112.128173828125,2191.438720703125,1223.68505859375,2171.3929443359375,1167.9066162109375,40.091552734375,111.556884765625
IMG_0039.mp4,731,24.391033333333333,29.97002997002997,433,2,traffic_signs,0.38329270482063293,2020.2694091796875,1097.146728515625,2095.398681640625,1176.3551025390625,2057.8340454101562,1136.7509155273438,75.1292724609375,79.2083740234375
IMG_0039.mp4,731,24.391033333333333,29.97002997002997,263,1,traffic_lights,0.8824790120124817,2429.674560546875,667.7319946289062,2493.6572265625,796.715576171875,2461.6658935546875,732.2237854003906,63.982666015625,128.98358154296875
IMG_0039.mp4,731,24.391033333333333,29.97002997002997,206,2,traffic_signs,0.7334597110748291,3121.080078125,1022.7899780273438,3224.069091796875,1109.1358642578125,3172.5745849609375,1065.9629211425781,102.989013671875,86.34588623046875
IMG_0039.mp4,731,24.391033333333333,29.97002997002997,376,1,traffic_lights,0.7200786471366882,3119.799072265625,1108.0653076171875,3212.773193359375,1237.249755859375,3166.2861328125,1172.6575317382812,92.97412109375,129.1844482421875
IMG_0039.mp4,731,24.391033333333333,29.97002997002997,336,2,traffic_signs,0.30172035098075867,2044.958251953125,1134.058349609375,2122.87158203125,1240.5269775390625,2083.9149169921875,1187.2926635742188,77.913330078125,106.4686279296875
IMG_0039.mp4,732,24.424400000000002,29.97002997002997,346,1,traffic_lights,0.6651914119720459,2152.75830078125,1112.6722412109375,2191.388427734375,1223.10205078125,2172.0733642578125,1167.8871459960938,38.630126953125,110.4298095703125
IMG_0039.mp4,732,24.424400000000002,29.97002997002997,433,2,traffic_signs,0.325048565864563,2021.5638427734375,1098.451416015625,2092.5263671875,1171.1903076171875,2057.0451049804688,1134.8208618164062,70.9625244140625,72.7388916015625
IMG_0039.mp4,732,24.424400000000002,29.97002997002997,263,1,traffic_lights,0.8852738738059998,2429.757568359375,667.972412109375,2493.41357421875,795.7156982421875,2461.5855712890625,731.8440551757812,63.656005859375,127.7432861328125
IMG_0039.mp4,732,24.424400000000002,29.97002997002997,376,1,traffic_lights,0.34914860129356384,3121.681640625,1107.6258544921875,3205.101806640625,1234.4803466796875,3163.3917236328125,1171.0531005859375,83.420166015625,126.8544921875
IMG_0039.mp4,732,24.424400000000002,29.97002997002997,336,2,traffic_signs,0.5300480723381042,2048.39990234375,1144.455810546875,2122.66015625,1239.0938720703125,2085.530029296875,1191.7748413085938,74.26025390625,94.6380615234375
IMG_0039.mp4,733,24.457766666666668,29.97002997002997,433,2,traffic_signs,0.7439064979553223,2018.07373046875,1099.476318359375,2092.344970703125,1166.6221923828125,2055.2093505859375,1133.0492553710938,74.271240234375,67.1458740234375
IMG_0039.mp4,733,24.457766666666668,29.97002997002997,263,1,traffic_lights,0.8901177644729614,2427.458984375,666.9415283203125,2494.03955078125,796.5933227539062,2460.749267578125,731.7674255371094,66.58056640625,129.65179443359375
IMG_0039.mp4,733,24.457766666666668,29.97002997002997,206,2,traffic_signs,0.6024351119995117,3124.304443359375,1022.235595703125,3224.959228515625,1106.6815185546875,3174.6318359375,1064.4585571289062,100.65478515625,84.4459228515625
IMG_0039.mp4,734,24.491133333333334,29.97002997002997,433,2,traffic_signs,0.4634200930595398,2019.5791015625,1097.8251953125,2094.51953125,1171.1956787109375,2057.04931640625,1134.5104370117188,74.9404296875,73.3704833984375
IMG_0039.mp4,734,24.491133333333334,29.97002997002997,263,1,traffic_lights,0.855947732925415,2427.486572265625,667.4266967773438,2493.778564453125,797.0127563476562,2460.632568359375,732.2197265625,66.2919921875,129.5860595703125
IMG_0039.mp4,734,24.491133333333334,29.97002997002997,206,2,traffic_signs,0.7430522441864014,3120.28564453125,1023.1348266601562,3224.658203125,1105.9326171875,3172.471923828125,1064.5337219238281,104.37255859375,82.79779052734375
IMG_0039.mp4,734,24.491133333333334,29.97002997002997,346,1,traffic_lights,0.8377572894096375,2150.312255859375,1111.8397216796875,2191.392578125,1223.671630859375,2170.8524169921875,1167.7556762695312,41.080322265625,111.8319091796875
IMG_0039.mp4,734,24.491133333333334,29.97002997002997,376,1,traffic_lights,0.7492437958717346,3115.006103515625,1106.3504638671875,3224.930908203125,1233.2315673828125,3169.968505859375,1169.791015625,109.9248046875,126.881103515625
IMG_0039.mp4,734,24.491133333333334,29.97002997002997,336,2,traffic_signs,0.5046521425247192,2045.3092041015625,1141.040771484375,2123.340087890625,1239.7947998046875,2084.3246459960938,1190.4177856445312,78.0308837890625,98.7540283203125
IMG_0039.mp4,735,24.5245,29.97002997002997,433,2,traffic_signs,0.5152352452278137,2020.485595703125,1097.2325439453125,2095.306640625,1172.3819580078125,2057.8961181640625,1134.8072509765625,74.821044921875,75.1494140625
IMG_0039.mp4,735,24.5245,29.97002997002997,263,1,traffic_lights,0.8864980340003967,2427.671142578125,667.2576904296875,2493.736572265625,797.1300048828125,2460.703857421875,732.19384765625,66.0654296875,129.872314453125
IMG_0039.mp4,735,24.5245,29.97002997002997,206,2,traffic_signs,0.7722615599632263,3119.37548828125,1022.9177856445312,3223.630859375,1109.316162109375,3171.503173828125,1066.1169738769531,104.25537109375,86.39837646484375
IMG_0039.mp4,735,24.5245,29.97002997002997,346,1,traffic_lights,0.7859311699867249,2149.723388671875,1111.6153564453125,2192.05712890625,1222.9901123046875,2170.8902587890625,1167.302734375,42.333740234375,111.374755859375
IMG_0039.mp4,735,24.5245,29.97002997002997,376,1,traffic_lights,0.5562220811843872,3118.0146484375,1106.513671875,3213.277587890625,1233.88427734375,3165.6461181640625,1170.198974609375,95.262939453125,127.37060546875
IMG_0039.mp4,735,24.5245,29.97002997002997,336,2,traffic_signs,0.5837990045547485,2045.1708984375,1141.1761474609375,2122.33984375,1240.221435546875,2083.75537109375,1190.6987915039062,77.1689453125,99.0452880859375
IMG_0039.mp4,736,24.557866666666666,29.97002997002997,433,2,traffic_signs,0.4885011911392212,2020.3966064453125,1096.9466552734375,2095.780517578125,1173.1260986328125,2058.0885620117188,1135.036376953125,75.3839111328125,76.179443359375
IMG_0039.mp4,736,24.557866666666666,29.97002997002997,263,1,traffic_lights,0.8846985101699829,2427.744384765625,667.0439453125,2493.556396484375,797.7842407226562,2460.650390625,732.4140930175781,65.81201171875,130.74029541015625
IMG_0039.mp4,736,24.557866666666666,29.97002997002997,206,2,traffic_signs,0.7702422142028809,3118.54443359375,1022.9117431640625,3223.42822265625,1109.8040771484375,3170.986328125,1066.35791015625,104.8837890625,86.892333984375
IMG_0039.mp4,736,24.557866666666666,29.97002997002997,346,1,traffic_lights,0.8086493611335754,2149.572998046875,1111.4207763671875,2191.890380859375,1222.2484130859375,2170.731689453125,1166.8345947265625,42.3173828125,110.82763671875
IMG_0039.mp4,736,24.557866666666666,29.97002997002997,376,1,traffic_lights,0.6302158832550049,3119.554443359375,1106.0755615234375,3207.4541015625,1235.6048583984375,3163.5042724609375,1170.8402099609375,87.899658203125,129.529296875
IMG_0039.mp4,736,24.557866666666666,29.97002997002997,336,2,traffic_signs,0.47440147399902344,2044.9560546875,1138.872802734375,2122.348388671875,1240.33837890625,2083.6522216796875,1189.6055908203125,77.392333984375,101.465576171875
IMG_0039.mp4,737,24.591233333333335,29.97002997002997,433,2,traffic_signs,0.47636935114860535,2020.1595458984375,1097.1927490234375,2095.539794921875,1173.86572265625,2057.8496704101562,1135.5292358398438,75.3802490234375,76.6729736328125
IMG_0039.mp4,737,24.591233333333335,29.97002997002997,263,1,traffic_lights,0.8845725655555725,2427.803955078125,667.5330810546875,2493.494384765625,797.6204833984375,2460.649169921875,732.5767822265625,65.6904296875,130.08740234375
IMG_0039.mp4,737,24.591233333333335,29.97002997002997,206,2,traffic_signs,0.7995537519454956,3118.448486328125,1022.6337280273438,3223.595947265625,1109.59716796875,3171.022216796875,1066.1154479980469,105.1474609375,86.96343994140625
IMG_0039.mp4,737,24.591233333333335,29.97002997002997,346,1,traffic_lights,0.8345233798027039,2150.36767578125,1111.8680419921875,2191.7763671875,1222.4908447265625,2171.072021484375,1167.179443359375,41.40869140625,110.622802734375
IMG_0039.mp4,737,24.591233333333335,29.97002997002997,376,1,traffic_lights,0.7066031694412231,3120.56689453125,1106.3707275390625,3206.27490234375,1235.9844970703125,3163.4208984375,1171.1776123046875,85.7080078125,129.61376953125
IMG_0039.mp4,737,24.591233333333335,29.97002997002997,336,2,traffic_signs,0.45834705233573914,2044.6484375,1137.3646240234375,2122.301513671875,1240.0712890625,2083.4749755859375,1188.7179565429688,77.653076171875,102.7066650390625
IMG_0039.mp4,738,24.6246,29.97002997002997,433,2,traffic_signs,0.47675710916519165,2019.9520263671875,1097.2794189453125,2095.3798828125,1174.3016357421875,2057.6659545898438,1135.79052734375,75.4278564453125,77.022216796875
IMG_0039.mp4,738,24.6246,29.97002997002997,263,1,traffic_lights,0.8813822269439697,2427.71435546875,667.4547119140625,2493.4326171875,797.701416015625,2460.573486328125,732.5780639648438,65.71826171875,130.2467041015625
IMG_0039.mp4,738,24.6246,29.97002997002997,206,2,traffic_signs,0.7694404721260071,3118.366943359375,1022.6784057617188,3223.449462890625,1110.625244140625,3170.908203125,1066.6518249511719,105.08251953125,87.94683837890625
IMG_0039.mp4,738,24.6246,29.97002997002997,346,1,traffic_lights,0.8026025295257568,2150.438720703125,1111.879150390625,2192.169677734375,1222.489501953125,2171.30419921875,1167.184326171875,41.73095703125,110.6103515625
IMG_0039.mp4,738,24.6246,29.97002997002997,376,1,traffic_lights,0.5997839570045471,3119.858154296875,1106.7384033203125,3204.3974609375,1234.8004150390625,3162.1278076171875,1170.7694091796875,84.539306640625,128.06201171875
IMG_0039.mp4,738,24.6246,29.97002997002997,336,2,traffic_signs,0.39544081687927246,2043.96728515625,1135.9951171875,2122.71240234375,1239.925048828125,2083.33984375,1187.9600830078125,78.7451171875,103.929931640625
IMG_0039.mp4,739,24.657966666666667,29.97002997002997,433,2,traffic_signs,0.3974625766277313,2019.8809814453125,1097.3369140625,2094.646240234375,1175.775146484375,2057.2636108398438,1136.5560302734375,74.7652587890625,78.438232421875
IMG_0039.mp4,739,24.657966666666667,29.97002997002997,263,1,traffic_lights,0.8880329728126526,2427.471435546875,667.187255859375,2493.228271484375,798.4473266601562,2460.349853515625,732.8172912597656,65.7568359375,131.26007080078125
IMG_0039.mp4,739,24.657966666666667,29.97002997002997,206,2,traffic_signs,0.7849317789077759,3118.281494140625,1022.7597045898438,3223.4892578125,1110.25830078125,3170.8853759765625,1066.5090026855469,105.207763671875,87.49859619140625
IMG_0039.mp4,739,24.657966666666667,29.97002997002997,346,1,traffic_lights,0.8230811953544617,2150.426025390625,1112.198974609375,2192.058349609375,1222.702392578125,2171.2421875,1167.45068359375,41.63232421875,110.50341796875
IMG_0039.mp4,739,24.657966666666667,29.97002997002997,376,1,traffic_lights,0.6027988791465759,3117.632568359375,1107.5157470703125,3207.542724609375,1235.2320556640625,3162.587646484375,1171.3739013671875,89.91015625,127.71630859375
IMG_0039.mp4,739,24.657966666666667,29.97002997002997,336,2,traffic_signs,0.34280163049697876,2042.7327880859375,1132.5802001953125,2123.2646484375,1239.940673828125,2082.9987182617188,1186.2604370117188,80.5318603515625,107.3604736328125
IMG_0039.mp4,739,24.657966666666667,29.97002997002997,535,1,traffic_lights,0.4758990705013275,3119.431396484375,1106.7384033203125,3206.575927734375,1234.5335693359375,3163.003662109375,1170.635986328125,87.14453125,127.795166015625
IMG_0039.mp4,740,24.691333333333333,29.97002997002997,433,2,traffic_signs,0.3627939224243164,2019.978271484375,1097.4630126953125,2094.38916015625,1176.1773681640625,2057.1837158203125,1136.8201904296875,74.410888671875,78.71435546875
IMG_0039.mp4,740,24.691333333333333,29.97002997002997,263,1,traffic_lights,0.9000723958015442,2427.53515625,668.2046508789062,2493.238525390625,798.0684814453125,2460.3868408203125,733.1365661621094,65.703369140625,129.86383056640625
IMG_0039.mp4,740,24.691333333333333,29.97002997002997,206,2,traffic_signs,0.8085223436355591,3118.360595703125,1022.6450805664062,3223.66015625,1109.9549560546875,3171.0103759765625,1066.3000183105469,105.299560546875,87.30987548828125
IMG_0039.mp4,740,24.691333333333333,29.97002997002997,346,1,traffic_lights,0.8526119589805603,2151.130859375,1112.20849609375,2191.75537109375,1222.68505859375,2171.443115234375,1167.44677734375,40.62451171875,110.4765625
IMG_0039.mp4,740,24.691333333333333,29.97002997002997,376,1,traffic_lights,0.6949827671051025,3117.81640625,1109.1973876953125,3208.000244140625,1235.9564208984375,3162.9083251953125,1172.576904296875,90.183837890625,126.759033203125
IMG_0039.mp4,740,24.691333333333333,29.97002997002997,336,2,traffic_signs,0.33827146887779236,2042.5283203125,1131.3851318359375,2124.41162109375,1240.064208984375,2083.469970703125,1185.7246704101562,81.88330078125,108.6790771484375
IMG_0039.mp4,740,24.691333333333333,29.97002997002997,535,1,traffic_lights,0.502387285232544,3121.034423828125,1107.49169921875,3206.33935546875,1235.093505859375,3163.6868896484375,1171.2926025390625,85.304931640625,127.601806640625
IMG_0039.mp4,741,24.724700000000002,29.97002997002997,433,2,traffic_signs,0.3241903781890869,2020.708984375,1097.49755859375,2094.25732421875,1176.8753662109375,2057.483154296875,1137.1864624023438,73.54833984375,79.3778076171875
IMG_0039.mp4,741,24.724700000000002,29.97002997002997,263,1,traffic_lights,0.9009794592857361,2427.459228515625,668.0807495117188,2493.247314453125,798.7254028320312,2460.353271484375,733.403076171875,65.7880859375,130.6446533203125
IMG_0039.mp4,741,24.724700000000002,29.97002997002997,206,2,traffic_signs,0.7786625027656555,3118.536376953125,1022.4132690429688,3223.879638671875,1109.79296875,3171.2080078125,1066.1031188964844,105.34326171875,87.37969970703125
IMG_0039.mp4,741,24.724700000000002,29.97002997002997,346,1,traffic_lights,0.8089943528175354,2150.586669921875,1111.9415283203125,2192.42138671875,1222.714599609375,2171.5040283203125,1167.3280639648438,41.834716796875,110.7730712890625
IMG_0039.mp4,741,24.724700000000002,29.97002997002997,376,1,traffic_lights,0.5586044788360596,3117.281494140625,1108.0850830078125,3207.7158203125,1235.1220703125,3162.4986572265625,1171.6035766601562,90.434326171875,127.0369873046875
IMG_0039.mp4,741,24.724700000000002,29.97002997002997,336,2,traffic_signs,0.2964245676994324,2041.218994140625,1126.0592041015625,2124.53369140625,1240.421875,2082.8763427734375,1183.2405395507812,83.314697265625,114.3626708984375
IMG_0039.mp4,742,24.758066666666668,29.97002997002997,433,2,traffic_signs,0.32476261258125305,2020.9429931640625,1097.4342041015625,2094.137939453125,1177.314208984375,2057.5404663085938,1137.3742065429688,73.1949462890625,79.8800048828125
IMG_0039.mp4,742,24.758066666666668,29.97002997002997,263,1,traffic_lights,0.8917737603187561,2427.434814453125,667.80908203125,2493.0615234375,798.8211059570312,2460.2481689453125,733.3150939941406,65.626708984375,131.01202392578125
IMG_0039.mp4,742,24.758066666666668,29.97002997002997,206,2,traffic_signs,0.803921103477478,3118.36279296875,1022.3494262695312,3224.085205078125,1109.2154541015625,3171.2239990234375,1065.7824401855469,105.722412109375,86.86602783203125
IMG_0039.mp4,742,24.758066666666668,29.97002997002997,346,1,traffic_lights,0.8210257291793823,2150.82275390625,1112.171630859375,2192.353271484375,1223.2176513671875,2171.5880126953125,1167.6946411132812,41.530517578125,111.0460205078125
IMG_0039.mp4,742,24.758066666666668,29.97002997002997,376,1,traffic_lights,0.5894728899002075,3117.7744140625,1106.7772216796875,3210.42578125,1236.104248046875,3164.10009765625,1171.4407348632812,92.6513671875,129.3270263671875
IMG_0039.mp4,742,24.758066666666668,29.97002997002997,336,2,traffic_signs,0.3381465971469879,2040.3016357421875,1122.752197265625,2124.483642578125,1240.6243896484375,2082.3926391601562,1181.6882934570312,84.1820068359375,117.8721923828125
IMG_0039.mp4,743,24.791433333333334,29.97002997002997,433,2,traffic_signs,0.3858911693096161,2021.2113037109375,1097.5789794921875,2093.5791015625,1175.8233642578125,2057.3952026367188,1136.701171875,72.3677978515625,78.244384765625
IMG_0039.mp4,743,24.791433333333334,29.97002997002997,263,1,traffic_lights,0.9010708332061768,2427.4130859375,668.4163818359375,2493.14794921875,798.7327880859375,2460.280517578125,733.5745849609375,65.73486328125,130.31640625
IMG_0039.mp4,743,24.791433333333334,29.97002997002997,206,2,traffic_signs,0.828976035118103,3118.632568359375,1022.5022583007812,3223.768798828125,1109.730712890625,3171.20068359375,1066.1164855957031,105.13623046875,87.22845458984375
IMG_0039.mp4,743,24.791433333333334,29.97002997002997,346,1,traffic_lights,0.8437286019325256,2150.962646484375,1112.711669921875,2191.9228515625,1221.6551513671875,2171.4427490234375,1167.1834106445312,40.960205078125,108.9434814453125
IMG_0039.mp4,743,24.791433333333334,29.97002997002997,376,1,traffic_lights,0.6000293493270874,3117.896728515625,1108.300048828125,3210.174072265625,1236.601318359375,3164.035400390625,1172.45068359375,92.27734375,128.30126953125
IMG_0039.mp4,743,24.791433333333334,29.97002997002997,336,2,traffic_signs,0.3561765253543854,2041.1302490234375,1125.5767822265625,2124.12109375,1240.39404296875,2082.6256713867188,1182.9854125976562,82.9908447265625,114.8172607421875
IMG_0039.mp4,743,24.791433333333334,29.97002997002997,536,1,traffic_lights,0.5458877086639404,3120.108154296875,1107.0159912109375,3209.9716796875,1236.6663818359375,3165.0399169921875,1171.8411865234375,89.863525390625,129.650390625
IMG_0039.mp4,744,24.8248,29.97002997002997,433,2,traffic_signs,0.38154658675193787,2021.5771484375,1097.4456787109375,2093.3935546875,1174.5087890625,2057.4853515625,1135.9772338867188,71.81640625,77.0631103515625
IMG_0039.mp4,744,24.8248,29.97002997002997,263,1,traffic_lights,0.8929278254508972,2427.37451171875,667.90087890625,2493.076416015625,798.8959350585938,2460.2254638671875,733.3984069824219,65.701904296875,130.99505615234375
IMG_0039.mp4,744,24.8248,29.97002997002997,206,2,traffic_signs,0.7543627023696899,3118.7822265625,1022.5537719726562,3223.60302734375,1110.427001953125,3171.192626953125,1066.4903869628906,104.82080078125,87.87322998046875
IMG_0039.mp4,744,24.8248,29.97002997002997,346,1,traffic_lights,0.7811919450759888,2150.811279296875,1112.3834228515625,2192.22802734375,1221.830078125,2171.5196533203125,1167.1067504882812,41.416748046875,109.4466552734375
IMG_0039.mp4,744,24.8248,29.97002997002997,336,2,traffic_signs,0.40842077136039734,2041.3333740234375,1127.216796875,2123.315185546875,1240.2098388671875,2082.3242797851562,1183.7133178710938,81.9818115234375,112.9930419921875
IMG_0039.mp4,745,24.858166666666666,29.97002997002997,433,2,traffic_signs,0.4558907151222229,2021.743408203125,1097.4703369140625,2093.661865234375,1173.208984375,2057.70263671875,1135.3396606445312,71.91845703125,75.7386474609375
IMG_0039.mp4,745,24.858166666666666,29.97002997002997,263,1,traffic_lights,0.8877255916595459,2427.721435546875,667.6351928710938,2493.195068359375,799.1343994140625,2460.458251953125,733.3847961425781,65.4736328125,131.49920654296875
IMG_0039.mp4,745,24.858166666666666,29.97002997002997,206,2,traffic_signs,0.7711949348449707,3118.7880859375,1022.3935546875,3223.64453125,1110.205322265625,3171.21630859375,1066.2994384765625,104.8564453125,87.811767578125
IMG_0039.mp4,745,24.858166666666666,29.97002997002997,346,1,traffic_lights,0.8159831762313843,2151.512451171875,1112.5802001953125,2192.195068359375,1221.8497314453125,2171.853759765625,1167.2149658203125,40.6826171875,109.26953125
IMG_0039.mp4,745,24.858166666666666,29.97002997002997,336,2,traffic_signs,0.39249488711357117,2042.019287109375,1130.4305419921875,2122.991943359375,1240.36474609375,2082.505615234375,1185.3976440429688,80.97265625,109.9342041015625
IMG_0039.mp4,745,24.858166666666666,29.97002997002997,376,1,traffic_lights,0.7319294214248657,3120.991943359375,1107.6953125,3206.313232421875,1233.907958984375,3163.652587890625,1170.8016357421875,85.3212890625,126.212646484375
IMG_0039.mp4,746,24.891533333333335,29.97002997002997,433,2,traffic_signs,0.4342108368873596,2022.0792236328125,1097.2987060546875,2093.766845703125,1172.6722412109375,2057.9230346679688,1134.9854736328125,71.6876220703125,75.37353515625
IMG_0039.mp4,746,24.891533333333335,29.97002997002997,263,1,traffic_lights,0.89310222864151,2427.76318359375,667.895751953125,2493.06103515625,798.8082275390625,2460.412109375,733.3519897460938,65.2978515625,130.9124755859375
IMG_0039.mp4,746,24.891533333333335,29.97002997002997,206,2,traffic_signs,0.7759589552879333,3119.0859375,1022.6917114257812,3223.779052734375,1110.0577392578125,3171.4324951171875,1066.3747253417969,104.693115234375,87.36602783203125
IMG_0039.mp4,746,24.891533333333335,29.97002997002997,346,1,traffic_lights,0.8440032005310059,2152.052490234375,1112.849609375,2191.806640625,1221.740478515625,2171.9295654296875,1167.2950439453125,39.754150390625,108.890869140625
IMG_0039.mp4,746,24.891533333333335,29.97002997002997,336,2,traffic_signs,0.47725749015808105,2042.8828125,1134.32861328125,2121.747802734375,1239.871826171875,2082.3153076171875,1187.1002197265625,78.864990234375,105.543212890625
IMG_0039.mp4,746,24.891533333333335,29.97002997002997,376,1,traffic_lights,0.7392961382865906,3122.13916015625,1108.4693603515625,3204.80712890625,1234.3087158203125,3163.47314453125,1171.3890380859375,82.66796875,125.83935546875
IMG_0039.mp4,747,24.9249,29.97002997002997,433,2,traffic_signs,0.5118398070335388,2022.0703125,1097.7132568359375,2093.02099609375,1171.8367919921875,2057.545654296875,1134.7750244140625,70.95068359375,74.12353515625
IMG_0039.mp4,747,24.9249,29.97002997002997,263,1,traffic_lights,0.8779534101486206,2427.8955078125,667.4392700195312,2493.174072265625,798.7998046875,2460.5347900390625,733.1195373535156,65.278564453125,131.36053466796875
IMG_0039.mp4,747,24.9249,29.97002997002997,206,2,traffic_signs,0.7654872536659241,3119.038818359375,1022.7984008789062,3223.52490234375,1110.408447265625,3171.2818603515625,1066.6034240722656,104.486083984375,87.61004638671875
IMG_0039.mp4,747,24.9249,29.97002997002997,346,1,traffic_lights,0.7393038868904114,2151.9716796875,1112.61669921875,2192.395751953125,1221.6715087890625,2172.1837158203125,1167.1441040039062,40.424072265625,109.0548095703125
IMG_0039.mp4,747,24.9249,29.97002997002997,336,2,traffic_signs,0.568108856678009,2043.767578125,1139.1256103515625,2120.756591796875,1239.8271484375,2082.2620849609375,1189.4763793945312,76.989013671875,100.7015380859375
IMG_0039.mp4,747,24.9249,29.97002997002997,376,1,traffic_lights,0.6584269404411316,3121.285400390625,1108.3223876953125,3204.2900390625,1234.8985595703125,3162.7877197265625,1171.6104736328125,83.004638671875,126.576171875
IMG_0039.mp4,748,24.958266666666667,29.97002997002997,433,2,traffic_signs,0.5834618210792542,2021.6258544921875,1097.45703125,2093.091064453125,1171.577392578125,2057.3584594726562,1134.5172119140625,71.4652099609375,74.120361328125
IMG_0039.mp4,748,24.958266666666667,29.97002997002997,263,1,traffic_lights,0.8747509717941284,2427.541748046875,666.9022216796875,2493.3408203125,798.9689331054688,2460.4412841796875,732.9355773925781,65.799072265625,132.06671142578125
IMG_0039.mp4,748,24.958266666666667,29.97002997002997,206,2,traffic_signs,0.736709475517273,3118.683349609375,1023.21728515625,3224.2880859375,1107.015869140625,3171.4857177734375,1065.1165771484375,105.604736328125,83.798583984375
IMG_0039.mp4,748,24.958266666666667,29.97002997002997,346,1,traffic_lights,0.7954813241958618,2151.462646484375,1112.0380859375,2192.215087890625,1222.3421630859375,2171.8388671875,1167.1901245117188,40.75244140625,110.3040771484375
IMG_0039.mp4,748,24.958266666666667,29.97002997002997,336,2,traffic_signs,0.2502218782901764,2043.9056396484375,1141.755615234375,2121.1875,1239.6962890625,2082.5465698242188,1190.7259521484375,77.2818603515625,97.940673828125
IMG_0039.mp4,748,24.958266666666667,29.97002997002997,376,1,traffic_lights,0.6124824285507202,3113.69677734375,1105.151123046875,3238.797607421875,1241.199951171875,3176.2471923828125,1173.175537109375,125.100830078125,136.048828125
IMG_0039.mp4,749,24.991633333333333,29.97002997002997,263,1,traffic_lights,0.33902478218078613,2426.274169921875,666.4475708007812,2494.515869140625,795.4088745117188,2460.39501953125,730.92822265625,68.24169921875,128.9613037109375
IMG_0039.mp4,750,25.025000000000002,29.97002997002997,263,1,traffic_lights,0.6504113078117371,2430.56689453125,667.3107299804688,2492.55712890625,777.6085815429688,2461.56201171875,722.4596557617188,61.990234375,110.2978515625
IMG_0039.mp4,750,25.025000000000002,29.97002997002997,206,2,traffic_signs,0.6139614582061768,3122.091796875,1021.9135131835938,3223.2587890625,1106.6510009765625,3172.67529296875,1064.2822570800781,101.1669921875,84.73748779296875
IMG_0039.mp4,750,25.025000000000002,29.97002997002997,376,1,traffic_lights,0.6361520886421204,3119.966064453125,1107.654296875,3216.282958984375,1237.2569580078125,3168.12451171875,1172.4556274414062,96.31689453125,129.6026611328125
IMG_0039.mp4,751,25.058366666666668,29.97002997002997,263,1,traffic_lights,0.9027711153030396,2429.90283203125,667.5134887695312,2492.999755859375,789.8720092773438,2461.4512939453125,728.6927490234375,63.096923828125,122.3585205078125
IMG_0039.mp4,751,25.058366666666668,29.97002997002997,206,2,traffic_signs,0.6659483909606934,3122.791748046875,1021.9446411132812,3223.345947265625,1107.898193359375,3173.06884765625,1064.9214172363281,100.55419921875,85.95355224609375
IMG_0039.mp4,751,25.058366666666668,29.97002997002997,376,1,traffic_lights,0.668542206287384,3123.269775390625,1108.2578125,3205.50146484375,1233.5015869140625,3164.3856201171875,1170.8796997070312,82.231689453125,125.2437744140625
IMG_0039.mp4,751,25.058366666666668,29.97002997002997,433,2,traffic_signs,0.6061194539070129,2022.4432373046875,1098.9598388671875,2091.576904296875,1170.1561279296875,2057.0100708007812,1134.5579833984375,69.1336669921875,71.1962890625
IMG_0039.mp4,751,25.058366666666668,29.97002997002997,346,1,traffic_lights,0.8239678144454956,2152.14794921875,1113.4671630859375,2190.932373046875,1222.6539306640625,2171.5401611328125,1168.060546875,38.784423828125,109.186767578125
IMG_0039.mp4,751,25.058366666666668,29.97002997002997,336,2,traffic_signs,0.5219858884811401,2049.53564453125,1150.3779296875,2124.6357421875,1240.7603759765625,2087.085693359375,1195.5691528320312,75.10009765625,90.3824462890625
IMG_0039.mp4,752,25.091733333333334,29.97002997002997,263,1,traffic_lights,0.8929648399353027,2429.489013671875,667.4439697265625,2493.03271484375,793.6253051757812,2461.2608642578125,730.5346374511719,63.543701171875,126.18133544921875
IMG_0039.mp4,752,25.091733333333334,29.97002997002997,206,2,traffic_signs,0.7287756204605103,3121.68408203125,1021.698974609375,3223.35400390625,1107.8875732421875,3172.51904296875,1064.7932739257812,101.669921875,86.1885986328125
IMG_0039.mp4,752,25.091733333333334,29.97002997002997,376,1,traffic_lights,0.5170929431915283,3124.671142578125,1107.1324462890625,3204.263427734375,1233.3431396484375,3164.46728515625,1170.23779296875,79.59228515625,126.210693359375
IMG_0039.mp4,752,25.091733333333334,29.97002997002997,433,2,traffic_signs,0.4945797622203827,2021.41162109375,1098.2093505859375,2093.46826171875,1172.185302734375,2057.43994140625,1135.1973266601562,72.056640625,73.9759521484375
IMG_0039.mp4,752,25.091733333333334,29.97002997002997,346,1,traffic_lights,0.8571503162384033,2150.864501953125,1113.1302490234375,2190.95849609375,1222.296630859375,2170.9114990234375,1167.7134399414062,40.093994140625,109.1663818359375
IMG_0039.mp4,752,25.091733333333334,29.97002997002997,336,2,traffic_signs,0.41021716594696045,2046.916015625,1143.1646728515625,2123.40234375,1240.298828125,2085.1591796875,1191.7317504882812,76.486328125,97.1341552734375
IMG_0039.mp4,753,25.1251,29.97002997002997,263,1,traffic_lights,0.892354428768158,2429.200927734375,667.354248046875,2493.03466796875,795.3743896484375,2461.1177978515625,731.3643188476562,63.833740234375,128.0201416015625
IMG_0039.mp4,753,25.1251,29.97002997002997,206,2,traffic_signs,0.7142287492752075,3119.493896484375,1021.6151733398438,3223.66748046875,1108.042236328125,3171.5806884765625,1064.8287048339844,104.173583984375,86.42706298828125
IMG_0039.mp4,753,25.1251,29.97002997002997,376,1,traffic_lights,0.37232598662376404,3118.9951171875,1107.3497314453125,3213.43212890625,1235.0936279296875,3166.213623046875,1171.2216796875,94.43701171875,127.743896484375
IMG_0039.mp4,753,25.1251,29.97002997002997,433,2,traffic_signs,0.5883995890617371,2020.9932861328125,1098.1146240234375,2093.860107421875,1171.734619140625,2057.4266967773438,1134.9246215820312,72.8668212890625,73.6199951171875
IMG_0039.mp4,753,25.1251,29.97002997002997,346,1,traffic_lights,0.8341584801673889,2151.06689453125,1112.911865234375,2191.370849609375,1223.52001953125,2171.2188720703125,1168.2159423828125,40.303955078125,110.608154296875
IMG_0039.mp4,754,25.158466666666666,29.97002997002997,263,1,traffic_lights,0.8931675553321838,2428.780029296875,667.0736694335938,2493.1357421875,796.0263671875,2460.9578857421875,731.5500183105469,64.355712890625,128.95269775390625
IMG_0039.mp4,754,25.158466666666666,29.97002997002997,433,2,traffic_signs,0.6356627345085144,2020.8736572265625,1097.5921630859375,2093.594482421875,1171.7313232421875,2057.2340698242188,1134.6617431640625,72.7208251953125,74.13916015625
IMG_0039.mp4,754,25.158466666666666,29.97002997002997,346,1,traffic_lights,0.833423376083374,2151.654541015625,1112.8740234375,2190.83544921875,1224.523193359375,2171.2449951171875,1168.6986083984375,39.180908203125,111.649169921875
IMG_0039.mp4,754,25.158466666666666,29.97002997002997,336,2,traffic_signs,0.35182803869247437,2048.814697265625,1149.111083984375,2124.685546875,1240.6644287109375,2086.7501220703125,1194.8877563476562,75.870849609375,91.5533447265625
IMG_0039.mp4,755,25.191833333333335,29.97002997002997,263,1,traffic_lights,0.8992244005203247,2429.037353515625,667.6388549804688,2493.172607421875,795.681884765625,2461.10498046875,731.6603698730469,64.13525390625,128.04302978515625
IMG_0039.mp4,755,25.191833333333335,29.97002997002997,433,2,traffic_signs,0.6596319675445557,2021.1837158203125,1097.78369140625,2093.150146484375,1171.75146484375,2057.1669311523438,1134.767578125,71.9664306640625,73.9677734375
IMG_0039.mp4,755,25.191833333333335,29.97002997002997,346,1,traffic_lights,0.8542701005935669,2152.05712890625,1113.583251953125,2190.43310546875,1223.9835205078125,2171.2451171875,1168.7833862304688,38.3759765625,110.4002685546875
IMG_0039.mp4,755,25.191833333333335,29.97002997002997,336,2,traffic_signs,0.5959914326667786,2048.8671875,1149.7010498046875,2125.252197265625,1240.60107421875,2087.0596923828125,1195.1510620117188,76.385009765625,90.9000244140625
IMG_0039.mp4,755,25.191833333333335,29.97002997002997,206,2,traffic_signs,0.8044753670692444,3120.237060546875,1023.7982177734375,3223.409423828125,1107.275390625,3171.8232421875,1065.5368041992188,103.17236328125,83.4771728515625
IMG_0039.mp4,755,25.191833333333335,29.97002997002997,376,1,traffic_lights,0.3698214888572693,3124.95556640625,1109.34716796875,3215.0341796875,1236.52197265625,3169.994873046875,1172.9345703125,90.07861328125,127.1748046875
IMG_0039.mp4,756,25.2252,29.97002997002997,263,1,traffic_lights,0.8850526809692383,2429.330078125,666.7120971679688,2490.991943359375,795.6542358398438,2460.1610107421875,731.1831665039062,61.661865234375,128.942138671875
IMG_0039.mp4,756,25.2252,29.97002997002997,433,2,traffic_signs,0.574402928352356,2020.9373779296875,1097.7353515625,2093.000244140625,1171.1998291015625,2056.9688110351562,1134.4675903320312,72.0628662109375,73.4644775390625
IMG_0039.mp4,756,25.2252,29.97002997002997,346,1,traffic_lights,0.8007872104644775,2151.556396484375,1113.980224609375,2190.838134765625,1222.9615478515625,2171.197265625,1168.4708862304688,39.28173828125,108.9813232421875
IMG_0039.mp4,756,25.2252,29.97002997002997,206,2,traffic_signs,0.8037862181663513,3120.15283203125,1022.396484375,3223.1865234375,1108.99462890625,3171.669677734375,1065.695556640625,103.03369140625,86.59814453125
IMG_0039.mp4,756,25.2252,29.97002997002997,376,1,traffic_lights,0.43277707695961,3126.37939453125,1108.257568359375,3207.3837890625,1234.346923828125,3166.881591796875,1171.30224609375,81.00439453125,126.08935546875
IMG_0039.mp4,757,25.258566666666667,29.97002997002997,263,1,traffic_lights,0.884985625743866,2429.384765625,667.9916381835938,2491.417724609375,796.544921875,2460.4012451171875,732.2682800292969,62.032958984375,128.55328369140625
IMG_0039.mp4,757,25.258566666666667,29.97002997002997,433,2,traffic_signs,0.6906006336212158,2020.621826171875,1098.242919921875,2091.510986328125,1171.84765625,2056.06640625,1135.0452880859375,70.88916015625,73.604736328125
IMG_0039.mp4,757,25.258566666666667,29.97002997002997,206,2,traffic_signs,0.8307337164878845,3119.93017578125,1022.4135131835938,3223.44189453125,1109.16015625,3171.68603515625,1065.7868347167969,103.51171875,86.74664306640625
IMG_0039.mp4,757,25.258566666666667,29.97002997002997,376,1,traffic_lights,0.40275242924690247,3127.9755859375,1109.7647705078125,3212.017578125,1235.82373046875,3169.99658203125,1172.7942504882812,84.0419921875,126.0589599609375
IMG_0039.mp4,757,25.258566666666667,29.97002997002997,336,2,traffic_signs,0.7879074811935425,2048.950927734375,1153.4947509765625,2125.69677734375,1240.646484375,2087.3238525390625,1197.0706176757812,76.745849609375,87.1517333984375
IMG_0039.mp4,758,25.291933333333333,29.97002997002997,263,1,traffic_lights,0.8910704255104065,2429.1748046875,668.3102416992188,2492.47314453125,796.302978515625,2460.823974609375,732.3066101074219,63.29833984375,127.99273681640625
IMG_0039.mp4,758,25.291933333333333,29.97002997002997,433,2,traffic_signs,0.7573341131210327,2018.194580078125,1102.5228271484375,2068.028564453125,1175.43310546875,2043.111572265625,1138.9779663085938,49.833984375,72.9102783203125
IMG_0039.mp4,758,25.291933333333333,29.97002997002997,206,2,traffic_signs,0.8428816795349121,3119.11669921875,1022.3673095703125,3223.70654296875,1108.4764404296875,3171.41162109375,1065.421875,104.58984375,86.109130859375
IMG_0039.mp4,758,25.291933333333333,29.97002997002997,376,1,traffic_lights,0.4602924585342407,3127.8251953125,1108.4034423828125,3206.254150390625,1233.81689453125,3167.0396728515625,1171.1101684570312,78.428955078125,125.4134521484375
IMG_0039.mp4,758,25.291933333333333,29.97002997002997,346,1,traffic_lights,0.6018216609954834,2153.1962890625,1116.38916015625,2192.233642578125,1223.657958984375,2172.7149658203125,1170.0235595703125,39.037353515625,107.268798828125
IMG_0039.mp4,759,25.325300000000002,29.97002997002997,263,1,traffic_lights,0.8908588886260986,2429.337890625,667.669189453125,2492.742431640625,796.6275024414062,2461.0401611328125,732.1483459472656,63.404541015625,128.95831298828125
IMG_0039.mp4,759,25.325300000000002,29.97002997002997,433,2,traffic_signs,0.509718656539917,2019.162109375,1100.0614013671875,2087.359130859375,1172.8734130859375,2053.2606201171875,1136.4674072265625,68.197021484375,72.81201171875
IMG_0039.mp4,759,25.325300000000002,29.97002997002997,206,2,traffic_signs,0.8344551920890808,3118.80029296875,1022.8817749023438,3224.027587890625,1108.7833251953125,3171.4139404296875,1065.8325500488281,105.227294921875,85.90155029296875
IMG_0039.mp4,759,25.325300000000002,29.97002997002997,376,1,traffic_lights,0.5774478912353516,3126.545166015625,1107.6739501953125,3205.36962890625,1234.2149658203125,3165.9573974609375,1170.9444580078125,78.824462890625,126.541015625
IMG_0039.mp4,759,25.325300000000002,29.97002997002997,346,1,traffic_lights,0.7788225412368774,2153.097412109375,1113.630126953125,2192.173095703125,1218.4141845703125,2172.63525390625,1166.0221557617188,39.07568359375,104.7840576171875
IMG_0039.mp4,759,25.325300000000002,29.97002997002997,336,2,traffic_signs,0.6770635843276978,2043.145751953125,1148.7236328125,2117.9169921875,1239.27001953125,2080.5313720703125,1193.996826171875,74.771240234375,90.54638671875
IMG_0039.mp4,760,25.358666666666668,29.97002997002997,263,1,traffic_lights,0.8923738598823547,2429.576171875,667.7858276367188,2492.61279296875,796.5867919921875,2461.094482421875,732.1863098144531,63.03662109375,128.80096435546875
IMG_0039.mp4,760,25.358666666666668,29.97002997002997,433,2,traffic_signs,0.5589264035224915,2019.5706787109375,1098.0723876953125,2090.88232421875,1173.000732421875,2055.2265014648438,1135.5365600585938,71.3116455078125,74.9283447265625
IMG_0039.mp4,760,25.358666666666668,29.97002997002997,206,2,traffic_signs,0.8262237906455994,3118.59033203125,1022.7366333007812,3224.474853515625,1107.900146484375,3171.5325927734375,1065.3183898925781,105.884521484375,85.16351318359375
IMG_0039.mp4,760,25.358666666666668,29.97002997002997,346,1,traffic_lights,0.8294062614440918,2154.0546875,1112.533935546875,2191.69384765625,1217.0482177734375,2172.874267578125,1164.7910766601562,37.63916015625,104.5142822265625
IMG_0039.mp4,760,25.358666666666668,29.97002997002997,336,2,traffic_signs,0.5268582105636597,2043.3934326171875,1146.8133544921875,2115.18603515625,1239.2813720703125,2079.2897338867188,1193.04736328125,71.7926025390625,92.468017578125
IMG_0039.mp4,761,25.392033333333334,29.97002997002997,263,1,traffic_lights,0.8924182057380676,2429.546142578125,668.337890625,2492.783935546875,796.6361694335938,2461.1650390625,732.4870300292969,63.23779296875,128.29827880859375
IMG_0039.mp4,761,25.392033333333334,29.97002997002997,433,2,traffic_signs,0.47241392731666565,2020.3536376953125,1097.4251708984375,2091.940185546875,1174.0645751953125,2056.1469116210938,1135.744873046875,71.5865478515625,76.639404296875
IMG_0039.mp4,761,25.392033333333334,29.97002997002997,206,2,traffic_signs,0.8226836919784546,3117.75732421875,1022.4124145507812,3224.401611328125,1107.8050537109375,3171.0794677734375,1065.1087341308594,106.644287109375,85.39263916015625
IMG_0039.mp4,761,25.392033333333334,29.97002997002997,346,1,traffic_lights,0.8188488483428955,2154.400390625,1112.2874755859375,2191.364990234375,1215.4481201171875,2172.8826904296875,1163.8677978515625,36.964599609375,103.16064453125
IMG_0039.mp4,761,25.392033333333334,29.97002997002997,336,2,traffic_signs,0.48342862725257874,2044.4755859375,1144.7620849609375,2114.682373046875,1239.059814453125,2079.5789794921875,1191.9109497070312,70.206787109375,94.2977294921875
IMG_0039.mp4,761,25.392033333333334,29.97002997002997,376,1,traffic_lights,0.4244599938392639,3123.93408203125,1106.808837890625,3213.3916015625,1235.471435546875,3168.662841796875,1171.14013671875,89.45751953125,128.66259765625
IMG_0039.mp4,762,25.4254,29.97002997002997,263,1,traffic_lights,0.8915575742721558,2429.524658203125,668.3291015625,2492.88916015625,796.6195678710938,2461.2069091796875,732.4743347167969,63.364501953125,128.29046630859375
IMG_0039.mp4,762,25.4254,29.97002997002997,433,2,traffic_signs,0.5109443068504333,2020.7861328125,1097.4554443359375,2092.5068359375,1173.5904541015625,2056.646484375,1135.52294921875,71.720703125,76.135009765625
IMG_0039.mp4,762,25.4254,29.97002997002997,206,2,traffic_signs,0.8146609663963318,3117.84521484375,1022.2989501953125,3224.54541015625,1108.193603515625,3171.1953125,1065.2462768554688,106.7001953125,85.8946533203125
IMG_0039.mp4,762,25.4254,29.97002997002997,346,1,traffic_lights,0.7812768816947937,2154.467041015625,1111.489990234375,2191.702392578125,1215.587158203125,2173.084716796875,1163.53857421875,37.2353515625,104.09716796875
IMG_0039.mp4,762,25.4254,29.97002997002997,336,2,traffic_signs,0.5439952611923218,2045.6700439453125,1145.8267822265625,2114.016845703125,1238.926025390625,2079.8434448242188,1192.3764038085938,68.3468017578125,93.0992431640625
IMG_0039.mp4,763,25.458766666666666,29.97002997002997,263,1,traffic_lights,0.8913904428482056,2429.4638671875,667.9800415039062,2492.78759765625,796.5698852539062,2461.125732421875,732.2749633789062,63.32373046875,128.58984375
IMG_0039.mp4,763,25.458766666666666,29.97002997002997,433,2,traffic_signs,0.48058295249938965,2020.8873291015625,1097.410400390625,2093.005859375,1174.05859375,2056.9465942382812,1135.7344970703125,72.1185302734375,76.648193359375
IMG_0039.mp4,763,25.458766666666666,29.97002997002997,206,2,traffic_signs,0.8294914364814758,3117.638671875,1022.3646240234375,3224.802490234375,1108.0185546875,3171.2205810546875,1065.1915893554688,107.163818359375,85.6539306640625
IMG_0039.mp4,763,25.458766666666666,29.97002997002997,346,1,traffic_lights,0.8178409934043884,2154.640869140625,1111.718994140625,2191.34521484375,1215.7193603515625,2172.9930419921875,1163.7191772460938,36.704345703125,104.0003662109375
IMG_0039.mp4,763,25.458766666666666,29.97002997002997,336,2,traffic_signs,0.5511970520019531,2046.0814208984375,1145.48046875,2113.561767578125,1238.6728515625,2079.8215942382812,1192.07666015625,67.4803466796875,93.1923828125
IMG_0039.mp4,764,25.492133333333335,29.97002997002997,263,1,traffic_lights,0.8937346935272217,2429.8779296875,668.551513671875,2492.84619140625,796.1299438476562,2461.362060546875,732.3407287597656,62.96826171875,127.57843017578125
IMG_0039.mp4,764,25.492133333333335,29.97002997002997,433,2,traffic_signs,0.48326852917671204,2020.1600341796875,1098.1126708984375,2092.705078125,1170.072265625,2056.4325561523438,1134.0924682617188,72.5450439453125,71.9595947265625
IMG_0039.mp4,764,25.492133333333335,29.97002997002997,206,2,traffic_signs,0.8357908725738525,3117.604248046875,1022.7078857421875,3224.85986328125,1108.3055419921875,3171.2320556640625,1065.5067138671875,107.255615234375,85.59765625
IMG_0039.mp4,764,25.492133333333335,29.97002997002997,346,1,traffic_lights,0.8081211447715759,2155.160400390625,1111.841064453125,2191.434326171875,1214.677490234375,2173.29736328125,1163.25927734375,36.27392578125,102.83642578125
IMG_0039.mp4,764,25.492133333333335,29.97002997002997,336,2,traffic_signs,0.5803855061531067,2045.776123046875,1146.790283203125,2113.3046875,1238.2332763671875,2079.5404052734375,1192.5117797851562,67.528564453125,91.4429931640625
IMG_0039.mp4,764,25.492133333333335,29.97002997002997,376,1,traffic_lights,0.3527609705924988,3122.39404296875,1108.1605224609375,3217.930419921875,1236.1859130859375,3170.1622314453125,1172.1732177734375,95.536376953125,128.025390625
IMG_0039.mp4,765,25.5255,29.97002997002997,263,1,traffic_lights,0.8956881761550903,2429.668212890625,668.2014770507812,2492.74169921875,796.17431640625,2461.2049560546875,732.1878967285156,63.073486328125,127.97283935546875
IMG_0039.mp4,765,25.5255,29.97002997002997,433,2,traffic_signs,0.3194829821586609,2019.8585205078125,1098.5032958984375,2091.670654296875,1163.6748046875,2055.7645874023438,1131.0890502929688,71.8121337890625,65.1715087890625
IMG_0039.mp4,765,25.5255,29.97002997002997,206,2,traffic_signs,0.8320772051811218,3117.643310546875,1022.64453125,3224.544677734375,1108.2947998046875,3171.093994140625,1065.4696655273438,106.9013671875,85.6502685546875
IMG_0039.mp4,765,25.5255,29.97002997002997,346,1,traffic_lights,0.7227674126625061,2155.029541015625,1110.985107421875,2191.561279296875,1215.4488525390625,2173.29541015625,1163.2169799804688,36.53173828125,104.4637451171875
IMG_0039.mp4,765,25.5255,29.97002997002997,336,2,traffic_signs,0.6889206767082214,2044.81591796875,1147.3193359375,2114.428955078125,1237.9161376953125,2079.6224365234375,1192.6177368164062,69.613037109375,90.5968017578125
IMG_0039.mp4,765,25.5255,29.97002997002997,376,1,traffic_lights,0.26924949884414673,3124.389404296875,1109.1207275390625,3210.461181640625,1234.8154296875,3167.42529296875,1171.9680786132812,86.07177734375,125.6947021484375
IMG_0039.mp4,766,25.558866666666667,29.97002997002997,263,1,traffic_lights,0.860731840133667,2427.153564453125,667.78857421875,2489.550048828125,791.1106567382812,2458.351806640625,729.4496154785156,62.396484375,123.32208251953125
IMG_0039.mp4,766,25.558866666666667,29.97002997002997,206,2,traffic_signs,0.8553324341773987,3118.09765625,1023.334716796875,3224.128662109375,1109.0155029296875,3171.1131591796875,1066.1751098632812,106.031005859375,85.6807861328125
IMG_0039.mp4,766,25.558866666666667,29.97002997002997,376,1,traffic_lights,0.5951306819915771,3127.348876953125,1109.3944091796875,3204.669677734375,1234.6287841796875,3166.00927734375,1172.0115966796875,77.32080078125,125.234375
IMG_0039.mp4,767,25.592233333333333,29.97002997002997,263,1,traffic_lights,0.7430993914604187,2426.7392578125,668.9918823242188,2492.225341796875,790.2057495117188,2459.4822998046875,729.5988159179688,65.486083984375,121.2138671875
IMG_0039.mp4,767,25.592233333333333,29.97002997002997,206,2,traffic_signs,0.8452141880989075,3118.454345703125,1023.4258422851562,3224.240234375,1109.33203125,3171.3472900390625,1066.3789367675781,105.785888671875,85.90618896484375
IMG_0039.mp4,767,25.592233333333333,29.97002997002997,376,1,traffic_lights,0.5954700708389282,3128.03759765625,1109.468505859375,3201.773193359375,1234.4683837890625,3164.9053955078125,1171.9684448242188,73.735595703125,124.9998779296875
IMG_0039.mp4,767,25.592233333333333,29.97002997002997,433,2,traffic_signs,0.3789069950580597,2021.47119140625,1098.7071533203125,2088.29150390625,1171.9444580078125,2054.88134765625,1135.3258056640625,66.8203125,73.2373046875
IMG_0039.mp4,767,25.592233333333333,29.97002997002997,336,2,traffic_signs,0.8415810465812683,2046.6522216796875,1150.7117919921875,2112.49267578125,1239.704833984375,2079.5724487304688,1195.2083129882812,65.8404541015625,88.9930419921875
IMG_0039.mp4,768,25.625600000000002,29.97002997002997,263,1,traffic_lights,0.3024454116821289,2435.857421875,670.8176879882812,2494.15380859375,793.6949462890625,2465.005615234375,732.2563171386719,58.29638671875,122.87725830078125
IMG_0039.mp4,768,25.625600000000002,29.97002997002997,206,2,traffic_signs,0.8014728426933289,3119.425048828125,1023.44091796875,3224.70947265625,1109.8182373046875,3172.0672607421875,1066.6295776367188,105.284423828125,86.3773193359375
IMG_0039.mp4,768,25.625600000000002,29.97002997002997,376,1,traffic_lights,0.2728065252304077,3132.189697265625,1109.759033203125,3203.635498046875,1234.390625,3167.91259765625,1172.0748291015625,71.44580078125,124.631591796875
IMG_0039.mp4,768,25.625600000000002,29.97002997002997,433,2,traffic_signs,0.5284081697463989,2021.99755859375,1098.5623779296875,2092.991943359375,1171.06201171875,2057.4947509765625,1134.8121948242188,70.994384765625,72.4996337890625
IMG_0039.mp4,768,25.625600000000002,29.97002997002997,336,2,traffic_signs,0.5117065906524658,2046.0985107421875,1148.316162109375,2120.011474609375,1239.7318115234375,2083.0549926757812,1194.0239868164062,73.9129638671875,91.4156494140625
IMG_0039.mp4,768,25.625600000000002,29.97002997002997,346,1,traffic_lights,0.8000242710113525,2153.298583984375,1111.7239990234375,2191.0078125,1223.1904296875,2172.1531982421875,1167.4572143554688,37.709228515625,111.4664306640625
IMG_0039.mp4,769,25.658966666666668,29.97002997002997,263,1,traffic_lights,0.8859748840332031,2431.808349609375,669.084228515625,2493.792236328125,795.751953125,2462.80029296875,732.4180908203125,61.98388671875,126.667724609375
IMG_0039.mp4,769,25.658966666666668,29.97002997002997,206,2,traffic_signs,0.720812976360321,3119.326416015625,1024.0218505859375,3224.897705078125,1108.7064208984375,3172.112060546875,1066.3641357421875,105.5712890625,84.6845703125
IMG_0039.mp4,769,25.658966666666668,29.97002997002997,433,2,traffic_signs,0.5050905346870422,2022.17822265625,1098.05859375,2094.4375,1171.27001953125,2058.307861328125,1134.664306640625,72.25927734375,73.21142578125
IMG_0039.mp4,769,25.658966666666668,29.97002997002997,336,2,traffic_signs,0.34202316403388977,2046.424072265625,1146.370361328125,2121.42138671875,1240.5662841796875,2083.9227294921875,1193.4683227539062,74.997314453125,94.1959228515625
IMG_0039.mp4,769,25.658966666666668,29.97002997002997,346,1,traffic_lights,0.8347103595733643,2152.525390625,1111.723876953125,2191.123779296875,1224.972412109375,2171.8245849609375,1168.34814453125,38.598388671875,113.24853515625
IMG_0039.mp4,770,25.692333333333334,29.97002997002997,263,1,traffic_lights,0.8733732104301453,2430.62109375,668.9404907226562,2493.663330078125,797.2606811523438,2462.1422119140625,733.1005859375,63.042236328125,128.3201904296875
IMG_0039.mp4,770,25.692333333333334,29.97002997002997,206,2,traffic_signs,0.7584789991378784,3118.560791015625,1023.5515747070312,3223.4169921875,1108.487060546875,3170.9888916015625,1066.0193176269531,104.856201171875,84.93548583984375
IMG_0039.mp4,770,25.692333333333334,29.97002997002997,433,2,traffic_signs,0.5020572543144226,2021.949951171875,1097.81591796875,2094.525634765625,1171.7205810546875,2058.23779296875,1134.7682495117188,72.57568359375,73.9046630859375
IMG_0039.mp4,770,25.692333333333334,29.97002997002997,336,2,traffic_signs,0.545617938041687,2048.0166015625,1148.0548095703125,2123.3955078125,1240.977783203125,2085.7060546875,1194.5162963867188,75.37890625,92.9229736328125
IMG_0039.mp4,770,25.692333333333334,29.97002997002997,346,1,traffic_lights,0.8299787640571594,2152.3037109375,1111.8682861328125,2191.385498046875,1225.4481201171875,2171.8446044921875,1168.658203125,39.081787109375,113.579833984375
IMG_0039.mp4,770,25.692333333333334,29.97002997002997,546,2,traffic_signs,0.400637149810791,1607.35302734375,1259.181640625,1627.1734619140625,1277.9302978515625,1617.2632446289062,1268.5559692382812,19.8204345703125,18.7486572265625
IMG_0039.mp4,771,25.7257,29.97002997002997,263,1,traffic_lights,0.8644065856933594,2430.1181640625,668.6111450195312,2493.395263671875,798.291015625,2461.7567138671875,733.4510803222656,63.277099609375,129.67987060546875
IMG_0039.mp4,771,25.7257,29.97002997002997,206,2,traffic_signs,0.8188092112541199,3118.706787109375,1023.5891723632812,3223.75,1108.7154541015625,3171.2283935546875,1066.1523132324219,105.043212890625,85.12628173828125
IMG_0039.mp4,771,25.7257,29.97002997002997,433,2,traffic_signs,0.33159494400024414,2022.20556640625,1097.5853271484375,2094.716064453125,1173.2197265625,2058.4608154296875,1135.4025268554688,72.510498046875,75.6343994140625
IMG_0039.mp4,771,25.7257,29.97002997002997,336,2,traffic_signs,0.2607421576976776,2047.9857177734375,1147.181884765625,2124.457763671875,1240.4798583984375,2086.2217407226562,1193.8308715820312,76.4720458984375,93.2979736328125
IMG_0039.mp4,771,25.7257,29.97002997002997,346,1,traffic_lights,0.78697669506073,2152.521240234375,1111.7083740234375,2191.59716796875,1224.8916015625,2172.0592041015625,1168.2999877929688,39.075927734375,113.1832275390625
IMG_0039.mp4,771,25.7257,29.97002997002997,546,2,traffic_signs,0.40140584111213684,1607.4405517578125,1259.494384765625,1626.302734375,1277.6495361328125,1616.8716430664062,1268.5719604492188,18.8621826171875,18.1551513671875
IMG_0040.mp4,0,0.0,29.97002997002997,1,1,traffic_lights,0.8941943645477295,2429.81005859375,664.6805419921875,2494.71630859375,792.0343017578125,2462.26318359375,728.357421875,64.90625,127.353759765625
IMG_0040.mp4,0,0.0,29.97002997002997,2,1,traffic_lights,0.8527733087539673,2152.01123046875,1113.493408203125,2189.7255859375,1224.9034423828125,2170.868408203125,1169.1984252929688,37.71435546875,111.4100341796875
IMG_0040.mp4,0,0.0,29.97002997002997,3,2,traffic_signs,0.7654896378517151,3130.0458984375,1019.235107421875,3233.404296875,1107.1416015625,3181.72509765625,1063.1883544921875,103.3583984375,87.906494140625
IMG_0040.mp4,0,0.0,29.97002997002997,4,2,traffic_signs,0.35115787386894226,2043.2784423828125,1134.3046875,2123.072265625,1241.623779296875,2083.1753540039062,1187.9642333984375,79.7938232421875,107.319091796875
IMG_0040.mp4,0,0.0,29.97002997002997,5,1,traffic_lights,0.3199186623096466,3128.3623046875,1109.456298828125,3182.38671875,1227.3306884765625,3155.37451171875,1168.3934936523438,54.0244140625,117.8743896484375
IMG_0040.mp4,0,0.0,29.97002997002997,6,2,traffic_signs,0.3138622045516968,2017.468505859375,1097.515380859375,2094.455810546875,1175.1243896484375,2055.962158203125,1136.3198852539062,76.9873046875,77.6090087890625
IMG_0040.mp4,1,0.03336666666666667,29.97002997002997,1,1,traffic_lights,0.8905303478240967,2429.7958984375,664.0769653320312,2495.103515625,792.56787109375,2462.44970703125,728.3224182128906,65.3076171875,128.49090576171875
IMG_0040.mp4,1,0.03336666666666667,29.97002997002997,2,1,traffic_lights,0.8428996205329895,2151.20458984375,1111.897216796875,2190.431396484375,1225.3314208984375,2170.8179931640625,1168.6143188476562,39.226806640625,113.4342041015625
IMG_0040.mp4,1,0.03336666666666667,29.97002997002997,3,2,traffic_signs,0.7009084224700928,3128.998046875,1018.505126953125,3232.163818359375,1107.669921875,3180.5809326171875,1063.0875244140625,103.165771484375,89.164794921875
IMG_0040.mp4,1,0.03336666666666667,29.97002997002997,4,2,traffic_signs,0.523386538028717,2040.71337890625,1135.4974365234375,2120.93994140625,1240.9881591796875,2080.82666015625,1188.2427978515625,80.2265625,105.49072265625
IMG_0040.mp4,1,0.03336666666666667,29.97002997002997,5,1,traffic_lights,0.5317774415016174,3123.95458984375,1107.0975341796875,3170.7080078125,1204.009033203125,3147.331298828125,1155.5532836914062,46.75341796875,96.9114990234375
IMG_0040.mp4,1,0.03336666666666667,29.97002997002997,6,2,traffic_signs,0.4676610231399536,2016.855224609375,1097.4891357421875,2094.654052734375,1174.1925048828125,2055.754638671875,1135.8408203125,77.798828125,76.703369140625
IMG_0040.mp4,2,0.06673333333333334,29.97002997002997,1,1,traffic_lights,0.8910871744155884,2429.318603515625,662.6463012695312,2494.691162109375,790.923583984375,2462.0048828125,726.7849426269531,65.37255859375,128.27728271484375
IMG_0040.mp4,2,0.06673333333333334,29.97002997002997,2,1,traffic_lights,0.8347010612487793,2150.41796875,1111.8736572265625,2191.105224609375,1224.2952880859375,2170.7615966796875,1168.08447265625,40.687255859375,112.421630859375
IMG_0040.mp4,2,0.06673333333333334,29.97002997002997,3,2,traffic_signs,0.771144449710846,3129.359619140625,1017.6638793945312,3234.45458984375,1107.2017822265625,3181.9071044921875,1062.4328308105469,105.094970703125,89.53790283203125
IMG_0040.mp4,2,0.06673333333333334,29.97002997002997,4,2,traffic_signs,0.4067463278770447,2031.153076171875,1119.405029296875,2121.145751953125,1241.0064697265625,2076.1494140625,1180.2057495117188,89.99267578125,121.6014404296875
IMG_0040.mp4,2,0.06673333333333334,29.97002997002997,6,2,traffic_signs,0.32563939690589905,2016.6612548828125,1097.8380126953125,2095.5634765625,1178.190673828125,2056.1123657226562,1138.0143432617188,78.9022216796875,80.3526611328125
IMG_0040.mp4,3,0.10010000000000001,29.97002997002997,1,1,traffic_lights,0.8860942125320435,2428.826904296875,663.0253295898438,2494.41064453125,791.2877807617188,2461.6187744140625,727.1565551757812,65.583740234375,128.262451171875
IMG_0040.mp4,3,0.10010000000000001,29.97002997002997,2,1,traffic_lights,0.8464387059211731,2150.2705078125,1113.299072265625,2191.198486328125,1224.14599609375,2170.7344970703125,1168.7225341796875,40.927978515625,110.846923828125
IMG_0040.mp4,3,0.10010000000000001,29.97002997002997,3,2,traffic_signs,0.7781818509101868,3129.620361328125,1018.481201171875,3233.7880859375,1107.985107421875,3181.7042236328125,1063.233154296875,104.167724609375,89.50390625
IMG_0040.mp4,3,0.10010000000000001,29.97002997002997,4,2,traffic_signs,0.5258058905601501,2024.3167724609375,1110.5126953125,2119.791259765625,1241.7032470703125,2072.0540161132812,1176.1079711914062,95.4744873046875,131.1905517578125
IMG_0040.mp4,3,0.10010000000000001,29.97002997002997,5,1,traffic_lights,0.780653715133667,3124.097412109375,1108.195556640625,3219.615966796875,1233.795166015625,3171.856689453125,1170.995361328125,95.5185546875,125.599609375
IMG_0040.mp4,4,0.13346666666666668,29.97002997002997,1,1,traffic_lights,0.8831945061683655,2428.941162109375,662.3741455078125,2494.2958984375,790.3321533203125,2461.6185302734375,726.3531494140625,65.354736328125,127.9580078125
IMG_0040.mp4,4,0.13346666666666668,29.97002997002997,2,1,traffic_lights,0.8120428919792175,2149.4853515625,1112.057861328125,2191.6767578125,1224.4130859375,2170.5810546875,1168.2354736328125,42.19140625,112.355224609375
IMG_0040.mp4,4,0.13346666666666668,29.97002997002997,3,2,traffic_signs,0.7877634763717651,3130.283203125,1017.7952270507812,3234.680419921875,1107.9617919921875,3182.4818115234375,1062.8785095214844,104.397216796875,90.16656494140625
IMG_0040.mp4,4,0.13346666666666668,29.97002997002997,4,2,traffic_signs,0.543677568435669,2023.2587890625,1107.117919921875,2118.262939453125,1241.9154052734375,2070.7608642578125,1174.5166625976562,95.004150390625,134.7974853515625
IMG_0040.mp4,4,0.13346666666666668,29.97002997002997,5,1,traffic_lights,0.5386417508125305,3129.075927734375,1108.3360595703125,3227.370361328125,1236.963134765625,3178.22314453125,1172.6495971679688,98.29443359375,128.6270751953125
IMG_0040.mp4,5,0.16683333333333333,29.97002997002997,1,1,traffic_lights,0.8881245255470276,2428.27490234375,662.7525024414062,2494.025146484375,790.2072143554688,2461.1500244140625,726.4798583984375,65.750244140625,127.4547119140625
IMG_0040.mp4,5,0.16683333333333333,29.97002997002997,2,1,traffic_lights,0.728161096572876,2150.47705078125,1112.1953125,2191.10693359375,1224.7828369140625,2170.7919921875,1168.4890747070312,40.6298828125,112.5875244140625
IMG_0040.mp4,5,0.16683333333333333,29.97002997002997,3,2,traffic_signs,0.7862042784690857,3130.212890625,1017.8963623046875,3234.22216796875,1108.0975341796875,3182.217529296875,1062.9969482421875,104.00927734375,90.201171875
IMG_0040.mp4,5,0.16683333333333333,29.97002997002997,4,2,traffic_signs,0.45887839794158936,2030.97900390625,1115.05859375,2115.5302734375,1241.3944091796875,2073.254638671875,1178.2265014648438,84.55126953125,126.3358154296875
IMG_0040.mp4,5,0.16683333333333333,29.97002997002997,5,1,traffic_lights,0.4111528992652893,3137.021240234375,1108.5,3227.172119140625,1237.1683349609375,3182.0966796875,1172.8341674804688,90.15087890625,128.6683349609375
IMG_0040.mp4,5,0.16683333333333333,29.97002997002997,6,2,traffic_signs,0.5344929695129395,2017.8651123046875,1098.7791748046875,2093.080322265625,1175.0274658203125,2055.4727172851562,1136.9033203125,75.2152099609375,76.248291015625
IMG_0040.mp4,6,0.20020000000000002,29.97002997002997,2,1,traffic_lights,0.6326532959938049,2150.4150390625,1113.53466796875,2191.229736328125,1222.60546875,2170.8223876953125,1168.070068359375,40.814697265625,109.07080078125
IMG_0040.mp4,6,0.20020000000000002,29.97002997002997,3,2,traffic_signs,0.769393801689148,3130.6591796875,1017.4608154296875,3234.756591796875,1106.4090576171875,3182.7078857421875,1061.9349365234375,104.097412109375,88.9482421875
IMG_0040.mp4,6,0.20020000000000002,29.97002997002997,4,2,traffic_signs,0.8434106707572937,2037.5245361328125,1146.6800537109375,2125.474609375,1242.3104248046875,2081.4995727539062,1194.4952392578125,87.9500732421875,95.63037109375
IMG_0040.mp4,6,0.20020000000000002,29.97002997002997,5,1,traffic_lights,0.6411698460578918,3138.325927734375,1108.5916748046875,3226.6484375,1237.4954833984375,3182.4871826171875,1173.0435791015625,88.322509765625,128.90380859375
IMG_0040.mp4,7,0.23356666666666667,29.97002997002997,2,1,traffic_lights,0.7966613173484802,2146.520263671875,1112.055419921875,2191.860595703125,1223.6614990234375,2169.1904296875,1167.8584594726562,45.34033203125,111.6060791015625
IMG_0040.mp4,7,0.23356666666666667,29.97002997002997,4,2,traffic_signs,0.5831122398376465,2037.63623046875,1140.610107421875,2126.423095703125,1241.3541259765625,2082.0296630859375,1190.9821166992188,88.786865234375,100.7440185546875
IMG_0040.mp4,7,0.23356666666666667,29.97002997002997,1,1,traffic_lights,0.8535398244857788,2425.523193359375,662.2777709960938,2494.47900390625,790.3798217773438,2460.0010986328125,726.3287963867188,68.955810546875,128.10205078125
IMG_0040.mp4,7,0.23356666666666667,29.97002997002997,6,2,traffic_signs,0.256345272064209,2016.1961669921875,1098.2860107421875,2094.00732421875,1175.6572265625,2055.1017456054688,1136.9716186523438,77.8111572265625,77.3712158203125
IMG_0040.mp4,8,0.26693333333333336,29.97002997002997,2,1,traffic_lights,0.8442698121070862,2148.44873046875,1112.616455078125,2190.979736328125,1222.8414306640625,2169.7142333984375,1167.7289428710938,42.531005859375,110.2249755859375
IMG_0040.mp4,8,0.26693333333333336,29.97002997002997,4,2,traffic_signs,0.6111760139465332,2040.9691162109375,1141.128173828125,2122.12939453125,1240.9066162109375,2081.5492553710938,1191.0173950195312,81.1602783203125,99.7784423828125
IMG_0040.mp4,8,0.26693333333333336,29.97002997002997,1,1,traffic_lights,0.8683332204818726,2425.8544921875,662.0114135742188,2494.439453125,790.2587890625,2460.14697265625,726.1351013183594,68.5849609375,128.24737548828125
IMG_0040.mp4,8,0.26693333333333336,29.97002997002997,6,2,traffic_signs,0.5060932040214539,2016.2781982421875,1097.713134765625,2093.388671875,1173.375,2054.8334350585938,1135.5440673828125,77.1104736328125,75.661865234375
IMG_0040.mp4,8,0.26693333333333336,29.97002997002997,3,2,traffic_signs,0.7398641109466553,3131.80224609375,1017.5106811523438,3234.3466796875,1108.2991943359375,3183.074462890625,1062.9049377441406,102.54443359375,90.78851318359375
IMG_0040.mp4,8,0.26693333333333336,29.97002997002997,5,1,traffic_lights,0.5455699563026428,3142.13623046875,1110.3323974609375,3222.740234375,1237.2490234375,3182.438232421875,1173.7907104492188,80.60400390625,126.9166259765625
IMG_0040.mp4,9,0.3003,29.97002997002997,2,1,traffic_lights,0.8594858050346375,2149.489013671875,1113.2484130859375,2190.0498046875,1223.27099609375,2169.7694091796875,1168.2597045898438,40.560791015625,110.0225830078125
IMG_0040.mp4,9,0.3003,29.97002997002997,4,2,traffic_signs,0.5593302249908447,2040.9642333984375,1138.3890380859375,2121.128173828125,1241.3077392578125,2081.0462036132812,1189.848388671875,80.1639404296875,102.918701171875
IMG_0040.mp4,9,0.3003,29.97002997002997,1,1,traffic_lights,0.8810216784477234,2425.506103515625,662.0875854492188,2494.46923828125,790.7636108398438,2459.9876708984375,726.4255981445312,68.963134765625,128.676025390625
IMG_0040.mp4,9,0.3003,29.97002997002997,6,2,traffic_signs,0.44574326276779175,2016.3271484375,1098.0220947265625,2094.091064453125,1174.3521728515625,2055.2091064453125,1136.1871337890625,77.763916015625,76.330078125
IMG_0040.mp4,9,0.3003,29.97002997002997,3,2,traffic_signs,0.7577999830245972,3132.661376953125,1017.5914916992188,3235.08349609375,1108.805419921875,3183.8724365234375,1063.1984558105469,102.422119140625,91.21392822265625
IMG_0040.mp4,9,0.3003,29.97002997002997,5,1,traffic_lights,0.6509905457496643,3139.974365234375,1110.74462890625,3222.53564453125,1237.72607421875,3181.2550048828125,1174.2353515625,82.561279296875,126.9814453125
IMG_0040.mp4,10,0.33366666666666667,29.97002997002997,2,1,traffic_lights,0.8210757970809937,2149.01171875,1112.6075439453125,2190.7119140625,1222.81201171875,2169.86181640625,1167.7097778320312,41.7001953125,110.2044677734375
IMG_0040.mp4,10,0.33366666666666667,29.97002997002997,4,2,traffic_signs,0.6248541474342346,2041.831787109375,1139.82080078125,2119.5771484375,1241.061279296875,2080.7044677734375,1190.4410400390625,77.745361328125,101.240478515625
IMG_0040.mp4,10,0.33366666666666667,29.97002997002997,1,1,traffic_lights,0.8802125453948975,2425.303466796875,660.9093627929688,2494.7109375,791.367919921875,2460.0072021484375,726.1386413574219,69.407470703125,130.45855712890625
IMG_0040.mp4,10,0.33366666666666667,29.97002997002997,6,2,traffic_signs,0.5955203771591187,2016.578369140625,1098.2294921875,2093.77197265625,1173.54296875,2055.1751708984375,1135.88623046875,77.193603515625,75.3134765625
IMG_0040.mp4,10,0.33366666666666667,29.97002997002997,3,2,traffic_signs,0.7302137613296509,3132.784912109375,1017.5864868164062,3234.791259765625,1109.1439208984375,3183.7880859375,1063.3652038574219,102.00634765625,91.55743408203125
IMG_0040.mp4,11,0.3670333333333333,29.97002997002997,2,1,traffic_lights,0.8455407619476318,2149.33642578125,1113.149169921875,2190.4384765625,1222.652099609375,2169.887451171875,1167.900634765625,41.10205078125,109.5029296875
IMG_0040.mp4,11,0.3670333333333333,29.97002997002997,4,2,traffic_signs,0.6667513251304626,2042.560791015625,1142.022216796875,2119.150390625,1241.101318359375,2080.8555908203125,1191.561767578125,76.589599609375,99.0791015625
IMG_0040.mp4,11,0.3670333333333333,29.97002997002997,1,1,traffic_lights,0.8712582588195801,2425.726318359375,661.4833374023438,2494.69775390625,791.197509765625,2460.2120361328125,726.3404235839844,68.971435546875,129.71417236328125
IMG_0040.mp4,11,0.3670333333333333,29.97002997002997,6,2,traffic_signs,0.6277558207511902,2016.4791259765625,1098.47412109375,2093.2724609375,1173.602783203125,2054.8757934570312,1136.0384521484375,76.7933349609375,75.128662109375
IMG_0040.mp4,11,0.3670333333333333,29.97002997002997,3,2,traffic_signs,0.7539989948272705,3132.557861328125,1017.796630859375,3235.53369140625,1109.1307373046875,3184.0457763671875,1063.4636840820312,102.975830078125,91.3341064453125
IMG_0040.mp4,11,0.3670333333333333,29.97002997002997,5,1,traffic_lights,0.28909966349601746,3136.930908203125,1111.20849609375,3224.506103515625,1236.27734375,3180.718505859375,1173.742919921875,87.5751953125,125.06884765625
IMG_0040.mp4,12,0.40040000000000003,29.97002997002997,2,1,traffic_lights,0.8487923741340637,2149.93896484375,1113.9852294921875,2189.765869140625,1222.91162109375,2169.8524169921875,1168.4484252929688,39.826904296875,108.9263916015625
IMG_0040.mp4,12,0.40040000000000003,29.97002997002997,4,2,traffic_signs,0.6194683909416199,2041.6260986328125,1139.8209228515625,2118.920654296875,1241.2208251953125,2080.2733764648438,1190.5208740234375,77.2945556640625,101.39990234375
IMG_0040.mp4,12,0.40040000000000003,29.97002997002997,1,1,traffic_lights,0.8763440251350403,2426.242431640625,662.516845703125,2494.818359375,791.1243286132812,2460.5303955078125,726.8205871582031,68.575927734375,128.60748291015625
IMG_0040.mp4,12,0.40040000000000003,29.97002997002997,6,2,traffic_signs,0.6091927289962769,2016.0802001953125,1098.6522216796875,2092.75146484375,1173.9464111328125,2054.4158325195312,1136.29931640625,76.6712646484375,75.294189453125
IMG_0040.mp4,12,0.40040000000000003,29.97002997002997,3,2,traffic_signs,0.7335243821144104,3133.056884765625,1017.4130859375,3236.50146484375,1108.572265625,3184.7791748046875,1062.99267578125,103.444580078125,91.1591796875
IMG_0040.mp4,12,0.40040000000000003,29.97002997002997,5,1,traffic_lights,0.5344448089599609,3133.45458984375,1111.20166015625,3228.574951171875,1236.88134765625,3181.0147705078125,1174.04150390625,95.120361328125,125.6796875
IMG_0040.mp4,13,0.4337666666666667,29.97002997002997,2,1,traffic_lights,0.8341481685638428,2149.4736328125,1113.4757080078125,2189.641845703125,1223.020751953125,2169.5577392578125,1168.2482299804688,40.168212890625,109.5450439453125
IMG_0040.mp4,13,0.4337666666666667,29.97002997002997,4,2,traffic_signs,0.5477674603462219,2039.990478515625,1136.57958984375,2119.179443359375,1241.1663818359375,2079.5849609375,1188.8729858398438,79.18896484375,104.5867919921875
IMG_0040.mp4,13,0.4337666666666667,29.97002997002997,1,1,traffic_lights,0.8752203583717346,2426.5390625,661.43115234375,2495.189453125,790.5819702148438,2460.8642578125,726.0065612792969,68.650390625,129.15081787109375
IMG_0040.mp4,13,0.4337666666666667,29.97002997002997,6,2,traffic_signs,0.5628460645675659,2015.8892822265625,1098.5751953125,2093.18896484375,1174.2427978515625,2054.5391235351562,1136.4089965820312,77.2996826171875,75.6676025390625
IMG_0040.mp4,13,0.4337666666666667,29.97002997002997,3,2,traffic_signs,0.6875406503677368,3132.804443359375,1017.4085693359375,3236.722900390625,1108.059326171875,3184.763671875,1062.7339477539062,103.91845703125,90.6507568359375
IMG_0040.mp4,14,0.46713333333333334,29.97002997002997,2,1,traffic_lights,0.8536027073860168,2149.675048828125,1113.7216796875,2189.652587890625,1223.7342529296875,2169.663818359375,1168.7279663085938,39.9775390625,110.0125732421875
IMG_0040.mp4,14,0.46713333333333334,29.97002997002997,4,2,traffic_signs,0.5605084896087646,2039.3946533203125,1135.186279296875,2119.004150390625,1241.2852783203125,2079.1994018554688,1188.2357788085938,79.6094970703125,106.0989990234375
IMG_0040.mp4,14,0.46713333333333334,29.97002997002997,1,1,traffic_lights,0.8715348839759827,2427.12109375,660.2714233398438,2495.142822265625,790.63671875,2461.1319580078125,725.4540710449219,68.021728515625,130.36529541015625
IMG_0040.mp4,14,0.46713333333333334,29.97002997002997,6,2,traffic_signs,0.5357915759086609,2015.8125,1098.7315673828125,2092.69970703125,1175.0831298828125,2054.256103515625,1136.9073486328125,76.88720703125,76.3515625
IMG_0040.mp4,14,0.46713333333333334,29.97002997002997,3,2,traffic_signs,0.7167215347290039,3133.318359375,1017.424560546875,3236.827392578125,1108.0128173828125,3185.0728759765625,1062.7186889648438,103.509033203125,90.5882568359375
IMG_0040.mp4,14,0.46713333333333334,29.97002997002997,5,1,traffic_lights,0.332888126373291,3130.672119140625,1112.096923828125,3236.93701171875,1236.8460693359375,3183.8045654296875,1174.4714965820312,106.264892578125,124.7491455078125
IMG_0040.mp4,15,0.5005000000000001,29.97002997002997,2,1,traffic_lights,0.8576415777206421,2149.636474609375,1113.50537109375,2189.388671875,1223.552978515625,2169.5125732421875,1168.5291748046875,39.752197265625,110.047607421875
IMG_0040.mp4,15,0.5005000000000001,29.97002997002997,4,2,traffic_signs,0.5361003875732422,2037.6771240234375,1130.1517333984375,2119.190673828125,1241.4298095703125,2078.4338989257812,1185.790771484375,81.5135498046875,111.278076171875
IMG_0040.mp4,15,0.5005000000000001,29.97002997002997,1,1,traffic_lights,0.872901976108551,2427.31494140625,660.58056640625,2495.253662109375,790.2452392578125,2461.2843017578125,725.4129028320312,67.938720703125,129.6646728515625
IMG_0040.mp4,15,0.5005000000000001,29.97002997002997,6,2,traffic_signs,0.47284916043281555,2015.7423095703125,1098.69775390625,2092.826416015625,1176.1209716796875,2054.2843627929688,1137.4093627929688,77.0841064453125,77.4232177734375
IMG_0040.mp4,15,0.5005000000000001,29.97002997002997,3,2,traffic_signs,0.7282371520996094,3134.547119140625,1016.752685546875,3237.539306640625,1107.837646484375,3186.043212890625,1062.295166015625,102.9921875,91.0849609375
IMG_0040.mp4,15,0.5005000000000001,29.97002997002997,5,1,traffic_lights,0.3693832755088806,3129.94482421875,1112.64306640625,3238.287841796875,1237.0218505859375,3184.1163330078125,1174.8324584960938,108.343017578125,124.3787841796875
IMG_0040.mp4,16,0.5338666666666667,29.97002997002997,2,1,traffic_lights,0.8634049892425537,2149.8388671875,1112.3724365234375,2189.4345703125,1223.3367919921875,2169.63671875,1167.8546142578125,39.595703125,110.96435546875
IMG_0040.mp4,16,0.5338666666666667,29.97002997002997,4,2,traffic_signs,0.46120399236679077,2037.0787353515625,1126.6817626953125,2118.628662109375,1241.56298828125,2077.8536987304688,1184.1223754882812,81.5499267578125,114.8812255859375
IMG_0040.mp4,16,0.5338666666666667,29.97002997002997,1,1,traffic_lights,0.8707846999168396,2427.363037109375,658.7399291992188,2495.510498046875,789.9517211914062,2461.436767578125,724.3458251953125,68.1474609375,131.2117919921875
IMG_0040.mp4,16,0.5338666666666667,29.97002997002997,6,2,traffic_signs,0.40039944648742676,2015.580810546875,1098.2281494140625,2092.733154296875,1178.531982421875,2054.156982421875,1138.3800659179688,77.15234375,80.3038330078125
IMG_0040.mp4,16,0.5338666666666667,29.97002997002997,3,2,traffic_signs,0.7174854874610901,3135.4775390625,1016.7177124023438,3238.047119140625,1107.469970703125,3186.7623291015625,1062.0938415527344,102.569580078125,90.75225830078125
IMG_0040.mp4,17,0.5672333333333334,29.97002997002997,2,1,traffic_lights,0.8686694502830505,2149.114990234375,1112.4569091796875,2189.340576171875,1223.210205078125,2169.227783203125,1167.8335571289062,40.2255859375,110.7532958984375
IMG_0040.mp4,17,0.5672333333333334,29.97002997002997,4,2,traffic_signs,0.5360307097434998,2037.627685546875,1127.939208984375,2119.3427734375,1241.4986572265625,2078.4852294921875,1184.7189331054688,81.715087890625,113.5594482421875
IMG_0040.mp4,17,0.5672333333333334,29.97002997002997,1,1,traffic_lights,0.8824000954627991,2427.382080078125,657.3638916015625,2495.43212890625,789.1094970703125,2461.4071044921875,723.2366943359375,68.050048828125,131.74560546875
IMG_0040.mp4,17,0.5672333333333334,29.97002997002997,6,2,traffic_signs,0.43452852964401245,2015.2921142578125,1097.81591796875,2092.615966796875,1178.021484375,2053.9540405273438,1137.918701171875,77.3238525390625,80.20556640625
IMG_0040.mp4,17,0.5672333333333334,29.97002997002997,3,2,traffic_signs,0.7359358072280884,3136.344970703125,1015.6812133789062,3238.884033203125,1106.6331787109375,3187.614501953125,1061.1571960449219,102.5390625,90.95196533203125
IMG_0040.mp4,17,0.5672333333333334,29.97002997002997,5,1,traffic_lights,0.4082069396972656,3129.96484375,1106.0877685546875,3265.451904296875,1239.3314208984375,3197.7083740234375,1172.7095947265625,135.487060546875,133.24365234375
IMG_0040.mp4,18,0.6006,29.97002997002997,2,1,traffic_lights,0.8599018454551697,2148.619873046875,1112.43408203125,2188.999755859375,1223.149658203125,2168.809814453125,1167.7918701171875,40.3798828125,110.715576171875
IMG_0040.mp4,18,0.6006,29.97002997002997,4,2,traffic_signs,0.5784670114517212,2038.03076171875,1130.033203125,2119.09912109375,1241.4794921875,2078.56494140625,1185.75634765625,81.068359375,111.4462890625
IMG_0040.mp4,18,0.6006,29.97002997002997,1,1,traffic_lights,0.887575089931488,2428.07275390625,659.2637939453125,2495.462890625,788.0388793945312,2461.767822265625,723.6513366699219,67.39013671875,128.77508544921875
IMG_0040.mp4,18,0.6006,29.97002997002997,6,2,traffic_signs,0.4270873963832855,2015.7626953125,1098.0504150390625,2091.926025390625,1175.8773193359375,2053.8443603515625,1136.9638671875,76.163330078125,77.826904296875
IMG_0040.mp4,18,0.6006,29.97002997002997,3,2,traffic_signs,0.7576770782470703,3137.66064453125,1015.39990234375,3239.70458984375,1105.81591796875,3188.6826171875,1060.60791015625,102.0439453125,90.416015625
IMG_0040.mp4,18,0.6006,29.97002997002997,5,1,traffic_lights,0.4370487928390503,3132.8251953125,1107.9254150390625,3248.990234375,1235.8614501953125,3190.90771484375,1171.8934326171875,116.1650390625,127.93603515625
IMG_0040.mp4,19,0.6339666666666667,29.97002997002997,2,1,traffic_lights,0.8351863026618958,2148.1396484375,1111.3563232421875,2189.36865234375,1223.071044921875,2168.754150390625,1167.2136840820312,41.22900390625,111.7147216796875
IMG_0040.mp4,19,0.6339666666666667,29.97002997002997,4,2,traffic_signs,0.5756085515022278,2037.89111328125,1130.346435546875,2119.31494140625,1241.5880126953125,2078.60302734375,1185.9672241210938,81.423828125,111.2415771484375
IMG_0040.mp4,19,0.6339666666666667,29.97002997002997,1,1,traffic_lights,0.8830265402793884,2428.206298828125,657.5433959960938,2495.520263671875,787.6966552734375,2461.86328125,722.6200256347656,67.31396484375,130.15325927734375
IMG_0040.mp4,19,0.6339666666666667,29.97002997002997,6,2,traffic_signs,0.34526556730270386,2015.658447265625,1097.433349609375,2092.5771484375,1175.9466552734375,2054.1177978515625,1136.6900024414062,76.918701171875,78.5133056640625
IMG_0040.mp4,19,0.6339666666666667,29.97002997002997,3,2,traffic_signs,0.753731369972229,3136.7646484375,1015.3893432617188,3239.361083984375,1104.9134521484375,3188.0628662109375,1060.1513977050781,102.596435546875,89.52410888671875
IMG_0040.mp4,20,0.6673333333333333,29.97002997002997,2,1,traffic_lights,0.7783878445625305,2149.050537109375,1111.2589111328125,2187.989013671875,1223.00830078125,2168.519775390625,1167.1336059570312,38.9384765625,111.7493896484375
IMG_0040.mp4,20,0.6673333333333333,29.97002997002997,4,2,traffic_signs,0.6803039312362671,2039.372802734375,1136.8848876953125,2118.777587890625,1241.306396484375,2079.0751953125,1189.0956420898438,79.40478515625,104.4215087890625
IMG_0040.mp4,20,0.6673333333333333,29.97002997002997,1,1,traffic_lights,0.8825762867927551,2428.412109375,656.1763305664062,2495.673583984375,786.6133422851562,2462.0428466796875,721.3948364257812,67.261474609375,130.43701171875
IMG_0040.mp4,20,0.6673333333333333,29.97002997002997,6,2,traffic_signs,0.42798906564712524,2015.3043212890625,1097.2017822265625,2092.312744140625,1174.865966796875,2053.8085327148438,1136.0338745117188,77.0084228515625,77.6641845703125
IMG_0040.mp4,20,0.6673333333333333,29.97002997002997,3,2,traffic_signs,0.7676681280136108,3137.494873046875,1015.1629028320312,3240.410888671875,1104.962646484375,3188.952880859375,1060.0627746582031,102.916015625,89.79974365234375
IMG_0040.mp4,20,0.6673333333333333,29.97002997002997,5,1,traffic_lights,0.4211426079273224,3138.168212890625,1108.87890625,3238.849853515625,1235.03271484375,3188.509033203125,1171.955810546875,100.681640625,126.15380859375
IMG_0040.mp4,21,0.7007,29.97002997002997,2,1,traffic_lights,0.8494112491607666,2147.94970703125,1111.271484375,2188.31884765625,1222.345703125,2168.13427734375,1166.80859375,40.369140625,111.07421875
IMG_0040.mp4,21,0.7007,29.97002997002997,4,2,traffic_signs,0.7315269112586975,2040.7720947265625,1143.5750732421875,2117.522705078125,1240.7830810546875,2079.1473999023438,1192.1790771484375,76.7506103515625,97.2080078125
IMG_0040.mp4,21,0.7007,29.97002997002997,1,1,traffic_lights,0.8864151239395142,2428.71533203125,657.93212890625,2495.32861328125,785.5208740234375,2462.02197265625,721.7265014648438,66.61328125,127.5887451171875
IMG_0040.mp4,21,0.7007,29.97002997002997,6,2,traffic_signs,0.513971745967865,2014.6285400390625,1097.135986328125,2090.908935546875,1172.28515625,2052.7687377929688,1134.7105712890625,76.2803955078125,75.149169921875
IMG_0040.mp4,21,0.7007,29.97002997002997,3,2,traffic_signs,0.7931244373321533,3137.873779296875,1014.5300903320312,3241.406005859375,1104.0103759765625,3189.639892578125,1059.2702331542969,103.5322265625,89.48028564453125
IMG_0040.mp4,22,0.7340666666666666,29.97002997002997,2,1,traffic_lights,0.800104558467865,2143.625,1109.4703369140625,2189.5615234375,1224.08544921875,2166.59326171875,1166.7778930664062,45.9365234375,114.6151123046875
IMG_0040.mp4,22,0.7340666666666666,29.97002997002997,4,2,traffic_signs,0.5100606083869934,2036.6920166015625,1135.421142578125,2120.11572265625,1241.1597900390625,2078.4038696289062,1188.2904663085938,83.4237060546875,105.7386474609375
IMG_0040.mp4,22,0.7340666666666666,29.97002997002997,1,1,traffic_lights,0.8790097236633301,2428.211181640625,655.4329223632812,2495.788818359375,784.7979736328125,2462.0,720.1154479980469,67.57763671875,129.36505126953125
IMG_0040.mp4,23,0.7674333333333333,29.97002997002997,1,1,traffic_lights,0.8942432403564453,2427.82568359375,654.6500854492188,2495.222900390625,784.7554321289062,2461.5242919921875,719.7027587890625,67.397216796875,130.1053466796875
IMG_0040.mp4,23,0.7674333333333333,29.97002997002997,3,2,traffic_signs,0.6955000162124634,3139.65478515625,1013.7684326171875,3245.225341796875,1101.896484375,3192.4400634765625,1057.8324584960938,105.570556640625,88.1280517578125
IMG_0040.mp4,24,0.8008000000000001,29.97002997002997,1,1,traffic_lights,0.9063884615898132,2430.9365234375,662.7408447265625,2494.138916015625,782.6254272460938,2462.5377197265625,722.6831359863281,63.202392578125,119.88458251953125
IMG_0040.mp4,24,0.8008000000000001,29.97002997002997,14,2,traffic_signs,0.3228430151939392,3169.55615234375,1104.07861328125,3219.735107421875,1146.433349609375,3194.6456298828125,1125.2559814453125,50.178955078125,42.354736328125
IMG_0040.mp4,24,0.8008000000000001,29.97002997002997,3,2,traffic_signs,0.7599239945411682,3142.923583984375,1013.6868286132812,3245.536865234375,1103.392333984375,3194.230224609375,1058.5395812988281,102.61328125,89.70550537109375
IMG_0040.mp4,24,0.8008000000000001,29.97002997002997,5,1,traffic_lights,0.4984877109527588,3147.320556640625,1108.002685546875,3228.74853515625,1231.8421630859375,3188.0345458984375,1169.9224243164062,81.427978515625,123.8394775390625
IMG_0040.mp4,24,0.8008000000000001,29.97002997002997,2,1,traffic_lights,0.8158247470855713,2147.20556640625,1110.978759765625,2189.052490234375,1222.29541015625,2168.1290283203125,1166.6370849609375,41.846923828125,111.316650390625
IMG_0040.mp4,24,0.8008000000000001,29.97002997002997,4,2,traffic_signs,0.8057062029838562,2041.204833984375,1147.4810791015625,2119.7646484375,1239.92431640625,2080.4847412109375,1193.7026977539062,78.559814453125,92.4432373046875
IMG_0040.mp4,25,0.8341666666666667,29.97002997002997,1,1,traffic_lights,0.8945594429969788,2429.86328125,656.430419921875,2495.503173828125,782.26171875,2462.6832275390625,719.3460693359375,65.639892578125,125.831298828125
IMG_0040.mp4,25,0.8341666666666667,29.97002997002997,3,2,traffic_signs,0.6686956286430359,3142.244140625,1013.0074462890625,3245.74853515625,1105.64111328125,3193.996337890625,1059.3242797851562,103.50439453125,92.6336669921875
IMG_0040.mp4,25,0.8341666666666667,29.97002997002997,2,1,traffic_lights,0.8562127947807312,2148.05322265625,1110.2415771484375,2189.363525390625,1221.7855224609375,2168.7083740234375,1166.0135498046875,41.310302734375,111.5439453125
IMG_0040.mp4,25,0.8341666666666667,29.97002997002997,4,2,traffic_signs,0.5775367617607117,2034.620361328125,1129.6134033203125,2119.861328125,1241.6051025390625,2077.2408447265625,1185.6092529296875,85.240966796875,111.99169921875
IMG_0040.mp4,26,0.8675333333333334,29.97002997002997,1,1,traffic_lights,0.8912609815597534,2429.4873046875,654.0588989257812,2496.179931640625,782.2322387695312,2462.8336181640625,718.1455688476562,66.692626953125,128.17333984375
IMG_0040.mp4,26,0.8675333333333334,29.97002997002997,2,1,traffic_lights,0.8572285771369934,2148.040283203125,1110.4996337890625,2189.318359375,1221.4119873046875,2168.6793212890625,1165.955810546875,41.278076171875,110.912353515625
IMG_0040.mp4,26,0.8675333333333334,29.97002997002997,4,2,traffic_signs,0.691177487373352,2034.796875,1130.760498046875,2119.152587890625,1241.818115234375,2076.9747314453125,1186.289306640625,84.355712890625,111.0576171875
IMG_0040.mp4,26,0.8675333333333334,29.97002997002997,6,2,traffic_signs,0.31186240911483765,2013.5269775390625,1096.744140625,2093.390625,1176.8094482421875,2053.4588012695312,1136.7767944335938,79.8636474609375,80.0653076171875
IMG_0040.mp4,26,0.8675333333333334,29.97002997002997,5,1,traffic_lights,0.3856213688850403,3145.20068359375,1103.4139404296875,3231.15380859375,1232.409912109375,3188.17724609375,1167.9119262695312,85.953125,128.9959716796875
IMG_0040.mp4,27,0.9009,29.97002997002997,1,1,traffic_lights,0.8913322687149048,2429.232177734375,653.1952514648438,2496.44384765625,781.9596557617188,2462.8380126953125,717.5774536132812,67.211669921875,128.764404296875
IMG_0040.mp4,27,0.9009,29.97002997002997,2,1,traffic_lights,0.8497541546821594,2147.73193359375,1109.68701171875,2189.2255859375,1221.5965576171875,2168.478759765625,1165.6417846679688,41.49365234375,111.9095458984375
IMG_0040.mp4,27,0.9009,29.97002997002997,4,2,traffic_signs,0.7586318254470825,2037.21875,1139.5106201171875,2118.20166015625,1241.2237548828125,2077.710205078125,1190.3671875,80.98291015625,101.713134765625
IMG_0040.mp4,27,0.9009,29.97002997002997,6,2,traffic_signs,0.4945506751537323,2013.1348876953125,1096.6983642578125,2091.90283203125,1173.2152099609375,2052.5188598632812,1134.956787109375,78.7679443359375,76.516845703125
IMG_0040.mp4,28,0.9342666666666667,29.97002997002997,1,1,traffic_lights,0.8920047283172607,2428.870361328125,652.5734252929688,2496.814208984375,781.67724609375,2462.84228515625,717.1253356933594,67.94384765625,129.10382080078125
IMG_0040.mp4,28,0.9342666666666667,29.97002997002997,2,1,traffic_lights,0.7993949055671692,2147.2353515625,1108.9273681640625,2189.34619140625,1222.50634765625,2168.290771484375,1165.7168579101562,42.11083984375,113.5789794921875
IMG_0040.mp4,28,0.9342666666666667,29.97002997002997,4,2,traffic_signs,0.8259168863296509,2039.226806640625,1145.576416015625,2117.69677734375,1241.052490234375,2078.4617919921875,1193.314453125,78.469970703125,95.47607421875
IMG_0040.mp4,28,0.9342666666666667,29.97002997002997,6,2,traffic_signs,0.41326776146888733,2013.396728515625,1096.8017578125,2091.135498046875,1171.0670166015625,2052.26611328125,1133.9343872070312,77.73876953125,74.2652587890625
IMG_0040.mp4,29,0.9676333333333333,29.97002997002997,1,1,traffic_lights,0.8863692283630371,2429.107421875,652.758544921875,2496.10205078125,780.9097900390625,2462.604736328125,716.8341674804688,66.99462890625,128.1512451171875
IMG_0040.mp4,29,0.9676333333333333,29.97002997002997,2,1,traffic_lights,0.8320994973182678,2146.498046875,1108.5765380859375,2188.767822265625,1221.192138671875,2167.6329345703125,1164.8843383789062,42.269775390625,112.6156005859375
IMG_0040.mp4,29,0.9676333333333333,29.97002997002997,4,2,traffic_signs,0.811405599117279,2038.8084716796875,1144.1995849609375,2117.54736328125,1240.4078369140625,2078.1779174804688,1192.3037109375,78.7388916015625,96.208251953125
IMG_0040.mp4,29,0.9676333333333333,29.97002997002997,6,2,traffic_signs,0.38600805401802063,2012.8621826171875,1097.6845703125,2089.93994140625,1172.05712890625,2051.4010620117188,1134.870849609375,77.0777587890625,74.37255859375
IMG_0040.mp4,29,0.9676333333333333,29.97002997002997,3,2,traffic_signs,0.786743700504303,3143.59716796875,1010.1874389648438,3252.379150390625,1103.9010009765625,3197.9881591796875,1057.0442199707031,108.781982421875,93.71356201171875
IMG_0040.mp4,29,0.9676333333333333,29.97002997002997,5,1,traffic_lights,0.6940582990646362,3148.292236328125,1100.7952880859375,3240.553466796875,1235.2945556640625,3194.4228515625,1168.044921875,92.26123046875,134.499267578125
IMG_0040.mp4,30,1.0010000000000001,29.97002997002997,1,1,traffic_lights,0.8507933616638184,2433.3935546875,654.0152587890625,2495.381103515625,778.8632202148438,2464.3873291015625,716.4392395019531,61.987548828125,124.84796142578125
IMG_0040.mp4,30,1.0010000000000001,29.97002997002997,2,1,traffic_lights,0.8132516145706177,2146.038330078125,1107.8363037109375,2188.37060546875,1220.890625,2167.2044677734375,1164.3634643554688,42.332275390625,113.0543212890625
IMG_0040.mp4,30,1.0010000000000001,29.97002997002997,4,2,traffic_signs,0.8511834740638733,2039.52978515625,1148.4779052734375,2116.285400390625,1240.4752197265625,2077.9075927734375,1194.4765625,76.755615234375,91.997314453125
IMG_0040.mp4,30,1.0010000000000001,29.97002997002997,6,2,traffic_signs,0.6005526185035706,2011.9388427734375,1098.3470458984375,2088.99755859375,1171.2713623046875,2050.4682006835938,1134.8092041015625,77.0587158203125,72.92431640625
IMG_0040.mp4,30,1.0010000000000001,29.97002997002997,3,2,traffic_signs,0.7183961272239685,3142.994384765625,1009.9718627929688,3253.62109375,1105.9166259765625,3198.3077392578125,1057.9442443847656,110.626708984375,95.94476318359375
IMG_0040.mp4,30,1.0010000000000001,29.97002997002997,5,1,traffic_lights,0.6567021608352661,3149.4921875,1101.9879150390625,3252.75439453125,1233.37548828125,3201.123291015625,1167.6817016601562,103.26220703125,131.3875732421875
IMG_0040.mp4,31,1.0343666666666667,29.97002997002997,1,1,traffic_lights,0.8765533566474915,2430.553955078125,650.8567504882812,2496.26953125,778.8438110351562,2463.4117431640625,714.8502807617188,65.715576171875,127.987060546875
IMG_0040.mp4,31,1.0343666666666667,29.97002997002997,2,1,traffic_lights,0.4864375591278076,2149.166748046875,1106.4674072265625,2189.7333984375,1217.9302978515625,2169.4500732421875,1162.1988525390625,40.566650390625,111.462890625
IMG_0040.mp4,31,1.0343666666666667,29.97002997002997,4,2,traffic_signs,0.8968101739883423,2042.9443359375,1145.860107421875,2116.900390625,1240.0635986328125,2079.92236328125,1192.9618530273438,73.9560546875,94.2034912109375
IMG_0040.mp4,31,1.0343666666666667,29.97002997002997,6,2,traffic_signs,0.4877255856990814,2027.11865234375,1100.0345458984375,2086.177978515625,1166.8770751953125,2056.6483154296875,1133.455810546875,59.059326171875,66.842529296875
IMG_0040.mp4,31,1.0343666666666667,29.97002997002997,3,2,traffic_signs,0.34131723642349243,3143.820068359375,1009.4554443359375,3254.886962890625,1104.7296142578125,3199.353515625,1057.092529296875,111.06689453125,95.274169921875
IMG_0040.mp4,31,1.0343666666666667,29.97002997002997,5,1,traffic_lights,0.4195515811443329,3149.669189453125,1102.791748046875,3247.98828125,1231.29296875,3198.8287353515625,1167.0423583984375,98.319091796875,128.501220703125
IMG_0040.mp4,32,1.0677333333333334,29.97002997002997,1,1,traffic_lights,0.8815577030181885,2429.409912109375,649.4830322265625,2496.69775390625,778.8211669921875,2463.0538330078125,714.152099609375,67.287841796875,129.338134765625
IMG_0040.mp4,32,1.0677333333333334,29.97002997002997,2,1,traffic_lights,0.877116858959198,2149.11572265625,1107.590087890625,2188.412353515625,1222.3948974609375,2168.7640380859375,1164.9924926757812,39.296630859375,114.8048095703125
IMG_0040.mp4,32,1.0677333333333334,29.97002997002997,4,2,traffic_signs,0.827708899974823,2039.05126953125,1148.2550048828125,2116.6484375,1240.4422607421875,2077.849853515625,1194.3486328125,77.59716796875,92.187255859375
IMG_0040.mp4,32,1.0677333333333334,29.97002997002997,6,2,traffic_signs,0.5834161043167114,2014.554931640625,1098.477783203125,2087.133544921875,1167.24169921875,2050.84423828125,1132.8597412109375,72.57861328125,68.763916015625
IMG_0040.mp4,32,1.0677333333333334,29.97002997002997,3,2,traffic_signs,0.30928513407707214,3144.7578125,1009.4085693359375,3256.3603515625,1104.93798828125,3200.55908203125,1057.1732788085938,111.6025390625,95.5294189453125
IMG_0040.mp4,32,1.0677333333333334,29.97002997002997,5,1,traffic_lights,0.6483880877494812,3150.6005859375,1101.5709228515625,3257.36572265625,1232.6453857421875,3203.983154296875,1167.108154296875,106.76513671875,131.074462890625
IMG_0040.mp4,33,1.1011,29.97002997002997,1,1,traffic_lights,0.8837013244628906,2429.3720703125,649.0830078125,2496.72509765625,777.8453369140625,2463.048583984375,713.4641723632812,67.35302734375,128.7623291015625
IMG_0040.mp4,33,1.1011,29.97002997002997,2,1,traffic_lights,0.8655550479888916,2148.0732421875,1107.06494140625,2188.169921875,1222.367431640625,2168.12158203125,1164.7161865234375,40.0966796875,115.302490234375
IMG_0040.mp4,33,1.1011,29.97002997002997,4,2,traffic_signs,0.7586334347724915,2038.361083984375,1146.1466064453125,2114.94775390625,1240.1529541015625,2076.6544189453125,1193.1497802734375,76.586669921875,94.00634765625
IMG_0040.mp4,33,1.1011,29.97002997002997,6,2,traffic_signs,0.36097320914268494,2010.9627685546875,1097.192626953125,2087.654296875,1171.440673828125,2049.3085327148438,1134.316650390625,76.6915283203125,74.248046875
IMG_0040.mp4,33,1.1011,29.97002997002997,3,2,traffic_signs,0.31068530678749084,3145.98583984375,1009.3162231445312,3257.112548828125,1103.856689453125,3201.5491943359375,1056.5864562988281,111.126708984375,94.54046630859375
IMG_0040.mp4,34,1.1344666666666667,29.97002997002997,1,1,traffic_lights,0.8853883147239685,2429.264404296875,646.971435546875,2496.745361328125,777.1973876953125,2463.0048828125,712.0844116210938,67.48095703125,130.2259521484375
IMG_0040.mp4,34,1.1344666666666667,29.97002997002997,2,1,traffic_lights,0.8527492880821228,2147.953857421875,1106.814208984375,2188.611083984375,1222.5362548828125,2168.282470703125,1164.6752319335938,40.6572265625,115.7220458984375
IMG_0040.mp4,34,1.1344666666666667,29.97002997002997,4,2,traffic_signs,0.8404883146286011,2040.010009765625,1148.5576171875,2113.76953125,1240.275146484375,2076.8897705078125,1194.4163818359375,73.759521484375,91.717529296875
IMG_0040.mp4,34,1.1344666666666667,29.97002997002997,6,2,traffic_signs,0.5954810976982117,2009.6776123046875,1096.777587890625,2086.701416015625,1171.55615234375,2048.1895141601562,1134.1668701171875,77.0238037109375,74.778564453125
IMG_0040.mp4,34,1.1344666666666667,29.97002997002997,3,2,traffic_signs,0.8147757649421692,3146.505859375,1008.997802734375,3258.077880859375,1103.8385009765625,3202.2918701171875,1056.4181518554688,111.572021484375,94.8406982421875
IMG_0040.mp4,35,1.1678333333333333,29.97002997002997,1,1,traffic_lights,0.48549872636795044,2429.36376953125,645.4185180664062,2496.80322265625,776.7564086914062,2463.08349609375,711.0874633789062,67.439453125,131.337890625
IMG_0040.mp4,35,1.1678333333333333,29.97002997002997,2,1,traffic_lights,0.8735067844390869,2147.140869140625,1106.9293212890625,2187.604736328125,1223.013427734375,2167.372802734375,1164.9713745117188,40.4638671875,116.0841064453125
IMG_0040.mp4,35,1.1678333333333333,29.97002997002997,4,2,traffic_signs,0.8055763244628906,2040.7349853515625,1150.1640625,2113.1591796875,1240.412353515625,2076.9470825195312,1195.2882080078125,72.4241943359375,90.248291015625
IMG_0040.mp4,35,1.1678333333333333,29.97002997002997,6,2,traffic_signs,0.6774069666862488,2008.74609375,1096.723876953125,2085.650146484375,1171.2637939453125,2047.1981201171875,1133.9938354492188,76.904052734375,74.5399169921875
IMG_0040.mp4,35,1.1678333333333333,29.97002997002997,3,2,traffic_signs,0.7487082481384277,3146.84716796875,1008.4475708007812,3259.720947265625,1104.20361328125,3203.2840576171875,1056.3255920410156,112.873779296875,95.75604248046875
IMG_0040.mp4,36,1.2012,29.97002997002997,1,1,traffic_lights,0.8779025077819824,2429.791015625,646.5076904296875,2496.900634765625,777.5722045898438,2463.3458251953125,712.0399475097656,67.109619140625,131.06451416015625
IMG_0040.mp4,36,1.2012,29.97002997002997,2,1,traffic_lights,0.8681372404098511,2147.2275390625,1106.8902587890625,2187.26123046875,1222.954833984375,2167.244384765625,1164.9225463867188,40.03369140625,116.0645751953125
IMG_0040.mp4,36,1.2012,29.97002997002997,4,2,traffic_signs,0.849526584148407,2040.8236083984375,1150.419189453125,2112.510986328125,1240.166259765625,2076.6672973632812,1195.292724609375,71.6873779296875,89.7470703125
IMG_0040.mp4,36,1.2012,29.97002997002997,6,2,traffic_signs,0.6472116112709045,2008.718017578125,1096.357666015625,2085.28369140625,1170.52880859375,2047.0008544921875,1133.4432373046875,76.565673828125,74.171142578125
IMG_0040.mp4,36,1.2012,29.97002997002997,3,2,traffic_signs,0.7596724629402161,3148.075439453125,1008.4075927734375,3260.09912109375,1104.55859375,3204.0872802734375,1056.4830932617188,112.023681640625,96.1510009765625
IMG_0040.mp4,37,1.2345666666666666,29.97002997002997,1,1,traffic_lights,0.9161348342895508,2430.172607421875,646.0571899414062,2497.417236328125,777.94140625,2463.794921875,711.9992980957031,67.24462890625,131.88421630859375
IMG_0040.mp4,37,1.2345666666666666,29.97002997002997,2,1,traffic_lights,0.8582490086555481,2147.078369140625,1106.5408935546875,2187.509521484375,1222.5172119140625,2167.2939453125,1164.529052734375,40.43115234375,115.976318359375
IMG_0040.mp4,37,1.2345666666666666,29.97002997002997,4,2,traffic_signs,0.7913534641265869,2039.7999267578125,1148.861083984375,2112.537353515625,1240.0040283203125,2076.1686401367188,1194.4325561523438,72.7374267578125,91.1429443359375
IMG_0040.mp4,37,1.2345666666666666,29.97002997002997,6,2,traffic_signs,0.5053310990333557,2008.0234375,1095.77392578125,2085.590576171875,1171.08544921875,2046.8070068359375,1133.4296875,77.567138671875,75.3115234375
IMG_0040.mp4,37,1.2345666666666666,29.97002997002997,3,2,traffic_signs,0.7965764403343201,3148.42431640625,1007.8956298828125,3259.758544921875,1104.4676513671875,3204.0914306640625,1056.181640625,111.334228515625,96.572021484375
IMG_0040.mp4,38,1.2679333333333334,29.97002997002997,1,1,traffic_lights,0.895827054977417,2430.314453125,645.1939086914062,2497.62841796875,777.6598510742188,2463.971435546875,711.4268798828125,67.31396484375,132.4659423828125
IMG_0040.mp4,38,1.2679333333333334,29.97002997002997,2,1,traffic_lights,0.8679138422012329,2146.364990234375,1106.463623046875,2186.826904296875,1221.57275390625,2166.595947265625,1164.0181884765625,40.4619140625,115.109130859375
IMG_0040.mp4,38,1.2679333333333334,29.97002997002997,4,2,traffic_signs,0.7070237994194031,2038.341796875,1147.12255859375,2112.405029296875,1239.6307373046875,2075.3734130859375,1193.3766479492188,74.063232421875,92.5081787109375
IMG_0040.mp4,38,1.2679333333333334,29.97002997002997,6,2,traffic_signs,0.3894236087799072,2006.8946533203125,1095.21875,2086.00927734375,1171.976318359375,2046.4519653320312,1133.5975341796875,79.1146240234375,76.757568359375
IMG_0040.mp4,38,1.2679333333333334,29.97002997002997,3,2,traffic_signs,0.821450412273407,3149.768798828125,1007.18310546875,3260.697998046875,1104.1544189453125,3205.2333984375,1055.6687622070312,110.92919921875,96.9713134765625
IMG_0040.mp4,38,1.2679333333333334,29.97002997002997,5,1,traffic_lights,0.35065823793411255,3157.9384765625,1100.5316162109375,3259.924560546875,1231.1634521484375,3208.9315185546875,1165.8475341796875,101.986083984375,130.6318359375
IMG_0040.mp4,39,1.3013000000000001,29.97002997002997,1,1,traffic_lights,0.9000652432441711,2430.460205078125,644.8080444335938,2497.681884765625,776.6995239257812,2464.071044921875,710.7537841796875,67.2216796875,131.8914794921875
IMG_0040.mp4,39,1.3013000000000001,29.97002997002997,2,1,traffic_lights,0.8699631094932556,2145.68505859375,1106.051513671875,2186.9677734375,1221.146484375,2166.326416015625,1163.5989990234375,41.28271484375,115.094970703125
IMG_0040.mp4,39,1.3013000000000001,29.97002997002997,4,2,traffic_signs,0.5600517988204956,2045.5491943359375,1146.9300537109375,2114.838623046875,1237.5858154296875,2080.1939086914062,1192.2579345703125,69.2894287109375,90.65576171875
IMG_0040.mp4,39,1.3013000000000001,29.97002997002997,6,2,traffic_signs,0.44715237617492676,2014.824951171875,1096.2178955078125,2086.186279296875,1169.3543701171875,2050.505615234375,1132.7861328125,71.361328125,73.136474609375
IMG_0040.mp4,39,1.3013000000000001,29.97002997002997,3,2,traffic_signs,0.7534036040306091,3150.765380859375,1006.8096923828125,3260.793701171875,1103.3935546875,3205.779541015625,1055.1016235351562,110.0283203125,96.5838623046875
IMG_0040.mp4,40,1.3346666666666667,29.97002997002997,1,1,traffic_lights,0.8972271084785461,2430.625732421875,643.759521484375,2497.7001953125,775.7962646484375,2464.1629638671875,709.7778930664062,67.074462890625,132.0367431640625
IMG_0040.mp4,40,1.3346666666666667,29.97002997002997,2,1,traffic_lights,0.7788300514221191,2146.301513671875,1105.8009033203125,2187.41357421875,1219.6114501953125,2166.8575439453125,1162.7061767578125,41.112060546875,113.810546875
IMG_0040.mp4,40,1.3346666666666667,29.97002997002997,3,2,traffic_signs,0.7306235432624817,3151.42529296875,1006.2079467773438,3262.831298828125,1101.3016357421875,3207.1282958984375,1053.7547912597656,111.406005859375,95.09368896484375
IMG_0040.mp4,41,1.3680333333333334,29.97002997002997,1,1,traffic_lights,0.7479290962219238,2447.12841796875,644.8378295898438,2495.126953125,769.9937744140625,2471.127685546875,707.4158020019531,47.99853515625,125.15594482421875
IMG_0040.mp4,41,1.3680333333333334,29.97002997002997,2,1,traffic_lights,0.8617925643920898,2146.262939453125,1106.147216796875,2185.501708984375,1219.58837890625,2165.88232421875,1162.8677978515625,39.23876953125,113.441162109375
IMG_0040.mp4,41,1.3680333333333334,29.97002997002997,3,2,traffic_signs,0.6969512104988098,3153.599365234375,1006.3211669921875,3261.473388671875,1100.376220703125,3207.536376953125,1053.3486938476562,107.8740234375,94.0550537109375
IMG_0040.mp4,41,1.3680333333333334,29.97002997002997,22,2,traffic_signs,0.5498981475830078,1597.9765625,1263.38134765625,1620.526123046875,1284.4124755859375,1609.2513427734375,1273.8969116210938,22.549560546875,21.0311279296875
IMG_0040.mp4,41,1.3680333333333334,29.97002997002997,5,1,traffic_lights,0.3514086604118347,3165.38427734375,1100.054931640625,3253.46240234375,1230.016357421875,3209.42333984375,1165.03564453125,88.078125,129.96142578125
IMG_0040.mp4,41,1.3680333333333334,29.97002997002997,4,2,traffic_signs,0.41654330492019653,2039.506103515625,1148.0645751953125,2114.257080078125,1239.0484619140625,2076.881591796875,1193.5565185546875,74.7509765625,90.98388671875
IMG_0040.mp4,41,1.3680333333333334,29.97002997002997,6,2,traffic_signs,0.6598363518714905,2007.131591796875,1094.67041015625,2084.257080078125,1170.8941650390625,2045.6943359375,1132.7822875976562,77.12548828125,76.2237548828125
IMG_0040.mp4,42,1.4014,29.97002997002997,1,1,traffic_lights,0.8866400718688965,2435.37353515625,642.2740478515625,2498.150146484375,773.3500366210938,2466.7618408203125,707.8120422363281,62.776611328125,131.07598876953125
IMG_0040.mp4,42,1.4014,29.97002997002997,2,1,traffic_lights,0.8535216450691223,2145.064208984375,1105.5330810546875,2185.296630859375,1218.9871826171875,2165.180419921875,1162.2601318359375,40.232421875,113.4541015625
IMG_0040.mp4,42,1.4014,29.97002997002997,3,2,traffic_signs,0.49058762192726135,3155.105224609375,1007.0909423828125,3263.74462890625,1098.678955078125,3209.4249267578125,1052.8849487304688,108.639404296875,91.5880126953125
IMG_0040.mp4,42,1.4014,29.97002997002997,22,2,traffic_signs,0.4546019434928894,1597.46728515625,1263.407470703125,1620.550048828125,1284.400146484375,1609.0086669921875,1273.90380859375,23.082763671875,20.99267578125
IMG_0040.mp4,42,1.4014,29.97002997002997,4,2,traffic_signs,0.45678290724754333,2035.677978515625,1140.0457763671875,2113.932861328125,1240.2271728515625,2074.805419921875,1190.136474609375,78.2548828125,100.181396484375
IMG_0040.mp4,42,1.4014,29.97002997002997,6,2,traffic_signs,0.31333327293395996,2004.968994140625,1093.9677734375,2085.09033203125,1174.8677978515625,2045.0296630859375,1134.4177856445312,80.121337890625,80.9000244140625
IMG_0040.mp4,43,1.4347666666666667,29.97002997002997,1,1,traffic_lights,0.8741227388381958,2432.403076171875,639.4313354492188,2499.612548828125,774.4417114257812,2466.0078125,706.9365234375,67.20947265625,135.0103759765625
IMG_0040.mp4,43,1.4347666666666667,29.97002997002997,2,1,traffic_lights,0.8423137068748474,2144.355224609375,1104.722412109375,2185.279296875,1218.75048828125,2164.8172607421875,1161.7364501953125,40.924072265625,114.028076171875
IMG_0040.mp4,43,1.4347666666666667,29.97002997002997,22,2,traffic_signs,0.3692800998687744,1597.2913818359375,1263.285400390625,1620.7220458984375,1283.5477294921875,1609.0067138671875,1273.4165649414062,23.4306640625,20.2623291015625
IMG_0040.mp4,43,1.4347666666666667,29.97002997002997,4,2,traffic_signs,0.5548570156097412,2035.4296875,1139.991455078125,2113.412109375,1240.4482421875,2074.4208984375,1190.2198486328125,77.982421875,100.456787109375
IMG_0040.mp4,43,1.4347666666666667,29.97002997002997,6,2,traffic_signs,0.416716992855072,2003.7679443359375,1093.0980224609375,2084.470703125,1176.0341796875,2044.1193237304688,1134.5661010742188,80.7027587890625,82.9361572265625
IMG_0040.mp4,44,1.4681333333333333,29.97002997002997,1,1,traffic_lights,0.8731749057769775,2430.728759765625,638.3712768554688,2499.772705078125,774.7323608398438,2465.250732421875,706.5518188476562,69.0439453125,136.361083984375
IMG_0040.mp4,44,1.4681333333333333,29.97002997002997,2,1,traffic_lights,0.8680835962295532,2143.780029296875,1104.7060546875,2184.281005859375,1218.49365234375,2164.030517578125,1161.599853515625,40.5009765625,113.78759765625
IMG_0040.mp4,44,1.4681333333333333,29.97002997002997,22,2,traffic_signs,0.37622129917144775,1597.172119140625,1262.7056884765625,1620.5260009765625,1283.4849853515625,1608.8490600585938,1273.0953369140625,23.3538818359375,20.779296875
IMG_0040.mp4,44,1.4681333333333333,29.97002997002997,4,2,traffic_signs,0.5034281611442566,2034.3009033203125,1136.0999755859375,2113.057861328125,1240.2987060546875,2073.6793823242188,1188.1993408203125,78.7569580078125,104.19873046875
IMG_0040.mp4,44,1.4681333333333333,29.97002997002997,6,2,traffic_signs,0.30329200625419617,2003.1734619140625,1092.3043212890625,2084.2490234375,1178.4835205078125,2043.7112426757812,1135.3939208984375,81.0755615234375,86.17919921875
IMG_0040.mp4,44,1.4681333333333333,29.97002997002997,24,2,traffic_signs,0.40688830614089966,2429.064697265625,1318.798828125,2519.11328125,1343.6982421875,2474.0889892578125,1331.24853515625,90.048583984375,24.8994140625
IMG_0040.mp4,45,1.5015,29.97002997002997,1,1,traffic_lights,0.8767377138137817,2429.593505859375,638.0112915039062,2499.466064453125,774.038330078125,2464.52978515625,706.0248107910156,69.87255859375,136.02703857421875
IMG_0040.mp4,45,1.5015,29.97002997002997,2,1,traffic_lights,0.8585820198059082,2142.87939453125,1104.6500244140625,2184.109619140625,1217.310302734375,2163.4945068359375,1160.9801635742188,41.230224609375,112.6602783203125
IMG_0040.mp4,45,1.5015,29.97002997002997,22,2,traffic_signs,0.44887709617614746,1597.0845947265625,1263.15380859375,1620.812744140625,1284.29248046875,1608.9486694335938,1273.72314453125,23.7281494140625,21.138671875
IMG_0040.mp4,45,1.5015,29.97002997002997,4,2,traffic_signs,0.5887674689292908,2015.1773681640625,1107.09375,2114.41357421875,1240.97216796875,2064.7954711914062,1174.032958984375,99.2362060546875,133.87841796875
IMG_0040.mp4,45,1.5015,29.97002997002997,24,2,traffic_signs,0.4286749064922333,2429.42431640625,1319.012451171875,2519.177978515625,1343.31591796875,2474.3011474609375,1331.1641845703125,89.753662109375,24.303466796875
IMG_0040.mp4,45,1.5015,29.97002997002997,3,2,traffic_signs,0.7215681076049805,3159.294677734375,1005.261962890625,3262.368896484375,1095.831298828125,3210.831787109375,1050.546630859375,103.07421875,90.5693359375
IMG_0040.mp4,46,1.5348666666666666,29.97002997002997,1,1,traffic_lights,0.8729420304298401,2429.040771484375,636.5230712890625,2499.132080078125,773.3035888671875,2464.08642578125,704.913330078125,70.09130859375,136.780517578125
IMG_0040.mp4,46,1.5348666666666666,29.97002997002997,2,1,traffic_lights,0.8543330430984497,2142.1982421875,1104.32421875,2183.8876953125,1216.336669921875,2163.04296875,1160.3304443359375,41.689453125,112.012451171875
IMG_0040.mp4,46,1.5348666666666666,29.97002997002997,22,2,traffic_signs,0.45603764057159424,1597.1121826171875,1263.26318359375,1620.91650390625,1284.31298828125,1609.0143432617188,1273.7880859375,23.8043212890625,21.0498046875
IMG_0040.mp4,46,1.5348666666666666,29.97002997002997,4,2,traffic_signs,0.6566991806030273,2006.97900390625,1096.1724853515625,2114.8701171875,1240.87744140625,2060.924560546875,1168.5249633789062,107.89111328125,144.7049560546875
IMG_0040.mp4,46,1.5348666666666666,29.97002997002997,3,2,traffic_signs,0.6214143633842468,3160.73681640625,1005.2172241210938,3258.227783203125,1095.560546875,3209.4822998046875,1050.3888854980469,97.490966796875,90.34332275390625
IMG_0040.mp4,47,1.5682333333333334,29.97002997002997,1,1,traffic_lights,0.882235586643219,2428.8798828125,635.8389282226562,2498.950439453125,772.5157470703125,2463.9151611328125,704.1773376464844,70.070556640625,136.67681884765625
IMG_0040.mp4,47,1.5682333333333334,29.97002997002997,2,1,traffic_lights,0.866417646408081,2141.795654296875,1104.6759033203125,2183.60791015625,1216.50537109375,2162.7017822265625,1160.5906372070312,41.812255859375,111.8294677734375
IMG_0040.mp4,47,1.5682333333333334,29.97002997002997,4,2,traffic_signs,0.3704841434955597,2004.8297119140625,1091.6429443359375,2114.692626953125,1240.250244140625,2059.7611694335938,1165.9465942382812,109.8629150390625,148.6072998046875
IMG_0040.mp4,47,1.5682333333333334,29.97002997002997,3,2,traffic_signs,0.6787473559379578,3162.938232421875,1005.314453125,3251.923583984375,1096.0562744140625,3207.430908203125,1050.6853637695312,88.9853515625,90.7418212890625
IMG_0040.mp4,47,1.5682333333333334,29.97002997002997,24,2,traffic_signs,0.3449572026729584,2428.881103515625,1317.6259765625,2521.38818359375,1342.469482421875,2475.1346435546875,1330.0477294921875,92.507080078125,24.843505859375
IMG_0040.mp4,48,1.6016000000000001,29.97002997002997,2,1,traffic_lights,0.8408160209655762,2142.129150390625,1104.5372314453125,2182.978271484375,1216.250732421875,2162.5537109375,1160.3939819335938,40.84912109375,111.7135009765625
IMG_0040.mp4,48,1.6016000000000001,29.97002997002997,4,2,traffic_signs,0.45059072971343994,2020.8294677734375,1117.96240234375,2112.878173828125,1238.8182373046875,2066.8538208007812,1178.3903198242188,92.0487060546875,120.8558349609375
IMG_0040.mp4,48,1.6016000000000001,29.97002997002997,3,2,traffic_signs,0.7291375398635864,3164.470703125,1004.5790405273438,3252.406005859375,1094.6197509765625,3208.4383544921875,1049.5993957519531,87.935302734375,90.04071044921875
IMG_0040.mp4,48,1.6016000000000001,29.97002997002997,6,2,traffic_signs,0.3408607244491577,1999.9681396484375,1092.61376953125,2081.158447265625,1174.3802490234375,2040.5632934570312,1133.4970092773438,81.1903076171875,81.7664794921875
IMG_0040.mp4,49,1.6349666666666667,29.97002997002997,4,2,traffic_signs,0.7387894988059998,2000.437744140625,1097.12109375,2107.90625,1232.078369140625,2054.1719970703125,1164.5997314453125,107.468505859375,134.957275390625
IMG_0040.mp4,49,1.6349666666666667,29.97002997002997,1,1,traffic_lights,0.8799619078636169,2428.3662109375,633.2382202148438,2500.873291015625,767.169921875,2464.6197509765625,700.2040710449219,72.507080078125,133.93170166015625
IMG_0040.mp4,49,1.6349666666666667,29.97002997002997,24,2,traffic_signs,0.6481415033340454,2429.02392578125,1316.4224853515625,2522.05908203125,1342.3272705078125,2475.54150390625,1329.3748779296875,93.03515625,25.90478515625
IMG_0040.mp4,50,1.6683333333333334,29.97002997002997,26,1,traffic_lights,0.40454211831092834,698.9240112304688,1006.659912109375,733.79931640625,1055.8575439453125,716.3616638183594,1031.2587280273438,34.87530517578125,49.1976318359375
IMG_0040.mp4,50,1.6683333333333334,29.97002997002997,1,1,traffic_lights,0.8861944079399109,2429.575927734375,632.3543701171875,2500.966064453125,765.712646484375,2465.27099609375,699.0335083007812,71.39013671875,133.3582763671875
IMG_0040.mp4,50,1.6683333333333334,29.97002997002997,5,1,traffic_lights,0.7467007637023926,3168.959716796875,1091.950439453125,3269.88525390625,1228.1474609375,3219.4224853515625,1160.0489501953125,100.925537109375,136.197021484375
IMG_0040.mp4,50,1.6683333333333334,29.97002997002997,2,1,traffic_lights,0.8865576982498169,2141.2099609375,1104.548828125,2182.6298828125,1216.87744140625,2161.919921875,1160.713134765625,41.419921875,112.32861328125
IMG_0040.mp4,50,1.6683333333333334,29.97002997002997,3,2,traffic_signs,0.7382968664169312,3167.1015625,1004.6641235351562,3262.416015625,1092.7552490234375,3214.7587890625,1048.7096862792969,95.314453125,88.09112548828125
IMG_0040.mp4,51,1.7017,29.97002997002997,1,1,traffic_lights,0.8819936513900757,2430.055419921875,631.160400390625,2501.41748046875,764.3419189453125,2465.7364501953125,697.7511596679688,71.362060546875,133.1815185546875
IMG_0040.mp4,51,1.7017,29.97002997002997,2,1,traffic_lights,0.8763719797134399,2141.0361328125,1104.246826171875,2181.86279296875,1215.5595703125,2161.449462890625,1159.9031982421875,40.82666015625,111.312744140625
IMG_0040.mp4,51,1.7017,29.97002997002997,3,2,traffic_signs,0.7916227579116821,3167.749755859375,1004.19677734375,3264.145263671875,1094.009765625,3215.947509765625,1049.103271484375,96.3955078125,89.81298828125
IMG_0040.mp4,51,1.7017,29.97002997002997,22,2,traffic_signs,0.34225791692733765,1595.8057861328125,1266.8499755859375,1620.7431640625,1285.551025390625,1608.2744750976562,1276.2005004882812,24.9373779296875,18.7010498046875
IMG_0040.mp4,51,1.7017,29.97002997002997,4,2,traffic_signs,0.46691033244132996,1999.482177734375,1091.03173828125,2112.322509765625,1237.3843994140625,2055.90234375,1164.2080688476562,112.84033203125,146.3526611328125
IMG_0040.mp4,51,1.7017,29.97002997002997,24,2,traffic_signs,0.2752835154533386,2429.5966796875,1313.4820556640625,2522.2158203125,1341.7008056640625,2475.90625,1327.5914306640625,92.619140625,28.21875
IMG_0040.mp4,52,1.7350666666666668,29.97002997002997,1,1,traffic_lights,0.8818037509918213,2430.45556640625,629.0646362304688,2501.375732421875,762.3139038085938,2465.9156494140625,695.6892700195312,70.920166015625,133.249267578125
IMG_0040.mp4,52,1.7350666666666668,29.97002997002997,2,1,traffic_lights,0.8759145140647888,2140.4462890625,1103.275634765625,2181.428955078125,1215.274169921875,2160.9376220703125,1159.27490234375,40.982666015625,111.99853515625
IMG_0040.mp4,52,1.7350666666666668,29.97002997002997,3,2,traffic_signs,0.6554051637649536,3169.339111328125,1003.9420776367188,3256.36376953125,1093.3441162109375,3212.8514404296875,1048.6430969238281,87.024658203125,89.40203857421875
IMG_0040.mp4,52,1.7350666666666668,29.97002997002997,29,2,traffic_signs,0.40242674946784973,1997.6546630859375,1088.381103515625,2111.322509765625,1240.7030029296875,2054.4885864257812,1164.5420532226562,113.6678466796875,152.3218994140625
IMG_0040.mp4,52,1.7350666666666668,29.97002997002997,22,2,traffic_signs,0.25596123933792114,1595.3912353515625,1267.032470703125,1619.9464111328125,1285.6641845703125,1607.6688232421875,1276.3483276367188,24.55517578125,18.6317138671875
IMG_0040.mp4,52,1.7350666666666668,29.97002997002997,4,2,traffic_signs,0.6316925883293152,1998.924560546875,1089.3382568359375,2112.039794921875,1237.739501953125,2055.482177734375,1163.5388793945312,113.115234375,148.4012451171875
IMG_0040.mp4,53,1.7684333333333333,29.97002997002997,1,1,traffic_lights,0.8769148588180542,2430.25048828125,628.0135498046875,2501.133544921875,760.75634765625,2465.6920166015625,694.3849487304688,70.883056640625,132.7427978515625
IMG_0040.mp4,53,1.7684333333333333,29.97002997002997,2,1,traffic_lights,0.8776304125785828,2140.393310546875,1103.0057373046875,2180.187255859375,1214.4173583984375,2160.290283203125,1158.7115478515625,39.7939453125,111.41162109375
IMG_0040.mp4,53,1.7684333333333333,29.97002997002997,3,2,traffic_signs,0.6420623660087585,3170.870361328125,1004.5673217773438,3259.553466796875,1092.555419921875,3215.2119140625,1048.5613708496094,88.68310546875,87.98809814453125
IMG_0040.mp4,53,1.7684333333333333,29.97002997002997,29,2,traffic_signs,0.3900653123855591,1997.64599609375,1087.8914794921875,2110.4453125,1240.3690185546875,2054.045654296875,1164.1302490234375,112.79931640625,152.4775390625
IMG_0040.mp4,53,1.7684333333333333,29.97002997002997,4,2,traffic_signs,0.4508103132247925,1998.798095703125,1088.6251220703125,2111.21533203125,1237.6309814453125,2055.0067138671875,1163.1280517578125,112.417236328125,149.005859375
IMG_0040.mp4,53,1.7684333333333333,29.97002997002997,5,1,traffic_lights,0.4359835982322693,3175.734375,1091.333251953125,3277.07958984375,1225.3341064453125,3226.406982421875,1158.3336791992188,101.34521484375,134.0008544921875
IMG_0040.mp4,54,1.8018,29.97002997002997,1,1,traffic_lights,0.8702002167701721,2431.14892578125,626.53076171875,2501.04052734375,757.916015625,2466.0947265625,692.223388671875,69.8916015625,131.38525390625
IMG_0040.mp4,54,1.8018,29.97002997002997,2,1,traffic_lights,0.8804382681846619,2139.779541015625,1102.6363525390625,2180.578125,1213.53759765625,2160.1788330078125,1158.0869750976562,40.798583984375,110.9012451171875
IMG_0040.mp4,54,1.8018,29.97002997002997,29,2,traffic_signs,0.5483785271644592,1997.436767578125,1087.2166748046875,2110.143310546875,1239.671875,2053.7900390625,1163.4442749023438,112.70654296875,152.4552001953125
IMG_0040.mp4,54,1.8018,29.97002997002997,4,2,traffic_signs,0.364875465631485,1998.5101318359375,1087.9556884765625,2111.198974609375,1237.16748046875,2054.8545532226562,1162.5615844726562,112.6888427734375,149.2117919921875
IMG_0040.mp4,55,1.8351666666666666,29.97002997002997,1,1,traffic_lights,0.8648663759231567,2431.012939453125,624.43994140625,2501.006591796875,756.60009765625,2466.009765625,690.52001953125,69.99365234375,132.16015625
IMG_0040.mp4,55,1.8351666666666666,29.97002997002997,2,1,traffic_lights,0.8839345574378967,2139.32470703125,1102.592529296875,2180.301025390625,1213.9398193359375,2159.8128662109375,1158.2661743164062,40.976318359375,111.3472900390625
IMG_0040.mp4,55,1.8351666666666666,29.97002997002997,22,2,traffic_signs,0.26664409041404724,1594.79345703125,1268.0325927734375,1619.6199951171875,1286.6595458984375,1607.2067260742188,1277.3460693359375,24.8265380859375,18.626953125
IMG_0040.mp4,55,1.8351666666666666,29.97002997002997,3,2,traffic_signs,0.347041517496109,3174.7685546875,1006.4296264648438,3268.3427734375,1088.9185791015625,3221.5556640625,1047.6741027832031,93.57421875,82.48895263671875
IMG_0040.mp4,56,1.8685333333333334,29.97002997002997,1,1,traffic_lights,0.8493112325668335,2431.26513671875,621.7507934570312,2501.403564453125,755.3013305664062,2466.3343505859375,688.5260620117188,70.138427734375,133.550537109375
IMG_0040.mp4,56,1.8685333333333334,29.97002997002997,2,1,traffic_lights,0.8799781203269958,2139.26611328125,1102.581298828125,2179.173828125,1212.3812255859375,2159.219970703125,1157.4812622070312,39.90771484375,109.7999267578125
IMG_0040.mp4,56,1.8685333333333334,29.97002997002997,22,2,traffic_signs,0.28471747040748596,1595.027099609375,1267.9134521484375,1619.2613525390625,1287.1605224609375,1607.1442260742188,1277.5369873046875,24.2342529296875,19.2470703125
IMG_0040.mp4,56,1.8685333333333334,29.97002997002997,3,2,traffic_signs,0.6938213109970093,3176.91064453125,1006.2158203125,3258.296142578125,1088.476806640625,3217.6033935546875,1047.3463134765625,81.385498046875,82.260986328125
IMG_0040.mp4,56,1.8685333333333334,29.97002997002997,5,1,traffic_lights,0.7664114832878113,3183.78955078125,1083.6134033203125,3329.67822265625,1224.6705322265625,3256.73388671875,1154.1419677734375,145.888671875,141.05712890625
IMG_0040.mp4,56,1.8685333333333334,29.97002997002997,4,2,traffic_signs,0.7047819495201111,1995.342041015625,1086.0128173828125,2109.000244140625,1239.161865234375,2052.171142578125,1162.5873413085938,113.658203125,153.1490478515625
IMG_0040.mp4,57,1.9019,29.97002997002997,1,1,traffic_lights,0.8436921238899231,2431.745361328125,619.6238403320312,2502.401611328125,754.2182006835938,2467.073486328125,686.9210205078125,70.65625,134.5943603515625
IMG_0040.mp4,57,1.9019,29.97002997002997,2,1,traffic_lights,0.875910222530365,2138.820556640625,1102.0350341796875,2179.236572265625,1213.1390380859375,2159.028564453125,1157.5870361328125,40.416015625,111.10400390625
IMG_0040.mp4,57,1.9019,29.97002997002997,22,2,traffic_signs,0.3550567328929901,1595.2403564453125,1268.385009765625,1619.1942138671875,1287.385498046875,1607.21728515625,1277.88525390625,23.953857421875,19.00048828125
IMG_0040.mp4,57,1.9019,29.97002997002997,3,2,traffic_signs,0.35732603073120117,3180.106201171875,1008.4752807617188,3270.026611328125,1087.8619384765625,3225.06640625,1048.1686096191406,89.92041015625,79.38665771484375
IMG_0040.mp4,57,1.9019,29.97002997002997,32,2,traffic_signs,0.5789053440093994,2308.72509765625,1657.365478515625,2392.3525390625,1685.6357421875,2350.538818359375,1671.5006103515625,83.62744140625,28.270263671875
IMG_0040.mp4,57,1.9019,29.97002997002997,5,1,traffic_lights,0.6410923600196838,3187.064208984375,1081.07275390625,3342.555908203125,1225.4420166015625,3264.81005859375,1153.2573852539062,155.49169921875,144.3692626953125
IMG_0040.mp4,57,1.9019,29.97002997002997,4,2,traffic_signs,0.7299098968505859,1994.67626953125,1085.5986328125,2108.09521484375,1239.7364501953125,2051.3857421875,1162.6675415039062,113.4189453125,154.1378173828125
IMG_0040.mp4,58,1.9352666666666667,29.97002997002997,1,1,traffic_lights,0.8459821343421936,2431.5673828125,617.0978393554688,2502.41357421875,753.0696411132812,2466.990478515625,685.083740234375,70.84619140625,135.9718017578125
IMG_0040.mp4,58,1.9352666666666667,29.97002997002997,2,1,traffic_lights,0.8704046010971069,2138.34375,1101.0692138671875,2178.91796875,1212.9158935546875,2158.630859375,1156.9925537109375,40.57421875,111.8466796875
IMG_0040.mp4,58,1.9352666666666667,29.97002997002997,22,2,traffic_signs,0.36644527316093445,1595.223388671875,1267.585205078125,1618.7476806640625,1286.7913818359375,1606.9855346679688,1277.1882934570312,23.5242919921875,19.2061767578125
IMG_0040.mp4,58,1.9352666666666667,29.97002997002997,32,2,traffic_signs,0.5608721375465393,2308.659912109375,1658.074462890625,2392.594482421875,1686.1810302734375,2350.627197265625,1672.1277465820312,83.9345703125,28.1065673828125
IMG_0040.mp4,58,1.9352666666666667,29.97002997002997,5,1,traffic_lights,0.43432295322418213,3188.755615234375,1078.9495849609375,3349.726806640625,1224.083251953125,3269.2412109375,1151.5164184570312,160.97119140625,145.1336669921875
IMG_0040.mp4,58,1.9352666666666667,29.97002997002997,4,2,traffic_signs,0.7573683857917786,1994.2962646484375,1084.524169921875,2107.0703125,1239.4757080078125,2050.6832885742188,1161.9999389648438,112.7740478515625,154.9515380859375
IMG_0040.mp4,59,1.9686333333333335,29.97002997002997,1,1,traffic_lights,0.3416696786880493,2431.6201171875,615.4598388671875,2502.726806640625,752.2719116210938,2467.1734619140625,683.8658752441406,71.106689453125,136.81207275390625
IMG_0040.mp4,59,1.9686333333333335,29.97002997002997,2,1,traffic_lights,0.7675665616989136,2138.478271484375,1100.9158935546875,2178.10693359375,1212.4212646484375,2158.2926025390625,1156.6685791015625,39.628662109375,111.50537109375
IMG_0040.mp4,59,1.9686333333333335,29.97002997002997,22,2,traffic_signs,0.3195730745792389,1594.893798828125,1266.9560546875,1618.2911376953125,1286.6064453125,1606.5924682617188,1276.78125,23.3973388671875,19.650390625
IMG_0040.mp4,59,1.9686333333333335,29.97002997002997,5,1,traffic_lights,0.9061978459358215,3189.414306640625,1078.92138671875,3353.12353515625,1223.641357421875,3271.2689208984375,1151.2813720703125,163.709228515625,144.719970703125
IMG_0040.mp4,59,1.9686333333333335,29.97002997002997,4,2,traffic_signs,0.7625765800476074,1993.8436279296875,1083.686767578125,2107.073974609375,1239.1453857421875,2050.4588012695312,1161.4160766601562,113.2303466796875,155.4586181640625
IMG_0040.mp4,59,1.9686333333333335,29.97002997002997,33,1,traffic_lights,0.5746954679489136,3328.04296875,1332.981689453125,3428.077880859375,1366.54931640625,3378.0604248046875,1349.7655029296875,100.034912109375,33.567626953125
IMG_0040.mp4,59,1.9686333333333335,29.97002997002997,3,2,traffic_signs,0.5598995089530945,3183.016357421875,1010.116455078125,3280.602783203125,1085.0240478515625,3231.8095703125,1047.5702514648438,97.58642578125,74.9075927734375
IMG_0040.mp4,60,2.0020000000000002,29.97002997002997,1,1,traffic_lights,0.8825289607048035,2431.8544921875,616.880126953125,2501.99462890625,753.1741333007812,2466.924560546875,685.0271301269531,70.14013671875,136.29400634765625
IMG_0040.mp4,60,2.0020000000000002,29.97002997002997,2,1,traffic_lights,0.7532451748847961,2138.125,1100.10498046875,2177.6865234375,1212.0648193359375,2157.90576171875,1156.0848999023438,39.5615234375,111.9598388671875
IMG_0040.mp4,60,2.0020000000000002,29.97002997002997,22,2,traffic_signs,0.32631680369377136,1594.9256591796875,1266.674072265625,1617.9783935546875,1286.3603515625,1606.4520263671875,1276.5172119140625,23.052734375,19.686279296875
IMG_0040.mp4,60,2.0020000000000002,29.97002997002997,5,1,traffic_lights,0.37348321080207825,3190.92236328125,1074.7987060546875,3356.29296875,1221.9107666015625,3273.607666015625,1148.354736328125,165.37060546875,147.112060546875
IMG_0040.mp4,60,2.0020000000000002,29.97002997002997,4,2,traffic_signs,0.8380765318870544,1992.8411865234375,1082.7890625,2106.3642578125,1238.6943359375,2049.6027221679688,1160.74169921875,113.5230712890625,155.9052734375
IMG_0040.mp4,61,2.0353666666666665,29.97002997002997,1,1,traffic_lights,0.8620320558547974,2431.8291015625,616.6221923828125,2501.6064453125,752.731689453125,2466.7177734375,684.6769409179688,69.77734375,136.1094970703125
IMG_0040.mp4,61,2.0353666666666665,29.97002997002997,2,1,traffic_lights,0.6958949565887451,2137.743408203125,1099.67529296875,2177.661865234375,1211.9215087890625,2157.70263671875,1155.7984008789062,39.91845703125,112.2462158203125
IMG_0040.mp4,61,2.0353666666666665,29.97002997002997,22,2,traffic_signs,0.3028494715690613,1594.832275390625,1266.38134765625,1617.9678955078125,1286.1590576171875,1606.4000854492188,1276.2702026367188,23.1356201171875,19.7777099609375
IMG_0040.mp4,61,2.0353666666666665,29.97002997002997,5,1,traffic_lights,0.43800482153892517,3190.794677734375,1072.95263671875,3356.5224609375,1221.6439208984375,3273.6585693359375,1147.2982788085938,165.727783203125,148.6912841796875
IMG_0040.mp4,61,2.0353666666666665,29.97002997002997,4,2,traffic_signs,0.7681822180747986,1992.412109375,1082.0380859375,2106.596435546875,1238.81787109375,2049.5042724609375,1160.427978515625,114.184326171875,156.77978515625
IMG_0040.mp4,62,2.0687333333333333,29.97002997002997,1,1,traffic_lights,0.8626329898834229,2431.957763671875,616.2472534179688,2501.402587890625,751.7180786132812,2466.68017578125,683.982666015625,69.44482421875,135.4708251953125
IMG_0040.mp4,62,2.0687333333333333,29.97002997002997,2,1,traffic_lights,0.8504258394241333,2136.044677734375,1099.27294921875,2177.440673828125,1212.5732421875,2156.74267578125,1155.923095703125,41.39599609375,113.30029296875
IMG_0040.mp4,62,2.0687333333333333,29.97002997002997,22,2,traffic_signs,0.3104989528656006,1594.3267822265625,1266.61328125,1617.72900390625,1286.460693359375,1606.0278930664062,1276.5369873046875,23.4022216796875,19.847412109375
IMG_0040.mp4,62,2.0687333333333333,29.97002997002997,5,1,traffic_lights,0.9038686752319336,3193.0908203125,1074.6875,3353.630859375,1220.7811279296875,3273.36083984375,1147.7343139648438,160.5400390625,146.0936279296875
IMG_0040.mp4,62,2.0687333333333333,29.97002997002997,4,2,traffic_signs,0.7819650769233704,1991.4376220703125,1081.0552978515625,2106.259033203125,1238.5814208984375,2048.8483276367188,1159.818359375,114.8214111328125,157.526123046875
IMG_0040.mp4,62,2.0687333333333333,29.97002997002997,3,2,traffic_signs,0.5043603181838989,3189.304931640625,1011.0703735351562,3279.093505859375,1082.9246826171875,3234.19921875,1046.9975280761719,89.78857421875,71.85430908203125
IMG_0040.mp4,63,2.1021,29.97002997002997,1,1,traffic_lights,0.8606171011924744,2431.579833984375,615.7887573242188,2501.06640625,750.74560546875,2466.3231201171875,683.2671813964844,69.486572265625,134.95684814453125
IMG_0040.mp4,63,2.1021,29.97002997002997,2,1,traffic_lights,0.8200704455375671,2134.813720703125,1098.43212890625,2177.54150390625,1212.9718017578125,2156.1776123046875,1155.7019653320312,42.727783203125,114.5396728515625
IMG_0040.mp4,63,2.1021,29.97002997002997,22,2,traffic_signs,0.3476322591304779,1594.1336669921875,1266.642822265625,1617.39501953125,1286.35009765625,1605.7643432617188,1276.4964599609375,23.2613525390625,19.707275390625
IMG_0040.mp4,63,2.1021,29.97002997002997,5,1,traffic_lights,0.8947576284408569,3188.5810546875,1075.2392578125,3354.75,1220.506591796875,3271.66552734375,1147.8729248046875,166.1689453125,145.267333984375
IMG_0040.mp4,63,2.1021,29.97002997002997,4,2,traffic_signs,0.8095884323120117,1991.0928955078125,1080.31787109375,2105.133056640625,1238.373779296875,2048.1129760742188,1159.3458251953125,114.0401611328125,158.055908203125
IMG_0040.mp4,64,2.135466666666667,29.97002997002997,1,1,traffic_lights,0.8582869172096252,2431.143310546875,613.419677734375,2501.384765625,749.4915771484375,2466.2640380859375,681.4556274414062,70.241455078125,136.0718994140625
IMG_0040.mp4,64,2.135466666666667,29.97002997002997,2,1,traffic_lights,0.8641184568405151,2132.94921875,1097.3935546875,2177.91650390625,1213.7801513671875,2155.432861328125,1155.5868530273438,44.96728515625,116.3865966796875
IMG_0040.mp4,64,2.135466666666667,29.97002997002997,22,2,traffic_signs,0.351236492395401,1593.9263916015625,1266.35009765625,1616.930908203125,1285.819091796875,1605.4286499023438,1276.0845947265625,23.0045166015625,19.468994140625
IMG_0040.mp4,64,2.135466666666667,29.97002997002997,4,2,traffic_signs,0.7653380632400513,1990.7015380859375,1079.5728759765625,2104.849609375,1237.360107421875,2047.7755737304688,1158.4664916992188,114.1480712890625,157.7872314453125
IMG_0040.mp4,64,2.135466666666667,29.97002997002997,32,2,traffic_signs,0.4795398712158203,2307.818359375,1663.5069580078125,2389.95263671875,1690.269775390625,2348.885498046875,1676.8883666992188,82.13427734375,26.7628173828125
IMG_0040.mp4,65,2.168833333333333,29.97002997002997,1,1,traffic_lights,0.8587871789932251,2430.536376953125,612.0770874023438,2502.41796875,748.7411499023438,2466.4771728515625,680.4091186523438,71.881591796875,136.6640625
IMG_0040.mp4,65,2.168833333333333,29.97002997002997,32,2,traffic_signs,0.2573152184486389,2308.24658203125,1666.5682373046875,2392.15185546875,1693.1571044921875,2350.19921875,1679.8626708984375,83.9052734375,26.5888671875
IMG_0040.mp4,65,2.168833333333333,29.97002997002997,6,2,traffic_signs,0.37045276165008545,1987.486328125,1080.3822021484375,2078.501953125,1179.47119140625,2032.994140625,1129.9266967773438,91.015625,99.0889892578125
IMG_0040.mp4,65,2.168833333333333,29.97002997002997,24,2,traffic_signs,0.5924326181411743,2434.5078125,1301.6055908203125,2534.921875,1338.0455322265625,2484.71484375,1319.8255615234375,100.4140625,36.43994140625
IMG_0040.mp4,65,2.168833333333333,29.97002997002997,5,1,traffic_lights,0.9370516538619995,3173.048095703125,1076.6280517578125,3361.19287109375,1215.8040771484375,3267.1204833984375,1146.216064453125,188.144775390625,139.176025390625
IMG_0040.mp4,66,2.2022,29.97002997002997,32,2,traffic_signs,0.785007119178772,2308.40673828125,1667.8349609375,2393.350341796875,1695.1016845703125,2350.8785400390625,1681.4683227539062,84.943603515625,27.2667236328125
IMG_0040.mp4,66,2.2022,29.97002997002997,5,1,traffic_lights,0.8549688458442688,3172.5537109375,1073.2432861328125,3362.424072265625,1217.4267578125,3267.4888916015625,1145.3350219726562,189.870361328125,144.1834716796875
IMG_0040.mp4,66,2.2022,29.97002997002997,2,1,traffic_lights,0.6457312107086182,2133.339111328125,1099.4840087890625,2178.025146484375,1213.2818603515625,2155.68212890625,1156.3829345703125,44.68603515625,113.7978515625
IMG_0040.mp4,66,2.2022,29.97002997002997,4,2,traffic_signs,0.8658323287963867,2015.552734375,1126.1986083984375,2108.87451171875,1234.431884765625,2062.213623046875,1180.3152465820312,93.32177734375,108.2332763671875
IMG_0040.mp4,67,2.2355666666666667,29.97002997002997,32,2,traffic_signs,0.4096546471118927,2308.973876953125,1668.8494873046875,2387.13623046875,1696.2890625,2348.0550537109375,1682.5692749023438,78.162353515625,27.4395751953125
IMG_0040.mp4,67,2.2355666666666667,29.97002997002997,2,1,traffic_lights,0.5194465517997742,2132.417236328125,1096.53173828125,2177.728515625,1212.5015869140625,2155.0728759765625,1154.5166625976562,45.311279296875,115.9698486328125
IMG_0040.mp4,67,2.2355666666666667,29.97002997002997,4,2,traffic_signs,0.6631357073783875,2019.7161865234375,1135.0474853515625,2103.14892578125,1232.3865966796875,2061.4325561523438,1183.717041015625,83.4327392578125,97.339111328125
IMG_0040.mp4,67,2.2355666666666667,29.97002997002997,22,2,traffic_signs,0.403251051902771,1594.8038330078125,1267.741455078125,1615.3331298828125,1286.7657470703125,1605.0684814453125,1277.2536010742188,20.529296875,19.0242919921875
IMG_0040.mp4,67,2.2355666666666667,29.97002997002997,1,1,traffic_lights,0.8822334408760071,2431.30126953125,608.425537109375,2503.23095703125,746.1787719726562,2467.26611328125,677.3021545410156,71.9296875,137.75323486328125
IMG_0040.mp4,67,2.2355666666666667,29.97002997002997,6,2,traffic_signs,0.6822273135185242,1988.4921875,1080.0057373046875,2071.823486328125,1168.8096923828125,2030.1578369140625,1124.40771484375,83.331298828125,88.803955078125
IMG_0040.mp4,68,2.2689333333333335,29.97002997002997,32,2,traffic_signs,0.25975438952445984,2309.095947265625,1669.9293212890625,2382.609619140625,1697.113525390625,2345.852783203125,1683.5214233398438,73.513671875,27.1842041015625
IMG_0040.mp4,68,2.2689333333333335,29.97002997002997,2,1,traffic_lights,0.7548238039016724,2131.669677734375,1094.7333984375,2177.462646484375,1213.7540283203125,2154.566162109375,1154.2437133789062,45.79296875,119.0206298828125
IMG_0040.mp4,68,2.2689333333333335,29.97002997002997,4,2,traffic_signs,0.5084041953086853,2017.774658203125,1130.7320556640625,2102.622314453125,1232.2421875,2060.198486328125,1181.4871215820312,84.84765625,101.5101318359375
IMG_0040.mp4,68,2.2689333333333335,29.97002997002997,22,2,traffic_signs,0.4845231771469116,1593.14111328125,1267.3809814453125,1614.940673828125,1287.364990234375,1604.0408935546875,1277.3729858398438,21.799560546875,19.9840087890625
IMG_0040.mp4,68,2.2689333333333335,29.97002997002997,1,1,traffic_lights,0.8759191632270813,2431.7353515625,606.4271240234375,2503.623779296875,744.1089477539062,2467.6795654296875,675.2680358886719,71.888427734375,137.68182373046875
IMG_0040.mp4,68,2.2689333333333335,29.97002997002997,6,2,traffic_signs,0.5228041410446167,1987.899169921875,1079.5531005859375,2071.02099609375,1167.9085693359375,2029.4600830078125,1123.7308349609375,83.121826171875,88.35546875
IMG_0040.mp4,68,2.2689333333333335,29.97002997002997,5,1,traffic_lights,0.627918004989624,3192.004638671875,1074.3038330078125,3333.23583984375,1214.8468017578125,3262.6202392578125,1144.5753173828125,141.231201171875,140.54296875
IMG_0040.mp4,69,2.3023000000000002,29.97002997002997,2,1,traffic_lights,0.5391706824302673,2130.962646484375,1093.5152587890625,2177.181396484375,1214.176025390625,2154.072021484375,1153.8456420898438,46.21875,120.6607666015625
IMG_0040.mp4,69,2.3023000000000002,29.97002997002997,4,2,traffic_signs,0.5890551209449768,2016.1552734375,1129.517822265625,2103.156494140625,1232.3702392578125,2059.6558837890625,1180.9440307617188,87.001220703125,102.8524169921875
IMG_0040.mp4,69,2.3023000000000002,29.97002997002997,22,2,traffic_signs,0.3885773718357086,1592.129638671875,1266.9229736328125,1614.8509521484375,1287.1474609375,1603.4902954101562,1277.0352172851562,22.7213134765625,20.2244873046875
IMG_0040.mp4,69,2.3023000000000002,29.97002997002997,1,1,traffic_lights,0.8760848641395569,2431.92822265625,604.2603149414062,2504.390869140625,742.1708374023438,2468.1595458984375,673.215576171875,72.462646484375,137.9105224609375
IMG_0040.mp4,69,2.3023000000000002,29.97002997002997,6,2,traffic_signs,0.4154781997203827,1986.8231201171875,1079.159912109375,2071.052734375,1167.266845703125,2028.9379272460938,1123.21337890625,84.2296142578125,88.10693359375
IMG_0040.mp4,69,2.3023000000000002,29.97002997002997,5,1,traffic_lights,0.35915425419807434,3183.618896484375,1072.19580078125,3314.78271484375,1212.6356201171875,3249.2008056640625,1142.4157104492188,131.163818359375,140.4398193359375
IMG_0040.mp4,70,2.3356666666666666,29.97002997002997,2,1,traffic_lights,0.37792733311653137,2130.535888671875,1092.4981689453125,2176.200927734375,1214.02294921875,2153.368408203125,1153.2605590820312,45.6650390625,121.5247802734375
IMG_0040.mp4,70,2.3356666666666666,29.97002997002997,4,2,traffic_signs,0.5470259785652161,2016.8092041015625,1133.940673828125,2101.24951171875,1231.7322998046875,2059.0293579101562,1182.8364868164062,84.4403076171875,97.7916259765625
IMG_0040.mp4,70,2.3356666666666666,29.97002997002997,22,2,traffic_signs,0.39134538173675537,1591.2802734375,1266.9393310546875,1614.4713134765625,1287.3328857421875,1602.8757934570312,1277.1361083984375,23.1910400390625,20.3935546875
IMG_0040.mp4,70,2.3356666666666666,29.97002997002997,1,1,traffic_lights,0.8775420784950256,2431.727783203125,601.21728515625,2504.462158203125,740.19970703125,2468.094970703125,670.70849609375,72.734375,138.982421875
IMG_0040.mp4,70,2.3356666666666666,29.97002997002997,6,2,traffic_signs,0.580356240272522,1985.5303955078125,1078.880126953125,2069.93359375,1165.453857421875,2027.7319946289062,1122.1669921875,84.4031982421875,86.57373046875
IMG_0040.mp4,71,2.3690333333333333,29.97002997002997,2,1,traffic_lights,0.509848952293396,2131.78173828125,1092.078857421875,2176.097412109375,1213.951171875,2153.9395751953125,1153.0150146484375,44.315673828125,121.872314453125
IMG_0040.mp4,71,2.3690333333333333,29.97002997002997,4,2,traffic_signs,0.6412071585655212,2018.003662109375,1136.5904541015625,2101.049072265625,1230.7593994140625,2059.5263671875,1183.6749267578125,83.04541015625,94.1689453125
IMG_0040.mp4,71,2.3690333333333333,29.97002997002997,22,2,traffic_signs,0.4628412425518036,1591.952392578125,1266.8858642578125,1614.6219482421875,1287.2003173828125,1603.2871704101562,1277.0430908203125,22.6695556640625,20.314453125
IMG_0040.mp4,71,2.3690333333333333,29.97002997002997,1,1,traffic_lights,0.8740062713623047,2432.802490234375,597.2741088867188,2505.052001953125,738.1054077148438,2468.92724609375,667.6897583007812,72.24951171875,140.831298828125
IMG_0040.mp4,71,2.3690333333333333,29.97002997002997,6,2,traffic_signs,0.7087772488594055,1985.37353515625,1078.831298828125,2068.796630859375,1164.1885986328125,2027.0850830078125,1121.5099487304688,83.423095703125,85.3572998046875
IMG_0040.mp4,71,2.3690333333333333,29.97002997002997,5,1,traffic_lights,0.386553555727005,3203.945556640625,1070.6490478515625,3317.827880859375,1212.680908203125,3260.88671875,1141.6649780273438,113.88232421875,142.0318603515625
IMG_0040.mp4,72,2.4024,29.97002997002997,2,1,traffic_lights,0.2777769863605499,2130.741943359375,1091.8267822265625,2175.702880859375,1215.1444091796875,2153.222412109375,1153.485595703125,44.9609375,123.317626953125
IMG_0040.mp4,72,2.4024,29.97002997002997,4,2,traffic_signs,0.5438665747642517,2013.190673828125,1125.447509765625,2100.700927734375,1231.4029541015625,2056.94580078125,1178.4252319335938,87.51025390625,105.9554443359375
IMG_0040.mp4,72,2.4024,29.97002997002997,22,2,traffic_signs,0.6140903234481812,1591.6485595703125,1266.702880859375,1614.2540283203125,1286.970458984375,1602.9512939453125,1276.836669921875,22.60546875,20.267578125
IMG_0040.mp4,72,2.4024,29.97002997002997,6,2,traffic_signs,0.4570761024951935,1984.4517822265625,1078.365478515625,2068.42236328125,1164.814208984375,2026.4370727539062,1121.58984375,83.9705810546875,86.44873046875
IMG_0040.mp4,72,2.4024,29.97002997002997,42,1,traffic_lights,0.7067779898643494,3129.269287109375,1090.736083984375,3155.58935546875,1131.202392578125,3142.4293212890625,1110.96923828125,26.320068359375,40.46630859375
IMG_0040.mp4,72,2.4024,29.97002997002997,43,1,traffic_lights,0.523719847202301,3400.703857421875,1322.6231689453125,3515.654296875,1361.9539794921875,3458.1790771484375,1342.28857421875,114.950439453125,39.330810546875
IMG_0040.mp4,72,2.4024,29.97002997002997,5,1,traffic_lights,0.563275933265686,3200.734375,1071.167236328125,3363.321533203125,1213.0047607421875,3282.0279541015625,1142.0859985351562,162.587158203125,141.8375244140625
IMG_0040.mp4,73,2.435766666666667,29.97002997002997,4,2,traffic_signs,0.8379968404769897,2014.32080078125,1132.3916015625,2097.78515625,1231.2093505859375,2056.052978515625,1181.8004760742188,83.46435546875,98.8177490234375
IMG_0040.mp4,73,2.435766666666667,29.97002997002997,22,2,traffic_signs,0.365341454744339,1590.156005859375,1266.5413818359375,1614.3538818359375,1286.9281005859375,1602.2549438476562,1276.7347412109375,24.1978759765625,20.38671875
IMG_0040.mp4,73,2.435766666666667,29.97002997002997,6,2,traffic_signs,0.6681287288665771,1982.9266357421875,1077.6796875,2063.794921875,1164.69482421875,2023.3607788085938,1121.187255859375,80.8682861328125,87.01513671875
IMG_0040.mp4,73,2.435766666666667,29.97002997002997,42,1,traffic_lights,0.4681781828403473,3128.604736328125,1091.16259765625,3156.43701171875,1131.0023193359375,3142.5208740234375,1111.0824584960938,27.832275390625,39.8397216796875
IMG_0040.mp4,73,2.435766666666667,29.97002997002997,43,1,traffic_lights,0.4416849613189697,3403.8251953125,1321.9134521484375,3519.01708984375,1359.3658447265625,3461.421142578125,1340.6396484375,115.19189453125,37.452392578125
IMG_0040.mp4,73,2.435766666666667,29.97002997002997,5,1,traffic_lights,0.6614130735397339,3203.99951171875,1071.4395751953125,3378.21435546875,1213.35498046875,3291.10693359375,1142.3972778320312,174.21484375,141.9154052734375
IMG_0040.mp4,73,2.435766666666667,29.97002997002997,1,1,traffic_lights,0.8465211391448975,2432.8935546875,597.693115234375,2506.193603515625,733.8892822265625,2469.5435791015625,665.7911987304688,73.300048828125,136.1961669921875
IMG_0040.mp4,74,2.469133333333333,29.97002997002997,22,2,traffic_signs,0.46692466735839844,1591.1427001953125,1266.8525390625,1614.775390625,1286.5478515625,1602.9590454101562,1276.7001953125,23.6326904296875,19.6953125
IMG_0040.mp4,74,2.469133333333333,29.97002997002997,42,1,traffic_lights,0.2666497826576233,3129.19482421875,1090.822998046875,3157.435791015625,1130.7567138671875,3143.3153076171875,1110.7898559570312,28.240966796875,39.9337158203125
IMG_0040.mp4,74,2.469133333333333,29.97002997002997,43,1,traffic_lights,0.47353217005729675,3409.1962890625,1322.0067138671875,3522.594482421875,1356.2794189453125,3465.8953857421875,1339.14306640625,113.398193359375,34.272705078125
IMG_0040.mp4,74,2.469133333333333,29.97002997002997,5,1,traffic_lights,0.8994612693786621,3205.286865234375,1071.167724609375,3384.853271484375,1211.159912109375,3295.070068359375,1141.163818359375,179.56640625,139.9921875
IMG_0040.mp4,74,2.469133333333333,29.97002997002997,1,1,traffic_lights,0.8384693264961243,2432.72119140625,599.3492431640625,2507.12353515625,731.84765625,2469.92236328125,665.5984497070312,74.40234375,132.4984130859375
IMG_0040.mp4,74,2.469133333333333,29.97002997002997,2,1,traffic_lights,0.8392810225486755,2131.7705078125,1090.658203125,2175.122802734375,1212.1138916015625,2153.4466552734375,1151.3860473632812,43.352294921875,121.4556884765625
IMG_0040.mp4,75,2.5025,29.97002997002997,5,1,traffic_lights,0.7748598456382751,3194.0888671875,1067.8690185546875,3389.550048828125,1211.7760009765625,3291.8194580078125,1139.822509765625,195.461181640625,143.906982421875
IMG_0040.mp4,75,2.5025,29.97002997002997,1,1,traffic_lights,0.816693902015686,2433.528076171875,598.08251953125,2506.748291015625,730.0430908203125,2470.13818359375,664.0628051757812,73.22021484375,131.9605712890625
IMG_0040.mp4,75,2.5025,29.97002997002997,2,1,traffic_lights,0.8693006634712219,2131.63623046875,1089.6390380859375,2173.404296875,1211.49072265625,2152.520263671875,1150.5648803710938,41.76806640625,121.8516845703125
IMG_0040.mp4,75,2.5025,29.97002997002997,4,2,traffic_signs,0.8284742832183838,1988.8316650390625,1087.0740966796875,2096.15478515625,1235.767333984375,2042.4932250976562,1161.4207153320312,107.3231201171875,148.6932373046875
IMG_0040.mp4,76,2.5358666666666667,29.97002997002997,5,1,traffic_lights,0.594375729560852,3193.952880859375,1066.0350341796875,3394.142822265625,1214.4639892578125,3294.0478515625,1140.24951171875,200.18994140625,148.428955078125
IMG_0040.mp4,76,2.5358666666666667,29.97002997002997,1,1,traffic_lights,0.8043760657310486,2433.671630859375,596.97216796875,2506.778564453125,729.0364379882812,2470.22509765625,663.0043029785156,73.10693359375,132.06427001953125
IMG_0040.mp4,76,2.5358666666666667,29.97002997002997,2,1,traffic_lights,0.8383941650390625,2130.942626953125,1088.6759033203125,2172.50439453125,1210.5595703125,2151.7235107421875,1149.6177368164062,41.561767578125,121.8836669921875
IMG_0040.mp4,76,2.5358666666666667,29.97002997002997,47,2,traffic_signs,0.671440064907074,892.5803833007812,1154.1568603515625,927.5142211914062,1222.7061767578125,910.0473022460938,1188.4315185546875,34.933837890625,68.54931640625
IMG_0040.mp4,76,2.5358666666666667,29.97002997002997,4,2,traffic_signs,0.728449821472168,1984.26611328125,1076.8792724609375,2093.825927734375,1234.7686767578125,2039.0460205078125,1155.823974609375,109.559814453125,157.889404296875
IMG_0040.mp4,76,2.5358666666666667,29.97002997002997,6,2,traffic_signs,0.28733837604522705,1980.6705322265625,1075.127685546875,2065.943115234375,1162.1251220703125,2023.3068237304688,1118.6264038085938,85.2725830078125,86.9974365234375
IMG_0040.mp4,76,2.5358666666666667,29.97002997002997,42,1,traffic_lights,0.37400397658348083,3129.32958984375,1090.32373046875,3159.57763671875,1130.3238525390625,3144.45361328125,1110.3237915039062,30.248046875,40.0001220703125
IMG_0040.mp4,76,2.5358666666666667,29.97002997002997,43,1,traffic_lights,0.47516173124313354,3423.906005859375,1321.0125732421875,3535.324462890625,1354.4317626953125,3479.615234375,1337.72216796875,111.41845703125,33.419189453125
IMG_0040.mp4,77,2.5692333333333335,29.97002997002997,5,1,traffic_lights,0.8955291509628296,3190.179931640625,1066.2674560546875,3394.258544921875,1213.33740234375,3292.21923828125,1139.8024291992188,204.07861328125,147.0699462890625
IMG_0040.mp4,77,2.5692333333333335,29.97002997002997,1,1,traffic_lights,0.8924911022186279,2432.63818359375,592.1011352539062,2505.93017578125,728.7988891601562,2469.2841796875,660.4500122070312,73.2919921875,136.69775390625
IMG_0040.mp4,77,2.5692333333333335,29.97002997002997,2,1,traffic_lights,0.8514326214790344,2130.853759765625,1088.60986328125,2171.2666015625,1209.2471923828125,2151.0601806640625,1148.9285278320312,40.412841796875,120.6373291015625
IMG_0040.mp4,77,2.5692333333333335,29.97002997002997,47,2,traffic_signs,0.5872983336448669,890.90576171875,1155.324951171875,926.1854248046875,1222.305419921875,908.5455932617188,1188.815185546875,35.2796630859375,66.98046875
IMG_0040.mp4,77,2.5692333333333335,29.97002997002997,4,2,traffic_signs,0.6418414115905762,1982.648193359375,1070.93994140625,2090.8466796875,1232.1231689453125,2036.7474365234375,1151.5315551757812,108.198486328125,161.1832275390625
IMG_0040.mp4,77,2.5692333333333335,29.97002997002997,48,2,traffic_signs,0.5132486820220947,2008.5284423828125,1123.1376953125,2091.669189453125,1227.00439453125,2050.0988159179688,1175.071044921875,83.1407470703125,103.86669921875
IMG_0040.mp4,77,2.5692333333333335,29.97002997002997,6,2,traffic_signs,0.38354039192199707,1979.7000732421875,1073.9962158203125,2064.53466796875,1160.2562255859375,2022.1173706054688,1117.126220703125,84.8345947265625,86.260009765625
IMG_0040.mp4,77,2.5692333333333335,29.97002997002997,42,1,traffic_lights,0.269348680973053,3129.317626953125,1090.1229248046875,3159.85302734375,1130.20751953125,3144.5853271484375,1110.1652221679688,30.535400390625,40.0845947265625
IMG_0040.mp4,77,2.5692333333333335,29.97002997002997,43,1,traffic_lights,0.5675031542778015,3426.5341796875,1319.815185546875,3542.2236328125,1355.3531494140625,3484.37890625,1337.5841674804688,115.689453125,35.5379638671875
IMG_0040.mp4,78,2.6026000000000002,29.97002997002997,5,1,traffic_lights,0.7405596971511841,3189.1064453125,1065.691162109375,3397.4677734375,1212.0452880859375,3293.287109375,1138.8682250976562,208.361328125,146.3541259765625
IMG_0040.mp4,78,2.6026000000000002,29.97002997002997,1,1,traffic_lights,0.8900915384292603,2432.25,590.0535888671875,2505.57958984375,727.814453125,2468.914794921875,658.9340209960938,73.32958984375,137.7608642578125
IMG_0040.mp4,78,2.6026000000000002,29.97002997002997,2,1,traffic_lights,0.8498404622077942,2130.09912109375,1087.53955078125,2170.79833984375,1208.5235595703125,2150.44873046875,1148.0315551757812,40.69921875,120.9840087890625
IMG_0040.mp4,78,2.6026000000000002,29.97002997002997,47,2,traffic_signs,0.2776854336261749,888.416259765625,1156.343017578125,923.4896240234375,1221.749267578125,905.9529418945312,1189.046142578125,35.0733642578125,65.40625
IMG_0040.mp4,78,2.6026000000000002,29.97002997002997,4,2,traffic_signs,0.32567667961120605,1982.7330322265625,1066.82470703125,2087.020751953125,1230.2593994140625,2034.8768920898438,1148.5420532226562,104.2877197265625,163.4346923828125
IMG_0040.mp4,78,2.6026000000000002,29.97002997002997,48,2,traffic_signs,0.5952692627906799,2009.9803466796875,1127.317626953125,2089.0068359375,1226.010986328125,2049.4935913085938,1176.664306640625,79.0264892578125,98.693359375
IMG_0040.mp4,78,2.6026000000000002,29.97002997002997,6,2,traffic_signs,0.4497116804122925,1978.6435546875,1073.2445068359375,2062.903076171875,1159.92333984375,2020.7733154296875,1116.5839233398438,84.259521484375,86.6788330078125
IMG_0040.mp4,78,2.6026000000000002,29.97002997002997,43,1,traffic_lights,0.35544753074645996,3432.806640625,1318.8145751953125,3549.484619140625,1354.9339599609375,3491.1456298828125,1336.874267578125,116.677978515625,36.119384765625
IMG_0040.mp4,79,2.6359666666666666,29.97002997002997,5,1,traffic_lights,0.776698648929596,3188.413818359375,1064.4713134765625,3398.264892578125,1211.091552734375,3293.33935546875,1137.7814331054688,209.85107421875,146.6202392578125
IMG_0040.mp4,79,2.6359666666666666,29.97002997002997,1,1,traffic_lights,0.8918606638908386,2432.4296875,588.1119384765625,2505.37744140625,726.5469970703125,2468.903564453125,657.3294677734375,72.94775390625,138.43505859375
IMG_0040.mp4,79,2.6359666666666666,29.97002997002997,2,1,traffic_lights,0.8484249114990234,2129.0888671875,1086.124755859375,2170.567138671875,1208.31689453125,2149.8280029296875,1147.2208251953125,41.478271484375,122.192138671875
IMG_0040.mp4,79,2.6359666666666666,29.97002997002997,4,2,traffic_signs,0.7085022330284119,1981.56494140625,1066.3160400390625,2086.431396484375,1230.5972900390625,2033.9981689453125,1148.4566650390625,104.866455078125,164.28125
IMG_0040.mp4,79,2.6359666666666666,29.97002997002997,48,2,traffic_signs,0.4951237738132477,2008.509765625,1124.0833740234375,2087.560791015625,1225.8140869140625,2048.0352783203125,1174.94873046875,79.051025390625,101.730712890625
IMG_0040.mp4,79,2.6359666666666666,29.97002997002997,6,2,traffic_signs,0.3489592373371124,1978.0484619140625,1072.668212890625,2063.317626953125,1160.034423828125,2020.6830444335938,1116.351318359375,85.2691650390625,87.3662109375
IMG_0040.mp4,79,2.6359666666666666,29.97002997002997,43,1,traffic_lights,0.27946653962135315,3443.1064453125,1317.605712890625,3555.847412109375,1352.8837890625,3499.4769287109375,1335.2447509765625,112.740966796875,35.278076171875
IMG_0040.mp4,80,2.6693333333333333,29.97002997002997,5,1,traffic_lights,0.8592677116394043,3191.086181640625,1065.494140625,3400.509765625,1209.5318603515625,3295.7979736328125,1137.5130004882812,209.423583984375,144.0377197265625
IMG_0040.mp4,80,2.6693333333333333,29.97002997002997,1,1,traffic_lights,0.8937020897865295,2432.45068359375,586.0914916992188,2505.654052734375,725.0487670898438,2469.0523681640625,655.5701293945312,73.203369140625,138.957275390625
IMG_0040.mp4,80,2.6693333333333333,29.97002997002997,2,1,traffic_lights,0.8568999171257019,2128.3349609375,1085.6552734375,2170.16162109375,1208.9102783203125,2149.248291015625,1147.2827758789062,41.82666015625,123.2550048828125
IMG_0040.mp4,80,2.6693333333333333,29.97002997002997,4,2,traffic_signs,0.900603175163269,1978.9500732421875,1066.5711669921875,2087.65185546875,1233.1060791015625,2033.3009643554688,1149.838623046875,108.7017822265625,166.534912109375
IMG_0040.mp4,80,2.6693333333333333,29.97002997002997,43,1,traffic_lights,0.5540195107460022,3449.679931640625,1316.7203369140625,3562.192626953125,1350.8868408203125,3505.936279296875,1333.8035888671875,112.5126953125,34.16650390625
IMG_0040.mp4,81,2.7027,29.97002997002997,5,1,traffic_lights,0.43937766551971436,3198.77587890625,1064.4993896484375,3362.538818359375,1206.9315185546875,3280.6573486328125,1135.7154541015625,163.762939453125,142.43212890625
IMG_0040.mp4,81,2.7027,29.97002997002997,1,1,traffic_lights,0.8917376399040222,2432.3662109375,584.3490600585938,2505.982666015625,723.33642578125,2469.1744384765625,653.8427429199219,73.616455078125,138.98736572265625
IMG_0040.mp4,81,2.7027,29.97002997002997,2,1,traffic_lights,0.8493318557739258,2127.50830078125,1084.6571044921875,2170.41162109375,1209.232421875,2148.9599609375,1146.9447631835938,42.9033203125,124.5753173828125
IMG_0040.mp4,81,2.7027,29.97002997002997,4,2,traffic_signs,0.9414990544319153,1973.70166015625,1067.9307861328125,2088.923095703125,1237.8929443359375,2031.3123779296875,1152.911865234375,115.221435546875,169.962158203125
IMG_0040.mp4,81,2.7027,29.97002997002997,43,1,traffic_lights,0.6035350561141968,3456.234130859375,1316.5460205078125,3569.26220703125,1349.7955322265625,3512.7481689453125,1333.1707763671875,113.028076171875,33.24951171875
IMG_0040.mp4,82,2.736066666666667,29.97002997002997,5,1,traffic_lights,0.8391930460929871,3208.697509765625,1063.5118408203125,3392.955078125,1207.0487060546875,3300.8262939453125,1135.2802734375,184.257568359375,143.536865234375
IMG_0040.mp4,82,2.736066666666667,29.97002997002997,1,1,traffic_lights,0.8942298889160156,2432.324951171875,580.5767211914062,2507.277099609375,721.3241577148438,2469.801025390625,650.950439453125,74.9521484375,140.7474365234375
IMG_0040.mp4,82,2.736066666666667,29.97002997002997,43,1,traffic_lights,0.7492262721061707,3465.1533203125,1315.95263671875,3576.4462890625,1349.1500244140625,3520.7998046875,1332.5513305664062,111.29296875,33.1973876953125
IMG_0040.mp4,82,2.736066666666667,29.97002997002997,48,2,traffic_signs,0.8693087697029114,2004.553955078125,1125.8514404296875,2089.53125,1229.44921875,2047.0426025390625,1177.6503295898438,84.977294921875,103.5977783203125
IMG_0040.mp4,82,2.736066666666667,29.97002997002997,6,2,traffic_signs,0.5165174007415771,1977.0283203125,1071.804443359375,2058.807373046875,1154.466552734375,2017.9178466796875,1113.135498046875,81.779052734375,82.662109375
IMG_0040.mp4,83,2.769433333333333,29.97002997002997,5,1,traffic_lights,0.8970039486885071,3212.438720703125,1063.5623779296875,3400.694091796875,1207.1217041015625,3306.56640625,1135.342041015625,188.25537109375,143.559326171875
IMG_0040.mp4,83,2.769433333333333,29.97002997002997,1,1,traffic_lights,0.8600142002105713,2433.43115234375,579.2673950195312,2507.255859375,719.1598510742188,2470.343505859375,649.213623046875,73.82470703125,139.8924560546875
IMG_0040.mp4,83,2.769433333333333,29.97002997002997,43,1,traffic_lights,0.5136393904685974,3471.19091796875,1315.5732421875,3583.659912109375,1350.623779296875,3527.4254150390625,1333.0985107421875,112.468994140625,35.050537109375
IMG_0040.mp4,83,2.769433333333333,29.97002997002997,48,2,traffic_signs,0.6335834264755249,2002.698974609375,1121.6019287109375,2089.970947265625,1228.1927490234375,2046.3349609375,1174.8973388671875,87.27197265625,106.5908203125
IMG_0040.mp4,83,2.769433333333333,29.97002997002997,6,2,traffic_signs,0.44939056038856506,1974.93896484375,1070.5032958984375,2060.385986328125,1156.3231201171875,2017.6624755859375,1113.4132080078125,85.447021484375,85.81982421875
IMG_0040.mp4,83,2.769433333333333,29.97002997002997,4,2,traffic_signs,0.5160517692565918,1975.7415771484375,1065.9613037109375,2089.813232421875,1234.429443359375,2032.7774047851562,1150.1953735351562,114.0716552734375,168.4681396484375
IMG_0040.mp4,84,2.8028,29.97002997002997,5,1,traffic_lights,0.36465808749198914,3222.604736328125,1061.656005859375,3370.409912109375,1205.2371826171875,3296.50732421875,1133.4465942382812,147.80517578125,143.5811767578125
IMG_0040.mp4,84,2.8028,29.97002997002997,1,1,traffic_lights,0.8923544883728027,2434.326416015625,577.1603393554688,2507.16552734375,718.0390014648438,2470.7459716796875,647.5996704101562,72.839111328125,140.878662109375
IMG_0040.mp4,84,2.8028,29.97002997002997,43,1,traffic_lights,0.6584762334823608,3479.19091796875,1314.7540283203125,3592.366455078125,1351.7618408203125,3535.7786865234375,1333.2579345703125,113.175537109375,37.0078125
IMG_0040.mp4,84,2.8028,29.97002997002997,48,2,traffic_signs,0.6275313496589661,2003.8134765625,1120.147705078125,2089.205810546875,1227.130126953125,2046.5096435546875,1173.638916015625,85.392333984375,106.982421875
IMG_0040.mp4,84,2.8028,29.97002997002997,6,2,traffic_signs,0.31247714161872864,1974.6099853515625,1069.837646484375,2060.485107421875,1158.7025146484375,2017.5475463867188,1114.2700805664062,85.8751220703125,88.8648681640625
IMG_0040.mp4,84,2.8028,29.97002997002997,4,2,traffic_signs,0.49383172392845154,1978.91845703125,1064.61181640625,2087.22119140625,1231.917236328125,2033.06982421875,1148.2645263671875,108.302734375,167.305419921875
IMG_0040.mp4,84,2.8028,29.97002997002997,22,2,traffic_signs,0.6101504564285278,1588.473876953125,1268.7799072265625,1609.0206298828125,1291.518310546875,1598.7472534179688,1280.1491088867188,20.5467529296875,22.7384033203125
IMG_0040.mp4,84,2.8028,29.97002997002997,2,1,traffic_lights,0.8615617752075195,2126.87548828125,1082.375,2169.083740234375,1207.162109375,2147.9796142578125,1144.7685546875,42.208251953125,124.787109375
IMG_0040.mp4,85,2.8361666666666667,29.97002997002997,5,1,traffic_lights,0.6233612298965454,3219.259765625,1060.6007080078125,3354.341796875,1204.1212158203125,3286.80078125,1132.3609619140625,135.08203125,143.5205078125
IMG_0040.mp4,85,2.8361666666666667,29.97002997002997,1,1,traffic_lights,0.890105128288269,2433.8125,573.4521484375,2508.286376953125,716.03759765625,2471.0494384765625,644.744873046875,74.473876953125,142.58544921875
IMG_0040.mp4,85,2.8361666666666667,29.97002997002997,43,1,traffic_lights,0.703882098197937,3486.159423828125,1313.968994140625,3601.232177734375,1351.412109375,3543.69580078125,1332.6905517578125,115.07275390625,37.443115234375
IMG_0040.mp4,85,2.8361666666666667,29.97002997002997,48,2,traffic_signs,0.7743933200836182,2005.0087890625,1123.815185546875,2088.175048828125,1226.198974609375,2046.5919189453125,1175.007080078125,83.166259765625,102.3837890625
IMG_0040.mp4,85,2.8361666666666667,29.97002997002997,6,2,traffic_signs,0.5808998346328735,1974.174072265625,1068.0050048828125,2058.277587890625,1156.86181640625,2016.225830078125,1112.4334106445312,84.103515625,88.8568115234375
IMG_0040.mp4,85,2.8361666666666667,29.97002997002997,22,2,traffic_signs,0.42164283990859985,1587.7215576171875,1268.9024658203125,1608.4031982421875,1291.218994140625,1598.0623779296875,1280.0607299804688,20.681640625,22.3165283203125
IMG_0040.mp4,85,2.8361666666666667,29.97002997002997,2,1,traffic_lights,0.8641728758811951,2126.508056640625,1081.8353271484375,2168.72900390625,1206.08642578125,2147.6185302734375,1143.9608764648438,42.220947265625,124.2510986328125
IMG_0040.mp4,85,2.8361666666666667,29.97002997002997,42,1,traffic_lights,0.7635777592658997,3137.60107421875,1086.272705078125,3164.094482421875,1128.486328125,3150.8477783203125,1107.3795166015625,26.493408203125,42.213623046875
IMG_0040.mp4,86,2.8695333333333335,29.97002997002997,1,1,traffic_lights,0.8848323822021484,2433.61083984375,570.6904296875,2508.72265625,714.2960205078125,2471.166748046875,642.4932250976562,75.11181640625,143.6055908203125
IMG_0040.mp4,86,2.8695333333333335,29.97002997002997,43,1,traffic_lights,0.2870340049266815,3493.068115234375,1313.5455322265625,3608.204345703125,1352.02197265625,3550.63623046875,1332.7837524414062,115.13623046875,38.4764404296875
IMG_0040.mp4,86,2.8695333333333335,29.97002997002997,48,2,traffic_signs,0.8180518746376038,2004.95361328125,1125.2822265625,2088.104736328125,1225.845703125,2046.5291748046875,1175.56396484375,83.151123046875,100.5634765625
IMG_0040.mp4,86,2.8695333333333335,29.97002997002997,6,2,traffic_signs,0.6031785607337952,1973.8624267578125,1067.2503662109375,2056.934326171875,1156.265869140625,2015.3983764648438,1111.7581176757812,83.0718994140625,89.0155029296875
IMG_0040.mp4,86,2.8695333333333335,29.97002997002997,22,2,traffic_signs,0.6357720494270325,1586.9356689453125,1269.029296875,1608.4781494140625,1291.33984375,1597.7069091796875,1280.1845703125,21.54248046875,22.310546875
IMG_0040.mp4,86,2.8695333333333335,29.97002997002997,2,1,traffic_lights,0.8748779296875,2125.587890625,1081.69970703125,2168.50634765625,1205.8892822265625,2147.047119140625,1143.7944946289062,42.91845703125,124.1895751953125
IMG_0040.mp4,87,2.9029000000000003,29.97002997002997,1,1,traffic_lights,0.8759846091270447,2433.51416015625,567.4788818359375,2508.7763671875,712.5697631835938,2471.145263671875,640.0243225097656,75.26220703125,145.09088134765625
IMG_0040.mp4,87,2.9029000000000003,29.97002997002997,48,2,traffic_signs,0.7011815905570984,2003.2166748046875,1123.6480712890625,2087.703125,1226.1484375,2045.4598999023438,1174.8982543945312,84.4864501953125,102.5003662109375
IMG_0040.mp4,87,2.9029000000000003,29.97002997002997,6,2,traffic_signs,0.5685805082321167,1972.8104248046875,1066.8167724609375,2056.638916015625,1154.7801513671875,2014.7246704101562,1110.7984619140625,83.8284912109375,87.96337890625
IMG_0040.mp4,87,2.9029000000000003,29.97002997002997,22,2,traffic_signs,0.6946092247962952,1587.0496826171875,1268.0440673828125,1608.4820556640625,1290.910400390625,1597.765869140625,1279.4772338867188,21.432373046875,22.8663330078125
IMG_0040.mp4,87,2.9029000000000003,29.97002997002997,2,1,traffic_lights,0.8673939108848572,2123.9990234375,1080.801025390625,2168.67041015625,1205.730712890625,2146.334716796875,1143.265869140625,44.67138671875,124.9296875
IMG_0040.mp4,87,2.9029000000000003,29.97002997002997,5,1,traffic_lights,0.34659722447395325,3231.873291015625,1059.3211669921875,3354.836181640625,1205.80810546875,3293.354736328125,1132.5646362304688,122.962890625,146.4869384765625
IMG_0040.mp4,87,2.9029000000000003,29.97002997002997,42,1,traffic_lights,0.4297240674495697,3137.089111328125,1085.92041015625,3165.412353515625,1128.3724365234375,3151.250732421875,1107.1464233398438,28.3232421875,42.4520263671875
IMG_0040.mp4,88,2.9362666666666666,29.97002997002997,1,1,traffic_lights,0.8656917810440063,2433.1630859375,565.4130859375,2509.284423828125,711.0354614257812,2471.2237548828125,638.2242736816406,76.121337890625,145.62237548828125
IMG_0040.mp4,88,2.9362666666666666,29.97002997002997,48,2,traffic_signs,0.5292804837226868,2001.517333984375,1119.72607421875,2087.809326171875,1226.2662353515625,2044.663330078125,1172.9961547851562,86.2919921875,106.5401611328125
IMG_0040.mp4,88,2.9362666666666666,29.97002997002997,6,2,traffic_signs,0.32028231024742126,1972.1890869140625,1066.8023681640625,2056.24853515625,1155.7110595703125,2014.2188110351562,1111.2567138671875,84.0594482421875,88.90869140625
IMG_0040.mp4,88,2.9362666666666666,29.97002997002997,22,2,traffic_signs,0.5869883298873901,1586.62841796875,1268.1737060546875,1607.8525390625,1290.6446533203125,1597.240478515625,1279.4091796875,21.22412109375,22.470947265625
IMG_0040.mp4,88,2.9362666666666666,29.97002997002997,2,1,traffic_lights,0.8697637915611267,2123.04541015625,1079.8568115234375,2168.74267578125,1205.7301025390625,2145.89404296875,1142.79345703125,45.697265625,125.873291015625
IMG_0040.mp4,88,2.9362666666666666,29.97002997002997,53,1,traffic_lights,0.42801740765571594,3224.37939453125,1060.4486083984375,3358.06640625,1203.5152587890625,3291.222900390625,1131.98193359375,133.68701171875,143.066650390625
IMG_0040.mp4,88,2.9362666666666666,29.97002997002997,5,1,traffic_lights,0.7588775753974915,3219.310546875,1060.896240234375,3355.763671875,1204.7432861328125,3287.537109375,1132.8197631835938,136.453125,143.8470458984375
IMG_0040.mp4,88,2.9362666666666666,29.97002997002997,4,2,traffic_signs,0.6543720960617065,1974.5067138671875,1064.876953125,2086.44775390625,1231.564697265625,2030.4772338867188,1148.2208251953125,111.9410400390625,166.687744140625
IMG_0040.mp4,88,2.9362666666666666,29.97002997002997,43,1,traffic_lights,0.27931445837020874,3504.218994140625,1312.7095947265625,3624.123779296875,1350.27294921875,3564.17138671875,1331.4912719726562,119.90478515625,37.5633544921875
IMG_0040.mp4,89,2.9696333333333333,29.97002997002997,1,1,traffic_lights,0.8329705595970154,2433.0712890625,563.0203857421875,2509.722412109375,708.9645385742188,2471.3968505859375,635.9924621582031,76.651123046875,145.94415283203125
IMG_0040.mp4,89,2.9696333333333333,29.97002997002997,22,2,traffic_signs,0.5149510502815247,1586.1038818359375,1267.8480224609375,1607.4906005859375,1290.16748046875,1596.7972412109375,1279.0077514648438,21.38671875,22.3194580078125
IMG_0040.mp4,89,2.9696333333333333,29.97002997002997,2,1,traffic_lights,0.8696516156196594,2122.892822265625,1079.43310546875,2168.6103515625,1205.43994140625,2145.7515869140625,1142.4365234375,45.717529296875,126.0068359375
IMG_0040.mp4,89,2.9696333333333333,29.97002997002997,53,1,traffic_lights,0.522625744342804,3228.270263671875,1059.841064453125,3360.51708984375,1203.6895751953125,3294.3936767578125,1131.7653198242188,132.246826171875,143.8485107421875
IMG_0040.mp4,89,2.9696333333333333,29.97002997002997,5,1,traffic_lights,0.8211190700531006,3220.869140625,1062.127197265625,3358.329345703125,1205.085205078125,3289.5992431640625,1133.606201171875,137.460205078125,142.9580078125
IMG_0040.mp4,89,2.9696333333333333,29.97002997002997,4,2,traffic_signs,0.9127176403999329,1971.859375,1065.2318115234375,2086.5908203125,1230.5074462890625,2029.22509765625,1147.86962890625,114.7314453125,165.275634765625
IMG_0040.mp4,89,2.9696333333333333,29.97002997002997,43,1,traffic_lights,0.7639384269714355,3512.02197265625,1312.4208984375,3631.21484375,1350.51416015625,3571.618408203125,1331.467529296875,119.19287109375,38.09326171875
IMG_0040.mp4,90,3.003,29.97002997002997,1,1,traffic_lights,0.7703160047531128,2433.42431640625,563.1370849609375,2509.615478515625,707.4743041992188,2471.5198974609375,635.3056945800781,76.191162109375,144.33721923828125
IMG_0040.mp4,90,3.003,29.97002997002997,2,1,traffic_lights,0.8357657194137573,2122.263671875,1079.00244140625,2168.352294921875,1205.4329833984375,2145.3079833984375,1142.2177124023438,46.088623046875,126.4305419921875
IMG_0040.mp4,90,3.003,29.97002997002997,5,1,traffic_lights,0.6721112728118896,3217.38330078125,1061.7742919921875,3359.1875,1206.1104736328125,3288.285400390625,1133.9423828125,141.80419921875,144.336181640625
IMG_0040.mp4,90,3.003,29.97002997002997,43,1,traffic_lights,0.6705844402313232,3519.808837890625,1312.0638427734375,3639.203125,1348.8895263671875,3579.5059814453125,1330.4766845703125,119.394287109375,36.82568359375
IMG_0040.mp4,90,3.003,29.97002997002997,48,2,traffic_signs,0.5636610388755798,2001.1798095703125,1118.7667236328125,2085.340087890625,1222.8719482421875,2043.2599487304688,1170.8193359375,84.1602783203125,104.105224609375
IMG_0040.mp4,90,3.003,29.97002997002997,6,2,traffic_signs,0.42089563608169556,1968.8475341796875,1066.0242919921875,2053.905517578125,1153.0760498046875,2011.3765258789062,1109.5501708984375,85.0579833984375,87.0517578125
IMG_0040.mp4,91,3.036366666666667,29.97002997002997,1,1,traffic_lights,0.8956552147865295,2431.548583984375,563.3165283203125,2508.237548828125,708.2877197265625,2469.89306640625,635.8021240234375,76.68896484375,144.97119140625
IMG_0040.mp4,91,3.036366666666667,29.97002997002997,5,1,traffic_lights,0.7796613574028015,3218.17431640625,1061.1358642578125,3360.06884765625,1205.95947265625,3289.12158203125,1133.5476684570312,141.89453125,144.8236083984375
IMG_0040.mp4,91,3.036366666666667,29.97002997002997,43,1,traffic_lights,0.6929283738136292,3526.304443359375,1311.6591796875,3646.9365234375,1347.647705078125,3586.6204833984375,1329.6534423828125,120.632080078125,35.988525390625
IMG_0040.mp4,92,3.069733333333333,29.97002997002997,1,1,traffic_lights,0.8475448489189148,2431.433349609375,561.2393188476562,2508.7294921875,707.7734375,2470.0814208984375,634.5063781738281,77.296142578125,146.53411865234375
IMG_0040.mp4,92,3.069733333333333,29.97002997002997,5,1,traffic_lights,0.8299978971481323,3217.43603515625,1064.134033203125,3359.8916015625,1179.7509765625,3288.663818359375,1121.9425048828125,142.45556640625,115.616943359375
IMG_0040.mp4,92,3.069733333333333,29.97002997002997,43,1,traffic_lights,0.4873662292957306,3532.615478515625,1310.9036865234375,3653.444091796875,1346.3924560546875,3593.02978515625,1328.6480712890625,120.82861328125,35.48876953125
IMG_0040.mp4,92,3.069733333333333,29.97002997002997,4,2,traffic_signs,0.5252294540405273,1969.7159423828125,1064.5313720703125,2083.79052734375,1225.912841796875,2026.7532348632812,1145.2221069335938,114.0745849609375,161.3814697265625
IMG_0040.mp4,92,3.069733333333333,29.97002997002997,2,1,traffic_lights,0.801372230052948,2118.55615234375,1077.2620849609375,2166.505859375,1205.474609375,2142.531005859375,1141.3683471679688,47.94970703125,128.2125244140625
IMG_0040.mp4,92,3.069733333333333,29.97002997002997,6,2,traffic_signs,0.35324081778526306,1967.3992919921875,1065.310546875,2051.822998046875,1150.9366455078125,2009.6111450195312,1108.1235961914062,84.4237060546875,85.6260986328125
IMG_0040.mp4,93,3.1031,29.97002997002997,1,1,traffic_lights,0.8804230093955994,2431.151123046875,559.57763671875,2508.521728515625,706.1572265625,2469.83642578125,632.867431640625,77.37060546875,146.57958984375
IMG_0040.mp4,93,3.1031,29.97002997002997,5,1,traffic_lights,0.5548197031021118,3237.07373046875,1063.29931640625,3363.2626953125,1196.1102294921875,3300.168212890625,1129.7047729492188,126.18896484375,132.8109130859375
IMG_0040.mp4,93,3.1031,29.97002997002997,55,2,traffic_signs,0.786862313747406,2287.518798828125,1713.821044921875,2389.9306640625,1747.3885498046875,2338.7247314453125,1730.6047973632812,102.411865234375,33.5675048828125
IMG_0040.mp4,93,3.1031,29.97002997002997,4,2,traffic_signs,0.2822430431842804,1968.6632080078125,1062.4766845703125,2079.412353515625,1225.4237060546875,2024.0377807617188,1143.9501953125,110.7491455078125,162.947021484375
IMG_0040.mp4,93,3.1031,29.97002997002997,2,1,traffic_lights,0.8478959798812866,2119.303955078125,1077.0384521484375,2165.273193359375,1205.1207275390625,2142.28857421875,1141.07958984375,45.96923828125,128.082275390625
IMG_0040.mp4,93,3.1031,29.97002997002997,6,2,traffic_signs,0.4728952646255493,1965.965576171875,1063.939208984375,2050.567626953125,1151.133544921875,2008.2666015625,1107.536376953125,84.60205078125,87.1943359375
IMG_0040.mp4,93,3.1031,29.97002997002997,24,1,traffic_lights,0.5186240673065186,2435.4677734375,1285.1927490234375,2560.392333984375,1322.9873046875,2497.9300537109375,1304.0900268554688,124.924560546875,37.7945556640625
IMG_0040.mp4,93,3.1031,29.97002997002997,22,2,traffic_signs,0.5707748532295227,1584.447509765625,1268.292236328125,1604.7850341796875,1289.753173828125,1594.6162719726562,1279.022705078125,20.3375244140625,21.4609375
IMG_0040.mp4,94,3.1364666666666667,29.97002997002997,1,1,traffic_lights,0.8820014595985413,2431.095458984375,557.4102172851562,2508.42578125,704.1508178710938,2469.7606201171875,630.780517578125,77.330322265625,146.7406005859375
IMG_0040.mp4,94,3.1364666666666667,29.97002997002997,5,1,traffic_lights,0.9058100581169128,3231.673828125,1064.316162109375,3366.123291015625,1201.6656494140625,3298.8985595703125,1132.9909057617188,134.449462890625,137.3494873046875
IMG_0040.mp4,94,3.1364666666666667,29.97002997002997,55,2,traffic_signs,0.6054911017417908,2291.184814453125,1714.1435546875,2387.983154296875,1747.3359375,2339.583984375,1730.73974609375,96.79833984375,33.1923828125
IMG_0040.mp4,94,3.1364666666666667,29.97002997002997,4,2,traffic_signs,0.434831440448761,1966.8924560546875,1062.1640625,2078.4580078125,1224.288818359375,2022.6752319335938,1143.2264404296875,111.5655517578125,162.124755859375
IMG_0040.mp4,94,3.1364666666666667,29.97002997002997,2,1,traffic_lights,0.8444808125495911,2119.090576171875,1076.32958984375,2164.23828125,1204.362060546875,2141.6644287109375,1140.3458251953125,45.147705078125,128.032470703125
IMG_0040.mp4,94,3.1364666666666667,29.97002997002997,6,2,traffic_signs,0.4331516921520233,1964.0316162109375,1063.26513671875,2049.90625,1151.2669677734375,2006.9689331054688,1107.2660522460938,85.8746337890625,88.0018310546875
IMG_0040.mp4,94,3.1364666666666667,29.97002997002997,24,1,traffic_lights,0.40842053294181824,2435.28857421875,1283.5865478515625,2560.515625,1321.4814453125,2497.902099609375,1302.5339965820312,125.22705078125,37.8948974609375
IMG_0040.mp4,94,3.1364666666666667,29.97002997002997,22,2,traffic_signs,0.5206586122512817,1583.530517578125,1268.689453125,1604.2232666015625,1290.415771484375,1593.8768920898438,1279.5526123046875,20.6927490234375,21.726318359375
IMG_0040.mp4,95,3.1698333333333335,29.97002997002997,1,1,traffic_lights,0.8847655057907104,2431.3056640625,555.7777709960938,2508.841064453125,701.9404907226562,2470.0733642578125,628.859130859375,77.535400390625,146.1627197265625
IMG_0040.mp4,95,3.1698333333333335,29.97002997002997,5,1,traffic_lights,0.8554946184158325,3234.203125,1065.7706298828125,3369.018310546875,1202.447021484375,3301.6107177734375,1134.1088256835938,134.815185546875,136.6763916015625
IMG_0040.mp4,95,3.1698333333333335,29.97002997002997,4,2,traffic_signs,0.670647919178009,1965.2017822265625,1061.81884765625,2078.540283203125,1223.197509765625,2021.8710327148438,1142.5081787109375,113.3385009765625,161.378662109375
IMG_0040.mp4,95,3.1698333333333335,29.97002997002997,2,1,traffic_lights,0.8517598509788513,2118.937255859375,1075.38427734375,2163.586669921875,1203.536376953125,2141.261962890625,1139.4603271484375,44.6494140625,128.152099609375
IMG_0040.mp4,95,3.1698333333333335,29.97002997002997,6,2,traffic_signs,0.3196035325527191,1962.955078125,1062.3992919921875,2049.19775390625,1152.391845703125,2006.076416015625,1107.3955688476562,86.24267578125,89.9925537109375
IMG_0040.mp4,95,3.1698333333333335,29.97002997002997,24,1,traffic_lights,0.41853398084640503,2434.443359375,1281.626953125,2560.537841796875,1320.49365234375,2497.4906005859375,1301.060302734375,126.094482421875,38.86669921875
IMG_0040.mp4,95,3.1698333333333335,29.97002997002997,22,2,traffic_signs,0.4965375065803528,1583.2784423828125,1268.353759765625,1604.0142822265625,1290.7069091796875,1593.6463623046875,1279.5303344726562,20.73583984375,22.3531494140625
IMG_0040.mp4,95,3.1698333333333335,29.97002997002997,43,1,traffic_lights,0.2964954972267151,3555.63134765625,1309.3443603515625,3673.180419921875,1344.337890625,3614.4058837890625,1326.8411254882812,117.549072265625,34.9935302734375
IMG_0040.mp4,96,3.2032000000000003,29.97002997002997,1,1,traffic_lights,0.8859730362892151,2431.213623046875,553.4530029296875,2508.81201171875,700.013427734375,2470.0128173828125,626.7332153320312,77.598388671875,146.5604248046875
IMG_0040.mp4,96,3.2032000000000003,29.97002997002997,5,1,traffic_lights,0.903635561466217,3233.393310546875,1066.8228759765625,3371.856689453125,1203.3953857421875,3302.625,1135.109130859375,138.46337890625,136.572509765625
IMG_0040.mp4,96,3.2032000000000003,29.97002997002997,4,2,traffic_signs,0.7010339498519897,1964.2789306640625,1061.0936279296875,2078.89013671875,1223.5595703125,2021.5845336914062,1142.3265991210938,114.6112060546875,162.4659423828125
IMG_0040.mp4,96,3.2032000000000003,29.97002997002997,2,1,traffic_lights,0.8468621373176575,2118.530029296875,1074.6324462890625,2163.5,1203.2113037109375,2141.0150146484375,1138.921875,44.969970703125,128.578857421875
IMG_0040.mp4,96,3.2032000000000003,29.97002997002997,6,2,traffic_signs,0.3058488667011261,1961.9661865234375,1061.399169921875,2049.666015625,1154.567138671875,2005.8161010742188,1107.983154296875,87.6998291015625,93.16796875
IMG_0040.mp4,96,3.2032000000000003,29.97002997002997,43,1,traffic_lights,0.2708994150161743,3567.6240234375,1308.8555908203125,3672.83251953125,1341.905029296875,3620.228271484375,1325.3803100585938,105.20849609375,33.0494384765625
IMG_0040.mp4,97,3.2365666666666666,29.97002997002997,1,1,traffic_lights,0.8919461369514465,2431.59130859375,550.8832397460938,2509.254150390625,697.600830078125,2470.4227294921875,624.2420349121094,77.662841796875,146.71759033203125
IMG_0040.mp4,97,3.2365666666666666,29.97002997002997,5,1,traffic_lights,0.9407975077629089,3231.411376953125,1067.56005859375,3373.652587890625,1203.1767578125,3302.531982421875,1135.368408203125,142.2412109375,135.61669921875
IMG_0040.mp4,97,3.2365666666666666,29.97002997002997,4,2,traffic_signs,0.2570658028125763,1964.9014892578125,1058.6934814453125,2078.54736328125,1222.6533203125,2021.7244262695312,1140.6734008789062,113.6458740234375,163.9598388671875
IMG_0040.mp4,97,3.2365666666666666,29.97002997002997,2,1,traffic_lights,0.8484395742416382,2117.859130859375,1073.4908447265625,2163.058349609375,1202.3349609375,2140.458740234375,1137.9129028320312,45.19921875,128.8441162109375
IMG_0040.mp4,97,3.2365666666666666,29.97002997002997,6,2,traffic_signs,0.47382205724716187,1961.06787109375,1060.270263671875,2049.806396484375,1152.2379150390625,2005.4371337890625,1106.2540893554688,88.738525390625,91.9676513671875
IMG_0040.mp4,97,3.2365666666666666,29.97002997002997,60,1,traffic_lights,0.3860643208026886,3243.056396484375,1067.8309326171875,3374.93798828125,1203.3402099609375,3308.9971923828125,1135.5855712890625,131.881591796875,135.50927734375
IMG_0040.mp4,97,3.2365666666666666,29.97002997002997,55,2,traffic_signs,0.7940598726272583,2293.4853515625,1722.962890625,2392.1201171875,1756.220703125,2342.802734375,1739.591796875,98.634765625,33.2578125
IMG_0040.mp4,97,3.2365666666666666,29.97002997002997,22,2,traffic_signs,0.288955420255661,1581.7847900390625,1268.091064453125,1603.814697265625,1290.6444091796875,1592.7997436523438,1279.3677368164062,22.0299072265625,22.5533447265625
IMG_0040.mp4,98,3.2699333333333334,29.97002997002997,1,1,traffic_lights,0.8941351771354675,2431.4736328125,547.5951538085938,2509.65869140625,695.97021484375,2470.566162109375,621.7826843261719,78.18505859375,148.37506103515625
IMG_0040.mp4,98,3.2699333333333334,29.97002997002997,5,1,traffic_lights,0.9422091841697693,3231.768310546875,1070.283203125,3377.75634765625,1202.32080078125,3304.7623291015625,1136.302001953125,145.988037109375,132.03759765625
IMG_0040.mp4,98,3.2699333333333334,29.97002997002997,2,1,traffic_lights,0.8565942049026489,2117.681640625,1073.0035400390625,2162.601318359375,1200.65380859375,2140.1414794921875,1136.8286743164062,44.919677734375,127.6502685546875
IMG_0040.mp4,98,3.2699333333333334,29.97002997002997,6,2,traffic_signs,0.5709178447723389,1959.946044921875,1059.3643798828125,2049.60400390625,1149.585205078125,2004.7750244140625,1104.4747924804688,89.657958984375,90.2208251953125
IMG_0040.mp4,98,3.2699333333333334,29.97002997002997,60,1,traffic_lights,0.36054444313049316,3243.13134765625,1071.575439453125,3379.131591796875,1201.192626953125,3311.1314697265625,1136.384033203125,136.000244140625,129.6171875
IMG_0040.mp4,98,3.2699333333333334,29.97002997002997,55,2,traffic_signs,0.6969931721687317,2292.647216796875,1725.153076171875,2393.649658203125,1758.994384765625,2343.1484375,1742.07373046875,101.00244140625,33.84130859375
IMG_0040.mp4,98,3.2699333333333334,29.97002997002997,48,2,traffic_signs,0.28303366899490356,1991.4422607421875,1111.7060546875,2076.17724609375,1217.5455322265625,2033.8097534179688,1164.6257934570312,84.7349853515625,105.8394775390625
IMG_0040.mp4,99,3.3033,29.97002997002997,1,1,traffic_lights,0.8925178050994873,2432.207275390625,544.051025390625,2510.270263671875,693.7750244140625,2471.23876953125,618.9130249023438,78.06298828125,149.7239990234375
IMG_0040.mp4,99,3.3033,29.97002997002997,5,1,traffic_lights,0.9462478160858154,3233.05810546875,1070.19287109375,3381.051513671875,1201.85205078125,3307.0548095703125,1136.0224609375,147.993408203125,131.6591796875
IMG_0040.mp4,99,3.3033,29.97002997002997,2,1,traffic_lights,0.8492368459701538,2117.252685546875,1071.7027587890625,2162.544921875,1199.7852783203125,2139.8988037109375,1135.7440185546875,45.292236328125,128.08251953125
IMG_0040.mp4,99,3.3033,29.97002997002997,6,2,traffic_signs,0.5297331213951111,1959.192626953125,1058.5771484375,2048.89208984375,1149.431884765625,2004.0423583984375,1104.0045166015625,89.699462890625,90.854736328125
IMG_0040.mp4,99,3.3033,29.97002997002997,60,1,traffic_lights,0.2940545976161957,3240.634765625,1071.1734619140625,3382.81201171875,1201.104248046875,3311.723388671875,1136.1388549804688,142.17724609375,129.9307861328125
IMG_0040.mp4,99,3.3033,29.97002997002997,55,2,traffic_signs,0.5820732712745667,2292.635009765625,1727.2344970703125,2394.33642578125,1761.0023193359375,2343.4857177734375,1744.118408203125,101.701416015625,33.767822265625
IMG_0040.mp4,99,3.3033,29.97002997002997,48,2,traffic_signs,0.2759157419204712,1989.5726318359375,1109.70458984375,2073.984130859375,1217.0150146484375,2031.7783813476562,1163.3598022460938,84.4114990234375,107.3104248046875
IMG_0040.mp4,100,3.336666666666667,29.97002997002997,1,1,traffic_lights,0.8886857628822327,2432.149169921875,541.1842041015625,2510.150634765625,692.23095703125,2471.14990234375,616.7075805664062,78.00146484375,151.0467529296875
IMG_0040.mp4,100,3.336666666666667,29.97002997002997,5,1,traffic_lights,0.9480922222137451,3233.795166015625,1072.4056396484375,3383.632568359375,1200.2818603515625,3308.7138671875,1136.34375,149.83740234375,127.876220703125
IMG_0040.mp4,100,3.336666666666667,29.97002997002997,2,1,traffic_lights,0.8432814478874207,2116.4833984375,1071.5372314453125,2161.45556640625,1198.5574951171875,2138.969482421875,1135.04736328125,44.97216796875,127.020263671875
IMG_0040.mp4,100,3.336666666666667,29.97002997002997,6,2,traffic_signs,0.49685531854629517,1958.27685546875,1057.7161865234375,2048.1259765625,1149.2066650390625,2003.201416015625,1103.46142578125,89.84912109375,91.490478515625
IMG_0040.mp4,100,3.336666666666667,29.97002997002997,60,1,traffic_lights,0.36851176619529724,3239.166015625,1073.512451171875,3384.85791015625,1199.5478515625,3312.011962890625,1136.5301513671875,145.69189453125,126.035400390625
IMG_0040.mp4,100,3.336666666666667,29.97002997002997,48,2,traffic_signs,0.3760737180709839,1988.91015625,1109.055419921875,2074.1103515625,1216.409423828125,2031.51025390625,1162.732421875,85.2001953125,107.35400390625
IMG_0040.mp4,101,3.370033333333333,29.97002997002997,1,1,traffic_lights,0.885667622089386,2431.7744140625,538.1516723632812,2510.298583984375,690.582763671875,2471.0364990234375,614.3672180175781,78.524169921875,152.43109130859375
IMG_0040.mp4,101,3.370033333333333,29.97002997002997,5,1,traffic_lights,0.261349618434906,3236.356201171875,1075.1416015625,3387.2333984375,1197.9530029296875,3311.7947998046875,1136.5473022460938,150.877197265625,122.8114013671875
IMG_0040.mp4,101,3.370033333333333,29.97002997002997,2,1,traffic_lights,0.8564005494117737,2115.677978515625,1070.881591796875,2160.37255859375,1198.0489501953125,2138.0252685546875,1134.4652709960938,44.694580078125,127.1673583984375
IMG_0040.mp4,101,3.370033333333333,29.97002997002997,6,2,traffic_signs,0.4618460536003113,1957.626953125,1056.9990234375,2046.4200439453125,1147.9735107421875,2002.0234985351562,1102.4862670898438,88.7930908203125,90.9744873046875
IMG_0040.mp4,101,3.370033333333333,29.97002997002997,60,1,traffic_lights,0.9483616948127747,3236.3408203125,1076.3109130859375,3387.293212890625,1197.4072265625,3311.8170166015625,1136.8590698242188,150.952392578125,121.0963134765625
IMG_0040.mp4,101,3.370033333333333,29.97002997002997,48,2,traffic_signs,0.3890957832336426,1989.3155517578125,1107.309814453125,2073.53662109375,1215.948974609375,2031.4260864257812,1161.62939453125,84.2210693359375,108.63916015625
IMG_0040.mp4,102,3.4034,29.97002997002997,1,1,traffic_lights,0.8902785778045654,2432.349365234375,536.0379638671875,2510.53466796875,688.5986328125,2471.4420166015625,612.3182983398438,78.185302734375,152.5606689453125
IMG_0040.mp4,102,3.4034,29.97002997002997,2,1,traffic_lights,0.8512388467788696,2115.357421875,1070.4725341796875,2159.862548828125,1197.31982421875,2137.6099853515625,1133.8961791992188,44.505126953125,126.8472900390625
IMG_0040.mp4,102,3.4034,29.97002997002997,6,2,traffic_signs,0.3461242914199829,1956.43701171875,1056.5843505859375,2045.41796875,1148.771728515625,2000.927490234375,1102.6780395507812,88.98095703125,92.1873779296875
IMG_0040.mp4,102,3.4034,29.97002997002997,42,1,traffic_lights,0.5511677265167236,3143.89453125,1080.8135986328125,3175.102783203125,1124.8736572265625,3159.4986572265625,1102.8436279296875,31.208251953125,44.06005859375
IMG_0040.mp4,102,3.4034,29.97002997002997,4,2,traffic_signs,0.7336214780807495,1959.8092041015625,1055.537109375,2074.985107421875,1220.45703125,2017.3971557617188,1137.9970703125,115.1759033203125,164.919921875
IMG_0040.mp4,103,3.4367666666666667,29.97002997002997,1,1,traffic_lights,0.3391190767288208,2432.431396484375,534.7615966796875,2510.66162109375,686.8263549804688,2471.5465087890625,610.7939758300781,78.230224609375,152.06475830078125
IMG_0040.mp4,103,3.4367666666666667,29.97002997002997,2,1,traffic_lights,0.8622041940689087,2114.51708984375,1069.877685546875,2159.239990234375,1196.51171875,2136.8785400390625,1133.1947021484375,44.722900390625,126.634033203125
IMG_0040.mp4,103,3.4367666666666667,29.97002997002997,42,1,traffic_lights,0.36213740706443787,3144.12890625,1080.0091552734375,3175.3525390625,1125.00341796875,3159.74072265625,1102.5062866210938,31.2236328125,44.9942626953125
IMG_0040.mp4,103,3.4367666666666667,29.97002997002997,4,2,traffic_signs,0.8236925005912781,1959.7332763671875,1054.4002685546875,2073.781005859375,1219.953125,2016.7571411132812,1137.1766967773438,114.0477294921875,165.5528564453125
IMG_0040.mp4,103,3.4367666666666667,29.97002997002997,5,1,traffic_lights,0.7913191318511963,3240.243408203125,1079.4359130859375,3393.52685546875,1195.266845703125,3316.8851318359375,1137.3513793945312,153.283447265625,115.8309326171875
IMG_0040.mp4,104,3.4701333333333335,29.97002997002997,1,1,traffic_lights,0.9091511964797974,2432.767333984375,538.799072265625,2511.08642578125,686.6793212890625,2471.9268798828125,612.7391967773438,78.319091796875,147.8802490234375
IMG_0040.mp4,104,3.4701333333333335,29.97002997002997,2,1,traffic_lights,0.8749985098838806,2114.1796875,1069.6436767578125,2158.4951171875,1195.921875,2136.33740234375,1132.7827758789062,44.3154296875,126.2781982421875
IMG_0040.mp4,104,3.4701333333333335,29.97002997002997,42,1,traffic_lights,0.417463481426239,3143.552978515625,1079.6083984375,3175.356689453125,1125.112548828125,3159.454833984375,1102.3604736328125,31.8037109375,45.504150390625
IMG_0040.mp4,104,3.4701333333333335,29.97002997002997,4,2,traffic_signs,0.8110209107398987,1960.002685546875,1053.9161376953125,2074.3525390625,1219.9422607421875,2017.1776123046875,1136.92919921875,114.349853515625,166.026123046875
IMG_0040.mp4,104,3.4701333333333335,29.97002997002997,5,1,traffic_lights,0.8630364537239075,3241.405517578125,1081.734375,3394.78125,1195.178466796875,3318.0933837890625,1138.4564208984375,153.375732421875,113.444091796875
IMG_0040.mp4,104,3.4701333333333335,29.97002997002997,22,2,traffic_signs,0.43848296999931335,1579.2393798828125,1270.10693359375,1603.6439208984375,1290.1326904296875,1591.441650390625,1280.1198120117188,24.404541015625,20.0257568359375
IMG_0040.mp4,105,3.5035000000000003,29.97002997002997,1,1,traffic_lights,0.9070316553115845,2432.462646484375,538.9650268554688,2511.43212890625,686.240234375,2471.9473876953125,612.6026306152344,78.969482421875,147.27520751953125
IMG_0040.mp4,105,3.5035000000000003,29.97002997002997,2,1,traffic_lights,0.8702843189239502,2113.74072265625,1068.7325439453125,2157.856201171875,1195.06689453125,2135.7984619140625,1131.8997192382812,44.115478515625,126.3343505859375
IMG_0040.mp4,105,3.5035000000000003,29.97002997002997,42,1,traffic_lights,0.4149166941642761,3143.31298828125,1079.2138671875,3175.064208984375,1125.1175537109375,3159.1885986328125,1102.1657104492188,31.751220703125,45.9036865234375
IMG_0040.mp4,105,3.5035000000000003,29.97002997002997,4,2,traffic_signs,0.5077110528945923,1959.9046630859375,1052.800048828125,2072.450927734375,1219.9429931640625,2016.1777954101562,1136.3715209960938,112.5462646484375,167.1429443359375
IMG_0040.mp4,105,3.5035000000000003,29.97002997002997,5,1,traffic_lights,0.8993087410926819,3243.072265625,1081.6192626953125,3398.89990234375,1195.385009765625,3320.986083984375,1138.5021362304688,155.82763671875,113.7657470703125
IMG_0040.mp4,105,3.5035000000000003,29.97002997002997,22,2,traffic_signs,0.3726300299167633,1578.2958984375,1269.384521484375,1602.2298583984375,1288.9737548828125,1590.2628784179688,1279.1791381835938,23.9339599609375,19.5892333984375
IMG_0040.mp4,106,3.5368666666666666,29.97002997002997,1,1,traffic_lights,0.7724234461784363,2432.76611328125,538.0128173828125,2512.219970703125,684.6019897460938,2472.4930419921875,611.3074035644531,79.453857421875,146.58917236328125
IMG_0040.mp4,106,3.5368666666666666,29.97002997002997,2,1,traffic_lights,0.8757703900337219,2112.888671875,1067.936767578125,2157.585693359375,1195.5208740234375,2135.2371826171875,1131.7288208007812,44.697021484375,127.5841064453125
IMG_0040.mp4,106,3.5368666666666666,29.97002997002997,4,2,traffic_signs,0.28810304403305054,1959.6768798828125,1052.0025634765625,2070.10693359375,1219.5892333984375,2014.8919067382812,1135.7958984375,110.4300537109375,167.586669921875
IMG_0040.mp4,106,3.5368666666666666,29.97002997002997,5,1,traffic_lights,0.37295278906822205,3245.267578125,1082.7012939453125,3398.417236328125,1193.6773681640625,3321.8424072265625,1138.1893310546875,153.149658203125,110.97607421875
IMG_0040.mp4,106,3.5368666666666666,29.97002997002997,22,2,traffic_signs,0.47271960973739624,1577.7528076171875,1269.4564208984375,1601.6192626953125,1288.59130859375,1589.68603515625,1279.0238647460938,23.866455078125,19.1348876953125
IMG_0040.mp4,106,3.5368666666666666,29.97002997002997,55,2,traffic_signs,0.5923108458518982,2284.496337890625,1740.0189208984375,2392.776123046875,1775.8304443359375,2338.63623046875,1757.9246826171875,108.27978515625,35.8115234375
IMG_0040.mp4,106,3.5368666666666666,29.97002997002997,48,2,traffic_signs,0.3317430317401886,1984.50341796875,1098.7930908203125,2066.89013671875,1214.5999755859375,2025.69677734375,1156.696533203125,82.38671875,115.806884765625
IMG_0040.mp4,107,3.5702333333333334,29.97002997002997,1,1,traffic_lights,0.9000654220581055,2432.072021484375,536.785400390625,2513.08984375,683.2186889648438,2472.5809326171875,610.0020446777344,81.017822265625,146.43328857421875
IMG_0040.mp4,107,3.5702333333333334,29.97002997002997,2,1,traffic_lights,0.8601171970367432,2111.14306640625,1066.298095703125,2157.4619140625,1195.6231689453125,2134.302490234375,1130.9606323242188,46.31884765625,129.3250732421875
IMG_0040.mp4,107,3.5702333333333334,29.97002997002997,4,2,traffic_signs,0.8782085180282593,1957.53369140625,1051.1380615234375,2072.83349609375,1219.1947021484375,2015.18359375,1135.1663818359375,115.2998046875,168.056640625
IMG_0040.mp4,107,3.5702333333333334,29.97002997002997,22,2,traffic_signs,0.38584405183792114,1578.132080078125,1268.9610595703125,1600.8348388671875,1288.3935546875,1589.4834594726562,1278.6773071289062,22.7027587890625,19.4324951171875
IMG_0040.mp4,107,3.5702333333333334,29.97002997002997,55,2,traffic_signs,0.5637959241867065,2286.4169921875,1743.3023681640625,2393.37744140625,1778.3189697265625,2339.897216796875,1760.8106689453125,106.96044921875,35.0166015625
IMG_0040.mp4,108,3.6036,29.97002997002997,1,1,traffic_lights,0.8991594910621643,2431.650146484375,534.4869384765625,2514.425537109375,682.3518676757812,2473.037841796875,608.4194030761719,82.775390625,147.86492919921875
IMG_0040.mp4,109,3.636966666666667,29.97002997002997,1,1,traffic_lights,0.7945394515991211,2431.427734375,543.3741455078125,2511.37841796875,659.9039306640625,2471.403076171875,601.6390380859375,79.95068359375,116.52978515625
IMG_0040.mp4,109,3.636966666666667,29.97002997002997,48,2,traffic_signs,0.7810618281364441,1983.5423583984375,1110.32080078125,2066.613037109375,1213.2210693359375,2025.0776977539062,1161.7709350585938,83.0706787109375,102.9002685546875
IMG_0040.mp4,109,3.636966666666667,29.97002997002997,2,1,traffic_lights,0.6883135437965393,2110.64794921875,1071.88916015625,2158.683837890625,1193.356689453125,2134.6658935546875,1132.6229248046875,48.035888671875,121.467529296875
IMG_0040.mp4,110,3.6703333333333332,29.97002997002997,1,1,traffic_lights,0.9029145240783691,2432.403564453125,535.0431518554688,2512.70849609375,672.254638671875,2472.5560302734375,603.6488952636719,80.304931640625,137.21148681640625
IMG_0040.mp4,110,3.6703333333333332,29.97002997002997,48,2,traffic_signs,0.6679753661155701,1984.3582763671875,1113.0335693359375,2066.364501953125,1212.07763671875,2025.3613891601562,1162.5556030273438,82.0062255859375,99.0440673828125
IMG_0040.mp4,110,3.6703333333333332,29.97002997002997,2,1,traffic_lights,0.8095219731330872,2111.31494140625,1067.62060546875,2157.343994140625,1191.579833984375,2134.3294677734375,1129.6002197265625,46.029052734375,123.959228515625
IMG_0040.mp4,110,3.6703333333333332,29.97002997002997,24,1,traffic_lights,0.3140084147453308,2440.176025390625,1269.639892578125,2580.76611328125,1309.130859375,2510.4710693359375,1289.3853759765625,140.590087890625,39.490966796875
IMG_0040.mp4,110,3.6703333333333332,29.97002997002997,6,2,traffic_signs,0.6018309593200684,1950.8470458984375,1049.9185791015625,2034.2451171875,1135.857666015625,1992.5460815429688,1092.8881225585938,83.3980712890625,85.9390869140625
IMG_0040.mp4,111,3.7037,29.97002997002997,1,1,traffic_lights,0.9064696431159973,2432.793701171875,529.69921875,2513.889404296875,674.7833862304688,2473.341552734375,602.2413024902344,81.095703125,145.08416748046875
IMG_0040.mp4,111,3.7037,29.97002997002997,48,2,traffic_signs,0.47052040696144104,1983.7291259765625,1108.7857666015625,2066.359130859375,1211.796630859375,2025.0441284179688,1160.2911987304688,82.6300048828125,103.0108642578125
IMG_0040.mp4,111,3.7037,29.97002997002997,2,1,traffic_lights,0.7403102517127991,2110.468017578125,1063.002197265625,2157.343994140625,1188.63671875,2133.906005859375,1125.8194580078125,46.8759765625,125.634521484375
IMG_0040.mp4,111,3.7037,29.97002997002997,6,2,traffic_signs,0.4612376093864441,1949.2933349609375,1048.7745361328125,2034.0631103515625,1136.2548828125,1991.67822265625,1092.5147094726562,84.769775390625,87.4803466796875
IMG_0040.mp4,111,3.7037,29.97002997002997,22,2,traffic_signs,0.44812434911727905,1578.3896484375,1268.3951416015625,1599.16259765625,1289.4779052734375,1588.776123046875,1278.9365234375,20.77294921875,21.082763671875
IMG_0040.mp4,112,3.7370666666666668,29.97002997002997,1,1,traffic_lights,0.9051734209060669,2433.0146484375,526.6494140625,2514.455322265625,674.5437622070312,2473.7349853515625,600.5965881347656,81.440673828125,147.89434814453125
IMG_0040.mp4,112,3.7370666666666668,29.97002997002997,48,2,traffic_signs,0.6714562773704529,1983.475341796875,1111.0224609375,2066.1455078125,1211.48291015625,2024.8104248046875,1161.252685546875,82.670166015625,100.46044921875
IMG_0040.mp4,112,3.7370666666666668,29.97002997002997,2,1,traffic_lights,0.8249934911727905,2110.389404296875,1063.292724609375,2156.659912109375,1190.60888671875,2133.524658203125,1126.9508056640625,46.2705078125,127.316162109375
IMG_0040.mp4,112,3.7370666666666668,29.97002997002997,6,2,traffic_signs,0.5317631959915161,1949.998046875,1046.9759521484375,2033.721435546875,1136.7928466796875,1991.8597412109375,1091.8843994140625,83.723388671875,89.81689453125
IMG_0040.mp4,112,3.7370666666666668,29.97002997002997,22,2,traffic_signs,0.3976377844810486,1578.0037841796875,1268.2869873046875,1598.816650390625,1290.016845703125,1588.4102172851562,1279.1519165039062,20.8128662109375,21.7298583984375
IMG_0040.mp4,112,3.7370666666666668,29.97002997002997,24,2,traffic_signs,0.27202776074409485,2444.5966796875,1270.6409912109375,2582.125244140625,1306.9373779296875,2513.3609619140625,1288.7891845703125,137.528564453125,36.29638671875
IMG_0040.mp4,113,3.7704333333333335,29.97002997002997,1,1,traffic_lights,0.9057090282440186,2433.261962890625,522.8043212890625,2515.26953125,672.7754516601562,2474.2657470703125,597.7898864746094,82.007568359375,149.97113037109375
IMG_0040.mp4,113,3.7704333333333335,29.97002997002997,48,2,traffic_signs,0.680564820766449,1983.03857421875,1112.1204833984375,2066.1318359375,1211.1605224609375,2024.585205078125,1161.6405029296875,83.09326171875,99.0400390625
IMG_0040.mp4,113,3.7704333333333335,29.97002997002997,2,1,traffic_lights,0.7887937426567078,2110.242431640625,1063.36083984375,2155.944580078125,1191.8338623046875,2133.093505859375,1127.5973510742188,45.7021484375,128.4730224609375
IMG_0040.mp4,113,3.7704333333333335,29.97002997002997,6,2,traffic_signs,0.5359896421432495,1949.7508544921875,1046.38623046875,2033.3634033203125,1136.28857421875,1991.55712890625,1091.33740234375,83.612548828125,89.90234375
IMG_0040.mp4,113,3.7704333333333335,29.97002997002997,22,2,traffic_signs,0.4683353900909424,1577.18896484375,1267.5052490234375,1597.550048828125,1289.0892333984375,1587.3695068359375,1278.2972412109375,20.361083984375,21.583984375
IMG_0040.mp4,113,3.7704333333333335,29.97002997002997,24,2,traffic_signs,0.4187134802341461,2447.052734375,1270.1510009765625,2582.753173828125,1306.935302734375,2514.9029541015625,1288.5431518554688,135.700439453125,36.7843017578125
IMG_0040.mp4,114,3.8038,29.97002997002997,1,1,traffic_lights,0.9016500115394592,2434.02587890625,520.2534790039062,2515.61767578125,671.0380249023438,2474.82177734375,595.645751953125,81.591796875,150.7845458984375
IMG_0040.mp4,114,3.8038,29.97002997002997,48,2,traffic_signs,0.7262364029884338,1982.291259765625,1112.0999755859375,2065.77197265625,1210.58642578125,2024.0316162109375,1161.3432006835938,83.480712890625,98.4864501953125
IMG_0040.mp4,114,3.8038,29.97002997002997,2,1,traffic_lights,0.6702854633331299,2110.464599609375,1062.9176025390625,2155.317626953125,1191.623046875,2132.89111328125,1127.2703247070312,44.85302734375,128.7054443359375
IMG_0040.mp4,114,3.8038,29.97002997002997,6,2,traffic_signs,0.4817071259021759,1949.2088623046875,1046.376708984375,2032.81884765625,1136.5230712890625,1991.0138549804688,1091.4498901367188,83.6099853515625,90.1463623046875
IMG_0040.mp4,114,3.8038,29.97002997002997,22,2,traffic_signs,0.5255535840988159,1576.561767578125,1267.2530517578125,1597.0142822265625,1288.375,1586.7880249023438,1277.8140258789062,20.4525146484375,21.1219482421875
IMG_0040.mp4,114,3.8038,29.97002997002997,42,1,traffic_lights,0.5468752384185791,3151.068603515625,1077.9788818359375,3180.630859375,1122.7835693359375,3165.8497314453125,1100.3812255859375,29.562255859375,44.8046875
IMG_0040.mp4,114,3.8038,29.97002997002997,5,1,traffic_lights,0.3776271939277649,3260.6328125,1087.0860595703125,3423.118896484375,1190.900634765625,3341.8758544921875,1138.9933471679688,162.486083984375,103.8145751953125
IMG_0040.mp4,115,3.8371666666666666,29.97002997002997,48,2,traffic_signs,0.7777952551841736,1980.453857421875,1112.2491455078125,2067.024169921875,1209.71142578125,2023.739013671875,1160.9802856445312,86.5703125,97.4622802734375
IMG_0040.mp4,115,3.8371666666666666,29.97002997002997,2,1,traffic_lights,0.5803912878036499,2109.072509765625,1064.0087890625,2155.330322265625,1192.2574462890625,2132.201416015625,1128.1331176757812,46.2578125,128.2486572265625
IMG_0040.mp4,115,3.8371666666666666,29.97002997002997,6,2,traffic_signs,0.4784591495990753,1949.167236328125,1047.045166015625,2032.0526123046875,1134.71630859375,1990.6099243164062,1090.8807373046875,82.8853759765625,87.671142578125
IMG_0040.mp4,115,3.8371666666666666,29.97002997002997,22,2,traffic_signs,0.5800967812538147,1575.81591796875,1266.967041015625,1597.41796875,1288.316650390625,1586.616943359375,1277.641845703125,21.60205078125,21.349609375
IMG_0040.mp4,115,3.8371666666666666,29.97002997002997,5,1,traffic_lights,0.7072799205780029,3262.043212890625,1087.5145263671875,3424.5068359375,1190.798095703125,3343.2750244140625,1139.1563110351562,162.463623046875,103.2835693359375
IMG_0040.mp4,116,3.8705333333333334,29.97002997002997,48,2,traffic_signs,0.7003769278526306,1974.7545166015625,1109.7235107421875,2039.0855712890625,1209.76025390625,2006.9200439453125,1159.7418823242188,64.3310546875,100.0367431640625
IMG_0040.mp4,116,3.8705333333333334,29.97002997002997,2,1,traffic_lights,0.5781188607215881,2109.19921875,1061.0289306640625,2155.372802734375,1191.060791015625,2132.2860107421875,1126.0448608398438,46.173583984375,130.0318603515625
IMG_0040.mp4,116,3.8705333333333334,29.97002997002997,22,2,traffic_signs,0.41944029927253723,1575.0911865234375,1266.0677490234375,1597.470947265625,1288.2191162109375,1586.2810668945312,1277.1434326171875,22.3797607421875,22.1513671875
IMG_0040.mp4,116,3.8705333333333334,29.97002997002997,24,2,traffic_signs,0.601294755935669,2450.4267578125,1268.3746337890625,2584.820556640625,1304.1737060546875,2517.6236572265625,1286.274169921875,134.393798828125,35.799072265625
IMG_0040.mp4,116,3.8705333333333334,29.97002997002997,1,1,traffic_lights,0.37777984142303467,2433.417724609375,529.7128295898438,2515.406494140625,667.27490234375,2474.412109375,598.4938659667969,81.98876953125,137.56207275390625
IMG_0040.mp4,117,3.9039,29.97002997002997,2,1,traffic_lights,0.5602230429649353,2106.81201171875,1059.17724609375,2154.822998046875,1190.311279296875,2130.8175048828125,1124.7442626953125,48.010986328125,131.134033203125
IMG_0040.mp4,117,3.9039,29.97002997002997,22,2,traffic_signs,0.3130977749824524,1575.527099609375,1266.0841064453125,1597.4202880859375,1288.5322265625,1586.4736938476562,1277.3081665039062,21.8931884765625,22.4481201171875
IMG_0040.mp4,117,3.9039,29.97002997002997,24,2,traffic_signs,0.8324068784713745,2448.307861328125,1267.518798828125,2584.24560546875,1303.614990234375,2516.2767333984375,1285.56689453125,135.937744140625,36.09619140625
IMG_0040.mp4,117,3.9039,29.97002997002997,1,1,traffic_lights,0.8199372887611389,2433.159423828125,522.6105346679688,2515.5224609375,666.9859008789062,2474.3409423828125,594.7982177734375,82.363037109375,144.3753662109375
IMG_0040.mp4,117,3.9039,29.97002997002997,55,2,traffic_signs,0.30534109473228455,2283.294189453125,1763.8056640625,2392.709716796875,1800.51123046875,2338.001953125,1782.158447265625,109.41552734375,36.70556640625
IMG_0040.mp4,117,3.9039,29.97002997002997,5,1,traffic_lights,0.42029982805252075,3264.533203125,1087.0673828125,3426.580078125,1188.8480224609375,3345.556640625,1137.9577026367188,162.046875,101.7806396484375
IMG_0040.mp4,118,3.937266666666667,29.97002997002997,2,1,traffic_lights,0.6140760779380798,2105.4775390625,1057.83642578125,2153.945556640625,1191.5970458984375,2129.7115478515625,1124.7167358398438,48.468017578125,133.7606201171875
IMG_0040.mp4,118,3.937266666666667,29.97002997002997,24,2,traffic_signs,0.7292647361755371,2447.3125,1266.597900390625,2584.131103515625,1302.9918212890625,2515.7218017578125,1284.7948608398438,136.818603515625,36.3939208984375
IMG_0040.mp4,118,3.937266666666667,29.97002997002997,1,1,traffic_lights,0.8056138157844543,2433.6953125,518.4652099609375,2515.292724609375,665.500244140625,2474.4940185546875,591.9827270507812,81.597412109375,147.0350341796875
IMG_0040.mp4,118,3.937266666666667,29.97002997002997,67,1,traffic_lights,0.5240354537963867,2107.09912109375,1058.1197509765625,2154.4365234375,1192.7847900390625,2130.767822265625,1125.4522705078125,47.33740234375,134.6650390625
IMG_0040.mp4,118,3.937266666666667,29.97002997002997,4,2,traffic_signs,0.847701370716095,1953.2607421875,1048.007568359375,2070.98583984375,1212.0875244140625,2012.123291015625,1130.0475463867188,117.72509765625,164.0799560546875
IMG_0040.mp4,119,3.9706333333333332,29.97002997002997,2,1,traffic_lights,0.7856259942054749,2104.55517578125,1057.4532470703125,2153.88037109375,1192.152099609375,2129.2177734375,1124.8026733398438,49.3251953125,134.6988525390625
IMG_0040.mp4,119,3.9706333333333332,29.97002997002997,24,2,traffic_signs,0.7482964396476746,2445.5869140625,1265.93505859375,2584.186279296875,1302.456298828125,2514.8865966796875,1284.1956787109375,138.599365234375,36.521240234375
IMG_0040.mp4,119,3.9706333333333332,29.97002997002997,1,1,traffic_lights,0.7923595905303955,2433.873779296875,515.4671630859375,2515.639892578125,664.68310546875,2474.7568359375,590.0751342773438,81.76611328125,149.2159423828125
IMG_0040.mp4,119,3.9706333333333332,29.97002997002997,6,2,traffic_signs,0.31767746806144714,1945.780029296875,1044.9967041015625,2030.08544921875,1133.4036865234375,1987.9327392578125,1089.2001953125,84.305419921875,88.406982421875
IMG_0040.mp4,119,3.9706333333333332,29.97002997002997,48,2,traffic_signs,0.48957642912864685,1973.3050537109375,1101.8839111328125,2062.300537109375,1208.6563720703125,2017.8027954101562,1155.2701416015625,88.9954833984375,106.7724609375
IMG_0040.mp4,119,3.9706333333333332,29.97002997002997,5,1,traffic_lights,0.5217368006706238,3266.296875,1088.132080078125,3380.784423828125,1182.6231689453125,3323.5406494140625,1135.3776245117188,114.487548828125,94.4910888671875
IMG_0040.mp4,120,4.0040000000000004,29.97002997002997,2,1,traffic_lights,0.777052640914917,2103.445068359375,1056.5462646484375,2154.107177734375,1190.9346923828125,2128.776123046875,1123.740478515625,50.662109375,134.388427734375
IMG_0040.mp4,120,4.0040000000000004,29.97002997002997,24,2,traffic_signs,0.5152037739753723,2447.671875,1264.7406005859375,2586.05029296875,1301.1182861328125,2516.861083984375,1282.929443359375,138.37841796875,36.377685546875
IMG_0040.mp4,120,4.0040000000000004,29.97002997002997,1,1,traffic_lights,0.7670824527740479,2433.682861328125,513.6654052734375,2515.730224609375,663.4083862304688,2474.70654296875,588.5368957519531,82.04736328125,149.74298095703125
IMG_0040.mp4,120,4.0040000000000004,29.97002997002997,6,2,traffic_signs,0.286041259765625,1945.23681640625,1044.451416015625,2030.584716796875,1133.3870849609375,1987.9107666015625,1088.9192504882812,85.347900390625,88.9356689453125
IMG_0040.mp4,120,4.0040000000000004,29.97002997002997,48,2,traffic_signs,0.4735262393951416,1972.8626708984375,1101.271728515625,2065.21484375,1206.8382568359375,2019.0387573242188,1154.0549926757812,92.3521728515625,105.5665283203125
IMG_0040.mp4,120,4.0040000000000004,29.97002997002997,5,1,traffic_lights,0.38828203082084656,3266.931396484375,1088.352294921875,3381.168212890625,1182.479248046875,3324.0498046875,1135.415771484375,114.23681640625,94.126953125
IMG_0040.mp4,121,4.037366666666666,29.97002997002997,2,1,traffic_lights,0.7738361954689026,2103.320068359375,1056.272705078125,2153.719482421875,1190.58984375,2128.519775390625,1123.4312744140625,50.3994140625,134.317138671875
IMG_0040.mp4,121,4.037366666666666,29.97002997002997,24,2,traffic_signs,0.6872396469116211,2446.345947265625,1264.376708984375,2584.89013671875,1300.6815185546875,2515.6180419921875,1282.5291137695312,138.544189453125,36.3048095703125
IMG_0040.mp4,121,4.037366666666666,29.97002997002997,1,1,traffic_lights,0.53969806432724,2433.51611328125,513.6334838867188,2516.092529296875,662.4351196289062,2474.8043212890625,588.0343017578125,82.576416015625,148.8016357421875
IMG_0040.mp4,121,4.037366666666666,29.97002997002997,48,2,traffic_signs,0.4013265073299408,1972.269287109375,1100.797119140625,2066.073974609375,1206.510498046875,2019.171630859375,1153.65380859375,93.8046875,105.71337890625
IMG_0040.mp4,121,4.037366666666666,29.97002997002997,5,1,traffic_lights,0.5075251460075378,3269.105224609375,1088.2523193359375,3374.1279296875,1180.575927734375,3321.6165771484375,1134.4141235351562,105.022705078125,92.3236083984375
IMG_0040.mp4,122,4.070733333333333,29.97002997002997,2,1,traffic_lights,0.7862457633018494,2103.247314453125,1056.0023193359375,2153.09375,1189.7530517578125,2128.1705322265625,1122.877685546875,49.846435546875,133.750732421875
IMG_0040.mp4,122,4.070733333333333,29.97002997002997,24,2,traffic_signs,0.6772480607032776,2445.14013671875,1263.8489990234375,2583.760498046875,1299.561767578125,2514.4503173828125,1281.7053833007812,138.620361328125,35.7127685546875
IMG_0040.mp4,122,4.070733333333333,29.97002997002997,1,1,traffic_lights,0.38466450572013855,2433.315673828125,511.8674011230469,2516.307861328125,661.5706787109375,2474.811767578125,586.7190399169922,82.9921875,149.70327758789062
IMG_0040.mp4,122,4.070733333333333,29.97002997002997,4,2,traffic_signs,0.6522117257118225,1952.0135498046875,1047.0625,2069.011962890625,1209.6207275390625,2010.5127563476562,1128.3416137695312,116.9984130859375,162.5582275390625
IMG_0040.mp4,123,4.1041,29.97002997002997,2,1,traffic_lights,0.8034376502037048,2102.988525390625,1055.825927734375,2152.742431640625,1188.71435546875,2127.865478515625,1122.2701416015625,49.75390625,132.888427734375
IMG_0040.mp4,123,4.1041,29.97002997002997,24,2,traffic_signs,0.677776038646698,2445.3095703125,1263.1505126953125,2583.855712890625,1298.750732421875,2514.5826416015625,1280.9506225585938,138.546142578125,35.6002197265625
IMG_0040.mp4,123,4.1041,29.97002997002997,1,1,traffic_lights,0.3894270062446594,2434.836669921875,509.7922668457031,2515.488037109375,662.5238037109375,2475.162353515625,586.1580352783203,80.6513671875,152.73153686523438
IMG_0040.mp4,123,4.1041,29.97002997002997,4,2,traffic_signs,0.9046575427055359,1949.1505126953125,1045.4747314453125,2068.5634765625,1209.5430908203125,2008.8569946289062,1127.5089111328125,119.4129638671875,164.068359375
IMG_0040.mp4,123,4.1041,29.97002997002997,5,1,traffic_lights,0.4807964861392975,3270.864013671875,1088.8717041015625,3374.2587890625,1177.18701171875,3322.5614013671875,1133.0293579101562,103.394775390625,88.3153076171875
IMG_0040.mp4,124,4.137466666666667,29.97002997002997,2,1,traffic_lights,0.8405512571334839,2102.98876953125,1054.5736083984375,2153.623779296875,1190.1544189453125,2128.3062744140625,1122.364013671875,50.635009765625,135.580810546875
IMG_0040.mp4,124,4.137466666666667,29.97002997002997,24,2,traffic_signs,0.5545366406440735,2445.4658203125,1262.1661376953125,2583.6376953125,1297.26904296875,2514.5517578125,1279.7175903320312,138.171875,35.1029052734375
IMG_0040.mp4,124,4.137466666666667,29.97002997002997,1,1,traffic_lights,0.5600693821907043,2435.42529296875,507.3533630371094,2515.5009765625,662.0517578125,2475.463134765625,584.7025604248047,80.07568359375,154.69839477539062
IMG_0040.mp4,124,4.137466666666667,29.97002997002997,4,2,traffic_signs,0.485836923122406,1945.719482421875,1042.646728515625,2063.81494140625,1208.624755859375,2004.7672119140625,1125.6357421875,118.095458984375,165.97802734375
IMG_0040.mp4,124,4.137466666666667,29.97002997002997,5,1,traffic_lights,0.35643723607063293,3272.313232421875,1088.811767578125,3373.531005859375,1175.9853515625,3322.922119140625,1132.3985595703125,101.2177734375,87.173583984375
IMG_0040.mp4,125,4.170833333333333,29.97002997002997,2,1,traffic_lights,0.8129410147666931,2101.20751953125,1052.7274169921875,2153.3916015625,1192.857177734375,2127.299560546875,1122.7922973632812,52.18408203125,140.1297607421875
IMG_0040.mp4,125,4.170833333333333,29.97002997002997,24,2,traffic_signs,0.3245452344417572,2446.500244140625,1261.572509765625,2582.90185546875,1296.755126953125,2514.7010498046875,1279.163818359375,136.401611328125,35.1826171875
IMG_0040.mp4,125,4.170833333333333,29.97002997002997,1,1,traffic_lights,0.7015591263771057,2437.149169921875,532.7127685546875,2516.117919921875,658.6431274414062,2476.633544921875,595.6779479980469,78.96875,125.93035888671875
IMG_0040.mp4,125,4.170833333333333,29.97002997002997,5,1,traffic_lights,0.2827810049057007,3273.6494140625,1089.0784912109375,3380.078369140625,1175.344482421875,3326.8638916015625,1132.2114868164062,106.428955078125,86.2659912109375
IMG_0040.mp4,126,4.2042,29.97002997002997,2,1,traffic_lights,0.833450973033905,2102.052490234375,1054.544189453125,2151.49658203125,1192.251220703125,2126.7745361328125,1123.397705078125,49.444091796875,137.70703125
IMG_0040.mp4,126,4.2042,29.97002997002997,5,1,traffic_lights,0.5116034150123596,3274.2568359375,1089.1236572265625,3376.428466796875,1174.383056640625,3325.3426513671875,1131.7533569335938,102.171630859375,85.2593994140625
IMG_0040.mp4,126,4.2042,29.97002997002997,6,2,traffic_signs,0.3113555908203125,1942.1806640625,1040.7567138671875,2031.336181640625,1129.1763916015625,1986.7584228515625,1084.966552734375,89.155517578125,88.419677734375
IMG_0040.mp4,126,4.2042,29.97002997002997,48,2,traffic_signs,0.5183807015419006,1970.2529296875,1102.08642578125,2064.439697265625,1205.685302734375,2017.3463134765625,1153.8858642578125,94.186767578125,103.598876953125
IMG_0040.mp4,127,4.237566666666667,29.97002997002997,2,1,traffic_lights,0.8235762715339661,2101.881103515625,1054.4056396484375,2150.765380859375,1191.933837890625,2126.3232421875,1123.1697387695312,48.88427734375,137.5281982421875
IMG_0040.mp4,127,4.237566666666667,29.97002997002997,5,1,traffic_lights,0.25013047456741333,3276.291259765625,1088.0223388671875,3372.472900390625,1172.880126953125,3324.382080078125,1130.4512329101562,96.181640625,84.8577880859375
IMG_0040.mp4,127,4.237566666666667,29.97002997002997,6,2,traffic_signs,0.25071021914482117,1941.6143798828125,1040.3714599609375,2030.5870361328125,1128.9093017578125,1986.1007080078125,1084.640380859375,88.97265625,88.537841796875
IMG_0040.mp4,127,4.237566666666667,29.97002997002997,4,2,traffic_signs,0.6173571944236755,1946.562255859375,1043.4266357421875,2065.944580078125,1209.7860107421875,2006.25341796875,1126.6063232421875,119.38232421875,166.359375
IMG_0040.mp4,127,4.237566666666667,29.97002997002997,1,1,traffic_lights,0.766191303730011,2433.31494140625,510.36328125,2515.692138671875,660.0233764648438,2474.5035400390625,585.1933288574219,82.377197265625,149.66009521484375
IMG_0040.mp4,128,4.270933333333334,29.97002997002997,2,1,traffic_lights,0.8131536841392517,2101.20849609375,1054.2818603515625,2150.52685546875,1191.171142578125,2125.86767578125,1122.7265014648438,49.318359375,136.8892822265625
IMG_0040.mp4,128,4.270933333333334,29.97002997002997,6,2,traffic_signs,0.3235337734222412,1941.114013671875,1040.130615234375,2029.43359375,1128.4791259765625,1985.2738037109375,1084.3048706054688,88.319580078125,88.3485107421875
IMG_0040.mp4,128,4.270933333333334,29.97002997002997,1,1,traffic_lights,0.5408172607421875,2435.030029296875,524.1644287109375,2516.524658203125,657.1203002929688,2475.77734375,590.6423645019531,81.49462890625,132.95587158203125
IMG_0040.mp4,129,4.3043000000000005,29.97002997002997,2,1,traffic_lights,0.8177490830421448,2100.3994140625,1053.969482421875,2150.601806640625,1191.96044921875,2125.5006103515625,1122.9649658203125,50.202392578125,137.990966796875
IMG_0040.mp4,129,4.3043000000000005,29.97002997002997,1,1,traffic_lights,0.5159643292427063,2435.253662109375,510.89935302734375,2516.17236328125,658.0460815429688,2475.7130126953125,584.4727172851562,80.918701171875,147.146728515625
IMG_0040.mp4,129,4.3043000000000005,29.97002997002997,24,2,traffic_signs,0.3039707541465759,2446.482666015625,1259.5992431640625,2584.75146484375,1294.80859375,2515.6170654296875,1277.2039184570312,138.268798828125,35.2093505859375
IMG_0040.mp4,129,4.3043000000000005,29.97002997002997,5,1,traffic_lights,0.45475682616233826,3277.744873046875,1088.8057861328125,3386.2529296875,1174.048828125,3331.9989013671875,1131.4273071289062,108.508056640625,85.2430419921875
IMG_0040.mp4,129,4.3043000000000005,29.97002997002997,4,2,traffic_signs,0.3629612922668457,1944.766357421875,1041.84326171875,2061.327392578125,1208.4591064453125,2003.046875,1125.1511840820312,116.56103515625,166.6158447265625
IMG_0040.mp4,130,4.337666666666666,29.97002997002997,2,1,traffic_lights,0.8277392387390137,2099.343994140625,1053.775634765625,2150.251953125,1192.6761474609375,2124.7979736328125,1123.2258911132812,50.907958984375,138.9005126953125
IMG_0040.mp4,130,4.337666666666666,29.97002997002997,1,1,traffic_lights,0.39543941617012024,2435.220947265625,506.1702880859375,2516.12646484375,657.9309692382812,2475.6737060546875,582.0506286621094,80.905517578125,151.76068115234375
IMG_0040.mp4,130,4.337666666666666,29.97002997002997,76,1,traffic_lights,0.4210681915283203,2435.991455078125,525.3507690429688,2517.083251953125,654.6607055664062,2476.537353515625,590.0057373046875,81.091796875,129.3099365234375
IMG_0040.mp4,130,4.337666666666666,29.97002997002997,24,2,traffic_signs,0.41058871150016785,2447.2890625,1259.4163818359375,2588.435546875,1293.902099609375,2517.8623046875,1276.6592407226562,141.146484375,34.4857177734375
IMG_0040.mp4,130,4.337666666666666,29.97002997002997,4,2,traffic_signs,0.5911272764205933,1943.3128662109375,1040.8948974609375,2060.34912109375,1208.069091796875,2001.8309936523438,1124.4819946289062,117.0362548828125,167.1741943359375
IMG_0040.mp4,130,4.337666666666666,29.97002997002997,48,2,traffic_signs,0.45289885997772217,1947.5157470703125,1049.271728515625,2063.985107421875,1207.7109375,2005.7504272460938,1128.4913330078125,116.4693603515625,158.439208984375
IMG_0040.mp4,131,4.371033333333333,29.97002997002997,2,1,traffic_lights,0.8230618238449097,2099.15185546875,1053.6923828125,2150.113037109375,1192.480712890625,2124.6324462890625,1123.0865478515625,50.961181640625,138.788330078125
IMG_0040.mp4,131,4.371033333333333,29.97002997002997,1,1,traffic_lights,0.8714075088500977,2434.90380859375,504.33392333984375,2516.09326171875,657.2184448242188,2475.49853515625,580.7761840820312,81.189453125,152.884521484375
IMG_0040.mp4,131,4.371033333333333,29.97002997002997,24,2,traffic_signs,0.5753827691078186,2446.814453125,1259.6824951171875,2590.112548828125,1293.6004638671875,2518.4635009765625,1276.6414794921875,143.298095703125,33.91796875
IMG_0040.mp4,132,4.4044,29.97002997002997,2,1,traffic_lights,0.8296613693237305,2098.990234375,1053.85986328125,2149.6962890625,1192.2503662109375,2124.34326171875,1123.0551147460938,50.7060546875,138.3905029296875
IMG_0040.mp4,132,4.4044,29.97002997002997,1,1,traffic_lights,0.8421822786331177,2435.534912109375,503.4291076660156,2515.972412109375,655.8228149414062,2475.753662109375,579.6259613037109,80.4375,152.39370727539062
IMG_0040.mp4,132,4.4044,29.97002997002997,24,2,traffic_signs,0.5022032260894775,2447.409423828125,1258.677734375,2591.192138671875,1293.4747314453125,2519.30078125,1276.0762329101562,143.78271484375,34.7969970703125
IMG_0040.mp4,132,4.4044,29.97002997002997,4,2,traffic_signs,0.8879992961883545,1942.185546875,1041.189453125,2062.505859375,1207.93896484375,2002.345703125,1124.564208984375,120.3203125,166.74951171875
IMG_0040.mp4,133,4.437766666666667,29.97002997002997,2,1,traffic_lights,0.8555960655212402,2097.990478515625,1054.2193603515625,2149.97216796875,1192.064453125,2123.9813232421875,1123.1419067382812,51.981689453125,137.8450927734375
IMG_0040.mp4,133,4.437766666666667,29.97002997002997,24,2,traffic_signs,0.6654840111732483,2446.554443359375,1257.46533203125,2592.463623046875,1293.114013671875,2519.509033203125,1275.2896728515625,145.9091796875,35.648681640625
IMG_0040.mp4,133,4.437766666666667,29.97002997002997,4,2,traffic_signs,0.7445067167282104,1957.822998046875,1080.9024658203125,2059.751220703125,1203.6820068359375,2008.787109375,1142.292236328125,101.92822265625,122.779541015625
IMG_0040.mp4,133,4.437766666666667,29.97002997002997,76,1,traffic_lights,0.7961744070053101,2434.29150390625,573.4501342773438,2515.574462890625,651.434814453125,2474.9329833984375,612.4424743652344,81.282958984375,77.98468017578125
IMG_0040.mp4,134,4.471133333333333,29.97002997002997,24,2,traffic_signs,0.4011504650115967,2447.885498046875,1256.080078125,2594.396240234375,1292.7750244140625,2521.140869140625,1274.4275512695312,146.5107421875,36.6949462890625
IMG_0040.mp4,134,4.471133333333333,29.97002997002997,6,2,traffic_signs,0.5778552889823914,1934.59521484375,1039.013916015625,2029.810302734375,1131.2205810546875,1982.2027587890625,1085.1172485351562,95.215087890625,92.2066650390625
IMG_0040.mp4,134,4.471133333333333,29.97002997002997,1,1,traffic_lights,0.3634006381034851,2433.978515625,502.1050109863281,2515.853759765625,654.0277709960938,2474.9161376953125,578.0663909912109,81.875244140625,151.92276000976562
IMG_0040.mp4,135,4.5045,29.97002997002997,24,2,traffic_signs,0.5018419623374939,2451.15234375,1256.0421142578125,2590.882080078125,1292.4815673828125,2521.0172119140625,1274.2618408203125,139.729736328125,36.439453125
IMG_0040.mp4,135,4.5045,29.97002997002997,1,1,traffic_lights,0.49569836258888245,2435.08447265625,532.1868896484375,2516.035888671875,652.0900268554688,2475.5601806640625,592.1384582519531,80.951416015625,119.90313720703125
IMG_0040.mp4,135,4.5045,29.97002997002997,55,2,traffic_signs,0.7070176601409912,2265.3447265625,1784.1739501953125,2392.449951171875,1824.8836669921875,2328.8973388671875,1804.52880859375,127.105224609375,40.709716796875
IMG_0040.mp4,135,4.5045,29.97002997002997,2,1,traffic_lights,0.795279324054718,2094.477294921875,1052.1324462890625,2150.034423828125,1188.128173828125,2122.255859375,1120.1303100585938,55.55712890625,135.9957275390625
IMG_0040.mp4,135,4.5045,29.97002997002997,4,2,traffic_signs,0.6402484178543091,1946.648681640625,1049.526611328125,2062.899169921875,1208.235107421875,2004.77392578125,1128.880859375,116.25048828125,158.70849609375
IMG_0040.mp4,136,4.537866666666667,29.97002997002997,24,2,traffic_signs,0.4380584955215454,2449.83642578125,1256.0421142578125,2590.83837890625,1293.419189453125,2520.33740234375,1274.7306518554688,141.001953125,37.3770751953125
IMG_0040.mp4,136,4.537866666666667,29.97002997002997,1,1,traffic_lights,0.43117761611938477,2435.181640625,511.2700500488281,2515.691650390625,652.2247314453125,2475.4366455078125,581.7473907470703,80.510009765625,140.95468139648438
IMG_0040.mp4,136,4.537866666666667,29.97002997002997,55,2,traffic_signs,0.680979311466217,2266.205810546875,1783.8363037109375,2389.81982421875,1824.99658203125,2328.0128173828125,1804.4164428710938,123.614013671875,41.1602783203125
IMG_0040.mp4,136,4.537866666666667,29.97002997002997,2,1,traffic_lights,0.8081831336021423,2096.3701171875,1051.7845458984375,2149.691650390625,1186.3734130859375,2123.0308837890625,1119.0789794921875,53.321533203125,134.5888671875
IMG_0040.mp4,136,4.537866666666667,29.97002997002997,4,2,traffic_signs,0.4150314927101135,1944.90576171875,1043.483642578125,2060.501220703125,1208.564208984375,2002.7034912109375,1126.02392578125,115.595458984375,165.08056640625
IMG_0040.mp4,137,4.571233333333334,29.97002997002997,24,2,traffic_signs,0.42598047852516174,2446.849853515625,1254.8233642578125,2591.9677734375,1293.5745849609375,2519.4088134765625,1274.198974609375,145.117919921875,38.751220703125
IMG_0040.mp4,137,4.571233333333334,29.97002997002997,1,1,traffic_lights,0.6675879955291748,2432.51953125,502.6133117675781,2515.552978515625,653.1264038085938,2474.0362548828125,577.8698577880859,83.033447265625,150.51309204101562
IMG_0040.mp4,137,4.571233333333334,29.97002997002997,2,1,traffic_lights,0.8164621591567993,2096.155029296875,1050.8675537109375,2149.7060546875,1187.38818359375,2122.9305419921875,1119.1278686523438,53.551025390625,136.5206298828125
IMG_0040.mp4,137,4.571233333333334,29.97002997002997,4,2,traffic_signs,0.5630074143409729,1943.1446533203125,1039.1502685546875,2058.927978515625,1208.74462890625,2001.0363159179688,1123.9474487304688,115.7833251953125,169.5943603515625
IMG_0040.mp4,138,4.6046000000000005,29.97002997002997,24,2,traffic_signs,0.4539449214935303,2445.548583984375,1254.3665771484375,2592.49951171875,1293.625,2519.0240478515625,1273.9957885742188,146.950927734375,39.2584228515625
IMG_0040.mp4,138,4.6046000000000005,29.97002997002997,1,1,traffic_lights,0.7965465188026428,2431.528564453125,498.6397705078125,2515.72998046875,653.5244140625,2473.6292724609375,576.0820922851562,84.201416015625,154.8846435546875
IMG_0040.mp4,138,4.6046000000000005,29.97002997002997,2,1,traffic_lights,0.8240474462509155,2095.748046875,1050.30615234375,2149.683349609375,1187.791259765625,2122.7156982421875,1119.0487060546875,53.935302734375,137.485107421875
IMG_0040.mp4,138,4.6046000000000005,29.97002997002997,4,2,traffic_signs,0.5315572619438171,1943.6962890625,1038.093994140625,2056.13818359375,1208.048583984375,1999.917236328125,1123.0712890625,112.44189453125,169.95458984375
IMG_0040.mp4,138,4.6046000000000005,29.97002997002997,83,2,traffic_signs,0.31935176253318787,1963.33203125,1092.884765625,2056.132568359375,1203.9923095703125,2009.7322998046875,1148.4385375976562,92.800537109375,111.1075439453125
IMG_0040.mp4,138,4.6046000000000005,29.97002997002997,6,2,traffic_signs,0.2546394467353821,1934.889892578125,1039.22314453125,2024.83935546875,1129.5196533203125,1979.8646240234375,1084.3713989257812,89.949462890625,90.2965087890625
IMG_0040.mp4,139,4.637966666666666,29.97002997002997,24,2,traffic_signs,0.5073222517967224,2444.770263671875,1254.239990234375,2592.571533203125,1293.707763671875,2518.6708984375,1273.973876953125,147.80126953125,39.4677734375
IMG_0040.mp4,139,4.637966666666666,29.97002997002997,1,1,traffic_lights,0.4687923192977905,2431.513671875,496.72125244140625,2516.331787109375,653.3609619140625,2473.9227294921875,575.0411071777344,84.818115234375,156.63970947265625
IMG_0040.mp4,139,4.637966666666666,29.97002997002997,2,1,traffic_lights,0.8183004260063171,2096.01416015625,1050.1944580078125,2149.425048828125,1188.8448486328125,2122.7196044921875,1119.5196533203125,53.410888671875,138.650390625
IMG_0040.mp4,139,4.637966666666666,29.97002997002997,4,2,traffic_signs,0.5884649753570557,1942.982177734375,1037.0858154296875,2057.28955078125,1208.2484130859375,2000.1358642578125,1122.6671142578125,114.307373046875,171.16259765625
IMG_0040.mp4,139,4.637966666666666,29.97002997002997,83,2,traffic_signs,0.26714155077934265,1962.571533203125,1090.309814453125,2057.731689453125,1204.2462158203125,2010.151611328125,1147.2780151367188,95.16015625,113.9364013671875
IMG_0040.mp4,140,4.671333333333333,29.97002997002997,24,2,traffic_signs,0.40876057744026184,2445.021484375,1254.38232421875,2592.63916015625,1293.8731689453125,2518.830322265625,1274.1277465820312,147.61767578125,39.4908447265625
IMG_0040.mp4,140,4.671333333333333,29.97002997002997,1,1,traffic_lights,0.6512435078620911,2431.0576171875,496.4229736328125,2515.59033203125,652.8529663085938,2473.323974609375,574.6379699707031,84.53271484375,156.42999267578125
IMG_0040.mp4,140,4.671333333333333,29.97002997002997,2,1,traffic_lights,0.8238078355789185,2095.617431640625,1050.0372314453125,2149.466064453125,1188.13037109375,2122.541748046875,1119.0838012695312,53.8486328125,138.0931396484375
IMG_0040.mp4,140,4.671333333333333,29.97002997002997,4,2,traffic_signs,0.5273449420928955,1943.73876953125,1037.3897705078125,2056.99169921875,1208.0087890625,2000.365234375,1122.6992797851562,113.2529296875,170.6190185546875
IMG_0040.mp4,140,4.671333333333333,29.97002997002997,83,2,traffic_signs,0.29542261362075806,1962.9248046875,1091.7431640625,2057.178466796875,1204.04736328125,2010.0516357421875,1147.895263671875,94.253662109375,112.30419921875
IMG_0040.mp4,141,4.7047,29.97002997002997,24,2,traffic_signs,0.5558706521987915,2441.815673828125,1254.00146484375,2592.412841796875,1293.7734375,2517.1142578125,1273.887451171875,150.59716796875,39.77197265625
IMG_0040.mp4,141,4.7047,29.97002997002997,1,1,traffic_lights,0.7786149978637695,2431.022705078125,496.4937438964844,2515.29638671875,652.88818359375,2473.1595458984375,574.6909637451172,84.273681640625,156.39443969726562
IMG_0040.mp4,141,4.7047,29.97002997002997,2,1,traffic_lights,0.8276338577270508,2095.125244140625,1049.8446044921875,2149.305908203125,1188.75439453125,2122.215576171875,1119.2994995117188,54.1806640625,138.9097900390625
IMG_0040.mp4,141,4.7047,29.97002997002997,4,2,traffic_signs,0.6625210046768188,1942.13232421875,1036.436279296875,2059.09326171875,1208.1207275390625,2000.61279296875,1122.2785034179688,116.9609375,171.6844482421875
IMG_0040.mp4,142,4.738066666666667,29.97002997002997,24,2,traffic_signs,0.5139369964599609,2442.170654296875,1254.109130859375,2592.40380859375,1293.7354736328125,2517.2872314453125,1273.9223022460938,150.233154296875,39.6263427734375
IMG_0040.mp4,142,4.738066666666667,29.97002997002997,1,1,traffic_lights,0.7886534929275513,2431.01953125,495.9012451171875,2515.5673828125,652.8580932617188,2473.29345703125,574.3796691894531,84.5478515625,156.95684814453125
IMG_0040.mp4,142,4.738066666666667,29.97002997002997,2,1,traffic_lights,0.8312182426452637,2095.896484375,1050.2705078125,2148.516845703125,1188.447509765625,2122.2066650390625,1119.3590087890625,52.620361328125,138.177001953125
IMG_0040.mp4,142,4.738066666666667,29.97002997002997,4,2,traffic_signs,0.6760132312774658,1941.6455078125,1036.17724609375,2058.9609375,1208.2216796875,2000.30322265625,1122.199462890625,117.3154296875,172.04443359375
IMG_0040.mp4,143,4.771433333333333,29.97002997002997,24,2,traffic_signs,0.5063303709030151,2442.6767578125,1252.8424072265625,2591.5068359375,1293.2584228515625,2517.091796875,1273.0504150390625,148.830078125,40.416015625
IMG_0040.mp4,143,4.771433333333333,29.97002997002997,1,1,traffic_lights,0.8704196214675903,2430.76806640625,495.21917724609375,2515.8076171875,652.6058349609375,2473.287841796875,573.9125061035156,85.03955078125,157.38665771484375
IMG_0040.mp4,143,4.771433333333333,29.97002997002997,2,1,traffic_lights,0.8498784303665161,2095.484375,1050.282958984375,2148.552490234375,1189.1258544921875,2122.0184326171875,1119.7044067382812,53.068115234375,138.8428955078125
IMG_0040.mp4,143,4.771433333333333,29.97002997002997,4,2,traffic_signs,0.7796549201011658,1939.5478515625,1035.1217041015625,2058.921630859375,1208.0220947265625,1999.2347412109375,1121.5718994140625,119.373779296875,172.900390625
IMG_0040.mp4,143,4.771433333333333,29.97002997002997,5,1,traffic_lights,0.2613673806190491,3282.902587890625,1082.60888671875,3380.174560546875,1173.586669921875,3331.53857421875,1128.0977783203125,97.27197265625,90.977783203125
IMG_0040.mp4,144,4.8048,29.97002997002997,24,2,traffic_signs,0.48037654161453247,2442.959716796875,1253.56982421875,2591.847412109375,1293.6064453125,2517.403564453125,1273.588134765625,148.8876953125,40.03662109375
IMG_0040.mp4,144,4.8048,29.97002997002997,1,1,traffic_lights,0.8066000938415527,2430.892822265625,495.8585510253906,2515.6943359375,652.8472900390625,2473.2935791015625,574.3529205322266,84.801513671875,156.98873901367188
IMG_0040.mp4,144,4.8048,29.97002997002997,2,1,traffic_lights,0.8249127864837646,2095.335693359375,1050.697021484375,2148.694091796875,1188.498779296875,2122.014892578125,1119.597900390625,53.3583984375,137.8017578125
IMG_0040.mp4,144,4.8048,29.97002997002997,4,2,traffic_signs,0.7502117156982422,1939.93212890625,1035.3355712890625,2057.87744140625,1208.3822021484375,1998.90478515625,1121.85888671875,117.9453125,173.046630859375
IMG_0040.mp4,145,4.838166666666667,29.97002997002997,24,2,traffic_signs,0.4306184649467468,2444.3935546875,1253.9483642578125,2591.041748046875,1293.2418212890625,2517.7176513671875,1273.5950927734375,146.648193359375,39.29345703125
IMG_0040.mp4,145,4.838166666666667,29.97002997002997,1,1,traffic_lights,0.8537582755088806,2430.72119140625,495.8561706542969,2515.739013671875,652.89892578125,2473.2301025390625,574.3775482177734,85.017822265625,157.04275512695312
IMG_0040.mp4,145,4.838166666666667,29.97002997002997,2,1,traffic_lights,0.8466161489486694,2094.9404296875,1050.456298828125,2148.784912109375,1188.6181640625,2121.8626708984375,1119.5372314453125,53.844482421875,138.161865234375
IMG_0040.mp4,145,4.838166666666667,29.97002997002997,4,2,traffic_signs,0.7294386625289917,1939.8551025390625,1035.1162109375,2058.024169921875,1208.810791015625,1998.9396362304688,1121.9635009765625,118.1690673828125,173.694580078125
IMG_0040.mp4,145,4.838166666666667,29.97002997002997,83,2,traffic_signs,0.25674453377723694,1960.9307861328125,1086.3057861328125,2056.8662109375,1205.4033203125,2008.8984985351562,1145.8545532226562,95.9354248046875,119.0975341796875
IMG_0040.mp4,146,4.871533333333334,29.97002997002997,24,2,traffic_signs,0.5220334529876709,2445.23974609375,1254.2701416015625,2591.732666015625,1293.3853759765625,2518.4862060546875,1273.8277587890625,146.492919921875,39.115234375
IMG_0040.mp4,146,4.871533333333334,29.97002997002997,1,1,traffic_lights,0.4920337200164795,2430.71923828125,496.0706481933594,2515.618408203125,652.6053466796875,2473.1688232421875,574.3379974365234,84.899169921875,156.53469848632812
IMG_0040.mp4,146,4.871533333333334,29.97002997002997,2,1,traffic_lights,0.8460203409194946,2095.110107421875,1050.7047119140625,2149.06689453125,1188.9552001953125,2122.0885009765625,1119.8299560546875,53.956787109375,138.25048828125
IMG_0040.mp4,146,4.871533333333334,29.97002997002997,4,2,traffic_signs,0.7759730815887451,1939.83154296875,1035.41796875,2056.9697265625,1208.779052734375,1998.400634765625,1122.0985107421875,117.13818359375,173.361083984375
IMG_0040.mp4,147,4.9049000000000005,29.97002997002997,24,2,traffic_signs,0.3860367238521576,2445.58056640625,1253.77685546875,2591.077880859375,1293.459716796875,2518.3292236328125,1273.6182861328125,145.497314453125,39.682861328125
IMG_0040.mp4,147,4.9049000000000005,29.97002997002997,1,1,traffic_lights,0.7971430420875549,2430.908203125,496.6856384277344,2515.834716796875,652.8291625976562,2473.3714599609375,574.7574005126953,84.926513671875,156.14352416992188
IMG_0040.mp4,147,4.9049000000000005,29.97002997002997,2,1,traffic_lights,0.8088099360466003,2095.40576171875,1050.81103515625,2149.47900390625,1184.2445068359375,2122.4423828125,1117.5277709960938,54.0732421875,133.4334716796875
IMG_0040.mp4,147,4.9049000000000005,29.97002997002997,4,2,traffic_signs,0.7118919491767883,1940.1658935546875,1035.6395263671875,2056.56201171875,1208.1343994140625,1998.3639526367188,1121.886962890625,116.3961181640625,172.494873046875
IMG_0040.mp4,147,4.9049000000000005,29.97002997002997,55,2,traffic_signs,0.6007379293441772,2261.559326171875,1797.0738525390625,2386.75244140625,1827.7884521484375,2324.1558837890625,1812.43115234375,125.193115234375,30.714599609375
IMG_0040.mp4,148,4.938266666666666,29.97002997002997,1,1,traffic_lights,0.5296109914779663,2430.998046875,497.84710693359375,2515.404541015625,652.8193359375,2473.2012939453125,575.3332214355469,84.406494140625,154.97222900390625
IMG_0040.mp4,148,4.938266666666666,29.97002997002997,2,1,traffic_lights,0.8394410014152527,2095.5009765625,1050.6187744140625,2148.747314453125,1185.6719970703125,2122.1241455078125,1118.1453857421875,53.246337890625,135.05322265625
IMG_0040.mp4,148,4.938266666666666,29.97002997002997,4,2,traffic_signs,0.602764904499054,1941.9632568359375,1036.94580078125,2056.570068359375,1208.4893798828125,1999.2666625976562,1122.7175903320312,114.6068115234375,171.5435791015625
IMG_0040.mp4,148,4.938266666666666,29.97002997002997,55,2,traffic_signs,0.6308821439743042,2263.8544921875,1789.2535400390625,2387.323486328125,1827.5928955078125,2325.5889892578125,1808.4232177734375,123.468994140625,38.33935546875
IMG_0040.mp4,148,4.938266666666666,29.97002997002997,83,2,traffic_signs,0.32804393768310547,1960.46240234375,1088.208740234375,2055.12744140625,1205.1812744140625,2007.794921875,1146.6950073242188,94.6650390625,116.9725341796875
IMG_0040.mp4,149,4.971633333333333,29.97002997002997,1,1,traffic_lights,0.35833486914634705,2431.191162109375,498.2611999511719,2515.741943359375,652.3367309570312,2473.466552734375,575.2989654541016,84.55078125,154.07553100585938
IMG_0040.mp4,149,4.971633333333333,29.97002997002997,2,1,traffic_lights,0.8650529384613037,2094.369873046875,1051.0689697265625,2149.396484375,1188.4140625,2121.8831787109375,1119.7415161132812,55.026611328125,137.3450927734375
IMG_0040.mp4,149,4.971633333333333,29.97002997002997,4,2,traffic_signs,0.6982641816139221,1940.2039794921875,1036.728515625,2059.03125,1208.3505859375,1999.6176147460938,1122.53955078125,118.8272705078125,171.6220703125
IMG_0040.mp4,149,4.971633333333333,29.97002997002997,55,2,traffic_signs,0.3802284002304077,2265.464599609375,1788.521484375,2389.347900390625,1828.373779296875,2327.40625,1808.4476318359375,123.88330078125,39.852294921875
IMG_0040.mp4,149,4.971633333333333,29.97002997002997,5,1,traffic_lights,0.4806974530220032,3282.057373046875,1085.589111328125,3377.397705078125,1173.9595947265625,3329.7275390625,1129.7743530273438,95.34033203125,88.3704833984375
IMG_0040.mp4,150,5.005,29.97002997002997,1,1,traffic_lights,0.503007173538208,2431.0380859375,497.5810241699219,2515.287109375,652.3821411132812,2473.16259765625,574.9815826416016,84.2490234375,154.80111694335938
IMG_0040.mp4,150,5.005,29.97002997002997,2,1,traffic_lights,0.7499412298202515,2093.288818359375,1050.9302978515625,2149.111572265625,1186.4666748046875,2121.2001953125,1118.698486328125,55.82275390625,135.536376953125
IMG_0040.mp4,150,5.005,29.97002997002997,4,2,traffic_signs,0.46022430062294006,1938.849853515625,1038.5252685546875,2058.8857421875,1213.1494140625,1998.8677978515625,1125.8373413085938,120.035888671875,174.6241455078125
IMG_0040.mp4,151,5.038366666666667,29.97002997002997,1,1,traffic_lights,0.9209914207458496,2429.964111328125,497.2144775390625,2516.35498046875,652.8015747070312,2473.1595458984375,575.0080261230469,86.390869140625,155.58709716796875
IMG_0040.mp4,151,5.038366666666667,29.97002997002997,24,2,traffic_signs,0.7116826176643372,2444.368408203125,1252.607421875,2589.955322265625,1293.8428955078125,2517.161865234375,1273.2251586914062,145.5869140625,41.2354736328125
IMG_0040.mp4,152,5.071733333333333,29.97002997002997,1,1,traffic_lights,0.4138321876525879,2434.6748046875,538.9466552734375,2514.703369140625,649.194091796875,2474.6890869140625,594.0703735351562,80.028564453125,110.2474365234375
IMG_0040.mp4,152,5.071733333333333,29.97002997002997,24,2,traffic_signs,0.7231671810150146,2442.752197265625,1252.9510498046875,2590.45263671875,1293.9012451171875,2516.6024169921875,1273.4261474609375,147.700439453125,40.9501953125
IMG_0040.mp4,152,5.071733333333333,29.97002997002997,83,2,traffic_signs,0.857928454875946,1962.7757568359375,1098.448486328125,2058.908447265625,1202.2489013671875,2010.8421020507812,1150.3486938476562,96.1326904296875,103.8004150390625
IMG_0040.mp4,152,5.071733333333333,29.97002997002997,2,1,traffic_lights,0.8203752636909485,2095.538818359375,1050.5743408203125,2149.52880859375,1188.87841796875,2122.5338134765625,1119.7263793945312,53.989990234375,138.3040771484375
IMG_0040.mp4,153,5.1051,29.97002997002997,1,1,traffic_lights,0.4840632975101471,2432.278564453125,509.9916076660156,2514.40185546875,651.0274658203125,2473.3402099609375,580.5095367431641,82.123291015625,141.03585815429688
IMG_0040.mp4,153,5.1051,29.97002997002997,24,2,traffic_signs,0.6010944843292236,2445.45947265625,1253.84814453125,2590.64404296875,1293.2874755859375,2518.0517578125,1273.5678100585938,145.1845703125,39.4393310546875
IMG_0040.mp4,153,5.1051,29.97002997002997,83,2,traffic_signs,0.6008490920066833,1962.7041015625,1100.58203125,2057.8486328125,1203.077392578125,2010.2763671875,1151.8297119140625,95.14453125,102.495361328125
IMG_0040.mp4,153,5.1051,29.97002997002997,2,1,traffic_lights,0.8233340382575989,2096.554443359375,1049.8565673828125,2149.51806640625,1187.92724609375,2123.0362548828125,1118.8919067382812,52.963623046875,138.0706787109375
IMG_0040.mp4,153,5.1051,29.97002997002997,6,2,traffic_signs,0.4417750835418701,1934.2000732421875,1038.16357421875,2025.0723876953125,1128.097412109375,1979.63623046875,1083.1304931640625,90.872314453125,89.933837890625
IMG_0040.mp4,154,5.138466666666667,29.97002997002997,1,1,traffic_lights,0.5691820979118347,2431.3974609375,503.1680603027344,2514.43212890625,651.8889770507812,2472.914794921875,577.5285186767578,83.03466796875,148.72091674804688
IMG_0040.mp4,154,5.138466666666667,29.97002997002997,24,2,traffic_signs,0.4714680314064026,2447.923583984375,1254.2740478515625,2590.550048828125,1292.5218505859375,2519.23681640625,1273.39794921875,142.62646484375,38.247802734375
IMG_0040.mp4,154,5.138466666666667,29.97002997002997,83,2,traffic_signs,0.6717719435691833,1963.258056640625,1101.6513671875,2057.124755859375,1203.27783203125,2010.19140625,1152.464599609375,93.86669921875,101.62646484375
IMG_0040.mp4,154,5.138466666666667,29.97002997002997,2,1,traffic_lights,0.8332542777061462,2097.1005859375,1050.2232666015625,2148.6865234375,1187.0328369140625,2122.8935546875,1118.6280517578125,51.5859375,136.8095703125
IMG_0040.mp4,154,5.138466666666667,29.97002997002997,6,2,traffic_signs,0.4431110918521881,1935.010009765625,1037.9202880859375,2024.523193359375,1128.222900390625,1979.7666015625,1083.0715942382812,89.51318359375,90.3026123046875
IMG_0040.mp4,155,5.171833333333334,29.97002997002997,1,1,traffic_lights,0.5301331877708435,2431.040283203125,499.8143310546875,2514.585693359375,652.0176391601562,2472.81298828125,575.9159851074219,83.54541015625,152.20330810546875
IMG_0040.mp4,155,5.171833333333334,29.97002997002997,24,2,traffic_signs,0.5682775378227234,2447.07275390625,1254.0435791015625,2590.84912109375,1292.7030029296875,2518.9609375,1273.373291015625,143.7763671875,38.659423828125
IMG_0040.mp4,155,5.171833333333334,29.97002997002997,83,2,traffic_signs,0.7319207191467285,1962.8048095703125,1101.011474609375,2056.643798828125,1203.193603515625,2009.7243041992188,1152.1025390625,93.8389892578125,102.18212890625
IMG_0040.mp4,155,5.171833333333334,29.97002997002997,2,1,traffic_lights,0.801671028137207,2096.6630859375,1050.113037109375,2148.771728515625,1187.2279052734375,2122.7174072265625,1118.6704711914062,52.108642578125,137.1148681640625
IMG_0040.mp4,155,5.171833333333334,29.97002997002997,6,2,traffic_signs,0.38625022768974304,1935.6343994140625,1038.069091796875,2024.6226806640625,1127.65771484375,1980.1285400390625,1082.8634033203125,88.98828125,89.588623046875
IMG_0040.mp4,156,5.2052000000000005,29.97002997002997,1,1,traffic_lights,0.8607411980628967,2430.8046875,497.972900390625,2514.367431640625,652.8565063476562,2472.5860595703125,575.4147033691406,83.562744140625,154.88360595703125
IMG_0040.mp4,156,5.2052000000000005,29.97002997002997,83,2,traffic_signs,0.6945688128471375,1963.634765625,1103.5621337890625,2054.215576171875,1203.1790771484375,2008.9251708984375,1153.37060546875,90.580810546875,99.616943359375
IMG_0040.mp4,156,5.2052000000000005,29.97002997002997,2,1,traffic_lights,0.7700619101524353,2097.209716796875,1049.5245361328125,2148.30224609375,1186.2451171875,2122.7559814453125,1117.8848266601562,51.092529296875,136.7205810546875
IMG_0040.mp4,156,5.2052000000000005,29.97002997002997,6,2,traffic_signs,0.5125143527984619,1935.3922119140625,1037.7373046875,2024.3369140625,1127.6661376953125,1979.8645629882812,1082.7017211914062,88.9447021484375,89.9288330078125
IMG_0040.mp4,157,5.238566666666666,29.97002997002997,1,1,traffic_lights,0.8905750513076782,2430.00341796875,496.0908203125,2512.490478515625,653.4367065429688,2471.2469482421875,574.7637634277344,82.487060546875,157.34588623046875
IMG_0040.mp4,157,5.238566666666666,29.97002997002997,83,2,traffic_signs,0.609932005405426,1963.090576171875,1104.9215087890625,2052.709716796875,1202.33935546875,2007.900146484375,1153.6304321289062,89.619140625,97.4178466796875
IMG_0040.mp4,157,5.238566666666666,29.97002997002997,2,1,traffic_lights,0.8280498385429382,2097.265869140625,1050.1456298828125,2146.9482421875,1187.1910400390625,2122.1070556640625,1118.6683349609375,49.682373046875,137.04541015625
IMG_0040.mp4,157,5.238566666666666,29.97002997002997,6,2,traffic_signs,0.510492205619812,1935.0723876953125,1037.9388427734375,2022.6053466796875,1127.1572265625,1978.8388671875,1082.5480346679688,87.532958984375,89.2183837890625
IMG_0040.mp4,158,5.271933333333333,29.97002997002997,1,1,traffic_lights,0.2758915424346924,2429.63037109375,496.21246337890625,2513.88525390625,653.0443725585938,2471.7578125,574.62841796875,84.2548828125,156.8319091796875
IMG_0040.mp4,158,5.271933333333333,29.97002997002997,83,2,traffic_signs,0.5101470947265625,1962.6097412109375,1099.501708984375,2056.233642578125,1201.52294921875,2009.4216918945312,1150.5123291015625,93.6239013671875,102.021240234375
IMG_0040.mp4,158,5.271933333333333,29.97002997002997,2,1,traffic_lights,0.5034748911857605,2097.116455078125,1050.08642578125,2147.322265625,1189.1873779296875,2122.2193603515625,1119.6369018554688,50.205810546875,139.1009521484375
IMG_0040.mp4,158,5.271933333333333,29.97002997002997,6,2,traffic_signs,0.3857455253601074,1935.0504150390625,1039.398681640625,2025.80517578125,1124.6473388671875,1980.4277954101562,1082.0230102539062,90.7547607421875,85.2486572265625
IMG_0043.mp4,56,1.8685333333333334,29.97002997002997,2,1,traffic_lights,0.5437501668930054,1321.8692626953125,1384.77978515625,1359.139892578125,1419.629638671875,1340.5045776367188,1402.2047119140625,37.2706298828125,34.849853515625
IMG_0043.mp4,58,1.9352666666666667,29.97002997002997,2,1,traffic_lights,0.6900699734687805,1303.8543701171875,1377.73486328125,1351.2882080078125,1418.5960693359375,1327.5712890625,1398.1654663085938,47.433837890625,40.8612060546875
IMG_0043.mp4,60,2.0020000000000002,29.97002997002997,2,1,traffic_lights,0.6172839999198914,1294.584716796875,1377.4862060546875,1341.262939453125,1414.492431640625,1317.923828125,1395.9893188476562,46.67822265625,37.0062255859375
IMG_0043.mp4,61,2.0353666666666665,29.97002997002997,2,1,traffic_lights,0.5984364151954651,1289.4757080078125,1377.35986328125,1330.85107421875,1415.0115966796875,1310.1633911132812,1396.1857299804688,41.3753662109375,37.6517333984375
IMG_0043.mp4,62,2.0687333333333333,29.97002997002997,2,1,traffic_lights,0.6802954077720642,1286.189453125,1378.7679443359375,1322.248291015625,1414.6737060546875,1304.2188720703125,1396.7208251953125,36.058837890625,35.90576171875
IMG_0043.mp4,63,2.1021,29.97002997002997,2,1,traffic_lights,0.5925788879394531,1281.024169921875,1376.675537109375,1320.66455078125,1414.1409912109375,1300.8443603515625,1395.4082641601562,39.640380859375,37.4654541015625
IMG_0043.mp4,64,2.135466666666667,29.97002997002997,2,1,traffic_lights,0.4471113383769989,1279.2969970703125,1374.8363037109375,1316.2890625,1415.00341796875,1297.7930297851562,1394.9198608398438,36.9920654296875,40.1671142578125
IMG_0043.mp4,159,5.3053,29.97002997002997,6,1,traffic_lights,0.5570327043533325,1507.1793212890625,1311.543212890625,1549.6605224609375,1346.2557373046875,1528.419921875,1328.8994750976562,42.481201171875,34.7125244140625
IMG_0043.mp4,160,5.338666666666667,29.97002997002997,6,1,traffic_lights,0.40765485167503357,1502.0869140625,1311.6688232421875,1544.86328125,1346.0599365234375,1523.47509765625,1328.8643798828125,42.7763671875,34.39111328125
IMG_0043.mp4,170,5.6723333333333334,29.97002997002997,8,1,traffic_lights,0.5104192495346069,1092.0806884765625,1057.126220703125,1139.2381591796875,1097.5474853515625,1115.659423828125,1077.3368530273438,47.157470703125,40.4212646484375
IMG_0043.mp4,261,8.7087,29.97002997002997,14,1,traffic_lights,0.4151945114135742,2714.924072265625,1413.00390625,2734.525146484375,1435.6556396484375,2724.724609375,1424.3297729492188,19.60107421875,22.6517333984375
IMG_0043.mp4,262,8.742066666666666,29.97002997002997,14,1,traffic_lights,0.566385805606842,2714.544921875,1413.97412109375,2735.360107421875,1435.599853515625,2724.9525146484375,1424.7869873046875,20.815185546875,21.625732421875
IMG_0043.mp4,262,8.742066666666666,29.97002997002997,15,2,traffic_signs,0.6331207752227783,3360.072998046875,1397.6353759765625,3422.00341796875,1453.784423828125,3391.0382080078125,1425.7098999023438,61.930419921875,56.1490478515625
IMG_0043.mp4,264,8.8088,29.97002997002997,14,1,traffic_lights,0.4544319212436676,2715.089599609375,1411.865966796875,2734.975341796875,1435.51220703125,2725.032470703125,1423.6890869140625,19.8857421875,23.646240234375
IMG_0043.mp4,265,8.842166666666667,29.97002997002997,14,1,traffic_lights,0.4326742887496948,2716.064697265625,1410.7349853515625,2735.893310546875,1435.36767578125,2725.97900390625,1423.0513305664062,19.82861328125,24.6326904296875
IMG_0043.mp4,266,8.875533333333333,29.97002997002997,14,1,traffic_lights,0.38605841994285583,2715.79150390625,1410.157958984375,2736.107421875,1434.94482421875,2725.949462890625,1422.5513916015625,20.31591796875,24.786865234375
IMG_0043.mp4,269,8.975633333333333,29.97002997002997,14,1,traffic_lights,0.44428521394729614,2716.12109375,1410.611328125,2736.961181640625,1434.0985107421875,2726.5411376953125,1422.3549194335938,20.840087890625,23.4871826171875
IMG_0043.mp4,271,9.042366666666666,29.97002997002997,14,1,traffic_lights,0.3595485985279083,2716.792236328125,1411.428955078125,2737.2919921875,1432.0440673828125,2727.0421142578125,1421.7365112304688,20.499755859375,20.6151123046875
IMG_0043.mp4,272,9.075733333333334,29.97002997002997,14,1,traffic_lights,0.4996902346611023,2716.303466796875,1410.7410888671875,2737.08056640625,1432.349609375,2726.6920166015625,1421.5453491210938,20.777099609375,21.6085205078125
IMG_0043.mp4,273,9.1091,29.97002997002997,14,1,traffic_lights,0.512160062789917,2716.345458984375,1410.4046630859375,2737.176513671875,1433.011474609375,2726.760986328125,1421.7080688476562,20.8310546875,22.6068115234375
IMG_0043.mp4,274,9.142466666666667,29.97002997002997,14,1,traffic_lights,0.389126181602478,2717.365966796875,1410.5679931640625,2737.874267578125,1432.753662109375,2727.6201171875,1421.6608276367188,20.50830078125,22.1856689453125
IMG_0043.mp4,275,9.175833333333333,29.97002997002997,14,1,traffic_lights,0.4659481942653656,2716.68603515625,1409.92041015625,2737.995849609375,1432.2518310546875,2727.3409423828125,1421.0861206054688,21.309814453125,22.3314208984375
IMG_0043.mp4,275,9.175833333333333,29.97002997002997,17,1,traffic_lights,0.33291301131248474,2836.87255859375,1494.9471435546875,2848.951904296875,1514.6029052734375,2842.9122314453125,1504.7750244140625,12.079345703125,19.65576171875
IMG_0043.mp4,276,9.209200000000001,29.97002997002997,14,1,traffic_lights,0.5196239352226257,2717.728759765625,1409.389892578125,2740.15185546875,1432.095703125,2728.9403076171875,1420.7427978515625,22.423095703125,22.705810546875
IMG_0043.mp4,276,9.209200000000001,29.97002997002997,17,1,traffic_lights,0.344692200422287,2837.53662109375,1493.714599609375,2849.733642578125,1513.7840576171875,2843.6351318359375,1503.7493286132812,12.197021484375,20.0694580078125
IMG_0043.mp4,277,9.242566666666667,29.97002997002997,14,1,traffic_lights,0.3750481605529785,2719.921875,1409.0218505859375,2742.4091796875,1430.982177734375,2731.16552734375,1420.0020141601562,22.4873046875,21.9603271484375
IMG_0043.mp4,277,9.242566666666667,29.97002997002997,17,1,traffic_lights,0.34887516498565674,2838.52392578125,1493.409423828125,2850.47900390625,1514.5772705078125,2844.50146484375,1503.9933471679688,11.955078125,21.1678466796875
IMG_0043.mp4,278,9.275933333333333,29.97002997002997,14,1,traffic_lights,0.46556732058525085,2719.654296875,1408.1966552734375,2742.652099609375,1430.92724609375,2731.1531982421875,1419.5619506835938,22.997802734375,22.7305908203125
IMG_0043.mp4,278,9.275933333333333,29.97002997002997,17,1,traffic_lights,0.29636749625205994,2839.140625,1493.257080078125,2850.97119140625,1514.90869140625,2845.055908203125,1504.0828857421875,11.83056640625,21.651611328125
IMG_0043.mp4,279,9.3093,29.97002997002997,14,1,traffic_lights,0.411744087934494,2720.60302734375,1407.53515625,2743.6806640625,1430.91455078125,2732.141845703125,1419.224853515625,23.07763671875,23.37939453125
IMG_0043.mp4,279,9.3093,29.97002997002997,17,1,traffic_lights,0.277645081281662,2840.1064453125,1493.2242431640625,2852.0,1515.202880859375,2846.05322265625,1504.2135620117188,11.8935546875,21.9786376953125
IMG_0043.mp4,280,9.342666666666666,29.97002997002997,14,1,traffic_lights,0.4241834580898285,2721.769775390625,1407.8297119140625,2744.80224609375,1430.546142578125,2733.2860107421875,1419.1879272460938,23.032470703125,22.7164306640625
IMG_0043.mp4,281,9.376033333333334,29.97002997002997,14,1,traffic_lights,0.42541125416755676,2721.396484375,1407.3326416015625,2744.537353515625,1429.54638671875,2732.9669189453125,1418.4395141601562,23.140869140625,22.2137451171875
IMG_0043.mp4,282,9.4094,29.97002997002997,14,1,traffic_lights,0.36413782835006714,2720.9619140625,1407.080810546875,2744.354736328125,1428.1529541015625,2732.6583251953125,1417.6168823242188,23.392822265625,21.0721435546875
IMG_0043.mp4,296,9.876533333333333,29.97002997002997,23,1,traffic_lights,0.44523346424102783,2736.6357421875,1399.5074462890625,2763.865966796875,1425.271728515625,2750.2508544921875,1412.3895874023438,27.230224609375,25.7642822265625
IMG_0043.mp4,297,9.9099,29.97002997002997,23,1,traffic_lights,0.4717239737510681,2738.5751953125,1398.4306640625,2765.16943359375,1425.799560546875,2751.872314453125,1412.1151123046875,26.59423828125,27.368896484375
IMG_0043.mp4,298,9.943266666666666,29.97002997002997,23,1,traffic_lights,0.4455992877483368,2740.71240234375,1398.9630126953125,2766.19140625,1424.7833251953125,2753.451904296875,1411.8731689453125,25.47900390625,25.8203125
IMG_0043.mp4,299,9.976633333333334,29.97002997002997,23,1,traffic_lights,0.42562153935432434,2742.533447265625,1397.707763671875,2768.1728515625,1424.01806640625,2755.3531494140625,1410.8629150390625,25.639404296875,26.310302734375
IMG_0043.mp4,300,10.01,29.97002997002997,23,1,traffic_lights,0.44248145818710327,2744.45166015625,1397.6640625,2769.692138671875,1425.689697265625,2757.0718994140625,1411.6768798828125,25.240478515625,28.025634765625
IMG_0043.mp4,305,10.176833333333333,29.97002997002997,23,1,traffic_lights,0.43891626596450806,2751.411865234375,1395.1417236328125,2781.30224609375,1420.4903564453125,2766.3570556640625,1407.8160400390625,29.890380859375,25.3486328125
IMG_0043.mp4,306,10.2102,29.97002997002997,23,1,traffic_lights,0.544298529624939,2754.177978515625,1395.2440185546875,2783.26220703125,1419.466796875,2768.7200927734375,1407.3554077148438,29.084228515625,24.2227783203125
IMG_0043.mp4,307,10.243566666666666,29.97002997002997,23,1,traffic_lights,0.5631175637245178,2756.80615234375,1394.5819091796875,2785.543212890625,1418.3553466796875,2771.1746826171875,1406.4686279296875,28.737060546875,23.7734375
IMG_0043.mp4,308,10.276933333333334,29.97002997002997,23,1,traffic_lights,0.50152587890625,2759.586669921875,1393.49267578125,2787.548095703125,1417.1895751953125,2773.5673828125,1405.3411254882812,27.96142578125,23.6968994140625
IMG_0043.mp4,309,10.3103,29.97002997002997,23,1,traffic_lights,0.39029473066329956,2761.81591796875,1392.576171875,2789.99658203125,1416.3665771484375,2775.90625,1404.4713745117188,28.1806640625,23.7904052734375
IMG_0043.mp4,310,10.343666666666667,29.97002997002997,23,1,traffic_lights,0.6599198579788208,2765.140869140625,1392.695556640625,2792.980712890625,1416.96826171875,2779.060791015625,1404.8319091796875,27.83984375,24.272705078125
IMG_0043.mp4,311,10.377033333333333,29.97002997002997,23,1,traffic_lights,0.594180166721344,2766.133544921875,1392.644287109375,2796.656005859375,1416.36474609375,2781.394775390625,1404.5045166015625,30.5224609375,23.720458984375
IMG_0043.mp4,313,10.443766666666667,29.97002997002997,23,1,traffic_lights,0.7097273468971252,2768.728759765625,1390.2666015625,2799.6328125,1415.9000244140625,2784.1807861328125,1403.0833129882812,30.904052734375,25.6334228515625
IMG_0043.mp4,314,10.477133333333333,29.97002997002997,23,1,traffic_lights,0.6985216736793518,2773.775634765625,1389.5169677734375,2803.029296875,1416.9139404296875,2788.4024658203125,1403.2154541015625,29.253662109375,27.39697265625
IMG_0043.mp4,315,10.5105,29.97002997002997,23,1,traffic_lights,0.6970638632774353,2776.78271484375,1389.2193603515625,2805.5185546875,1417.7080078125,2791.150634765625,1403.4636840820312,28.73583984375,28.4886474609375
IMG_0043.mp4,316,10.543866666666666,29.97002997002997,23,1,traffic_lights,0.6488112807273865,2779.51318359375,1388.620361328125,2808.27099609375,1417.302978515625,2793.89208984375,1402.961669921875,28.7578125,28.6826171875
IMG_0043.mp4,317,10.577233333333334,29.97002997002997,23,1,traffic_lights,0.6505357623100281,2783.3623046875,1387.8359375,2811.906494140625,1415.4793701171875,2797.6343994140625,1401.6576538085938,28.544189453125,27.6434326171875
IMG_0043.mp4,318,10.6106,29.97002997002997,23,1,traffic_lights,0.6487841010093689,2786.45556640625,1386.4686279296875,2815.029296875,1414.266845703125,2800.742431640625,1400.3677368164062,28.57373046875,27.7982177734375
IMG_0043.mp4,319,10.643966666666667,29.97002997002997,23,1,traffic_lights,0.5880533456802368,2788.79345703125,1385.4990234375,2817.879150390625,1415.1949462890625,2803.3363037109375,1400.3469848632812,29.085693359375,29.6959228515625
IMG_0043.mp4,320,10.677333333333333,29.97002997002997,23,1,traffic_lights,0.36148494482040405,2792.587646484375,1384.3275146484375,2822.865966796875,1413.3846435546875,2807.726806640625,1398.8560791015625,30.2783203125,29.05712890625
IMG_0043.mp4,321,10.710700000000001,29.97002997002997,23,1,traffic_lights,0.6072120070457458,2795.645263671875,1383.611572265625,2824.74853515625,1412.8116455078125,2810.1968994140625,1398.2116088867188,29.103271484375,29.2000732421875
IMG_0043.mp4,322,10.744066666666667,29.97002997002997,23,1,traffic_lights,0.574164628982544,2800.345947265625,1382.802490234375,2829.054931640625,1412.538330078125,2814.700439453125,1397.67041015625,28.708984375,29.73583984375
IMG_0043.mp4,323,10.777433333333333,29.97002997002997,23,1,traffic_lights,0.4163098931312561,2803.849365234375,1382.7647705078125,2833.356689453125,1409.5262451171875,2818.60302734375,1396.1455078125,29.50732421875,26.761474609375
IMG_0043.mp4,324,10.8108,29.97002997002997,23,1,traffic_lights,0.3219425678253174,2807.32421875,1381.869384765625,2837.118896484375,1408.3546142578125,2822.2215576171875,1395.1119995117188,29.794677734375,26.4852294921875
IMG_0043.mp4,325,10.844166666666666,29.97002997002997,23,1,traffic_lights,0.3172224462032318,2810.06884765625,1380.7890625,2840.632568359375,1407.2764892578125,2825.3507080078125,1394.0327758789062,30.563720703125,26.4874267578125
IMG_0043.mp4,337,11.244566666666667,29.97002997002997,30,1,traffic_lights,0.4464494287967682,2862.641357421875,1372.3148193359375,2893.285888671875,1399.9754638671875,2877.963623046875,1386.1451416015625,30.64453125,27.66064453125
IMG_0043.mp4,338,11.277933333333333,29.97002997002997,30,1,traffic_lights,0.5801810622215271,2866.368896484375,1370.7288818359375,2898.742919921875,1399.140625,2882.555908203125,1384.9347534179688,32.3740234375,28.4117431640625
IMG_0043.mp4,339,11.311300000000001,29.97002997002997,30,1,traffic_lights,0.5366306900978088,2869.083984375,1370.0555419921875,2903.172607421875,1399.1043701171875,2886.1282958984375,1384.5799560546875,34.088623046875,29.048828125
IMG_0043.mp4,340,11.344666666666667,29.97002997002997,30,1,traffic_lights,0.655414879322052,2873.65234375,1368.9664306640625,2908.35791015625,1397.3740234375,2891.005126953125,1383.1702270507812,34.70556640625,28.4075927734375
IMG_0043.mp4,341,11.378033333333333,29.97002997002997,30,1,traffic_lights,0.4869909882545471,2879.624267578125,1368.784423828125,2913.388671875,1396.2540283203125,2896.5064697265625,1382.5192260742188,33.764404296875,27.4696044921875
IMG_0043.mp4,342,11.4114,29.97002997002997,30,1,traffic_lights,0.4369063973426819,2885.050048828125,1367.9921875,2918.5302734375,1396.46875,2901.7901611328125,1382.23046875,33.480224609375,28.4765625
IMG_0043.mp4,343,11.444766666666666,29.97002997002997,30,1,traffic_lights,0.55075603723526,2890.51416015625,1367.1947021484375,2922.983642578125,1399.946533203125,2906.7489013671875,1383.5706176757812,32.469482421875,32.7518310546875
IMG_0043.mp4,343,11.444766666666666,29.97002997002997,37,1,traffic_lights,0.3452441990375519,3421.221435546875,1480.6204833984375,3479.65185546875,1503.59423828125,3450.4366455078125,1492.1073608398438,58.430419921875,22.9737548828125
IMG_0043.mp4,344,11.478133333333334,29.97002997002997,30,1,traffic_lights,0.5018460750579834,2895.5126953125,1366.6571044921875,2928.001708984375,1399.442626953125,2911.7572021484375,1383.0498657226562,32.489013671875,32.7855224609375
IMG_0043.mp4,345,11.5115,29.97002997002997,30,1,traffic_lights,0.6022921204566956,2899.87939453125,1366.6995849609375,2933.01416015625,1397.603271484375,2916.44677734375,1382.1514282226562,33.134765625,30.9036865234375
IMG_0043.mp4,346,11.544866666666667,29.97002997002997,30,1,traffic_lights,0.5085889101028442,2903.34423828125,1363.62158203125,2938.173828125,1395.51416015625,2920.759033203125,1379.56787109375,34.82958984375,31.892578125
IMG_0043.mp4,346,11.544866666666667,29.97002997002997,37,2,traffic_signs,0.46584856510162354,3441.95703125,1480.13037109375,3497.6708984375,1504.4930419921875,3469.81396484375,1492.3117065429688,55.7138671875,24.3626708984375
IMG_0043.mp4,347,11.578233333333333,29.97002997002997,30,1,traffic_lights,0.4943266212940216,2906.597900390625,1362.121826171875,2945.451416015625,1392.128662109375,2926.024658203125,1377.125244140625,38.853515625,30.0068359375
IMG_0043.mp4,348,11.611600000000001,29.97002997002997,30,1,traffic_lights,0.6479254364967346,2909.864013671875,1361.7041015625,2948.19482421875,1392.8016357421875,2929.0294189453125,1377.2528686523438,38.330810546875,31.0975341796875
IMG_0043.mp4,349,11.644966666666667,29.97002997002997,30,1,traffic_lights,0.5749300122261047,2915.7939453125,1360.5404052734375,2953.794677734375,1393.9566650390625,2934.7943115234375,1377.24853515625,38.000732421875,33.416259765625
IMG_0043.mp4,349,11.644966666666667,29.97002997002997,42,1,traffic_lights,0.35598257184028625,2620.8564453125,1480.675537109375,2632.182861328125,1503.0465087890625,2626.5196533203125,1491.8610229492188,11.326416015625,22.3709716796875
IMG_0043.mp4,350,11.678333333333333,29.97002997002997,30,1,traffic_lights,0.5280289053916931,2920.468994140625,1359.2098388671875,2958.65087890625,1395.0411376953125,2939.5599365234375,1377.12548828125,38.181884765625,35.831298828125
IMG_0043.mp4,351,11.7117,29.97002997002997,30,1,traffic_lights,0.5775212049484253,2926.18798828125,1358.1839599609375,2964.027099609375,1392.3612060546875,2945.1075439453125,1375.2725830078125,37.839111328125,34.17724609375
IMG_0043.mp4,352,11.745066666666666,29.97002997002997,30,1,traffic_lights,0.5164449214935303,2931.326904296875,1358.1805419921875,2970.705078125,1389.9683837890625,2951.0159912109375,1374.074462890625,39.378173828125,31.787841796875
IMG_0043.mp4,354,11.8118,29.97002997002997,30,1,traffic_lights,0.595700204372406,2938.97119140625,1355.5042724609375,2979.206298828125,1388.014892578125,2959.0887451171875,1371.7595825195312,40.235107421875,32.5106201171875
IMG_0043.mp4,355,11.845166666666668,29.97002997002997,30,1,traffic_lights,0.40981826186180115,2947.345947265625,1353.7840576171875,2984.3701171875,1385.151611328125,2965.8580322265625,1369.4678344726562,37.024169921875,31.3675537109375
IMG_0043.mp4,356,11.878533333333333,29.97002997002997,30,1,traffic_lights,0.30924612283706665,2952.906494140625,1353.606201171875,2988.462158203125,1384.4227294921875,2970.684326171875,1369.0144653320312,35.5556640625,30.8165283203125
IMG_0043.mp4,356,11.878533333333333,29.97002997002997,47,1,traffic_lights,0.47651705145835876,3132.431884765625,1466.135498046875,3148.198974609375,1493.5625,3140.3154296875,1479.8489990234375,15.76708984375,27.427001953125
IMG_0043.mp4,357,11.911900000000001,29.97002997002997,30,1,traffic_lights,0.31420227885246277,2957.443115234375,1352.174560546875,2991.455078125,1380.857666015625,2974.4490966796875,1366.51611328125,34.011962890625,28.68310546875
IMG_0043.mp4,357,11.911900000000001,29.97002997002997,47,1,traffic_lights,0.3228459358215332,3137.554443359375,1465.5628662109375,3152.658203125,1491.5643310546875,3145.1063232421875,1478.5635986328125,15.103759765625,26.00146484375
IMG_0043.mp4,358,11.945266666666667,29.97002997002997,47,1,traffic_lights,0.45240503549575806,3142.62451171875,1464.6168212890625,3158.50927734375,1489.2198486328125,3150.56689453125,1476.9183349609375,15.884765625,24.60302734375
IMG_0043.mp4,359,11.978633333333333,29.97002997002997,47,1,traffic_lights,0.4885202646255493,3148.3134765625,1465.131103515625,3164.21484375,1490.244873046875,3156.26416015625,1477.68798828125,15.9013671875,25.11376953125
IMG_0043.mp4,359,11.978633333333333,29.97002997002997,30,1,traffic_lights,0.426088809967041,2966.904296875,1350.1441650390625,2999.933837890625,1380.6964111328125,2983.4190673828125,1365.4202880859375,33.029541015625,30.55224609375
IMG_0043.mp4,360,12.012,29.97002997002997,47,1,traffic_lights,0.472544401884079,3152.908447265625,1464.603271484375,3168.768798828125,1489.4534912109375,3160.838623046875,1477.0283813476562,15.8603515625,24.8502197265625
IMG_0043.mp4,360,12.012,29.97002997002997,30,1,traffic_lights,0.4524964988231659,2970.272216796875,1349.191162109375,3004.629150390625,1378.5465087890625,2987.45068359375,1363.8688354492188,34.35693359375,29.3553466796875
IMG_0043.mp4,361,12.045366666666666,29.97002997002997,47,1,traffic_lights,0.3768880367279053,3157.840576171875,1463.3612060546875,3174.33984375,1489.78759765625,3166.0902099609375,1476.5744018554688,16.499267578125,26.4263916015625
IMG_0043.mp4,361,12.045366666666666,29.97002997002997,30,1,traffic_lights,0.518738329410553,2974.0009765625,1348.6905517578125,3008.30126953125,1379.677001953125,2991.151123046875,1364.1837768554688,34.30029296875,30.9864501953125
IMG_0043.mp4,362,12.078733333333334,29.97002997002997,47,1,traffic_lights,0.5220041871070862,3163.817626953125,1463.677490234375,3180.5205078125,1490.0458984375,3172.1690673828125,1476.8616943359375,16.702880859375,26.368408203125
IMG_0043.mp4,362,12.078733333333334,29.97002997002997,30,1,traffic_lights,0.6366834044456482,2977.784912109375,1347.6593017578125,3012.6455078125,1379.6925048828125,2995.2152099609375,1363.6759033203125,34.860595703125,32.033203125
IMG_0043.mp4,363,12.1121,29.97002997002997,47,1,traffic_lights,0.4347439110279083,3169.53369140625,1463.7691650390625,3186.451171875,1487.5084228515625,3177.992431640625,1475.6387939453125,16.91748046875,23.7392578125
IMG_0043.mp4,363,12.1121,29.97002997002997,30,1,traffic_lights,0.550806999206543,2981.6396484375,1346.774169921875,3015.93603515625,1379.4786376953125,2998.787841796875,1363.1264038085938,34.29638671875,32.7044677734375
IMG_0043.mp4,364,12.145466666666668,29.97002997002997,47,1,traffic_lights,0.4480239152908325,3175.654541015625,1463.3453369140625,3193.018798828125,1488.7664794921875,3184.336669921875,1476.055908203125,17.3642578125,25.421142578125
IMG_0043.mp4,364,12.145466666666668,29.97002997002997,30,1,traffic_lights,0.6000149250030518,2988.250732421875,1345.95849609375,3022.119140625,1377.8135986328125,3005.1849365234375,1361.8860473632812,33.868408203125,31.8551025390625
IMG_0043.mp4,365,12.178833333333333,29.97002997002997,47,1,traffic_lights,0.31396621465682983,3179.680908203125,1463.536376953125,3198.546142578125,1488.858642578125,3189.113525390625,1476.197509765625,18.865234375,25.322265625
IMG_0043.mp4,365,12.178833333333333,29.97002997002997,30,1,traffic_lights,0.5700623393058777,2991.17578125,1345.5269775390625,3026.7412109375,1375.6224365234375,3008.95849609375,1360.57470703125,35.5654296875,30.095458984375
IMG_0043.mp4,366,12.212200000000001,29.97002997002997,47,1,traffic_lights,0.29069921374320984,3184.57177734375,1462.74609375,3203.895263671875,1485.1285400390625,3194.2335205078125,1473.9373168945312,19.323486328125,22.3824462890625
IMG_0043.mp4,366,12.212200000000001,29.97002997002997,30,1,traffic_lights,0.5769847631454468,2994.4794921875,1344.8585205078125,3032.161865234375,1375.7835693359375,3013.3206787109375,1360.321044921875,37.682373046875,30.925048828125
IMG_0043.mp4,367,12.245566666666667,29.97002997002997,30,1,traffic_lights,0.5021913051605225,2995.56982421875,1343.8094482421875,3037.923828125,1375.8916015625,3016.746826171875,1359.8505249023438,42.35400390625,32.0821533203125
IMG_0043.mp4,369,12.3123,29.97002997002997,30,1,traffic_lights,0.6243422627449036,3004.6005859375,1341.5029296875,3043.6220703125,1375.9339599609375,3024.111328125,1358.7184448242188,39.021484375,34.4310302734375
IMG_0043.mp4,370,12.345666666666666,29.97002997002997,30,1,traffic_lights,0.5900954604148865,3011.654052734375,1341.1993408203125,3048.48291015625,1377.1790771484375,3030.0684814453125,1359.189208984375,36.828857421875,35.979736328125
IMG_0043.mp4,371,12.379033333333334,29.97002997002997,30,1,traffic_lights,0.6285790801048279,3013.484130859375,1339.7857666015625,3052.081298828125,1377.266357421875,3032.78271484375,1358.5260620117188,38.59716796875,37.4805908203125
IMG_0043.mp4,371,12.379033333333334,29.97002997002997,58,1,traffic_lights,0.4184446334838867,3212.911865234375,1460.3184814453125,3229.367919921875,1488.484619140625,3221.139892578125,1474.4015502929688,16.4560546875,28.1661376953125
IMG_0043.mp4,372,12.4124,29.97002997002997,30,1,traffic_lights,0.5449272394180298,3016.694091796875,1337.72900390625,3055.20361328125,1376.884033203125,3035.9488525390625,1357.3065185546875,38.509521484375,39.155029296875
IMG_0043.mp4,372,12.4124,29.97002997002997,58,1,traffic_lights,0.5242139101028442,3216.72705078125,1459.017578125,3233.61083984375,1495.1243896484375,3225.1689453125,1477.0709838867188,16.8837890625,36.1068115234375
IMG_0043.mp4,373,12.445766666666668,29.97002997002997,30,1,traffic_lights,0.4870186448097229,3018.14013671875,1336.2764892578125,3059.752685546875,1375.477294921875,3038.9464111328125,1355.8768920898438,41.612548828125,39.2008056640625
IMG_0043.mp4,375,12.512500000000001,29.97002997002997,30,1,traffic_lights,0.645768940448761,3023.7861328125,1335.5325927734375,3056.738525390625,1372.0877685546875,3040.2623291015625,1353.8101806640625,32.952392578125,36.55517578125
IMG_0043.mp4,376,12.545866666666667,29.97002997002997,63,1,traffic_lights,0.48303088545799255,3233.69873046875,1458.619384765625,3251.08154296875,1495.8585205078125,3242.39013671875,1477.2389526367188,17.3828125,37.2391357421875
IMG_0043.mp4,376,12.545866666666667,29.97002997002997,64,1,traffic_lights,0.5049980282783508,3039.62646484375,1333.929443359375,3069.9677734375,1370.2247314453125,3054.797119140625,1352.0770874023438,30.34130859375,36.2952880859375
IMG_0043.mp4,376,12.545866666666667,29.97002997002997,30,1,traffic_lights,0.5327104926109314,3026.818603515625,1334.3226318359375,3060.10400390625,1370.1158447265625,3043.4613037109375,1352.21923828125,33.285400390625,35.793212890625
IMG_0043.mp4,377,12.579233333333333,29.97002997002997,63,1,traffic_lights,0.47969648241996765,3238.541259765625,1456.6224365234375,3256.056884765625,1495.4517822265625,3247.299072265625,1476.037109375,17.515625,38.829345703125
IMG_0043.mp4,377,12.579233333333333,29.97002997002997,64,1,traffic_lights,0.2647622227668762,3046.764892578125,1332.2701416015625,3074.79736328125,1369.5880126953125,3060.7811279296875,1350.9290771484375,28.032470703125,37.31787109375
IMG_0043.mp4,377,12.579233333333333,29.97002997002997,30,1,traffic_lights,0.6490494012832642,3029.27734375,1332.7808837890625,3056.25732421875,1369.047119140625,3042.767333984375,1350.9140014648438,26.97998046875,36.2662353515625
IMG_0043.mp4,378,12.6126,29.97002997002997,63,1,traffic_lights,0.4053022861480713,3241.78515625,1457.1370849609375,3259.030517578125,1495.226318359375,3250.4078369140625,1476.1817016601562,17.245361328125,38.0892333984375
IMG_0043.mp4,378,12.6126,29.97002997002997,64,1,traffic_lights,0.4167461097240448,3050.394775390625,1332.3116455078125,3077.697265625,1368.5435791015625,3064.0460205078125,1350.4276123046875,27.302490234375,36.23193359375
IMG_0043.mp4,378,12.6126,29.97002997002997,30,1,traffic_lights,0.4192793667316437,3031.805908203125,1332.6678466796875,3054.989013671875,1368.43359375,3043.3974609375,1350.5507202148438,23.18310546875,35.7657470703125
IMG_0043.mp4,379,12.645966666666666,29.97002997002997,63,1,traffic_lights,0.4322695732116699,3247.124755859375,1455.3271484375,3264.1015625,1490.9212646484375,3255.6131591796875,1473.1242065429688,16.976806640625,35.5941162109375
IMG_0043.mp4,379,12.645966666666666,29.97002997002997,30,1,traffic_lights,0.4021967649459839,3034.30810546875,1330.6727294921875,3056.1357421875,1367.1993408203125,3045.221923828125,1348.93603515625,21.82763671875,36.526611328125
IMG_0043.mp4,380,12.679333333333334,29.97002997002997,63,1,traffic_lights,0.3199186623096466,3249.8759765625,1454.655029296875,3267.936767578125,1482.675048828125,3258.9063720703125,1468.6650390625,18.060791015625,28.02001953125
IMG_0043.mp4,381,12.7127,29.97002997002997,67,1,traffic_lights,0.4885914921760559,3043.005615234375,1327.2288818359375,3081.083251953125,1364.7596435546875,3062.04443359375,1345.9942626953125,38.07763671875,37.53076171875
IMG_0043.mp4,382,12.746066666666668,29.97002997002997,67,1,traffic_lights,0.5388803482055664,3044.94287109375,1327.5758056640625,3083.995849609375,1363.648681640625,3064.4693603515625,1345.6122436523438,39.052978515625,36.0728759765625
IMG_0043.mp4,383,12.779433333333333,29.97002997002997,67,1,traffic_lights,0.39950913190841675,3044.99951171875,1326.1109619140625,3079.459228515625,1362.3836669921875,3062.2293701171875,1344.247314453125,34.459716796875,36.272705078125
IMG_0043.mp4,385,12.846166666666667,29.97002997002997,67,1,traffic_lights,0.28927767276763916,3049.0546875,1324.1043701171875,3085.5908203125,1360.993896484375,3067.32275390625,1342.5491333007812,36.5361328125,36.8895263671875
IMG_0043.mp4,387,12.9129,29.97002997002997,67,1,traffic_lights,0.452827513217926,3054.839599609375,1323.0174560546875,3094.361572265625,1358.40087890625,3074.6005859375,1340.7091674804688,39.52197265625,35.3834228515625
IMG_0043.mp4,389,12.979633333333334,29.97002997002997,67,1,traffic_lights,0.3503011465072632,3058.70556640625,1320.01904296875,3099.295166015625,1356.5626220703125,3079.0003662109375,1338.2908325195312,40.589599609375,36.5435791015625
IMG_0043.mp4,390,13.013,29.97002997002997,67,1,traffic_lights,0.38114485144615173,3060.616943359375,1318.826416015625,3100.67431640625,1358.3531494140625,3080.6456298828125,1338.5897827148438,40.057373046875,39.5267333984375
IMG_0043.mp4,391,13.046366666666668,29.97002997002997,67,1,traffic_lights,0.4288490414619446,3061.170166015625,1317.9063720703125,3102.501708984375,1357.6588134765625,3081.8359375,1337.7825927734375,41.33154296875,39.75244140625
IMG_0043.mp4,392,13.079733333333333,29.97002997002997,67,1,traffic_lights,0.3779639005661011,3061.582763671875,1317.274169921875,3103.43212890625,1357.1724853515625,3082.5074462890625,1337.2233276367188,41.849365234375,39.8983154296875
IMG_0043.mp4,393,13.113100000000001,29.97002997002997,67,1,traffic_lights,0.486960768699646,3062.97900390625,1316.6956787109375,3104.819580078125,1356.8365478515625,3083.8992919921875,1336.76611328125,41.840576171875,40.140869140625
IMG_0043.mp4,394,13.146466666666667,29.97002997002997,67,1,traffic_lights,0.5120380520820618,3063.560546875,1315.76171875,3105.139892578125,1355.8658447265625,3084.3502197265625,1335.8137817382812,41.579345703125,40.1041259765625
IMG_0043.mp4,396,13.2132,29.97002997002997,67,1,traffic_lights,0.5797954201698303,3063.5283203125,1312.8192138671875,3107.60107421875,1355.8800048828125,3085.564697265625,1334.349609375,44.07275390625,43.060791015625
IMG_0043.mp4,397,13.246566666666666,29.97002997002997,67,1,traffic_lights,0.6073197722434998,3062.680908203125,1312.4407958984375,3108.177001953125,1353.8092041015625,3085.428955078125,1333.125,45.49609375,41.368408203125
IMG_0043.mp4,398,13.279933333333334,29.97002997002997,67,1,traffic_lights,0.6129816174507141,3062.878662109375,1311.921875,3107.33251953125,1352.4599609375,3085.1055908203125,1332.19091796875,44.453857421875,40.5380859375
IMG_0043.mp4,399,13.3133,29.97002997002997,67,1,traffic_lights,0.4138798713684082,3063.544921875,1310.4541015625,3105.712646484375,1352.9456787109375,3084.6287841796875,1331.6998901367188,42.167724609375,42.4915771484375
IMG_0043.mp4,400,13.346666666666668,29.97002997002997,67,1,traffic_lights,0.35372766852378845,3063.361328125,1309.560791015625,3104.259033203125,1351.943115234375,3083.8101806640625,1330.751953125,40.897705078125,42.38232421875
IMG_0043.mp4,400,13.346666666666668,29.97002997002997,64,1,traffic_lights,0.5122308135032654,3079.315185546875,1309.869384765625,3107.770751953125,1350.6654052734375,3093.54296875,1330.2673950195312,28.45556640625,40.7960205078125
IMG_0043.mp4,401,13.380033333333333,29.97002997002997,67,1,traffic_lights,0.40173617005348206,3063.345458984375,1308.916015625,3104.97021484375,1350.527099609375,3084.1578369140625,1329.7215576171875,41.624755859375,41.611083984375
IMG_0043.mp4,401,13.380033333333333,29.97002997002997,64,1,traffic_lights,0.3474181890487671,3077.415283203125,1308.91259765625,3107.65283203125,1348.9013671875,3092.5340576171875,1328.906982421875,30.237548828125,39.98876953125
IMG_0043.mp4,402,13.413400000000001,29.97002997002997,67,1,traffic_lights,0.3277604281902313,3065.28515625,1308.1153564453125,3105.819580078125,1349.4896240234375,3085.5523681640625,1328.802490234375,40.534423828125,41.374267578125
IMG_0043.mp4,402,13.413400000000001,29.97002997002997,64,1,traffic_lights,0.49121591448783875,3078.26171875,1307.8226318359375,3107.94677734375,1347.781005859375,3093.104248046875,1327.8018188476562,29.68505859375,39.9583740234375
IMG_0043.mp4,403,13.446766666666667,29.97002997002997,64,1,traffic_lights,0.6068825721740723,3079.942138671875,1306.6766357421875,3107.7978515625,1346.1214599609375,3093.8699951171875,1326.3990478515625,27.855712890625,39.44482421875
IMG_0043.mp4,404,13.480133333333333,29.97002997002997,64,1,traffic_lights,0.564393937587738,3080.935302734375,1305.8597412109375,3107.890380859375,1345.0531005859375,3094.412841796875,1325.4564208984375,26.955078125,39.193359375
IMG_0043.mp4,404,13.480133333333333,29.97002997002997,71,1,traffic_lights,0.3441610634326935,3060.01953125,1305.85595703125,3085.610107421875,1346.280029296875,3072.8148193359375,1326.0679931640625,25.590576171875,40.424072265625
IMG_0043.mp4,405,13.5135,29.97002997002997,64,1,traffic_lights,0.6162289977073669,3080.62939453125,1304.8839111328125,3108.231201171875,1344.586669921875,3094.4302978515625,1324.7352905273438,27.601806640625,39.7027587890625
IMG_0043.mp4,405,13.5135,29.97002997002997,71,1,traffic_lights,0.3617649972438812,3060.112548828125,1304.826171875,3083.925048828125,1345.06787109375,3072.018798828125,1324.947021484375,23.8125,40.24169921875
IMG_0043.mp4,406,13.546866666666666,29.97002997002997,64,1,traffic_lights,0.35097816586494446,3078.3916015625,1303.483642578125,3109.42236328125,1343.953857421875,3093.906982421875,1323.71875,31.03076171875,40.47021484375
IMG_0043.mp4,406,13.546866666666666,29.97002997002997,67,1,traffic_lights,0.3883497714996338,3066.546875,1303.4820556640625,3108.498779296875,1345.6356201171875,3087.5228271484375,1324.558837890625,41.951904296875,42.153564453125
IMG_0043.mp4,407,13.580233333333334,29.97002997002997,67,1,traffic_lights,0.3668816387653351,3065.957763671875,1302.312255859375,3109.42236328125,1344.623291015625,3087.6900634765625,1323.4677734375,43.464599609375,42.31103515625
IMG_0043.mp4,408,13.6136,29.97002997002997,67,1,traffic_lights,0.3485225737094879,3065.53466796875,1301.2349853515625,3108.376220703125,1343.72900390625,3086.9554443359375,1322.4819946289062,42.841552734375,42.4940185546875
IMG_0043.mp4,413,13.780433333333333,29.97002997002997,77,1,traffic_lights,0.3530680537223816,3061.760498046875,1297.7430419921875,3107.20068359375,1338.88623046875,3084.4805908203125,1318.3146362304688,45.440185546875,41.1431884765625
IMG_0043.mp4,414,13.8138,29.97002997002997,77,1,traffic_lights,0.40888744592666626,3060.84716796875,1296.447265625,3107.68701171875,1338.584716796875,3084.26708984375,1317.5159912109375,46.83984375,42.137451171875
IMG_0043.mp4,416,13.880533333333334,29.97002997002997,77,1,traffic_lights,0.46076467633247375,3056.3828125,1295.08203125,3086.10400390625,1338.828857421875,3071.243408203125,1316.9554443359375,29.72119140625,43.746826171875
IMG_0043.mp4,417,13.9139,29.97002997002997,77,1,traffic_lights,0.3166000247001648,3056.737548828125,1295.27197265625,3086.512939453125,1339.763671875,3071.625244140625,1317.517822265625,29.775390625,44.49169921875
IMG_0043.mp4,418,13.947266666666668,29.97002997002997,77,1,traffic_lights,0.5956531167030334,3055.93017578125,1294.816162109375,3083.9560546875,1339.1552734375,3069.943115234375,1316.9857177734375,28.02587890625,44.339111328125
IMG_0043.mp4,418,13.947266666666668,29.97002997002997,83,1,traffic_lights,0.4534492492675781,3078.972900390625,1295.3994140625,3108.6328125,1337.1182861328125,3093.8028564453125,1316.2588500976562,29.659912109375,41.7188720703125
IMG_0043.mp4,418,13.947266666666668,29.97002997002997,84,1,traffic_lights,0.49903175234794617,3309.09765625,1442.20263671875,3325.362548828125,1473.4656982421875,3317.2301025390625,1457.8341674804688,16.264892578125,31.2630615234375
IMG_0043.mp4,419,13.980633333333333,29.97002997002997,77,1,traffic_lights,0.677376925945282,3055.02880859375,1293.906494140625,3082.555908203125,1338.2740478515625,3068.7923583984375,1316.0902709960938,27.527099609375,44.3675537109375
IMG_0043.mp4,419,13.980633333333333,29.97002997002997,83,1,traffic_lights,0.36165377497673035,3077.470458984375,1294.384521484375,3106.956787109375,1335.904296875,3092.213623046875,1315.1444091796875,29.486328125,41.519775390625
IMG_0043.mp4,419,13.980633333333333,29.97002997002997,84,1,traffic_lights,0.4673386514186859,3309.386962890625,1442.37890625,3325.27685546875,1472.5352783203125,3317.3319091796875,1457.4570922851562,15.889892578125,30.1563720703125
IMG_0043.mp4,420,14.014000000000001,29.97002997002997,77,1,traffic_lights,0.707282304763794,3053.467529296875,1292.8397216796875,3082.33740234375,1338.1873779296875,3067.9024658203125,1315.5135498046875,28.869873046875,45.34765625
IMG_0043.mp4,420,14.014000000000001,29.97002997002997,84,1,traffic_lights,0.3816097378730774,3309.343017578125,1442.31689453125,3324.693359375,1469.7596435546875,3317.0181884765625,1456.0382690429688,15.350341796875,27.4427490234375
IMG_0043.mp4,421,14.047366666666667,29.97002997002997,77,1,traffic_lights,0.3433184325695038,3052.13720703125,1291.841552734375,3087.5478515625,1337.749267578125,3069.842529296875,1314.79541015625,35.41064453125,45.90771484375
IMG_0043.mp4,421,14.047366666666667,29.97002997002997,84,1,traffic_lights,0.3196913003921509,3309.210693359375,1441.7022705078125,3325.5390625,1469.1697998046875,3317.3748779296875,1455.43603515625,16.328369140625,27.467529296875
IMG_0043.mp4,421,14.047366666666667,29.97002997002997,83,1,traffic_lights,0.44032663106918335,3063.298583984375,1291.8240966796875,3104.389892578125,1336.6590576171875,3083.84423828125,1314.2415771484375,41.09130859375,44.8349609375
IMG_0043.mp4,422,14.080733333333333,29.97002997002997,83,1,traffic_lights,0.5261028409004211,3058.111572265625,1289.744873046875,3103.842529296875,1336.2279052734375,3080.97705078125,1312.9863891601562,45.73095703125,46.4830322265625
IMG_0043.mp4,423,14.1141,29.97002997002997,83,1,traffic_lights,0.6371015906333923,3053.87841796875,1288.3739013671875,3103.191650390625,1335.2701416015625,3078.5350341796875,1311.822021484375,49.313232421875,46.896240234375
IMG_0043.mp4,424,14.147466666666666,29.97002997002997,83,1,traffic_lights,0.6314917802810669,3052.468994140625,1287.25244140625,3102.52880859375,1334.4473876953125,3077.4989013671875,1310.8499145507812,50.059814453125,47.1949462890625
IMG_0043.mp4,425,14.180833333333334,29.97002997002997,83,1,traffic_lights,0.6559978723526001,3051.599365234375,1286.566162109375,3102.130126953125,1333.9569091796875,3076.86474609375,1310.2615356445312,50.53076171875,47.3907470703125
IMG_0043.mp4,426,14.2142,29.97002997002997,83,1,traffic_lights,0.6163557767868042,3052.89794921875,1285.995361328125,3101.689453125,1332.421630859375,3077.293701171875,1309.20849609375,48.79150390625,46.42626953125
IMG_0043.mp4,427,14.247566666666668,29.97002997002997,83,1,traffic_lights,0.408645898103714,3061.96044921875,1285.426025390625,3102.736572265625,1330.6614990234375,3082.3485107421875,1308.0437622070312,40.776123046875,45.2354736328125
IMG_0043.mp4,427,14.247566666666668,29.97002997002997,77,1,traffic_lights,0.6888240575790405,3048.10498046875,1285.992919921875,3082.2900390625,1331.0732421875,3065.197509765625,1308.5330810546875,34.18505859375,45.080322265625
IMG_0043.mp4,428,14.280933333333333,29.97002997002997,83,1,traffic_lights,0.4590417444705963,3055.682861328125,1283.6864013671875,3102.323486328125,1330.5504150390625,3079.003173828125,1307.118408203125,46.640625,46.864013671875
IMG_0043.mp4,428,14.280933333333333,29.97002997002997,84,2,traffic_signs,0.27329331636428833,3310.092529296875,1438.3485107421875,3329.08056640625,1465.33203125,3319.5865478515625,1451.8402709960938,18.988037109375,26.9835205078125
IMG_0043.mp4,429,14.314300000000001,29.97002997002997,83,1,traffic_lights,0.4509933590888977,3065.202880859375,1282.6497802734375,3101.1259765625,1326.7802734375,3083.1644287109375,1304.7150268554688,35.923095703125,44.1304931640625
IMG_0043.mp4,429,14.314300000000001,29.97002997002997,84,2,traffic_signs,0.4032227694988251,3311.166259765625,1438.115478515625,3329.14013671875,1462.952880859375,3320.1531982421875,1450.5341796875,17.973876953125,24.83740234375
IMG_0043.mp4,429,14.314300000000001,29.97002997002997,77,1,traffic_lights,0.803068995475769,3047.697509765625,1283.75830078125,3078.491943359375,1326.9024658203125,3063.0947265625,1305.3303833007812,30.79443359375,43.1441650390625
IMG_0043.mp4,430,14.347666666666667,29.97002997002997,83,1,traffic_lights,0.5162972807884216,3068.573486328125,1281.8070068359375,3099.636962890625,1326.095458984375,3084.105224609375,1303.9512329101562,31.0634765625,44.2884521484375
IMG_0043.mp4,430,14.347666666666667,29.97002997002997,77,1,traffic_lights,0.8050850629806519,3045.93310546875,1282.87353515625,3075.63916015625,1326.1519775390625,3060.7861328125,1304.5127563476562,29.7060546875,43.2784423828125
IMG_0043.mp4,431,14.381033333333333,29.97002997002997,83,1,traffic_lights,0.5077172517776489,3069.603759765625,1279.8245849609375,3098.832275390625,1325.630126953125,3084.218017578125,1302.7273559570312,29.228515625,45.8055419921875
IMG_0043.mp4,431,14.381033333333333,29.97002997002997,77,1,traffic_lights,0.7385915517807007,3044.64990234375,1281.4456787109375,3073.756591796875,1325.764404296875,3059.2032470703125,1303.6050415039062,29.106689453125,44.3187255859375
IMG_0043.mp4,431,14.381033333333333,29.97002997002997,84,2,traffic_signs,0.3301963210105896,3310.87548828125,1437.4241943359375,3328.004150390625,1463.2325439453125,3319.4398193359375,1450.328369140625,17.128662109375,25.808349609375
IMG_0043.mp4,432,14.4144,29.97002997002997,83,1,traffic_lights,0.3890003561973572,3068.029052734375,1278.7452392578125,3098.348876953125,1324.2882080078125,3083.18896484375,1301.5167236328125,30.31982421875,45.54296875
IMG_0043.mp4,432,14.4144,29.97002997002997,77,1,traffic_lights,0.7191157341003418,3043.043701171875,1280.41748046875,3073.972412109375,1323.784423828125,3058.508056640625,1302.1009521484375,30.9287109375,43.366943359375
IMG_0043.mp4,433,14.447766666666666,29.97002997002997,77,1,traffic_lights,0.5663984417915344,3041.444091796875,1279.077880859375,3072.562255859375,1321.794189453125,3057.003173828125,1300.43603515625,31.1181640625,42.71630859375
IMG_0043.mp4,434,14.481133333333334,29.97002997002997,77,1,traffic_lights,0.45975354313850403,3040.96044921875,1278.12841796875,3071.4453125,1319.9566650390625,3056.202880859375,1299.0425415039062,30.48486328125,41.8282470703125
IMG_0043.mp4,434,14.481133333333334,29.97002997002997,84,2,traffic_signs,0.3215547502040863,3310.8076171875,1435.6046142578125,3328.744384765625,1462.302001953125,3319.7760009765625,1448.9533081054688,17.936767578125,26.6973876953125
IMG_0043.mp4,434,14.481133333333334,29.97002997002997,83,1,traffic_lights,0.28814148902893066,3068.585205078125,1276.9794921875,3096.351318359375,1320.4864501953125,3082.46826171875,1298.7329711914062,27.76611328125,43.5069580078125
IMG_0043.mp4,435,14.5145,29.97002997002997,77,1,traffic_lights,0.5869693756103516,3040.164306640625,1277.07861328125,3071.009765625,1318.787109375,3055.5870361328125,1297.932861328125,30.845458984375,41.70849609375
IMG_0043.mp4,435,14.5145,29.97002997002997,83,1,traffic_lights,0.27050966024398804,3067.768310546875,1276.3580322265625,3095.577392578125,1319.2568359375,3081.6728515625,1297.8074340820312,27.80908203125,42.8988037109375
IMG_0043.mp4,437,14.581233333333333,29.97002997002997,71,1,traffic_lights,0.46914902329444885,3038.71533203125,1274.359619140625,3078.466796875,1319.0113525390625,3058.591064453125,1296.6854858398438,39.75146484375,44.6517333984375
IMG_0043.mp4,444,14.8148,29.97002997002997,95,1,traffic_lights,0.44982805848121643,3035.100830078125,1268.1529541015625,3064.371337890625,1315.88525390625,3049.736083984375,1292.0191040039062,29.2705078125,47.7322998046875
IMG_0043.mp4,444,14.8148,29.97002997002997,96,1,traffic_lights,0.5268546342849731,3062.329345703125,1268.4166259765625,3090.93359375,1313.1968994140625,3076.6314697265625,1290.8067626953125,28.604248046875,44.7802734375
IMG_0043.mp4,445,14.848166666666668,29.97002997002997,95,1,traffic_lights,0.6262291073799133,3033.919189453125,1267.0887451171875,3063.05908203125,1315.548095703125,3048.4891357421875,1291.3184204101562,29.139892578125,48.4593505859375
IMG_0043.mp4,445,14.848166666666668,29.97002997002997,96,1,traffic_lights,0.48804226517677307,3061.615478515625,1266.999267578125,3090.126953125,1313.5677490234375,3075.8712158203125,1290.2835083007812,28.511474609375,46.5684814453125
IMG_0043.mp4,446,14.881533333333334,29.97002997002997,95,1,traffic_lights,0.679887056350708,3033.6298828125,1265.0023193359375,3063.167236328125,1314.5352783203125,3048.3985595703125,1289.768798828125,29.537353515625,49.532958984375
IMG_0043.mp4,446,14.881533333333334,29.97002997002997,96,1,traffic_lights,0.5396426320075989,3062.576416015625,1264.9013671875,3091.015869140625,1312.72216796875,3076.796142578125,1288.811767578125,28.439453125,47.82080078125
IMG_0043.mp4,447,14.9149,29.97002997002997,95,1,traffic_lights,0.7054001092910767,3034.307861328125,1264.4710693359375,3063.208984375,1313.5054931640625,3048.7584228515625,1288.98828125,28.901123046875,49.034423828125
IMG_0043.mp4,447,14.9149,29.97002997002997,96,1,traffic_lights,0.6570116877555847,3062.360595703125,1264.7197265625,3091.32275390625,1312.01025390625,3076.8416748046875,1288.364990234375,28.962158203125,47.29052734375
IMG_0043.mp4,448,14.948266666666667,29.97002997002997,95,1,traffic_lights,0.6474817395210266,3034.361328125,1263.6966552734375,3063.021728515625,1312.041259765625,3048.6915283203125,1287.8689575195312,28.660400390625,48.3446044921875
IMG_0043.mp4,448,14.948266666666667,29.97002997002997,96,1,traffic_lights,0.47331109642982483,3061.761962890625,1263.7945556640625,3091.205322265625,1309.787841796875,3076.483642578125,1286.7911987304688,29.443359375,45.9932861328125
IMG_0043.mp4,449,14.981633333333333,29.97002997002997,95,1,traffic_lights,0.4716593027114868,3034.27490234375,1261.5831298828125,3065.324951171875,1311.570556640625,3049.7999267578125,1286.5768432617188,31.050048828125,49.9874267578125
IMG_0043.mp4,449,14.981633333333333,29.97002997002997,96,1,traffic_lights,0.46547457575798035,3061.034423828125,1261.68798828125,3091.8359375,1309.5826416015625,3076.4351806640625,1285.6353149414062,30.801513671875,47.8946533203125
IMG_0043.mp4,450,15.015,29.97002997002997,95,1,traffic_lights,0.47981882095336914,3034.959228515625,1260.5733642578125,3081.849853515625,1310.9356689453125,3058.404541015625,1285.7545166015625,46.890625,50.3623046875
IMG_0043.mp4,452,15.081733333333334,29.97002997002997,96,1,traffic_lights,0.6439242959022522,3062.370361328125,1258.2889404296875,3091.115478515625,1304.09033203125,3076.742919921875,1281.1896362304688,28.7451171875,45.8013916015625
IMG_0043.mp4,452,15.081733333333334,29.97002997002997,95,1,traffic_lights,0.6539716124534607,3035.296142578125,1257.623779296875,3070.935302734375,1307.665771484375,3053.11572265625,1282.644775390625,35.63916015625,50.0419921875
IMG_0043.mp4,453,15.1151,29.97002997002997,96,1,traffic_lights,0.6449220180511475,3061.526611328125,1257.8740234375,3091.456787109375,1304.004638671875,3076.49169921875,1280.9393310546875,29.93017578125,46.130615234375
IMG_0043.mp4,453,15.1151,29.97002997002997,95,1,traffic_lights,0.6869698166847229,3033.735107421875,1257.173583984375,3065.06298828125,1308.614990234375,3049.3990478515625,1282.894287109375,31.327880859375,51.44140625
IMG_0043.mp4,454,15.148466666666668,29.97002997002997,96,1,traffic_lights,0.5233837366104126,3061.65625,1256.227294921875,3091.813720703125,1302.5009765625,3076.7349853515625,1279.3641357421875,30.157470703125,46.273681640625
IMG_0043.mp4,454,15.148466666666668,29.97002997002997,95,1,traffic_lights,0.47208139300346375,3033.158935546875,1255.6602783203125,3063.644775390625,1307.5518798828125,3048.40185546875,1281.6060791015625,30.48583984375,51.8916015625
IMG_0043.mp4,455,15.181833333333334,29.97002997002997,96,1,traffic_lights,0.37665224075317383,3062.271484375,1255.0843505859375,3092.87158203125,1303.0889892578125,3077.571533203125,1279.086669921875,30.60009765625,48.004638671875
IMG_0043.mp4,455,15.181833333333334,29.97002997002997,95,1,traffic_lights,0.41397610306739807,3034.0693359375,1255.2254638671875,3062.64892578125,1307.232421875,3048.359130859375,1281.2289428710938,28.57958984375,52.0069580078125
IMG_0043.mp4,458,15.281933333333333,29.97002997002997,98,2,traffic_signs,0.5117501616477966,3335.189697265625,1424.1392822265625,3357.19873046875,1453.8824462890625,3346.1942138671875,1439.0108642578125,22.009033203125,29.7431640625
IMG_0043.mp4,459,15.3153,29.97002997002997,98,2,traffic_signs,0.2652699947357178,3337.1337890625,1424.64697265625,3357.53076171875,1453.627197265625,3347.332275390625,1439.1370849609375,20.39697265625,28.980224609375
IMG_0043.mp4,462,15.4154,29.97002997002997,96,1,traffic_lights,0.4993695914745331,3066.388671875,1247.8770751953125,3093.716552734375,1296.2955322265625,3080.0526123046875,1272.0863037109375,27.327880859375,48.41845703125
IMG_0043.mp4,463,15.448766666666668,29.97002997002997,96,1,traffic_lights,0.6041991710662842,3066.9326171875,1246.030517578125,3094.405517578125,1295.2796630859375,3080.6690673828125,1270.6550903320312,27.472900390625,49.2491455078125
IMG_0043.mp4,464,15.482133333333334,29.97002997002997,96,1,traffic_lights,0.6269397735595703,3067.574462890625,1244.5654296875,3095.386474609375,1294.0084228515625,3081.48046875,1269.2869262695312,27.81201171875,49.4429931640625
IMG_0043.mp4,464,15.482133333333334,29.97002997002997,107,1,traffic_lights,0.48364511132240295,3035.596923828125,1244.86669921875,3067.205078125,1295.982421875,3051.4010009765625,1270.424560546875,31.608154296875,51.11572265625
IMG_0043.mp4,465,15.5155,29.97002997002997,96,1,traffic_lights,0.618353545665741,3069.27734375,1243.3768310546875,3096.7255859375,1293.4248046875,3083.00146484375,1268.4008178710938,27.4482421875,50.0479736328125
IMG_0043.mp4,465,15.5155,29.97002997002997,107,1,traffic_lights,0.6237473487854004,3036.598876953125,1243.9300537109375,3068.247802734375,1294.937744140625,3052.42333984375,1269.4338989257812,31.64892578125,51.0076904296875
IMG_0043.mp4,466,15.548866666666667,29.97002997002997,96,1,traffic_lights,0.5443323850631714,3069.1484375,1241.5611572265625,3097.347900390625,1291.5244140625,3083.2481689453125,1266.5427856445312,28.199462890625,49.9632568359375
IMG_0043.mp4,466,15.548866666666667,29.97002997002997,107,1,traffic_lights,0.6368876695632935,3036.810302734375,1241.880126953125,3069.783203125,1293.30029296875,3053.2967529296875,1267.5902099609375,32.972900390625,51.420166015625
IMG_0043.mp4,467,15.582233333333333,29.97002997002997,96,1,traffic_lights,0.5895428657531738,3069.364990234375,1240.48486328125,3098.285400390625,1291.5306396484375,3083.8251953125,1266.0077514648438,28.92041015625,51.0457763671875
IMG_0043.mp4,467,15.582233333333333,29.97002997002997,107,1,traffic_lights,0.6747785806655884,3037.689697265625,1240.86865234375,3069.81591796875,1293.7999267578125,3053.7528076171875,1267.3342895507812,32.126220703125,52.9312744140625
IMG_0043.mp4,468,15.6156,29.97002997002997,96,1,traffic_lights,0.5526389479637146,3069.74169921875,1238.7308349609375,3099.470947265625,1290.516845703125,3084.6063232421875,1264.6238403320312,29.729248046875,51.7860107421875
IMG_0043.mp4,468,15.6156,29.97002997002997,107,1,traffic_lights,0.7108200788497925,3039.444091796875,1239.5311279296875,3070.436767578125,1293.678466796875,3054.9404296875,1266.6047973632812,30.99267578125,54.1473388671875
IMG_0043.mp4,469,15.648966666666666,29.97002997002997,96,1,traffic_lights,0.5346635580062866,3070.38525390625,1236.93505859375,3100.937255859375,1289.444091796875,3085.6612548828125,1263.1895751953125,30.552001953125,52.509033203125
IMG_0043.mp4,469,15.648966666666666,29.97002997002997,107,1,traffic_lights,0.6938881278038025,3040.2451171875,1238.23291015625,3070.160888671875,1292.997314453125,3055.2030029296875,1265.6151123046875,29.915771484375,54.764404296875
IMG_0043.mp4,470,15.682333333333334,29.97002997002997,96,1,traffic_lights,0.4389575719833374,3070.542724609375,1236.039306640625,3101.962890625,1287.0391845703125,3086.2528076171875,1261.5392456054688,31.420166015625,50.9998779296875
IMG_0043.mp4,470,15.682333333333334,29.97002997002997,107,1,traffic_lights,0.6233128309249878,3040.82080078125,1237.2783203125,3069.9072265625,1290.0650634765625,3055.364013671875,1263.6716918945312,29.08642578125,52.7867431640625
IMG_0043.mp4,470,15.682333333333334,29.97002997002997,108,2,traffic_signs,0.4281153678894043,3358.97607421875,1416.442138671875,3381.365478515625,1448.01513671875,3370.1707763671875,1432.2286376953125,22.389404296875,31.572998046875
IMG_0043.mp4,471,15.7157,29.97002997002997,108,2,traffic_signs,0.6742985248565674,3361.4560546875,1416.4019775390625,3382.85205078125,1446.93798828125,3372.154052734375,1431.6699829101562,21.39599609375,30.5360107421875
IMG_0043.mp4,472,15.749066666666668,29.97002997002997,107,1,traffic_lights,0.4497775137424469,3039.925048828125,1233.0853271484375,3074.600830078125,1284.2467041015625,3057.262939453125,1258.666015625,34.67578125,51.161376953125
IMG_0043.mp4,473,15.782433333333334,29.97002997002997,107,1,traffic_lights,0.70750892162323,3041.1591796875,1230.737548828125,3072.97216796875,1282.735595703125,3057.065673828125,1256.736572265625,31.81298828125,51.998046875
IMG_0043.mp4,473,15.782433333333334,29.97002997002997,96,1,traffic_lights,0.4340002238750458,3072.739013671875,1230.41455078125,3105.158447265625,1280.1790771484375,3088.94873046875,1255.2968139648438,32.41943359375,49.7645263671875
IMG_0043.mp4,474,15.8158,29.97002997002997,107,1,traffic_lights,0.6844290494918823,3042.281494140625,1229.2117919921875,3072.9072265625,1280.135986328125,3057.5943603515625,1254.6738891601562,30.625732421875,50.9241943359375
IMG_0043.mp4,474,15.8158,29.97002997002997,96,1,traffic_lights,0.26983949542045593,3073.376953125,1229.122802734375,3106.5009765625,1277.430908203125,3089.93896484375,1253.27685546875,33.1240234375,48.30810546875
IMG_0043.mp4,475,15.849166666666667,29.97002997002997,107,1,traffic_lights,0.6772439479827881,3043.190673828125,1227.58740234375,3073.13232421875,1278.4285888671875,3058.1614990234375,1253.0079956054688,29.941650390625,50.8411865234375
IMG_0043.mp4,475,15.849166666666667,29.97002997002997,96,1,traffic_lights,0.3245410919189453,3074.180908203125,1227.31396484375,3107.33984375,1276.4332275390625,3090.7603759765625,1251.8735961914062,33.158935546875,49.1192626953125
IMG_0043.mp4,476,15.882533333333333,29.97002997002997,107,1,traffic_lights,0.536302924156189,3043.57568359375,1224.3675537109375,3073.03857421875,1276.32861328125,3058.30712890625,1250.3480834960938,29.462890625,51.9610595703125
IMG_0043.mp4,477,15.9159,29.97002997002997,107,1,traffic_lights,0.2859455645084381,3045.279541015625,1223.0784912109375,3075.33642578125,1272.84326171875,3060.3079833984375,1247.9608764648438,30.056884765625,49.7647705078125
IMG_0043.mp4,479,15.982633333333334,29.97002997002997,107,1,traffic_lights,0.6174054145812988,3047.31640625,1220.982421875,3077.291259765625,1271.5003662109375,3062.3038330078125,1246.2413940429688,29.974853515625,50.5179443359375
IMG_0043.mp4,480,16.016000000000002,29.97002997002997,107,1,traffic_lights,0.6216371655464172,3049.050537109375,1219.2769775390625,3077.531494140625,1271.6103515625,3063.291015625,1245.4436645507812,28.48095703125,52.3333740234375
IMG_0043.mp4,480,16.016000000000002,29.97002997002997,96,1,traffic_lights,0.3411852717399597,3081.11669921875,1219.81591796875,3112.6943359375,1267.7686767578125,3096.905517578125,1243.7922973632812,31.57763671875,47.9527587890625
IMG_0043.mp4,481,16.049366666666668,29.97002997002997,107,1,traffic_lights,0.5409607887268066,3050.11572265625,1217.3372802734375,3079.683349609375,1270.500244140625,3064.8995361328125,1243.9187622070312,29.567626953125,53.1629638671875
IMG_0043.mp4,482,16.082733333333334,29.97002997002997,107,1,traffic_lights,0.6504959464073181,3050.337158203125,1215.2039794921875,3080.22216796875,1268.9521484375,3065.2796630859375,1242.0780639648438,29.885009765625,53.7481689453125
IMG_0043.mp4,482,16.082733333333334,29.97002997002997,96,1,traffic_lights,0.3346136510372162,3083.44482421875,1215.6517333984375,3115.408935546875,1266.6944580078125,3099.4268798828125,1241.173095703125,31.964111328125,51.042724609375
IMG_0043.mp4,483,16.1161,29.97002997002997,107,1,traffic_lights,0.6762754917144775,3051.189697265625,1213.4058837890625,3081.6640625,1266.494384765625,3066.4268798828125,1239.9501342773438,30.474365234375,53.0885009765625
IMG_0043.mp4,483,16.1161,29.97002997002997,96,1,traffic_lights,0.5117632746696472,3084.889404296875,1214.373046875,3116.379150390625,1265.843505859375,3100.63427734375,1240.1082763671875,31.48974609375,51.470458984375
IMG_0043.mp4,484,16.149466666666665,29.97002997002997,107,1,traffic_lights,0.608318030834198,3051.678955078125,1211.639404296875,3082.362548828125,1265.079345703125,3067.020751953125,1238.359375,30.68359375,53.43994140625
IMG_0043.mp4,485,16.182833333333335,29.97002997002997,107,1,traffic_lights,0.6854919791221619,3052.578125,1209.68017578125,3084.190185546875,1263.5325927734375,3068.3841552734375,1236.6063842773438,31.612060546875,53.8524169921875
IMG_0043.mp4,486,16.2162,29.97002997002997,107,1,traffic_lights,0.6261288523674011,3053.040771484375,1207.76416015625,3087.11962890625,1261.448486328125,3070.0802001953125,1234.6063232421875,34.078857421875,53.684326171875
IMG_0043.mp4,487,16.249566666666666,29.97002997002997,107,1,traffic_lights,0.4508688449859619,3053.9541015625,1205.384033203125,3092.4296875,1260.1976318359375,3073.19189453125,1232.7908325195312,38.4755859375,54.8135986328125
IMG_0043.mp4,488,16.282933333333332,29.97002997002997,107,1,traffic_lights,0.6702674031257629,3054.87890625,1203.800537109375,3091.2861328125,1257.9639892578125,3073.08251953125,1230.8822631835938,36.4072265625,54.1634521484375
IMG_0043.mp4,501,16.7167,29.97002997002997,118,2,traffic_signs,0.6279926896095276,1009.51611328125,1432.433349609375,1028.032958984375,1458.22607421875,1018.7745361328125,1445.3297119140625,18.516845703125,25.792724609375
IMG_0043.mp4,502,16.750066666666665,29.97002997002997,118,2,traffic_signs,0.4326675236225128,1004.9677734375,1430.514404296875,1021.8527221679688,1454.5487060546875,1013.4102478027344,1442.5315551757812,16.88494873046875,24.0343017578125
IMG_0043.mp4,505,16.850166666666667,29.97002997002997,120,1,traffic_lights,0.39932748675346375,3085.417724609375,1167.5462646484375,3136.50439453125,1200.6173095703125,3110.9610595703125,1184.081787109375,51.086669921875,33.071044921875
IMG_0043.mp4,506,16.883533333333332,29.97002997002997,120,1,traffic_lights,0.41856831312179565,3089.38623046875,1165.716064453125,3137.58740234375,1197.469970703125,3113.48681640625,1181.593017578125,48.201171875,31.75390625
IMG_0043.mp4,507,16.916900000000002,29.97002997002997,120,1,traffic_lights,0.4778613746166229,3093.763916015625,1163.05712890625,3153.234130859375,1193.8807373046875,3123.4990234375,1178.4689331054688,59.47021484375,30.8236083984375
IMG_0043.mp4,507,16.916900000000002,29.97002997002997,121,2,traffic_signs,0.42927563190460205,517.4019775390625,1310.785400390625,588.3670654296875,1350.361572265625,552.884521484375,1330.573486328125,70.965087890625,39.576171875
IMG_0043.mp4,508,16.950266666666668,29.97002997002997,120,1,traffic_lights,0.5803857445716858,3097.379638671875,1158.8040771484375,3166.308349609375,1190.265869140625,3131.843994140625,1174.5349731445312,68.9287109375,31.4617919921875
IMG_0043.mp4,508,16.950266666666668,29.97002997002997,121,2,traffic_signs,0.29543304443359375,508.99151611328125,1308.5272216796875,577.0889892578125,1349.742919921875,543.0402526855469,1329.1350708007812,68.09747314453125,41.2156982421875
IMG_0043.mp4,509,16.983633333333334,29.97002997002997,120,1,traffic_lights,0.7826424837112427,3099.8173828125,1155.8507080078125,3173.145751953125,1186.30517578125,3136.4815673828125,1171.0779418945312,73.328369140625,30.4544677734375
IMG_0043.mp4,509,16.983633333333334,29.97002997002997,121,2,traffic_signs,0.384235680103302,497.3098449707031,1305.5655517578125,567.70654296875,1349.987548828125,532.5081939697266,1327.7765502929688,70.39669799804688,44.4219970703125
IMG_0043.mp4,510,17.017,29.97002997002997,120,1,traffic_lights,0.8100317120552063,3102.62939453125,1154.217041015625,3176.5966796875,1183.0716552734375,3139.613037109375,1168.6443481445312,73.96728515625,28.8546142578125
IMG_0043.mp4,510,17.017,29.97002997002997,121,2,traffic_signs,0.6546177268028259,483.5322265625,1304.0115966796875,553.5693969726562,1348.554443359375,518.5508117675781,1326.2830200195312,70.03717041015625,44.5428466796875
IMG_0043.mp4,511,17.050366666666665,29.97002997002997,120,1,traffic_lights,0.5542621612548828,3104.73876953125,1152.1239013671875,3180.5869140625,1181.1658935546875,3142.662841796875,1166.6448974609375,75.84814453125,29.0419921875
IMG_0043.mp4,512,17.083733333333335,29.97002997002997,120,1,traffic_lights,0.31943580508232117,3107.05517578125,1150.64697265625,3182.997802734375,1176.70947265625,3145.0264892578125,1163.67822265625,75.942626953125,26.0625
IMG_0043.mp4,514,17.150466666666667,29.97002997002997,121,2,traffic_signs,0.7782155275344849,436.0155944824219,1296.7269287109375,504.55584716796875,1342.2149658203125,470.2857208251953,1319.470947265625,68.54025268554688,45.488037109375
IMG_0043.mp4,550,18.351666666666667,29.97002997002997,132,1,traffic_lights,0.34263208508491516,2445.0244140625,1388.5863037109375,2472.352294921875,1446.2061767578125,2458.6883544921875,1417.396240234375,27.327880859375,57.619873046875
IMG_0043.mp4,551,18.385033333333332,29.97002997002997,132,1,traffic_lights,0.39613932371139526,2444.65380859375,1388.814208984375,2472.016845703125,1448.623291015625,2458.3353271484375,1418.71875,27.363037109375,59.80908203125
IMG_0043.mp4,552,18.418400000000002,29.97002997002997,132,1,traffic_lights,0.4514809548854828,2442.185546875,1386.235595703125,2474.29345703125,1449.570068359375,2458.239501953125,1417.90283203125,32.10791015625,63.33447265625
IMG_0043.mp4,553,18.451766666666668,29.97002997002997,132,1,traffic_lights,0.29992374777793884,2442.094482421875,1384.216064453125,2473.90087890625,1450.2327880859375,2457.9976806640625,1417.2244262695312,31.806396484375,66.0167236328125
IMG_0043.mp4,554,18.485133333333334,29.97002997002997,132,1,traffic_lights,0.34791651368141174,2443.9892578125,1383.18408203125,2471.623291015625,1450.6456298828125,2457.8062744140625,1416.9148559570312,27.634033203125,67.4615478515625
IMG_0043.mp4,554,18.485133333333334,29.97002997002997,133,2,traffic_signs,0.4808773994445801,39.86729431152344,1217.8638916015625,170.15049743652344,1305.31640625,105.00889587402344,1261.5901489257812,130.283203125,87.4525146484375
IMG_0043.mp4,555,18.5185,29.97002997002997,132,1,traffic_lights,0.2523423135280609,2442.516357421875,1383.537353515625,2471.011474609375,1448.2314453125,2456.763916015625,1415.8843994140625,28.4951171875,64.694091796875
IMG_0043.mp4,556,18.551866666666665,29.97002997002997,132,1,traffic_lights,0.4599558115005493,2442.706787109375,1382.254150390625,2470.21923828125,1448.0072021484375,2456.4630126953125,1415.1306762695312,27.512451171875,65.7530517578125
IMG_0043.mp4,557,18.585233333333335,29.97002997002997,135,2,traffic_signs,0.5499260425567627,1754.5977783203125,1412.108154296875,1771.1033935546875,1437.2713623046875,1762.8505859375,1424.6897583007812,16.505615234375,25.1632080078125
IMG_0043.mp4,558,18.6186,29.97002997002997,135,2,traffic_signs,0.5420371890068054,1752.72412109375,1411.2230224609375,1769.607177734375,1437.177490234375,1761.1656494140625,1424.2002563476562,16.883056640625,25.9544677734375
IMG_0043.mp4,559,18.651966666666667,29.97002997002997,135,2,traffic_signs,0.5844817161560059,1751.25390625,1410.8975830078125,1768.1868896484375,1436.7183837890625,1759.7203979492188,1423.8079833984375,16.9329833984375,25.82080078125
IMG_0043.mp4,562,18.752066666666668,29.97002997002997,135,2,traffic_signs,0.3073040246963501,1742.714111328125,1409.041015625,1761.2464599609375,1436.61962890625,1751.9802856445312,1422.830322265625,18.5323486328125,27.57861328125
IMG_0043.mp4,565,18.852166666666665,29.97002997002997,135,2,traffic_signs,0.38282904028892517,1733.264404296875,1407.9439697265625,1752.5819091796875,1435.2891845703125,1742.9231567382812,1421.6165771484375,19.3175048828125,27.34521484375
IMG_0043.mp4,566,18.885533333333335,29.97002997002997,135,2,traffic_signs,0.2938024401664734,1731.0546875,1407.3638916015625,1750.1729736328125,1435.1602783203125,1740.6138305664062,1421.2620849609375,19.1182861328125,27.79638671875
IMG_0043.mp4,567,18.9189,29.97002997002997,135,2,traffic_signs,0.45697101950645447,1728.4844970703125,1407.7501220703125,1747.5069580078125,1433.8565673828125,1737.9957275390625,1420.8033447265625,19.0224609375,26.1064453125
IMG_0043.mp4,568,18.952266666666667,29.97002997002997,135,2,traffic_signs,0.5734213590621948,1724.92529296875,1407.470947265625,1743.98095703125,1433.1209716796875,1734.453125,1420.2959594726562,19.0556640625,25.6500244140625
IMG_0043.mp4,569,18.985633333333332,29.97002997002997,135,2,traffic_signs,0.4508872628211975,1721.2353515625,1407.497314453125,1742.0162353515625,1432.0115966796875,1731.6257934570312,1419.7544555664062,20.7808837890625,24.5142822265625
IMG_0043.mp4,570,19.019000000000002,29.97002997002997,135,2,traffic_signs,0.33987513184547424,1719.986328125,1406.843994140625,1741.444091796875,1432.0206298828125,1730.7152099609375,1419.4323120117188,21.457763671875,25.1766357421875
IMG_0043.mp4,577,19.252566666666667,29.97002997002997,135,2,traffic_signs,0.42711353302001953,1699.383544921875,1400.9183349609375,1723.8055419921875,1429.7490234375,1711.5945434570312,1415.3336791992188,24.4219970703125,28.8306884765625
IMG_0043.mp4,579,19.319300000000002,29.97002997002997,135,2,traffic_signs,0.5799671411514282,1696.0045166015625,1399.4940185546875,1716.122314453125,1428.1754150390625,1706.0634155273438,1413.834716796875,20.1177978515625,28.681396484375
IMG_0043.mp4,580,19.352666666666668,29.97002997002997,135,2,traffic_signs,0.6574445366859436,1694.629150390625,1399.498046875,1713.9521484375,1429.2850341796875,1704.2906494140625,1414.3915405273438,19.322998046875,29.7869873046875
IMG_0043.mp4,581,19.386033333333334,29.97002997002997,135,2,traffic_signs,0.4123465418815613,1691.3358154296875,1399.1314697265625,1711.0965576171875,1430.8226318359375,1701.2161865234375,1414.97705078125,19.7607421875,31.691162109375
IMG_0043.mp4,582,19.4194,29.97002997002997,135,2,traffic_signs,0.29525989294052124,1689.3927001953125,1398.7080078125,1709.483154296875,1430.169189453125,1699.4379272460938,1414.4385986328125,20.0904541015625,31.461181640625
IMG_0043.mp4,584,19.486133333333335,29.97002997002997,135,2,traffic_signs,0.42047107219696045,1684.615478515625,1398.0548095703125,1704.9068603515625,1429.7161865234375,1694.7611694335938,1413.885498046875,20.2913818359375,31.661376953125
IMG_0043.mp4,585,19.5195,29.97002997002997,145,1,traffic_lights,0.7490254044532776,2418.36474609375,1354.177001953125,2459.423828125,1430.801025390625,2438.894287109375,1392.489013671875,41.05908203125,76.6240234375
IMG_0043.mp4,585,19.5195,29.97002997002997,135,2,traffic_signs,0.4179583787918091,1679.9627685546875,1398.7161865234375,1700.8505859375,1429.8531494140625,1690.4066772460938,1414.28466796875,20.8878173828125,31.136962890625
IMG_0043.mp4,586,19.552866666666667,29.97002997002997,145,1,traffic_lights,0.49799439311027527,2417.4150390625,1353.2376708984375,2456.46875,1431.393310546875,2436.94189453125,1392.3154907226562,39.0537109375,78.1556396484375
IMG_0043.mp4,586,19.552866666666667,29.97002997002997,135,2,traffic_signs,0.4841759502887726,1677.7005615234375,1399.2137451171875,1698.816162109375,1428.9263916015625,1688.2583618164062,1414.070068359375,21.1156005859375,29.712646484375
IMG_0043.mp4,587,19.586233333333332,29.97002997002997,135,2,traffic_signs,0.5438393354415894,1674.990478515625,1398.6285400390625,1697.9012451171875,1427.1822509765625,1686.4458618164062,1412.9053955078125,22.9107666015625,28.5537109375
IMG_0043.mp4,588,19.619600000000002,29.97002997002997,145,1,traffic_lights,0.35067495703697205,2417.670166015625,1352.1234130859375,2453.845947265625,1431.2454833984375,2435.758056640625,1391.6844482421875,36.17578125,79.1220703125
IMG_0043.mp4,589,19.652966666666668,29.97002997002997,145,1,traffic_lights,0.42660781741142273,2414.19140625,1351.59814453125,2452.775146484375,1433.1658935546875,2433.4832763671875,1392.3820190429688,38.583740234375,81.5677490234375
IMG_0043.mp4,590,19.686333333333334,29.97002997002997,145,1,traffic_lights,0.29068002104759216,2411.8798828125,1350.9674072265625,2451.2890625,1435.3128662109375,2431.58447265625,1393.14013671875,39.4091796875,84.345458984375
IMG_0043.mp4,591,19.7197,29.97002997002997,145,1,traffic_lights,0.511006772518158,2406.413330078125,1349.1041259765625,2450.162353515625,1437.763427734375,2428.287841796875,1393.4337768554688,43.7490234375,88.6593017578125
IMG_0043.mp4,592,19.753066666666665,29.97002997002997,145,1,traffic_lights,0.5697189569473267,2401.668701171875,1347.614990234375,2448.04541015625,1439.66845703125,2424.8570556640625,1393.6417236328125,46.376708984375,92.053466796875
IMG_0043.mp4,593,19.786433333333335,29.97002997002997,145,1,traffic_lights,0.37391287088394165,2398.480712890625,1345.9573974609375,2445.803466796875,1439.0416259765625,2422.14208984375,1392.49951171875,47.32275390625,93.084228515625
IMG_0043.mp4,594,19.8198,29.97002997002997,145,1,traffic_lights,0.8082407712936401,2393.206787109375,1344.6168212890625,2445.875732421875,1432.2803955078125,2419.541259765625,1388.4486083984375,52.6689453125,87.66357421875
IMG_0043.mp4,594,19.8198,29.97002997002997,147,2,traffic_signs,0.7684555053710938,1652.21826171875,1392.6387939453125,1672.52294921875,1425.85791015625,1662.37060546875,1409.2483520507812,20.3046875,33.2191162109375
IMG_0043.mp4,595,19.853166666666667,29.97002997002997,147,2,traffic_signs,0.7350417375564575,1649.7596435546875,1393.2747802734375,1669.7606201171875,1426.0965576171875,1659.7601318359375,1409.6856689453125,20.0009765625,32.82177734375
IMG_0043.mp4,596,19.886533333333333,29.97002997002997,147,2,traffic_signs,0.5047705769538879,1645.88037109375,1392.8900146484375,1665.2247314453125,1424.267822265625,1655.5525512695312,1408.5789184570312,19.3443603515625,31.3778076171875
IMG_0043.mp4,597,19.919900000000002,29.97002997002997,147,2,traffic_signs,0.6533174514770508,1642.5067138671875,1393.9437255859375,1662.2596435546875,1424.41357421875,1652.3831787109375,1409.1786499023438,19.7529296875,30.4698486328125
IMG_0043.mp4,598,19.953266666666668,29.97002997002997,147,2,traffic_signs,0.46340489387512207,1640.2882080078125,1395.1209716796875,1659.3350830078125,1423.3221435546875,1649.8116455078125,1409.2215576171875,19.046875,28.201171875
IMG_0043.mp4,598,19.953266666666668,29.97002997002997,150,2,traffic_signs,0.3892112970352173,2437.11328125,1489.9688720703125,2462.369384765625,1525.0589599609375,2449.7413330078125,1507.513916015625,25.256103515625,35.090087890625
IMG_0043.mp4,599,19.986633333333334,29.97002997002997,147,2,traffic_signs,0.5899413228034973,1637.156494140625,1393.9886474609375,1655.551025390625,1422.5819091796875,1646.353759765625,1408.2852783203125,18.39453125,28.59326171875
IMG_0043.mp4,599,19.986633333333334,29.97002997002997,150,2,traffic_signs,0.6253424882888794,2435.69775390625,1489.550537109375,2461.87939453125,1525.353515625,2448.78857421875,1507.4520263671875,26.181640625,35.802978515625
IMG_0043.mp4,599,19.986633333333334,29.97002997002997,145,1,traffic_lights,0.5179452300071716,2394.78271484375,1341.6015625,2435.19384765625,1420.8463134765625,2414.98828125,1381.2239379882812,40.4111328125,79.2447509765625
IMG_0043.mp4,600,20.02,29.97002997002997,147,2,traffic_signs,0.6159746050834656,1633.5677490234375,1392.0596923828125,1651.720458984375,1422.20068359375,1642.6441040039062,1407.1301879882812,18.1527099609375,30.1409912109375
IMG_0043.mp4,600,20.02,29.97002997002997,150,2,traffic_signs,0.420634001493454,2433.783447265625,1488.814208984375,2460.577880859375,1525.8045654296875,2447.1806640625,1507.3093872070312,26.79443359375,36.9903564453125
IMG_0043.mp4,600,20.02,29.97002997002997,145,1,traffic_lights,0.5829360485076904,2395.554931640625,1340.188720703125,2435.199462890625,1418.8343505859375,2415.377197265625,1379.5115356445312,39.64453125,78.6456298828125
IMG_0043.mp4,601,20.053366666666665,29.97002997002997,147,2,traffic_signs,0.6932097673416138,1630.1922607421875,1390.74853515625,1648.3472900390625,1421.1761474609375,1639.269775390625,1405.9623413085938,18.155029296875,30.4276123046875
IMG_0043.mp4,601,20.053366666666665,29.97002997002997,150,2,traffic_signs,0.7575105428695679,2432.33837890625,1488.3905029296875,2459.634033203125,1526.95703125,2445.9862060546875,1507.6737670898438,27.295654296875,38.5665283203125
IMG_0043.mp4,601,20.053366666666665,29.97002997002997,145,1,traffic_lights,0.7111790776252747,2393.837646484375,1338.228515625,2433.09521484375,1419.1712646484375,2413.4664306640625,1378.6998901367188,39.257568359375,80.9427490234375
IMG_0043.mp4,602,20.086733333333335,29.97002997002997,150,2,traffic_signs,0.4941554069519043,2431.456298828125,1488.501708984375,2458.179931640625,1526.498046875,2444.818115234375,1507.4998779296875,26.7236328125,37.996337890625
IMG_0043.mp4,602,20.086733333333335,29.97002997002997,145,1,traffic_lights,0.7504368424415588,2387.249755859375,1336.1793212890625,2432.301513671875,1419.766845703125,2409.775634765625,1377.9730834960938,45.0517578125,83.5875244140625
IMG_0043.mp4,603,20.1201,29.97002997002997,145,1,traffic_lights,0.5118433833122253,2383.807861328125,1338.1094970703125,2432.978515625,1417.2108154296875,2408.3931884765625,1377.66015625,49.170654296875,79.101318359375
IMG_0043.mp4,604,20.153466666666667,29.97002997002997,145,1,traffic_lights,0.6812941431999207,2385.509033203125,1333.10302734375,2426.365234375,1433.5928955078125,2405.9371337890625,1383.3479614257812,40.856201171875,100.4898681640625
IMG_0043.mp4,604,20.153466666666667,29.97002997002997,147,2,traffic_signs,0.7323288917541504,1615.81103515625,1390.41845703125,1639.96337890625,1422.8101806640625,1627.88720703125,1406.6143188476562,24.15234375,32.3917236328125
IMG_0043.mp4,605,20.186833333333333,29.97002997002997,145,1,traffic_lights,0.6010665893554688,2379.907958984375,1330.49560546875,2427.051025390625,1434.498291015625,2403.4794921875,1382.4969482421875,47.14306640625,104.002685546875
IMG_0043.mp4,605,20.186833333333333,29.97002997002997,147,2,traffic_signs,0.7536391615867615,1611.68798828125,1390.396728515625,1635.2960205078125,1421.72216796875,1623.4920043945312,1406.0594482421875,23.6080322265625,31.325439453125
IMG_0043.mp4,606,20.220200000000002,29.97002997002997,145,1,traffic_lights,0.6699667572975159,2375.6162109375,1328.9998779296875,2426.510498046875,1428.504150390625,2401.0633544921875,1378.7520141601562,50.894287109375,99.5042724609375
IMG_0043.mp4,606,20.220200000000002,29.97002997002997,147,2,traffic_signs,0.7811475992202759,1608.4283447265625,1390.5091552734375,1631.448486328125,1422.2459716796875,1619.9384155273438,1406.3775634765625,23.0201416015625,31.73681640625
IMG_0043.mp4,606,20.220200000000002,29.97002997002997,154,2,traffic_signs,0.4621506333351135,1799.0999755859375,1437.9801025390625,1815.1455078125,1459.21044921875,1807.1227416992188,1448.5952758789062,16.0455322265625,21.2303466796875
IMG_0043.mp4,606,20.220200000000002,29.97002997002997,150,2,traffic_signs,0.49812746047973633,2422.210693359375,1487.5552978515625,2453.318115234375,1527.65234375,2437.764404296875,1507.6038208007812,31.107421875,40.0970458984375
IMG_0043.mp4,607,20.253566666666668,29.97002997002997,145,1,traffic_lights,0.6958121657371521,2372.82958984375,1327.4205322265625,2425.4462890625,1423.4320068359375,2399.137939453125,1375.42626953125,52.61669921875,96.011474609375
IMG_0043.mp4,607,20.253566666666668,29.97002997002997,147,2,traffic_signs,0.7652549743652344,1604.8743896484375,1390.3414306640625,1627.0880126953125,1422.5189208984375,1615.981201171875,1406.43017578125,22.213623046875,32.177490234375
IMG_0043.mp4,607,20.253566666666668,29.97002997002997,154,2,traffic_signs,0.38299453258514404,1796.37451171875,1437.8690185546875,1812.3309326171875,1459.250732421875,1804.3527221679688,1448.5598754882812,15.9564208984375,21.3817138671875
IMG_0043.mp4,607,20.253566666666668,29.97002997002997,150,2,traffic_signs,0.801548421382904,2420.04052734375,1487.599853515625,2451.83203125,1529.11328125,2435.936279296875,1508.3565673828125,31.79150390625,41.513427734375
IMG_0043.mp4,608,20.286933333333334,29.97002997002997,145,1,traffic_lights,0.40196657180786133,2373.37548828125,1326.332763671875,2420.482177734375,1415.1324462890625,2396.9288330078125,1370.7326049804688,47.106689453125,88.7996826171875
IMG_0043.mp4,608,20.286933333333334,29.97002997002997,147,2,traffic_signs,0.7647754549980164,1601.829345703125,1389.8914794921875,1623.1993408203125,1421.4130859375,1612.5143432617188,1405.6522827148438,21.3699951171875,31.5216064453125
IMG_0043.mp4,608,20.286933333333334,29.97002997002997,154,2,traffic_signs,0.29234516620635986,1793.910888671875,1437.5028076171875,1809.1376953125,1459.902099609375,1801.5242919921875,1448.7024536132812,15.226806640625,22.3992919921875
IMG_0043.mp4,608,20.286933333333334,29.97002997002997,150,2,traffic_signs,0.7978488802909851,2418.03955078125,1487.860595703125,2450.2724609375,1529.627197265625,2434.156005859375,1508.743896484375,32.23291015625,41.7666015625
IMG_0043.mp4,609,20.3203,29.97002997002997,145,1,traffic_lights,0.4794244170188904,2373.02001953125,1325.8284912109375,2419.051025390625,1411.766357421875,2396.0355224609375,1368.7974243164062,46.031005859375,85.9378662109375
IMG_0043.mp4,609,20.3203,29.97002997002997,147,2,traffic_signs,0.7637189626693726,1599.26904296875,1389.3861083984375,1620.385009765625,1420.601806640625,1609.8270263671875,1404.9939575195312,21.115966796875,31.2156982421875
IMG_0043.mp4,609,20.3203,29.97002997002997,150,2,traffic_signs,0.7355526089668274,2416.49609375,1487.7347412109375,2448.25,1528.8939208984375,2432.373046875,1508.3143310546875,31.75390625,41.1591796875
IMG_0043.mp4,610,20.353666666666665,29.97002997002997,145,1,traffic_lights,0.5607934594154358,2371.40087890625,1324.773193359375,2419.019775390625,1411.5625,2395.2103271484375,1368.1678466796875,47.618896484375,86.789306640625
IMG_0043.mp4,610,20.353666666666665,29.97002997002997,147,2,traffic_signs,0.6385571360588074,1595.5145263671875,1387.9044189453125,1616.4730224609375,1419.9132080078125,1605.9937744140625,1403.9088134765625,20.95849609375,32.0087890625
IMG_0043.mp4,610,20.353666666666665,29.97002997002997,150,2,traffic_signs,0.7065757513046265,2414.46142578125,1487.338134765625,2446.837158203125,1528.84521484375,2430.6492919921875,1508.0916748046875,32.375732421875,41.507080078125
IMG_0043.mp4,611,20.387033333333335,29.97002997002997,145,1,traffic_lights,0.6533556580543518,2369.4697265625,1323.5716552734375,2419.328857421875,1411.40380859375,2394.3992919921875,1367.4877319335938,49.859130859375,87.8321533203125
IMG_0043.mp4,611,20.387033333333335,29.97002997002997,147,2,traffic_signs,0.7779222726821899,1591.361572265625,1388.0137939453125,1613.162841796875,1420.115478515625,1602.26220703125,1404.0646362304688,21.80126953125,32.1016845703125
IMG_0043.mp4,611,20.387033333333335,29.97002997002997,150,2,traffic_signs,0.665460467338562,2412.981201171875,1486.7628173828125,2445.72119140625,1528.681884765625,2429.3511962890625,1507.7223510742188,32.739990234375,41.9190673828125
IMG_0043.mp4,611,20.387033333333335,29.97002997002997,154,2,traffic_signs,0.3674633204936981,1783.8502197265625,1437.10791015625,1799.719482421875,1459.01025390625,1791.7848510742188,1448.05908203125,15.8692626953125,21.90234375
IMG_0043.mp4,612,20.4204,29.97002997002997,145,1,traffic_lights,0.4904646873474121,2367.7197265625,1322.25146484375,2418.27001953125,1411.373291015625,2392.994873046875,1366.8123779296875,50.55029296875,89.121826171875
IMG_0043.mp4,612,20.4204,29.97002997002997,147,2,traffic_signs,0.7938718199729919,1588.046630859375,1388.6566162109375,1609.9261474609375,1420.359619140625,1598.9863891601562,1404.5081176757812,21.8795166015625,31.7030029296875
IMG_0043.mp4,612,20.4204,29.97002997002997,150,2,traffic_signs,0.655499279499054,2411.429443359375,1485.8485107421875,2444.43115234375,1527.97216796875,2427.9302978515625,1506.9103393554688,33.001708984375,42.1236572265625
IMG_0043.mp4,612,20.4204,29.97002997002997,154,2,traffic_signs,0.36736100912094116,1781.3427734375,1436.5377197265625,1797.094970703125,1459.4500732421875,1789.2188720703125,1447.993896484375,15.752197265625,22.912353515625
IMG_0043.mp4,613,20.453766666666667,29.97002997002997,145,1,traffic_lights,0.629136860370636,2362.926513671875,1322.201904296875,2417.2939453125,1411.5501708984375,2390.1102294921875,1366.8760375976562,54.367431640625,89.3482666015625
IMG_0043.mp4,613,20.453766666666667,29.97002997002997,147,2,traffic_signs,0.793254554271698,1584.30810546875,1389.178955078125,1606.5445556640625,1420.707275390625,1595.4263305664062,1404.943115234375,22.2364501953125,31.5283203125
IMG_0043.mp4,613,20.453766666666667,29.97002997002997,150,2,traffic_signs,0.3846094012260437,2409.498779296875,1485.476318359375,2443.828369140625,1527.2861328125,2426.66357421875,1506.3812255859375,34.32958984375,41.809814453125
IMG_0043.mp4,613,20.453766666666667,29.97002997002997,154,2,traffic_signs,0.3472530245780945,1779.956298828125,1436.5406494140625,1795.3411865234375,1458.7130126953125,1787.6487426757812,1447.6268310546875,15.3848876953125,22.17236328125
IMG_0043.mp4,614,20.487133333333333,29.97002997002997,145,1,traffic_lights,0.7031817436218262,2357.484619140625,1320.474365234375,2416.460693359375,1410.9669189453125,2386.97265625,1365.7206420898438,58.97607421875,90.4925537109375
IMG_0043.mp4,614,20.487133333333333,29.97002997002997,147,2,traffic_signs,0.7796285152435303,1579.8154296875,1388.164306640625,1602.4613037109375,1420.5538330078125,1591.1383666992188,1404.3590698242188,22.6458740234375,32.3895263671875
IMG_0043.mp4,614,20.487133333333333,29.97002997002997,150,2,traffic_signs,0.6680475473403931,2406.220458984375,1485.614501953125,2441.9658203125,1527.0413818359375,2424.0931396484375,1506.3279418945312,35.745361328125,41.4268798828125
IMG_0043.mp4,614,20.487133333333333,29.97002997002997,154,2,traffic_signs,0.25549420714378357,1776.1898193359375,1436.663330078125,1791.628662109375,1458.6820068359375,1783.9092407226562,1447.6726684570312,15.4388427734375,22.0186767578125
IMG_0043.mp4,615,20.520500000000002,29.97002997002997,145,1,traffic_lights,0.7135637998580933,2353.10302734375,1318.50390625,2415.928955078125,1410.40576171875,2384.5159912109375,1364.454833984375,62.825927734375,91.90185546875
IMG_0043.mp4,615,20.520500000000002,29.97002997002997,147,2,traffic_signs,0.7811762690544128,1576.7288818359375,1387.620361328125,1599.1966552734375,1419.9139404296875,1587.9627685546875,1403.7671508789062,22.4677734375,32.2935791015625
IMG_0043.mp4,615,20.520500000000002,29.97002997002997,150,2,traffic_signs,0.6056804060935974,2404.82373046875,1485.3524169921875,2440.0576171875,1526.166015625,2422.440673828125,1505.7592163085938,35.23388671875,40.8135986328125
IMG_0043.mp4,616,20.553866666666668,29.97002997002997,145,1,traffic_lights,0.6705290675163269,2351.310302734375,1317.4169921875,2413.68359375,1410.1593017578125,2382.4969482421875,1363.7881469726562,62.373291015625,92.7423095703125
IMG_0043.mp4,616,20.553866666666668,29.97002997002997,147,2,traffic_signs,0.6947514414787292,1573.13525390625,1387.4818115234375,1596.1612548828125,1419.7030029296875,1584.6482543945312,1403.5924072265625,23.0260009765625,32.22119140625
IMG_0043.mp4,617,20.587233333333334,29.97002997002997,145,1,traffic_lights,0.65910804271698,2350.79443359375,1315.5498046875,2414.25341796875,1409.460693359375,2382.52392578125,1362.5052490234375,63.458984375,93.910888671875
IMG_0043.mp4,617,20.587233333333334,29.97002997002997,147,2,traffic_signs,0.7703024744987488,1567.218505859375,1387.83935546875,1590.7921142578125,1419.2525634765625,1579.0053100585938,1403.5459594726562,23.5736083984375,31.4132080078125
IMG_0043.mp4,618,20.6206,29.97002997002997,145,1,traffic_lights,0.42827147245407104,2352.637939453125,1313.209716796875,2411.04443359375,1415.1279296875,2381.8411865234375,1364.1688232421875,58.406494140625,101.918212890625
IMG_0043.mp4,618,20.6206,29.97002997002997,147,2,traffic_signs,0.626032829284668,1561.6431884765625,1386.9295654296875,1588.3306884765625,1419.2850341796875,1574.9869384765625,1403.1072998046875,26.6875,32.35546875
IMG_0043.mp4,619,20.653966666666665,29.97002997002997,147,2,traffic_signs,0.8028948903083801,1557.6348876953125,1386.0911865234375,1583.7198486328125,1416.8475341796875,1570.6773681640625,1401.4693603515625,26.0849609375,30.75634765625
IMG_0043.mp4,619,20.653966666666665,29.97002997002997,150,2,traffic_signs,0.8359426856040955,2395.44970703125,1485.560791015625,2434.23876953125,1527.555419921875,2414.84423828125,1506.55810546875,38.7890625,41.99462890625
IMG_0043.mp4,620,20.687333333333335,29.97002997002997,150,2,traffic_signs,0.824286162853241,2393.705322265625,1484.132568359375,2433.3779296875,1526.7003173828125,2413.5416259765625,1505.4164428710938,39.672607421875,42.5677490234375
IMG_0043.mp4,620,20.687333333333335,29.97002997002997,145,1,traffic_lights,0.3986565172672272,2350.350830078125,1314.5338134765625,2397.36474609375,1408.7000732421875,2373.8577880859375,1361.616943359375,47.013916015625,94.166259765625
IMG_0043.mp4,621,20.7207,29.97002997002997,150,2,traffic_signs,0.7275359630584717,2393.88525390625,1482.98876953125,2432.002685546875,1525.9234619140625,2412.9439697265625,1504.4561157226562,38.117431640625,42.9346923828125
IMG_0043.mp4,621,20.7207,29.97002997002997,145,1,traffic_lights,0.4162501096725464,2348.063720703125,1312.437255859375,2398.678466796875,1408.7103271484375,2373.37109375,1360.5737915039062,50.61474609375,96.2730712890625
IMG_0043.mp4,621,20.7207,29.97002997002997,147,2,traffic_signs,0.8094159960746765,1551.9605712890625,1383.554443359375,1575.5931396484375,1416.5716552734375,1563.77685546875,1400.0630493164062,23.632568359375,33.0172119140625
IMG_0043.mp4,622,20.754066666666667,29.97002997002997,150,2,traffic_signs,0.8302432298660278,2392.390625,1482.782470703125,2430.640869140625,1526.50732421875,2411.5157470703125,1504.6448974609375,38.250244140625,43.724853515625
IMG_0043.mp4,622,20.754066666666667,29.97002997002997,145,1,traffic_lights,0.48044246435165405,2349.30810546875,1312.749267578125,2394.332763671875,1405.9593505859375,2371.8204345703125,1359.3543090820312,45.024658203125,93.2100830078125
IMG_0043.mp4,622,20.754066666666667,29.97002997002997,147,2,traffic_signs,0.7615298628807068,1549.15771484375,1383.4193115234375,1572.50244140625,1416.189697265625,1560.830078125,1399.8045043945312,23.3447265625,32.7703857421875
IMG_0043.mp4,623,20.787433333333333,29.97002997002997,150,2,traffic_signs,0.7549149990081787,2390.830322265625,1482.4134521484375,2427.618896484375,1525.652099609375,2409.224609375,1504.0327758789062,36.78857421875,43.2386474609375
IMG_0043.mp4,623,20.787433333333333,29.97002997002997,145,1,traffic_lights,0.5811354517936707,2347.479736328125,1310.9600830078125,2391.703857421875,1403.80322265625,2369.591796875,1357.3816528320312,44.22412109375,92.8431396484375
IMG_0043.mp4,623,20.787433333333333,29.97002997002997,147,2,traffic_signs,0.6715143322944641,1545.4168701171875,1382.1109619140625,1569.2303466796875,1415.3231201171875,1557.3236083984375,1398.717041015625,23.8134765625,33.212158203125
IMG_0043.mp4,624,20.820800000000002,29.97002997002997,145,1,traffic_lights,0.5669385194778442,2346.79296875,1308.53173828125,2388.72900390625,1400.7030029296875,2367.760986328125,1354.6173706054688,41.93603515625,92.1712646484375
IMG_0043.mp4,624,20.820800000000002,29.97002997002997,147,2,traffic_signs,0.7269670963287354,1541.4833984375,1382.9652099609375,1564.9049072265625,1415.6009521484375,1553.1941528320312,1399.2830810546875,23.4215087890625,32.6357421875
IMG_0043.mp4,625,20.854166666666668,29.97002997002997,145,1,traffic_lights,0.6572226881980896,2342.614501953125,1306.7698974609375,2386.3515625,1399.5810546875,2364.4830322265625,1353.1754760742188,43.737060546875,92.8111572265625
IMG_0043.mp4,625,20.854166666666668,29.97002997002997,147,2,traffic_signs,0.7843406796455383,1538.071533203125,1382.9886474609375,1562.2320556640625,1416.1119384765625,1550.1517944335938,1399.55029296875,24.1605224609375,33.123291015625
IMG_0043.mp4,626,20.887533333333334,29.97002997002997,145,1,traffic_lights,0.7510404586791992,2333.310302734375,1304.047119140625,2387.0927734375,1400.2193603515625,2360.2015380859375,1352.1332397460938,53.782470703125,96.1722412109375
IMG_0043.mp4,626,20.887533333333334,29.97002997002997,147,2,traffic_signs,0.7753790020942688,1535.264404296875,1382.590576171875,1558.7198486328125,1415.75244140625,1546.9921264648438,1399.1715087890625,23.4554443359375,33.161865234375
IMG_0043.mp4,627,20.9209,29.97002997002997,147,2,traffic_signs,0.7488745450973511,1530.1630859375,1382.6187744140625,1554.86669921875,1415.4793701171875,1542.514892578125,1399.049072265625,24.70361328125,32.860595703125
IMG_0043.mp4,628,20.954266666666665,29.97002997002997,147,2,traffic_signs,0.7148216962814331,1526.7119140625,1382.4715576171875,1550.7581787109375,1415.1280517578125,1538.7350463867188,1398.7998046875,24.0462646484375,32.656494140625
IMG_0043.mp4,628,20.954266666666665,29.97002997002997,150,2,traffic_signs,0.8418416976928711,2377.043212890625,1481.5391845703125,2417.496826171875,1528.4599609375,2397.27001953125,1504.9995727539062,40.45361328125,46.9207763671875
IMG_0043.mp4,628,20.954266666666665,29.97002997002997,145,1,traffic_lights,0.7416890263557434,2321.81494140625,1304.28857421875,2382.633056640625,1399.78515625,2352.2239990234375,1352.036865234375,60.818115234375,95.49658203125
IMG_0043.mp4,629,20.987633333333335,29.97002997002997,147,2,traffic_signs,0.5427548885345459,1522.5169677734375,1381.14892578125,1547.7745361328125,1413.9970703125,1535.145751953125,1397.572998046875,25.257568359375,32.84814453125
IMG_0043.mp4,629,20.987633333333335,29.97002997002997,150,2,traffic_signs,0.7664069533348083,2377.076416015625,1482.6280517578125,2415.616943359375,1527.999755859375,2396.3466796875,1505.3139038085938,38.54052734375,45.3717041015625
IMG_0043.mp4,629,20.987633333333335,29.97002997002997,145,1,traffic_lights,0.6370839476585388,2323.43798828125,1303.5799560546875,2377.281982421875,1399.02783203125,2350.3599853515625,1351.3038940429688,53.843994140625,95.4478759765625
IMG_0043.mp4,630,21.021,29.97002997002997,147,2,traffic_signs,0.39750802516937256,1518.5126953125,1380.7889404296875,1544.7830810546875,1413.4122314453125,1531.6478881835938,1397.1005859375,26.2703857421875,32.623291015625
IMG_0043.mp4,630,21.021,29.97002997002997,150,2,traffic_signs,0.3061429262161255,2377.143310546875,1483.3851318359375,2413.562744140625,1528.249755859375,2395.35302734375,1505.8174438476562,36.41943359375,44.8646240234375
IMG_0043.mp4,630,21.021,29.97002997002997,145,1,traffic_lights,0.6745859980583191,2323.760498046875,1300.6400146484375,2372.65576171875,1397.9215087890625,2348.2081298828125,1349.28076171875,48.895263671875,97.281494140625
IMG_0043.mp4,631,21.054366666666667,29.97002997002997,150,2,traffic_signs,0.6570199728012085,2376.07568359375,1483.0650634765625,2411.870361328125,1528.681640625,2393.9730224609375,1505.8733520507812,35.794677734375,45.6165771484375
IMG_0043.mp4,631,21.054366666666667,29.97002997002997,145,1,traffic_lights,0.6780051589012146,2324.7041015625,1299.0489501953125,2369.515625,1397.0076904296875,2347.10986328125,1348.0283203125,44.8115234375,97.958740234375
IMG_0043.mp4,632,21.087733333333333,29.97002997002997,145,1,traffic_lights,0.7602162957191467,2326.812744140625,1296.6275634765625,2367.6787109375,1395.6295166015625,2347.2457275390625,1346.1285400390625,40.865966796875,99.001953125
IMG_0043.mp4,633,21.121100000000002,29.97002997002997,145,1,traffic_lights,0.786245584487915,2326.619873046875,1295.05322265625,2365.941650390625,1394.21142578125,2346.28076171875,1344.63232421875,39.32177734375,99.158203125
IMG_0043.mp4,634,21.154466666666668,29.97002997002997,145,1,traffic_lights,0.7544333934783936,2325.3408203125,1293.96533203125,2364.84033203125,1393.2239990234375,2345.090576171875,1343.5946655273438,39.49951171875,99.2586669921875
IMG_0043.mp4,635,21.187833333333334,29.97002997002997,145,1,traffic_lights,0.6010880470275879,2321.9462890625,1294.2239990234375,2364.750732421875,1392.767578125,2343.3485107421875,1343.4957885742188,42.804443359375,98.5435791015625
IMG_0043.mp4,637,21.254566666666665,29.97002997002997,145,1,traffic_lights,0.7716121673583984,2298.03857421875,1290.54736328125,2346.15966796875,1391.395751953125,2322.09912109375,1340.9715576171875,48.12109375,100.848388671875
IMG_0043.mp4,638,21.287933333333335,29.97002997002997,145,1,traffic_lights,0.5536881685256958,2292.26220703125,1286.68115234375,2349.930419921875,1390.894775390625,2321.0963134765625,1338.7879638671875,57.668212890625,104.213623046875
IMG_0043.mp4,638,21.287933333333335,29.97002997002997,150,2,traffic_signs,0.7968465089797974,2361.44677734375,1482.4130859375,2398.670166015625,1529.98095703125,2380.0584716796875,1506.197021484375,37.223388671875,47.56787109375
IMG_0043.mp4,639,21.3213,29.97002997002997,145,1,traffic_lights,0.5314392447471619,2289.71484375,1283.248779296875,2348.481689453125,1389.3408203125,2319.0982666015625,1336.2947998046875,58.766845703125,106.092041015625
IMG_0043.mp4,639,21.3213,29.97002997002997,150,2,traffic_signs,0.7835509777069092,2359.319580078125,1481.5340576171875,2396.765625,1529.9462890625,2378.0426025390625,1505.7401733398438,37.446044921875,48.4122314453125
IMG_0043.mp4,640,21.354666666666667,29.97002997002997,145,1,traffic_lights,0.5114449858665466,2291.14892578125,1281.7144775390625,2347.73486328125,1389.0419921875,2319.44189453125,1335.3782348632812,56.5859375,107.3275146484375
IMG_0043.mp4,640,21.354666666666667,29.97002997002997,150,2,traffic_signs,0.6322271823883057,2356.7685546875,1481.0284423828125,2395.27734375,1530.4869384765625,2376.02294921875,1505.7576904296875,38.5087890625,49.45849609375
IMG_0043.mp4,640,21.354666666666667,29.97002997002997,164,1,traffic_lights,0.5220651030540466,2303.26513671875,1283.23974609375,2348.883056640625,1387.8900146484375,2326.0740966796875,1335.5648803710938,45.617919921875,104.6502685546875
IMG_0043.mp4,641,21.388033333333333,29.97002997002997,150,2,traffic_signs,0.8667097687721252,2353.192138671875,1479.743896484375,2393.161865234375,1529.9212646484375,2373.177001953125,1504.8325805664062,39.9697265625,50.1773681640625
IMG_0043.mp4,641,21.388033333333333,29.97002997002997,164,1,traffic_lights,0.5532441139221191,2300.482177734375,1280.5797119140625,2346.88330078125,1387.8179931640625,2323.6827392578125,1334.1988525390625,46.401123046875,107.23828125
IMG_0043.mp4,641,21.388033333333333,29.97002997002997,147,2,traffic_signs,0.42311787605285645,1481.5777587890625,1375.7294921875,1505.8109130859375,1411.5760498046875,1493.6943359375,1393.6527709960938,24.233154296875,35.8465576171875
IMG_0043.mp4,642,21.421400000000002,29.97002997002997,150,2,traffic_signs,0.8514076471328735,2350.582275390625,1479.250732421875,2390.1923828125,1529.0072021484375,2370.3873291015625,1504.1289672851562,39.610107421875,49.7564697265625
IMG_0043.mp4,642,21.421400000000002,29.97002997002997,164,1,traffic_lights,0.7172427177429199,2302.221923828125,1279.1365966796875,2345.3525390625,1387.5859375,2323.7872314453125,1333.3612670898438,43.130615234375,108.4493408203125
IMG_0043.mp4,642,21.421400000000002,29.97002997002997,166,2,traffic_signs,0.4130222797393799,1939.165771484375,1432.2806396484375,1948.3399658203125,1455.452392578125,1943.7528686523438,1443.8665161132812,9.1741943359375,23.1717529296875
IMG_0043.mp4,643,21.454766666666668,29.97002997002997,150,2,traffic_signs,0.8465611934661865,2347.93212890625,1478.6806640625,2387.9404296875,1530.01611328125,2367.936279296875,1504.348388671875,40.00830078125,51.33544921875
IMG_0043.mp4,643,21.454766666666668,29.97002997002997,164,1,traffic_lights,0.7775704860687256,2303.553466796875,1279.1383056640625,2342.985107421875,1387.1002197265625,2323.269287109375,1333.1192626953125,39.431640625,107.9619140625
IMG_0043.mp4,643,21.454766666666668,29.97002997002997,166,2,traffic_signs,0.3989536762237549,1937.7333984375,1432.334228515625,1946.6309814453125,1455.337646484375,1942.1821899414062,1443.8359375,8.8975830078125,23.00341796875
IMG_0043.mp4,643,21.454766666666668,29.97002997002997,147,2,traffic_signs,0.3182266652584076,1474.888427734375,1372.9639892578125,1497.6939697265625,1410.47509765625,1486.2911987304688,1391.7195434570312,22.8055419921875,37.5111083984375
IMG_0043.mp4,644,21.488133333333334,29.97002997002997,150,2,traffic_signs,0.8385780453681946,2346.1181640625,1478.2408447265625,2386.008056640625,1529.950439453125,2366.0631103515625,1504.0956420898438,39.889892578125,51.7095947265625
IMG_0043.mp4,644,21.488133333333334,29.97002997002997,164,1,traffic_lights,0.7228716015815735,2303.0029296875,1279.720703125,2341.099853515625,1385.5499267578125,2322.0513916015625,1332.6353149414062,38.096923828125,105.8292236328125
IMG_0043.mp4,644,21.488133333333334,29.97002997002997,166,2,traffic_signs,0.3565020263195038,1936.4124755859375,1430.6842041015625,1946.3341064453125,1455.68408203125,1941.373291015625,1443.1841430664062,9.921630859375,24.9998779296875
IMG_0043.mp4,644,21.488133333333334,29.97002997002997,170,1,traffic_lights,0.49673086404800415,2350.113037109375,1313.2672119140625,2386.09765625,1384.913330078125,2368.1053466796875,1349.0902709960938,35.984619140625,71.6461181640625
IMG_0043.mp4,645,21.5215,29.97002997002997,147,2,traffic_signs,0.5558583736419678,1466.794921875,1373.78369140625,1492.4456787109375,1408.007080078125,1479.6203002929688,1390.8953857421875,25.6507568359375,34.223388671875
IMG_0043.mp4,646,21.554866666666666,29.97002997002997,147,2,traffic_signs,0.701112687587738,1461.595458984375,1372.92138671875,1490.2916259765625,1408.7760009765625,1475.9435424804688,1390.8486938476562,28.6961669921875,35.8546142578125
IMG_0043.mp4,646,21.554866666666666,29.97002997002997,164,1,traffic_lights,0.43404051661491394,2296.510009765625,1278.173583984375,2337.8046875,1380.42822265625,2317.1573486328125,1329.3009033203125,41.294677734375,102.254638671875
IMG_0043.mp4,647,21.588233333333335,29.97002997002997,147,2,traffic_signs,0.6528213620185852,1458.769775390625,1373.3809814453125,1486.14599609375,1408.2559814453125,1472.4578857421875,1390.8184814453125,27.376220703125,34.875
IMG_0043.mp4,647,21.588233333333335,29.97002997002997,150,2,traffic_signs,0.6925954222679138,2339.55712890625,1477.466064453125,2381.07958984375,1530.1661376953125,2360.318359375,1503.8161010742188,41.5224609375,52.7000732421875
IMG_0043.mp4,648,21.6216,29.97002997002997,147,2,traffic_signs,0.5640309453010559,1455.82421875,1373.995849609375,1482.41748046875,1408.0272216796875,1469.120849609375,1391.0115356445312,26.59326171875,34.0313720703125
IMG_0043.mp4,648,21.6216,29.97002997002997,150,2,traffic_signs,0.8508853316307068,2336.5302734375,1477.4410400390625,2379.327392578125,1530.8359375,2357.9288330078125,1504.1384887695312,42.797119140625,53.3948974609375
IMG_0043.mp4,648,21.6216,29.97002997002997,164,1,traffic_lights,0.3066609501838684,2286.81103515625,1274.0057373046875,2332.146484375,1379.6767578125,2309.478759765625,1326.8412475585938,45.33544921875,105.6710205078125
IMG_0043.mp4,649,21.654966666666667,29.97002997002997,147,2,traffic_signs,0.36464807391166687,1452.8931884765625,1374.3955078125,1478.875,1407.1968994140625,1465.8840942382812,1390.7962036132812,25.9818115234375,32.8013916015625
IMG_0043.mp4,649,21.654966666666667,29.97002997002997,150,2,traffic_signs,0.8824295997619629,2333.679931640625,1477.448486328125,2378.354736328125,1531.3238525390625,2356.017333984375,1504.3861694335938,44.6748046875,53.8753662109375
IMG_0043.mp4,649,21.654966666666667,29.97002997002997,176,1,traffic_lights,0.4325481057167053,2257.59765625,1305.919677734375,2286.9736328125,1373.2501220703125,2272.28564453125,1339.5848999023438,29.3759765625,67.3304443359375
IMG_0043.mp4,649,21.654966666666667,29.97002997002997,164,1,traffic_lights,0.32833799719810486,2285.373046875,1273.16015625,2327.57470703125,1377.96044921875,2306.473876953125,1325.560302734375,42.20166015625,104.80029296875
IMG_0043.mp4,650,21.688333333333333,29.97002997002997,147,2,traffic_signs,0.4276192784309387,1450.31005859375,1373.632568359375,1474.849365234375,1407.3900146484375,1462.5797119140625,1390.5112915039062,24.539306640625,33.7574462890625
IMG_0043.mp4,650,21.688333333333333,29.97002997002997,150,2,traffic_signs,0.8780508637428284,2330.993408203125,1477.13037109375,2376.804443359375,1531.4454345703125,2353.89892578125,1504.2879028320312,45.81103515625,54.3150634765625
IMG_0043.mp4,650,21.688333333333333,29.97002997002997,176,1,traffic_lights,0.435455322265625,2256.330322265625,1303.4981689453125,2286.859619140625,1373.4224853515625,2271.594970703125,1338.4603271484375,30.529296875,69.92431640625
IMG_0043.mp4,650,21.688333333333333,29.97002997002997,164,1,traffic_lights,0.4543241262435913,2282.130615234375,1271.9583740234375,2323.58544921875,1377.72705078125,2302.8580322265625,1324.8427124023438,41.454833984375,105.7686767578125
IMG_0043.mp4,651,21.721700000000002,29.97002997002997,147,2,traffic_signs,0.426557332277298,1447.7818603515625,1373.6439208984375,1472.1141357421875,1407.5225830078125,1459.947998046875,1390.583251953125,24.332275390625,33.878662109375
IMG_0043.mp4,651,21.721700000000002,29.97002997002997,150,2,traffic_signs,0.7012107968330383,2329.04541015625,1476.919921875,2374.26123046875,1531.1497802734375,2351.6533203125,1504.0348510742188,45.2158203125,54.2298583984375
IMG_0043.mp4,651,21.721700000000002,29.97002997002997,176,1,traffic_lights,0.5715678930282593,2253.524658203125,1303.7860107421875,2284.8447265625,1373.044189453125,2269.1846923828125,1338.4151000976562,31.320068359375,69.2581787109375
IMG_0043.mp4,651,21.721700000000002,29.97002997002997,164,1,traffic_lights,0.45011386275291443,2281.90771484375,1272.02294921875,2321.104736328125,1377.1668701171875,2301.5062255859375,1324.5949096679688,39.197021484375,105.1439208984375
IMG_0043.mp4,652,21.755066666666668,29.97002997002997,147,2,traffic_signs,0.2557418942451477,1444.7427978515625,1374.1292724609375,1469.2060546875,1406.6856689453125,1456.9744262695312,1390.407470703125,24.4632568359375,32.556396484375
IMG_0043.mp4,652,21.755066666666668,29.97002997002997,150,2,traffic_signs,0.8388451933860779,2327.428466796875,1477.0142822265625,2371.830810546875,1531.5357666015625,2349.629638671875,1504.2750244140625,44.40234375,54.521484375
IMG_0043.mp4,652,21.755066666666668,29.97002997002997,176,1,traffic_lights,0.6779195666313171,2250.375244140625,1304.0577392578125,2281.837890625,1373.323974609375,2266.1065673828125,1338.6908569335938,31.462646484375,69.2662353515625
IMG_0043.mp4,652,21.755066666666668,29.97002997002997,164,1,traffic_lights,0.40723925828933716,2281.10595703125,1268.50439453125,2319.83544921875,1374.1663818359375,2300.470703125,1321.3353881835938,38.7294921875,105.6619873046875
IMG_0043.mp4,652,21.755066666666668,29.97002997002997,170,1,traffic_lights,0.7014950513839722,2331.787109375,1306.944091796875,2373.156005859375,1376.4189453125,2352.4715576171875,1341.6815185546875,41.368896484375,69.474853515625
IMG_0043.mp4,653,21.788433333333334,29.97002997002997,147,2,traffic_signs,0.5341835021972656,1441.293701171875,1373.135498046875,1465.1072998046875,1405.3856201171875,1453.2005004882812,1389.2605590820312,23.8135986328125,32.2501220703125
IMG_0043.mp4,653,21.788433333333334,29.97002997002997,150,2,traffic_signs,0.8506860733032227,2325.32763671875,1476.8470458984375,2370.322021484375,1531.70361328125,2347.8248291015625,1504.2753295898438,44.994384765625,54.8565673828125
IMG_0043.mp4,653,21.788433333333334,29.97002997002997,176,1,traffic_lights,0.4763186573982239,2245.369384765625,1300.8138427734375,2278.45166015625,1372.8558349609375,2261.9105224609375,1336.8348388671875,33.082275390625,72.0419921875
IMG_0043.mp4,653,21.788433333333334,29.97002997002997,164,1,traffic_lights,0.26898473501205444,2280.6474609375,1270.413818359375,2318.529052734375,1374.7816162109375,2299.5882568359375,1322.5977172851562,37.881591796875,104.3677978515625
IMG_0043.mp4,653,21.788433333333334,29.97002997002997,170,1,traffic_lights,0.6962038278579712,2329.407958984375,1306.0517578125,2371.59912109375,1377.1419677734375,2350.5035400390625,1341.5968627929688,42.191162109375,71.0902099609375
IMG_0043.mp4,654,21.8218,29.97002997002997,147,2,traffic_signs,0.5850502252578735,1437.88232421875,1372.1246337890625,1462.0994873046875,1405.8729248046875,1449.9909057617188,1388.998779296875,24.2171630859375,33.748291015625
IMG_0043.mp4,654,21.8218,29.97002997002997,150,2,traffic_signs,0.8809206485748291,2323.708251953125,1476.8170166015625,2368.6943359375,1531.51708984375,2346.2012939453125,1504.1670532226562,44.986083984375,54.7000732421875
IMG_0043.mp4,654,21.8218,29.97002997002997,176,1,traffic_lights,0.4689079821109772,2242.245849609375,1301.4085693359375,2274.67626953125,1372.189697265625,2258.4610595703125,1336.7991333007812,32.430419921875,70.7811279296875
IMG_0043.mp4,654,21.8218,29.97002997002997,164,1,traffic_lights,0.3495396673679352,2279.06298828125,1268.6715087890625,2317.124267578125,1375.1072998046875,2298.0936279296875,1321.889404296875,38.061279296875,106.435791015625
IMG_0043.mp4,654,21.8218,29.97002997002997,170,1,traffic_lights,0.5342171788215637,2327.7978515625,1305.463623046875,2370.801513671875,1376.396728515625,2349.2996826171875,1340.93017578125,43.003662109375,70.93310546875
IMG_0043.mp4,655,21.855166666666666,29.97002997002997,147,2,traffic_signs,0.5418364405632019,1435.629150390625,1371.6463623046875,1459.8348388671875,1405.314453125,1447.7319946289062,1388.4804077148438,24.2056884765625,33.6680908203125
IMG_0043.mp4,655,21.855166666666666,29.97002997002997,150,2,traffic_signs,0.8828407526016235,2322.71875,1476.728515625,2367.316162109375,1530.8316650390625,2345.0174560546875,1503.7800903320312,44.597412109375,54.1031494140625
IMG_0043.mp4,655,21.855166666666666,29.97002997002997,176,1,traffic_lights,0.7250434756278992,2239.493896484375,1300.90234375,2272.774658203125,1372.041748046875,2256.13427734375,1336.4720458984375,33.28076171875,71.139404296875
IMG_0043.mp4,655,21.855166666666666,29.97002997002997,164,1,traffic_lights,0.8501187562942505,2277.083740234375,1265.261962890625,2315.556396484375,1372.7879638671875,2296.320068359375,1319.0249633789062,38.47265625,107.5260009765625
IMG_0043.mp4,655,21.855166666666666,29.97002997002997,170,1,traffic_lights,0.7563141584396362,2326.13427734375,1300.4720458984375,2369.052978515625,1375.663818359375,2347.5936279296875,1338.0679321289062,42.918701171875,75.1917724609375
IMG_0043.mp4,656,21.888533333333335,29.97002997002997,147,2,traffic_signs,0.48123741149902344,1431.8031005859375,1371.0712890625,1455.44677734375,1404.8734130859375,1443.6249389648438,1387.9723510742188,23.6436767578125,33.8021240234375
IMG_0043.mp4,656,21.888533333333335,29.97002997002997,150,2,traffic_signs,0.8824710249900818,2320.723388671875,1476.71142578125,2366.513671875,1530.3411865234375,2343.6185302734375,1503.5263061523438,45.790283203125,53.6297607421875
IMG_0043.mp4,656,21.888533333333335,29.97002997002997,176,1,traffic_lights,0.7189757227897644,2236.8603515625,1299.568115234375,2270.447021484375,1372.25439453125,2253.6536865234375,1335.9112548828125,33.586669921875,72.686279296875
IMG_0043.mp4,656,21.888533333333335,29.97002997002997,164,1,traffic_lights,0.8291322588920593,2275.153564453125,1262.1357421875,2314.712890625,1371.8875732421875,2294.9332275390625,1317.0116577148438,39.559326171875,109.7518310546875
IMG_0043.mp4,656,21.888533333333335,29.97002997002997,170,1,traffic_lights,0.5430736541748047,2325.509521484375,1297.4024658203125,2367.4677734375,1375.1240234375,2346.4886474609375,1336.2632446289062,41.958251953125,77.7215576171875
IMG_0043.mp4,657,21.9219,29.97002997002997,147,2,traffic_signs,0.43451425433158875,1428.182861328125,1371.110595703125,1451.7220458984375,1405.65283203125,1439.9524536132812,1388.3817138671875,23.5391845703125,34.542236328125
IMG_0043.mp4,657,21.9219,29.97002997002997,150,2,traffic_signs,0.8865853548049927,2318.66015625,1476.5352783203125,2365.12451171875,1530.20166015625,2341.892333984375,1503.3684692382812,46.46435546875,53.6663818359375
IMG_0043.mp4,657,21.9219,29.97002997002997,176,1,traffic_lights,0.6479120254516602,2234.109375,1296.2664794921875,2269.29833984375,1372.210205078125,2251.703857421875,1334.2383422851562,35.18896484375,75.9437255859375
IMG_0043.mp4,657,21.9219,29.97002997002997,164,1,traffic_lights,0.46005672216415405,2272.440673828125,1258.9754638671875,2312.97802734375,1370.781005859375,2292.7093505859375,1314.8782348632812,40.537353515625,111.8055419921875
IMG_0043.mp4,658,21.955266666666667,29.97002997002997,147,2,traffic_signs,0.669893741607666,1426.1236572265625,1370.7877197265625,1449.03125,1405.0067138671875,1437.5774536132812,1387.897216796875,22.9075927734375,34.218994140625
IMG_0043.mp4,658,21.955266666666667,29.97002997002997,150,2,traffic_signs,0.8788647055625916,2316.913330078125,1476.1988525390625,2363.54833984375,1530.2232666015625,2340.2308349609375,1503.2110595703125,46.635009765625,54.0244140625
IMG_0043.mp4,658,21.955266666666667,29.97002997002997,176,1,traffic_lights,0.670845627784729,2231.73291015625,1294.375,2267.085205078125,1370.5908203125,2249.4090576171875,1332.48291015625,35.352294921875,76.2158203125
IMG_0043.mp4,658,21.955266666666667,29.97002997002997,164,1,traffic_lights,0.6537825465202332,2270.343017578125,1257.031494140625,2311.262451171875,1368.560302734375,2290.802734375,1312.7958984375,40.91943359375,111.52880859375
IMG_0043.mp4,658,21.955266666666667,29.97002997002997,170,1,traffic_lights,0.26537686586380005,2325.248046875,1296.4676513671875,2364.17041015625,1373.5255126953125,2344.709228515625,1334.99658203125,38.92236328125,77.057861328125
IMG_0043.mp4,659,21.988633333333333,29.97002997002997,147,2,traffic_signs,0.63704913854599,1423.569091796875,1369.4029541015625,1446.7298583984375,1402.844482421875,1435.1494750976562,1386.1237182617188,23.1607666015625,33.4415283203125
IMG_0043.mp4,659,21.988633333333333,29.97002997002997,164,1,traffic_lights,0.5953593254089355,2253.1806640625,1254.3135986328125,2309.53466796875,1369.223388671875,2281.357666015625,1311.7684936523438,56.35400390625,114.9097900390625
IMG_0043.mp4,660,22.022000000000002,29.97002997002997,147,2,traffic_signs,0.703750729560852,1419.1715087890625,1369.943603515625,1443.38916015625,1401.8792724609375,1431.2803344726562,1385.9114379882812,24.2176513671875,31.9356689453125
IMG_0043.mp4,661,22.055366666666668,29.97002997002997,147,2,traffic_signs,0.7081544399261475,1415.5875244140625,1370.4915771484375,1440.4658203125,1400.4866943359375,1428.0266723632812,1385.4891357421875,24.8782958984375,29.9951171875
IMG_0043.mp4,661,22.055366666666668,29.97002997002997,150,2,traffic_signs,0.7748488187789917,2309.73193359375,1481.1619873046875,2360.80126953125,1526.3763427734375,2335.2666015625,1503.7691650390625,51.0693359375,45.21435546875
IMG_0043.mp4,662,22.088733333333334,29.97002997002997,147,2,traffic_signs,0.4158647060394287,1411.1173095703125,1370.1175537109375,1438.9432373046875,1396.3475341796875,1425.0302734375,1383.2325439453125,27.825927734375,26.22998046875
IMG_0043.mp4,662,22.088733333333334,29.97002997002997,182,2,traffic_signs,0.40943846106529236,3445.237548828125,1463.8126220703125,3470.6591796875,1487.684814453125,3457.9483642578125,1475.7487182617188,25.421630859375,23.8721923828125
IMG_0043.mp4,662,22.088733333333334,29.97002997002997,150,2,traffic_signs,0.8597397804260254,2309.552001953125,1475.9884033203125,2357.254150390625,1529.122802734375,2333.403076171875,1502.5556030273438,47.7021484375,53.1343994140625
IMG_0043.mp4,662,22.088733333333334,29.97002997002997,176,1,traffic_lights,0.7665244936943054,2220.842041015625,1292.90234375,2254.75927734375,1366.0609130859375,2237.8006591796875,1329.4816284179688,33.917236328125,73.1585693359375
IMG_0043.mp4,662,22.088733333333334,29.97002997002997,170,1,traffic_lights,0.7043703198432922,2317.388916015625,1291.6861572265625,2357.35498046875,1369.593505859375,2337.3719482421875,1330.6398315429688,39.966064453125,77.9073486328125
IMG_0043.mp4,663,22.1221,29.97002997002997,150,2,traffic_signs,0.8666201829910278,2307.291259765625,1474.3853759765625,2355.618896484375,1530.29248046875,2331.455078125,1502.3389282226562,48.32763671875,55.9071044921875
IMG_0043.mp4,663,22.1221,29.97002997002997,176,1,traffic_lights,0.7894389033317566,2219.625,1290.370361328125,2253.22021484375,1366.4739990234375,2236.422607421875,1328.4221801757812,33.59521484375,76.1036376953125
IMG_0043.mp4,663,22.1221,29.97002997002997,170,1,traffic_lights,0.6405801177024841,2312.989501953125,1289.5045166015625,2354.810546875,1369.2799072265625,2333.9000244140625,1329.3922119140625,41.821044921875,79.775390625
IMG_0043.mp4,663,22.1221,29.97002997002997,164,1,traffic_lights,0.6709960103034973,2254.239501953125,1249.284912109375,2298.232421875,1367.015625,2276.2359619140625,1308.1502685546875,43.992919921875,117.730712890625
IMG_0043.mp4,664,22.155466666666666,29.97002997002997,150,2,traffic_signs,0.8385077118873596,2306.512451171875,1474.3505859375,2354.376708984375,1530.8133544921875,2330.444580078125,1502.5819702148438,47.8642578125,56.4627685546875
IMG_0043.mp4,664,22.155466666666666,29.97002997002997,176,1,traffic_lights,0.7837401032447815,2217.874267578125,1288.50732421875,2252.392822265625,1366.2042236328125,2235.133544921875,1327.3557739257812,34.5185546875,77.6968994140625
IMG_0043.mp4,664,22.155466666666666,29.97002997002997,170,1,traffic_lights,0.5855958461761475,2309.63427734375,1288.05224609375,2353.180419921875,1368.943115234375,2331.4073486328125,1328.4976806640625,43.546142578125,80.890869140625
IMG_0043.mp4,664,22.155466666666666,29.97002997002997,164,1,traffic_lights,0.7708430290222168,2254.8828125,1250.1787109375,2296.06103515625,1367.0172119140625,2275.471923828125,1308.5979614257812,41.17822265625,116.8385009765625
IMG_0043.mp4,664,22.155466666666666,29.97002997002997,147,2,traffic_signs,0.7347716689109802,1406.9686279296875,1369.0418701171875,1432.2698974609375,1399.3465576171875,1419.6192626953125,1384.1942138671875,25.30126953125,30.3046875
IMG_0043.mp4,665,22.188833333333335,29.97002997002997,150,2,traffic_signs,0.9001278877258301,2304.2548828125,1474.1043701171875,2353.39306640625,1530.8511962890625,2328.823974609375,1502.477783203125,49.13818359375,56.746826171875
IMG_0043.mp4,665,22.188833333333335,29.97002997002997,176,1,traffic_lights,0.6357974410057068,2216.591064453125,1287.956787109375,2250.90478515625,1365.3160400390625,2233.7479248046875,1326.6364135742188,34.313720703125,77.3592529296875
IMG_0043.mp4,665,22.188833333333335,29.97002997002997,170,1,traffic_lights,0.5859450101852417,2306.721923828125,1286.6058349609375,2351.14794921875,1368.55517578125,2328.9349365234375,1327.5805053710938,44.426025390625,81.9493408203125
IMG_0043.mp4,665,22.188833333333335,29.97002997002997,164,1,traffic_lights,0.676293671131134,2253.199951171875,1251.4178466796875,2294.16162109375,1366.9088134765625,2273.6807861328125,1309.163330078125,40.961669921875,115.490966796875
IMG_0043.mp4,665,22.188833333333335,29.97002997002997,147,2,traffic_signs,0.7163612246513367,1405.503173828125,1368.452880859375,1429.1641845703125,1400.4981689453125,1417.3336791992188,1384.4755249023438,23.6610107421875,32.0452880859375
IMG_0043.mp4,666,22.2222,29.97002997002997,150,2,traffic_signs,0.6707273125648499,2303.44921875,1473.8424072265625,2351.92431640625,1530.96826171875,2327.686767578125,1502.4053344726562,48.47509765625,57.1258544921875
IMG_0043.mp4,666,22.2222,29.97002997002997,176,1,traffic_lights,0.7761338353157043,2215.148193359375,1286.8199462890625,2250.12548828125,1364.5302734375,2232.6368408203125,1325.6751098632812,34.977294921875,77.7103271484375
IMG_0043.mp4,666,22.2222,29.97002997002997,170,1,traffic_lights,0.7863866090774536,2304.802490234375,1284.916748046875,2349.408203125,1367.2349853515625,2327.1053466796875,1326.0758666992188,44.605712890625,82.3182373046875
IMG_0043.mp4,666,22.2222,29.97002997002997,164,1,traffic_lights,0.7203457951545715,2252.03515625,1249.104736328125,2292.8466796875,1367.2349853515625,2272.44091796875,1308.1698608398438,40.8115234375,118.1302490234375
IMG_0043.mp4,666,22.2222,29.97002997002997,147,2,traffic_signs,0.7691296339035034,1402.275390625,1367.636474609375,1425.6954345703125,1400.8916015625,1413.9854125976562,1384.2640380859375,23.4200439453125,33.255126953125
IMG_0043.mp4,667,22.255566666666667,29.97002997002997,150,2,traffic_signs,0.9054813385009766,2301.48095703125,1473.364990234375,2350.423095703125,1531.1058349609375,2325.9520263671875,1502.2354125976562,48.942138671875,57.7408447265625
IMG_0043.mp4,667,22.255566666666667,29.97002997002997,176,1,traffic_lights,0.7849456071853638,2212.51953125,1286.058349609375,2247.83544921875,1363.2442626953125,2230.177490234375,1324.6513061523438,35.31591796875,77.1859130859375
IMG_0043.mp4,667,22.255566666666667,29.97002997002997,170,1,traffic_lights,0.6083261966705322,2303.775634765625,1284.2593994140625,2347.1845703125,1365.046875,2325.4801025390625,1324.6531372070312,43.408935546875,80.7874755859375
IMG_0043.mp4,667,22.255566666666667,29.97002997002997,164,1,traffic_lights,0.7088776230812073,2250.80126953125,1246.80078125,2291.263671875,1366.1524658203125,2271.032470703125,1306.4766235351562,40.46240234375,119.3516845703125
IMG_0043.mp4,667,22.255566666666667,29.97002997002997,147,2,traffic_signs,0.7851898074150085,1400.1578369140625,1366.85400390625,1423.6414794921875,1401.3697509765625,1411.899658203125,1384.1118774414062,23.483642578125,34.5157470703125
IMG_0043.mp4,668,22.288933333333333,29.97002997002997,176,1,traffic_lights,0.7044588327407837,2209.5283203125,1282.047607421875,2246.28125,1361.2479248046875,2227.90478515625,1321.6477661132812,36.7529296875,79.2003173828125
IMG_0043.mp4,668,22.288933333333333,29.97002997002997,170,1,traffic_lights,0.4415457844734192,2302.88818359375,1280.355712890625,2346.0888671875,1363.5384521484375,2324.488525390625,1321.9470825195312,43.20068359375,83.1827392578125
IMG_0043.mp4,668,22.288933333333333,29.97002997002997,164,1,traffic_lights,0.4306149482727051,2248.045166015625,1243.40478515625,2289.978515625,1364.685546875,2269.0118408203125,1304.045166015625,41.933349609375,121.28076171875
IMG_0043.mp4,668,22.288933333333333,29.97002997002997,147,2,traffic_signs,0.8178792595863342,1397.142822265625,1365.42529296875,1419.9080810546875,1401.6746826171875,1408.5254516601562,1383.5499877929688,22.7652587890625,36.2493896484375
IMG_0043.mp4,669,22.322300000000002,29.97002997002997,147,2,traffic_signs,0.8208627104759216,1394.16357421875,1364.8013916015625,1417.0968017578125,1401.638916015625,1405.6301879882812,1383.2201538085938,22.9332275390625,36.8375244140625
IMG_0043.mp4,670,22.355666666666668,29.97002997002997,147,2,traffic_signs,0.7893165349960327,1391.7022705078125,1364.8907470703125,1414.5218505859375,1399.3311767578125,1403.112060546875,1382.1109619140625,22.819580078125,34.4404296875
IMG_0043.mp4,670,22.355666666666668,29.97002997002997,150,2,traffic_signs,0.9095130562782288,2296.008544921875,1471.1158447265625,2347.52001953125,1530.637451171875,2321.7642822265625,1500.8766479492188,51.511474609375,59.5216064453125
IMG_0043.mp4,670,22.355666666666668,29.97002997002997,170,1,traffic_lights,0.6780401468276978,2299.954833984375,1279.8173828125,2344.023193359375,1361.2469482421875,2321.989013671875,1320.5321655273438,44.068359375,81.4295654296875
IMG_0043.mp4,670,22.355666666666668,29.97002997002997,164,1,traffic_lights,0.6597045063972473,2242.435546875,1239.4815673828125,2285.66015625,1363.30126953125,2264.0478515625,1301.3914184570312,43.224609375,123.8197021484375
IMG_0043.mp4,671,22.389033333333334,29.97002997002997,147,2,traffic_signs,0.7210119962692261,1389.7877197265625,1363.8387451171875,1412.6817626953125,1396.8626708984375,1401.2347412109375,1380.3507080078125,22.89404296875,33.02392578125
IMG_0043.mp4,671,22.389033333333334,29.97002997002997,150,2,traffic_signs,0.8863955140113831,2295.64990234375,1472.349365234375,2344.9150390625,1529.8702392578125,2320.282470703125,1501.1098022460938,49.26513671875,57.5208740234375
IMG_0043.mp4,671,22.389033333333334,29.97002997002997,170,1,traffic_lights,0.3102073669433594,2296.825439453125,1279.06640625,2341.939697265625,1360.98681640625,2319.382568359375,1320.026611328125,45.1142578125,81.92041015625
IMG_0043.mp4,671,22.389033333333334,29.97002997002997,164,1,traffic_lights,0.573870837688446,2239.49267578125,1239.2362060546875,2282.74365234375,1360.56884765625,2261.1181640625,1299.9025268554688,43.2509765625,121.3326416015625
IMG_0043.mp4,671,22.389033333333334,29.97002997002997,176,1,traffic_lights,0.6978070735931396,2202.099365234375,1279.1357421875,2240.290283203125,1357.1876220703125,2221.19482421875,1318.1616821289062,38.19091796875,78.0518798828125
IMG_0043.mp4,672,22.4224,29.97002997002997,147,2,traffic_signs,0.3095455765724182,1386.2373046875,1362.6639404296875,1411.2322998046875,1394.30029296875,1398.7348022460938,1378.4821166992188,24.9949951171875,31.6363525390625
IMG_0043.mp4,672,22.4224,29.97002997002997,150,2,traffic_signs,0.8740506172180176,2294.333251953125,1472.266357421875,2343.13671875,1529.7430419921875,2318.7349853515625,1501.0046997070312,48.803466796875,57.4766845703125
IMG_0043.mp4,672,22.4224,29.97002997002997,170,1,traffic_lights,0.4579246938228607,2295.80078125,1278.4937744140625,2339.28759765625,1359.7587890625,2317.544189453125,1319.1262817382812,43.48681640625,81.2650146484375
IMG_0043.mp4,672,22.4224,29.97002997002997,164,1,traffic_lights,0.5175899267196655,2238.375,1236.980712890625,2281.47509765625,1356.128173828125,2259.925048828125,1296.554443359375,43.10009765625,119.1474609375
IMG_0043.mp4,672,22.4224,29.97002997002997,176,1,traffic_lights,0.4718247354030609,2200.418212890625,1274.64599609375,2238.3193359375,1355.232421875,2219.3687744140625,1314.939208984375,37.901123046875,80.58642578125
IMG_0043.mp4,673,22.455766666666666,29.97002997002997,147,2,traffic_signs,0.33252912759780884,1382.2557373046875,1363.9678955078125,1408.643310546875,1394.4921875,1395.4495239257812,1379.2300415039062,26.3875732421875,30.5242919921875
IMG_0043.mp4,673,22.455766666666666,29.97002997002997,150,2,traffic_signs,0.8964308500289917,2292.827392578125,1472.00048828125,2341.72900390625,1529.795654296875,2317.2781982421875,1500.8980712890625,48.901611328125,57.795166015625
IMG_0043.mp4,673,22.455766666666666,29.97002997002997,170,1,traffic_lights,0.6485744118690491,2292.968017578125,1277.33056640625,2337.65771484375,1359.5950927734375,2315.3128662109375,1318.4628295898438,44.689697265625,82.2645263671875
IMG_0043.mp4,673,22.455766666666666,29.97002997002997,164,1,traffic_lights,0.8596211671829224,2237.338134765625,1234.8651123046875,2279.56640625,1353.9627685546875,2258.4522705078125,1294.4139404296875,42.228271484375,119.09765625
IMG_0043.mp4,673,22.455766666666666,29.97002997002997,176,1,traffic_lights,0.5904390811920166,2197.5771484375,1274.68408203125,2235.225830078125,1354.4244384765625,2216.4014892578125,1314.5542602539062,37.648681640625,79.7403564453125
IMG_0043.mp4,674,22.489133333333335,29.97002997002997,147,2,traffic_signs,0.4406290650367737,1379.8656005859375,1364.3978271484375,1407.676025390625,1393.8961181640625,1393.7708129882812,1379.14697265625,27.8104248046875,29.498291015625
IMG_0043.mp4,674,22.489133333333335,29.97002997002997,150,2,traffic_signs,0.8829747438430786,2291.356689453125,1471.5767822265625,2340.45166015625,1529.7193603515625,2315.9041748046875,1500.6480712890625,49.094970703125,58.142578125
IMG_0043.mp4,674,22.489133333333335,29.97002997002997,170,1,traffic_lights,0.8609737157821655,2292.471923828125,1275.338623046875,2336.08740234375,1358.678466796875,2314.2796630859375,1317.008544921875,43.615478515625,83.33984375
IMG_0043.mp4,674,22.489133333333335,29.97002997002997,164,1,traffic_lights,0.8614562153816223,2235.7705078125,1231.975830078125,2278.371826171875,1353.755615234375,2257.0711669921875,1292.86572265625,42.601318359375,121.77978515625
IMG_0043.mp4,674,22.489133333333335,29.97002997002997,176,1,traffic_lights,0.3524883985519409,2194.7666015625,1272.823974609375,2232.28076171875,1353.9705810546875,2213.523681640625,1313.3972778320312,37.51416015625,81.1466064453125
IMG_0043.mp4,675,22.5225,29.97002997002997,147,2,traffic_signs,0.5447531342506409,1376.6829833984375,1364.5611572265625,1405.8739013671875,1392.645751953125,1391.2784423828125,1378.6034545898438,29.19091796875,28.0845947265625
IMG_0043.mp4,675,22.5225,29.97002997002997,150,2,traffic_signs,0.8932210803031921,2288.8623046875,1470.47607421875,2339.31494140625,1529.765380859375,2314.088623046875,1500.1207275390625,50.45263671875,59.289306640625
IMG_0043.mp4,675,22.5225,29.97002997002997,170,1,traffic_lights,0.8597074747085571,2291.673828125,1274.608642578125,2334.758544921875,1357.9893798828125,2313.2161865234375,1316.2990112304688,43.084716796875,83.3807373046875
IMG_0043.mp4,675,22.5225,29.97002997002997,164,1,traffic_lights,0.8829622268676758,2232.923095703125,1228.76318359375,2275.782470703125,1351.5660400390625,2254.352783203125,1290.1646118164062,42.859375,122.8028564453125
IMG_0043.mp4,675,22.5225,29.97002997002997,176,1,traffic_lights,0.565345823764801,2192.33740234375,1275.3170166015625,2229.7392578125,1352.090087890625,2211.038330078125,1313.7035522460938,37.40185546875,76.7730712890625
IMG_0043.mp4,676,22.555866666666667,29.97002997002997,147,2,traffic_signs,0.7666065692901611,1374.974609375,1365.241455078125,1404.8499755859375,1393.4755859375,1389.9122924804688,1379.3585205078125,29.8753662109375,28.234130859375
IMG_0043.mp4,676,22.555866666666667,29.97002997002997,150,2,traffic_signs,0.8995885848999023,2286.962890625,1470.302978515625,2338.40478515625,1529.55078125,2312.683837890625,1499.9268798828125,51.44189453125,59.247802734375
IMG_0043.mp4,676,22.555866666666667,29.97002997002997,170,1,traffic_lights,0.7722910642623901,2289.212158203125,1273.9114990234375,2333.268798828125,1357.049072265625,2311.240478515625,1315.4802856445312,44.056640625,83.1375732421875
IMG_0043.mp4,676,22.555866666666667,29.97002997002997,164,1,traffic_lights,0.861350417137146,2230.529296875,1227.939453125,2273.015625,1349.87060546875,2251.7724609375,1288.905029296875,42.486328125,121.93115234375
IMG_0043.mp4,676,22.555866666666667,29.97002997002997,176,1,traffic_lights,0.38640135526657104,2189.05419921875,1276.6544189453125,2226.611328125,1350.71484375,2207.832763671875,1313.6846313476562,37.55712890625,74.0604248046875
IMG_0043.mp4,677,22.589233333333333,29.97002997002997,147,2,traffic_signs,0.7175866365432739,1373.5103759765625,1361.681884765625,1399.8602294921875,1396.429443359375,1386.685302734375,1379.0556640625,26.349853515625,34.74755859375
IMG_0043.mp4,677,22.589233333333333,29.97002997002997,150,2,traffic_signs,0.9253535270690918,2284.06005859375,1469.637451171875,2338.444580078125,1530.5068359375,2311.2523193359375,1500.0721435546875,54.384521484375,60.869384765625
IMG_0043.mp4,677,22.589233333333333,29.97002997002997,170,1,traffic_lights,0.7803038358688354,2286.507080078125,1274.2052001953125,2332.310546875,1355.6494140625,2309.4088134765625,1314.9273071289062,45.803466796875,81.4442138671875
IMG_0043.mp4,677,22.589233333333333,29.97002997002997,164,1,traffic_lights,0.7854490876197815,2228.36181640625,1226.8160400390625,2271.19384765625,1349.4154052734375,2249.77783203125,1288.11572265625,42.83203125,122.599365234375
IMG_0043.mp4,677,22.589233333333333,29.97002997002997,176,1,traffic_lights,0.767126202583313,2186.467529296875,1276.3436279296875,2224.58544921875,1351.417236328125,2205.5264892578125,1313.8804321289062,38.117919921875,75.0736083984375
IMG_0043.mp4,678,22.622600000000002,29.97002997002997,147,2,traffic_signs,0.7178600430488586,1371.36083984375,1359.9718017578125,1395.9095458984375,1397.7523193359375,1383.6351928710938,1378.862060546875,24.5487060546875,37.780517578125
IMG_0043.mp4,678,22.622600000000002,29.97002997002997,150,2,traffic_signs,0.8817265629768372,2282.85791015625,1468.6707763671875,2337.495361328125,1530.7725830078125,2310.1766357421875,1499.7216796875,54.637451171875,62.101806640625
IMG_0043.mp4,678,22.622600000000002,29.97002997002997,164,1,traffic_lights,0.8405922651290894,2225.530517578125,1223.93603515625,2269.4521484375,1349.39794921875,2247.4913330078125,1286.6669921875,43.921630859375,125.4619140625
IMG_0043.mp4,679,22.655966666666668,29.97002997002997,147,2,traffic_signs,0.7218618988990784,1369.4915771484375,1360.14208984375,1393.1025390625,1397.203125,1381.2970581054688,1378.672607421875,23.6109619140625,37.06103515625
IMG_0043.mp4,679,22.655966666666668,29.97002997002997,150,2,traffic_signs,0.4617673456668854,2282.6669921875,1469.8043212890625,2331.50146484375,1530.7998046875,2307.084228515625,1500.3020629882812,48.83447265625,60.9954833984375
IMG_0043.mp4,679,22.655966666666668,29.97002997002997,164,1,traffic_lights,0.8368440270423889,2225.455810546875,1223.9959716796875,2268.57421875,1348.631103515625,2247.0150146484375,1286.3135375976562,43.118408203125,124.6351318359375
IMG_0043.mp4,679,22.655966666666668,29.97002997002997,170,1,traffic_lights,0.45804235339164734,2279.7548828125,1264.6610107421875,2314.98876953125,1354.0965576171875,2297.371826171875,1309.3787841796875,35.23388671875,89.435546875
IMG_0043.mp4,679,22.655966666666668,29.97002997002997,176,1,traffic_lights,0.8238732814788818,2182.150146484375,1274.6048583984375,2220.032470703125,1350.251220703125,2201.09130859375,1312.4280395507812,37.88232421875,75.6463623046875
IMG_0043.mp4,680,22.689333333333334,29.97002997002997,147,2,traffic_signs,0.7529981732368469,1367.6748046875,1361.1658935546875,1389.7789306640625,1395.645751953125,1378.7268676757812,1378.4058227539062,22.1041259765625,34.4798583984375
IMG_0043.mp4,680,22.689333333333334,29.97002997002997,150,2,traffic_signs,0.9128445982933044,2280.885498046875,1469.20068359375,2332.54931640625,1530.28125,2306.7174072265625,1499.740966796875,51.663818359375,61.08056640625
IMG_0043.mp4,680,22.689333333333334,29.97002997002997,164,1,traffic_lights,0.7274670004844666,2223.99658203125,1222.8875732421875,2266.664306640625,1347.6673583984375,2245.3304443359375,1285.2774658203125,42.667724609375,124.77978515625
IMG_0043.mp4,680,22.689333333333334,29.97002997002997,195,2,traffic_signs,0.4160313904285431,1869.6949462890625,1446.5028076171875,1884.4259033203125,1478.38525390625,1877.0604248046875,1462.4440307617188,14.73095703125,31.8824462890625
IMG_0043.mp4,680,22.689333333333334,29.97002997002997,170,1,traffic_lights,0.707973837852478,2279.638671875,1267.7037353515625,2322.875,1352.9366455078125,2301.2568359375,1310.3201904296875,43.236328125,85.23291015625
IMG_0043.mp4,680,22.689333333333334,29.97002997002997,176,1,traffic_lights,0.793938159942627,2180.0556640625,1271.1307373046875,2218.885986328125,1349.7352294921875,2199.4708251953125,1310.4329833984375,38.830322265625,78.6044921875
IMG_0043.mp4,681,22.7227,29.97002997002997,147,2,traffic_signs,0.6689345836639404,1367.975341796875,1361.841552734375,1388.3697509765625,1394.6463623046875,1378.1725463867188,1378.2439575195312,20.3944091796875,32.8048095703125
IMG_0043.mp4,681,22.7227,29.97002997002997,150,2,traffic_signs,0.905314028263092,2279.3828125,1468.20556640625,2331.339599609375,1529.423828125,2305.3612060546875,1498.814697265625,51.956787109375,61.21826171875
IMG_0043.mp4,681,22.7227,29.97002997002997,164,1,traffic_lights,0.616253137588501,2222.7373046875,1221.87255859375,2264.192138671875,1347.18798828125,2243.4647216796875,1284.5302734375,41.454833984375,125.3154296875
IMG_0043.mp4,681,22.7227,29.97002997002997,195,2,traffic_signs,0.38196346163749695,1869.4766845703125,1447.05859375,1883.505615234375,1477.723388671875,1876.4911499023438,1462.3909912109375,14.0289306640625,30.664794921875
IMG_0043.mp4,681,22.7227,29.97002997002997,170,1,traffic_lights,0.6433699727058411,2278.65087890625,1267.9068603515625,2323.577392578125,1351.7860107421875,2301.1141357421875,1309.846435546875,44.926513671875,83.879150390625
IMG_0043.mp4,681,22.7227,29.97002997002997,176,1,traffic_lights,0.7384272813796997,2177.390869140625,1267.291748046875,2216.983642578125,1348.3875732421875,2197.187255859375,1307.8396606445312,39.5927734375,81.0958251953125
IMG_0043.mp4,682,22.756066666666666,29.97002997002997,147,2,traffic_signs,0.5910097360610962,1366.6846923828125,1361.0316162109375,1386.88525390625,1394.7503662109375,1376.7849731445312,1377.8909912109375,20.2005615234375,33.71875
IMG_0043.mp4,682,22.756066666666666,29.97002997002997,150,2,traffic_signs,0.9120106101036072,2277.945556640625,1467.1456298828125,2330.486083984375,1529.4095458984375,2304.2158203125,1498.277587890625,52.54052734375,62.263916015625
IMG_0043.mp4,682,22.756066666666666,29.97002997002997,164,1,traffic_lights,0.705857515335083,2221.361328125,1220.25927734375,2261.83251953125,1345.453857421875,2241.596923828125,1282.8565673828125,40.47119140625,125.194580078125
IMG_0043.mp4,682,22.756066666666666,29.97002997002997,195,2,traffic_signs,0.40313971042633057,1868.8690185546875,1446.9678955078125,1883.2232666015625,1477.999755859375,1876.046142578125,1462.4838256835938,14.354248046875,31.0318603515625
IMG_0043.mp4,682,22.756066666666666,29.97002997002997,170,1,traffic_lights,0.9112280607223511,2277.30810546875,1264.3321533203125,2322.60400390625,1349.913330078125,2299.9560546875,1307.1227416992188,45.2958984375,85.5811767578125
IMG_0043.mp4,682,22.756066666666666,29.97002997002997,176,1,traffic_lights,0.7230866551399231,2174.401611328125,1264.0462646484375,2214.73291015625,1347.002197265625,2194.5672607421875,1305.5242309570312,40.331298828125,82.9559326171875
IMG_0043.mp4,683,22.789433333333335,29.97002997002997,147,2,traffic_signs,0.7479886412620544,1362.7618408203125,1360.1363525390625,1384.23486328125,1395.5712890625,1373.4983520507812,1377.8538208007812,21.4730224609375,35.4349365234375
IMG_0043.mp4,683,22.789433333333335,29.97002997002997,150,2,traffic_signs,0.8853809237480164,2276.61279296875,1466.738037109375,2329.359619140625,1529.685302734375,2302.9862060546875,1498.211669921875,52.746826171875,62.947265625
IMG_0043.mp4,683,22.789433333333335,29.97002997002997,164,1,traffic_lights,0.729892373085022,2218.77490234375,1218.6365966796875,2260.343994140625,1345.2431640625,2239.5594482421875,1281.9398803710938,41.569091796875,126.6065673828125
IMG_0043.mp4,683,22.789433333333335,29.97002997002997,195,2,traffic_signs,0.32937857508659363,1867.6822509765625,1446.3685302734375,1882.3463134765625,1478.2821044921875,1875.0142822265625,1462.3253173828125,14.6640625,31.91357421875
IMG_0043.mp4,683,22.789433333333335,29.97002997002997,170,1,traffic_lights,0.8756189942359924,2275.3671875,1261.7769775390625,2321.60009765625,1348.3846435546875,2298.483642578125,1305.080810546875,46.23291015625,86.607666015625
IMG_0043.mp4,683,22.789433333333335,29.97002997002997,176,1,traffic_lights,0.6981164813041687,2172.283935546875,1261.234130859375,2211.41552734375,1346.2403564453125,2191.8497314453125,1303.7372436523438,39.131591796875,85.0062255859375
IMG_0043.mp4,684,22.8228,29.97002997002997,147,2,traffic_signs,0.735603392124176,1360.4459228515625,1360.1580810546875,1382.5233154296875,1395.497314453125,1371.484619140625,1377.8276977539062,22.077392578125,35.3392333984375
IMG_0043.mp4,684,22.8228,29.97002997002997,150,2,traffic_signs,0.9040284156799316,2275.338134765625,1466.5712890625,2327.28466796875,1528.9354248046875,2301.3114013671875,1497.7533569335938,51.946533203125,62.3641357421875
IMG_0043.mp4,684,22.8228,29.97002997002997,164,1,traffic_lights,0.6933289766311646,2216.285888671875,1216.923095703125,2258.19580078125,1345.0531005859375,2237.2408447265625,1280.9880981445312,41.909912109375,128.1300048828125
IMG_0043.mp4,684,22.8228,29.97002997002997,195,2,traffic_signs,0.29027384519577026,1866.9210205078125,1445.922119140625,1881.3160400390625,1478.82177734375,1874.1185302734375,1462.3719482421875,14.39501953125,32.899658203125
IMG_0043.mp4,684,22.8228,29.97002997002997,170,1,traffic_lights,0.8548594117164612,2273.448974609375,1258.36181640625,2320.45947265625,1347.2406005859375,2296.9542236328125,1302.8012084960938,47.010498046875,88.8787841796875
IMG_0043.mp4,684,22.8228,29.97002997002997,176,1,traffic_lights,0.7833318710327148,2170.51904296875,1259.541015625,2208.39599609375,1345.8370361328125,2189.45751953125,1302.6890258789062,37.876953125,86.2960205078125
IMG_0043.mp4,685,22.856166666666667,29.97002997002997,147,2,traffic_signs,0.5512727499008179,1357.8717041015625,1359.5482177734375,1380.73095703125,1394.0692138671875,1369.3013305664062,1376.8087158203125,22.8592529296875,34.52099609375
IMG_0043.mp4,685,22.856166666666667,29.97002997002997,150,2,traffic_signs,0.9154579043388367,2274.572509765625,1466.83837890625,2325.9619140625,1528.699462890625,2300.2672119140625,1497.7689208984375,51.389404296875,61.861083984375
IMG_0043.mp4,685,22.856166666666667,29.97002997002997,164,1,traffic_lights,0.4595850706100464,2214.066162109375,1220.8321533203125,2256.727783203125,1346.0286865234375,2235.39697265625,1283.430419921875,42.66162109375,125.196533203125
IMG_0043.mp4,685,22.856166666666667,29.97002997002997,170,1,traffic_lights,0.845228910446167,2271.820068359375,1255.45263671875,2318.576171875,1346.5291748046875,2295.1981201171875,1300.9909057617188,46.756103515625,91.0765380859375
IMG_0043.mp4,685,22.856166666666667,29.97002997002997,176,1,traffic_lights,0.8314130306243896,2169.029541015625,1259.641357421875,2205.855224609375,1345.832275390625,2187.4423828125,1302.73681640625,36.82568359375,86.19091796875
IMG_0043.mp4,686,22.889533333333333,29.97002997002997,147,2,traffic_signs,0.7829833626747131,1351.156494140625,1359.6480712890625,1376.7242431640625,1392.4674072265625,1363.9403686523438,1376.0577392578125,25.5677490234375,32.8193359375
IMG_0043.mp4,686,22.889533333333333,29.97002997002997,150,2,traffic_signs,0.9076395630836487,2273.8564453125,1466.345703125,2324.150634765625,1528.042236328125,2299.0035400390625,1497.1939697265625,50.294189453125,61.696533203125
IMG_0043.mp4,686,22.889533333333333,29.97002997002997,170,1,traffic_lights,0.8379194140434265,2269.928955078125,1254.37109375,2316.648681640625,1345.442626953125,2293.288818359375,1299.9068603515625,46.7197265625,91.071533203125
IMG_0043.mp4,686,22.889533333333333,29.97002997002997,176,1,traffic_lights,0.7371267080307007,2167.51513671875,1258.6246337890625,2204.313720703125,1344.8470458984375,2185.9144287109375,1301.73583984375,36.798583984375,86.222412109375
IMG_0043.mp4,687,22.922900000000002,29.97002997002997,147,2,traffic_signs,0.5932579636573792,1347.4366455078125,1360.0433349609375,1374.7191162109375,1392.4244384765625,1361.077880859375,1376.23388671875,27.282470703125,32.381103515625
IMG_0043.mp4,687,22.922900000000002,29.97002997002997,150,2,traffic_signs,0.751231849193573,2271.141357421875,1468.2427978515625,2322.8720703125,1526.36083984375,2297.0067138671875,1497.3018188476562,51.730712890625,58.1180419921875
IMG_0043.mp4,688,22.956266666666668,29.97002997002997,147,2,traffic_signs,0.6622668504714966,1346.14990234375,1359.8228759765625,1373.3621826171875,1391.9935302734375,1359.7560424804688,1375.908203125,27.2122802734375,32.170654296875
IMG_0043.mp4,688,22.956266666666668,29.97002997002997,170,1,traffic_lights,0.7199750542640686,2268.927978515625,1255.447509765625,2314.002685546875,1341.884521484375,2291.46533203125,1298.666015625,45.07470703125,86.43701171875
IMG_0043.mp4,688,22.956266666666668,29.97002997002997,176,1,traffic_lights,0.26679787039756775,2162.158203125,1257.40185546875,2199.33203125,1340.3948974609375,2180.7451171875,1298.8983764648438,37.173828125,82.9930419921875
IMG_0043.mp4,689,22.989633333333334,29.97002997002997,147,2,traffic_signs,0.6889920234680176,1344.892578125,1358.7579345703125,1370.407470703125,1392.1510009765625,1357.6500244140625,1375.4544677734375,25.514892578125,33.39306640625
IMG_0043.mp4,689,22.989633333333334,29.97002997002997,170,1,traffic_lights,0.8018065690994263,2267.171142578125,1252.9573974609375,2312.89501953125,1341.8607177734375,2290.0330810546875,1297.4090576171875,45.723876953125,88.9033203125
IMG_0043.mp4,689,22.989633333333334,29.97002997002997,176,1,traffic_lights,0.6628998517990112,2159.744873046875,1256.4794921875,2199.23828125,1340.6168212890625,2179.4915771484375,1298.5481567382812,39.493408203125,84.1373291015625
IMG_0043.mp4,689,22.989633333333334,29.97002997002997,164,1,traffic_lights,0.48577237129211426,2203.861328125,1214.621337890625,2247.965576171875,1343.979248046875,2225.9134521484375,1279.30029296875,44.104248046875,129.35791015625
IMG_0043.mp4,689,22.989633333333334,29.97002997002997,150,2,traffic_signs,0.8864476084709167,2266.88330078125,1464.9686279296875,2321.304443359375,1527.7471923828125,2294.0938720703125,1496.35791015625,54.421142578125,62.778564453125
IMG_0043.mp4,690,23.023,29.97002997002997,147,2,traffic_signs,0.7604286670684814,1343.9083251953125,1359.181884765625,1367.708251953125,1393.2972412109375,1355.8082885742188,1376.2395629882812,23.7999267578125,34.1153564453125
IMG_0043.mp4,690,23.023,29.97002997002997,170,1,traffic_lights,0.8405311703681946,2265.52783203125,1252.115234375,2311.599365234375,1341.970703125,2288.5635986328125,1297.04296875,46.071533203125,89.85546875
IMG_0043.mp4,690,23.023,29.97002997002997,176,1,traffic_lights,0.7149264812469482,2157.082763671875,1255.850341796875,2197.806640625,1340.466552734375,2177.4447021484375,1298.158447265625,40.723876953125,84.6162109375
IMG_0043.mp4,690,23.023,29.97002997002997,164,1,traffic_lights,0.8828617334365845,2201.9111328125,1208.519287109375,2246.373779296875,1341.378662109375,2224.1424560546875,1274.948974609375,44.462646484375,132.859375
IMG_0043.mp4,690,23.023,29.97002997002997,150,2,traffic_signs,0.9081695079803467,2265.013916015625,1464.4827880859375,2321.02978515625,1528.403564453125,2293.0218505859375,1496.4431762695312,56.015869140625,63.9207763671875
IMG_0043.mp4,691,23.056366666666666,29.97002997002997,147,2,traffic_signs,0.8100199699401855,1341.0322265625,1358.462158203125,1365.59228515625,1393.741943359375,1353.312255859375,1376.10205078125,24.56005859375,35.27978515625
IMG_0043.mp4,691,23.056366666666666,29.97002997002997,170,1,traffic_lights,0.3382726311683655,2262.6884765625,1251.341796875,2310.2275390625,1341.5426025390625,2286.4580078125,1296.4421997070312,47.5390625,90.2008056640625
IMG_0043.mp4,691,23.056366666666666,29.97002997002997,176,1,traffic_lights,0.720615804195404,2154.225341796875,1255.7950439453125,2195.7958984375,1339.393798828125,2175.0106201171875,1297.5944213867188,41.570556640625,83.5987548828125
IMG_0043.mp4,691,23.056366666666666,29.97002997002997,164,1,traffic_lights,0.8583667278289795,2200.471435546875,1206.04443359375,2244.618408203125,1338.6302490234375,2222.544921875,1272.3373413085938,44.14697265625,132.5858154296875
IMG_0043.mp4,691,23.056366666666666,29.97002997002997,150,2,traffic_signs,0.9101401567459106,2263.37255859375,1464.507568359375,2319.625,1528.4476318359375,2291.498779296875,1496.4776000976562,56.25244140625,63.9400634765625
IMG_0043.mp4,691,23.056366666666666,29.97002997002997,206,1,traffic_lights,0.3662717640399933,2434.245361328125,1335.1639404296875,2460.589111328125,1361.681640625,2447.417236328125,1348.4227905273438,26.34375,26.5177001953125
IMG_0043.mp4,692,23.089733333333335,29.97002997002997,147,2,traffic_signs,0.8281604051589966,1338.3304443359375,1358.617919921875,1363.7474365234375,1394.0836181640625,1351.0389404296875,1376.3507690429688,25.4169921875,35.4656982421875
IMG_0043.mp4,692,23.089733333333335,29.97002997002997,170,1,traffic_lights,0.8864700198173523,2260.000244140625,1250.7391357421875,2308.1513671875,1341.648681640625,2284.0758056640625,1296.1939086914062,48.151123046875,90.9095458984375
IMG_0043.mp4,692,23.089733333333335,29.97002997002997,176,1,traffic_lights,0.7785435914993286,2152.510498046875,1250.1800537109375,2195.7646484375,1339.7916259765625,2174.1375732421875,1294.98583984375,43.254150390625,89.611572265625
IMG_0043.mp4,692,23.089733333333335,29.97002997002997,164,1,traffic_lights,0.7574894428253174,2198.385986328125,1203.8765869140625,2243.203857421875,1336.271240234375,2220.794921875,1270.0739135742188,44.81787109375,132.3946533203125
IMG_0043.mp4,692,23.089733333333335,29.97002997002997,150,2,traffic_signs,0.9068506360054016,2262.396240234375,1464.39599609375,2318.308349609375,1528.0968017578125,2290.352294921875,1496.2463989257812,55.912109375,63.7008056640625
IMG_0043.mp4,692,23.089733333333335,29.97002997002997,206,1,traffic_lights,0.33733516931533813,2434.452880859375,1334.6859130859375,2460.19677734375,1361.328125,2447.3248291015625,1348.0070190429688,25.743896484375,26.6422119140625
IMG_0043.mp4,692,23.089733333333335,29.97002997002997,195,2,traffic_signs,0.48648327589035034,1858.0841064453125,1445.12841796875,1870.6639404296875,1473.7125244140625,1864.3740234375,1459.4204711914062,12.579833984375,28.5841064453125
IMG_0043.mp4,693,23.1231,29.97002997002997,147,2,traffic_signs,0.8325148820877075,1335.872802734375,1358.924560546875,1361.489013671875,1393.7447509765625,1348.680908203125,1376.3346557617188,25.6162109375,34.8201904296875
IMG_0043.mp4,693,23.1231,29.97002997002997,170,1,traffic_lights,0.8709118366241455,2258.3779296875,1249.9278564453125,2305.994873046875,1340.94189453125,2282.1864013671875,1295.4348754882812,47.616943359375,91.0140380859375
IMG_0043.mp4,693,23.1231,29.97002997002997,176,1,traffic_lights,0.7565843462944031,2150.22216796875,1245.9398193359375,2194.728759765625,1338.3321533203125,2172.4754638671875,1292.135986328125,44.506591796875,92.392333984375
IMG_0043.mp4,693,23.1231,29.97002997002997,164,1,traffic_lights,0.7006852626800537,2195.88232421875,1201.8870849609375,2241.415771484375,1334.7327880859375,2218.6490478515625,1268.3099365234375,45.533447265625,132.845703125
IMG_0043.mp4,693,23.1231,29.97002997002997,150,2,traffic_signs,0.9049243330955505,2260.80712890625,1464.103515625,2317.49169921875,1528.2664794921875,2289.1494140625,1496.1849975585938,56.6845703125,64.1629638671875
IMG_0043.mp4,693,23.1231,29.97002997002997,212,2,traffic_signs,0.3400256633758545,1877.7100830078125,1424.837890625,1888.7012939453125,1452.230224609375,1883.2056884765625,1438.5340576171875,10.9912109375,27.392333984375
IMG_0043.mp4,693,23.1231,29.97002997002997,195,2,traffic_signs,0.49538958072662354,1857.3919677734375,1445.619140625,1870.1033935546875,1473.568115234375,1863.7476806640625,1459.5936279296875,12.71142578125,27.948974609375
IMG_0043.mp4,694,23.156466666666667,29.97002997002997,147,2,traffic_signs,0.8480693101882935,1333.988037109375,1357.5670166015625,1358.9144287109375,1393.53076171875,1346.4512329101562,1375.5488891601562,24.9263916015625,35.9637451171875
IMG_0043.mp4,694,23.156466666666667,29.97002997002997,170,1,traffic_lights,0.8789584636688232,2256.581787109375,1248.40087890625,2303.60009765625,1339.93408203125,2280.0909423828125,1294.16748046875,47.018310546875,91.533203125
IMG_0043.mp4,694,23.156466666666667,29.97002997002997,176,1,traffic_lights,0.7105000019073486,2146.9150390625,1243.9739990234375,2191.8701171875,1337.077392578125,2169.392578125,1290.5256958007812,44.955078125,93.1033935546875
IMG_0043.mp4,694,23.156466666666667,29.97002997002997,164,1,traffic_lights,0.7347930073738098,2194.31591796875,1201.4957275390625,2238.275390625,1333.9984130859375,2216.295654296875,1267.7470703125,43.95947265625,132.502685546875
IMG_0043.mp4,694,23.156466666666667,29.97002997002997,150,2,traffic_signs,0.9105757474899292,2258.182861328125,1463.3232421875,2316.40673828125,1527.7769775390625,2287.2947998046875,1495.5501098632812,58.223876953125,64.4537353515625
IMG_0043.mp4,694,23.156466666666667,29.97002997002997,212,2,traffic_signs,0.44117096066474915,1877.1090087890625,1425.1964111328125,1888.0111083984375,1450.7940673828125,1882.56005859375,1437.9952392578125,10.902099609375,25.59765625
IMG_0043.mp4,694,23.156466666666667,29.97002997002997,195,2,traffic_signs,0.5988211631774902,1856.0875244140625,1446.0706787109375,1869.366455078125,1474.10205078125,1862.7269897460938,1460.0863647460938,13.2789306640625,28.0313720703125
IMG_0043.mp4,694,23.156466666666667,29.97002997002997,206,1,traffic_lights,0.38565731048583984,2433.728515625,1334.3765869140625,2459.10791015625,1361.3031005859375,2446.418212890625,1347.83984375,25.37939453125,26.926513671875
IMG_0043.mp4,695,23.189833333333333,29.97002997002997,147,2,traffic_signs,0.7952765226364136,1332.879638671875,1357.9918212890625,1356.839111328125,1393.4720458984375,1344.859375,1375.73193359375,23.95947265625,35.480224609375
IMG_0043.mp4,695,23.189833333333333,29.97002997002997,170,1,traffic_lights,0.8813913464546204,2255.9267578125,1246.7403564453125,2302.208984375,1338.448486328125,2279.06787109375,1292.5944213867188,46.2822265625,91.7081298828125
IMG_0043.mp4,695,23.189833333333333,29.97002997002997,176,1,traffic_lights,0.75302654504776,2144.591796875,1242.2720947265625,2188.55322265625,1335.5308837890625,2166.572509765625,1288.9014892578125,43.96142578125,93.2587890625
IMG_0043.mp4,695,23.189833333333333,29.97002997002997,164,1,traffic_lights,0.6354546546936035,2191.738037109375,1199.47900390625,2236.381591796875,1334.1590576171875,2214.059814453125,1266.8190307617188,44.6435546875,134.6800537109375
IMG_0043.mp4,695,23.189833333333333,29.97002997002997,150,2,traffic_signs,0.9105767011642456,2256.524658203125,1462.925048828125,2315.15673828125,1527.369140625,2285.8406982421875,1495.1470947265625,58.632080078125,64.444091796875
IMG_0043.mp4,695,23.189833333333333,29.97002997002997,212,2,traffic_signs,0.5340290069580078,1876.2783203125,1424.620849609375,1887.111328125,1449.4793701171875,1881.69482421875,1437.0501098632812,10.8330078125,24.8585205078125
IMG_0043.mp4,695,23.189833333333333,29.97002997002997,195,2,traffic_signs,0.6232333183288574,1854.858154296875,1446.2412109375,1868.4365234375,1473.6158447265625,1861.6473388671875,1459.9285278320312,13.578369140625,27.3746337890625
IMG_0043.mp4,695,23.189833333333333,29.97002997002997,206,1,traffic_lights,0.4628976881504059,2432.844482421875,1334.9429931640625,2458.937744140625,1361.144775390625,2445.89111328125,1348.0438842773438,26.09326171875,26.2017822265625
IMG_0043.mp4,696,23.223200000000002,29.97002997002997,147,2,traffic_signs,0.736437976360321,1329.626220703125,1357.653076171875,1355.0596923828125,1393.43798828125,1342.3429565429688,1375.5455322265625,25.4334716796875,35.784912109375
IMG_0043.mp4,696,23.223200000000002,29.97002997002997,170,1,traffic_lights,0.6031870245933533,2253.114501953125,1242.54931640625,2300.65087890625,1338.6649169921875,2276.8826904296875,1290.6071166992188,47.536376953125,96.1156005859375
IMG_0043.mp4,696,23.223200000000002,29.97002997002997,176,1,traffic_lights,0.6993256211280823,2142.365966796875,1241.4705810546875,2185.4638671875,1334.4515380859375,2163.9149169921875,1287.9610595703125,43.097900390625,92.98095703125
IMG_0043.mp4,696,23.223200000000002,29.97002997002997,164,1,traffic_lights,0.8021802306175232,2189.60009765625,1197.7569580078125,2234.757568359375,1334.5050048828125,2212.1788330078125,1266.1309814453125,45.157470703125,136.748046875
IMG_0043.mp4,696,23.223200000000002,29.97002997002997,150,2,traffic_signs,0.9147546291351318,2255.174072265625,1462.866455078125,2314.45458984375,1527.5269775390625,2284.8143310546875,1495.1967163085938,59.280517578125,64.6605224609375
IMG_0043.mp4,696,23.223200000000002,29.97002997002997,212,2,traffic_signs,0.4939890503883362,1875.5491943359375,1424.5462646484375,1886.2493896484375,1448.9417724609375,1880.8992919921875,1436.7440185546875,10.7001953125,24.3955078125
IMG_0043.mp4,696,23.223200000000002,29.97002997002997,195,2,traffic_signs,0.671473503112793,1854.1356201171875,1446.12353515625,1868.1016845703125,1473.8897705078125,1861.11865234375,1460.0066528320312,13.966064453125,27.7662353515625
IMG_0043.mp4,696,23.223200000000002,29.97002997002997,206,1,traffic_lights,0.6063623428344727,2431.775146484375,1334.640625,2458.828125,1361.080078125,2445.3016357421875,1347.8603515625,27.052978515625,26.439453125
IMG_0043.mp4,697,23.256566666666668,29.97002997002997,147,2,traffic_signs,0.7903357148170471,1327.09423828125,1356.62109375,1352.959228515625,1393.10400390625,1340.0267333984375,1374.862548828125,25.864990234375,36.48291015625
IMG_0043.mp4,697,23.256566666666668,29.97002997002997,170,1,traffic_lights,0.8790497183799744,2251.059326171875,1240.307373046875,2299.3115234375,1337.7403564453125,2275.1854248046875,1289.0238647460938,48.252197265625,97.4329833984375
IMG_0043.mp4,697,23.256566666666668,29.97002997002997,176,1,traffic_lights,0.7945160865783691,2139.576416015625,1240.453369140625,2184.158935546875,1334.1114501953125,2161.86767578125,1287.2824096679688,44.58251953125,93.6580810546875
IMG_0043.mp4,697,23.256566666666668,29.97002997002997,164,1,traffic_lights,0.8140550851821899,2187.611572265625,1194.560546875,2233.7646484375,1334.28271484375,2210.6881103515625,1264.421630859375,46.153076171875,139.72216796875
IMG_0043.mp4,697,23.256566666666668,29.97002997002997,150,2,traffic_signs,0.9159027934074402,2254.228515625,1463.0203857421875,2313.954833984375,1527.6156005859375,2284.0916748046875,1495.3179931640625,59.726318359375,64.59521484375
IMG_0043.mp4,697,23.256566666666668,29.97002997002997,212,2,traffic_signs,0.47457313537597656,1874.66650390625,1424.458251953125,1885.363525390625,1448.5863037109375,1880.0150146484375,1436.5222778320312,10.697021484375,24.1280517578125
IMG_0043.mp4,697,23.256566666666668,29.97002997002997,195,2,traffic_signs,0.6135886907577515,1854.0372314453125,1445.0460205078125,1867.4989013671875,1473.1751708984375,1860.76806640625,1459.110595703125,13.461669921875,28.129150390625
IMG_0043.mp4,697,23.256566666666668,29.97002997002997,206,1,traffic_lights,0.44595831632614136,2431.41748046875,1335.0079345703125,2458.546142578125,1361.262451171875,2444.9818115234375,1348.1351928710938,27.128662109375,26.2545166015625
IMG_0043.mp4,698,23.289933333333334,29.97002997002997,147,2,traffic_signs,0.79952073097229,1324.662841796875,1355.7900390625,1350.478271484375,1392.7430419921875,1337.570556640625,1374.2665405273438,25.8154296875,36.9530029296875
IMG_0043.mp4,698,23.289933333333334,29.97002997002997,170,1,traffic_lights,0.8710848689079285,2248.813720703125,1238.7027587890625,2298.670166015625,1337.0120849609375,2273.741943359375,1287.857421875,49.8564453125,98.309326171875
IMG_0043.mp4,698,23.289933333333334,29.97002997002997,176,1,traffic_lights,0.8241178393363953,2137.504150390625,1238.505615234375,2183.154541015625,1333.43115234375,2160.329345703125,1285.9683837890625,45.650390625,94.925537109375
IMG_0043.mp4,698,23.289933333333334,29.97002997002997,164,1,traffic_lights,0.7080430388450623,2185.5517578125,1191.18701171875,2231.865478515625,1333.7313232421875,2208.7086181640625,1262.4591674804688,46.313720703125,142.5443115234375
IMG_0043.mp4,698,23.289933333333334,29.97002997002997,150,2,traffic_signs,0.9123724699020386,2252.911376953125,1463.0799560546875,2313.139404296875,1528.0111083984375,2283.025390625,1495.5455322265625,60.22802734375,64.93115234375
IMG_0043.mp4,698,23.289933333333334,29.97002997002997,212,2,traffic_signs,0.5339568853378296,1873.4571533203125,1424.4952392578125,1884.218017578125,1447.77734375,1878.8375854492188,1436.1362915039062,10.7608642578125,23.2821044921875
IMG_0043.mp4,698,23.289933333333334,29.97002997002997,195,2,traffic_signs,0.546453595161438,1853.67431640625,1444.7041015625,1866.96044921875,1472.6837158203125,1860.3173828125,1458.6939086914062,13.2861328125,27.9796142578125
IMG_0043.mp4,699,23.3233,29.97002997002997,147,2,traffic_signs,0.7929304838180542,1322.696533203125,1354.65966796875,1348.493896484375,1392.4326171875,1335.59521484375,1373.546142578125,25.79736328125,37.77294921875
IMG_0043.mp4,699,23.3233,29.97002997002997,170,1,traffic_lights,0.8769150376319885,2245.962646484375,1237.49462890625,2297.18310546875,1336.3309326171875,2271.5728759765625,1286.9127807617188,51.220458984375,98.8363037109375
IMG_0043.mp4,699,23.3233,29.97002997002997,176,1,traffic_lights,0.8348422050476074,2135.8203125,1236.7969970703125,2182.053466796875,1332.8819580078125,2158.9368896484375,1284.8394775390625,46.233154296875,96.0849609375
IMG_0043.mp4,699,23.3233,29.97002997002997,164,1,traffic_lights,0.8246552348136902,2182.549560546875,1188.2037353515625,2229.0322265625,1331.2388916015625,2205.7908935546875,1259.7213134765625,46.482666015625,143.03515625
IMG_0043.mp4,699,23.3233,29.97002997002997,150,2,traffic_signs,0.9117612242698669,2251.590087890625,1462.9365234375,2311.60546875,1527.5052490234375,2281.5977783203125,1495.2208862304688,60.015380859375,64.5687255859375
IMG_0043.mp4,699,23.3233,29.97002997002997,212,2,traffic_signs,0.5056092739105225,1872.1240234375,1423.4454345703125,1883.4041748046875,1446.9344482421875,1877.7640991210938,1435.18994140625,11.2801513671875,23.489013671875
IMG_0043.mp4,699,23.3233,29.97002997002997,195,2,traffic_signs,0.5555574297904968,1852.6121826171875,1444.5037841796875,1866.2244873046875,1472.8494873046875,1859.4183349609375,1458.6766357421875,13.6123046875,28.345703125
IMG_0043.mp4,700,23.356666666666666,29.97002997002997,147,2,traffic_signs,0.7812502980232239,1320.9351806640625,1354.7977294921875,1346.59326171875,1392.78076171875,1333.7642211914062,1373.7892456054688,25.6580810546875,37.9830322265625
IMG_0043.mp4,700,23.356666666666666,29.97002997002997,170,1,traffic_lights,0.8922903537750244,2244.381591796875,1235.185302734375,2295.26171875,1335.98486328125,2269.8216552734375,1285.5850830078125,50.880126953125,100.799560546875
IMG_0043.mp4,700,23.356666666666666,29.97002997002997,176,1,traffic_lights,0.813400387763977,2134.708740234375,1235.2015380859375,2180.27392578125,1332.5535888671875,2157.4913330078125,1283.8775634765625,45.565185546875,97.35205078125
IMG_0043.mp4,700,23.356666666666666,29.97002997002997,164,1,traffic_lights,0.8090070486068726,2180.866943359375,1187.044189453125,2227.67236328125,1330.1468505859375,2204.2696533203125,1258.5955200195312,46.805419921875,143.1026611328125
IMG_0043.mp4,700,23.356666666666666,29.97002997002997,150,2,traffic_signs,0.7194017171859741,2250.777099609375,1462.7225341796875,2309.462158203125,1527.416748046875,2280.11962890625,1495.0696411132812,58.68505859375,64.6942138671875
IMG_0043.mp4,700,23.356666666666666,29.97002997002997,212,2,traffic_signs,0.29719170928001404,1871.1070556640625,1423.170166015625,1882.18505859375,1446.1290283203125,1876.6460571289062,1434.6495971679688,11.0780029296875,22.9588623046875
IMG_0043.mp4,700,23.356666666666666,29.97002997002997,195,2,traffic_signs,0.5894371867179871,1851.7576904296875,1444.976318359375,1865.2613525390625,1472.744384765625,1858.509521484375,1458.8603515625,13.503662109375,27.76806640625
IMG_0043.mp4,700,23.356666666666666,29.97002997002997,206,1,traffic_lights,0.30500277876853943,2430.25146484375,1334.3096923828125,2458.958740234375,1361.0164794921875,2444.6051025390625,1347.6630859375,28.707275390625,26.706787109375
IMG_0043.mp4,701,23.390033333333335,29.97002997002997,147,2,traffic_signs,0.8283692002296448,1318.40625,1354.6842041015625,1344.6934814453125,1392.5718994140625,1331.5498657226562,1373.6280517578125,26.2872314453125,37.8876953125
IMG_0043.mp4,701,23.390033333333335,29.97002997002997,170,1,traffic_lights,0.8987106084823608,2242.788818359375,1234.3812255859375,2292.86572265625,1333.7822265625,2267.8272705078125,1284.0817260742188,50.076904296875,99.4010009765625
IMG_0043.mp4,701,23.390033333333335,29.97002997002997,176,1,traffic_lights,0.8438847661018372,2132.63671875,1231.590087890625,2177.65625,1332.272216796875,2155.146484375,1281.93115234375,45.01953125,100.68212890625
IMG_0043.mp4,701,23.390033333333335,29.97002997002997,164,1,traffic_lights,0.8262546062469482,2178.9169921875,1184.9522705078125,2225.31689453125,1329.3336181640625,2202.116943359375,1257.1429443359375,46.39990234375,144.38134765625
IMG_0043.mp4,701,23.390033333333335,29.97002997002997,150,2,traffic_signs,0.8939279317855835,2248.984130859375,1462.4063720703125,2307.4189453125,1526.583251953125,2278.2015380859375,1494.4948120117188,58.434814453125,64.1768798828125
IMG_0043.mp4,701,23.390033333333335,29.97002997002997,195,2,traffic_signs,0.5600237846374512,1850.4354248046875,1444.5323486328125,1863.9801025390625,1472.7010498046875,1857.207763671875,1458.61669921875,13.544677734375,28.168701171875
IMG_0043.mp4,702,23.4234,29.97002997002997,147,2,traffic_signs,0.8627398610115051,1315.407958984375,1354.8134765625,1343.23388671875,1391.7293701171875,1329.3209228515625,1373.2714233398438,27.825927734375,36.9158935546875
IMG_0043.mp4,702,23.4234,29.97002997002997,170,1,traffic_lights,0.863656759262085,2241.060791015625,1234.487060546875,2291.436767578125,1331.16259765625,2266.248779296875,1282.8248291015625,50.3759765625,96.675537109375
IMG_0043.mp4,702,23.4234,29.97002997002997,176,1,traffic_lights,0.7596884965896606,2131.036376953125,1228.0096435546875,2175.14404296875,1331.0966796875,2153.0902099609375,1279.5531616210938,44.107666015625,103.0870361328125
IMG_0043.mp4,702,23.4234,29.97002997002997,164,1,traffic_lights,0.6243047118186951,2177.341552734375,1186.0692138671875,2223.093017578125,1326.7774658203125,2200.21728515625,1256.42333984375,45.75146484375,140.708251953125
IMG_0043.mp4,702,23.4234,29.97002997002997,195,2,traffic_signs,0.5294225811958313,1849.194091796875,1444.051025390625,1862.9541015625,1472.2989501953125,1856.0740966796875,1458.1749877929688,13.760009765625,28.2479248046875
IMG_0043.mp4,703,23.456766666666667,29.97002997002997,147,2,traffic_signs,0.8316402435302734,1312.711181640625,1354.822021484375,1340.75244140625,1390.4013671875,1326.7318115234375,1372.6116943359375,28.041259765625,35.579345703125
IMG_0043.mp4,704,23.490133333333333,29.97002997002997,147,2,traffic_signs,0.8667868375778198,1308.8011474609375,1354.711669921875,1338.5120849609375,1389.630859375,1323.6566162109375,1372.1712646484375,29.7109375,34.919189453125
IMG_0043.mp4,704,23.490133333333333,29.97002997002997,206,1,traffic_lights,0.4086647927761078,2429.60693359375,1332.1749267578125,2458.639404296875,1358.8309326171875,2444.1231689453125,1345.5029296875,29.032470703125,26.656005859375
IMG_0043.mp4,704,23.490133333333333,29.97002997002997,150,2,traffic_signs,0.9017952084541321,2245.198486328125,1461.3388671875,2304.07568359375,1525.321044921875,2274.6370849609375,1493.3299560546875,58.877197265625,63.982177734375
IMG_0043.mp4,704,23.490133333333333,29.97002997002997,170,1,traffic_lights,0.7571905255317688,2239.3193359375,1234.8272705078125,2289.9775390625,1327.2574462890625,2264.6484375,1281.0423583984375,50.658203125,92.43017578125
IMG_0043.mp4,705,23.523500000000002,29.97002997002997,206,1,traffic_lights,0.5659972429275513,2430.8388671875,1332.4678955078125,2457.66015625,1360.103271484375,2444.24951171875,1346.2855834960938,26.8212890625,27.6353759765625
IMG_0043.mp4,705,23.523500000000002,29.97002997002997,150,2,traffic_signs,0.9154149293899536,2244.68896484375,1461.7525634765625,2302.512451171875,1525.52392578125,2273.6007080078125,1493.6382446289062,57.823486328125,63.7713623046875
IMG_0043.mp4,705,23.523500000000002,29.97002997002997,170,1,traffic_lights,0.9009242057800293,2237.797119140625,1230.0048828125,2288.243408203125,1328.6097412109375,2263.020263671875,1279.3073120117188,50.4462890625,98.6048583984375
IMG_0043.mp4,705,23.523500000000002,29.97002997002997,176,1,traffic_lights,0.829342782497406,2127.8046875,1225.5245361328125,2171.281494140625,1329.4542236328125,2149.5430908203125,1277.4893798828125,43.476806640625,103.9296875
IMG_0043.mp4,705,23.523500000000002,29.97002997002997,164,1,traffic_lights,0.5303364992141724,2173.93798828125,1180.8399658203125,2220.222900390625,1324.9395751953125,2197.0804443359375,1252.8897705078125,46.284912109375,144.099609375
IMG_0043.mp4,705,23.523500000000002,29.97002997002997,195,2,traffic_signs,0.3606959581375122,1847.9561767578125,1443.164794921875,1861.6407470703125,1471.1324462890625,1854.7984619140625,1457.1486206054688,13.6845703125,27.9676513671875
IMG_0043.mp4,706,23.556866666666668,29.97002997002997,206,1,traffic_lights,0.4469508230686188,2431.453369140625,1333.4810791015625,2457.545654296875,1361.0726318359375,2444.49951171875,1347.27685546875,26.09228515625,27.591552734375
IMG_0043.mp4,706,23.556866666666668,29.97002997002997,150,2,traffic_signs,0.9209132790565491,2243.991943359375,1461.5706787109375,2301.647705078125,1526.02001953125,2272.81982421875,1493.7953491210938,57.65576171875,64.4493408203125
IMG_0043.mp4,706,23.556866666666668,29.97002997002997,170,1,traffic_lights,0.9041688442230225,2236.876708984375,1228.2197265625,2287.29345703125,1328.77978515625,2262.0850830078125,1278.499755859375,50.416748046875,100.56005859375
IMG_0043.mp4,706,23.556866666666668,29.97002997002997,176,1,traffic_lights,0.8248334527015686,2125.98583984375,1223.5047607421875,2169.52490234375,1329.012451171875,2147.75537109375,1276.2586059570312,43.5390625,105.5076904296875
IMG_0043.mp4,706,23.556866666666668,29.97002997002997,164,1,traffic_lights,0.7353343963623047,2173.38916015625,1180.637451171875,2219.35400390625,1326.3331298828125,2196.37158203125,1253.4852905273438,45.96484375,145.6956787109375
IMG_0043.mp4,706,23.556866666666668,29.97002997002997,195,2,traffic_signs,0.3364885747432709,1848.1641845703125,1443.1097412109375,1861.57080078125,1471.27490234375,1854.8674926757812,1457.1923217773438,13.4066162109375,28.1651611328125
IMG_0043.mp4,706,23.556866666666668,29.97002997002997,147,2,traffic_signs,0.6720179319381714,1306.2164306640625,1353.418701171875,1333.2464599609375,1390.11474609375,1319.7314453125,1371.7667236328125,27.030029296875,36.696044921875
IMG_0043.mp4,707,23.590233333333334,29.97002997002997,206,1,traffic_lights,0.5154648423194885,2431.056640625,1332.614501953125,2457.809814453125,1361.052734375,2444.4332275390625,1346.8336181640625,26.753173828125,28.438232421875
IMG_0043.mp4,707,23.590233333333334,29.97002997002997,150,2,traffic_signs,0.9210580587387085,2242.85498046875,1461.1650390625,2300.47314453125,1526.2801513671875,2271.6640625,1493.7225952148438,57.6181640625,65.1151123046875
IMG_0043.mp4,707,23.590233333333334,29.97002997002997,170,1,traffic_lights,0.9079210758209229,2234.969970703125,1227.7618408203125,2286.499755859375,1328.4483642578125,2260.73486328125,1278.1051025390625,51.52978515625,100.6865234375
IMG_0043.mp4,707,23.590233333333334,29.97002997002997,176,1,traffic_lights,0.8208853006362915,2123.502685546875,1222.074951171875,2166.19091796875,1327.91748046875,2144.8468017578125,1274.9962158203125,42.688232421875,105.842529296875
IMG_0043.mp4,707,23.590233333333334,29.97002997002997,164,1,traffic_lights,0.5089971423149109,2171.1494140625,1178.830810546875,2217.381591796875,1326.1663818359375,2194.2655029296875,1252.4985961914062,46.232177734375,147.3355712890625
IMG_0043.mp4,707,23.590233333333334,29.97002997002997,195,2,traffic_signs,0.35758090019226074,1847.7596435546875,1443.1932373046875,1861.19580078125,1471.889404296875,1854.4777221679688,1457.5413208007812,13.4361572265625,28.6961669921875
IMG_0043.mp4,707,23.590233333333334,29.97002997002997,147,2,traffic_signs,0.8457898497581482,1304.917236328125,1353.917236328125,1331.02783203125,1390.06884765625,1317.9725341796875,1371.9930419921875,26.110595703125,36.151611328125
IMG_0043.mp4,708,23.6236,29.97002997002997,206,1,traffic_lights,0.48766767978668213,2430.555419921875,1331.8629150390625,2458.05126953125,1360.8084716796875,2444.3033447265625,1346.335693359375,27.495849609375,28.945556640625
IMG_0043.mp4,708,23.6236,29.97002997002997,150,2,traffic_signs,0.9195836782455444,2241.613525390625,1460.6611328125,2299.43701171875,1526.3138427734375,2270.5252685546875,1493.4874877929688,57.823486328125,65.6527099609375
IMG_0043.mp4,708,23.6236,29.97002997002997,170,1,traffic_lights,0.9169318675994873,2233.531005859375,1227.95654296875,2285.566650390625,1327.93359375,2259.548828125,1277.945068359375,52.03564453125,99.97705078125
IMG_0043.mp4,708,23.6236,29.97002997002997,176,1,traffic_lights,0.834844172000885,2121.275390625,1221.11767578125,2162.705078125,1327.2308349609375,2141.990234375,1274.1742553710938,41.4296875,106.1131591796875
IMG_0043.mp4,708,23.6236,29.97002997002997,164,1,traffic_lights,0.4502996504306793,2168.4658203125,1176.3472900390625,2215.435791015625,1323.6768798828125,2191.9508056640625,1250.0120849609375,46.969970703125,147.32958984375
IMG_0043.mp4,708,23.6236,29.97002997002997,195,2,traffic_signs,0.266586571931839,1846.9161376953125,1443.2972412109375,1860.995361328125,1471.7646484375,1853.9557495117188,1457.5309448242188,14.0792236328125,28.4674072265625
IMG_0043.mp4,708,23.6236,29.97002997002997,147,2,traffic_signs,0.853533923625946,1303.0538330078125,1354.302001953125,1328.35107421875,1390.14453125,1315.7024536132812,1372.2232666015625,25.2972412109375,35.842529296875
IMG_0043.mp4,709,23.656966666666666,29.97002997002997,206,1,traffic_lights,0.6086386442184448,2429.959716796875,1331.438720703125,2457.827392578125,1360.4248046875,2443.8935546875,1345.9317626953125,27.86767578125,28.986083984375
IMG_0043.mp4,709,23.656966666666666,29.97002997002997,150,2,traffic_signs,0.9164650440216064,2240.364990234375,1460.5396728515625,2298.41162109375,1526.284912109375,2269.3883056640625,1493.4122924804688,58.046630859375,65.7452392578125
IMG_0043.mp4,709,23.656966666666666,29.97002997002997,170,1,traffic_lights,0.914966344833374,2232.248779296875,1228.093017578125,2284.583984375,1326.76025390625,2258.4163818359375,1277.4266357421875,52.335205078125,98.667236328125
IMG_0043.mp4,709,23.656966666666666,29.97002997002997,176,1,traffic_lights,0.7780876159667969,2119.14697265625,1221.1678466796875,2160.288818359375,1326.263916015625,2139.7178955078125,1273.7158813476562,41.141845703125,105.0960693359375
IMG_0043.mp4,709,23.656966666666666,29.97002997002997,164,1,traffic_lights,0.29870057106018066,2165.898681640625,1175.1387939453125,2213.159423828125,1321.8773193359375,2189.529052734375,1248.508056640625,47.2607421875,146.738525390625
IMG_0043.mp4,709,23.656966666666666,29.97002997002997,195,2,traffic_signs,0.25081491470336914,1846.2451171875,1442.7991943359375,1860.5311279296875,1471.52294921875,1853.3881225585938,1457.1610717773438,14.2860107421875,28.7237548828125
IMG_0043.mp4,709,23.656966666666666,29.97002997002997,147,2,traffic_signs,0.8489004969596863,1301.5308837890625,1354.3131103515625,1326.3343505859375,1389.795166015625,1313.9326171875,1372.0541381835938,24.803466796875,35.4820556640625
IMG_0043.mp4,710,23.690333333333335,29.97002997002997,150,2,traffic_signs,0.908388614654541,2238.816162109375,1460.5555419921875,2296.87109375,1526.24267578125,2267.8436279296875,1493.3991088867188,58.054931640625,65.6871337890625
IMG_0043.mp4,710,23.690333333333335,29.97002997002997,170,1,traffic_lights,0.9000352025032043,2231.422119140625,1226.69091796875,2282.982666015625,1325.545654296875,2257.202392578125,1276.1182861328125,51.560546875,98.854736328125
IMG_0043.mp4,710,23.690333333333335,29.97002997002997,176,1,traffic_lights,0.8868340253829956,2116.239990234375,1222.35791015625,2158.973876953125,1324.152587890625,2137.60693359375,1273.2552490234375,42.73388671875,101.794677734375
IMG_0043.mp4,710,23.690333333333335,29.97002997002997,164,1,traffic_lights,0.8934432864189148,2163.427490234375,1173.689697265625,2211.066650390625,1320.9656982421875,2187.2470703125,1247.3276977539062,47.63916015625,147.2760009765625
IMG_0043.mp4,710,23.690333333333335,29.97002997002997,195,2,traffic_signs,0.3002288043498993,1845.2347412109375,1443.3245849609375,1859.692138671875,1471.8997802734375,1852.4634399414062,1457.6121826171875,14.4573974609375,28.5751953125
IMG_0043.mp4,710,23.690333333333335,29.97002997002997,147,2,traffic_signs,0.8416313529014587,1299.61962890625,1354.1505126953125,1325.264404296875,1389.632568359375,1312.4420166015625,1371.8915405273438,25.644775390625,35.4820556640625
IMG_0043.mp4,711,23.7237,29.97002997002997,150,2,traffic_signs,0.8847971558570862,2237.96240234375,1459.6939697265625,2296.50146484375,1526.308349609375,2267.23193359375,1493.0011596679688,58.5390625,66.6143798828125
IMG_0043.mp4,711,23.7237,29.97002997002997,176,1,traffic_lights,0.8826962113380432,2113.67333984375,1222.6380615234375,2157.3603515625,1323.334228515625,2135.516845703125,1272.9861450195312,43.68701171875,100.6961669921875
IMG_0043.mp4,711,23.7237,29.97002997002997,164,1,traffic_lights,0.8005167841911316,2161.700927734375,1171.390380859375,2208.837890625,1322.5274658203125,2185.2694091796875,1246.9589233398438,47.136962890625,151.1370849609375
IMG_0043.mp4,711,23.7237,29.97002997002997,195,2,traffic_signs,0.4017615020275116,1844.5665283203125,1443.5489501953125,1859.5367431640625,1472.51318359375,1852.0516357421875,1458.0310668945312,14.97021484375,28.9642333984375
IMG_0043.mp4,711,23.7237,29.97002997002997,147,2,traffic_signs,0.8383779525756836,1297.602294921875,1353.382080078125,1323.684814453125,1389.703857421875,1310.6435546875,1371.54296875,26.08251953125,36.32177734375
IMG_0043.mp4,712,23.757066666666667,29.97002997002997,176,1,traffic_lights,0.8573684692382812,2111.611572265625,1221.903076171875,2155.16455078125,1322.57470703125,2133.3880615234375,1272.2388916015625,43.552978515625,100.671630859375
IMG_0043.mp4,712,23.757066666666667,29.97002997002997,195,2,traffic_signs,0.5430732369422913,1843.6689453125,1442.6552734375,1859.2630615234375,1473.140380859375,1851.4660034179688,1457.8978271484375,15.5941162109375,30.485107421875
IMG_0043.mp4,712,23.757066666666667,29.97002997002997,147,2,traffic_signs,0.8369917273521423,1295.618896484375,1353.3572998046875,1322.3345947265625,1389.8017578125,1308.9767456054688,1371.5795288085938,26.7156982421875,36.4444580078125
IMG_0043.mp4,712,23.757066666666667,29.97002997002997,170,1,traffic_lights,0.7835196852684021,2231.66552734375,1224.5540771484375,2280.339111328125,1317.5224609375,2256.0023193359375,1271.0382690429688,48.673583984375,92.9683837890625
IMG_0043.mp4,713,23.790433333333333,29.97002997002997,176,1,traffic_lights,0.9084469079971313,2109.9072265625,1224.6226806640625,2155.74853515625,1323.8260498046875,2132.827880859375,1274.224365234375,45.84130859375,99.203369140625
IMG_0043.mp4,713,23.790433333333333,29.97002997002997,147,2,traffic_signs,0.8149864077568054,1294.1368408203125,1352.974609375,1320.197265625,1389.200927734375,1307.1670532226562,1371.0877685546875,26.0604248046875,36.226318359375
IMG_0043.mp4,713,23.790433333333333,29.97002997002997,170,1,traffic_lights,0.9294202327728271,2227.90283203125,1221.5513916015625,2278.824951171875,1320.670654296875,2253.3638916015625,1271.1110229492188,50.922119140625,99.1192626953125
IMG_0043.mp4,713,23.790433333333333,29.97002997002997,206,1,traffic_lights,0.42041972279548645,2429.302734375,1330.8988037109375,2456.027587890625,1360.096435546875,2442.6651611328125,1345.4976196289062,26.724853515625,29.1976318359375
IMG_0043.mp4,713,23.790433333333333,29.97002997002997,150,2,traffic_signs,0.9231352806091309,2234.30126953125,1459.2210693359375,2294.118408203125,1526.0665283203125,2264.2098388671875,1492.643798828125,59.817138671875,66.845458984375
IMG_0043.mp4,713,23.790433333333333,29.97002997002997,164,1,traffic_lights,0.8059334754943848,2156.552978515625,1166.3338623046875,2206.846435546875,1319.14990234375,2181.69970703125,1242.7418823242188,50.29345703125,152.8160400390625
IMG_0043.mp4,714,23.823800000000002,29.97002997002997,176,1,traffic_lights,0.8885056972503662,2108.16455078125,1225.66259765625,2153.421142578125,1322.242431640625,2130.7928466796875,1273.9525146484375,45.256591796875,96.579833984375
IMG_0043.mp4,714,23.823800000000002,29.97002997002997,147,2,traffic_signs,0.6738488674163818,1291.7901611328125,1352.7811279296875,1318.6636962890625,1387.9840087890625,1305.2269287109375,1370.382568359375,26.87353515625,35.202880859375
IMG_0043.mp4,714,23.823800000000002,29.97002997002997,170,1,traffic_lights,0.9104346036911011,2225.3232421875,1219.280029296875,2277.976806640625,1321.58544921875,2251.6500244140625,1270.4327392578125,52.653564453125,102.305419921875
IMG_0043.mp4,714,23.823800000000002,29.97002997002997,206,1,traffic_lights,0.3169659674167633,2429.26123046875,1330.7818603515625,2455.266357421875,1358.98681640625,2442.2637939453125,1344.8843383789062,26.005126953125,28.2049560546875
IMG_0043.mp4,714,23.823800000000002,29.97002997002997,150,2,traffic_signs,0.9220340847969055,2232.98388671875,1459.189453125,2292.322265625,1525.490234375,2262.653076171875,1492.33984375,59.33837890625,66.30078125
IMG_0043.mp4,714,23.823800000000002,29.97002997002997,164,1,traffic_lights,0.8417311310768127,2155.174560546875,1163.86376953125,2205.567138671875,1318.4002685546875,2180.370849609375,1241.1320190429688,50.392578125,154.5364990234375
IMG_0043.mp4,715,23.857166666666668,29.97002997002997,176,1,traffic_lights,0.8902151584625244,2106.241455078125,1225.3455810546875,2151.8115234375,1321.54638671875,2129.0264892578125,1273.4459838867188,45.570068359375,96.2008056640625
IMG_0043.mp4,715,23.857166666666668,29.97002997002997,147,2,traffic_signs,0.4016709327697754,1288.83251953125,1352.7364501953125,1317.788818359375,1386.8204345703125,1303.3106689453125,1369.7784423828125,28.956298828125,34.083984375
IMG_0043.mp4,715,23.857166666666668,29.97002997002997,170,1,traffic_lights,0.9012176990509033,2224.09375,1218.8956298828125,2276.731689453125,1321.610595703125,2250.4127197265625,1270.2531127929688,52.637939453125,102.7149658203125
IMG_0043.mp4,715,23.857166666666668,29.97002997002997,206,1,traffic_lights,0.2767147719860077,2429.38623046875,1330.5814208984375,2455.41015625,1358.47998046875,2442.398193359375,1344.5307006835938,26.02392578125,27.8985595703125
IMG_0043.mp4,715,23.857166666666668,29.97002997002997,150,2,traffic_signs,0.9248183965682983,2232.534423828125,1459.3642578125,2291.165771484375,1525.5845947265625,2261.85009765625,1492.4744262695312,58.63134765625,66.2203369140625
IMG_0043.mp4,715,23.857166666666668,29.97002997002997,164,1,traffic_lights,0.8890823721885681,2154.359130859375,1163.1331787109375,2203.9091796875,1318.2337646484375,2179.1341552734375,1240.6834716796875,49.550048828125,155.1005859375
IMG_0043.mp4,716,23.890533333333334,29.97002997002997,176,1,traffic_lights,0.8853384852409363,2103.97607421875,1224.9710693359375,2149.590087890625,1320.3267822265625,2126.7830810546875,1272.64892578125,45.614013671875,95.355712890625
IMG_0043.mp4,716,23.890533333333334,29.97002997002997,170,1,traffic_lights,0.9004160165786743,2222.44189453125,1217.5975341796875,2275.66064453125,1321.3143310546875,2249.05126953125,1269.4559326171875,53.21875,103.716796875
IMG_0043.mp4,716,23.890533333333334,29.97002997002997,150,2,traffic_signs,0.9241476058959961,2231.06591796875,1458.86181640625,2290.214599609375,1525.50341796875,2260.6402587890625,1492.1826171875,59.148681640625,66.6416015625
IMG_0043.mp4,716,23.890533333333334,29.97002997002997,164,1,traffic_lights,0.8904454708099365,2153.02587890625,1162.3238525390625,2201.934814453125,1317.5345458984375,2177.4803466796875,1239.92919921875,48.908935546875,155.210693359375
IMG_0043.mp4,717,23.9239,29.97002997002997,176,1,traffic_lights,0.8962653279304504,2102.131591796875,1222.557373046875,2148.066650390625,1319.6331787109375,2125.09912109375,1271.0952758789062,45.93505859375,97.0758056640625
IMG_0043.mp4,717,23.9239,29.97002997002997,170,1,traffic_lights,0.8954330086708069,2221.01318359375,1217.06787109375,2274.731201171875,1320.8492431640625,2247.8721923828125,1268.9585571289062,53.718017578125,103.7813720703125
IMG_0043.mp4,717,23.9239,29.97002997002997,150,2,traffic_signs,0.9242075085639954,2230.19921875,1458.95751953125,2290.087646484375,1525.3973388671875,2260.1434326171875,1492.1774291992188,59.888427734375,66.4398193359375
IMG_0043.mp4,717,23.9239,29.97002997002997,164,1,traffic_lights,0.8964150547981262,2152.51806640625,1162.426025390625,2200.82568359375,1318.3848876953125,2176.671875,1240.4054565429688,48.3076171875,155.9588623046875
IMG_0043.mp4,718,23.957266666666666,29.97002997002997,176,1,traffic_lights,0.894463300704956,2100.177734375,1220.322998046875,2146.339599609375,1318.6754150390625,2123.2586669921875,1269.4992065429688,46.161865234375,98.3524169921875
IMG_0043.mp4,718,23.957266666666666,29.97002997002997,170,1,traffic_lights,0.9075391888618469,2218.6669921875,1216.17578125,2272.83984375,1320.408447265625,2245.75341796875,1268.2921142578125,54.1728515625,104.232666015625
IMG_0043.mp4,718,23.957266666666666,29.97002997002997,150,2,traffic_signs,0.9264892935752869,2228.978515625,1458.7237548828125,2289.50732421875,1525.2398681640625,2259.242919921875,1491.9818115234375,60.52880859375,66.51611328125
IMG_0043.mp4,718,23.957266666666666,29.97002997002997,164,1,traffic_lights,0.894508421421051,2151.71435546875,1161.5018310546875,2199.56884765625,1317.784423828125,2175.6416015625,1239.6431274414062,47.8544921875,156.2825927734375
IMG_0043.mp4,718,23.957266666666666,29.97002997002997,147,2,traffic_signs,0.4389565885066986,1283.28759765625,1352.26708984375,1311.529052734375,1386.7039794921875,1297.4083251953125,1369.4855346679688,28.241455078125,34.4368896484375
IMG_0043.mp4,719,23.990633333333335,29.97002997002997,176,1,traffic_lights,0.46108904480934143,2099.298095703125,1218.87744140625,2146.897705078125,1320.2069091796875,2123.097900390625,1269.5421752929688,47.599609375,101.3294677734375
IMG_0043.mp4,719,23.990633333333335,29.97002997002997,170,1,traffic_lights,0.9042725563049316,2217.281005859375,1215.2818603515625,2271.7548828125,1319.758544921875,2244.5179443359375,1267.5202026367188,54.473876953125,104.4766845703125
IMG_0043.mp4,719,23.990633333333335,29.97002997002997,150,2,traffic_signs,0.9291918873786926,2227.796142578125,1458.6348876953125,2289.097412109375,1525.5020751953125,2258.44677734375,1492.0684814453125,61.30126953125,66.8671875
IMG_0043.mp4,719,23.990633333333335,29.97002997002997,164,1,traffic_lights,0.8627104163169861,2151.573974609375,1159.870849609375,2198.73681640625,1317.3961181640625,2175.1553955078125,1238.6334838867188,47.162841796875,157.5252685546875
IMG_0043.mp4,719,23.990633333333335,29.97002997002997,147,2,traffic_signs,0.5568587183952332,1281.861083984375,1352.62744140625,1308.4298095703125,1386.895751953125,1295.1454467773438,1369.7615966796875,26.5687255859375,34.268310546875
IMG_0043.mp4,720,24.024,29.97002997002997,150,2,traffic_signs,0.9127583503723145,2227.0625,1457.320556640625,2288.94580078125,1525.8248291015625,2258.004150390625,1491.5726928710938,61.88330078125,68.5042724609375
IMG_0043.mp4,720,24.024,29.97002997002997,164,1,traffic_lights,0.8873444199562073,2147.962158203125,1158.7073974609375,2197.1103515625,1313.31689453125,2172.5362548828125,1236.0121459960938,49.148193359375,154.6094970703125
IMG_0043.mp4,720,24.024,29.97002997002997,147,2,traffic_signs,0.7892369031906128,1281.062744140625,1351.8800048828125,1306.989501953125,1387.69140625,1294.026123046875,1369.7857055664062,25.9267578125,35.8114013671875
IMG_0043.mp4,721,24.057366666666667,29.97002997002997,150,2,traffic_signs,0.7729656100273132,2226.901123046875,1458.4100341796875,2288.54296875,1525.9996337890625,2257.7220458984375,1492.204833984375,61.641845703125,67.589599609375
IMG_0043.mp4,721,24.057366666666667,29.97002997002997,164,1,traffic_lights,0.8821799755096436,2148.1845703125,1159.097900390625,2196.1435546875,1312.9903564453125,2172.1640625,1236.0441284179688,47.958984375,153.8924560546875
IMG_0043.mp4,721,24.057366666666667,29.97002997002997,147,2,traffic_signs,0.8456692695617676,1278.7738037109375,1351.15771484375,1306.3658447265625,1388.4578857421875,1292.56982421875,1369.8078002929688,27.592041015625,37.3001708984375
IMG_0043.mp4,721,24.057366666666667,29.97002997002997,176,1,traffic_lights,0.8859814405441284,2095.638916015625,1217.1539306640625,2140.78173828125,1315.848388671875,2118.2103271484375,1266.5011596679688,45.142822265625,98.6944580078125
IMG_0043.mp4,721,24.057366666666667,29.97002997002997,170,1,traffic_lights,0.7794797420501709,2213.946533203125,1210.91064453125,2264.3525390625,1322.0814208984375,2239.1495361328125,1266.4960327148438,50.406005859375,111.1707763671875
IMG_0043.mp4,722,24.090733333333333,29.97002997002997,150,2,traffic_signs,0.8216585516929626,2225.806396484375,1458.6234130859375,2287.421875,1525.7965087890625,2256.6141357421875,1492.2099609375,61.615478515625,67.173095703125
IMG_0043.mp4,722,24.090733333333333,29.97002997002997,164,1,traffic_lights,0.8948437571525574,2147.18701171875,1158.131103515625,2195.06689453125,1311.6856689453125,2171.126953125,1234.9083862304688,47.8798828125,153.5545654296875
IMG_0043.mp4,722,24.090733333333333,29.97002997002997,147,2,traffic_signs,0.7398393750190735,1277.46728515625,1351.47216796875,1304.3984375,1388.059326171875,1290.932861328125,1369.7657470703125,26.93115234375,36.587158203125
IMG_0043.mp4,722,24.090733333333333,29.97002997002997,237,1,traffic_lights,0.6193580031394958,1483.4840087890625,1217.665283203125,1502.5406494140625,1274.3165283203125,1493.0123291015625,1245.9909057617188,19.056640625,56.6512451171875
IMG_0043.mp4,722,24.090733333333333,29.97002997002997,176,1,traffic_lights,0.8835713863372803,2094.296630859375,1216.24951171875,2138.1015625,1314.8670654296875,2116.1990966796875,1265.5582885742188,43.804931640625,98.6175537109375
IMG_0043.mp4,722,24.090733333333333,29.97002997002997,170,1,traffic_lights,0.913132905960083,2214.32763671875,1211.3675537109375,2266.574951171875,1318.531982421875,2240.4512939453125,1264.9497680664062,52.247314453125,107.1644287109375
IMG_0043.mp4,723,24.124100000000002,29.97002997002997,150,2,traffic_signs,0.9145718216896057,2225.20654296875,1458.522705078125,2286.84423828125,1525.666259765625,2256.025390625,1492.094482421875,61.6376953125,67.1435546875
IMG_0043.mp4,723,24.124100000000002,29.97002997002997,164,1,traffic_lights,0.895915687084198,2145.36865234375,1156.4622802734375,2193.48095703125,1311.1400146484375,2169.4248046875,1233.8011474609375,48.1123046875,154.677734375
IMG_0043.mp4,723,24.124100000000002,29.97002997002997,147,2,traffic_signs,0.5455604791641235,1275.8724365234375,1351.740478515625,1303.077880859375,1387.3460693359375,1289.4751586914062,1369.5432739257812,27.2054443359375,35.6055908203125
IMG_0043.mp4,723,24.124100000000002,29.97002997002997,237,1,traffic_lights,0.2581224739551544,1482.4930419921875,1218.086181640625,1501.4844970703125,1273.4813232421875,1491.98876953125,1245.7837524414062,18.991455078125,55.3951416015625
IMG_0043.mp4,723,24.124100000000002,29.97002997002997,176,1,traffic_lights,0.832185685634613,2092.4287109375,1217.772216796875,2136.341552734375,1312.785400390625,2114.3851318359375,1265.27880859375,43.912841796875,95.01318359375
IMG_0043.mp4,723,24.124100000000002,29.97002997002997,170,1,traffic_lights,0.9180270433425903,2213.05126953125,1211.597900390625,2266.505126953125,1317.2794189453125,2239.7781982421875,1264.4386596679688,53.453857421875,105.6815185546875
IMG_0043.mp4,723,24.124100000000002,29.97002997002997,206,1,traffic_lights,0.4851175546646118,2429.1201171875,1329.9864501953125,2456.306396484375,1357.6951904296875,2442.7132568359375,1343.8408203125,27.186279296875,27.708740234375
IMG_0043.mp4,724,24.157466666666668,29.97002997002997,150,2,traffic_signs,0.9319937229156494,2224.473876953125,1458.2923583984375,2286.143310546875,1525.6689453125,2255.30859375,1491.9806518554688,61.66943359375,67.3765869140625
IMG_0043.mp4,724,24.157466666666668,29.97002997002997,164,1,traffic_lights,0.8736651539802551,2142.82958984375,1153.167236328125,2190.5302734375,1310.7205810546875,2166.679931640625,1231.9439086914062,47.70068359375,157.5533447265625
IMG_0043.mp4,724,24.157466666666668,29.97002997002997,147,2,traffic_signs,0.5465807914733887,1273.9554443359375,1351.6402587890625,1301.299560546875,1385.85693359375,1287.6275024414062,1368.7485961914062,27.3441162109375,34.2166748046875
IMG_0043.mp4,724,24.157466666666668,29.97002997002997,176,1,traffic_lights,0.9180392026901245,2090.593505859375,1217.147216796875,2135.358642578125,1311.8843994140625,2112.97607421875,1264.5158081054688,44.76513671875,94.7371826171875
IMG_0043.mp4,724,24.157466666666668,29.97002997002997,170,1,traffic_lights,0.9115864634513855,2212.093505859375,1210.8819580078125,2266.2431640625,1316.3809814453125,2239.1683349609375,1263.6314697265625,54.149658203125,105.4990234375
IMG_0043.mp4,724,24.157466666666668,29.97002997002997,206,1,traffic_lights,0.5575458407402039,2428.709716796875,1329.9310302734375,2455.755615234375,1357.8902587890625,2442.232666015625,1343.91064453125,27.0458984375,27.959228515625
IMG_0043.mp4,725,24.190833333333334,29.97002997002997,150,2,traffic_signs,0.9252267479896545,2224.0712890625,1457.82080078125,2285.066162109375,1525.4490966796875,2254.5687255859375,1491.6349487304688,60.994873046875,67.6282958984375
IMG_0043.mp4,725,24.190833333333334,29.97002997002997,164,1,traffic_lights,0.7721342444419861,2141.316650390625,1151.4375,2188.026123046875,1309.9615478515625,2164.67138671875,1230.6995239257812,46.70947265625,158.5240478515625
IMG_0043.mp4,725,24.190833333333334,29.97002997002997,147,2,traffic_signs,0.6276153922080994,1272.9364013671875,1351.5372314453125,1299.714599609375,1385.04052734375,1286.3255004882812,1368.2888793945312,26.7781982421875,33.5032958984375
IMG_0043.mp4,725,24.190833333333334,29.97002997002997,176,1,traffic_lights,0.9121770262718201,2089.132080078125,1217.1083984375,2134.26806640625,1311.12255859375,2111.7000732421875,1264.115478515625,45.135986328125,94.01416015625
IMG_0043.mp4,725,24.190833333333334,29.97002997002997,170,1,traffic_lights,0.9048565030097961,2211.398193359375,1209.7470703125,2265.39404296875,1316.1099853515625,2238.3961181640625,1262.9285278320312,53.995849609375,106.3629150390625
IMG_0043.mp4,725,24.190833333333334,29.97002997002997,206,1,traffic_lights,0.5333689451217651,2428.585693359375,1329.89453125,2455.491943359375,1357.55126953125,2442.038818359375,1343.722900390625,26.90625,27.65673828125
IMG_0043.mp4,725,24.190833333333334,29.97002997002997,237,1,traffic_lights,0.2876313030719757,1481.10009765625,1218.3797607421875,1499.73095703125,1273.3814697265625,1490.41552734375,1245.880615234375,18.630859375,55.001708984375
IMG_0043.mp4,726,24.2242,29.97002997002997,150,2,traffic_signs,0.927068829536438,2223.88671875,1457.5245361328125,2283.885498046875,1525.316162109375,2253.8861083984375,1491.4203491210938,59.998779296875,67.7916259765625
IMG_0043.mp4,726,24.2242,29.97002997002997,164,1,traffic_lights,0.7318670749664307,2140.07861328125,1150.024658203125,2186.54931640625,1310.093505859375,2163.31396484375,1230.05908203125,46.470703125,160.06884765625
IMG_0043.mp4,726,24.2242,29.97002997002997,147,2,traffic_signs,0.6986951231956482,1270.9429931640625,1351.4163818359375,1298.1148681640625,1384.7799072265625,1284.5289306640625,1368.09814453125,27.171875,33.363525390625
IMG_0043.mp4,726,24.2242,29.97002997002997,176,1,traffic_lights,0.9028520584106445,2087.7197265625,1216.387939453125,2132.948974609375,1310.43115234375,2110.3343505859375,1263.4095458984375,45.229248046875,94.043212890625
IMG_0043.mp4,726,24.2242,29.97002997002997,170,1,traffic_lights,0.9093723297119141,2210.150146484375,1209.1353759765625,2264.6171875,1315.723388671875,2237.3836669921875,1262.4293823242188,54.467041015625,106.5880126953125
IMG_0043.mp4,726,24.2242,29.97002997002997,206,1,traffic_lights,0.6808570027351379,2428.47705078125,1329.8236083984375,2454.8935546875,1358.14892578125,2441.685302734375,1343.9862670898438,26.41650390625,28.3253173828125
IMG_0043.mp4,726,24.2242,29.97002997002997,243,2,traffic_signs,0.40571752190589905,1834.8743896484375,1445.6715087890625,1847.3763427734375,1471.491943359375,1841.1253662109375,1458.5817260742188,12.501953125,25.8204345703125
IMG_0043.mp4,726,24.2242,29.97002997002997,237,1,traffic_lights,0.46268171072006226,1480.3016357421875,1218.2308349609375,1499.294921875,1274.135009765625,1489.7982788085938,1246.1829223632812,18.9932861328125,55.9041748046875
IMG_0043.mp4,727,24.257566666666666,29.97002997002997,150,2,traffic_signs,0.929589569568634,2223.223876953125,1457.3284912109375,2282.956787109375,1525.053955078125,2253.09033203125,1491.1912231445312,59.73291015625,67.7254638671875
IMG_0043.mp4,727,24.257566666666666,29.97002997002997,164,1,traffic_lights,0.7902901768684387,2138.2705078125,1148.512451171875,2185.3828125,1310.21240234375,2161.82666015625,1229.3624267578125,47.1123046875,161.699951171875
IMG_0043.mp4,727,24.257566666666666,29.97002997002997,176,1,traffic_lights,0.884941816329956,2085.925048828125,1215.924072265625,2130.929443359375,1309.4586181640625,2108.42724609375,1262.6913452148438,45.00439453125,93.5345458984375
IMG_0043.mp4,727,24.257566666666666,29.97002997002997,170,1,traffic_lights,0.9039292335510254,2209.23291015625,1208.209716796875,2263.691650390625,1314.52001953125,2236.4622802734375,1261.3648681640625,54.458740234375,106.310302734375
IMG_0043.mp4,727,24.257566666666666,29.97002997002997,206,1,traffic_lights,0.5882030129432678,2429.0341796875,1329.74462890625,2455.892822265625,1358.039306640625,2442.4635009765625,1343.8919677734375,26.858642578125,28.294677734375
IMG_0043.mp4,727,24.257566666666666,29.97002997002997,243,2,traffic_signs,0.39899036288261414,1834.642578125,1445.414306640625,1846.6319580078125,1471.0391845703125,1840.6372680664062,1458.2267456054688,11.9893798828125,25.6248779296875
IMG_0043.mp4,727,24.257566666666666,29.97002997002997,237,1,traffic_lights,0.7297681570053101,1480.2662353515625,1217.842041015625,1499.00439453125,1273.8848876953125,1489.6353149414062,1245.8634643554688,18.7381591796875,56.0428466796875
IMG_0043.mp4,728,24.290933333333335,29.97002997002997,150,2,traffic_signs,0.9268991947174072,2222.2431640625,1457.2685546875,2281.7744140625,1524.6363525390625,2252.0087890625,1490.9524536132812,59.53125,67.3677978515625
IMG_0043.mp4,728,24.290933333333335,29.97002997002997,164,1,traffic_lights,0.8008610606193542,2137.11474609375,1147.5509033203125,2184.212158203125,1308.1695556640625,2160.6634521484375,1227.8602294921875,47.097412109375,160.61865234375
IMG_0043.mp4,728,24.290933333333335,29.97002997002997,176,1,traffic_lights,0.8724067807197571,2084.705810546875,1214.5855712890625,2129.340087890625,1308.69287109375,2107.02294921875,1261.6392211914062,44.63427734375,94.1072998046875
IMG_0043.mp4,728,24.290933333333335,29.97002997002997,170,1,traffic_lights,0.8949146866798401,2208.390380859375,1207.354736328125,2262.74365234375,1312.971923828125,2235.5670166015625,1260.163330078125,54.353271484375,105.6171875
IMG_0043.mp4,728,24.290933333333335,29.97002997002997,206,1,traffic_lights,0.4619797468185425,2429.276123046875,1329.673828125,2455.9365234375,1357.4053955078125,2442.6063232421875,1343.5396118164062,26.660400390625,27.7315673828125
IMG_0043.mp4,728,24.290933333333335,29.97002997002997,147,2,traffic_signs,0.7685171365737915,1267.9334716796875,1351.0850830078125,1295.660400390625,1383.4957275390625,1281.7969360351562,1367.2904052734375,27.7269287109375,32.41064453125
IMG_0043.mp4,729,24.3243,29.97002997002997,150,2,traffic_signs,0.9047733545303345,2220.767822265625,1456.6483154296875,2280.6396484375,1523.5823974609375,2250.7037353515625,1490.1153564453125,59.871826171875,66.93408203125
IMG_0043.mp4,729,24.3243,29.97002997002997,206,1,traffic_lights,0.6224622130393982,2427.40673828125,1329.974365234375,2458.20751953125,1356.9991455078125,2442.80712890625,1343.4867553710938,30.80078125,27.0247802734375
IMG_0043.mp4,729,24.3243,29.97002997002997,147,2,traffic_signs,0.8068285584449768,1266.6893310546875,1350.860107421875,1295.125732421875,1383.5277099609375,1280.9075317382812,1367.1939086914062,28.4364013671875,32.6676025390625
IMG_0043.mp4,730,24.357666666666667,29.97002997002997,147,2,traffic_signs,0.7915416955947876,1265.796142578125,1350.6405029296875,1293.748779296875,1383.485107421875,1279.7724609375,1367.0628051757812,27.95263671875,32.8446044921875
IMG_0043.mp4,730,24.357666666666667,29.97002997002997,243,2,traffic_signs,0.5314772725105286,1832.31982421875,1444.9761962890625,1845.657470703125,1471.079833984375,1838.9886474609375,1458.0280151367188,13.337646484375,26.1036376953125
IMG_0043.mp4,730,24.357666666666667,29.97002997002997,164,1,traffic_lights,0.38258108496665955,2133.478759765625,1146.9053955078125,2182.586669921875,1305.6348876953125,2158.03271484375,1226.2701416015625,49.10791015625,158.7294921875
IMG_0043.mp4,730,24.357666666666667,29.97002997002997,176,1,traffic_lights,0.8561033010482788,2080.926025390625,1212.925048828125,2125.837158203125,1306.4830322265625,2103.381591796875,1259.7040405273438,44.9111328125,93.5579833984375
IMG_0043.mp4,730,24.357666666666667,29.97002997002997,170,1,traffic_lights,0.7313976287841797,2202.609130859375,1202.8369140625,2262.097900390625,1307.6024169921875,2232.353515625,1255.2196655273438,59.48876953125,104.7655029296875
IMG_0043.mp4,731,24.391033333333333,29.97002997002997,147,2,traffic_signs,0.791705310344696,1264.519775390625,1349.3739013671875,1292.4659423828125,1382.7435302734375,1278.4928588867188,1366.0587158203125,27.9461669921875,33.36962890625
IMG_0043.mp4,731,24.391033333333333,29.97002997002997,252,2,traffic_signs,0.5133092403411865,1851.3553466796875,1424.46728515625,1861.5089111328125,1445.7064208984375,1856.43212890625,1435.0868530273438,10.153564453125,21.2391357421875
IMG_0043.mp4,731,24.391033333333333,29.97002997002997,243,2,traffic_signs,0.5800860524177551,1831.72509765625,1444.5736083984375,1844.888427734375,1471.417236328125,1838.3067626953125,1457.9954223632812,13.163330078125,26.8436279296875
IMG_0043.mp4,731,24.391033333333333,29.97002997002997,164,1,traffic_lights,0.8925410509109497,2131.8505859375,1143.0548095703125,2181.306884765625,1305.75634765625,2156.5787353515625,1224.4055786132812,49.456298828125,162.7015380859375
IMG_0043.mp4,731,24.391033333333333,29.97002997002997,176,1,traffic_lights,0.8655198216438293,2079.602783203125,1211.2904052734375,2124.124267578125,1306.2491455078125,2101.863525390625,1258.769775390625,44.521484375,94.958740234375
IMG_0043.mp4,731,24.391033333333333,29.97002997002997,170,1,traffic_lights,0.8678722977638245,2203.78564453125,1203.8179931640625,2260.866943359375,1307.28662109375,2232.3262939453125,1255.5523071289062,57.081298828125,103.4686279296875
IMG_0043.mp4,731,24.391033333333333,29.97002997002997,237,1,traffic_lights,0.591840922832489,1473.707763671875,1215.69384765625,1492.9134521484375,1271.33056640625,1483.3106079101562,1243.51220703125,19.2056884765625,55.63671875
IMG_0043.mp4,731,24.391033333333333,29.97002997002997,150,2,traffic_signs,0.9198552370071411,2218.041015625,1456.1727294921875,2278.912109375,1524.667724609375,2248.4765625,1490.4202270507812,60.87109375,68.4949951171875
IMG_0043.mp4,731,24.391033333333333,29.97002997002997,206,1,traffic_lights,0.5016977787017822,2427.68505859375,1329.8770751953125,2457.5185546875,1356.749755859375,2442.601806640625,1343.3134155273438,29.83349609375,26.8726806640625
IMG_0043.mp4,732,24.424400000000002,29.97002997002997,147,2,traffic_signs,0.7870701551437378,1263.3902587890625,1348.91650390625,1290.8587646484375,1382.8800048828125,1277.12451171875,1365.8982543945312,27.468505859375,33.9635009765625
IMG_0043.mp4,732,24.424400000000002,29.97002997002997,252,2,traffic_signs,0.5998688340187073,1851.2220458984375,1424.212158203125,1860.99658203125,1445.9169921875,1856.1093139648438,1435.0645751953125,9.7745361328125,21.704833984375
IMG_0043.mp4,732,24.424400000000002,29.97002997002997,243,2,traffic_signs,0.6325344443321228,1831.346923828125,1444.5108642578125,1844.5594482421875,1471.9239501953125,1837.9531860351562,1458.2174072265625,13.2125244140625,27.4130859375
IMG_0043.mp4,732,24.424400000000002,29.97002997002997,164,1,traffic_lights,0.8872106075286865,2130.6357421875,1141.1912841796875,2180.341552734375,1305.2747802734375,2155.4886474609375,1223.2330322265625,49.705810546875,164.08349609375
IMG_0043.mp4,732,24.424400000000002,29.97002997002997,176,1,traffic_lights,0.8700021505355835,2078.181884765625,1209.953125,2122.931884765625,1306.2216796875,2100.556884765625,1258.08740234375,44.75,96.2685546875
IMG_0043.mp4,732,24.424400000000002,29.97002997002997,170,1,traffic_lights,0.7757377028465271,2203.809814453125,1203.93994140625,2260.432861328125,1307.158203125,2232.121337890625,1255.549072265625,56.623046875,103.21826171875
IMG_0043.mp4,732,24.424400000000002,29.97002997002997,237,1,traffic_lights,0.5978165864944458,1472.853759765625,1215.5137939453125,1491.980224609375,1271.5872802734375,1482.4169921875,1243.550537109375,19.12646484375,56.073486328125
IMG_0043.mp4,732,24.424400000000002,29.97002997002997,150,2,traffic_signs,0.9243656396865845,2216.533203125,1456.047119140625,2279.32861328125,1525.20654296875,2247.930908203125,1490.6268310546875,62.79541015625,69.159423828125
IMG_0043.mp4,732,24.424400000000002,29.97002997002997,206,1,traffic_lights,0.694460928440094,2428.43212890625,1330.1829833984375,2456.806640625,1357.624267578125,2442.619384765625,1343.9036254882812,28.37451171875,27.4412841796875
IMG_0043.mp4,733,24.457766666666668,29.97002997002997,147,2,traffic_signs,0.7840523719787598,1262.0545654296875,1348.453857421875,1289.14453125,1382.866943359375,1275.5995483398438,1365.660400390625,27.0899658203125,34.4130859375
IMG_0043.mp4,733,24.457766666666668,29.97002997002997,252,2,traffic_signs,0.6056352853775024,1850.9251708984375,1423.67041015625,1860.372314453125,1445.701171875,1855.6487426757812,1434.685791015625,9.4471435546875,22.03076171875
IMG_0043.mp4,733,24.457766666666668,29.97002997002997,243,2,traffic_signs,0.6458439826965332,1831.1181640625,1444.5810546875,1844.3631591796875,1472.091552734375,1837.7406616210938,1458.3363037109375,13.2449951171875,27.510498046875
IMG_0043.mp4,733,24.457766666666668,29.97002997002997,164,1,traffic_lights,0.8903356194496155,2129.262939453125,1140.2457275390625,2179.100341796875,1305.1744384765625,2154.181640625,1222.7100830078125,49.83740234375,164.9287109375
IMG_0043.mp4,733,24.457766666666668,29.97002997002997,176,1,traffic_lights,0.8608977198600769,2076.504150390625,1208.7542724609375,2121.208984375,1305.455078125,2098.8565673828125,1257.1046752929688,44.704833984375,96.7008056640625
IMG_0043.mp4,733,24.457766666666668,29.97002997002997,170,1,traffic_lights,0.8081413507461548,2202.162353515625,1201.0474853515625,2259.78369140625,1307.3372802734375,2230.9730224609375,1254.1923828125,57.621337890625,106.289794921875
IMG_0043.mp4,733,24.457766666666668,29.97002997002997,237,1,traffic_lights,0.6559441089630127,1472.258056640625,1215.001220703125,1491.1527099609375,1271.200439453125,1481.7053833007812,1243.100830078125,18.8946533203125,56.19921875
IMG_0043.mp4,733,24.457766666666668,29.97002997002997,150,2,traffic_signs,0.9234725832939148,2215.650390625,1455.37451171875,2278.723388671875,1525.47021484375,2247.1868896484375,1490.42236328125,63.072998046875,70.095703125
IMG_0043.mp4,733,24.457766666666668,29.97002997002997,206,1,traffic_lights,0.5090224742889404,2429.213134765625,1329.8505859375,2456.256591796875,1357.47265625,2442.73486328125,1343.66162109375,27.04345703125,27.6220703125
IMG_0043.mp4,734,24.491133333333334,29.97002997002997,147,2,traffic_signs,0.7575604915618896,1260.74609375,1348.4354248046875,1287.7916259765625,1383.1171875,1274.2688598632812,1365.7763061523438,27.0455322265625,34.6817626953125
IMG_0043.mp4,734,24.491133333333334,29.97002997002997,252,2,traffic_signs,0.6303781270980835,1850.459716796875,1423.5655517578125,1859.9195556640625,1445.513671875,1855.1896362304688,1434.5396118164062,9.4598388671875,21.9481201171875
IMG_0043.mp4,734,24.491133333333334,29.97002997002997,243,2,traffic_signs,0.6144464015960693,1830.9013671875,1445.3436279296875,1844.1363525390625,1472.2423095703125,1837.5188598632812,1458.79296875,13.2349853515625,26.898681640625
IMG_0043.mp4,734,24.491133333333334,29.97002997002997,164,1,traffic_lights,0.8902019262313843,2127.967529296875,1140.5093994140625,2178.240966796875,1305.0404052734375,2153.104248046875,1222.77490234375,50.2734375,164.531005859375
IMG_0043.mp4,734,24.491133333333334,29.97002997002997,176,1,traffic_lights,0.858753502368927,2074.955322265625,1208.2467041015625,2120.04052734375,1304.6280517578125,2097.4979248046875,1256.4373779296875,45.085205078125,96.38134765625
IMG_0043.mp4,734,24.491133333333334,29.97002997002997,170,1,traffic_lights,0.8975930213928223,2200.86279296875,1199.41796875,2259.208984375,1307.1552734375,2230.035888671875,1253.28662109375,58.34619140625,107.7373046875
IMG_0043.mp4,734,24.491133333333334,29.97002997002997,237,1,traffic_lights,0.5382973551750183,1471.2266845703125,1214.413330078125,1490.476806640625,1271.994873046875,1480.8517456054688,1243.2041015625,19.2501220703125,57.58154296875
IMG_0043.mp4,734,24.491133333333334,29.97002997002997,150,2,traffic_signs,0.9180947542190552,2214.822021484375,1455.26025390625,2278.214111328125,1525.5643310546875,2246.51806640625,1490.4122924804688,63.39208984375,70.3040771484375
IMG_0043.mp4,734,24.491133333333334,29.97002997002997,206,1,traffic_lights,0.6270900964736938,2429.34619140625,1330.37109375,2455.888916015625,1357.695068359375,2442.6175537109375,1344.0330810546875,26.542724609375,27.323974609375
IMG_0043.mp4,735,24.5245,29.97002997002997,147,2,traffic_signs,0.6925755739212036,1260.118408203125,1347.947998046875,1286.5760498046875,1383.0211181640625,1273.3472290039062,1365.4845581054688,26.4576416015625,35.0731201171875
IMG_0043.mp4,735,24.5245,29.97002997002997,252,2,traffic_signs,0.6458438038825989,1850.126953125,1423.5020751953125,1859.6439208984375,1445.1256103515625,1854.8854370117188,1434.3138427734375,9.5169677734375,21.62353515625
IMG_0043.mp4,735,24.5245,29.97002997002997,243,2,traffic_signs,0.6527794003486633,1830.791259765625,1445.2530517578125,1843.8988037109375,1471.6795654296875,1837.3450317382812,1458.46630859375,13.1075439453125,26.426513671875
IMG_0043.mp4,735,24.5245,29.97002997002997,164,1,traffic_lights,0.8780251145362854,2126.823974609375,1138.986328125,2177.3388671875,1304.5701904296875,2152.0814208984375,1221.7782592773438,50.514892578125,165.5838623046875
IMG_0043.mp4,735,24.5245,29.97002997002997,176,1,traffic_lights,0.8617801070213318,2073.727783203125,1207.5340576171875,2118.432373046875,1304.2266845703125,2096.080078125,1255.88037109375,44.70458984375,96.692626953125
IMG_0043.mp4,735,24.5245,29.97002997002997,170,1,traffic_lights,0.8948602676391602,2196.93017578125,1196.941162109375,2258.5556640625,1306.2774658203125,2227.742919921875,1251.6093139648438,61.62548828125,109.3363037109375
IMG_0043.mp4,735,24.5245,29.97002997002997,237,1,traffic_lights,0.5461512804031372,1470.4981689453125,1214.0733642578125,1489.8983154296875,1270.80078125,1480.1982421875,1242.4370727539062,19.400146484375,56.7274169921875
IMG_0043.mp4,735,24.5245,29.97002997002997,150,2,traffic_signs,0.9187338948249817,2214.161865234375,1454.718505859375,2277.789794921875,1525.379150390625,2245.975830078125,1490.048828125,63.6279296875,70.66064453125
IMG_0043.mp4,735,24.5245,29.97002997002997,206,1,traffic_lights,0.6177141666412354,2429.154052734375,1330.9229736328125,2455.167724609375,1357.8255615234375,2442.160888671875,1344.374267578125,26.013671875,26.902587890625
IMG_0043.mp4,736,24.557866666666666,29.97002997002997,147,2,traffic_signs,0.5381001830101013,1258.7364501953125,1348.3116455078125,1283.9622802734375,1382.6312255859375,1271.349365234375,1365.471435546875,25.225830078125,34.319580078125
IMG_0043.mp4,736,24.557866666666666,29.97002997002997,252,2,traffic_signs,0.6282138824462891,1849.7437744140625,1423.559814453125,1859.4088134765625,1444.8182373046875,1854.5762939453125,1434.1890258789062,9.6650390625,21.2584228515625
IMG_0043.mp4,736,24.557866666666666,29.97002997002997,243,2,traffic_signs,0.6127983331680298,1830.876220703125,1445.273681640625,1843.5357666015625,1471.22802734375,1837.2059936523438,1458.2508544921875,12.6595458984375,25.954345703125
IMG_0043.mp4,736,24.557866666666666,29.97002997002997,164,1,traffic_lights,0.8089818358421326,2124.272216796875,1139.847900390625,2176.6689453125,1304.730712890625,2150.4705810546875,1222.289306640625,52.396728515625,164.8828125
IMG_0043.mp4,736,24.557866666666666,29.97002997002997,176,1,traffic_lights,0.8683565258979797,2072.281494140625,1206.051025390625,2116.239013671875,1304.1873779296875,2094.26025390625,1255.1192016601562,43.95751953125,98.1363525390625
IMG_0043.mp4,736,24.557866666666666,29.97002997002997,170,1,traffic_lights,0.897704541683197,2195.61865234375,1195.7994384765625,2257.6796875,1305.6673583984375,2226.649169921875,1250.7333984375,62.06103515625,109.867919921875
IMG_0043.mp4,736,24.557866666666666,29.97002997002997,237,1,traffic_lights,0.37135323882102966,1469.942626953125,1213.9720458984375,1489.646240234375,1270.09326171875,1479.79443359375,1242.0326538085938,19.70361328125,56.1212158203125
IMG_0043.mp4,736,24.557866666666666,29.97002997002997,150,2,traffic_signs,0.9184554219245911,2214.012451171875,1454.662109375,2277.35009765625,1525.4879150390625,2245.6812744140625,1490.0750122070312,63.337646484375,70.8258056640625
IMG_0043.mp4,736,24.557866666666666,29.97002997002997,206,1,traffic_lights,0.6256277561187744,2428.864013671875,1330.4771728515625,2454.416015625,1357.8641357421875,2441.6400146484375,1344.170654296875,25.552001953125,27.386962890625
IMG_0043.mp4,737,24.591233333333335,29.97002997002997,147,2,traffic_signs,0.677056074142456,1258.1158447265625,1348.540283203125,1282.1898193359375,1382.5152587890625,1270.15283203125,1365.5277709960938,24.073974609375,33.9749755859375
IMG_0043.mp4,737,24.591233333333335,29.97002997002997,252,2,traffic_signs,0.6212314963340759,1849.2696533203125,1423.0977783203125,1859.06005859375,1444.01708984375,1854.1648559570312,1433.5574340820312,9.7904052734375,20.9193115234375
IMG_0043.mp4,737,24.591233333333335,29.97002997002997,243,2,traffic_signs,0.5974954962730408,1830.6060791015625,1445.20703125,1843.135009765625,1470.875732421875,1836.8705444335938,1458.0413818359375,12.5289306640625,25.668701171875
IMG_0043.mp4,737,24.591233333333335,29.97002997002997,164,1,traffic_lights,0.852181613445282,2122.17333984375,1138.592041015625,2175.7861328125,1304.6326904296875,2148.979736328125,1221.6123657226562,53.61279296875,166.0406494140625
IMG_0043.mp4,737,24.591233333333335,29.97002997002997,176,1,traffic_lights,0.8727618455886841,2071.251953125,1204.427001953125,2114.296630859375,1303.0693359375,2092.7742919921875,1253.7481689453125,43.044677734375,98.642333984375
IMG_0043.mp4,737,24.591233333333335,29.97002997002997,170,1,traffic_lights,0.8934586048126221,2194.2490234375,1194.4254150390625,2256.176025390625,1305.310302734375,2225.2125244140625,1249.8678588867188,61.927001953125,110.8848876953125
IMG_0043.mp4,737,24.591233333333335,29.97002997002997,237,1,traffic_lights,0.4285484552383423,1468.8519287109375,1214.238525390625,1489.197021484375,1269.9775390625,1479.0244750976562,1242.1080322265625,20.3450927734375,55.739013671875
IMG_0043.mp4,737,24.591233333333335,29.97002997002997,150,2,traffic_signs,0.9066930413246155,2213.105224609375,1454.3958740234375,2276.72021484375,1524.8421630859375,2244.9127197265625,1489.6190185546875,63.614990234375,70.4462890625
IMG_0043.mp4,737,24.591233333333335,29.97002997002997,206,1,traffic_lights,0.5267994999885559,2428.656005859375,1329.8643798828125,2454.4443359375,1357.59521484375,2441.5501708984375,1343.7297973632812,25.788330078125,27.7308349609375
IMG_0043.mp4,738,24.6246,29.97002997002997,147,2,traffic_signs,0.7075187563896179,1257.7286376953125,1347.8680419921875,1281.1661376953125,1382.3583984375,1269.4473876953125,1365.1132202148438,23.4375,34.4903564453125
IMG_0043.mp4,738,24.6246,29.97002997002997,252,2,traffic_signs,0.6432932019233704,1848.7139892578125,1422.7269287109375,1858.5416259765625,1443.7760009765625,1853.6278076171875,1433.25146484375,9.82763671875,21.049072265625
IMG_0043.mp4,738,24.6246,29.97002997002997,243,2,traffic_signs,0.6113457083702087,1829.9305419921875,1444.6251220703125,1842.6588134765625,1470.44775390625,1836.294677734375,1457.5364379882812,12.728271484375,25.8226318359375
IMG_0043.mp4,738,24.6246,29.97002997002997,164,1,traffic_lights,0.9080021977424622,2120.678466796875,1136.1466064453125,2175.1083984375,1303.9852294921875,2147.8934326171875,1220.06591796875,54.429931640625,167.838623046875
IMG_0043.mp4,738,24.6246,29.97002997002997,176,1,traffic_lights,0.880159854888916,2069.69482421875,1202.631591796875,2113.324951171875,1302.6068115234375,2091.5098876953125,1252.6192016601562,43.630126953125,99.9752197265625
IMG_0043.mp4,738,24.6246,29.97002997002997,170,1,traffic_lights,0.8928132653236389,2192.857177734375,1194.1103515625,2254.44873046875,1304.717041015625,2223.6529541015625,1249.4136962890625,61.591552734375,110.606689453125
IMG_0043.mp4,738,24.6246,29.97002997002997,150,2,traffic_signs,0.9082011580467224,2212.45703125,1454.0941162109375,2275.89208984375,1524.342041015625,2244.174560546875,1489.2180786132812,63.43505859375,70.2479248046875
IMG_0043.mp4,738,24.6246,29.97002997002997,206,1,traffic_lights,0.5068226456642151,2428.540283203125,1329.6712646484375,2454.07958984375,1357.48681640625,2441.3099365234375,1343.5790405273438,25.539306640625,27.8155517578125
IMG_0043.mp4,739,24.657966666666667,29.97002997002997,147,2,traffic_signs,0.6725450754165649,1257.100341796875,1347.387939453125,1280.393798828125,1382.26806640625,1268.7470703125,1364.8280029296875,23.29345703125,34.880126953125
IMG_0043.mp4,739,24.657966666666667,29.97002997002997,252,2,traffic_signs,0.6597700715065002,1848.3798828125,1422.389892578125,1858.546630859375,1443.74169921875,1853.4632568359375,1433.0657958984375,10.166748046875,21.351806640625
IMG_0043.mp4,739,24.657966666666667,29.97002997002997,243,2,traffic_signs,0.589362382888794,1829.56640625,1444.3828125,1842.4761962890625,1470.72265625,1836.0213012695312,1457.552734375,12.9097900390625,26.33984375
IMG_0043.mp4,739,24.657966666666667,29.97002997002997,164,1,traffic_lights,0.9103795886039734,2119.65234375,1135.7933349609375,2174.119140625,1302.848388671875,2146.8857421875,1219.3208618164062,54.466796875,167.0550537109375
IMG_0043.mp4,739,24.657966666666667,29.97002997002997,176,1,traffic_lights,0.8077623248100281,2067.938720703125,1201.0245361328125,2112.690185546875,1302.3575439453125,2090.314453125,1251.6910400390625,44.75146484375,101.3330078125
IMG_0043.mp4,739,24.657966666666667,29.97002997002997,170,1,traffic_lights,0.9012025594711304,2191.54736328125,1193.781982421875,2253.28955078125,1304.2159423828125,2222.41845703125,1248.9989624023438,61.7421875,110.4339599609375
IMG_0043.mp4,739,24.657966666666667,29.97002997002997,150,2,traffic_signs,0.900336503982544,2211.517578125,1453.90673828125,2275.01611328125,1524.160400390625,2243.266845703125,1489.0335693359375,63.49853515625,70.253662109375
IMG_0043.mp4,739,24.657966666666667,29.97002997002997,206,1,traffic_lights,0.5714823603630066,2428.521240234375,1329.683837890625,2454.093994140625,1357.5594482421875,2441.3076171875,1343.6216430664062,25.57275390625,27.8756103515625
IMG_0043.mp4,739,24.657966666666667,29.97002997002997,237,1,traffic_lights,0.32090815901756287,1467.015380859375,1214.148681640625,1487.6422119140625,1267.3809814453125,1477.3287963867188,1240.7648315429688,20.6268310546875,53.2322998046875
IMG_0043.mp4,740,24.691333333333333,29.97002997002997,252,2,traffic_signs,0.6675198674201965,1848.0753173828125,1422.384033203125,1858.4796142578125,1443.961669921875,1853.2774658203125,1433.1728515625,10.404296875,21.57763671875
IMG_0043.mp4,740,24.691333333333333,29.97002997002997,243,2,traffic_signs,0.5577267408370972,1829.4600830078125,1444.0977783203125,1842.35205078125,1470.7099609375,1835.9060668945312,1457.4038696289062,12.8919677734375,26.6121826171875
IMG_0043.mp4,740,24.691333333333333,29.97002997002997,164,1,traffic_lights,0.9084949493408203,2118.46142578125,1134.16162109375,2173.686767578125,1301.738525390625,2146.0740966796875,1217.9500732421875,55.225341796875,167.576904296875
IMG_0043.mp4,740,24.691333333333333,29.97002997002997,176,1,traffic_lights,0.8613188862800598,2066.614013671875,1201.6375732421875,2112.068359375,1300.9818115234375,2089.3411865234375,1251.3096923828125,45.454345703125,99.34423828125
IMG_0043.mp4,740,24.691333333333333,29.97002997002997,170,1,traffic_lights,0.8931636214256287,2190.947021484375,1193.336181640625,2252.402587890625,1304.025634765625,2221.6748046875,1248.680908203125,61.45556640625,110.689453125
IMG_0043.mp4,740,24.691333333333333,29.97002997002997,150,2,traffic_signs,0.8954944610595703,2210.49072265625,1453.803955078125,2274.491943359375,1524.7667236328125,2242.4913330078125,1489.2853393554688,64.001220703125,70.9627685546875
IMG_0043.mp4,740,24.691333333333333,29.97002997002997,206,1,traffic_lights,0.654941976070404,2428.821044921875,1330.091796875,2454.842529296875,1357.8809814453125,2441.831787109375,1343.9863891601562,26.021484375,27.7891845703125
IMG_0043.mp4,740,24.691333333333333,29.97002997002997,237,1,traffic_lights,0.6854134202003479,1466.031494140625,1214.2755126953125,1486.4141845703125,1266.568359375,1476.2228393554688,1240.4219360351562,20.3826904296875,52.2928466796875
IMG_0043.mp4,741,24.724700000000002,29.97002997002997,252,2,traffic_signs,0.6561607718467712,1847.384521484375,1422.283935546875,1857.8487548828125,1444.1649169921875,1852.6166381835938,1433.2244262695312,10.4642333984375,21.8809814453125
IMG_0043.mp4,741,24.724700000000002,29.97002997002997,243,2,traffic_signs,0.5196784734725952,1829.0787353515625,1443.998779296875,1841.9039306640625,1470.681884765625,1835.4913330078125,1457.34033203125,12.8251953125,26.68310546875
IMG_0043.mp4,741,24.724700000000002,29.97002997002997,164,1,traffic_lights,0.9085983633995056,2117.104736328125,1133.7119140625,2172.757080078125,1299.91015625,2144.930908203125,1216.81103515625,55.65234375,166.1982421875
IMG_0043.mp4,741,24.724700000000002,29.97002997002997,176,1,traffic_lights,0.8859431147575378,2064.90380859375,1201.80322265625,2110.660400390625,1299.88623046875,2087.7821044921875,1250.8447265625,45.756591796875,98.0830078125
IMG_0043.mp4,741,24.724700000000002,29.97002997002997,170,1,traffic_lights,0.8787341713905334,2189.886962890625,1192.853271484375,2251.503173828125,1303.2481689453125,2220.695068359375,1248.0507202148438,61.6162109375,110.3948974609375
IMG_0043.mp4,741,24.724700000000002,29.97002997002997,150,2,traffic_signs,0.9024171233177185,2209.60302734375,1453.643310546875,2273.811279296875,1525.1529541015625,2241.7071533203125,1489.3981323242188,64.208251953125,71.5096435546875
IMG_0043.mp4,741,24.724700000000002,29.97002997002997,206,1,traffic_lights,0.6338726878166199,2428.908203125,1330.4222412109375,2454.832275390625,1357.898681640625,2441.8702392578125,1344.1604614257812,25.924072265625,27.4764404296875
IMG_0043.mp4,741,24.724700000000002,29.97002997002997,237,1,traffic_lights,0.42994561791419983,1465.3128662109375,1214.302978515625,1485.3695068359375,1267.3955078125,1475.3411865234375,1240.8492431640625,20.056640625,53.092529296875
IMG_0043.mp4,742,24.758066666666668,29.97002997002997,252,2,traffic_signs,0.6367372274398804,1846.8505859375,1422.3326416015625,1857.306396484375,1443.9974365234375,1852.0784912109375,1433.1650390625,10.455810546875,21.664794921875
IMG_0043.mp4,742,24.758066666666668,29.97002997002997,243,2,traffic_signs,0.47517362236976624,1828.517822265625,1443.677001953125,1841.1949462890625,1470.161865234375,1834.8563842773438,1456.91943359375,12.6771240234375,26.48486328125
IMG_0043.mp4,742,24.758066666666668,29.97002997002997,164,1,traffic_lights,0.9076535701751709,2115.530517578125,1131.419921875,2170.9853515625,1299.1007080078125,2143.2579345703125,1215.2603149414062,55.454833984375,167.6807861328125
IMG_0043.mp4,742,24.758066666666668,29.97002997002997,176,1,traffic_lights,0.890968382358551,2063.48974609375,1201.0462646484375,2110.242919921875,1299.52685546875,2086.8663330078125,1250.2865600585938,46.753173828125,98.4805908203125
IMG_0043.mp4,742,24.758066666666668,29.97002997002997,170,1,traffic_lights,0.8620320558547974,2189.057861328125,1192.612060546875,2250.33984375,1302.0123291015625,2219.6988525390625,1247.3121948242188,61.281982421875,109.4002685546875
IMG_0043.mp4,742,24.758066666666668,29.97002997002997,150,2,traffic_signs,0.903838574886322,2208.5673828125,1453.70361328125,2272.544189453125,1524.8026123046875,2240.5557861328125,1489.2531127929688,63.976806640625,71.0989990234375
IMG_0043.mp4,742,24.758066666666668,29.97002997002997,206,1,traffic_lights,0.6765487194061279,2428.48388671875,1330.538818359375,2455.08837890625,1357.997314453125,2441.7861328125,1344.26806640625,26.6044921875,27.45849609375
IMG_0043.mp4,742,24.758066666666668,29.97002997002997,237,1,traffic_lights,0.5190815925598145,1464.6431884765625,1214.1578369140625,1484.4954833984375,1267.8017578125,1474.5693359375,1240.9797973632812,19.852294921875,53.6439208984375
IMG_0043.mp4,743,24.791433333333334,29.97002997002997,252,2,traffic_signs,0.6410950422286987,1846.4228515625,1422.2100830078125,1857.1910400390625,1443.7996826171875,1851.8069458007812,1433.0048828125,10.7681884765625,21.589599609375
IMG_0043.mp4,743,24.791433333333334,29.97002997002997,243,2,traffic_signs,0.4154658317565918,1828.29931640625,1443.618896484375,1840.8382568359375,1469.3526611328125,1834.5687866210938,1456.4857788085938,12.5389404296875,25.7337646484375
IMG_0043.mp4,743,24.791433333333334,29.97002997002997,164,1,traffic_lights,0.8901870250701904,2114.118408203125,1130.1671142578125,2168.74658203125,1298.0916748046875,2141.4324951171875,1214.12939453125,54.628173828125,167.924560546875
IMG_0043.mp4,743,24.791433333333334,29.97002997002997,176,1,traffic_lights,0.8819729685783386,2062.082763671875,1200.1610107421875,2109.117431640625,1299.1402587890625,2085.60009765625,1249.650634765625,47.03466796875,98.979248046875
IMG_0043.mp4,743,24.791433333333334,29.97002997002997,170,1,traffic_lights,0.9191328287124634,2187.268798828125,1193.5643310546875,2248.875732421875,1301.6287841796875,2218.072265625,1247.5965576171875,61.60693359375,108.064453125
IMG_0043.mp4,743,24.791433333333334,29.97002997002997,150,2,traffic_signs,0.8988556265830994,2208.0751953125,1453.9080810546875,2271.2958984375,1524.283935546875,2239.685546875,1489.0960083007812,63.220703125,70.3758544921875
IMG_0043.mp4,743,24.791433333333334,29.97002997002997,206,1,traffic_lights,0.4968758523464203,2430.71826171875,1330.743896484375,2455.77734375,1359.0594482421875,2443.247802734375,1344.9016723632812,25.05908203125,28.3155517578125
IMG_0043.mp4,743,24.791433333333334,29.97002997002997,237,1,traffic_lights,0.4149618148803711,1463.8052978515625,1214.0218505859375,1483.935546875,1267.7474365234375,1473.8704223632812,1240.8846435546875,20.1302490234375,53.7255859375
IMG_0043.mp4,744,24.8248,29.97002997002997,252,2,traffic_signs,0.5683898329734802,1845.4453125,1422.5382080078125,1856.6556396484375,1443.9300537109375,1851.0504760742188,1433.234130859375,11.2103271484375,21.391845703125
IMG_0043.mp4,744,24.8248,29.97002997002997,243,2,traffic_signs,0.3674483597278595,1827.513916015625,1443.1678466796875,1840.5086669921875,1468.93310546875,1834.0112915039062,1456.0504760742188,12.9947509765625,25.7652587890625
IMG_0043.mp4,744,24.8248,29.97002997002997,164,1,traffic_lights,0.7805489301681519,2113.482177734375,1132.2086181640625,2166.329833984375,1295.9541015625,2139.906005859375,1214.0813598632812,52.84765625,163.7454833984375
IMG_0043.mp4,744,24.8248,29.97002997002997,176,1,traffic_lights,0.8616754412651062,2060.81787109375,1199.013916015625,2107.914306640625,1298.859130859375,2084.3660888671875,1248.9365234375,47.096435546875,99.84521484375
IMG_0043.mp4,744,24.8248,29.97002997002997,170,1,traffic_lights,0.5086194276809692,2185.53125,1194.4012451171875,2248.227783203125,1295.1260986328125,2216.8795166015625,1244.763671875,62.696533203125,100.724853515625
IMG_0043.mp4,744,24.8248,29.97002997002997,150,2,traffic_signs,0.3913980722427368,2205.769775390625,1455.1109619140625,2271.209228515625,1513.7236328125,2238.489501953125,1484.4172973632812,65.439453125,58.6126708984375
IMG_0043.mp4,744,24.8248,29.97002997002997,147,2,traffic_signs,0.5986971855163574,1248.5850830078125,1347.1402587890625,1274.654052734375,1381.166748046875,1261.6195678710938,1364.1535034179688,26.0689697265625,34.0264892578125
IMG_0043.mp4,745,24.858166666666666,29.97002997002997,176,1,traffic_lights,0.6739306449890137,2059.30029296875,1194.7353515625,2109.56103515625,1297.95751953125,2084.4306640625,1246.346435546875,50.2607421875,103.22216796875
IMG_0043.mp4,745,24.858166666666666,29.97002997002997,170,1,traffic_lights,0.5743094086647034,2183.877197265625,1192.5631103515625,2247.2568359375,1296.287109375,2215.5670166015625,1244.4251098632812,63.379638671875,103.7239990234375
IMG_0043.mp4,745,24.858166666666666,29.97002997002997,147,2,traffic_signs,0.6710509657859802,1247.89208984375,1347.2969970703125,1274.12255859375,1380.2425537109375,1261.00732421875,1363.769775390625,26.23046875,32.945556640625
IMG_0043.mp4,746,24.891533333333335,29.97002997002997,147,2,traffic_signs,0.7599406838417053,1246.6895751953125,1346.883056640625,1273.08544921875,1380.029541015625,1259.8875122070312,1363.456298828125,26.3958740234375,33.146484375
IMG_0043.mp4,746,24.891533333333335,29.97002997002997,206,1,traffic_lights,0.5573545694351196,2426.2265625,1330.7840576171875,2456.635009765625,1357.024169921875,2441.4307861328125,1343.9041137695312,30.408447265625,26.2401123046875
IMG_0043.mp4,746,24.891533333333335,29.97002997002997,150,2,traffic_signs,0.9075848460197449,2203.656005859375,1452.9803466796875,2268.74853515625,1521.792724609375,2236.2022705078125,1487.3865356445312,65.092529296875,68.8123779296875
IMG_0043.mp4,747,24.9249,29.97002997002997,147,2,traffic_signs,0.8080188632011414,1244.8819580078125,1345.96533203125,1271.552001953125,1380.0474853515625,1258.2169799804688,1363.0064086914062,26.6700439453125,34.0821533203125
IMG_0043.mp4,747,24.9249,29.97002997002997,206,1,traffic_lights,0.5411045551300049,2427.234375,1329.6832275390625,2455.275390625,1357.3145751953125,2441.2548828125,1343.4989013671875,28.041015625,27.63134765625
IMG_0043.mp4,747,24.9249,29.97002997002997,150,2,traffic_signs,0.9250438213348389,2203.341064453125,1452.9779052734375,2267.41357421875,1524.228759765625,2235.3773193359375,1488.6033325195312,64.072509765625,71.2508544921875
IMG_0043.mp4,747,24.9249,29.97002997002997,252,2,traffic_signs,0.5473092794418335,1844.015625,1421.996826171875,1854.6658935546875,1443.3414306640625,1849.3407592773438,1432.6691284179688,10.6502685546875,21.3446044921875
IMG_0043.mp4,747,24.9249,29.97002997002997,243,2,traffic_signs,0.5053713917732239,1826.691650390625,1442.0277099609375,1839.4267578125,1468.1285400390625,1833.0592041015625,1455.078125,12.735107421875,26.100830078125
IMG_0043.mp4,747,24.9249,29.97002997002997,164,1,traffic_lights,0.6146278381347656,2111.851806640625,1130.3038330078125,2162.403564453125,1293.8759765625,2137.127685546875,1212.0899047851562,50.5517578125,163.5721435546875
IMG_0043.mp4,747,24.9249,29.97002997002997,176,1,traffic_lights,0.8532216548919678,2056.12255859375,1194.7947998046875,2107.90283203125,1298.85546875,2082.0126953125,1246.8251342773438,51.7802734375,104.0606689453125
IMG_0043.mp4,747,24.9249,29.97002997002997,170,1,traffic_lights,0.9076901078224182,2183.68994140625,1190.0859375,2243.947998046875,1300.2430419921875,2213.8189697265625,1245.1644897460938,60.258056640625,110.1571044921875
IMG_0043.mp4,748,24.958266666666667,29.97002997002997,147,2,traffic_signs,0.7503546476364136,1243.5325927734375,1344.7491455078125,1270.9844970703125,1381.84228515625,1257.258544921875,1363.2957153320312,27.451904296875,37.0931396484375
IMG_0043.mp4,748,24.958266666666667,29.97002997002997,206,1,traffic_lights,0.682595431804657,2428.13134765625,1329.729736328125,2455.212158203125,1358.4024658203125,2441.6717529296875,1344.0661010742188,27.080810546875,28.6727294921875
IMG_0043.mp4,748,24.958266666666667,29.97002997002997,150,2,traffic_signs,0.9145904183387756,2202.982177734375,1453.144775390625,2266.8515625,1525.7928466796875,2234.9168701171875,1489.4688110351562,63.869384765625,72.6480712890625
IMG_0043.mp4,748,24.958266666666667,29.97002997002997,252,2,traffic_signs,0.5245378613471985,1843.7890625,1422.005859375,1853.8673095703125,1443.6697998046875,1848.8281860351562,1432.8378295898438,10.0782470703125,21.6639404296875
IMG_0043.mp4,748,24.958266666666667,29.97002997002997,243,2,traffic_signs,0.4860406219959259,1826.5269775390625,1442.326416015625,1838.8304443359375,1468.6053466796875,1832.6787109375,1455.4658813476562,12.303466796875,26.2789306640625
IMG_0043.mp4,748,24.958266666666667,29.97002997002997,164,1,traffic_lights,0.7824022173881531,2110.75927734375,1127.24951171875,2161.22314453125,1295.0758056640625,2135.9912109375,1211.1626586914062,50.4638671875,167.8262939453125
IMG_0043.mp4,748,24.958266666666667,29.97002997002997,176,1,traffic_lights,0.86551433801651,2054.8017578125,1195.1077880859375,2107.42333984375,1298.557861328125,2081.112548828125,1246.8328247070312,52.62158203125,103.4500732421875
IMG_0043.mp4,748,24.958266666666667,29.97002997002997,170,1,traffic_lights,0.9221985936164856,2183.69384765625,1189.1484375,2243.086669921875,1301.426513671875,2213.3902587890625,1245.2874755859375,59.392822265625,112.278076171875
IMG_0043.mp4,748,24.958266666666667,29.97002997002997,237,1,traffic_lights,0.77900230884552,1460.964599609375,1212.3414306640625,1479.6700439453125,1264.055419921875,1470.3173217773438,1238.1984252929688,18.7054443359375,51.7139892578125
IMG_0043.mp4,749,24.991633333333333,29.97002997002997,147,2,traffic_signs,0.8113446235656738,1243.0908203125,1345.109375,1270.056640625,1382.99951171875,1256.57373046875,1364.054443359375,26.9658203125,37.89013671875
IMG_0043.mp4,749,24.991633333333333,29.97002997002997,206,1,traffic_lights,0.7234820127487183,2428.337158203125,1329.53369140625,2454.95556640625,1358.826171875,2441.6463623046875,1344.179931640625,26.618408203125,29.29248046875
IMG_0043.mp4,749,24.991633333333333,29.97002997002997,150,2,traffic_signs,0.8834167122840881,2202.6416015625,1453.0477294921875,2266.49951171875,1526.51220703125,2234.570556640625,1489.7799682617188,63.85791015625,73.4644775390625
IMG_0043.mp4,749,24.991633333333333,29.97002997002997,252,2,traffic_signs,0.4587031900882721,1843.71826171875,1422.0858154296875,1853.397705078125,1443.9486083984375,1848.5579833984375,1433.0172119140625,9.679443359375,21.86279296875
IMG_0043.mp4,749,24.991633333333333,29.97002997002997,243,2,traffic_signs,0.46153128147125244,1825.81396484375,1441.9407958984375,1838.0308837890625,1469.845947265625,1831.9224243164062,1455.8933715820312,12.2169189453125,27.9051513671875
IMG_0043.mp4,749,24.991633333333333,29.97002997002997,164,1,traffic_lights,0.55308997631073,2109.95751953125,1126.578369140625,2160.49267578125,1294.671142578125,2135.22509765625,1210.624755859375,50.53515625,168.0927734375
IMG_0043.mp4,749,24.991633333333333,29.97002997002997,176,1,traffic_lights,0.8733096122741699,2053.39453125,1195.1279296875,2105.942138671875,1298.1827392578125,2079.6683349609375,1246.6553344726562,52.547607421875,103.0548095703125
IMG_0043.mp4,749,24.991633333333333,29.97002997002997,170,1,traffic_lights,0.9207161664962769,2183.240234375,1188.1717529296875,2242.16552734375,1301.4688720703125,2212.702880859375,1244.8203125,58.92529296875,113.297119140625
IMG_0043.mp4,749,24.991633333333333,29.97002997002997,237,1,traffic_lights,0.7033527493476868,1459.6778564453125,1212.6219482421875,1479.29931640625,1268.6884765625,1469.4885864257812,1240.6552124023438,19.6214599609375,56.0665283203125
IMG_0043.mp4,750,25.025000000000002,29.97002997002997,147,2,traffic_signs,0.7677313089370728,1242.94873046875,1345.06787109375,1268.9334716796875,1382.497314453125,1255.9411010742188,1363.7825927734375,25.9847412109375,37.429443359375
IMG_0043.mp4,750,25.025000000000002,29.97002997002997,206,1,traffic_lights,0.6380308866500854,2427.820068359375,1328.9822998046875,2454.63916015625,1358.3704833984375,2441.2296142578125,1343.6763916015625,26.819091796875,29.38818359375
IMG_0043.mp4,750,25.025000000000002,29.97002997002997,150,2,traffic_signs,0.7402639985084534,2201.986572265625,1454.174072265625,2265.595458984375,1525.9791259765625,2233.791015625,1490.0765991210938,63.60888671875,71.8050537109375
IMG_0043.mp4,750,25.025000000000002,29.97002997002997,252,2,traffic_signs,0.48352882266044617,1843.7147216796875,1422.2845458984375,1853.199951171875,1443.8734130859375,1848.4573364257812,1433.0789794921875,9.4852294921875,21.5888671875
IMG_0043.mp4,750,25.025000000000002,29.97002997002997,243,2,traffic_signs,0.40549516677856445,1825.9151611328125,1441.792236328125,1837.69482421875,1469.5145263671875,1831.8049926757812,1455.6533813476562,11.7796630859375,27.7222900390625
IMG_0043.mp4,750,25.025000000000002,29.97002997002997,164,1,traffic_lights,0.5381776690483093,2108.447265625,1124.99755859375,2159.20263671875,1294.260498046875,2133.824951171875,1209.6290283203125,50.75537109375,169.262939453125
IMG_0043.mp4,750,25.025000000000002,29.97002997002997,176,1,traffic_lights,0.6843408942222595,2051.73779296875,1193.6385498046875,2103.931396484375,1298.1138916015625,2077.8345947265625,1245.876220703125,52.193603515625,104.475341796875
IMG_0043.mp4,750,25.025000000000002,29.97002997002997,170,1,traffic_lights,0.9236913323402405,2182.24462890625,1187.7230224609375,2241.36181640625,1301.1434326171875,2211.80322265625,1244.4332275390625,59.1171875,113.42041015625
IMG_0043.mp4,750,25.025000000000002,29.97002997002997,237,1,traffic_lights,0.6621848940849304,1458.7652587890625,1212.34912109375,1478.9295654296875,1270.903076171875,1468.847412109375,1241.6260986328125,20.164306640625,58.553955078125
IMG_0043.mp4,751,25.058366666666668,29.97002997002997,147,2,traffic_signs,0.7177743911743164,1242.3648681640625,1344.899658203125,1268.087646484375,1382.6256103515625,1255.2262573242188,1363.7626342773438,25.7227783203125,37.7259521484375
IMG_0043.mp4,751,25.058366666666668,29.97002997002997,206,1,traffic_lights,0.6884655952453613,2427.7646484375,1328.939208984375,2454.91357421875,1358.218017578125,2441.339111328125,1343.57861328125,27.14892578125,29.27880859375
IMG_0043.mp4,751,25.058366666666668,29.97002997002997,150,2,traffic_signs,0.8470379114151001,2201.28466796875,1454.59912109375,2265.11572265625,1525.915283203125,2233.2001953125,1490.2572021484375,63.8310546875,71.316162109375
IMG_0043.mp4,751,25.058366666666668,29.97002997002997,252,2,traffic_signs,0.520902156829834,1843.567626953125,1421.6236572265625,1853.16259765625,1443.533203125,1848.3651123046875,1432.5784301757812,9.594970703125,21.9095458984375
IMG_0043.mp4,751,25.058366666666668,29.97002997002997,243,2,traffic_signs,0.3278008997440338,1826.0150146484375,1441.66650390625,1837.3079833984375,1469.1275634765625,1831.6614990234375,1455.3970336914062,11.29296875,27.4610595703125
IMG_0043.mp4,751,25.058366666666668,29.97002997002997,164,1,traffic_lights,0.7350826263427734,2106.93603515625,1124.379638671875,2157.61279296875,1292.357177734375,2132.2744140625,1208.368408203125,50.6767578125,167.9775390625
IMG_0043.mp4,751,25.058366666666668,29.97002997002997,176,1,traffic_lights,0.8783500790596008,2050.154296875,1192.69580078125,2101.94970703125,1297.499755859375,2076.052001953125,1245.0977783203125,51.79541015625,104.803955078125
IMG_0043.mp4,751,25.058366666666668,29.97002997002997,170,1,traffic_lights,0.9238432049751282,2181.8759765625,1186.894775390625,2240.50537109375,1300.3865966796875,2211.190673828125,1243.6406860351562,58.62939453125,113.4918212890625
IMG_0043.mp4,751,25.058366666666668,29.97002997002997,237,1,traffic_lights,0.6166695952415466,1458.0634765625,1212.2379150390625,1478.6014404296875,1272.2437744140625,1468.3324584960938,1242.2408447265625,20.5379638671875,60.005859375
IMG_0043.mp4,752,25.091733333333334,29.97002997002997,147,2,traffic_signs,0.7334587574005127,1240.0679931640625,1344.963134765625,1267.3079833984375,1383.0179443359375,1253.68798828125,1363.9905395507812,27.239990234375,38.0548095703125
IMG_0043.mp4,752,25.091733333333334,29.97002997002997,150,2,traffic_signs,0.9281361699104309,2200.40087890625,1454.5841064453125,2264.617431640625,1526.205810546875,2232.5091552734375,1490.3949584960938,64.216552734375,71.6217041015625
IMG_0043.mp4,752,25.091733333333334,29.97002997002997,252,2,traffic_signs,0.4739251434803009,1843.0107421875,1421.5,1852.58935546875,1443.66064453125,1847.800048828125,1432.580322265625,9.57861328125,22.16064453125
IMG_0043.mp4,752,25.091733333333334,29.97002997002997,243,2,traffic_signs,0.33786842226982117,1825.9320068359375,1441.5938720703125,1837.2528076171875,1469.2633056640625,1831.5924072265625,1455.4285888671875,11.32080078125,27.66943359375
IMG_0043.mp4,752,25.091733333333334,29.97002997002997,164,1,traffic_lights,0.8373104929924011,2105.83642578125,1121.122314453125,2156.43896484375,1290.4610595703125,2131.1376953125,1205.7916870117188,50.6025390625,169.3387451171875
IMG_0043.mp4,752,25.091733333333334,29.97002997002997,176,1,traffic_lights,0.9010927677154541,2049.10595703125,1191.494140625,2101.11962890625,1296.9769287109375,2075.11279296875,1244.2355346679688,52.013671875,105.4827880859375
IMG_0043.mp4,752,25.091733333333334,29.97002997002997,170,1,traffic_lights,0.9197331070899963,2181.34912109375,1186.0350341796875,2239.71240234375,1300.009521484375,2210.53076171875,1243.0222778320312,58.36328125,113.9744873046875
IMG_0043.mp4,752,25.091733333333334,29.97002997002997,237,1,traffic_lights,0.7663475871086121,1457.060302734375,1211.750244140625,1477.7703857421875,1272.1773681640625,1467.4153442382812,1241.9638061523438,20.7100830078125,60.4271240234375
IMG_0043.mp4,753,25.1251,29.97002997002997,147,2,traffic_signs,0.7400050163269043,1238.1297607421875,1345.0482177734375,1265.855712890625,1383.076904296875,1251.9927368164062,1364.0625610351562,27.7259521484375,38.0286865234375
IMG_0043.mp4,753,25.1251,29.97002997002997,150,2,traffic_signs,0.8088346123695374,2199.763916015625,1454.9317626953125,2263.992431640625,1526.1224365234375,2231.878173828125,1490.527099609375,64.228515625,71.190673828125
IMG_0043.mp4,753,25.1251,29.97002997002997,252,2,traffic_signs,0.4328193962574005,1842.4378662109375,1421.4283447265625,1852.104736328125,1443.697265625,1847.2713012695312,1432.5628051757812,9.6668701171875,22.2689208984375
IMG_0043.mp4,753,25.1251,29.97002997002997,243,2,traffic_signs,0.2632943391799927,1825.4466552734375,1441.5570068359375,1837.0531005859375,1470.0634765625,1831.2498779296875,1455.8102416992188,11.6064453125,28.5064697265625
IMG_0043.mp4,753,25.1251,29.97002997002997,164,1,traffic_lights,0.791379451751709,2104.640625,1119.80908203125,2154.748779296875,1288.8291015625,2129.6947021484375,1204.319091796875,50.108154296875,169.02001953125
IMG_0043.mp4,753,25.1251,29.97002997002997,176,1,traffic_lights,0.898833692073822,2047.9781494140625,1190.2633056640625,2098.6767578125,1296.1927490234375,2073.3274536132812,1243.22802734375,50.6986083984375,105.929443359375
IMG_0043.mp4,753,25.1251,29.97002997002997,170,1,traffic_lights,0.9096693992614746,2180.531005859375,1185.275146484375,2239.79296875,1300.514404296875,2210.1619873046875,1242.894775390625,59.261962890625,115.2392578125
IMG_0043.mp4,753,25.1251,29.97002997002997,237,1,traffic_lights,0.7574287056922913,1455.799560546875,1211.5736083984375,1477.298583984375,1273.4200439453125,1466.549072265625,1242.496826171875,21.4990234375,61.846435546875
IMG_0043.mp4,754,25.158466666666666,29.97002997002997,147,2,traffic_signs,0.518740177154541,1238.412353515625,1345.1893310546875,1263.607666015625,1382.5714111328125,1251.010009765625,1363.88037109375,25.1953125,37.382080078125
IMG_0043.mp4,754,25.158466666666666,29.97002997002997,150,2,traffic_signs,0.9255613684654236,2198.153076171875,1453.515869140625,2264.59375,1526.2666015625,2231.3734130859375,1489.8912353515625,66.440673828125,72.750732421875
IMG_0043.mp4,754,25.158466666666666,29.97002997002997,252,2,traffic_signs,0.3893119692802429,1841.92529296875,1420.9261474609375,1851.473388671875,1443.8143310546875,1846.6993408203125,1432.3702392578125,9.548095703125,22.88818359375
IMG_0043.mp4,754,25.158466666666666,29.97002997002997,164,1,traffic_lights,0.8581712245941162,2102.656005859375,1119.77197265625,2155.89013671875,1291.9801025390625,2129.2730712890625,1205.8760375976562,53.234130859375,172.2081298828125
IMG_0043.mp4,754,25.158466666666666,29.97002997002997,237,1,traffic_lights,0.6344732642173767,1456.0301513671875,1211.9285888671875,1476.7742919921875,1271.932861328125,1466.4022216796875,1241.9307250976562,20.744140625,60.0042724609375
IMG_0043.mp4,755,25.191833333333335,29.97002997002997,147,2,traffic_signs,0.34752312302589417,1237.9345703125,1345.2789306640625,1262.7728271484375,1382.509033203125,1250.3536987304688,1363.8939819335938,24.8382568359375,37.2301025390625
IMG_0043.mp4,755,25.191833333333335,29.97002997002997,150,2,traffic_signs,0.8746936917304993,2198.003173828125,1454.0799560546875,2265.98974609375,1526.0457763671875,2231.9964599609375,1490.0628662109375,67.986572265625,71.9658203125
IMG_0043.mp4,755,25.191833333333335,29.97002997002997,252,2,traffic_signs,0.4099028706550598,1841.0430908203125,1418.7139892578125,1852.67431640625,1442.233642578125,1846.8587036132812,1430.4738159179688,11.6312255859375,23.5196533203125
IMG_0043.mp4,755,25.191833333333335,29.97002997002997,164,1,traffic_lights,0.4053214192390442,2101.900634765625,1119.092041015625,2154.274169921875,1288.0909423828125,2128.08740234375,1203.5914916992188,52.37353515625,168.9989013671875
IMG_0043.mp4,755,25.191833333333335,29.97002997002997,237,1,traffic_lights,0.7721824049949646,1455.331787109375,1211.1434326171875,1476.4178466796875,1271.00244140625,1465.8748168945312,1241.0729370117188,21.0860595703125,59.8590087890625
IMG_0043.mp4,755,25.191833333333335,29.97002997002997,255,2,traffic_signs,0.3662664592266083,1112.2701416015625,1421.1854248046875,1134.4810791015625,1441.9447021484375,1123.3756103515625,1431.5650634765625,22.2109375,20.75927734375
IMG_0043.mp4,755,25.191833333333335,29.97002997002997,256,2,traffic_signs,0.4286549389362335,1235.529541015625,1347.17529296875,1257.468994140625,1383.798828125,1246.499267578125,1365.487060546875,21.939453125,36.62353515625
IMG_0043.mp4,755,25.191833333333335,29.97002997002997,206,1,traffic_lights,0.47448068857192993,2428.1015625,1329.767333984375,2453.708740234375,1357.882080078125,2440.9051513671875,1343.82470703125,25.607177734375,28.11474609375
IMG_0043.mp4,755,25.191833333333335,29.97002997002997,243,2,traffic_signs,0.3316797912120819,1824.216552734375,1442.2415771484375,1836.5640869140625,1470.25537109375,1830.3903198242188,1456.2484741210938,12.3475341796875,28.0137939453125
IMG_0043.mp4,755,25.191833333333335,29.97002997002997,170,1,traffic_lights,0.6456050872802734,2179.257568359375,1183.5396728515625,2237.182861328125,1297.900634765625,2208.22021484375,1240.7201538085938,57.92529296875,114.3609619140625
IMG_0043.mp4,756,25.2252,29.97002997002997,150,2,traffic_signs,0.9236642718315125,2197.449462890625,1454.2493896484375,2264.177978515625,1525.6990966796875,2230.813720703125,1489.9742431640625,66.728515625,71.44970703125
IMG_0043.mp4,756,25.2252,29.97002997002997,164,1,traffic_lights,0.8676249980926514,2101.3671875,1118.7037353515625,2153.493896484375,1288.4053955078125,2127.4305419921875,1203.5545654296875,52.126708984375,169.70166015625
IMG_0043.mp4,756,25.2252,29.97002997002997,255,2,traffic_signs,0.5686960816383362,1111.2093505859375,1422.0906982421875,1134.8067626953125,1441.8043212890625,1123.008056640625,1431.947509765625,23.597412109375,19.713623046875
IMG_0043.mp4,756,25.2252,29.97002997002997,256,2,traffic_signs,0.4717691242694855,1234.1199951171875,1347.2144775390625,1257.953369140625,1383.2794189453125,1246.0366821289062,1365.2469482421875,23.8333740234375,36.06494140625
IMG_0043.mp4,756,25.2252,29.97002997002997,206,1,traffic_lights,0.32156527042388916,2427.954345703125,1329.6319580078125,2453.3857421875,1357.3875732421875,2440.6700439453125,1343.509765625,25.431396484375,27.755615234375
IMG_0043.mp4,756,25.2252,29.97002997002997,170,1,traffic_lights,0.9097309112548828,2177.30029296875,1182.35498046875,2236.71044921875,1296.925537109375,2207.00537109375,1239.6402587890625,59.41015625,114.570556640625
IMG_0043.mp4,756,25.2252,29.97002997002997,176,1,traffic_lights,0.9108051061630249,2045.187744140625,1187.984619140625,2095.649169921875,1295.0887451171875,2070.41845703125,1241.5366821289062,50.46142578125,107.1041259765625
IMG_0043.mp4,757,25.258566666666667,29.97002997002997,150,2,traffic_signs,0.9223093390464783,2196.82763671875,1454.095703125,2262.759765625,1525.3515625,2229.793701171875,1489.7236328125,65.93212890625,71.255859375
IMG_0043.mp4,757,25.258566666666667,29.97002997002997,164,1,traffic_lights,0.8921058773994446,2099.7109375,1118.7008056640625,2152.757080078125,1287.065673828125,2126.2340087890625,1202.8832397460938,53.046142578125,168.3648681640625
IMG_0043.mp4,757,25.258566666666667,29.97002997002997,255,2,traffic_signs,0.5132936835289001,1110.7740478515625,1421.92041015625,1134.853271484375,1441.44677734375,1122.8136596679688,1431.68359375,24.0792236328125,19.5263671875
IMG_0043.mp4,757,25.258566666666667,29.97002997002997,206,1,traffic_lights,0.489850252866745,2427.60986328125,1329.9002685546875,2453.360595703125,1357.61865234375,2440.4852294921875,1343.7594604492188,25.750732421875,27.7183837890625
IMG_0043.mp4,757,25.258566666666667,29.97002997002997,170,1,traffic_lights,0.9025965929031372,2175.35546875,1181.42431640625,2235.933349609375,1296.006591796875,2205.6444091796875,1238.7154541015625,60.577880859375,114.582275390625
IMG_0043.mp4,757,25.258566666666667,29.97002997002997,176,1,traffic_lights,0.9122352600097656,2043.495361328125,1186.9166259765625,2093.67041015625,1293.721923828125,2068.5828857421875,1240.3192749023438,50.175048828125,106.8052978515625
IMG_0043.mp4,758,25.291933333333333,29.97002997002997,150,2,traffic_signs,0.9191728830337524,2195.85302734375,1454.1053466796875,2261.607177734375,1525.5755615234375,2228.7301025390625,1489.8404541015625,65.754150390625,71.47021484375
IMG_0043.mp4,758,25.291933333333333,29.97002997002997,164,1,traffic_lights,0.9017845988273621,2097.916015625,1118.06640625,2152.106689453125,1287.0963134765625,2125.0113525390625,1202.5813598632812,54.190673828125,169.0299072265625
IMG_0043.mp4,758,25.291933333333333,29.97002997002997,255,2,traffic_signs,0.6283918023109436,1109.074951171875,1422.1485595703125,1133.8223876953125,1441.2366943359375,1121.4486694335938,1431.692626953125,24.7474365234375,19.088134765625
IMG_0043.mp4,758,25.291933333333333,29.97002997002997,206,1,traffic_lights,0.5521187782287598,2427.477294921875,1330.204345703125,2454.321044921875,1358.0836181640625,2440.899169921875,1344.1439819335938,26.84375,27.8792724609375
IMG_0043.mp4,758,25.291933333333333,29.97002997002997,170,1,traffic_lights,0.9054529666900635,2173.986572265625,1181.038330078125,2234.2119140625,1295.0101318359375,2204.0992431640625,1238.0242309570312,60.225341796875,113.9718017578125
IMG_0043.mp4,758,25.291933333333333,29.97002997002997,176,1,traffic_lights,0.5896536111831665,2042.4671630859375,1185.668701171875,2091.83154296875,1293.0906982421875,2067.1493530273438,1239.3796997070312,49.3643798828125,107.4219970703125
IMG_0043.mp4,758,25.291933333333333,29.97002997002997,256,2,traffic_signs,0.3609447181224823,1231.7493896484375,1346.673828125,1258.20947265625,1381.8616943359375,1244.9794311523438,1364.2677612304688,26.4600830078125,35.1878662109375
IMG_0043.mp4,759,25.325300000000002,29.97002997002997,150,2,traffic_signs,0.9224430918693542,2195.29345703125,1453.7642822265625,2261.441162109375,1525.015869140625,2228.3673095703125,1489.3900756835938,66.147705078125,71.2515869140625
IMG_0043.mp4,759,25.325300000000002,29.97002997002997,164,1,traffic_lights,0.9047172665596008,2096.459228515625,1117.574462890625,2151.69140625,1285.9364013671875,2124.0753173828125,1201.7554321289062,55.232177734375,168.3619384765625
IMG_0043.mp4,759,25.325300000000002,29.97002997002997,255,2,traffic_signs,0.644599199295044,1108.275390625,1421.7222900390625,1133.564697265625,1440.739990234375,1120.9200439453125,1431.2311401367188,25.289306640625,19.0177001953125
IMG_0043.mp4,759,25.325300000000002,29.97002997002997,206,1,traffic_lights,0.5139684081077576,2427.1875,1329.7459716796875,2453.748291015625,1357.869384765625,2440.4678955078125,1343.8076782226562,26.560791015625,28.1234130859375
IMG_0043.mp4,759,25.325300000000002,29.97002997002997,170,1,traffic_lights,0.9086509346961975,2173.545166015625,1180.8492431640625,2233.693603515625,1293.53271484375,2203.619384765625,1237.1909790039062,60.1484375,112.6834716796875
IMG_0043.mp4,759,25.325300000000002,29.97002997002997,176,1,traffic_lights,0.9274007678031921,2041.2041015625,1188.3670654296875,2090.697265625,1291.50244140625,2065.95068359375,1239.9347534179688,49.4931640625,103.1353759765625
IMG_0043.mp4,760,25.358666666666668,29.97002997002997,150,2,traffic_signs,0.9237836599349976,2194.985595703125,1453.7613525390625,2261.17822265625,1525.26953125,2228.0819091796875,1489.5154418945312,66.192626953125,71.5081787109375
IMG_0043.mp4,760,25.358666666666668,29.97002997002997,164,1,traffic_lights,0.9075394868850708,2095.21240234375,1116.158935546875,2150.989013671875,1285.61474609375,2123.1007080078125,1200.8868408203125,55.776611328125,169.455810546875
IMG_0043.mp4,760,25.358666666666668,29.97002997002997,255,2,traffic_signs,0.660739541053772,1108.435302734375,1421.1209716796875,1132.6976318359375,1441.14013671875,1120.5664672851562,1431.1305541992188,24.2623291015625,20.0191650390625
IMG_0043.mp4,760,25.358666666666668,29.97002997002997,206,1,traffic_lights,0.5078611969947815,2427.4541015625,1329.5599365234375,2453.9345703125,1358.1695556640625,2440.6943359375,1343.86474609375,26.48046875,28.609619140625
IMG_0043.mp4,760,25.358666666666668,29.97002997002997,170,1,traffic_lights,0.9036532640457153,2172.17041015625,1180.84033203125,2233.670654296875,1293.2806396484375,2202.9205322265625,1237.0604858398438,61.500244140625,112.4403076171875
IMG_0043.mp4,760,25.358666666666668,29.97002997002997,176,1,traffic_lights,0.9242989420890808,2039.93896484375,1189.2822265625,2089.89306640625,1290.5426025390625,2064.916015625,1239.9124145507812,49.9541015625,101.2603759765625
IMG_0043.mp4,760,25.358666666666668,29.97002997002997,256,2,traffic_signs,0.35836082696914673,1230.030517578125,1346.690185546875,1257.175048828125,1380.8238525390625,1243.602783203125,1363.7570190429688,27.14453125,34.1336669921875
IMG_0043.mp4,761,25.392033333333334,29.97002997002997,150,2,traffic_signs,0.925308883190155,2191.624755859375,1453.0750732421875,2260.91845703125,1526.1595458984375,2226.2716064453125,1489.6173095703125,69.293701171875,73.08447265625
IMG_0043.mp4,761,25.392033333333334,29.97002997002997,164,1,traffic_lights,0.8979397416114807,2094.834228515625,1114.049560546875,2150.239990234375,1285.9222412109375,2122.537109375,1199.9859008789062,55.40576171875,171.8726806640625
IMG_0043.mp4,761,25.392033333333334,29.97002997002997,255,2,traffic_signs,0.6072240471839905,1107.78125,1420.29443359375,1131.31884765625,1441.3887939453125,1119.550048828125,1430.8416137695312,23.53759765625,21.0943603515625
IMG_0043.mp4,761,25.392033333333334,29.97002997002997,206,1,traffic_lights,0.3815178871154785,2427.658203125,1329.354736328125,2453.335693359375,1358.05078125,2440.4969482421875,1343.7027587890625,25.677490234375,28.696044921875
IMG_0043.mp4,761,25.392033333333334,29.97002997002997,170,1,traffic_lights,0.9001457691192627,2171.411865234375,1180.21044921875,2233.457275390625,1293.5390625,2202.4345703125,1236.874755859375,62.04541015625,113.32861328125
IMG_0043.mp4,761,25.392033333333334,29.97002997002997,176,1,traffic_lights,0.5413605570793152,2039.3560791015625,1188.7950439453125,2089.251220703125,1290.1697998046875,2064.3036499023438,1239.482421875,49.8951416015625,101.374755859375
IMG_0043.mp4,761,25.392033333333334,29.97002997002997,256,2,traffic_signs,0.6947124004364014,1230.0518798828125,1346.4742431640625,1254.8775634765625,1381.1617431640625,1242.4647216796875,1363.8179931640625,24.82568359375,34.6875
IMG_0043.mp4,761,25.392033333333334,29.97002997002997,237,1,traffic_lights,0.8269075155258179,1450.0809326171875,1210.98583984375,1472.157470703125,1276.7542724609375,1461.1192016601562,1243.8700561523438,22.0765380859375,65.7684326171875
IMG_0043.mp4,762,25.4254,29.97002997002997,150,2,traffic_signs,0.9171708822250366,2191.298095703125,1452.26513671875,2260.761962890625,1525.9114990234375,2226.030029296875,1489.0883178710938,69.4638671875,73.6463623046875
IMG_0043.mp4,762,25.4254,29.97002997002997,164,1,traffic_lights,0.888236939907074,2087.061279296875,1111.909912109375,2148.4150390625,1288.75341796875,2117.7381591796875,1200.3316650390625,61.353759765625,176.843505859375
IMG_0043.mp4,762,25.4254,29.97002997002997,255,2,traffic_signs,0.5578979849815369,1108.5394287109375,1419.9007568359375,1129.28515625,1441.001953125,1118.9122924804688,1430.4513549804688,20.7457275390625,21.1011962890625
IMG_0043.mp4,762,25.4254,29.97002997002997,256,2,traffic_signs,0.7754408717155457,1229.275146484375,1346.2862548828125,1253.313720703125,1381.4478759765625,1241.29443359375,1363.8670654296875,24.03857421875,35.16162109375
IMG_0043.mp4,762,25.4254,29.97002997002997,237,1,traffic_lights,0.825935423374176,1449.4776611328125,1210.2255859375,1471.197265625,1282.32568359375,1460.3374633789062,1246.275634765625,21.7196044921875,72.10009765625
IMG_0043.mp4,763,25.458766666666666,29.97002997002997,150,2,traffic_signs,0.819629967212677,2190.71240234375,1452.6224365234375,2258.563232421875,1526.1636962890625,2224.6378173828125,1489.39306640625,67.850830078125,73.541259765625
IMG_0043.mp4,763,25.458766666666666,29.97002997002997,164,1,traffic_lights,0.5494616627693176,2089.487060546875,1110.9110107421875,2147.08984375,1286.565673828125,2118.2884521484375,1198.7383422851562,57.602783203125,175.6546630859375
IMG_0043.mp4,763,25.458766666666666,29.97002997002997,255,2,traffic_signs,0.4721512794494629,1106.57666015625,1419.6099853515625,1127.9444580078125,1441.1612548828125,1117.2605590820312,1430.3856201171875,21.3677978515625,21.55126953125
IMG_0043.mp4,763,25.458766666666666,29.97002997002997,256,2,traffic_signs,0.7925525903701782,1227.5626220703125,1345.68798828125,1252.615966796875,1381.733642578125,1240.0892944335938,1363.7108154296875,25.0533447265625,36.045654296875
IMG_0043.mp4,763,25.458766666666666,29.97002997002997,237,1,traffic_lights,0.8536542654037476,1448.4332275390625,1210.0364990234375,1470.58056640625,1283.34130859375,1459.5068969726562,1246.6889038085938,22.1473388671875,73.3048095703125
IMG_0043.mp4,763,25.458766666666666,29.97002997002997,170,1,traffic_lights,0.39757129549980164,2168.414306640625,1173.5767822265625,2214.692138671875,1295.6904296875,2191.55322265625,1234.6336059570312,46.27783203125,122.1136474609375
IMG_0043.mp4,763,25.458766666666666,29.97002997002997,176,1,traffic_lights,0.8996956944465637,2036.71044921875,1187.094970703125,2086.3291015625,1288.7265625,2061.519775390625,1237.9107666015625,49.61865234375,101.631591796875
IMG_0043.mp4,764,25.492133333333335,29.97002997002997,150,2,traffic_signs,0.9250344038009644,2188.44921875,1452.966796875,2257.54052734375,1526.62548828125,2222.994873046875,1489.796142578125,69.09130859375,73.65869140625
IMG_0043.mp4,764,25.492133333333335,29.97002997002997,164,1,traffic_lights,0.916374921798706,2089.87353515625,1110.969482421875,2145.843505859375,1284.3172607421875,2117.8585205078125,1197.6433715820312,55.969970703125,173.3477783203125
IMG_0043.mp4,764,25.492133333333335,29.97002997002997,256,2,traffic_signs,0.757718563079834,1226.6590576171875,1344.9493408203125,1251.480712890625,1381.451171875,1239.0698852539062,1363.2002563476562,24.8216552734375,36.5018310546875
IMG_0043.mp4,764,25.492133333333335,29.97002997002997,237,1,traffic_lights,0.8670875430107117,1447.8094482421875,1209.900146484375,1469.9122314453125,1282.3089599609375,1458.86083984375,1246.1045532226562,22.102783203125,72.4088134765625
IMG_0043.mp4,764,25.492133333333335,29.97002997002997,170,1,traffic_lights,0.9071563482284546,2168.88916015625,1175.5693359375,2226.0673828125,1294.14990234375,2197.478271484375,1234.859619140625,57.17822265625,118.58056640625
IMG_0043.mp4,764,25.492133333333335,29.97002997002997,176,1,traffic_lights,0.8988770246505737,2035.4188232421875,1185.4769287109375,2086.310302734375,1289.14599609375,2060.8645629882812,1237.3114624023438,50.8914794921875,103.6690673828125
IMG_0043.mp4,765,25.5255,29.97002997002997,150,2,traffic_signs,0.9254754781723022,2187.381591796875,1452.8890380859375,2256.47216796875,1526.6051025390625,2221.9268798828125,1489.7470703125,69.090576171875,73.716064453125
IMG_0043.mp4,765,25.5255,29.97002997002997,164,1,traffic_lights,0.9260109066963196,2089.243408203125,1110.096923828125,2144.958740234375,1285.2022705078125,2117.10107421875,1197.6495971679688,55.71533203125,175.1053466796875
IMG_0043.mp4,765,25.5255,29.97002997002997,256,2,traffic_signs,0.6977072954177856,1225.767333984375,1344.50634765625,1249.654296875,1381.072509765625,1237.7108154296875,1362.7894287109375,23.886962890625,36.566162109375
IMG_0043.mp4,765,25.5255,29.97002997002997,237,1,traffic_lights,0.8673962354660034,1447.0123291015625,1209.583984375,1469.0693359375,1281.0203857421875,1458.0408325195312,1245.3021850585938,22.0570068359375,71.4364013671875
IMG_0043.mp4,765,25.5255,29.97002997002997,170,1,traffic_lights,0.9148176312446594,2168.203125,1175.7406005859375,2227.8828125,1292.8929443359375,2198.04296875,1234.3167724609375,59.6796875,117.15234375
IMG_0043.mp4,765,25.5255,29.97002997002997,176,1,traffic_lights,0.893473207950592,2034.1075439453125,1184.2210693359375,2085.30322265625,1288.8388671875,2059.7053833007812,1236.5299682617188,51.1956787109375,104.6177978515625
IMG_0043.mp4,765,25.5255,29.97002997002997,206,1,traffic_lights,0.6055396199226379,2426.522216796875,1328.2506103515625,2454.259521484375,1359.172119140625,2440.390869140625,1343.7113647460938,27.7373046875,30.9215087890625
IMG_0043.mp4,766,25.558866666666667,29.97002997002997,150,2,traffic_signs,0.9206597805023193,2186.40380859375,1452.7486572265625,2255.418701171875,1526.4713134765625,2220.9112548828125,1489.6099853515625,69.014892578125,73.72265625
IMG_0043.mp4,766,25.558866666666667,29.97002997002997,164,1,traffic_lights,0.9135702848434448,2087.995849609375,1108.8192138671875,2143.60009765625,1285.718994140625,2115.7979736328125,1197.2691040039062,55.604248046875,176.8997802734375
IMG_0043.mp4,766,25.558866666666667,29.97002997002997,256,2,traffic_signs,0.648281991481781,1224.975830078125,1344.021728515625,1249.398193359375,1381.054931640625,1237.18701171875,1362.538330078125,24.42236328125,37.033203125
IMG_0043.mp4,766,25.558866666666667,29.97002997002997,237,1,traffic_lights,0.8590406179428101,1446.142578125,1208.8197021484375,1468.4400634765625,1279.623046875,1457.2913208007812,1244.2213745117188,22.2974853515625,70.8033447265625
IMG_0043.mp4,766,25.558866666666667,29.97002997002997,170,1,traffic_lights,0.9119051098823547,2167.014892578125,1175.2186279296875,2228.115478515625,1292.2845458984375,2197.565185546875,1233.7515869140625,61.1005859375,117.06591796875
IMG_0043.mp4,766,25.558866666666667,29.97002997002997,176,1,traffic_lights,0.8866556882858276,2032.5284423828125,1182.7880859375,2084.245849609375,1288.3963623046875,2058.3871459960938,1235.5922241210938,51.7174072265625,105.6082763671875
IMG_0043.mp4,766,25.558866666666667,29.97002997002997,206,1,traffic_lights,0.49269798398017883,2426.2275390625,1328.1258544921875,2453.60400390625,1358.642333984375,2439.915771484375,1343.3840942382812,27.37646484375,30.5164794921875
IMG_0043.mp4,767,25.592233333333333,29.97002997002997,150,2,traffic_signs,0.9205819368362427,2185.7841796875,1452.58056640625,2254.55615234375,1526.15869140625,2220.170166015625,1489.36962890625,68.77197265625,73.578125
IMG_0043.mp4,767,25.592233333333333,29.97002997002997,164,1,traffic_lights,0.8894274234771729,2087.017822265625,1108.1185302734375,2142.18994140625,1284.9501953125,2114.6038818359375,1196.5343627929688,55.172119140625,176.8316650390625
IMG_0043.mp4,767,25.592233333333333,29.97002997002997,256,2,traffic_signs,0.6480372548103333,1224.1898193359375,1343.724609375,1249.23779296875,1380.820068359375,1236.7138061523438,1362.2723388671875,25.0479736328125,37.095458984375
IMG_0043.mp4,767,25.592233333333333,29.97002997002997,237,1,traffic_lights,0.8593339920043945,1445.587646484375,1207.85400390625,1468.0535888671875,1276.9559326171875,1456.8206176757812,1242.4049682617188,22.4659423828125,69.1019287109375
IMG_0043.mp4,767,25.592233333333333,29.97002997002997,170,1,traffic_lights,0.9119455814361572,2166.185302734375,1174.4312744140625,2227.779052734375,1291.381103515625,2196.982177734375,1232.9061889648438,61.59375,116.9498291015625
IMG_0043.mp4,767,25.592233333333333,29.97002997002997,176,1,traffic_lights,0.8843848705291748,2031.2861328125,1181.04736328125,2083.309326171875,1287.9478759765625,2057.2977294921875,1234.4976196289062,52.023193359375,106.9005126953125
IMG_0043.mp4,767,25.592233333333333,29.97002997002997,206,1,traffic_lights,0.367693692445755,2426.5341796875,1328.036376953125,2453.539306640625,1358.279296875,2440.0367431640625,1343.1578369140625,27.005126953125,30.242919921875
IMG_0043.mp4,768,25.625600000000002,29.97002997002997,150,2,traffic_signs,0.9172398447990417,2185.14892578125,1452.154296875,2253.589111328125,1526.08056640625,2219.3690185546875,1489.117431640625,68.440185546875,73.92626953125
IMG_0043.mp4,768,25.625600000000002,29.97002997002997,164,1,traffic_lights,0.9188566207885742,2086.63623046875,1107.0723876953125,2140.388671875,1284.5579833984375,2113.512451171875,1195.815185546875,53.75244140625,177.485595703125
IMG_0043.mp4,768,25.625600000000002,29.97002997002997,256,2,traffic_signs,0.588869571685791,1223.0850830078125,1343.437744140625,1249.571044921875,1381.0966796875,1236.3280639648438,1362.2672119140625,26.4859619140625,37.658935546875
IMG_0043.mp4,768,25.625600000000002,29.97002997002997,237,1,traffic_lights,0.862159252166748,1444.9229736328125,1207.36767578125,1467.6282958984375,1275.035888671875,1456.275634765625,1241.2017822265625,22.705322265625,67.668212890625
IMG_0043.mp4,768,25.625600000000002,29.97002997002997,170,1,traffic_lights,0.9075911045074463,2164.7802734375,1173.3675537109375,2226.75634765625,1291.4268798828125,2195.768310546875,1232.397216796875,61.97607421875,118.059326171875
IMG_0043.mp4,768,25.625600000000002,29.97002997002997,176,1,traffic_lights,0.8876472115516663,2029.8223876953125,1179.882568359375,2081.88720703125,1287.220947265625,2055.8547973632812,1233.5517578125,52.0648193359375,107.33837890625
IMG_0043.mp4,768,25.625600000000002,29.97002997002997,206,1,traffic_lights,0.5081334114074707,2426.010498046875,1328.2191162109375,2453.614990234375,1358.0855712890625,2439.812744140625,1343.15234375,27.6044921875,29.866455078125
IMG_0043.mp4,769,25.658966666666668,29.97002997002997,150,2,traffic_signs,0.9155493378639221,2184.81005859375,1451.95751953125,2253.15625,1526.0438232421875,2218.983154296875,1489.0006713867188,68.34619140625,74.0863037109375
IMG_0043.mp4,769,25.658966666666668,29.97002997002997,164,1,traffic_lights,0.914773166179657,2086.29345703125,1106.970703125,2139.442626953125,1283.79833984375,2112.8680419921875,1195.384521484375,53.149169921875,176.82763671875
IMG_0043.mp4,769,25.658966666666668,29.97002997002997,237,1,traffic_lights,0.8327635526657104,1444.53125,1206.56884765625,1467.1080322265625,1277.6365966796875,1455.8196411132812,1242.1027221679688,22.5767822265625,71.0677490234375
IMG_0043.mp4,769,25.658966666666668,29.97002997002997,170,1,traffic_lights,0.9083356857299805,2164.074951171875,1172.5230712890625,2225.9873046875,1291.417236328125,2195.0311279296875,1231.9701538085938,61.912353515625,118.8941650390625
IMG_0043.mp4,769,25.658966666666668,29.97002997002997,176,1,traffic_lights,0.8812429308891296,2028.967529296875,1179.42626953125,2079.9609375,1286.7552490234375,2054.4642333984375,1233.0907592773438,50.993408203125,107.3289794921875
IMG_0043.mp4,769,25.658966666666668,29.97002997002997,206,1,traffic_lights,0.5062505602836609,2426.17724609375,1326.5155029296875,2453.726318359375,1357.40771484375,2439.9517822265625,1341.9616088867188,27.549072265625,30.8922119140625
IMG_0043.mp4,770,25.692333333333334,29.97002997002997,150,2,traffic_signs,0.9133062362670898,2184.48095703125,1451.7037353515625,2252.784912109375,1525.9949951171875,2218.6329345703125,1488.849365234375,68.303955078125,74.291259765625
IMG_0043.mp4,770,25.692333333333334,29.97002997002997,164,1,traffic_lights,0.8399375081062317,2086.23828125,1106.0084228515625,2138.23193359375,1282.6435546875,2112.235107421875,1194.3259887695312,51.99365234375,176.6351318359375
IMG_0043.mp4,770,25.692333333333334,29.97002997002997,170,1,traffic_lights,0.9092534780502319,2163.263671875,1171.6015625,2224.852783203125,1291.3878173828125,2194.0582275390625,1231.4946899414062,61.589111328125,119.7862548828125
IMG_0043.mp4,770,25.692333333333334,29.97002997002997,176,1,traffic_lights,0.8718844056129456,2027.55224609375,1178.6837158203125,2079.503173828125,1286.6734619140625,2053.5277099609375,1232.6785888671875,51.950927734375,107.98974609375
IMG_0043.mp4,770,25.692333333333334,29.97002997002997,206,1,traffic_lights,0.540437638759613,2426.524658203125,1326.0572509765625,2454.04833984375,1357.08203125,2440.2864990234375,1341.5696411132812,27.523681640625,31.0247802734375
IMG_0043.mp4,770,25.692333333333334,29.97002997002997,256,2,traffic_signs,0.8034911155700684,1220.950439453125,1343.6285400390625,1247.929443359375,1379.2115478515625,1234.43994140625,1361.4200439453125,26.97900390625,35.5830078125
IMG_0043.mp4,771,25.7257,29.97002997002997,150,2,traffic_signs,0.8933805823326111,2184.38427734375,1451.3084716796875,2252.05859375,1525.197509765625,2218.221435546875,1488.2529907226562,67.67431640625,73.8890380859375
IMG_0043.mp4,771,25.7257,29.97002997002997,206,1,traffic_lights,0.42678511142730713,2425.4111328125,1325.5098876953125,2455.26025390625,1357.5069580078125,2440.335693359375,1341.5084228515625,29.84912109375,31.9970703125
IMG_0043.mp4,771,25.7257,29.97002997002997,256,2,traffic_signs,0.6839198470115662,1220.8876953125,1344.0689697265625,1246.9559326171875,1378.4859619140625,1233.9218139648438,1361.2774658203125,26.0682373046875,34.4169921875
IMG_0043.mp4,772,25.759066666666666,29.97002997002997,256,2,traffic_signs,0.638737142086029,1220.1688232421875,1344.3145751953125,1246.0701904296875,1377.7386474609375,1233.1195068359375,1361.026611328125,25.9013671875,33.424072265625
IMG_0043.mp4,772,25.759066666666666,29.97002997002997,237,1,traffic_lights,0.7810716032981873,1442.6114501953125,1208.040283203125,1462.9154052734375,1264.88720703125,1452.763427734375,1236.4637451171875,20.303955078125,56.846923828125
IMG_0043.mp4,772,25.759066666666666,29.97002997002997,164,1,traffic_lights,0.6661645174026489,2083.5751953125,1106.768310546875,2137.30859375,1280.90673828125,2110.44189453125,1193.8375244140625,53.7333984375,174.138427734375
IMG_0043.mp4,772,25.759066666666666,29.97002997002997,170,1,traffic_lights,0.9082686901092529,2160.036376953125,1169.968505859375,2223.024658203125,1286.4962158203125,2191.530517578125,1228.2323608398438,62.98828125,116.5277099609375
IMG_0043.mp4,772,25.759066666666666,29.97002997002997,176,1,traffic_lights,0.8112044334411621,2024.9564208984375,1173.904296875,2081.23779296875,1285.255615234375,2053.0971069335938,1229.5799560546875,56.2813720703125,111.351318359375
IMG_0043.mp4,773,25.792433333333335,29.97002997002997,256,2,traffic_signs,0.5898787975311279,1219.192626953125,1343.5048828125,1245.6175537109375,1377.671630859375,1232.4050903320312,1360.5882568359375,26.4249267578125,34.166748046875
IMG_0043.mp4,773,25.792433333333335,29.97002997002997,237,1,traffic_lights,0.8551572561264038,1442.1107177734375,1208.0867919921875,1462.0841064453125,1263.0281982421875,1452.097412109375,1235.5574951171875,19.973388671875,54.94140625
IMG_0043.mp4,773,25.792433333333335,29.97002997002997,164,1,traffic_lights,0.6964927911758423,2083.036376953125,1104.04541015625,2135.410400390625,1281.8359375,2109.223388671875,1192.940673828125,52.3740234375,177.79052734375
IMG_0043.mp4,773,25.792433333333335,29.97002997002997,170,1,traffic_lights,0.9233326315879822,2159.620361328125,1170.798828125,2221.56494140625,1286.3775634765625,2190.5926513671875,1228.5881958007812,61.944580078125,115.5787353515625
IMG_0043.mp4,773,25.792433333333335,29.97002997002997,176,1,traffic_lights,0.8769472241401672,2024.3118896484375,1174.6734619140625,2078.769775390625,1285.225341796875,2051.5408325195312,1229.9494018554688,54.4578857421875,110.5518798828125
IMG_0043.mp4,773,25.792433333333335,29.97002997002997,150,2,traffic_signs,0.8756929039955139,2183.861572265625,1451.379150390625,2251.4091796875,1525.1865234375,2217.6353759765625,1488.2828369140625,67.547607421875,73.807373046875
IMG_0043.mp4,773,25.792433333333335,29.97002997002997,206,1,traffic_lights,0.5257530808448792,2422.947509765625,1325.5203857421875,2453.819091796875,1356.0550537109375,2438.38330078125,1340.7877197265625,30.87158203125,30.53466796875
IMG_0043.mp4,774,25.8258,29.97002997002997,256,2,traffic_signs,0.5362948775291443,1218.5611572265625,1342.6527099609375,1245.669677734375,1377.724853515625,1232.1154174804688,1360.1887817382812,27.1085205078125,35.0721435546875
IMG_0043.mp4,774,25.8258,29.97002997002997,237,1,traffic_lights,0.5051458477973938,1440.4837646484375,1207.034423828125,1461.6405029296875,1262.5076904296875,1451.0621337890625,1234.7710571289062,21.15673828125,55.4732666015625
IMG_0043.mp4,774,25.8258,29.97002997002997,164,1,traffic_lights,0.8410961627960205,2081.886962890625,1100.421142578125,2134.3701171875,1282.2100830078125,2108.1285400390625,1191.3156127929688,52.483154296875,181.7889404296875
IMG_0043.mp4,774,25.8258,29.97002997002997,170,1,traffic_lights,0.925350546836853,2159.33056640625,1171.1700439453125,2220.630615234375,1286.5714111328125,2189.9805908203125,1228.8707275390625,61.300048828125,115.4013671875
IMG_0043.mp4,774,25.8258,29.97002997002997,176,1,traffic_lights,0.8845511674880981,2023.60888671875,1175.1514892578125,2077.369873046875,1284.8961181640625,2050.4893798828125,1230.0238037109375,53.760986328125,109.74462890625
IMG_0043.mp4,774,25.8258,29.97002997002997,150,2,traffic_signs,0.9041748642921448,2182.70166015625,1450.7525634765625,2251.244384765625,1525.705322265625,2216.9730224609375,1488.2289428710938,68.542724609375,74.9527587890625
IMG_0043.mp4,774,25.8258,29.97002997002997,206,1,traffic_lights,0.4698190689086914,2424.001953125,1326.930419921875,2452.417236328125,1357.7674560546875,2438.2095947265625,1342.3489379882812,28.415283203125,30.8370361328125
IMG_0043.mp4,775,25.859166666666667,29.97002997002997,256,2,traffic_signs,0.4133172333240509,1218.255126953125,1342.5325927734375,1246.2904052734375,1377.7171630859375,1232.2727661132812,1360.1248779296875,28.0352783203125,35.1845703125
IMG_0043.mp4,775,25.859166666666667,29.97002997002997,237,1,traffic_lights,0.5104590654373169,1439.391357421875,1206.5076904296875,1461.2532958984375,1262.6142578125,1450.3223266601562,1234.5609741210938,21.8619384765625,56.1065673828125
IMG_0043.mp4,775,25.859166666666667,29.97002997002997,164,1,traffic_lights,0.8422361612319946,2080.734375,1097.6475830078125,2133.91552734375,1283.0875244140625,2107.324951171875,1190.3675537109375,53.18115234375,185.43994140625
IMG_0043.mp4,775,25.859166666666667,29.97002997002997,170,1,traffic_lights,0.9286395311355591,2158.489013671875,1170.17333984375,2219.862060546875,1286.5733642578125,2189.175537109375,1228.3733520507812,61.373046875,116.4000244140625
IMG_0043.mp4,775,25.859166666666667,29.97002997002997,176,1,traffic_lights,0.8788148760795593,2022.3463134765625,1173.989990234375,2075.6181640625,1284.6741943359375,2048.9822387695312,1229.3320922851562,53.2718505859375,110.6842041015625
IMG_0043.mp4,775,25.859166666666667,29.97002997002997,150,2,traffic_signs,0.9091513752937317,2181.6103515625,1450.351806640625,2250.981689453125,1526.355712890625,2216.2960205078125,1488.353759765625,69.371337890625,76.00390625
IMG_0043.mp4,775,25.859166666666667,29.97002997002997,206,1,traffic_lights,0.4635310173034668,2424.88232421875,1327.410888671875,2452.720458984375,1358.2618408203125,2438.8013916015625,1342.8363647460938,27.838134765625,30.8509521484375
IMG_0043.mp4,775,25.859166666666667,29.97002997002997,267,1,traffic_lights,0.3434073030948639,2424.7197265625,1326.288330078125,2453.556640625,1357.51806640625,2439.13818359375,1341.9031982421875,28.8369140625,31.229736328125
IMG_0043.mp4,776,25.892533333333333,29.97002997002997,256,2,traffic_signs,0.32601091265678406,1218.1610107421875,1342.91259765625,1245.939208984375,1377.837158203125,1232.0501098632812,1360.3748779296875,27.7781982421875,34.924560546875
IMG_0043.mp4,776,25.892533333333333,29.97002997002997,164,1,traffic_lights,0.8645864129066467,2079.392578125,1095.2508544921875,2133.208251953125,1282.383056640625,2106.3004150390625,1188.8169555664062,53.815673828125,187.1322021484375
IMG_0043.mp4,776,25.892533333333333,29.97002997002997,170,1,traffic_lights,0.9289638996124268,2158.046142578125,1168.83203125,2219.193603515625,1285.7371826171875,2188.619873046875,1227.2846069335938,61.1474609375,116.9051513671875
IMG_0043.mp4,776,25.892533333333333,29.97002997002997,176,1,traffic_lights,0.8799926042556763,2020.820068359375,1173.33154296875,2072.96923828125,1283.904541015625,2046.8946533203125,1228.6180419921875,52.149169921875,110.572998046875
IMG_0043.mp4,776,25.892533333333333,29.97002997002997,150,2,traffic_signs,0.9084122776985168,2180.92431640625,1450.0970458984375,2250.318603515625,1526.7847900390625,2215.6214599609375,1488.44091796875,69.394287109375,76.687744140625
IMG_0043.mp4,777,25.925900000000002,29.97002997002997,256,2,traffic_signs,0.36041364073753357,1217.9896240234375,1342.7899169921875,1246.350830078125,1377.7261962890625,1232.1702270507812,1360.258056640625,28.3612060546875,34.936279296875
IMG_0043.mp4,777,25.925900000000002,29.97002997002997,164,1,traffic_lights,0.8799566030502319,2076.875732421875,1095.780029296875,2132.263427734375,1281.9168701171875,2104.569580078125,1188.8484497070312,55.3876953125,186.1368408203125
IMG_0043.mp4,777,25.925900000000002,29.97002997002997,170,1,traffic_lights,0.9345415830612183,2156.93408203125,1167.0765380859375,2218.738037109375,1285.3564453125,2187.8360595703125,1226.2164916992188,61.803955078125,118.2799072265625
IMG_0043.mp4,777,25.925900000000002,29.97002997002997,176,1,traffic_lights,0.8797620534896851,2019.08544921875,1172.210693359375,2070.145263671875,1283.6361083984375,2044.6153564453125,1227.9234008789062,51.059814453125,111.4254150390625
IMG_0043.mp4,777,25.925900000000002,29.97002997002997,150,2,traffic_signs,0.9084088802337646,2179.890869140625,1449.5225830078125,2249.512451171875,1526.7176513671875,2214.70166015625,1488.1201171875,69.62158203125,77.195068359375
IMG_0043.mp4,777,25.925900000000002,29.97002997002997,206,1,traffic_lights,0.6401553153991699,2423.754638671875,1325.183349609375,2451.48583984375,1357.193359375,2437.6202392578125,1341.1883544921875,27.731201171875,32.010009765625
IMG_0043.mp4,778,25.959266666666668,29.97002997002997,256,2,traffic_signs,0.32927563786506653,1217.7987060546875,1342.390869140625,1246.0823974609375,1377.2869873046875,1231.9405517578125,1359.8389282226562,28.28369140625,34.8961181640625
IMG_0043.mp4,778,25.959266666666668,29.97002997002997,164,1,traffic_lights,0.8674777746200562,2074.531005859375,1095.699951171875,2131.642822265625,1281.5982666015625,2103.0869140625,1188.6491088867188,57.11181640625,185.8983154296875
IMG_0043.mp4,778,25.959266666666668,29.97002997002997,170,1,traffic_lights,0.935813844203949,2155.480712890625,1165.4599609375,2218.35693359375,1284.92041015625,2186.9188232421875,1225.190185546875,62.876220703125,119.46044921875
IMG_0043.mp4,778,25.959266666666668,29.97002997002997,176,1,traffic_lights,0.879190981388092,2017.2071533203125,1170.6270751953125,2068.12451171875,1283.4266357421875,2042.6658325195312,1227.02685546875,50.9173583984375,112.799560546875
IMG_0043.mp4,778,25.959266666666668,29.97002997002997,150,2,traffic_signs,0.9088612198829651,2179.173828125,1449.4576416015625,2248.71337890625,1526.3372802734375,2213.943603515625,1487.8974609375,69.53955078125,76.879638671875
IMG_0043.mp4,778,25.959266666666668,29.97002997002997,206,1,traffic_lights,0.5554142594337463,2423.14794921875,1324.9921875,2450.80029296875,1357.2279052734375,2436.97412109375,1341.1100463867188,27.65234375,32.2357177734375
IMG_0043.mp4,779,25.992633333333334,29.97002997002997,256,2,traffic_signs,0.33128491044044495,1217.03955078125,1342.1368408203125,1246.0439453125,1377.1004638671875,1231.541748046875,1359.61865234375,29.00439453125,34.963623046875
IMG_0043.mp4,779,25.992633333333334,29.97002997002997,164,1,traffic_lights,0.8837368488311768,2072.764892578125,1095.9229736328125,2130.501708984375,1280.232666015625,2101.63330078125,1188.0778198242188,57.73681640625,184.3096923828125
IMG_0043.mp4,779,25.992633333333334,29.97002997002997,170,1,traffic_lights,0.9368897080421448,2154.37939453125,1164.3670654296875,2218.00341796875,1284.28076171875,2186.19140625,1224.3239135742188,63.6240234375,119.9136962890625
IMG_0043.mp4,779,25.992633333333334,29.97002997002997,176,1,traffic_lights,0.6310043334960938,2015.9312744140625,1169.995849609375,2067.91162109375,1282.010498046875,2041.9214477539062,1226.003173828125,51.9803466796875,112.0146484375
IMG_0043.mp4,779,25.992633333333334,29.97002997002997,150,2,traffic_signs,0.9116391539573669,2178.76318359375,1449.345458984375,2247.9951171875,1526.21044921875,2213.379150390625,1487.7779541015625,69.23193359375,76.864990234375
IMG_0043.mp4,779,25.992633333333334,29.97002997002997,206,1,traffic_lights,0.6437053680419922,2423.207763671875,1324.4940185546875,2450.81396484375,1356.947509765625,2437.0108642578125,1340.7207641601562,27.606201171875,32.4534912109375
IMG_0043.mp4,780,26.026,29.97002997002997,256,2,traffic_signs,0.29594308137893677,1217.0181884765625,1341.9163818359375,1245.869384765625,1376.804443359375,1231.4437866210938,1359.3604125976562,28.8511962890625,34.8880615234375
IMG_0043.mp4,780,26.026,29.97002997002997,164,1,traffic_lights,0.8886353969573975,2071.462646484375,1094.85986328125,2129.980224609375,1279.2012939453125,2100.721435546875,1187.0305786132812,58.517578125,184.3414306640625
IMG_0043.mp4,780,26.026,29.97002997002997,170,1,traffic_lights,0.9036449193954468,2153.9248046875,1163.55859375,2217.751220703125,1283.5665283203125,2185.8380126953125,1223.5625610351562,63.826416015625,120.0079345703125
IMG_0043.mp4,780,26.026,29.97002997002997,176,1,traffic_lights,0.8875331878662109,2014.739013671875,1168.8994140625,2067.14501953125,1280.7989501953125,2040.9420166015625,1224.8491821289062,52.406005859375,111.8995361328125
IMG_0043.mp4,780,26.026,29.97002997002997,150,2,traffic_signs,0.9095642566680908,2178.661376953125,1449.1510009765625,2247.2578125,1525.910400390625,2212.9595947265625,1487.5307006835938,68.596435546875,76.7593994140625
IMG_0043.mp4,780,26.026,29.97002997002997,206,1,traffic_lights,0.5825680494308472,2422.739501953125,1324.3829345703125,2450.297607421875,1356.881103515625,2436.5185546875,1340.6320190429688,27.55810546875,32.4981689453125
IMG_0043.mp4,781,26.059366666666666,29.97002997002997,164,1,traffic_lights,0.883034884929657,2070.3154296875,1094.3992919921875,2129.794921875,1278.3211669921875,2100.05517578125,1186.3602294921875,59.4794921875,183.921875
IMG_0043.mp4,781,26.059366666666666,29.97002997002997,170,1,traffic_lights,0.6148423552513123,2152.376708984375,1162.016845703125,2217.19140625,1283.5628662109375,2184.7840576171875,1222.7898559570312,64.814697265625,121.5460205078125
IMG_0043.mp4,781,26.059366666666666,29.97002997002997,176,1,traffic_lights,0.885994553565979,2013.6326904296875,1168.4366455078125,2066.8154296875,1280.0966796875,2040.2240600585938,1224.2666625976562,53.1827392578125,111.6600341796875
IMG_0043.mp4,781,26.059366666666666,29.97002997002997,150,2,traffic_signs,0.9175875186920166,2178.22998046875,1449.20849609375,2246.94384765625,1525.770751953125,2212.5869140625,1487.4896240234375,68.7138671875,76.562255859375
IMG_0043.mp4,781,26.059366666666666,29.97002997002997,206,1,traffic_lights,0.5674322247505188,2423.218994140625,1324.1031494140625,2450.530029296875,1356.6533203125,2436.87451171875,1340.3782348632812,27.31103515625,32.5501708984375
IMG_0043.mp4,781,26.059366666666666,29.97002997002997,273,2,traffic_signs,0.3612785041332245,1833.931884765625,1419.341552734375,1843.3890380859375,1441.5078125,1838.6604614257812,1430.4246826171875,9.4571533203125,22.166259765625
IMG_0043.mp4,782,26.092733333333335,29.97002997002997,164,1,traffic_lights,0.8909783363342285,2069.089599609375,1093.76513671875,2129.1748046875,1277.7802734375,2099.1322021484375,1185.772705078125,60.085205078125,184.01513671875
IMG_0043.mp4,782,26.092733333333335,29.97002997002997,170,1,traffic_lights,0.8359100222587585,2151.717041015625,1161.5911865234375,2216.45068359375,1283.445556640625,2184.0838623046875,1222.5183715820312,64.733642578125,121.8543701171875
IMG_0043.mp4,782,26.092733333333335,29.97002997002997,176,1,traffic_lights,0.8810154795646667,2012.56884765625,1168.8277587890625,2065.02197265625,1279.8597412109375,2038.79541015625,1224.34375,52.453125,111.031982421875
IMG_0043.mp4,782,26.092733333333335,29.97002997002997,150,2,traffic_signs,0.922308087348938,2177.874267578125,1449.2911376953125,2246.415771484375,1525.4132080078125,2212.14501953125,1487.3521728515625,68.54150390625,76.1220703125
IMG_0043.mp4,782,26.092733333333335,29.97002997002997,206,1,traffic_lights,0.5936660766601562,2423.018798828125,1323.8746337890625,2450.151123046875,1356.23876953125,2436.5849609375,1340.0567016601562,27.13232421875,32.3641357421875
IMG_0043.mp4,782,26.092733333333335,29.97002997002997,273,2,traffic_signs,0.3802470862865448,1833.8546142578125,1419.064697265625,1843.2813720703125,1441.4229736328125,1838.5679931640625,1430.2438354492188,9.4267578125,22.3582763671875
IMG_0043.mp4,783,26.1261,29.97002997002997,164,1,traffic_lights,0.9024794697761536,2068.498779296875,1092.23291015625,2128.268310546875,1277.6956787109375,2098.383544921875,1184.9642944335938,59.76953125,185.4627685546875
IMG_0043.mp4,783,26.1261,29.97002997002997,170,1,traffic_lights,0.8960925340652466,2151.103271484375,1160.986328125,2216.02783203125,1282.93310546875,2183.5655517578125,1221.959716796875,64.924560546875,121.94677734375
IMG_0043.mp4,783,26.1261,29.97002997002997,176,1,traffic_lights,0.8767300248146057,2011.647705078125,1168.043701171875,2063.921875,1279.3106689453125,2037.7847900390625,1223.6771850585938,52.274169921875,111.2669677734375
IMG_0043.mp4,783,26.1261,29.97002997002997,150,2,traffic_signs,0.9299842715263367,2177.7451171875,1449.032958984375,2246.1357421875,1525.08251953125,2211.9404296875,1487.0577392578125,68.390625,76.049560546875
IMG_0043.mp4,783,26.1261,29.97002997002997,206,1,traffic_lights,0.6437088847160339,2422.466064453125,1323.873291015625,2450.00048828125,1355.95654296875,2436.2332763671875,1339.9149169921875,27.534423828125,32.083251953125
IMG_0043.mp4,783,26.1261,29.97002997002997,273,2,traffic_signs,0.3574161231517792,1833.4564208984375,1419.1536865234375,1842.8504638671875,1441.4537353515625,1838.1534423828125,1430.3037109375,9.39404296875,22.300048828125
IMG_0043.mp4,783,26.1261,29.97002997002997,147,2,traffic_signs,0.38580644130706787,1209.6695556640625,1342.9677734375,1235.8021240234375,1377.4891357421875,1222.73583984375,1360.2284545898438,26.132568359375,34.5213623046875
IMG_0043.mp4,784,26.159466666666667,29.97002997002997,164,1,traffic_lights,0.8931618332862854,2067.51220703125,1090.082763671875,2127.800048828125,1278.4468994140625,2097.6561279296875,1184.2648315429688,60.287841796875,188.3641357421875
IMG_0043.mp4,784,26.159466666666667,29.97002997002997,170,1,traffic_lights,0.8826602697372437,2149.94091796875,1160.0572509765625,2215.3798828125,1282.3912353515625,2182.660400390625,1221.2242431640625,65.43896484375,122.333984375
IMG_0043.mp4,784,26.159466666666667,29.97002997002997,176,1,traffic_lights,0.8764283061027527,2010.6612548828125,1167.5028076171875,2063.47607421875,1279.291015625,2037.0686645507812,1223.3969116210938,52.8148193359375,111.7882080078125
IMG_0043.mp4,784,26.159466666666667,29.97002997002997,150,2,traffic_signs,0.8407726883888245,2177.658935546875,1448.6212158203125,2245.871826171875,1524.745849609375,2211.765380859375,1486.6835327148438,68.212890625,76.1246337890625
IMG_0043.mp4,784,26.159466666666667,29.97002997002997,206,1,traffic_lights,0.6278108358383179,2424.333251953125,1324.5223388671875,2451.005615234375,1356.395751953125,2437.66943359375,1340.4590454101562,26.67236328125,31.8734130859375
IMG_0043.mp4,784,26.159466666666667,29.97002997002997,273,2,traffic_signs,0.3985411822795868,1833.0606689453125,1418.8255615234375,1842.6234130859375,1440.9735107421875,1837.842041015625,1429.8995361328125,9.562744140625,22.14794921875
IMG_0043.mp4,784,26.159466666666667,29.97002997002997,147,2,traffic_signs,0.561373770236969,1209.272705078125,1342.798828125,1234.013671875,1377.2420654296875,1221.6431884765625,1360.0204467773438,24.740966796875,34.4432373046875
IMG_0043.mp4,785,26.192833333333333,29.97002997002997,164,1,traffic_lights,0.8884562849998474,2066.454833984375,1089.084716796875,2127.099609375,1278.139404296875,2096.7772216796875,1183.612060546875,60.644775390625,189.0546875
IMG_0043.mp4,785,26.192833333333333,29.97002997002997,170,1,traffic_lights,0.8873677849769592,2149.166015625,1159.700439453125,2214.54150390625,1282.227783203125,2181.853759765625,1220.964111328125,65.37548828125,122.52734375
IMG_0043.mp4,785,26.192833333333333,29.97002997002997,176,1,traffic_lights,0.8820755481719971,2009.58251953125,1167.01904296875,2063.125732421875,1279.36328125,2036.3541259765625,1223.191162109375,53.543212890625,112.34423828125
IMG_0043.mp4,785,26.192833333333333,29.97002997002997,150,2,traffic_signs,0.9227538704872131,2177.8603515625,1448.797607421875,2245.322509765625,1524.771240234375,2211.5914306640625,1486.784423828125,67.462158203125,75.9736328125
IMG_0043.mp4,785,26.192833333333333,29.97002997002997,206,1,traffic_lights,0.4926469922065735,2424.540283203125,1324.8438720703125,2451.3798828125,1357.1429443359375,2437.9600830078125,1340.993408203125,26.839599609375,32.299072265625
IMG_0043.mp4,785,26.192833333333333,29.97002997002997,273,2,traffic_signs,0.39307111501693726,1832.689453125,1418.84423828125,1842.45556640625,1441.0340576171875,1837.572509765625,1429.9391479492188,9.76611328125,22.1898193359375
IMG_0043.mp4,785,26.192833333333333,29.97002997002997,147,2,traffic_signs,0.4492819607257843,1208.52978515625,1342.5001220703125,1234.8392333984375,1377.222900390625,1221.6845092773438,1359.8615112304688,26.3094482421875,34.7227783203125
IMG_0043.mp4,786,26.226200000000002,29.97002997002997,164,1,traffic_lights,0.8870943188667297,2066.294921875,1089.4615478515625,2125.700927734375,1276.357666015625,2095.9979248046875,1182.9096069335938,59.406005859375,186.8961181640625
IMG_0043.mp4,786,26.226200000000002,29.97002997002997,170,1,traffic_lights,0.8568724989891052,2147.8564453125,1159.93408203125,2213.873779296875,1280.9593505859375,2180.8651123046875,1220.4467163085938,66.017333984375,121.0252685546875
IMG_0043.mp4,786,26.226200000000002,29.97002997002997,176,1,traffic_lights,0.8736298084259033,2008.7203369140625,1167.0621337890625,2062.2021484375,1279.3438720703125,2035.4612426757812,1223.2030029296875,53.4818115234375,112.28173828125
IMG_0043.mp4,786,26.226200000000002,29.97002997002997,150,2,traffic_signs,0.6153308153152466,2177.63525390625,1449.609130859375,2245.57177734375,1525.0477294921875,2211.603515625,1487.3284301757812,67.9365234375,75.4385986328125
IMG_0043.mp4,786,26.226200000000002,29.97002997002997,147,2,traffic_signs,0.5895922183990479,1207.19140625,1342.169677734375,1233.8250732421875,1377.03125,1220.5082397460938,1359.6004638671875,26.6336669921875,34.861572265625
IMG_0043.mp4,787,26.259566666666668,29.97002997002997,164,1,traffic_lights,0.7454105019569397,2063.901123046875,1088.774658203125,2124.6337890625,1279.333251953125,2094.2674560546875,1184.053955078125,60.732666015625,190.55859375
IMG_0043.mp4,787,26.259566666666668,29.97002997002997,170,1,traffic_lights,0.8258683085441589,2145.65771484375,1159.569091796875,2214.646240234375,1278.86767578125,2180.1519775390625,1219.2183837890625,68.988525390625,119.298583984375
IMG_0043.mp4,787,26.259566666666668,29.97002997002997,176,1,traffic_lights,0.8361528515815735,2006.9989013671875,1165.5814208984375,2061.90625,1278.5477294921875,2034.4525756835938,1222.0645751953125,54.9073486328125,112.96630859375
IMG_0043.mp4,787,26.259566666666668,29.97002997002997,150,2,traffic_signs,0.41469141840934753,2173.862548828125,1451.2679443359375,2245.1591796875,1522.6380615234375,2209.5108642578125,1486.9530029296875,71.296630859375,71.3701171875
IMG_0043.mp4,787,26.259566666666668,29.97002997002997,147,2,traffic_signs,0.6255690455436707,1206.3936767578125,1342.2789306640625,1230.39404296875,1376.0238037109375,1218.3938598632812,1359.1513671875,24.0003662109375,33.744873046875
IMG_0043.mp4,788,26.292933333333334,29.97002997002997,150,2,traffic_signs,0.623852550983429,2177.115966796875,1451.123046875,2244.819580078125,1523.4296875,2210.9677734375,1487.2763671875,67.70361328125,72.306640625
IMG_0043.mp4,788,26.292933333333334,29.97002997002997,147,2,traffic_signs,0.6546948552131653,1205.7991943359375,1342.3114013671875,1228.29345703125,1375.9708251953125,1217.0463256835938,1359.14111328125,22.4942626953125,33.659423828125
IMG_0043.mp4,789,26.3263,29.97002997002997,150,2,traffic_signs,0.9392039179801941,2176.541015625,1450.0799560546875,2243.772216796875,1524.1973876953125,2210.1566162109375,1487.138671875,67.231201171875,74.117431640625
IMG_0043.mp4,789,26.3263,29.97002997002997,147,2,traffic_signs,0.6203736662864685,1204.6912841796875,1341.6873779296875,1231.1302490234375,1377.2120361328125,1217.9107666015625,1359.44970703125,26.43896484375,35.524658203125
IMG_0043.mp4,789,26.3263,29.97002997002997,206,1,traffic_lights,0.5785062909126282,2424.690673828125,1324.3558349609375,2452.452392578125,1356.95556640625,2438.571533203125,1340.6557006835938,27.76171875,32.5997314453125
IMG_0043.mp4,789,26.3263,29.97002997002997,273,2,traffic_signs,0.3454435169696808,1831.9415283203125,1419.41845703125,1842.0897216796875,1440.375244140625,1837.015625,1429.8968505859375,10.148193359375,20.956787109375
IMG_0043.mp4,789,26.3263,29.97002997002997,164,1,traffic_lights,0.8661513328552246,2063.527099609375,1088.8759765625,2122.787109375,1273.36767578125,2093.1571044921875,1181.121826171875,59.260009765625,184.49169921875
IMG_0043.mp4,789,26.3263,29.97002997002997,170,1,traffic_lights,0.8829672336578369,2144.322509765625,1156.98681640625,2212.314208984375,1279.47412109375,2178.318359375,1218.23046875,67.99169921875,122.4873046875
IMG_0043.mp4,789,26.3263,29.97002997002997,176,1,traffic_lights,0.8438682556152344,2004.5736083984375,1165.369873046875,2059.37744140625,1277.1968994140625,2031.9755249023438,1221.2833862304688,54.8038330078125,111.8270263671875
IMG_0043.mp4,790,26.359666666666666,29.97002997002997,150,2,traffic_signs,0.7038946151733398,2175.5078125,1449.5064697265625,2243.51318359375,1524.9244384765625,2209.510498046875,1487.2154541015625,68.00537109375,75.41796875
IMG_0043.mp4,790,26.359666666666666,29.97002997002997,277,2,traffic_signs,0.4677484333515167,1812.1573486328125,1442.714599609375,1824.3299560546875,1468.9798583984375,1818.24365234375,1455.8472290039062,12.172607421875,26.2652587890625
IMG_0043.mp4,790,26.359666666666666,29.97002997002997,206,1,traffic_lights,0.5902199745178223,2425.017578125,1324.4755859375,2452.491943359375,1356.886474609375,2438.7547607421875,1340.6810302734375,27.474365234375,32.410888671875
IMG_0043.mp4,790,26.359666666666666,29.97002997002997,273,2,traffic_signs,0.44904860854148865,1831.3704833984375,1419.8046875,1841.0732421875,1440.7919921875,1836.2218627929688,1430.29833984375,9.7027587890625,20.9873046875
IMG_0043.mp4,790,26.359666666666666,29.97002997002997,164,1,traffic_lights,0.7536510229110718,2063.39599609375,1086.1070556640625,2121.357666015625,1271.618408203125,2092.3768310546875,1178.8627319335938,57.961669921875,185.5113525390625
IMG_0043.mp4,790,26.359666666666666,29.97002997002997,170,1,traffic_lights,0.5038194060325623,2144.904541015625,1156.9488525390625,2211.71826171875,1279.79931640625,2178.3114013671875,1218.3740844726562,66.813720703125,122.8504638671875
IMG_0043.mp4,790,26.359666666666666,29.97002997002997,176,1,traffic_lights,0.8754270076751709,2003.2998046875,1164.7296142578125,2058.623779296875,1277.833251953125,2030.9617919921875,1221.2814331054688,55.323974609375,113.1036376953125
IMG_0043.mp4,790,26.359666666666666,29.97002997002997,237,1,traffic_lights,0.8583789467811584,1432.707275390625,1204.4447021484375,1453.0989990234375,1256.8876953125,1442.9031372070312,1230.6661987304688,20.3917236328125,52.4429931640625
IMG_0043.mp4,791,26.393033333333335,29.97002997002997,150,2,traffic_signs,0.513862133026123,2174.763671875,1448.7979736328125,2242.926025390625,1525.0986328125,2208.8448486328125,1486.9483032226562,68.162353515625,76.3006591796875
IMG_0043.mp4,791,26.393033333333335,29.97002997002997,277,2,traffic_signs,0.5055451393127441,1811.2698974609375,1442.9825439453125,1823.913818359375,1470.0679931640625,1817.5918579101562,1456.5252685546875,12.6439208984375,27.08544921875
IMG_0043.mp4,791,26.393033333333335,29.97002997002997,206,1,traffic_lights,0.6899542808532715,2425.169677734375,1323.805419921875,2452.542724609375,1356.9002685546875,2438.856201171875,1340.3528442382812,27.373046875,33.0948486328125
IMG_0043.mp4,791,26.393033333333335,29.97002997002997,273,2,traffic_signs,0.40718528628349304,1831.228515625,1419.624267578125,1840.7489013671875,1441.4935302734375,1835.9887084960938,1430.5588989257812,9.5203857421875,21.8692626953125
IMG_0043.mp4,791,26.393033333333335,29.97002997002997,164,1,traffic_lights,0.7634307146072388,2062.919921875,1084.7857666015625,2120.451904296875,1272.50244140625,2091.6859130859375,1178.6441040039062,57.531982421875,187.7166748046875
IMG_0043.mp4,791,26.393033333333335,29.97002997002997,170,1,traffic_lights,0.91001957654953,2143.301513671875,1155.0657958984375,2210.821533203125,1280.99462890625,2177.0615234375,1218.0302124023438,67.52001953125,125.9288330078125
IMG_0043.mp4,791,26.393033333333335,29.97002997002997,176,1,traffic_lights,0.8811208605766296,2002.7442626953125,1164.333251953125,2058.54296875,1278.077392578125,2030.6436157226562,1221.205322265625,55.7987060546875,113.744140625
IMG_0043.mp4,791,26.393033333333335,29.97002997002997,237,1,traffic_lights,0.8475475907325745,1432.3436279296875,1204.8365478515625,1452.7869873046875,1257.1641845703125,1442.5653076171875,1231.0003662109375,20.443359375,52.32763671875
IMG_0043.mp4,791,26.393033333333335,29.97002997002997,147,2,traffic_signs,0.77283775806427,1204.1282958984375,1341.289794921875,1231.037109375,1378.650146484375,1217.5827026367188,1359.969970703125,26.9088134765625,37.3603515625
IMG_0043.mp4,792,26.4264,29.97002997002997,150,2,traffic_signs,0.43396440148353577,2174.465576171875,1449.0235595703125,2242.47509765625,1524.971923828125,2208.4703369140625,1486.9977416992188,68.009521484375,75.9483642578125
IMG_0043.mp4,792,26.4264,29.97002997002997,277,2,traffic_signs,0.4815131425857544,1811.4696044921875,1442.75341796875,1823.7734375,1469.944091796875,1817.6215209960938,1456.3487548828125,12.3038330078125,27.190673828125
IMG_0043.mp4,792,26.4264,29.97002997002997,206,1,traffic_lights,0.6744176745414734,2425.01806640625,1324.199462890625,2452.429443359375,1356.4503173828125,2438.7237548828125,1340.3248901367188,27.411376953125,32.2508544921875
IMG_0043.mp4,792,26.4264,29.97002997002997,273,2,traffic_signs,0.4710269868373871,1831.1485595703125,1419.6190185546875,1840.4825439453125,1442.317626953125,1835.8155517578125,1430.9683227539062,9.333984375,22.6986083984375
IMG_0043.mp4,792,26.4264,29.97002997002997,164,1,traffic_lights,0.5059732794761658,2062.473388671875,1086.8265380859375,2118.725830078125,1270.7855224609375,2090.599609375,1178.8060302734375,56.25244140625,183.958984375
IMG_0043.mp4,792,26.4264,29.97002997002997,170,1,traffic_lights,0.8971524834632874,2142.009765625,1154.124267578125,2210.132568359375,1280.204345703125,2176.0711669921875,1217.164306640625,68.122802734375,126.080078125
IMG_0043.mp4,792,26.4264,29.97002997002997,176,1,traffic_lights,0.8793796896934509,2001.882568359375,1164.1197509765625,2058.154541015625,1278.1368408203125,2030.0185546875,1221.1282958984375,56.27197265625,114.01708984375
IMG_0043.mp4,792,26.4264,29.97002997002997,237,1,traffic_lights,0.845488429069519,1432.0594482421875,1204.894775390625,1452.518310546875,1257.37060546875,1442.2888793945312,1231.1326904296875,20.4588623046875,52.475830078125
IMG_0043.mp4,792,26.4264,29.97002997002997,147,2,traffic_signs,0.6098677515983582,1202.9404296875,1341.2669677734375,1227.4725341796875,1378.028076171875,1215.2064819335938,1359.6475219726562,24.5321044921875,36.7611083984375
IMG_0043.mp4,793,26.459766666666667,29.97002997002997,150,2,traffic_signs,0.35892099142074585,2173.793701171875,1448.2373046875,2242.50048828125,1525.309814453125,2208.1470947265625,1486.7735595703125,68.706787109375,77.072509765625
IMG_0043.mp4,793,26.459766666666667,29.97002997002997,277,2,traffic_signs,0.4748047888278961,1811.269775390625,1443.069091796875,1823.471923828125,1469.9306640625,1817.370849609375,1456.4998779296875,12.2021484375,26.861572265625
IMG_0043.mp4,793,26.459766666666667,29.97002997002997,206,1,traffic_lights,0.6581978797912598,2425.095947265625,1324.4058837890625,2452.9775390625,1356.7314453125,2439.0367431640625,1340.5686645507812,27.881591796875,32.3255615234375
IMG_0043.mp4,793,26.459766666666667,29.97002997002997,273,2,traffic_signs,0.44040605425834656,1830.5772705078125,1419.9608154296875,1839.8048095703125,1442.6978759765625,1835.1910400390625,1431.329345703125,9.2275390625,22.737060546875
IMG_0043.mp4,793,26.459766666666667,29.97002997002997,164,1,traffic_lights,0.8186525106430054,2061.439453125,1085.055908203125,2117.952880859375,1270.2845458984375,2089.6961669921875,1177.6702270507812,56.513427734375,185.2286376953125
IMG_0043.mp4,793,26.459766666666667,29.97002997002997,170,1,traffic_lights,0.8900219202041626,2141.032470703125,1153.520263671875,2209.688232421875,1279.5020751953125,2175.3603515625,1216.5111694335938,68.65576171875,125.9818115234375
IMG_0043.mp4,793,26.459766666666667,29.97002997002997,176,1,traffic_lights,0.8712857961654663,2000.7974853515625,1164.21337890625,2057.11376953125,1277.6181640625,2028.9556274414062,1220.915771484375,56.3162841796875,113.40478515625
IMG_0043.mp4,793,26.459766666666667,29.97002997002997,237,1,traffic_lights,0.8395920991897583,1431.4384765625,1204.5894775390625,1452.079833984375,1257.775634765625,1441.7591552734375,1231.1825561523438,20.641357421875,53.1861572265625
IMG_0043.mp4,793,26.459766666666667,29.97002997002997,147,2,traffic_signs,0.6143268942832947,1201.79248046875,1341.2965087890625,1224.716064453125,1377.36181640625,1213.2542724609375,1359.3291625976562,22.923583984375,36.0653076171875
IMG_0043.mp4,794,26.493133333333333,29.97002997002997,277,2,traffic_signs,0.5824701189994812,1810.595703125,1443.069580078125,1823.17236328125,1469.8096923828125,1816.884033203125,1456.4396362304688,12.57666015625,26.7401123046875
IMG_0043.mp4,794,26.493133333333333,29.97002997002997,206,1,traffic_lights,0.40278229117393494,2425.4833984375,1325.447509765625,2452.49462890625,1355.8211669921875,2438.989013671875,1340.6343383789062,27.01123046875,30.3736572265625
IMG_0043.mp4,794,26.493133333333333,29.97002997002997,273,2,traffic_signs,0.45175519585609436,1830.253173828125,1419.9361572265625,1839.4754638671875,1442.0177001953125,1834.8643188476562,1430.9769287109375,9.2222900390625,22.08154296875
IMG_0043.mp4,794,26.493133333333333,29.97002997002997,164,1,traffic_lights,0.8384886980056763,2061.020263671875,1084.860107421875,2117.21826171875,1270.4677734375,2089.1192626953125,1177.6639404296875,56.197998046875,185.607666015625
IMG_0043.mp4,794,26.493133333333333,29.97002997002997,170,1,traffic_lights,0.8891239762306213,2140.35009765625,1152.4915771484375,2209.08056640625,1278.7490234375,2174.71533203125,1215.6203002929688,68.73046875,126.2574462890625
IMG_0043.mp4,794,26.493133333333333,29.97002997002997,176,1,traffic_lights,0.8787752389907837,2000.360595703125,1164.159912109375,2056.125,1276.8870849609375,2028.2427978515625,1220.5234985351562,55.764404296875,112.7271728515625
IMG_0043.mp4,794,26.493133333333333,29.97002997002997,237,1,traffic_lights,0.7486260533332825,1430.764404296875,1203.9935302734375,1451.5738525390625,1258.2969970703125,1441.1691284179688,1231.145263671875,20.8094482421875,54.303466796875
IMG_0043.mp4,794,26.493133333333333,29.97002997002997,147,2,traffic_signs,0.587242841720581,1200.8935546875,1341.098876953125,1224.058837890625,1376.7127685546875,1212.4761962890625,1358.9058227539062,23.165283203125,35.6138916015625
IMG_0043.mp4,795,26.526500000000002,29.97002997002997,277,2,traffic_signs,0.5226438045501709,1809.790771484375,1442.8868408203125,1822.8779296875,1469.728515625,1816.3343505859375,1456.3076782226562,13.087158203125,26.8416748046875
IMG_0043.mp4,795,26.526500000000002,29.97002997002997,273,2,traffic_signs,0.35850659012794495,1829.687255859375,1419.78857421875,1839.2659912109375,1440.9346923828125,1834.4766235351562,1430.3616333007812,9.5787353515625,21.1461181640625
IMG_0043.mp4,795,26.526500000000002,29.97002997002997,164,1,traffic_lights,0.40170615911483765,2060.58837890625,1086.301513671875,2115.94775390625,1269.318603515625,2088.26806640625,1177.81005859375,55.359375,183.01708984375
IMG_0043.mp4,795,26.526500000000002,29.97002997002997,170,1,traffic_lights,0.8727251291275024,2139.9140625,1151.8526611328125,2208.531982421875,1277.9854736328125,2174.2230224609375,1214.9190673828125,68.617919921875,126.1328125
IMG_0043.mp4,795,26.526500000000002,29.97002997002997,176,1,traffic_lights,0.8757728934288025,1999.40625,1164.216064453125,2053.59814453125,1276.2115478515625,2026.502197265625,1220.2138061523438,54.19189453125,111.9954833984375
IMG_0043.mp4,795,26.526500000000002,29.97002997002997,237,1,traffic_lights,0.5518317818641663,1429.872314453125,1203.691650390625,1451.2965087890625,1259.7042236328125,1440.5844116210938,1231.6979370117188,21.4241943359375,56.0125732421875
IMG_0043.mp4,795,26.526500000000002,29.97002997002997,147,2,traffic_signs,0.6570531725883484,1200.874267578125,1341.063232421875,1227.5133056640625,1376.2342529296875,1214.1937866210938,1358.6487426757812,26.6390380859375,35.1710205078125
IMG_0043.mp4,795,26.526500000000002,29.97002997002997,150,2,traffic_signs,0.5690733790397644,2172.088623046875,1448.336181640625,2240.903564453125,1526.0189208984375,2206.49609375,1487.1775512695312,68.81494140625,77.6827392578125
IMG_0043.mp4,796,26.559866666666668,29.97002997002997,277,2,traffic_signs,0.5075684785842896,1809.185302734375,1442.74267578125,1822.491943359375,1469.5509033203125,1815.838623046875,1456.1467895507812,13.306640625,26.8082275390625
IMG_0043.mp4,796,26.559866666666668,29.97002997002997,273,2,traffic_signs,0.31764400005340576,1829.0531005859375,1419.6795654296875,1839.14794921875,1441.838623046875,1834.1005249023438,1430.7590942382812,10.0948486328125,22.1590576171875
IMG_0043.mp4,796,26.559866666666668,29.97002997002997,170,1,traffic_lights,0.7077574729919434,2139.150146484375,1154.9569091796875,2200.736572265625,1277.9599609375,2169.943359375,1216.4584350585938,61.58642578125,123.0030517578125
IMG_0043.mp4,796,26.559866666666668,29.97002997002997,237,1,traffic_lights,0.5452783703804016,1429.4783935546875,1203.3446044921875,1450.745361328125,1260.2479248046875,1440.1118774414062,1231.7962646484375,21.2669677734375,56.9033203125
IMG_0043.mp4,796,26.559866666666668,29.97002997002997,147,2,traffic_signs,0.7026858925819397,1200.0762939453125,1340.59619140625,1226.340576171875,1375.567138671875,1213.2084350585938,1358.0816650390625,26.2642822265625,34.970947265625
IMG_0043.mp4,797,26.593233333333334,29.97002997002997,277,2,traffic_signs,0.3518335819244385,1809.3076171875,1443.1531982421875,1823.458740234375,1469.865234375,1816.3831787109375,1456.5092163085938,14.151123046875,26.7120361328125
IMG_0043.mp4,797,26.593233333333334,29.97002997002997,170,1,traffic_lights,0.8719863295555115,2139.467529296875,1153.7298583984375,2204.446533203125,1275.4578857421875,2171.95703125,1214.5938720703125,64.97900390625,121.72802734375
IMG_0043.mp4,797,26.593233333333334,29.97002997002997,237,1,traffic_lights,0.5375603437423706,1429.12548828125,1202.83056640625,1450.7728271484375,1260.331298828125,1439.9491577148438,1231.5809326171875,21.6473388671875,57.500732421875
IMG_0043.mp4,797,26.593233333333334,29.97002997002997,147,2,traffic_signs,0.5846994519233704,1199.4478759765625,1340.4840087890625,1225.281494140625,1373.840087890625,1212.3646850585938,1357.1620483398438,25.8336181640625,33.3560791015625
IMG_0043.mp4,797,26.593233333333334,29.97002997002997,206,1,traffic_lights,0.330398291349411,2425.575927734375,1325.7066650390625,2453.31591796875,1357.358154296875,2439.4459228515625,1341.5324096679688,27.739990234375,31.6514892578125
IMG_0043.mp4,797,26.593233333333334,29.97002997002997,164,1,traffic_lights,0.5908719897270203,2053.0146484375,1084.3311767578125,2114.87744140625,1267.2872314453125,2083.946044921875,1175.8092041015625,61.86279296875,182.9560546875
IMG_0043.mp4,797,26.593233333333334,29.97002997002997,150,2,traffic_signs,0.6344256401062012,2190.9443359375,1447.9874267578125,2243.13916015625,1514.3184814453125,2217.041748046875,1481.1529541015625,52.19482421875,66.3310546875
IMG_0043.mp4,798,26.6266,29.97002997002997,170,1,traffic_lights,0.9049152731895447,2138.3095703125,1152.3880615234375,2205.54345703125,1275.72509765625,2171.926513671875,1214.0565795898438,67.23388671875,123.3370361328125
IMG_0043.mp4,798,26.6266,29.97002997002997,237,1,traffic_lights,0.5943034291267395,1428.2930908203125,1204.2738037109375,1450.6187744140625,1258.848876953125,1439.4559326171875,1231.5613403320312,22.32568359375,54.5750732421875
IMG_0043.mp4,798,26.6266,29.97002997002997,147,2,traffic_signs,0.383391797542572,1198.5262451171875,1340.0751953125,1224.3623046875,1372.4005126953125,1211.4442749023438,1356.2378540039062,25.8360595703125,32.3253173828125
IMG_0043.mp4,798,26.6266,29.97002997002997,206,1,traffic_lights,0.392952024936676,2424.9482421875,1325.5941162109375,2452.799072265625,1357.533203125,2438.8736572265625,1341.5636596679688,27.850830078125,31.9390869140625
IMG_0043.mp4,798,26.6266,29.97002997002997,164,1,traffic_lights,0.6866415739059448,2055.323486328125,1083.1414794921875,2113.861083984375,1266.785888671875,2084.59228515625,1174.9636840820312,58.53759765625,183.6444091796875
IMG_0043.mp4,798,26.6266,29.97002997002997,150,2,traffic_signs,0.9257583022117615,2175.508544921875,1448.0809326171875,2240.48486328125,1521.979736328125,2207.9967041015625,1485.0303344726562,64.976318359375,73.8988037109375
IMG_0043.mp4,798,26.6266,29.97002997002997,176,1,traffic_lights,0.7337775826454163,1996.8502197265625,1163.691650390625,2051.9140625,1276.4034423828125,2024.3821411132812,1220.0475463867188,55.0638427734375,112.7117919921875
IMG_0043.mp4,799,26.659966666666666,29.97002997002997,170,1,traffic_lights,0.9116833209991455,2137.386962890625,1151.417724609375,2205.622802734375,1275.421142578125,2171.5048828125,1213.41943359375,68.23583984375,124.00341796875
IMG_0043.mp4,799,26.659966666666666,29.97002997002997,206,1,traffic_lights,0.45733386278152466,2424.52392578125,1325.7578125,2452.5537109375,1357.198974609375,2438.538818359375,1341.4783935546875,28.02978515625,31.441162109375
IMG_0043.mp4,799,26.659966666666666,29.97002997002997,164,1,traffic_lights,0.8316047787666321,2054.940673828125,1082.8104248046875,2112.81494140625,1265.886474609375,2083.8778076171875,1174.3484497070312,57.874267578125,183.0760498046875
IMG_0043.mp4,799,26.659966666666666,29.97002997002997,150,2,traffic_signs,0.6533029675483704,2171.959716796875,1447.8114013671875,2239.69189453125,1524.2547607421875,2205.8258056640625,1486.0330810546875,67.732177734375,76.443359375
IMG_0043.mp4,799,26.659966666666666,29.97002997002997,176,1,traffic_lights,0.9281466603279114,1995.5850830078125,1161.4822998046875,2049.50634765625,1276.17138671875,2022.5457153320312,1218.8268432617188,53.9212646484375,114.6890869140625
IMG_0043.mp4,800,26.693333333333335,29.97002997002997,170,1,traffic_lights,0.9062937498092651,2136.7939453125,1150.473876953125,2205.409423828125,1275.2772216796875,2171.1016845703125,1212.8755493164062,68.615478515625,124.8033447265625
IMG_0043.mp4,800,26.693333333333335,29.97002997002997,206,1,traffic_lights,0.6064973473548889,2424.154541015625,1325.168212890625,2452.43994140625,1355.9442138671875,2438.2972412109375,1340.5562133789062,28.285400390625,30.7760009765625
IMG_0043.mp4,800,26.693333333333335,29.97002997002997,164,1,traffic_lights,0.8698215484619141,2054.3935546875,1083.16455078125,2112.185791015625,1263.453125,2083.2896728515625,1173.308837890625,57.792236328125,180.28857421875
IMG_0043.mp4,800,26.693333333333335,29.97002997002997,150,2,traffic_signs,0.47130781412124634,2169.939697265625,1447.456298828125,2239.212890625,1525.02294921875,2204.5762939453125,1486.2396240234375,69.273193359375,77.566650390625
IMG_0043.mp4,800,26.693333333333335,29.97002997002997,176,1,traffic_lights,0.9242852926254272,1994.8516845703125,1160.0926513671875,2047.287109375,1275.2537841796875,2021.0693969726562,1217.6732177734375,52.4354248046875,115.1611328125
IMG_0043.mp4,800,26.693333333333335,29.97002997002997,287,2,traffic_signs,0.41078615188598633,2170.566650390625,1448.1414794921875,2238.37158203125,1526.1009521484375,2204.4691162109375,1487.1212158203125,67.804931640625,77.95947265625
IMG_0043.mp4,801,26.7267,29.97002997002997,170,1,traffic_lights,0.9076156616210938,2135.996337890625,1150.074951171875,2205.1865234375,1274.803466796875,2170.5914306640625,1212.439208984375,69.190185546875,124.728515625
IMG_0043.mp4,801,26.7267,29.97002997002997,206,1,traffic_lights,0.6414491534233093,2424.288330078125,1324.66943359375,2452.89404296875,1355.7366943359375,2438.5911865234375,1340.2030639648438,28.605712890625,31.0672607421875
IMG_0043.mp4,801,26.7267,29.97002997002997,164,1,traffic_lights,0.7570351362228394,2053.16943359375,1083.9095458984375,2111.760009765625,1263.0052490234375,2082.4647216796875,1173.4573974609375,58.590576171875,179.095703125
IMG_0043.mp4,801,26.7267,29.97002997002997,150,2,traffic_signs,0.493569016456604,2168.85302734375,1447.2548828125,2238.955078125,1525.1475830078125,2203.904052734375,1486.2012329101562,70.10205078125,77.8927001953125
IMG_0043.mp4,801,26.7267,29.97002997002997,176,1,traffic_lights,0.922368049621582,1994.0758056640625,1158.6417236328125,2046.056884765625,1275.2210693359375,2020.0663452148438,1216.931396484375,51.9810791015625,116.579345703125
IMG_0043.mp4,801,26.7267,29.97002997002997,287,2,traffic_signs,0.40715348720550537,2169.94970703125,1447.9710693359375,2238.12548828125,1525.8812255859375,2204.03759765625,1486.9261474609375,68.17578125,77.91015625
IMG_0043.mp4,802,26.760066666666667,29.97002997002997,170,1,traffic_lights,0.9043411612510681,2134.966796875,1149.561279296875,2204.46240234375,1274.6365966796875,2169.714599609375,1212.0989379882812,69.49560546875,125.0753173828125
IMG_0043.mp4,802,26.760066666666667,29.97002997002997,206,1,traffic_lights,0.6425840854644775,2424.781494140625,1324.6201171875,2452.65185546875,1356.1068115234375,2438.7166748046875,1340.3634643554688,27.870361328125,31.4866943359375
IMG_0043.mp4,802,26.760066666666667,29.97002997002997,164,1,traffic_lights,0.5534180998802185,2051.67431640625,1084.52880859375,2111.282470703125,1262.7379150390625,2081.4783935546875,1173.6333618164062,59.608154296875,178.2091064453125
IMG_0043.mp4,802,26.760066666666667,29.97002997002997,150,2,traffic_signs,0.7879691123962402,2168.178466796875,1447.18408203125,2238.794189453125,1525.3775634765625,2203.486328125,1486.2808227539062,70.61572265625,78.1934814453125
IMG_0043.mp4,802,26.760066666666667,29.97002997002997,176,1,traffic_lights,0.9136812686920166,1993.0047607421875,1157.6243896484375,2045.00048828125,1275.042724609375,2019.0026245117188,1216.3335571289062,51.9957275390625,117.4183349609375
IMG_0043.mp4,803,26.793433333333333,29.97002997002997,170,1,traffic_lights,0.8877537250518799,2134.72119140625,1149.4583740234375,2203.954833984375,1274.6572265625,2169.3380126953125,1212.0578002929688,69.233642578125,125.1988525390625
IMG_0043.mp4,803,26.793433333333333,29.97002997002997,206,1,traffic_lights,0.6670436859130859,2424.903076171875,1324.5394287109375,2452.010009765625,1356.50439453125,2438.45654296875,1340.5219116210938,27.10693359375,31.9649658203125
IMG_0043.mp4,803,26.793433333333333,29.97002997002997,164,1,traffic_lights,0.26263946294784546,2050.58203125,1083.098876953125,2110.90966796875,1267.320068359375,2080.745849609375,1175.20947265625,60.32763671875,184.22119140625
IMG_0043.mp4,803,26.793433333333333,29.97002997002997,150,2,traffic_signs,0.9334341287612915,2169.882568359375,1446.9805908203125,2238.7705078125,1524.8702392578125,2204.3265380859375,1485.9254150390625,68.887939453125,77.8896484375
IMG_0043.mp4,803,26.793433333333333,29.97002997002997,176,1,traffic_lights,0.7304778099060059,1993.7686767578125,1154.9598388671875,2046.575927734375,1277.614013671875,2020.1723022460938,1216.2869262695312,52.8072509765625,122.6541748046875
IMG_0043.mp4,803,26.793433333333333,29.97002997002997,237,1,traffic_lights,0.7728858590126038,1425.9139404296875,1202.4957275390625,1449.501708984375,1257.4495849609375,1437.7078247070312,1229.97265625,23.5877685546875,54.953857421875
IMG_0043.mp4,804,26.826800000000002,29.97002997002997,206,1,traffic_lights,0.41922900080680847,2424.288818359375,1325.24609375,2452.08349609375,1355.5667724609375,2438.1861572265625,1340.4064331054688,27.794677734375,30.3206787109375
IMG_0043.mp4,804,26.826800000000002,29.97002997002997,164,1,traffic_lights,0.8124098181724548,2038.3714599609375,1082.7099609375,2109.77880859375,1276.9183349609375,2074.0751342773438,1179.8141479492188,71.4073486328125,194.2083740234375
IMG_0043.mp4,804,26.826800000000002,29.97002997002997,150,2,traffic_signs,0.912918210029602,2167.5390625,1446.4810791015625,2238.085205078125,1525.2388916015625,2202.8121337890625,1485.8599853515625,70.546142578125,78.7578125
IMG_0043.mp4,804,26.826800000000002,29.97002997002997,237,1,traffic_lights,0.5032195448875427,1425.4788818359375,1201.9019775390625,1448.66455078125,1257.52490234375,1437.0717163085938,1229.7134399414062,23.1856689453125,55.6229248046875
IMG_0043.mp4,804,26.826800000000002,29.97002997002997,277,2,traffic_signs,0.4166390001773834,1807.9530029296875,1443.7220458984375,1821.2244873046875,1471.595947265625,1814.5887451171875,1457.6589965820312,13.271484375,27.8739013671875
IMG_0043.mp4,804,26.826800000000002,29.97002997002997,147,2,traffic_signs,0.5922297835350037,1198.6876220703125,1338.7374267578125,1226.449951171875,1371.0946044921875,1212.5687866210938,1354.916015625,27.7623291015625,32.357177734375
IMG_0043.mp4,805,26.860166666666668,29.97002997002997,164,1,traffic_lights,0.7888128161430359,2043.995361328125,1081.589111328125,2108.53515625,1271.4189453125,2076.2652587890625,1176.5040283203125,64.539794921875,189.829833984375
IMG_0043.mp4,805,26.860166666666668,29.97002997002997,150,2,traffic_signs,0.9003985524177551,2166.250244140625,1446.7481689453125,2236.32958984375,1526.033203125,2201.2899169921875,1486.3906860351562,70.079345703125,79.2850341796875
IMG_0043.mp4,805,26.860166666666668,29.97002997002997,237,1,traffic_lights,0.5953418016433716,1424.68896484375,1201.321533203125,1448.0699462890625,1256.2928466796875,1436.3794555664062,1228.8071899414062,23.3809814453125,54.9713134765625
IMG_0043.mp4,805,26.860166666666668,29.97002997002997,277,2,traffic_signs,0.6698585152626038,1807.405517578125,1443.3189697265625,1820.9947509765625,1471.827880859375,1814.2001342773438,1457.5734252929688,13.5892333984375,28.5089111328125
IMG_0043.mp4,805,26.860166666666668,29.97002997002997,147,2,traffic_signs,0.6652466058731079,1198.080810546875,1338.4398193359375,1227.747314453125,1370.962646484375,1212.9140625,1354.7012329101562,29.66650390625,32.5228271484375
IMG_0043.mp4,805,26.860166666666668,29.97002997002997,273,2,traffic_signs,0.49865126609802246,1827.70703125,1420.8162841796875,1836.9552001953125,1443.025634765625,1832.3311157226562,1431.9209594726562,9.2481689453125,22.2093505859375
IMG_0043.mp4,805,26.860166666666668,29.97002997002997,170,1,traffic_lights,0.7636405825614929,2132.524658203125,1141.8309326171875,2183.72607421875,1275.5621337890625,2158.1253662109375,1208.696533203125,51.201416015625,133.731201171875
IMG_0043.mp4,805,26.860166666666668,29.97002997002997,176,1,traffic_lights,0.9053436517715454,1990.631591796875,1157.8076171875,2042.271484375,1272.1405029296875,2016.4515380859375,1214.9740600585938,51.639892578125,114.3328857421875
IMG_0043.mp4,806,26.893533333333334,29.97002997002997,164,1,traffic_lights,0.8365837931632996,2045.9169921875,1080.58544921875,2107.931640625,1266.01416015625,2076.92431640625,1173.2998046875,62.0146484375,185.4287109375
IMG_0043.mp4,806,26.893533333333334,29.97002997002997,150,2,traffic_signs,0.9004859328269958,2165.5927734375,1446.9854736328125,2235.758544921875,1526.2271728515625,2200.6756591796875,1486.6063232421875,70.165771484375,79.24169921875
IMG_0043.mp4,806,26.893533333333334,29.97002997002997,237,1,traffic_lights,0.7106231451034546,1424.1468505859375,1200.8880615234375,1447.4932861328125,1256.375244140625,1435.820068359375,1228.6316528320312,23.346435546875,55.4871826171875
IMG_0043.mp4,806,26.893533333333334,29.97002997002997,277,2,traffic_signs,0.6968823671340942,1807.112060546875,1442.9498291015625,1820.706787109375,1471.8970947265625,1813.909423828125,1457.4234619140625,13.5947265625,28.947265625
IMG_0043.mp4,806,26.893533333333334,29.97002997002997,147,2,traffic_signs,0.5443629026412964,1198.2862548828125,1338.3623046875,1227.47119140625,1370.607177734375,1212.8787231445312,1354.4847412109375,29.1849365234375,32.244873046875
IMG_0043.mp4,806,26.893533333333334,29.97002997002997,273,2,traffic_signs,0.5567834973335266,1827.655029296875,1420.79833984375,1836.639404296875,1443.09619140625,1832.147216796875,1431.947265625,8.984375,22.2978515625
IMG_0043.mp4,806,26.893533333333334,29.97002997002997,170,1,traffic_lights,0.8919408917427063,2133.567138671875,1145.4239501953125,2197.2177734375,1275.2650146484375,2165.3924560546875,1210.344482421875,63.650634765625,129.841064453125
IMG_0043.mp4,806,26.893533333333334,29.97002997002997,176,1,traffic_lights,0.9041797518730164,1989.9271240234375,1157.388916015625,2041.4581298828125,1271.3272705078125,2015.692626953125,1214.3580932617188,51.531005859375,113.9383544921875
IMG_0043.mp4,807,26.9269,29.97002997002997,164,1,traffic_lights,0.7572648525238037,2045.834228515625,1077.7083740234375,2107.881103515625,1263.9381103515625,2076.857666015625,1170.8232421875,62.046875,186.229736328125
IMG_0043.mp4,807,26.9269,29.97002997002997,150,2,traffic_signs,0.7177472114562988,2165.464599609375,1446.8004150390625,2236.06396484375,1526.33935546875,2200.7642822265625,1486.5698852539062,70.599365234375,79.5389404296875
IMG_0043.mp4,807,26.9269,29.97002997002997,237,1,traffic_lights,0.7373666763305664,1423.8167724609375,1200.9647216796875,1447.1075439453125,1256.2672119140625,1435.462158203125,1228.615966796875,23.290771484375,55.302490234375
IMG_0043.mp4,807,26.9269,29.97002997002997,277,2,traffic_signs,0.6845987439155579,1807.1156005859375,1442.925048828125,1820.5250244140625,1472.1436767578125,1813.8203125,1457.5343627929688,13.409423828125,29.2186279296875
IMG_0043.mp4,807,26.9269,29.97002997002997,147,2,traffic_signs,0.5035352110862732,1198.99658203125,1338.143310546875,1226.8763427734375,1370.4144287109375,1212.9364624023438,1354.2788696289062,27.8797607421875,32.2711181640625
IMG_0043.mp4,807,26.9269,29.97002997002997,273,2,traffic_signs,0.5841469764709473,1827.781494140625,1420.6058349609375,1836.522705078125,1443.5733642578125,1832.152099609375,1432.089599609375,8.7412109375,22.967529296875
IMG_0043.mp4,807,26.9269,29.97002997002997,170,1,traffic_lights,0.9007179737091064,2132.9345703125,1146.4984130859375,2199.86962890625,1275.588134765625,2166.402099609375,1211.0432739257812,66.93505859375,129.0897216796875
IMG_0043.mp4,807,26.9269,29.97002997002997,176,1,traffic_lights,0.9040990471839905,1989.25439453125,1157.2265625,2041.70556640625,1271.505615234375,2015.47998046875,1214.3660888671875,52.451171875,114.279052734375
IMG_0043.mp4,807,26.9269,29.97002997002997,206,1,traffic_lights,0.6738888621330261,2423.51025390625,1325.79296875,2452.368896484375,1356.165771484375,2437.9395751953125,1340.9793701171875,28.858642578125,30.372802734375
IMG_0043.mp4,808,26.960266666666666,29.97002997002997,164,1,traffic_lights,0.8542304635047913,2045.48291015625,1076.1190185546875,2107.718994140625,1263.0968017578125,2076.6009521484375,1169.60791015625,62.236083984375,186.977783203125
IMG_0043.mp4,808,26.960266666666666,29.97002997002997,150,2,traffic_signs,0.4054025113582611,2165.295166015625,1446.5350341796875,2236.35205078125,1526.0108642578125,2200.8236083984375,1486.27294921875,71.056884765625,79.475830078125
IMG_0043.mp4,808,26.960266666666666,29.97002997002997,237,1,traffic_lights,0.6442277431488037,1423.5751953125,1200.78759765625,1447.1976318359375,1255.3250732421875,1435.3864135742188,1228.0563354492188,23.6224365234375,54.5374755859375
IMG_0043.mp4,808,26.960266666666666,29.97002997002997,277,2,traffic_signs,0.6577160358428955,1807.359130859375,1443.12353515625,1820.45458984375,1472.6083984375,1813.9068603515625,1457.865966796875,13.095458984375,29.48486328125
IMG_0043.mp4,808,26.960266666666666,29.97002997002997,147,2,traffic_signs,0.44926097989082336,1199.76708984375,1338.0855712890625,1226.8155517578125,1370.1903076171875,1213.2913208007812,1354.137939453125,27.0484619140625,32.104736328125
IMG_0043.mp4,808,26.960266666666666,29.97002997002997,273,2,traffic_signs,0.5880544781684875,1827.9454345703125,1420.763671875,1836.4478759765625,1443.7940673828125,1832.1966552734375,1432.2788696289062,8.50244140625,23.0303955078125
IMG_0043.mp4,808,26.960266666666666,29.97002997002997,170,1,traffic_lights,0.9045092463493347,2132.513427734375,1146.7623291015625,2200.60302734375,1275.344482421875,2166.5582275390625,1211.0534057617188,68.089599609375,128.5821533203125
IMG_0043.mp4,808,26.960266666666666,29.97002997002997,176,1,traffic_lights,0.9000899791717529,1988.702392578125,1157.2862548828125,2041.608154296875,1271.550048828125,2015.1552734375,1214.4181518554688,52.90576171875,114.2637939453125
IMG_0043.mp4,808,26.960266666666666,29.97002997002997,206,1,traffic_lights,0.6905994415283203,2423.679443359375,1325.4156494140625,2453.00537109375,1355.6666259765625,2438.3424072265625,1340.5411376953125,29.325927734375,30.2509765625
IMG_0043.mp4,809,26.993633333333335,29.97002997002997,164,1,traffic_lights,0.625087320804596,2045.099853515625,1075.2078857421875,2107.287109375,1262.9957275390625,2076.1934814453125,1169.101806640625,62.187255859375,187.787841796875
IMG_0043.mp4,809,26.993633333333335,29.97002997002997,150,2,traffic_signs,0.8204351663589478,2165.10498046875,1446.5399169921875,2236.118408203125,1526.0638427734375,2200.6116943359375,1486.3018798828125,71.013427734375,79.52392578125
IMG_0043.mp4,809,26.993633333333335,29.97002997002997,237,1,traffic_lights,0.7780948877334595,1423.095458984375,1200.8995361328125,1447.0299072265625,1255.4661865234375,1435.0626831054688,1228.182861328125,23.9344482421875,54.566650390625
IMG_0043.mp4,809,26.993633333333335,29.97002997002997,277,2,traffic_signs,0.6821475028991699,1807.093994140625,1442.997802734375,1820.554443359375,1472.7684326171875,1813.82421875,1457.8831176757812,13.46044921875,29.7706298828125
IMG_0043.mp4,809,26.993633333333335,29.97002997002997,147,2,traffic_signs,0.38873007893562317,1199.4967041015625,1338.0426025390625,1226.5445556640625,1369.88818359375,1213.0206298828125,1353.9653930664062,27.0478515625,31.8455810546875
IMG_0043.mp4,809,26.993633333333335,29.97002997002997,273,2,traffic_signs,0.5713473558425903,1827.6842041015625,1420.53662109375,1836.2225341796875,1443.9014892578125,1831.953369140625,1432.2190551757812,8.538330078125,23.3648681640625
IMG_0043.mp4,809,26.993633333333335,29.97002997002997,170,1,traffic_lights,0.9038544297218323,2132.22216796875,1146.6146240234375,2200.73974609375,1275.0264892578125,2166.48095703125,1210.820556640625,68.517578125,128.411865234375
IMG_0043.mp4,809,26.993633333333335,29.97002997002997,176,1,traffic_lights,0.8985410928726196,1988.2589111328125,1157.4052734375,2040.9202880859375,1271.2520751953125,2014.589599609375,1214.3286743164062,52.661376953125,113.8468017578125
IMG_0043.mp4,809,26.993633333333335,29.97002997002997,206,1,traffic_lights,0.7289458513259888,2423.78955078125,1325.0711669921875,2453.36767578125,1355.92333984375,2438.57861328125,1340.4972534179688,29.578125,30.8521728515625
IMG_0043.mp4,810,27.027,29.97002997002997,164,1,traffic_lights,0.6196349263191223,2045.4754638671875,1076.290283203125,2106.80908203125,1263.9066162109375,2076.1422729492188,1170.0984497070312,61.3336181640625,187.6163330078125
IMG_0043.mp4,810,27.027,29.97002997002997,150,2,traffic_signs,0.9048902988433838,2164.7138671875,1446.526123046875,2235.6240234375,1526.1553955078125,2200.1689453125,1486.3407592773438,70.91015625,79.6292724609375
IMG_0043.mp4,810,27.027,29.97002997002997,237,1,traffic_lights,0.81077641248703,1423.246337890625,1200.8795166015625,1446.85400390625,1257.0386962890625,1435.0501708984375,1228.9591064453125,23.607666015625,56.1591796875
IMG_0043.mp4,810,27.027,29.97002997002997,277,2,traffic_signs,0.7007496356964111,1806.928466796875,1443.0760498046875,1820.7694091796875,1472.930419921875,1813.8489379882812,1458.0032348632812,13.8409423828125,29.8543701171875
IMG_0043.mp4,810,27.027,29.97002997002997,147,2,traffic_signs,0.5203661322593689,1199.7545166015625,1338.150634765625,1227.212890625,1370.4552001953125,1213.4837036132812,1354.3029174804688,27.4583740234375,32.3045654296875
IMG_0043.mp4,810,27.027,29.97002997002997,273,2,traffic_signs,0.5337852835655212,1827.4251708984375,1420.5821533203125,1836.1212158203125,1444.0595703125,1831.773193359375,1432.3208618164062,8.696044921875,23.4774169921875
IMG_0043.mp4,810,27.027,29.97002997002997,170,1,traffic_lights,0.9045331478118896,2132.368896484375,1146.4488525390625,2200.31982421875,1274.78662109375,2166.3443603515625,1210.6177368164062,67.950927734375,128.3377685546875
IMG_0043.mp4,810,27.027,29.97002997002997,176,1,traffic_lights,0.9006286263465881,1988.057373046875,1157.4921875,2040.5291748046875,1271.2501220703125,2014.2932739257812,1214.3711547851562,52.4718017578125,113.7579345703125
IMG_0043.mp4,810,27.027,29.97002997002997,206,1,traffic_lights,0.7185224294662476,2423.905517578125,1325.1815185546875,2453.131103515625,1356.3056640625,2438.518310546875,1340.7435913085938,29.2255859375,31.1241455078125
IMG_0043.mp4,810,27.027,29.97002997002997,291,1,traffic_lights,0.3528628945350647,2045.6824951171875,1075.9832763671875,2107.0126953125,1263.7227783203125,2076.3475952148438,1169.85302734375,61.3302001953125,187.739501953125
IMG_0043.mp4,811,27.060366666666667,29.97002997002997,164,1,traffic_lights,0.46477484703063965,2045.5584716796875,1076.6392822265625,2106.40576171875,1264.3277587890625,2075.9821166992188,1170.4835205078125,60.8472900390625,187.6884765625
IMG_0043.mp4,811,27.060366666666667,29.97002997002997,150,2,traffic_signs,0.929353654384613,2164.19189453125,1446.4471435546875,2235.318603515625,1525.9942626953125,2199.7552490234375,1486.220703125,71.126708984375,79.547119140625
IMG_0043.mp4,811,27.060366666666667,29.97002997002997,237,1,traffic_lights,0.7600279450416565,1423.3189697265625,1201.194580078125,1446.5821533203125,1257.7239990234375,1434.9505615234375,1229.4592895507812,23.26318359375,56.5294189453125
IMG_0043.mp4,811,27.060366666666667,29.97002997002997,277,2,traffic_signs,0.6971022486686707,1807.0362548828125,1442.9473876953125,1820.87451171875,1472.8837890625,1813.9553833007812,1457.9155883789062,13.8382568359375,29.9364013671875
IMG_0043.mp4,811,27.060366666666667,29.97002997002997,273,2,traffic_signs,0.554913341999054,1827.357666015625,1420.2763671875,1836.0599365234375,1443.559814453125,1831.7088012695312,1431.9180908203125,8.7022705078125,23.283447265625
IMG_0043.mp4,811,27.060366666666667,29.97002997002997,170,1,traffic_lights,0.9054037928581238,2132.355712890625,1146.31640625,2199.9150390625,1274.686279296875,2166.1353759765625,1210.5013427734375,67.559326171875,128.369873046875
IMG_0043.mp4,811,27.060366666666667,29.97002997002997,176,1,traffic_lights,0.8989241123199463,1987.86962890625,1157.316650390625,2040.26318359375,1271.1842041015625,2014.06640625,1214.2504272460938,52.3935546875,113.8675537109375
IMG_0043.mp4,811,27.060366666666667,29.97002997002997,206,1,traffic_lights,0.7684112191200256,2423.776123046875,1324.2271728515625,2452.4404296875,1355.5987548828125,2438.1082763671875,1339.9129638671875,28.664306640625,31.37158203125
IMG_0043.mp4,811,27.060366666666667,29.97002997002997,291,1,traffic_lights,0.5058515071868896,2045.4403076171875,1076.8377685546875,2106.63037109375,1263.7410888671875,2076.0353393554688,1170.2894287109375,61.1900634765625,186.9033203125
IMG_0043.mp4,812,27.093733333333333,29.97002997002997,150,2,traffic_signs,0.6166560649871826,2165.0048828125,1446.8004150390625,2234.779541015625,1526.160888671875,2199.8922119140625,1486.4806518554688,69.774658203125,79.3604736328125
IMG_0043.mp4,812,27.093733333333333,29.97002997002997,277,2,traffic_signs,0.6661747097969055,1807.16650390625,1442.6798095703125,1820.7877197265625,1472.48876953125,1813.9771118164062,1457.5842895507812,13.6212158203125,29.8089599609375
IMG_0043.mp4,812,27.093733333333333,29.97002997002997,273,2,traffic_signs,0.6564772129058838,1827.2762451171875,1420.4073486328125,1836.511962890625,1443.053466796875,1831.8941040039062,1431.7304077148438,9.2357177734375,22.6461181640625
IMG_0043.mp4,812,27.093733333333333,29.97002997002997,170,1,traffic_lights,0.9039921760559082,2132.6337890625,1146.7840576171875,2199.58984375,1274.47705078125,2166.11181640625,1210.6305541992188,66.9560546875,127.6929931640625
IMG_0043.mp4,812,27.093733333333333,29.97002997002997,176,1,traffic_lights,0.8947803378105164,1987.7197265625,1157.7159423828125,2040.02587890625,1270.8834228515625,2013.872802734375,1214.2996826171875,52.30615234375,113.16748046875
IMG_0043.mp4,812,27.093733333333333,29.97002997002997,206,1,traffic_lights,0.7168349623680115,2422.43798828125,1323.4151611328125,2451.173828125,1354.5003662109375,2436.805908203125,1338.957763671875,28.73583984375,31.085205078125
IMG_0043.mp4,812,27.093733333333333,29.97002997002997,147,2,traffic_signs,0.6362425684928894,1201.4044189453125,1338.6884765625,1227.7591552734375,1370.43359375,1214.581787109375,1354.56103515625,26.354736328125,31.7451171875
IMG_0043.mp4,813,27.127100000000002,29.97002997002997,150,2,traffic_signs,0.9286122918128967,2165.202880859375,1447.01953125,2234.7412109375,1525.9476318359375,2199.9720458984375,1486.4835815429688,69.538330078125,78.9281005859375
IMG_0043.mp4,813,27.127100000000002,29.97002997002997,206,1,traffic_lights,0.7455804347991943,2421.908935546875,1323.4505615234375,2452.428955078125,1355.2808837890625,2437.1689453125,1339.36572265625,30.52001953125,31.830322265625
IMG_0043.mp4,813,27.127100000000002,29.97002997002997,147,2,traffic_signs,0.6110146045684814,1200.8026123046875,1338.467529296875,1226.482421875,1370.8670654296875,1213.6425170898438,1354.6672973632812,25.6798095703125,32.3995361328125
IMG_0043.mp4,813,27.127100000000002,29.97002997002997,237,1,traffic_lights,0.3384336233139038,1423.272216796875,1201.7054443359375,1445.8660888671875,1256.8311767578125,1434.5691528320312,1229.268310546875,22.5938720703125,55.125732421875
IMG_0043.mp4,814,27.160466666666668,29.97002997002997,147,2,traffic_signs,0.6084743142127991,1200.656494140625,1339.145751953125,1226.597900390625,1370.50341796875,1213.627197265625,1354.8245849609375,25.94140625,31.357666015625
IMG_0043.mp4,814,27.160466666666668,29.97002997002997,237,1,traffic_lights,0.7798944115638733,1423.3436279296875,1201.7427978515625,1445.4967041015625,1257.2352294921875,1434.420166015625,1229.489013671875,22.153076171875,55.492431640625
IMG_0043.mp4,814,27.160466666666668,29.97002997002997,164,1,traffic_lights,0.6882337331771851,2044.3995361328125,1075.8670654296875,2106.240478515625,1264.812255859375,2075.3200073242188,1170.3396606445312,61.8409423828125,188.9451904296875
IMG_0043.mp4,814,27.160466666666668,29.97002997002997,170,1,traffic_lights,0.7691633701324463,2132.0908203125,1145.62060546875,2201.100341796875,1272.15185546875,2166.5955810546875,1208.88623046875,69.009521484375,126.53125
IMG_0043.mp4,814,27.160466666666668,29.97002997002997,176,1,traffic_lights,0.8800515532493591,1987.1123046875,1158.3087158203125,2040.0439453125,1269.904052734375,2013.578125,1214.1063842773438,52.931640625,111.5953369140625
IMG_0043.mp4,815,27.193833333333334,29.97002997002997,147,2,traffic_signs,0.5975374579429626,1199.90185546875,1339.5484619140625,1226.3538818359375,1370.829345703125,1213.1278686523438,1355.1889038085938,26.4520263671875,31.2808837890625
IMG_0043.mp4,815,27.193833333333334,29.97002997002997,237,1,traffic_lights,0.8236623406410217,1423.5546875,1201.851806640625,1444.9674072265625,1258.0950927734375,1434.2610473632812,1229.9734497070312,21.4127197265625,56.2432861328125
IMG_0043.mp4,815,27.193833333333334,29.97002997002997,164,1,traffic_lights,0.4554623067378998,2044.6258544921875,1076.5797119140625,2105.974609375,1262.823974609375,2075.3002319335938,1169.7018432617188,61.3487548828125,186.2442626953125
IMG_0043.mp4,815,27.193833333333334,29.97002997002997,170,1,traffic_lights,0.9022162556648254,2132.65283203125,1146.12548828125,2200.5517578125,1272.9818115234375,2166.602294921875,1209.5536499023438,67.89892578125,126.8563232421875
IMG_0043.mp4,815,27.193833333333334,29.97002997002997,176,1,traffic_lights,0.894022524356842,1987.6414794921875,1157.951904296875,2040.110107421875,1270.736572265625,2013.8757934570312,1214.34423828125,52.4686279296875,112.78466796875
IMG_0043.mp4,815,27.193833333333334,29.97002997002997,277,2,traffic_signs,0.6808653473854065,1806.257568359375,1443.0318603515625,1820.935546875,1471.8033447265625,1813.5965576171875,1457.4176025390625,14.677978515625,28.771484375
IMG_0043.mp4,815,27.193833333333334,29.97002997002997,273,2,traffic_signs,0.5226999521255493,1827.3092041015625,1420.70458984375,1836.347412109375,1442.2705078125,1831.8283081054688,1431.487548828125,9.0382080078125,21.56591796875
IMG_0043.mp4,815,27.193833333333334,29.97002997002997,150,2,traffic_signs,0.9146270155906677,2164.857421875,1447.4078369140625,2235.06298828125,1525.9866943359375,2199.960205078125,1486.697265625,70.20556640625,78.578857421875
IMG_0043.mp4,815,27.193833333333334,29.97002997002997,206,1,traffic_lights,0.7865945100784302,2422.85546875,1323.9903564453125,2453.572509765625,1354.558349609375,2438.2139892578125,1339.2743530273438,30.717041015625,30.5679931640625
IMG_0043.mp4,816,27.2272,29.97002997002997,147,2,traffic_signs,0.5252018570899963,1200.726318359375,1339.5081787109375,1226.1549072265625,1370.6195068359375,1213.4406127929688,1355.0638427734375,25.4285888671875,31.111328125
IMG_0043.mp4,816,27.2272,29.97002997002997,237,1,traffic_lights,0.856401801109314,1423.6744384765625,1201.78857421875,1444.5966796875,1258.322265625,1434.1355590820312,1230.055419921875,20.9222412109375,56.53369140625
IMG_0043.mp4,816,27.2272,29.97002997002997,164,1,traffic_lights,0.6712788343429565,2045.0325927734375,1075.3072509765625,2106.123046875,1263.0819091796875,2075.5778198242188,1169.194580078125,61.0904541015625,187.774658203125
IMG_0043.mp4,816,27.2272,29.97002997002997,170,1,traffic_lights,0.9036346673965454,2133.076171875,1146.57421875,2200.538330078125,1273.4246826171875,2166.8072509765625,1209.9994506835938,67.462158203125,126.8504638671875
IMG_0043.mp4,816,27.2272,29.97002997002997,176,1,traffic_lights,0.8979794383049011,1987.9580078125,1157.5013427734375,2040.3553466796875,1271.4207763671875,2014.1566772460938,1214.4610595703125,52.3973388671875,113.91943359375
IMG_0043.mp4,816,27.2272,29.97002997002997,277,2,traffic_signs,0.7056313157081604,1805.9754638671875,1443.2978515625,1820.8265380859375,1472.1561279296875,1813.4010009765625,1457.7269897460938,14.85107421875,28.8582763671875
IMG_0043.mp4,816,27.2272,29.97002997002997,273,2,traffic_signs,0.5546919107437134,1827.4276123046875,1420.97314453125,1836.347900390625,1442.6971435546875,1831.8877563476562,1431.8351440429688,8.9202880859375,21.7239990234375
IMG_0043.mp4,816,27.2272,29.97002997002997,150,2,traffic_signs,0.9231785535812378,2164.669189453125,1447.425537109375,2235.6513671875,1526.5067138671875,2200.1602783203125,1486.9661254882812,70.982177734375,79.0811767578125
IMG_0043.mp4,816,27.2272,29.97002997002997,206,1,traffic_lights,0.7804917693138123,2423.599853515625,1324.653564453125,2453.68359375,1355.319091796875,2438.6417236328125,1339.986328125,30.083740234375,30.66552734375
IMG_0043.mp4,817,27.260566666666666,29.97002997002997,147,2,traffic_signs,0.5531976819038391,1200.702392578125,1339.3914794921875,1225.8267822265625,1370.1533203125,1213.2645874023438,1354.7723999023438,25.1243896484375,30.7618408203125
IMG_0043.mp4,817,27.260566666666666,29.97002997002997,237,1,traffic_lights,0.856816828250885,1423.8699951171875,1201.7440185546875,1444.4146728515625,1258.0125732421875,1434.142333984375,1229.8782958984375,20.544677734375,56.2685546875
IMG_0043.mp4,817,27.260566666666666,29.97002997002997,164,1,traffic_lights,0.8251176476478577,2045.1090087890625,1075.233642578125,2106.010009765625,1262.82373046875,2075.5595092773438,1169.0286865234375,60.9010009765625,187.590087890625
IMG_0043.mp4,817,27.260566666666666,29.97002997002997,170,1,traffic_lights,0.903091549873352,2133.115234375,1146.5694580078125,2200.369384765625,1273.5379638671875,2166.7423095703125,1210.0537109375,67.254150390625,126.968505859375
IMG_0043.mp4,817,27.260566666666666,29.97002997002997,176,1,traffic_lights,0.89634770154953,1988.0804443359375,1157.2669677734375,2040.4644775390625,1271.6357421875,2014.2724609375,1214.4513549804688,52.384033203125,114.3687744140625
IMG_0043.mp4,817,27.260566666666666,29.97002997002997,277,2,traffic_signs,0.6988198161125183,1805.9290771484375,1443.5628662109375,1820.778564453125,1472.0303955078125,1813.3538208007812,1457.796630859375,14.8494873046875,28.467529296875
IMG_0043.mp4,817,27.260566666666666,29.97002997002997,273,2,traffic_signs,0.5783823728561401,1827.389404296875,1421.052978515625,1836.1927490234375,1442.653564453125,1831.7910766601562,1431.853271484375,8.8033447265625,21.6005859375
IMG_0043.mp4,817,27.260566666666666,29.97002997002997,150,2,traffic_signs,0.928299605846405,2164.187744140625,1447.16748046875,2235.748779296875,1526.526123046875,2199.96826171875,1486.8468017578125,71.56103515625,79.358642578125
IMG_0043.mp4,817,27.260566666666666,29.97002997002997,206,1,traffic_lights,0.7588161826133728,2423.145751953125,1324.7633056640625,2452.89111328125,1355.61865234375,2438.0184326171875,1340.1909790039062,29.745361328125,30.8553466796875
IMG_0043.mp4,818,27.293933333333335,29.97002997002997,147,2,traffic_signs,0.5429714322090149,1200.441650390625,1339.2264404296875,1226.1654052734375,1370.111328125,1213.3035278320312,1354.6688842773438,25.7237548828125,30.8848876953125
IMG_0043.mp4,818,27.293933333333335,29.97002997002997,237,1,traffic_lights,0.8608488440513611,1424.215576171875,1201.65576171875,1444.5909423828125,1257.6529541015625,1434.4032592773438,1229.6543579101562,20.3753662109375,55.9971923828125
IMG_0043.mp4,818,27.293933333333335,29.97002997002997,164,1,traffic_lights,0.8983400464057922,2045.390625,1073.6041259765625,2106.26611328125,1262.8133544921875,2075.828369140625,1168.208740234375,60.87548828125,189.209228515625
IMG_0043.mp4,818,27.293933333333335,29.97002997002997,170,1,traffic_lights,0.9001093506813049,2133.0087890625,1146.5826416015625,2200.45166015625,1273.270751953125,2166.730224609375,1209.9266967773438,67.44287109375,126.6881103515625
IMG_0043.mp4,818,27.293933333333335,29.97002997002997,176,1,traffic_lights,0.8971457481384277,1988.073486328125,1157.2763671875,2040.685791015625,1271.9876708984375,2014.379638671875,1214.6320190429688,52.6123046875,114.7113037109375
IMG_0043.mp4,818,27.293933333333335,29.97002997002997,277,2,traffic_signs,0.6970255970954895,1806.0135498046875,1443.602783203125,1820.857177734375,1472.074951171875,1813.4353637695312,1457.8388671875,14.8436279296875,28.47216796875
IMG_0043.mp4,818,27.293933333333335,29.97002997002997,273,2,traffic_signs,0.58586585521698,1827.34130859375,1420.7657470703125,1836.14453125,1442.655029296875,1831.742919921875,1431.7103881835938,8.80322265625,21.8892822265625
IMG_0043.mp4,818,27.293933333333335,29.97002997002997,150,2,traffic_signs,0.926171064376831,2163.9794921875,1447.0787353515625,2235.5703125,1526.575439453125,2199.77490234375,1486.8270874023438,71.5908203125,79.4967041015625
IMG_0043.mp4,818,27.293933333333335,29.97002997002997,206,1,traffic_lights,0.7622895240783691,2423.03662109375,1324.705810546875,2451.930908203125,1355.4454345703125,2437.4837646484375,1340.0756225585938,28.894287109375,30.7396240234375
IMG_0043.mp4,819,27.3273,29.97002997002997,147,2,traffic_signs,0.5223754048347473,1200.5279541015625,1339.0167236328125,1226.682861328125,1370.070556640625,1213.6054077148438,1354.5436401367188,26.1549072265625,31.0538330078125
IMG_0043.mp4,819,27.3273,29.97002997002997,237,1,traffic_lights,0.7450936436653137,1424.012939453125,1201.17138671875,1444.4268798828125,1257.37255859375,1434.2199096679688,1229.27197265625,20.4139404296875,56.201171875
IMG_0043.mp4,819,27.3273,29.97002997002997,164,1,traffic_lights,0.5693186521530151,2045.800048828125,1072.6468505859375,2106.5322265625,1263.1859130859375,2076.1661376953125,1167.9163818359375,60.732177734375,190.5390625
IMG_0043.mp4,819,27.3273,29.97002997002997,170,1,traffic_lights,0.8898191452026367,2133.743408203125,1147.49169921875,2200.6748046875,1272.893798828125,2167.2091064453125,1210.1927490234375,66.931396484375,125.402099609375
IMG_0043.mp4,819,27.3273,29.97002997002997,176,1,traffic_lights,0.8982309699058533,1988.0772705078125,1157.0887451171875,2040.525146484375,1271.806640625,2014.3012084960938,1214.4476928710938,52.4478759765625,114.7178955078125
IMG_0043.mp4,819,27.3273,29.97002997002997,277,2,traffic_signs,0.6994358897209167,1806.0308837890625,1443.09326171875,1820.86865234375,1471.8211669921875,1813.4497680664062,1457.4572143554688,14.8377685546875,28.7279052734375
IMG_0043.mp4,819,27.3273,29.97002997002997,273,2,traffic_signs,0.5961730480194092,1827.4261474609375,1420.3182373046875,1836.2935791015625,1442.4910888671875,1831.85986328125,1431.4046630859375,8.867431640625,22.1728515625
IMG_0043.mp4,819,27.3273,29.97002997002997,150,2,traffic_signs,0.9231467843055725,2163.731689453125,1446.80029296875,2235.490234375,1526.443115234375,2199.6109619140625,1486.6217041015625,71.758544921875,79.642822265625
IMG_0043.mp4,819,27.3273,29.97002997002997,206,1,traffic_lights,0.7855337262153625,2423.253662109375,1324.04931640625,2451.208251953125,1355.4422607421875,2437.23095703125,1339.7457885742188,27.95458984375,31.3929443359375
IMG_0043.mp4,819,27.3273,29.97002997002997,299,1,traffic_lights,0.40759608149528503,2048.05224609375,1073.638916015625,2106.473388671875,1263.025634765625,2077.2628173828125,1168.332275390625,58.421142578125,189.38671875
IMG_0043.mp4,820,27.360666666666667,29.97002997002997,147,2,traffic_signs,0.5193408727645874,1200.1893310546875,1339.2236328125,1227.015625,1369.98876953125,1213.6024780273438,1354.606201171875,26.8262939453125,30.76513671875
IMG_0043.mp4,820,27.360666666666667,29.97002997002997,237,1,traffic_lights,0.7356369495391846,1423.8050537109375,1201.1075439453125,1444.6197509765625,1257.0654296875,1434.21240234375,1229.0864868164062,20.814697265625,55.9578857421875
IMG_0043.mp4,820,27.360666666666667,29.97002997002997,164,1,traffic_lights,0.8821397423744202,2045.635498046875,1071.432373046875,2106.771484375,1263.70458984375,2076.2034912109375,1167.5684814453125,61.135986328125,192.272216796875
IMG_0043.mp4,820,27.360666666666667,29.97002997002997,170,1,traffic_lights,0.8987168669700623,2134.00244140625,1147.8974609375,2200.8046875,1273.0953369140625,2167.403564453125,1210.4963989257812,66.80224609375,125.1978759765625
IMG_0043.mp4,820,27.360666666666667,29.97002997002997,176,1,traffic_lights,0.8955211639404297,1988.0689697265625,1157.1495361328125,2040.2744140625,1271.72314453125,2014.1716918945312,1214.4363403320312,52.2054443359375,114.5736083984375
IMG_0043.mp4,820,27.360666666666667,29.97002997002997,277,2,traffic_signs,0.687687337398529,1805.9326171875,1442.9990234375,1820.6873779296875,1471.564208984375,1813.3099975585938,1457.2816162109375,14.7547607421875,28.565185546875
IMG_0043.mp4,820,27.360666666666667,29.97002997002997,273,2,traffic_signs,0.643180251121521,1827.6314697265625,1420.0604248046875,1836.704345703125,1442.567138671875,1832.1679077148438,1431.3137817382812,9.0728759765625,22.5067138671875
IMG_0043.mp4,820,27.360666666666667,29.97002997002997,150,2,traffic_signs,0.9254939556121826,2163.87646484375,1446.7266845703125,2235.40869140625,1526.4359130859375,2199.642578125,1486.581298828125,71.5322265625,79.709228515625
IMG_0043.mp4,820,27.360666666666667,29.97002997002997,206,1,traffic_lights,0.7925928831100464,2423.6796875,1323.9010009765625,2451.056396484375,1355.3681640625,2437.3680419921875,1339.6345825195312,27.376708984375,31.4671630859375
IMG_0043.mp4,820,27.360666666666667,29.97002997002997,299,1,traffic_lights,0.3775545358657837,2050.0546875,1068.4593505859375,2105.81982421875,1260.9566650390625,2077.937255859375,1164.7080078125,55.76513671875,192.497314453125
IMG_0043.mp4,821,27.394033333333333,29.97002997002997,147,2,traffic_signs,0.5084575414657593,1200.366943359375,1339.1861572265625,1227.2666015625,1369.8544921875,1213.8167724609375,1354.5203247070312,26.899658203125,30.6683349609375
IMG_0043.mp4,821,27.394033333333333,29.97002997002997,237,1,traffic_lights,0.7391787171363831,1423.9488525390625,1201.2725830078125,1444.524169921875,1256.202392578125,1434.2365112304688,1228.7374877929688,20.5753173828125,54.9298095703125
IMG_0043.mp4,821,27.394033333333333,29.97002997002997,164,1,traffic_lights,0.880946695804596,2045.4903564453125,1071.7884521484375,2107.06689453125,1263.1505126953125,2076.2786254882812,1167.469482421875,61.5765380859375,191.362060546875
IMG_0043.mp4,821,27.394033333333333,29.97002997002997,170,1,traffic_lights,0.9036933779716492,2133.859375,1147.370849609375,2200.91455078125,1273.69140625,2167.386962890625,1210.5311279296875,67.05517578125,126.320556640625
IMG_0043.mp4,821,27.394033333333333,29.97002997002997,176,1,traffic_lights,0.8979240655899048,1988.0982666015625,1157.1102294921875,2040.1097412109375,1271.717529296875,2014.10400390625,1214.4138793945312,52.011474609375,114.6072998046875
IMG_0043.mp4,821,27.394033333333333,29.97002997002997,277,2,traffic_signs,0.6593338251113892,1806.37451171875,1443.0369873046875,1820.5501708984375,1471.3216552734375,1813.4623413085938,1457.1793212890625,14.1756591796875,28.28466796875
IMG_0043.mp4,821,27.394033333333333,29.97002997002997,273,2,traffic_signs,0.6534090042114258,1827.967041015625,1419.4920654296875,1837.060791015625,1442.4384765625,1832.513916015625,1430.9652709960938,9.09375,22.9464111328125
IMG_0043.mp4,821,27.394033333333333,29.97002997002997,150,2,traffic_signs,0.9279196262359619,2163.80419921875,1446.605224609375,2235.590087890625,1526.2049560546875,2199.6971435546875,1486.4050903320312,71.785888671875,79.5997314453125
IMG_0043.mp4,821,27.394033333333333,29.97002997002997,206,1,traffic_lights,0.696649432182312,2424.043701171875,1324.0001220703125,2451.1396484375,1356.4464111328125,2437.5916748046875,1340.2232666015625,27.095947265625,32.4462890625
IMG_0043.mp4,821,27.394033333333333,29.97002997002997,299,1,traffic_lights,0.42018210887908936,2050.41357421875,1066.1583251953125,2105.544189453125,1259.82763671875,2077.9788818359375,1162.9929809570312,55.130615234375,193.6693115234375
IMG_0043.mp4,822,27.427400000000002,29.97002997002997,147,2,traffic_signs,0.4926615357398987,1200.185302734375,1339.0821533203125,1227.2862548828125,1370.0078125,1213.7357788085938,1354.5449829101562,27.1009521484375,30.9256591796875
IMG_0043.mp4,822,27.427400000000002,29.97002997002997,237,1,traffic_lights,0.6160679459571838,1423.838134765625,1201.5089111328125,1445.0203857421875,1256.5595703125,1434.4292602539062,1229.0342407226562,21.1822509765625,55.0506591796875
IMG_0043.mp4,822,27.427400000000002,29.97002997002997,164,1,traffic_lights,0.8830453753471375,2045.4266357421875,1072.36572265625,2107.20263671875,1262.7010498046875,2076.3146362304688,1167.5333862304688,61.7760009765625,190.3353271484375
IMG_0043.mp4,822,27.427400000000002,29.97002997002997,170,1,traffic_lights,0.9010530114173889,2133.853515625,1147.2056884765625,2201.172607421875,1273.714111328125,2167.5130615234375,1210.4598999023438,67.319091796875,126.5084228515625
IMG_0043.mp4,822,27.427400000000002,29.97002997002997,176,1,traffic_lights,0.9003402590751648,1988.0638427734375,1157.366943359375,2039.7664794921875,1271.7811279296875,2013.9151611328125,1214.5740356445312,51.70263671875,114.4141845703125
IMG_0043.mp4,822,27.427400000000002,29.97002997002997,277,2,traffic_signs,0.6372851729393005,1806.524658203125,1443.0509033203125,1820.4385986328125,1471.2022705078125,1813.4816284179688,1457.1265869140625,13.9139404296875,28.1513671875
IMG_0043.mp4,822,27.427400000000002,29.97002997002997,273,2,traffic_signs,0.6421768069267273,1828.04638671875,1419.53955078125,1837.0758056640625,1442.5203857421875,1832.5610961914062,1431.0299682617188,9.0294189453125,22.9808349609375
IMG_0043.mp4,822,27.427400000000002,29.97002997002997,150,2,traffic_signs,0.926971971988678,2163.765380859375,1446.720703125,2235.91259765625,1526.247802734375,2199.8389892578125,1486.4842529296875,72.147216796875,79.527099609375
IMG_0043.mp4,822,27.427400000000002,29.97002997002997,206,1,traffic_lights,0.6082009673118591,2424.030517578125,1324.084716796875,2451.7529296875,1357.2020263671875,2437.8917236328125,1340.6433715820312,27.722412109375,33.1173095703125
IMG_0043.mp4,822,27.427400000000002,29.97002997002997,299,1,traffic_lights,0.39930084347724915,2050.50830078125,1067.34033203125,2105.733154296875,1259.1142578125,2078.1207275390625,1163.227294921875,55.224853515625,191.77392578125
IMG_0043.mp4,823,27.460766666666668,29.97002997002997,147,2,traffic_signs,0.47729194164276123,1200.20263671875,1338.9810791015625,1227.5216064453125,1369.915283203125,1213.8621215820312,1354.4481811523438,27.3189697265625,30.9342041015625
IMG_0043.mp4,823,27.460766666666668,29.97002997002997,237,1,traffic_lights,0.43396249413490295,1423.79150390625,1201.662353515625,1445.568115234375,1256.1817626953125,1434.6798095703125,1228.9220581054688,21.776611328125,54.5194091796875
IMG_0043.mp4,823,27.460766666666668,29.97002997002997,164,1,traffic_lights,0.7946886420249939,2045.561279296875,1073.5814208984375,2106.9482421875,1262.7149658203125,2076.2547607421875,1168.148193359375,61.386962890625,189.133544921875
IMG_0043.mp4,823,27.460766666666668,29.97002997002997,170,1,traffic_lights,0.9036951661109924,2133.74560546875,1146.7679443359375,2201.08251953125,1273.6798095703125,2167.4140625,1210.223876953125,67.3369140625,126.911865234375
IMG_0043.mp4,823,27.460766666666668,29.97002997002997,176,1,traffic_lights,0.8977397084236145,1988.0765380859375,1157.4267578125,2040.0008544921875,1271.8663330078125,2014.0386962890625,1214.6465454101562,51.92431640625,114.4395751953125
IMG_0043.mp4,823,27.460766666666668,29.97002997002997,277,2,traffic_signs,0.6412690281867981,1806.3026123046875,1443.0821533203125,1820.3375244140625,1471.1695556640625,1813.320068359375,1457.1258544921875,14.034912109375,28.08740234375
IMG_0043.mp4,823,27.460766666666668,29.97002997002997,273,2,traffic_signs,0.6278424263000488,1827.9820556640625,1419.58544921875,1837.05029296875,1442.37646484375,1832.5161743164062,1430.98095703125,9.0682373046875,22.791015625
IMG_0043.mp4,823,27.460766666666668,29.97002997002997,150,2,traffic_signs,0.9254593849182129,2163.909912109375,1446.8629150390625,2235.9375,1526.3028564453125,2199.9237060546875,1486.5828857421875,72.027587890625,79.43994140625
IMG_0043.mp4,823,27.460766666666668,29.97002997002997,206,1,traffic_lights,0.6328989863395691,2424.046142578125,1323.9124755859375,2451.852294921875,1357.3814697265625,2437.94921875,1340.64697265625,27.80615234375,33.468994140625
IMG_0043.mp4,823,27.460766666666668,29.97002997002997,299,1,traffic_lights,0.3347513675689697,2050.585205078125,1069.13427734375,2105.354736328125,1259.2706298828125,2077.969970703125,1164.2024536132812,54.76953125,190.1363525390625
IMG_0043.mp4,824,27.494133333333334,29.97002997002997,147,2,traffic_signs,0.44582995772361755,1200.08935546875,1338.844970703125,1227.498046875,1369.7686767578125,1213.793701171875,1354.3068237304688,27.40869140625,30.9237060546875
IMG_0043.mp4,824,27.494133333333334,29.97002997002997,237,1,traffic_lights,0.5140031576156616,1424.1688232421875,1201.919677734375,1445.94287109375,1256.118896484375,1435.0558471679688,1229.019287109375,21.7740478515625,54.19921875
IMG_0043.mp4,824,27.494133333333334,29.97002997002997,164,1,traffic_lights,0.8990960121154785,2045.6112060546875,1074.181884765625,2106.890625,1262.193359375,2076.2509155273438,1168.1876220703125,61.2794189453125,188.011474609375
IMG_0043.mp4,824,27.494133333333334,29.97002997002997,170,1,traffic_lights,0.9038652777671814,2133.6533203125,1147.0,2200.786865234375,1273.81298828125,2167.2200927734375,1210.406494140625,67.133544921875,126.81298828125
IMG_0043.mp4,824,27.494133333333334,29.97002997002997,176,1,traffic_lights,0.902470052242279,1988.0408935546875,1157.3553466796875,2040.479736328125,1272.0853271484375,2014.2603149414062,1214.7203369140625,52.4388427734375,114.72998046875
IMG_0043.mp4,824,27.494133333333334,29.97002997002997,277,2,traffic_signs,0.6358290314674377,1806.246337890625,1443.2943115234375,1820.33642578125,1471.0047607421875,1813.2913818359375,1457.1495361328125,14.090087890625,27.71044921875
IMG_0043.mp4,824,27.494133333333334,29.97002997002997,273,2,traffic_signs,0.6023151874542236,1827.9722900390625,1419.9210205078125,1836.8389892578125,1442.12548828125,1832.4056396484375,1431.0232543945312,8.86669921875,22.2044677734375
IMG_0043.mp4,824,27.494133333333334,29.97002997002997,150,2,traffic_signs,0.9153016805648804,2163.818603515625,1446.9970703125,2235.9169921875,1526.21826171875,2199.8677978515625,1486.607666015625,72.098388671875,79.22119140625
IMG_0043.mp4,824,27.494133333333334,29.97002997002997,206,1,traffic_lights,0.6317862272262573,2423.92626953125,1323.7718505859375,2451.962646484375,1357.16796875,2437.9444580078125,1340.4699096679688,28.036376953125,33.3961181640625
IMG_0043.mp4,824,27.494133333333334,29.97002997002997,299,1,traffic_lights,0.2631567120552063,2050.700439453125,1070.764892578125,2105.189697265625,1258.7523193359375,2077.945068359375,1164.7586059570312,54.4892578125,187.9874267578125
IMG_0043.mp4,825,27.5275,29.97002997002997,147,2,traffic_signs,0.3972693681716919,1199.6500244140625,1338.6510009765625,1227.1043701171875,1369.4990234375,1213.377197265625,1354.0750122070312,27.454345703125,30.8480224609375
IMG_0043.mp4,825,27.5275,29.97002997002997,237,1,traffic_lights,0.5388159155845642,1424.0762939453125,1201.9716796875,1445.9566650390625,1256.064453125,1435.0164794921875,1229.01806640625,21.88037109375,54.0927734375
IMG_0043.mp4,825,27.5275,29.97002997002997,164,1,traffic_lights,0.7963597178459167,2045.71923828125,1074.4393310546875,2106.870361328125,1262.458251953125,2076.2947998046875,1168.4487915039062,61.151123046875,188.0189208984375
IMG_0043.mp4,825,27.5275,29.97002997002997,170,1,traffic_lights,0.903361439704895,2133.57373046875,1146.94775390625,2200.564453125,1274.03662109375,2167.069091796875,1210.4921875,66.99072265625,127.0888671875
IMG_0043.mp4,825,27.5275,29.97002997002997,176,1,traffic_lights,0.9022830724716187,1987.8690185546875,1157.5302734375,2040.2415771484375,1271.9908447265625,2014.0552978515625,1214.7605590820312,52.37255859375,114.4605712890625
IMG_0043.mp4,825,27.5275,29.97002997002997,277,2,traffic_signs,0.6305052042007446,1806.1612548828125,1443.4462890625,1820.2352294921875,1470.7830810546875,1813.1982421875,1457.1146850585938,14.073974609375,27.3367919921875
IMG_0043.mp4,825,27.5275,29.97002997002997,273,2,traffic_signs,0.6030699014663696,1827.76416015625,1420.038818359375,1836.6536865234375,1442.0699462890625,1832.2089233398438,1431.0543823242188,8.8895263671875,22.0311279296875
IMG_0043.mp4,825,27.5275,29.97002997002997,150,2,traffic_signs,0.8843401074409485,2163.84716796875,1446.869384765625,2235.892822265625,1526.3548583984375,2199.8699951171875,1486.6121215820312,72.045654296875,79.4854736328125
IMG_0043.mp4,825,27.5275,29.97002997002997,206,1,traffic_lights,0.6208257079124451,2423.88525390625,1323.356689453125,2452.093994140625,1357.0206298828125,2437.9896240234375,1340.1886596679688,28.208740234375,33.6639404296875
IMG_0043.mp4,825,27.5275,29.97002997002997,299,1,traffic_lights,0.253658652305603,2050.84521484375,1071.44873046875,2105.16650390625,1258.8076171875,2078.005859375,1165.128173828125,54.3212890625,187.35888671875
IMG_0043.mp4,826,27.560866666666666,29.97002997002997,147,2,traffic_signs,0.4143299162387848,1199.3980712890625,1338.856689453125,1227.932861328125,1369.7882080078125,1213.6654663085938,1354.3224487304688,28.5347900390625,30.9315185546875
IMG_0043.mp4,826,27.560866666666666,29.97002997002997,237,1,traffic_lights,0.5280010104179382,1424.1424560546875,1202.1378173828125,1446.2247314453125,1256.1058349609375,1435.18359375,1229.121826171875,22.082275390625,53.968017578125
IMG_0043.mp4,826,27.560866666666666,29.97002997002997,164,1,traffic_lights,0.588676929473877,2045.1180419921875,1073.987548828125,2106.986083984375,1263.626953125,2076.0520629882812,1168.8072509765625,61.8680419921875,189.639404296875
IMG_0043.mp4,826,27.560866666666666,29.97002997002997,170,1,traffic_lights,0.9062595963478088,2133.493408203125,1147.10986328125,2200.197998046875,1274.1717529296875,2166.845703125,1210.6408081054688,66.70458984375,127.0618896484375
IMG_0043.mp4,826,27.560866666666666,29.97002997002997,176,1,traffic_lights,0.9040467143058777,1987.8074951171875,1157.7637939453125,2040.4110107421875,1272.1009521484375,2014.1092529296875,1214.932373046875,52.603515625,114.337158203125
IMG_0043.mp4,826,27.560866666666666,29.97002997002997,277,2,traffic_signs,0.6238832473754883,1806.2249755859375,1443.40234375,1820.3087158203125,1470.5338134765625,1813.266845703125,1456.9680786132812,14.083740234375,27.1314697265625
IMG_0043.mp4,826,27.560866666666666,29.97002997002997,273,2,traffic_signs,0.5989308953285217,1827.7626953125,1419.875244140625,1836.705810546875,1441.8843994140625,1832.2342529296875,1430.8798217773438,8.943115234375,22.0091552734375
IMG_0043.mp4,826,27.560866666666666,29.97002997002997,150,2,traffic_signs,0.7288534641265869,2163.796875,1446.7554931640625,2235.845703125,1526.1903076171875,2199.8212890625,1486.472900390625,72.048828125,79.434814453125
IMG_0043.mp4,826,27.560866666666666,29.97002997002997,206,1,traffic_lights,0.6343864798545837,2423.246337890625,1322.867919921875,2451.700439453125,1356.2427978515625,2437.473388671875,1339.5553588867188,28.4541015625,33.3748779296875
IMG_0043.mp4,826,27.560866666666666,29.97002997002997,299,1,traffic_lights,0.339759886264801,2047.460693359375,1074.93212890625,2106.284912109375,1262.4100341796875,2076.872802734375,1168.6710815429688,58.82421875,187.4779052734375
IMG_0043.mp4,827,27.594233333333335,29.97002997002997,147,2,traffic_signs,0.4299943745136261,1199.3131103515625,1339.0009765625,1228.4371337890625,1369.98828125,1213.8751220703125,1354.49462890625,29.1240234375,30.9873046875
IMG_0043.mp4,827,27.594233333333335,29.97002997002997,237,1,traffic_lights,0.5066905617713928,1423.9229736328125,1202.3524169921875,1446.2418212890625,1256.5101318359375,1435.0823974609375,1229.4312744140625,22.31884765625,54.15771484375
IMG_0043.mp4,827,27.594233333333335,29.97002997002997,164,1,traffic_lights,0.5564563274383545,2045.6239013671875,1074.8226318359375,2107.132080078125,1263.879150390625,2076.3779907226562,1169.3508911132812,61.5081787109375,189.0565185546875
IMG_0043.mp4,827,27.594233333333335,29.97002997002997,170,1,traffic_lights,0.9081989526748657,2133.607421875,1147.4788818359375,2199.86767578125,1274.058837890625,2166.737548828125,1210.7688598632812,66.26025390625,126.5799560546875
IMG_0043.mp4,827,27.594233333333335,29.97002997002997,176,1,traffic_lights,0.9013296365737915,1987.9766845703125,1158.5390625,2039.598388671875,1271.576416015625,2013.7875366210938,1215.0577392578125,51.6217041015625,113.037353515625
IMG_0043.mp4,827,27.594233333333335,29.97002997002997,277,2,traffic_signs,0.6127037405967712,1806.2850341796875,1443.636962890625,1820.429443359375,1470.1522216796875,1813.3572387695312,1456.8945922851562,14.1444091796875,26.5152587890625
IMG_0043.mp4,827,27.594233333333335,29.97002997002997,273,2,traffic_signs,0.535936713218689,1827.6707763671875,1420.1094970703125,1836.49951171875,1441.723876953125,1832.0851440429688,1430.9166870117188,8.8287353515625,21.6143798828125
IMG_0043.mp4,827,27.594233333333335,29.97002997002997,150,2,traffic_signs,0.9114410281181335,2164.155029296875,1446.9036865234375,2235.6875,1526.0528564453125,2199.9212646484375,1486.478271484375,71.532470703125,79.149169921875
IMG_0043.mp4,827,27.594233333333335,29.97002997002997,206,1,traffic_lights,0.6337868571281433,2422.94677734375,1322.923095703125,2451.88671875,1355.96630859375,2437.416748046875,1339.4447021484375,28.93994140625,33.043212890625
IMG_0043.mp4,827,27.594233333333335,29.97002997002997,299,1,traffic_lights,0.34163621068000793,2047.1429443359375,1075.3348388671875,2106.910400390625,1263.9879150390625,2077.0266723632812,1169.661376953125,59.7674560546875,188.653076171875
IMG_0043.mp4,827,27.594233333333335,29.97002997002997,303,1,traffic_lights,0.32204920053482056,2050.31787109375,1072.1798095703125,2105.708251953125,1260.0435791015625,2078.0130615234375,1166.1116943359375,55.390380859375,187.86376953125
IMG_0043.mp4,828,27.6276,29.97002997002997,147,2,traffic_signs,0.532168984413147,1199.19384765625,1339.26513671875,1228.791259765625,1370.0234375,1213.9925537109375,1354.644287109375,29.597412109375,30.75830078125
IMG_0043.mp4,828,27.6276,29.97002997002997,170,1,traffic_lights,0.9039310216903687,2133.417724609375,1147.5723876953125,2200.271484375,1273.48583984375,2166.8446044921875,1210.5291137695312,66.853759765625,125.9134521484375
IMG_0043.mp4,828,27.6276,29.97002997002997,176,1,traffic_lights,0.900895357131958,1987.9075927734375,1159.00830078125,2039.7337646484375,1271.55224609375,2013.8206787109375,1215.2802734375,51.826171875,112.5439453125
IMG_0043.mp4,828,27.6276,29.97002997002997,277,2,traffic_signs,0.6225778460502625,1806.2100830078125,1443.7412109375,1820.472900390625,1469.86181640625,1813.3414916992188,1456.801513671875,14.2628173828125,26.12060546875
IMG_0043.mp4,828,27.6276,29.97002997002997,273,2,traffic_signs,0.510032057762146,1827.4725341796875,1420.1571044921875,1836.4010009765625,1441.9407958984375,1831.936767578125,1431.0489501953125,8.928466796875,21.78369140625
IMG_0043.mp4,828,27.6276,29.97002997002997,150,2,traffic_signs,0.5073644518852234,2164.6328125,1447.86181640625,2235.28857421875,1525.88037109375,2199.960693359375,1486.87109375,70.65576171875,78.0185546875
IMG_0043.mp4,828,27.6276,29.97002997002997,206,1,traffic_lights,0.33805716037750244,2421.355712890625,1323.8612060546875,2453.220703125,1355.3824462890625,2437.2882080078125,1339.621826171875,31.864990234375,31.521240234375
IMG_0043.mp4,828,27.6276,29.97002997002997,304,2,traffic_signs,0.35097330808639526,1514.3377685546875,1396.2298583984375,1535.148681640625,1427.2764892578125,1524.7432250976562,1411.753173828125,20.8109130859375,31.046630859375
IMG_0043.mp4,829,27.660966666666667,29.97002997002997,147,2,traffic_signs,0.49618062376976013,1199.43310546875,1339.658447265625,1228.5435791015625,1369.7689208984375,1213.9883422851562,1354.7136840820312,29.1104736328125,30.1104736328125
IMG_0043.mp4,829,27.660966666666667,29.97002997002997,170,1,traffic_lights,0.7613590359687805,2132.8857421875,1147.0797119140625,2201.197265625,1272.40771484375,2167.04150390625,1209.7437133789062,68.3115234375,125.3280029296875
IMG_0043.mp4,829,27.660966666666667,29.97002997002997,176,1,traffic_lights,0.8578945398330688,1987.4261474609375,1159.63134765625,2039.461669921875,1270.41455078125,2013.4439086914062,1215.02294921875,52.0355224609375,110.783203125
IMG_0043.mp4,829,27.660966666666667,29.97002997002997,150,2,traffic_signs,0.7479314804077148,2162.481201171875,1460.5120849609375,2235.5244140625,1523.1134033203125,2199.0028076171875,1491.812744140625,73.043212890625,62.601318359375
IMG_0043.mp4,829,27.660966666666667,29.97002997002997,164,1,traffic_lights,0.6571120023727417,2044.312744140625,1075.8450927734375,2107.15234375,1266.6163330078125,2075.7325439453125,1171.230712890625,62.839599609375,190.771240234375
IMG_0043.mp4,830,27.694333333333333,29.97002997002997,147,2,traffic_signs,0.6170482635498047,1199.03857421875,1340.287109375,1229.103759765625,1370.497802734375,1214.0711669921875,1355.3924560546875,30.065185546875,30.210693359375
IMG_0043.mp4,830,27.694333333333333,29.97002997002997,150,2,traffic_signs,0.8182820081710815,2164.033935546875,1452.4736328125,2234.768310546875,1524.83642578125,2199.401123046875,1488.655029296875,70.734375,72.36279296875
IMG_0043.mp4,831,27.727700000000002,29.97002997002997,147,2,traffic_signs,0.5422105193138123,1197.926025390625,1340.0091552734375,1230.49169921875,1371.358642578125,1214.2088623046875,1355.6838989257812,32.565673828125,31.3494873046875
IMG_0043.mp4,831,27.727700000000002,29.97002997002997,150,2,traffic_signs,0.8294035196304321,2165.23876953125,1449.604248046875,2234.2666015625,1525.78564453125,2199.752685546875,1487.6949462890625,69.02783203125,76.181396484375
IMG_0043.mp4,831,27.727700000000002,29.97002997002997,277,2,traffic_signs,0.5561420321464539,1807.235107421875,1443.2001953125,1820.4166259765625,1470.6624755859375,1813.8258666992188,1456.9313354492188,13.1815185546875,27.4622802734375
IMG_0043.mp4,831,27.727700000000002,29.97002997002997,273,2,traffic_signs,0.6306682825088501,1828.1854248046875,1419.5416259765625,1837.5223388671875,1441.562255859375,1832.8538818359375,1430.5519409179688,9.3369140625,22.0206298828125
IMG_0043.mp4,831,27.727700000000002,29.97002997002997,206,1,traffic_lights,0.6452513337135315,2422.962646484375,1323.8133544921875,2450.989013671875,1355.8111572265625,2436.975830078125,1339.812255859375,28.0263671875,31.997802734375
IMG_0043.mp4,831,27.727700000000002,29.97002997002997,170,1,traffic_lights,0.8812688589096069,2133.643310546875,1147.532958984375,2199.735107421875,1273.4884033203125,2166.689208984375,1210.5106811523438,66.091796875,125.9554443359375
IMG_0043.mp4,831,27.727700000000002,29.97002997002997,176,1,traffic_lights,0.7558193802833557,1988.481201171875,1159.6236572265625,2039.0765380859375,1268.4210205078125,2013.7788696289062,1214.0223388671875,50.5953369140625,108.79736328125
IMG_0043.mp4,831,27.727700000000002,29.97002997002997,164,1,traffic_lights,0.8596206307411194,2045.745849609375,1078.85107421875,2107.156005859375,1262.4664306640625,2076.450927734375,1170.6587524414062,61.41015625,183.6153564453125
IMG_0043.mp4,832,27.761066666666668,29.97002997002997,150,2,traffic_signs,0.9212889075279236,2164.75439453125,1448.660888671875,2235.108154296875,1526.275390625,2199.9312744140625,1487.4681396484375,70.353759765625,77.614501953125
IMG_0043.mp4,832,27.761066666666668,29.97002997002997,277,2,traffic_signs,0.703799843788147,1806.639404296875,1443.803955078125,1820.28076171875,1471.05908203125,1813.4600830078125,1457.4315185546875,13.641357421875,27.255126953125
IMG_0043.mp4,832,27.761066666666668,29.97002997002997,273,2,traffic_signs,0.5828593373298645,1827.5517578125,1419.8458251953125,1836.6810302734375,1442.18896484375,1832.1163940429688,1431.0173950195312,9.1292724609375,22.3431396484375
IMG_0043.mp4,832,27.761066666666668,29.97002997002997,206,1,traffic_lights,0.6069112420082092,2423.087158203125,1324.26318359375,2450.420654296875,1356.7091064453125,2436.75390625,1340.4861450195312,27.33349609375,32.4459228515625
IMG_0043.mp4,832,27.761066666666668,29.97002997002997,170,1,traffic_lights,0.8986417651176453,2133.440185546875,1147.8272705078125,2199.657958984375,1274.8642578125,2166.549072265625,1211.3457641601562,66.2177734375,127.0369873046875
IMG_0043.mp4,832,27.761066666666668,29.97002997002997,176,1,traffic_lights,0.8881666660308838,1988.59423828125,1158.4639892578125,2039.7490234375,1269.967529296875,2014.171630859375,1214.2157592773438,51.15478515625,111.5035400390625
IMG_0043.mp4,832,27.761066666666668,29.97002997002997,164,1,traffic_lights,0.6288204193115234,2046.2171630859375,1077.1690673828125,2107.122314453125,1261.3470458984375,2076.6697387695312,1169.258056640625,60.9051513671875,184.177978515625
IMG_0043.mp4,832,27.761066666666668,29.97002997002997,237,1,traffic_lights,0.842324435710907,1424.2481689453125,1201.1083984375,1445.255126953125,1255.9112548828125,1434.7516479492188,1228.5098266601562,21.0069580078125,54.8028564453125
IMG_0043.mp4,833,27.794433333333334,29.97002997002997,150,2,traffic_signs,0.9267562031745911,2164.588623046875,1448.5982666015625,2235.649169921875,1526.8492431640625,2200.118896484375,1487.7237548828125,71.060546875,78.2509765625
IMG_0043.mp4,833,27.794433333333334,29.97002997002997,277,2,traffic_signs,0.7172698974609375,1805.889892578125,1443.620849609375,1820.099853515625,1471.9827880859375,1812.994873046875,1457.8018188476562,14.2099609375,28.3619384765625
IMG_0043.mp4,833,27.794433333333334,29.97002997002997,273,2,traffic_signs,0.5419675707817078,1827.359130859375,1420.090576171875,1836.379638671875,1443.1927490234375,1831.869384765625,1431.6416625976562,9.0205078125,23.1021728515625
IMG_0043.mp4,833,27.794433333333334,29.97002997002997,206,1,traffic_lights,0.6391445994377136,2423.881103515625,1325.2044677734375,2450.51123046875,1359.2611083984375,2437.1961669921875,1342.2327880859375,26.630126953125,34.056640625
IMG_0043.mp4,833,27.794433333333334,29.97002997002997,170,1,traffic_lights,0.9042991399765015,2133.561767578125,1148.1123046875,2199.99755859375,1275.1563720703125,2166.7796630859375,1211.6343383789062,66.435791015625,127.0440673828125
IMG_0043.mp4,833,27.794433333333334,29.97002997002997,176,1,traffic_lights,0.8916345238685608,1988.78857421875,1158.3853759765625,2040.177001953125,1270.967041015625,2014.4827880859375,1214.6762084960938,51.388427734375,112.5816650390625
IMG_0043.mp4,833,27.794433333333334,29.97002997002997,164,1,traffic_lights,0.5570818781852722,2047.284912109375,1080.794921875,2107.02783203125,1262.1046142578125,2077.1563720703125,1171.4497680664062,59.742919921875,181.3096923828125
IMG_0043.mp4,833,27.794433333333334,29.97002997002997,306,1,traffic_lights,0.4655480980873108,2046.922607421875,1079.25634765625,2107.189208984375,1261.861083984375,2077.055908203125,1170.5587158203125,60.2666015625,182.604736328125
IMG_0043.mp4,833,27.794433333333334,29.97002997002997,237,1,traffic_lights,0.8401835560798645,1424.011474609375,1201.863037109375,1445.0504150390625,1256.2701416015625,1434.5309448242188,1229.0665893554688,21.0389404296875,54.4071044921875
IMG_0043.mp4,833,27.794433333333334,29.97002997002997,304,2,traffic_signs,0.2748556435108185,1512.8614501953125,1395.97021484375,1533.03076171875,1433.4891357421875,1522.9461059570312,1414.7296752929688,20.1693115234375,37.5189208984375
IMG_0043.mp4,833,27.794433333333334,29.97002997002997,147,2,traffic_signs,0.6755978465080261,1197.461669921875,1338.93115234375,1228.7469482421875,1370.7939453125,1213.1043090820312,1354.862548828125,31.2852783203125,31.86279296875
IMG_0043.mp4,834,27.8278,29.97002997002997,150,2,traffic_signs,0.9254786372184753,2164.405029296875,1448.384765625,2236.041015625,1526.869384765625,2200.2230224609375,1487.6270751953125,71.635986328125,78.484619140625
IMG_0043.mp4,834,27.8278,29.97002997002997,277,2,traffic_signs,0.6997597813606262,1806.1387939453125,1443.765625,1820.138671875,1472.3189697265625,1813.1387329101562,1458.0422973632812,13.9998779296875,28.5533447265625
IMG_0043.mp4,834,27.8278,29.97002997002997,273,2,traffic_signs,0.5710970163345337,1827.406005859375,1420.478271484375,1836.0391845703125,1443.6607666015625,1831.7225952148438,1432.0695190429688,8.6331787109375,23.1824951171875
IMG_0043.mp4,834,27.8278,29.97002997002997,206,1,traffic_lights,0.6132559776306152,2424.368408203125,1326.332763671875,2450.966064453125,1359.9620361328125,2437.667236328125,1343.1473999023438,26.59765625,33.6292724609375
IMG_0043.mp4,834,27.8278,29.97002997002997,170,1,traffic_lights,0.9069559574127197,2133.3544921875,1147.8984375,2200.265869140625,1274.9300537109375,2166.8101806640625,1211.4142456054688,66.911376953125,127.0316162109375
IMG_0043.mp4,834,27.8278,29.97002997002997,176,1,traffic_lights,0.8938574194908142,1988.634033203125,1158.6683349609375,2041.0867919921875,1271.55419921875,2014.8604125976562,1215.1112670898438,52.4527587890625,112.8858642578125
IMG_0043.mp4,834,27.8278,29.97002997002997,164,1,traffic_lights,0.3050749599933624,2049.5224609375,1071.3134765625,2106.044189453125,1259.93603515625,2077.7833251953125,1165.624755859375,56.521728515625,188.62255859375
IMG_0043.mp4,834,27.8278,29.97002997002997,306,1,traffic_lights,0.8978276252746582,2046.112548828125,1076.3255615234375,2107.255859375,1260.6619873046875,2076.6842041015625,1168.4937744140625,61.143310546875,184.33642578125
IMG_0043.mp4,834,27.8278,29.97002997002997,237,1,traffic_lights,0.8368693590164185,1424.3153076171875,1202.069580078125,1445.1885986328125,1256.378662109375,1434.751953125,1229.22412109375,20.873291015625,54.30908203125
IMG_0043.mp4,834,27.8278,29.97002997002997,304,2,traffic_signs,0.3547114431858063,1513.6337890625,1395.917724609375,1533.4449462890625,1432.0198974609375,1523.5393676757812,1413.9688110351562,19.8111572265625,36.1021728515625
IMG_0043.mp4,834,27.8278,29.97002997002997,147,2,traffic_signs,0.475064218044281,1197.976806640625,1338.9495849609375,1226.6220703125,1370.84423828125,1212.2994384765625,1354.8969116210938,28.645263671875,31.8946533203125
IMG_0043.mp4,835,27.861166666666666,29.97002997002997,150,2,traffic_signs,0.926556408405304,2164.648193359375,1448.2999267578125,2236.37353515625,1526.99853515625,2200.5108642578125,1487.6492309570312,71.725341796875,78.6986083984375
IMG_0043.mp4,835,27.861166666666666,29.97002997002997,277,2,traffic_signs,0.6602960228919983,1806.2869873046875,1443.91064453125,1819.9775390625,1472.2083740234375,1813.1322631835938,1458.0595092773438,13.6905517578125,28.2977294921875
IMG_0043.mp4,835,27.861166666666666,29.97002997002997,273,2,traffic_signs,0.5752718448638916,1827.74462890625,1420.6962890625,1836.1455078125,1443.485107421875,1831.945068359375,1432.0906982421875,8.40087890625,22.788818359375
IMG_0043.mp4,835,27.861166666666666,29.97002997002997,206,1,traffic_lights,0.6902778148651123,2424.883544921875,1327.1732177734375,2451.893310546875,1360.551513671875,2438.388427734375,1343.8623657226562,27.009765625,33.3782958984375
IMG_0043.mp4,835,27.861166666666666,29.97002997002997,170,1,traffic_lights,0.908808708190918,2133.43603515625,1147.731689453125,2200.2666015625,1274.4989013671875,2166.851318359375,1211.1152954101562,66.83056640625,126.7672119140625
IMG_0043.mp4,835,27.861166666666666,29.97002997002997,176,1,traffic_lights,0.8966546654701233,1988.6334228515625,1159.126953125,2041.8243408203125,1271.726806640625,2015.2288818359375,1215.4268798828125,53.19091796875,112.599853515625
IMG_0043.mp4,835,27.861166666666666,29.97002997002997,164,1,traffic_lights,0.26971885561943054,2050.24365234375,1068.7642822265625,2105.366455078125,1258.9676513671875,2077.8050537109375,1163.865966796875,55.122802734375,190.203369140625
IMG_0043.mp4,835,27.861166666666666,29.97002997002997,306,1,traffic_lights,0.8166815042495728,2046.02392578125,1076.9205322265625,2107.333740234375,1260.527587890625,2076.6788330078125,1168.7240600585938,61.309814453125,183.6070556640625
IMG_0043.mp4,835,27.861166666666666,29.97002997002997,237,1,traffic_lights,0.8248319029808044,1424.3358154296875,1202.7098388671875,1445.2626953125,1256.599609375,1434.7992553710938,1229.6547241210938,20.9268798828125,53.8897705078125
IMG_0043.mp4,835,27.861166666666666,29.97002997002997,304,2,traffic_signs,0.33819761872291565,1513.8707275390625,1395.89990234375,1533.339111328125,1430.5596923828125,1523.6049194335938,1413.2297973632812,19.4683837890625,34.6597900390625
IMG_0043.mp4,835,27.861166666666666,29.97002997002997,147,2,traffic_signs,0.39905786514282227,1198.7049560546875,1339.256103515625,1225.86376953125,1371.1298828125,1212.2843627929688,1355.1929931640625,27.1588134765625,31.873779296875
IMG_0043.mp4,836,27.894533333333335,29.97002997002997,150,2,traffic_signs,0.9278923273086548,2164.72119140625,1448.4783935546875,2236.33349609375,1527.167724609375,2200.52734375,1487.8230590820312,71.6123046875,78.6893310546875
IMG_0043.mp4,836,27.894533333333335,29.97002997002997,277,2,traffic_signs,0.6986879110336304,1805.9215087890625,1444.305908203125,1819.9117431640625,1472.56201171875,1812.9166259765625,1458.4339599609375,13.990234375,28.256103515625
IMG_0043.mp4,836,27.894533333333335,29.97002997002997,273,2,traffic_signs,0.5464292168617249,1827.4615478515625,1421.03857421875,1836.02734375,1443.51513671875,1831.7444458007812,1432.27685546875,8.5657958984375,22.4765625
IMG_0043.mp4,836,27.894533333333335,29.97002997002997,206,1,traffic_lights,0.35170212388038635,2425.364501953125,1328.29345703125,2451.523193359375,1359.3365478515625,2438.44384765625,1343.8150024414062,26.15869140625,31.0430908203125
IMG_0043.mp4,836,27.894533333333335,29.97002997002997,170,1,traffic_lights,0.9066956043243408,2133.682373046875,1147.9693603515625,2200.090576171875,1274.4765625,2166.886474609375,1211.2229614257812,66.408203125,126.5072021484375
IMG_0043.mp4,836,27.894533333333335,29.97002997002997,176,1,traffic_lights,0.8970654606819153,1988.601318359375,1158.9365234375,2041.8934326171875,1272.3394775390625,2015.2473754882812,1215.6380004882812,53.2921142578125,113.4029541015625
IMG_0043.mp4,836,27.894533333333335,29.97002997002997,164,1,traffic_lights,0.3114437460899353,2051.052490234375,1069.79052734375,2104.864013671875,1259.14697265625,2077.958251953125,1164.46875,53.8115234375,189.3564453125
IMG_0043.mp4,836,27.894533333333335,29.97002997002997,306,1,traffic_lights,0.8492470979690552,2046.443115234375,1077.546630859375,2106.947509765625,1261.2427978515625,2076.6953125,1169.3947143554688,60.50439453125,183.6961669921875
IMG_0043.mp4,836,27.894533333333335,29.97002997002997,237,1,traffic_lights,0.8491464853286743,1423.9217529296875,1202.7149658203125,1444.9302978515625,1257.4013671875,1434.426025390625,1230.0581665039062,21.008544921875,54.6864013671875
IMG_0043.mp4,836,27.894533333333335,29.97002997002997,147,2,traffic_signs,0.5166156888008118,1198.3150634765625,1339.482666015625,1225.49560546875,1371.4500732421875,1211.9053344726562,1355.4663696289062,27.1805419921875,31.9674072265625
IMG_0043.mp4,837,27.9279,29.97002997002997,150,2,traffic_signs,0.9100914597511292,2164.49462890625,1448.84521484375,2234.802490234375,1527.0675048828125,2199.6485595703125,1487.9563598632812,70.307861328125,78.2222900390625
IMG_0043.mp4,837,27.9279,29.97002997002997,277,2,traffic_signs,0.6903585195541382,1805.5010986328125,1443.8226318359375,1819.9521484375,1471.7506103515625,1812.7266235351562,1457.78662109375,14.4510498046875,27.927978515625
IMG_0043.mp4,837,27.9279,29.97002997002997,273,2,traffic_signs,0.42968860268592834,1827.125244140625,1420.8426513671875,1835.834228515625,1442.8197021484375,1831.479736328125,1431.8311767578125,8.708984375,21.97705078125
IMG_0043.mp4,837,27.9279,29.97002997002997,170,1,traffic_lights,0.8792417645454407,2133.762939453125,1147.8841552734375,2199.6435546875,1274.0892333984375,2166.7032470703125,1210.9866943359375,65.880615234375,126.205078125
IMG_0043.mp4,837,27.9279,29.97002997002997,176,1,traffic_lights,0.8955384492874146,1988.635498046875,1159.2276611328125,2040.63330078125,1271.7548828125,2014.6343994140625,1215.4912719726562,51.997802734375,112.5272216796875
IMG_0043.mp4,837,27.9279,29.97002997002997,164,1,traffic_lights,0.5587425231933594,2049.655029296875,1080.6761474609375,2105.582275390625,1260.20458984375,2077.61865234375,1170.4403686523438,55.92724609375,179.5284423828125
IMG_0043.mp4,837,27.9279,29.97002997002997,306,1,traffic_lights,0.4832789897918701,2046.9222412109375,1080.5968017578125,2106.432861328125,1260.70556640625,2076.6775512695312,1170.6511840820312,59.5106201171875,180.1087646484375
IMG_0043.mp4,837,27.9279,29.97002997002997,237,1,traffic_lights,0.8581947088241577,1424.063720703125,1202.524658203125,1445.1907958984375,1257.7833251953125,1434.6272583007812,1230.1539916992188,21.1270751953125,55.2586669921875
IMG_0043.mp4,837,27.9279,29.97002997002997,147,2,traffic_signs,0.5874365568161011,1197.6258544921875,1339.1739501953125,1225.9912109375,1371.195068359375,1211.8085327148438,1355.1845092773438,28.3653564453125,32.0211181640625
IMG_0043.mp4,838,27.961266666666667,29.97002997002997,277,2,traffic_signs,0.6730823516845703,1805.6304931640625,1443.28515625,1820.41015625,1471.32177734375,1813.0203247070312,1457.303466796875,14.7796630859375,28.03662109375
IMG_0043.mp4,838,27.961266666666667,29.97002997002997,273,2,traffic_signs,0.44766828417778015,1826.5391845703125,1420.437255859375,1836.30419921875,1443.4639892578125,1831.4216918945312,1431.9506225585938,9.7650146484375,23.0267333984375
IMG_0043.mp4,838,27.961266666666667,29.97002997002997,237,1,traffic_lights,0.8213376998901367,1424.67236328125,1202.7113037109375,1445.4136962890625,1257.9957275390625,1435.0430297851562,1230.353515625,20.7413330078125,55.284423828125
IMG_0043.mp4,838,27.961266666666667,29.97002997002997,147,2,traffic_signs,0.6298010945320129,1198.693359375,1339.3153076171875,1226.0775146484375,1371.178466796875,1212.3854370117188,1355.2468872070312,27.3841552734375,31.8631591796875
IMG_0043.mp4,838,27.961266666666667,29.97002997002997,304,2,traffic_signs,0.5922412872314453,1516.2735595703125,1395.39892578125,1534.7767333984375,1430.303955078125,1525.525146484375,1412.8514404296875,18.503173828125,34.905029296875
IMG_0044.mp4,0,0.0,30.0,1,2,traffic_signs,0.8730844855308533,1229.93359375,1524.24609375,1256.7833251953125,1574.112548828125,1243.3584594726562,1549.1793212890625,26.8497314453125,49.866455078125
IMG_0044.mp4,0,0.0,30.0,2,2,traffic_signs,0.831598699092865,1531.485107421875,1556.568359375,1561.204345703125,1603.0389404296875,1546.3447265625,1579.8036499023438,29.71923828125,46.4705810546875
IMG_0044.mp4,0,0.0,30.0,3,1,traffic_lights,0.8016132712364197,2452.1396484375,1336.529541015625,2514.9560546875,1397.42236328125,2483.5478515625,1366.9759521484375,62.81640625,60.892822265625
IMG_0044.mp4,0,0.0,30.0,4,2,traffic_signs,0.7889207005500793,1273.529052734375,1482.066162109375,1298.8416748046875,1524.5343017578125,1286.1853637695312,1503.3002319335938,25.3126220703125,42.4681396484375
IMG_0044.mp4,0,0.0,30.0,5,2,traffic_signs,0.5709927082061768,1941.5185546875,1553.3349609375,2078.4765625,1684.8145751953125,2009.99755859375,1619.0747680664062,136.9580078125,131.4796142578125
IMG_0044.mp4,2,0.06666666666666667,30.0,2,2,traffic_signs,0.838683009147644,1533.0628662109375,1557.5904541015625,1559.5140380859375,1597.9560546875,1546.2884521484375,1577.7732543945312,26.451171875,40.3656005859375
IMG_0044.mp4,2,0.06666666666666667,30.0,3,1,traffic_lights,0.7929652333259583,2454.4599609375,1335.874267578125,2513.138671875,1395.33349609375,2483.79931640625,1365.6038818359375,58.6787109375,59.459228515625
IMG_0044.mp4,2,0.06666666666666667,30.0,5,2,traffic_signs,0.6398311853408813,1942.8634033203125,1554.0706787109375,2078.568359375,1697.1861572265625,2010.7158813476562,1625.62841796875,135.7049560546875,143.115478515625
IMG_0044.mp4,3,0.1,30.0,2,2,traffic_signs,0.8274445533752441,1532.54931640625,1557.198974609375,1559.9017333984375,1602.6832275390625,1546.2255249023438,1579.9411010742188,27.3524169921875,45.4842529296875
IMG_0044.mp4,3,0.1,30.0,3,1,traffic_lights,0.7757050395011902,2456.176025390625,1336.3914794921875,2512.60693359375,1396.8826904296875,2484.3914794921875,1366.6370849609375,56.430908203125,60.4912109375
IMG_0044.mp4,3,0.1,30.0,5,2,traffic_signs,0.8192927837371826,1941.8699951171875,1554.3345947265625,2078.4775390625,1702.268798828125,2010.1737670898438,1628.3016967773438,136.6075439453125,147.9342041015625
IMG_0044.mp4,3,0.1,30.0,1,2,traffic_signs,0.8727625608444214,1230.4439697265625,1523.9193115234375,1255.9248046875,1575.013671875,1243.1843872070312,1549.4664916992188,25.4808349609375,51.0943603515625
IMG_0044.mp4,3,0.1,30.0,4,2,traffic_signs,0.7719368934631348,1274.2861328125,1483.0474853515625,1296.699951171875,1524.48681640625,1285.4930419921875,1503.7671508789062,22.413818359375,41.4393310546875
IMG_0044.mp4,4,0.13333333333333333,30.0,2,2,traffic_signs,0.8047592043876648,1530.963134765625,1559.429931640625,1558.164306640625,1605.6156005859375,1544.563720703125,1582.5227661132812,27.201171875,46.1856689453125
IMG_0044.mp4,4,0.13333333333333333,30.0,3,1,traffic_lights,0.7775335311889648,2457.834228515625,1338.413330078125,2516.60107421875,1400.113525390625,2487.2176513671875,1369.263427734375,58.766845703125,61.7001953125
IMG_0044.mp4,4,0.13333333333333333,30.0,5,2,traffic_signs,0.8866410851478577,1942.312744140625,1556.3070068359375,2078.978759765625,1707.358154296875,2010.645751953125,1631.8325805664062,136.666015625,151.0511474609375
IMG_0044.mp4,4,0.13333333333333333,30.0,1,2,traffic_signs,0.869880735874176,1227.471435546875,1524.8880615234375,1253.57568359375,1577.763916015625,1240.5235595703125,1551.3259887695312,26.104248046875,52.8758544921875
IMG_0044.mp4,4,0.13333333333333333,30.0,4,2,traffic_signs,0.7833472490310669,1271.196044921875,1484.8489990234375,1293.89306640625,1527.16259765625,1282.5445556640625,1506.0057983398438,22.697021484375,42.3135986328125
IMG_0044.mp4,5,0.16666666666666666,30.0,2,2,traffic_signs,0.8235904574394226,1529.4251708984375,1561.217529296875,1556.8507080078125,1608.355224609375,1543.137939453125,1584.786376953125,27.425537109375,47.1376953125
IMG_0044.mp4,5,0.16666666666666666,30.0,3,1,traffic_lights,0.7928784489631653,2458.537109375,1342.13525390625,2518.0830078125,1403.5325927734375,2488.31005859375,1372.8339233398438,59.5458984375,61.3973388671875
IMG_0044.mp4,5,0.16666666666666666,30.0,5,2,traffic_signs,0.924383282661438,1942.1248779296875,1558.6046142578125,2080.04296875,1711.1748046875,2011.0839233398438,1634.8897094726562,137.9180908203125,152.5701904296875
IMG_0044.mp4,5,0.16666666666666666,30.0,1,2,traffic_signs,0.8651660084724426,1225.291259765625,1526.184814453125,1252.2213134765625,1582.78759765625,1238.7562866210938,1554.4862060546875,26.9300537109375,56.602783203125
IMG_0044.mp4,5,0.16666666666666666,30.0,4,2,traffic_signs,0.7858491539955139,1268.2569580078125,1485.79833984375,1291.203857421875,1529.5267333984375,1279.7304077148438,1507.6625366210938,22.9468994140625,43.7283935546875
IMG_0044.mp4,5,0.16666666666666666,30.0,9,0,auth_label,0.5380151867866516,250.62109375,1278.9267578125,456.56494140625,1704.7510986328125,353.593017578125,1491.8389282226562,205.94384765625,425.8243408203125
IMG_0044.mp4,5,0.16666666666666666,30.0,10,1,traffic_lights,0.8812457323074341,1901.064697265625,960.8338623046875,2042.621337890625,1207.937744140625,1971.843017578125,1084.3858032226562,141.556640625,247.1038818359375
IMG_0044.mp4,5,0.16666666666666666,30.0,11,1,traffic_lights,0.448674738407135,1740.3209228515625,797.6434936523438,1858.251708984375,1190.4132080078125,1799.2863159179688,994.0283508300781,117.9307861328125,392.76971435546875
IMG_0044.mp4,6,0.2,30.0,2,2,traffic_signs,0.8218808174133301,1530.90380859375,1560.496337890625,1557.6683349609375,1607.0482177734375,1544.2860717773438,1583.7722778320312,26.7645263671875,46.5518798828125
IMG_0044.mp4,6,0.2,30.0,3,1,traffic_lights,0.8088508248329163,2458.353271484375,1341.918701171875,2517.72265625,1402.431884765625,2488.0379638671875,1372.17529296875,59.369384765625,60.51318359375
IMG_0044.mp4,6,0.2,30.0,5,2,traffic_signs,0.9193928241729736,1943.101806640625,1558.2589111328125,2080.502685546875,1710.5196533203125,2011.80224609375,1634.3892822265625,137.40087890625,152.2607421875
IMG_0044.mp4,6,0.2,30.0,1,2,traffic_signs,0.8645485043525696,1226.623291015625,1525.4384765625,1253.7991943359375,1582.86181640625,1240.2112426757812,1554.150146484375,27.1759033203125,57.42333984375
IMG_0044.mp4,6,0.2,30.0,4,2,traffic_signs,0.7861462235450745,1269.7117919921875,1484.9261474609375,1292.775146484375,1529.2125244140625,1281.2434692382812,1507.0693359375,23.0633544921875,44.286376953125
IMG_0044.mp4,6,0.2,30.0,9,0,auth_label,0.4580594599246979,252.69839477539062,1281.06396484375,461.76129150390625,1702.1484375,357.22984313964844,1491.606201171875,209.06289672851562,421.08447265625
IMG_0044.mp4,6,0.2,30.0,10,1,traffic_lights,0.8333423137664795,1901.8990478515625,961.194091796875,2043.2274169921875,1207.4755859375,1972.563232421875,1084.3348388671875,141.328369140625,246.281494140625
IMG_0044.mp4,6,0.2,30.0,11,1,traffic_lights,0.6778073310852051,1741.5062255859375,785.5125122070312,1860.0126953125,1191.00341796875,1800.7594604492188,988.2579650878906,118.5064697265625,405.49090576171875
IMG_0044.mp4,6,0.2,30.0,15,1,traffic_lights,0.34559720754623413,1620.29931640625,955.6378173828125,1727.0062255859375,1202.3515625,1673.6527709960938,1078.9946899414062,106.7069091796875,246.7137451171875
IMG_0044.mp4,7,0.23333333333333334,30.0,2,2,traffic_signs,0.8236186504364014,1530.4549560546875,1560.5655517578125,1557.813232421875,1606.9571533203125,1544.1340942382812,1583.7613525390625,27.3582763671875,46.3916015625
IMG_0044.mp4,7,0.23333333333333334,30.0,3,1,traffic_lights,0.7559655904769897,2457.120849609375,1341.6966552734375,2517.255859375,1402.41015625,2487.1883544921875,1372.0534057617188,60.135009765625,60.7135009765625
IMG_0044.mp4,7,0.23333333333333334,30.0,5,2,traffic_signs,0.9206764101982117,1943.054443359375,1558.35009765625,2079.91259765625,1709.70556640625,2011.4835205078125,1634.02783203125,136.858154296875,151.35546875
IMG_0044.mp4,7,0.23333333333333334,30.0,1,2,traffic_signs,0.8631830811500549,1227.0296630859375,1525.1151123046875,1254.1513671875,1581.9232177734375,1240.5905151367188,1553.5191650390625,27.1217041015625,56.80810546875
IMG_0044.mp4,7,0.23333333333333334,30.0,4,2,traffic_signs,0.7877914309501648,1269.9041748046875,1484.6505126953125,1293.430908203125,1529.5030517578125,1281.6675415039062,1507.0767822265625,23.5267333984375,44.8525390625
IMG_0044.mp4,7,0.23333333333333334,30.0,9,0,auth_label,0.48079028725624084,251.6156463623047,1285.749267578125,462.57562255859375,1705.8175048828125,357.0956344604492,1495.7833862304688,210.95997619628906,420.0682373046875
IMG_0044.mp4,7,0.23333333333333334,30.0,10,1,traffic_lights,0.6906942129135132,1900.337646484375,961.462158203125,2043.4854736328125,1207.7191162109375,1971.9115600585938,1084.5906372070312,143.1478271484375,246.2569580078125
IMG_0044.mp4,7,0.23333333333333334,30.0,11,1,traffic_lights,0.38379958271980286,1741.980224609375,800.8794555664062,1859.64501953125,1188.560546875,1800.8126220703125,994.7200012207031,117.664794921875,387.68109130859375
IMG_0044.mp4,7,0.23333333333333334,30.0,15,1,traffic_lights,0.3657462000846863,1620.136474609375,957.1276245117188,1726.65185546875,1203.31689453125,1673.3941650390625,1080.2222595214844,106.515380859375,246.18927001953125
IMG_0044.mp4,8,0.26666666666666666,30.0,2,2,traffic_signs,0.8115935325622559,1530.0423583984375,1559.100830078125,1557.2120361328125,1605.318603515625,1543.627197265625,1582.209716796875,27.169677734375,46.2177734375
IMG_0044.mp4,8,0.26666666666666666,30.0,3,1,traffic_lights,0.7571252584457397,2455.62255859375,1340.581298828125,2515.734375,1401.6640625,2485.678466796875,1371.1226806640625,60.11181640625,61.082763671875
IMG_0044.mp4,8,0.26666666666666666,30.0,5,2,traffic_signs,0.8994213342666626,1941.91064453125,1557.023193359375,2078.34375,1708.190185546875,2010.127197265625,1632.606689453125,136.43310546875,151.1669921875
IMG_0044.mp4,8,0.26666666666666666,30.0,1,2,traffic_signs,0.8679314851760864,1226.4320068359375,1524.124267578125,1253.350341796875,1579.1783447265625,1239.8911743164062,1551.6513061523438,26.9183349609375,55.0540771484375
IMG_0044.mp4,8,0.26666666666666666,30.0,4,2,traffic_signs,0.7746123671531677,1269.5987548828125,1484.559814453125,1292.746337890625,1527.547119140625,1281.1725463867188,1506.053466796875,23.1475830078125,42.9873046875
IMG_0044.mp4,8,0.26666666666666666,30.0,10,1,traffic_lights,0.7853365540504456,1899.5059814453125,960.2588500976562,2042.4727783203125,1206.1903076171875,1970.9893798828125,1083.2245788574219,142.966796875,245.93145751953125
IMG_0044.mp4,8,0.26666666666666666,30.0,11,1,traffic_lights,0.4623168408870697,1739.948974609375,801.8121948242188,1857.414794921875,1189.081298828125,1798.681884765625,995.4467468261719,117.4658203125,387.26910400390625
IMG_0044.mp4,8,0.26666666666666666,30.0,15,1,traffic_lights,0.4124188721179962,1619.8582763671875,954.2295532226562,1725.9449462890625,1203.2901611328125,1672.901611328125,1078.7598571777344,106.086669921875,249.06060791015625
IMG_0044.mp4,8,0.26666666666666666,30.0,17,1,traffic_lights,0.38444915413856506,417.45794677734375,1002.4081420898438,468.07476806640625,1114.1392822265625,442.766357421875,1058.2737121582031,50.6168212890625,111.73114013671875
IMG_0044.mp4,9,0.3,30.0,2,2,traffic_signs,0.8001476526260376,1530.9083251953125,1558.879638671875,1558.3712158203125,1605.5455322265625,1544.6397705078125,1582.2125854492188,27.462890625,46.6658935546875
IMG_0044.mp4,9,0.3,30.0,5,2,traffic_signs,0.33089810609817505,1943.632568359375,1557.3590087890625,2077.04052734375,1706.753173828125,2010.3365478515625,1632.0560913085938,133.407958984375,149.3941650390625
IMG_0044.mp4,9,0.3,30.0,1,2,traffic_signs,0.8658482432365417,1227.558349609375,1523.97998046875,1254.1734619140625,1578.3609619140625,1240.8659057617188,1551.1704711914062,26.6151123046875,54.3809814453125
IMG_0044.mp4,9,0.3,30.0,4,2,traffic_signs,0.7647939920425415,1270.782958984375,1484.23486328125,1293.8231201171875,1526.9510498046875,1282.3030395507812,1505.5929565429688,23.0401611328125,42.7161865234375
IMG_0044.mp4,9,0.3,30.0,10,1,traffic_lights,0.6630654335021973,1895.1585693359375,954.4502563476562,2001.9605712890625,1207.08642578125,1948.5595703125,1080.7683410644531,106.802001953125,252.63616943359375
IMG_0044.mp4,9,0.3,30.0,11,1,traffic_lights,0.8551685214042664,1661.5966796875,816.9276123046875,1860.8095703125,1195.25537109375,1761.203125,1006.0914916992188,199.212890625,378.3277587890625
IMG_0044.mp4,9,0.3,30.0,17,1,traffic_lights,0.3520553708076477,420.1180419921875,1010.085205078125,469.7242736816406,1114.3438720703125,444.92115783691406,1062.2145385742188,49.606231689453125,104.2586669921875
IMG_0044.mp4,9,0.3,30.0,9,0,auth_label,0.33301815390586853,249.17349243164062,1278.95068359375,467.4292907714844,1704.8363037109375,358.3013916015625,1491.8934936523438,218.25579833984375,425.8856201171875
IMG_0044.mp4,10,0.3333333333333333,30.0,2,2,traffic_signs,0.7958837151527405,1532.19677734375,1558.5322265625,1559.0526123046875,1603.3408203125,1545.6246948242188,1580.9365234375,26.8558349609375,44.80859375
IMG_0044.mp4,10,0.3333333333333333,30.0,1,2,traffic_signs,0.8513859510421753,1228.7777099609375,1524.163818359375,1254.623779296875,1576.9232177734375,1241.7007446289062,1550.5435180664062,25.8460693359375,52.7593994140625
IMG_0044.mp4,10,0.3333333333333333,30.0,4,2,traffic_signs,0.7732576727867126,1271.67822265625,1484.3878173828125,1294.486328125,1525.4337158203125,1283.082275390625,1504.9107666015625,22.80810546875,41.0458984375
IMG_0044.mp4,10,0.3333333333333333,30.0,9,0,auth_label,0.40698349475860596,248.55184936523438,1279.4810791015625,465.66839599609375,1700.00634765625,357.11012268066406,1489.7437133789062,217.11654663085938,420.5252685546875
IMG_0044.mp4,10,0.3333333333333333,30.0,3,1,traffic_lights,0.7919536828994751,2457.0048828125,1335.738037109375,2516.5859375,1400.4617919921875,2486.79541015625,1368.0999145507812,59.5810546875,64.7237548828125
IMG_0044.mp4,11,0.36666666666666664,30.0,2,2,traffic_signs,0.7916260361671448,1531.4488525390625,1559.9049072265625,1557.688232421875,1604.483154296875,1544.5685424804688,1582.1940307617188,26.2393798828125,44.5782470703125
IMG_0044.mp4,11,0.36666666666666664,30.0,3,1,traffic_lights,0.8000988960266113,2457.5283203125,1337.4593505859375,2516.85693359375,1402.793212890625,2487.192626953125,1370.1262817382812,59.32861328125,65.3338623046875
IMG_0044.mp4,11,0.36666666666666664,30.0,5,2,traffic_signs,0.828575849533081,1943.8861083984375,1558.6881103515625,2079.106689453125,1708.4447021484375,2011.4963989257812,1633.56640625,135.2205810546875,149.756591796875
IMG_0044.mp4,11,0.36666666666666664,30.0,10,1,traffic_lights,0.8117319941520691,1899.9818115234375,959.4111938476562,2036.8494873046875,1206.909423828125,1968.4156494140625,1083.1603088378906,136.86767578125,247.49822998046875
IMG_0044.mp4,11,0.36666666666666664,30.0,17,1,traffic_lights,0.4354276657104492,417.09320068359375,1004.7688598632812,468.4789123535156,1114.439697265625,442.7860565185547,1059.6042785644531,51.385711669921875,109.67083740234375
IMG_0044.mp4,12,0.4,30.0,3,1,traffic_lights,0.7367498874664307,2459.583740234375,1350.644287109375,2518.8046875,1404.90380859375,2489.1942138671875,1377.7740478515625,59.220947265625,54.259521484375
IMG_0044.mp4,12,0.4,30.0,21,1,traffic_lights,0.6251299977302551,589.793212890625,1447.43798828125,641.5709228515625,1532.0740966796875,615.6820678710938,1489.7560424804688,51.7777099609375,84.6361083984375
IMG_0044.mp4,12,0.4,30.0,5,2,traffic_signs,0.8604893088340759,1943.41943359375,1560.1630859375,2080.458251953125,1710.8946533203125,2011.9388427734375,1635.5288696289062,137.038818359375,150.7315673828125
IMG_0044.mp4,12,0.4,30.0,10,1,traffic_lights,0.8809890151023865,1901.25048828125,961.2118530273438,2042.6942138671875,1207.2926025390625,1971.9723510742188,1084.2522277832031,141.4437255859375,246.08074951171875
IMG_0044.mp4,12,0.4,30.0,11,1,traffic_lights,0.7316327095031738,1718.8502197265625,813.4772338867188,1856.6329345703125,1185.6729736328125,1787.7415771484375,999.5751037597656,137.78271484375,372.19573974609375
IMG_0044.mp4,12,0.4,30.0,1,2,traffic_signs,0.8202179670333862,1225.4266357421875,1528.63671875,1252.0489501953125,1581.28125,1238.73779296875,1554.958984375,26.622314453125,52.64453125
IMG_0044.mp4,12,0.4,30.0,4,2,traffic_signs,0.7585781812667847,1269.007568359375,1486.2969970703125,1291.80029296875,1528.3477783203125,1280.4039306640625,1507.3223876953125,22.792724609375,42.05078125
IMG_0044.mp4,12,0.4,30.0,9,0,auth_label,0.5476461052894592,240.94351196289062,1283.2021484375,463.04522705078125,1710.2862548828125,351.99436950683594,1496.7442016601562,222.10171508789062,427.0841064453125
IMG_0044.mp4,13,0.43333333333333335,30.0,5,2,traffic_signs,0.5211201310157776,1943.4041748046875,1562.25439453125,2080.97265625,1713.577392578125,2012.1884155273438,1637.9158935546875,137.5684814453125,151.322998046875
IMG_0044.mp4,13,0.43333333333333335,30.0,10,1,traffic_lights,0.826559841632843,1902.43896484375,962.4410400390625,2045.042236328125,1208.8021240234375,1973.7406005859375,1085.62158203125,142.603271484375,246.361083984375
IMG_0044.mp4,13,0.43333333333333335,30.0,11,1,traffic_lights,0.6305900812149048,1739.43701171875,814.931884765625,1857.079345703125,1191.4456787109375,1798.2581787109375,1003.1887817382812,117.642333984375,376.5137939453125
IMG_0044.mp4,13,0.43333333333333335,30.0,15,1,traffic_lights,0.3833295702934265,1619.9227294921875,960.4494018554688,1729.3704833984375,1202.8525390625,1674.6466064453125,1081.6509704589844,109.44775390625,242.40313720703125
IMG_0044.mp4,13,0.43333333333333335,30.0,2,2,traffic_signs,0.3306450843811035,1530.9564208984375,1564.0091552734375,1554.34375,1601.9091796875,1542.6500854492188,1582.9591674804688,23.3873291015625,37.9000244140625
IMG_0044.mp4,14,0.4666666666666667,30.0,5,2,traffic_signs,0.5140109062194824,1943.6783447265625,1562.31201171875,2080.724609375,1713.129150390625,2012.2014770507812,1637.7205810546875,137.0462646484375,150.817138671875
IMG_0044.mp4,14,0.4666666666666667,30.0,10,1,traffic_lights,0.8497470617294312,1903.378662109375,963.0748901367188,2045.3424072265625,1208.555908203125,1974.3605346679688,1085.8153991699219,141.9637451171875,245.48101806640625
IMG_0044.mp4,14,0.4666666666666667,30.0,11,1,traffic_lights,0.7256596088409424,1744.107421875,814.98681640625,1857.5302734375,1192.2059326171875,1800.81884765625,1003.5963745117188,113.4228515625,377.2191162109375
IMG_0044.mp4,14,0.4666666666666667,30.0,22,2,traffic_signs,0.44249510765075684,1944.1400146484375,1562.1142578125,2081.3857421875,1713.067138671875,2012.7628784179688,1637.5906982421875,137.2457275390625,150.952880859375
IMG_0044.mp4,14,0.4666666666666667,30.0,15,1,traffic_lights,0.5032739043235779,1620.202880859375,961.2136840820312,1729.1014404296875,1202.682373046875,1674.6521606445312,1081.9480285644531,108.8985595703125,241.46868896484375
IMG_0044.mp4,14,0.4666666666666667,30.0,2,2,traffic_signs,0.3775138854980469,1530.778564453125,1564.8363037109375,1554.8990478515625,1603.498046875,1542.8388061523438,1584.1671752929688,24.1204833984375,38.6617431640625
IMG_0044.mp4,14,0.4666666666666667,30.0,3,1,traffic_lights,0.32482993602752686,2461.25439453125,1353.1129150390625,2519.60107421875,1406.94091796875,2490.427734375,1380.0269165039062,58.3466796875,53.8280029296875
IMG_0044.mp4,15,0.5,30.0,10,1,traffic_lights,0.7144667506217957,1904.2789306640625,963.1185302734375,2046.01220703125,1208.9449462890625,1975.1455688476562,1086.03173828125,141.7332763671875,245.826416015625
IMG_0044.mp4,15,0.5,30.0,11,1,traffic_lights,0.8150326013565063,1745.989501953125,811.4137573242188,1858.4495849609375,1190.369873046875,1802.2195434570312,1000.8918151855469,112.4600830078125,378.95611572265625
IMG_0044.mp4,15,0.5,30.0,15,1,traffic_lights,0.6403130292892456,1620.6507568359375,961.1829833984375,1730.490966796875,1202.71142578125,1675.5708618164062,1081.9472045898438,109.8402099609375,241.5284423828125
IMG_0044.mp4,15,0.5,30.0,2,2,traffic_signs,0.273078590631485,1533.8145751953125,1564.99365234375,1555.79345703125,1601.0758056640625,1544.8040161132812,1583.0347290039062,21.9788818359375,36.0821533203125
IMG_0044.mp4,15,0.5,30.0,4,2,traffic_signs,0.5656589269638062,1270.623779296875,1485.447265625,1292.421875,1528.5697021484375,1281.5228271484375,1507.0084838867188,21.798095703125,43.1224365234375
IMG_0044.mp4,16,0.5333333333333333,30.0,10,1,traffic_lights,0.8870998024940491,1903.7108154296875,962.2105712890625,2045.6715087890625,1207.60205078125,1974.691162109375,1084.9063110351562,141.960693359375,245.3914794921875
IMG_0044.mp4,16,0.5333333333333333,30.0,11,1,traffic_lights,0.7365642786026001,1744.0255126953125,811.2379760742188,1858.9002685546875,1188.2161865234375,1801.462890625,999.7270812988281,114.874755859375,376.97821044921875
IMG_0044.mp4,16,0.5333333333333333,30.0,15,1,traffic_lights,0.27245694398880005,1620.115478515625,958.6446533203125,1727.25634765625,1201.666259765625,1673.6859130859375,1080.1554565429688,107.140869140625,243.0216064453125
IMG_0044.mp4,16,0.5333333333333333,30.0,4,2,traffic_signs,0.7688594460487366,1271.071533203125,1485.4029541015625,1292.7855224609375,1527.3922119140625,1281.9285278320312,1506.3975830078125,21.7139892578125,41.9892578125
IMG_0044.mp4,16,0.5333333333333333,30.0,1,2,traffic_signs,0.7706987857818604,1225.9532470703125,1529.7674560546875,1252.978271484375,1584.9688720703125,1239.4657592773438,1557.3681640625,27.0250244140625,55.201416015625
IMG_0044.mp4,16,0.5333333333333333,30.0,5,2,traffic_signs,0.7700484395027161,1944.365966796875,1560.6668701171875,2080.28955078125,1711.45947265625,2012.3277587890625,1636.0631713867188,135.923583984375,150.7926025390625
IMG_0044.mp4,16,0.5333333333333333,30.0,3,1,traffic_lights,0.3016541600227356,2460.81982421875,1357.0384521484375,2518.162109375,1405.44775390625,2489.490966796875,1381.2431030273438,57.34228515625,48.4093017578125
IMG_0044.mp4,17,0.5666666666666667,30.0,10,1,traffic_lights,0.6869843602180481,1902.857177734375,962.61083984375,2045.3929443359375,1207.7171630859375,1974.1250610351562,1085.1640014648438,142.5357666015625,245.1063232421875
IMG_0044.mp4,17,0.5666666666666667,30.0,11,1,traffic_lights,0.4348520040512085,1743.9090576171875,812.77734375,1859.2935791015625,1191.4620361328125,1801.601318359375,1002.1196899414062,115.384521484375,378.6846923828125
IMG_0044.mp4,17,0.5666666666666667,30.0,4,2,traffic_signs,0.2677934765815735,1271.0234375,1485.501953125,1292.8433837890625,1527.50341796875,1281.9334106445312,1506.502685546875,21.8199462890625,42.00146484375
IMG_0044.mp4,17,0.5666666666666667,30.0,5,2,traffic_signs,0.8005411624908447,1943.927001953125,1560.350830078125,2079.78857421875,1712.012451171875,2011.8577880859375,1636.181640625,135.861572265625,151.66162109375
IMG_0044.mp4,18,0.6,30.0,11,1,traffic_lights,0.5425108671188354,1718.1107177734375,909.5407104492188,1851.784423828125,1207.627685546875,1784.9475708007812,1058.5841979980469,133.6737060546875,298.08697509765625
IMG_0044.mp4,18,0.6,30.0,5,2,traffic_signs,0.48593002557754517,1943.841064453125,1560.1397705078125,2075.653564453125,1711.7574462890625,2009.747314453125,1635.9486083984375,131.8125,151.61767578125
IMG_0044.mp4,18,0.6,30.0,15,1,traffic_lights,0.6627824306488037,1620.3243408203125,962.5463256835938,1730.8917236328125,1207.9254150390625,1675.6080322265625,1085.2358703613281,110.5673828125,245.37908935546875
IMG_0044.mp4,18,0.6,30.0,3,1,traffic_lights,0.29930076003074646,2460.4873046875,1351.6826171875,2520.127685546875,1404.4510498046875,2490.3074951171875,1378.0668334960938,59.640380859375,52.7684326171875
IMG_0044.mp4,19,0.6333333333333333,30.0,11,1,traffic_lights,0.8002812266349792,1669.4073486328125,851.7142944335938,1853.6749267578125,1208.1400146484375,1761.5411376953125,1029.9271545410156,184.267578125,356.42572021484375
IMG_0044.mp4,19,0.6333333333333333,30.0,2,2,traffic_signs,0.6693388819694519,1529.273681640625,1564.5367431640625,1554.4798583984375,1607.2197265625,1541.8767700195312,1585.8782348632812,25.2061767578125,42.6829833984375
IMG_0044.mp4,19,0.6333333333333333,30.0,1,2,traffic_signs,0.7865386009216309,1222.4566650390625,1531.2666015625,1249.8746337890625,1586.5260009765625,1236.1656494140625,1558.8963012695312,27.41796875,55.2593994140625
IMG_0044.mp4,19,0.6333333333333333,30.0,4,2,traffic_signs,0.5131531357765198,1265.95751953125,1487.2779541015625,1291.2762451171875,1533.59228515625,1278.6168823242188,1510.4351196289062,25.3187255859375,46.3143310546875
IMG_0044.mp4,20,0.6666666666666666,30.0,10,1,traffic_lights,0.869779646396637,1904.5892333984375,961.3232421875,2042.8380126953125,1212.6002197265625,1973.713623046875,1086.9617309570312,138.248779296875,251.2769775390625
IMG_0044.mp4,20,0.6666666666666666,30.0,5,2,traffic_signs,0.8959285020828247,1942.14697265625,1563.07373046875,2081.530029296875,1717.9521484375,2011.8385009765625,1640.512939453125,139.383056640625,154.87841796875
IMG_0044.mp4,21,0.7,30.0,10,1,traffic_lights,0.8152554631233215,1904.62841796875,963.2306518554688,2041.406494140625,1212.3988037109375,1973.0174560546875,1087.8147277832031,136.778076171875,249.16815185546875
IMG_0044.mp4,21,0.7,30.0,5,2,traffic_signs,0.8028790354728699,1940.553466796875,1564.777587890625,2084.308837890625,1720.5838623046875,2012.43115234375,1642.6807250976562,143.75537109375,155.8062744140625
IMG_0044.mp4,21,0.7,30.0,11,1,traffic_lights,0.38879022002220154,1642.2845458984375,829.4851684570312,1853.856201171875,1208.7449951171875,1748.0703735351562,1019.1150817871094,211.5716552734375,379.25982666015625
IMG_0044.mp4,22,0.7333333333333333,30.0,10,1,traffic_lights,0.8771101832389832,1904.3970947265625,963.9229736328125,2040.9478759765625,1210.83251953125,1972.6724853515625,1087.3777465820312,136.55078125,246.9095458984375
IMG_0044.mp4,22,0.7333333333333333,30.0,5,2,traffic_signs,0.7654101848602295,1939.5655517578125,1564.978759765625,2085.65625,1722.152099609375,2012.6109008789062,1643.5654296875,146.0906982421875,157.17333984375
IMG_0044.mp4,22,0.7333333333333333,30.0,11,1,traffic_lights,0.6415567994117737,1632.9080810546875,823.83447265625,1853.3394775390625,1207.1241455078125,1743.123779296875,1015.4793090820312,220.431396484375,383.2896728515625
IMG_0044.mp4,22,0.7333333333333333,30.0,9,0,auth_label,0.3597371280193329,193.05030822753906,1250.8287353515625,444.455810546875,1750.652099609375,318.75305938720703,1500.7404174804688,251.40550231933594,499.8233642578125
IMG_0044.mp4,23,0.7666666666666667,30.0,10,1,traffic_lights,0.8996914625167847,1904.7113037109375,963.4503784179688,2041.117431640625,1210.515625,1972.9143676757812,1086.9830017089844,136.4061279296875,247.06524658203125
IMG_0044.mp4,23,0.7666666666666667,30.0,5,2,traffic_signs,0.7898051142692566,1939.997314453125,1563.89453125,2084.80029296875,1721.098876953125,2012.3988037109375,1642.4967041015625,144.802978515625,157.204345703125
IMG_0044.mp4,23,0.7666666666666667,30.0,11,1,traffic_lights,0.8966858983039856,1634.7139892578125,820.3316650390625,1855.2567138671875,1205.921875,1744.9853515625,1013.1267700195312,220.542724609375,385.5902099609375
IMG_0044.mp4,23,0.7666666666666667,30.0,9,0,auth_label,0.6098625659942627,203.93641662597656,1247.4580078125,447.9937744140625,1747.8555908203125,325.96509552001953,1497.6567993164062,244.05735778808594,500.3975830078125
IMG_0044.mp4,24,0.8,30.0,10,1,traffic_lights,0.8978432416915894,1904.449462890625,963.011474609375,2041.5032958984375,1211.2843017578125,1972.9763793945312,1087.1478881835938,137.0538330078125,248.2728271484375
IMG_0044.mp4,24,0.8,30.0,5,2,traffic_signs,0.8264389038085938,1941.119384765625,1562.3819580078125,2083.097412109375,1717.8236083984375,2012.1083984375,1640.102783203125,141.97802734375,155.441650390625
IMG_0044.mp4,24,0.8,30.0,9,0,auth_label,0.38957762718200684,215.91598510742188,1248.4940185546875,453.2950134277344,1762.9132080078125,334.6054992675781,1505.70361328125,237.3790283203125,514.419189453125
IMG_0044.mp4,24,0.8,30.0,2,2,traffic_signs,0.28691381216049194,1529.5029296875,1565.8389892578125,1553.4293212890625,1608.2755126953125,1541.4661254882812,1587.0572509765625,23.9263916015625,42.4365234375
IMG_0044.mp4,24,0.8,30.0,1,2,traffic_signs,0.4584822654724121,1220.81982421875,1534.2432861328125,1248.2359619140625,1584.9102783203125,1234.5278930664062,1559.5767822265625,27.4161376953125,50.6669921875
IMG_0044.mp4,25,0.8333333333333334,30.0,10,1,traffic_lights,0.8522752523422241,1904.0242919921875,963.005859375,2042.03662109375,1210.379638671875,1973.0304565429688,1086.6927490234375,138.0123291015625,247.373779296875
IMG_0044.mp4,25,0.8333333333333334,30.0,5,2,traffic_signs,0.764616072177887,1942.140869140625,1560.213134765625,2080.9169921875,1714.11865234375,2011.5289306640625,1637.1658935546875,138.776123046875,153.905517578125
IMG_0044.mp4,25,0.8333333333333334,30.0,2,2,traffic_signs,0.759813129901886,1529.4725341796875,1564.5819091796875,1554.344482421875,1607.677001953125,1541.9085083007812,1586.1294555664062,24.8719482421875,43.0950927734375
IMG_0044.mp4,25,0.8333333333333334,30.0,1,2,traffic_signs,0.8134247660636902,1223.507568359375,1530.4471435546875,1250.6668701171875,1583.6064453125,1237.0872192382812,1557.0267944335938,27.1593017578125,53.1593017578125
IMG_0044.mp4,25,0.8333333333333334,30.0,15,1,traffic_lights,0.41423851251602173,1620.4017333984375,953.8760375976562,1730.0421142578125,1203.1395263671875,1675.221923828125,1078.5077819824219,109.640380859375,249.26348876953125
IMG_0044.mp4,25,0.8333333333333334,30.0,4,2,traffic_signs,0.6449004411697388,1266.428466796875,1485.474365234375,1291.217529296875,1532.710693359375,1278.822998046875,1509.092529296875,24.7890625,47.236328125
IMG_0044.mp4,25,0.8333333333333334,30.0,11,1,traffic_lights,0.6655451059341431,1713.8248291015625,810.6083374023438,1856.74609375,1197.2470703125,1785.2854614257812,1003.9277038574219,142.9212646484375,386.63873291015625
IMG_0044.mp4,26,0.8666666666666667,30.0,10,1,traffic_lights,0.9140900373458862,1902.6920166015625,961.9369506835938,2042.815673828125,1208.94580078125,1972.7538452148438,1085.4413757324219,140.1236572265625,247.00885009765625
IMG_0044.mp4,26,0.8666666666666667,30.0,5,2,traffic_signs,0.8266157507896423,1942.636474609375,1558.9168701171875,2079.96337890625,1711.270263671875,2011.2999267578125,1635.0935668945312,137.326904296875,152.3533935546875
IMG_0044.mp4,26,0.8666666666666667,30.0,2,2,traffic_signs,0.8005848526954651,1530.4962158203125,1562.6595458984375,1555.6470947265625,1607.158203125,1543.0716552734375,1584.9088745117188,25.15087890625,44.4986572265625
IMG_0044.mp4,26,0.8666666666666667,30.0,1,2,traffic_signs,0.8513545989990234,1225.7442626953125,1528.19189453125,1252.5751953125,1582.1903076171875,1239.1597290039062,1555.1911010742188,26.8309326171875,53.9984130859375
IMG_0044.mp4,26,0.8666666666666667,30.0,15,1,traffic_lights,0.5883742570877075,1620.084716796875,955.1039428710938,1727.436279296875,1202.95263671875,1673.760498046875,1079.0282897949219,107.3515625,247.84869384765625
IMG_0044.mp4,26,0.8666666666666667,30.0,4,2,traffic_signs,0.7963076233863831,1268.763671875,1485.3076171875,1292.1993408203125,1530.1378173828125,1280.4815063476562,1507.7227172851562,23.4356689453125,44.8302001953125
IMG_0044.mp4,26,0.8666666666666667,30.0,11,1,traffic_lights,0.8111686110496521,1735.345947265625,791.5537719726562,1860.276611328125,1191.938720703125,1797.811279296875,991.7462463378906,124.9306640625,400.38494873046875
IMG_0044.mp4,27,0.9,30.0,5,2,traffic_signs,0.35973429679870605,1943.877685546875,1559.343017578125,2079.05712890625,1707.9901123046875,2011.4674072265625,1633.6665649414062,135.179443359375,148.6470947265625
IMG_0044.mp4,27,0.9,30.0,2,2,traffic_signs,0.7271699905395508,1530.881103515625,1561.4193115234375,1556.626708984375,1604.8458251953125,1543.75390625,1583.132568359375,25.74560546875,43.426513671875
IMG_0044.mp4,27,0.9,30.0,17,1,traffic_lights,0.3103732168674469,416.3264465332031,1025.0849609375,466.3685302734375,1114.591064453125,441.3474884033203,1069.8380126953125,50.042083740234375,89.506103515625
IMG_0044.mp4,27,0.9,30.0,3,1,traffic_lights,0.3269471228122711,2459.68310546875,1339.8074951171875,2518.974853515625,1398.1395263671875,2489.3289794921875,1368.9735107421875,59.291748046875,58.33203125
IMG_0044.mp4,28,0.9333333333333333,30.0,17,1,traffic_lights,0.4945778548717499,418.3555908203125,1010.2804565429688,469.1812744140625,1114.520751953125,443.7684326171875,1062.4006042480469,50.82568359375,104.24029541015625
IMG_0044.mp4,28,0.9333333333333333,30.0,9,0,auth_label,0.2745997905731201,240.11732482910156,1278.802001953125,464.6275329589844,1710.6046142578125,352.37242889404297,1494.7033081054688,224.5102081298828,431.8026123046875
IMG_0044.mp4,28,0.9333333333333333,30.0,4,2,traffic_signs,0.4597923457622528,1270.052978515625,1484.411376953125,1293.8021240234375,1524.6019287109375,1281.9275512695312,1504.5066528320312,23.7491455078125,40.1905517578125
IMG_0044.mp4,29,0.9666666666666667,30.0,4,2,traffic_signs,0.7138364315032959,1267.531005859375,1485.7471923828125,1291.5606689453125,1528.2799072265625,1279.5458374023438,1507.0135498046875,24.0296630859375,42.53271484375
IMG_0044.mp4,29,0.9666666666666667,30.0,21,1,traffic_lights,0.4048076868057251,589.8619384765625,1444.751708984375,639.2922973632812,1529.29443359375,614.5771179199219,1487.0230712890625,49.43035888671875,84.542724609375
IMG_0044.mp4,29,0.9666666666666667,30.0,10,1,traffic_lights,0.9145915508270264,1901.301513671875,961.2442016601562,2043.1484375,1209.1182861328125,1972.2249755859375,1085.1812438964844,141.846923828125,247.87408447265625
IMG_0044.mp4,29,0.9666666666666667,30.0,1,2,traffic_signs,0.8025313019752502,1225.118408203125,1528.181884765625,1252.51318359375,1582.5791015625,1238.8157958984375,1555.3804931640625,27.394775390625,54.397216796875
IMG_0044.mp4,29,0.9666666666666667,30.0,11,1,traffic_lights,0.5870583653450012,1739.017578125,796.46728515625,1856.2734375,1191.397705078125,1797.6455078125,993.9324951171875,117.255859375,394.930419921875
IMG_0044.mp4,29,0.9666666666666667,30.0,5,2,traffic_signs,0.7447107434272766,1944.18603515625,1560.0164794921875,2079.548583984375,1710.40380859375,2011.8673095703125,1635.2101440429688,135.362548828125,150.3873291015625
IMG_0044.mp4,29,0.9666666666666667,30.0,2,2,traffic_signs,0.7924250364303589,1529.172119140625,1561.8270263671875,1556.5078125,1607.6636962890625,1542.8399658203125,1584.745361328125,27.335693359375,45.836669921875
IMG_0044.mp4,29,0.9666666666666667,30.0,3,1,traffic_lights,0.6295793056488037,2461.19189453125,1341.5157470703125,2517.7626953125,1400.193115234375,2489.477294921875,1370.8544311523438,56.57080078125,58.6773681640625
IMG_0044.mp4,30,1.0,30.0,4,2,traffic_signs,0.7000716924667358,1266.78466796875,1486.697998046875,1290.7921142578125,1532.2635498046875,1278.7883911132812,1509.4807739257812,24.0074462890625,45.5655517578125
IMG_0044.mp4,30,1.0,30.0,21,1,traffic_lights,0.41243743896484375,587.490234375,1445.5797119140625,637.33154296875,1532.00830078125,612.410888671875,1488.7940063476562,49.84130859375,86.4285888671875
IMG_0044.mp4,30,1.0,30.0,10,1,traffic_lights,0.7375995516777039,1902.7125244140625,961.9808349609375,2043.1431884765625,1210.204345703125,1972.9278564453125,1086.0925903320312,140.4306640625,248.2235107421875
IMG_0044.mp4,30,1.0,30.0,1,2,traffic_signs,0.8021131157875061,1224.0245361328125,1529.4500732421875,1250.7230224609375,1584.2559814453125,1237.373779296875,1556.85302734375,26.698486328125,54.805908203125
IMG_0044.mp4,30,1.0,30.0,11,1,traffic_lights,0.5631248354911804,1741.9830322265625,791.9859008789062,1858.16650390625,1190.9830322265625,1800.0747680664062,991.4844665527344,116.1834716796875,398.99713134765625
IMG_0044.mp4,30,1.0,30.0,5,2,traffic_signs,0.7887370586395264,1943.709716796875,1560.796875,2080.3125,1712.850341796875,2012.0111083984375,1636.8236083984375,136.602783203125,152.053466796875
IMG_0044.mp4,30,1.0,30.0,2,2,traffic_signs,0.8187240362167358,1529.028076171875,1562.795166015625,1555.95458984375,1609.5045166015625,1542.4913330078125,1586.1498413085938,26.926513671875,46.7093505859375
IMG_0044.mp4,30,1.0,30.0,3,1,traffic_lights,0.6346472501754761,2461.833984375,1346.362548828125,2518.213134765625,1403.3642578125,2490.0235595703125,1374.8634033203125,56.379150390625,57.001708984375
IMG_0044.mp4,30,1.0,30.0,15,1,traffic_lights,0.5728068947792053,1620.070556640625,956.3312377929688,1729.31591796875,1202.97412109375,1674.6932373046875,1079.6526794433594,109.245361328125,246.64288330078125
IMG_0044.mp4,31,1.0333333333333334,30.0,4,2,traffic_signs,0.771759569644928,1268.2122802734375,1485.9912109375,1291.9114990234375,1530.8155517578125,1280.0618896484375,1508.4033813476562,23.69921875,44.8243408203125
IMG_0044.mp4,31,1.0333333333333334,30.0,21,1,traffic_lights,0.3957579731941223,589.5368041992188,1445.1495361328125,638.8381958007812,1530.6627197265625,614.1875,1487.9061279296875,49.3013916015625,85.51318359375
IMG_0044.mp4,31,1.0333333333333334,30.0,10,1,traffic_lights,0.9118912816047668,1903.517578125,961.9771118164062,2042.961181640625,1207.9617919921875,1973.2393798828125,1084.9694519042969,139.443603515625,245.98468017578125
IMG_0044.mp4,31,1.0333333333333334,30.0,1,2,traffic_signs,0.8465741276741028,1225.2242431640625,1527.866455078125,1252.0048828125,1583.313720703125,1238.6145629882812,1555.590087890625,26.7806396484375,55.447265625
IMG_0044.mp4,31,1.0333333333333334,30.0,11,1,traffic_lights,0.4886763095855713,1742.181640625,794.15087890625,1859.1451416015625,1189.826904296875,1800.6633911132812,991.9888916015625,116.9635009765625,395.676025390625
IMG_0044.mp4,31,1.0333333333333334,30.0,5,2,traffic_signs,0.8731335401535034,1943.263671875,1559.3321533203125,2080.040771484375,1711.909423828125,2011.6522216796875,1635.6207885742188,136.777099609375,152.5772705078125
IMG_0044.mp4,31,1.0333333333333334,30.0,2,2,traffic_signs,0.8117503523826599,1529.591796875,1561.9888916015625,1556.5220947265625,1608.7086181640625,1543.0569458007812,1585.3487548828125,26.9302978515625,46.7197265625
IMG_0044.mp4,31,1.0333333333333334,30.0,3,1,traffic_lights,0.7185230255126953,2459.777099609375,1345.4886474609375,2516.813720703125,1403.7261962890625,2488.29541015625,1374.607421875,57.03662109375,58.237548828125
IMG_0044.mp4,31,1.0333333333333334,30.0,27,1,traffic_lights,0.3360401391983032,1741.5743408203125,802.4910888671875,1856.6378173828125,1189.518310546875,1799.1060791015625,996.0046997070312,115.0634765625,387.0272216796875
IMG_0044.mp4,31,1.0333333333333334,30.0,15,1,traffic_lights,0.31255725026130676,1620.2310791015625,956.2407836914062,1727.479736328125,1202.662353515625,1673.8554077148438,1079.4515686035156,107.2486572265625,246.42156982421875
IMG_0044.mp4,31,1.0333333333333334,30.0,17,1,traffic_lights,0.38876962661743164,414.1971130371094,1003.36328125,462.84503173828125,1115.5362548828125,438.5210723876953,1059.4497680664062,48.647918701171875,112.1729736328125
IMG_0044.mp4,32,1.0666666666666667,30.0,4,2,traffic_signs,0.7734401822090149,1269.607177734375,1486.156005859375,1292.8621826171875,1529.4151611328125,1281.2346801757812,1507.7855834960938,23.2550048828125,43.2591552734375
IMG_0044.mp4,32,1.0666666666666667,30.0,21,1,traffic_lights,0.3590434193611145,591.9896850585938,1447.66259765625,639.1021118164062,1529.1182861328125,615.5458984375,1488.3904418945312,47.1124267578125,81.4556884765625
IMG_0044.mp4,32,1.0666666666666667,30.0,10,1,traffic_lights,0.8503668308258057,1902.8040771484375,961.6482543945312,2043.2838134765625,1208.406982421875,1973.0439453125,1085.0276184082031,140.479736328125,246.75872802734375
IMG_0044.mp4,32,1.0666666666666667,30.0,1,2,traffic_signs,0.8545585870742798,1226.3228759765625,1526.91650390625,1253.244873046875,1582.197509765625,1239.7838745117188,1554.5570068359375,26.9219970703125,55.281005859375
IMG_0044.mp4,32,1.0666666666666667,30.0,11,1,traffic_lights,0.5886248350143433,1742.33154296875,782.1351318359375,1860.073974609375,1191.1871337890625,1801.2027587890625,986.6611328125,117.742431640625,409.052001953125
IMG_0044.mp4,32,1.0666666666666667,30.0,5,2,traffic_signs,0.8545825481414795,1943.497802734375,1558.68603515625,2079.829345703125,1710.73193359375,2011.66357421875,1634.708984375,136.33154296875,152.0458984375
IMG_0044.mp4,32,1.0666666666666667,30.0,2,2,traffic_signs,0.8038128614425659,1529.8883056640625,1560.9493408203125,1557.1290283203125,1607.6617431640625,1543.5086669921875,1584.3055419921875,27.24072265625,46.71240234375
IMG_0044.mp4,32,1.0666666666666667,30.0,3,1,traffic_lights,0.6016041040420532,2458.47900390625,1342.9073486328125,2516.82470703125,1403.3673095703125,2487.65185546875,1373.1373291015625,58.345703125,60.4599609375
IMG_0044.mp4,32,1.0666666666666667,30.0,15,1,traffic_lights,0.4342999756336212,1620.3568115234375,956.1688842773438,1727.1541748046875,1203.598388671875,1673.7554931640625,1079.8836364746094,106.79736328125,247.42950439453125
IMG_0044.mp4,32,1.0666666666666667,30.0,17,1,traffic_lights,0.5027968883514404,416.1708984375,1002.1463012695312,465.3406066894531,1115.857177734375,440.75575256347656,1059.0017395019531,49.169708251953125,113.71087646484375
IMG_0044.mp4,32,1.0666666666666667,30.0,9,0,auth_label,0.28055158257484436,248.31228637695312,1285.6734619140625,461.3343505859375,1707.7802734375,354.8233184814453,1496.7268676757812,213.02206420898438,422.1068115234375
IMG_0044.mp4,33,1.1,30.0,4,2,traffic_signs,0.7873342633247375,1271.321533203125,1486.3233642578125,1293.9805908203125,1528.381103515625,1282.6510620117188,1507.3522338867188,22.6590576171875,42.0577392578125
IMG_0044.mp4,33,1.1,30.0,10,1,traffic_lights,0.855522096157074,1900.758544921875,961.82373046875,2043.5985107421875,1208.1783447265625,1972.1785278320312,1085.0010375976562,142.8399658203125,246.3546142578125
IMG_0044.mp4,33,1.1,30.0,1,2,traffic_signs,0.8613254427909851,1227.6395263671875,1525.8515625,1254.388916015625,1580.4749755859375,1241.0142211914062,1553.1632690429688,26.7493896484375,54.6234130859375
IMG_0044.mp4,33,1.1,30.0,11,1,traffic_lights,0.5889555215835571,1742.7493896484375,779.27880859375,1860.8804931640625,1193.4417724609375,1801.81494140625,986.3602905273438,118.131103515625,414.1629638671875
IMG_0044.mp4,33,1.1,30.0,5,2,traffic_signs,0.884211003780365,1943.5426025390625,1557.759765625,2079.765380859375,1709.0849609375,2011.6539916992188,1633.42236328125,136.2227783203125,151.3251953125
IMG_0044.mp4,33,1.1,30.0,2,2,traffic_signs,0.8210724592208862,1530.6922607421875,1560.1917724609375,1557.956298828125,1607.0537109375,1544.3242797851562,1583.6227416992188,27.2640380859375,46.8619384765625
IMG_0044.mp4,33,1.1,30.0,3,1,traffic_lights,0.7016951441764832,2457.379150390625,1340.1627197265625,2515.926025390625,1401.8782958984375,2486.652587890625,1371.0205078125,58.546875,61.715576171875
IMG_0044.mp4,33,1.1,30.0,17,1,traffic_lights,0.539656400680542,418.2196044921875,1002.5256958007812,468.6012268066406,1116.240478515625,443.41041564941406,1059.3830871582031,50.381622314453125,113.71478271484375
IMG_0044.mp4,34,1.1333333333333333,30.0,4,2,traffic_signs,0.796254575252533,1272.25244140625,1486.17919921875,1295.0067138671875,1527.9620361328125,1283.6295776367188,1507.0706176757812,22.7542724609375,41.7828369140625
IMG_0044.mp4,34,1.1333333333333333,30.0,10,1,traffic_lights,0.8067796230316162,1900.106689453125,961.4533081054688,2043.8089599609375,1206.890625,1971.9578247070312,1084.1719665527344,143.7022705078125,245.43731689453125
IMG_0044.mp4,34,1.1333333333333333,30.0,1,2,traffic_signs,0.8627554774284363,1228.830810546875,1525.446533203125,1254.724609375,1579.4716796875,1241.7777099609375,1552.4591064453125,25.893798828125,54.025146484375
IMG_0044.mp4,34,1.1333333333333333,30.0,11,1,traffic_lights,0.5044687986373901,1741.3751220703125,781.571533203125,1861.40576171875,1193.188232421875,1801.3904418945312,987.3798828125,120.0306396484375,411.61669921875
IMG_0044.mp4,34,1.1333333333333333,30.0,5,2,traffic_signs,0.8701035380363464,1943.7677001953125,1557.2706298828125,2080.064453125,1707.811279296875,2011.9160766601562,1632.5409545898438,136.2967529296875,150.5406494140625
IMG_0044.mp4,34,1.1333333333333333,30.0,2,2,traffic_signs,0.824017345905304,1530.979736328125,1559.4476318359375,1558.885986328125,1607.030029296875,1544.932861328125,1583.2388305664062,27.90625,47.5823974609375
IMG_0044.mp4,34,1.1333333333333333,30.0,3,1,traffic_lights,0.6313968300819397,2457.265625,1338.98291015625,2514.9638671875,1403.0010986328125,2486.11474609375,1370.9920043945312,57.6982421875,64.0181884765625
IMG_0044.mp4,34,1.1333333333333333,30.0,17,1,traffic_lights,0.6600416302680969,419.7054748535156,1001.2974243164062,470.6196594238281,1116.701171875,445.1625671386719,1058.9992980957031,50.9141845703125,115.40374755859375
IMG_0044.mp4,34,1.1333333333333333,30.0,9,0,auth_label,0.6291459798812866,253.80010986328125,1285.2518310546875,461.58648681640625,1695.2926025390625,357.69329833984375,1490.272216796875,207.786376953125,410.040771484375
IMG_0044.mp4,35,1.1666666666666667,30.0,4,2,traffic_signs,0.7933115363121033,1273.045166015625,1486.2894287109375,1295.7469482421875,1528.1063232421875,1284.3960571289062,1507.1978759765625,22.7017822265625,41.81689453125
IMG_0044.mp4,35,1.1666666666666667,30.0,10,1,traffic_lights,0.2543983459472656,1898.1776123046875,962.0731201171875,2043.69873046875,1205.576904296875,1970.9381713867188,1083.8250122070312,145.5211181640625,243.5037841796875
IMG_0044.mp4,35,1.1666666666666667,30.0,1,2,traffic_signs,0.8522816896438599,1229.95166015625,1525.7537841796875,1254.9197998046875,1579.080810546875,1242.4357299804688,1552.4172973632812,24.9681396484375,53.3270263671875
IMG_0044.mp4,35,1.1666666666666667,30.0,11,1,traffic_lights,0.39669156074523926,1739.12744140625,780.9376831054688,1861.788818359375,1193.0311279296875,1800.4581298828125,986.9844055175781,122.661376953125,412.09344482421875
IMG_0044.mp4,35,1.1666666666666667,30.0,5,2,traffic_signs,0.8590672612190247,1943.658203125,1557.3822021484375,2080.197021484375,1707.7698974609375,2011.9276123046875,1632.5760498046875,136.538818359375,150.3876953125
IMG_0044.mp4,35,1.1666666666666667,30.0,2,2,traffic_signs,0.8283774256706238,1531.6890869140625,1559.3848876953125,1559.2701416015625,1607.0528564453125,1545.4796142578125,1583.2188720703125,27.5810546875,47.66796875
IMG_0044.mp4,35,1.1666666666666667,30.0,3,1,traffic_lights,0.6778044104576111,2456.36181640625,1338.4351806640625,2515.5859375,1403.730712890625,2485.973876953125,1371.0829467773438,59.22412109375,65.2955322265625
IMG_0044.mp4,35,1.1666666666666667,30.0,9,0,auth_label,0.5649860501289368,253.8414764404297,1281.7666015625,462.4515686035156,1691.74951171875,358.14652252197266,1486.758056640625,208.61009216308594,409.98291015625
IMG_0044.mp4,36,1.2,30.0,4,2,traffic_signs,0.7973690629005432,1274.0460205078125,1484.214599609375,1296.8277587890625,1527.173828125,1285.4368896484375,1505.6942138671875,22.78173828125,42.959228515625
IMG_0044.mp4,36,1.2,30.0,1,2,traffic_signs,0.8596757650375366,1230.719970703125,1525.25732421875,1255.384033203125,1577.234130859375,1243.052001953125,1551.2457275390625,24.6640625,51.976806640625
IMG_0044.mp4,36,1.2,30.0,11,1,traffic_lights,0.3246835470199585,1728.234375,789.0048217773438,1861.3155517578125,1194.707275390625,1794.7749633789062,991.8560485839844,133.0811767578125,405.70245361328125
IMG_0044.mp4,36,1.2,30.0,5,2,traffic_signs,0.7843127846717834,1943.1796875,1556.1207275390625,2079.498046875,1705.9033203125,2011.3388671875,1631.0120239257812,136.318359375,149.7825927734375
IMG_0044.mp4,36,1.2,30.0,2,2,traffic_signs,0.8256146907806396,1532.089599609375,1557.8544921875,1559.7628173828125,1605.4837646484375,1545.9262084960938,1581.6691284179688,27.6732177734375,47.6292724609375
IMG_0044.mp4,36,1.2,30.0,3,1,traffic_lights,0.7264074087142944,2456.20068359375,1336.8211669921875,2515.905029296875,1401.1827392578125,2486.0528564453125,1369.001953125,59.704345703125,64.361572265625
IMG_0044.mp4,36,1.2,30.0,9,0,auth_label,0.28602051734924316,256.0655212402344,1280.98681640625,464.806640625,1683.42138671875,360.4360809326172,1482.2041015625,208.74111938476562,402.4345703125
IMG_0044.mp4,36,1.2,30.0,17,1,traffic_lights,0.25043800473213196,422.1663818359375,1003.3471069335938,473.2356262207031,1116.95458984375,447.7010040283203,1060.1508483886719,51.069244384765625,113.60748291015625
IMG_0044.mp4,37,1.2333333333333334,30.0,4,2,traffic_signs,0.7953859567642212,1274.106689453125,1483.5015869140625,1296.987548828125,1526.8751220703125,1285.547119140625,1505.1883544921875,22.880859375,43.37353515625
IMG_0044.mp4,37,1.2333333333333334,30.0,1,2,traffic_signs,0.8573065400123596,1230.80224609375,1525.1407470703125,1255.1497802734375,1576.132568359375,1242.9760131835938,1550.6366577148438,24.3475341796875,50.9918212890625
IMG_0044.mp4,37,1.2333333333333334,30.0,5,2,traffic_signs,0.8164299726486206,1942.7103271484375,1555.518798828125,2079.31884765625,1704.983154296875,2011.0145874023438,1630.2509765625,136.6085205078125,149.46435546875
IMG_0044.mp4,37,1.2333333333333334,30.0,2,2,traffic_signs,0.8321136832237244,1532.143798828125,1557.169189453125,1560.060546875,1605.3809814453125,1546.1021728515625,1581.2750854492188,27.916748046875,48.2117919921875
IMG_0044.mp4,37,1.2333333333333334,30.0,3,1,traffic_lights,0.769894540309906,2455.974365234375,1335.7259521484375,2516.17724609375,1400.043701171875,2486.0758056640625,1367.8848266601562,60.202880859375,64.3177490234375
IMG_0044.mp4,37,1.2333333333333334,30.0,17,1,traffic_lights,0.5312889218330383,422.55426025390625,1001.166259765625,474.37615966796875,1115.8665771484375,448.4652099609375,1058.5164184570312,51.8218994140625,114.7003173828125
IMG_0044.mp4,38,1.2666666666666666,30.0,4,2,traffic_signs,0.8003091216087341,1274.31396484375,1483.1517333984375,1297.6318359375,1527.021728515625,1285.972900390625,1505.0867309570312,23.31787109375,43.8699951171875
IMG_0044.mp4,38,1.2666666666666666,30.0,1,2,traffic_signs,0.8609753847122192,1231.072998046875,1524.655029296875,1255.572998046875,1576.076416015625,1243.322998046875,1550.36572265625,24.5,51.42138671875
IMG_0044.mp4,38,1.2666666666666666,30.0,5,2,traffic_signs,0.8048974275588989,1942.30908203125,1554.707763671875,2078.999755859375,1704.7257080078125,2010.6544189453125,1629.7167358398438,136.690673828125,150.0179443359375
IMG_0044.mp4,38,1.2666666666666666,30.0,2,2,traffic_signs,0.8309427499771118,1531.91796875,1557.1474609375,1560.338134765625,1605.1505126953125,1546.1280517578125,1581.1489868164062,28.420166015625,48.0030517578125
IMG_0044.mp4,38,1.2666666666666666,30.0,3,1,traffic_lights,0.44360679388046265,2457.65673828125,1335.9405517578125,2515.223876953125,1399.39306640625,2486.4403076171875,1367.6668090820312,57.567138671875,63.4525146484375
IMG_0044.mp4,38,1.2666666666666666,30.0,17,1,traffic_lights,0.40760210156440735,423.0343017578125,1001.6102905273438,475.1751403808594,1116.8624267578125,449.10472106933594,1059.2363586425781,52.140838623046875,115.25213623046875
IMG_0044.mp4,38,1.2666666666666666,30.0,11,1,traffic_lights,0.5880193114280701,1724.130859375,797.788818359375,1859.9547119140625,1194.6446533203125,1792.0427856445312,996.2167358398438,135.8238525390625,396.8558349609375
IMG_0044.mp4,39,1.3,30.0,4,2,traffic_signs,0.7991490364074707,1274.2750244140625,1483.1593017578125,1297.539794921875,1527.4342041015625,1285.9074096679688,1505.2967529296875,23.2647705078125,44.27490234375
IMG_0044.mp4,39,1.3,30.0,1,2,traffic_signs,0.861139714717865,1230.9139404296875,1524.7874755859375,1255.3817138671875,1576.56005859375,1243.1478271484375,1550.6737670898438,24.4677734375,51.7725830078125
IMG_0044.mp4,39,1.3,30.0,5,2,traffic_signs,0.8295777440071106,1942.1617431640625,1554.97998046875,2079.01513671875,1704.8834228515625,2010.5884399414062,1629.9317016601562,136.8533935546875,149.9034423828125
IMG_0044.mp4,39,1.3,30.0,2,2,traffic_signs,0.8336474299430847,1531.578125,1557.062744140625,1560.2984619140625,1605.3607177734375,1545.9382934570312,1581.2117309570312,28.7203369140625,48.2979736328125
IMG_0044.mp4,39,1.3,30.0,3,1,traffic_lights,0.5273208022117615,2457.337646484375,1336.415283203125,2514.67529296875,1399.284423828125,2486.0064697265625,1367.849853515625,57.337646484375,62.869140625
IMG_0044.mp4,39,1.3,30.0,11,1,traffic_lights,0.3457689881324768,1720.1561279296875,792.4732666015625,1860.2347412109375,1195.2076416015625,1790.1954345703125,993.8404541015625,140.07861328125,402.734375
IMG_0044.mp4,40,1.3333333333333333,30.0,4,2,traffic_signs,0.7967751622200012,1274.492431640625,1483.0506591796875,1297.634033203125,1527.4688720703125,1286.063232421875,1505.259765625,23.1416015625,44.418212890625
IMG_0044.mp4,40,1.3333333333333333,30.0,1,2,traffic_signs,0.8630436062812805,1231.026611328125,1524.4454345703125,1255.3619384765625,1576.1756591796875,1243.1942749023438,1550.310546875,24.3353271484375,51.730224609375
IMG_0044.mp4,40,1.3333333333333333,30.0,5,2,traffic_signs,0.770551860332489,1942.1956787109375,1554.6622314453125,2079.227294921875,1704.1541748046875,2010.7114868164062,1629.408203125,137.0316162109375,149.491943359375
IMG_0044.mp4,40,1.3333333333333333,30.0,2,2,traffic_signs,0.8426733016967773,1531.3668212890625,1556.5462646484375,1560.8380126953125,1605.513916015625,1546.1024169921875,1581.0300903320312,29.47119140625,48.9676513671875
IMG_0044.mp4,40,1.3333333333333333,30.0,3,1,traffic_lights,0.43376171588897705,2458.7451171875,1336.72509765625,2514.4755859375,1398.950439453125,2486.6103515625,1367.8377685546875,55.73046875,62.225341796875
IMG_0044.mp4,40,1.3333333333333333,30.0,11,1,traffic_lights,0.2878275215625763,1731.5107421875,783.8546142578125,1861.968017578125,1195.85693359375,1796.7393798828125,989.8557739257812,130.457275390625,412.0023193359375
IMG_0044.mp4,40,1.3333333333333333,30.0,17,1,traffic_lights,0.3641217052936554,423.085693359375,1000.957763671875,474.9382019042969,1116.3427734375,449.01194763183594,1058.6502685546875,51.852508544921875,115.385009765625
IMG_0044.mp4,41,1.3666666666666667,30.0,4,2,traffic_signs,0.799604058265686,1274.31884765625,1482.7266845703125,1297.9527587890625,1528.0848388671875,1286.1358032226562,1505.40576171875,23.6339111328125,45.358154296875
IMG_0044.mp4,41,1.3666666666666667,30.0,1,2,traffic_signs,0.8619126677513123,1230.9180908203125,1524.531982421875,1255.3443603515625,1575.960693359375,1243.1312255859375,1550.246337890625,24.42626953125,51.4287109375
IMG_0044.mp4,41,1.3666666666666667,30.0,5,2,traffic_signs,0.7575399279594421,1942.2237548828125,1554.9931640625,2079.026123046875,1703.7713623046875,2010.6249389648438,1629.3822631835938,136.8023681640625,148.7781982421875
IMG_0044.mp4,41,1.3666666666666667,30.0,2,2,traffic_signs,0.8395291566848755,1531.4090576171875,1556.5849609375,1561.0648193359375,1605.73486328125,1546.2369384765625,1581.159912109375,29.65576171875,49.14990234375
IMG_0044.mp4,41,1.3666666666666667,30.0,3,1,traffic_lights,0.487474650144577,2457.18701171875,1337.4681396484375,2515.064697265625,1398.9371337890625,2486.1258544921875,1368.20263671875,57.877685546875,61.468994140625
IMG_0044.mp4,41,1.3666666666666667,30.0,17,1,traffic_lights,0.394780695438385,422.98394775390625,1000.2745361328125,475.20654296875,1116.911865234375,449.0952453613281,1058.5932006835938,52.22259521484375,116.6373291015625
IMG_0044.mp4,42,1.4,30.0,4,2,traffic_signs,0.7988288998603821,1273.7706298828125,1482.7288818359375,1298.0203857421875,1528.2083740234375,1285.8955078125,1505.4686279296875,24.249755859375,45.4794921875
IMG_0044.mp4,42,1.4,30.0,1,2,traffic_signs,0.8637959957122803,1230.726318359375,1524.48486328125,1255.845703125,1576.20947265625,1243.2860107421875,1550.34716796875,25.119384765625,51.724609375
IMG_0044.mp4,42,1.4,30.0,5,2,traffic_signs,0.8002414703369141,1942.045654296875,1554.5423583984375,2078.833740234375,1699.68701171875,2010.439697265625,1627.1146850585938,136.7880859375,145.1446533203125
IMG_0044.mp4,42,1.4,30.0,2,2,traffic_signs,0.8388412594795227,1531.177001953125,1556.1180419921875,1561.4404296875,1606.153564453125,1546.3087158203125,1581.1358032226562,30.263427734375,50.0355224609375
IMG_0044.mp4,42,1.4,30.0,3,1,traffic_lights,0.5333585143089294,2455.035888671875,1337.6737060546875,2517.3837890625,1398.31494140625,2486.2098388671875,1367.9943237304688,62.347900390625,60.6412353515625
IMG_0044.mp4,42,1.4,30.0,11,1,traffic_lights,0.33524414896965027,1732.2880859375,796.1187133789062,1859.530029296875,1192.60498046875,1795.9090576171875,994.3618469238281,127.241943359375,396.48626708984375
IMG_0044.mp4,44,1.4666666666666666,30.0,5,2,traffic_signs,0.684184730052948,1943.1890869140625,1555.4866943359375,2078.806640625,1702.0440673828125,2010.9978637695312,1628.765380859375,135.6175537109375,146.557373046875
IMG_0044.mp4,44,1.4666666666666666,30.0,2,2,traffic_signs,0.8403642773628235,1531.48388671875,1557.59033203125,1560.3607177734375,1603.759033203125,1545.9223022460938,1580.6746826171875,28.8768310546875,46.168701171875
IMG_0044.mp4,44,1.4666666666666666,30.0,3,1,traffic_lights,0.7050527930259705,2455.124755859375,1336.9173583984375,2517.59814453125,1397.1949462890625,2486.3614501953125,1367.05615234375,62.473388671875,60.277587890625
IMG_0044.mp4,45,1.5,30.0,5,2,traffic_signs,0.8312932252883911,1943.0225830078125,1555.7742919921875,2079.45849609375,1705.033203125,2011.2405395507812,1630.4037475585938,136.4359130859375,149.2589111328125
IMG_0044.mp4,45,1.5,30.0,2,2,traffic_signs,0.8112784624099731,1531.8287353515625,1557.688232421875,1559.6883544921875,1605.742919921875,1545.758544921875,1581.715576171875,27.859619140625,48.0546875
IMG_0044.mp4,45,1.5,30.0,3,1,traffic_lights,0.610297441482544,2456.768798828125,1336.900390625,2516.6669921875,1399.08056640625,2486.7178955078125,1367.990478515625,59.898193359375,62.18017578125
IMG_0044.mp4,45,1.5,30.0,4,2,traffic_signs,0.7681444883346558,1273.412353515625,1484.940185546875,1295.7159423828125,1526.804931640625,1284.5641479492188,1505.87255859375,22.3035888671875,41.86474609375
IMG_0044.mp4,45,1.5,30.0,1,2,traffic_signs,0.859328031539917,1230.277099609375,1524.855224609375,1255.2796630859375,1576.802490234375,1242.7783813476562,1550.828857421875,25.0025634765625,51.947265625
IMG_0044.mp4,46,1.5333333333333334,30.0,5,2,traffic_signs,0.8858103156089783,1943.1749267578125,1557.626953125,2080.0791015625,1708.41748046875,2011.6270141601562,1633.022216796875,136.9041748046875,150.79052734375
IMG_0044.mp4,46,1.5333333333333334,30.0,2,2,traffic_signs,0.8099427819252014,1530.9432373046875,1560.3560791015625,1558.0660400390625,1607.3319091796875,1544.504638671875,1583.843994140625,27.122802734375,46.975830078125
IMG_0044.mp4,46,1.5333333333333334,30.0,3,1,traffic_lights,0.7238162755966187,2470.7734375,1342.80126953125,2518.371826171875,1401.2645263671875,2494.5726318359375,1372.0328979492188,47.598388671875,58.4632568359375
IMG_0044.mp4,46,1.5333333333333334,30.0,4,2,traffic_signs,0.777970016002655,1270.419189453125,1485.9591064453125,1293.2572021484375,1529.8792724609375,1281.8381958007812,1507.919189453125,22.8380126953125,43.920166015625
IMG_0044.mp4,46,1.5333333333333334,30.0,1,2,traffic_signs,0.8559709787368774,1227.0482177734375,1526.4749755859375,1253.4581298828125,1580.7913818359375,1240.253173828125,1553.6331787109375,26.409912109375,54.31640625
IMG_0044.mp4,46,1.5333333333333334,30.0,21,1,traffic_lights,0.3133055865764618,591.4759521484375,1446.6114501953125,633.861572265625,1528.282958984375,612.6687622070312,1487.4472045898438,42.3856201171875,81.6715087890625
IMG_0044.mp4,46,1.5333333333333334,30.0,15,1,traffic_lights,0.3185628652572632,1620.389892578125,954.5011596679688,1725.2872314453125,1202.5325927734375,1672.8385620117188,1078.5168762207031,104.8973388671875,248.03143310546875
IMG_0044.mp4,46,1.5333333333333334,30.0,10,1,traffic_lights,0.9184312224388123,1901.314208984375,960.1094970703125,2043.2772216796875,1207.34033203125,1972.2957153320312,1083.7249145507812,141.9630126953125,247.2308349609375
IMG_0044.mp4,46,1.5333333333333334,30.0,9,0,auth_label,0.43402573466300964,253.32550048828125,1280.73974609375,464.83172607421875,1706.789794921875,359.07861328125,1493.7647705078125,211.5062255859375,426.050048828125
IMG_0044.mp4,46,1.5333333333333334,30.0,17,1,traffic_lights,0.44071322679519653,416.39215087890625,1001.3445434570312,466.7837219238281,1115.492431640625,441.5879364013672,1058.4184875488281,50.391571044921875,114.14788818359375
IMG_0044.mp4,46,1.5333333333333334,30.0,11,1,traffic_lights,0.5241011381149292,1739.6043701171875,800.9898071289062,1859.586669921875,1192.3592529296875,1799.5955200195312,996.6745300292969,119.9822998046875,391.36944580078125
IMG_0044.mp4,47,1.5666666666666667,30.0,5,2,traffic_signs,0.9129864573478699,1943.3150634765625,1558.5654296875,2080.52294921875,1710.538330078125,2011.9190063476562,1634.5518798828125,137.2078857421875,151.972900390625
IMG_0044.mp4,47,1.5666666666666667,30.0,2,2,traffic_signs,0.8232115507125854,1530.6561279296875,1561.52099609375,1557.32275390625,1608.5853271484375,1543.9894409179688,1585.0531616210938,26.6666259765625,47.0643310546875
IMG_0044.mp4,47,1.5666666666666667,30.0,3,1,traffic_lights,0.5216865539550781,2462.88720703125,1346.783203125,2517.252197265625,1404.3890380859375,2490.0697021484375,1375.5861206054688,54.364990234375,57.6058349609375
IMG_0044.mp4,47,1.5666666666666667,30.0,4,2,traffic_signs,0.7682346701622009,1268.8814697265625,1486.5931396484375,1292.249755859375,1530.93505859375,1280.5656127929688,1508.7640991210938,23.3682861328125,44.3419189453125
IMG_0044.mp4,47,1.5666666666666667,30.0,1,2,traffic_signs,0.844293475151062,1225.8154296875,1527.55126953125,1252.268310546875,1582.16259765625,1239.0418701171875,1554.85693359375,26.452880859375,54.611328125
IMG_0044.mp4,47,1.5666666666666667,30.0,21,1,traffic_lights,0.25816139578819275,590.7278442382812,1447.167236328125,634.339111328125,1528.9462890625,612.5334777832031,1488.0567626953125,43.61126708984375,81.779052734375
IMG_0044.mp4,47,1.5666666666666667,30.0,15,1,traffic_lights,0.4043404459953308,1620.1300048828125,953.9965209960938,1725.755615234375,1202.5245361328125,1672.9428100585938,1078.2605285644531,105.6256103515625,248.52801513671875
IMG_0044.mp4,47,1.5666666666666667,30.0,10,1,traffic_lights,0.9148451089859009,1901.8055419921875,960.54541015625,2043.424072265625,1207.8480224609375,1972.6148071289062,1084.1967163085938,141.6185302734375,247.3026123046875
IMG_0044.mp4,47,1.5666666666666667,30.0,9,0,auth_label,0.5650939345359802,250.8553466796875,1279.8768310546875,460.441162109375,1709.0775146484375,355.64825439453125,1494.4771728515625,209.5858154296875,429.20068359375
IMG_0044.mp4,47,1.5666666666666667,30.0,17,1,traffic_lights,0.29524895548820496,414.1765441894531,1001.9231567382812,463.4562683105469,1116.3157958984375,438.81640625,1059.1194763183594,49.27972412109375,114.39263916015625
IMG_0044.mp4,47,1.5666666666666667,30.0,11,1,traffic_lights,0.5267539620399475,1740.63916015625,799.3380126953125,1859.517822265625,1192.1358642578125,1800.0784912109375,995.7369384765625,118.878662109375,392.7978515625
IMG_0044.mp4,48,1.6,30.0,5,2,traffic_signs,0.9087352752685547,1942.9803466796875,1557.98583984375,2079.9736328125,1709.438232421875,2011.4769897460938,1633.7120361328125,136.9932861328125,151.452392578125
IMG_0044.mp4,48,1.6,30.0,2,2,traffic_signs,0.7978604435920715,1531.3280029296875,1560.4171142578125,1557.3577880859375,1607.2462158203125,1544.3428955078125,1583.8316650390625,26.02978515625,46.8291015625
IMG_0044.mp4,48,1.6,30.0,3,1,traffic_lights,0.6422057151794434,2459.15185546875,1344.237060546875,2516.014404296875,1403.4815673828125,2487.5831298828125,1373.8593139648438,56.862548828125,59.2445068359375
IMG_0044.mp4,48,1.6,30.0,4,2,traffic_signs,0.7662273645401001,1269.6051025390625,1486.085693359375,1292.66455078125,1530.4359130859375,1281.1348266601562,1508.2608032226562,23.0594482421875,44.3502197265625
IMG_0044.mp4,48,1.6,30.0,1,2,traffic_signs,0.8523744940757751,1226.375,1526.2528076171875,1253.075439453125,1581.4732666015625,1239.7252197265625,1553.863037109375,26.700439453125,55.220458984375
IMG_0044.mp4,48,1.6,30.0,21,1,traffic_lights,0.27575600147247314,592.8568725585938,1447.8780517578125,636.2897338867188,1528.5201416015625,614.5733032226562,1488.1990966796875,43.432861328125,80.64208984375
IMG_0044.mp4,48,1.6,30.0,15,1,traffic_lights,0.252975732088089,1620.2796630859375,953.1781616210938,1725.4056396484375,1201.709228515625,1672.8426513671875,1077.4436950683594,105.1259765625,248.53106689453125
IMG_0044.mp4,48,1.6,30.0,10,1,traffic_lights,0.9106749892234802,1901.0537109375,960.4606323242188,2043.2252197265625,1207.8856201171875,1972.1394653320312,1084.1731262207031,142.1715087890625,247.42498779296875
IMG_0044.mp4,48,1.6,30.0,9,0,auth_label,0.5356325507164001,252.53883361816406,1280.220703125,464.8406982421875,1707.6641845703125,358.6897659301758,1493.9424438476562,212.30186462402344,427.4434814453125
IMG_0044.mp4,48,1.6,30.0,11,1,traffic_lights,0.5659894943237305,1740.5845947265625,798.6531982421875,1859.7606201171875,1190.6378173828125,1800.172607421875,994.6455078125,119.176025390625,391.984619140625
IMG_0044.mp4,49,1.6333333333333333,30.0,5,2,traffic_signs,0.9165030717849731,1943.495849609375,1557.24951171875,2079.83984375,1708.3031005859375,2011.6678466796875,1632.7763061523438,136.343994140625,151.0535888671875
IMG_0044.mp4,49,1.6333333333333333,30.0,2,2,traffic_signs,0.8095912337303162,1531.301025390625,1559.678955078125,1558.2489013671875,1607.059326171875,1544.7749633789062,1583.369140625,26.9478759765625,47.38037109375
IMG_0044.mp4,49,1.6333333333333333,30.0,3,1,traffic_lights,0.648460865020752,2457.65771484375,1342.4666748046875,2515.813232421875,1402.0390625,2486.7354736328125,1372.2528686523438,58.155517578125,59.5723876953125
IMG_0044.mp4,49,1.6333333333333333,30.0,4,2,traffic_signs,0.782909095287323,1270.5635986328125,1486.0426025390625,1294.0146484375,1529.914306640625,1282.2891235351562,1507.9784545898438,23.4510498046875,43.8717041015625
IMG_0044.mp4,49,1.6333333333333333,30.0,1,2,traffic_signs,0.8587170243263245,1227.4197998046875,1525.498779296875,1254.3321533203125,1580.7181396484375,1240.8759765625,1553.1084594726562,26.912353515625,55.2193603515625
IMG_0044.mp4,49,1.6333333333333333,30.0,15,1,traffic_lights,0.25867950916290283,1620.337158203125,954.2522583007812,1725.3260498046875,1202.0670166015625,1672.8316040039062,1078.1596374511719,104.9888916015625,247.81475830078125
IMG_0044.mp4,49,1.6333333333333333,30.0,10,1,traffic_lights,0.8643850684165955,1900.6541748046875,960.0759887695312,2043.699951171875,1206.5504150390625,1972.1770629882812,1083.3132019042969,143.0457763671875,246.47442626953125
IMG_0044.mp4,49,1.6333333333333333,30.0,9,0,auth_label,0.7358227968215942,251.78005981445312,1282.6048583984375,462.70166015625,1707.03564453125,357.24085998535156,1494.8202514648438,210.92160034179688,424.4307861328125
IMG_0044.mp4,49,1.6333333333333333,30.0,11,1,traffic_lights,0.34583383798599243,1740.7227783203125,804.0848999023438,1859.640625,1190.7061767578125,1800.1817016601562,997.3955383300781,118.9178466796875,386.62127685546875
IMG_0044.mp4,49,1.6333333333333333,30.0,17,1,traffic_lights,0.37404999136924744,418.2458190917969,1002.7137451171875,467.87139892578125,1115.7069091796875,443.05860900878906,1059.2103271484375,49.625579833984375,112.9931640625
IMG_0044.mp4,50,1.6666666666666667,30.0,5,2,traffic_signs,0.899635910987854,1943.3797607421875,1556.8575439453125,2079.547607421875,1707.3145751953125,2011.4636840820312,1632.0860595703125,136.1678466796875,150.45703125
IMG_0044.mp4,50,1.6666666666666667,30.0,2,2,traffic_signs,0.8178969621658325,1531.2869873046875,1559.0469970703125,1558.5679931640625,1606.3084716796875,1544.927490234375,1582.677734375,27.281005859375,47.261474609375
IMG_0044.mp4,50,1.6666666666666667,30.0,3,1,traffic_lights,0.572016179561615,2457.01220703125,1340.51513671875,2515.876708984375,1401.6234130859375,2486.4444580078125,1371.0692749023438,58.864501953125,61.1082763671875
IMG_0044.mp4,50,1.6666666666666667,30.0,4,2,traffic_signs,0.7907112240791321,1271.6171875,1485.5364990234375,1294.7755126953125,1528.71435546875,1283.1963500976562,1507.1254272460938,23.1583251953125,43.1778564453125
IMG_0044.mp4,50,1.6666666666666667,30.0,1,2,traffic_signs,0.8586307764053345,1228.84423828125,1524.9608154296875,1254.7738037109375,1579.666259765625,1241.8090209960938,1552.3135375976562,25.9295654296875,54.7054443359375
IMG_0044.mp4,50,1.6666666666666667,30.0,10,1,traffic_lights,0.8964115977287292,1901.4847412109375,959.4283447265625,2043.927490234375,1206.2008056640625,1972.7061157226562,1082.8145751953125,142.4427490234375,246.7724609375
IMG_0044.mp4,50,1.6666666666666667,30.0,9,0,auth_label,0.7721554040908813,253.13967895507812,1283.460693359375,460.9427185058594,1701.2484130859375,357.04119873046875,1492.3545532226562,207.80303955078125,417.7877197265625
IMG_0044.mp4,50,1.6666666666666667,30.0,11,1,traffic_lights,0.5527587532997131,1740.11669921875,796.6432495117188,1860.422607421875,1193.0987548828125,1800.2696533203125,994.8710021972656,120.305908203125,396.45550537109375
IMG_0044.mp4,50,1.6666666666666667,30.0,17,1,traffic_lights,0.5564458966255188,419.8466796875,1001.3099975585938,470.1730651855469,1115.6253662109375,445.00987243652344,1058.4676818847656,50.326385498046875,114.31536865234375
IMG_0044.mp4,51,1.7,30.0,2,2,traffic_signs,0.7803236246109009,1530.9290771484375,1558.0235595703125,1558.50048828125,1606.478271484375,1544.7147827148438,1582.2509155273438,27.5714111328125,48.4547119140625
IMG_0044.mp4,51,1.7,30.0,4,2,traffic_signs,0.7770086526870728,1272.048583984375,1484.9217529296875,1295.4332275390625,1528.623291015625,1283.7409057617188,1506.7725219726562,23.3846435546875,43.7015380859375
IMG_0044.mp4,51,1.7,30.0,1,2,traffic_signs,0.8606202006340027,1229.422607421875,1524.324951171875,1254.9176025390625,1578.4222412109375,1242.1701049804688,1551.3735961914062,25.4949951171875,54.0972900390625
IMG_0044.mp4,51,1.7,30.0,9,0,auth_label,0.5939639806747437,251.88682556152344,1281.8543701171875,462.7981872558594,1697.6676025390625,357.3425064086914,1489.760986328125,210.91136169433594,415.813232421875
IMG_0044.mp4,51,1.7,30.0,11,1,traffic_lights,0.8073473572731018,1666.347900390625,804.917724609375,1861.6412353515625,1196.1875,1763.9945678710938,1000.5526123046875,195.2933349609375,391.269775390625
IMG_0044.mp4,51,1.7,30.0,17,1,traffic_lights,0.6724495887756348,421.273193359375,1000.4572143554688,471.03680419921875,1115.387939453125,446.1549987792969,1057.9225769042969,49.76361083984375,114.93072509765625
IMG_0044.mp4,52,1.7333333333333334,30.0,2,2,traffic_signs,0.7888577580451965,1531.2919921875,1558.003173828125,1558.489990234375,1604.038818359375,1544.8909912109375,1581.02099609375,27.197998046875,46.03564453125
IMG_0044.mp4,52,1.7333333333333334,30.0,4,2,traffic_signs,0.7701287865638733,1272.5482177734375,1485.4468994140625,1295.3446044921875,1526.421142578125,1283.9464111328125,1505.9340209960938,22.79638671875,40.9742431640625
IMG_0044.mp4,52,1.7333333333333334,30.0,1,2,traffic_signs,0.8353946805000305,1230.0777587890625,1525.054443359375,1255.10107421875,1576.560791015625,1242.5894165039062,1550.8076171875,25.0233154296875,51.50634765625
IMG_0044.mp4,52,1.7333333333333334,30.0,9,0,auth_label,0.5058721303939819,249.45664978027344,1281.365234375,462.2469177246094,1691.4202880859375,355.8517837524414,1486.3927612304688,212.79026794433594,410.0550537109375
IMG_0044.mp4,52,1.7333333333333334,30.0,17,1,traffic_lights,0.5030679106712341,421.4466857910156,1002.8510131835938,471.15582275390625,1115.1871337890625,446.30125427246094,1059.0190734863281,49.709136962890625,112.33612060546875
IMG_0044.mp4,52,1.7333333333333334,30.0,33,2,traffic_signs,0.5550459623336792,630.9182739257812,1432.5052490234375,656.2861328125,1484.4244384765625,643.6022033691406,1458.46484375,25.36785888671875,51.919189453125
IMG_0044.mp4,52,1.7333333333333334,30.0,3,1,traffic_lights,0.6384181976318359,2457.583251953125,1336.7518310546875,2516.876220703125,1399.951904296875,2487.229736328125,1368.3518676757812,59.29296875,63.2000732421875
IMG_0044.mp4,53,1.7666666666666666,30.0,2,2,traffic_signs,0.8013310432434082,1530.3543701171875,1560.6658935546875,1557.2822265625,1606.516357421875,1543.8182983398438,1583.5911254882812,26.9278564453125,45.8504638671875
IMG_0044.mp4,53,1.7666666666666666,30.0,9,0,auth_label,0.710157036781311,246.7281951904297,1283.9114990234375,460.9346618652344,1699.8184814453125,353.83142852783203,1491.864990234375,214.2064666748047,415.906982421875
IMG_0044.mp4,53,1.7666666666666666,30.0,17,1,traffic_lights,0.3310607075691223,416.14739990234375,1004.1592407226562,465.4896240234375,1115.5025634765625,440.8185119628906,1059.8309020996094,49.34222412109375,111.34332275390625
IMG_0044.mp4,53,1.7666666666666666,30.0,3,1,traffic_lights,0.7437805533409119,2459.568115234375,1340.7640380859375,2519.171142578125,1403.49951171875,2489.36962890625,1372.1317749023438,59.60302734375,62.7354736328125
IMG_0044.mp4,53,1.7666666666666666,30.0,21,1,traffic_lights,0.6372362971305847,594.226318359375,1446.8175048828125,632.8302001953125,1528.8043212890625,613.5282592773438,1487.8109130859375,38.6038818359375,81.98681640625
IMG_0044.mp4,53,1.7666666666666666,30.0,5,2,traffic_signs,0.9038336873054504,1943.6337890625,1558.856201171875,2079.82958984375,1709.7359619140625,2011.731689453125,1634.2960815429688,136.19580078125,150.8797607421875
IMG_0044.mp4,53,1.7666666666666666,30.0,10,1,traffic_lights,0.8105489015579224,1901.7896728515625,961.534423828125,2043.869384765625,1207.713134765625,1972.8295288085938,1084.623779296875,142.0797119140625,246.1787109375
IMG_0044.mp4,54,1.8,30.0,9,0,auth_label,0.45081064105033875,237.97659301757812,1279.6929931640625,461.9505920410156,1720.7359619140625,349.9635925292969,1500.2144775390625,223.9739990234375,441.04296875
IMG_0044.mp4,54,1.8,30.0,5,2,traffic_signs,0.7880119681358337,1943.770751953125,1560.7852783203125,2080.875,1712.1229248046875,2012.3228759765625,1636.4541015625,137.104248046875,151.337646484375
IMG_0044.mp4,54,1.8,30.0,10,1,traffic_lights,0.3566131293773651,1903.863525390625,961.9998168945312,2044.095458984375,1209.5189208984375,1973.9794921875,1085.7593688964844,140.23193359375,247.51910400390625
IMG_0044.mp4,54,1.8,30.0,11,1,traffic_lights,0.6827452182769775,1723.9827880859375,810.9928588867188,1859.173095703125,1192.936279296875,1791.5779418945312,1001.9645690917969,135.1903076171875,381.94342041015625
IMG_0044.mp4,54,1.8,30.0,4,2,traffic_signs,0.4522084593772888,1267.9176025390625,1487.2574462890625,1292.6365966796875,1530.6837158203125,1280.277099609375,1508.9705810546875,24.718994140625,43.42626953125
IMG_0044.mp4,54,1.8,30.0,1,2,traffic_signs,0.6708012223243713,1224.8341064453125,1529.4183349609375,1251.5474853515625,1582.76611328125,1238.1907958984375,1556.0922241210938,26.71337890625,53.3477783203125
IMG_0044.mp4,55,1.8333333333333333,30.0,5,2,traffic_signs,0.5135436654090881,1944.28466796875,1561.8450927734375,2081.8798828125,1713.53662109375,2013.082275390625,1637.6908569335938,137.59521484375,151.6915283203125
IMG_0044.mp4,55,1.8333333333333333,30.0,10,1,traffic_lights,0.677466094493866,1904.2432861328125,962.128662109375,2044.007568359375,1210.8477783203125,1974.1254272460938,1086.4882202148438,139.7642822265625,248.7191162109375
IMG_0044.mp4,55,1.8333333333333333,30.0,11,1,traffic_lights,0.32721707224845886,1740.6953125,811.70556640625,1858.3251953125,1196.94775390625,1799.51025390625,1004.32666015625,117.6298828125,385.2421875
IMG_0044.mp4,56,1.8666666666666667,30.0,5,2,traffic_signs,0.6766731142997742,1943.7916259765625,1560.9052734375,2081.3818359375,1712.2152099609375,2012.5867309570312,1636.5602416992188,137.5902099609375,151.3099365234375
IMG_0044.mp4,56,1.8666666666666667,30.0,10,1,traffic_lights,0.8507261276245117,1904.362548828125,962.0740966796875,2043.552490234375,1209.21923828125,1973.95751953125,1085.6466674804688,139.18994140625,247.1451416015625
IMG_0044.mp4,56,1.8666666666666667,30.0,11,1,traffic_lights,0.7536566853523254,1744.8681640625,807.41943359375,1858.936767578125,1193.7459716796875,1801.9024658203125,1000.5827026367188,114.068603515625,386.3265380859375
IMG_0044.mp4,56,1.8666666666666667,30.0,15,1,traffic_lights,0.2917722463607788,1620.493896484375,958.1851196289062,1729.397216796875,1202.2520751953125,1674.945556640625,1080.2185974121094,108.9033203125,244.06695556640625
IMG_0044.mp4,57,1.9,30.0,5,2,traffic_signs,0.7991178035736084,1943.9434814453125,1560.3642578125,2081.107177734375,1711.5977783203125,2012.5253295898438,1635.9810180664062,137.1636962890625,151.2335205078125
IMG_0044.mp4,57,1.9,30.0,10,1,traffic_lights,0.6725749969482422,1905.8172607421875,962.84326171875,2044.999755859375,1207.822509765625,1975.4085083007812,1085.3328857421875,139.1824951171875,244.979248046875
IMG_0044.mp4,57,1.9,30.0,11,1,traffic_lights,0.6798982620239258,1745.9134521484375,806.6228637695312,1859.58837890625,1192.997802734375,1802.7509155273438,999.8103332519531,113.6749267578125,386.37493896484375
IMG_0044.mp4,57,1.9,30.0,4,2,traffic_signs,0.4316212832927704,1269.8446044921875,1485.574462890625,1292.79443359375,1528.8861083984375,1281.3195190429688,1507.2302856445312,22.9498291015625,43.3116455078125
IMG_0044.mp4,58,1.9333333333333333,30.0,5,2,traffic_signs,0.8279386162757874,1944.0838623046875,1559.1546630859375,2080.862548828125,1711.0262451171875,2012.4732055664062,1635.0904541015625,136.7786865234375,151.87158203125
IMG_0044.mp4,58,1.9333333333333333,30.0,10,1,traffic_lights,0.8770371079444885,1905.0302734375,961.4352416992188,2044.3660888671875,1207.5032958984375,1974.6981811523438,1084.4692687988281,139.3358154296875,246.06805419921875
IMG_0044.mp4,58,1.9333333333333333,30.0,11,1,traffic_lights,0.7590667009353638,1745.1466064453125,807.7456665039062,1860.5072021484375,1189.4390869140625,1802.826904296875,998.5923767089844,115.360595703125,381.69342041015625
IMG_0044.mp4,58,1.9333333333333333,30.0,4,2,traffic_signs,0.7104001641273499,1270.953857421875,1485.7923583984375,1293.00927734375,1527.826171875,1281.9815673828125,1506.8092651367188,22.055419921875,42.0338134765625
IMG_0044.mp4,58,1.9333333333333333,30.0,3,1,traffic_lights,0.3521419167518616,2463.146240234375,1349.662353515625,2515.55517578125,1402.1041259765625,2489.3507080078125,1375.8832397460938,52.408935546875,52.4417724609375
IMG_0044.mp4,58,1.9333333333333333,30.0,1,2,traffic_signs,0.66583651304245,1226.1905517578125,1528.426025390625,1252.8194580078125,1582.6552734375,1239.5050048828125,1555.5406494140625,26.62890625,54.229248046875
IMG_0044.mp4,59,1.9666666666666666,30.0,5,2,traffic_signs,0.9169923067092896,1943.2794189453125,1559.469970703125,2081.017578125,1711.2891845703125,2012.1484985351562,1635.3795776367188,137.7381591796875,151.8192138671875
IMG_0044.mp4,59,1.9666666666666666,30.0,10,1,traffic_lights,0.3369777500629425,1902.968994140625,961.4005737304688,2043.968994140625,1209.3883056640625,1973.468994140625,1085.3944396972656,141.0,247.98773193359375
IMG_0044.mp4,59,1.9666666666666666,30.0,11,1,traffic_lights,0.6737266778945923,1744.8330078125,810.1027221679688,1861.1336669921875,1188.7276611328125,1802.9833374023438,999.4151916503906,116.3006591796875,378.62493896484375
IMG_0044.mp4,59,1.9666666666666666,30.0,4,2,traffic_signs,0.5362740159034729,1270.8583984375,1485.0758056640625,1293.569580078125,1527.3045654296875,1282.2139892578125,1506.190185546875,22.711181640625,42.228759765625
IMG_0044.mp4,60,2.0,30.0,10,1,traffic_lights,0.26994404196739197,1907.7525634765625,964.4689331054688,2043.94482421875,1198.5078125,1975.8486938476562,1081.4883728027344,136.1922607421875,234.03887939453125
IMG_0044.mp4,61,2.033333333333333,30.0,2,2,traffic_signs,0.7230038046836853,1527.7530517578125,1564.572021484375,1555.6329345703125,1607.76318359375,1541.6929931640625,1586.1676025390625,27.8798828125,43.191162109375
IMG_0044.mp4,61,2.033333333333333,30.0,1,2,traffic_signs,0.7840602993965149,1223.0655517578125,1530.48828125,1251.2193603515625,1585.015380859375,1237.1424560546875,1557.7518310546875,28.15380859375,54.527099609375
IMG_0044.mp4,61,2.033333333333333,30.0,4,2,traffic_signs,0.6573034524917603,1266.560791015625,1487.2694091796875,1291.9033203125,1532.443603515625,1279.2320556640625,1509.8565063476562,25.342529296875,45.1741943359375
IMG_0044.mp4,62,2.066666666666667,30.0,1,2,traffic_signs,0.7025880813598633,1221.175048828125,1532.5133056640625,1249.5992431640625,1585.469970703125,1235.3871459960938,1558.9916381835938,28.4241943359375,52.9566650390625
IMG_0044.mp4,62,2.066666666666667,30.0,33,2,traffic_signs,0.32870417833328247,616.9990844726562,1431.4127197265625,645.3778076171875,1492.7491455078125,631.1884460449219,1462.0809326171875,28.37872314453125,61.33642578125
IMG_0044.mp4,62,2.066666666666667,30.0,9,0,auth_label,0.5797610878944397,215.85137939453125,1258.5703125,455.09490966796875,1767.9193115234375,335.47314453125,1513.2448120117188,239.2435302734375,509.3489990234375
IMG_0044.mp4,62,2.066666666666667,30.0,5,2,traffic_signs,0.8611602783203125,1941.698486328125,1562.4404296875,2082.847900390625,1715.7442626953125,2012.273193359375,1639.0923461914062,141.1494140625,153.3038330078125
IMG_0044.mp4,62,2.066666666666667,30.0,11,1,traffic_lights,0.828801155090332,1680.95361328125,818.26611328125,1858.226318359375,1199.525390625,1769.5899658203125,1008.895751953125,177.272705078125,381.25927734375
IMG_0044.mp4,62,2.066666666666667,30.0,10,1,traffic_lights,0.8858329653739929,1905.1971435546875,962.345458984375,2042.868896484375,1206.2523193359375,1974.0330200195312,1084.2988891601562,137.6717529296875,243.9068603515625
IMG_0044.mp4,63,2.1,30.0,9,0,auth_label,0.6091868281364441,200.76612854003906,1257.9122314453125,454.5254821777344,1765.28857421875,327.6458053588867,1511.6004028320312,253.7593536376953,507.3763427734375
IMG_0044.mp4,63,2.1,30.0,5,2,traffic_signs,0.8694325089454651,1940.7772216796875,1564.1295166015625,2084.78662109375,1720.1878662109375,2012.7819213867188,1642.15869140625,144.0093994140625,156.058349609375
IMG_0044.mp4,63,2.1,30.0,11,1,traffic_lights,0.7665775418281555,1653.1134033203125,821.7536010742188,1858.1953125,1205.1873779296875,1755.6543579101562,1013.4704895019531,205.0819091796875,383.43377685546875
IMG_0044.mp4,63,2.1,30.0,10,1,traffic_lights,0.8572531938552856,1903.869384765625,963.2461547851562,2042.633544921875,1210.9459228515625,1973.25146484375,1087.0960388183594,138.76416015625,247.69976806640625
IMG_0044.mp4,64,2.1333333333333333,30.0,9,0,auth_label,0.7752454280853271,193.91238403320312,1256.052001953125,454.31060791015625,1757.8079833984375,324.1114959716797,1506.9299926757812,260.3982238769531,501.7559814453125
IMG_0044.mp4,64,2.1333333333333333,30.0,5,2,traffic_signs,0.849245548248291,1940.830078125,1565.4879150390625,2085.703857421875,1722.29052734375,2013.2669677734375,1643.8892211914062,144.873779296875,156.8026123046875
IMG_0044.mp4,64,2.1333333333333333,30.0,11,1,traffic_lights,0.7735986113548279,1633.74169921875,823.8634643554688,1857.24560546875,1207.6767578125,1745.49365234375,1015.7701110839844,223.50390625,383.81329345703125
IMG_0044.mp4,64,2.1333333333333333,30.0,10,1,traffic_lights,0.39217743277549744,1905.353271484375,964.5813598632812,2042.8084716796875,1211.591064453125,1974.0808715820312,1088.0862121582031,137.4552001953125,247.00970458984375
IMG_0044.mp4,65,2.1666666666666665,30.0,9,0,auth_label,0.8598534464836121,208.03512573242188,1256.157470703125,456.7860107421875,1750.5323486328125,332.4105682373047,1503.3449096679688,248.75088500976562,494.3748779296875
IMG_0044.mp4,65,2.1666666666666665,30.0,5,2,traffic_signs,0.7341088652610779,1941.862060546875,1562.7086181640625,2085.380615234375,1719.8431396484375,2013.621337890625,1641.27587890625,143.5185546875,157.134521484375
IMG_0044.mp4,65,2.1666666666666665,30.0,11,1,traffic_lights,0.9022192358970642,1632.56005859375,821.4864501953125,1858.3553466796875,1206.170654296875,1745.4577026367188,1013.8285522460938,225.7952880859375,384.6842041015625
IMG_0044.mp4,65,2.1666666666666665,30.0,10,1,traffic_lights,0.8913862705230713,1904.884033203125,962.9420166015625,2042.240966796875,1211.0311279296875,1973.5625,1086.986572265625,137.35693359375,248.089111328125
IMG_0044.mp4,66,2.2,30.0,9,0,auth_label,0.3238688111305237,225.56964111328125,1259.503662109375,458.7115783691406,1747.3065185546875,342.14060974121094,1503.4050903320312,233.14193725585938,487.8028564453125
IMG_0044.mp4,66,2.2,30.0,5,2,traffic_signs,0.6404064297676086,1943.9261474609375,1560.818603515625,2084.22998046875,1716.1258544921875,2014.0780639648438,1638.4722290039062,140.3038330078125,155.3072509765625
IMG_0044.mp4,66,2.2,30.0,10,1,traffic_lights,0.9180681109428406,1904.9388427734375,962.3181762695312,2042.9725341796875,1210.149169921875,1973.9556884765625,1086.2336730957031,138.03369140625,247.83099365234375
IMG_0044.mp4,66,2.2,30.0,1,2,traffic_signs,0.5887813568115234,1223.043212890625,1532.7691650390625,1250.18994140625,1584.7913818359375,1236.6165771484375,1558.7802734375,27.146728515625,52.022216796875
IMG_0045.mp4,0,0.0,30.0,1,1,traffic_lights,0.2824922204017639,1803.981689453125,811.3397216796875,1939.251220703125,1194.7774658203125,1871.616455078125,1003.05859375,135.26953125,383.437744140625
IMG_0045.mp4,2,0.06666666666666667,30.0,1,1,traffic_lights,0.5097953677177429,1705.971923828125,821.1182861328125,1932.818115234375,1203.43359375,1819.39501953125,1012.2759399414062,226.84619140625,382.3153076171875
IMG_0045.mp4,3,0.1,30.0,2,1,traffic_lights,0.8116291165351868,1971.3316650390625,957.6267700195312,2115.028564453125,1201.5927734375,2043.1801147460938,1079.6097717285156,143.6968994140625,243.96600341796875
IMG_0045.mp4,3,0.1,30.0,3,2,traffic_signs,0.5184478759765625,2011.0869140625,1560.270263671875,2161.001953125,1721.5828857421875,2086.04443359375,1640.9265747070312,149.9150390625,161.3126220703125
IMG_0045.mp4,4,0.13333333333333333,30.0,2,1,traffic_lights,0.9126167297363281,1973.54345703125,958.8120727539062,2116.106201171875,1202.5234375,2044.8248291015625,1080.6677551269531,142.562744140625,243.71136474609375
IMG_0045.mp4,4,0.13333333333333333,30.0,3,2,traffic_signs,0.2601355314254761,2008.4276123046875,1559.818115234375,2162.55224609375,1724.961669921875,2085.4899291992188,1642.389892578125,154.1246337890625,165.1435546875
IMG_0045.mp4,4,0.13333333333333333,30.0,1,1,traffic_lights,0.3429948687553406,1692.2650146484375,812.2113647460938,1930.045654296875,1197.408203125,1811.1553344726562,1004.8097839355469,237.7806396484375,385.19683837890625
IMG_0045.mp4,5,0.16666666666666666,30.0,2,1,traffic_lights,0.9163340926170349,1975.1109619140625,958.0193481445312,2116.653564453125,1200.2606201171875,2045.8822631835938,1079.1399841308594,141.5426025390625,242.24127197265625
IMG_0045.mp4,5,0.16666666666666666,30.0,3,2,traffic_signs,0.49494102597236633,2008.9752197265625,1559.7242431640625,2162.17578125,1722.5252685546875,2085.5755004882812,1641.124755859375,153.2005615234375,162.801025390625
IMG_0045.mp4,5,0.16666666666666666,30.0,1,1,traffic_lights,0.5161682367324829,1694.78759765625,810.3349609375,1929.8018798828125,1196.0654296875,1812.2947387695312,1003.2001953125,235.0142822265625,385.73046875
IMG_0045.mp4,6,0.2,30.0,2,1,traffic_lights,0.9289693236351013,1978.934326171875,956.392333984375,2116.861572265625,1198.541748046875,2047.89794921875,1077.467041015625,137.92724609375,242.1494140625
IMG_0045.mp4,6,0.2,30.0,3,2,traffic_signs,0.6362189650535583,2010.7628173828125,1558.56640625,2159.919189453125,1716.9595947265625,2085.3410034179688,1637.7630004882812,149.1563720703125,158.3931884765625
IMG_0045.mp4,6,0.2,30.0,1,1,traffic_lights,0.8536273837089539,1695.5048828125,806.910888671875,1930.2391357421875,1195.20751953125,1812.8720092773438,1001.0592041015625,234.7342529296875,388.296630859375
IMG_0045.mp4,7,0.23333333333333334,30.0,2,1,traffic_lights,0.9181093573570251,1980.6878662109375,956.2494506835938,2116.518310546875,1197.78759765625,2048.6030883789062,1077.0185241699219,135.8304443359375,241.53814697265625
IMG_0045.mp4,7,0.23333333333333334,30.0,3,2,traffic_signs,0.7294023036956787,2012.7039794921875,1557.7847900390625,2155.5439453125,1712.568359375,2084.1239624023438,1635.1765747070312,142.8399658203125,154.7835693359375
IMG_0045.mp4,7,0.23333333333333334,30.0,1,1,traffic_lights,0.8167432546615601,1697.1644287109375,803.22900390625,1931.2860107421875,1196.9658203125,1814.2252197265625,1000.097412109375,234.12158203125,393.73681640625
IMG_0045.mp4,8,0.26666666666666666,30.0,2,1,traffic_lights,0.9217013716697693,1980.4573974609375,955.6302490234375,2117.0205078125,1198.3741455078125,2048.7389526367188,1077.002197265625,136.5631103515625,242.743896484375
IMG_0045.mp4,8,0.26666666666666666,30.0,3,2,traffic_signs,0.7773143649101257,2015.190673828125,1555.9197998046875,2152.98291015625,1708.8729248046875,2084.0867919921875,1632.3963623046875,137.792236328125,152.953125
IMG_0045.mp4,8,0.26666666666666666,30.0,1,1,traffic_lights,0.866264820098877,1749.7874755859375,800.4672241210938,1931.3145751953125,1195.7816162109375,1840.551025390625,998.1244201660156,181.527099609375,395.31439208984375
IMG_0045.mp4,9,0.3,30.0,2,1,traffic_lights,0.9400944113731384,1979.445068359375,954.7927856445312,2117.345947265625,1199.0177001953125,2048.3955078125,1076.9052429199219,137.90087890625,244.22491455078125
IMG_0045.mp4,9,0.3,30.0,3,2,traffic_signs,0.8081775307655334,2016.365234375,1554.7166748046875,2151.718017578125,1705.6683349609375,2084.0416259765625,1630.1925048828125,135.352783203125,150.95166015625
IMG_0045.mp4,9,0.3,30.0,1,1,traffic_lights,0.4364413022994995,1795.5977783203125,796.84716796875,1933.7652587890625,1191.6060791015625,1864.6815185546875,994.2266235351562,138.16748046875,394.7589111328125
IMG_0045.mp4,9,0.3,30.0,6,1,traffic_lights,0.8581822514533997,1691.903564453125,961.9503173828125,1800.8536376953125,1194.9017333984375,1746.3786010742188,1078.426025390625,108.9500732421875,232.951416015625
IMG_0045.mp4,9,0.3,30.0,7,2,traffic_signs,0.778882622718811,1301.6905517578125,1515.4451904296875,1328.8489990234375,1572.449462890625,1315.269775390625,1543.9473266601562,27.158447265625,57.0042724609375
IMG_0045.mp4,10,0.3333333333333333,30.0,3,2,traffic_signs,0.6321932673454285,2017.0830078125,1553.8348388671875,2151.1103515625,1701.919189453125,2084.0966796875,1627.8770141601562,134.02734375,148.0843505859375
IMG_0045.mp4,10,0.3333333333333333,30.0,8,2,traffic_signs,0.7148990631103516,1602.840087890625,1549.673583984375,1630.111083984375,1592.8115234375,1616.4755859375,1571.2425537109375,27.27099609375,43.137939453125
IMG_0045.mp4,11,0.36666666666666664,30.0,11,1,traffic_lights,0.5280766487121582,504.0354919433594,991.408935546875,553.8321533203125,1100.779052734375,528.9338226318359,1046.093994140625,49.796661376953125,109.3701171875
IMG_0045.mp4,11,0.36666666666666664,30.0,1,1,traffic_lights,0.8555213212966919,1786.10107421875,803.2274780273438,1933.1376953125,1198.3817138671875,1859.619384765625,1000.8045959472656,147.03662109375,395.15423583984375
IMG_0045.mp4,11,0.36666666666666664,30.0,6,1,traffic_lights,0.2585708200931549,1692.158935546875,955.3455200195312,1798.1856689453125,1192.9161376953125,1745.1723022460938,1074.1308288574219,106.0267333984375,237.57061767578125
IMG_0045.mp4,12,0.4,30.0,1,1,traffic_lights,0.9421858191490173,1799.24267578125,803.3336791992188,1934.7227783203125,1196.4613037109375,1866.9827270507812,999.8974914550781,135.4801025390625,393.12762451171875
IMG_0045.mp4,12,0.4,30.0,6,1,traffic_lights,0.8439226746559143,1692.138427734375,959.3623657226562,1799.26904296875,1194.7435302734375,1745.7037353515625,1077.0529479980469,107.130615234375,235.38116455078125
IMG_0045.mp4,12,0.4,30.0,2,1,traffic_lights,0.9389543533325195,1977.486328125,954.6392822265625,2117.0576171875,1201.552490234375,2047.27197265625,1078.0958862304688,139.5712890625,246.9132080078125
IMG_0045.mp4,12,0.4,30.0,7,2,traffic_signs,0.5656936168670654,1300.1275634765625,1514.495361328125,1329.298828125,1573.2078857421875,1314.7131958007812,1543.8516235351562,29.1712646484375,58.7125244140625
IMG_0045.mp4,12,0.4,30.0,3,2,traffic_signs,0.7136333584785461,2016.2825927734375,1555.0948486328125,2151.440673828125,1704.0601806640625,2083.8616333007812,1629.5775146484375,135.1580810546875,148.96533203125
IMG_0045.mp4,12,0.4,30.0,8,2,traffic_signs,0.633450984954834,1601.2628173828125,1551.859375,1629.25244140625,1595.4027099609375,1615.2576293945312,1573.6310424804688,27.9896240234375,43.5433349609375
IMG_0045.mp4,13,0.43333333333333335,30.0,1,1,traffic_lights,0.9355016946792603,1805.0870361328125,804.227783203125,1934.6446533203125,1194.6695556640625,1869.8658447265625,999.4486694335938,129.5576171875,390.4417724609375
IMG_0045.mp4,13,0.43333333333333335,30.0,6,1,traffic_lights,0.8244808912277222,1692.5577392578125,961.222900390625,1800.7899169921875,1195.5936279296875,1746.673828125,1078.4082641601562,108.232177734375,234.3707275390625
IMG_0045.mp4,13,0.43333333333333335,30.0,13,0,auth_label,0.7234178781509399,331.99603271484375,1264.451171875,538.352783203125,1696.1990966796875,435.1744079589844,1480.3251342773438,206.35675048828125,431.7479248046875
IMG_0045.mp4,13,0.43333333333333335,30.0,2,1,traffic_lights,0.9437656402587891,1979.3721923828125,954.849365234375,2117.833984375,1200.5411376953125,2048.6030883789062,1077.6952514648438,138.4617919921875,245.6917724609375
IMG_0045.mp4,13,0.43333333333333335,30.0,7,2,traffic_signs,0.7401089072227478,1299.8409423828125,1515.521484375,1328.7362060546875,1574.7169189453125,1314.28857421875,1545.1192016601562,28.895263671875,59.1954345703125
IMG_0045.mp4,13,0.43333333333333335,30.0,3,2,traffic_signs,0.7750616073608398,2017.1568603515625,1555.4437255859375,2153.14892578125,1707.0101318359375,2085.1528930664062,1631.2269287109375,135.9920654296875,151.56640625
IMG_0045.mp4,13,0.43333333333333335,30.0,8,2,traffic_signs,0.6777033805847168,1601.974853515625,1553.06103515625,1629.6065673828125,1597.590576171875,1615.7907104492188,1575.3258056640625,27.6317138671875,44.529541015625
IMG_0045.mp4,14,0.4666666666666667,30.0,1,1,traffic_lights,0.7853434681892395,1808.6455078125,799.0882568359375,1934.5330810546875,1193.9810791015625,1871.5892944335938,996.53466796875,125.8875732421875,394.892822265625
IMG_0045.mp4,14,0.4666666666666667,30.0,6,1,traffic_lights,0.8623650074005127,1692.0936279296875,962.132568359375,1799.22119140625,1195.2725830078125,1745.6574096679688,1078.7025756835938,107.1275634765625,233.1400146484375
IMG_0045.mp4,14,0.4666666666666667,30.0,13,0,auth_label,0.29741594195365906,337.0864562988281,1263.80712890625,543.1401977539062,1692.5426025390625,440.1133270263672,1478.1748657226562,206.05374145507812,428.7354736328125
IMG_0045.mp4,14,0.4666666666666667,30.0,2,1,traffic_lights,0.9478350877761841,1978.84619140625,954.1398315429688,2117.260986328125,1199.4312744140625,2048.0535888671875,1076.7855529785156,138.414794921875,245.29144287109375
IMG_0045.mp4,14,0.4666666666666667,30.0,7,2,traffic_signs,0.7879127264022827,1301.607421875,1514.20849609375,1330.01123046875,1572.324951171875,1315.809326171875,1543.2667236328125,28.40380859375,58.116455078125
IMG_0045.mp4,14,0.4666666666666667,30.0,3,2,traffic_signs,0.7578555941581726,2017.766845703125,1553.1807861328125,2152.298583984375,1703.7935791015625,2085.03271484375,1628.4871826171875,134.53173828125,150.61279296875
IMG_0045.mp4,14,0.4666666666666667,30.0,8,2,traffic_signs,0.8179821968078613,1602.89404296875,1551.18798828125,1630.0882568359375,1596.0673828125,1616.4911499023438,1573.627685546875,27.1942138671875,44.87939453125
IMG_0045.mp4,14,0.4666666666666667,30.0,11,1,traffic_lights,0.30216318368911743,502.1387939453125,989.5142211914062,546.9610595703125,1103.07470703125,524.5499267578125,1046.2944641113281,44.822265625,113.56048583984375
IMG_0045.mp4,15,0.5,30.0,1,1,traffic_lights,0.8852363228797913,1812.6845703125,794.921630859375,1935.7525634765625,1190.28515625,1874.2185668945312,992.6033935546875,123.0679931640625,395.363525390625
IMG_0045.mp4,15,0.5,30.0,6,1,traffic_lights,0.8661733865737915,1692.4088134765625,962.7968139648438,1799.6639404296875,1195.0838623046875,1746.036376953125,1078.9403381347656,107.255126953125,232.28704833984375
IMG_0045.mp4,15,0.5,30.0,13,0,auth_label,0.2593895494937897,343.2867736816406,1266.7430419921875,542.435791015625,1689.0400390625,442.8612823486328,1477.8915405273438,199.14901733398438,422.2969970703125
IMG_0045.mp4,15,0.5,30.0,2,1,traffic_lights,0.9451985955238342,1977.7803955078125,954.779541015625,2117.728759765625,1200.7376708984375,2047.7545776367188,1077.7586059570312,139.9483642578125,245.9581298828125
IMG_0045.mp4,15,0.5,30.0,7,2,traffic_signs,0.8171200156211853,1303.2962646484375,1514.441650390625,1330.8936767578125,1571.6070556640625,1317.094970703125,1543.0243530273438,27.597412109375,57.1654052734375
IMG_0045.mp4,15,0.5,30.0,3,2,traffic_signs,0.7898759245872498,2018.3974609375,1552.4354248046875,2152.528076171875,1702.9306640625,2085.4627685546875,1627.6830444335938,134.130615234375,150.4952392578125
IMG_0045.mp4,15,0.5,30.0,8,2,traffic_signs,0.8530084490776062,1603.875,1550.402587890625,1630.8934326171875,1596.4595947265625,1617.3842163085938,1573.4310913085938,27.0184326171875,46.0570068359375
IMG_0045.mp4,15,0.5,30.0,15,1,traffic_lights,0.725468635559082,2533.62109375,1339.3106689453125,2592.605224609375,1397.845703125,2563.1131591796875,1368.5781860351562,58.984130859375,58.5350341796875
IMG_0045.mp4,15,0.5,30.0,16,2,traffic_signs,0.49845579266548157,1344.3089599609375,1472.36376953125,1367.7225341796875,1519.7491455078125,1356.0157470703125,1496.0564575195312,23.41357421875,47.3853759765625
IMG_0045.mp4,15,0.5,30.0,11,1,traffic_lights,0.5689416527748108,504.5082092285156,989.866943359375,550.4119873046875,1104.0411376953125,527.4600982666016,1046.9540405273438,45.903778076171875,114.1741943359375
IMG_0045.mp4,16,0.5333333333333333,30.0,1,1,traffic_lights,0.9116565585136414,1813.1068115234375,791.0814819335938,1936.045654296875,1190.0443115234375,1874.5762329101562,990.5628967285156,122.9388427734375,398.96282958984375
IMG_0045.mp4,16,0.5333333333333333,30.0,6,1,traffic_lights,0.8803626894950867,1691.8634033203125,961.8436279296875,1799.90380859375,1194.115966796875,1745.8836059570312,1077.9797973632812,108.0404052734375,232.2723388671875
IMG_0045.mp4,16,0.5333333333333333,30.0,13,0,auth_label,0.27764892578125,346.99237060546875,1269.7396240234375,540.0612182617188,1684.5845947265625,443.52679443359375,1477.162109375,193.06884765625,414.844970703125
IMG_0045.mp4,16,0.5333333333333333,30.0,2,1,traffic_lights,0.9253265261650085,1975.1881103515625,953.870849609375,2117.684326171875,1200.4189453125,2046.4362182617188,1077.1448974609375,142.4962158203125,246.548095703125
IMG_0045.mp4,16,0.5333333333333333,30.0,7,2,traffic_signs,0.8375201225280762,1303.49951171875,1513.3135986328125,1331.2347412109375,1570.23828125,1317.3671264648438,1541.7759399414062,27.7352294921875,56.9246826171875
IMG_0045.mp4,16,0.5333333333333333,30.0,3,2,traffic_signs,0.8468564748764038,2016.875,1551.1121826171875,2151.8798828125,1701.182861328125,2084.37744140625,1626.1475219726562,135.0048828125,150.0706787109375
IMG_0045.mp4,16,0.5333333333333333,30.0,8,2,traffic_signs,0.8594926595687866,1603.996826171875,1549.5146484375,1630.860595703125,1596.10400390625,1617.4287109375,1572.809326171875,26.86376953125,46.58935546875
IMG_0045.mp4,16,0.5333333333333333,30.0,15,1,traffic_lights,0.7793605327606201,2532.098388671875,1336.2139892578125,2591.77685546875,1396.6063232421875,2561.9376220703125,1366.41015625,59.678466796875,60.392333984375
IMG_0045.mp4,16,0.5333333333333333,30.0,16,2,traffic_signs,0.6481719017028809,1345.012451171875,1472.648193359375,1368.0574951171875,1518.0831298828125,1356.5349731445312,1495.3656616210938,23.0450439453125,45.4349365234375
IMG_0045.mp4,16,0.5333333333333333,30.0,11,1,traffic_lights,0.40448445081710815,505.3475036621094,989.0515747070312,552.5791015625,1103.4478759765625,528.9633026123047,1046.2497253417969,47.231597900390625,114.39630126953125
IMG_0045.mp4,17,0.5666666666666667,30.0,1,1,traffic_lights,0.9134142994880676,1813.97265625,779.037353515625,1936.7847900390625,1192.3919677734375,1875.3787231445312,985.7146606445312,122.8121337890625,413.3546142578125
IMG_0045.mp4,17,0.5666666666666667,30.0,6,1,traffic_lights,0.8538382053375244,1692.0609130859375,959.7667236328125,1794.990966796875,1192.8125,1743.5259399414062,1076.2896118164062,102.9300537109375,233.0457763671875
IMG_0045.mp4,17,0.5666666666666667,30.0,13,0,auth_label,0.415679007768631,350.1197204589844,1272.188720703125,538.5528564453125,1681.5963134765625,444.33628845214844,1476.8925170898438,188.43313598632812,409.4075927734375
IMG_0045.mp4,17,0.5666666666666667,30.0,2,1,traffic_lights,0.8240066766738892,1973.3369140625,953.5653076171875,2118.011474609375,1201.22021484375,2045.6741943359375,1077.3927612304688,144.674560546875,247.6549072265625
IMG_0045.mp4,17,0.5666666666666667,30.0,7,2,traffic_signs,0.8477926254272461,1303.8248291015625,1511.8084716796875,1331.9755859375,1569.3680419921875,1317.9002075195312,1540.5882568359375,28.1507568359375,57.5595703125
IMG_0045.mp4,17,0.5666666666666667,30.0,3,2,traffic_signs,0.8571991324424744,2016.03125,1549.664794921875,2152.1328125,1700.4031982421875,2084.08203125,1625.0339965820312,136.1015625,150.7384033203125
IMG_0045.mp4,17,0.5666666666666667,30.0,8,2,traffic_signs,0.8676109313964844,1604.3330078125,1547.9453125,1631.397216796875,1595.425537109375,1617.8651123046875,1571.6854248046875,27.064208984375,47.480224609375
IMG_0045.mp4,17,0.5666666666666667,30.0,15,1,traffic_lights,0.6205962300300598,2531.179931640625,1334.51953125,2590.602783203125,1396.1793212890625,2560.891357421875,1365.3494262695312,59.4228515625,61.6597900390625
IMG_0045.mp4,17,0.5666666666666667,30.0,16,2,traffic_signs,0.7411112189292908,1345.6937255859375,1471.974365234375,1368.8558349609375,1516.89306640625,1357.2747802734375,1494.4337158203125,23.162109375,44.918701171875
IMG_0045.mp4,18,0.6,30.0,1,1,traffic_lights,0.7676306366920471,1812.2491455078125,770.0765380859375,1937.6556396484375,1195.60205078125,1874.952392578125,982.8392944335938,125.406494140625,425.5255126953125
IMG_0045.mp4,18,0.6,30.0,6,1,traffic_lights,0.8381286263465881,1692.0975341796875,960.8475341796875,1788.760986328125,1192.2081298828125,1740.4292602539062,1076.52783203125,96.6634521484375,231.360595703125
IMG_0045.mp4,18,0.6,30.0,13,0,auth_label,0.35078224539756775,354.1876525878906,1271.733642578125,536.6060791015625,1680.2198486328125,445.39686584472656,1475.9767456054688,182.41842651367188,408.4862060546875
IMG_0045.mp4,18,0.6,30.0,2,1,traffic_lights,0.8465560078620911,1974.4332275390625,953.8961791992188,2118.283203125,1200.6080322265625,2046.3582153320312,1077.2521057128906,143.8499755859375,246.71185302734375
IMG_0045.mp4,18,0.6,30.0,7,2,traffic_signs,0.864009439945221,1304.86474609375,1511.689208984375,1332.5975341796875,1568.7965087890625,1318.7311401367188,1540.2428588867188,27.7327880859375,57.1072998046875
IMG_0045.mp4,18,0.6,30.0,3,2,traffic_signs,0.8677461743354797,2016.2647705078125,1549.0540771484375,2152.7314453125,1699.72314453125,2084.4981079101562,1624.3886108398438,136.4666748046875,150.6690673828125
IMG_0045.mp4,18,0.6,30.0,8,2,traffic_signs,0.8689417243003845,1605.2919921875,1547.2860107421875,1632.006103515625,1595.0045166015625,1618.6490478515625,1571.145263671875,26.714111328125,47.718505859375
IMG_0045.mp4,18,0.6,30.0,15,1,traffic_lights,0.5376497507095337,2530.96875,1335.1231689453125,2588.602294921875,1396.2501220703125,2559.7855224609375,1365.6866455078125,57.633544921875,61.126953125
IMG_0045.mp4,18,0.6,30.0,16,2,traffic_signs,0.801600992679596,1346.7333984375,1471.777099609375,1369.9932861328125,1515.87109375,1358.3633422851562,1493.8240966796875,23.2598876953125,44.093994140625
IMG_0045.mp4,19,0.6333333333333333,30.0,1,1,traffic_lights,0.8814564943313599,1812.5732421875,766.8845825195312,1937.7723388671875,1196.9278564453125,1875.1727905273438,981.9062194824219,125.1990966796875,430.04327392578125
IMG_0045.mp4,19,0.6333333333333333,30.0,6,1,traffic_lights,0.7745928168296814,1692.2591552734375,960.749755859375,1789.0897216796875,1192.826416015625,1740.6744384765625,1076.7880859375,96.83056640625,232.07666015625
IMG_0045.mp4,19,0.6333333333333333,30.0,13,0,auth_label,0.27797436714172363,357.3882751464844,1272.458740234375,534.12548828125,1675.0582275390625,445.7568817138672,1473.7584838867188,176.73721313476562,402.5994873046875
IMG_0045.mp4,19,0.6333333333333333,30.0,7,2,traffic_signs,0.8713691234588623,1305.2601318359375,1511.48681640625,1333.0576171875,1568.97802734375,1319.1588745117188,1540.232421875,27.7974853515625,57.4912109375
IMG_0045.mp4,19,0.6333333333333333,30.0,3,2,traffic_signs,0.8687736988067627,2016.4244384765625,1549.19580078125,2152.754638671875,1699.228759765625,2084.5895385742188,1624.2122802734375,136.3302001953125,150.032958984375
IMG_0045.mp4,19,0.6333333333333333,30.0,8,2,traffic_signs,0.8730773329734802,1605.3927001953125,1547.3258056640625,1632.4110107421875,1595.3572998046875,1618.90185546875,1571.341552734375,27.018310546875,48.031494140625
IMG_0045.mp4,19,0.6333333333333333,30.0,15,1,traffic_lights,0.4034961760044098,2531.66943359375,1334.6541748046875,2588.984130859375,1396.799072265625,2560.3267822265625,1365.7266235351562,57.314697265625,62.1448974609375
IMG_0045.mp4,19,0.6333333333333333,30.0,16,2,traffic_signs,0.8164113759994507,1347.489501953125,1471.963134765625,1371.1854248046875,1516.4993896484375,1359.3374633789062,1494.2312622070312,23.6959228515625,44.5362548828125
IMG_0045.mp4,19,0.6333333333333333,30.0,11,1,traffic_lights,0.3405825197696686,507.63427734375,987.7445068359375,557.162841796875,1106.0008544921875,532.3985595703125,1046.8726806640625,49.528564453125,118.25634765625
IMG_0045.mp4,20,0.6666666666666666,30.0,1,1,traffic_lights,0.9012568593025208,1811.737548828125,765.1526489257812,1937.3323974609375,1196.4635009765625,1874.5349731445312,980.8080749511719,125.5948486328125,431.31085205078125
IMG_0045.mp4,20,0.6666666666666666,30.0,6,1,traffic_lights,0.7983843684196472,1691.4664306640625,960.8673095703125,1786.1617431640625,1191.313232421875,1738.8140869140625,1076.0902709960938,94.6953125,230.4459228515625
IMG_0045.mp4,20,0.6666666666666666,30.0,7,2,traffic_signs,0.8613559603691101,1304.799072265625,1510.0355224609375,1333.33544921875,1567.48974609375,1319.0672607421875,1538.7626342773438,28.536376953125,57.4542236328125
IMG_0045.mp4,20,0.6666666666666666,30.0,3,2,traffic_signs,0.8986088633537292,2015.1795654296875,1548.2198486328125,2152.26220703125,1698.158203125,2083.7208862304688,1623.1890258789062,137.0826416015625,149.9383544921875
IMG_0045.mp4,20,0.6666666666666666,30.0,8,2,traffic_signs,0.869019091129303,1604.9090576171875,1545.7398681640625,1632.5128173828125,1594.2076416015625,1618.7109375,1569.9737548828125,27.603759765625,48.4677734375
IMG_0045.mp4,20,0.6666666666666666,30.0,16,2,traffic_signs,0.7976536750793457,1347.3724365234375,1470.74755859375,1371.22412109375,1514.4366455078125,1359.2982788085938,1492.5921020507812,23.8516845703125,43.6890869140625
IMG_0045.mp4,20,0.6666666666666666,30.0,11,1,traffic_lights,0.30123966932296753,507.34185791015625,986.3389892578125,557.2490234375,1105.2996826171875,532.2954406738281,1045.8193359375,49.90716552734375,118.960693359375
IMG_0045.mp4,21,0.7,30.0,1,1,traffic_lights,0.5581014752388,1807.7940673828125,759.2210693359375,1937.609130859375,1196.8958740234375,1872.7015991210938,978.0584716796875,129.8150634765625,437.6748046875
IMG_0045.mp4,21,0.7,30.0,6,1,traffic_lights,0.7133760452270508,1691.11962890625,961.14599609375,1780.5626220703125,1187.508544921875,1735.8411254882812,1074.3272705078125,89.4429931640625,226.362548828125
IMG_0045.mp4,21,0.7,30.0,7,2,traffic_signs,0.8648446202278137,1304.4691162109375,1509.87353515625,1333.3680419921875,1567.1658935546875,1318.9185791015625,1538.5197143554688,28.89892578125,57.2923583984375
IMG_0045.mp4,21,0.7,30.0,3,2,traffic_signs,0.8903413414955139,2014.046630859375,1547.8516845703125,2151.431396484375,1697.9031982421875,2082.739013671875,1622.87744140625,137.384765625,150.051513671875
IMG_0045.mp4,21,0.7,30.0,8,2,traffic_signs,0.8672908544540405,1604.5306396484375,1545.3284912109375,1632.41455078125,1594.293701171875,1618.4725952148438,1569.8110961914062,27.8839111328125,48.9652099609375
IMG_0045.mp4,21,0.7,30.0,16,2,traffic_signs,0.7824848294258118,1347.240234375,1470.5914306640625,1371.0465087890625,1514.5128173828125,1359.1433715820312,1492.5521240234375,23.8062744140625,43.92138671875
IMG_0045.mp4,21,0.7,30.0,11,1,traffic_lights,0.2779940068721771,507.2756652832031,986.8649291992188,557.8082275390625,1106.3941650390625,532.5419464111328,1046.6295471191406,50.532562255859375,119.52923583984375
IMG_0045.mp4,21,0.7,30.0,15,1,traffic_lights,0.39858633279800415,2529.716064453125,1333.5179443359375,2586.381591796875,1395.212158203125,2558.048828125,1364.3650512695312,56.66552734375,61.6942138671875
IMG_0045.mp4,22,0.7333333333333333,30.0,1,1,traffic_lights,0.6496880054473877,1808.0379638671875,758.98583984375,1937.5361328125,1195.42041015625,1872.7870483398438,977.203125,129.4981689453125,436.4345703125
IMG_0045.mp4,22,0.7333333333333333,30.0,6,1,traffic_lights,0.7109666466712952,1691.4615478515625,962.3287353515625,1779.9879150390625,1186.2015380859375,1735.7247314453125,1074.26513671875,88.5263671875,223.872802734375
IMG_0045.mp4,22,0.7333333333333333,30.0,7,2,traffic_signs,0.8084288835525513,1305.341796875,1510.032470703125,1333.8885498046875,1567.0498046875,1319.6151733398438,1538.5411376953125,28.5467529296875,57.017333984375
IMG_0045.mp4,22,0.7333333333333333,30.0,3,2,traffic_signs,0.8587285280227661,2014.2410888671875,1548.419921875,2151.67333984375,1697.6729736328125,2082.9572143554688,1623.0464477539062,137.4322509765625,149.2530517578125
IMG_0045.mp4,22,0.7333333333333333,30.0,8,2,traffic_signs,0.869720458984375,1604.9417724609375,1546.0845947265625,1632.9510498046875,1594.0198974609375,1618.9464111328125,1570.05224609375,28.00927734375,47.935302734375
IMG_0045.mp4,22,0.7333333333333333,30.0,16,2,traffic_signs,0.796391487121582,1347.9110107421875,1471.1197509765625,1372.0478515625,1515.3101806640625,1359.9794311523438,1493.2149658203125,24.1368408203125,44.1904296875
IMG_0045.mp4,22,0.7333333333333333,30.0,11,1,traffic_lights,0.4713009297847748,508.92938232421875,987.7255859375,558.9913940429688,1106.8017578125,533.9603881835938,1047.263671875,50.06201171875,119.076171875
IMG_0045.mp4,23,0.7666666666666667,30.0,1,1,traffic_lights,0.6606008410453796,1805.124267578125,764.9238891601562,1937.2412109375,1197.4476318359375,1871.1827392578125,981.1857604980469,132.116943359375,432.52374267578125
IMG_0045.mp4,23,0.7666666666666667,30.0,6,1,traffic_lights,0.5936098694801331,1692.195068359375,962.5780029296875,1778.434326171875,1185.404296875,1735.314697265625,1073.9911499023438,86.2392578125,222.8262939453125
IMG_0045.mp4,23,0.7666666666666667,30.0,7,2,traffic_signs,0.5617159008979797,1305.6646728515625,1510.2493896484375,1334.362060546875,1566.333251953125,1320.0133666992188,1538.2913208007812,28.6973876953125,56.0838623046875
IMG_0045.mp4,23,0.7666666666666667,30.0,3,2,traffic_signs,0.8625982999801636,2014.6390380859375,1548.5115966796875,2151.813720703125,1697.61767578125,2083.2263793945312,1623.0646362304688,137.1746826171875,149.1060791015625
IMG_0045.mp4,23,0.7666666666666667,30.0,8,2,traffic_signs,0.866334080696106,1605.287353515625,1546.3846435546875,1633.110107421875,1593.6517333984375,1619.19873046875,1570.0181884765625,27.82275390625,47.26708984375
IMG_0045.mp4,23,0.7666666666666667,30.0,16,2,traffic_signs,0.830304741859436,1348.3291015625,1470.9912109375,1372.5384521484375,1515.1544189453125,1360.4337768554688,1493.0728149414062,24.2093505859375,44.1632080078125
IMG_0045.mp4,23,0.7666666666666667,30.0,11,1,traffic_lights,0.6774179339408875,509.7822570800781,987.7025146484375,560.1212158203125,1106.3834228515625,534.9517364501953,1047.04296875,50.338958740234375,118.680908203125
IMG_0045.mp4,24,0.8,30.0,1,1,traffic_lights,0.7079558968544006,1804.705810546875,766.2887573242188,1937.0377197265625,1196.5511474609375,1870.8717651367188,981.4199523925781,132.3319091796875,430.26239013671875
IMG_0045.mp4,24,0.8,30.0,6,1,traffic_lights,0.496090829372406,1692.310546875,962.7677001953125,1778.3394775390625,1185.515625,1735.3250122070312,1074.1416625976562,86.0289306640625,222.7479248046875
IMG_0045.mp4,24,0.8,30.0,7,2,traffic_signs,0.35259994864463806,1306.6826171875,1509.67578125,1334.4744873046875,1565.33837890625,1320.5785522460938,1537.507080078125,27.7918701171875,55.66259765625
IMG_0045.mp4,24,0.8,30.0,3,2,traffic_signs,0.8580699563026428,2014.682373046875,1548.2398681640625,2151.6669921875,1697.4937744140625,2083.1746826171875,1622.8668212890625,136.984619140625,149.25390625
IMG_0045.mp4,24,0.8,30.0,8,2,traffic_signs,0.8562362194061279,1605.375732421875,1546.4417724609375,1633.2100830078125,1592.5777587890625,1619.2929077148438,1569.509765625,27.8343505859375,46.135986328125
IMG_0045.mp4,24,0.8,30.0,16,2,traffic_signs,0.8342009782791138,1348.6605224609375,1471.0126953125,1372.818359375,1514.455322265625,1360.7394409179688,1492.7340087890625,24.1578369140625,43.442626953125
IMG_0045.mp4,24,0.8,30.0,11,1,traffic_lights,0.8009244799613953,510.8103942871094,987.5297241210938,561.4481201171875,1106.2947998046875,536.1292572021484,1046.9122619628906,50.637725830078125,118.76507568359375
IMG_0045.mp4,25,0.8333333333333334,30.0,1,1,traffic_lights,0.7451945543289185,1804.453369140625,769.1685791015625,1937.0279541015625,1197.330810546875,1870.7406616210938,983.2496948242188,132.5745849609375,428.1622314453125
IMG_0045.mp4,25,0.8333333333333334,30.0,6,1,traffic_lights,0.7738944292068481,1691.8336181640625,962.13232421875,1780.0596923828125,1185.0079345703125,1735.9466552734375,1073.5701293945312,88.22607421875,222.8756103515625
IMG_0045.mp4,25,0.8333333333333334,30.0,7,2,traffic_signs,0.5238587856292725,1306.0888671875,1509.275634765625,1333.910400390625,1564.748779296875,1319.9996337890625,1537.01220703125,27.821533203125,55.47314453125
IMG_0045.mp4,25,0.8333333333333334,30.0,3,2,traffic_signs,0.872895359992981,2014.5257568359375,1547.7567138671875,2151.65283203125,1697.6265869140625,2083.0892944335938,1622.691650390625,137.1270751953125,149.869873046875
IMG_0045.mp4,25,0.8333333333333334,30.0,8,2,traffic_signs,0.8089478015899658,1605.056640625,1545.9698486328125,1632.576904296875,1592.1175537109375,1618.8167724609375,1569.043701171875,27.520263671875,46.147705078125
IMG_0045.mp4,25,0.8333333333333334,30.0,16,2,traffic_signs,0.8372786641120911,1347.9698486328125,1470.4705810546875,1372.2454833984375,1513.1043701171875,1360.107666015625,1491.7874755859375,24.275634765625,42.6337890625
IMG_0045.mp4,25,0.8333333333333334,30.0,11,1,traffic_lights,0.6091423034667969,510.09619140625,986.559326171875,561.3670043945312,1105.686279296875,535.7315979003906,1046.122802734375,51.27081298828125,119.126953125
IMG_0045.mp4,26,0.8666666666666667,30.0,1,1,traffic_lights,0.4823792576789856,1804.977294921875,760.45556640625,1937.8253173828125,1196.0587158203125,1871.4013061523438,978.2571411132812,132.8480224609375,435.6031494140625
IMG_0045.mp4,26,0.8666666666666667,30.0,6,1,traffic_lights,0.6991320848464966,1691.1617431640625,963.6749267578125,1776.7698974609375,1183.8568115234375,1733.9658203125,1073.765869140625,85.608154296875,220.181884765625
IMG_0045.mp4,26,0.8666666666666667,30.0,7,2,traffic_signs,0.7558916807174683,1305.316162109375,1509.451904296875,1333.516357421875,1565.0072021484375,1319.416259765625,1537.2295532226562,28.2001953125,55.5552978515625
IMG_0045.mp4,26,0.8666666666666667,30.0,3,2,traffic_signs,0.8685726523399353,2013.7342529296875,1548.0079345703125,2151.263427734375,1697.760986328125,2082.4988403320312,1622.8844604492188,137.5291748046875,149.7530517578125
IMG_0045.mp4,26,0.8666666666666667,30.0,8,2,traffic_signs,0.8097496628761292,1605.0257568359375,1545.939453125,1631.916259765625,1591.6302490234375,1618.4710083007812,1568.7848510742188,26.8905029296875,45.6907958984375
IMG_0045.mp4,26,0.8666666666666667,30.0,16,2,traffic_signs,0.8135651350021362,1347.7218017578125,1470.314453125,1371.9459228515625,1512.9622802734375,1359.8338623046875,1491.6383666992188,24.22412109375,42.6478271484375
IMG_0045.mp4,26,0.8666666666666667,30.0,11,1,traffic_lights,0.4202628433704376,509.2109375,986.6357421875,560.70361328125,1105.5142822265625,534.957275390625,1046.0750122070312,51.49267578125,118.8785400390625
IMG_0045.mp4,27,0.9,30.0,1,1,traffic_lights,0.7015253901481628,1803.248291015625,769.0409545898438,1937.3409423828125,1196.3616943359375,1870.2946166992188,982.7013244628906,134.0926513671875,427.32073974609375
IMG_0045.mp4,27,0.9,30.0,6,1,traffic_lights,0.6996812224388123,1691.3673095703125,964.2379150390625,1777.6614990234375,1185.3236083984375,1734.514404296875,1074.78076171875,86.294189453125,221.085693359375
IMG_0045.mp4,27,0.9,30.0,7,2,traffic_signs,0.4528081715106964,1305.802001953125,1509.301513671875,1334.0596923828125,1564.329345703125,1319.9308471679688,1536.8154296875,28.2576904296875,55.02783203125
IMG_0045.mp4,27,0.9,30.0,3,2,traffic_signs,0.8424344658851624,2014.1353759765625,1547.7928466796875,2151.6484375,1697.6444091796875,2082.8919067382812,1622.7186279296875,137.5130615234375,149.8515625
IMG_0045.mp4,27,0.9,30.0,8,2,traffic_signs,0.8021045327186584,1605.35693359375,1545.704833984375,1632.33349609375,1591.214599609375,1618.84521484375,1568.459716796875,26.9765625,45.509765625
IMG_0045.mp4,27,0.9,30.0,16,2,traffic_signs,0.8311387896537781,1348.2216796875,1470.49560546875,1372.4298095703125,1512.7392578125,1360.3257446289062,1491.617431640625,24.2081298828125,42.24365234375
IMG_0045.mp4,27,0.9,30.0,11,1,traffic_lights,0.6100848913192749,509.70709228515625,986.6425170898438,561.4683227539062,1105.6817626953125,535.5877075195312,1046.1621398925781,51.76123046875,119.03924560546875
IMG_0045.mp4,27,0.9,30.0,28,1,traffic_lights,0.38607698678970337,2565.1396484375,1339.67626953125,2593.605224609375,1393.50634765625,2579.3724365234375,1366.59130859375,28.465576171875,53.830078125
IMG_0045.mp4,28,0.9333333333333333,30.0,1,1,traffic_lights,0.7369678020477295,1801.7042236328125,773.242431640625,1937.5137939453125,1197.8509521484375,1869.6090087890625,985.5466918945312,135.8095703125,424.6085205078125
IMG_0045.mp4,28,0.9333333333333333,30.0,6,1,traffic_lights,0.5380764007568359,1691.9132080078125,962.8628540039062,1776.6533203125,1182.8514404296875,1734.2832641601562,1072.8571472167969,84.7401123046875,219.98858642578125
IMG_0045.mp4,28,0.9333333333333333,30.0,7,2,traffic_signs,0.38742539286613464,1306.3865966796875,1507.48046875,1334.6229248046875,1564.0693359375,1320.5047607421875,1535.77490234375,28.236328125,56.5888671875
IMG_0045.mp4,28,0.9333333333333333,30.0,3,2,traffic_signs,0.861606240272522,2014.363037109375,1547.2923583984375,2151.840576171875,1697.431640625,2083.101806640625,1622.3619995117188,137.4775390625,150.1392822265625
IMG_0045.mp4,28,0.9333333333333333,30.0,8,2,traffic_signs,0.8097755312919617,1605.6842041015625,1546.273193359375,1632.8060302734375,1591.6036376953125,1619.2451171875,1568.9384155273438,27.121826171875,45.3304443359375
IMG_0045.mp4,28,0.9333333333333333,30.0,16,2,traffic_signs,0.8334368467330933,1348.31005859375,1470.4185791015625,1372.526611328125,1512.2843017578125,1360.4183349609375,1491.3514404296875,24.216552734375,41.86572265625
IMG_0045.mp4,28,0.9333333333333333,30.0,11,1,traffic_lights,0.746022641658783,509.8468017578125,986.4368896484375,561.6643676757812,1105.0123291015625,535.7555847167969,1045.724609375,51.81756591796875,118.575439453125
IMG_0045.mp4,28,0.9333333333333333,30.0,28,1,traffic_lights,0.36765289306640625,2565.603759765625,1340.6588134765625,2593.64306640625,1393.2354736328125,2579.6234130859375,1366.9471435546875,28.039306640625,52.57666015625
IMG_0045.mp4,29,0.9666666666666667,30.0,1,1,traffic_lights,0.6688451766967773,1800.75537109375,768.7757568359375,1937.3431396484375,1200.4068603515625,1869.0492553710938,984.59130859375,136.5877685546875,431.631103515625
IMG_0045.mp4,29,0.9666666666666667,30.0,6,1,traffic_lights,0.6391580700874329,1691.342529296875,961.9977416992188,1777.36279296875,1185.1234130859375,1734.3526611328125,1073.5605773925781,86.020263671875,223.12567138671875
IMG_0045.mp4,29,0.9666666666666667,30.0,7,2,traffic_signs,0.8185996413230896,1305.1802978515625,1507.903076171875,1333.78466796875,1564.0389404296875,1319.4824829101562,1535.9710083007812,28.6043701171875,56.1358642578125
IMG_0045.mp4,29,0.9666666666666667,30.0,3,2,traffic_signs,0.8703395128250122,2013.691650390625,1546.821533203125,2151.253173828125,1697.44970703125,2082.472412109375,1622.1356201171875,137.5615234375,150.628173828125
IMG_0045.mp4,29,0.9666666666666667,30.0,8,2,traffic_signs,0.7954158186912537,1605.2115478515625,1545.2188720703125,1632.2147216796875,1591.4173583984375,1618.713134765625,1568.318115234375,27.003173828125,46.198486328125
IMG_0045.mp4,29,0.9666666666666667,30.0,16,2,traffic_signs,0.7928484082221985,1347.6031494140625,1469.54150390625,1372.1309814453125,1511.585693359375,1359.8670654296875,1490.5635986328125,24.52783203125,42.044189453125
IMG_0045.mp4,29,0.9666666666666667,30.0,11,1,traffic_lights,0.6738109588623047,508.6130065917969,986.2005615234375,559.980712890625,1104.36865234375,534.2968597412109,1045.2846069335938,51.367706298828125,118.1680908203125
IMG_0045.mp4,29,0.9666666666666667,30.0,28,1,traffic_lights,0.3663010001182556,2565.177001953125,1339.0537109375,2593.230712890625,1392.960205078125,2579.203857421875,1366.0069580078125,28.0537109375,53.906494140625
IMG_0045.mp4,30,1.0,30.0,1,1,traffic_lights,0.6566070914268494,1802.935302734375,771.4401245117188,1936.9072265625,1200.371826171875,1869.9212646484375,985.9059753417969,133.971923828125,428.93170166015625
IMG_0045.mp4,30,1.0,30.0,6,1,traffic_lights,0.7163019776344299,1690.9996337890625,963.050048828125,1776.994873046875,1183.770751953125,1733.9972534179688,1073.410400390625,85.9952392578125,220.720703125
IMG_0045.mp4,30,1.0,30.0,7,2,traffic_signs,0.8048272132873535,1304.9119873046875,1508.45458984375,1333.7864990234375,1564.3834228515625,1319.3492431640625,1536.4190063476562,28.87451171875,55.9288330078125
IMG_0045.mp4,30,1.0,30.0,3,2,traffic_signs,0.8828305006027222,2013.077880859375,1546.9842529296875,2150.969482421875,1697.66748046875,2082.023681640625,1622.3258666992188,137.8916015625,150.6832275390625
IMG_0045.mp4,30,1.0,30.0,8,2,traffic_signs,0.7859902381896973,1605.0189208984375,1545.1212158203125,1631.99755859375,1591.4127197265625,1618.5082397460938,1568.2669677734375,26.9786376953125,46.29150390625
IMG_0045.mp4,30,1.0,30.0,16,2,traffic_signs,0.7811747789382935,1347.203369140625,1469.5660400390625,1372.0235595703125,1511.8480224609375,1359.6134643554688,1490.70703125,24.8201904296875,42.281982421875
IMG_0045.mp4,30,1.0,30.0,11,1,traffic_lights,0.6915551424026489,508.73095703125,986.748291015625,559.3499145507812,1105.0145263671875,534.0404357910156,1045.8814086914062,50.61895751953125,118.2662353515625
IMG_0045.mp4,30,1.0,30.0,28,1,traffic_lights,0.291511595249176,2565.640625,1338.6329345703125,2593.665283203125,1393.2886962890625,2579.6529541015625,1365.9608154296875,28.024658203125,54.65576171875
IMG_0045.mp4,31,1.0333333333333334,30.0,1,1,traffic_lights,0.7441847324371338,1801.0052490234375,770.63232421875,1936.83349609375,1199.769775390625,1868.9193725585938,985.2010498046875,135.8282470703125,429.137451171875
IMG_0045.mp4,31,1.0333333333333334,30.0,6,1,traffic_lights,0.5929654240608215,1690.8304443359375,961.208740234375,1775.2611083984375,1180.8619384765625,1733.0457763671875,1071.0353393554688,84.4306640625,219.6531982421875
IMG_0045.mp4,31,1.0333333333333334,30.0,7,2,traffic_signs,0.8336853384971619,1304.774169921875,1508.628173828125,1333.45458984375,1563.7039794921875,1319.1143798828125,1536.1660766601562,28.680419921875,55.0758056640625
IMG_0045.mp4,31,1.0333333333333334,30.0,3,2,traffic_signs,0.8692777156829834,2012.997802734375,1547.119873046875,2150.6416015625,1697.6812744140625,2081.8197021484375,1622.4005737304688,137.643798828125,150.5614013671875
IMG_0045.mp4,31,1.0333333333333334,30.0,8,2,traffic_signs,0.7965472340583801,1605.0924072265625,1545.012939453125,1631.90087890625,1591.3092041015625,1618.4966430664062,1568.1610717773438,26.8084716796875,46.2962646484375
IMG_0045.mp4,31,1.0333333333333334,30.0,16,2,traffic_signs,0.8189699053764343,1347.327880859375,1469.556396484375,1372.0631103515625,1511.4459228515625,1359.6954956054688,1490.5011596679688,24.7352294921875,41.8895263671875
IMG_0045.mp4,31,1.0333333333333334,30.0,11,1,traffic_lights,0.5207328796386719,508.59869384765625,986.8001098632812,559.1962280273438,1104.6527099609375,533.8974609375,1045.7264099121094,50.5975341796875,117.85260009765625
IMG_0045.mp4,31,1.0333333333333334,30.0,28,1,traffic_lights,0.3231034576892853,2565.75537109375,1337.8394775390625,2592.226806640625,1392.1937255859375,2578.9910888671875,1365.0166015625,26.471435546875,54.354248046875
IMG_0045.mp4,32,1.0666666666666667,30.0,1,1,traffic_lights,0.7573235630989075,1799.7890625,775.5841064453125,1937.0445556640625,1200.12109375,1868.4168090820312,987.8526000976562,137.2554931640625,424.5369873046875
IMG_0045.mp4,32,1.0666666666666667,30.0,6,1,traffic_lights,0.6618189215660095,1691.32666015625,961.5821533203125,1776.39501953125,1180.0228271484375,1733.86083984375,1070.802490234375,85.068359375,218.440673828125
IMG_0045.mp4,32,1.0666666666666667,30.0,7,2,traffic_signs,0.47979164123535156,1304.944091796875,1508.2000732421875,1334.5699462890625,1564.0111083984375,1319.7570190429688,1536.1055908203125,29.6258544921875,55.81103515625
IMG_0045.mp4,32,1.0666666666666667,30.0,3,2,traffic_signs,0.8872774243354797,2013.2791748046875,1547.057373046875,2151.15673828125,1697.386962890625,2082.2179565429688,1622.22216796875,137.8775634765625,150.32958984375
IMG_0045.mp4,32,1.0666666666666667,30.0,8,2,traffic_signs,0.8361333608627319,1605.2540283203125,1545.168701171875,1632.37548828125,1591.3668212890625,1618.8147583007812,1568.2677612304688,27.1214599609375,46.1981201171875
IMG_0045.mp4,32,1.0666666666666667,30.0,16,2,traffic_signs,0.7671221494674683,1347.71435546875,1469.8055419921875,1372.553955078125,1511.2967529296875,1360.1341552734375,1490.5511474609375,24.839599609375,41.4912109375
IMG_0045.mp4,32,1.0666666666666667,30.0,11,1,traffic_lights,0.8058204054832458,509.6554260253906,986.47314453125,560.4107055664062,1104.822265625,535.0330657958984,1045.647705078125,50.755279541015625,118.34912109375
IMG_0045.mp4,32,1.0666666666666667,30.0,28,1,traffic_lights,0.3224123418331146,2565.567138671875,1338.7801513671875,2592.7275390625,1392.4949951171875,2579.1473388671875,1365.6375732421875,27.160400390625,53.71484375
IMG_0045.mp4,33,1.1,30.0,1,1,traffic_lights,0.8185129165649414,1803.090576171875,774.192138671875,1937.1148681640625,1200.517578125,1870.1027221679688,987.3548583984375,134.0242919921875,426.325439453125
IMG_0045.mp4,33,1.1,30.0,6,1,traffic_lights,0.7562273144721985,1691.223876953125,963.6592407226562,1775.71630859375,1181.15673828125,1733.4700927734375,1072.4079895019531,84.492431640625,217.49749755859375
IMG_0045.mp4,33,1.1,30.0,7,2,traffic_signs,0.6700103282928467,1304.606689453125,1508.090576171875,1334.4481201171875,1564.348388671875,1319.5274047851562,1536.219482421875,29.8414306640625,56.2578125
IMG_0045.mp4,33,1.1,30.0,3,2,traffic_signs,0.8803307414054871,2013.205322265625,1547.08251953125,2151.078369140625,1697.6732177734375,2082.141845703125,1622.3778686523438,137.873046875,150.5906982421875
IMG_0045.mp4,33,1.1,30.0,8,2,traffic_signs,0.8279110193252563,1604.717041015625,1545.169677734375,1632.173095703125,1591.082275390625,1618.445068359375,1568.1259765625,27.4560546875,45.91259765625
IMG_0045.mp4,33,1.1,30.0,16,2,traffic_signs,0.7721090316772461,1347.80908203125,1470.157470703125,1372.2017822265625,1511.5211181640625,1360.0054321289062,1490.8392944335938,24.3927001953125,41.3636474609375
IMG_0045.mp4,33,1.1,30.0,11,1,traffic_lights,0.6558704376220703,509.6295471191406,986.4480590820312,560.701904296875,1104.4742431640625,535.1657257080078,1045.4611511230469,51.072357177734375,118.02618408203125
IMG_0045.mp4,33,1.1,30.0,28,1,traffic_lights,0.3006483316421509,2565.433349609375,1339.1724853515625,2592.981689453125,1392.77294921875,2579.20751953125,1365.9727172851562,27.54833984375,53.6004638671875
IMG_0045.mp4,34,1.1333333333333333,30.0,1,1,traffic_lights,0.6190119385719299,1804.6917724609375,774.694580078125,1936.88916015625,1198.8525390625,1870.7904663085938,986.7735595703125,132.1973876953125,424.157958984375
IMG_0045.mp4,34,1.1333333333333333,30.0,6,1,traffic_lights,0.6462313532829285,1690.984375,962.0520629882812,1776.0970458984375,1178.376220703125,1733.5407104492188,1070.2141418457031,85.1126708984375,216.32415771484375
IMG_0045.mp4,34,1.1333333333333333,30.0,7,2,traffic_signs,0.5090656280517578,1304.9000244140625,1508.2708740234375,1334.2900390625,1564.2740478515625,1319.5950317382812,1536.2724609375,29.3900146484375,56.003173828125
IMG_0045.mp4,34,1.1333333333333333,30.0,3,2,traffic_signs,0.8795480728149414,2013.052978515625,1547.1649169921875,2150.960205078125,1697.6136474609375,2082.006591796875,1622.3892822265625,137.9072265625,150.44873046875
IMG_0045.mp4,34,1.1333333333333333,30.0,8,2,traffic_signs,0.7498515844345093,1604.328857421875,1544.9173583984375,1631.8057861328125,1590.56298828125,1618.0673217773438,1567.7401733398438,27.4769287109375,45.6456298828125
IMG_0045.mp4,34,1.1333333333333333,30.0,16,2,traffic_signs,0.8112003207206726,1347.9559326171875,1469.872314453125,1372.379150390625,1511.2764892578125,1360.1675415039062,1490.5744018554688,24.4232177734375,41.4041748046875
IMG_0045.mp4,34,1.1333333333333333,30.0,11,1,traffic_lights,0.5792393684387207,508.8628234863281,986.5516967773438,560.119873046875,1104.7408447265625,534.4913482666016,1045.6462707519531,51.257049560546875,118.18914794921875
IMG_0045.mp4,34,1.1333333333333333,30.0,28,1,traffic_lights,0.2966138422489166,2565.687744140625,1338.8382568359375,2593.349365234375,1392.55126953125,2579.5185546875,1365.6947631835938,27.66162109375,53.7130126953125
IMG_0045.mp4,35,1.1666666666666667,30.0,1,1,traffic_lights,0.7052361965179443,1800.7781982421875,773.5504150390625,1936.803955078125,1200.2088623046875,1868.7910766601562,986.879638671875,136.0257568359375,426.658447265625
IMG_0045.mp4,35,1.1666666666666667,30.0,6,1,traffic_lights,0.5586572289466858,1690.951171875,961.1201782226562,1776.9241943359375,1180.638916015625,1733.9376831054688,1070.8795471191406,85.9730224609375,219.51873779296875
IMG_0045.mp4,35,1.1666666666666667,30.0,7,2,traffic_signs,0.6073170304298401,1305.1885986328125,1508.22265625,1333.9451904296875,1564.2864990234375,1319.56689453125,1536.2545776367188,28.756591796875,56.0638427734375
IMG_0045.mp4,35,1.1666666666666667,30.0,3,2,traffic_signs,0.8883227705955505,2012.765625,1547.258056640625,2151.0615234375,1697.559814453125,2081.91357421875,1622.408935546875,138.2958984375,150.3017578125
IMG_0045.mp4,35,1.1666666666666667,30.0,8,2,traffic_signs,0.37964528799057007,1604.3975830078125,1544.36962890625,1631.9599609375,1589.62109375,1618.1787719726562,1566.995361328125,27.5623779296875,45.25146484375
IMG_0045.mp4,35,1.1666666666666667,30.0,16,2,traffic_signs,0.8082879781723022,1347.7796630859375,1469.791259765625,1372.22509765625,1511.243408203125,1360.0023803710938,1490.517333984375,24.4454345703125,41.4521484375
IMG_0045.mp4,35,1.1666666666666667,30.0,11,1,traffic_lights,0.5376269817352295,508.5461730957031,986.7307739257812,559.9620361328125,1105.0296630859375,534.2541046142578,1045.8802185058594,51.415863037109375,118.29888916015625
IMG_0045.mp4,35,1.1666666666666667,30.0,28,1,traffic_lights,0.41659265756607056,2565.476806640625,1338.5042724609375,2593.3388671875,1392.480224609375,2579.4078369140625,1365.4922485351562,27.862060546875,53.9759521484375
IMG_0045.mp4,36,1.2,30.0,1,1,traffic_lights,0.6879816055297852,1795.14404296875,771.1920776367188,1937.1405029296875,1200.3758544921875,1866.1422729492188,985.7839660644531,141.9964599609375,429.18377685546875
IMG_0045.mp4,36,1.2,30.0,6,1,traffic_lights,0.3596663177013397,1691.0526123046875,959.5520629882812,1776.8099365234375,1180.26318359375,1733.9312744140625,1069.9076232910156,85.75732421875,220.71112060546875
IMG_0045.mp4,36,1.2,30.0,7,2,traffic_signs,0.6875519156455994,1305.56005859375,1508.6795654296875,1333.8018798828125,1563.3641357421875,1319.6809692382812,1536.0218505859375,28.2418212890625,54.6845703125
IMG_0045.mp4,36,1.2,30.0,3,2,traffic_signs,0.8883087635040283,2012.69970703125,1547.340576171875,2151.292236328125,1697.48828125,2081.9959716796875,1622.4144287109375,138.592529296875,150.147705078125
IMG_0045.mp4,36,1.2,30.0,8,2,traffic_signs,0.2507660984992981,1604.68408203125,1543.9444580078125,1632.008544921875,1588.9034423828125,1618.3463134765625,1566.4239501953125,27.324462890625,44.958984375
IMG_0045.mp4,36,1.2,30.0,16,2,traffic_signs,0.8373693823814392,1348.1109619140625,1469.8912353515625,1372.2022705078125,1510.8463134765625,1360.1566162109375,1490.3687744140625,24.09130859375,40.955078125
IMG_0045.mp4,36,1.2,30.0,11,1,traffic_lights,0.737250566482544,508.90399169921875,986.588134765625,560.339111328125,1104.981689453125,534.6215515136719,1045.784912109375,51.43511962890625,118.3935546875
IMG_0045.mp4,36,1.2,30.0,28,1,traffic_lights,0.3746642470359802,2566.34423828125,1337.38818359375,2592.73095703125,1391.281494140625,2579.53759765625,1364.3348388671875,26.38671875,53.893310546875
IMG_0045.mp4,37,1.2333333333333334,30.0,1,1,traffic_lights,0.7310775518417358,1798.0089111328125,773.9600219726562,1937.181640625,1200.8304443359375,1867.5952758789062,987.3952331542969,139.1727294921875,426.87042236328125
IMG_0045.mp4,37,1.2333333333333334,30.0,6,1,traffic_lights,0.5452578067779541,1691.3572998046875,959.6181640625,1777.9073486328125,1181.872314453125,1734.63232421875,1070.7452392578125,86.550048828125,222.254150390625
IMG_0045.mp4,37,1.2333333333333334,30.0,7,2,traffic_signs,0.6448788046836853,1305.9464111328125,1508.487548828125,1334.000732421875,1562.79931640625,1319.9735717773438,1535.6434326171875,28.0543212890625,54.311767578125
IMG_0045.mp4,37,1.2333333333333334,30.0,3,2,traffic_signs,0.8908640146255493,2012.7962646484375,1547.03271484375,2151.328125,1697.3748779296875,2082.0621948242188,1622.2037963867188,138.5318603515625,150.3421630859375
IMG_0045.mp4,37,1.2333333333333334,30.0,16,2,traffic_signs,0.8448904156684875,1348.4815673828125,1470.23046875,1372.184814453125,1510.773193359375,1360.3331909179688,1490.5018310546875,23.7032470703125,40.542724609375
IMG_0045.mp4,37,1.2333333333333334,30.0,11,1,traffic_lights,0.6255813241004944,509.29937744140625,986.4429931640625,560.448974609375,1104.098876953125,534.8741760253906,1045.2709350585938,51.14959716796875,117.6558837890625
IMG_0045.mp4,37,1.2333333333333334,30.0,28,1,traffic_lights,0.6123954653739929,2566.02783203125,1336.291748046875,2592.29931640625,1390.722900390625,2579.16357421875,1363.50732421875,26.271484375,54.43115234375
IMG_0045.mp4,38,1.2666666666666666,30.0,1,1,traffic_lights,0.7301737666130066,1800.9078369140625,774.8919067382812,1937.281982421875,1200.201171875,1869.0949096679688,987.5465393066406,136.3741455078125,425.30926513671875
IMG_0045.mp4,38,1.2666666666666666,30.0,6,1,traffic_lights,0.6875441670417786,1691.361572265625,960.3123779296875,1778.635009765625,1182.4354248046875,1734.998291015625,1071.3739013671875,87.2734375,222.123046875
IMG_0045.mp4,38,1.2666666666666666,30.0,7,2,traffic_signs,0.7253850698471069,1306.1832275390625,1509.36279296875,1333.625244140625,1563.32763671875,1319.9042358398438,1536.34521484375,27.4420166015625,53.96484375
IMG_0045.mp4,38,1.2666666666666666,30.0,3,2,traffic_signs,0.8870208859443665,2013.1470947265625,1547.3919677734375,2151.2529296875,1697.6868896484375,2082.2000122070312,1622.5394287109375,138.1058349609375,150.294921875
IMG_0045.mp4,38,1.2666666666666666,30.0,16,2,traffic_signs,0.8336804509162903,1348.642578125,1471.06494140625,1371.7718505859375,1511.4625244140625,1360.2072143554688,1491.2637329101562,23.1292724609375,40.3975830078125
IMG_0045.mp4,38,1.2666666666666666,30.0,11,1,traffic_lights,0.5988733768463135,509.084716796875,987.0018920898438,560.2186279296875,1105.006103515625,534.6516723632812,1046.0039978027344,51.1339111328125,118.00421142578125
IMG_0045.mp4,38,1.2666666666666666,30.0,28,1,traffic_lights,0.3911694586277008,2566.19873046875,1336.1719970703125,2592.59619140625,1391.13916015625,2579.3974609375,1363.6555786132812,26.3974609375,54.9671630859375
IMG_0045.mp4,39,1.3,30.0,1,1,traffic_lights,0.7074785232543945,1800.1231689453125,771.59326171875,1937.20458984375,1200.049072265625,1868.6638793945312,985.8211669921875,137.0814208984375,428.455810546875
IMG_0045.mp4,39,1.3,30.0,6,1,traffic_lights,0.5234254598617554,1691.4493408203125,960.2784423828125,1778.5433349609375,1182.3485107421875,1734.996337890625,1071.3134765625,87.093994140625,222.070068359375
IMG_0045.mp4,39,1.3,30.0,7,2,traffic_signs,0.6280196309089661,1306.735107421875,1509.8040771484375,1333.3258056640625,1563.7259521484375,1320.0304565429688,1536.7650146484375,26.5906982421875,53.921875
IMG_0045.mp4,39,1.3,30.0,3,2,traffic_signs,0.8851304650306702,2013.05419921875,1547.5157470703125,2151.121337890625,1697.6932373046875,2082.0877685546875,1622.6044921875,138.067138671875,150.177490234375
IMG_0045.mp4,39,1.3,30.0,16,2,traffic_signs,0.8378048539161682,1348.658935546875,1470.9609375,1371.7010498046875,1511.2237548828125,1360.1799926757812,1491.0923461914062,23.0421142578125,40.2628173828125
IMG_0045.mp4,39,1.3,30.0,11,1,traffic_lights,0.6494394540786743,509.2864990234375,986.8118286132812,560.4277954101562,1105.1988525390625,534.8571472167969,1046.0053405761719,51.14129638671875,118.38702392578125
IMG_0045.mp4,39,1.3,30.0,28,1,traffic_lights,0.5186144709587097,2566.02685546875,1336.145263671875,2592.39306640625,1391.0767822265625,2579.2099609375,1363.6110229492188,26.3662109375,54.9315185546875
IMG_0045.mp4,39,1.3,30.0,8,2,traffic_signs,0.3515118956565857,1604.5697021484375,1544.398681640625,1632.62744140625,1589.7159423828125,1618.5985717773438,1567.0573120117188,28.0577392578125,45.3172607421875
IMG_0045.mp4,40,1.3333333333333333,30.0,1,1,traffic_lights,0.7212549448013306,1798.2955322265625,775.9841918945312,1937.1448974609375,1198.910400390625,1867.72021484375,987.4472961425781,138.849365234375,422.92620849609375
IMG_0045.mp4,40,1.3333333333333333,30.0,6,1,traffic_lights,0.6024734377861023,1691.4287109375,961.2039794921875,1778.567626953125,1182.044921875,1734.9981689453125,1071.6244506835938,87.138916015625,220.8409423828125
IMG_0045.mp4,40,1.3333333333333333,30.0,7,2,traffic_signs,0.45576509833335876,1306.9921875,1509.7135009765625,1333.2420654296875,1563.6019287109375,1320.1171264648438,1536.65771484375,26.2498779296875,53.888427734375
IMG_0045.mp4,40,1.3333333333333333,30.0,3,2,traffic_signs,0.8777992725372314,2013.32421875,1547.2698974609375,2151.141845703125,1697.4547119140625,2082.2330322265625,1622.3623046875,137.817626953125,150.184814453125
IMG_0045.mp4,40,1.3333333333333333,30.0,16,2,traffic_signs,0.8452020883560181,1348.581298828125,1471.1243896484375,1371.6124267578125,1510.8494873046875,1360.0968627929688,1490.9869384765625,23.0311279296875,39.72509765625
IMG_0045.mp4,40,1.3333333333333333,30.0,11,1,traffic_lights,0.67568439245224,509.3609924316406,986.666259765625,560.3663940429688,1104.6373291015625,534.8636932373047,1045.6517944335938,51.005401611328125,117.9710693359375
IMG_0045.mp4,40,1.3333333333333333,30.0,28,1,traffic_lights,0.32506340742111206,2565.752197265625,1336.426025390625,2592.589111328125,1391.2562255859375,2579.170654296875,1363.8411254882812,26.8369140625,54.8302001953125
IMG_0045.mp4,40,1.3333333333333333,30.0,8,2,traffic_signs,0.474131315946579,1604.3773193359375,1544.5130615234375,1632.9068603515625,1590.1810302734375,1618.64208984375,1567.3470458984375,28.529541015625,45.66796875
IMG_0045.mp4,41,1.3666666666666667,30.0,1,1,traffic_lights,0.6711618900299072,1800.4775390625,778.94873046875,1937.10791015625,1199.0130615234375,1868.792724609375,988.9808959960938,136.63037109375,420.0643310546875
IMG_0045.mp4,41,1.3666666666666667,30.0,6,1,traffic_lights,0.5893486142158508,1691.5567626953125,961.2421264648438,1777.7120361328125,1182.2142333984375,1734.6343994140625,1071.7281799316406,86.1552734375,220.97210693359375
IMG_0045.mp4,41,1.3666666666666667,30.0,7,2,traffic_signs,0.7311322689056396,1306.9586181640625,1509.385009765625,1333.1124267578125,1564.0814208984375,1320.0355224609375,1536.7332153320312,26.15380859375,54.6964111328125
IMG_0045.mp4,41,1.3666666666666667,30.0,3,2,traffic_signs,0.8806259036064148,2013.3858642578125,1547.79150390625,2151.333984375,1697.7572021484375,2082.3599243164062,1622.7743530273438,137.9481201171875,149.9656982421875
IMG_0045.mp4,41,1.3666666666666667,30.0,16,2,traffic_signs,0.8489601016044617,1348.42919921875,1471.3016357421875,1371.8726806640625,1511.3555908203125,1360.1509399414062,1491.32861328125,23.4434814453125,40.053955078125
IMG_0045.mp4,41,1.3666666666666667,30.0,11,1,traffic_lights,0.562978208065033,509.2071838378906,987.123291015625,560.2611694335938,1104.9193115234375,534.7341766357422,1046.0213012695312,51.053985595703125,117.7960205078125
IMG_0045.mp4,41,1.3666666666666667,30.0,28,1,traffic_lights,0.28754541277885437,2566.158447265625,1336.374267578125,2592.830078125,1391.35546875,2579.4942626953125,1363.8648681640625,26.671630859375,54.981201171875
IMG_0045.mp4,41,1.3666666666666667,30.0,8,2,traffic_signs,0.6909607648849487,1603.974609375,1544.618408203125,1633.079345703125,1591.063720703125,1618.5269775390625,1567.841064453125,29.104736328125,46.4453125
IMG_0045.mp4,42,1.4,30.0,1,1,traffic_lights,0.7356840968132019,1799.7548828125,774.6530151367188,1937.4061279296875,1200.88623046875,1868.5805053710938,987.7696228027344,137.6512451171875,426.23321533203125
IMG_0045.mp4,42,1.4,30.0,6,1,traffic_lights,0.5602790117263794,1691.52099609375,961.1964721679688,1777.1959228515625,1182.8865966796875,1734.3584594726562,1072.0415344238281,85.6749267578125,221.69012451171875
IMG_0045.mp4,42,1.4,30.0,7,2,traffic_signs,0.8085177540779114,1306.8216552734375,1509.8968505859375,1332.9261474609375,1564.145751953125,1319.8739013671875,1537.0213012695312,26.1044921875,54.2489013671875
IMG_0045.mp4,42,1.4,30.0,3,2,traffic_signs,0.8674444556236267,2013.748046875,1548.66796875,2151.567626953125,1697.95361328125,2082.6578369140625,1623.310791015625,137.819580078125,149.28564453125
IMG_0045.mp4,42,1.4,30.0,16,2,traffic_signs,0.8297902941703796,1348.26220703125,1471.3809814453125,1372.0506591796875,1511.9078369140625,1360.1564331054688,1491.6444091796875,23.7884521484375,40.52685546875
IMG_0045.mp4,42,1.4,30.0,11,1,traffic_lights,0.43691176176071167,508.759765625,987.64306640625,559.305908203125,1104.894775390625,534.0328369140625,1046.2689208984375,50.546142578125,117.251708984375
IMG_0045.mp4,42,1.4,30.0,28,1,traffic_lights,0.28045573830604553,2565.599853515625,1338.5020751953125,2594.035400390625,1392.1004638671875,2579.817626953125,1365.30126953125,28.435546875,53.598388671875
IMG_0045.mp4,42,1.4,30.0,8,2,traffic_signs,0.7570992708206177,1604.04296875,1545.4796142578125,1632.8509521484375,1591.805908203125,1618.4469604492188,1568.6427612304688,28.8079833984375,46.3262939453125
IMG_0045.mp4,43,1.4333333333333333,30.0,1,1,traffic_lights,0.7661952972412109,1805.583740234375,774.5401000976562,1938.4156494140625,1198.6297607421875,1871.9996948242188,986.5849304199219,132.8319091796875,424.08966064453125
IMG_0045.mp4,43,1.4333333333333333,30.0,6,1,traffic_lights,0.6636427640914917,1691.669921875,962.1295166015625,1778.1414794921875,1183.1622314453125,1734.9057006835938,1072.6458740234375,86.4715576171875,221.03271484375
IMG_0045.mp4,43,1.4333333333333333,30.0,7,2,traffic_signs,0.769356369972229,1306.790283203125,1509.8458251953125,1333.38134765625,1564.5958251953125,1320.0858154296875,1537.2208251953125,26.591064453125,54.75
IMG_0045.mp4,43,1.4333333333333333,30.0,3,2,traffic_signs,0.8714032769203186,2014.1923828125,1548.8187255859375,2151.54052734375,1697.9954833984375,2082.866455078125,1623.4071044921875,137.34814453125,149.1767578125
IMG_0045.mp4,43,1.4333333333333333,30.0,16,2,traffic_signs,0.8463085889816284,1348.1783447265625,1471.1715087890625,1372.4249267578125,1512.2255859375,1360.3016357421875,1491.6985473632812,24.24658203125,41.0540771484375
IMG_0045.mp4,43,1.4333333333333333,30.0,11,1,traffic_lights,0.3798801600933075,508.74249267578125,987.7438354492188,559.2484130859375,1104.8009033203125,533.9954528808594,1046.2723693847656,50.50592041015625,117.05706787109375
IMG_0045.mp4,43,1.4333333333333333,30.0,8,2,traffic_signs,0.7978413701057434,1604.044189453125,1545.5029296875,1632.909423828125,1592.2288818359375,1618.476806640625,1568.8659057617188,28.865234375,46.7259521484375
IMG_0045.mp4,44,1.4666666666666666,30.0,1,1,traffic_lights,0.8143315315246582,1812.8438720703125,791.2850952148438,1938.6761474609375,1193.9188232421875,1875.760009765625,992.6019592285156,125.832275390625,402.63372802734375
IMG_0045.mp4,44,1.4666666666666666,30.0,6,1,traffic_lights,0.5924032926559448,1691.4832763671875,962.643798828125,1778.895751953125,1184.255615234375,1735.1895141601562,1073.44970703125,87.4124755859375,221.61181640625
IMG_0045.mp4,44,1.4666666666666666,30.0,7,2,traffic_signs,0.7661887407302856,1306.4677734375,1510.0272216796875,1333.744873046875,1565.33544921875,1320.1063232421875,1537.6813354492188,27.277099609375,55.3082275390625
IMG_0045.mp4,44,1.4666666666666666,30.0,3,2,traffic_signs,0.8765878081321716,2014.2891845703125,1548.7239990234375,2151.219970703125,1697.743896484375,2082.7545776367188,1623.2339477539062,136.9307861328125,149.0198974609375
IMG_0045.mp4,44,1.4666666666666666,30.0,16,2,traffic_signs,0.8095109462738037,1348.099853515625,1470.9737548828125,1372.30322265625,1512.323974609375,1360.2015380859375,1491.6488647460938,24.203369140625,41.3502197265625
IMG_0045.mp4,44,1.4666666666666666,30.0,11,1,traffic_lights,0.4741232693195343,508.7300109863281,987.5591430664062,559.4884643554688,1105.1470947265625,534.1092376708984,1046.3531188964844,50.758453369140625,117.58795166015625
IMG_0045.mp4,44,1.4666666666666666,30.0,8,2,traffic_signs,0.8426984548568726,1604.2501220703125,1545.57666015625,1632.7391357421875,1592.2510986328125,1618.49462890625,1568.9138793945312,28.489013671875,46.6744384765625
IMG_0045.mp4,45,1.5,30.0,1,1,traffic_lights,0.8119111657142639,1816.0697021484375,798.9304809570312,1938.88916015625,1188.1732177734375,1877.4794311523438,993.5518493652344,122.8194580078125,389.24273681640625
IMG_0045.mp4,45,1.5,30.0,6,1,traffic_lights,0.6550175547599792,1691.5693359375,963.3003540039062,1779.653076171875,1184.0030517578125,1735.6112060546875,1073.6517028808594,88.083740234375,220.70269775390625
IMG_0045.mp4,45,1.5,30.0,7,2,traffic_signs,0.7576231360435486,1306.3653564453125,1510.0625,1333.4715576171875,1565.53759765625,1319.91845703125,1537.800048828125,27.106201171875,55.47509765625
IMG_0045.mp4,45,1.5,30.0,3,2,traffic_signs,0.8734273910522461,2013.9971923828125,1548.5147705078125,2150.980224609375,1697.583984375,2082.4887084960938,1623.0493774414062,136.9830322265625,149.0692138671875
IMG_0045.mp4,45,1.5,30.0,16,2,traffic_signs,0.8150412440299988,1348.3223876953125,1471.0072021484375,1371.977783203125,1512.5166015625,1360.1500854492188,1491.7619018554688,23.6553955078125,41.5093994140625
IMG_0045.mp4,45,1.5,30.0,11,1,traffic_lights,0.485476016998291,508.7679138183594,987.6423950195312,559.7694702148438,1105.6995849609375,534.2686920166016,1046.6709899902344,51.001556396484375,118.05718994140625
IMG_0045.mp4,45,1.5,30.0,8,2,traffic_signs,0.846440315246582,1604.4791259765625,1545.66943359375,1632.5594482421875,1591.9951171875,1618.519287109375,1568.832275390625,28.080322265625,46.32568359375
IMG_0045.mp4,45,1.5,30.0,28,1,traffic_lights,0.3013032078742981,2565.825439453125,1336.713623046875,2593.47607421875,1391.288330078125,2579.6507568359375,1364.0009765625,27.650634765625,54.57470703125
IMG_0045.mp4,46,1.5333333333333334,30.0,1,1,traffic_lights,0.8412197232246399,1817.4312744140625,801.505126953125,1938.6019287109375,1187.9345703125,1878.0166015625,994.7198486328125,121.170654296875,386.429443359375
IMG_0045.mp4,46,1.5333333333333334,30.0,6,1,traffic_lights,0.8245077729225159,1691.3875732421875,965.3533325195312,1779.3570556640625,1182.5989990234375,1735.372314453125,1073.9761657714844,87.969482421875,217.24566650390625
IMG_0045.mp4,46,1.5333333333333334,30.0,7,2,traffic_signs,0.7220032215118408,1305.9754638671875,1509.4356689453125,1333.5478515625,1565.4156494140625,1319.7616577148438,1537.4256591796875,27.5723876953125,55.97998046875
IMG_0045.mp4,46,1.5333333333333334,30.0,3,2,traffic_signs,0.8815870881080627,2013.9151611328125,1548.263916015625,2151.035888671875,1697.530517578125,2082.4755249023438,1622.897216796875,137.1207275390625,149.2666015625
IMG_0045.mp4,46,1.5333333333333334,30.0,16,2,traffic_signs,0.832158088684082,1348.5382080078125,1470.93505859375,1371.99169921875,1512.6717529296875,1360.2649536132812,1491.8034057617188,23.4534912109375,41.7366943359375
IMG_0045.mp4,46,1.5333333333333334,30.0,11,1,traffic_lights,0.598478376865387,509.06585693359375,987.5201416015625,559.8037719726562,1105.8804931640625,534.434814453125,1046.7003173828125,50.7379150390625,118.3603515625
IMG_0045.mp4,46,1.5333333333333334,30.0,8,2,traffic_signs,0.8427227735519409,1604.7509765625,1545.2364501953125,1632.614501953125,1591.5963134765625,1618.6827392578125,1568.4163818359375,27.863525390625,46.35986328125
IMG_0045.mp4,46,1.5333333333333334,30.0,28,1,traffic_lights,0.4505985379219055,2565.692138671875,1336.5662841796875,2593.09228515625,1390.2650146484375,2579.3922119140625,1363.4156494140625,27.400146484375,53.69873046875
IMG_0045.mp4,47,1.5666666666666667,30.0,1,1,traffic_lights,0.7729701399803162,1816.978271484375,801.538818359375,1938.750244140625,1188.829345703125,1877.8642578125,995.18408203125,121.77197265625,387.29052734375
IMG_0045.mp4,47,1.5666666666666667,30.0,6,1,traffic_lights,0.7371079325675964,1691.6737060546875,966.4346313476562,1780.5860595703125,1184.5447998046875,1736.1298828125,1075.4897155761719,88.912353515625,218.11016845703125
IMG_0045.mp4,47,1.5666666666666667,30.0,7,2,traffic_signs,0.6653058528900146,1306.327392578125,1510.0264892578125,1333.58984375,1565.674560546875,1319.9586181640625,1537.8505249023438,27.262451171875,55.6480712890625
IMG_0045.mp4,47,1.5666666666666667,30.0,3,2,traffic_signs,0.879591703414917,2014.2071533203125,1548.995361328125,2151.001220703125,1697.844482421875,2082.6041870117188,1623.419921875,136.7940673828125,148.84912109375
IMG_0045.mp4,47,1.5666666666666667,30.0,16,2,traffic_signs,0.8370299935340881,1348.5177001953125,1471.157470703125,1372.2183837890625,1513.3939208984375,1360.3680419921875,1492.2756958007812,23.70068359375,42.2364501953125
IMG_0045.mp4,47,1.5666666666666667,30.0,11,1,traffic_lights,0.4544128179550171,508.9725646972656,988.1612548828125,559.6553344726562,1106.2025146484375,534.3139495849609,1047.181884765625,50.682769775390625,118.041259765625
IMG_0045.mp4,47,1.5666666666666667,30.0,8,2,traffic_signs,0.8614965081214905,1604.6826171875,1545.8016357421875,1632.6005859375,1592.007080078125,1618.6416015625,1568.9043579101562,27.91796875,46.2054443359375
IMG_0045.mp4,47,1.5666666666666667,30.0,28,1,traffic_lights,0.40216347575187683,2565.76904296875,1336.5360107421875,2593.469482421875,1390.714111328125,2579.6192626953125,1363.6250610351562,27.700439453125,54.1781005859375
IMG_0045.mp4,48,1.6,30.0,1,1,traffic_lights,0.779228687286377,1817.1697998046875,800.648681640625,1938.9364013671875,1187.44775390625,1878.0531005859375,994.0482177734375,121.7666015625,386.799072265625
IMG_0045.mp4,48,1.6,30.0,6,1,traffic_lights,0.6134100556373596,1691.81298828125,964.6458129882812,1782.9249267578125,1183.96435546875,1737.3689575195312,1074.3050842285156,91.1119384765625,219.31854248046875
IMG_0045.mp4,48,1.6,30.0,7,2,traffic_signs,0.5881956219673157,1306.66455078125,1509.6240234375,1334.0101318359375,1565.205810546875,1320.3373413085938,1537.4149169921875,27.3455810546875,55.581787109375
IMG_0045.mp4,48,1.6,30.0,3,2,traffic_signs,0.8771280646324158,2014.494873046875,1548.7236328125,2150.8447265625,1697.49072265625,2082.6697998046875,1623.107177734375,136.349853515625,148.76708984375
IMG_0045.mp4,48,1.6,30.0,16,2,traffic_signs,0.8510661125183105,1348.4971923828125,1471.2501220703125,1372.4669189453125,1513.946533203125,1360.4820556640625,1492.5983276367188,23.9697265625,42.6964111328125
IMG_0045.mp4,48,1.6,30.0,11,1,traffic_lights,0.614876925945282,508.98431396484375,987.792236328125,560.0287475585938,1106.1815185546875,534.5065307617188,1046.9868774414062,51.04443359375,118.3892822265625
IMG_0045.mp4,48,1.6,30.0,8,2,traffic_signs,0.8654604554176331,1604.9705810546875,1545.671142578125,1632.790283203125,1591.9249267578125,1618.8804321289062,1568.7980346679688,27.8197021484375,46.2537841796875
IMG_0045.mp4,48,1.6,30.0,28,1,traffic_lights,0.4584273397922516,2565.90380859375,1336.4500732421875,2593.57421875,1390.7933349609375,2579.739013671875,1363.6217041015625,27.67041015625,54.34326171875
IMG_0045.mp4,49,1.6333333333333333,30.0,1,1,traffic_lights,0.8607315421104431,1816.850830078125,801.589599609375,1938.648681640625,1188.760009765625,1877.749755859375,995.1748046875,121.7978515625,387.17041015625
IMG_0045.mp4,49,1.6333333333333333,30.0,6,1,traffic_lights,0.5880099534988403,1691.81640625,964.4155883789062,1780.7354736328125,1185.4434814453125,1736.2759399414062,1074.9295349121094,88.9190673828125,221.02789306640625
IMG_0045.mp4,49,1.6333333333333333,30.0,7,2,traffic_signs,0.7795187830924988,1306.2879638671875,1510.142578125,1333.955078125,1565.5274658203125,1320.1215209960938,1537.8350219726562,27.6671142578125,55.3848876953125
IMG_0045.mp4,49,1.6333333333333333,30.0,3,2,traffic_signs,0.8824790120124817,2014.296630859375,1548.5380859375,2150.836669921875,1697.5093994140625,2082.566650390625,1623.0237426757812,136.5400390625,148.9713134765625
IMG_0045.mp4,49,1.6333333333333333,30.0,16,2,traffic_signs,0.8548130393028259,1348.0667724609375,1471.5413818359375,1372.1964111328125,1515.0308837890625,1360.131591796875,1493.2861328125,24.129638671875,43.489501953125
IMG_0045.mp4,49,1.6333333333333333,30.0,11,1,traffic_lights,0.3888394236564636,508.6340637207031,987.5971069335938,559.6439208984375,1106.268310546875,534.1389923095703,1046.9327087402344,51.009857177734375,118.67120361328125
IMG_0045.mp4,49,1.6333333333333333,30.0,8,2,traffic_signs,0.8671625852584839,1605.01611328125,1545.697021484375,1632.6832275390625,1592.3736572265625,1618.8496704101562,1569.0353393554688,27.6671142578125,46.6766357421875
IMG_0045.mp4,49,1.6333333333333333,30.0,28,1,traffic_lights,0.4884423315525055,2566.057861328125,1336.3013916015625,2593.739013671875,1391.2596435546875,2579.8984375,1363.780517578125,27.68115234375,54.958251953125
IMG_0045.mp4,50,1.6666666666666667,30.0,1,1,traffic_lights,0.794436514377594,1815.969482421875,795.6175537109375,1938.83544921875,1189.5614013671875,1877.4024658203125,992.5894775390625,122.865966796875,393.94384765625
IMG_0045.mp4,50,1.6666666666666667,30.0,6,1,traffic_lights,0.6336016058921814,1691.567626953125,965.0680541992188,1778.6689453125,1183.8829345703125,1735.1182861328125,1074.4754943847656,87.101318359375,218.81488037109375
IMG_0045.mp4,50,1.6666666666666667,30.0,7,2,traffic_signs,0.7935217618942261,1305.7706298828125,1509.629638671875,1334.0616455078125,1565.256103515625,1319.9161376953125,1537.44287109375,28.291015625,55.62646484375
IMG_0045.mp4,50,1.6666666666666667,30.0,3,2,traffic_signs,0.8712837100028992,2014.2535400390625,1548.1912841796875,2150.787109375,1697.4306640625,2082.5203247070312,1622.8109741210938,136.5335693359375,149.2393798828125
IMG_0045.mp4,50,1.6666666666666667,30.0,16,2,traffic_signs,0.8598546385765076,1347.985595703125,1470.81787109375,1372.1826171875,1514.6324462890625,1360.0841064453125,1492.7251586914062,24.197021484375,43.8145751953125
IMG_0045.mp4,50,1.6666666666666667,30.0,8,2,traffic_signs,0.8665739893913269,1604.9144287109375,1545.385009765625,1632.64794921875,1592.2164306640625,1618.7811889648438,1568.8007202148438,27.7335205078125,46.8314208984375
IMG_0045.mp4,50,1.6666666666666667,30.0,28,1,traffic_lights,0.5910459160804749,2566.318359375,1335.5458984375,2593.8671875,1390.535888671875,2580.0927734375,1363.0408935546875,27.548828125,54.989990234375
IMG_0045.mp4,51,1.7,30.0,1,1,traffic_lights,0.8295594453811646,1816.583984375,797.2159423828125,1939.03759765625,1187.9747314453125,1877.810791015625,992.5953369140625,122.45361328125,390.7587890625
IMG_0045.mp4,51,1.7,30.0,6,1,traffic_lights,0.6546254754066467,1691.4378662109375,966.6175537109375,1777.587158203125,1182.857666015625,1734.5125122070312,1074.7376098632812,86.1492919921875,216.2401123046875
IMG_0045.mp4,51,1.7,30.0,7,2,traffic_signs,0.8371082544326782,1305.5240478515625,1509.9453125,1333.9129638671875,1565.0128173828125,1319.718505859375,1537.4790649414062,28.388916015625,55.0675048828125
IMG_0045.mp4,51,1.7,30.0,3,2,traffic_signs,0.8626484870910645,2014.15234375,1548.2225341796875,2150.797119140625,1697.466552734375,2082.4747314453125,1622.8445434570312,136.644775390625,149.2440185546875
IMG_0045.mp4,51,1.7,30.0,16,2,traffic_signs,0.8508556485176086,1348.0731201171875,1470.8778076171875,1372.087890625,1514.7174072265625,1360.0805053710938,1492.797607421875,24.0147705078125,43.839599609375
IMG_0045.mp4,51,1.7,30.0,8,2,traffic_signs,0.8648264408111572,1604.8878173828125,1545.205078125,1632.629150390625,1592.50244140625,1618.7584838867188,1568.853759765625,27.7413330078125,47.29736328125
IMG_0045.mp4,51,1.7,30.0,28,1,traffic_lights,0.5902193188667297,2565.762939453125,1335.5098876953125,2593.634521484375,1390.197265625,2579.69873046875,1362.8535766601562,27.87158203125,54.6873779296875
IMG_0045.mp4,51,1.7,30.0,11,1,traffic_lights,0.35954442620277405,508.77117919921875,987.5514526367188,559.5338134765625,1105.456298828125,534.1524963378906,1046.5038757324219,50.76263427734375,117.90484619140625
IMG_0045.mp4,52,1.7333333333333334,30.0,1,1,traffic_lights,0.8024606108665466,1816.284423828125,797.6672973632812,1939.1014404296875,1188.484130859375,1877.6929321289062,993.0757141113281,122.8170166015625,390.81683349609375
IMG_0045.mp4,52,1.7333333333333334,30.0,6,1,traffic_lights,0.6813278794288635,1691.391845703125,965.9833374023438,1777.4373779296875,1183.332275390625,1734.4146118164062,1074.6578063964844,86.0455322265625,217.34893798828125
IMG_0045.mp4,52,1.7333333333333334,30.0,7,2,traffic_signs,0.8226098418235779,1305.562744140625,1509.9364013671875,1333.6396484375,1564.6634521484375,1319.6011962890625,1537.2999267578125,28.076904296875,54.72705078125
IMG_0045.mp4,52,1.7333333333333334,30.0,3,2,traffic_signs,0.8699554204940796,2013.9593505859375,1547.958984375,2150.8623046875,1697.43017578125,2082.4108276367188,1622.694580078125,136.9029541015625,149.47119140625
IMG_0045.mp4,52,1.7333333333333334,30.0,16,2,traffic_signs,0.8570083975791931,1348.1748046875,1470.7816162109375,1371.8370361328125,1514.558349609375,1360.0059204101562,1492.6699829101562,23.6622314453125,43.7767333984375
IMG_0045.mp4,52,1.7333333333333334,30.0,8,2,traffic_signs,0.8655739426612854,1604.9559326171875,1544.923095703125,1632.642822265625,1592.721435546875,1618.7993774414062,1568.822265625,27.6868896484375,47.79833984375
IMG_0045.mp4,52,1.7333333333333334,30.0,28,1,traffic_lights,0.37953221797943115,2565.264892578125,1335.634033203125,2593.54443359375,1390.8240966796875,2579.4046630859375,1363.2290649414062,28.279541015625,55.1900634765625
IMG_0045.mp4,52,1.7333333333333334,30.0,11,1,traffic_lights,0.6075490117073059,509.0912170410156,987.4405517578125,559.8726806640625,1105.2947998046875,534.4819488525391,1046.36767578125,50.781463623046875,117.854248046875
IMG_0045.mp4,53,1.7666666666666666,30.0,1,1,traffic_lights,0.8399857878684998,1816.42626953125,797.958984375,1939.097900390625,1187.66064453125,1877.7620849609375,992.809814453125,122.671630859375,389.70166015625
IMG_0045.mp4,53,1.7666666666666666,30.0,6,1,traffic_lights,0.480037659406662,1691.3909912109375,964.820556640625,1778.572509765625,1184.3765869140625,1734.9817504882812,1074.5985717773438,87.1815185546875,219.5560302734375
IMG_0045.mp4,53,1.7666666666666666,30.0,7,2,traffic_signs,0.6081616878509521,1306.035400390625,1509.926025390625,1333.687255859375,1564.314697265625,1319.861328125,1537.120361328125,27.65185546875,54.388671875
IMG_0045.mp4,53,1.7666666666666666,30.0,3,2,traffic_signs,0.864723801612854,2014.1739501953125,1548.0418701171875,2150.850830078125,1697.3204345703125,2082.5123901367188,1622.68115234375,136.6768798828125,149.278564453125
IMG_0045.mp4,53,1.7666666666666666,30.0,16,2,traffic_signs,0.8553240895271301,1348.0421142578125,1470.3843994140625,1371.808837890625,1514.436279296875,1359.9254760742188,1492.4103393554688,23.7667236328125,44.0518798828125
IMG_0045.mp4,53,1.7666666666666666,30.0,8,2,traffic_signs,0.8659235239028931,1604.7850341796875,1544.6153564453125,1632.7930908203125,1592.9837646484375,1618.7890625,1568.799560546875,28.008056640625,48.368408203125
IMG_0045.mp4,53,1.7666666666666666,30.0,28,1,traffic_lights,0.4711546003818512,2564.714111328125,1334.9124755859375,2593.627197265625,1390.7725830078125,2579.170654296875,1362.842529296875,28.9130859375,55.860107421875
IMG_0045.mp4,53,1.7666666666666666,30.0,11,1,traffic_lights,0.527047872543335,509.19732666015625,987.0203247070312,560.2257690429688,1104.9619140625,534.7115478515625,1045.9911193847656,51.0284423828125,117.94158935546875
IMG_0045.mp4,54,1.8,30.0,1,1,traffic_lights,0.9082785248756409,1817.5118408203125,801.9249877929688,1938.6871337890625,1182.754150390625,1878.0994873046875,992.3395690917969,121.17529296875,380.82916259765625
IMG_0045.mp4,54,1.8,30.0,6,1,traffic_lights,0.5386584401130676,1691.2674560546875,964.5988159179688,1779.5467529296875,1184.9384765625,1735.4071044921875,1074.7686462402344,88.279296875,220.33966064453125
IMG_0045.mp4,54,1.8,30.0,7,2,traffic_signs,0.7681125402450562,1306.65283203125,1510.2799072265625,1332.88916015625,1564.48876953125,1319.77099609375,1537.3843383789062,26.236328125,54.2088623046875
IMG_0045.mp4,54,1.8,30.0,3,2,traffic_signs,0.8530818223953247,2014.1007080078125,1548.1688232421875,2150.76123046875,1697.3778076171875,2082.4309692382812,1622.7733154296875,136.6605224609375,149.208984375
IMG_0045.mp4,54,1.8,30.0,16,2,traffic_signs,0.8584915995597839,1348.027587890625,1470.382080078125,1371.779541015625,1514.4072265625,1359.903564453125,1492.3946533203125,23.751953125,44.025146484375
IMG_0045.mp4,54,1.8,30.0,8,2,traffic_signs,0.8706446290016174,1604.676025390625,1544.6636962890625,1632.893798828125,1593.3218994140625,1618.784912109375,1568.9927978515625,28.2177734375,48.658203125
IMG_0045.mp4,54,1.8,30.0,28,1,traffic_lights,0.5440307259559631,2565.248291015625,1334.661865234375,2593.670166015625,1390.7987060546875,2579.459228515625,1362.7302856445312,28.421875,56.1368408203125
IMG_0045.mp4,54,1.8,30.0,11,1,traffic_lights,0.5019087791442871,509.4376525878906,987.0816040039062,560.3621826171875,1104.863525390625,534.8999176025391,1045.9725646972656,50.924530029296875,117.78192138671875
IMG_0045.mp4,55,1.8333333333333333,30.0,1,1,traffic_lights,0.757722795009613,1817.1470947265625,794.7274169921875,1939.1529541015625,1183.5738525390625,1878.1500244140625,989.150634765625,122.005859375,388.846435546875
IMG_0045.mp4,55,1.8333333333333333,30.0,6,1,traffic_lights,0.5296314358711243,1691.2388916015625,963.3179321289062,1781.157470703125,1184.2666015625,1736.1981811523438,1073.7922668457031,89.9185791015625,220.94866943359375
IMG_0045.mp4,55,1.8333333333333333,30.0,7,2,traffic_signs,0.8336406946182251,1305.8988037109375,1510.484130859375,1333.0079345703125,1564.6851806640625,1319.453369140625,1537.5846557617188,27.109130859375,54.2010498046875
IMG_0045.mp4,55,1.8333333333333333,30.0,3,2,traffic_signs,0.8641339540481567,2014.0159912109375,1548.225341796875,2150.74609375,1697.8551025390625,2082.3810424804688,1623.0402221679688,136.7301025390625,149.6297607421875
IMG_0045.mp4,55,1.8333333333333333,30.0,16,2,traffic_signs,0.8512631058692932,1348.0638427734375,1470.4444580078125,1371.61767578125,1514.4449462890625,1359.8407592773438,1492.4447021484375,23.5538330078125,44.00048828125
IMG_0045.mp4,55,1.8333333333333333,30.0,8,2,traffic_signs,0.8724036812782288,1604.24853515625,1544.671142578125,1632.7562255859375,1593.3741455078125,1618.5023803710938,1569.0226440429688,28.5076904296875,48.7030029296875
IMG_0045.mp4,55,1.8333333333333333,30.0,28,1,traffic_lights,0.43620428442955017,2565.21533203125,1335.017822265625,2593.621826171875,1390.653076171875,2579.4185791015625,1362.83544921875,28.406494140625,55.63525390625
IMG_0045.mp4,55,1.8333333333333333,30.0,11,1,traffic_lights,0.6982281804084778,509.0208740234375,986.93994140625,560.0205688476562,1104.9940185546875,534.5207214355469,1045.9669799804688,50.99969482421875,118.0540771484375
IMG_0045.mp4,56,1.8666666666666667,30.0,1,1,traffic_lights,0.7961448431015015,1817.199951171875,792.1812133789062,1939.4189453125,1186.1568603515625,1878.3094482421875,989.1690368652344,122.218994140625,393.97564697265625
IMG_0045.mp4,56,1.8666666666666667,30.0,6,1,traffic_lights,0.5466974973678589,1691.4140625,962.9819946289062,1780.28955078125,1184.870849609375,1735.851806640625,1073.9264221191406,88.87548828125,221.88885498046875
IMG_0045.mp4,56,1.8666666666666667,30.0,7,2,traffic_signs,0.811978280544281,1305.931884765625,1511.009765625,1333.0008544921875,1564.3416748046875,1319.4663696289062,1537.6757202148438,27.0689697265625,53.3319091796875
IMG_0045.mp4,56,1.8666666666666667,30.0,3,2,traffic_signs,0.8639758825302124,2014.52783203125,1548.2430419921875,2150.87451171875,1697.81396484375,2082.701171875,1623.0285034179688,136.3466796875,149.5709228515625
IMG_0045.mp4,56,1.8666666666666667,30.0,16,2,traffic_signs,0.8548811078071594,1347.8402099609375,1470.4481201171875,1371.578125,1514.2608642578125,1359.7091674804688,1492.3544921875,23.7379150390625,43.812744140625
IMG_0045.mp4,56,1.8666666666666667,30.0,8,2,traffic_signs,0.8726639747619629,1604.0411376953125,1545.2001953125,1632.677001953125,1593.1903076171875,1618.3590698242188,1569.1952514648438,28.6358642578125,47.9901123046875
IMG_0045.mp4,56,1.8666666666666667,30.0,28,1,traffic_lights,0.537385880947113,2565.402587890625,1335.372314453125,2593.978759765625,1390.606201171875,2579.690673828125,1362.9892578125,28.576171875,55.23388671875
IMG_0045.mp4,56,1.8666666666666667,30.0,11,1,traffic_lights,0.4183250963687897,508.2675476074219,987.1046142578125,558.7362670898438,1104.6773681640625,533.5019073486328,1045.8909912109375,50.468719482421875,117.57275390625
IMG_0045.mp4,57,1.9,30.0,1,1,traffic_lights,0.8247680068016052,1816.790771484375,771.6912841796875,1939.666748046875,1187.166015625,1878.228759765625,979.4286499023438,122.8759765625,415.4747314453125
IMG_0045.mp4,57,1.9,30.0,6,1,traffic_lights,0.5622016191482544,1691.3125,963.5036010742188,1780.1878662109375,1184.890625,1735.7501831054688,1074.1971130371094,88.8753662109375,221.38702392578125
IMG_0045.mp4,57,1.9,30.0,7,2,traffic_signs,0.7732009887695312,1305.8203125,1510.267578125,1333.552734375,1564.867919921875,1319.6865234375,1537.5677490234375,27.732421875,54.600341796875
IMG_0045.mp4,57,1.9,30.0,3,2,traffic_signs,0.8561842441558838,2014.542236328125,1547.8470458984375,2150.974365234375,1697.4903564453125,2082.75830078125,1622.668701171875,136.43212890625,149.643310546875
IMG_0045.mp4,57,1.9,30.0,16,2,traffic_signs,0.8415094614028931,1347.771484375,1469.9669189453125,1371.933837890625,1513.6246337890625,1359.8526611328125,1491.7957763671875,24.162353515625,43.65771484375
IMG_0045.mp4,57,1.9,30.0,8,2,traffic_signs,0.8737582564353943,1604.0711669921875,1544.9163818359375,1632.9351806640625,1592.9437255859375,1618.503173828125,1568.9300537109375,28.864013671875,48.02734375
IMG_0045.mp4,57,1.9,30.0,28,1,traffic_lights,0.45653897523880005,2564.951904296875,1334.6337890625,2594.022705078125,1390.5986328125,2579.4873046875,1362.6162109375,29.07080078125,55.96484375
IMG_0045.mp4,57,1.9,30.0,11,1,traffic_lights,0.46334871649742126,508.3699645996094,987.0181884765625,558.7332153320312,1104.3680419921875,533.5515899658203,1045.693115234375,50.363250732421875,117.349853515625
IMG_0045.mp4,58,1.9333333333333333,30.0,1,1,traffic_lights,0.6991278529167175,1817.06982421875,780.3038940429688,1939.673583984375,1188.1981201171875,1878.3717041015625,984.2510070800781,122.603759765625,407.89422607421875
IMG_0045.mp4,58,1.9333333333333333,30.0,6,1,traffic_lights,0.39584067463874817,1691.335205078125,963.2128295898438,1780.6009521484375,1184.9412841796875,1735.9680786132812,1074.0770568847656,89.2657470703125,221.72845458984375
IMG_0045.mp4,58,1.9333333333333333,30.0,7,2,traffic_signs,0.7465628981590271,1305.854736328125,1510.11376953125,1333.7379150390625,1565.521240234375,1319.7963256835938,1537.8175048828125,27.8831787109375,55.407470703125
IMG_0045.mp4,58,1.9333333333333333,30.0,3,2,traffic_signs,0.8481572866439819,2014.50927734375,1547.9561767578125,2150.9765625,1697.5775146484375,2082.742919921875,1622.766845703125,136.46728515625,149.621337890625
IMG_0045.mp4,58,1.9333333333333333,30.0,16,2,traffic_signs,0.857306182384491,1347.7335205078125,1469.9080810546875,1372.1302490234375,1513.422119140625,1359.931884765625,1491.6651000976562,24.396728515625,43.5140380859375
IMG_0045.mp4,58,1.9333333333333333,30.0,8,2,traffic_signs,0.8712745904922485,1604.2083740234375,1544.9366455078125,1632.93310546875,1592.60205078125,1618.5707397460938,1568.7693481445312,28.7247314453125,47.6654052734375
IMG_0045.mp4,58,1.9333333333333333,30.0,28,1,traffic_lights,0.28858229517936707,2564.426513671875,1335.434326171875,2593.806640625,1390.9039306640625,2579.1165771484375,1363.1691284179688,29.380126953125,55.4696044921875
IMG_0045.mp4,58,1.9333333333333333,30.0,11,1,traffic_lights,0.5491563677787781,508.4867858886719,987.34814453125,559.0850830078125,1103.9208984375,533.7859344482422,1045.634521484375,50.598297119140625,116.57275390625
IMG_0045.mp4,59,1.9666666666666666,30.0,1,1,traffic_lights,0.7480675578117371,1816.245849609375,766.5479125976562,1939.994873046875,1188.9923095703125,1878.120361328125,977.7701110839844,123.7490234375,422.44439697265625
IMG_0045.mp4,59,1.9666666666666666,30.0,6,1,traffic_lights,0.3784017860889435,1691.187744140625,963.409912109375,1780.458984375,1185.1671142578125,1735.8233642578125,1074.2885131835938,89.271240234375,221.7572021484375
IMG_0045.mp4,59,1.9666666666666666,30.0,7,2,traffic_signs,0.7629770636558533,1305.6636962890625,1509.697021484375,1333.6756591796875,1565.70947265625,1319.669677734375,1537.7032470703125,28.011962890625,56.012451171875
IMG_0045.mp4,59,1.9666666666666666,30.0,3,2,traffic_signs,0.8488354682922363,2014.219970703125,1548.060546875,2150.790771484375,1697.8017578125,2082.50537109375,1622.93115234375,136.57080078125,149.7412109375
IMG_0045.mp4,59,1.9666666666666666,30.0,16,2,traffic_signs,0.8465690612792969,1347.685791015625,1469.9093017578125,1372.1390380859375,1513.4345703125,1359.9124145507812,1491.6719360351562,24.4532470703125,43.5252685546875
IMG_0045.mp4,59,1.9666666666666666,30.0,8,2,traffic_signs,0.8703838586807251,1604.2139892578125,1545.04296875,1632.7425537109375,1592.5950927734375,1618.478271484375,1568.8190307617188,28.528564453125,47.5521240234375
IMG_0045.mp4,59,1.9666666666666666,30.0,28,1,traffic_lights,0.5398205518722534,2563.3466796875,1334.4114990234375,2593.467529296875,1391.0592041015625,2578.4071044921875,1362.7353515625,30.120849609375,56.647705078125
IMG_0045.mp4,59,1.9666666666666666,30.0,11,1,traffic_lights,0.283963143825531,508.3240051269531,987.5028076171875,558.8391723632812,1104.115478515625,533.5815887451172,1045.8091430664062,50.515167236328125,116.6126708984375
IMG_0045.mp4,60,2.0,30.0,1,1,traffic_lights,0.6101216077804565,1815.5059814453125,772.4334716796875,1939.7633056640625,1188.7034912109375,1877.6346435546875,980.5684814453125,124.25732421875,416.27001953125
IMG_0045.mp4,60,2.0,30.0,6,1,traffic_lights,0.3551943302154541,1691.2913818359375,962.8960571289062,1781.231689453125,1185.158935546875,1736.2615356445312,1074.0274963378906,89.9403076171875,222.26287841796875
IMG_0045.mp4,60,2.0,30.0,7,2,traffic_signs,0.8208398222923279,1305.4385986328125,1509.7120361328125,1333.573486328125,1565.689697265625,1319.5060424804688,1537.7008666992188,28.1348876953125,55.9776611328125
IMG_0045.mp4,60,2.0,30.0,3,2,traffic_signs,0.8465853929519653,2014.3580322265625,1548.2662353515625,2150.76025390625,1697.8240966796875,2082.5591430664062,1623.045166015625,136.4022216796875,149.557861328125
IMG_0045.mp4,60,2.0,30.0,16,2,traffic_signs,0.8374339938163757,1347.6220703125,1470.03564453125,1372.08935546875,1513.91064453125,1359.855712890625,1491.97314453125,24.46728515625,43.875
IMG_0045.mp4,60,2.0,30.0,8,2,traffic_signs,0.8688431978225708,1604.299560546875,1545.15869140625,1632.6871337890625,1592.9337158203125,1618.4933471679688,1569.0462036132812,28.3875732421875,47.7750244140625
IMG_0045.mp4,60,2.0,30.0,28,1,traffic_lights,0.2855089008808136,2562.95947265625,1334.5784912109375,2593.971435546875,1391.263427734375,2578.4654541015625,1362.9209594726562,31.011962890625,56.6849365234375
IMG_0045.mp4,60,2.0,30.0,11,1,traffic_lights,0.25639790296554565,508.25738525390625,987.530029296875,558.7477416992188,1104.2247314453125,533.5025634765625,1045.8773803710938,50.4903564453125,116.6947021484375
IMG_0045.mp4,61,2.033333333333333,30.0,1,1,traffic_lights,0.7206580638885498,1816.1522216796875,778.5890502929688,1939.552001953125,1187.7562255859375,1877.8521118164062,983.1726379394531,123.3997802734375,409.16717529296875
IMG_0045.mp4,61,2.033333333333333,30.0,6,1,traffic_lights,0.35516083240509033,1691.5521240234375,962.3121948242188,1781.8043212890625,1186.42724609375,1736.67822265625,1074.3697204589844,90.252197265625,224.11505126953125
IMG_0045.mp4,61,2.033333333333333,30.0,7,2,traffic_signs,0.7856773734092712,1305.404541015625,1509.8720703125,1333.736083984375,1566.1541748046875,1319.5703125,1538.0131225585938,28.33154296875,56.2821044921875
IMG_0045.mp4,61,2.033333333333333,30.0,3,2,traffic_signs,0.8399215340614319,2014.8560791015625,1548.7584228515625,2151.084228515625,1697.8385009765625,2082.9701538085938,1623.2984619140625,136.2281494140625,149.080078125
IMG_0045.mp4,61,2.033333333333333,30.0,16,2,traffic_signs,0.8427743315696716,1347.663330078125,1469.8646240234375,1372.011962890625,1513.7066650390625,1359.837646484375,1491.78564453125,24.3486328125,43.842041015625
IMG_0045.mp4,61,2.033333333333333,30.0,8,2,traffic_signs,0.8701760172843933,1604.4539794921875,1545.5130615234375,1632.994140625,1593.0489501953125,1618.7240600585938,1569.281005859375,28.5401611328125,47.535888671875
IMG_0045.mp4,61,2.033333333333333,30.0,28,1,traffic_lights,0.29858192801475525,2563.786865234375,1334.6654052734375,2594.438232421875,1391.87548828125,2579.112548828125,1363.2704467773438,30.6513671875,57.2100830078125
IMG_0045.mp4,62,2.066666666666667,30.0,1,1,traffic_lights,0.7176324725151062,1816.1632080078125,776.345703125,1939.62109375,1190.1392822265625,1877.8921508789062,983.2424926757812,123.4578857421875,413.7935791015625
IMG_0045.mp4,62,2.066666666666667,30.0,6,1,traffic_lights,0.5491523742675781,1691.6170654296875,963.3251342773438,1780.6304931640625,1185.1759033203125,1736.123779296875,1074.2505187988281,89.013427734375,221.85076904296875
IMG_0045.mp4,62,2.066666666666667,30.0,7,2,traffic_signs,0.5722139477729797,1305.758544921875,1509.9271240234375,1334.0765380859375,1566.4014892578125,1319.9175415039062,1538.164306640625,28.3179931640625,56.474365234375
IMG_0045.mp4,62,2.066666666666667,30.0,3,2,traffic_signs,0.8558138608932495,2014.7335205078125,1548.8504638671875,2151.3623046875,1697.667724609375,2083.0479125976562,1623.2590942382812,136.6287841796875,148.8172607421875
IMG_0045.mp4,62,2.066666666666667,30.0,16,2,traffic_signs,0.8480064868927002,1347.8807373046875,1469.7025146484375,1372.371337890625,1513.36669921875,1360.1260375976562,1491.5346069335938,24.4906005859375,43.6641845703125
IMG_0045.mp4,62,2.066666666666667,30.0,8,2,traffic_signs,0.8708301782608032,1604.52392578125,1545.4066162109375,1633.1573486328125,1593.129638671875,1618.8406372070312,1569.2681274414062,28.6334228515625,47.7230224609375
IMG_0045.mp4,62,2.066666666666667,30.0,28,1,traffic_lights,0.35160475969314575,2563.779052734375,1334.7342529296875,2594.241455078125,1391.435302734375,2579.01025390625,1363.0847778320312,30.46240234375,56.7010498046875
IMG_0045.mp4,62,2.066666666666667,30.0,11,1,traffic_lights,0.3158053159713745,508.34173583984375,987.099365234375,559.1552734375,1104.680419921875,533.7485046386719,1045.889892578125,50.81353759765625,117.5810546875
IMG_0045.mp4,63,2.1,30.0,1,1,traffic_lights,0.722474992275238,1816.180908203125,791.0032958984375,1939.2841796875,1186.842529296875,1877.7325439453125,988.9229125976562,123.103271484375,395.8392333984375
IMG_0045.mp4,63,2.1,30.0,6,1,traffic_lights,0.4970239996910095,1691.5562744140625,963.5546875,1783.7998046875,1184.9989013671875,1737.6780395507812,1074.2767944335938,92.2435302734375,221.4442138671875
IMG_0045.mp4,63,2.1,30.0,7,2,traffic_signs,0.6378101706504822,1305.7177734375,1509.9993896484375,1334.06787109375,1566.490234375,1319.892822265625,1538.2448120117188,28.35009765625,56.4908447265625
IMG_0045.mp4,63,2.1,30.0,3,2,traffic_signs,0.859889566898346,2014.1793212890625,1548.618896484375,2151.11328125,1697.647216796875,2082.6463012695312,1623.133056640625,136.9339599609375,149.0283203125
IMG_0045.mp4,63,2.1,30.0,16,2,traffic_signs,0.8447432518005371,1347.784912109375,1469.83203125,1372.3961181640625,1513.197021484375,1360.0905151367188,1491.5145263671875,24.6112060546875,43.364990234375
IMG_0045.mp4,63,2.1,30.0,8,2,traffic_signs,0.8679460287094116,1604.266357421875,1545.390380859375,1632.865966796875,1592.8065185546875,1618.566162109375,1569.0984497070312,28.599609375,47.4161376953125
IMG_0045.mp4,63,2.1,30.0,28,1,traffic_lights,0.5061982870101929,2564.933349609375,1335.207763671875,2593.82177734375,1391.0921630859375,2579.3775634765625,1363.1499633789062,28.888427734375,55.8843994140625
IMG_0045.mp4,63,2.1,30.0,11,1,traffic_lights,0.7011918425559998,508.30682373046875,987.236328125,559.281982421875,1104.791259765625,533.7944030761719,1046.0137939453125,50.97515869140625,117.554931640625
IMG_0045.mp4,64,2.1333333333333333,30.0,1,1,traffic_lights,0.6738279461860657,1816.737548828125,795.4923706054688,1939.2869873046875,1187.0875244140625,1878.0122680664062,991.2899475097656,122.5494384765625,391.59515380859375
IMG_0045.mp4,64,2.1333333333333333,30.0,6,1,traffic_lights,0.40637657046318054,1691.6556396484375,964.8882446289062,1781.735595703125,1186.233154296875,1736.6956176757812,1075.5606994628906,90.0799560546875,221.34490966796875
IMG_0045.mp4,64,2.1333333333333333,30.0,7,2,traffic_signs,0.6991473436355591,1305.8941650390625,1510.8853759765625,1333.8792724609375,1566.773681640625,1319.88671875,1538.8295288085938,27.985107421875,55.8883056640625
IMG_0045.mp4,64,2.1333333333333333,30.0,3,2,traffic_signs,0.8661220669746399,2014.203369140625,1548.6668701171875,2151.169921875,1698.041015625,2082.6866455078125,1623.3539428710938,136.966552734375,149.3741455078125
IMG_0045.mp4,64,2.1333333333333333,30.0,16,2,traffic_signs,0.8423104882240295,1347.906982421875,1470.49951171875,1372.3116455078125,1513.8900146484375,1360.1093139648438,1492.1947631835938,24.4046630859375,43.3905029296875
IMG_0045.mp4,64,2.1333333333333333,30.0,8,2,traffic_signs,0.8681572079658508,1604.57470703125,1546.2003173828125,1632.8653564453125,1593.067138671875,1618.7200317382812,1569.6337280273438,28.2906494140625,46.8668212890625
IMG_0045.mp4,64,2.1333333333333333,30.0,28,1,traffic_lights,0.28356385231018066,2565.705322265625,1336.0372314453125,2593.92041015625,1391.665771484375,2579.8128662109375,1363.8515014648438,28.215087890625,55.6285400390625
IMG_0045.mp4,64,2.1333333333333333,30.0,11,1,traffic_lights,0.42542991042137146,508.5681457519531,987.9620971679688,559.177734375,1105.591064453125,533.8729400634766,1046.7765808105469,50.609588623046875,117.62896728515625
IMG_0045.mp4,65,2.1666666666666665,30.0,1,1,traffic_lights,0.8037407994270325,1816.2071533203125,794.5953369140625,1938.9305419921875,1189.1702880859375,1877.56884765625,991.8828125,122.723388671875,394.574951171875
IMG_0045.mp4,65,2.1666666666666665,30.0,6,1,traffic_lights,0.47165316343307495,1691.234619140625,964.5365600585938,1779.9881591796875,1186.823486328125,1735.6113891601562,1075.6800231933594,88.7535400390625,222.28692626953125
IMG_0045.mp4,65,2.1666666666666665,30.0,7,2,traffic_signs,0.7930657267570496,1305.619140625,1511.326171875,1333.644775390625,1567.1485595703125,1319.6319580078125,1539.2373657226562,28.025634765625,55.8223876953125
IMG_0045.mp4,65,2.1666666666666665,30.0,3,2,traffic_signs,0.8660445809364319,2014.0538330078125,1548.927978515625,2151.27978515625,1698.2879638671875,2082.6668090820312,1623.6079711914062,137.2259521484375,149.3599853515625
IMG_0045.mp4,65,2.1666666666666665,30.0,16,2,traffic_signs,0.8398707509040833,1347.68798828125,1470.6165771484375,1371.99755859375,1513.908935546875,1359.8427734375,1492.2627563476562,24.3095703125,43.2923583984375
IMG_0045.mp4,65,2.1666666666666665,30.0,8,2,traffic_signs,0.8711234927177429,1604.7547607421875,1546.3677978515625,1632.6986083984375,1593.5821533203125,1618.7266845703125,1569.9749755859375,27.94384765625,47.21435546875
IMG_0045.mp4,65,2.1666666666666665,30.0,28,1,traffic_lights,0.3563145399093628,2565.803955078125,1335.52783203125,2594.216796875,1391.97265625,2580.0103759765625,1363.750244140625,28.412841796875,56.44482421875
IMG_0045.mp4,65,2.1666666666666665,30.0,11,1,traffic_lights,0.3774828314781189,507.99951171875,987.4476928710938,558.5018920898438,1105.906494140625,533.2507019042969,1046.6770935058594,50.50238037109375,118.45880126953125
IMG_0045.mp4,66,2.2,30.0,1,1,traffic_lights,0.8514922857284546,1817.2716064453125,790.0941162109375,1939.0665283203125,1182.9527587890625,1878.1690673828125,986.5234375,121.794921875,392.858642578125
IMG_0045.mp4,66,2.2,30.0,6,1,traffic_lights,0.5998867154121399,1691.2725830078125,962.5831298828125,1780.6102294921875,1185.078125,1735.94140625,1073.8306274414062,89.337646484375,222.4949951171875
IMG_0045.mp4,66,2.2,30.0,7,2,traffic_signs,0.7940429449081421,1305.362548828125,1510.8099365234375,1333.775634765625,1566.8798828125,1319.569091796875,1538.8449096679688,28.4130859375,56.0699462890625
IMG_0045.mp4,66,2.2,30.0,3,2,traffic_signs,0.8676261901855469,2014.0472412109375,1548.3734130859375,2151.314208984375,1697.7261962890625,2082.6807250976562,1623.0498046875,137.2669677734375,149.352783203125
IMG_0045.mp4,66,2.2,30.0,16,2,traffic_signs,0.8215931057929993,1347.6141357421875,1469.6822509765625,1372.2791748046875,1513.375732421875,1359.9466552734375,1491.5289916992188,24.6650390625,43.6934814453125
IMG_0045.mp4,66,2.2,30.0,8,2,traffic_signs,0.8698184490203857,1604.418701171875,1545.6728515625,1632.4293212890625,1593.1419677734375,1618.4240112304688,1569.4074096679688,28.0106201171875,47.4691162109375
IMG_0045.mp4,66,2.2,30.0,28,1,traffic_lights,0.7170130610466003,2565.547119140625,1334.5819091796875,2594.0361328125,1391.081787109375,2579.7916259765625,1362.8318481445312,28.489013671875,56.4998779296875
IMG_0045.mp4,67,2.2333333333333334,30.0,1,1,traffic_lights,0.8038824200630188,1816.9036865234375,784.4193115234375,1939.1092529296875,1185.2432861328125,1878.0064697265625,984.831298828125,122.20556640625,400.823974609375
IMG_0045.mp4,67,2.2333333333333334,30.0,6,1,traffic_lights,0.6128913164138794,1691.3436279296875,963.843017578125,1779.7308349609375,1184.62939453125,1735.5372314453125,1074.2362060546875,88.38720703125,220.786376953125
IMG_0045.mp4,67,2.2333333333333334,30.0,7,2,traffic_signs,0.7662221193313599,1305.328369140625,1510.15576171875,1333.9710693359375,1566.7315673828125,1319.6497192382812,1538.4436645507812,28.6427001953125,56.5758056640625
IMG_0045.mp4,67,2.2333333333333334,30.0,3,2,traffic_signs,0.8697163462638855,2013.80224609375,1548.2716064453125,2151.05078125,1697.594970703125,2082.426513671875,1622.9332885742188,137.24853515625,149.3233642578125
IMG_0045.mp4,67,2.2333333333333334,30.0,16,2,traffic_signs,0.8101620078086853,1347.602294921875,1469.5230712890625,1372.2415771484375,1513.0867919921875,1359.9219360351562,1491.304931640625,24.6392822265625,43.563720703125
IMG_0045.mp4,67,2.2333333333333334,30.0,8,2,traffic_signs,0.8680247068405151,1604.2532958984375,1545.4881591796875,1632.5086669921875,1592.96826171875,1618.3809814453125,1569.2282104492188,28.25537109375,47.4801025390625
IMG_0045.mp4,67,2.2333333333333334,30.0,28,1,traffic_lights,0.4408867359161377,2564.4541015625,1334.6292724609375,2593.642333984375,1391.1566162109375,2579.0482177734375,1362.8929443359375,29.188232421875,56.52734375
IMG_0045.mp4,68,2.2666666666666666,30.0,1,1,traffic_lights,0.8021656274795532,1816.55126953125,788.5322875976562,1939.1800537109375,1184.2784423828125,1877.8656616210938,986.4053649902344,122.6287841796875,395.74615478515625
IMG_0045.mp4,68,2.2666666666666666,30.0,6,1,traffic_lights,0.6880622506141663,1691.154296875,965.0459594726562,1779.4139404296875,1183.717529296875,1735.2841186523438,1074.3817443847656,88.2596435546875,218.67156982421875
IMG_0045.mp4,68,2.2666666666666666,30.0,7,2,traffic_signs,0.8553788661956787,1304.9991455078125,1511.1759033203125,1333.444580078125,1567.1263427734375,1319.2218627929688,1539.151123046875,28.4454345703125,55.950439453125
IMG_0045.mp4,68,2.2666666666666666,30.0,3,2,traffic_signs,0.8758147358894348,2014.0723876953125,1548.730712890625,2150.94970703125,1697.6644287109375,2082.5110473632812,1623.1975708007812,136.8773193359375,148.9337158203125
IMG_0045.mp4,68,2.2666666666666666,30.0,16,2,traffic_signs,0.8231400847434998,1347.42431640625,1469.985595703125,1372.0728759765625,1514.0692138671875,1359.7485961914062,1492.0274047851562,24.6485595703125,44.0836181640625
IMG_0045.mp4,68,2.2666666666666666,30.0,8,2,traffic_signs,0.873444139957428,1604.18115234375,1546.1334228515625,1632.51318359375,1593.535400390625,1618.34716796875,1569.8344116210938,28.33203125,47.4019775390625
IMG_0045.mp4,68,2.2666666666666666,30.0,28,1,traffic_lights,0.27461764216423035,2563.811767578125,1335.346435546875,2593.864013671875,1391.9466552734375,2578.837890625,1363.6465454101562,30.05224609375,56.6002197265625
IMG_0045.mp4,69,2.3,30.0,1,1,traffic_lights,0.8446005582809448,1816.7091064453125,795.6721801757812,1938.9541015625,1183.2515869140625,1877.8316040039062,989.4618835449219,122.2449951171875,387.57940673828125
IMG_0045.mp4,69,2.3,30.0,6,1,traffic_lights,0.6097597479820251,1691.4776611328125,965.3084106445312,1780.3408203125,1185.1295166015625,1735.9092407226562,1075.2189636230469,88.8631591796875,219.82110595703125
IMG_0045.mp4,69,2.3,30.0,7,2,traffic_signs,0.8740942478179932,1304.84130859375,1511.887451171875,1333.218017578125,1567.6336669921875,1319.0296630859375,1539.7605590820312,28.376708984375,55.7462158203125
IMG_0045.mp4,69,2.3,30.0,3,2,traffic_signs,0.8726950287818909,2014.6251220703125,1548.834228515625,2150.907470703125,1697.959716796875,2082.7662963867188,1623.39697265625,136.2823486328125,149.12548828125
IMG_0045.mp4,69,2.3,30.0,16,2,traffic_signs,0.8230834603309631,1347.3941650390625,1470.5594482421875,1371.851806640625,1514.5474853515625,1359.6229858398438,1492.553466796875,24.4576416015625,43.988037109375
IMG_0045.mp4,69,2.3,30.0,8,2,traffic_signs,0.8750909566879272,1604.103271484375,1546.4912109375,1632.3907470703125,1593.8841552734375,1618.2470092773438,1570.1876831054688,28.2874755859375,47.3929443359375
IMG_0045.mp4,69,2.3,30.0,28,1,traffic_lights,0.5507088303565979,2563.370361328125,1336.2725830078125,2594.514892578125,1391.9718017578125,2578.942626953125,1364.1221923828125,31.14453125,55.69921875
IMG_0045.mp4,69,2.3,30.0,11,1,traffic_lights,0.26567381620407104,506.9578552246094,987.016357421875,558.18603515625,1107.6373291015625,532.5719451904297,1047.3268432617188,51.228179931640625,120.6209716796875
IMG_0045.mp4,70,2.3333333333333335,30.0,1,1,traffic_lights,0.8461577296257019,1817.0418701171875,798.4360961914062,1938.733154296875,1185.0166015625,1877.8875122070312,991.7263488769531,121.6912841796875,386.58050537109375
IMG_0045.mp4,70,2.3333333333333335,30.0,6,1,traffic_lights,0.6627658009529114,1691.6826171875,964.7446899414062,1780.9454345703125,1185.2501220703125,1736.3140258789062,1074.9974060058594,89.2628173828125,220.50543212890625
IMG_0045.mp4,70,2.3333333333333335,30.0,7,2,traffic_signs,0.8729296922683716,1304.9122314453125,1511.9302978515625,1332.992919921875,1567.8148193359375,1318.9525756835938,1539.87255859375,28.0806884765625,55.884521484375
IMG_0045.mp4,70,2.3333333333333335,30.0,3,2,traffic_signs,0.8796806931495667,2014.545654296875,1548.7581787109375,2150.69580078125,1697.79443359375,2082.6207275390625,1623.2763061523438,136.150146484375,149.0362548828125
IMG_0045.mp4,70,2.3333333333333335,30.0,16,2,traffic_signs,0.8207616209983826,1347.326171875,1470.4969482421875,1371.8232421875,1514.4432373046875,1359.57470703125,1492.4700927734375,24.4970703125,43.9462890625
IMG_0045.mp4,70,2.3333333333333335,30.0,8,2,traffic_signs,0.8744174242019653,1604.2640380859375,1546.2586669921875,1632.437744140625,1593.72412109375,1618.3508911132812,1569.9913940429688,28.1737060546875,47.4654541015625
IMG_0045.mp4,70,2.3333333333333335,30.0,28,1,traffic_lights,0.7103633284568787,2562.029296875,1336.153564453125,2594.634765625,1392.3687744140625,2578.33203125,1364.2611694335938,32.60546875,56.2152099609375
IMG_0045.mp4,71,2.3666666666666667,30.0,1,1,traffic_lights,0.879822313785553,1816.8192138671875,800.8160400390625,1938.7125244140625,1186.6265869140625,1877.765869140625,993.7213134765625,121.893310546875,385.810546875
IMG_0045.mp4,71,2.3666666666666667,30.0,6,1,traffic_lights,0.6585135459899902,1691.7877197265625,965.4766845703125,1779.6353759765625,1185.524169921875,1735.7115478515625,1075.5004272460938,87.84765625,220.0474853515625
IMG_0045.mp4,71,2.3666666666666667,30.0,7,2,traffic_signs,0.8731701970100403,1305.035400390625,1512.101806640625,1332.92919921875,1567.9896240234375,1318.9822998046875,1540.0457153320312,27.893798828125,55.8878173828125
IMG_0045.mp4,71,2.3666666666666667,30.0,3,2,traffic_signs,0.8822448253631592,2014.628662109375,1549.0224609375,2150.736083984375,1698.035888671875,2082.682373046875,1623.5291748046875,136.107421875,149.013427734375
IMG_0045.mp4,71,2.3666666666666667,30.0,16,2,traffic_signs,0.8269938230514526,1347.4324951171875,1470.732421875,1372.010498046875,1515.0872802734375,1359.7214965820312,1492.9098510742188,24.5780029296875,44.3548583984375
IMG_0045.mp4,71,2.3666666666666667,30.0,8,2,traffic_signs,0.8751735687255859,1604.241943359375,1546.3287353515625,1632.5546875,1594.0426025390625,1618.3983154296875,1570.1856689453125,28.312744140625,47.7138671875
IMG_0045.mp4,71,2.3666666666666667,30.0,28,1,traffic_lights,0.7383247017860413,2561.26953125,1336.0294189453125,2594.765625,1392.4915771484375,2578.017578125,1364.260498046875,33.49609375,56.462158203125
IMG_0045.mp4,72,2.4,30.0,1,1,traffic_lights,0.8326098322868347,1816.62939453125,796.32373046875,1938.9625244140625,1183.8792724609375,1877.7959594726562,990.1015014648438,122.3331298828125,387.5555419921875
IMG_0045.mp4,72,2.4,30.0,6,1,traffic_lights,0.6891720294952393,1691.565185546875,964.5537719726562,1779.8209228515625,1184.38427734375,1735.6930541992188,1074.4690246582031,88.2557373046875,219.83050537109375
IMG_0045.mp4,72,2.4,30.0,7,2,traffic_signs,0.8660727143287659,1305.0648193359375,1511.7418212890625,1332.686767578125,1567.63671875,1318.8757934570312,1539.6892700195312,27.6219482421875,55.8948974609375
IMG_0045.mp4,72,2.4,30.0,3,2,traffic_signs,0.8811424970626831,2014.788330078125,1548.8369140625,2150.652099609375,1698.2159423828125,2082.72021484375,1623.5264282226562,135.86376953125,149.3790283203125
IMG_0045.mp4,72,2.4,30.0,16,2,traffic_signs,0.8175004720687866,1347.2640380859375,1470.554443359375,1371.7515869140625,1514.57421875,1359.5078125,1492.5643310546875,24.487548828125,44.019775390625
IMG_0045.mp4,72,2.4,30.0,8,2,traffic_signs,0.8723177909851074,1604.374267578125,1546.342529296875,1632.422607421875,1593.751220703125,1618.3984375,1570.046875,28.04833984375,47.40869140625
IMG_0045.mp4,72,2.4,30.0,28,1,traffic_lights,0.6677228212356567,2561.691162109375,1335.7977294921875,2595.02490234375,1392.337890625,2578.3580322265625,1364.0678100585938,33.333740234375,56.5401611328125
IMG_0045.mp4,72,2.4,30.0,11,1,traffic_lights,0.4067954421043396,506.6286315917969,986.535888671875,558.309326171875,1106.62890625,532.4689788818359,1046.5823974609375,51.680694580078125,120.093017578125
IMG_0045.mp4,73,2.433333333333333,30.0,1,1,traffic_lights,0.7807828187942505,1816.8446044921875,799.2711181640625,1938.5150146484375,1181.7894287109375,1877.6798095703125,990.5302734375,121.67041015625,382.518310546875
IMG_0045.mp4,73,2.433333333333333,30.0,6,1,traffic_lights,0.6235193014144897,1691.50244140625,964.6639404296875,1779.5283203125,1184.45947265625,1735.515380859375,1074.5617065429688,88.02587890625,219.7955322265625
IMG_0045.mp4,73,2.433333333333333,30.0,7,2,traffic_signs,0.8699142932891846,1304.745849609375,1511.6307373046875,1332.6900634765625,1567.887451171875,1318.7179565429688,1539.7590942382812,27.9442138671875,56.2567138671875
IMG_0045.mp4,73,2.433333333333333,30.0,3,2,traffic_signs,0.8881340026855469,2014.338623046875,1548.9373779296875,2150.447021484375,1697.8958740234375,2082.392822265625,1623.4166259765625,136.1083984375,148.95849609375
IMG_0045.mp4,73,2.433333333333333,30.0,16,2,traffic_signs,0.8171865344047546,1347.0863037109375,1470.526123046875,1371.4395751953125,1514.380615234375,1359.262939453125,1492.453369140625,24.353271484375,43.8544921875
IMG_0045.mp4,73,2.433333333333333,30.0,8,2,traffic_signs,0.8715076446533203,1604.2054443359375,1545.653564453125,1632.339111328125,1593.823974609375,1618.2722778320312,1569.73876953125,28.1336669921875,48.17041015625
IMG_0045.mp4,73,2.433333333333333,30.0,28,1,traffic_lights,0.7693628072738647,2561.806396484375,1335.69970703125,2594.79248046875,1392.63818359375,2578.2994384765625,1364.1689453125,32.986083984375,56.9384765625
IMG_0045.mp4,73,2.433333333333333,30.0,11,1,traffic_lights,0.3001248240470886,506.35369873046875,986.4381713867188,558.0374755859375,1106.5408935546875,532.1955871582031,1046.4895324707031,51.68377685546875,120.10272216796875
IMG_0045.mp4,74,2.466666666666667,30.0,1,1,traffic_lights,0.820038914680481,1817.123291015625,800.0320434570312,1938.58837890625,1184.1861572265625,1877.8558349609375,992.1091003417969,121.465087890625,384.15411376953125
IMG_0045.mp4,74,2.466666666666667,30.0,6,1,traffic_lights,0.547991156578064,1691.7628173828125,964.2850952148438,1781.129638671875,1186.339111328125,1736.4462280273438,1075.3121032714844,89.3668212890625,222.05401611328125
IMG_0045.mp4,74,2.466666666666667,30.0,7,2,traffic_signs,0.8701483607292175,1304.8138427734375,1512.0408935546875,1332.85400390625,1568.099365234375,1318.8339233398438,1540.0701293945312,28.0401611328125,56.0584716796875
IMG_0045.mp4,74,2.466666666666667,30.0,3,2,traffic_signs,0.8842722773551941,2014.6668701171875,1549.110107421875,2150.53173828125,1697.951416015625,2082.5993041992188,1623.53076171875,135.8648681640625,148.84130859375
IMG_0045.mp4,74,2.466666666666667,30.0,16,2,traffic_signs,0.8116128444671631,1347.2366943359375,1470.7879638671875,1371.701904296875,1514.9085693359375,1359.4692993164062,1492.8482666015625,24.4652099609375,44.12060546875
IMG_0045.mp4,74,2.466666666666667,30.0,8,2,traffic_signs,0.8688507676124573,1604.3302001953125,1545.6865234375,1632.2254638671875,1593.683837890625,1618.27783203125,1569.6851806640625,27.895263671875,47.997314453125
IMG_0045.mp4,74,2.466666666666667,30.0,28,1,traffic_lights,0.6996649503707886,2562.40478515625,1335.63427734375,2594.8837890625,1393.1497802734375,2578.644287109375,1364.3920288085938,32.47900390625,57.5155029296875
IMG_0045.mp4,74,2.466666666666667,30.0,11,1,traffic_lights,0.41840028762817383,506.75885009765625,986.8831787109375,558.5122680664062,1107.2318115234375,532.6355590820312,1047.0574951171875,51.75341796875,120.3486328125
IMG_0045.mp4,75,2.5,30.0,1,1,traffic_lights,0.8584496974945068,1816.878173828125,800.2978515625,1938.864990234375,1185.3038330078125,1877.87158203125,992.8008422851562,121.98681640625,385.0059814453125
IMG_0045.mp4,75,2.5,30.0,6,1,traffic_lights,0.428053617477417,1691.9765625,964.4071044921875,1780.9654541015625,1186.6474609375,1736.4710083007812,1075.5272827148438,88.9888916015625,222.2403564453125
IMG_0045.mp4,75,2.5,30.0,7,2,traffic_signs,0.8654446601867676,1304.9090576171875,1511.852783203125,1333.1513671875,1567.9886474609375,1319.0302124023438,1539.9207153320312,28.2423095703125,56.1358642578125
IMG_0045.mp4,75,2.5,30.0,3,2,traffic_signs,0.8777287602424622,2015.055908203125,1548.757568359375,2150.742919921875,1698.1177978515625,2082.8994140625,1623.4376831054688,135.68701171875,149.3602294921875
IMG_0045.mp4,75,2.5,30.0,16,2,traffic_signs,0.8229838013648987,1347.37109375,1470.8187255859375,1371.849609375,1514.9713134765625,1359.6103515625,1492.89501953125,24.478515625,44.152587890625
IMG_0045.mp4,75,2.5,30.0,8,2,traffic_signs,0.8696244359016418,1604.5567626953125,1545.4920654296875,1632.3907470703125,1593.46923828125,1618.4737548828125,1569.4806518554688,27.833984375,47.9771728515625
IMG_0045.mp4,75,2.5,30.0,28,1,traffic_lights,0.6708751320838928,2563.031005859375,1336.1168212890625,2595.295654296875,1392.974365234375,2579.163330078125,1364.5455932617188,32.2646484375,56.8575439453125
IMG_0045.mp4,75,2.5,30.0,11,1,traffic_lights,0.3897853493690491,507.0054016113281,986.9406127929688,558.695556640625,1106.9085693359375,532.8504791259766,1046.9245910644531,51.690155029296875,119.96795654296875
IMG_0045.mp4,76,2.533333333333333,30.0,1,1,traffic_lights,0.8855119347572327,1817.4925537109375,801.8357543945312,1938.47900390625,1187.172119140625,1877.9857788085938,994.5039367675781,120.9864501953125,385.33636474609375
IMG_0045.mp4,76,2.533333333333333,30.0,6,1,traffic_lights,0.5244312286376953,1691.9296875,964.5855712890625,1780.6146240234375,1186.8087158203125,1736.2721557617188,1075.6971435546875,88.6849365234375,222.22314453125
IMG_0045.mp4,76,2.533333333333333,30.0,7,2,traffic_signs,0.8674546480178833,1305.010986328125,1511.8575439453125,1332.90576171875,1567.69091796875,1318.9583740234375,1539.7742309570312,27.894775390625,55.8333740234375
IMG_0045.mp4,76,2.533333333333333,30.0,3,2,traffic_signs,0.8814807534217834,2014.9334716796875,1549.101806640625,2150.641845703125,1698.1478271484375,2082.7876586914062,1623.6248168945312,135.7083740234375,149.0460205078125
IMG_0045.mp4,76,2.533333333333333,30.0,16,2,traffic_signs,0.8220018148422241,1347.255615234375,1471.072998046875,1371.6502685546875,1515.0394287109375,1359.4529418945312,1493.0562133789062,24.3946533203125,43.9664306640625
IMG_0045.mp4,76,2.533333333333333,30.0,8,2,traffic_signs,0.87274169921875,1604.48876953125,1546.0390625,1632.33203125,1594.006103515625,1618.410400390625,1570.0225830078125,27.84326171875,47.967041015625
IMG_0045.mp4,76,2.533333333333333,30.0,28,1,traffic_lights,0.7485862374305725,2562.479736328125,1335.736083984375,2595.129150390625,1392.6617431640625,2578.804443359375,1364.1989135742188,32.6494140625,56.9256591796875
IMG_0045.mp4,76,2.533333333333333,30.0,11,1,traffic_lights,0.28272733092308044,507.3847351074219,987.2128295898438,558.7742309570312,1107.3212890625,533.0794830322266,1047.2670593261719,51.389495849609375,120.10845947265625
IMG_0045.mp4,77,2.566666666666667,30.0,1,1,traffic_lights,0.7719396948814392,1816.7076416015625,800.642822265625,1938.58740234375,1188.9617919921875,1877.6475219726562,994.8023071289062,121.8797607421875,388.3189697265625
IMG_0045.mp4,77,2.566666666666667,30.0,6,1,traffic_lights,0.2604043483734131,1692.000732421875,964.389404296875,1779.839599609375,1186.37451171875,1735.920166015625,1075.3819580078125,87.8388671875,221.985107421875
IMG_0045.mp4,77,2.566666666666667,30.0,7,2,traffic_signs,0.8626433610916138,1305.054443359375,1511.5283203125,1333.0157470703125,1567.047119140625,1319.0350952148438,1539.2877197265625,27.9613037109375,55.518798828125
IMG_0045.mp4,77,2.566666666666667,30.0,3,2,traffic_signs,0.8813931941986084,2014.6456298828125,1548.6893310546875,2150.3759765625,1697.83203125,2082.5108032226562,1623.2606811523438,135.7303466796875,149.1427001953125
IMG_0045.mp4,77,2.566666666666667,30.0,16,2,traffic_signs,0.8323793411254883,1347.244140625,1470.7333984375,1371.5216064453125,1514.505126953125,1359.3828735351562,1492.6192626953125,24.2774658203125,43.771728515625
IMG_0045.mp4,77,2.566666666666667,30.0,8,2,traffic_signs,0.8717208504676819,1604.22802734375,1545.536865234375,1632.431640625,1593.826416015625,1618.329833984375,1569.681640625,28.20361328125,48.28955078125
IMG_0045.mp4,77,2.566666666666667,30.0,28,1,traffic_lights,0.7252295613288879,2562.6005859375,1335.18505859375,2594.697998046875,1392.4071044921875,2578.6492919921875,1363.7960815429688,32.097412109375,57.2220458984375
IMG_0045.mp4,77,2.566666666666667,30.0,11,1,traffic_lights,0.2528257966041565,508.18084716796875,987.356689453125,558.77490234375,1106.1844482421875,533.4778747558594,1046.7705688476562,50.59405517578125,118.8277587890625
IMG_0045.mp4,78,2.6,30.0,1,1,traffic_lights,0.8727771043777466,1816.9959716796875,802.100830078125,1938.6265869140625,1186.60693359375,1877.811279296875,994.3538818359375,121.630615234375,384.506103515625
IMG_0045.mp4,78,2.6,30.0,6,1,traffic_lights,0.4501323103904724,1692.150634765625,964.59228515625,1780.829345703125,1187.392578125,1736.489990234375,1075.992431640625,88.6787109375,222.80029296875
IMG_0045.mp4,78,2.6,30.0,7,2,traffic_signs,0.8735748529434204,1304.7835693359375,1512.970458984375,1332.67431640625,1568.0186767578125,1318.7289428710938,1540.4945678710938,27.8907470703125,55.0482177734375
IMG_0045.mp4,78,2.6,30.0,3,2,traffic_signs,0.8807361721992493,2014.6014404296875,1549.7689208984375,2150.63134765625,1699.051025390625,2082.6163940429688,1624.4099731445312,136.0299072265625,149.2821044921875
IMG_0045.mp4,78,2.6,30.0,16,2,traffic_signs,0.8383290767669678,1346.984130859375,1471.6890869140625,1371.37890625,1515.3642578125,1359.1815185546875,1493.5266723632812,24.394775390625,43.6751708984375
IMG_0045.mp4,78,2.6,30.0,8,2,traffic_signs,0.875167727470398,1604.298095703125,1547.1317138671875,1632.4483642578125,1594.873291015625,1618.3732299804688,1571.0025024414062,28.1502685546875,47.7415771484375
IMG_0045.mp4,78,2.6,30.0,28,1,traffic_lights,0.5902308225631714,2561.049072265625,1335.9854736328125,2595.030517578125,1392.81005859375,2578.039794921875,1364.3977661132812,33.9814453125,56.8245849609375
IMG_0045.mp4,78,2.6,30.0,11,1,traffic_lights,0.31099745631217957,507.2119140625,987.7428588867188,558.1321411132812,1107.1927490234375,532.6720275878906,1047.4678039550781,50.92022705078125,119.44989013671875
IMG_0045.mp4,79,2.6333333333333333,30.0,1,1,traffic_lights,0.6383572816848755,1816.74609375,799.1694946289062,1938.965087890625,1188.1363525390625,1877.8555908203125,993.6529235839844,122.218994140625,388.96685791015625
IMG_0045.mp4,79,2.6333333333333333,30.0,7,2,traffic_signs,0.8670681118965149,1305.10693359375,1513.5523681640625,1332.789794921875,1568.0706787109375,1318.9483642578125,1540.8115234375,27.682861328125,54.518310546875
IMG_0045.mp4,79,2.6333333333333333,30.0,3,2,traffic_signs,0.8667101860046387,2014.863525390625,1549.9730224609375,2150.734619140625,1698.9251708984375,2082.799072265625,1624.4490966796875,135.87109375,148.9521484375
IMG_0045.mp4,79,2.6333333333333333,30.0,16,2,traffic_signs,0.8388122320175171,1347.2408447265625,1472.3651123046875,1371.383056640625,1515.391845703125,1359.3119506835938,1493.8784790039062,24.1422119140625,43.0267333984375
IMG_0045.mp4,79,2.6333333333333333,30.0,8,2,traffic_signs,0.8728832602500916,1604.564697265625,1547.50732421875,1632.388671875,1594.8509521484375,1618.4766845703125,1571.1791381835938,27.823974609375,47.3436279296875
IMG_0045.mp4,79,2.6333333333333333,30.0,28,1,traffic_lights,0.6201030015945435,2561.33056640625,1336.8525390625,2595.1787109375,1392.9300537109375,2578.254638671875,1364.8912963867188,33.84814453125,56.0775146484375
IMG_0045.mp4,79,2.6333333333333333,30.0,11,1,traffic_lights,0.4041174352169037,507.46630859375,988.2645263671875,557.6490478515625,1108.0528564453125,532.5576782226562,1048.15869140625,50.1827392578125,119.788330078125
IMG_0045.mp4,80,2.6666666666666665,30.0,1,1,traffic_lights,0.8366186022758484,1816.8858642578125,798.3573608398438,1939.0406494140625,1186.70947265625,1877.9632568359375,992.5334167480469,122.15478515625,388.35211181640625
IMG_0045.mp4,80,2.6666666666666665,30.0,7,2,traffic_signs,0.867266833782196,1304.7708740234375,1513.3294677734375,1332.6356201171875,1567.5872802734375,1318.7032470703125,1540.4583740234375,27.86474609375,54.2578125
IMG_0045.mp4,80,2.6666666666666665,30.0,3,2,traffic_signs,0.8603687882423401,2015.267333984375,1549.415771484375,2150.822021484375,1698.7216796875,2083.044677734375,1624.0687255859375,135.5546875,149.305908203125
IMG_0045.mp4,80,2.6666666666666665,30.0,16,2,traffic_signs,0.8251324892044067,1346.900146484375,1471.693115234375,1371.4041748046875,1514.80712890625,1359.1521606445312,1493.2501220703125,24.5040283203125,43.114013671875
IMG_0045.mp4,80,2.6666666666666665,30.0,8,2,traffic_signs,0.8750916123390198,1604.370361328125,1547.4578857421875,1632.0360107421875,1594.325927734375,1618.2031860351562,1570.8919067382812,27.6656494140625,46.8680419921875
IMG_0045.mp4,80,2.6666666666666665,30.0,28,1,traffic_lights,0.7545408606529236,2561.798095703125,1336.0869140625,2594.969482421875,1392.6019287109375,2578.3837890625,1364.3444213867188,33.17138671875,56.5150146484375
IMG_0045.mp4,80,2.6666666666666665,30.0,11,1,traffic_lights,0.44794440269470215,506.88232421875,986.9443969726562,557.5693359375,1107.2606201171875,532.225830078125,1047.1025085449219,50.68701171875,120.31622314453125
IMG_0045.mp4,80,2.6666666666666665,30.0,6,1,traffic_lights,0.3771505355834961,1691.9820556640625,963.8562622070312,1781.0208740234375,1187.48876953125,1736.50146484375,1075.6725158691406,89.038818359375,223.63250732421875
IMG_0045.mp4,81,2.7,30.0,1,1,traffic_lights,0.8422291874885559,1816.4451904296875,798.7656860351562,1939.1588134765625,1187.765625,1877.802001953125,993.2656555175781,122.713623046875,388.99993896484375
IMG_0045.mp4,81,2.7,30.0,7,2,traffic_signs,0.8665997982025146,1305.017822265625,1513.5494384765625,1332.9859619140625,1567.8128662109375,1319.0018920898438,1540.68115234375,27.9681396484375,54.263427734375
IMG_0045.mp4,81,2.7,30.0,3,2,traffic_signs,0.8765286803245544,2015.14013671875,1549.844970703125,2150.880126953125,1699.0538330078125,2083.0101318359375,1624.4494018554688,135.739990234375,149.2088623046875
IMG_0045.mp4,81,2.7,30.0,16,2,traffic_signs,0.827125608921051,1347.5125732421875,1472.148193359375,1371.74609375,1515.1962890625,1359.6293334960938,1493.6722412109375,24.2335205078125,43.048095703125
IMG_0045.mp4,81,2.7,30.0,8,2,traffic_signs,0.870757520198822,1604.8636474609375,1547.9024658203125,1632.1248779296875,1594.713134765625,1618.4942626953125,1571.3078002929688,27.26123046875,46.8106689453125
IMG_0045.mp4,81,2.7,30.0,28,1,traffic_lights,0.5684937238693237,2561.322021484375,1335.8568115234375,2594.9404296875,1394.2510986328125,2578.1312255859375,1365.053955078125,33.618408203125,58.394287109375
IMG_0045.mp4,82,2.7333333333333334,30.0,1,1,traffic_lights,0.8434410095214844,1817.5870361328125,802.4450073242188,1938.798095703125,1184.965087890625,1878.1925659179688,993.7050476074219,121.2110595703125,382.52008056640625
IMG_0045.mp4,82,2.7333333333333334,30.0,7,2,traffic_signs,0.876957893371582,1304.5457763671875,1513.5921630859375,1332.194091796875,1567.98583984375,1318.3699340820312,1540.7890014648438,27.6483154296875,54.3936767578125
IMG_0045.mp4,82,2.7333333333333334,30.0,3,2,traffic_signs,0.870794951915741,2015.0810546875,1549.6624755859375,2150.98388671875,1699.1968994140625,2083.032470703125,1624.4296875,135.90283203125,149.534423828125
IMG_0045.mp4,82,2.7333333333333334,30.0,16,2,traffic_signs,0.8278883695602417,1346.9322509765625,1471.9656982421875,1371.03466796875,1514.4444580078125,1358.9834594726562,1493.205078125,24.1024169921875,42.478759765625
IMG_0045.mp4,82,2.7333333333333334,30.0,8,2,traffic_signs,0.8714673519134521,1604.80419921875,1547.860595703125,1631.8719482421875,1594.7376708984375,1618.3380737304688,1571.2991333007812,27.0677490234375,46.8770751953125
IMG_0045.mp4,82,2.7333333333333334,30.0,28,1,traffic_lights,0.8039600253105164,2560.930419921875,1335.572265625,2594.810791015625,1393.981689453125,2577.87060546875,1364.7769775390625,33.88037109375,58.409423828125
IMG_0045.mp4,82,2.7333333333333334,30.0,11,1,traffic_lights,0.3633999824523926,506.7521057128906,987.6407470703125,557.6268310546875,1107.3582763671875,532.1894683837891,1047.49951171875,50.874725341796875,119.717529296875
IMG_0045.mp4,82,2.7333333333333334,30.0,6,1,traffic_lights,0.5837134718894958,1691.970947265625,964.544921875,1780.4510498046875,1185.147216796875,1736.2109985351562,1074.8460693359375,88.4801025390625,220.602294921875
IMG_0045.mp4,83,2.7666666666666666,30.0,1,1,traffic_lights,0.8497835993766785,1817.6632080078125,786.4680786132812,1939.3974609375,1187.7772216796875,1878.5303344726562,987.1226501464844,121.7342529296875,401.30914306640625
IMG_0045.mp4,83,2.7666666666666666,30.0,7,2,traffic_signs,0.87062007188797,1305.144775390625,1514.05322265625,1332.5335693359375,1568.1634521484375,1318.8391723632812,1541.1083374023438,27.3887939453125,54.1102294921875
IMG_0045.mp4,83,2.7666666666666666,30.0,3,2,traffic_signs,0.8745882511138916,2015.0341796875,1549.98681640625,2150.992919921875,1699.2891845703125,2083.0135498046875,1624.6380004882812,135.958740234375,149.3023681640625
IMG_0045.mp4,83,2.7666666666666666,30.0,16,2,traffic_signs,0.8437570929527283,1347.398193359375,1472.5098876953125,1371.4942626953125,1515.2216796875,1359.4462280273438,1493.8657836914062,24.0960693359375,42.7117919921875
IMG_0045.mp4,83,2.7666666666666666,30.0,8,2,traffic_signs,0.8716408610343933,1605.286865234375,1548.3740234375,1632.1798095703125,1595.1658935546875,1618.7333374023438,1571.7699584960938,26.8929443359375,46.7918701171875
IMG_0045.mp4,83,2.7666666666666666,30.0,28,1,traffic_lights,0.7609431147575378,2561.64599609375,1335.9735107421875,2595.330078125,1394.2308349609375,2578.488037109375,1365.1021728515625,33.68408203125,58.25732421875
IMG_0045.mp4,83,2.7666666666666666,30.0,11,1,traffic_lights,0.3926228880882263,508.8873291015625,989.0593872070312,558.8601684570312,1107.35986328125,533.8737487792969,1048.2096252441406,49.97283935546875,118.30047607421875
IMG_0045.mp4,83,2.7666666666666666,30.0,6,1,traffic_lights,0.5142255425453186,1692.0455322265625,964.1685180664062,1786.72265625,1187.78173828125,1739.3840942382812,1075.9751281738281,94.6771240234375,223.61322021484375
IMG_0045.mp4,84,2.8,30.0,1,1,traffic_lights,0.8670006990432739,1816.19970703125,795.6939697265625,1938.6080322265625,1186.522216796875,1877.4038696289062,991.1080932617188,122.4083251953125,390.8282470703125
IMG_0045.mp4,84,2.8,30.0,7,2,traffic_signs,0.8649808764457703,1305.1494140625,1515.4713134765625,1332.08642578125,1568.22900390625,1318.617919921875,1541.8501586914062,26.93701171875,52.7576904296875
IMG_0045.mp4,84,2.8,30.0,3,2,traffic_signs,0.8756086826324463,2014.8985595703125,1551.0557861328125,2150.881103515625,1699.4775390625,2082.8898315429688,1625.2666625976562,135.9825439453125,148.4217529296875
IMG_0045.mp4,84,2.8,30.0,16,2,traffic_signs,0.8411532640457153,1347.189697265625,1472.9830322265625,1371.50634765625,1517.0804443359375,1359.3480224609375,1495.03173828125,24.316650390625,44.097412109375
IMG_0045.mp4,84,2.8,30.0,8,2,traffic_signs,0.8715772032737732,1605.22216796875,1549.2711181640625,1632.0323486328125,1595.9619140625,1618.6272583007812,1572.6165161132812,26.8101806640625,46.6907958984375
IMG_0045.mp4,84,2.8,30.0,28,1,traffic_lights,0.4436783194541931,2562.468505859375,1336.6805419921875,2594.919189453125,1394.3677978515625,2578.69384765625,1365.524169921875,32.45068359375,57.687255859375
IMG_0045.mp4,84,2.8,30.0,6,1,traffic_lights,0.48218226432800293,1691.7540283203125,966.0439453125,1784.857421875,1188.292236328125,1738.3057250976562,1077.1680908203125,93.1033935546875,222.248291015625
IMG_0045.mp4,84,2.8,30.0,47,0,auth_label,0.4194868505001068,358.3517150878906,1268.75830078125,533.8143920898438,1675.1011962890625,446.0830535888672,1471.9297485351562,175.46267700195312,406.3428955078125
IMG_0045.mp4,85,2.8333333333333335,30.0,1,1,traffic_lights,0.8651540279388428,1815.8460693359375,797.38427734375,1937.923583984375,1190.738037109375,1876.8848266601562,994.0611572265625,122.0775146484375,393.353759765625
IMG_0045.mp4,85,2.8333333333333335,30.0,7,2,traffic_signs,0.8347623944282532,1304.733642578125,1520.7894287109375,1330.4844970703125,1569.1251220703125,1317.6090698242188,1544.957275390625,25.7508544921875,48.335693359375
IMG_0045.mp4,85,2.8333333333333335,30.0,3,2,traffic_signs,0.8860318064689636,2014.17724609375,1552.6328125,2151.08447265625,1700.74072265625,2082.630859375,1626.686767578125,136.9072265625,148.10791015625
IMG_0045.mp4,85,2.8333333333333335,30.0,16,2,traffic_signs,0.8233458399772644,1346.205078125,1474.123046875,1369.6719970703125,1518.2059326171875,1357.9385375976562,1496.1644897460938,23.4669189453125,44.0828857421875
IMG_0045.mp4,85,2.8333333333333335,30.0,8,2,traffic_signs,0.8698462843894958,1604.083740234375,1550.33935546875,1631.4033203125,1597.3372802734375,1617.7435302734375,1573.8383178710938,27.319580078125,46.9979248046875
IMG_0045.mp4,85,2.8333333333333335,30.0,28,1,traffic_lights,0.4900527894496918,2562.388916015625,1337.98291015625,2595.948974609375,1397.1251220703125,2579.1689453125,1367.5540161132812,33.56005859375,59.1422119140625
IMG_0045.mp4,85,2.8333333333333335,30.0,6,1,traffic_lights,0.7020036578178406,1691.2816162109375,965.885986328125,1784.0206298828125,1189.89697265625,1737.651123046875,1077.8914794921875,92.739013671875,224.010986328125
IMG_0045.mp4,85,2.8333333333333335,30.0,47,0,auth_label,0.635228157043457,354.4017639160156,1270.30517578125,531.0370483398438,1677.2510986328125,442.7194061279297,1473.7781372070312,176.63528442382812,406.9459228515625
IMG_0045.mp4,86,2.8666666666666667,30.0,1,1,traffic_lights,0.8582553863525391,1816.1712646484375,789.6547241210938,1937.7628173828125,1192.0281982421875,1876.967041015625,990.8414611816406,121.591552734375,402.37347412109375
IMG_0045.mp4,86,2.8666666666666667,30.0,7,2,traffic_signs,0.8374139070510864,1304.603515625,1522.0145263671875,1329.9002685546875,1569.4468994140625,1317.2518920898438,1545.730712890625,25.2967529296875,47.432373046875
IMG_0045.mp4,86,2.8666666666666667,30.0,3,2,traffic_signs,0.8874082565307617,2013.9993896484375,1552.911376953125,2150.60986328125,1701.663818359375,2082.3046264648438,1627.28759765625,136.6104736328125,148.75244140625
IMG_0045.mp4,86,2.8666666666666667,30.0,16,2,traffic_signs,0.8246651887893677,1345.8851318359375,1474.7518310546875,1369.0684814453125,1518.7880859375,1357.476806640625,1496.7699584960938,23.183349609375,44.0362548828125
IMG_0045.mp4,86,2.8666666666666667,30.0,8,2,traffic_signs,0.8689610958099365,1603.8123779296875,1550.7755126953125,1631.36181640625,1597.72119140625,1617.5870971679688,1574.2483520507812,27.5494384765625,46.9456787109375
IMG_0045.mp4,86,2.8666666666666667,30.0,28,1,traffic_lights,0.4821838140487671,2560.12451171875,1338.1339111328125,2596.329833984375,1398.292724609375,2578.2271728515625,1368.2133178710938,36.205322265625,60.1588134765625
IMG_0045.mp4,86,2.8666666666666667,30.0,6,1,traffic_lights,0.685195803642273,1690.9521484375,964.8123779296875,1788.827392578125,1190.978271484375,1739.8897705078125,1077.8953247070312,97.875244140625,226.1658935546875
IMG_0045.mp4,86,2.8666666666666667,30.0,47,0,auth_label,0.5332131385803223,351.9372253417969,1270.988037109375,531.0980834960938,1677.3287353515625,441.5176544189453,1474.1583862304688,179.16085815429688,406.3406982421875
IMG_0045.mp4,86,2.8666666666666667,30.0,48,2,traffic_signs,0.34244289994239807,710.5225219726562,1421.0794677734375,735.7462768554688,1469.8616943359375,723.1343994140625,1445.4705810546875,25.2237548828125,48.7822265625
IMG_0045.mp4,87,2.9,30.0,1,1,traffic_lights,0.871830940246582,1815.69873046875,783.8533935546875,1936.885498046875,1194.498779296875,1876.2921142578125,989.1760864257812,121.186767578125,410.6453857421875
IMG_0045.mp4,87,2.9,30.0,7,2,traffic_signs,0.8367483615875244,1304.651611328125,1522.6693115234375,1329.932373046875,1570.5625,1317.2919921875,1546.6159057617188,25.28076171875,47.8931884765625
IMG_0045.mp4,87,2.9,30.0,3,2,traffic_signs,0.8905161023139954,2013.6046142578125,1553.9287109375,2149.945068359375,1703.6483154296875,2081.7748413085938,1628.7885131835938,136.3404541015625,149.7196044921875
IMG_0045.mp4,87,2.9,30.0,16,2,traffic_signs,0.8168075680732727,1345.4482421875,1475.983642578125,1368.627685546875,1520.0836181640625,1357.0379638671875,1498.0336303710938,23.179443359375,44.0999755859375
IMG_0045.mp4,87,2.9,30.0,8,2,traffic_signs,0.860141396522522,1603.720703125,1552.0213623046875,1631.3726806640625,1598.729248046875,1617.5466918945312,1575.3753051757812,27.6519775390625,46.7078857421875
IMG_0045.mp4,87,2.9,30.0,28,1,traffic_lights,0.6093770861625671,2557.51220703125,1339.0992431640625,2595.71044921875,1399.7896728515625,2576.611328125,1369.4444580078125,38.1982421875,60.6904296875
IMG_0045.mp4,87,2.9,30.0,6,1,traffic_lights,0.691455602645874,1690.5400390625,964.9848022460938,1784.308837890625,1191.8165283203125,1737.4244384765625,1078.4006652832031,93.768798828125,226.83172607421875
IMG_0045.mp4,87,2.9,30.0,47,0,auth_label,0.3665516674518585,351.3503112792969,1273.041748046875,530.9697265625,1674.18115234375,441.16001892089844,1473.6114501953125,179.61941528320312,401.139404296875
IMG_0045.mp4,88,2.933333333333333,30.0,1,1,traffic_lights,0.7795657515525818,1815.035888671875,788.7750244140625,1935.8033447265625,1192.4468994140625,1875.4196166992188,990.6109619140625,120.7674560546875,403.671875
IMG_0045.mp4,88,2.933333333333333,30.0,7,2,traffic_signs,0.8328908681869507,1304.610107421875,1524.1826171875,1329.7174072265625,1571.2159423828125,1317.1637573242188,1547.6992797851562,25.1072998046875,47.0333251953125
IMG_0045.mp4,88,2.933333333333333,30.0,3,2,traffic_signs,0.8931348919868469,2012.8892822265625,1555.0560302734375,2149.02392578125,1704.896240234375,2080.9566040039062,1629.9761352539062,136.1346435546875,149.8402099609375
IMG_0045.mp4,88,2.933333333333333,30.0,16,2,traffic_signs,0.8179211020469666,1345.2862548828125,1477.1046142578125,1368.475341796875,1521.6849365234375,1356.8807983398438,1499.394775390625,23.1890869140625,44.580322265625
IMG_0045.mp4,88,2.933333333333333,30.0,8,2,traffic_signs,0.8548312783241272,1603.5087890625,1552.935546875,1631.2410888671875,1599.9139404296875,1617.3749389648438,1576.4247436523438,27.7322998046875,46.9783935546875
IMG_0045.mp4,88,2.933333333333333,30.0,28,1,traffic_lights,0.48314782977104187,2551.473876953125,1341.2718505859375,2594.560302734375,1403.0394287109375,2573.01708984375,1372.1556396484375,43.08642578125,61.767578125
IMG_0045.mp4,88,2.933333333333333,30.0,6,1,traffic_lights,0.5856004953384399,1689.655517578125,965.0529174804688,1786.032958984375,1193.17529296875,1737.84423828125,1079.1141052246094,96.37744140625,228.12237548828125
IMG_0045.mp4,88,2.933333333333333,30.0,47,0,auth_label,0.33240488171577454,351.31951904296875,1273.1593017578125,529.4213256835938,1674.125,440.37042236328125,1473.6421508789062,178.101806640625,400.9656982421875
IMG_0045.mp4,88,2.933333333333333,30.0,11,1,traffic_lights,0.3367956876754761,503.3233947753906,993.3551025390625,553.4116821289062,1110.400634765625,528.3675384521484,1051.8778686523438,50.088287353515625,117.0455322265625
IMG_0045.mp4,88,2.933333333333333,30.0,48,2,traffic_signs,0.33154621720314026,708.3598022460938,1422.5528564453125,735.6653442382812,1471.508056640625,722.0125732421875,1447.0304565429688,27.3055419921875,48.9552001953125
IMG_0045.mp4,89,2.966666666666667,30.0,1,1,traffic_lights,0.7996250987052917,1814.5848388671875,771.2390747070312,1936.6326904296875,1192.14892578125,1875.6087646484375,981.6940002441406,122.0478515625,420.90985107421875
IMG_0045.mp4,89,2.966666666666667,30.0,7,2,traffic_signs,0.8325574398040771,1305.890625,1522.7197265625,1330.4566650390625,1568.6419677734375,1318.1736450195312,1545.6808471679688,24.5660400390625,45.9222412109375
IMG_0045.mp4,89,2.966666666666667,30.0,3,2,traffic_signs,0.8925822973251343,2012.34716796875,1552.067138671875,2149.042236328125,1701.8111572265625,2080.6947021484375,1626.9391479492188,136.695068359375,149.7440185546875
IMG_0045.mp4,89,2.966666666666667,30.0,16,2,traffic_signs,0.8111374974250793,1346.71484375,1475.4090576171875,1369.37060546875,1518.9024658203125,1358.042724609375,1497.15576171875,22.65576171875,43.493408203125
IMG_0045.mp4,89,2.966666666666667,30.0,8,2,traffic_signs,0.8675474524497986,1603.760009765625,1550.7564697265625,1631.408447265625,1597.56298828125,1617.584228515625,1574.1597290039062,27.6484375,46.8065185546875
IMG_0045.mp4,89,2.966666666666667,30.0,28,1,traffic_lights,0.5630448460578918,2554.445068359375,1339.1976318359375,2594.4912109375,1400.4111328125,2574.4681396484375,1369.8043823242188,40.046142578125,61.2135009765625
IMG_0045.mp4,89,2.966666666666667,30.0,6,1,traffic_lights,0.6241456866264343,1689.45166015625,965.2869873046875,1780.6146240234375,1189.2178955078125,1735.0331420898438,1077.25244140625,91.1629638671875,223.930908203125
IMG_0045.mp4,90,3.0,30.0,1,1,traffic_lights,0.8606643676757812,1814.30712890625,773.3607788085938,1935.8304443359375,1191.298828125,1875.0687866210938,982.3298034667969,121.5233154296875,417.93804931640625
IMG_0045.mp4,90,3.0,30.0,7,2,traffic_signs,0.8381728529930115,1304.28076171875,1521.8287353515625,1329.1485595703125,1569.129638671875,1316.7146606445312,1545.4791870117188,24.8677978515625,47.3009033203125
IMG_0045.mp4,90,3.0,30.0,3,2,traffic_signs,0.9063503742218018,2011.4146728515625,1551.8436279296875,2148.8173828125,1703.005615234375,2080.1160278320312,1627.4246215820312,137.4027099609375,151.1619873046875
IMG_0045.mp4,90,3.0,30.0,16,2,traffic_signs,0.8230849504470825,1345.2794189453125,1474.79541015625,1368.2760009765625,1518.69677734375,1356.7777099609375,1496.74609375,22.99658203125,43.9013671875
IMG_0045.mp4,90,3.0,30.0,8,2,traffic_signs,0.8683694005012512,1603.21435546875,1551.087646484375,1631.001708984375,1597.8873291015625,1617.1080322265625,1574.4874877929688,27.787353515625,46.7996826171875
IMG_0045.mp4,90,3.0,30.0,28,1,traffic_lights,0.6867583394050598,2554.953125,1338.6707763671875,2595.24658203125,1399.3135986328125,2575.099853515625,1368.9921875,40.29345703125,60.642822265625
IMG_0045.mp4,90,3.0,30.0,6,1,traffic_lights,0.5731527209281921,1688.27978515625,963.8880004882812,1778.6717529296875,1189.1937255859375,1733.4757690429688,1076.5408630371094,90.3919677734375,225.30572509765625
IMG_0045.mp4,90,3.0,30.0,47,0,auth_label,0.2606005370616913,349.6314697265625,1270.625732421875,528.0860595703125,1673.6304931640625,438.8587646484375,1472.1281127929688,178.45458984375,403.0047607421875
IMG_0045.mp4,90,3.0,30.0,11,1,traffic_lights,0.5343635678291321,504.082275390625,988.9818725585938,553.58740234375,1108.8006591796875,528.8348388671875,1048.8912658691406,49.505126953125,119.81878662109375
IMG_0045.mp4,90,3.0,30.0,48,2,traffic_signs,0.254922091960907,709.2594604492188,1420.8048095703125,734.96923828125,1470.303955078125,722.1143493652344,1445.5543823242188,25.70977783203125,49.4991455078125
IMG_0045.mp4,91,3.033333333333333,30.0,1,1,traffic_lights,0.8160523176193237,1811.9007568359375,769.150390625,1934.9815673828125,1190.5484619140625,1873.441162109375,979.8494262695312,123.080810546875,421.3980712890625
IMG_0045.mp4,91,3.033333333333333,30.0,7,2,traffic_signs,0.8256828188896179,1303.4400634765625,1524.7562255859375,1328.7822265625,1572.0413818359375,1316.1111450195312,1548.3988037109375,25.3421630859375,47.28515625
IMG_0045.mp4,91,3.033333333333333,30.0,3,2,traffic_signs,0.90021812915802,2010.5313720703125,1555.5958251953125,2147.675048828125,1706.738037109375,2079.1032104492188,1631.1669311523438,137.1436767578125,151.1422119140625
IMG_0045.mp4,91,3.033333333333333,30.0,16,2,traffic_signs,0.8214640617370605,1344.195068359375,1477.3328857421875,1368.0787353515625,1521.8917236328125,1356.1369018554688,1499.6123046875,23.8836669921875,44.558837890625
IMG_0045.mp4,91,3.033333333333333,30.0,8,2,traffic_signs,0.843695342540741,1603.0057373046875,1554.8160400390625,1631.0968017578125,1601.8348388671875,1617.05126953125,1578.325439453125,28.091064453125,47.018798828125
IMG_0045.mp4,91,3.033333333333333,30.0,28,1,traffic_lights,0.6635599136352539,2555.19921875,1343.1890869140625,2595.48046875,1403.9156494140625,2575.33984375,1373.5523681640625,40.28125,60.7265625
IMG_0045.mp4,91,3.033333333333333,30.0,6,1,traffic_lights,0.6682420372962952,1686.6494140625,966.5170288085938,1777.195556640625,1191.092041015625,1731.9224853515625,1078.8045349121094,90.546142578125,224.57501220703125
IMG_0045.mp4,91,3.033333333333333,30.0,47,0,auth_label,0.2954615354537964,345.06500244140625,1271.0318603515625,525.8140258789062,1675.5172119140625,435.43951416015625,1473.2745361328125,180.7490234375,404.4853515625
IMG_0045.mp4,91,3.033333333333333,30.0,11,1,traffic_lights,0.7320087552070618,502.2766418457031,993.2066650390625,552.6417846679688,1109.9886474609375,527.4592132568359,1051.59765625,50.365142822265625,116.781982421875
IMG_0045.mp4,92,3.066666666666667,30.0,1,1,traffic_lights,0.8524112701416016,1810.678955078125,770.5340576171875,1934.249267578125,1189.0382080078125,1872.464111328125,979.7861328125,123.5703125,418.504150390625
IMG_0045.mp4,92,3.066666666666667,30.0,7,2,traffic_signs,0.8315743803977966,1303.25,1521.28564453125,1328.5811767578125,1569.087646484375,1315.9155883789062,1545.1866455078125,25.3311767578125,47.802001953125
IMG_0045.mp4,92,3.066666666666667,30.0,3,2,traffic_signs,0.9056130647659302,2009.2353515625,1552.0074462890625,2146.517822265625,1703.515625,2077.8765869140625,1627.7615356445312,137.282470703125,151.5081787109375
IMG_0045.mp4,92,3.066666666666667,30.0,16,2,traffic_signs,0.8125646710395813,1344.390380859375,1474.783203125,1367.6773681640625,1518.5849609375,1356.0338745117188,1496.68408203125,23.2869873046875,43.8017578125
IMG_0045.mp4,92,3.066666666666667,30.0,8,2,traffic_signs,0.8665542006492615,1602.8466796875,1551.652099609375,1630.4140625,1598.9053955078125,1616.63037109375,1575.2787475585938,27.5673828125,47.2532958984375
IMG_0045.mp4,92,3.066666666666667,30.0,28,1,traffic_lights,0.38860079646110535,2538.467529296875,1339.340087890625,2590.730712890625,1400.9019775390625,2564.59912109375,1370.1210327148438,52.26318359375,61.5618896484375
IMG_0045.mp4,92,3.066666666666667,30.0,6,1,traffic_lights,0.7257824540138245,1684.85205078125,964.2496337890625,1773.15576171875,1186.142578125,1729.00390625,1075.1961059570312,88.3037109375,221.8929443359375
IMG_0045.mp4,92,3.066666666666667,30.0,11,1,traffic_lights,0.3798469007015228,503.25482177734375,990.2730712890625,553.6154174804688,1106.209716796875,528.4351196289062,1048.2413940429688,50.360595703125,115.9366455078125
IMG_0045.mp4,93,3.1,30.0,1,1,traffic_lights,0.8302404284477234,1808.71337890625,785.1617431640625,1932.694580078125,1190.5140380859375,1870.7039794921875,987.837890625,123.981201171875,405.352294921875
IMG_0045.mp4,93,3.1,30.0,7,2,traffic_signs,0.8202833533287048,1301.686279296875,1525.22265625,1327.289306640625,1572.7845458984375,1314.48779296875,1549.0036010742188,25.60302734375,47.5618896484375
IMG_0045.mp4,93,3.1,30.0,3,2,traffic_signs,0.898957371711731,2008.8341064453125,1556.9647216796875,2145.155029296875,1708.0087890625,2076.9945678710938,1632.4867553710938,136.3209228515625,151.0440673828125
IMG_0045.mp4,93,3.1,30.0,16,2,traffic_signs,0.8063883185386658,1343.31494140625,1477.789306640625,1366.6085205078125,1521.54345703125,1354.9617309570312,1499.6663818359375,23.2935791015625,43.754150390625
IMG_0045.mp4,93,3.1,30.0,8,2,traffic_signs,0.8380465507507324,1602.0484619140625,1555.275390625,1629.6658935546875,1603.0362548828125,1615.857177734375,1579.1558227539062,27.617431640625,47.7608642578125
IMG_0045.mp4,93,3.1,30.0,28,1,traffic_lights,0.7407529354095459,2548.03369140625,1343.4002685546875,2593.521728515625,1404.957275390625,2570.7777099609375,1374.1787719726562,45.488037109375,61.5570068359375
IMG_0045.mp4,93,3.1,30.0,6,1,traffic_lights,0.7564508318901062,1682.91845703125,966.71240234375,1770.705078125,1188.9136962890625,1726.811767578125,1077.8130493164062,87.78662109375,222.2012939453125
IMG_0045.mp4,93,3.1,30.0,11,1,traffic_lights,0.800737202167511,500.8349914550781,993.3458251953125,549.9793701171875,1110.36376953125,525.4071807861328,1051.8547973632812,49.144378662109375,117.0179443359375
IMG_0045.mp4,93,3.1,30.0,47,0,auth_label,0.3093816339969635,340.229248046875,1268.830322265625,524.57470703125,1672.8062744140625,432.4019775390625,1470.8182983398438,184.345458984375,403.9759521484375
IMG_0045.mp4,94,3.1333333333333333,30.0,1,1,traffic_lights,0.8267654776573181,1807.5379638671875,780.3089599609375,1931.7418212890625,1183.083251953125,1869.639892578125,981.6961059570312,124.203857421875,402.7742919921875
IMG_0045.mp4,94,3.1333333333333333,30.0,7,2,traffic_signs,0.8305427432060242,1300.8482666015625,1522.8045654296875,1326.938232421875,1570.6190185546875,1313.8932495117188,1546.7117919921875,26.0899658203125,47.814453125
IMG_0045.mp4,94,3.1333333333333333,30.0,3,2,traffic_signs,0.9049965143203735,2008.0731201171875,1553.96435546875,2144.0546875,1705.9510498046875,2076.0639038085938,1629.9577026367188,135.9815673828125,151.9866943359375
IMG_0045.mp4,94,3.1333333333333333,30.0,16,2,traffic_signs,0.7996964454650879,1342.64599609375,1475.4072265625,1365.6558837890625,1519.6207275390625,1354.1509399414062,1497.5139770507812,23.0098876953125,44.2135009765625
IMG_0045.mp4,94,3.1333333333333333,30.0,8,2,traffic_signs,0.8611838817596436,1601.4786376953125,1552.681640625,1628.7222900390625,1600.7020263671875,1615.1004638671875,1576.6918334960938,27.24365234375,48.0203857421875
IMG_0045.mp4,94,3.1333333333333333,30.0,28,1,traffic_lights,0.3941207826137543,2536.38818359375,1341.4405517578125,2591.206787109375,1403.7440185546875,2563.7974853515625,1372.59228515625,54.818603515625,62.303466796875
IMG_0045.mp4,94,3.1333333333333333,30.0,6,1,traffic_lights,0.7024425268173218,1680.8126220703125,963.3147583007812,1768.106201171875,1184.5853271484375,1724.4594116210938,1073.9500427246094,87.2935791015625,221.27056884765625
IMG_0045.mp4,94,3.1333333333333333,30.0,11,1,traffic_lights,0.6603022813796997,500.1421813964844,991.217041015625,548.6796875,1108.12744140625,524.4109344482422,1049.6722412109375,48.537506103515625,116.910400390625
IMG_0045.mp4,94,3.1333333333333333,30.0,47,0,auth_label,0.3426642119884491,338.8412780761719,1267.976318359375,522.754150390625,1672.611328125,430.79771423339844,1470.2938232421875,183.91287231445312,404.635009765625
IMG_0045.mp4,95,3.1666666666666665,30.0,1,1,traffic_lights,0.8780490756034851,1806.10400390625,789.5982666015625,1929.039794921875,1187.51953125,1867.5718994140625,988.5588989257812,122.935791015625,397.9212646484375
IMG_0045.mp4,95,3.1666666666666665,30.0,7,2,traffic_signs,0.8304556012153625,1300.296630859375,1524.5362548828125,1326.7779541015625,1572.026611328125,1313.5372924804688,1548.2814331054688,26.4813232421875,47.4903564453125
IMG_0045.mp4,95,3.1666666666666665,30.0,3,2,traffic_signs,0.9074106812477112,2007.0867919921875,1554.614990234375,2142.943603515625,1706.9439697265625,2075.0151977539062,1630.7794799804688,135.8568115234375,152.3289794921875
IMG_0045.mp4,95,3.1666666666666665,30.0,16,2,traffic_signs,0.7977698445320129,1342.0953369140625,1476.107421875,1365.490966796875,1520.5584716796875,1353.7931518554688,1498.3329467773438,23.3956298828125,44.4510498046875
IMG_0045.mp4,95,3.1666666666666665,30.0,8,2,traffic_signs,0.8541663289070129,1601.0340576171875,1553.724853515625,1628.1358642578125,1601.1229248046875,1614.5849609375,1577.4238891601562,27.101806640625,47.3980712890625
IMG_0045.mp4,95,3.1666666666666665,30.0,28,1,traffic_lights,0.5805965662002563,2532.395751953125,1343.1768798828125,2591.327880859375,1405.661376953125,2561.86181640625,1374.4191284179688,58.93212890625,62.4844970703125
IMG_0045.mp4,95,3.1666666666666665,30.0,6,1,traffic_lights,0.6763070225715637,1678.5343017578125,962.0755615234375,1768.6961669921875,1186.443115234375,1723.615234375,1074.2593383789062,90.161865234375,224.3675537109375
IMG_0045.mp4,95,3.1666666666666665,30.0,11,1,traffic_lights,0.8161987066268921,498.8533935546875,992.6995239257812,547.5509643554688,1110.933837890625,523.2021789550781,1051.8166809082031,48.69757080078125,118.23431396484375
IMG_0045.mp4,95,3.1666666666666665,30.0,47,0,auth_label,0.5467391014099121,336.5822448730469,1268.9410400390625,524.5162353515625,1674.9754638671875,430.5492401123047,1471.958251953125,187.93399047851562,406.034423828125
IMG_0045.mp4,95,3.1666666666666665,30.0,49,1,traffic_lights,0.6019283533096313,1960.239013671875,950.0105590820312,2106.95849609375,1193.5540771484375,2033.5987548828125,1071.7823181152344,146.719482421875,243.54351806640625
IMG_0045.mp4,96,3.2,30.0,1,1,traffic_lights,0.859822690486908,1804.35791015625,781.5460205078125,1926.43994140625,1188.0426025390625,1865.39892578125,984.7943115234375,122.08203125,406.49658203125
IMG_0045.mp4,96,3.2,30.0,7,2,traffic_signs,0.7991332411766052,1299.1146240234375,1526.4647216796875,1324.78515625,1573.387451171875,1311.9498901367188,1549.9260864257812,25.6705322265625,46.9227294921875
IMG_0045.mp4,96,3.2,30.0,3,2,traffic_signs,0.9194939136505127,2006.249755859375,1555.7823486328125,2141.491455078125,1708.5677490234375,2073.87060546875,1632.175048828125,135.24169921875,152.785400390625
IMG_0045.mp4,96,3.2,30.0,16,2,traffic_signs,0.7866677641868591,1340.647216796875,1476.0531005859375,1363.6517333984375,1520.241943359375,1352.1494750976562,1498.1475219726562,23.0045166015625,44.1888427734375
IMG_0045.mp4,96,3.2,30.0,8,2,traffic_signs,0.843376636505127,1600.14697265625,1554.731689453125,1627.322998046875,1602.7579345703125,1613.7349853515625,1578.7448120117188,27.176025390625,48.0262451171875
IMG_0045.mp4,96,3.2,30.0,28,1,traffic_lights,0.7996299862861633,2530.3798828125,1344.2647705078125,2591.66357421875,1406.7364501953125,2561.021728515625,1375.5006103515625,61.28369140625,62.4716796875
IMG_0045.mp4,96,3.2,30.0,6,1,traffic_lights,0.4261872470378876,1676.01904296875,958.7244262695312,1768.9962158203125,1186.3291015625,1722.5076293945312,1072.5267639160156,92.9771728515625,227.60467529296875
IMG_0045.mp4,96,3.2,30.0,11,1,traffic_lights,0.5292120575904846,497.1527404785156,990.86474609375,544.8286743164062,1110.7620849609375,520.9907073974609,1050.8134155273438,47.675933837890625,119.8973388671875
IMG_0045.mp4,96,3.2,30.0,47,0,auth_label,0.5192978978157043,332.5679626464844,1269.1312255859375,524.1305541992188,1679.2103271484375,428.34925842285156,1474.1707763671875,191.56259155273438,410.0791015625
IMG_0045.mp4,96,3.2,30.0,49,1,traffic_lights,0.7486856579780579,1958.5765380859375,946.8441772460938,2106.046875,1192.01904296875,2032.3117065429688,1069.4316101074219,147.4703369140625,245.17486572265625
IMG_0045.mp4,97,3.2333333333333334,30.0,1,1,traffic_lights,0.5889301300048828,1801.9476318359375,780.7490844726562,1924.9954833984375,1185.0706787109375,1863.4715576171875,982.9098815917969,123.0478515625,404.32159423828125
IMG_0045.mp4,97,3.2333333333333334,30.0,7,2,traffic_signs,0.8147134780883789,1299.4747314453125,1524.5860595703125,1324.4698486328125,1571.722900390625,1311.9722900390625,1548.1544799804688,24.9951171875,47.1368408203125
IMG_0045.mp4,97,3.2333333333333334,30.0,3,2,traffic_signs,0.916443943977356,2004.6981201171875,1553.76025390625,2140.23583984375,1707.0084228515625,2072.4669799804688,1630.3843383789062,135.5377197265625,153.2481689453125
IMG_0045.mp4,97,3.2333333333333334,30.0,16,2,traffic_signs,0.7954311966896057,1340.943603515625,1474.7979736328125,1363.4146728515625,1518.66748046875,1352.1791381835938,1496.7327270507812,22.4710693359375,43.8695068359375
IMG_0045.mp4,97,3.2333333333333334,30.0,8,2,traffic_signs,0.8513415455818176,1599.777099609375,1553.46533203125,1626.7855224609375,1600.5865478515625,1613.2813110351562,1577.0259399414062,27.0084228515625,47.1212158203125
IMG_0045.mp4,97,3.2333333333333334,30.0,28,1,traffic_lights,0.791864275932312,2528.903564453125,1342.848876953125,2591.60400390625,1405.2503662109375,2560.2537841796875,1374.0496215820312,62.700439453125,62.4014892578125
IMG_0045.mp4,97,3.2333333333333334,30.0,6,1,traffic_lights,0.32878613471984863,1673.829345703125,957.3632202148438,1768.8206787109375,1187.9298095703125,1721.3250122070312,1072.6465148925781,94.9913330078125,230.56658935546875
IMG_0045.mp4,97,3.2333333333333334,30.0,11,1,traffic_lights,0.5081679821014404,497.3076171875,990.1034545898438,545.1517333984375,1110.4720458984375,521.2296752929688,1050.2877502441406,47.8441162109375,120.36859130859375
IMG_0045.mp4,97,3.2333333333333334,30.0,47,0,auth_label,0.5250381231307983,332.26141357421875,1267.8870849609375,523.3115234375,1677.9190673828125,427.7864685058594,1472.903076171875,191.05010986328125,410.031982421875
IMG_0045.mp4,97,3.2333333333333334,30.0,49,1,traffic_lights,0.7989093661308289,1954.9659423828125,945.1065673828125,2104.41064453125,1192.617431640625,2029.6882934570312,1068.8619995117188,149.4447021484375,247.5108642578125
IMG_0045.mp4,98,3.2666666666666666,30.0,1,1,traffic_lights,0.6647127270698547,1797.9755859375,769.7802124023438,1922.6702880859375,1191.8182373046875,1860.3229370117188,980.7992248535156,124.6947021484375,422.03802490234375
IMG_0045.mp4,98,3.2666666666666666,30.0,7,2,traffic_signs,0.8199120759963989,1297.358154296875,1526.973388671875,1322.3697509765625,1573.72900390625,1309.8639526367188,1550.3511962890625,25.0115966796875,46.755615234375
IMG_0045.mp4,98,3.2666666666666666,30.0,3,2,traffic_signs,0.920254647731781,2002.5750732421875,1556.0389404296875,2138.334228515625,1709.8177490234375,2070.4546508789062,1632.9283447265625,135.7591552734375,153.77880859375
IMG_0045.mp4,98,3.2666666666666666,30.0,16,2,traffic_signs,0.7797563672065735,1339.19482421875,1477.2479248046875,1361.3623046875,1521.18359375,1350.278564453125,1499.2157592773438,22.16748046875,43.9356689453125
IMG_0045.mp4,98,3.2666666666666666,30.0,8,2,traffic_signs,0.8381282091140747,1597.87744140625,1555.5399169921875,1625.30859375,1603.306396484375,1611.593017578125,1579.4231567382812,27.43115234375,47.7664794921875
IMG_0045.mp4,98,3.2666666666666666,30.0,28,1,traffic_lights,0.8030799627304077,2529.083740234375,1344.441650390625,2592.115234375,1407.7996826171875,2560.5994873046875,1376.1206665039062,63.031494140625,63.3580322265625
IMG_0045.mp4,98,3.2666666666666666,30.0,6,1,traffic_lights,0.479094535112381,1671.038330078125,955.3668212890625,1771.4825439453125,1190.989501953125,1721.2604370117188,1073.1781616210938,100.4442138671875,235.6226806640625
IMG_0045.mp4,98,3.2666666666666666,30.0,11,1,traffic_lights,0.27933138608932495,493.5934753417969,990.9608154296875,542.1107788085938,1110.2763671875,517.8521270751953,1050.6185913085938,48.517303466796875,119.3155517578125
IMG_0045.mp4,98,3.2666666666666666,30.0,47,0,auth_label,0.5523369312286377,329.4718322753906,1269.1080322265625,519.6156005859375,1680.4010009765625,424.54371643066406,1474.7545166015625,190.14376831054688,411.29296875
IMG_0045.mp4,98,3.2666666666666666,30.0,49,1,traffic_lights,0.7792465686798096,1950.6527099609375,945.0880737304688,2102.87646484375,1194.058349609375,2026.7645874023438,1069.5732116699219,152.2237548828125,248.97027587890625
IMG_0045.mp4,99,3.3,30.0,1,1,traffic_lights,0.7496426701545715,1795.98974609375,762.67578125,1920.49267578125,1188.8968505859375,1858.2412109375,975.7863159179688,124.5029296875,426.2210693359375
IMG_0045.mp4,99,3.3,30.0,7,2,traffic_signs,0.823307991027832,1297.218017578125,1525.062255859375,1321.9769287109375,1570.8885498046875,1309.5974731445312,1547.9754028320312,24.7589111328125,45.8262939453125
IMG_0045.mp4,99,3.3,30.0,3,2,traffic_signs,0.9146068692207336,1999.8331298828125,1552.7113037109375,2136.44677734375,1707.4058837890625,2068.1399536132812,1630.05859375,136.6136474609375,154.694580078125
IMG_0045.mp4,99,3.3,30.0,16,2,traffic_signs,0.7937652468681335,1339.2852783203125,1474.4034423828125,1361.0556640625,1518.19140625,1350.1704711914062,1496.2974243164062,21.7703857421875,43.7879638671875
IMG_0045.mp4,99,3.3,30.0,8,2,traffic_signs,0.8455812931060791,1597.4759521484375,1552.985595703125,1624.976318359375,1600.488037109375,1611.2261352539062,1576.73681640625,27.5003662109375,47.50244140625
IMG_0045.mp4,99,3.3,30.0,28,1,traffic_lights,0.7101334929466248,2528.463623046875,1341.6356201171875,2590.98681640625,1404.8631591796875,2559.7252197265625,1373.2493896484375,62.523193359375,63.2275390625
IMG_0045.mp4,99,3.3,30.0,11,1,traffic_lights,0.42498496174812317,493.322509765625,989.2527465820312,542.8753662109375,1108.4251708984375,518.0989379882812,1048.8389587402344,49.5528564453125,119.17242431640625
IMG_0045.mp4,99,3.3,30.0,47,0,auth_label,0.3447395861148834,328.8692626953125,1264.212158203125,519.487548828125,1678.89453125,424.17840576171875,1471.5533447265625,190.6182861328125,414.682373046875
IMG_0045.mp4,99,3.3,30.0,49,1,traffic_lights,0.8182553052902222,1950.1832275390625,941.0145874023438,2101.56884765625,1190.224853515625,2025.8760375976562,1065.6197204589844,151.3856201171875,249.21026611328125
IMG_0045.mp4,100,3.3333333333333335,30.0,1,1,traffic_lights,0.3293969929218292,1791.922119140625,772.698974609375,1916.5953369140625,1181.0723876953125,1854.2587280273438,976.8856811523438,124.6732177734375,408.3734130859375
IMG_0045.mp4,100,3.3333333333333335,30.0,7,2,traffic_signs,0.792285680770874,1295.7523193359375,1528.58203125,1319.40966796875,1573.181884765625,1307.5809936523438,1550.8819580078125,23.6573486328125,44.599853515625
IMG_0045.mp4,100,3.3333333333333335,30.0,3,2,traffic_signs,0.9156378507614136,1997.64208984375,1555.11328125,2135.14892578125,1710.3414306640625,2066.3955078125,1632.7273559570312,137.5068359375,155.2281494140625
IMG_0045.mp4,100,3.3333333333333335,30.0,16,2,traffic_signs,0.7722511887550354,1338.2391357421875,1476.871337890625,1359.80029296875,1520.9085693359375,1349.0197143554688,1498.8899536132812,21.5611572265625,44.0372314453125
IMG_0045.mp4,100,3.3333333333333335,30.0,8,2,traffic_signs,0.776236891746521,1596.1231689453125,1555.3988037109375,1623.9212646484375,1603.570556640625,1610.022216796875,1579.4846801757812,27.798095703125,48.1717529296875
IMG_0045.mp4,100,3.3333333333333335,30.0,28,1,traffic_lights,0.7261180281639099,2529.064697265625,1344.338623046875,2590.85009765625,1407.9425048828125,2559.9573974609375,1376.1405639648438,61.785400390625,63.6038818359375
IMG_0045.mp4,100,3.3333333333333335,30.0,11,1,traffic_lights,0.43936628103256226,489.5625915527344,991.2576293945312,539.61279296875,1109.9349365234375,514.5876922607422,1050.5962829589844,50.050201416015625,118.67730712890625
IMG_0045.mp4,100,3.3333333333333335,30.0,47,0,auth_label,0.4737873673439026,325.31494140625,1269.468505859375,518.041259765625,1681.4268798828125,421.6781005859375,1475.4476928710938,192.726318359375,411.9583740234375
IMG_0045.mp4,100,3.3333333333333335,30.0,49,1,traffic_lights,0.8456022143363953,1947.541015625,943.520751953125,2099.5546875,1192.486328125,2023.5478515625,1068.0035400390625,152.013671875,248.965576171875
IMG_0045.mp4,100,3.3333333333333335,30.0,48,2,traffic_signs,0.3312937915325165,696.2625732421875,1424.23291015625,720.9666137695312,1482.8477783203125,708.6145935058594,1453.5403442382812,24.70404052734375,58.6148681640625
IMG_0045.mp4,101,3.3666666666666667,30.0,7,2,traffic_signs,0.8104705810546875,1294.1185302734375,1525.3953857421875,1318.66845703125,1569.9210205078125,1306.3934936523438,1547.658203125,24.5499267578125,44.525634765625
IMG_0045.mp4,101,3.3666666666666667,30.0,3,2,traffic_signs,0.9058508276939392,1995.107421875,1551.68115234375,2133.03076171875,1707.419921875,2064.069091796875,1629.550537109375,137.92333984375,155.73876953125
IMG_0045.mp4,101,3.3666666666666667,30.0,16,2,traffic_signs,0.7757576704025269,1337.91015625,1474.2337646484375,1358.5247802734375,1517.394775390625,1348.2174682617188,1495.8142700195312,20.6146240234375,43.1610107421875
IMG_0045.mp4,101,3.3666666666666667,30.0,8,2,traffic_signs,0.7127627730369568,1595.3194580078125,1552.1961669921875,1622.3187255859375,1600.247802734375,1608.819091796875,1576.2219848632812,26.999267578125,48.0516357421875
IMG_0045.mp4,101,3.3666666666666667,30.0,28,1,traffic_lights,0.7119795680046082,2530.191162109375,1341.2628173828125,2590.12060546875,1403.569091796875,2560.1558837890625,1372.4159545898438,59.929443359375,62.3062744140625
IMG_0045.mp4,101,3.3666666666666667,30.0,47,0,auth_label,0.4417034685611725,324.209228515625,1267.309814453125,517.2827758789062,1676.431640625,420.7460021972656,1471.8707275390625,193.07354736328125,409.121826171875
IMG_0045.mp4,101,3.3666666666666667,30.0,49,1,traffic_lights,0.736241340637207,1946.06103515625,938.20263671875,2096.65380859375,1185.8485107421875,2021.357421875,1062.0255737304688,150.5927734375,247.6458740234375
IMG_0045.mp4,101,3.3666666666666667,30.0,48,2,traffic_signs,0.39131247997283936,695.262939453125,1420.9017333984375,720.6973876953125,1475.2491455078125,707.9801635742188,1448.075439453125,25.4344482421875,54.347412109375
IMG_0045.mp4,102,3.4,30.0,7,2,traffic_signs,0.818712055683136,1291.6014404296875,1528.7958984375,1316.2457275390625,1572.8426513671875,1303.923583984375,1550.8192749023438,24.644287109375,44.0467529296875
IMG_0045.mp4,102,3.4,30.0,3,2,traffic_signs,0.9102404117584229,1992.5408935546875,1554.84033203125,2130.70751953125,1710.6072998046875,2061.6242065429688,1632.7238159179688,138.1666259765625,155.7669677734375
IMG_0045.mp4,102,3.4,30.0,16,2,traffic_signs,0.7414969205856323,1336.521728515625,1477.4559326171875,1356.98974609375,1521.595703125,1346.7557373046875,1499.5258178710938,20.468017578125,44.1397705078125
IMG_0045.mp4,102,3.4,30.0,8,2,traffic_signs,0.8532227277755737,1593.8037109375,1555.262939453125,1621.0977783203125,1604.1690673828125,1607.4507446289062,1579.7160034179688,27.2940673828125,48.9061279296875
IMG_0045.mp4,102,3.4,30.0,28,1,traffic_lights,0.7895607948303223,2527.841064453125,1345.1468505859375,2588.80615234375,1407.115966796875,2558.3236083984375,1376.1314086914062,60.965087890625,61.9691162109375
IMG_0045.mp4,102,3.4,30.0,47,0,auth_label,0.727345883846283,321.5892639160156,1270.1326904296875,515.8242797851562,1682.23046875,418.70677185058594,1476.1815795898438,194.23501586914062,412.0977783203125
IMG_0045.mp4,102,3.4,30.0,49,1,traffic_lights,0.8447991609573364,1944.74658203125,938.9022827148438,2093.853759765625,1186.864013671875,2019.3001708984375,1062.8831481933594,149.107177734375,247.96173095703125
IMG_0045.mp4,102,3.4,30.0,48,2,traffic_signs,0.43856585025787354,692.8837890625,1424.531982421875,718.4149169921875,1471.6016845703125,705.6493530273438,1448.0668334960938,25.5311279296875,47.0697021484375
IMG_0045.mp4,102,3.4,30.0,6,1,traffic_lights,0.3748392164707184,1658.083984375,953.4970703125,1756.3623046875,1185.6536865234375,1707.22314453125,1069.5753784179688,98.2783203125,232.1566162109375
IMG_0045.mp4,102,3.4,30.0,1,1,traffic_lights,0.4872133135795593,1783.1466064453125,764.6238403320312,1909.396484375,1178.5316162109375,1846.2715454101562,971.5777282714844,126.2498779296875,413.90777587890625
IMG_0045.mp4,103,3.433333333333333,30.0,7,2,traffic_signs,0.8259186744689941,1290.830078125,1524.5281982421875,1316.12939453125,1569.33154296875,1303.479736328125,1546.9298706054688,25.29931640625,44.8033447265625
IMG_0045.mp4,103,3.433333333333333,30.0,3,2,traffic_signs,0.9103432297706604,1990.1234130859375,1551.4691162109375,2128.6708984375,1706.3048095703125,2059.3971557617188,1628.886962890625,138.5474853515625,154.835693359375
IMG_0045.mp4,103,3.433333333333333,30.0,16,2,traffic_signs,0.7381781935691833,1335.659423828125,1474.4857177734375,1355.5263671875,1517.690673828125,1345.5928955078125,1496.0881958007812,19.866943359375,43.2049560546875
IMG_0045.mp4,103,3.433333333333333,30.0,8,2,traffic_signs,0.8554348349571228,1593.2791748046875,1551.43798828125,1620.1522216796875,1600.14599609375,1606.7156982421875,1575.7919921875,26.873046875,48.7080078125
IMG_0045.mp4,103,3.433333333333333,30.0,28,1,traffic_lights,0.7210965156555176,2528.88671875,1342.0433349609375,2588.235107421875,1403.203125,2558.5609130859375,1372.6232299804688,59.348388671875,61.1597900390625
IMG_0045.mp4,103,3.433333333333333,30.0,47,0,auth_label,0.6674028038978577,321.0472412109375,1267.85546875,513.5120849609375,1675.6846923828125,417.2796630859375,1471.7700805664062,192.46484375,407.8292236328125
IMG_0045.mp4,103,3.433333333333333,30.0,49,1,traffic_lights,0.8220477104187012,1942.3951416015625,933.9945678710938,2091.599365234375,1182.6549072265625,2016.9972534179688,1058.3247375488281,149.2042236328125,248.66033935546875
IMG_0045.mp4,103,3.433333333333333,30.0,48,2,traffic_signs,0.681708812713623,692.1675415039062,1422.0400390625,717.869873046875,1471.59375,705.0187072753906,1446.81689453125,25.70233154296875,49.5537109375
IMG_0045.mp4,103,3.433333333333333,30.0,6,1,traffic_lights,0.41159579157829285,1653.99951171875,950.8924560546875,1753.2811279296875,1178.97216796875,1703.6403198242188,1064.9323120117188,99.2816162109375,228.0797119140625
IMG_0045.mp4,103,3.433333333333333,30.0,1,1,traffic_lights,0.49460262060165405,1779.10546875,772.0597534179688,1906.3248291015625,1175.3994140625,1842.7151489257812,973.7295837402344,127.2193603515625,403.33966064453125
IMG_0045.mp4,104,3.466666666666667,30.0,7,2,traffic_signs,0.8512167930603027,1288.235107421875,1527.0733642578125,1313.29052734375,1572.00830078125,1300.7628173828125,1549.5408325195312,25.055419921875,44.9349365234375
IMG_0045.mp4,104,3.466666666666667,30.0,3,2,traffic_signs,0.9079048037528992,1986.835205078125,1553.6895751953125,2126.29638671875,1708.754150390625,2056.5657958984375,1631.2218627929688,139.461181640625,155.0645751953125
IMG_0045.mp4,104,3.466666666666667,30.0,16,2,traffic_signs,0.3512183725833893,1332.5635986328125,1476.7169189453125,1353.038330078125,1521.626953125,1342.8009643554688,1499.1719360351562,20.4747314453125,44.9100341796875
IMG_0045.mp4,104,3.466666666666667,30.0,8,2,traffic_signs,0.8286188840866089,1591.737060546875,1554.7236328125,1618.248291015625,1603.1363525390625,1604.99267578125,1578.9299926757812,26.51123046875,48.4127197265625
IMG_0045.mp4,104,3.466666666666667,30.0,28,1,traffic_lights,0.8302183151245117,2527.57373046875,1344.9140625,2587.92724609375,1406.001220703125,2557.75048828125,1375.4576416015625,60.353515625,61.087158203125
IMG_0045.mp4,104,3.466666666666667,30.0,47,0,auth_label,0.3320695459842682,313.33349609375,1268.9364013671875,508.07696533203125,1684.826416015625,410.7052307128906,1476.8814086914062,194.74346923828125,415.8900146484375
IMG_0045.mp4,104,3.466666666666667,30.0,49,1,traffic_lights,0.7166153788566589,1938.531005859375,930.1036376953125,2089.216552734375,1181.7568359375,2013.873779296875,1055.9302368164062,150.685546875,251.6531982421875
IMG_0045.mp4,104,3.466666666666667,30.0,48,2,traffic_signs,0.7386223077774048,685.5975952148438,1421.180908203125,713.5055541992188,1480.3153076171875,699.5515747070312,1450.7481079101562,27.907958984375,59.1343994140625
IMG_0045.mp4,104,3.466666666666667,30.0,6,1,traffic_lights,0.6153675317764282,1649.3287353515625,944.1184692382812,1755.2490234375,1178.36376953125,1702.2888793945312,1061.2411193847656,105.9202880859375,234.24530029296875
IMG_0045.mp4,104,3.466666666666667,30.0,1,1,traffic_lights,0.5584955215454102,1776.10888671875,776.345458984375,1903.125,1171.5814208984375,1839.616943359375,973.9634399414062,127.01611328125,395.2359619140625
IMG_0045.mp4,105,3.5,30.0,7,2,traffic_signs,0.8560501337051392,1287.1197509765625,1527.2242431640625,1312.211181640625,1573.636962890625,1299.6654663085938,1550.4306030273438,25.0914306640625,46.4127197265625
IMG_0045.mp4,105,3.5,30.0,3,2,traffic_signs,0.9170355200767517,1984.8592529296875,1553.5948486328125,2123.6884765625,1709.27294921875,2054.2738647460938,1631.4338989257812,138.8292236328125,155.6781005859375
IMG_0045.mp4,105,3.5,30.0,16,2,traffic_signs,0.6896119117736816,1330.49853515625,1477.780029296875,1351.717041015625,1526.1934814453125,1341.1077880859375,1501.9867553710938,21.218505859375,48.4134521484375
IMG_0045.mp4,105,3.5,30.0,8,2,traffic_signs,0.8185452222824097,1590.1202392578125,1555.6217041015625,1617.2518310546875,1605.1163330078125,1603.68603515625,1580.3690185546875,27.131591796875,49.49462890625
IMG_0045.mp4,105,3.5,30.0,28,1,traffic_lights,0.7724537253379822,2525.674560546875,1346.197021484375,2583.783203125,1407.07470703125,2554.7288818359375,1376.6358642578125,58.108642578125,60.877685546875
IMG_0045.mp4,105,3.5,30.0,47,0,auth_label,0.43939539790153503,309.1943359375,1277.0263671875,508.61273193359375,1684.1253662109375,408.9035339355469,1480.5758666992188,199.41839599609375,407.0989990234375
IMG_0045.mp4,105,3.5,30.0,49,1,traffic_lights,0.7033833861351013,1934.4661865234375,929.1246948242188,2086.003662109375,1180.6640625,2010.2349243164062,1054.8943786621094,151.5374755859375,251.53936767578125
IMG_0045.mp4,105,3.5,30.0,48,2,traffic_signs,0.7038491368293762,682.1801147460938,1421.1444091796875,711.821533203125,1484.05615234375,697.0008239746094,1452.6002807617188,29.64141845703125,62.9117431640625
IMG_0045.mp4,105,3.5,30.0,1,1,traffic_lights,0.7877413630485535,1768.7313232421875,777.2345581054688,1899.1890869140625,1179.8782958984375,1833.960205078125,978.5564270019531,130.457763671875,402.64373779296875
IMG_0045.mp4,105,3.5,30.0,11,1,traffic_lights,0.3857171833515167,476.1775817871094,989.0549926757812,526.7869262695312,1106.19482421875,501.4822540283203,1047.6249084472656,50.609344482421875,117.13983154296875
IMG_0045.mp4,106,3.533333333333333,30.0,7,2,traffic_signs,0.8341377377510071,1285.8043212890625,1524.5986328125,1311.4974365234375,1571.688720703125,1298.65087890625,1548.1436767578125,25.693115234375,47.090087890625
IMG_0045.mp4,106,3.533333333333333,30.0,3,2,traffic_signs,0.9179317951202393,1982.188232421875,1550.6182861328125,2120.5927734375,1706.171142578125,2051.3905029296875,1628.3947143554688,138.404541015625,155.5528564453125
IMG_0045.mp4,106,3.533333333333333,30.0,16,2,traffic_signs,0.695919394493103,1328.7257080078125,1475.8846435546875,1350.0035400390625,1525.2193603515625,1339.3646240234375,1500.552001953125,21.27783203125,49.334716796875
IMG_0045.mp4,106,3.533333333333333,30.0,8,2,traffic_signs,0.8365808725357056,1588.4581298828125,1553.020751953125,1616.0673828125,1602.1207275390625,1602.2627563476562,1577.5707397460938,27.6092529296875,49.0999755859375
IMG_0045.mp4,106,3.533333333333333,30.0,28,1,traffic_lights,0.6939647197723389,2525.995849609375,1345.479736328125,2581.18017578125,1405.8363037109375,2553.5880126953125,1375.6580200195312,55.184326171875,60.3565673828125
IMG_0045.mp4,106,3.533333333333333,30.0,49,1,traffic_lights,0.44949066638946533,1930.2303466796875,926.18701171875,2081.698486328125,1179.111083984375,2005.9644165039062,1052.6490478515625,151.4681396484375,252.924072265625
IMG_0045.mp4,106,3.533333333333333,30.0,48,2,traffic_signs,0.4372912049293518,682.4276123046875,1419.1844482421875,710.1629028320312,1478.8819580078125,696.2952575683594,1449.033203125,27.73529052734375,59.697509765625
IMG_0045.mp4,107,3.566666666666667,30.0,7,2,traffic_signs,0.5167436003684998,1284.0279541015625,1524.5457763671875,1309.8721923828125,1571.966064453125,1296.9500732421875,1548.2559204101562,25.84423828125,47.4202880859375
IMG_0045.mp4,107,3.566666666666667,30.0,3,2,traffic_signs,0.914739727973938,1980.4515380859375,1549.5596923828125,2117.919677734375,1705.7650146484375,2049.1856079101562,1627.662353515625,137.4681396484375,156.205322265625
IMG_0045.mp4,107,3.566666666666667,30.0,16,2,traffic_signs,0.7835438847541809,1325.9697265625,1475.00732421875,1348.3040771484375,1525.7689208984375,1337.1369018554688,1500.3881225585938,22.3343505859375,50.7615966796875
IMG_0045.mp4,107,3.566666666666667,30.0,8,2,traffic_signs,0.8257588148117065,1586.8807373046875,1551.99365234375,1614.4715576171875,1601.30615234375,1600.6761474609375,1576.64990234375,27.5908203125,49.3125
IMG_0045.mp4,107,3.566666666666667,30.0,28,1,traffic_lights,0.6555860638618469,2527.9755859375,1343.75,2581.80859375,1404.8914794921875,2554.89208984375,1374.3207397460938,53.8330078125,61.1414794921875
IMG_0045.mp4,107,3.566666666666667,30.0,1,1,traffic_lights,0.35385435819625854,1762.2396240234375,771.462158203125,1891.412841796875,1166.9256591796875,1826.8262329101562,969.1939086914062,129.1732177734375,395.4635009765625
IMG_0045.mp4,108,3.6,30.0,7,2,traffic_signs,0.8412755131721497,1281.48779296875,1525.0556640625,1307.1090087890625,1572.59130859375,1294.2984008789062,1548.823486328125,25.6212158203125,47.53564453125
IMG_0045.mp4,108,3.6,30.0,3,2,traffic_signs,0.9162335395812988,1977.6209716796875,1549.5499267578125,2113.940673828125,1706.5611572265625,2045.7808227539062,1628.0555419921875,136.3197021484375,157.01123046875
IMG_0045.mp4,108,3.6,30.0,16,2,traffic_signs,0.7915151119232178,1323.561279296875,1475.3265380859375,1346.59716796875,1527.165771484375,1335.0792236328125,1501.2461547851562,23.035888671875,51.8392333984375
IMG_0045.mp4,108,3.6,30.0,8,2,traffic_signs,0.8472440242767334,1585.1783447265625,1552.8328857421875,1612.5753173828125,1601.3994140625,1598.8768310546875,1577.1161499023438,27.39697265625,48.5665283203125
IMG_0045.mp4,108,3.6,30.0,28,1,traffic_lights,0.46973854303359985,2530.400146484375,1343.624755859375,2581.288818359375,1406.7215576171875,2555.844482421875,1375.1731567382812,50.888671875,63.0968017578125
IMG_0045.mp4,108,3.6,30.0,1,1,traffic_lights,0.5606149435043335,1758.520751953125,766.8079833984375,1886.7091064453125,1160.0657958984375,1822.6149291992188,963.4368896484375,128.1883544921875,393.2578125
IMG_0045.mp4,108,3.6,30.0,49,1,traffic_lights,0.2742418348789215,1924.2508544921875,918.8607177734375,2072.464599609375,1172.5318603515625,1998.3577270507812,1045.6962890625,148.2137451171875,253.671142578125
IMG_0045.mp4,108,3.6,30.0,48,2,traffic_signs,0.29909810423851013,676.7713012695312,1418.897705078125,703.4520263671875,1478.6510009765625,690.1116638183594,1448.7743530273438,26.68072509765625,59.7532958984375
IMG_0045.mp4,109,3.6333333333333333,30.0,7,2,traffic_signs,0.8395940065383911,1277.9605712890625,1525.1334228515625,1303.3931884765625,1573.175048828125,1290.6768798828125,1549.1542358398438,25.4326171875,48.0416259765625
IMG_0045.mp4,109,3.6333333333333333,30.0,3,2,traffic_signs,0.9294573068618774,1972.6026611328125,1549.9024658203125,2110.638916015625,1706.9830322265625,2041.6207885742188,1628.4427490234375,138.0362548828125,157.08056640625
IMG_0045.mp4,109,3.6333333333333333,30.0,16,2,traffic_signs,0.7436188459396362,1321.216552734375,1475.1876220703125,1344.439697265625,1527.1322021484375,1332.828125,1501.159912109375,23.22314453125,51.944580078125
IMG_0045.mp4,109,3.6333333333333333,30.0,8,2,traffic_signs,0.8472689390182495,1581.6427001953125,1553.7545166015625,1610.0135498046875,1601.7515869140625,1595.828125,1577.7530517578125,28.370849609375,47.9970703125
IMG_0045.mp4,109,3.6333333333333333,30.0,28,1,traffic_lights,0.6302794814109802,2529.339599609375,1342.40478515625,2580.9775390625,1405.85302734375,2555.1585693359375,1374.12890625,51.637939453125,63.4482421875
IMG_0045.mp4,109,3.6333333333333333,30.0,1,1,traffic_lights,0.5206875801086426,1754.06689453125,762.9061279296875,1881.36279296875,1149.525634765625,1817.71484375,956.2158813476562,127.2958984375,386.6195068359375
IMG_0045.mp4,109,3.6333333333333333,30.0,49,1,traffic_lights,0.7558218240737915,1918.467041015625,916.4207153320312,2067.08740234375,1172.777587890625,1992.7772216796875,1044.5991516113281,148.620361328125,256.35687255859375
IMG_0045.mp4,109,3.6333333333333333,30.0,6,1,traffic_lights,0.49289873242378235,1622.7210693359375,924.1668090820312,1740.1142578125,1173.8028564453125,1681.4176635742188,1048.9848327636719,117.3931884765625,249.63604736328125
IMG_0045.mp4,109,3.6333333333333333,30.0,47,0,auth_label,0.3302557170391083,292.41937255859375,1265.1883544921875,494.15936279296875,1675.8660888671875,393.28936767578125,1470.5272216796875,201.739990234375,410.677734375
IMG_0045.mp4,110,3.6666666666666665,30.0,7,2,traffic_signs,0.8501641750335693,1275.7010498046875,1524.4691162109375,1301.1639404296875,1573.6265869140625,1288.4324951171875,1549.0478515625,25.462890625,49.157470703125
IMG_0045.mp4,110,3.6666666666666665,30.0,3,2,traffic_signs,0.8213210105895996,1966.7568359375,1549.155517578125,2107.84619140625,1706.4351806640625,2037.301513671875,1627.7953491210938,141.08935546875,157.2796630859375
IMG_0045.mp4,110,3.6666666666666665,30.0,16,2,traffic_signs,0.6246715188026428,1319.082275390625,1475.7672119140625,1342.29248046875,1526.2327880859375,1330.6873779296875,1501.0,23.210205078125,50.465576171875
IMG_0045.mp4,110,3.6666666666666665,30.0,8,2,traffic_signs,0.8591964244842529,1579.2879638671875,1553.4239501953125,1608.4317626953125,1601.7384033203125,1593.85986328125,1577.5811767578125,29.143798828125,48.314453125
IMG_0045.mp4,110,3.6666666666666665,30.0,28,1,traffic_lights,0.6937643885612488,2525.59228515625,1342.3232421875,2578.9267578125,1405.380859375,2552.259521484375,1373.85205078125,53.33447265625,63.0576171875
IMG_0045.mp4,110,3.6666666666666665,30.0,1,1,traffic_lights,0.6400131583213806,1747.592041015625,749.6143798828125,1877.0086669921875,1142.5333251953125,1812.3003540039062,946.0738525390625,129.4166259765625,392.9189453125
IMG_0045.mp4,110,3.6666666666666665,30.0,49,1,traffic_lights,0.5489627718925476,1910.9056396484375,914.8179931640625,2060.64599609375,1173.3560791015625,1985.7758178710938,1044.0870361328125,149.7403564453125,258.5380859375
IMG_0045.mp4,110,3.6666666666666665,30.0,6,1,traffic_lights,0.261311411857605,1617.381103515625,921.2159423828125,1729.028076171875,1171.6107177734375,1673.20458984375,1046.413330078125,111.64697265625,250.394775390625
IMG_0045.mp4,110,3.6666666666666665,30.0,48,2,traffic_signs,0.2670736014842987,670.2431640625,1419.238525390625,695.5021362304688,1472.523193359375,682.8726501464844,1445.880859375,25.25897216796875,53.28466796875
IMG_0045.mp4,111,3.7,30.0,7,2,traffic_signs,0.8476574420928955,1273.7169189453125,1524.210693359375,1299.0909423828125,1573.5655517578125,1286.4039306640625,1548.8881225585938,25.3740234375,49.3548583984375
IMG_0045.mp4,111,3.7,30.0,3,2,traffic_signs,0.9248028993606567,1961.4013671875,1548.210693359375,2104.606689453125,1706.7371826171875,2033.0040283203125,1627.4739379882812,143.205322265625,158.5264892578125
IMG_0045.mp4,111,3.7,30.0,16,2,traffic_signs,0.6919673681259155,1317.8626708984375,1475.465576171875,1340.135986328125,1523.76123046875,1328.9993286132812,1499.6134033203125,22.2733154296875,48.295654296875
IMG_0045.mp4,111,3.7,30.0,8,2,traffic_signs,0.8622118830680847,1577.9617919921875,1553.369140625,1606.337646484375,1601.6142578125,1592.1497192382812,1577.49169921875,28.3758544921875,48.2451171875
IMG_0045.mp4,111,3.7,30.0,28,1,traffic_lights,0.7153393626213074,2525.52392578125,1342.15478515625,2578.1298828125,1404.7005615234375,2551.826904296875,1373.4276733398438,52.60595703125,62.5457763671875
IMG_0045.mp4,111,3.7,30.0,1,1,traffic_lights,0.7201782464981079,1742.7923583984375,753.60400390625,1871.701171875,1143.182861328125,1807.2467651367188,948.3934326171875,128.9088134765625,389.578857421875
IMG_0045.mp4,111,3.7,30.0,49,1,traffic_lights,0.7485029697418213,1905.9876708984375,911.9959106445312,2056.4931640625,1171.4813232421875,1981.2404174804688,1041.7386169433594,150.5054931640625,259.48541259765625
IMG_0045.mp4,111,3.7,30.0,48,2,traffic_signs,0.3663657605648041,667.7505493164062,1419.9423828125,692.4039306640625,1474.7958984375,680.0772399902344,1447.369140625,24.65338134765625,54.853515625
IMG_0045.mp4,112,3.7333333333333334,30.0,7,2,traffic_signs,0.8344272971153259,1271.667724609375,1525.557373046875,1296.5364990234375,1573.4609375,1284.1021118164062,1549.5091552734375,24.8687744140625,47.903564453125
IMG_0045.mp4,112,3.7333333333333334,30.0,3,2,traffic_signs,0.922928512096405,1956.2877197265625,1546.69873046875,2100.317626953125,1707.41162109375,2028.3026733398438,1627.05517578125,144.0299072265625,160.712890625
IMG_0045.mp4,112,3.7333333333333334,30.0,16,2,traffic_signs,0.6252260804176331,1316.3670654296875,1475.0711669921875,1337.71533203125,1521.9442138671875,1327.0411987304688,1498.5076904296875,21.3482666015625,46.873046875
IMG_0045.mp4,112,3.7333333333333334,30.0,8,2,traffic_signs,0.8612161874771118,1575.9051513671875,1553.76171875,1603.6280517578125,1601.1734619140625,1589.7666015625,1577.4675903320312,27.722900390625,47.4117431640625
IMG_0045.mp4,112,3.7333333333333334,30.0,28,1,traffic_lights,0.48583412170410156,2522.580078125,1344.6910400390625,2574.2509765625,1404.5694580078125,2548.41552734375,1374.6302490234375,51.6708984375,59.87841796875
IMG_0045.mp4,112,3.7333333333333334,30.0,1,1,traffic_lights,0.725186824798584,1732.50634765625,750.11083984375,1864.41259765625,1133.7286376953125,1798.45947265625,941.9197387695312,131.90625,383.6177978515625
IMG_0045.mp4,112,3.7333333333333334,30.0,49,1,traffic_lights,0.7340211868286133,1899.2052001953125,910.114013671875,2052.015380859375,1168.6669921875,1975.6102905273438,1039.3905029296875,152.8101806640625,258.552978515625
IMG_0045.mp4,112,3.7333333333333334,30.0,6,1,traffic_lights,0.6797176599502563,1602.1614990234375,921.6629028320312,1707.7099609375,1163.7476806640625,1654.9357299804688,1042.7052917480469,105.5484619140625,242.08477783203125
IMG_0045.mp4,113,3.7666666666666666,30.0,7,2,traffic_signs,0.8655011653900146,1267.22412109375,1525.033935546875,1293.1923828125,1573.2894287109375,1280.208251953125,1549.1616821289062,25.96826171875,48.2554931640625
IMG_0045.mp4,113,3.7666666666666666,30.0,3,2,traffic_signs,0.9149531722068787,1951.0789794921875,1546.558837890625,2095.755615234375,1708.5390625,2023.4172973632812,1627.5489501953125,144.6766357421875,161.980224609375
IMG_0045.mp4,113,3.7666666666666666,30.0,16,2,traffic_signs,0.6409451365470886,1314.272705078125,1475.813232421875,1334.204833984375,1521.2628173828125,1324.23876953125,1498.5380249023438,19.93212890625,45.4495849609375
IMG_0045.mp4,113,3.7666666666666666,30.0,8,2,traffic_signs,0.8577483296394348,1573.2093505859375,1554.1846923828125,1600.633544921875,1602.1591796875,1586.9214477539062,1578.1719360351562,27.4241943359375,47.9744873046875
IMG_0045.mp4,113,3.7666666666666666,30.0,28,1,traffic_lights,0.5192680358886719,2530.753173828125,1347.0994873046875,2572.9326171875,1403.904541015625,2551.8428955078125,1375.5020141601562,42.179443359375,56.8050537109375
IMG_0045.mp4,113,3.7666666666666666,30.0,1,1,traffic_lights,0.7888879776000977,1720.95654296875,740.5390014648438,1856.93798828125,1144.322021484375,1788.947265625,942.4305114746094,135.9814453125,403.78302001953125
IMG_0045.mp4,113,3.7666666666666666,30.0,49,1,traffic_lights,0.7760967016220093,1894.847412109375,906.2206420898438,2047.4400634765625,1165.793212890625,1971.1437377929688,1036.0069274902344,152.5926513671875,259.57257080078125
IMG_0045.mp4,113,3.7666666666666666,30.0,6,1,traffic_lights,0.5914855599403381,1594.2110595703125,916.080322265625,1699.9752197265625,1164.6470947265625,1647.0931396484375,1040.3637084960938,105.76416015625,248.5667724609375
IMG_0045.mp4,113,3.7666666666666666,30.0,47,0,auth_label,0.42588096857070923,263.3858337402344,1262.8221435546875,479.94940185546875,1676.7947998046875,371.66761779785156,1469.8084716796875,216.56356811523438,413.97265625
IMG_0045.mp4,114,3.8,30.0,7,2,traffic_signs,0.8718097805976868,1263.4373779296875,1524.2283935546875,1289.965576171875,1572.802001953125,1276.7014770507812,1548.5151977539062,26.5281982421875,48.5736083984375
IMG_0045.mp4,114,3.8,30.0,3,2,traffic_signs,0.9017584323883057,1945.8193359375,1546.458740234375,2090.546630859375,1708.88427734375,2018.1829833984375,1627.6715087890625,144.727294921875,162.425537109375
IMG_0045.mp4,114,3.8,30.0,8,2,traffic_signs,0.8512919545173645,1569.9315185546875,1554.4727783203125,1597.57568359375,1602.3253173828125,1583.7536010742188,1578.3990478515625,27.6441650390625,47.8525390625
IMG_0045.mp4,114,3.8,30.0,28,1,traffic_lights,0.5046042203903198,2535.97314453125,1348.1702880859375,2572.41943359375,1403.318359375,2554.1962890625,1375.7443237304688,36.4462890625,55.1480712890625
IMG_0045.mp4,114,3.8,30.0,1,1,traffic_lights,0.8532902598381042,1713.9022216796875,739.1793212890625,1850.091796875,1147.2611083984375,1781.9970092773438,943.22021484375,136.1895751953125,408.081787109375
IMG_0045.mp4,114,3.8,30.0,49,1,traffic_lights,0.7731159925460815,1886.4815673828125,900.2317504882812,2042.920654296875,1162.6661376953125,1964.7011108398438,1031.4489440917969,156.4390869140625,262.43438720703125
IMG_0045.mp4,114,3.8,30.0,6,1,traffic_lights,0.6839839816093445,1585.7325439453125,911.1585083007812,1693.6353759765625,1160.7393798828125,1639.6839599609375,1035.9489440917969,107.90283203125,249.58087158203125
IMG_0045.mp4,115,3.8333333333333335,30.0,7,2,traffic_signs,0.8565248250961304,1260.9224853515625,1523.2034912109375,1287.4747314453125,1571.7501220703125,1274.1986083984375,1547.476806640625,26.55224609375,48.546630859375
IMG_0045.mp4,115,3.8333333333333335,30.0,3,2,traffic_signs,0.8926717638969421,1940.2386474609375,1544.70654296875,2085.494140625,1706.62744140625,2012.8663940429688,1625.6669921875,145.2554931640625,161.9208984375
IMG_0045.mp4,115,3.8333333333333335,30.0,8,2,traffic_signs,0.8561636805534363,1567.806640625,1553.157958984375,1595.2757568359375,1601.0775146484375,1581.5411987304688,1577.1177368164062,27.4691162109375,47.9195556640625
IMG_0045.mp4,115,3.8333333333333335,30.0,1,1,traffic_lights,0.7664037346839905,1707.6282958984375,732.1785888671875,1843.4141845703125,1142.6314697265625,1775.521240234375,937.405029296875,135.785888671875,410.452880859375
IMG_0045.mp4,115,3.8333333333333335,30.0,49,1,traffic_lights,0.5371556878089905,1878.6513671875,894.429443359375,2035.4093017578125,1160.971435546875,1957.0303344726562,1027.700439453125,156.7579345703125,266.5419921875
IMG_0045.mp4,115,3.8333333333333335,30.0,6,1,traffic_lights,0.39677509665489197,1577.9014892578125,908.3560791015625,1680.4083251953125,1158.61474609375,1629.1549072265625,1033.4854125976562,102.5068359375,250.2586669921875
IMG_0045.mp4,116,3.8666666666666667,30.0,7,2,traffic_signs,0.8354409337043762,1257.1053466796875,1522.384765625,1284.56201171875,1571.90625,1270.8336791992188,1547.1455078125,27.4566650390625,49.521484375
IMG_0045.mp4,116,3.8666666666666667,30.0,3,2,traffic_signs,0.8990117907524109,1935.314697265625,1543.998291015625,2079.92041015625,1705.51171875,2007.6175537109375,1624.7550048828125,144.605712890625,161.513427734375
IMG_0045.mp4,116,3.8666666666666667,30.0,8,2,traffic_signs,0.8560957312583923,1565.9273681640625,1552.913330078125,1592.621826171875,1600.96240234375,1579.2745971679688,1576.9378662109375,26.6944580078125,48.049072265625
IMG_0045.mp4,116,3.8666666666666667,30.0,1,1,traffic_lights,0.6691039204597473,1700.9708251953125,727.966064453125,1836.327392578125,1140.67822265625,1768.6491088867188,934.3221435546875,135.3565673828125,412.712158203125
IMG_0045.mp4,116,3.8666666666666667,30.0,49,1,traffic_lights,0.6930549740791321,1872.47216796875,890.7498168945312,2029.7423095703125,1160.194580078125,1951.1072387695312,1025.4721984863281,157.2701416015625,269.44476318359375
IMG_0045.mp4,116,3.8666666666666667,30.0,6,1,traffic_lights,0.3474518060684204,1570.606689453125,903.9207763671875,1679.591796875,1159.8212890625,1625.0992431640625,1031.8710327148438,108.985107421875,255.9005126953125
IMG_0045.mp4,116,3.8666666666666667,30.0,48,2,traffic_signs,0.6352701783180237,646.7182006835938,1418.6669921875,672.4645385742188,1472.6767578125,659.5913696289062,1445.671875,25.746337890625,54.009765625
IMG_0045.mp4,116,3.8666666666666667,30.0,28,1,traffic_lights,0.30419203639030457,2532.42236328125,1347.0052490234375,2569.944580078125,1402.7763671875,2551.1834716796875,1374.8908081054688,37.522216796875,55.7711181640625
IMG_0045.mp4,117,3.9,30.0,7,2,traffic_signs,0.8710640668869019,1252.01171875,1521.64501953125,1279.9910888671875,1572.5948486328125,1266.0014038085938,1547.1199340820312,27.9793701171875,50.9498291015625
IMG_0045.mp4,117,3.9,30.0,3,2,traffic_signs,0.9114263653755188,1930.9388427734375,1544.41015625,2075.4453125,1706.8883056640625,2003.1920776367188,1625.6492309570312,144.5064697265625,162.4781494140625
IMG_0045.mp4,117,3.9,30.0,8,2,traffic_signs,0.8587102293968201,1561.9122314453125,1553.65087890625,1589.0048828125,1602.2725830078125,1575.4585571289062,1577.9617309570312,27.0926513671875,48.6217041015625
IMG_0045.mp4,117,3.9,30.0,1,1,traffic_lights,0.5443457365036011,1691.0751953125,720.53466796875,1829.0648193359375,1138.426025390625,1760.0700073242188,929.4803466796875,137.9896240234375,417.891357421875
IMG_0045.mp4,117,3.9,30.0,49,1,traffic_lights,0.8215212821960449,1864.4930419921875,886.9373168945312,2023.3155517578125,1160.3760986328125,1943.904296875,1023.6567077636719,158.822509765625,273.43878173828125
IMG_0045.mp4,117,3.9,30.0,48,2,traffic_signs,0.6850112676620483,639.7901611328125,1418.130615234375,665.6331176757812,1480.80322265625,652.7116394042969,1449.4669189453125,25.84295654296875,62.672607421875
IMG_0045.mp4,118,3.933333333333333,30.0,7,2,traffic_signs,0.8750104308128357,1248.3734130859375,1520.0125732421875,1277.1021728515625,1571.26416015625,1262.73779296875,1545.6383666992188,28.728759765625,51.2515869140625
IMG_0045.mp4,118,3.933333333333333,30.0,3,2,traffic_signs,0.9080581665039062,1925.318115234375,1544.3326416015625,2069.52001953125,1706.2398681640625,1997.4190673828125,1625.2862548828125,144.201904296875,161.9072265625
IMG_0045.mp4,118,3.933333333333333,30.0,8,2,traffic_signs,0.8541518449783325,1558.6142578125,1553.077880859375,1585.899658203125,1601.3487548828125,1572.2569580078125,1577.2133178710938,27.285400390625,48.2708740234375
IMG_0045.mp4,118,3.933333333333333,30.0,49,1,traffic_lights,0.8796159625053406,1856.8585205078125,881.2669067382812,2017.044677734375,1156.3060302734375,1936.9515991210938,1018.7864685058594,160.1861572265625,275.03912353515625
IMG_0045.mp4,118,3.933333333333333,30.0,48,2,traffic_signs,0.6422885060310364,635.0986328125,1417.483642578125,661.2560424804688,1481.3255615234375,648.1773376464844,1449.4046020507812,26.15740966796875,63.8419189453125
IMG_0045.mp4,118,3.933333333333333,30.0,28,1,traffic_lights,0.5266696810722351,2507.1767578125,1348.58984375,2562.400634765625,1403.666015625,2534.7886962890625,1376.1279296875,55.223876953125,55.076171875
IMG_0045.mp4,119,3.966666666666667,30.0,7,2,traffic_signs,0.861981213092804,1242.4388427734375,1520.4879150390625,1272.1160888671875,1571.9908447265625,1257.2774658203125,1546.2393798828125,29.67724609375,51.5029296875
IMG_0045.mp4,119,3.966666666666667,30.0,3,2,traffic_signs,0.9172050356864929,1918.19140625,1545.065185546875,2063.730224609375,1706.8507080078125,1990.9608154296875,1625.9579467773438,145.538818359375,161.7855224609375
IMG_0045.mp4,119,3.966666666666667,30.0,8,2,traffic_signs,0.859792172908783,1555.0111083984375,1553.9683837890625,1582.4698486328125,1601.6414794921875,1568.740478515625,1577.804931640625,27.458740234375,47.673095703125
IMG_0045.mp4,119,3.966666666666667,30.0,49,1,traffic_lights,0.8541420698165894,1849.6126708984375,876.3552856445312,2010.089111328125,1153.4998779296875,1929.8508911132812,1014.9275817871094,160.4764404296875,277.14459228515625
IMG_0045.mp4,119,3.966666666666667,30.0,48,2,traffic_signs,0.25377267599105835,626.2012329101562,1416.3487548828125,655.28271484375,1479.6243896484375,640.7419738769531,1447.986572265625,29.08148193359375,63.275634765625
IMG_0045.mp4,119,3.966666666666667,30.0,28,1,traffic_lights,0.5268265604972839,2500.46142578125,1358.2452392578125,2550.999267578125,1403.7535400390625,2525.7303466796875,1380.9993896484375,50.537841796875,45.50830078125
IMG_0045.mp4,119,3.966666666666667,30.0,1,1,traffic_lights,0.46209031343460083,1666.74853515625,701.6373291015625,1810.66552734375,1138.502197265625,1738.70703125,920.0697631835938,143.9169921875,436.8648681640625
IMG_0045.mp4,120,4.0,30.0,7,2,traffic_signs,0.8577006459236145,1238.1241455078125,1519.4674072265625,1269.26123046875,1571.9639892578125,1253.6926879882812,1545.7156982421875,31.1370849609375,52.49658203125
IMG_0045.mp4,120,4.0,30.0,3,2,traffic_signs,0.9067767262458801,1910.6705322265625,1543.1519775390625,2057.739013671875,1706.5289306640625,1984.2047729492188,1624.8404541015625,147.0684814453125,163.376953125
IMG_0045.mp4,120,4.0,30.0,8,2,traffic_signs,0.8590319752693176,1552.28662109375,1553.56494140625,1579.2630615234375,1600.6309814453125,1565.7748413085938,1577.0979614257812,26.9764404296875,47.0660400390625
IMG_0045.mp4,120,4.0,30.0,49,1,traffic_lights,0.7066823244094849,1839.017822265625,869.3809814453125,2003.58837890625,1152.0418701171875,1921.3031005859375,1010.71142578125,164.570556640625,282.660888671875
IMG_0045.mp4,120,4.0,30.0,48,2,traffic_signs,0.7480391263961792,622.451171875,1416.273193359375,650.1881713867188,1477.84423828125,636.3196716308594,1447.0587158203125,27.73699951171875,61.571044921875
IMG_0045.mp4,120,4.0,30.0,28,1,traffic_lights,0.3873277008533478,2499.43017578125,1357.6341552734375,2552.819580078125,1405.10205078125,2526.1248779296875,1381.3681030273438,53.389404296875,47.4678955078125
IMG_0045.mp4,121,4.033333333333333,30.0,7,2,traffic_signs,0.8669440746307373,1233.237060546875,1517.7044677734375,1265.62841796875,1572.6007080078125,1249.4327392578125,1545.152587890625,32.391357421875,54.896240234375
IMG_0045.mp4,121,4.033333333333333,30.0,3,2,traffic_signs,0.9002680778503418,1903.1796875,1541.8155517578125,2052.540283203125,1706.6434326171875,1977.8599853515625,1624.2294921875,149.360595703125,164.827880859375
IMG_0045.mp4,121,4.033333333333333,30.0,8,2,traffic_signs,0.805350124835968,1548.7623291015625,1552.8695068359375,1576.0927734375,1599.9146728515625,1562.4275512695312,1576.39208984375,27.3304443359375,47.045166015625
IMG_0045.mp4,121,4.033333333333333,30.0,49,1,traffic_lights,0.7985716462135315,1829.6678466796875,864.589599609375,1996.11181640625,1151.6419677734375,1912.8898315429688,1008.1157836914062,166.4439697265625,287.0523681640625
IMG_0045.mp4,121,4.033333333333333,30.0,48,2,traffic_signs,0.5703518986701965,617.669921875,1414.6112060546875,645.133056640625,1476.765869140625,631.4014892578125,1445.6885375976562,27.463134765625,62.1546630859375
IMG_0045.mp4,121,4.033333333333333,30.0,28,1,traffic_lights,0.36100342869758606,2499.383056640625,1355.0938720703125,2553.857421875,1405.017333984375,2526.6202392578125,1380.0556030273438,54.474365234375,49.9234619140625
IMG_0045.mp4,121,4.033333333333333,30.0,6,1,traffic_lights,0.46119290590286255,1519.58984375,874.000244140625,1638.207275390625,1146.080078125,1578.8985595703125,1010.0401611328125,118.617431640625,272.079833984375
IMG_0045.mp4,121,4.033333333333333,30.0,1,1,traffic_lights,0.5444288849830627,1651.796142578125,675.0006713867188,1793.5230712890625,1119.3670654296875,1722.6596069335938,897.1838684082031,141.7269287109375,444.36639404296875
IMG_0045.mp4,122,4.066666666666666,30.0,7,2,traffic_signs,0.8795457482337952,1228.5791015625,1517.4217529296875,1261.114990234375,1573.6650390625,1244.8470458984375,1545.5433959960938,32.535888671875,56.2432861328125
IMG_0045.mp4,122,4.066666666666666,30.0,3,2,traffic_signs,0.8899372220039368,1894.2547607421875,1540.85693359375,2045.286865234375,1706.9569091796875,1969.7708129882812,1623.9069213867188,151.0321044921875,166.0999755859375
IMG_0045.mp4,122,4.066666666666666,30.0,8,2,traffic_signs,0.8436874747276306,1544.36083984375,1552.7064208984375,1572.2835693359375,1601.6873779296875,1558.3222045898438,1577.1968994140625,27.9227294921875,48.98095703125
IMG_0045.mp4,122,4.066666666666666,30.0,49,1,traffic_lights,0.5697586536407471,1818.308349609375,858.9400024414062,1985.2515869140625,1147.63037109375,1901.7799682617188,1003.2851867675781,166.9432373046875,288.69036865234375
IMG_0045.mp4,122,4.066666666666666,30.0,28,1,traffic_lights,0.4307645857334137,2491.591552734375,1359.606201171875,2546.119873046875,1404.539794921875,2518.855712890625,1382.072998046875,54.5283203125,44.93359375
IMG_0045.mp4,122,4.066666666666666,30.0,6,1,traffic_lights,0.4340673089027405,1506.8934326171875,865.8917846679688,1630.4932861328125,1140.779052734375,1568.693359375,1003.3354187011719,123.599853515625,274.88726806640625
IMG_0045.mp4,123,4.1,30.0,7,2,traffic_signs,0.8848784565925598,1224.6729736328125,1515.08203125,1257.278076171875,1573.8265380859375,1240.9755249023438,1544.4542846679688,32.6051025390625,58.7445068359375
IMG_0045.mp4,123,4.1,30.0,3,2,traffic_signs,0.9057449698448181,1887.9984130859375,1539.0325927734375,2038.299072265625,1705.92041015625,1963.1487426757812,1622.4765014648438,150.3006591796875,166.8878173828125
IMG_0045.mp4,123,4.1,30.0,8,2,traffic_signs,0.8063231110572815,1540.310302734375,1551.691162109375,1568.400146484375,1601.8306884765625,1554.355224609375,1576.7609252929688,28.08984375,50.1395263671875
IMG_0045.mp4,123,4.1,30.0,49,1,traffic_lights,0.8130113482475281,1809.629638671875,853.25048828125,1976.837158203125,1138.9368896484375,1893.2333984375,996.0936889648438,167.20751953125,285.6864013671875
IMG_0045.mp4,123,4.1,30.0,28,1,traffic_lights,0.6247392296791077,2487.85791015625,1362.3475341796875,2543.040771484375,1402.74169921875,2515.4493408203125,1382.5446166992188,55.182861328125,40.3941650390625
IMG_0045.mp4,123,4.1,30.0,1,1,traffic_lights,0.708841860294342,1625.643310546875,676.8858642578125,1773.2398681640625,1098.5035400390625,1699.4415893554688,887.6947021484375,147.5965576171875,421.61767578125
IMG_0045.mp4,124,4.133333333333334,30.0,7,2,traffic_signs,0.8753091096878052,1221.2203369140625,1514.5780029296875,1252.770751953125,1572.493408203125,1236.9955444335938,1543.5357055664062,31.5504150390625,57.9154052734375
IMG_0045.mp4,124,4.133333333333334,30.0,3,2,traffic_signs,0.9098384976387024,1881.2694091796875,1539.6920166015625,2031.322509765625,1704.906494140625,1956.2959594726562,1622.2992553710938,150.0531005859375,165.2144775390625
IMG_0045.mp4,124,4.133333333333334,30.0,8,2,traffic_signs,0.8066849112510681,1537.0450439453125,1551.9813232421875,1565.3165283203125,1601.6663818359375,1551.1807861328125,1576.8238525390625,28.271484375,49.68505859375
IMG_0045.mp4,124,4.133333333333334,30.0,49,1,traffic_lights,0.8195357918739319,1800.0008544921875,848.2286987304688,1968.1771240234375,1132.823486328125,1884.0889892578125,990.5260925292969,168.17626953125,284.59478759765625
IMG_0045.mp4,124,4.133333333333334,30.0,28,1,traffic_lights,0.4876045286655426,2483.73876953125,1363.8868408203125,2537.1005859375,1402.14208984375,2510.419677734375,1383.0144653320312,53.36181640625,38.2552490234375
IMG_0045.mp4,124,4.133333333333334,30.0,1,1,traffic_lights,0.5301668643951416,1613.5140380859375,671.7601318359375,1761.993408203125,1093.8441162109375,1687.7537231445312,882.8021240234375,148.4793701171875,422.083984375
IMG_0045.mp4,124,4.133333333333334,30.0,48,2,traffic_signs,0.7239441871643066,596.6583251953125,1413.6639404296875,623.6177368164062,1462.103759765625,610.1380310058594,1437.8838500976562,26.95941162109375,48.4398193359375
IMG_0045.mp4,125,4.166666666666667,30.0,7,2,traffic_signs,0.881026566028595,1216.7236328125,1514.3453369140625,1247.5113525390625,1572.657958984375,1232.1174926757812,1543.5016479492188,30.7877197265625,58.3126220703125
IMG_0045.mp4,125,4.166666666666667,30.0,3,2,traffic_signs,0.9179021120071411,1872.010986328125,1539.8182373046875,2023.2449951171875,1704.6741943359375,1947.6279907226562,1622.2462158203125,151.2340087890625,164.85595703125
IMG_0045.mp4,125,4.166666666666667,30.0,8,2,traffic_signs,0.8150923848152161,1531.8096923828125,1551.742431640625,1560.8634033203125,1601.377197265625,1546.3365478515625,1576.559814453125,29.0537109375,49.634765625
IMG_0045.mp4,125,4.166666666666667,30.0,49,1,traffic_lights,0.910733699798584,1786.1058349609375,838.0411987304688,1958.9273681640625,1127.1220703125,1872.5166015625,982.5816345214844,172.821533203125,289.08087158203125
IMG_0045.mp4,125,4.166666666666667,30.0,28,1,traffic_lights,0.31459173560142517,2481.1083984375,1359.4163818359375,2536.1552734375,1402.8602294921875,2508.6318359375,1381.1383056640625,55.046875,43.44384765625
IMG_0045.mp4,125,4.166666666666667,30.0,1,1,traffic_lights,0.4292502701282501,1602.802001953125,661.6421508789062,1750.825927734375,1084.869140625,1676.81396484375,873.2556457519531,148.02392578125,423.22698974609375
IMG_0045.mp4,125,4.166666666666667,30.0,6,1,traffic_lights,0.37749025225639343,1470.3323974609375,851.9937744140625,1589.02783203125,1127.079833984375,1529.6801147460938,989.5368041992188,118.6954345703125,275.0860595703125
IMG_0045.mp4,126,4.2,30.0,7,2,traffic_signs,0.8833916187286377,1211.8614501953125,1512.5440673828125,1242.8419189453125,1571.95751953125,1227.3516845703125,1542.2507934570312,30.98046875,59.4134521484375
IMG_0045.mp4,126,4.2,30.0,3,2,traffic_signs,0.9380802512168884,1863.7125244140625,1538.1864013671875,2015.17333984375,1703.728759765625,1939.4429321289062,1620.9575805664062,151.4608154296875,165.5423583984375
IMG_0045.mp4,126,4.2,30.0,8,2,traffic_signs,0.8502148389816284,1528.1505126953125,1551.0281982421875,1555.744140625,1599.28369140625,1541.9473266601562,1575.1559448242188,27.5936279296875,48.2554931640625
IMG_0045.mp4,126,4.2,30.0,49,1,traffic_lights,0.9069077968597412,1777.3369140625,830.9510498046875,1949.6746826171875,1123.9716796875,1863.5057983398438,977.4613647460938,172.3377685546875,293.0206298828125
IMG_0045.mp4,126,4.2,30.0,1,1,traffic_lights,0.5511959195137024,1588.7218017578125,653.196533203125,1741.18505859375,1071.4554443359375,1664.9534301757812,862.3259887695312,152.4632568359375,418.2589111328125
IMG_0045.mp4,126,4.2,30.0,6,1,traffic_lights,0.2803570330142975,1455.3717041015625,849.752685546875,1574.1983642578125,1115.5064697265625,1514.7850341796875,982.6295776367188,118.82666015625,265.7537841796875
IMG_0045.mp4,127,4.233333333333333,30.0,7,2,traffic_signs,0.8506572246551514,1207.4599609375,1512.1778564453125,1238.3543701171875,1572.668212890625,1222.9071655273438,1542.4230346679688,30.8944091796875,60.4903564453125
IMG_0045.mp4,127,4.233333333333333,30.0,3,2,traffic_signs,0.9130241274833679,1852.961181640625,1536.9813232421875,2006.999755859375,1704.3197021484375,1929.98046875,1620.6505126953125,154.03857421875,167.33837890625
IMG_0045.mp4,127,4.233333333333333,30.0,8,2,traffic_signs,0.78096604347229,1524.0755615234375,1551.601806640625,1552.298095703125,1599.980712890625,1538.1868286132812,1575.791259765625,28.2225341796875,48.37890625
IMG_0045.mp4,127,4.233333333333333,30.0,49,1,traffic_lights,0.9319298267364502,1766.345703125,825.53564453125,1939.8768310546875,1121.7462158203125,1853.1112670898438,973.6409301757812,173.5311279296875,296.2105712890625
IMG_0045.mp4,127,4.233333333333333,30.0,6,1,traffic_lights,0.4260423183441162,1439.863037109375,842.2459716796875,1568.34375,1111.914306640625,1504.1033935546875,977.0801391601562,128.480712890625,269.6683349609375
IMG_0045.mp4,127,4.233333333333333,30.0,16,2,traffic_signs,0.663341224193573,1251.3802490234375,1476.9322509765625,1274.845947265625,1519.4100341796875,1263.1130981445312,1498.171142578125,23.4656982421875,42.477783203125
IMG_0045.mp4,127,4.233333333333333,30.0,28,1,traffic_lights,0.47562292218208313,2473.994140625,1359.0006103515625,2516.48681640625,1400.0999755859375,2495.240478515625,1379.55029296875,42.49267578125,41.099365234375
IMG_0045.mp4,128,4.266666666666667,30.0,7,2,traffic_signs,0.882211446762085,1202.4256591796875,1512.4595947265625,1233.9212646484375,1573.646728515625,1218.1734619140625,1543.0531616210938,31.49560546875,61.1871337890625
IMG_0045.mp4,128,4.266666666666667,30.0,3,2,traffic_signs,0.8974359035491943,1842.6622314453125,1535.8935546875,1997.9869384765625,1704.3216552734375,1920.3245849609375,1620.1076049804688,155.32470703125,168.4281005859375
IMG_0045.mp4,128,4.266666666666667,30.0,8,2,traffic_signs,0.8702274560928345,1519.7391357421875,1551.82958984375,1548.6572265625,1601.882568359375,1534.1981811523438,1576.8560791015625,28.9180908203125,50.052978515625
IMG_0045.mp4,128,4.266666666666667,30.0,49,1,traffic_lights,0.882440447807312,1757.0181884765625,819.3673706054688,1928.8201904296875,1116.0997314453125,1842.919189453125,967.7335510253906,171.802001953125,296.73236083984375
IMG_0045.mp4,128,4.266666666666667,30.0,28,1,traffic_lights,0.511949896812439,2472.19677734375,1359.4903564453125,2513.893310546875,1400.68212890625,2493.0450439453125,1380.0862426757812,41.696533203125,41.1917724609375
IMG_0045.mp4,128,4.266666666666667,30.0,48,2,traffic_signs,0.2921607196331024,568.9540405273438,1411.0997314453125,597.3452758789062,1453.864501953125,583.149658203125,1432.4821166992188,28.3912353515625,42.7647705078125
IMG_0045.mp4,129,4.3,30.0,7,2,traffic_signs,0.8757526874542236,1196.7760009765625,1511.9605712890625,1227.9969482421875,1572.3402099609375,1212.386474609375,1542.150390625,31.220947265625,60.379638671875
IMG_0045.mp4,129,4.3,30.0,3,2,traffic_signs,0.9219423532485962,1833.4132080078125,1533.464599609375,1989.3843994140625,1704.625732421875,1911.3988037109375,1619.045166015625,155.97119140625,171.1611328125
IMG_0045.mp4,129,4.3,30.0,8,2,traffic_signs,0.8515869975090027,1514.9794921875,1550.75,1544.4713134765625,1601.3553466796875,1529.7254028320312,1576.0526733398438,29.4918212890625,50.6053466796875
IMG_0045.mp4,129,4.3,30.0,49,1,traffic_lights,0.7322337031364441,1740.0543212890625,810.0964965820312,1916.98779296875,1110.814208984375,1828.5210571289062,960.4553527832031,176.9334716796875,300.71771240234375
IMG_0045.mp4,129,4.3,30.0,28,1,traffic_lights,0.3610965311527252,2468.32470703125,1348.8280029296875,2513.241943359375,1398.98583984375,2490.7833251953125,1373.9069213867188,44.917236328125,50.1578369140625
IMG_0045.mp4,130,4.333333333333333,30.0,7,2,traffic_signs,0.8819200992584229,1192.4061279296875,1511.2703857421875,1223.000732421875,1571.6072998046875,1207.7034301757812,1541.4388427734375,30.5946044921875,60.3369140625
IMG_0045.mp4,130,4.333333333333333,30.0,3,2,traffic_signs,0.9164913892745972,1823.5980224609375,1532.6142578125,1979.5521240234375,1703.8695068359375,1901.5750732421875,1618.2418823242188,155.9541015625,171.2552490234375
IMG_0045.mp4,130,4.333333333333333,30.0,8,2,traffic_signs,0.8653108477592468,1510.05126953125,1549.9730224609375,1540.5841064453125,1600.2073974609375,1525.3176879882812,1575.0902099609375,30.5328369140625,50.234375
IMG_0045.mp4,130,4.333333333333333,30.0,49,1,traffic_lights,0.5126155018806458,1720.908935546875,801.2360229492188,1903.4931640625,1105.90380859375,1812.2010498046875,953.5699157714844,182.584228515625,304.66778564453125
IMG_0045.mp4,130,4.333333333333333,30.0,28,1,traffic_lights,0.46576523780822754,2465.086181640625,1340.166259765625,2507.069580078125,1392.3463134765625,2486.077880859375,1366.2562866210938,41.9833984375,52.1800537109375
IMG_0045.mp4,131,4.366666666666666,30.0,7,2,traffic_signs,0.8791638016700745,1186.8231201171875,1511.1341552734375,1217.2041015625,1572.7904052734375,1202.0136108398438,1541.9622802734375,30.3809814453125,61.65625
IMG_0045.mp4,131,4.366666666666666,30.0,3,2,traffic_signs,0.9186453223228455,1815.7337646484375,1532.8814697265625,1970.7562255859375,1704.74169921875,1893.2449951171875,1618.8115844726562,155.0224609375,171.8602294921875
IMG_0045.mp4,131,4.366666666666666,30.0,8,2,traffic_signs,0.868317186832428,1505.56591796875,1550.410888671875,1535.590087890625,1601.0101318359375,1520.5780029296875,1575.7105102539062,30.024169921875,50.5992431640625
IMG_0045.mp4,131,4.366666666666666,30.0,49,1,traffic_lights,0.7592241764068604,1711.4742431640625,793.6091918945312,1893.52978515625,1098.072998046875,1802.5020141601562,945.8410949707031,182.0555419921875,304.46380615234375
IMG_0045.mp4,131,4.366666666666666,30.0,28,1,traffic_lights,0.4271784722805023,2461.17041015625,1339.2587890625,2508.971435546875,1395.465576171875,2485.0709228515625,1367.3621826171875,47.801025390625,56.206787109375
IMG_0045.mp4,131,4.366666666666666,30.0,16,2,traffic_signs,0.7077358365058899,1229.6632080078125,1475.1494140625,1254.8505859375,1517.103759765625,1242.2568969726562,1496.1265869140625,25.1873779296875,41.954345703125
IMG_0045.mp4,132,4.4,30.0,7,2,traffic_signs,0.8778160810470581,1180.44189453125,1510.8284912109375,1211.6307373046875,1572.127685546875,1196.0363159179688,1541.4780883789062,31.1888427734375,61.2991943359375
IMG_0045.mp4,132,4.4,30.0,3,2,traffic_signs,0.9117111563682556,1802.1099853515625,1527.7325439453125,1960.364990234375,1704.486083984375,1881.2374877929688,1616.1093139648438,158.2550048828125,176.7535400390625
IMG_0045.mp4,132,4.4,30.0,8,2,traffic_signs,0.8191896677017212,1500.8768310546875,1550.54296875,1529.6474609375,1599.6807861328125,1515.2621459960938,1575.1118774414062,28.7706298828125,49.1378173828125
IMG_0045.mp4,132,4.4,30.0,49,1,traffic_lights,0.7652333974838257,1696.8348388671875,784.8375244140625,1880.038330078125,1089.0892333984375,1788.4365844726562,936.96337890625,183.2034912109375,304.251708984375
IMG_0045.mp4,132,4.4,30.0,28,1,traffic_lights,0.25946468114852905,2457.219482421875,1338.07373046875,2506.637451171875,1395.3717041015625,2481.928466796875,1366.7227172851562,49.41796875,57.2979736328125
IMG_0045.mp4,132,4.4,30.0,16,2,traffic_signs,0.6223148107528687,1225.298095703125,1474.4334716796875,1250.1190185546875,1516.4100341796875,1237.7085571289062,1495.4217529296875,24.8209228515625,41.9765625
IMG_0045.mp4,132,4.4,30.0,48,2,traffic_signs,0.44095417857170105,538.5775756835938,1404.6617431640625,567.4932250976562,1456.9404296875,553.035400390625,1430.8010864257812,28.9156494140625,52.2786865234375
IMG_0045.mp4,133,4.433333333333334,30.0,7,2,traffic_signs,0.8671227693557739,1175.7684326171875,1509.84375,1206.4908447265625,1571.4178466796875,1191.129638671875,1540.6307983398438,30.722412109375,61.5740966796875
IMG_0045.mp4,133,4.433333333333334,30.0,3,2,traffic_signs,0.9036850333213806,1790.7847900390625,1524.4576416015625,1950.1466064453125,1703.3717041015625,1870.4656982421875,1613.9146728515625,159.36181640625,178.9140625
IMG_0045.mp4,133,4.433333333333334,30.0,8,2,traffic_signs,0.8276492357254028,1496.3040771484375,1549.7333984375,1525.93896484375,1599.1241455078125,1511.1215209960938,1574.4287719726562,29.6348876953125,49.3907470703125
IMG_0045.mp4,133,4.433333333333334,30.0,49,1,traffic_lights,0.4679713845252991,1683.426025390625,774.8779907226562,1867.677734375,1085.4737548828125,1775.5518798828125,930.1758728027344,184.251708984375,310.59576416015625
IMG_0045.mp4,133,4.433333333333334,30.0,16,2,traffic_signs,0.7384324669837952,1220.8201904296875,1473.9400634765625,1245.57177734375,1514.0025634765625,1233.1959838867188,1493.9713134765625,24.7515869140625,40.0625
IMG_0045.mp4,134,4.466666666666667,30.0,7,2,traffic_signs,0.8791611790657043,1169.2449951171875,1510.6748046875,1199.4920654296875,1570.83056640625,1184.3685302734375,1540.752685546875,30.2470703125,60.15576171875
IMG_0045.mp4,134,4.466666666666667,30.0,3,2,traffic_signs,0.9224997162818909,1778.46142578125,1523.2877197265625,1940.0963134765625,1704.5140380859375,1859.2788696289062,1613.90087890625,161.6348876953125,181.226318359375
IMG_0045.mp4,134,4.466666666666667,30.0,8,2,traffic_signs,0.7370670437812805,1490.78369140625,1550.265869140625,1519.685302734375,1600.51806640625,1505.2344970703125,1575.3919677734375,28.901611328125,50.252197265625
IMG_0045.mp4,134,4.466666666666667,30.0,49,1,traffic_lights,0.8350273370742798,1668.4088134765625,765.622314453125,1855.1427001953125,1081.9083251953125,1761.7757568359375,923.7653198242188,186.73388671875,316.2860107421875
IMG_0045.mp4,134,4.466666666666667,30.0,16,2,traffic_signs,0.8192284107208252,1214.4344482421875,1473.645263671875,1239.3944091796875,1512.3851318359375,1226.9144287109375,1493.0151977539062,24.9599609375,38.7398681640625
IMG_0045.mp4,134,4.466666666666667,30.0,60,1,traffic_lights,0.6620491743087769,2481.994873046875,1338.676025390625,2517.208740234375,1396.2586669921875,2499.601806640625,1367.4673461914062,35.2138671875,57.5826416015625
IMG_0045.mp4,135,4.5,30.0,7,2,traffic_signs,0.8651853799819946,1164.2423095703125,1509.9566650390625,1193.8026123046875,1570.6024169921875,1179.0224609375,1540.279541015625,29.560302734375,60.645751953125
IMG_0045.mp4,135,4.5,30.0,3,2,traffic_signs,0.9264493584632874,1767.7362060546875,1522.8392333984375,1928.65673828125,1702.835693359375,1848.1964721679688,1612.8374633789062,160.9205322265625,179.9964599609375
IMG_0045.mp4,135,4.5,30.0,8,2,traffic_signs,0.6244532465934753,1484.831787109375,1550.1444091796875,1507.43408203125,1597.5279541015625,1496.1329345703125,1573.836181640625,22.602294921875,47.383544921875
IMG_0045.mp4,135,4.5,30.0,49,1,traffic_lights,0.8002890944480896,1651.8148193359375,757.3259887695312,1840.301513671875,1074.2984619140625,1746.0581665039062,915.8122253417969,188.4866943359375,316.97247314453125
IMG_0045.mp4,135,4.5,30.0,16,2,traffic_signs,0.8683199286460876,1208.1221923828125,1473.3724365234375,1232.9261474609375,1513.0960693359375,1220.524169921875,1493.2342529296875,24.803955078125,39.7236328125
IMG_0045.mp4,135,4.5,30.0,60,1,traffic_lights,0.45187705755233765,2476.69677734375,1336.567626953125,2514.18701171875,1396.051025390625,2495.44189453125,1366.309326171875,37.490234375,59.4833984375
IMG_0045.mp4,136,4.533333333333333,30.0,7,2,traffic_signs,0.8163527250289917,1159.0137939453125,1508.40185546875,1188.251953125,1569.9039306640625,1173.6328735351562,1539.1528930664062,29.2381591796875,61.5020751953125
IMG_0045.mp4,136,4.533333333333333,30.0,3,2,traffic_signs,0.9371611475944519,1753.56982421875,1519.357177734375,1917.5218505859375,1702.221435546875,1835.5458374023438,1610.789306640625,163.9520263671875,182.8642578125
IMG_0045.mp4,136,4.533333333333333,30.0,49,1,traffic_lights,0.8239352107048035,1637.3682861328125,744.2557373046875,1826.3251953125,1067.8048095703125,1731.8467407226562,906.0302734375,188.9569091796875,323.549072265625
IMG_0045.mp4,136,4.533333333333333,30.0,16,2,traffic_signs,0.8789791464805603,1202.824462890625,1472.2254638671875,1227.5626220703125,1513.031982421875,1215.1935424804688,1492.6287231445312,24.7381591796875,40.8065185546875
IMG_0045.mp4,136,4.533333333333333,30.0,60,1,traffic_lights,0.6077538728713989,2462.637939453125,1332.0323486328125,2509.197998046875,1393.2764892578125,2485.91796875,1362.6544189453125,46.56005859375,61.244140625
IMG_0045.mp4,137,4.566666666666666,30.0,7,2,traffic_signs,0.8200818300247192,1153.241455078125,1508.1781005859375,1181.9722900390625,1568.286376953125,1167.6068725585938,1538.2322387695312,28.7308349609375,60.1082763671875
IMG_0045.mp4,137,4.566666666666666,30.0,3,2,traffic_signs,0.9222630858421326,1741.541259765625,1517.6641845703125,1905.2869873046875,1701.517822265625,1823.4141235351562,1609.5910034179688,163.7457275390625,183.8536376953125
IMG_0045.mp4,137,4.566666666666666,30.0,49,1,traffic_lights,0.9028312563896179,1619.6649169921875,733.858154296875,1811.824951171875,1062.29248046875,1715.7449340820312,898.0753173828125,192.1600341796875,328.434326171875
IMG_0045.mp4,137,4.566666666666666,30.0,16,2,traffic_signs,0.8656955361366272,1197.1324462890625,1471.1798095703125,1221.363037109375,1511.720458984375,1209.2477416992188,1491.4501342773438,24.2305908203125,40.5406494140625
IMG_0045.mp4,137,4.566666666666666,30.0,28,1,traffic_lights,0.670783519744873,2438.973388671875,1331.4906005859375,2498.33447265625,1393.0552978515625,2468.6539306640625,1362.27294921875,59.361083984375,61.564697265625
IMG_0045.mp4,137,4.566666666666666,30.0,48,2,traffic_signs,0.5044180154800415,494.2342834472656,1398.7635498046875,523.1209106445312,1450.7857666015625,508.67759704589844,1424.774658203125,28.886627197265625,52.022216796875
IMG_0045.mp4,138,4.6,30.0,7,2,traffic_signs,0.8101479411125183,1148.294189453125,1509.601318359375,1175.369384765625,1566.7869873046875,1161.831787109375,1538.1941528320312,27.0751953125,57.1856689453125
IMG_0045.mp4,138,4.6,30.0,3,2,traffic_signs,0.9311824440956116,1728.439453125,1516.7603759765625,1893.927978515625,1702.131103515625,1811.1837158203125,1609.4457397460938,165.488525390625,185.3707275390625
IMG_0045.mp4,138,4.6,30.0,49,1,traffic_lights,0.819198727607727,1603.1558837890625,724.1170043945312,1795.7432861328125,1050.6781005859375,1699.4495849609375,887.3975524902344,192.58740234375,326.56109619140625
IMG_0045.mp4,138,4.6,30.0,16,2,traffic_signs,0.7940602898597717,1191.3138427734375,1470.849609375,1214.3260498046875,1511.359619140625,1202.8199462890625,1491.1046142578125,23.01220703125,40.510009765625
IMG_0045.mp4,138,4.6,30.0,28,1,traffic_lights,0.3840734362602234,2435.156494140625,1330.9854736328125,2493.25341796875,1393.738525390625,2464.2049560546875,1362.3619995117188,58.096923828125,62.7530517578125
IMG_0045.mp4,138,4.6,30.0,48,2,traffic_signs,0.6165262460708618,485.7192687988281,1398.0133056640625,514.4620361328125,1441.141357421875,500.0906524658203,1419.5773315429688,28.742767333984375,43.1280517578125
IMG_0045.mp4,138,4.6,30.0,60,1,traffic_lights,0.43419182300567627,2439.243408203125,1331.181640625,2493.42724609375,1393.73681640625,2466.3353271484375,1362.459228515625,54.183837890625,62.55517578125
IMG_0045.mp4,139,4.633333333333334,30.0,7,2,traffic_signs,0.8394413590431213,1141.700927734375,1511.3629150390625,1168.27880859375,1568.093994140625,1154.9898681640625,1539.7284545898438,26.577880859375,56.7310791015625
IMG_0045.mp4,139,4.633333333333334,30.0,3,2,traffic_signs,0.9349732398986816,1715.9908447265625,1517.6070556640625,1881.9832763671875,1702.3536376953125,1798.987060546875,1609.9803466796875,165.992431640625,184.74658203125
IMG_0045.mp4,139,4.633333333333334,30.0,49,1,traffic_lights,0.870262861251831,1581.099365234375,712.1730346679688,1777.5782470703125,1043.5328369140625,1679.3388061523438,877.8529357910156,196.4788818359375,331.35980224609375
IMG_0045.mp4,139,4.633333333333334,30.0,16,2,traffic_signs,0.8490884304046631,1183.4022216796875,1472.1505126953125,1206.1026611328125,1512.8536376953125,1194.75244140625,1492.5020751953125,22.700439453125,40.703125
IMG_0045.mp4,139,4.633333333333334,30.0,28,1,traffic_lights,0.457004189491272,2432.6328125,1331.469482421875,2491.64111328125,1394.057861328125,2462.136962890625,1362.763671875,59.00830078125,62.58837890625
IMG_0045.mp4,139,4.633333333333334,30.0,48,2,traffic_signs,0.4658741354942322,475.2967224121094,1399.4058837890625,504.2705993652344,1440.31005859375,489.7836608886719,1419.8579711914062,28.973876953125,40.9041748046875
IMG_0045.mp4,140,4.666666666666667,30.0,7,2,traffic_signs,0.6784930229187012,1136.79345703125,1512.0191650390625,1163.0155029296875,1566.4150390625,1149.9044799804688,1539.2171020507812,26.2220458984375,54.3958740234375
IMG_0045.mp4,140,4.666666666666667,30.0,3,2,traffic_signs,0.9433676600456238,1701.01025390625,1513.28955078125,1870.824462890625,1700.1405029296875,1785.9173583984375,1606.7150268554688,169.814208984375,186.8509521484375
IMG_0045.mp4,140,4.666666666666667,30.0,16,2,traffic_signs,0.8690648078918457,1178.0244140625,1470.291748046875,1200.728271484375,1511.8193359375,1189.3763427734375,1491.0555419921875,22.703857421875,41.527587890625
IMG_0045.mp4,140,4.666666666666667,30.0,28,1,traffic_lights,0.4862774610519409,2433.915283203125,1329.422607421875,2490.225830078125,1391.9322509765625,2462.070556640625,1360.6774291992188,56.310546875,62.5096435546875
IMG_0045.mp4,140,4.666666666666667,30.0,48,2,traffic_signs,0.5441586971282959,467.2832336425781,1397.173583984375,495.5475769042969,1436.728271484375,481.4154052734375,1416.950927734375,28.26434326171875,39.5546875
IMG_0045.mp4,140,4.666666666666667,30.0,8,2,traffic_signs,0.7486164569854736,1464.453125,1547.8997802734375,1488.354248046875,1595.495849609375,1476.4036865234375,1571.6978149414062,23.901123046875,47.5960693359375
IMG_0045.mp4,141,4.7,30.0,7,2,traffic_signs,0.7840487360954285,1128.4547119140625,1511.9364013671875,1155.2178955078125,1565.1285400390625,1141.8363037109375,1538.532470703125,26.76318359375,53.192138671875
IMG_0045.mp4,141,4.7,30.0,3,2,traffic_signs,0.9264671802520752,1686.6727294921875,1511.1019287109375,1856.0030517578125,1699.8778076171875,1771.337890625,1605.4898681640625,169.330322265625,188.77587890625
IMG_0045.mp4,141,4.7,30.0,16,2,traffic_signs,0.7142330408096313,1171.0992431640625,1468.9886474609375,1193.9888916015625,1511.7933349609375,1182.5440673828125,1490.3909912109375,22.8896484375,42.8046875
IMG_0045.mp4,141,4.7,30.0,28,1,traffic_lights,0.8084961175918579,2449.507568359375,1331.4349365234375,2489.4580078125,1390.0438232421875,2469.4827880859375,1360.7393798828125,39.950439453125,58.60888671875
IMG_0045.mp4,141,4.7,30.0,48,2,traffic_signs,0.5141037106513977,455.8756408691406,1398.7177734375,484.35784912109375,1435.3636474609375,470.1167449951172,1417.0407104492188,28.482208251953125,36.6458740234375
IMG_0045.mp4,141,4.7,30.0,8,2,traffic_signs,0.6997445225715637,1454.424072265625,1547.2755126953125,1483.891845703125,1594.9228515625,1469.157958984375,1571.0991821289062,29.4677734375,47.6473388671875
IMG_0045.mp4,141,4.7,30.0,49,1,traffic_lights,0.8916006088256836,1543.6002197265625,686.5435180664062,1743.8421630859375,1027.5479736328125,1643.72119140625,857.0457458496094,200.241943359375,341.00445556640625
IMG_0045.mp4,142,4.733333333333333,30.0,7,2,traffic_signs,0.6469123363494873,1123.2216796875,1510.1806640625,1150.061767578125,1560.99951171875,1136.6417236328125,1535.590087890625,26.840087890625,50.81884765625
IMG_0045.mp4,142,4.733333333333333,30.0,3,2,traffic_signs,0.9403353929519653,1672.6474609375,1507.905517578125,1842.611572265625,1698.275390625,1757.6295166015625,1603.0904541015625,169.964111328125,190.369873046875
IMG_0045.mp4,142,4.733333333333333,30.0,16,2,traffic_signs,0.7996912598609924,1165.7415771484375,1467.0157470703125,1188.3326416015625,1510.177490234375,1177.037109375,1488.5966186523438,22.591064453125,43.1617431640625
IMG_0045.mp4,142,4.733333333333333,30.0,28,1,traffic_lights,0.4557172954082489,2449.513671875,1329.1109619140625,2485.11376953125,1387.6597900390625,2467.313720703125,1358.3853759765625,35.60009765625,58.548828125
IMG_0045.mp4,142,4.733333333333333,30.0,48,2,traffic_signs,0.6029326915740967,447.2143249511719,1397.2158203125,476.62127685546875,1434.0340576171875,461.9178009033203,1415.6249389648438,29.406951904296875,36.8182373046875
IMG_0045.mp4,142,4.733333333333333,30.0,8,2,traffic_signs,0.7896220684051514,1448.6842041015625,1545.55908203125,1478.834716796875,1593.7890625,1463.7594604492188,1569.674072265625,30.1505126953125,48.22998046875
IMG_0045.mp4,142,4.733333333333333,30.0,49,1,traffic_lights,0.8726712465286255,1523.510009765625,673.3088989257812,1725.99462890625,1016.9283447265625,1624.7523193359375,845.1186218261719,202.484619140625,343.61944580078125
IMG_0045.mp4,143,4.766666666666667,30.0,7,2,traffic_signs,0.3571087121963501,1114.749755859375,1510.7432861328125,1141.2027587890625,1561.6553955078125,1127.9762573242188,1536.1993408203125,26.4530029296875,50.912109375
IMG_0045.mp4,143,4.766666666666667,30.0,3,2,traffic_signs,0.8367306590080261,1656.40625,1507.1778564453125,1828.6412353515625,1699.335693359375,1742.5237426757812,1603.2567749023438,172.2349853515625,192.1578369140625
IMG_0045.mp4,143,4.766666666666667,30.0,16,2,traffic_signs,0.8125033378601074,1158.3529052734375,1467.591796875,1180.5462646484375,1511.44970703125,1169.4495849609375,1489.520751953125,22.193359375,43.85791015625
IMG_0045.mp4,143,4.766666666666667,30.0,28,1,traffic_lights,0.31831493973731995,2439.75732421875,1328.176025390625,2482.410888671875,1388.7298583984375,2461.0841064453125,1358.4529418945312,42.653564453125,60.5538330078125
IMG_0045.mp4,143,4.766666666666667,30.0,48,2,traffic_signs,0.5862878561019897,435.6910705566406,1397.34423828125,464.9855041503906,1433.74658203125,450.3382873535156,1415.54541015625,29.29443359375,36.40234375
IMG_0045.mp4,143,4.766666666666667,30.0,8,2,traffic_signs,0.7681611776351929,1442.4993896484375,1547.1181640625,1473.0859375,1596.448486328125,1457.7926635742188,1571.7833251953125,30.5865478515625,49.330322265625
IMG_0045.mp4,143,4.766666666666667,30.0,49,1,traffic_lights,0.8749339580535889,1503.4188232421875,659.2111206054688,1706.0408935546875,1000.680908203125,1604.7298583984375,829.9460144042969,202.6220703125,341.46978759765625
IMG_0045.mp4,144,4.8,30.0,3,2,traffic_signs,0.8913628458976746,1641.36328125,1503.8970947265625,1814.7991943359375,1697.3897705078125,1728.0812377929688,1600.6434326171875,173.4359130859375,193.49267578125
IMG_0045.mp4,144,4.8,30.0,16,2,traffic_signs,0.8205072283744812,1152.3037109375,1467.0546875,1174.5728759765625,1509.5933837890625,1163.4382934570312,1488.3240356445312,22.2691650390625,42.5386962890625
IMG_0045.mp4,144,4.8,30.0,28,1,traffic_lights,0.530283510684967,2441.671630859375,1328.6282958984375,2477.6640625,1384.9061279296875,2459.6678466796875,1356.7672119140625,35.992431640625,56.27783203125
IMG_0045.mp4,144,4.8,30.0,48,2,traffic_signs,0.33286821842193604,426.31640625,1396.4322509765625,455.2400817871094,1433.5010986328125,440.7782440185547,1414.9666748046875,28.923675537109375,37.06884765625
IMG_0045.mp4,144,4.8,30.0,8,2,traffic_signs,0.8478807806968689,1436.7281494140625,1546.89013671875,1466.4222412109375,1594.3309326171875,1451.5751953125,1570.6105346679688,29.694091796875,47.4407958984375
IMG_0045.mp4,144,4.8,30.0,49,1,traffic_lights,0.5858611464500427,1477.8326416015625,644.2117309570312,1687.0137939453125,993.9871826171875,1582.4232177734375,819.0994567871094,209.18115234375,349.77545166015625
IMG_0045.mp4,145,4.833333333333333,30.0,3,2,traffic_signs,0.9558720588684082,1625.313232421875,1501.0679931640625,1800.0986328125,1696.66748046875,1712.7059326171875,1598.8677368164062,174.785400390625,195.5994873046875
IMG_0045.mp4,145,4.833333333333333,30.0,16,2,traffic_signs,0.7929773330688477,1145.530517578125,1466.3927001953125,1168.00244140625,1509.9805908203125,1156.7664794921875,1488.1866455078125,22.471923828125,43.587890625
IMG_0045.mp4,145,4.833333333333333,30.0,28,1,traffic_lights,0.5345107316970825,2440.405029296875,1329.8704833984375,2473.69677734375,1386.1083984375,2457.0509033203125,1357.9894409179688,33.291748046875,56.2379150390625
IMG_0045.mp4,145,4.833333333333333,30.0,48,2,traffic_signs,0.49495381116867065,417.41064453125,1395.1539306640625,445.23974609375,1434.35986328125,431.3251953125,1414.7568969726562,27.8291015625,39.2059326171875
IMG_0045.mp4,145,4.833333333333333,30.0,8,2,traffic_signs,0.8005124926567078,1431.5205078125,1545.8955078125,1460.1630859375,1594.28125,1445.841796875,1570.08837890625,28.642578125,48.3857421875
IMG_0045.mp4,145,4.833333333333333,30.0,49,1,traffic_lights,0.7792620062828064,1456.41162109375,628.9179077148438,1665.9041748046875,979.8911743164062,1561.1578979492188,804.404541015625,209.4925537109375,350.9732666015625
IMG_0045.mp4,145,4.833333333333333,30.0,7,2,traffic_signs,0.7573028206825256,1101.760498046875,1508.97412109375,1127.6483154296875,1557.533447265625,1114.7044067382812,1533.2537841796875,25.8878173828125,48.559326171875
IMG_0045.mp4,146,4.866666666666666,30.0,3,2,traffic_signs,0.9328208565711975,1607.52734375,1499.5618896484375,1785.701416015625,1697.3887939453125,1696.6143798828125,1598.475341796875,178.174072265625,197.826904296875
IMG_0045.mp4,146,4.866666666666666,30.0,16,2,traffic_signs,0.5990676283836365,1138.7840576171875,1467.0714111328125,1160.57958984375,1509.5904541015625,1149.6818237304688,1488.3309326171875,21.7955322265625,42.51904296875
IMG_0045.mp4,146,4.866666666666666,30.0,28,1,traffic_lights,0.6037125587463379,2419.227783203125,1328.4708251953125,2467.883544921875,1388.7996826171875,2443.5556640625,1358.63525390625,48.65576171875,60.328857421875
IMG_0045.mp4,146,4.866666666666666,30.0,48,2,traffic_signs,0.6978293657302856,407.2466735839844,1395.7030029296875,436.7198181152344,1448.171142578125,421.9832458496094,1421.9370727539062,29.47314453125,52.4681396484375
IMG_0045.mp4,146,4.866666666666666,30.0,8,2,traffic_signs,0.8191037774085999,1425.888427734375,1546.30126953125,1453.8836669921875,1595.257080078125,1439.8860473632812,1570.7791748046875,27.9952392578125,48.955810546875
IMG_0045.mp4,146,4.866666666666666,30.0,49,1,traffic_lights,0.7664681673049927,1428.804931640625,616.72509765625,1645.0665283203125,969.5840454101562,1536.9357299804688,793.1545715332031,216.2615966796875,352.85894775390625
IMG_0045.mp4,146,4.866666666666666,30.0,7,2,traffic_signs,0.6560431122779846,1095.504638671875,1508.103515625,1121.2015380859375,1557.2894287109375,1108.3530883789062,1532.6964721679688,25.6968994140625,49.1859130859375
IMG_0045.mp4,147,4.9,30.0,3,2,traffic_signs,0.942087709903717,1590.3818359375,1496.746337890625,1770.380615234375,1696.3543701171875,1680.3812255859375,1596.5503540039062,179.998779296875,199.6080322265625
IMG_0045.mp4,147,4.9,30.0,16,2,traffic_signs,0.8086686730384827,1130.26416015625,1465.203857421875,1153.2242431640625,1509.1290283203125,1141.7442016601562,1487.1664428710938,22.9600830078125,43.9251708984375
IMG_0045.mp4,147,4.9,30.0,28,1,traffic_lights,0.7338366508483887,2425.628173828125,1329.864013671875,2464.99853515625,1388.2052001953125,2445.3133544921875,1359.0346069335938,39.370361328125,58.3411865234375
IMG_0045.mp4,147,4.9,30.0,48,2,traffic_signs,0.5639007687568665,394.3562316894531,1394.2003173828125,422.95599365234375,1442.8375244140625,408.65611267089844,1418.5189208984375,28.599761962890625,48.63720703125
IMG_0045.mp4,147,4.9,30.0,8,2,traffic_signs,0.6876254677772522,1420.015869140625,1545.733642578125,1448.1177978515625,1595.7113037109375,1434.0668334960938,1570.7224731445312,28.1019287109375,49.9776611328125
IMG_0045.mp4,147,4.9,30.0,49,1,traffic_lights,0.5254941582679749,1402.276611328125,596.7274780273438,1620.96142578125,962.7103271484375,1511.6190185546875,779.7189025878906,218.684814453125,365.98284912109375
IMG_0045.mp4,147,4.9,30.0,7,2,traffic_signs,0.2682206928730011,1087.6339111328125,1507.8006591796875,1114.380126953125,1557.587890625,1101.0070190429688,1532.6942749023438,26.7462158203125,49.7872314453125
IMG_0045.mp4,148,4.933333333333334,30.0,3,2,traffic_signs,0.9467436671257019,1574.0089111328125,1494.1148681640625,1754.5411376953125,1695.734130859375,1664.2750244140625,1594.9244995117188,180.5322265625,201.6192626953125
IMG_0045.mp4,148,4.933333333333334,30.0,16,2,traffic_signs,0.7835710048675537,1124.1151123046875,1464.489013671875,1147.5286865234375,1506.7374267578125,1135.8218994140625,1485.6132202148438,23.41357421875,42.2484130859375
IMG_0045.mp4,148,4.933333333333334,30.0,28,1,traffic_lights,0.5204434990882874,2423.58154296875,1328.3480224609375,2462.294921875,1387.7852783203125,2442.938232421875,1358.066650390625,38.71337890625,59.437255859375
IMG_0045.mp4,148,4.933333333333334,30.0,48,2,traffic_signs,0.7247489094734192,383.68511962890625,1390.8988037109375,413.08837890625,1436.25634765625,398.3867492675781,1413.5775756835938,29.40325927734375,45.3575439453125
IMG_0045.mp4,148,4.933333333333334,30.0,8,2,traffic_signs,0.7614860534667969,1414.5623779296875,1544.8629150390625,1443.172607421875,1594.0545654296875,1428.8674926757812,1569.458740234375,28.6102294921875,49.191650390625
IMG_0045.mp4,148,4.933333333333334,30.0,49,1,traffic_lights,0.760947585105896,1377.067138671875,578.363525390625,1599.310302734375,953.6627197265625,1488.188720703125,766.0131225585938,222.2431640625,375.2991943359375
IMG_0045.mp4,148,4.933333333333334,30.0,7,2,traffic_signs,0.37710922956466675,1081.475341796875,1506.614990234375,1106.5970458984375,1553.941162109375,1094.0361938476562,1530.278076171875,25.1217041015625,47.326171875
IMG_0045.mp4,149,4.966666666666667,30.0,3,2,traffic_signs,0.9518895149230957,1553.8533935546875,1493.9559326171875,1739.2872314453125,1695.29248046875,1646.5703125,1594.6242065429688,185.433837890625,201.3365478515625
IMG_0045.mp4,149,4.966666666666667,30.0,16,2,traffic_signs,0.6755393147468567,1117.2364501953125,1464.927978515625,1140.189453125,1506.3946533203125,1128.7129516601562,1485.6613159179688,22.9530029296875,41.4666748046875
IMG_0045.mp4,149,4.966666666666667,30.0,28,1,traffic_lights,0.8098558187484741,2410.33984375,1326.3651123046875,2458.504150390625,1388.83154296875,2434.4219970703125,1357.5983276367188,48.164306640625,62.4664306640625
IMG_0045.mp4,149,4.966666666666667,30.0,48,2,traffic_signs,0.8475556969642639,370.5545654296875,1390.54736328125,401.4588623046875,1452.7847900390625,386.0067138671875,1421.6660766601562,30.904296875,62.2374267578125
IMG_0045.mp4,149,4.966666666666667,30.0,8,2,traffic_signs,0.7614101767539978,1407.261962890625,1543.7342529296875,1440.3336181640625,1594.893310546875,1423.7977905273438,1569.3137817382812,33.0716552734375,51.1590576171875
IMG_0045.mp4,149,4.966666666666667,30.0,49,1,traffic_lights,0.7844953536987305,1349.6114501953125,559.4609985351562,1573.2152099609375,933.7962646484375,1461.413330078125,746.6286315917969,223.603759765625,374.33526611328125
IMG_0045.mp4,149,4.966666666666667,30.0,7,2,traffic_signs,0.6742815375328064,1072.342041015625,1506.0457763671875,1097.7913818359375,1553.8458251953125,1085.0667114257812,1529.94580078125,25.4493408203125,47.800048828125
IMG_0045.mp4,150,5.0,30.0,3,2,traffic_signs,0.9388909935951233,1537.2176513671875,1489.997802734375,1723.2044677734375,1692.114501953125,1630.2110595703125,1591.05615234375,185.98681640625,202.11669921875
IMG_0045.mp4,150,5.0,30.0,28,1,traffic_lights,0.4627319276332855,2413.511962890625,1325.4786376953125,2453.9404296875,1386.9051513671875,2433.7261962890625,1356.19189453125,40.428466796875,61.426513671875
IMG_0045.mp4,150,5.0,30.0,48,2,traffic_signs,0.7648435831069946,360.4989318847656,1388.515625,391.70294189453125,1442.544921875,376.10093688964844,1415.5302734375,31.204010009765625,54.029296875
IMG_0045.mp4,150,5.0,30.0,8,2,traffic_signs,0.28044748306274414,1401.9481201171875,1542.8594970703125,1434.188232421875,1593.8828125,1418.0681762695312,1568.3711547851562,32.2401123046875,51.0233154296875
IMG_0045.mp4,150,5.0,30.0,49,1,traffic_lights,0.5637476444244385,1318.4970703125,545.7616577148438,1550.2230224609375,921.6846923828125,1434.3600463867188,733.7231750488281,231.7259521484375,375.92303466796875
IMG_0045.mp4,150,5.0,30.0,7,2,traffic_signs,0.6861417293548584,1065.9398193359375,1505.635986328125,1091.3780517578125,1551.9344482421875,1078.658935546875,1528.7852172851562,25.438232421875,46.2984619140625
IMG_0045.mp4,151,5.033333333333333,30.0,3,2,traffic_signs,0.9427648186683655,1518.035888671875,1486.5938720703125,1706.15185546875,1690.479736328125,1612.0938720703125,1588.5368041992188,188.115966796875,203.8858642578125
IMG_0045.mp4,151,5.033333333333333,30.0,28,1,traffic_lights,0.510532021522522,2394.28466796875,1325.7459716796875,2444.995361328125,1387.8634033203125,2419.6400146484375,1356.8046875,50.710693359375,62.117431640625
IMG_0045.mp4,151,5.033333333333333,30.0,48,2,traffic_signs,0.8662862181663513,348.29205322265625,1388.5435791015625,380.7902526855469,1453.8310546875,364.54115295410156,1421.1873168945312,32.498199462890625,65.2874755859375
IMG_0045.mp4,151,5.033333333333333,30.0,8,2,traffic_signs,0.7403238415718079,1396.3021240234375,1542.3607177734375,1429.2325439453125,1595.3128662109375,1412.767333984375,1568.8367919921875,32.930419921875,52.9521484375
IMG_0045.mp4,151,5.033333333333333,30.0,49,1,traffic_lights,0.312192440032959,1282.2265625,520.9494018554688,1521.6800537109375,911.0487060546875,1401.9533081054688,715.9990539550781,239.4534912109375,390.09930419921875
IMG_0045.mp4,151,5.033333333333333,30.0,7,2,traffic_signs,0.6622215509414673,1056.9227294921875,1507.16455078125,1078.536376953125,1555.3985595703125,1067.7295532226562,1531.2815551757812,21.6136474609375,48.2340087890625
IMG_0045.mp4,152,5.066666666666666,30.0,3,2,traffic_signs,0.9211809635162354,1498.2628173828125,1484.4180908203125,1688.9649658203125,1686.4534912109375,1593.6138916015625,1585.435791015625,190.7021484375,202.035400390625
IMG_0045.mp4,152,5.066666666666666,30.0,28,1,traffic_lights,0.7413830161094666,2385.848388671875,1323.1448974609375,2442.967041015625,1387.400390625,2414.40771484375,1355.2726440429688,57.11865234375,64.2554931640625
IMG_0045.mp4,152,5.066666666666666,30.0,48,2,traffic_signs,0.683975875377655,337.5386657714844,1385.830810546875,370.0256652832031,1441.3363037109375,353.78216552734375,1413.5835571289062,32.48699951171875,55.5054931640625
IMG_0045.mp4,152,5.066666666666666,30.0,8,2,traffic_signs,0.7823662757873535,1389.9595947265625,1542.0980224609375,1423.372314453125,1594.0380859375,1406.6659545898438,1568.0680541992188,33.4127197265625,51.9400634765625
IMG_0045.mp4,153,5.1,30.0,3,2,traffic_signs,0.9370660781860352,1476.5887451171875,1482.7020263671875,1670.530029296875,1688.425048828125,1573.5593872070312,1585.5635375976562,193.9412841796875,205.7230224609375
IMG_0045.mp4,153,5.1,30.0,28,1,traffic_lights,0.5967090129852295,2398.8173828125,1326.0269775390625,2442.183349609375,1385.9346923828125,2420.5003662109375,1355.9808349609375,43.365966796875,59.90771484375
IMG_0045.mp4,153,5.1,30.0,48,2,traffic_signs,0.8138121366500854,324.0111083984375,1386.111328125,357.5509033203125,1452.9298095703125,340.781005859375,1419.5205688476562,33.539794921875,66.8184814453125
IMG_0045.mp4,153,5.1,30.0,8,2,traffic_signs,0.8345276713371277,1382.7957763671875,1542.7314453125,1415.923095703125,1593.9921875,1399.3594360351562,1568.36181640625,33.1273193359375,51.2607421875
IMG_0045.mp4,153,5.1,30.0,16,2,traffic_signs,0.6666830778121948,1090.2637939453125,1463.258544921875,1111.15673828125,1507.0731201171875,1100.7102661132812,1485.1658325195312,20.8929443359375,43.8145751953125
IMG_0045.mp4,153,5.1,30.0,49,1,traffic_lights,0.3213503658771515,1219.4442138671875,482.1416015625,1465.8570556640625,878.7965087890625,1342.650634765625,680.4690551757812,246.412841796875,396.6549072265625
IMG_0045.mp4,154,5.133333333333334,30.0,3,2,traffic_signs,0.9422571063041687,1453.4246826171875,1480.2447509765625,1653.419677734375,1686.677734375,1553.4221801757812,1583.4612426757812,199.9949951171875,206.4329833984375
IMG_0045.mp4,154,5.133333333333334,30.0,28,1,traffic_lights,0.4313769042491913,2390.243408203125,1324.583251953125,2440.484375,1384.96875,2415.3638916015625,1354.7760009765625,50.240966796875,60.385498046875
IMG_0045.mp4,154,5.133333333333334,30.0,48,2,traffic_signs,0.6633732318878174,312.5132751464844,1381.919677734375,346.4035339355469,1456.234130859375,329.4584045410156,1419.076904296875,33.8902587890625,74.314453125
IMG_0045.mp4,154,5.133333333333334,30.0,8,2,traffic_signs,0.8536754846572876,1376.5833740234375,1542.116455078125,1409.066650390625,1592.3427734375,1392.8250122070312,1567.2296142578125,32.4832763671875,50.226318359375
IMG_0045.mp4,154,5.133333333333334,30.0,16,2,traffic_signs,0.5858015418052673,1079.340087890625,1463.16455078125,1103.71630859375,1506.8095703125,1091.5281982421875,1484.987060546875,24.376220703125,43.64501953125
IMG_0045.mp4,154,5.133333333333334,30.0,49,1,traffic_lights,0.6933534741401672,1181.876220703125,452.42633056640625,1434.261962890625,864.8812255859375,1308.069091796875,658.6537780761719,252.3857421875,412.45489501953125
IMG_0045.mp4,155,5.166666666666667,30.0,3,2,traffic_signs,0.940133810043335,1433.22314453125,1477.49072265625,1632.8572998046875,1687.3616943359375,1533.0402221679688,1582.4262084960938,199.6341552734375,209.8709716796875
IMG_0045.mp4,155,5.166666666666667,30.0,28,1,traffic_lights,0.7335456609725952,2375.831787109375,1323.3785400390625,2423.808349609375,1384.10498046875,2399.820068359375,1353.7417602539062,47.9765625,60.7264404296875
IMG_0045.mp4,155,5.166666666666667,30.0,48,2,traffic_signs,0.8233095407485962,299.8453674316406,1382.2447509765625,334.1090393066406,1457.4927978515625,316.9772033691406,1419.8687744140625,34.263671875,75.248046875
IMG_0045.mp4,155,5.166666666666667,30.0,8,2,traffic_signs,0.8406285643577576,1370.9383544921875,1541.335693359375,1403.6663818359375,1590.3685302734375,1387.3023681640625,1565.8521118164062,32.72802734375,49.0328369140625
IMG_0045.mp4,155,5.166666666666667,30.0,16,2,traffic_signs,0.6363399028778076,1069.3118896484375,1462.6240234375,1094.924560546875,1503.551025390625,1082.1182250976562,1483.0875244140625,25.6126708984375,40.927001953125
IMG_0045.mp4,156,5.2,30.0,3,2,traffic_signs,0.9396259188652039,1407.756103515625,1474.1090087890625,1612.7833251953125,1688.0450439453125,1510.2697143554688,1581.0770263671875,205.0272216796875,213.93603515625
IMG_0045.mp4,156,5.2,30.0,28,1,traffic_lights,0.7163916230201721,2366.34130859375,1321.1602783203125,2418.76904296875,1383.8739013671875,2392.55517578125,1352.51708984375,52.427734375,62.713623046875
IMG_0045.mp4,156,5.2,30.0,48,2,traffic_signs,0.7601648569107056,287.8518981933594,1379.9798583984375,323.3126220703125,1458.796630859375,305.58226013183594,1419.3882446289062,35.460723876953125,78.8167724609375
IMG_0045.mp4,156,5.2,30.0,8,2,traffic_signs,0.4196608364582062,1364.1373291015625,1539.197509765625,1398.0653076171875,1590.7960205078125,1381.101318359375,1564.9967651367188,33.927978515625,51.5985107421875
IMG_0045.mp4,156,5.2,30.0,16,2,traffic_signs,0.8143922090530396,1062.464599609375,1461.402099609375,1088.044921875,1505.511962890625,1075.2547607421875,1483.45703125,25.580322265625,44.10986328125
IMG_0045.mp4,156,5.2,30.0,81,1,traffic_lights,0.7267957925796509,29.312944412231445,886.4365234375,96.7374267578125,1019.9739990234375,63.02518558502197,953.2052612304688,67.42448234558105,133.5374755859375
IMG_0045.mp4,156,5.2,30.0,49,1,traffic_lights,0.6359795928001404,1100.7823486328125,403.61309814453125,1372.21484375,836.9230346679688,1236.4985961914062,620.26806640625,271.4324951171875,433.3099365234375
IMG_0045.mp4,157,5.233333333333333,30.0,3,2,traffic_signs,0.9254830479621887,1380.7999267578125,1464.319580078125,1591.8004150390625,1688.107421875,1486.3001708984375,1576.2135009765625,211.00048828125,223.787841796875
IMG_0045.mp4,157,5.233333333333333,30.0,28,1,traffic_lights,0.6307469010353088,2360.42431640625,1319.148193359375,2416.98681640625,1383.6873779296875,2388.70556640625,1351.4177856445312,56.5625,64.5391845703125
IMG_0045.mp4,157,5.233333333333333,30.0,48,2,traffic_signs,0.7885276675224304,275.5622863769531,1381.0318603515625,311.9040222167969,1458.1019287109375,293.733154296875,1419.56689453125,36.34173583984375,77.070068359375
IMG_0045.mp4,157,5.233333333333333,30.0,16,2,traffic_signs,0.8280187845230103,1055.69482421875,1459.543212890625,1081.1920166015625,1504.1593017578125,1068.4434204101562,1481.8512573242188,25.4971923828125,44.6160888671875
IMG_0045.mp4,157,5.233333333333333,30.0,81,1,traffic_lights,0.5082442760467529,15.084379196166992,882.2614135742188,83.11507415771484,1019.4262084960938,49.09972667694092,950.8438110351562,68.03069496154785,137.164794921875
IMG_0045.mp4,158,5.266666666666667,30.0,3,2,traffic_signs,0.9386355876922607,1357.0731201171875,1459.0404052734375,1571.1307373046875,1687.92138671875,1464.1019287109375,1573.4808959960938,214.0576171875,228.8809814453125
IMG_0045.mp4,158,5.266666666666667,30.0,28,1,traffic_lights,0.7712159752845764,2356.99560546875,1316.91552734375,2419.52783203125,1383.3167724609375,2388.26171875,1350.1161499023438,62.5322265625,66.4012451171875
IMG_0045.mp4,158,5.266666666666667,30.0,48,2,traffic_signs,0.7783003449440002,264.0583190917969,1378.6455078125,300.3040771484375,1455.9454345703125,282.1811981201172,1417.2954711914062,36.245758056640625,77.2999267578125
IMG_0045.mp4,158,5.266666666666667,30.0,16,2,traffic_signs,0.7856535911560059,1048.4451904296875,1458.0965576171875,1074.138427734375,1500.873779296875,1061.2918090820312,1479.4851684570312,25.6932373046875,42.7772216796875
IMG_0045.mp4,158,5.266666666666667,30.0,81,1,traffic_lights,0.9023820757865906,2.1553151607513428,874.4508056640625,69.75021362304688,1016.0663452148438,35.95276439189911,945.2585754394531,67.59489846229553,141.61553955078125
IMG_0045.mp4,158,5.266666666666667,30.0,7,2,traffic_signs,0.6165086627006531,1004.8947143554688,1503.9698486328125,1030.2515869140625,1552.9337158203125,1017.5731506347656,1528.4517822265625,25.35687255859375,48.9638671875
IMG_0045.mp4,159,5.3,30.0,3,2,traffic_signs,0.949835479259491,1335.83544921875,1455.883544921875,1548.1436767578125,1686.1104736328125,1441.9895629882812,1570.9970092773438,212.3082275390625,230.2269287109375
IMG_0045.mp4,159,5.3,30.0,28,1,traffic_lights,0.7791321873664856,2352.732177734375,1315.40087890625,2418.488525390625,1383.3553466796875,2385.6103515625,1349.3781127929688,65.75634765625,67.9544677734375
IMG_0045.mp4,159,5.3,30.0,48,2,traffic_signs,0.7085827589035034,252.1543426513672,1378.1983642578125,289.2544250488281,1454.9599609375,270.70438385009766,1416.5791625976562,37.10008239746094,76.7615966796875
IMG_0045.mp4,159,5.3,30.0,16,2,traffic_signs,0.8010360598564148,1039.889892578125,1457.3175048828125,1066.2900390625,1501.3031005859375,1053.0899658203125,1479.310302734375,26.400146484375,43.985595703125
IMG_0045.mp4,159,5.3,30.0,81,1,traffic_lights,0.7848997116088867,0.0,869.9425048828125,54.207916259765625,1013.2836303710938,27.103958129882812,941.6130676269531,54.207916259765625,143.34112548828125
IMG_0045.mp4,159,5.3,30.0,7,2,traffic_signs,0.5744413733482361,998.9146728515625,1503.7587890625,1024.0408935546875,1552.6539306640625,1011.477783203125,1528.2063598632812,25.126220703125,48.8951416015625
IMG_0045.mp4,160,5.333333333333333,30.0,3,2,traffic_signs,0.947479248046875,1309.10400390625,1452.71923828125,1522.8787841796875,1685.3289794921875,1415.9913940429688,1569.0241088867188,213.7747802734375,232.6097412109375
IMG_0045.mp4,160,5.333333333333333,30.0,28,1,traffic_lights,0.7878929376602173,2352.347900390625,1315.0325927734375,2417.217041015625,1383.4674072265625,2384.782470703125,1349.25,64.869140625,68.434814453125
IMG_0045.mp4,160,5.333333333333333,30.0,48,2,traffic_signs,0.7811001539230347,236.76202392578125,1377.13134765625,275.0616149902344,1452.4931640625,255.9118194580078,1414.812255859375,38.299591064453125,75.36181640625
IMG_0045.mp4,160,5.333333333333333,30.0,16,2,traffic_signs,0.8439235091209412,1031.3228759765625,1455.4013671875,1058.5108642578125,1499.8951416015625,1044.9168701171875,1477.6482543945312,27.18798828125,44.4937744140625
IMG_0045.mp4,160,5.333333333333333,30.0,81,1,traffic_lights,0.734490692615509,0.0,868.3259887695312,38.416194915771484,1014.6576538085938,19.208097457885742,941.4918212890625,38.416194915771484,146.3316650390625
IMG_0045.mp4,160,5.333333333333333,30.0,7,2,traffic_signs,0.6093838810920715,988.8013916015625,1502.5257568359375,1015.7957153320312,1553.472900390625,1002.2985534667969,1527.9993286132812,26.99432373046875,50.9471435546875
IMG_0045.mp4,161,5.366666666666666,30.0,3,2,traffic_signs,0.9459518194198608,1285.045654296875,1447.076171875,1502.0943603515625,1682.688232421875,1393.5700073242188,1564.8822021484375,217.0487060546875,235.612060546875
IMG_0045.mp4,161,5.366666666666666,30.0,28,1,traffic_lights,0.7488069534301758,2357.422607421875,1313.275390625,2415.38525390625,1381.794189453125,2386.4039306640625,1347.5347900390625,57.962646484375,68.518798828125
IMG_0045.mp4,161,5.366666666666666,30.0,48,2,traffic_signs,0.3878314793109894,227.7408447265625,1374.9359130859375,265.69061279296875,1448.4290771484375,246.71572875976562,1411.6824951171875,37.94976806640625,73.4931640625
IMG_0045.mp4,161,5.366666666666666,30.0,16,2,traffic_signs,0.8274161219596863,1026.2384033203125,1454.134765625,1053.1544189453125,1497.3450927734375,1039.6964111328125,1475.7399291992188,26.916015625,43.2103271484375
IMG_0045.mp4,161,5.366666666666666,30.0,81,1,traffic_lights,0.5835410356521606,0.0,867.3807373046875,28.640609741210938,1014.6702270507812,14.320304870605469,941.0254821777344,28.640609741210938,147.28948974609375
IMG_0045.mp4,161,5.366666666666666,30.0,7,2,traffic_signs,0.6560907959938049,980.6087646484375,1497.8603515625,1010.2052612304688,1551.8902587890625,995.4070129394531,1524.8753051757812,29.59649658203125,54.0299072265625
IMG_0045.mp4,162,5.4,30.0,3,2,traffic_signs,0.9511241912841797,1257.677001953125,1444.2344970703125,1476.431640625,1682.781982421875,1367.0543212890625,1563.5082397460938,218.754638671875,238.5474853515625
IMG_0045.mp4,162,5.4,30.0,28,1,traffic_lights,0.6477818489074707,2355.52490234375,1312.5897216796875,2412.1796875,1381.138671875,2383.852294921875,1346.8641967773438,56.65478515625,68.5489501953125
IMG_0045.mp4,162,5.4,30.0,48,2,traffic_signs,0.6748332381248474,214.20933532714844,1370.9420166015625,252.1760711669922,1447.52099609375,233.1927032470703,1409.2315063476562,37.96673583984375,76.5789794921875
IMG_0045.mp4,162,5.4,30.0,16,2,traffic_signs,0.6884021162986755,1018.3692626953125,1455.0198974609375,1044.821533203125,1498.349853515625,1031.5953979492188,1476.6848754882812,26.4522705078125,43.3299560546875
IMG_0045.mp4,162,5.4,30.0,7,2,traffic_signs,0.7590890526771545,971.2568969726562,1497.512939453125,1003.8778076171875,1552.546875,987.5673522949219,1525.0299072265625,32.62091064453125,55.033935546875
IMG_0045.mp4,162,5.4,30.0,86,0,auth_label,0.4077672064304352,23.939056396484375,1261.5645751953125,129.4177703857422,1672.6171875,76.67841339111328,1467.0908813476562,105.47871398925781,411.0526123046875
IMG_0045.mp4,163,5.433333333333334,30.0,3,2,traffic_signs,0.9428716897964478,1230.0723876953125,1440.396728515625,1451.5560302734375,1683.4034423828125,1340.814208984375,1561.9000854492188,221.483642578125,243.0067138671875
IMG_0045.mp4,163,5.433333333333334,30.0,28,1,traffic_lights,0.4828082025051117,2344.079833984375,1312.290283203125,2405.261474609375,1380.826416015625,2374.670654296875,1346.558349609375,61.181640625,68.5361328125
IMG_0045.mp4,163,5.433333333333334,30.0,48,2,traffic_signs,0.8164465427398682,200.2675018310547,1371.268798828125,238.1992950439453,1450.695556640625,219.2333984375,1410.982177734375,37.931793212890625,79.4267578125
IMG_0045.mp4,163,5.433333333333334,30.0,16,2,traffic_signs,0.7798396944999695,1009.7360229492188,1454.1278076171875,1036.66748046875,1499.174072265625,1023.2017517089844,1476.6509399414062,26.93145751953125,45.0462646484375
IMG_0045.mp4,163,5.433333333333334,30.0,7,2,traffic_signs,0.38281312584877014,961.3505249023438,1496.1461181640625,996.3485107421875,1556.3624267578125,978.8495178222656,1526.2542724609375,34.99798583984375,60.21630859375
IMG_0045.mp4,163,5.433333333333334,30.0,86,0,auth_label,0.5316620469093323,11.848862648010254,1265.5294189453125,114.06558990478516,1670.5206298828125,62.957226276397705,1468.0250244140625,102.2167272567749,404.9912109375
IMG_0045.mp4,164,5.466666666666667,30.0,3,2,traffic_signs,0.6038499474525452,1200.9598388671875,1435.924560546875,1425.2532958984375,1681.1837158203125,1313.1065673828125,1558.5541381835938,224.29345703125,245.2591552734375
IMG_0045.mp4,164,5.466666666666667,30.0,28,1,traffic_lights,0.6290332078933716,2337.25,1312.2098388671875,2394.449951171875,1380.7808837890625,2365.8499755859375,1346.495361328125,57.199951171875,68.571044921875
IMG_0045.mp4,164,5.466666666666667,30.0,48,2,traffic_signs,0.8797710537910461,187.3856658935547,1369.2034912109375,226.88426208496094,1449.8223876953125,207.1349639892578,1409.512939453125,39.49859619140625,80.618896484375
IMG_0045.mp4,164,5.466666666666667,30.0,16,2,traffic_signs,0.6048749685287476,1004.1054077148438,1453.3739013671875,1030.2806396484375,1497.3773193359375,1017.1930236816406,1475.3756103515625,26.17523193359375,44.00341796875
IMG_0045.mp4,164,5.466666666666667,30.0,86,0,auth_label,0.7898404598236084,9.302362442016602,1268.92041015625,105.54627990722656,1659.4532470703125,57.42432117462158,1464.1868286132812,96.24391746520996,390.5328369140625
IMG_0045.mp4,165,5.5,30.0,3,2,traffic_signs,0.9513095021247864,1172.0277099609375,1435.2908935546875,1397.6785888671875,1679.4013671875,1284.8531494140625,1557.3461303710938,225.65087890625,244.1104736328125
IMG_0045.mp4,165,5.5,30.0,28,1,traffic_lights,0.7282009124755859,2333.985107421875,1310.2962646484375,2396.967041015625,1380.1220703125,2365.47607421875,1345.2091674804688,62.98193359375,69.8258056640625
IMG_0045.mp4,165,5.5,30.0,16,2,traffic_signs,0.6830084919929504,998.3530883789062,1452.80029296875,1024.04248046875,1496.700439453125,1011.1977844238281,1474.7503662109375,25.68939208984375,43.900146484375
IMG_0045.mp4,165,5.5,30.0,86,0,auth_label,0.6257273554801941,6.304969787597656,1262.526123046875,97.63001251220703,1670.2099609375,51.967491149902344,1466.3680419921875,91.32504272460938,407.683837890625
IMG_0045.mp4,166,5.533333333333333,30.0,3,2,traffic_signs,0.8464948534965515,1140.6224365234375,1438.763671875,1369.6131591796875,1676.9769287109375,1255.1177978515625,1557.8703002929688,228.99072265625,238.2132568359375
IMG_0045.mp4,166,5.533333333333333,30.0,28,1,traffic_lights,0.5271339416503906,2332.122314453125,1309.2686767578125,2395.921630859375,1379.247314453125,2364.02197265625,1344.2579956054688,63.79931640625,69.9786376953125
IMG_0045.mp4,166,5.533333333333333,30.0,16,2,traffic_signs,0.8414866328239441,990.1802368164062,1452.1612548828125,1016.1201171875,1497.191650390625,1003.1501770019531,1474.6764526367188,25.93988037109375,45.0303955078125
IMG_0045.mp4,166,5.533333333333333,30.0,7,2,traffic_signs,0.7592442631721497,942.1466064453125,1493.587158203125,976.0799560546875,1556.8787841796875,959.11328125,1525.2329711914062,33.933349609375,63.2916259765625
IMG_0045.mp4,166,5.533333333333333,30.0,48,2,traffic_signs,0.313726544380188,164.06712341308594,1366.98876953125,202.64659118652344,1444.8427734375,183.3568572998047,1405.915771484375,38.5794677734375,77.85400390625
IMG_0045.mp4,167,5.566666666666666,30.0,3,2,traffic_signs,0.9396204352378845,1109.49365234375,1434.405029296875,1337.7669677734375,1675.516845703125,1223.6303100585938,1554.9609375,228.2733154296875,241.11181640625
IMG_0045.mp4,167,5.566666666666666,30.0,28,1,traffic_lights,0.7923232316970825,2328.923095703125,1309.2725830078125,2384.313720703125,1378.516357421875,2356.618408203125,1343.8944702148438,55.390625,69.2437744140625
IMG_0045.mp4,167,5.566666666666666,30.0,16,2,traffic_signs,0.7906039357185364,981.8959350585938,1452.1588134765625,1009.30859375,1496.8856201171875,995.6022644042969,1474.522216796875,27.41265869140625,44.726806640625
IMG_0045.mp4,167,5.566666666666666,30.0,7,2,traffic_signs,0.42783400416374207,933.157958984375,1492.8138427734375,967.5930786132812,1556.8037109375,950.3755187988281,1524.8087768554688,34.43511962890625,63.9898681640625
IMG_0045.mp4,168,5.6,30.0,3,2,traffic_signs,0.9549210667610168,1077.7674560546875,1425.369140625,1307.6160888671875,1672.164306640625,1192.6917724609375,1548.7667236328125,229.8486328125,246.795166015625
IMG_0045.mp4,168,5.6,30.0,16,2,traffic_signs,0.5620548725128174,976.8588256835938,1450.5872802734375,1004.3198852539062,1494.0657958984375,990.58935546875,1472.3265380859375,27.4610595703125,43.478515625
IMG_0045.mp4,169,5.633333333333334,30.0,3,2,traffic_signs,0.7004345655441284,1043.1197509765625,1414.1279296875,1277.13720703125,1671.171875,1160.1284790039062,1542.64990234375,234.0174560546875,257.0439453125
IMG_0045.mp4,169,5.633333333333334,30.0,16,2,traffic_signs,0.48161548376083374,971.317138671875,1448.74462890625,998.6160888671875,1493.83740234375,984.9666137695312,1471.291015625,27.2989501953125,45.0927734375
IMG_0045.mp4,169,5.633333333333334,30.0,94,1,traffic_lights,0.39337658882141113,2358.208251953125,1310.432373046875,2393.52490234375,1371.3133544921875,2375.8665771484375,1340.8728637695312,35.316650390625,60.8809814453125
IMG_0045.mp4,169,5.633333333333334,30.0,7,2,traffic_signs,0.6895375847816467,921.882080078125,1489.9234619140625,957.0293579101562,1553.603271484375,939.4557189941406,1521.7633666992188,35.14727783203125,63.6798095703125
IMG_0045.mp4,170,5.666666666666667,30.0,3,2,traffic_signs,0.47317376732826233,1001.2398071289062,1404.4288330078125,1246.1484375,1673.718017578125,1123.6941223144531,1539.0734252929688,244.90863037109375,269.2891845703125
IMG_0045.mp4,170,5.666666666666667,30.0,16,2,traffic_signs,0.712379515171051,963.4241333007812,1449.04443359375,989.8297119140625,1494.9259033203125,976.6269226074219,1471.9851684570312,26.40557861328125,45.8814697265625
IMG_0045.mp4,170,5.666666666666667,30.0,94,1,traffic_lights,0.4824708104133606,2357.640380859375,1312.8731689453125,2392.122802734375,1375.116943359375,2374.881591796875,1343.9950561523438,34.482421875,62.2437744140625
IMG_0045.mp4,170,5.666666666666667,30.0,7,2,traffic_signs,0.5926928520202637,914.3748168945312,1490.71142578125,950.185791015625,1555.7362060546875,932.2803039550781,1523.2238159179688,35.81097412109375,65.0247802734375
IMG_0045.mp4,171,5.7,30.0,94,1,traffic_lights,0.4653867781162262,2339.274658203125,1309.6842041015625,2390.785888671875,1375.63525390625,2365.0302734375,1342.6597290039062,51.51123046875,65.9510498046875
IMG_0045.mp4,171,5.7,30.0,7,2,traffic_signs,0.572770357131958,903.9274291992188,1490.8760986328125,939.3002319335938,1558.070556640625,921.6138305664062,1524.4733276367188,35.372802734375,67.1944580078125
IMG_0045.mp4,171,5.7,30.0,8,2,traffic_signs,0.6365402340888977,1276.2481689453125,1535.192626953125,1309.5098876953125,1586.746826171875,1292.8790283203125,1560.9697265625,33.26171875,51.55419921875
IMG_0045.mp4,172,5.733333333333333,30.0,94,1,traffic_lights,0.35899078845977783,2337.748291015625,1308.0045166015625,2387.643798828125,1371.24609375,2362.696044921875,1339.6253051757812,49.8955078125,63.2415771484375
IMG_0045.mp4,172,5.733333333333333,30.0,8,2,traffic_signs,0.7018152475357056,1271.034423828125,1535.1668701171875,1299.441650390625,1585.421630859375,1285.238037109375,1560.2942504882812,28.4072265625,50.2547607421875
IMG_0045.mp4,172,5.733333333333333,30.0,48,2,traffic_signs,0.8171916604042053,84.42559814453125,1360.429443359375,124.7050552368164,1442.8978271484375,104.56532669067383,1401.6636352539062,40.279457092285156,82.4683837890625
IMG_0045.mp4,172,5.733333333333333,30.0,3,2,traffic_signs,0.4348537027835846,917.7841796875,1388.830810546875,1174.873291015625,1683.8177490234375,1046.3287353515625,1536.3242797851562,257.089111328125,294.9869384765625
IMG_0045.mp4,173,5.766666666666667,30.0,8,2,traffic_signs,0.6878389120101929,1267.2401123046875,1533.48681640625,1296.1170654296875,1584.3023681640625,1281.6785888671875,1558.8945922851562,28.876953125,50.8155517578125
IMG_0045.mp4,173,5.766666666666667,30.0,48,2,traffic_signs,0.5930514931678772,74.05810546875,1357.4180908203125,115.11814880371094,1441.812255859375,94.58812713623047,1399.6151733398438,41.06004333496094,84.3941650390625
IMG_0045.mp4,173,5.766666666666667,30.0,3,2,traffic_signs,0.9380037784576416,884.3038330078125,1382.9019775390625,1139.3482666015625,1671.391357421875,1011.8260498046875,1527.1466674804688,255.04443359375,288.4893798828125
IMG_0045.mp4,173,5.766666666666667,30.0,28,1,traffic_lights,0.6654897332191467,2313.5302734375,1305.3204345703125,2377.4453125,1371.1864013671875,2345.48779296875,1338.25341796875,63.9150390625,65.865966796875
IMG_0045.mp4,174,5.8,30.0,8,2,traffic_signs,0.800613284111023,1264.5872802734375,1531.40625,1295.1380615234375,1584.046875,1279.8626708984375,1557.7265625,30.55078125,52.640625
IMG_0045.mp4,174,5.8,30.0,48,2,traffic_signs,0.8700376152992249,63.3251838684082,1355.8533935546875,105.53112030029297,1440.3834228515625,84.42815208435059,1398.118408203125,42.205936431884766,84.530029296875
IMG_0045.mp4,174,5.8,30.0,3,2,traffic_signs,0.7958618998527527,846.6456909179688,1374.7003173828125,1104.6243896484375,1667.3157958984375,975.6350402832031,1521.008056640625,257.97869873046875,292.615478515625
IMG_0045.mp4,174,5.8,30.0,28,1,traffic_lights,0.760296106338501,2311.967041015625,1302.256103515625,2375.34912109375,1370.0767822265625,2343.6580810546875,1336.1664428710938,63.382080078125,67.8206787109375
IMG_0045.mp4,175,5.833333333333333,30.0,8,2,traffic_signs,0.6750298738479614,1259.5159912109375,1529.84375,1290.9798583984375,1585.4609375,1275.2479248046875,1557.65234375,31.4638671875,55.6171875
IMG_0045.mp4,175,5.833333333333333,30.0,48,2,traffic_signs,0.8790565133094788,48.79232406616211,1353.873779296875,92.46127319335938,1440.493896484375,70.62679862976074,1397.183837890625,43.668949127197266,86.6201171875
IMG_0045.mp4,175,5.833333333333333,30.0,3,2,traffic_signs,0.8432997465133667,801.3372802734375,1367.0301513671875,1066.1978759765625,1665.2509765625,933.767578125,1516.1405639648438,264.860595703125,298.2208251953125
IMG_0045.mp4,175,5.833333333333333,30.0,28,1,traffic_lights,0.8296185731887817,2310.947998046875,1302.556640625,2375.800048828125,1369.8018798828125,2343.3740234375,1336.1792602539062,64.85205078125,67.2452392578125
IMG_0045.mp4,176,5.866666666666666,30.0,8,2,traffic_signs,0.4427412152290344,1255.2413330078125,1524.5714111328125,1295.6239013671875,1586.240966796875,1275.4326171875,1555.4061889648438,40.382568359375,61.6695556640625
IMG_0045.mp4,176,5.866666666666666,30.0,48,2,traffic_signs,0.887355387210846,34.422603607177734,1353.477783203125,79.50006866455078,1441.557861328125,56.96133613586426,1397.517822265625,45.07746505737305,88.080078125
IMG_0045.mp4,176,5.866666666666666,30.0,28,1,traffic_lights,0.8542404770851135,2311.103271484375,1303.4658203125,2376.076171875,1369.8616943359375,2343.5897216796875,1336.6637573242188,64.972900390625,66.3958740234375
IMG_0045.mp4,177,5.9,30.0,8,2,traffic_signs,0.6864909529685974,1249.367919921875,1528.8345947265625,1284.482421875,1585.9482421875,1266.9251708984375,1557.3914184570312,35.114501953125,57.1136474609375
IMG_0045.mp4,177,5.9,30.0,48,2,traffic_signs,0.8702287077903748,18.843019485473633,1351.13818359375,65.60259246826172,1441.417236328125,42.222805976867676,1396.2777099609375,46.759572982788086,90.279052734375
IMG_0045.mp4,177,5.9,30.0,28,1,traffic_lights,0.7417576909065247,2310.461181640625,1302.981201171875,2374.715576171875,1369.8470458984375,2342.58837890625,1336.4141235351562,64.25439453125,66.8658447265625
IMG_0045.mp4,177,5.9,30.0,3,2,traffic_signs,0.6488797068595886,706.5054931640625,1349.800048828125,979.7008666992188,1661.817626953125,843.1031799316406,1505.808837890625,273.19537353515625,312.017578125
IMG_0045.mp4,178,5.933333333333334,30.0,8,2,traffic_signs,0.7600968480110168,1242.527587890625,1529.26123046875,1277.6148681640625,1583.964111328125,1260.0712280273438,1556.6126708984375,35.0872802734375,54.702880859375
IMG_0045.mp4,178,5.933333333333334,30.0,48,2,traffic_signs,0.8741078972816467,6.121702194213867,1350.732177734375,53.13255310058594,1439.3538818359375,29.627127647399902,1395.0430297851562,47.01085090637207,88.6217041015625
IMG_0045.mp4,178,5.933333333333334,30.0,28,1,traffic_lights,0.3278278708457947,2311.663818359375,1303.0439453125,2372.7353515625,1369.8828125,2342.1995849609375,1336.46337890625,61.071533203125,66.8388671875
IMG_0045.mp4,178,5.933333333333334,30.0,3,2,traffic_signs,0.4932025671005249,652.9425048828125,1339.3978271484375,935.8163452148438,1660.0428466796875,794.3794250488281,1499.7203369140625,282.87384033203125,320.64501953125
IMG_0045.mp4,179,5.966666666666667,30.0,8,2,traffic_signs,0.7957714200019836,1237.9141845703125,1527.8717041015625,1273.3682861328125,1583.4105224609375,1255.6412353515625,1555.64111328125,35.4541015625,55.538818359375
IMG_0045.mp4,179,5.966666666666667,30.0,48,2,traffic_signs,0.8315702676773071,0.0,1348.6217041015625,42.54839324951172,1439.603759765625,21.27419662475586,1394.1127319335938,42.54839324951172,90.9820556640625
IMG_0045.mp4,179,5.966666666666667,30.0,28,1,traffic_lights,0.7900615334510803,2309.0927734375,1300.670166015625,2372.462890625,1367.519775390625,2340.77783203125,1334.094970703125,63.3701171875,66.849609375
IMG_0045.mp4,179,5.966666666666667,30.0,3,2,traffic_signs,0.39801323413848877,601.708740234375,1330.4266357421875,890.186767578125,1657.794677734375,745.94775390625,1494.1106567382812,288.47802734375,327.3680419921875
IMG_0045.mp4,180,6.0,30.0,8,2,traffic_signs,0.7396632432937622,1233.2515869140625,1522.3131103515625,1272.0391845703125,1583.296875,1252.6453857421875,1552.8049926757812,38.78759765625,60.9837646484375
IMG_0045.mp4,180,6.0,30.0,48,2,traffic_signs,0.7854471802711487,0.0,1349.984619140625,29.664304733276367,1433.20751953125,14.832152366638184,1391.5960693359375,29.664304733276367,83.222900390625
IMG_0045.mp4,180,6.0,30.0,28,1,traffic_lights,0.7033262252807617,2309.062744140625,1300.583251953125,2372.60693359375,1366.995849609375,2340.8348388671875,1333.78955078125,63.544189453125,66.41259765625
IMG_0045.mp4,181,6.033333333333333,30.0,8,2,traffic_signs,0.2798183858394623,1230.86962890625,1524.1983642578125,1267.7867431640625,1581.9163818359375,1249.3281860351562,1553.057373046875,36.9171142578125,57.718017578125
IMG_0045.mp4,181,6.033333333333333,30.0,48,2,traffic_signs,0.7109721302986145,0.0,1352.7923583984375,17.423086166381836,1428.7471923828125,8.711543083190918,1390.769775390625,17.423086166381836,75.954833984375
IMG_0045.mp4,181,6.033333333333333,30.0,28,1,traffic_lights,0.7969465255737305,2307.81591796875,1299.5166015625,2372.008544921875,1365.5484619140625,2339.9122314453125,1332.5325317382812,64.192626953125,66.0318603515625
IMG_0045.mp4,181,6.033333333333333,30.0,103,2,traffic_signs,0.7010237574577332,887.1856689453125,1440.61572265625,917.4127197265625,1489.2901611328125,902.2991943359375,1464.9529418945312,30.22705078125,48.6744384765625
IMG_0045.mp4,182,6.066666666666666,30.0,8,2,traffic_signs,0.4501691162586212,1228.6387939453125,1528.039306640625,1261.19482421875,1581.2281494140625,1244.9168090820312,1554.6337280273438,32.5560302734375,53.1888427734375
IMG_0045.mp4,182,6.066666666666666,30.0,28,1,traffic_lights,0.7223786115646362,2306.368896484375,1297.0499267578125,2371.88818359375,1364.3914794921875,2339.1285400390625,1330.720703125,65.519287109375,67.341552734375
IMG_0045.mp4,182,6.066666666666666,30.0,103,2,traffic_signs,0.625084638595581,881.086181640625,1439.70849609375,912.7440185546875,1488.3193359375,896.9151000976562,1464.013916015625,31.6578369140625,48.61083984375
IMG_0045.mp4,183,6.1,30.0,8,2,traffic_signs,0.6495230197906494,1222.5592041015625,1525.4337158203125,1256.441162109375,1581.49951171875,1239.5001831054688,1553.4666137695312,33.8819580078125,56.0657958984375
IMG_0045.mp4,183,6.1,30.0,28,1,traffic_lights,0.32031798362731934,2304.979736328125,1295.10791015625,2371.79638671875,1363.499755859375,2338.3880615234375,1329.3038330078125,66.816650390625,68.391845703125
IMG_0045.mp4,183,6.1,30.0,103,2,traffic_signs,0.7748425602912903,874.4195556640625,1438.90966796875,907.0606689453125,1486.75830078125,890.7401123046875,1462.833984375,32.64111328125,47.8486328125
IMG_0045.mp4,184,6.133333333333334,30.0,8,2,traffic_signs,0.6313326358795166,1219.54345703125,1525.3524169921875,1252.6265869140625,1581.758056640625,1236.0850219726562,1553.5552368164062,33.0831298828125,56.4056396484375
IMG_0045.mp4,184,6.133333333333334,30.0,28,1,traffic_lights,0.6464293003082275,2303.921875,1294.35009765625,2371.8662109375,1362.770263671875,2337.89404296875,1328.5601806640625,67.9443359375,68.420166015625
IMG_0045.mp4,184,6.133333333333334,30.0,103,2,traffic_signs,0.8222964406013489,869.9342041015625,1438.589599609375,901.80126953125,1486.9117431640625,885.8677368164062,1462.7506713867188,31.8670654296875,48.3221435546875
IMG_0045.mp4,185,6.166666666666667,30.0,8,2,traffic_signs,0.41335931420326233,1215.3922119140625,1519.602783203125,1249.4134521484375,1579.8031005859375,1232.40283203125,1549.7029418945312,34.021240234375,60.2003173828125
IMG_0045.mp4,185,6.166666666666667,30.0,103,2,traffic_signs,0.6880923509597778,864.2034912109375,1438.7344970703125,896.1812133789062,1486.630859375,880.1923522949219,1462.6826782226562,31.97772216796875,47.8963623046875
IMG_0045.mp4,186,6.2,30.0,8,2,traffic_signs,0.5705376863479614,1213.4306640625,1509.719970703125,1244.8370361328125,1569.018310546875,1229.1338500976562,1539.369140625,31.4063720703125,59.29833984375
IMG_0045.mp4,186,6.2,30.0,103,2,traffic_signs,0.7073413133621216,857.7552490234375,1438.1756591796875,890.4915771484375,1485.49951171875,874.1234130859375,1461.8375854492188,32.736328125,47.3238525390625
IMG_0045.mp4,187,6.233333333333333,30.0,103,2,traffic_signs,0.7511122822761536,851.04052734375,1437.81103515625,884.0758666992188,1484.0899658203125,867.5581970214844,1460.9505004882812,33.03533935546875,46.2789306640625
IMG_0045.mp4,188,6.266666666666667,30.0,103,2,traffic_signs,0.8692483305931091,844.925048828125,1436.7843017578125,877.7022705078125,1483.5574951171875,861.3136596679688,1460.1708984375,32.7772216796875,46.773193359375
IMG_0045.mp4,188,6.266666666666667,30.0,8,2,traffic_signs,0.35977867245674133,1208.0147705078125,1504.5010986328125,1236.31005859375,1557.40283203125,1222.1624145507812,1530.9519653320312,28.2952880859375,52.9017333984375
IMG_0045.mp4,189,6.3,30.0,103,2,traffic_signs,0.8587459325790405,838.954833984375,1437.97705078125,871.9830932617188,1483.836669921875,855.4689636230469,1460.9068603515625,33.02825927734375,45.859619140625
IMG_0045.mp4,189,6.3,30.0,8,2,traffic_signs,0.36675238609313965,1202.7943115234375,1504.943115234375,1232.2445068359375,1559.6043701171875,1217.5194091796875,1532.2737426757812,29.4501953125,54.6612548828125
IMG_0045.mp4,190,6.333333333333333,30.0,103,2,traffic_signs,0.8357236385345459,832.6845092773438,1436.8414306640625,867.2017822265625,1481.1727294921875,849.9431457519531,1459.007080078125,34.51727294921875,44.331298828125
IMG_0045.mp4,190,6.333333333333333,30.0,110,2,traffic_signs,0.5538604259490967,1234.688232421875,1519.5869140625,1263.1314697265625,1554.690673828125,1248.9098510742188,1537.1387939453125,28.4432373046875,35.103759765625
IMG_0045.mp4,191,6.366666666666666,30.0,103,2,traffic_signs,0.7588639855384827,826.4490966796875,1438.3575439453125,861.76416015625,1480.460693359375,844.1066284179688,1459.4091186523438,35.3150634765625,42.1031494140625
IMG_0045.mp4,191,6.366666666666666,30.0,110,2,traffic_signs,0.4024030268192291,1230.9061279296875,1519.3287353515625,1260.798095703125,1555.7335205078125,1245.8521118164062,1537.5311279296875,29.8919677734375,36.40478515625
IMG_0045.mp4,192,6.4,30.0,110,2,traffic_signs,0.540759265422821,1226.211669921875,1518.9052734375,1257.5694580078125,1557.6737060546875,1241.8905639648438,1538.2894897460938,31.3577880859375,38.7684326171875
IMG_0045.mp4,193,6.433333333333334,30.0,110,2,traffic_signs,0.3991694450378418,1221.8251953125,1517.9473876953125,1255.0916748046875,1557.56591796875,1238.4584350585938,1537.7566528320312,33.2664794921875,39.6185302734375
IMG_0045.mp4,193,6.433333333333334,30.0,103,2,traffic_signs,0.6479875445365906,815.73291015625,1436.876953125,852.7743530273438,1478.2828369140625,834.2536315917969,1457.5798950195312,37.04144287109375,41.4058837890625
IMG_0045.mp4,194,6.466666666666667,30.0,110,2,traffic_signs,0.6602827906608582,1216.97802734375,1518.8616943359375,1252.600341796875,1561.118408203125,1234.7891845703125,1539.9900512695312,35.622314453125,42.2567138671875
IMG_0045.mp4,195,6.5,30.0,110,2,traffic_signs,0.65211421251297,1213.5660400390625,1520.040771484375,1250.927490234375,1562.076171875,1232.2467651367188,1541.0584716796875,37.3614501953125,42.035400390625
IMG_0045.mp4,196,6.533333333333333,30.0,110,2,traffic_signs,0.836503267288208,1210.4217529296875,1520.2142333984375,1250.774169921875,1560.9722900390625,1230.5979614257812,1540.59326171875,40.3524169921875,40.758056640625
IMG_0045.mp4,202,6.733333333333333,30.0,110,2,traffic_signs,0.671653151512146,1194.1929931640625,1516.0682373046875,1246.951416015625,1576.4842529296875,1220.5722045898438,1546.2762451171875,52.7584228515625,60.416015625
IMG_0045.mp4,203,6.766666666666667,30.0,110,2,traffic_signs,0.8423815369606018,1199.438720703125,1514.3170166015625,1250.6536865234375,1571.895263671875,1225.0462036132812,1543.1061401367188,51.2149658203125,57.5782470703125
IMG_0045.mp4,205,6.833333333333333,30.0,116,2,traffic_signs,0.4976956844329834,731.1749267578125,1474.373779296875,780.6688842773438,1551.7420654296875,755.9219055175781,1513.0579223632812,49.49395751953125,77.3682861328125
IMG_0045.mp4,206,6.866666666666666,30.0,116,2,traffic_signs,0.5933299660682678,729.8760986328125,1476.9188232421875,777.81591796875,1552.1480712890625,753.8460083007812,1514.533447265625,47.9398193359375,75.229248046875
IMG_0045.mp4,225,7.5,30.0,126,2,traffic_signs,0.8491685390472412,768.8535766601562,1467.8385009765625,816.8699951171875,1542.829345703125,792.8617858886719,1505.3339233398438,48.01641845703125,74.9908447265625
IMG_0045.mp4,225,7.5,30.0,127,2,traffic_signs,0.7187945246696472,818.8231811523438,1414.3189697265625,857.8991088867188,1467.60986328125,838.3611450195312,1440.9644165039062,39.075927734375,53.2908935546875
IMG_0045.mp4,226,7.533333333333333,30.0,127,2,traffic_signs,0.7529122233390808,821.4963989257812,1412.8004150390625,858.8401489257812,1468.5146484375,840.1682739257812,1440.6575317382812,37.34375,55.7142333984375
IMG_0045.mp4,226,7.533333333333333,30.0,128,2,traffic_signs,0.8293172717094421,1262.1572265625,1521.188232421875,1302.2061767578125,1579.685791015625,1282.1817016601562,1550.43701171875,40.0489501953125,58.49755859375
IMG_0045.mp4,226,7.533333333333333,30.0,129,2,traffic_signs,0.8321893811225891,1219.7666015625,1475.616455078125,1246.41845703125,1548.4539794921875,1233.092529296875,1512.0352172851562,26.65185546875,72.8375244140625
IMG_0045.mp4,227,7.566666666666666,30.0,127,2,traffic_signs,0.8712994456291199,821.3966064453125,1412.515869140625,859.8514404296875,1470.9864501953125,840.6240234375,1441.7511596679688,38.454833984375,58.4705810546875
IMG_0045.mp4,227,7.566666666666666,30.0,128,2,traffic_signs,0.6371747255325317,1266.12841796875,1525.430419921875,1308.69580078125,1581.4461669921875,1287.412109375,1553.4382934570312,42.5673828125,56.0157470703125
IMG_0045.mp4,227,7.566666666666666,30.0,129,2,traffic_signs,0.7508231997489929,1220.0445556640625,1476.905517578125,1248.991455078125,1553.83740234375,1234.5180053710938,1515.3714599609375,28.9468994140625,76.931884765625
IMG_0045.mp4,227,7.566666666666666,30.0,126,2,traffic_signs,0.6148717403411865,770.8289794921875,1468.2435302734375,818.2572021484375,1542.076904296875,794.5430908203125,1505.1602172851562,47.42822265625,73.8333740234375
IMG_0045.mp4,228,7.6,30.0,127,2,traffic_signs,0.8381840586662292,827.52392578125,1410.2789306640625,866.0762329101562,1466.84228515625,846.8000793457031,1438.5606079101562,38.55230712890625,56.5633544921875
IMG_0045.mp4,228,7.6,30.0,128,2,traffic_signs,0.8743597269058228,1274.5284423828125,1519.62939453125,1315.909912109375,1579.2720947265625,1295.2191772460938,1549.4507446289062,41.3814697265625,59.6427001953125
IMG_0045.mp4,228,7.6,30.0,129,2,traffic_signs,0.8606213331222534,1227.076904296875,1473.3919677734375,1255.294189453125,1548.63720703125,1241.185546875,1511.0145874023438,28.21728515625,75.2452392578125
IMG_0045.mp4,228,7.6,30.0,134,2,traffic_signs,0.8010110855102539,1174.248779296875,1438.8868408203125,1202.90234375,1525.3804931640625,1188.5755615234375,1482.1336669921875,28.653564453125,86.49365234375
IMG_0045.mp4,228,7.6,30.0,126,2,traffic_signs,0.8629628419876099,778.6358642578125,1465.9815673828125,826.8724975585938,1539.967529296875,802.7541809082031,1502.9745483398438,48.23663330078125,73.9859619140625
IMG_0045.mp4,229,7.633333333333334,30.0,127,2,traffic_signs,0.7691918611526489,831.9916381835938,1408.9287109375,868.822509765625,1467.3170166015625,850.4070739746094,1438.1228637695312,36.83087158203125,58.3883056640625
IMG_0045.mp4,229,7.633333333333334,30.0,128,2,traffic_signs,0.8993579149246216,1280.123291015625,1518.388916015625,1321.3140869140625,1579.59130859375,1300.7186889648438,1548.9901123046875,41.1907958984375,61.202392578125
IMG_0045.mp4,229,7.633333333333334,30.0,129,2,traffic_signs,0.7291314005851746,1232.6214599609375,1473.4366455078125,1260.7578125,1546.0009765625,1246.6896362304688,1509.7188110351562,28.1363525390625,72.5643310546875
IMG_0045.mp4,229,7.633333333333334,30.0,126,2,traffic_signs,0.906164824962616,781.8342895507812,1464.3597412109375,831.3571166992188,1541.329345703125,806.595703125,1502.8445434570312,49.5228271484375,76.9696044921875
IMG_0045.mp4,230,7.666666666666667,30.0,127,2,traffic_signs,0.8595588803291321,839.9890747070312,1408.432861328125,875.7579345703125,1465.33642578125,857.8735046386719,1436.8846435546875,35.76885986328125,56.903564453125
IMG_0045.mp4,230,7.666666666666667,30.0,128,2,traffic_signs,0.8645709156990051,1288.9373779296875,1519.1026611328125,1328.317626953125,1577.5703125,1308.6275024414062,1548.3364868164062,39.3802490234375,58.4676513671875
IMG_0045.mp4,230,7.666666666666667,30.0,129,2,traffic_signs,0.8311724662780762,1242.326416015625,1471.7044677734375,1267.1917724609375,1543.8294677734375,1254.7590942382812,1507.7669677734375,24.8653564453125,72.125
IMG_0045.mp4,230,7.666666666666667,30.0,126,2,traffic_signs,0.9174115061759949,790.3202514648438,1464.5706787109375,837.822509765625,1540.0301513671875,814.0713806152344,1502.3004150390625,47.50225830078125,75.45947265625
IMG_0045.mp4,231,7.7,30.0,127,2,traffic_signs,0.8734415769577026,843.8197631835938,1408.419189453125,880.3712158203125,1463.858642578125,862.0954895019531,1436.138916015625,36.55145263671875,55.439453125
IMG_0045.mp4,231,7.7,30.0,128,2,traffic_signs,0.8767281174659729,1296.682861328125,1519.0997314453125,1335.670166015625,1580.314697265625,1316.176513671875,1549.7072143554688,38.9873046875,61.2149658203125
IMG_0045.mp4,231,7.7,30.0,129,2,traffic_signs,0.8412085175514221,1248.2213134765625,1471.6824951171875,1271.7510986328125,1544.283935546875,1259.9862060546875,1507.9832153320312,23.52978515625,72.6014404296875
IMG_0045.mp4,231,7.7,30.0,126,2,traffic_signs,0.8482239842414856,794.5833740234375,1466.0355224609375,841.3370971679688,1539.976318359375,817.9602355957031,1503.0059204101562,46.75372314453125,73.9407958984375
IMG_0045.mp4,232,7.733333333333333,30.0,127,2,traffic_signs,0.809211790561676,850.700927734375,1406.21240234375,888.4039306640625,1459.5526123046875,869.5524291992188,1432.8825073242188,37.7030029296875,53.3402099609375
IMG_0045.mp4,232,7.733333333333333,30.0,128,2,traffic_signs,0.8765608072280884,1304.866455078125,1516.3690185546875,1343.6707763671875,1577.0751953125,1324.2686157226562,1546.7221069335938,38.8043212890625,60.7061767578125
IMG_0045.mp4,232,7.733333333333333,30.0,129,2,traffic_signs,0.8068044185638428,1256.4622802734375,1468.80859375,1278.2847900390625,1542.0880126953125,1267.37353515625,1505.4483032226562,21.822509765625,73.2794189453125
IMG_0045.mp4,232,7.733333333333333,30.0,126,2,traffic_signs,0.8893412351608276,801.2245483398438,1463.61865234375,849.041015625,1536.690185546875,825.1327819824219,1500.1544189453125,47.81646728515625,73.071533203125
IMG_0045.mp4,232,7.733333333333333,30.0,139,2,traffic_signs,0.6170559525489807,388.60418701171875,1480.042724609375,415.6987609863281,1528.759033203125,402.15147399902344,1504.40087890625,27.094573974609375,48.71630859375
IMG_0045.mp4,233,7.766666666666667,30.0,127,2,traffic_signs,0.8266286253929138,855.5260009765625,1406.4091796875,892.455078125,1459.772705078125,873.9905395507812,1433.0909423828125,36.9290771484375,53.363525390625
IMG_0045.mp4,233,7.766666666666667,30.0,128,2,traffic_signs,0.8794034719467163,1312.41162109375,1518.382080078125,1350.8228759765625,1577.947021484375,1331.6172485351562,1548.16455078125,38.4112548828125,59.56494140625
IMG_0045.mp4,233,7.766666666666667,30.0,129,2,traffic_signs,0.8208059668540955,1263.1064453125,1468.3028564453125,1284.7215576171875,1542.3316650390625,1273.9140014648438,1505.3172607421875,21.6151123046875,74.02880859375
IMG_0045.mp4,233,7.766666666666667,30.0,126,2,traffic_signs,0.8950778841972351,806.46923828125,1464.0396728515625,854.3265380859375,1537.5750732421875,830.3978881835938,1500.807373046875,47.8572998046875,73.535400390625
IMG_0045.mp4,233,7.766666666666667,30.0,140,1,traffic_lights,0.8745653033256531,2620.69140625,1229.50830078125,2661.021728515625,1305.8663330078125,2640.8565673828125,1267.6873168945312,40.330322265625,76.3580322265625
IMG_0045.mp4,234,7.8,30.0,127,2,traffic_signs,0.8650333285331726,861.7085571289062,1403.7086181640625,896.9591064453125,1456.705810546875,879.3338317871094,1430.2072143554688,35.25054931640625,52.9971923828125
IMG_0045.mp4,234,7.8,30.0,128,2,traffic_signs,0.8902966976165771,1320.35595703125,1515.224853515625,1358.187744140625,1575.85791015625,1339.2718505859375,1545.5413818359375,37.831787109375,60.633056640625
IMG_0045.mp4,234,7.8,30.0,129,2,traffic_signs,0.7869442105293274,1267.805419921875,1465.0201416015625,1290.4410400390625,1539.34765625,1279.1232299804688,1502.1838989257812,22.6356201171875,74.3275146484375
IMG_0045.mp4,234,7.8,30.0,126,2,traffic_signs,0.8894841074943542,810.495849609375,1460.899658203125,858.8636474609375,1534.2294921875,834.6797485351562,1497.5645751953125,48.3677978515625,73.329833984375
IMG_0045.mp4,234,7.8,30.0,140,1,traffic_lights,0.6013304591178894,2631.188232421875,1226.8841552734375,2671.73583984375,1302.03173828125,2651.4620361328125,1264.4579467773438,40.547607421875,75.1475830078125
IMG_0045.mp4,235,7.833333333333333,30.0,127,2,traffic_signs,0.8646568655967712,866.3133544921875,1406.070556640625,901.4527587890625,1458.4310302734375,883.883056640625,1432.2507934570312,35.139404296875,52.3604736328125
IMG_0045.mp4,235,7.833333333333333,30.0,128,2,traffic_signs,0.8735441565513611,1327.877685546875,1516.531005859375,1365.6175537109375,1577.535888671875,1346.7476196289062,1547.033447265625,37.7398681640625,61.0048828125
IMG_0045.mp4,235,7.833333333333333,30.0,129,2,traffic_signs,0.8103212118148804,1272.7529296875,1466.9981689453125,1295.781005859375,1540.821044921875,1284.2669677734375,1503.9096069335938,23.028076171875,73.8228759765625
IMG_0045.mp4,235,7.833333333333333,30.0,126,2,traffic_signs,0.7227724194526672,817.2660522460938,1462.63623046875,863.454833984375,1536.27880859375,840.3604431152344,1499.45751953125,46.18878173828125,73.642578125
IMG_0045.mp4,235,7.833333333333333,30.0,140,1,traffic_lights,0.6979401111602783,2645.16015625,1228.5430908203125,2685.77685546875,1301.4893798828125,2665.468505859375,1265.0162353515625,40.61669921875,72.9462890625
IMG_0045.mp4,236,7.866666666666666,30.0,127,2,traffic_signs,0.8519328832626343,872.4873657226562,1401.69140625,908.5213623046875,1454.5457763671875,890.5043640136719,1428.1185913085938,36.03399658203125,52.8543701171875
IMG_0045.mp4,236,7.866666666666666,30.0,128,2,traffic_signs,0.873598039150238,1334.8516845703125,1513.0963134765625,1373.301513671875,1574.2520751953125,1354.0765991210938,1543.6741943359375,38.4498291015625,61.15576171875
IMG_0045.mp4,236,7.866666666666666,30.0,129,2,traffic_signs,0.8145560622215271,1278.992431640625,1464.000244140625,1302.8687744140625,1536.920166015625,1290.9306030273438,1500.460205078125,23.8763427734375,72.919921875
IMG_0045.mp4,236,7.866666666666666,30.0,126,2,traffic_signs,0.8681350350379944,822.8966674804688,1459.0546875,868.9920043945312,1531.7001953125,845.9443359375,1495.37744140625,46.0953369140625,72.6455078125
IMG_0045.mp4,236,7.866666666666666,30.0,140,1,traffic_lights,0.6820949912071228,2660.13818359375,1222.5103759765625,2698.173095703125,1298.588134765625,2679.1556396484375,1260.5492553710938,38.034912109375,76.0777587890625
IMG_0045.mp4,237,7.9,30.0,127,2,traffic_signs,0.8139655590057373,878.6051025390625,1404.49951171875,915.1498413085938,1458.162841796875,896.8774719238281,1431.3311767578125,36.54473876953125,53.663330078125
IMG_0045.mp4,237,7.9,30.0,128,2,traffic_signs,0.8637298941612244,1344.240478515625,1515.677490234375,1383.4354248046875,1578.5556640625,1363.8379516601562,1547.1165771484375,39.1949462890625,62.878173828125
IMG_0045.mp4,237,7.9,30.0,129,2,traffic_signs,0.812218189239502,1286.30126953125,1465.70263671875,1309.8472900390625,1541.350341796875,1298.0742797851562,1503.5264892578125,23.5460205078125,75.647705078125
IMG_0045.mp4,237,7.9,30.0,126,2,traffic_signs,0.8954013586044312,830.1329345703125,1463.06787109375,875.68896484375,1535.0120849609375,852.9109497070312,1499.0399780273438,45.5560302734375,71.9442138671875
IMG_0045.mp4,237,7.9,30.0,140,1,traffic_lights,0.7445197701454163,2672.46484375,1224.726318359375,2712.733154296875,1301.38623046875,2692.5989990234375,1263.0562744140625,40.268310546875,76.659912109375
IMG_0045.mp4,238,7.933333333333334,30.0,127,2,traffic_signs,0.864926815032959,883.0571899414062,1402.4189453125,918.994384765625,1455.2869873046875,901.0257873535156,1428.8529663085938,35.93719482421875,52.8680419921875
IMG_0045.mp4,238,7.933333333333334,30.0,128,2,traffic_signs,0.8004558086395264,1350.5531005859375,1514.4305419921875,1390.404052734375,1576.4686279296875,1370.4785766601562,1545.4495849609375,39.8509521484375,62.0380859375
IMG_0045.mp4,238,7.933333333333334,30.0,129,2,traffic_signs,0.8105369210243225,1290.677490234375,1463.397705078125,1315.9725341796875,1538.889892578125,1303.3250122070312,1501.143798828125,25.2950439453125,75.4921875
IMG_0045.mp4,238,7.933333333333334,30.0,126,2,traffic_signs,0.8779066801071167,833.8714599609375,1460.7861328125,880.3629760742188,1532.92431640625,857.1172180175781,1496.855224609375,46.49151611328125,72.13818359375
IMG_0045.mp4,238,7.933333333333334,30.0,140,1,traffic_lights,0.7684387564659119,2686.912109375,1220.2647705078125,2726.817626953125,1297.7803955078125,2706.8648681640625,1259.0225830078125,39.905517578125,77.515625
IMG_0045.mp4,239,7.966666666666667,30.0,127,2,traffic_signs,0.8659448623657227,888.855712890625,1402.5167236328125,926.2098999023438,1454.8160400390625,907.5328063964844,1428.6663818359375,37.35418701171875,52.29931640625
IMG_0045.mp4,239,7.966666666666667,30.0,128,2,traffic_signs,0.8545719981193542,1358.8896484375,1514.558349609375,1398.932373046875,1576.6258544921875,1378.9110107421875,1545.5921020507812,40.042724609375,62.0675048828125
IMG_0045.mp4,239,7.966666666666667,30.0,129,2,traffic_signs,0.7970400452613831,1297.87060546875,1464.046875,1322.1761474609375,1540.0635986328125,1310.0233764648438,1502.0552368164062,24.3055419921875,76.0167236328125
IMG_0045.mp4,239,7.966666666666667,30.0,126,2,traffic_signs,0.8805932402610779,839.2534790039062,1461.071044921875,887.0549926757812,1534.118896484375,863.1542358398438,1497.594970703125,47.801513671875,73.0478515625
IMG_0045.mp4,239,7.966666666666667,30.0,140,1,traffic_lights,0.5971025824546814,2705.630126953125,1221.9444580078125,2741.32763671875,1296.5482177734375,2723.4788818359375,1259.246337890625,35.697509765625,74.603759765625
IMG_0045.mp4,240,8.0,30.0,127,2,traffic_signs,0.7954149842262268,893.231689453125,1401.0728759765625,931.9879150390625,1454.4251708984375,912.6098022460938,1427.7490234375,38.7562255859375,53.352294921875
IMG_0045.mp4,240,8.0,30.0,128,2,traffic_signs,0.8662131428718567,1366.3870849609375,1514.5931396484375,1407.3450927734375,1577.488525390625,1386.8660888671875,1546.0408325195312,40.9580078125,62.8953857421875
IMG_0045.mp4,240,8.0,30.0,129,2,traffic_signs,0.7554474472999573,1304.0736083984375,1463.10302734375,1329.0474853515625,1540.8546142578125,1316.560546875,1501.9788208007812,24.973876953125,77.7515869140625
IMG_0045.mp4,240,8.0,30.0,126,2,traffic_signs,0.8412821888923645,843.0942993164062,1460.820556640625,892.9619750976562,1533.9769287109375,868.0281372070312,1497.3987426757812,49.86767578125,73.1563720703125
IMG_0045.mp4,240,8.0,30.0,140,1,traffic_lights,0.47678425908088684,2712.260009765625,1219.0059814453125,2755.14599609375,1296.5067138671875,2733.7030029296875,1257.75634765625,42.885986328125,77.500732421875
IMG_0045.mp4,241,8.033333333333333,30.0,127,2,traffic_signs,0.8424023985862732,898.5458374023438,1398.586181640625,938.3546752929688,1452.6031494140625,918.4502563476562,1425.5946655273438,39.808837890625,54.0169677734375
IMG_0045.mp4,241,8.033333333333333,30.0,128,2,traffic_signs,0.8564914464950562,1373.820556640625,1513.555419921875,1415.0474853515625,1576.00732421875,1394.4340209960938,1544.7813720703125,41.2269287109375,62.451904296875
IMG_0045.mp4,241,8.033333333333333,30.0,129,2,traffic_signs,0.8031194806098938,1310.4415283203125,1458.7196044921875,1337.2301025390625,1538.7393798828125,1323.8358154296875,1498.7294921875,26.78857421875,80.019775390625
IMG_0045.mp4,241,8.033333333333333,30.0,126,2,traffic_signs,0.8740718960762024,849.909912109375,1459.5179443359375,898.3663330078125,1531.677978515625,874.1381225585938,1495.5979614257812,48.4564208984375,72.1600341796875
IMG_0045.mp4,241,8.033333333333333,30.0,140,1,traffic_lights,0.47116121649742126,2727.71337890625,1215.165771484375,2768.164306640625,1293.440673828125,2747.9388427734375,1254.30322265625,40.450927734375,78.27490234375
IMG_0045.mp4,242,8.066666666666666,30.0,127,2,traffic_signs,0.8469690680503845,905.92919921875,1400.2637939453125,945.1768798828125,1454.837158203125,925.5530395507812,1427.5504760742188,39.2476806640625,54.5733642578125
IMG_0045.mp4,242,8.066666666666666,30.0,128,2,traffic_signs,0.8577330112457275,1383.6055908203125,1516.2049560546875,1424.2200927734375,1578.6353759765625,1403.912841796875,1547.420166015625,40.614501953125,62.430419921875
IMG_0045.mp4,242,8.066666666666666,30.0,129,2,traffic_signs,0.8007222414016724,1317.2908935546875,1458.914306640625,1345.1661376953125,1541.7489013671875,1331.228515625,1500.3316040039062,27.875244140625,82.8345947265625
IMG_0045.mp4,242,8.066666666666666,30.0,126,2,traffic_signs,0.8823505640029907,856.5656127929688,1461.2568359375,905.2926025390625,1534.2027587890625,880.9291076660156,1497.7297973632812,48.72698974609375,72.9459228515625
IMG_0045.mp4,242,8.066666666666666,30.0,140,1,traffic_lights,0.3506118059158325,2744.840087890625,1217.7779541015625,2783.018310546875,1295.29345703125,2763.92919921875,1256.5357055664062,38.17822265625,77.5155029296875
IMG_0045.mp4,243,8.1,30.0,127,2,traffic_signs,0.862026572227478,911.7277221679688,1395.860107421875,951.4889526367188,1451.308349609375,931.6083374023438,1423.584228515625,39.76123046875,55.4482421875
IMG_0045.mp4,243,8.1,30.0,128,2,traffic_signs,0.8468533754348755,1393.1646728515625,1513.54052734375,1433.3546142578125,1577.1556396484375,1413.2596435546875,1545.3480834960938,40.18994140625,63.6151123046875
IMG_0045.mp4,243,8.1,30.0,129,2,traffic_signs,0.7852006554603577,1322.0777587890625,1456.964111328125,1351.1029052734375,1540.3995361328125,1336.59033203125,1498.6818237304688,29.025146484375,83.4354248046875
IMG_0045.mp4,243,8.1,30.0,126,2,traffic_signs,0.81637042760849,862.0592651367188,1458.298095703125,910.5340576171875,1531.9586181640625,886.2966613769531,1495.1283569335938,48.47479248046875,73.6605224609375
IMG_0045.mp4,243,8.1,30.0,140,1,traffic_lights,0.6687387228012085,2757.120361328125,1211.548095703125,2798.64208984375,1291.7628173828125,2777.8812255859375,1251.6554565429688,41.521728515625,80.2147216796875
IMG_0045.mp4,244,8.133333333333333,30.0,127,2,traffic_signs,0.8250182867050171,919.5751953125,1397.6156005859375,959.144775390625,1454.557373046875,939.3599853515625,1426.0864868164062,39.569580078125,56.9417724609375
IMG_0045.mp4,244,8.133333333333333,30.0,128,2,traffic_signs,0.8170385360717773,1401.292236328125,1515.6041259765625,1442.47607421875,1578.8236083984375,1421.8841552734375,1547.2138671875,41.183837890625,63.219482421875
IMG_0045.mp4,244,8.133333333333333,30.0,129,2,traffic_signs,0.7802063822746277,1330.658447265625,1460.6802978515625,1359.422119140625,1540.7806396484375,1345.040283203125,1500.73046875,28.763671875,80.100341796875
IMG_0045.mp4,244,8.133333333333333,30.0,126,2,traffic_signs,0.7668554782867432,868.201904296875,1459.817138671875,916.9501953125,1533.6033935546875,892.5760498046875,1496.7102661132812,48.748291015625,73.7862548828125
IMG_0045.mp4,245,8.166666666666666,30.0,127,2,traffic_signs,0.8254681825637817,923.3519897460938,1396.02880859375,962.9930419921875,1453.6146240234375,943.1725158691406,1424.8217163085938,39.64105224609375,57.5858154296875
IMG_0045.mp4,245,8.166666666666666,30.0,128,2,traffic_signs,0.8564690351486206,1409.5438232421875,1515.1744384765625,1451.2266845703125,1579.220458984375,1430.38525390625,1547.1974487304688,41.682861328125,64.0460205078125
IMG_0045.mp4,245,8.166666666666666,30.0,129,2,traffic_signs,0.7896428108215332,1337.0860595703125,1458.8587646484375,1365.7574462890625,1540.584716796875,1351.4217529296875,1499.7217407226562,28.67138671875,81.7259521484375
IMG_0045.mp4,245,8.166666666666666,30.0,126,2,traffic_signs,0.7898396849632263,873.1076049804688,1458.60205078125,922.386474609375,1533.1810302734375,897.7470397949219,1495.8915405273438,49.27886962890625,74.5789794921875
IMG_0045.mp4,245,8.166666666666666,30.0,140,1,traffic_lights,0.7585630416870117,2791.0888671875,1208.95263671875,2831.48828125,1290.509765625,2811.28857421875,1249.731201171875,40.3994140625,81.55712890625
IMG_0045.mp4,246,8.2,30.0,127,2,traffic_signs,0.8525548577308655,930.0813598632812,1393.9163818359375,969.1309204101562,1450.801025390625,949.6061401367188,1422.3587036132812,39.049560546875,56.8846435546875
IMG_0045.mp4,246,8.2,30.0,128,2,traffic_signs,0.8471571207046509,1419.548828125,1511.9122314453125,1460.0845947265625,1576.499755859375,1439.8167114257812,1544.2059936523438,40.5357666015625,64.5875244140625
IMG_0045.mp4,246,8.2,30.0,129,2,traffic_signs,0.7730171084403992,1344.5679931640625,1453.92822265625,1371.6378173828125,1537.2171630859375,1358.1029052734375,1495.5726928710938,27.06982421875,83.2889404296875
IMG_0045.mp4,246,8.2,30.0,126,2,traffic_signs,0.8765794038772583,880.3574829101562,1456.7659912109375,929.8038330078125,1530.9517822265625,905.0806579589844,1493.85888671875,49.44635009765625,74.185791015625
IMG_0045.mp4,246,8.2,30.0,140,1,traffic_lights,0.7347151637077332,2807.40576171875,1205.937255859375,2845.03369140625,1286.96728515625,2826.2197265625,1246.4522705078125,37.6279296875,81.030029296875
IMG_0045.mp4,247,8.233333333333333,30.0,127,2,traffic_signs,0.8517625331878662,936.3590087890625,1395.6527099609375,976.4518432617188,1452.7203369140625,956.4054260253906,1424.1865234375,40.09283447265625,57.067626953125
IMG_0045.mp4,247,8.233333333333333,30.0,128,2,traffic_signs,0.8182909488677979,1428.49072265625,1512.82470703125,1469.4725341796875,1578.9290771484375,1448.9816284179688,1545.8768920898438,40.9818115234375,66.1043701171875
IMG_0045.mp4,247,8.233333333333333,30.0,129,2,traffic_signs,0.7423405647277832,1353.7327880859375,1457.5047607421875,1381.34814453125,1540.370849609375,1367.5404663085938,1498.9378051757812,27.6153564453125,82.8660888671875
IMG_0045.mp4,247,8.233333333333333,30.0,126,2,traffic_signs,0.847705066204071,886.5709838867188,1457.7086181640625,936.490478515625,1534.503662109375,911.5307312011719,1496.1061401367188,49.91949462890625,76.7950439453125
IMG_0045.mp4,247,8.233333333333333,30.0,140,1,traffic_lights,0.7698425650596619,2822.241943359375,1207.5921630859375,2862.209228515625,1287.612060546875,2842.2255859375,1247.6021118164062,39.96728515625,80.0198974609375
IMG_0045.mp4,248,8.266666666666667,30.0,127,2,traffic_signs,0.6177106499671936,940.5146484375,1391.542236328125,982.221435546875,1448.5677490234375,961.3680419921875,1420.0549926757812,41.706787109375,57.0255126953125
IMG_0045.mp4,248,8.266666666666667,30.0,128,2,traffic_signs,0.8564729690551758,1438.651123046875,1510.8897705078125,1478.3587646484375,1577.3582763671875,1458.5049438476562,1544.1240234375,39.7076416015625,66.468505859375
IMG_0045.mp4,248,8.266666666666667,30.0,129,2,traffic_signs,0.7432230114936829,1360.1334228515625,1454.8697509765625,1387.9859619140625,1537.6533203125,1374.0596923828125,1496.2615356445312,27.8525390625,82.7835693359375
IMG_0045.mp4,248,8.266666666666667,30.0,126,2,traffic_signs,0.8642081022262573,892.6361694335938,1454.6009521484375,941.9210815429688,1532.321533203125,917.2786254882812,1493.4612426757812,49.284912109375,77.7205810546875
IMG_0045.mp4,248,8.266666666666667,30.0,140,1,traffic_lights,0.757775604724884,2839.066650390625,1201.906005859375,2879.6689453125,1282.4488525390625,2859.3677978515625,1242.1774291992188,40.602294921875,80.5428466796875
IMG_0045.mp4,249,8.3,30.0,127,2,traffic_signs,0.43761107325553894,948.786376953125,1390.25146484375,989.38818359375,1448.800048828125,969.0872802734375,1419.5257568359375,40.601806640625,58.548583984375
IMG_0045.mp4,249,8.3,30.0,128,2,traffic_signs,0.8407634496688843,1448.1470947265625,1510.145751953125,1487.889892578125,1575.10791015625,1468.0184936523438,1542.6268310546875,39.7427978515625,64.962158203125
IMG_0045.mp4,249,8.3,30.0,129,2,traffic_signs,0.6310549378395081,1368.5306396484375,1455.4227294921875,1396.0662841796875,1534.484130859375,1382.2984619140625,1494.9534301757812,27.53564453125,79.0614013671875
IMG_0045.mp4,249,8.3,30.0,126,2,traffic_signs,0.8698587417602539,899.4696655273438,1451.9779052734375,950.9679565429688,1530.92236328125,925.2188110351562,1491.4501342773438,51.498291015625,78.9444580078125
IMG_0045.mp4,249,8.3,30.0,140,1,traffic_lights,0.4155377149581909,2854.6015625,1199.3447265625,2894.040771484375,1277.244140625,2874.3211669921875,1238.29443359375,39.439208984375,77.8994140625
IMG_0045.mp4,249,8.3,30.0,143,2,traffic_signs,0.7631083130836487,2.420833110809326,1457.8505859375,34.63003158569336,1528.952392578125,18.525432348251343,1493.4014892578125,32.20919847488403,71.101806640625
IMG_0045.mp4,250,8.333333333333334,30.0,127,2,traffic_signs,0.7662393450737,954.6062622070312,1391.5689697265625,994.7706909179688,1449.0797119140625,974.6884765625,1420.3243408203125,40.1644287109375,57.5107421875
IMG_0045.mp4,250,8.333333333333334,30.0,128,2,traffic_signs,0.876392662525177,1456.5302734375,1513.990966796875,1496.7252197265625,1577.572021484375,1476.6277465820312,1545.781494140625,40.1949462890625,63.5810546875
IMG_0045.mp4,250,8.333333333333334,30.0,129,2,traffic_signs,0.551826536655426,1372.6900634765625,1455.5860595703125,1398.0435791015625,1535.643798828125,1385.3668212890625,1495.6149291992188,25.353515625,80.0577392578125
IMG_0045.mp4,250,8.333333333333334,30.0,126,2,traffic_signs,0.8615881204605103,904.341552734375,1455.6668701171875,955.3931884765625,1532.7303466796875,929.8673706054688,1494.1986083984375,51.0516357421875,77.0634765625
IMG_0045.mp4,250,8.333333333333334,30.0,140,1,traffic_lights,0.6291195154190063,2870.13916015625,1199.5030517578125,2912.055419921875,1276.71533203125,2891.0972900390625,1238.1091918945312,41.916259765625,77.2122802734375
IMG_0045.mp4,250,8.333333333333334,30.0,143,2,traffic_signs,0.6053102016448975,3.006056308746338,1460.3662109375,40.001651763916016,1530.5322265625,21.503854036331177,1495.44921875,36.99559545516968,70.166015625
IMG_0045.mp4,251,8.366666666666667,30.0,127,2,traffic_signs,0.44536933302879333,960.8104858398438,1388.706298828125,1000.5964965820312,1447.1011962890625,980.7034912109375,1417.9037475585938,39.7860107421875,58.3948974609375
IMG_0045.mp4,251,8.366666666666667,30.0,128,2,traffic_signs,0.8379096984863281,1466.8653564453125,1509.8662109375,1505.975341796875,1575.71923828125,1486.4203491210938,1542.792724609375,39.1099853515625,65.85302734375
IMG_0045.mp4,251,8.366666666666667,30.0,129,2,traffic_signs,0.4175526797771454,1373.40673828125,1447.0550537109375,1399.0704345703125,1530.3924560546875,1386.2385864257812,1488.7237548828125,25.6636962890625,83.33740234375
IMG_0045.mp4,251,8.366666666666667,30.0,126,2,traffic_signs,0.8749420046806335,910.2384033203125,1452.0992431640625,960.4424438476562,1530.494140625,935.3404235839844,1491.2966918945312,50.20404052734375,78.3948974609375
IMG_0045.mp4,251,8.366666666666667,30.0,140,1,traffic_lights,0.7068212032318115,2888.016845703125,1195.1807861328125,2928.60498046875,1275.0191650390625,2908.3109130859375,1235.0999755859375,40.588134765625,79.83837890625
IMG_0045.mp4,251,8.366666666666667,30.0,143,2,traffic_signs,0.8237494230270386,3.2537484169006348,1458.4515380859375,45.098533630371094,1527.99072265625,24.176141023635864,1493.2211303710938,41.84478521347046,69.5391845703125
IMG_0045.mp4,252,8.4,30.0,127,2,traffic_signs,0.42436423897743225,967.7377319335938,1388.5789794921875,1008.1696166992188,1446.8157958984375,987.9536743164062,1417.6973876953125,40.431884765625,58.23681640625
IMG_0045.mp4,252,8.4,30.0,128,2,traffic_signs,0.8443852663040161,1476.2490234375,1510.3572998046875,1515.2115478515625,1575.5372314453125,1495.7302856445312,1542.947265625,38.9625244140625,65.179931640625
IMG_0045.mp4,252,8.4,30.0,129,2,traffic_signs,0.5756704807281494,1377.2308349609375,1448.8687744140625,1409.338134765625,1533.9757080078125,1393.2844848632812,1491.4222412109375,32.1072998046875,85.10693359375
IMG_0045.mp4,252,8.4,30.0,126,2,traffic_signs,0.858923614025116,917.6819458007812,1452.42529296875,968.2052612304688,1530.78662109375,942.943603515625,1491.60595703125,50.5233154296875,78.361328125
IMG_0045.mp4,252,8.4,30.0,140,1,traffic_lights,0.7361457943916321,2904.880126953125,1194.3863525390625,2944.0751953125,1274.432373046875,2924.4776611328125,1234.4093627929688,39.195068359375,80.0460205078125
IMG_0045.mp4,252,8.4,30.0,143,2,traffic_signs,0.7621018886566162,3.580514430999756,1460.2784423828125,44.97824478149414,1527.4757080078125,24.27937960624695,1493.8770751953125,41.397730350494385,67.197265625
IMG_0045.mp4,253,8.433333333333334,30.0,127,2,traffic_signs,0.6857371926307678,973.9912109375,1389.1610107421875,1013.28466796875,1446.5682373046875,993.637939453125,1417.8646240234375,39.29345703125,57.4072265625
IMG_0045.mp4,253,8.433333333333334,30.0,128,2,traffic_signs,0.853306233882904,1485.3572998046875,1510.34228515625,1525.1728515625,1575.9700927734375,1505.2650756835938,1543.1561889648438,39.8155517578125,65.6278076171875
IMG_0045.mp4,253,8.433333333333334,30.0,129,2,traffic_signs,0.6335557103157043,1385.781494140625,1448.7830810546875,1419.6571044921875,1532.3099365234375,1402.7192993164062,1490.5465087890625,33.8756103515625,83.52685546875
IMG_0045.mp4,253,8.433333333333334,30.0,126,2,traffic_signs,0.8702191710472107,923.4081420898438,1451.270263671875,974.2987060546875,1529.5810546875,948.8534240722656,1490.4256591796875,50.89056396484375,78.310791015625
IMG_0045.mp4,253,8.433333333333334,30.0,140,1,traffic_lights,0.8353985548019409,2919.052978515625,1192.193603515625,2962.486083984375,1273.23828125,2940.76953125,1232.7159423828125,43.43310546875,81.044677734375
IMG_0045.mp4,253,8.433333333333334,30.0,143,2,traffic_signs,0.7757023572921753,1.8678058385849,1460.1798095703125,35.95595169067383,1526.093505859375,18.911878764629364,1493.1366577148438,34.08814585208893,65.9136962890625
IMG_0045.mp4,253,8.433333333333334,30.0,144,2,traffic_signs,0.6323025822639465,19.947484970092773,1459.9696044921875,57.39128112792969,1525.893310546875,38.66938304901123,1492.9314575195312,37.443796157836914,65.9237060546875
IMG_0045.mp4,254,8.466666666666667,30.0,127,2,traffic_signs,0.7513421773910522,979.9020385742188,1384.3365478515625,1020.6671752929688,1442.7611083984375,1000.2846069335938,1413.548828125,40.76513671875,58.424560546875
IMG_0045.mp4,254,8.466666666666667,30.0,128,2,traffic_signs,0.8327437043190002,1494.2479248046875,1507.0400390625,1535.059326171875,1573.2520751953125,1514.6536254882812,1540.1460571289062,40.8114013671875,66.2120361328125
IMG_0045.mp4,254,8.466666666666667,30.0,129,2,traffic_signs,0.6152587532997131,1392.393798828125,1439.45166015625,1430.390625,1527.8155517578125,1411.3922119140625,1483.6336059570312,37.996826171875,88.3638916015625
IMG_0045.mp4,254,8.466666666666667,30.0,126,2,traffic_signs,0.8320385813713074,930.112060546875,1449.3253173828125,980.8215942382812,1526.3536376953125,955.4668273925781,1487.8394775390625,50.70953369140625,77.0283203125
IMG_0045.mp4,254,8.466666666666667,30.0,140,1,traffic_lights,0.814944326877594,2934.0986328125,1187.94970703125,2978.18505859375,1271.9844970703125,2956.141845703125,1229.9671020507812,44.08642578125,84.0347900390625
IMG_0045.mp4,254,8.466666666666667,30.0,143,2,traffic_signs,0.564385712146759,4.186387062072754,1455.1904296875,57.124847412109375,1523.902587890625,30.655617237091064,1489.5465087890625,52.93846035003662,68.712158203125
IMG_0045.mp4,255,8.5,30.0,127,2,traffic_signs,0.4837307929992676,987.1141357421875,1386.6129150390625,1027.7896728515625,1443.9268798828125,1007.451904296875,1415.2698974609375,40.675537109375,57.31396484375
IMG_0045.mp4,255,8.5,30.0,128,2,traffic_signs,0.8661470413208008,1504.4656982421875,1508.056884765625,1545.5234375,1575.0218505859375,1524.9945678710938,1541.5393676757812,41.0577392578125,66.9649658203125
IMG_0045.mp4,255,8.5,30.0,129,2,traffic_signs,0.6007315516471863,1402.5931396484375,1440.40576171875,1439.42529296875,1534.24169921875,1421.0092163085938,1487.32373046875,36.8321533203125,93.8359375
IMG_0045.mp4,255,8.5,30.0,126,2,traffic_signs,0.6534126996994019,936.4528198242188,1451.7391357421875,986.1312866210938,1528.6806640625,961.2920532226562,1490.2098999023438,49.678466796875,76.9415283203125
IMG_0045.mp4,255,8.5,30.0,140,1,traffic_lights,0.7882213592529297,2954.473388671875,1188.2835693359375,2995.733642578125,1272.7506103515625,2975.103515625,1230.51708984375,41.26025390625,84.467041015625
IMG_0045.mp4,255,8.5,30.0,143,2,traffic_signs,0.7754827737808228,9.047102928161621,1456.4366455078125,67.50897979736328,1526.274169921875,38.27804136276245,1491.3554077148438,58.46187686920166,69.8375244140625
IMG_0045.mp4,256,8.533333333333333,30.0,127,2,traffic_signs,0.5651792287826538,991.7225952148438,1383.3348388671875,1033.490234375,1441.7774658203125,1012.6064147949219,1412.55615234375,41.76763916015625,58.442626953125
IMG_0045.mp4,256,8.533333333333333,30.0,128,2,traffic_signs,0.8546620607376099,1513.7716064453125,1507.0958251953125,1554.6126708984375,1574.75634765625,1534.192138671875,1540.9260864257812,40.841064453125,67.6605224609375
IMG_0045.mp4,256,8.533333333333333,30.0,129,2,traffic_signs,0.5562101006507874,1417.3258056640625,1442.6656494140625,1446.17724609375,1530.63232421875,1431.7515258789062,1486.6489868164062,28.8514404296875,87.9666748046875
IMG_0045.mp4,256,8.533333333333333,30.0,126,2,traffic_signs,0.8278074860572815,942.8607788085938,1448.821533203125,992.1105346679688,1527.818603515625,967.4856567382812,1488.320068359375,49.249755859375,78.9970703125
IMG_0045.mp4,256,8.533333333333333,30.0,140,1,traffic_lights,0.4022533893585205,2967.4619140625,1185.3446044921875,3013.37939453125,1269.531982421875,2990.420654296875,1227.4382934570312,45.91748046875,84.1873779296875
IMG_0045.mp4,256,8.533333333333333,30.0,143,2,traffic_signs,0.7308916449546814,13.34701156616211,1455.5972900390625,72.56576538085938,1524.9996337890625,42.95638847351074,1490.2984619140625,59.218753814697266,69.40234375
IMG_0045.mp4,257,8.566666666666666,30.0,127,2,traffic_signs,0.6971160173416138,997.8076171875,1380.161376953125,1039.94189453125,1440.6663818359375,1018.874755859375,1410.4138793945312,42.13427734375,60.5050048828125
IMG_0045.mp4,257,8.566666666666666,30.0,128,2,traffic_signs,0.7837418913841248,1522.246337890625,1505.3043212890625,1562.904052734375,1572.8341064453125,1542.5751953125,1539.0692138671875,40.65771484375,67.52978515625
IMG_0045.mp4,257,8.566666666666666,30.0,129,2,traffic_signs,0.8315276503562927,1428.0201416015625,1441.4957275390625,1453.7525634765625,1527.494140625,1440.8863525390625,1484.4949340820312,25.732421875,85.9984130859375
IMG_0045.mp4,257,8.566666666666666,30.0,126,2,traffic_signs,0.8818984031677246,948.5897216796875,1446.8436279296875,1000.457763671875,1526.7685546875,974.5237426757812,1486.8060913085938,51.8680419921875,79.9249267578125
IMG_0045.mp4,257,8.566666666666666,30.0,140,1,traffic_lights,0.6519175171852112,2987.011962890625,1181.9666748046875,3031.30224609375,1267.6507568359375,3009.1571044921875,1224.8087158203125,44.290283203125,85.68408203125
IMG_0045.mp4,257,8.566666666666666,30.0,143,2,traffic_signs,0.6871662139892578,19.54633331298828,1455.953125,74.6690444946289,1523.497802734375,47.107688903808594,1489.7254638671875,55.122711181640625,67.544677734375
IMG_0045.mp4,258,8.6,30.0,127,2,traffic_signs,0.831795334815979,1004.0528564453125,1381.59228515625,1046.7490234375,1441.7078857421875,1025.4009399414062,1411.6500854492188,42.6961669921875,60.1156005859375
IMG_0045.mp4,258,8.6,30.0,128,2,traffic_signs,0.8549821972846985,1531.505615234375,1508.4505615234375,1572.278564453125,1573.6163330078125,1551.89208984375,1541.033447265625,40.77294921875,65.165771484375
IMG_0045.mp4,258,8.6,30.0,129,2,traffic_signs,0.8517840504646301,1436.7979736328125,1442.87890625,1462.3641357421875,1531.5838623046875,1449.5810546875,1487.2313842773438,25.566162109375,88.7049560546875
IMG_0045.mp4,258,8.6,30.0,126,2,traffic_signs,0.8806760907173157,954.6353149414062,1448.437744140625,1006.3847045898438,1527.576904296875,980.510009765625,1488.00732421875,51.7493896484375,79.13916015625
IMG_0045.mp4,258,8.6,30.0,140,1,traffic_lights,0.46746042370796204,3004.4814453125,1181.8897705078125,3050.365234375,1259.6468505859375,3027.42333984375,1220.768310546875,45.8837890625,77.757080078125
IMG_0045.mp4,258,8.6,30.0,143,2,traffic_signs,0.7966711521148682,30.13166046142578,1458.145751953125,83.57068634033203,1524.12255859375,56.851173400878906,1491.1341552734375,53.43902587890625,65.976806640625
IMG_0045.mp4,259,8.633333333333333,30.0,127,2,traffic_signs,0.7747510075569153,1010.4113159179688,1380.4957275390625,1053.7728271484375,1439.3692626953125,1032.0920715332031,1409.9324951171875,43.36151123046875,58.87353515625
IMG_0045.mp4,259,8.633333333333333,30.0,128,2,traffic_signs,0.5757417678833008,1541.5330810546875,1507.760498046875,1582.044921875,1573.3690185546875,1561.7890014648438,1540.5647583007812,40.5118408203125,65.6085205078125
IMG_0045.mp4,259,8.633333333333333,30.0,129,2,traffic_signs,0.842401921749115,1444.762939453125,1441.6717529296875,1470.6334228515625,1529.699462890625,1457.6981811523438,1485.6856079101562,25.8704833984375,88.0277099609375
IMG_0045.mp4,259,8.633333333333333,30.0,126,2,traffic_signs,0.8248851299285889,960.52001953125,1446.469482421875,1012.1116333007812,1527.1961669921875,986.3158264160156,1486.8328247070312,51.59161376953125,80.7266845703125
IMG_0045.mp4,259,8.633333333333333,30.0,140,1,traffic_lights,0.5480499267578125,3024.381103515625,1178.06494140625,3069.03271484375,1257.025146484375,3046.7069091796875,1217.5450439453125,44.651611328125,78.960205078125
IMG_0045.mp4,259,8.633333333333333,30.0,143,2,traffic_signs,0.6086487770080566,34.33382797241211,1455.735107421875,88.8314208984375,1521.2635498046875,61.582624435424805,1488.4993286132812,54.49759292602539,65.5284423828125
IMG_0045.mp4,260,8.666666666666666,30.0,127,2,traffic_signs,0.788688063621521,1015.9960327148438,1376.4898681640625,1059.3797607421875,1436.760009765625,1037.6878967285156,1406.6249389648438,43.38372802734375,60.2701416015625
IMG_0045.mp4,260,8.666666666666666,30.0,128,2,traffic_signs,0.8362002372741699,1551.2816162109375,1504.772705078125,1591.088623046875,1570.5946044921875,1571.1851196289062,1537.6836547851562,39.8070068359375,65.8218994140625
IMG_0045.mp4,260,8.666666666666666,30.0,129,2,traffic_signs,0.8344876766204834,1453.3985595703125,1438.20654296875,1478.264404296875,1523.73291015625,1465.8314819335938,1480.9697265625,24.8658447265625,85.5263671875
IMG_0045.mp4,260,8.666666666666666,30.0,126,2,traffic_signs,0.41011175513267517,966.7687377929688,1443.1458740234375,1017.5275268554688,1525.7095947265625,992.1481323242188,1484.427734375,50.7587890625,82.563720703125
IMG_0045.mp4,260,8.666666666666666,30.0,140,1,traffic_lights,0.7507274746894836,3036.838623046875,1173.2080078125,3085.401611328125,1252.8004150390625,3061.1201171875,1213.0042114257812,48.56298828125,79.5924072265625
IMG_0045.mp4,260,8.666666666666666,30.0,143,2,traffic_signs,0.6805019974708557,40.066986083984375,1453.622314453125,94.7707290649414,1517.5333251953125,67.41885757446289,1485.5778198242188,54.70374298095703,63.9110107421875
IMG_0045.mp4,261,8.7,30.0,127,2,traffic_signs,0.6744057536125183,1022.1063232421875,1378.4573974609375,1065.87646484375,1439.0927734375,1043.9913940429688,1408.7750854492188,43.7701416015625,60.6353759765625
IMG_0045.mp4,261,8.7,30.0,128,2,traffic_signs,0.8276779055595398,1561.808837890625,1507.1932373046875,1601.6578369140625,1573.4549560546875,1581.7333374023438,1540.3240966796875,39.8489990234375,66.26171875
IMG_0045.mp4,261,8.7,30.0,129,2,traffic_signs,0.8217867612838745,1458.5594482421875,1439.076416015625,1486.2969970703125,1527.6583251953125,1472.42822265625,1483.3673706054688,27.737548828125,88.5819091796875
IMG_0045.mp4,261,8.7,30.0,126,2,traffic_signs,0.8648659586906433,973.0176391601562,1444.812744140625,1024.1092529296875,1527.3330078125,998.5634460449219,1486.0728759765625,51.09161376953125,82.520263671875
IMG_0045.mp4,261,8.7,30.0,140,1,traffic_lights,0.8467926383018494,3053.71728515625,1174.02392578125,3104.06396484375,1257.8905029296875,3078.890625,1215.9572143554688,50.3466796875,83.8665771484375
IMG_0045.mp4,262,8.733333333333333,30.0,127,2,traffic_signs,0.8851420283317566,1027.2974853515625,1376.296142578125,1070.9326171875,1435.5750732421875,1049.1150512695312,1405.9356079101562,43.6351318359375,59.2789306640625
IMG_0045.mp4,262,8.733333333333333,30.0,128,2,traffic_signs,0.7696375250816345,1570.591064453125,1506.1142578125,1610.169677734375,1572.6572265625,1590.38037109375,1539.3857421875,39.57861328125,66.54296875
IMG_0045.mp4,262,8.733333333333333,30.0,129,2,traffic_signs,0.8464708924293518,1464.824462890625,1436.4779052734375,1493.6932373046875,1526.77197265625,1479.2588500976562,1481.6249389648438,28.8687744140625,90.2940673828125
IMG_0045.mp4,262,8.733333333333333,30.0,126,2,traffic_signs,0.8525508046150208,978.2275390625,1443.3704833984375,1029.3638916015625,1525.9696044921875,1003.7957153320312,1484.6700439453125,51.1363525390625,82.59912109375
IMG_0045.mp4,262,8.733333333333333,30.0,140,1,traffic_lights,0.2939110994338989,3070.32666015625,1169.775634765625,3120.78076171875,1252.27978515625,3095.5537109375,1211.0277099609375,50.4541015625,82.504150390625
IMG_0045.mp4,262,8.733333333333333,30.0,143,2,traffic_signs,0.7348870635032654,54.809879302978516,1452.1123046875,103.56539916992188,1516.7825927734375,79.1876392364502,1484.4474487304688,48.75551986694336,64.6702880859375
IMG_0045.mp4,263,8.766666666666667,30.0,127,2,traffic_signs,0.8186130523681641,1033.165283203125,1372.89453125,1078.26123046875,1433.416259765625,1055.7132568359375,1403.1553955078125,45.095947265625,60.521728515625
IMG_0045.mp4,263,8.766666666666667,30.0,128,2,traffic_signs,0.8182553052902222,1579.568359375,1503.653564453125,1619.0926513671875,1570.12255859375,1599.3305053710938,1536.8880615234375,39.5242919921875,66.468994140625
IMG_0045.mp4,263,8.766666666666667,30.0,129,2,traffic_signs,0.6717122793197632,1474.0233154296875,1432.8084716796875,1501.030029296875,1521.6776123046875,1487.5266723632812,1477.2430419921875,27.0067138671875,88.869140625
IMG_0045.mp4,263,8.766666666666667,30.0,126,2,traffic_signs,0.594895601272583,985.6181640625,1441.2830810546875,1034.9036865234375,1522.564453125,1010.2609252929688,1481.9237670898438,49.2855224609375,81.2813720703125
IMG_0045.mp4,263,8.766666666666667,30.0,140,1,traffic_lights,0.8382465243339539,3090.90478515625,1165.39111328125,3136.754150390625,1250.6671142578125,3113.8294677734375,1208.0291137695312,45.849365234375,85.2760009765625
IMG_0045.mp4,264,8.8,30.0,127,2,traffic_signs,0.7102535963058472,1038.327880859375,1372.755615234375,1083.3609619140625,1433.793212890625,1060.8444213867188,1403.2744140625,45.0330810546875,61.03759765625
IMG_0045.mp4,264,8.8,30.0,128,2,traffic_signs,0.7133216261863708,1589.11083984375,1504.446044921875,1628.8172607421875,1571.6983642578125,1608.9640502929688,1538.0722045898438,39.7064208984375,67.2523193359375
IMG_0045.mp4,264,8.8,30.0,129,2,traffic_signs,0.8741834759712219,1479.2823486328125,1433.76318359375,1509.6739501953125,1525.3555908203125,1494.4781494140625,1479.5593872070312,30.3916015625,91.5924072265625
IMG_0045.mp4,264,8.8,30.0,126,2,traffic_signs,0.8577451109886169,992.560302734375,1443.91943359375,1040.77734375,1523.5777587890625,1016.6688232421875,1483.7485961914062,48.217041015625,79.6583251953125
IMG_0045.mp4,264,8.8,30.0,140,1,traffic_lights,0.8680222630500793,3102.262451171875,1165.7977294921875,3156.228759765625,1253.3114013671875,3129.24560546875,1209.5545654296875,53.96630859375,87.513671875
IMG_0045.mp4,265,8.833333333333334,30.0,127,2,traffic_signs,0.8501238226890564,1043.4892578125,1370.693603515625,1089.7576904296875,1430.92626953125,1066.6234741210938,1400.8099365234375,46.2684326171875,60.232666015625
IMG_0045.mp4,265,8.833333333333334,30.0,128,2,traffic_signs,0.8342457413673401,1598.1900634765625,1502.7105712890625,1638.3228759765625,1570.8555908203125,1618.2564697265625,1536.7830810546875,40.1328125,68.14501953125
IMG_0045.mp4,265,8.833333333333334,30.0,129,2,traffic_signs,0.8658633828163147,1485.292724609375,1430.5421142578125,1517.1171875,1525.2322998046875,1501.2049560546875,1477.88720703125,31.824462890625,94.690185546875
IMG_0045.mp4,265,8.833333333333334,30.0,126,2,traffic_signs,0.863991916179657,996.3851928710938,1441.731201171875,1045.638916015625,1521.9154052734375,1021.0120544433594,1481.8233032226562,49.25372314453125,80.1842041015625
IMG_0045.mp4,265,8.833333333333334,30.0,140,1,traffic_lights,0.8433577418327332,3124.423095703125,1162.04736328125,3175.924560546875,1250.5516357421875,3150.173828125,1206.2994995117188,51.50146484375,88.5042724609375
IMG_0045.mp4,266,8.866666666666667,30.0,127,2,traffic_signs,0.862362802028656,1049.5013427734375,1365.8375244140625,1095.1898193359375,1425.8243408203125,1072.3455810546875,1395.8309326171875,45.6884765625,59.98681640625
IMG_0045.mp4,266,8.866666666666667,30.0,128,2,traffic_signs,0.8636206984519958,1605.9879150390625,1499.4637451171875,1647.8160400390625,1567.8365478515625,1626.9019775390625,1533.650146484375,41.828125,68.372802734375
IMG_0045.mp4,266,8.866666666666667,30.0,129,2,traffic_signs,0.8483932614326477,1491.64794921875,1425.3076171875,1523.4029541015625,1518.788330078125,1507.5254516601562,1472.0479736328125,31.7550048828125,93.480712890625
IMG_0045.mp4,266,8.866666666666667,30.0,126,2,traffic_signs,0.8261876702308655,1000.920166015625,1437.5247802734375,1051.4759521484375,1518.2130126953125,1026.1980590820312,1477.868896484375,50.5557861328125,80.688232421875
IMG_0045.mp4,266,8.866666666666667,30.0,140,1,traffic_lights,0.5090665221214294,3136.648681640625,1156.13232421875,3192.254638671875,1245.632568359375,3164.45166015625,1200.8824462890625,55.60595703125,89.500244140625
IMG_0045.mp4,266,8.866666666666667,30.0,149,2,traffic_signs,0.7785858511924744,653.4204711914062,1475.7777099609375,689.3352661132812,1530.6412353515625,671.3778686523438,1503.20947265625,35.914794921875,54.863525390625
IMG_0045.mp4,267,8.9,30.0,127,2,traffic_signs,0.8470726609230042,1056.427734375,1366.4864501953125,1101.885498046875,1428.066650390625,1079.1566162109375,1397.2765502929688,45.457763671875,61.5802001953125
IMG_0045.mp4,267,8.9,30.0,128,2,traffic_signs,0.8475602269172668,1616.6717529296875,1501.950439453125,1658.333251953125,1568.157958984375,1637.5025024414062,1535.05419921875,41.6614990234375,66.20751953125
IMG_0045.mp4,267,8.9,30.0,129,2,traffic_signs,0.8143025636672974,1499.7489013671875,1425.818603515625,1531.8856201171875,1521.5235595703125,1515.8172607421875,1473.6710815429688,32.13671875,95.7049560546875
IMG_0045.mp4,267,8.9,30.0,126,2,traffic_signs,0.8654701709747314,1007.9071655273438,1438.9658203125,1057.432373046875,1519.419921875,1032.6697692871094,1479.19287109375,49.52520751953125,80.4541015625
IMG_0045.mp4,267,8.9,30.0,140,1,traffic_lights,0.4221484363079071,3152.176513671875,1156.74462890625,3211.070556640625,1246.3966064453125,3181.62353515625,1201.5706176757812,58.89404296875,89.6519775390625
IMG_0045.mp4,267,8.9,30.0,149,2,traffic_signs,0.8321335911750793,663.2119140625,1477.2464599609375,700.8167114257812,1533.679931640625,682.0143127441406,1505.4631958007812,37.60479736328125,56.4334716796875
IMG_0045.mp4,268,8.933333333333334,30.0,127,2,traffic_signs,0.770583987236023,1060.0189208984375,1364.275390625,1106.1439208984375,1426.8087158203125,1083.0814208984375,1395.5420532226562,46.125,62.5333251953125
IMG_0045.mp4,268,8.933333333333334,30.0,128,2,traffic_signs,0.8593302965164185,1624.1793212890625,1500.24658203125,1667.17138671875,1568.51416015625,1645.6753540039062,1534.38037109375,42.9920654296875,68.267578125
IMG_0045.mp4,268,8.933333333333334,30.0,129,2,traffic_signs,0.8654746413230896,1506.2784423828125,1424.2760009765625,1538.6192626953125,1520.72021484375,1522.4488525390625,1472.4981079101562,32.3408203125,96.4442138671875
IMG_0045.mp4,268,8.933333333333334,30.0,126,2,traffic_signs,0.8579879999160767,1011.797119140625,1436.281005859375,1063.2850341796875,1519.69482421875,1037.5410766601562,1477.9879150390625,51.4879150390625,83.413818359375
IMG_0045.mp4,268,8.933333333333334,30.0,140,1,traffic_lights,0.3764941692352295,3175.822509765625,1153.01123046875,3230.152587890625,1244.084228515625,3202.987548828125,1198.5477294921875,54.330078125,91.072998046875
IMG_0045.mp4,268,8.933333333333334,30.0,149,2,traffic_signs,0.8692987561225891,668.5552978515625,1475.5130615234375,710.3792114257812,1534.6170654296875,689.4672546386719,1505.0650634765625,41.82391357421875,59.10400390625
IMG_0045.mp4,269,8.966666666666667,30.0,127,2,traffic_signs,0.7867735624313354,1065.953857421875,1361.4534912109375,1110.8734130859375,1422.5142822265625,1088.4136352539062,1391.98388671875,44.9195556640625,61.060791015625
IMG_0045.mp4,269,8.966666666666667,30.0,128,2,traffic_signs,0.8525786399841309,1633.5794677734375,1496.754150390625,1676.54443359375,1566.24951171875,1655.0619506835938,1531.5018310546875,42.9649658203125,69.495361328125
IMG_0045.mp4,269,8.966666666666667,30.0,129,2,traffic_signs,0.8351634740829468,1513.1337890625,1422.663818359375,1545.1617431640625,1514.9066162109375,1529.1477661132812,1468.7852172851562,32.0279541015625,92.2427978515625
IMG_0045.mp4,269,8.966666666666667,30.0,126,2,traffic_signs,0.8455273509025574,1016.5123901367188,1431.7728271484375,1068.9625244140625,1517.194580078125,1042.7374572753906,1474.4837036132812,52.45013427734375,85.4217529296875
IMG_0045.mp4,269,8.966666666666667,30.0,140,1,traffic_lights,0.7642030715942383,3193.763671875,1147.382568359375,3249.16162109375,1238.4984130859375,3221.462646484375,1192.9404907226562,55.39794921875,91.1158447265625
IMG_0045.mp4,269,8.966666666666667,30.0,149,2,traffic_signs,0.8358697295188904,674.7841796875,1471.7838134765625,716.7415161132812,1532.3565673828125,695.7628479003906,1502.0701904296875,41.95733642578125,60.57275390625
IMG_0045.mp4,270,9.0,30.0,127,2,traffic_signs,0.783996045589447,1071.777099609375,1360.4371337890625,1117.760009765625,1421.7314453125,1094.7685546875,1391.0842895507812,45.98291015625,61.2943115234375
IMG_0045.mp4,270,9.0,30.0,128,2,traffic_signs,0.8235934972763062,1642.22607421875,1497.9163818359375,1685.084228515625,1566.4888916015625,1663.6551513671875,1532.20263671875,42.858154296875,68.572509765625
IMG_0045.mp4,270,9.0,30.0,129,2,traffic_signs,0.7430641055107117,1520.882080078125,1422.1766357421875,1552.0145263671875,1513.7017822265625,1536.4483032226562,1467.939208984375,31.1324462890625,91.525146484375
IMG_0045.mp4,270,9.0,30.0,126,2,traffic_signs,0.8443686366081238,1022.9081420898438,1432.814697265625,1076.0994873046875,1516.849365234375,1049.5038146972656,1474.83203125,53.19134521484375,84.03466796875
IMG_0045.mp4,270,9.0,30.0,149,2,traffic_signs,0.6735153198242188,683.9108276367188,1473.6414794921875,724.2025146484375,1532.6737060546875,704.0566711425781,1503.1575927734375,40.29168701171875,59.0322265625
IMG_0045.mp4,271,9.033333333333333,30.0,127,2,traffic_signs,0.8391059041023254,1077.0955810546875,1359.50537109375,1122.6124267578125,1420.2757568359375,1099.85400390625,1389.8905639648438,45.516845703125,60.7703857421875
IMG_0045.mp4,271,9.033333333333333,30.0,128,2,traffic_signs,0.8540927767753601,1649.728759765625,1499.240966796875,1693.8123779296875,1566.961669921875,1671.7705688476562,1533.101318359375,44.0836181640625,67.720703125
IMG_0045.mp4,271,9.033333333333333,30.0,129,2,traffic_signs,0.833469808101654,1528.169189453125,1422.4283447265625,1558.794677734375,1513.8316650390625,1543.48193359375,1468.1300048828125,30.62548828125,91.4033203125
IMG_0045.mp4,271,9.033333333333333,30.0,126,2,traffic_signs,0.8365483283996582,1027.649658203125,1432.60400390625,1079.8106689453125,1516.5570068359375,1053.7301635742188,1474.5805053710938,52.1610107421875,83.9530029296875
IMG_0045.mp4,271,9.033333333333333,30.0,149,2,traffic_signs,0.8428218364715576,691.5474243164062,1473.7647705078125,732.76904296875,1533.163818359375,712.1582336425781,1503.4642944335938,41.22161865234375,59.3990478515625
IMG_0045.mp4,271,9.033333333333333,30.0,140,1,traffic_lights,0.6712231040000916,3231.3603515625,1143.9521484375,3286.019287109375,1235.5963134765625,3258.6898193359375,1189.7742309570312,54.658935546875,91.6441650390625
IMG_0045.mp4,272,9.066666666666666,30.0,127,2,traffic_signs,0.7301995158195496,1082.4127197265625,1354.203857421875,1127.710693359375,1416.142578125,1105.0617065429688,1385.1732177734375,45.2979736328125,61.938720703125
IMG_0045.mp4,272,9.066666666666666,30.0,128,2,traffic_signs,0.8864083886146545,1657.611328125,1494.1383056640625,1702.7298583984375,1561.991455078125,1680.1705932617188,1528.0648803710938,45.1185302734375,67.8531494140625
IMG_0045.mp4,272,9.066666666666666,30.0,129,2,traffic_signs,0.832362949848175,1533.8321533203125,1417.4547119140625,1564.1378173828125,1510.1253662109375,1548.9849853515625,1463.7900390625,30.3056640625,92.670654296875
IMG_0045.mp4,272,9.066666666666666,30.0,126,2,traffic_signs,0.7529552578926086,1032.1187744140625,1427.4674072265625,1083.0369873046875,1513.7169189453125,1057.577880859375,1470.5921630859375,50.918212890625,86.24951171875
IMG_0045.mp4,272,9.066666666666666,30.0,149,2,traffic_signs,0.8395400643348694,698.0415649414062,1470.2420654296875,740.6934204101562,1529.322509765625,719.3674926757812,1499.7822875976562,42.65185546875,59.0804443359375
IMG_0045.mp4,272,9.066666666666666,30.0,140,1,traffic_lights,0.8288497924804688,3248.413330078125,1138.3157958984375,3304.9169921875,1231.85498046875,3276.6651611328125,1185.0853881835938,56.503662109375,93.5391845703125
IMG_0045.mp4,273,9.1,30.0,127,2,traffic_signs,0.622409999370575,1087.4068603515625,1353.2564697265625,1134.1470947265625,1417.2374267578125,1110.7769775390625,1385.2469482421875,46.740234375,63.98095703125
IMG_0045.mp4,273,9.1,30.0,128,2,traffic_signs,0.8729687333106995,1667.0472412109375,1494.225830078125,1712.0208740234375,1562.6268310546875,1689.5340576171875,1528.4263305664062,44.9736328125,68.4010009765625
IMG_0045.mp4,273,9.1,30.0,129,2,traffic_signs,0.8109346628189087,1540.7779541015625,1417.6153564453125,1570.6956787109375,1506.430908203125,1555.73681640625,1462.0231323242188,29.917724609375,88.8155517578125
IMG_0045.mp4,273,9.1,30.0,126,2,traffic_signs,0.601249098777771,1036.7750244140625,1426.900634765625,1091.23828125,1514.8033447265625,1064.0066528320312,1470.8519897460938,54.4632568359375,87.9027099609375
IMG_0045.mp4,273,9.1,30.0,149,2,traffic_signs,0.8289459347724915,706.8899536132812,1471.7493896484375,747.5201416015625,1529.58642578125,727.2050476074219,1500.6679077148438,40.63018798828125,57.8370361328125
IMG_0045.mp4,273,9.1,30.0,140,1,traffic_lights,0.8908406496047974,3270.048828125,1137.7608642578125,3323.044677734375,1232.12939453125,3296.5467529296875,1184.9451293945312,52.995849609375,94.3685302734375
IMG_0045.mp4,274,9.133333333333333,30.0,127,2,traffic_signs,0.6807656288146973,1090.7872314453125,1353.0928955078125,1138.9117431640625,1417.39453125,1114.8494873046875,1385.2437133789062,48.12451171875,64.3016357421875
IMG_0045.mp4,274,9.133333333333333,30.0,128,2,traffic_signs,0.8763151168823242,1675.3165283203125,1493.7376708984375,1721.223876953125,1562.888916015625,1698.2702026367188,1528.3132934570312,45.9073486328125,69.1512451171875
IMG_0045.mp4,274,9.133333333333333,30.0,129,2,traffic_signs,0.7707958221435547,1547.1326904296875,1416.738037109375,1576.92333984375,1506.6722412109375,1562.0280151367188,1461.7051391601562,29.7906494140625,89.9342041015625
IMG_0045.mp4,274,9.133333333333333,30.0,126,2,traffic_signs,0.8491100072860718,1040.4232177734375,1426.457275390625,1096.3472900390625,1514.7659912109375,1068.38525390625,1470.6116333007812,55.924072265625,88.3087158203125
IMG_0045.mp4,274,9.133333333333333,30.0,149,2,traffic_signs,0.889936089515686,713.0189208984375,1471.9027099609375,753.5962524414062,1530.836181640625,733.3075866699219,1501.3694458007812,40.57733154296875,58.9334716796875
IMG_0045.mp4,274,9.133333333333333,30.0,140,1,traffic_lights,0.8532159924507141,3291.202392578125,1134.989990234375,3343.628662109375,1230.5885009765625,3317.41552734375,1182.7892456054688,52.42626953125,95.5985107421875
IMG_0045.mp4,275,9.166666666666666,30.0,127,2,traffic_signs,0.8315700888633728,1095.345947265625,1348.68115234375,1144.4515380859375,1411.5179443359375,1119.8987426757812,1380.0995483398438,49.1055908203125,62.8367919921875
IMG_0045.mp4,275,9.166666666666666,30.0,128,2,traffic_signs,0.7089699506759644,1684.599853515625,1489.8048095703125,1729.987548828125,1560.3253173828125,1707.293701171875,1525.0650634765625,45.3876953125,70.5205078125
IMG_0045.mp4,275,9.166666666666666,30.0,129,2,traffic_signs,0.8243836164474487,1553.2470703125,1412.741455078125,1583.46630859375,1502.5682373046875,1568.356689453125,1457.6548461914062,30.21923828125,89.8267822265625
IMG_0045.mp4,275,9.166666666666666,30.0,126,2,traffic_signs,0.8277460932731628,1045.77490234375,1422.736572265625,1102.0146484375,1510.015625,1073.894775390625,1466.3760986328125,56.23974609375,87.279052734375
IMG_0045.mp4,275,9.166666666666666,30.0,149,2,traffic_signs,0.8930155634880066,719.9633178710938,1468.43359375,760.870361328125,1525.9970703125,740.4168395996094,1497.21533203125,40.90704345703125,57.5634765625
IMG_0045.mp4,276,9.2,30.0,127,2,traffic_signs,0.8706214427947998,1101.29150390625,1349.4931640625,1149.3206787109375,1411.39013671875,1125.3060913085938,1380.441650390625,48.0291748046875,61.89697265625
IMG_0045.mp4,276,9.2,30.0,128,2,traffic_signs,0.890583872795105,1693.974609375,1489.816650390625,1738.7723388671875,1561.1070556640625,1716.3734741210938,1525.4618530273438,44.7977294921875,71.2904052734375
IMG_0045.mp4,276,9.2,30.0,129,2,traffic_signs,0.7565504312515259,1558.702880859375,1412.2353515625,1589.9544677734375,1502.6519775390625,1574.3286743164062,1457.4436645507812,31.2515869140625,90.4166259765625
IMG_0045.mp4,276,9.2,30.0,126,2,traffic_signs,0.8053938746452332,1050.73193359375,1423.4342041015625,1105.5333251953125,1508.95703125,1078.1326293945312,1466.1956176757812,54.8013916015625,85.5228271484375
IMG_0045.mp4,276,9.2,30.0,149,2,traffic_signs,0.6659992933273315,726.46337890625,1468.4376220703125,767.4500732421875,1527.06005859375,746.9567260742188,1497.7488403320312,40.9866943359375,58.6224365234375
IMG_0045.mp4,276,9.2,30.0,152,2,traffic_signs,0.4691948890686035,133.146240234375,1443.520263671875,172.49815368652344,1507.8458251953125,152.82219696044922,1475.6830444335938,39.35191345214844,64.3255615234375
IMG_0045.mp4,277,9.233333333333333,30.0,127,2,traffic_signs,0.8620589971542358,1104.2313232421875,1346.89306640625,1152.03955078125,1410.8057861328125,1128.1354370117188,1378.8494262695312,47.8082275390625,63.9127197265625
IMG_0045.mp4,277,9.233333333333333,30.0,128,2,traffic_signs,0.8918156623840332,1701.0020751953125,1489.906982421875,1747.1727294921875,1562.6397705078125,1724.08740234375,1526.2733764648438,46.170654296875,72.7327880859375
IMG_0045.mp4,277,9.233333333333333,30.0,129,2,traffic_signs,0.7797271609306335,1563.8153076171875,1410.7310791015625,1594.0509033203125,1501.888427734375,1578.93310546875,1456.3097534179688,30.235595703125,91.1573486328125
IMG_0045.mp4,277,9.233333333333333,30.0,126,2,traffic_signs,0.5432506799697876,1053.5511474609375,1422.8824462890625,1107.6856689453125,1508.01708984375,1080.618408203125,1465.4497680664062,54.134521484375,85.1346435546875
IMG_0045.mp4,277,9.233333333333333,30.0,149,2,traffic_signs,0.8191431760787964,732.5247192382812,1468.44091796875,772.3727416992188,1526.26611328125,752.44873046875,1497.353515625,39.8480224609375,57.8251953125
IMG_0045.mp4,277,9.233333333333333,30.0,152,2,traffic_signs,0.5614285469055176,135.8057098388672,1443.2615966796875,174.7834930419922,1507.6397705078125,155.2946014404297,1475.45068359375,38.977783203125,64.378173828125
IMG_0045.mp4,277,9.233333333333333,30.0,140,1,traffic_lights,0.5020463466644287,3344.00048828125,1122.4388427734375,3397.49267578125,1220.635009765625,3370.74658203125,1171.5369262695312,53.4921875,98.1961669921875
IMG_0045.mp4,278,9.266666666666667,30.0,127,2,traffic_signs,0.8142551779747009,1105.7301025390625,1338.999267578125,1154.329833984375,1405.770751953125,1130.0299682617188,1372.385009765625,48.5997314453125,66.771484375
IMG_0045.mp4,278,9.266666666666667,30.0,128,2,traffic_signs,0.6415297985076904,1707.15478515625,1485.26318359375,1753.3065185546875,1560.1678466796875,1730.2306518554688,1522.7155151367188,46.1517333984375,74.9046630859375
IMG_0045.mp4,278,9.266666666666667,30.0,129,2,traffic_signs,0.8055493235588074,1567.1297607421875,1404.016357421875,1597.9239501953125,1498.40185546875,1582.52685546875,1451.2091064453125,30.794189453125,94.385498046875
IMG_0045.mp4,278,9.266666666666667,30.0,126,2,traffic_signs,0.8115590810775757,1057.1978759765625,1417.2685546875,1110.392822265625,1504.4283447265625,1083.7953491210938,1460.8484497070312,53.1949462890625,87.1597900390625
IMG_0045.mp4,278,9.266666666666667,30.0,149,2,traffic_signs,0.889400064945221,737.2734985351562,1464.98828125,777.8715209960938,1522.4556884765625,757.572509765625,1493.7219848632812,40.5980224609375,57.4674072265625
IMG_0045.mp4,278,9.266666666666667,30.0,152,2,traffic_signs,0.2740420997142792,137.7685089111328,1439.2100830078125,175.370849609375,1502.320068359375,156.5696792602539,1470.7650756835938,37.60234069824219,63.1099853515625
IMG_0045.mp4,279,9.3,30.0,127,2,traffic_signs,0.7766796946525574,1110.5396728515625,1339.0654296875,1160.404296875,1405.7952880859375,1135.4719848632812,1372.4303588867188,49.8646240234375,66.7298583984375
IMG_0045.mp4,279,9.3,30.0,128,2,traffic_signs,0.8910936713218689,1716.05908203125,1485.9927978515625,1762.4781494140625,1560.9622802734375,1739.2686157226562,1523.4775390625,46.4190673828125,74.969482421875
IMG_0045.mp4,279,9.3,30.0,129,2,traffic_signs,0.8152742385864258,1573.615234375,1402.41943359375,1606.47021484375,1500.935791015625,1590.042724609375,1451.6776123046875,32.85498046875,98.516357421875
IMG_0045.mp4,279,9.3,30.0,126,2,traffic_signs,0.744564414024353,1062.1048583984375,1417.2723388671875,1115.0430908203125,1504.646484375,1088.573974609375,1460.9594116210938,52.938232421875,87.3741455078125
IMG_0045.mp4,279,9.3,30.0,149,2,traffic_signs,0.8793101906776428,744.1934204101562,1465.69873046875,786.0653076171875,1523.814453125,765.1293640136719,1494.756591796875,41.87188720703125,58.11572265625
IMG_0045.mp4,279,9.3,30.0,152,2,traffic_signs,0.542739987373352,144.10130310058594,1438.837646484375,181.70518493652344,1502.1751708984375,162.9032440185547,1470.5064086914062,37.6038818359375,63.3375244140625
IMG_0045.mp4,279,9.3,30.0,140,1,traffic_lights,0.752850353717804,3384.59375,1116.892333984375,3434.4208984375,1215.6802978515625,3409.50732421875,1166.2863159179688,49.8271484375,98.7879638671875
IMG_0045.mp4,280,9.333333333333334,30.0,127,2,traffic_signs,0.7760201692581177,1113.2789306640625,1338.46875,1163.045166015625,1404.3543701171875,1138.1620483398438,1371.4115600585938,49.7662353515625,65.8856201171875
IMG_0045.mp4,280,9.333333333333334,30.0,128,2,traffic_signs,0.8805660605430603,1723.7384033203125,1486.069580078125,1769.632080078125,1560.02490234375,1746.6852416992188,1523.0472412109375,45.8936767578125,73.955322265625
IMG_0045.mp4,280,9.333333333333334,30.0,129,2,traffic_signs,0.828538715839386,1577.33544921875,1399.9798583984375,1612.4862060546875,1501.20263671875,1594.9108276367188,1450.5912475585938,35.1507568359375,101.2227783203125
IMG_0045.mp4,280,9.333333333333334,30.0,126,2,traffic_signs,0.41925352811813354,1064.2552490234375,1416.5299072265625,1118.4923095703125,1505.07763671875,1091.373779296875,1460.8037719726562,54.237060546875,88.5477294921875
IMG_0045.mp4,280,9.333333333333334,30.0,149,2,traffic_signs,0.4789424538612366,748.8260498046875,1465.8292236328125,790.6263427734375,1524.4813232421875,769.7261962890625,1495.1552734375,41.80029296875,58.652099609375
IMG_0045.mp4,280,9.333333333333334,30.0,152,2,traffic_signs,0.7584429979324341,145.69674682617188,1438.10302734375,182.8995361328125,1501.8800048828125,164.2981414794922,1469.9915161132812,37.202789306640625,63.7769775390625
IMG_0045.mp4,280,9.333333333333334,30.0,140,1,traffic_lights,0.7263947129249573,3400.7626953125,1112.464599609375,3451.83642578125,1210.9559326171875,3426.299560546875,1161.7102661132812,51.07373046875,98.4913330078125
IMG_0045.mp4,281,9.366666666666667,30.0,127,2,traffic_signs,0.7681945562362671,1116.28564453125,1332.91845703125,1166.0068359375,1400.714111328125,1141.146240234375,1366.8162841796875,49.72119140625,67.795654296875
IMG_0045.mp4,281,9.366666666666667,30.0,128,2,traffic_signs,0.8571425080299377,1730.815673828125,1481.2667236328125,1776.0540771484375,1557.4962158203125,1753.4348754882812,1519.3814697265625,45.2384033203125,76.2294921875
IMG_0045.mp4,281,9.366666666666667,30.0,129,2,traffic_signs,0.8315981030464172,1581.9522705078125,1396.594482421875,1617.8851318359375,1497.774169921875,1599.918701171875,1447.184326171875,35.932861328125,101.1796875
IMG_0045.mp4,281,9.366666666666667,30.0,126,2,traffic_signs,0.6913909316062927,1066.035888671875,1411.31884765625,1122.2818603515625,1500.6104736328125,1094.1588745117188,1455.9646606445312,56.2459716796875,89.2916259765625
IMG_0045.mp4,281,9.366666666666667,30.0,149,2,traffic_signs,0.844417929649353,755.4677124023438,1462.61767578125,796.1991577148438,1520.8111572265625,775.8334350585938,1491.7144165039062,40.7314453125,58.1934814453125
IMG_0045.mp4,281,9.366666666666667,30.0,152,2,traffic_signs,0.6980686187744141,148.8252410888672,1435.0169677734375,185.66281127929688,1496.7734375,167.24402618408203,1465.8952026367188,36.83757019042969,61.7564697265625
IMG_0045.mp4,281,9.366666666666667,30.0,140,1,traffic_lights,0.42075902223587036,3417.781982421875,1105.21875,3468.6591796875,1204.4921875,3443.2205810546875,1154.85546875,50.877197265625,99.2734375
IMG_0045.mp4,282,9.4,30.0,127,2,traffic_signs,0.8067834973335266,1120.1322021484375,1333.08447265625,1170.51904296875,1401.3414306640625,1145.3256225585938,1367.2129516601562,50.3868408203125,68.2569580078125
IMG_0045.mp4,282,9.4,30.0,128,2,traffic_signs,0.8128478527069092,1739.003173828125,1484.5855712890625,1784.1121826171875,1557.1649169921875,1761.5576782226562,1520.875244140625,45.1090087890625,72.579345703125
IMG_0045.mp4,282,9.4,30.0,129,2,traffic_signs,0.8169134259223938,1587.6173095703125,1398.323486328125,1622.1981201171875,1496.560791015625,1604.90771484375,1447.442138671875,34.580810546875,98.2373046875
IMG_0045.mp4,282,9.4,30.0,126,2,traffic_signs,0.8418603539466858,1070.72900390625,1411.794677734375,1126.8243408203125,1500.38134765625,1098.7766723632812,1456.0880126953125,56.0953369140625,88.586669921875
IMG_0045.mp4,282,9.4,30.0,149,2,traffic_signs,0.8541572093963623,762.3257446289062,1463.4681396484375,803.60595703125,1521.6656494140625,782.9658508300781,1492.56689453125,41.28021240234375,58.197509765625
IMG_0045.mp4,283,9.433333333333334,30.0,127,2,traffic_signs,0.8365193605422974,1121.2418212890625,1332.025634765625,1172.8011474609375,1401.132080078125,1147.021484375,1366.578857421875,51.559326171875,69.1064453125
IMG_0045.mp4,283,9.433333333333334,30.0,128,2,traffic_signs,0.8303565979003906,1745.4080810546875,1483.966552734375,1791.8031005859375,1555.6890869140625,1768.6055908203125,1519.8278198242188,46.39501953125,71.7225341796875
IMG_0045.mp4,283,9.433333333333334,30.0,129,2,traffic_signs,0.8522772789001465,1592.5894775390625,1395.3526611328125,1628.5440673828125,1495.65771484375,1610.5667724609375,1445.5051879882812,35.95458984375,100.3050537109375
IMG_0045.mp4,283,9.433333333333334,30.0,126,2,traffic_signs,0.84956294298172,1073.441650390625,1410.1087646484375,1127.8197021484375,1498.7593994140625,1100.6306762695312,1454.43408203125,54.3780517578125,88.650634765625
IMG_0045.mp4,283,9.433333333333334,30.0,149,2,traffic_signs,0.8506038188934326,765.6526489257812,1462.292724609375,808.2041625976562,1522.782958984375,786.9284057617188,1492.537841796875,42.551513671875,60.490234375
IMG_0045.mp4,283,9.433333333333334,30.0,152,2,traffic_signs,0.33053144812583923,155.2348175048828,1436.6514892578125,188.86093139648438,1494.633544921875,172.0478744506836,1465.6425170898438,33.62611389160156,57.9820556640625
IMG_0045.mp4,284,9.466666666666667,30.0,127,2,traffic_signs,0.49631601572036743,1122.251953125,1327.2720947265625,1174.7481689453125,1396.25048828125,1148.5000610351562,1361.7612915039062,52.4962158203125,68.9783935546875
IMG_0045.mp4,284,9.466666666666667,30.0,128,2,traffic_signs,0.8570504784584045,1751.2205810546875,1478.1156005859375,1797.220947265625,1552.940185546875,1774.2207641601562,1515.5278930664062,46.0003662109375,74.8245849609375
IMG_0045.mp4,284,9.466666666666667,30.0,129,2,traffic_signs,0.8744329810142517,1596.476806640625,1390.9400634765625,1633.5601806640625,1492.150146484375,1615.0184936523438,1441.5451049804688,37.0833740234375,101.2100830078125
IMG_0045.mp4,284,9.466666666666667,30.0,126,2,traffic_signs,0.8655670285224915,1073.8807373046875,1405.8507080078125,1129.02587890625,1495.4373779296875,1101.4533081054688,1450.64404296875,55.1451416015625,89.586669921875
IMG_0045.mp4,284,9.466666666666667,30.0,149,2,traffic_signs,0.41067445278167725,768.8607177734375,1458.755615234375,810.990478515625,1519.977294921875,789.9255981445312,1489.366455078125,42.1297607421875,61.2216796875
IMG_0045.mp4,284,9.466666666666667,30.0,155,1,traffic_lights,0.4368995726108551,1810.45458984375,1465.0948486328125,1828.2635498046875,1493.083984375,1819.3590698242188,1479.0894165039062,17.8089599609375,27.9891357421875
IMG_0045.mp4,284,9.466666666666667,30.0,152,2,traffic_signs,0.3439091742038727,156.32017517089844,1433.3165283203125,186.83811950683594,1490.1046142578125,171.5791473388672,1461.7105712890625,30.5179443359375,56.7880859375
IMG_0045.mp4,285,9.5,30.0,127,2,traffic_signs,0.3380715847015381,1126.3895263671875,1326.83349609375,1178.027099609375,1395.95556640625,1152.2083129882812,1361.39453125,51.6375732421875,69.1220703125
IMG_0045.mp4,285,9.5,30.0,128,2,traffic_signs,0.782051146030426,1758.5113525390625,1476.9307861328125,1803.9892578125,1552.35791015625,1781.2503051757812,1514.6443481445312,45.4779052734375,75.4271240234375
IMG_0045.mp4,285,9.5,30.0,129,2,traffic_signs,0.8540135025978088,1600.598876953125,1388.4249267578125,1639.29052734375,1490.460693359375,1619.9447021484375,1439.4428100585938,38.691650390625,102.0357666015625
IMG_0045.mp4,285,9.5,30.0,126,2,traffic_signs,0.8546143174171448,1076.842041015625,1405.31201171875,1131.9176025390625,1494.900634765625,1104.3798217773438,1450.1063232421875,55.0755615234375,89.588623046875
IMG_0045.mp4,285,9.5,30.0,149,2,traffic_signs,0.5625095367431641,779.2941284179688,1459.62744140625,817.7256469726562,1520.948974609375,798.5098876953125,1490.2882080078125,38.4315185546875,61.321533203125
IMG_0045.mp4,286,9.533333333333333,30.0,128,2,traffic_signs,0.8937780857086182,1765.740478515625,1477.542724609375,1812.5487060546875,1553.0709228515625,1789.1445922851562,1515.3068237304688,46.8082275390625,75.5281982421875
IMG_0045.mp4,286,9.533333333333333,30.0,129,2,traffic_signs,0.803068995475769,1603.240234375,1388.2369384765625,1642.4232177734375,1493.2850341796875,1622.8317260742188,1440.760986328125,39.1829833984375,105.048095703125
IMG_0045.mp4,286,9.533333333333333,30.0,126,2,traffic_signs,0.8209210634231567,1079.85400390625,1404.4578857421875,1133.8587646484375,1495.419921875,1106.8563842773438,1449.9389038085938,54.0047607421875,90.9620361328125
IMG_0045.mp4,286,9.533333333333333,30.0,149,2,traffic_signs,0.8054214119911194,785.4176635742188,1459.93212890625,823.0698852539062,1521.2628173828125,804.2437744140625,1490.5974731445312,37.6522216796875,61.3306884765625
IMG_0045.mp4,287,9.566666666666666,30.0,128,2,traffic_signs,0.8132043480873108,1771.9310302734375,1473.4921875,1820.09765625,1549.8477783203125,1796.0143432617188,1511.6699829101562,48.1666259765625,76.3555908203125
IMG_0045.mp4,287,9.566666666666666,30.0,129,2,traffic_signs,0.81851726770401,1606.931884765625,1383.8380126953125,1644.950439453125,1488.817626953125,1625.941162109375,1436.3278198242188,38.0185546875,104.9796142578125
IMG_0045.mp4,287,9.566666666666666,30.0,126,2,traffic_signs,0.8318410515785217,1081.9202880859375,1399.8692626953125,1135.674560546875,1492.548095703125,1108.7974243164062,1446.2086791992188,53.7542724609375,92.6788330078125
IMG_0045.mp4,287,9.566666666666666,30.0,149,2,traffic_signs,0.7659440040588379,788.6126708984375,1456.3427734375,827.7142944335938,1517.8336181640625,808.1634826660156,1487.0881958007812,39.10162353515625,61.4908447265625
IMG_0045.mp4,288,9.6,30.0,128,2,traffic_signs,0.8278213739395142,1779.713623046875,1473.830810546875,1827.4332275390625,1549.5533447265625,1803.5734252929688,1511.6920776367188,47.7196044921875,75.7225341796875
IMG_0045.mp4,288,9.6,30.0,129,2,traffic_signs,0.8071801066398621,1613.1285400390625,1381.5498046875,1649.877197265625,1486.751220703125,1631.5028686523438,1434.1505126953125,36.7486572265625,105.201416015625
IMG_0045.mp4,288,9.6,30.0,126,2,traffic_signs,0.8225653171539307,1085.9085693359375,1399.2945556640625,1138.5797119140625,1491.7083740234375,1112.244140625,1445.50146484375,52.671142578125,92.413818359375
IMG_0045.mp4,288,9.6,30.0,149,2,traffic_signs,0.5056076049804688,792.4638671875,1456.805908203125,832.8206176757812,1517.6258544921875,812.6422424316406,1487.2158813476562,40.35675048828125,60.8199462890625
IMG_0045.mp4,289,9.633333333333333,30.0,128,2,traffic_signs,0.862825870513916,1786.163818359375,1473.8983154296875,1834.61767578125,1548.3671875,1810.3907470703125,1511.1327514648438,48.453857421875,74.4688720703125
IMG_0045.mp4,289,9.633333333333333,30.0,129,2,traffic_signs,0.868992805480957,1615.79541015625,1379.33447265625,1655.82470703125,1486.0303955078125,1635.81005859375,1432.6824340820312,40.029296875,106.6959228515625
IMG_0045.mp4,289,9.633333333333333,30.0,126,2,traffic_signs,0.7679116129875183,1088.16064453125,1396.94775390625,1138.7490234375,1489.860595703125,1113.454833984375,1443.4041748046875,50.58837890625,92.912841796875
IMG_0045.mp4,289,9.633333333333333,30.0,149,2,traffic_signs,0.4883572459220886,797.330322265625,1455.662109375,837.4751586914062,1516.094970703125,817.4027404785156,1485.8785400390625,40.14483642578125,60.432861328125
IMG_0045.mp4,290,9.666666666666666,30.0,128,2,traffic_signs,0.8426355719566345,1792.3187255859375,1468.6712646484375,1841.3057861328125,1544.4583740234375,1816.812255859375,1506.5648193359375,48.987060546875,75.787109375
IMG_0045.mp4,290,9.666666666666666,30.0,129,2,traffic_signs,0.8682835698127747,1619.3193359375,1374.0052490234375,1658.0780029296875,1480.573974609375,1638.6986694335938,1427.2896118164062,38.7586669921875,106.5687255859375
IMG_0045.mp4,290,9.666666666666666,30.0,126,2,traffic_signs,0.43658798933029175,1088.9466552734375,1393.608154296875,1139.4580078125,1484.40576171875,1114.2023315429688,1439.0069580078125,50.5113525390625,90.797607421875
IMG_0045.mp4,290,9.666666666666666,30.0,149,2,traffic_signs,0.48271963000297546,804.1897583007812,1451.40966796875,842.4290161132812,1513.2032470703125,823.3093872070312,1482.3064575195312,38.2392578125,61.7935791015625
IMG_0045.mp4,290,9.666666666666666,30.0,162,1,traffic_lights,0.4376157820224762,1854.6939697265625,1456.7091064453125,1870.4688720703125,1483.3790283203125,1862.5814208984375,1470.0440673828125,15.77490234375,26.669921875
IMG_0045.mp4,290,9.666666666666666,30.0,140,1,traffic_lights,0.6126573085784912,3577.682373046875,1066.50146484375,3641.7060546875,1167.21826171875,3609.6942138671875,1116.85986328125,64.023681640625,100.716796875
IMG_0045.mp4,291,9.7,30.0,128,2,traffic_signs,0.8906543254852295,1800.6527099609375,1467.5887451171875,1848.233154296875,1544.067626953125,1824.4429321289062,1505.8281860351562,47.5804443359375,76.4788818359375
IMG_0045.mp4,291,9.7,30.0,129,2,traffic_signs,0.8651552200317383,1623.169921875,1373.1319580078125,1662.50830078125,1478.2891845703125,1642.839111328125,1425.7105712890625,39.33837890625,105.1572265625
IMG_0045.mp4,291,9.7,30.0,126,2,traffic_signs,0.7241899967193604,1092.3248291015625,1394.1396484375,1143.10595703125,1484.3875732421875,1117.7153930664062,1439.2636108398438,50.7811279296875,90.2479248046875
IMG_0045.mp4,291,9.7,30.0,149,2,traffic_signs,0.7223225831985474,811.77001953125,1451.1895751953125,849.8316650390625,1512.399658203125,830.8008422851562,1481.7946166992188,38.0616455078125,61.2100830078125
IMG_0045.mp4,291,9.7,30.0,140,1,traffic_lights,0.7870524525642395,3598.233642578125,1063.9892578125,3662.111083984375,1169.18017578125,3630.17236328125,1116.584716796875,63.87744140625,105.19091796875
IMG_0045.mp4,292,9.733333333333333,30.0,128,2,traffic_signs,0.8546342849731445,1808.013916015625,1468.921142578125,1855.607177734375,1543.585693359375,1831.810546875,1506.25341796875,47.59326171875,74.66455078125
IMG_0045.mp4,292,9.733333333333333,30.0,129,2,traffic_signs,0.8570606708526611,1628.290771484375,1371.408935546875,1668.498046875,1473.70361328125,1648.3944091796875,1422.5562744140625,40.207275390625,102.294677734375
IMG_0045.mp4,292,9.733333333333333,30.0,126,2,traffic_signs,0.6707146763801575,1094.135009765625,1393.90576171875,1146.1851806640625,1483.994384765625,1120.1600952148438,1438.9500732421875,52.0501708984375,90.088623046875
IMG_0045.mp4,292,9.733333333333333,30.0,149,2,traffic_signs,0.4588288962841034,813.5474243164062,1451.803955078125,854.9659423828125,1513.5950927734375,834.2566833496094,1482.6995239257812,41.41851806640625,61.7911376953125
IMG_0045.mp4,293,9.766666666666667,30.0,128,2,traffic_signs,0.8893120288848877,1814.949462890625,1466.09326171875,1863.0740966796875,1541.734375,1839.0117797851562,1503.913818359375,48.1246337890625,75.64111328125
IMG_0045.mp4,293,9.766666666666667,30.0,129,2,traffic_signs,0.4895084798336029,1632.7554931640625,1365.7977294921875,1673.3623046875,1468.7005615234375,1653.0588989257812,1417.2491455078125,40.6068115234375,102.90283203125
IMG_0045.mp4,293,9.766666666666667,30.0,126,2,traffic_signs,0.820543646812439,1094.522705078125,1386.8399658203125,1148.8814697265625,1480.240478515625,1121.7020874023438,1433.5402221679688,54.3587646484375,93.4005126953125
IMG_0045.mp4,293,9.766666666666667,30.0,149,2,traffic_signs,0.7297259569168091,814.4497680664062,1448.4608154296875,858.6541748046875,1510.043212890625,836.5519714355469,1479.2520141601562,44.20440673828125,61.5823974609375
IMG_0045.mp4,294,9.8,30.0,128,2,traffic_signs,0.8750215172767639,1824.05322265625,1466.4119873046875,1870.59130859375,1542.9949951171875,1847.322265625,1504.7034912109375,46.5380859375,76.5830078125
IMG_0045.mp4,294,9.8,30.0,129,2,traffic_signs,0.9027138352394104,1637.893798828125,1365.4000244140625,1679.1361083984375,1472.115234375,1658.5149536132812,1418.7576293945312,41.2423095703125,106.7152099609375
IMG_0045.mp4,294,9.8,30.0,126,2,traffic_signs,0.7930704355239868,1097.001220703125,1386.4381103515625,1153.2864990234375,1480.87158203125,1125.1438598632812,1433.6548461914062,56.2852783203125,94.4334716796875
IMG_0045.mp4,294,9.8,30.0,149,2,traffic_signs,0.28358227014541626,826.5775756835938,1451.1375732421875,865.7100830078125,1510.9117431640625,846.1438293457031,1481.024658203125,39.13250732421875,59.774169921875
IMG_0045.mp4,295,9.833333333333334,30.0,128,2,traffic_signs,0.8270840048789978,1831.2774658203125,1466.2890625,1877.588134765625,1541.9658203125,1854.4328002929688,1504.12744140625,46.3106689453125,75.6767578125
IMG_0045.mp4,295,9.833333333333334,30.0,129,2,traffic_signs,0.6286864280700684,1640.853515625,1361.335693359375,1682.7564697265625,1470.4700927734375,1661.8049926757812,1415.9028930664062,41.9029541015625,109.1343994140625
IMG_0045.mp4,295,9.833333333333334,30.0,126,2,traffic_signs,0.8716992139816284,1097.96435546875,1384.4249267578125,1154.396484375,1480.744140625,1126.180419921875,1432.5845336914062,56.43212890625,96.3192138671875
IMG_0045.mp4,295,9.833333333333334,30.0,149,2,traffic_signs,0.7274448275566101,830.3239135742188,1450.281494140625,870.802001953125,1510.41455078125,850.5629577636719,1480.3480224609375,40.47808837890625,60.133056640625
IMG_0045.mp4,296,9.866666666666667,30.0,128,2,traffic_signs,0.8618596196174622,1838.1181640625,1462.3975830078125,1885.658203125,1539.931884765625,1861.88818359375,1501.1647338867188,47.5400390625,77.5343017578125
IMG_0045.mp4,296,9.866666666666667,30.0,129,2,traffic_signs,0.853384792804718,1644.8704833984375,1356.4337158203125,1687.4462890625,1466.056884765625,1666.1583862304688,1411.2453002929688,42.5758056640625,109.6231689453125
IMG_0045.mp4,296,9.866666666666667,30.0,126,2,traffic_signs,0.8736883997917175,1100.1705322265625,1380.444091796875,1154.71728515625,1475.9300537109375,1127.4439086914062,1428.1870727539062,54.5467529296875,95.4859619140625
IMG_0045.mp4,296,9.866666666666667,30.0,149,2,traffic_signs,0.6603991389274597,832.6507568359375,1446.4603271484375,875.0799560546875,1507.309814453125,853.8653564453125,1476.8850708007812,42.42919921875,60.8494873046875
IMG_0045.mp4,297,9.9,30.0,128,2,traffic_signs,0.8412155508995056,1845.898681640625,1463.219482421875,1892.7276611328125,1541.389892578125,1869.3131713867188,1502.3046875,46.8289794921875,78.17041015625
IMG_0045.mp4,297,9.9,30.0,129,2,traffic_signs,0.8318103551864624,1648.9459228515625,1355.593994140625,1691.69140625,1466.4359130859375,1670.3186645507812,1411.0149536132812,42.7454833984375,110.8419189453125
IMG_0045.mp4,297,9.9,30.0,126,2,traffic_signs,0.6148419380187988,1103.19091796875,1379.8875732421875,1157.138671875,1476.5390625,1130.164794921875,1428.2133178710938,53.94775390625,96.6514892578125
IMG_0045.mp4,297,9.9,30.0,168,2,traffic_signs,0.37556442618370056,234.86666870117188,1421.115966796875,267.35418701171875,1481.3433837890625,251.1104278564453,1451.2296752929688,32.487518310546875,60.2274169921875
IMG_0045.mp4,298,9.933333333333334,30.0,128,2,traffic_signs,0.7933053970336914,1853.447998046875,1462.544921875,1899.8189697265625,1540.943359375,1876.6334838867188,1501.744140625,46.3709716796875,78.3984375
IMG_0045.mp4,298,9.933333333333334,30.0,129,2,traffic_signs,0.840223491191864,1652.2550048828125,1353.50390625,1694.51611328125,1464.2366943359375,1673.3855590820312,1408.8703002929688,42.2611083984375,110.7327880859375
IMG_0045.mp4,298,9.933333333333334,30.0,126,2,traffic_signs,0.7665835022926331,1104.5645751953125,1377.3153076171875,1158.7578125,1474.9248046875,1131.6611938476562,1426.1200561523438,54.1932373046875,97.6094970703125
IMG_0045.mp4,298,9.933333333333334,30.0,168,2,traffic_signs,0.32795628905296326,236.00424194335938,1417.99072265625,269.741943359375,1482.145751953125,252.8730926513672,1450.0682373046875,33.737701416015625,64.155029296875
IMG_0045.mp4,299,9.966666666666667,30.0,128,2,traffic_signs,0.8747530579566956,1859.6240234375,1458.5516357421875,1907.7000732421875,1538.3948974609375,1883.6620483398438,1498.4732666015625,48.0760498046875,79.84326171875
IMG_0045.mp4,299,9.966666666666667,30.0,129,2,traffic_signs,0.8548339605331421,1655.246826171875,1349.2703857421875,1698.6795654296875,1460.8348388671875,1676.9631958007812,1405.0526123046875,43.4327392578125,111.564453125
IMG_0045.mp4,299,9.966666666666667,30.0,126,2,traffic_signs,0.5870400667190552,1106.037109375,1372.5308837890625,1160.8067626953125,1471.64599609375,1133.4219360351562,1422.0884399414062,54.7696533203125,99.1151123046875
IMG_0045.mp4,299,9.966666666666667,30.0,168,2,traffic_signs,0.5012013912200928,236.28994750976562,1413.3701171875,271.8454895019531,1478.9476318359375,254.06771850585938,1446.1588745117188,35.5555419921875,65.5775146484375
IMG_0045.mp4,300,10.0,30.0,128,2,traffic_signs,0.3734949231147766,1867.680419921875,1462.635498046875,1915.868896484375,1538.9503173828125,1891.774658203125,1500.7929077148438,48.1884765625,76.3148193359375
IMG_0045.mp4,300,10.0,30.0,129,2,traffic_signs,0.6607643365859985,1659.4505615234375,1350.375244140625,1704.10986328125,1463.6124267578125,1681.7802124023438,1406.9938354492188,44.6593017578125,113.2371826171875
IMG_0045.mp4,300,10.0,30.0,126,2,traffic_signs,0.7374464869499207,1109.7430419921875,1373.6348876953125,1163.9622802734375,1473.3736572265625,1136.8526611328125,1423.5042724609375,54.21923828125,99.73876953125
IMG_0045.mp4,301,10.033333333333333,30.0,128,2,traffic_signs,0.47542741894721985,1875.383544921875,1463.1759033203125,1920.8553466796875,1538.596923828125,1898.1194458007812,1500.8864135742188,45.4718017578125,75.4210205078125
IMG_0045.mp4,301,10.033333333333333,30.0,129,2,traffic_signs,0.8986254334449768,1662.0418701171875,1347.6937255859375,1707.05224609375,1464.881591796875,1684.5470581054688,1406.2876586914062,45.0103759765625,117.1878662109375
IMG_0045.mp4,301,10.033333333333333,30.0,126,2,traffic_signs,0.7994762659072876,1109.9686279296875,1372.345703125,1163.0452880859375,1473.4219970703125,1136.5069580078125,1422.8838500976562,53.07666015625,101.0762939453125
IMG_0045.mp4,302,10.066666666666666,30.0,128,2,traffic_signs,0.7693607211112976,1882.786376953125,1459.426513671875,1929.390625,1537.7698974609375,1906.0885009765625,1498.5982055664062,46.604248046875,78.3433837890625
IMG_0045.mp4,302,10.066666666666666,30.0,129,2,traffic_signs,0.880061686038971,1665.945068359375,1343.179931640625,1711.707275390625,1463.9056396484375,1688.826171875,1403.5427856445312,45.76220703125,120.7257080078125
IMG_0045.mp4,302,10.066666666666666,30.0,126,2,traffic_signs,0.7077084183692932,1112.5655517578125,1370.902587890625,1163.5201416015625,1472.4580078125,1138.0428466796875,1421.6802978515625,50.95458984375,101.555419921875
IMG_0045.mp4,302,10.066666666666666,30.0,127,2,traffic_signs,0.5346118211746216,1159.73876953125,1306.183349609375,1205.2978515625,1356.3543701171875,1182.518310546875,1331.2688598632812,45.55908203125,50.1710205078125
IMG_0045.mp4,302,10.066666666666666,30.0,168,2,traffic_signs,0.4025630056858063,237.50015258789062,1410.8768310546875,277.1736755371094,1480.0517578125,257.3369140625,1445.4642944335938,39.67352294921875,69.1749267578125
IMG_0045.mp4,303,10.1,30.0,128,2,traffic_signs,0.7597126960754395,1890.42822265625,1460.5706787109375,1938.3883056640625,1538.2548828125,1914.4082641601562,1499.4127807617188,47.9600830078125,77.6842041015625
IMG_0045.mp4,303,10.1,30.0,129,2,traffic_signs,0.864141583442688,1670.0147705078125,1342.0396728515625,1715.4307861328125,1461.82373046875,1692.7227783203125,1401.9317016601562,45.416015625,119.7840576171875
IMG_0045.mp4,303,10.1,30.0,126,2,traffic_signs,0.8051670789718628,1113.7425537109375,1370.681640625,1166.7176513671875,1473.3778076171875,1140.2301025390625,1422.0297241210938,52.97509765625,102.6961669921875
IMG_0045.mp4,303,10.1,30.0,172,1,traffic_lights,0.533452033996582,1953.4197998046875,1443.099609375,1972.86376953125,1473.94873046875,1963.1417846679688,1458.524169921875,19.4439697265625,30.84912109375
IMG_0045.mp4,303,10.1,30.0,173,1,traffic_lights,0.698298454284668,3790.14306640625,1080.4093017578125,3840.0,1144.974609375,3815.071533203125,1112.6919555664062,49.85693359375,64.5653076171875
IMG_0045.mp4,304,10.133333333333333,30.0,128,2,traffic_signs,0.8058567047119141,1898.28369140625,1461.018310546875,1944.6990966796875,1538.5428466796875,1921.4913940429688,1499.7805786132812,46.4154052734375,77.5245361328125
IMG_0045.mp4,304,10.133333333333333,30.0,129,2,traffic_signs,0.882379949092865,1672.82666015625,1338.81640625,1721.3707275390625,1460.919677734375,1697.0986938476562,1399.8680419921875,48.5440673828125,122.103271484375
IMG_0045.mp4,304,10.133333333333333,30.0,126,2,traffic_signs,0.7774977087974548,1114.3651123046875,1369.699951171875,1168.705078125,1473.07861328125,1141.5350952148438,1421.3892822265625,54.3399658203125,103.378662109375
IMG_0045.mp4,304,10.133333333333333,30.0,173,1,traffic_lights,0.5584821701049805,3813.57373046875,1084.572021484375,3840.0,1144.90576171875,3826.786865234375,1114.7388916015625,26.42626953125,60.333740234375
IMG_0045.mp4,304,10.133333333333333,30.0,168,2,traffic_signs,0.31936192512512207,238.0681915283203,1407.42578125,281.4329528808594,1480.6656494140625,259.75057220458984,1444.0457153320312,43.36476135253906,73.2398681640625
IMG_0045.mp4,305,10.166666666666666,30.0,128,2,traffic_signs,0.8650178909301758,1905.1900634765625,1456.025390625,1953.0992431640625,1537.488037109375,1929.1446533203125,1496.7567138671875,47.9091796875,81.462646484375
IMG_0045.mp4,305,10.166666666666666,30.0,129,2,traffic_signs,0.8631128668785095,1676.60400390625,1335.1292724609375,1725.6365966796875,1458.4671630859375,1701.1203002929688,1396.7982177734375,49.0325927734375,123.337890625
IMG_0045.mp4,305,10.166666666666666,30.0,126,2,traffic_signs,0.5866095423698425,1116.0430908203125,1364.1820068359375,1170.920166015625,1470.5029296875,1143.4816284179688,1417.3424682617188,54.8770751953125,106.3209228515625
IMG_0045.mp4,305,10.166666666666666,30.0,168,2,traffic_signs,0.32089683413505554,240.2061767578125,1404.3363037109375,284.1717529296875,1478.3895263671875,262.18896484375,1441.3629150390625,43.965576171875,74.05322265625
IMG_0045.mp4,306,10.2,30.0,128,2,traffic_signs,0.7977298498153687,1913.8382568359375,1457.6910400390625,1962.68994140625,1538.663818359375,1938.2640991210938,1498.1774291992188,48.8516845703125,80.9727783203125
IMG_0045.mp4,306,10.2,30.0,129,2,traffic_signs,0.9173357486724854,1681.86279296875,1335.7125244140625,1730.4659423828125,1457.96240234375,1706.1643676757812,1396.8374633789062,48.6031494140625,122.2498779296875
IMG_0045.mp4,306,10.2,30.0,126,2,traffic_signs,0.798151433467865,1119.2508544921875,1365.1114501953125,1173.7491455078125,1470.6302490234375,1146.5,1417.870849609375,54.498291015625,105.518798828125
IMG_0045.mp4,307,10.233333333333333,30.0,128,2,traffic_signs,0.8244807124137878,1920.1602783203125,1457.12451171875,1968.8265380859375,1538.5001220703125,1944.493408203125,1497.8123168945312,48.666259765625,81.3756103515625
IMG_0045.mp4,307,10.233333333333333,30.0,129,2,traffic_signs,0.9186341762542725,1684.360107421875,1332.2960205078125,1733.8636474609375,1456.7630615234375,1709.1118774414062,1394.529541015625,49.5035400390625,124.467041015625
IMG_0045.mp4,307,10.233333333333333,30.0,126,2,traffic_signs,0.8287956714630127,1119.104736328125,1361.5389404296875,1176.7039794921875,1468.856201171875,1147.9043579101562,1415.1975708007812,57.5992431640625,107.3172607421875
IMG_0045.mp4,307,10.233333333333333,30.0,179,1,traffic_lights,0.602836549282074,1981.96435546875,1443.1324462890625,2006.434814453125,1502.5400390625,1994.1995849609375,1472.8362426757812,24.470458984375,59.4075927734375
IMG_0045.mp4,308,10.266666666666667,30.0,128,2,traffic_signs,0.5226078629493713,1927.31396484375,1454.0552978515625,1976.473876953125,1535.8685302734375,1951.8939208984375,1494.9619140625,49.159912109375,81.813232421875
IMG_0045.mp4,308,10.266666666666667,30.0,129,2,traffic_signs,0.9013143181800842,1686.669189453125,1327.6884765625,1736.1673583984375,1453.900146484375,1711.4182739257812,1390.7943115234375,49.4981689453125,126.211669921875
IMG_0045.mp4,308,10.266666666666667,30.0,126,2,traffic_signs,0.7261452078819275,1119.2762451171875,1358.2144775390625,1178.6993408203125,1464.511962890625,1148.98779296875,1411.3632202148438,59.423095703125,106.2974853515625
IMG_0045.mp4,308,10.266666666666667,30.0,179,1,traffic_lights,0.543830394744873,1987.9835205078125,1441.67626953125,2013.394775390625,1507.1326904296875,2000.6891479492188,1474.4044799804688,25.4112548828125,65.4564208984375
IMG_0045.mp4,309,10.3,30.0,128,2,traffic_signs,0.49186062812805176,1936.0467529296875,1456.3472900390625,1986.7337646484375,1537.55224609375,1961.3902587890625,1496.9497680664062,50.68701171875,81.2049560546875
IMG_0045.mp4,309,10.3,30.0,129,2,traffic_signs,0.8936878442764282,1691.362060546875,1328.6483154296875,1742.0325927734375,1456.1632080078125,1716.6973266601562,1392.40576171875,50.6705322265625,127.514892578125
IMG_0045.mp4,309,10.3,30.0,126,2,traffic_signs,0.6681600213050842,1122.658203125,1359.8232421875,1180.582763671875,1466.136474609375,1151.6204833984375,1412.9798583984375,57.924560546875,106.313232421875
IMG_0045.mp4,310,10.333333333333334,30.0,128,2,traffic_signs,0.7259101867675781,1943.28955078125,1455.3099365234375,1993.285888671875,1537.964111328125,1968.2877197265625,1496.6370239257812,49.996337890625,82.6541748046875
IMG_0045.mp4,310,10.333333333333334,30.0,129,2,traffic_signs,0.8840391039848328,1695.4840087890625,1325.6112060546875,1745.8819580078125,1451.7974853515625,1720.6829833984375,1388.704345703125,50.39794921875,126.186279296875
IMG_0045.mp4,310,10.333333333333334,30.0,126,2,traffic_signs,0.7357375025749207,1124.24365234375,1357.580810546875,1180.5399169921875,1463.916015625,1152.3917846679688,1410.7484130859375,56.2962646484375,106.335205078125
IMG_0045.mp4,310,10.333333333333334,30.0,179,1,traffic_lights,0.606452465057373,2004.2545166015625,1442.4271240234375,2032.296875,1510.96533203125,2018.2756958007812,1476.6962280273438,28.0423583984375,68.5382080078125
IMG_0045.mp4,311,10.366666666666667,30.0,128,2,traffic_signs,0.7101776003837585,1951.8616943359375,1452.7501220703125,2000.7581787109375,1537.0718994140625,1976.3099365234375,1494.9110107421875,48.896484375,84.32177734375
IMG_0045.mp4,311,10.366666666666667,30.0,129,2,traffic_signs,0.918877363204956,1698.9530029296875,1321.674560546875,1750.9381103515625,1447.713623046875,1724.945556640625,1384.694091796875,51.985107421875,126.0390625
IMG_0045.mp4,311,10.366666666666667,30.0,126,2,traffic_signs,0.49490615725517273,1127.3887939453125,1354.239990234375,1181.8385009765625,1462.2098388671875,1154.6136474609375,1408.2249145507812,54.44970703125,107.9698486328125
IMG_0045.mp4,311,10.366666666666667,30.0,182,2,traffic_signs,0.630851686000824,2.106360912322998,1422.572509765625,21.963794708251953,1449.335693359375,12.035077810287476,1435.9541015625,19.857433795928955,26.76318359375
IMG_0045.mp4,311,10.366666666666667,30.0,179,1,traffic_lights,0.6874974370002747,2010.8658447265625,1441.398681640625,2039.091064453125,1516.017822265625,2024.9784545898438,1478.708251953125,28.2252197265625,74.619140625
IMG_0045.mp4,312,10.4,30.0,128,2,traffic_signs,0.645950198173523,1960.051025390625,1455.3365478515625,2011.1087646484375,1539.7489013671875,1985.5798950195312,1497.542724609375,51.0577392578125,84.412353515625
IMG_0045.mp4,312,10.4,30.0,129,2,traffic_signs,0.82499760389328,1702.28076171875,1322.03369140625,1754.8270263671875,1449.2647705078125,1728.5538940429688,1385.6492309570312,52.5462646484375,127.2310791015625
IMG_0045.mp4,312,10.4,30.0,126,2,traffic_signs,0.8078254461288452,1127.66357421875,1354.9736328125,1183.2733154296875,1463.733154296875,1155.4684448242188,1409.3533935546875,55.6097412109375,108.759521484375
IMG_0045.mp4,312,10.4,30.0,182,2,traffic_signs,0.5473508834838867,3.12943172454834,1416.10009765625,27.09307098388672,1450.7579345703125,15.11125135421753,1433.4290161132812,23.96363925933838,34.6578369140625
IMG_0045.mp4,313,10.433333333333334,30.0,128,2,traffic_signs,0.7116886973381042,1967.28173828125,1455.6951904296875,2017.230224609375,1540.234375,1992.2559814453125,1497.9647827148438,49.948486328125,84.5391845703125
IMG_0045.mp4,313,10.433333333333334,30.0,129,2,traffic_signs,0.9121403098106384,1704.130859375,1317.250244140625,1758.231689453125,1449.24755859375,1731.1812744140625,1383.2489013671875,54.100830078125,131.997314453125
IMG_0045.mp4,313,10.433333333333334,30.0,126,2,traffic_signs,0.8072635531425476,1126.285400390625,1352.6312255859375,1182.4010009765625,1463.419677734375,1154.3432006835938,1408.0254516601562,56.1156005859375,110.7884521484375
IMG_0045.mp4,313,10.433333333333334,30.0,182,2,traffic_signs,0.6514070630073547,0.8814019560813904,1415.9588623046875,30.83245849609375,1449.559326171875,15.85693022608757,1432.7590942382812,29.95105654001236,33.6004638671875
IMG_0045.mp4,313,10.433333333333334,30.0,179,1,traffic_lights,0.5539672374725342,2027.507080078125,1444.5164794921875,2054.7060546875,1513.623291015625,2041.1065673828125,1479.0698852539062,27.198974609375,69.1068115234375
IMG_0045.mp4,314,10.466666666666667,30.0,128,2,traffic_signs,0.8316778540611267,1974.444091796875,1454.1357421875,2025.783203125,1540.052734375,2000.1136474609375,1497.09423828125,51.339111328125,85.9169921875
IMG_0045.mp4,314,10.466666666666667,30.0,129,2,traffic_signs,0.9121946096420288,1708.2381591796875,1314.0107421875,1762.8658447265625,1449.345458984375,1735.552001953125,1381.6781005859375,54.627685546875,135.334716796875
IMG_0045.mp4,314,10.466666666666667,30.0,126,2,traffic_signs,0.8022051453590393,1127.8226318359375,1350.044921875,1184.197509765625,1461.6376953125,1156.0100708007812,1405.84130859375,56.3748779296875,111.5927734375
IMG_0045.mp4,314,10.466666666666667,30.0,182,2,traffic_signs,0.6312471628189087,0.8690487146377563,1418.7884521484375,31.96186065673828,1448.01953125,16.41545468568802,1433.4039916992188,31.092811942100525,29.2310791015625
IMG_0045.mp4,314,10.466666666666667,30.0,185,2,traffic_signs,0.6936895847320557,2498.99267578125,1453.3271484375,2541.0439453125,1688.6866455078125,2520.018310546875,1571.0068969726562,42.05126953125,235.3594970703125
IMG_0045.mp4,314,10.466666666666667,30.0,179,1,traffic_lights,0.2903722822666168,2035.5833740234375,1443.8358154296875,2062.531005859375,1509.069580078125,2049.0571899414062,1476.4526977539062,26.9476318359375,65.2337646484375
IMG_0045.mp4,315,10.5,30.0,128,2,traffic_signs,0.84781414270401,1984.5914306640625,1457.619384765625,2036.599609375,1542.5528564453125,2010.5955200195312,1500.0861206054688,52.0081787109375,84.9334716796875
IMG_0045.mp4,315,10.5,30.0,129,2,traffic_signs,0.9286869168281555,1712.7469482421875,1314.5938720703125,1769.9093017578125,1451.2335205078125,1741.328125,1382.9136962890625,57.162353515625,136.6396484375
IMG_0045.mp4,315,10.5,30.0,126,2,traffic_signs,0.801841676235199,1129.638427734375,1351.6895751953125,1189.5616455078125,1463.92919921875,1159.6000366210938,1407.8093872070312,59.9232177734375,112.2396240234375
IMG_0045.mp4,315,10.5,30.0,182,2,traffic_signs,0.5396412014961243,11.061964988708496,1423.6572265625,53.92036819458008,1452.2906494140625,32.49116659164429,1437.9739379882812,42.85840320587158,28.6334228515625
IMG_0045.mp4,316,10.533333333333333,30.0,128,2,traffic_signs,0.8991087079048157,1993.2685546875,1456.6790771484375,2043.6055908203125,1542.4398193359375,2018.4370727539062,1499.5594482421875,50.3370361328125,85.7607421875
IMG_0045.mp4,316,10.533333333333333,30.0,129,2,traffic_signs,0.9290053248405457,1717.1475830078125,1311.05517578125,1774.96044921875,1449.09716796875,1746.0540161132812,1380.076171875,57.8128662109375,138.0419921875
IMG_0045.mp4,316,10.533333333333333,30.0,126,2,traffic_signs,0.7997854948043823,1126.706298828125,1348.8115234375,1191.2890625,1463.3984375,1158.9976806640625,1406.10498046875,64.582763671875,114.5869140625
IMG_0045.mp4,316,10.533333333333333,30.0,182,2,traffic_signs,0.6685500144958496,24.620885848999023,1415.2119140625,70.4244613647461,1452.412841796875,47.52267360687256,1433.8123779296875,45.80357551574707,37.200927734375
IMG_0045.mp4,316,10.533333333333333,30.0,189,2,traffic_signs,0.5889244675636292,1176.2679443359375,1247.5673828125,1241.1622314453125,1331.986083984375,1208.715087890625,1289.7767333984375,64.894287109375,84.418701171875
IMG_0045.mp4,316,10.533333333333333,30.0,179,1,traffic_lights,0.627748429775238,2054.24267578125,1442.169921875,2083.64599609375,1514.8017578125,2068.9443359375,1478.48583984375,29.4033203125,72.6318359375
IMG_0045.mp4,317,10.566666666666666,30.0,128,2,traffic_signs,0.8853536248207092,2001.061279296875,1455.6180419921875,2053.3935546875,1543.9683837890625,2027.2274169921875,1499.793212890625,52.332275390625,88.350341796875
IMG_0045.mp4,317,10.566666666666666,30.0,129,2,traffic_signs,0.9220250844955444,1719.53173828125,1308.58349609375,1779.0023193359375,1447.7314453125,1749.2670288085938,1378.157470703125,59.4705810546875,139.14794921875
IMG_0045.mp4,317,10.566666666666666,30.0,126,2,traffic_signs,0.7505772113800049,1123.1640625,1346.7747802734375,1192.4822998046875,1462.6024169921875,1157.8231811523438,1404.6885986328125,69.3182373046875,115.82763671875
IMG_0045.mp4,317,10.566666666666666,30.0,182,2,traffic_signs,0.802213191986084,32.698123931884766,1407.7685546875,80.47398376464844,1451.9791259765625,56.5860538482666,1429.8738403320312,47.77585983276367,44.2105712890625
IMG_0045.mp4,317,10.566666666666666,30.0,189,2,traffic_signs,0.6441999673843384,1176.3914794921875,1245.58154296875,1242.8045654296875,1330.8145751953125,1209.5980224609375,1288.1980590820312,66.4130859375,85.2330322265625
IMG_0045.mp4,318,10.6,30.0,128,2,traffic_signs,0.8724747896194458,2010.111328125,1459.5595703125,2063.241943359375,1548.2269287109375,2036.6766357421875,1503.8932495117188,53.130615234375,88.6673583984375
IMG_0045.mp4,318,10.6,30.0,129,2,traffic_signs,0.8328588604927063,1724.008544921875,1308.97802734375,1784.2342529296875,1449.334228515625,1754.1213989257812,1379.1561279296875,60.2257080078125,140.356201171875
IMG_0045.mp4,318,10.6,30.0,126,2,traffic_signs,0.662382185459137,1121.076171875,1346.9327392578125,1199.65478515625,1463.860595703125,1160.365478515625,1405.3966674804688,78.57861328125,116.9278564453125
IMG_0045.mp4,318,10.6,30.0,182,2,traffic_signs,0.6895522475242615,42.591827392578125,1407.519775390625,91.64824676513672,1455.422119140625,67.12003707885742,1431.470947265625,49.056419372558594,47.90234375
IMG_0045.mp4,318,10.6,30.0,189,2,traffic_signs,0.5470945239067078,1178.95849609375,1247.3994140625,1240.69482421875,1333.25927734375,1209.82666015625,1290.329345703125,61.736328125,85.85986328125
IMG_0045.mp4,318,10.6,30.0,179,1,traffic_lights,0.294904887676239,2072.796630859375,1443.40576171875,2104.09521484375,1511.1173095703125,2088.4459228515625,1477.2615356445312,31.298583984375,67.7115478515625
IMG_0045.mp4,319,10.633333333333333,30.0,128,2,traffic_signs,0.8081476092338562,2018.3038330078125,1456.46875,2070.1884765625,1547.3504638671875,2044.2461547851562,1501.9096069335938,51.8846435546875,90.8817138671875
IMG_0045.mp4,319,10.633333333333333,30.0,129,2,traffic_signs,0.9048365950584412,1726.745849609375,1304.78173828125,1787.3516845703125,1448.8856201171875,1757.0487670898438,1376.8336791992188,60.6058349609375,144.1038818359375
IMG_0045.mp4,319,10.633333333333333,30.0,126,2,traffic_signs,0.43600305914878845,1120.9442138671875,1343.365478515625,1202.392333984375,1460.5057373046875,1161.6682739257812,1401.9356079101562,81.4481201171875,117.1402587890625
IMG_0045.mp4,319,10.633333333333333,30.0,182,2,traffic_signs,0.8449452519416809,47.8785400390625,1403.27099609375,98.93624114990234,1452.8958740234375,73.40739059448242,1428.0834350585938,51.057701110839844,49.6248779296875
IMG_0045.mp4,319,10.633333333333333,30.0,189,2,traffic_signs,0.580635666847229,1180.2919921875,1241.853759765625,1241.242919921875,1328.5257568359375,1210.7674560546875,1285.1897583007812,60.950927734375,86.6719970703125
IMG_0045.mp4,319,10.633333333333333,30.0,179,1,traffic_lights,0.5421718955039978,2081.678466796875,1441.192626953125,2111.737548828125,1512.97509765625,2096.7080078125,1477.0838623046875,30.05908203125,71.782470703125
IMG_0045.mp4,320,10.666666666666666,30.0,128,2,traffic_signs,0.8515992760658264,2027.1182861328125,1456.819091796875,2081.3212890625,1547.0760498046875,2054.2197875976562,1501.9475708007812,54.2030029296875,90.2569580078125
IMG_0045.mp4,320,10.666666666666666,30.0,129,2,traffic_signs,0.9060160517692566,1731.8240966796875,1302.078857421875,1792.01611328125,1448.9517822265625,1761.9201049804688,1375.5153198242188,60.1920166015625,146.8729248046875
IMG_0045.mp4,320,10.666666666666666,30.0,126,2,traffic_signs,0.6513574719429016,1124.00390625,1342.847412109375,1205.5001220703125,1459.0067138671875,1164.7520141601562,1400.9270629882812,81.4962158203125,116.1593017578125
IMG_0045.mp4,320,10.666666666666666,30.0,182,2,traffic_signs,0.8551803827285767,58.53577423095703,1402.4259033203125,110.08334350585938,1452.0450439453125,84.3095588684082,1427.2354736328125,51.547569274902344,49.619140625
IMG_0045.mp4,320,10.666666666666666,30.0,189,2,traffic_signs,0.8388871550559998,1182.6771240234375,1239.7757568359375,1247.2921142578125,1326.22021484375,1214.984619140625,1282.9979858398438,64.614990234375,86.4444580078125
IMG_0045.mp4,321,10.7,30.0,128,2,traffic_signs,0.8683897852897644,2036.2442626953125,1461.714111328125,2090.413330078125,1551.0198974609375,2063.3287963867188,1506.3670043945312,54.1690673828125,89.3057861328125
IMG_0045.mp4,321,10.7,30.0,129,2,traffic_signs,0.9215618371963501,1736.0780029296875,1303.326904296875,1796.53564453125,1449.99267578125,1766.3068237304688,1376.6597900390625,60.4576416015625,146.665771484375
IMG_0045.mp4,321,10.7,30.0,126,2,traffic_signs,0.31656256318092346,1123.560302734375,1345.7039794921875,1207.3895263671875,1459.146484375,1165.4749145507812,1402.4252319335938,83.8292236328125,113.4425048828125
IMG_0045.mp4,321,10.7,30.0,182,2,traffic_signs,0.8640349507331848,66.9738998413086,1405.5303955078125,119.40936279296875,1456.2421875,93.19163131713867,1430.8862915039062,52.435462951660156,50.7117919921875
IMG_0045.mp4,321,10.7,30.0,189,2,traffic_signs,0.8036001324653625,1184.2637939453125,1239.959228515625,1250.4947509765625,1328.1546630859375,1217.3792724609375,1284.0569458007812,66.23095703125,88.1954345703125
IMG_0045.mp4,322,10.733333333333333,30.0,128,2,traffic_signs,0.8245463371276855,2044.755859375,1460.801025390625,2099.990966796875,1552.052734375,2072.3734130859375,1506.4268798828125,55.235107421875,91.251708984375
IMG_0045.mp4,322,10.733333333333333,30.0,129,2,traffic_signs,0.9249365925788879,1738.13525390625,1300.022216796875,1799.135009765625,1447.012939453125,1768.6351318359375,1373.517578125,60.999755859375,146.99072265625
IMG_0045.mp4,322,10.733333333333333,30.0,126,2,traffic_signs,0.4190281629562378,1114.0772705078125,1343.458740234375,1206.5194091796875,1456.6844482421875,1160.29833984375,1400.0715942382812,92.442138671875,113.2257080078125
IMG_0045.mp4,322,10.733333333333333,30.0,182,2,traffic_signs,0.8618378043174744,71.00507354736328,1403.3070068359375,126.03077697753906,1455.6226806640625,98.51792526245117,1429.46484375,55.02570343017578,52.315673828125
IMG_0045.mp4,322,10.733333333333333,30.0,189,2,traffic_signs,0.895880937576294,1183.287841796875,1235.3974609375,1250.181640625,1324.830810546875,1216.7347412109375,1280.1141357421875,66.893798828125,89.433349609375
IMG_0045.mp4,323,10.766666666666667,30.0,128,2,traffic_signs,0.8224992156028748,2053.38232421875,1460.9647216796875,2110.186767578125,1551.97119140625,2081.7845458984375,1506.4679565429688,56.804443359375,91.0064697265625
IMG_0045.mp4,323,10.766666666666667,30.0,129,2,traffic_signs,0.883102297782898,1742.4632568359375,1296.52587890625,1805.614013671875,1444.9447021484375,1774.0386352539062,1370.7352905273438,63.1507568359375,148.4188232421875
IMG_0045.mp4,323,10.766666666666667,30.0,126,2,traffic_signs,0.3178301453590393,1118.8505859375,1343.007080078125,1208.2403564453125,1455.415771484375,1163.5454711914062,1399.21142578125,89.3897705078125,112.40869140625
IMG_0045.mp4,323,10.766666666666667,30.0,182,2,traffic_signs,0.856448769569397,84.03446960449219,1402.9095458984375,139.69094848632812,1455.40673828125,111.86270904541016,1429.1581420898438,55.65647888183594,52.4971923828125
IMG_0045.mp4,323,10.766666666666667,30.0,189,2,traffic_signs,0.762961745262146,1186.5521240234375,1234.068115234375,1252.6060791015625,1321.77685546875,1219.5791015625,1277.9224853515625,66.053955078125,87.708740234375
IMG_0045.mp4,324,10.8,30.0,128,2,traffic_signs,0.6044027805328369,2064.584228515625,1464.5985107421875,2120.071044921875,1557.0751953125,2092.32763671875,1510.8368530273438,55.48681640625,92.4766845703125
IMG_0045.mp4,324,10.8,30.0,129,2,traffic_signs,0.8894752264022827,1745.6629638671875,1297.9276123046875,1811.23681640625,1449.3223876953125,1778.4498901367188,1373.625,65.5738525390625,151.394775390625
IMG_0045.mp4,324,10.8,30.0,126,2,traffic_signs,0.5107419490814209,1116.2977294921875,1344.9183349609375,1211.2645263671875,1458.2100830078125,1163.7811279296875,1401.564208984375,94.966796875,113.291748046875
IMG_0045.mp4,324,10.8,30.0,182,2,traffic_signs,0.8650829195976257,92.30408477783203,1405.8475341796875,148.47206115722656,1459.6107177734375,120.3880729675293,1432.7291259765625,56.16797637939453,53.76318359375
IMG_0045.mp4,324,10.8,30.0,189,2,traffic_signs,0.8081151843070984,1187.539794921875,1235.109619140625,1254.0667724609375,1321.976318359375,1220.8032836914062,1278.54296875,66.5269775390625,86.86669921875
IMG_0045.mp4,325,10.833333333333334,30.0,128,2,traffic_signs,0.87018883228302,2072.174560546875,1463.9495849609375,2129.87353515625,1554.82373046875,2101.0240478515625,1509.3866577148438,57.698974609375,90.8741455078125
IMG_0045.mp4,325,10.833333333333334,30.0,129,2,traffic_signs,0.8943928480148315,1747.6812744140625,1292.642822265625,1814.48779296875,1446.843505859375,1781.0845336914062,1369.7431640625,66.8065185546875,154.20068359375
IMG_0045.mp4,325,10.833333333333334,30.0,126,2,traffic_signs,0.6284332275390625,1114.80322265625,1342.12060546875,1208.7625732421875,1456.618408203125,1161.7828979492188,1399.3695068359375,93.9593505859375,114.497802734375
IMG_0045.mp4,325,10.833333333333334,30.0,182,2,traffic_signs,0.8555341362953186,100.16024017333984,1403.9681396484375,155.8558349609375,1457.92138671875,128.00803756713867,1430.9447631835938,55.695594787597656,53.9532470703125
IMG_0045.mp4,325,10.833333333333334,30.0,189,2,traffic_signs,0.8300449848175049,1187.673095703125,1229.6553955078125,1252.7569580078125,1317.8687744140625,1220.2150268554688,1273.7620849609375,65.0838623046875,88.21337890625
IMG_0045.mp4,325,10.833333333333334,30.0,179,1,traffic_lights,0.3433106541633606,2143.572265625,1443.5167236328125,2173.0322265625,1510.126708984375,2158.30224609375,1476.8217163085938,29.4599609375,66.6099853515625
IMG_0045.mp4,326,10.866666666666667,30.0,128,2,traffic_signs,0.8590313792228699,2081.793701171875,1465.3104248046875,2139.05029296875,1558.8145751953125,2110.4219970703125,1512.0625,57.256591796875,93.504150390625
IMG_0045.mp4,326,10.866666666666667,30.0,129,2,traffic_signs,0.9013668894767761,1753.390380859375,1291.901611328125,1820.027099609375,1446.2288818359375,1786.708740234375,1369.0652465820312,66.63671875,154.3272705078125
IMG_0045.mp4,326,10.866666666666667,30.0,126,2,traffic_signs,0.7504902482032776,1118.4124755859375,1341.6446533203125,1211.6651611328125,1457.9090576171875,1165.038818359375,1399.77685546875,93.252685546875,116.264404296875
IMG_0045.mp4,326,10.866666666666667,30.0,182,2,traffic_signs,0.8510463237762451,113.45604705810547,1405.614013671875,169.17868041992188,1459.832763671875,141.31736373901367,1432.723388671875,55.722633361816406,54.21875
IMG_0045.mp4,326,10.866666666666667,30.0,189,2,traffic_signs,0.677818775177002,1192.567138671875,1229.886962890625,1256.8756103515625,1319.066162109375,1224.7213745117188,1274.4765625,64.3084716796875,89.17919921875
IMG_0045.mp4,327,10.9,30.0,128,2,traffic_signs,0.8380466103553772,2092.09033203125,1466.6552734375,2149.24755859375,1562.71875,2120.6689453125,1514.68701171875,57.1572265625,96.0634765625
IMG_0045.mp4,327,10.9,30.0,129,2,traffic_signs,0.8964906334877014,1757.0428466796875,1288.0054931640625,1825.3336181640625,1445.869140625,1791.188232421875,1366.9373168945312,68.290771484375,157.8636474609375
IMG_0045.mp4,327,10.9,30.0,126,2,traffic_signs,0.6224414110183716,1115.1434326171875,1338.374755859375,1214.479736328125,1459.136962890625,1164.8115844726562,1398.755859375,99.3363037109375,120.76220703125
IMG_0045.mp4,327,10.9,30.0,182,2,traffic_signs,0.8184457421302795,120.18226623535156,1406.8148193359375,177.48265075683594,1461.1295166015625,148.83245849609375,1433.97216796875,57.300384521484375,54.314697265625
IMG_0045.mp4,327,10.9,30.0,189,2,traffic_signs,0.8851115703582764,1193.963134765625,1227.7421875,1258.900146484375,1317.0252685546875,1226.431640625,1272.3837280273438,64.93701171875,89.2830810546875
IMG_0045.mp4,327,10.9,30.0,179,1,traffic_lights,0.4357929527759552,2161.5810546875,1443.5770263671875,2194.71630859375,1517.799560546875,2178.148681640625,1480.6882934570312,33.13525390625,74.2225341796875
IMG_0045.mp4,328,10.933333333333334,30.0,128,2,traffic_signs,0.8280667066574097,2101.112060546875,1467.15087890625,2158.166748046875,1563.06396484375,2129.639404296875,1515.107421875,57.0546875,95.9130859375
IMG_0045.mp4,328,10.933333333333334,30.0,129,2,traffic_signs,0.8854427933692932,1760.6629638671875,1286.31005859375,1829.7904052734375,1443.73779296875,1795.2266845703125,1365.02392578125,69.12744140625,157.427734375
IMG_0045.mp4,328,10.933333333333334,30.0,126,2,traffic_signs,0.3943469524383545,1120.148193359375,1333.45458984375,1219.0953369140625,1457.079833984375,1169.6217651367188,1395.2672119140625,98.9471435546875,123.625244140625
IMG_0045.mp4,328,10.933333333333334,30.0,182,2,traffic_signs,0.8267619609832764,132.52081298828125,1406.133056640625,188.7294921875,1459.8558349609375,160.62515258789062,1432.9944458007812,56.20867919921875,53.7227783203125
IMG_0045.mp4,328,10.933333333333334,30.0,189,2,traffic_signs,0.9195653200149536,1196.285888671875,1224.9180908203125,1262.07568359375,1313.9189453125,1229.1807861328125,1269.4185180664062,65.789794921875,89.0008544921875
IMG_0045.mp4,328,10.933333333333334,30.0,179,1,traffic_lights,0.3845460116863251,2172.311767578125,1444.2125244140625,2202.17138671875,1509.4755859375,2187.2415771484375,1476.8440551757812,29.859619140625,65.2630615234375
IMG_0045.mp4,329,10.966666666666667,30.0,128,2,traffic_signs,0.7356169819831848,2113.157958984375,1470.0184326171875,2168.510986328125,1567.0384521484375,2140.83447265625,1518.5284423828125,55.35302734375,97.02001953125
IMG_0045.mp4,329,10.966666666666667,30.0,129,2,traffic_signs,0.8217139840126038,1763.828857421875,1285.9853515625,1835.052490234375,1445.4376220703125,1799.440673828125,1365.7114868164062,71.2236328125,159.4522705078125
IMG_0045.mp4,329,10.966666666666667,30.0,126,2,traffic_signs,0.48000118136405945,1123.55078125,1333.75927734375,1222.104248046875,1459.407470703125,1172.8275146484375,1396.5833740234375,98.553466796875,125.648193359375
IMG_0045.mp4,329,10.966666666666667,30.0,182,2,traffic_signs,0.7452666163444519,141.3710174560547,1408.4962158203125,197.2521209716797,1462.185791015625,169.3115692138672,1435.3410034179688,55.881103515625,53.6895751953125
IMG_0045.mp4,329,10.966666666666667,30.0,189,2,traffic_signs,0.8844735622406006,1197.0135498046875,1223.443603515625,1263.090087890625,1314.8499755859375,1230.0518188476562,1269.1467895507812,66.0765380859375,91.4063720703125
IMG_0045.mp4,329,10.966666666666667,30.0,179,1,traffic_lights,0.3967725932598114,2182.081298828125,1444.7928466796875,2213.921875,1506.8701171875,2198.0015869140625,1475.8314819335938,31.840576171875,62.0772705078125
IMG_0045.mp4,330,11.0,30.0,128,2,traffic_signs,0.6580967307090759,2122.056640625,1469.2882080078125,2178.334228515625,1567.7010498046875,2150.1954345703125,1518.49462890625,56.277587890625,98.412841796875
IMG_0045.mp4,330,11.0,30.0,129,2,traffic_signs,0.7846059203147888,1767.019287109375,1282.364501953125,1839.5025634765625,1441.3349609375,1803.2609252929688,1361.8497314453125,72.4832763671875,158.970458984375
IMG_0045.mp4,330,11.0,30.0,126,2,traffic_signs,0.7303262948989868,1128.1837158203125,1329.9375,1224.193603515625,1456.0809326171875,1176.1886596679688,1393.0092163085938,96.0098876953125,126.1434326171875
IMG_0045.mp4,330,11.0,30.0,182,2,traffic_signs,0.6630221605300903,152.79623413085938,1407.4892578125,207.3288116455078,1460.2421875,180.0625228881836,1433.86572265625,54.53257751464844,52.7529296875
IMG_0045.mp4,330,11.0,30.0,189,2,traffic_signs,0.8972618579864502,1196.383056640625,1216.9813232421875,1265.73046875,1310.3236083984375,1231.0567626953125,1263.6524658203125,69.347412109375,93.34228515625
IMG_0045.mp4,330,11.0,30.0,179,1,traffic_lights,0.6272515654563904,2194.7060546875,1442.4632568359375,2224.60595703125,1506.6524658203125,2209.656005859375,1474.557861328125,29.89990234375,64.189208984375
IMG_0045.mp4,331,11.033333333333333,30.0,128,2,traffic_signs,0.7199917435646057,2131.19140625,1471.6806640625,2187.072509765625,1571.0140380859375,2159.1319580078125,1521.3473510742188,55.881103515625,99.3333740234375
IMG_0045.mp4,331,11.033333333333333,30.0,129,2,traffic_signs,0.6596518754959106,1770.3267822265625,1280.776123046875,1843.0006103515625,1444.4833984375,1806.6636962890625,1362.6297607421875,72.673828125,163.707275390625
IMG_0045.mp4,331,11.033333333333333,30.0,126,2,traffic_signs,0.6481534242630005,1131.6199951171875,1330.0533447265625,1224.2213134765625,1458.443115234375,1177.920654296875,1394.2482299804688,92.601318359375,128.3897705078125
IMG_0045.mp4,331,11.033333333333333,30.0,182,2,traffic_signs,0.8280616998672485,161.0436248779297,1410.9146728515625,216.68521118164062,1464.27880859375,188.86441802978516,1437.5967407226562,55.64158630371094,53.3641357421875
IMG_0045.mp4,331,11.033333333333333,30.0,189,2,traffic_signs,0.8543351888656616,1195.9813232421875,1216.3526611328125,1267.6129150390625,1310.406982421875,1231.797119140625,1263.3798217773438,71.631591796875,94.0543212890625
IMG_0045.mp4,331,11.033333333333333,30.0,179,1,traffic_lights,0.5193175673484802,2203.139892578125,1446.5863037109375,2233.2216796875,1512.44580078125,2218.1807861328125,1479.5160522460938,30.081787109375,65.8594970703125
IMG_0045.mp4,332,11.066666666666666,30.0,128,2,traffic_signs,0.7522333860397339,2141.542236328125,1468.3251953125,2197.17236328125,1569.344482421875,2169.3572998046875,1518.8348388671875,55.630126953125,101.019287109375
IMG_0045.mp4,332,11.066666666666666,30.0,129,2,traffic_signs,0.9215686321258545,1773.421875,1277.5030517578125,1846.80078125,1440.26806640625,1810.111328125,1358.8855590820312,73.37890625,162.7650146484375
IMG_0045.mp4,332,11.066666666666666,30.0,126,2,traffic_signs,0.6431211829185486,1138.4268798828125,1326.094970703125,1224.3450927734375,1454.98486328125,1181.385986328125,1390.5399169921875,85.918212890625,128.889892578125
IMG_0045.mp4,332,11.066666666666666,30.0,182,2,traffic_signs,0.5180285573005676,171.43748474121094,1408.2515869140625,225.30453491210938,1461.2989501953125,198.37100982666016,1434.7752685546875,53.86705017089844,53.04736328125
IMG_0045.mp4,332,11.066666666666666,30.0,189,2,traffic_signs,0.7119101285934448,1200.7005615234375,1212.42626953125,1271.787353515625,1306.1766357421875,1236.2439575195312,1259.3014526367188,71.0867919921875,93.7503662109375
IMG_0045.mp4,332,11.066666666666666,30.0,179,1,traffic_lights,0.49610888957977295,2214.55078125,1443.0777587890625,2245.27197265625,1509.86083984375,2229.911376953125,1476.4692993164062,30.72119140625,66.7830810546875
IMG_0045.mp4,333,11.1,30.0,128,2,traffic_signs,0.791408896446228,2149.408203125,1476.505615234375,2207.820556640625,1577.322998046875,2178.6143798828125,1526.914306640625,58.412353515625,100.8173828125
IMG_0045.mp4,333,11.1,30.0,129,2,traffic_signs,0.8755205869674683,1772.28173828125,1280.2603759765625,1847.5172119140625,1445.3516845703125,1809.8994750976562,1362.8060302734375,75.2354736328125,165.09130859375
IMG_0045.mp4,333,11.1,30.0,126,2,traffic_signs,0.7794300317764282,1126.963134765625,1329.3614501953125,1229.3543701171875,1462.224365234375,1178.1587524414062,1395.7929077148438,102.3912353515625,132.8629150390625
IMG_0045.mp4,333,11.1,30.0,189,2,traffic_signs,0.27506333589553833,1197.958251953125,1214.2413330078125,1267.239013671875,1311.6361083984375,1232.5986328125,1262.938720703125,69.28076171875,97.394775390625
IMG_0045.mp4,334,11.133333333333333,30.0,128,2,traffic_signs,0.7685753107070923,2163.54248046875,1473.332763671875,2221.295166015625,1573.875,2192.4188232421875,1523.6038818359375,57.752685546875,100.542236328125
IMG_0045.mp4,334,11.133333333333333,30.0,129,2,traffic_signs,0.784116804599762,1783.4285888671875,1272.950927734375,1859.475341796875,1436.207763671875,1821.4519653320312,1354.579345703125,76.0467529296875,163.2568359375
IMG_0045.mp4,334,11.133333333333333,30.0,126,2,traffic_signs,0.6405260562896729,1145.47509765625,1325.7230224609375,1240.8941650390625,1453.4537353515625,1193.1846313476562,1389.58837890625,95.4190673828125,127.730712890625
IMG_0045.mp4,334,11.133333333333333,30.0,189,2,traffic_signs,0.8997979164123535,1205.81494140625,1211.2313232421875,1279.471435546875,1305.0364990234375,1242.6431884765625,1258.1339111328125,73.656494140625,93.80517578125
IMG_0045.mp4,335,11.166666666666666,30.0,128,2,traffic_signs,0.8035202622413635,2175.92041015625,1474.9105224609375,2231.5576171875,1575.5166015625,2203.739013671875,1525.2135620117188,55.63720703125,100.6060791015625
IMG_0045.mp4,335,11.166666666666666,30.0,129,2,traffic_signs,0.7391163110733032,1786.5789794921875,1267.611328125,1864.4549560546875,1436.6270751953125,1825.5169677734375,1352.1192016601562,77.8759765625,169.0157470703125
IMG_0045.mp4,335,11.166666666666666,30.0,126,2,traffic_signs,0.6157721877098083,1149.2679443359375,1322.2091064453125,1246.8836669921875,1448.4749755859375,1198.0758056640625,1385.342041015625,97.61572265625,126.265869140625
IMG_0045.mp4,335,11.166666666666666,30.0,189,2,traffic_signs,0.31314629316329956,1205.4324951171875,1212.2552490234375,1282.558349609375,1300.3673095703125,1243.9954223632812,1256.311279296875,77.1258544921875,88.112060546875
IMG_0045.mp4,336,11.2,30.0,128,2,traffic_signs,0.8127106428146362,2185.194091796875,1473.2354736328125,2240.6708984375,1577.51123046875,2212.9324951171875,1525.3733520507812,55.476806640625,104.2757568359375
IMG_0045.mp4,336,11.2,30.0,129,2,traffic_signs,0.818789005279541,1787.4365234375,1265.0548095703125,1867.1788330078125,1437.0531005859375,1827.3076782226562,1351.053955078125,79.7423095703125,171.998291015625
IMG_0045.mp4,336,11.2,30.0,126,2,traffic_signs,0.7490555047988892,1149.156982421875,1320.63427734375,1250.787841796875,1447.8724365234375,1199.972412109375,1384.2533569335938,101.630859375,127.2381591796875
IMG_0045.mp4,336,11.2,30.0,189,2,traffic_signs,0.546904981136322,1203.358154296875,1208.622314453125,1281.2784423828125,1298.33837890625,1242.3182983398438,1253.4803466796875,77.9202880859375,89.716064453125
IMG_0045.mp4,337,11.233333333333333,30.0,128,2,traffic_signs,0.7987459897994995,2193.29345703125,1476.10498046875,2251.22021484375,1581.5028076171875,2222.2568359375,1528.8038940429688,57.9267578125,105.3978271484375
IMG_0045.mp4,337,11.233333333333333,30.0,129,2,traffic_signs,0.8035479784011841,1788.179443359375,1262.30859375,1870.0059814453125,1438.3291015625,1829.0927124023438,1350.31884765625,81.8265380859375,176.0205078125
IMG_0045.mp4,337,11.233333333333333,30.0,126,2,traffic_signs,0.702942430973053,1147.0687255859375,1320.070556640625,1259.0714111328125,1445.9365234375,1203.070068359375,1383.0035400390625,112.002685546875,125.865966796875
IMG_0045.mp4,338,11.266666666666667,30.0,128,2,traffic_signs,0.7547640800476074,2204.65478515625,1476.5045166015625,2262.60400390625,1583.515625,2233.62939453125,1530.0100708007812,57.94921875,107.0111083984375
IMG_0045.mp4,338,11.266666666666667,30.0,129,2,traffic_signs,0.8322812914848328,1791.9385986328125,1261.37939453125,1874.1297607421875,1438.4830322265625,1833.0341796875,1349.9312133789062,82.191162109375,177.1036376953125
IMG_0045.mp4,338,11.266666666666667,30.0,126,2,traffic_signs,0.3466143012046814,1146.62158203125,1318.4708251953125,1268.1348876953125,1444.975830078125,1207.3782348632812,1381.7233276367188,121.5133056640625,126.5050048828125
IMG_0045.mp4,338,11.266666666666667,30.0,189,2,traffic_signs,0.3177904486656189,1196.7275390625,1194.6243896484375,1279.67138671875,1295.5660400390625,1238.199462890625,1245.09521484375,82.94384765625,100.941650390625
IMG_0045.mp4,339,11.3,30.0,128,2,traffic_signs,0.7840427160263062,2212.57373046875,1477.2562255859375,2271.62744140625,1584.466552734375,2242.1005859375,1530.8613891601562,59.0537109375,107.2103271484375
IMG_0045.mp4,339,11.3,30.0,129,2,traffic_signs,0.8631353378295898,1792.1417236328125,1260.935302734375,1875.781494140625,1435.438720703125,1833.9616088867188,1348.18701171875,83.6397705078125,174.50341796875
IMG_0045.mp4,339,11.3,30.0,126,2,traffic_signs,0.4621243178844452,1145.1597900390625,1312.1552734375,1236.1868896484375,1446.927734375,1190.67333984375,1379.54150390625,91.027099609375,134.7724609375
IMG_0045.mp4,339,11.3,30.0,189,2,traffic_signs,0.6181887984275818,1194.465576171875,1192.883056640625,1281.4310302734375,1293.2786865234375,1237.9483032226562,1243.0808715820312,86.9654541015625,100.3956298828125
IMG_0045.mp4,340,11.333333333333334,30.0,128,2,traffic_signs,0.4280896782875061,2221.919677734375,1479.7620849609375,2283.6337890625,1588.3695068359375,2252.7767333984375,1534.0657958984375,61.714111328125,108.607421875
IMG_0045.mp4,340,11.333333333333334,30.0,129,2,traffic_signs,0.8291434645652771,1795.9395751953125,1260.55419921875,1879.674560546875,1433.3896484375,1837.8070678710938,1346.971923828125,83.7349853515625,172.83544921875
IMG_0045.mp4,340,11.333333333333334,30.0,126,2,traffic_signs,0.6418147087097168,1144.747314453125,1317.0606689453125,1224.7464599609375,1447.84619140625,1184.7468872070312,1382.4534301757812,79.9991455078125,130.7855224609375
IMG_0045.mp4,341,11.366666666666667,30.0,128,2,traffic_signs,0.8583308458328247,2231.598876953125,1480.651611328125,2292.0244140625,1592.1763916015625,2261.8116455078125,1536.4140014648438,60.425537109375,111.5247802734375
IMG_0045.mp4,341,11.366666666666667,30.0,129,2,traffic_signs,0.8175497055053711,1797.3958740234375,1257.0198974609375,1885.139892578125,1431.646240234375,1841.2678833007812,1344.3330688476562,87.7440185546875,174.6263427734375
IMG_0045.mp4,341,11.366666666666667,30.0,126,2,traffic_signs,0.6017041802406311,1144.200927734375,1324.2762451171875,1223.4237060546875,1447.2364501953125,1183.8123168945312,1385.75634765625,79.2227783203125,122.960205078125
IMG_0045.mp4,342,11.4,30.0,128,2,traffic_signs,0.7423268556594849,2241.857177734375,1481.787353515625,2303.96533203125,1595.4832763671875,2272.9112548828125,1538.6353149414062,62.108154296875,113.6959228515625
IMG_0045.mp4,342,11.4,30.0,129,2,traffic_signs,0.8458638787269592,1798.1845703125,1254.1307373046875,1888.02392578125,1431.4134521484375,1843.104248046875,1342.7720947265625,89.83935546875,177.28271484375
IMG_0045.mp4,343,11.433333333333334,30.0,128,2,traffic_signs,0.4162291884422302,2247.6943359375,1483.5452880859375,2331.94580078125,1594.22021484375,2289.820068359375,1538.8827514648438,84.25146484375,110.6749267578125
IMG_0045.mp4,343,11.433333333333334,30.0,129,2,traffic_signs,0.9241130948066711,1796.873291015625,1250.9427490234375,1888.503662109375,1429.498291015625,1842.6884765625,1340.2205200195312,91.63037109375,178.5555419921875
IMG_0045.mp4,344,11.466666666666667,30.0,128,2,traffic_signs,0.7107929587364197,2252.715087890625,1482.6416015625,2360.45166015625,1595.1064453125,2306.5833740234375,1538.8740234375,107.736572265625,112.46484375
IMG_0045.mp4,344,11.466666666666667,30.0,129,2,traffic_signs,0.9227870106697083,1797.2342529296875,1246.9661865234375,1890.759765625,1426.999267578125,1843.9970092773438,1336.9827270507812,93.5255126953125,180.0330810546875
IMG_0045.mp4,345,11.5,30.0,128,2,traffic_signs,0.7875041365623474,2257.989990234375,1486.525634765625,2372.691650390625,1594.4522705078125,2315.3408203125,1540.4889526367188,114.70166015625,107.9266357421875
IMG_0045.mp4,345,11.5,30.0,129,2,traffic_signs,0.9261549711227417,1795.123779296875,1245.518798828125,1894.1788330078125,1425.744140625,1844.6513061523438,1335.6314697265625,99.0550537109375,180.225341796875
IMG_0045.mp4,346,11.533333333333333,30.0,128,2,traffic_signs,0.6467347741127014,2266.97265625,1490.109375,2383.28564453125,1596.7742919921875,2325.129150390625,1543.4418334960938,116.31298828125,106.6649169921875
IMG_0045.mp4,346,11.533333333333333,30.0,129,2,traffic_signs,0.9141117334365845,1794.255126953125,1240.7626953125,1894.785888671875,1427.08203125,1844.5205078125,1333.92236328125,100.53076171875,186.3193359375
IMG_0045.mp4,346,11.533333333333333,30.0,126,2,traffic_signs,0.44651997089385986,1123.5855712890625,1341.5167236328125,1185.6175537109375,1450.3382568359375,1154.6015625,1395.927490234375,62.031982421875,108.821533203125
IMG_0045.mp4,347,11.566666666666666,30.0,128,2,traffic_signs,0.6543048024177551,2272.39013671875,1495.158447265625,2388.5537109375,1600.485595703125,2330.471923828125,1547.822021484375,116.16357421875,105.3271484375
IMG_0045.mp4,347,11.566666666666666,30.0,129,2,traffic_signs,0.8924122452735901,1791.0760498046875,1237.046630859375,1895.681884765625,1432.2218017578125,1843.3789672851562,1334.6342163085938,104.6058349609375,195.1751708984375
IMG_0045.mp4,347,11.566666666666666,30.0,203,2,traffic_signs,0.5801602005958557,1119.822998046875,1291.7744140625,1212.538330078125,1359.076416015625,1166.1806640625,1325.4254150390625,92.71533203125,67.302001953125
IMG_0045.mp4,348,11.6,30.0,128,2,traffic_signs,0.8106738924980164,2280.88623046875,1495.7811279296875,2395.047119140625,1604.7972412109375,2337.9666748046875,1550.2891845703125,114.160888671875,109.01611328125
IMG_0045.mp4,348,11.6,30.0,129,2,traffic_signs,0.8232758641242981,1788.994873046875,1232.2601318359375,1898.680908203125,1434.6734619140625,1843.837890625,1333.466796875,109.68603515625,202.413330078125
IMG_0045.mp4,348,11.6,30.0,203,2,traffic_signs,0.40786635875701904,1119.4832763671875,1294.588134765625,1214.3714599609375,1369.8238525390625,1166.9273681640625,1332.2059936523438,94.88818359375,75.2357177734375
IMG_0045.mp4,349,11.633333333333333,30.0,203,2,traffic_signs,0.8291195631027222,1119.03564453125,1300.151123046875,1217.892333984375,1375.27392578125,1168.4639892578125,1337.7125244140625,98.856689453125,75.122802734375
IMG_0045.mp4,350,11.666666666666666,30.0,203,2,traffic_signs,0.6312988996505737,1121.9390869140625,1302.9083251953125,1221.1846923828125,1381.374755859375,1171.5618896484375,1342.1415405273438,99.24560546875,78.4664306640625
IMG_0045.mp4,353,11.766666666666667,30.0,205,2,traffic_signs,0.6616848707199097,2250.7392578125,1200.13037109375,2519.526123046875,1269.8768310546875,2385.1326904296875,1235.0036010742188,268.786865234375,69.7464599609375
IMG_0045.mp4,354,11.8,30.0,205,2,traffic_signs,0.615465521812439,2249.632080078125,1202.734375,2521.72705078125,1274.2899169921875,2385.6795654296875,1238.5121459960938,272.094970703125,71.5555419921875
IMG_0045.mp4,355,11.833333333333334,30.0,205,2,traffic_signs,0.615753710269928,2253.153076171875,1198.2877197265625,2525.310302734375,1274.216552734375,2389.231689453125,1236.2521362304688,272.1572265625,75.9288330078125
IMG_0045.mp4,356,11.866666666666667,30.0,205,2,traffic_signs,0.5940153002738953,2254.655029296875,1197.0087890625,2528.74853515625,1277.58056640625,2391.7017822265625,1237.294677734375,274.093505859375,80.57177734375
IMG_0045.mp4,357,11.9,30.0,205,2,traffic_signs,0.31866857409477234,2260.2626953125,1177.037841796875,2535.02294921875,1275.85986328125,2397.642822265625,1226.4488525390625,274.76025390625,98.822021484375
IMG_0045.mp4,358,11.933333333333334,30.0,205,2,traffic_signs,0.358191579580307,2264.726318359375,1178.974609375,2539.359375,1276.990966796875,2402.0428466796875,1227.9827880859375,274.633056640625,98.016357421875
IMG_0045.mp4,359,11.966666666666667,30.0,205,2,traffic_signs,0.5686405897140503,2271.619384765625,1190.7734375,2542.982177734375,1272.1983642578125,2407.30078125,1231.4859008789062,271.36279296875,81.4249267578125
IMG_0045.mp4,361,12.033333333333333,30.0,205,2,traffic_signs,0.6188605427742004,2289.651123046875,1200.88916015625,2547.006103515625,1273.2352294921875,2418.32861328125,1237.0621948242188,257.35498046875,72.3460693359375
IMG_0045.mp4,362,12.066666666666666,30.0,205,2,traffic_signs,0.5071555376052856,2304.0732421875,1201.0418701171875,2548.6103515625,1271.5916748046875,2426.341796875,1236.3167724609375,244.537109375,70.5498046875
IMG_0045.mp4,363,12.1,30.0,205,2,traffic_signs,0.43106696009635925,2312.582763671875,1205.61376953125,2551.62890625,1276.9281005859375,2432.1058349609375,1241.2709350585938,239.046142578125,71.3143310546875
IMG_0045.mp4,364,12.133333333333333,30.0,205,2,traffic_signs,0.6760589480400085,2312.934814453125,1207.427490234375,2554.002197265625,1277.843994140625,2433.468505859375,1242.6357421875,241.0673828125,70.41650390625
IMG_0045.mp4,365,12.166666666666666,30.0,205,2,traffic_signs,0.7009282112121582,2319.77587890625,1209.3408203125,2557.88037109375,1279.1947021484375,2438.828125,1244.2677612304688,238.1044921875,69.8538818359375
IMG_0045.mp4,366,12.2,30.0,205,2,traffic_signs,0.5658140182495117,2317.118408203125,1214.1439208984375,2559.07666015625,1284.2674560546875,2438.0975341796875,1249.2056884765625,241.958251953125,70.12353515625
IMG_0045.mp4,367,12.233333333333333,30.0,205,2,traffic_signs,0.607353687286377,2315.578369140625,1215.9970703125,2559.43017578125,1285.22509765625,2437.5042724609375,1250.611083984375,243.851806640625,69.22802734375
IMG_0045.mp4,396,13.2,30.0,209,2,traffic_signs,0.46034079790115356,3019.749267578125,1276.598876953125,3171.576416015625,1364.3726806640625,3095.662841796875,1320.4857788085938,151.8271484375,87.7738037109375
IMG_0045.mp4,397,13.233333333333333,30.0,209,2,traffic_signs,0.5150689482688904,3022.83642578125,1274.8338623046875,3176.566650390625,1363.35693359375,3099.7015380859375,1319.0953979492188,153.730224609375,88.5230712890625
IMG_0045.mp4,398,13.266666666666667,30.0,209,2,traffic_signs,0.6242802739143372,3026.074462890625,1274.10986328125,3183.62939453125,1362.70556640625,3104.8519287109375,1318.40771484375,157.554931640625,88.595703125
IMG_0045.mp4,399,13.3,30.0,209,2,traffic_signs,0.725628674030304,3031.4228515625,1274.518798828125,3188.471435546875,1364.1722412109375,3109.9471435546875,1319.3455200195312,157.048583984375,89.6534423828125
IMG_0045.mp4,400,13.333333333333334,30.0,209,2,traffic_signs,0.7671797275543213,3038.035888671875,1274.9610595703125,3193.460205078125,1363.4078369140625,3115.748046875,1319.1844482421875,155.42431640625,88.44677734375
IMG_0045.mp4,401,13.366666666666667,30.0,209,2,traffic_signs,0.7136784195899963,3046.555908203125,1275.0477294921875,3195.714599609375,1363.99853515625,3121.13525390625,1319.5231323242188,149.15869140625,88.9508056640625
IMG_0045.mp4,402,13.4,30.0,209,2,traffic_signs,0.7475837469100952,3051.392333984375,1275.2999267578125,3205.515625,1364.4166259765625,3128.4539794921875,1319.8582763671875,154.123291015625,89.11669921875
IMG_0045.mp4,403,13.433333333333334,30.0,209,2,traffic_signs,0.8188564777374268,3056.8427734375,1276.369384765625,3213.688720703125,1365.0101318359375,3135.2657470703125,1320.6897583007812,156.845947265625,88.6407470703125
IMG_0045.mp4,404,13.466666666666667,30.0,209,2,traffic_signs,0.8304347991943359,3061.177490234375,1278.4105224609375,3218.8974609375,1368.06494140625,3140.0374755859375,1323.2377319335938,157.719970703125,89.6544189453125
IMG_0045.mp4,405,13.5,30.0,209,2,traffic_signs,0.8370296955108643,3070.060546875,1281.634033203125,3221.490234375,1371.410400390625,3145.775390625,1326.522216796875,151.4296875,89.7763671875
IMG_0045.mp4,406,13.533333333333333,30.0,209,2,traffic_signs,0.8645506501197815,3072.996337890625,1282.6810302734375,3224.536865234375,1371.6192626953125,3148.7666015625,1327.150146484375,151.54052734375,88.938232421875
IMG_0045.mp4,407,13.566666666666666,30.0,209,2,traffic_signs,0.8789260387420654,3075.28955078125,1283.1015625,3228.192626953125,1371.90869140625,3151.7410888671875,1327.505126953125,152.903076171875,88.80712890625
IMG_0045.mp4,408,13.6,30.0,209,2,traffic_signs,0.8680698871612549,3078.050537109375,1285.1400146484375,3232.98876953125,1372.2818603515625,3155.5196533203125,1328.7109375,154.938232421875,87.141845703125
IMG_0045.mp4,409,13.633333333333333,30.0,209,2,traffic_signs,0.8271901607513428,3077.87939453125,1284.85888671875,3238.424560546875,1372.7633056640625,3158.1519775390625,1328.8110961914062,160.545166015625,87.9044189453125
IMG_0045.mp4,410,13.666666666666666,30.0,209,2,traffic_signs,0.5391775369644165,3041.479736328125,1284.0650634765625,3237.468505859375,1372.4881591796875,3139.47412109375,1328.276611328125,195.98876953125,88.423095703125
IMG_0045.mp4,411,13.7,30.0,209,2,traffic_signs,0.43321290612220764,3028.506103515625,1283.93798828125,3235.704345703125,1371.7271728515625,3132.105224609375,1327.8325805664062,207.1982421875,87.7891845703125
IMG_0045.mp4,415,13.833333333333334,30.0,213,2,traffic_signs,0.4355684220790863,2637.214599609375,1263.22509765625,2774.792724609375,1529.723876953125,2706.003662109375,1396.4744873046875,137.578125,266.498779296875
IMG_0045.mp4,416,13.866666666666667,30.0,213,2,traffic_signs,0.2972552478313446,2649.85693359375,1253.4024658203125,2800.5302734375,1522.470947265625,2725.193603515625,1387.9367065429688,150.67333984375,269.0684814453125
IMG_0045.mp4,417,13.9,30.0,213,2,traffic_signs,0.39405736327171326,2667.461669921875,1225.6837158203125,2883.006103515625,1504.751220703125,2775.23388671875,1365.2174682617188,215.54443359375,279.0675048828125
IMG_0045.mp4,417,13.9,30.0,214,2,traffic_signs,0.8005282878875732,147.99639892578125,828.08447265625,312.6953430175781,1111.704833984375,230.3458709716797,969.8946533203125,164.69894409179688,283.620361328125
IMG_0045.mp4,418,13.933333333333334,30.0,214,2,traffic_signs,0.9130738973617554,96.853271484375,810.0877685546875,308.65631103515625,1106.28125,202.75479125976562,958.1845092773438,211.80303955078125,296.1934814453125
IMG_0045.mp4,419,13.966666666666667,30.0,214,2,traffic_signs,0.9268062710762024,39.0377197265625,795.0187377929688,300.67071533203125,1092.864013671875,169.85421752929688,943.9413757324219,261.63299560546875,297.84527587890625
IMG_0045.mp4,420,14.0,30.0,214,2,traffic_signs,0.9451397061347961,12.687237739562988,784.6005859375,291.20330810546875,1080.2882080078125,151.94527292251587,932.4443969726562,278.51607036590576,295.6876220703125
IMG_0045.mp4,420,14.0,30.0,213,2,traffic_signs,0.9326854348182678,2716.560302734375,1230.697021484375,2862.6787109375,1475.0732421875,2789.6195068359375,1352.8851318359375,146.118408203125,244.376220703125
IMG_0045.mp4,421,14.033333333333333,30.0,214,2,traffic_signs,0.948543131351471,1.2741684913635254,773.1000366210938,281.1893005371094,1070.6314697265625,141.23173451423645,921.8657531738281,279.91513204574585,297.53143310546875
IMG_0045.mp4,421,14.033333333333333,30.0,215,1,traffic_lights,0.4897858798503876,2859.166015625,1134.9967041015625,2966.963623046875,1400.393310546875,2913.0648193359375,1267.6950073242188,107.797607421875,265.3966064453125
IMG_0045.mp4,421,14.033333333333333,30.0,213,2,traffic_signs,0.9283992648124695,2728.569580078125,1230.3494873046875,2856.00048828125,1460.124267578125,2792.2850341796875,1345.2368774414062,127.430908203125,229.7747802734375
IMG_0045.mp4,422,14.066666666666666,30.0,214,2,traffic_signs,0.9524258971214294,0.0,762.0908813476562,265.39788818359375,1063.8623046875,132.69894409179688,912.9765930175781,265.39788818359375,301.77142333984375
IMG_0045.mp4,422,14.066666666666666,30.0,215,1,traffic_lights,0.8908575773239136,2874.009033203125,1122.4735107421875,2986.981201171875,1367.30322265625,2930.4951171875,1244.8883666992188,112.97216796875,244.8297119140625
IMG_0045.mp4,422,14.066666666666666,30.0,213,2,traffic_signs,0.9175854325294495,2746.873779296875,1220.4835205078125,2872.503173828125,1456.22509765625,2809.6884765625,1338.3543090820312,125.62939453125,235.7415771484375
IMG_0045.mp4,423,14.1,30.0,214,2,traffic_signs,0.46539485454559326,0.0,747.9241333007812,248.7064666748047,1055.147216796875,124.35323333740234,901.5356750488281,248.7064666748047,307.22308349609375
IMG_0045.mp4,423,14.1,30.0,215,1,traffic_lights,0.7845948934555054,2898.33935546875,1111.6737060546875,3014.45654296875,1362.2174072265625,2956.39794921875,1236.945556640625,116.1171875,250.543701171875
IMG_0045.mp4,423,14.1,30.0,213,2,traffic_signs,0.9090609550476074,2767.23583984375,1213.815185546875,2896.594482421875,1449.4237060546875,2831.9151611328125,1331.6194458007812,129.358642578125,235.6085205078125
IMG_0045.mp4,423,14.1,30.0,218,2,traffic_signs,0.8027010560035706,2.5995519161224365,388.8481750488281,53.66392135620117,576.0426025390625,28.131736636161804,482.4453887939453,51.064369440078735,187.19442749023438
IMG_0045.mp4,425,14.166666666666666,30.0,219,2,traffic_signs,0.5679503083229065,4.872232913970947,720.6295166015625,222.60130310058594,1033.910400390625,113.73676800727844,877.2699584960938,217.729070186615,313.2808837890625
IMG_0045.mp4,425,14.166666666666666,30.0,220,2,traffic_signs,0.9039403200149536,2801.73681640625,1204.0091552734375,2939.25146484375,1444.175537109375,2870.494140625,1324.0923461914062,137.5146484375,240.1663818359375
IMG_0045.mp4,425,14.166666666666666,30.0,221,1,traffic_lights,0.81644606590271,2938.8173828125,1095.357666015625,3057.89013671875,1354.5882568359375,2998.353759765625,1224.9729614257812,119.07275390625,259.2305908203125
IMG_0045.mp4,426,14.2,30.0,219,2,traffic_signs,0.8661658763885498,4.930551528930664,713.6744384765625,214.4685516357422,1027.92529296875,109.69955158233643,870.7998657226562,209.53800010681152,314.2508544921875
IMG_0045.mp4,426,14.2,30.0,220,2,traffic_signs,0.91289883852005,2826.404296875,1197.1922607421875,2964.448486328125,1436.9583740234375,2895.4263916015625,1317.0753173828125,138.044189453125,239.76611328125
IMG_0045.mp4,426,14.2,30.0,221,1,traffic_lights,0.7431142926216125,2959.807861328125,1082.818359375,3083.901611328125,1355.5750732421875,3021.854736328125,1219.1967163085938,124.09375,272.7567138671875
IMG_0045.mp4,427,14.233333333333333,30.0,215,1,traffic_lights,0.6868399977684021,2979.592041015625,1069.6600341796875,3108.9833984375,1353.862060546875,3044.2877197265625,1211.7610473632812,129.391357421875,284.2020263671875
IMG_0045.mp4,427,14.233333333333333,30.0,213,2,traffic_signs,0.8945622444152832,2846.40087890625,1185.7857666015625,2985.397216796875,1426.8189697265625,2915.8990478515625,1306.3023681640625,138.996337890625,241.033203125
IMG_0045.mp4,428,14.266666666666667,30.0,222,2,traffic_signs,0.8091061115264893,182.62002563476562,1414.5570068359375,248.31353759765625,1480.3956298828125,215.46678161621094,1447.476318359375,65.69351196289062,65.838623046875
IMG_0045.mp4,428,14.266666666666667,30.0,215,1,traffic_lights,0.7042142152786255,3006.71484375,1061.398193359375,3140.21923828125,1332.8504638671875,3073.467041015625,1197.1243286132812,133.50439453125,271.4522705078125
IMG_0045.mp4,428,14.266666666666667,30.0,213,2,traffic_signs,0.9190695881843567,2872.275146484375,1178.93212890625,3013.552001953125,1425.1038818359375,2942.91357421875,1302.0180053710938,141.27685546875,246.1717529296875
IMG_0045.mp4,428,14.266666666666667,30.0,214,2,traffic_signs,0.8800318837165833,0.0,690.3524169921875,188.5170440673828,1010.3098754882812,94.2585220336914,850.3311462402344,188.5170440673828,319.95745849609375
IMG_0045.mp4,429,14.3,30.0,222,2,traffic_signs,0.8352892994880676,202.7761688232422,1416.4002685546875,267.484130859375,1484.2412109375,235.1301498413086,1450.3207397460938,64.70796203613281,67.8409423828125
IMG_0045.mp4,429,14.3,30.0,213,2,traffic_signs,0.9333784580230713,2901.618408203125,1171.6558837890625,3044.236572265625,1420.9281005859375,2972.927490234375,1296.2919921875,142.6181640625,249.272216796875
IMG_0045.mp4,429,14.3,30.0,214,2,traffic_signs,0.9090185761451721,0.0,682.1114501953125,178.82235717773438,997.906005859375,89.41117858886719,840.0087280273438,178.82235717773438,315.7945556640625
IMG_0045.mp4,430,14.333333333333334,30.0,222,2,traffic_signs,0.8907792568206787,217.70089721679688,1413.6611328125,284.7465515136719,1489.002197265625,251.22372436523438,1451.3316650390625,67.045654296875,75.341064453125
IMG_0045.mp4,430,14.333333333333334,30.0,213,2,traffic_signs,0.9257439970970154,2920.0595703125,1170.4124755859375,3063.495361328125,1423.4891357421875,2991.7774658203125,1296.9508056640625,143.435791015625,253.07666015625
IMG_0045.mp4,430,14.333333333333334,30.0,214,2,traffic_signs,0.9533451795578003,2.9176478385925293,675.3910522460938,170.53506469726562,992.03125,86.72635626792908,833.7111511230469,167.6174168586731,316.64019775390625
IMG_0045.mp4,431,14.366666666666667,30.0,222,2,traffic_signs,0.8652603030204773,233.8499755859375,1413.3211669921875,303.5794982910156,1493.009765625,268.71473693847656,1453.1654663085938,69.72952270507812,79.6885986328125
IMG_0045.mp4,431,14.366666666666667,30.0,214,2,traffic_signs,0.9519863724708557,1.4978593587875366,662.3909912109375,157.2797088623047,981.0932006835938,79.38878411054611,821.7420959472656,155.78184950351715,318.70220947265625
IMG_0045.mp4,432,14.4,30.0,222,2,traffic_signs,0.8879212141036987,252.69456481933594,1414.5361328125,323.46173095703125,1496.6734619140625,288.0781478881836,1455.6047973632812,70.76716613769531,82.1373291015625
IMG_0045.mp4,432,14.4,30.0,214,2,traffic_signs,0.8620889186859131,1.056802749633789,656.2362670898438,144.7814483642578,973.0023193359375,72.9191255569458,814.6192932128906,143.72464561462402,316.76605224609375
IMG_0045.mp4,432,14.4,30.0,213,2,traffic_signs,0.9199685454368591,2986.603271484375,1155.0126953125,3136.453125,1413.464599609375,3061.5281982421875,1284.2386474609375,149.849853515625,258.451904296875
IMG_0045.mp4,433,14.433333333333334,30.0,222,2,traffic_signs,0.5978951454162598,272.8009338378906,1416.3101806640625,346.2077941894531,1499.010986328125,309.5043640136719,1457.6605834960938,73.4068603515625,82.7008056640625
IMG_0045.mp4,433,14.433333333333334,30.0,214,2,traffic_signs,0.9411576986312866,0.7704529762268066,657.8662719726562,136.3863525390625,959.0576782226562,68.57840275764465,808.4619750976562,135.6158995628357,301.19140625
IMG_0045.mp4,433,14.433333333333334,30.0,213,2,traffic_signs,0.9115850329399109,3020.093994140625,1142.505126953125,3175.69140625,1407.9708251953125,3097.8927001953125,1275.2379760742188,155.597412109375,265.4656982421875
IMG_0045.mp4,434,14.466666666666667,30.0,222,2,traffic_signs,0.9120712280273438,297.9085998535156,1417.351806640625,373.4140319824219,1499.1361083984375,335.66131591796875,1458.2439575195312,75.50543212890625,81.7843017578125
IMG_0045.mp4,434,14.466666666666667,30.0,214,2,traffic_signs,0.9280725121498108,1.7059166431427002,658.9199829101562,132.86190795898438,946.3583374023438,67.28391230106354,802.63916015625,131.15599131584167,287.4383544921875
IMG_0045.mp4,434,14.466666666666667,30.0,213,2,traffic_signs,0.9152191877365112,3047.223876953125,1131.39501953125,3206.7666015625,1401.5545654296875,3126.9952392578125,1266.4747924804688,159.542724609375,270.1595458984375
IMG_0045.mp4,434,14.466666666666667,30.0,215,1,traffic_lights,0.5673492550849915,3196.23974609375,988.9906616210938,3343.26123046875,1281.966552734375,3269.75048828125,1135.4786071777344,147.021484375,292.97589111328125
IMG_0045.mp4,435,14.5,30.0,222,2,traffic_signs,0.896939218044281,323.32086181640625,1419.177001953125,399.3418273925781,1499.93310546875,361.3313446044922,1459.5550537109375,76.02096557617188,80.756103515625
IMG_0045.mp4,435,14.5,30.0,214,2,traffic_signs,0.9251886606216431,1.760108232498169,681.40625,128.5304718017578,936.0158081054688,65.14529001712799,808.7110290527344,126.77036356925964,254.60955810546875
IMG_0045.mp4,435,14.5,30.0,213,2,traffic_signs,0.9361386299133301,3078.63720703125,1119.924560546875,3239.17138671875,1393.4451904296875,3158.904296875,1256.6848754882812,160.5341796875,273.5206298828125
IMG_0045.mp4,435,14.5,30.0,215,1,traffic_lights,0.6245625615119934,3231.529052734375,973.163330078125,3383.57958984375,1270.0950927734375,3307.5543212890625,1121.6292114257812,152.050537109375,296.9317626953125
IMG_0045.mp4,436,14.533333333333333,30.0,222,2,traffic_signs,0.8723686337471008,350.3192443847656,1421.5439453125,426.962646484375,1500.8878173828125,388.6409454345703,1461.2158813476562,76.64340209960938,79.3438720703125
IMG_0045.mp4,436,14.533333333333333,30.0,214,2,traffic_signs,0.9271584749221802,3.0097429752349854,689.8519287109375,126.73209381103516,928.3212280273438,64.87091839313507,809.0865783691406,123.72235083580017,238.46929931640625
IMG_0045.mp4,436,14.533333333333333,30.0,213,2,traffic_signs,0.9314249753952026,3107.896484375,1107.6248779296875,3271.914794921875,1388.746826171875,3189.9056396484375,1248.1858520507812,164.018310546875,281.1219482421875
IMG_0045.mp4,436,14.533333333333333,30.0,215,1,traffic_lights,0.28241172432899475,3259.4248046875,958.0050659179688,3418.304443359375,1255.404296875,3338.8646240234375,1106.7046813964844,158.879638671875,297.39923095703125
IMG_0045.mp4,437,14.566666666666666,30.0,222,2,traffic_signs,0.8629841208457947,379.2798767089844,1423.4818115234375,455.8077087402344,1500.544189453125,417.5437927246094,1462.0130004882812,76.52783203125,77.0623779296875
IMG_0045.mp4,437,14.566666666666666,30.0,214,2,traffic_signs,0.7906630635261536,3.4378459453582764,627.6746215820312,128.06959533691406,920.5844116210938,65.75372064113617,774.1295166015625,124.63174939155579,292.9097900390625
IMG_0045.mp4,437,14.566666666666666,30.0,213,2,traffic_signs,0.9256178736686707,3139.30322265625,1097.1717529296875,3305.532470703125,1381.851806640625,3222.4178466796875,1239.5117797851562,166.229248046875,284.6800537109375
IMG_0045.mp4,438,14.6,30.0,222,2,traffic_signs,0.9010857939720154,398.8784484863281,1425.5762939453125,476.5640869140625,1500.0068359375,437.7212677001953,1462.7915649414062,77.68563842773438,74.4305419921875
IMG_0045.mp4,438,14.6,30.0,214,2,traffic_signs,0.8438323140144348,0.0,597.6736450195312,118.56761169433594,908.6764526367188,59.28380584716797,753.175048828125,118.56761169433594,311.0028076171875
IMG_0045.mp4,438,14.6,30.0,213,2,traffic_signs,0.9093294739723206,3180.265380859375,1085.362548828125,3349.7255859375,1371.93701171875,3264.9954833984375,1228.6497802734375,169.460205078125,286.574462890625
IMG_0045.mp4,439,14.633333333333333,30.0,222,2,traffic_signs,0.8754663467407227,424.6380920410156,1427.0302734375,500.74273681640625,1500.311279296875,462.69041442871094,1463.6707763671875,76.10464477539062,73.281005859375
IMG_0045.mp4,439,14.633333333333333,30.0,213,2,traffic_signs,0.8514320254325867,3243.29052734375,1194.706298828125,3392.194091796875,1357.3740234375,3317.7423095703125,1276.0401611328125,148.903564453125,162.667724609375
IMG_0045.mp4,440,14.666666666666666,30.0,222,2,traffic_signs,0.8719553351402283,457.2012634277344,1432.740478515625,531.9453735351562,1504.5635986328125,494.5733184814453,1468.6520385742188,74.74411010742188,71.8231201171875
IMG_0045.mp4,440,14.666666666666666,30.0,213,2,traffic_signs,0.933626115322113,3265.040771484375,1084.9954833984375,3434.377685546875,1356.0579833984375,3349.709228515625,1220.5267333984375,169.3369140625,271.0625
IMG_0045.mp4,440,14.666666666666666,30.0,229,2,traffic_signs,0.8276851177215576,1066.9346923828125,1526.3577880859375,1119.8067626953125,1584.544921875,1093.3707275390625,1555.4513549804688,52.8720703125,58.1871337890625
IMG_0045.mp4,440,14.666666666666666,30.0,230,2,traffic_signs,0.8705530166625977,8.593280792236328,1286.0784912109375,47.918880462646484,1395.7608642578125,28.256080627441406,1340.919677734375,39.325599670410156,109.682373046875
IMG_0045.mp4,440,14.666666666666666,30.0,215,1,traffic_lights,0.8648834228515625,3416.40380859375,895.9304809570312,3600.382080078125,1194.2232666015625,3508.3929443359375,1045.0768737792969,183.978271484375,298.29278564453125
IMG_0045.mp4,440,14.666666666666666,30.0,214,2,traffic_signs,0.8068369030952454,0.0,567.56396484375,110.9648208618164,885.2432861328125,55.4824104309082,726.4036254882812,110.9648208618164,317.6793212890625
IMG_0045.mp4,441,14.7,30.0,222,2,traffic_signs,0.8519715070724487,484.57720947265625,1435.88427734375,558.2498779296875,1508.458251953125,521.4135437011719,1472.1712646484375,73.67266845703125,72.573974609375
IMG_0045.mp4,441,14.7,30.0,213,2,traffic_signs,0.9322996139526367,3299.729736328125,1059.1107177734375,3477.8330078125,1352.598388671875,3388.7813720703125,1205.8545532226562,178.103271484375,293.4876708984375
IMG_0045.mp4,441,14.7,30.0,229,2,traffic_signs,0.8358414769172668,1090.783447265625,1529.4949951171875,1145.5679931640625,1588.529541015625,1118.1757202148438,1559.0122680664062,54.7845458984375,59.0345458984375
IMG_0045.mp4,441,14.7,30.0,230,2,traffic_signs,0.8517833948135376,26.964014053344727,1288.2613525390625,69.71182250976562,1400.27685546875,48.337918281555176,1344.2691040039062,42.7478084564209,112.0155029296875
IMG_0045.mp4,441,14.7,30.0,215,1,traffic_lights,0.7431992888450623,3457.827392578125,881.325927734375,3649.271484375,1189.74072265625,3553.5494384765625,1035.5333251953125,191.444091796875,308.414794921875
IMG_0045.mp4,441,14.7,30.0,214,2,traffic_signs,0.7151648998260498,0.0,557.55859375,110.45361328125,875.4419555664062,55.226806640625,716.5002746582031,110.45361328125,317.88336181640625
IMG_0045.mp4,442,14.733333333333333,30.0,222,2,traffic_signs,0.8713495135307312,513.9251708984375,1437.8697509765625,586.1130981445312,1509.8121337890625,550.0191345214844,1473.8409423828125,72.18792724609375,71.9423828125
IMG_0045.mp4,442,14.733333333333333,30.0,213,2,traffic_signs,0.9215813875198364,3335.85791015625,1042.497802734375,3520.445556640625,1344.326171875,3428.1517333984375,1193.4119873046875,184.587646484375,301.828369140625
IMG_0045.mp4,442,14.733333333333333,30.0,229,2,traffic_signs,0.8871349692344666,1117.33984375,1531.171142578125,1172.4356689453125,1590.071533203125,1144.8877563476562,1560.621337890625,55.0958251953125,58.900390625
IMG_0045.mp4,442,14.733333333333333,30.0,230,2,traffic_signs,0.6464802622795105,49.78933334350586,1290.6671142578125,94.15048217773438,1405.0313720703125,71.96990776062012,1347.8492431640625,44.361148834228516,114.3642578125
IMG_0045.mp4,442,14.733333333333333,30.0,214,2,traffic_signs,0.3594507575035095,1.716274619102478,543.2904663085938,111.6948471069336,863.0174560546875,56.705560863018036,703.1539611816406,109.97857248783112,319.72698974609375
IMG_0045.mp4,443,14.766666666666667,30.0,222,2,traffic_signs,0.8545821905136108,542.0783081054688,1440.1507568359375,614.0889282226562,1512.4573974609375,578.0836181640625,1476.3040771484375,72.0106201171875,72.306640625
IMG_0045.mp4,443,14.766666666666667,30.0,213,2,traffic_signs,0.9139724969863892,3375.238525390625,1027.4171142578125,3568.9755859375,1336.7030029296875,3472.1070556640625,1182.06005859375,193.737060546875,309.285888671875
IMG_0045.mp4,443,14.766666666666667,30.0,229,2,traffic_signs,0.8316488862037659,1145.4215087890625,1533.19970703125,1199.3038330078125,1591.940673828125,1172.3626708984375,1562.5701904296875,53.88232421875,58.740966796875
IMG_0045.mp4,443,14.766666666666667,30.0,230,2,traffic_signs,0.8789710402488708,74.68790435791016,1292.6429443359375,118.13973999023438,1404.302734375,96.41382217407227,1348.4728393554688,43.45183563232422,111.6597900390625
IMG_0045.mp4,444,14.8,30.0,222,2,traffic_signs,0.8158378005027771,569.365478515625,1442.352294921875,640.2313232421875,1515.6297607421875,604.7984008789062,1478.9910278320312,70.8658447265625,73.2774658203125
IMG_0045.mp4,444,14.8,30.0,213,2,traffic_signs,0.8706348538398743,3417.514892578125,1014.9135131835938,3617.2646484375,1328.5675048828125,3517.3897705078125,1171.7405090332031,199.749755859375,313.65399169921875
IMG_0045.mp4,444,14.8,30.0,229,2,traffic_signs,0.8671750426292419,1171.0863037109375,1535.05322265625,1225.0955810546875,1593.5062255859375,1198.0909423828125,1564.2797241210938,54.00927734375,58.4530029296875
IMG_0045.mp4,444,14.8,30.0,230,2,traffic_signs,0.8824383616447449,98.95122528076172,1293.08837890625,142.61831665039062,1405.15234375,120.78477096557617,1349.120361328125,43.667091369628906,112.06396484375
IMG_0045.mp4,444,14.8,30.0,235,2,traffic_signs,0.636858344078064,3039.28076171875,388.0444030761719,3247.1064453125,478.76513671875,3143.193603515625,433.40476989746094,207.82568359375,90.72073364257812
IMG_0045.mp4,445,14.833333333333334,30.0,222,2,traffic_signs,0.8630216121673584,590.1860961914062,1443.8369140625,660.1364135742188,1516.69580078125,625.1612548828125,1480.266357421875,69.9503173828125,72.85888671875
IMG_0045.mp4,445,14.833333333333334,30.0,213,2,traffic_signs,0.9122335910797119,3465.0205078125,995.5234375,3671.3642578125,1318.4495849609375,3568.1923828125,1156.9865112304688,206.34375,322.9261474609375
IMG_0045.mp4,445,14.833333333333334,30.0,229,2,traffic_signs,0.3828570544719696,1193.6240234375,1536.0084228515625,1247.476806640625,1595.753662109375,1220.5504150390625,1565.8810424804688,53.852783203125,59.7452392578125
IMG_0045.mp4,445,14.833333333333334,30.0,235,2,traffic_signs,0.7120797038078308,3076.527099609375,364.97808837890625,3283.6806640625,459.7003479003906,3180.1038818359375,412.33921813964844,207.153564453125,94.72225952148438
IMG_0045.mp4,445,14.833333333333334,30.0,214,2,traffic_signs,0.4303879141807556,0.0,509.82122802734375,87.32978057861328,816.2671508789062,43.66489028930664,663.044189453125,87.32978057861328,306.4459228515625
IMG_0045.mp4,446,14.866666666666667,30.0,222,2,traffic_signs,0.5201980471611023,623.7484741210938,1447.2305908203125,692.4210815429688,1520.6947021484375,658.0847778320312,1483.962646484375,68.672607421875,73.464111328125
IMG_0045.mp4,446,14.866666666666667,30.0,213,2,traffic_signs,0.8903239965438843,3508.017333984375,985.401123046875,3722.512939453125,1305.8583984375,3615.26513671875,1145.6297607421875,214.49560546875,320.457275390625
IMG_0045.mp4,446,14.866666666666667,30.0,229,2,traffic_signs,0.8637861013412476,1224.092041015625,1539.0091552734375,1278.4891357421875,1598.5904541015625,1251.2905883789062,1568.7998046875,54.3970947265625,59.581298828125
IMG_0045.mp4,446,14.866666666666667,30.0,235,2,traffic_signs,0.6049134135246277,3111.017333984375,346.7945861816406,3322.61328125,441.7851867675781,3216.8153076171875,394.2898864746094,211.595947265625,94.9906005859375
IMG_0045.mp4,446,14.866666666666667,30.0,230,2,traffic_signs,0.8606364727020264,142.8970489501953,1296.0960693359375,186.70785522460938,1411.4442138671875,164.80245208740234,1353.7701416015625,43.81080627441406,115.34814453125
IMG_0045.mp4,447,14.9,30.0,222,2,traffic_signs,0.7663745880126953,653.610107421875,1450.1966552734375,720.8199462890625,1522.4354248046875,687.2150268554688,1486.3160400390625,67.2098388671875,72.23876953125
IMG_0045.mp4,447,14.9,30.0,213,2,traffic_signs,0.9250880479812622,3552.577880859375,970.4518432617188,3776.25146484375,1294.94580078125,3664.4146728515625,1132.6988220214844,223.673583984375,324.49395751953125
IMG_0045.mp4,447,14.9,30.0,229,2,traffic_signs,0.8588438630104065,1253.466796875,1540.73681640625,1308.18212890625,1600.0186767578125,1280.824462890625,1570.3777465820312,54.71533203125,59.2818603515625
IMG_0045.mp4,447,14.9,30.0,235,2,traffic_signs,0.44792696833610535,3143.28466796875,325.48663330078125,3361.38671875,420.6863098144531,3252.335693359375,373.0864715576172,218.10205078125,95.19967651367188
IMG_0045.mp4,447,14.9,30.0,230,2,traffic_signs,0.860077440738678,171.94094848632812,1296.563720703125,215.67922973632812,1413.35986328125,193.81008911132812,1354.9617919921875,43.73828125,116.796142578125
IMG_0045.mp4,448,14.933333333333334,30.0,222,2,traffic_signs,0.7789099216461182,680.31201171875,1453.053466796875,747.9682006835938,1525.5439453125,714.1401062011719,1489.2987060546875,67.65618896484375,72.490478515625
IMG_0045.mp4,448,14.933333333333334,30.0,213,2,traffic_signs,0.940383791923523,3601.791748046875,954.9364624023438,3832.854736328125,1288.1026611328125,3717.3232421875,1121.5195617675781,231.06298828125,333.16619873046875
IMG_0045.mp4,448,14.933333333333334,30.0,229,2,traffic_signs,0.842382550239563,1281.0828857421875,1543.3970947265625,1334.841552734375,1602.1895751953125,1307.9622192382812,1572.7933349609375,53.7586669921875,58.79248046875
IMG_0045.mp4,448,14.933333333333334,30.0,230,2,traffic_signs,0.8406200408935547,196.490234375,1297.2166748046875,239.99000549316406,1420.20361328125,218.24011993408203,1358.7101440429688,43.49977111816406,122.9869384765625
IMG_0045.mp4,449,14.966666666666667,30.0,222,2,traffic_signs,0.813411295413971,707.228271484375,1456.504150390625,775.96875,1528.4403076171875,741.5985107421875,1492.4722290039062,68.740478515625,71.9361572265625
IMG_0045.mp4,449,14.966666666666667,30.0,213,2,traffic_signs,0.9366124272346497,3652.54736328125,940.3424072265625,3840.0,1280.9267578125,3746.273681640625,1110.6345825195312,187.45263671875,340.5843505859375
IMG_0045.mp4,449,14.966666666666667,30.0,229,2,traffic_signs,0.8482185006141663,1309.2813720703125,1546.3143310546875,1362.7723388671875,1605.942138671875,1336.02685546875,1576.1282348632812,53.490966796875,59.6278076171875
IMG_0045.mp4,449,14.966666666666667,30.0,230,2,traffic_signs,0.8675935864448547,220.89341735839844,1296.088134765625,264.1895751953125,1422.467529296875,242.54149627685547,1359.27783203125,43.29615783691406,126.37939453125
IMG_0045.mp4,450,15.0,30.0,222,2,traffic_signs,0.7750023603439331,735.1616821289062,1459.5452880859375,804.3816528320312,1530.6234130859375,769.7716674804688,1495.0843505859375,69.219970703125,71.078125
IMG_0045.mp4,450,15.0,30.0,213,2,traffic_signs,0.8178133368492126,3706.396240234375,921.2700805664062,3840.0,1256.5067138671875,3773.1981201171875,1088.8883972167969,133.603759765625,335.23663330078125
IMG_0045.mp4,450,15.0,30.0,229,2,traffic_signs,0.84378582239151,1337.8011474609375,1547.3643798828125,1391.8665771484375,1608.0911865234375,1364.8338623046875,1577.727783203125,54.0654296875,60.726806640625
IMG_0045.mp4,450,15.0,30.0,230,2,traffic_signs,0.8723481297492981,246.20144653320312,1294.9642333984375,291.3890686035156,1426.1507568359375,268.7952575683594,1360.5574951171875,45.1876220703125,131.1865234375
IMG_0045.mp4,451,15.033333333333333,30.0,222,2,traffic_signs,0.3485395610332489,761.1157836914062,1463.4766845703125,830.5136108398438,1534.9595947265625,795.814697265625,1499.2181396484375,69.3978271484375,71.48291015625
IMG_0045.mp4,451,15.033333333333333,30.0,213,2,traffic_signs,0.9164426326751709,3764.21142578125,918.1944580078125,3840.0,1215.5438232421875,3802.105712890625,1066.869140625,75.78857421875,297.349365234375
IMG_0045.mp4,451,15.033333333333333,30.0,229,2,traffic_signs,0.8785090446472168,1364.44091796875,1551.2999267578125,1418.3985595703125,1613.2733154296875,1391.4197387695312,1582.28662109375,53.9576416015625,61.973388671875
IMG_0045.mp4,451,15.033333333333333,30.0,230,2,traffic_signs,0.7856394648551941,268.4036865234375,1300.565185546875,313.8017272949219,1428.05615234375,291.1027069091797,1364.3106689453125,45.398040771484375,127.490966796875
IMG_0045.mp4,452,15.066666666666666,30.0,222,2,traffic_signs,0.30031365156173706,789.9998779296875,1464.146728515625,858.6815795898438,1535.1898193359375,824.3407287597656,1499.6682739257812,68.68170166015625,71.0430908203125
IMG_0045.mp4,452,15.066666666666666,30.0,229,2,traffic_signs,0.8952765464782715,1391.999267578125,1551.9443359375,1447.1990966796875,1614.009033203125,1419.5991821289062,1582.9766845703125,55.1998291015625,62.064697265625
IMG_0045.mp4,452,15.066666666666666,30.0,230,2,traffic_signs,0.5058967471122742,293.0325622558594,1301.18017578125,340.348876953125,1430.18701171875,316.6907196044922,1365.68359375,47.316314697265625,129.0068359375
IMG_0045.mp4,453,15.1,30.0,229,2,traffic_signs,0.8838434815406799,1419.824462890625,1554.733642578125,1476.2403564453125,1616.480712890625,1448.0324096679688,1585.607177734375,56.4158935546875,61.7470703125
IMG_0045.mp4,453,15.1,30.0,230,2,traffic_signs,0.45909982919692993,320.7601013183594,1305.6722412109375,367.8954772949219,1436.631591796875,344.3277893066406,1371.1519165039062,47.1353759765625,130.9593505859375
IMG_0045.mp4,454,15.133333333333333,30.0,229,2,traffic_signs,0.8818943500518799,1448.9215087890625,1557.15625,1504.7642822265625,1618.5816650390625,1476.8428955078125,1587.8689575195312,55.8427734375,61.4254150390625
IMG_0045.mp4,454,15.133333333333333,30.0,230,2,traffic_signs,0.8583028316497803,345.5400390625,1308.4957275390625,393.3457336425781,1444.202880859375,369.44288635253906,1376.3493041992188,47.805694580078125,135.7071533203125
IMG_0045.mp4,454,15.133333333333333,30.0,222,2,traffic_signs,0.260879784822464,848.5111083984375,1472.0050048828125,917.2801513671875,1541.601806640625,882.8956298828125,1506.8034057617188,68.76904296875,69.5968017578125
IMG_0045.mp4,455,15.166666666666666,30.0,229,2,traffic_signs,0.8587533831596375,1479.1812744140625,1559.111572265625,1533.689697265625,1621.58203125,1506.4354858398438,1590.3468017578125,54.5084228515625,62.470458984375
IMG_0045.mp4,455,15.166666666666666,30.0,230,2,traffic_signs,0.8281369209289551,372.5408935546875,1309.2222900390625,421.00482177734375,1454.86767578125,396.7728576660156,1382.0449829101562,48.46392822265625,145.6453857421875
IMG_0045.mp4,456,15.2,30.0,229,2,traffic_signs,0.8812280297279358,1507.4873046875,1563.22021484375,1561.4947509765625,1626.1563720703125,1534.4910278320312,1594.6882934570312,54.0074462890625,62.9361572265625
IMG_0045.mp4,456,15.2,30.0,230,2,traffic_signs,0.8820637464523315,396.8092346191406,1311.3016357421875,444.6959228515625,1457.54736328125,420.75257873535156,1384.4244995117188,47.886688232421875,146.2457275390625
IMG_0045.mp4,456,15.2,30.0,222,2,traffic_signs,0.8076189756393433,904.7728881835938,1477.4139404296875,972.2365112304688,1548.2802734375,938.5046997070312,1512.8471069335938,67.463623046875,70.8663330078125
IMG_0045.mp4,457,15.233333333333333,30.0,229,2,traffic_signs,0.8875481486320496,1536.4569091796875,1565.1600341796875,1591.389404296875,1627.2889404296875,1563.9231567382812,1596.2244873046875,54.9324951171875,62.12890625
IMG_0045.mp4,457,15.233333333333333,30.0,230,2,traffic_signs,0.8903425335884094,426.0582580566406,1315.847412109375,473.11962890625,1460.486083984375,449.5889434814453,1388.166748046875,47.061370849609375,144.638671875
IMG_0045.mp4,457,15.233333333333333,30.0,251,2,traffic_signs,0.5080935955047607,576.5707397460938,1552.18115234375,661.0636596679688,1655.774658203125,618.8171997070312,1603.9779052734375,84.492919921875,103.593505859375
IMG_0045.mp4,457,15.233333333333333,30.0,222,2,traffic_signs,0.7584676146507263,936.0199584960938,1480.2484130859375,1002.1983032226562,1550.99755859375,969.109130859375,1515.6229858398438,66.1783447265625,70.7491455078125
IMG_0045.mp4,458,15.266666666666667,30.0,229,2,traffic_signs,0.9064432382583618,1566.8319091796875,1558.006591796875,1625.3477783203125,1629.7664794921875,1596.08984375,1593.8865356445312,58.515869140625,71.7598876953125
IMG_0045.mp4,458,15.266666666666667,30.0,230,2,traffic_signs,0.8944840431213379,454.797119140625,1318.9879150390625,500.8830871582031,1462.1715087890625,477.84010314941406,1390.5797119140625,46.085968017578125,143.18359375
IMG_0045.mp4,459,15.3,30.0,229,2,traffic_signs,0.8641065359115601,1595.4798583984375,1560.951171875,1656.1922607421875,1633.97314453125,1625.8360595703125,1597.462158203125,60.71240234375,73.02197265625
IMG_0045.mp4,459,15.3,30.0,230,2,traffic_signs,0.8885204792022705,479.34716796875,1322.833740234375,525.3489379882812,1453.08740234375,502.3480529785156,1387.9605712890625,46.00177001953125,130.253662109375
IMG_0045.mp4,460,15.333333333333334,30.0,229,2,traffic_signs,0.5354732275009155,1623.4600830078125,1568.475341796875,1683.09716796875,1636.6805419921875,1653.2786254882812,1602.5779418945312,59.6370849609375,68.2052001953125
IMG_0045.mp4,460,15.333333333333334,30.0,230,2,traffic_signs,0.9083768129348755,505.41802978515625,1324.6541748046875,550.870849609375,1451.682373046875,528.1444396972656,1388.1682739257812,45.45281982421875,127.0281982421875
IMG_0045.mp4,460,15.333333333333334,30.0,222,2,traffic_signs,0.620434582233429,1024.2178955078125,1489.8192138671875,1091.447509765625,1560.008544921875,1057.8327026367188,1524.9138793945312,67.2296142578125,70.1893310546875
IMG_0045.mp4,461,15.366666666666667,30.0,229,2,traffic_signs,0.8247315883636475,1660.2054443359375,1576.7388916015625,1713.146728515625,1630.7955322265625,1686.6760864257812,1603.7672119140625,52.9412841796875,54.056640625
IMG_0045.mp4,461,15.366666666666667,30.0,230,2,traffic_signs,0.42683354020118713,533.6052856445312,1328.1416015625,579.3894653320312,1461.034423828125,556.4973754882812,1394.5880126953125,45.7841796875,132.892822265625
IMG_0045.mp4,461,15.366666666666667,30.0,222,2,traffic_signs,0.8313488364219666,1053.797119140625,1494.017333984375,1121.596435546875,1565.1641845703125,1087.69677734375,1529.5907592773438,67.79931640625,71.1468505859375
IMG_0045.mp4,462,15.4,30.0,229,2,traffic_signs,0.8436211943626404,1690.5538330078125,1580.698974609375,1742.0992431640625,1634.8577880859375,1716.3265380859375,1607.7783813476562,51.54541015625,54.1588134765625
IMG_0045.mp4,462,15.4,30.0,230,2,traffic_signs,0.8546412587165833,558.328857421875,1329.08837890625,606.4185791015625,1468.8897705078125,582.3737182617188,1398.9890747070312,48.0897216796875,139.8013916015625
IMG_0045.mp4,462,15.4,30.0,222,2,traffic_signs,0.8555223345756531,1083.5966796875,1496.1602783203125,1150.110595703125,1567.3994140625,1116.8536376953125,1531.7798461914062,66.513916015625,71.2391357421875
IMG_0045.mp4,462,15.4,30.0,256,2,traffic_signs,0.7866680026054382,38.15494155883789,1480.4368896484375,80.42913055419922,1515.9239501953125,59.292036056518555,1498.180419921875,42.27418899536133,35.487060546875
IMG_0045.mp4,462,15.4,30.0,251,2,traffic_signs,0.30253344774246216,719.5518188476562,1568.301513671875,804.469482421875,1671.63427734375,762.0106506347656,1619.9678955078125,84.91766357421875,103.332763671875
IMG_0045.mp4,463,15.433333333333334,30.0,229,2,traffic_signs,0.8590883612632751,1719.5062255859375,1583.4698486328125,1771.8402099609375,1640.2386474609375,1745.6732177734375,1611.854248046875,52.333984375,56.768798828125
IMG_0045.mp4,463,15.433333333333334,30.0,230,2,traffic_signs,0.8683565258979797,584.2660522460938,1325.33544921875,633.1599731445312,1470.5726318359375,608.7130126953125,1397.9540405273438,48.8939208984375,145.2371826171875
IMG_0045.mp4,463,15.433333333333334,30.0,222,2,traffic_signs,0.27078989148139954,1112.6812744140625,1498.21826171875,1179.914306640625,1569.276123046875,1146.2977905273438,1533.7471923828125,67.2330322265625,71.057861328125
IMG_0045.mp4,463,15.433333333333334,30.0,256,2,traffic_signs,0.8693182468414307,74.08445739746094,1483.561279296875,116.82524871826172,1519.5770263671875,95.45485305786133,1501.5691528320312,42.74079132080078,36.0157470703125
IMG_0045.mp4,464,15.466666666666667,30.0,229,2,traffic_signs,0.861987292766571,1748.107177734375,1585.08740234375,1799.786865234375,1644.502197265625,1773.947021484375,1614.7947998046875,51.6796875,59.414794921875
IMG_0045.mp4,464,15.466666666666667,30.0,230,2,traffic_signs,0.8705497980117798,611.324951171875,1324.57373046875,660.0914306640625,1469.9381103515625,635.7081909179688,1397.2559204101562,48.7664794921875,145.3643798828125
IMG_0045.mp4,464,15.466666666666667,30.0,222,2,traffic_signs,0.6266292333602905,1142.39306640625,1500.2811279296875,1209.0733642578125,1570.060546875,1175.7332153320312,1535.1708374023438,66.6802978515625,69.7794189453125
IMG_0045.mp4,464,15.466666666666667,30.0,256,2,traffic_signs,0.8651226162910461,112.25779724121094,1487.2799072265625,155.48519897460938,1521.572265625,133.87149810791016,1504.4260864257812,43.22740173339844,34.2923583984375
IMG_0045.mp4,465,15.5,30.0,229,2,traffic_signs,0.8848662376403809,1776.21337890625,1588.4427490234375,1829.0179443359375,1648.626708984375,1802.6156616210938,1618.5347290039062,52.8045654296875,60.1839599609375
IMG_0045.mp4,465,15.5,30.0,230,2,traffic_signs,0.8958050012588501,639.2536010742188,1323.575439453125,687.98291015625,1471.7532958984375,663.6182556152344,1397.6643676757812,48.72930908203125,148.1778564453125
IMG_0045.mp4,465,15.5,30.0,222,2,traffic_signs,0.8263575434684753,1171.1529541015625,1502.684814453125,1238.575439453125,1573.8282470703125,1204.8641967773438,1538.2565307617188,67.4224853515625,71.1434326171875
IMG_0045.mp4,466,15.533333333333333,30.0,229,2,traffic_signs,0.901402473449707,1803.156005859375,1589.855712890625,1858.8551025390625,1649.275634765625,1831.0055541992188,1619.565673828125,55.6990966796875,59.419921875
IMG_0045.mp4,466,15.533333333333333,30.0,230,2,traffic_signs,0.8393567204475403,668.1279907226562,1321.850830078125,715.520751953125,1466.04638671875,691.8243713378906,1393.9486083984375,47.39276123046875,144.195556640625
IMG_0045.mp4,466,15.533333333333333,30.0,222,2,traffic_signs,0.29602494835853577,1201.2071533203125,1502.4769287109375,1267.3240966796875,1577.8189697265625,1234.265625,1540.14794921875,66.116943359375,75.342041015625
IMG_0045.mp4,466,15.533333333333333,30.0,256,2,traffic_signs,0.8043367266654968,188.1580352783203,1493.275146484375,229.1429443359375,1528.1954345703125,208.6504898071289,1510.7352905273438,40.98490905761719,34.9202880859375
IMG_0045.mp4,467,15.566666666666666,30.0,229,2,traffic_signs,0.8766918778419495,1832.95458984375,1591.66015625,1888.2696533203125,1652.657470703125,1860.6121215820312,1622.1588134765625,55.3150634765625,60.997314453125
IMG_0045.mp4,467,15.566666666666666,30.0,230,2,traffic_signs,0.8908904194831848,694.9885864257812,1328.371337890625,740.8469848632812,1464.4891357421875,717.9177856445312,1396.4302368164062,45.8583984375,136.1177978515625
IMG_0045.mp4,467,15.566666666666666,30.0,222,2,traffic_signs,0.37591853737831116,1229.7227783203125,1504.6475830078125,1296.576171875,1577.270263671875,1263.1494750976562,1540.9589233398438,66.8533935546875,72.6226806640625
IMG_0045.mp4,467,15.566666666666666,30.0,256,2,traffic_signs,0.6000819802284241,224.0614471435547,1497.54345703125,262.816162109375,1530.63818359375,243.43880462646484,1514.0908203125,38.75471496582031,33.0947265625
IMG_0045.mp4,468,15.6,30.0,229,2,traffic_signs,0.8592876195907593,1863.2877197265625,1594.1158447265625,1916.7432861328125,1656.4063720703125,1890.0155029296875,1625.2611083984375,53.45556640625,62.29052734375
IMG_0045.mp4,468,15.6,30.0,230,2,traffic_signs,0.8723612427711487,719.1328735351562,1325.233642578125,765.4660034179688,1465.2406005859375,742.2994384765625,1395.2371215820312,46.3331298828125,140.0069580078125
IMG_0045.mp4,468,15.6,30.0,222,2,traffic_signs,0.7139863967895508,1257.8466796875,1507.256103515625,1325.8177490234375,1578.9200439453125,1291.8322143554688,1543.0880737304688,67.9710693359375,71.6639404296875
IMG_0045.mp4,469,15.633333333333333,30.0,229,2,traffic_signs,0.8974209427833557,1891.5830078125,1597.208984375,1945.381103515625,1660.4488525390625,1918.4820556640625,1628.8289184570312,53.798095703125,63.2398681640625
IMG_0045.mp4,469,15.633333333333333,30.0,230,2,traffic_signs,0.8674346804618835,741.5997924804688,1320.5096435546875,790.1522216796875,1467.6204833984375,765.8760070800781,1394.0650634765625,48.55242919921875,147.11083984375
IMG_0045.mp4,469,15.633333333333333,30.0,222,2,traffic_signs,0.8229758739471436,1284.92724609375,1511.0074462890625,1353.049560546875,1581.3753662109375,1318.9884033203125,1546.19140625,68.122314453125,70.367919921875
IMG_0045.mp4,469,15.633333333333333,30.0,256,2,traffic_signs,0.8224897980690002,288.85589599609375,1502.426513671875,327.45574951171875,1539.3157958984375,308.15582275390625,1520.8711547851562,38.599853515625,36.8892822265625
IMG_0045.mp4,470,15.666666666666666,30.0,229,2,traffic_signs,0.9092342853546143,1921.693603515625,1600.7772216796875,1975.7044677734375,1662.91357421875,1948.6990356445312,1631.8453979492188,54.0108642578125,62.1363525390625
IMG_0045.mp4,470,15.666666666666666,30.0,230,2,traffic_signs,0.6860387921333313,763.6339721679688,1309.03515625,813.5245361328125,1469.2322998046875,788.5792541503906,1389.1337280273438,49.89056396484375,160.1971435546875
IMG_0045.mp4,470,15.666666666666666,30.0,222,2,traffic_signs,0.8130196928977966,1312.5234375,1513.888427734375,1379.5875244140625,1584.04345703125,1346.0554809570312,1548.9659423828125,67.0640869140625,70.155029296875
IMG_0045.mp4,470,15.666666666666666,30.0,256,2,traffic_signs,0.8561829328536987,319.5240783691406,1506.6197509765625,358.3979797363281,1543.1575927734375,338.9610290527344,1524.888671875,38.8739013671875,36.537841796875
IMG_0045.mp4,471,15.7,30.0,229,2,traffic_signs,0.8924012184143066,1950.2784423828125,1602.4425048828125,2005.429931640625,1665.0618896484375,1977.8541870117188,1633.752197265625,55.1514892578125,62.619384765625
IMG_0045.mp4,471,15.7,30.0,230,2,traffic_signs,0.8972311615943909,788.6206665039062,1323.404296875,836.997314453125,1469.7666015625,812.8089904785156,1396.58544921875,48.37664794921875,146.3623046875
IMG_0045.mp4,471,15.7,30.0,222,2,traffic_signs,0.8363655209541321,1339.6739501953125,1516.0523681640625,1407.2205810546875,1587.2860107421875,1373.447265625,1551.669189453125,67.546630859375,71.233642578125
IMG_0045.mp4,471,15.7,30.0,256,2,traffic_signs,0.8078794479370117,352.6446228027344,1509.9305419921875,390.9559326171875,1546.1710205078125,371.80027770996094,1528.05078125,38.311309814453125,36.240478515625
IMG_0045.mp4,472,15.733333333333333,30.0,229,2,traffic_signs,0.9026722311973572,1978.6551513671875,1604.0784912109375,2035.5845947265625,1667.814453125,2007.119873046875,1635.9464721679688,56.929443359375,63.7359619140625
IMG_0045.mp4,472,15.733333333333333,30.0,230,2,traffic_signs,0.7514649033546448,813.2825927734375,1326.644775390625,862.4903564453125,1470.790771484375,837.886474609375,1398.7177734375,49.207763671875,144.14599609375
IMG_0045.mp4,472,15.733333333333333,30.0,222,2,traffic_signs,0.8694878816604614,1367.9385986328125,1518.427734375,1434.56689453125,1589.9075927734375,1401.2527465820312,1554.1676635742188,66.6282958984375,71.4798583984375
IMG_0045.mp4,472,15.733333333333333,30.0,256,2,traffic_signs,0.8161214590072632,385.92431640625,1513.381591796875,423.8814697265625,1550.31689453125,404.90289306640625,1531.8492431640625,37.9571533203125,36.935302734375
IMG_0045.mp4,473,15.766666666666667,30.0,229,2,traffic_signs,0.8209283351898193,2006.9031982421875,1606.6309814453125,2062.615966796875,1670.90771484375,2034.7595825195312,1638.7693481445312,55.7127685546875,64.2767333984375
IMG_0045.mp4,473,15.766666666666667,30.0,230,2,traffic_signs,0.8358184099197388,836.4404907226562,1315.5797119140625,887.2319946289062,1474.089111328125,861.8362426757812,1394.8344116210938,50.79150390625,158.5093994140625
IMG_0045.mp4,473,15.766666666666667,30.0,222,2,traffic_signs,0.5012116432189941,1395.4915771484375,1519.73876953125,1462.1502685546875,1591.5455322265625,1428.8209228515625,1555.6421508789062,66.65869140625,71.8067626953125
IMG_0045.mp4,473,15.766666666666667,30.0,256,2,traffic_signs,0.8293956518173218,418.0359191894531,1516.7176513671875,456.8933410644531,1553.1820068359375,437.4646301269531,1534.9498291015625,38.857421875,36.46435546875
IMG_0045.mp4,474,15.8,30.0,229,2,traffic_signs,0.8361293077468872,2036.10107421875,1609.345703125,2090.745361328125,1673.314453125,2063.4232177734375,1641.330078125,54.644287109375,63.96875
IMG_0045.mp4,474,15.8,30.0,230,2,traffic_signs,0.5132253170013428,860.7849731445312,1326.834716796875,911.5971069335938,1474.489501953125,886.1910400390625,1400.662109375,50.8121337890625,147.65478515625
IMG_0045.mp4,474,15.8,30.0,222,2,traffic_signs,0.642314612865448,1423.01416015625,1521.622314453125,1490.5008544921875,1592.9130859375,1456.7575073242188,1557.2677001953125,67.4866943359375,71.290771484375
IMG_0045.mp4,474,15.8,30.0,256,2,traffic_signs,0.7295728325843811,449.89886474609375,1519.372802734375,489.12158203125,1556.7108154296875,469.5102233886719,1538.0418090820312,39.22271728515625,37.3380126953125
IMG_0045.mp4,475,15.833333333333334,30.0,229,2,traffic_signs,0.9073466658592224,2063.81787109375,1611.55078125,2119.433349609375,1674.45947265625,2091.6256103515625,1643.005126953125,55.615478515625,62.90869140625
IMG_0045.mp4,475,15.833333333333334,30.0,230,2,traffic_signs,0.9154371023178101,884.949462890625,1336.236328125,935.2967529296875,1473.5894775390625,910.1231079101562,1404.9129028320312,50.3472900390625,137.3531494140625
IMG_0045.mp4,475,15.833333333333334,30.0,222,2,traffic_signs,0.6272138953208923,1450.028564453125,1520.9127197265625,1518.951904296875,1592.7862548828125,1484.490234375,1556.8494873046875,68.92333984375,71.87353515625
IMG_0045.mp4,475,15.833333333333334,30.0,256,2,traffic_signs,0.7621076703071594,482.2342529296875,1521.366943359375,520.5869750976562,1558.6617431640625,501.4106140136719,1540.0143432617188,38.35272216796875,37.2947998046875
IMG_0045.mp4,475,15.833333333333334,30.0,268,2,traffic_signs,0.45508721470832825,1071.5335693359375,1467.8187255859375,1096.00048828125,1548.5086669921875,1083.7670288085938,1508.1636962890625,24.4669189453125,80.68994140625
IMG_0045.mp4,476,15.866666666666667,30.0,229,2,traffic_signs,0.9072427749633789,2091.131103515625,1614.044677734375,2148.7861328125,1676.9150390625,2119.9586181640625,1645.4798583984375,57.655029296875,62.870361328125
IMG_0045.mp4,476,15.866666666666667,30.0,230,2,traffic_signs,0.9219545125961304,910.6171264648438,1338.40185546875,960.9103393554688,1475.599365234375,935.7637329101562,1407.0006103515625,50.293212890625,137.197509765625
IMG_0045.mp4,476,15.866666666666667,30.0,222,2,traffic_signs,0.6412367820739746,1477.884033203125,1509.3084716796875,1552.8621826171875,1597.9293212890625,1515.3731079101562,1553.618896484375,74.9781494140625,88.620849609375
IMG_0045.mp4,476,15.866666666666667,30.0,256,2,traffic_signs,0.8391067385673523,513.9327392578125,1524.385009765625,552.7423095703125,1560.9337158203125,533.3375244140625,1542.6593627929688,38.8095703125,36.5487060546875
IMG_0045.mp4,476,15.866666666666667,30.0,268,2,traffic_signs,0.5459585785865784,1100.3968505859375,1469.6103515625,1123.6373291015625,1550.671630859375,1112.01708984375,1510.1409912109375,23.240478515625,81.061279296875
IMG_0045.mp4,476,15.866666666666667,30.0,269,2,traffic_signs,0.878845751285553,51.98489761352539,1457.4736328125,86.4453353881836,1503.151123046875,69.21511650085449,1480.3123779296875,34.4604377746582,45.677490234375
IMG_0045.mp4,477,15.9,30.0,229,2,traffic_signs,0.885189950466156,2119.949951171875,1615.471923828125,2176.8876953125,1679.3392333984375,2148.4188232421875,1647.4055786132812,56.937744140625,63.8673095703125
IMG_0045.mp4,477,15.9,30.0,230,2,traffic_signs,0.9010294079780579,931.755615234375,1326.7052001953125,982.6004638671875,1477.1878662109375,957.1780395507812,1401.946533203125,50.8448486328125,150.482666015625
IMG_0045.mp4,477,15.9,30.0,268,2,traffic_signs,0.3502309322357178,1125.9122314453125,1468.2362060546875,1150.0267333984375,1553.73876953125,1137.969482421875,1510.9874877929688,24.114501953125,85.5025634765625
IMG_0045.mp4,478,15.933333333333334,30.0,229,2,traffic_signs,0.8211507201194763,2149.004638671875,1618.3397216796875,2203.692138671875,1682.671630859375,2176.348388671875,1650.5056762695312,54.6875,64.3319091796875
IMG_0045.mp4,478,15.933333333333334,30.0,230,2,traffic_signs,0.8501712083816528,954.9349365234375,1332.0189208984375,1004.8912353515625,1481.6015625,979.9130859375,1406.8102416992188,49.956298828125,149.5826416015625
IMG_0045.mp4,478,15.933333333333334,30.0,270,2,traffic_signs,0.7692194581031799,116.10015869140625,1464.1671142578125,148.7545166015625,1511.653076171875,132.42733764648438,1487.9100952148438,32.65435791015625,47.4859619140625
IMG_0045.mp4,479,15.966666666666667,30.0,229,2,traffic_signs,0.8864561319351196,2177.460205078125,1621.34716796875,2231.7529296875,1686.110107421875,2204.6065673828125,1653.7286376953125,54.292724609375,64.762939453125
IMG_0045.mp4,479,15.966666666666667,30.0,230,2,traffic_signs,0.9124090075492859,974.5858764648438,1324.102294921875,1026.7509765625,1485.3934326171875,1000.6684265136719,1404.7478637695312,52.16510009765625,161.2911376953125
IMG_0045.mp4,479,15.966666666666667,30.0,270,2,traffic_signs,0.7901773452758789,144.4641571044922,1466.8031005859375,176.6660919189453,1514.1058349609375,160.56512451171875,1490.4544677734375,32.201934814453125,47.302734375
IMG_0045.mp4,479,15.966666666666667,30.0,268,2,traffic_signs,0.6199747323989868,1175.327880859375,1470.76708984375,1199.796875,1555.8048095703125,1187.5623779296875,1513.2859497070312,24.468994140625,85.0377197265625
IMG_0045.mp4,480,16.0,30.0,229,2,traffic_signs,0.8765897750854492,2205.7177734375,1623.8990478515625,2260.81005859375,1689.3271484375,2233.263916015625,1656.6130981445312,55.09228515625,65.4281005859375
IMG_0045.mp4,480,16.0,30.0,230,2,traffic_signs,0.8622775673866272,997.7195434570312,1331.4393310546875,1048.67236328125,1485.3492431640625,1023.1959533691406,1408.394287109375,50.95281982421875,153.909912109375
IMG_0045.mp4,480,16.0,30.0,270,2,traffic_signs,0.8303504586219788,176.0084991455078,1470.1083984375,208.4019012451172,1516.6064453125,192.2052001953125,1493.357421875,32.393402099609375,46.498046875
IMG_0045.mp4,480,16.0,30.0,268,2,traffic_signs,0.5490978360176086,1199.6578369140625,1474.88037109375,1225.035888671875,1559.086669921875,1212.3468627929688,1516.9835205078125,25.3780517578125,84.206298828125
IMG_0045.mp4,480,16.0,30.0,251,2,traffic_signs,0.3989357054233551,1193.480712890625,1606.560302734375,1278.754638671875,1715.789794921875,1236.11767578125,1661.175048828125,85.27392578125,109.2294921875
IMG_0045.mp4,481,16.033333333333335,30.0,229,2,traffic_signs,0.8870604634284973,2231.552490234375,1624.7506103515625,2288.029541015625,1690.5701904296875,2259.791015625,1657.660400390625,56.47705078125,65.819580078125
IMG_0045.mp4,481,16.033333333333335,30.0,230,2,traffic_signs,0.8619856238365173,1019.975830078125,1334.6539306640625,1069.822021484375,1483.369140625,1044.89892578125,1409.0115356445312,49.84619140625,148.7152099609375
IMG_0045.mp4,481,16.033333333333335,30.0,270,2,traffic_signs,0.8253903985023499,207.3076934814453,1471.425537109375,239.16810607910156,1517.3604736328125,223.23789978027344,1494.3930053710938,31.86041259765625,45.9349365234375
IMG_0045.mp4,481,16.033333333333335,30.0,268,2,traffic_signs,0.7555851936340332,1224.2183837890625,1475.083740234375,1248.8677978515625,1560.078857421875,1236.5430908203125,1517.581298828125,24.6494140625,84.9951171875
IMG_0045.mp4,481,16.033333333333335,30.0,251,2,traffic_signs,0.49927306175231934,1216.4407958984375,1606.74267578125,1303.130126953125,1713.7686767578125,1259.7854614257812,1660.2556762695312,86.6893310546875,107.0260009765625
IMG_0045.mp4,481,16.033333333333335,30.0,222,2,traffic_signs,0.43697720766067505,1608.3612060546875,1532.8743896484375,1673.620361328125,1605.6158447265625,1640.9907836914062,1569.2451171875,65.2591552734375,72.741455078125
IMG_0045.mp4,482,16.066666666666666,30.0,229,2,traffic_signs,0.8932836651802063,2258.034423828125,1626.9420166015625,2315.0908203125,1691.8536376953125,2286.5626220703125,1659.3978271484375,57.056396484375,64.91162109375
IMG_0045.mp4,482,16.066666666666666,30.0,230,2,traffic_signs,0.8619748950004578,1041.8931884765625,1338.61376953125,1092.3660888671875,1484.9163818359375,1067.129638671875,1411.7650756835938,50.472900390625,146.3026123046875
IMG_0045.mp4,482,16.066666666666666,30.0,270,2,traffic_signs,0.8816900253295898,240.0380096435547,1475.4400634765625,271.8389892578125,1520.4871826171875,255.9384994506836,1497.963623046875,31.800979614257812,45.047119140625
IMG_0045.mp4,482,16.066666666666666,30.0,268,2,traffic_signs,0.6905328035354614,1250.639892578125,1479.2047119140625,1274.401611328125,1562.19384765625,1262.520751953125,1520.6992797851562,23.76171875,82.9891357421875
IMG_0045.mp4,482,16.066666666666666,30.0,222,2,traffic_signs,0.8597086668014526,1631.494140625,1536.458740234375,1698.2886962890625,1609.193359375,1664.8914184570312,1572.8260498046875,66.7945556640625,72.734619140625
IMG_0045.mp4,483,16.1,30.0,229,2,traffic_signs,0.8322232365608215,2285.842529296875,1631.5426025390625,2343.557861328125,1697.4237060546875,2314.7001953125,1664.483154296875,57.71533203125,65.881103515625
IMG_0045.mp4,483,16.1,30.0,230,2,traffic_signs,0.8863349556922913,1062.529052734375,1343.4739990234375,1114.2486572265625,1486.728271484375,1088.3888549804688,1415.1011352539062,51.7196044921875,143.2542724609375
IMG_0045.mp4,483,16.1,30.0,270,2,traffic_signs,0.8629076480865479,269.0330810546875,1479.4337158203125,300.5611877441406,1524.540771484375,284.79713439941406,1501.9872436523438,31.528106689453125,45.1070556640625
IMG_0045.mp4,483,16.1,30.0,268,2,traffic_signs,0.7761088013648987,1274.884521484375,1476.5357666015625,1298.9747314453125,1564.29443359375,1286.9296264648438,1520.4151000976562,24.0902099609375,87.7586669921875
IMG_0045.mp4,483,16.1,30.0,222,2,traffic_signs,0.8879212737083435,1655.762939453125,1540.5069580078125,1722.9658203125,1613.1475830078125,1689.3643798828125,1576.8272705078125,67.202880859375,72.640625
IMG_0045.mp4,484,16.133333333333333,30.0,229,2,traffic_signs,0.8405232429504395,2314.469970703125,1634.5037841796875,2371.405517578125,1700.5667724609375,2342.937744140625,1667.5352783203125,56.935546875,66.06298828125
IMG_0045.mp4,484,16.133333333333333,30.0,230,2,traffic_signs,0.8825209736824036,1083.2083740234375,1347.0594482421875,1134.4117431640625,1486.6312255859375,1108.81005859375,1416.8453369140625,51.203369140625,139.57177734375
IMG_0045.mp4,484,16.133333333333333,30.0,270,2,traffic_signs,0.8553177118301392,295.69915771484375,1482.1820068359375,327.6631164550781,1526.296142578125,311.68113708496094,1504.2390747070312,31.963958740234375,44.1141357421875
IMG_0045.mp4,484,16.133333333333333,30.0,268,2,traffic_signs,0.7720320224761963,1298.3359375,1480.23193359375,1322.40478515625,1565.2342529296875,1310.370361328125,1522.7330932617188,24.06884765625,85.0023193359375
IMG_0045.mp4,484,16.133333333333333,30.0,222,2,traffic_signs,0.8833953142166138,1679.9107666015625,1542.00439453125,1746.96630859375,1615.5228271484375,1713.4385375976562,1578.7636108398438,67.0555419921875,73.5184326171875
IMG_0045.mp4,484,16.133333333333333,30.0,251,2,traffic_signs,0.5112903118133545,1287.7122802734375,1612.2283935546875,1372.402099609375,1724.1058349609375,1330.0571899414062,1668.1671142578125,84.6898193359375,111.87744140625
IMG_0045.mp4,485,16.166666666666668,30.0,229,2,traffic_signs,0.8418117761611938,2339.770751953125,1635.5223388671875,2397.680908203125,1702.5245361328125,2368.725830078125,1669.0234375,57.91015625,67.002197265625
IMG_0045.mp4,485,16.166666666666668,30.0,230,2,traffic_signs,0.8945986032485962,1105.1396484375,1348.313232421875,1155.3616943359375,1486.5625,1130.2506713867188,1417.4378662109375,50.2220458984375,138.249267578125
IMG_0045.mp4,485,16.166666666666668,30.0,270,2,traffic_signs,0.8779613375663757,324.4156799316406,1483.923828125,356.32476806640625,1528.844970703125,340.37022399902344,1506.3843994140625,31.909088134765625,44.921142578125
IMG_0045.mp4,485,16.166666666666668,30.0,268,2,traffic_signs,0.7683796286582947,1321.9530029296875,1476.582275390625,1345.5537109375,1564.5704345703125,1333.7533569335938,1520.5763549804688,23.6007080078125,87.9881591796875
IMG_0045.mp4,485,16.166666666666668,30.0,222,2,traffic_signs,0.889856219291687,1703.4095458984375,1542.7764892578125,1770.46923828125,1616.242431640625,1736.9393920898438,1579.5094604492188,67.0596923828125,73.4659423828125
IMG_0045.mp4,485,16.166666666666668,30.0,251,2,traffic_signs,0.2500779628753662,1310.0699462890625,1614.145751953125,1397.713623046875,1724.0762939453125,1353.8917846679688,1669.1110229492188,87.6436767578125,109.9305419921875
IMG_0045.mp4,486,16.2,30.0,229,2,traffic_signs,0.883184552192688,2366.199951171875,1638.0225830078125,2423.71044921875,1705.4830322265625,2394.9552001953125,1671.7528076171875,57.510498046875,67.46044921875
IMG_0045.mp4,486,16.2,30.0,230,2,traffic_signs,0.9013492465019226,1124.6663818359375,1349.5845947265625,1175.41259765625,1489.002197265625,1150.0394897460938,1419.2933959960938,50.7462158203125,139.4176025390625
IMG_0045.mp4,486,16.2,30.0,270,2,traffic_signs,0.855631411075592,352.98028564453125,1487.44677734375,383.679931640625,1534.0616455078125,368.3301086425781,1510.7542114257812,30.69964599609375,46.6148681640625
IMG_0045.mp4,486,16.2,30.0,268,2,traffic_signs,0.6660059094429016,1344.9578857421875,1485.415283203125,1367.86669921875,1566.6177978515625,1356.4122924804688,1526.0165405273438,22.9088134765625,81.2025146484375
IMG_0045.mp4,486,16.2,30.0,222,2,traffic_signs,0.8534910678863525,1727.3885498046875,1544.5853271484375,1793.4012451171875,1618.77587890625,1760.3948974609375,1581.6806030273438,66.0126953125,74.1905517578125
IMG_0045.mp4,486,16.2,30.0,251,2,traffic_signs,0.5564888119697571,1333.527099609375,1616.01123046875,1418.3172607421875,1726.95751953125,1375.9221801757812,1671.484375,84.7901611328125,110.9462890625
IMG_0045.mp4,487,16.233333333333334,30.0,229,2,traffic_signs,0.8968979120254517,2393.254150390625,1642.071533203125,2451.135986328125,1710.019287109375,2422.195068359375,1676.04541015625,57.8818359375,67.94775390625
IMG_0045.mp4,487,16.233333333333334,30.0,230,2,traffic_signs,0.9028193950653076,1140.887451171875,1352.0897216796875,1191.6925048828125,1490.7379150390625,1166.2899780273438,1421.413818359375,50.8050537109375,138.648193359375
IMG_0045.mp4,487,16.233333333333334,30.0,270,2,traffic_signs,0.8561492562294006,376.22857666015625,1490.9613037109375,407.4159851074219,1537.54345703125,391.82228088378906,1514.2523803710938,31.187408447265625,46.5821533203125
IMG_0045.mp4,487,16.233333333333334,30.0,268,2,traffic_signs,0.7319216728210449,1366.8199462890625,1489.3641357421875,1389.3143310546875,1568.477294921875,1378.067138671875,1528.9207153320312,22.494384765625,79.1131591796875
IMG_0045.mp4,487,16.233333333333334,30.0,222,2,traffic_signs,0.8801127672195435,1749.20556640625,1547.1214599609375,1816.1751708984375,1622.4617919921875,1782.6903686523438,1584.7916259765625,66.9696044921875,75.34033203125
IMG_0045.mp4,487,16.233333333333334,30.0,251,2,traffic_signs,0.44361692667007446,1351.679443359375,1618.47265625,1440.026123046875,1731.4708251953125,1395.852783203125,1674.9717407226562,88.3466796875,112.9981689453125
IMG_0045.mp4,488,16.266666666666666,30.0,229,2,traffic_signs,0.8712830543518066,2418.296142578125,1643.5792236328125,2475.085205078125,1710.58349609375,2446.690673828125,1677.0813598632812,56.7890625,67.0042724609375
IMG_0045.mp4,488,16.266666666666666,30.0,230,2,traffic_signs,0.90909343957901,1158.9957275390625,1350.7236328125,1209.4693603515625,1488.06787109375,1184.2325439453125,1419.395751953125,50.4736328125,137.34423828125
IMG_0045.mp4,488,16.266666666666666,30.0,270,2,traffic_signs,0.8382679224014282,400.37255859375,1492.38037109375,430.8056640625,1536.6400146484375,415.589111328125,1514.5101928710938,30.43310546875,44.2596435546875
IMG_0045.mp4,488,16.266666666666666,30.0,268,2,traffic_signs,0.5622462034225464,1385.7890625,1489.9151611328125,1409.1075439453125,1570.2957763671875,1397.4483032226562,1530.10546875,23.3184814453125,80.380615234375
IMG_0045.mp4,488,16.266666666666666,30.0,222,2,traffic_signs,0.8860971331596375,1770.7666015625,1546.919189453125,1838.503173828125,1623.5587158203125,1804.6348876953125,1585.2389526367188,67.736572265625,76.6395263671875
IMG_0045.mp4,488,16.266666666666666,30.0,251,2,traffic_signs,0.7493427395820618,1371.7706298828125,1618.638916015625,1457.6719970703125,1732.23681640625,1414.7213134765625,1675.4378662109375,85.9013671875,113.597900390625
IMG_0045.mp4,489,16.3,30.0,229,2,traffic_signs,0.7189396619796753,2441.731201171875,1644.7208251953125,2499.301513671875,1711.690185546875,2470.516357421875,1678.2055053710938,57.5703125,66.9693603515625
IMG_0045.mp4,489,16.3,30.0,230,2,traffic_signs,0.9083267450332642,1177.833984375,1350.9510498046875,1230.396240234375,1486.6114501953125,1204.1151123046875,1418.78125,52.562255859375,135.660400390625
IMG_0045.mp4,489,16.3,30.0,270,2,traffic_signs,0.8522629141807556,427.3929748535156,1494.193603515625,457.24786376953125,1538.1748046875,442.32041931152344,1516.1842041015625,29.854888916015625,43.981201171875
IMG_0045.mp4,489,16.3,30.0,222,2,traffic_signs,0.9052416086196899,1791.8856201171875,1547.7254638671875,1860.0068359375,1623.8905029296875,1825.9462280273438,1585.8079833984375,68.1212158203125,76.1650390625
IMG_0045.mp4,489,16.3,30.0,251,2,traffic_signs,0.8481159210205078,1393.875244140625,1618.4078369140625,1474.775634765625,1732.75927734375,1434.325439453125,1675.5835571289062,80.900390625,114.3514404296875
IMG_0045.mp4,489,16.3,30.0,283,2,traffic_signs,0.81756192445755,861.234619140625,1559.87841796875,894.5183715820312,1597.4532470703125,877.8764953613281,1578.6658325195312,33.28375244140625,37.5748291015625
IMG_0045.mp4,490,16.333333333333332,30.0,229,2,traffic_signs,0.9062229990959167,2467.292724609375,1647.43994140625,2525.32861328125,1715.30078125,2496.3106689453125,1681.370361328125,58.035888671875,67.86083984375
IMG_0045.mp4,490,16.333333333333332,30.0,230,2,traffic_signs,0.9100813865661621,1194.51513671875,1352.064453125,1248.0665283203125,1488.6461181640625,1221.2908325195312,1420.3552856445312,53.5513916015625,136.5816650390625
IMG_0045.mp4,490,16.333333333333332,30.0,270,2,traffic_signs,0.6993793845176697,451.320068359375,1497.9957275390625,480.189208984375,1540.8199462890625,465.754638671875,1519.4078369140625,28.869140625,42.82421875
IMG_0045.mp4,490,16.333333333333332,30.0,222,2,traffic_signs,0.8639594912528992,1813.39697265625,1550.52294921875,1882.2862548828125,1625.80615234375,1847.8416137695312,1588.16455078125,68.8892822265625,75.283203125
IMG_0045.mp4,490,16.333333333333332,30.0,251,2,traffic_signs,0.6729433536529541,1413.37158203125,1621.677978515625,1495.623046875,1732.533447265625,1454.497314453125,1677.105712890625,82.25146484375,110.85546875
IMG_0045.mp4,491,16.366666666666667,30.0,229,2,traffic_signs,0.8872809410095215,2493.55908203125,1651.0350341796875,2551.535400390625,1719.5709228515625,2522.5472412109375,1685.302978515625,57.976318359375,68.535888671875
IMG_0045.mp4,491,16.366666666666667,30.0,230,2,traffic_signs,0.9099931716918945,1209.4100341796875,1352.217529296875,1261.778076171875,1490.342041015625,1235.5940551757812,1421.27978515625,52.3680419921875,138.12451171875
IMG_0045.mp4,491,16.366666666666667,30.0,270,2,traffic_signs,0.8440675139427185,469.9875183105469,1502.549560546875,500.7908630371094,1545.6953125,485.3891906738281,1524.1224365234375,30.8033447265625,43.145751953125
IMG_0045.mp4,491,16.366666666666667,30.0,222,2,traffic_signs,0.9107484817504883,1834.62646484375,1554.4248046875,1904.82373046875,1629.334228515625,1869.72509765625,1591.8795166015625,70.197265625,74.909423828125
IMG_0045.mp4,491,16.366666666666667,30.0,251,2,traffic_signs,0.7404026389122009,1431.8843994140625,1626.5751953125,1511.9215087890625,1736.1214599609375,1471.9029541015625,1681.3483276367188,80.037109375,109.5462646484375
IMG_0045.mp4,491,16.366666666666667,30.0,288,2,traffic_signs,0.706410825252533,908.3450927734375,1566.954833984375,939.8502197265625,1596.0045166015625,924.09765625,1581.4796752929688,31.505126953125,29.0496826171875
IMG_0045.mp4,491,16.366666666666667,30.0,291,2,traffic_signs,0.850638210773468,567.94775390625,1459.9779052734375,609.9443359375,1535.7960205078125,588.946044921875,1497.886962890625,41.99658203125,75.818115234375
IMG_0045.mp4,492,16.4,30.0,229,2,traffic_signs,0.8862637877464294,2517.954345703125,1653.36669921875,2576.38330078125,1723.0101318359375,2547.1688232421875,1688.1884155273438,58.428955078125,69.6434326171875
IMG_0045.mp4,492,16.4,30.0,230,2,traffic_signs,0.8944172859191895,1225.9190673828125,1352.5184326171875,1277.95751953125,1491.058837890625,1251.9382934570312,1421.7886352539062,52.0384521484375,138.5404052734375
IMG_0045.mp4,492,16.4,30.0,270,2,traffic_signs,0.8662417531013489,492.0584411621094,1505.2655029296875,523.8107299804688,1548.177490234375,507.93458557128906,1526.7214965820312,31.752288818359375,42.9119873046875
IMG_0045.mp4,492,16.4,30.0,222,2,traffic_signs,0.9027190804481506,1856.2763671875,1556.114501953125,1926.3587646484375,1631.0047607421875,1891.3175659179688,1593.5596313476562,70.0823974609375,74.8902587890625
IMG_0045.mp4,492,16.4,30.0,251,2,traffic_signs,0.8487924933433533,1446.5606689453125,1627.220947265625,1531.09765625,1841.71728515625,1488.8291625976562,1734.4691162109375,84.5369873046875,214.496337890625
IMG_0045.mp4,492,16.4,30.0,288,2,traffic_signs,0.6068195700645447,929.7235107421875,1569.66357421875,959.5365600585938,1600.854736328125,944.6300354003906,1585.2591552734375,29.81304931640625,31.191162109375
IMG_0045.mp4,492,16.4,30.0,291,2,traffic_signs,0.7084092497825623,585.9535522460938,1458.751708984375,629.3782348632812,1536.330078125,607.6658935546875,1497.5408935546875,43.4246826171875,77.578369140625
IMG_0045.mp4,493,16.433333333333334,30.0,229,2,traffic_signs,0.8882603049278259,2542.133544921875,1655.03173828125,2600.55224609375,1724.4683837890625,2571.3428955078125,1689.7500610351562,58.418701171875,69.4366455078125
IMG_0045.mp4,493,16.433333333333334,30.0,230,2,traffic_signs,0.9183028340339661,1242.6102294921875,1350.3597412109375,1295.2861328125,1489.1593017578125,1268.9481811523438,1419.759521484375,52.6759033203125,138.799560546875
IMG_0045.mp4,493,16.433333333333334,30.0,270,2,traffic_signs,0.857136070728302,516.4166870117188,1506.3895263671875,547.0587768554688,1548.91455078125,531.7377319335938,1527.6520385742188,30.64208984375,42.5250244140625
IMG_0045.mp4,493,16.433333333333334,30.0,222,2,traffic_signs,0.9070274233818054,1876.376953125,1555.6407470703125,1947.208984375,1631.1903076171875,1911.79296875,1593.41552734375,70.83203125,75.549560546875
IMG_0045.mp4,493,16.433333333333334,30.0,288,2,traffic_signs,0.834367036819458,953.1339721679688,1569.64453125,983.3461303710938,1605.61376953125,968.2400512695312,1587.629150390625,30.212158203125,35.96923828125
IMG_0045.mp4,493,16.433333333333334,30.0,291,2,traffic_signs,0.8321927189826965,606.3206176757812,1456.8948974609375,651.3065795898438,1537.34814453125,628.8135986328125,1497.1215209960938,44.9859619140625,80.4532470703125
IMG_0045.mp4,494,16.466666666666665,30.0,229,2,traffic_signs,0.8692692518234253,2564.99609375,1656.0673828125,2623.22705078125,1726.202392578125,2594.111572265625,1691.1348876953125,58.23095703125,70.135009765625
IMG_0045.mp4,494,16.466666666666665,30.0,230,2,traffic_signs,0.9132043123245239,1258.8699951171875,1347.337646484375,1311.846923828125,1488.828857421875,1285.3584594726562,1418.083251953125,52.9769287109375,141.4912109375
IMG_0045.mp4,494,16.466666666666665,30.0,270,2,traffic_signs,0.8418506383895874,540.2630615234375,1507.1473388671875,569.9365234375,1550.494873046875,555.0997924804688,1528.8211059570312,29.6734619140625,43.3475341796875
IMG_0045.mp4,494,16.466666666666665,30.0,222,2,traffic_signs,0.8979707956314087,1896.12109375,1556.2225341796875,1967.229248046875,1632.0557861328125,1931.6751708984375,1594.13916015625,71.108154296875,75.833251953125
IMG_0045.mp4,494,16.466666666666665,30.0,288,2,traffic_signs,0.8263564705848694,974.1360473632812,1570.4705810546875,1005.9034423828125,1609.9603271484375,990.0197448730469,1590.2154541015625,31.76739501953125,39.48974609375
IMG_0045.mp4,494,16.466666666666665,30.0,251,2,traffic_signs,0.6302516460418701,1484.4036865234375,1628.9615478515625,1561.943359375,1776.9918212890625,1523.1735229492188,1702.9766845703125,77.5396728515625,148.0302734375
IMG_0045.mp4,495,16.5,30.0,229,2,traffic_signs,0.5477277636528015,2588.32373046875,1659.2762451171875,2646.415771484375,1728.3585205078125,2617.3697509765625,1693.8173828125,58.092041015625,69.082275390625
IMG_0045.mp4,495,16.5,30.0,230,2,traffic_signs,0.9062561988830566,1273.8897705078125,1346.277587890625,1326.5540771484375,1489.544921875,1300.221923828125,1417.9112548828125,52.664306640625,143.267333984375
IMG_0045.mp4,495,16.5,30.0,270,2,traffic_signs,0.41672393679618835,561.2505493164062,1508.3916015625,591.4746704101562,1552.4786376953125,576.3626098632812,1530.4351196289062,30.22412109375,44.0870361328125
IMG_0045.mp4,495,16.5,30.0,222,2,traffic_signs,0.8816691637039185,1915.055908203125,1557.61572265625,1986.4365234375,1633.7764892578125,1950.7462158203125,1595.6961059570312,71.380615234375,76.1607666015625
IMG_0045.mp4,495,16.5,30.0,288,2,traffic_signs,0.8574941754341125,994.063720703125,1572.88037109375,1026.9273681640625,1611.8046875,1010.4955444335938,1592.342529296875,32.8636474609375,38.92431640625
IMG_0045.mp4,495,16.5,30.0,251,2,traffic_signs,0.5881916880607605,1500.45849609375,1631.3681640625,1580.642578125,1867.15087890625,1540.550537109375,1749.259521484375,80.18408203125,235.78271484375
IMG_0045.mp4,495,16.5,30.0,291,2,traffic_signs,0.5405023097991943,645.902099609375,1461.904296875,687.9609375,1537.8707275390625,666.9315185546875,1499.8875122070312,42.058837890625,75.9664306640625
IMG_0045.mp4,496,16.533333333333335,30.0,229,2,traffic_signs,0.4509470462799072,2613.312744140625,1663.14892578125,2671.130615234375,1733.0147705078125,2642.2216796875,1698.0818481445312,57.81787109375,69.8658447265625
IMG_0045.mp4,496,16.533333333333335,30.0,230,2,traffic_signs,0.9140340685844421,1286.6524658203125,1344.9097900390625,1339.7037353515625,1490.642822265625,1313.1781005859375,1417.7763061523438,53.05126953125,145.7330322265625
IMG_0045.mp4,496,16.533333333333335,30.0,270,2,traffic_signs,0.8690246343612671,578.81298828125,1511.3896484375,610.197021484375,1557.558349609375,594.5050048828125,1534.4739990234375,31.384033203125,46.168701171875
IMG_0045.mp4,496,16.533333333333335,30.0,222,2,traffic_signs,0.9034393429756165,1935.49169921875,1560.5255126953125,2006.8446044921875,1637.3460693359375,1971.1681518554688,1598.935791015625,71.3529052734375,76.820556640625
IMG_0045.mp4,496,16.533333333333335,30.0,288,2,traffic_signs,0.6505496501922607,1012.513427734375,1575.8760986328125,1045.6376953125,1617.265380859375,1029.0755615234375,1596.5707397460938,33.124267578125,41.3892822265625
IMG_0045.mp4,496,16.533333333333335,30.0,251,2,traffic_signs,0.8577486872673035,1515.3951416015625,1635.6607666015625,1595.2554931640625,1889.79931640625,1555.3253173828125,1762.7300415039062,79.8603515625,254.1385498046875
IMG_0045.mp4,496,16.533333333333335,30.0,304,2,traffic_signs,0.5783425569534302,2609.71044921875,1663.76708984375,2662.917724609375,1731.701171875,2636.3140869140625,1697.734130859375,53.207275390625,67.93408203125
IMG_0045.mp4,496,16.533333333333335,30.0,291,2,traffic_signs,0.400481641292572,660.8311767578125,1465.9517822265625,703.03076171875,1540.5174560546875,681.9309692382812,1503.234619140625,42.1995849609375,74.565673828125
IMG_0045.mp4,497,16.566666666666666,30.0,229,2,traffic_signs,0.7660428285598755,2637.661376953125,1664.5330810546875,2695.356689453125,1735.1055908203125,2666.509033203125,1699.8193359375,57.6953125,70.572509765625
IMG_0045.mp4,497,16.566666666666666,30.0,230,2,traffic_signs,0.9067012667655945,1299.2916259765625,1344.981201171875,1351.7913818359375,1490.2276611328125,1325.54150390625,1417.6044311523438,52.499755859375,145.2464599609375
IMG_0045.mp4,497,16.566666666666666,30.0,270,2,traffic_signs,0.8704238533973694,596.4658813476562,1512.8253173828125,628.9946899414062,1558.91259765625,612.7302856445312,1535.8689575195312,32.52880859375,46.0872802734375
IMG_0045.mp4,497,16.566666666666666,30.0,222,2,traffic_signs,0.8693181276321411,1954.3189697265625,1561.369140625,2026.30859375,1639.7109375,1990.3137817382812,1600.5400390625,71.9896240234375,78.341796875
IMG_0045.mp4,497,16.566666666666666,30.0,288,2,traffic_signs,0.8619698882102966,1031.0941162109375,1577.789794921875,1063.14453125,1619.8056640625,1047.1193237304688,1598.7977294921875,32.0504150390625,42.015869140625
IMG_0045.mp4,497,16.566666666666666,30.0,251,2,traffic_signs,0.7733052968978882,1528.867919921875,1635.3363037109375,1614.4300537109375,1900.8858642578125,1571.6489868164062,1768.111083984375,85.5621337890625,265.549560546875
IMG_0045.mp4,497,16.566666666666666,30.0,291,2,traffic_signs,0.7292818427085876,674.8305053710938,1461.993408203125,721.5883178710938,1541.456787109375,698.2094116210938,1501.72509765625,46.7578125,79.46337890625
IMG_0045.mp4,497,16.566666666666666,30.0,307,2,traffic_signs,0.81185382604599,725.685546875,1451.161376953125,785.5748901367188,1520.2213134765625,755.6302185058594,1485.6913452148438,59.88934326171875,69.0599365234375
IMG_0045.mp4,498,16.6,30.0,230,2,traffic_signs,0.9108386635780334,1313.4075927734375,1338.02978515625,1367.5760498046875,1490.2215576171875,1340.4918212890625,1414.1256713867188,54.16845703125,152.1917724609375
IMG_0045.mp4,498,16.6,30.0,270,2,traffic_signs,0.8857366442680359,619.197021484375,1513.2918701171875,650.4788208007812,1558.968017578125,634.8379211425781,1536.1299438476562,31.28179931640625,45.6761474609375
IMG_0045.mp4,498,16.6,30.0,222,2,traffic_signs,0.8320609331130981,1972.9117431640625,1560.509033203125,2044.3385009765625,1638.3885498046875,2008.6251220703125,1599.4487915039062,71.4267578125,77.8795166015625
IMG_0045.mp4,498,16.6,30.0,288,2,traffic_signs,0.8713086843490601,1052.662109375,1578.3607177734375,1085.08935546875,1619.6185302734375,1068.875732421875,1598.9896240234375,32.42724609375,41.2578125
IMG_0045.mp4,498,16.6,30.0,251,2,traffic_signs,0.8011451363563538,1546.43115234375,1632.0435791015625,1636.8428955078125,1904.27685546875,1591.6370239257812,1768.1602172851562,90.4117431640625,272.2332763671875
IMG_0045.mp4,498,16.6,30.0,291,2,traffic_signs,0.7449755668640137,693.4391479492188,1461.4476318359375,738.4752807617188,1541.811279296875,715.9572143554688,1501.6294555664062,45.0361328125,80.3636474609375
IMG_0045.mp4,498,16.6,30.0,307,2,traffic_signs,0.8699305653572083,744.6085815429688,1450.0953369140625,803.4100341796875,1521.1356201171875,774.0093078613281,1485.615478515625,58.80145263671875,71.040283203125
IMG_0045.mp4,498,16.6,30.0,268,2,traffic_signs,0.6132600903511047,1572.0916748046875,1509.2596435546875,1597.6556396484375,1586.3118896484375,1584.8736572265625,1547.7857666015625,25.56396484375,77.05224609375
IMG_0045.mp4,499,16.633333333333333,30.0,230,2,traffic_signs,0.8954516649246216,1326.72021484375,1338.3514404296875,1382.951904296875,1489.436279296875,1354.8360595703125,1413.8938598632812,56.231689453125,151.0848388671875
IMG_0045.mp4,499,16.633333333333333,30.0,270,2,traffic_signs,0.838602602481842,641.0810546875,1514.8013916015625,670.224365234375,1560.2149658203125,655.6527099609375,1537.5081787109375,29.143310546875,45.41357421875
IMG_0045.mp4,499,16.633333333333333,30.0,222,2,traffic_signs,0.7927194833755493,1991.688232421875,1561.3216552734375,2062.441162109375,1639.3857421875,2027.064697265625,1600.3536987304688,70.7529296875,78.0640869140625
IMG_0045.mp4,499,16.633333333333333,30.0,288,2,traffic_signs,0.8608870506286621,1072.2593994140625,1580.823486328125,1105.3905029296875,1622.09228515625,1088.824951171875,1601.4578857421875,33.131103515625,41.268798828125
IMG_0045.mp4,499,16.633333333333333,30.0,251,2,traffic_signs,0.5842934250831604,1568.0745849609375,1633.24755859375,1654.97705078125,1808.3116455078125,1611.5258178710938,1720.7796020507812,86.9024658203125,175.0640869140625
IMG_0045.mp4,499,16.633333333333333,30.0,291,2,traffic_signs,0.6581873297691345,711.8391723632812,1465.23779296875,755.05224609375,1543.427001953125,733.4457092285156,1504.3323974609375,43.21307373046875,78.189208984375
IMG_0045.mp4,499,16.633333333333333,30.0,307,2,traffic_signs,0.8167908787727356,762.9796752929688,1451.2396240234375,821.8603515625,1519.407958984375,792.4200134277344,1485.3237915039062,58.88067626953125,68.1683349609375
IMG_0045.mp4,499,16.633333333333333,30.0,268,2,traffic_signs,0.5602542757987976,1590.15234375,1509.1141357421875,1616.4423828125,1585.6922607421875,1603.29736328125,1547.4031982421875,26.2900390625,76.578125
IMG_0045.mp4,499,16.633333333333333,30.0,229,2,traffic_signs,0.7738556861877441,2678.96875,1664.9808349609375,2736.371826171875,1735.8812255859375,2707.6702880859375,1700.4310302734375,57.403076171875,70.900390625
IMG_0045.mp4,500,16.666666666666668,30.0,230,2,traffic_signs,0.9021048545837402,1338.4093017578125,1339.3623046875,1394.8265380859375,1488.10791015625,1366.617919921875,1413.735107421875,56.417236328125,148.74560546875
IMG_0045.mp4,500,16.666666666666668,30.0,270,2,traffic_signs,0.8810033202171326,656.1998901367188,1517.5941162109375,687.1812133789062,1563.207275390625,671.6905517578125,1540.4006958007812,30.9813232421875,45.6131591796875
IMG_0045.mp4,500,16.666666666666668,30.0,222,2,traffic_signs,0.9103489518165588,2009.070068359375,1563.7978515625,2081.18017578125,1642.5081787109375,2045.1251220703125,1603.1530151367188,72.110107421875,78.7103271484375
IMG_0045.mp4,500,16.666666666666668,30.0,288,2,traffic_signs,0.8483318090438843,1088.9940185546875,1584.5240478515625,1123.1480712890625,1625.1539306640625,1106.071044921875,1604.8389892578125,34.154052734375,40.6298828125
IMG_0045.mp4,500,16.666666666666668,30.0,291,2,traffic_signs,0.8484437465667725,723.19580078125,1463.8643798828125,771.4973754882812,1546.00537109375,747.3465881347656,1504.9348754882812,48.30157470703125,82.1409912109375
IMG_0045.mp4,500,16.666666666666668,30.0,307,2,traffic_signs,0.7909376621246338,776.975830078125,1454.8056640625,837.1244506835938,1523.2469482421875,807.0501403808594,1489.0263061523438,60.14862060546875,68.4412841796875
IMG_0045.mp4,500,16.666666666666668,30.0,229,2,traffic_signs,0.8022124171257019,2702.60986328125,1668.7080078125,2760.378662109375,1738.7421875,2731.4942626953125,1703.72509765625,57.768798828125,70.0341796875
IMG_0045.mp4,501,16.7,30.0,230,2,traffic_signs,0.9031112194061279,1349.4512939453125,1337.8502197265625,1405.1654052734375,1487.2259521484375,1377.308349609375,1412.5380859375,55.714111328125,149.375732421875
IMG_0045.mp4,501,16.7,30.0,270,2,traffic_signs,0.8382297158241272,672.1050415039062,1517.5206298828125,703.3967895507812,1563.7962646484375,687.7509155273438,1540.658447265625,31.291748046875,46.275634765625
IMG_0045.mp4,501,16.7,30.0,222,2,traffic_signs,0.9185869097709656,2025.3265380859375,1563.72021484375,2099.0791015625,1643.0975341796875,2062.2028198242188,1603.4088745117188,73.7525634765625,79.3773193359375
IMG_0045.mp4,501,16.7,30.0,288,2,traffic_signs,0.8408381342887878,1105.7193603515625,1584.1929931640625,1138.504150390625,1626.7962646484375,1122.1117553710938,1605.49462890625,32.7847900390625,42.603271484375
IMG_0045.mp4,501,16.7,30.0,291,2,traffic_signs,0.8566315174102783,735.1033935546875,1467.686767578125,781.279541015625,1546.0809326171875,758.1914672851562,1506.8838500976562,46.1761474609375,78.3941650390625
IMG_0045.mp4,501,16.7,30.0,307,2,traffic_signs,0.8257007598876953,790.0316772460938,1455.2757568359375,850.578369140625,1524.931884765625,820.3050231933594,1490.1038208007812,60.54669189453125,69.6561279296875
IMG_0045.mp4,501,16.7,30.0,229,2,traffic_signs,0.6109871864318848,2729.318115234375,1670.5291748046875,2784.861328125,1740.1141357421875,2757.0897216796875,1705.3216552734375,55.543212890625,69.5849609375
IMG_0045.mp4,501,16.7,30.0,314,2,traffic_signs,0.8087049126625061,1632.47412109375,1368.0028076171875,1766.052490234375,1544.519287109375,1699.2633056640625,1456.2610473632812,133.578369140625,176.5164794921875
IMG_0045.mp4,501,16.7,30.0,251,2,traffic_signs,0.8223403096199036,1598.31982421875,1635.7130126953125,1684.1494140625,1758.2147216796875,1641.234619140625,1696.9638671875,85.82958984375,122.501708984375
IMG_0045.mp4,501,16.7,30.0,268,2,traffic_signs,0.2756724953651428,1619.98046875,1516.14453125,1646.351806640625,1588.5501708984375,1633.1661376953125,1552.3473510742188,26.371337890625,72.4056396484375
IMG_0045.mp4,502,16.733333333333334,30.0,230,2,traffic_signs,0.8915581107139587,1361.2310791015625,1336.0123291015625,1417.035400390625,1483.94580078125,1389.1332397460938,1409.9790649414062,55.8043212890625,147.9334716796875
IMG_0045.mp4,502,16.733333333333334,30.0,270,2,traffic_signs,0.8586428761482239,691.9149169921875,1519.560546875,722.3355712890625,1564.77294921875,707.125244140625,1542.166748046875,30.420654296875,45.21240234375
IMG_0045.mp4,502,16.733333333333334,30.0,222,2,traffic_signs,0.8997483253479004,2042.323974609375,1564.093505859375,2115.34423828125,1642.540771484375,2078.8341064453125,1603.317138671875,73.020263671875,78.447265625
IMG_0045.mp4,502,16.733333333333334,30.0,288,2,traffic_signs,0.7533424496650696,1124.276611328125,1579.9715576171875,1157.0869140625,1628.8614501953125,1140.6817626953125,1604.41650390625,32.810302734375,48.889892578125
IMG_0045.mp4,502,16.733333333333334,30.0,291,2,traffic_signs,0.739302933216095,750.9093627929688,1463.4754638671875,799.0278930664062,1545.2369384765625,774.9686279296875,1504.356201171875,48.1185302734375,81.761474609375
IMG_0045.mp4,502,16.733333333333334,30.0,307,2,traffic_signs,0.8514155149459839,807.6580200195312,1455.1922607421875,867.045166015625,1524.0517578125,837.3515930175781,1489.6220092773438,59.38714599609375,68.8594970703125
IMG_0045.mp4,502,16.733333333333334,30.0,229,2,traffic_signs,0.867974579334259,2744.40625,1669.1053466796875,2804.283203125,1739.41650390625,2774.3447265625,1704.2609252929688,59.876953125,70.3111572265625
IMG_0045.mp4,502,16.733333333333334,30.0,251,2,traffic_signs,0.869931161403656,1611.927978515625,1634.298583984375,1699.8153076171875,1749.8048095703125,1655.8716430664062,1692.0516967773438,87.8873291015625,115.5062255859375
IMG_0045.mp4,503,16.766666666666666,30.0,230,2,traffic_signs,0.9032171964645386,1374.76123046875,1335.83251953125,1430.65576171875,1482.996826171875,1402.70849609375,1409.4146728515625,55.89453125,147.164306640625
IMG_0045.mp4,503,16.766666666666666,30.0,270,2,traffic_signs,0.8689448833465576,712.0233764648438,1521.662109375,742.5032348632812,1566.09814453125,727.2633056640625,1543.880126953125,30.4798583984375,44.43603515625
IMG_0045.mp4,503,16.766666666666666,30.0,222,2,traffic_signs,0.9195083975791931,2058.43212890625,1564.436279296875,2131.581787109375,1642.808349609375,2095.0069580078125,1603.622314453125,73.149658203125,78.3720703125
IMG_0045.mp4,503,16.766666666666666,30.0,288,2,traffic_signs,0.7698096036911011,1144.4041748046875,1584.5577392578125,1176.008544921875,1629.2938232421875,1160.2063598632812,1606.92578125,31.6043701171875,44.736083984375
IMG_0045.mp4,503,16.766666666666666,30.0,291,2,traffic_signs,0.874408483505249,768.4110717773438,1466.168212890625,815.7603759765625,1547.2000732421875,792.0857238769531,1506.6841430664062,47.34930419921875,81.0318603515625
IMG_0045.mp4,503,16.766666666666666,30.0,307,2,traffic_signs,0.8799380660057068,825.5298461914062,1455.4412841796875,885.3422241210938,1524.9317626953125,855.43603515625,1490.1865234375,59.8123779296875,69.490478515625
IMG_0045.mp4,503,16.766666666666666,30.0,229,2,traffic_signs,0.8741300106048584,2763.176513671875,1669.603515625,2822.174072265625,1738.564453125,2792.67529296875,1704.083984375,58.99755859375,68.9609375
IMG_0045.mp4,503,16.766666666666666,30.0,251,2,traffic_signs,0.821314811706543,1628.17626953125,1634.0511474609375,1712.3751220703125,1748.40185546875,1670.2756958007812,1691.2265014648438,84.1988525390625,114.3507080078125
IMG_0045.mp4,504,16.8,30.0,230,2,traffic_signs,0.9293672442436218,1382.5291748046875,1333.5765380859375,1439.36279296875,1480.8543701171875,1410.9459838867188,1407.2154541015625,56.8336181640625,147.27783203125
IMG_0045.mp4,504,16.8,30.0,270,2,traffic_signs,0.8508182764053345,725.7465209960938,1523.00439453125,756.4947509765625,1568.023681640625,741.1206359863281,1545.5140380859375,30.74822998046875,45.019287109375
IMG_0045.mp4,504,16.8,30.0,222,2,traffic_signs,0.8829077482223511,2073.0322265625,1565.7958984375,2147.65087890625,1643.9639892578125,2110.341552734375,1604.8799438476562,74.61865234375,78.1680908203125
IMG_0045.mp4,504,16.8,30.0,288,2,traffic_signs,0.7909450531005859,1161.59326171875,1587.5079345703125,1192.0113525390625,1629.0457763671875,1176.8023071289062,1608.27685546875,30.4180908203125,41.537841796875
IMG_0045.mp4,504,16.8,30.0,291,2,traffic_signs,0.8760085701942444,777.2781982421875,1465.034912109375,823.5411987304688,1547.9012451171875,800.4096984863281,1506.4680786132812,46.26300048828125,82.8663330078125
IMG_0045.mp4,504,16.8,30.0,307,2,traffic_signs,0.2642744481563568,836.8585815429688,1456.5400390625,889.5668334960938,1524.9371337890625,863.2127075195312,1490.7385864257812,52.708251953125,68.3970947265625
IMG_0045.mp4,504,16.8,30.0,229,2,traffic_signs,0.7954822182655334,2782.0947265625,1671.3958740234375,2841.262939453125,1739.5447998046875,2811.6788330078125,1705.4703369140625,59.168212890625,68.14892578125
IMG_0045.mp4,504,16.8,30.0,251,2,traffic_signs,0.7783401608467102,1636.514892578125,1635.8489990234375,1725.7281494140625,1747.9970703125,1681.1215209960938,1691.9230346679688,89.2132568359375,112.1480712890625
IMG_0045.mp4,504,16.8,30.0,269,2,traffic_signs,0.7662373185157776,362.23297119140625,1490.8115234375,388.63934326171875,1542.0906982421875,375.4361572265625,1516.4511108398438,26.4063720703125,51.2791748046875
IMG_0045.mp4,505,16.833333333333332,30.0,230,2,traffic_signs,0.7341217398643494,1390.2171630859375,1332.4632568359375,1447.5478515625,1479.614501953125,1418.8825073242188,1406.0388793945312,57.3306884765625,147.1512451171875
IMG_0045.mp4,505,16.833333333333332,30.0,270,2,traffic_signs,0.8739166259765625,738.0499267578125,1526.7490234375,769.0687866210938,1571.621337890625,753.5593566894531,1549.1851806640625,31.01885986328125,44.872314453125
IMG_0045.mp4,505,16.833333333333332,30.0,222,2,traffic_signs,0.8896600604057312,2088.99951171875,1567.4219970703125,2163.78955078125,1646.834716796875,2126.39453125,1607.1283569335938,74.7900390625,79.4127197265625
IMG_0045.mp4,505,16.833333333333332,30.0,288,2,traffic_signs,0.7238809466362,1176.317626953125,1589.5181884765625,1205.7572021484375,1632.0699462890625,1191.0374145507812,1610.7940673828125,29.4395751953125,42.5517578125
IMG_0045.mp4,505,16.833333333333332,30.0,291,2,traffic_signs,0.8856314420700073,787.1773071289062,1469.968505859375,833.7551879882812,1549.8804931640625,810.4662475585938,1509.9244995117188,46.577880859375,79.9119873046875
IMG_0045.mp4,505,16.833333333333332,30.0,229,2,traffic_signs,0.5442725419998169,2803.266845703125,1674.1314697265625,2859.97216796875,1742.9423828125,2831.6195068359375,1708.5369262695312,56.705322265625,68.8109130859375
IMG_0045.mp4,505,16.833333333333332,30.0,251,2,traffic_signs,0.3800239562988281,1650.14453125,1637.255126953125,1727.3900146484375,1747.419921875,1688.7672729492188,1692.3375244140625,77.2454833984375,110.164794921875
IMG_0045.mp4,505,16.833333333333332,30.0,323,2,traffic_signs,0.7680490612983704,800.3748168945312,1392.8487548828125,842.7863159179688,1470.630615234375,821.58056640625,1431.7396850585938,42.4114990234375,77.7818603515625
IMG_0045.mp4,505,16.833333333333332,30.0,269,2,traffic_signs,0.7733925580978394,372.7383728027344,1492.64892578125,398.01019287109375,1544.242431640625,385.37428283691406,1518.4456787109375,25.271820068359375,51.593505859375
IMG_0045.mp4,506,16.866666666666667,30.0,230,2,traffic_signs,0.9261926412582397,1400.2127685546875,1330.958984375,1457.401611328125,1480.14892578125,1428.8071899414062,1405.553955078125,57.1888427734375,149.18994140625
IMG_0045.mp4,506,16.866666666666667,30.0,270,2,traffic_signs,0.8758569359779358,755.7049560546875,1527.6768798828125,787.0094604492188,1574.1851806640625,771.3572082519531,1550.9310302734375,31.30450439453125,46.50830078125
IMG_0045.mp4,506,16.866666666666667,30.0,222,2,traffic_signs,0.8916594386100769,2103.938720703125,1568.260009765625,2178.989990234375,1648.5147705078125,2141.46435546875,1608.3873901367188,75.05126953125,80.2547607421875
IMG_0045.mp4,506,16.866666666666667,30.0,288,2,traffic_signs,0.8574771285057068,1191.66064453125,1592.5552978515625,1223.0003662109375,1632.74609375,1207.3305053710938,1612.6506958007812,31.3397216796875,40.1907958984375
IMG_0045.mp4,506,16.866666666666667,30.0,291,2,traffic_signs,0.8978233933448792,800.3916625976562,1468.0009765625,847.2647094726562,1550.0953369140625,823.8281860351562,1509.0481567382812,46.873046875,82.0943603515625
IMG_0045.mp4,506,16.866666666666667,30.0,229,2,traffic_signs,0.5539414882659912,2820.119873046875,1675.5181884765625,2878.952392578125,1745.85791015625,2849.5361328125,1710.6880493164062,58.83251953125,70.3397216796875
IMG_0045.mp4,506,16.866666666666667,30.0,251,2,traffic_signs,0.7902913689613342,1661.9906005859375,1639.0494384765625,1747.7369384765625,1751.3824462890625,1704.86376953125,1695.2159423828125,85.746337890625,112.3330078125
IMG_0045.mp4,506,16.866666666666667,30.0,323,2,traffic_signs,0.8768435716629028,813.1226806640625,1394.5284423828125,855.8919677734375,1470.1422119140625,834.50732421875,1432.3353271484375,42.769287109375,75.61376953125
IMG_0045.mp4,506,16.866666666666667,30.0,269,2,traffic_signs,0.757122278213501,388.09881591796875,1494.60546875,412.5833435058594,1546.134521484375,400.34107971191406,1520.3699951171875,24.484527587890625,51.529052734375
IMG_0045.mp4,507,16.9,30.0,230,2,traffic_signs,0.9031626582145691,1408.5191650390625,1329.81689453125,1465.361083984375,1480.050537109375,1436.9401245117188,1404.9337158203125,56.8419189453125,150.233642578125
IMG_0045.mp4,507,16.9,30.0,222,2,traffic_signs,0.9081190228462219,2119.03515625,1569.5426025390625,2195.054931640625,1650.60498046875,2157.0450439453125,1610.0737915039062,76.019775390625,81.0623779296875
IMG_0045.mp4,507,16.9,30.0,288,2,traffic_signs,0.8580271601676941,1206.0804443359375,1593.77294921875,1237.730224609375,1634.320068359375,1221.9053344726562,1614.0465087890625,31.6497802734375,40.547119140625
IMG_0045.mp4,507,16.9,30.0,291,2,traffic_signs,0.8432087898254395,811.9127197265625,1472.03515625,857.2752075195312,1551.7371826171875,834.5939636230469,1511.8861694335938,45.36248779296875,79.7020263671875
IMG_0045.mp4,507,16.9,30.0,229,2,traffic_signs,0.8539403676986694,2838.84814453125,1676.075439453125,2899.87939453125,1748.9989013671875,2869.36376953125,1712.5371704101562,61.03125,72.9234619140625
IMG_0045.mp4,507,16.9,30.0,251,2,traffic_signs,0.4644010365009308,1679.12353515625,1641.987548828125,1758.409423828125,1752.6844482421875,1718.7664794921875,1697.3359985351562,79.285888671875,110.6968994140625
IMG_0045.mp4,507,16.9,30.0,323,2,traffic_signs,0.8533210158348083,821.7328491210938,1395.8790283203125,865.141357421875,1475.0906982421875,843.4371032714844,1435.48486328125,43.40850830078125,79.211669921875
IMG_0045.mp4,507,16.9,30.0,269,2,traffic_signs,0.8658170700073242,401.55828857421875,1495.49853515625,425.77215576171875,1548.48828125,413.66522216796875,1521.993408203125,24.2138671875,52.98974609375
IMG_0045.mp4,507,16.9,30.0,327,2,traffic_signs,0.4736170172691345,1439.846923828125,1640.8878173828125,1452.4779052734375,1674.13330078125,1446.1624145507812,1657.5105590820312,12.6309814453125,33.2454833984375
IMG_0045.mp4,508,16.933333333333334,30.0,230,2,traffic_signs,0.8327616453170776,1413.9176025390625,1326.4375,1472.0399169921875,1479.390625,1442.978759765625,1402.9140625,58.122314453125,152.953125
IMG_0045.mp4,508,16.933333333333334,30.0,222,2,traffic_signs,0.8998520374298096,2132.458740234375,1570.321533203125,2207.266845703125,1651.20263671875,2169.86279296875,1610.7620849609375,74.80810546875,80.881103515625
IMG_0045.mp4,508,16.933333333333334,30.0,288,2,traffic_signs,0.8404428362846375,1219.6875,1595.332275390625,1250.5750732421875,1635.400146484375,1235.1312866210938,1615.3662109375,30.8875732421875,40.06787109375
IMG_0045.mp4,508,16.933333333333334,30.0,291,2,traffic_signs,0.8837853074073792,822.0447998046875,1470.5830078125,866.9386596679688,1552.613037109375,844.4917297363281,1511.5980224609375,44.89385986328125,82.030029296875
IMG_0045.mp4,508,16.933333333333334,30.0,229,2,traffic_signs,0.8718641996383667,2855.989013671875,1677.402099609375,2917.645751953125,1750.8680419921875,2886.8173828125,1714.1350708007812,61.65673828125,73.4659423828125
IMG_0045.mp4,508,16.933333333333334,30.0,251,2,traffic_signs,0.6746852397918701,1694.5706787109375,1641.184814453125,1771.9163818359375,1755.8643798828125,1733.2435302734375,1698.5245971679688,77.345703125,114.6795654296875
IMG_0045.mp4,508,16.933333333333334,30.0,323,2,traffic_signs,0.7815350294113159,830.9542846679688,1396.6202392578125,873.876953125,1474.2703857421875,852.4156188964844,1435.4453125,42.92266845703125,77.650146484375
IMG_0045.mp4,508,16.933333333333334,30.0,327,2,traffic_signs,0.34244805574417114,1454.285888671875,1642.4007568359375,1468.3729248046875,1675.1458740234375,1461.3294067382812,1658.7733154296875,14.0870361328125,32.7451171875
IMG_0045.mp4,508,16.933333333333334,30.0,330,2,traffic_signs,0.6834027767181396,1677.2119140625,1339.7572021484375,1802.1590576171875,1534.031494140625,1739.6854858398438,1436.8943481445312,124.9471435546875,194.2742919921875
IMG_0045.mp4,509,16.966666666666665,30.0,230,2,traffic_signs,0.9016678929328918,1416.3721923828125,1322.0811767578125,1474.3245849609375,1478.98193359375,1445.348388671875,1400.5315551757812,57.952392578125,156.9007568359375
IMG_0045.mp4,509,16.966666666666665,30.0,222,2,traffic_signs,0.9042264223098755,2143.622314453125,1570.4925537109375,2219.31201171875,1651.54931640625,2181.4671630859375,1611.0209350585938,75.689697265625,81.0567626953125
IMG_0045.mp4,509,16.966666666666665,30.0,288,2,traffic_signs,0.8306704759597778,1227.808837890625,1595.492431640625,1260.022216796875,1635.5889892578125,1243.91552734375,1615.5407104492188,32.21337890625,40.0965576171875
IMG_0045.mp4,509,16.966666666666665,30.0,229,2,traffic_signs,0.6579957008361816,2876.01953125,1678.9693603515625,2936.048095703125,1752.8150634765625,2906.0338134765625,1715.8922119140625,60.028564453125,73.845703125
IMG_0045.mp4,509,16.966666666666665,30.0,251,2,traffic_signs,0.5720794200897217,1698.7855224609375,1640.3033447265625,1781.3487548828125,1758.581298828125,1740.067138671875,1699.4423217773438,82.563232421875,118.2779541015625
IMG_0045.mp4,509,16.966666666666665,30.0,323,2,traffic_signs,0.651511013507843,838.1317749023438,1396.2537841796875,871.1419677734375,1468.68798828125,854.6368713378906,1432.4708862304688,33.01019287109375,72.4342041015625
IMG_0045.mp4,509,16.966666666666665,30.0,269,2,traffic_signs,0.8376172780990601,424.1045837402344,1499.0211181640625,448.4341125488281,1550.881103515625,436.26934814453125,1524.9511108398438,24.32952880859375,51.8599853515625
IMG_0045.mp4,510,17.0,30.0,230,2,traffic_signs,0.9046834111213684,1420.8712158203125,1320.2020263671875,1481.6236572265625,1481.146484375,1451.2474365234375,1400.6742553710938,60.75244140625,160.9444580078125
IMG_0045.mp4,510,17.0,30.0,222,2,traffic_signs,0.8943374752998352,2157.6669921875,1571.25390625,2233.506103515625,1652.9200439453125,2195.5865478515625,1612.0869750976562,75.839111328125,81.6661376953125
IMG_0045.mp4,510,17.0,30.0,288,2,traffic_signs,0.7794245481491089,1242.948486328125,1598.27099609375,1276.0072021484375,1636.546630859375,1259.4778442382812,1617.4088134765625,33.0587158203125,38.275634765625
IMG_0045.mp4,510,17.0,30.0,229,2,traffic_signs,0.8187631368637085,2889.87890625,1680.02978515625,2949.697021484375,1753.1290283203125,2919.7879638671875,1716.5794067382812,59.818115234375,73.0992431640625
IMG_0045.mp4,510,17.0,30.0,332,2,traffic_signs,0.3873642683029175,1481.524658203125,1641.5615234375,1495.771728515625,1674.45703125,1488.648193359375,1658.00927734375,14.2470703125,32.8955078125
IMG_0045.mp4,511,17.033333333333335,30.0,230,2,traffic_signs,0.8821408152580261,1423.68115234375,1314.09814453125,1488.26123046875,1482.8597412109375,1455.97119140625,1398.4789428710938,64.580078125,168.7615966796875
IMG_0045.mp4,511,17.033333333333335,30.0,222,2,traffic_signs,0.8931782841682434,2169.843017578125,1572.2039794921875,2246.94921875,1653.2672119140625,2208.3961181640625,1612.735595703125,77.106201171875,81.063232421875
IMG_0045.mp4,511,17.033333333333335,30.0,288,2,traffic_signs,0.7308869957923889,1255.9000244140625,1599.04296875,1288.9930419921875,1637.0234375,1272.446533203125,1618.033203125,33.093017578125,37.98046875
IMG_0045.mp4,511,17.033333333333335,30.0,229,2,traffic_signs,0.8531803488731384,2904.402099609375,1681.4676513671875,2967.448486328125,1754.775146484375,2935.92529296875,1718.1213989257812,63.04638671875,73.3074951171875
IMG_0045.mp4,511,17.033333333333335,30.0,332,2,traffic_signs,0.5861449241638184,1495.7529296875,1645.880126953125,1510.16162109375,1674.9503173828125,1502.957275390625,1660.4152221679688,14.40869140625,29.0701904296875
IMG_0045.mp4,511,17.033333333333335,30.0,251,2,traffic_signs,0.6739576458930969,1713.05224609375,1638.90478515625,1801.584716796875,1761.8934326171875,1757.3184814453125,1700.3991088867188,88.532470703125,122.9886474609375
IMG_0045.mp4,511,17.033333333333335,30.0,269,2,traffic_signs,0.7372117638587952,450.12298583984375,1500.779296875,476.6820373535156,1552.9329833984375,463.4025115966797,1526.8561401367188,26.559051513671875,52.1536865234375
IMG_0045.mp4,512,17.066666666666666,30.0,230,2,traffic_signs,0.8646847605705261,1426.2998046875,1308.797119140625,1493.1256103515625,1482.1317138671875,1459.7127075195312,1395.4644165039062,66.8258056640625,173.3345947265625
IMG_0045.mp4,512,17.066666666666666,30.0,222,2,traffic_signs,0.9049811959266663,2180.83251953125,1572.295166015625,2258.572509765625,1653.8975830078125,2219.7025146484375,1613.0963745117188,77.739990234375,81.6024169921875
IMG_0045.mp4,512,17.066666666666666,30.0,288,2,traffic_signs,0.7998172640800476,1268.4913330078125,1600.088134765625,1301.321044921875,1638.3934326171875,1284.9061889648438,1619.2407836914062,32.8297119140625,38.3052978515625
IMG_0045.mp4,512,17.066666666666666,30.0,229,2,traffic_signs,0.808003306388855,2922.350830078125,1683.568115234375,2985.16748046875,1757.0928955078125,2953.7591552734375,1720.3305053710938,62.816650390625,73.5247802734375
IMG_0045.mp4,512,17.066666666666666,30.0,332,2,traffic_signs,0.2921966314315796,1509.2232666015625,1649.726318359375,1522.9918212890625,1677.3016357421875,1516.1075439453125,1663.5139770507812,13.7685546875,27.5753173828125
IMG_0045.mp4,512,17.066666666666666,30.0,334,2,traffic_signs,0.7511794567108154,933.4966430664062,1463.9248046875,981.4625854492188,1531.592041015625,957.4796142578125,1497.7584228515625,47.9659423828125,67.667236328125
IMG_0045.mp4,512,17.066666666666666,30.0,251,2,traffic_signs,0.6015423536300659,1719.5865478515625,1637.2589111328125,1810.495849609375,1761.16455078125,1765.0411987304688,1699.2117309570312,90.9093017578125,123.9056396484375
IMG_0045.mp4,512,17.066666666666666,30.0,269,2,traffic_signs,0.4729432761669159,462.5902404785156,1500.97509765625,488.3733825683594,1552.743408203125,475.4818115234375,1526.8592529296875,25.78314208984375,51.768310546875
IMG_0045.mp4,513,17.1,30.0,230,2,traffic_signs,0.8612350821495056,1424.4429931640625,1307.1097412109375,1493.709716796875,1480.02734375,1459.0763549804688,1393.5685424804688,69.2667236328125,172.9176025390625
IMG_0045.mp4,513,17.1,30.0,222,2,traffic_signs,0.9037495851516724,2190.220703125,1573.7301025390625,2269.075927734375,1654.7572021484375,2229.6483154296875,1614.24365234375,78.855224609375,81.027099609375
IMG_0045.mp4,513,17.1,30.0,288,2,traffic_signs,0.8322852253913879,1274.9718017578125,1601.5826416015625,1309.2347412109375,1639.2122802734375,1292.103271484375,1620.3974609375,34.262939453125,37.629638671875
IMG_0045.mp4,513,17.1,30.0,229,2,traffic_signs,0.8352285623550415,2936.156005859375,1683.1829833984375,3001.3564453125,1758.6136474609375,2968.7562255859375,1720.8983154296875,65.200439453125,75.4306640625
IMG_0045.mp4,513,17.1,30.0,334,2,traffic_signs,0.4975290298461914,929.4124755859375,1464.0902099609375,988.1990356445312,1531.865478515625,958.8057556152344,1497.9778442382812,58.78656005859375,67.7752685546875
IMG_0045.mp4,513,17.1,30.0,251,2,traffic_signs,0.4880584478378296,1736.2918701171875,1636.34619140625,1815.51171875,1763.441162109375,1775.9017944335938,1699.8936767578125,79.2198486328125,127.094970703125
IMG_0045.mp4,513,17.1,30.0,269,2,traffic_signs,0.8305318355560303,466.38214111328125,1500.762939453125,493.47686767578125,1554.28125,479.92950439453125,1527.5220947265625,27.0947265625,53.518310546875
IMG_0045.mp4,514,17.133333333333333,30.0,230,2,traffic_signs,0.8938868641853333,1429.495361328125,1309.8128662109375,1499.279052734375,1476.1177978515625,1464.38720703125,1392.96533203125,69.78369140625,166.304931640625
IMG_0045.mp4,514,17.133333333333333,30.0,222,2,traffic_signs,0.8943162560462952,2202.68017578125,1573.7061767578125,2281.69140625,1656.6142578125,2242.185791015625,1615.1602172851562,79.01123046875,82.9080810546875
IMG_0045.mp4,514,17.133333333333333,30.0,288,2,traffic_signs,0.3619058132171631,1290.22119140625,1603.87548828125,1322.088623046875,1640.907470703125,1306.1549072265625,1622.3914794921875,31.867431640625,37.031982421875
IMG_0045.mp4,514,17.133333333333333,30.0,229,2,traffic_signs,0.7891221046447754,2953.00244140625,1684.7774658203125,3017.895263671875,1760.722900390625,2985.4488525390625,1722.7501831054688,64.892822265625,75.9454345703125
IMG_0045.mp4,514,17.133333333333333,30.0,334,2,traffic_signs,0.8570762276649475,936.9859619140625,1465.372314453125,999.8283081054688,1534.750244140625,968.4071350097656,1500.061279296875,62.84234619140625,69.3779296875
IMG_0045.mp4,514,17.133333333333333,30.0,251,2,traffic_signs,0.478822261095047,1748.6417236328125,1638.5057373046875,1825.1678466796875,1765.9503173828125,1786.90478515625,1702.22802734375,76.526123046875,127.444580078125
IMG_0045.mp4,514,17.133333333333333,30.0,269,2,traffic_signs,0.7746754288673401,480.3282165527344,1504.48095703125,506.4617004394531,1556.8494873046875,493.39495849609375,1530.6652221679688,26.13348388671875,52.3685302734375
IMG_0045.mp4,514,17.133333333333333,30.0,335,2,traffic_signs,0.48287585377693176,1535.08642578125,1655.4539794921875,1548.1229248046875,1681.88671875,1541.6046752929688,1668.6703491210938,13.0364990234375,26.4327392578125
IMG_0045.mp4,515,17.166666666666668,30.0,230,2,traffic_signs,0.8840523958206177,1428.8857421875,1307.5364990234375,1498.271240234375,1470.5823974609375,1463.5784912109375,1389.0594482421875,69.385498046875,163.0458984375
IMG_0045.mp4,515,17.166666666666668,30.0,222,2,traffic_signs,0.8967453241348267,2211.40380859375,1574.0040283203125,2291.417724609375,1657.096435546875,2251.4107666015625,1615.5502319335938,80.013916015625,83.0924072265625
IMG_0045.mp4,515,17.166666666666668,30.0,288,2,traffic_signs,0.6985554099082947,1296.7843017578125,1604.185791015625,1328.173828125,1642.5184326171875,1312.4790649414062,1623.3521118164062,31.3895263671875,38.3326416015625
IMG_0045.mp4,515,17.166666666666668,30.0,229,2,traffic_signs,0.8629189729690552,2967.845947265625,1686.2432861328125,3033.50537109375,1762.640869140625,3000.6756591796875,1724.4420776367188,65.659423828125,76.3975830078125
IMG_0045.mp4,515,17.166666666666668,30.0,334,2,traffic_signs,0.8539500832557678,938.4982299804688,1463.82373046875,1001.882568359375,1535.15478515625,970.1903991699219,1499.4892578125,63.38433837890625,71.3310546875
IMG_0045.mp4,515,17.166666666666668,30.0,251,2,traffic_signs,0.6895126104354858,1748.1038818359375,1639.2515869140625,1831.346923828125,1768.7154541015625,1789.7254028320312,1703.9835205078125,83.2430419921875,129.4638671875
IMG_0045.mp4,515,17.166666666666668,30.0,337,2,traffic_signs,0.3580634295940399,2738.078857421875,1745.967529296875,2768.081787109375,1797.648681640625,2753.080322265625,1771.80810546875,30.0029296875,51.68115234375
IMG_0045.mp4,516,17.2,30.0,230,2,traffic_signs,0.874035656452179,1431.418701171875,1305.321533203125,1500.896728515625,1467.791015625,1466.15771484375,1386.5562744140625,69.47802734375,162.469482421875
IMG_0045.mp4,516,17.2,30.0,222,2,traffic_signs,0.9051019549369812,2221.743408203125,1573.2901611328125,2301.592529296875,1658.3504638671875,2261.66796875,1615.8203125,79.84912109375,85.060302734375
IMG_0045.mp4,516,17.2,30.0,288,2,traffic_signs,0.5794591903686523,1307.0506591796875,1604.850341796875,1338.348876953125,1644.552001953125,1322.6997680664062,1624.701171875,31.2982177734375,39.70166015625
IMG_0045.mp4,516,17.2,30.0,229,2,traffic_signs,0.8568432927131653,2981.235107421875,1686.74853515625,3049.37890625,1763.6934814453125,3015.3070068359375,1725.2210083007812,68.143798828125,76.9449462890625
IMG_0045.mp4,516,17.2,30.0,334,2,traffic_signs,0.566569447517395,943.7857055664062,1463.4583740234375,1010.8106689453125,1534.8214111328125,977.2981872558594,1499.139892578125,67.02496337890625,71.363037109375
IMG_0045.mp4,516,17.2,30.0,251,2,traffic_signs,0.7535145282745361,1750.2532958984375,1639.9300537109375,1839.12841796875,1769.853271484375,1794.6908569335938,1704.8916625976562,88.8751220703125,129.9232177734375
IMG_0045.mp4,516,17.2,30.0,337,2,traffic_signs,0.5007460117340088,2751.589111328125,1747.390869140625,2782.177734375,1802.807861328125,2766.8834228515625,1775.099365234375,30.588623046875,55.4169921875
IMG_0045.mp4,516,17.2,30.0,339,2,traffic_signs,0.8506898283958435,1785.240966796875,1514.548095703125,1815.881103515625,1594.9837646484375,1800.56103515625,1554.7659301757812,30.64013671875,80.4356689453125
IMG_0045.mp4,516,17.2,30.0,291,2,traffic_signs,0.7306670546531677,889.2685546875,1472.4833984375,925.0629272460938,1556.0543212890625,907.1657409667969,1514.2688598632812,35.79437255859375,83.5709228515625
IMG_0045.mp4,516,17.2,30.0,330,2,traffic_signs,0.5507197976112366,1710.8829345703125,1318.56689453125,1865.6104736328125,1527.4422607421875,1788.2467041015625,1423.0045776367188,154.7275390625,208.8753662109375
IMG_0045.mp4,517,17.233333333333334,30.0,230,2,traffic_signs,0.858066201210022,1433.3172607421875,1305.0067138671875,1503.1453857421875,1465.521728515625,1468.2313232421875,1385.2642211914062,69.828125,160.5150146484375
IMG_0045.mp4,517,17.233333333333334,30.0,222,2,traffic_signs,0.8910409808158875,2233.08740234375,1573.7340087890625,2313.373779296875,1658.2718505859375,2273.2305908203125,1616.0029296875,80.286376953125,84.537841796875
IMG_0045.mp4,517,17.233333333333334,30.0,288,2,traffic_signs,0.7104718089103699,1318.1729736328125,1606.1826171875,1349.2081298828125,1645.5655517578125,1333.6905517578125,1625.8740844726562,31.03515625,39.3829345703125
IMG_0045.mp4,517,17.233333333333334,30.0,229,2,traffic_signs,0.8391652703285217,2994.867919921875,1687.9296875,3062.954345703125,1764.17724609375,3028.9111328125,1726.053466796875,68.08642578125,76.24755859375
IMG_0045.mp4,517,17.233333333333334,30.0,251,2,traffic_signs,0.8824492692947388,1756.9783935546875,1639.258056640625,1845.623046875,1767.05859375,1801.3007202148438,1703.1583251953125,88.6446533203125,127.800537109375
IMG_0045.mp4,517,17.233333333333334,30.0,337,2,traffic_signs,0.25113916397094727,2766.3037109375,1749.31982421875,2796.362548828125,1803.2158203125,2781.3331298828125,1776.267822265625,30.058837890625,53.89599609375
IMG_0045.mp4,517,17.233333333333334,30.0,339,2,traffic_signs,0.8321153521537781,1793.7764892578125,1510.635986328125,1823.778564453125,1594.830810546875,1808.7775268554688,1552.7333984375,30.0020751953125,84.19482421875
IMG_0045.mp4,517,17.233333333333334,30.0,291,2,traffic_signs,0.8024595379829407,885.8067626953125,1472.189697265625,928.5074462890625,1555.3519287109375,907.1571044921875,1513.7708129882812,42.70068359375,83.1622314453125
IMG_0045.mp4,518,17.266666666666666,30.0,230,2,traffic_signs,0.8443800806999207,1438.659423828125,1303.701416015625,1508.641357421875,1463.8511962890625,1473.650390625,1383.7763061523438,69.98193359375,160.1497802734375
IMG_0045.mp4,518,17.266666666666666,30.0,222,2,traffic_signs,0.896402895450592,2245.46826171875,1572.9422607421875,2325.5048828125,1659.418212890625,2285.486572265625,1616.1802368164062,80.03662109375,86.4759521484375
IMG_0045.mp4,518,17.266666666666666,30.0,288,2,traffic_signs,0.5814188718795776,1333.3338623046875,1607.6024169921875,1363.255859375,1646.360107421875,1348.2948608398438,1626.9812622070312,29.9219970703125,38.7576904296875
IMG_0045.mp4,518,17.266666666666666,30.0,229,2,traffic_signs,0.8635833859443665,3009.214111328125,1687.968505859375,3077.25,1764.8883056640625,3043.2320556640625,1726.4284057617188,68.035888671875,76.9197998046875
IMG_0045.mp4,518,17.266666666666666,30.0,251,2,traffic_signs,0.8752034306526184,1765.816162109375,1639.0098876953125,1855.273681640625,1766.137451171875,1810.544921875,1702.5736694335938,89.45751953125,127.1275634765625
IMG_0045.mp4,518,17.266666666666666,30.0,339,2,traffic_signs,0.871986448764801,1803.751708984375,1506.0426025390625,1833.9840087890625,1592.80859375,1818.8678588867188,1549.4255981445312,30.2322998046875,86.7659912109375
IMG_0045.mp4,518,17.266666666666666,30.0,291,2,traffic_signs,0.773425281047821,893.875,1470.409912109375,938.0247802734375,1555.9573974609375,915.9498901367188,1513.1836547851562,44.1497802734375,85.5474853515625
IMG_0045.mp4,518,17.266666666666666,30.0,347,2,traffic_signs,0.9016308784484863,906.73193359375,1393.5806884765625,950.3798217773438,1472.02734375,928.5558776855469,1432.8040161132812,43.64788818359375,78.4466552734375
IMG_0045.mp4,518,17.266666666666666,30.0,348,2,traffic_signs,0.755407452583313,517.0794067382812,1509.3587646484375,541.4649658203125,1560.4423828125,529.2721862792969,1534.9005737304688,24.38555908203125,51.0836181640625
IMG_0045.mp4,518,17.266666666666666,30.0,334,2,traffic_signs,0.7526940703392029,965.18994140625,1462.532470703125,1026.3790283203125,1535.8934326171875,995.7844848632812,1499.2129516601562,61.1890869140625,73.3609619140625
IMG_0045.mp4,519,17.3,30.0,230,2,traffic_signs,0.8827042579650879,1438.5035400390625,1297.6781005859375,1508.957763671875,1459.3843994140625,1473.7306518554688,1378.53125,70.4542236328125,161.706298828125
IMG_0045.mp4,519,17.3,30.0,222,2,traffic_signs,0.8780746459960938,2254.30029296875,1573.4168701171875,2335.2373046875,1659.91845703125,2294.768798828125,1616.6676635742188,80.93701171875,86.5015869140625
IMG_0045.mp4,519,17.3,30.0,229,2,traffic_signs,0.8332862257957458,3022.77001953125,1689.44921875,3090.916748046875,1765.3572998046875,3056.8433837890625,1727.4032592773438,68.146728515625,75.9080810546875
IMG_0045.mp4,519,17.3,30.0,251,2,traffic_signs,0.8732320070266724,1768.4459228515625,1637.8116455078125,1859.3990478515625,1766.555419921875,1813.9224853515625,1702.1835327148438,90.953125,128.7437744140625
IMG_0045.mp4,519,17.3,30.0,339,2,traffic_signs,0.7825381755828857,1807.9920654296875,1502.903076171875,1840.4022216796875,1593.9361572265625,1824.1971435546875,1548.4196166992188,32.41015625,91.0330810546875
IMG_0045.mp4,519,17.3,30.0,291,2,traffic_signs,0.8040189743041992,894.4046630859375,1471.4068603515625,938.3779907226562,1554.300537109375,916.3913269042969,1512.8536987304688,43.97332763671875,82.8936767578125
IMG_0045.mp4,519,17.3,30.0,347,2,traffic_signs,0.6749311685562134,910.8777465820312,1391.96142578125,953.6254272460938,1471.8939208984375,932.2515869140625,1431.9276733398438,42.7476806640625,79.9324951171875
IMG_0045.mp4,519,17.3,30.0,334,2,traffic_signs,0.6706835031509399,969.6389770507812,1462.3724365234375,1033.3607177734375,1536.01318359375,1001.4998474121094,1499.1928100585938,63.72174072265625,73.6407470703125
IMG_0045.mp4,520,17.333333333333332,30.0,230,2,traffic_signs,0.895763635635376,1436.748779296875,1292.4298095703125,1508.5223388671875,1454.9931640625,1472.6355590820312,1373.7114868164062,71.7735595703125,162.5633544921875
IMG_0045.mp4,520,17.333333333333332,30.0,222,2,traffic_signs,0.878107488155365,2262.496826171875,1572.9747314453125,2343.35009765625,1659.0704345703125,2302.9234619140625,1616.0225830078125,80.853271484375,86.095703125
IMG_0045.mp4,520,17.333333333333332,30.0,229,2,traffic_signs,0.7391991019248962,3036.029296875,1690.812744140625,3103.514892578125,1766.483642578125,3069.7720947265625,1728.648193359375,67.485595703125,75.6708984375
IMG_0045.mp4,520,17.333333333333332,30.0,251,2,traffic_signs,0.882996678352356,1768.0975341796875,1636.6766357421875,1863.5579833984375,1765.1646728515625,1815.8277587890625,1700.920654296875,95.46044921875,128.488037109375
IMG_0045.mp4,520,17.333333333333332,30.0,339,2,traffic_signs,0.691125750541687,1814.5537109375,1499.9296875,1846.3446044921875,1593.390869140625,1830.4491577148438,1546.6602783203125,31.7908935546875,93.461181640625
IMG_0045.mp4,520,17.333333333333332,30.0,291,2,traffic_signs,0.8224867582321167,896.4720458984375,1471.72265625,939.4932861328125,1552.325439453125,917.982666015625,1512.0240478515625,43.021240234375,80.602783203125
IMG_0045.mp4,520,17.333333333333332,30.0,347,2,traffic_signs,0.8714554905891418,913.3215942382812,1390.7530517578125,956.177490234375,1470.927490234375,934.7495422363281,1430.8402709960938,42.85589599609375,80.1744384765625
IMG_0045.mp4,520,17.333333333333332,30.0,334,2,traffic_signs,0.5981966853141785,976.1962890625,1461.7044677734375,1037.4276123046875,1535.435791015625,1006.8119506835938,1498.5701293945312,61.2313232421875,73.7313232421875
IMG_0045.mp4,521,17.366666666666667,30.0,230,2,traffic_signs,0.887597918510437,1436.486328125,1287.2672119140625,1508.7021484375,1449.1298828125,1472.59423828125,1368.1985473632812,72.2158203125,161.8626708984375
IMG_0045.mp4,521,17.366666666666667,30.0,222,2,traffic_signs,0.8978912234306335,2271.14892578125,1571.9295654296875,2352.781494140625,1658.7100830078125,2311.9652099609375,1615.31982421875,81.632568359375,86.780517578125
IMG_0045.mp4,521,17.366666666666667,30.0,229,2,traffic_signs,0.2937736511230469,3048.569580078125,1691.7059326171875,3109.6708984375,1767.016357421875,3079.1202392578125,1729.3611450195312,61.101318359375,75.3104248046875
IMG_0045.mp4,521,17.366666666666667,30.0,251,2,traffic_signs,0.8497729897499084,1768.9698486328125,1634.2777099609375,1868.3978271484375,1763.3514404296875,1818.683837890625,1698.8145751953125,99.427978515625,129.07373046875
IMG_0045.mp4,521,17.366666666666667,30.0,339,2,traffic_signs,0.7577303051948547,1820.0780029296875,1499.48388671875,1853.322021484375,1592.198974609375,1836.7000122070312,1545.8414306640625,33.2440185546875,92.715087890625
IMG_0045.mp4,521,17.366666666666667,30.0,291,2,traffic_signs,0.7224903106689453,899.2064819335938,1471.811767578125,943.8967895507812,1551.3861083984375,921.5516357421875,1511.5989379882812,44.6903076171875,79.5743408203125
IMG_0045.mp4,521,17.366666666666667,30.0,347,2,traffic_signs,0.8063094615936279,916.3087768554688,1388.5833740234375,960.502685546875,1470.1851806640625,938.4057312011719,1429.38427734375,44.19390869140625,81.601806640625
IMG_0045.mp4,521,17.366666666666667,30.0,307,2,traffic_signs,0.7122058272361755,990.7467041015625,1462.0341796875,1048.1534423828125,1536.1005859375,1019.4500732421875,1499.0673828125,57.40673828125,74.06640625
IMG_0045.mp4,521,17.366666666666667,30.0,330,2,traffic_signs,0.9016427397727966,1709.0836181640625,1286.62451171875,1887.1602783203125,1503.1998291015625,1798.1219482421875,1394.9121704101562,178.07666015625,216.5753173828125
IMG_0045.mp4,522,17.4,30.0,230,2,traffic_signs,0.9027659893035889,1437.095703125,1284.4981689453125,1509.1021728515625,1445.20947265625,1473.0989379882812,1364.8538208007812,72.0064697265625,160.7113037109375
IMG_0045.mp4,522,17.4,30.0,222,2,traffic_signs,0.88910973072052,2280.5283203125,1571.78173828125,2362.8740234375,1657.94482421875,2321.701171875,1614.86328125,82.345703125,86.1630859375
IMG_0045.mp4,522,17.4,30.0,229,2,traffic_signs,0.8012135624885559,3062.23828125,1691.589599609375,3128.195556640625,1768.5079345703125,3095.2169189453125,1730.0487670898438,65.957275390625,76.9183349609375
IMG_0045.mp4,522,17.4,30.0,251,2,traffic_signs,0.8697341084480286,1772.1075439453125,1632.4285888671875,1873.9149169921875,1762.0040283203125,1823.01123046875,1697.21630859375,101.807373046875,129.575439453125
IMG_0045.mp4,522,17.4,30.0,339,2,traffic_signs,0.8399031758308411,1825.73193359375,1498.875732421875,1859.939697265625,1591.4925537109375,1842.8358154296875,1545.1841430664062,34.207763671875,92.6168212890625
IMG_0045.mp4,522,17.4,30.0,291,2,traffic_signs,0.7741321325302124,903.2866821289062,1471.185302734375,949.731689453125,1551.130615234375,926.5091857910156,1511.157958984375,46.44500732421875,79.9453125
IMG_0045.mp4,522,17.4,30.0,347,2,traffic_signs,0.7493337988853455,921.3229370117188,1388.2640380859375,964.8314208984375,1468.387451171875,943.0771789550781,1428.3257446289062,43.50848388671875,80.1234130859375
IMG_0045.mp4,522,17.4,30.0,307,2,traffic_signs,0.8740100860595703,990.5802001953125,1459.5936279296875,1049.45947265625,1534.9722900390625,1020.0198364257812,1497.282958984375,58.8792724609375,75.378662109375
IMG_0045.mp4,522,17.4,30.0,330,2,traffic_signs,0.9016401171684265,1704.2620849609375,1280.098876953125,1889.23681640625,1498.8377685546875,1796.7494506835938,1389.4683227539062,184.9747314453125,218.7388916015625
IMG_0045.mp4,523,17.433333333333334,30.0,230,2,traffic_signs,0.8517349362373352,1436.9844970703125,1281.365966796875,1509.6038818359375,1441.173583984375,1473.294189453125,1361.269775390625,72.619384765625,159.8076171875
IMG_0045.mp4,523,17.433333333333334,30.0,222,2,traffic_signs,0.8876093626022339,2289.692138671875,1571.1826171875,2372.0439453125,1658.789794921875,2330.8680419921875,1614.9862060546875,82.351806640625,87.607177734375
IMG_0045.mp4,523,17.433333333333334,30.0,229,2,traffic_signs,0.7587524652481079,3075.47119140625,1691.108154296875,3143.9404296875,1770.4271240234375,3109.705810546875,1730.7676391601562,68.46923828125,79.3189697265625
IMG_0045.mp4,523,17.433333333333334,30.0,251,2,traffic_signs,0.8403028249740601,1776.14013671875,1631.114501953125,1879.76220703125,1761.9991455078125,1827.951171875,1696.5568237304688,103.6220703125,130.8846435546875
IMG_0045.mp4,523,17.433333333333334,30.0,339,2,traffic_signs,0.7005230188369751,1833.2567138671875,1498.36279296875,1866.2960205078125,1590.8623046875,1849.7763671875,1544.612548828125,33.039306640625,92.49951171875
IMG_0045.mp4,523,17.433333333333334,30.0,291,2,traffic_signs,0.7139538526535034,907.3733520507812,1465.6578369140625,954.7731323242188,1550.4537353515625,931.0732421875,1508.0557861328125,47.3997802734375,84.7958984375
IMG_0045.mp4,523,17.433333333333334,30.0,347,2,traffic_signs,0.5993726849555969,926.9964599609375,1387.7823486328125,969.1954345703125,1466.8536376953125,948.095947265625,1427.3179931640625,42.198974609375,79.0712890625
IMG_0045.mp4,523,17.433333333333334,30.0,307,2,traffic_signs,0.8176009058952332,992.6995239257812,1459.683837890625,1052.580322265625,1534.9139404296875,1022.6399230957031,1497.2988891601562,59.88079833984375,75.2301025390625
IMG_0045.mp4,523,17.433333333333334,30.0,330,2,traffic_signs,0.9125210642814636,1704.404541015625,1273.4454345703125,1891.21044921875,1495.2899169921875,1797.8074951171875,1384.36767578125,186.805908203125,221.844482421875
IMG_0045.mp4,524,17.466666666666665,30.0,230,2,traffic_signs,0.8163604140281677,1438.658447265625,1277.0782470703125,1511.6484375,1438.13916015625,1475.1534423828125,1357.6087036132812,72.989990234375,161.0609130859375
IMG_0045.mp4,524,17.466666666666665,30.0,222,2,traffic_signs,0.8878953456878662,2299.4482421875,1571.380615234375,2382.28125,1658.417236328125,2340.86474609375,1614.89892578125,82.8330078125,87.03662109375
IMG_0045.mp4,524,17.466666666666665,30.0,229,2,traffic_signs,0.844635546207428,3087.078857421875,1691.47265625,3157.542724609375,1770.2821044921875,3122.310791015625,1730.8773803710938,70.4638671875,78.8094482421875
IMG_0045.mp4,524,17.466666666666665,30.0,251,2,traffic_signs,0.7433434128761292,1781.791259765625,1630.8970947265625,1887.5347900390625,1762.1634521484375,1834.6630249023438,1696.5302734375,105.7435302734375,131.266357421875
IMG_0045.mp4,524,17.466666666666665,30.0,339,2,traffic_signs,0.6737480759620667,1842.655029296875,1497.8350830078125,1873.3363037109375,1588.8212890625,1857.9956665039062,1543.3281860351562,30.6812744140625,90.9862060546875
IMG_0045.mp4,524,17.466666666666665,30.0,291,2,traffic_signs,0.7786456942558289,913.9623413085938,1460.53857421875,961.3399047851562,1549.4593505859375,937.651123046875,1504.9989624023438,47.3775634765625,88.9207763671875
IMG_0045.mp4,524,17.466666666666665,30.0,347,2,traffic_signs,0.5776733756065369,933.735107421875,1387.2601318359375,975.6641845703125,1463.60888671875,954.6996459960938,1425.4345092773438,41.9290771484375,76.3487548828125
IMG_0045.mp4,524,17.466666666666665,30.0,330,2,traffic_signs,0.9005278944969177,1704.7547607421875,1267.3648681640625,1893.557373046875,1493.8280029296875,1799.1560668945312,1380.596435546875,188.8026123046875,226.463134765625
IMG_0045.mp4,525,17.5,30.0,230,2,traffic_signs,0.9024533629417419,1436.70947265625,1267.7432861328125,1511.0838623046875,1434.04248046875,1473.8966674804688,1350.8928833007812,74.3743896484375,166.2991943359375
IMG_0045.mp4,525,17.5,30.0,222,2,traffic_signs,0.902286171913147,2306.776611328125,1570.1197509765625,2390.27294921875,1656.4990234375,2348.5247802734375,1613.3093872070312,83.496337890625,86.3792724609375
IMG_0045.mp4,525,17.5,30.0,229,2,traffic_signs,0.5155162811279297,3098.54736328125,1690.912109375,3165.02197265625,1770.65966796875,3131.78466796875,1730.785888671875,66.474609375,79.74755859375
IMG_0045.mp4,525,17.5,30.0,251,2,traffic_signs,0.8844943642616272,1784.608642578125,1628.9959716796875,1891.0799560546875,1758.9288330078125,1837.8442993164062,1693.96240234375,106.4713134765625,129.932861328125
IMG_0045.mp4,525,17.5,30.0,339,2,traffic_signs,0.8142029047012329,1846.6290283203125,1495.129150390625,1878.9749755859375,1586.796630859375,1862.802001953125,1540.962890625,32.345947265625,91.66748046875
IMG_0045.mp4,525,17.5,30.0,291,2,traffic_signs,0.8570725917816162,916.2506713867188,1459.8050537109375,963.9563598632812,1548.1116943359375,940.103515625,1503.9583740234375,47.7056884765625,88.306640625
IMG_0045.mp4,525,17.5,30.0,347,2,traffic_signs,0.8119473457336426,936.0446166992188,1384.1451416015625,978.4105834960938,1461.880615234375,957.2276000976562,1423.0128784179688,42.365966796875,77.7354736328125
IMG_0045.mp4,525,17.5,30.0,330,2,traffic_signs,0.7552805542945862,1703.0545654296875,1257.6947021484375,1890.546630859375,1487.030029296875,1796.8005981445312,1372.3623657226562,187.4920654296875,229.3353271484375
IMG_0045.mp4,525,17.5,30.0,337,2,traffic_signs,0.5237191319465637,2863.100830078125,1760.2957763671875,2892.158447265625,1808.743896484375,2877.629638671875,1784.5198364257812,29.0576171875,48.4481201171875
IMG_0045.mp4,525,17.5,30.0,307,2,traffic_signs,0.8144703507423401,1004.1438598632812,1456.322021484375,1064.0206298828125,1532.769775390625,1034.0822448730469,1494.5458984375,59.87677001953125,76.44775390625
IMG_0045.mp4,526,17.533333333333335,30.0,230,2,traffic_signs,0.9032388925552368,1439.6793212890625,1265.6658935546875,1514.436767578125,1432.5208740234375,1477.0580444335938,1349.0933837890625,74.7574462890625,166.85498046875
IMG_0045.mp4,526,17.533333333333335,30.0,222,2,traffic_signs,0.878733217716217,2316.600341796875,1570.26904296875,2399.205810546875,1656.568115234375,2357.903076171875,1613.4185791015625,82.60546875,86.299072265625
IMG_0045.mp4,526,17.533333333333335,30.0,229,2,traffic_signs,0.8342072367668152,3111.405029296875,1691.267578125,3180.668701171875,1770.3350830078125,3146.036865234375,1730.8013305664062,69.263671875,79.0675048828125
IMG_0045.mp4,526,17.533333333333335,30.0,251,2,traffic_signs,0.8997583389282227,1792.2503662109375,1628.72412109375,1898.3828125,1758.779541015625,1845.3165893554688,1693.7518310546875,106.1324462890625,130.055419921875
IMG_0045.mp4,526,17.533333333333335,30.0,339,2,traffic_signs,0.852553129196167,1855.27392578125,1495.1065673828125,1886.8114013671875,1587.4693603515625,1871.0426635742188,1541.2879638671875,31.5374755859375,92.36279296875
IMG_0045.mp4,526,17.533333333333335,30.0,291,2,traffic_signs,0.8838903307914734,924.3746337890625,1461.802490234375,971.2125854492188,1548.27978515625,947.7936096191406,1505.0411376953125,46.83795166015625,86.477294921875
IMG_0045.mp4,526,17.533333333333335,30.0,347,2,traffic_signs,0.8262420296669006,944.0625610351562,1382.719482421875,986.0075073242188,1463.410888671875,965.0350341796875,1423.065185546875,41.9449462890625,80.69140625
IMG_0045.mp4,526,17.533333333333335,30.0,330,2,traffic_signs,0.8789551258087158,1704.0950927734375,1254.7239990234375,1892.7103271484375,1491.4921875,1798.4027099609375,1373.1080932617188,188.615234375,236.7681884765625
IMG_0045.mp4,526,17.533333333333335,30.0,372,2,traffic_signs,0.5260724425315857,568.5496826171875,1506.5125732421875,593.9360961914062,1561.3621826171875,581.2428894042969,1533.9373779296875,25.38641357421875,54.849609375
IMG_0045.mp4,526,17.533333333333335,30.0,337,2,traffic_signs,0.29736045002937317,2875.231201171875,1760.927001953125,2901.331298828125,1809.11962890625,2888.28125,1785.0233154296875,26.10009765625,48.192626953125
IMG_0045.mp4,526,17.533333333333335,30.0,307,2,traffic_signs,0.8787140846252441,1014.14599609375,1456.9197998046875,1073.578125,1533.134033203125,1043.862060546875,1495.0269165039062,59.43212890625,76.2142333984375
IMG_0045.mp4,527,17.566666666666666,30.0,230,2,traffic_signs,0.894379198551178,1437.328125,1260.4825439453125,1513.7012939453125,1429.74169921875,1475.5147094726562,1345.1121215820312,76.3731689453125,169.2591552734375
IMG_0045.mp4,527,17.566666666666666,30.0,222,2,traffic_signs,0.8853756189346313,2324.2958984375,1570.0562744140625,2408.113525390625,1656.6883544921875,2366.2047119140625,1613.372314453125,83.817626953125,86.632080078125
IMG_0045.mp4,527,17.566666666666666,30.0,229,2,traffic_signs,0.7922725081443787,3123.4541015625,1690.7586669921875,3193.025146484375,1770.8187255859375,3158.2396240234375,1730.7886962890625,69.571044921875,80.06005859375
IMG_0045.mp4,527,17.566666666666666,30.0,251,2,traffic_signs,0.8952341675758362,1797.0047607421875,1627.5208740234375,1901.67626953125,1759.095458984375,1849.3405151367188,1693.3081665039062,104.6715087890625,131.5745849609375
IMG_0045.mp4,527,17.566666666666666,30.0,339,2,traffic_signs,0.7255733013153076,1860.4022216796875,1492.9130859375,1891.2569580078125,1587.901123046875,1875.82958984375,1540.4071044921875,30.854736328125,94.988037109375
IMG_0045.mp4,527,17.566666666666666,30.0,291,2,traffic_signs,0.8785667419433594,926.4971923828125,1462.052978515625,974.3121948242188,1547.7218017578125,950.4046936035156,1504.8873901367188,47.81500244140625,85.6688232421875
IMG_0045.mp4,527,17.566666666666666,30.0,347,2,traffic_signs,0.8606565594673157,946.2064208984375,1379.9832763671875,988.2288208007812,1463.4073486328125,967.2176208496094,1421.6953125,42.02239990234375,83.424072265625
IMG_0045.mp4,527,17.566666666666666,30.0,330,2,traffic_signs,0.9013177156448364,1702.8494873046875,1255.597412109375,1892.6163330078125,1480.40966796875,1797.73291015625,1368.0035400390625,189.766845703125,224.812255859375
IMG_0045.mp4,527,17.566666666666666,30.0,307,2,traffic_signs,0.8843420743942261,1018.4634399414062,1456.2596435546875,1078.622314453125,1532.161865234375,1048.5428771972656,1494.2107543945312,60.15887451171875,75.9022216796875
IMG_0045.mp4,528,17.6,30.0,230,2,traffic_signs,0.8665987849235535,1432.962158203125,1255.7210693359375,1510.893798828125,1428.125244140625,1471.927978515625,1341.9231567382812,77.931640625,172.4041748046875
IMG_0045.mp4,528,17.6,30.0,222,2,traffic_signs,0.9150978922843933,2331.7685546875,1570.2989501953125,2416.67919921875,1658.0631103515625,2374.223876953125,1614.1810302734375,84.91064453125,87.76416015625
IMG_0045.mp4,528,17.6,30.0,229,2,traffic_signs,0.7377394437789917,3137.482666015625,1692.9149169921875,3204.362548828125,1770.34326171875,3170.922607421875,1731.6290893554688,66.8798828125,77.4283447265625
IMG_0045.mp4,528,17.6,30.0,251,2,traffic_signs,0.9255245923995972,1799.7406005859375,1627.2386474609375,1904.188720703125,1760.677490234375,1851.9646606445312,1693.9580688476562,104.4481201171875,133.4388427734375
IMG_0045.mp4,528,17.6,30.0,339,2,traffic_signs,0.8716258406639099,1864.067626953125,1493.1781005859375,1894.718994140625,1588.1708984375,1879.393310546875,1540.6744995117188,30.6513671875,94.9927978515625
IMG_0045.mp4,528,17.6,30.0,291,2,traffic_signs,0.9014194011688232,927.2610473632812,1463.412841796875,974.8470458984375,1548.4139404296875,951.0540466308594,1505.9133911132812,47.58599853515625,85.0010986328125
IMG_0045.mp4,528,17.6,30.0,347,2,traffic_signs,0.922386884689331,948.4796752929688,1379.6654052734375,989.3329467773438,1464.16064453125,968.9063110351562,1421.9130249023438,40.853271484375,84.4952392578125
IMG_0045.mp4,528,17.6,30.0,330,2,traffic_signs,0.9174620509147644,1696.9210205078125,1253.7208251953125,1890.9271240234375,1471.3463134765625,1793.924072265625,1362.5335693359375,194.006103515625,217.62548828125
IMG_0045.mp4,528,17.6,30.0,307,2,traffic_signs,0.9046342968940735,1021.0479736328125,1456.359130859375,1081.626953125,1532.214111328125,1051.3374633789062,1494.28662109375,60.5789794921875,75.85498046875
IMG_0045.mp4,528,17.6,30.0,374,2,traffic_signs,0.6418245434761047,1154.9169921875,1540.9942626953125,1172.30419921875,1576.449462890625,1163.610595703125,1558.7218627929688,17.38720703125,35.4552001953125
IMG_0045.mp4,529,17.633333333333333,30.0,230,2,traffic_signs,0.7408061027526855,1426.616455078125,1248.4132080078125,1506.4312744140625,1425.2135009765625,1466.5238647460938,1336.8133544921875,79.8148193359375,176.80029296875
IMG_0045.mp4,529,17.633333333333333,30.0,222,2,traffic_signs,0.9134926795959473,2339.030517578125,1570.6282958984375,2423.580322265625,1660.601318359375,2381.305419921875,1615.6148071289062,84.5498046875,89.9730224609375
IMG_0045.mp4,529,17.633333333333333,30.0,229,2,traffic_signs,0.5799192786216736,3151.35791015625,1695.353271484375,3216.49853515625,1772.80322265625,3183.92822265625,1734.0782470703125,65.140625,77.449951171875
IMG_0045.mp4,529,17.633333333333333,30.0,251,2,traffic_signs,0.9246066212654114,1799.7103271484375,1626.8858642578125,1905.8994140625,1762.2835693359375,1852.8048706054688,1694.584716796875,106.1890869140625,135.397705078125
IMG_0045.mp4,529,17.633333333333333,30.0,339,2,traffic_signs,0.8440505862236023,1867.767822265625,1493.4404296875,1897.5419921875,1588.00146484375,1882.6549072265625,1540.720947265625,29.774169921875,94.56103515625
IMG_0045.mp4,529,17.633333333333333,30.0,291,2,traffic_signs,0.9162550568580627,925.4331665039062,1462.3233642578125,972.9840087890625,1549.087158203125,949.2085876464844,1505.7052612304688,47.55084228515625,86.7637939453125
IMG_0045.mp4,529,17.633333333333333,30.0,330,2,traffic_signs,0.8944213390350342,1690.04541015625,1252.7216796875,1888.6795654296875,1466.92138671875,1789.3624877929688,1359.821533203125,198.6341552734375,214.19970703125
IMG_0045.mp4,529,17.633333333333333,30.0,374,2,traffic_signs,0.5601323246955872,1158.998291015625,1541.413818359375,1176.6356201171875,1578.3115234375,1167.8169555664062,1559.8626708984375,17.6373291015625,36.897705078125
IMG_0045.mp4,529,17.633333333333333,30.0,375,2,traffic_signs,0.7986308932304382,1415.83642578125,1615.0244140625,1448.679931640625,1652.9044189453125,1432.2581787109375,1633.9644165039062,32.843505859375,37.8800048828125
IMG_0045.mp4,529,17.633333333333333,30.0,376,2,traffic_signs,0.7463401556015015,965.1576538085938,1541.20263671875,994.544921875,1589.199951171875,979.8512878417969,1565.2012939453125,29.38726806640625,47.997314453125
IMG_0045.mp4,529,17.633333333333333,30.0,334,2,traffic_signs,0.9196018576622009,1014.513916015625,1454.6436767578125,1076.2528076171875,1531.8851318359375,1045.3833618164062,1493.264404296875,61.7388916015625,77.241455078125
IMG_0045.mp4,530,17.666666666666668,30.0,230,2,traffic_signs,0.784926176071167,1418.8284912109375,1241.926513671875,1502.0147705078125,1421.7039794921875,1460.421630859375,1331.8152465820312,83.186279296875,179.7774658203125
IMG_0045.mp4,530,17.666666666666668,30.0,222,2,traffic_signs,0.9285040497779846,2345.72900390625,1570.001220703125,2430.4921875,1661.6927490234375,2388.110595703125,1615.8469848632812,84.76318359375,91.6915283203125
IMG_0045.mp4,530,17.666666666666668,30.0,229,2,traffic_signs,0.8189960718154907,3163.916259765625,1695.08447265625,3231.44482421875,1773.9832763671875,3197.6805419921875,1734.5338745117188,67.528564453125,78.8988037109375
IMG_0045.mp4,530,17.666666666666668,30.0,251,2,traffic_signs,0.9314829707145691,1799.93994140625,1626.7672119140625,1907.42919921875,1763.15869140625,1853.6845703125,1694.9629516601562,107.4892578125,136.3914794921875
IMG_0045.mp4,530,17.666666666666668,30.0,339,2,traffic_signs,0.7976324558258057,1871.4031982421875,1492.9073486328125,1899.4163818359375,1587.833984375,1885.4097900390625,1540.3706665039062,28.01318359375,94.9266357421875
IMG_0045.mp4,530,17.666666666666668,30.0,291,2,traffic_signs,0.9271767139434814,923.9849243164062,1461.1151123046875,972.0992431640625,1549.0738525390625,948.0420837402344,1505.094482421875,48.11431884765625,87.958740234375
IMG_0045.mp4,530,17.666666666666668,30.0,330,2,traffic_signs,0.9181206822395325,1681.9683837890625,1251.0794677734375,1884.7066650390625,1462.7220458984375,1783.3375244140625,1356.9007568359375,202.73828125,211.642578125
IMG_0045.mp4,530,17.666666666666668,30.0,374,2,traffic_signs,0.5407400727272034,1163.2001953125,1540.387451171875,1181.2811279296875,1580.9893798828125,1172.2406616210938,1560.6884155273438,18.0809326171875,40.6019287109375
IMG_0045.mp4,530,17.666666666666668,30.0,375,2,traffic_signs,0.8177786469459534,1420.019775390625,1614.3773193359375,1455.1097412109375,1653.9200439453125,1437.5647583007812,1634.148681640625,35.0899658203125,39.542724609375
IMG_0045.mp4,530,17.666666666666668,30.0,376,2,traffic_signs,0.6482412815093994,967.588623046875,1541.9459228515625,998.7025756835938,1590.6285400390625,983.1455993652344,1566.2872314453125,31.11395263671875,48.6826171875
IMG_0045.mp4,530,17.666666666666668,30.0,379,2,traffic_signs,0.9260013103485107,935.06103515625,1376.9501953125,982.371337890625,1462.8111572265625,958.7161865234375,1419.8806762695312,47.310302734375,85.8609619140625
IMG_0045.mp4,530,17.666666666666668,30.0,334,2,traffic_signs,0.9283123016357422,1019.5634155273438,1455.6751708984375,1080.0506591796875,1532.6639404296875,1049.8070373535156,1494.1695556640625,60.48724365234375,76.98876953125
IMG_0045.mp4,531,17.7,30.0,230,2,traffic_signs,0.8892859816551208,1411.5670166015625,1237.1556396484375,1495.1292724609375,1418.0623779296875,1453.34814453125,1327.6090087890625,83.562255859375,180.90673828125
IMG_0045.mp4,531,17.7,30.0,222,2,traffic_signs,0.9331863522529602,2351.596923828125,1570.2781982421875,2437.162109375,1664.107421875,2394.3795166015625,1617.1928100585938,85.565185546875,93.8292236328125
IMG_0045.mp4,531,17.7,30.0,229,2,traffic_signs,0.8245818614959717,3174.8740234375,1696.1376953125,3243.064697265625,1776.5589599609375,3208.9693603515625,1736.3483276367188,68.190673828125,80.4212646484375
IMG_0045.mp4,531,17.7,30.0,251,2,traffic_signs,0.9269533753395081,1799.22021484375,1627.2222900390625,1909.10595703125,1764.459716796875,1854.1630859375,1695.8410034179688,109.8857421875,137.2374267578125
IMG_0045.mp4,531,17.7,30.0,339,2,traffic_signs,0.6243049502372742,1873.460693359375,1492.603759765625,1901.4375,1588.288818359375,1887.4490966796875,1540.4462890625,27.976806640625,95.68505859375
IMG_0045.mp4,531,17.7,30.0,291,2,traffic_signs,0.9289926886558533,921.3621215820312,1460.61474609375,970.5029907226562,1549.7740478515625,945.9325561523438,1505.1943969726562,49.140869140625,89.1593017578125
IMG_0045.mp4,531,17.7,30.0,330,2,traffic_signs,0.9211916327476501,1673.681640625,1244.421875,1879.3924560546875,1466.5343017578125,1776.5370483398438,1355.4780883789062,205.7108154296875,222.1124267578125
IMG_0045.mp4,531,17.7,30.0,374,2,traffic_signs,0.2788218557834625,1166.4886474609375,1540.064208984375,1185.5859375,1582.48681640625,1176.0372924804688,1561.2755126953125,19.0972900390625,42.422607421875
IMG_0045.mp4,531,17.7,30.0,375,2,traffic_signs,0.8170812726020813,1425.29345703125,1616.5947265625,1460.8321533203125,1655.78662109375,1443.0628051757812,1636.190673828125,35.5386962890625,39.19189453125
IMG_0045.mp4,531,17.7,30.0,376,2,traffic_signs,0.5661764144897461,969.2793579101562,1544.86572265625,1001.2174072265625,1592.785888671875,985.2483825683594,1568.8258056640625,31.93804931640625,47.920166015625
IMG_0045.mp4,531,17.7,30.0,379,2,traffic_signs,0.9245753288269043,934.4367065429688,1377.0057373046875,981.5006713867188,1462.1318359375,957.9686889648438,1419.5687866210938,47.06396484375,85.1260986328125
IMG_0045.mp4,531,17.7,30.0,334,2,traffic_signs,0.9346533417701721,1021.1392211914062,1456.9228515625,1079.8853759765625,1533.2105712890625,1050.5122985839844,1495.0667114257812,58.74615478515625,76.2877197265625
IMG_0045.mp4,531,17.7,30.0,380,2,traffic_signs,0.37940624356269836,3267.43408203125,1759.1746826171875,3320.003662109375,1822.2391357421875,3293.7188720703125,1790.7069091796875,52.569580078125,63.064453125
IMG_0045.mp4,532,17.733333333333334,30.0,230,2,traffic_signs,0.7945545315742493,1403.902587890625,1232.7158203125,1488.781982421875,1415.989013671875,1446.34228515625,1324.3524169921875,84.87939453125,183.273193359375
IMG_0045.mp4,532,17.733333333333334,30.0,222,2,traffic_signs,0.9198348522186279,2358.3720703125,1570.9678955078125,2444.224853515625,1665.3328857421875,2401.2984619140625,1618.150390625,85.852783203125,94.364990234375
IMG_0045.mp4,532,17.733333333333334,30.0,229,2,traffic_signs,0.8447410464286804,3185.74365234375,1696.87744140625,3256.115478515625,1778.84130859375,3220.9295654296875,1737.859375,70.371826171875,81.9638671875
IMG_0045.mp4,532,17.733333333333334,30.0,251,2,traffic_signs,0.9271730184555054,1799.0731201171875,1627.4034423828125,1909.81884765625,1765.1695556640625,1854.4459838867188,1696.2864990234375,110.7457275390625,137.76611328125
IMG_0045.mp4,532,17.733333333333334,30.0,339,2,traffic_signs,0.8753607273101807,1875.55517578125,1492.99169921875,1903.7720947265625,1588.3094482421875,1889.6636352539062,1540.6505737304688,28.2169189453125,95.3177490234375
IMG_0045.mp4,532,17.733333333333334,30.0,291,2,traffic_signs,0.9314068555831909,918.573974609375,1459.82177734375,968.39599609375,1550.3232421875,943.4849853515625,1505.072509765625,49.822021484375,90.50146484375
IMG_0045.mp4,532,17.733333333333334,30.0,330,2,traffic_signs,0.9179467558860779,1665.965576171875,1239.866943359375,1873.167236328125,1465.1986083984375,1769.56640625,1352.5327758789062,207.20166015625,225.3316650390625
IMG_0045.mp4,532,17.733333333333334,30.0,375,2,traffic_signs,0.7614372968673706,1431.8585205078125,1619.0152587890625,1466.071044921875,1657.7845458984375,1448.9647827148438,1638.39990234375,34.2125244140625,38.769287109375
IMG_0045.mp4,532,17.733333333333334,30.0,379,2,traffic_signs,0.9234731793403625,932.1878662109375,1377.2860107421875,979.3966674804688,1460.9876708984375,955.7922668457031,1419.1368408203125,47.20880126953125,83.70166015625
IMG_0045.mp4,532,17.733333333333334,30.0,334,2,traffic_signs,0.9378520250320435,1021.3001098632812,1457.259521484375,1081.70703125,1532.784423828125,1051.5035705566406,1495.02197265625,60.40692138671875,75.52490234375
IMG_0045.mp4,532,17.733333333333334,30.0,380,2,traffic_signs,0.75190669298172,3278.37744140625,1761.1302490234375,3331.6123046875,1823.0859375,3304.994873046875,1792.1080932617188,53.23486328125,61.9556884765625
IMG_0045.mp4,532,17.733333333333334,30.0,372,2,traffic_signs,0.3392649292945862,579.1945190429688,1511.1048583984375,606.552001953125,1564.3419189453125,592.8732604980469,1537.723388671875,27.35748291015625,53.237060546875
IMG_0045.mp4,533,17.766666666666666,30.0,222,2,traffic_signs,0.9184194207191467,2363.3154296875,1570.34521484375,2447.816162109375,1665.08837890625,2405.5657958984375,1617.716796875,84.500732421875,94.7431640625
IMG_0045.mp4,533,17.766666666666666,30.0,229,2,traffic_signs,0.8525052070617676,3193.7265625,1696.9927978515625,3268.960693359375,1779.93603515625,3231.3436279296875,1738.4644165039062,75.234130859375,82.9432373046875
IMG_0045.mp4,533,17.766666666666666,30.0,251,2,traffic_signs,0.9116265773773193,1797.7569580078125,1626.9163818359375,1909.5584716796875,1765.3385009765625,1853.65771484375,1696.12744140625,111.801513671875,138.422119140625
IMG_0045.mp4,533,17.766666666666666,30.0,339,2,traffic_signs,0.8558015823364258,1876.793212890625,1492.386962890625,1905.126708984375,1588.2957763671875,1890.9599609375,1540.3413696289062,28.33349609375,95.9088134765625
IMG_0045.mp4,533,17.766666666666666,30.0,291,2,traffic_signs,0.9344645738601685,916.7515869140625,1458.726318359375,967.3671264648438,1549.4833984375,942.0593566894531,1504.1048583984375,50.61553955078125,90.757080078125
IMG_0045.mp4,533,17.766666666666666,30.0,330,2,traffic_signs,0.9123984575271606,1658.0859375,1230.510009765625,1866.5054931640625,1456.8272705078125,1762.2957153320312,1343.6686401367188,208.4195556640625,226.3172607421875
IMG_0045.mp4,533,17.766666666666666,30.0,375,2,traffic_signs,0.7158280611038208,1438.37744140625,1619.2939453125,1469.8914794921875,1658.938232421875,1454.1344604492188,1639.1160888671875,31.5140380859375,39.644287109375
IMG_0045.mp4,533,17.766666666666666,30.0,379,2,traffic_signs,0.9269164800643921,930.8560180664062,1376.380615234375,978.4183349609375,1459.117919921875,954.6371765136719,1417.749267578125,47.56231689453125,82.7373046875
IMG_0045.mp4,533,17.766666666666666,30.0,334,2,traffic_signs,0.9299100637435913,1023.1176147460938,1457.4981689453125,1084.2154541015625,1533.1021728515625,1053.6665344238281,1495.3001708984375,61.09783935546875,75.60400390625
IMG_0045.mp4,533,17.766666666666666,30.0,380,2,traffic_signs,0.3333166837692261,3287.91162109375,1760.525146484375,3341.23583984375,1825.406494140625,3314.57373046875,1792.9658203125,53.32421875,64.88134765625
IMG_0045.mp4,533,17.766666666666666,30.0,372,2,traffic_signs,0.5558475255966187,582.3746337890625,1510.397216796875,608.9362182617188,1562.681640625,595.6554260253906,1536.5394287109375,26.56158447265625,52.284423828125
IMG_0045.mp4,534,17.8,30.0,222,2,traffic_signs,0.9227535128593445,2367.73193359375,1568.9521484375,2453.627685546875,1663.4425048828125,2410.6798095703125,1616.1973266601562,85.895751953125,94.4903564453125
IMG_0045.mp4,534,17.8,30.0,229,2,traffic_signs,0.8758819699287415,3204.373046875,1697.454833984375,3279.19482421875,1779.6087646484375,3241.783935546875,1738.5317993164062,74.82177734375,82.1539306640625
IMG_0045.mp4,534,17.8,30.0,251,2,traffic_signs,0.9096857309341431,1797.5625,1626.061767578125,1909.80224609375,1762.8756103515625,1853.682373046875,1694.4686889648438,112.23974609375,136.8138427734375
IMG_0045.mp4,534,17.8,30.0,339,2,traffic_signs,0.5693780183792114,1879.5882568359375,1490.5953369140625,1907.7000732421875,1588.3922119140625,1893.6441650390625,1539.4937744140625,28.11181640625,97.796875
IMG_0045.mp4,534,17.8,30.0,291,2,traffic_signs,0.9358032941818237,916.3600463867188,1456.8790283203125,967.4873046875,1547.60546875,941.9236755371094,1502.2422485351562,51.12725830078125,90.7264404296875
IMG_0045.mp4,534,17.8,30.0,330,2,traffic_signs,0.931925892829895,1649.37158203125,1224.1021728515625,1862.3212890625,1446.1322021484375,1755.846435546875,1335.1171875,212.94970703125,222.030029296875
IMG_0045.mp4,534,17.8,30.0,375,2,traffic_signs,0.8163238763809204,1444.7642822265625,1617.5260009765625,1474.84814453125,1658.555908203125,1459.8062133789062,1638.0409545898438,30.0838623046875,41.0299072265625
IMG_0045.mp4,534,17.8,30.0,379,2,traffic_signs,0.9306848645210266,929.8617553710938,1374.8563232421875,978.3857421875,1457.9854736328125,954.1237487792969,1416.4208984375,48.52398681640625,83.129150390625
IMG_0045.mp4,534,17.8,30.0,334,2,traffic_signs,0.9310694336891174,1025.54443359375,1455.67529296875,1085.97216796875,1532.03076171875,1055.75830078125,1493.85302734375,60.427734375,76.35546875
IMG_0045.mp4,534,17.8,30.0,380,2,traffic_signs,0.3628472685813904,3295.247314453125,1758.546875,3352.487060546875,1824.809814453125,3323.8671875,1791.6783447265625,57.23974609375,66.262939453125
IMG_0045.mp4,534,17.8,30.0,372,2,traffic_signs,0.3830481767654419,588.223388671875,1509.3253173828125,612.8982543945312,1558.688720703125,600.5608215332031,1534.0070190429688,24.67486572265625,49.3634033203125
IMG_0045.mp4,534,17.8,30.0,384,2,traffic_signs,0.46719253063201904,1797.7908935546875,1750.509033203125,1858.0537109375,1950.3067626953125,1827.9223022460938,1850.4078979492188,60.2628173828125,199.7977294921875
IMG_0045.mp4,534,17.8,30.0,374,2,traffic_signs,0.35040727257728577,1182.2164306640625,1541.3585205078125,1198.7357177734375,1581.8333740234375,1190.47607421875,1561.595947265625,16.519287109375,40.474853515625
IMG_0045.mp4,534,17.8,30.0,230,2,traffic_signs,0.6630769371986389,1391.3970947265625,1224.6636962890625,1475.69384765625,1410.6278076171875,1433.5454711914062,1317.645751953125,84.2967529296875,185.964111328125
IMG_0045.mp4,535,17.833333333333332,30.0,222,2,traffic_signs,0.9209482073783875,2372.229736328125,1568.5341796875,2459.61572265625,1663.100341796875,2415.9227294921875,1615.8172607421875,87.385986328125,94.566162109375
IMG_0045.mp4,535,17.833333333333332,30.0,229,2,traffic_signs,0.8542899489402771,3214.105224609375,1696.4268798828125,3289.363525390625,1780.39306640625,3251.734375,1738.4099731445312,75.25830078125,83.9661865234375
IMG_0045.mp4,535,17.833333333333332,30.0,251,2,traffic_signs,0.9190168976783752,1797.412841796875,1625.485595703125,1910.18359375,1761.3409423828125,1853.7982177734375,1693.4132690429688,112.770751953125,135.8553466796875
IMG_0045.mp4,535,17.833333333333332,30.0,339,2,traffic_signs,0.8749997019767761,1881.2474365234375,1488.7818603515625,1910.49560546875,1588.326904296875,1895.8715209960938,1538.5543823242188,29.2481689453125,99.5450439453125
IMG_0045.mp4,535,17.833333333333332,30.0,291,2,traffic_signs,0.933688223361969,914.7763061523438,1455.158203125,966.4529418945312,1545.621826171875,940.6146240234375,1500.3900146484375,51.6766357421875,90.463623046875
IMG_0045.mp4,535,17.833333333333332,30.0,330,2,traffic_signs,0.9246719479560852,1644.3143310546875,1215.8658447265625,1853.052734375,1437.4615478515625,1748.6835327148438,1326.6636962890625,208.7384033203125,221.595703125
IMG_0045.mp4,535,17.833333333333332,30.0,375,2,traffic_signs,0.6492565870285034,1450.387451171875,1616.4254150390625,1480.062255859375,1659.3646240234375,1465.224853515625,1637.89501953125,29.6748046875,42.939208984375
IMG_0045.mp4,535,17.833333333333332,30.0,379,2,traffic_signs,0.9282428622245789,928.4409790039062,1373.674072265625,977.371337890625,1456.748291015625,952.9061584472656,1415.211181640625,48.93035888671875,83.07421875
IMG_0045.mp4,535,17.833333333333332,30.0,334,2,traffic_signs,0.9243816137313843,1025.57080078125,1454.368408203125,1086.4886474609375,1531.025390625,1056.0297241210938,1492.6968994140625,60.9178466796875,76.656982421875
IMG_0045.mp4,535,17.833333333333332,30.0,380,2,traffic_signs,0.37909135222435,3305.955810546875,1759.2705078125,3362.427734375,1824.60595703125,3334.1917724609375,1791.938232421875,56.471923828125,65.33544921875
IMG_0045.mp4,535,17.833333333333332,30.0,372,2,traffic_signs,0.6685940027236938,590.4124145507812,1509.382080078125,615.3353881835938,1558.598876953125,602.8739013671875,1533.990478515625,24.9229736328125,49.216796875
IMG_0045.mp4,535,17.833333333333332,30.0,384,2,traffic_signs,0.46652311086654663,1798.5640869140625,1749.498779296875,1858.0089111328125,1950.797607421875,1828.2864990234375,1850.148193359375,59.44482421875,201.298828125
IMG_0045.mp4,535,17.833333333333332,30.0,374,2,traffic_signs,0.36745548248291016,1187.3426513671875,1541.3447265625,1203.446044921875,1581.0443115234375,1195.3943481445312,1561.1945190429688,16.1033935546875,39.6995849609375
IMG_0045.mp4,535,17.833333333333332,30.0,230,2,traffic_signs,0.2701258361339569,1383.028076171875,1216.7674560546875,1467.166015625,1404.8531494140625,1425.0970458984375,1310.810302734375,84.137939453125,188.085693359375
IMG_0045.mp4,536,17.866666666666667,30.0,222,2,traffic_signs,0.9104394316673279,2377.21533203125,1567.1275634765625,2465.884765625,1661.87744140625,2421.550048828125,1614.5025024414062,88.66943359375,94.7498779296875
IMG_0045.mp4,536,17.866666666666667,30.0,229,2,traffic_signs,0.5729085206985474,3225.51318359375,1698.1668701171875,3298.62109375,1780.5474853515625,3262.067138671875,1739.357177734375,73.10791015625,82.380615234375
IMG_0045.mp4,536,17.866666666666667,30.0,251,2,traffic_signs,0.9149038791656494,1796.669189453125,1623.9127197265625,1910.8218994140625,1759.1318359375,1853.7455444335938,1691.5222778320312,114.1527099609375,135.2191162109375
IMG_0045.mp4,536,17.866666666666667,30.0,339,2,traffic_signs,0.8571044206619263,1882.8837890625,1486.324951171875,1913.0587158203125,1587.0870361328125,1897.9712524414062,1536.7059936523438,30.1749267578125,100.7620849609375
IMG_0045.mp4,536,17.866666666666667,30.0,291,2,traffic_signs,0.8726801872253418,913.572021484375,1453.62255859375,965.8798828125,1543.7606201171875,939.7259521484375,1498.6915893554688,52.307861328125,90.1380615234375
IMG_0045.mp4,536,17.866666666666667,30.0,330,2,traffic_signs,0.7451633810997009,1635.0419921875,1208.6702880859375,1846.083740234375,1433.2401123046875,1740.5628662109375,1320.9552001953125,211.041748046875,224.56982421875
IMG_0045.mp4,536,17.866666666666667,30.0,375,2,traffic_signs,0.6172150373458862,1454.796142578125,1616.0130615234375,1485.1937255859375,1659.46826171875,1469.9949340820312,1637.7406616210938,30.3975830078125,43.4552001953125
IMG_0045.mp4,536,17.866666666666667,30.0,379,2,traffic_signs,0.9256082773208618,928.2059326171875,1371.7762451171875,975.9306640625,1453.73876953125,952.0682983398438,1412.7575073242188,47.7247314453125,81.9625244140625
IMG_0045.mp4,536,17.866666666666667,30.0,334,2,traffic_signs,0.9094555377960205,1026.1239013671875,1453.4237060546875,1087.5809326171875,1530.039794921875,1056.8524169921875,1491.7317504882812,61.45703125,76.6160888671875
IMG_0045.mp4,536,17.866666666666667,30.0,372,2,traffic_signs,0.5752958059310913,593.9973754882812,1509.632568359375,618.0684204101562,1557.404052734375,606.0328979492188,1533.518310546875,24.071044921875,47.771484375
IMG_0045.mp4,536,17.866666666666667,30.0,374,2,traffic_signs,0.3265426456928253,1190.9576416015625,1540.83056640625,1207.559326171875,1581.4061279296875,1199.2584838867188,1561.1183471679688,16.6016845703125,40.5755615234375
IMG_0045.mp4,536,17.866666666666667,30.0,230,2,traffic_signs,0.3600766062736511,1375.0208740234375,1209.579833984375,1461.4329833984375,1400.495361328125,1418.2269287109375,1305.03759765625,86.412109375,190.91552734375
IMG_0045.mp4,537,17.9,30.0,222,2,traffic_signs,0.8699446320533752,2381.654541015625,1564.8509521484375,2469.2900390625,1658.191650390625,2425.4722900390625,1611.5213012695312,87.635498046875,93.3406982421875
IMG_0045.mp4,537,17.9,30.0,229,2,traffic_signs,0.8286206126213074,3234.241943359375,1696.3555908203125,3306.559814453125,1779.3536376953125,3270.40087890625,1737.8546142578125,72.31787109375,82.998046875
IMG_0045.mp4,537,17.9,30.0,251,2,traffic_signs,0.9162514209747314,1796.3504638671875,1621.5230712890625,1910.625732421875,1756.9124755859375,1853.4880981445312,1689.2177734375,114.2752685546875,135.389404296875
IMG_0045.mp4,537,17.9,30.0,339,2,traffic_signs,0.8626784682273865,1885.48095703125,1483.24072265625,1915.7474365234375,1584.78662109375,1900.6141967773438,1534.013671875,30.2664794921875,101.5458984375
IMG_0045.mp4,537,17.9,30.0,291,2,traffic_signs,0.9172478914260864,913.7479858398438,1450.3546142578125,967.0381469726562,1539.4442138671875,940.39306640625,1494.8994140625,53.2901611328125,89.089599609375
IMG_0045.mp4,537,17.9,30.0,330,2,traffic_signs,0.6521840691566467,1682.429443359375,1202.1116943359375,1840.1632080078125,1430.9998779296875,1761.2963256835938,1316.5557861328125,157.7337646484375,228.88818359375
IMG_0045.mp4,537,17.9,30.0,375,2,traffic_signs,0.6222434639930725,1459.9041748046875,1614.619140625,1489.660400390625,1657.781982421875,1474.7822875976562,1636.2005615234375,29.7562255859375,43.162841796875
IMG_0045.mp4,537,17.9,30.0,379,2,traffic_signs,0.9222245216369629,928.8926391601562,1367.572998046875,974.2188720703125,1447.7493896484375,951.5557556152344,1407.6611938476562,45.32623291015625,80.1763916015625
IMG_0045.mp4,537,17.9,30.0,334,2,traffic_signs,0.8949490189552307,1026.9959716796875,1451.0438232421875,1089.9764404296875,1526.815185546875,1058.4862060546875,1488.9295043945312,62.98046875,75.7713623046875
IMG_0045.mp4,537,17.9,30.0,372,2,traffic_signs,0.30302536487579346,598.6746826171875,1508.91796875,621.7681274414062,1554.604736328125,610.2214050292969,1531.7613525390625,23.09344482421875,45.686767578125
IMG_0045.mp4,537,17.9,30.0,374,2,traffic_signs,0.46140947937965393,1196.4068603515625,1540.591796875,1213.1995849609375,1580.6143798828125,1204.80322265625,1560.6030883789062,16.792724609375,40.0225830078125
IMG_0045.mp4,537,17.9,30.0,230,2,traffic_signs,0.82075035572052,1368.3502197265625,1201.9644775390625,1456.9439697265625,1394.6431884765625,1412.6470947265625,1298.3038330078125,88.59375,192.6787109375
IMG_0045.mp4,537,17.9,30.0,380,2,traffic_signs,0.26760849356651306,3325.30322265625,1759.98583984375,3378.728271484375,1822.0340576171875,3352.0157470703125,1791.0099487304688,53.425048828125,62.0482177734375
IMG_0045.mp4,538,17.933333333333334,30.0,222,2,traffic_signs,0.8650475144386292,2386.92431640625,1562.7305908203125,2475.590576171875,1656.1505126953125,2431.2574462890625,1609.4405517578125,88.666259765625,93.419921875
IMG_0045.mp4,538,17.933333333333334,30.0,229,2,traffic_signs,0.7793067097663879,3242.306396484375,1696.0345458984375,3317.59423828125,1779.0836181640625,3279.9503173828125,1737.55908203125,75.287841796875,83.049072265625
IMG_0045.mp4,538,17.933333333333334,30.0,251,2,traffic_signs,0.9019224047660828,1795.3634033203125,1619.52783203125,1910.522216796875,1755.6500244140625,1852.9428100585938,1687.5889282226562,115.1588134765625,136.1221923828125
IMG_0045.mp4,538,17.933333333333334,30.0,339,2,traffic_signs,0.8478683233261108,1886.6876220703125,1480.3253173828125,1917.829345703125,1581.6820068359375,1902.2584838867188,1531.003662109375,31.1417236328125,101.356689453125
IMG_0045.mp4,538,17.933333333333334,30.0,291,2,traffic_signs,0.9237911105155945,911.6566162109375,1448.2154541015625,963.736572265625,1536.234619140625,937.6965942382812,1492.2250366210938,52.0799560546875,88.0191650390625
IMG_0045.mp4,538,17.933333333333334,30.0,330,2,traffic_signs,0.9341908693313599,1631.4862060546875,1193.2021484375,1834.656494140625,1424.323486328125,1733.0713500976562,1308.7628173828125,203.1702880859375,231.121337890625
IMG_0045.mp4,538,17.933333333333334,30.0,375,2,traffic_signs,0.3580974042415619,1464.78515625,1614.381591796875,1494.04052734375,1656.593994140625,1479.412841796875,1635.48779296875,29.25537109375,42.21240234375
IMG_0045.mp4,538,17.933333333333334,30.0,379,2,traffic_signs,0.7800488471984863,926.598876953125,1365.3336181640625,967.304443359375,1442.69482421875,946.95166015625,1404.0142211914062,40.70556640625,77.3612060546875
IMG_0045.mp4,538,17.933333333333334,30.0,334,2,traffic_signs,0.9076694250106812,1026.9461669921875,1449.6741943359375,1089.684326171875,1525.63818359375,1058.3152465820312,1487.6561889648438,62.7381591796875,75.9639892578125
IMG_0045.mp4,538,17.933333333333334,30.0,374,2,traffic_signs,0.2660496234893799,1201.33544921875,1540.4957275390625,1217.2606201171875,1579.2469482421875,1209.2980346679688,1559.871337890625,15.9251708984375,38.751220703125
IMG_0045.mp4,538,17.933333333333334,30.0,230,2,traffic_signs,0.9052764177322388,1360.7276611328125,1196.5125732421875,1450.47607421875,1387.0770263671875,1405.6018676757812,1291.7947998046875,89.7484130859375,190.564453125
IMG_0045.mp4,539,17.966666666666665,30.0,222,2,traffic_signs,0.9026908874511719,2391.64794921875,1560.888671875,2481.855224609375,1655.2255859375,2436.7515869140625,1608.05712890625,90.207275390625,94.3369140625
IMG_0045.mp4,539,17.966666666666665,30.0,229,2,traffic_signs,0.8849688172340393,3254.3203125,1695.4654541015625,3328.512451171875,1779.5313720703125,3291.4163818359375,1737.4984130859375,74.192138671875,84.06591796875
IMG_0045.mp4,539,17.966666666666665,30.0,251,2,traffic_signs,0.8737845420837402,1793.2490234375,1617.46630859375,1909.385498046875,1754.8260498046875,1851.3172607421875,1686.1461791992188,116.136474609375,137.3597412109375
IMG_0045.mp4,539,17.966666666666665,30.0,339,2,traffic_signs,0.8339929580688477,1887.206298828125,1477.782958984375,1918.45751953125,1578.759765625,1902.8319091796875,1528.2713623046875,31.251220703125,100.976806640625
IMG_0045.mp4,539,17.966666666666665,30.0,291,2,traffic_signs,0.9222333431243896,907.8877563476562,1448.3753662109375,959.9715576171875,1532.79541015625,933.9296569824219,1490.5853881835938,52.08380126953125,84.4200439453125
IMG_0045.mp4,539,17.966666666666665,30.0,330,2,traffic_signs,0.8626973628997803,1664.218505859375,1181.8565673828125,1826.4024658203125,1420.2779541015625,1745.3104858398438,1301.0672607421875,162.1839599609375,238.42138671875
IMG_0045.mp4,539,17.966666666666665,30.0,375,2,traffic_signs,0.3050117790699005,1467.5303955078125,1613.535400390625,1497.59375,1656.01953125,1482.5620727539062,1634.7774658203125,30.0633544921875,42.484130859375
IMG_0045.mp4,539,17.966666666666665,30.0,379,2,traffic_signs,0.917681872844696,923.1406860351562,1360.97998046875,970.453857421875,1445.16650390625,946.7972717285156,1403.0732421875,47.31317138671875,84.1865234375
IMG_0045.mp4,539,17.966666666666665,30.0,334,2,traffic_signs,0.9248701333999634,1025.7684326171875,1447.19970703125,1088.17626953125,1524.0067138671875,1056.9723510742188,1485.6032104492188,62.4078369140625,76.8070068359375
IMG_0045.mp4,539,17.966666666666665,30.0,374,2,traffic_signs,0.4656086266040802,1204.064453125,1539.6683349609375,1220.3717041015625,1579.17578125,1212.2180786132812,1559.4220581054688,16.3072509765625,39.5074462890625
IMG_0045.mp4,539,17.966666666666665,30.0,230,2,traffic_signs,0.9162584543228149,1349.908203125,1189.4884033203125,1441.159912109375,1379.5338134765625,1395.5340576171875,1284.5111083984375,91.251708984375,190.04541015625
IMG_0045.mp4,540,18.0,30.0,222,2,traffic_signs,0.9087134003639221,2397.668701171875,1561.6942138671875,2488.71923828125,1657.73291015625,2443.1939697265625,1609.7135620117188,91.050537109375,96.0386962890625
IMG_0045.mp4,540,18.0,30.0,229,2,traffic_signs,0.8537521958351135,3265.936279296875,1696.67724609375,3340.511962890625,1782.055908203125,3303.22412109375,1739.3665771484375,74.57568359375,85.378662109375
IMG_0045.mp4,540,18.0,30.0,251,2,traffic_signs,0.8745859861373901,1791.03076171875,1617.96923828125,1908.843505859375,1755.614990234375,1849.9371337890625,1686.7921142578125,117.812744140625,137.645751953125
IMG_0045.mp4,540,18.0,30.0,339,2,traffic_signs,0.8411699533462524,1888.2515869140625,1478.6622314453125,1919.9197998046875,1579.9517822265625,1904.085693359375,1529.3070068359375,31.668212890625,101.28955078125
IMG_0045.mp4,540,18.0,30.0,291,2,traffic_signs,0.8955680131912231,907.4730834960938,1447.837158203125,957.5687866210938,1532.09521484375,932.5209350585938,1489.9661865234375,50.095703125,84.258056640625
IMG_0045.mp4,540,18.0,30.0,330,2,traffic_signs,0.8929191827774048,1648.1744384765625,1170.2745361328125,1817.114990234375,1413.7095947265625,1732.6447143554688,1291.9920654296875,168.9405517578125,243.43505859375
IMG_0045.mp4,540,18.0,30.0,375,2,traffic_signs,0.5818208456039429,1470.9576416015625,1615.4100341796875,1502.1689453125,1658.8255615234375,1486.5632934570312,1637.1177978515625,31.2113037109375,43.41552734375
IMG_0045.mp4,540,18.0,30.0,379,2,traffic_signs,0.9224252104759216,921.9951782226562,1359.7457275390625,968.6491088867188,1443.8199462890625,945.3221435546875,1401.7828369140625,46.6539306640625,84.07421875
IMG_0045.mp4,540,18.0,30.0,334,2,traffic_signs,0.923343300819397,1023.8681030273438,1447.12353515625,1086.625244140625,1524.3721923828125,1055.2466735839844,1485.7478637695312,62.75714111328125,77.2486572265625
IMG_0045.mp4,540,18.0,30.0,374,2,traffic_signs,0.32913854718208313,1207.2940673828125,1540.7845458984375,1223.6427001953125,1580.57470703125,1215.4683837890625,1560.6796264648438,16.3486328125,39.7901611328125
IMG_0045.mp4,540,18.0,30.0,230,2,traffic_signs,0.9071611166000366,1339.545166015625,1183.754150390625,1432.700927734375,1374.8016357421875,1386.123046875,1279.2778930664062,93.15576171875,191.0474853515625
IMG_0045.mp4,540,18.0,30.0,376,2,traffic_signs,0.4735659062862396,1003.2029418945312,1544.0345458984375,1033.4169921875,1592.0968017578125,1018.3099670410156,1568.065673828125,30.21405029296875,48.062255859375
IMG_0045.mp4,540,18.0,30.0,384,2,traffic_signs,0.4380735754966736,1791.3729248046875,1746.5599365234375,1861.24560546875,1954.0413818359375,1826.3092651367188,1850.3006591796875,69.8726806640625,207.4814453125
IMG_0045.mp4,541,18.033333333333335,30.0,222,2,traffic_signs,0.6294265389442444,2402.11083984375,1563.0377197265625,2491.916259765625,1659.6593017578125,2447.0135498046875,1611.3485107421875,89.805419921875,96.62158203125
IMG_0045.mp4,541,18.033333333333335,30.0,229,2,traffic_signs,0.8563508987426758,3275.268310546875,1699.3328857421875,3352.265625,1784.6693115234375,3313.7669677734375,1742.0010986328125,76.997314453125,85.33642578125
IMG_0045.mp4,541,18.033333333333335,30.0,251,2,traffic_signs,0.8568412661552429,1789.5113525390625,1618.0526123046875,1907.8228759765625,1756.8489990234375,1848.6671142578125,1687.4508056640625,118.3115234375,138.79638671875
IMG_0045.mp4,541,18.033333333333335,30.0,339,2,traffic_signs,0.850111186504364,1889.4630126953125,1479.487060546875,1921.4951171875,1581.359375,1905.4790649414062,1530.4232177734375,32.0321044921875,101.872314453125
IMG_0045.mp4,541,18.033333333333335,30.0,291,2,traffic_signs,0.9065433144569397,900.9127197265625,1448.7652587890625,954.26318359375,1534.00732421875,927.5879516601562,1491.3862915039062,53.3504638671875,85.2420654296875
IMG_0045.mp4,541,18.033333333333335,30.0,330,2,traffic_signs,0.8957585692405701,1603.9163818359375,1160.5654296875,1808.0836181640625,1408.2362060546875,1706.0,1284.4008178710938,204.167236328125,247.6707763671875
IMG_0045.mp4,541,18.033333333333335,30.0,375,2,traffic_signs,0.7287620306015015,1474.665771484375,1617.57470703125,1506.5557861328125,1661.1827392578125,1490.6107788085938,1639.3787231445312,31.8900146484375,43.6080322265625
IMG_0045.mp4,541,18.033333333333335,30.0,379,2,traffic_signs,0.9276681542396545,915.734619140625,1360.142333984375,965.7218627929688,1444.1715087890625,940.7282409667969,1402.1569213867188,49.98724365234375,84.0291748046875
IMG_0045.mp4,541,18.033333333333335,30.0,334,2,traffic_signs,0.9101515412330627,1021.5055541992188,1448.46630859375,1085.0782470703125,1526.6058349609375,1053.2919006347656,1487.5360717773438,63.57269287109375,78.1395263671875
IMG_0045.mp4,541,18.033333333333335,30.0,230,2,traffic_signs,0.5933409929275513,1327.0699462890625,1179.2540283203125,1422.9783935546875,1371.22265625,1375.024169921875,1275.2383422851562,95.908447265625,191.9686279296875
IMG_0045.mp4,541,18.033333333333335,30.0,391,2,traffic_signs,0.6774675846099854,1967.5679931640625,1662.2308349609375,1983.849853515625,1698.2471923828125,1975.7089233398438,1680.239013671875,16.2818603515625,36.016357421875
IMG_0045.mp4,541,18.033333333333335,30.0,392,2,traffic_signs,0.5702608823776245,1788.6346435546875,1614.298583984375,1909.4151611328125,1762.0198974609375,1849.02490234375,1688.1592407226562,120.780517578125,147.7213134765625
IMG_0045.mp4,541,18.033333333333335,30.0,376,2,traffic_signs,0.7262582182884216,1005.6331787109375,1546.642822265625,1035.7301025390625,1594.4620361328125,1020.681640625,1570.5524291992188,30.096923828125,47.8192138671875
IMG_0045.mp4,541,18.033333333333335,30.0,384,2,traffic_signs,0.4728233516216278,1788.728515625,1748.1358642578125,1861.39404296875,1956.5263671875,1825.061279296875,1852.3311157226562,72.66552734375,208.3905029296875
IMG_0045.mp4,542,18.066666666666666,30.0,222,2,traffic_signs,0.8880390524864197,2404.93896484375,1559.7889404296875,2493.822265625,1654.6617431640625,2449.380615234375,1607.225341796875,88.88330078125,94.872802734375
IMG_0045.mp4,542,18.066666666666666,30.0,229,2,traffic_signs,0.5716262459754944,3283.149169921875,1696.5504150390625,3357.548583984375,1781.6781005859375,3320.348876953125,1739.1142578125,74.3994140625,85.127685546875
IMG_0045.mp4,542,18.066666666666666,30.0,251,2,traffic_signs,0.8524913787841797,1789.8958740234375,1613.82958984375,1906.3697509765625,1754.6697998046875,1848.1328125,1684.2496948242188,116.473876953125,140.8402099609375
IMG_0045.mp4,542,18.066666666666666,30.0,339,2,traffic_signs,0.8211126327514648,1891.314697265625,1473.5921630859375,1922.59033203125,1578.610595703125,1906.9525146484375,1526.1013793945312,31.275634765625,105.0184326171875
IMG_0045.mp4,542,18.066666666666666,30.0,291,2,traffic_signs,0.759793758392334,900.5667724609375,1443.151611328125,954.3207397460938,1530.4842529296875,927.4437561035156,1486.8179321289062,53.75396728515625,87.3326416015625
IMG_0045.mp4,542,18.066666666666666,30.0,330,2,traffic_signs,0.9326426982879639,1648.3382568359375,1150.5810546875,1799.5382080078125,1400.179443359375,1723.938232421875,1275.3802490234375,151.199951171875,249.598388671875
IMG_0045.mp4,542,18.066666666666666,30.0,375,2,traffic_signs,0.5564188957214355,1479.668212890625,1615.952880859375,1510.7142333984375,1659.1610107421875,1495.1912231445312,1637.5569458007812,31.0460205078125,43.2081298828125
IMG_0045.mp4,542,18.066666666666666,30.0,379,2,traffic_signs,0.92645263671875,914.7040405273438,1356.0880126953125,965.6322631835938,1440.9249267578125,940.1681518554688,1398.5064697265625,50.92822265625,84.8369140625
IMG_0045.mp4,542,18.066666666666666,30.0,334,2,traffic_signs,0.9296430349349976,1023.80810546875,1444.917236328125,1086.701416015625,1523.959716796875,1055.2547607421875,1484.4384765625,62.893310546875,79.04248046875
IMG_0045.mp4,542,18.066666666666666,30.0,230,2,traffic_signs,0.920984148979187,1318.9385986328125,1170.8143310546875,1415.8570556640625,1364.244873046875,1367.3978271484375,1267.5296020507812,96.91845703125,193.4305419921875
IMG_0045.mp4,542,18.066666666666666,30.0,391,2,traffic_signs,0.7369966506958008,1971.1627197265625,1659.1258544921875,1988.2327880859375,1696.974609375,1979.69775390625,1678.0502319335938,17.070068359375,37.8487548828125
IMG_0045.mp4,542,18.066666666666666,30.0,392,2,traffic_signs,0.34162670373916626,1788.972412109375,1610.6715087890625,1909.187255859375,1757.397216796875,1849.079833984375,1684.0343627929688,120.21484375,146.7257080078125
IMG_0045.mp4,542,18.066666666666666,30.0,376,2,traffic_signs,0.7391656637191772,1012.1683349609375,1544.83544921875,1040.2698974609375,1592.195068359375,1026.2191162109375,1568.5152587890625,28.1015625,47.359619140625
IMG_0045.mp4,542,18.066666666666666,30.0,374,2,traffic_signs,0.31804078817367554,1214.89990234375,1540.6829833984375,1231.55615234375,1580.9989013671875,1223.22802734375,1560.8409423828125,16.65625,40.31591796875
IMG_0045.mp4,543,18.1,30.0,222,2,traffic_signs,0.909300684928894,2410.3369140625,1557.3638916015625,2499.956298828125,1651.93505859375,2455.1466064453125,1604.6494750976562,89.619384765625,94.5711669921875
IMG_0045.mp4,543,18.1,30.0,229,2,traffic_signs,0.8439545035362244,3291.52880859375,1695.5970458984375,3369.175048828125,1780.00244140625,3330.3519287109375,1737.7997436523438,77.646240234375,84.4053955078125
IMG_0045.mp4,543,18.1,30.0,251,2,traffic_signs,0.808106541633606,1787.79443359375,1610.6854248046875,1905.1724853515625,1751.395263671875,1846.4834594726562,1681.0403442382812,117.3780517578125,140.7098388671875
IMG_0045.mp4,543,18.1,30.0,339,2,traffic_signs,0.8201348185539246,1892.1138916015625,1469.56787109375,1924.5657958984375,1576.7327880859375,1908.33984375,1523.1503295898438,32.451904296875,107.1649169921875
IMG_0045.mp4,543,18.1,30.0,291,2,traffic_signs,0.8484395742416382,898.7283935546875,1438.848876953125,950.7989501953125,1525.793701171875,924.763671875,1482.3212890625,52.070556640625,86.94482421875
IMG_0045.mp4,543,18.1,30.0,330,2,traffic_signs,0.9419914484024048,1660.92138671875,1139.8990478515625,1791.6064453125,1391.960205078125,1726.263916015625,1265.9296264648438,130.68505859375,252.0611572265625
IMG_0045.mp4,543,18.1,30.0,375,2,traffic_signs,0.5786530375480652,1483.56640625,1613.70166015625,1514.627685546875,1657.24853515625,1499.0970458984375,1635.47509765625,31.061279296875,43.546875
IMG_0045.mp4,543,18.1,30.0,379,2,traffic_signs,0.9300897717475891,912.80712890625,1351.7073974609375,962.9332885742188,1437.423828125,937.8702087402344,1394.5656127929688,50.12615966796875,85.7164306640625
IMG_0045.mp4,543,18.1,30.0,334,2,traffic_signs,0.9346404075622559,1023.3292846679688,1441.3477783203125,1086.452880859375,1520.7718505859375,1054.8910827636719,1481.059814453125,63.12359619140625,79.424072265625
IMG_0045.mp4,543,18.1,30.0,230,2,traffic_signs,0.9010441303253174,1310.5069580078125,1160.3763427734375,1408.7344970703125,1364.230224609375,1359.6207275390625,1262.3032836914062,98.2275390625,203.8538818359375
IMG_0045.mp4,543,18.1,30.0,391,2,traffic_signs,0.7124309539794922,1974.48974609375,1658.3837890625,1992.8232421875,1696.8760986328125,1983.656494140625,1677.6299438476562,18.33349609375,38.4923095703125
IMG_0045.mp4,543,18.1,30.0,392,2,traffic_signs,0.8369707465171814,1786.6990966796875,1607.078857421875,1907.33251953125,1751.8250732421875,1847.0158081054688,1679.4519653320312,120.6334228515625,144.7462158203125
IMG_0045.mp4,543,18.1,30.0,376,2,traffic_signs,0.775590181350708,1015.0237426757812,1542.90087890625,1041.044677734375,1588.547607421875,1028.0342102050781,1565.7242431640625,26.02093505859375,45.646728515625
IMG_0045.mp4,543,18.1,30.0,374,2,traffic_signs,0.4761105477809906,1219.06005859375,1539.509521484375,1235.9561767578125,1579.426025390625,1227.5081176757812,1559.4677734375,16.8961181640625,39.91650390625
IMG_0045.mp4,544,18.133333333333333,30.0,222,2,traffic_signs,0.9116753935813904,2415.891357421875,1557.6739501953125,2506.87646484375,1653.770751953125,2461.3839111328125,1605.7223510742188,90.985107421875,96.0968017578125
IMG_0045.mp4,544,18.133333333333333,30.0,229,2,traffic_signs,0.8772342801094055,3304.169921875,1696.4971923828125,3384.861083984375,1783.8759765625,3344.5155029296875,1740.1865844726562,80.691162109375,87.3787841796875
IMG_0045.mp4,544,18.133333333333333,30.0,251,2,traffic_signs,0.5731617212295532,1784.23974609375,1609.0238037109375,1904.2218017578125,1753.1910400390625,1844.2307739257812,1681.107421875,119.9820556640625,144.167236328125
IMG_0045.mp4,544,18.133333333333333,30.0,339,2,traffic_signs,0.850719153881073,1893.014404296875,1468.44384765625,1925.835205078125,1576.22705078125,1909.4248046875,1522.33544921875,32.82080078125,107.783203125
IMG_0045.mp4,544,18.133333333333333,30.0,291,2,traffic_signs,0.8859074711799622,892.47607421875,1437.8857421875,945.3216552734375,1523.2335205078125,918.8988647460938,1480.5596313476562,52.8455810546875,85.3477783203125
IMG_0045.mp4,544,18.133333333333333,30.0,330,2,traffic_signs,0.8241731524467468,1647.7869873046875,1128.2982177734375,1780.9971923828125,1387.8349609375,1714.39208984375,1258.0665893554688,133.210205078125,259.5367431640625
IMG_0045.mp4,544,18.133333333333333,30.0,375,2,traffic_signs,0.4793713688850403,1486.474365234375,1615.5264892578125,1517.458984375,1659.4578857421875,1501.9666748046875,1637.4921875,30.984619140625,43.931396484375
IMG_0045.mp4,544,18.133333333333333,30.0,379,2,traffic_signs,0.9319875240325928,906.80078125,1349.19189453125,959.5245971679688,1437.101806640625,933.1626892089844,1393.1468505859375,52.72381591796875,87.909912109375
IMG_0045.mp4,544,18.133333333333333,30.0,334,2,traffic_signs,0.9356235265731812,1018.821533203125,1440.538818359375,1083.682373046875,1519.6839599609375,1051.251953125,1480.1113891601562,64.86083984375,79.1451416015625
IMG_0045.mp4,544,18.133333333333333,30.0,230,2,traffic_signs,0.9089521169662476,1296.9896240234375,1152.17724609375,1396.7310791015625,1353.10400390625,1346.8603515625,1252.640625,99.741455078125,200.9267578125
IMG_0045.mp4,544,18.133333333333333,30.0,391,2,traffic_signs,0.7380889058113098,1977.8909912109375,1660.2979736328125,1998.4910888671875,1699.491455078125,1988.1910400390625,1679.8947143554688,20.60009765625,39.1934814453125
IMG_0045.mp4,544,18.133333333333333,30.0,392,2,traffic_signs,0.9201905727386475,1781.828125,1606.154541015625,1906.0462646484375,1753.8775634765625,1843.9371948242188,1680.0160522460938,124.2181396484375,147.7230224609375
IMG_0045.mp4,544,18.133333333333333,30.0,376,2,traffic_signs,0.7112652063369751,1014.9699096679688,1543.8953857421875,1039.518310546875,1589.2835693359375,1027.2441101074219,1566.5894775390625,24.54840087890625,45.38818359375
IMG_0045.mp4,545,18.166666666666668,30.0,222,2,traffic_signs,0.8984405994415283,2418.81591796875,1558.1982421875,2511.59521484375,1655.0509033203125,2465.20556640625,1606.6245727539062,92.779296875,96.8526611328125
IMG_0045.mp4,545,18.166666666666668,30.0,229,2,traffic_signs,0.8051455020904541,3313.382080078125,1697.42138671875,3393.4814453125,1785.0074462890625,3353.4317626953125,1741.2144165039062,80.099365234375,87.5860595703125
IMG_0045.mp4,545,18.166666666666668,30.0,339,2,traffic_signs,0.8509395718574524,1892.8701171875,1467.0299072265625,1926.1942138671875,1576.5899658203125,1909.5321655273438,1521.8099365234375,33.3240966796875,109.56005859375
IMG_0045.mp4,545,18.166666666666668,30.0,291,2,traffic_signs,0.870155394077301,888.037109375,1437.7916259765625,941.3126220703125,1522.233642578125,914.6748657226562,1480.0126342773438,53.2755126953125,84.4420166015625
IMG_0045.mp4,545,18.166666666666668,30.0,330,2,traffic_signs,0.9440105557441711,1565.957275390625,1116.9913330078125,1770.5394287109375,1376.806640625,1668.2483520507812,1246.8989868164062,204.5821533203125,259.8153076171875
IMG_0045.mp4,545,18.166666666666668,30.0,375,2,traffic_signs,0.6344385147094727,1489.545654296875,1617.0450439453125,1521.3204345703125,1661.91943359375,1505.4330444335938,1639.4822387695312,31.7747802734375,44.8743896484375
IMG_0045.mp4,545,18.166666666666668,30.0,379,2,traffic_signs,0.933207094669342,903.210693359375,1349.2158203125,955.8927001953125,1436.323486328125,929.5516967773438,1392.7696533203125,52.6820068359375,87.107666015625
IMG_0045.mp4,545,18.166666666666668,30.0,334,2,traffic_signs,0.9337133765220642,1016.125244140625,1440.7188720703125,1081.988037109375,1519.5693359375,1049.056640625,1480.1441040039062,65.86279296875,78.8504638671875
IMG_0045.mp4,545,18.166666666666668,30.0,230,2,traffic_signs,0.9127273559570312,1283.5411376953125,1145.9774169921875,1385.3116455078125,1348.4512939453125,1334.4263916015625,1247.21435546875,101.7705078125,202.473876953125
IMG_0045.mp4,545,18.166666666666668,30.0,391,2,traffic_signs,0.4820164740085602,1980.814208984375,1661.8826904296875,2003.89501953125,1700.2857666015625,1992.3546142578125,1681.084228515625,23.080810546875,38.403076171875
IMG_0045.mp4,545,18.166666666666668,30.0,376,2,traffic_signs,0.7434837222099304,1016.2744140625,1545.23583984375,1041.369140625,1590.2254638671875,1028.82177734375,1567.7306518554688,25.0947265625,44.9896240234375
IMG_0045.mp4,546,18.2,30.0,222,2,traffic_signs,0.9083918333053589,2422.31982421875,1556.58154296875,2514.86572265625,1653.992431640625,2468.5927734375,1605.2869873046875,92.5458984375,97.410888671875
IMG_0045.mp4,546,18.2,30.0,229,2,traffic_signs,0.8225427269935608,3320.512939453125,1698.4593505859375,3401.242431640625,1784.666259765625,3360.877685546875,1741.5628051757812,80.7294921875,86.2069091796875
IMG_0045.mp4,546,18.2,30.0,339,2,traffic_signs,0.8580055832862854,1892.6346435546875,1465.0733642578125,1926.542236328125,1574.0162353515625,1909.5884399414062,1519.5447998046875,33.9075927734375,108.94287109375
IMG_0045.mp4,546,18.2,30.0,291,2,traffic_signs,0.6028884053230286,884.1834716796875,1439.0152587890625,936.6566162109375,1519.8487548828125,910.4200439453125,1479.4320068359375,52.47314453125,80.83349609375
IMG_0045.mp4,546,18.2,30.0,330,2,traffic_signs,0.9470934271812439,1530.48779296875,1107.3468017578125,1759.37744140625,1371.73486328125,1644.9326171875,1239.5408325195312,228.8896484375,264.3880615234375
IMG_0045.mp4,546,18.2,30.0,375,2,traffic_signs,0.553574800491333,1492.20947265625,1614.5697021484375,1524.79736328125,1662.470458984375,1508.50341796875,1638.5200805664062,32.587890625,47.9007568359375
IMG_0045.mp4,546,18.2,30.0,379,2,traffic_signs,0.7370498776435852,899.8118286132812,1348.6082763671875,952.5144653320312,1437.26708984375,926.1631469726562,1392.9376831054688,52.70263671875,88.6588134765625
IMG_0045.mp4,546,18.2,30.0,334,2,traffic_signs,0.9350012540817261,1014.769287109375,1440.5809326171875,1080.3468017578125,1518.4326171875,1047.5580444335938,1479.5067749023438,65.5775146484375,77.8516845703125
IMG_0045.mp4,546,18.2,30.0,230,2,traffic_signs,0.9248183965682983,1270.4151611328125,1137.5123291015625,1373.7418212890625,1340.3594970703125,1322.0784912109375,1238.9359130859375,103.32666015625,202.84716796875
IMG_0045.mp4,546,18.2,30.0,391,2,traffic_signs,0.5867420434951782,1983.6512451171875,1662.118896484375,2007.9644775390625,1699.8349609375,1995.807861328125,1680.9769287109375,24.313232421875,37.716064453125
IMG_0045.mp4,546,18.2,30.0,376,2,traffic_signs,0.6406248807907104,1018.8053588867188,1546.9996337890625,1044.7708740234375,1590.1834716796875,1031.7881164550781,1568.591552734375,25.96551513671875,43.183837890625
IMG_0045.mp4,546,18.2,30.0,401,2,traffic_signs,0.4330385625362396,121.652099609375,1461.341064453125,234.85012817382812,1590.794677734375,178.25111389160156,1526.06787109375,113.19802856445312,129.45361328125
IMG_0045.mp4,546,18.2,30.0,251,2,traffic_signs,0.9455658197402954,1775.9141845703125,1603.8428955078125,1900.0206298828125,1753.5419921875,1837.9674072265625,1678.6924438476562,124.1064453125,149.6990966796875
IMG_0045.mp4,547,18.233333333333334,30.0,229,2,traffic_signs,0.8493643999099731,3329.00634765625,1697.16650390625,3413.755859375,1785.8358154296875,3371.381103515625,1741.5011596679688,84.74951171875,88.6693115234375
IMG_0045.mp4,547,18.233333333333334,30.0,339,2,traffic_signs,0.8648744821548462,1892.8406982421875,1463.5228271484375,1927.4317626953125,1571.409423828125,1910.13623046875,1517.4661254882812,34.591064453125,107.8865966796875
IMG_0045.mp4,547,18.233333333333334,30.0,291,2,traffic_signs,0.8979538083076477,878.8533935546875,1435.6087646484375,934.369384765625,1518.9415283203125,906.6113891601562,1477.275146484375,55.5159912109375,83.332763671875
IMG_0045.mp4,547,18.233333333333334,30.0,330,2,traffic_signs,0.49360617995262146,1507.3001708984375,1097.43603515625,1749.2239990234375,1361.64111328125,1628.2620849609375,1229.53857421875,241.923828125,264.205078125
IMG_0045.mp4,547,18.233333333333334,30.0,375,2,traffic_signs,0.4651836156845093,1496.3446044921875,1614.054443359375,1529.746826171875,1661.761962890625,1513.0457153320312,1637.908203125,33.4022216796875,47.70751953125
IMG_0045.mp4,547,18.233333333333334,30.0,379,2,traffic_signs,0.9290093779563904,896.3377685546875,1345.8172607421875,949.0877685546875,1433.3358154296875,922.7127685546875,1389.5765380859375,52.75,87.5185546875
IMG_0045.mp4,547,18.233333333333334,30.0,334,2,traffic_signs,0.9381250143051147,1013.4251708984375,1439.0009765625,1079.5181884765625,1516.99365234375,1046.4716796875,1477.997314453125,66.093017578125,77.99267578125
IMG_0045.mp4,547,18.233333333333334,30.0,230,2,traffic_signs,0.9372652173042297,1257.5338134765625,1128.5887451171875,1363.0723876953125,1334.619140625,1310.3031005859375,1231.6039428710938,105.53857421875,206.0303955078125
IMG_0045.mp4,547,18.233333333333334,30.0,391,2,traffic_signs,0.771041750907898,1987.5482177734375,1659.5196533203125,2012.5223388671875,1700.1492919921875,2000.0352783203125,1679.83447265625,24.97412109375,40.629638671875
IMG_0045.mp4,547,18.233333333333334,30.0,376,2,traffic_signs,0.5526670217514038,1022.02392578125,1546.0526123046875,1048.5419921875,1589.2373046875,1035.282958984375,1567.6449584960938,26.51806640625,43.1846923828125
IMG_0045.mp4,547,18.233333333333334,30.0,401,2,traffic_signs,0.42273223400115967,112.9826431274414,1460.5711669921875,225.4525146484375,1588.9388427734375,169.21757888793945,1524.7550048828125,112.4698715209961,128.36767578125
IMG_0045.mp4,547,18.233333333333334,30.0,251,2,traffic_signs,0.9391675591468811,1773.0291748046875,1601.453369140625,1897.614013671875,1753.338623046875,1835.3215942382812,1677.39599609375,124.5848388671875,151.88525390625
IMG_0045.mp4,548,18.266666666666666,30.0,229,2,traffic_signs,0.8850627541542053,3335.55419921875,1696.4827880859375,3423.218017578125,1783.3941650390625,3379.3861083984375,1739.9384765625,87.663818359375,86.911376953125
IMG_0045.mp4,548,18.266666666666666,30.0,339,2,traffic_signs,0.8600448966026306,1893.7529296875,1458.0933837890625,1928.6148681640625,1565.5565185546875,1911.1838989257812,1511.824951171875,34.8619384765625,107.463134765625
IMG_0045.mp4,548,18.266666666666666,30.0,291,2,traffic_signs,0.912584662437439,874.2191162109375,1430.0198974609375,932.2506103515625,1514.374755859375,903.23486328125,1472.1973266601562,58.031494140625,84.3548583984375
IMG_0045.mp4,548,18.266666666666666,30.0,379,2,traffic_signs,0.914315402507782,893.7191162109375,1339.31982421875,946.2326049804688,1428.1610107421875,919.9758605957031,1383.7404174804688,52.51348876953125,88.8411865234375
IMG_0045.mp4,548,18.266666666666666,30.0,334,2,traffic_signs,0.9339851140975952,1012.4537353515625,1434.0223388671875,1078.65576171875,1512.74853515625,1045.5547485351562,1473.3854370117188,66.2020263671875,78.7261962890625
IMG_0045.mp4,548,18.266666666666666,30.0,230,2,traffic_signs,0.9408307671546936,1243.9564208984375,1116.5958251953125,1351.7694091796875,1325.9796142578125,1297.8629150390625,1221.2877197265625,107.81298828125,209.3837890625
IMG_0045.mp4,548,18.266666666666666,30.0,391,2,traffic_signs,0.7854381203651428,1989.587890625,1657.085693359375,2015.4283447265625,1698.328125,2002.5081176757812,1677.7069091796875,25.8404541015625,41.242431640625
IMG_0045.mp4,548,18.266666666666666,30.0,376,2,traffic_signs,0.2949416935443878,1026.960693359375,1543.381103515625,1052.27392578125,1585.937744140625,1039.6173095703125,1564.659423828125,25.313232421875,42.556640625
IMG_0045.mp4,548,18.266666666666666,30.0,251,2,traffic_signs,0.9363067150115967,1768.9769287109375,1597.021240234375,1894.4461669921875,1749.77587890625,1831.7115478515625,1673.3985595703125,125.46923828125,152.754638671875
IMG_0045.mp4,548,18.266666666666666,30.0,222,2,traffic_signs,0.8855640292167664,2430.275390625,1550.1766357421875,2520.85009765625,1648.594970703125,2475.562744140625,1599.3858032226562,90.57470703125,98.4183349609375
IMG_0045.mp4,549,18.3,30.0,229,2,traffic_signs,0.861845076084137,3348.153564453125,1697.3114013671875,3434.237060546875,1784.305419921875,3391.1953125,1740.8084106445312,86.08349609375,86.9940185546875
IMG_0045.mp4,549,18.3,30.0,339,2,traffic_signs,0.8593330383300781,1892.7584228515625,1454.9964599609375,1928.442138671875,1563.9351806640625,1910.6002807617188,1509.4658203125,35.6837158203125,108.938720703125
IMG_0045.mp4,549,18.3,30.0,291,2,traffic_signs,0.8847824335098267,865.3365478515625,1427.094482421875,925.0280151367188,1512.4302978515625,895.1822814941406,1469.7623901367188,59.69146728515625,85.3358154296875
IMG_0045.mp4,549,18.3,30.0,379,2,traffic_signs,0.895027756690979,887.0084838867188,1336.031005859375,939.1574096679688,1425.182373046875,913.0829467773438,1380.606689453125,52.14892578125,89.1513671875
IMG_0045.mp4,549,18.3,30.0,334,2,traffic_signs,0.9327707886695862,1008.4246215820312,1431.61669921875,1075.7926025390625,1510.566650390625,1042.1086120605469,1471.0916748046875,67.36798095703125,78.949951171875
IMG_0045.mp4,549,18.3,30.0,230,2,traffic_signs,0.9521580934524536,1226.0743408203125,1107.3175048828125,1337.8226318359375,1317.8558349609375,1281.948486328125,1212.586669921875,111.748291015625,210.538330078125
IMG_0045.mp4,549,18.3,30.0,391,2,traffic_signs,0.7885036468505859,1992.916015625,1657.4178466796875,2018.8677978515625,1698.780029296875,2005.8919067382812,1678.0989379882812,25.9517822265625,41.3621826171875
IMG_0045.mp4,549,18.3,30.0,251,2,traffic_signs,0.9327723383903503,1763.8392333984375,1595.1134033203125,1890.9190673828125,1749.450927734375,1827.379150390625,1672.2821655273438,127.079833984375,154.3375244140625
IMG_0045.mp4,549,18.3,30.0,222,2,traffic_signs,0.8835296034812927,2434.33056640625,1548.513671875,2525.8671875,1648.592041015625,2480.098876953125,1598.5528564453125,91.53662109375,100.078369140625
IMG_0045.mp4,549,18.3,30.0,330,2,traffic_signs,0.8336223363876343,1555.134521484375,1064.1282958984375,1718.0928955078125,1330.6641845703125,1636.6137084960938,1197.396240234375,162.9583740234375,266.535888671875
IMG_0045.mp4,550,18.333333333333332,30.0,229,2,traffic_signs,0.8423876166343689,3358.44580078125,1698.8843994140625,3443.768798828125,1786.6370849609375,3401.1072998046875,1742.7607421875,85.322998046875,87.752685546875
IMG_0045.mp4,550,18.333333333333332,30.0,339,2,traffic_signs,0.8685450553894043,1891.14111328125,1454.412109375,1927.3455810546875,1564.4864501953125,1909.2433471679688,1509.4492797851562,36.2044677734375,110.0743408203125
IMG_0045.mp4,550,18.333333333333332,30.0,291,2,traffic_signs,0.8865382075309753,857.991943359375,1426.51611328125,919.2430419921875,1512.38671875,888.6174926757812,1469.451416015625,61.2510986328125,85.87060546875
IMG_0045.mp4,550,18.333333333333332,30.0,379,2,traffic_signs,0.923549234867096,880.3924560546875,1334.6868896484375,933.9223022460938,1423.9864501953125,907.1573791503906,1379.336669921875,53.52984619140625,89.299560546875
IMG_0045.mp4,550,18.333333333333332,30.0,334,2,traffic_signs,0.9331554174423218,1003.5179443359375,1431.3621826171875,1072.634521484375,1510.7203369140625,1038.0762329101562,1471.041259765625,69.1165771484375,79.358154296875
IMG_0045.mp4,550,18.333333333333332,30.0,230,2,traffic_signs,0.9462963938713074,1209.5484619140625,1098.7716064453125,1321.3173828125,1312.84375,1265.4329223632812,1205.8076782226562,111.7689208984375,214.0721435546875
IMG_0045.mp4,550,18.333333333333332,30.0,391,2,traffic_signs,0.7640914916992188,1995.391845703125,1659.1961669921875,2021.7716064453125,1700.86181640625,2008.5817260742188,1680.0289916992188,26.3797607421875,41.6656494140625
IMG_0045.mp4,550,18.333333333333332,30.0,251,2,traffic_signs,0.939380407333374,1759.2071533203125,1594.535400390625,1887.1868896484375,1750.9300537109375,1823.197021484375,1672.7327270507812,127.979736328125,156.3946533203125
IMG_0045.mp4,550,18.333333333333332,30.0,222,2,traffic_signs,0.8726763129234314,2437.524658203125,1548.6053466796875,2531.0244140625,1650.2974853515625,2484.2745361328125,1599.451416015625,93.499755859375,101.692138671875
IMG_0045.mp4,550,18.333333333333332,30.0,404,2,traffic_signs,0.9061346054077148,1454.7471923828125,1056.27734375,1572.8223876953125,1324.564453125,1513.7847900390625,1190.4208984375,118.0751953125,268.287109375
IMG_0045.mp4,550,18.333333333333332,30.0,330,2,traffic_signs,0.9377343058586121,1553.9820556640625,1052.429443359375,1700.8494873046875,1322.92236328125,1627.415771484375,1187.6759033203125,146.867431640625,270.492919921875
IMG_0045.mp4,550,18.333333333333332,30.0,401,2,traffic_signs,0.4663429260253906,65.18572998046875,1456.8939208984375,181.8242645263672,1583.996826171875,123.50499725341797,1520.4453735351562,116.63853454589844,127.1029052734375
IMG_0045.mp4,551,18.366666666666667,30.0,229,2,traffic_signs,0.6732015013694763,3366.401123046875,1699.643798828125,3448.517333984375,1785.95556640625,3407.459228515625,1742.7996826171875,82.1162109375,86.311767578125
IMG_0045.mp4,551,18.366666666666667,30.0,339,2,traffic_signs,0.8703190684318542,1889.7471923828125,1452.5863037109375,1926.5166015625,1563.659912109375,1908.1318969726562,1508.1231079101562,36.7694091796875,111.0736083984375
IMG_0045.mp4,551,18.366666666666667,30.0,291,2,traffic_signs,0.899617075920105,852.687744140625,1426.1300048828125,914.1605834960938,1512.5653076171875,883.4241638183594,1469.34765625,61.47283935546875,86.435302734375
IMG_0045.mp4,551,18.366666666666667,30.0,379,2,traffic_signs,0.9179632663726807,874.5519409179688,1332.81201171875,928.9439697265625,1423.229736328125,901.7479553222656,1378.0208740234375,54.39202880859375,90.417724609375
IMG_0045.mp4,551,18.366666666666667,30.0,334,2,traffic_signs,0.929037868976593,1001.0509643554688,1430.705078125,1070.3878173828125,1509.3802490234375,1035.7193908691406,1470.0426635742188,69.33685302734375,78.6751708984375
IMG_0045.mp4,551,18.366666666666667,30.0,230,2,traffic_signs,0.9408262372016907,1192.3450927734375,1089.1416015625,1306.4068603515625,1307.0701904296875,1249.3759765625,1198.1058959960938,114.061767578125,217.9285888671875
IMG_0045.mp4,551,18.366666666666667,30.0,391,2,traffic_signs,0.7889381647109985,1997.470703125,1659.361328125,2025.592529296875,1700.76220703125,2011.5316162109375,1680.061767578125,28.121826171875,41.40087890625
IMG_0045.mp4,551,18.366666666666667,30.0,251,2,traffic_signs,0.9378441572189331,1754.0902099609375,1592.9847412109375,1883.5052490234375,1748.86962890625,1818.7977294921875,1670.9271850585938,129.4150390625,155.8848876953125
IMG_0045.mp4,551,18.366666666666667,30.0,222,2,traffic_signs,0.8805601000785828,2438.804443359375,1547.145263671875,2534.601318359375,1649.8746337890625,2486.702880859375,1598.5099487304688,95.796875,102.7293701171875
IMG_0045.mp4,551,18.366666666666667,30.0,330,2,traffic_signs,0.8694607615470886,1458.8828125,1040.360107421875,1685.9530029296875,1310.9266357421875,1572.4179077148438,1175.6433715820312,227.0701904296875,270.5665283203125
IMG_0045.mp4,551,18.366666666666667,30.0,401,2,traffic_signs,0.27678462862968445,48.19676971435547,1455.4735107421875,169.8627471923828,1579.1689453125,109.02975845336914,1517.3212280273438,121.66597747802734,123.6954345703125
IMG_0045.mp4,551,18.366666666666667,30.0,376,2,traffic_signs,0.32992249727249146,1025.8536376953125,1544.4112548828125,1054.3348388671875,1590.6612548828125,1040.09423828125,1567.5362548828125,28.481201171875,46.25
IMG_0045.mp4,552,18.4,30.0,229,2,traffic_signs,0.8127743005752563,3372.875244140625,1696.9161376953125,3459.20654296875,1784.8389892578125,3416.0408935546875,1740.8775634765625,86.331298828125,87.9228515625
IMG_0045.mp4,552,18.4,30.0,339,2,traffic_signs,0.8770524263381958,1888.7244873046875,1448.53515625,1925.8157958984375,1560.2366943359375,1907.2701416015625,1504.3859252929688,37.09130859375,111.7015380859375
IMG_0045.mp4,552,18.4,30.0,291,2,traffic_signs,0.9032703638076782,849.5762329101562,1421.63916015625,910.1399536132812,1510.3094482421875,879.8580932617188,1465.9743041992188,60.563720703125,88.6702880859375
IMG_0045.mp4,552,18.4,30.0,379,2,traffic_signs,0.9267923831939697,871.1333618164062,1327.664306640625,924.7313232421875,1418.587890625,897.9323425292969,1373.1260986328125,53.59796142578125,90.923583984375
IMG_0045.mp4,552,18.4,30.0,334,2,traffic_signs,0.9122263193130493,999.9171752929688,1428.0743408203125,1069.988525390625,1506.656005859375,1034.9528503417969,1467.3651733398438,70.07135009765625,78.5816650390625
IMG_0045.mp4,552,18.4,30.0,230,2,traffic_signs,0.935015857219696,1175.435302734375,1079.4835205078125,1294.0142822265625,1296.7911376953125,1234.7247924804688,1188.1373291015625,118.5789794921875,217.3076171875
IMG_0045.mp4,552,18.4,30.0,391,2,traffic_signs,0.6290843486785889,2000.0289306640625,1657.7100830078125,2028.8787841796875,1698.690673828125,2014.453857421875,1678.2003784179688,28.849853515625,40.9805908203125
IMG_0045.mp4,552,18.4,30.0,251,2,traffic_signs,0.9311707615852356,1750.1016845703125,1589.146484375,1880.0599365234375,1746.0772705078125,1815.080810546875,1667.6118774414062,129.958251953125,156.9307861328125
IMG_0045.mp4,552,18.4,30.0,222,2,traffic_signs,0.8820564150810242,2440.976318359375,1545.0555419921875,2537.591064453125,1647.5465087890625,2489.28369140625,1596.301025390625,96.61474609375,102.490966796875
IMG_0045.mp4,552,18.4,30.0,330,2,traffic_signs,0.8976714611053467,1486.232666015625,1024.44873046875,1669.232666015625,1301.68896484375,1577.732666015625,1163.06884765625,183.0,277.240234375
IMG_0045.mp4,552,18.4,30.0,401,2,traffic_signs,0.27186962962150574,37.84202194213867,1449.45556640625,158.8583526611328,1575.3729248046875,98.35018730163574,1512.4142456054688,121.01633071899414,125.9173583984375
IMG_0045.mp4,552,18.4,30.0,405,2,traffic_signs,0.570880651473999,23.23244857788086,1444.955810546875,161.34083557128906,1774.676513671875,92.28664207458496,1609.816162109375,138.1083869934082,329.720703125
IMG_0045.mp4,552,18.4,30.0,376,2,traffic_signs,0.5255224704742432,1026.6297607421875,1542.3148193359375,1056.66552734375,1588.316162109375,1041.6476440429688,1565.3154907226562,30.0357666015625,46.0013427734375
IMG_0045.mp4,552,18.4,30.0,404,2,traffic_signs,0.7405767440795898,1414.7392578125,1031.2994384765625,1526.7930908203125,1292.3511962890625,1470.7661743164062,1161.8253173828125,112.0538330078125,261.0517578125
IMG_0045.mp4,553,18.433333333333334,30.0,229,2,traffic_signs,0.7817321419715881,3382.1982421875,1697.35009765625,3470.9833984375,1785.661865234375,3426.5908203125,1741.5059814453125,88.78515625,88.311767578125
IMG_0045.mp4,553,18.433333333333334,30.0,339,2,traffic_signs,0.8835392594337463,1887.9627685546875,1444.78955078125,1925.2061767578125,1556.7884521484375,1906.58447265625,1500.7890014648438,37.243408203125,111.9989013671875
IMG_0045.mp4,553,18.433333333333334,30.0,291,2,traffic_signs,0.8614315390586853,841.9013061523438,1416.822998046875,901.9845581054688,1508.2784423828125,871.9429321289062,1462.5507202148438,60.083251953125,91.4554443359375
IMG_0045.mp4,553,18.433333333333334,30.0,379,2,traffic_signs,0.8841797113418579,864.0105590820312,1322.8594970703125,919.5135498046875,1416.5947265625,891.7620544433594,1369.7271118164062,55.50299072265625,93.7352294921875
IMG_0045.mp4,553,18.433333333333334,30.0,334,2,traffic_signs,0.9247751832008362,995.3228759765625,1426.3680419921875,1066.9300537109375,1504.2640380859375,1031.12646484375,1465.3160400390625,71.607177734375,77.89599609375
IMG_0045.mp4,553,18.433333333333334,30.0,230,2,traffic_signs,0.9465197324752808,1156.828125,1068.6260986328125,1278.6744384765625,1287.3255615234375,1217.7512817382812,1177.975830078125,121.8463134765625,218.699462890625
IMG_0045.mp4,553,18.433333333333334,30.0,391,2,traffic_signs,0.7663367986679077,2003.134033203125,1658.8834228515625,2033.418212890625,1699.21728515625,2018.276123046875,1679.0503540039062,30.2841796875,40.3338623046875
IMG_0045.mp4,553,18.433333333333334,30.0,251,2,traffic_signs,0.9445469379425049,1745.741455078125,1586.8359375,1876.4053955078125,1745.5010986328125,1811.0734252929688,1666.1685180664062,130.6639404296875,158.6651611328125
IMG_0045.mp4,553,18.433333333333334,30.0,222,2,traffic_signs,0.9056978821754456,2445.29833984375,1543.7978515625,2541.56884765625,1647.90380859375,2493.43359375,1595.850830078125,96.2705078125,104.10595703125
IMG_0045.mp4,553,18.433333333333334,30.0,330,2,traffic_signs,0.9082193374633789,1491.0467529296875,1007.6502075195312,1652.739013671875,1293.496826171875,1571.8928833007812,1150.5735168457031,161.6922607421875,285.84661865234375
IMG_0045.mp4,553,18.433333333333334,30.0,376,2,traffic_signs,0.400348961353302,1025.380615234375,1541.4061279296875,1056.6676025390625,1586.724365234375,1041.0241088867188,1564.0652465820312,31.2869873046875,45.3182373046875
IMG_0045.mp4,553,18.433333333333334,30.0,404,2,traffic_signs,0.9233497977256775,1389.8123779296875,1013.4739990234375,1508.3348388671875,1280.7701416015625,1449.0736083984375,1147.1220703125,118.5224609375,267.296142578125
IMG_0045.mp4,554,18.466666666666665,30.0,229,2,traffic_signs,0.861116886138916,3393.4912109375,1698.709228515625,3483.0849609375,1787.349853515625,3438.2880859375,1743.029541015625,89.59375,88.640625
IMG_0045.mp4,554,18.466666666666665,30.0,339,2,traffic_signs,0.8879892230033875,1886.409423828125,1443.284912109375,1923.4625244140625,1556.5716552734375,1904.9359741210938,1499.9282836914062,37.0531005859375,113.2867431640625
IMG_0045.mp4,554,18.466666666666665,30.0,291,2,traffic_signs,0.9178395867347717,833.8068237304688,1413.7447509765625,893.8491821289062,1508.652099609375,863.8280029296875,1461.1984252929688,60.0423583984375,94.9073486328125
IMG_0045.mp4,554,18.466666666666665,30.0,379,2,traffic_signs,0.9259430766105652,856.7239379882812,1322.4471435546875,913.3189697265625,1415.67333984375,885.0214538574219,1369.0602416992188,56.59503173828125,93.2261962890625
IMG_0045.mp4,554,18.466666666666665,30.0,334,2,traffic_signs,0.9176143407821655,989.7698364257812,1425.1129150390625,1062.5374755859375,1503.89013671875,1026.1536560058594,1464.5015258789062,72.76763916015625,78.7772216796875
IMG_0045.mp4,554,18.466666666666665,30.0,230,2,traffic_signs,0.941990077495575,1135.7425537109375,1061.7266845703125,1260.5377197265625,1279.6129150390625,1198.14013671875,1170.6697998046875,124.795166015625,217.88623046875
IMG_0045.mp4,554,18.466666666666665,30.0,391,2,traffic_signs,0.7648246884346008,2005.5670166015625,1659.63427734375,2037.0439453125,1700.89599609375,2021.3054809570312,1680.26513671875,31.4769287109375,41.26171875
IMG_0045.mp4,554,18.466666666666665,30.0,251,2,traffic_signs,0.9487542510032654,1740.4931640625,1585.5625,1873.117431640625,1745.52587890625,1806.8052978515625,1665.544189453125,132.624267578125,159.96337890625
IMG_0045.mp4,554,18.466666666666665,30.0,222,2,traffic_signs,0.9050580859184265,2449.4609375,1544.1439208984375,2544.79638671875,1648.156005859375,2497.128662109375,1596.1499633789062,95.33544921875,104.0120849609375
IMG_0045.mp4,554,18.466666666666665,30.0,330,2,traffic_signs,0.5649656057357788,1477.271484375,992.7645263671875,1634.531005859375,1303.4150390625,1555.9012451171875,1148.0897827148438,157.259521484375,310.6505126953125
IMG_0045.mp4,554,18.466666666666665,30.0,404,2,traffic_signs,0.8134642839431763,1367.79150390625,996.8563842773438,1488.671142578125,1268.5499267578125,1428.2313232421875,1132.7031555175781,120.879638671875,271.69354248046875
IMG_0045.mp4,554,18.466666666666665,30.0,401,2,traffic_signs,0.6298012733459473,2.908388614654541,1441.1851806640625,124.51876068115234,1570.1561279296875,63.71357464790344,1505.670654296875,121.6103720664978,128.970947265625
IMG_0045.mp4,555,18.5,30.0,229,2,traffic_signs,0.8068798184394836,3401.655029296875,1697.141845703125,3490.136962890625,1786.6396484375,3445.89599609375,1741.8907470703125,88.48193359375,89.497802734375
IMG_0045.mp4,555,18.5,30.0,339,2,traffic_signs,0.8880953788757324,1885.2603759765625,1440.478759765625,1923.2615966796875,1553.5789794921875,1904.260986328125,1497.0288696289062,38.001220703125,113.1002197265625
IMG_0045.mp4,555,18.5,30.0,291,2,traffic_signs,0.7982316017150879,830.6690673828125,1415.0709228515625,890.4417724609375,1507.8223876953125,860.555419921875,1461.4466552734375,59.772705078125,92.75146484375
IMG_0045.mp4,555,18.5,30.0,379,2,traffic_signs,0.9208588600158691,851.6527099609375,1322.057373046875,910.3079833984375,1415.4620361328125,880.9803466796875,1368.7597045898438,58.6552734375,93.4046630859375
IMG_0045.mp4,555,18.5,30.0,334,2,traffic_signs,0.9291515946388245,989.5308837890625,1423.4288330078125,1060.4083251953125,1502.9412841796875,1024.9696044921875,1463.18505859375,70.87744140625,79.512451171875
IMG_0045.mp4,555,18.5,30.0,230,2,traffic_signs,0.9235484600067139,1119.18408203125,1056.981689453125,1244.950927734375,1271.8505859375,1182.0675048828125,1164.4161376953125,125.766845703125,214.868896484375
IMG_0045.mp4,555,18.5,30.0,391,2,traffic_signs,0.7673633098602295,2007.099609375,1658.523681640625,2040.331298828125,1699.8011474609375,2023.7154541015625,1679.1624145507812,33.231689453125,41.2774658203125
IMG_0045.mp4,555,18.5,30.0,251,2,traffic_signs,0.949016809463501,1736.420166015625,1582.107421875,1870.633544921875,1744.082275390625,1803.52685546875,1663.0948486328125,134.21337890625,161.974853515625
IMG_0045.mp4,555,18.5,30.0,222,2,traffic_signs,0.8957417607307434,2452.26708984375,1542.7730712890625,2547.562744140625,1646.0972900390625,2499.9149169921875,1594.4351806640625,95.295654296875,103.32421875
IMG_0045.mp4,555,18.5,30.0,330,2,traffic_signs,0.7482558488845825,1456.300537109375,977.7628784179688,1615.718994140625,1298.298095703125,1536.009765625,1138.0304870605469,159.41845703125,320.53521728515625
IMG_0045.mp4,555,18.5,30.0,401,2,traffic_signs,0.4127426743507385,0.0,1437.547607421875,113.17335510253906,1568.054443359375,56.58667755126953,1502.801025390625,113.17335510253906,130.5068359375
IMG_0045.mp4,556,18.533333333333335,30.0,229,2,traffic_signs,0.5781707167625427,3411.37646484375,1696.2886962890625,3494.299072265625,1783.9541015625,3452.8377685546875,1740.1213989257812,82.922607421875,87.6654052734375
IMG_0045.mp4,556,18.533333333333335,30.0,339,2,traffic_signs,0.885089635848999,1883.8487548828125,1435.534423828125,1921.6138916015625,1547.8673095703125,1902.7313232421875,1491.7008666992188,37.76513671875,112.3328857421875
IMG_0045.mp4,556,18.533333333333335,30.0,291,2,traffic_signs,0.9138516783714294,824.7781372070312,1408.8267822265625,885.0767211914062,1503.84228515625,854.9274291992188,1456.3345336914062,60.298583984375,95.0155029296875
IMG_0045.mp4,556,18.533333333333335,30.0,379,2,traffic_signs,0.9145522713661194,846.191162109375,1314.60546875,903.643310546875,1408.59033203125,874.917236328125,1361.597900390625,57.4521484375,93.98486328125
IMG_0045.mp4,556,18.533333333333335,30.0,334,2,traffic_signs,0.9267570376396179,986.4303588867188,1418.9122314453125,1056.4288330078125,1498.635009765625,1021.4295959472656,1458.7736206054688,69.99847412109375,79.7227783203125
IMG_0045.mp4,556,18.533333333333335,30.0,230,2,traffic_signs,0.8339329361915588,1100.0340576171875,1042.2354736328125,1230.0660400390625,1263.7421875,1165.050048828125,1152.9888305664062,130.031982421875,221.5067138671875
IMG_0045.mp4,556,18.533333333333335,30.0,391,2,traffic_signs,0.8366173505783081,2009.58251953125,1654.548095703125,2043.1495361328125,1697.038818359375,2026.3660278320312,1675.79345703125,33.5670166015625,42.49072265625
IMG_0045.mp4,556,18.533333333333335,30.0,251,2,traffic_signs,0.9512218832969666,1733.0570068359375,1576.507568359375,1867.7620849609375,1740.5787353515625,1800.4095458984375,1658.5431518554688,134.705078125,164.0711669921875
IMG_0045.mp4,556,18.533333333333335,30.0,222,2,traffic_signs,0.8807376027107239,2455.5087890625,1539.299072265625,2551.5224609375,1642.6085205078125,2503.515625,1590.9537963867188,96.013671875,103.3094482421875
IMG_0045.mp4,556,18.533333333333335,30.0,401,2,traffic_signs,0.6396804451942444,3.6762406826019287,1432.8587646484375,99.84765625,1561.7138671875,51.761948466300964,1497.2863159179688,96.17141556739807,128.8551025390625
IMG_0045.mp4,557,18.566666666666666,30.0,229,2,traffic_signs,0.8519362211227417,3421.0078125,1698.6539306640625,3510.766845703125,1787.0894775390625,3465.8873291015625,1742.8717041015625,89.759033203125,88.435546875
IMG_0045.mp4,557,18.566666666666666,30.0,339,2,traffic_signs,0.8910724520683289,1882.0406494140625,1435.280517578125,1919.514404296875,1547.939453125,1900.7775268554688,1491.6099853515625,37.4737548828125,112.658935546875
IMG_0045.mp4,557,18.566666666666666,30.0,291,2,traffic_signs,0.9157071113586426,814.6514282226562,1406.7864990234375,876.5645751953125,1504.63525390625,845.6080017089844,1455.7108764648438,61.91314697265625,97.8487548828125
IMG_0045.mp4,557,18.566666666666666,30.0,379,2,traffic_signs,0.8852237462997437,838.5686645507812,1313.42822265625,896.1173095703125,1407.068603515625,867.3429870605469,1360.2484130859375,57.54864501953125,93.640380859375
IMG_0045.mp4,557,18.566666666666666,30.0,334,2,traffic_signs,0.8779758810997009,981.05224609375,1418.2869873046875,1049.8045654296875,1499.489990234375,1015.4284057617188,1458.8884887695312,68.7523193359375,81.2030029296875
IMG_0045.mp4,557,18.566666666666666,30.0,230,2,traffic_signs,0.42534562945365906,1078.4012451171875,1022.1232299804688,1213.416259765625,1258.0166015625,1145.9087524414062,1140.0699157714844,135.0150146484375,235.89337158203125
IMG_0045.mp4,557,18.566666666666666,30.0,391,2,traffic_signs,0.8380115032196045,2011.3636474609375,1656.569580078125,2046.0965576171875,1699.0191650390625,2028.7301025390625,1677.7943725585938,34.73291015625,42.4495849609375
IMG_0045.mp4,557,18.566666666666666,30.0,251,2,traffic_signs,0.958065390586853,1725.887939453125,1574.67626953125,1863.35009765625,1743.528564453125,1794.6190185546875,1659.1024169921875,137.462158203125,168.852294921875
IMG_0045.mp4,557,18.566666666666666,30.0,222,2,traffic_signs,0.8728706240653992,2458.77685546875,1539.6788330078125,2557.079345703125,1643.6512451171875,2507.9281005859375,1591.6650390625,98.302490234375,103.972412109375
IMG_0045.mp4,557,18.566666666666666,30.0,401,2,traffic_signs,0.5263211131095886,0.0,1426.8218994140625,83.96285247802734,1568.0084228515625,41.98142623901367,1497.4151611328125,83.96285247802734,141.1865234375
IMG_0045.mp4,558,18.6,30.0,229,2,traffic_signs,0.7442746758460999,3426.419189453125,1698.0804443359375,3518.064697265625,1786.542236328125,3472.241943359375,1742.3113403320312,91.6455078125,88.4617919921875
IMG_0045.mp4,558,18.6,30.0,339,2,traffic_signs,0.8856523036956787,1880.9134521484375,1433.1607666015625,1918.258544921875,1546.6580810546875,1899.5859985351562,1489.909423828125,37.3450927734375,113.497314453125
IMG_0045.mp4,558,18.6,30.0,291,2,traffic_signs,0.9131721258163452,809.9737548828125,1405.5875244140625,872.0909423828125,1502.8118896484375,841.0323486328125,1454.19970703125,62.1171875,97.224365234375
IMG_0045.mp4,558,18.6,30.0,379,2,traffic_signs,0.6822969913482666,834.0574951171875,1311.88037109375,891.6253662109375,1401.9261474609375,862.8414306640625,1356.9032592773438,57.56787109375,90.0457763671875
IMG_0045.mp4,558,18.6,30.0,334,2,traffic_signs,0.9151878356933594,979.1499633789062,1418.9678955078125,1036.7572021484375,1499.038330078125,1007.9535827636719,1459.0031127929688,57.60723876953125,80.0704345703125
IMG_0045.mp4,558,18.6,30.0,391,2,traffic_signs,0.8244857788085938,2015.565185546875,1656.5560302734375,2048.953369140625,1699.0626220703125,2032.25927734375,1677.809326171875,33.38818359375,42.506591796875
IMG_0045.mp4,558,18.6,30.0,251,2,traffic_signs,0.9497495889663696,1715.316650390625,1571.2896728515625,1858.5240478515625,1739.92431640625,1786.9203491210938,1655.6069946289062,143.2073974609375,168.6346435546875
IMG_0045.mp4,558,18.6,30.0,222,2,traffic_signs,0.8604704141616821,2460.66357421875,1538.1177978515625,2560.02685546875,1642.1500244140625,2510.34521484375,1590.1339111328125,99.36328125,104.0322265625
IMG_0045.mp4,558,18.6,30.0,401,2,traffic_signs,0.47015616297721863,0.0,1424.2216796875,71.08226776123047,1566.9283447265625,35.541133880615234,1495.5750122070312,71.08226776123047,142.7066650390625
IMG_0045.mp4,558,18.6,30.0,374,2,traffic_signs,0.4254744350910187,1249.9248046875,1532.98974609375,1268.4373779296875,1573.3836669921875,1259.1810913085938,1553.1867065429688,18.5125732421875,40.3939208984375
IMG_0045.mp4,558,18.6,30.0,375,2,traffic_signs,0.32566210627555847,1523.4508056640625,1612.2349853515625,1557.23095703125,1659.534912109375,1540.3408813476562,1635.8849487304688,33.7801513671875,47.2999267578125
IMG_0045.mp4,558,18.6,30.0,330,2,traffic_signs,0.7553656697273254,1276.505615234375,920.2820434570312,1558.083984375,1221.8179931640625,1417.2947998046875,1071.0500183105469,281.578369140625,301.53594970703125
IMG_0045.mp4,559,18.633333333333333,30.0,229,2,traffic_signs,0.8414861559867859,3439.75,1697.4339599609375,3522.784423828125,1784.5367431640625,3481.2672119140625,1740.9853515625,83.034423828125,87.102783203125
IMG_0045.mp4,559,18.633333333333333,30.0,339,2,traffic_signs,0.8806583285331726,1879.620361328125,1427.395751953125,1917.5286865234375,1542.1890869140625,1898.5745239257812,1484.7924194335938,37.9083251953125,114.7933349609375
IMG_0045.mp4,559,18.633333333333333,30.0,291,2,traffic_signs,0.890316367149353,806.2206420898438,1399.070556640625,869.1303100585938,1496.44140625,837.6754760742188,1447.7559814453125,62.90966796875,97.370849609375
IMG_0045.mp4,559,18.633333333333333,30.0,379,2,traffic_signs,0.8503970503807068,826.7247924804688,1303.2713623046875,886.8944091796875,1396.174072265625,856.8096008300781,1349.7227172851562,60.16961669921875,92.9027099609375
IMG_0045.mp4,559,18.633333333333333,30.0,334,2,traffic_signs,0.8126265406608582,977.2060546875,1419.6707763671875,1021.4302368164062,1491.8016357421875,999.3181457519531,1455.7362060546875,44.22418212890625,72.130859375
IMG_0045.mp4,559,18.633333333333333,30.0,391,2,traffic_signs,0.8424515724182129,2018.462646484375,1653.123046875,2050.553955078125,1695.8858642578125,2034.50830078125,1674.5044555664062,32.09130859375,42.7628173828125
IMG_0045.mp4,559,18.633333333333333,30.0,251,2,traffic_signs,0.8665580749511719,1706.648681640625,1566.081787109375,1853.100830078125,1732.2548828125,1779.874755859375,1649.1683349609375,146.4521484375,166.173095703125
IMG_0045.mp4,559,18.633333333333333,30.0,222,2,traffic_signs,0.8140786290168762,2462.09716796875,1533.5872802734375,2562.288818359375,1637.1307373046875,2512.1929931640625,1585.3590087890625,100.191650390625,103.54345703125
IMG_0045.mp4,559,18.633333333333333,30.0,230,2,traffic_signs,0.5505155920982361,1035.7445068359375,987.5864868164062,1178.7315673828125,1217.1412353515625,1107.238037109375,1102.3638610839844,142.987060546875,229.55474853515625
IMG_0045.mp4,560,18.666666666666668,30.0,229,2,traffic_signs,0.4072488844394684,3452.002197265625,1697.5740966796875,3531.15576171875,1787.7132568359375,3491.5789794921875,1742.6436767578125,79.153564453125,90.13916015625
IMG_0045.mp4,560,18.666666666666668,30.0,339,2,traffic_signs,0.7824286222457886,1877.7518310546875,1427.2747802734375,1916.423095703125,1542.2315673828125,1897.0874633789062,1484.753173828125,38.6712646484375,114.956787109375
IMG_0045.mp4,560,18.666666666666668,30.0,291,2,traffic_signs,0.9142860174179077,796.7723388671875,1394.3978271484375,861.9342651367188,1495.062255859375,829.3533020019531,1444.7300415039062,65.16192626953125,100.6644287109375
IMG_0045.mp4,560,18.666666666666668,30.0,379,2,traffic_signs,0.8768571019172668,819.967529296875,1298.7242431640625,878.249267578125,1395.11279296875,849.1083984375,1346.9185180664062,58.28173828125,96.3885498046875
IMG_0045.mp4,560,18.666666666666668,30.0,391,2,traffic_signs,0.790613055229187,2021.6549072265625,1656.21435546875,2053.2138671875,1698.8372802734375,2037.4343872070312,1677.5258178710938,31.5589599609375,42.6229248046875
IMG_0045.mp4,560,18.666666666666668,30.0,251,2,traffic_signs,0.9711477160453796,1702.7034912109375,1563.9620361328125,1846.8837890625,1730.7523193359375,1774.7936401367188,1647.357177734375,144.1802978515625,166.790283203125
IMG_0045.mp4,560,18.666666666666668,30.0,222,2,traffic_signs,0.8481310606002808,2465.6474609375,1533.5296630859375,2565.97119140625,1639.069091796875,2515.809326171875,1586.2993774414062,100.32373046875,105.5394287109375
IMG_0045.mp4,560,18.666666666666668,30.0,230,2,traffic_signs,0.8745670914649963,1013.474609375,977.89111328125,1158.6175537109375,1205.1107177734375,1086.0460815429688,1091.5009155273438,145.1429443359375,227.2196044921875
IMG_0045.mp4,560,18.666666666666668,30.0,330,2,traffic_signs,0.4051936864852905,1222.195068359375,876.1488037109375,1513.6182861328125,1183.5133056640625,1367.9066772460938,1029.8310546875,291.4232177734375,307.364501953125
IMG_0045.mp4,561,18.7,30.0,339,2,traffic_signs,0.7042572498321533,1874.664794921875,1428.8870849609375,1914.4432373046875,1543.0389404296875,1894.5540161132812,1485.9630126953125,39.7784423828125,114.15185546875
IMG_0045.mp4,561,18.7,30.0,291,2,traffic_signs,0.8898886442184448,787.8978271484375,1394.6473388671875,853.5267333984375,1496.38720703125,820.7122802734375,1445.5172729492188,65.62890625,101.7398681640625
IMG_0045.mp4,561,18.7,30.0,379,2,traffic_signs,0.7283226251602173,812.7791748046875,1298.9351806640625,870.5315551757812,1395.4815673828125,841.6553649902344,1347.2083740234375,57.75238037109375,96.54638671875
IMG_0045.mp4,561,18.7,30.0,391,2,traffic_signs,0.7631427645683289,2023.992919921875,1659.4783935546875,2056.323486328125,1701.6646728515625,2040.158203125,1680.571533203125,32.33056640625,42.186279296875
IMG_0045.mp4,561,18.7,30.0,251,2,traffic_signs,0.9029932618141174,1695.431884765625,1563.707763671875,1840.762939453125,1730.56103515625,1768.097412109375,1647.1343994140625,145.3310546875,166.853271484375
IMG_0045.mp4,561,18.7,30.0,222,2,traffic_signs,0.6913807988166809,2466.818603515625,1534.3900146484375,2567.356201171875,1640.6983642578125,2517.08740234375,1587.544189453125,100.53759765625,106.308349609375
IMG_0045.mp4,561,18.7,30.0,230,2,traffic_signs,0.8789613246917725,987.45849609375,966.9492797851562,1136.1090087890625,1208.141845703125,1061.7837524414062,1087.5455627441406,148.6505126953125,241.19256591796875
IMG_0045.mp4,561,18.7,30.0,374,2,traffic_signs,0.7322756052017212,1251.136474609375,1533.025634765625,1269.7938232421875,1572.0714111328125,1260.4651489257812,1552.5485229492188,18.6573486328125,39.0457763671875
IMG_0045.mp4,561,18.7,30.0,334,2,traffic_signs,0.9369282126426697,974.9171142578125,1412.4752197265625,1035.1273193359375,1493.8114013671875,1005.022216796875,1453.143310546875,60.210205078125,81.336181640625
IMG_0045.mp4,562,18.733333333333334,30.0,339,2,traffic_signs,0.9211045503616333,1872.9312744140625,1421.460205078125,1914.41357421875,1537.68994140625,1893.6724243164062,1479.5750732421875,41.4822998046875,116.229736328125
IMG_0045.mp4,562,18.733333333333334,30.0,291,2,traffic_signs,0.46621206402778625,784.8748779296875,1384.028076171875,851.7651977539062,1489.0596923828125,818.3200378417969,1436.5438842773438,66.89031982421875,105.0316162109375
IMG_0045.mp4,562,18.733333333333334,30.0,379,2,traffic_signs,0.6970046162605286,792.9091796875,1291.8175048828125,867.1185302734375,1457.0966796875,830.0138549804688,1374.4570922851562,74.2093505859375,165.2791748046875
IMG_0045.mp4,562,18.733333333333334,30.0,391,2,traffic_signs,0.8381757736206055,2027.5540771484375,1655.04638671875,2059.7724609375,1699.33544921875,2043.6632690429688,1677.19091796875,32.2183837890625,44.2890625
IMG_0045.mp4,562,18.733333333333334,30.0,251,2,traffic_signs,0.9651682376861572,1689.41064453125,1558.129638671875,1833.8292236328125,1726.116455078125,1761.6199340820312,1642.123046875,144.4185791015625,167.98681640625
IMG_0045.mp4,562,18.733333333333334,30.0,222,2,traffic_signs,0.6976441144943237,2468.2958984375,1529.37060546875,2569.30419921875,1633.8194580078125,2518.800048828125,1581.5950317382812,101.00830078125,104.4488525390625
IMG_0045.mp4,562,18.733333333333334,30.0,230,2,traffic_signs,0.9050219655036926,966.15625,953.6869506835938,1118.236572265625,1198.921142578125,1042.1964111328125,1076.3040466308594,152.080322265625,245.23419189453125
IMG_0045.mp4,562,18.733333333333334,30.0,334,2,traffic_signs,0.9260830879211426,968.9005737304688,1407.181396484375,1038.416748046875,1488.96923828125,1003.6586608886719,1448.0753173828125,69.51617431640625,81.787841796875
IMG_0045.mp4,562,18.733333333333334,30.0,229,2,traffic_signs,0.6366018056869507,3463.273193359375,1694.504150390625,3548.302490234375,1786.618896484375,3505.787841796875,1740.5615234375,85.029296875,92.11474609375
IMG_0045.mp4,562,18.733333333333334,30.0,330,2,traffic_signs,0.768928587436676,1155.9886474609375,834.2744140625,1459.149658203125,1142.7789306640625,1307.5691528320312,988.5266723632812,303.1610107421875,308.5045166015625
IMG_0045.mp4,563,18.766666666666666,30.0,339,2,traffic_signs,0.9160451889038086,1870.105712890625,1417.565185546875,1910.088623046875,1534.26220703125,1890.09716796875,1475.9136962890625,39.98291015625,116.697021484375
IMG_0045.mp4,563,18.766666666666666,30.0,291,2,traffic_signs,0.4321286678314209,774.8936767578125,1378.092529296875,842.6942138671875,1485.1544189453125,808.7939453125,1431.6234741210938,67.800537109375,107.0618896484375
IMG_0045.mp4,563,18.766666666666666,30.0,379,2,traffic_signs,0.7218155860900879,776.1065063476562,1287.50048828125,858.3286743164062,1476.1512451171875,817.2175903320312,1381.8258666992188,82.22216796875,188.6507568359375
IMG_0045.mp4,563,18.766666666666666,30.0,391,2,traffic_signs,0.8233461380004883,2029.385009765625,1655.13720703125,2062.445068359375,1700.3240966796875,2045.9150390625,1677.7306518554688,33.06005859375,45.1868896484375
IMG_0045.mp4,563,18.766666666666666,30.0,251,2,traffic_signs,0.9691373705863953,1676.06640625,1554.4903564453125,1827.36572265625,1726.42333984375,1751.716064453125,1640.4568481445312,151.29931640625,171.9329833984375
IMG_0045.mp4,563,18.766666666666666,30.0,222,2,traffic_signs,0.6668553352355957,2471.084228515625,1526.02490234375,2574.0625,1632.98583984375,2522.5733642578125,1579.50537109375,102.978271484375,106.9609375
IMG_0045.mp4,563,18.766666666666666,30.0,230,2,traffic_signs,0.8881093859672546,937.8490600585938,937.3246459960938,1094.6103515625,1190.0909423828125,1016.2297058105469,1063.7077941894531,156.76129150390625,252.76629638671875
IMG_0045.mp4,563,18.766666666666666,30.0,334,2,traffic_signs,0.9187687635421753,960.2081298828125,1405.3826904296875,1034.6893310546875,1484.8377685546875,997.44873046875,1445.1102294921875,74.481201171875,79.455078125
IMG_0045.mp4,563,18.766666666666666,30.0,229,2,traffic_signs,0.4019984304904938,3474.043701171875,1695.904052734375,3566.2255859375,1788.7230224609375,3520.1346435546875,1742.3135375976562,92.181884765625,92.8189697265625
IMG_0045.mp4,563,18.766666666666666,30.0,374,2,traffic_signs,0.6859042644500732,1252.82568359375,1528.7216796875,1273.3765869140625,1568.669677734375,1263.1011352539062,1548.6956787109375,20.5509033203125,39.947998046875
IMG_0045.mp4,564,18.8,30.0,339,2,traffic_signs,0.9155898094177246,1866.397216796875,1418.9854736328125,1908.2840576171875,1535.09130859375,1887.3406372070312,1477.0383911132812,41.8868408203125,116.1058349609375
IMG_0045.mp4,564,18.8,30.0,291,2,traffic_signs,0.4341391324996948,765.0773315429688,1378.5972900390625,834.5492553710938,1487.9793701171875,799.8132934570312,1433.288330078125,69.471923828125,109.382080078125
IMG_0045.mp4,564,18.8,30.0,391,2,traffic_signs,0.8376871347427368,2031.3931884765625,1658.32666015625,2064.210693359375,1703.6566162109375,2047.8019409179688,1680.9916381835938,32.8175048828125,45.3299560546875
IMG_0045.mp4,564,18.8,30.0,251,2,traffic_signs,0.9177069664001465,1666.725830078125,1554.8782958984375,1821.42529296875,1729.5859375,1744.0755615234375,1642.2321166992188,154.699462890625,174.7076416015625
IMG_0045.mp4,564,18.8,30.0,222,2,traffic_signs,0.6466413140296936,2473.2802734375,1526.7596435546875,2577.0380859375,1635.4859619140625,2525.1591796875,1581.122802734375,103.7578125,108.726318359375
IMG_0045.mp4,564,18.8,30.0,230,2,traffic_signs,0.9044017195701599,911.5704345703125,926.0291137695312,1069.8033447265625,1184.5552978515625,990.6868896484375,1055.2922058105469,158.23291015625,258.52618408203125
IMG_0045.mp4,564,18.8,30.0,334,2,traffic_signs,0.9216116666793823,954.142578125,1406.9764404296875,1028.4822998046875,1486.4705810546875,991.3124389648438,1446.7235107421875,74.3397216796875,79.494140625
IMG_0045.mp4,564,18.8,30.0,229,2,traffic_signs,0.8143362998962402,3483.040283203125,1701.384765625,3578.023193359375,1792.0703125,3530.53173828125,1746.7275390625,94.98291015625,90.685546875
IMG_0045.mp4,564,18.8,30.0,374,2,traffic_signs,0.28314584493637085,1252.31005859375,1530.56396484375,1274.2821044921875,1572.1298828125,1263.2960815429688,1551.346923828125,21.9720458984375,41.56591796875
IMG_0045.mp4,565,18.833333333333332,30.0,339,2,traffic_signs,0.910033643245697,1862.27099609375,1411.19189453125,1906.4556884765625,1528.6094970703125,1884.3633422851562,1469.9006958007812,44.1846923828125,117.4176025390625
IMG_0045.mp4,565,18.833333333333332,30.0,291,2,traffic_signs,0.45361873507499695,760.9581298828125,1377.235107421875,829.55615234375,1482.843017578125,795.2571411132812,1430.0390625,68.5980224609375,105.60791015625
IMG_0045.mp4,565,18.833333333333332,30.0,391,2,traffic_signs,0.8660803437232971,2034.003173828125,1654.2275390625,2067.593017578125,1699.375,2050.798095703125,1676.80126953125,33.58984375,45.1474609375
IMG_0045.mp4,565,18.833333333333332,30.0,251,2,traffic_signs,0.9628424644470215,1660.82861328125,1548.3458251953125,1815.2210693359375,1722.021240234375,1738.0248413085938,1635.1835327148438,154.3924560546875,173.6754150390625
IMG_0045.mp4,565,18.833333333333332,30.0,222,2,traffic_signs,0.41630154848098755,2474.638427734375,1521.779052734375,2577.88525390625,1627.966552734375,2526.2618408203125,1574.872802734375,103.246826171875,106.1875
IMG_0045.mp4,565,18.833333333333332,30.0,230,2,traffic_signs,0.8878981471061707,885.0836181640625,911.3563232421875,1048.8468017578125,1173.9744873046875,966.9652099609375,1042.6654052734375,163.76318359375,262.6181640625
IMG_0045.mp4,565,18.833333333333332,30.0,334,2,traffic_signs,0.9215255379676819,953.24658203125,1402.28173828125,1026.461181640625,1482.29833984375,989.8538818359375,1442.2900390625,73.214599609375,80.0166015625
IMG_0045.mp4,565,18.833333333333332,30.0,229,2,traffic_signs,0.6738232970237732,3488.814697265625,1700.01318359375,3579.22314453125,1788.272216796875,3534.0189208984375,1744.1427001953125,90.408447265625,88.259033203125
IMG_0045.mp4,565,18.833333333333332,30.0,374,2,traffic_signs,0.7585345506668091,1255.2943115234375,1525.165283203125,1276.2413330078125,1569.2021484375,1265.767822265625,1547.1837158203125,20.947021484375,44.036865234375
IMG_0045.mp4,566,18.866666666666667,30.0,339,2,traffic_signs,0.913383960723877,1859.1376953125,1405.6517333984375,1902.9884033203125,1523.7020263671875,1881.0630493164062,1464.6768798828125,43.8507080078125,118.05029296875
IMG_0045.mp4,566,18.866666666666667,30.0,391,2,traffic_signs,0.8805086016654968,2035.801025390625,1650.994873046875,2069.793212890625,1697.0911865234375,2052.797119140625,1674.0430297851562,33.9921875,46.0963134765625
IMG_0045.mp4,566,18.866666666666667,30.0,251,2,traffic_signs,0.9569113254547119,1651.1495361328125,1543.093994140625,1806.6334228515625,1720.144287109375,1728.8914794921875,1631.619140625,155.48388671875,177.05029296875
IMG_0045.mp4,566,18.866666666666667,30.0,222,2,traffic_signs,0.6902623176574707,2477.561279296875,1517.8157958984375,2581.7158203125,1626.12744140625,2529.6385498046875,1571.9716186523438,104.154541015625,108.3116455078125
IMG_0045.mp4,566,18.866666666666667,30.0,230,2,traffic_signs,0.7803031802177429,856.1002807617188,893.8746337890625,1022.0694580078125,1160.130859375,939.0848693847656,1027.0027465820312,165.96917724609375,266.2562255859375
IMG_0045.mp4,566,18.866666666666667,30.0,334,2,traffic_signs,0.7855496406555176,948.1524658203125,1399.7470703125,1015.80712890625,1478.579833984375,981.9797973632812,1439.1634521484375,67.6546630859375,78.832763671875
IMG_0045.mp4,566,18.866666666666667,30.0,229,2,traffic_signs,0.5376315116882324,3500.618896484375,1698.62451171875,3589.73388671875,1787.912109375,3545.1763916015625,1743.268310546875,89.114990234375,89.28759765625
IMG_0045.mp4,566,18.866666666666667,30.0,374,2,traffic_signs,0.7953079342842102,1255.078857421875,1520.232177734375,1276.3309326171875,1566.9052734375,1265.7048950195312,1543.5687255859375,21.2520751953125,46.673095703125
IMG_0045.mp4,566,18.866666666666667,30.0,376,2,traffic_signs,0.4285587966442108,1035.40625,1525.603515625,1064.4271240234375,1575.619873046875,1049.9166870117188,1550.6116943359375,29.0208740234375,50.016357421875
IMG_0045.mp4,566,18.866666666666667,30.0,330,2,traffic_signs,0.6406124234199524,1014.1083374023438,735.992431640625,1334.609619140625,1078.6322021484375,1174.3589782714844,907.3123168945312,320.50128173828125,342.6397705078125
IMG_0045.mp4,566,18.866666666666667,30.0,379,2,traffic_signs,0.6644191741943359,747.9323120117188,1275.1063232421875,834.9583129882812,1481.913330078125,791.4453125,1378.5098266601562,87.0260009765625,206.8070068359375
IMG_0045.mp4,567,18.9,30.0,339,2,traffic_signs,0.9154766798019409,1855.6744384765625,1407.0396728515625,1899.2130126953125,1524.6575927734375,1877.4437255859375,1465.8486328125,43.53857421875,117.617919921875
IMG_0045.mp4,567,18.9,30.0,391,2,traffic_signs,0.8585387468338013,2037.0345458984375,1655.7886962890625,2071.392578125,1700.9534912109375,2054.2135620117188,1678.37109375,34.3580322265625,45.164794921875
IMG_0045.mp4,567,18.9,30.0,251,2,traffic_signs,0.957944929599762,1641.9049072265625,1543.9427490234375,1798.6728515625,1720.7630615234375,1720.2888793945312,1632.3529052734375,156.7679443359375,176.8203125
IMG_0045.mp4,567,18.9,30.0,222,2,traffic_signs,0.7284191846847534,2479.404296875,1519.6573486328125,2584.767333984375,1628.589599609375,2532.0858154296875,1574.1234741210938,105.363037109375,108.9322509765625
IMG_0045.mp4,567,18.9,30.0,230,2,traffic_signs,0.8350356817245483,820.3792114257812,876.5067138671875,990.335693359375,1151.482666015625,905.3574523925781,1013.9946899414062,169.95648193359375,274.9759521484375
IMG_0045.mp4,567,18.9,30.0,229,2,traffic_signs,0.46236756443977356,3511.167236328125,1702.2840576171875,3599.078857421875,1792.03955078125,3555.123046875,1747.1618041992188,87.91162109375,89.7554931640625
IMG_0045.mp4,567,18.9,30.0,374,2,traffic_signs,0.7789194583892822,1255.0885009765625,1524.259765625,1275.96728515625,1569.2852783203125,1265.5278930664062,1546.7725219726562,20.8787841796875,45.0255126953125
IMG_0045.mp4,567,18.9,30.0,376,2,traffic_signs,0.8770374655723572,1030.4287109375,1528.9647216796875,1064.2039794921875,1578.4281005859375,1047.3163452148438,1553.6964111328125,33.7752685546875,49.46337890625
IMG_0045.mp4,568,18.933333333333334,30.0,339,2,traffic_signs,0.9144800901412964,1852.8797607421875,1399.492431640625,1896.4376220703125,1520.719482421875,1874.65869140625,1460.10595703125,43.557861328125,121.22705078125
IMG_0045.mp4,568,18.933333333333334,30.0,391,2,traffic_signs,0.8748094439506531,2038.8299560546875,1651.524658203125,2072.679931640625,1696.56201171875,2055.7549438476562,1674.0433349609375,33.8499755859375,45.037353515625
IMG_0045.mp4,568,18.933333333333334,30.0,251,2,traffic_signs,0.9596846103668213,1633.755859375,1536.34375,1792.5972900390625,1714.3594970703125,1713.1765747070312,1625.3516235351562,158.8414306640625,178.0157470703125
IMG_0045.mp4,568,18.933333333333334,30.0,222,2,traffic_signs,0.718585729598999,2480.456787109375,1515.0572509765625,2585.885009765625,1623.9473876953125,2533.1708984375,1569.5023193359375,105.42822265625,108.89013671875
IMG_0045.mp4,568,18.933333333333334,30.0,230,2,traffic_signs,0.7169747352600098,791.7247314453125,858.3545532226562,964.4586181640625,1135.562255859375,878.0916748046875,996.9584045410156,172.73388671875,277.20770263671875
IMG_0045.mp4,568,18.933333333333334,30.0,229,2,traffic_signs,0.5800988674163818,3518.300537109375,1699.9908447265625,3611.947509765625,1788.8233642578125,3565.1240234375,1744.4071044921875,93.64697265625,88.83251953125
IMG_0045.mp4,568,18.933333333333334,30.0,374,2,traffic_signs,0.7299501299858093,1256.8787841796875,1520.208740234375,1278.166259765625,1566.951171875,1267.5225219726562,1543.5799560546875,21.2874755859375,46.742431640625
IMG_0045.mp4,568,18.933333333333334,30.0,376,2,traffic_signs,0.8891361951828003,1031.1881103515625,1524.8001708984375,1065.6881103515625,1573.9625244140625,1048.4381103515625,1549.38134765625,34.5,49.162353515625
IMG_0045.mp4,568,18.933333333333334,30.0,334,2,traffic_signs,0.9075795412063599,954.6290283203125,1395.0826416015625,1008.737548828125,1474.6845703125,981.6832885742188,1434.8836059570312,54.1085205078125,79.6019287109375
IMG_0045.mp4,569,18.966666666666665,30.0,339,2,traffic_signs,0.9357360601425171,1848.9183349609375,1395.1171875,1893.134521484375,1518.1793212890625,1871.0264282226562,1456.6482543945312,44.2161865234375,123.0621337890625
IMG_0045.mp4,569,18.966666666666665,30.0,391,2,traffic_signs,0.864867627620697,2042.0216064453125,1652.38720703125,2075.76171875,1697.1890869140625,2058.8916625976562,1674.7881469726562,33.7401123046875,44.8018798828125
IMG_0045.mp4,569,18.966666666666665,30.0,251,2,traffic_signs,0.9609348773956299,1622.0654296875,1533.6224365234375,1784.6307373046875,1713.8214111328125,1703.3480834960938,1623.721923828125,162.5653076171875,180.198974609375
IMG_0045.mp4,569,18.966666666666665,30.0,222,2,traffic_signs,0.8020098805427551,2483.35546875,1513.3978271484375,2588.90283203125,1623.70556640625,2536.129150390625,1568.5516967773438,105.54736328125,110.3077392578125
IMG_0045.mp4,569,18.966666666666665,30.0,230,2,traffic_signs,0.8205279111862183,758.3007202148438,836.78466796875,935.1469116210938,1121.244873046875,846.7238159179688,979.0147705078125,176.84619140625,284.460205078125
IMG_0045.mp4,569,18.966666666666665,30.0,229,2,traffic_signs,0.6333323121070862,3529.622314453125,1700.51611328125,3624.497314453125,1790.3994140625,3577.059814453125,1745.457763671875,94.875,89.88330078125
IMG_0045.mp4,569,18.966666666666665,30.0,374,2,traffic_signs,0.677857518196106,1255.3245849609375,1520.119384765625,1277.6644287109375,1566.7391357421875,1266.4945068359375,1543.4292602539062,22.33984375,46.6197509765625
IMG_0045.mp4,569,18.966666666666665,30.0,376,2,traffic_signs,0.9114452004432678,1028.91162109375,1524.6307373046875,1064.6055908203125,1573.383056640625,1046.7586059570312,1549.0068969726562,35.6939697265625,48.7523193359375
IMG_0045.mp4,569,18.966666666666665,30.0,334,2,traffic_signs,0.9289810657501221,941.5084228515625,1390.0640869140625,1003.1578979492188,1472.7802734375,972.3331604003906,1431.4221801757812,61.64947509765625,82.7161865234375
IMG_0045.mp4,569,18.966666666666665,30.0,330,2,traffic_signs,0.4077189564704895,891.677490234375,643.4451904296875,1190.08984375,1019.9974365234375,1040.8836669921875,831.7213134765625,298.412353515625,376.55224609375
IMG_0045.mp4,570,19.0,30.0,339,2,traffic_signs,0.9260772466659546,1845.49169921875,1394.6961669921875,1889.6624755859375,1517.4583740234375,1867.5770874023438,1456.0772705078125,44.1707763671875,122.76220703125
IMG_0045.mp4,570,19.0,30.0,391,2,traffic_signs,0.8571814298629761,2044.1004638671875,1654.4222412109375,2077.651611328125,1698.5711669921875,2060.8760375976562,1676.4967041015625,33.5511474609375,44.14892578125
IMG_0045.mp4,570,19.0,30.0,251,2,traffic_signs,0.9654999375343323,1608.9036865234375,1531.7042236328125,1777.193603515625,1712.3486328125,1693.0486450195312,1622.0264282226562,168.2899169921875,180.6444091796875
IMG_0045.mp4,570,19.0,30.0,222,2,traffic_signs,0.7834949493408203,2484.326171875,1513.3619384765625,2590.243408203125,1623.990478515625,2537.2847900390625,1568.6762084960938,105.917236328125,110.6285400390625
IMG_0045.mp4,570,19.0,30.0,230,2,traffic_signs,0.3981354236602783,725.0,820.67333984375,891.8751831054688,1108.419189453125,808.4375915527344,964.5462646484375,166.87518310546875,287.745849609375
IMG_0045.mp4,570,19.0,30.0,229,2,traffic_signs,0.5152352452278137,3540.389404296875,1703.231201171875,3625.954345703125,1790.15380859375,3583.171875,1746.6925048828125,85.56494140625,86.922607421875
IMG_0045.mp4,570,19.0,30.0,374,2,traffic_signs,0.45450881123542786,1256.67919921875,1524.3929443359375,1278.6278076171875,1570.0338134765625,1267.6535034179688,1547.21337890625,21.9486083984375,45.640869140625
IMG_0045.mp4,570,19.0,30.0,376,2,traffic_signs,0.9140099883079529,1028.5740966796875,1527.300048828125,1064.4405517578125,1575.3985595703125,1046.50732421875,1551.3493041992188,35.866455078125,48.0985107421875
IMG_0045.mp4,570,19.0,30.0,334,2,traffic_signs,0.9302282929420471,935.0486450195312,1388.626953125,999.4258422851562,1474.2540283203125,967.2372436523438,1431.4404907226562,64.377197265625,85.6270751953125
IMG_0045.mp4,570,19.0,30.0,379,2,traffic_signs,0.488796204328537,714.5225219726562,1265.27099609375,801.79296875,1472.4971923828125,758.1577453613281,1368.8840942382812,87.27044677734375,207.2261962890625
IMG_0045.mp4,571,19.033333333333335,30.0,339,2,traffic_signs,0.9271705746650696,1840.369873046875,1385.513671875,1885.1622314453125,1511.371337890625,1862.7660522460938,1448.4425048828125,44.7923583984375,125.857666015625
IMG_0045.mp4,571,19.033333333333335,30.0,391,2,traffic_signs,0.5081512928009033,2044.593017578125,1650.7633056640625,2078.45703125,1694.6275634765625,2061.5250244140625,1672.6954345703125,33.864013671875,43.8642578125
IMG_0045.mp4,571,19.033333333333335,30.0,251,2,traffic_signs,0.9503939151763916,1597.748046875,1521.7169189453125,1767.1871337890625,1706.717041015625,1682.4675903320312,1614.2169799804688,169.4390869140625,185.0001220703125
IMG_0045.mp4,571,19.033333333333335,30.0,222,2,traffic_signs,0.8828821778297424,2484.296142578125,1508.3201904296875,2592.218994140625,1619.315673828125,2538.257568359375,1563.8179321289062,107.9228515625,110.9954833984375
IMG_0045.mp4,571,19.033333333333335,30.0,230,2,traffic_signs,0.4072416424751282,681.9397583007812,799.3313598632812,840.8441772460938,1090.34716796875,761.3919677734375,944.8392639160156,158.9044189453125,291.01580810546875
IMG_0045.mp4,571,19.033333333333335,30.0,229,2,traffic_signs,0.6468114852905273,3561.706298828125,1698.1168212890625,3638.819091796875,1790.11962890625,3600.2626953125,1744.1182250976562,77.11279296875,92.0028076171875
IMG_0045.mp4,571,19.033333333333335,30.0,374,2,traffic_signs,0.4230816662311554,1254.985107421875,1519.8525390625,1277.4400634765625,1566.8597412109375,1266.2125854492188,1543.3561401367188,22.4549560546875,47.0072021484375
IMG_0045.mp4,571,19.033333333333335,30.0,376,2,traffic_signs,0.9096522927284241,1027.084716796875,1522.36474609375,1062.437744140625,1570.0576171875,1044.76123046875,1546.211181640625,35.35302734375,47.69287109375
IMG_0045.mp4,571,19.033333333333335,30.0,334,2,traffic_signs,0.9094755053520203,928.9026489257812,1381.390380859375,993.3062744140625,1468.13134765625,961.1044616699219,1424.7608642578125,64.40362548828125,86.740966796875
IMG_0045.mp4,571,19.033333333333335,30.0,375,2,traffic_signs,0.34962350130081177,1545.921875,1602.19287109375,1581.0401611328125,1649.8463134765625,1563.4810180664062,1626.0195922851562,35.1182861328125,47.6534423828125
IMG_0045.mp4,572,19.066666666666666,30.0,339,2,traffic_signs,0.9217501282691956,1837.032958984375,1382.338623046875,1882.4715576171875,1510.1116943359375,1859.7522583007812,1446.2251586914062,45.4385986328125,127.7730712890625
IMG_0045.mp4,572,19.066666666666666,30.0,391,2,traffic_signs,0.8502334952354431,2047.515869140625,1652.818359375,2081.69580078125,1698.1361083984375,2064.6058349609375,1675.4772338867188,34.179931640625,45.3177490234375
IMG_0045.mp4,572,19.066666666666666,30.0,251,2,traffic_signs,0.9345980286598206,1588.6492919921875,1519.2926025390625,1759.02978515625,1705.599365234375,1673.8395385742188,1612.4459838867188,170.3804931640625,186.3067626953125
IMG_0045.mp4,572,19.066666666666666,30.0,222,2,traffic_signs,0.8557221293449402,2486.713134765625,1508.6949462890625,2594.94775390625,1620.263916015625,2540.8304443359375,1564.4794311523438,108.234619140625,111.5689697265625
IMG_0045.mp4,572,19.066666666666666,30.0,230,2,traffic_signs,0.7619256377220154,645.760498046875,793.2606201171875,790.2817993164062,1074.2037353515625,718.0211486816406,933.732177734375,144.52130126953125,280.943115234375
IMG_0045.mp4,572,19.066666666666666,30.0,376,2,traffic_signs,0.8917554616928101,1026.083984375,1524.1170654296875,1061.1163330078125,1570.8275146484375,1043.6001586914062,1547.4722900390625,35.0323486328125,46.71044921875
IMG_0045.mp4,572,19.066666666666666,30.0,334,2,traffic_signs,0.9071890115737915,922.1932983398438,1378.9102783203125,987.1574096679688,1467.6585693359375,954.6753540039062,1423.284423828125,64.964111328125,88.748291015625
IMG_0045.mp4,572,19.066666666666666,30.0,291,2,traffic_signs,0.7735155820846558,736.0964965820312,1364.4876708984375,770.1354370117188,1455.3851318359375,753.115966796875,1409.9364013671875,34.0389404296875,90.8974609375
IMG_0045.mp4,573,19.1,30.0,339,2,traffic_signs,0.9234534502029419,1833.9608154296875,1380.309814453125,1879.5457763671875,1507.62939453125,1856.7532958984375,1443.9696044921875,45.5849609375,127.319580078125
IMG_0045.mp4,573,19.1,30.0,391,2,traffic_signs,0.8533594012260437,2049.936279296875,1652.66064453125,2083.265869140625,1698.1494140625,2066.60107421875,1675.405029296875,33.32958984375,45.48876953125
IMG_0045.mp4,573,19.1,30.0,251,2,traffic_signs,0.9410364627838135,1582.6893310546875,1514.6378173828125,1750.492431640625,1703.6085205078125,1666.5908813476562,1609.1231689453125,167.8031005859375,188.970703125
IMG_0045.mp4,573,19.1,30.0,222,2,traffic_signs,0.8501454591751099,2487.893310546875,1506.8028564453125,2596.112060546875,1618.936767578125,2542.002685546875,1562.8698120117188,108.21875,112.1339111328125
IMG_0045.mp4,573,19.1,30.0,376,2,traffic_signs,0.9037795662879944,1027.612548828125,1524.842529296875,1062.20458984375,1570.591796875,1044.9085693359375,1547.7171630859375,34.592041015625,45.749267578125
IMG_0045.mp4,573,19.1,30.0,334,2,traffic_signs,0.8886982798576355,915.73974609375,1376.9027099609375,983.3665161132812,1467.3060302734375,949.5531311035156,1422.1043701171875,67.62677001953125,90.4033203125
IMG_0045.mp4,573,19.1,30.0,379,2,traffic_signs,0.7868065237998962,685.7457885742188,1332.5081787109375,763.3256225585938,1459.927978515625,724.5357055664062,1396.2180786132812,77.579833984375,127.4197998046875
IMG_0045.mp4,573,19.1,30.0,374,2,traffic_signs,0.32615184783935547,1255.97216796875,1523.5322265625,1280.859619140625,1568.62548828125,1268.4158935546875,1546.078857421875,24.887451171875,45.09326171875
IMG_0045.mp4,574,19.133333333333333,30.0,339,2,traffic_signs,0.9271740317344666,1831.5460205078125,1372.87646484375,1877.3001708984375,1502.4581298828125,1854.423095703125,1437.6672973632812,45.754150390625,129.5816650390625
IMG_0045.mp4,574,19.133333333333333,30.0,391,2,traffic_signs,0.8820925354957581,2052.251953125,1648.2579345703125,2085.702880859375,1693.85888671875,2068.9774169921875,1671.0584106445312,33.450927734375,45.6009521484375
IMG_0045.mp4,574,19.133333333333333,30.0,251,2,traffic_signs,0.9592806696891785,1566.7366943359375,1508.17138671875,1741.402099609375,1699.3433837890625,1654.0693969726562,1603.7573852539062,174.6654052734375,191.1719970703125
IMG_0045.mp4,574,19.133333333333333,30.0,222,2,traffic_signs,0.8527148365974426,2489.2099609375,1499.513671875,2599.701904296875,1614.1201171875,2544.4559326171875,1556.81689453125,110.491943359375,114.6064453125
IMG_0045.mp4,574,19.133333333333333,30.0,376,2,traffic_signs,0.8959720134735107,1028.445068359375,1520.662353515625,1062.328857421875,1566.284423828125,1045.386962890625,1543.473388671875,33.8837890625,45.6220703125
IMG_0045.mp4,574,19.133333333333333,30.0,334,2,traffic_signs,0.8824328780174255,911.862060546875,1369.4874267578125,979.0016479492188,1462.092529296875,945.4318542480469,1415.7899780273438,67.13958740234375,92.6051025390625
IMG_0045.mp4,574,19.133333333333333,30.0,424,2,traffic_signs,0.7134050726890564,706.7542114257812,1242.531005859375,771.707275390625,1347.6279296875,739.2307434082031,1295.0794677734375,64.95306396484375,105.096923828125
IMG_0045.mp4,574,19.133333333333333,30.0,379,2,traffic_signs,0.8605053424835205,678.921875,1338.4571533203125,756.559326171875,1451.411376953125,717.7406005859375,1394.9342651367188,77.637451171875,112.9542236328125
IMG_0045.mp4,574,19.133333333333333,30.0,374,2,traffic_signs,0.5974351763725281,1260.9136962890625,1517.0572509765625,1283.7327880859375,1565.6588134765625,1272.3232421875,1541.3580322265625,22.819091796875,48.6015625
IMG_0045.mp4,575,19.166666666666668,30.0,339,2,traffic_signs,0.9147771596908569,1828.4273681640625,1368.962158203125,1873.7662353515625,1500.4700927734375,1851.0968017578125,1434.7161254882812,45.3388671875,131.5079345703125
IMG_0045.mp4,575,19.166666666666668,30.0,391,2,traffic_signs,0.8796993494033813,2054.816650390625,1649.5863037109375,2087.84033203125,1696.5888671875,2071.3284912109375,1673.0875854492188,33.023681640625,47.0025634765625
IMG_0045.mp4,575,19.166666666666668,30.0,251,2,traffic_signs,0.9011302590370178,1554.900390625,1503.6300048828125,1733.2196044921875,1698.721435546875,1644.0599975585938,1601.1757202148438,178.3192138671875,195.0914306640625
IMG_0045.mp4,575,19.166666666666668,30.0,222,2,traffic_signs,0.8671362996101379,2491.39453125,1497.307861328125,2603.950927734375,1614.9912109375,2547.6727294921875,1556.1495361328125,112.556396484375,117.683349609375
IMG_0045.mp4,575,19.166666666666668,30.0,376,2,traffic_signs,0.8944240212440491,1026.7589111328125,1521.49169921875,1060.3514404296875,1567.5887451171875,1043.55517578125,1544.5402221679688,33.592529296875,46.0970458984375
IMG_0045.mp4,575,19.166666666666668,30.0,334,2,traffic_signs,0.912334680557251,900.2010498046875,1366.8101806640625,973.855224609375,1468.1976318359375,937.0281372070312,1417.50390625,73.6541748046875,101.387451171875
IMG_0045.mp4,575,19.166666666666668,30.0,424,2,traffic_signs,0.8528314828872681,696.3726806640625,1238.9822998046875,760.0941162109375,1342.404541015625,728.2333984375,1290.6934204101562,63.721435546875,103.4222412109375
IMG_0045.mp4,575,19.166666666666668,30.0,379,2,traffic_signs,0.8866881132125854,666.9856567382812,1336.5526123046875,744.5213012695312,1449.6788330078125,705.7534790039062,1393.11572265625,77.53564453125,113.126220703125
IMG_0045.mp4,575,19.166666666666668,30.0,374,2,traffic_signs,0.5800723433494568,1261.22607421875,1515.2635498046875,1284.225341796875,1565.7930908203125,1272.7257080078125,1540.5283203125,22.999267578125,50.529541015625
IMG_0045.mp4,575,19.166666666666668,30.0,229,2,traffic_signs,0.4672282636165619,3582.84375,1696.280517578125,3656.918212890625,1789.7947998046875,3619.8809814453125,1743.0376586914062,74.074462890625,93.5142822265625
IMG_0045.mp4,576,19.2,30.0,339,2,traffic_signs,0.8848775029182434,1824.5040283203125,1366.0362548828125,1870.3380126953125,1496.975341796875,1847.4210205078125,1431.5057983398438,45.833984375,130.9390869140625
IMG_0045.mp4,576,19.2,30.0,391,2,traffic_signs,0.8810082077980042,2057.065673828125,1649.775390625,2089.58740234375,1696.534912109375,2073.3265380859375,1673.1551513671875,32.521728515625,46.759521484375
IMG_0045.mp4,576,19.2,30.0,251,2,traffic_signs,0.9468122720718384,1544.84423828125,1497.5233154296875,1722.6968994140625,1696.0909423828125,1633.7705688476562,1596.80712890625,177.8526611328125,198.567626953125
IMG_0045.mp4,576,19.2,30.0,222,2,traffic_signs,0.25681835412979126,2493.026611328125,1495.745361328125,2605.986572265625,1612.1934814453125,2549.506591796875,1553.9694213867188,112.9599609375,116.4481201171875
IMG_0045.mp4,576,19.2,30.0,376,2,traffic_signs,0.89112788438797,1027.0042724609375,1522.7059326171875,1060.394287109375,1567.58447265625,1043.6992797851562,1545.1452026367188,33.3900146484375,44.8785400390625
IMG_0045.mp4,576,19.2,30.0,334,2,traffic_signs,0.8225773572921753,895.3046264648438,1366.0233154296875,970.0777587890625,1466.4273681640625,932.6911926269531,1416.225341796875,74.77313232421875,100.404052734375
IMG_0045.mp4,576,19.2,30.0,424,2,traffic_signs,0.7682750821113586,687.7499389648438,1237.0352783203125,750.4564819335938,1336.6737060546875,719.1032104492188,1286.8544921875,62.70654296875,99.638427734375
IMG_0045.mp4,576,19.2,30.0,379,2,traffic_signs,0.3767337203025818,658.1473388671875,1335.606201171875,736.7828979492188,1446.8353271484375,697.4651184082031,1391.2207641601562,78.63555908203125,111.2291259765625
IMG_0045.mp4,576,19.2,30.0,374,2,traffic_signs,0.7205854654312134,1264.3160400390625,1514.1226806640625,1285.6700439453125,1564.668701171875,1274.9930419921875,1539.3956909179688,21.35400390625,50.5460205078125
IMG_0045.mp4,577,19.233333333333334,30.0,339,2,traffic_signs,0.9148842096328735,1819.21533203125,1359.51220703125,1867.2601318359375,1489.4105224609375,1843.2377319335938,1424.4613647460938,48.0447998046875,129.8983154296875
IMG_0045.mp4,577,19.233333333333334,30.0,391,2,traffic_signs,0.8820346593856812,2060.74560546875,1645.26220703125,2092.0048828125,1692.9007568359375,2076.375244140625,1669.0814819335938,31.25927734375,47.6385498046875
IMG_0045.mp4,577,19.233333333333334,30.0,251,2,traffic_signs,0.9486138224601746,1535.6259765625,1487.510498046875,1713.638916015625,1687.169677734375,1624.6324462890625,1587.340087890625,178.012939453125,199.6591796875
IMG_0045.mp4,577,19.233333333333334,30.0,222,2,traffic_signs,0.8304352164268494,2493.9541015625,1490.650146484375,2608.1796875,1605.6185302734375,2551.06689453125,1548.1343383789062,114.2255859375,114.9683837890625
IMG_0045.mp4,577,19.233333333333334,30.0,376,2,traffic_signs,0.8742902874946594,1028.784912109375,1520.668701171875,1060.7391357421875,1563.404052734375,1044.7620239257812,1542.036376953125,31.9542236328125,42.7353515625
IMG_0045.mp4,577,19.233333333333334,30.0,334,2,traffic_signs,0.8987269997596741,893.1195678710938,1359.98388671875,965.9255981445312,1447.88720703125,929.5225830078125,1403.935546875,72.8060302734375,87.9033203125
IMG_0045.mp4,577,19.233333333333334,30.0,424,2,traffic_signs,0.8475849628448486,679.9762573242188,1229.5875244140625,742.6206665039062,1328.9503173828125,711.2984619140625,1279.2689208984375,62.6444091796875,99.36279296875
IMG_0045.mp4,577,19.233333333333334,30.0,379,2,traffic_signs,0.8885858654975891,650.0588989257812,1332.036376953125,729.5125732421875,1439.132568359375,689.7857360839844,1385.58447265625,79.45367431640625,107.09619140625
IMG_0045.mp4,577,19.233333333333334,30.0,374,2,traffic_signs,0.744118332862854,1267.2528076171875,1509.107177734375,1287.21435546875,1560.015869140625,1277.2335815429688,1534.5615234375,19.9615478515625,50.90869140625
IMG_0045.mp4,577,19.233333333333334,30.0,428,2,traffic_signs,0.388694703578949,1883.6077880859375,1677.3121337890625,1898.8714599609375,1707.2581787109375,1891.2396240234375,1692.28515625,15.263671875,29.946044921875
IMG_0045.mp4,577,19.233333333333334,30.0,230,2,traffic_signs,0.6508004069328308,493.2548828125,741.7023315429688,687.8679809570312,987.0574340820312,590.5614318847656,864.3798828125,194.61309814453125,245.3551025390625
IMG_0045.mp4,578,19.266666666666666,30.0,339,2,traffic_signs,0.9304405450820923,1813.9422607421875,1356.9755859375,1862.4217529296875,1488.05859375,1838.1820068359375,1422.51708984375,48.4794921875,131.0830078125
IMG_0045.mp4,578,19.266666666666666,30.0,391,2,traffic_signs,0.879561722278595,2064.0654296875,1647.726318359375,2096.469970703125,1696.08056640625,2080.2677001953125,1671.9034423828125,32.404541015625,48.354248046875
IMG_0045.mp4,578,19.266666666666666,30.0,251,2,traffic_signs,0.9508180022239685,1522.1331787109375,1482.4864501953125,1703.716796875,1685.5684814453125,1612.9249877929688,1584.0274658203125,181.5836181640625,203.08203125
IMG_0045.mp4,578,19.266666666666666,30.0,222,2,traffic_signs,0.8634703755378723,2496.852783203125,1489.9482421875,2612.290283203125,1606.5015869140625,2554.571533203125,1548.2249145507812,115.4375,116.5533447265625
IMG_0045.mp4,578,19.266666666666666,30.0,376,2,traffic_signs,0.8742225766181946,1025.482177734375,1522.880859375,1058.060302734375,1565.248291015625,1041.771240234375,1544.0645751953125,32.578125,42.367431640625
IMG_0045.mp4,578,19.266666666666666,30.0,334,2,traffic_signs,0.8806836605072021,883.8358154296875,1357.86962890625,957.1184692382812,1441.82958984375,920.4771423339844,1399.849609375,73.28265380859375,83.9599609375
IMG_0045.mp4,578,19.266666666666666,30.0,424,2,traffic_signs,0.6303927898406982,667.0632934570312,1225.0596923828125,727.4896240234375,1326.7125244140625,697.2764587402344,1275.8861083984375,60.42633056640625,101.65283203125
IMG_0045.mp4,578,19.266666666666666,30.0,379,2,traffic_signs,0.9088453650474548,635.060791015625,1327.7626953125,716.0426025390625,1438.2679443359375,675.5516967773438,1383.0153198242188,80.9818115234375,110.5052490234375
IMG_0045.mp4,578,19.266666666666666,30.0,374,2,traffic_signs,0.7711201906204224,1264.90234375,1510.9569091796875,1286.4130859375,1560.58642578125,1275.65771484375,1535.7716674804688,21.5107421875,49.6295166015625
IMG_0045.mp4,578,19.266666666666666,30.0,429,2,traffic_signs,0.4843510091304779,1511.6478271484375,1670.445068359375,1618.5872802734375,1973.3026123046875,1565.1175537109375,1821.8738403320312,106.939453125,302.8575439453125
IMG_0045.mp4,578,19.266666666666666,30.0,230,2,traffic_signs,0.718431830406189,432.74188232421875,701.8187866210938,653.7525024414062,966.628173828125,543.2471923828125,834.2234802246094,221.0106201171875,264.80938720703125
IMG_0045.mp4,579,19.3,30.0,339,2,traffic_signs,0.924527108669281,1809.7510986328125,1354.6939697265625,1857.828125,1486.7249755859375,1833.7896118164062,1420.70947265625,48.0770263671875,132.031005859375
IMG_0045.mp4,579,19.3,30.0,391,2,traffic_signs,0.8553367257118225,2066.5615234375,1650.1473388671875,2098.61328125,1696.7322998046875,2082.58740234375,1673.4398193359375,32.0517578125,46.5849609375
IMG_0045.mp4,579,19.3,30.0,251,2,traffic_signs,0.9613162279129028,1509.22216796875,1480.9324951171875,1693.6658935546875,1684.78125,1601.4440307617188,1582.8568725585938,184.4437255859375,203.8487548828125
IMG_0045.mp4,579,19.3,30.0,222,2,traffic_signs,0.8359139561653137,2496.91357421875,1489.05517578125,2612.955322265625,1605.073974609375,2554.9344482421875,1547.0645751953125,116.041748046875,116.018798828125
IMG_0045.mp4,579,19.3,30.0,376,2,traffic_signs,0.8809469938278198,1026.9248046875,1523.950439453125,1060.55712890625,1565.2935791015625,1043.740966796875,1544.6220092773438,33.63232421875,41.3431396484375
IMG_0045.mp4,579,19.3,30.0,334,2,traffic_signs,0.9018287658691406,880.1795043945312,1357.5771484375,954.7609252929688,1441.0628662109375,917.47021484375,1399.3200073242188,74.5814208984375,83.4857177734375
IMG_0045.mp4,579,19.3,30.0,424,2,traffic_signs,0.8884170651435852,659.2684326171875,1223.970947265625,720.4400634765625,1326.123291015625,689.854248046875,1275.047119140625,61.171630859375,102.15234375
IMG_0045.mp4,579,19.3,30.0,379,2,traffic_signs,0.8567493557929993,627.5224609375,1327.52685546875,709.4329223632812,1436.7105712890625,668.4776916503906,1382.1187133789062,81.91046142578125,109.1837158203125
IMG_0045.mp4,579,19.3,30.0,374,2,traffic_signs,0.7898567914962769,1266.4700927734375,1511.848876953125,1288.4127197265625,1562.4295654296875,1277.44140625,1537.1392211914062,21.942626953125,50.5806884765625
IMG_0045.mp4,579,19.3,30.0,429,2,traffic_signs,0.8131381273269653,1502.308349609375,1669.52392578125,1608.5289306640625,1973.4090576171875,1555.4186401367188,1821.4664916992188,106.2205810546875,303.8851318359375
IMG_0045.mp4,579,19.3,30.0,230,2,traffic_signs,0.9300708174705505,363.2862243652344,659.3558959960938,618.4397583007812,951.6533203125,490.8629913330078,805.5046081542969,255.15353393554688,292.29742431640625
IMG_0045.mp4,579,19.3,30.0,428,2,traffic_signs,0.5446476936340332,1891.0260009765625,1677.4505615234375,1908.5697021484375,1710.4892578125,1899.7978515625,1693.9699096679688,17.543701171875,33.0386962890625
IMG_0045.mp4,580,19.333333333333332,30.0,339,2,traffic_signs,0.9309061765670776,1802.90673828125,1347.0010986328125,1851.7135009765625,1477.8560791015625,1827.3101196289062,1412.4285888671875,48.8067626953125,130.85498046875
IMG_0045.mp4,580,19.333333333333332,30.0,391,2,traffic_signs,0.8511109948158264,2067.346923828125,1649.380615234375,2099.735107421875,1693.5947265625,2083.541015625,1671.4876708984375,32.38818359375,44.214111328125
IMG_0045.mp4,580,19.333333333333332,30.0,251,2,traffic_signs,0.9559798836708069,1492.9320068359375,1472.7542724609375,1682.20458984375,1677.20654296875,1587.5682983398438,1574.9804077148438,189.2725830078125,204.4522705078125
IMG_0045.mp4,580,19.333333333333332,30.0,222,2,traffic_signs,0.8409775495529175,2497.153076171875,1482.3394775390625,2614.760498046875,1601.5626220703125,2555.956787109375,1541.9510498046875,117.607421875,119.22314453125
IMG_0045.mp4,580,19.333333333333332,30.0,376,2,traffic_signs,0.8480611443519592,1023.416259765625,1521.80078125,1056.286376953125,1560.9034423828125,1039.851318359375,1541.3521118164062,32.8701171875,39.1026611328125
IMG_0045.mp4,580,19.333333333333332,30.0,334,2,traffic_signs,0.92878258228302,871.1326904296875,1351.17236328125,946.3905639648438,1436.6405029296875,908.7616271972656,1393.9064331054688,75.25787353515625,85.4681396484375
IMG_0045.mp4,580,19.333333333333332,30.0,424,2,traffic_signs,0.8968560695648193,645.6188354492188,1213.8057861328125,708.2688598632812,1318.7685546875,676.94384765625,1266.2871704101562,62.6500244140625,104.9627685546875
IMG_0045.mp4,580,19.333333333333332,30.0,379,2,traffic_signs,0.9012174010276794,613.8494873046875,1316.001708984375,695.076171875,1429.537841796875,654.4628295898438,1372.769775390625,81.2266845703125,113.5361328125
IMG_0045.mp4,580,19.333333333333332,30.0,374,2,traffic_signs,0.8054074645042419,1263.993408203125,1507.378173828125,1286.1812744140625,1557.64013671875,1275.0873413085938,1532.5091552734375,22.1878662109375,50.261962890625
IMG_0045.mp4,580,19.333333333333332,30.0,429,2,traffic_signs,0.7702577710151672,1486.606201171875,1657.14306640625,1596.756103515625,1973.90576171875,1541.68115234375,1815.5244140625,110.14990234375,316.7626953125
IMG_0045.mp4,580,19.333333333333332,30.0,230,2,traffic_signs,0.9244266748428345,309.22900390625,614.5302124023438,579.1369018554688,925.35693359375,444.1829528808594,769.9435729980469,269.90789794921875,310.82672119140625
IMG_0045.mp4,580,19.333333333333332,30.0,428,2,traffic_signs,0.4705548584461212,1892.4173583984375,1676.7852783203125,1909.926025390625,1709.0321044921875,1901.1716918945312,1692.90869140625,17.5086669921875,32.246826171875
IMG_0045.mp4,580,19.333333333333332,30.0,229,2,traffic_signs,0.34717875719070435,3630.6171875,1692.297119140625,3719.80712890625,1790.4642333984375,3675.212158203125,1741.3806762695312,89.18994140625,98.1671142578125
IMG_0045.mp4,581,19.366666666666667,30.0,339,2,traffic_signs,0.9194430708885193,1798.300048828125,1345.982666015625,1846.2178955078125,1475.322998046875,1822.2589721679688,1410.65283203125,47.9178466796875,129.34033203125
IMG_0045.mp4,581,19.366666666666667,30.0,391,2,traffic_signs,0.5937860012054443,2069.385498046875,1653.9124755859375,2102.88818359375,1696.8912353515625,2086.1368408203125,1675.40185546875,33.502685546875,42.978759765625
IMG_0045.mp4,581,19.366666666666667,30.0,251,2,traffic_signs,0.9521012306213379,1477.5736083984375,1471.7132568359375,1673.394775390625,1676.428466796875,1575.4841918945312,1574.0708618164062,195.8211669921875,204.7152099609375
IMG_0045.mp4,581,19.366666666666667,30.0,222,2,traffic_signs,0.844751238822937,2500.343994140625,1482.412841796875,2618.958984375,1602.6142578125,2559.6514892578125,1542.5135498046875,118.614990234375,120.201416015625
IMG_0045.mp4,581,19.366666666666667,30.0,376,2,traffic_signs,0.799927830696106,1022.3114013671875,1524.7447509765625,1054.255859375,1563.2005615234375,1038.2836303710938,1543.97265625,31.9444580078125,38.455810546875
IMG_0045.mp4,581,19.366666666666667,30.0,334,2,traffic_signs,0.9240543842315674,863.57470703125,1349.6734619140625,939.485595703125,1437.4981689453125,901.5301513671875,1393.5858154296875,75.910888671875,87.82470703125
IMG_0045.mp4,581,19.366666666666667,30.0,379,2,traffic_signs,0.8755459189414978,600.9827270507812,1316.45361328125,682.857177734375,1428.0269775390625,641.9199523925781,1372.2402954101562,81.87445068359375,111.5733642578125
IMG_0045.mp4,581,19.366666666666667,30.0,374,2,traffic_signs,0.7589709758758545,1264.510009765625,1510.247314453125,1286.8524169921875,1561.896484375,1275.6812133789062,1536.0718994140625,22.3424072265625,51.649169921875
IMG_0045.mp4,581,19.366666666666667,30.0,429,2,traffic_signs,0.7652839422225952,1470.9967041015625,1655.4459228515625,1582.28466796875,1979.15576171875,1526.6406860351562,1817.3008422851562,111.2879638671875,323.7098388671875
IMG_0045.mp4,581,19.366666666666667,30.0,230,2,traffic_signs,0.7930111289024353,246.0771484375,562.2722778320312,534.6281127929688,909.8089599609375,390.3526306152344,736.0406188964844,288.55096435546875,347.53668212890625
IMG_0045.mp4,581,19.366666666666667,30.0,229,2,traffic_signs,0.4230123460292816,3651.932861328125,1695.2646484375,3739.150634765625,1794.62890625,3695.541748046875,1744.94677734375,87.2177734375,99.3642578125
IMG_0045.mp4,582,19.4,30.0,339,2,traffic_signs,0.9251705408096313,1793.1287841796875,1337.6326904296875,1844.09716796875,1472.53076171875,1818.6129760742188,1405.0817260742188,50.9683837890625,134.8980712890625
IMG_0045.mp4,582,19.4,30.0,391,2,traffic_signs,0.788845419883728,2071.84423828125,1655.8350830078125,2105.82666015625,1694.7569580078125,2088.83544921875,1675.2960205078125,33.982421875,38.921875
IMG_0045.mp4,582,19.4,30.0,251,2,traffic_signs,0.9460551738739014,1464.946533203125,1464.8797607421875,1664.7364501953125,1672.020751953125,1564.8414916992188,1568.4502563476562,199.7899169921875,207.1409912109375
IMG_0045.mp4,582,19.4,30.0,222,2,traffic_signs,0.8223316073417664,2500.791748046875,1477.2098388671875,2619.747802734375,1599.099365234375,2560.269775390625,1538.1546020507812,118.9560546875,121.8895263671875
IMG_0045.mp4,582,19.4,30.0,376,2,traffic_signs,0.5628218650817871,1024.02392578125,1517.774169921875,1056.14404296875,1561.456298828125,1040.083984375,1539.615234375,32.1201171875,43.68212890625
IMG_0045.mp4,582,19.4,30.0,334,2,traffic_signs,0.9126198291778564,860.968505859375,1345.8812255859375,936.4973754882812,1435.3311767578125,898.7329406738281,1390.606201171875,75.52886962890625,89.449951171875
IMG_0045.mp4,582,19.4,30.0,379,2,traffic_signs,0.7970802187919617,593.574462890625,1308.46533203125,676.581298828125,1421.5518798828125,635.077880859375,1365.0086059570312,83.0068359375,113.0865478515625
IMG_0045.mp4,582,19.4,30.0,374,2,traffic_signs,0.6851046681404114,1265.7822265625,1507.7376708984375,1289.7921142578125,1559.6239013671875,1277.7871704101562,1533.6807861328125,24.0098876953125,51.88623046875
IMG_0045.mp4,582,19.4,30.0,429,2,traffic_signs,0.44175589084625244,1456.609619140625,1650.196533203125,1569.3990478515625,1973.388427734375,1513.0043334960938,1811.79248046875,112.7894287109375,323.19189453125
IMG_0045.mp4,582,19.4,30.0,230,2,traffic_signs,0.4605412185192108,199.1516876220703,536.8807373046875,496.389892578125,888.0538940429688,347.77079010009766,712.4673156738281,297.2382049560547,351.17315673828125
IMG_0045.mp4,582,19.4,30.0,229,2,traffic_signs,0.5020883083343506,3662.058837890625,1693.33447265625,3745.371826171875,1791.71484375,3703.71533203125,1742.524658203125,83.31298828125,98.38037109375
IMG_0045.mp4,582,19.4,30.0,424,2,traffic_signs,0.8495503664016724,599.7440795898438,1204.186767578125,693.6450805664062,1405.823486328125,646.694580078125,1305.005126953125,93.9010009765625,201.63671875
IMG_0045.mp4,583,19.433333333333334,30.0,339,2,traffic_signs,0.9290091395378113,1787.95068359375,1331.137451171875,1839.828857421875,1466.739990234375,1813.8897705078125,1398.938720703125,51.878173828125,135.6025390625
IMG_0045.mp4,583,19.433333333333334,30.0,391,2,traffic_signs,0.7585049867630005,2074.057373046875,1659.1766357421875,2108.226806640625,1693.813720703125,2091.14208984375,1676.4951782226562,34.16943359375,34.6370849609375
IMG_0045.mp4,583,19.433333333333334,30.0,251,2,traffic_signs,0.9561401009559631,1446.4041748046875,1459.5418701171875,1659.482666015625,1668.0501708984375,1552.9434204101562,1563.7960205078125,213.0784912109375,208.50830078125
IMG_0045.mp4,583,19.433333333333334,30.0,222,2,traffic_signs,0.7433480024337769,2502.80712890625,1473.1678466796875,2622.947509765625,1595.8931884765625,2562.8773193359375,1534.530517578125,120.140380859375,122.725341796875
IMG_0045.mp4,583,19.433333333333334,30.0,376,2,traffic_signs,0.7919200658798218,1020.471923828125,1509.8931884765625,1052.990478515625,1559.916015625,1036.731201171875,1534.9046020507812,32.5185546875,50.0228271484375
IMG_0045.mp4,583,19.433333333333334,30.0,334,2,traffic_signs,0.81523197889328,852.4765014648438,1339.8587646484375,928.0507202148438,1430.8109130859375,890.2636108398438,1385.3348388671875,75.57421875,90.9521484375
IMG_0045.mp4,583,19.433333333333334,30.0,379,2,traffic_signs,0.8627926111221313,578.9979248046875,1299.8819580078125,664.9691162109375,1416.32763671875,621.9835205078125,1358.1047973632812,85.97119140625,116.4456787109375
IMG_0045.mp4,583,19.433333333333334,30.0,374,2,traffic_signs,0.7332972288131714,1265.3651123046875,1505.986083984375,1289.7310791015625,1558.0,1277.548095703125,1531.9930419921875,24.365966796875,52.013916015625
IMG_0045.mp4,583,19.433333333333334,30.0,429,2,traffic_signs,0.49063757061958313,1440.5274658203125,1650.9013671875,1555.8187255859375,1973.70751953125,1498.173095703125,1812.304443359375,115.291259765625,322.80615234375
IMG_0045.mp4,583,19.433333333333334,30.0,229,2,traffic_signs,0.5739288926124573,3672.783935546875,1690.4622802734375,3765.44384765625,1793.6844482421875,3719.1138916015625,1742.0733642578125,92.659912109375,103.22216796875
IMG_0045.mp4,583,19.433333333333334,30.0,424,2,traffic_signs,0.6969830393791199,600.72509765625,1196.8245849609375,682.1585083007812,1353.571533203125,641.4418029785156,1275.1980590820312,81.43341064453125,156.7469482421875
IMG_0045.mp4,584,19.466666666666665,30.0,339,2,traffic_signs,0.918412983417511,1783.5142822265625,1331.1563720703125,1835.42724609375,1466.4293212890625,1809.4707641601562,1398.7928466796875,51.9129638671875,135.27294921875
IMG_0045.mp4,584,19.466666666666665,30.0,391,2,traffic_signs,0.7374047636985779,2076.46142578125,1663.060546875,2111.27734375,1695.292724609375,2093.869384765625,1679.1766357421875,34.81591796875,32.232177734375
IMG_0045.mp4,584,19.466666666666665,30.0,251,2,traffic_signs,0.9374385476112366,1433.5821533203125,1457.4833984375,1650.8292236328125,1667.10400390625,1542.2056884765625,1562.293701171875,217.2470703125,209.62060546875
IMG_0045.mp4,584,19.466666666666665,30.0,222,2,traffic_signs,0.7982614040374756,2505.182373046875,1474.715087890625,2624.567138671875,1597.3187255859375,2564.874755859375,1536.0169067382812,119.384765625,122.6036376953125
IMG_0045.mp4,584,19.466666666666665,30.0,376,2,traffic_signs,0.813783586025238,1020.4168090820312,1509.3204345703125,1053.581298828125,1562.5777587890625,1036.9990539550781,1535.9490966796875,33.16448974609375,53.25732421875
IMG_0045.mp4,584,19.466666666666665,30.0,334,2,traffic_signs,0.9110891222953796,846.5172119140625,1340.636962890625,922.1423950195312,1432.9610595703125,884.3298034667969,1386.7990112304688,75.62518310546875,92.3240966796875
IMG_0045.mp4,584,19.466666666666665,30.0,379,2,traffic_signs,0.6330257654190063,568.4085083007812,1296.763671875,654.8091430664062,1416.46875,611.6088256835938,1356.6162109375,86.400634765625,119.705078125
IMG_0045.mp4,584,19.466666666666665,30.0,374,2,traffic_signs,0.7687321305274963,1265.9320068359375,1508.682861328125,1291.8671875,1563.0546875,1278.8995971679688,1535.8687744140625,25.9351806640625,54.371826171875
IMG_0045.mp4,584,19.466666666666665,30.0,429,2,traffic_signs,0.43105074763298035,1427.26220703125,1651.1778564453125,1542.5802001953125,1975.248779296875,1484.9212036132812,1813.2133178710938,115.3179931640625,324.0709228515625
IMG_0045.mp4,584,19.466666666666665,30.0,229,2,traffic_signs,0.4564284384250641,3678.92724609375,1692.766845703125,3774.56005859375,1794.2049560546875,3726.74365234375,1743.4859008789062,95.6328125,101.4381103515625
IMG_0045.mp4,584,19.466666666666665,30.0,424,2,traffic_signs,0.5800997614860535,599.9166870117188,1197.0943603515625,670.7772827148438,1323.403076171875,635.3469848632812,1260.2487182617188,70.860595703125,126.3087158203125
IMG_0045.mp4,584,19.466666666666665,30.0,230,2,traffic_signs,0.6738904118537903,85.58162689208984,465.5280456542969,402.5589904785156,837.6716918945312,244.07030868530273,651.5998687744141,316.9773635864258,372.1436462402344
IMG_0045.mp4,585,19.5,30.0,339,2,traffic_signs,0.9133545160293579,1778.5306396484375,1325.379150390625,1831.612060546875,1458.8851318359375,1805.0713500976562,1392.1321411132812,53.0814208984375,133.5059814453125
IMG_0045.mp4,585,19.5,30.0,391,2,traffic_signs,0.7319602966308594,2079.842529296875,1661.23291015625,2115.226806640625,1691.892333984375,2097.53466796875,1676.5626220703125,35.38427734375,30.659423828125
IMG_0045.mp4,585,19.5,30.0,251,2,traffic_signs,0.9526034593582153,1418.39599609375,1448.34326171875,1627.0538330078125,1659.4599609375,1522.7249145507812,1553.901611328125,208.6578369140625,211.11669921875
IMG_0045.mp4,585,19.5,30.0,222,2,traffic_signs,0.36467117071151733,2507.79541015625,1469.6163330078125,2627.127197265625,1591.4591064453125,2567.4613037109375,1530.5377197265625,119.331787109375,121.8427734375
IMG_0045.mp4,585,19.5,30.0,376,2,traffic_signs,0.8287525177001953,1021.2064208984375,1504.2489013671875,1054.1090087890625,1558.6453857421875,1037.65771484375,1531.4471435546875,32.902587890625,54.396484375
IMG_0045.mp4,585,19.5,30.0,334,2,traffic_signs,0.9355498552322388,842.45849609375,1334.9864501953125,917.67333984375,1428.114501953125,880.06591796875,1381.5504760742188,75.21484375,93.1280517578125
IMG_0045.mp4,585,19.5,30.0,379,2,traffic_signs,0.8555492162704468,557.861083984375,1294.605224609375,645.765869140625,1411.040771484375,601.8134765625,1352.822998046875,87.90478515625,116.435546875
IMG_0045.mp4,585,19.5,30.0,374,2,traffic_signs,0.7511163353919983,1268.264404296875,1503.860595703125,1294.1527099609375,1560.79541015625,1281.2085571289062,1532.3280029296875,25.8883056640625,56.934814453125
IMG_0045.mp4,585,19.5,30.0,429,2,traffic_signs,0.35222986340522766,1411.4166259765625,1644.8443603515625,1528.9833984375,1971.1185302734375,1470.2000122070312,1807.9814453125,117.5667724609375,326.274169921875
IMG_0045.mp4,585,19.5,30.0,229,2,traffic_signs,0.3082813322544098,3680.186279296875,1688.346435546875,3784.740478515625,1792.0281982421875,3732.46337890625,1740.1873168945312,104.55419921875,103.6817626953125
IMG_0045.mp4,585,19.5,30.0,424,2,traffic_signs,0.4562555253505707,598.6848754882812,1188.5286865234375,662.476318359375,1311.1204833984375,630.5805969238281,1249.8245849609375,63.79144287109375,122.591796875
IMG_0045.mp4,585,19.5,30.0,230,2,traffic_signs,0.6114302277565002,25.8409423828125,427.0931091308594,352.60748291015625,815.3056030273438,189.22421264648438,621.1993560791016,326.76654052734375,388.2124938964844
IMG_0045.mp4,586,19.533333333333335,30.0,339,2,traffic_signs,0.9190086722373962,1773.6619873046875,1321.4097900390625,1826.943115234375,1452.8743896484375,1800.3025512695312,1387.14208984375,53.2811279296875,131.464599609375
IMG_0045.mp4,586,19.533333333333335,30.0,391,2,traffic_signs,0.7767292857170105,2082.25,1661.2364501953125,2118.847412109375,1692.4749755859375,2100.5487060546875,1676.855712890625,36.597412109375,31.238525390625
IMG_0045.mp4,586,19.533333333333335,30.0,251,2,traffic_signs,0.9477339386940002,1400.20068359375,1437.492431640625,1609.1522216796875,1652.0831298828125,1504.6764526367188,1544.7877807617188,208.9515380859375,214.5906982421875
IMG_0045.mp4,586,19.533333333333335,30.0,222,2,traffic_signs,0.6906293630599976,2510.535400390625,1466.441162109375,2631.56689453125,1589.881103515625,2571.0511474609375,1528.1611328125,121.031494140625,123.43994140625
IMG_0045.mp4,586,19.533333333333335,30.0,376,2,traffic_signs,0.8053126931190491,1018.62255859375,1501.217529296875,1051.4326171875,1557.348876953125,1035.027587890625,1529.283203125,32.81005859375,56.13134765625
IMG_0045.mp4,586,19.533333333333335,30.0,334,2,traffic_signs,0.9370516538619995,834.0535278320312,1329.6546630859375,910.0703735351562,1424.9010009765625,872.0619506835938,1377.27783203125,76.016845703125,95.246337890625
IMG_0045.mp4,586,19.533333333333335,30.0,379,2,traffic_signs,0.8781065344810486,545.2853393554688,1290.795166015625,632.1928100585938,1407.3453369140625,588.7390747070312,1349.0702514648438,86.907470703125,116.5501708984375
IMG_0045.mp4,586,19.533333333333335,30.0,374,2,traffic_signs,0.8283541202545166,1268.1285400390625,1502.3265380859375,1294.5008544921875,1558.2901611328125,1281.314697265625,1530.308349609375,26.372314453125,55.963623046875
IMG_0045.mp4,586,19.533333333333335,30.0,429,2,traffic_signs,0.5442262887954712,1392.910888671875,1639.476318359375,1513.7215576171875,1976.484130859375,1453.3162231445312,1807.980224609375,120.8106689453125,337.0078125
IMG_0045.mp4,586,19.533333333333335,30.0,229,2,traffic_signs,0.3349977731704712,3696.380859375,1687.8067626953125,3787.905517578125,1791.396240234375,3742.1431884765625,1739.6015014648438,91.524658203125,103.5894775390625
IMG_0045.mp4,586,19.533333333333335,30.0,230,2,traffic_signs,0.46049585938453674,0.0,383.89617919921875,301.7361145019531,787.0157470703125,150.86805725097656,585.4559631347656,301.7361145019531,403.11956787109375
IMG_0045.mp4,587,19.566666666666666,30.0,339,2,traffic_signs,0.9310092329978943,1768.9874267578125,1316.5494384765625,1823.4912109375,1452.287353515625,1796.2393188476562,1384.4183959960938,54.5037841796875,135.7379150390625
IMG_0045.mp4,587,19.566666666666666,30.0,391,2,traffic_signs,0.7952397465705872,2085.06298828125,1662.466064453125,2121.17822265625,1694.3988037109375,2103.12060546875,1678.4324340820312,36.115234375,31.9327392578125
IMG_0045.mp4,587,19.566666666666666,30.0,251,2,traffic_signs,0.9533275961875916,1386.576904296875,1433.6400146484375,1597.827880859375,1647.827392578125,1492.202392578125,1540.7337036132812,211.2509765625,214.1873779296875
IMG_0045.mp4,587,19.566666666666666,30.0,222,2,traffic_signs,0.5996930003166199,2510.79541015625,1465.97900390625,2633.171875,1588.3070068359375,2571.983642578125,1527.1430053710938,122.37646484375,122.3280029296875
IMG_0045.mp4,587,19.566666666666666,30.0,376,2,traffic_signs,0.8572100400924683,1019.9284057617188,1501.732177734375,1051.7781982421875,1558.2947998046875,1035.8533020019531,1530.0134887695312,31.84979248046875,56.5626220703125
IMG_0045.mp4,587,19.566666666666666,30.0,334,2,traffic_signs,0.9214723706245422,829.4075317382812,1329.4139404296875,905.6370849609375,1425.50341796875,867.5223083496094,1377.4586791992188,76.22955322265625,96.0894775390625
IMG_0045.mp4,587,19.566666666666666,30.0,379,2,traffic_signs,0.8347639441490173,536.530517578125,1291.808349609375,622.2513427734375,1406.5074462890625,579.3909301757812,1349.1578979492188,85.7208251953125,114.6990966796875
IMG_0045.mp4,587,19.566666666666666,30.0,374,2,traffic_signs,0.8253073692321777,1271.121826171875,1503.721435546875,1296.1583251953125,1559.9310302734375,1283.6400756835938,1531.8262329101562,25.0364990234375,56.2095947265625
IMG_0045.mp4,587,19.566666666666666,30.0,429,2,traffic_signs,0.5103306770324707,1376.7333984375,1635.703125,1502.2166748046875,1976.608154296875,1439.4750366210938,1806.1556396484375,125.4832763671875,340.905029296875
IMG_0045.mp4,587,19.566666666666666,30.0,229,2,traffic_signs,0.2527468204498291,3702.051025390625,1688.521484375,3802.48388671875,1792.8599853515625,3752.2674560546875,1740.6907348632812,100.432861328125,104.3385009765625
IMG_0045.mp4,588,19.6,30.0,339,2,traffic_signs,0.9204290509223938,1765.278564453125,1307.8873291015625,1821.0716552734375,1444.62744140625,1793.1751098632812,1376.2573852539062,55.7930908203125,136.7401123046875
IMG_0045.mp4,588,19.6,30.0,391,2,traffic_signs,0.8159035444259644,2089.659423828125,1659.5865478515625,2125.180908203125,1691.3466796875,2107.420166015625,1675.4666137695312,35.521484375,31.7601318359375
IMG_0045.mp4,588,19.6,30.0,251,2,traffic_signs,0.9592770338058472,1370.862548828125,1423.8333740234375,1589.2210693359375,1641.359619140625,1480.0418090820312,1532.5964965820312,218.3585205078125,217.5262451171875
IMG_0045.mp4,588,19.6,30.0,222,2,traffic_signs,0.7979076504707336,2513.395751953125,1459.12451171875,2636.98486328125,1581.5865478515625,2575.1903076171875,1520.3555297851562,123.589111328125,122.4620361328125
IMG_0045.mp4,588,19.6,30.0,376,2,traffic_signs,0.8348706960678101,1021.068359375,1497.9425048828125,1050.975830078125,1552.18798828125,1036.0220947265625,1525.0652465820312,29.907470703125,54.2454833984375
IMG_0045.mp4,588,19.6,30.0,334,2,traffic_signs,0.9126672148704529,826.364013671875,1323.882568359375,902.8633422851562,1420.1510009765625,864.6136779785156,1372.0167846679688,76.49932861328125,96.2684326171875
IMG_0045.mp4,588,19.6,30.0,379,2,traffic_signs,0.2541687488555908,526.8475341796875,1288.024169921875,613.1443481445312,1398.188232421875,569.9959411621094,1343.106201171875,86.29681396484375,110.1640625
IMG_0045.mp4,588,19.6,30.0,374,2,traffic_signs,0.7239264845848083,1274.34716796875,1500.321533203125,1297.980224609375,1554.19091796875,1286.1636962890625,1527.2562255859375,23.633056640625,53.869384765625
IMG_0045.mp4,588,19.6,30.0,429,2,traffic_signs,0.3742857575416565,1359.0947265625,1628.9241943359375,1491.418701171875,1975.285400390625,1425.2567138671875,1802.1047973632812,132.323974609375,346.3612060546875
IMG_0045.mp4,588,19.6,30.0,229,2,traffic_signs,0.5283613204956055,3713.6865234375,1683.29150390625,3813.423828125,1788.87109375,3763.55517578125,1736.081298828125,99.7373046875,105.57958984375
IMG_0045.mp4,589,19.633333333333333,30.0,339,2,traffic_signs,0.9184014201164246,1760.4766845703125,1302.785888671875,1817.4283447265625,1440.6832275390625,1788.9525146484375,1371.7345581054688,56.95166015625,137.8973388671875
IMG_0045.mp4,589,19.633333333333333,30.0,391,2,traffic_signs,0.8345973491668701,2092.519287109375,1659.3988037109375,2128.374267578125,1691.93798828125,2110.44677734375,1675.6683959960938,35.85498046875,32.5391845703125
IMG_0045.mp4,589,19.633333333333333,30.0,251,2,traffic_signs,0.956138014793396,1353.060302734375,1415.66259765625,1572.5552978515625,1638.4127197265625,1462.8078002929688,1527.0376586914062,219.4949951171875,222.7501220703125
IMG_0045.mp4,589,19.633333333333333,30.0,222,2,traffic_signs,0.7819885015487671,2516.089111328125,1455.4908447265625,2641.852783203125,1580.32666015625,2578.970947265625,1517.9087524414062,125.763671875,124.8358154296875
IMG_0045.mp4,589,19.633333333333333,30.0,376,2,traffic_signs,0.775255560874939,1020.1531982421875,1497.9317626953125,1048.8580322265625,1550.478515625,1034.505615234375,1524.2051391601562,28.704833984375,52.5467529296875
IMG_0045.mp4,589,19.633333333333333,30.0,334,2,traffic_signs,0.9304868578910828,818.7581176757812,1320.3768310546875,895.6453857421875,1417.450927734375,857.2017517089844,1368.9138793945312,76.88726806640625,97.0740966796875
IMG_0045.mp4,589,19.633333333333333,30.0,379,2,traffic_signs,0.8581268787384033,512.031005859375,1286.1785888671875,601.2899780273438,1393.7039794921875,556.6604919433594,1339.9412841796875,89.25897216796875,107.525390625
IMG_0045.mp4,589,19.633333333333333,30.0,374,2,traffic_signs,0.7961228489875793,1274.7967529296875,1500.1185302734375,1298.8414306640625,1552.53564453125,1286.819091796875,1526.3270874023438,24.044677734375,52.4171142578125
IMG_0045.mp4,589,19.633333333333333,30.0,375,2,traffic_signs,0.45450904965400696,1573.0662841796875,1596.0775146484375,1606.154541015625,1639.2869873046875,1589.6104125976562,1617.6822509765625,33.0882568359375,43.20947265625
IMG_0045.mp4,590,19.666666666666668,30.0,339,2,traffic_signs,0.9231755137443542,1755.4429931640625,1297.4404296875,1814.421875,1438.86767578125,1784.9324340820312,1368.154052734375,58.9788818359375,141.42724609375
IMG_0045.mp4,590,19.666666666666668,30.0,391,2,traffic_signs,0.8367677927017212,2096.152587890625,1659.77587890625,2130.583740234375,1691.8114013671875,2113.3681640625,1675.7936401367188,34.43115234375,32.0355224609375
IMG_0045.mp4,590,19.666666666666668,30.0,251,2,traffic_signs,0.9511488676071167,1341.57080078125,1408.2568359375,1558.966552734375,1636.761962890625,1450.2686767578125,1522.5093994140625,217.395751953125,228.505126953125
IMG_0045.mp4,590,19.666666666666668,30.0,222,2,traffic_signs,0.7785568833351135,2517.9501953125,1452.1510009765625,2644.529541015625,1578.8348388671875,2581.2398681640625,1515.492919921875,126.579345703125,126.683837890625
IMG_0045.mp4,590,19.666666666666668,30.0,376,2,traffic_signs,0.8533397316932678,1022.4232788085938,1498.3416748046875,1052.4942626953125,1548.6346435546875,1037.4587707519531,1523.4881591796875,30.07098388671875,50.29296875
IMG_0045.mp4,590,19.666666666666668,30.0,334,2,traffic_signs,0.9258922934532166,815.6076049804688,1318.8675537109375,890.9638671875,1416.150634765625,853.2857360839844,1367.5090942382812,75.35626220703125,97.2830810546875
IMG_0045.mp4,590,19.666666666666668,30.0,379,2,traffic_signs,0.612541913986206,501.9048156738281,1284.1954345703125,590.973388671875,1390.7750244140625,546.4391021728516,1337.4852294921875,89.06857299804688,106.57958984375
IMG_0045.mp4,590,19.666666666666668,30.0,374,2,traffic_signs,0.7804886698722839,1277.9969482421875,1500.838134765625,1300.9957275390625,1550.9615478515625,1289.496337890625,1525.8998413085938,22.998779296875,50.1234130859375
IMG_0045.mp4,590,19.666666666666668,30.0,375,2,traffic_signs,0.7607665657997131,1576.8515625,1596.5230712890625,1609.29345703125,1639.05419921875,1593.072509765625,1617.7886352539062,32.44189453125,42.5311279296875
IMG_0045.mp4,590,19.666666666666668,30.0,429,2,traffic_signs,0.39699870347976685,1322.65185546875,1611.4346923828125,1459.0545654296875,1970.269287109375,1390.8532104492188,1790.8519897460938,136.4027099609375,358.8345947265625
IMG_0045.mp4,590,19.666666666666668,30.0,229,2,traffic_signs,0.48288440704345703,3742.0703125,1684.5635986328125,3829.19970703125,1786.775634765625,3785.635009765625,1735.6696166992188,87.12939453125,102.2120361328125
IMG_0045.mp4,591,19.7,30.0,339,2,traffic_signs,0.9379237294197083,1749.4716796875,1286.9534912109375,1809.2164306640625,1432.111328125,1779.3440551757812,1359.5324096679688,59.7447509765625,145.1578369140625
IMG_0045.mp4,591,19.7,30.0,391,2,traffic_signs,0.843495786190033,2099.629638671875,1655.7264404296875,2132.02734375,1687.486328125,2115.8284912109375,1671.6063842773438,32.397705078125,31.7598876953125
IMG_0045.mp4,591,19.7,30.0,251,2,traffic_signs,0.9498969912528992,1321.76318359375,1396.0225830078125,1545.7861328125,1626.7545166015625,1433.774658203125,1511.3885498046875,224.02294921875,230.73193359375
IMG_0045.mp4,591,19.7,30.0,222,2,traffic_signs,0.5131345987319946,2519.69970703125,1443.221435546875,2647.247314453125,1573.2196044921875,2583.4735107421875,1508.2205200195312,127.547607421875,129.9981689453125
IMG_0045.mp4,591,19.7,30.0,376,2,traffic_signs,0.8561062812805176,1022.3734130859375,1492.0865478515625,1054.079833984375,1541.700439453125,1038.2266235351562,1516.8934936523438,31.7064208984375,49.6138916015625
IMG_0045.mp4,591,19.7,30.0,334,2,traffic_signs,0.9200349450111389,809.0514526367188,1311.396484375,883.6822509765625,1409.6756591796875,846.3668518066406,1360.5360717773438,74.63079833984375,98.2791748046875
IMG_0045.mp4,591,19.7,30.0,379,2,traffic_signs,0.8429508805274963,491.1473693847656,1275.036865234375,581.1632690429688,1383.2181396484375,536.1553192138672,1329.1275024414062,90.01589965820312,108.1812744140625
IMG_0045.mp4,591,19.7,30.0,374,2,traffic_signs,0.6736081838607788,1279.521728515625,1495.355712890625,1302.119140625,1544.4039306640625,1290.8204345703125,1519.8798217773438,22.597412109375,49.0482177734375
IMG_0045.mp4,591,19.7,30.0,375,2,traffic_signs,0.7898359894752502,1578.4364013671875,1590.9547119140625,1610.03955078125,1635.026123046875,1594.2379760742188,1612.9904174804688,31.6031494140625,44.0714111328125
IMG_0045.mp4,591,19.7,30.0,429,2,traffic_signs,0.8339004516601562,1300.67626953125,1601.7630615234375,1441.2510986328125,1967.228515625,1370.9636840820312,1784.4957885742188,140.5748291015625,365.4654541015625
IMG_0045.mp4,591,19.7,30.0,229,2,traffic_signs,0.48333147168159485,3760.53515625,1679.4068603515625,3838.87060546875,1784.318359375,3799.702880859375,1731.8626098632812,78.33544921875,104.9114990234375
IMG_0045.mp4,591,19.7,30.0,424,2,traffic_signs,0.3644958436489105,538.1910400390625,1154.0560302734375,607.1273803710938,1260.8118896484375,572.6592102050781,1207.4339599609375,68.93634033203125,106.755859375
IMG_0045.mp4,592,19.733333333333334,30.0,339,2,traffic_signs,0.9206105470657349,1745.6058349609375,1283.6612548828125,1804.980224609375,1428.64794921875,1775.2930297851562,1356.1546020507812,59.3743896484375,144.9866943359375
IMG_0045.mp4,592,19.733333333333334,30.0,391,2,traffic_signs,0.84453946352005,2104.91455078125,1657.6318359375,2136.79833984375,1690.0614013671875,2120.8564453125,1673.8466186523438,31.8837890625,32.4295654296875
IMG_0045.mp4,592,19.733333333333334,30.0,251,2,traffic_signs,0.9628924131393433,1301.30859375,1390.2833251953125,1532.0767822265625,1623.2548828125,1416.6926879882812,1506.7691040039062,230.7681884765625,232.9715576171875
IMG_0045.mp4,592,19.733333333333334,30.0,222,2,traffic_signs,0.25720661878585815,2523.836181640625,1441.392822265625,2652.987548828125,1574.1229248046875,2588.411865234375,1507.7578735351562,129.1513671875,132.7301025390625
IMG_0045.mp4,592,19.733333333333334,30.0,376,2,traffic_signs,0.8684138655662537,1023.3545532226562,1492.3797607421875,1057.01171875,1540.4525146484375,1040.1831359863281,1516.4161376953125,33.65716552734375,48.07275390625
IMG_0045.mp4,592,19.733333333333334,30.0,334,2,traffic_signs,0.923654317855835,802.4306640625,1309.99658203125,879.0426025390625,1408.508544921875,840.7366333007812,1359.2525634765625,76.6119384765625,98.511962890625
IMG_0045.mp4,592,19.733333333333334,30.0,379,2,traffic_signs,0.776714563369751,479.9862060546875,1267.868896484375,571.5202026367188,1381.0859375,525.7532043457031,1324.4774169921875,91.53399658203125,113.217041015625
IMG_0045.mp4,592,19.733333333333334,30.0,375,2,traffic_signs,0.7878919839859009,1581.1588134765625,1590.8853759765625,1611.83642578125,1636.7957763671875,1596.4976196289062,1613.840576171875,30.6776123046875,45.910400390625
IMG_0045.mp4,592,19.733333333333334,30.0,429,2,traffic_signs,0.8044183254241943,1286.3511962890625,1599.9422607421875,1426.9588623046875,1969.1280517578125,1356.655029296875,1784.53515625,140.607666015625,369.185791015625
IMG_0045.mp4,592,19.733333333333334,30.0,229,2,traffic_signs,0.715905487537384,3772.839599609375,1679.41796875,3840.0,1786.4744873046875,3806.4197998046875,1732.9462280273438,67.160400390625,107.0565185546875
IMG_0045.mp4,592,19.733333333333334,30.0,424,2,traffic_signs,0.847876250743866,496.93212890625,1148.7806396484375,596.1343994140625,1355.1351318359375,546.5332641601562,1251.9578857421875,99.2022705078125,206.3544921875
IMG_0045.mp4,593,19.766666666666666,30.0,339,2,traffic_signs,0.922435998916626,1740.7576904296875,1277.349609375,1802.67041015625,1424.06201171875,1771.7140502929688,1350.705810546875,61.9127197265625,146.71240234375
IMG_0045.mp4,593,19.766666666666666,30.0,391,2,traffic_signs,0.8390135169029236,2108.6728515625,1657.0284423828125,2140.32861328125,1689.192626953125,2124.500732421875,1673.1105346679688,31.65576171875,32.1641845703125
IMG_0045.mp4,593,19.766666666666666,30.0,251,2,traffic_signs,0.95963454246521,1287.1424560546875,1383.003173828125,1518.19091796875,1617.2647705078125,1402.6666870117188,1500.1339721679688,231.0484619140625,234.2615966796875
IMG_0045.mp4,593,19.766666666666666,30.0,376,2,traffic_signs,0.8894931674003601,1027.2071533203125,1492.205810546875,1062.029541015625,1540.7552490234375,1044.6183471679688,1516.4805297851562,34.8223876953125,48.5494384765625
IMG_0045.mp4,593,19.766666666666666,30.0,334,2,traffic_signs,0.922825276851654,799.0430297851562,1308.685791015625,877.58984375,1406.8577880859375,838.3164367675781,1357.7717895507812,78.54681396484375,98.1719970703125
IMG_0045.mp4,593,19.766666666666666,30.0,379,2,traffic_signs,0.7399162650108337,473.4613037109375,1259.964111328125,566.5574340820312,1379.1041259765625,520.0093688964844,1319.5341186523438,93.09613037109375,119.1400146484375
IMG_0045.mp4,593,19.766666666666666,30.0,375,2,traffic_signs,0.7588390111923218,1585.933837890625,1589.4766845703125,1616.2076416015625,1635.5576171875,1601.0707397460938,1612.5171508789062,30.2738037109375,46.0809326171875
IMG_0045.mp4,593,19.766666666666666,30.0,429,2,traffic_signs,0.875820517539978,1273.0137939453125,1598.0146484375,1412.81396484375,1966.4830322265625,1342.9138793945312,1782.2488403320312,139.8001708984375,368.4683837890625
IMG_0045.mp4,593,19.766666666666666,30.0,229,2,traffic_signs,0.7383967041969299,3773.890869140625,1675.0694580078125,3840.0,1784.752685546875,3806.9454345703125,1729.9110717773438,66.109130859375,109.6832275390625
IMG_0045.mp4,593,19.766666666666666,30.0,424,2,traffic_signs,0.25735822319984436,481.5801696777344,1145.0546875,589.7575073242188,1374.8507080078125,535.6688385009766,1259.9526977539062,108.17733764648438,229.7960205078125
IMG_0045.mp4,593,19.766666666666666,30.0,437,2,traffic_signs,0.5783374905586243,1798.5091552734375,1659.4912109375,1814.5496826171875,1687.6080322265625,1806.5294189453125,1673.5496215820312,16.04052734375,28.1168212890625
IMG_0045.mp4,594,19.8,30.0,339,2,traffic_signs,0.9239262342453003,1736.48291015625,1268.0965576171875,1799.0140380859375,1415.2838134765625,1767.7484741210938,1341.690185546875,62.5311279296875,147.187255859375
IMG_0045.mp4,594,19.8,30.0,391,2,traffic_signs,0.8427987098693848,2113.13232421875,1655.531005859375,2145.177734375,1686.908203125,2129.155029296875,1671.2196044921875,32.04541015625,31.377197265625
IMG_0045.mp4,594,19.8,30.0,251,2,traffic_signs,0.9652398228645325,1269.1905517578125,1373.2879638671875,1502.899169921875,1611.091796875,1386.0448608398438,1492.1898803710938,233.7086181640625,237.8038330078125
IMG_0045.mp4,594,19.8,30.0,376,2,traffic_signs,0.5795570015907288,1025.8809814453125,1488.20166015625,1062.585205078125,1537.3001708984375,1044.2330932617188,1512.7509155273438,36.7042236328125,49.0985107421875
IMG_0045.mp4,594,19.8,30.0,334,2,traffic_signs,0.9394355416297913,792.9631958007812,1303.0594482421875,870.7308349609375,1400.8377685546875,831.8470153808594,1351.9486083984375,77.76763916015625,97.7783203125
IMG_0045.mp4,594,19.8,30.0,379,2,traffic_signs,0.8837451338768005,462.34930419921875,1247.9847412109375,551.22314453125,1371.83935546875,506.7862243652344,1309.9120483398438,88.87384033203125,123.8546142578125
IMG_0045.mp4,594,19.8,30.0,375,2,traffic_signs,0.7364915013313293,1588.129638671875,1585.389892578125,1618.10888671875,1633.54248046875,1603.1192626953125,1609.4661865234375,29.979248046875,48.152587890625
IMG_0045.mp4,594,19.8,30.0,429,2,traffic_signs,0.8334943652153015,1255.212890625,1592.423828125,1395.9161376953125,1965.931396484375,1325.5645141601562,1779.1776123046875,140.7032470703125,373.507568359375
IMG_0045.mp4,594,19.8,30.0,229,2,traffic_signs,0.913667619228363,3787.502197265625,1670.967041015625,3840.0,1782.865966796875,3813.7510986328125,1726.91650390625,52.497802734375,111.89892578125
IMG_0045.mp4,594,19.8,30.0,424,2,traffic_signs,0.8554149866104126,482.0248718261719,1133.8817138671875,576.3827514648438,1292.4930419921875,529.2038116455078,1213.1873779296875,94.35787963867188,158.611328125
IMG_0045.mp4,594,19.8,30.0,437,2,traffic_signs,0.7159170508384705,1802.8753662109375,1657.384033203125,1819.22412109375,1686.8953857421875,1811.0497436523438,1672.1397094726562,16.3487548828125,29.5113525390625
IMG_0045.mp4,594,19.8,30.0,439,2,traffic_signs,0.46480950713157654,1947.2132568359375,1675.4615478515625,1964.55419921875,1707.024658203125,1955.8837280273438,1691.2431030273438,17.3409423828125,31.5631103515625
IMG_0045.mp4,594,19.8,30.0,222,2,traffic_signs,0.5379015207290649,2530.629638671875,1433.986328125,2660.055419921875,1564.7540283203125,2595.342529296875,1499.3701782226562,129.42578125,130.7677001953125
IMG_0045.mp4,595,19.833333333333332,30.0,339,2,traffic_signs,0.9293014407157898,1731.9912109375,1265.82861328125,1793.8905029296875,1414.494873046875,1762.9408569335938,1340.1617431640625,61.8992919921875,148.666259765625
IMG_0045.mp4,595,19.833333333333332,30.0,391,2,traffic_signs,0.8482967615127563,2116.8974609375,1657.767578125,2149.423583984375,1689.68408203125,2133.1605224609375,1673.725830078125,32.526123046875,31.91650390625
IMG_0045.mp4,595,19.833333333333332,30.0,251,2,traffic_signs,0.9602701663970947,1250.3052978515625,1366.91943359375,1487.5352783203125,1611.3033447265625,1368.9202880859375,1489.1113891601562,237.22998046875,244.3839111328125
IMG_0045.mp4,595,19.833333333333332,30.0,376,2,traffic_signs,0.885897159576416,1025.8037109375,1489.74560546875,1064.524169921875,1540.26904296875,1045.1639404296875,1515.00732421875,38.720458984375,50.5234375
IMG_0045.mp4,595,19.833333333333332,30.0,334,2,traffic_signs,0.9370329976081848,787.1654052734375,1303.0,864.4732666015625,1400.784423828125,825.8193359375,1351.8922119140625,77.307861328125,97.784423828125
IMG_0045.mp4,595,19.833333333333332,30.0,379,2,traffic_signs,0.8479568362236023,451.0122985839844,1244.7386474609375,542.2794799804688,1370.3668212890625,496.64588928222656,1307.552734375,91.26718139648438,125.628173828125
IMG_0045.mp4,595,19.833333333333332,30.0,375,2,traffic_signs,0.7517585158348083,1591.0428466796875,1587.5701904296875,1619.6669921875,1635.6014404296875,1605.3549194335938,1611.5858154296875,28.6241455078125,48.03125
IMG_0045.mp4,595,19.833333333333332,30.0,429,2,traffic_signs,0.8883206248283386,1237.0443115234375,1594.1873779296875,1376.5596923828125,1966.4794921875,1306.802001953125,1780.3334350585938,139.515380859375,372.2921142578125
IMG_0045.mp4,595,19.833333333333332,30.0,229,2,traffic_signs,0.3798857629299164,3799.635986328125,1672.1390380859375,3840.0,1783.242919921875,3819.8179931640625,1727.6909790039062,40.364013671875,111.1038818359375
IMG_0045.mp4,595,19.833333333333332,30.0,424,2,traffic_signs,0.8797049522399902,476.2841491699219,1131.757080078125,564.270751953125,1253.13232421875,520.2774505615234,1192.4447021484375,87.98660278320312,121.375244140625
IMG_0045.mp4,595,19.833333333333332,30.0,437,2,traffic_signs,0.6581124663352966,1807.9842529296875,1659.9747314453125,1824.1773681640625,1693.182373046875,1816.080810546875,1676.5785522460938,16.193115234375,33.2076416015625
IMG_0045.mp4,595,19.833333333333332,30.0,439,2,traffic_signs,0.5086522698402405,1950.9078369140625,1679.569580078125,1967.809814453125,1711.307861328125,1959.3588256835938,1695.438720703125,16.9019775390625,31.73828125
IMG_0045.mp4,595,19.833333333333332,30.0,222,2,traffic_signs,0.6765950322151184,2532.20361328125,1430.455810546875,2664.62109375,1564.99365234375,2598.412353515625,1497.7247314453125,132.41748046875,134.537841796875
IMG_0045.mp4,596,19.866666666666667,30.0,339,2,traffic_signs,0.9386193156242371,1727.3177490234375,1258.869873046875,1790.592529296875,1408.369384765625,1758.9551391601562,1333.61962890625,63.2747802734375,149.49951171875
IMG_0045.mp4,596,19.866666666666667,30.0,391,2,traffic_signs,0.699116587638855,2120.783935546875,1655.035888671875,2152.643798828125,1687.1279296875,2136.7138671875,1671.0819091796875,31.85986328125,32.092041015625
IMG_0045.mp4,596,19.866666666666667,30.0,251,2,traffic_signs,0.962175190448761,1234.4638671875,1357.1279296875,1474.158935546875,1603.0877685546875,1354.3114013671875,1480.1078491210938,239.695068359375,245.9598388671875
IMG_0045.mp4,596,19.866666666666667,30.0,376,2,traffic_signs,0.8880023956298828,1029.657958984375,1487.6427001953125,1068.1689453125,1538.8446044921875,1048.9134521484375,1513.24365234375,38.510986328125,51.201904296875
IMG_0045.mp4,596,19.866666666666667,30.0,334,2,traffic_signs,0.936180830001831,783.6156616210938,1296.8265380859375,861.5958251953125,1395.59814453125,822.6057434082031,1346.2123413085938,77.98016357421875,98.7716064453125
IMG_0045.mp4,596,19.866666666666667,30.0,379,2,traffic_signs,0.9195395708084106,441.43359375,1239.81884765625,534.4755859375,1366.4705810546875,487.95458984375,1303.1447143554688,93.0419921875,126.6517333984375
IMG_0045.mp4,596,19.866666666666667,30.0,375,2,traffic_signs,0.6714922189712524,1595.7879638671875,1584.782958984375,1627.0426025390625,1632.048583984375,1611.415283203125,1608.415771484375,31.254638671875,47.265625
IMG_0045.mp4,596,19.866666666666667,30.0,429,2,traffic_signs,0.9325194358825684,1215.5345458984375,1586.9083251953125,1360.1019287109375,1962.712890625,1287.8182373046875,1774.8106079101562,144.5673828125,375.8045654296875
IMG_0045.mp4,596,19.866666666666667,30.0,229,2,traffic_signs,0.46654605865478516,3810.6640625,1667.6165771484375,3840.0,1784.490966796875,3825.33203125,1726.0537719726562,29.3359375,116.8743896484375
IMG_0045.mp4,596,19.866666666666667,30.0,424,2,traffic_signs,0.8949140906333923,469.11279296875,1126.089111328125,556.2579956054688,1236.55615234375,512.6853942871094,1181.3226318359375,87.14520263671875,110.467041015625
IMG_0045.mp4,596,19.866666666666667,30.0,437,2,traffic_signs,0.5811041593551636,1813.08935546875,1657.642578125,1828.4598388671875,1690.779541015625,1820.7745971679688,1674.2110595703125,15.3704833984375,33.136962890625
IMG_0045.mp4,596,19.866666666666667,30.0,439,2,traffic_signs,0.4691929519176483,1955.524658203125,1679.11865234375,1971.4888916015625,1709.2813720703125,1963.5067749023438,1694.2000122070312,15.9642333984375,30.1627197265625
IMG_0045.mp4,596,19.866666666666667,30.0,222,2,traffic_signs,0.7145379781723022,2533.4833984375,1424.342529296875,2668.071533203125,1560.0599365234375,2600.7774658203125,1492.2012329101562,134.588134765625,135.7174072265625
IMG_0045.mp4,597,19.9,30.0,339,2,traffic_signs,0.9370114207267761,1720.363037109375,1252.611328125,1785.844482421875,1403.1798095703125,1753.103759765625,1327.8955688476562,65.4814453125,150.5684814453125
IMG_0045.mp4,597,19.9,30.0,391,2,traffic_signs,0.8473452925682068,2125.79541015625,1655.89990234375,2158.67138671875,1688.2333984375,2142.2333984375,1672.066650390625,32.8759765625,32.33349609375
IMG_0045.mp4,597,19.9,30.0,251,2,traffic_signs,0.9462981820106506,1212.289306640625,1347.3502197265625,1455.3382568359375,1597.2213134765625,1333.8137817382812,1472.2857666015625,243.0489501953125,249.87109375
IMG_0045.mp4,597,19.9,30.0,376,2,traffic_signs,0.855215311050415,1028.592529296875,1486.2333984375,1067.7138671875,1538.411376953125,1048.1531982421875,1512.3223876953125,39.121337890625,52.177978515625
IMG_0045.mp4,597,19.9,30.0,334,2,traffic_signs,0.8880748748779297,776.1079711914062,1292.6785888671875,854.9755859375,1393.170654296875,815.5417785644531,1342.9246215820312,78.86761474609375,100.4920654296875
IMG_0045.mp4,597,19.9,30.0,379,2,traffic_signs,0.9003839492797852,428.2874755859375,1234.4912109375,522.2652587890625,1361.9119873046875,475.2763671875,1298.2015991210938,93.977783203125,127.4207763671875
IMG_0045.mp4,597,19.9,30.0,375,2,traffic_signs,0.7847064733505249,1597.983642578125,1586.0135498046875,1628.8511962890625,1631.958984375,1613.4174194335938,1608.9862670898438,30.8675537109375,45.9454345703125
IMG_0045.mp4,597,19.9,30.0,429,2,traffic_signs,0.8330352306365967,1189.25634765625,1582.6412353515625,1339.8890380859375,1968.35693359375,1264.5726928710938,1775.4990844726562,150.6326904296875,385.7156982421875
IMG_0045.mp4,597,19.9,30.0,424,2,traffic_signs,0.7881131172180176,456.69146728515625,1120.0609130859375,542.3318481445312,1228.708251953125,499.51165771484375,1174.3845825195312,85.640380859375,108.6473388671875
IMG_0045.mp4,597,19.9,30.0,437,2,traffic_signs,0.34613990783691406,1817.1175537109375,1657.1453857421875,1833.267578125,1694.27490234375,1825.1925659179688,1675.7101440429688,16.1500244140625,37.1295166015625
IMG_0045.mp4,597,19.9,30.0,439,2,traffic_signs,0.46204444766044617,1960.9384765625,1680.2841796875,1978.098876953125,1709.44140625,1969.5186767578125,1694.86279296875,17.160400390625,29.1572265625
IMG_0045.mp4,597,19.9,30.0,222,2,traffic_signs,0.5630018711090088,2537.559814453125,1421.632080078125,2674.451904296875,1558.50048828125,2606.005859375,1490.0662841796875,136.89208984375,136.868408203125
IMG_0045.mp4,598,19.933333333333334,30.0,339,2,traffic_signs,0.9354584813117981,1715.1231689453125,1248.562744140625,1782.828857421875,1400.820068359375,1748.9760131835938,1324.69140625,67.7056884765625,152.25732421875
IMG_0045.mp4,598,19.933333333333334,30.0,391,2,traffic_signs,0.8217179775238037,2130.710205078125,1658.02587890625,2165.112548828125,1690.4085693359375,2147.911376953125,1674.2172241210938,34.40234375,32.3826904296875
IMG_0045.mp4,598,19.933333333333334,30.0,251,2,traffic_signs,0.9270926713943481,1191.492919921875,1340.4759521484375,1440.3436279296875,1595.7099609375,1315.9182739257812,1468.0929565429688,248.8507080078125,255.2340087890625
IMG_0045.mp4,598,19.933333333333334,30.0,376,2,traffic_signs,0.9031654596328735,1030.45703125,1487.2198486328125,1069.8182373046875,1539.542724609375,1050.1376342773438,1513.3812866210938,39.3612060546875,52.3228759765625
IMG_0045.mp4,598,19.933333333333334,30.0,334,2,traffic_signs,0.7065548300743103,773.999755859375,1292.182861328125,849.4165649414062,1392.803955078125,811.7081604003906,1342.493408203125,75.41680908203125,100.62109375
IMG_0045.mp4,598,19.933333333333334,30.0,379,2,traffic_signs,0.8924057483673096,420.6353454589844,1230.0235595703125,509.93975830078125,1360.63671875,465.2875518798828,1295.3301391601562,89.30441284179688,130.6131591796875
IMG_0045.mp4,598,19.933333333333334,30.0,375,2,traffic_signs,0.841641902923584,1601.4483642578125,1588.913818359375,1629.6593017578125,1633.5147705078125,1615.5538330078125,1611.2142944335938,28.2109375,44.6009521484375
IMG_0045.mp4,598,19.933333333333334,30.0,429,2,traffic_signs,0.9164007902145386,1164.000732421875,1581.3173828125,1322.777099609375,1968.5732421875,1243.388916015625,1774.9453125,158.7763671875,387.255859375
IMG_0045.mp4,598,19.933333333333334,30.0,424,2,traffic_signs,0.8576815724372864,444.75091552734375,1117.28076171875,531.338623046875,1228.304443359375,488.0447692871094,1172.7926025390625,86.58770751953125,111.023681640625
IMG_0045.mp4,598,19.933333333333334,30.0,437,2,traffic_signs,0.7043672800064087,1821.920166015625,1659.2047119140625,1837.812744140625,1696.222412109375,1829.866455078125,1677.7135620117188,15.892578125,37.0177001953125
IMG_0045.mp4,598,19.933333333333334,30.0,439,2,traffic_signs,0.595983624458313,1966.44287109375,1681.2088623046875,1982.398681640625,1711.500244140625,1974.4207763671875,1696.3545532226562,15.955810546875,30.2913818359375
IMG_0045.mp4,598,19.933333333333334,30.0,222,2,traffic_signs,0.7214652299880981,2541.062255859375,1420.069091796875,2679.163330078125,1557.65478515625,2610.11279296875,1488.8619384765625,138.10107421875,137.585693359375
IMG_0045.mp4,599,19.966666666666665,30.0,339,2,traffic_signs,0.9380326271057129,1711.5419921875,1242.76220703125,1779.8885498046875,1395.7568359375,1745.7152709960938,1319.259521484375,68.3465576171875,152.99462890625
IMG_0045.mp4,599,19.966666666666665,30.0,391,2,traffic_signs,0.8178572654724121,2135.28662109375,1655.552978515625,2169.063232421875,1688.2847900390625,2152.1749267578125,1671.9188842773438,33.776611328125,32.7318115234375
IMG_0045.mp4,599,19.966666666666665,30.0,251,2,traffic_signs,0.944341242313385,1157.94189453125,1331.27294921875,1425.2515869140625,1590.544189453125,1291.5967407226562,1460.9085693359375,267.3096923828125,259.271240234375
IMG_0045.mp4,599,19.966666666666665,30.0,376,2,traffic_signs,0.8584187626838684,1034.711669921875,1485.3157958984375,1074.4417724609375,1538.69287109375,1054.5767211914062,1512.0043334960938,39.7301025390625,53.3770751953125
IMG_0045.mp4,599,19.966666666666665,30.0,334,2,traffic_signs,0.9169018864631653,772.6450805664062,1287.8314208984375,847.0474243164062,1390.9371337890625,809.8462524414062,1339.38427734375,74.40234375,103.105712890625
IMG_0045.mp4,599,19.966666666666665,30.0,379,2,traffic_signs,0.40817123651504517,416.0765380859375,1223.746337890625,502.2521057128906,1355.4765625,459.16432189941406,1289.6114501953125,86.17556762695312,131.730224609375
IMG_0045.mp4,599,19.966666666666665,30.0,375,2,traffic_signs,0.8588170409202576,1606.075439453125,1588.74951171875,1632.950927734375,1632.17333984375,1619.51318359375,1610.46142578125,26.87548828125,43.423828125
IMG_0045.mp4,599,19.966666666666665,30.0,429,2,traffic_signs,0.35912737250328064,1146.22802734375,1566.056640625,1305.176025390625,1962.9154052734375,1225.7020263671875,1764.4860229492188,158.947998046875,396.8587646484375
IMG_0045.mp4,599,19.966666666666665,30.0,424,2,traffic_signs,0.8756747841835022,437.45159912109375,1110.124267578125,524.4198608398438,1226.0535888671875,480.93572998046875,1168.0889282226562,86.96826171875,115.9293212890625
IMG_0045.mp4,599,19.966666666666665,30.0,437,2,traffic_signs,0.7649442553520203,1828.2239990234375,1656.83935546875,1844.0247802734375,1694.067626953125,1836.1243896484375,1675.4534912109375,15.80078125,37.228271484375
IMG_0045.mp4,599,19.966666666666665,30.0,439,2,traffic_signs,0.776051938533783,1973.3486328125,1680.1341552734375,1989.269287109375,1710.53466796875,1981.3089599609375,1695.3344116210938,15.920654296875,30.4005126953125
IMG_0045.mp4,599,19.966666666666665,30.0,222,2,traffic_signs,0.8431118726730347,2544.124755859375,1415.5108642578125,2682.866943359375,1553.964599609375,2613.495849609375,1484.7377319335938,138.7421875,138.4537353515625
IMG_0045.mp4,600,20.0,30.0,339,2,traffic_signs,0.9213581085205078,1705.3092041015625,1235.997314453125,1774.036376953125,1390.53515625,1739.6727905273438,1313.2662353515625,68.7271728515625,154.537841796875
IMG_0045.mp4,600,20.0,30.0,391,2,traffic_signs,0.835926353931427,2139.351318359375,1654.89306640625,2175.88671875,1688.732177734375,2157.6190185546875,1671.8126220703125,36.535400390625,33.839111328125
IMG_0045.mp4,600,20.0,30.0,251,2,traffic_signs,0.9525731801986694,1137.1650390625,1320.7431640625,1403.4305419921875,1587.3436279296875,1270.2977905273438,1454.0433959960938,266.2655029296875,266.6004638671875
IMG_0045.mp4,600,20.0,30.0,376,2,traffic_signs,0.907279372215271,1032.84228515625,1483.2620849609375,1073.689208984375,1538.4029541015625,1053.2657470703125,1510.83251953125,40.846923828125,55.140869140625
IMG_0045.mp4,600,20.0,30.0,334,2,traffic_signs,0.9188904762268066,764.3843383789062,1282.606689453125,838.8582763671875,1388.480224609375,801.6213073730469,1335.54345703125,74.47393798828125,105.87353515625
IMG_0045.mp4,600,20.0,30.0,379,2,traffic_signs,0.6623380184173584,391.5311584472656,1211.23876953125,487.7425537109375,1350.5880126953125,439.63685607910156,1280.9133911132812,96.21139526367188,139.3492431640625
IMG_0045.mp4,600,20.0,30.0,375,2,traffic_signs,0.8504917621612549,1607.46533203125,1589.0301513671875,1634.8099365234375,1633.73046875,1621.1376342773438,1611.3803100585938,27.3446044921875,44.7003173828125
IMG_0045.mp4,600,20.0,30.0,429,2,traffic_signs,0.886893630027771,1118.2154541015625,1553.0938720703125,1281.4683837890625,1967.8817138671875,1199.8419189453125,1760.48779296875,163.2529296875,414.787841796875
IMG_0045.mp4,600,20.0,30.0,424,2,traffic_signs,0.9086142778396606,424.68194580078125,1103.3416748046875,510.4067687988281,1219.0164794921875,467.5443572998047,1161.1790771484375,85.72482299804688,115.6748046875
IMG_0045.mp4,600,20.0,30.0,437,2,traffic_signs,0.6841810345649719,1832.4385986328125,1658.250244140625,1848.781982421875,1695.6824951171875,1840.6102905273438,1676.9663696289062,16.3433837890625,37.4322509765625
IMG_0045.mp4,600,20.0,30.0,439,2,traffic_signs,0.5018672943115234,1978.7166748046875,1681.245849609375,1994.914794921875,1710.935546875,1986.8157348632812,1696.0906982421875,16.1981201171875,29.689697265625
IMG_0045.mp4,600,20.0,30.0,222,2,traffic_signs,0.8788175582885742,2550.662841796875,1412.443359375,2688.814453125,1552.26171875,2619.7386474609375,1482.3525390625,138.151611328125,139.818359375
IMG_0045.mp4,601,20.033333333333335,30.0,339,2,traffic_signs,0.9273728728294373,1700.029296875,1233.90869140625,1769.2039794921875,1391.2562255859375,1734.6166381835938,1312.5824584960938,69.1746826171875,157.3475341796875
IMG_0045.mp4,601,20.033333333333335,30.0,391,2,traffic_signs,0.7987290024757385,2145.43212890625,1659.0892333984375,2183.2890625,1693.62158203125,2164.360595703125,1676.3554077148438,37.85693359375,34.5323486328125
IMG_0045.mp4,601,20.033333333333335,30.0,251,2,traffic_signs,0.9236249327659607,1117.7137451171875,1315.9351806640625,1388.1485595703125,1582.6497802734375,1252.93115234375,1449.29248046875,270.434814453125,266.714599609375
IMG_0045.mp4,601,20.033333333333335,30.0,376,2,traffic_signs,0.6609096527099609,1034.651611328125,1486.7523193359375,1077.7198486328125,1542.6910400390625,1056.1857299804688,1514.7216796875,43.0682373046875,55.938720703125
IMG_0045.mp4,601,20.033333333333335,30.0,334,2,traffic_signs,0.9046909213066101,757.0579833984375,1282.620849609375,833.7952880859375,1391.7723388671875,795.4266357421875,1337.1965942382812,76.7373046875,109.1514892578125
IMG_0045.mp4,601,20.033333333333335,30.0,379,2,traffic_signs,0.839209258556366,376.63336181640625,1207.899658203125,476.2909851074219,1350.60400390625,426.46217346191406,1279.2518310546875,99.65762329101562,142.704345703125
IMG_0045.mp4,601,20.033333333333335,30.0,375,2,traffic_signs,0.7865167260169983,1611.96337890625,1592.63818359375,1640.976318359375,1638.5467529296875,1626.4698486328125,1615.5924682617188,29.012939453125,45.9085693359375
IMG_0045.mp4,601,20.033333333333335,30.0,429,2,traffic_signs,0.9052183032035828,1094.20263671875,1548.5875244140625,1268.539306640625,1974.27880859375,1181.3709716796875,1761.4331665039062,174.336669921875,425.6912841796875
IMG_0045.mp4,601,20.033333333333335,30.0,424,2,traffic_signs,0.9048165082931519,412.7171325683594,1102.4835205078125,499.9875183105469,1215.8214111328125,456.3523254394531,1159.1524658203125,87.2703857421875,113.337890625
IMG_0045.mp4,601,20.033333333333335,30.0,437,2,traffic_signs,0.42525166273117065,1838.6932373046875,1661.3431396484375,1854.9305419921875,1698.5751953125,1846.8118896484375,1679.9591674804688,16.2373046875,37.2320556640625
IMG_0045.mp4,601,20.033333333333335,30.0,439,2,traffic_signs,0.4698186218738556,1985.3021240234375,1683.8228759765625,2002.1749267578125,1715.4984130859375,1993.738525390625,1699.66064453125,16.872802734375,31.675537109375
IMG_0045.mp4,601,20.033333333333335,30.0,222,2,traffic_signs,0.8789587020874023,2554.94140625,1412.902099609375,2694.558837890625,1554.1666259765625,2624.7501220703125,1483.5343627929688,139.617431640625,141.2645263671875
IMG_0045.mp4,602,20.066666666666666,30.0,339,2,traffic_signs,0.9435853958129883,1695.9710693359375,1225.9261474609375,1766.798583984375,1385.2962646484375,1731.3848266601562,1305.6112060546875,70.8275146484375,159.3701171875
IMG_0045.mp4,602,20.066666666666666,30.0,391,2,traffic_signs,0.7731872797012329,2151.310791015625,1655.1298828125,2189.455078125,1691.65771484375,2170.3829345703125,1673.393798828125,38.144287109375,36.52783203125
IMG_0045.mp4,602,20.066666666666666,30.0,251,2,traffic_signs,0.95835280418396,1098.8572998046875,1306.825927734375,1371.74072265625,1569.83056640625,1235.2990112304688,1438.3282470703125,272.8834228515625,263.004638671875
IMG_0045.mp4,602,20.066666666666666,30.0,376,2,traffic_signs,0.32274389266967773,1040.2216796875,1483.6873779296875,1085.055908203125,1544.0467529296875,1062.6387939453125,1513.8670654296875,44.834228515625,60.359375
IMG_0045.mp4,602,20.066666666666666,30.0,334,2,traffic_signs,0.9218079447746277,754.9457397460938,1278.2012939453125,833.769775390625,1386.9398193359375,794.3577575683594,1332.570556640625,78.82403564453125,108.738525390625
IMG_0045.mp4,602,20.066666666666666,30.0,379,2,traffic_signs,0.8099709153175354,364.48931884765625,1204.5277099609375,472.45037841796875,1345.0257568359375,418.4698486328125,1274.7767333984375,107.9610595703125,140.498046875
IMG_0045.mp4,602,20.066666666666666,30.0,375,2,traffic_signs,0.7332733869552612,1618.500244140625,1591.624267578125,1648.14404296875,1635.3262939453125,1633.3221435546875,1613.4752807617188,29.643798828125,43.7020263671875
IMG_0045.mp4,602,20.066666666666666,30.0,429,2,traffic_signs,0.38543495535850525,1073.1800537109375,1540.0732421875,1246.300537109375,1971.1839599609375,1159.7402954101562,1755.6286010742188,173.1204833984375,431.1107177734375
IMG_0045.mp4,602,20.066666666666666,30.0,424,2,traffic_signs,0.9174357652664185,406.5207824707031,1097.342529296875,495.04632568359375,1209.0635986328125,450.78355407714844,1153.2030639648438,88.52554321289062,111.7210693359375
IMG_0045.mp4,602,20.066666666666666,30.0,437,2,traffic_signs,0.7277296781539917,1846.0413818359375,1660.0562744140625,1861.6021728515625,1696.25634765625,1853.82177734375,1678.1563110351562,15.560791015625,36.2000732421875
IMG_0045.mp4,602,20.066666666666666,30.0,439,2,traffic_signs,0.7001037001609802,1992.076904296875,1681.0113525390625,2008.2587890625,1713.51171875,2000.1678466796875,1697.2615356445312,16.181884765625,32.5003662109375
IMG_0045.mp4,602,20.066666666666666,30.0,222,2,traffic_signs,0.880605936050415,2558.12890625,1406.6820068359375,2698.9677734375,1548.3680419921875,2628.54833984375,1477.5250244140625,140.8388671875,141.68603515625
IMG_0045.mp4,603,20.1,30.0,339,2,traffic_signs,0.9386489391326904,1691.0233154296875,1219.0302734375,1762.11865234375,1379.6966552734375,1726.5709838867188,1299.3634643554688,71.0953369140625,160.6663818359375
IMG_0045.mp4,603,20.1,30.0,391,2,traffic_signs,0.7487668991088867,2157.622314453125,1657.133056640625,2195.273193359375,1693.783447265625,2176.44775390625,1675.458251953125,37.65087890625,36.650390625
IMG_0045.mp4,603,20.1,30.0,251,2,traffic_signs,0.9574854969978333,1073.4283447265625,1296.84814453125,1351.559814453125,1568.181640625,1212.4940795898438,1432.514892578125,278.1314697265625,271.33349609375
IMG_0045.mp4,603,20.1,30.0,376,2,traffic_signs,0.4495276212692261,1039.279541015625,1483.8082275390625,1071.6898193359375,1542.843994140625,1055.4846801757812,1513.3261108398438,32.4102783203125,59.0357666015625
IMG_0045.mp4,603,20.1,30.0,334,2,traffic_signs,0.9235879182815552,748.3032836914062,1273.3155517578125,826.3057861328125,1382.40966796875,787.3045349121094,1327.8626098632812,78.00250244140625,109.0941162109375
IMG_0045.mp4,603,20.1,30.0,379,2,traffic_signs,0.5167771577835083,347.4354248046875,1202.0352783203125,458.3719787597656,1340.798095703125,402.90370178222656,1271.4166870117188,110.93655395507812,138.7628173828125
IMG_0045.mp4,603,20.1,30.0,375,2,traffic_signs,0.7332862019538879,1621.5533447265625,1592.2982177734375,1647.3367919921875,1636.4217529296875,1634.445068359375,1614.3599853515625,25.783447265625,44.12353515625
IMG_0045.mp4,603,20.1,30.0,429,2,traffic_signs,0.8809627294540405,1044.2989501953125,1543.2283935546875,1217.516845703125,1976.6580810546875,1130.9078979492188,1759.9432373046875,173.2178955078125,433.4296875
IMG_0045.mp4,603,20.1,30.0,424,2,traffic_signs,0.9003517627716064,391.648681640625,1090.133544921875,481.49151611328125,1202.7601318359375,436.5700988769531,1146.4468383789062,89.84283447265625,112.6265869140625
IMG_0045.mp4,603,20.1,30.0,437,2,traffic_signs,0.6988415122032166,1851.68408203125,1661.2567138671875,1866.98681640625,1697.75244140625,1859.33544921875,1679.5045776367188,15.302734375,36.4957275390625
IMG_0045.mp4,603,20.1,30.0,439,2,traffic_signs,0.5686039328575134,1997.4736328125,1682.19482421875,2014.848876953125,1714.30810546875,2006.1612548828125,1698.25146484375,17.375244140625,32.11328125
IMG_0045.mp4,603,20.1,30.0,222,2,traffic_signs,0.8791123628616333,2563.319091796875,1401.9493408203125,2706.071533203125,1546.6605224609375,2634.6953125,1474.304931640625,142.75244140625,144.711181640625
IMG_0045.mp4,604,20.133333333333333,30.0,339,2,traffic_signs,0.9362906217575073,1688.2196044921875,1216.2489013671875,1759.97314453125,1378.027587890625,1724.0963745117188,1297.1382446289062,71.7535400390625,161.7786865234375
IMG_0045.mp4,604,20.133333333333333,30.0,391,2,traffic_signs,0.6099907159805298,2165.12841796875,1660.948486328125,2201.911865234375,1698.4337158203125,2183.5201416015625,1679.6911010742188,36.783447265625,37.4852294921875
IMG_0045.mp4,604,20.133333333333333,30.0,251,2,traffic_signs,0.9346970915794373,1049.013427734375,1292.74853515625,1333.72509765625,1570.0633544921875,1191.3692626953125,1431.4059448242188,284.711669921875,277.3148193359375
IMG_0045.mp4,604,20.133333333333333,30.0,334,2,traffic_signs,0.920354425907135,744.3690795898438,1273.7913818359375,822.4605102539062,1383.7607421875,783.414794921875,1328.7760620117188,78.0914306640625,109.9693603515625
IMG_0045.mp4,604,20.133333333333333,30.0,379,2,traffic_signs,0.7926332950592041,336.75439453125,1207.3397216796875,436.5649719238281,1341.26025390625,386.65968322753906,1274.2999877929688,99.81057739257812,133.9205322265625
IMG_0045.mp4,604,20.133333333333333,30.0,375,2,traffic_signs,0.7228609323501587,1626.7200927734375,1596.8529052734375,1646.8497314453125,1638.6268310546875,1636.784912109375,1617.7398681640625,20.129638671875,41.77392578125
IMG_0045.mp4,604,20.133333333333333,30.0,429,2,traffic_signs,0.7858644127845764,1019.9400634765625,1547.926025390625,1185.8316650390625,1979.2403564453125,1102.8858642578125,1763.5831909179688,165.8916015625,431.3143310546875
IMG_0045.mp4,604,20.133333333333333,30.0,424,2,traffic_signs,0.9114198684692383,380.3909912109375,1090.059814453125,470.82159423828125,1202.42578125,425.6062927246094,1146.2427978515625,90.43060302734375,112.365966796875
IMG_0045.mp4,604,20.133333333333333,30.0,437,2,traffic_signs,0.5888646841049194,1858.516357421875,1664.99560546875,1874.7265625,1702.163818359375,1866.6214599609375,1683.5797119140625,16.210205078125,37.168212890625
IMG_0045.mp4,604,20.133333333333333,30.0,439,2,traffic_signs,0.3797781467437744,2005.064208984375,1686.203125,2022.4698486328125,1718.54833984375,2013.7670288085938,1702.375732421875,17.4056396484375,32.34521484375
IMG_0045.mp4,604,20.133333333333333,30.0,222,2,traffic_signs,0.8698578476905823,2568.6845703125,1402.4039306640625,2713.15283203125,1547.5010986328125,2640.918701171875,1474.9525146484375,144.46826171875,145.09716796875
IMG_0045.mp4,604,20.133333333333333,30.0,374,2,traffic_signs,0.8194829225540161,1319.748046875,1497.4425048828125,1342.02294921875,1542.7945556640625,1330.885498046875,1520.1185302734375,22.27490234375,45.35205078125
IMG_0045.mp4,605,20.166666666666668,30.0,339,2,traffic_signs,0.9203112721443176,1683.3856201171875,1208.879150390625,1757.3731689453125,1372.7772216796875,1720.37939453125,1290.8281860351562,73.987548828125,163.8980712890625
IMG_0045.mp4,605,20.166666666666668,30.0,391,2,traffic_signs,0.8261698484420776,2171.462646484375,1658.75732421875,2206.779052734375,1695.729248046875,2189.120849609375,1677.2432861328125,35.31640625,36.971923828125
IMG_0045.mp4,605,20.166666666666668,30.0,251,2,traffic_signs,0.9278053045272827,1021.9362182617188,1284.4517822265625,1315.1201171875,1563.65478515625,1168.5281677246094,1424.0532836914062,293.18389892578125,279.2030029296875
IMG_0045.mp4,605,20.166666666666668,30.0,334,2,traffic_signs,0.9230602383613586,741.7349243164062,1269.54248046875,822.0380249023438,1378.7769775390625,781.886474609375,1324.1597290039062,80.3031005859375,109.2344970703125
IMG_0045.mp4,605,20.166666666666668,30.0,379,2,traffic_signs,0.7942594289779663,330.1439208984375,1203.5994873046875,427.6950378417969,1335.5989990234375,378.9194793701172,1269.5992431640625,97.55111694335938,131.99951171875
IMG_0045.mp4,605,20.166666666666668,30.0,429,2,traffic_signs,0.6964198350906372,995.1925659179688,1534.5853271484375,1167.009521484375,1978.2425537109375,1081.1010437011719,1756.4139404296875,171.81695556640625,443.6572265625
IMG_0045.mp4,605,20.166666666666668,30.0,424,2,traffic_signs,0.856564462184906,370.891357421875,1080.786376953125,464.4613952636719,1199.69287109375,417.67637634277344,1140.2396240234375,93.57003784179688,118.906494140625
IMG_0045.mp4,605,20.166666666666668,30.0,437,2,traffic_signs,0.5447448492050171,1866.1512451171875,1662.787353515625,1881.33203125,1699.4658203125,1873.7416381835938,1681.1265869140625,15.1807861328125,36.678466796875
IMG_0045.mp4,605,20.166666666666668,30.0,439,2,traffic_signs,0.7417240738868713,2013.27197265625,1684.1458740234375,2029.48828125,1716.8194580078125,2021.380126953125,1700.482666015625,16.21630859375,32.673583984375
IMG_0045.mp4,605,20.166666666666668,30.0,222,2,traffic_signs,0.8577576875686646,2572.078857421875,1397.56884765625,2718.31884765625,1541.83203125,2645.1988525390625,1469.700439453125,146.239990234375,144.26318359375
IMG_0045.mp4,605,20.166666666666668,30.0,374,2,traffic_signs,0.7981655597686768,1323.234619140625,1493.37841796875,1346.8284912109375,1541.668212890625,1335.0315551757812,1517.5233154296875,23.5938720703125,48.289794921875
IMG_0045.mp4,606,20.2,30.0,339,2,traffic_signs,0.9447161555290222,1679.4432373046875,1203.050048828125,1756.1929931640625,1368.13671875,1717.818115234375,1285.5933837890625,76.749755859375,165.086669921875
IMG_0045.mp4,606,20.2,30.0,391,2,traffic_signs,0.8195382356643677,2179.805908203125,1659.095703125,2214.99267578125,1696.9815673828125,2197.3992919921875,1678.0386352539062,35.186767578125,37.8858642578125
IMG_0045.mp4,606,20.2,30.0,251,2,traffic_signs,0.931613564491272,998.6948852539062,1275.9500732421875,1295.789794921875,1557.24609375,1147.2423400878906,1416.5980834960938,297.09490966796875,281.2960205078125
IMG_0045.mp4,606,20.2,30.0,334,2,traffic_signs,0.9179233908653259,738.7142333984375,1266.8338623046875,820.8621215820312,1376.245361328125,779.7881774902344,1321.5396118164062,82.14788818359375,109.4114990234375
IMG_0045.mp4,606,20.2,30.0,379,2,traffic_signs,0.8095016479492188,318.10418701171875,1197.1689453125,421.01416015625,1331.9256591796875,369.5591735839844,1264.5473022460938,102.90997314453125,134.7567138671875
IMG_0045.mp4,606,20.2,30.0,429,2,traffic_signs,0.5698853731155396,968.3214111328125,1530.504150390625,1147.5213623046875,1979.39111328125,1057.92138671875,1754.9476318359375,179.199951171875,448.886962890625
IMG_0045.mp4,606,20.2,30.0,424,2,traffic_signs,0.868384838104248,361.2385559082031,1073.522705078125,458.0426025390625,1195.2200927734375,409.6405792236328,1134.3713989257812,96.80404663085938,121.6973876953125
IMG_0045.mp4,606,20.2,30.0,437,2,traffic_signs,0.5049384236335754,1873.88330078125,1665.1669921875,1889.752685546875,1701.48828125,1881.8179931640625,1683.32763671875,15.869384765625,36.3212890625
IMG_0045.mp4,606,20.2,30.0,439,2,traffic_signs,0.6264271140098572,2022.021240234375,1686.6436767578125,2039.56396484375,1718.6290283203125,2030.7926025390625,1702.6363525390625,17.542724609375,31.9853515625
IMG_0045.mp4,606,20.2,30.0,222,2,traffic_signs,0.8631163835525513,2579.47998046875,1394.097900390625,2727.929931640625,1540.4600830078125,2653.7049560546875,1467.2789916992188,148.449951171875,146.3621826171875
IMG_0045.mp4,606,20.2,30.0,374,2,traffic_signs,0.8763476014137268,1328.1724853515625,1493.159912109375,1352.095458984375,1543.25341796875,1340.1339721679688,1518.2066650390625,23.9229736328125,50.093505859375
IMG_0045.mp4,607,20.233333333333334,30.0,339,2,traffic_signs,0.9507566690444946,1675.087890625,1198.99169921875,1753.5362548828125,1365.099609375,1714.3120727539062,1282.045654296875,78.4483642578125,166.10791015625
IMG_0045.mp4,607,20.233333333333334,30.0,391,2,traffic_signs,0.4907852113246918,2187.244140625,1662.792724609375,2222.984619140625,1700.415771484375,2205.1143798828125,1681.604248046875,35.740478515625,37.623046875
IMG_0045.mp4,607,20.233333333333334,30.0,251,2,traffic_signs,0.9535399079322815,971.8003540039062,1263.03759765625,1276.807861328125,1551.2730712890625,1124.3041076660156,1407.1553344726562,305.00750732421875,288.2354736328125
IMG_0045.mp4,607,20.233333333333334,30.0,334,2,traffic_signs,0.897037923336029,733.895263671875,1267.9674072265625,816.5216064453125,1375.1546630859375,775.2084350585938,1321.56103515625,82.6263427734375,107.187255859375
IMG_0045.mp4,607,20.233333333333334,30.0,379,2,traffic_signs,0.8343560099601746,309.0653076171875,1194.3134765625,413.9757995605469,1330.1678466796875,361.5205535888672,1262.2406616210938,104.91049194335938,135.8543701171875
IMG_0045.mp4,607,20.233333333333334,30.0,429,2,traffic_signs,0.9037969708442688,942.6475219726562,1523.648681640625,1137.2169189453125,1984.280029296875,1039.9322204589844,1753.96435546875,194.56939697265625,460.63134765625
IMG_0045.mp4,607,20.233333333333334,30.0,424,2,traffic_signs,0.8452848196029663,348.326416015625,1070.533935546875,447.6580810546875,1192.16064453125,397.99224853515625,1131.3472900390625,99.3316650390625,121.626708984375
IMG_0045.mp4,607,20.233333333333334,30.0,437,2,traffic_signs,0.5552706122398376,1880.78759765625,1669.441650390625,1897.625244140625,1704.8426513671875,1889.2064208984375,1687.1421508789062,16.837646484375,35.4010009765625
IMG_0045.mp4,607,20.233333333333334,30.0,222,2,traffic_signs,0.8471448421478271,2588.30224609375,1394.646240234375,2736.8447265625,1540.883056640625,2662.573486328125,1467.7646484375,148.54248046875,146.23681640625
IMG_0045.mp4,607,20.233333333333334,30.0,374,2,traffic_signs,0.836251437664032,1334.1170654296875,1495.352294921875,1357.23095703125,1545.896728515625,1345.6740112304688,1520.62451171875,23.1138916015625,50.54443359375
IMG_0045.mp4,608,20.266666666666666,30.0,339,2,traffic_signs,0.9471144676208496,1672.1536865234375,1193.940185546875,1752.75390625,1362.8531494140625,1712.4537963867188,1278.3966674804688,80.6002197265625,168.9129638671875
IMG_0045.mp4,608,20.266666666666666,30.0,391,2,traffic_signs,0.7231124639511108,2195.1220703125,1662.975341796875,2229.126220703125,1699.5345458984375,2212.1241455078125,1681.2549438476562,34.004150390625,36.5592041015625
IMG_0045.mp4,608,20.266666666666666,30.0,251,2,traffic_signs,0.842670202255249,949.5282592773438,1237.80859375,1261.248291015625,1546.8812255859375,1105.3882751464844,1392.3449096679688,311.72003173828125,309.0726318359375
IMG_0045.mp4,608,20.266666666666666,30.0,334,2,traffic_signs,0.9016924500465393,732.9232788085938,1266.49658203125,816.2422485351562,1375.096923828125,774.582763671875,1320.7967529296875,83.3189697265625,108.600341796875
IMG_0045.mp4,608,20.266666666666666,30.0,379,2,traffic_signs,0.7567097544670105,304.41131591796875,1192.40576171875,411.5534973144531,1327.7591552734375,357.98240661621094,1260.0824584960938,107.14218139648438,135.3533935546875
IMG_0045.mp4,608,20.266666666666666,30.0,424,2,traffic_signs,0.8719491958618164,339.7890319824219,1067.7025146484375,442.95977783203125,1191.7469482421875,391.37440490722656,1129.7247314453125,103.17074584960938,124.04443359375
IMG_0045.mp4,608,20.266666666666666,30.0,437,2,traffic_signs,0.36826470494270325,1889.1650390625,1668.604736328125,1906.8023681640625,1706.2059326171875,1897.9837036132812,1687.4053344726562,17.6373291015625,37.6011962890625
IMG_0045.mp4,608,20.266666666666666,30.0,222,2,traffic_signs,0.8534625172615051,2593.529541015625,1391.8931884765625,2743.11572265625,1537.5406494140625,2668.3226318359375,1464.7169189453125,149.586181640625,145.6474609375
IMG_0045.mp4,608,20.266666666666666,30.0,374,2,traffic_signs,0.8532128930091858,1342.9073486328125,1496.4505615234375,1364.8782958984375,1545.8792724609375,1353.892822265625,1521.1649169921875,21.970947265625,49.4287109375
IMG_0045.mp4,608,20.266666666666666,30.0,375,2,traffic_signs,0.6575766205787659,1651.337646484375,1593.2999267578125,1685.3760986328125,1642.1470947265625,1668.3568725585938,1617.7235107421875,34.0384521484375,48.84716796875
IMG_0045.mp4,608,20.266666666666666,30.0,439,2,traffic_signs,0.429167777299881,2039.1461181640625,1689.084716796875,2056.447021484375,1723.0989990234375,2047.7965698242188,1706.0918579101562,17.3009033203125,34.0142822265625
IMG_0045.mp4,609,20.3,30.0,339,2,traffic_signs,0.9084025621414185,1666.99755859375,1183.213623046875,1749.7442626953125,1353.04638671875,1708.3709106445312,1268.1300048828125,82.7467041015625,169.832763671875
IMG_0045.mp4,609,20.3,30.0,391,2,traffic_signs,0.8163111805915833,2202.693359375,1659.7958984375,2236.338623046875,1697.416748046875,2219.5159912109375,1678.6063232421875,33.645263671875,37.620849609375
IMG_0045.mp4,609,20.3,30.0,251,2,traffic_signs,0.9439501166343689,920.9741821289062,1226.294677734375,1238.365234375,1529.0089111328125,1079.6697082519531,1377.6517944335938,317.39105224609375,302.7142333984375
IMG_0045.mp4,609,20.3,30.0,334,2,traffic_signs,0.8896042704582214,728.6422729492188,1260.2879638671875,812.1448364257812,1370.5997314453125,770.3935546875,1315.44384765625,83.5025634765625,110.311767578125
IMG_0045.mp4,609,20.3,30.0,379,2,traffic_signs,0.8539655804634094,291.256591796875,1186.3370361328125,401.8106689453125,1320.7288818359375,346.53363037109375,1253.532958984375,110.5540771484375,134.391845703125
IMG_0045.mp4,609,20.3,30.0,424,2,traffic_signs,0.8446281552314758,328.667236328125,1058.73828125,431.2887878417969,1183.1951904296875,379.97801208496094,1120.9667358398438,102.62155151367188,124.4569091796875
IMG_0045.mp4,609,20.3,30.0,437,2,traffic_signs,0.4304545223712921,1895.8526611328125,1666.7548828125,1913.9202880859375,1704.865234375,1904.886474609375,1685.81005859375,18.067626953125,38.1103515625
IMG_0045.mp4,609,20.3,30.0,222,2,traffic_signs,0.8632656931877136,2600.427490234375,1383.28271484375,2752.1845703125,1532.852783203125,2676.3060302734375,1458.0677490234375,151.757080078125,149.570068359375
IMG_0045.mp4,609,20.3,30.0,374,2,traffic_signs,0.8786100149154663,1345.9827880859375,1492.2572021484375,1369.2664794921875,1543.7952880859375,1357.6246337890625,1518.0262451171875,23.28369140625,51.5380859375
IMG_0045.mp4,609,20.3,30.0,375,2,traffic_signs,0.7124803066253662,1657.2957763671875,1582.6700439453125,1704.4967041015625,1637.8848876953125,1680.896240234375,1610.2774658203125,47.200927734375,55.21484375
IMG_0045.mp4,610,20.333333333333332,30.0,339,2,traffic_signs,0.923162043094635,1664.9833984375,1177.882080078125,1748.92822265625,1350.1207275390625,1706.955810546875,1264.0014038085938,83.94482421875,172.2386474609375
IMG_0045.mp4,610,20.333333333333332,30.0,391,2,traffic_signs,0.5773757696151733,2213.1943359375,1662.1748046875,2247.57861328125,1699.773681640625,2230.386474609375,1680.9742431640625,34.38427734375,37.598876953125
IMG_0045.mp4,610,20.333333333333332,30.0,251,2,traffic_signs,0.9026907682418823,895.7633666992188,1221.9075927734375,1217.8905029296875,1519.2835693359375,1056.8269348144531,1370.5955810546875,322.12713623046875,297.3759765625
IMG_0045.mp4,610,20.333333333333332,30.0,334,2,traffic_signs,0.8816041350364685,725.92626953125,1257.8095703125,812.3799438476562,1370.9912109375,769.1531066894531,1314.400390625,86.45367431640625,113.181640625
IMG_0045.mp4,610,20.333333333333332,30.0,379,2,traffic_signs,0.8634728193283081,284.7904968261719,1181.0821533203125,396.26739501953125,1318.23681640625,340.52894592285156,1249.6594848632812,111.47689819335938,137.1546630859375
IMG_0045.mp4,610,20.333333333333332,30.0,424,2,traffic_signs,0.8671667575836182,323.500244140625,1054.800048828125,427.3900146484375,1179.0899658203125,375.44512939453125,1116.9450073242188,103.8897705078125,124.2899169921875
IMG_0045.mp4,610,20.333333333333332,30.0,437,2,traffic_signs,0.5541424751281738,1905.2999267578125,1669.0689697265625,1923.64892578125,1706.240234375,1914.4744262695312,1687.6546020507812,18.3489990234375,37.1712646484375
IMG_0045.mp4,610,20.333333333333332,30.0,222,2,traffic_signs,0.8882755041122437,2608.50830078125,1378.5877685546875,2762.6337890625,1530.787841796875,2685.571044921875,1454.6878051757812,154.12548828125,152.2000732421875
IMG_0045.mp4,610,20.333333333333332,30.0,374,2,traffic_signs,0.8815950751304626,1352.14208984375,1491.153076171875,1377.0042724609375,1545.0758056640625,1364.5731811523438,1518.1144409179688,24.8621826171875,53.9227294921875
IMG_0045.mp4,610,20.333333333333332,30.0,375,2,traffic_signs,0.4225432872772217,1664.4090576171875,1586.697509765625,1711.2674560546875,1640.6475830078125,1687.8382568359375,1613.6725463867188,46.8583984375,53.9500732421875
IMG_0045.mp4,610,20.333333333333332,30.0,429,2,traffic_signs,0.2911032736301422,866.1114501953125,1499.432861328125,1067.125244140625,1974.36962890625,966.6183471679688,1736.9012451171875,201.0137939453125,474.936767578125
IMG_0045.mp4,611,20.366666666666667,30.0,339,2,traffic_signs,0.8847066760063171,1660.7576904296875,1175.085205078125,1747.7591552734375,1347.4801025390625,1704.2584228515625,1261.2826538085938,87.00146484375,172.3948974609375
IMG_0045.mp4,611,20.366666666666667,30.0,391,2,traffic_signs,0.7854821681976318,2221.659912109375,1667.2373046875,2254.733154296875,1702.700927734375,2238.196533203125,1684.9691162109375,33.0732421875,35.463623046875
IMG_0045.mp4,611,20.366666666666667,30.0,251,2,traffic_signs,0.40819793939590454,865.7727661132812,1217.3035888671875,1194.31787109375,1520.5201416015625,1030.0453186035156,1368.911865234375,328.54510498046875,303.216552734375
IMG_0045.mp4,611,20.366666666666667,30.0,334,2,traffic_signs,0.7503538131713867,723.1358032226562,1258.5950927734375,810.308837890625,1373.4532470703125,766.7223205566406,1316.024169921875,87.17303466796875,114.858154296875
IMG_0045.mp4,611,20.366666666666667,30.0,379,2,traffic_signs,0.3177816867828369,271.51641845703125,1179.3450927734375,388.3890686035156,1319.390380859375,329.95274353027344,1249.3677368164062,116.87265014648438,140.0452880859375
IMG_0045.mp4,611,20.366666666666667,30.0,424,2,traffic_signs,0.8924511671066284,314.2729797363281,1051.6246337890625,418.3463134765625,1178.4359130859375,366.3096466064453,1115.0302734375,104.07333374023438,126.811279296875
IMG_0045.mp4,611,20.366666666666667,30.0,437,2,traffic_signs,0.46168795228004456,1914.995361328125,1672.5858154296875,1932.630615234375,1711.3111572265625,1923.81298828125,1691.948486328125,17.63525390625,38.725341796875
IMG_0045.mp4,611,20.366666666666667,30.0,222,2,traffic_signs,0.9114392399787903,2617.1328125,1378.1231689453125,2773.548095703125,1531.20703125,2695.3404541015625,1454.6651000976562,156.415283203125,153.0838623046875
IMG_0045.mp4,611,20.366666666666667,30.0,374,2,traffic_signs,0.8611558079719543,1358.5048828125,1494.9700927734375,1384.3779296875,1548.405029296875,1371.44140625,1521.6875610351562,25.873046875,53.4349365234375
IMG_0045.mp4,611,20.366666666666667,30.0,375,2,traffic_signs,0.35305505990982056,1671.5909423828125,1594.0780029296875,1714.6082763671875,1645.791259765625,1693.099609375,1619.9346313476562,43.017333984375,51.7132568359375
IMG_0045.mp4,611,20.366666666666667,30.0,429,2,traffic_signs,0.3692164421081543,847.2951049804688,1498.9622802734375,1046.104736328125,1895.0369873046875,946.6999206542969,1696.9996337890625,198.80963134765625,396.07470703125
IMG_0045.mp4,611,20.366666666666667,30.0,439,2,traffic_signs,0.5499099493026733,2067.04345703125,1694.678955078125,2085.197265625,1729.1268310546875,2076.120361328125,1711.9028930664062,18.15380859375,34.4478759765625
IMG_0045.mp4,612,20.4,30.0,339,2,traffic_signs,0.6434045433998108,1657.483642578125,1170.78759765625,1747.454833984375,1342.848388671875,1702.46923828125,1256.8179931640625,89.97119140625,172.060791015625
IMG_0045.mp4,612,20.4,30.0,391,2,traffic_signs,0.832221508026123,2232.011962890625,1667.64501953125,2262.989990234375,1701.6932373046875,2247.5009765625,1684.6691284179688,30.97802734375,34.0482177734375
IMG_0045.mp4,612,20.4,30.0,251,2,traffic_signs,0.4106256365776062,842.7682495117188,1208.9913330078125,1174.0006103515625,1522.8897705078125,1008.3844299316406,1365.9405517578125,331.23236083984375,313.8984375
IMG_0045.mp4,612,20.4,30.0,334,2,traffic_signs,0.6040664315223694,723.836181640625,1255.3216552734375,811.6021118164062,1373.8770751953125,767.7191467285156,1314.599365234375,87.76593017578125,118.555419921875
IMG_0045.mp4,612,20.4,30.0,379,2,traffic_signs,0.46308356523513794,264.9466857910156,1177.2025146484375,385.78717041015625,1316.9608154296875,325.36692810058594,1247.0816650390625,120.84048461914062,139.75830078125
IMG_0045.mp4,612,20.4,30.0,424,2,traffic_signs,0.885197639465332,311.1466369628906,1049.922607421875,415.19708251953125,1175.607177734375,363.17185974121094,1112.764892578125,104.05044555664062,125.6845703125
IMG_0045.mp4,612,20.4,30.0,437,2,traffic_signs,0.6041740775108337,1925.657958984375,1673.5982666015625,1942.840087890625,1714.08740234375,1934.2490234375,1693.8428344726562,17.18212890625,40.4891357421875
IMG_0045.mp4,612,20.4,30.0,222,2,traffic_signs,0.6672381162643433,2624.510498046875,1374.3575439453125,2780.829345703125,1528.6480712890625,2702.669921875,1451.5028076171875,156.31884765625,154.29052734375
IMG_0045.mp4,612,20.4,30.0,374,2,traffic_signs,0.8693583011627197,1368.37060546875,1495.209716796875,1392.7728271484375,1548.64013671875,1380.5717163085938,1521.9249267578125,24.4022216796875,53.430419921875
IMG_0045.mp4,612,20.4,30.0,375,2,traffic_signs,0.7065330147743225,1681.8551025390625,1600.6981201171875,1715.036865234375,1646.31103515625,1698.4459838867188,1623.5045776367188,33.1817626953125,45.6129150390625
IMG_0045.mp4,612,20.4,30.0,429,2,traffic_signs,0.6470876932144165,817.9528198242188,1490.6875,1008.171875,1938.974853515625,913.0623474121094,1714.8311767578125,190.21905517578125,448.287353515625
IMG_0045.mp4,612,20.4,30.0,460,2,traffic_signs,0.6901301741600037,2887.823974609375,1737.1251220703125,2912.08251953125,1772.7413330078125,2899.9532470703125,1754.9332275390625,24.258544921875,35.6162109375
IMG_0045.mp4,613,20.433333333333334,30.0,391,2,traffic_signs,0.6528602838516235,2241.62841796875,1665.1937255859375,2273.3671875,1700.5130615234375,2257.497802734375,1682.8533935546875,31.73876953125,35.3193359375
IMG_0045.mp4,613,20.433333333333334,30.0,251,2,traffic_signs,0.44153934717178345,815.7400512695312,1195.9111328125,1154.2513427734375,1509.8541259765625,984.9956970214844,1352.8826293945312,338.51129150390625,313.9429931640625
IMG_0045.mp4,613,20.433333333333334,30.0,334,2,traffic_signs,0.889691174030304,727.433349609375,1250.22802734375,813.15869140625,1370.1817626953125,770.2960205078125,1310.2048950195312,85.725341796875,119.9537353515625
IMG_0045.mp4,613,20.433333333333334,30.0,379,2,traffic_signs,0.7216763496398926,262.76708984375,1172.5211181640625,382.542236328125,1311.5853271484375,322.6546630859375,1242.05322265625,119.775146484375,139.064208984375
IMG_0045.mp4,613,20.433333333333334,30.0,424,2,traffic_signs,0.8792539238929749,308.2701110839844,1045.1136474609375,412.05780029296875,1170.7230224609375,360.16395568847656,1107.9183349609375,103.78768920898438,125.609375
IMG_0045.mp4,613,20.433333333333334,30.0,437,2,traffic_signs,0.3275500237941742,1936.7027587890625,1672.4520263671875,1953.4854736328125,1713.5416259765625,1945.0941162109375,1692.996826171875,16.78271484375,41.089599609375
IMG_0045.mp4,613,20.433333333333334,30.0,222,2,traffic_signs,0.934425950050354,2633.21630859375,1368.9947509765625,2790.720703125,1524.052734375,2711.968505859375,1446.5237426757812,157.50439453125,155.0579833984375
IMG_0045.mp4,613,20.433333333333334,30.0,374,2,traffic_signs,0.8746331334114075,1377.498291015625,1493.4580078125,1401.576416015625,1548.0726318359375,1389.537353515625,1520.7653198242188,24.078125,54.6146240234375
IMG_0045.mp4,613,20.433333333333334,30.0,375,2,traffic_signs,0.5437265038490295,1692.9248046875,1601.3690185546875,1719.786865234375,1643.9833984375,1706.3558349609375,1622.6762084960938,26.862060546875,42.6143798828125
IMG_0045.mp4,613,20.433333333333334,30.0,460,2,traffic_signs,0.6250264644622803,2900.123779296875,1736.338623046875,2925.21240234375,1770.8851318359375,2912.6680908203125,1753.6118774414062,25.088623046875,34.5465087890625
IMG_0045.mp4,613,20.433333333333334,30.0,376,2,traffic_signs,0.8550454378128052,1089.291015625,1482.360595703125,1132.909423828125,1546.1763916015625,1111.1002197265625,1514.2684936523438,43.618408203125,63.8157958984375
IMG_0045.mp4,613,20.433333333333334,30.0,439,2,traffic_signs,0.476057767868042,2088.63037109375,1692.561767578125,2105.36376953125,1726.1763916015625,2096.9970703125,1709.3690795898438,16.7333984375,33.6146240234375
IMG_0045.mp4,614,20.466666666666665,30.0,391,2,traffic_signs,0.8284377455711365,2253.573486328125,1667.6744384765625,2285.564697265625,1701.5455322265625,2269.569091796875,1684.6099853515625,31.9912109375,33.87109375
IMG_0045.mp4,614,20.466666666666665,30.0,251,2,traffic_signs,0.39080241322517395,780.1607666015625,1184.23486328125,1130.1700439453125,1502.363525390625,955.1654052734375,1343.2991943359375,350.00927734375,318.128662109375
IMG_0045.mp4,614,20.466666666666665,30.0,334,2,traffic_signs,0.8746560215950012,729.6975708007812,1249.0462646484375,800.0975952148438,1369.22705078125,764.8975830078125,1309.1366577148438,70.4000244140625,120.1807861328125
IMG_0045.mp4,614,20.466666666666665,30.0,379,2,traffic_signs,0.684592604637146,253.67539978027344,1168.289306640625,378.3149108886719,1308.573974609375,315.99515533447266,1238.431640625,124.63951110839844,140.28466796875
IMG_0045.mp4,614,20.466666666666665,30.0,424,2,traffic_signs,0.8289254903793335,298.2217712402344,1038.4677734375,406.61138916015625,1166.260986328125,352.4165802001953,1102.3643798828125,108.38961791992188,127.793212890625
IMG_0045.mp4,614,20.466666666666665,30.0,437,2,traffic_signs,0.5083138346672058,1946.75390625,1674.38427734375,1963.557373046875,1713.8245849609375,1955.1556396484375,1694.1044311523438,16.803466796875,39.4403076171875
IMG_0045.mp4,614,20.466666666666665,30.0,222,2,traffic_signs,0.9246852993965149,2643.3251953125,1365.732177734375,2803.064697265625,1522.544189453125,2723.1949462890625,1444.13818359375,159.739501953125,156.81201171875
IMG_0045.mp4,614,20.466666666666665,30.0,374,2,traffic_signs,0.8500460386276245,1385.8616943359375,1495.00537109375,1409.8841552734375,1549.8509521484375,1397.8729248046875,1522.4281616210938,24.0224609375,54.8455810546875
IMG_0045.mp4,614,20.466666666666665,30.0,375,2,traffic_signs,0.7244586944580078,1701.6800537109375,1604.4085693359375,1728.3262939453125,1644.615966796875,1715.003173828125,1624.5122680664062,26.646240234375,40.2073974609375
IMG_0045.mp4,614,20.466666666666665,30.0,460,2,traffic_signs,0.2919277548789978,2914.539794921875,1737.4674072265625,2939.5029296875,1772.927490234375,2927.0213623046875,1755.1974487304688,24.963134765625,35.4600830078125
IMG_0045.mp4,614,20.466666666666665,30.0,376,2,traffic_signs,0.8916571736335754,1097.855224609375,1484.4583740234375,1142.617431640625,1546.59716796875,1120.236328125,1515.5277709960938,44.76220703125,62.1387939453125
IMG_0045.mp4,614,20.466666666666665,30.0,339,2,traffic_signs,0.578414261341095,1655.4478759765625,1156.2525634765625,1747.223388671875,1333.6669921875,1701.3356323242188,1244.9597778320312,91.7755126953125,177.4144287109375
IMG_0045.mp4,615,20.5,30.0,391,2,traffic_signs,0.8368936777114868,2264.886474609375,1671.4952392578125,2300.8271484375,1706.014892578125,2282.8568115234375,1688.7550659179688,35.940673828125,34.5196533203125
IMG_0045.mp4,615,20.5,30.0,379,2,traffic_signs,0.8085704445838928,239.76951599121094,1166.4510498046875,368.92291259765625,1308.5274658203125,304.3462142944336,1237.4892578125,129.1533966064453,142.076416015625
IMG_0045.mp4,615,20.5,30.0,424,2,traffic_signs,0.8712945580482483,284.5589904785156,1033.8936767578125,397.08624267578125,1164.6033935546875,340.82261657714844,1099.24853515625,112.52725219726562,130.709716796875
IMG_0045.mp4,615,20.5,30.0,437,2,traffic_signs,0.6127376556396484,1957.699462890625,1680.5826416015625,1973.9962158203125,1718.906494140625,1965.8478393554688,1699.7445678710938,16.2967529296875,38.3238525390625
IMG_0045.mp4,615,20.5,30.0,222,2,traffic_signs,0.9141569137573242,2653.3564453125,1365.4156494140625,2816.797607421875,1524.49072265625,2735.0770263671875,1444.9531860351562,163.441162109375,159.0750732421875
IMG_0045.mp4,615,20.5,30.0,374,2,traffic_signs,0.8606728911399841,1392.932861328125,1499.888671875,1417.3720703125,1554.5299072265625,1405.1524658203125,1527.2092895507812,24.439208984375,54.6412353515625
IMG_0045.mp4,615,20.5,30.0,375,2,traffic_signs,0.7431564927101135,1711.0364990234375,1611.0665283203125,1740.6876220703125,1648.7216796875,1725.862060546875,1629.8941040039062,29.651123046875,37.6551513671875
IMG_0045.mp4,615,20.5,30.0,460,2,traffic_signs,0.6677173376083374,2931.23486328125,1743.91796875,2956.197265625,1777.87939453125,2943.716064453125,1760.898681640625,24.96240234375,33.96142578125
IMG_0045.mp4,615,20.5,30.0,376,2,traffic_signs,0.9047248363494873,1103.71044921875,1488.3363037109375,1147.876708984375,1551.821044921875,1125.7935791015625,1520.0786743164062,44.166259765625,63.4847412109375
IMG_0045.mp4,616,20.533333333333335,30.0,391,2,traffic_signs,0.8373785614967346,2275.5927734375,1673.4530029296875,2311.279052734375,1708.1187744140625,2293.4359130859375,1690.785888671875,35.686279296875,34.665771484375
IMG_0045.mp4,616,20.533333333333335,30.0,379,2,traffic_signs,0.8176378011703491,233.1145782470703,1163.434326171875,363.5385437011719,1306.0775146484375,298.3265609741211,1234.7559204101562,130.42396545410156,142.6431884765625
IMG_0045.mp4,616,20.533333333333335,30.0,424,2,traffic_signs,0.8570448756217957,280.0406188964844,1031.23828125,391.7347412109375,1161.549072265625,335.88768005371094,1096.3936767578125,111.69412231445312,130.310791015625
IMG_0045.mp4,616,20.533333333333335,30.0,437,2,traffic_signs,0.6276935935020447,1968.066162109375,1682.9708251953125,1984.5618896484375,1721.8775634765625,1976.3140258789062,1702.4241943359375,16.4957275390625,38.90673828125
IMG_0045.mp4,616,20.533333333333335,30.0,222,2,traffic_signs,0.9157781004905701,2663.78271484375,1363.3668212890625,2828.17578125,1523.8511962890625,2745.979248046875,1443.6090087890625,164.39306640625,160.484375
IMG_0045.mp4,616,20.533333333333335,30.0,374,2,traffic_signs,0.8366078734397888,1401.44091796875,1500.2451171875,1426.5059814453125,1555.85205078125,1413.9734497070312,1528.048583984375,25.0650634765625,55.60693359375
IMG_0045.mp4,616,20.533333333333335,30.0,375,2,traffic_signs,0.5340278148651123,1722.197509765625,1613.3443603515625,1752.9761962890625,1650.7945556640625,1737.5868530273438,1632.0694580078125,30.7786865234375,37.4501953125
IMG_0045.mp4,616,20.533333333333335,30.0,460,2,traffic_signs,0.7318440675735474,2943.385009765625,1747.8861083984375,2969.89404296875,1779.768798828125,2956.6395263671875,1763.8274536132812,26.509033203125,31.8826904296875
IMG_0045.mp4,616,20.533333333333335,30.0,376,2,traffic_signs,0.8960027694702148,1111.828857421875,1491.06982421875,1154.035888671875,1553.1763916015625,1132.932373046875,1522.1231079101562,42.20703125,62.1065673828125
IMG_0045.mp4,616,20.533333333333335,30.0,429,2,traffic_signs,0.3481045365333557,701.9400634765625,1467.4417724609375,906.9166259765625,1875.767333984375,804.4283447265625,1671.6045532226562,204.9765625,408.3255615234375
IMG_0045.mp4,616,20.533333333333335,30.0,251,2,traffic_signs,0.3985995054244995,722.67529296875,1162.34228515625,1083.3680419921875,1498.810302734375,903.0216674804688,1330.5762939453125,360.6927490234375,336.468017578125
IMG_0045.mp4,616,20.533333333333335,30.0,339,2,traffic_signs,0.5403288006782532,1653.4166259765625,1148.057373046875,1746.73486328125,1326.3868408203125,1700.0757446289062,1237.2221069335938,93.3182373046875,178.3294677734375
IMG_0045.mp4,617,20.566666666666666,30.0,391,2,traffic_signs,0.6235387921333313,2288.22802734375,1672.8868408203125,2324.36572265625,1708.1337890625,2306.296875,1690.5103149414062,36.1376953125,35.2469482421875
IMG_0045.mp4,617,20.566666666666666,30.0,379,2,traffic_signs,0.855869472026825,228.83694458007812,1161.24853515625,361.0787353515625,1305.2381591796875,294.9578399658203,1233.2433471679688,132.24179077148438,143.9896240234375
IMG_0045.mp4,617,20.566666666666666,30.0,424,2,traffic_signs,0.8908939957618713,276.5338439941406,1028.72802734375,389.8265380859375,1158.7503662109375,333.18019104003906,1093.7391967773438,113.29269409179688,130.0223388671875
IMG_0045.mp4,617,20.566666666666666,30.0,437,2,traffic_signs,0.3938823938369751,1981.1727294921875,1684.6533203125,1997.48193359375,1726.881591796875,1989.3273315429688,1705.7674560546875,16.3092041015625,42.228271484375
IMG_0045.mp4,617,20.566666666666666,30.0,222,2,traffic_signs,0.9340066313743591,2674.494873046875,1361.028076171875,2838.957275390625,1519.8858642578125,2756.72607421875,1440.4569702148438,164.46240234375,158.8577880859375
IMG_0045.mp4,617,20.566666666666666,30.0,374,2,traffic_signs,0.8575573563575745,1413.56640625,1501.20947265625,1437.871826171875,1557.4534912109375,1425.7191162109375,1529.3314819335938,24.305419921875,56.2440185546875
IMG_0045.mp4,617,20.566666666666666,30.0,460,2,traffic_signs,0.7218502759933472,2958.14990234375,1748.7564697265625,2983.3251953125,1779.4869384765625,2970.737548828125,1764.1217041015625,25.17529296875,30.73046875
IMG_0045.mp4,617,20.566666666666666,30.0,376,2,traffic_signs,0.9083306789398193,1122.569091796875,1492.42626953125,1167.08056640625,1554.192626953125,1144.8248291015625,1523.3094482421875,44.511474609375,61.766357421875
IMG_0045.mp4,617,20.566666666666666,30.0,466,2,traffic_signs,0.45592808723449707,235.49591064453125,1165.3861083984375,360.6995849609375,1305.141845703125,298.0977478027344,1235.2639770507812,125.20367431640625,139.7557373046875
IMG_0045.mp4,617,20.566666666666666,30.0,339,2,traffic_signs,0.7269371747970581,1653.2015380859375,1143.4437255859375,1747.275634765625,1322.42529296875,1700.2385864257812,1232.9345092773438,94.0740966796875,178.9815673828125
IMG_0045.mp4,618,20.6,30.0,391,2,traffic_signs,0.8356747031211853,2300.666748046875,1673.7635498046875,2335.54931640625,1709.4200439453125,2318.1080322265625,1691.591796875,34.882568359375,35.656494140625
IMG_0045.mp4,618,20.6,30.0,379,2,traffic_signs,0.8541960120201111,224.17750549316406,1158.224609375,358.0585021972656,1302.8228759765625,291.11800384521484,1230.5237426757812,133.88099670410156,144.5982666015625
IMG_0045.mp4,618,20.6,30.0,424,2,traffic_signs,0.8698861598968506,272.96966552734375,1026.19970703125,386.964599609375,1155.54833984375,329.9671325683594,1090.8740234375,113.99493408203125,129.3486328125
IMG_0045.mp4,618,20.6,30.0,437,2,traffic_signs,0.6224634051322937,1993.5631103515625,1685.2474365234375,2010.28466796875,1724.5777587890625,2001.9238891601562,1704.91259765625,16.7215576171875,39.330322265625
IMG_0045.mp4,618,20.6,30.0,222,2,traffic_signs,0.9089727997779846,2687.5712890625,1357.15380859375,2853.389404296875,1517.9283447265625,2770.4803466796875,1437.5410766601562,165.818115234375,160.7745361328125
IMG_0045.mp4,618,20.6,30.0,374,2,traffic_signs,0.8496617078781128,1424.6270751953125,1500.03125,1447.9449462890625,1557.9183349609375,1436.2860107421875,1528.9747924804688,23.31787109375,57.8870849609375
IMG_0045.mp4,618,20.6,30.0,460,2,traffic_signs,0.7109453082084656,2973.603515625,1750.0557861328125,2999.197509765625,1779.5855712890625,2986.4005126953125,1764.8206787109375,25.593994140625,29.52978515625
IMG_0045.mp4,618,20.6,30.0,376,2,traffic_signs,0.8995534181594849,1133.8092041015625,1495.0078125,1177.596435546875,1555.1905517578125,1155.7028198242188,1525.0991821289062,43.7872314453125,60.1827392578125
IMG_0045.mp4,618,20.6,30.0,339,2,traffic_signs,0.897394061088562,1653.16015625,1136.6351318359375,1748.282958984375,1318.5277099609375,1700.7215576171875,1227.5814208984375,95.122802734375,181.892578125
IMG_0045.mp4,618,20.6,30.0,468,2,traffic_signs,0.6734377145767212,1402.5098876953125,1564.491455078125,1425.397216796875,1623.7509765625,1413.9535522460938,1594.1212158203125,22.8873291015625,59.259521484375
IMG_0045.mp4,618,20.6,30.0,469,2,traffic_signs,0.44543319940567017,1453.879150390625,1562.9361572265625,1491.4373779296875,1598.3800048828125,1472.6582641601562,1580.6580810546875,37.5582275390625,35.44384765625
IMG_0045.mp4,618,20.6,30.0,439,2,traffic_signs,0.5472689270973206,2150.289794921875,1704.4862060546875,2166.909423828125,1738.547607421875,2158.599609375,1721.5169067382812,16.61962890625,34.0614013671875
IMG_0045.mp4,618,20.6,30.0,375,2,traffic_signs,0.4341168701648712,1744.5618896484375,1622.1995849609375,1773.815673828125,1654.0621337890625,1759.1887817382812,1638.130859375,29.2537841796875,31.862548828125
IMG_0045.mp4,618,20.6,30.0,429,2,traffic_signs,0.28435248136520386,651.3572387695312,1451.1041259765625,850.7369384765625,1843.7645263671875,751.0470886230469,1647.434326171875,199.37969970703125,392.660400390625
IMG_0045.mp4,619,20.633333333333333,30.0,391,2,traffic_signs,0.8719196319580078,2314.09033203125,1672.3348388671875,2350.374755859375,1710.0029296875,2332.2325439453125,1691.1688842773438,36.284423828125,37.6680908203125
IMG_0045.mp4,619,20.633333333333333,30.0,379,2,traffic_signs,0.8384043574333191,219.04788208007812,1153.0333251953125,354.9967956542969,1299.715576171875,287.0223388671875,1226.3744506835938,135.94891357421875,146.6822509765625
IMG_0045.mp4,619,20.633333333333333,30.0,424,2,traffic_signs,0.8635052442550659,268.5269470214844,1020.8765869140625,384.3117370605469,1152.32763671875,326.4193420410156,1086.6021118164062,115.7847900390625,131.4510498046875
IMG_0045.mp4,619,20.633333333333333,30.0,437,2,traffic_signs,0.3468855321407318,2006.6556396484375,1685.7398681640625,2022.29638671875,1723.23046875,2014.4760131835938,1704.4851684570312,15.6407470703125,37.4906005859375
IMG_0045.mp4,619,20.633333333333333,30.0,222,2,traffic_signs,0.900528073310852,2699.951171875,1351.424072265625,2869.099365234375,1513.763427734375,2784.5252685546875,1432.59375,169.148193359375,162.33935546875
IMG_0045.mp4,619,20.633333333333333,30.0,374,2,traffic_signs,0.850273847579956,1436.11474609375,1500.77734375,1459.4122314453125,1559.3731689453125,1447.7634887695312,1530.0752563476562,23.2974853515625,58.5958251953125
IMG_0045.mp4,619,20.633333333333333,30.0,460,2,traffic_signs,0.7069886326789856,2990.6064453125,1751.95947265625,3017.692138671875,1779.61572265625,3004.1492919921875,1765.78759765625,27.085693359375,27.65625
IMG_0045.mp4,619,20.633333333333333,30.0,376,2,traffic_signs,0.9135855436325073,1145.1177978515625,1494.677001953125,1189.2108154296875,1554.083984375,1167.164306640625,1524.3804931640625,44.093017578125,59.406982421875
IMG_0045.mp4,619,20.633333333333333,30.0,339,2,traffic_signs,0.8840821385383606,1653.1236572265625,1130.0164794921875,1748.9459228515625,1313.1846923828125,1701.0347900390625,1221.6005859375,95.822265625,183.168212890625
IMG_0045.mp4,619,20.633333333333333,30.0,468,2,traffic_signs,0.4230665862560272,1413.935546875,1565.015380859375,1436.3033447265625,1625.6229248046875,1425.1194458007812,1595.3191528320312,22.3677978515625,60.6075439453125
IMG_0045.mp4,619,20.633333333333333,30.0,469,2,traffic_signs,0.4249112010002136,1462.884765625,1561.2716064453125,1502.735595703125,1598.362060546875,1482.8101806640625,1579.8168334960938,39.850830078125,37.0904541015625
IMG_0045.mp4,619,20.633333333333333,30.0,439,2,traffic_signs,0.6322023272514343,2163.577880859375,1705.8150634765625,2179.861083984375,1739.484130859375,2171.719482421875,1722.6495971679688,16.283203125,33.6690673828125
IMG_0045.mp4,619,20.633333333333333,30.0,375,2,traffic_signs,0.5412167906761169,1755.228271484375,1602.396728515625,1788.2760009765625,1653.4345703125,1771.7521362304688,1627.9156494140625,33.0477294921875,51.037841796875
IMG_0045.mp4,620,20.666666666666668,30.0,391,2,traffic_signs,0.8482104539871216,2328.34765625,1674.5780029296875,2365.936279296875,1712.8162841796875,2347.1419677734375,1693.6971435546875,37.588623046875,38.23828125
IMG_0045.mp4,620,20.666666666666668,30.0,379,2,traffic_signs,0.7463132739067078,215.43545532226562,1149.135986328125,352.3802490234375,1297.779541015625,283.90785217285156,1223.457763671875,136.94479370117188,148.6435546875
IMG_0045.mp4,620,20.666666666666668,30.0,424,2,traffic_signs,0.8027971982955933,262.5004577636719,1016.8438110351562,380.6188049316406,1149.61376953125,321.55963134765625,1083.2287902832031,118.11834716796875,132.76995849609375
IMG_0045.mp4,620,20.666666666666668,30.0,222,2,traffic_signs,0.8996680378913879,2715.98095703125,1348.985595703125,2885.922607421875,1511.9578857421875,2800.9517822265625,1430.4717407226562,169.941650390625,162.9722900390625
IMG_0045.mp4,620,20.666666666666668,30.0,374,2,traffic_signs,0.8293597102165222,1448.1907958984375,1504.4559326171875,1470.9693603515625,1559.6953125,1459.580078125,1532.0756225585938,22.778564453125,55.2393798828125
IMG_0045.mp4,620,20.666666666666668,30.0,460,2,traffic_signs,0.5217562317848206,3009.285888671875,1753.850341796875,3035.415771484375,1782.9630126953125,3022.350830078125,1768.4066772460938,26.1298828125,29.1126708984375
IMG_0045.mp4,620,20.666666666666668,30.0,376,2,traffic_signs,0.913702130317688,1158.013671875,1494.9810791015625,1199.1964111328125,1555.1043701171875,1178.6050415039062,1525.042724609375,41.1827392578125,60.123291015625
IMG_0045.mp4,620,20.666666666666668,30.0,339,2,traffic_signs,0.9176968336105347,1653.9249267578125,1124.1075439453125,1751.0010986328125,1309.613525390625,1702.4630126953125,1216.8605346679688,97.076171875,185.5059814453125
IMG_0045.mp4,620,20.666666666666668,30.0,468,2,traffic_signs,0.6474593877792358,1424.956298828125,1564.6529541015625,1448.9830322265625,1627.486328125,1436.9696655273438,1596.0696411132812,24.0267333984375,62.8333740234375
IMG_0045.mp4,620,20.666666666666668,30.0,469,2,traffic_signs,0.338807612657547,1476.5494384765625,1564.061767578125,1514.694091796875,1599.9952392578125,1495.6217651367188,1582.0285034179688,38.1446533203125,35.9334716796875
IMG_0045.mp4,621,20.7,30.0,391,2,traffic_signs,0.8867580890655518,2342.154052734375,1676.8306884765625,2383.248779296875,1715.76416015625,2362.701416015625,1696.2974243164062,41.0947265625,38.9334716796875
IMG_0045.mp4,621,20.7,30.0,379,2,traffic_signs,0.7028846740722656,212.6138153076172,1146.490478515625,351.1864318847656,1296.852783203125,281.9001235961914,1221.671630859375,138.57261657714844,150.3623046875
IMG_0045.mp4,621,20.7,30.0,424,2,traffic_signs,0.8141534924507141,258.51129150390625,1013.2611694335938,378.4746398925781,1147.826416015625,318.4929656982422,1080.5437927246094,119.96334838867188,134.56524658203125
IMG_0045.mp4,621,20.7,30.0,222,2,traffic_signs,0.8954097032546997,2731.97705078125,1335.8497314453125,2903.65087890625,1511.239990234375,2817.81396484375,1423.5448608398438,171.673828125,175.3902587890625
IMG_0045.mp4,621,20.7,30.0,374,2,traffic_signs,0.8223322629928589,1459.7867431640625,1508.28076171875,1483.8812255859375,1563.035888671875,1471.833984375,1535.6583251953125,24.094482421875,54.755126953125
IMG_0045.mp4,621,20.7,30.0,460,2,traffic_signs,0.7735722064971924,3028.214599609375,1754.623046875,3055.12353515625,1786.35888671875,3041.6690673828125,1770.490966796875,26.908935546875,31.73583984375
IMG_0045.mp4,621,20.7,30.0,376,2,traffic_signs,0.9164915680885315,1169.8758544921875,1497.0751953125,1208.627685546875,1557.3509521484375,1189.2517700195312,1527.2130737304688,38.7518310546875,60.2757568359375
IMG_0045.mp4,621,20.7,30.0,339,2,traffic_signs,0.9361799955368042,1655.3076171875,1118.788330078125,1754.656494140625,1306.53271484375,1704.9820556640625,1212.6605224609375,99.348876953125,187.744384765625
IMG_0045.mp4,622,20.733333333333334,30.0,391,2,traffic_signs,0.8594037294387817,2356.9951171875,1678.1016845703125,2399.59375,1719.7462158203125,2378.29443359375,1698.9239501953125,42.5986328125,41.64453125
IMG_0045.mp4,622,20.733333333333334,30.0,379,2,traffic_signs,0.8171721696853638,207.27020263671875,1145.021728515625,347.3297119140625,1295.8814697265625,277.2999572753906,1220.4515991210938,140.05950927734375,150.8597412109375
IMG_0045.mp4,622,20.733333333333334,30.0,424,2,traffic_signs,0.7861412167549133,250.29710388183594,1010.14794921875,374.3081359863281,1151.1451416015625,312.30261993408203,1080.6465454101562,124.01103210449219,140.9971923828125
IMG_0045.mp4,622,20.733333333333334,30.0,222,2,traffic_signs,0.9308567047119141,2747.15380859375,1321.3477783203125,2922.782470703125,1510.3536376953125,2834.9681396484375,1415.8507080078125,175.628662109375,189.005859375
IMG_0045.mp4,622,20.733333333333334,30.0,374,2,traffic_signs,0.8682147860527039,1471.521728515625,1510.6151123046875,1495.9283447265625,1564.74560546875,1483.7250366210938,1537.6803588867188,24.4066162109375,54.1304931640625
IMG_0045.mp4,622,20.733333333333334,30.0,460,2,traffic_signs,0.8192424774169922,3047.10986328125,1755.2760009765625,3075.194091796875,1788.396484375,3061.1519775390625,1771.8362426757812,28.084228515625,33.1204833984375
IMG_0045.mp4,622,20.733333333333334,30.0,376,2,traffic_signs,0.9215202331542969,1181.1783447265625,1499.5966796875,1220.435302734375,1559.4912109375,1200.8068237304688,1529.5439453125,39.2569580078125,59.89453125
IMG_0045.mp4,622,20.733333333333334,30.0,339,2,traffic_signs,0.5889212489128113,1656.8453369140625,1114.3564453125,1757.6536865234375,1302.48193359375,1707.24951171875,1208.419189453125,100.808349609375,188.12548828125
IMG_0045.mp4,622,20.733333333333334,30.0,476,2,traffic_signs,0.41374871134757996,1803.58837890625,1602.0228271484375,1827.7232666015625,1632.2674560546875,1815.6558227539062,1617.1451416015625,24.1348876953125,30.24462890625
IMG_0045.mp4,623,20.766666666666666,30.0,391,2,traffic_signs,0.853655219078064,2371.596435546875,1679.294921875,2415.957275390625,1721.509033203125,2393.77685546875,1700.4019775390625,44.36083984375,42.214111328125
IMG_0045.mp4,623,20.766666666666666,30.0,379,2,traffic_signs,0.8213711977005005,204.6351776123047,1143.7623291015625,345.2412109375,1294.918212890625,274.93819427490234,1219.3402709960938,140.6060333251953,151.1558837890625
IMG_0045.mp4,623,20.766666666666666,30.0,424,2,traffic_signs,0.7159285545349121,247.94808959960938,1007.998779296875,373.03594970703125,1150.1859130859375,310.4920196533203,1079.0923461914062,125.08786010742188,142.1871337890625
IMG_0045.mp4,623,20.766666666666666,30.0,222,2,traffic_signs,0.9434975981712341,2761.97314453125,1312.189697265625,2940.0390625,1508.1844482421875,2851.006103515625,1410.1870727539062,178.06591796875,195.9947509765625
IMG_0045.mp4,623,20.766666666666666,30.0,374,2,traffic_signs,0.8654381632804871,1484.355224609375,1512.51220703125,1509.388671875,1565.83984375,1496.8719482421875,1539.176025390625,25.033447265625,53.32763671875
IMG_0045.mp4,623,20.766666666666666,30.0,460,2,traffic_signs,0.7718601226806641,3065.36669921875,1756.2464599609375,3093.20751953125,1790.316650390625,3079.287109375,1773.2815551757812,27.8408203125,34.0701904296875
IMG_0045.mp4,623,20.766666666666666,30.0,376,2,traffic_signs,0.9106557369232178,1192.5323486328125,1501.933837890625,1232.046875,1560.5830078125,1212.2896118164062,1531.2584228515625,39.5145263671875,58.649169921875
IMG_0045.mp4,623,20.766666666666666,30.0,339,2,traffic_signs,0.9466460347175598,1658.4146728515625,1110.748046875,1761.7105712890625,1297.2593994140625,1710.0626220703125,1204.0037231445312,103.2958984375,186.5113525390625
IMG_0045.mp4,623,20.766666666666666,30.0,476,2,traffic_signs,0.3926139175891876,1819.5208740234375,1607.946533203125,1841.3995361328125,1634.3863525390625,1830.460205078125,1621.1664428710938,21.878662109375,26.4398193359375
IMG_0045.mp4,624,20.8,30.0,391,2,traffic_signs,0.8542097806930542,2387.466552734375,1681.413330078125,2432.85302734375,1721.667724609375,2410.1597900390625,1701.54052734375,45.386474609375,40.25439453125
IMG_0045.mp4,624,20.8,30.0,379,2,traffic_signs,0.5870985388755798,203.68179321289062,1143.602294921875,344.41534423828125,1293.4774169921875,274.04856872558594,1218.5398559570312,140.73355102539062,149.8751220703125
IMG_0045.mp4,624,20.8,30.0,424,2,traffic_signs,0.5776021480560303,248.47364807128906,1005.0538940429688,375.0849304199219,1144.129150390625,311.77928924560547,1074.5915222167969,126.61128234863281,139.07525634765625
IMG_0045.mp4,624,20.8,30.0,222,2,traffic_signs,0.9317224025726318,2778.1435546875,1305.9156494140625,2959.78173828125,1506.5498046875,2868.962646484375,1406.2327270507812,181.63818359375,200.6341552734375
IMG_0045.mp4,624,20.8,30.0,374,2,traffic_signs,0.5471762418746948,1497.8843994140625,1512.8873291015625,1523.3642578125,1567.8907470703125,1510.6243286132812,1540.3890380859375,25.4798583984375,55.00341796875
IMG_0045.mp4,624,20.8,30.0,460,2,traffic_signs,0.741608738899231,3084.096923828125,1754.898681640625,3112.98974609375,1790.8719482421875,3098.5433349609375,1772.8853149414062,28.892822265625,35.9732666015625
IMG_0045.mp4,624,20.8,30.0,376,2,traffic_signs,0.8900560140609741,1205.385009765625,1504.03466796875,1246.193603515625,1562.8233642578125,1225.789306640625,1533.4290161132812,40.80859375,58.7886962890625
IMG_0045.mp4,624,20.8,30.0,339,2,traffic_signs,0.9390193223953247,1661.4224853515625,1104.6873779296875,1766.2354736328125,1292.646728515625,1713.8289794921875,1198.6670532226562,104.81298828125,187.9593505859375
IMG_0045.mp4,624,20.8,30.0,482,2,traffic_signs,0.5656915903091431,246.56558227539062,1005.6332397460938,375.752197265625,1148.614013671875,311.1588897705078,1077.1236267089844,129.18661499023438,142.98077392578125
IMG_0045.mp4,624,20.8,30.0,429,2,traffic_signs,0.6551492214202881,461.482421875,1402.734375,671.3522338867188,1847.4613037109375,566.4173278808594,1625.0978393554688,209.86981201171875,444.7269287109375
IMG_0045.mp4,625,20.833333333333332,30.0,379,2,traffic_signs,0.5468917489051819,202.46829223632812,1142.9306640625,345.63690185546875,1291.2154541015625,274.05259704589844,1217.0730590820312,143.16860961914062,148.2847900390625
IMG_0045.mp4,625,20.833333333333332,30.0,424,2,traffic_signs,0.38001900911331177,246.25144958496094,1002.986328125,376.2850646972656,1139.579833984375,311.2682571411133,1071.2830810546875,130.0336151123047,136.593505859375
IMG_0045.mp4,625,20.833333333333332,30.0,222,2,traffic_signs,0.9438877701759338,2794.703857421875,1301.383544921875,2979.225830078125,1499.3875732421875,2886.96484375,1400.3855590820312,184.52197265625,198.0040283203125
IMG_0045.mp4,625,20.833333333333332,30.0,376,2,traffic_signs,0.9069240689277649,1217.92529296875,1505.4263916015625,1259.48974609375,1564.0526123046875,1238.70751953125,1534.739501953125,41.564453125,58.626220703125
IMG_0045.mp4,625,20.833333333333332,30.0,339,2,traffic_signs,0.9362834095954895,1664.2935791015625,1098.1126708984375,1770.5357666015625,1289.439208984375,1717.4146728515625,1193.7759399414062,106.2421875,191.3265380859375
IMG_0045.mp4,625,20.833333333333332,30.0,482,2,traffic_signs,0.36360999941825867,248.1238555908203,1005.3037719726562,376.824951171875,1146.12060546875,312.47440338134766,1075.7121887207031,128.7010955810547,140.81683349609375
IMG_0045.mp4,626,20.866666666666667,30.0,222,2,traffic_signs,0.9222626686096191,2815.2705078125,1349.3311767578125,2998.44970703125,1501.085205078125,2906.860107421875,1425.2081909179688,183.17919921875,151.7540283203125
IMG_0045.mp4,626,20.866666666666667,30.0,339,2,traffic_signs,0.9527413249015808,1667.96142578125,1089.35302734375,1775.9266357421875,1275.638427734375,1721.9440307617188,1182.4957275390625,107.9652099609375,186.285400390625
IMG_0045.mp4,626,20.866666666666667,30.0,391,2,traffic_signs,0.8679960370063782,2420.4189453125,1681.9334716796875,2465.697265625,1727.455078125,2443.05810546875,1704.6942749023438,45.2783203125,45.5216064453125
IMG_0045.mp4,626,20.866666666666667,30.0,460,2,traffic_signs,0.2894638776779175,3125.799560546875,1757.6767578125,3157.334716796875,1795.4228515625,3141.567138671875,1776.5498046875,31.53515625,37.74609375
IMG_0045.mp4,627,20.9,30.0,222,2,traffic_signs,0.9109908938407898,2833.64453125,1330.669677734375,3021.228271484375,1500.0894775390625,2927.4364013671875,1415.3795776367188,187.583740234375,169.4197998046875
IMG_0045.mp4,627,20.9,30.0,339,2,traffic_signs,0.910973846912384,1675.8056640625,1129.47802734375,1781.7047119140625,1279.3262939453125,1728.7551879882812,1204.4021606445312,105.8990478515625,149.8482666015625
IMG_0045.mp4,627,20.9,30.0,391,2,traffic_signs,0.8366497159004211,2442.267822265625,1686.282958984375,2486.395751953125,1730.2213134765625,2464.331787109375,1708.2521362304688,44.1279296875,43.9383544921875
IMG_0045.mp4,627,20.9,30.0,460,2,traffic_signs,0.8054768443107605,3150.54638671875,1760.433837890625,3182.014892578125,1798.922607421875,3166.2806396484375,1779.67822265625,31.468505859375,38.48876953125
IMG_0045.mp4,627,20.9,30.0,374,2,traffic_signs,0.8609493374824524,1540.5843505859375,1520.9866943359375,1566.90966796875,1575.983154296875,1553.7470092773438,1548.4849243164062,26.3253173828125,54.9964599609375
IMG_0045.mp4,627,20.9,30.0,376,2,traffic_signs,0.9128349423408508,1246.6072998046875,1510.6669921875,1289.8492431640625,1570.1561279296875,1268.228271484375,1540.4115600585938,43.241943359375,59.4891357421875
IMG_0045.mp4,628,20.933333333333334,30.0,222,2,traffic_signs,0.9070875644683838,2853.056396484375,1322.8494873046875,3048.261474609375,1501.387451171875,2950.658935546875,1412.1184692382812,195.205078125,178.5379638671875
IMG_0045.mp4,628,20.933333333333334,30.0,339,2,traffic_signs,0.91420978307724,1675.106689453125,1090.6605224609375,1784.9686279296875,1277.6302490234375,1730.0376586914062,1184.1453857421875,109.8619384765625,186.9697265625
IMG_0045.mp4,628,20.933333333333334,30.0,391,2,traffic_signs,0.85234534740448,2460.527587890625,1689.898193359375,2505.03955078125,1734.6431884765625,2482.7835693359375,1712.2706909179688,44.511962890625,44.7449951171875
IMG_0045.mp4,628,20.933333333333334,30.0,460,2,traffic_signs,0.708689272403717,3176.541748046875,1764.7921142578125,3208.93701171875,1802.6136474609375,3192.7393798828125,1783.702880859375,32.395263671875,37.821533203125
IMG_0045.mp4,628,20.933333333333334,30.0,488,2,traffic_signs,0.8353008031845093,1884.4925537109375,1628.727294921875,1923.9439697265625,1677.056640625,1904.21826171875,1652.8919677734375,39.451416015625,48.329345703125
IMG_0045.mp4,628,20.933333333333334,30.0,374,2,traffic_signs,0.5976259708404541,1552.656982421875,1527.84326171875,1579.6412353515625,1580.1934814453125,1566.1491088867188,1554.0183715820312,26.9842529296875,52.3502197265625
IMG_0045.mp4,628,20.933333333333334,30.0,376,2,traffic_signs,0.893229603767395,1257.1280517578125,1512.93505859375,1297.5765380859375,1573.396240234375,1277.352294921875,1543.1656494140625,40.448486328125,60.461181640625
IMG_0045.mp4,628,20.933333333333334,30.0,334,2,traffic_signs,0.9237449169158936,785.5202026367188,1246.6240234375,865.3724975585938,1358.105712890625,825.4463500976562,1302.3648681640625,79.852294921875,111.481689453125
IMG_0045.mp4,629,20.966666666666665,30.0,222,2,traffic_signs,0.9407817125320435,2873.339599609375,1317.901611328125,3074.474609375,1501.296142578125,2973.9071044921875,1409.598876953125,201.135009765625,183.39453125
IMG_0045.mp4,629,20.966666666666665,30.0,339,2,traffic_signs,0.9324752688407898,1678.7015380859375,1075.9625244140625,1790.8033447265625,1274.5863037109375,1734.75244140625,1175.2744140625,112.101806640625,198.623779296875
IMG_0045.mp4,629,20.966666666666665,30.0,391,2,traffic_signs,0.7492551207542419,2480.412841796875,1694.098876953125,2525.8017578125,1739.67529296875,2503.1072998046875,1716.8870849609375,45.388916015625,45.576416015625
IMG_0045.mp4,629,20.966666666666665,30.0,460,2,traffic_signs,0.7084092497825623,3202.601806640625,1768.1461181640625,3236.196044921875,1808.0367431640625,3219.39892578125,1788.0914306640625,33.59423828125,39.890625
IMG_0045.mp4,629,20.966666666666665,30.0,488,2,traffic_signs,0.8335813879966736,1902.708984375,1632.701171875,1942.0855712890625,1681.8895263671875,1922.3972778320312,1657.2953491210938,39.3765869140625,49.1883544921875
IMG_0045.mp4,629,20.966666666666665,30.0,376,2,traffic_signs,0.9107668399810791,1269.935791015625,1515.429931640625,1310.5516357421875,1576.36376953125,1290.2437133789062,1545.8968505859375,40.6158447265625,60.933837890625
IMG_0045.mp4,629,20.966666666666665,30.0,334,2,traffic_signs,0.9444202780723572,790.7551879882812,1247.699462890625,870.2026977539062,1358.865234375,830.4789428710938,1303.2823486328125,79.447509765625,111.165771484375
IMG_0045.mp4,629,20.966666666666665,30.0,424,2,traffic_signs,0.26160237193107605,236.0723114013672,992.7078857421875,356.5440979003906,1118.6717529296875,296.3082046508789,1055.6898193359375,120.47178649902344,125.9638671875
IMG_0045.mp4,630,21.0,30.0,222,2,traffic_signs,0.9221050143241882,2890.5244140625,1313.1920166015625,3096.777587890625,1499.150146484375,2993.6510009765625,1406.1710815429688,206.253173828125,185.9581298828125
IMG_0045.mp4,630,21.0,30.0,339,2,traffic_signs,0.901732861995697,1689.0611572265625,1066.6424560546875,1803.197998046875,1270.693359375,1746.1295776367188,1168.6679077148438,114.1368408203125,204.0509033203125
IMG_0045.mp4,630,21.0,30.0,391,2,traffic_signs,0.8764451146125793,2501.3759765625,1692.8695068359375,2545.850341796875,1740.51318359375,2523.6131591796875,1716.6913452148438,44.474365234375,47.6436767578125
IMG_0045.mp4,630,21.0,30.0,460,2,traffic_signs,0.7525485754013062,3225.7255859375,1766.240966796875,3259.325439453125,1807.6263427734375,3242.5255126953125,1786.9336547851562,33.599853515625,41.3853759765625
IMG_0045.mp4,630,21.0,30.0,488,2,traffic_signs,0.86753910779953,1924.359619140625,1633.3236083984375,1962.6304931640625,1682.3726806640625,1943.4950561523438,1657.84814453125,38.2708740234375,49.049072265625
IMG_0045.mp4,630,21.0,30.0,376,2,traffic_signs,0.9087356925010681,1293.3958740234375,1516.675048828125,1333.386962890625,1577.6695556640625,1313.3914184570312,1547.1723022460938,39.9910888671875,60.9945068359375
IMG_0045.mp4,630,21.0,30.0,334,2,traffic_signs,0.9319455623626709,808.2197265625,1247.62060546875,887.5474853515625,1360.178955078125,847.8836059570312,1303.8997802734375,79.3277587890625,112.558349609375
IMG_0045.mp4,630,21.0,30.0,374,2,traffic_signs,0.7350857853889465,1590.627197265625,1534.4927978515625,1617.738525390625,1584.01806640625,1604.182861328125,1559.2554321289062,27.111328125,49.5252685546875
IMG_0045.mp4,631,21.033333333333335,30.0,222,2,traffic_signs,0.9252554178237915,2914.51806640625,1309.23291015625,3119.070068359375,1496.4415283203125,3016.7940673828125,1402.8372192382812,204.552001953125,187.2086181640625
IMG_0045.mp4,631,21.033333333333335,30.0,339,2,traffic_signs,0.9419223666191101,1694.9808349609375,1060.549560546875,1813.0302734375,1267.5347900390625,1754.0055541992188,1164.0421752929688,118.0494384765625,206.9852294921875
IMG_0045.mp4,631,21.033333333333335,30.0,391,2,traffic_signs,0.8870002627372742,2522.857666015625,1693.248046875,2566.291748046875,1742.809814453125,2544.57470703125,1718.0289306640625,43.43408203125,49.561767578125
IMG_0045.mp4,631,21.033333333333335,30.0,488,2,traffic_signs,0.8574575185775757,1941.347412109375,1634.5361328125,1981.35693359375,1683.8603515625,1961.3521728515625,1659.1982421875,40.009521484375,49.32421875
IMG_0045.mp4,631,21.033333333333335,30.0,376,2,traffic_signs,0.9103844165802002,1311.3739013671875,1518.9140625,1351.54833984375,1579.60791015625,1331.4611206054688,1549.260986328125,40.1744384765625,60.69384765625
IMG_0045.mp4,631,21.033333333333335,30.0,334,2,traffic_signs,0.9385126233100891,820.5288696289062,1248.000244140625,900.3721313476562,1360.96923828125,860.4505004882812,1304.4847412109375,79.84326171875,112.968994140625
IMG_0045.mp4,631,21.033333333333335,30.0,374,2,traffic_signs,0.7513651251792908,1612.960693359375,1537.7672119140625,1638.4481201171875,1586.6094970703125,1625.7044067382812,1562.1883544921875,25.4874267578125,48.84228515625
IMG_0045.mp4,632,21.066666666666666,30.0,222,2,traffic_signs,0.9401110410690308,2939.61865234375,1305.5830078125,3144.510986328125,1493.744873046875,3042.0648193359375,1399.6639404296875,204.892333984375,188.161865234375
IMG_0045.mp4,632,21.066666666666666,30.0,339,2,traffic_signs,0.9341282248497009,1703.397705078125,1053.175048828125,1822.2479248046875,1264.6920166015625,1762.8228149414062,1158.9335327148438,118.8502197265625,211.5169677734375
IMG_0045.mp4,632,21.066666666666666,30.0,391,2,traffic_signs,0.8721588850021362,2545.162841796875,1697.2156982421875,2588.28125,1745.708740234375,2566.7220458984375,1721.4622192382812,43.118408203125,48.4930419921875
IMG_0045.mp4,632,21.066666666666666,30.0,488,2,traffic_signs,0.8802664279937744,1960.269775390625,1637.16650390625,1999.739501953125,1686.4068603515625,1980.004638671875,1661.7866821289062,39.4697265625,49.2403564453125
IMG_0045.mp4,632,21.066666666666666,30.0,376,2,traffic_signs,0.9090834259986877,1330.4290771484375,1522.1956787109375,1371.2861328125,1582.2724609375,1350.8576049804688,1552.2340698242188,40.8570556640625,60.0767822265625
IMG_0045.mp4,632,21.066666666666666,30.0,334,2,traffic_signs,0.9312090873718262,831.2315673828125,1248.195068359375,912.9426879882812,1363.2596435546875,872.0871276855469,1305.7273559570312,81.71112060546875,115.0645751953125
IMG_0045.mp4,632,21.066666666666666,30.0,374,2,traffic_signs,0.7319381833076477,1631.4642333984375,1538.6065673828125,1658.2435302734375,1587.4176025390625,1644.8538818359375,1563.0120849609375,26.779296875,48.81103515625
IMG_0045.mp4,633,21.1,30.0,222,2,traffic_signs,0.9245051145553589,2985.015869140625,1300.2860107421875,3170.75732421875,1491.2244873046875,3077.8865966796875,1395.7552490234375,185.741455078125,190.9384765625
IMG_0045.mp4,633,21.1,30.0,339,2,traffic_signs,0.9255352020263672,1713.6104736328125,1046.8388671875,1834.653076171875,1263.127197265625,1774.1317749023438,1154.9830322265625,121.0426025390625,216.288330078125
IMG_0045.mp4,633,21.1,30.0,391,2,traffic_signs,0.889069139957428,2567.76220703125,1697.9898681640625,2612.637939453125,1748.7705078125,2590.2000732421875,1723.3801879882812,44.875732421875,50.7806396484375
IMG_0045.mp4,633,21.1,30.0,488,2,traffic_signs,0.8712159991264343,1982.654296875,1638.068359375,2019.075439453125,1688.3880615234375,2000.8648681640625,1663.2282104492188,36.421142578125,50.3197021484375
IMG_0045.mp4,633,21.1,30.0,376,2,traffic_signs,0.8664249181747437,1351.169189453125,1524.40771484375,1392.849853515625,1584.6680908203125,1372.009521484375,1554.5379028320312,41.6806640625,60.2603759765625
IMG_0045.mp4,633,21.1,30.0,334,2,traffic_signs,0.8728927969932556,847.7535400390625,1249.0985107421875,929.9212036132812,1366.00537109375,888.8373718261719,1307.5519409179688,82.16766357421875,116.9068603515625
IMG_0045.mp4,633,21.1,30.0,374,2,traffic_signs,0.6369917392730713,1652.519775390625,1538.018798828125,1676.7088623046875,1586.8011474609375,1664.6143188476562,1562.4099731445312,24.1890869140625,48.7823486328125
IMG_0045.mp4,633,21.1,30.0,460,2,traffic_signs,0.7798218131065369,3302.416259765625,1772.2469482421875,3336.0810546875,1817.6683349609375,3319.2486572265625,1794.9576416015625,33.664794921875,45.42138671875
IMG_0045.mp4,634,21.133333333333333,30.0,222,2,traffic_signs,0.9209291338920593,2999.26708984375,1295.368408203125,3198.799560546875,1489.2764892578125,3099.0333251953125,1392.3224487304688,199.532470703125,193.9080810546875
IMG_0045.mp4,634,21.133333333333333,30.0,339,2,traffic_signs,0.9299272894859314,1722.54638671875,1040.972412109375,1846.1844482421875,1259.512939453125,1784.3654174804688,1150.24267578125,123.6380615234375,218.54052734375
IMG_0045.mp4,634,21.133333333333333,30.0,488,2,traffic_signs,0.8822935819625854,2003.37939453125,1639.1226806640625,2039.0965576171875,1692.5400390625,2021.2379760742188,1665.8313598632812,35.7171630859375,53.4173583984375
IMG_0045.mp4,634,21.133333333333333,30.0,376,2,traffic_signs,0.9005201458930969,1372.3970947265625,1528.1795654296875,1414.2012939453125,1587.97705078125,1393.2991943359375,1558.0783081054688,41.80419921875,59.7974853515625
IMG_0045.mp4,634,21.133333333333333,30.0,334,2,traffic_signs,0.9355125427246094,862.67919921875,1249.8441162109375,943.89599609375,1367.3695068359375,903.28759765625,1308.6068115234375,81.216796875,117.525390625
IMG_0045.mp4,634,21.133333333333333,30.0,460,2,traffic_signs,0.8540319204330444,3331.223388671875,1774.2305908203125,3364.234130859375,1821.160888671875,3347.728759765625,1797.6957397460938,33.0107421875,46.9302978515625
IMG_0045.mp4,635,21.166666666666668,30.0,222,2,traffic_signs,0.9248968362808228,3022.023193359375,1290.983642578125,3228.555419921875,1486.9456787109375,3125.289306640625,1388.9646606445312,206.5322265625,195.9620361328125
IMG_0045.mp4,635,21.166666666666668,30.0,339,2,traffic_signs,0.8147631287574768,1769.16943359375,1032.196044921875,1854.800537109375,1216.8782958984375,1811.9849853515625,1124.5371704101562,85.631103515625,184.6822509765625
IMG_0045.mp4,635,21.166666666666668,30.0,488,2,traffic_signs,0.8338636755943298,2022.7066650390625,1641.3779296875,2055.54541015625,1694.283935546875,2039.1260375976562,1667.8309326171875,32.8387451171875,52.906005859375
IMG_0045.mp4,635,21.166666666666668,30.0,376,2,traffic_signs,0.9036293625831604,1386.6483154296875,1531.4127197265625,1427.670166015625,1591.45361328125,1407.1592407226562,1561.4331665039062,41.0218505859375,60.0408935546875
IMG_0045.mp4,635,21.166666666666668,30.0,334,2,traffic_signs,0.9064902067184448,867.115966796875,1249.9244384765625,951.2313842773438,1367.8460693359375,909.1736755371094,1308.88525390625,84.11541748046875,117.921630859375
IMG_0045.mp4,635,21.166666666666668,30.0,460,2,traffic_signs,0.8511888384819031,3361.654296875,1776.6312255859375,3394.53271484375,1824.534912109375,3378.093505859375,1800.5830688476562,32.87841796875,47.9036865234375
IMG_0045.mp4,635,21.166666666666668,30.0,391,2,traffic_signs,0.8713217973709106,2613.57568359375,1702.3851318359375,2657.675537109375,1754.3045654296875,2635.6256103515625,1728.3448486328125,44.099853515625,51.91943359375
IMG_0045.mp4,636,21.2,30.0,222,2,traffic_signs,0.933559775352478,3051.626708984375,1289.0267333984375,3260.334716796875,1486.6614990234375,3155.980712890625,1387.8441162109375,208.7080078125,197.634765625
IMG_0045.mp4,636,21.2,30.0,339,2,traffic_signs,0.9417163729667664,1767.8177490234375,1026.0482177734375,1868.6348876953125,1213.455810546875,1818.226318359375,1119.7520141601562,100.817138671875,187.4075927734375
IMG_0045.mp4,636,21.2,30.0,334,2,traffic_signs,0.9254657030105591,883.2989501953125,1251.4771728515625,969.4603271484375,1367.981201171875,926.379638671875,1309.7291870117188,86.161376953125,116.5040283203125
IMG_0045.mp4,636,21.2,30.0,460,2,traffic_signs,0.8402398228645325,3394.2275390625,1779.251953125,3427.056640625,1826.7901611328125,3410.64208984375,1803.0210571289062,32.8291015625,47.5382080078125
IMG_0045.mp4,636,21.2,30.0,391,2,traffic_signs,0.8382500410079956,2638.923583984375,1707.2235107421875,2681.576171875,1756.755615234375,2660.2498779296875,1731.9895629882812,42.652587890625,49.5321044921875
IMG_0045.mp4,636,21.2,30.0,374,2,traffic_signs,0.5647446513175964,1721.0240478515625,1542.381103515625,1740.383056640625,1594.5953369140625,1730.7035522460938,1568.4882202148438,19.3590087890625,52.2142333984375
IMG_0045.mp4,637,21.233333333333334,30.0,222,2,traffic_signs,0.9401243925094604,3084.09716796875,1288.5196533203125,3297.0751953125,1486.3953857421875,3190.586181640625,1387.45751953125,212.97802734375,197.875732421875
IMG_0045.mp4,637,21.233333333333334,30.0,339,2,traffic_signs,0.9444611072540283,1760.3604736328125,1020.6470336914062,1880.01708984375,1232.3363037109375,1820.1887817382812,1126.4916687011719,119.6566162109375,211.68927001953125
IMG_0045.mp4,637,21.233333333333334,30.0,334,2,traffic_signs,0.9357441067695618,893.7626953125,1274.6949462890625,968.9651489257812,1369.14013671875,931.3639221191406,1321.9175415039062,75.20245361328125,94.4451904296875
IMG_0045.mp4,637,21.233333333333334,30.0,460,2,traffic_signs,0.8961320519447327,3430.722412109375,1784.4271240234375,3462.128173828125,1833.1444091796875,3446.42529296875,1808.7857666015625,31.40576171875,48.71728515625
IMG_0045.mp4,637,21.233333333333334,30.0,391,2,traffic_signs,0.9093942642211914,2668.09033203125,1710.98095703125,2710.05029296875,1762.7652587890625,2689.0703125,1736.8731079101562,41.9599609375,51.7843017578125
IMG_0045.mp4,637,21.233333333333334,30.0,374,2,traffic_signs,0.8291653990745544,1734.5570068359375,1544.683349609375,1759.1043701171875,1599.6021728515625,1746.8306884765625,1572.1427612304688,24.54736328125,54.9188232421875
IMG_0045.mp4,637,21.233333333333334,30.0,488,2,traffic_signs,0.8300437331199646,2068.208984375,1653.375732421875,2096.3203125,1705.017578125,2082.2646484375,1679.1966552734375,28.111328125,51.641845703125
IMG_0045.mp4,638,21.266666666666666,30.0,222,2,traffic_signs,0.9017602205276489,3117.2109375,1284.994873046875,3334.47705078125,1486.696044921875,3225.843994140625,1385.845458984375,217.26611328125,201.701171875
IMG_0045.mp4,638,21.266666666666666,30.0,339,2,traffic_signs,0.9494167566299438,1765.0394287109375,1014.9037475585938,1894.1129150390625,1237.8443603515625,1829.576171875,1126.3740539550781,129.073486328125,222.94061279296875
IMG_0045.mp4,638,21.266666666666666,30.0,460,2,traffic_signs,0.8673651218414307,3465.94580078125,1788.31494140625,3497.1826171875,1839.6788330078125,3481.564208984375,1813.9968872070312,31.23681640625,51.3638916015625
IMG_0045.mp4,638,21.266666666666666,30.0,391,2,traffic_signs,0.8877004981040955,2696.131591796875,1715.1971435546875,2737.90576171875,1767.46875,2717.0186767578125,1741.3329467773438,41.774169921875,52.2716064453125
IMG_0045.mp4,638,21.266666666666666,30.0,499,2,traffic_signs,0.524649441242218,2445.121826171875,1652.7672119140625,2478.916748046875,1713.5767822265625,2462.019287109375,1683.1719970703125,33.794921875,60.8095703125
IMG_0045.mp4,638,21.266666666666666,30.0,488,2,traffic_signs,0.5204213261604309,2091.612060546875,1656.1673583984375,2117.46142578125,1706.6029052734375,2104.5367431640625,1681.3851318359375,25.849365234375,50.435546875
IMG_0045.mp4,638,21.266666666666666,30.0,376,2,traffic_signs,0.8770095109939575,1448.339111328125,1541.367431640625,1489.3687744140625,1601.2696533203125,1468.8539428710938,1571.3185424804688,41.0296630859375,59.9022216796875
IMG_0045.mp4,639,21.3,30.0,222,2,traffic_signs,0.9504318833351135,3150.642333984375,1280.3756103515625,3370.845703125,1485.0341796875,3260.7440185546875,1382.7048950195312,220.203369140625,204.6585693359375
IMG_0045.mp4,639,21.3,30.0,339,2,traffic_signs,0.959730863571167,1776.8572998046875,1009.8858032226562,1909.9833984375,1238.5078125,1843.4203491210938,1124.1968078613281,133.1260986328125,228.62200927734375
IMG_0045.mp4,639,21.3,30.0,460,2,traffic_signs,0.8909754753112793,3502.527099609375,1791.7117919921875,3533.79150390625,1845.7542724609375,3518.1593017578125,1818.7330322265625,31.264404296875,54.04248046875
IMG_0045.mp4,639,21.3,30.0,391,2,traffic_signs,0.8938279747962952,2725.1044921875,1718.0543212890625,2767.0712890625,1771.009765625,2746.087890625,1744.5320434570312,41.966796875,52.9554443359375
IMG_0045.mp4,639,21.3,30.0,499,2,traffic_signs,0.7421668767929077,2471.08740234375,1655.00927734375,2505.763916015625,1720.659912109375,2488.4256591796875,1687.8345947265625,34.676513671875,65.650634765625
IMG_0045.mp4,639,21.3,30.0,488,2,traffic_signs,0.7468985319137573,2115.97900390625,1659.4178466796875,2141.28515625,1709.7900390625,2128.632080078125,1684.6039428710938,25.30615234375,50.3721923828125
IMG_0045.mp4,639,21.3,30.0,376,2,traffic_signs,0.8695980310440063,1472.433349609375,1545.1055908203125,1511.9205322265625,1605.3280029296875,1492.1769409179688,1575.216796875,39.4871826171875,60.222412109375
IMG_0045.mp4,640,21.333333333333332,30.0,222,2,traffic_signs,0.9400510787963867,3184.688232421875,1274.255859375,3408.60205078125,1483.4410400390625,3296.6451416015625,1378.8484497070312,223.913818359375,209.1851806640625
IMG_0045.mp4,640,21.333333333333332,30.0,339,2,traffic_signs,0.9534379243850708,1790.18994140625,1002.5179443359375,1926.2216796875,1235.34375,1858.205810546875,1118.9308471679688,136.03173828125,232.8258056640625
IMG_0045.mp4,640,21.333333333333332,30.0,460,2,traffic_signs,0.876502275466919,3538.564208984375,1794.414306640625,3569.96240234375,1849.26171875,3554.2633056640625,1821.8380126953125,31.398193359375,54.847412109375
IMG_0045.mp4,640,21.333333333333332,30.0,391,2,traffic_signs,0.889829158782959,2753.560546875,1720.3009033203125,2797.132568359375,1774.216552734375,2775.3465576171875,1747.2587280273438,43.572021484375,53.9156494140625
IMG_0045.mp4,640,21.333333333333332,30.0,488,2,traffic_signs,0.6911996006965637,2140.74365234375,1663.8426513671875,2164.921630859375,1711.5284423828125,2152.8326416015625,1687.685546875,24.177978515625,47.685791015625
IMG_0045.mp4,640,21.333333333333332,30.0,376,2,traffic_signs,0.8863837122917175,1495.88720703125,1547.6536865234375,1534.811279296875,1607.5040283203125,1515.3492431640625,1577.578857421875,38.924072265625,59.850341796875
IMG_0045.mp4,640,21.333333333333332,30.0,500,2,traffic_signs,0.8148355484008789,301.4134826660156,1143.890869140625,440.3417663574219,1294.958251953125,370.87762451171875,1219.424560546875,138.92828369140625,151.0673828125
IMG_0045.mp4,640,21.333333333333332,30.0,501,2,traffic_signs,0.5877129435539246,2430.899658203125,1752.2862548828125,2447.158203125,1786.6214599609375,2439.0289306640625,1769.453857421875,16.258544921875,34.335205078125
IMG_0045.mp4,641,21.366666666666667,30.0,222,2,traffic_signs,0.9402883648872375,3222.441650390625,1269.3009033203125,3448.16064453125,1482.7493896484375,3335.3011474609375,1376.025146484375,225.718994140625,213.448486328125
IMG_0045.mp4,641,21.366666666666667,30.0,339,2,traffic_signs,0.9518928527832031,1804.6488037109375,996.3484497070312,1943.4814453125,1232.739501953125,1874.0651245117188,1114.5439758300781,138.8326416015625,236.39105224609375
IMG_0045.mp4,641,21.366666666666667,30.0,460,2,traffic_signs,0.46246662735939026,3577.42724609375,1797.8748779296875,3608.016357421875,1852.966796875,3592.7218017578125,1825.4208374023438,30.589111328125,55.0919189453125
IMG_0045.mp4,641,21.366666666666667,30.0,391,2,traffic_signs,0.8737955093383789,2783.347412109375,1722.4957275390625,2827.0048828125,1777.777099609375,2805.1761474609375,1750.1364135742188,43.657470703125,55.2813720703125
IMG_0045.mp4,641,21.366666666666667,30.0,500,2,traffic_signs,0.8847614526748657,297.96380615234375,1133.1396484375,451.6847229003906,1295.2054443359375,374.8242645263672,1214.1725463867188,153.72091674804688,162.0657958984375
IMG_0045.mp4,641,21.366666666666667,30.0,501,2,traffic_signs,0.4842897951602936,2458.810546875,1756.773193359375,2475.92529296875,1791.1141357421875,2467.367919921875,1773.9436645507812,17.11474609375,34.3409423828125
IMG_0045.mp4,641,21.366666666666667,30.0,482,2,traffic_signs,0.7850952744483948,365.1632080078125,986.6559448242188,481.4234924316406,1128.1114501953125,423.29335021972656,1057.3836975097656,116.26028442382812,141.45550537109375
IMG_0045.mp4,641,21.366666666666667,30.0,499,2,traffic_signs,0.5715875029563904,2525.715576171875,1660.755615234375,2560.633544921875,1724.51025390625,2543.174560546875,1692.6329345703125,34.91796875,63.754638671875
IMG_0045.mp4,642,21.4,30.0,222,2,traffic_signs,0.9450357556343079,3260.235107421875,1266.4129638671875,3490.7783203125,1482.4183349609375,3375.5067138671875,1374.4156494140625,230.543212890625,216.00537109375
IMG_0045.mp4,642,21.4,30.0,460,2,traffic_signs,0.4564235210418701,3617.887939453125,1802.06884765625,3648.4833984375,1857.1641845703125,3633.1856689453125,1829.6165161132812,30.595458984375,55.0953369140625
IMG_0045.mp4,642,21.4,30.0,391,2,traffic_signs,0.897581934928894,2815.394775390625,1726.9771728515625,2859.013671875,1781.814208984375,2837.2042236328125,1754.3956909179688,43.618896484375,54.8370361328125
IMG_0045.mp4,642,21.4,30.0,500,2,traffic_signs,0.890886127948761,306.75189208984375,1132.3619384765625,467.5216979980469,1296.8822021484375,387.1367950439453,1214.6220703125,160.76980590820312,164.520263671875
IMG_0045.mp4,642,21.4,30.0,503,2,traffic_signs,0.7531841397285461,1856.47265625,1562.794189453125,1881.480712890625,1616.47119140625,1868.9766845703125,1589.6326904296875,25.008056640625,53.677001953125
IMG_0045.mp4,642,21.4,30.0,482,2,traffic_signs,0.6700445413589478,361.366943359375,986.1497192382812,494.1037292480469,1124.7919921875,427.73533630371094,1055.4708557128906,132.73678588867188,138.64227294921875
IMG_0045.mp4,643,21.433333333333334,30.0,222,2,traffic_signs,0.9179102182388306,3300.06005859375,1261.77783203125,3535.00537109375,1481.7437744140625,3417.53271484375,1371.7608032226562,234.9453125,219.9659423828125
IMG_0045.mp4,643,21.433333333333334,30.0,460,2,traffic_signs,0.8068270087242126,3657.663330078125,1806.1263427734375,3691.274169921875,1863.0390625,3674.46875,1834.5827026367188,33.61083984375,56.9127197265625
IMG_0045.mp4,643,21.433333333333334,30.0,391,2,traffic_signs,0.9066317081451416,2847.531494140625,1730.6409912109375,2892.842529296875,1786.8936767578125,2870.18701171875,1758.767333984375,45.31103515625,56.252685546875
IMG_0045.mp4,643,21.433333333333334,30.0,500,2,traffic_signs,0.5373134613037109,319.53057861328125,1130.7838134765625,483.20086669921875,1297.0423583984375,401.36572265625,1213.9130859375,163.6702880859375,166.258544921875
IMG_0045.mp4,643,21.433333333333334,30.0,503,2,traffic_signs,0.6790043115615845,1883.4771728515625,1568.6689453125,1908.144775390625,1621.154052734375,1895.8109741210938,1594.9114990234375,24.6676025390625,52.485107421875
IMG_0045.mp4,643,21.433333333333334,30.0,482,2,traffic_signs,0.6022738218307495,368.4997253417969,987.6854248046875,506.4147033691406,1126.0428466796875,437.45721435546875,1056.8641357421875,137.91497802734375,138.357421875
IMG_0045.mp4,643,21.433333333333334,30.0,507,2,traffic_signs,0.9197506904602051,1022.9046630859375,1260.0098876953125,1096.64013671875,1359.2469482421875,1059.7723999023438,1309.62841796875,73.7354736328125,99.237060546875
IMG_0045.mp4,643,21.433333333333334,30.0,376,2,traffic_signs,0.8777800798416138,1572.3642578125,1560.00830078125,1607.2593994140625,1620.2689208984375,1589.8118286132812,1590.1386108398438,34.8951416015625,60.2606201171875
IMG_0045.mp4,644,21.466666666666665,30.0,222,2,traffic_signs,0.913781464099884,3345.32373046875,1258.9071044921875,3586.688720703125,1480.724365234375,3466.0062255859375,1369.8157348632812,241.364990234375,221.8172607421875
IMG_0045.mp4,644,21.466666666666665,30.0,460,2,traffic_signs,0.831541895866394,3705.405517578125,1810.9769287109375,3740.011962890625,1869.5257568359375,3722.708740234375,1840.2513427734375,34.6064453125,58.548828125
IMG_0045.mp4,644,21.466666666666665,30.0,500,2,traffic_signs,0.8337813019752502,333.65093994140625,1137.05078125,497.8633117675781,1301.24658203125,415.7571258544922,1219.148681640625,164.21237182617188,164.19580078125
IMG_0045.mp4,644,21.466666666666665,30.0,503,2,traffic_signs,0.8256834745407104,1909.5728759765625,1575.6080322265625,1939.5089111328125,1631.3515625,1924.5408935546875,1603.4797973632812,29.93603515625,55.7435302734375
IMG_0045.mp4,644,21.466666666666665,30.0,507,2,traffic_signs,0.9174094796180725,1039.6368408203125,1266.2882080078125,1115.59521484375,1367.593994140625,1077.6160278320312,1316.9411010742188,75.9583740234375,101.3057861328125
IMG_0045.mp4,644,21.466666666666665,30.0,376,2,traffic_signs,0.8783591985702515,1600.776123046875,1564.25830078125,1636.545166015625,1626.91162109375,1618.66064453125,1595.5849609375,35.76904296875,62.6533203125
IMG_0045.mp4,644,21.466666666666665,30.0,339,2,traffic_signs,0.9409823417663574,1858.9698486328125,978.6825561523438,2003.6981201171875,1222.7073974609375,1931.333984375,1100.6949768066406,144.728271484375,244.02484130859375
IMG_0045.mp4,645,21.5,30.0,222,2,traffic_signs,0.9111241698265076,3394.68798828125,1253.224853515625,3643.72509765625,1480.5198974609375,3519.20654296875,1366.8723754882812,249.037109375,227.2950439453125
IMG_0045.mp4,645,21.5,30.0,500,2,traffic_signs,0.893707275390625,344.9397277832031,1136.9630126953125,509.6538391113281,1303.9405517578125,427.2967834472656,1220.4517822265625,164.714111328125,166.9775390625
IMG_0045.mp4,645,21.5,30.0,503,2,traffic_signs,0.8336058855056763,1937.1868896484375,1583.889404296875,1969.1715087890625,1635.5208740234375,1953.17919921875,1609.7051391601562,31.984619140625,51.6314697265625
IMG_0045.mp4,645,21.5,30.0,507,2,traffic_signs,0.9237938523292542,1054.72607421875,1267.5242919921875,1133.1671142578125,1377.1533203125,1093.9465942382812,1322.3388061523438,78.4410400390625,109.6290283203125
IMG_0045.mp4,645,21.5,30.0,376,2,traffic_signs,0.8329257965087891,1626.9708251953125,1568.884521484375,1663.7613525390625,1632.98388671875,1645.3660888671875,1600.9342041015625,36.79052734375,64.099365234375
IMG_0045.mp4,645,21.5,30.0,339,2,traffic_signs,0.9282766580581665,1881.070068359375,973.8199462890625,2026.8515625,1218.172119140625,1953.9608154296875,1095.9960327148438,145.781494140625,244.3521728515625
IMG_0045.mp4,646,21.533333333333335,30.0,222,2,traffic_signs,0.9335820078849792,3436.884765625,1247.6812744140625,3693.470703125,1482.00048828125,3565.177734375,1364.8408813476562,256.5859375,234.3192138671875
IMG_0045.mp4,646,21.533333333333335,30.0,500,2,traffic_signs,0.9246906042098999,358.2962951660156,1136.1929931640625,525.0488891601562,1306.7254638671875,441.67259216308594,1221.459228515625,166.75259399414062,170.532470703125
IMG_0045.mp4,646,21.533333333333335,30.0,503,2,traffic_signs,0.8464621305465698,1966.0498046875,1588.4969482421875,1998.26708984375,1639.132568359375,1982.158447265625,1613.8147583007812,32.21728515625,50.6356201171875
IMG_0045.mp4,646,21.533333333333335,30.0,507,2,traffic_signs,0.9256385564804077,1072.936767578125,1271.7803955078125,1153.2677001953125,1385.088623046875,1113.1022338867188,1328.4345092773438,80.3309326171875,113.3082275390625
IMG_0045.mp4,646,21.533333333333335,30.0,376,2,traffic_signs,0.8147839903831482,1654.005859375,1575.41064453125,1690.94921875,1638.0428466796875,1672.4775390625,1606.7267456054688,36.943359375,62.6322021484375
IMG_0045.mp4,646,21.533333333333335,30.0,339,2,traffic_signs,0.9313139915466309,1901.48583984375,968.7615356445312,2047.3465576171875,1214.85009765625,1974.4161987304688,1091.8058166503906,145.8607177734375,246.08856201171875
IMG_0045.mp4,646,21.533333333333335,30.0,391,2,traffic_signs,0.554731011390686,2955.637451171875,1750.5601806640625,3006.659423828125,1807.2728271484375,2981.1484375,1778.91650390625,51.02197265625,56.712646484375
IMG_0045.mp4,647,21.566666666666666,30.0,222,2,traffic_signs,0.9568302035331726,3483.384033203125,1241.1717529296875,3745.400634765625,1479.3895263671875,3614.392333984375,1360.2806396484375,262.0166015625,238.2177734375
IMG_0045.mp4,647,21.566666666666666,30.0,500,2,traffic_signs,0.9253525733947754,375.6929931640625,1138.133544921875,542.5460815429688,1310.8389892578125,459.1195373535156,1224.4862670898438,166.85308837890625,172.7054443359375
IMG_0045.mp4,647,21.566666666666666,30.0,503,2,traffic_signs,0.8638919591903687,1994.67578125,1589.899658203125,2028.3660888671875,1642.3704833984375,2011.5209350585938,1616.1350708007812,33.6903076171875,52.4708251953125
IMG_0045.mp4,647,21.566666666666666,30.0,507,2,traffic_signs,0.9236090183258057,1094.152099609375,1273.9102783203125,1175.017578125,1390.90869140625,1134.5848388671875,1332.4094848632812,80.865478515625,116.9984130859375
IMG_0045.mp4,647,21.566666666666666,30.0,376,2,traffic_signs,0.8380377888679504,1682.8553466796875,1579.9189453125,1717.6890869140625,1642.445068359375,1700.272216796875,1611.1820068359375,34.833740234375,62.526123046875
IMG_0045.mp4,647,21.566666666666666,30.0,339,2,traffic_signs,0.9475334882736206,1922.6109619140625,960.6838989257812,2070.385986328125,1209.757568359375,1996.4984741210938,1085.2207336425781,147.7750244140625,249.07366943359375
IMG_0045.mp4,647,21.566666666666666,30.0,391,2,traffic_signs,0.8414297103881836,2990.169921875,1754.8590087890625,3043.159912109375,1810.5665283203125,3016.6649169921875,1782.7127685546875,52.989990234375,55.70751953125
IMG_0045.mp4,648,21.6,30.0,222,2,traffic_signs,0.9582036137580872,3527.994384765625,1236.609375,3796.12646484375,1475.5384521484375,3662.0604248046875,1356.0739135742188,268.132080078125,238.9290771484375
IMG_0045.mp4,648,21.6,30.0,500,2,traffic_signs,0.9092780947685242,394.1102600097656,1138.7899169921875,562.1177978515625,1312.203857421875,478.11402893066406,1225.4968872070312,168.00753784179688,173.4139404296875
IMG_0045.mp4,648,21.6,30.0,503,2,traffic_signs,0.8601364493370056,2024.911376953125,1591.7650146484375,2057.235107421875,1645.7735595703125,2041.0732421875,1618.769287109375,32.32373046875,54.008544921875
IMG_0045.mp4,648,21.6,30.0,507,2,traffic_signs,0.9298405051231384,1118.1629638671875,1277.6781005859375,1198.6143798828125,1394.735595703125,1158.388671875,1336.2068481445312,80.451416015625,117.0574951171875
IMG_0045.mp4,648,21.6,30.0,376,2,traffic_signs,0.7999046444892883,1710.4766845703125,1582.6962890625,1746.205078125,1644.4698486328125,1728.3408813476562,1613.5830688476562,35.7283935546875,61.7735595703125
IMG_0045.mp4,648,21.6,30.0,339,2,traffic_signs,0.8172730207443237,1942.88916015625,951.4116821289062,2094.076416015625,1205.137939453125,2018.4827880859375,1078.2748107910156,151.187255859375,253.72625732421875
IMG_0045.mp4,648,21.6,30.0,391,2,traffic_signs,0.8457918763160706,3024.40673828125,1755.363037109375,3079.315673828125,1813.6337890625,3051.8612060546875,1784.4984130859375,54.908935546875,58.270751953125
IMG_0045.mp4,648,21.6,30.0,513,2,traffic_signs,0.6394839286804199,2397.963623046875,1703.5484619140625,2426.17578125,1753.4998779296875,2412.0697021484375,1728.524169921875,28.212158203125,49.951416015625
IMG_0045.mp4,649,21.633333333333333,30.0,222,2,traffic_signs,0.9604344367980957,3575.486083984375,1232.5924072265625,3838.834716796875,1472.911865234375,3707.160400390625,1352.7521362304688,263.3486328125,240.3194580078125
IMG_0045.mp4,649,21.633333333333333,30.0,500,2,traffic_signs,0.9128226041793823,415.7599182128906,1140.8060302734375,582.0142211914062,1310.9246826171875,498.88706970214844,1225.8653564453125,166.25430297851562,170.11865234375
IMG_0045.mp4,649,21.633333333333333,30.0,503,2,traffic_signs,0.8632273077964783,2053.47998046875,1594.5069580078125,2084.9326171875,1651.237060546875,2069.206298828125,1622.8720092773438,31.45263671875,56.7301025390625
IMG_0045.mp4,649,21.633333333333333,30.0,507,2,traffic_signs,0.929198682308197,1142.7890625,1278.2022705078125,1222.69921875,1395.7308349609375,1182.744140625,1336.966552734375,79.91015625,117.528564453125
IMG_0045.mp4,649,21.633333333333333,30.0,376,2,traffic_signs,0.9030085206031799,1739.1319580078125,1583.8165283203125,1775.6173095703125,1646.8116455078125,1757.3746337890625,1615.3140869140625,36.4853515625,62.9951171875
IMG_0045.mp4,649,21.633333333333333,30.0,339,2,traffic_signs,0.9541960954666138,1964.7091064453125,942.54833984375,2117.839599609375,1200.8243408203125,2041.2743530273438,1071.6863403320312,153.1304931640625,258.2760009765625
IMG_0045.mp4,649,21.633333333333333,30.0,391,2,traffic_signs,0.9131635427474976,3058.402099609375,1757.057861328125,3114.233154296875,1814.7752685546875,3086.317626953125,1785.9165649414062,55.8310546875,57.7174072265625
IMG_0045.mp4,649,21.633333333333333,30.0,513,2,traffic_signs,0.46471935510635376,2429.171630859375,1704.5390625,2455.072021484375,1756.2080078125,2442.121826171875,1730.37353515625,25.900390625,51.6689453125
IMG_0045.mp4,650,21.666666666666668,30.0,222,2,traffic_signs,0.9483500719070435,3622.685546875,1224.6304931640625,3840.0,1468.9541015625,3731.3427734375,1346.7922973632812,217.314453125,244.3236083984375
IMG_0045.mp4,650,21.666666666666668,30.0,500,2,traffic_signs,0.914289116859436,442.2362365722656,1141.7037353515625,607.4064331054688,1311.6336669921875,524.8213348388672,1226.668701171875,165.17019653320312,169.929931640625
IMG_0045.mp4,650,21.666666666666668,30.0,503,2,traffic_signs,0.8726089596748352,2087.63525390625,1595.57958984375,2116.3828125,1654.0919189453125,2102.009033203125,1624.8357543945312,28.74755859375,58.5123291015625
IMG_0045.mp4,650,21.666666666666668,30.0,507,2,traffic_signs,0.9385349154472351,1175.4150390625,1279.861083984375,1253.2418212890625,1396.900390625,1214.3284301757812,1338.3807373046875,77.8267822265625,117.039306640625
IMG_0045.mp4,650,21.666666666666668,30.0,376,2,traffic_signs,0.8975364565849304,1772.194091796875,1585.10009765625,1807.1939697265625,1648.29296875,1789.6940307617188,1616.696533203125,34.9998779296875,63.19287109375
IMG_0045.mp4,650,21.666666666666668,30.0,339,2,traffic_signs,0.9535094499588013,1988.6068115234375,932.6773071289062,2145.613525390625,1196.9525146484375,2067.1101684570312,1064.8149108886719,157.0067138671875,264.27520751953125
IMG_0045.mp4,650,21.666666666666668,30.0,391,2,traffic_signs,0.9233793616294861,3094.63720703125,1757.6531982421875,3149.55029296875,1815.7847900390625,3122.09375,1786.718994140625,54.9130859375,58.131591796875
IMG_0045.mp4,650,21.666666666666668,30.0,513,2,traffic_signs,0.805854320526123,2461.7236328125,1706.2530517578125,2487.117919921875,1757.725341796875,2474.4207763671875,1731.9891967773438,25.394287109375,51.4722900390625
IMG_0045.mp4,651,21.7,30.0,222,2,traffic_signs,0.9295393228530884,3675.72802734375,1218.4022216796875,3840.0,1468.51708984375,3757.864013671875,1343.4596557617188,164.27197265625,250.1148681640625
IMG_0045.mp4,651,21.7,30.0,500,2,traffic_signs,0.5515534281730652,507.5408630371094,1167.683837890625,630.3458251953125,1309.9237060546875,568.9433441162109,1238.8037719726562,122.80496215820312,142.2398681640625
IMG_0045.mp4,651,21.7,30.0,503,2,traffic_signs,0.8826457858085632,2118.978759765625,1598.223876953125,2145.7001953125,1657.108642578125,2132.3394775390625,1627.666259765625,26.721435546875,58.884765625
IMG_0045.mp4,651,21.7,30.0,507,2,traffic_signs,0.93454909324646,1201.0076904296875,1280.532470703125,1279.849609375,1398.244873046875,1240.4286499023438,1339.388671875,78.8419189453125,117.71240234375
IMG_0045.mp4,651,21.7,30.0,376,2,traffic_signs,0.9015367031097412,1801.6534423828125,1588.6341552734375,1835.1912841796875,1651.579833984375,1818.42236328125,1620.1069946289062,33.537841796875,62.9456787109375
IMG_0045.mp4,651,21.7,30.0,339,2,traffic_signs,0.9483548998832703,2011.6781005859375,924.1807861328125,2171.873291015625,1194.287353515625,2091.7756958007812,1059.2340698242188,160.1951904296875,270.1065673828125
IMG_0045.mp4,651,21.7,30.0,391,2,traffic_signs,0.9121580123901367,3130.43798828125,1761.83056640625,3185.85498046875,1818.8861083984375,3158.146484375,1790.3583374023438,55.4169921875,57.0555419921875
IMG_0045.mp4,651,21.7,30.0,513,2,traffic_signs,0.8442782759666443,2494.43310546875,1708.7794189453125,2519.323974609375,1761.071044921875,2506.8785400390625,1734.9252319335938,24.890869140625,52.2916259765625
IMG_0045.mp4,652,21.733333333333334,30.0,222,2,traffic_signs,0.9285587668418884,3730.134521484375,1216.0623779296875,3840.0,1460.63232421875,3785.0672607421875,1338.3473510742188,109.865478515625,244.5699462890625
IMG_0045.mp4,652,21.733333333333334,30.0,500,2,traffic_signs,0.9106627106666565,495.56292724609375,1151.078857421875,651.5416259765625,1310.4931640625,573.5522766113281,1230.7860107421875,155.97869873046875,159.414306640625
IMG_0045.mp4,652,21.733333333333334,30.0,503,2,traffic_signs,0.8526325225830078,2151.86767578125,1604.659912109375,2179.12890625,1661.35302734375,2165.498291015625,1633.0064697265625,27.26123046875,56.693115234375
IMG_0045.mp4,652,21.733333333333334,30.0,376,2,traffic_signs,0.909372866153717,1832.46630859375,1592.827880859375,1869.272216796875,1654.366943359375,1850.8692626953125,1623.597412109375,36.805908203125,61.5390625
IMG_0045.mp4,652,21.733333333333334,30.0,339,2,traffic_signs,0.9097880721092224,2040.929931640625,974.45947265625,2200.808349609375,1190.1298828125,2120.869140625,1082.294677734375,159.87841796875,215.67041015625
IMG_0045.mp4,652,21.733333333333334,30.0,391,2,traffic_signs,0.9085288643836975,3170.73681640625,1767.98876953125,3227.69580078125,1823.406494140625,3199.21630859375,1795.6976318359375,56.958984375,55.417724609375
IMG_0045.mp4,652,21.733333333333334,30.0,513,2,traffic_signs,0.756614625453949,2528.6123046875,1713.3980712890625,2554.459228515625,1766.21875,2541.5357666015625,1739.8084106445312,25.846923828125,52.8206787109375
IMG_0045.mp4,652,21.733333333333334,30.0,482,2,traffic_signs,0.902619481086731,537.7157592773438,988.4578857421875,684.5149536132812,1138.521728515625,611.1153564453125,1063.4898071289062,146.7991943359375,150.0638427734375
IMG_0045.mp4,653,21.766666666666666,30.0,222,2,traffic_signs,0.8344088792800903,3783.16845703125,1227.394287109375,3840.0,1415.4075927734375,3811.584228515625,1321.4009399414062,56.83154296875,188.0133056640625
IMG_0045.mp4,653,21.766666666666666,30.0,500,2,traffic_signs,0.8344988822937012,517.8163452148438,1148.1053466796875,683.9208984375,1312.125244140625,600.8686218261719,1230.1152954101562,166.10455322265625,164.0198974609375
IMG_0045.mp4,653,21.766666666666666,30.0,339,2,traffic_signs,0.9577147364616394,2066.751220703125,927.1526489257812,2232.330078125,1185.3607177734375,2149.5406494140625,1056.2566833496094,165.578857421875,258.20806884765625
IMG_0045.mp4,653,21.766666666666666,30.0,391,2,traffic_signs,0.6485447883605957,3212.181396484375,1770.8082275390625,3269.684814453125,1825.0384521484375,3240.93310546875,1797.92333984375,57.50341796875,54.230224609375
IMG_0045.mp4,653,21.766666666666666,30.0,482,2,traffic_signs,0.36052951216697693,562.62939453125,988.0610961914062,713.5785522460938,1142.718017578125,638.1039733886719,1065.3895568847656,150.94915771484375,154.65692138671875
IMG_0045.mp4,653,21.766666666666666,30.0,507,2,traffic_signs,0.629530668258667,1256.3714599609375,1284.2015380859375,1338.4022216796875,1405.762939453125,1297.3868408203125,1344.9822387695312,82.03076171875,121.5614013671875
IMG_0045.mp4,654,21.8,30.0,500,2,traffic_signs,0.8973307609558105,538.0700073242188,1149.4222412109375,706.5331420898438,1316.551513671875,622.3015747070312,1232.9868774414062,168.463134765625,167.1292724609375
IMG_0045.mp4,654,21.8,30.0,339,2,traffic_signs,0.9595389366149902,2093.731689453125,909.4686889648438,2263.702392578125,1182.409912109375,2178.717041015625,1045.9393005371094,169.970703125,272.94122314453125
IMG_0045.mp4,654,21.8,30.0,482,2,traffic_signs,0.8347337245941162,585.4075317382812,989.6177978515625,736.8497314453125,1145.2547607421875,661.1286315917969,1067.436279296875,151.44219970703125,155.636962890625
IMG_0045.mp4,654,21.8,30.0,507,2,traffic_signs,0.9276402592658997,1286.4610595703125,1287.3486328125,1367.978759765625,1411.1446533203125,1327.2199096679688,1349.2466430664062,81.5177001953125,123.7960205078125
IMG_0045.mp4,654,21.8,30.0,374,2,traffic_signs,0.8729305863380432,2220.158203125,1611.53466796875,2246.471435546875,1670.0968017578125,2233.3148193359375,1640.8157348632812,26.313232421875,58.5621337890625
IMG_0045.mp4,654,21.8,30.0,488,2,traffic_signs,0.7305131554603577,2604.0888671875,1725.18798828125,2628.882080078125,1773.399169921875,2616.4854736328125,1749.2935791015625,24.793212890625,48.211181640625
IMG_0045.mp4,655,21.833333333333332,30.0,500,2,traffic_signs,0.8821014165878296,551.2906494140625,1148.2398681640625,723.3173217773438,1318.176513671875,637.3039855957031,1233.2081909179688,172.02667236328125,169.9366455078125
IMG_0045.mp4,655,21.833333333333332,30.0,339,2,traffic_signs,0.9591075778007507,2120.3515625,895.4039306640625,2293.151611328125,1176.336181640625,2206.7515869140625,1035.8700561523438,172.800048828125,280.9322509765625
IMG_0045.mp4,655,21.833333333333332,30.0,482,2,traffic_signs,0.7916611433029175,602.5594482421875,989.2049560546875,754.5626220703125,1145.93798828125,678.56103515625,1067.5714721679688,152.003173828125,156.7330322265625
IMG_0045.mp4,655,21.833333333333332,30.0,507,2,traffic_signs,0.9369562864303589,1310.20166015625,1290.502685546875,1392.2333984375,1415.078369140625,1351.217529296875,1352.79052734375,82.03173828125,124.57568359375
IMG_0045.mp4,655,21.833333333333332,30.0,521,2,traffic_signs,0.908661425113678,1931.9114990234375,1607.60205078125,1967.797607421875,1670.107666015625,1949.8545532226562,1638.8548583984375,35.8861083984375,62.505615234375
IMG_0045.mp4,655,21.833333333333332,30.0,374,2,traffic_signs,0.8457155227661133,2256.04052734375,1617.2645263671875,2282.49658203125,1679.7513427734375,2269.2685546875,1648.5079345703125,26.4560546875,62.48681640625
IMG_0045.mp4,655,21.833333333333332,30.0,488,2,traffic_signs,0.8521531224250793,2641.36669921875,1731.5369873046875,2668.699951171875,1781.8048095703125,2655.0333251953125,1756.6708984375,27.333251953125,50.267822265625
IMG_0045.mp4,655,21.833333333333332,30.0,391,2,traffic_signs,0.8306336998939514,3300.120361328125,1781.9112548828125,3363.325439453125,1838.2642822265625,3331.722900390625,1810.0877685546875,63.205078125,56.35302734375
IMG_0045.mp4,656,21.866666666666667,30.0,500,2,traffic_signs,0.9131665229797363,580.297607421875,1149.6373291015625,752.54931640625,1321.00390625,666.4234619140625,1235.3206176757812,172.251708984375,171.3665771484375
IMG_0045.mp4,656,21.866666666666667,30.0,339,2,traffic_signs,0.955222487449646,2149.64892578125,883.5782470703125,2325.1494140625,1172.085693359375,2237.399169921875,1027.8319702148438,175.50048828125,288.5074462890625
IMG_0045.mp4,656,21.866666666666667,30.0,482,2,traffic_signs,0.8959404230117798,633.5305786132812,990.2192993164062,785.4906616210938,1147.5,709.5106201171875,1068.8596496582031,151.9600830078125,157.28070068359375
IMG_0045.mp4,656,21.866666666666667,30.0,507,2,traffic_signs,0.9337428212165833,1343.8992919921875,1292.7510986328125,1424.9163818359375,1416.709716796875,1384.4078369140625,1354.7304077148438,81.01708984375,123.9586181640625
IMG_0045.mp4,656,21.866666666666667,30.0,521,2,traffic_signs,0.8948790431022644,1968.690185546875,1609.6824951171875,2002.05126953125,1673.251220703125,1985.3707275390625,1641.4668579101562,33.361083984375,63.5687255859375
IMG_0045.mp4,656,21.866666666666667,30.0,374,2,traffic_signs,0.8609464764595032,2293.57080078125,1620.107421875,2320.3310546875,1681.880859375,2306.950927734375,1650.994140625,26.76025390625,61.7734375
IMG_0045.mp4,656,21.866666666666667,30.0,488,2,traffic_signs,0.8452910780906677,2682.657958984375,1732.8533935546875,2707.73486328125,1784.9788818359375,2695.1964111328125,1758.9161376953125,25.076904296875,52.12548828125
IMG_0045.mp4,656,21.866666666666667,30.0,391,2,traffic_signs,0.9086125493049622,3341.4951171875,1781.342529296875,3406.556640625,1841.91748046875,3374.02587890625,1811.6300048828125,65.0615234375,60.574951171875
IMG_0045.mp4,657,21.9,30.0,500,2,traffic_signs,0.6848984956741333,604.9931640625,1149.0372314453125,777.6865844726562,1321.8292236328125,691.3398742675781,1235.4332275390625,172.69342041015625,172.7919921875
IMG_0045.mp4,657,21.9,30.0,339,2,traffic_signs,0.9619765877723694,2176.910888671875,873.2738037109375,2357.136962890625,1167.8101806640625,2267.02392578125,1020.5419921875,180.22607421875,294.536376953125
IMG_0045.mp4,657,21.9,30.0,482,2,traffic_signs,0.7799142003059387,655.3330688476562,989.9981689453125,810.0872802734375,1147.8680419921875,732.7101745605469,1068.93310546875,154.75421142578125,157.869873046875
IMG_0045.mp4,657,21.9,30.0,507,2,traffic_signs,0.7293230891227722,1371.879638671875,1294.465576171875,1455.562744140625,1418.4935302734375,1413.72119140625,1356.4795532226562,83.68310546875,124.0279541015625
IMG_0045.mp4,657,21.9,30.0,521,2,traffic_signs,0.9095709323883057,1999.9710693359375,1612.1427001953125,2036.3292236328125,1675.9844970703125,2018.150146484375,1644.0635986328125,36.358154296875,63.841796875
IMG_0045.mp4,657,21.9,30.0,374,2,traffic_signs,0.8621477484703064,2328.334228515625,1624.571533203125,2354.8125,1682.6983642578125,2341.5733642578125,1653.6349487304688,26.478271484375,58.1268310546875
IMG_0045.mp4,657,21.9,30.0,488,2,traffic_signs,0.8162015676498413,2720.232177734375,1736.861572265625,2744.674560546875,1786.7598876953125,2732.453369140625,1761.8107299804688,24.4423828125,49.8983154296875
IMG_0045.mp4,657,21.9,30.0,391,2,traffic_signs,0.9194856286048889,3384.4345703125,1784.492431640625,3452.957275390625,1845.2691650390625,3418.6959228515625,1814.8807983398438,68.522705078125,60.7767333984375
IMG_0045.mp4,657,21.9,30.0,523,2,traffic_signs,0.8628396391868591,3096.472412109375,1714.2247314453125,3133.80615234375,1789.9940185546875,3115.1392822265625,1752.109375,37.333740234375,75.769287109375
IMG_0045.mp4,658,21.933333333333334,30.0,500,2,traffic_signs,0.9105828404426575,626.3675537109375,1147.8153076171875,799.029052734375,1324.525146484375,712.6983032226562,1236.1702270507812,172.6614990234375,176.7098388671875
IMG_0045.mp4,658,21.933333333333334,30.0,339,2,traffic_signs,0.9512337446212769,2206.8583984375,860.7948608398438,2391.365234375,1159.9827880859375,2299.11181640625,1010.3888244628906,184.5068359375,299.18792724609375
IMG_0045.mp4,658,21.933333333333334,30.0,482,2,traffic_signs,0.431429386138916,675.3582763671875,990.1182861328125,830.6726684570312,1147.145751953125,753.0154724121094,1068.6320190429688,155.31439208984375,157.0274658203125
IMG_0045.mp4,658,21.933333333333334,30.0,507,2,traffic_signs,0.9226216673851013,1399.122314453125,1296.8148193359375,1482.8592529296875,1420.8076171875,1440.9907836914062,1358.8112182617188,83.7369384765625,123.9927978515625
IMG_0045.mp4,658,21.933333333333334,30.0,521,2,traffic_signs,0.8985273241996765,2035.313720703125,1617.611083984375,2070.36376953125,1679.703369140625,2052.8387451171875,1648.6572265625,35.050048828125,62.09228515625
IMG_0045.mp4,658,21.933333333333334,30.0,374,2,traffic_signs,0.39306721091270447,2364.7509765625,1629.915283203125,2390.82958984375,1686.0023193359375,2377.790283203125,1657.9588012695312,26.07861328125,56.0870361328125
IMG_0045.mp4,658,21.933333333333334,30.0,488,2,traffic_signs,0.8447249531745911,2762.167724609375,1742.5755615234375,2785.3740234375,1791.8038330078125,2773.7708740234375,1767.189697265625,23.206298828125,49.228271484375
IMG_0045.mp4,658,21.933333333333334,30.0,391,2,traffic_signs,0.7479313015937805,3434.09375,1791.8619384765625,3503.7958984375,1853.3795166015625,3468.94482421875,1822.6207275390625,69.7021484375,61.517578125
IMG_0045.mp4,658,21.933333333333334,30.0,523,2,traffic_signs,0.899531900882721,3140.61865234375,1719.1124267578125,3177.6396484375,1799.19580078125,3159.129150390625,1759.1541137695312,37.02099609375,80.0833740234375
IMG_0045.mp4,659,21.966666666666665,30.0,500,2,traffic_signs,0.9307296872138977,656.0023193359375,1153.6026611328125,828.8787841796875,1328.7918701171875,742.4405517578125,1241.197265625,172.87646484375,175.189208984375
IMG_0045.mp4,659,21.966666666666665,30.0,339,2,traffic_signs,0.9591916799545288,2238.25634765625,852.5595092773438,2427.09326171875,1154.899169921875,2332.6748046875,1003.7293395996094,188.8369140625,302.33966064453125
IMG_0045.mp4,659,21.966666666666665,30.0,482,2,traffic_signs,0.8779839277267456,702.4429931640625,993.69580078125,859.0704345703125,1149.43603515625,780.7567138671875,1071.56591796875,156.62744140625,155.740234375
IMG_0045.mp4,659,21.966666666666665,30.0,507,2,traffic_signs,0.9159951210021973,1431.433837890625,1298.9945068359375,1515.7310791015625,1423.022216796875,1473.5824584960938,1361.0083618164062,84.2972412109375,124.0277099609375
IMG_0045.mp4,659,21.966666666666665,30.0,521,2,traffic_signs,0.862525224685669,2072.000732421875,1622.62939453125,2106.76708984375,1683.8251953125,2089.3839111328125,1653.227294921875,34.766357421875,61.19580078125
IMG_0045.mp4,659,21.966666666666665,30.0,374,2,traffic_signs,0.8908184170722961,2402.613525390625,1633.0089111328125,2429.407958984375,1688.1805419921875,2416.0107421875,1660.5947265625,26.79443359375,55.171630859375
IMG_0045.mp4,659,21.966666666666665,30.0,488,2,traffic_signs,0.8630462884902954,2804.8359375,1746.91748046875,2826.1435546875,1797.3270263671875,2815.48974609375,1772.1222534179688,21.3076171875,50.4095458984375
IMG_0045.mp4,659,21.966666666666665,30.0,391,2,traffic_signs,0.8681908845901489,3481.90380859375,1805.9012451171875,3550.597412109375,1858.1165771484375,3516.2506103515625,1832.0089111328125,68.693603515625,52.21533203125
IMG_0045.mp4,659,21.966666666666665,30.0,523,2,traffic_signs,0.43912404775619507,3183.900390625,1725.1663818359375,3222.945556640625,1799.1890869140625,3203.4229736328125,1762.177734375,39.045166015625,74.022705078125
IMG_0045.mp4,660,22.0,30.0,500,2,traffic_signs,0.8956498503684998,683.1015014648438,1152.0018310546875,857.117431640625,1330.677734375,770.1094665527344,1241.3397827148438,174.01593017578125,178.6759033203125
IMG_0045.mp4,660,22.0,30.0,339,2,traffic_signs,0.9611726999282837,2272.524169921875,841.8912353515625,2464.99609375,1149.72216796875,2368.7601318359375,995.8067016601562,192.471923828125,307.8309326171875
IMG_0045.mp4,660,22.0,30.0,482,2,traffic_signs,0.8695675730705261,729.951416015625,993.0286865234375,887.09814453125,1150.3199462890625,808.5247802734375,1071.67431640625,157.146728515625,157.291259765625
IMG_0045.mp4,660,22.0,30.0,507,2,traffic_signs,0.9192930459976196,1463.552001953125,1301.4981689453125,1548.5250244140625,1425.8648681640625,1506.0385131835938,1363.6815185546875,84.9730224609375,124.36669921875
IMG_0045.mp4,660,22.0,30.0,521,2,traffic_signs,0.8971394300460815,2108.05419921875,1626.553955078125,2143.441650390625,1689.4442138671875,2125.7479248046875,1657.9990844726562,35.387451171875,62.8902587890625
IMG_0045.mp4,660,22.0,30.0,374,2,traffic_signs,0.875433087348938,2441.595947265625,1638.0096435546875,2468.53271484375,1692.81640625,2455.0643310546875,1665.4130249023438,26.936767578125,54.8067626953125
IMG_0045.mp4,660,22.0,30.0,488,2,traffic_signs,0.7684029340744019,2847.36767578125,1752.3270263671875,2868.72119140625,1801.1058349609375,2858.04443359375,1776.7164306640625,21.353515625,48.77880859375
IMG_0045.mp4,660,22.0,30.0,391,2,traffic_signs,0.8967807292938232,3530.79931640625,1809.55224609375,3601.306396484375,1863.1214599609375,3566.0528564453125,1836.3368530273438,70.507080078125,53.5692138671875
IMG_0045.mp4,660,22.0,30.0,529,2,traffic_signs,0.6197124719619751,3148.931884765625,1847.5020751953125,3167.687255859375,1882.1697998046875,3158.3095703125,1864.8359375,18.75537109375,34.667724609375
IMG_0045.mp4,661,22.033333333333335,30.0,500,2,traffic_signs,0.922721803188324,707.1696166992188,1154.9378662109375,881.770751953125,1331.7081298828125,794.4701843261719,1243.322998046875,174.60113525390625,176.770263671875
IMG_0045.mp4,661,22.033333333333335,30.0,339,2,traffic_signs,0.9534587264060974,2307.67236328125,829.8694458007812,2503.6328125,1141.9471435546875,2405.652587890625,985.9082946777344,195.96044921875,312.07769775390625
IMG_0045.mp4,661,22.033333333333335,30.0,482,2,traffic_signs,0.8828039765357971,757.5602416992188,994.1441040039062,912.4644165039062,1150.5244140625,835.0123291015625,1072.3342590332031,154.9041748046875,156.38031005859375
IMG_0045.mp4,661,22.033333333333335,30.0,507,2,traffic_signs,0.905551016330719,1493.59423828125,1301.248291015625,1577.373046875,1428.1644287109375,1535.483642578125,1364.7063598632812,83.77880859375,126.9161376953125
IMG_0045.mp4,661,22.033333333333335,30.0,521,2,traffic_signs,0.9027217030525208,2144.713623046875,1630.831787109375,2180.372314453125,1693.4666748046875,2162.54296875,1662.1492309570312,35.65869140625,62.6348876953125
IMG_0045.mp4,661,22.033333333333335,30.0,374,2,traffic_signs,0.9049103856086731,2478.771484375,1640.8880615234375,2506.803466796875,1701.1156005859375,2492.7874755859375,1671.0018310546875,28.031982421875,60.2275390625
IMG_0045.mp4,661,22.033333333333335,30.0,488,2,traffic_signs,0.6944880485534668,2889.03662109375,1759.3167724609375,2910.458740234375,1804.126953125,2899.7476806640625,1781.7218627929688,21.422119140625,44.8101806640625
IMG_0045.mp4,661,22.033333333333335,30.0,391,2,traffic_signs,0.8801711201667786,3582.600830078125,1814.4244384765625,3651.111328125,1869.1947021484375,3616.8560791015625,1841.8095703125,68.510498046875,54.770263671875
IMG_0045.mp4,662,22.066666666666666,30.0,500,2,traffic_signs,0.9110754728317261,737.1500854492188,1159.848876953125,913.4515991210938,1335.5341796875,825.3008422851562,1247.6915283203125,176.301513671875,175.685302734375
IMG_0045.mp4,662,22.066666666666666,30.0,339,2,traffic_signs,0.8368250727653503,2344.052978515625,821.350341796875,2543.5029296875,1136.9713134765625,2443.7779541015625,979.1608276367188,199.449951171875,315.6209716796875
IMG_0045.mp4,662,22.066666666666666,30.0,482,2,traffic_signs,0.8247717022895813,788.0149536132812,997.289794921875,943.6835327148438,1154.2601318359375,865.8492431640625,1075.7749633789062,155.6685791015625,156.9703369140625
IMG_0045.mp4,662,22.066666666666666,30.0,507,2,traffic_signs,0.9088898301124573,1529.9156494140625,1304.51806640625,1612.3692626953125,1432.4476318359375,1571.1424560546875,1368.4828491210938,82.45361328125,127.9295654296875
IMG_0045.mp4,662,22.066666666666666,30.0,521,2,traffic_signs,0.9061999917030334,2183.514404296875,1636.4444580078125,2218.00390625,1700.06640625,2200.7591552734375,1668.2554321289062,34.489501953125,63.6219482421875
IMG_0045.mp4,662,22.066666666666666,30.0,374,2,traffic_signs,0.8775127530097961,2520.833984375,1647.32763671875,2548.300537109375,1707.669189453125,2534.5672607421875,1677.4984130859375,27.466552734375,60.341552734375
IMG_0045.mp4,662,22.066666666666666,30.0,488,2,traffic_signs,0.6911880373954773,2935.438232421875,1766.70556640625,2955.2822265625,1809.095458984375,2945.3602294921875,1787.9005126953125,19.843994140625,42.389892578125
IMG_0045.mp4,662,22.066666666666666,30.0,391,2,traffic_signs,0.8038901090621948,3635.791259765625,1823.0457763671875,3702.53466796875,1875.3135986328125,3669.1629638671875,1849.1796875,66.743408203125,52.267822265625
IMG_0045.mp4,662,22.066666666666666,30.0,538,2,traffic_signs,0.49544036388397217,2904.24462890625,1765.7177734375,2924.85693359375,1808.81396484375,2914.55078125,1787.265869140625,20.6123046875,43.09619140625
IMG_0045.mp4,662,22.066666666666666,30.0,523,2,traffic_signs,0.2555195987224579,3326.78515625,1737.282470703125,3366.52490234375,1811.1123046875,3346.655029296875,1774.1973876953125,39.73974609375,73.829833984375
IMG_0045.mp4,663,22.1,30.0,500,2,traffic_signs,0.911965012550354,767.02099609375,1162.519287109375,944.3339233398438,1338.190673828125,855.6774597167969,1250.35498046875,177.31292724609375,175.67138671875
IMG_0045.mp4,663,22.1,30.0,339,2,traffic_signs,0.9614377617835999,2381.55810546875,808.6571655273438,2584.954345703125,1128.7518310546875,2483.2562255859375,968.7044982910156,203.396240234375,320.09466552734375
IMG_0045.mp4,663,22.1,30.0,482,2,traffic_signs,0.43077290058135986,820.133544921875,999.7337646484375,975.0065307617188,1155.4608154296875,897.5700378417969,1077.5972900390625,154.87298583984375,155.72705078125
IMG_0045.mp4,663,22.1,30.0,507,2,traffic_signs,0.7719889283180237,1564.5302734375,1308.8455810546875,1646.7247314453125,1436.092041015625,1605.6275024414062,1372.4688110351562,82.1944580078125,127.2464599609375
IMG_0045.mp4,663,22.1,30.0,521,2,traffic_signs,0.9021458029747009,2222.95068359375,1642.4390869140625,2258.031005859375,1703.85693359375,2240.4908447265625,1673.1480102539062,35.080322265625,61.4178466796875
IMG_0045.mp4,663,22.1,30.0,374,2,traffic_signs,0.6951353549957275,2562.3916015625,1653.563720703125,2589.13427734375,1711.041748046875,2575.762939453125,1682.302734375,26.74267578125,57.47802734375
IMG_0045.mp4,663,22.1,30.0,488,2,traffic_signs,0.5609421133995056,2983.036376953125,1772.6806640625,3001.157958984375,1812.1424560546875,2992.09716796875,1792.4115600585938,18.12158203125,39.4617919921875
IMG_0045.mp4,663,22.1,30.0,391,2,traffic_signs,0.8188701868057251,3689.62158203125,1831.32080078125,3757.68408203125,1881.092529296875,3723.65283203125,1856.2066650390625,68.0625,49.771728515625
IMG_0045.mp4,663,22.1,30.0,538,2,traffic_signs,0.4784400463104248,2948.650146484375,1770.60302734375,2970.5048828125,1813.670654296875,2959.5775146484375,1792.1368408203125,21.854736328125,43.067626953125
IMG_0045.mp4,664,22.133333333333333,30.0,500,2,traffic_signs,0.7720614075660706,795.4923095703125,1165.9866943359375,973.8250122070312,1340.5704345703125,884.6586608886719,1253.278564453125,178.33270263671875,174.583740234375
IMG_0045.mp4,664,22.133333333333333,30.0,339,2,traffic_signs,0.9591573476791382,2419.2119140625,797.6240844726562,2628.1884765625,1122.948486328125,2523.7001953125,960.2862854003906,208.9765625,325.32440185546875
IMG_0045.mp4,664,22.133333333333333,30.0,482,2,traffic_signs,0.6336197257041931,842.66650390625,1001.0801391601562,1003.8348999023438,1157.908447265625,923.2507019042969,1079.4942932128906,161.16839599609375,156.82830810546875
IMG_0045.mp4,664,22.133333333333333,30.0,507,2,traffic_signs,0.9145007133483887,1598.2001953125,1311.056640625,1681.3050537109375,1439.054443359375,1639.7526245117188,1375.0555419921875,83.1048583984375,127.997802734375
IMG_0045.mp4,664,22.133333333333333,30.0,521,2,traffic_signs,0.5476800203323364,2262.88232421875,1647.7852783203125,2298.394775390625,1710.650390625,2280.6385498046875,1679.2178344726562,35.512451171875,62.8651123046875
IMG_0045.mp4,664,22.133333333333333,30.0,374,2,traffic_signs,0.8418676853179932,2603.82177734375,1658.0745849609375,2630.540771484375,1716.2181396484375,2617.1812744140625,1687.1463623046875,26.718994140625,58.1435546875
IMG_0045.mp4,664,22.133333333333333,30.0,391,2,traffic_signs,0.864401638507843,3745.5146484375,1834.7216796875,3816.328857421875,1887.3314208984375,3780.9217529296875,1861.0265502929688,70.814208984375,52.6097412109375
IMG_0045.mp4,664,22.133333333333333,30.0,538,2,traffic_signs,0.728585958480835,2993.42724609375,1776.9366455078125,3020.2197265625,1822.0194091796875,3006.823486328125,1799.47802734375,26.79248046875,45.082763671875
IMG_0045.mp4,665,22.166666666666668,30.0,500,2,traffic_signs,0.9032915234565735,829.9986572265625,1168.4259033203125,1007.4871826171875,1344.7413330078125,918.742919921875,1256.5836181640625,177.488525390625,176.3154296875
IMG_0045.mp4,665,22.166666666666668,30.0,339,2,traffic_signs,0.9656208157539368,2459.019287109375,786.9615478515625,2671.74755859375,1119.4732666015625,2565.3834228515625,953.2174072265625,212.728271484375,332.51171875
IMG_0045.mp4,665,22.166666666666668,30.0,482,2,traffic_signs,0.6640911102294922,879.2815551757812,1003.8336791992188,1038.0772705078125,1159.9666748046875,958.6794128417969,1081.9001770019531,158.79571533203125,156.13299560546875
IMG_0045.mp4,665,22.166666666666668,30.0,507,2,traffic_signs,0.8417285084724426,1635.748779296875,1315.269775390625,1719.9603271484375,1443.6768798828125,1677.8545532226562,1379.4733276367188,84.2115478515625,128.4071044921875
IMG_0045.mp4,665,22.166666666666668,30.0,521,2,traffic_signs,0.9034721851348877,2302.421142578125,1651.8995361328125,2339.0185546875,1716.3907470703125,2320.7198486328125,1684.1451416015625,36.597412109375,64.4912109375
IMG_0045.mp4,665,22.166666666666668,30.0,374,2,traffic_signs,0.8195338249206543,2645.430419921875,1662.00244140625,2673.18212890625,1720.8272705078125,2659.3062744140625,1691.4148559570312,27.751708984375,58.8248291015625
IMG_0045.mp4,665,22.166666666666668,30.0,391,2,traffic_signs,0.5882411599159241,3798.291259765625,1835.07470703125,3840.0,1890.567138671875,3819.1456298828125,1862.8209228515625,41.708740234375,55.492431640625
IMG_0045.mp4,665,22.166666666666668,30.0,538,2,traffic_signs,0.7606984376907349,3038.22314453125,1780.464599609375,3067.923095703125,1825.751220703125,3053.0731201171875,1803.10791015625,29.699951171875,45.28662109375
IMG_0045.mp4,666,22.2,30.0,500,2,traffic_signs,0.9112517237663269,860.9387817382812,1171.02099609375,1040.3580322265625,1348.7840576171875,950.6484069824219,1259.9025268554688,179.41925048828125,177.7630615234375
IMG_0045.mp4,666,22.2,30.0,339,2,traffic_signs,0.9675028920173645,2500.392578125,776.412841796875,2717.260986328125,1113.3590087890625,2608.8267822265625,944.8859252929688,216.868408203125,336.9461669921875
IMG_0045.mp4,666,22.2,30.0,482,2,traffic_signs,0.6090037822723389,910.5790405273438,1004.8174438476562,1069.94287109375,1161.9403076171875,990.2609558105469,1083.3788757324219,159.36383056640625,157.12286376953125
IMG_0045.mp4,666,22.2,30.0,507,2,traffic_signs,0.8745717406272888,1669.809814453125,1318.51708984375,1754.8048095703125,1443.265380859375,1712.3073120117188,1380.8912353515625,84.9949951171875,124.748291015625
IMG_0045.mp4,666,22.2,30.0,521,2,traffic_signs,0.9026203751564026,2344.138427734375,1657.4337158203125,2379.841552734375,1720.5198974609375,2361.989990234375,1688.976806640625,35.703125,63.086181640625
IMG_0045.mp4,666,22.2,30.0,374,2,traffic_signs,0.8743030428886414,2689.224609375,1667.1495361328125,2717.416748046875,1725.7806396484375,2703.3206787109375,1696.465087890625,28.192138671875,58.631103515625
IMG_0045.mp4,666,22.2,30.0,538,2,traffic_signs,0.6802740693092346,3085.203857421875,1783.431640625,3117.6484375,1831.3853759765625,3101.4261474609375,1807.4085083007812,32.444580078125,47.9537353515625
IMG_0045.mp4,667,22.233333333333334,30.0,500,2,traffic_signs,0.922237753868103,890.5505981445312,1175.1861572265625,1070.3231201171875,1353.2874755859375,980.4368591308594,1264.23681640625,179.77252197265625,178.101318359375
IMG_0045.mp4,667,22.233333333333334,30.0,339,2,traffic_signs,0.9154258370399475,2542.565673828125,762.55712890625,2763.0068359375,1104.724853515625,2652.7862548828125,933.6409912109375,220.441162109375,342.167724609375
IMG_0045.mp4,667,22.233333333333334,30.0,482,2,traffic_signs,0.6795060634613037,938.5725708007812,1005.6355590820312,1101.1119384765625,1165.2740478515625,1019.8422546386719,1085.4548034667969,162.53936767578125,159.63848876953125
IMG_0045.mp4,667,22.233333333333334,30.0,507,2,traffic_signs,0.9016133546829224,1705.4073486328125,1320.931884765625,1790.6500244140625,1447.322265625,1748.0286865234375,1384.1270751953125,85.24267578125,126.390380859375
IMG_0045.mp4,667,22.233333333333334,30.0,521,2,traffic_signs,0.9039978384971619,2383.233154296875,1663.4349365234375,2421.384033203125,1726.505859375,2402.30859375,1694.9703979492188,38.15087890625,63.0709228515625
IMG_0045.mp4,667,22.233333333333334,30.0,374,2,traffic_signs,0.8595276474952698,2733.612548828125,1675.127685546875,2761.044677734375,1731.89794921875,2747.32861328125,1703.5128173828125,27.43212890625,56.770263671875
IMG_0045.mp4,668,22.266666666666666,30.0,500,2,traffic_signs,0.888606607913971,921.0291137695312,1173.9947509765625,1100.7998046875,1356.130859375,1010.9144592285156,1265.0628051757812,179.77069091796875,182.1361083984375
IMG_0045.mp4,668,22.266666666666666,30.0,339,2,traffic_signs,0.5349698066711426,2585.856201171875,748.9773559570312,2810.3486328125,1097.8001708984375,2698.1024169921875,923.3887634277344,224.492431640625,348.82281494140625
IMG_0045.mp4,668,22.266666666666666,30.0,482,2,traffic_signs,0.7349507212638855,971.9099731445312,1006.9457397460938,1131.87158203125,1167.664306640625,1051.8907775878906,1087.3050231933594,159.96160888671875,160.71856689453125
IMG_0045.mp4,668,22.266666666666666,30.0,507,2,traffic_signs,0.8989840149879456,1740.22119140625,1322.233642578125,1826.218505859375,1452.3233642578125,1783.2198486328125,1387.2785034179688,85.997314453125,130.0897216796875
IMG_0045.mp4,668,22.266666666666666,30.0,521,2,traffic_signs,0.893243134021759,2425.313720703125,1669.6707763671875,2461.9111328125,1731.1064453125,2443.6124267578125,1700.3886108398438,36.597412109375,61.4356689453125
IMG_0045.mp4,668,22.266666666666666,30.0,374,2,traffic_signs,0.8793530464172363,2776.953857421875,1679.63330078125,2805.039306640625,1735.2852783203125,2790.99658203125,1707.4592895507812,28.08544921875,55.6519775390625
IMG_0045.mp4,668,22.266666666666666,30.0,546,2,traffic_signs,0.4373980164527893,14.750776290893555,1199.8602294921875,139.94627380371094,1318.8533935546875,77.34852504730225,1259.3568115234375,125.19549751281738,118.9931640625
IMG_0045.mp4,668,22.266666666666666,30.0,547,2,traffic_signs,0.4308313727378845,1446.5340576171875,1032.8402099609375,1529.509033203125,1091.9637451171875,1488.0215454101562,1062.4019775390625,82.9749755859375,59.12353515625
IMG_0045.mp4,668,22.266666666666666,30.0,538,2,traffic_signs,0.3653268814086914,3181.731689453125,1794.211669921875,3220.691162109375,1846.4495849609375,3201.21142578125,1820.3306274414062,38.95947265625,52.2379150390625
IMG_0045.mp4,669,22.3,30.0,500,2,traffic_signs,0.8983611464500427,953.544677734375,1176.9156494140625,1134.2784423828125,1359.3935546875,1043.9115600585938,1268.1546020507812,180.7337646484375,182.4779052734375
IMG_0045.mp4,669,22.3,30.0,339,2,traffic_signs,0.9635189771652222,2631.9130859375,734.2423095703125,2862.17529296875,1089.2264404296875,2747.044189453125,911.734375,230.26220703125,354.984130859375
IMG_0045.mp4,669,22.3,30.0,482,2,traffic_signs,0.6558091044425964,1003.147216796875,1009.8265991210938,1163.7913818359375,1170.251708984375,1083.4692993164062,1090.0391540527344,160.6441650390625,160.42510986328125
IMG_0045.mp4,669,22.3,30.0,507,2,traffic_signs,0.9002042412757874,1777.46923828125,1326.5263671875,1862.84814453125,1456.3944091796875,1820.15869140625,1391.4603881835938,85.37890625,129.8680419921875
IMG_0045.mp4,669,22.3,30.0,521,2,traffic_signs,0.9102650880813599,2468.3369140625,1674.4112548828125,2505.1962890625,1738.2176513671875,2486.7666015625,1706.314453125,36.859375,63.806396484375
IMG_0045.mp4,669,22.3,30.0,374,2,traffic_signs,0.8747845888137817,2821.736083984375,1684.005615234375,2851.093017578125,1741.2340087890625,2836.41455078125,1712.6198120117188,29.35693359375,57.2283935546875
IMG_0045.mp4,669,22.3,30.0,538,2,traffic_signs,0.7975814938545227,3231.690185546875,1799.48193359375,3278.20263671875,1854.0675048828125,3254.9464111328125,1826.7747192382812,46.512451171875,54.5855712890625
IMG_0045.mp4,670,22.333333333333332,30.0,500,2,traffic_signs,0.9084175229072571,986.6145629882812,1178.5909423828125,1167.5716552734375,1361.508056640625,1077.0931091308594,1270.0494995117188,180.95709228515625,182.9171142578125
IMG_0045.mp4,670,22.333333333333332,30.0,339,2,traffic_signs,0.9621759653091431,2680.945068359375,719.9622802734375,2915.4873046875,1080.2283935546875,2798.2161865234375,900.0953369140625,234.542236328125,360.26611328125
IMG_0045.mp4,670,22.333333333333332,30.0,482,2,traffic_signs,0.7778241038322449,1033.4881591796875,1010.5130004882812,1198.66455078125,1171.1805419921875,1116.0763549804688,1090.8467712402344,165.1763916015625,160.66754150390625
IMG_0045.mp4,670,22.333333333333332,30.0,507,2,traffic_signs,0.8937098383903503,1814.7081298828125,1327.3260498046875,1900.365478515625,1458.5833740234375,1857.5368041992188,1392.9547119140625,85.6573486328125,131.25732421875
IMG_0045.mp4,670,22.333333333333332,30.0,521,2,traffic_signs,0.8999695181846619,2511.804443359375,1679.8853759765625,2549.49462890625,1742.8192138671875,2530.6495361328125,1711.352294921875,37.690185546875,62.933837890625
IMG_0045.mp4,670,22.333333333333332,30.0,374,2,traffic_signs,0.8919785022735596,2868.05322265625,1689.7177734375,2898.5,1747.586669921875,2883.276611328125,1718.6522216796875,30.44677734375,57.868896484375
IMG_0045.mp4,670,22.333333333333332,30.0,538,2,traffic_signs,0.905034065246582,3283.515625,1805.2366943359375,3332.77783203125,1862.3839111328125,3308.146728515625,1833.810302734375,49.26220703125,57.147216796875
IMG_0045.mp4,670,22.333333333333332,30.0,547,2,traffic_signs,0.2923703193664551,1522.005859375,1042.7230224609375,1610.75439453125,1095.858154296875,1566.380126953125,1069.2905883789062,88.74853515625,53.1351318359375
IMG_0045.mp4,671,22.366666666666667,30.0,500,2,traffic_signs,0.9067885875701904,1019.009033203125,1179.0616455078125,1201.445068359375,1364.181640625,1110.22705078125,1271.6216430664062,182.43603515625,185.1199951171875
IMG_0045.mp4,671,22.366666666666667,30.0,339,2,traffic_signs,0.9612741470336914,2731.78369140625,703.8585205078125,2970.87158203125,1074.655029296875,2851.32763671875,889.2567749023438,239.087890625,370.7965087890625
IMG_0045.mp4,671,22.366666666666667,30.0,482,2,traffic_signs,0.8368611335754395,1068.7047119140625,1011.63720703125,1233.1138916015625,1174.9793701171875,1150.9093017578125,1093.3082885742188,164.4091796875,163.3421630859375
IMG_0045.mp4,671,22.366666666666667,30.0,507,2,traffic_signs,0.8922432661056519,1852.47705078125,1330.8348388671875,1937.8333740234375,1462.9239501953125,1895.1552124023438,1396.87939453125,85.3563232421875,132.089111328125
IMG_0045.mp4,671,22.366666666666667,30.0,521,2,traffic_signs,0.9085657596588135,2556.4931640625,1686.0535888671875,2594.45166015625,1748.64111328125,2575.472412109375,1717.3473510742188,37.95849609375,62.5875244140625
IMG_0045.mp4,671,22.366666666666667,30.0,374,2,traffic_signs,0.8764848113059998,2915.936767578125,1695.194580078125,2947.261474609375,1751.3616943359375,2931.59912109375,1723.2781372070312,31.32470703125,56.1671142578125
IMG_0045.mp4,671,22.366666666666667,30.0,538,2,traffic_signs,0.8181769847869873,3337.815673828125,1811.313720703125,3389.34814453125,1867.394775390625,3363.5819091796875,1839.354248046875,51.532470703125,56.0810546875
IMG_0045.mp4,672,22.4,30.0,500,2,traffic_signs,0.913540244102478,1053.288818359375,1181.978759765625,1236.711669921875,1368.360107421875,1145.000244140625,1275.16943359375,183.4228515625,186.38134765625
IMG_0045.mp4,672,22.4,30.0,339,2,traffic_signs,0.95497727394104,2783.585205078125,685.8980102539062,3026.34423828125,1065.281005859375,2904.9647216796875,875.5895080566406,242.759033203125,379.38299560546875
IMG_0045.mp4,672,22.4,30.0,482,2,traffic_signs,0.567751944065094,1102.8485107421875,1014.3584594726562,1272.3277587890625,1177.2041015625,1187.588134765625,1095.7812805175781,169.479248046875,162.84564208984375
IMG_0045.mp4,672,22.4,30.0,507,2,traffic_signs,0.8755273818969727,1892.3895263671875,1334.959716796875,1978.5286865234375,1467.8577880859375,1935.4591064453125,1401.4087524414062,86.13916015625,132.8980712890625
IMG_0045.mp4,672,22.4,30.0,521,2,traffic_signs,0.9124311208724976,2601.3642578125,1690.1737060546875,2640.31982421875,1754.0860595703125,2620.842041015625,1722.1298828125,38.95556640625,63.912353515625
IMG_0045.mp4,672,22.4,30.0,374,2,traffic_signs,0.8501322865486145,2964.353515625,1701.078125,2994.2685546875,1756.076416015625,2979.31103515625,1728.5772705078125,29.9150390625,54.998291015625
IMG_0045.mp4,672,22.4,30.0,538,2,traffic_signs,0.8617899417877197,3391.999267578125,1816.9744873046875,3445.297119140625,1873.42578125,3418.648193359375,1845.2001342773438,53.2978515625,56.4512939453125
IMG_0045.mp4,672,22.4,30.0,550,2,traffic_signs,0.5791400671005249,173.91546630859375,1225.9886474609375,306.3062744140625,1341.6737060546875,240.11087036132812,1283.8311767578125,132.39080810546875,115.68505859375
IMG_0045.mp4,673,22.433333333333334,30.0,500,2,traffic_signs,0.9225069880485535,1089.1099853515625,1185.328857421875,1271.9891357421875,1372.2293701171875,1180.549560546875,1278.7791137695312,182.879150390625,186.9005126953125
IMG_0045.mp4,673,22.433333333333334,30.0,339,2,traffic_signs,0.9575749039649963,2838.369140625,669.675048828125,3085.28076171875,1055.264404296875,2961.824951171875,862.4697265625,246.91162109375,385.58935546875
IMG_0045.mp4,673,22.433333333333334,30.0,482,2,traffic_signs,0.31944969296455383,1134.4193115234375,1014.9576416015625,1303.525634765625,1181.305908203125,1218.9724731445312,1098.1317749023438,169.1063232421875,166.3482666015625
IMG_0045.mp4,673,22.433333333333334,30.0,507,2,traffic_signs,0.879269003868103,1932.263916015625,1336.6712646484375,2018.93994140625,1472.9937744140625,1975.6019287109375,1404.83251953125,86.676025390625,136.322509765625
IMG_0045.mp4,673,22.433333333333334,30.0,521,2,traffic_signs,0.9173353314399719,2647.425537109375,1697.1322021484375,2685.8212890625,1761.4287109375,2666.6234130859375,1729.2804565429688,38.395751953125,64.2965087890625
IMG_0045.mp4,673,22.433333333333334,30.0,374,2,traffic_signs,0.8571475148200989,3012.3623046875,1705.4964599609375,3043.31689453125,1761.0611572265625,3027.839599609375,1733.27880859375,30.95458984375,55.564697265625
IMG_0045.mp4,673,22.433333333333334,30.0,538,2,traffic_signs,0.7470362782478333,3447.7197265625,1823.4495849609375,3501.978759765625,1879.850341796875,3474.8492431640625,1851.6499633789062,54.259033203125,56.4007568359375
IMG_0045.mp4,673,22.433333333333334,30.0,550,2,traffic_signs,0.7407318949699402,217.21286010742188,1231.7415771484375,343.49493408203125,1347.352783203125,280.35389709472656,1289.5471801757812,126.28207397460938,115.6112060546875
IMG_0045.mp4,674,22.466666666666665,30.0,500,2,traffic_signs,0.9372065663337708,1127.609375,1188.5450439453125,1311.23388671875,1376.11669921875,1219.421630859375,1282.3308715820312,183.62451171875,187.5716552734375
IMG_0045.mp4,674,22.466666666666665,30.0,339,2,traffic_signs,0.9521158337593079,2892.03564453125,654.1111450195312,3142.712158203125,1046.452392578125,3017.3739013671875,850.2817687988281,250.676513671875,392.34124755859375
IMG_0045.mp4,674,22.466666666666665,30.0,482,2,traffic_signs,0.34392333030700684,1175.8818359375,1017.1863403320312,1342.5552978515625,1182.667236328125,1259.2185668945312,1099.9267883300781,166.6734619140625,165.48089599609375
IMG_0045.mp4,674,22.466666666666665,30.0,507,2,traffic_signs,0.8564023375511169,1971.5872802734375,1338.433837890625,2059.361572265625,1476.5601806640625,2015.4744262695312,1407.4970092773438,87.7742919921875,138.1263427734375
IMG_0045.mp4,674,22.466666666666665,30.0,521,2,traffic_signs,0.9004036784172058,2691.1376953125,1701.655517578125,2731.352294921875,1765.7757568359375,2711.2449951171875,1733.7156372070312,40.214599609375,64.1202392578125
IMG_0045.mp4,674,22.466666666666665,30.0,374,2,traffic_signs,0.8845477104187012,3058.858154296875,1709.6103515625,3090.105224609375,1767.50927734375,3074.481689453125,1738.559814453125,31.2470703125,57.89892578125
IMG_0045.mp4,674,22.466666666666665,30.0,538,2,traffic_signs,0.4269784390926361,3497.936767578125,1829.5272216796875,3552.89404296875,1885.78857421875,3525.4154052734375,1857.6578979492188,54.957275390625,56.2613525390625
IMG_0045.mp4,674,22.466666666666665,30.0,550,2,traffic_signs,0.6068723201751709,263.527587890625,1233.32763671875,394.3133850097656,1350.588623046875,328.9204864501953,1291.9581298828125,130.78579711914062,117.260986328125
IMG_0045.mp4,675,22.5,30.0,500,2,traffic_signs,0.9099446535110474,1165.717041015625,1190.12255859375,1349.6021728515625,1376.1905517578125,1257.6596069335938,1283.1565551757812,183.8851318359375,186.0679931640625
IMG_0045.mp4,675,22.5,30.0,339,2,traffic_signs,0.9377852082252502,2950.021728515625,636.2280883789062,3205.873779296875,1036.230712890625,3077.94775390625,836.2294006347656,255.85205078125,400.00262451171875
IMG_0045.mp4,675,22.5,30.0,482,2,traffic_signs,0.5210651755332947,1208.3848876953125,1020.2869873046875,1379.819091796875,1186.0166015625,1294.1019897460938,1103.1517944335938,171.4342041015625,165.7296142578125
IMG_0045.mp4,675,22.5,30.0,507,2,traffic_signs,0.8865488767623901,2013.41162109375,1341.955322265625,2102.697998046875,1479.6080322265625,2058.0548095703125,1410.7816772460938,89.286376953125,137.6527099609375
IMG_0045.mp4,675,22.5,30.0,521,2,traffic_signs,0.8859492540359497,2737.736083984375,1705.8948974609375,2779.56982421875,1770.2843017578125,2758.6529541015625,1738.089599609375,41.833740234375,64.389404296875
IMG_0045.mp4,675,22.5,30.0,374,2,traffic_signs,0.8601800799369812,3106.240234375,1714.4354248046875,3140.263671875,1772.2899169921875,3123.251953125,1743.3626708984375,34.0234375,57.8544921875
IMG_0045.mp4,675,22.5,30.0,538,2,traffic_signs,0.7001833915710449,3553.634033203125,1834.1279296875,3608.733642578125,1891.4420166015625,3581.183837890625,1862.7849731445312,55.099609375,57.3140869140625
IMG_0045.mp4,675,22.5,30.0,550,2,traffic_signs,0.7933008670806885,308.9058837890625,1241.8642578125,435.6478576660156,1356.911865234375,372.27687072753906,1299.3880615234375,126.74197387695312,115.047607421875
IMG_0045.mp4,676,22.533333333333335,30.0,500,2,traffic_signs,0.9053282141685486,1202.509521484375,1191.82666015625,1385.7694091796875,1379.0950927734375,1294.1394653320312,1285.4608764648438,183.2598876953125,187.2684326171875
IMG_0045.mp4,676,22.533333333333335,30.0,339,2,traffic_signs,0.9306700229644775,3010.93701171875,617.4765014648438,3271.8955078125,1026.427978515625,3141.416259765625,821.9522399902344,260.95849609375,408.95147705078125
IMG_0045.mp4,676,22.533333333333335,30.0,482,2,traffic_signs,0.8043338656425476,1246.412353515625,1022.1045532226562,1414.6788330078125,1186.5750732421875,1330.5455932617188,1104.3398132324219,168.2664794921875,164.47052001953125
IMG_0045.mp4,676,22.533333333333335,30.0,507,2,traffic_signs,0.9040094017982483,2054.10498046875,1344.5477294921875,2143.785888671875,1482.932861328125,2098.9454345703125,1413.7402954101562,89.680908203125,138.3851318359375
IMG_0045.mp4,676,22.533333333333335,30.0,521,2,traffic_signs,0.9116448163986206,2786.34521484375,1711.838134765625,2828.61376953125,1777.588134765625,2807.4794921875,1744.713134765625,42.2685546875,65.75
IMG_0045.mp4,676,22.533333333333335,30.0,374,2,traffic_signs,0.8648072481155396,3157.472412109375,1722.3052978515625,3191.7802734375,1778.622314453125,3174.6263427734375,1750.4638061523438,34.307861328125,56.3170166015625
IMG_0045.mp4,676,22.533333333333335,30.0,538,2,traffic_signs,0.4745267629623413,3611.579833984375,1841.6103515625,3667.811767578125,1900.9547119140625,3639.69580078125,1871.2825317382812,56.23193359375,59.3443603515625
IMG_0045.mp4,676,22.533333333333335,30.0,550,2,traffic_signs,0.9031664133071899,350.44085693359375,1250.119140625,477.8865661621094,1364.6734619140625,414.16371154785156,1307.3963012695312,127.44570922851562,114.5543212890625
IMG_0045.mp4,677,22.566666666666666,30.0,500,2,traffic_signs,0.925334095954895,1237.1331787109375,1191.748779296875,1422.8134765625,1383.503662109375,1329.9733276367188,1287.626220703125,185.6802978515625,191.7548828125
IMG_0045.mp4,677,22.566666666666666,30.0,339,2,traffic_signs,0.9363634586334229,3074.718994140625,594.7294311523438,3342.6376953125,1012.7117919921875,3208.6783447265625,803.7206115722656,267.918701171875,417.98236083984375
IMG_0045.mp4,677,22.566666666666666,30.0,482,2,traffic_signs,0.9119258522987366,1285.74609375,1021.0384521484375,1449.5577392578125,1186.3421630859375,1367.6519165039062,1103.6903076171875,163.8116455078125,165.3037109375
IMG_0045.mp4,677,22.566666666666666,30.0,507,2,traffic_signs,0.9077662229537964,2096.5341796875,1345.033203125,2185.762939453125,1486.556396484375,2141.1485595703125,1415.7947998046875,89.228759765625,141.523193359375
IMG_0045.mp4,677,22.566666666666666,30.0,521,2,traffic_signs,0.9316916465759277,2836.428955078125,1718.505126953125,2877.708740234375,1784.0865478515625,2857.06884765625,1751.2958374023438,41.27978515625,65.5814208984375
IMG_0045.mp4,677,22.566666666666666,30.0,374,2,traffic_signs,0.8836650848388672,3212.804443359375,1726.455078125,3245.3701171875,1782.519775390625,3229.0872802734375,1754.4874267578125,32.565673828125,56.064697265625
IMG_0045.mp4,677,22.566666666666666,30.0,538,2,traffic_signs,0.9103800654411316,3672.439453125,1848.7325439453125,3730.080810546875,1909.605224609375,3701.2601318359375,1879.1688842773438,57.641357421875,60.8726806640625
IMG_0045.mp4,677,22.566666666666666,30.0,550,2,traffic_signs,0.9190106391906738,391.69586181640625,1254.9056396484375,517.8540649414062,1369.41845703125,454.77496337890625,1312.1620483398438,126.158203125,114.5128173828125
IMG_0045.mp4,678,22.6,30.0,500,2,traffic_signs,0.9214944243431091,1276.858154296875,1193.428466796875,1462.7469482421875,1388.5419921875,1369.8025512695312,1290.9852294921875,185.8887939453125,195.113525390625
IMG_0045.mp4,678,22.6,30.0,339,2,traffic_signs,0.8516652584075928,3134.670166015625,577.55810546875,3407.09521484375,1002.845703125,3270.8826904296875,790.201904296875,272.425048828125,425.28759765625
IMG_0045.mp4,678,22.6,30.0,482,2,traffic_signs,0.6229285001754761,1322.94970703125,1021.958984375,1486.71826171875,1190.10595703125,1404.833984375,1106.032470703125,163.7685546875,168.14697265625
IMG_0045.mp4,678,22.6,30.0,507,2,traffic_signs,0.8997055292129517,2138.886962890625,1348.8978271484375,2228.338623046875,1489.2183837890625,2183.61279296875,1419.05810546875,89.45166015625,140.320556640625
IMG_0045.mp4,678,22.6,30.0,521,2,traffic_signs,0.9046820402145386,2882.704833984375,1723.2679443359375,2924.774169921875,1787.7774658203125,2903.739501953125,1755.522705078125,42.0693359375,64.509521484375
IMG_0045.mp4,678,22.6,30.0,374,2,traffic_signs,0.8199620842933655,3262.033447265625,1729.28662109375,3294.0693359375,1787.2073974609375,3278.0513916015625,1758.2470092773438,32.035888671875,57.9207763671875
IMG_0045.mp4,678,22.6,30.0,550,2,traffic_signs,0.8649545907974243,438.8302001953125,1259.0731201171875,564.4589233398438,1377.0072021484375,501.6445617675781,1318.0401611328125,125.62872314453125,117.93408203125
IMG_0045.mp4,679,22.633333333333333,30.0,500,2,traffic_signs,0.9303791522979736,1313.2926025390625,1194.5819091796875,1502.268798828125,1390.322998046875,1407.7807006835938,1292.4524536132812,188.9761962890625,195.7410888671875
IMG_0045.mp4,679,22.633333333333333,30.0,339,2,traffic_signs,0.5165694952011108,3206.224609375,551.5771484375,3485.9296875,988.2178344726562,3346.0771484375,769.8974914550781,279.705078125,436.64068603515625
IMG_0045.mp4,679,22.633333333333333,30.0,482,2,traffic_signs,0.4812326431274414,1363.4534912109375,1021.3811645507812,1525.593505859375,1190.810791015625,1444.5234985351562,1106.0959777832031,162.1400146484375,169.42962646484375
IMG_0045.mp4,679,22.633333333333333,30.0,507,2,traffic_signs,0.7118487358093262,2184.32421875,1352.2608642578125,2273.123291015625,1493.7901611328125,2228.7237548828125,1423.0255126953125,88.799072265625,141.529296875
IMG_0045.mp4,679,22.633333333333333,30.0,521,2,traffic_signs,0.9136456251144409,2934.59716796875,1728.41796875,2978.109375,1793.83984375,2956.353271484375,1761.12890625,43.51220703125,65.421875
IMG_0045.mp4,679,22.633333333333333,30.0,374,2,traffic_signs,0.8134630918502808,3319.916259765625,1735.8790283203125,3352.45751953125,1792.2003173828125,3336.1868896484375,1764.0396728515625,32.541259765625,56.3212890625
IMG_0045.mp4,679,22.633333333333333,30.0,550,2,traffic_signs,0.8641514182090759,477.62713623046875,1267.1282958984375,602.351318359375,1382.5589599609375,539.9892272949219,1324.8436279296875,124.72418212890625,115.4306640625
IMG_0045.mp4,680,22.666666666666668,30.0,500,2,traffic_signs,0.8909479379653931,1352.489990234375,1193.9185791015625,1541.15234375,1392.460693359375,1446.8211669921875,1293.1896362304688,188.662353515625,198.5421142578125
IMG_0045.mp4,680,22.666666666666668,30.0,482,2,traffic_signs,0.7346400618553162,1401.6788330078125,1022.8194580078125,1565.46240234375,1191.5401611328125,1483.5706176757812,1107.1798095703125,163.7835693359375,168.720703125
IMG_0045.mp4,680,22.666666666666668,30.0,507,2,traffic_signs,0.6953127980232239,2229.193603515625,1355.663330078125,2319.480712890625,1495.8193359375,2274.337158203125,1425.7413330078125,90.287109375,140.156005859375
IMG_0045.mp4,680,22.666666666666668,30.0,521,2,traffic_signs,0.907505989074707,2984.506103515625,1734.6549072265625,3029.30078125,1800.1787109375,3006.9034423828125,1767.4168090820312,44.794677734375,65.5238037109375
IMG_0045.mp4,680,22.666666666666668,30.0,374,2,traffic_signs,0.8081431984901428,3375.427001953125,1742.8956298828125,3407.62744140625,1800.3289794921875,3391.5272216796875,1771.6123046875,32.200439453125,57.433349609375
IMG_0045.mp4,680,22.666666666666668,30.0,550,2,traffic_signs,0.7951921820640564,520.1280517578125,1273.1451416015625,645.7903442382812,1389.51953125,582.9591979980469,1331.3323364257812,125.66229248046875,116.3743896484375
IMG_0045.mp4,681,22.7,30.0,500,2,traffic_signs,0.8689419031143188,1391.8265380859375,1196.056396484375,1579.9302978515625,1395.51513671875,1485.87841796875,1295.7857666015625,188.103759765625,199.458740234375
IMG_0045.mp4,681,22.7,30.0,482,2,traffic_signs,0.7513361573219299,1440.0272216796875,1023.9342041015625,1602.7012939453125,1191.7415771484375,1521.3642578125,1107.837890625,162.674072265625,167.807373046875
IMG_0045.mp4,681,22.7,30.0,507,2,traffic_signs,0.8770247101783752,2273.889892578125,1357.599609375,2365.00048828125,1499.5703125,2319.4451904296875,1428.5849609375,91.110595703125,141.970703125
IMG_0045.mp4,681,22.7,30.0,521,2,traffic_signs,0.9030947685241699,3033.651611328125,1738.2982177734375,3080.040283203125,1805.6055908203125,3056.845947265625,1771.951904296875,46.388671875,67.307373046875
IMG_0045.mp4,681,22.7,30.0,550,2,traffic_signs,0.9032226204872131,564.8496704101562,1279.28369140625,689.7053833007812,1392.865966796875,627.2775268554688,1336.0748291015625,124.855712890625,113.582275390625
IMG_0045.mp4,682,22.733333333333334,30.0,500,2,traffic_signs,0.8819810152053833,1429.876220703125,1197.641845703125,1619.8394775390625,1399.4769287109375,1524.8578491210938,1298.5593872070312,189.9632568359375,201.8350830078125
IMG_0045.mp4,682,22.733333333333334,30.0,482,2,traffic_signs,0.9030115604400635,1479.164306640625,1025.343505859375,1641.931396484375,1194.27880859375,1560.5478515625,1109.8111572265625,162.76708984375,168.935302734375
IMG_0045.mp4,682,22.733333333333334,30.0,507,2,traffic_signs,0.8869282007217407,2318.1845703125,1360.6077880859375,2412.611572265625,1505.3594970703125,2365.3980712890625,1432.983642578125,94.427001953125,144.751708984375
IMG_0045.mp4,682,22.733333333333334,30.0,521,2,traffic_signs,0.8762097954750061,3085.489990234375,1743.2357177734375,3133.27880859375,1814.2823486328125,3109.3843994140625,1778.759033203125,47.788818359375,71.046630859375
IMG_0045.mp4,682,22.733333333333334,30.0,550,2,traffic_signs,0.8564707636833191,607.9332275390625,1281.0350341796875,730.8995361328125,1399.888427734375,669.4163818359375,1340.4617309570312,122.96630859375,118.8533935546875
IMG_0045.mp4,683,22.766666666666666,30.0,500,2,traffic_signs,0.8772121667861938,1470.4251708984375,1201.5101318359375,1660.0667724609375,1402.793701171875,1565.2459716796875,1302.1519165039062,189.6416015625,201.2835693359375
IMG_0045.mp4,683,22.766666666666666,30.0,482,2,traffic_signs,0.7210761904716492,1516.3258056640625,1026.0098876953125,1681.768798828125,1195.426513671875,1599.0473022460938,1110.7182006835938,165.4429931640625,169.4166259765625
IMG_0045.mp4,683,22.766666666666666,30.0,507,2,traffic_signs,0.8877346515655518,2363.265380859375,1364.8984375,2459.8095703125,1508.6494140625,2411.5374755859375,1436.77392578125,96.544189453125,143.7509765625
IMG_0045.mp4,683,22.766666666666666,30.0,521,2,traffic_signs,0.6835049390792847,3138.669189453125,1748.8076171875,3187.529296875,1819.9259033203125,3163.0992431640625,1784.3667602539062,48.860107421875,71.1182861328125
IMG_0045.mp4,683,22.766666666666666,30.0,550,2,traffic_signs,0.896822452545166,649.8262939453125,1288.7518310546875,771.3773803710938,1406.30908203125,710.6018371582031,1347.5304565429688,121.55108642578125,117.5572509765625
IMG_0045.mp4,683,22.766666666666666,30.0,339,2,traffic_signs,0.7549344301223755,3491.062744140625,602.0330810546875,3798.895751953125,927.5634765625,3644.979248046875,764.7982788085938,307.8330078125,325.5303955078125
IMG_0045.mp4,684,22.8,30.0,500,2,traffic_signs,0.8400941491127014,1512.7838134765625,1207.6851806640625,1700.9154052734375,1407.6064453125,1606.849609375,1307.6458129882812,188.131591796875,199.9212646484375
IMG_0045.mp4,684,22.8,30.0,482,2,traffic_signs,0.8928027749061584,1557.2271728515625,1026.6202392578125,1723.1058349609375,1197.173583984375,1640.16650390625,1111.8969116210938,165.878662109375,170.5533447265625
IMG_0045.mp4,684,22.8,30.0,507,2,traffic_signs,0.9079911708831787,2411.2353515625,1367.8245849609375,2508.045166015625,1512.227294921875,2459.6402587890625,1440.0259399414062,96.809814453125,144.4027099609375
IMG_0045.mp4,684,22.8,30.0,521,2,traffic_signs,0.9218414425849915,3194.729248046875,1755.693603515625,3243.39013671875,1829.20166015625,3219.0596923828125,1792.4476318359375,48.660888671875,73.508056640625
IMG_0045.mp4,684,22.8,30.0,550,2,traffic_signs,0.9051804542541504,691.1951904296875,1295.615478515625,814.0689697265625,1413.5465087890625,752.632080078125,1354.5809936523438,122.873779296875,117.9310302734375
IMG_0045.mp4,685,22.833333333333332,30.0,500,2,traffic_signs,0.630736231803894,1551.941650390625,1209.9266357421875,1741.8406982421875,1409.8341064453125,1646.8911743164062,1309.88037109375,189.8990478515625,199.907470703125
IMG_0045.mp4,685,22.833333333333332,30.0,482,2,traffic_signs,0.8962297439575195,1596.873291015625,1027.76416015625,1765.0029296875,1198.0318603515625,1680.9381103515625,1112.8980102539062,168.129638671875,170.2677001953125
IMG_0045.mp4,685,22.833333333333332,30.0,507,2,traffic_signs,0.9020589590072632,2458.535400390625,1369.562255859375,2556.55810546875,1516.6016845703125,2507.5467529296875,1443.0819702148438,98.022705078125,147.0394287109375
IMG_0045.mp4,685,22.833333333333332,30.0,521,2,traffic_signs,0.9117869734764099,3251.239501953125,1761.9119873046875,3301.44482421875,1835.3426513671875,3276.3421630859375,1798.6273193359375,50.205322265625,73.4306640625
IMG_0045.mp4,685,22.833333333333332,30.0,550,2,traffic_signs,0.9153280258178711,732.44384765625,1301.9339599609375,855.8718872070312,1419.415771484375,794.1578674316406,1360.6748657226562,123.42803955078125,117.4818115234375
IMG_0045.mp4,686,22.866666666666667,30.0,500,2,traffic_signs,0.9244114756584167,1590.76806640625,1208.795654296875,1783.055419921875,1409.8555908203125,1686.9117431640625,1309.3256225585938,192.287353515625,201.0599365234375
IMG_0045.mp4,686,22.866666666666667,30.0,482,2,traffic_signs,0.725516676902771,1638.7503662109375,1026.7911376953125,1807.588623046875,1195.63525390625,1723.1694946289062,1111.2131958007812,168.8382568359375,168.8441162109375
IMG_0045.mp4,686,22.866666666666667,30.0,507,2,traffic_signs,0.8591029644012451,2506.517822265625,1370.7763671875,2605.33935546875,1519.9091796875,2555.9285888671875,1445.3427734375,98.821533203125,149.1328125
IMG_0045.mp4,686,22.866666666666667,30.0,521,2,traffic_signs,0.9278689622879028,3305.416015625,1767.1328125,3356.180908203125,1839.6898193359375,3330.7984619140625,1803.4113159179688,50.764892578125,72.5570068359375
IMG_0045.mp4,686,22.866666666666667,30.0,550,2,traffic_signs,0.8189939856529236,777.1494750976562,1303.2540283203125,900.1417846679688,1424.3778076171875,838.6456298828125,1363.81591796875,122.9923095703125,121.123779296875
IMG_0045.mp4,687,22.9,30.0,500,2,traffic_signs,0.8979498744010925,1631.4727783203125,1213.26708984375,1824.40869140625,1413.390625,1727.9407348632812,1313.328857421875,192.9359130859375,200.12353515625
IMG_0045.mp4,687,22.9,30.0,482,2,traffic_signs,0.5787683725357056,1679.3602294921875,1026.6112060546875,1848.9940185546875,1196.5411376953125,1764.1771240234375,1111.576171875,169.6337890625,169.929931640625
IMG_0045.mp4,687,22.9,30.0,507,2,traffic_signs,0.7857966423034668,2556.046142578125,1373.578369140625,2655.448486328125,1524.7218017578125,2605.747314453125,1449.1500854492188,99.40234375,151.1434326171875
IMG_0045.mp4,687,22.9,30.0,521,2,traffic_signs,0.9109471440315247,3361.78466796875,1773.51708984375,3414.324951171875,1846.1346435546875,3388.0548095703125,1809.8258666992188,52.540283203125,72.6175537109375
IMG_0045.mp4,687,22.9,30.0,550,2,traffic_signs,0.8193401098251343,818.1786499023438,1310.7666015625,942.2155151367188,1430.7113037109375,880.1970825195312,1370.7389526367188,124.036865234375,119.9447021484375
IMG_0045.mp4,688,22.933333333333334,30.0,500,2,traffic_signs,0.896547257900238,1672.0640869140625,1216.7562255859375,1865.5426025390625,1416.63671875,1768.8033447265625,1316.6964721679688,193.478515625,199.8804931640625
IMG_0045.mp4,688,22.933333333333334,30.0,482,2,traffic_signs,0.9063873887062073,1718.275634765625,1026.0853271484375,1889.7174072265625,1202.822021484375,1803.9965209960938,1114.4536743164062,171.4417724609375,176.7366943359375
IMG_0045.mp4,688,22.933333333333334,30.0,507,2,traffic_signs,0.5960109233856201,2607.4462890625,1376.16162109375,2706.739990234375,1529.119384765625,2657.0931396484375,1452.6405029296875,99.293701171875,152.957763671875
IMG_0045.mp4,688,22.933333333333334,30.0,521,2,traffic_signs,0.9282991886138916,3422.873779296875,1780.1094970703125,3475.60791015625,1853.4393310546875,3449.2408447265625,1816.7744140625,52.734130859375,73.329833984375
IMG_0045.mp4,688,22.933333333333334,30.0,550,2,traffic_signs,0.8971771597862244,858.29638671875,1317.2784423828125,983.1846923828125,1436.4700927734375,920.7405395507812,1376.874267578125,124.8883056640625,119.191650390625
IMG_0045.mp4,689,22.966666666666665,30.0,500,2,traffic_signs,0.9183477759361267,1713.483642578125,1217.08837890625,1908.2135009765625,1420.7864990234375,1810.8485717773438,1318.9374389648438,194.7298583984375,203.6981201171875
IMG_0045.mp4,689,22.966666666666665,30.0,482,2,traffic_signs,0.9216121435165405,1761.3983154296875,1028.142333984375,1928.9002685546875,1204.868896484375,1845.1492919921875,1116.505615234375,167.501953125,176.7265625
IMG_0045.mp4,689,22.966666666666665,30.0,507,2,traffic_signs,0.29333192110061646,2657.0859375,1381.2562255859375,2757.046630859375,1532.8760986328125,2707.0662841796875,1457.066162109375,99.960693359375,151.619873046875
IMG_0045.mp4,689,22.966666666666665,30.0,521,2,traffic_signs,0.8652123808860779,3479.819091796875,1785.8779296875,3534.780517578125,1860.1279296875,3507.2998046875,1823.0029296875,54.96142578125,74.25
IMG_0045.mp4,689,22.966666666666665,30.0,550,2,traffic_signs,0.8182648420333862,902.720458984375,1322.632080078125,1027.531005859375,1442.0433349609375,965.125732421875,1382.3377075195312,124.810546875,119.4112548828125
IMG_0045.mp4,690,23.0,30.0,500,2,traffic_signs,0.9256064891815186,1756.4151611328125,1215.995849609375,1950.7125244140625,1423.788330078125,1853.5638427734375,1319.89208984375,194.29736328125,207.79248046875
IMG_0045.mp4,690,23.0,30.0,482,2,traffic_signs,0.8323451280593872,1802.1693115234375,1027.5159912109375,1972.41796875,1205.6121826171875,1887.2936401367188,1116.5640869140625,170.2486572265625,178.09619140625
IMG_0045.mp4,690,23.0,30.0,507,2,traffic_signs,0.5732156038284302,2707.929443359375,1380.9228515625,2809.2626953125,1536.018798828125,2758.5960693359375,1458.4708251953125,101.333251953125,155.095947265625
IMG_0045.mp4,690,23.0,30.0,521,2,traffic_signs,0.9207550287246704,3537.72900390625,1790.866943359375,3594.9736328125,1865.093505859375,3566.351318359375,1827.980224609375,57.24462890625,74.2265625
IMG_0045.mp4,690,23.0,30.0,550,2,traffic_signs,0.9270851016044617,948.1734619140625,1326.9403076171875,1071.37158203125,1446.6527099609375,1009.7725219726562,1386.7965087890625,123.1981201171875,119.71240234375
IMG_0045.mp4,691,23.033333333333335,30.0,500,2,traffic_signs,0.9326721429824829,1797.4676513671875,1215.8245849609375,1994.67138671875,1426.0833740234375,1896.0695190429688,1320.9539794921875,197.2037353515625,210.2587890625
IMG_0045.mp4,691,23.033333333333335,30.0,482,2,traffic_signs,0.9265192747116089,1842.3043212890625,1026.5615234375,2015.7138671875,1205.2557373046875,1929.0090942382812,1115.9086303710938,173.4095458984375,178.6942138671875
IMG_0045.mp4,691,23.033333333333335,30.0,507,2,traffic_signs,0.7908613085746765,2760.4111328125,1382.27294921875,2864.050048828125,1540.6531982421875,2812.2305908203125,1461.4630737304688,103.638916015625,158.3802490234375
IMG_0045.mp4,691,23.033333333333335,30.0,521,2,traffic_signs,0.8798419237136841,3599.830322265625,1797.9830322265625,3658.84326171875,1873.120849609375,3629.3367919921875,1835.5519409179688,59.012939453125,75.1378173828125
IMG_0045.mp4,691,23.033333333333335,30.0,550,2,traffic_signs,0.8406866788864136,990.7571411132812,1329.0228271484375,1112.0677490234375,1451.7685546875,1051.4124450683594,1390.3956909179688,121.31060791015625,122.7457275390625
IMG_0045.mp4,692,23.066666666666666,30.0,500,2,traffic_signs,0.9483016133308411,1837.7138671875,1216.682373046875,2038.019287109375,1427.6298828125,1937.8665771484375,1322.1561279296875,200.305419921875,210.947509765625
IMG_0045.mp4,692,23.066666666666666,30.0,482,2,traffic_signs,0.9449598789215088,1883.8575439453125,1026.619384765625,2061.130859375,1206.0562744140625,1972.4942016601562,1116.3378295898438,177.2733154296875,179.4368896484375
IMG_0045.mp4,692,23.066666666666666,30.0,507,2,traffic_signs,0.7251434922218323,2809.94482421875,1384.3681640625,2916.830078125,1543.6212158203125,2863.387451171875,1463.9946899414062,106.88525390625,159.2530517578125
IMG_0045.mp4,692,23.066666666666666,30.0,521,2,traffic_signs,0.9175499677658081,3659.22509765625,1802.1365966796875,3719.7001953125,1878.540283203125,3689.462646484375,1840.3384399414062,60.47509765625,76.4036865234375
IMG_0045.mp4,692,23.066666666666666,30.0,550,2,traffic_signs,0.8638039827346802,1034.4722900390625,1334.3177490234375,1153.98486328125,1455.52099609375,1094.2285766601562,1394.9193725585938,119.5125732421875,121.2032470703125
IMG_0045.mp4,693,23.1,30.0,500,2,traffic_signs,0.9495386481285095,1879.864501953125,1219.3968505859375,2083.47998046875,1431.4632568359375,1981.6722412109375,1325.4300537109375,203.615478515625,212.06640625
IMG_0045.mp4,693,23.1,30.0,482,2,traffic_signs,0.8997946381568909,1927.505859375,1027.5057373046875,2105.134033203125,1207.0972900390625,2016.3199462890625,1117.301513671875,177.628173828125,179.591552734375
IMG_0045.mp4,693,23.1,30.0,507,2,traffic_signs,0.6693918108940125,2865.448974609375,1388.6124267578125,2971.372314453125,1544.9412841796875,2918.41064453125,1466.77685546875,105.92333984375,156.328857421875
IMG_0045.mp4,693,23.1,30.0,521,2,traffic_signs,0.869647204875946,3723.751220703125,1808.849609375,3785.556640625,1884.99609375,3754.6539306640625,1846.9228515625,61.805419921875,76.146484375
IMG_0045.mp4,693,23.1,30.0,550,2,traffic_signs,0.7622309327125549,1076.5955810546875,1341.4569091796875,1197.8546142578125,1462.1549072265625,1137.22509765625,1401.805908203125,121.259033203125,120.697998046875
IMG_0045.mp4,694,23.133333333333333,30.0,500,2,traffic_signs,0.9198795557022095,1922.807373046875,1219.3092041015625,2127.13525390625,1433.4163818359375,2024.9713134765625,1326.36279296875,204.327880859375,214.107177734375
IMG_0045.mp4,694,23.133333333333333,30.0,482,2,traffic_signs,0.9167238473892212,1968.4364013671875,1025.7872314453125,2149.123291015625,1207.8135986328125,2058.7798461914062,1116.8004150390625,180.6868896484375,182.0263671875
IMG_0045.mp4,694,23.133333333333333,30.0,507,2,traffic_signs,0.8971927762031555,2916.998291015625,1391.8353271484375,3026.978759765625,1550.906005859375,2971.988525390625,1471.3706665039062,109.98046875,159.0706787109375
IMG_0045.mp4,694,23.133333333333333,30.0,521,2,traffic_signs,0.8745957612991333,3786.224365234375,1813.4586181640625,3840.0,1892.232177734375,3813.1121826171875,1852.8453979492188,53.775634765625,78.7735595703125
IMG_0045.mp4,694,23.133333333333333,30.0,550,2,traffic_signs,0.32357272505760193,1119.952392578125,1336.553955078125,1245.269775390625,1466.6767578125,1182.611083984375,1401.6153564453125,125.3173828125,130.122802734375
IMG_0045.mp4,695,23.166666666666668,30.0,500,2,traffic_signs,0.9131897687911987,1966.2471923828125,1218.0751953125,2172.32470703125,1434.59375,2069.2859497070312,1326.33447265625,206.0775146484375,216.5185546875
IMG_0045.mp4,695,23.166666666666668,30.0,482,2,traffic_signs,0.8749658465385437,2010.2108154296875,1023.8328857421875,2193.302734375,1208.198486328125,2101.7567749023438,1116.0156860351562,183.0919189453125,184.3656005859375
IMG_0045.mp4,695,23.166666666666668,30.0,507,2,traffic_signs,0.8773503303527832,2972.15283203125,1392.6075439453125,3083.29541015625,1554.6959228515625,3027.72412109375,1473.6517333984375,111.142578125,162.08837890625
IMG_0045.mp4,695,23.166666666666668,30.0,550,2,traffic_signs,0.8017491102218628,1158.9486083984375,1340.448486328125,1284.426513671875,1469.3616943359375,1221.6875610351562,1404.9050903320312,125.4779052734375,128.9132080078125
IMG_0045.mp4,696,23.2,30.0,500,2,traffic_signs,0.9340180158615112,2009.287109375,1218.55419921875,2216.348388671875,1436.828857421875,2112.8177490234375,1327.6915283203125,207.061279296875,218.274658203125
IMG_0045.mp4,696,23.2,30.0,482,2,traffic_signs,0.9227957129478455,2053.2021484375,1021.1427612304688,2235.98046875,1208.2359619140625,2144.59130859375,1114.6893615722656,182.7783203125,187.09320068359375
IMG_0045.mp4,696,23.2,30.0,507,2,traffic_signs,0.9197629690170288,3026.88134765625,1394.0782470703125,3138.44384765625,1557.7138671875,3082.66259765625,1475.8960571289062,111.5625,163.6356201171875
IMG_0045.mp4,696,23.2,30.0,550,2,traffic_signs,0.6999989151954651,1201.798095703125,1348.3543701171875,1325.3310546875,1474.9720458984375,1263.5645751953125,1411.6632080078125,123.532958984375,126.61767578125
IMG_0045.mp4,697,23.233333333333334,30.0,500,2,traffic_signs,0.9269601106643677,2051.954833984375,1219.6190185546875,2262.332763671875,1439.3758544921875,2157.143798828125,1329.4974365234375,210.3779296875,219.7568359375
IMG_0045.mp4,697,23.233333333333334,30.0,482,2,traffic_signs,0.9460095167160034,2097.06787109375,1019.744140625,2281.0439453125,1209.26953125,2189.055908203125,1114.5068359375,183.97607421875,189.525390625
IMG_0045.mp4,697,23.233333333333334,30.0,507,2,traffic_signs,0.9064368605613708,3080.946044921875,1393.49169921875,3194.177978515625,1559.1304931640625,3137.56201171875,1476.3110961914062,113.23193359375,165.6387939453125
IMG_0045.mp4,697,23.233333333333334,30.0,550,2,traffic_signs,0.8359473347663879,1242.70654296875,1356.8486328125,1366.4713134765625,1480.0316162109375,1304.5889282226562,1418.4401245117188,123.7647705078125,123.1829833984375
IMG_0045.mp4,698,23.266666666666666,30.0,500,2,traffic_signs,0.9426898956298828,2095.02587890625,1219.70556640625,2308.320556640625,1442.226318359375,2201.6732177734375,1330.9659423828125,213.294677734375,222.520751953125
IMG_0045.mp4,698,23.266666666666666,30.0,482,2,traffic_signs,0.9506003260612488,2141.2763671875,1017.8059692382812,2325.6650390625,1210.697509765625,2233.470703125,1114.2517395019531,184.388671875,192.89154052734375
IMG_0045.mp4,698,23.266666666666666,30.0,507,2,traffic_signs,0.9373840093612671,3137.57177734375,1395.7406005859375,3251.983642578125,1562.971923828125,3194.7777099609375,1479.3562622070312,114.411865234375,167.2313232421875
IMG_0045.mp4,698,23.266666666666666,30.0,550,2,traffic_signs,0.8244085311889648,1285.004638671875,1362.4205322265625,1406.976806640625,1484.8206787109375,1345.99072265625,1423.62060546875,121.97216796875,122.400146484375
IMG_0045.mp4,699,23.3,30.0,500,2,traffic_signs,0.9424452185630798,2139.129638671875,1219.8243408203125,2354.53271484375,1443.4024658203125,2246.8311767578125,1331.6134033203125,215.403076171875,223.578125
IMG_0045.mp4,699,23.3,30.0,482,2,traffic_signs,0.9403648972511292,2184.652099609375,1017.92333984375,2371.16748046875,1210.67138671875,2277.9097900390625,1114.29736328125,186.515380859375,192.748046875
IMG_0045.mp4,699,23.3,30.0,507,2,traffic_signs,0.9353124499320984,3192.86376953125,1396.188232421875,3308.4609375,1566.611572265625,3250.662353515625,1481.39990234375,115.59716796875,170.42333984375
IMG_0045.mp4,699,23.3,30.0,550,2,traffic_signs,0.7917400598526001,1327.54638671875,1365.4283447265625,1447.9906005859375,1488.750732421875,1387.7684936523438,1427.0895385742188,120.4442138671875,123.3223876953125
IMG_0045.mp4,699,23.3,30.0,571,2,traffic_signs,0.5103725790977478,1120.3973388671875,1701.443603515625,1157.4918212890625,1737.5362548828125,1138.944580078125,1719.4899291992188,37.094482421875,36.0926513671875
IMG_0045.mp4,700,23.333333333333332,30.0,500,2,traffic_signs,0.9449197053909302,2183.29052734375,1218.509765625,2400.27734375,1445.442626953125,2291.783935546875,1331.9761962890625,216.98681640625,226.932861328125
IMG_0045.mp4,700,23.333333333333332,30.0,482,2,traffic_signs,0.9545194506645203,2227.674072265625,1016.783203125,2417.046875,1209.6357421875,2322.3604736328125,1113.20947265625,189.372802734375,192.8525390625
IMG_0045.mp4,700,23.333333333333332,30.0,507,2,traffic_signs,0.944579541683197,3249.004150390625,1396.126708984375,3366.847412109375,1569.3760986328125,3307.92578125,1482.7514038085938,117.84326171875,173.2493896484375
IMG_0045.mp4,700,23.333333333333332,30.0,550,2,traffic_signs,0.7426345348358154,1366.63720703125,1368.8787841796875,1487.02294921875,1492.8126220703125,1426.830078125,1430.845703125,120.3857421875,123.933837890625
IMG_0045.mp4,701,23.366666666666667,30.0,500,2,traffic_signs,0.942783772945404,2226.99169921875,1218.4112548828125,2447.046142578125,1447.4564208984375,2337.0189208984375,1332.933837890625,220.054443359375,229.045166015625
IMG_0045.mp4,701,23.366666666666667,30.0,482,2,traffic_signs,0.9634721279144287,2271.00732421875,1014.857421875,2462.8671875,1210.3822021484375,2366.937255859375,1112.6198120117188,191.85986328125,195.5247802734375
IMG_0045.mp4,701,23.366666666666667,30.0,507,2,traffic_signs,0.9372637271881104,3305.155517578125,1396.126220703125,3425.07177734375,1572.125,3365.1136474609375,1484.1256103515625,119.916259765625,175.998779296875
IMG_0045.mp4,701,23.366666666666667,30.0,550,2,traffic_signs,0.788805365562439,1409.4881591796875,1373.5672607421875,1529.2972412109375,1495.883544921875,1469.3927001953125,1434.7254028320312,119.80908203125,122.3162841796875
IMG_0045.mp4,702,23.4,30.0,500,2,traffic_signs,0.945185124874115,2272.271728515625,1217.322021484375,2494.926025390625,1448.860107421875,2383.598876953125,1333.091064453125,222.654296875,231.5380859375
IMG_0045.mp4,702,23.4,30.0,482,2,traffic_signs,0.9504655003547668,2315.93701171875,1010.9815673828125,2510.147705078125,1208.3612060546875,2413.0423583984375,1109.67138671875,194.210693359375,197.379638671875
IMG_0045.mp4,702,23.4,30.0,507,2,traffic_signs,0.7112513780593872,3365.533935546875,1395.845703125,3488.4072265625,1574.881591796875,3426.9705810546875,1485.3636474609375,122.873291015625,179.035888671875
IMG_0045.mp4,702,23.4,30.0,550,2,traffic_signs,0.8657612800598145,1452.8978271484375,1375.5360107421875,1569.9373779296875,1499.5570068359375,1511.4176025390625,1437.5465087890625,117.03955078125,124.02099609375
IMG_0045.mp4,703,23.433333333333334,30.0,500,2,traffic_signs,0.9410127401351929,2315.674072265625,1216.2684326171875,2542.38232421875,1450.4884033203125,2429.0281982421875,1333.37841796875,226.708251953125,234.219970703125
IMG_0045.mp4,703,23.433333333333334,30.0,482,2,traffic_signs,0.9514517188072205,2361.14111328125,1007.7390747070312,2559.712646484375,1207.41162109375,2460.4268798828125,1107.5753479003906,198.571533203125,199.67254638671875
IMG_0045.mp4,703,23.433333333333334,30.0,507,2,traffic_signs,0.9195890426635742,3425.947021484375,1394.3929443359375,3550.671875,1576.97412109375,3488.3094482421875,1485.6835327148438,124.724853515625,182.5811767578125
IMG_0045.mp4,703,23.433333333333334,30.0,550,2,traffic_signs,0.8102001547813416,1493.930908203125,1377.89111328125,1610.5654296875,1502.4066162109375,1552.2481689453125,1440.1488647460938,116.634521484375,124.5155029296875
IMG_0045.mp4,704,23.466666666666665,30.0,500,2,traffic_signs,0.9475934505462646,2361.93896484375,1216.7686767578125,2591.972412109375,1453.5084228515625,2476.9556884765625,1335.1385498046875,230.033447265625,236.73974609375
IMG_0045.mp4,704,23.466666666666665,30.0,482,2,traffic_signs,0.9205976128578186,2408.498291015625,1003.4795532226562,2608.322265625,1201.9007568359375,2508.4102783203125,1102.6901550292969,199.823974609375,198.42120361328125
IMG_0045.mp4,704,23.466666666666665,30.0,507,2,traffic_signs,0.9281841516494751,3485.8349609375,1392.6619873046875,3613.91650390625,1580.0533447265625,3549.875732421875,1486.357666015625,128.08154296875,187.391357421875
IMG_0045.mp4,704,23.466666666666665,30.0,550,2,traffic_signs,0.8894906044006348,1534.48681640625,1383.0574951171875,1651.96435546875,1506.4747314453125,1593.2255859375,1444.76611328125,117.4775390625,123.417236328125
IMG_0045.mp4,705,23.5,30.0,500,2,traffic_signs,0.9397673010826111,2408.176513671875,1215.328857421875,2642.469970703125,1453.815185546875,2525.3232421875,1334.572021484375,234.29345703125,238.486328125
IMG_0045.mp4,705,23.5,30.0,482,2,traffic_signs,0.9201221466064453,2454.572509765625,996.6317749023438,2660.1572265625,1200.7366943359375,2557.3648681640625,1098.6842346191406,205.584716796875,204.10491943359375
IMG_0045.mp4,705,23.5,30.0,507,2,traffic_signs,0.8853400945663452,3547.927490234375,1387.8839111328125,3679.51953125,1579.3597412109375,3613.7235107421875,1483.621826171875,131.592041015625,191.475830078125
IMG_0045.mp4,705,23.5,30.0,550,2,traffic_signs,0.8181520700454712,1572.90966796875,1385.6217041015625,1691.060546875,1509.760009765625,1631.985107421875,1447.6908569335938,118.15087890625,124.1383056640625
IMG_0045.mp4,706,23.533333333333335,30.0,500,2,traffic_signs,0.9535083770751953,2454.593505859375,1213.4718017578125,2693.7275390625,1455.0670166015625,2574.1605224609375,1334.2694091796875,239.134033203125,241.59521484375
IMG_0045.mp4,706,23.533333333333335,30.0,482,2,traffic_signs,0.9210208058357239,2500.7861328125,992.5911865234375,2708.6201171875,1198.94677734375,2604.703125,1095.7689819335938,207.833984375,206.3555908203125
IMG_0045.mp4,706,23.533333333333335,30.0,507,2,traffic_signs,0.931626558303833,3609.008544921875,1389.259033203125,3744.949951171875,1581.81396484375,3676.979248046875,1485.5364990234375,135.94140625,192.554931640625
IMG_0045.mp4,706,23.533333333333335,30.0,550,2,traffic_signs,0.8959384560585022,1614.3341064453125,1388.5003662109375,1731.702880859375,1512.746826171875,1673.0184936523438,1450.6235961914062,117.3687744140625,124.2464599609375
IMG_0045.mp4,707,23.566666666666666,30.0,500,2,traffic_signs,0.9452201724052429,2503.010498046875,1208.9569091796875,2745.852783203125,1455.63330078125,2624.431640625,1332.2951049804688,242.84228515625,246.6763916015625
IMG_0045.mp4,707,23.566666666666666,30.0,482,2,traffic_signs,0.9577780365943909,2547.51953125,988.4810180664062,2758.090087890625,1195.96728515625,2652.8048095703125,1092.2241516113281,210.570556640625,207.48626708984375
IMG_0045.mp4,707,23.566666666666666,30.0,507,2,traffic_signs,0.8832483291625977,3672.279296875,1389.8673095703125,3811.740234375,1583.71630859375,3742.009765625,1486.7918090820312,139.4609375,193.8489990234375
IMG_0045.mp4,707,23.566666666666666,30.0,550,2,traffic_signs,0.8251030445098877,1653.4818115234375,1391.5111083984375,1772.393798828125,1516.4434814453125,1712.9378051757812,1453.977294921875,118.9119873046875,124.932373046875
IMG_0045.mp4,708,23.6,30.0,500,2,traffic_signs,0.9293541312217712,2551.79052734375,1206.1964111328125,2796.74462890625,1454.456787109375,2674.267578125,1330.3265991210938,244.9541015625,248.2603759765625
IMG_0045.mp4,708,23.6,30.0,482,2,traffic_signs,0.9552110433578491,2597.6845703125,983.4959716796875,2807.7841796875,1193.61669921875,2702.734375,1088.5563354492188,210.099609375,210.1207275390625
IMG_0045.mp4,708,23.6,30.0,507,2,traffic_signs,0.8097323179244995,3739.5673828125,1389.7705078125,3840.0,1585.098388671875,3789.78369140625,1487.4344482421875,100.4326171875,195.327880859375
IMG_0045.mp4,708,23.6,30.0,550,2,traffic_signs,0.8577273488044739,1693.2843017578125,1394.7174072265625,1813.6033935546875,1518.66845703125,1753.44384765625,1456.6929321289062,120.319091796875,123.9510498046875
IMG_0045.mp4,709,23.633333333333333,30.0,500,2,traffic_signs,0.9378765821456909,2599.7783203125,1199.6937255859375,2848.90234375,1454.649169921875,2724.34033203125,1327.1714477539062,249.1240234375,254.9554443359375
IMG_0045.mp4,709,23.633333333333333,30.0,482,2,traffic_signs,0.9529634118080139,2647.01806640625,975.9004516601562,2860.779296875,1189.9031982421875,2753.898681640625,1082.9018249511719,213.76123046875,214.00274658203125
IMG_0045.mp4,709,23.633333333333333,30.0,550,2,traffic_signs,0.6448139548301697,1734.2254638671875,1393.494384765625,1854.129150390625,1521.4947509765625,1794.1773071289062,1457.4945678710938,119.9036865234375,128.0003662109375
IMG_0045.mp4,710,23.666666666666668,30.0,500,2,traffic_signs,0.939520537853241,2649.659912109375,1194.9609375,2900.113037109375,1455.6964111328125,2774.886474609375,1325.3286743164062,250.453125,260.7354736328125
IMG_0045.mp4,710,23.666666666666668,30.0,482,2,traffic_signs,0.9520219564437866,2695.344482421875,968.4876708984375,2909.024658203125,1183.3284912109375,2802.1845703125,1075.9080810546875,213.68017578125,214.8408203125
IMG_0045.mp4,710,23.666666666666668,30.0,550,2,traffic_signs,0.43196800351142883,1771.298828125,1395.152587890625,1893.0833740234375,1525.1343994140625,1832.1911010742188,1460.1434936523438,121.7845458984375,129.9818115234375
IMG_0045.mp4,711,23.7,30.0,500,2,traffic_signs,0.9262757301330566,2698.63720703125,1190.396240234375,2954.75927734375,1454.3189697265625,2826.6982421875,1322.3576049804688,256.1220703125,263.9227294921875
IMG_0045.mp4,711,23.7,30.0,482,2,traffic_signs,0.9453437328338623,2745.637451171875,960.4994506835938,2964.0205078125,1179.8851318359375,2854.8289794921875,1070.1922912597656,218.383056640625,219.38568115234375
IMG_0045.mp4,711,23.7,30.0,550,2,traffic_signs,0.7097910046577454,1812.476318359375,1398.068603515625,1932.4459228515625,1527.5218505859375,1872.4611206054688,1462.7952270507812,119.9696044921875,129.4532470703125
IMG_0045.mp4,712,23.733333333333334,30.0,500,2,traffic_signs,0.9305664300918579,2747.986572265625,1188.6590576171875,3008.091796875,1453.7677001953125,2878.0391845703125,1321.21337890625,260.105224609375,265.108642578125
IMG_0045.mp4,712,23.733333333333334,30.0,482,2,traffic_signs,0.9396633505821228,2794.4453125,954.40673828125,3016.46044921875,1175.3055419921875,2905.452880859375,1064.8561401367188,222.01513671875,220.8988037109375
IMG_0045.mp4,712,23.733333333333334,30.0,550,2,traffic_signs,0.47843196988105774,1848.9774169921875,1400.6177978515625,1970.7252197265625,1530.126708984375,1909.851318359375,1465.3722534179688,121.747802734375,129.5089111328125
IMG_0045.mp4,713,23.766666666666666,30.0,500,2,traffic_signs,0.8973884582519531,2797.02978515625,1182.7388916015625,3061.593017578125,1450.9251708984375,2929.3114013671875,1316.83203125,264.563232421875,268.186279296875
IMG_0045.mp4,713,23.766666666666666,30.0,482,2,traffic_signs,0.9090195894241333,2843.152099609375,947.3680419921875,3067.919189453125,1171.525390625,2955.53564453125,1059.4467163085938,224.76708984375,224.1573486328125
IMG_0045.mp4,713,23.766666666666666,30.0,550,2,traffic_signs,0.5010302066802979,1887.114501953125,1402.251220703125,2009.195556640625,1532.7396240234375,1948.155029296875,1467.4954223632812,122.0810546875,130.4884033203125
IMG_0045.mp4,714,23.8,30.0,500,2,traffic_signs,0.9146605730056763,2847.302490234375,1177.3966064453125,3115.76318359375,1448.580810546875,2981.5328369140625,1312.9887084960938,268.460693359375,271.1842041015625
IMG_0045.mp4,714,23.8,30.0,482,2,traffic_signs,0.8912865519523621,2894.53955078125,939.1210327148438,3118.529296875,1165.3958740234375,3006.534423828125,1052.2584533691406,223.98974609375,226.27484130859375
IMG_0045.mp4,714,23.8,30.0,550,2,traffic_signs,0.7025338411331177,1926.3389892578125,1405.1910400390625,2046.3350830078125,1533.6656494140625,1986.3370361328125,1469.4283447265625,119.99609375,128.474609375
IMG_0045.mp4,715,23.833333333333332,30.0,482,2,traffic_signs,0.9111660122871399,2944.423828125,929.5408935546875,3173.34033203125,1158.2646484375,3058.882080078125,1043.9027709960938,228.91650390625,228.7237548828125
IMG_0045.mp4,715,23.833333333333332,30.0,550,2,traffic_signs,0.8589039444923401,1963.9775390625,1406.0406494140625,2085.219482421875,1538.1923828125,2024.5985107421875,1472.1165161132812,121.241943359375,132.1517333984375
IMG_0045.mp4,716,23.866666666666667,30.0,482,2,traffic_signs,0.8895167112350464,2995.346923828125,920.0602416992188,3230.422607421875,1149.6065673828125,3112.884765625,1034.8334045410156,235.07568359375,229.54632568359375
IMG_0045.mp4,716,23.866666666666667,30.0,550,2,traffic_signs,0.596005380153656,2001.5889892578125,1408.60986328125,2124.266357421875,1540.26953125,2062.9276733398438,1474.439697265625,122.6773681640625,131.65966796875
IMG_0045.mp4,716,23.866666666666667,30.0,576,2,traffic_signs,0.545270562171936,2001.1846923828125,1409.6326904296875,2126.685791015625,1539.7205810546875,2063.9352416992188,1474.6766357421875,125.5010986328125,130.087890625
IMG_0045.mp4,716,23.866666666666667,30.0,500,2,traffic_signs,0.9169789552688599,2949.88037109375,1164.5072021484375,3235.73974609375,1442.9541015625,3092.81005859375,1303.7306518554688,285.859375,278.4468994140625
IMG_0045.mp4,717,23.9,30.0,482,2,traffic_signs,0.891558051109314,3047.13232421875,912.4224243164062,3282.218505859375,1143.8680419921875,3164.6754150390625,1028.1452331542969,235.086181640625,231.44561767578125
IMG_0045.mp4,717,23.9,30.0,550,2,traffic_signs,0.830413818359375,2039.3673095703125,1409.3134765625,2161.5625,1542.66259765625,2100.4649047851562,1475.988037109375,122.1951904296875,133.34912109375
IMG_0045.mp4,717,23.9,30.0,500,2,traffic_signs,0.7465167045593262,3001.794189453125,1154.954833984375,3284.283935546875,1440.1773681640625,3143.0390625,1297.5661010742188,282.48974609375,285.2225341796875
IMG_0045.mp4,718,23.933333333333334,30.0,482,2,traffic_signs,0.718170166015625,3102.98046875,901.401611328125,3339.92333984375,1137.980712890625,3221.451904296875,1019.691162109375,236.94287109375,236.5791015625
IMG_0045.mp4,718,23.933333333333334,30.0,550,2,traffic_signs,0.7879237532615662,2077.373779296875,1410.885009765625,2199.914794921875,1543.4222412109375,2138.644287109375,1477.1536254882812,122.541015625,132.5372314453125
IMG_0045.mp4,718,23.933333333333334,30.0,500,2,traffic_signs,0.8942418098449707,3055.369873046875,1145.56640625,3346.4287109375,1437.020751953125,3200.8992919921875,1291.2935791015625,291.058837890625,291.454345703125
IMG_0045.mp4,719,23.966666666666665,30.0,482,2,traffic_signs,0.40754982829093933,3154.255615234375,889.432861328125,3396.622314453125,1133.6451416015625,3275.43896484375,1011.5390014648438,242.36669921875,244.2122802734375
IMG_0045.mp4,719,23.966666666666665,30.0,550,2,traffic_signs,0.8364714980125427,2114.931884765625,1411.4227294921875,2238.12353515625,1544.955078125,2176.5277099609375,1478.1889038085938,123.191650390625,133.5323486328125
IMG_0045.mp4,719,23.966666666666665,30.0,500,2,traffic_signs,0.8264811635017395,3107.32470703125,1140.9322509765625,3405.177978515625,1433.80517578125,3256.2513427734375,1287.3687133789062,297.853271484375,292.8729248046875
IMG_0045.mp4,720,24.0,30.0,482,2,traffic_signs,0.6744630932807922,3206.817138671875,876.1090698242188,3458.852783203125,1125.77197265625,3332.8349609375,1000.9405212402344,252.03564453125,249.66290283203125
IMG_0045.mp4,720,24.0,30.0,550,2,traffic_signs,0.7500832080841064,2152.28271484375,1413.5487060546875,2277.034912109375,1547.0040283203125,2214.6588134765625,1480.2763671875,124.752197265625,133.455322265625
IMG_0045.mp4,720,24.0,30.0,500,2,traffic_signs,0.6940668225288391,3161.13671875,1134.52783203125,3465.837646484375,1430.873046875,3313.4871826171875,1282.700439453125,304.700927734375,296.34521484375
IMG_0045.mp4,721,24.033333333333335,30.0,482,2,traffic_signs,0.3739231526851654,3263.588134765625,864.2947387695312,3519.245849609375,1110.7623291015625,3391.4169921875,987.5285339355469,255.65771484375,246.46759033203125
IMG_0045.mp4,721,24.033333333333335,30.0,550,2,traffic_signs,0.5899330377578735,2189.400146484375,1413.5244140625,2315.937744140625,1548.705322265625,2252.6689453125,1481.1148681640625,126.53759765625,135.180908203125
IMG_0045.mp4,721,24.033333333333335,30.0,500,2,traffic_signs,0.9120835065841675,3215.484619140625,1123.5625,3526.322509765625,1427.9400634765625,3370.903564453125,1275.7512817382812,310.837890625,304.3775634765625
IMG_0045.mp4,722,24.066666666666666,30.0,482,2,traffic_signs,0.5456824898719788,3319.075927734375,851.1399536132812,3579.08642578125,1098.9290771484375,3449.0811767578125,975.0345153808594,260.010498046875,247.78912353515625
IMG_0045.mp4,722,24.066666666666666,30.0,550,2,traffic_signs,0.44276368618011475,2225.958251953125,1413.890380859375,2352.593017578125,1549.6650390625,2289.275634765625,1481.7777099609375,126.634765625,135.774658203125
IMG_0045.mp4,722,24.066666666666666,30.0,500,2,traffic_signs,0.8216325640678406,3268.79296875,1113.9061279296875,3587.660400390625,1423.8780517578125,3428.2266845703125,1268.89208984375,318.867431640625,309.971923828125
IMG_0045.mp4,723,24.1,30.0,550,2,traffic_signs,0.604391872882843,2264.6591796875,1412.7520751953125,2389.4912109375,1549.9083251953125,2327.0751953125,1481.3302001953125,124.83203125,137.15625
IMG_0045.mp4,724,24.133333333333333,30.0,550,2,traffic_signs,0.5621410608291626,2300.313232421875,1415.55517578125,2427.76611328125,1551.7279052734375,2364.0396728515625,1483.6415405273438,127.452880859375,136.1727294921875
IMG_0045.mp4,724,24.133333333333333,30.0,580,2,traffic_signs,0.3789033591747284,1683.2041015625,1276.9244384765625,1724.350341796875,1464.1583251953125,1703.7772216796875,1370.5413818359375,41.146240234375,187.23388671875
IMG_0045.mp4,725,24.166666666666668,30.0,550,2,traffic_signs,0.2601737082004547,2338.522216796875,1415.5596923828125,2466.382568359375,1551.326171875,2402.452392578125,1483.4429321289062,127.8603515625,135.7664794921875
IMG_0045.mp4,725,24.166666666666668,30.0,580,2,traffic_signs,0.32369914650917053,1715.11962890625,1274.647705078125,1756.9388427734375,1461.57177734375,1736.0292358398438,1368.1097412109375,41.8192138671875,186.924072265625
IMG_0045.mp4,725,24.166666666666668,30.0,500,2,traffic_signs,0.503200352191925,3443.3603515625,1067.111572265625,3780.573486328125,1410.76806640625,3611.9669189453125,1238.9398193359375,337.213134765625,343.656494140625
IMG_0045.mp4,726,24.2,30.0,550,2,traffic_signs,0.7625429034233093,2372.510986328125,1414.842529296875,2504.768798828125,1550.9525146484375,2438.639892578125,1482.8975219726562,132.2578125,136.1099853515625
IMG_0045.mp4,726,24.2,30.0,580,2,traffic_signs,0.6570662260055542,1746.2244873046875,1275.547607421875,1787.5338134765625,1466.1739501953125,1766.879150390625,1370.8607788085938,41.309326171875,190.6263427734375
IMG_0045.mp4,726,24.2,30.0,500,2,traffic_signs,0.5364002585411072,3501.8828125,1057.598388671875,3834.467529296875,1403.6258544921875,3668.1751708984375,1230.6121215820312,332.584716796875,346.0274658203125
IMG_0045.mp4,726,24.2,30.0,482,2,traffic_signs,0.8654477596282959,3549.868896484375,824.3814697265625,3669.141845703125,1026.5037841796875,3609.50537109375,925.442626953125,119.27294921875,202.122314453125
IMG_0045.mp4,727,24.233333333333334,30.0,550,2,traffic_signs,0.7251039743423462,2409.431884765625,1414.5802001953125,2540.74755859375,1552.342529296875,2475.0897216796875,1483.4613647460938,131.315673828125,137.7623291015625
IMG_0045.mp4,727,24.233333333333334,30.0,580,2,traffic_signs,0.3322409987449646,1777.7625732421875,1274.015380859375,1819.7252197265625,1465.787353515625,1798.743896484375,1369.9013671875,41.962646484375,191.77197265625
IMG_0045.mp4,728,24.266666666666666,30.0,550,2,traffic_signs,0.728568434715271,2443.29296875,1413.9014892578125,2579.5498046875,1553.49365234375,2511.42138671875,1483.6975708007812,136.2568359375,139.5921630859375
IMG_0045.mp4,728,24.266666666666666,30.0,580,2,traffic_signs,0.28850430250167847,1809.0057373046875,1273.5560302734375,1850.88134765625,1463.0509033203125,1829.9435424804688,1368.303466796875,41.8756103515625,189.494873046875
IMG_0045.mp4,728,24.266666666666666,30.0,500,2,traffic_signs,0.7929756045341492,3622.704833984375,1042.1807861328125,3840.0,1389.4677734375,3731.3524169921875,1215.8242797851562,217.295166015625,347.2869873046875
IMG_0045.mp4,729,24.3,30.0,550,2,traffic_signs,0.590309202671051,2479.04736328125,1411.742431640625,2616.192626953125,1552.0831298828125,2547.6199951171875,1481.9127807617188,137.145263671875,140.3406982421875
IMG_0045.mp4,729,24.3,30.0,580,2,traffic_signs,0.7101621031761169,1838.7249755859375,1270.5615234375,1879.518310546875,1463.1038818359375,1859.1216430664062,1366.8327026367188,40.7933349609375,192.5423583984375
IMG_0045.mp4,729,24.3,30.0,500,2,traffic_signs,0.8963334560394287,3687.953857421875,1028.664306640625,3840.0,1369.80078125,3763.9769287109375,1199.2325439453125,152.046142578125,341.136474609375
IMG_0045.mp4,730,24.333333333333332,30.0,550,2,traffic_signs,0.7578431963920593,2514.54736328125,1411.045166015625,2653.411376953125,1552.48876953125,2583.9793701171875,1481.7669677734375,138.864013671875,141.443603515625
IMG_0045.mp4,730,24.333333333333332,30.0,500,2,traffic_signs,0.9413268566131592,3752.531982421875,1026.0052490234375,3840.0,1336.3382568359375,3796.2659912109375,1181.1717529296875,87.468017578125,310.3330078125
IMG_0045.mp4,731,24.366666666666667,30.0,550,2,traffic_signs,0.45429176092147827,2550.512451171875,1409.7764892578125,2688.003662109375,1552.1036376953125,2619.258056640625,1480.9400634765625,137.4912109375,142.3271484375
IMG_0045.mp4,732,24.4,30.0,550,2,traffic_signs,0.5748995542526245,2583.096923828125,1408.601806640625,2725.3330078125,1552.0665283203125,2654.2149658203125,1480.3341674804688,142.236083984375,143.4647216796875
IMG_0045.mp4,732,24.4,30.0,580,2,traffic_signs,0.5451130867004395,1927.73681640625,1265.1055908203125,1969.2803955078125,1461.7237548828125,1948.5086059570312,1363.4146728515625,41.5435791015625,196.6181640625
IMG_0045.mp4,733,24.433333333333334,30.0,550,2,traffic_signs,0.644792377948761,2617.1357421875,1405.94921875,2762.145751953125,1551.48974609375,2689.6407470703125,1478.719482421875,145.010009765625,145.54052734375
IMG_0045.mp4,733,24.433333333333334,30.0,580,2,traffic_signs,0.6950937509536743,1954.985107421875,1264.8941650390625,1995.22314453125,1458.740478515625,1975.1041259765625,1361.8173217773438,40.238037109375,193.8463134765625
IMG_0045.mp4,734,24.466666666666665,30.0,550,2,traffic_signs,0.49644631147384644,2652.902587890625,1404.315673828125,2797.636962890625,1550.70166015625,2725.269775390625,1477.5086669921875,144.734375,146.385986328125
IMG_0045.mp4,734,24.466666666666665,30.0,580,2,traffic_signs,0.6181156635284424,1982.6563720703125,1264.38037109375,2022.6634521484375,1457.945068359375,2002.659912109375,1361.1627197265625,40.007080078125,193.564697265625
IMG_0045.mp4,736,24.533333333333335,30.0,550,2,traffic_signs,0.6367067694664001,2719.869873046875,1400.6407470703125,2867.8564453125,1547.95751953125,2793.8631591796875,1474.2991333007812,147.986572265625,147.3167724609375
IMG_0045.mp4,736,24.533333333333335,30.0,580,2,traffic_signs,0.765903890132904,2036.9515380859375,1265.977783203125,2077.072509765625,1457.7490234375,2057.0120239257812,1361.8634033203125,40.1209716796875,191.771240234375
IMG_0045.mp4,737,24.566666666666666,30.0,550,2,traffic_signs,0.5097989439964294,2753.801025390625,1397.9532470703125,2902.322021484375,1546.61962890625,2828.0615234375,1472.2864379882812,148.52099609375,148.6663818359375
IMG_0045.mp4,738,24.6,30.0,550,2,traffic_signs,0.2989579737186432,2787.633544921875,1395.857421875,2937.066650390625,1546.208251953125,2862.35009765625,1471.0328369140625,149.43310546875,150.350830078125
IMG_0045.mp4,738,24.6,30.0,580,2,traffic_signs,0.3549215495586395,2088.073974609375,1259.5338134765625,2131.1416015625,1454.2066650390625,2109.6077880859375,1356.8702392578125,43.067626953125,194.6728515625
IMG_0045.mp4,739,24.633333333333333,30.0,550,2,traffic_signs,0.6232749819755554,2819.32421875,1393.0941162109375,2970.23974609375,1543.751220703125,2894.781982421875,1468.4226684570312,150.91552734375,150.6571044921875
IMG_0045.mp4,739,24.633333333333333,30.0,580,2,traffic_signs,0.5909698605537415,2114.09521484375,1255.0167236328125,2158.422119140625,1452.459716796875,2136.2586669921875,1353.7382202148438,44.326904296875,197.4429931640625
IMG_0045.mp4,740,24.666666666666668,30.0,550,2,traffic_signs,0.6085134148597717,2852.18896484375,1390.9197998046875,3005.063232421875,1543.319580078125,2928.6260986328125,1467.1196899414062,152.874267578125,152.3997802734375
IMG_0045.mp4,740,24.666666666666668,30.0,580,2,traffic_signs,0.5502250790596008,2140.234130859375,1254.983154296875,2183.555419921875,1451.6923828125,2161.894775390625,1353.3377685546875,43.3212890625,196.709228515625
IMG_0045.mp4,741,24.7,30.0,580,2,traffic_signs,0.8270466923713684,2166.55419921875,1253.3302001953125,2209.391357421875,1451.694091796875,2187.9727783203125,1352.5121459960938,42.837158203125,198.3638916015625
IMG_0045.mp4,742,24.733333333333334,30.0,580,2,traffic_signs,0.6309687495231628,2191.77197265625,1249.6373291015625,2234.554931640625,1455.8851318359375,2213.1634521484375,1352.76123046875,42.782958984375,206.247802734375
IMG_0045.mp4,742,24.733333333333334,30.0,550,2,traffic_signs,0.43731454014778137,2915.29443359375,1385.42041015625,3072.832275390625,1541.095703125,2994.0633544921875,1463.258056640625,157.537841796875,155.67529296875
IMG_0045.mp4,743,24.766666666666666,30.0,580,2,traffic_signs,0.866101861000061,2218.354248046875,1244.986328125,2258.886962890625,1451.6708984375,2238.62060546875,1348.32861328125,40.53271484375,206.6845703125
IMG_0045.mp4,743,24.766666666666666,30.0,550,2,traffic_signs,0.7100718021392822,2948.602294921875,1380.6976318359375,3108.677978515625,1538.9371337890625,3028.64013671875,1459.8173828125,160.07568359375,158.239501953125
IMG_0045.mp4,744,24.8,30.0,580,2,traffic_signs,0.7786146402359009,2241.562255859375,1241.4234619140625,2284.377197265625,1454.7802734375,2262.9697265625,1348.1018676757812,42.81494140625,213.3568115234375
IMG_0045.mp4,744,24.8,30.0,550,2,traffic_signs,0.280476838350296,2982.10107421875,1379.3690185546875,3143.30908203125,1540.225341796875,3062.705078125,1459.7971801757812,161.2080078125,160.8563232421875
IMG_0045.mp4,745,24.833333333333332,30.0,580,2,traffic_signs,0.8256582021713257,2266.060302734375,1237.78515625,2308.554931640625,1449.7677001953125,2287.3076171875,1343.7764282226562,42.49462890625,211.9825439453125
IMG_0045.mp4,745,24.833333333333332,30.0,550,2,traffic_signs,0.5719481706619263,3013.861083984375,1377.6641845703125,3178.688720703125,1539.22607421875,3096.27490234375,1458.4451293945312,164.82763671875,161.5618896484375
IMG_0045.mp4,746,24.866666666666667,30.0,580,2,traffic_signs,0.6027876734733582,2289.670166015625,1234.4024658203125,2332.990478515625,1457.480224609375,2311.330322265625,1345.9413452148438,43.3203125,223.0777587890625
IMG_0045.mp4,747,24.9,30.0,580,2,traffic_signs,0.809891402721405,2314.17822265625,1234.879150390625,2356.07421875,1451.193115234375,2335.126220703125,1343.0361328125,41.89599609375,216.31396484375
IMG_0045.mp4,748,24.933333333333334,30.0,580,2,traffic_signs,0.5736660361289978,2337.351318359375,1232.52490234375,2380.606201171875,1452.9981689453125,2358.978759765625,1342.7615356445312,43.2548828125,220.4732666015625
IMG_0045.mp4,749,24.966666666666665,30.0,580,2,traffic_signs,0.2974269688129425,2359.876708984375,1225.6591796875,2403.726806640625,1446.2913818359375,2381.8017578125,1335.9752807617188,43.85009765625,220.6322021484375
IMG_0045.mp4,751,25.033333333333335,30.0,550,2,traffic_signs,0.9007372260093689,3195.248779296875,1354.36767578125,3374.039306640625,1524.74365234375,3284.64404296875,1439.5556640625,178.79052734375,170.3759765625
IMG_0045.mp4,751,25.033333333333335,30.0,580,2,traffic_signs,0.635725736618042,2401.402587890625,1213.888916015625,2448.59033203125,1460.3543701171875,2424.9964599609375,1337.1216430664062,47.187744140625,246.4654541015625
IMG_0045.mp4,752,25.066666666666666,30.0,550,2,traffic_signs,0.7285625338554382,3226.037109375,1349.877685546875,3405.4033203125,1520.6168212890625,3315.72021484375,1435.2472534179688,179.3662109375,170.7391357421875
IMG_0045.mp4,752,25.066666666666666,30.0,580,2,traffic_signs,0.6080893874168396,2421.595458984375,1208.323486328125,2470.71630859375,1457.283447265625,2446.1558837890625,1332.803466796875,49.120849609375,248.9599609375
IMG_0045.mp4,753,25.1,30.0,550,2,traffic_signs,0.5596357583999634,3258.598876953125,1345.559814453125,3437.95458984375,1517.1142578125,3348.2767333984375,1431.3370361328125,179.355712890625,171.554443359375
IMG_0045.mp4,753,25.1,30.0,580,2,traffic_signs,0.7806133031845093,2442.539306640625,1199.954345703125,2492.374755859375,1442.08203125,2467.45703125,1321.0181884765625,49.83544921875,242.127685546875
IMG_0045.mp4,754,25.133333333333333,30.0,580,2,traffic_signs,0.6454852819442749,2463.025146484375,1195.7293701171875,2513.750732421875,1433.2686767578125,2488.387939453125,1314.4990234375,50.7255859375,237.539306640625
IMG_0045.mp4,754,25.133333333333333,30.0,582,2,traffic_signs,0.5626646876335144,2461.32763671875,1206.7691650390625,2514.130615234375,1432.9111328125,2487.7291259765625,1319.8401489257812,52.802978515625,226.1419677734375
IMG_0045.mp4,755,25.166666666666668,30.0,580,2,traffic_signs,0.6250123977661133,2480.618408203125,1191.6070556640625,2536.19775390625,1455.6134033203125,2508.4080810546875,1323.6102294921875,55.579345703125,264.00634765625
IMG_0045.mp4,755,25.166666666666668,30.0,550,2,traffic_signs,0.4900243282318115,3320.04052734375,1335.9794921875,3499.027099609375,1510.8048095703125,3409.5338134765625,1423.3921508789062,178.986572265625,174.8253173828125
IMG_0045.mp4,756,25.2,30.0,550,2,traffic_signs,0.252756267786026,3346.950439453125,1331.0718994140625,3529.5859375,1508.74560546875,3438.2681884765625,1419.9087524414062,182.635498046875,177.6737060546875
IMG_0045.mp4,756,25.2,30.0,582,2,traffic_signs,0.4745667576789856,2505.1416015625,1187.225341796875,2558.01318359375,1426.402587890625,2531.577392578125,1306.81396484375,52.87158203125,239.17724609375
IMG_0045.mp4,757,25.233333333333334,30.0,580,2,traffic_signs,0.561589241027832,2517.05322265625,1185.6954345703125,2576.706298828125,1444.1175537109375,2546.8797607421875,1314.906494140625,59.653076171875,258.422119140625
IMG_0045.mp4,758,25.266666666666666,30.0,580,2,traffic_signs,0.33861738443374634,2538.43701171875,1179.3720703125,2597.228759765625,1432.825439453125,2567.8328857421875,1306.0987548828125,58.791748046875,253.453369140625
IMG_0045.mp4,760,25.333333333333332,30.0,580,2,traffic_signs,0.7221484780311584,2579.356201171875,1167.21923828125,2636.96484375,1430.2060546875,2608.1605224609375,1298.712646484375,57.608642578125,262.98681640625
IMG_0045.mp4,761,25.366666666666667,30.0,580,2,traffic_signs,0.8091549277305603,2600.92626953125,1165.4962158203125,2658.05029296875,1425.2325439453125,2629.48828125,1295.3643798828125,57.1240234375,259.736328125
IMG_0045.mp4,762,25.4,30.0,580,2,traffic_signs,0.7941117882728577,2619.890869140625,1159.004638671875,2677.220947265625,1418.1695556640625,2648.555908203125,1288.5870971679688,57.330078125,259.1649169921875
IMG_0045.mp4,762,25.4,30.0,550,2,traffic_signs,0.5657158493995667,3514.1826171875,1307.064208984375,3716.755615234375,1492.939697265625,3615.4691162109375,1400.001953125,202.572998046875,185.87548828125
IMG_0045.mp4,763,25.433333333333334,30.0,580,2,traffic_signs,0.8079325556755066,2639.048583984375,1155.94384765625,2696.506591796875,1402.770751953125,2667.777587890625,1279.3572998046875,57.4580078125,246.826904296875
IMG_0045.mp4,764,25.466666666666665,30.0,580,2,traffic_signs,0.34126096963882446,2654.92626953125,1154.2701416015625,2715.1318359375,1405.672607421875,2685.029052734375,1279.9713745117188,60.20556640625,251.4024658203125
IMG_0045.mp4,765,25.5,30.0,580,2,traffic_signs,0.796129047870636,2677.012939453125,1144.6517333984375,2737.100830078125,1393.0389404296875,2707.056884765625,1268.8453369140625,60.087890625,248.38720703125
IMG_0045.mp4,766,25.533333333333335,30.0,580,2,traffic_signs,0.8154025077819824,2699.578857421875,1141.8897705078125,2757.36083984375,1387.814697265625,2728.4698486328125,1264.8522338867188,57.781982421875,245.9249267578125
IMG_0045.mp4,767,25.566666666666666,30.0,580,2,traffic_signs,0.8070828914642334,2716.048583984375,1135.923583984375,2776.024169921875,1388.0482177734375,2746.036376953125,1261.9859008789062,59.9755859375,252.1246337890625
IMG_0045.mp4,768,25.6,30.0,580,2,traffic_signs,0.8263322114944458,2732.391357421875,1128.8427734375,2795.78125,1385.4769287109375,2764.0863037109375,1257.1598510742188,63.389892578125,256.6341552734375
IMG_0045.mp4,769,25.633333333333333,30.0,580,2,traffic_signs,0.5738798975944519,2750.93701171875,1124.3963623046875,2814.997802734375,1401.4578857421875,2782.9674072265625,1262.9271240234375,64.060791015625,277.0615234375
IMG_0045.mp4,770,25.666666666666668,30.0,580,2,traffic_signs,0.6565389037132263,2772.131103515625,1119.4710693359375,2835.91796875,1385.7274169921875,2804.0245361328125,1252.5992431640625,63.786865234375,266.25634765625
IMG_0045.mp4,771,25.7,30.0,580,2,traffic_signs,0.7790944576263428,2792.53564453125,1116.121826171875,2855.884033203125,1376.5023193359375,2824.2098388671875,1246.3120727539062,63.348388671875,260.3804931640625
IMG_0045.mp4,771,25.7,30.0,550,2,traffic_signs,0.7435144186019897,3772.989501953125,1263.819580078125,3840.0,1545.0205078125,3806.4947509765625,1404.4200439453125,67.010498046875,281.200927734375
IMG_0045.mp4,772,25.733333333333334,30.0,580,2,traffic_signs,0.7600007057189941,2809.900634765625,1106.9984130859375,2874.63232421875,1376.3271484375,2842.2664794921875,1241.6627807617188,64.731689453125,269.3287353515625
IMG_0045.mp4,772,25.733333333333334,30.0,550,2,traffic_signs,0.7958365082740784,3806.89453125,1274.394287109375,3840.0,1565.44482421875,3823.447265625,1419.9195556640625,33.10546875,291.050537109375
IMG_0045.mp4,773,25.766666666666666,30.0,580,2,traffic_signs,0.7780179977416992,2827.702392578125,1102.3665771484375,2893.260498046875,1365.6402587890625,2860.4814453125,1234.00341796875,65.55810546875,263.273681640625
IMG_0045.mp4,774,25.8,30.0,580,2,traffic_signs,0.4957467317581177,2845.351318359375,1099.3978271484375,2913.33837890625,1375.6171875,2879.3448486328125,1237.5075073242188,67.987060546875,276.2193603515625
IMG_0045.mp4,775,25.833333333333332,30.0,580,2,traffic_signs,0.7037811279296875,2869.87548828125,1094.5489501953125,2934.810302734375,1365.959228515625,2902.3428955078125,1230.2540893554688,64.934814453125,271.4102783203125
IMG_0045.mp4,776,25.866666666666667,30.0,580,2,traffic_signs,0.6701200008392334,2889.648193359375,1089.687744140625,2955.5205078125,1362.5128173828125,2922.5843505859375,1226.1002807617188,65.872314453125,272.8250732421875
IMG_0045.mp4,777,25.9,30.0,580,2,traffic_signs,0.7872599959373474,2910.174072265625,1088.2705078125,2974.892578125,1359.622314453125,2942.5333251953125,1223.9464111328125,64.718505859375,271.351806640625
IMG_0045.mp4,778,25.933333333333334,30.0,580,2,traffic_signs,0.6936274170875549,2929.00048828125,1078.4580078125,2995.962646484375,1355.6483154296875,2962.4815673828125,1217.0531616210938,66.962158203125,277.1903076171875
IMG_0045.mp4,779,25.966666666666665,30.0,580,2,traffic_signs,0.319266140460968,2952.217041015625,1073.26220703125,3017.33740234375,1355.044921875,2984.7772216796875,1214.153564453125,65.120361328125,281.78271484375
IMG_0045.mp4,780,26.0,30.0,580,2,traffic_signs,0.2794201970100403,2974.0478515625,1067.6929931640625,3041.280029296875,1346.51318359375,3007.6639404296875,1207.1030883789062,67.232177734375,278.8201904296875
IMG_0045.mp4,781,26.033333333333335,30.0,580,2,traffic_signs,0.27509158849716187,2994.980224609375,1060.6373291015625,3064.8994140625,1345.4842529296875,3029.9398193359375,1203.060791015625,69.919189453125,284.846923828125
IMG_0045.mp4,782,26.066666666666666,30.0,580,2,traffic_signs,0.45839226245880127,3014.876220703125,1057.5535888671875,3087.365478515625,1333.600341796875,3051.120849609375,1195.5769653320312,72.4892578125,276.0467529296875
IMG_0045.mp4,786,26.2,30.0,580,2,traffic_signs,0.32324498891830444,3111.169677734375,1035.9970703125,3185.6064453125,1313.48974609375,3148.3880615234375,1174.743408203125,74.436767578125,277.49267578125
IMG_0045.mp4,804,26.8,30.0,585,2,traffic_signs,0.7971930503845215,3147.947021484375,615.4404907226562,3323.9482421875,710.2885131835938,3235.9476318359375,662.864501953125,176.001220703125,94.8480224609375
IMG_0045.mp4,805,26.833333333333332,30.0,585,2,traffic_signs,0.44342267513275146,3151.919921875,613.6995239257812,3331.66259765625,714.57666015625,3241.791259765625,664.1380920410156,179.74267578125,100.87713623046875
IMG_0045.mp4,820,27.333333333333332,30.0,590,1,traffic_lights,0.46597620844841003,3142.32861328125,1208.5238037109375,3489.97509765625,1292.3416748046875,3316.15185546875,1250.4327392578125,347.646484375,83.81787109375
IMG_0045.mp4,828,27.6,30.0,592,2,traffic_signs,0.8878180384635925,31.03453254699707,1269.1104736328125,183.7351837158203,1401.5213623046875,107.38485813140869,1335.31591796875,152.70065116882324,132.410888671875
IMG_0045.mp4,829,27.633333333333333,30.0,592,2,traffic_signs,0.7602757811546326,56.98377227783203,1271.434814453125,223.21896362304688,1405.066650390625,140.10136795043945,1338.250732421875,166.23519134521484,133.6318359375
IMG_0045.mp4,835,27.833333333333332,30.0,595,1,traffic_lights,0.43250972032546997,3347.8623046875,1630.2222900390625,3451.15185546875,1666.3206787109375,3399.507080078125,1648.271484375,103.28955078125,36.098388671875
IMG_0045.mp4,844,28.133333333333333,30.0,600,2,traffic_signs,0.6089125275611877,678.7786865234375,1401.4869384765625,762.637451171875,1483.2567138671875,720.7080688476562,1442.371826171875,83.8587646484375,81.769775390625
IMG_0045.mp4,847,28.233333333333334,30.0,600,2,traffic_signs,0.34199005365371704,857.9696655273438,1417.6651611328125,933.8438720703125,1489.1552734375,895.9067687988281,1453.4102172851562,75.87420654296875,71.4901123046875
IMG_0045.mp4,848,28.266666666666666,30.0,603,2,traffic_signs,0.9296731352806091,1103.6943359375,1380.201171875,1235.5833740234375,1496.9664306640625,1169.6388549804688,1438.5838012695312,131.8890380859375,116.7652587890625
IMG_0045.mp4,849,28.3,30.0,603,2,traffic_signs,0.9001602530479431,1164.4796142578125,1381.820068359375,1295.8284912109375,1498.044677734375,1230.154052734375,1439.932373046875,131.348876953125,116.224609375
IMG_0045.mp4,849,28.3,30.0,604,2,traffic_signs,0.8637310862541199,1015.727783203125,1276.4578857421875,1101.5509033203125,1387.103515625,1058.6393432617188,1331.7807006835938,85.8231201171875,110.6456298828125
IMG_0045.mp4,850,28.333333333333332,30.0,603,2,traffic_signs,0.9223030209541321,1225.0286865234375,1385.0692138671875,1352.2801513671875,1500.502197265625,1288.6544189453125,1442.7857055664062,127.25146484375,115.4329833984375
IMG_0045.mp4,850,28.333333333333332,30.0,604,2,traffic_signs,0.7812694907188416,1070.698974609375,1280.5784912109375,1159.1195068359375,1391.8994140625,1114.9092407226562,1336.2389526367188,88.4205322265625,111.3209228515625
IMG_0045.mp4,850,28.333333333333332,30.0,605,1,traffic_lights,0.7115042805671692,283.282958984375,585.8174438476562,396.7708740234375,764.250244140625,340.02691650390625,675.0338439941406,113.4879150390625,178.43280029296875
IMG_0045.mp4,851,28.366666666666667,30.0,605,1,traffic_lights,0.5755723714828491,330.7430419921875,615.5070190429688,427.3125305175781,765.3355102539062,379.0277862548828,690.4212646484375,96.56948852539062,149.8284912109375
IMG_0045.mp4,852,28.4,30.0,603,2,traffic_signs,0.8338502049446106,1331.69384765625,1394.6396484375,1463.7882080078125,1511.9056396484375,1397.7410278320312,1453.2726440429688,132.0943603515625,117.2659912109375
IMG_0045.mp4,856,28.533333333333335,30.0,600,2,traffic_signs,0.6808494329452515,1396.8414306640625,1405.97119140625,1455.43701171875,1467.0579833984375,1426.1392211914062,1436.5145874023438,58.5955810546875,61.0867919921875
IMG_0045.mp4,856,28.533333333333335,30.0,604,2,traffic_signs,0.672677218914032,1407.506591796875,1303.8072509765625,1497.94287109375,1404.7073974609375,1452.7247314453125,1354.25732421875,90.436279296875,100.900146484375
IMG_0045.mp4,856,28.533333333333335,30.0,603,2,traffic_signs,0.9220709800720215,1561.662841796875,1400.58349609375,1689.9505615234375,1520.9801025390625,1625.8067016601562,1460.7817993164062,128.2877197265625,120.3966064453125
IMG_0045.mp4,858,28.6,30.0,611,1,traffic_lights,0.8714053630828857,738.8966674804688,633.7718505859375,830.49951171875,805.3922729492188,784.6980895996094,719.5820617675781,91.60284423828125,171.62042236328125
IMG_0045.mp4,858,28.6,30.0,600,2,traffic_signs,0.7132115960121155,1514.324951171875,1417.2220458984375,1568.3543701171875,1476.7142333984375,1541.3396606445312,1446.9681396484375,54.0294189453125,59.4921875
IMG_0045.mp4,858,28.6,30.0,604,2,traffic_signs,0.8215157985687256,1522.7451171875,1311.9901123046875,1608.1842041015625,1426.7318115234375,1565.4646606445312,1369.3609619140625,85.4390869140625,114.74169921875
IMG_0045.mp4,858,28.6,30.0,603,2,traffic_signs,0.8924066424369812,1679.2738037109375,1412.560302734375,1805.379638671875,1535.57080078125,1742.3267211914062,1474.0655517578125,126.1058349609375,123.010498046875
IMG_0045.mp4,859,28.633333333333333,30.0,613,2,traffic_signs,0.778946578502655,0.0,1173.89501953125,153.09414672851562,1428.4129638671875,76.54707336425781,1301.1539916992188,153.09414672851562,254.5179443359375
IMG_0045.mp4,859,28.633333333333333,30.0,603,2,traffic_signs,0.918590784072876,1715.853759765625,1415.43798828125,1836.5355224609375,1539.17919921875,1776.1946411132812,1477.30859375,120.6817626953125,123.7412109375
IMG_0045.mp4,860,28.666666666666668,30.0,613,2,traffic_signs,0.7979119420051575,22.827775955200195,1182.9248046875,197.78887939453125,1430.8455810546875,110.30832767486572,1306.8851928710938,174.96110343933105,247.9207763671875
IMG_0045.mp4,860,28.666666666666668,30.0,605,1,traffic_lights,0.8419237732887268,849.209228515625,643.1141967773438,936.4531860351562,811.0022583007812,892.8312072753906,727.0582275390625,87.24395751953125,167.8880615234375
IMG_0045.mp4,863,28.766666666666666,30.0,626,2,traffic_signs,0.638258159160614,1957.821044921875,1423.2613525390625,2079.947265625,1547.164794921875,2018.8841552734375,1485.2130737304688,122.126220703125,123.9034423828125
IMG_0045.mp4,863,28.766666666666666,30.0,628,2,traffic_signs,0.7949286699295044,1795.6051025390625,1316.8590087890625,1885.7015380859375,1434.23388671875,1840.6533203125,1375.5464477539062,90.096435546875,117.3748779296875
IMG_0045.mp4,863,28.766666666666666,30.0,629,1,traffic_lights,0.7544654607772827,1011.8981323242188,653.8265380859375,1102.06884765625,824.45556640625,1056.9834899902344,739.1410522460938,90.17071533203125,170.6290283203125
IMG_0045.mp4,864,28.8,30.0,626,2,traffic_signs,0.8737143278121948,2011.765625,1422.059326171875,2137.450927734375,1548.3712158203125,2074.6082763671875,1485.2152709960938,125.685302734375,126.3118896484375
IMG_0045.mp4,864,28.8,30.0,628,2,traffic_signs,0.757909893989563,1849.0570068359375,1317.7119140625,1943.9893798828125,1432.2086181640625,1896.523193359375,1374.9602661132812,94.932373046875,114.4967041015625
IMG_0045.mp4,864,28.8,30.0,629,1,traffic_lights,0.8032437562942505,1064.695068359375,655.8243408203125,1157.96044921875,829.6793212890625,1111.3277587890625,742.7518310546875,93.265380859375,173.85498046875
IMG_0045.mp4,864,28.8,30.0,630,1,traffic_lights,0.5609493851661682,1063.9659423828125,655.653076171875,1158.162353515625,830.7081298828125,1111.0641479492188,743.1806030273438,94.1964111328125,175.0550537109375
IMG_0045.mp4,865,28.833333333333332,30.0,626,2,traffic_signs,0.8494167327880859,2066.19873046875,1419.6370849609375,2190.62353515625,1549.6400146484375,2128.4111328125,1484.6385498046875,124.4248046875,130.0029296875
IMG_0045.mp4,865,28.833333333333332,30.0,628,2,traffic_signs,0.836175262928009,1901.152099609375,1317.53466796875,2001.035400390625,1432.90087890625,1951.09375,1375.2177734375,99.88330078125,115.3662109375
IMG_0045.mp4,865,28.833333333333332,30.0,629,1,traffic_lights,0.5504995584487915,1118.5103759765625,656.2462158203125,1213.6695556640625,837.0365600585938,1166.0899658203125,746.6413879394531,95.1591796875,180.79034423828125
IMG_0045.mp4,865,28.833333333333332,30.0,630,1,traffic_lights,0.81534743309021,1118.565673828125,655.2618408203125,1213.5859375,836.3778076171875,1166.0758056640625,745.81982421875,95.020263671875,181.115966796875
IMG_0045.mp4,866,28.866666666666667,30.0,626,2,traffic_signs,0.5521883368492126,2119.802978515625,1418.3150634765625,2248.328857421875,1551.4425048828125,2184.06591796875,1484.8787841796875,128.52587890625,133.12744140625
IMG_0045.mp4,866,28.866666666666667,30.0,628,2,traffic_signs,0.8516499400138855,1951.213623046875,1318.8035888671875,2057.051513671875,1433.5421142578125,2004.132568359375,1376.1728515625,105.837890625,114.738525390625
IMG_0045.mp4,867,28.9,30.0,626,2,traffic_signs,0.43279555439949036,2174.45849609375,1420.503173828125,2300.8828125,1552.2745361328125,2237.670654296875,1486.3888549804688,126.42431640625,131.7713623046875
IMG_0045.mp4,867,28.9,30.0,629,1,traffic_lights,0.8861690163612366,1220.7763671875,657.7532348632812,1321.184814453125,844.9917602539062,1270.9805908203125,751.3724975585938,100.408447265625,187.238525390625
IMG_0045.mp4,868,28.933333333333334,30.0,626,2,traffic_signs,0.8173443675041199,2230.025390625,1422.3206787109375,2361.6806640625,1555.4124755859375,2295.85302734375,1488.8665771484375,131.6552734375,133.091796875
IMG_0045.mp4,868,28.933333333333334,30.0,629,1,traffic_lights,0.8461526036262512,1273.2642822265625,660.9766235351562,1373.01708984375,848.39990234375,1323.1406860351562,754.6882629394531,99.7528076171875,187.42327880859375
IMG_0045.mp4,868,28.933333333333334,30.0,630,1,traffic_lights,0.3196762502193451,1270.5111083984375,661.3307495117188,1366.7218017578125,846.1486206054688,1318.616455078125,753.7396850585938,96.210693359375,184.81787109375
IMG_0045.mp4,868,28.933333333333334,30.0,628,2,traffic_signs,0.8734771609306335,2058.15625,1324.5286865234375,2164.43359375,1436.1483154296875,2111.294921875,1380.3385009765625,106.27734375,111.61962890625
IMG_0045.mp4,869,28.966666666666665,30.0,626,2,traffic_signs,0.48714107275009155,2289.596435546875,1425.7398681640625,2421.840087890625,1562.689208984375,2355.71826171875,1494.2145385742188,132.24365234375,136.9493408203125
IMG_0045.mp4,869,28.966666666666665,30.0,630,1,traffic_lights,0.522156834602356,1319.909423828125,665.8886108398438,1414.039306640625,847.3927612304688,1366.974365234375,756.6406860351562,94.1298828125,181.504150390625
IMG_0045.mp4,869,28.966666666666665,30.0,628,2,traffic_signs,0.8373110890388489,2115.3544921875,1328.247802734375,2220.36572265625,1443.54541015625,2167.860107421875,1385.8966064453125,105.01123046875,115.297607421875
IMG_0045.mp4,870,29.0,30.0,626,2,traffic_signs,0.6125761270523071,2345.91796875,1427.839599609375,2478.17578125,1565.4425048828125,2412.046875,1496.6410522460938,132.2578125,137.6029052734375
IMG_0045.mp4,870,29.0,30.0,630,1,traffic_lights,0.6250118017196655,1367.966552734375,666.2316284179688,1462.0831298828125,847.5985717773438,1415.0248413085938,756.9151000976562,94.1165771484375,181.366943359375
IMG_0045.mp4,870,29.0,30.0,628,2,traffic_signs,0.8564229607582092,2168.500732421875,1330.497802734375,2275.8115234375,1447.36767578125,2222.1561279296875,1388.9327392578125,107.310791015625,116.869873046875
IMG_0045.mp4,870,29.0,30.0,636,2,traffic_signs,0.5742126703262329,1599.554443359375,1549.2039794921875,1627.3621826171875,1595.50439453125,1613.4583129882812,1572.3541870117188,27.8077392578125,46.3004150390625
IMG_0045.mp4,870,29.0,30.0,613,2,traffic_signs,0.7640658617019653,617.3272094726562,1231.9168701171875,789.2721557617188,1472.7235107421875,703.2996826171875,1352.3201904296875,171.9449462890625,240.806640625
IMG_0045.mp4,870,29.0,30.0,629,1,traffic_lights,0.26555585861206055,1369.6844482421875,663.89453125,1463.575439453125,848.3718872070312,1416.6299438476562,756.1332092285156,93.8909912109375,184.47735595703125
IMG_0045.mp4,871,29.033333333333335,30.0,626,2,traffic_signs,0.7891485691070557,2402.8037109375,1425.799560546875,2533.64892578125,1567.5562744140625,2468.226318359375,1496.6779174804688,130.84521484375,141.7567138671875
IMG_0045.mp4,871,29.033333333333335,30.0,630,1,traffic_lights,0.32160821557044983,1415.2520751953125,663.09228515625,1509.2178955078125,848.1978149414062,1462.2349853515625,755.6450500488281,93.9658203125,185.10552978515625
IMG_0045.mp4,871,29.033333333333335,30.0,628,2,traffic_signs,0.8716487288475037,2220.1708984375,1330.1038818359375,2330.473876953125,1447.8447265625,2275.3223876953125,1388.9743041992188,110.302978515625,117.7408447265625
IMG_0045.mp4,871,29.033333333333335,30.0,636,2,traffic_signs,0.7602924704551697,1651.5860595703125,1552.8809814453125,1677.7891845703125,1597.82958984375,1664.6876220703125,1575.3552856445312,26.203125,44.9486083984375
IMG_0045.mp4,871,29.033333333333335,30.0,613,2,traffic_signs,0.8054826259613037,669.5299682617188,1235.3636474609375,841.6177368164062,1476.454345703125,755.5738525390625,1355.9089965820312,172.0877685546875,241.0906982421875
IMG_0045.mp4,871,29.033333333333335,30.0,629,1,traffic_lights,0.7325088381767273,1416.596923828125,663.2576293945312,1512.1334228515625,848.46630859375,1464.3651733398438,755.8619689941406,95.5364990234375,185.20867919921875
IMG_0045.mp4,872,29.066666666666666,30.0,626,2,traffic_signs,0.6660688519477844,2458.216552734375,1428.3665771484375,2592.7255859375,1567.6849365234375,2525.4710693359375,1498.0257568359375,134.509033203125,139.318359375
IMG_0045.mp4,872,29.066666666666666,30.0,630,1,traffic_lights,0.3257848620414734,1466.313720703125,661.734619140625,1561.4273681640625,850.9259033203125,1513.8705444335938,756.3302612304688,95.1136474609375,189.1912841796875
IMG_0045.mp4,872,29.066666666666666,30.0,628,2,traffic_signs,0.8744019269943237,2272.452392578125,1329.17041015625,2383.927734375,1449.501708984375,2328.1900634765625,1389.3360595703125,111.475341796875,120.331298828125
IMG_0045.mp4,872,29.066666666666666,30.0,636,2,traffic_signs,0.7087292075157166,1704.73876953125,1556.7496337890625,1728.6114501953125,1599.3619384765625,1716.6751098632812,1578.0557861328125,23.8726806640625,42.6123046875
IMG_0045.mp4,872,29.066666666666666,30.0,613,2,traffic_signs,0.8830548524856567,721.946533203125,1237.919677734375,900.0639038085938,1479.2403564453125,811.0052185058594,1358.5800170898438,178.11737060546875,241.3206787109375
IMG_0045.mp4,872,29.066666666666666,30.0,629,1,traffic_lights,0.5678601861000061,1466.7171630859375,664.0558471679688,1564.8819580078125,851.2539672851562,1515.799560546875,757.6549072265625,98.164794921875,187.1981201171875
IMG_0045.mp4,873,29.1,30.0,626,2,traffic_signs,0.8157937526702881,2512.567626953125,1427.3433837890625,2647.533203125,1570.395751953125,2580.0504150390625,1498.8695678710938,134.965576171875,143.0523681640625
IMG_0045.mp4,873,29.1,30.0,630,1,traffic_lights,0.2549605965614319,1514.4053955078125,663.9970703125,1612.117919921875,854.06787109375,1563.2616577148438,759.032470703125,97.7125244140625,190.07080078125
IMG_0045.mp4,873,29.1,30.0,628,2,traffic_signs,0.8381877541542053,2324.044189453125,1328.4686279296875,2439.447021484375,1450.91357421875,2381.74560546875,1389.6911010742188,115.40283203125,122.4449462890625
IMG_0045.mp4,873,29.1,30.0,636,2,traffic_signs,0.8177562952041626,1756.7330322265625,1558.59375,1780.147705078125,1600.9222412109375,1768.4403686523438,1579.7579956054688,23.4146728515625,42.3284912109375
IMG_0045.mp4,873,29.1,30.0,613,2,traffic_signs,0.4100598394870758,778.3826293945312,1240.4261474609375,947.590087890625,1481.93310546875,862.9863586425781,1361.1796264648438,169.20745849609375,241.5069580078125
IMG_0045.mp4,873,29.1,30.0,629,1,traffic_lights,0.7586561441421509,1514.8289794921875,665.1343383789062,1616.6126708984375,853.9608764648438,1565.7208251953125,759.547607421875,101.78369140625,188.8265380859375
IMG_0045.mp4,874,29.133333333333333,30.0,626,2,traffic_signs,0.7805940508842468,2567.484619140625,1428.9306640625,2702.72021484375,1576.3822021484375,2635.1024169921875,1502.6564331054688,135.235595703125,147.4515380859375
IMG_0045.mp4,874,29.133333333333333,30.0,630,1,traffic_lights,0.8376274704933167,1561.7930908203125,662.7892456054688,1660.3189697265625,855.5459594726562,1611.0560302734375,759.1676025390625,98.52587890625,192.7567138671875
IMG_0045.mp4,874,29.133333333333333,30.0,628,2,traffic_signs,0.8493101000785828,2376.876708984375,1329.12744140625,2493.17626953125,1452.6431884765625,2435.0264892578125,1390.8853149414062,116.299560546875,123.5157470703125
IMG_0045.mp4,874,29.133333333333333,30.0,636,2,traffic_signs,0.4104435443878174,1806.2998046875,1562.9832763671875,1828.351318359375,1604.4688720703125,1817.3255615234375,1583.72607421875,22.051513671875,41.485595703125
IMG_0045.mp4,874,29.133333333333333,30.0,629,1,traffic_lights,0.4426538944244385,1561.7879638671875,664.0491333007812,1660.4229736328125,855.3368530273438,1611.10546875,759.6929931640625,98.635009765625,191.2877197265625
IMG_0045.mp4,875,29.166666666666668,30.0,626,2,traffic_signs,0.919663667678833,2622.59814453125,1428.27685546875,2761.397705078125,1574.581298828125,2691.9979248046875,1501.4290771484375,138.799560546875,146.304443359375
IMG_0045.mp4,875,29.166666666666668,30.0,630,1,traffic_lights,0.33671626448631287,1606.6163330078125,665.7486572265625,1706.4306640625,855.0236206054688,1656.5234985351562,760.3861389160156,99.8143310546875,189.27496337890625
IMG_0045.mp4,875,29.166666666666668,30.0,628,2,traffic_signs,0.8461340069770813,2428.103271484375,1328.2330322265625,2546.116455078125,1454.3648681640625,2487.10986328125,1391.2989501953125,118.01318359375,126.1318359375
IMG_0045.mp4,875,29.166666666666668,30.0,636,2,traffic_signs,0.8269043564796448,1855.927001953125,1564.201171875,1878.263671875,1606.36181640625,1867.0953369140625,1585.281494140625,22.336669921875,42.16064453125
IMG_0045.mp4,875,29.166666666666668,30.0,629,1,traffic_lights,0.7807056903839111,1608.0362548828125,664.7219848632812,1706.6431884765625,855.4113159179688,1657.3397216796875,760.066650390625,98.60693359375,190.6893310546875
IMG_0045.mp4,876,29.2,30.0,626,2,traffic_signs,0.8694959282875061,2678.34716796875,1428.382080078125,2818.205078125,1579.34423828125,2748.276123046875,1503.8631591796875,139.85791015625,150.962158203125
IMG_0045.mp4,876,29.2,30.0,628,2,traffic_signs,0.8746046423912048,2480.251953125,1328.5924072265625,2598.81689453125,1455.4117431640625,2539.534423828125,1392.0020751953125,118.56494140625,126.8193359375
IMG_0045.mp4,876,29.2,30.0,636,2,traffic_signs,0.8140466809272766,1905.5032958984375,1567.7337646484375,1926.8839111328125,1608.9942626953125,1916.193603515625,1588.364013671875,21.380615234375,41.260498046875
IMG_0045.mp4,877,29.233333333333334,30.0,626,2,traffic_signs,0.3633406460285187,2732.794677734375,1426.3043212890625,2872.99658203125,1581.4007568359375,2802.8956298828125,1503.8525390625,140.201904296875,155.096435546875
IMG_0045.mp4,877,29.233333333333334,30.0,628,2,traffic_signs,0.8759297132492065,2534.817626953125,1328.76904296875,2653.429443359375,1459.49365234375,2594.12353515625,1394.13134765625,118.61181640625,130.724609375
IMG_0045.mp4,877,29.233333333333334,30.0,636,2,traffic_signs,0.8238565325737,1954.6322021484375,1570.6492919921875,1975.4091796875,1611.448974609375,1965.0206909179688,1591.0491333007812,20.7769775390625,40.7996826171875
IMG_0045.mp4,877,29.233333333333334,30.0,629,1,traffic_lights,0.9052151441574097,1696.853271484375,665.2791137695312,1799.8067626953125,856.5919799804688,1748.3300170898438,760.935546875,102.9534912109375,191.3128662109375
IMG_0045.mp4,878,29.266666666666666,30.0,628,2,traffic_signs,0.8408073782920837,2588.25244140625,1328.7921142578125,2709.00537109375,1460.1202392578125,2648.62890625,1394.4561767578125,120.7529296875,131.328125
IMG_0045.mp4,878,29.266666666666666,30.0,636,2,traffic_signs,0.8290348052978516,2001.508544921875,1573.053466796875,2022.0594482421875,1614.19482421875,2011.7839965820312,1593.6241455078125,20.5509033203125,41.141357421875
IMG_0045.mp4,878,29.266666666666666,30.0,629,1,traffic_lights,0.9215087890625,1740.954345703125,661.6806030273438,1845.898193359375,855.5419311523438,1793.42626953125,758.6112670898438,104.94384765625,193.861328125
IMG_0045.mp4,879,29.3,30.0,628,2,traffic_signs,0.7554540038108826,2639.10107421875,1328.9444580078125,2764.25634765625,1458.1690673828125,2701.6787109375,1393.5567626953125,125.1552734375,129.224609375
IMG_0045.mp4,879,29.3,30.0,636,2,traffic_signs,0.8214800357818604,2048.600830078125,1577.216552734375,2069.800048828125,1619.12744140625,2059.200439453125,1598.1719970703125,21.19921875,41.910888671875
IMG_0045.mp4,879,29.3,30.0,629,1,traffic_lights,0.9129647016525269,1785.1702880859375,658.7999877929688,1890.1260986328125,854.7017211914062,1837.648193359375,756.7508544921875,104.955810546875,195.9017333984375
IMG_0045.mp4,880,29.333333333333332,30.0,628,2,traffic_signs,0.8470039963722229,2691.64794921875,1327.868408203125,2817.791259765625,1456.6146240234375,2754.7196044921875,1392.2415161132812,126.143310546875,128.7462158203125
IMG_0045.mp4,880,29.333333333333332,30.0,636,2,traffic_signs,0.8272648453712463,2094.650634765625,1580.31103515625,2115.65478515625,1623.033935546875,2105.1527099609375,1601.6724853515625,21.004150390625,42.722900390625
IMG_0045.mp4,880,29.333333333333332,30.0,629,1,traffic_lights,0.9074397683143616,1828.64306640625,655.752197265625,1932.483154296875,849.8306274414062,1880.5631103515625,752.7914123535156,103.840087890625,194.07843017578125
IMG_0045.mp4,881,29.366666666666667,30.0,628,2,traffic_signs,0.31353604793548584,2743.119384765625,1328.8248291015625,2871.23681640625,1458.1558837890625,2807.1781005859375,1393.4903564453125,128.117431640625,129.3310546875
IMG_0045.mp4,881,29.366666666666667,30.0,636,2,traffic_signs,0.7527160048484802,2140.41015625,1584.4112548828125,2161.283935546875,1625.4744873046875,2150.8470458984375,1604.94287109375,20.873779296875,41.063232421875
IMG_0045.mp4,881,29.366666666666667,30.0,629,1,traffic_lights,0.8980492353439331,1872.49169921875,653.3651733398438,1975.9459228515625,846.998046875,1924.2188110351562,750.1816101074219,103.4542236328125,193.63287353515625
IMG_0045.mp4,882,29.4,30.0,628,2,traffic_signs,0.8735414147377014,2794.353271484375,1329.106201171875,2925.0703125,1457.597412109375,2859.7117919921875,1393.351806640625,130.717041015625,128.4912109375
IMG_0045.mp4,882,29.4,30.0,636,2,traffic_signs,0.3366946280002594,2185.07666015625,1586.8436279296875,2206.24365234375,1629.822509765625,2195.66015625,1608.3330688476562,21.1669921875,42.9788818359375
IMG_0045.mp4,882,29.4,30.0,629,1,traffic_lights,0.9004246592521667,1914.5516357421875,650.478515625,2017.21044921875,846.30712890625,1965.8810424804688,748.392822265625,102.6588134765625,195.82861328125
IMG_0045.mp4,883,29.433333333333334,30.0,628,2,traffic_signs,0.7858460545539856,2846.95068359375,1327.8831787109375,2975.1796875,1458.49755859375,2911.065185546875,1393.1903686523438,128.22900390625,130.6143798828125
IMG_0045.mp4,883,29.433333333333334,30.0,636,2,traffic_signs,0.6933339238166809,2231.275146484375,1589.7672119140625,2251.562744140625,1632.0894775390625,2241.4189453125,1610.9283447265625,20.28759765625,42.322265625
IMG_0045.mp4,883,29.433333333333334,30.0,629,1,traffic_lights,0.9025435447692871,1954.817626953125,646.3757934570312,2060.740966796875,844.3361206054688,2007.779296875,745.35595703125,105.92333984375,197.9603271484375
IMG_0045.mp4,884,29.466666666666665,30.0,628,2,traffic_signs,0.771049439907074,2898.130615234375,1327.76416015625,3031.4228515625,1457.119140625,2964.7767333984375,1392.441650390625,133.292236328125,129.35498046875
IMG_0045.mp4,884,29.466666666666665,30.0,636,2,traffic_signs,0.6824384331703186,2275.41796875,1593.9832763671875,2295.47412109375,1635.6224365234375,2285.446044921875,1614.8028564453125,20.05615234375,41.63916015625
IMG_0045.mp4,884,29.466666666666665,30.0,629,1,traffic_lights,0.9037063121795654,1996.0780029296875,644.5191040039062,2102.86962890625,843.138916015625,2049.4738159179688,743.8290100097656,106.7916259765625,198.61981201171875
IMG_0045.mp4,885,29.5,30.0,628,2,traffic_signs,0.7326278686523438,2949.421142578125,1327.702392578125,3086.656494140625,1457.7723388671875,3018.038818359375,1392.7373657226562,137.2353515625,130.0699462890625
IMG_0045.mp4,885,29.5,30.0,636,2,traffic_signs,0.5335234999656677,2319.372802734375,1597.4368896484375,2340.0224609375,1640.0885009765625,2329.6976318359375,1618.7626953125,20.649658203125,42.651611328125
IMG_0045.mp4,885,29.5,30.0,629,1,traffic_lights,0.8778876662254333,2036.914306640625,640.0204467773438,2145.08935546875,841.4981689453125,2091.0018310546875,740.7593078613281,108.175048828125,201.47772216796875
IMG_0045.mp4,886,29.533333333333335,30.0,628,2,traffic_signs,0.7492294907569885,3005.21240234375,1326.683349609375,3141.502197265625,1461.1627197265625,3073.3572998046875,1393.9230346679688,136.289794921875,134.4793701171875
IMG_0045.mp4,886,29.533333333333335,30.0,636,2,traffic_signs,0.7715473175048828,2362.2958984375,1602.389892578125,2384.077880859375,1643.8189697265625,2373.1868896484375,1623.1044311523438,21.781982421875,41.4290771484375
IMG_0045.mp4,886,29.533333333333335,30.0,629,1,traffic_lights,0.9222204685211182,2077.07470703125,636.1452026367188,2186.1650390625,840.2685546875,2131.619873046875,738.2068786621094,109.09033203125,204.12335205078125
IMG_0045.mp4,887,29.566666666666666,30.0,628,2,traffic_signs,0.5087950825691223,3055.175537109375,1326.419189453125,3195.366455078125,1459.8629150390625,3125.27099609375,1393.1410522460938,140.19091796875,133.4437255859375
IMG_0045.mp4,887,29.566666666666666,30.0,636,2,traffic_signs,0.7794204354286194,2405.22607421875,1605.2940673828125,2426.9453125,1646.2064208984375,2416.085693359375,1625.750244140625,21.71923828125,40.912353515625
IMG_0045.mp4,887,29.566666666666666,30.0,629,1,traffic_lights,0.6805753707885742,2115.288818359375,632.6148071289062,2227.084716796875,838.53662109375,2171.186767578125,735.5757141113281,111.7958984375,205.92181396484375
IMG_0045.mp4,887,29.566666666666666,30.0,670,2,traffic_signs,0.8622196912765503,1383.1275634765625,1263.022216796875,1536.8309326171875,1488.0396728515625,1459.979248046875,1375.5309448242188,153.703369140625,225.0174560546875
IMG_0045.mp4,888,29.6,30.0,628,2,traffic_signs,0.6913235783576965,3105.4814453125,1325.8841552734375,3249.0048828125,1463.6796875,3177.2431640625,1394.7819213867188,143.5234375,137.7955322265625
IMG_0045.mp4,888,29.6,30.0,636,2,traffic_signs,0.735648512840271,2446.80078125,1607.9835205078125,2468.592529296875,1650.537841796875,2457.6966552734375,1629.2606811523438,21.791748046875,42.5543212890625
IMG_0045.mp4,888,29.6,30.0,629,1,traffic_lights,0.8724158406257629,2154.785400390625,628.8176879882812,2266.705078125,835.393310546875,2210.7452392578125,732.1054992675781,111.919677734375,206.57562255859375
IMG_0045.mp4,888,29.6,30.0,672,1,traffic_lights,0.7962712645530701,3321.729248046875,1384.5125732421875,3353.449462890625,1464.388427734375,3337.58935546875,1424.4505004882812,31.72021484375,79.8758544921875
IMG_0045.mp4,889,29.633333333333333,30.0,628,2,traffic_signs,0.7798262238502502,3156.54931640625,1324.193603515625,3301.712646484375,1465.4271240234375,3229.1309814453125,1394.8103637695312,145.163330078125,141.2335205078125
IMG_0045.mp4,889,29.633333333333333,30.0,636,2,traffic_signs,0.50252765417099,2488.171875,1611.0404052734375,2509.480224609375,1653.422607421875,2498.8260498046875,1632.2315063476562,21.308349609375,42.3822021484375
IMG_0045.mp4,889,29.633333333333333,30.0,629,1,traffic_lights,0.9128667116165161,2193.3271484375,623.273681640625,2305.282470703125,831.6992797851562,2249.3048095703125,727.4864807128906,111.955322265625,208.42559814453125
IMG_0045.mp4,889,29.633333333333333,30.0,672,1,traffic_lights,0.7576019167900085,3372.778076171875,1384.1815185546875,3403.031494140625,1465.8194580078125,3387.90478515625,1425.00048828125,30.25341796875,81.637939453125
IMG_0045.mp4,889,29.633333333333333,30.0,676,2,traffic_signs,0.512820303440094,2683.083740234375,1674.193115234375,2698.40966796875,1696.3990478515625,2690.7467041015625,1685.2960815429688,15.325927734375,22.2059326171875
IMG_0045.mp4,890,29.666666666666668,30.0,628,2,traffic_signs,0.8521950840950012,3207.1484375,1322.7269287109375,3353.81640625,1466.378662109375,3280.482421875,1394.5527954101562,146.66796875,143.6517333984375
IMG_0045.mp4,890,29.666666666666668,30.0,636,2,traffic_signs,0.5407834649085999,2528.688232421875,1612.769287109375,2550.7958984375,1655.92822265625,2539.7420654296875,1634.3487548828125,22.107666015625,43.158935546875
IMG_0045.mp4,890,29.666666666666668,30.0,629,1,traffic_lights,0.9047113060951233,2233.12646484375,618.60986328125,2344.33056640625,827.9100341796875,2288.728515625,723.2599487304688,111.2041015625,209.3001708984375
IMG_0045.mp4,890,29.666666666666668,30.0,672,1,traffic_lights,0.4447823762893677,3423.862548828125,1385.92626953125,3453.335693359375,1464.7374267578125,3438.59912109375,1425.3318481445312,29.47314453125,78.8111572265625
IMG_0045.mp4,890,29.666666666666668,30.0,676,2,traffic_signs,0.49076852202415466,2724.25537109375,1676.8751220703125,2740.296875,1699.8948974609375,2732.276123046875,1688.385009765625,16.04150390625,23.019775390625
IMG_0045.mp4,891,29.7,30.0,628,2,traffic_signs,0.8624599575996399,3256.625244140625,1320.6695556640625,3405.33154296875,1465.0382080078125,3330.9783935546875,1392.8538818359375,148.706298828125,144.36865234375
IMG_0045.mp4,891,29.7,30.0,636,2,traffic_signs,0.6833614706993103,2567.725341796875,1615.76611328125,2590.255615234375,1658.1800537109375,2578.990478515625,1636.9730834960938,22.5302734375,42.4139404296875
IMG_0045.mp4,891,29.7,30.0,629,1,traffic_lights,0.86048424243927,2268.784912109375,613.9638061523438,2381.473876953125,823.4636840820312,2325.12939453125,718.7137451171875,112.68896484375,209.4998779296875
IMG_0045.mp4,891,29.7,30.0,672,1,traffic_lights,0.5958001017570496,3473.471435546875,1386.9869384765625,3499.561279296875,1466.54931640625,3486.516357421875,1426.7681274414062,26.08984375,79.5623779296875
IMG_0045.mp4,891,29.7,30.0,676,2,traffic_signs,0.4919466972351074,2764.6689453125,1679.931396484375,2780.56298828125,1702.9410400390625,2772.615966796875,1691.4362182617188,15.89404296875,23.0096435546875
IMG_0045.mp4,891,29.7,30.0,684,2,traffic_signs,0.7926696538925171,683.2205200195312,1429.6766357421875,719.8193359375,1467.1630859375,701.5199279785156,1448.4198608398438,36.59881591796875,37.4864501953125
IMG_0045.mp4,891,29.7,30.0,670,2,traffic_signs,0.7469912171363831,1527.994140625,1264.0445556640625,1688.444580078125,1516.6295166015625,1608.2193603515625,1390.3370361328125,160.450439453125,252.5849609375
IMG_0045.mp4,892,29.733333333333334,30.0,628,2,traffic_signs,0.8804117441177368,3306.102783203125,1318.720947265625,3456.58935546875,1464.525146484375,3381.3460693359375,1391.623046875,150.486572265625,145.80419921875
IMG_0045.mp4,892,29.733333333333334,30.0,636,2,traffic_signs,0.7682275772094727,2607.41796875,1618.4658203125,2629.744873046875,1661.5601806640625,2618.5814208984375,1640.0130004882812,22.326904296875,43.0943603515625
IMG_0045.mp4,892,29.733333333333334,30.0,629,1,traffic_lights,0.9155232310295105,2305.017822265625,609.8023071289062,2419.353271484375,819.1170654296875,2362.185546875,714.4596862792969,114.33544921875,209.31475830078125
IMG_0045.mp4,892,29.733333333333334,30.0,684,2,traffic_signs,0.8315780162811279,721.8153076171875,1432.112060546875,756.366943359375,1471.0294189453125,739.0911254882812,1451.5707397460938,34.5516357421875,38.9173583984375
IMG_0045.mp4,892,29.733333333333334,30.0,626,2,traffic_signs,0.779229462146759,3567.136962890625,1422.58837890625,3749.458740234375,1599.101806640625,3658.2978515625,1510.8450927734375,182.32177734375,176.513427734375
IMG_0045.mp4,893,29.766666666666666,30.0,628,2,traffic_signs,0.8547480702400208,3355.079833984375,1316.7139892578125,3505.55908203125,1463.011962890625,3430.3194580078125,1389.8629760742188,150.479248046875,146.2979736328125
IMG_0045.mp4,893,29.766666666666666,30.0,636,2,traffic_signs,0.5749921798706055,2644.895263671875,1620.707275390625,2667.831298828125,1665.439208984375,2656.36328125,1643.0732421875,22.93603515625,44.73193359375
IMG_0045.mp4,893,29.766666666666666,30.0,629,1,traffic_lights,0.8987592458724976,2340.827880859375,605.6216430664062,2455.069580078125,815.4298706054688,2397.94873046875,710.5257568359375,114.24169921875,209.8082275390625
IMG_0045.mp4,893,29.766666666666666,30.0,684,2,traffic_signs,0.7869378328323364,759.7589111328125,1438.011962890625,796.2387084960938,1474.312744140625,777.9988098144531,1456.162353515625,36.47979736328125,36.30078125
IMG_0045.mp4,893,29.766666666666666,30.0,626,2,traffic_signs,0.7601550817489624,3619.203857421875,1422.1953125,3808.557373046875,1600.353759765625,3713.880615234375,1511.2745361328125,189.353515625,178.158447265625
IMG_0045.mp4,893,29.766666666666666,30.0,670,2,traffic_signs,0.25039583444595337,1607.6429443359375,1276.1258544921875,1755.5506591796875,1517.9913330078125,1681.5968017578125,1397.05859375,147.90771484375,241.865478515625
IMG_0045.mp4,894,29.8,30.0,628,2,traffic_signs,0.7209441661834717,3403.607666015625,1315.7989501953125,3555.05126953125,1461.8636474609375,3479.3294677734375,1388.831298828125,151.443603515625,146.064697265625
IMG_0045.mp4,894,29.8,30.0,636,2,traffic_signs,0.8364136815071106,2681.37451171875,1624.713623046875,2705.927001953125,1670.1419677734375,2693.6507568359375,1647.4277954101562,24.552490234375,45.4283447265625
IMG_0045.mp4,894,29.8,30.0,629,1,traffic_lights,0.9009534120559692,2377.476318359375,599.802734375,2491.64599609375,810.8094482421875,2434.5611572265625,705.3060913085938,114.169677734375,211.0067138671875
IMG_0045.mp4,894,29.8,30.0,684,2,traffic_signs,0.33153247833251953,796.1376953125,1439.8160400390625,833.22216796875,1478.4638671875,814.679931640625,1459.1399536132812,37.08447265625,38.6478271484375
IMG_0045.mp4,894,29.8,30.0,626,2,traffic_signs,0.6725722551345825,3673.100341796875,1420.98046875,3840.0,1600.054443359375,3756.5501708984375,1510.5174560546875,166.899658203125,179.073974609375
IMG_0045.mp4,894,29.8,30.0,676,2,traffic_signs,0.5449357032775879,2881.182861328125,1687.3883056640625,2899.2314453125,1711.968017578125,2890.2071533203125,1699.6781616210938,18.048583984375,24.5797119140625
IMG_0045.mp4,895,29.833333333333332,30.0,628,2,traffic_signs,0.8150229454040527,3452.218994140625,1314.2740478515625,3598.948486328125,1461.95263671875,3525.583740234375,1388.1133422851562,146.7294921875,147.6785888671875
IMG_0045.mp4,895,29.833333333333332,30.0,636,2,traffic_signs,0.8279275894165039,2719.62158203125,1629.586181640625,2744.02587890625,1673.6636962890625,2731.82373046875,1651.6249389648438,24.404296875,44.0775146484375
IMG_0045.mp4,895,29.833333333333332,30.0,629,1,traffic_lights,0.8947351574897766,2412.340576171875,593.1720581054688,2529.008544921875,805.4745483398438,2470.674560546875,699.3233032226562,116.66796875,212.302490234375
IMG_0045.mp4,895,29.833333333333332,30.0,684,2,traffic_signs,0.6980183720588684,829.5245971679688,1443.5283203125,867.4713134765625,1481.498291015625,848.4979553222656,1462.5133056640625,37.94671630859375,37.969970703125
IMG_0045.mp4,895,29.833333333333332,30.0,670,2,traffic_signs,0.5514313578605652,1680.3428955078125,1342.28564453125,1825.8809814453125,1518.96875,1753.1119384765625,1430.627197265625,145.5380859375,176.68310546875
IMG_0045.mp4,896,29.866666666666667,30.0,628,2,traffic_signs,0.6743741631507874,3500.64013671875,1309.9013671875,3653.268310546875,1460.88720703125,3576.9542236328125,1385.394287109375,152.628173828125,150.98583984375
IMG_0045.mp4,896,29.866666666666667,30.0,636,2,traffic_signs,0.8321796655654907,2755.95263671875,1629.3291015625,2780.948974609375,1676.19287109375,2768.4508056640625,1652.760986328125,24.996337890625,46.86376953125
IMG_0045.mp4,896,29.866666666666667,30.0,629,1,traffic_lights,0.9152675271034241,2446.531982421875,588.2173461914062,2563.550048828125,801.1439819335938,2505.041015625,694.6806640625,117.01806640625,212.9266357421875
IMG_0045.mp4,896,29.866666666666667,30.0,684,2,traffic_signs,0.8048774003982544,864.7730102539062,1444.7042236328125,901.8990478515625,1484.8804931640625,883.3360290527344,1464.7923583984375,37.12603759765625,40.17626953125
IMG_0045.mp4,896,29.866666666666667,30.0,670,2,traffic_signs,0.5919909477233887,1707.056640625,1300.91943359375,1854.3895263671875,1519.8619384765625,1780.7230834960938,1410.3906860351562,147.3328857421875,218.9425048828125
IMG_0045.mp4,896,29.866666666666667,30.0,676,2,traffic_signs,0.5295553803443909,2957.399658203125,1692.7772216796875,2975.208984375,1718.192138671875,2966.3043212890625,1705.4846801757812,17.809326171875,25.4149169921875
IMG_0045.mp4,897,29.9,30.0,628,2,traffic_signs,0.8707728981971741,3546.271484375,1308.0643310546875,3705.91357421875,1458.6986083984375,3626.092529296875,1383.3814697265625,159.64208984375,150.63427734375
IMG_0045.mp4,897,29.9,30.0,636,2,traffic_signs,0.8307867050170898,2791.67724609375,1632.913818359375,2816.064697265625,1678.8056640625,2803.8709716796875,1655.8597412109375,24.387451171875,45.891845703125
IMG_0045.mp4,897,29.9,30.0,629,1,traffic_lights,0.8746887445449829,2480.440185546875,582.8721313476562,2596.55419921875,796.0089721679688,2538.4971923828125,689.4405517578125,116.114013671875,213.1368408203125
IMG_0045.mp4,897,29.9,30.0,684,2,traffic_signs,0.5351570248603821,896.9727172851562,1449.3338623046875,933.8558349609375,1487.37109375,915.4142761230469,1468.3524780273438,36.88311767578125,38.0372314453125
IMG_0045.mp4,897,29.9,30.0,670,2,traffic_signs,0.5293070077896118,1730.7911376953125,1285.896728515625,1883.524169921875,1523.6270751953125,1807.1576538085938,1404.7619018554688,152.7330322265625,237.7303466796875
IMG_0045.mp4,897,29.9,30.0,676,2,traffic_signs,0.4019307792186737,2995.046142578125,1695.33154296875,3011.58837890625,1720.7012939453125,3003.3172607421875,1708.0164184570312,16.542236328125,25.3697509765625
IMG_0045.mp4,898,29.933333333333334,30.0,628,2,traffic_signs,0.8634953498840332,3606.44970703125,1307.96240234375,3754.357177734375,1454.30810546875,3680.4034423828125,1381.13525390625,147.907470703125,146.345703125
IMG_0045.mp4,898,29.933333333333334,30.0,636,2,traffic_signs,0.6157417297363281,2823.941162109375,1634.423828125,2849.27294921875,1679.8587646484375,2836.6070556640625,1657.1412963867188,25.331787109375,45.4349365234375
IMG_0045.mp4,898,29.933333333333334,30.0,629,1,traffic_lights,0.45236414670944214,2511.7216796875,575.3756713867188,2628.644775390625,791.7504272460938,2570.1832275390625,683.5630493164062,116.923095703125,216.374755859375
IMG_0045.mp4,898,29.933333333333334,30.0,684,2,traffic_signs,0.6335045695304871,929.6476440429688,1447.3057861328125,965.8946533203125,1488.55810546875,947.7711486816406,1467.9319458007812,36.24700927734375,41.2523193359375
IMG_0045.mp4,898,29.933333333333334,30.0,670,2,traffic_signs,0.4053025245666504,1770.661865234375,1332.218994140625,1912.55908203125,1522.4742431640625,1841.6104736328125,1427.3466186523438,141.897216796875,190.2552490234375
IMG_0045.mp4,898,29.933333333333334,30.0,676,2,traffic_signs,0.614377498626709,3029.72216796875,1698.1617431640625,3047.18017578125,1722.1689453125,3038.451171875,1710.1653442382812,17.4580078125,24.0072021484375
IMG_0045.mp4,899,29.966666666666665,30.0,628,2,traffic_signs,0.8642129898071289,3647.10693359375,1307.7088623046875,3806.524658203125,1454.474609375,3726.8157958984375,1381.0917358398438,159.417724609375,146.7657470703125
IMG_0045.mp4,899,29.966666666666665,30.0,636,2,traffic_signs,0.832457959651947,2857.9736328125,1636.419677734375,2883.5302734375,1681.9810791015625,2870.751953125,1659.2003784179688,25.556640625,45.5614013671875
IMG_0045.mp4,899,29.966666666666665,30.0,629,1,traffic_lights,0.9099605679512024,2543.780029296875,569.6529541015625,2663.90673828125,789.5632934570312,2603.8433837890625,679.6081237792969,120.126708984375,219.91033935546875
IMG_0045.mp4,899,29.966666666666665,30.0,684,2,traffic_signs,0.7656934261322021,961.5936279296875,1452.0576171875,996.8258666992188,1490.853271484375,979.2097473144531,1471.4554443359375,35.23223876953125,38.795654296875
IMG_0045.mp4,899,29.966666666666665,30.0,670,2,traffic_signs,0.7636605501174927,1791.4755859375,1291.4161376953125,1940.575439453125,1524.456298828125,1866.0255126953125,1407.9362182617188,149.099853515625,233.0401611328125
IMG_0045.mp4,899,29.966666666666665,30.0,676,2,traffic_signs,0.33139607310295105,3066.012939453125,1700.572998046875,3082.95849609375,1724.24609375,3074.4857177734375,1712.4095458984375,16.945556640625,23.673095703125
IMG_0045.mp4,900,30.0,30.0,628,2,traffic_signs,0.8259338736534119,3689.626708984375,1304.72607421875,3840.0,1452.3287353515625,3764.8133544921875,1378.5274047851562,150.373291015625,147.6026611328125
IMG_0045.mp4,900,30.0,30.0,636,2,traffic_signs,0.7371816039085388,2891.234619140625,1637.6864013671875,2917.96337890625,1685.1326904296875,2904.5989990234375,1661.4095458984375,26.728759765625,47.4462890625
IMG_0045.mp4,900,30.0,30.0,629,1,traffic_lights,0.8796262741088867,2575.72705078125,563.0938110351562,2696.560791015625,785.3372192382812,2636.1439208984375,674.2155151367188,120.833740234375,222.243408203125
IMG_0045.mp4,900,30.0,30.0,684,2,traffic_signs,0.6995766162872314,990.4992065429688,1454.1339111328125,1026.7386474609375,1492.0479736328125,1008.6189270019531,1473.0909423828125,36.23944091796875,37.9140625
IMG_0045.mp4,900,30.0,30.0,670,2,traffic_signs,0.7280609607696533,1825.95751953125,1335.4921875,1970.9261474609375,1523.57666015625,1898.4418334960938,1429.534423828125,144.9686279296875,188.08447265625
IMG_0045.mp4,900,30.0,30.0,676,2,traffic_signs,0.3190014064311981,3101.6826171875,1703.02294921875,3118.6875,1726.6461181640625,3110.18505859375,1714.8345336914062,17.0048828125,23.6231689453125
IMG_0045.mp4,901,30.033333333333335,30.0,636,2,traffic_signs,0.8597791194915771,2922.984619140625,1639.7515869140625,2949.888427734375,1687.0826416015625,2936.4365234375,1663.4171142578125,26.90380859375,47.3310546875
IMG_0045.mp4,901,30.033333333333335,30.0,629,1,traffic_lights,0.8752753138542175,2606.906005859375,557.15869140625,2728.650390625,780.2041625976562,2667.7781982421875,668.6814270019531,121.744384765625,223.04547119140625
IMG_0045.mp4,901,30.033333333333335,30.0,684,2,traffic_signs,0.26646509766578674,1018.0982666015625,1457.63818359375,1053.474609375,1494.0362548828125,1035.7864379882812,1475.8372192382812,35.3763427734375,36.3980712890625
IMG_0045.mp4,901,30.033333333333335,30.0,670,2,traffic_signs,0.8617106676101685,1856.1903076171875,1355.58935546875,1997.002685546875,1524.1932373046875,1926.5964965820312,1439.8912963867188,140.8123779296875,168.6038818359375
IMG_0045.mp4,902,30.066666666666666,30.0,636,2,traffic_signs,0.8750529885292053,2954.9267578125,1641.3836669921875,2980.685791015625,1688.811279296875,2967.8062744140625,1665.0974731445312,25.759033203125,47.4276123046875
IMG_0045.mp4,902,30.066666666666666,30.0,629,1,traffic_lights,0.8943829536437988,2638.115966796875,549.4833374023438,2761.992431640625,773.14404296875,2700.05419921875,661.3136901855469,123.87646484375,223.66070556640625
IMG_0045.mp4,902,30.066666666666666,30.0,684,2,traffic_signs,0.3552028238773346,1045.56787109375,1459.099609375,1082.2354736328125,1493.9610595703125,1063.9016723632812,1476.5303344726562,36.6676025390625,34.8614501953125
IMG_0045.mp4,902,30.066666666666666,30.0,670,2,traffic_signs,0.8420220613479614,1881.8699951171875,1360.207275390625,2023.1883544921875,1522.685302734375,1952.5291748046875,1441.4462890625,141.318359375,162.47802734375
IMG_0045.mp4,902,30.066666666666666,30.0,702,2,traffic_signs,0.580597996711731,1843.5941162109375,1261.3897705078125,1982.4610595703125,1386.4674072265625,1913.027587890625,1323.9285888671875,138.866943359375,125.07763671875
IMG_0045.mp4,902,30.066666666666666,30.0,628,2,traffic_signs,0.8121426105499268,3780.62255859375,1295.8646240234375,3840.0,1446.870361328125,3810.311279296875,1371.3674926757812,59.37744140625,151.0057373046875
IMG_0045.mp4,902,30.066666666666666,30.0,676,2,traffic_signs,0.4244655668735504,3166.78173828125,1708.19921875,3185.666259765625,1732.6160888671875,3176.2239990234375,1720.4076538085938,18.884521484375,24.4168701171875
IMG_0045.mp4,903,30.1,30.0,636,2,traffic_signs,0.7995541095733643,2986.432861328125,1643.2938232421875,3012.95751953125,1692.014404296875,2999.6951904296875,1667.6541137695312,26.524658203125,48.7205810546875
IMG_0045.mp4,903,30.1,30.0,629,1,traffic_lights,0.8438449501991272,2668.77587890625,543.48681640625,2790.09912109375,768.0811767578125,2729.4375,655.7839965820312,121.3232421875,224.5943603515625
IMG_0045.mp4,903,30.1,30.0,684,2,traffic_signs,0.43601855635643005,1072.1173095703125,1459.0650634765625,1108.154541015625,1497.284423828125,1090.1359252929688,1478.1747436523438,36.0372314453125,38.2193603515625
IMG_0045.mp4,903,30.1,30.0,670,2,traffic_signs,0.4888017773628235,1907.802978515625,1356.6318359375,2045.574951171875,1524.7286376953125,1976.68896484375,1440.6802368164062,137.77197265625,168.0968017578125
IMG_0045.mp4,904,30.133333333333333,30.0,636,2,traffic_signs,0.8365808725357056,3015.312744140625,1643.6943359375,3042.281494140625,1693.1214599609375,3028.797119140625,1668.4078979492188,26.96875,49.4271240234375
IMG_0045.mp4,904,30.133333333333333,30.0,629,1,traffic_lights,0.6967886686325073,2696.97021484375,537.4050903320312,2818.701416015625,762.3465576171875,2757.8358154296875,649.8758239746094,121.731201171875,224.94146728515625
IMG_0045.mp4,904,30.133333333333333,30.0,684,2,traffic_signs,0.41574233770370483,1097.3946533203125,1462.1627197265625,1135.07080078125,1499.10888671875,1116.2327270507812,1480.6358032226562,37.6761474609375,36.9461669921875
IMG_0045.mp4,904,30.133333333333333,30.0,670,2,traffic_signs,0.7037293910980225,1928.6263427734375,1359.03955078125,2070.527587890625,1525.1060791015625,1999.5769653320312,1442.0728149414062,141.9012451171875,166.0665283203125
IMG_0045.mp4,904,30.133333333333333,30.0,702,2,traffic_signs,0.5734155178070068,1889.7059326171875,1259.364501953125,2031.802978515625,1386.126953125,1960.7544555664062,1322.7457275390625,142.0970458984375,126.762451171875
IMG_0045.mp4,905,30.166666666666668,30.0,636,2,traffic_signs,0.8351004123687744,3043.652099609375,1645.1673583984375,3070.478515625,1694.9287109375,3057.0653076171875,1670.0480346679688,26.826416015625,49.7613525390625
IMG_0045.mp4,905,30.166666666666668,30.0,629,1,traffic_lights,0.7536442875862122,2723.1669921875,530.1723022460938,2846.345458984375,756.3497314453125,2784.7562255859375,643.2610168457031,123.178466796875,226.17742919921875
IMG_0045.mp4,905,30.166666666666668,30.0,684,2,traffic_signs,0.5908716320991516,1121.38818359375,1464.0389404296875,1160.556884765625,1501.09814453125,1140.9725341796875,1482.5685424804688,39.168701171875,37.0592041015625
IMG_0045.mp4,905,30.166666666666668,30.0,670,2,traffic_signs,0.8349775671958923,1953.4732666015625,1360.563720703125,2093.512451171875,1525.025390625,2023.4928588867188,1442.7945556640625,140.0391845703125,164.461669921875
IMG_0045.mp4,905,30.166666666666668,30.0,702,2,traffic_signs,0.5164382457733154,1913.5076904296875,1256.4920654296875,2053.73681640625,1385.8204345703125,1983.6222534179688,1321.15625,140.2291259765625,129.328369140625
IMG_0045.mp4,905,30.166666666666668,30.0,676,2,traffic_signs,0.4512573182582855,3258.1240234375,1713.8143310546875,3278.589599609375,1740.5804443359375,3268.3568115234375,1727.1973876953125,20.465576171875,26.76611328125
IMG_0045.mp4,906,30.2,30.0,636,2,traffic_signs,0.8339022397994995,3073.33251953125,1648.62939453125,3100.056396484375,1698.6334228515625,3086.6944580078125,1673.6314086914062,26.723876953125,50.0040283203125
IMG_0045.mp4,906,30.2,30.0,629,1,traffic_lights,0.9135882258415222,2751.310791015625,523.99609375,2875.93994140625,751.136962890625,2813.6253662109375,637.5665283203125,124.629150390625,227.140869140625
IMG_0045.mp4,906,30.2,30.0,684,2,traffic_signs,0.7598466873168945,1144.0477294921875,1466.914306640625,1183.1318359375,1502.8316650390625,1163.5897827148438,1484.8729858398438,39.0841064453125,35.9173583984375
IMG_0045.mp4,906,30.2,30.0,670,2,traffic_signs,0.8885413408279419,1974.6505126953125,1361.218994140625,2118.314697265625,1525.5997314453125,2046.4826049804688,1443.4093627929688,143.6641845703125,164.3807373046875
IMG_0045.mp4,906,30.2,30.0,702,2,traffic_signs,0.5316985249519348,1939.747314453125,1256.5037841796875,2074.3544921875,1383.9822998046875,2007.0509033203125,1320.2430419921875,134.607177734375,127.478515625
IMG_0045.mp4,906,30.2,30.0,676,2,traffic_signs,0.5729455947875977,3288.30419921875,1716.8839111328125,3307.399658203125,1743.2867431640625,3297.8519287109375,1730.0853271484375,19.095458984375,26.40283203125
IMG_0045.mp4,907,30.233333333333334,30.0,636,2,traffic_signs,0.522979736328125,3100.549072265625,1650.978271484375,3126.893310546875,1700.01171875,3113.72119140625,1675.4949951171875,26.34423828125,49.033447265625
IMG_0045.mp4,907,30.233333333333334,30.0,629,1,traffic_lights,0.9091403484344482,2776.30810546875,517.3170166015625,2903.060546875,745.9205322265625,2839.684326171875,631.6187744140625,126.75244140625,228.603515625
IMG_0045.mp4,907,30.233333333333334,30.0,684,2,traffic_signs,0.817874550819397,1166.187744140625,1467.811767578125,1203.895751953125,1503.393798828125,1185.041748046875,1485.602783203125,37.7080078125,35.58203125
IMG_0045.mp4,907,30.233333333333334,30.0,670,2,traffic_signs,0.6424221992492676,1995.7802734375,1361.5732421875,2139.35595703125,1525.702392578125,2067.568115234375,1443.6378173828125,143.57568359375,164.129150390625
IMG_0045.mp4,907,30.233333333333334,30.0,702,2,traffic_signs,0.7329457402229309,1956.8641357421875,1255.759033203125,2096.208984375,1385.496337890625,2026.5365600585938,1320.627685546875,139.3448486328125,129.7373046875
IMG_0045.mp4,907,30.233333333333334,30.0,676,2,traffic_signs,0.6453716158866882,3316.64892578125,1718.926025390625,3335.518310546875,1744.92626953125,3326.0836181640625,1731.9261474609375,18.869384765625,26.000244140625
IMG_0045.mp4,908,30.266666666666666,30.0,636,2,traffic_signs,0.7627909183502197,3126.85546875,1653.4144287109375,3154.08837890625,1701.4097900390625,3140.471923828125,1677.412109375,27.23291015625,47.995361328125
IMG_0045.mp4,908,30.266666666666666,30.0,629,1,traffic_lights,0.9151825308799744,2802.959228515625,511.65447998046875,2928.18701171875,740.6676635742188,2865.5731201171875,626.1610717773438,125.227783203125,229.01318359375
IMG_0045.mp4,908,30.266666666666666,30.0,684,2,traffic_signs,0.7669947147369385,1187.253662109375,1468.943603515625,1225.0010986328125,1505.594970703125,1206.1273803710938,1487.269287109375,37.7474365234375,36.6513671875
IMG_0045.mp4,908,30.266666666666666,30.0,670,2,traffic_signs,0.2923785150051117,2017.0106201171875,1361.8529052734375,2161.386962890625,1526.205322265625,2089.1987915039062,1444.0291137695312,144.3763427734375,164.3524169921875
IMG_0045.mp4,908,30.266666666666666,30.0,702,2,traffic_signs,0.6433724164962769,1976.18359375,1256.211669921875,2117.579345703125,1385.82958984375,2046.8814697265625,1321.0206298828125,141.395751953125,129.617919921875
IMG_0045.mp4,908,30.266666666666666,30.0,676,2,traffic_signs,0.6967591047286987,3343.40380859375,1720.1322021484375,3364.348876953125,1747.4844970703125,3353.8763427734375,1733.808349609375,20.945068359375,27.352294921875
IMG_0045.mp4,909,30.3,30.0,636,2,traffic_signs,0.8143765926361084,3152.051513671875,1655.0302734375,3178.816162109375,1702.5889892578125,3165.433837890625,1678.8096313476562,26.7646484375,47.5587158203125
IMG_0045.mp4,909,30.3,30.0,629,1,traffic_lights,0.8896452188491821,2824.880126953125,504.80230712890625,2952.302490234375,734.2066650390625,2888.59130859375,619.5044860839844,127.42236328125,229.40435791015625
IMG_0045.mp4,909,30.3,30.0,684,2,traffic_signs,0.673567533493042,1208.414306640625,1472.4725341796875,1244.863525390625,1509.5718994140625,1226.638916015625,1491.022216796875,36.44921875,37.099365234375
IMG_0045.mp4,909,30.3,30.0,670,2,traffic_signs,0.8706955909729004,2033.684326171875,1357.4521484375,2181.762939453125,1525.8824462890625,2107.7236328125,1441.6672973632812,148.07861328125,168.4302978515625
IMG_0045.mp4,909,30.3,30.0,702,2,traffic_signs,0.6215579509735107,1994.0299072265625,1254.3897705078125,2135.876953125,1385.0411376953125,2064.9534301757812,1319.7154541015625,141.8470458984375,130.6513671875
IMG_0045.mp4,909,30.3,30.0,676,2,traffic_signs,0.7386176586151123,3369.98974609375,1721.5458984375,3390.780517578125,1748.8206787109375,3380.3851318359375,1735.1832885742188,20.790771484375,27.2747802734375
IMG_0045.mp4,910,30.333333333333332,30.0,636,2,traffic_signs,0.5376258492469788,3176.089599609375,1656.60986328125,3202.4248046875,1703.622802734375,3189.2572021484375,1680.1163330078125,26.335205078125,47.012939453125
IMG_0045.mp4,910,30.333333333333332,30.0,629,1,traffic_lights,0.8867499232292175,2846.921142578125,496.67840576171875,2973.53125,727.5094604492188,2910.2261962890625,612.0939331054688,126.610107421875,230.8310546875
IMG_0045.mp4,910,30.333333333333332,30.0,684,2,traffic_signs,0.788107693195343,1227.473876953125,1474.5589599609375,1265.2825927734375,1511.634033203125,1246.3782348632812,1493.0964965820312,37.8087158203125,37.0750732421875
IMG_0045.mp4,910,30.333333333333332,30.0,670,2,traffic_signs,0.5900121331214905,2052.1640625,1360.6229248046875,2197.174072265625,1524.7532958984375,2124.6690673828125,1442.6881103515625,145.010009765625,164.13037109375
IMG_0045.mp4,910,30.333333333333332,30.0,702,2,traffic_signs,0.5466818809509277,2012.62548828125,1252.1964111328125,2153.482421875,1384.63623046875,2083.053955078125,1318.4163208007812,140.85693359375,132.4398193359375
IMG_0045.mp4,910,30.333333333333332,30.0,676,2,traffic_signs,0.6440996527671814,3394.568115234375,1722.9903564453125,3416.2197265625,1751.0489501953125,3405.3939208984375,1737.0196533203125,21.651611328125,28.05859375
IMG_0045.mp4,911,30.366666666666667,30.0,636,2,traffic_signs,0.4345702528953552,3199.341064453125,1657.8382568359375,3226.806884765625,1705.281494140625,3213.073974609375,1681.5598754882812,27.4658203125,47.4432373046875
IMG_0045.mp4,911,30.366666666666667,30.0,629,1,traffic_lights,0.86524498462677,2868.956787109375,489.8094787597656,2996.58837890625,720.03955078125,2932.7725830078125,604.9245147705078,127.631591796875,230.23007202148438
IMG_0045.mp4,911,30.366666666666667,30.0,684,2,traffic_signs,0.7852771282196045,1246.7642822265625,1474.8673095703125,1284.420654296875,1512.8790283203125,1265.5924682617188,1493.8731689453125,37.6563720703125,38.01171875
IMG_0045.mp4,911,30.366666666666667,30.0,670,2,traffic_signs,0.370991975069046,2062.3291015625,1333.01123046875,2215.0048828125,1525.654052734375,2138.6669921875,1429.3326416015625,152.67578125,192.642822265625
IMG_0045.mp4,911,30.366666666666667,30.0,676,2,traffic_signs,0.3250828683376312,3419.64013671875,1725.2830810546875,3441.62939453125,1753.165283203125,3430.634765625,1739.2241821289062,21.9892578125,27.8822021484375
IMG_0045.mp4,912,30.4,30.0,636,2,traffic_signs,0.4147697985172272,3221.9384765625,1659.2275390625,3250.658203125,1707.1475830078125,3236.29833984375,1683.1875610351562,28.7197265625,47.9200439453125
IMG_0045.mp4,912,30.4,30.0,629,1,traffic_lights,0.8957621455192566,2892.753662109375,482.53857421875,3019.315185546875,714.2135009765625,2956.034423828125,598.3760375976562,126.5615234375,231.6749267578125
IMG_0045.mp4,912,30.4,30.0,684,2,traffic_signs,0.7387657165527344,1264.572509765625,1477.1431884765625,1303.1802978515625,1513.802001953125,1283.8764038085938,1495.4725952148438,38.6077880859375,36.6588134765625
IMG_0045.mp4,912,30.4,30.0,676,2,traffic_signs,0.3678140938282013,3443.4541015625,1726.930419921875,3465.84521484375,1754.2525634765625,3454.649658203125,1740.5914916992188,22.39111328125,27.3221435546875
IMG_0045.mp4,912,30.4,30.0,702,2,traffic_signs,0.3511788249015808,2044.26953125,1248.8175048828125,2187.89013671875,1383.2947998046875,2116.079833984375,1316.05615234375,143.62060546875,134.477294921875
IMG_0045.mp4,913,30.433333333333334,30.0,636,2,traffic_signs,0.8125922679901123,3243.886962890625,1659.2120361328125,3271.715576171875,1707.8221435546875,3257.80126953125,1683.51708984375,27.82861328125,48.610107421875
IMG_0045.mp4,913,30.433333333333334,30.0,629,1,traffic_lights,0.8948294520378113,2911.961181640625,473.9774169921875,3039.629150390625,709.5486450195312,2975.795166015625,591.7630310058594,127.66796875,235.57122802734375
IMG_0045.mp4,913,30.433333333333334,30.0,684,2,traffic_signs,0.8099303841590881,1281.870849609375,1478.4886474609375,1320.238525390625,1513.93115234375,1301.0546875,1496.2098999023438,38.36767578125,35.4425048828125
IMG_0045.mp4,913,30.433333333333334,30.0,676,2,traffic_signs,0.6176034212112427,3466.060546875,1727.967529296875,3488.67919921875,1755.052490234375,3477.369873046875,1741.510009765625,22.61865234375,27.0849609375
IMG_0045.mp4,913,30.433333333333334,30.0,702,2,traffic_signs,0.29651468992233276,2061.39208984375,1244.8267822265625,2204.17529296875,1381.4271240234375,2132.78369140625,1313.126953125,142.783203125,136.600341796875
IMG_0045.mp4,914,30.466666666666665,30.0,629,1,traffic_lights,0.9027796983718872,2931.94873046875,464.6820373535156,3063.31201171875,700.8817749023438,2997.63037109375,582.7819061279297,131.36328125,236.19973754882812
IMG_0045.mp4,914,30.466666666666665,30.0,684,2,traffic_signs,0.8331069350242615,1298.5789794921875,1479.2890625,1335.732421875,1515.82080078125,1317.1557006835938,1497.554931640625,37.1534423828125,36.53173828125
IMG_0045.mp4,914,30.466666666666665,30.0,676,2,traffic_signs,0.3225075304508209,3489.16162109375,1729.1055908203125,3510.73681640625,1756.3046875,3499.94921875,1742.7051391601562,21.5751953125,27.1990966796875
IMG_0045.mp4,914,30.466666666666665,30.0,702,2,traffic_signs,0.31482651829719543,2073.0859375,1242.449462890625,2222.57861328125,1383.858154296875,2147.832275390625,1313.15380859375,149.49267578125,141.40869140625
IMG_0045.mp4,915,30.5,30.0,629,1,traffic_lights,0.8492327332496643,2952.861083984375,455.73162841796875,3084.417236328125,695.1861572265625,3018.63916015625,575.4588928222656,131.55615234375,239.45452880859375
IMG_0045.mp4,915,30.5,30.0,684,2,traffic_signs,0.707957923412323,1314.0594482421875,1479.7701416015625,1352.3017578125,1515.7489013671875,1333.1806030273438,1497.759521484375,38.2423095703125,35.978759765625
IMG_0045.mp4,915,30.5,30.0,676,2,traffic_signs,0.319454163312912,3512.957763671875,1730.41162109375,3534.59130859375,1758.73828125,3523.7745361328125,1744.574951171875,21.633544921875,28.32666015625
IMG_0045.mp4,915,30.5,30.0,702,2,traffic_signs,0.29397451877593994,2086.80517578125,1240.7864990234375,2238.5078125,1381.311767578125,2162.656494140625,1311.0491333007812,151.70263671875,140.5252685546875
IMG_0045.mp4,915,30.5,30.0,636,2,traffic_signs,0.42785272002220154,3287.260986328125,1660.0667724609375,3314.462158203125,1710.133544921875,3300.861572265625,1685.1001586914062,27.201171875,50.0667724609375
IMG_0045.mp4,916,30.533333333333335,30.0,629,1,traffic_lights,0.891973614692688,2970.589111328125,447.6092529296875,3104.679443359375,687.7606811523438,3037.63427734375,567.6849670410156,134.09033203125,240.15142822265625
IMG_0045.mp4,916,30.533333333333335,30.0,684,2,traffic_signs,0.8449036478996277,1329.5965576171875,1479.487548828125,1367.399658203125,1515.8060302734375,1348.4981079101562,1497.6467895507812,37.8031005859375,36.3184814453125
IMG_0045.mp4,916,30.533333333333335,30.0,676,2,traffic_signs,0.5016992092132568,3533.80517578125,1731.0936279296875,3555.90576171875,1759.76025390625,3544.85546875,1745.4269409179688,22.1005859375,28.6666259765625
IMG_0045.mp4,916,30.533333333333335,30.0,702,2,traffic_signs,0.61170893907547,2098.52197265625,1238.1492919921875,2252.719482421875,1377.6575927734375,2175.6207275390625,1307.9034423828125,154.197509765625,139.50830078125
IMG_0045.mp4,916,30.533333333333335,30.0,636,2,traffic_signs,0.5323743224143982,3306.682861328125,1660.7371826171875,3335.60009765625,1710.9310302734375,3321.1414794921875,1685.8341064453125,28.917236328125,50.19384765625
IMG_0045.mp4,917,30.566666666666666,30.0,629,1,traffic_lights,0.8520953059196472,2988.744140625,439.560302734375,3123.336181640625,680.9994506835938,3056.0401611328125,560.2798767089844,134.592041015625,241.43914794921875
IMG_0045.mp4,917,30.566666666666666,30.0,684,2,traffic_signs,0.8695088028907776,1343.7786865234375,1481.1529541015625,1380.3560791015625,1518.6337890625,1362.0673828125,1499.8933715820312,36.577392578125,37.4808349609375
IMG_0045.mp4,917,30.566666666666666,30.0,676,2,traffic_signs,0.6367030739784241,3552.384765625,1732.2825927734375,3575.171142578125,1760.8006591796875,3563.7779541015625,1746.5416259765625,22.786376953125,28.51806640625
IMG_0045.mp4,917,30.566666666666666,30.0,702,2,traffic_signs,0.514054536819458,2109.970703125,1237.2967529296875,2264.02099609375,1374.4677734375,2186.995849609375,1305.8822631835938,154.05029296875,137.1710205078125
IMG_0045.mp4,917,30.566666666666666,30.0,636,2,traffic_signs,0.8042781949043274,3324.56005859375,1661.862060546875,3354.555419921875,1712.4798583984375,3339.5577392578125,1687.1709594726562,29.995361328125,50.6177978515625
IMG_0045.mp4,918,30.6,30.0,629,1,traffic_lights,0.812333881855011,3007.4267578125,429.23046875,3142.692138671875,673.3087768554688,3075.0594482421875,551.2696228027344,135.265380859375,244.07830810546875
IMG_0045.mp4,918,30.6,30.0,684,2,traffic_signs,0.8351410627365112,1355.9583740234375,1482.95361328125,1393.05224609375,1519.737060546875,1374.5053100585938,1501.3453369140625,37.0938720703125,36.783447265625
IMG_0045.mp4,918,30.6,30.0,676,2,traffic_signs,0.6059030890464783,3573.43994140625,1733.40576171875,3596.7412109375,1763.10888671875,3585.090576171875,1748.25732421875,23.30126953125,29.703125
IMG_0045.mp4,918,30.6,30.0,702,2,traffic_signs,0.5828553438186646,2122.600830078125,1234.8497314453125,2278.616455078125,1374.2869873046875,2200.608642578125,1304.568359375,156.015625,139.437255859375
IMG_0045.mp4,918,30.6,30.0,636,2,traffic_signs,0.8697531223297119,3344.626953125,1663.0345458984375,3374.347900390625,1714.002685546875,3359.4874267578125,1688.5186157226562,29.720947265625,50.9681396484375
IMG_0045.mp4,919,30.633333333333333,30.0,629,1,traffic_lights,0.7961239218711853,3023.134033203125,421.9940490722656,3160.5185546875,666.73828125,3091.8262939453125,544.3661651611328,137.384521484375,244.74423217773438
IMG_0045.mp4,919,30.633333333333333,30.0,684,2,traffic_signs,0.8393629193305969,1367.952392578125,1483.97705078125,1406.5528564453125,1521.2496337890625,1387.2526245117188,1502.6133422851562,38.6004638671875,37.2725830078125
IMG_0045.mp4,919,30.633333333333333,30.0,702,2,traffic_signs,0.342221736907959,2133.71484375,1232.4180908203125,2293.787109375,1376.482666015625,2213.7509765625,1304.4503784179688,160.072265625,144.0645751953125
IMG_0045.mp4,919,30.633333333333333,30.0,636,2,traffic_signs,0.7805277705192566,3362.99462890625,1663.3131103515625,3391.719970703125,1714.3150634765625,3377.3572998046875,1688.8140869140625,28.725341796875,51.001953125
IMG_0045.mp4,920,30.666666666666668,30.0,629,1,traffic_lights,0.8994097113609314,3036.537353515625,413.82501220703125,3174.96630859375,661.5943603515625,3105.7518310546875,537.7096862792969,138.428955078125,247.76934814453125
IMG_0045.mp4,920,30.666666666666668,30.0,684,2,traffic_signs,0.843808650970459,1378.358154296875,1484.1595458984375,1417.8338623046875,1521.0242919921875,1398.0960083007812,1502.5919189453125,39.4757080078125,36.86474609375
IMG_0045.mp4,920,30.666666666666668,30.0,702,2,traffic_signs,0.47531241178512573,2142.56787109375,1230.6602783203125,2304.04541015625,1373.6302490234375,2223.306640625,1302.145263671875,161.4775390625,142.969970703125
IMG_0045.mp4,920,30.666666666666668,30.0,636,2,traffic_signs,0.5413233637809753,3377.863525390625,1663.9503173828125,3406.499267578125,1714.5731201171875,3392.181396484375,1689.26171875,28.6357421875,50.622802734375
IMG_0045.mp4,920,30.666666666666668,30.0,676,2,traffic_signs,0.3189876675605774,3610.39013671875,1734.895751953125,3633.156494140625,1765.0452880859375,3621.7733154296875,1749.9705200195312,22.766357421875,30.1495361328125
IMG_0045.mp4,921,30.7,30.0,629,1,traffic_lights,0.8731135725975037,3053.274658203125,404.742919921875,3192.68603515625,653.1807250976562,3122.9803466796875,528.9618225097656,139.411376953125,248.43780517578125
IMG_0045.mp4,921,30.7,30.0,684,2,traffic_signs,0.7675427198410034,1390.5433349609375,1485.225830078125,1430.03466796875,1523.2706298828125,1410.2890014648438,1504.2482299804688,39.4913330078125,38.0447998046875
IMG_0045.mp4,921,30.7,30.0,702,2,traffic_signs,0.7392562627792358,2151.72607421875,1228.57958984375,2311.565673828125,1372.888671875,2231.6458740234375,1300.734130859375,159.839599609375,144.30908203125
IMG_0045.mp4,921,30.7,30.0,636,2,traffic_signs,0.748723566532135,3395.423095703125,1665.3524169921875,3425.58740234375,1718.0496826171875,3410.5052490234375,1691.7010498046875,30.164306640625,52.697265625
IMG_0045.mp4,921,30.7,30.0,676,2,traffic_signs,0.5892226696014404,3628.42431640625,1737.7784423828125,3651.75732421875,1767.7813720703125,3640.0908203125,1752.7799072265625,23.3330078125,30.0029296875
IMG_0045.mp4,922,30.733333333333334,30.0,629,1,traffic_lights,0.7634927034378052,3066.43408203125,397.0384216308594,3206.5791015625,646.2598876953125,3136.506591796875,521.6491546630859,140.14501953125,249.22146606445312
IMG_0045.mp4,922,30.733333333333334,30.0,684,2,traffic_signs,0.7761598229408264,1400.7274169921875,1484.2293701171875,1438.598388671875,1522.015869140625,1419.6629028320312,1503.1226196289062,37.8709716796875,37.7864990234375
IMG_0045.mp4,922,30.733333333333334,30.0,702,2,traffic_signs,0.4632168114185333,2161.13916015625,1225.5272216796875,2321.55322265625,1369.6539306640625,2241.34619140625,1297.590576171875,160.4140625,144.126708984375
IMG_0045.mp4,922,30.733333333333334,30.0,636,2,traffic_signs,0.8192592859268188,3410.4755859375,1665.859619140625,3439.792724609375,1717.1793212890625,3425.1341552734375,1691.5194702148438,29.317138671875,51.3197021484375
IMG_0045.mp4,922,30.733333333333334,30.0,676,2,traffic_signs,0.5882704854011536,3645.12548828125,1737.306640625,3667.94921875,1766.957275390625,3656.537353515625,1752.1319580078125,22.82373046875,29.650634765625
IMG_0045.mp4,923,30.766666666666666,30.0,629,1,traffic_lights,0.8860324621200562,3077.256591796875,389.9102783203125,3217.96923828125,640.305908203125,3147.6129150390625,515.1080932617188,140.712646484375,250.3956298828125
IMG_0045.mp4,923,30.766666666666666,30.0,684,2,traffic_signs,0.759427011013031,1410.5870361328125,1484.552490234375,1447.978759765625,1522.676025390625,1429.2828979492188,1503.6142578125,37.3917236328125,38.12353515625
IMG_0045.mp4,923,30.766666666666666,30.0,702,2,traffic_signs,0.2947749197483063,2167.265625,1221.9766845703125,2329.789794921875,1375.2584228515625,2248.5277099609375,1298.6175537109375,162.524169921875,153.28173828125
IMG_0045.mp4,923,30.766666666666666,30.0,636,2,traffic_signs,0.8502652645111084,3423.097412109375,1665.513427734375,3452.18212890625,1717.6197509765625,3437.6397705078125,1691.5665893554688,29.084716796875,52.1063232421875
IMG_0045.mp4,923,30.766666666666666,30.0,676,2,traffic_signs,0.5495275259017944,3657.673828125,1738.6165771484375,3680.8173828125,1766.1512451171875,3669.24560546875,1752.3839111328125,23.1435546875,27.53466796875
IMG_0045.mp4,924,30.8,30.0,629,1,traffic_lights,0.8646488785743713,3090.5517578125,379.75054931640625,3231.858154296875,633.1480712890625,3161.2049560546875,506.4493103027344,141.306396484375,253.39752197265625
IMG_0045.mp4,924,30.8,30.0,684,2,traffic_signs,0.8379167914390564,1420.55615234375,1486.1702880859375,1456.651611328125,1522.625244140625,1438.6038818359375,1504.3977661132812,36.095458984375,36.4549560546875
IMG_0045.mp4,924,30.8,30.0,636,2,traffic_signs,0.8903507590293884,3438.265380859375,1666.8076171875,3467.888427734375,1717.9217529296875,3453.076904296875,1692.3646850585938,29.623046875,51.1141357421875
IMG_0045.mp4,924,30.8,30.0,676,2,traffic_signs,0.4905111491680145,3673.84619140625,1740.118896484375,3696.829345703125,1767.4188232421875,3685.3377685546875,1753.7688598632812,22.983154296875,27.2999267578125
IMG_0045.mp4,925,30.833333333333332,30.0,629,1,traffic_lights,0.8662940859794617,3099.466552734375,373.6430969238281,3240.404296875,627.493896484375,3169.9354248046875,500.56849670410156,140.937744140625,253.85079956054688
IMG_0045.mp4,925,30.833333333333332,30.0,684,2,traffic_signs,0.8294386863708496,1427.68310546875,1486.62255859375,1463.9951171875,1522.62451171875,1445.839111328125,1504.62353515625,36.31201171875,36.001953125
IMG_0045.mp4,925,30.833333333333332,30.0,636,2,traffic_signs,0.8649075627326965,3448.0380859375,1665.893798828125,3477.8056640625,1718.765380859375,3462.921875,1692.32958984375,29.767578125,52.87158203125
IMG_0045.mp4,925,30.833333333333332,30.0,676,2,traffic_signs,0.42389196157455444,3684.861572265625,1741.342529296875,3707.461181640625,1767.8818359375,3696.161376953125,1754.6121826171875,22.599609375,26.539306640625
IMG_0045.mp4,925,30.833333333333332,30.0,670,2,traffic_signs,0.393512487411499,2189.808349609375,1251.734375,2385.861572265625,1513.7999267578125,2287.8349609375,1382.7671508789062,196.05322265625,262.0655517578125
IMG_0045.mp4,926,30.866666666666667,30.0,629,1,traffic_lights,0.2986203730106354,3107.17626953125,367.0180358886719,3250.5712890625,623.624267578125,3178.873779296875,495.32115173339844,143.39501953125,256.6062316894531
IMG_0045.mp4,926,30.866666666666667,30.0,684,2,traffic_signs,0.8191561698913574,1436.2701416015625,1485.36279296875,1471.745361328125,1524.277099609375,1454.0077514648438,1504.8199462890625,35.4752197265625,38.914306640625
IMG_0045.mp4,926,30.866666666666667,30.0,636,2,traffic_signs,0.8685904145240784,3460.04052734375,1666.2125244140625,3489.551025390625,1718.867919921875,3474.7957763671875,1692.5402221679688,29.510498046875,52.6553955078125
IMG_0045.mp4,926,30.866666666666667,30.0,676,2,traffic_signs,0.6685992479324341,3696.761474609375,1742.470947265625,3719.04345703125,1768.2491455078125,3707.9024658203125,1755.3600463867188,22.281982421875,25.7781982421875
IMG_0045.mp4,926,30.866666666666667,30.0,670,2,traffic_signs,0.5024281740188599,2206.904296875,1287.6119384765625,2389.603271484375,1510.55419921875,2298.2537841796875,1399.0830688476562,182.698974609375,222.9422607421875
IMG_0045.mp4,926,30.866666666666667,30.0,702,2,traffic_signs,0.556289553642273,2183.283447265625,1211.9013671875,2352.423828125,1369.1912841796875,2267.8536376953125,1290.5463256835938,169.140380859375,157.2899169921875
IMG_0045.mp4,927,30.9,30.0,629,1,traffic_lights,0.9360215067863464,3117.216064453125,357.91839599609375,3263.271484375,616.076904296875,3190.2437744140625,486.9976501464844,146.055419921875,258.15850830078125
IMG_0045.mp4,927,30.9,30.0,684,2,traffic_signs,0.8403205275535583,1444.0050048828125,1486.8319091796875,1478.481201171875,1524.0059814453125,1461.2431030273438,1505.4189453125,34.4761962890625,37.174072265625
IMG_0045.mp4,927,30.9,30.0,636,2,traffic_signs,0.8485915064811707,3472.006591796875,1666.07275390625,3502.50927734375,1720.7584228515625,3487.2579345703125,1693.4155883789062,30.502685546875,54.6856689453125
IMG_0045.mp4,927,30.9,30.0,676,2,traffic_signs,0.7509564161300659,3709.64404296875,1742.9150390625,3733.054443359375,1769.5391845703125,3721.3492431640625,1756.2271118164062,23.410400390625,26.6241455078125
IMG_0045.mp4,927,30.9,30.0,670,2,traffic_signs,0.6643540859222412,2219.5703125,1301.215576171875,2397.0322265625,1507.4859619140625,2308.30126953125,1404.3507690429688,177.4619140625,206.2703857421875
IMG_0045.mp4,927,30.9,30.0,702,2,traffic_signs,0.3822040259838104,2187.95361328125,1208.978515625,2356.37158203125,1368.66845703125,2272.16259765625,1288.823486328125,168.41796875,159.68994140625
IMG_0045.mp4,928,30.933333333333334,30.0,629,1,traffic_lights,0.902758002281189,3127.049072265625,350.4633483886719,3274.719482421875,608.6805419921875,3200.88427734375,479.5719451904297,147.67041015625,258.2171936035156
IMG_0045.mp4,928,30.933333333333334,30.0,684,2,traffic_signs,0.833839476108551,1450.8582763671875,1487.063232421875,1485.03466796875,1525.4410400390625,1467.9464721679688,1506.2521362304688,34.1763916015625,38.3778076171875
IMG_0045.mp4,928,30.933333333333334,30.0,636,2,traffic_signs,0.8424174189567566,3485.06982421875,1668.1578369140625,3515.265380859375,1720.60693359375,3500.1676025390625,1694.3823852539062,30.195556640625,52.4490966796875
IMG_0045.mp4,928,30.933333333333334,30.0,676,2,traffic_signs,0.7337988615036011,3722.576416015625,1745.2435302734375,3746.5078125,1770.6063232421875,3734.5421142578125,1757.9249267578125,23.931396484375,25.36279296875
IMG_0045.mp4,928,30.933333333333334,30.0,670,2,traffic_signs,0.5288965106010437,2231.999267578125,1305.3050537109375,2402.694580078125,1506.9398193359375,2317.346923828125,1406.1224365234375,170.6953125,201.634765625
IMG_0045.mp4,928,30.933333333333334,30.0,702,2,traffic_signs,0.8180748820304871,2192.3115234375,1206.756591796875,2356.6474609375,1362.0972900390625,2274.4794921875,1284.4269409179688,164.3359375,155.3406982421875
IMG_0045.mp4,928,30.933333333333334,30.0,741,1,traffic_lights,0.4430232048034668,2474.117919921875,1242.684814453125,2572.865234375,1479.6231689453125,2523.4915771484375,1361.1539916992188,98.747314453125,236.9383544921875
IMG_0045.mp4,929,30.966666666666665,30.0,629,1,traffic_lights,0.833185613155365,3135.2431640625,343.787109375,3282.905517578125,602.3278198242188,3209.0743408203125,473.0574645996094,147.662353515625,258.54071044921875
IMG_0045.mp4,929,30.966666666666665,30.0,684,2,traffic_signs,0.826542317867279,1455.67919921875,1487.42529296875,1491.6070556640625,1526.6142578125,1473.6431274414062,1507.019775390625,35.9278564453125,39.18896484375
IMG_0045.mp4,929,30.966666666666665,30.0,636,2,traffic_signs,0.8639696836471558,3493.058837890625,1667.8961181640625,3524.810546875,1722.661865234375,3508.9346923828125,1695.2789916992188,31.751708984375,54.7657470703125
IMG_0045.mp4,929,30.966666666666665,30.0,676,2,traffic_signs,0.7672524452209473,3732.423583984375,1746.5660400390625,3757.1611328125,1771.0938720703125,3744.7923583984375,1758.8299560546875,24.737548828125,24.52783203125
IMG_0045.mp4,929,30.966666666666665,30.0,702,2,traffic_signs,0.8399052023887634,2195.16015625,1205.092529296875,2360.578857421875,1359.5455322265625,2277.8695068359375,1282.3190307617188,165.418701171875,154.4530029296875
IMG_0045.mp4,929,30.966666666666665,30.0,741,1,traffic_lights,0.7597598433494568,2477.065185546875,1241.8359375,2576.947265625,1480.3009033203125,2527.0062255859375,1361.0684204101562,99.882080078125,238.4649658203125
IMG_0045.mp4,930,31.0,30.0,629,1,traffic_lights,0.8597806096076965,3143.958984375,334.7954406738281,3292.57861328125,596.8167114257812,3218.268798828125,465.8060760498047,148.61962890625,262.0212707519531
IMG_0045.mp4,930,31.0,30.0,684,2,traffic_signs,0.808139979839325,1462.4296875,1487.7366943359375,1498.1641845703125,1526.8482666015625,1480.2969360351562,1507.29248046875,35.7344970703125,39.111572265625
IMG_0045.mp4,930,31.0,30.0,636,2,traffic_signs,0.7641578316688538,3502.69287109375,1669.8660888671875,3534.073486328125,1722.9447021484375,3518.3831787109375,1696.4053955078125,31.380615234375,53.07861328125
IMG_0045.mp4,930,31.0,30.0,676,2,traffic_signs,0.7379273772239685,3742.461669921875,1747.5718994140625,3768.924560546875,1771.512939453125,3755.693115234375,1759.5424194335938,26.462890625,23.9410400390625
IMG_0045.mp4,930,31.0,30.0,702,2,traffic_signs,0.8287234306335449,2197.88916015625,1203.4063720703125,2365.063720703125,1356.28369140625,2281.4764404296875,1279.8450317382812,167.174560546875,152.8773193359375
IMG_0045.mp4,930,31.0,30.0,741,1,traffic_lights,0.551331102848053,2483.294189453125,1240.8450927734375,2580.87353515625,1479.576171875,2532.0838623046875,1360.2106323242188,97.579345703125,238.7310791015625
IMG_0045.mp4,931,31.033333333333335,30.0,629,1,traffic_lights,0.6556177139282227,3152.630615234375,326.7413330078125,3302.707275390625,591.5134887695312,3227.6689453125,459.1274108886719,150.07666015625,264.77215576171875
IMG_0045.mp4,931,31.033333333333335,30.0,684,2,traffic_signs,0.8117421865463257,1469.4215087890625,1489.3572998046875,1505.1383056640625,1527.3271484375,1487.2799072265625,1508.3422241210938,35.716796875,37.9698486328125
IMG_0045.mp4,931,31.033333333333335,30.0,636,2,traffic_signs,0.8386537432670593,3513.830322265625,1671.13134765625,3545.685546875,1724.0286865234375,3529.7579345703125,1697.5800170898438,31.855224609375,52.8973388671875
IMG_0045.mp4,931,31.033333333333335,30.0,676,2,traffic_signs,0.45383456349372864,3753.953857421875,1747.59326171875,3780.796875,1773.023193359375,3767.3753662109375,1760.3082275390625,26.843017578125,25.429931640625
IMG_0045.mp4,931,31.033333333333335,30.0,702,2,traffic_signs,0.7212945818901062,2202.5849609375,1201.2493896484375,2371.128173828125,1355.1273193359375,2286.8565673828125,1278.1883544921875,168.543212890625,153.8779296875
IMG_0045.mp4,931,31.033333333333335,30.0,741,1,traffic_lights,0.6463026404380798,2488.885498046875,1237.0045166015625,2587.29833984375,1479.0426025390625,2538.0919189453125,1358.0235595703125,98.412841796875,242.0380859375
IMG_0045.mp4,932,31.066666666666666,30.0,629,1,traffic_lights,0.8757063150405884,3158.88818359375,318.6985168457031,3310.24658203125,586.3902587890625,3234.5673828125,452.5443878173828,151.3583984375,267.6917419433594
IMG_0045.mp4,932,31.066666666666666,30.0,684,2,traffic_signs,0.8044705390930176,1474.357666015625,1488.369140625,1509.1138916015625,1526.8709716796875,1491.7357788085938,1507.6200561523438,34.7562255859375,38.5018310546875
IMG_0045.mp4,932,31.066666666666666,30.0,636,2,traffic_signs,0.8685107231140137,3521.178466796875,1669.180908203125,3552.691162109375,1724.060546875,3536.934814453125,1696.6207275390625,31.5126953125,54.879638671875
IMG_0045.mp4,932,31.066666666666666,30.0,676,2,traffic_signs,0.6724121570587158,3761.979736328125,1746.8770751953125,3789.400390625,1772.198486328125,3775.6900634765625,1759.5377807617188,27.420654296875,25.3214111328125
IMG_0045.mp4,932,31.066666666666666,30.0,702,2,traffic_signs,0.32389184832572937,2205.466552734375,1196.5391845703125,2373.78759765625,1357.822021484375,2289.6270751953125,1277.1806030273438,168.321044921875,161.2828369140625
IMG_0045.mp4,932,31.066666666666666,30.0,741,1,traffic_lights,0.2839133143424988,2490.4580078125,1232.3526611328125,2589.75146484375,1478.77294921875,2540.104736328125,1355.5628051757812,99.29345703125,246.4202880859375
IMG_0045.mp4,933,31.1,30.0,629,1,traffic_lights,0.9208098649978638,3165.70068359375,310.369140625,3318.2041015625,581.3424682617188,3241.952392578125,445.8558044433594,152.50341796875,270.97332763671875
IMG_0045.mp4,933,31.1,30.0,684,2,traffic_signs,0.8031409382820129,1478.8939208984375,1489.3179931640625,1515.2908935546875,1527.2950439453125,1497.0924072265625,1508.3065185546875,36.39697265625,37.97705078125
IMG_0045.mp4,933,31.1,30.0,636,2,traffic_signs,0.8872554302215576,3529.470703125,1670.2158203125,3561.461181640625,1724.2105712890625,3545.4659423828125,1697.2131958007812,31.990478515625,53.9947509765625
IMG_0045.mp4,933,31.1,30.0,676,2,traffic_signs,0.7655879259109497,3772.25048828125,1747.5953369140625,3797.5966796875,1773.45458984375,3784.923583984375,1760.5249633789062,25.34619140625,25.8592529296875
IMG_0045.mp4,933,31.1,30.0,741,1,traffic_lights,0.3167675733566284,2495.4384765625,1229.910400390625,2592.8125,1475.7230224609375,2544.12548828125,1352.8167114257812,97.3740234375,245.8126220703125
IMG_0045.mp4,934,31.133333333333333,30.0,629,1,traffic_lights,0.8934342861175537,3173.630615234375,303.33050537109375,3327.678466796875,574.8878784179688,3250.654541015625,439.10919189453125,154.0478515625,271.557373046875
IMG_0045.mp4,934,31.133333333333333,30.0,684,2,traffic_signs,0.7523435354232788,1482.7752685546875,1489.325927734375,1520.60546875,1528.051513671875,1501.6903686523438,1508.688720703125,37.8302001953125,38.7255859375
IMG_0045.mp4,934,31.133333333333333,30.0,636,2,traffic_signs,0.851531445980072,3538.958251953125,1670.0811767578125,3571.327880859375,1724.841796875,3555.14306640625,1697.4614868164062,32.36962890625,54.7606201171875
IMG_0045.mp4,934,31.133333333333333,30.0,676,2,traffic_signs,0.7683402895927429,3783.636962890625,1749.1322021484375,3808.086181640625,1774.628662109375,3795.861572265625,1761.8804321289062,24.44921875,25.4964599609375
IMG_0045.mp4,935,31.166666666666668,30.0,629,1,traffic_lights,0.8672272562980652,3178.667724609375,302.5005798339844,3332.978271484375,572.4205322265625,3255.822998046875,437.46055603027344,154.310546875,269.9199523925781
IMG_0045.mp4,935,31.166666666666668,30.0,684,2,traffic_signs,0.8336095809936523,1493.361083984375,1489.691650390625,1530.144775390625,1528.6798095703125,1511.7529296875,1509.1857299804688,36.78369140625,38.9881591796875
IMG_0045.mp4,935,31.166666666666668,30.0,636,2,traffic_signs,0.8332189917564392,3544.475341796875,1670.2823486328125,3576.232421875,1725.1365966796875,3560.3538818359375,1697.70947265625,31.757080078125,54.854248046875
IMG_0045.mp4,935,31.166666666666668,30.0,676,2,traffic_signs,0.6951946020126343,3788.398681640625,1749.26123046875,3813.9150390625,1774.4332275390625,3801.1568603515625,1761.8472290039062,25.516357421875,25.1719970703125
IMG_0045.mp4,935,31.166666666666668,30.0,751,2,traffic_signs,0.3277062177658081,1637.209716796875,1529.9425048828125,1656.9093017578125,1574.0767822265625,1647.0595092773438,1552.0096435546875,19.6995849609375,44.13427734375
IMG_0045.mp4,936,31.2,30.0,629,1,traffic_lights,0.8631298542022705,3185.425537109375,296.8334655761719,3338.796630859375,567.678955078125,3262.111083984375,432.25621032714844,153.37109375,270.8454895019531
IMG_0045.mp4,936,31.2,30.0,636,2,traffic_signs,0.8620815873146057,3551.281982421875,1670.2811279296875,3583.2060546875,1724.0787353515625,3567.2440185546875,1697.179931640625,31.924072265625,53.797607421875
IMG_0045.mp4,936,31.2,30.0,676,2,traffic_signs,0.7356016039848328,3794.79150390625,1748.4295654296875,3821.24462890625,1774.5101318359375,3808.01806640625,1761.4698486328125,26.453125,26.08056640625
IMG_0045.mp4,936,31.2,30.0,751,2,traffic_signs,0.29673755168914795,1640.614990234375,1528.696044921875,1660.89599609375,1574.87158203125,1650.7554931640625,1551.7838134765625,20.281005859375,46.175537109375
IMG_0045.mp4,936,31.2,30.0,702,2,traffic_signs,0.39028000831604004,2217.1796875,1186.5555419921875,2397.53369140625,1393.248046875,2307.356689453125,1289.9017944335938,180.35400390625,206.6925048828125
IMG_0045.mp4,937,31.233333333333334,30.0,629,1,traffic_lights,0.8712811470031738,3191.843505859375,289.7053527832031,3344.7001953125,561.4848022460938,3268.2718505859375,425.59507751464844,152.856689453125,271.7794494628906
IMG_0045.mp4,937,31.233333333333334,30.0,636,2,traffic_signs,0.5423250794410706,3558.23876953125,1671.12548828125,3589.9033203125,1724.4310302734375,3574.071044921875,1697.7782592773438,31.66455078125,53.3055419921875
IMG_0045.mp4,937,31.233333333333334,30.0,752,2,traffic_signs,0.8415234684944153,1495.0029296875,1489.225341796875,1528.8272705078125,1527.6578369140625,1511.9151000976562,1508.4415893554688,33.8243408203125,38.4324951171875
IMG_0045.mp4,938,31.266666666666666,30.0,629,1,traffic_lights,0.8617626428604126,3196.646240234375,283.3330993652344,3350.328125,556.1851806640625,3273.4871826171875,419.75914001464844,153.681884765625,272.8520812988281
IMG_0045.mp4,938,31.266666666666666,30.0,636,2,traffic_signs,0.8204429745674133,3564.925537109375,1670.733154296875,3596.272216796875,1725.4384765625,3580.598876953125,1698.0858154296875,31.3466796875,54.705322265625
IMG_0045.mp4,938,31.266666666666666,30.0,752,2,traffic_signs,0.7877928614616394,1497.1583251953125,1489.0850830078125,1532.18896484375,1527.4324951171875,1514.6736450195312,1508.2587890625,35.0306396484375,38.347412109375
IMG_0045.mp4,938,31.266666666666666,30.0,751,2,traffic_signs,0.39455482363700867,1648.3348388671875,1529.9002685546875,1667.1815185546875,1574.1409912109375,1657.7581787109375,1552.0206298828125,18.8466796875,44.24072265625
IMG_0045.mp4,938,31.266666666666666,30.0,702,2,traffic_signs,0.4298233687877655,2222.336181640625,1185.998779296875,2403.9296875,1361.92236328125,2313.1329345703125,1273.9605712890625,181.593505859375,175.923583984375
IMG_0045.mp4,939,31.3,30.0,629,1,traffic_lights,0.8782511353492737,3203.79736328125,272.1843566894531,3360.482421875,547.6194458007812,3282.139892578125,409.9019012451172,156.68505859375,275.4350891113281
IMG_0045.mp4,939,31.3,30.0,636,2,traffic_signs,0.7493986487388611,3571.989013671875,1671.942138671875,3603.753173828125,1727.2674560546875,3587.87109375,1699.6047973632812,31.76416015625,55.3253173828125
IMG_0045.mp4,939,31.3,30.0,752,2,traffic_signs,0.843538224697113,1497.371337890625,1489.1513671875,1532.472412109375,1527.5185546875,1514.921875,1508.3349609375,35.10107421875,38.3671875
IMG_0045.mp4,939,31.3,30.0,702,2,traffic_signs,0.8780539631843567,2221.98828125,1183.490966796875,2398.709228515625,1343.8096923828125,2310.3487548828125,1263.6503295898438,176.720947265625,160.3187255859375
IMG_0045.mp4,939,31.3,30.0,676,2,traffic_signs,0.6211689114570618,3815.102783203125,1749.2950439453125,3837.814208984375,1776.779296875,3826.45849609375,1763.0371704101562,22.71142578125,27.4842529296875
IMG_0045.mp4,940,31.333333333333332,30.0,629,1,traffic_lights,0.8578929901123047,3205.917236328125,267.1436767578125,3363.8330078125,545.3214111328125,3284.8751220703125,406.2325439453125,157.915771484375,278.177734375
IMG_0045.mp4,940,31.333333333333332,30.0,636,2,traffic_signs,0.6486365795135498,3575.516357421875,1671.7979736328125,3607.45361328125,1726.4405517578125,3591.4849853515625,1699.1192626953125,31.937255859375,54.642578125
IMG_0045.mp4,940,31.333333333333332,30.0,752,2,traffic_signs,0.8351725339889526,1502.5816650390625,1490.3985595703125,1538.6807861328125,1528.602294921875,1520.6312255859375,1509.5004272460938,36.09912109375,38.2037353515625
IMG_0045.mp4,940,31.333333333333332,30.0,702,2,traffic_signs,0.8547393083572388,2223.446533203125,1182.246826171875,2397.433837890625,1337.59521484375,2310.440185546875,1259.9210205078125,173.9873046875,155.348388671875
IMG_0045.mp4,940,31.333333333333332,30.0,757,2,traffic_signs,0.6035791635513306,1653.82373046875,1530.4197998046875,1673.6748046875,1576.1373291015625,1663.749267578125,1553.278564453125,19.85107421875,45.717529296875
IMG_0045.mp4,940,31.333333333333332,30.0,676,2,traffic_signs,0.31308814883232117,3819.5498046875,1747.3140869140625,3838.498779296875,1778.0579833984375,3829.0242919921875,1762.68603515625,18.948974609375,30.743896484375
IMG_0045.mp4,941,31.366666666666667,30.0,629,1,traffic_lights,0.9059646725654602,3208.907470703125,261.4424133300781,3368.83935546875,539.993896484375,3288.8734130859375,400.71815490722656,159.931884765625,278.5514831542969
IMG_0045.mp4,941,31.366666666666667,30.0,636,2,traffic_signs,0.8634185791015625,3580.847900390625,1672.72314453125,3612.030517578125,1726.7100830078125,3596.439208984375,1699.7166137695312,31.1826171875,53.9869384765625
IMG_0045.mp4,941,31.366666666666667,30.0,752,2,traffic_signs,0.8135185837745667,1505.178466796875,1490.420166015625,1541.5125732421875,1528.67138671875,1523.3455200195312,1509.5457763671875,36.3341064453125,38.251220703125
IMG_0045.mp4,941,31.366666666666667,30.0,702,2,traffic_signs,0.8687273859977722,2223.8994140625,1179.927490234375,2398.093505859375,1333.865478515625,2310.9964599609375,1256.896484375,174.194091796875,153.93798828125
IMG_0045.mp4,941,31.366666666666667,30.0,757,2,traffic_signs,0.5754064917564392,1655.536865234375,1529.7723388671875,1675.8709716796875,1575.5189208984375,1665.7039184570312,1552.6456298828125,20.3341064453125,45.74658203125
IMG_0045.mp4,942,31.4,30.0,629,1,traffic_lights,0.9096718430519104,3212.235595703125,255.99966430664062,3374.326416015625,533.8695068359375,3293.281005859375,394.93458557128906,162.0908203125,277.8698425292969
IMG_0045.mp4,942,31.4,30.0,636,2,traffic_signs,0.8097062706947327,3585.548095703125,1672.156005859375,3617.755126953125,1726.927490234375,3601.651611328125,1699.541748046875,32.20703125,54.771484375
IMG_0045.mp4,942,31.4,30.0,752,2,traffic_signs,0.8063794374465942,1507.4329833984375,1489.6197509765625,1545.447509765625,1527.68994140625,1526.4402465820312,1508.6548461914062,38.0145263671875,38.0701904296875
IMG_0045.mp4,942,31.4,30.0,702,2,traffic_signs,0.836166262626648,2223.9892578125,1176.3670654296875,2398.832275390625,1330.022705078125,2311.4107666015625,1253.1948852539062,174.843017578125,153.6556396484375
IMG_0045.mp4,942,31.4,30.0,757,2,traffic_signs,0.5086792707443237,1657.4776611328125,1529.5875244140625,1677.572265625,1574.2899169921875,1667.5249633789062,1551.938720703125,20.0946044921875,44.702392578125
IMG_0045.mp4,942,31.4,30.0,760,1,traffic_lights,0.5133703947067261,599.7186279296875,1359.88330078125,655.4112548828125,1437.599609375,627.56494140625,1398.741455078125,55.692626953125,77.71630859375
IMG_0045.mp4,943,31.433333333333334,30.0,629,1,traffic_lights,0.8937979936599731,3216.261962890625,250.3162841796875,3377.856689453125,528.5655517578125,3297.059326171875,389.44091796875,161.5947265625,278.249267578125
IMG_0045.mp4,943,31.433333333333334,30.0,636,2,traffic_signs,0.8564737439155579,3590.048095703125,1672.8553466796875,3621.650390625,1727.409912109375,3605.8492431640625,1700.1326293945312,31.602294921875,54.5545654296875
IMG_0045.mp4,943,31.433333333333334,30.0,752,2,traffic_signs,0.7939015030860901,1509.8870849609375,1491.331787109375,1547.253173828125,1528.6478271484375,1528.5701293945312,1509.9898071289062,37.3660888671875,37.3160400390625
IMG_0045.mp4,943,31.433333333333334,30.0,702,2,traffic_signs,0.8166492581367493,2224.217041015625,1173.1268310546875,2400.157958984375,1328.1639404296875,2312.1875,1250.6453857421875,175.94091796875,155.037109375
IMG_0045.mp4,943,31.433333333333334,30.0,757,2,traffic_signs,0.5031072497367859,1659.80224609375,1530.541259765625,1679.68212890625,1574.7510986328125,1669.7421875,1552.6461791992188,19.8798828125,44.2098388671875
IMG_0045.mp4,943,31.433333333333334,30.0,760,1,traffic_lights,0.4946146011352539,600.8975219726562,1358.3099365234375,657.2008056640625,1436.8040771484375,629.0491638183594,1397.5570068359375,56.30328369140625,78.494140625
IMG_0045.mp4,944,31.466666666666665,30.0,629,1,traffic_lights,0.8865281939506531,3219.23876953125,243.91578674316406,3381.059326171875,522.4049682617188,3300.1490478515625,383.1603775024414,161.820556640625,278.4891815185547
IMG_0045.mp4,944,31.466666666666665,30.0,636,2,traffic_signs,0.793066680431366,3592.3515625,1672.4835205078125,3624.191162109375,1727.0670166015625,3608.2713623046875,1699.7752685546875,31.839599609375,54.58349609375
IMG_0045.mp4,944,31.466666666666665,30.0,752,2,traffic_signs,0.7485154867172241,1511.33056640625,1490.579833984375,1548.7724609375,1527.74462890625,1530.051513671875,1509.1622314453125,37.44189453125,37.164794921875
IMG_0045.mp4,944,31.466666666666665,30.0,702,2,traffic_signs,0.7883262634277344,2223.20556640625,1169.67919921875,2400.14697265625,1327.9315185546875,2311.67626953125,1248.8053588867188,176.94140625,158.2523193359375
IMG_0045.mp4,944,31.466666666666665,30.0,757,2,traffic_signs,0.3561590313911438,1661.5194091796875,1530.6092529296875,1681.60498046875,1574.36328125,1671.5621948242188,1552.4862670898438,20.0855712890625,43.7540283203125
IMG_0045.mp4,944,31.466666666666665,30.0,760,1,traffic_lights,0.5253691077232361,601.6419067382812,1357.70263671875,656.43212890625,1434.6976318359375,629.0370178222656,1396.2001342773438,54.79022216796875,76.9949951171875
IMG_0045.mp4,945,31.5,30.0,629,1,traffic_lights,0.8453729748725891,3223.123046875,236.11251831054688,3385.71630859375,516.7512817382812,3304.419677734375,376.43190002441406,162.59326171875,280.6387634277344
IMG_0045.mp4,945,31.5,30.0,636,2,traffic_signs,0.6036644577980042,3596.1435546875,1672.5126953125,3629.201171875,1728.257080078125,3612.67236328125,1700.3848876953125,33.0576171875,55.744384765625
IMG_0045.mp4,945,31.5,30.0,752,2,traffic_signs,0.7884259223937988,1513.2657470703125,1491.3917236328125,1549.79248046875,1528.5054931640625,1531.5291137695312,1509.9486083984375,36.5267333984375,37.11376953125
IMG_0045.mp4,945,31.5,30.0,702,2,traffic_signs,0.5368767976760864,2223.394775390625,1166.999267578125,2403.271728515625,1331.668701171875,2313.333251953125,1249.333984375,179.876953125,164.66943359375
IMG_0045.mp4,945,31.5,30.0,757,2,traffic_signs,0.27489015460014343,1663.4613037109375,1530.3388671875,1683.94677734375,1575.049072265625,1673.7040405273438,1552.6939697265625,20.4854736328125,44.710205078125
IMG_0045.mp4,945,31.5,30.0,760,1,traffic_lights,0.5584991574287415,601.234130859375,1357.8782958984375,653.47607421875,1435.3433837890625,627.3551025390625,1396.61083984375,52.241943359375,77.465087890625
IMG_0045.mp4,945,31.5,30.0,761,1,traffic_lights,0.47871148586273193,2529.5693359375,1207.1439208984375,2626.844970703125,1454.444091796875,2578.2071533203125,1330.7940063476562,97.275634765625,247.3001708984375
IMG_0045.mp4,946,31.533333333333335,30.0,629,1,traffic_lights,0.833026111125946,3225.87109375,229.03346252441406,3388.617919921875,510.7991638183594,3307.2445068359375,369.9163131713867,162.746826171875,281.7657012939453
IMG_0045.mp4,946,31.533333333333335,30.0,636,2,traffic_signs,0.7987020015716553,3600.745849609375,1672.93603515625,3633.54443359375,1727.2447509765625,3617.1451416015625,1700.0903930664062,32.798583984375,54.3087158203125
IMG_0045.mp4,946,31.533333333333335,30.0,752,2,traffic_signs,0.8167711496353149,1514.6375732421875,1491.5068359375,1550.26904296875,1529.2127685546875,1532.4533081054688,1510.3598022460938,35.6314697265625,37.7059326171875
IMG_0045.mp4,946,31.533333333333335,30.0,702,2,traffic_signs,0.5010336637496948,2223.031982421875,1164.43896484375,2405.28857421875,1332.726806640625,2314.1602783203125,1248.5828857421875,182.256591796875,168.287841796875
IMG_0045.mp4,946,31.533333333333335,30.0,757,2,traffic_signs,0.28284531831741333,1664.9486083984375,1530.5640869140625,1685.536376953125,1575.9278564453125,1675.2424926757812,1553.2459716796875,20.5877685546875,45.36376953125
IMG_0045.mp4,946,31.533333333333335,30.0,760,1,traffic_lights,0.5362697243690491,601.9754028320312,1357.2242431640625,651.5387573242188,1435.2962646484375,626.757080078125,1396.26025390625,49.5633544921875,78.072021484375
IMG_0045.mp4,947,31.566666666666666,30.0,629,1,traffic_lights,0.832196831703186,3228.4228515625,223.09576416015625,3390.806884765625,506.0128479003906,3309.6148681640625,364.55430603027344,162.384033203125,282.9170837402344
IMG_0045.mp4,947,31.566666666666666,30.0,636,2,traffic_signs,0.8460456728935242,3603.819580078125,1674.17431640625,3636.691650390625,1727.3875732421875,3620.255615234375,1700.7809448242188,32.8720703125,53.2132568359375
IMG_0045.mp4,947,31.566666666666666,30.0,752,2,traffic_signs,0.8239207863807678,1515.21484375,1492.3179931640625,1550.8323974609375,1529.802734375,1533.0236206054688,1511.0603637695312,35.6175537109375,37.4847412109375
IMG_0045.mp4,947,31.566666666666666,30.0,702,2,traffic_signs,0.6545879244804382,2222.194091796875,1162.451904296875,2403.39990234375,1328.134521484375,2312.7969970703125,1245.293212890625,181.205810546875,165.6826171875
IMG_0045.mp4,947,31.566666666666666,30.0,757,2,traffic_signs,0.26950007677078247,1665.6556396484375,1530.5076904296875,1686.4140625,1575.844970703125,1676.0348510742188,1553.1763305664062,20.7584228515625,45.3372802734375
IMG_0045.mp4,947,31.566666666666666,30.0,760,1,traffic_lights,0.4545140266418457,602.976318359375,1356.7701416015625,652.4602661132812,1434.5714111328125,627.7182922363281,1395.6707763671875,49.48394775390625,77.80126953125
IMG_0045.mp4,947,31.566666666666666,30.0,761,1,traffic_lights,0.4226554334163666,2529.188720703125,1200.440185546875,2628.8564453125,1455.2369384765625,2579.0225830078125,1327.8385620117188,99.667724609375,254.7967529296875
IMG_0045.mp4,948,31.6,30.0,629,1,traffic_lights,0.8492377996444702,3230.655029296875,216.8778839111328,3394.489501953125,501.28875732421875,3312.572265625,359.0833206176758,163.83447265625,284.41087341308594
IMG_0045.mp4,948,31.6,30.0,636,2,traffic_signs,0.7847092151641846,3607.311279296875,1673.399169921875,3640.37548828125,1727.5355224609375,3623.8433837890625,1700.4673461914062,33.064208984375,54.1363525390625
IMG_0045.mp4,948,31.6,30.0,752,2,traffic_signs,0.8125344514846802,1515.6337890625,1493.1693115234375,1551.317138671875,1529.6591796875,1533.4754638671875,1511.4142456054688,35.683349609375,36.4898681640625
IMG_0045.mp4,948,31.6,30.0,702,2,traffic_signs,0.767176628112793,2221.547607421875,1160.409912109375,2400.51123046875,1324.93701171875,2311.0294189453125,1242.6734619140625,178.963623046875,164.527099609375
IMG_0045.mp4,948,31.6,30.0,757,2,traffic_signs,0.3830823302268982,1666.5379638671875,1530.316650390625,1687.1688232421875,1575.9815673828125,1676.8533935546875,1553.1491088867188,20.630859375,45.6649169921875
IMG_0045.mp4,948,31.6,30.0,760,1,traffic_lights,0.4480781555175781,603.0057373046875,1356.7022705078125,653.8239135742188,1432.552734375,628.4148254394531,1394.6275024414062,50.81817626953125,75.8504638671875
IMG_0045.mp4,949,31.633333333333333,30.0,629,1,traffic_lights,0.8285483717918396,3231.721923828125,210.9609375,3397.1943359375,497.06622314453125,3314.4581298828125,354.0135803222656,165.472412109375,286.10528564453125
IMG_0045.mp4,949,31.633333333333333,30.0,636,2,traffic_signs,0.8730289936065674,3609.41552734375,1672.8314208984375,3644.378662109375,1727.5531005859375,3626.8970947265625,1700.1922607421875,34.963134765625,54.7216796875
IMG_0045.mp4,949,31.633333333333333,30.0,752,2,traffic_signs,0.8206300735473633,1515.9927978515625,1492.06982421875,1551.371826171875,1529.5535888671875,1533.6823120117188,1510.8117065429688,35.3790283203125,37.4837646484375
IMG_0045.mp4,949,31.633333333333333,30.0,702,2,traffic_signs,0.523512065410614,2220.125732421875,1158.2940673828125,2401.154052734375,1326.165283203125,2310.639892578125,1242.2296752929688,181.0283203125,167.8712158203125
IMG_0045.mp4,949,31.633333333333333,30.0,761,1,traffic_lights,0.33820009231567383,2528.509033203125,1195.5164794921875,2629.479736328125,1456.076171875,2578.994384765625,1325.7963256835938,100.970703125,260.5596923828125
IMG_0045.mp4,950,31.666666666666668,30.0,629,1,traffic_lights,0.7559073567390442,3235.0078125,206.104736328125,3400.33154296875,492.93756103515625,3317.669677734375,349.5211486816406,165.32373046875,286.83282470703125
IMG_0045.mp4,950,31.666666666666668,30.0,636,2,traffic_signs,0.8450090289115906,3612.719482421875,1672.9464111328125,3647.28271484375,1727.9429931640625,3630.0010986328125,1700.4447021484375,34.563232421875,54.99658203125
IMG_0045.mp4,950,31.666666666666668,30.0,752,2,traffic_signs,0.8128392100334167,1516.5760498046875,1492.8397216796875,1551.4376220703125,1529.96923828125,1534.0068359375,1511.4044799804688,34.861572265625,37.1295166015625
IMG_0045.mp4,950,31.666666666666668,30.0,702,2,traffic_signs,0.6368482112884521,2218.4697265625,1156.10498046875,2400.021484375,1322.785888671875,2309.24560546875,1239.4454345703125,181.5517578125,166.680908203125
IMG_0045.mp4,950,31.666666666666668,30.0,761,1,traffic_lights,0.608251690864563,2528.065185546875,1193.558349609375,2631.677001953125,1454.9779052734375,2579.87109375,1324.2681274414062,103.61181640625,261.4195556640625
IMG_0045.mp4,950,31.666666666666668,30.0,757,2,traffic_signs,0.25103649497032166,1667.3721923828125,1530.3857421875,1687.712158203125,1576.046630859375,1677.5421752929688,1553.2161865234375,20.3399658203125,45.660888671875
IMG_0045.mp4,951,31.7,30.0,629,1,traffic_lights,0.7200957536697388,3238.209716796875,199.958984375,3404.689208984375,487.2293395996094,3321.449462890625,343.5941619873047,166.4794921875,287.2703552246094
IMG_0045.mp4,951,31.7,30.0,636,2,traffic_signs,0.8658804297447205,3616.02099609375,1672.5882568359375,3649.630859375,1728.9066162109375,3632.825927734375,1700.7474365234375,33.60986328125,56.318359375
IMG_0045.mp4,951,31.7,30.0,752,2,traffic_signs,0.8325052857398987,1517.1573486328125,1492.5477294921875,1552.0701904296875,1530.5601806640625,1534.61376953125,1511.553955078125,34.912841796875,38.012451171875
IMG_0045.mp4,951,31.7,30.0,702,2,traffic_signs,0.41581571102142334,2216.175537109375,1152.5718994140625,2403.237060546875,1335.7086181640625,2309.706298828125,1244.1402587890625,187.0615234375,183.13671875
IMG_0045.mp4,951,31.7,30.0,761,1,traffic_lights,0.8603020906448364,2528.8291015625,1192.0543212890625,2633.876220703125,1454.383544921875,2581.3526611328125,1323.2189331054688,105.047119140625,262.3292236328125
IMG_0045.mp4,951,31.7,30.0,757,2,traffic_signs,0.3299264907836914,1668.009521484375,1530.2420654296875,1688.125244140625,1575.8109130859375,1678.0673828125,1553.0264892578125,20.11572265625,45.56884765625
IMG_0045.mp4,952,31.733333333333334,30.0,629,1,traffic_lights,0.8089969754219055,3238.756591796875,194.89202880859375,3406.248291015625,482.4082946777344,3322.50244140625,338.65016174316406,167.49169921875,287.5162658691406
IMG_0045.mp4,952,31.733333333333334,30.0,636,2,traffic_signs,0.8505070209503174,3617.179931640625,1673.2161865234375,3651.022705078125,1729.5711669921875,3634.101318359375,1701.3936767578125,33.8427734375,56.35498046875
IMG_0045.mp4,952,31.733333333333334,30.0,752,2,traffic_signs,0.8198423385620117,1517.9549560546875,1492.3878173828125,1553.7882080078125,1531.0687255859375,1535.87158203125,1511.728271484375,35.833251953125,38.680908203125
IMG_0045.mp4,952,31.733333333333334,30.0,761,1,traffic_lights,0.8050923943519592,2526.802734375,1188.6094970703125,2634.122802734375,1454.6954345703125,2580.4627685546875,1321.6524658203125,107.320068359375,266.0859375
IMG_0045.mp4,953,31.766666666666666,30.0,629,1,traffic_lights,0.9391682744026184,3241.12255859375,188.75843811035156,3408.81640625,477.54803466796875,3324.969482421875,333.15323638916016,167.69384765625,288.7895965576172
IMG_0045.mp4,953,31.766666666666666,30.0,636,2,traffic_signs,0.8532029986381531,3618.6513671875,1673.047607421875,3652.9208984375,1730.399169921875,3635.7861328125,1701.723388671875,34.26953125,57.3515625
IMG_0045.mp4,953,31.766666666666666,30.0,752,2,traffic_signs,0.8365218043327332,1517.118408203125,1492.1737060546875,1553.7550048828125,1530.4791259765625,1535.4367065429688,1511.326416015625,36.6365966796875,38.305419921875
IMG_0045.mp4,953,31.766666666666666,30.0,761,1,traffic_lights,0.8120416402816772,2526.16259765625,1187.150634765625,2632.084228515625,1452.151123046875,2579.1234130859375,1319.65087890625,105.921630859375,265.00048828125
IMG_0045.mp4,953,31.766666666666666,30.0,757,2,traffic_signs,0.2657862901687622,1669.3226318359375,1531.06591796875,1689.0535888671875,1576.2054443359375,1679.1881103515625,1553.6356811523438,19.73095703125,45.1395263671875
IMG_0045.mp4,954,31.8,30.0,629,1,traffic_lights,0.9321087598800659,3243.761474609375,183.7335205078125,3410.817626953125,473.1435241699219,3327.28955078125,328.4385223388672,167.05615234375,289.4100036621094
IMG_0045.mp4,954,31.8,30.0,636,2,traffic_signs,0.8785544037818909,3619.559326171875,1673.4652099609375,3654.9462890625,1730.6912841796875,3637.2528076171875,1702.0782470703125,35.386962890625,57.22607421875
IMG_0045.mp4,954,31.8,30.0,752,2,traffic_signs,0.8303007483482361,1517.9935302734375,1492.363037109375,1553.2291259765625,1531.283447265625,1535.611328125,1511.8232421875,35.235595703125,38.92041015625
IMG_0045.mp4,954,31.8,30.0,761,1,traffic_lights,0.776503324508667,2526.09912109375,1186.06640625,2630.408447265625,1449.9342041015625,2578.2537841796875,1318.0003051757812,104.309326171875,263.8677978515625
IMG_0045.mp4,955,31.833333333333332,30.0,629,1,traffic_lights,0.9311964511871338,3245.3642578125,177.31185913085938,3412.4501953125,468.9161682128906,3328.9072265625,323.114013671875,167.0859375,291.60430908203125
IMG_0045.mp4,955,31.833333333333332,30.0,636,2,traffic_signs,0.8764901161193848,3621.403564453125,1673.3182373046875,3656.983154296875,1729.84326171875,3639.193359375,1701.5807495117188,35.57958984375,56.5250244140625
IMG_0045.mp4,955,31.833333333333332,30.0,752,2,traffic_signs,0.8146312832832336,1518.2476806640625,1492.11279296875,1553.7781982421875,1531.05712890625,1536.012939453125,1511.5849609375,35.530517578125,38.9443359375
IMG_0045.mp4,955,31.833333333333332,30.0,761,1,traffic_lights,0.8242917656898499,2525.491455078125,1183.2076416015625,2631.951171875,1446.369873046875,2578.7213134765625,1314.7887573242188,106.459716796875,263.1622314453125
IMG_0045.mp4,955,31.833333333333332,30.0,757,2,traffic_signs,0.2831723690032959,1669.4208984375,1530.2611083984375,1688.856201171875,1575.264892578125,1679.1385498046875,1552.7630004882812,19.435302734375,45.0037841796875
IMG_0045.mp4,956,31.866666666666667,30.0,629,1,traffic_lights,0.9249576926231384,3246.750244140625,172.4261016845703,3413.681884765625,465.22381591796875,3330.216064453125,318.82495880126953,166.931640625,292.79771423339844
IMG_0045.mp4,956,31.866666666666667,30.0,636,2,traffic_signs,0.8850067257881165,3622.618896484375,1673.435302734375,3659.005126953125,1729.2686767578125,3640.81201171875,1701.3519897460938,36.38623046875,55.8333740234375
IMG_0045.mp4,956,31.866666666666667,30.0,752,2,traffic_signs,0.7927635312080383,1518.1990966796875,1492.7255859375,1554.18408203125,1530.8988037109375,1536.1915893554688,1511.8121948242188,35.9849853515625,38.1732177734375
IMG_0045.mp4,956,31.866666666666667,30.0,761,1,traffic_lights,0.8711128830909729,2525.2255859375,1182.7501220703125,2631.88427734375,1444.7686767578125,2578.554931640625,1313.7593994140625,106.65869140625,262.0185546875
IMG_0045.mp4,956,31.866666666666667,30.0,757,2,traffic_signs,0.26409563422203064,1669.3236083984375,1531.177734375,1689.1728515625,1575.9892578125,1679.2482299804688,1553.58349609375,19.8492431640625,44.8115234375
IMG_0045.mp4,957,31.9,30.0,629,1,traffic_lights,0.9132372140884399,3247.5634765625,167.02130126953125,3415.4541015625,460.8714599609375,3331.5087890625,313.9463806152344,167.890625,293.85015869140625
IMG_0045.mp4,957,31.9,30.0,636,2,traffic_signs,0.877111554145813,3625.00341796875,1673.9163818359375,3660.371337890625,1728.5830078125,3642.6873779296875,1701.2496948242188,35.367919921875,54.6666259765625
IMG_0045.mp4,957,31.9,30.0,752,2,traffic_signs,0.8031613826751709,1518.30517578125,1492.747802734375,1554.1929931640625,1530.457763671875,1536.2490844726562,1511.602783203125,35.8878173828125,37.7099609375
IMG_0045.mp4,957,31.9,30.0,761,1,traffic_lights,0.8855686783790588,2524.064453125,1181.904541015625,2631.923583984375,1443.9500732421875,2577.9940185546875,1312.9273071289062,107.859130859375,262.0455322265625
IMG_0045.mp4,958,31.933333333333334,30.0,629,1,traffic_lights,0.8864356279373169,3249.486083984375,162.16014099121094,3417.18994140625,456.6460876464844,3333.3380126953125,309.40311431884766,167.703857421875,294.48594665527344
IMG_0045.mp4,958,31.933333333333334,30.0,636,2,traffic_signs,0.8899046778678894,3627.411376953125,1675.115234375,3663.0751953125,1728.86474609375,3645.2432861328125,1701.989990234375,35.663818359375,53.74951171875
IMG_0045.mp4,958,31.933333333333334,30.0,752,2,traffic_signs,0.7956399917602539,1518.246337890625,1493.3717041015625,1553.789794921875,1529.161865234375,1536.01806640625,1511.2667846679688,35.54345703125,35.7901611328125
IMG_0045.mp4,958,31.933333333333334,30.0,761,1,traffic_lights,0.886653482913971,2522.51025390625,1178.830078125,2635.109619140625,1444.500732421875,2578.8099365234375,1311.6654052734375,112.599365234375,265.670654296875
IMG_0045.mp4,958,31.933333333333334,30.0,757,2,traffic_signs,0.272655189037323,1669.2369384765625,1531.54931640625,1689.120849609375,1576.429931640625,1679.1788940429688,1553.9896240234375,19.8839111328125,44.880615234375
IMG_0045.mp4,959,31.966666666666665,30.0,629,1,traffic_lights,0.810808002948761,3250.221435546875,158.5260772705078,3419.828857421875,453.80535888671875,3335.025146484375,306.1657180786133,169.607421875,295.27928161621094
IMG_0045.mp4,959,31.966666666666665,30.0,636,2,traffic_signs,0.8972646594047546,3628.23046875,1675.9268798828125,3664.302978515625,1729.136962890625,3646.2667236328125,1702.5319213867188,36.072509765625,53.2100830078125
IMG_0045.mp4,959,31.966666666666665,30.0,752,2,traffic_signs,0.7957326769828796,1518.5057373046875,1493.5181884765625,1553.884521484375,1530.269287109375,1536.1951293945312,1511.8937377929688,35.3787841796875,36.7510986328125
IMG_0045.mp4,959,31.966666666666665,30.0,761,1,traffic_lights,0.8555072546005249,2521.938232421875,1178.532958984375,2633.92919921875,1442.85791015625,2577.9337158203125,1310.6954345703125,111.990966796875,264.324951171875
IMG_0045.mp4,960,32.0,30.0,629,1,traffic_lights,0.8511486649513245,3251.82080078125,154.79258728027344,3422.2021484375,449.6199645996094,3337.011474609375,302.2062759399414,170.38134765625,294.82737731933594
IMG_0045.mp4,960,32.0,30.0,636,2,traffic_signs,0.8655824661254883,3628.915283203125,1674.8660888671875,3665.193359375,1728.3912353515625,3647.0543212890625,1701.628662109375,36.278076171875,53.525146484375
IMG_0045.mp4,960,32.0,30.0,752,2,traffic_signs,0.8236750364303589,1517.7607421875,1492.3310546875,1554.0054931640625,1529.4827880859375,1535.8831176757812,1510.9069213867188,36.2447509765625,37.1517333984375
IMG_0045.mp4,960,32.0,30.0,761,1,traffic_lights,0.7434986233711243,2522.423095703125,1176.6005859375,2633.686279296875,1439.1214599609375,2578.0546875,1307.8610229492188,111.26318359375,262.5208740234375
IMG_0045.mp4,961,32.03333333333333,30.0,629,1,traffic_lights,0.7153909802436829,3251.70068359375,150.44046020507812,3424.204345703125,447.2597961425781,3337.9525146484375,298.8501281738281,172.503662109375,296.8193359375
IMG_0045.mp4,961,32.03333333333333,30.0,636,2,traffic_signs,0.7865090370178223,3629.508056640625,1672.8780517578125,3666.423828125,1728.42529296875,3647.9659423828125,1700.6516723632812,36.915771484375,55.5472412109375
IMG_0045.mp4,961,32.03333333333333,30.0,752,2,traffic_signs,0.803246021270752,1517.713623046875,1492.560546875,1553.973876953125,1529.5831298828125,1535.84375,1511.0718383789062,36.26025390625,37.0225830078125
IMG_0045.mp4,961,32.03333333333333,30.0,761,1,traffic_lights,0.8550091981887817,2520.7236328125,1171.880126953125,2633.1337890625,1438.0419921875,2576.9287109375,1304.9610595703125,112.41015625,266.161865234375
IMG_0045.mp4,961,32.03333333333333,30.0,757,2,traffic_signs,0.2639864683151245,1669.1312255859375,1531.269775390625,1689.1453857421875,1575.7122802734375,1679.1383056640625,1553.4910278320312,20.01416015625,44.4425048828125
IMG_0045.mp4,962,32.06666666666667,30.0,629,1,traffic_lights,0.45567911863327026,3252.68310546875,144.0906219482422,3426.0517578125,444.4039306640625,3339.367431640625,294.24727630615234,173.36865234375,300.3133087158203
IMG_0045.mp4,962,32.06666666666667,30.0,636,2,traffic_signs,0.7967051863670349,3630.62646484375,1672.3524169921875,3667.48291015625,1728.636962890625,3649.0546875,1700.4946899414062,36.8564453125,56.2845458984375
IMG_0045.mp4,962,32.06666666666667,30.0,752,2,traffic_signs,0.8436999320983887,1517.46826171875,1492.6307373046875,1553.3819580078125,1530.1871337890625,1535.4251098632812,1511.408935546875,35.9136962890625,37.556396484375
IMG_0045.mp4,962,32.06666666666667,30.0,761,1,traffic_lights,0.8833460211753845,2520.7080078125,1169.5345458984375,2633.352783203125,1437.3182373046875,2577.0303955078125,1303.4263916015625,112.644775390625,267.78369140625
IMG_0045.mp4,962,32.06666666666667,30.0,757,2,traffic_signs,0.2717007100582123,1668.76953125,1531.3599853515625,1689.0010986328125,1575.591552734375,1678.8853149414062,1553.4757690429688,20.2315673828125,44.2315673828125
IMG_0045.mp4,963,32.1,30.0,629,1,traffic_lights,0.8513761758804321,3253.722900390625,139.62074279785156,3426.462646484375,441.2786560058594,3340.0927734375,290.44969940185547,172.73974609375,301.6579132080078
IMG_0045.mp4,963,32.1,30.0,636,2,traffic_signs,0.82883620262146,3631.489013671875,1670.9671630859375,3668.4443359375,1728.5323486328125,3649.9666748046875,1699.749755859375,36.955322265625,57.565185546875
IMG_0045.mp4,963,32.1,30.0,752,2,traffic_signs,0.8327437043190002,1517.716796875,1492.960205078125,1552.6151123046875,1530.4146728515625,1535.1659545898438,1511.6874389648438,34.8983154296875,37.4544677734375
IMG_0045.mp4,963,32.1,30.0,761,1,traffic_lights,0.8797838687896729,2520.343505859375,1167.703125,2632.456298828125,1436.111572265625,2576.39990234375,1301.9073486328125,112.11279296875,268.408447265625
IMG_0045.mp4,963,32.1,30.0,757,2,traffic_signs,0.3186350464820862,1668.306884765625,1531.3492431640625,1688.6378173828125,1576.34912109375,1678.4723510742188,1553.8491821289062,20.3309326171875,44.9998779296875
IMG_0045.mp4,964,32.13333333333333,30.0,629,1,traffic_lights,0.863307774066925,3254.701904296875,136.1473846435547,3427.374755859375,438.09503173828125,3341.038330078125,287.12120819091797,172.6728515625,301.94764709472656
IMG_0045.mp4,964,32.13333333333333,30.0,636,2,traffic_signs,0.8375164270401001,3632.303466796875,1671.0745849609375,3669.275390625,1728.5126953125,3650.7894287109375,1699.7936401367188,36.971923828125,57.4381103515625
IMG_0045.mp4,964,32.13333333333333,30.0,752,2,traffic_signs,0.8320901393890381,1517.760009765625,1492.9876708984375,1551.92529296875,1530.205322265625,1534.8426513671875,1511.5964965820312,34.165283203125,37.2176513671875
IMG_0045.mp4,964,32.13333333333333,30.0,761,1,traffic_lights,0.9123317003250122,2518.496337890625,1165.5736083984375,2631.9208984375,1435.72021484375,2575.2086181640625,1300.6469116210938,113.424560546875,270.1466064453125
IMG_0045.mp4,964,32.13333333333333,30.0,757,2,traffic_signs,0.3031207323074341,1668.2196044921875,1531.5545654296875,1688.2794189453125,1575.7855224609375,1678.24951171875,1553.6700439453125,20.059814453125,44.23095703125
IMG_0045.mp4,965,32.166666666666664,30.0,629,1,traffic_lights,0.8233099579811096,3257.190673828125,133.09259033203125,3429.424560546875,434.9335632324219,3343.3076171875,284.01307678222656,172.23388671875,301.8409729003906
IMG_0045.mp4,965,32.166666666666664,30.0,636,2,traffic_signs,0.8519235849380493,3634.5830078125,1671.8599853515625,3670.955322265625,1729.050537109375,3652.7691650390625,1700.4552612304688,36.372314453125,57.1905517578125
IMG_0045.mp4,965,32.166666666666664,30.0,752,2,traffic_signs,0.8342108130455017,1516.97900390625,1493.1337890625,1551.6636962890625,1530.3067626953125,1534.3213500976562,1511.7202758789062,34.6846923828125,37.1729736328125
IMG_0045.mp4,965,32.166666666666664,30.0,761,1,traffic_lights,0.8915370106697083,2518.05810546875,1163.567626953125,2631.221435546875,1434.142578125,2574.6397705078125,1298.8551025390625,113.163330078125,270.574951171875
IMG_0045.mp4,965,32.166666666666664,30.0,757,2,traffic_signs,0.28056931495666504,1667.6419677734375,1531.929443359375,1687.7490234375,1575.6455078125,1677.6954956054688,1553.7874755859375,20.1070556640625,43.716064453125
IMG_0045.mp4,966,32.2,30.0,629,1,traffic_lights,0.777502715587616,3259.311279296875,128.66114807128906,3430.723388671875,431.61810302734375,3345.017333984375,280.1396255493164,171.412109375,302.9569549560547
IMG_0045.mp4,966,32.2,30.0,636,2,traffic_signs,0.8484432101249695,3636.30224609375,1671.626220703125,3671.60888671875,1728.9041748046875,3653.95556640625,1700.2651977539062,35.306640625,57.2779541015625
IMG_0045.mp4,966,32.2,30.0,752,2,traffic_signs,0.8097867965698242,1516.5040283203125,1493.2977294921875,1551.0494384765625,1530.1060791015625,1533.7767333984375,1511.701904296875,34.54541015625,36.808349609375
IMG_0045.mp4,966,32.2,30.0,761,1,traffic_lights,0.8566606640815735,2517.0859375,1161.4893798828125,2630.673095703125,1435.0599365234375,2573.8795166015625,1298.274658203125,113.587158203125,273.570556640625
IMG_0045.mp4,966,32.2,30.0,757,2,traffic_signs,0.26948225498199463,1667.54541015625,1531.6678466796875,1687.7174072265625,1575.4056396484375,1677.6314086914062,1553.5367431640625,20.1719970703125,43.73779296875
IMG_0045.mp4,967,32.233333333333334,30.0,629,1,traffic_lights,0.8090364933013916,3260.82080078125,126.87097930908203,3431.4580078125,427.3319091796875,3346.139404296875,277.10144424438477,170.63720703125,300.46092987060547
IMG_0045.mp4,967,32.233333333333334,30.0,636,2,traffic_signs,0.7830641865730286,3637.98876953125,1672.18212890625,3672.38330078125,1728.921630859375,3655.18603515625,1700.5518798828125,34.39453125,56.739501953125
IMG_0045.mp4,967,32.233333333333334,30.0,752,2,traffic_signs,0.8219484090805054,1515.6788330078125,1493.1785888671875,1551.1650390625,1530.0040283203125,1533.4219360351562,1511.59130859375,35.4862060546875,36.825439453125
IMG_0045.mp4,967,32.233333333333334,30.0,761,1,traffic_lights,0.8693541884422302,2516.96044921875,1159.926025390625,2630.27587890625,1436.5977783203125,2573.6181640625,1298.2619018554688,113.3154296875,276.6717529296875
IMG_0045.mp4,967,32.233333333333334,30.0,757,2,traffic_signs,0.3302437663078308,1667.2794189453125,1531.7109375,1687.5517578125,1575.7833251953125,1677.4155883789062,1553.7471313476562,20.2723388671875,44.0723876953125
IMG_0045.mp4,968,32.266666666666666,30.0,629,1,traffic_lights,0.7373473048210144,3261.1044921875,123.89482116699219,3432.983154296875,423.5992736816406,3347.0438232421875,273.7470474243164,171.878662109375,299.70445251464844
IMG_0045.mp4,968,32.266666666666666,30.0,636,2,traffic_signs,0.7173929214477539,3638.9365234375,1672.4488525390625,3673.482177734375,1728.658447265625,3656.2093505859375,1700.5536499023438,34.545654296875,56.2095947265625
IMG_0045.mp4,968,32.266666666666666,30.0,752,2,traffic_signs,0.8201942443847656,1515.3541259765625,1493.2855224609375,1551.22705078125,1529.8902587890625,1533.2905883789062,1511.587890625,35.8729248046875,36.604736328125
IMG_0045.mp4,968,32.266666666666666,30.0,761,1,traffic_lights,0.7199254631996155,2516.261474609375,1158.701171875,2629.4638671875,1434.717041015625,2572.8626708984375,1296.7091064453125,113.202392578125,276.015869140625
IMG_0045.mp4,969,32.3,30.0,629,1,traffic_lights,0.7605855464935303,3262.3935546875,119.31246948242188,3434.0576171875,419.928466796875,3348.2255859375,269.62046813964844,171.6640625,300.6159973144531
IMG_0045.mp4,969,32.3,30.0,636,2,traffic_signs,0.8047699332237244,3639.04443359375,1672.6851806640625,3674.197998046875,1728.7322998046875,3656.6212158203125,1700.708740234375,35.153564453125,56.047119140625
IMG_0045.mp4,969,32.3,30.0,752,2,traffic_signs,0.8326500058174133,1514.78271484375,1493.78076171875,1551.0723876953125,1530.6424560546875,1532.9275512695312,1512.2116088867188,36.2896728515625,36.8616943359375
IMG_0045.mp4,969,32.3,30.0,761,1,traffic_lights,0.7302449941635132,2515.018310546875,1158.15234375,2629.18798828125,1433.4263916015625,2572.1031494140625,1295.7893676757812,114.169677734375,275.2740478515625
IMG_0045.mp4,969,32.3,30.0,757,2,traffic_signs,0.3713456690311432,1667.1256103515625,1531.3734130859375,1687.2998046875,1575.2882080078125,1677.2127075195312,1553.330810546875,20.1741943359375,43.914794921875
IMG_0045.mp4,970,32.333333333333336,30.0,629,1,traffic_lights,0.7665823698043823,3262.89013671875,118.67472839355469,3434.131591796875,415.9327697753906,3348.5108642578125,267.30374908447266,171.241455078125,297.25804138183594
IMG_0045.mp4,970,32.333333333333336,30.0,636,2,traffic_signs,0.7879925966262817,3639.432861328125,1672.4769287109375,3675.122314453125,1728.70654296875,3657.277587890625,1700.5917358398438,35.689453125,56.2296142578125
IMG_0045.mp4,970,32.333333333333336,30.0,752,2,traffic_signs,0.8362782001495361,1514.5594482421875,1493.4735107421875,1550.9920654296875,1529.9005126953125,1532.7757568359375,1511.68701171875,36.4326171875,36.427001953125
IMG_0045.mp4,970,32.333333333333336,30.0,761,1,traffic_lights,0.324459969997406,2512.781982421875,1157.3939208984375,2628.845458984375,1433.848388671875,2570.813720703125,1295.6211547851562,116.0634765625,276.4544677734375
IMG_0045.mp4,970,32.333333333333336,30.0,767,2,traffic_signs,0.32813939452171326,2191.864013671875,1117.6348876953125,2411.758544921875,1450.2587890625,2301.811279296875,1283.9468383789062,219.89453125,332.6239013671875
IMG_0045.mp4,970,32.333333333333336,30.0,757,2,traffic_signs,0.3739525079727173,1666.896728515625,1531.1966552734375,1687.1044921875,1574.8236083984375,1677.0006103515625,1553.0101318359375,20.207763671875,43.626953125
IMG_0045.mp4,971,32.36666666666667,30.0,629,1,traffic_lights,0.7989771962165833,3263.155029296875,113.54325866699219,3436.18994140625,411.9826965332031,3349.6724853515625,262.76297760009766,173.034912109375,298.43943786621094
IMG_0045.mp4,971,32.36666666666667,30.0,636,2,traffic_signs,0.7970187664031982,3640.592041015625,1672.48974609375,3676.465087890625,1729.1746826171875,3658.528564453125,1700.8322143554688,35.873046875,56.6849365234375
IMG_0045.mp4,971,32.36666666666667,30.0,752,2,traffic_signs,0.8417075276374817,1514.5421142578125,1493.4285888671875,1551.07373046875,1530.05859375,1532.8079223632812,1511.7435913085938,36.5316162109375,36.6300048828125
IMG_0045.mp4,971,32.36666666666667,30.0,761,1,traffic_lights,0.582686185836792,2514.006591796875,1153.87548828125,2627.77099609375,1430.973876953125,2570.8887939453125,1292.4246826171875,113.764404296875,277.098388671875
IMG_0045.mp4,971,32.36666666666667,30.0,767,2,traffic_signs,0.45625391602516174,2190.7333984375,1116.0574951171875,2409.5478515625,1448.773681640625,2300.140625,1282.4155883789062,218.814453125,332.7161865234375
IMG_0045.mp4,971,32.36666666666667,30.0,757,2,traffic_signs,0.3090486526489258,1666.8304443359375,1530.976318359375,1687.0257568359375,1574.570068359375,1676.9281005859375,1552.773193359375,20.1953125,43.59375
IMG_0045.mp4,972,32.4,30.0,629,1,traffic_lights,0.5915905237197876,3262.63623046875,111.89627838134766,3434.69287109375,409.5898742675781,3348.66455078125,260.7430763244629,172.056640625,297.69359588623047
IMG_0045.mp4,972,32.4,30.0,636,2,traffic_signs,0.7405274510383606,3641.311767578125,1672.8992919921875,3677.046875,1728.862060546875,3659.1793212890625,1700.8806762695312,35.735107421875,55.9627685546875
IMG_0045.mp4,972,32.4,30.0,752,2,traffic_signs,0.8433908224105835,1513.6392822265625,1493.15771484375,1550.9696044921875,1530.7760009765625,1532.304443359375,1511.9668579101562,37.330322265625,37.6182861328125
IMG_0045.mp4,972,32.4,30.0,761,1,traffic_lights,0.8078779578208923,2514.20947265625,1152.5128173828125,2626.71728515625,1430.091796875,2570.46337890625,1291.3023071289062,112.5078125,277.5789794921875
IMG_0045.mp4,972,32.4,30.0,767,2,traffic_signs,0.3652416169643402,2190.032958984375,1115.10791015625,2408.40673828125,1448.06982421875,2299.2198486328125,1281.5888671875,218.373779296875,332.9619140625
IMG_0045.mp4,972,32.4,30.0,757,2,traffic_signs,0.4126873314380646,1666.72607421875,1531.3145751953125,1686.6376953125,1574.3958740234375,1676.681884765625,1552.855224609375,19.91162109375,43.081298828125
IMG_0045.mp4,972,32.4,30.0,771,1,traffic_lights,0.3925398886203766,598.5421752929688,1368.3099365234375,644.2225341796875,1435.8519287109375,621.3823547363281,1402.0809326171875,45.68035888671875,67.5419921875
IMG_0045.mp4,973,32.43333333333333,30.0,629,1,traffic_lights,0.7341993451118469,3262.650390625,109.08660888671875,3434.732421875,407.9244079589844,3348.69140625,258.50550842285156,172.08203125,298.8377990722656
IMG_0045.mp4,973,32.43333333333333,30.0,636,2,traffic_signs,0.7455814480781555,3641.573974609375,1673.13134765625,3677.166015625,1728.9833984375,3659.3699951171875,1701.057373046875,35.592041015625,55.85205078125
IMG_0045.mp4,973,32.43333333333333,30.0,752,2,traffic_signs,0.847224235534668,1513.7459716796875,1493.744384765625,1550.761474609375,1530.427978515625,1532.2537231445312,1512.086181640625,37.0155029296875,36.68359375
IMG_0045.mp4,973,32.43333333333333,30.0,761,1,traffic_lights,0.3265921473503113,2511.840576171875,1150.501953125,2625.69921875,1429.7547607421875,2568.7698974609375,1290.1283569335938,113.858642578125,279.2528076171875
IMG_0045.mp4,973,32.43333333333333,30.0,767,2,traffic_signs,0.44685494899749756,2188.9365234375,1113.5023193359375,2408.258544921875,1446.0460205078125,2298.5975341796875,1279.774169921875,219.322021484375,332.543701171875
IMG_0045.mp4,973,32.43333333333333,30.0,757,2,traffic_signs,0.44603800773620605,1666.5413818359375,1531.3218994140625,1686.434814453125,1574.17236328125,1676.4880981445312,1552.7471313476562,19.8934326171875,42.8504638671875
IMG_0045.mp4,973,32.43333333333333,30.0,771,1,traffic_lights,0.3382343351840973,597.8984375,1370.3602294921875,643.6497802734375,1435.0469970703125,620.7741088867188,1402.70361328125,45.7513427734375,64.686767578125
IMG_0045.mp4,974,32.46666666666667,30.0,629,1,traffic_lights,0.743844747543335,3261.771240234375,104.3181381225586,3435.531005859375,405.7451477050781,3348.651123046875,255.03164291381836,173.759765625,301.42700958251953
IMG_0045.mp4,974,32.46666666666667,30.0,636,2,traffic_signs,0.7183109521865845,3641.553466796875,1673.234619140625,3677.216064453125,1728.9705810546875,3659.384765625,1701.1026000976562,35.66259765625,55.7359619140625
IMG_0045.mp4,974,32.46666666666667,30.0,752,2,traffic_signs,0.8302288055419922,1513.8162841796875,1493.4697265625,1550.716552734375,1530.01416015625,1532.2664184570312,1511.741943359375,36.9002685546875,36.54443359375
IMG_0045.mp4,974,32.46666666666667,30.0,761,1,traffic_lights,0.7777785658836365,2509.295654296875,1149.945556640625,2623.924072265625,1428.4266357421875,2566.60986328125,1289.1860961914062,114.62841796875,278.4810791015625
IMG_0045.mp4,974,32.46666666666667,30.0,757,2,traffic_signs,0.34622305631637573,1666.6890869140625,1531.5748291015625,1686.38623046875,1573.8121337890625,1676.5376586914062,1552.6934814453125,19.6971435546875,42.2373046875
IMG_0045.mp4,974,32.46666666666667,30.0,771,1,traffic_lights,0.2847452461719513,596.0728149414062,1369.7867431640625,643.4672241210938,1434.40673828125,619.77001953125,1402.0967407226562,47.3944091796875,64.6199951171875
IMG_0045.mp4,975,32.5,30.0,629,1,traffic_lights,0.7196147441864014,3263.1767578125,101.18534088134766,3435.838623046875,403.86553955078125,3349.5076904296875,252.52544021606445,172.661865234375,302.6801986694336
IMG_0045.mp4,975,32.5,30.0,636,2,traffic_signs,0.471999853849411,3642.258544921875,1673.362548828125,3678.3486328125,1729.31201171875,3660.3035888671875,1701.3372802734375,36.090087890625,55.949462890625
IMG_0045.mp4,975,32.5,30.0,752,2,traffic_signs,0.8436498641967773,1512.9368896484375,1493.300537109375,1549.82373046875,1530.5250244140625,1531.3803100585938,1511.9127807617188,36.8868408203125,37.2244873046875
IMG_0045.mp4,975,32.5,30.0,761,1,traffic_lights,0.8571857213973999,2509.00244140625,1150.0274658203125,2622.564697265625,1426.4046630859375,2565.7835693359375,1288.216064453125,113.562255859375,276.377197265625
IMG_0045.mp4,975,32.5,30.0,757,2,traffic_signs,0.27745911478996277,1666.51708984375,1531.9307861328125,1686.1033935546875,1574.26953125,1676.3102416992188,1553.1001586914062,19.5863037109375,42.3387451171875
IMG_0045.mp4,975,32.5,30.0,771,1,traffic_lights,0.3267093002796173,592.51904296875,1368.7645263671875,642.8348999023438,1435.2135009765625,617.6769714355469,1401.989013671875,50.31585693359375,66.448974609375
IMG_0045.mp4,976,32.53333333333333,30.0,629,1,traffic_lights,0.7531854510307312,3265.620361328125,100.14273834228516,3435.712646484375,401.0329895019531,3350.66650390625,250.58786392211914,170.09228515625,300.89025115966797
IMG_0045.mp4,976,32.53333333333333,30.0,636,2,traffic_signs,0.769827663898468,3643.514892578125,1673.58056640625,3679.66748046875,1730.1246337890625,3661.5911865234375,1701.8526000976562,36.152587890625,56.5440673828125
IMG_0045.mp4,976,32.53333333333333,30.0,752,2,traffic_signs,0.8381288647651672,1512.52783203125,1493.5863037109375,1549.1812744140625,1530.3638916015625,1530.8545532226562,1511.97509765625,36.6534423828125,36.777587890625
IMG_0045.mp4,976,32.53333333333333,30.0,761,1,traffic_lights,0.6214718222618103,2506.27783203125,1148.087890625,2622.335693359375,1426.47802734375,2564.3067626953125,1287.282958984375,116.057861328125,278.39013671875
IMG_0045.mp4,976,32.53333333333333,30.0,771,1,traffic_lights,0.3231985867023468,592.93505859375,1371.98876953125,641.6378784179688,1435.6083984375,617.2864685058594,1403.798583984375,48.70281982421875,63.61962890625
IMG_0045.mp4,977,32.56666666666667,30.0,629,1,traffic_lights,0.6077250242233276,3266.274169921875,95.28910827636719,3436.025634765625,399.1915283203125,3351.14990234375,247.24031829833984,169.75146484375,303.9024200439453
IMG_0045.mp4,977,32.56666666666667,30.0,636,2,traffic_signs,0.7901191115379333,3643.6591796875,1673.654052734375,3680.095703125,1730.247802734375,3661.87744140625,1701.950927734375,36.4365234375,56.59375
IMG_0045.mp4,977,32.56666666666667,30.0,752,2,traffic_signs,0.8420146703720093,1512.14892578125,1493.486572265625,1548.3048095703125,1530.44287109375,1530.2268676757812,1511.9647216796875,36.1558837890625,36.956298828125
IMG_0045.mp4,977,32.56666666666667,30.0,761,1,traffic_lights,0.7518423199653625,2504.322021484375,1148.1236572265625,2621.49951171875,1425.76953125,2562.9107666015625,1286.9465942382812,117.177490234375,277.6458740234375
IMG_0045.mp4,977,32.56666666666667,30.0,771,1,traffic_lights,0.2575714588165283,592.9905395507812,1372.4996337890625,641.1427001953125,1436.3514404296875,617.0666198730469,1404.425537109375,48.15216064453125,63.851806640625
IMG_0045.mp4,978,32.6,30.0,629,1,traffic_lights,0.5004607439041138,3268.196044921875,88.52296447753906,3438.286376953125,395.8609924316406,3353.2412109375,242.19197845458984,170.09033203125,307.33802795410156
IMG_0045.mp4,978,32.6,30.0,636,2,traffic_signs,0.7472832798957825,3645.99169921875,1674.8408203125,3682.052734375,1730.4771728515625,3664.022216796875,1702.6589965820312,36.06103515625,55.6363525390625
IMG_0045.mp4,978,32.6,30.0,752,2,traffic_signs,0.8408259749412537,1511.1326904296875,1492.9627685546875,1546.759033203125,1530.8134765625,1528.9458618164062,1511.8881225585938,35.6263427734375,37.8507080078125
IMG_0045.mp4,978,32.6,30.0,761,1,traffic_lights,0.8393054604530334,2503.23193359375,1147.752197265625,2620.980224609375,1424.8253173828125,2562.1060791015625,1286.2887573242188,117.748291015625,277.0731201171875
IMG_0045.mp4,978,32.6,30.0,771,1,traffic_lights,0.29854658246040344,588.1104125976562,1370.95751953125,638.2237548828125,1435.35595703125,613.1670837402344,1403.15673828125,50.11334228515625,64.3984375
IMG_0045.mp4,979,32.63333333333333,30.0,629,1,traffic_lights,0.825441300868988,3268.119384765625,81.36040496826172,3438.103271484375,394.3094787597656,3353.111328125,237.83494186401367,169.98388671875,312.9490737915039
IMG_0045.mp4,979,32.63333333333333,30.0,636,2,traffic_signs,0.7969001531600952,3645.995361328125,1674.4886474609375,3682.15087890625,1729.29931640625,3664.0731201171875,1701.8939819335938,36.155517578125,54.8106689453125
IMG_0045.mp4,979,32.63333333333333,30.0,752,2,traffic_signs,0.816408634185791,1511.6282958984375,1492.8856201171875,1547.12939453125,1530.12451171875,1529.3788452148438,1511.5050659179688,35.5010986328125,37.2388916015625
IMG_0045.mp4,979,32.63333333333333,30.0,761,1,traffic_lights,0.5377132892608643,2502.120361328125,1145.8388671875,2620.5859375,1424.736572265625,2561.3531494140625,1285.2877197265625,118.465576171875,278.897705078125
IMG_0045.mp4,979,32.63333333333333,30.0,771,1,traffic_lights,0.2695697247982025,591.4972534179688,1371.157470703125,639.35400390625,1435.3585205078125,615.4256286621094,1403.2579956054688,47.85675048828125,64.2010498046875
IMG_0045.mp4,980,32.666666666666664,30.0,629,1,traffic_lights,0.8614824414253235,3268.39013671875,77.41769409179688,3439.00390625,392.4479064941406,3353.697021484375,234.93280029296875,170.61376953125,315.03021240234375
IMG_0045.mp4,980,32.666666666666664,30.0,636,2,traffic_signs,0.8121297359466553,3645.593994140625,1674.7041015625,3682.558349609375,1729.5010986328125,3664.076171875,1702.1026000976562,36.96435546875,54.7969970703125
IMG_0045.mp4,980,32.666666666666664,30.0,752,2,traffic_signs,0.8251263499259949,1512.08935546875,1492.7047119140625,1547.1527099609375,1531.187744140625,1529.6210327148438,1511.9462280273438,35.0633544921875,38.4830322265625
IMG_0045.mp4,980,32.666666666666664,30.0,761,1,traffic_lights,0.7304702997207642,2499.742919921875,1146.52587890625,2619.76416015625,1423.5628662109375,2559.7535400390625,1285.0443725585938,120.021240234375,277.0369873046875
IMG_0045.mp4,980,32.666666666666664,30.0,702,2,traffic_signs,0.5749637484550476,2175.7060546875,1106.80126953125,2367.736328125,1267.4002685546875,2271.72119140625,1187.1007690429688,192.0302734375,160.5989990234375
IMG_0045.mp4,981,32.7,30.0,629,1,traffic_lights,0.8458559513092041,3268.748291015625,74.95914459228516,3439.3310546875,390.3343811035156,3354.0396728515625,232.6467628479004,170.582763671875,315.37523651123047
IMG_0045.mp4,981,32.7,30.0,636,2,traffic_signs,0.7785411477088928,3647.03857421875,1674.615966796875,3683.69873046875,1728.99560546875,3665.36865234375,1701.8057861328125,36.66015625,54.379638671875
IMG_0045.mp4,981,32.7,30.0,752,2,traffic_signs,0.827606201171875,1511.081787109375,1492.980712890625,1547.3551025390625,1531.2828369140625,1529.2184448242188,1512.1317749023438,36.2733154296875,38.3021240234375
IMG_0045.mp4,981,32.7,30.0,761,1,traffic_lights,0.7803164720535278,2498.740234375,1145.78955078125,2619.77197265625,1419.4952392578125,2559.256103515625,1282.6423950195312,121.03173828125,273.7056884765625
IMG_0045.mp4,981,32.7,30.0,702,2,traffic_signs,0.6737289428710938,2174.61279296875,1105.1962890625,2365.239501953125,1265.590087890625,2269.9261474609375,1185.3931884765625,190.626708984375,160.393798828125
IMG_0045.mp4,982,32.733333333333334,30.0,629,1,traffic_lights,0.8636841177940369,3267.98095703125,71.04312896728516,3441.30908203125,388.0801086425781,3354.64501953125,229.56161880493164,173.328125,317.03697967529297
IMG_0045.mp4,982,32.733333333333334,30.0,636,2,traffic_signs,0.7702257037162781,3648.025146484375,1674.663818359375,3683.919677734375,1728.51318359375,3665.972412109375,1701.5885009765625,35.89453125,53.849365234375
IMG_0045.mp4,982,32.733333333333334,30.0,752,2,traffic_signs,0.8419686555862427,1510.985595703125,1493.3623046875,1547.369873046875,1531.180419921875,1529.177734375,1512.2713623046875,36.38427734375,37.818115234375
IMG_0045.mp4,982,32.733333333333334,30.0,761,1,traffic_lights,0.5602507591247559,2496.247314453125,1144.123046875,2619.231689453125,1418.24267578125,2557.739501953125,1281.182861328125,122.984375,274.11962890625
IMG_0045.mp4,982,32.733333333333334,30.0,702,2,traffic_signs,0.35666197538375854,2173.581298828125,1102.739990234375,2366.773193359375,1276.717529296875,2270.17724609375,1189.728759765625,193.19189453125,173.9775390625
IMG_0045.mp4,983,32.766666666666666,30.0,629,1,traffic_lights,0.8756828904151917,3267.64892578125,67.78916931152344,3443.023681640625,386.0756530761719,3355.3363037109375,226.93241119384766,175.374755859375,318.28648376464844
IMG_0045.mp4,983,32.766666666666666,30.0,636,2,traffic_signs,0.7850890159606934,3649.05029296875,1674.150390625,3685.040283203125,1728.3243408203125,3667.0452880859375,1701.2373657226562,35.989990234375,54.1739501953125
IMG_0045.mp4,983,32.766666666666666,30.0,752,2,traffic_signs,0.8391470909118652,1510.8382568359375,1492.83740234375,1548.485595703125,1531.0638427734375,1529.6619262695312,1511.9506225585938,37.6473388671875,38.2264404296875
IMG_0045.mp4,983,32.766666666666666,30.0,761,1,traffic_lights,0.5706451535224915,2495.827392578125,1143.4307861328125,2619.05078125,1416.89404296875,2557.4390869140625,1280.1624145507812,123.223388671875,273.4632568359375
IMG_0045.mp4,983,32.766666666666666,30.0,702,2,traffic_signs,0.379839152097702,2172.592041015625,1101.243408203125,2369.081787109375,1281.986328125,2270.8369140625,1191.6148681640625,196.48974609375,180.742919921875
IMG_0045.mp4,984,32.8,30.0,629,1,traffic_lights,0.8751062154769897,3267.3671875,63.80025863647461,3443.908935546875,384.52069091796875,3355.6380615234375,224.16047477722168,176.541748046875,320.72043228149414
IMG_0045.mp4,984,32.8,30.0,636,2,traffic_signs,0.7632710337638855,3649.359619140625,1674.4564208984375,3685.1572265625,1728.3564453125,3667.2584228515625,1701.4064331054688,35.797607421875,53.9000244140625
IMG_0045.mp4,984,32.8,30.0,752,2,traffic_signs,0.8361294269561768,1509.7576904296875,1492.8565673828125,1547.7266845703125,1532.0263671875,1528.7421875,1512.4414672851562,37.968994140625,39.1697998046875
IMG_0045.mp4,984,32.8,30.0,761,1,traffic_lights,0.4694935381412506,2495.646484375,1142.281494140625,2617.7939453125,1413.3575439453125,2556.72021484375,1277.8195190429688,122.1474609375,271.0760498046875
IMG_0045.mp4,984,32.8,30.0,702,2,traffic_signs,0.49882829189300537,2170.732421875,1099.6357421875,2370.99951171875,1280.425048828125,2270.865966796875,1190.0303955078125,200.26708984375,180.789306640625
IMG_0045.mp4,985,32.833333333333336,30.0,629,1,traffic_lights,0.8290489912033081,3267.46044921875,61.1719856262207,3443.6669921875,382.7447204589844,3355.563720703125,221.95835304260254,176.20654296875,321.5727348327637
IMG_0045.mp4,985,32.833333333333336,30.0,636,2,traffic_signs,0.7710698843002319,3649.32470703125,1673.7711181640625,3685.77099609375,1728.2978515625,3667.5478515625,1701.0344848632812,36.4462890625,54.5267333984375
IMG_0045.mp4,985,32.833333333333336,30.0,752,2,traffic_signs,0.8322631120681763,1510.12548828125,1492.2464599609375,1547.5809326171875,1530.98486328125,1528.8532104492188,1511.6156616210938,37.4554443359375,38.7384033203125
IMG_0045.mp4,985,32.833333333333336,30.0,761,1,traffic_lights,0.5368127822875977,2494.238037109375,1140.0570068359375,2617.745361328125,1413.3094482421875,2555.99169921875,1276.6832275390625,123.50732421875,273.25244140625
IMG_0045.mp4,986,32.86666666666667,30.0,629,1,traffic_lights,0.8071768283843994,3267.77880859375,58.15544891357422,3444.763916015625,380.7351989746094,3356.2713623046875,219.4453239440918,176.985107421875,322.57975006103516
IMG_0045.mp4,986,32.86666666666667,30.0,636,2,traffic_signs,0.8163893818855286,3650.34375,1674.4190673828125,3686.674072265625,1728.833740234375,3668.5089111328125,1701.6264038085938,36.330322265625,54.4146728515625
IMG_0045.mp4,986,32.86666666666667,30.0,752,2,traffic_signs,0.8413567543029785,1510.2808837890625,1492.9727783203125,1546.8670654296875,1531.4193115234375,1528.573974609375,1512.196044921875,36.586181640625,38.446533203125
IMG_0045.mp4,986,32.86666666666667,30.0,761,1,traffic_lights,0.5543973445892334,2493.72021484375,1139.7745361328125,2617.25439453125,1411.3316650390625,2555.4873046875,1275.5531005859375,123.5341796875,271.55712890625
IMG_0045.mp4,986,32.86666666666667,30.0,702,2,traffic_signs,0.42472025752067566,2168.229248046875,1096.67236328125,2371.73974609375,1281.0419921875,2269.9844970703125,1188.857177734375,203.510498046875,184.36962890625
IMG_0045.mp4,987,32.9,30.0,629,1,traffic_lights,0.8458095192909241,3268.353271484375,56.33393859863281,3444.621337890625,377.9135437011719,3356.4873046875,217.12374114990234,176.26806640625,321.57960510253906
IMG_0045.mp4,987,32.9,30.0,636,2,traffic_signs,0.8285745978355408,3649.90625,1674.2286376953125,3687.051513671875,1728.9786376953125,3668.4788818359375,1701.6036376953125,37.145263671875,54.75
IMG_0045.mp4,987,32.9,30.0,752,2,traffic_signs,0.8293761610984802,1510.1256103515625,1492.305419921875,1546.137939453125,1530.8157958984375,1528.1317749023438,1511.5606079101562,36.0123291015625,38.5103759765625
IMG_0045.mp4,987,32.9,30.0,761,1,traffic_lights,0.4979505240917206,2493.46630859375,1139.2587890625,2616.30224609375,1411.8060302734375,2554.88427734375,1275.5324096679688,122.8359375,272.5472412109375
IMG_0045.mp4,987,32.9,30.0,702,2,traffic_signs,0.42810648679733276,2166.83642578125,1095.2001953125,2372.757568359375,1287.5291748046875,2269.7969970703125,1191.3646850585938,205.921142578125,192.3289794921875
IMG_0045.mp4,988,32.93333333333333,30.0,629,1,traffic_lights,0.8296284675598145,3268.99853515625,54.76100540161133,3445.1669921875,375.18341064453125,3357.082763671875,214.9722080230713,176.16845703125,320.4224052429199
IMG_0045.mp4,988,32.93333333333333,30.0,636,2,traffic_signs,0.8515682220458984,3651.6669921875,1674.5267333984375,3687.6455078125,1729.132568359375,3669.65625,1701.8296508789062,35.978515625,54.6058349609375
IMG_0045.mp4,988,32.93333333333333,30.0,752,2,traffic_signs,0.8427240252494812,1509.67822265625,1493.178955078125,1546.19140625,1531.527099609375,1527.934814453125,1512.35302734375,36.51318359375,38.34814453125
IMG_0045.mp4,988,32.93333333333333,30.0,761,1,traffic_lights,0.3449549674987793,2492.90087890625,1137.059326171875,2616.46484375,1411.0115966796875,2554.682861328125,1274.0354614257812,123.56396484375,273.9522705078125
IMG_0045.mp4,988,32.93333333333333,30.0,702,2,traffic_signs,0.5601718425750732,2166.273681640625,1094.9327392578125,2365.947998046875,1271.836669921875,2266.11083984375,1183.3847045898438,199.67431640625,176.9039306640625
IMG_0045.mp4,989,32.96666666666667,30.0,629,1,traffic_lights,0.8718730807304382,3269.1767578125,54.77139663696289,3444.824462890625,372.0587463378906,3357.0006103515625,213.41507148742676,175.647705078125,317.28734970092773
IMG_0045.mp4,989,32.96666666666667,30.0,636,2,traffic_signs,0.8309980630874634,3652.485107421875,1675.1580810546875,3688.77294921875,1729.2890625,3670.6290283203125,1702.2235717773438,36.287841796875,54.1309814453125
IMG_0045.mp4,989,32.96666666666667,30.0,752,2,traffic_signs,0.8291121125221252,1509.3330078125,1493.417236328125,1545.81005859375,1531.4434814453125,1527.571533203125,1512.4303588867188,36.47705078125,38.0262451171875
IMG_0045.mp4,989,32.96666666666667,30.0,761,1,traffic_lights,0.5717869400978088,2493.684814453125,1136.8604736328125,2616.088623046875,1408.8570556640625,2554.88671875,1272.8587646484375,122.40380859375,271.99658203125
IMG_0045.mp4,989,32.96666666666667,30.0,702,2,traffic_signs,0.4743616580963135,2165.793212890625,1094.306640625,2360.744384765625,1270.2376708984375,2263.268798828125,1182.2721557617188,194.951171875,175.9310302734375
IMG_0045.mp4,990,33.0,30.0,629,1,traffic_lights,0.8759798407554626,3269.754638671875,53.1888427734375,3445.6455078125,369.73052978515625,3357.7000732421875,211.45968627929688,175.890869140625,316.54168701171875
IMG_0045.mp4,990,33.0,30.0,636,2,traffic_signs,0.780504047870636,3652.72802734375,1675.4227294921875,3688.9775390625,1729.5504150390625,3670.852783203125,1702.486572265625,36.24951171875,54.127685546875
IMG_0045.mp4,990,33.0,30.0,752,2,traffic_signs,0.8220599293708801,1509.2220458984375,1493.68798828125,1545.441650390625,1530.69140625,1527.3318481445312,1512.189697265625,36.2196044921875,37.00341796875
IMG_0045.mp4,990,33.0,30.0,761,1,traffic_lights,0.4308188259601593,2494.788818359375,1136.392578125,2615.97705078125,1407.263671875,2555.3829345703125,1271.828125,121.188232421875,270.87109375
IMG_0045.mp4,990,33.0,30.0,702,2,traffic_signs,0.3971244692802429,2164.843994140625,1093.1312255859375,2357.236083984375,1276.2645263671875,2261.0400390625,1184.6978759765625,192.39208984375,183.13330078125
IMG_0045.mp4,991,33.03333333333333,30.0,629,1,traffic_lights,0.8383654952049255,3270.761474609375,52.613807678222656,3445.39501953125,367.6278381347656,3358.0782470703125,210.12082290649414,174.633544921875,315.01403045654297
IMG_0045.mp4,991,33.03333333333333,30.0,636,2,traffic_signs,0.7836756110191345,3652.8671875,1675.5150146484375,3688.75927734375,1729.638916015625,3670.813232421875,1702.5769653320312,35.89208984375,54.1239013671875
IMG_0045.mp4,991,33.03333333333333,30.0,752,2,traffic_signs,0.8400629162788391,1508.171630859375,1492.77001953125,1545.356689453125,1531.19091796875,1526.76416015625,1511.98046875,37.18505859375,38.4208984375
IMG_0045.mp4,991,33.03333333333333,30.0,761,1,traffic_lights,0.4638819396495819,2493.677001953125,1134.197998046875,2615.7646484375,1409.7025146484375,2554.7208251953125,1271.9502563476562,122.087646484375,275.5045166015625
IMG_0045.mp4,991,33.03333333333333,30.0,702,2,traffic_signs,0.31708458065986633,2163.877685546875,1092.0638427734375,2356.67822265625,1290.3419189453125,2260.2779541015625,1191.202880859375,192.800537109375,198.278076171875
IMG_0045.mp4,992,33.06666666666667,30.0,629,1,traffic_lights,0.8449316620826721,3271.559326171875,51.73131561279297,3446.461181640625,365.3197937011719,3359.01025390625,208.52555465698242,174.90185546875,313.5884780883789
IMG_0045.mp4,992,33.06666666666667,30.0,636,2,traffic_signs,0.7147554159164429,3653.791748046875,1675.60205078125,3689.40234375,1730.4896240234375,3671.5970458984375,1703.0458374023438,35.610595703125,54.8875732421875
IMG_0045.mp4,992,33.06666666666667,30.0,752,2,traffic_signs,0.8215335607528687,1507.6087646484375,1492.321533203125,1544.8045654296875,1530.8489990234375,1526.2066650390625,1511.5852661132812,37.19580078125,38.5274658203125
IMG_0045.mp4,992,33.06666666666667,30.0,761,1,traffic_lights,0.5752814412117004,2494.046142578125,1134.8111572265625,2615.294921875,1408.60009765625,2554.6705322265625,1271.7056274414062,121.248779296875,273.7889404296875
IMG_0045.mp4,993,33.1,30.0,629,1,traffic_lights,0.829489529132843,3271.32275390625,50.67572784423828,3446.689208984375,363.63848876953125,3359.0059814453125,207.15710830688477,175.366455078125,312.96276092529297
IMG_0045.mp4,993,33.1,30.0,636,2,traffic_signs,0.4201846718788147,3654.3173828125,1674.5577392578125,3689.234130859375,1729.91015625,3671.7757568359375,1702.2339477539062,34.916748046875,55.3524169921875
IMG_0045.mp4,993,33.1,30.0,752,2,traffic_signs,0.8336969017982483,1507.7335205078125,1492.0587158203125,1544.7845458984375,1531.1224365234375,1526.259033203125,1511.590576171875,37.051025390625,39.063720703125
IMG_0045.mp4,993,33.1,30.0,761,1,traffic_lights,0.5286735892295837,2492.982421875,1134.6630859375,2615.0283203125,1407.8782958984375,2554.00537109375,1271.2706909179688,122.0458984375,273.2152099609375
IMG_0045.mp4,993,33.1,30.0,702,2,traffic_signs,0.27807238698005676,2162.07421875,1090.4549560546875,2357.554931640625,1305.1925048828125,2259.8145751953125,1197.82373046875,195.480712890625,214.737548828125
IMG_0045.mp4,994,33.13333333333333,30.0,629,1,traffic_lights,0.8444514870643616,3271.89599609375,48.37270736694336,3448.894287109375,362.1381530761719,3360.3951416015625,205.25543022155762,176.998291015625,313.7654457092285
IMG_0045.mp4,994,33.13333333333333,30.0,636,2,traffic_signs,0.396472692489624,3654.46923828125,1674.9339599609375,3689.803466796875,1729.4842529296875,3672.1363525390625,1702.2091064453125,35.334228515625,54.55029296875
IMG_0045.mp4,994,33.13333333333333,30.0,752,2,traffic_signs,0.8347481489181519,1507.770263671875,1492.26220703125,1545.4010009765625,1530.7574462890625,1526.5856323242188,1511.5098266601562,37.6307373046875,38.4952392578125
IMG_0045.mp4,994,33.13333333333333,30.0,761,1,traffic_lights,0.6037039160728455,2491.712646484375,1132.754150390625,2615.0673828125,1407.98681640625,2553.3900146484375,1270.3704833984375,123.354736328125,275.232666015625
IMG_0045.mp4,995,33.166666666666664,30.0,629,1,traffic_lights,0.8588479161262512,3273.707763671875,48.39825439453125,3449.38232421875,361.26348876953125,3361.5450439453125,204.83087158203125,175.674560546875,312.865234375
IMG_0045.mp4,995,33.166666666666664,30.0,636,2,traffic_signs,0.6271454095840454,3655.120849609375,1673.57373046875,3691.446533203125,1729.6513671875,3673.28369140625,1701.612548828125,36.32568359375,56.07763671875
IMG_0045.mp4,995,33.166666666666664,30.0,752,2,traffic_signs,0.8319588899612427,1507.60693359375,1492.22412109375,1544.68994140625,1530.6817626953125,1526.1484375,1511.4529418945312,37.0830078125,38.4576416015625
IMG_0045.mp4,995,33.166666666666664,30.0,761,1,traffic_lights,0.4903409481048584,2492.67138671875,1133.148193359375,2614.76318359375,1408.2723388671875,2553.71728515625,1270.7102661132812,122.091796875,275.1241455078125
IMG_0045.mp4,996,33.2,30.0,629,1,traffic_lights,0.8628399968147278,3274.906982421875,47.54126739501953,3449.458984375,360.60400390625,3362.1829833984375,204.07263565063477,174.552001953125,313.06273651123047
IMG_0045.mp4,996,33.2,30.0,636,2,traffic_signs,0.6672702431678772,3656.225830078125,1672.7747802734375,3691.8369140625,1730.379638671875,3674.0313720703125,1701.5772094726562,35.611083984375,57.6048583984375
IMG_0045.mp4,996,33.2,30.0,752,2,traffic_signs,0.8453431725502014,1507.85986328125,1492.637939453125,1544.4833984375,1530.73046875,1526.171630859375,1511.6842041015625,36.62353515625,38.092529296875
IMG_0045.mp4,996,33.2,30.0,761,1,traffic_lights,0.6134217977523804,2491.994873046875,1132.7193603515625,2614.598876953125,1407.6024169921875,2553.296875,1270.160888671875,122.60400390625,274.883056640625
IMG_0045.mp4,997,33.233333333333334,30.0,629,1,traffic_lights,0.8999965786933899,3274.586181640625,52.41652297973633,3448.22998046875,359.7996826171875,3361.4080810546875,206.1081027984619,173.643798828125,307.3831596374512
IMG_0045.mp4,997,33.233333333333334,30.0,636,2,traffic_signs,0.7145556807518005,3657.296630859375,1673.4959716796875,3691.709716796875,1730.4556884765625,3674.503173828125,1701.975830078125,34.4130859375,56.959716796875
IMG_0045.mp4,997,33.233333333333334,30.0,752,2,traffic_signs,0.8272619843482971,1507.57568359375,1492.7669677734375,1544.06201171875,1530.21923828125,1525.81884765625,1511.4931030273438,36.486328125,37.4522705078125
IMG_0045.mp4,997,33.233333333333334,30.0,761,1,traffic_lights,0.6731264591217041,2490.023681640625,1129.85986328125,2614.905029296875,1408.7430419921875,2552.46435546875,1269.3014526367188,124.88134765625,278.8831787109375
IMG_0045.mp4,998,33.266666666666666,30.0,629,1,traffic_lights,0.8951391577720642,3275.54541015625,54.55836868286133,3448.8046875,358.7814636230469,3362.175048828125,206.6699161529541,173.25927734375,304.22309494018555
IMG_0045.mp4,998,33.266666666666666,30.0,636,2,traffic_signs,0.6616255044937134,3657.02001953125,1672.8497314453125,3692.0048828125,1730.4371337890625,3674.512451171875,1701.6434326171875,34.98486328125,57.58740234375
IMG_0045.mp4,998,33.266666666666666,30.0,752,2,traffic_signs,0.8350291848182678,1507.4727783203125,1492.427978515625,1543.835693359375,1530.1431884765625,1525.6542358398438,1511.2855834960938,36.3629150390625,37.7152099609375
IMG_0045.mp4,998,33.266666666666666,30.0,761,1,traffic_lights,0.5676944851875305,2492.856689453125,1132.384033203125,2614.969970703125,1406.593994140625,2553.913330078125,1269.489013671875,122.11328125,274.2099609375
IMG_0045.mp4,999,33.3,30.0,629,1,traffic_lights,0.8877902030944824,3275.833251953125,54.93039321899414,3448.62255859375,358.1811218261719,3362.2279052734375,206.555757522583,172.789306640625,303.25072860717773
IMG_0045.mp4,999,33.3,30.0,636,2,traffic_signs,0.6640543341636658,3657.228271484375,1672.8299560546875,3691.971435546875,1730.3817138671875,3674.599853515625,1701.6058349609375,34.7431640625,57.5517578125
IMG_0045.mp4,999,33.3,30.0,752,2,traffic_signs,0.8230682015419006,1507.8443603515625,1492.494140625,1544.1434326171875,1529.520263671875,1525.993896484375,1511.0072021484375,36.299072265625,37.026123046875
IMG_0045.mp4,999,33.3,30.0,761,1,traffic_lights,0.6742528080940247,2492.845947265625,1132.2257080078125,2615.139404296875,1405.513427734375,2553.99267578125,1268.8695678710938,122.29345703125,273.2877197265625
IMG_0045.mp4,1000,33.333333333333336,30.0,629,1,traffic_lights,0.868998646736145,3275.7099609375,52.93871307373047,3448.82763671875,357.2255859375,3362.268798828125,205.08214950561523,173.11767578125,304.28687286376953
IMG_0045.mp4,1000,33.333333333333336,30.0,636,2,traffic_signs,0.613053560256958,3657.718017578125,1673.0787353515625,3692.74951171875,1730.8739013671875,3675.2337646484375,1701.976318359375,35.031494140625,57.795166015625
IMG_0045.mp4,1000,33.333333333333336,30.0,752,2,traffic_signs,0.8340315222740173,1507.1807861328125,1492.81591796875,1544.8414306640625,1529.5849609375,1526.0111083984375,1511.200439453125,37.66064453125,36.76904296875
IMG_0045.mp4,1000,33.333333333333336,30.0,761,1,traffic_lights,0.6439232230186462,2492.050048828125,1129.871337890625,2615.140869140625,1404.9390869140625,2553.595458984375,1267.4052124023438,123.0908203125,275.0677490234375
IMG_0045.mp4,1001,33.36666666666667,30.0,629,1,traffic_lights,0.8797580003738403,3275.714111328125,51.14437484741211,3448.78125,357.0097961425781,3362.2476806640625,204.07708549499512,173.067138671875,305.865421295166
IMG_0045.mp4,1001,33.36666666666667,30.0,636,2,traffic_signs,0.6864656805992126,3657.82666015625,1673.734130859375,3692.978759765625,1730.883056640625,3675.4027099609375,1702.30859375,35.152099609375,57.14892578125
IMG_0045.mp4,1001,33.36666666666667,30.0,752,2,traffic_signs,0.8317772746086121,1507.8863525390625,1492.577392578125,1544.7982177734375,1530.1912841796875,1526.34228515625,1511.3843383789062,36.911865234375,37.6138916015625
IMG_0045.mp4,1001,33.36666666666667,30.0,761,1,traffic_lights,0.6162883043289185,2493.41845703125,1131.1871337890625,2614.696533203125,1403.76318359375,2554.0574951171875,1267.4751586914062,121.278076171875,272.5760498046875
IMG_0045.mp4,1002,33.4,30.0,629,1,traffic_lights,0.8496097326278687,3275.42236328125,49.54545593261719,3448.2001953125,356.3611755371094,3361.811279296875,202.95331573486328,172.77783203125,306.8157196044922
IMG_0045.mp4,1002,33.4,30.0,636,2,traffic_signs,0.5958352088928223,3657.792236328125,1673.6976318359375,3693.090576171875,1730.6964111328125,3675.44140625,1702.197021484375,35.29833984375,56.998779296875
IMG_0045.mp4,1002,33.4,30.0,752,2,traffic_signs,0.8477498888969421,1507.600341796875,1491.954345703125,1545.0316162109375,1529.4915771484375,1526.3159790039062,1510.7229614257812,37.4312744140625,37.5372314453125
IMG_0045.mp4,1002,33.4,30.0,761,1,traffic_lights,0.5933933258056641,2493.42041015625,1130.6162109375,2614.558349609375,1401.838134765625,2553.9893798828125,1266.2271728515625,121.137939453125,271.221923828125
IMG_0045.mp4,1003,33.43333333333333,30.0,629,1,traffic_lights,0.8664920330047607,3274.543212890625,46.96662902832031,3448.279296875,355.67535400390625,3361.4112548828125,201.32099151611328,173.736083984375,308.70872497558594
IMG_0045.mp4,1003,33.43333333333333,30.0,636,2,traffic_signs,0.5869925022125244,3658.190185546875,1673.7001953125,3693.3720703125,1730.5155029296875,3675.7811279296875,1702.1078491210938,35.181884765625,56.8153076171875
IMG_0045.mp4,1003,33.43333333333333,30.0,752,2,traffic_signs,0.8552483916282654,1507.66650390625,1491.5660400390625,1545.3759765625,1529.26611328125,1526.521240234375,1510.4160766601562,37.70947265625,37.7000732421875
IMG_0045.mp4,1003,33.43333333333333,30.0,761,1,traffic_lights,0.492954820394516,2491.797119140625,1127.6484375,2614.656982421875,1403.6923828125,2553.22705078125,1265.67041015625,122.85986328125,276.0439453125
IMG_0045.mp4,1003,33.43333333333333,30.0,767,2,traffic_signs,0.2763819098472595,2165.03955078125,1100.2884521484375,2383.991943359375,1431.587646484375,2274.5157470703125,1265.9380493164062,218.952392578125,331.2991943359375
IMG_0045.mp4,1004,33.46666666666667,30.0,629,1,traffic_lights,0.881122887134552,3275.103271484375,45.81368637084961,3449.82373046875,354.698486328125,3362.4635009765625,200.2560863494873,174.720458984375,308.8847999572754
IMG_0045.mp4,1004,33.46666666666667,30.0,636,2,traffic_signs,0.6522472500801086,3658.84912109375,1673.8836669921875,3694.266845703125,1730.67919921875,3676.5579833984375,1702.2814331054688,35.417724609375,56.7955322265625
IMG_0045.mp4,1004,33.46666666666667,30.0,752,2,traffic_signs,0.8303508758544922,1508.1451416015625,1491.8455810546875,1544.3714599609375,1529.8638916015625,1526.25830078125,1510.854736328125,36.226318359375,38.018310546875
IMG_0045.mp4,1004,33.46666666666667,30.0,761,1,traffic_lights,0.6398406624794006,2493.805419921875,1130.3455810546875,2614.70361328125,1404.565185546875,2554.2545166015625,1267.4553833007812,120.898193359375,274.2196044921875
IMG_0045.mp4,1005,33.5,30.0,629,1,traffic_lights,0.868882954120636,3274.86181640625,44.472496032714844,3449.846923828125,354.0423278808594,3362.3543701171875,199.2574119567871,174.985107421875,309.56983184814453
IMG_0045.mp4,1005,33.5,30.0,636,2,traffic_signs,0.6431844234466553,3659.0537109375,1673.818115234375,3694.4814453125,1730.3846435546875,3676.767578125,1702.1013793945312,35.427734375,56.5665283203125
IMG_0045.mp4,1005,33.5,30.0,752,2,traffic_signs,0.8438274264335632,1508.0489501953125,1492.41650390625,1544.3795166015625,1529.6478271484375,1526.2142333984375,1511.0321655273438,36.33056640625,37.2313232421875
IMG_0045.mp4,1005,33.5,30.0,761,1,traffic_lights,0.5441492795944214,2494.047119140625,1129.81201171875,2614.674560546875,1403.2601318359375,2554.36083984375,1266.5360717773438,120.62744140625,273.4481201171875
IMG_0045.mp4,1005,33.5,30.0,767,2,traffic_signs,0.25386786460876465,2165.080322265625,1099.687744140625,2384.19140625,1430.163330078125,2274.6358642578125,1264.925537109375,219.111083984375,330.4755859375
IMG_0045.mp4,1006,33.53333333333333,30.0,629,1,traffic_lights,0.8436440825462341,3274.810791015625,44.06062316894531,3449.485595703125,353.9417724609375,3362.148193359375,199.0011978149414,174.6748046875,309.8811492919922
IMG_0045.mp4,1006,33.53333333333333,30.0,636,2,traffic_signs,0.7588271498680115,3659.29345703125,1674.3619384765625,3694.856201171875,1730.539306640625,3677.0748291015625,1702.4506225585938,35.562744140625,56.1773681640625
IMG_0045.mp4,1006,33.53333333333333,30.0,752,2,traffic_signs,0.8385003209114075,1508.1337890625,1492.8402099609375,1544.3502197265625,1529.081298828125,1526.2420043945312,1510.9607543945312,36.2164306640625,36.2410888671875
IMG_0045.mp4,1006,33.53333333333333,30.0,761,1,traffic_lights,0.6676517128944397,2492.0478515625,1127.9888916015625,2614.828857421875,1405.1473388671875,2553.4383544921875,1266.568115234375,122.781005859375,277.158447265625
IMG_0045.mp4,1007,33.56666666666667,30.0,629,1,traffic_lights,0.8640851974487305,3275.146484375,42.76931381225586,3449.830810546875,353.5164489746094,3362.4886474609375,198.14288139343262,174.684326171875,310.7471351623535
IMG_0045.mp4,1007,33.56666666666667,30.0,636,2,traffic_signs,0.7908334732055664,3659.2890625,1674.5299072265625,3695.052001953125,1730.6180419921875,3677.1705322265625,1702.573974609375,35.762939453125,56.088134765625
IMG_0045.mp4,1007,33.56666666666667,30.0,752,2,traffic_signs,0.8421931862831116,1508.09912109375,1492.656494140625,1544.7164306640625,1529.2081298828125,1526.4077758789062,1510.9323120117188,36.6173095703125,36.5516357421875
IMG_0045.mp4,1007,33.56666666666667,30.0,761,1,traffic_lights,0.6967858672142029,2493.4736328125,1128.3721923828125,2614.47216796875,1405.1947021484375,2553.972900390625,1266.783447265625,120.99853515625,276.822509765625
IMG_0045.mp4,1007,33.56666666666667,30.0,767,2,traffic_signs,0.6026490926742554,2164.4365234375,1097.396728515625,2384.80615234375,1429.2801513671875,2274.621337890625,1263.3384399414062,220.36962890625,331.8834228515625
IMG_0045.mp4,1008,33.6,30.0,629,1,traffic_lights,0.8766641616821289,3275.078125,41.60678482055664,3450.1943359375,353.45611572265625,3362.63623046875,197.53145027160645,175.1162109375,311.8493309020996
IMG_0045.mp4,1008,33.6,30.0,636,2,traffic_signs,0.6831169128417969,3659.419189453125,1674.44580078125,3695.098388671875,1730.6949462890625,3677.2587890625,1702.5703735351562,35.67919921875,56.2491455078125
IMG_0045.mp4,1008,33.6,30.0,752,2,traffic_signs,0.8486451506614685,1507.7830810546875,1492.7763671875,1544.3760986328125,1529.559326171875,1526.07958984375,1511.1678466796875,36.593017578125,36.782958984375
IMG_0045.mp4,1008,33.6,30.0,761,1,traffic_lights,0.5755098462104797,2493.2197265625,1127.7171630859375,2614.37646484375,1405.8267822265625,2553.798095703125,1266.77197265625,121.15673828125,278.109619140625
IMG_0045.mp4,1008,33.6,30.0,767,2,traffic_signs,0.3438607454299927,2165.28857421875,1099.1531982421875,2386.541259765625,1430.2664794921875,2275.9149169921875,1264.7098388671875,221.252685546875,331.11328125
IMG_0045.mp4,1009,33.63333333333333,30.0,629,1,traffic_lights,0.8602437973022461,3275.74462890625,40.936588287353516,3450.184326171875,353.1366271972656,3362.9644775390625,197.03660774230957,174.439697265625,312.2000389099121
IMG_0045.mp4,1009,33.63333333333333,30.0,636,2,traffic_signs,0.6440373063087463,3659.492919921875,1673.852294921875,3695.3359375,1730.5777587890625,3677.4144287109375,1702.2150268554688,35.843017578125,56.7254638671875
IMG_0045.mp4,1009,33.63333333333333,30.0,752,2,traffic_signs,0.8291308879852295,1508.0791015625,1492.38037109375,1544.5819091796875,1529.9130859375,1526.3305053710938,1511.146728515625,36.5028076171875,37.53271484375
IMG_0045.mp4,1009,33.63333333333333,30.0,761,1,traffic_lights,0.6934526562690735,2492.093994140625,1126.3863525390625,2614.8115234375,1405.7813720703125,2553.4527587890625,1266.0838623046875,122.717529296875,279.39501953125
IMG_0045.mp4,1009,33.63333333333333,30.0,767,2,traffic_signs,0.3696615695953369,2163.746337890625,1094.234375,2384.1533203125,1428.167724609375,2273.9498291015625,1261.2010498046875,220.406982421875,333.933349609375
IMG_0045.mp4,1010,33.666666666666664,30.0,629,1,traffic_lights,0.8560518622398376,3277.074462890625,41.99660110473633,3449.9970703125,353.105224609375,3363.5357666015625,197.55091285705566,172.922607421875,311.1086235046387
IMG_0045.mp4,1010,33.666666666666664,30.0,636,2,traffic_signs,0.6748480796813965,3659.771240234375,1673.7841796875,3695.3603515625,1730.46435546875,3677.5657958984375,1702.124267578125,35.589111328125,56.68017578125
IMG_0045.mp4,1010,33.666666666666664,30.0,752,2,traffic_signs,0.8230096101760864,1509.0191650390625,1492.010498046875,1544.9674072265625,1530.320068359375,1526.9932861328125,1511.165283203125,35.9482421875,38.3095703125
IMG_0045.mp4,1010,33.666666666666664,30.0,761,1,traffic_lights,0.5709081292152405,2493.802978515625,1128.2181396484375,2614.824462890625,1404.5501708984375,2554.313720703125,1266.3841552734375,121.021484375,276.33203125
IMG_0045.mp4,1010,33.666666666666664,30.0,767,2,traffic_signs,0.3198819160461426,2165.08935546875,1098.538818359375,2384.5322265625,1428.841796875,2274.810791015625,1263.6903076171875,219.44287109375,330.302978515625
IMG_0045.mp4,1011,33.7,30.0,629,1,traffic_lights,0.8718558549880981,3276.7900390625,40.32122802734375,3450.804443359375,352.7631530761719,3363.7972412109375,196.5421905517578,174.014404296875,312.4419250488281
IMG_0045.mp4,1011,33.7,30.0,636,2,traffic_signs,0.5197502970695496,3660.174560546875,1673.3148193359375,3695.61181640625,1730.3748779296875,3677.8931884765625,1701.8448486328125,35.437255859375,57.06005859375
IMG_0045.mp4,1011,33.7,30.0,752,2,traffic_signs,0.8439115285873413,1509.6920166015625,1492.3740234375,1545.58203125,1530.9403076171875,1527.6370239257812,1511.6571655273438,35.8900146484375,38.5662841796875
IMG_0045.mp4,1011,33.7,30.0,761,1,traffic_lights,0.6827086806297302,2493.49365234375,1128.5321044921875,2615.378173828125,1404.9677734375,2554.4359130859375,1266.7499389648438,121.884521484375,276.4356689453125
IMG_0045.mp4,1011,33.7,30.0,767,2,traffic_signs,0.3748612105846405,2166.128662109375,1098.353271484375,2384.75732421875,1429.1729736328125,2275.4429931640625,1263.7631225585938,218.628662109375,330.8197021484375
IMG_0045.mp4,1012,33.733333333333334,30.0,629,1,traffic_lights,0.8682519197463989,3277.335205078125,41.2721061706543,3450.60302734375,352.9604797363281,3363.9691162109375,197.1162929534912,173.267822265625,311.6883735656738
IMG_0045.mp4,1012,33.733333333333334,30.0,636,2,traffic_signs,0.5823270678520203,3659.949462890625,1673.266845703125,3695.640380859375,1730.146240234375,3677.794921875,1701.70654296875,35.69091796875,56.87939453125
IMG_0045.mp4,1012,33.733333333333334,30.0,752,2,traffic_signs,0.8280730843544006,1509.709228515625,1492.857666015625,1545.571044921875,1530.70947265625,1527.64013671875,1511.7835693359375,35.86181640625,37.851806640625
IMG_0045.mp4,1012,33.733333333333334,30.0,761,1,traffic_lights,0.7036769390106201,2492.849365234375,1127.6363525390625,2616.005126953125,1405.701904296875,2554.42724609375,1266.6691284179688,123.15576171875,278.0655517578125
IMG_0045.mp4,1012,33.733333333333334,30.0,767,2,traffic_signs,0.2844572961330414,2166.644287109375,1099.5408935546875,2385.2255859375,1430.289794921875,2275.9349365234375,1264.9153442382812,218.581298828125,330.7489013671875
IMG_0045.mp4,1013,33.766666666666666,30.0,629,1,traffic_lights,0.8345519304275513,3276.351806640625,43.74831771850586,3449.913330078125,353.61932373046875,3363.132568359375,198.6838207244873,173.5615234375,309.8710060119629
IMG_0045.mp4,1013,33.766666666666666,30.0,636,2,traffic_signs,0.5735850930213928,3659.454833984375,1673.4674072265625,3695.282470703125,1730.072265625,3677.36865234375,1701.7698364257812,35.82763671875,56.6048583984375
IMG_0045.mp4,1013,33.766666666666666,30.0,752,2,traffic_signs,0.8182796239852905,1510.103271484375,1492.9544677734375,1546.060546875,1530.7664794921875,1528.0819091796875,1511.8604736328125,35.957275390625,37.81201171875
IMG_0045.mp4,1013,33.766666666666666,30.0,761,1,traffic_lights,0.5865088701248169,2493.4228515625,1129.14990234375,2615.52197265625,1404.8154296875,2554.472412109375,1266.982666015625,122.09912109375,275.66552734375
IMG_0045.mp4,1014,33.8,30.0,629,1,traffic_lights,0.8737250566482544,3276.54150390625,43.11894607543945,3450.184814453125,353.7958984375,3363.3631591796875,198.45742225646973,173.643310546875,310.67695236206055
IMG_0045.mp4,1014,33.8,30.0,636,2,traffic_signs,0.5303457975387573,3659.538818359375,1673.2623291015625,3695.57275390625,1730.4986572265625,3677.5557861328125,1701.8804931640625,36.033935546875,57.236328125
IMG_0045.mp4,1014,33.8,30.0,752,2,traffic_signs,0.8291158080101013,1510.6474609375,1493.035400390625,1546.263671875,1530.1427001953125,1528.45556640625,1511.5890502929688,35.6162109375,37.1072998046875
IMG_0045.mp4,1014,33.8,30.0,761,1,traffic_lights,0.7574647665023804,2493.209716796875,1128.6964111328125,2615.9873046875,1405.5218505859375,2554.5985107421875,1267.109130859375,122.777587890625,276.825439453125
IMG_0045.mp4,1015,33.833333333333336,30.0,629,1,traffic_lights,0.8832479119300842,3276.6279296875,43.15481948852539,3450.508056640625,353.68695068359375,3363.5679931640625,198.42088508605957,173.880126953125,310.53213119506836
IMG_0045.mp4,1015,33.833333333333336,30.0,636,2,traffic_signs,0.5336772799491882,3660.161865234375,1673.119873046875,3695.9375,1731.161865234375,3678.0496826171875,1702.140869140625,35.775634765625,58.0419921875
IMG_0045.mp4,1015,33.833333333333336,30.0,752,2,traffic_signs,0.8267301321029663,1510.5963134765625,1492.2811279296875,1546.203857421875,1530.8311767578125,1528.4000854492188,1511.55615234375,35.6075439453125,38.550048828125
IMG_0045.mp4,1015,33.833333333333336,30.0,761,1,traffic_lights,0.6667025685310364,2490.970458984375,1127.0440673828125,2616.03125,1406.3916015625,2553.5008544921875,1266.7178344726562,125.060791015625,279.3475341796875
IMG_0045.mp4,1015,33.833333333333336,30.0,767,2,traffic_signs,0.26784631609916687,2165.94970703125,1099.6070556640625,2388.685791015625,1431.2503662109375,2277.3177490234375,1265.4287109375,222.736083984375,331.643310546875
IMG_0045.mp4,1016,33.86666666666667,30.0,629,1,traffic_lights,0.8690454363822937,3276.904296875,43.17672348022461,3451.449951171875,352.4371643066406,3364.1771240234375,197.80694389343262,174.545654296875,309.260440826416
IMG_0045.mp4,1016,33.86666666666667,30.0,636,2,traffic_signs,0.5980744361877441,3661.192138671875,1673.4814453125,3696.476806640625,1731.246337890625,3678.83447265625,1702.3638916015625,35.28466796875,57.764892578125
IMG_0045.mp4,1016,33.86666666666667,30.0,752,2,traffic_signs,0.8506346940994263,1510.3746337890625,1492.1697998046875,1546.8087158203125,1531.44140625,1528.5916748046875,1511.8056030273438,36.43408203125,39.2716064453125
IMG_0045.mp4,1016,33.86666666666667,30.0,761,1,traffic_lights,0.6271589994430542,2494.71337890625,1129.1363525390625,2616.24365234375,1403.695068359375,2555.478515625,1266.4157104492188,121.5302734375,274.5587158203125
IMG_0045.mp4,1016,33.86666666666667,30.0,767,2,traffic_signs,0.3869377672672272,2165.967529296875,1098.0760498046875,2389.622314453125,1430.662353515625,2277.794921875,1264.3692016601562,223.65478515625,332.5863037109375
IMG_0045.mp4,1017,33.9,30.0,629,1,traffic_lights,0.8667762875556946,3276.841064453125,41.94297409057617,3451.686767578125,352.0155334472656,3364.263916015625,196.9792537689209,174.845703125,310.07255935668945
IMG_0045.mp4,1017,33.9,30.0,636,2,traffic_signs,0.46646323800086975,3661.437255859375,1673.641357421875,3696.279052734375,1731.2774658203125,3678.858154296875,1702.4594116210938,34.841796875,57.6361083984375
IMG_0045.mp4,1017,33.9,30.0,752,2,traffic_signs,0.8512225151062012,1510.520751953125,1492.31884765625,1547.2449951171875,1531.628173828125,1528.8828735351562,1511.9735107421875,36.7242431640625,39.309326171875
IMG_0045.mp4,1017,33.9,30.0,761,1,traffic_lights,0.7344269156455994,2495.22265625,1129.13818359375,2615.79296875,1404.738037109375,2555.5078125,1266.9381103515625,120.5703125,275.599853515625
IMG_0045.mp4,1017,33.9,30.0,767,2,traffic_signs,0.4452863037586212,2166.365966796875,1097.33544921875,2389.406494140625,1431.8909912109375,2277.88623046875,1264.6132202148438,223.04052734375,334.5555419921875
IMG_0045.mp4,1018,33.93333333333333,30.0,629,1,traffic_lights,0.885755181312561,3277.01123046875,41.57234573364258,3451.808837890625,351.63580322265625,3364.4100341796875,196.6040744781494,174.797607421875,310.0634574890137
IMG_0045.mp4,1018,33.93333333333333,30.0,636,2,traffic_signs,0.6393959522247314,3661.526123046875,1673.6541748046875,3696.41064453125,1731.0472412109375,3678.9683837890625,1702.3507080078125,34.884521484375,57.39306640625
IMG_0045.mp4,1018,33.93333333333333,30.0,752,2,traffic_signs,0.8441524505615234,1510.5936279296875,1492.7635498046875,1547.084228515625,1530.891845703125,1528.8389282226562,1511.8276977539062,36.4906005859375,38.1282958984375
IMG_0045.mp4,1018,33.93333333333333,30.0,761,1,traffic_lights,0.7277485728263855,2494.059814453125,1128.228759765625,2616.03125,1406.0992431640625,2555.0455322265625,1267.1640014648438,121.971435546875,277.8704833984375
IMG_0045.mp4,1018,33.93333333333333,30.0,767,2,traffic_signs,0.45063644647598267,2167.226806640625,1097.184326171875,2389.68115234375,1431.678466796875,2278.4539794921875,1264.431396484375,222.454345703125,334.494140625
IMG_0045.mp4,1019,33.96666666666667,30.0,629,1,traffic_lights,0.868490993976593,3277.929931640625,42.050411224365234,3451.025146484375,351.6665954589844,3364.4775390625,196.8585033416748,173.09521484375,309.61618423461914
IMG_0045.mp4,1019,33.96666666666667,30.0,636,2,traffic_signs,0.6872861385345459,3661.541259765625,1674.49169921875,3696.482666015625,1731.3720703125,3679.011962890625,1702.931884765625,34.94140625,56.88037109375
IMG_0045.mp4,1019,33.96666666666667,30.0,752,2,traffic_signs,0.8525594472885132,1510.6368408203125,1493.064453125,1547.38916015625,1530.7021484375,1529.0130004882812,1511.88330078125,36.7523193359375,37.6376953125
IMG_0045.mp4,1019,33.96666666666667,30.0,761,1,traffic_lights,0.799630880355835,2494.96337890625,1129.7685546875,2615.772216796875,1405.6480712890625,2555.3677978515625,1267.7083129882812,120.808837890625,275.8795166015625
IMG_0045.mp4,1019,33.96666666666667,30.0,767,2,traffic_signs,0.6301676630973816,2166.68115234375,1096.0804443359375,2391.365966796875,1432.147705078125,2279.0235595703125,1264.1140747070312,224.684814453125,336.0672607421875
IMG_0045.mp4,1020,34.0,30.0,629,1,traffic_lights,0.8727158904075623,3278.171630859375,41.88700866699219,3450.517333984375,351.626953125,3364.344482421875,196.7569808959961,172.345703125,309.7399444580078
IMG_0045.mp4,1020,34.0,30.0,636,2,traffic_signs,0.5806281566619873,3661.392333984375,1673.972900390625,3696.442626953125,1730.95458984375,3678.91748046875,1702.4637451171875,35.05029296875,56.981689453125
IMG_0045.mp4,1020,34.0,30.0,752,2,traffic_signs,0.8440365791320801,1510.9178466796875,1492.89501953125,1547.3739013671875,1531.0882568359375,1529.1458740234375,1511.9916381835938,36.4560546875,38.1932373046875
IMG_0045.mp4,1020,34.0,30.0,761,1,traffic_lights,0.7356254458427429,2494.1279296875,1129.1021728515625,2615.94677734375,1405.1834716796875,2555.037353515625,1267.142822265625,121.81884765625,276.081298828125
IMG_0045.mp4,1020,34.0,30.0,767,2,traffic_signs,0.5072688460350037,2166.275634765625,1096.4921875,2390.232177734375,1431.5809326171875,2278.25390625,1264.0365600585938,223.95654296875,335.0887451171875
IMG_0045.mp4,1021,34.03333333333333,30.0,629,1,traffic_lights,0.8642613291740417,3278.79736328125,41.86129379272461,3450.2294921875,351.66693115234375,3364.513427734375,196.76411247253418,171.43212890625,309.80563735961914
IMG_0045.mp4,1021,34.03333333333333,30.0,636,2,traffic_signs,0.6299636363983154,3661.441162109375,1673.91357421875,3696.27197265625,1730.96923828125,3678.8565673828125,1702.44140625,34.830810546875,57.0556640625
IMG_0045.mp4,1021,34.03333333333333,30.0,752,2,traffic_signs,0.8507610559463501,1510.4954833984375,1492.20947265625,1547.11376953125,1531.0166015625,1528.8046264648438,1511.613037109375,36.6182861328125,38.80712890625
IMG_0045.mp4,1021,34.03333333333333,30.0,761,1,traffic_lights,0.7626343965530396,2492.424560546875,1127.5770263671875,2615.936279296875,1404.9864501953125,2554.180419921875,1266.28173828125,123.51171875,277.409423828125
IMG_0045.mp4,1021,34.03333333333333,30.0,767,2,traffic_signs,0.5236939191818237,2166.815673828125,1096.3182373046875,2390.746826171875,1431.86865234375,2278.78125,1264.0934448242188,223.93115234375,335.5504150390625
IMG_0045.mp4,1022,34.06666666666667,30.0,629,1,traffic_lights,0.8344851732254028,3278.72412109375,43.3453369140625,3449.841064453125,351.51220703125,3364.2825927734375,197.42877197265625,171.116943359375,308.1668701171875
IMG_0045.mp4,1022,34.06666666666667,30.0,636,2,traffic_signs,0.7527291774749756,3661.53466796875,1674.09619140625,3696.3212890625,1730.5645751953125,3678.927978515625,1702.3303833007812,34.78662109375,56.4683837890625
IMG_0045.mp4,1022,34.06666666666667,30.0,752,2,traffic_signs,0.8358884453773499,1511.2452392578125,1493.0838623046875,1547.4005126953125,1530.3065185546875,1529.3228759765625,1511.6951904296875,36.1552734375,37.22265625
IMG_0045.mp4,1022,34.06666666666667,30.0,761,1,traffic_lights,0.8190476894378662,2493.65673828125,1129.2828369140625,2615.934814453125,1405.4346923828125,2554.7957763671875,1267.3587646484375,122.278076171875,276.15185546875
IMG_0045.mp4,1022,34.06666666666667,30.0,767,2,traffic_signs,0.4923734664916992,2166.862548828125,1097.2305908203125,2389.464599609375,1431.1046142578125,2278.16357421875,1264.1676025390625,222.60205078125,333.8740234375
IMG_0045.mp4,1023,34.1,30.0,629,1,traffic_lights,0.8578535914421082,3278.60009765625,43.04668426513672,3450.6123046875,351.6554260253906,3364.606201171875,197.35105514526367,172.01220703125,308.6087417602539
IMG_0045.mp4,1023,34.1,30.0,636,2,traffic_signs,0.5799160003662109,3662.057373046875,1674.5977783203125,3696.383056640625,1730.869140625,3679.22021484375,1702.7334594726562,34.32568359375,56.2713623046875
IMG_0045.mp4,1023,34.1,30.0,752,2,traffic_signs,0.8515570759773254,1511.9722900390625,1493.3148193359375,1547.1480712890625,1530.7474365234375,1529.5601806640625,1512.0311279296875,35.17578125,37.4326171875
IMG_0045.mp4,1023,34.1,30.0,761,1,traffic_lights,0.7587437629699707,2494.231689453125,1129.3077392578125,2615.87841796875,1405.4083251953125,2555.0550537109375,1267.3580322265625,121.646728515625,276.1005859375
IMG_0045.mp4,1023,34.1,30.0,767,2,traffic_signs,0.5951582789421082,2167.35595703125,1096.4820556640625,2390.08984375,1431.618896484375,2278.722900390625,1264.0504760742188,222.73388671875,335.1368408203125
IMG_0045.mp4,1024,34.13333333333333,30.0,629,1,traffic_lights,0.8522866368293762,3278.356689453125,43.496437072753906,3450.441162109375,351.30426025390625,3364.39892578125,197.40034866333008,172.08447265625,307.80782318115234
IMG_0045.mp4,1024,34.13333333333333,30.0,636,2,traffic_signs,0.6038047671318054,3662.126220703125,1674.862548828125,3696.27392578125,1730.4468994140625,3679.2000732421875,1702.6547241210938,34.147705078125,55.5843505859375
IMG_0045.mp4,1024,34.13333333333333,30.0,752,2,traffic_signs,0.8438226580619812,1510.822509765625,1493.7869873046875,1547.1160888671875,1530.525634765625,1528.9692993164062,1512.1563110351562,36.2935791015625,36.7386474609375
IMG_0045.mp4,1024,34.13333333333333,30.0,761,1,traffic_lights,0.7637850046157837,2493.837646484375,1128.2777099609375,2616.200927734375,1406.4951171875,2555.019287109375,1267.3864135742188,122.36328125,278.2174072265625
IMG_0045.mp4,1024,34.13333333333333,30.0,767,2,traffic_signs,0.4429539144039154,2167.213623046875,1096.790771484375,2390.83447265625,1431.46875,2279.0240478515625,1264.1297607421875,223.620849609375,334.677978515625
IMG_0045.mp4,1025,34.166666666666664,30.0,629,1,traffic_lights,0.8416878581047058,3279.297119140625,43.81660079956055,3449.787353515625,351.28875732421875,3364.542236328125,197.55267906188965,170.490234375,307.4721565246582
IMG_0045.mp4,1025,34.166666666666664,30.0,636,2,traffic_signs,0.7273183465003967,3662.621826171875,1675.088134765625,3696.603759765625,1731.1630859375,3679.61279296875,1703.1256103515625,33.98193359375,56.074951171875
IMG_0045.mp4,1025,34.166666666666664,30.0,752,2,traffic_signs,0.8403530120849609,1511.403564453125,1493.6365966796875,1547.2205810546875,1530.3109130859375,1529.3120727539062,1511.9737548828125,35.8170166015625,36.67431640625
IMG_0045.mp4,1025,34.166666666666664,30.0,761,1,traffic_lights,0.7025995850563049,2495.454345703125,1129.56298828125,2616.125732421875,1405.6578369140625,2555.7900390625,1267.6104125976562,120.67138671875,276.0948486328125
IMG_0045.mp4,1025,34.166666666666664,30.0,767,2,traffic_signs,0.4995713233947754,2166.9638671875,1096.61962890625,2390.69482421875,1431.3154296875,2278.829345703125,1263.967529296875,223.73095703125,334.69580078125
IMG_0045.mp4,1026,34.2,30.0,629,1,traffic_lights,0.8481429815292358,3279.53466796875,42.83246994018555,3450.779541015625,351.2190246582031,3365.1571044921875,197.02574729919434,171.244873046875,308.3865547180176
IMG_0045.mp4,1026,34.2,30.0,636,2,traffic_signs,0.7637571096420288,3663.02587890625,1675.7655029296875,3697.010498046875,1731.34814453125,3680.0181884765625,1703.5568237304688,33.984619140625,55.5826416015625
IMG_0045.mp4,1026,34.2,30.0,752,2,traffic_signs,0.8460337519645691,1511.2142333984375,1493.1912841796875,1547.545654296875,1530.716796875,1529.3799438476562,1511.9540405273438,36.3314208984375,37.5255126953125
IMG_0045.mp4,1026,34.2,30.0,761,1,traffic_lights,0.7465699911117554,2496.289794921875,1129.7464599609375,2616.845458984375,1404.9755859375,2556.567626953125,1267.3610229492188,120.5556640625,275.2291259765625
IMG_0045.mp4,1027,34.233333333333334,30.0,629,1,traffic_lights,0.833911120891571,3279.177001953125,42.719905853271484,3449.997314453125,351.1394958496094,3364.587158203125,196.92970085144043,170.8203125,308.4195899963379
IMG_0045.mp4,1027,34.233333333333334,30.0,636,2,traffic_signs,0.6890479922294617,3663.343017578125,1675.7720947265625,3696.961181640625,1731.7314453125,3680.152099609375,1703.7517700195312,33.6181640625,55.9593505859375
IMG_0045.mp4,1027,34.233333333333334,30.0,752,2,traffic_signs,0.838176429271698,1511.3153076171875,1493.8267822265625,1546.642333984375,1530.698486328125,1528.9788208007812,1512.2626342773438,35.3270263671875,36.8717041015625
IMG_0045.mp4,1027,34.233333333333334,30.0,761,1,traffic_lights,0.7130414843559265,2494.781982421875,1128.2122802734375,2616.73974609375,1406.979248046875,2555.7608642578125,1267.5957641601562,121.957763671875,278.7669677734375
IMG_0045.mp4,1027,34.233333333333334,30.0,767,2,traffic_signs,0.6155984401702881,2166.40234375,1096.7557373046875,2387.890380859375,1432.1402587890625,2277.1463623046875,1264.447998046875,221.488037109375,335.384521484375
IMG_0045.mp4,1028,34.266666666666666,30.0,629,1,traffic_lights,0.8368945717811584,3279.970947265625,41.7369499206543,3451.249755859375,350.63519287109375,3365.6103515625,196.18607139587402,171.27880859375,308.89824295043945
IMG_0045.mp4,1028,34.266666666666666,30.0,636,2,traffic_signs,0.7757831811904907,3663.906982421875,1675.92431640625,3697.654052734375,1731.6380615234375,3680.780517578125,1703.7811889648438,33.7470703125,55.7137451171875
IMG_0045.mp4,1028,34.266666666666666,30.0,752,2,traffic_signs,0.8411881327629089,1511.1741943359375,1493.656982421875,1546.4893798828125,1531.068359375,1528.831787109375,1512.3626708984375,35.315185546875,37.411376953125
IMG_0045.mp4,1028,34.266666666666666,30.0,761,1,traffic_lights,0.8437620401382446,2496.0458984375,1130.8826904296875,2617.409912109375,1405.7034912109375,2556.7279052734375,1268.2930908203125,121.364013671875,274.82080078125
IMG_0045.mp4,1028,34.266666666666666,30.0,767,2,traffic_signs,0.4495879113674164,2168.56787109375,1097.5626220703125,2389.8369140625,1433.30029296875,2279.202392578125,1265.4314575195312,221.26904296875,335.7376708984375
IMG_0045.mp4,1029,34.3,30.0,629,1,traffic_lights,0.8549723029136658,3279.8125,41.50386428833008,3452.4453125,350.3667907714844,3366.12890625,195.93532752990723,172.6328125,308.8629264831543
IMG_0045.mp4,1029,34.3,30.0,636,2,traffic_signs,0.7092339396476746,3663.89013671875,1675.577880859375,3697.788330078125,1731.675048828125,3680.8392333984375,1703.62646484375,33.898193359375,56.09716796875
IMG_0045.mp4,1029,34.3,30.0,752,2,traffic_signs,0.8444631099700928,1511.15185546875,1492.808837890625,1546.5628662109375,1530.88330078125,1528.8573608398438,1511.8460693359375,35.4110107421875,38.074462890625
IMG_0045.mp4,1029,34.3,30.0,761,1,traffic_lights,0.7164559960365295,2496.453125,1129.7926025390625,2617.29541015625,1406.901611328125,2556.874267578125,1268.3471069335938,120.84228515625,277.1090087890625
IMG_0045.mp4,1029,34.3,30.0,767,2,traffic_signs,0.5876542329788208,2168.72412109375,1097.47509765625,2389.387451171875,1433.086181640625,2279.0557861328125,1265.2806396484375,220.663330078125,335.611083984375
IMG_0045.mp4,1030,34.333333333333336,30.0,629,1,traffic_lights,0.8489105701446533,3279.586181640625,41.84363555908203,3452.070068359375,349.9920654296875,3365.828125,195.91785049438477,172.48388671875,308.14842987060547
IMG_0045.mp4,1030,34.333333333333336,30.0,636,2,traffic_signs,0.7334074378013611,3663.95361328125,1675.343505859375,3697.861083984375,1731.29443359375,3680.9073486328125,1703.3189697265625,33.907470703125,55.950927734375
IMG_0045.mp4,1030,34.333333333333336,30.0,752,2,traffic_signs,0.8503082394599915,1511.1556396484375,1492.3153076171875,1546.819091796875,1530.52587890625,1528.9873657226562,1511.4205932617188,35.6634521484375,38.2105712890625
IMG_0045.mp4,1030,34.333333333333336,30.0,761,1,traffic_lights,0.776872456073761,2494.876220703125,1129.020751953125,2617.349853515625,1407.0911865234375,2556.113037109375,1268.0559692382812,122.4736328125,278.0704345703125
IMG_0045.mp4,1030,34.333333333333336,30.0,767,2,traffic_signs,0.5701291561126709,2168.102294921875,1097.201904296875,2388.513671875,1433.6458740234375,2278.3079833984375,1265.4238891601562,220.411376953125,336.4439697265625
IMG_0045.mp4,1031,34.36666666666667,30.0,629,1,traffic_lights,0.8416643142700195,3280.0234375,42.10279083251953,3451.510986328125,349.9472961425781,3365.7672119140625,196.02504348754883,171.487548828125,307.8445053100586
IMG_0045.mp4,1031,34.36666666666667,30.0,636,2,traffic_signs,0.6071630716323853,3664.12646484375,1675.67724609375,3697.816650390625,1731.5213623046875,3680.9715576171875,1703.5993041992188,33.690185546875,55.8441162109375
IMG_0045.mp4,1031,34.36666666666667,30.0,752,2,traffic_signs,0.8514915108680725,1511.1328125,1492.6011962890625,1546.7830810546875,1530.7200927734375,1528.9579467773438,1511.66064453125,35.6502685546875,38.118896484375
IMG_0045.mp4,1031,34.36666666666667,30.0,761,1,traffic_lights,0.828804612159729,2496.674560546875,1129.9830322265625,2617.066162109375,1406.8699951171875,2556.870361328125,1268.426513671875,120.3916015625,276.886962890625
IMG_0045.mp4,1031,34.36666666666667,30.0,767,2,traffic_signs,0.5107351541519165,2168.66357421875,1097.856689453125,2389.689453125,1434.1385498046875,2279.176513671875,1265.9976196289062,221.02587890625,336.2818603515625
IMG_0045.mp4,1032,34.4,30.0,629,1,traffic_lights,0.8464008569717407,3280.474609375,41.23389434814453,3452.916259765625,349.8408203125,3366.6954345703125,195.53735733032227,172.441650390625,308.60692596435547
IMG_0045.mp4,1032,34.4,30.0,636,2,traffic_signs,0.6581674218177795,3664.07958984375,1675.7396240234375,3697.649169921875,1731.495849609375,3680.8643798828125,1703.6177368164062,33.569580078125,55.7562255859375
IMG_0045.mp4,1032,34.4,30.0,752,2,traffic_signs,0.8530579209327698,1511.424560546875,1493.0506591796875,1546.9793701171875,1531.294921875,1529.2019653320312,1512.1727905273438,35.5548095703125,38.2442626953125
IMG_0045.mp4,1032,34.4,30.0,761,1,traffic_lights,0.8093305826187134,2496.233154296875,1129.3616943359375,2617.133544921875,1408.0269775390625,2556.683349609375,1268.6943359375,120.900390625,278.665283203125
IMG_0045.mp4,1032,34.4,30.0,767,2,traffic_signs,0.4674486815929413,2170.274169921875,1098.3973388671875,2389.246826171875,1434.409423828125,2279.760498046875,1266.4033813476562,218.97265625,336.0120849609375
IMG_0045.mp4,1033,34.43333333333333,30.0,629,1,traffic_lights,0.8549383282661438,3280.455810546875,41.9604377746582,3452.669189453125,349.80859375,3366.5625,195.8845157623291,172.21337890625,307.8481559753418
IMG_0045.mp4,1033,34.43333333333333,30.0,636,2,traffic_signs,0.6923712491989136,3663.94580078125,1675.2921142578125,3697.992431640625,1731.4537353515625,3680.9691162109375,1703.3729248046875,34.046630859375,56.16162109375
IMG_0045.mp4,1033,34.43333333333333,30.0,752,2,traffic_signs,0.8566926717758179,1511.3031005859375,1492.9375,1547.1080322265625,1532.1365966796875,1529.20556640625,1512.5370483398438,35.804931640625,39.1990966796875
IMG_0045.mp4,1033,34.43333333333333,30.0,761,1,traffic_lights,0.7466320395469666,2495.206298828125,1128.0977783203125,2617.1474609375,1408.801025390625,2556.1768798828125,1268.4494018554688,121.941162109375,280.7032470703125
IMG_0045.mp4,1033,34.43333333333333,30.0,767,2,traffic_signs,0.6534470319747925,2169.798828125,1097.6820068359375,2390.447265625,1434.5535888671875,2280.123046875,1266.1177978515625,220.6484375,336.87158203125
IMG_0045.mp4,1034,34.46666666666667,30.0,629,1,traffic_lights,0.8191426396369934,3280.865234375,41.60383987426758,3452.890625,349.4964904785156,3366.8779296875,195.5501651763916,172.025390625,307.89265060424805
IMG_0045.mp4,1034,34.46666666666667,30.0,636,2,traffic_signs,0.6677404046058655,3664.42822265625,1676.2237548828125,3698.64453125,1731.3038330078125,3681.536376953125,1703.7637939453125,34.21630859375,55.080078125
IMG_0045.mp4,1034,34.46666666666667,30.0,752,2,traffic_signs,0.8391335010528564,1511.176513671875,1493.727783203125,1546.2843017578125,1531.76220703125,1528.7304077148438,1512.7449951171875,35.1077880859375,38.034423828125
IMG_0045.mp4,1034,34.46666666666667,30.0,761,1,traffic_lights,0.8085604906082153,2497.799560546875,1130.123046875,2617.443359375,1407.4215087890625,2557.6214599609375,1268.7722778320312,119.643798828125,277.2984619140625
IMG_0045.mp4,1034,34.46666666666667,30.0,767,2,traffic_signs,0.5749548077583313,2169.687255859375,1097.6351318359375,2391.31103515625,1436.3558349609375,2280.4991455078125,1266.9954833984375,221.623779296875,338.720703125
IMG_0045.mp4,1035,34.5,30.0,629,1,traffic_lights,0.8385974168777466,3280.6162109375,41.435546875,3453.18310546875,349.29937744140625,3366.899658203125,195.36746215820312,172.56689453125,307.86383056640625
IMG_0045.mp4,1035,34.5,30.0,636,2,traffic_signs,0.7339990735054016,3663.270751953125,1675.6551513671875,3698.518310546875,1731.1060791015625,3680.89453125,1703.380615234375,35.24755859375,55.450927734375
IMG_0045.mp4,1035,34.5,30.0,752,2,traffic_signs,0.829272449016571,1510.3760986328125,1493.5904541015625,1545.7784423828125,1531.3238525390625,1528.0772705078125,1512.4571533203125,35.40234375,37.7333984375
IMG_0045.mp4,1035,34.5,30.0,761,1,traffic_lights,0.7403208613395691,2496.99951171875,1130.09130859375,2617.598876953125,1408.5361328125,2557.2991943359375,1269.313720703125,120.599365234375,278.44482421875
IMG_0045.mp4,1035,34.5,30.0,767,2,traffic_signs,0.4091797471046448,2169.781494140625,1097.92919921875,2390.2470703125,1436.294677734375,2280.0142822265625,1267.1119384765625,220.465576171875,338.365478515625
IMG_0045.mp4,1036,34.53333333333333,30.0,629,1,traffic_lights,0.8473859429359436,3281.2021484375,41.97555923461914,3453.63818359375,349.1427001953125,3367.420166015625,195.55912971496582,172.43603515625,307.16714096069336
IMG_0045.mp4,1036,34.53333333333333,30.0,636,2,traffic_signs,0.7593607902526855,3664.263916015625,1676.25927734375,3698.569580078125,1732.02978515625,3681.416748046875,1704.14453125,34.3056640625,55.7705078125
IMG_0045.mp4,1036,34.53333333333333,30.0,752,2,traffic_signs,0.862502932548523,1510.683837890625,1493.9105224609375,1546.16357421875,1532.0277099609375,1528.4237060546875,1512.9691162109375,35.479736328125,38.1171875
IMG_0045.mp4,1036,34.53333333333333,30.0,761,1,traffic_lights,0.8248552680015564,2497.01416015625,1129.9078369140625,2617.837646484375,1407.979248046875,2557.4259033203125,1268.9435424804688,120.823486328125,278.0714111328125
IMG_0045.mp4,1036,34.53333333333333,30.0,767,2,traffic_signs,0.38379669189453125,2170.406982421875,1098.4559326171875,2389.166015625,1436.449951171875,2279.7864990234375,1267.4529418945312,218.759033203125,337.9940185546875
IMG_0045.mp4,1037,34.56666666666667,30.0,629,1,traffic_lights,0.8458821177482605,3282.102783203125,42.172630310058594,3455.00830078125,348.96728515625,3368.5555419921875,195.5699577331543,172.905517578125,306.7946548461914
IMG_0045.mp4,1037,34.56666666666667,30.0,636,2,traffic_signs,0.7942132353782654,3664.176025390625,1676.0047607421875,3698.7470703125,1732.1051025390625,3681.4615478515625,1704.054931640625,34.571044921875,56.100341796875
IMG_0045.mp4,1037,34.56666666666667,30.0,752,2,traffic_signs,0.8604831099510193,1510.8272705078125,1493.985595703125,1546.59423828125,1531.776123046875,1528.7107543945312,1512.880859375,35.7669677734375,37.79052734375
IMG_0045.mp4,1037,34.56666666666667,30.0,761,1,traffic_lights,0.8236249089241028,2498.799560546875,1130.96044921875,2617.509765625,1407.0440673828125,2558.1546630859375,1269.0022583007812,118.710205078125,276.0836181640625
IMG_0045.mp4,1037,34.56666666666667,30.0,767,2,traffic_signs,0.7043287754058838,2169.54052734375,1096.8792724609375,2391.67041015625,1436.4884033203125,2280.60546875,1266.683837890625,222.1298828125,339.609130859375
IMG_0045.mp4,1038,34.6,30.0,629,1,traffic_lights,0.8679084181785583,3282.11376953125,41.50904846191406,3455.6162109375,348.47802734375,3368.864990234375,194.99353790283203,173.50244140625,306.96897888183594
IMG_0045.mp4,1038,34.6,30.0,636,2,traffic_signs,0.6603715419769287,3664.93896484375,1676.1910400390625,3699.159912109375,1732.0986328125,3682.0494384765625,1704.1448364257812,34.220947265625,55.9075927734375
IMG_0045.mp4,1038,34.6,30.0,752,2,traffic_signs,0.855712890625,1510.8001708984375,1493.369140625,1547.0509033203125,1531.067138671875,1528.925537109375,1512.2181396484375,36.250732421875,37.697998046875
IMG_0045.mp4,1038,34.6,30.0,761,1,traffic_lights,0.7955538630485535,2498.823974609375,1130.0140380859375,2617.93701171875,1407.480224609375,2558.3804931640625,1268.7471313476562,119.113037109375,277.4661865234375
IMG_0045.mp4,1038,34.6,30.0,767,2,traffic_signs,0.6868959069252014,2169.717041015625,1096.4078369140625,2391.97509765625,1433.73388671875,2280.8460693359375,1265.0708618164062,222.258056640625,337.3260498046875
IMG_0045.mp4,1039,34.63333333333333,30.0,629,1,traffic_lights,0.8461758494377136,3282.121826171875,41.89126968383789,3455.087890625,348.4261169433594,3368.6048583984375,195.15869331359863,172.966064453125,306.5348472595215
IMG_0045.mp4,1039,34.63333333333333,30.0,636,2,traffic_signs,0.39150315523147583,3664.689697265625,1676.480712890625,3698.893310546875,1732.172607421875,3681.79150390625,1704.32666015625,34.20361328125,55.69189453125
IMG_0045.mp4,1039,34.63333333333333,30.0,752,2,traffic_signs,0.8611123561859131,1510.874267578125,1493.763671875,1546.95654296875,1531.57080078125,1528.9154052734375,1512.667236328125,36.082275390625,37.80712890625
IMG_0045.mp4,1039,34.63333333333333,30.0,761,1,traffic_lights,0.8133923411369324,2498.2158203125,1129.3507080078125,2617.8203125,1408.5911865234375,2558.01806640625,1268.970947265625,119.6044921875,279.240478515625
IMG_0045.mp4,1039,34.63333333333333,30.0,767,2,traffic_signs,0.7327924370765686,2168.9541015625,1095.4459228515625,2392.04736328125,1435.498291015625,2280.500732421875,1265.4721069335938,223.09326171875,340.0523681640625
IMG_0045.mp4,1040,34.666666666666664,30.0,629,1,traffic_lights,0.8552860617637634,3282.668701171875,41.39802169799805,3455.656005859375,347.90673828125,3369.162353515625,194.65237998962402,172.9873046875,306.50871658325195
IMG_0045.mp4,1040,34.666666666666664,30.0,636,2,traffic_signs,0.6915732026100159,3664.986572265625,1676.4825439453125,3698.769287109375,1732.419921875,3681.8779296875,1704.4512329101562,33.78271484375,55.9373779296875
IMG_0045.mp4,1040,34.666666666666664,30.0,752,2,traffic_signs,0.8527353405952454,1510.6304931640625,1493.4993896484375,1547.266845703125,1531.7763671875,1528.9486694335938,1512.6378784179688,36.6363525390625,38.2769775390625
IMG_0045.mp4,1040,34.666666666666664,30.0,761,1,traffic_lights,0.83836430311203,2498.131591796875,1130.7332763671875,2617.530517578125,1407.0955810546875,2557.8310546875,1268.9144287109375,119.39892578125,276.3623046875
IMG_0045.mp4,1040,34.666666666666664,30.0,767,2,traffic_signs,0.7593134641647339,2168.563232421875,1095.1434326171875,2393.683349609375,1435.0009765625,2281.123291015625,1265.0722045898438,225.1201171875,339.8575439453125
IMG_0045.mp4,1041,34.7,30.0,629,1,traffic_lights,0.6093252897262573,3283.142578125,38.7266845703125,3456.272705078125,346.7693176269531,3369.7076416015625,192.7480010986328,173.130126953125,308.0426330566406
IMG_0045.mp4,1041,34.7,30.0,636,2,traffic_signs,0.6348667740821838,3664.8466796875,1676.9429931640625,3698.71923828125,1732.4180908203125,3681.782958984375,1704.6805419921875,33.87255859375,55.47509765625
IMG_0045.mp4,1041,34.7,30.0,752,2,traffic_signs,0.8262081742286682,1510.8280029296875,1494.6793212890625,1546.4659423828125,1532.3935546875,1528.64697265625,1513.5364379882812,35.637939453125,37.7142333984375
IMG_0045.mp4,1041,34.7,30.0,761,1,traffic_lights,0.7553581595420837,2497.739990234375,1131.04296875,2617.775390625,1409.2410888671875,2557.7576904296875,1270.1420288085938,120.035400390625,278.1981201171875
IMG_0045.mp4,1041,34.7,30.0,767,2,traffic_signs,0.7400407791137695,2168.41015625,1095.003173828125,2393.800537109375,1435.0162353515625,2281.1053466796875,1265.0097045898438,225.390380859375,340.0130615234375
IMG_0045.mp4,1042,34.733333333333334,30.0,629,1,traffic_lights,0.7628573775291443,3283.0908203125,39.81209182739258,3456.93896484375,347.2305908203125,3370.014892578125,193.52134132385254,173.84814453125,307.4184989929199
IMG_0045.mp4,1042,34.733333333333334,30.0,636,2,traffic_signs,0.49293163418769836,3665.0107421875,1677.04345703125,3698.900634765625,1731.8177490234375,3681.9556884765625,1704.4306030273438,33.889892578125,54.7742919921875
IMG_0045.mp4,1042,34.733333333333334,30.0,752,2,traffic_signs,0.8696662783622742,1511.0018310546875,1494.505859375,1546.88671875,1532.679443359375,1528.9442749023438,1513.5926513671875,35.8848876953125,38.173583984375
IMG_0045.mp4,1042,34.733333333333334,30.0,761,1,traffic_lights,0.7562524676322937,2497.169677734375,1130.6602783203125,2618.2119140625,1409.518310546875,2557.6907958984375,1270.0892944335938,121.042236328125,278.8580322265625
IMG_0045.mp4,1042,34.733333333333334,30.0,767,2,traffic_signs,0.47822314500808716,2168.852294921875,1095.9315185546875,2394.3984375,1436.151611328125,2281.6253662109375,1266.0415649414062,225.546142578125,340.2200927734375
IMG_0045.mp4,1043,34.766666666666666,30.0,629,1,traffic_lights,0.8292129039764404,3282.9736328125,40.86802291870117,3455.532470703125,347.59698486328125,3369.2530517578125,194.2325038909912,172.558837890625,306.7289619445801
IMG_0045.mp4,1043,34.766666666666666,30.0,636,2,traffic_signs,0.5212991237640381,3664.785888671875,1676.676513671875,3699.001953125,1732.287109375,3681.8939208984375,1704.4818115234375,34.216064453125,55.610595703125
IMG_0045.mp4,1043,34.766666666666666,30.0,752,2,traffic_signs,0.8345558047294617,1510.9300537109375,1490.4622802734375,1547.455810546875,1532.3916015625,1529.1929321289062,1511.4269409179688,36.5257568359375,41.9293212890625
IMG_0045.mp4,1043,34.766666666666666,30.0,761,1,traffic_lights,0.8081793189048767,2498.49951171875,1130.9237060546875,2617.8994140625,1408.7242431640625,2558.199462890625,1269.823974609375,119.39990234375,277.800537109375
IMG_0045.mp4,1043,34.766666666666666,30.0,767,2,traffic_signs,0.7774792909622192,2167.957275390625,1095.407470703125,2394.217529296875,1436.10302734375,2281.08740234375,1265.7552490234375,226.26025390625,340.695556640625
IMG_0045.mp4,1044,34.8,30.0,629,1,traffic_lights,0.8189399242401123,3282.786376953125,41.483924865722656,3455.333740234375,348.02899169921875,3369.06005859375,194.7564582824707,172.54736328125,306.5450668334961
IMG_0045.mp4,1044,34.8,30.0,752,2,traffic_signs,0.8771881461143494,1511.087158203125,1492.0284423828125,1547.123291015625,1532.015625,1529.105224609375,1512.0220336914062,36.0361328125,39.9871826171875
IMG_0045.mp4,1044,34.8,30.0,761,1,traffic_lights,0.7878996133804321,2499.1064453125,1129.924560546875,2617.9755859375,1407.9879150390625,2558.541015625,1268.9562377929688,118.869140625,278.0633544921875
IMG_0045.mp4,1044,34.8,30.0,767,2,traffic_signs,0.693652331829071,2168.466796875,1095.6678466796875,2392.460205078125,1435.35302734375,2280.4635009765625,1265.5104370117188,223.993408203125,339.6851806640625
IMG_0045.mp4,1045,34.833333333333336,30.0,629,1,traffic_lights,0.8246291875839233,3282.89306640625,41.86556625366211,3456.078369140625,348.1640319824219,3369.4857177734375,195.014799118042,173.185302734375,306.29846572875977
IMG_0045.mp4,1045,34.833333333333336,30.0,752,2,traffic_signs,0.8597396016120911,1511.0975341796875,1493.7313232421875,1546.5487060546875,1532.3206787109375,1528.8231201171875,1513.0260009765625,35.451171875,38.58935546875
IMG_0045.mp4,1045,34.833333333333336,30.0,761,1,traffic_lights,0.7324591875076294,2497.923095703125,1128.7381591796875,2617.960205078125,1408.7664794921875,2557.941650390625,1268.7523193359375,120.037109375,280.0283203125
IMG_0045.mp4,1045,34.833333333333336,30.0,767,2,traffic_signs,0.795732319355011,2168.127685546875,1095.0494384765625,2391.571044921875,1435.6585693359375,2279.849365234375,1265.35400390625,223.443359375,340.609130859375
IMG_0045.mp4,1045,34.833333333333336,30.0,636,2,traffic_signs,0.4841480851173401,3664.433837890625,1676.7344970703125,3698.466552734375,1732.5989990234375,3681.4501953125,1704.666748046875,34.03271484375,55.864501953125
IMG_0045.mp4,1046,34.86666666666667,30.0,629,1,traffic_lights,0.7967377305030823,3283.29443359375,41.49929428100586,3456.038818359375,348.08453369140625,3369.6666259765625,194.79191398620605,172.744384765625,306.5852394104004
IMG_0045.mp4,1046,34.86666666666667,30.0,752,2,traffic_signs,0.8617072701454163,1510.90625,1493.47314453125,1546.6331787109375,1532.0003662109375,1528.7697143554688,1512.7367553710938,35.7269287109375,38.5272216796875
IMG_0045.mp4,1046,34.86666666666667,30.0,761,1,traffic_lights,0.8467401266098022,2498.65576171875,1131.024658203125,2618.099365234375,1407.809814453125,2558.3775634765625,1269.417236328125,119.443603515625,276.78515625
IMG_0045.mp4,1046,34.86666666666667,30.0,767,2,traffic_signs,0.7547299861907959,2168.524658203125,1095.307373046875,2393.174560546875,1436.0250244140625,2280.849609375,1265.6661987304688,224.64990234375,340.7176513671875
IMG_0045.mp4,1046,34.86666666666667,30.0,636,2,traffic_signs,0.38713592290878296,3664.62255859375,1676.887451171875,3698.743408203125,1732.608154296875,3681.6829833984375,1704.747802734375,34.120849609375,55.720703125
IMG_0045.mp4,1047,34.9,30.0,629,1,traffic_lights,0.74896240234375,3283.05908203125,41.34722900390625,3456.685791015625,347.9955139160156,3369.8724365234375,194.67137145996094,173.626708984375,306.6482849121094
IMG_0045.mp4,1047,34.9,30.0,752,2,traffic_signs,0.8657053112983704,1510.43212890625,1493.2789306640625,1546.8779296875,1532.3260498046875,1528.655029296875,1512.802490234375,36.44580078125,39.047119140625
IMG_0045.mp4,1047,34.9,30.0,761,1,traffic_lights,0.7633724808692932,2498.810302734375,1130.5806884765625,2617.851318359375,1408.7354736328125,2558.330810546875,1269.6580810546875,119.041015625,278.15478515625
IMG_0045.mp4,1047,34.9,30.0,767,2,traffic_signs,0.7160664200782776,2168.340087890625,1095.0958251953125,2394.0,1436.4326171875,2281.1700439453125,1265.7642211914062,225.659912109375,341.3367919921875
IMG_0045.mp4,1048,34.93333333333333,30.0,629,1,traffic_lights,0.7915395498275757,3283.31982421875,41.0615234375,3455.548583984375,347.8708190917969,3369.4342041015625,194.46617126464844,172.228759765625,306.8092956542969
IMG_0045.mp4,1048,34.93333333333333,30.0,752,2,traffic_signs,0.8567017912864685,1510.2274169921875,1493.4407958984375,1546.7220458984375,1532.8525390625,1528.4747314453125,1513.1466674804688,36.49462890625,39.4117431640625
IMG_0045.mp4,1048,34.93333333333333,30.0,761,1,traffic_lights,0.7367042899131775,2498.823486328125,1130.1046142578125,2618.150634765625,1408.8438720703125,2558.487060546875,1269.4742431640625,119.3271484375,278.7392578125
IMG_0045.mp4,1048,34.93333333333333,30.0,767,2,traffic_signs,0.7705047726631165,2168.073974609375,1094.794921875,2393.761962890625,1435.768310546875,2280.91796875,1265.2816162109375,225.68798828125,340.973388671875
IMG_0045.mp4,1048,34.93333333333333,30.0,636,2,traffic_signs,0.45356908440589905,3665.47216796875,1677.380859375,3699.536376953125,1732.980712890625,3682.5042724609375,1705.1807861328125,34.064208984375,55.599853515625
IMG_0045.mp4,1049,34.96666666666667,30.0,629,1,traffic_lights,0.8455915451049805,3282.347412109375,41.27273941040039,3454.60546875,347.9312744140625,3368.4764404296875,194.60200691223145,172.258056640625,306.6585350036621
IMG_0045.mp4,1049,34.96666666666667,30.0,752,2,traffic_signs,0.8616788983345032,1509.75439453125,1493.04248046875,1547.0872802734375,1532.158203125,1528.4208374023438,1512.600341796875,37.3328857421875,39.11572265625
IMG_0045.mp4,1049,34.96666666666667,30.0,761,1,traffic_lights,0.8394124507904053,2498.818603515625,1130.417236328125,2617.41552734375,1407.94873046875,2558.1170654296875,1269.1829833984375,118.596923828125,277.531494140625
IMG_0045.mp4,1049,34.96666666666667,30.0,767,2,traffic_signs,0.8148152828216553,2167.951904296875,1094.81201171875,2393.707763671875,1436.07861328125,2280.829833984375,1265.4453125,225.755859375,341.2666015625
IMG_0045.mp4,1049,34.96666666666667,30.0,636,2,traffic_signs,0.4434264600276947,3665.02734375,1677.3377685546875,3698.922119140625,1732.2943115234375,3681.9747314453125,1704.8160400390625,33.894775390625,54.95654296875
IMG_0045.mp4,1050,35.0,30.0,629,1,traffic_lights,0.7865344882011414,3282.604736328125,41.008941650390625,3454.988037109375,348.3333435058594,3368.79638671875,194.671142578125,172.38330078125,307.32440185546875
IMG_0045.mp4,1050,35.0,30.0,752,2,traffic_signs,0.8603810667991638,1509.703369140625,1491.922607421875,1547.1083984375,1532.526611328125,1528.4058837890625,1512.224609375,37.405029296875,40.60400390625
IMG_0045.mp4,1050,35.0,30.0,761,1,traffic_lights,0.772258996963501,2496.837158203125,1130.46142578125,2617.538818359375,1408.9871826171875,2557.18798828125,1269.7243041992188,120.70166015625,278.5257568359375
IMG_0045.mp4,1050,35.0,30.0,767,2,traffic_signs,0.7511438727378845,2168.18603515625,1095.6142578125,2393.1708984375,1435.5457763671875,2280.678466796875,1265.5800170898438,224.98486328125,339.9315185546875
IMG_0045.mp4,1050,35.0,30.0,636,2,traffic_signs,0.6052523255348206,3664.710693359375,1677.26220703125,3698.65625,1732.283935546875,3681.6834716796875,1704.7730712890625,33.945556640625,55.021728515625
IMG_0045.mp4,1051,35.03333333333333,30.0,629,1,traffic_lights,0.7656142711639404,3283.567626953125,40.65907669067383,3455.90380859375,348.08856201171875,3369.7357177734375,194.3738193511963,172.336181640625,307.4294853210449
IMG_0045.mp4,1051,35.03333333333333,30.0,752,2,traffic_signs,0.8660132884979248,1510.640625,1493.8651123046875,1546.4967041015625,1532.3326416015625,1528.5686645507812,1513.098876953125,35.8560791015625,38.467529296875
IMG_0045.mp4,1051,35.03333333333333,30.0,761,1,traffic_lights,0.7751984000205994,2497.029052734375,1130.0821533203125,2618.16845703125,1409.3443603515625,2557.5987548828125,1269.7132568359375,121.139404296875,279.26220703125
IMG_0045.mp4,1051,35.03333333333333,30.0,767,2,traffic_signs,0.8203875422477722,2168.747802734375,1095.311767578125,2393.631103515625,1436.7515869140625,2281.189453125,1266.0316772460938,224.88330078125,341.4398193359375
IMG_0045.mp4,1051,35.03333333333333,30.0,636,2,traffic_signs,0.3682611286640167,3665.521240234375,1677.5177001953125,3699.396728515625,1732.7130126953125,3682.458984375,1705.1153564453125,33.87548828125,55.1953125
IMG_0045.mp4,1052,35.06666666666667,30.0,629,1,traffic_lights,0.7626084685325623,3283.303955078125,40.74012756347656,3456.412841796875,348.0168762207031,3369.8583984375,194.37850189208984,173.10888671875,307.27674865722656
IMG_0045.mp4,1052,35.06666666666667,30.0,752,2,traffic_signs,0.8626955151557922,1510.0068359375,1494.2733154296875,1546.3248291015625,1532.6890869140625,1528.1658325195312,1513.481201171875,36.3179931640625,38.415771484375
IMG_0045.mp4,1052,35.06666666666667,30.0,761,1,traffic_lights,0.8157373666763306,2498.224853515625,1131.317626953125,2617.66845703125,1409.4864501953125,2557.9466552734375,1270.4020385742188,119.443603515625,278.1688232421875
IMG_0045.mp4,1052,35.06666666666667,30.0,767,2,traffic_signs,0.7927887439727783,2168.41650390625,1094.9664306640625,2393.298095703125,1435.9246826171875,2280.8572998046875,1265.445556640625,224.881591796875,340.958251953125
IMG_0045.mp4,1053,35.1,30.0,629,1,traffic_lights,0.8972172737121582,3283.543212890625,39.421875,3456.798828125,346.7797546386719,3370.1710205078125,193.10081481933594,173.255615234375,307.3578796386719
IMG_0045.mp4,1053,35.1,30.0,752,2,traffic_signs,0.8653345108032227,1510.2244873046875,1492.72119140625,1545.97265625,1532.5972900390625,1528.0985717773438,1512.6592407226562,35.7481689453125,39.8760986328125
IMG_0045.mp4,1053,35.1,30.0,761,1,traffic_lights,0.5554080009460449,2498.2236328125,1131.498291015625,2618.487548828125,1408.0447998046875,2558.3555908203125,1269.7715454101562,120.263916015625,276.5465087890625
IMG_0045.mp4,1053,35.1,30.0,767,2,traffic_signs,0.6871188282966614,2166.8994140625,1094.864501953125,2390.857421875,1435.1455078125,2278.87841796875,1265.0050048828125,223.9580078125,340.281005859375
IMG_0045.mp4,1053,35.1,30.0,785,1,traffic_lights,0.46630609035491943,565.4151000976562,1365.928466796875,627.0206909179688,1430.525390625,596.2178955078125,1398.2269287109375,61.6055908203125,64.596923828125
IMG_0045.mp4,1054,35.13333333333333,30.0,629,1,traffic_lights,0.6030653715133667,3283.806640625,42.09935760498047,3454.817626953125,347.4262390136719,3369.3121337890625,194.76279830932617,171.010986328125,305.3268814086914
IMG_0045.mp4,1054,35.13333333333333,30.0,767,2,traffic_signs,0.8779534101486206,2164.09814453125,1091.8018798828125,2362.32958984375,1315.69775390625,2263.2138671875,1203.7498168945312,198.2314453125,223.8958740234375
IMG_0045.mp4,1054,35.13333333333333,30.0,785,1,traffic_lights,0.48811399936676025,565.1160278320312,1369.63134765625,627.3710327148438,1430.431884765625,596.2435302734375,1400.0316162109375,62.2550048828125,60.800537109375
IMG_0045.mp4,1054,35.13333333333333,30.0,636,2,traffic_signs,0.5137661695480347,3665.2275390625,1678.873046875,3699.985107421875,1732.884765625,3682.6063232421875,1705.87890625,34.757568359375,54.01171875
IMG_0045.mp4,1055,35.166666666666664,30.0,785,1,traffic_lights,0.7042016386985779,562.9448852539062,1368.8157958984375,630.953125,1428.278076171875,596.9490051269531,1398.5469360351562,68.00823974609375,59.4622802734375
IMG_0045.mp4,1055,35.166666666666664,30.0,636,2,traffic_signs,0.6516904830932617,3665.555908203125,1678.3887939453125,3699.50537109375,1732.189208984375,3682.5306396484375,1705.2890014648438,33.949462890625,53.8004150390625
IMG_0045.mp4,1055,35.166666666666664,30.0,752,2,traffic_signs,0.745890736579895,1509.20263671875,1487.0157470703125,1547.6895751953125,1531.0108642578125,1528.4461059570312,1509.0133056640625,38.4869384765625,43.9951171875
IMG_0045.mp4,1055,35.166666666666664,30.0,761,1,traffic_lights,0.6197994351387024,2495.913330078125,1132.09130859375,2616.4228515625,1407.578857421875,2556.1680908203125,1269.8350830078125,120.509521484375,275.487548828125
IMG_0045.mp4,1056,35.2,30.0,636,2,traffic_signs,0.42852869629859924,3671.329345703125,1681.70166015625,3705.86376953125,1735.592529296875,3688.5965576171875,1708.6470947265625,34.534423828125,53.890869140625
IMG_0045.mp4,1056,35.2,30.0,752,2,traffic_signs,0.3007432818412781,1507.6602783203125,1492.06201171875,1546.188720703125,1533.97021484375,1526.9244995117188,1513.01611328125,38.5284423828125,41.908203125
IMG_0045.mp4,1056,35.2,30.0,761,1,traffic_lights,0.8211793899536133,2499.929931640625,1133.6409912109375,2617.17333984375,1413.4322509765625,2558.5516357421875,1273.53662109375,117.243408203125,279.791259765625
IMG_0045.mp4,1056,35.2,30.0,629,1,traffic_lights,0.7847117781639099,3288.28759765625,35.74085235595703,3463.237548828125,348.4570617675781,3375.7625732421875,192.09895706176758,174.949951171875,312.7162094116211
IMG_0045.mp4,1056,35.2,30.0,767,2,traffic_signs,0.8080340623855591,2165.5498046875,1090.4241943359375,2388.822265625,1419.2530517578125,2277.18603515625,1254.838623046875,223.2724609375,328.828857421875
IMG_0045.mp4,1057,35.233333333333334,30.0,636,2,traffic_signs,0.7649797201156616,3675.3046875,1683.75537109375,3709.902099609375,1739.4609375,3692.6033935546875,1711.608154296875,34.597412109375,55.70556640625
IMG_0045.mp4,1057,35.233333333333334,30.0,752,2,traffic_signs,0.733991801738739,1504.16748046875,1494.494384765625,1544.0953369140625,1534.7724609375,1524.1314086914062,1514.6334228515625,39.9278564453125,40.278076171875
IMG_0045.mp4,1057,35.233333333333334,30.0,761,1,traffic_lights,0.8446287512779236,2501.59814453125,1136.2855224609375,2616.51171875,1418.6568603515625,2559.054931640625,1277.47119140625,114.91357421875,282.371337890625
IMG_0045.mp4,1057,35.233333333333334,30.0,629,1,traffic_lights,0.3876045048236847,3293.2021484375,33.82261276245117,3464.900146484375,346.4660949707031,3379.0511474609375,190.14435386657715,171.697998046875,312.64348220825195
IMG_0045.mp4,1057,35.233333333333334,30.0,767,2,traffic_signs,0.7897986769676208,2167.0361328125,1089.2498779296875,2395.552001953125,1435.9658203125,2281.2940673828125,1262.6078491210938,228.515869140625,346.7159423828125
IMG_0048.mp4,0,0.0,30.0,1,2,traffic_signs,0.2995496094226837,3294.26123046875,169.18988037109375,3389.7705078125,256.61651611328125,3342.015869140625,212.9031982421875,95.50927734375,87.4266357421875
IMG_0048.mp4,1,0.03333333333333333,30.0,1,2,traffic_signs,0.3038005530834198,3293.9970703125,167.73622131347656,3391.71044921875,256.14105224609375,3342.853759765625,211.93863677978516,97.71337890625,88.40483093261719
IMG_0048.mp4,8,0.26666666666666666,30.0,1,2,traffic_signs,0.5453840494155884,3295.486572265625,147.7810516357422,3395.236572265625,232.87451171875,3345.361572265625,190.3277816772461,99.75,85.09346008300781
IMG_0048.mp4,11,0.36666666666666664,30.0,1,2,traffic_signs,0.6607104539871216,3295.725341796875,132.42361450195312,3397.1728515625,218.21507263183594,3346.4490966796875,175.31934356689453,101.447509765625,85.79145812988281
IMG_0048.mp4,12,0.4,30.0,1,2,traffic_signs,0.4712795317173004,3298.8681640625,124.51504516601562,3401.529296875,210.23593139648438,3350.19873046875,167.37548828125,102.6611328125,85.72088623046875
IMG_0048.mp4,13,0.43333333333333335,30.0,1,2,traffic_signs,0.28334343433380127,3298.379638671875,119.98822784423828,3399.343505859375,204.92713928222656,3348.861572265625,162.45768356323242,100.9638671875,84.93891143798828
IMG_0048.mp4,15,0.5,30.0,1,2,traffic_signs,0.5909255743026733,3300.6787109375,108.3201904296875,3403.068603515625,194.41265869140625,3351.8736572265625,151.36642456054688,102.389892578125,86.09246826171875
IMG_0048.mp4,16,0.5333333333333333,30.0,1,2,traffic_signs,0.5293826460838318,3300.2822265625,105.87869262695312,3402.728759765625,189.97705078125,3351.5054931640625,147.92787170410156,102.446533203125,84.09835815429688
IMG_0048.mp4,17,0.5666666666666667,30.0,1,2,traffic_signs,0.2746220827102661,3301.702880859375,101.36409759521484,3404.080322265625,186.9354248046875,3352.8916015625,144.14976119995117,102.37744140625,85.57132720947266
IMG_0048.mp4,18,0.6,30.0,1,2,traffic_signs,0.5392637848854065,3300.948486328125,97.6966323852539,3404.5625,183.043701171875,3352.7554931640625,140.37016677856445,103.614013671875,85.3470687866211
IMG_0048.mp4,21,0.7,30.0,1,2,traffic_signs,0.2576754093170166,3302.90625,86.44780731201172,3409.224365234375,171.01751708984375,3356.0653076171875,128.73266220092773,106.318115234375,84.56970977783203
IMG_0048.mp4,23,0.7666666666666667,30.0,1,2,traffic_signs,0.2809123694896698,3309.68310546875,79.46420288085938,3407.48388671875,158.53384399414062,3358.58349609375,118.9990234375,97.80078125,79.06964111328125
IMG_0048.mp4,25,0.8333333333333334,30.0,1,2,traffic_signs,0.27983060479164124,3311.280029296875,70.2476806640625,3408.574951171875,149.90164184570312,3359.927490234375,110.07466125488281,97.294921875,79.65396118164062
IMG_0048.mp4,78,2.6,30.0,4,2,traffic_signs,0.6997680068016052,3307.224609375,253.5715789794922,3405.862548828125,330.3110046386719,3356.5435791015625,291.94129180908203,98.637939453125,76.73942565917969
IMG_0048.mp4,79,2.6333333333333333,30.0,4,2,traffic_signs,0.43055039644241333,3306.85205078125,244.29461669921875,3403.72119140625,326.6434326171875,3355.28662109375,285.4690246582031,96.869140625,82.34881591796875
IMG_0048.mp4,110,3.6666666666666665,30.0,16,2,traffic_signs,0.759566605091095,3310.7333984375,175.322265625,3432.0283203125,341.74066162109375,3371.380859375,258.5314636230469,121.294921875,166.41839599609375
IMG_0048.mp4,111,3.7,30.0,16,2,traffic_signs,0.3897264003753662,3312.91845703125,174.7141876220703,3432.8427734375,349.1048889160156,3372.880615234375,261.90953826904297,119.92431640625,174.3907012939453
IMG_0048.mp4,113,3.7666666666666666,30.0,16,2,traffic_signs,0.5223742127418518,3315.84326171875,170.14918518066406,3433.0283203125,358.45111083984375,3374.435791015625,264.3001480102539,117.18505859375,188.3019256591797
IMG_0048.mp4,114,3.8,30.0,16,2,traffic_signs,0.6768084764480591,3312.35302734375,163.34141540527344,3431.689208984375,360.78265380859375,3372.0211181640625,262.0620346069336,119.336181640625,197.4412384033203
IMG_0048.mp4,127,4.233333333333333,30.0,20,2,traffic_signs,0.812411367893219,3344.127197265625,321.1443176269531,3432.644775390625,403.4449157714844,3388.385986328125,362.29461669921875,88.517578125,82.30059814453125
IMG_0048.mp4,128,4.266666666666667,30.0,20,2,traffic_signs,0.8629675507545471,3346.8505859375,323.5403137207031,3433.263427734375,405.2966003417969,3390.0570068359375,364.41845703125,86.412841796875,81.75628662109375
IMG_0048.mp4,129,4.3,30.0,20,2,traffic_signs,0.8601152896881104,3348.582763671875,328.260498046875,3432.320068359375,408.7926940917969,3390.451416015625,368.52659606933594,83.7373046875,80.53219604492188
IMG_0048.mp4,130,4.333333333333333,30.0,20,2,traffic_signs,0.8068760633468628,3352.73583984375,329.60784912109375,3432.9833984375,408.4028625488281,3392.859619140625,369.00535583496094,80.24755859375,78.79501342773438
IMG_0048.mp4,131,4.366666666666666,30.0,20,2,traffic_signs,0.8730988502502441,3354.802490234375,333.07989501953125,3431.778076171875,411.2682189941406,3393.290283203125,372.17405700683594,76.9755859375,78.18832397460938
IMG_0048.mp4,132,4.4,30.0,20,2,traffic_signs,0.6807053089141846,3356.126708984375,338.1575012207031,3432.68212890625,411.68426513671875,3394.4044189453125,374.92088317871094,76.555419921875,73.52676391601562
IMG_0048.mp4,133,4.433333333333334,30.0,20,2,traffic_signs,0.5355294942855835,3354.5693359375,338.853515625,3433.9296875,417.51239013671875,3394.24951171875,378.1829528808594,79.3603515625,78.65887451171875
IMG_0048.mp4,134,4.466666666666667,30.0,20,2,traffic_signs,0.8333250284194946,3353.1025390625,336.9504699707031,3435.3857421875,418.7928161621094,3394.244140625,377.87164306640625,82.283203125,81.84234619140625
IMG_0048.mp4,135,4.5,30.0,20,2,traffic_signs,0.5517400503158569,3355.47509765625,337.9513854980469,3435.840087890625,420.7442626953125,3395.6575927734375,379.3478240966797,80.364990234375,82.79287719726562
IMG_0048.mp4,136,4.533333333333333,30.0,20,2,traffic_signs,0.802105724811554,3359.100341796875,343.5432434082031,3437.17333984375,423.78668212890625,3398.1368408203125,383.6649627685547,78.072998046875,80.24343872070312
IMG_0048.mp4,137,4.566666666666666,30.0,20,2,traffic_signs,0.8205339312553406,3355.488037109375,348.1716613769531,3435.828125,424.7864990234375,3395.6580810546875,386.4790802001953,80.340087890625,76.61483764648438
IMG_0048.mp4,138,4.6,30.0,20,2,traffic_signs,0.8175730109214783,3355.464111328125,352.2695617675781,3437.038330078125,428.94085693359375,3396.251220703125,390.60520935058594,81.57421875,76.67129516601562
IMG_0048.mp4,139,4.633333333333334,30.0,20,2,traffic_signs,0.8444213271141052,3353.93115234375,357.16827392578125,3435.95947265625,434.7627258300781,3394.9453125,395.9654998779297,82.0283203125,77.59445190429688
IMG_0048.mp4,140,4.666666666666667,30.0,20,2,traffic_signs,0.8516132831573486,3352.727294921875,359.19549560546875,3435.26708984375,437.6579895019531,3393.9971923828125,398.42674255371094,82.539794921875,78.46249389648438
IMG_0048.mp4,141,4.7,30.0,20,2,traffic_signs,0.8497334122657776,3353.013916015625,361.4270324707031,3436.241455078125,441.99737548828125,3394.627685546875,401.7122039794922,83.2275390625,80.57034301757812
IMG_0048.mp4,142,4.733333333333333,30.0,20,2,traffic_signs,0.8654991388320923,3350.694091796875,364.9859924316406,3436.09130859375,447.1918640136719,3393.3927001953125,406.08892822265625,85.397216796875,82.20587158203125
IMG_0048.mp4,142,4.733333333333333,30.0,22,2,traffic_signs,0.5105181932449341,3303.528564453125,61.62388610839844,3398.281005859375,143.49261474609375,3350.90478515625,102.5582504272461,94.75244140625,81.86872863769531
IMG_0048.mp4,143,4.766666666666667,30.0,20,2,traffic_signs,0.8623403310775757,3353.245849609375,366.8183288574219,3438.834716796875,449.70098876953125,3396.040283203125,408.25965881347656,85.5888671875,82.88265991210938
IMG_0048.mp4,143,4.766666666666667,30.0,22,2,traffic_signs,0.5508742332458496,3306.5966796875,54.40386962890625,3401.25732421875,137.3135986328125,3353.927001953125,95.85873413085938,94.66064453125,82.90972900390625
IMG_0048.mp4,144,4.8,30.0,20,2,traffic_signs,0.8559185862541199,3354.421875,367.9157409667969,3439.75439453125,453.1816711425781,3397.088134765625,410.5487060546875,85.33251953125,85.26593017578125
IMG_0048.mp4,144,4.8,30.0,22,2,traffic_signs,0.5660811066627502,3305.73095703125,49.794063568115234,3399.853271484375,130.38685607910156,3352.7921142578125,90.0904598236084,94.122314453125,80.59279251098633
IMG_0048.mp4,145,4.833333333333333,30.0,20,2,traffic_signs,0.8311580419540405,3353.966796875,369.36944580078125,3440.494140625,454.3263244628906,3397.23046875,411.84788513183594,86.52734375,84.95687866210938
IMG_0048.mp4,145,4.833333333333333,30.0,22,2,traffic_signs,0.49619799852371216,3305.257568359375,44.99004364013672,3398.4267578125,124.48799133300781,3351.8421630859375,84.73901748657227,93.169189453125,79.4979476928711
IMG_0048.mp4,146,4.866666666666666,30.0,20,2,traffic_signs,0.8118234872817993,3357.728271484375,369.12689208984375,3442.371826171875,454.8843994140625,3400.050048828125,412.0056457519531,84.6435546875,85.75750732421875
IMG_0048.mp4,147,4.9,30.0,20,2,traffic_signs,0.8437535762786865,3358.159912109375,370.2625427246094,3442.0517578125,459.54461669921875,3400.1058349609375,414.90357971191406,83.891845703125,89.28207397460938
IMG_0048.mp4,148,4.933333333333334,30.0,20,2,traffic_signs,0.8654599189758301,3359.798583984375,371.2772521972656,3442.205322265625,460.67144775390625,3401.001953125,415.97434997558594,82.40673828125,89.39419555664062
IMG_0048.mp4,149,4.966666666666667,30.0,20,2,traffic_signs,0.8485246300697327,3359.0205078125,373.2349853515625,3440.7470703125,463.0508117675781,3399.8837890625,418.1428985595703,81.7265625,89.81582641601562
IMG_0048.mp4,150,5.0,30.0,20,2,traffic_signs,0.7453479170799255,3358.704833984375,376.0762023925781,3439.8798828125,463.9715270996094,3399.2923583984375,420.02386474609375,81.175048828125,87.89532470703125
IMG_0048.mp4,151,5.033333333333333,30.0,20,2,traffic_signs,0.7684009075164795,3361.194580078125,381.5589294433594,3440.58935546875,466.46185302734375,3400.8919677734375,424.01039123535156,79.394775390625,84.90292358398438
IMG_0048.mp4,152,5.066666666666666,30.0,20,2,traffic_signs,0.7780566811561584,3361.12744140625,385.8699035644531,3440.8154296875,470.1855773925781,3400.971435546875,428.0277404785156,79.68798828125,84.315673828125
IMG_0048.mp4,153,5.1,30.0,20,2,traffic_signs,0.6292892694473267,3360.28271484375,390.68829345703125,3441.512451171875,473.7261657714844,3400.8975830078125,432.2072296142578,81.229736328125,83.03787231445312
IMG_0048.mp4,154,5.133333333333334,30.0,20,2,traffic_signs,0.29831376671791077,3360.28076171875,390.516357421875,3443.545654296875,476.3305969238281,3401.9132080078125,433.42347717285156,83.264892578125,85.81423950195312
IMG_0048.mp4,156,5.2,30.0,20,2,traffic_signs,0.5279509425163269,3352.505859375,360.7290344238281,3450.126953125,485.03662109375,3401.31640625,422.88282775878906,97.62109375,124.30758666992188
IMG_0048.mp4,157,5.233333333333333,30.0,20,2,traffic_signs,0.38522008061408997,3347.295654296875,355.40521240234375,3452.29736328125,489.5448913574219,3399.7965087890625,422.4750518798828,105.001708984375,134.13967895507812
IMG_0048.mp4,159,5.3,30.0,20,2,traffic_signs,0.7330858707427979,3344.29443359375,351.31658935546875,3454.3662109375,498.8951721191406,3399.330322265625,425.1058807373047,110.07177734375,147.57858276367188
IMG_0048.mp4,161,5.366666666666666,30.0,20,2,traffic_signs,0.3803791105747223,3360.9951171875,364.17791748046875,3458.092041015625,502.259521484375,3409.5435791015625,433.2187194824219,97.096923828125,138.08160400390625
IMG_0048.mp4,162,5.4,30.0,20,2,traffic_signs,0.4218743145465851,3356.728271484375,353.380126953125,3460.117919921875,501.9461669921875,3408.423095703125,427.66314697265625,103.3896484375,148.5660400390625
IMG_0048.mp4,163,5.433333333333334,30.0,20,2,traffic_signs,0.8621304035186768,3353.56689453125,342.7058410644531,3461.799072265625,502.75482177734375,3407.6829833984375,422.73033142089844,108.232177734375,160.04898071289062
IMG_0048.mp4,164,5.466666666666667,30.0,20,2,traffic_signs,0.5483638644218445,3354.555908203125,344.004638671875,3464.007080078125,505.71649169921875,3409.281494140625,424.8605651855469,109.451171875,161.71185302734375
IMG_0048.mp4,165,5.5,30.0,20,2,traffic_signs,0.647671103477478,3363.930419921875,362.3822326660156,3466.015625,507.5335693359375,3414.9730224609375,434.95790100097656,102.085205078125,145.15133666992188
IMG_0048.mp4,166,5.533333333333333,30.0,20,2,traffic_signs,0.6383036971092224,3370.505859375,370.1923828125,3468.875,505.8040771484375,3419.6904296875,437.99822998046875,98.369140625,135.6116943359375
IMG_0048.mp4,167,5.566666666666666,30.0,20,2,traffic_signs,0.7308936715126038,3373.001953125,369.6861877441406,3469.579833984375,505.54864501953125,3421.2908935546875,437.61741638183594,96.577880859375,135.86245727539062
IMG_0048.mp4,168,5.6,30.0,20,2,traffic_signs,0.7780247330665588,3376.86328125,366.3486328125,3470.72265625,506.7757568359375,3423.79296875,436.56219482421875,93.859375,140.4271240234375
IMG_0048.mp4,169,5.633333333333334,30.0,20,2,traffic_signs,0.7292740941047668,3375.448486328125,365.3247375488281,3471.57373046875,508.3441467285156,3423.5111083984375,436.8344421386719,96.125244140625,143.0194091796875
IMG_0048.mp4,170,5.666666666666667,30.0,20,2,traffic_signs,0.7112627029418945,3373.971435546875,369.5653991699219,3471.684814453125,509.40496826171875,3422.828125,439.4851837158203,97.71337890625,139.83956909179688
IMG_0048.mp4,171,5.7,30.0,20,2,traffic_signs,0.38925617933273315,3373.059814453125,369.2679748535156,3473.1826171875,520.7896118164062,3423.1212158203125,445.02879333496094,100.122802734375,151.52163696289062
IMG_0048.mp4,172,5.733333333333333,30.0,20,2,traffic_signs,0.641284167766571,3372.4013671875,370.69244384765625,3474.272216796875,516.7418212890625,3423.3367919921875,443.7171325683594,101.870849609375,146.04937744140625
IMG_0048.mp4,173,5.766666666666667,30.0,20,2,traffic_signs,0.8361190557479858,3370.965087890625,374.05426025390625,3476.851318359375,515.4955444335938,3423.908203125,444.77490234375,105.88623046875,141.4412841796875
IMG_0048.mp4,174,5.8,30.0,20,2,traffic_signs,0.6852319836616516,3372.990478515625,382.0647277832031,3475.647705078125,516.793212890625,3424.319091796875,449.42897033691406,102.6572265625,134.72848510742188
IMG_0048.mp4,175,5.833333333333333,30.0,20,2,traffic_signs,0.7302478551864624,3375.00634765625,384.94219970703125,3476.1689453125,517.6547241210938,3425.587646484375,451.2984619140625,101.16259765625,132.7125244140625
IMG_0048.mp4,176,5.866666666666666,30.0,20,2,traffic_signs,0.8462138175964355,3372.75927734375,390.5005187988281,3475.8134765625,521.225341796875,3424.286376953125,455.86293029785156,103.05419921875,130.72482299804688
IMG_0048.mp4,177,5.9,30.0,20,2,traffic_signs,0.8883892297744751,3373.853515625,398.32244873046875,3477.7734375,525.455078125,3425.8134765625,461.8887634277344,103.919921875,127.13262939453125
IMG_0048.mp4,178,5.933333333333334,30.0,20,2,traffic_signs,0.8357009887695312,3374.133056640625,402.5384216308594,3478.82568359375,529.88671875,3426.4793701171875,466.2125701904297,104.692626953125,127.34829711914062
IMG_0048.mp4,179,5.966666666666667,30.0,20,2,traffic_signs,0.7587910294532776,3375.91650390625,401.7322082519531,3480.62646484375,534.2001342773438,3428.271484375,467.96617126464844,104.7099609375,132.46792602539062
IMG_0048.mp4,180,6.0,30.0,20,2,traffic_signs,0.39970889687538147,3380.48193359375,398.6506042480469,3481.286376953125,536.7404174804688,3430.8841552734375,467.6955108642578,100.804443359375,138.08981323242188
IMG_0048.mp4,181,6.033333333333333,30.0,20,2,traffic_signs,0.705653965473175,3381.430419921875,394.0547180175781,3480.771240234375,541.957275390625,3431.100830078125,468.00599670410156,99.3408203125,147.90255737304688
IMG_0048.mp4,182,6.066666666666666,30.0,20,2,traffic_signs,0.7607365846633911,3382.322021484375,407.41156005859375,3480.73876953125,546.9725952148438,3431.5303955078125,477.19207763671875,98.416748046875,139.56103515625
IMG_0048.mp4,183,6.1,30.0,20,2,traffic_signs,0.8693973422050476,3383.831298828125,415.6483459472656,3481.6982421875,549.3795166015625,3432.7647705078125,482.51393127441406,97.866943359375,133.73117065429688
IMG_0048.mp4,184,6.133333333333334,30.0,20,2,traffic_signs,0.5230568051338196,3385.643310546875,422.7334899902344,3480.64306640625,553.2803955078125,3433.1431884765625,488.00694274902344,94.999755859375,130.54690551757812
IMG_0048.mp4,185,6.166666666666667,30.0,20,2,traffic_signs,0.4122436046600342,3383.193603515625,429.5186767578125,3480.172607421875,555.5706176757812,3431.68310546875,492.5446472167969,96.97900390625,126.05194091796875
IMG_0048.mp4,187,6.233333333333333,30.0,20,2,traffic_signs,0.6695570945739746,3391.63037109375,438.6348571777344,3481.7099609375,559.7061767578125,3436.670166015625,499.17051696777344,90.07958984375,121.07131958007812
IMG_0048.mp4,188,6.266666666666667,30.0,20,2,traffic_signs,0.76072096824646,3393.81787109375,443.29229736328125,3481.7333984375,562.9371948242188,3437.775634765625,503.11474609375,87.91552734375,119.6448974609375
IMG_0048.mp4,189,6.3,30.0,20,2,traffic_signs,0.5792098641395569,3390.822509765625,440.8462829589844,3484.982666015625,559.7920532226562,3437.902587890625,500.3191680908203,94.16015625,118.94577026367188
IMG_0048.mp4,190,6.333333333333333,30.0,20,2,traffic_signs,0.2888825535774231,3391.993408203125,441.56341552734375,3487.855224609375,561.0200805664062,3439.92431640625,501.291748046875,95.86181640625,119.4566650390625
IMG_0048.mp4,191,6.366666666666666,30.0,20,2,traffic_signs,0.35626551508903503,3391.99560546875,443.909423828125,3489.265380859375,562.4354248046875,3440.6304931640625,503.17242431640625,97.269775390625,118.5260009765625
IMG_0048.mp4,192,6.4,30.0,20,2,traffic_signs,0.3422676920890808,3393.16455078125,445.5687561035156,3491.561767578125,564.6240844726562,3442.3631591796875,505.09642028808594,98.397216796875,119.05532836914062
IMG_0048.mp4,193,6.433333333333334,30.0,20,2,traffic_signs,0.6559718251228333,3386.788330078125,439.85870361328125,3491.812744140625,566.8717651367188,3439.300537109375,503.365234375,105.0244140625,127.0130615234375
IMG_0048.mp4,194,6.466666666666667,30.0,20,2,traffic_signs,0.77183598279953,3388.970947265625,438.2635192871094,3494.090576171875,567.3020629882812,3441.53076171875,502.7827911376953,105.11962890625,129.03854370117188
IMG_0048.mp4,195,6.5,30.0,20,2,traffic_signs,0.7080026268959045,3387.9716796875,436.9850769042969,3494.92919921875,567.0106811523438,3441.450439453125,501.9978790283203,106.95751953125,130.02560424804688
IMG_0048.mp4,196,6.533333333333333,30.0,20,2,traffic_signs,0.7708637714385986,3389.716064453125,438.7420349121094,3498.19970703125,568.3428344726562,3443.9578857421875,503.5424346923828,108.483642578125,129.60079956054688
IMG_0048.mp4,197,6.566666666666666,30.0,20,2,traffic_signs,0.6653311252593994,3389.487548828125,438.3099365234375,3499.11669921875,568.11767578125,3444.3021240234375,503.21380615234375,109.629150390625,129.8077392578125
IMG_0048.mp4,198,6.6,30.0,20,2,traffic_signs,0.7348732948303223,3390.59130859375,437.3500061035156,3501.705322265625,568.1248779296875,3446.1483154296875,502.73744201660156,111.114013671875,130.77487182617188
IMG_0048.mp4,199,6.633333333333334,30.0,20,2,traffic_signs,0.7187407612800598,3390.9453125,436.2140197753906,3503.20947265625,569.0625610351562,3447.077392578125,502.63829040527344,112.26416015625,132.84854125976562
IMG_0048.mp4,200,6.666666666666667,30.0,20,2,traffic_signs,0.7116409540176392,3391.336181640625,434.1454772949219,3504.849365234375,566.9390869140625,3448.0927734375,500.5422821044922,113.51318359375,132.79360961914062
IMG_0048.mp4,201,6.7,30.0,20,2,traffic_signs,0.7219611406326294,3391.274658203125,435.14471435546875,3506.767333984375,567.61669921875,3449.02099609375,501.3807067871094,115.49267578125,132.47198486328125
IMG_0048.mp4,202,6.733333333333333,30.0,20,2,traffic_signs,0.6813206672668457,3390.6435546875,437.57659912109375,3506.7138671875,570.0191650390625,3448.6787109375,503.7978820800781,116.0703125,132.44256591796875
IMG_0048.mp4,203,6.766666666666667,30.0,20,2,traffic_signs,0.6678070425987244,3392.159423828125,436.5003662109375,3510.2412109375,569.7653198242188,3451.2003173828125,503.1328430175781,118.081787109375,133.26495361328125
IMG_0048.mp4,204,6.8,30.0,20,2,traffic_signs,0.7647380828857422,3390.847900390625,438.8363952636719,3508.7158203125,571.8207397460938,3449.7818603515625,505.3285675048828,117.867919921875,132.98434448242188
IMG_0048.mp4,205,6.833333333333333,30.0,20,2,traffic_signs,0.5122634768486023,3392.687744140625,442.4415588378906,3510.88330078125,574.2843627929688,3451.7855224609375,508.3629608154297,118.195556640625,131.84280395507812
IMG_0048.mp4,206,6.866666666666666,30.0,20,2,traffic_signs,0.5892924666404724,3393.013671875,444.52044677734375,3512.008544921875,574.5634155273438,3452.5111083984375,509.54193115234375,118.994873046875,130.04296875
IMG_0048.mp4,207,6.9,30.0,20,2,traffic_signs,0.33793991804122925,3396.6689453125,448.9693908691406,3512.626220703125,577.3659057617188,3454.6475830078125,513.1676483154297,115.957275390625,128.39651489257812
IMG_0048.mp4,208,6.933333333333334,30.0,20,2,traffic_signs,0.3424942195415497,3399.43359375,448.44635009765625,3514.390625,580.781982421875,3456.912109375,514.6141662597656,114.95703125,132.33563232421875
IMG_0048.mp4,212,7.066666666666666,30.0,20,2,traffic_signs,0.2768130600452423,3403.090576171875,450.4252014160156,3517.19775390625,599.5474853515625,3460.1441650390625,524.9863433837891,114.107177734375,149.12228393554688
IMG_0048.mp4,213,7.1,30.0,20,2,traffic_signs,0.2590554356575012,3404.61962890625,450.4400634765625,3519.507080078125,606.6669921875,3462.0633544921875,528.5535278320312,114.887451171875,156.2269287109375
IMG_0048.mp4,289,9.633333333333333,30.0,34,2,traffic_signs,0.6381471753120422,3432.84228515625,479.40960693359375,3590.789794921875,660.8622436523438,3511.8160400390625,570.1359252929688,157.947509765625,181.45263671875
IMG_0048.mp4,290,9.666666666666666,30.0,34,2,traffic_signs,0.45325902104377747,3430.531982421875,479.82537841796875,3588.939697265625,661.1981811523438,3509.73583984375,570.5117797851562,158.40771484375,181.372802734375
IMG_0048.mp4,291,9.7,30.0,34,2,traffic_signs,0.45966410636901855,3433.575927734375,483.9642333984375,3587.822021484375,661.7029418945312,3510.698974609375,572.8335876464844,154.24609375,177.73870849609375
IMG_0048.mp4,403,13.433333333333334,30.0,43,2,traffic_signs,0.6118277907371521,3341.18017578125,293.44500732421875,3435.611328125,383.7180480957031,3388.395751953125,338.58152770996094,94.43115234375,90.27304077148438
IMG_0048.mp4,404,13.466666666666667,30.0,43,2,traffic_signs,0.5452665686607361,3342.3291015625,295.630615234375,3437.689453125,386.3072814941406,3390.00927734375,340.9689483642578,95.3603515625,90.67666625976562
IMG_0048.mp4,405,13.5,30.0,43,2,traffic_signs,0.6003071665763855,3347.20068359375,298.5985107421875,3441.57568359375,387.1747741699219,3394.38818359375,342.8866424560547,94.375,88.57626342773438
IMG_0048.mp4,406,13.533333333333333,30.0,43,2,traffic_signs,0.4950229227542877,3350.7001953125,306.8715515136719,3441.5244140625,389.4402160644531,3396.1123046875,348.1558837890625,90.82421875,82.56866455078125
IMG_0048.mp4,406,13.533333333333333,30.0,45,2,traffic_signs,0.609431803226471,1029.015869140625,1663.3917236328125,1283.8262939453125,1774.2161865234375,1156.4210815429688,1718.803955078125,254.8104248046875,110.824462890625
IMG_0048.mp4,407,13.566666666666666,30.0,45,2,traffic_signs,0.747843325138092,1053.4366455078125,1665.577392578125,1310.0404052734375,1778.245849609375,1181.738525390625,1721.91162109375,256.603759765625,112.66845703125
IMG_0048.mp4,408,13.6,30.0,45,2,traffic_signs,0.6784474849700928,1086.9112548828125,1669.9454345703125,1339.3504638671875,1779.4149169921875,1213.130859375,1724.68017578125,252.439208984375,109.469482421875
IMG_0048.mp4,409,13.633333333333333,30.0,45,2,traffic_signs,0.5041360855102539,1119.984130859375,1673.8443603515625,1367.474853515625,1781.0120849609375,1243.7294921875,1727.42822265625,247.49072265625,107.167724609375
IMG_0048.mp4,410,13.666666666666666,30.0,45,2,traffic_signs,0.8323476910591125,1144.2802734375,1674.23291015625,1394.4893798828125,1781.0341796875,1269.3848266601562,1727.633544921875,250.2091064453125,106.80126953125
IMG_0048.mp4,411,13.7,30.0,45,2,traffic_signs,0.2557793855667114,1180.7640380859375,1674.18505859375,1419.251708984375,1777.0433349609375,1300.0078735351562,1725.6141967773438,238.4876708984375,102.8582763671875
IMG_0048.mp4,411,13.7,30.0,47,2,traffic_signs,0.6472139954566956,1216.88720703125,2123.2275390625,1333.6483154296875,2160.0,1275.2677612304688,2141.61376953125,116.7611083984375,36.7724609375
IMG_0048.mp4,412,13.733333333333333,30.0,45,2,traffic_signs,0.43969646096229553,1208.4290771484375,1675.6329345703125,1442.7728271484375,1773.911376953125,1325.6009521484375,1724.7721557617188,234.34375,98.2784423828125
IMG_0048.mp4,412,13.733333333333333,30.0,47,2,traffic_signs,0.4958708882331848,1242.0870361328125,2119.082763671875,1358.5009765625,2160.0,1300.2940063476562,2139.5413818359375,116.4139404296875,40.917236328125
IMG_0048.mp4,413,13.766666666666667,30.0,45,2,traffic_signs,0.3576366603374481,1237.6524658203125,1674.7388916015625,1465.2042236328125,1769.3861083984375,1351.4283447265625,1722.0625,227.5517578125,94.647216796875
IMG_0048.mp4,413,13.766666666666667,30.0,47,2,traffic_signs,0.7052169442176819,1276.26171875,2112.9658203125,1388.3197021484375,2160.0,1332.2907104492188,2136.48291015625,112.0579833984375,47.0341796875
IMG_0048.mp4,414,13.8,30.0,45,2,traffic_signs,0.5129201412200928,1266.6309814453125,1674.951904296875,1490.4337158203125,1767.222900390625,1378.5323486328125,1721.08740234375,223.802734375,92.27099609375
IMG_0048.mp4,415,13.833333333333334,30.0,45,2,traffic_signs,0.3647099435329437,1294.9886474609375,1674.18310546875,1516.4232177734375,1765.9176025390625,1405.7059326171875,1720.0503540039062,221.4345703125,91.7344970703125
IMG_0048.mp4,415,13.833333333333334,30.0,47,2,traffic_signs,0.39711853861808777,1336.168212890625,2102.602294921875,1452.6669921875,2159.422119140625,1394.4176025390625,2131.01220703125,116.498779296875,56.81982421875
IMG_0048.mp4,416,13.866666666666667,30.0,45,2,traffic_signs,0.4669445753097534,1317.6297607421875,1674.6783447265625,1538.2091064453125,1766.4290771484375,1427.91943359375,1720.5537109375,220.579345703125,91.750732421875
IMG_0048.mp4,417,13.9,30.0,45,2,traffic_signs,0.4080425798892975,1343.572021484375,1675.124267578125,1561.9622802734375,1765.802001953125,1452.7671508789062,1720.463134765625,218.3902587890625,90.677734375
IMG_0048.mp4,418,13.933333333333334,30.0,45,2,traffic_signs,0.2609257400035858,1371.7210693359375,1669.839111328125,1582.151611328125,1759.6710205078125,1476.9363403320312,1714.7550659179688,210.4305419921875,89.8319091796875
IMG_0048.mp4,420,14.0,30.0,45,2,traffic_signs,0.30578842759132385,1415.348876953125,1674.7647705078125,1624.1400146484375,1768.573974609375,1519.7444458007812,1721.6693725585938,208.7911376953125,93.8092041015625
IMG_0048.mp4,427,14.233333333333333,30.0,45,2,traffic_signs,0.4840543568134308,1559.940673828125,1691.8104248046875,1754.390869140625,1769.5484619140625,1657.165771484375,1730.679443359375,194.4501953125,77.738037109375
IMG_0048.mp4,428,14.266666666666667,30.0,45,2,traffic_signs,0.3629470467567444,1577.9591064453125,1695.7669677734375,1768.643798828125,1775.16162109375,1673.3014526367188,1735.4642944335938,190.6846923828125,79.3946533203125
IMG_0048.mp4,429,14.3,30.0,49,2,traffic_signs,0.34231773018836975,3380.832763671875,390.43450927734375,3463.944580078125,474.2620544433594,3422.388671875,432.34828186035156,83.11181640625,83.82754516601562
IMG_0048.mp4,441,14.7,30.0,51,2,traffic_signs,0.6166209578514099,219.4070587158203,1667.9140625,531.1434326171875,1860.4329833984375,375.2752456665039,1764.1735229492188,311.7363739013672,192.5189208984375
IMG_0048.mp4,442,14.733333333333333,30.0,51,2,traffic_signs,0.7234421372413635,186.4915313720703,1662.1839599609375,517.2084350585938,1872.3023681640625,351.84998321533203,1767.2431640625,330.71690368652344,210.118408203125
IMG_0048.mp4,443,14.766666666666667,30.0,51,2,traffic_signs,0.5478526949882507,148.16390991210938,1654.2396240234375,500.813720703125,1875.827392578125,324.4888153076172,1765.0335083007812,352.6498107910156,221.5877685546875
IMG_0048.mp4,457,15.233333333333333,30.0,54,2,traffic_signs,0.5100663304328918,3538.5595703125,605.5700073242188,3605.637939453125,683.2572631835938,3572.0987548828125,644.4136352539062,67.078369140625,77.687255859375
IMG_0048.mp4,458,15.266666666666667,30.0,54,2,traffic_signs,0.7785997986793518,3538.067138671875,603.98828125,3604.48828125,681.9957275390625,3571.2777099609375,642.9920043945312,66.421142578125,78.0074462890625
IMG_0048.mp4,459,15.3,30.0,54,2,traffic_signs,0.29698216915130615,3533.920166015625,605.6771240234375,3601.074951171875,684.4193725585938,3567.49755859375,645.0482482910156,67.15478515625,78.74224853515625
IMG_0048.mp4,487,16.233333333333334,30.0,60,1,traffic_lights,0.4494664967060089,1999.658203125,1471.176513671875,2044.7559814453125,1515.0863037109375,2022.2070922851562,1493.1314086914062,45.0977783203125,43.9097900390625
IMG_0048.mp4,488,16.266666666666666,30.0,60,1,traffic_lights,0.33368194103240967,1998.9661865234375,1472.4095458984375,2042.010498046875,1517.133056640625,2020.4883422851562,1494.7713012695312,43.0443115234375,44.7235107421875
IMG_0048.mp4,489,16.3,30.0,60,1,traffic_lights,0.3364473879337311,1992.96240234375,1478.541015625,2035.024658203125,1520.3638916015625,2013.9935302734375,1499.4524536132812,42.062255859375,41.8228759765625
IMG_0048.mp4,492,16.4,30.0,62,1,traffic_lights,0.43090540170669556,1664.9090576171875,1430.1622314453125,1771.09375,1548.1566162109375,1718.0014038085938,1489.159423828125,106.1846923828125,117.994384765625
IMG_0048.mp4,494,16.466666666666665,30.0,62,1,traffic_lights,0.7518827319145203,1642.4117431640625,1438.845703125,1758.1514892578125,1548.622314453125,1700.2816162109375,1493.7340087890625,115.73974609375,109.776611328125
IMG_0048.mp4,495,16.5,30.0,62,1,traffic_lights,0.4335697293281555,1621.3212890625,1433.8905029296875,1746.8038330078125,1546.9744873046875,1684.0625610351562,1490.4324951171875,125.4825439453125,113.083984375
IMG_0048.mp4,496,16.533333333333335,30.0,62,1,traffic_lights,0.27330875396728516,1602.188232421875,1433.8271484375,1728.2628173828125,1543.1968994140625,1665.2255249023438,1488.5120239257812,126.0745849609375,109.3697509765625
IMG_0048.mp4,496,16.533333333333335,30.0,64,1,traffic_lights,0.431384414434433,1974.203369140625,1461.147216796875,2011.270751953125,1502.9205322265625,1992.737060546875,1482.0338745117188,37.0673828125,41.7733154296875
IMG_0048.mp4,497,16.566666666666666,30.0,62,1,traffic_lights,0.6969473958015442,1590.467041015625,1433.671630859375,1701.417236328125,1540.5843505859375,1645.942138671875,1487.1279907226562,110.9501953125,106.9127197265625
IMG_0048.mp4,497,16.566666666666666,30.0,64,1,traffic_lights,0.5694373846054077,1970.6353759765625,1460.8505859375,2008.720703125,1504.8560791015625,1989.6780395507812,1482.8533325195312,38.0853271484375,44.0054931640625
IMG_0048.mp4,498,16.6,30.0,62,1,traffic_lights,0.3522163927555084,1581.1697998046875,1430.258544921875,1694.249267578125,1536.4981689453125,1637.7095336914062,1483.3783569335938,113.0794677734375,106.2396240234375
IMG_0048.mp4,498,16.6,30.0,64,1,traffic_lights,0.5239731669425964,1971.42431640625,1459.1773681640625,2008.3189697265625,1503.9678955078125,1989.8716430664062,1481.5726318359375,36.8946533203125,44.79052734375
IMG_0048.mp4,499,16.633333333333333,30.0,62,1,traffic_lights,0.43802937865257263,1561.401611328125,1419.4244384765625,1668.32080078125,1527.916748046875,1614.8612060546875,1473.6705932617188,106.919189453125,108.4923095703125
IMG_0048.mp4,499,16.633333333333333,30.0,64,1,traffic_lights,0.3884906768798828,1960.29248046875,1454.641357421875,1998.206787109375,1498.600341796875,1979.2496337890625,1476.620849609375,37.914306640625,43.958984375
IMG_0048.mp4,501,16.7,30.0,62,1,traffic_lights,0.35275378823280334,1537.1524658203125,1417.9091796875,1647.818359375,1532.0247802734375,1592.4854125976562,1474.9669799804688,110.6658935546875,114.1156005859375
IMG_0048.mp4,501,16.7,30.0,64,1,traffic_lights,0.3767409026622772,1954.0450439453125,1462.4796142578125,1996.0177001953125,1507.9349365234375,1975.0313720703125,1485.207275390625,41.97265625,45.455322265625
IMG_0048.mp4,502,16.733333333333334,30.0,62,1,traffic_lights,0.3202906847000122,1523.71533203125,1411.27978515625,1633.77001953125,1525.6885986328125,1578.74267578125,1468.4841918945312,110.0546875,114.4088134765625
IMG_0048.mp4,502,16.733333333333334,30.0,64,1,traffic_lights,0.4573471248149872,1951.1650390625,1457.36328125,1991.80419921875,1502.9862060546875,1971.484619140625,1480.1747436523438,40.63916015625,45.6229248046875
IMG_0048.mp4,503,16.766666666666666,30.0,62,1,traffic_lights,0.322020560503006,1508.5927734375,1408.158447265625,1615.1636962890625,1526.9381103515625,1561.8782348632812,1467.5482788085938,106.5709228515625,118.7796630859375
IMG_0048.mp4,505,16.833333333333332,30.0,67,2,traffic_signs,0.478574275970459,3410.078125,496.0372009277344,3490.373779296875,561.8640747070312,3450.2259521484375,528.9506378173828,80.295654296875,65.82687377929688
IMG_0048.mp4,506,16.866666666666667,30.0,67,2,traffic_signs,0.31078875064849854,3406.547119140625,491.79437255859375,3490.561767578125,558.2721557617188,3448.554443359375,525.0332641601562,84.0146484375,66.477783203125
IMG_0048.mp4,508,16.933333333333334,30.0,67,2,traffic_signs,0.2965436279773712,3398.764404296875,483.9712219238281,3478.48828125,548.56689453125,3438.6263427734375,516.2690582275391,79.723876953125,64.59567260742188
IMG_0048.mp4,510,17.0,30.0,67,2,traffic_signs,0.3028896152973175,3388.031982421875,476.17840576171875,3473.16650390625,538.758056640625,3430.5992431640625,507.4682312011719,85.134521484375,62.57965087890625
IMG_0048.mp4,525,17.5,30.0,62,1,traffic_lights,0.6627835035324097,1108.2100830078125,1315.5892333984375,1229.012939453125,1462.6297607421875,1168.6115112304688,1389.1094970703125,120.8028564453125,147.04052734375
IMG_0048.mp4,530,17.666666666666668,30.0,75,2,traffic_signs,0.6830938458442688,1673.078857421875,1862.857177734375,1784.56201171875,1916.381103515625,1728.8204345703125,1889.619140625,111.483154296875,53.52392578125
IMG_0048.mp4,534,17.8,30.0,77,2,traffic_signs,0.8446415066719055,1796.1171875,1858.5032958984375,1894.506103515625,1912.6849365234375,1845.3116455078125,1885.5941162109375,98.388916015625,54.181640625
IMG_0048.mp4,555,18.5,30.0,87,1,traffic_lights,0.6018872261047363,2872.907958984375,26.597549438476562,2994.8232421875,202.14785766601562,2933.8656005859375,114.3727035522461,121.915283203125,175.55030822753906
IMG_0048.mp4,582,19.4,30.0,101,2,traffic_signs,0.3417520821094513,3299.2158203125,156.12680053710938,3402.689453125,285.157958984375,3350.95263671875,220.6423797607422,103.4736328125,129.03115844726562
IMG_0048.mp4,583,19.433333333333334,30.0,101,2,traffic_signs,0.44127538800239563,3300.760498046875,150.68524169921875,3404.753173828125,280.0308532714844,3352.7568359375,215.35804748535156,103.99267578125,129.34561157226562
IMG_0048.mp4,584,19.466666666666665,30.0,101,2,traffic_signs,0.3697779178619385,3300.162841796875,149.5399169921875,3403.111572265625,275.51239013671875,3351.63720703125,212.52615356445312,102.94873046875,125.97247314453125
IMG_0048.mp4,585,19.5,30.0,101,2,traffic_signs,0.6154267191886902,3301.799560546875,147.90313720703125,3404.77490234375,270.1066589355469,3353.2872314453125,209.00489807128906,102.975341796875,122.20352172851562
IMG_0048.mp4,591,19.7,30.0,101,2,traffic_signs,0.31679245829582214,3307.419189453125,135.57835388183594,3412.248046875,264.78271484375,3359.8336181640625,200.18053436279297,104.828857421875,129.20436096191406
IMG_0048.mp4,592,19.733333333333334,30.0,101,2,traffic_signs,0.27336254715919495,3307.67578125,137.9342803955078,3411.544677734375,263.0481262207031,3359.6102294921875,200.49120330810547,103.868896484375,125.11384582519531
IMG_0048.mp4,593,19.766666666666666,30.0,101,2,traffic_signs,0.3836326003074646,3308.20068359375,136.5733184814453,3410.9296875,262.07867431640625,3359.565185546875,199.32599639892578,102.72900390625,125.50535583496094
IMG_0048.mp4,594,19.8,30.0,101,2,traffic_signs,0.37985464930534363,3308.983154296875,131.9054412841797,3412.6396484375,260.4577331542969,3360.8114013671875,196.18158721923828,103.656494140625,128.5522918701172
IMG_0048.mp4,595,19.833333333333332,30.0,101,2,traffic_signs,0.5404956936836243,3308.423583984375,126.82669067382812,3411.665283203125,258.640869140625,3360.04443359375,192.73377990722656,103.24169921875,131.81417846679688
IMG_0048.mp4,608,20.266666666666666,30.0,109,1,traffic_lights,0.7037306427955627,1432.2735595703125,1276.6422119140625,1502.7333984375,1348.977783203125,1467.5034790039062,1312.8099975585938,70.4598388671875,72.3355712890625
IMG_0048.mp4,609,20.3,30.0,109,1,traffic_lights,0.6721356511116028,1425.514404296875,1276.4664306640625,1494.699462890625,1349.6697998046875,1460.10693359375,1313.068115234375,69.18505859375,73.203369140625
IMG_0048.mp4,610,20.333333333333332,30.0,109,1,traffic_lights,0.751304030418396,1418.7467041015625,1279.3668212890625,1489.2725830078125,1350.9210205078125,1454.0096435546875,1315.1439208984375,70.52587890625,71.55419921875
IMG_0048.mp4,611,20.366666666666667,30.0,109,1,traffic_lights,0.767166256904602,1413.2623291015625,1275.7779541015625,1482.620849609375,1342.573486328125,1447.9415893554688,1309.1757202148438,69.3585205078125,66.7955322265625
IMG_0048.mp4,612,20.4,30.0,109,1,traffic_lights,0.7323664426803589,1406.5927734375,1272.5567626953125,1477.14306640625,1338.1029052734375,1441.867919921875,1305.329833984375,70.55029296875,65.546142578125
IMG_0048.mp4,613,20.433333333333334,30.0,109,1,traffic_lights,0.2659883499145508,1397.17333984375,1271.659912109375,1471.3834228515625,1335.5816650390625,1434.2783813476562,1303.6207885742188,74.2100830078125,63.9217529296875
IMG_0048.mp4,614,20.466666666666665,30.0,109,1,traffic_lights,0.39111652970314026,1392.2855224609375,1272.2723388671875,1465.145751953125,1331.20068359375,1428.7156372070312,1301.7365112304688,72.8602294921875,58.9283447265625
IMG_0048.mp4,615,20.5,30.0,109,1,traffic_lights,0.4541744887828827,1382.9395751953125,1270.00390625,1458.996337890625,1334.1258544921875,1420.9679565429688,1302.0648803710938,76.0567626953125,64.1219482421875
IMG_0048.mp4,615,20.5,30.0,110,1,traffic_lights,0.42359891533851624,1386.9486083984375,1270.39892578125,1459.0953369140625,1317.9757080078125,1423.02197265625,1294.1873168945312,72.146728515625,47.5767822265625
IMG_0048.mp4,616,20.533333333333335,30.0,109,1,traffic_lights,0.8219619393348694,1376.4322509765625,1265.15185546875,1452.396484375,1335.1318359375,1414.4143676757812,1300.141845703125,75.9642333984375,69.97998046875
IMG_0048.mp4,617,20.566666666666666,30.0,109,1,traffic_lights,0.697117805480957,1370.4971923828125,1263.5068359375,1446.3880615234375,1334.641357421875,1408.442626953125,1299.0740966796875,75.890869140625,71.134521484375
IMG_0048.mp4,618,20.6,30.0,110,1,traffic_lights,0.3455774486064911,1368.159912109375,1265.5814208984375,1441.831298828125,1313.9056396484375,1404.99560546875,1289.7435302734375,73.67138671875,48.32421875
IMG_0048.mp4,619,20.633333333333333,30.0,110,1,traffic_lights,0.5392147302627563,1361.498779296875,1263.734130859375,1435.98095703125,1318.2086181640625,1398.7398681640625,1290.9713745117188,74.482177734375,54.4744873046875
IMG_0048.mp4,620,20.666666666666668,30.0,109,1,traffic_lights,0.5902437567710876,1352.8211669921875,1261.294921875,1427.848388671875,1329.26220703125,1390.3347778320312,1295.278564453125,75.0272216796875,67.96728515625
IMG_0048.mp4,621,20.7,30.0,109,1,traffic_lights,0.6480622887611389,1347.2271728515625,1260.572509765625,1421.72314453125,1324.70947265625,1384.4751586914062,1292.6409912109375,74.4959716796875,64.136962890625
IMG_0048.mp4,622,20.733333333333334,30.0,109,1,traffic_lights,0.787657618522644,1340.415771484375,1260.5172119140625,1415.262939453125,1326.9617919921875,1377.83935546875,1293.739501953125,74.84716796875,66.444580078125
IMG_0048.mp4,623,20.766666666666666,30.0,109,1,traffic_lights,0.8448672890663147,1334.353271484375,1259.0657958984375,1407.0731201171875,1327.1243896484375,1370.7131958007812,1293.0950927734375,72.7198486328125,68.05859375
IMG_0048.mp4,624,20.8,30.0,109,1,traffic_lights,0.5776672959327698,1326.95849609375,1256.165771484375,1402.048583984375,1325.9482421875,1364.5035400390625,1291.0570068359375,75.090087890625,69.782470703125
IMG_0048.mp4,625,20.833333333333332,30.0,109,1,traffic_lights,0.5186059474945068,1318.323486328125,1256.5799560546875,1394.46240234375,1321.4595947265625,1356.3929443359375,1289.019775390625,76.138916015625,64.879638671875
IMG_0048.mp4,627,20.9,30.0,109,1,traffic_lights,0.6283470392227173,1307.647216796875,1253.5213623046875,1383.361328125,1322.260498046875,1345.5042724609375,1287.8909301757812,75.714111328125,68.7391357421875
IMG_0048.mp4,628,20.933333333333334,30.0,109,1,traffic_lights,0.5980900526046753,1300.8038330078125,1251.78564453125,1376.655517578125,1323.5032958984375,1338.7296752929688,1287.6444702148438,75.8516845703125,71.7176513671875
IMG_0048.mp4,629,20.966666666666665,30.0,109,1,traffic_lights,0.4579949975013733,1294.9356689453125,1250.574951171875,1371.7978515625,1322.20947265625,1333.3667602539062,1286.3922119140625,76.8621826171875,71.634521484375
IMG_0048.mp4,630,21.0,30.0,109,1,traffic_lights,0.2630886733531952,1286.8863525390625,1247.7083740234375,1366.214599609375,1319.8297119140625,1326.5504760742188,1283.76904296875,79.3282470703125,72.121337890625
IMG_0048.mp4,631,21.033333333333335,30.0,109,1,traffic_lights,0.2899704873561859,1277.2498779296875,1243.233154296875,1361.60791015625,1320.3818359375,1319.4288940429688,1281.8074951171875,84.3580322265625,77.148681640625
IMG_0048.mp4,633,21.1,30.0,109,1,traffic_lights,0.5574710369110107,1270.683349609375,1239.3575439453125,1354.5247802734375,1317.1934814453125,1312.6040649414062,1278.2755126953125,83.8414306640625,77.8359375
IMG_0048.mp4,636,21.2,30.0,109,1,traffic_lights,0.26609161496162415,1256.472900390625,1234.4110107421875,1332.211181640625,1307.361328125,1294.342041015625,1270.8861694335938,75.73828125,72.9503173828125
IMG_0048.mp4,637,21.233333333333334,30.0,109,1,traffic_lights,0.34570956230163574,1251.1343994140625,1232.443115234375,1328.5689697265625,1303.7742919921875,1289.8516845703125,1268.1087036132812,77.4345703125,71.3311767578125
IMG_0048.mp4,639,21.3,30.0,109,1,traffic_lights,0.43260103464126587,1241.8353271484375,1227.9031982421875,1317.0081787109375,1302.15966796875,1279.4217529296875,1265.0314331054688,75.1728515625,74.2564697265625
IMG_0048.mp4,641,21.366666666666667,30.0,109,1,traffic_lights,0.3206331729888916,1229.0745849609375,1230.592041015625,1305.55224609375,1303.2723388671875,1267.3134155273438,1266.9321899414062,76.4776611328125,72.6802978515625
IMG_0048.mp4,658,21.933333333333334,30.0,109,1,traffic_lights,0.31187522411346436,1132.11865234375,1225.52197265625,1212.305419921875,1280.286376953125,1172.2120361328125,1252.9041748046875,80.186767578125,54.764404296875
IMG_0048.mp4,662,22.066666666666666,30.0,109,1,traffic_lights,0.38169074058532715,1103.02099609375,1195.0552978515625,1193.8792724609375,1275.2451171875,1148.4501342773438,1235.1502075195312,90.8582763671875,80.1898193359375
IMG_0048.mp4,664,22.133333333333333,30.0,109,1,traffic_lights,0.5057039260864258,1088.672119140625,1186.841552734375,1179.197509765625,1271.9869384765625,1133.934814453125,1229.4142456054688,90.525390625,85.1453857421875
IMG_0048.mp4,665,22.166666666666668,30.0,109,1,traffic_lights,0.4811916947364807,1082.2696533203125,1185.8128662109375,1172.992431640625,1269.7376708984375,1127.6310424804688,1227.7752685546875,90.7227783203125,83.9248046875
IMG_0048.mp4,667,22.233333333333334,30.0,109,1,traffic_lights,0.32543647289276123,1072.73046875,1183.9537353515625,1160.4625244140625,1258.0306396484375,1116.5964965820312,1220.9921875,87.7320556640625,74.076904296875
IMG_0048.mp4,707,23.566666666666666,30.0,129,0,auth_label,0.49927791953086853,3750.958251953125,1021.8341674804688,3837.095947265625,1677.77783203125,3794.027099609375,1349.8059997558594,86.1376953125,655.9436645507812
IMG_0048.mp4,708,23.6,30.0,129,0,auth_label,0.4778267443180084,3738.282958984375,1002.4619140625,3835.87255859375,1678.6724853515625,3787.0777587890625,1340.5671997070312,97.589599609375,676.2105712890625
IMG_0048.mp4,719,23.966666666666665,30.0,136,1,traffic_lights,0.3826727569103241,3539.005859375,1523.37451171875,3649.40673828125,1574.510009765625,3594.206298828125,1548.9422607421875,110.40087890625,51.135498046875
IMG_0048.mp4,720,24.0,30.0,136,1,traffic_lights,0.5978174805641174,3519.98486328125,1522.094482421875,3632.266845703125,1573.7823486328125,3576.1258544921875,1547.9384155273438,112.281982421875,51.6878662109375
IMG_0048.mp4,721,24.033333333333335,30.0,136,1,traffic_lights,0.28185468912124634,3494.052978515625,1519.9248046875,3611.436279296875,1572.2396240234375,3552.74462890625,1546.0822143554688,117.38330078125,52.3148193359375
IMG_0048.mp4,728,24.266666666666666,30.0,136,1,traffic_lights,0.2808917462825775,3363.29931640625,1505.3907470703125,3484.791748046875,1556.669677734375,3424.0455322265625,1531.0302124023438,121.492431640625,51.2789306640625
IMG_0048.mp4,731,24.366666666666667,30.0,144,1,traffic_lights,0.7805697321891785,3776.2763671875,691.47314453125,3835.93798828125,901.8138427734375,3806.107177734375,796.6434936523438,59.66162109375,210.3406982421875
IMG_0048.mp4,732,24.4,30.0,136,1,traffic_lights,0.33197200298309326,3287.115234375,1500.2611083984375,3402.56103515625,1548.32080078125,3344.838134765625,1524.2909545898438,115.44580078125,48.0596923828125
IMG_0048.mp4,733,24.433333333333334,30.0,136,1,traffic_lights,0.599216103553772,3267.875244140625,1498.34228515625,3384.165771484375,1546.57177734375,3326.0205078125,1522.45703125,116.29052734375,48.2294921875
IMG_0048.mp4,738,24.6,30.0,146,2,traffic_signs,0.8213738203048706,3749.833740234375,1373.995849609375,3823.662109375,1507.2437744140625,3786.7479248046875,1440.6198120117188,73.828369140625,133.2479248046875
IMG_0048.mp4,739,24.633333333333333,30.0,146,2,traffic_signs,0.8571062088012695,3728.5732421875,1369.4105224609375,3804.373779296875,1506.30810546875,3766.4735107421875,1437.8593139648438,75.800537109375,136.8975830078125
IMG_0048.mp4,740,24.666666666666668,30.0,146,2,traffic_signs,0.8105083107948303,3706.195068359375,1364.7288818359375,3783.228271484375,1504.846435546875,3744.711669921875,1434.7876586914062,77.033203125,140.1175537109375
IMG_0048.mp4,741,24.7,30.0,146,2,traffic_signs,0.7050303816795349,3685.338134765625,1361.43798828125,3761.2646484375,1501.0872802734375,3723.3013916015625,1431.2626342773438,75.926513671875,139.6492919921875
IMG_0048.mp4,742,24.733333333333334,30.0,146,2,traffic_signs,0.8570590019226074,3661.8837890625,1358.2479248046875,3736.520751953125,1498.341064453125,3699.2022705078125,1428.2944946289062,74.636962890625,140.0931396484375
IMG_0048.mp4,742,24.733333333333334,30.0,136,1,traffic_lights,0.40969353914260864,3092.92236328125,1485.11279296875,3206.6845703125,1530.830078125,3149.803466796875,1507.971435546875,113.76220703125,45.71728515625
IMG_0048.mp4,743,24.766666666666666,30.0,146,2,traffic_signs,0.8659794926643372,3638.46484375,1353.2840576171875,3712.438232421875,1497.0946044921875,3675.4515380859375,1425.1893310546875,73.973388671875,143.810546875
IMG_0048.mp4,743,24.766666666666666,30.0,136,1,traffic_lights,0.6988385319709778,3074.813720703125,1481.89990234375,3186.074462890625,1527.4278564453125,3130.444091796875,1504.6638793945312,111.2607421875,45.5279541015625
IMG_0048.mp4,744,24.8,30.0,146,2,traffic_signs,0.859000027179718,3616.80615234375,1347.4676513671875,3691.22998046875,1495.515869140625,3654.01806640625,1421.4917602539062,74.423828125,148.0482177734375
IMG_0048.mp4,744,24.8,30.0,136,1,traffic_lights,0.7320818305015564,3055.835693359375,1480.9119873046875,3166.691162109375,1527.6136474609375,3111.263427734375,1504.2628173828125,110.85546875,46.70166015625
IMG_0048.mp4,745,24.833333333333332,30.0,146,2,traffic_signs,0.8071942329406738,3592.889892578125,1345.354736328125,3668.610107421875,1492.627685546875,3630.75,1418.9912109375,75.72021484375,147.27294921875
IMG_0048.mp4,745,24.833333333333332,30.0,136,1,traffic_lights,0.6352542638778687,3035.384521484375,1479.035888671875,3146.347900390625,1526.510009765625,3090.8662109375,1502.77294921875,110.96337890625,47.47412109375
IMG_0048.mp4,746,24.866666666666667,30.0,146,2,traffic_signs,0.8535204529762268,3571.716796875,1344.3094482421875,3645.938720703125,1490.958251953125,3608.8277587890625,1417.6338500976562,74.221923828125,146.6488037109375
IMG_0048.mp4,746,24.866666666666667,30.0,136,1,traffic_lights,0.680864691734314,3016.044677734375,1476.3848876953125,3124.51513671875,1527.331787109375,3070.2799072265625,1501.8583374023438,108.470458984375,50.9468994140625
IMG_0048.mp4,747,24.9,30.0,146,2,traffic_signs,0.8732219934463501,3550.80224609375,1343.63330078125,3624.03515625,1489.746337890625,3587.418701171875,1416.6898193359375,73.23291015625,146.113037109375
IMG_0048.mp4,747,24.9,30.0,136,1,traffic_lights,0.5267942547798157,2996.809814453125,1476.2989501953125,3105.52783203125,1525.544921875,3051.1688232421875,1500.9219360351562,108.718017578125,49.2459716796875
IMG_0048.mp4,748,24.933333333333334,30.0,146,2,traffic_signs,0.8477197885513306,3530.04345703125,1343.6630859375,3602.353759765625,1488.59326171875,3566.1986083984375,1416.128173828125,72.310302734375,144.93017578125
IMG_0048.mp4,748,24.933333333333334,30.0,136,1,traffic_lights,0.6947097778320312,2980.77490234375,1474.8675537109375,3084.97021484375,1522.4248046875,3032.87255859375,1498.6461791992188,104.1953125,47.5572509765625
IMG_0048.mp4,749,24.966666666666665,30.0,146,2,traffic_signs,0.801227331161499,3510.546875,1339.6925048828125,3584.258544921875,1488.940185546875,3547.4027099609375,1414.3163452148438,73.711669921875,149.2476806640625
IMG_0048.mp4,749,24.966666666666665,30.0,136,1,traffic_lights,0.660033106803894,2964.065185546875,1473.9739990234375,3065.385986328125,1522.3768310546875,3014.7255859375,1498.1754150390625,101.32080078125,48.40283203125
IMG_0048.mp4,750,25.0,30.0,146,2,traffic_signs,0.8699838519096375,3489.35302734375,1342.603515625,3562.586181640625,1487.6170654296875,3525.9696044921875,1415.1102905273438,73.233154296875,145.0135498046875
IMG_0048.mp4,750,25.0,30.0,136,1,traffic_lights,0.6677943468093872,2945.24951171875,1472.512939453125,3047.568359375,1522.443359375,2996.408935546875,1497.4781494140625,102.31884765625,49.930419921875
IMG_0048.mp4,751,25.033333333333335,30.0,146,2,traffic_signs,0.777302622795105,3469.774169921875,1342.269287109375,3541.501220703125,1486.749267578125,3505.6376953125,1414.50927734375,71.72705078125,144.47998046875
IMG_0048.mp4,751,25.033333333333335,30.0,136,1,traffic_lights,0.4140723943710327,2924.95703125,1471.712890625,3032.12744140625,1520.36279296875,2978.542236328125,1496.037841796875,107.17041015625,48.64990234375
IMG_0048.mp4,752,25.066666666666666,30.0,146,2,traffic_signs,0.7435632348060608,3449.174560546875,1341.8311767578125,3521.27880859375,1486.6400146484375,3485.2266845703125,1414.235595703125,72.104248046875,144.808837890625
IMG_0048.mp4,752,25.066666666666666,30.0,136,1,traffic_lights,0.2802858352661133,2908.05224609375,1472.5819091796875,3014.663330078125,1519.585693359375,2961.3577880859375,1496.0838012695312,106.611083984375,47.0037841796875
IMG_0048.mp4,753,25.1,30.0,146,2,traffic_signs,0.817670464515686,3426.802001953125,1340.0623779296875,3499.541748046875,1484.03125,3463.171875,1412.0468139648438,72.73974609375,143.9688720703125
IMG_0048.mp4,753,25.1,30.0,136,1,traffic_lights,0.4140660762786865,2888.724853515625,1471.1588134765625,2995.885009765625,1518.6082763671875,2942.304931640625,1494.883544921875,107.16015625,47.449462890625
IMG_0048.mp4,754,25.133333333333333,30.0,146,2,traffic_signs,0.8116955161094666,3407.45654296875,1337.643798828125,3480.36083984375,1481.8651123046875,3443.90869140625,1409.7544555664062,72.904296875,144.2213134765625
IMG_0048.mp4,754,25.133333333333333,30.0,136,1,traffic_lights,0.3485546112060547,2870.19091796875,1470.263671875,2972.54052734375,1518.5902099609375,2921.36572265625,1494.4269409179688,102.349609375,48.3265380859375
IMG_0048.mp4,755,25.166666666666668,30.0,146,2,traffic_signs,0.8615732789039612,3387.567626953125,1341.4000244140625,3459.9140625,1481.0245361328125,3423.7408447265625,1411.2122802734375,72.346435546875,139.62451171875
IMG_0048.mp4,755,25.166666666666668,30.0,136,1,traffic_lights,0.28954869508743286,2851.23876953125,1468.0078125,2953.833984375,1519.8922119140625,2902.536376953125,1493.9500122070312,102.59521484375,51.8843994140625
IMG_0048.mp4,756,25.2,30.0,146,2,traffic_signs,0.890733003616333,3368.17919921875,1338.303955078125,3438.842041015625,1479.23095703125,3403.5106201171875,1408.7674560546875,70.662841796875,140.927001953125
IMG_0048.mp4,757,25.233333333333334,30.0,146,2,traffic_signs,0.8616055250167847,3349.43310546875,1333.6787109375,3419.34326171875,1480.32568359375,3384.38818359375,1407.002197265625,69.91015625,146.64697265625
IMG_0048.mp4,758,25.266666666666666,30.0,146,2,traffic_signs,0.8049092292785645,3329.379150390625,1330.164306640625,3400.4560546875,1477.94970703125,3364.9176025390625,1404.0570068359375,71.076904296875,147.785400390625
IMG_0048.mp4,758,25.266666666666666,30.0,154,2,traffic_signs,0.5689794421195984,3615.7373046875,678.8419799804688,3835.726318359375,1087.917236328125,3725.7318115234375,883.3796081542969,219.989013671875,409.07525634765625
IMG_0048.mp4,759,25.3,30.0,146,2,traffic_signs,0.8465292453765869,3310.026123046875,1329.352294921875,3381.00390625,1476.6026611328125,3345.5150146484375,1402.9774780273438,70.977783203125,147.2503662109375
IMG_0048.mp4,760,25.333333333333332,30.0,146,2,traffic_signs,0.8636602163314819,3291.572998046875,1326.7164306640625,3361.8076171875,1476.5185546875,3326.6903076171875,1401.6174926757812,70.234619140625,149.8021240234375
IMG_0048.mp4,761,25.366666666666667,30.0,146,2,traffic_signs,0.8853799700737,3272.14208984375,1326.7584228515625,3341.68115234375,1473.48779296875,3306.91162109375,1400.1231079101562,69.5390625,146.7293701171875
IMG_0048.mp4,761,25.366666666666667,30.0,154,2,traffic_signs,0.40887269377708435,3544.166748046875,648.00146484375,3836.196044921875,1076.3741455078125,3690.181396484375,862.1878051757812,292.029296875,428.3726806640625
IMG_0048.mp4,762,25.4,30.0,146,2,traffic_signs,0.8299971222877502,3255.263671875,1326.343994140625,3322.906982421875,1473.8067626953125,3289.0853271484375,1400.0753784179688,67.643310546875,147.4627685546875
IMG_0048.mp4,763,25.433333333333334,30.0,146,2,traffic_signs,0.8611377477645874,3236.122802734375,1322.6142578125,3305.9462890625,1473.1719970703125,3271.0345458984375,1397.8931274414062,69.823486328125,150.5577392578125
IMG_0048.mp4,764,25.466666666666665,30.0,146,2,traffic_signs,0.8873628377914429,3216.256103515625,1320.658447265625,3286.361083984375,1470.995849609375,3251.30859375,1395.8271484375,70.10498046875,150.33740234375
IMG_0048.mp4,765,25.5,30.0,146,2,traffic_signs,0.8676291108131409,3198.832275390625,1318.8291015625,3269.169677734375,1470.9591064453125,3234.0009765625,1394.8941040039062,70.33740234375,152.1300048828125
IMG_0048.mp4,766,25.533333333333335,30.0,146,2,traffic_signs,0.807186484336853,3180.9384765625,1316.888916015625,3250.748046875,1469.061279296875,3215.84326171875,1392.97509765625,69.8095703125,152.17236328125
IMG_0048.mp4,766,25.533333333333335,30.0,136,1,traffic_lights,0.4095800518989563,2659.110107421875,1453.405029296875,2757.345703125,1501.3760986328125,2708.2279052734375,1477.3905639648438,98.235595703125,47.9710693359375
IMG_0048.mp4,767,25.566666666666666,30.0,146,2,traffic_signs,0.8837553858757019,3162.2861328125,1319.466552734375,3231.698486328125,1468.5950927734375,3196.9923095703125,1394.0308227539062,69.412353515625,149.1285400390625
IMG_0048.mp4,767,25.566666666666666,30.0,136,1,traffic_lights,0.26031821966171265,2643.69287109375,1452.0545654296875,2740.418701171875,1498.7333984375,2692.0557861328125,1475.3939819335938,96.725830078125,46.6788330078125
IMG_0048.mp4,768,25.6,30.0,146,2,traffic_signs,0.8753939867019653,3145.71923828125,1317.219970703125,3214.592529296875,1467.26611328125,3180.1558837890625,1392.2430419921875,68.873291015625,150.046142578125
IMG_0048.mp4,769,25.633333333333333,30.0,146,2,traffic_signs,0.8718985319137573,3127.963623046875,1316.08837890625,3197.22607421875,1465.71630859375,3162.5948486328125,1390.90234375,69.262451171875,149.6279296875
IMG_0048.mp4,770,25.666666666666668,30.0,146,2,traffic_signs,0.8681433796882629,3111.29833984375,1314.1221923828125,3179.760986328125,1466.11328125,3145.5296630859375,1390.1177368164062,68.462646484375,151.9910888671875
IMG_0048.mp4,771,25.7,30.0,146,2,traffic_signs,0.8799099922180176,3093.6689453125,1313.9588623046875,3162.29541015625,1465.624755859375,3127.982177734375,1389.7918090820312,68.62646484375,151.6658935546875
IMG_0048.mp4,772,25.733333333333334,30.0,146,2,traffic_signs,0.8863321542739868,3076.908447265625,1311.376220703125,3144.55419921875,1464.0665283203125,3110.7313232421875,1387.7213745117188,67.645751953125,152.6903076171875
IMG_0048.mp4,773,25.766666666666666,30.0,146,2,traffic_signs,0.25841715931892395,3061.203369140625,1312.3189697265625,3128.14111328125,1464.7308349609375,3094.6722412109375,1388.52490234375,66.937744140625,152.411865234375
IMG_0048.mp4,774,25.8,30.0,146,2,traffic_signs,0.8688924312591553,3043.11767578125,1312.6229248046875,3113.064208984375,1463.568359375,3078.0909423828125,1388.0956420898438,69.946533203125,150.9454345703125
IMG_0048.mp4,775,25.833333333333332,30.0,146,2,traffic_signs,0.8825163245201111,3026.830810546875,1313.0084228515625,3096.63427734375,1461.60986328125,3061.7325439453125,1387.3091430664062,69.803466796875,148.6014404296875
IMG_0048.mp4,776,25.866666666666667,30.0,146,2,traffic_signs,0.8121144771575928,3011.59619140625,1315.12451171875,3080.114990234375,1462.631591796875,3045.8555908203125,1388.8780517578125,68.518798828125,147.507080078125
IMG_0048.mp4,777,25.9,30.0,146,2,traffic_signs,0.8832200765609741,2995.388427734375,1310.9844970703125,3063.77294921875,1460.4368896484375,3029.5806884765625,1385.710693359375,68.384521484375,149.452392578125
IMG_0048.mp4,778,25.933333333333334,30.0,146,2,traffic_signs,0.9233494997024536,2981.653076171875,1309.6234130859375,3047.935302734375,1459.148193359375,3014.794189453125,1384.3858032226562,66.2822265625,149.5247802734375
IMG_0048.mp4,778,25.933333333333334,30.0,136,1,traffic_lights,0.26019489765167236,2469.406494140625,1436.9029541015625,2564.552490234375,1487.4503173828125,2516.9794921875,1462.1766357421875,95.14599609375,50.54736328125
IMG_0048.mp4,779,25.966666666666665,30.0,146,2,traffic_signs,0.8789163827896118,2966.888671875,1306.8648681640625,3031.661865234375,1460.3870849609375,2999.2752685546875,1383.6259765625,64.773193359375,153.522216796875
IMG_0048.mp4,780,26.0,30.0,146,2,traffic_signs,0.8562679290771484,2950.17431640625,1307.7503662109375,3017.71630859375,1458.3905029296875,2983.9453125,1383.0704345703125,67.5419921875,150.64013671875
IMG_0048.mp4,781,26.033333333333335,30.0,146,2,traffic_signs,0.8881242275238037,2936.317626953125,1309.4283447265625,3003.908203125,1457.044189453125,2970.1129150390625,1383.2362670898438,67.590576171875,147.6158447265625
IMG_0048.mp4,782,26.066666666666666,30.0,146,2,traffic_signs,0.7816224098205566,2921.407470703125,1309.85205078125,2989.54248046875,1457.2022705078125,2955.4749755859375,1383.5271606445312,68.135009765625,147.3502197265625
IMG_0048.mp4,783,26.1,30.0,146,2,traffic_signs,0.8949751853942871,2906.27880859375,1312.060302734375,2974.53173828125,1456.035400390625,2940.4052734375,1384.0478515625,68.2529296875,143.97509765625
IMG_0048.mp4,784,26.133333333333333,30.0,146,2,traffic_signs,0.47299274802207947,2893.228271484375,1310.234619140625,2959.083984375,1455.64599609375,2926.1561279296875,1382.9403076171875,65.855712890625,145.411376953125
IMG_0048.mp4,784,26.133333333333333,30.0,136,1,traffic_lights,0.3239736258983612,2389.885009765625,1433.6990966796875,2479.344970703125,1484.5267333984375,2434.614990234375,1459.1129150390625,89.4599609375,50.82763671875
IMG_0048.mp4,785,26.166666666666668,30.0,146,2,traffic_signs,0.82557213306427,2879.62744140625,1311.9454345703125,2946.094482421875,1455.8568115234375,2912.8609619140625,1383.901123046875,66.467041015625,143.911376953125
IMG_0048.mp4,785,26.166666666666668,30.0,136,1,traffic_lights,0.4048003554344177,2376.245849609375,1431.5400390625,2467.767333984375,1483.5703125,2422.006591796875,1457.55517578125,91.521484375,52.0302734375
IMG_0048.mp4,786,26.2,30.0,146,2,traffic_signs,0.9148228168487549,2865.2529296875,1311.7938232421875,2930.890869140625,1457.267822265625,2898.0718994140625,1384.5308227539062,65.637939453125,145.4739990234375
IMG_0048.mp4,786,26.2,30.0,136,1,traffic_lights,0.32875531911849976,2367.64599609375,1432.52197265625,2454.35498046875,1483.0201416015625,2411.00048828125,1457.7710571289062,86.708984375,50.4981689453125
IMG_0048.mp4,787,26.233333333333334,30.0,146,2,traffic_signs,0.9022982120513916,2852.0244140625,1311.4632568359375,2922.07177734375,1455.512451171875,2887.048095703125,1383.4878540039062,70.04736328125,144.0491943359375
IMG_0048.mp4,787,26.233333333333334,30.0,136,1,traffic_lights,0.37874022126197815,2352.817626953125,1431.5650634765625,2444.7939453125,1482.4105224609375,2398.8057861328125,1456.98779296875,91.976318359375,50.845458984375
IMG_0048.mp4,788,26.266666666666666,30.0,146,2,traffic_signs,0.8878570199012756,2838.237060546875,1313.010009765625,2907.416748046875,1454.9906005859375,2872.826904296875,1384.0003051757812,69.1796875,141.9805908203125
IMG_0048.mp4,789,26.3,30.0,146,2,traffic_signs,0.8572974801063538,2825.6103515625,1308.5972900390625,2896.53564453125,1455.046142578125,2861.072998046875,1381.8217163085938,70.92529296875,146.4488525390625
IMG_0048.mp4,789,26.3,30.0,136,1,traffic_lights,0.34987473487854004,2328.137939453125,1430.5928955078125,2420.1826171875,1482.496337890625,2374.1602783203125,1456.5446166992188,92.044677734375,51.9034423828125
IMG_0048.mp4,790,26.333333333333332,30.0,146,2,traffic_signs,0.9183230996131897,2812.22900390625,1308.10888671875,2881.9072265625,1453.8482666015625,2847.068115234375,1380.9785766601562,69.67822265625,145.7393798828125
IMG_0048.mp4,790,26.333333333333332,30.0,136,1,traffic_lights,0.44152557849884033,2319.51318359375,1431.889892578125,2405.81640625,1481.4263916015625,2362.664794921875,1456.6581420898438,86.30322265625,49.5364990234375
IMG_0048.mp4,791,26.366666666666667,30.0,146,2,traffic_signs,0.8950826525688171,2799.349609375,1305.4024658203125,2868.491943359375,1452.9720458984375,2833.9207763671875,1379.187255859375,69.142333984375,147.569580078125
IMG_0048.mp4,791,26.366666666666667,30.0,136,1,traffic_lights,0.5163871049880981,2304.66552734375,1432.03857421875,2394.2626953125,1480.2110595703125,2349.464111328125,1456.1248168945312,89.59716796875,48.1724853515625
IMG_0048.mp4,792,26.4,30.0,146,2,traffic_signs,0.9044537544250488,2788.74267578125,1307.0263671875,2856.19580078125,1455.536376953125,2822.46923828125,1381.2813720703125,67.453125,148.510009765625
IMG_0048.mp4,792,26.4,30.0,136,1,traffic_lights,0.5433699488639832,2293.954833984375,1431.76025390625,2383.133056640625,1480.6390380859375,2338.5439453125,1456.1996459960938,89.17822265625,48.8787841796875
IMG_0048.mp4,793,26.433333333333334,30.0,146,2,traffic_signs,0.8922566771507263,2776.73193359375,1305.009765625,2841.167724609375,1455.3079833984375,2808.9498291015625,1380.1588745117188,64.435791015625,150.2982177734375
IMG_0048.mp4,793,26.433333333333334,30.0,136,1,traffic_lights,0.4386473596096039,2280.789306640625,1430.04931640625,2371.162353515625,1478.7559814453125,2325.975830078125,1454.4026489257812,90.373046875,48.7066650390625
IMG_0048.mp4,794,26.466666666666665,30.0,146,2,traffic_signs,0.9159032702445984,2763.692138671875,1306.61279296875,2830.9091796875,1454.6151123046875,2797.3006591796875,1380.6139526367188,67.217041015625,148.0023193359375
IMG_0048.mp4,794,26.466666666666665,30.0,136,1,traffic_lights,0.4860096871852875,2270.871826171875,1429.7393798828125,2359.12548828125,1479.3665771484375,2314.9986572265625,1454.552978515625,88.253662109375,49.627197265625
IMG_0048.mp4,795,26.5,30.0,146,2,traffic_signs,0.8955370187759399,2753.421142578125,1305.0543212890625,2823.29345703125,1453.6470947265625,2788.3572998046875,1379.3507080078125,69.872314453125,148.5927734375
IMG_0048.mp4,795,26.5,30.0,136,1,traffic_lights,0.5114797353744507,2258.9501953125,1428.1104736328125,2349.917236328125,1479.67724609375,2304.4337158203125,1453.8938598632812,90.967041015625,51.5667724609375
IMG_0048.mp4,796,26.533333333333335,30.0,146,2,traffic_signs,0.8928421139717102,2741.16943359375,1301.184814453125,2810.50634765625,1454.9521484375,2775.837890625,1378.0684814453125,69.3369140625,153.767333984375
IMG_0048.mp4,796,26.533333333333335,30.0,136,1,traffic_lights,0.27775490283966064,2249.790771484375,1430.2257080078125,2339.9677734375,1480.5538330078125,2294.8792724609375,1455.3897705078125,90.177001953125,50.328125
IMG_0048.mp4,797,26.566666666666666,30.0,146,2,traffic_signs,0.8808201551437378,2730.480712890625,1301.1724853515625,2799.091552734375,1455.680419921875,2764.7861328125,1378.4264526367188,68.61083984375,154.5079345703125
IMG_0048.mp4,798,26.6,30.0,146,2,traffic_signs,0.8961712121963501,2719.390380859375,1300.40869140625,2788.096923828125,1455.88037109375,2753.74365234375,1378.14453125,68.70654296875,155.4716796875
IMG_0048.mp4,798,26.6,30.0,136,1,traffic_lights,0.29056164622306824,2230.74169921875,1429.2392578125,2319.966064453125,1479.2113037109375,2275.3538818359375,1454.2252807617188,89.224365234375,49.9720458984375
IMG_0048.mp4,799,26.633333333333333,30.0,146,2,traffic_signs,0.8987681269645691,2708.270263671875,1300.140625,2777.393798828125,1456.9398193359375,2742.83203125,1378.5402221679688,69.12353515625,156.7991943359375
IMG_0048.mp4,799,26.633333333333333,30.0,136,1,traffic_lights,0.4840315878391266,2225.306640625,1428.8597412109375,2308.156005859375,1479.0242919921875,2266.7313232421875,1453.9420166015625,82.849365234375,50.16455078125
IMG_0048.mp4,800,26.666666666666668,30.0,146,2,traffic_signs,0.9038605690002441,2700.31396484375,1298.5869140625,2765.58056640625,1455.298583984375,2732.947265625,1376.9427490234375,65.2666015625,156.711669921875
IMG_0048.mp4,800,26.666666666666668,30.0,136,1,traffic_lights,0.30841749906539917,2216.5009765625,1428.3636474609375,2299.520263671875,1479.5775146484375,2258.0106201171875,1453.9705810546875,83.019287109375,51.2138671875
IMG_0048.mp4,801,26.7,30.0,146,2,traffic_signs,0.8887159824371338,2690.968994140625,1295.0684814453125,2757.8525390625,1457.977294921875,2724.4107666015625,1376.5228881835938,66.883544921875,162.9088134765625
IMG_0048.mp4,801,26.7,30.0,136,1,traffic_lights,0.28589755296707153,2206.15283203125,1428.8682861328125,2289.647705078125,1480.5731201171875,2247.9002685546875,1454.720703125,83.494873046875,51.704833984375
IMG_0048.mp4,802,26.733333333333334,30.0,146,2,traffic_signs,0.8894808888435364,2680.447509765625,1294.48583984375,2747.112060546875,1459.3154296875,2713.77978515625,1376.900634765625,66.66455078125,164.82958984375
IMG_0048.mp4,802,26.733333333333334,30.0,136,1,traffic_lights,0.3280338644981384,2195.3623046875,1428.9688720703125,2279.09033203125,1479.3017578125,2237.226318359375,1454.1353149414062,83.72802734375,50.3328857421875
IMG_0048.mp4,803,26.766666666666666,30.0,146,2,traffic_signs,0.8994207978248596,2671.64208984375,1294.7598876953125,2737.936767578125,1459.503173828125,2704.7894287109375,1377.1315307617188,66.294677734375,164.7432861328125
IMG_0048.mp4,803,26.766666666666666,30.0,136,1,traffic_lights,0.338218629360199,2185.1298828125,1427.786376953125,2271.34716796875,1479.45068359375,2228.238525390625,1453.6185302734375,86.21728515625,51.664306640625
IMG_0048.mp4,804,26.8,30.0,146,2,traffic_signs,0.9014511704444885,2661.340087890625,1295.8001708984375,2730.1396484375,1458.0960693359375,2695.7398681640625,1376.9481201171875,68.799560546875,162.2958984375
IMG_0048.mp4,804,26.8,30.0,136,1,traffic_lights,0.6495245099067688,2178.797119140625,1427.937744140625,2262.585693359375,1479.3782958984375,2220.69140625,1453.6580200195312,83.78857421875,51.4405517578125
IMG_0048.mp4,805,26.833333333333332,30.0,146,2,traffic_signs,0.7413740158081055,2653.183349609375,1295.81787109375,2719.431884765625,1457.5333251953125,2686.3076171875,1376.6755981445312,66.24853515625,161.7154541015625
IMG_0048.mp4,805,26.833333333333332,30.0,136,1,traffic_lights,0.6257948279380798,2170.559814453125,1425.938232421875,2255.3828125,1478.0616455078125,2212.9713134765625,1451.9999389648438,84.822998046875,52.1234130859375
IMG_0048.mp4,806,26.866666666666667,30.0,146,2,traffic_signs,0.8520187139511108,2644.970458984375,1292.86669921875,2712.808349609375,1459.2821044921875,2678.889404296875,1376.0744018554688,67.837890625,166.4154052734375
IMG_0048.mp4,806,26.866666666666667,30.0,136,1,traffic_lights,0.6055553555488586,2160.2763671875,1426.3001708984375,2249.76513671875,1478.6961669921875,2205.020751953125,1452.4981689453125,89.48876953125,52.39599609375
IMG_0048.mp4,807,26.9,30.0,146,2,traffic_signs,0.8514372110366821,2635.160888671875,1293.560791015625,2703.646728515625,1458.124267578125,2669.40380859375,1375.842529296875,68.48583984375,164.5634765625
IMG_0048.mp4,807,26.9,30.0,136,1,traffic_lights,0.5406041145324707,2152.821044921875,1428.213134765625,2240.7685546875,1480.1082763671875,2196.7947998046875,1454.1607055664062,87.947509765625,51.8951416015625
IMG_0048.mp4,808,26.933333333333334,30.0,146,2,traffic_signs,0.8866821527481079,2627.247802734375,1294.63525390625,2693.145751953125,1456.0489501953125,2660.19677734375,1375.3421020507812,65.89794921875,161.4136962890625
IMG_0048.mp4,808,26.933333333333334,30.0,136,1,traffic_lights,0.31403830647468567,2145.609619140625,1428.056396484375,2232.404052734375,1479.212646484375,2189.0068359375,1453.634521484375,86.79443359375,51.15625
IMG_0048.mp4,809,26.966666666666665,30.0,146,2,traffic_signs,0.8877383470535278,2619.108642578125,1295.310791015625,2686.0830078125,1456.054443359375,2652.5958251953125,1375.6826171875,66.974365234375,160.74365234375
IMG_0048.mp4,809,26.966666666666665,30.0,136,1,traffic_lights,0.2624172568321228,2136.552001953125,1427.665283203125,2224.14990234375,1479.2747802734375,2180.3509521484375,1453.4700317382812,87.597900390625,51.6094970703125
IMG_0048.mp4,810,27.0,30.0,146,2,traffic_signs,0.867093026638031,2610.870849609375,1295.728271484375,2677.852294921875,1459.9427490234375,2644.361572265625,1377.8355102539062,66.9814453125,164.2144775390625
IMG_0048.mp4,810,27.0,30.0,136,1,traffic_lights,0.487123966217041,2132.714111328125,1427.9774169921875,2214.257568359375,1479.4305419921875,2173.48583984375,1453.7039794921875,81.54345703125,51.453125
IMG_0048.mp4,811,27.033333333333335,30.0,146,2,traffic_signs,0.8326252698898315,2604.566162109375,1296.4586181640625,2668.737548828125,1461.906982421875,2636.65185546875,1379.1828002929688,64.17138671875,165.4483642578125
IMG_0048.mp4,811,27.033333333333335,30.0,136,1,traffic_lights,0.3520834445953369,2127.948486328125,1428.281005859375,2208.911376953125,1479.6533203125,2168.429931640625,1453.9671630859375,80.962890625,51.372314453125
IMG_0048.mp4,812,27.066666666666666,30.0,146,2,traffic_signs,0.7725368738174438,2596.881103515625,1292.0770263671875,2662.494384765625,1466.5638427734375,2629.687744140625,1379.3204345703125,65.61328125,174.48681640625
IMG_0048.mp4,812,27.066666666666666,30.0,136,1,traffic_lights,0.4461548924446106,2118.67041015625,1426.939453125,2202.3388671875,1479.1307373046875,2160.504638671875,1453.0350952148438,83.66845703125,52.1912841796875
IMG_0048.mp4,812,27.066666666666666,30.0,159,2,traffic_signs,0.3669751286506653,2601.91748046875,1285.47900390625,2661.423583984375,1517.6947021484375,2631.6705322265625,1401.5868530273438,59.506103515625,232.2156982421875
IMG_0048.mp4,813,27.1,30.0,146,2,traffic_signs,0.8265295028686523,2590.173828125,1291.547119140625,2656.7021484375,1471.869140625,2623.43798828125,1381.7081298828125,66.5283203125,180.322021484375
IMG_0048.mp4,814,27.133333333333333,30.0,146,2,traffic_signs,0.8118157982826233,2582.827392578125,1292.6221923828125,2646.18359375,1474.63916015625,2614.5054931640625,1383.6306762695312,63.356201171875,182.0169677734375
IMG_0048.mp4,814,27.133333333333333,30.0,159,2,traffic_signs,0.26696309447288513,2585.416259765625,1289.3583984375,2644.824462890625,1510.830078125,2615.120361328125,1400.09423828125,59.408203125,221.4716796875
IMG_0048.mp4,815,27.166666666666668,30.0,146,2,traffic_signs,0.8076380491256714,2574.99609375,1291.59716796875,2640.0078125,1476.986083984375,2607.501953125,1384.2916259765625,65.01171875,185.388916015625
IMG_0048.mp4,815,27.166666666666668,30.0,159,2,traffic_signs,0.30090704560279846,2576.054443359375,1289.701171875,2639.6826171875,1508.0426025390625,2607.8685302734375,1398.8718872070312,63.628173828125,218.3414306640625
IMG_0048.mp4,816,27.2,30.0,146,2,traffic_signs,0.8801395297050476,2569.482177734375,1293.0552978515625,2634.913818359375,1476.6094970703125,2602.197998046875,1384.8323974609375,65.431640625,183.55419921875
IMG_0048.mp4,817,27.233333333333334,30.0,146,2,traffic_signs,0.8184870481491089,2561.90087890625,1293.8367919921875,2627.93359375,1480.7578125,2594.917236328125,1387.2973022460938,66.03271484375,186.9210205078125
IMG_0048.mp4,817,27.233333333333334,30.0,136,1,traffic_lights,0.34446948766708374,2085.209716796875,1425.8402099609375,2166.1787109375,1480.3233642578125,2125.6942138671875,1453.081787109375,80.968994140625,54.483154296875
IMG_0048.mp4,817,27.233333333333334,30.0,159,2,traffic_signs,0.5079914927482605,2563.23193359375,1289.3333740234375,2626.95458984375,1515.8116455078125,2595.09326171875,1402.572509765625,63.72265625,226.478271484375
IMG_0048.mp4,818,27.266666666666666,30.0,146,2,traffic_signs,0.6031201481819153,2556.050048828125,1294.569580078125,2621.061279296875,1480.3861083984375,2588.5556640625,1387.4778442382812,65.01123046875,185.8165283203125
IMG_0048.mp4,818,27.266666666666666,30.0,136,1,traffic_lights,0.5731691718101501,2080.837890625,1426.791015625,2162.744140625,1481.5413818359375,2121.791015625,1454.1661987304688,81.90625,54.7503662109375
IMG_0048.mp4,818,27.266666666666666,30.0,159,2,traffic_signs,0.35820361971855164,2558.158203125,1290.263671875,2619.359130859375,1521.1982421875,2588.7586669921875,1405.73095703125,61.200927734375,230.9345703125
IMG_0048.mp4,819,27.3,30.0,146,2,traffic_signs,0.5263335108757019,2550.619140625,1293.3287353515625,2618.83837890625,1480.2528076171875,2584.728759765625,1386.790771484375,68.21923828125,186.924072265625
IMG_0048.mp4,819,27.3,30.0,136,1,traffic_lights,0.42537441849708557,2076.6591796875,1425.8873291015625,2158.86376953125,1481.4915771484375,2117.761474609375,1453.689453125,82.20458984375,55.604248046875
IMG_0048.mp4,819,27.3,30.0,159,2,traffic_signs,0.471051961183548,2553.475341796875,1288.99755859375,2617.215576171875,1523.8218994140625,2585.345458984375,1406.4097290039062,63.740234375,234.8243408203125
IMG_0048.mp4,820,27.333333333333332,30.0,146,2,traffic_signs,0.7445399761199951,2544.779052734375,1295.0489501953125,2613.3642578125,1472.708740234375,2579.0716552734375,1383.8788452148438,68.585205078125,177.6597900390625
IMG_0048.mp4,820,27.333333333333332,30.0,136,1,traffic_lights,0.5700013041496277,2067.15966796875,1425.98876953125,2154.777587890625,1482.0947265625,2110.9686279296875,1454.041748046875,87.617919921875,56.10595703125
IMG_0048.mp4,820,27.333333333333332,30.0,159,2,traffic_signs,0.3255467414855957,2548.19287109375,1289.43798828125,2612.733642578125,1519.770751953125,2580.4632568359375,1404.6043701171875,64.540771484375,230.332763671875
IMG_0048.mp4,821,27.366666666666667,30.0,146,2,traffic_signs,0.76279616355896,2539.303955078125,1293.967529296875,2607.9580078125,1473.6114501953125,2573.6309814453125,1383.7894897460938,68.654052734375,179.6439208984375
IMG_0048.mp4,821,27.366666666666667,30.0,159,2,traffic_signs,0.428882896900177,2542.419189453125,1290.4815673828125,2608.252197265625,1512.9957275390625,2575.335693359375,1401.7386474609375,65.8330078125,222.51416015625
IMG_0048.mp4,822,27.4,30.0,146,2,traffic_signs,0.6984409093856812,2534.201904296875,1291.9112548828125,2601.58349609375,1472.2432861328125,2567.8927001953125,1382.0772705078125,67.381591796875,180.33203125
IMG_0048.mp4,822,27.4,30.0,159,2,traffic_signs,0.37916117906570435,2536.94873046875,1289.4078369140625,2601.899658203125,1507.6846923828125,2569.4241943359375,1398.5462646484375,64.950927734375,218.27685546875
IMG_0048.mp4,823,27.433333333333334,30.0,146,2,traffic_signs,0.74546879529953,2529.586669921875,1293.1513671875,2597.186279296875,1470.9422607421875,2563.386474609375,1382.0468139648438,67.599609375,177.7908935546875
IMG_0048.mp4,823,27.433333333333334,30.0,159,2,traffic_signs,0.46563127636909485,2531.796142578125,1288.8292236328125,2598.550048828125,1503.98486328125,2565.173095703125,1396.4070434570312,66.75390625,215.1556396484375
IMG_0048.mp4,824,27.466666666666665,30.0,146,2,traffic_signs,0.7684623003005981,2525.87451171875,1294.1092529296875,2594.251953125,1469.627197265625,2560.063232421875,1381.8682250976562,68.37744140625,175.5179443359375
IMG_0048.mp4,825,27.5,30.0,146,2,traffic_signs,0.815133273601532,2521.435546875,1296.0238037109375,2589.706787109375,1467.66796875,2555.5711669921875,1381.8458862304688,68.271240234375,171.6441650390625
IMG_0048.mp4,826,27.533333333333335,30.0,146,2,traffic_signs,0.7063095569610596,2516.093017578125,1295.6221923828125,2586.638671875,1474.9378662109375,2551.3658447265625,1385.280029296875,70.545654296875,179.315673828125
IMG_0048.mp4,826,27.533333333333335,30.0,159,2,traffic_signs,0.5668204426765442,2517.59716796875,1291.5653076171875,2587.337646484375,1509.3885498046875,2552.4674072265625,1400.4769287109375,69.740478515625,217.8232421875
IMG_0048.mp4,827,27.566666666666666,30.0,146,2,traffic_signs,0.714113175868988,2512.60302734375,1294.340087890625,2580.058837890625,1483.21044921875,2546.3309326171875,1388.7752685546875,67.455810546875,188.870361328125
IMG_0048.mp4,827,27.566666666666666,30.0,159,2,traffic_signs,0.7485173344612122,2514.405517578125,1290.0108642578125,2579.86279296875,1517.0374755859375,2547.1341552734375,1403.524169921875,65.457275390625,227.026611328125
IMG_0048.mp4,828,27.6,30.0,146,2,traffic_signs,0.5602495670318604,2508.27587890625,1293.6529541015625,2573.034912109375,1486.3409423828125,2540.6553955078125,1389.9969482421875,64.759033203125,192.68798828125
IMG_0048.mp4,828,27.6,30.0,159,2,traffic_signs,0.5119332075119019,2510.635986328125,1289.4764404296875,2572.06591796875,1524.3983154296875,2541.3509521484375,1406.9373779296875,61.429931640625,234.921875
IMG_0048.mp4,829,27.633333333333333,30.0,146,2,traffic_signs,0.3031754493713379,2504.234619140625,1291.426513671875,2570.321044921875,1490.550537109375,2537.27783203125,1390.988525390625,66.08642578125,199.1240234375
IMG_0048.mp4,829,27.633333333333333,30.0,159,2,traffic_signs,0.8149421811103821,2507.29443359375,1287.8326416015625,2569.2294921875,1529.052490234375,2538.261962890625,1408.4425659179688,61.93505859375,241.2198486328125
IMG_0048.mp4,830,27.666666666666668,30.0,146,2,traffic_signs,0.3166801929473877,2501.2705078125,1292.4595947265625,2569.26904296875,1496.508056640625,2535.269775390625,1394.4838256835938,67.99853515625,204.0484619140625
IMG_0048.mp4,830,27.666666666666668,30.0,159,2,traffic_signs,0.8536099791526794,2504.8935546875,1289.380859375,2568.146484375,1527.2103271484375,2536.52001953125,1408.2955932617188,63.2529296875,237.8294677734375
IMG_0048.mp4,831,27.7,30.0,146,2,traffic_signs,0.5565125942230225,2497.95751953125,1295.4248046875,2565.32568359375,1491.7060546875,2531.6416015625,1393.5654296875,67.3681640625,196.28125
IMG_0048.mp4,831,27.7,30.0,159,2,traffic_signs,0.8606231808662415,2501.825927734375,1291.1439208984375,2564.69091796875,1525.1795654296875,2533.2584228515625,1408.1617431640625,62.864990234375,234.03564453125
IMG_0048.mp4,832,27.733333333333334,30.0,146,2,traffic_signs,0.6231999397277832,2495.704833984375,1296.031982421875,2563.53466796875,1489.8966064453125,2529.6197509765625,1392.9642944335938,67.829833984375,193.8646240234375
IMG_0048.mp4,832,27.733333333333334,30.0,159,2,traffic_signs,0.8058578372001648,2499.828857421875,1291.74609375,2563.278564453125,1521.89599609375,2531.5537109375,1406.821044921875,63.44970703125,230.14990234375
IMG_0048.mp4,833,27.766666666666666,30.0,146,2,traffic_signs,0.5658779740333557,2491.4638671875,1295.361083984375,2557.787353515625,1492.5987548828125,2524.6256103515625,1393.9799194335938,66.323486328125,197.2376708984375
IMG_0048.mp4,833,27.766666666666666,30.0,159,2,traffic_signs,0.8386428356170654,2495.64208984375,1292.45361328125,2558.34228515625,1523.17529296875,2526.9921875,1407.814453125,62.7001953125,230.7216796875
IMG_0048.mp4,834,27.8,30.0,159,2,traffic_signs,0.3697490096092224,2490.909912109375,1291.6468505859375,2554.241943359375,1518.503662109375,2522.575927734375,1405.0752563476562,63.33203125,226.8568115234375
IMG_0048.mp4,835,27.833333333333332,30.0,159,2,traffic_signs,0.4597182273864746,2489.58935546875,1290.8455810546875,2550.68310546875,1519.793212890625,2520.13623046875,1405.3193969726562,61.09375,228.9476318359375
IMG_0048.mp4,835,27.833333333333332,30.0,146,2,traffic_signs,0.628650963306427,2486.183349609375,1294.619384765625,2550.13623046875,1492.79150390625,2518.1597900390625,1393.7054443359375,63.952880859375,198.172119140625
IMG_0048.mp4,836,27.866666666666667,30.0,159,2,traffic_signs,0.8123481869697571,2486.49267578125,1291.320068359375,2547.929443359375,1521.4273681640625,2517.2110595703125,1406.3737182617188,61.436767578125,230.1072998046875
IMG_0048.mp4,836,27.866666666666667,30.0,146,2,traffic_signs,0.4840887784957886,2483.3212890625,1295.428466796875,2547.528564453125,1495.1129150390625,2515.4249267578125,1395.2706909179688,64.207275390625,199.6844482421875
IMG_0048.mp4,837,27.9,30.0,159,2,traffic_signs,0.6555100679397583,2483.650146484375,1292.9666748046875,2547.889404296875,1519.560302734375,2515.769775390625,1406.2634887695312,64.2392578125,226.5936279296875
IMG_0048.mp4,837,27.9,30.0,146,2,traffic_signs,0.5533688068389893,2481.01220703125,1298.375,2547.402099609375,1490.109619140625,2514.2071533203125,1394.2423095703125,66.389892578125,191.734619140625
IMG_0048.mp4,838,27.933333333333334,30.0,159,2,traffic_signs,0.4064384698867798,2481.262939453125,1292.66796875,2547.04638671875,1517.402099609375,2514.1546630859375,1405.0350341796875,65.783447265625,224.734130859375
IMG_0048.mp4,838,27.933333333333334,30.0,146,2,traffic_signs,0.7204591035842896,2479.190185546875,1299.0440673828125,2546.86083984375,1484.0570068359375,2513.0255126953125,1391.550537109375,67.670654296875,185.012939453125
IMG_0048.mp4,839,27.966666666666665,30.0,159,2,traffic_signs,0.25048398971557617,2478.40625,1293.567626953125,2546.241943359375,1513.2906494140625,2512.3240966796875,1403.4291381835938,67.835693359375,219.7230224609375
IMG_0048.mp4,839,27.966666666666665,30.0,146,2,traffic_signs,0.809362530708313,2476.60546875,1300.5911865234375,2546.11474609375,1481.40966796875,2511.360107421875,1391.0004272460938,69.50927734375,180.8184814453125
IMG_0048.mp4,840,28.0,30.0,159,2,traffic_signs,0.4532940983772278,2477.60302734375,1296.5042724609375,2546.45458984375,1510.6170654296875,2512.02880859375,1403.5606689453125,68.8515625,214.11279296875
IMG_0048.mp4,840,28.0,30.0,146,2,traffic_signs,0.8166276812553406,2475.9794921875,1304.040283203125,2546.6357421875,1479.495849609375,2511.3076171875,1391.76806640625,70.65625,175.45556640625
IMG_0048.mp4,841,28.033333333333335,30.0,146,2,traffic_signs,0.8237404823303223,2473.7158203125,1303.41357421875,2543.95703125,1478.5401611328125,2508.83642578125,1390.9768676757812,70.2412109375,175.1265869140625
IMG_0048.mp4,842,28.066666666666666,30.0,146,2,traffic_signs,0.7959268093109131,2472.24560546875,1302.7696533203125,2542.63427734375,1477.7532958984375,2507.43994140625,1390.261474609375,70.388671875,174.983642578125
IMG_0048.mp4,843,28.1,30.0,146,2,traffic_signs,0.7883269190788269,2471.41015625,1305.1680908203125,2541.980224609375,1478.6678466796875,2506.6951904296875,1391.91796875,70.570068359375,173.499755859375
IMG_0048.mp4,843,28.1,30.0,159,2,traffic_signs,0.4956648349761963,2473.59521484375,1297.8388671875,2541.830322265625,1511.34765625,2507.7127685546875,1404.59326171875,68.235107421875,213.5087890625
IMG_0048.mp4,844,28.133333333333333,30.0,146,2,traffic_signs,0.7927794456481934,2468.29931640625,1303.8709716796875,2538.19189453125,1481.52587890625,2503.24560546875,1392.6984252929688,69.892578125,177.6549072265625
IMG_0048.mp4,844,28.133333333333333,30.0,159,2,traffic_signs,0.4931904971599579,2470.58154296875,1296.130859375,2537.85107421875,1514.5174560546875,2504.21630859375,1405.3241577148438,67.26953125,218.3865966796875
IMG_0048.mp4,845,28.166666666666668,30.0,146,2,traffic_signs,0.7958041429519653,2466.49853515625,1302.529296875,2537.761962890625,1482.5469970703125,2502.1302490234375,1392.5381469726562,71.263427734375,180.0177001953125
IMG_0048.mp4,845,28.166666666666668,30.0,159,2,traffic_signs,0.6779868602752686,2468.921630859375,1295.24365234375,2537.64111328125,1515.1806640625,2503.2813720703125,1405.212158203125,68.719482421875,219.93701171875
IMG_0048.mp4,846,28.2,30.0,146,2,traffic_signs,0.7128683924674988,2465.49169921875,1301.7349853515625,2536.032958984375,1486.4281005859375,2500.7623291015625,1394.08154296875,70.541259765625,184.693115234375
IMG_0048.mp4,846,28.2,30.0,159,2,traffic_signs,0.8308098912239075,2467.7099609375,1294.9351806640625,2535.733154296875,1518.7703857421875,2501.7215576171875,1406.852783203125,68.023193359375,223.835205078125
IMG_0048.mp4,847,28.233333333333334,30.0,146,2,traffic_signs,0.7535955905914307,2463.65185546875,1300.4183349609375,2533.86865234375,1483.875,2498.76025390625,1392.1466674804688,70.216796875,183.4566650390625
IMG_0048.mp4,847,28.233333333333334,30.0,159,2,traffic_signs,0.8276183605194092,2465.4892578125,1294.414794921875,2533.626708984375,1522.2667236328125,2499.5579833984375,1408.3407592773438,68.137451171875,227.8519287109375
IMG_0048.mp4,848,28.266666666666666,30.0,146,2,traffic_signs,0.7944366931915283,2463.57080078125,1299.818359375,2533.20068359375,1480.2982177734375,2498.3857421875,1390.0582885742188,69.6298828125,180.4798583984375
IMG_0048.mp4,848,28.266666666666666,30.0,159,2,traffic_signs,0.7265616655349731,2465.205810546875,1293.82275390625,2533.392822265625,1523.7003173828125,2499.29931640625,1408.7615356445312,68.18701171875,229.8775634765625
IMG_0048.mp4,849,28.3,30.0,146,2,traffic_signs,0.7222290635108948,2461.860595703125,1299.7763671875,2530.64990234375,1478.56591796875,2496.2552490234375,1389.171142578125,68.789306640625,178.78955078125
IMG_0048.mp4,849,28.3,30.0,159,2,traffic_signs,0.6489531397819519,2463.455078125,1293.3555908203125,2531.10498046875,1523.2523193359375,2497.280029296875,1408.303955078125,67.64990234375,229.896728515625
IMG_0048.mp4,850,28.333333333333332,30.0,146,2,traffic_signs,0.598264753818512,2460.416748046875,1299.95458984375,2529.855224609375,1479.88134765625,2495.135986328125,1389.91796875,69.4384765625,179.9267578125
IMG_0048.mp4,850,28.333333333333332,30.0,159,2,traffic_signs,0.6845781803131104,2462.395751953125,1293.5267333984375,2530.053955078125,1523.17919921875,2496.224853515625,1408.3529663085938,67.658203125,229.6524658203125
IMG_0048.mp4,850,28.333333333333332,30.0,136,1,traffic_lights,0.30346712470054626,1991.947509765625,1431.1934814453125,2069.134521484375,1482.2041015625,2030.541015625,1456.6987915039062,77.18701171875,51.0106201171875
IMG_0048.mp4,851,28.366666666666667,30.0,146,2,traffic_signs,0.5536153316497803,2459.7255859375,1299.3790283203125,2530.31884765625,1476.8658447265625,2495.022216796875,1388.1224365234375,70.59326171875,177.48681640625
IMG_0048.mp4,851,28.366666666666667,30.0,159,2,traffic_signs,0.6588107943534851,2461.84423828125,1292.9874267578125,2530.642333984375,1523.0450439453125,2496.2432861328125,1408.0162353515625,68.798095703125,230.0576171875
IMG_0048.mp4,852,28.4,30.0,146,2,traffic_signs,0.3454655408859253,2457.485595703125,1303.47998046875,2530.304443359375,1473.2506103515625,2493.89501953125,1388.3652954101562,72.81884765625,169.7706298828125
IMG_0048.mp4,852,28.4,30.0,159,2,traffic_signs,0.50983065366745,2459.978515625,1295.1375732421875,2530.431396484375,1523.837646484375,2495.2049560546875,1409.4876098632812,70.452880859375,228.7000732421875
IMG_0048.mp4,852,28.4,30.0,136,1,traffic_lights,0.2860575318336487,1990.897216796875,1432.562255859375,2068.048583984375,1482.6524658203125,2029.472900390625,1457.6073608398438,77.1513671875,50.0902099609375
IMG_0048.mp4,853,28.433333333333334,30.0,159,2,traffic_signs,0.2520264983177185,2459.7763671875,1294.5174560546875,2530.656982421875,1523.0208740234375,2495.2166748046875,1408.7691650390625,70.880615234375,228.50341796875
IMG_0048.mp4,853,28.433333333333334,30.0,136,1,traffic_lights,0.2883267402648926,1990.573486328125,1432.5867919921875,2068.162353515625,1482.7236328125,2029.367919921875,1457.6552124023438,77.5888671875,50.1368408203125
IMG_0048.mp4,854,28.466666666666665,30.0,159,2,traffic_signs,0.3060985803604126,2459.2841796875,1294.9180908203125,2529.930419921875,1523.1153564453125,2494.6072998046875,1409.0167236328125,70.646240234375,228.197265625
IMG_0048.mp4,854,28.466666666666665,30.0,146,2,traffic_signs,0.6415873169898987,2456.56689453125,1306.5433349609375,2529.11279296875,1473.2103271484375,2492.83984375,1389.8768310546875,72.5458984375,166.6669921875
IMG_0048.mp4,855,28.5,30.0,146,2,traffic_signs,0.6163544058799744,2455.648193359375,1306.9825439453125,2526.896484375,1473.20263671875,2491.2723388671875,1390.0925903320312,71.248291015625,166.2200927734375
IMG_0048.mp4,856,28.533333333333335,30.0,146,2,traffic_signs,0.6869962811470032,2455.666748046875,1307.544189453125,2526.727783203125,1471.724853515625,2491.197265625,1389.634521484375,71.06103515625,164.1806640625
IMG_0048.mp4,857,28.566666666666666,30.0,146,2,traffic_signs,0.6180568933486938,2454.618408203125,1306.607177734375,2527.65869140625,1472.7965087890625,2491.1385498046875,1389.7018432617188,73.040283203125,166.1893310546875
IMG_0048.mp4,857,28.566666666666666,30.0,136,1,traffic_lights,0.30095788836479187,1987.6910400390625,1432.607421875,2067.15625,1483.263427734375,2027.4236450195312,1457.9354248046875,79.4652099609375,50.656005859375
IMG_0048.mp4,857,28.566666666666666,30.0,159,2,traffic_signs,0.2527490556240082,2457.284423828125,1293.580322265625,2529.495361328125,1521.8414306640625,2493.389892578125,1407.7108764648438,72.2109375,228.2611083984375
IMG_0048.mp4,858,28.6,30.0,146,2,traffic_signs,0.6293044090270996,2454.037841796875,1306.2303466796875,2527.299072265625,1472.4373779296875,2490.66845703125,1389.3338623046875,73.26123046875,166.20703125
IMG_0048.mp4,859,28.633333333333333,30.0,146,2,traffic_signs,0.5518108010292053,2453.991943359375,1306.924072265625,2528.18896484375,1474.290283203125,2491.0904541015625,1390.607177734375,74.197021484375,167.3662109375
IMG_0048.mp4,860,28.666666666666668,30.0,146,2,traffic_signs,0.5913026928901672,2453.31640625,1305.673583984375,2526.44970703125,1472.9730224609375,2489.883056640625,1389.3233032226562,73.13330078125,167.2994384765625
IMG_0048.mp4,860,28.666666666666668,30.0,136,1,traffic_lights,0.3526109457015991,1987.6859130859375,1433.5228271484375,2065.36376953125,1482.5899658203125,2026.5248413085938,1458.056396484375,77.6778564453125,49.067138671875
IMG_0048.mp4,861,28.7,30.0,146,2,traffic_signs,0.5893845558166504,2453.49609375,1305.0126953125,2526.266845703125,1473.0269775390625,2489.8814697265625,1389.0198364257812,72.770751953125,168.0142822265625
IMG_0048.mp4,861,28.7,30.0,136,1,traffic_lights,0.35411956906318665,1987.708251953125,1433.55224609375,2065.29150390625,1482.7449951171875,2026.4998779296875,1458.1486206054688,77.583251953125,49.1927490234375
IMG_0048.mp4,862,28.733333333333334,30.0,146,2,traffic_signs,0.5909334421157837,2453.25048828125,1305.40673828125,2526.368896484375,1472.175048828125,2489.8096923828125,1388.7908935546875,73.118408203125,166.768310546875
IMG_0048.mp4,862,28.733333333333334,30.0,136,1,traffic_lights,0.28663185238838196,1987.6524658203125,1433.73681640625,2065.20947265625,1482.8505859375,2026.4309692382812,1458.293701171875,77.5570068359375,49.11376953125
IMG_0048.mp4,863,28.766666666666666,30.0,146,2,traffic_signs,0.6285011768341064,2452.716064453125,1307.8345947265625,2525.93505859375,1471.2054443359375,2489.3255615234375,1389.52001953125,73.218994140625,163.370849609375
IMG_0048.mp4,864,28.8,30.0,146,2,traffic_signs,0.6070607304573059,2453.1220703125,1308.287109375,2525.962158203125,1470.6041259765625,2489.5421142578125,1389.4456176757812,72.840087890625,162.3170166015625
IMG_0048.mp4,865,28.833333333333332,30.0,146,2,traffic_signs,0.7710304856300354,2452.809814453125,1308.947998046875,2523.5869140625,1467.270263671875,2488.1983642578125,1388.109130859375,70.777099609375,158.322265625
IMG_0048.mp4,865,28.833333333333332,30.0,136,1,traffic_lights,0.2876247465610504,1986.033203125,1431.374267578125,2063.738525390625,1482.7344970703125,2024.8858642578125,1457.0543823242188,77.705322265625,51.3602294921875
IMG_0048.mp4,866,28.866666666666667,30.0,146,2,traffic_signs,0.7429580688476562,2452.755126953125,1310.133544921875,2522.91552734375,1465.321533203125,2487.8353271484375,1387.7275390625,70.160400390625,155.18798828125
IMG_0048.mp4,867,28.9,30.0,146,2,traffic_signs,0.7686288952827454,2452.743408203125,1310.869140625,2523.027587890625,1464.7823486328125,2487.885498046875,1387.8257446289062,70.2841796875,153.9132080078125
IMG_0048.mp4,867,28.9,30.0,136,1,traffic_lights,0.32969048619270325,1986.3187255859375,1431.8956298828125,2063.8515625,1482.5328369140625,2025.0851440429688,1457.2142333984375,77.5328369140625,50.63720703125
IMG_0048.mp4,868,28.933333333333334,30.0,146,2,traffic_signs,0.7753536105155945,2452.1396484375,1311.51416015625,2522.05224609375,1464.843505859375,2487.095947265625,1388.1788330078125,69.91259765625,153.329345703125
IMG_0048.mp4,868,28.933333333333334,30.0,136,1,traffic_lights,0.2753227949142456,1985.99609375,1431.394775390625,2062.892822265625,1482.74560546875,2024.4444580078125,1457.0701904296875,76.896728515625,51.350830078125
IMG_0048.mp4,869,28.966666666666665,30.0,146,2,traffic_signs,0.7793572545051575,2452.003173828125,1311.2669677734375,2521.580810546875,1464.9371337890625,2486.7919921875,1388.10205078125,69.57763671875,153.670166015625
IMG_0048.mp4,869,28.966666666666665,30.0,136,1,traffic_lights,0.3039186894893646,1986.5985107421875,1431.0616455078125,2062.785888671875,1482.5545654296875,2024.6921997070312,1456.80810546875,76.1873779296875,51.492919921875
IMG_0048.mp4,870,29.0,30.0,146,2,traffic_signs,0.804756224155426,2452.086669921875,1312.40234375,2521.737548828125,1463.4736328125,2486.912109375,1387.93798828125,69.65087890625,151.0712890625
IMG_0048.mp4,871,29.033333333333335,30.0,146,2,traffic_signs,0.8023621439933777,2451.169189453125,1312.330078125,2521.10546875,1465.1900634765625,2486.1373291015625,1388.7600708007812,69.936279296875,152.8599853515625
IMG_0048.mp4,871,29.033333333333335,30.0,136,1,traffic_lights,0.2706913948059082,1985.0885009765625,1431.3629150390625,2062.592041015625,1482.4984130859375,2023.8402709960938,1456.9306640625,77.5035400390625,51.135498046875
IMG_0048.mp4,872,29.066666666666666,30.0,146,2,traffic_signs,0.7503421902656555,2451.450439453125,1312.4659423828125,2521.29736328125,1466.84765625,2486.3739013671875,1389.6567993164062,69.846923828125,154.3817138671875
IMG_0048.mp4,872,29.066666666666666,30.0,136,1,traffic_lights,0.28243133425712585,1986.041259765625,1431.27685546875,2063.285888671875,1482.74169921875,2024.66357421875,1457.00927734375,77.24462890625,51.46484375
IMG_0048.mp4,873,29.1,30.0,146,2,traffic_signs,0.755167543888092,2451.322265625,1312.9273681640625,2520.47265625,1465.71484375,2485.8974609375,1389.3211059570312,69.150390625,152.7874755859375
IMG_0048.mp4,873,29.1,30.0,136,1,traffic_lights,0.2516575753688812,1985.5748291015625,1430.9354248046875,2063.10400390625,1483.0599365234375,2024.3394165039062,1456.9976806640625,77.5291748046875,52.12451171875
IMG_0048.mp4,874,29.133333333333333,30.0,146,2,traffic_signs,0.756412923336029,2450.9541015625,1314.18212890625,2518.64697265625,1465.7969970703125,2484.800537109375,1389.9895629882812,67.69287109375,151.6148681640625
IMG_0048.mp4,874,29.133333333333333,30.0,136,1,traffic_lights,0.2776060998439789,1984.1070556640625,1430.605712890625,2062.336669921875,1483.065185546875,2023.2218627929688,1456.83544921875,78.2296142578125,52.45947265625
IMG_0048.mp4,875,29.166666666666668,30.0,146,2,traffic_signs,0.7978124618530273,2452.177490234375,1315.4295654296875,2518.1708984375,1462.685791015625,2485.1741943359375,1389.0576782226562,65.993408203125,147.2562255859375
IMG_0048.mp4,876,29.2,30.0,146,2,traffic_signs,0.8249934911727905,2451.215087890625,1316.4039306640625,2516.0966796875,1460.5145263671875,2483.6558837890625,1388.459228515625,64.881591796875,144.110595703125
IMG_0048.mp4,877,29.233333333333334,30.0,146,2,traffic_signs,0.8339009284973145,2451.438232421875,1315.2158203125,2516.048583984375,1460.406005859375,2483.743408203125,1387.8109130859375,64.6103515625,145.190185546875
IMG_0048.mp4,877,29.233333333333334,30.0,136,1,traffic_lights,0.34345942735671997,1984.533935546875,1431.7552490234375,2061.38623046875,1482.6776123046875,2022.9600830078125,1457.2164306640625,76.852294921875,50.92236328125
IMG_0048.mp4,878,29.266666666666666,30.0,146,2,traffic_signs,0.8303751349449158,2452.09033203125,1315.7298583984375,2516.9375,1459.663818359375,2484.513916015625,1387.6968383789062,64.84716796875,143.9339599609375
IMG_0048.mp4,879,29.3,30.0,146,2,traffic_signs,0.813570499420166,2451.465576171875,1316.105224609375,2517.107666015625,1461.820068359375,2484.28662109375,1388.962646484375,65.64208984375,145.71484375
IMG_0048.mp4,880,29.333333333333332,30.0,146,2,traffic_signs,0.8518421053886414,2452.05419921875,1316.719482421875,2517.663330078125,1461.4276123046875,2484.8587646484375,1389.0735473632812,65.609130859375,144.7081298828125
IMG_0048.mp4,881,29.366666666666667,30.0,146,2,traffic_signs,0.8350021839141846,2451.14599609375,1315.6046142578125,2517.558837890625,1463.2557373046875,2484.3524169921875,1389.43017578125,66.412841796875,147.651123046875
IMG_0048.mp4,882,29.4,30.0,146,2,traffic_signs,0.7324206829071045,2449.9921875,1315.1392822265625,2516.745361328125,1468.4996337890625,2483.3687744140625,1391.8194580078125,66.753173828125,153.3603515625
IMG_0048.mp4,882,29.4,30.0,159,2,traffic_signs,0.3968176543712616,2452.27001953125,1307.7791748046875,2516.322021484375,1512.8919677734375,2484.2960205078125,1410.3355712890625,64.052001953125,205.11279296875
IMG_0048.mp4,883,29.433333333333334,30.0,146,2,traffic_signs,0.8144180774688721,2450.153564453125,1316.000732421875,2516.994384765625,1467.9014892578125,2483.573974609375,1391.9511108398438,66.8408203125,151.9007568359375
IMG_0048.mp4,884,29.466666666666665,30.0,146,2,traffic_signs,0.7681671380996704,2449.2802734375,1315.2359619140625,2515.561767578125,1470.0850830078125,2482.4210205078125,1392.6605224609375,66.281494140625,154.84912109375
IMG_0048.mp4,884,29.466666666666665,30.0,136,1,traffic_lights,0.25425925850868225,1982.5389404296875,1432.12158203125,2061.278076171875,1483.4332275390625,2021.9085083007812,1457.7774047851562,78.7391357421875,51.3116455078125
IMG_0048.mp4,884,29.466666666666665,30.0,159,2,traffic_signs,0.32810211181640625,2451.80419921875,1308.44775390625,2515.2509765625,1512.8099365234375,2483.527587890625,1410.6288452148438,63.44677734375,204.3621826171875
IMG_0048.mp4,885,29.5,30.0,146,2,traffic_signs,0.6669254899024963,2449.3408203125,1314.41650390625,2515.69384765625,1474.4747314453125,2482.517333984375,1394.4456176757812,66.35302734375,160.0582275390625
IMG_0048.mp4,885,29.5,30.0,136,1,traffic_lights,0.2877179682254791,1982.485107421875,1432.379638671875,2060.8720703125,1483.32177734375,2021.6785888671875,1457.8507080078125,78.386962890625,50.942138671875
IMG_0048.mp4,885,29.5,30.0,159,2,traffic_signs,0.6079639196395874,2451.84521484375,1308.599365234375,2515.19384765625,1514.1488037109375,2483.51953125,1411.3740844726562,63.3486328125,205.5494384765625
IMG_0048.mp4,886,29.533333333333335,30.0,146,2,traffic_signs,0.6953374743461609,2449.907470703125,1314.586669921875,2516.59130859375,1475.6357421875,2483.2493896484375,1395.1112060546875,66.683837890625,161.049072265625
IMG_0048.mp4,886,29.533333333333335,30.0,136,1,traffic_lights,0.33945438265800476,1982.676025390625,1432.374267578125,2061.40771484375,1483.1739501953125,2022.0418701171875,1457.7741088867188,78.731689453125,50.7996826171875
IMG_0048.mp4,886,29.533333333333335,30.0,159,2,traffic_signs,0.6025232076644897,2452.35986328125,1309.2813720703125,2515.963623046875,1516.025390625,2484.1617431640625,1412.6533813476562,63.603759765625,206.7440185546875
IMG_0048.mp4,887,29.566666666666666,30.0,146,2,traffic_signs,0.6310011744499207,2448.892333984375,1312.9188232421875,2516.141357421875,1480.666748046875,2482.516845703125,1396.7927856445312,67.2490234375,167.7479248046875
IMG_0048.mp4,887,29.566666666666666,30.0,136,1,traffic_lights,0.3024307191371918,1982.6953125,1432.361083984375,2060.998291015625,1482.6817626953125,2021.8468017578125,1457.5214233398438,78.302978515625,50.3206787109375
IMG_0048.mp4,887,29.566666666666666,30.0,159,2,traffic_signs,0.7707591652870178,2451.55810546875,1308.145751953125,2515.6171875,1518.5250244140625,2483.587646484375,1413.3353881835938,64.05908203125,210.3792724609375
IMG_0048.mp4,888,29.6,30.0,146,2,traffic_signs,0.5268198847770691,2449.079833984375,1312.1773681640625,2517.142333984375,1485.0814208984375,2483.111083984375,1398.62939453125,68.0625,172.904052734375
IMG_0048.mp4,888,29.6,30.0,136,1,traffic_lights,0.2535465359687805,1983.2242431640625,1432.39208984375,2061.309326171875,1482.4588623046875,2022.2667846679688,1457.4254760742188,78.0850830078125,50.0667724609375
IMG_0048.mp4,888,29.6,30.0,159,2,traffic_signs,0.8048503994941711,2451.820068359375,1307.8529052734375,2516.53173828125,1519.39453125,2484.1759033203125,1413.6237182617188,64.711669921875,211.5416259765625
IMG_0048.mp4,889,29.633333333333333,30.0,146,2,traffic_signs,0.5610718131065369,2449.203857421875,1311.862060546875,2518.152099609375,1484.093017578125,2483.677978515625,1397.9775390625,68.9482421875,172.23095703125
IMG_0048.mp4,889,29.633333333333333,30.0,136,1,traffic_lights,0.3048732280731201,1983.5233154296875,1431.8438720703125,2061.681396484375,1482.137451171875,2022.6023559570312,1456.9906616210938,78.1580810546875,50.2935791015625
IMG_0048.mp4,889,29.633333333333333,30.0,159,2,traffic_signs,0.7621043920516968,2451.971435546875,1307.283447265625,2517.475830078125,1519.548583984375,2484.7236328125,1413.416015625,65.50439453125,212.26513671875
IMG_0048.mp4,890,29.666666666666668,30.0,146,2,traffic_signs,0.5603165626525879,2448.9619140625,1311.8233642578125,2517.696044921875,1483.9989013671875,2483.3289794921875,1397.9111328125,68.734130859375,172.175537109375
IMG_0048.mp4,890,29.666666666666668,30.0,136,1,traffic_lights,0.37860557436943054,1983.9501953125,1431.72900390625,2061.265869140625,1481.703369140625,2022.6080322265625,1456.7161865234375,77.315673828125,49.974365234375
IMG_0048.mp4,890,29.666666666666668,30.0,159,2,traffic_signs,0.7378925085067749,2451.95263671875,1307.1343994140625,2517.04052734375,1519.7742919921875,2484.49658203125,1413.454345703125,65.087890625,212.639892578125
IMG_0048.mp4,891,29.7,30.0,146,2,traffic_signs,0.4663573205471039,2449.733154296875,1312.2589111328125,2520.0224609375,1485.3209228515625,2484.8778076171875,1398.7899169921875,70.289306640625,173.06201171875
IMG_0048.mp4,891,29.7,30.0,136,1,traffic_lights,0.41137105226516724,1984.531005859375,1432.18701171875,2062.038330078125,1481.6219482421875,2023.28466796875,1456.9044799804688,77.50732421875,49.4349365234375
IMG_0048.mp4,891,29.7,30.0,159,2,traffic_signs,0.7378017902374268,2452.67626953125,1307.529541015625,2519.036865234375,1519.5179443359375,2485.8565673828125,1413.5237426757812,66.360595703125,211.9884033203125
IMG_0048.mp4,892,29.733333333333334,30.0,146,2,traffic_signs,0.46901240944862366,2449.534423828125,1311.68115234375,2520.474365234375,1485.8419189453125,2485.00439453125,1398.7615356445312,70.93994140625,174.1607666015625
IMG_0048.mp4,892,29.733333333333334,30.0,136,1,traffic_lights,0.3998505175113678,1984.3038330078125,1432.0767822265625,2061.601806640625,1481.2598876953125,2022.9528198242188,1456.6683349609375,77.2979736328125,49.18310546875
IMG_0048.mp4,892,29.733333333333334,30.0,159,2,traffic_signs,0.7637099623680115,2452.506591796875,1306.841064453125,2519.539306640625,1520.1009521484375,2486.02294921875,1413.4710083007812,67.03271484375,213.2598876953125
IMG_0048.mp4,893,29.766666666666666,30.0,146,2,traffic_signs,0.49554935097694397,2449.1396484375,1310.9326171875,2519.773193359375,1486.2041015625,2484.4564208984375,1398.568359375,70.633544921875,175.271484375
IMG_0048.mp4,893,29.766666666666666,30.0,136,1,traffic_lights,0.370991051197052,1984.49169921875,1432.3160400390625,2060.97900390625,1481.04541015625,2022.7353515625,1456.6807250976562,76.4873046875,48.7293701171875
IMG_0048.mp4,893,29.766666666666666,30.0,159,2,traffic_signs,0.7851633429527283,2452.00634765625,1306.10400390625,2519.03662109375,1520.8294677734375,2485.521484375,1413.4667358398438,67.0302734375,214.7254638671875
IMG_0048.mp4,894,29.8,30.0,146,2,traffic_signs,0.4454529583454132,2449.3232421875,1310.9964599609375,2520.232666015625,1486.8770751953125,2484.7779541015625,1398.936767578125,70.909423828125,175.880615234375
IMG_0048.mp4,894,29.8,30.0,136,1,traffic_lights,0.3683173656463623,1984.1995849609375,1432.816650390625,2061.19580078125,1481.27587890625,2022.6976928710938,1457.0462646484375,76.9962158203125,48.459228515625
IMG_0048.mp4,894,29.8,30.0,159,2,traffic_signs,0.7546092867851257,2452.24462890625,1305.92529296875,2519.365966796875,1521.7796630859375,2485.8052978515625,1413.8524780273438,67.121337890625,215.8543701171875
IMG_0048.mp4,895,29.833333333333332,30.0,146,2,traffic_signs,0.5816119909286499,2448.797119140625,1311.2955322265625,2518.94091796875,1482.203369140625,2483.8690185546875,1396.7494506835938,70.143798828125,170.9078369140625
IMG_0048.mp4,895,29.833333333333332,30.0,136,1,traffic_lights,0.4289282560348511,1984.180908203125,1432.679443359375,2059.666015625,1480.6851806640625,2021.9234619140625,1456.6823120117188,75.485107421875,48.0057373046875
IMG_0048.mp4,895,29.833333333333332,30.0,159,2,traffic_signs,0.6274600028991699,2451.71923828125,1305.971435546875,2518.3046875,1518.62548828125,2485.011962890625,1412.2984619140625,66.58544921875,212.654052734375
IMG_0048.mp4,896,29.866666666666667,30.0,146,2,traffic_signs,0.535042405128479,2449.18115234375,1310.4752197265625,2519.21484375,1481.3306884765625,2484.197998046875,1395.9029541015625,70.03369140625,170.85546875
IMG_0048.mp4,896,29.866666666666667,30.0,136,1,traffic_lights,0.3700028359889984,1984.6759033203125,1432.5943603515625,2059.632080078125,1480.6806640625,2022.1539916992188,1456.6375122070312,74.9561767578125,48.0863037109375
IMG_0048.mp4,896,29.866666666666667,30.0,159,2,traffic_signs,0.6651748418807983,2452.20849609375,1304.3323974609375,2518.700927734375,1517.9722900390625,2485.4547119140625,1411.15234375,66.492431640625,213.639892578125
IMG_0048.mp4,897,29.9,30.0,146,2,traffic_signs,0.5362325310707092,2449.252685546875,1310.7921142578125,2519.15673828125,1481.6107177734375,2484.2047119140625,1396.201416015625,69.904052734375,170.818603515625
IMG_0048.mp4,897,29.9,30.0,136,1,traffic_lights,0.32023048400878906,1983.90283203125,1433.0948486328125,2059.85009765625,1481.051025390625,2021.87646484375,1457.0729370117188,75.947265625,47.9561767578125
IMG_0048.mp4,897,29.9,30.0,159,2,traffic_signs,0.692746102809906,2452.143798828125,1304.962646484375,2518.722412109375,1518.5267333984375,2485.43310546875,1411.7446899414062,66.57861328125,213.5640869140625
IMG_0048.mp4,898,29.933333333333334,30.0,146,2,traffic_signs,0.649892270565033,2448.47509765625,1312.0244140625,2517.37255859375,1477.9664306640625,2482.923828125,1394.9954223632812,68.8974609375,165.9420166015625
IMG_0048.mp4,898,29.933333333333334,30.0,136,1,traffic_lights,0.3292493224143982,1983.2086181640625,1433.8656005859375,2059.7109375,1481.4993896484375,2021.4597778320312,1457.6824951171875,76.5023193359375,47.6337890625
IMG_0048.mp4,898,29.933333333333334,30.0,159,2,traffic_signs,0.3325381278991699,2451.5361328125,1305.9637451171875,2517.38525390625,1514.0677490234375,2484.460693359375,1410.0157470703125,65.84912109375,208.10400390625
IMG_0048.mp4,899,29.966666666666665,30.0,146,2,traffic_signs,0.6534489393234253,2448.598876953125,1312.62890625,2517.240234375,1477.195068359375,2482.9195556640625,1394.9119873046875,68.641357421875,164.566162109375
IMG_0048.mp4,899,29.966666666666665,30.0,136,1,traffic_lights,0.42644521594047546,1983.759521484375,1434.218505859375,2059.80419921875,1481.406982421875,2021.7818603515625,1457.812744140625,76.044677734375,47.1884765625
IMG_0048.mp4,899,29.966666666666665,30.0,159,2,traffic_signs,0.49434804916381836,2451.517822265625,1307.0382080078125,2517.29345703125,1514.5699462890625,2484.4056396484375,1410.8040771484375,65.775634765625,207.53173828125
IMG_0048.mp4,900,30.0,30.0,146,2,traffic_signs,0.666649580001831,2447.807373046875,1312.18505859375,2516.794921875,1476.0484619140625,2482.3011474609375,1394.1167602539062,68.987548828125,163.8634033203125
IMG_0048.mp4,900,30.0,30.0,136,1,traffic_lights,0.345538854598999,1982.79833984375,1433.8538818359375,2059.310302734375,1481.4171142578125,2021.0543212890625,1457.635498046875,76.511962890625,47.563232421875
IMG_0048.mp4,900,30.0,30.0,159,2,traffic_signs,0.3916347622871399,2450.8056640625,1306.58447265625,2517.273193359375,1512.4696044921875,2484.0394287109375,1409.5270385742188,66.467529296875,205.8851318359375
IMG_0048.mp4,901,30.033333333333335,30.0,146,2,traffic_signs,0.6700795292854309,2446.225341796875,1313.1207275390625,2513.914306640625,1473.4498291015625,2480.06982421875,1393.2852783203125,67.68896484375,160.3291015625
IMG_0048.mp4,902,30.066666666666666,30.0,146,2,traffic_signs,0.6806856393814087,2446.405029296875,1313.7384033203125,2513.3037109375,1471.843994140625,2479.8543701171875,1392.7911987304688,66.898681640625,158.1055908203125
IMG_0048.mp4,903,30.1,30.0,146,2,traffic_signs,0.7775537967681885,2444.62744140625,1313.300048828125,2510.9365234375,1466.178955078125,2477.781982421875,1389.739501953125,66.30908203125,152.87890625
IMG_0048.mp4,904,30.133333333333333,30.0,146,2,traffic_signs,0.8154371976852417,2444.364013671875,1313.1246337890625,2509.83203125,1464.4478759765625,2477.0980224609375,1388.7862548828125,65.468017578125,151.3232421875
IMG_0048.mp4,905,30.166666666666668,30.0,146,2,traffic_signs,0.8117866516113281,2443.529296875,1311.8717041015625,2508.5126953125,1464.2227783203125,2476.02099609375,1388.0472412109375,64.9833984375,152.35107421875
IMG_0048.mp4,906,30.2,30.0,146,2,traffic_signs,0.8202427625656128,2442.087890625,1310.6805419921875,2509.8193359375,1464.0810546875,2475.95361328125,1387.3807983398438,67.7314453125,153.4005126953125
IMG_0048.mp4,907,30.233333333333334,30.0,146,2,traffic_signs,0.8292654752731323,2441.910400390625,1309.670166015625,2510.63232421875,1464.088623046875,2476.2713623046875,1386.87939453125,68.721923828125,154.41845703125
IMG_0048.mp4,908,30.266666666666666,30.0,146,2,traffic_signs,0.830312967300415,2441.101806640625,1309.247314453125,2510.66162109375,1462.2078857421875,2475.8817138671875,1385.7276000976562,69.559814453125,152.9605712890625
IMG_0048.mp4,909,30.3,30.0,146,2,traffic_signs,0.7474010586738586,2439.933349609375,1307.2835693359375,2506.724609375,1464.2979736328125,2473.3289794921875,1385.790771484375,66.791259765625,157.014404296875
IMG_0048.mp4,910,30.333333333333332,30.0,146,2,traffic_signs,0.7692541480064392,2439.718994140625,1308.5042724609375,2506.247314453125,1463.924560546875,2472.983154296875,1386.2144165039062,66.5283203125,155.4202880859375
IMG_0048.mp4,911,30.366666666666667,30.0,146,2,traffic_signs,0.8411834836006165,2436.618896484375,1309.446533203125,2502.62939453125,1465.0986328125,2469.6241455078125,1387.2725830078125,66.010498046875,155.652099609375
IMG_0048.mp4,912,30.4,30.0,146,2,traffic_signs,0.7989421486854553,2435.388671875,1310.521728515625,2501.8486328125,1467.06787109375,2468.61865234375,1388.7947998046875,66.4599609375,156.546142578125
IMG_0048.mp4,913,30.433333333333334,30.0,146,2,traffic_signs,0.7442742586135864,2434.322509765625,1311.82373046875,2501.510986328125,1469.7833251953125,2467.916748046875,1390.8035278320312,67.1884765625,157.9595947265625
IMG_0048.mp4,914,30.466666666666665,30.0,146,2,traffic_signs,0.8274240493774414,2432.0576171875,1313.9954833984375,2500.15869140625,1467.2752685546875,2466.108154296875,1390.6353759765625,68.10107421875,153.27978515625
IMG_0048.mp4,915,30.5,30.0,146,2,traffic_signs,0.8194808959960938,2431.091064453125,1315.3546142578125,2499.404052734375,1467.0849609375,2465.24755859375,1391.2197875976562,68.31298828125,151.7303466796875
IMG_0048.mp4,916,30.533333333333335,30.0,146,2,traffic_signs,0.7738223671913147,2429.70654296875,1315.8792724609375,2498.75,1469.0498046875,2464.228271484375,1392.4645385742188,69.04345703125,153.1705322265625
IMG_0048.mp4,917,30.566666666666666,30.0,146,2,traffic_signs,0.748388946056366,2427.960693359375,1315.17431640625,2497.11083984375,1471.395263671875,2462.5357666015625,1393.2847900390625,69.150146484375,156.220947265625
IMG_0048.mp4,918,30.6,30.0,146,2,traffic_signs,0.627124011516571,2426.566650390625,1314.122802734375,2495.73046875,1475.076416015625,2461.1485595703125,1394.599609375,69.163818359375,160.95361328125
IMG_0048.mp4,918,30.6,30.0,159,2,traffic_signs,0.3931943476200104,2427.8662109375,1305.8486328125,2496.517822265625,1516.343994140625,2462.1920166015625,1411.0963134765625,68.651611328125,210.495361328125
IMG_0048.mp4,919,30.633333333333333,30.0,146,2,traffic_signs,0.7249314785003662,2424.402099609375,1311.4498291015625,2494.98583984375,1475.9752197265625,2459.6939697265625,1393.7125244140625,70.583740234375,164.525390625
IMG_0048.mp4,919,30.633333333333333,30.0,159,2,traffic_signs,0.39610716700553894,2425.803955078125,1303.2686767578125,2495.731201171875,1515.5787353515625,2460.767578125,1409.4237060546875,69.92724609375,212.31005859375
IMG_0048.mp4,920,30.666666666666668,30.0,146,2,traffic_signs,0.8561381697654724,2421.199462890625,1309.9996337890625,2489.878662109375,1476.017822265625,2455.5390625,1393.0087280273438,68.67919921875,166.0181884765625
IMG_0048.mp4,921,30.7,30.0,146,2,traffic_signs,0.8697413802146912,2417.466064453125,1307.8524169921875,2485.412109375,1474.159912109375,2451.4390869140625,1391.0061645507812,67.946044921875,166.3074951171875
IMG_0048.mp4,923,30.766666666666666,30.0,146,2,traffic_signs,0.3174176812171936,2410.81689453125,1306.2232666015625,2482.295166015625,1472.213134765625,2446.5560302734375,1389.2182006835938,71.478271484375,165.9898681640625
IMG_0048.mp4,924,30.8,30.0,146,2,traffic_signs,0.5078118443489075,2405.982421875,1312.7208251953125,2477.71044921875,1470.67333984375,2441.846435546875,1391.6970825195312,71.72802734375,157.9525146484375
IMG_0048.mp4,925,30.833333333333332,30.0,146,2,traffic_signs,0.7783560752868652,2402.22900390625,1317.668701171875,2472.579833984375,1482.4501953125,2437.4044189453125,1400.0594482421875,70.350830078125,164.781494140625
IMG_0048.mp4,926,30.866666666666667,30.0,146,2,traffic_signs,0.8745066523551941,2396.30517578125,1316.1326904296875,2467.218994140625,1478.345703125,2431.7620849609375,1397.2391967773438,70.913818359375,162.2130126953125
IMG_0048.mp4,927,30.9,30.0,146,2,traffic_signs,0.8582364320755005,2389.409912109375,1315.7010498046875,2456.006591796875,1477.50390625,2422.708251953125,1396.6024780273438,66.5966796875,161.8028564453125
IMG_0048.mp4,928,30.933333333333334,30.0,146,2,traffic_signs,0.8720999956130981,2384.5107421875,1316.280517578125,2451.919189453125,1470.86181640625,2418.2149658203125,1393.5711669921875,67.408447265625,154.581298828125
IMG_0048.mp4,929,30.966666666666665,30.0,146,2,traffic_signs,0.834603488445282,2377.797119140625,1318.44482421875,2445.773193359375,1472.8992919921875,2411.78515625,1395.6720581054688,67.97607421875,154.4544677734375
IMG_0048.mp4,930,31.0,30.0,146,2,traffic_signs,0.8704594373703003,2369.96826171875,1314.9227294921875,2439.54150390625,1470.7286376953125,2404.7548828125,1392.82568359375,69.5732421875,155.805908203125
IMG_0048.mp4,931,31.033333333333335,30.0,146,2,traffic_signs,0.651026725769043,2362.742431640625,1317.5418701171875,2431.68017578125,1478.714111328125,2397.2113037109375,1398.1279907226562,68.937744140625,161.1722412109375
IMG_0048.mp4,932,31.066666666666666,30.0,146,2,traffic_signs,0.8451426029205322,2356.267578125,1318.2933349609375,2425.47412109375,1472.700439453125,2390.870849609375,1395.4968872070312,69.20654296875,154.4071044921875
IMG_0048.mp4,933,31.1,30.0,146,2,traffic_signs,0.8628859519958496,2347.451171875,1317.672119140625,2417.16796875,1468.6015625,2382.3095703125,1393.1368408203125,69.716796875,150.929443359375
IMG_0048.mp4,934,31.133333333333333,30.0,146,2,traffic_signs,0.8548402190208435,2337.602294921875,1317.900634765625,2405.855712890625,1466.5618896484375,2371.72900390625,1392.2312622070312,68.25341796875,148.6612548828125
IMG_0048.mp4,935,31.166666666666668,30.0,146,2,traffic_signs,0.7670691609382629,2330.031494140625,1319.2974853515625,2397.9423828125,1467.7425537109375,2363.9869384765625,1393.52001953125,67.910888671875,148.445068359375
IMG_0048.mp4,936,31.2,30.0,146,2,traffic_signs,0.7348591089248657,2320.005126953125,1313.41455078125,2388.583251953125,1466.4686279296875,2354.294189453125,1389.9415893554688,68.578125,153.0540771484375
IMG_0048.mp4,937,31.233333333333334,30.0,146,2,traffic_signs,0.8077392578125,2310.888916015625,1312.5211181640625,2378.164306640625,1469.277587890625,2344.526611328125,1390.8993530273438,67.275390625,156.7564697265625
IMG_0048.mp4,938,31.266666666666666,30.0,146,2,traffic_signs,0.7754775881767273,2303.52880859375,1314.090087890625,2366.3876953125,1471.7313232421875,2334.958251953125,1392.9107055664062,62.85888671875,157.6412353515625
IMG_0048.mp4,939,31.3,30.0,146,2,traffic_signs,0.7468156218528748,2290.385498046875,1317.04345703125,2355.587646484375,1469.9088134765625,2322.986572265625,1393.4761352539062,65.2021484375,152.8653564453125
IMG_0048.mp4,940,31.333333333333332,30.0,146,2,traffic_signs,0.8369172215461731,2280.53466796875,1317.0240478515625,2348.8349609375,1467.92138671875,2314.684814453125,1392.4727172851562,68.30029296875,150.8973388671875
IMG_0048.mp4,941,31.366666666666667,30.0,146,2,traffic_signs,0.49846673011779785,2266.310302734375,1312.12109375,2339.755615234375,1463.5001220703125,2303.032958984375,1387.8106079101562,73.4453125,151.3790283203125
IMG_0048.mp4,942,31.4,30.0,146,2,traffic_signs,0.6725688576698303,2254.88037109375,1317.18896484375,2328.683349609375,1465.38330078125,2291.7818603515625,1391.2861328125,73.802978515625,148.1943359375
IMG_0048.mp4,943,31.433333333333334,30.0,146,2,traffic_signs,0.3794638216495514,2240.72607421875,1314.373779296875,2317.116943359375,1461.2431640625,2278.9215087890625,1387.8084716796875,76.390869140625,146.869384765625
IMG_0048.mp4,945,31.5,30.0,146,2,traffic_signs,0.3504612445831299,2206.928955078125,1311.49755859375,2290.326171875,1457.289794921875,2248.6275634765625,1384.3936767578125,83.397216796875,145.792236328125
IMG_0048.mp4,946,31.533333333333335,30.0,146,2,traffic_signs,0.6111841201782227,2195.5166015625,1308.286865234375,2278.918212890625,1460.062744140625,2237.2174072265625,1384.1748046875,83.401611328125,151.77587890625
IMG_0048.mp4,947,31.566666666666666,30.0,146,2,traffic_signs,0.562680184841156,2180.66162109375,1308.41650390625,2264.268798828125,1456.384765625,2222.4652099609375,1382.400634765625,83.607177734375,147.96826171875
IMG_0048.mp4,953,31.766666666666666,30.0,146,2,traffic_signs,0.3905581533908844,2093.07958984375,1304.3702392578125,2180.479736328125,1453.4197998046875,2136.7796630859375,1378.89501953125,87.400146484375,149.049560546875
IMG_0048.mp4,954,31.8,30.0,146,2,traffic_signs,0.7386176586151123,2074.466552734375,1306.9644775390625,2161.8544921875,1449.387939453125,2118.1605224609375,1378.1762084960938,87.387939453125,142.4234619140625
IMG_0048.mp4,955,31.833333333333332,30.0,146,2,traffic_signs,0.4707410931587219,2059.708984375,1305.9898681640625,2143.37109375,1445.6552734375,2101.5400390625,1375.8225708007812,83.662109375,139.6654052734375
IMG_0048.mp4,957,31.9,30.0,146,2,traffic_signs,0.8025901317596436,2023.0894775390625,1296.74462890625,2107.75,1445.8345947265625,2065.4197387695312,1371.2896118164062,84.6605224609375,149.0899658203125
IMG_0048.mp4,958,31.933333333333334,30.0,146,2,traffic_signs,0.5423690676689148,2006.052734375,1292.51806640625,2084.40478515625,1442.2239990234375,2045.228759765625,1367.3710327148438,78.35205078125,149.7059326171875
IMG_0048.mp4,959,31.966666666666665,30.0,146,2,traffic_signs,0.6845993399620056,1986.7017822265625,1290.7554931640625,2061.0380859375,1443.00390625,2023.8699340820312,1366.8796997070312,74.3363037109375,152.2484130859375
IMG_0048.mp4,960,32.0,30.0,146,2,traffic_signs,0.4340018332004547,1972.899169921875,1292.5726318359375,2044.580322265625,1449.1588134765625,2008.73974609375,1370.86572265625,71.68115234375,156.586181640625
IMG_0048.mp4,961,32.03333333333333,30.0,146,2,traffic_signs,0.6514003276824951,1953.1588134765625,1296.82275390625,2022.6192626953125,1445.8779296875,1987.8890380859375,1371.350341796875,69.46044921875,149.05517578125
IMG_0048.mp4,964,32.13333333333333,30.0,166,2,traffic_signs,0.5368801355361938,3641.556640625,1570.3299560546875,3733.709716796875,1922.0570068359375,3687.6331787109375,1746.1934814453125,92.153076171875,351.72705078125
IMG_0048.mp4,967,32.233333333333334,30.0,167,2,traffic_signs,0.7893477082252502,3746.408447265625,1035.251220703125,3835.96484375,1219.8076171875,3791.1866455078125,1127.5294189453125,89.556396484375,184.556396484375
IMG_0048.mp4,967,32.233333333333334,30.0,166,2,traffic_signs,0.5114099383354187,3574.228515625,1568.825927734375,3662.384765625,1915.981201171875,3618.306640625,1742.403564453125,88.15625,347.1552734375
IMG_0048.mp4,968,32.266666666666666,30.0,167,2,traffic_signs,0.6703455448150635,3717.512939453125,1029.93408203125,3833.474853515625,1198.4183349609375,3775.493896484375,1114.1762084960938,115.9619140625,168.4842529296875
IMG_0048.mp4,968,32.266666666666666,30.0,166,2,traffic_signs,0.4974632263183594,3548.941162109375,1570.6043701171875,3638.099853515625,1912.47265625,3593.5205078125,1741.5385131835938,89.15869140625,341.8682861328125
IMG_0048.mp4,969,32.3,30.0,167,2,traffic_signs,0.770298957824707,3686.5322265625,1027.151123046875,3832.61328125,1192.8135986328125,3759.57275390625,1109.9823608398438,146.0810546875,165.6624755859375
IMG_0048.mp4,969,32.3,30.0,169,2,traffic_signs,0.5101501941680908,18.585054397583008,1354.2557373046875,61.81620788574219,1388.39111328125,40.2006311416626,1371.3234252929688,43.23115348815918,34.1353759765625
IMG_0048.mp4,970,32.333333333333336,30.0,167,2,traffic_signs,0.726314127445221,3653.22216796875,1024.2900390625,3829.1455078125,1191.272705078125,3741.183837890625,1107.7813720703125,175.92333984375,166.982666015625
IMG_0048.mp4,970,32.333333333333336,30.0,173,2,traffic_signs,0.40976306796073914,3499.618408203125,1573.8037109375,3586.6943359375,1680.955322265625,3543.1563720703125,1627.3795166015625,87.075927734375,107.151611328125
IMG_0048.mp4,971,32.36666666666667,30.0,167,2,traffic_signs,0.8200797438621521,3629.4892578125,1022.7469482421875,3800.22998046875,1183.202392578125,3714.859619140625,1102.9746704101562,170.74072265625,160.4554443359375
IMG_0048.mp4,972,32.4,30.0,167,2,traffic_signs,0.6783527731895447,3598.89892578125,1019.0818481445312,3774.805419921875,1166.3707275390625,3686.8521728515625,1092.7262878417969,175.906494140625,147.28887939453125
IMG_0048.mp4,973,32.43333333333333,30.0,167,2,traffic_signs,0.3809279501438141,3570.34716796875,1017.0387573242188,3744.76953125,1162.8828125,3657.558349609375,1089.9607849121094,174.42236328125,145.84405517578125
IMG_0048.mp4,974,32.46666666666667,30.0,167,1,traffic_lights,0.2630741596221924,3544.243408203125,1015.5296630859375,3711.638916015625,1158.852783203125,3627.941162109375,1087.1912231445312,167.3955078125,143.3231201171875
IMG_0048.mp4,975,32.5,30.0,167,1,traffic_lights,0.39457884430885315,3513.586669921875,1010.4362182617188,3681.63330078125,1155.9393310546875,3597.6099853515625,1083.1877746582031,168.046630859375,145.50311279296875
IMG_0048.mp4,975,32.5,30.0,166,2,traffic_signs,0.4522671699523926,3371.14892578125,1556.8746337890625,3455.80322265625,1902.061279296875,3413.47607421875,1729.4679565429688,84.654296875,345.1866455078125
IMG_0048.mp4,976,32.53333333333333,30.0,179,0,auth_label,0.8459263443946838,3524.137939453125,1055.5706787109375,3834.858154296875,2001.0146484375,3679.498046875,1528.2926635742188,310.72021484375,945.4439697265625
IMG_0048.mp4,976,32.53333333333333,30.0,173,2,traffic_signs,0.36605411767959595,3348.50439453125,1566.355712890625,3428.69677734375,1676.48583984375,3388.6005859375,1621.4207763671875,80.1923828125,110.130126953125
IMG_0048.mp4,977,32.56666666666667,30.0,179,0,auth_label,0.8446305394172668,3493.275390625,1037.2337646484375,3831.916259765625,2001.7349853515625,3662.5958251953125,1519.484375,338.640869140625,964.501220703125
IMG_0048.mp4,977,32.56666666666667,30.0,167,2,traffic_signs,0.6123397946357727,3449.595458984375,999.8327026367188,3620.373779296875,1148.94970703125,3534.984619140625,1074.3912048339844,170.7783203125,149.11700439453125
IMG_0048.mp4,978,32.6,30.0,179,0,auth_label,0.6446103453636169,3465.7861328125,1033.141357421875,3833.235107421875,1999.486572265625,3649.5106201171875,1516.31396484375,367.448974609375,966.34521484375
IMG_0048.mp4,978,32.6,30.0,167,2,traffic_signs,0.47134631872177124,3417.56298828125,993.8136596679688,3587.657958984375,1147.2178955078125,3502.6104736328125,1070.5157775878906,170.094970703125,153.40423583984375
IMG_0048.mp4,980,32.666666666666664,30.0,181,2,traffic_signs,0.7867783308029175,3741.861083984375,870.923828125,3834.427734375,1160.66064453125,3788.1444091796875,1015.792236328125,92.566650390625,289.73681640625
IMG_0048.mp4,980,32.666666666666664,30.0,167,1,traffic_lights,0.2956922948360443,3354.43505859375,983.1231079101562,3524.30712890625,1132.5389404296875,3439.37109375,1057.8310241699219,169.8720703125,149.41583251953125
IMG_0048.mp4,981,32.7,30.0,167,1,traffic_lights,0.5905205011367798,3317.552734375,980.3959350585938,3491.124267578125,1136.4541015625,3404.3385009765625,1058.4250183105469,173.571533203125,156.05816650390625
IMG_0048.mp4,982,32.733333333333334,30.0,167,1,traffic_lights,0.46442604064941406,3277.82958984375,975.3023071289062,3463.1708984375,1148.1343994140625,3370.500244140625,1061.7183532714844,185.34130859375,172.83209228515625
IMG_0048.mp4,983,32.766666666666666,30.0,167,1,traffic_lights,0.33190053701400757,3247.787109375,970.8168334960938,3428.462158203125,1135.4019775390625,3338.1246337890625,1053.1094055175781,180.675048828125,164.58514404296875
IMG_0048.mp4,984,32.8,30.0,167,1,traffic_lights,0.574089765548706,3213.94140625,964.755126953125,3395.1494140625,1138.1925048828125,3304.54541015625,1051.4738159179688,181.2080078125,173.4373779296875
IMG_0048.mp4,986,32.86666666666667,30.0,183,2,traffic_signs,0.7665244936943054,3384.9599609375,1095.3917236328125,3598.83837890625,1165.8958740234375,3491.899169921875,1130.643798828125,213.87841796875,70.504150390625
IMG_0048.mp4,986,32.86666666666667,30.0,184,2,traffic_signs,0.7957087755203247,3156.544189453125,503.69927978515625,3349.909912109375,752.3599243164062,3253.22705078125,628.0296020507812,193.36572265625,248.66064453125
IMG_0048.mp4,987,32.9,30.0,183,2,traffic_signs,0.7874048352241516,3356.000732421875,1094.3023681640625,3562.9189453125,1165.4556884765625,3459.4598388671875,1129.8790283203125,206.918212890625,71.1533203125
IMG_0048.mp4,987,32.9,30.0,184,2,traffic_signs,0.9194058179855347,3121.11962890625,499.0012512207031,3312.937255859375,749.3267822265625,3217.0284423828125,624.1640167236328,191.817626953125,250.32553100585938
IMG_0048.mp4,987,32.9,30.0,185,2,traffic_signs,0.5577700138092041,3489.073486328125,804.7107543945312,3815.74072265625,1097.17333984375,3652.4071044921875,950.9420471191406,326.667236328125,292.46258544921875
IMG_0048.mp4,987,32.9,30.0,167,1,traffic_lights,0.332716166973114,3105.892333984375,946.5777587890625,3290.88671875,1081.080078125,3198.3895263671875,1013.8289184570312,184.994384765625,134.5023193359375
IMG_0048.mp4,988,32.93333333333333,30.0,183,2,traffic_signs,0.5009280443191528,3328.431640625,1093.568603515625,3535.9423828125,1163.9200439453125,3432.18701171875,1128.7443237304688,207.5107421875,70.3514404296875
IMG_0048.mp4,988,32.93333333333333,30.0,184,2,traffic_signs,0.32798898220062256,3090.4580078125,490.4302978515625,3275.481201171875,744.7578125,3182.9696044921875,617.5940551757812,185.023193359375,254.3275146484375
IMG_0048.mp4,988,32.93333333333333,30.0,185,2,traffic_signs,0.6480751037597656,3464.786376953125,800.488525390625,3808.750732421875,1079.1663818359375,3636.7685546875,939.8274536132812,343.96435546875,278.6778564453125
IMG_0048.mp4,988,32.93333333333333,30.0,167,1,traffic_lights,0.5123418569564819,3073.677001953125,940.1594848632812,3255.2939453125,1078.562744140625,3164.4854736328125,1009.3611145019531,181.616943359375,138.40325927734375
IMG_0048.mp4,989,32.96666666666667,30.0,184,2,traffic_signs,0.7526816129684448,3055.177978515625,483.23736572265625,3236.6611328125,737.639404296875,3145.9195556640625,610.4383850097656,181.483154296875,254.40203857421875
IMG_0048.mp4,989,32.96666666666667,30.0,167,1,traffic_lights,0.6237464547157288,3037.836181640625,933.4067993164062,3217.763671875,1058.2763671875,3127.7999267578125,995.8415832519531,179.927490234375,124.86956787109375
IMG_0048.mp4,990,33.0,30.0,184,2,traffic_signs,0.48875364661216736,3025.42822265625,474.68206787109375,3203.919677734375,732.1902465820312,3114.6739501953125,603.4361572265625,178.491455078125,257.5081787109375
IMG_0048.mp4,990,33.0,30.0,167,1,traffic_lights,0.43612417578697205,2997.07421875,926.1376342773438,3180.389404296875,1061.6744384765625,3088.7318115234375,993.9060363769531,183.315185546875,135.53680419921875
IMG_0048.mp4,990,33.0,30.0,185,2,traffic_signs,0.39422407746315,3384.115234375,786.9461669921875,3757.550537109375,1048.6640625,3570.8328857421875,917.8051147460938,373.435302734375,261.7178955078125
IMG_0048.mp4,991,33.03333333333333,30.0,184,2,traffic_signs,0.5965137481689453,2985.20947265625,465.4081115722656,3168.559814453125,724.4664916992188,3076.8846435546875,594.9373016357422,183.350341796875,259.0583801269531
IMG_0048.mp4,991,33.03333333333333,30.0,167,1,traffic_lights,0.7637724280357361,2963.290283203125,920.9583129882812,3146.6162109375,1050.184814453125,3054.9532470703125,985.5715637207031,183.325927734375,129.22650146484375
IMG_0048.mp4,992,33.06666666666667,30.0,167,1,traffic_lights,0.8133714199066162,2920.2880859375,908.3975830078125,3109.103271484375,1061.113037109375,3014.6956787109375,984.7553100585938,188.815185546875,152.7154541015625
IMG_0048.mp4,993,33.1,30.0,167,1,traffic_lights,0.6945629119873047,2882.407958984375,903.1398315429688,3070.773193359375,1060.4659423828125,2976.590576171875,981.8028869628906,188.365234375,157.32611083984375
IMG_0048.mp4,993,33.1,30.0,184,2,traffic_signs,0.6898481845855713,2914.105224609375,448.79296875,3094.65478515625,712.8411865234375,3004.3800048828125,580.8170776367188,180.549560546875,264.0482177734375
IMG_0048.mp4,994,33.13333333333333,30.0,167,1,traffic_lights,0.6798260807991028,2844.293701171875,896.5126342773438,3034.46826171875,1057.9222412109375,2939.3809814453125,977.2174377441406,190.174560546875,161.40960693359375
IMG_0048.mp4,994,33.13333333333333,30.0,184,2,traffic_signs,0.5940371155738831,2870.444091796875,438.0691223144531,3058.625732421875,708.654296875,2964.534912109375,573.3617095947266,188.181640625,270.5851745605469
IMG_0048.mp4,995,33.166666666666664,30.0,167,1,traffic_lights,0.6669384241104126,2801.4482421875,887.9220581054688,2992.652587890625,1048.8720703125,2897.0504150390625,968.3970642089844,191.204345703125,160.95001220703125
IMG_0048.mp4,995,33.166666666666664,30.0,184,2,traffic_signs,0.6025449633598328,2835.763671875,429.6700134277344,3019.20849609375,702.207763671875,2927.486083984375,565.9388885498047,183.44482421875,272.5377502441406
IMG_0048.mp4,996,33.2,30.0,167,1,traffic_lights,0.7570133209228516,2753.1201171875,880.44580078125,2955.256103515625,1046.6585693359375,2854.1881103515625,963.5521850585938,202.135986328125,166.2127685546875
IMG_0048.mp4,996,33.2,30.0,184,2,traffic_signs,0.736320972442627,2801.982666015625,422.8107604980469,2984.72119140625,689.1104736328125,2893.3519287109375,555.9606170654297,182.738525390625,266.2997131347656
IMG_0048.mp4,997,33.233333333333334,30.0,167,1,traffic_lights,0.7581698298454285,2710.378173828125,870.0097045898438,2915.586669921875,1036.6710205078125,2812.982421875,953.3403625488281,205.20849609375,166.66131591796875
IMG_0048.mp4,997,33.233333333333334,30.0,184,2,traffic_signs,0.8692513108253479,2765.964111328125,412.8640441894531,2948.6552734375,677.4473266601562,2857.3096923828125,545.1556854248047,182.691162109375,264.5832824707031
IMG_0048.mp4,998,33.266666666666666,30.0,167,1,traffic_lights,0.7832925319671631,2673.875732421875,859.2327270507812,2867.53271484375,1038.35595703125,2770.7042236328125,948.7943420410156,193.656982421875,179.12322998046875
IMG_0048.mp4,998,33.266666666666666,30.0,184,2,traffic_signs,0.9221274256706238,2723.551025390625,401.60760498046875,2905.099365234375,666.014892578125,2814.3251953125,533.8112487792969,181.54833984375,264.40728759765625
IMG_0048.mp4,999,33.3,30.0,167,1,traffic_lights,0.7744569778442383,2631.12646484375,853.3245849609375,2825.22314453125,1041.743408203125,2728.1748046875,947.5339965820312,194.0966796875,188.4188232421875
IMG_0048.mp4,999,33.3,30.0,184,2,traffic_signs,0.9212606549263,2682.4443359375,392.29522705078125,2867.529541015625,659.338623046875,2774.9869384765625,525.8169250488281,185.085205078125,267.04339599609375
IMG_0048.mp4,1000,33.333333333333336,30.0,167,1,traffic_lights,0.6933898329734802,2586.47265625,842.20849609375,2784.393798828125,1038.3233642578125,2685.4332275390625,940.2659301757812,197.921142578125,196.1148681640625
IMG_0048.mp4,1001,33.36666666666667,30.0,167,1,traffic_lights,0.7082996368408203,2544.5048828125,831.3992309570312,2742.587158203125,1032.812744140625,2643.5460205078125,932.1059875488281,198.082275390625,201.41351318359375
IMG_0048.mp4,1002,33.4,30.0,167,1,traffic_lights,0.5478202104568481,2497.169189453125,823.291259765625,2699.794921875,1024.6572265625,2598.4820556640625,923.9742431640625,202.625732421875,201.365966796875
IMG_0048.mp4,1003,33.43333333333333,30.0,167,1,traffic_lights,0.5723261833190918,2450.98193359375,814.8338012695312,2659.531982421875,1005.2852783203125,2555.2569580078125,910.0595397949219,208.550048828125,190.45147705078125
IMG_0048.mp4,1004,33.46666666666667,30.0,167,1,traffic_lights,0.5110733509063721,2399.12548828125,809.3434448242188,2616.2470703125,1009.9552612304688,2507.686279296875,909.6493530273438,217.12158203125,200.61181640625
IMG_0048.mp4,1005,33.5,30.0,167,1,traffic_lights,0.8178703188896179,2351.873291015625,797.29443359375,2572.411376953125,1003.4057006835938,2462.142333984375,900.3500671386719,220.5380859375,206.11126708984375
IMG_0048.mp4,1006,33.53333333333333,30.0,167,1,traffic_lights,0.7868383526802063,2300.986083984375,788.822509765625,2529.57177734375,995.3218383789062,2415.2789306640625,892.0721740722656,228.585693359375,206.49932861328125
IMG_0048.mp4,1007,33.56666666666667,30.0,167,1,traffic_lights,0.7500471472740173,2255.413330078125,779.8721923828125,2483.96826171875,980.947021484375,2369.6907958984375,880.4096069335938,228.554931640625,201.0748291015625
IMG_0048.mp4,1008,33.6,30.0,167,1,traffic_lights,0.7996898889541626,2204.66552734375,771.887451171875,2438.983642578125,967.9461669921875,2321.8245849609375,869.9168090820312,234.318115234375,196.0587158203125
IMG_0048.mp4,1009,33.63333333333333,30.0,167,1,traffic_lights,0.7439702749252319,2159.50048828125,761.3663940429688,2392.886962890625,958.5624389648438,2276.1937255859375,859.9644165039062,233.386474609375,197.196044921875
IMG_0048.mp4,1010,33.666666666666664,30.0,167,1,traffic_lights,0.6299008727073669,2111.971435546875,745.8327026367188,2348.021240234375,950.4247436523438,2229.996337890625,848.1287231445312,236.0498046875,204.592041015625
IMG_0048.mp4,1011,33.7,30.0,167,1,traffic_lights,0.581902265548706,2060.031494140625,733.3275146484375,2298.9072265625,942.9397583007812,2179.4693603515625,838.1336364746094,238.875732421875,209.61224365234375
IMG_0048.mp4,1012,33.733333333333334,30.0,167,1,traffic_lights,0.45046737790107727,2009.5994873046875,724.0112915039062,2251.44384765625,933.8268432617188,2130.5216674804688,828.9190673828125,241.8443603515625,209.8155517578125
IMG_0048.mp4,1013,33.766666666666666,30.0,167,1,traffic_lights,0.4917595684528351,1962.5045166015625,713.3589477539062,2204.454345703125,918.673095703125,2083.4794311523438,816.0160217285156,241.9498291015625,205.31414794921875
IMG_0048.mp4,1014,33.8,30.0,167,1,traffic_lights,0.6897825002670288,1913.8087158203125,680.3074951171875,2159.707275390625,908.1087036132812,2036.7579956054688,794.2080993652344,245.8985595703125,227.80120849609375
IMG_0048.mp4,1015,33.833333333333336,30.0,167,1,traffic_lights,0.5900187492370605,1865.7191162109375,676.4541015625,2111.486328125,903.725341796875,1988.6027221679688,790.0897216796875,245.7672119140625,227.271240234375
IMG_0048.mp4,1016,33.86666666666667,30.0,167,1,traffic_lights,0.6129677891731262,1816.47900390625,672.3348388671875,2065.3486328125,891.4050903320312,1940.913818359375,781.8699645996094,248.86962890625,219.07025146484375
IMG_0048.mp4,1017,33.9,30.0,167,1,traffic_lights,0.6964631676673889,1765.6844482421875,659.14892578125,2012.76220703125,892.079345703125,1889.2233276367188,775.6141357421875,247.0777587890625,232.930419921875
IMG_0048.mp4,1018,33.93333333333333,30.0,167,1,traffic_lights,0.7053650617599487,1714.3739013671875,647.3572387695312,1967.8543701171875,873.0127563476562,1841.1141357421875,760.1849975585938,253.48046875,225.655517578125
IMG_0048.mp4,1019,33.96666666666667,30.0,167,1,traffic_lights,0.38848257064819336,1668.5257568359375,635.0205688476562,1917.490478515625,861.9276123046875,1793.0081176757812,748.4740905761719,248.9647216796875,226.90704345703125
IMG_0048.mp4,1020,34.0,30.0,197,2,traffic_signs,0.48879072070121765,3275.435546875,1576.494140625,3366.14892578125,1648.1959228515625,3320.792236328125,1612.3450317382812,90.71337890625,71.7017822265625
IMG_0048.mp4,1021,34.03333333333333,30.0,197,2,traffic_signs,0.48950111865997314,3239.580810546875,1577.0321044921875,3334.701416015625,1650.2672119140625,3287.14111328125,1613.649658203125,95.12060546875,73.235107421875
IMG_0048.mp4,1021,34.03333333333333,30.0,167,1,traffic_lights,0.2801460921764374,1569.060302734375,606.2420654296875,1820.18212890625,851.66357421875,1694.6212158203125,728.9528198242188,251.121826171875,245.4215087890625
IMG_0048.mp4,1022,34.06666666666667,30.0,197,2,traffic_signs,0.48148760199546814,3207.027587890625,1570.281494140625,3304.12939453125,1652.6427001953125,3255.5784912109375,1611.4620971679688,97.101806640625,82.3612060546875
IMG_0048.mp4,1023,34.1,30.0,197,2,traffic_signs,0.42244216799736023,3180.75341796875,1570.2825927734375,3274.2060546875,1649.857177734375,3227.479736328125,1610.0698852539062,93.45263671875,79.5745849609375
IMG_0048.mp4,1025,34.166666666666664,30.0,197,2,traffic_signs,0.7299751043319702,3118.905029296875,1560.294677734375,3214.47802734375,1656.1229248046875,3166.6915283203125,1608.2088012695312,95.572998046875,95.8282470703125
IMG_0048.mp4,1026,34.2,30.0,197,2,traffic_signs,0.5544912219047546,3091.753173828125,1556.4022216796875,3186.58447265625,1647.92431640625,3139.1688232421875,1602.1632690429688,94.831298828125,91.5220947265625
IMG_0048.mp4,1027,34.233333333333334,30.0,197,2,traffic_signs,0.6289913654327393,3065.92626953125,1556.651611328125,3160.21728515625,1645.4095458984375,3113.07177734375,1601.0305786132812,94.291015625,88.7579345703125
IMG_0048.mp4,1028,34.266666666666666,30.0,197,2,traffic_signs,0.6473945379257202,3040.370849609375,1560.02880859375,3133.17626953125,1640.4168701171875,3086.7735595703125,1600.2228393554688,92.805419921875,80.3880615234375
IMG_0048.mp4,1029,34.3,30.0,197,2,traffic_signs,0.7987843751907349,3011.9541015625,1557.9437255859375,3105.82275390625,1637.2418212890625,3058.888427734375,1597.5927734375,93.86865234375,79.298095703125
IMG_0048.mp4,1030,34.333333333333336,30.0,197,2,traffic_signs,0.5670815110206604,2992.709228515625,1560.79052734375,3078.729736328125,1634.32666015625,3035.719482421875,1597.55859375,86.0205078125,73.5361328125
IMG_0048.mp4,1031,34.36666666666667,30.0,197,2,traffic_signs,0.47693774104118347,2980.576171875,1562.7935791015625,3052.443359375,1630.7227783203125,3016.509765625,1596.7581787109375,71.8671875,67.92919921875
IMG_0048.mp4,1032,34.4,30.0,197,2,traffic_signs,0.682988703250885,2961.1279296875,1562.010498046875,3026.05029296875,1628.377197265625,2993.589111328125,1595.19384765625,64.92236328125,66.36669921875
IMG_0048.mp4,1033,34.43333333333333,30.0,197,2,traffic_signs,0.7458541989326477,2935.6416015625,1560.9356689453125,2999.95654296875,1626.2490234375,2967.799072265625,1593.5923461914062,64.31494140625,65.3133544921875
IMG_0048.mp4,1034,34.46666666666667,30.0,197,2,traffic_signs,0.8658971190452576,2914.345458984375,1559.7860107421875,2974.86572265625,1624.190673828125,2944.6055908203125,1591.9883422851562,60.520263671875,64.4046630859375
IMG_0048.mp4,1035,34.5,30.0,197,2,traffic_signs,0.8552677631378174,2890.224609375,1558.0458984375,2948.904296875,1623.3642578125,2919.564453125,1590.705078125,58.6796875,65.318359375
IMG_0048.mp4,1035,34.5,30.0,200,1,traffic_lights,0.552868127822876,1487.203369140625,279.3414611816406,1900.837890625,774.4065551757812,1694.0206298828125,526.8740081787109,413.634521484375,495.0650939941406
IMG_0048.mp4,1036,34.53333333333333,30.0,197,2,traffic_signs,0.8741884827613831,2865.60400390625,1556.0701904296875,2924.652099609375,1622.5465087890625,2895.1280517578125,1589.308349609375,59.048095703125,66.476318359375
IMG_0048.mp4,1037,34.56666666666667,30.0,197,2,traffic_signs,0.6419420838356018,2840.279541015625,1553.47021484375,2899.7626953125,1620.576416015625,2870.0211181640625,1587.0233154296875,59.483154296875,67.106201171875
IMG_0048.mp4,1037,34.56666666666667,30.0,200,1,traffic_lights,0.3024299144744873,1377.6519775390625,236.6047821044922,1813.5494384765625,743.5653686523438,1595.6007080078125,490.08507537841797,435.8974609375,506.96058654785156
IMG_0048.mp4,1038,34.6,30.0,197,2,traffic_signs,0.8712034225463867,2818.470458984375,1552.338134765625,2876.076904296875,1618.998779296875,2847.273681640625,1585.66845703125,57.6064453125,66.66064453125
IMG_0048.mp4,1038,34.6,30.0,200,1,traffic_lights,0.3696306645870209,1327.634521484375,210.80035400390625,1765.4620361328125,729.3731079101562,1546.5482788085938,470.08673095703125,437.8275146484375,518.57275390625
IMG_0048.mp4,1039,34.63333333333333,30.0,197,2,traffic_signs,0.8572514057159424,2794.48779296875,1550.6287841796875,2851.828857421875,1616.94873046875,2823.1583251953125,1583.7887573242188,57.341064453125,66.3199462890625
IMG_0048.mp4,1039,34.63333333333333,30.0,200,1,traffic_lights,0.4473663866519928,1278.41943359375,185.4832000732422,1702.096435546875,711.6193237304688,1490.2579345703125,448.55126190185547,423.677001953125,526.1361236572266
IMG_0048.mp4,1039,34.63333333333333,30.0,202,2,traffic_signs,0.615129828453064,3083.462646484375,1656.885009765625,3120.572265625,1694.9134521484375,3102.0174560546875,1675.8992309570312,37.109619140625,38.0284423828125
IMG_0048.mp4,1040,34.666666666666664,30.0,197,2,traffic_signs,0.8319342136383057,2770.01513671875,1547.5457763671875,2828.041015625,1614.8206787109375,2799.028076171875,1581.1832275390625,58.02587890625,67.27490234375
IMG_0048.mp4,1040,34.666666666666664,30.0,202,2,traffic_signs,0.5120700001716614,3058.430419921875,1655.07470703125,3096.03466796875,1692.260009765625,3077.2325439453125,1673.6673583984375,37.604248046875,37.185302734375
IMG_0048.mp4,1041,34.7,30.0,197,2,traffic_signs,0.645388662815094,2745.11376953125,1545.9984130859375,2803.772216796875,1612.4248046875,2774.4429931640625,1579.2116088867188,58.658447265625,66.4263916015625
IMG_0048.mp4,1041,34.7,30.0,202,2,traffic_signs,0.6366589665412903,3036.239990234375,1653.7554931640625,3073.25244140625,1689.551513671875,3054.7462158203125,1671.6535034179688,37.012451171875,35.7960205078125
IMG_0048.mp4,1041,34.7,30.0,200,1,traffic_lights,0.44819027185440063,1162.8975830078125,134.9541778564453,1643.7965087890625,681.0823974609375,1403.3470458984375,408.0182876586914,480.89892578125,546.1282196044922
IMG_0048.mp4,1042,34.733333333333334,30.0,197,2,traffic_signs,0.8481492400169373,2722.096435546875,1543.4354248046875,2780.3427734375,1609.3603515625,2751.2196044921875,1576.3978881835938,58.246337890625,65.9249267578125
IMG_0048.mp4,1042,34.733333333333334,30.0,202,2,traffic_signs,0.7279832363128662,3014.044921875,1651.4857177734375,3048.965087890625,1686.016845703125,3031.5050048828125,1668.7512817382812,34.920166015625,34.5311279296875
IMG_0048.mp4,1042,34.733333333333334,30.0,204,2,traffic_signs,0.5151625871658325,2595.807861328125,1602.5858154296875,2624.591796875,1646.252685546875,2610.1998291015625,1624.4192504882812,28.783935546875,43.6668701171875
IMG_0048.mp4,1043,34.766666666666666,30.0,197,2,traffic_signs,0.889403760433197,2700.1123046875,1544.8477783203125,2757.788330078125,1610.4215087890625,2728.9503173828125,1577.6346435546875,57.676025390625,65.57373046875
IMG_0048.mp4,1043,34.766666666666666,30.0,202,2,traffic_signs,0.7009626030921936,2991.13037109375,1653.7442626953125,3027.70068359375,1687.981201171875,3009.41552734375,1670.8627319335938,36.5703125,34.2369384765625
IMG_0048.mp4,1043,34.766666666666666,30.0,204,2,traffic_signs,0.49770376086235046,2573.962158203125,1602.4072265625,2602.8193359375,1645.9140625,2588.3907470703125,1624.16064453125,28.857177734375,43.5068359375
IMG_0048.mp4,1043,34.766666666666666,30.0,205,2,traffic_signs,0.6664944291114807,3558.63232421875,1595.1842041015625,3596.118896484375,1653.8961181640625,3577.3756103515625,1624.5401611328125,37.486572265625,58.7119140625
IMG_0048.mp4,1044,34.8,30.0,197,2,traffic_signs,0.8834328055381775,2677.23095703125,1542.2298583984375,2735.06396484375,1607.563720703125,2706.1474609375,1574.8967895507812,57.8330078125,65.3338623046875
IMG_0048.mp4,1044,34.8,30.0,202,2,traffic_signs,0.6473796963691711,2969.126953125,1651.5450439453125,3005.210693359375,1685.35498046875,2987.1688232421875,1668.4500122070312,36.083740234375,33.8099365234375
IMG_0048.mp4,1044,34.8,30.0,204,2,traffic_signs,0.6147382855415344,2551.02978515625,1600.138916015625,2580.803466796875,1644.0367431640625,2565.9166259765625,1622.0878295898438,29.773681640625,43.8978271484375
IMG_0048.mp4,1044,34.8,30.0,200,2,traffic_signs,0.3483574688434601,1051.0738525390625,81.14238739013672,1421.896484375,580.269775390625,1236.4851684570312,330.70608139038086,370.8226318359375,499.1273880004883
IMG_0048.mp4,1045,34.833333333333336,30.0,197,2,traffic_signs,0.8162968754768372,2654.96826171875,1539.0281982421875,2713.6689453125,1604.9984130859375,2684.318603515625,1572.0133056640625,58.70068359375,65.97021484375
IMG_0048.mp4,1045,34.833333333333336,30.0,202,2,traffic_signs,0.6952142119407654,2947.075439453125,1648.7900390625,2983.275390625,1682.654541015625,2965.1754150390625,1665.7222900390625,36.199951171875,33.864501953125
IMG_0048.mp4,1045,34.833333333333336,30.0,200,2,traffic_signs,0.3872954845428467,1017.43017578125,56.845916748046875,1364.7906494140625,524.8179321289062,1191.1104125976562,290.83192443847656,347.3604736328125,467.9720153808594
IMG_0048.mp4,1046,34.86666666666667,30.0,197,2,traffic_signs,0.7236292362213135,2633.467529296875,1538.26025390625,2691.40185546875,1603.3809814453125,2662.4346923828125,1570.8206176757812,57.934326171875,65.1207275390625
IMG_0048.mp4,1046,34.86666666666667,30.0,202,2,traffic_signs,0.7320773601531982,2925.042236328125,1646.900390625,2961.983154296875,1682.210693359375,2943.5126953125,1664.5555419921875,36.94091796875,35.310302734375
IMG_0048.mp4,1046,34.86666666666667,30.0,200,2,traffic_signs,0.4119175970554352,962.9583129882812,32.491661071777344,1304.7752685546875,501.4884033203125,1133.8667907714844,266.9900321960449,341.81695556640625,468.99674224853516
IMG_0048.mp4,1046,34.86666666666667,30.0,208,0,auth_label,0.5022166967391968,1420.47607421875,896.8884887695312,2214.787353515625,1947.069091796875,1817.6317138671875,1421.9787902832031,794.311279296875,1050.1806030273438
IMG_0048.mp4,1046,34.86666666666667,30.0,204,2,traffic_signs,0.4867808520793915,2509.735107421875,1597.7178955078125,2537.948974609375,1641.01318359375,2523.842041015625,1619.3655395507812,28.2138671875,43.2952880859375
IMG_0048.mp4,1047,34.9,30.0,197,2,traffic_signs,0.8592163324356079,2612.463134765625,1537.2196044921875,2670.243408203125,1603.177978515625,2641.353271484375,1570.1987915039062,57.7802734375,65.9583740234375
IMG_0048.mp4,1047,34.9,30.0,202,2,traffic_signs,0.734677791595459,2905.09912109375,1648.4232177734375,2940.819091796875,1682.447998046875,2922.9591064453125,1665.4356079101562,35.719970703125,34.0247802734375
IMG_0048.mp4,1047,34.9,30.0,208,0,auth_label,0.821099579334259,1360.9609375,997.1311645507812,2197.22802734375,1946.0343017578125,1779.094482421875,1471.5827331542969,836.26708984375,948.9031372070312
IMG_0048.mp4,1048,34.93333333333333,30.0,197,2,traffic_signs,0.9032717347145081,2590.114501953125,1534.1031494140625,2648.487060546875,1599.8255615234375,2619.30078125,1566.96435546875,58.37255859375,65.722412109375
IMG_0048.mp4,1048,34.93333333333333,30.0,202,2,traffic_signs,0.7648680806159973,2885.6923828125,1644.78515625,2921.10693359375,1679.7127685546875,2903.399658203125,1662.2489624023438,35.41455078125,34.9276123046875
IMG_0048.mp4,1048,34.93333333333333,30.0,208,0,auth_label,0.5181634426116943,1299.293701171875,964.71533203125,2181.24951171875,1940.3465576171875,1740.2716064453125,1452.5309448242188,881.955810546875,975.6312255859375
IMG_0048.mp4,1049,34.96666666666667,30.0,197,2,traffic_signs,0.876850962638855,2567.7958984375,1531.543212890625,2627.06787109375,1597.9727783203125,2597.431884765625,1564.7579956054688,59.27197265625,66.4295654296875
IMG_0048.mp4,1049,34.96666666666667,30.0,202,2,traffic_signs,0.7317736148834229,2863.384033203125,1643.0777587890625,2899.64208984375,1677.114501953125,2881.5130615234375,1660.0961303710938,36.258056640625,34.0367431640625
IMG_0048.mp4,1050,35.0,30.0,197,2,traffic_signs,0.8460873365402222,2546.194580078125,1530.3426513671875,2605.117919921875,1595.86181640625,2575.65625,1563.1022338867188,58.92333984375,65.5191650390625
IMG_0048.mp4,1050,35.0,30.0,202,2,traffic_signs,0.8223701119422913,2840.98388671875,1641.6932373046875,2878.7177734375,1676.3463134765625,2859.850830078125,1659.019775390625,37.73388671875,34.653076171875
IMG_0048.mp4,1051,35.03333333333333,30.0,197,2,traffic_signs,0.8282079696655273,2525.885986328125,1527.9503173828125,2583.5888671875,1592.506591796875,2554.7374267578125,1560.2284545898438,57.702880859375,64.5562744140625
IMG_0048.mp4,1051,35.03333333333333,30.0,202,2,traffic_signs,0.7881941795349121,2818.778564453125,1639.481689453125,2856.21728515625,1674.6082763671875,2837.4979248046875,1657.0449829101562,37.438720703125,35.1265869140625
IMG_0048.mp4,1051,35.03333333333333,30.0,211,2,traffic_signs,0.47925788164138794,576.8740844726562,52.691654205322266,892.9765014648438,454.18084716796875,734.92529296875,253.4362506866455,316.1024169921875,401.4891929626465
IMG_0048.mp4,1051,35.03333333333333,30.0,208,0,auth_label,0.5483605265617371,1189.932861328125,831.2975463867188,2107.07275390625,1932.911865234375,1648.5028076171875,1382.1047058105469,917.139892578125,1101.6143188476562
IMG_0048.mp4,1052,35.06666666666667,30.0,197,2,traffic_signs,0.8886881470680237,2505.442626953125,1525.89013671875,2561.932861328125,1590.474609375,2533.687744140625,1558.182373046875,56.490234375,64.58447265625
IMG_0048.mp4,1052,35.06666666666667,30.0,202,2,traffic_signs,0.8113139271736145,2796.701171875,1637.5423583984375,2834.8603515625,1673.495361328125,2815.78076171875,1655.5188598632812,38.1591796875,35.9530029296875
IMG_0048.mp4,1052,35.06666666666667,30.0,208,0,auth_label,0.35516539216041565,1161.1063232421875,811.5210571289062,2075.625732421875,1931.24853515625,1618.3660278320312,1371.3847961425781,914.5194091796875,1119.7274780273438
IMG_0048.mp4,1053,35.1,30.0,197,2,traffic_signs,0.9119408130645752,2483.6025390625,1522.3741455078125,2540.73095703125,1586.6201171875,2512.166748046875,1554.4971313476562,57.12841796875,64.2459716796875
IMG_0048.mp4,1053,35.1,30.0,202,2,traffic_signs,0.8234847187995911,2776.0224609375,1634.7476806640625,2814.24951171875,1671.001708984375,2795.135986328125,1652.8746948242188,38.22705078125,36.2540283203125
IMG_0048.mp4,1053,35.1,30.0,208,0,auth_label,0.6014294624328613,1132.596923828125,804.362548828125,2041.5198974609375,1926.568115234375,1587.0584106445312,1365.46533203125,908.9229736328125,1122.20556640625
IMG_0048.mp4,1054,35.13333333333333,30.0,197,2,traffic_signs,0.893958568572998,2462.76904296875,1520.3887939453125,2520.13232421875,1584.962646484375,2491.45068359375,1552.6757202148438,57.36328125,64.5738525390625
IMG_0048.mp4,1054,35.13333333333333,30.0,202,2,traffic_signs,0.8264114260673523,2757.427978515625,1632.793212890625,2795.253662109375,1669.20458984375,2776.3408203125,1650.9989013671875,37.82568359375,36.411376953125
IMG_0048.mp4,1054,35.13333333333333,30.0,208,0,auth_label,0.5183340311050415,1099.98388671875,802.287353515625,2020.1219482421875,1925.4986572265625,1560.0529174804688,1363.8930053710938,920.1380615234375,1123.2113037109375
IMG_0048.mp4,1054,35.13333333333333,30.0,214,2,traffic_signs,0.9114914536476135,3784.958251953125,1593.9949951171875,3835.917724609375,1679.438232421875,3810.43798828125,1636.7166137695312,50.95947265625,85.4432373046875
IMG_0048.mp4,1055,35.166666666666664,30.0,197,2,traffic_signs,0.5303010940551758,2441.997802734375,1517.5325927734375,2499.736083984375,1581.735107421875,2470.866943359375,1549.6338500976562,57.73828125,64.2025146484375
IMG_0048.mp4,1055,35.166666666666664,30.0,202,2,traffic_signs,0.8135203719139099,2737.116943359375,1630.7916259765625,2775.54248046875,1666.802734375,2756.3297119140625,1648.7971801757812,38.425537109375,36.0111083984375
IMG_0048.mp4,1055,35.166666666666664,30.0,208,0,auth_label,0.5295934081077576,1068.2178955078125,770.1895141601562,2006.3223876953125,1921.0780029296875,1537.2701416015625,1345.6337585449219,938.1044921875,1150.8884887695312
IMG_0048.mp4,1055,35.166666666666664,30.0,214,2,traffic_signs,0.9241675734519958,3762.135009765625,1590.569580078125,3832.324951171875,1678.6690673828125,3797.22998046875,1634.6193237304688,70.18994140625,88.0994873046875
IMG_0048.mp4,1056,35.2,30.0,197,2,traffic_signs,0.9038875699043274,2421.53564453125,1516.2474365234375,2479.985107421875,1579.5926513671875,2450.7603759765625,1547.9200439453125,58.449462890625,63.34521484375
IMG_0048.mp4,1056,35.2,30.0,202,2,traffic_signs,0.8015051484107971,2716.57373046875,1628.855712890625,2756.114501953125,1665.4061279296875,2736.3441162109375,1647.1309204101562,39.540771484375,36.5504150390625
IMG_0048.mp4,1056,35.2,30.0,208,0,auth_label,0.41506555676460266,1041.5255126953125,786.1793212890625,1964.640869140625,1918.6873779296875,1503.0831909179688,1352.433349609375,923.1153564453125,1132.508056640625
IMG_0048.mp4,1056,35.2,30.0,214,2,traffic_signs,0.9145516753196716,3738.76416015625,1589.306396484375,3829.2900390625,1677.3165283203125,3784.027099609375,1633.3114624023438,90.52587890625,88.0101318359375
IMG_0048.mp4,1057,35.233333333333334,30.0,197,2,traffic_signs,0.9292296767234802,2402.949951171875,1512.5311279296875,2460.737060546875,1576.8289794921875,2431.843505859375,1544.6800537109375,57.787109375,64.2978515625
IMG_0048.mp4,1057,35.233333333333334,30.0,202,2,traffic_signs,0.7823578119277954,2697.9833984375,1625.7213134765625,2736.731201171875,1663.042236328125,2717.3572998046875,1644.3817749023438,38.747802734375,37.3209228515625
IMG_0048.mp4,1057,35.233333333333334,30.0,208,0,auth_label,0.3149016797542572,1007.2715454101562,824.2064208984375,1941.6436767578125,1913.579345703125,1474.4576110839844,1368.8928833007812,934.3721313476562,1089.3729248046875
IMG_0048.mp4,1057,35.233333333333334,30.0,214,2,traffic_signs,0.9172671437263489,3716.196533203125,1586.476806640625,3818.24951171875,1674.9647216796875,3767.2230224609375,1630.7207641601562,102.052978515625,88.4879150390625
IMG_0048.mp4,1058,35.266666666666666,30.0,197,2,traffic_signs,0.9137361645698547,2383.723876953125,1509.853515625,2441.15478515625,1574.6104736328125,2412.4393310546875,1542.2319946289062,57.430908203125,64.7569580078125
IMG_0048.mp4,1058,35.266666666666666,30.0,202,2,traffic_signs,0.7768843770027161,2679.715576171875,1622.9254150390625,2717.9638671875,1660.7252197265625,2698.8397216796875,1641.8253173828125,38.248291015625,37.7998046875
IMG_0048.mp4,1058,35.266666666666666,30.0,208,0,auth_label,0.4064875841140747,978.5712280273438,919.6953125,1925.3204345703125,1908.0958251953125,1451.9458312988281,1413.8955688476562,946.7492065429688,988.4005126953125
IMG_0048.mp4,1058,35.266666666666666,30.0,214,2,traffic_signs,0.9208969473838806,3694.118896484375,1585.1083984375,3798.28466796875,1672.865234375,3746.2017822265625,1628.98681640625,104.165771484375,87.7568359375
IMG_0048.mp4,1059,35.3,30.0,197,2,traffic_signs,0.908109724521637,2363.28271484375,1507.0386962890625,2421.7060546875,1572.421630859375,2392.494384765625,1539.7301635742188,58.42333984375,65.3829345703125
IMG_0048.mp4,1059,35.3,30.0,202,2,traffic_signs,0.4455921947956085,2661.45849609375,1621.3466796875,2699.18994140625,1657.6597900390625,2680.32421875,1639.5032348632812,37.7314453125,36.3131103515625
IMG_0048.mp4,1059,35.3,30.0,214,2,traffic_signs,0.9157384037971497,3672.50390625,1584.1915283203125,3777.564697265625,1670.3870849609375,3725.0343017578125,1627.289306640625,105.060791015625,86.195556640625
IMG_0048.mp4,1060,35.333333333333336,30.0,197,2,traffic_signs,0.8381621241569519,2344.817138671875,1504.1536865234375,2402.15673828125,1570.613037109375,2373.4869384765625,1537.3833618164062,57.339599609375,66.4593505859375
IMG_0048.mp4,1060,35.333333333333336,30.0,202,2,traffic_signs,0.642059326171875,2642.439697265625,1618.6961669921875,2681.347412109375,1655.8704833984375,2661.8935546875,1637.2833251953125,38.90771484375,37.17431640625
IMG_0048.mp4,1060,35.333333333333336,30.0,214,2,traffic_signs,0.9009243845939636,3651.608642578125,1580.177001953125,3755.90380859375,1668.128173828125,3703.7562255859375,1624.152587890625,104.295166015625,87.951171875
IMG_0048.mp4,1060,35.333333333333336,30.0,208,0,auth_label,0.3693367540836334,911.7390747070312,1015.91748046875,1847.6046142578125,1896.359375,1379.6718444824219,1456.138427734375,935.8655395507812,880.44189453125
IMG_0048.mp4,1061,35.36666666666667,30.0,197,2,traffic_signs,0.9168573021888733,2327.67138671875,1502.38525390625,2385.285400390625,1568.9310302734375,2356.4783935546875,1535.6581420898438,57.614013671875,66.5457763671875
IMG_0048.mp4,1061,35.36666666666667,30.0,202,2,traffic_signs,0.8096623420715332,2624.62548828125,1616.9432373046875,2664.392578125,1655.257080078125,2644.509033203125,1636.1001586914062,39.76708984375,38.3138427734375
IMG_0048.mp4,1061,35.36666666666667,30.0,214,2,traffic_signs,0.8942216038703918,3632.065673828125,1577.6248779296875,3735.6689453125,1666.0380859375,3683.8673095703125,1621.8314819335938,103.603271484375,88.4132080078125
IMG_0048.mp4,1061,35.36666666666667,30.0,219,2,traffic_signs,0.6954305171966553,2219.311767578125,1563.23876953125,2249.179931640625,1607.242919921875,2234.245849609375,1585.2408447265625,29.8681640625,44.004150390625
IMG_0048.mp4,1062,35.4,30.0,197,2,traffic_signs,0.8987858891487122,2310.72119140625,1500.3931884765625,2367.49609375,1566.3704833984375,2339.108642578125,1533.3818359375,56.77490234375,65.977294921875
IMG_0048.mp4,1062,35.4,30.0,202,2,traffic_signs,0.4959178864955902,2606.79443359375,1614.6375732421875,2647.46630859375,1654.2501220703125,2627.13037109375,1634.44384765625,40.671875,39.612548828125
IMG_0048.mp4,1062,35.4,30.0,214,2,traffic_signs,0.9010530114173889,3611.45751953125,1575.600341796875,3715.007080078125,1664.0826416015625,3663.2322998046875,1619.8414916992188,103.549560546875,88.4822998046875
IMG_0048.mp4,1062,35.4,30.0,219,2,traffic_signs,0.7817649245262146,2201.72802734375,1562.1103515625,2231.814208984375,1605.3817138671875,2216.7711181640625,1583.7460327148438,30.086181640625,43.2713623046875
IMG_0048.mp4,1063,35.43333333333333,30.0,197,2,traffic_signs,0.909660816192627,2293.2978515625,1497.1641845703125,2349.109375,1563.2520751953125,2321.20361328125,1530.2081298828125,55.8115234375,66.087890625
IMG_0048.mp4,1063,35.43333333333333,30.0,202,2,traffic_signs,0.8393233418464661,2591.786865234375,1612.1002197265625,2630.069580078125,1651.8668212890625,2610.92822265625,1631.9835205078125,38.28271484375,39.7666015625
IMG_0048.mp4,1063,35.43333333333333,30.0,214,2,traffic_signs,0.9149343967437744,3593.0439453125,1572.38232421875,3696.010986328125,1661.4508056640625,3644.5274658203125,1616.9165649414062,102.967041015625,89.0684814453125
IMG_0048.mp4,1063,35.43333333333333,30.0,219,2,traffic_signs,0.6645811200141907,2186.82861328125,1560.5023193359375,2215.257080078125,1603.0379638671875,2201.0428466796875,1581.7701416015625,28.428466796875,42.53564453125
IMG_0048.mp4,1063,35.43333333333333,30.0,220,2,traffic_signs,0.7502766251564026,2246.4111328125,1451.0074462890625,2297.724365234375,1585.72265625,2272.0677490234375,1518.3650512695312,51.313232421875,134.7152099609375
IMG_0048.mp4,1063,35.43333333333333,30.0,208,0,auth_label,0.48415690660476685,822.2875366210938,830.1630859375,1817.001708984375,1898.3753662109375,1319.6446228027344,1364.2692260742188,994.7141723632812,1068.2122802734375
IMG_0048.mp4,1064,35.46666666666667,30.0,197,2,traffic_signs,0.918799877166748,2273.89697265625,1494.14892578125,2330.84423828125,1559.8367919921875,2302.37060546875,1526.9928588867188,56.947265625,65.6878662109375
IMG_0048.mp4,1064,35.46666666666667,30.0,202,2,traffic_signs,0.5295156836509705,2575.78466796875,1610.499267578125,2612.885009765625,1649.4534912109375,2594.3348388671875,1629.9763793945312,37.100341796875,38.9542236328125
IMG_0048.mp4,1064,35.46666666666667,30.0,214,2,traffic_signs,0.9182533621788025,3573.285888671875,1569.3359375,3674.879150390625,1658.2989501953125,3624.08251953125,1613.8174438476562,101.59326171875,88.9630126953125
IMG_0048.mp4,1064,35.46666666666667,30.0,219,2,traffic_signs,0.5826130509376526,2170.0322265625,1557.3441162109375,2198.826171875,1598.938232421875,2184.42919921875,1578.1411743164062,28.7939453125,41.5941162109375
IMG_0048.mp4,1065,35.5,30.0,197,2,traffic_signs,0.911230742931366,2256.414794921875,1492.0166015625,2313.657958984375,1557.295654296875,2285.036376953125,1524.6561279296875,57.2431640625,65.279052734375
IMG_0048.mp4,1065,35.5,30.0,214,2,traffic_signs,0.9117712378501892,3555.144287109375,1565.927001953125,3655.519775390625,1655.915771484375,3605.33203125,1610.92138671875,100.37548828125,89.98876953125
IMG_0048.mp4,1065,35.5,30.0,219,2,traffic_signs,0.8057349324226379,2153.855712890625,1555.951416015625,2182.01806640625,1598.0849609375,2167.9368896484375,1577.0181884765625,28.162353515625,42.133544921875
IMG_0048.mp4,1066,35.53333333333333,30.0,197,2,traffic_signs,0.9134498238563538,2238.0107421875,1489.75390625,2296.532958984375,1554.9566650390625,2267.2718505859375,1522.3552856445312,58.522216796875,65.2027587890625
IMG_0048.mp4,1066,35.53333333333333,30.0,214,2,traffic_signs,0.9036896228790283,3537.0859375,1564.72265625,3637.6064453125,1652.6466064453125,3587.34619140625,1608.6846313476562,100.5205078125,87.9239501953125
IMG_0048.mp4,1066,35.53333333333333,30.0,219,2,traffic_signs,0.7266262769699097,2138.083984375,1553.8927001953125,2166.2841796875,1596.327880859375,2152.18408203125,1575.1102905273438,28.2001953125,42.4351806640625
IMG_0048.mp4,1066,35.53333333333333,30.0,202,2,traffic_signs,0.6793453693389893,2542.82470703125,1606.6456298828125,2579.993896484375,1646.7039794921875,2561.4093017578125,1626.6748046875,37.169189453125,40.058349609375
IMG_0048.mp4,1067,35.56666666666667,30.0,197,2,traffic_signs,0.9203580617904663,2220.230224609375,1487.3333740234375,2278.298095703125,1552.4990234375,2249.26416015625,1519.9161987304688,58.06787109375,65.1656494140625
IMG_0048.mp4,1067,35.56666666666667,30.0,214,2,traffic_signs,0.9107081294059753,3518.801025390625,1563.51806640625,3619.076904296875,1650.6724853515625,3568.93896484375,1607.0952758789062,100.27587890625,87.1544189453125
IMG_0048.mp4,1067,35.56666666666667,30.0,219,2,traffic_signs,0.4989735782146454,2121.26220703125,1551.1539306640625,2149.5419921875,1592.251953125,2135.402099609375,1571.7029418945312,28.27978515625,41.0980224609375
IMG_0048.mp4,1067,35.56666666666667,30.0,202,2,traffic_signs,0.5310291647911072,2525.33935546875,1605.2628173828125,2562.189453125,1644.7310791015625,2543.764404296875,1624.9969482421875,36.85009765625,39.46826171875
IMG_0048.mp4,1068,35.6,30.0,197,2,traffic_signs,0.9198110699653625,2202.929931640625,1483.49462890625,2260.600341796875,1549.171630859375,2231.76513671875,1516.3331298828125,57.67041015625,65.677001953125
IMG_0048.mp4,1068,35.6,30.0,214,2,traffic_signs,0.6836352348327637,3500.82861328125,1559.6112060546875,3599.763671875,1647.4603271484375,3550.296142578125,1603.5357666015625,98.93505859375,87.84912109375
IMG_0048.mp4,1068,35.6,30.0,219,2,traffic_signs,0.5919490456581116,2104.146240234375,1548.0037841796875,2133.267822265625,1589.3837890625,2118.70703125,1568.6937866210938,29.12158203125,41.3800048828125
IMG_0048.mp4,1068,35.6,30.0,202,2,traffic_signs,0.707798957824707,2510.170654296875,1602.13330078125,2548.216796875,1640.482177734375,2529.1937255859375,1621.3077392578125,38.046142578125,38.348876953125
IMG_0048.mp4,1069,35.63333333333333,30.0,197,2,traffic_signs,0.9045720100402832,2186.453857421875,1481.391845703125,2242.804443359375,1547.5740966796875,2214.629150390625,1514.4829711914062,56.3505859375,66.1822509765625
IMG_0048.mp4,1069,35.63333333333333,30.0,214,2,traffic_signs,0.9047033786773682,3483.969970703125,1558.10791015625,3581.508056640625,1645.463134765625,3532.739013671875,1601.7855224609375,97.5380859375,87.355224609375
IMG_0048.mp4,1069,35.63333333333333,30.0,219,2,traffic_signs,0.5735067129135132,2089.338134765625,1545.983642578125,2117.958740234375,1588.760986328125,2103.6484375,1567.372314453125,28.62060546875,42.77734375
IMG_0048.mp4,1069,35.63333333333333,30.0,202,2,traffic_signs,0.8187301158905029,2494.059326171875,1600.989990234375,2532.492919921875,1637.5323486328125,2513.276123046875,1619.2611694335938,38.43359375,36.5423583984375
IMG_0048.mp4,1069,35.63333333333333,30.0,226,2,traffic_signs,0.5745626091957092,2674.865966796875,1320.0531005859375,2759.463623046875,1510.70361328125,2717.164794921875,1415.3783569335938,84.59765625,190.6505126953125
IMG_0048.mp4,1069,35.63333333333333,30.0,208,0,auth_label,0.5140078663825989,636.8751220703125,775.0735473632812,1648.992431640625,1893.7464599609375,1142.9337768554688,1334.4100036621094,1012.1173095703125,1118.6729125976562
IMG_0048.mp4,1070,35.666666666666664,30.0,197,2,traffic_signs,0.9016254544258118,2170.89892578125,1478.3607177734375,2222.922119140625,1544.0501708984375,2196.9105224609375,1511.2054443359375,52.023193359375,65.689453125
IMG_0048.mp4,1070,35.666666666666664,30.0,214,2,traffic_signs,0.8798077702522278,3467.259765625,1553.3802490234375,3565.196044921875,1641.2210693359375,3516.2279052734375,1597.3006591796875,97.936279296875,87.8408203125
IMG_0048.mp4,1070,35.666666666666664,30.0,219,2,traffic_signs,0.3934226930141449,2074.50634765625,1542.059814453125,2104.335693359375,1585.236572265625,2089.4210205078125,1563.648193359375,29.829345703125,43.1767578125
IMG_0048.mp4,1070,35.666666666666664,30.0,202,2,traffic_signs,0.6705499291419983,2479.635986328125,1597.24072265625,2516.6376953125,1632.1153564453125,2498.1368408203125,1614.6780395507812,37.001708984375,34.8746337890625
IMG_0048.mp4,1071,35.7,30.0,197,2,traffic_signs,0.8928428888320923,2153.123291015625,1476.1361083984375,2200.42724609375,1539.497802734375,2176.7752685546875,1507.8169555664062,47.303955078125,63.3616943359375
IMG_0048.mp4,1071,35.7,30.0,214,2,traffic_signs,0.8810746669769287,3448.557861328125,1550.430908203125,3546.547119140625,1638.6339111328125,3497.552490234375,1594.5324096679688,97.9892578125,88.2030029296875
IMG_0048.mp4,1071,35.7,30.0,219,2,traffic_signs,0.6082737445831299,2057.205810546875,1538.82958984375,2087.1162109375,1582.9073486328125,2072.1610107421875,1560.8684692382812,29.910400390625,44.0777587890625
IMG_0048.mp4,1071,35.7,30.0,229,2,traffic_signs,0.6160226464271545,2102.1982421875,1487.6505126953125,2146.515869140625,1563.0853271484375,2124.3570556640625,1525.367919921875,44.317626953125,75.434814453125
IMG_0048.mp4,1071,35.7,30.0,230,2,traffic_signs,0.44311442971229553,2109.263427734375,1415.55517578125,2150.6708984375,1487.5845947265625,2129.9671630859375,1451.5698852539062,41.407470703125,72.0294189453125
IMG_0048.mp4,1071,35.7,30.0,226,2,traffic_signs,0.6680179238319397,2637.99755859375,1351.869873046875,2719.834716796875,1497.3656005859375,2678.9161376953125,1424.6177368164062,81.837158203125,145.4957275390625
IMG_0048.mp4,1072,35.733333333333334,30.0,197,2,traffic_signs,0.8299548029899597,2136.22314453125,1473.131591796875,2176.510498046875,1537.6990966796875,2156.3668212890625,1505.4153442382812,40.287353515625,64.5675048828125
IMG_0048.mp4,1072,35.733333333333334,30.0,214,2,traffic_signs,0.8988062143325806,3432.305908203125,1547.779052734375,3528.26025390625,1636.501220703125,3480.2830810546875,1592.14013671875,95.954345703125,88.72216796875
IMG_0048.mp4,1072,35.733333333333334,30.0,219,2,traffic_signs,0.4317140579223633,2042.05908203125,1537.194580078125,2071.357666015625,1581.06201171875,2056.7083740234375,1559.1282958984375,29.298583984375,43.867431640625
IMG_0048.mp4,1072,35.733333333333334,30.0,226,2,traffic_signs,0.29697781801223755,2617.63671875,1348.18017578125,2702.534423828125,1492.58251953125,2660.0855712890625,1420.38134765625,84.897705078125,144.40234375
IMG_0048.mp4,1072,35.733333333333334,30.0,208,0,auth_label,0.2725463807582855,546.39892578125,948.5821533203125,1550.17236328125,1883.6962890625,1048.28564453125,1416.1392211914062,1003.7734375,935.1141357421875
IMG_0048.mp4,1072,35.733333333333334,30.0,202,2,traffic_signs,0.5602442026138306,2447.927978515625,1594.591552734375,2485.351318359375,1629.1026611328125,2466.6396484375,1611.8471069335938,37.42333984375,34.5111083984375
IMG_0048.mp4,1073,35.766666666666666,30.0,214,2,traffic_signs,0.914223313331604,3416.979736328125,1546.896240234375,3511.915283203125,1635.4193115234375,3464.447509765625,1591.1577758789062,94.935546875,88.5230712890625
IMG_0048.mp4,1073,35.766666666666666,30.0,219,2,traffic_signs,0.2844066321849823,2026.4613037109375,1536.7274169921875,2056.804443359375,1579.61083984375,2041.6328735351562,1558.1691284179688,30.3431396484375,42.8834228515625
IMG_0048.mp4,1073,35.766666666666666,30.0,202,2,traffic_signs,0.4840664267539978,2432.34521484375,1594.0855712890625,2470.884521484375,1627.3336181640625,2451.6148681640625,1610.7095947265625,38.539306640625,33.248046875
IMG_0048.mp4,1074,35.8,30.0,214,2,traffic_signs,0.9147925972938538,3399.3916015625,1542.81787109375,3496.78369140625,1631.573486328125,3448.087646484375,1587.1956787109375,97.39208984375,88.755615234375
IMG_0048.mp4,1074,35.8,30.0,219,2,traffic_signs,0.6767019033432007,2010.3697509765625,1533.6876220703125,2039.9420166015625,1576.17529296875,2025.1558837890625,1554.9314575195312,29.572265625,42.4876708984375
IMG_0048.mp4,1074,35.8,30.0,202,2,traffic_signs,0.7963048219680786,2417.556396484375,1590.0732421875,2455.431396484375,1623.8843994140625,2436.493896484375,1606.9788208007812,37.875,33.8111572265625
IMG_0048.mp4,1075,35.833333333333336,30.0,214,2,traffic_signs,0.9202004671096802,3382.2109375,1540.5909423828125,3480.4208984375,1629.0692138671875,3431.31591796875,1584.830078125,98.2099609375,88.478271484375
IMG_0048.mp4,1075,35.833333333333336,30.0,219,2,traffic_signs,0.6851073503494263,1995.8779296875,1531.52001953125,2025.1417236328125,1575.12646484375,2010.5098266601562,1553.3232421875,29.2637939453125,43.6064453125
IMG_0048.mp4,1075,35.833333333333336,30.0,202,2,traffic_signs,0.6206312775611877,2402.536865234375,1588.371337890625,2441.194091796875,1622.344482421875,2421.865478515625,1605.35791015625,38.6572265625,33.97314453125
IMG_0048.mp4,1076,35.86666666666667,30.0,214,2,traffic_signs,0.9007611274719238,3365.6669921875,1540.10546875,3462.040771484375,1628.3760986328125,3413.8538818359375,1584.2407836914062,96.373779296875,88.2706298828125
IMG_0048.mp4,1076,35.86666666666667,30.0,219,2,traffic_signs,0.4762994050979614,1979.5960693359375,1530.70654296875,2009.5963134765625,1573.364990234375,1994.59619140625,1552.0357666015625,30.000244140625,42.658447265625
IMG_0048.mp4,1076,35.86666666666667,30.0,202,2,traffic_signs,0.6918018460273743,2387.25830078125,1588.5135498046875,2426.59814453125,1621.647216796875,2406.92822265625,1605.0803833007812,39.33984375,33.1336669921875
IMG_0048.mp4,1077,35.9,30.0,214,2,traffic_signs,0.892900288105011,3347.941650390625,1538.831298828125,3444.1474609375,1627.42626953125,3396.0445556640625,1583.1287841796875,96.205810546875,88.594970703125
IMG_0048.mp4,1077,35.9,30.0,219,2,traffic_signs,0.6980796456336975,1963.621337890625,1529.8204345703125,1991.3597412109375,1572.71044921875,1977.4905395507812,1551.2654418945312,27.7384033203125,42.8900146484375
IMG_0048.mp4,1077,35.9,30.0,202,2,traffic_signs,0.5121197700500488,2371.55224609375,1587.3055419921875,2410.408447265625,1620.2061767578125,2390.9803466796875,1603.755859375,38.856201171875,32.900634765625
IMG_0048.mp4,1078,35.93333333333333,30.0,214,2,traffic_signs,0.9183053970336914,3331.003662109375,1536.37158203125,3426.793701171875,1624.279052734375,3378.898681640625,1580.3253173828125,95.7900390625,87.907470703125
IMG_0048.mp4,1079,35.96666666666667,30.0,214,2,traffic_signs,0.8944940567016602,3314.92138671875,1536.3887939453125,3408.76416015625,1623.22412109375,3361.8427734375,1579.8064575195312,93.8427734375,86.8353271484375
IMG_0048.mp4,1079,35.96666666666667,30.0,202,2,traffic_signs,0.3384826183319092,2341.135986328125,1584.461669921875,2379.06689453125,1614.1763916015625,2360.1014404296875,1599.3190307617188,37.930908203125,29.7147216796875
IMG_0048.mp4,1080,36.0,30.0,214,2,traffic_signs,0.8796181678771973,3301.102783203125,1534.2269287109375,3394.131591796875,1621.3416748046875,3347.6171875,1577.7843017578125,93.02880859375,87.11474609375
IMG_0048.mp4,1080,36.0,30.0,202,2,traffic_signs,0.6328478455543518,2326.6201171875,1581.7484130859375,2364.98583984375,1611.5516357421875,2345.802978515625,1596.6500244140625,38.36572265625,29.80322265625
IMG_0048.mp4,1081,36.03333333333333,30.0,214,2,traffic_signs,0.8914613127708435,3285.96435546875,1532.5247802734375,3380.0966796875,1619.082275390625,3333.030517578125,1575.8035278320312,94.13232421875,86.5574951171875
IMG_0048.mp4,1082,36.06666666666667,30.0,214,2,traffic_signs,0.8961007595062256,3269.26318359375,1531.7960205078125,3361.299072265625,1619.261474609375,3315.2811279296875,1575.5287475585938,92.035888671875,87.4654541015625
IMG_0048.mp4,1082,36.06666666666667,30.0,234,2,traffic_signs,0.6410741806030273,1981.6978759765625,1454.03369140625,2030.8436279296875,1520.3785400390625,2006.270751953125,1487.2061157226562,49.145751953125,66.3448486328125
IMG_0048.mp4,1083,36.1,30.0,214,2,traffic_signs,0.8718128800392151,3254.0673828125,1527.99658203125,3347.069580078125,1616.2557373046875,3300.5684814453125,1572.1261596679688,93.002197265625,88.2591552734375
IMG_0048.mp4,1083,36.1,30.0,234,2,traffic_signs,0.9060108661651611,1961.5908203125,1450.3653564453125,2015.6475830078125,1516.9189453125,1988.6192016601562,1483.6421508789062,54.0567626953125,66.5535888671875
IMG_0048.mp4,1084,36.13333333333333,30.0,214,2,traffic_signs,0.9135443568229675,3240.812744140625,1526.292724609375,3333.7880859375,1615.608154296875,3287.3004150390625,1570.950439453125,92.975341796875,89.3154296875
IMG_0048.mp4,1084,36.13333333333333,30.0,234,2,traffic_signs,0.9182097315788269,1943.1151123046875,1448.0853271484375,2000.3751220703125,1515.5819091796875,1971.7451171875,1481.8336181640625,57.260009765625,67.49658203125
IMG_0048.mp4,1085,36.166666666666664,30.0,214,2,traffic_signs,0.9058501124382019,3228.371826171875,1523.9248046875,3322.69873046875,1613.4989013671875,3275.5352783203125,1568.7118530273438,94.326904296875,89.5740966796875
IMG_0048.mp4,1085,36.166666666666664,30.0,234,2,traffic_signs,0.9191617965698242,1926.8367919921875,1444.8099365234375,1985.6939697265625,1512.10009765625,1956.265380859375,1478.4550170898438,58.857177734375,67.2901611328125
IMG_0048.mp4,1086,36.2,30.0,214,2,traffic_signs,0.9128569960594177,3215.44384765625,1522.005615234375,3309.069091796875,1612.3660888671875,3262.2564697265625,1567.1858520507812,93.625244140625,90.3604736328125
IMG_0048.mp4,1086,36.2,30.0,234,2,traffic_signs,0.92717045545578,1911.75927734375,1443.925537109375,1970.3438720703125,1510.8612060546875,1941.0515747070312,1477.3933715820312,58.5845947265625,66.9356689453125
IMG_0048.mp4,1087,36.233333333333334,30.0,214,2,traffic_signs,0.9085028171539307,3203.925537109375,1519.4490966796875,3298.488037109375,1610.6265869140625,3251.206787109375,1565.037841796875,94.5625,91.177490234375
IMG_0048.mp4,1087,36.233333333333334,30.0,234,2,traffic_signs,0.9124372601509094,1896.950439453125,1441.5262451171875,1956.76904296875,1508.3826904296875,1926.8597412109375,1474.9544677734375,59.818603515625,66.8564453125
IMG_0048.mp4,1088,36.266666666666666,30.0,214,2,traffic_signs,0.9125452637672424,3190.8173828125,1517.5645751953125,3284.346435546875,1608.5477294921875,3237.5819091796875,1563.05615234375,93.529052734375,90.983154296875
IMG_0048.mp4,1088,36.266666666666666,30.0,234,2,traffic_signs,0.9139442443847656,1882.4083251953125,1438.6181640625,1941.8878173828125,1506.3856201171875,1912.1480712890625,1472.5018920898438,59.4794921875,67.7674560546875
IMG_0048.mp4,1088,36.266666666666666,30.0,238,2,traffic_signs,0.5622009038925171,1816.037109375,1441.5201416015625,1861.577880859375,1540.45751953125,1838.8074951171875,1490.9888305664062,45.540771484375,98.9373779296875
IMG_0048.mp4,1089,36.3,30.0,214,2,traffic_signs,0.8975066542625427,3180.43701171875,1515.6783447265625,3274.3369140625,1606.0595703125,3227.386962890625,1560.8689575195312,93.89990234375,90.3812255859375
IMG_0048.mp4,1089,36.3,30.0,234,2,traffic_signs,0.9009740352630615,1868.6893310546875,1435.3067626953125,1928.79248046875,1504.908203125,1898.7409057617188,1470.1074829101562,60.1031494140625,69.6014404296875
IMG_0048.mp4,1089,36.3,30.0,238,2,traffic_signs,0.8345950245857239,1800.2857666015625,1387.6533203125,1855.4677734375,1538.28759765625,1827.8767700195312,1462.970458984375,55.1820068359375,150.63427734375
IMG_0048.mp4,1090,36.333333333333336,30.0,214,2,traffic_signs,0.8990609049797058,3167.980712890625,1514.6932373046875,3261.98876953125,1604.8480224609375,3214.9847412109375,1559.7706298828125,94.008056640625,90.15478515625
IMG_0048.mp4,1090,36.333333333333336,30.0,234,2,traffic_signs,0.9070959091186523,1854.4404296875,1434.2542724609375,1916.210205078125,1503.2503662109375,1885.3253173828125,1468.7523193359375,61.769775390625,68.99609375
IMG_0048.mp4,1090,36.333333333333336,30.0,238,2,traffic_signs,0.3031737208366394,1785.6065673828125,1369.0069580078125,1841.950927734375,1534.5150146484375,1813.7787475585938,1451.760986328125,56.3443603515625,165.508056640625
IMG_0048.mp4,1091,36.36666666666667,30.0,214,2,traffic_signs,0.876766562461853,3156.509765625,1513.0328369140625,3251.77001953125,1602.4703369140625,3204.139892578125,1557.7515869140625,95.26025390625,89.4375
IMG_0048.mp4,1091,36.36666666666667,30.0,234,2,traffic_signs,0.7737981677055359,1840.26416015625,1433.2481689453125,1902.9813232421875,1501.974365234375,1871.6227416992188,1467.6112670898438,62.7171630859375,68.7261962890625
IMG_0048.mp4,1091,36.36666666666667,30.0,238,2,traffic_signs,0.3453742265701294,1770.9693603515625,1362.267578125,1830.6417236328125,1531.67919921875,1800.8055419921875,1446.973388671875,59.67236328125,169.41162109375
IMG_0048.mp4,1092,36.4,30.0,214,2,traffic_signs,0.887977123260498,3143.072021484375,1511.114990234375,3237.885498046875,1600.83349609375,3190.478759765625,1555.9742431640625,94.8134765625,89.718505859375
IMG_0048.mp4,1092,36.4,30.0,234,2,traffic_signs,0.8981516361236572,1825.5889892578125,1431.0257568359375,1888.748779296875,1499.892333984375,1857.1688842773438,1465.4590454101562,63.1597900390625,68.8665771484375
IMG_0048.mp4,1093,36.43333333333333,30.0,214,2,traffic_signs,0.840172290802002,3134.038330078125,1509.9647216796875,3227.846923828125,1599.2852783203125,3180.942626953125,1554.625,93.80859375,89.320556640625
IMG_0048.mp4,1093,36.43333333333333,30.0,234,2,traffic_signs,0.9050490260124207,1812.468505859375,1429.3548583984375,1874.58935546875,1497.5242919921875,1843.5289306640625,1463.4395751953125,62.120849609375,68.16943359375
IMG_0048.mp4,1093,36.43333333333333,30.0,242,2,traffic_signs,0.6022941470146179,2600.88818359375,1591.723876953125,2708.36376953125,1723.279052734375,2654.6259765625,1657.50146484375,107.4755859375,131.55517578125
IMG_0048.mp4,1093,36.43333333333333,30.0,243,2,traffic_signs,0.33692726492881775,2599.936767578125,1595.5289306640625,2708.0966796875,1719.437255859375,2654.0167236328125,1657.4830932617188,108.159912109375,123.9083251953125
IMG_0048.mp4,1094,36.46666666666667,30.0,214,2,traffic_signs,0.8891609907150269,3122.71240234375,1506.0345458984375,3215.134765625,1596.826171875,3168.923583984375,1551.4303588867188,92.42236328125,90.7916259765625
IMG_0048.mp4,1094,36.46666666666667,30.0,234,2,traffic_signs,0.8980874419212341,1797.6610107421875,1426.0992431640625,1862.3883056640625,1494.65234375,1830.024658203125,1460.3757934570312,64.727294921875,68.5531005859375
IMG_0048.mp4,1095,36.5,30.0,214,2,traffic_signs,0.875298261642456,3111.5595703125,1505.2635498046875,3202.98193359375,1595.24609375,3157.270751953125,1550.2548217773438,91.42236328125,89.9825439453125
IMG_0048.mp4,1095,36.5,30.0,234,2,traffic_signs,0.8916186690330505,1783.240234375,1424.301513671875,1847.3455810546875,1493.9207763671875,1815.2929077148438,1459.1111450195312,64.1053466796875,69.6192626953125
IMG_0048.mp4,1095,36.5,30.0,238,2,traffic_signs,0.6916418075561523,1705.90185546875,1354.3572998046875,1764.6649169921875,1522.810546875,1735.2833862304688,1438.5839233398438,58.7630615234375,168.4532470703125
IMG_0048.mp4,1096,36.53333333333333,30.0,214,2,traffic_signs,0.901288628578186,3099.98583984375,1503.7020263671875,3191.4541015625,1593.6053466796875,3145.719970703125,1548.6536865234375,91.46826171875,89.9033203125
IMG_0048.mp4,1096,36.53333333333333,30.0,234,2,traffic_signs,0.8463625311851501,1768.213623046875,1423.220947265625,1833.7060546875,1492.1297607421875,1800.9598388671875,1457.6753540039062,65.492431640625,68.9088134765625
IMG_0048.mp4,1096,36.53333333333333,30.0,242,2,traffic_signs,0.5795975923538208,2547.22314453125,1581.231201171875,2666.7275390625,1713.519775390625,2606.975341796875,1647.37548828125,119.50439453125,132.28857421875
IMG_0048.mp4,1096,36.53333333333333,30.0,243,2,traffic_signs,0.6725054383277893,2547.1025390625,1583.31640625,2666.1171875,1711.4256591796875,2606.60986328125,1647.3710327148438,119.0146484375,128.1092529296875
IMG_0048.mp4,1097,36.56666666666667,30.0,214,2,traffic_signs,0.8643391728401184,3088.645263671875,1502.9874267578125,3182.247802734375,1591.900634765625,3135.446533203125,1547.4440307617188,93.6025390625,88.9132080078125
IMG_0048.mp4,1097,36.56666666666667,30.0,234,2,traffic_signs,0.8894753456115723,1754.1590576171875,1419.89453125,1819.8369140625,1490.06787109375,1786.9979858398438,1454.981201171875,65.6778564453125,70.17333984375
IMG_0048.mp4,1097,36.56666666666667,30.0,242,2,traffic_signs,0.6592794060707092,2532.096435546875,1578.7904052734375,2653.282958984375,1711.61865234375,2592.689697265625,1645.2045288085938,121.1865234375,132.8282470703125
IMG_0048.mp4,1097,36.56666666666667,30.0,243,2,traffic_signs,0.6929789185523987,2533.298583984375,1579.54248046875,2652.501708984375,1709.656982421875,2592.900146484375,1644.5997314453125,119.203125,130.114501953125
IMG_0048.mp4,1097,36.56666666666667,30.0,238,2,traffic_signs,0.6055241227149963,1675.1204833984375,1345.6551513671875,1736.8056640625,1537.4927978515625,1705.9630737304688,1441.573974609375,61.6851806640625,191.837646484375
IMG_0048.mp4,1098,36.6,30.0,214,2,traffic_signs,0.907604992389679,3077.439697265625,1501.757080078125,3170.076171875,1590.9906005859375,3123.7579345703125,1546.3738403320312,92.636474609375,89.2335205078125
IMG_0048.mp4,1098,36.6,30.0,234,2,traffic_signs,0.89271479845047,1741.1363525390625,1419.35205078125,1804.213134765625,1488.7532958984375,1772.6747436523438,1454.0526733398438,63.0767822265625,69.4012451171875
IMG_0048.mp4,1098,36.6,30.0,243,2,traffic_signs,0.33960622549057007,2521.15771484375,1578.512451171875,2636.491943359375,1710.5103759765625,2578.8248291015625,1644.5114135742188,115.334228515625,131.9979248046875
IMG_0048.mp4,1098,36.6,30.0,238,2,traffic_signs,0.6226702332496643,1658.940185546875,1343.33984375,1718.802734375,1527.3319091796875,1688.8714599609375,1435.3358764648438,59.862548828125,183.9920654296875
IMG_0048.mp4,1099,36.63333333333333,30.0,214,2,traffic_signs,0.8981152176856995,3065.011962890625,1498.8553466796875,3159.6630859375,1589.465576171875,3112.3375244140625,1544.1604614257812,94.651123046875,90.6102294921875
IMG_0048.mp4,1099,36.63333333333333,30.0,234,2,traffic_signs,0.8768573999404907,1725.90869140625,1416.8447265625,1790.546142578125,1486.55908203125,1758.2274169921875,1451.701904296875,64.637451171875,69.71435546875
IMG_0048.mp4,1099,36.63333333333333,30.0,243,2,traffic_signs,0.2650695741176605,2507.807861328125,1575.859619140625,2621.846435546875,1712.968994140625,2564.8271484375,1644.414306640625,114.03857421875,137.109375
IMG_0048.mp4,1099,36.63333333333333,30.0,229,2,traffic_signs,0.33503398299217224,1641.0653076171875,1420.6512451171875,1696.895751953125,1510.0068359375,1668.9805297851562,1465.3290405273438,55.8304443359375,89.3555908203125
IMG_0048.mp4,1100,36.666666666666664,30.0,214,2,traffic_signs,0.9173083901405334,3055.283935546875,1497.6533203125,3148.069580078125,1587.9930419921875,3101.6767578125,1542.8231811523438,92.78564453125,90.3397216796875
IMG_0048.mp4,1100,36.666666666666664,30.0,234,2,traffic_signs,0.9003943800926208,1711.79443359375,1415.7994384765625,1776.47607421875,1484.56787109375,1744.13525390625,1450.1836547851562,64.681640625,68.7684326171875
IMG_0048.mp4,1100,36.666666666666664,30.0,243,2,traffic_signs,0.5372628569602966,2491.10205078125,1575.1334228515625,2608.517333984375,1709.3604736328125,2549.8096923828125,1642.2469482421875,117.415283203125,134.22705078125
IMG_0048.mp4,1100,36.666666666666664,30.0,246,2,traffic_signs,0.4094734787940979,2491.153564453125,1572.682861328125,2609.17529296875,1713.6131591796875,2550.1644287109375,1643.1480102539062,118.021728515625,140.9302978515625
IMG_0048.mp4,1100,36.666666666666664,30.0,238,2,traffic_signs,0.7477362751960754,1627.3199462890625,1338.2607421875,1687.234619140625,1510.7344970703125,1657.2772827148438,1424.4976196289062,59.9146728515625,172.4737548828125
IMG_0048.mp4,1101,36.7,30.0,214,2,traffic_signs,0.9170910716056824,3042.2392578125,1495.62890625,3138.180419921875,1585.3280029296875,3090.2098388671875,1540.4784545898438,95.941162109375,89.6990966796875
IMG_0048.mp4,1101,36.7,30.0,234,2,traffic_signs,0.8891457915306091,1696.14892578125,1412.8304443359375,1763.771728515625,1482.875,1729.9603271484375,1447.8527221679688,67.622802734375,70.0445556640625
IMG_0048.mp4,1101,36.7,30.0,249,2,traffic_signs,0.44857320189476013,1655.596923828125,1493.18701171875,1684.5784912109375,1538.5362548828125,1670.0877075195312,1515.8616333007812,28.9815673828125,45.3492431640625
IMG_0048.mp4,1101,36.7,30.0,238,2,traffic_signs,0.3393009603023529,1609.98388671875,1368.8038330078125,1668.13720703125,1506.3665771484375,1639.060546875,1437.585205078125,58.1533203125,137.562744140625
IMG_0048.mp4,1102,36.733333333333334,30.0,214,2,traffic_signs,0.9117937088012695,3032.04443359375,1494.6240234375,3127.47802734375,1584.591064453125,3079.76123046875,1539.6075439453125,95.43359375,89.967041015625
IMG_0048.mp4,1102,36.733333333333334,30.0,234,2,traffic_signs,0.8987746238708496,1684.144775390625,1411.218994140625,1748.798583984375,1482.1708984375,1716.4716796875,1446.6949462890625,64.65380859375,70.951904296875
IMG_0048.mp4,1102,36.733333333333334,30.0,249,2,traffic_signs,0.25077494978904724,1643.76611328125,1495.874755859375,1673.13916015625,1537.681884765625,1658.45263671875,1516.7783203125,29.373046875,41.80712890625
IMG_0048.mp4,1102,36.733333333333334,30.0,250,2,traffic_signs,0.7864835262298584,2518.025390625,1429.073486328125,2560.092041015625,1521.946533203125,2539.0587158203125,1475.510009765625,42.066650390625,92.873046875
IMG_0048.mp4,1103,36.766666666666666,30.0,214,2,traffic_signs,0.9344069957733154,3022.11376953125,1492.318603515625,3116.63623046875,1582.0556640625,3069.375,1537.1871337890625,94.5224609375,89.737060546875
IMG_0048.mp4,1103,36.766666666666666,30.0,234,2,traffic_signs,0.912474513053894,1670.63330078125,1408.5740966796875,1734.93408203125,1480.2110595703125,1702.78369140625,1444.392578125,64.30078125,71.636962890625
IMG_0048.mp4,1103,36.766666666666666,30.0,249,2,traffic_signs,0.6857320070266724,1633.2711181640625,1493.3704833984375,1663.07861328125,1535.3359375,1648.1748657226562,1514.3532104492188,29.8074951171875,41.9654541015625
IMG_0048.mp4,1103,36.766666666666666,30.0,250,2,traffic_signs,0.4021649658679962,2506.962890625,1428.798583984375,2550.1748046875,1519.2855224609375,2528.56884765625,1474.0420532226562,43.2119140625,90.4869384765625
IMG_0048.mp4,1103,36.766666666666666,30.0,238,2,traffic_signs,0.32127073407173157,1581.9273681640625,1342.457763671875,1639.2293701171875,1499.830322265625,1610.578369140625,1421.14404296875,57.302001953125,157.37255859375
IMG_0048.mp4,1104,36.8,30.0,214,2,traffic_signs,0.9161266684532166,3012.92822265625,1490.0152587890625,3106.648193359375,1581.1063232421875,3059.7882080078125,1535.560791015625,93.719970703125,91.091064453125
IMG_0048.mp4,1104,36.8,30.0,234,2,traffic_signs,0.9047154784202576,1657.4996337890625,1406.337890625,1720.74267578125,1479.2421875,1689.1211547851562,1442.7900390625,63.2430419921875,72.904296875
IMG_0048.mp4,1104,36.8,30.0,249,2,traffic_signs,0.34995415806770325,1620.9652099609375,1491.6494140625,1651.8052978515625,1534.6458740234375,1636.38525390625,1513.1476440429688,30.840087890625,42.9964599609375
IMG_0048.mp4,1104,36.8,30.0,250,2,traffic_signs,0.6387583017349243,2494.188232421875,1424.540283203125,2538.3173828125,1517.977783203125,2516.2528076171875,1471.259033203125,44.129150390625,93.4375
IMG_0048.mp4,1104,36.8,30.0,238,2,traffic_signs,0.4454350769519806,1564.58984375,1334.281494140625,1624.820068359375,1504.64453125,1594.7049560546875,1419.4630126953125,60.230224609375,170.363037109375
IMG_0048.mp4,1105,36.833333333333336,30.0,214,2,traffic_signs,0.9314035773277283,3002.170654296875,1488.4739990234375,3095.694091796875,1579.1951904296875,3048.932373046875,1533.8345947265625,93.5234375,90.72119140625
IMG_0048.mp4,1105,36.833333333333336,30.0,234,2,traffic_signs,0.921753466129303,1643.758056640625,1405.68017578125,1708.03076171875,1476.0435791015625,1675.8944091796875,1440.8618774414062,64.272705078125,70.3634033203125
IMG_0048.mp4,1105,36.833333333333336,30.0,249,2,traffic_signs,0.5029060244560242,1610.401611328125,1490.322998046875,1641.8402099609375,1532.9281005859375,1626.1209106445312,1511.6255493164062,31.4385986328125,42.6051025390625
IMG_0048.mp4,1105,36.833333333333336,30.0,250,2,traffic_signs,0.8649583458900452,2483.266357421875,1422.642822265625,2526.531005859375,1515.072265625,2504.898681640625,1468.8575439453125,43.2646484375,92.429443359375
IMG_0048.mp4,1105,36.833333333333336,30.0,243,2,traffic_signs,0.596901535987854,2417.337646484375,1562.1402587890625,2535.6650390625,1699.56298828125,2476.5013427734375,1630.8516235351562,118.327392578125,137.4227294921875
IMG_0048.mp4,1105,36.833333333333336,30.0,246,2,traffic_signs,0.33787888288497925,2418.933349609375,1560.230224609375,2533.02880859375,1699.2152099609375,2475.9810791015625,1629.7227172851562,114.095458984375,138.9849853515625
IMG_0048.mp4,1106,36.86666666666667,30.0,214,2,traffic_signs,0.9297784566879272,2993.324951171875,1487.5400390625,3087.235595703125,1578.06103515625,3040.2802734375,1532.800537109375,93.91064453125,90.52099609375
IMG_0048.mp4,1106,36.86666666666667,30.0,234,2,traffic_signs,0.9059774875640869,1632.00927734375,1403.7545166015625,1695.812744140625,1474.372314453125,1663.9110107421875,1439.0634155273438,63.803466796875,70.6177978515625
IMG_0048.mp4,1106,36.86666666666667,30.0,249,2,traffic_signs,0.4425677955150604,1600.90966796875,1490.0445556640625,1631.242919921875,1531.2381591796875,1616.0762939453125,1510.641357421875,30.333251953125,41.193603515625
IMG_0048.mp4,1106,36.86666666666667,30.0,250,2,traffic_signs,0.8962514400482178,2472.403564453125,1421.1038818359375,2513.056884765625,1513.8336181640625,2492.730224609375,1467.46875,40.6533203125,92.729736328125
IMG_0048.mp4,1106,36.86666666666667,30.0,243,2,traffic_signs,0.44713538885116577,2403.099365234375,1558.831787109375,2522.902099609375,1698.144775390625,2463.000732421875,1628.48828125,119.802734375,139.31298828125
IMG_0048.mp4,1106,36.86666666666667,30.0,238,2,traffic_signs,0.4074995219707489,1533.9566650390625,1334.1348876953125,1595.2723388671875,1497.5587158203125,1564.614501953125,1415.8468017578125,61.315673828125,163.423828125
IMG_0048.mp4,1107,36.9,30.0,214,2,traffic_signs,0.9026044607162476,2984.018310546875,1483.9742431640625,3078.2275390625,1574.42236328125,3031.1229248046875,1529.1983032226562,94.209228515625,90.4481201171875
IMG_0048.mp4,1107,36.9,30.0,234,2,traffic_signs,0.9246681332588196,1620.2557373046875,1400.6444091796875,1682.7003173828125,1472.14306640625,1651.47802734375,1436.3937377929688,62.444580078125,71.4986572265625
IMG_0048.mp4,1107,36.9,30.0,249,2,traffic_signs,0.7646418213844299,1590.94921875,1487.8336181640625,1620.1727294921875,1528.568359375,1605.5609741210938,1508.2009887695312,29.2235107421875,40.7347412109375
IMG_0048.mp4,1107,36.9,30.0,250,2,traffic_signs,0.8974848985671997,2460.146484375,1416.9722900390625,2501.138671875,1509.6748046875,2480.642578125,1463.3235473632812,40.9921875,92.7025146484375
IMG_0048.mp4,1107,36.9,30.0,243,2,traffic_signs,0.398380845785141,2390.26220703125,1557.7489013671875,2509.712646484375,1693.9498291015625,2449.9874267578125,1625.849365234375,119.450439453125,136.200927734375
IMG_0048.mp4,1107,36.9,30.0,251,2,traffic_signs,0.8837081789970398,1961.3438720703125,1134.83056640625,2056.19970703125,1354.628662109375,2008.7717895507812,1244.7296142578125,94.8558349609375,219.798095703125
IMG_0048.mp4,1107,36.9,30.0,238,2,traffic_signs,0.3082403540611267,1519.6778564453125,1323.4058837890625,1584.470458984375,1496.4267578125,1552.0741577148438,1409.9163208007812,64.7926025390625,173.0208740234375
IMG_0048.mp4,1108,36.93333333333333,30.0,214,2,traffic_signs,0.6868816614151001,2975.1953125,1480.49755859375,3068.739990234375,1572.800537109375,3021.9676513671875,1526.6490478515625,93.544677734375,92.302978515625
IMG_0048.mp4,1108,36.93333333333333,30.0,234,2,traffic_signs,0.9257920980453491,1606.694580078125,1396.67236328125,1671.3193359375,1470.146728515625,1639.0069580078125,1433.4095458984375,64.624755859375,73.474365234375
IMG_0048.mp4,1108,36.93333333333333,30.0,249,2,traffic_signs,0.37400388717651367,1580.46826171875,1486.72412109375,1610.31103515625,1526.6466064453125,1595.3896484375,1506.6853637695312,29.8427734375,39.9224853515625
IMG_0048.mp4,1108,36.93333333333333,30.0,250,2,traffic_signs,0.8743390440940857,2448.91064453125,1410.6043701171875,2490.072265625,1508.70703125,2469.491455078125,1459.6557006835938,41.16162109375,98.1026611328125
IMG_0048.mp4,1108,36.93333333333333,30.0,243,2,traffic_signs,0.32939445972442627,2377.1171875,1555.0797119140625,2496.965576171875,1691.7142333984375,2437.0413818359375,1623.39697265625,119.848388671875,136.634521484375
IMG_0048.mp4,1108,36.93333333333333,30.0,251,2,traffic_signs,0.8462820053100586,1924.660888671875,1081.237060546875,2040.4013671875,1354.8026123046875,1982.5311279296875,1218.0198364257812,115.740478515625,273.5655517578125
IMG_0048.mp4,1108,36.93333333333333,30.0,238,2,traffic_signs,0.5427805781364441,1498.7718505859375,1319.5877685546875,1570.526123046875,1493.298828125,1534.6489868164062,1406.4432983398438,71.7542724609375,173.7110595703125
IMG_0048.mp4,1109,36.96666666666667,30.0,214,2,traffic_signs,0.8839566707611084,2966.612060546875,1479.239990234375,3061.65966796875,1572.354248046875,3014.1358642578125,1525.797119140625,95.047607421875,93.1142578125
IMG_0048.mp4,1109,36.96666666666667,30.0,234,2,traffic_signs,0.9165338277816772,1594.1795654296875,1395.4788818359375,1658.724609375,1468.9549560546875,1626.4520874023438,1432.2169189453125,64.5450439453125,73.47607421875
IMG_0048.mp4,1109,36.96666666666667,30.0,250,2,traffic_signs,0.46350377798080444,2438.84765625,1409.593994140625,2480.64990234375,1507.2100830078125,2459.748779296875,1458.4020385742188,41.80224609375,97.6160888671875
IMG_0048.mp4,1109,36.96666666666667,30.0,251,2,traffic_signs,0.7932217717170715,1899.845947265625,1080.6634521484375,2022.602294921875,1353.0697021484375,1961.22412109375,1216.8665771484375,122.75634765625,272.40625
IMG_0048.mp4,1110,37.0,30.0,214,2,traffic_signs,0.9171939492225647,2957.485595703125,1477.21875,3052.65576171875,1570.1236572265625,3005.0706787109375,1523.6712036132812,95.170166015625,92.9049072265625
IMG_0048.mp4,1110,37.0,30.0,234,2,traffic_signs,0.9282752275466919,1579.79345703125,1392.6416015625,1646.383544921875,1466.6727294921875,1613.0885009765625,1429.6571655273438,66.590087890625,74.0311279296875
IMG_0048.mp4,1110,37.0,30.0,250,2,traffic_signs,0.7471541166305542,2426.289794921875,1405.2530517578125,2468.434814453125,1504.953369140625,2447.3623046875,1455.1032104492188,42.14501953125,99.7003173828125
IMG_0048.mp4,1110,37.0,30.0,254,2,traffic_signs,0.65907222032547,52.255802154541016,1143.0897216796875,215.7278289794922,1630.826416015625,133.9918155670166,1386.9580688476562,163.47202682495117,487.7366943359375
IMG_0048.mp4,1111,37.03333333333333,30.0,214,2,traffic_signs,0.9246168732643127,2949.39892578125,1475.0885009765625,3045.3056640625,1569.1947021484375,2997.352294921875,1522.1416015625,95.90673828125,94.106201171875
IMG_0048.mp4,1111,37.03333333333333,30.0,234,2,traffic_signs,0.9329363107681274,1567.9610595703125,1391.24169921875,1632.4034423828125,1464.0601806640625,1600.1822509765625,1427.6509399414062,64.4423828125,72.8184814453125
IMG_0048.mp4,1111,37.03333333333333,30.0,250,2,traffic_signs,0.8769201040267944,2416.41650390625,1402.266357421875,2458.662841796875,1502.6678466796875,2437.5396728515625,1452.4671020507812,42.246337890625,100.4014892578125
IMG_0048.mp4,1111,37.03333333333333,30.0,254,2,traffic_signs,0.5439190864562988,19.792509078979492,1138.071533203125,185.58033752441406,1632.6041259765625,102.68642330169678,1385.3378295898438,165.78782844543457,494.5325927734375
IMG_0048.mp4,1111,37.03333333333333,30.0,257,2,traffic_signs,0.3936489224433899,1849.7470703125,1072.3626708984375,1984.3798828125,1653.7525634765625,1917.0634765625,1363.0576171875,134.6328125,581.389892578125
IMG_0048.mp4,1111,37.03333333333333,30.0,258,2,traffic_signs,0.7964755296707153,1991.4617919921875,1544.9444580078125,2030.99951171875,1580.6805419921875,2011.2306518554688,1562.8125,39.5377197265625,35.736083984375
IMG_0048.mp4,1111,37.03333333333333,30.0,249,2,traffic_signs,0.5622793436050415,1549.215087890625,1483.49755859375,1580.4925537109375,1524.24609375,1564.8538208007812,1503.871826171875,31.2774658203125,40.74853515625
IMG_0048.mp4,1111,37.03333333333333,30.0,238,2,traffic_signs,0.7649997472763062,1461.7921142578125,1379.1337890625,1522.1900634765625,1483.533447265625,1491.9910888671875,1431.3336181640625,60.39794921875,104.399658203125
IMG_0048.mp4,1111,37.03333333333333,30.0,251,2,traffic_signs,0.2703642249107361,1853.7008056640625,1069.331298828125,1983.92236328125,1366.1541748046875,1918.8115844726562,1217.7427368164062,130.2215576171875,296.8228759765625
IMG_0048.mp4,1112,37.06666666666667,30.0,214,2,traffic_signs,0.9051394462585449,2941.168212890625,1472.7574462890625,3038.193603515625,1568.055419921875,2989.680908203125,1520.4064331054688,97.025390625,95.2979736328125
IMG_0048.mp4,1112,37.06666666666667,30.0,234,2,traffic_signs,0.9256924390792847,1555.4305419921875,1389.0943603515625,1621.582763671875,1461.286865234375,1588.5066528320312,1425.1906127929688,66.1522216796875,72.1925048828125
IMG_0048.mp4,1112,37.06666666666667,30.0,250,2,traffic_signs,0.8869825005531311,2404.193603515625,1400.385009765625,2446.9443359375,1499.1954345703125,2425.5689697265625,1449.7902221679688,42.750732421875,98.8104248046875
IMG_0048.mp4,1112,37.06666666666667,30.0,254,2,traffic_signs,0.6380952000617981,0.1953870803117752,1130.2191162109375,153.59878540039062,1636.9610595703125,76.8970862403512,1383.590087890625,153.40339832007885,506.741943359375
IMG_0048.mp4,1112,37.06666666666667,30.0,258,2,traffic_signs,0.7813878655433655,1983.0927734375,1542.622802734375,2021.9185791015625,1578.89306640625,2002.5056762695312,1560.7579345703125,38.8258056640625,36.270263671875
IMG_0048.mp4,1112,37.06666666666667,30.0,238,2,traffic_signs,0.28970420360565186,1448.57763671875,1386.7923583984375,1503.80908203125,1481.6884765625,1476.193359375,1434.2404174804688,55.2314453125,94.8961181640625
IMG_0048.mp4,1113,37.1,30.0,214,2,traffic_signs,0.920280933380127,2933.355224609375,1470.44677734375,3029.3310546875,1566.7630615234375,2981.3431396484375,1518.6049194335938,95.975830078125,96.3162841796875
IMG_0048.mp4,1113,37.1,30.0,234,2,traffic_signs,0.9237425923347473,1543.5096435546875,1386.4154052734375,1609.7109375,1459.299560546875,1576.6102905273438,1422.8574829101562,66.2012939453125,72.8841552734375
IMG_0048.mp4,1113,37.1,30.0,250,2,traffic_signs,0.610596776008606,2393.9716796875,1397.98779296875,2436.45556640625,1497.488525390625,2415.213623046875,1447.7381591796875,42.48388671875,99.500732421875
IMG_0048.mp4,1113,37.1,30.0,258,2,traffic_signs,0.74675053358078,1974.4166259765625,1541.281982421875,2012.9576416015625,1578.5291748046875,1993.6871337890625,1559.9055786132812,38.541015625,37.2471923828125
IMG_0048.mp4,1113,37.1,30.0,238,2,traffic_signs,0.8021706342697144,1435.38818359375,1388.85498046875,1490.605712890625,1477.6856689453125,1462.9969482421875,1433.2703247070312,55.217529296875,88.8306884765625
IMG_0048.mp4,1113,37.1,30.0,257,2,traffic_signs,0.7248849272727966,1814.9541015625,1060.5438232421875,1945.8155517578125,1665.7972412109375,1880.3848266601562,1363.1705322265625,130.8614501953125,605.25341796875
IMG_0048.mp4,1113,37.1,30.0,249,2,traffic_signs,0.6321098804473877,1529.64501953125,1480.4405517578125,1562.9603271484375,1522.71337890625,1546.3026733398438,1501.5769653320312,33.3153076171875,42.2728271484375
IMG_0048.mp4,1114,37.13333333333333,30.0,214,2,traffic_signs,0.9197807312011719,2924.9775390625,1468.812744140625,3021.20263671875,1564.569580078125,2973.090087890625,1516.691162109375,96.22509765625,95.7568359375
IMG_0048.mp4,1114,37.13333333333333,30.0,234,2,traffic_signs,0.9205452799797058,1531.7003173828125,1384.14453125,1597.837158203125,1458.3726806640625,1564.7687377929688,1421.2586059570312,66.1368408203125,74.2281494140625
IMG_0048.mp4,1114,37.13333333333333,30.0,250,2,traffic_signs,0.7860011458396912,2384.07275390625,1397.937744140625,2426.792236328125,1495.8870849609375,2405.4324951171875,1446.9124145507812,42.719482421875,97.9493408203125
IMG_0048.mp4,1114,37.13333333333333,30.0,258,2,traffic_signs,0.7659768462181091,1967.4656982421875,1540.6280517578125,2006.5767822265625,1579.3419189453125,1987.021240234375,1559.9849853515625,39.111083984375,38.7138671875
IMG_0048.mp4,1114,37.13333333333333,30.0,238,2,traffic_signs,0.6855795383453369,1422.404541015625,1390.1693115234375,1475.8045654296875,1475.368408203125,1449.1045532226562,1432.7688598632812,53.4000244140625,85.1990966796875
IMG_0048.mp4,1114,37.13333333333333,30.0,249,2,traffic_signs,0.545745313167572,1521.385986328125,1478.7186279296875,1556.3433837890625,1522.9683837890625,1538.8646850585938,1500.843505859375,34.9573974609375,44.249755859375
IMG_0048.mp4,1114,37.13333333333333,30.0,251,2,traffic_signs,0.3289363384246826,1811.80322265625,1063.565673828125,1924.79443359375,1335.472900390625,1868.298828125,1199.519287109375,112.9912109375,271.9072265625
IMG_0048.mp4,1115,37.166666666666664,30.0,214,2,traffic_signs,0.9022107720375061,2916.44970703125,1467.3638916015625,3014.30908203125,1562.82177734375,2965.37939453125,1515.0928344726562,97.859375,95.4578857421875
IMG_0048.mp4,1115,37.166666666666664,30.0,234,2,traffic_signs,0.9185025095939636,1519.418212890625,1382.0947265625,1586.0767822265625,1456.6824951171875,1552.7474975585938,1419.3886108398438,66.6585693359375,74.5877685546875
IMG_0048.mp4,1115,37.166666666666664,30.0,250,2,traffic_signs,0.7149173617362976,2373.58544921875,1394.897705078125,2415.97998046875,1493.6795654296875,2394.78271484375,1444.2886352539062,42.39453125,98.7818603515625
IMG_0048.mp4,1115,37.166666666666664,30.0,258,2,traffic_signs,0.7377200722694397,1959.2767333984375,1539.409912109375,1996.411376953125,1578.147705078125,1977.8440551757812,1558.77880859375,37.1346435546875,38.73779296875
IMG_0048.mp4,1115,37.166666666666664,30.0,249,2,traffic_signs,0.6541545987129211,1512.07861328125,1478.7254638671875,1548.16552734375,1523.1259765625,1530.1220703125,1500.9257202148438,36.0869140625,44.4005126953125
IMG_0048.mp4,1115,37.166666666666664,30.0,243,2,traffic_signs,0.86309814453125,2281.115478515625,1531.95654296875,2407.08984375,1872.4869384765625,2344.1026611328125,1702.2217407226562,125.974365234375,340.5303955078125
IMG_0048.mp4,1116,37.2,30.0,214,2,traffic_signs,0.9055036902427673,2908.40869140625,1464.1790771484375,3006.18359375,1560.800048828125,2957.296142578125,1512.4895629882812,97.77490234375,96.6209716796875
IMG_0048.mp4,1116,37.2,30.0,234,2,traffic_signs,0.9174087643623352,1506.3492431640625,1378.6107177734375,1573.5162353515625,1454.23388671875,1539.9327392578125,1416.4223022460938,67.1669921875,75.6231689453125
IMG_0048.mp4,1116,37.2,30.0,250,2,traffic_signs,0.8893038034439087,2362.41357421875,1389.63916015625,2405.436279296875,1490.7490234375,2383.9249267578125,1440.194091796875,43.022705078125,101.10986328125
IMG_0048.mp4,1116,37.2,30.0,258,2,traffic_signs,0.6977189779281616,1948.084716796875,1537.628173828125,1988.11328125,1575.4100341796875,1968.0989990234375,1556.5191040039062,40.028564453125,37.7818603515625
IMG_0048.mp4,1116,37.2,30.0,249,2,traffic_signs,0.26121827960014343,1501.4564208984375,1475.154052734375,1538.162841796875,1521.583984375,1519.8096313476562,1498.3690185546875,36.7064208984375,46.429931640625
IMG_0048.mp4,1116,37.2,30.0,243,2,traffic_signs,0.9134964942932129,2266.840087890625,1529.2991943359375,2394.15234375,1883.7540283203125,2330.4962158203125,1706.526611328125,127.312255859375,354.454833984375
IMG_0048.mp4,1116,37.2,30.0,238,2,traffic_signs,0.4660061299800873,1391.8990478515625,1381.7174072265625,1452.396484375,1470.27490234375,1422.1477661132812,1425.9961547851562,60.4974365234375,88.5574951171875
IMG_0048.mp4,1116,37.2,30.0,251,2,traffic_signs,0.4436624348163605,1777.7486572265625,1069.6763916015625,1883.104736328125,1314.7138671875,1830.4266967773438,1192.1951293945312,105.3560791015625,245.0374755859375
IMG_0048.mp4,1117,37.233333333333334,30.0,214,2,traffic_signs,0.9203688502311707,2900.611083984375,1462.1729736328125,2998.494873046875,1557.9390869140625,2949.552978515625,1510.0560302734375,97.8837890625,95.76611328125
IMG_0048.mp4,1117,37.233333333333334,30.0,234,2,traffic_signs,0.8884865045547485,1495.151123046875,1376.24658203125,1561.1298828125,1451.805419921875,1528.1405029296875,1414.0260009765625,65.978759765625,75.558837890625
IMG_0048.mp4,1117,37.233333333333334,30.0,250,2,traffic_signs,0.8592624664306641,2350.948486328125,1382.240234375,2394.4609375,1489.603271484375,2372.7047119140625,1435.9217529296875,43.512451171875,107.363037109375
IMG_0048.mp4,1117,37.233333333333334,30.0,258,2,traffic_signs,0.7972964644432068,1941.0928955078125,1536.2109375,1980.529052734375,1575.17919921875,1960.8109741210938,1555.695068359375,39.4361572265625,38.96826171875
IMG_0048.mp4,1117,37.233333333333334,30.0,243,2,traffic_signs,0.888314962387085,2254.906005859375,1525.291748046875,2382.27783203125,1890.354248046875,2318.5919189453125,1707.822998046875,127.371826171875,365.0625
IMG_0048.mp4,1117,37.233333333333334,30.0,257,2,traffic_signs,0.34603652358055115,1734.73974609375,1059.51953125,1866.560546875,1737.496337890625,1800.650146484375,1398.5079345703125,131.82080078125,677.976806640625
IMG_0048.mp4,1118,37.266666666666666,30.0,214,2,traffic_signs,0.9094701409339905,2893.26416015625,1459.5411376953125,2992.43310546875,1554.805419921875,2942.8486328125,1507.1732788085938,99.1689453125,95.2642822265625
IMG_0048.mp4,1118,37.266666666666666,30.0,234,2,traffic_signs,0.8830240368843079,1481.997802734375,1371.518798828125,1549.4462890625,1448.578369140625,1515.7220458984375,1410.048583984375,67.448486328125,77.0595703125
IMG_0048.mp4,1118,37.266666666666666,30.0,250,2,traffic_signs,0.6429453492164612,2339.815185546875,1377.2923583984375,2384.170654296875,1486.593017578125,2361.992919921875,1431.9426879882812,44.35546875,109.3006591796875
IMG_0048.mp4,1118,37.266666666666666,30.0,258,2,traffic_signs,0.7832232713699341,1932.7960205078125,1534.9901123046875,1971.934326171875,1573.4547119140625,1952.3651733398438,1554.222412109375,39.1383056640625,38.464599609375
IMG_0048.mp4,1118,37.266666666666666,30.0,243,2,traffic_signs,0.9039211869239807,2242.169677734375,1522.338623046875,2370.017822265625,1890.4918212890625,2306.09375,1706.4152221679688,127.84814453125,368.1531982421875
IMG_0048.mp4,1118,37.266666666666666,30.0,257,2,traffic_signs,0.5265869498252869,1712.59326171875,1058.8858642578125,1847.71728515625,1681.2689208984375,1780.1552734375,1370.077392578125,135.1240234375,622.383056640625
IMG_0048.mp4,1118,37.266666666666666,30.0,249,2,traffic_signs,0.4222072660923004,1482.595703125,1473.1981201171875,1516.741943359375,1517.71533203125,1499.6688232421875,1495.4567260742188,34.146240234375,44.5172119140625
IMG_0048.mp4,1119,37.3,30.0,214,2,traffic_signs,0.7361867427825928,2885.044677734375,1457.77197265625,2983.700927734375,1554.5360107421875,2934.372802734375,1506.1539916992188,98.65625,96.7640380859375
IMG_0048.mp4,1119,37.3,30.0,234,2,traffic_signs,0.8193198442459106,1469.073486328125,1370.7744140625,1536.850830078125,1448.1597900390625,1502.962158203125,1409.4671020507812,67.77734375,77.3853759765625
IMG_0048.mp4,1119,37.3,30.0,250,2,traffic_signs,0.8621847033500671,2328.3662109375,1371.09375,2372.476806640625,1485.7685546875,2350.4215087890625,1428.43115234375,44.110595703125,114.6748046875
IMG_0048.mp4,1119,37.3,30.0,258,2,traffic_signs,0.7412383556365967,1922.81591796875,1535.5322265625,1964.689697265625,1573.9517822265625,1943.7528076171875,1554.7420043945312,41.873779296875,38.4195556640625
IMG_0048.mp4,1119,37.3,30.0,243,2,traffic_signs,0.8452087640762329,2227.571044921875,1520.51904296875,2356.485595703125,1888.9012451171875,2292.0283203125,1704.7101440429688,128.91455078125,368.3822021484375
IMG_0048.mp4,1119,37.3,30.0,249,2,traffic_signs,0.3906998932361603,1472.3406982421875,1472.0347900390625,1507.6502685546875,1516.8651123046875,1489.9954833984375,1494.449951171875,35.3095703125,44.830322265625
IMG_0048.mp4,1120,37.333333333333336,30.0,214,2,traffic_signs,0.733542799949646,2877.401123046875,1453.61669921875,2974.8251953125,1553.0919189453125,2926.1131591796875,1503.3543090820312,97.424072265625,99.4752197265625
IMG_0048.mp4,1120,37.333333333333336,30.0,234,2,traffic_signs,0.8945305943489075,1457.067138671875,1367.70166015625,1525.7579345703125,1445.4560546875,1491.4125366210938,1406.578857421875,68.6907958984375,77.75439453125
IMG_0048.mp4,1120,37.333333333333336,30.0,250,2,traffic_signs,0.8818652033805847,2319.183837890625,1360.4364013671875,2363.52099609375,1481.5550537109375,2341.3524169921875,1420.9957275390625,44.337158203125,121.11865234375
IMG_0048.mp4,1120,37.333333333333336,30.0,258,2,traffic_signs,0.7885669469833374,1918.230224609375,1533.6224365234375,1956.6614990234375,1571.7496337890625,1937.4458618164062,1552.68603515625,38.4312744140625,38.127197265625
IMG_0048.mp4,1120,37.333333333333336,30.0,243,2,traffic_signs,0.8869054317474365,2214.26123046875,1516.4796142578125,2341.942626953125,1887.541015625,2278.1019287109375,1702.0103149414062,127.681396484375,371.0614013671875
IMG_0048.mp4,1120,37.333333333333336,30.0,238,2,traffic_signs,0.7474886775016785,1331.596435546875,1288.5528564453125,1402.356689453125,1462.9053955078125,1366.9765625,1375.7291259765625,70.76025390625,174.3525390625
IMG_0048.mp4,1120,37.333333333333336,30.0,251,2,traffic_signs,0.6260295510292053,1696.7244873046875,1063.15966796875,1799.2613525390625,1313.7430419921875,1747.992919921875,1188.4513549804688,102.536865234375,250.5833740234375
IMG_0048.mp4,1121,37.36666666666667,30.0,214,2,traffic_signs,0.8985317349433899,2869.677001953125,1450.95556640625,2968.701904296875,1550.9342041015625,2919.189453125,1500.9448852539062,99.02490234375,99.9786376953125
IMG_0048.mp4,1121,37.36666666666667,30.0,234,2,traffic_signs,0.7241206765174866,1443.526123046875,1366.0364990234375,1512.924072265625,1443.63671875,1478.22509765625,1404.8366088867188,69.39794921875,77.6002197265625
IMG_0048.mp4,1121,37.36666666666667,30.0,250,2,traffic_signs,0.5510295033454895,2308.98193359375,1363.1612548828125,2354.18408203125,1476.84619140625,2331.5830078125,1420.0037231445312,45.2021484375,113.6849365234375
IMG_0048.mp4,1121,37.36666666666667,30.0,258,2,traffic_signs,0.48412710428237915,1910.55126953125,1531.620849609375,1949.637451171875,1568.1611328125,1930.0943603515625,1549.8909912109375,39.086181640625,36.540283203125
IMG_0048.mp4,1121,37.36666666666667,30.0,243,2,traffic_signs,0.6853765845298767,2200.363037109375,1515.658447265625,2329.66748046875,1890.779541015625,2265.0152587890625,1703.218994140625,129.304443359375,375.12109375
IMG_0048.mp4,1121,37.36666666666667,30.0,260,2,traffic_signs,0.911220371723175,1923.351318359375,954.8991088867188,2182.404296875,1367.27587890625,2052.8778076171875,1161.0874938964844,259.052978515625,412.37677001953125
IMG_0048.mp4,1121,37.36666666666667,30.0,238,2,traffic_signs,0.7515801191329956,1316.5877685546875,1276.8934326171875,1389.056640625,1461.6595458984375,1352.8222045898438,1369.2764892578125,72.4688720703125,184.76611328125
IMG_0048.mp4,1122,37.4,30.0,214,2,traffic_signs,0.8690090775489807,2861.91064453125,1448.1436767578125,2960.536865234375,1547.74951171875,2911.2237548828125,1497.9465942382812,98.626220703125,99.6058349609375
IMG_0048.mp4,1122,37.4,30.0,234,2,traffic_signs,0.9068194627761841,1430.594970703125,1361.6292724609375,1500.591796875,1439.2281494140625,1465.5933837890625,1400.4287109375,69.996826171875,77.598876953125
IMG_0048.mp4,1122,37.4,30.0,258,2,traffic_signs,0.44715824723243713,1902.8472900390625,1528.3189697265625,1940.3284912109375,1565.418212890625,1921.587890625,1546.8685913085938,37.481201171875,37.0992431640625
IMG_0048.mp4,1122,37.4,30.0,243,2,traffic_signs,0.8672771453857422,2182.228271484375,1511.579833984375,2315.338134765625,1888.748046875,2248.783203125,1700.1639404296875,133.10986328125,377.168212890625
IMG_0048.mp4,1122,37.4,30.0,260,2,traffic_signs,0.8889421820640564,1895.7872314453125,941.1218872070312,2161.344970703125,1388.618896484375,2028.5661010742188,1164.8703918457031,265.5577392578125,447.49700927734375
IMG_0048.mp4,1122,37.4,30.0,238,2,traffic_signs,0.5351749062538147,1299.66259765625,1269.2069091796875,1373.2822265625,1457.7359619140625,1336.472412109375,1363.471435546875,73.61962890625,188.529052734375
IMG_0048.mp4,1122,37.4,30.0,249,2,traffic_signs,0.7740355730056763,1444.6168212890625,1464.153564453125,1478.802734375,1510.5244140625,1461.7097778320312,1487.3389892578125,34.1859130859375,46.370849609375
IMG_0048.mp4,1123,37.43333333333333,30.0,214,2,traffic_signs,0.8745813369750977,2853.57373046875,1447.5904541015625,2953.035400390625,1546.8751220703125,2903.3045654296875,1497.2327880859375,99.461669921875,99.28466796875
IMG_0048.mp4,1123,37.43333333333333,30.0,234,2,traffic_signs,0.8797307014465332,1418.9918212890625,1361.658447265625,1488.867431640625,1438.23291015625,1453.9296264648438,1399.9456787109375,69.8756103515625,76.574462890625
IMG_0048.mp4,1123,37.43333333333333,30.0,243,2,traffic_signs,0.8748917579650879,2167.511474609375,1510.308837890625,2302.266845703125,1888.1353759765625,2234.88916015625,1699.2221069335938,134.75537109375,377.8265380859375
IMG_0048.mp4,1123,37.43333333333333,30.0,260,2,traffic_signs,0.8680714964866638,1866.19580078125,922.8306884765625,2138.31591796875,1408.6849365234375,2002.255859375,1165.7578125,272.1201171875,485.854248046875
IMG_0048.mp4,1123,37.43333333333333,30.0,238,2,traffic_signs,0.5270898938179016,1285.069091796875,1265.8760986328125,1357.479248046875,1456.8306884765625,1321.274169921875,1361.3533935546875,72.41015625,190.95458984375
IMG_0048.mp4,1123,37.43333333333333,30.0,249,2,traffic_signs,0.42829620838165283,1436.6480712890625,1464.90771484375,1468.4246826171875,1511.5489501953125,1452.536376953125,1488.2283325195312,31.776611328125,46.6412353515625
IMG_0048.mp4,1123,37.43333333333333,30.0,251,2,traffic_signs,0.6495276093482971,1620.91015625,1044.9852294921875,1733.7003173828125,1261.55810546875,1677.3052368164062,1153.2716674804688,112.7901611328125,216.5728759765625
IMG_0048.mp4,1124,37.46666666666667,30.0,214,2,traffic_signs,0.8987911343574524,2846.4384765625,1445.3843994140625,2947.720947265625,1544.767578125,2897.0797119140625,1495.0759887695312,101.282470703125,99.3831787109375
IMG_0048.mp4,1124,37.46666666666667,30.0,234,2,traffic_signs,0.8997175097465515,1407.8046875,1357.563720703125,1477.3817138671875,1435.71240234375,1442.5932006835938,1396.6380615234375,69.5770263671875,78.148681640625
IMG_0048.mp4,1124,37.46666666666667,30.0,243,2,traffic_signs,0.8388047814369202,2155.4033203125,1507.2305908203125,2289.14013671875,1890.4368896484375,2222.271728515625,1698.833740234375,133.73681640625,383.206298828125
IMG_0048.mp4,1124,37.46666666666667,30.0,260,2,traffic_signs,0.826210618019104,1838.6669921875,913.7247314453125,2114.251220703125,1417.80224609375,1976.4591064453125,1165.7634887695312,275.584228515625,504.0775146484375
IMG_0048.mp4,1124,37.46666666666667,30.0,238,2,traffic_signs,0.8848487734794617,1269.6405029296875,1260.1253662109375,1343.6258544921875,1454.060546875,1306.6331787109375,1357.0929565429688,73.9853515625,193.9351806640625
IMG_0048.mp4,1124,37.46666666666667,30.0,249,2,traffic_signs,0.5391883850097656,1429.3035888671875,1463.6414794921875,1459.9053955078125,1508.752685546875,1444.6044921875,1486.1970825195312,30.601806640625,45.1112060546875
IMG_0048.mp4,1124,37.46666666666667,30.0,251,2,traffic_signs,0.8180679678916931,1599.7852783203125,1037.90283203125,1710.350830078125,1243.8138427734375,1655.0680541992188,1140.8583374023438,110.5655517578125,205.9110107421875
IMG_0048.mp4,1124,37.46666666666667,30.0,250,2,traffic_signs,0.6866625547409058,2278.119873046875,1362.280029296875,2320.248046875,1468.6484375,2299.1839599609375,1415.4642333984375,42.128173828125,106.368408203125
IMG_0048.mp4,1125,37.5,30.0,214,2,traffic_signs,0.8931925296783447,2839.656494140625,1444.02587890625,2941.818603515625,1542.8411865234375,2890.737548828125,1493.4335327148438,102.162109375,98.8153076171875
IMG_0048.mp4,1125,37.5,30.0,234,2,traffic_signs,0.8704792261123657,1395.4970703125,1354.3154296875,1465.078857421875,1434.468505859375,1430.2879638671875,1394.3919677734375,69.581787109375,80.153076171875
IMG_0048.mp4,1125,37.5,30.0,243,2,traffic_signs,0.8560196161270142,2141.315673828125,1503.3599853515625,2275.50341796875,1889.1507568359375,2208.4095458984375,1696.25537109375,134.187744140625,385.790771484375
IMG_0048.mp4,1125,37.5,30.0,260,2,traffic_signs,0.401716947555542,1811.6881103515625,901.5018920898438,2090.98828125,1417.5872802734375,1951.3381958007812,1159.5445861816406,279.3001708984375,516.0853881835938
IMG_0048.mp4,1125,37.5,30.0,238,2,traffic_signs,0.7886915802955627,1254.5770263671875,1257.1998291015625,1330.0196533203125,1449.807373046875,1292.29833984375,1353.5036010742188,75.442626953125,192.6075439453125
IMG_0048.mp4,1125,37.5,30.0,249,2,traffic_signs,0.555491030216217,1419.99560546875,1461.35986328125,1451.149658203125,1507.26513671875,1435.5726318359375,1484.3125,31.154052734375,45.9052734375
IMG_0048.mp4,1125,37.5,30.0,250,2,traffic_signs,0.37192702293395996,2267.0087890625,1360.129638671875,2310.91748046875,1468.263427734375,2288.963134765625,1414.196533203125,43.90869140625,108.1337890625
IMG_0048.mp4,1126,37.53333333333333,30.0,214,2,traffic_signs,0.9031976461410522,2831.702392578125,1442.3131103515625,2934.254638671875,1541.521484375,2882.978515625,1491.9172973632812,102.55224609375,99.2083740234375
IMG_0048.mp4,1126,37.53333333333333,30.0,234,2,traffic_signs,0.875315248966217,1383.3232421875,1351.8353271484375,1453.481689453125,1433.5203857421875,1418.4024658203125,1392.6778564453125,70.158447265625,81.68505859375
IMG_0048.mp4,1126,37.53333333333333,30.0,260,2,traffic_signs,0.7287300229072571,1780.1085205078125,880.50244140625,2068.076416015625,1412.875,1924.0924682617188,1146.688720703125,287.9678955078125,532.37255859375
IMG_0048.mp4,1126,37.53333333333333,30.0,238,2,traffic_signs,0.3409298062324524,1240.5631103515625,1253.3544921875,1315.0078125,1444.8802490234375,1277.7854614257812,1349.1173706054688,74.4447021484375,191.5257568359375
IMG_0048.mp4,1126,37.53333333333333,30.0,249,2,traffic_signs,0.4579985439777374,1409.4642333984375,1462.02880859375,1442.81884765625,1506.5023193359375,1426.1415405273438,1484.2655639648438,33.3546142578125,44.4735107421875
IMG_0048.mp4,1126,37.53333333333333,30.0,258,2,traffic_signs,0.3530747890472412,1878.4093017578125,1523.7099609375,1915.5538330078125,1564.3514404296875,1896.9815673828125,1544.0307006835938,37.14453125,40.6414794921875
IMG_0048.mp4,1127,37.56666666666667,30.0,214,2,traffic_signs,0.9047278761863708,2825.46044921875,1436.8839111328125,2927.25830078125,1536.7896728515625,2876.359375,1486.8367919921875,101.7978515625,99.90576171875
IMG_0048.mp4,1127,37.56666666666667,30.0,234,2,traffic_signs,0.8753358721733093,1372.8499755859375,1347.14697265625,1441.045166015625,1426.708984375,1406.9475708007812,1386.927978515625,68.1951904296875,79.56201171875
IMG_0048.mp4,1127,37.56666666666667,30.0,238,2,traffic_signs,0.8545200228691101,1225.3270263671875,1248.1319580078125,1301.7952880859375,1442.630615234375,1263.5611572265625,1345.3812866210938,76.46826171875,194.4986572265625
IMG_0048.mp4,1127,37.56666666666667,30.0,249,2,traffic_signs,0.7486854791641235,1399.1551513671875,1457.1075439453125,1435.230712890625,1502.96875,1417.1929321289062,1480.0381469726562,36.0755615234375,45.8612060546875
IMG_0048.mp4,1127,37.56666666666667,30.0,265,2,traffic_signs,0.604020357131958,2362.627685546875,1559.4371337890625,2394.81787109375,1599.5308837890625,2378.7227783203125,1579.4840087890625,32.190185546875,40.09375
IMG_0048.mp4,1127,37.56666666666667,30.0,258,2,traffic_signs,0.8088637590408325,1872.406005859375,1520.663818359375,1908.8388671875,1561.8631591796875,1890.6224365234375,1541.2634887695312,36.432861328125,41.1993408203125
IMG_0048.mp4,1128,37.6,30.0,214,2,traffic_signs,0.9167677164077759,2818.163330078125,1435.7685546875,2920.864013671875,1535.913818359375,2869.513671875,1485.8411865234375,102.70068359375,100.145263671875
IMG_0048.mp4,1128,37.6,30.0,234,2,traffic_signs,0.8955539464950562,1360.5164794921875,1346.4503173828125,1430.7952880859375,1426.276611328125,1395.6558837890625,1386.3634643554688,70.27880859375,79.8262939453125
IMG_0048.mp4,1128,37.6,30.0,238,2,traffic_signs,0.6922571063041687,1208.94775390625,1247.627197265625,1286.8787841796875,1442.4326171875,1247.9132690429688,1345.0299072265625,77.9310302734375,194.805419921875
IMG_0048.mp4,1128,37.6,30.0,249,2,traffic_signs,0.6832923293113708,1390.182861328125,1456.3841552734375,1426.32470703125,1502.23486328125,1408.2537841796875,1479.3095092773438,36.141845703125,45.8507080078125
IMG_0048.mp4,1128,37.6,30.0,265,2,traffic_signs,0.3115288019180298,2354.419677734375,1560.40869140625,2387.578125,1598.23095703125,2370.9989013671875,1579.31982421875,33.158447265625,37.822265625
IMG_0048.mp4,1128,37.6,30.0,258,2,traffic_signs,0.8120386004447937,1864.1614990234375,1522.0733642578125,1902.135986328125,1562.84228515625,1883.1487426757812,1542.4578247070312,37.9744873046875,40.7689208984375
IMG_0048.mp4,1128,37.6,30.0,267,2,traffic_signs,0.6696262955665588,3824.510986328125,1564.826171875,3838.772705078125,1665.55615234375,3831.641845703125,1615.191162109375,14.26171875,100.72998046875
IMG_0048.mp4,1128,37.6,30.0,251,2,traffic_signs,0.6562296152114868,1497.4395751953125,984.1481323242188,1617.55419921875,1204.7623291015625,1557.4968872070312,1094.4552307128906,120.1146240234375,220.61419677734375
IMG_0048.mp4,1128,37.6,30.0,243,2,traffic_signs,0.4563521146774292,2096.42236328125,1497.1302490234375,2238.5126953125,1889.2508544921875,2167.467529296875,1693.1905517578125,142.09033203125,392.12060546875
IMG_0048.mp4,1129,37.63333333333333,30.0,214,2,traffic_signs,0.8896955847740173,2810.720703125,1431.2762451171875,2914.299560546875,1533.5771484375,2862.5101318359375,1482.4266967773438,103.578857421875,102.3009033203125
IMG_0048.mp4,1129,37.63333333333333,30.0,234,2,traffic_signs,0.8430242538452148,1347.6812744140625,1343.5101318359375,1414.6988525390625,1422.268310546875,1381.1900634765625,1382.8892211914062,67.017578125,78.7581787109375
IMG_0048.mp4,1129,37.63333333333333,30.0,238,2,traffic_signs,0.8341582417488098,1193.2698974609375,1242.9173583984375,1269.4749755859375,1437.4945068359375,1231.3724365234375,1340.2059326171875,76.205078125,194.5771484375
IMG_0048.mp4,1129,37.63333333333333,30.0,265,2,traffic_signs,0.32040634751319885,2346.17041015625,1555.434814453125,2381.36767578125,1595.565673828125,2363.76904296875,1575.500244140625,35.197265625,40.130859375
IMG_0048.mp4,1129,37.63333333333333,30.0,258,2,traffic_signs,0.7371557354927063,1856.1571044921875,1518.922119140625,1894.357177734375,1560.141357421875,1875.2571411132812,1539.53173828125,38.2000732421875,41.21923828125
IMG_0048.mp4,1129,37.63333333333333,30.0,267,2,traffic_signs,0.8663662075996399,3822.355224609375,1562.935791015625,3838.736083984375,1665.8907470703125,3830.545654296875,1614.4132690429688,16.380859375,102.9549560546875
IMG_0048.mp4,1129,37.63333333333333,30.0,243,2,traffic_signs,0.6926376819610596,2081.60400390625,1489.324951171875,2219.633056640625,1885.2100830078125,2150.6185302734375,1687.2675170898438,138.029052734375,395.8851318359375
IMG_0048.mp4,1130,37.666666666666664,30.0,214,2,traffic_signs,0.9063227772712708,2803.25927734375,1428.85986328125,2905.824462890625,1531.0989990234375,2854.5418701171875,1479.9794311523438,102.565185546875,102.2391357421875
IMG_0048.mp4,1130,37.666666666666664,30.0,234,2,traffic_signs,0.5894498229026794,1335.26171875,1341.73291015625,1403.2249755859375,1420.0677490234375,1369.2433471679688,1380.9003295898438,67.9632568359375,78.3348388671875
IMG_0048.mp4,1130,37.666666666666664,30.0,238,2,traffic_signs,0.7989968657493591,1177.47607421875,1239.2969970703125,1254.0458984375,1437.2969970703125,1215.760986328125,1338.2969970703125,76.56982421875,198.0
IMG_0048.mp4,1130,37.666666666666664,30.0,265,2,traffic_signs,0.44186094403266907,2337.671142578125,1553.303466796875,2374.45263671875,1593.8447265625,2356.0618896484375,1573.5740966796875,36.781494140625,40.541259765625
IMG_0048.mp4,1130,37.666666666666664,30.0,258,2,traffic_signs,0.8625572323799133,1847.9791259765625,1517.4556884765625,1887.3006591796875,1560.228759765625,1867.639892578125,1538.8422241210938,39.321533203125,42.7730712890625
IMG_0048.mp4,1130,37.666666666666664,30.0,267,2,traffic_signs,0.8636409044265747,3819.55908203125,1561.994384765625,3838.685546875,1665.174072265625,3829.122314453125,1613.584228515625,19.12646484375,103.1796875
IMG_0048.mp4,1130,37.666666666666664,30.0,243,2,traffic_signs,0.65214604139328,2066.549072265625,1484.608154296875,2205.170166015625,1884.559326171875,2135.859619140625,1684.583740234375,138.62109375,399.951171875
IMG_0048.mp4,1131,37.7,30.0,214,2,traffic_signs,0.9005647897720337,2797.53173828125,1426.377197265625,2902.17138671875,1530.506103515625,2849.8515625,1478.441650390625,104.6396484375,104.12890625
IMG_0048.mp4,1131,37.7,30.0,234,2,traffic_signs,0.9216780662536621,1319.4659423828125,1339.72509765625,1388.814453125,1419.6529541015625,1354.1401977539062,1379.6890258789062,69.3485107421875,79.9278564453125
IMG_0048.mp4,1131,37.7,30.0,238,2,traffic_signs,0.7589126825332642,1160.6513671875,1235.374755859375,1239.6497802734375,1435.738037109375,1200.1505737304688,1335.556396484375,78.9984130859375,200.36328125
IMG_0048.mp4,1131,37.7,30.0,265,2,traffic_signs,0.6035829782485962,2330.1953125,1552.5377197265625,2369.523681640625,1593.5478515625,2349.8594970703125,1573.0427856445312,39.328369140625,41.0101318359375
IMG_0048.mp4,1131,37.7,30.0,258,2,traffic_signs,0.3514878749847412,1841.1824951171875,1516.90625,1881.35205078125,1561.688720703125,1861.2672729492188,1539.2974853515625,40.1695556640625,44.782470703125
IMG_0048.mp4,1131,37.7,30.0,267,2,traffic_signs,0.8501670956611633,3817.5625,1562.2684326171875,3839.06884765625,1665.656494140625,3828.315673828125,1613.9624633789062,21.50634765625,103.3880615234375
IMG_0048.mp4,1131,37.7,30.0,270,2,traffic_signs,0.6127134561538696,1162.4061279296875,1328.5777587890625,1230.0914306640625,1429.869140625,1196.248779296875,1379.2234497070312,67.685302734375,101.2913818359375
IMG_0048.mp4,1132,37.733333333333334,30.0,214,2,traffic_signs,0.8913196921348572,2791.15869140625,1422.957763671875,2896.832275390625,1527.2857666015625,2843.9954833984375,1475.1217651367188,105.673583984375,104.3280029296875
IMG_0048.mp4,1132,37.733333333333334,30.0,234,2,traffic_signs,0.7017421722412109,1308.1883544921875,1336.7276611328125,1369.5521240234375,1422.4239501953125,1338.8702392578125,1379.5758056640625,61.36376953125,85.6962890625
IMG_0048.mp4,1132,37.733333333333334,30.0,238,2,traffic_signs,0.7763428688049316,1145.3179931640625,1230.39404296875,1223.8160400390625,1431.4344482421875,1184.5670166015625,1330.9142456054688,78.498046875,201.0404052734375
IMG_0048.mp4,1132,37.733333333333334,30.0,265,2,traffic_signs,0.5529537200927734,2321.861083984375,1550.208984375,2363.20849609375,1590.6473388671875,2342.5347900390625,1570.4281616210938,41.347412109375,40.4383544921875
IMG_0048.mp4,1132,37.733333333333334,30.0,258,2,traffic_signs,0.8491092324256897,1835.3997802734375,1514.76708984375,1874.9835205078125,1560.2274169921875,1855.191650390625,1537.4972534179688,39.583740234375,45.4603271484375
IMG_0048.mp4,1132,37.733333333333334,30.0,267,2,traffic_signs,0.8446858525276184,3815.31494140625,1559.457763671875,3839.27783203125,1663.895263671875,3827.29638671875,1611.676513671875,23.962890625,104.4375
IMG_0048.mp4,1132,37.733333333333334,30.0,243,2,traffic_signs,0.3253317177295685,2040.11376953125,1474.303955078125,2186.631103515625,1882.645263671875,2113.3724365234375,1678.474609375,146.517333984375,408.34130859375
IMG_0048.mp4,1133,37.766666666666666,30.0,214,2,traffic_signs,0.8754581809043884,2781.8681640625,1422.8521728515625,2889.387451171875,1528.115234375,2835.6278076171875,1475.4837036132812,107.519287109375,105.2630615234375
IMG_0048.mp4,1133,37.766666666666666,30.0,234,2,traffic_signs,0.38070306181907654,1295.92578125,1337.037353515625,1358.46826171875,1423.1781005859375,1327.197021484375,1380.1077270507812,62.54248046875,86.1407470703125
IMG_0048.mp4,1133,37.766666666666666,30.0,238,2,traffic_signs,0.7948445081710815,1128.7454833984375,1226.457763671875,1208.927978515625,1431.2891845703125,1168.8367309570312,1328.8734741210938,80.1824951171875,204.8314208984375
IMG_0048.mp4,1133,37.766666666666666,30.0,265,2,traffic_signs,0.6931836009025574,2314.65380859375,1550.2852783203125,2357.669921875,1591.9884033203125,2336.161865234375,1571.1368408203125,43.01611328125,41.703125
IMG_0048.mp4,1133,37.766666666666666,30.0,258,2,traffic_signs,0.8386411666870117,1829.171142578125,1515.923583984375,1868.6439208984375,1561.8067626953125,1848.9075317382812,1538.8651733398438,39.4727783203125,45.8831787109375
IMG_0048.mp4,1133,37.766666666666666,30.0,267,2,traffic_signs,0.515763521194458,3811.88720703125,1560.92431640625,3838.801025390625,1663.2572021484375,3825.3441162109375,1612.0907592773438,26.913818359375,102.3328857421875
IMG_0048.mp4,1133,37.766666666666666,30.0,249,2,traffic_signs,0.3893122673034668,1349.6337890625,1446.5185546875,1382.964599609375,1496.07568359375,1366.2991943359375,1471.297119140625,33.330810546875,49.55712890625
IMG_0048.mp4,1134,37.8,30.0,214,2,traffic_signs,0.8382940888404846,2775.06689453125,1417.7391357421875,2880.8701171875,1524.62109375,2827.968505859375,1471.1801147460938,105.80322265625,106.8819580078125
IMG_0048.mp4,1134,37.8,30.0,238,2,traffic_signs,0.9126231074333191,1112.6131591796875,1219.5992431640625,1194.217041015625,1425.17919921875,1153.4151000976562,1322.3892211914062,81.6038818359375,205.5799560546875
IMG_0048.mp4,1134,37.8,30.0,265,2,traffic_signs,0.8281947374343872,2310.9296875,1547.1361083984375,2351.203369140625,1589.042724609375,2331.0665283203125,1568.0894165039062,40.273681640625,41.9066162109375
IMG_0048.mp4,1134,37.8,30.0,258,2,traffic_signs,0.8512941002845764,1822.856201171875,1512.31201171875,1861.855712890625,1557.7127685546875,1842.35595703125,1535.0123901367188,38.99951171875,45.4007568359375
IMG_0048.mp4,1134,37.8,30.0,249,2,traffic_signs,0.8618745803833008,1341.72021484375,1442.2569580078125,1374.7374267578125,1491.662841796875,1358.2288208007812,1466.9598999023438,33.0172119140625,49.4058837890625
IMG_0048.mp4,1135,37.833333333333336,30.0,214,2,traffic_signs,0.8989511728286743,2768.473876953125,1415.7503662109375,2876.941650390625,1522.24560546875,2822.707763671875,1468.9979858398438,108.4677734375,106.4952392578125
IMG_0048.mp4,1135,37.833333333333336,30.0,238,2,traffic_signs,0.7198320031166077,1096.7384033203125,1215.17041015625,1180.2672119140625,1423.1180419921875,1138.5028076171875,1319.1442260742188,83.52880859375,207.9476318359375
IMG_0048.mp4,1135,37.833333333333336,30.0,265,2,traffic_signs,0.7976211309432983,2305.638427734375,1545.5960693359375,2345.91162109375,1588.3836669921875,2325.7750244140625,1566.9898681640625,40.273193359375,42.78759765625
IMG_0048.mp4,1135,37.833333333333336,30.0,258,2,traffic_signs,0.8530288338661194,1816.0906982421875,1511.5701904296875,1854.589599609375,1555.638671875,1835.3401489257812,1533.6044311523438,38.4989013671875,44.0684814453125
IMG_0048.mp4,1135,37.833333333333336,30.0,249,2,traffic_signs,0.800017237663269,1333.2315673828125,1441.0472412109375,1366.5665283203125,1490.2447509765625,1349.8990478515625,1465.64599609375,33.3349609375,49.197509765625
IMG_0048.mp4,1135,37.833333333333336,30.0,272,2,traffic_signs,0.5081088542938232,1097.36767578125,1290.1500244140625,1171.810791015625,1419.1153564453125,1134.5892333984375,1354.6326904296875,74.443115234375,128.96533203125
IMG_0048.mp4,1135,37.833333333333336,30.0,234,2,traffic_signs,0.5063003301620483,1278.7713623046875,1328.1663818359375,1342.6961669921875,1409.3643798828125,1310.7337646484375,1368.765380859375,63.9248046875,81.197998046875
IMG_0048.mp4,1136,37.86666666666667,30.0,214,2,traffic_signs,0.8845745325088501,2761.535400390625,1414.386962890625,2870.96435546875,1521.11279296875,2816.2498779296875,1467.7498779296875,109.428955078125,106.725830078125
IMG_0048.mp4,1136,37.86666666666667,30.0,238,2,traffic_signs,0.7776422500610352,1080.2799072265625,1213.9827880859375,1163.06494140625,1420.55078125,1121.6724243164062,1317.2667846679688,82.7850341796875,206.5679931640625
IMG_0048.mp4,1136,37.86666666666667,30.0,265,2,traffic_signs,0.8063359260559082,2300.873291015625,1545.295166015625,2339.00830078125,1589.0137939453125,2319.9407958984375,1567.1544799804688,38.135009765625,43.7186279296875
IMG_0048.mp4,1136,37.86666666666667,30.0,258,2,traffic_signs,0.8526789546012878,1808.642333984375,1511.8321533203125,1848.296630859375,1555.6337890625,1828.469482421875,1533.7329711914062,39.654296875,43.8016357421875
IMG_0048.mp4,1136,37.86666666666667,30.0,249,2,traffic_signs,0.8402715921401978,1323.970703125,1441.7374267578125,1358.0611572265625,1489.2432861328125,1341.0159301757812,1465.4903564453125,34.0904541015625,47.505859375
IMG_0048.mp4,1136,37.86666666666667,30.0,272,2,traffic_signs,0.7717771530151367,1080.5980224609375,1305.296630859375,1154.2890625,1415.1649169921875,1117.4435424804688,1360.2307739257812,73.6910400390625,109.8682861328125
IMG_0048.mp4,1136,37.86666666666667,30.0,234,2,traffic_signs,0.9072470664978027,1262.0416259765625,1325.6807861328125,1331.1312255859375,1404.91357421875,1296.58642578125,1365.2971801757812,69.089599609375,79.2327880859375
IMG_0048.mp4,1137,37.9,30.0,214,2,traffic_signs,0.8913278579711914,2754.56884765625,1410.69873046875,2863.682373046875,1518.2117919921875,2809.1256103515625,1464.4552612304688,109.113525390625,107.5130615234375
IMG_0048.mp4,1137,37.9,30.0,265,2,traffic_signs,0.7830074429512024,2293.027099609375,1542.84033203125,2332.957763671875,1587.45751953125,2312.992431640625,1565.14892578125,39.9306640625,44.6171875
IMG_0048.mp4,1137,37.9,30.0,258,2,traffic_signs,0.8769412636756897,1802.025146484375,1510.3663330078125,1840.6998291015625,1554.804443359375,1821.3624877929688,1532.5853881835938,38.6746826171875,44.4381103515625
IMG_0048.mp4,1137,37.9,30.0,249,2,traffic_signs,0.4571010172367096,1315.4827880859375,1439.93017578125,1348.97509765625,1487.808349609375,1332.2289428710938,1463.8692626953125,33.4923095703125,47.878173828125
IMG_0048.mp4,1137,37.9,30.0,272,2,traffic_signs,0.9045025110244751,1063.4896240234375,1313.6341552734375,1135.5704345703125,1409.988525390625,1099.530029296875,1361.8113403320312,72.080810546875,96.3543701171875
IMG_0048.mp4,1137,37.9,30.0,234,2,traffic_signs,0.9044862389564514,1247.6339111328125,1322.7520751953125,1318.7225341796875,1401.4512939453125,1283.17822265625,1362.1016845703125,71.088623046875,78.69921875
IMG_0048.mp4,1137,37.9,30.0,243,2,traffic_signs,0.8227803707122803,1960.7789306640625,1458.13525390625,2108.253662109375,1884.984619140625,2034.5162963867188,1671.5599365234375,147.4747314453125,426.849365234375
IMG_0048.mp4,1138,37.93333333333333,30.0,214,2,traffic_signs,0.9165124297142029,2748.371826171875,1408.7598876953125,2858.673095703125,1515.33154296875,2803.5224609375,1462.0457153320312,110.30126953125,106.5716552734375
IMG_0048.mp4,1138,37.93333333333333,30.0,265,2,traffic_signs,0.8535729646682739,2287.205078125,1542.020751953125,2326.720458984375,1585.9564208984375,2306.9627685546875,1563.9885864257812,39.515380859375,43.9356689453125
IMG_0048.mp4,1138,37.93333333333333,30.0,258,2,traffic_signs,0.8722341060638428,1795.9368896484375,1509.099853515625,1835.32275390625,1553.7620849609375,1815.6298217773438,1531.4309692382812,39.3858642578125,44.6622314453125
IMG_0048.mp4,1138,37.93333333333333,30.0,249,2,traffic_signs,0.7069024443626404,1306.4556884765625,1437.6102294921875,1341.40869140625,1487.1824951171875,1323.9321899414062,1462.3963623046875,34.9530029296875,49.572265625
IMG_0048.mp4,1138,37.93333333333333,30.0,272,2,traffic_signs,0.872089147567749,1046.39404296875,1311.906494140625,1119.4454345703125,1408.8284912109375,1082.9197387695312,1360.3674926757812,73.0513916015625,96.9219970703125
IMG_0048.mp4,1138,37.93333333333333,30.0,234,2,traffic_signs,0.9114103317260742,1234.51123046875,1320.5611572265625,1307.4307861328125,1398.6915283203125,1270.9710083007812,1359.6263427734375,72.9195556640625,78.13037109375
IMG_0048.mp4,1138,37.93333333333333,30.0,243,2,traffic_signs,0.3489450514316559,1942.15234375,1451.51416015625,2095.09033203125,1884.4781494140625,2018.621337890625,1667.9961547851562,152.93798828125,432.9639892578125
IMG_0048.mp4,1139,37.96666666666667,30.0,214,2,traffic_signs,0.8650897145271301,2742.8955078125,1404.18115234375,2854.05126953125,1512.1259765625,2798.473388671875,1458.153564453125,111.15576171875,107.94482421875
IMG_0048.mp4,1139,37.96666666666667,30.0,265,2,traffic_signs,0.8335908651351929,2279.660400390625,1539.554443359375,2321.616943359375,1584.0592041015625,2300.638671875,1561.8068237304688,41.95654296875,44.5047607421875
IMG_0048.mp4,1139,37.96666666666667,30.0,258,2,traffic_signs,0.8731415867805481,1790.8624267578125,1507.304443359375,1829.04638671875,1552.371826171875,1809.9544067382812,1529.838134765625,38.1839599609375,45.0673828125
IMG_0048.mp4,1139,37.96666666666667,30.0,272,2,traffic_signs,0.514346718788147,1029.309814453125,1303.24951171875,1106.8505859375,1404.31298828125,1068.0802001953125,1353.78125,77.540771484375,101.0634765625
IMG_0048.mp4,1139,37.96666666666667,30.0,234,2,traffic_signs,0.9090492129325867,1220.6336669921875,1316.3160400390625,1295.9912109375,1396.761474609375,1258.3124389648438,1356.5387573242188,75.3575439453125,80.4454345703125
IMG_0048.mp4,1139,37.96666666666667,30.0,243,2,traffic_signs,0.87688809633255,1925.666748046875,1448.17333984375,2080.0751953125,1889.4801025390625,2002.8709716796875,1668.8267211914062,154.408447265625,441.3067626953125
IMG_0048.mp4,1140,38.0,30.0,214,2,traffic_signs,0.8541761636734009,2736.743896484375,1403.2569580078125,2847.614990234375,1511.106201171875,2792.179443359375,1457.1815795898438,110.87109375,107.8492431640625
IMG_0048.mp4,1140,38.0,30.0,265,2,traffic_signs,0.8421459197998047,2275.231201171875,1538.6868896484375,2316.08056640625,1584.742919921875,2295.6558837890625,1561.7149047851562,40.849365234375,46.0560302734375
IMG_0048.mp4,1140,38.0,30.0,258,2,traffic_signs,0.8556225299835205,1784.2923583984375,1507.1956787109375,1823.477294921875,1552.4688720703125,1803.8848266601562,1529.832275390625,39.1849365234375,45.273193359375
IMG_0048.mp4,1140,38.0,30.0,272,2,traffic_signs,0.8416731953620911,1015.1777954101562,1300.783203125,1087.4151611328125,1401.3515625,1051.2964782714844,1351.0673828125,72.23736572265625,100.568359375
IMG_0048.mp4,1140,38.0,30.0,234,2,traffic_signs,0.9273211359977722,1209.2510986328125,1314.3427734375,1281.741943359375,1394.875,1245.4965209960938,1354.60888671875,72.4908447265625,80.5322265625
IMG_0048.mp4,1140,38.0,30.0,243,2,traffic_signs,0.8709618449211121,1908.907958984375,1445.65185546875,2062.68359375,1885.753662109375,1985.7957763671875,1665.7027587890625,153.775634765625,440.101806640625
IMG_0048.mp4,1141,38.03333333333333,30.0,214,2,traffic_signs,0.8469594120979309,2730.75048828125,1401.5394287109375,2841.828125,1508.8121337890625,2786.289306640625,1455.17578125,111.07763671875,107.272705078125
IMG_0048.mp4,1141,38.03333333333333,30.0,265,2,traffic_signs,0.8026747703552246,2271.12353515625,1538.3843994140625,2311.356201171875,1584.966796875,2291.2398681640625,1561.6755981445312,40.232666015625,46.5823974609375
IMG_0048.mp4,1141,38.03333333333333,30.0,258,2,traffic_signs,0.8745023608207703,1778.4359130859375,1505.5831298828125,1817.703369140625,1552.1456298828125,1798.0696411132812,1528.8643798828125,39.2674560546875,46.5625
IMG_0048.mp4,1141,38.03333333333333,30.0,272,2,traffic_signs,0.4880715608596802,999.583984375,1300.1806640625,1064.9686279296875,1397.72265625,1032.2763061523438,1348.95166015625,65.3846435546875,97.5419921875
IMG_0048.mp4,1141,38.03333333333333,30.0,234,2,traffic_signs,0.8318636417388916,1195.563232421875,1312.3861083984375,1259.4193115234375,1393.4781494140625,1227.4912719726562,1352.93212890625,63.8560791015625,81.092041015625
IMG_0048.mp4,1141,38.03333333333333,30.0,243,2,traffic_signs,0.8331352472305298,1890.074951171875,1440.3299560546875,2048.054443359375,1889.199951171875,1969.064697265625,1664.7649536132812,157.9794921875,448.8699951171875
IMG_0048.mp4,1141,38.03333333333333,30.0,249,2,traffic_signs,0.8091437220573425,1283.79541015625,1431.3897705078125,1321.607177734375,1484.6602783203125,1302.7012939453125,1458.0250244140625,37.811767578125,53.2705078125
IMG_0048.mp4,1142,38.06666666666667,30.0,214,2,traffic_signs,0.8746758103370667,2724.849365234375,1397.786376953125,2835.49462890625,1505.6531982421875,2780.1719970703125,1451.7197875976562,110.645263671875,107.8668212890625
IMG_0048.mp4,1142,38.06666666666667,30.0,265,2,traffic_signs,0.870560348033905,2266.896484375,1537.7794189453125,2307.211669921875,1584.24658203125,2287.0540771484375,1561.0130004882812,40.315185546875,46.4671630859375
IMG_0048.mp4,1142,38.06666666666667,30.0,258,2,traffic_signs,0.8691200613975525,1773.5164794921875,1503.8590087890625,1812.389404296875,1548.4991455078125,1792.9529418945312,1526.1790771484375,38.8729248046875,44.64013671875
IMG_0048.mp4,1142,38.06666666666667,30.0,243,2,traffic_signs,0.862768292427063,1874.3604736328125,1435.330810546875,2033.0345458984375,1887.4691162109375,1953.697509765625,1661.3999633789062,158.674072265625,452.1383056640625
IMG_0048.mp4,1142,38.06666666666667,30.0,249,2,traffic_signs,0.6435229778289795,1277.239990234375,1430.7242431640625,1315.4739990234375,1482.5010986328125,1296.3569946289062,1456.6126708984375,38.2340087890625,51.77685546875
IMG_0048.mp4,1143,38.1,30.0,214,2,traffic_signs,0.9001337289810181,2721.894287109375,1394.0103759765625,2830.936767578125,1501.4605712890625,2776.41552734375,1447.7354736328125,109.04248046875,107.4501953125
IMG_0048.mp4,1143,38.1,30.0,265,2,traffic_signs,0.8552297353744507,2262.640380859375,1536.1856689453125,2301.90869140625,1581.7957763671875,2282.2745361328125,1558.99072265625,39.268310546875,45.610107421875
IMG_0048.mp4,1143,38.1,30.0,258,2,traffic_signs,0.8676706552505493,1767.328857421875,1501.9034423828125,1806.7608642578125,1545.958740234375,1787.0448608398438,1523.9310913085938,39.4320068359375,44.0552978515625
IMG_0048.mp4,1143,38.1,30.0,243,2,traffic_signs,0.8739628195762634,1860.1905517578125,1430.081787109375,2016.7181396484375,1884.639892578125,1938.454345703125,1657.36083984375,156.527587890625,454.55810546875
IMG_0048.mp4,1143,38.1,30.0,249,2,traffic_signs,0.708640456199646,1270.1866455078125,1430.5509033203125,1307.532958984375,1479.0902099609375,1288.8598022460938,1454.820556640625,37.3463134765625,48.539306640625
IMG_0048.mp4,1143,38.1,30.0,234,2,traffic_signs,0.902653694152832,1175.4161376953125,1304.4466552734375,1243.619140625,1385.6298828125,1209.5176391601562,1345.0382690429688,68.2030029296875,81.1832275390625
IMG_0048.mp4,1144,38.13333333333333,30.0,214,2,traffic_signs,0.8944761157035828,2715.268310546875,1390.60986328125,2825.640869140625,1498.6466064453125,2770.45458984375,1444.6282348632812,110.37255859375,108.0367431640625
IMG_0048.mp4,1144,38.13333333333333,30.0,265,2,traffic_signs,0.8684421181678772,2257.388427734375,1535.2637939453125,2297.447998046875,1579.8431396484375,2277.418212890625,1557.553466796875,40.0595703125,44.579345703125
IMG_0048.mp4,1144,38.13333333333333,30.0,258,2,traffic_signs,0.853758692741394,1762.9600830078125,1499.9224853515625,1801.468505859375,1542.98193359375,1782.2142944335938,1521.4522094726562,38.5084228515625,43.0594482421875
IMG_0048.mp4,1144,38.13333333333333,30.0,243,2,traffic_signs,0.6859317421913147,1842.8321533203125,1423.7154541015625,2005.9124755859375,1882.5343017578125,1924.372314453125,1653.1248779296875,163.080322265625,458.81884765625
IMG_0048.mp4,1144,38.13333333333333,30.0,249,2,traffic_signs,0.719596266746521,1262.771728515625,1428.4498291015625,1300.21044921875,1476.989013671875,1281.4910888671875,1452.7194213867188,37.438720703125,48.5391845703125
IMG_0048.mp4,1144,38.13333333333333,30.0,234,2,traffic_signs,0.898322582244873,1162.384033203125,1299.1650390625,1233.59716796875,1381.8692626953125,1197.9906005859375,1340.5171508789062,71.213134765625,82.7042236328125
IMG_0048.mp4,1145,38.166666666666664,30.0,214,2,traffic_signs,0.8828945755958557,2710.24658203125,1385.996826171875,2820.23681640625,1494.8541259765625,2765.24169921875,1440.4254760742188,109.990234375,108.8572998046875
IMG_0048.mp4,1145,38.166666666666664,30.0,265,2,traffic_signs,0.8547835350036621,2253.72314453125,1534.0946044921875,2293.38671875,1576.9964599609375,2273.554931640625,1555.5455322265625,39.66357421875,42.90185546875
IMG_0048.mp4,1145,38.166666666666664,30.0,258,2,traffic_signs,0.8641139268875122,1759.4969482421875,1497.136474609375,1797.5780029296875,1539.6007080078125,1778.5374755859375,1518.3685913085938,38.0810546875,42.4642333984375
IMG_0048.mp4,1145,38.166666666666664,30.0,243,2,traffic_signs,0.6444290280342102,1825.228515625,1417.0211181640625,1994.4228515625,1881.1370849609375,1909.82568359375,1649.0791015625,169.1943359375,464.115966796875
IMG_0048.mp4,1145,38.166666666666664,30.0,249,2,traffic_signs,0.6049036383628845,1257.1669921875,1427.682861328125,1293.5347900390625,1475.1868896484375,1275.3508911132812,1451.4348754882812,36.3677978515625,47.5040283203125
IMG_0048.mp4,1145,38.166666666666664,30.0,234,2,traffic_signs,0.9273832440376282,1151.726806640625,1294.081298828125,1222.361572265625,1376.9569091796875,1187.044189453125,1335.5191040039062,70.634765625,82.8756103515625
IMG_0048.mp4,1145,38.166666666666664,30.0,272,2,traffic_signs,0.5597549676895142,936.0740966796875,1275.998046875,1007.20361328125,1381.2161865234375,971.6388549804688,1328.6071166992188,71.1295166015625,105.2181396484375
IMG_0048.mp4,1146,38.2,30.0,214,2,traffic_signs,0.4857047200202942,2705.213134765625,1381.9593505859375,2814.637451171875,1489.143798828125,2759.92529296875,1435.5515747070312,109.42431640625,107.1844482421875
IMG_0048.mp4,1146,38.2,30.0,265,2,traffic_signs,0.8700853586196899,2249.388916015625,1531.3709716796875,2288.579345703125,1574.6546630859375,2268.984130859375,1553.0128173828125,39.1904296875,43.28369140625
IMG_0048.mp4,1146,38.2,30.0,258,2,traffic_signs,0.8504633903503418,1755.80029296875,1495.0086669921875,1791.4639892578125,1537.6661376953125,1773.6321411132812,1516.33740234375,35.6636962890625,42.657470703125
IMG_0048.mp4,1146,38.2,30.0,243,2,traffic_signs,0.8814257383346558,1810.17236328125,1408.698486328125,1978.0089111328125,1874.843505859375,1894.0906372070312,1641.77099609375,167.8365478515625,466.14501953125
IMG_0048.mp4,1146,38.2,30.0,234,2,traffic_signs,0.9409478902816772,1140.1212158203125,1288.1932373046875,1212.8243408203125,1373.7618408203125,1176.4727783203125,1330.9775390625,72.703125,85.568603515625
IMG_0048.mp4,1147,38.233333333333334,30.0,214,2,traffic_signs,0.879412829875946,2701.682861328125,1377.057861328125,2811.13671875,1483.8902587890625,2756.4097900390625,1430.4740600585938,109.453857421875,106.8323974609375
IMG_0048.mp4,1147,38.233333333333334,30.0,265,2,traffic_signs,0.8596979975700378,2246.348388671875,1529.987548828125,2285.34814453125,1572.5859375,2265.8482666015625,1551.2867431640625,38.999755859375,42.598388671875
IMG_0048.mp4,1147,38.233333333333334,30.0,258,2,traffic_signs,0.791923999786377,1751.4630126953125,1492.6844482421875,1786.044189453125,1534.319091796875,1768.7536010742188,1513.5017700195312,34.5811767578125,41.6346435546875
IMG_0048.mp4,1147,38.233333333333334,30.0,243,2,traffic_signs,0.8631146550178528,1794.0269775390625,1402.0006103515625,1965.5489501953125,1871.5755615234375,1879.7879638671875,1636.7880859375,171.52197265625,469.574951171875
IMG_0048.mp4,1147,38.233333333333334,30.0,234,2,traffic_signs,0.9263184070587158,1128.326171875,1283.0933837890625,1202.1593017578125,1369.3194580078125,1165.2427368164062,1326.2064208984375,73.8331298828125,86.22607421875
IMG_0048.mp4,1147,38.233333333333334,30.0,238,2,traffic_signs,0.7355184555053711,922.3994750976562,1173.1151123046875,996.812255859375,1376.1787109375,959.6058654785156,1274.6469116210938,74.41278076171875,203.0635986328125
IMG_0048.mp4,1147,38.233333333333334,30.0,249,2,traffic_signs,0.44037267565727234,1242.003173828125,1421.1165771484375,1279.058837890625,1468.1884765625,1260.531005859375,1444.6525268554688,37.0556640625,47.0718994140625
IMG_0048.mp4,1147,38.233333333333334,30.0,272,2,traffic_signs,0.6107723116874695,919.0103149414062,1246.6942138671875,986.0868530273438,1373.5938720703125,952.548583984375,1310.14404296875,67.0765380859375,126.899658203125
IMG_0048.mp4,1148,38.266666666666666,30.0,214,2,traffic_signs,0.9018258452415466,2697.10498046875,1374.7916259765625,2807.775146484375,1482.132080078125,2752.4400634765625,1428.4618530273438,110.670166015625,107.3404541015625
IMG_0048.mp4,1148,38.266666666666666,30.0,265,2,traffic_signs,0.8592917323112488,2242.77001953125,1529.56005859375,2282.18701171875,1571.7083740234375,2262.478515625,1550.6342163085938,39.4169921875,42.1483154296875
IMG_0048.mp4,1148,38.266666666666666,30.0,258,2,traffic_signs,0.30748289823532104,1745.15380859375,1491.3450927734375,1778.19677734375,1532.9052734375,1761.67529296875,1512.1251831054688,33.04296875,41.5601806640625
IMG_0048.mp4,1148,38.266666666666666,30.0,243,2,traffic_signs,0.8390533924102783,1775.2076416015625,1397.8040771484375,1951.9649658203125,1871.6636962890625,1863.5863037109375,1634.73388671875,176.75732421875,473.859619140625
IMG_0048.mp4,1148,38.266666666666666,30.0,234,2,traffic_signs,0.8882054090499878,1115.2630615234375,1279.533935546875,1190.9649658203125,1365.9053955078125,1153.114013671875,1322.7196655273438,75.701904296875,86.3714599609375
IMG_0048.mp4,1148,38.266666666666666,30.0,238,2,traffic_signs,0.36727383732795715,894.8839111328125,1161.1016845703125,985.8910522460938,1372.056396484375,940.3874816894531,1266.5790405273438,91.00714111328125,210.9547119140625
IMG_0048.mp4,1148,38.266666666666666,30.0,249,2,traffic_signs,0.48213958740234375,1234.4586181640625,1418.703857421875,1272.42822265625,1465.8419189453125,1253.4434204101562,1442.2728881835938,37.9696044921875,47.1380615234375
IMG_0048.mp4,1148,38.266666666666666,30.0,272,2,traffic_signs,0.8146206140518188,895.5908813476562,1254.7705078125,973.2820434570312,1369.2545166015625,934.4364624023438,1312.0125122070312,77.691162109375,114.4840087890625
IMG_0048.mp4,1149,38.3,30.0,214,2,traffic_signs,0.9102842807769775,2691.964599609375,1371.1424560546875,2804.17578125,1479.084228515625,2748.0701904296875,1425.1133422851562,112.211181640625,107.9417724609375
IMG_0048.mp4,1149,38.3,30.0,265,2,traffic_signs,0.8704310655593872,2238.490966796875,1527.1964111328125,2279.12109375,1569.725830078125,2258.8060302734375,1548.4611206054688,40.630126953125,42.5294189453125
IMG_0048.mp4,1149,38.3,30.0,243,2,traffic_signs,0.49281045794487,1758.625732421875,1393.004150390625,1937.356689453125,1868.8494873046875,1847.9912109375,1630.9268188476562,178.73095703125,475.8453369140625
IMG_0048.mp4,1149,38.3,30.0,234,2,traffic_signs,0.9057329893112183,1104.58544921875,1275.3839111328125,1179.3095703125,1362.9215087890625,1141.947509765625,1319.1527099609375,74.72412109375,87.53759765625
IMG_0048.mp4,1149,38.3,30.0,249,2,traffic_signs,0.4659697711467743,1227.144287109375,1412.76806640625,1266.9222412109375,1463.7574462890625,1247.0332641601562,1438.2627563476562,39.7779541015625,50.9893798828125
IMG_0048.mp4,1149,38.3,30.0,272,2,traffic_signs,0.7426199316978455,877.791748046875,1254.1199951171875,956.9450073242188,1364.4169921875,917.3683776855469,1309.2684936523438,79.15325927734375,110.2969970703125
IMG_0048.mp4,1150,38.333333333333336,30.0,214,2,traffic_signs,0.8989419341087341,2686.23388671875,1369.581787109375,2800.310302734375,1478.3974609375,2743.2720947265625,1423.9896240234375,114.076416015625,108.815673828125
IMG_0048.mp4,1150,38.333333333333336,30.0,265,2,traffic_signs,0.850555956363678,2234.156005859375,1526.739501953125,2274.35888671875,1568.932373046875,2254.2574462890625,1547.8359375,40.202880859375,42.19287109375
IMG_0048.mp4,1150,38.333333333333336,30.0,243,2,traffic_signs,0.9059343934059143,1743.02783203125,1390.5130615234375,1924.3011474609375,1870.6513671875,1833.6644897460938,1630.5822143554688,181.2733154296875,480.1383056640625
IMG_0048.mp4,1150,38.333333333333336,30.0,234,2,traffic_signs,0.8916758298873901,1092.9879150390625,1272.859619140625,1169.314208984375,1360.322998046875,1131.1510620117188,1316.59130859375,76.3262939453125,87.46337890625
IMG_0048.mp4,1150,38.333333333333336,30.0,249,2,traffic_signs,0.6235170364379883,1221.3873291015625,1412.78662109375,1259.501220703125,1464.55615234375,1240.4442749023438,1438.67138671875,38.1138916015625,51.76953125
IMG_0048.mp4,1150,38.333333333333336,30.0,272,2,traffic_signs,0.5522588491439819,862.78369140625,1250.947021484375,942.9811401367188,1361.916748046875,902.8824157714844,1306.431884765625,80.19744873046875,110.9697265625
IMG_0048.mp4,1150,38.333333333333336,30.0,238,2,traffic_signs,0.6555628180503845,861.95556640625,1147.1031494140625,956.3009643554688,1365.3099365234375,909.1282653808594,1256.20654296875,94.34539794921875,218.206787109375
IMG_0048.mp4,1151,38.36666666666667,30.0,214,2,traffic_signs,0.8763340711593628,2680.5576171875,1364.935302734375,2795.310302734375,1475.1007080078125,2737.9339599609375,1420.0180053710938,114.752685546875,110.1654052734375
IMG_0048.mp4,1151,38.36666666666667,30.0,265,2,traffic_signs,0.8746752738952637,2229.644775390625,1522.7999267578125,2268.931640625,1565.647705078125,2249.2882080078125,1544.2238159179688,39.286865234375,42.8477783203125
IMG_0048.mp4,1151,38.36666666666667,30.0,243,2,traffic_signs,0.9261488318443298,1726.9456787109375,1386.982666015625,1910.7916259765625,1866.43505859375,1818.86865234375,1626.7088623046875,183.845947265625,479.452392578125
IMG_0048.mp4,1151,38.36666666666667,30.0,234,2,traffic_signs,0.9020745754241943,1083.5736083984375,1268.1796875,1158.10205078125,1354.1572265625,1120.8378295898438,1311.16845703125,74.5284423828125,85.9775390625
IMG_0048.mp4,1151,38.36666666666667,30.0,249,2,traffic_signs,0.5796858072280884,1214.0731201171875,1410.545166015625,1253.174072265625,1461.810546875,1233.6235961914062,1436.1778564453125,39.1009521484375,51.265380859375
IMG_0048.mp4,1151,38.36666666666667,30.0,272,2,traffic_signs,0.589262843132019,846.4150390625,1244.882080078125,928.5635986328125,1354.975341796875,887.4893188476562,1299.9287109375,82.1485595703125,110.09326171875
IMG_0048.mp4,1151,38.36666666666667,30.0,238,2,traffic_signs,0.4034145474433899,845.0767211914062,1139.3636474609375,941.389404296875,1358.595703125,893.2330627441406,1248.9796752929688,96.31268310546875,219.2320556640625
IMG_0048.mp4,1152,38.4,30.0,214,2,traffic_signs,0.8635516166687012,2675.814453125,1362.30908203125,2789.918212890625,1473.5699462890625,2732.8663330078125,1417.9395141601562,114.103759765625,111.2608642578125
IMG_0048.mp4,1152,38.4,30.0,265,2,traffic_signs,0.8261236548423767,2225.68603515625,1522.6309814453125,2263.890869140625,1564.935791015625,2244.7884521484375,1543.7833862304688,38.204833984375,42.3048095703125
IMG_0048.mp4,1152,38.4,30.0,243,2,traffic_signs,0.8928030729293823,1708.7161865234375,1383.9735107421875,1894.849609375,1864.7186279296875,1801.7828979492188,1624.3460693359375,186.1334228515625,480.7451171875
IMG_0048.mp4,1152,38.4,30.0,234,2,traffic_signs,0.9167738556861877,1072.529541015625,1265.9334716796875,1148.32763671875,1351.43603515625,1110.4285888671875,1308.6847534179688,75.798095703125,85.5025634765625
IMG_0048.mp4,1152,38.4,30.0,249,2,traffic_signs,0.7375238537788391,1207.3516845703125,1409.2518310546875,1247.4610595703125,1459.891845703125,1227.4063720703125,1434.5718383789062,40.109375,50.6400146484375
IMG_0048.mp4,1152,38.4,30.0,272,2,traffic_signs,0.6292977333068848,831.7626953125,1241.6937255859375,915.1627197265625,1350.1776123046875,873.4627075195312,1295.9356689453125,83.4000244140625,108.48388671875
IMG_0048.mp4,1152,38.4,30.0,276,2,traffic_signs,0.6036316156387329,631.7841186523438,663.1871948242188,855.2341918945312,912.9773559570312,743.5091552734375,788.082275390625,223.4500732421875,249.7901611328125
IMG_0048.mp4,1153,38.43333333333333,30.0,214,2,traffic_signs,0.859994649887085,2671.56884765625,1357.99609375,2786.69921875,1472.21923828125,2729.134033203125,1415.107666015625,115.13037109375,114.22314453125
IMG_0048.mp4,1153,38.43333333333333,30.0,265,2,traffic_signs,0.7785273194313049,2222.200439453125,1520.2607421875,2259.727294921875,1564.5255126953125,2240.9638671875,1542.3931274414062,37.52685546875,44.2647705078125
IMG_0048.mp4,1153,38.43333333333333,30.0,243,2,traffic_signs,0.9298416972160339,1691.28662109375,1376.7706298828125,1876.23779296875,1864.372314453125,1783.76220703125,1620.5714721679688,184.951171875,487.6016845703125
IMG_0048.mp4,1153,38.43333333333333,30.0,234,2,traffic_signs,0.9192483425140381,1061.9786376953125,1262.12451171875,1138.882568359375,1348.8558349609375,1100.4306030273438,1305.4901733398438,76.9039306640625,86.7313232421875
IMG_0048.mp4,1153,38.43333333333333,30.0,249,2,traffic_signs,0.7417364716529846,1201.720458984375,1406.222900390625,1241.292724609375,1457.710205078125,1221.506591796875,1431.966552734375,39.572265625,51.4873046875
IMG_0048.mp4,1153,38.43333333333333,30.0,272,2,traffic_signs,0.8775439858436584,816.4494018554688,1239.3240966796875,900.51806640625,1345.1446533203125,858.4837341308594,1292.234375,84.06866455078125,105.820556640625
IMG_0048.mp4,1153,38.43333333333333,30.0,276,2,traffic_signs,0.7175421714782715,572.715576171875,631.3571166992188,816.80029296875,895.5453491210938,694.7579345703125,763.4512329101562,244.084716796875,264.188232421875
IMG_0048.mp4,1154,38.46666666666667,30.0,214,2,traffic_signs,0.854121208190918,2666.16162109375,1353.3486328125,2782.487060546875,1470.996826171875,2724.3243408203125,1412.1727294921875,116.325439453125,117.648193359375
IMG_0048.mp4,1154,38.46666666666667,30.0,265,2,traffic_signs,0.739783525466919,2217.81640625,1517.9786376953125,2255.614501953125,1563.7508544921875,2236.7154541015625,1540.86474609375,37.798095703125,45.772216796875
IMG_0048.mp4,1154,38.46666666666667,30.0,243,2,traffic_signs,0.9401072263717651,1675.7333984375,1369.8946533203125,1859.414794921875,1862.1888427734375,1767.5740966796875,1616.041748046875,183.681396484375,492.294189453125
IMG_0048.mp4,1154,38.46666666666667,30.0,234,2,traffic_signs,0.9216846823692322,1050.0579833984375,1257.841552734375,1127.1097412109375,1345.696533203125,1088.5838623046875,1301.76904296875,77.0517578125,87.85498046875
IMG_0048.mp4,1154,38.46666666666667,30.0,249,2,traffic_signs,0.8219661116600037,1197.6644287109375,1404.9000244140625,1234.1658935546875,1455.3502197265625,1215.9151611328125,1430.1251220703125,36.50146484375,50.4501953125
IMG_0048.mp4,1154,38.46666666666667,30.0,272,2,traffic_signs,0.568335771560669,800.0172729492188,1236.2784423828125,882.0106811523438,1342.33544921875,841.0139770507812,1289.3069458007812,81.993408203125,106.0570068359375
IMG_0048.mp4,1154,38.46666666666667,30.0,276,2,traffic_signs,0.9523792862892151,520.2533569335938,582.1840209960938,773.3696899414062,875.915283203125,646.8115234375,729.0496520996094,253.1163330078125,293.73126220703125
IMG_0048.mp4,1154,38.46666666666667,30.0,238,2,traffic_signs,0.5354057550430298,798.2727661132812,1125.42578125,898.0780639648438,1350.1480712890625,848.1754150390625,1237.7869262695312,99.8052978515625,224.7222900390625
IMG_0048.mp4,1155,38.5,30.0,214,2,traffic_signs,0.7661483883857727,2660.801025390625,1350.46826171875,2778.94580078125,1468.7364501953125,2719.8734130859375,1409.6023559570312,118.144775390625,118.2681884765625
IMG_0048.mp4,1155,38.5,30.0,265,2,traffic_signs,0.8316403031349182,2214.821533203125,1516.9117431640625,2252.090087890625,1563.5643310546875,2233.455810546875,1540.238037109375,37.2685546875,46.652587890625
IMG_0048.mp4,1155,38.5,30.0,243,2,traffic_signs,0.8687517046928406,1658.8800048828125,1363.400390625,1842.9246826171875,1863.27099609375,1750.90234375,1613.335693359375,184.044677734375,499.87060546875
IMG_0048.mp4,1155,38.5,30.0,234,2,traffic_signs,0.9241106510162354,1039.6353759765625,1254.7152099609375,1116.9764404296875,1343.225830078125,1078.305908203125,1298.9705200195312,77.341064453125,88.5106201171875
IMG_0048.mp4,1155,38.5,30.0,249,2,traffic_signs,0.8535056710243225,1192.9312744140625,1403.1949462890625,1228.156005859375,1454.3797607421875,1210.5436401367188,1428.787353515625,35.2247314453125,51.184814453125
IMG_0048.mp4,1155,38.5,30.0,272,2,traffic_signs,0.8215184807777405,785.0711669921875,1229.8548583984375,868.1489868164062,1339.7210693359375,826.6100769042969,1284.7879638671875,83.07781982421875,109.8662109375
IMG_0048.mp4,1155,38.5,30.0,276,2,traffic_signs,0.7933251261711121,456.7884826660156,539.7945556640625,723.5297241210938,860.4270629882812,590.1591033935547,700.1108093261719,266.7412414550781,320.63250732421875
IMG_0048.mp4,1155,38.5,30.0,238,2,traffic_signs,0.8426215648651123,785.1387329101562,1119.3427734375,882.5808715820312,1347.72607421875,833.8598022460938,1233.534423828125,97.442138671875,228.38330078125
IMG_0048.mp4,1156,38.53333333333333,30.0,214,2,traffic_signs,0.7413239479064941,2654.8251953125,1347.97900390625,2774.528076171875,1466.0126953125,2714.6766357421875,1406.995849609375,119.702880859375,118.03369140625
IMG_0048.mp4,1156,38.53333333333333,30.0,265,2,traffic_signs,0.3484555780887604,2212.425537109375,1515.3546142578125,2248.32177734375,1562.164306640625,2230.3736572265625,1538.7594604492188,35.896240234375,46.8096923828125
IMG_0048.mp4,1156,38.53333333333333,30.0,243,2,traffic_signs,0.8877382278442383,1639.310302734375,1361.2415771484375,1830.2735595703125,1863.034912109375,1734.7919311523438,1612.1382446289062,190.9632568359375,501.7933349609375
IMG_0048.mp4,1156,38.53333333333333,30.0,234,2,traffic_signs,0.9162026643753052,1028.0679931640625,1252.322021484375,1104.7919921875,1339.839111328125,1066.4299926757812,1296.08056640625,76.7239990234375,87.51708984375
IMG_0048.mp4,1156,38.53333333333333,30.0,249,2,traffic_signs,0.859041690826416,1187.2469482421875,1399.30322265625,1221.9521484375,1452.272216796875,1204.5995483398438,1425.7877197265625,34.7052001953125,52.968994140625
IMG_0048.mp4,1156,38.53333333333333,30.0,272,2,traffic_signs,0.673799991607666,769.5299072265625,1223.867431640625,854.7186279296875,1335.4422607421875,812.124267578125,1279.6548461914062,85.188720703125,111.5748291015625
IMG_0048.mp4,1156,38.53333333333333,30.0,238,2,traffic_signs,0.8942018747329712,768.8131103515625,1115.027587890625,869.1707763671875,1341.783447265625,818.991943359375,1228.405517578125,100.357666015625,226.755859375
IMG_0048.mp4,1157,38.56666666666667,30.0,214,2,traffic_signs,0.7812700271606445,2651.197998046875,1345.94873046875,2770.333984375,1464.30517578125,2710.7659912109375,1405.126953125,119.135986328125,118.3564453125
IMG_0048.mp4,1157,38.56666666666667,30.0,265,2,traffic_signs,0.8528655171394348,2210.5390625,1514.5341796875,2245.8857421875,1561.87890625,2228.21240234375,1538.20654296875,35.3466796875,47.3447265625
IMG_0048.mp4,1157,38.56666666666667,30.0,243,2,traffic_signs,0.8966616988182068,1619.825439453125,1357.785400390625,1816.46826171875,1859.1710205078125,1718.1468505859375,1608.4782104492188,196.642822265625,501.3856201171875
IMG_0048.mp4,1157,38.56666666666667,30.0,234,2,traffic_signs,0.8563029170036316,1016.5283813476562,1250.077880859375,1094.6295166015625,1337.0560302734375,1055.5789489746094,1293.5669555664062,78.10113525390625,86.9781494140625
IMG_0048.mp4,1157,38.56666666666667,30.0,249,2,traffic_signs,0.7304500341415405,1182.484619140625,1395.5787353515625,1216.0841064453125,1450.593994140625,1199.2843627929688,1423.0863647460938,33.5994873046875,55.0152587890625
IMG_0048.mp4,1157,38.56666666666667,30.0,272,2,traffic_signs,0.3894391357898712,755.3439331054688,1221.11083984375,841.8190307617188,1332.2308349609375,798.5814819335938,1276.6708374023438,86.47509765625,111.1199951171875
IMG_0048.mp4,1157,38.56666666666667,30.0,238,2,traffic_signs,0.8134201169013977,753.4436645507812,1110.9954833984375,854.8331909179688,1336.9744873046875,804.138427734375,1223.9849853515625,101.3895263671875,225.97900390625
IMG_0048.mp4,1157,38.56666666666667,30.0,267,2,traffic_signs,0.3699001669883728,3816.95703125,1523.150390625,3840.0,1641.9505615234375,3828.478515625,1582.5504760742188,23.04296875,118.8001708984375
IMG_0048.mp4,1158,38.6,30.0,214,2,traffic_signs,0.7368720173835754,2647.650146484375,1342.7955322265625,2766.710205078125,1460.943359375,2707.18017578125,1401.8694458007812,119.06005859375,118.1478271484375
IMG_0048.mp4,1158,38.6,30.0,265,2,traffic_signs,0.8079065084457397,2206.96435546875,1513.143798828125,2242.808837890625,1560.9483642578125,2224.8865966796875,1537.0460815429688,35.844482421875,47.8045654296875
IMG_0048.mp4,1158,38.6,30.0,243,2,traffic_signs,0.35138562321662903,1602.562744140625,1349.8817138671875,1803.491943359375,1850.897216796875,1703.02734375,1600.3894653320312,200.92919921875,501.0155029296875
IMG_0048.mp4,1158,38.6,30.0,234,2,traffic_signs,0.8912318348884583,1006.307373046875,1246.515380859375,1081.74951171875,1334.6287841796875,1044.0284423828125,1290.5720825195312,75.442138671875,88.1134033203125
IMG_0048.mp4,1158,38.6,30.0,249,2,traffic_signs,0.8947163224220276,1177.4171142578125,1394.1453857421875,1210.0223388671875,1449.14501953125,1193.7197265625,1421.6452026367188,32.605224609375,54.9996337890625
IMG_0048.mp4,1158,38.6,30.0,272,2,traffic_signs,0.6372418403625488,739.5557250976562,1217.7652587890625,826.846923828125,1329.1529541015625,783.2013244628906,1273.4591064453125,87.29119873046875,111.3876953125
IMG_0048.mp4,1158,38.6,30.0,238,2,traffic_signs,0.6938198804855347,740.0040893554688,1106.1988525390625,839.3370361328125,1334.187744140625,789.6705627441406,1220.1932983398438,99.33294677734375,227.9888916015625
IMG_0048.mp4,1158,38.6,30.0,267,2,traffic_signs,0.66839599609375,3819.0869140625,1520.6473388671875,3840.0,1641.4576416015625,3829.54345703125,1581.052490234375,20.9130859375,120.810302734375
IMG_0048.mp4,1159,38.63333333333333,30.0,214,2,traffic_signs,0.76540207862854,2643.728515625,1339.83740234375,2763.05859375,1457.7603759765625,2703.3935546875,1398.7988891601562,119.330078125,117.9229736328125
IMG_0048.mp4,1159,38.63333333333333,30.0,265,2,traffic_signs,0.8434318900108337,2204.30908203125,1512.9117431640625,2238.956298828125,1560.5107421875,2221.6326904296875,1536.7112426757812,34.647216796875,47.5989990234375
IMG_0048.mp4,1159,38.63333333333333,30.0,243,2,traffic_signs,0.5480124950408936,1583.5889892578125,1343.6976318359375,1784.854736328125,1858.11474609375,1684.2218627929688,1600.9061889648438,201.2657470703125,514.4171142578125
IMG_0048.mp4,1159,38.63333333333333,30.0,234,2,traffic_signs,0.901957631111145,995.6677856445312,1243.01025390625,1073.3050537109375,1330.4769287109375,1034.4864196777344,1286.7435913085938,77.63726806640625,87.4666748046875
IMG_0048.mp4,1159,38.63333333333333,30.0,249,2,traffic_signs,0.9005739688873291,1171.087158203125,1391.7467041015625,1205.811767578125,1447.67578125,1188.449462890625,1419.7112426757812,34.724609375,55.9290771484375
IMG_0048.mp4,1159,38.63333333333333,30.0,272,2,traffic_signs,0.3654055893421173,726.3364868164062,1211.92822265625,813.3706665039062,1324.348876953125,769.8535766601562,1268.1385498046875,87.0341796875,112.420654296875
IMG_0048.mp4,1159,38.63333333333333,30.0,238,2,traffic_signs,0.8486156463623047,726.6161499023438,1101.1591796875,827.209716796875,1330.47412109375,776.9129333496094,1215.816650390625,100.59356689453125,229.31494140625
IMG_0048.mp4,1159,38.63333333333333,30.0,267,2,traffic_signs,0.6984102129936218,3821.169677734375,1518.22412109375,3840.0,1639.269775390625,3830.5848388671875,1578.7469482421875,18.830322265625,121.045654296875
IMG_0048.mp4,1160,38.666666666666664,30.0,214,2,traffic_signs,0.6544523239135742,2638.9453125,1336.452392578125,2759.798095703125,1455.4176025390625,2699.3717041015625,1395.9349975585938,120.852783203125,118.9652099609375
IMG_0048.mp4,1160,38.666666666666664,30.0,265,2,traffic_signs,0.8294087648391724,2202.459716796875,1513.0076904296875,2236.384033203125,1560.5228271484375,2219.421875,1536.7652587890625,33.92431640625,47.51513671875
IMG_0048.mp4,1160,38.666666666666664,30.0,243,2,traffic_signs,0.7852672338485718,1565.37158203125,1342.7969970703125,1770.58349609375,1855.36669921875,1667.9775390625,1599.0818481445312,205.2119140625,512.5697021484375
IMG_0048.mp4,1160,38.666666666666664,30.0,234,2,traffic_signs,0.9198147058486938,986.5418701171875,1239.4027099609375,1062.799560546875,1327.700439453125,1024.6707153320312,1283.5515747070312,76.2576904296875,88.2977294921875
IMG_0048.mp4,1160,38.666666666666664,30.0,249,2,traffic_signs,0.8950476050376892,1165.2686767578125,1390.224609375,1201.4639892578125,1447.697021484375,1183.3663330078125,1418.9608154296875,36.1953125,57.472412109375
IMG_0048.mp4,1160,38.666666666666664,30.0,238,2,traffic_signs,0.9121594429016113,711.471435546875,1095.44775390625,814.793701171875,1326.1126708984375,763.132568359375,1210.7802124023438,103.322265625,230.6649169921875
IMG_0048.mp4,1160,38.666666666666664,30.0,267,2,traffic_signs,0.6823679208755493,3822.487060546875,1517.3092041015625,3840.0,1636.6396484375,3831.2435302734375,1576.9744262695312,17.512939453125,119.3304443359375
IMG_0048.mp4,1161,38.7,30.0,214,2,traffic_signs,0.4516694247722626,2634.44580078125,1331.2874755859375,2756.497314453125,1452.0811767578125,2695.4715576171875,1391.684326171875,122.051513671875,120.793701171875
IMG_0048.mp4,1161,38.7,30.0,265,2,traffic_signs,0.7545709013938904,2198.188232421875,1512.9259033203125,2235.58154296875,1558.4747314453125,2216.8848876953125,1535.7003173828125,37.393310546875,45.548828125
IMG_0048.mp4,1161,38.7,30.0,243,2,traffic_signs,0.38175445795059204,1549.027587890625,1333.860107421875,1757.080078125,1856.7972412109375,1653.0538330078125,1595.3286743164062,208.052490234375,522.9371337890625
IMG_0048.mp4,1161,38.7,30.0,234,2,traffic_signs,0.9270660281181335,976.0042724609375,1236.18017578125,1052.171142578125,1324.242431640625,1014.0877075195312,1280.2113037109375,76.1668701171875,88.062255859375
IMG_0048.mp4,1161,38.7,30.0,249,2,traffic_signs,0.6720724105834961,1159.083984375,1389.263916015625,1196.6737060546875,1445.2042236328125,1177.8788452148438,1417.2340698242188,37.5897216796875,55.9403076171875
IMG_0048.mp4,1161,38.7,30.0,238,2,traffic_signs,0.9181466102600098,694.9393920898438,1088.68408203125,802.2723999023438,1322.6009521484375,748.6058959960938,1205.6425170898438,107.3330078125,233.9168701171875
IMG_0048.mp4,1161,38.7,30.0,267,2,traffic_signs,0.5267947316169739,3824.1552734375,1514.760986328125,3840.0,1632.1824951171875,3832.07763671875,1573.4717407226562,15.8447265625,117.4215087890625
IMG_0048.mp4,1162,38.733333333333334,30.0,214,2,traffic_signs,0.5626752376556396,2631.050537109375,1328.2369384765625,2753.991943359375,1450.4913330078125,2692.521240234375,1389.3641357421875,122.94140625,122.25439453125
IMG_0048.mp4,1162,38.733333333333334,30.0,265,2,traffic_signs,0.6967844367027283,2196.56884765625,1513.9766845703125,2234.253662109375,1557.844970703125,2215.4112548828125,1535.9108276367188,37.684814453125,43.8682861328125
IMG_0048.mp4,1162,38.733333333333334,30.0,243,2,traffic_signs,0.61348557472229,1532.248046875,1327.9552001953125,1742.7789306640625,1859.4759521484375,1637.5134887695312,1593.715576171875,210.5308837890625,531.520751953125
IMG_0048.mp4,1162,38.733333333333334,30.0,234,2,traffic_signs,0.9033343195915222,967.5060424804688,1232.44384765625,1042.31396484375,1322.821044921875,1004.9100036621094,1277.6324462890625,74.80792236328125,90.377197265625
IMG_0048.mp4,1162,38.733333333333334,30.0,249,2,traffic_signs,0.9067478179931641,1153.7188720703125,1388.4737548828125,1192.7913818359375,1444.14111328125,1173.255126953125,1416.3074340820312,39.072509765625,55.6673583984375
IMG_0048.mp4,1162,38.733333333333334,30.0,238,2,traffic_signs,0.9184053540229797,682.2745361328125,1083.07958984375,789.2166748046875,1318.54248046875,735.74560546875,1200.81103515625,106.942138671875,235.462890625
IMG_0048.mp4,1163,38.766666666666666,30.0,214,2,traffic_signs,0.7246907353401184,2627.29150390625,1325.236328125,2751.321533203125,1448.7828369140625,2689.3065185546875,1387.0095825195312,124.030029296875,123.5465087890625
IMG_0048.mp4,1163,38.766666666666666,30.0,265,2,traffic_signs,0.3279924690723419,2195.5087890625,1517.3939208984375,2232.758056640625,1557.0164794921875,2214.1334228515625,1537.2052001953125,37.249267578125,39.62255859375
IMG_0048.mp4,1163,38.766666666666666,30.0,243,2,traffic_signs,0.4446040987968445,1513.5860595703125,1322.10986328125,1727.2855224609375,1854.76171875,1620.435791015625,1588.435791015625,213.699462890625,532.65185546875
IMG_0048.mp4,1163,38.766666666666666,30.0,234,2,traffic_signs,0.916617751121521,956.6618041992188,1229.2318115234375,1033.9261474609375,1320.5977783203125,995.2939758300781,1274.914794921875,77.26434326171875,91.365966796875
IMG_0048.mp4,1163,38.766666666666666,30.0,249,2,traffic_signs,0.8935992121696472,1149.083740234375,1389.0042724609375,1187.0908203125,1442.6234130859375,1168.0872802734375,1415.8138427734375,38.007080078125,53.619140625
IMG_0048.mp4,1163,38.766666666666666,30.0,238,2,traffic_signs,0.9085990190505981,667.4684448242188,1076.77099609375,775.0933837890625,1313.6793212890625,721.2809143066406,1195.2251586914062,107.62493896484375,236.9083251953125
IMG_0048.mp4,1164,38.8,30.0,214,2,traffic_signs,0.5645735263824463,2623.83056640625,1321.8074951171875,2747.623779296875,1445.7081298828125,2685.7271728515625,1383.7578125,123.793212890625,123.900634765625
IMG_0048.mp4,1164,38.8,30.0,265,2,traffic_signs,0.5597716569900513,2192.5703125,1517.9571533203125,2230.889892578125,1555.7860107421875,2211.7301025390625,1536.87158203125,38.319580078125,37.828857421875
IMG_0048.mp4,1164,38.8,30.0,243,2,traffic_signs,0.6934024095535278,1494.605712890625,1315.2774658203125,1713.02978515625,1858.80419921875,1603.8177490234375,1587.0408325195312,218.424072265625,543.5267333984375
IMG_0048.mp4,1164,38.8,30.0,234,2,traffic_signs,0.9122352600097656,945.4235229492188,1225.89111328125,1024.8052978515625,1317.1904296875,985.1144104003906,1271.540771484375,79.38177490234375,91.29931640625
IMG_0048.mp4,1164,38.8,30.0,249,2,traffic_signs,0.898324191570282,1143.4840087890625,1387.430419921875,1181.5819091796875,1441.0350341796875,1162.532958984375,1414.2327270507812,38.097900390625,53.6046142578125
IMG_0048.mp4,1164,38.8,30.0,238,2,traffic_signs,0.8243264555931091,648.8670043945312,1072.3299560546875,760.9464721679688,1309.204345703125,704.90673828125,1190.7671508789062,112.0794677734375,236.8743896484375
IMG_0048.mp4,1165,38.833333333333336,30.0,214,2,traffic_signs,0.4902040362358093,2620.675537109375,1318.2110595703125,2744.37548828125,1442.997802734375,2682.5255126953125,1380.6044311523438,123.699951171875,124.7867431640625
IMG_0048.mp4,1165,38.833333333333336,30.0,265,2,traffic_signs,0.5819013714790344,2190.65087890625,1518.8067626953125,2229.452392578125,1555.4151611328125,2210.0516357421875,1537.1109619140625,38.801513671875,36.6083984375
IMG_0048.mp4,1165,38.833333333333336,30.0,243,2,traffic_signs,0.8055815696716309,1476.6627197265625,1308.8433837890625,1698.28076171875,1864.525390625,1587.4717407226562,1586.6843872070312,221.6180419921875,555.6820068359375
IMG_0048.mp4,1165,38.833333333333336,30.0,234,2,traffic_signs,0.9367966055870056,936.1889038085938,1222.7313232421875,1016.0797729492188,1314.4541015625,976.1343383789062,1268.5927124023438,79.890869140625,91.7227783203125
IMG_0048.mp4,1165,38.833333333333336,30.0,249,2,traffic_signs,0.9024837613105774,1138.131591796875,1386.370849609375,1176.72265625,1439.193359375,1157.4271240234375,1412.7821044921875,38.591064453125,52.822509765625
IMG_0048.mp4,1165,38.833333333333336,30.0,238,2,traffic_signs,0.6587944626808167,632.8367919921875,1068.539306640625,747.2114868164062,1304.980712890625,690.0241394042969,1186.760009765625,114.37469482421875,236.44140625
IMG_0048.mp4,1166,38.86666666666667,30.0,214,2,traffic_signs,0.4899844229221344,2615.6884765625,1316.2957763671875,2741.35595703125,1438.51513671875,2678.522216796875,1377.4054565429688,125.66748046875,122.2193603515625
IMG_0048.mp4,1166,38.86666666666667,30.0,265,2,traffic_signs,0.3767164647579193,2188.206298828125,1519.446533203125,2227.802734375,1555.1292724609375,2208.0045166015625,1537.2879028320312,39.596435546875,35.6827392578125
IMG_0048.mp4,1166,38.86666666666667,30.0,243,2,traffic_signs,0.8958662748336792,1456.6212158203125,1305.06640625,1680.8447265625,1846.4278564453125,1568.7329711914062,1575.7471313476562,224.2235107421875,541.3614501953125
IMG_0048.mp4,1166,38.86666666666667,30.0,234,2,traffic_signs,0.9109110236167908,926.2781982421875,1219.833984375,1005.3690185546875,1311.0538330078125,965.8236083984375,1265.4439086914062,79.0908203125,91.2198486328125
IMG_0048.mp4,1166,38.86666666666667,30.0,249,2,traffic_signs,0.8633687496185303,1133.18505859375,1385.970947265625,1171.44970703125,1436.93310546875,1152.3173828125,1411.4520263671875,38.2646484375,50.962158203125
IMG_0048.mp4,1166,38.86666666666667,30.0,238,2,traffic_signs,0.9103955626487732,618.9725952148438,1064.96142578125,733.28369140625,1300.1441650390625,676.1281433105469,1182.5527954101562,114.31109619140625,235.1827392578125
IMG_0048.mp4,1166,38.86666666666667,30.0,258,2,traffic_signs,0.6846526861190796,1678.834716796875,1467.8056640625,1715.1021728515625,1510.8521728515625,1696.9684448242188,1489.3289184570312,36.2674560546875,43.0465087890625
IMG_0048.mp4,1167,38.9,30.0,214,2,traffic_signs,0.4092610478401184,2612.646728515625,1312.4444580078125,2738.80712890625,1437.9041748046875,2675.7269287109375,1375.17431640625,126.160400390625,125.459716796875
IMG_0048.mp4,1167,38.9,30.0,265,2,traffic_signs,0.7302657961845398,2186.9599609375,1521.146484375,2224.96142578125,1554.359619140625,2205.960693359375,1537.7530517578125,38.00146484375,33.213134765625
IMG_0048.mp4,1167,38.9,30.0,243,2,traffic_signs,0.8220801949501038,1439.7406005859375,1297.279052734375,1666.16162109375,1852.3350830078125,1552.9511108398438,1574.8070678710938,226.4210205078125,555.0560302734375
IMG_0048.mp4,1167,38.9,30.0,234,2,traffic_signs,0.9427016377449036,918.7926635742188,1214.97607421875,997.2018432617188,1308.17626953125,957.9972534179688,1261.576171875,78.4091796875,93.2001953125
IMG_0048.mp4,1167,38.9,30.0,249,2,traffic_signs,0.9076621532440186,1129.3389892578125,1385.2894287109375,1167.008056640625,1435.116455078125,1148.1735229492188,1410.2029418945312,37.6690673828125,49.8270263671875
IMG_0048.mp4,1167,38.9,30.0,238,2,traffic_signs,0.8825756311416626,605.7385864257812,1060.166015625,720.6735229492188,1295.7742919921875,663.2060546875,1177.9701538085938,114.9349365234375,235.6082763671875
IMG_0048.mp4,1167,38.9,30.0,258,2,traffic_signs,0.8038365840911865,1676.3609619140625,1467.4324951171875,1712.968994140625,1510.3802490234375,1694.6649780273438,1488.9063720703125,36.6080322265625,42.94775390625
IMG_0048.mp4,1168,38.93333333333333,30.0,214,2,traffic_signs,0.2800309956073761,2608.632080078125,1308.0660400390625,2735.420654296875,1436.259765625,2672.0263671875,1372.1629028320312,126.78857421875,128.1937255859375
IMG_0048.mp4,1168,38.93333333333333,30.0,265,2,traffic_signs,0.33546310663223267,2183.987060546875,1521.139892578125,2222.378173828125,1553.336181640625,2203.1826171875,1537.238037109375,38.39111328125,32.1962890625
IMG_0048.mp4,1168,38.93333333333333,30.0,243,2,traffic_signs,0.7268607020378113,1414.405029296875,1290.6322021484375,1651.4271240234375,1847.92236328125,1532.9160766601562,1569.2772827148438,237.0220947265625,557.2901611328125
IMG_0048.mp4,1168,38.93333333333333,30.0,234,2,traffic_signs,0.940193235874176,908.101318359375,1211.1085205078125,985.7837524414062,1304.3856201171875,946.9425354003906,1257.7470703125,77.68243408203125,93.277099609375
IMG_0048.mp4,1168,38.93333333333333,30.0,249,2,traffic_signs,0.90690016746521,1123.6689453125,1382.9580078125,1161.511474609375,1432.51416015625,1142.5902099609375,1407.736083984375,37.842529296875,49.55615234375
IMG_0048.mp4,1168,38.93333333333333,30.0,238,2,traffic_signs,0.6149568557739258,590.0366821289062,1055.2275390625,706.2066650390625,1287.71435546875,648.1216735839844,1171.470947265625,116.16998291015625,232.48681640625
IMG_0048.mp4,1168,38.93333333333333,30.0,258,2,traffic_signs,0.7449994087219238,1671.740478515625,1464.76318359375,1709.012939453125,1511.1202392578125,1690.376708984375,1487.9417114257812,37.2724609375,46.3570556640625
IMG_0048.mp4,1169,38.96666666666667,30.0,214,2,traffic_signs,0.4824965000152588,2603.865478515625,1305.0439453125,2732.513671875,1434.0877685546875,2668.1895751953125,1369.5658569335938,128.648193359375,129.0438232421875
IMG_0048.mp4,1169,38.96666666666667,30.0,265,2,traffic_signs,0.3318081498146057,2181.34521484375,1521.110595703125,2219.93359375,1552.2725830078125,2200.639404296875,1536.6915893554688,38.58837890625,31.1619873046875
IMG_0048.mp4,1169,38.96666666666667,30.0,243,2,traffic_signs,0.8499031066894531,1393.8408203125,1281.9483642578125,1629.914306640625,1854.8062744140625,1511.8775634765625,1568.3773193359375,236.073486328125,572.85791015625
IMG_0048.mp4,1169,38.96666666666667,30.0,234,2,traffic_signs,0.8537428379058838,896.9690551757812,1206.60693359375,974.4552001953125,1301.1494140625,935.7121276855469,1253.878173828125,77.48614501953125,94.54248046875
IMG_0048.mp4,1169,38.96666666666667,30.0,249,2,traffic_signs,0.9031400084495544,1118.955322265625,1380.398193359375,1156.4715576171875,1431.2669677734375,1137.7134399414062,1405.8325805664062,37.5162353515625,50.8687744140625
IMG_0048.mp4,1169,38.96666666666667,30.0,258,2,traffic_signs,0.8584852814674377,1669.165283203125,1463.47802734375,1706.19970703125,1511.6629638671875,1687.6824951171875,1487.5704956054688,37.034423828125,48.1849365234375
IMG_0048.mp4,1170,39.0,30.0,214,2,traffic_signs,0.7937409281730652,2599.88916015625,1301.02001953125,2729.21435546875,1431.4923095703125,2664.5517578125,1366.2561645507812,129.3251953125,130.4722900390625
IMG_0048.mp4,1170,39.0,30.0,265,2,traffic_signs,0.28204283118247986,2178.222412109375,1521.1231689453125,2217.306640625,1552.1297607421875,2197.7645263671875,1536.62646484375,39.084228515625,31.006591796875
IMG_0048.mp4,1170,39.0,30.0,243,2,traffic_signs,0.6610979437828064,1375.275634765625,1276.6202392578125,1610.8404541015625,1855.800537109375,1493.0580444335938,1566.2103881835938,235.5648193359375,579.1802978515625
IMG_0048.mp4,1170,39.0,30.0,234,2,traffic_signs,0.9449709057807922,887.8740234375,1205.7559814453125,964.3467407226562,1297.8594970703125,926.1103820800781,1251.8077392578125,76.47271728515625,92.103515625
IMG_0048.mp4,1170,39.0,30.0,249,2,traffic_signs,0.8923805952072144,1113.240966796875,1379.0159912109375,1151.4766845703125,1430.097412109375,1132.3588256835938,1404.5567016601562,38.2357177734375,51.0814208984375
IMG_0048.mp4,1170,39.0,30.0,258,2,traffic_signs,0.8724094033241272,1664.83935546875,1462.3515625,1704.1160888671875,1511.1629638671875,1684.4777221679688,1486.7572631835938,39.2767333984375,48.8114013671875
IMG_0048.mp4,1170,39.0,30.0,238,2,traffic_signs,0.8686237335205078,560.8831787109375,1044.8927001953125,678.14892578125,1278.773681640625,619.5160522460938,1161.8331909179688,117.2657470703125,233.8809814453125
IMG_0048.mp4,1171,39.03333333333333,30.0,214,2,traffic_signs,0.8711774945259094,2595.669677734375,1297.3575439453125,2725.864013671875,1428.61376953125,2660.766845703125,1362.9856567382812,130.1943359375,131.2562255859375
IMG_0048.mp4,1171,39.03333333333333,30.0,265,2,traffic_signs,0.7317068576812744,2174.714111328125,1520.9010009765625,2213.24072265625,1551.0809326171875,2193.9774169921875,1535.990966796875,38.526611328125,30.179931640625
IMG_0048.mp4,1171,39.03333333333333,30.0,243,2,traffic_signs,0.6714613437652588,1352.126708984375,1269.590087890625,1592.5357666015625,1834.4078369140625,1472.3312377929688,1551.9989624023438,240.4090576171875,564.8177490234375
IMG_0048.mp4,1171,39.03333333333333,30.0,234,2,traffic_signs,0.9254206418991089,877.0862426757812,1202.6004638671875,953.1122436523438,1294.3223876953125,915.0992431640625,1248.46142578125,76.0260009765625,91.721923828125
IMG_0048.mp4,1171,39.03333333333333,30.0,249,2,traffic_signs,0.7905239462852478,1108.7784423828125,1376.5804443359375,1147.942626953125,1429.5032958984375,1128.3605346679688,1403.0418701171875,39.1641845703125,52.9228515625
IMG_0048.mp4,1171,39.03333333333333,30.0,258,2,traffic_signs,0.39633089303970337,1657.0809326171875,1460.1527099609375,1701.643798828125,1509.9632568359375,1679.3623657226562,1485.0579833984375,44.5628662109375,49.810546875
IMG_0048.mp4,1171,39.03333333333333,30.0,238,2,traffic_signs,0.8666346073150635,545.1644287109375,1040.3704833984375,662.396728515625,1276.734130859375,603.7805786132812,1158.5523071289062,117.2322998046875,236.3636474609375
IMG_0048.mp4,1172,39.06666666666667,30.0,214,2,traffic_signs,0.8834510445594788,2591.92724609375,1294.5531005859375,2722.69189453125,1426.4808349609375,2657.3095703125,1360.5169677734375,130.7646484375,131.927734375
IMG_0048.mp4,1172,39.06666666666667,30.0,265,2,traffic_signs,0.5900155901908875,2172.781005859375,1521.21630859375,2210.90771484375,1550.55078125,2191.8443603515625,1535.883544921875,38.126708984375,29.33447265625
IMG_0048.mp4,1172,39.06666666666667,30.0,243,2,traffic_signs,0.8515345454216003,1330.937255859375,1260.9146728515625,1571.47412109375,1847.8956298828125,1451.2056884765625,1554.4051513671875,240.536865234375,586.98095703125
IMG_0048.mp4,1172,39.06666666666667,30.0,234,2,traffic_signs,0.9176861047744751,868.0032348632812,1201.0177001953125,943.9296875,1291.802001953125,905.9664611816406,1246.4098510742188,75.92645263671875,90.7843017578125
IMG_0048.mp4,1172,39.06666666666667,30.0,249,2,traffic_signs,0.8913700580596924,1104.2572021484375,1376.003173828125,1143.2191162109375,1428.6416015625,1123.7381591796875,1402.3223876953125,38.9619140625,52.638427734375
IMG_0048.mp4,1172,39.06666666666667,30.0,258,2,traffic_signs,0.3848552405834198,1651.546630859375,1458.103515625,1699.061279296875,1510.0911865234375,1675.303955078125,1484.0973510742188,47.5146484375,51.9876708984375
IMG_0048.mp4,1172,39.06666666666667,30.0,238,2,traffic_signs,0.9279550909996033,527.7122802734375,1035.9625244140625,646.8881225585938,1274.52490234375,587.3002014160156,1155.2437133789062,119.17584228515625,238.5623779296875
IMG_0048.mp4,1173,39.1,30.0,214,2,traffic_signs,0.862908124923706,2587.005859375,1291.254638671875,2719.005859375,1422.453125,2653.005859375,1356.8538818359375,132.0,131.198486328125
IMG_0048.mp4,1173,39.1,30.0,265,2,traffic_signs,0.6818366646766663,2170.915283203125,1521.01318359375,2208.99609375,1549.9429931640625,2189.9556884765625,1535.4780883789062,38.080810546875,28.9298095703125
IMG_0048.mp4,1173,39.1,30.0,243,2,traffic_signs,0.6419538855552673,1305.0509033203125,1255.7752685546875,1550.6220703125,1852.6949462890625,1427.8364868164062,1554.235107421875,245.5711669921875,596.919677734375
IMG_0048.mp4,1173,39.1,30.0,234,2,traffic_signs,0.9200299978256226,854.571044921875,1197.365478515625,931.295654296875,1289.1529541015625,892.933349609375,1243.2592163085938,76.724609375,91.7874755859375
IMG_0048.mp4,1173,39.1,30.0,249,2,traffic_signs,0.8954290151596069,1098.5396728515625,1374.381103515625,1136.113525390625,1427.1798095703125,1117.3265991210938,1400.7804565429688,37.5738525390625,52.7987060546875
IMG_0048.mp4,1173,39.1,30.0,258,2,traffic_signs,0.562219500541687,1644.9190673828125,1455.8983154296875,1696.1568603515625,1508.267333984375,1670.5379638671875,1482.0828247070312,51.23779296875,52.3690185546875
IMG_0048.mp4,1173,39.1,30.0,238,2,traffic_signs,0.9281507730484009,511.429443359375,1030.879638671875,631.5949096679688,1270.501708984375,571.5121765136719,1150.690673828125,120.16546630859375,239.6220703125
IMG_0048.mp4,1174,39.13333333333333,30.0,214,2,traffic_signs,0.8782909512519836,2583.09814453125,1288.821044921875,2715.90234375,1420.2288818359375,2649.500244140625,1354.5249633789062,132.80419921875,131.4078369140625
IMG_0048.mp4,1174,39.13333333333333,30.0,265,2,traffic_signs,0.6485400199890137,2169.8984375,1521.15234375,2207.02587890625,1550.1339111328125,2188.462158203125,1535.6431274414062,37.12744140625,28.9815673828125
IMG_0048.mp4,1174,39.13333333333333,30.0,243,2,traffic_signs,0.7676148414611816,1283.44580078125,1250.4974365234375,1533.6014404296875,1861.86376953125,1408.5236206054688,1556.1806030273438,250.1556396484375,611.3663330078125
IMG_0048.mp4,1174,39.13333333333333,30.0,234,2,traffic_signs,0.930871307849884,845.2581787109375,1194.93896484375,922.5460815429688,1287.6600341796875,883.9021301269531,1241.2994995117188,77.28790283203125,92.7210693359375
IMG_0048.mp4,1174,39.13333333333333,30.0,249,2,traffic_signs,0.8923627734184265,1092.91650390625,1374.0625,1128.8751220703125,1426.1578369140625,1110.8958129882812,1400.1101684570312,35.9586181640625,52.0953369140625
IMG_0048.mp4,1174,39.13333333333333,30.0,238,2,traffic_signs,0.9033911824226379,494.3420715332031,1026.6466064453125,615.8941040039062,1267.086181640625,555.1180877685547,1146.8663940429688,121.55203247070312,240.4395751953125
IMG_0048.mp4,1175,39.166666666666664,30.0,214,2,traffic_signs,0.8762193918228149,2578.545654296875,1285.185546875,2713.033203125,1418.245361328125,2645.7894287109375,1351.7154541015625,134.487548828125,133.059814453125
IMG_0048.mp4,1175,39.166666666666664,30.0,265,2,traffic_signs,0.6375179886817932,2168.755615234375,1520.6776123046875,2205.440185546875,1550.10009765625,2187.097900390625,1535.3888549804688,36.6845703125,29.4224853515625
IMG_0048.mp4,1175,39.166666666666664,30.0,243,2,traffic_signs,0.4211075007915497,1256.817626953125,1244.206298828125,1511.580322265625,1847.4976806640625,1384.198974609375,1545.8519897460938,254.7626953125,603.2913818359375
IMG_0048.mp4,1175,39.166666666666664,30.0,234,2,traffic_signs,0.925889790058136,832.9925537109375,1193.359619140625,911.2971801757812,1284.9686279296875,872.1448669433594,1239.1641235351562,78.30462646484375,91.6090087890625
IMG_0048.mp4,1175,39.166666666666664,30.0,249,2,traffic_signs,0.8284506797790527,1087.4468994140625,1372.2476806640625,1123.586181640625,1424.70703125,1105.5165405273438,1398.4773559570312,36.1392822265625,52.4593505859375
IMG_0048.mp4,1175,39.166666666666664,30.0,238,2,traffic_signs,0.9017603993415833,479.08673095703125,1022.5353393554688,601.3999633789062,1265.9234619140625,540.2433471679688,1144.2294006347656,122.313232421875,243.38812255859375
IMG_0048.mp4,1175,39.166666666666664,30.0,258,2,traffic_signs,0.3571176528930664,1616.2451171875,1454.978271484375,1691.090576171875,1507.8138427734375,1653.6678466796875,1481.3960571289062,74.845458984375,52.8355712890625
IMG_0048.mp4,1176,39.2,30.0,214,2,traffic_signs,0.8813227415084839,2574.6953125,1283.3955078125,2710.347412109375,1418.3797607421875,2642.5213623046875,1350.8876342773438,135.652099609375,134.9842529296875
IMG_0048.mp4,1176,39.2,30.0,265,2,traffic_signs,0.6502066254615784,2166.549072265625,1521.7100830078125,2203.7900390625,1551.6983642578125,2185.1695556640625,1536.7042236328125,37.240966796875,29.98828125
IMG_0048.mp4,1176,39.2,30.0,243,2,traffic_signs,0.312288373708725,1232.9117431640625,1238.76318359375,1496.91796875,1841.188232421875,1364.9148559570312,1539.9757080078125,264.0062255859375,602.425048828125
IMG_0048.mp4,1176,39.2,30.0,234,2,traffic_signs,0.9338333010673523,824.0972290039062,1189.91357421875,903.4053955078125,1283.4686279296875,863.7513122558594,1236.6911010742188,79.30816650390625,93.5550537109375
IMG_0048.mp4,1176,39.2,30.0,249,2,traffic_signs,0.8674084544181824,1082.4493408203125,1371.836669921875,1119.6314697265625,1425.5216064453125,1101.0404052734375,1398.6791381835938,37.18212890625,53.6849365234375
IMG_0048.mp4,1176,39.2,30.0,238,2,traffic_signs,0.9070257544517517,462.1092224121094,1019.920654296875,587.1680297851562,1263.9613037109375,524.6386260986328,1141.9409790039062,125.05880737304688,244.0406494140625
IMG_0048.mp4,1177,39.233333333333334,30.0,214,2,traffic_signs,0.887183666229248,2570.721923828125,1280.23681640625,2707.885498046875,1417.2457275390625,2639.3037109375,1348.7412719726562,137.16357421875,137.0089111328125
IMG_0048.mp4,1177,39.233333333333334,30.0,265,2,traffic_signs,0.4727022349834442,2165.2783203125,1521.54150390625,2202.491943359375,1551.564208984375,2183.8851318359375,1536.5528564453125,37.213623046875,30.022705078125
IMG_0048.mp4,1177,39.233333333333334,30.0,234,2,traffic_signs,0.9279788732528687,812.8051147460938,1187.345458984375,891.4508666992188,1280.58349609375,852.1279907226562,1233.9644775390625,78.645751953125,93.238037109375
IMG_0048.mp4,1177,39.233333333333334,30.0,249,2,traffic_signs,0.8767059445381165,1077.17529296875,1370.4210205078125,1114.2047119140625,1424.9058837890625,1095.6900024414062,1397.6634521484375,37.0294189453125,54.48486328125
IMG_0048.mp4,1177,39.233333333333334,30.0,238,2,traffic_signs,0.8800660967826843,445.1773986816406,1015.6962280273438,571.7982788085938,1261.49072265625,508.4878387451172,1138.5934753417969,126.62088012695312,245.79449462890625
IMG_0048.mp4,1177,39.233333333333334,30.0,272,2,traffic_signs,0.7289450764656067,448.18743896484375,1137.7828369140625,547.7565307617188,1252.4879150390625,497.97198486328125,1195.1353759765625,99.569091796875,114.705078125
IMG_0048.mp4,1177,39.233333333333334,30.0,258,2,traffic_signs,0.6183115243911743,1626.9976806640625,1458.274658203125,1683.1754150390625,1508.673828125,1655.0865478515625,1483.4742431640625,56.177734375,50.399169921875
IMG_0048.mp4,1178,39.266666666666666,30.0,214,2,traffic_signs,0.8627274632453918,2566.714111328125,1278.044189453125,2705.58056640625,1416.0899658203125,2636.1473388671875,1347.0670776367188,138.866455078125,138.0457763671875
IMG_0048.mp4,1178,39.266666666666666,30.0,234,2,traffic_signs,0.9077393412590027,801.5020141601562,1183.530517578125,879.7642822265625,1277.9639892578125,840.6331481933594,1230.7472534179688,78.26226806640625,94.4334716796875
IMG_0048.mp4,1178,39.266666666666666,30.0,249,2,traffic_signs,0.88224196434021,1073.22021484375,1369.3533935546875,1109.7420654296875,1423.8590087890625,1091.4811401367188,1396.606201171875,36.5218505859375,54.505615234375
IMG_0048.mp4,1178,39.266666666666666,30.0,238,2,traffic_signs,0.8990691900253296,430.93707275390625,1011.0278930664062,557.1983642578125,1256.96826171875,494.0677185058594,1133.9980773925781,126.26129150390625,245.94036865234375
IMG_0048.mp4,1179,39.3,30.0,214,2,traffic_signs,0.8882938027381897,2563.717529296875,1276.224609375,2702.967041015625,1415.5931396484375,2633.34228515625,1345.9088745117188,139.24951171875,139.3685302734375
IMG_0048.mp4,1179,39.3,30.0,234,2,traffic_signs,0.9310888648033142,792.1718139648438,1181.985595703125,871.0697021484375,1276.0538330078125,831.6207580566406,1229.0197143554688,78.89788818359375,94.0682373046875
IMG_0048.mp4,1179,39.3,30.0,249,2,traffic_signs,0.8871181607246399,1069.2186279296875,1368.8370361328125,1105.393310546875,1424.0926513671875,1087.3059692382812,1396.46484375,36.1746826171875,55.255615234375
IMG_0048.mp4,1179,39.3,30.0,238,2,traffic_signs,0.9205262064933777,414.46435546875,1005.5142822265625,544.254150390625,1255.4310302734375,479.3592529296875,1130.47265625,129.789794921875,249.916748046875
IMG_0048.mp4,1179,39.3,30.0,243,2,traffic_signs,0.3500744700431824,1154.8447265625,1215.9296875,1431.1778564453125,1789.9664306640625,1293.0112915039062,1502.9480590820312,276.3331298828125,574.0367431640625
IMG_0048.mp4,1179,39.3,30.0,265,2,traffic_signs,0.28124547004699707,2161.936767578125,1521.470947265625,2199.348876953125,1551.78076171875,2180.642822265625,1536.6258544921875,37.412109375,30.309814453125
IMG_0048.mp4,1179,39.3,30.0,272,2,traffic_signs,0.5364829301834106,415.46490478515625,1128.641357421875,518.6649169921875,1248.3575439453125,467.0649108886719,1188.4994506835938,103.20001220703125,119.7161865234375
IMG_0048.mp4,1180,39.333333333333336,30.0,214,2,traffic_signs,0.9157326221466064,2559.91650390625,1274.083740234375,2700.764404296875,1414.3251953125,2630.3404541015625,1344.2044677734375,140.847900390625,140.241455078125
IMG_0048.mp4,1180,39.333333333333336,30.0,234,2,traffic_signs,0.9256844520568848,781.78076171875,1180.357177734375,861.3179321289062,1274.3775634765625,821.5493469238281,1227.3673706054688,79.53717041015625,94.0203857421875
IMG_0048.mp4,1180,39.333333333333336,30.0,249,2,traffic_signs,0.8792566657066345,1064.8822021484375,1367.720458984375,1102.12744140625,1423.5213623046875,1083.5048217773438,1395.6209106445312,37.2452392578125,55.8009033203125
IMG_0048.mp4,1180,39.333333333333336,30.0,238,2,traffic_signs,0.9065294861793518,397.5526428222656,1002.365234375,529.230224609375,1251.8212890625,463.3914337158203,1127.09326171875,131.67758178710938,249.4560546875
IMG_0048.mp4,1180,39.333333333333336,30.0,265,2,traffic_signs,0.3946720361709595,2159.9404296875,1521.098876953125,2199.846435546875,1552.6217041015625,2179.8934326171875,1536.8602905273438,39.906005859375,31.5228271484375
IMG_0048.mp4,1181,39.36666666666667,30.0,214,2,traffic_signs,0.9067336320877075,2556.464111328125,1272.001708984375,2697.43359375,1413.472900390625,2626.9488525390625,1342.7373046875,140.969482421875,141.47119140625
IMG_0048.mp4,1181,39.36666666666667,30.0,234,2,traffic_signs,0.9197303652763367,772.3811645507812,1176.205078125,853.58056640625,1273.5697021484375,812.9808654785156,1224.8873901367188,81.19940185546875,97.3646240234375
IMG_0048.mp4,1181,39.36666666666667,30.0,249,2,traffic_signs,0.7252900004386902,1061.0994873046875,1366.4986572265625,1099.73291015625,1422.9892578125,1080.4161987304688,1394.7439575195312,38.6334228515625,56.4906005859375
IMG_0048.mp4,1181,39.36666666666667,30.0,238,2,traffic_signs,0.7309665083885193,380.4377136230469,1000.99169921875,514.355712890625,1248.261474609375,447.39671325683594,1124.6265869140625,133.91799926757812,247.269775390625
IMG_0048.mp4,1181,39.36666666666667,30.0,265,2,traffic_signs,0.7839676141738892,2158.978759765625,1521.7935791015625,2200.159912109375,1553.5943603515625,2179.5693359375,1537.6939697265625,41.18115234375,31.80078125
IMG_0048.mp4,1181,39.36666666666667,30.0,243,2,traffic_signs,0.42981401085853577,1103.4935302734375,1205.1895751953125,1389.6866455078125,1775.215576171875,1246.590087890625,1490.2025756835938,286.193115234375,570.0260009765625
IMG_0048.mp4,1182,39.4,30.0,214,2,traffic_signs,0.8982810378074646,2553.4228515625,1269.474365234375,2694.964111328125,1412.033447265625,2624.1934814453125,1340.75390625,141.541259765625,142.55908203125
IMG_0048.mp4,1182,39.4,30.0,234,2,traffic_signs,0.8807709813117981,762.642333984375,1173.751220703125,842.223388671875,1272.359375,802.432861328125,1223.0552978515625,79.5810546875,98.608154296875
IMG_0048.mp4,1182,39.4,30.0,238,2,traffic_signs,0.9206597805023193,364.4539794921875,994.2543334960938,499.2947998046875,1245.59765625,431.8743896484375,1119.9259948730469,134.8408203125,251.34332275390625
IMG_0048.mp4,1182,39.4,30.0,265,2,traffic_signs,0.6015905737876892,2157.203857421875,1521.66796875,2199.897705078125,1553.5947265625,2178.55078125,1537.63134765625,42.69384765625,31.9267578125
IMG_0048.mp4,1183,39.43333333333333,30.0,214,2,traffic_signs,0.8766077756881714,2550.445556640625,1265.9879150390625,2693.38037109375,1410.5977783203125,2621.9129638671875,1338.2928466796875,142.934814453125,144.60986328125
IMG_0048.mp4,1183,39.43333333333333,30.0,234,2,traffic_signs,0.7982601523399353,753.3497924804688,1171.1917724609375,832.0099487304688,1270.5001220703125,792.6798706054688,1220.845947265625,78.66015625,99.308349609375
IMG_0048.mp4,1183,39.43333333333333,30.0,238,2,traffic_signs,0.9190890789031982,349.57672119140625,988.7615966796875,484.993408203125,1241.76806640625,417.2850646972656,1115.2648315429688,135.41668701171875,253.0064697265625
IMG_0048.mp4,1183,39.43333333333333,30.0,265,2,traffic_signs,0.662605881690979,2155.649169921875,1521.54736328125,2199.08740234375,1553.4852294921875,2177.3682861328125,1537.5162963867188,43.438232421875,31.9378662109375
IMG_0048.mp4,1184,39.46666666666667,30.0,214,2,traffic_signs,0.7479894757270813,2547.8486328125,1263.44091796875,2691.7607421875,1408.95654296875,2619.8046875,1336.19873046875,143.912109375,145.515625
IMG_0048.mp4,1184,39.46666666666667,30.0,234,2,traffic_signs,0.9104247093200684,743.3748168945312,1169.41162109375,822.0040283203125,1269.3055419921875,782.6894226074219,1219.3585815429688,78.62921142578125,99.8939208984375
IMG_0048.mp4,1184,39.46666666666667,30.0,238,2,traffic_signs,0.8107162117958069,333.1014099121094,985.5623779296875,470.9403381347656,1239.1063232421875,402.0208740234375,1112.3343505859375,137.83892822265625,253.5439453125
IMG_0048.mp4,1184,39.46666666666667,30.0,265,2,traffic_signs,0.6984493732452393,2155.0537109375,1521.6376953125,2198.38916015625,1553.6204833984375,2176.721435546875,1537.6290893554688,43.33544921875,31.9827880859375
IMG_0048.mp4,1185,39.5,30.0,214,2,traffic_signs,0.6384891271591187,2544.621826171875,1260.361328125,2689.85009765625,1405.6982421875,2617.2359619140625,1333.02978515625,145.228271484375,145.3369140625
IMG_0048.mp4,1185,39.5,30.0,234,2,traffic_signs,0.9119735360145569,733.35693359375,1167.19140625,812.5806274414062,1266.9154052734375,772.9687805175781,1217.0534057617188,79.22369384765625,99.7239990234375
IMG_0048.mp4,1185,39.5,30.0,238,2,traffic_signs,0.9017122983932495,318.0305480957031,980.2222290039062,457.1438293457031,1236.832275390625,387.5871887207031,1108.5272521972656,139.11328125,256.61004638671875
IMG_0048.mp4,1185,39.5,30.0,265,2,traffic_signs,0.7563273310661316,2154.414306640625,1521.639892578125,2196.07275390625,1553.7713623046875,2175.2435302734375,1537.7056274414062,41.658447265625,32.1314697265625
IMG_0048.mp4,1186,39.53333333333333,30.0,214,2,traffic_signs,0.608684241771698,2542.321533203125,1258.2000732421875,2687.9365234375,1403.546630859375,2615.1290283203125,1330.8733520507812,145.614990234375,145.3465576171875
IMG_0048.mp4,1186,39.53333333333333,30.0,234,2,traffic_signs,0.91916424036026,724.2786254882812,1165.560546875,802.6178588867188,1264.9112548828125,763.4482421875,1215.2359008789062,78.3392333984375,99.3507080078125
IMG_0048.mp4,1186,39.53333333333333,30.0,238,2,traffic_signs,0.8267593383789062,301.9270935058594,975.214599609375,442.1996154785156,1234.2308349609375,372.0633544921875,1104.7227172851562,140.27252197265625,259.0162353515625
IMG_0048.mp4,1186,39.53333333333333,30.0,265,2,traffic_signs,0.7963693141937256,2153.690185546875,1521.86767578125,2194.11865234375,1554.50341796875,2173.9044189453125,1538.185546875,40.428466796875,32.6357421875
IMG_0048.mp4,1186,39.53333333333333,30.0,286,2,traffic_signs,0.4646468460559845,2541.345703125,1257.9599609375,2687.882080078125,1401.8516845703125,2614.6138916015625,1329.9058227539062,146.536376953125,143.8917236328125
IMG_0048.mp4,1186,39.53333333333333,30.0,272,2,traffic_signs,0.34320908784866333,305.09375,1102.6961669921875,414.45721435546875,1229.1041259765625,359.7754821777344,1165.900146484375,109.36346435546875,126.407958984375
IMG_0048.mp4,1187,39.56666666666667,30.0,214,2,traffic_signs,0.6539096832275391,2538.86328125,1256.161376953125,2685.455810546875,1400.1602783203125,2612.1595458984375,1328.1608276367188,146.592529296875,143.9989013671875
IMG_0048.mp4,1187,39.56666666666667,30.0,234,2,traffic_signs,0.9249887466430664,715.1721801757812,1164.6153564453125,793.9222412109375,1263.831298828125,754.5472106933594,1214.2233276367188,78.75006103515625,99.2159423828125
IMG_0048.mp4,1187,39.56666666666667,30.0,238,2,traffic_signs,0.7625190615653992,284.8769226074219,972.050048828125,428.7820739746094,1232.318359375,356.8294982910156,1102.1842041015625,143.9051513671875,260.268310546875
IMG_0048.mp4,1187,39.56666666666667,30.0,265,2,traffic_signs,0.8444591164588928,2153.72216796875,1522.3367919921875,2192.694091796875,1555.3348388671875,2173.2081298828125,1538.8358154296875,38.971923828125,32.998046875
IMG_0048.mp4,1187,39.56666666666667,30.0,286,2,traffic_signs,0.3517290949821472,2540.586181640625,1257.1993408203125,2686.006591796875,1400.796630859375,2613.29638671875,1328.9979858398438,145.42041015625,143.5972900390625
IMG_0048.mp4,1188,39.6,30.0,214,2,traffic_signs,0.7936875820159912,2535.732177734375,1252.7943115234375,2683.8974609375,1396.7174072265625,2609.8148193359375,1324.755859375,148.165283203125,143.923095703125
IMG_0048.mp4,1188,39.6,30.0,234,2,traffic_signs,0.8951994776725769,705.7785034179688,1161.755859375,785.139892578125,1260.60693359375,745.4591979980469,1211.181396484375,79.36138916015625,98.85107421875
IMG_0048.mp4,1188,39.6,30.0,238,2,traffic_signs,0.802390456199646,270.23748779296875,966.2642211914062,414.6473083496094,1230.49560546875,342.44239807128906,1098.3799133300781,144.40982055664062,264.23138427734375
IMG_0048.mp4,1188,39.6,30.0,265,2,traffic_signs,0.7722929120063782,2153.955322265625,1521.478759765625,2192.348876953125,1554.29296875,2173.152099609375,1537.8858642578125,38.3935546875,32.814208984375
IMG_0048.mp4,1189,39.63333333333333,30.0,214,2,traffic_signs,0.8812022805213928,2532.424560546875,1249.800537109375,2682.640380859375,1394.529296875,2607.532470703125,1322.1649169921875,150.2158203125,144.728759765625
IMG_0048.mp4,1189,39.63333333333333,30.0,234,2,traffic_signs,0.9409070611000061,697.5721435546875,1160.2301025390625,776.8506469726562,1258.5908203125,737.2113952636719,1209.4104614257812,79.27850341796875,98.3607177734375
IMG_0048.mp4,1189,39.63333333333333,30.0,238,2,traffic_signs,0.9022662043571472,255.9233856201172,962.3501586914062,400.5975646972656,1227.4716796875,328.2604751586914,1094.9109191894531,144.67417907714844,265.12152099609375
IMG_0048.mp4,1189,39.63333333333333,30.0,265,2,traffic_signs,0.7752388119697571,2153.47607421875,1521.877197265625,2191.388671875,1554.3314208984375,2172.432373046875,1538.1043090820312,37.91259765625,32.4542236328125
IMG_0048.mp4,1190,39.666666666666664,30.0,214,2,traffic_signs,0.8922163248062134,2529.244384765625,1247.7716064453125,2681.361083984375,1393.8507080078125,2605.302734375,1320.8111572265625,152.11669921875,146.0791015625
IMG_0048.mp4,1190,39.666666666666664,30.0,234,2,traffic_signs,0.932176947593689,687.1653442382812,1159.9671630859375,767.240478515625,1257.51708984375,727.2029113769531,1208.7421264648438,80.07513427734375,97.5499267578125
IMG_0048.mp4,1190,39.666666666666664,30.0,238,2,traffic_signs,0.8670371770858765,239.85867309570312,959.4872436523438,386.0721435546875,1225.861328125,312.9654083251953,1092.6742858886719,146.21347045898438,266.37408447265625
IMG_0048.mp4,1190,39.666666666666664,30.0,265,2,traffic_signs,0.8262612819671631,2152.760009765625,1522.9566650390625,2190.8642578125,1555.4072265625,2171.8121337890625,1539.1819458007812,38.104248046875,32.4505615234375
IMG_0048.mp4,1191,39.7,30.0,214,2,traffic_signs,0.8910848498344421,2526.710205078125,1244.732177734375,2680.309326171875,1391.972412109375,2603.509765625,1318.352294921875,153.59912109375,147.240234375
IMG_0048.mp4,1191,39.7,30.0,234,2,traffic_signs,0.9425279498100281,678.4533081054688,1157.0670166015625,759.2520751953125,1256.4910888671875,718.8526916503906,1206.779052734375,80.79876708984375,99.424072265625
IMG_0048.mp4,1191,39.7,30.0,238,2,traffic_signs,0.7650526762008667,221.9061737060547,954.3551635742188,371.510009765625,1225.8585205078125,296.70809173583984,1090.1068420410156,149.6038360595703,271.50335693359375
IMG_0048.mp4,1191,39.7,30.0,265,2,traffic_signs,0.8058531284332275,2153.640625,1523.734619140625,2191.406005859375,1555.8427734375,2172.5233154296875,1539.7886962890625,37.765380859375,32.108154296875
IMG_0048.mp4,1192,39.733333333333334,30.0,214,2,traffic_signs,0.8884997963905334,2525.646240234375,1242.610107421875,2679.5732421875,1390.66796875,2602.6097412109375,1316.6390380859375,153.927001953125,148.057861328125
IMG_0048.mp4,1192,39.733333333333334,30.0,234,2,traffic_signs,0.9330483675003052,669.7003784179688,1156.2431640625,749.7935180664062,1256.31689453125,709.7469482421875,1206.280029296875,80.0931396484375,100.07373046875
IMG_0048.mp4,1192,39.733333333333334,30.0,238,2,traffic_signs,0.9278960227966309,206.84507751464844,951.3167724609375,358.0810241699219,1224.088623046875,282.46305084228516,1087.7026977539062,151.23594665527344,272.7718505859375
IMG_0048.mp4,1192,39.733333333333334,30.0,265,2,traffic_signs,0.7686375379562378,2155.452880859375,1525.9560546875,2191.294921875,1556.6376953125,2173.3739013671875,1541.296875,35.842041015625,30.681640625
IMG_0048.mp4,1193,39.766666666666666,30.0,214,2,traffic_signs,0.8819922208786011,2524.83984375,1240.860107421875,2679.236328125,1390.105224609375,2602.0380859375,1315.482666015625,154.396484375,149.2451171875
IMG_0048.mp4,1193,39.766666666666666,30.0,234,2,traffic_signs,0.9081453680992126,660.4989013671875,1157.2392578125,739.1201171875,1256.2603759765625,699.8095092773438,1206.7498168945312,78.6212158203125,99.0211181640625
IMG_0048.mp4,1193,39.766666666666666,30.0,238,2,traffic_signs,0.9133533239364624,191.91156005859375,949.731689453125,344.8479309082031,1222.7877197265625,268.37974548339844,1086.2597045898438,152.93637084960938,273.0560302734375
IMG_0048.mp4,1193,39.766666666666666,30.0,265,2,traffic_signs,0.7746441960334778,2156.679443359375,1527.935302734375,2192.821533203125,1558.17724609375,2174.75048828125,1543.0562744140625,36.14208984375,30.241943359375
IMG_0048.mp4,1194,39.8,30.0,214,2,traffic_signs,0.9122211933135986,2524.152099609375,1238.7025146484375,2678.442138671875,1390.336669921875,2601.297119140625,1314.5195922851562,154.2900390625,151.6341552734375
IMG_0048.mp4,1194,39.8,30.0,234,2,traffic_signs,0.8209857940673828,652.7632446289062,1154.734619140625,730.23876953125,1256.15869140625,691.5010070800781,1205.4466552734375,77.47552490234375,101.424072265625
IMG_0048.mp4,1194,39.8,30.0,238,2,traffic_signs,0.9231752157211304,175.87118530273438,948.9362182617188,329.0661926269531,1220.6268310546875,252.46868896484375,1084.7815246582031,153.19500732421875,271.69061279296875
IMG_0048.mp4,1194,39.8,30.0,265,2,traffic_signs,0.7725462317466736,2157.258544921875,1529.509765625,2193.60986328125,1559.0062255859375,2175.4342041015625,1544.2579956054688,36.351318359375,29.4964599609375
IMG_0048.mp4,1194,39.8,30.0,289,2,traffic_signs,0.6644546389579773,1564.95361328125,1053.843994140625,1657.346435546875,1230.2659912109375,1611.1500244140625,1142.0549926757812,92.392822265625,176.4219970703125
IMG_0048.mp4,1194,39.8,30.0,249,2,traffic_signs,0.4221835434436798,1020.7396240234375,1367.63037109375,1066.000732421875,1424.726318359375,1043.3701782226562,1396.1783447265625,45.2611083984375,57.095947265625
IMG_0048.mp4,1195,39.833333333333336,30.0,214,2,traffic_signs,0.9221279621124268,2523.95166015625,1235.455078125,2677.943115234375,1389.4898681640625,2600.9473876953125,1312.4724731445312,153.991455078125,154.0347900390625
IMG_0048.mp4,1195,39.833333333333336,30.0,238,2,traffic_signs,0.7662466764450073,161.52552795410156,945.3125,316.465576171875,1215.9783935546875,238.99555206298828,1080.6454467773438,154.94004821777344,270.6658935546875
IMG_0048.mp4,1195,39.833333333333336,30.0,265,2,traffic_signs,0.8050965666770935,2157.220458984375,1529.79248046875,2195.846923828125,1559.91162109375,2176.53369140625,1544.85205078125,38.62646484375,30.119140625
IMG_0048.mp4,1195,39.833333333333336,30.0,289,2,traffic_signs,0.7307348251342773,1557.341796875,1048.85009765625,1651.614013671875,1230.62939453125,1604.4779052734375,1139.73974609375,94.272216796875,181.779296875
IMG_0048.mp4,1195,39.833333333333336,30.0,249,2,traffic_signs,0.8167290687561035,1020.261962890625,1367.35009765625,1064.7960205078125,1425.6715087890625,1042.5289916992188,1396.5108032226562,44.5340576171875,58.3214111328125
IMG_0048.mp4,1196,39.86666666666667,30.0,214,2,traffic_signs,0.9273771643638611,2523.51318359375,1232.6734619140625,2677.20263671875,1387.68115234375,2600.35791015625,1310.1773071289062,153.689453125,155.0076904296875
IMG_0048.mp4,1196,39.86666666666667,30.0,238,2,traffic_signs,0.8353450894355774,147.68313598632812,939.1220092773438,304.1288757324219,1211.940185546875,225.906005859375,1075.5310974121094,156.44573974609375,272.81817626953125
IMG_0048.mp4,1196,39.86666666666667,30.0,265,2,traffic_signs,0.7394084334373474,2158.1259765625,1530.8834228515625,2198.072021484375,1560.876708984375,2178.0989990234375,1545.8800659179688,39.946044921875,29.9932861328125
IMG_0048.mp4,1196,39.86666666666667,30.0,289,2,traffic_signs,0.822350800037384,1545.333251953125,1049.4564208984375,1642.3480224609375,1224.574462890625,1593.8406372070312,1137.0154418945312,97.0147705078125,175.1180419921875
IMG_0048.mp4,1196,39.86666666666667,30.0,249,2,traffic_signs,0.8745940923690796,1019.82666015625,1368.4434814453125,1062.9168701171875,1426.355712890625,1041.3717651367188,1397.3995971679688,43.0902099609375,57.9122314453125
IMG_0048.mp4,1197,39.9,30.0,214,2,traffic_signs,0.9230152368545532,2523.4921875,1229.929443359375,2677.31787109375,1386.0560302734375,2600.405029296875,1307.9927368164062,153.82568359375,156.1265869140625
IMG_0048.mp4,1197,39.9,30.0,238,2,traffic_signs,0.8483579158782959,135.00465393066406,934.5404663085938,291.27789306640625,1208.77392578125,213.14127349853516,1071.6571960449219,156.2732391357422,274.23345947265625
IMG_0048.mp4,1197,39.9,30.0,265,2,traffic_signs,0.7520164847373962,2160.710205078125,1531.4482421875,2200.12109375,1561.783203125,2180.4156494140625,1546.61572265625,39.410888671875,30.3349609375
IMG_0048.mp4,1197,39.9,30.0,289,2,traffic_signs,0.8729454874992371,1533.67431640625,1044.3603515625,1636.3883056640625,1219.724609375,1585.0313110351562,1132.04248046875,102.7139892578125,175.3642578125
IMG_0048.mp4,1197,39.9,30.0,249,2,traffic_signs,0.8638005256652832,1019.310302734375,1368.9708251953125,1061.7901611328125,1426.6646728515625,1040.5502319335938,1397.8177490234375,42.4798583984375,57.69384765625
IMG_0048.mp4,1197,39.9,30.0,292,2,traffic_signs,0.37835565209388733,1624.8536376953125,1469.8994140625,1662.84765625,1512.6419677734375,1643.8506469726562,1491.2706909179688,37.9940185546875,42.7425537109375
IMG_0048.mp4,1198,39.93333333333333,30.0,214,2,traffic_signs,0.6426962018013,2523.249755859375,1227.8023681640625,2677.69677734375,1384.4921875,2600.4732666015625,1306.1472778320312,154.447021484375,156.6898193359375
IMG_0048.mp4,1198,39.93333333333333,30.0,238,2,traffic_signs,0.9178186058998108,119.34954071044922,932.5473022460938,278.95220947265625,1206.9139404296875,199.15087509155273,1069.7306213378906,159.60266876220703,274.36663818359375
IMG_0048.mp4,1198,39.93333333333333,30.0,265,2,traffic_signs,0.7491905093193054,2164.88720703125,1531.7662353515625,2206.105712890625,1563.4434814453125,2185.4964599609375,1547.6048583984375,41.218505859375,31.67724609375
IMG_0048.mp4,1198,39.93333333333333,30.0,289,2,traffic_signs,0.8982838988304138,1524.8575439453125,1037.1142578125,1626.1507568359375,1219.4156494140625,1575.504150390625,1128.2649536132812,101.293212890625,182.3013916015625
IMG_0048.mp4,1198,39.93333333333333,30.0,249,2,traffic_signs,0.8497806787490845,1019.7586059570312,1369.858154296875,1061.9224853515625,1427.9532470703125,1040.8405456542969,1398.9057006835938,42.16387939453125,58.0950927734375
IMG_0048.mp4,1198,39.93333333333333,30.0,292,2,traffic_signs,0.711647629737854,1625.1396484375,1470.488525390625,1664.0191650390625,1515.122802734375,1644.5794067382812,1492.8056640625,38.8795166015625,44.63427734375
IMG_0048.mp4,1199,39.96666666666667,30.0,214,2,traffic_signs,0.8240767121315002,2522.467529296875,1226.4268798828125,2678.98828125,1383.9481201171875,2600.7279052734375,1305.1875,156.520751953125,157.521240234375
IMG_0048.mp4,1199,39.96666666666667,30.0,238,2,traffic_signs,0.9287424683570862,105.06028747558594,929.331787109375,266.775146484375,1205.9949951171875,185.91771697998047,1067.6633911132812,161.71485900878906,276.6632080078125
IMG_0048.mp4,1199,39.96666666666667,30.0,265,2,traffic_signs,0.8301870226860046,2167.371337890625,1532.13037109375,2209.42431640625,1564.5849609375,2188.3978271484375,1548.357666015625,42.052978515625,32.45458984375
IMG_0048.mp4,1199,39.96666666666667,30.0,289,2,traffic_signs,0.8975605368614197,1516.01953125,1032.98095703125,1619.203369140625,1216.7486572265625,1567.6114501953125,1124.8648071289062,103.183837890625,183.7677001953125
IMG_0048.mp4,1199,39.96666666666667,30.0,249,2,traffic_signs,0.8407280445098877,1020.5518798828125,1370.114990234375,1062.4010009765625,1428.8580322265625,1041.4764404296875,1399.4865112304688,41.84912109375,58.7430419921875
IMG_0048.mp4,1199,39.96666666666667,30.0,292,2,traffic_signs,0.7790842652320862,1624.6585693359375,1470.4876708984375,1665.6080322265625,1517.05322265625,1645.13330078125,1493.7704467773438,40.949462890625,46.5655517578125
IMG_0048.mp4,1200,40.0,30.0,214,2,traffic_signs,0.9028249382972717,2522.12353515625,1223.819091796875,2680.9462890625,1382.8277587890625,2601.534912109375,1303.3234252929688,158.82275390625,159.0086669921875
IMG_0048.mp4,1200,40.0,30.0,238,2,traffic_signs,0.8929020762443542,93.06437683105469,925.6366577148438,256.10247802734375,1203.767578125,174.58342742919922,1064.7021179199219,163.03810119628906,278.13092041015625
IMG_0048.mp4,1200,40.0,30.0,265,2,traffic_signs,0.794513463973999,2170.712158203125,1532.8861083984375,2211.578369140625,1565.509521484375,2191.145263671875,1549.1978149414062,40.8662109375,32.6234130859375
IMG_0048.mp4,1200,40.0,30.0,289,2,traffic_signs,0.9129356741905212,1507.9339599609375,1027.5423583984375,1611.0478515625,1213.9560546875,1559.4909057617188,1120.7492065429688,103.1138916015625,186.4136962890625
IMG_0048.mp4,1200,40.0,30.0,249,2,traffic_signs,0.8248012661933899,1021.4234008789062,1369.793701171875,1063.284912109375,1429.60791015625,1042.3541564941406,1399.7008056640625,41.86151123046875,59.814208984375
IMG_0048.mp4,1200,40.0,30.0,292,2,traffic_signs,0.777763843536377,1625.8974609375,1469.753662109375,1668.2325439453125,1518.1173095703125,1647.0650024414062,1493.9354858398438,42.3350830078125,48.3636474609375
IMG_0048.mp4,1201,40.03333333333333,30.0,214,2,traffic_signs,0.9042177200317383,2521.90771484375,1221.026123046875,2682.129638671875,1380.6181640625,2602.0186767578125,1300.8221435546875,160.221923828125,159.592041015625
IMG_0048.mp4,1201,40.03333333333333,30.0,238,2,traffic_signs,0.8689491152763367,78.05121612548828,922.6029052734375,244.05030822753906,1202.2215576171875,161.05076217651367,1062.4122314453125,165.99909210205078,279.61865234375
IMG_0048.mp4,1201,40.03333333333333,30.0,265,2,traffic_signs,0.8063624501228333,2172.771484375,1532.386962890625,2215.19873046875,1565.56640625,2193.985107421875,1548.9766845703125,42.42724609375,33.179443359375
IMG_0048.mp4,1201,40.03333333333333,30.0,289,2,traffic_signs,0.8511130809783936,1498.9638671875,1022.1532592773438,1602.4647216796875,1209.4256591796875,1550.7142944335938,1115.7894592285156,103.5008544921875,187.27239990234375
IMG_0048.mp4,1201,40.03333333333333,30.0,249,2,traffic_signs,0.8103376626968384,1022.2636108398438,1369.44873046875,1063.2664794921875,1429.121337890625,1042.7650451660156,1399.2850341796875,41.00286865234375,59.672607421875
IMG_0048.mp4,1201,40.03333333333333,30.0,292,2,traffic_signs,0.7833517789840698,1628.1968994140625,1469.2528076171875,1670.749755859375,1517.8245849609375,1649.4733276367188,1493.5386962890625,42.5528564453125,48.57177734375
IMG_0048.mp4,1202,40.06666666666667,30.0,214,2,traffic_signs,0.9051679968833923,2522.68701171875,1219.5906982421875,2683.876220703125,1379.810302734375,2603.2816162109375,1299.7005004882812,161.189208984375,160.2196044921875
IMG_0048.mp4,1202,40.06666666666667,30.0,238,2,traffic_signs,0.6374159455299377,64.692138671875,920.9607543945312,232.0120086669922,1201.7313232421875,148.3520736694336,1061.3460388183594,167.3198699951172,280.77056884765625
IMG_0048.mp4,1202,40.06666666666667,30.0,265,2,traffic_signs,0.7550550699234009,2176.878662109375,1534.021728515625,2217.529052734375,1567.147705078125,2197.203857421875,1550.584716796875,40.650390625,33.1259765625
IMG_0048.mp4,1202,40.06666666666667,30.0,289,2,traffic_signs,0.9122778177261353,1489.0792236328125,1020.44580078125,1594.2802734375,1206.2828369140625,1541.6797485351562,1113.3643188476562,105.2010498046875,185.8370361328125
IMG_0048.mp4,1202,40.06666666666667,30.0,249,2,traffic_signs,0.8037574887275696,1023.1800537109375,1370.93310546875,1064.24072265625,1430.638427734375,1043.7103881835938,1400.7857666015625,41.0606689453125,59.705322265625
IMG_0048.mp4,1202,40.06666666666667,30.0,292,2,traffic_signs,0.8057378530502319,1631.2259521484375,1470.76416015625,1673.31884765625,1519.666015625,1652.2723999023438,1495.215087890625,42.0928955078125,48.90185546875
IMG_0048.mp4,1203,40.1,30.0,214,2,traffic_signs,0.9068480134010315,2523.138427734375,1216.95068359375,2686.30908203125,1378.074462890625,2604.7237548828125,1297.5125732421875,163.170654296875,161.123779296875
IMG_0048.mp4,1203,40.1,30.0,238,2,traffic_signs,0.750219464302063,52.34843444824219,918.019287109375,220.5206298828125,1200.959228515625,136.43453216552734,1059.4892578125,168.1721954345703,282.93994140625
IMG_0048.mp4,1203,40.1,30.0,265,2,traffic_signs,0.7681205868721008,2180.7880859375,1534.439697265625,2219.176513671875,1568.0850830078125,2199.9822998046875,1551.2623901367188,38.388427734375,33.6453857421875
IMG_0048.mp4,1203,40.1,30.0,289,2,traffic_signs,0.90940922498703,1480.251953125,1015.83154296875,1587.6741943359375,1200.7210693359375,1533.9630737304688,1108.2763061523438,107.4222412109375,184.8895263671875
IMG_0048.mp4,1203,40.1,30.0,249,2,traffic_signs,0.7655006051063538,1024.271484375,1371.9949951171875,1064.3433837890625,1431.436767578125,1044.3074340820312,1401.7158813476562,40.0718994140625,59.4417724609375
IMG_0048.mp4,1203,40.1,30.0,292,2,traffic_signs,0.8241185545921326,1633.435791015625,1471.59033203125,1675.6802978515625,1520.661865234375,1654.5580444335938,1496.1260986328125,42.2445068359375,49.071533203125
IMG_0048.mp4,1204,40.13333333333333,30.0,214,2,traffic_signs,0.9054766297340393,2525.9951171875,1213.3944091796875,2689.99755859375,1376.27490234375,2607.996337890625,1294.8346557617188,164.00244140625,162.8804931640625
IMG_0048.mp4,1204,40.13333333333333,30.0,238,2,traffic_signs,0.8419504165649414,42.86460494995117,913.8475952148438,210.02420043945312,1199.822265625,126.44440269470215,1056.8349304199219,167.15959548950195,285.97467041015625
IMG_0048.mp4,1204,40.13333333333333,30.0,265,2,traffic_signs,0.7397400140762329,2185.808349609375,1535.1888427734375,2224.2548828125,1568.4801025390625,2205.0316162109375,1551.83447265625,38.446533203125,33.291259765625
IMG_0048.mp4,1204,40.13333333333333,30.0,289,2,traffic_signs,0.910599946975708,1473.4046630859375,1009.1380615234375,1581.2791748046875,1195.9281005859375,1527.3419189453125,1102.5330810546875,107.87451171875,186.7900390625
IMG_0048.mp4,1204,40.13333333333333,30.0,249,2,traffic_signs,0.7853415012359619,1027.1004638671875,1372.2047119140625,1066.353759765625,1431.51025390625,1046.7271118164062,1401.8574829101562,39.2532958984375,59.3055419921875
IMG_0048.mp4,1204,40.13333333333333,30.0,292,2,traffic_signs,0.8606152534484863,1637.2784423828125,1473.015869140625,1679.064453125,1520.7135009765625,1658.1714477539062,1496.8646850585938,41.7860107421875,47.6976318359375
IMG_0048.mp4,1205,40.166666666666664,30.0,214,2,traffic_signs,0.9161681532859802,2528.241943359375,1210.0787353515625,2694.629638671875,1374.7109375,2611.435791015625,1292.3948364257812,166.3876953125,164.6322021484375
IMG_0048.mp4,1205,40.166666666666664,30.0,238,2,traffic_signs,0.8168336749076843,31.08382225036621,909.8636474609375,200.0925750732422,1200.042236328125,115.5881986618042,1054.9529418945312,169.00875282287598,290.1785888671875
IMG_0048.mp4,1205,40.166666666666664,30.0,265,2,traffic_signs,0.8563920259475708,2192.07177734375,1533.3544921875,2231.857177734375,1568.482177734375,2211.9644775390625,1550.9183349609375,39.785400390625,35.127685546875
IMG_0048.mp4,1205,40.166666666666664,30.0,289,2,traffic_signs,0.9089776873588562,1466.5848388671875,1004.3177490234375,1575.9169921875,1191.354248046875,1521.2509155273438,1097.8359985351562,109.3321533203125,187.0364990234375
IMG_0048.mp4,1205,40.166666666666664,30.0,249,2,traffic_signs,0.47506260871887207,1030.236328125,1372.70947265625,1069.7930908203125,1432.517333984375,1050.0147094726562,1402.6134033203125,39.5567626953125,59.807861328125
IMG_0048.mp4,1205,40.166666666666664,30.0,292,2,traffic_signs,0.8413763642311096,1642.41015625,1473.7547607421875,1683.970703125,1521.4169921875,1663.1904296875,1497.5858764648438,41.560546875,47.6622314453125
IMG_0048.mp4,1206,40.2,30.0,214,2,traffic_signs,0.9130479693412781,2529.885498046875,1206.48486328125,2698.642333984375,1372.3880615234375,2614.263916015625,1289.4364624023438,168.7568359375,165.9031982421875
IMG_0048.mp4,1206,40.2,30.0,238,2,traffic_signs,0.7598714232444763,18.937646865844727,904.8704833984375,189.31520080566406,1197.0623779296875,104.1264238357544,1050.9664306640625,170.37755393981934,292.19189453125
IMG_0048.mp4,1206,40.2,30.0,265,2,traffic_signs,0.8147163391113281,2198.262451171875,1533.0072021484375,2237.959716796875,1569.0244140625,2218.111083984375,1551.0158081054688,39.697265625,36.0172119140625
IMG_0048.mp4,1206,40.2,30.0,289,2,traffic_signs,0.9090732336044312,1458.72412109375,999.7560424804688,1571.2801513671875,1186.7197265625,1515.0021362304688,1093.2378845214844,112.5560302734375,186.96368408203125
IMG_0048.mp4,1206,40.2,30.0,249,2,traffic_signs,0.4563220143318176,1033.447265625,1373.694091796875,1073.6209716796875,1432.58251953125,1053.5341186523438,1403.1383056640625,40.1737060546875,58.888427734375
IMG_0048.mp4,1206,40.2,30.0,292,2,traffic_signs,0.8473191857337952,1647.632568359375,1473.4228515625,1688.6685791015625,1521.44677734375,1668.1505737304688,1497.434814453125,41.0360107421875,48.02392578125
IMG_0048.mp4,1207,40.233333333333334,30.0,214,2,traffic_signs,0.9122781157493591,2532.99169921875,1204.9964599609375,2703.249267578125,1371.2884521484375,2618.1204833984375,1288.1424560546875,170.257568359375,166.2919921875
IMG_0048.mp4,1207,40.233333333333334,30.0,265,2,traffic_signs,0.7130376100540161,2203.26611328125,1535.708984375,2242.881103515625,1572.2147216796875,2223.0736083984375,1553.9618530273438,39.614990234375,36.5057373046875
IMG_0048.mp4,1207,40.233333333333334,30.0,289,2,traffic_signs,0.9266288876533508,1452.3394775390625,994.7273559570312,1565.379150390625,1185.028564453125,1508.8593139648438,1089.8779602050781,113.0396728515625,190.30120849609375
IMG_0048.mp4,1207,40.233333333333334,30.0,249,2,traffic_signs,0.7408003807067871,1037.395751953125,1376.276611328125,1077.3658447265625,1432.087158203125,1057.3807983398438,1404.181884765625,39.9700927734375,55.810546875
IMG_0048.mp4,1207,40.233333333333334,30.0,292,2,traffic_signs,0.8447669148445129,1652.30078125,1475.411376953125,1693.9610595703125,1523.02001953125,1673.1309204101562,1499.2156982421875,41.6602783203125,47.608642578125
IMG_0048.mp4,1208,40.266666666666666,30.0,214,2,traffic_signs,0.9028112292289734,2537.101318359375,1202.818603515625,2708.367919921875,1370.965087890625,2622.734619140625,1286.891845703125,171.2666015625,168.146484375
IMG_0048.mp4,1208,40.266666666666666,30.0,265,2,traffic_signs,0.6484139561653137,2210.634033203125,1538.9056396484375,2247.625732421875,1574.7305908203125,2229.1298828125,1556.818115234375,36.99169921875,35.824951171875
IMG_0048.mp4,1208,40.266666666666666,30.0,289,2,traffic_signs,0.9094902873039246,1445.6109619140625,992.2263793945312,1560.317626953125,1183.115478515625,1502.9642944335938,1087.6709289550781,114.7066650390625,190.88909912109375
IMG_0048.mp4,1208,40.266666666666666,30.0,249,2,traffic_signs,0.7325041890144348,1042.15673828125,1379.1934814453125,1081.078369140625,1434.2088623046875,1061.6175537109375,1406.701171875,38.921630859375,55.015380859375
IMG_0048.mp4,1208,40.266666666666666,30.0,292,2,traffic_signs,0.8302446603775024,1658.3472900390625,1477.512451171875,1698.89892578125,1525.59130859375,1678.6231079101562,1501.5518798828125,40.5516357421875,48.078857421875
IMG_0048.mp4,1208,40.266666666666666,30.0,238,2,traffic_signs,0.45971372723579407,1.1793156862258911,903.8822021484375,172.4915008544922,1197.806884765625,86.83540827035904,1050.8445434570312,171.3121851682663,293.9246826171875
IMG_0048.mp4,1209,40.3,30.0,214,2,traffic_signs,0.8975592255592346,2541.8994140625,1199.5419921875,2715.24755859375,1369.8988037109375,2628.573486328125,1284.7203979492188,173.34814453125,170.3568115234375
IMG_0048.mp4,1209,40.3,30.0,289,2,traffic_signs,0.9045590162277222,1440.46728515625,988.313232421875,1556.6195068359375,1180.7869873046875,1498.5433959960938,1084.5501098632812,116.1522216796875,192.4737548828125
IMG_0048.mp4,1209,40.3,30.0,249,2,traffic_signs,0.6675209403038025,1047.053466796875,1380.6981201171875,1086.667724609375,1435.8282470703125,1066.860595703125,1408.26318359375,39.6142578125,55.130126953125
IMG_0048.mp4,1209,40.3,30.0,292,2,traffic_signs,0.8469530344009399,1665.228271484375,1480.22021484375,1705.8321533203125,1528.97607421875,1685.5302124023438,1504.59814453125,40.6038818359375,48.755859375
IMG_0048.mp4,1209,40.3,30.0,238,2,traffic_signs,0.7102367281913757,0.0,901.4083862304688,165.78558349609375,1195.777587890625,82.89279174804688,1048.5929870605469,165.78558349609375,294.36920166015625
IMG_0048.mp4,1210,40.333333333333336,30.0,214,2,traffic_signs,0.8915068507194519,2546.89892578125,1196.2825927734375,2721.40185546875,1368.1624755859375,2634.150390625,1282.2225341796875,174.5029296875,171.8798828125
IMG_0048.mp4,1210,40.333333333333336,30.0,289,2,traffic_signs,0.9060624837875366,1435.2115478515625,983.354248046875,1553.2572021484375,1178.18994140625,1494.234375,1080.7720947265625,118.045654296875,194.835693359375
IMG_0048.mp4,1210,40.333333333333336,30.0,249,2,traffic_signs,0.8408815264701843,1053.0767822265625,1381.6201171875,1092.2265625,1435.9776611328125,1072.6516723632812,1408.7988891601562,39.1497802734375,54.3575439453125
IMG_0048.mp4,1210,40.333333333333336,30.0,292,2,traffic_signs,0.849035382270813,1672.3653564453125,1481.5067138671875,1711.671875,1528.5672607421875,1692.0186157226562,1505.0369873046875,39.3065185546875,47.060546875
IMG_0048.mp4,1210,40.333333333333336,30.0,238,2,traffic_signs,0.8614911437034607,0.0,899.2017822265625,159.9615936279297,1190.2222900390625,79.98079681396484,1044.7120361328125,159.9615936279297,291.0205078125
IMG_0048.mp4,1210,40.333333333333336,30.0,234,2,traffic_signs,0.9060233235359192,579.65966796875,1138.038330078125,655.7135620117188,1243.7255859375,617.6866149902344,1190.8819580078125,76.05389404296875,105.687255859375
IMG_0048.mp4,1211,40.36666666666667,30.0,214,2,traffic_signs,0.9028375148773193,2552.504638671875,1194.1292724609375,2728.301513671875,1366.2791748046875,2640.403076171875,1280.2042236328125,175.796875,172.14990234375
IMG_0048.mp4,1211,40.36666666666667,30.0,289,2,traffic_signs,0.9158179759979248,1429.978515625,979.000732421875,1549.0208740234375,1175.4454345703125,1489.4996948242188,1077.2230834960938,119.0423583984375,196.4447021484375
IMG_0048.mp4,1211,40.36666666666667,30.0,249,2,traffic_signs,0.8887179493904114,1058.218505859375,1382.365234375,1097.9075927734375,1435.714111328125,1078.0630493164062,1409.0396728515625,39.6890869140625,53.348876953125
IMG_0048.mp4,1211,40.36666666666667,30.0,292,2,traffic_signs,0.8527685403823853,1680.7396240234375,1482.8214111328125,1719.5364990234375,1530.982666015625,1700.1380615234375,1506.9020385742188,38.796875,48.1612548828125
IMG_0048.mp4,1211,40.36666666666667,30.0,234,2,traffic_signs,0.9327743053436279,576.7391967773438,1136.3575439453125,654.6574096679688,1242.9951171875,615.6983032226562,1189.6763305664062,77.918212890625,106.6375732421875
IMG_0048.mp4,1212,40.4,30.0,214,2,traffic_signs,0.9213891625404358,2559.61572265625,1192.8880615234375,2735.29052734375,1365.400634765625,2647.453125,1279.1443481445312,175.6748046875,172.5125732421875
IMG_0048.mp4,1212,40.4,30.0,289,2,traffic_signs,0.8217127919197083,1424.7581787109375,974.9180908203125,1546.5438232421875,1173.28271484375,1485.6510009765625,1074.1004028320312,121.78564453125,198.3646240234375
IMG_0048.mp4,1212,40.4,30.0,249,2,traffic_signs,0.7746623158454895,1063.26171875,1386.3681640625,1104.3258056640625,1438.610595703125,1083.7937622070312,1412.4893798828125,41.0640869140625,52.242431640625
IMG_0048.mp4,1212,40.4,30.0,292,2,traffic_signs,0.8446195721626282,1687.835693359375,1486.080078125,1731.83203125,1531.662841796875,1709.8338623046875,1508.8714599609375,43.996337890625,45.582763671875
IMG_0048.mp4,1212,40.4,30.0,234,2,traffic_signs,0.934934675693512,575.9956665039062,1136.7607421875,654.135986328125,1243.918701171875,615.0658264160156,1190.3397216796875,78.14031982421875,107.157958984375
IMG_0048.mp4,1212,40.4,30.0,265,2,traffic_signs,0.6956474184989929,2247.117431640625,1538.1497802734375,2280.1650390625,1582.491455078125,2263.6412353515625,1560.3206176757812,33.047607421875,44.3416748046875
IMG_0048.mp4,1213,40.43333333333333,30.0,214,2,traffic_signs,0.9223307371139526,2566.392578125,1192.90966796875,2744.03857421875,1365.434326171875,2655.215576171875,1279.1719970703125,177.64599609375,172.524658203125
IMG_0048.mp4,1213,40.43333333333333,30.0,289,2,traffic_signs,0.9299827218055725,1420.601318359375,971.6381225585938,1543.49365234375,1170.2073974609375,1482.0474853515625,1070.9227600097656,122.892333984375,198.56927490234375
IMG_0048.mp4,1213,40.43333333333333,30.0,249,2,traffic_signs,0.7183648347854614,1070.8602294921875,1388.3499755859375,1111.1910400390625,1441.2916259765625,1091.025634765625,1414.82080078125,40.330810546875,52.941650390625
IMG_0048.mp4,1213,40.43333333333333,30.0,292,2,traffic_signs,0.7581897377967834,1696.416015625,1489.4969482421875,1738.2265625,1532.7086181640625,1717.3212890625,1511.102783203125,41.810546875,43.211669921875
IMG_0048.mp4,1213,40.43333333333333,30.0,234,2,traffic_signs,0.936863899230957,576.317626953125,1138.404296875,654.9937133789062,1245.2630615234375,615.6556701660156,1191.8336791992188,78.67608642578125,106.8587646484375
IMG_0048.mp4,1213,40.43333333333333,30.0,265,2,traffic_signs,0.34925949573516846,2257.017578125,1538.24072265625,2296.210205078125,1585.648681640625,2276.6138916015625,1561.9447021484375,39.192626953125,47.407958984375
IMG_0048.mp4,1214,40.46666666666667,30.0,214,2,traffic_signs,0.9083199501037598,2574.927734375,1190.203857421875,2754.3525390625,1365.025390625,2664.64013671875,1277.6146240234375,179.4248046875,174.821533203125
IMG_0048.mp4,1214,40.46666666666667,30.0,289,2,traffic_signs,0.9208967685699463,1418.0767822265625,968.1879272460938,1541.9676513671875,1167.4849853515625,1480.022216796875,1067.8364562988281,123.890869140625,199.29705810546875
IMG_0048.mp4,1214,40.46666666666667,30.0,249,2,traffic_signs,0.800521969795227,1079.3489990234375,1389.5958251953125,1119.0615234375,1443.827880859375,1099.2052612304688,1416.7118530273438,39.7125244140625,54.2320556640625
IMG_0048.mp4,1214,40.46666666666667,30.0,292,2,traffic_signs,0.7279935479164124,1704.843017578125,1490.5904541015625,1743.7047119140625,1533.3045654296875,1724.2738647460938,1511.947509765625,38.8616943359375,42.714111328125
IMG_0048.mp4,1214,40.46666666666667,30.0,234,2,traffic_signs,0.9352598190307617,577.5570678710938,1138.8570556640625,657.048095703125,1245.4962158203125,617.3025817871094,1192.1766357421875,79.49102783203125,106.63916015625
IMG_0048.mp4,1214,40.46666666666667,30.0,265,2,traffic_signs,0.3216319680213928,2269.0048828125,1541.125732421875,2309.474365234375,1585.412841796875,2289.2396240234375,1563.269287109375,40.469482421875,44.287109375
IMG_0048.mp4,1215,40.5,30.0,214,2,traffic_signs,0.8975509405136108,2584.441650390625,1186.5244140625,2765.448974609375,1364.0543212890625,2674.9453125,1275.2893676757812,181.00732421875,177.5299072265625
IMG_0048.mp4,1215,40.5,30.0,289,2,traffic_signs,0.9204385280609131,1415.583251953125,963.4769287109375,1541.167236328125,1164.500244140625,1478.375244140625,1063.9885864257812,125.583984375,201.0233154296875
IMG_0048.mp4,1215,40.5,30.0,249,2,traffic_signs,0.8377450108528137,1088.313232421875,1390.814208984375,1128.282958984375,1444.9393310546875,1108.298095703125,1417.8767700195312,39.9697265625,54.1251220703125
IMG_0048.mp4,1215,40.5,30.0,292,2,traffic_signs,0.5625454783439636,1716.165771484375,1492.06103515625,1755.3558349609375,1535.696533203125,1735.7608032226562,1513.8787841796875,39.1900634765625,43.635498046875
IMG_0048.mp4,1215,40.5,30.0,234,2,traffic_signs,0.9334614276885986,580.1096801757812,1138.1920166015625,660.890869140625,1244.9617919921875,620.5002746582031,1191.576904296875,80.78118896484375,106.769775390625
IMG_0048.mp4,1215,40.5,30.0,265,2,traffic_signs,0.4997975528240204,2280.168212890625,1535.5511474609375,2323.0341796875,1586.5821533203125,2301.6011962890625,1561.066650390625,42.865966796875,51.031005859375
IMG_0048.mp4,1216,40.53333333333333,30.0,214,2,traffic_signs,0.8996010422706604,2592.014892578125,1183.43603515625,2775.555908203125,1363.1990966796875,2683.785400390625,1273.3175659179688,183.541015625,179.7630615234375
IMG_0048.mp4,1216,40.53333333333333,30.0,289,2,traffic_signs,0.9242842793464661,1412.1004638671875,958.819580078125,1540.64794921875,1163.239013671875,1476.3742065429688,1061.029296875,128.5474853515625,204.41943359375
IMG_0048.mp4,1216,40.53333333333333,30.0,249,2,traffic_signs,0.8597931265830994,1097.27587890625,1392.0350341796875,1136.6949462890625,1448.0755615234375,1116.9854125976562,1420.0552978515625,39.4190673828125,56.04052734375
IMG_0048.mp4,1216,40.53333333333333,30.0,234,2,traffic_signs,0.9373147487640381,582.1953125,1137.7745361328125,663.2905883789062,1245.1575927734375,622.7429504394531,1191.466064453125,81.09527587890625,107.383056640625
IMG_0048.mp4,1216,40.53333333333333,30.0,265,2,traffic_signs,0.7360155582427979,2293.400146484375,1533.5487060546875,2335.02880859375,1589.1038818359375,2314.2144775390625,1561.3262939453125,41.628662109375,55.55517578125
IMG_0048.mp4,1216,40.53333333333333,30.0,300,2,traffic_signs,0.36981770396232605,2048.595947265625,1483.27099609375,2083.62890625,1555.982666015625,2066.1124267578125,1519.6268310546875,35.032958984375,72.711669921875
IMG_0048.mp4,1217,40.56666666666667,30.0,214,2,traffic_signs,0.9307418465614319,2601.202880859375,1182.3822021484375,2786.348388671875,1363.230224609375,2693.775634765625,1272.8062133789062,185.1455078125,180.8480224609375
IMG_0048.mp4,1217,40.56666666666667,30.0,289,2,traffic_signs,0.9233973622322083,1409.8477783203125,956.19140625,1540.24462890625,1162.40869140625,1475.0462036132812,1059.300048828125,130.3968505859375,206.21728515625
IMG_0048.mp4,1217,40.56666666666667,30.0,249,2,traffic_signs,0.8906233906745911,1105.420166015625,1395.4423828125,1145.3516845703125,1451.0189208984375,1125.3859252929688,1423.2306518554688,39.9315185546875,55.5765380859375
IMG_0048.mp4,1217,40.56666666666667,30.0,234,2,traffic_signs,0.9161821603775024,585.1708374023438,1139.7930908203125,665.6151123046875,1247.2269287109375,625.3929748535156,1193.510009765625,80.44427490234375,107.433837890625
IMG_0048.mp4,1217,40.56666666666667,30.0,265,2,traffic_signs,0.7826934456825256,2301.5771484375,1538.468994140625,2345.232177734375,1591.3870849609375,2323.4046630859375,1564.9280395507812,43.655029296875,52.9180908203125
IMG_0048.mp4,1217,40.56666666666667,30.0,300,2,traffic_signs,0.4381944239139557,2055.941650390625,1480.698974609375,2093.634521484375,1557.7083740234375,2074.7880859375,1519.2036743164062,37.69287109375,77.0093994140625
IMG_0048.mp4,1218,40.6,30.0,214,2,traffic_signs,0.9105058908462524,2613.171142578125,1180.5572509765625,2801.31640625,1363.8206787109375,2707.2437744140625,1272.18896484375,188.145263671875,183.263427734375
IMG_0048.mp4,1218,40.6,30.0,289,2,traffic_signs,0.9211131930351257,1410.1859130859375,952.5154418945312,1541.729248046875,1160.460693359375,1475.9575805664062,1056.4880676269531,131.5433349609375,207.94525146484375
IMG_0048.mp4,1218,40.6,30.0,249,2,traffic_signs,0.863477885723114,1115.877197265625,1398.6845703125,1155.9139404296875,1454.0203857421875,1135.8955688476562,1426.3524780273438,40.0367431640625,55.3358154296875
IMG_0048.mp4,1218,40.6,30.0,234,2,traffic_signs,0.9153614044189453,588.7939453125,1140.8509521484375,669.7006225585938,1249.049072265625,629.2472839355469,1194.9500122070312,80.90667724609375,108.1981201171875
IMG_0048.mp4,1218,40.6,30.0,265,2,traffic_signs,0.8145707845687866,2315.411376953125,1542.7623291015625,2360.287841796875,1592.091064453125,2337.849609375,1567.4266967773438,44.87646484375,49.3287353515625
IMG_0048.mp4,1219,40.63333333333333,30.0,214,2,traffic_signs,0.9047211408615112,2626.347412109375,1177.1912841796875,2815.478515625,1362.978515625,2720.9129638671875,1270.0848999023438,189.131103515625,185.7872314453125
IMG_0048.mp4,1219,40.63333333333333,30.0,289,2,traffic_signs,0.9189949631690979,1412.150634765625,946.6765747070312,1544.220458984375,1157.78173828125,1478.185546875,1052.2291564941406,132.06982421875,211.10516357421875
IMG_0048.mp4,1219,40.63333333333333,30.0,249,2,traffic_signs,0.8997586369514465,1128.0225830078125,1399.7908935546875,1166.576416015625,1456.010009765625,1147.2994995117188,1427.9004516601562,38.5538330078125,56.2191162109375
IMG_0048.mp4,1219,40.63333333333333,30.0,234,2,traffic_signs,0.9283169507980347,594.6568603515625,1139.996337890625,675.4739990234375,1249.3270263671875,635.0654296875,1194.6616821289062,80.817138671875,109.3306884765625
IMG_0048.mp4,1219,40.63333333333333,30.0,265,2,traffic_signs,0.8521286845207214,2326.9423828125,1544.989501953125,2374.25390625,1593.3736572265625,2350.59814453125,1569.1815795898438,47.3115234375,48.3841552734375
IMG_0048.mp4,1219,40.63333333333333,30.0,300,2,traffic_signs,0.4474938213825226,2082.8515625,1491.4334716796875,2120.15771484375,1556.04931640625,2101.504638671875,1523.7413940429688,37.30615234375,64.6158447265625
IMG_0048.mp4,1220,40.666666666666664,30.0,214,2,traffic_signs,0.9245610237121582,2638.43408203125,1174.442626953125,2829.78955078125,1361.4603271484375,2734.11181640625,1267.9514770507812,191.35546875,187.0177001953125
IMG_0048.mp4,1220,40.666666666666664,30.0,289,2,traffic_signs,0.9209645986557007,1413.409912109375,943.0807495117188,1546.6181640625,1155.04541015625,1480.0140380859375,1049.0630798339844,133.208251953125,211.96466064453125
IMG_0048.mp4,1220,40.666666666666664,30.0,249,2,traffic_signs,0.8818705081939697,1137.4183349609375,1401.8046875,1178.92578125,1458.693359375,1158.1720581054688,1430.2490234375,41.5074462890625,56.888671875
IMG_0048.mp4,1220,40.666666666666664,30.0,234,2,traffic_signs,0.9257622957229614,599.9255981445312,1140.0833740234375,681.6268310546875,1249.920654296875,640.7762145996094,1195.0020141601562,81.70123291015625,109.8372802734375
IMG_0048.mp4,1220,40.666666666666664,30.0,265,2,traffic_signs,0.8883510231971741,2339.704345703125,1546.6395263671875,2389.06298828125,1595.5386962890625,2364.3836669921875,1571.089111328125,49.358642578125,48.899169921875
IMG_0048.mp4,1221,40.7,30.0,214,2,traffic_signs,0.9152267575263977,2652.114501953125,1173.5396728515625,2847.052978515625,1361.6395263671875,2749.583740234375,1267.589599609375,194.9384765625,188.099853515625
IMG_0048.mp4,1221,40.7,30.0,289,2,traffic_signs,0.9157382845878601,1416.1239013671875,941.6349487304688,1550.3887939453125,1153.986572265625,1483.25634765625,1047.8107604980469,134.264892578125,212.35162353515625
IMG_0048.mp4,1221,40.7,30.0,249,2,traffic_signs,0.9017204642295837,1150.1622314453125,1405.70361328125,1191.067626953125,1461.614990234375,1170.6149291992188,1433.6593017578125,40.9053955078125,55.911376953125
IMG_0048.mp4,1221,40.7,30.0,234,2,traffic_signs,0.9424613118171692,606.9443969726562,1141.5299072265625,689.1249389648438,1251.8924560546875,648.03466796875,1196.711181640625,82.1805419921875,110.362548828125
IMG_0048.mp4,1221,40.7,30.0,265,2,traffic_signs,0.8835964798927307,2352.509033203125,1550.2923583984375,2404.60009765625,1599.321533203125,2378.5545654296875,1574.8069458007812,52.091064453125,49.0291748046875
IMG_0048.mp4,1221,40.7,30.0,292,2,traffic_signs,0.551741898059845,1790.1536865234375,1505.09375,1826.67626953125,1550.8056640625,1808.4149780273438,1527.94970703125,36.5225830078125,45.7119140625
IMG_0048.mp4,1222,40.733333333333334,30.0,214,2,traffic_signs,0.925713062286377,2668.753662109375,1170.9293212890625,2865.4609375,1360.409912109375,2767.1072998046875,1265.6696166992188,196.707275390625,189.4805908203125
IMG_0048.mp4,1222,40.733333333333334,30.0,289,2,traffic_signs,0.9112035036087036,1421.111328125,937.6996459960938,1556.566650390625,1151.3134765625,1488.8389892578125,1044.5065612792969,135.455322265625,213.61383056640625
IMG_0048.mp4,1222,40.733333333333334,30.0,249,2,traffic_signs,0.8633350729942322,1164.7156982421875,1408.681396484375,1205.003662109375,1464.3251953125,1184.8596801757812,1436.5032958984375,40.2879638671875,55.643798828125
IMG_0048.mp4,1222,40.733333333333334,30.0,234,2,traffic_signs,0.8779774904251099,614.678466796875,1142.0230712890625,698.71826171875,1254.064697265625,656.6983642578125,1198.0438842773438,84.039794921875,112.0416259765625
IMG_0048.mp4,1222,40.733333333333334,30.0,265,2,traffic_signs,0.8769824504852295,2366.13916015625,1555.6043701171875,2423.180419921875,1600.5185546875,2394.6597900390625,1578.0614624023438,57.041259765625,44.9141845703125
IMG_0048.mp4,1223,40.766666666666666,30.0,214,2,traffic_signs,0.9275670051574707,2687.176513671875,1167.9539794921875,2886.741943359375,1357.3084716796875,2786.959228515625,1262.6312255859375,199.5654296875,189.3544921875
IMG_0048.mp4,1223,40.766666666666666,30.0,289,2,traffic_signs,0.9111520648002625,1427.02734375,931.806884765625,1564.1602783203125,1147.959228515625,1495.5938110351562,1039.883056640625,137.1329345703125,216.15234375
IMG_0048.mp4,1223,40.766666666666666,30.0,249,2,traffic_signs,0.8969849944114685,1180.2763671875,1410.2640380859375,1219.3070068359375,1465.556640625,1199.7916870117188,1437.9103393554688,39.0306396484375,55.2926025390625
IMG_0048.mp4,1223,40.766666666666666,30.0,234,2,traffic_signs,0.9162008166313171,625.5181884765625,1141.854736328125,710.6482543945312,1255.103271484375,668.0832214355469,1198.47900390625,85.13006591796875,113.24853515625
IMG_0048.mp4,1223,40.766666666666666,30.0,265,2,traffic_signs,0.8939980268478394,2382.694580078125,1557.030517578125,2443.8173828125,1600.939453125,2413.2559814453125,1578.9849853515625,61.122802734375,43.908935546875
IMG_0048.mp4,1224,40.8,30.0,214,2,traffic_signs,0.9258244037628174,2705.607177734375,1166.5404052734375,2910.353515625,1357.19775390625,2807.9803466796875,1261.8690795898438,204.746337890625,190.6573486328125
IMG_0048.mp4,1224,40.8,30.0,289,2,traffic_signs,0.9287148118019104,1436.05224609375,927.2591552734375,1574.4730224609375,1146.447998046875,1505.2626342773438,1036.8535766601562,138.4207763671875,219.1888427734375
IMG_0048.mp4,1224,40.8,30.0,249,2,traffic_signs,0.8780245780944824,1197.0372314453125,1412.8367919921875,1239.0166015625,1468.224365234375,1218.0269165039062,1440.5305786132812,41.9793701171875,55.3875732421875
IMG_0048.mp4,1224,40.8,30.0,234,2,traffic_signs,0.9333837032318115,637.1294555664062,1144.11669921875,722.66455078125,1256.97509765625,679.8970031738281,1200.5458984375,85.53509521484375,112.8583984375
IMG_0048.mp4,1224,40.8,30.0,265,2,traffic_signs,0.8588442802429199,2398.869384765625,1560.542724609375,2464.80615234375,1603.5064697265625,2431.8377685546875,1582.0245971679688,65.936767578125,42.9637451171875
IMG_0048.mp4,1225,40.833333333333336,30.0,214,2,traffic_signs,0.9286925792694092,2727.1572265625,1164.4014892578125,2936.008544921875,1354.96533203125,2831.5828857421875,1259.6834106445312,208.851318359375,190.5638427734375
IMG_0048.mp4,1225,40.833333333333336,30.0,289,2,traffic_signs,0.923974871635437,1445.65185546875,923.1528930664062,1586.7637939453125,1144.63818359375,1516.2078247070312,1033.8955383300781,141.1119384765625,221.48529052734375
IMG_0048.mp4,1225,40.833333333333336,30.0,249,2,traffic_signs,0.8651794791221619,1214.736083984375,1414.9473876953125,1258.859375,1470.513916015625,1236.7977294921875,1442.7306518554688,44.123291015625,55.5665283203125
IMG_0048.mp4,1225,40.833333333333336,30.0,234,2,traffic_signs,0.745901346206665,650.9682006835938,1145.1893310546875,738.3587036132812,1258.081787109375,694.6634521484375,1201.6355590820312,87.3905029296875,112.8924560546875
IMG_0048.mp4,1225,40.833333333333336,30.0,265,2,traffic_signs,0.33085206151008606,2418.951171875,1565.577392578125,2489.101806640625,1605.67041015625,2454.0264892578125,1585.6239013671875,70.150634765625,40.093017578125
IMG_0048.mp4,1226,40.86666666666667,30.0,214,2,traffic_signs,0.9242282509803772,2748.565673828125,1162.15283203125,2962.612060546875,1353.842529296875,2855.5888671875,1257.9976806640625,214.04638671875,191.689697265625
IMG_0048.mp4,1226,40.86666666666667,30.0,289,2,traffic_signs,0.7935521006584167,1457.5775146484375,919.5595092773438,1600.6082763671875,1142.4305419921875,1529.0928955078125,1030.9950256347656,143.03076171875,222.87103271484375
IMG_0048.mp4,1226,40.86666666666667,30.0,249,2,traffic_signs,0.8120617270469666,1234.893310546875,1416.232421875,1280.0068359375,1472.360595703125,1257.4500732421875,1444.2965087890625,45.113525390625,56.128173828125
IMG_0048.mp4,1226,40.86666666666667,30.0,234,2,traffic_signs,0.9236013889312744,668.9354858398438,1146.033203125,756.8223876953125,1259.035888671875,712.8789367675781,1202.5345458984375,87.88690185546875,113.002685546875
IMG_0048.mp4,1226,40.86666666666667,30.0,265,2,traffic_signs,0.8764720559120178,2440.1923828125,1567.8447265625,2514.3701171875,1608.2667236328125,2477.28125,1588.0557250976562,74.177734375,40.4219970703125
IMG_0048.mp4,1226,40.86666666666667,30.0,302,2,traffic_signs,0.6019598841667175,994.5236206054688,1586.2188720703125,1096.2674560546875,1611.70458984375,1045.3955383300781,1598.9617309570312,101.74383544921875,25.4857177734375
IMG_0048.mp4,1227,40.9,30.0,214,2,traffic_signs,0.9306071996688843,2772.064697265625,1159.844482421875,2988.1513671875,1352.4403076171875,2880.1080322265625,1256.1423950195312,216.086669921875,192.5958251953125
IMG_0048.mp4,1227,40.9,30.0,289,2,traffic_signs,0.9228143692016602,1466.0372314453125,916.3839721679688,1611.5218505859375,1141.7464599609375,1538.779541015625,1029.0652160644531,145.484619140625,225.36248779296875
IMG_0048.mp4,1227,40.9,30.0,249,2,traffic_signs,0.7970519065856934,1253.9683837890625,1418.17138671875,1296.8294677734375,1473.8714599609375,1275.39892578125,1446.0214233398438,42.861083984375,55.7000732421875
IMG_0048.mp4,1227,40.9,30.0,234,2,traffic_signs,0.9223485589027405,683.2605590820312,1146.9124755859375,770.3990478515625,1261.043701171875,726.8298034667969,1203.9780883789062,87.13848876953125,114.1312255859375
IMG_0048.mp4,1227,40.9,30.0,265,2,traffic_signs,0.889948844909668,2464.24658203125,1570.9765625,2537.175537109375,1611.20654296875,2500.7110595703125,1591.091552734375,72.928955078125,40.22998046875
IMG_0048.mp4,1227,40.9,30.0,302,2,traffic_signs,0.7100872993469238,1015.055908203125,1589.0244140625,1114.796630859375,1614.2425537109375,1064.92626953125,1601.6334838867188,99.74072265625,25.2181396484375
IMG_0048.mp4,1227,40.9,30.0,238,2,traffic_signs,0.8696488738059998,5.67227029800415,879.4526977539062,190.26600646972656,1198.01611328125,97.96913838386536,1038.7344055175781,184.5937361717224,318.56341552734375
IMG_0048.mp4,1228,40.93333333333333,30.0,214,2,traffic_signs,0.9271493554115295,2791.8125,1157.401123046875,3011.5126953125,1352.70703125,2901.66259765625,1255.0540771484375,219.7001953125,195.305908203125
IMG_0048.mp4,1228,40.93333333333333,30.0,289,2,traffic_signs,0.8783368468284607,1474.265380859375,912.8938598632812,1620.7774658203125,1139.225830078125,1547.5214233398438,1026.0598449707031,146.5120849609375,226.33197021484375
IMG_0048.mp4,1228,40.93333333333333,30.0,249,2,traffic_signs,0.8697112202644348,1271.822265625,1420.410888671875,1312.115478515625,1475.90625,1291.9688720703125,1448.1585693359375,40.293212890625,55.495361328125
IMG_0048.mp4,1228,40.93333333333333,30.0,234,2,traffic_signs,0.9305960536003113,696.2552490234375,1147.2672119140625,784.6461791992188,1262.870361328125,740.4507141113281,1205.0687866210938,88.39093017578125,115.6031494140625
IMG_0048.mp4,1228,40.93333333333333,30.0,265,2,traffic_signs,0.8899215459823608,2485.409912109375,1573.1060791015625,2555.85546875,1613.529541015625,2520.6326904296875,1593.3178100585938,70.445556640625,40.4234619140625
IMG_0048.mp4,1228,40.93333333333333,30.0,302,2,traffic_signs,0.5110291242599487,1033.7799072265625,1591.10986328125,1131.8590087890625,1616.292236328125,1082.8194580078125,1603.7010498046875,98.0791015625,25.182373046875
IMG_0048.mp4,1228,40.93333333333333,30.0,238,2,traffic_signs,0.9267754554748535,6.616003036499023,880.1110229492188,199.0017852783203,1199.0673828125,102.80889415740967,1039.5892028808594,192.3857822418213,318.95635986328125
IMG_0048.mp4,1229,40.96666666666667,30.0,214,2,traffic_signs,0.9361826777458191,2813.903076171875,1154.737060546875,3034.0029296875,1351.1983642578125,2923.9530029296875,1252.9677124023438,220.099853515625,196.4613037109375
IMG_0048.mp4,1229,40.96666666666667,30.0,289,2,traffic_signs,0.9273842573165894,1483.4993896484375,909.3473510742188,1629.9940185546875,1136.70556640625,1556.7467041015625,1023.0264587402344,146.49462890625,227.35821533203125
IMG_0048.mp4,1229,40.96666666666667,30.0,249,2,traffic_signs,0.8897146582603455,1289.1993408203125,1422.7239990234375,1327.1578369140625,1478.34423828125,1308.1785888671875,1450.5341186523438,37.95849609375,55.6202392578125
IMG_0048.mp4,1229,40.96666666666667,30.0,234,2,traffic_signs,0.9220109581947327,708.3837280273438,1148.30712890625,796.2422485351562,1264.808837890625,752.31298828125,1206.5579833984375,87.8585205078125,116.501708984375
IMG_0048.mp4,1229,40.96666666666667,30.0,265,2,traffic_signs,0.8838724493980408,2505.626220703125,1577.447021484375,2575.037353515625,1616.2703857421875,2540.331787109375,1596.8587036132812,69.4111328125,38.8233642578125
IMG_0048.mp4,1229,40.96666666666667,30.0,238,2,traffic_signs,0.8998475074768066,10.135446548461914,880.5283203125,207.92626953125,1201.1812744140625,109.03085803985596,1040.8547973632812,197.7908229827881,320.6529541015625
IMG_0048.mp4,1229,40.96666666666667,30.0,292,2,traffic_signs,0.6213068962097168,1928.3275146484375,1528.1551513671875,1975.9144287109375,1569.6903076171875,1952.1209716796875,1548.9227294921875,47.5869140625,41.53515625
IMG_0048.mp4,1230,41.0,30.0,214,2,traffic_signs,0.933563768863678,2835.87451171875,1150.6783447265625,3055.998291015625,1351.0947265625,2945.9364013671875,1250.8865356445312,220.123779296875,200.4163818359375
IMG_0048.mp4,1230,41.0,30.0,289,2,traffic_signs,0.9340522289276123,1491.916015625,904.5122680664062,1638.723388671875,1133.0015869140625,1565.3197021484375,1018.7569274902344,146.807373046875,228.48931884765625
IMG_0048.mp4,1230,41.0,30.0,249,2,traffic_signs,0.8614522218704224,1305.933349609375,1424.3951416015625,1343.497802734375,1480.4384765625,1324.715576171875,1452.4168090820312,37.564453125,56.0433349609375
IMG_0048.mp4,1230,41.0,30.0,234,2,traffic_signs,0.9321803450584412,720.477783203125,1149.45263671875,808.8037109375,1266.272705078125,764.6407470703125,1207.8626708984375,88.325927734375,116.820068359375
IMG_0048.mp4,1230,41.0,30.0,265,2,traffic_signs,0.8909154534339905,2525.8447265625,1579.9815673828125,2593.3837890625,1618.07421875,2559.6142578125,1599.0278930664062,67.5390625,38.0926513671875
IMG_0048.mp4,1230,41.0,30.0,238,2,traffic_signs,0.5256425142288208,17.578771591186523,982.48388671875,202.0644073486328,1197.920166015625,109.82158946990967,1090.2020263671875,184.4856357574463,215.436279296875
IMG_0048.mp4,1230,41.0,30.0,292,2,traffic_signs,0.41695961356163025,1943.8392333984375,1527.8885498046875,1994.1429443359375,1571.71728515625,1968.9910888671875,1549.8029174804688,50.3037109375,43.8287353515625
IMG_0048.mp4,1231,41.03333333333333,30.0,214,2,traffic_signs,0.9379076957702637,2857.427490234375,1147.44140625,3077.30078125,1348.8126220703125,2967.3641357421875,1248.1270141601562,219.873291015625,201.3712158203125
IMG_0048.mp4,1231,41.03333333333333,30.0,289,2,traffic_signs,0.9383360743522644,1499.3978271484375,899.04296875,1647.8653564453125,1130.0728759765625,1573.631591796875,1014.5579223632812,148.467529296875,231.0299072265625
IMG_0048.mp4,1231,41.03333333333333,30.0,249,2,traffic_signs,0.8912116289138794,1322.5146484375,1426.819580078125,1360.6851806640625,1482.6474609375,1341.5999145507812,1454.7335205078125,38.1705322265625,55.827880859375
IMG_0048.mp4,1231,41.03333333333333,30.0,234,2,traffic_signs,0.933233380317688,733.4119262695312,1151.3375244140625,820.7361450195312,1268.1343994140625,777.0740356445312,1209.7359619140625,87.32421875,116.796875
IMG_0048.mp4,1231,41.03333333333333,30.0,265,2,traffic_signs,0.9085368514060974,2543.9873046875,1579.6639404296875,2611.543701171875,1620.1385498046875,2577.7655029296875,1599.9012451171875,67.556396484375,40.474609375
IMG_0048.mp4,1231,41.03333333333333,30.0,292,2,traffic_signs,0.6640270948410034,1961.305908203125,1529.0142822265625,2011.433349609375,1572.2427978515625,1986.36962890625,1550.6285400390625,50.12744140625,43.228515625
IMG_0048.mp4,1232,41.06666666666667,30.0,214,2,traffic_signs,0.9335250854492188,2879.08740234375,1144.3291015625,3101.312744140625,1348.5538330078125,2990.2000732421875,1246.4414672851562,222.225341796875,204.2247314453125
IMG_0048.mp4,1232,41.06666666666667,30.0,289,2,traffic_signs,0.9355763792991638,1505.21484375,895.0372924804688,1657.6693115234375,1127.021484375,1581.4420776367188,1011.0293884277344,152.4544677734375,231.98419189453125
IMG_0048.mp4,1232,41.06666666666667,30.0,249,2,traffic_signs,0.9018945693969727,1338.6903076171875,1428.513671875,1377.0867919921875,1485.003662109375,1357.8885498046875,1456.7586669921875,38.396484375,56.489990234375
IMG_0048.mp4,1232,41.06666666666667,30.0,234,2,traffic_signs,0.9429729580879211,747.677490234375,1151.2236328125,833.8075561523438,1269.4232177734375,790.7425231933594,1210.3234252929688,86.13006591796875,118.1995849609375
IMG_0048.mp4,1232,41.06666666666667,30.0,265,2,traffic_signs,0.9191762208938599,2563.54296875,1581.017578125,2631.47607421875,1622.931884765625,2597.509521484375,1601.9747314453125,67.93310546875,41.914306640625
IMG_0048.mp4,1232,41.06666666666667,30.0,292,2,traffic_signs,0.34811198711395264,1979.854248046875,1530.7515869140625,2027.9859619140625,1571.78662109375,2003.9201049804688,1551.2691040039062,48.1317138671875,41.0350341796875
IMG_0048.mp4,1232,41.06666666666667,30.0,238,2,traffic_signs,0.3351766765117645,32.373294830322266,1031.0787353515625,214.07070922851562,1197.280029296875,123.22200202941895,1114.1793823242188,181.69741439819336,166.2012939453125
IMG_0048.mp4,1233,41.1,30.0,214,2,traffic_signs,0.9415836334228516,2901.385986328125,1141.5078125,3124.9150390625,1346.616455078125,3013.1505126953125,1244.0621337890625,223.529052734375,205.108642578125
IMG_0048.mp4,1233,41.1,30.0,289,2,traffic_signs,0.9262898564338684,1510.75732421875,892.5789184570312,1665.481201171875,1125.673828125,1588.1192626953125,1009.1263732910156,154.723876953125,233.09490966796875
IMG_0048.mp4,1233,41.1,30.0,249,2,traffic_signs,0.8524234294891357,1353.6444091796875,1431.2078857421875,1393.051513671875,1487.44091796875,1373.3479614257812,1459.3244018554688,39.4071044921875,56.2330322265625
IMG_0048.mp4,1233,41.1,30.0,234,2,traffic_signs,0.9290853142738342,757.7279663085938,1154.394287109375,844.7823486328125,1270.937255859375,801.2551574707031,1212.665771484375,87.05438232421875,116.54296875
IMG_0048.mp4,1233,41.1,30.0,265,2,traffic_signs,0.8750154972076416,2583.46240234375,1582.105712890625,2650.974853515625,1625.173095703125,2617.2186279296875,1603.639404296875,67.512451171875,43.0673828125
IMG_0048.mp4,1233,41.1,30.0,292,2,traffic_signs,0.6406393647193909,1996.940673828125,1534.2652587890625,2046.9857177734375,1576.388916015625,2021.9631958007812,1555.3270874023438,50.0450439453125,42.1236572265625
IMG_0048.mp4,1233,41.1,30.0,238,2,traffic_signs,0.5230099558830261,38.564476013183594,1040.4158935546875,220.5319366455078,1200.093994140625,129.5482063293457,1120.2549438476562,181.96746063232422,159.6781005859375
IMG_0048.mp4,1234,41.13333333333333,30.0,214,2,traffic_signs,0.9453433156013489,2924.544921875,1138.3759765625,3149.537353515625,1345.0640869140625,3037.0411376953125,1241.7200317382812,224.992431640625,206.6881103515625
IMG_0048.mp4,1234,41.13333333333333,30.0,289,2,traffic_signs,0.9450071454048157,1522.571044921875,890.2135009765625,1677.7476806640625,1124.4947509765625,1600.1593627929688,1007.3541259765625,155.1766357421875,234.28125
IMG_0048.mp4,1234,41.13333333333333,30.0,249,2,traffic_signs,0.8653619289398193,1372.316650390625,1434.505126953125,1410.337646484375,1488.68505859375,1391.3271484375,1461.5950927734375,38.02099609375,54.179931640625
IMG_0048.mp4,1234,41.13333333333333,30.0,234,2,traffic_signs,0.9206081032752991,771.9337158203125,1155.2130126953125,858.7906494140625,1271.661376953125,815.3621826171875,1213.4371948242188,86.85693359375,116.4483642578125
IMG_0048.mp4,1234,41.13333333333333,30.0,265,2,traffic_signs,0.8532909154891968,2605.4228515625,1584.8040771484375,2672.38671875,1627.8385009765625,2638.90478515625,1606.3212890625,66.9638671875,43.034423828125
IMG_0048.mp4,1234,41.13333333333333,30.0,292,2,traffic_signs,0.39744439721107483,2015.245849609375,1537.12646484375,2066.87060546875,1579.786376953125,2041.0582275390625,1558.4564208984375,51.624755859375,42.659912109375
IMG_0048.mp4,1234,41.13333333333333,30.0,238,2,traffic_signs,0.6054275631904602,48.03474807739258,1044.7286376953125,227.95004272460938,1200.124267578125,137.99239540100098,1122.4264526367188,179.9152946472168,155.3956298828125
IMG_0048.mp4,1235,41.166666666666664,30.0,214,2,traffic_signs,0.9537110924720764,2947.909423828125,1136.083740234375,3173.939453125,1342.849609375,3060.9244384765625,1239.4666748046875,226.030029296875,206.765869140625
IMG_0048.mp4,1235,41.166666666666664,30.0,289,2,traffic_signs,0.9395207762718201,1536.743896484375,886.6566772460938,1689.1932373046875,1123.207763671875,1612.9685668945312,1004.9322204589844,152.4493408203125,236.55108642578125
IMG_0048.mp4,1235,41.166666666666664,30.0,249,2,traffic_signs,0.8653526902198792,1390.873046875,1437.2149658203125,1428.849365234375,1491.0703125,1409.8612060546875,1464.1426391601562,37.976318359375,53.8553466796875
IMG_0048.mp4,1235,41.166666666666664,30.0,234,2,traffic_signs,0.9328902363777161,787.8194580078125,1156.4019775390625,873.3157348632812,1274.05517578125,830.5675964355469,1215.2285766601562,85.49627685546875,117.6531982421875
IMG_0048.mp4,1235,41.166666666666664,30.0,265,2,traffic_signs,0.6774564981460571,2625.177490234375,1589.205078125,2694.593994140625,1629.6357421875,2659.8857421875,1609.42041015625,69.41650390625,40.4306640625
IMG_0048.mp4,1235,41.166666666666664,30.0,292,2,traffic_signs,0.7608357071876526,2034.39453125,1538.6632080078125,2086.007568359375,1581.7757568359375,2060.2010498046875,1560.219482421875,51.613037109375,43.112548828125
IMG_0048.mp4,1235,41.166666666666664,30.0,238,2,traffic_signs,0.38280826807022095,59.69858169555664,1043.9764404296875,241.21768188476562,1200.6630859375,150.45813179016113,1122.3197631835938,181.51910018920898,156.6866455078125
IMG_0048.mp4,1236,41.2,30.0,214,2,traffic_signs,0.9529584050178528,2973.08447265625,1133.6910400390625,3201.67578125,1341.58447265625,3087.380126953125,1237.6377563476562,228.59130859375,207.8934326171875
IMG_0048.mp4,1236,41.2,30.0,289,2,traffic_signs,0.9335904717445374,1551.2159423828125,882.2394409179688,1702.6229248046875,1121.6357421875,1626.91943359375,1001.9375915527344,151.406982421875,239.39630126953125
IMG_0048.mp4,1236,41.2,30.0,249,2,traffic_signs,0.7837913632392883,1409.109375,1440.51708984375,1446.9666748046875,1493.195556640625,1428.0380249023438,1466.8563232421875,37.8572998046875,52.678466796875
IMG_0048.mp4,1236,41.2,30.0,234,2,traffic_signs,0.9229299426078796,802.7095947265625,1158.6219482421875,887.7595825195312,1275.1939697265625,845.2345886230469,1216.907958984375,85.04998779296875,116.572021484375
IMG_0048.mp4,1236,41.2,30.0,265,2,traffic_signs,0.724243700504303,2647.0751953125,1592.9066162109375,2718.796630859375,1632.7587890625,2682.9359130859375,1612.8327026367188,71.721435546875,39.8521728515625
IMG_0048.mp4,1236,41.2,30.0,292,2,traffic_signs,0.3126455843448639,2054.937255859375,1541.801513671875,2105.119384765625,1580.2701416015625,2080.0283203125,1561.0358276367188,50.18212890625,38.4686279296875
IMG_0048.mp4,1236,41.2,30.0,238,2,traffic_signs,0.7450681328773499,69.3455581665039,1045.3038330078125,251.15084838867188,1201.6044921875,160.2482032775879,1123.4541625976562,181.80529022216797,156.3006591796875
IMG_0048.mp4,1236,41.2,30.0,302,2,traffic_signs,0.33401238918304443,1172.8125,1610.92822265625,1267.5640869140625,1636.009521484375,1220.1882934570312,1623.4688720703125,94.7515869140625,25.081298828125
IMG_0048.mp4,1237,41.233333333333334,30.0,214,2,traffic_signs,0.9518268704414368,3000.973388671875,1131.127197265625,3230.60595703125,1340.052490234375,3115.7896728515625,1235.58984375,229.632568359375,208.92529296875
IMG_0048.mp4,1237,41.233333333333334,30.0,289,2,traffic_signs,0.9215067625045776,1559.345947265625,878.120361328125,1716.929931640625,1118.9815673828125,1638.137939453125,998.5509643554688,157.583984375,240.8612060546875
IMG_0048.mp4,1237,41.233333333333334,30.0,249,2,traffic_signs,0.7309368848800659,1429.2049560546875,1441.494140625,1467.7578125,1495.802490234375,1448.4813842773438,1468.6483154296875,38.5528564453125,54.308349609375
IMG_0048.mp4,1237,41.233333333333334,30.0,234,2,traffic_signs,0.8996096253395081,820.0054931640625,1160.8917236328125,904.7491455078125,1278.265625,862.3773193359375,1219.5786743164062,84.74365234375,117.3739013671875
IMG_0048.mp4,1237,41.233333333333334,30.0,265,2,traffic_signs,0.801975667476654,2671.134521484375,1595.57373046875,2742.509765625,1634.98095703125,2706.8221435546875,1615.27734375,71.375244140625,39.4072265625
IMG_0048.mp4,1237,41.233333333333334,30.0,238,2,traffic_signs,0.37415874004364014,85.2049560546875,1045.1143798828125,270.4617004394531,1203.45068359375,177.8333282470703,1124.2825317382812,185.25674438476562,158.3363037109375
IMG_0048.mp4,1238,41.266666666666666,30.0,214,2,traffic_signs,0.9481785893440247,3027.493896484375,1127.331298828125,3259.693359375,1339.2618408203125,3143.5936279296875,1233.2965698242188,232.199462890625,211.9305419921875
IMG_0048.mp4,1238,41.266666666666666,30.0,289,2,traffic_signs,0.9231606125831604,1570.5728759765625,875.8910522460938,1730.8046875,1115.4898681640625,1650.6887817382812,995.6904602050781,160.2318115234375,239.59881591796875
IMG_0048.mp4,1238,41.266666666666666,30.0,249,2,traffic_signs,0.864314615726471,1447.002197265625,1443.634033203125,1486.58154296875,1498.0743408203125,1466.7918701171875,1470.8541870117188,39.579345703125,54.4403076171875
IMG_0048.mp4,1238,41.266666666666666,30.0,234,2,traffic_signs,0.48301753401756287,836.4063110351562,1160.225341796875,921.1517944335938,1279.05078125,878.779052734375,1219.6380615234375,84.7454833984375,118.825439453125
IMG_0048.mp4,1238,41.266666666666666,30.0,265,2,traffic_signs,0.7798637747764587,2693.531982421875,1597.58349609375,2764.01513671875,1638.1146240234375,2728.7735595703125,1617.8490600585938,70.483154296875,40.5311279296875
IMG_0048.mp4,1238,41.266666666666666,30.0,238,2,traffic_signs,0.6465522050857544,96.84394836425781,1047.4942626953125,278.79034423828125,1204.677001953125,187.81714630126953,1126.0856323242188,181.94639587402344,157.1827392578125
IMG_0048.mp4,1238,41.266666666666666,30.0,292,2,traffic_signs,0.4808438718318939,2093.339111328125,1547.4735107421875,2147.5185546875,1590.2618408203125,2120.4288330078125,1568.86767578125,54.179443359375,42.788330078125
IMG_0048.mp4,1238,41.266666666666666,30.0,302,2,traffic_signs,0.40284284949302673,1214.57861328125,1616.263671875,1306.2318115234375,1640.1297607421875,1260.4052124023438,1628.1967163085938,91.6531982421875,23.8660888671875
IMG_0048.mp4,1239,41.3,30.0,214,2,traffic_signs,0.9400528073310852,3058.755126953125,1124.296875,3294.314453125,1338.6995849609375,3176.5347900390625,1231.4982299804688,235.559326171875,214.4027099609375
IMG_0048.mp4,1239,41.3,30.0,289,2,traffic_signs,0.9197351336479187,1582.679443359375,872.421875,1745.8082275390625,1112.7349853515625,1664.2438354492188,992.5784301757812,163.1287841796875,240.3131103515625
IMG_0048.mp4,1239,41.3,30.0,249,2,traffic_signs,0.36521145701408386,1468.255615234375,1446.1536865234375,1508.283447265625,1500.37060546875,1488.26953125,1473.2621459960938,40.02783203125,54.2169189453125
IMG_0048.mp4,1239,41.3,30.0,234,2,traffic_signs,0.9080776572227478,852.7759399414062,1160.274658203125,938.166748046875,1279.7763671875,895.4713439941406,1220.0255126953125,85.39080810546875,119.501708984375
IMG_0048.mp4,1239,41.3,30.0,265,2,traffic_signs,0.4013606607913971,2719.52490234375,1604.083984375,2791.021240234375,1642.490478515625,2755.2730712890625,1623.2872314453125,71.496337890625,38.406494140625
IMG_0048.mp4,1239,41.3,30.0,238,2,traffic_signs,0.7238713502883911,109.70841217041016,1048.35888671875,293.002197265625,1205.3424072265625,201.35530471801758,1126.8506469726562,183.29378509521484,156.9835205078125
IMG_0048.mp4,1239,41.3,30.0,292,2,traffic_signs,0.3817482590675354,2115.176025390625,1550.6934814453125,2169.021240234375,1594.4920654296875,2142.0986328125,1572.5927734375,53.84521484375,43.798583984375
IMG_0048.mp4,1239,41.3,30.0,302,2,traffic_signs,0.5872796177864075,1234.81689453125,1619.619140625,1327.4892578125,1642.7835693359375,1281.153076171875,1631.2013549804688,92.67236328125,23.1644287109375
IMG_0048.mp4,1240,41.333333333333336,30.0,214,2,traffic_signs,0.9283056259155273,3085.333740234375,1121.7099609375,3323.446044921875,1337.164794921875,3204.389892578125,1229.4373779296875,238.1123046875,215.454833984375
IMG_0048.mp4,1240,41.333333333333336,30.0,289,2,traffic_signs,0.9017000198364258,1597.4144287109375,868.4136352539062,1761.2376708984375,1109.9693603515625,1679.3260498046875,989.1914978027344,163.8232421875,241.55572509765625
IMG_0048.mp4,1240,41.333333333333336,30.0,249,2,traffic_signs,0.7076089382171631,1491.2991943359375,1448.3084716796875,1530.18310546875,1501.900146484375,1510.7411499023438,1475.1043090820312,38.8839111328125,53.5916748046875
IMG_0048.mp4,1240,41.333333333333336,30.0,234,2,traffic_signs,0.9358710646629333,871.9404907226562,1163.1053466796875,958.3311157226562,1282.041748046875,915.1358032226562,1222.5735473632812,86.390625,118.9364013671875
IMG_0048.mp4,1240,41.333333333333336,30.0,265,2,traffic_signs,0.5098930597305298,2742.979248046875,1607.7099609375,2814.63232421875,1644.8316650390625,2778.8057861328125,1626.2708129882812,71.653076171875,37.1217041015625
IMG_0048.mp4,1240,41.333333333333336,30.0,238,2,traffic_signs,0.785085141658783,128.8779754638672,1047.8447265625,314.07806396484375,1208.2578125,221.47801971435547,1128.05126953125,185.20008850097656,160.4130859375
IMG_0048.mp4,1241,41.36666666666667,30.0,214,2,traffic_signs,0.9378753900527954,3115.481689453125,1117.7001953125,3356.29736328125,1336.2794189453125,3235.8895263671875,1226.9898071289062,240.815673828125,218.5792236328125
IMG_0048.mp4,1241,41.36666666666667,30.0,289,2,traffic_signs,0.9324973225593567,1613.2783203125,863.7955932617188,1779.083251953125,1108.9395751953125,1696.1807861328125,986.3675842285156,165.804931640625,245.14398193359375
IMG_0048.mp4,1241,41.36666666666667,30.0,249,2,traffic_signs,0.7884047031402588,1512.4449462890625,1450.6458740234375,1551.72607421875,1505.304443359375,1532.0855102539062,1477.9751586914062,39.2811279296875,54.6585693359375
IMG_0048.mp4,1241,41.36666666666667,30.0,234,2,traffic_signs,0.9392810463905334,890.4744262695312,1164.314453125,978.7701416015625,1282.1763916015625,934.6222839355469,1223.2454223632812,88.29571533203125,117.8619384765625
IMG_0048.mp4,1241,41.36666666666667,30.0,265,2,traffic_signs,0.7629139423370361,2769.091796875,1609.0933837890625,2839.4453125,1646.8387451171875,2804.2685546875,1627.966064453125,70.353515625,37.745361328125
IMG_0048.mp4,1241,41.36666666666667,30.0,238,2,traffic_signs,0.8234151005744934,144.3250732421875,1046.7706298828125,326.2525634765625,1209.3223876953125,235.288818359375,1128.0465087890625,181.927490234375,162.5517578125
IMG_0048.mp4,1241,41.36666666666667,30.0,310,2,traffic_signs,0.49468645453453064,177.785400390625,890.73193359375,352.8203125,1045.485107421875,265.3028564453125,968.1085205078125,175.034912109375,154.753173828125
IMG_0048.mp4,1242,41.4,30.0,214,2,traffic_signs,0.9289537072181702,3146.789306640625,1115.2373046875,3390.482666015625,1336.243408203125,3268.635986328125,1225.7403564453125,243.693359375,221.006103515625
IMG_0048.mp4,1242,41.4,30.0,289,2,traffic_signs,0.9249271154403687,1629.2432861328125,860.1513671875,1796.8028564453125,1107.00732421875,1713.0230712890625,983.579345703125,167.5595703125,246.85595703125
IMG_0048.mp4,1242,41.4,30.0,249,2,traffic_signs,0.7471877932548523,1535.7974853515625,1453.985107421875,1574.7557373046875,1509.3857421875,1555.276611328125,1481.6854248046875,38.958251953125,55.400634765625
IMG_0048.mp4,1242,41.4,30.0,234,2,traffic_signs,0.9288557767868042,910.4349975585938,1165.6927490234375,998.1054077148438,1283.92431640625,954.2702026367188,1224.8085327148438,87.67041015625,118.2315673828125
IMG_0048.mp4,1242,41.4,30.0,265,2,traffic_signs,0.6870729327201843,2796.88818359375,1610.992431640625,2865.233642578125,1649.30224609375,2831.0609130859375,1630.1473388671875,68.345458984375,38.309814453125
IMG_0048.mp4,1242,41.4,30.0,238,2,traffic_signs,0.8328768014907837,161.32369995117188,1046.8226318359375,344.2938537597656,1211.7882080078125,252.80877685546875,1129.305419921875,182.97015380859375,164.965576171875
IMG_0048.mp4,1242,41.4,30.0,310,2,traffic_signs,0.7081894874572754,199.3797607421875,892.0432739257812,369.2955627441406,1043.42236328125,284.33766174316406,967.7328186035156,169.91580200195312,151.37908935546875
IMG_0048.mp4,1243,41.43333333333333,30.0,214,2,traffic_signs,0.9589214324951172,3176.839599609375,1112.8804931640625,3423.612548828125,1337.7064208984375,3300.22607421875,1225.29345703125,246.77294921875,224.825927734375
IMG_0048.mp4,1243,41.43333333333333,30.0,289,2,traffic_signs,0.8907339572906494,1646.4361572265625,858.1473388671875,1814.399169921875,1106.0306396484375,1730.4176635742188,982.0889892578125,167.9630126953125,247.88330078125
IMG_0048.mp4,1243,41.43333333333333,30.0,249,2,traffic_signs,0.7865762114524841,1560.8006591796875,1457.890625,1597.340087890625,1514.0738525390625,1579.0703735351562,1485.9822387695312,36.5394287109375,56.1832275390625
IMG_0048.mp4,1243,41.43333333333333,30.0,234,2,traffic_signs,0.9332593083381653,931.8980712890625,1169.346435546875,1020.6443481445312,1288.091552734375,976.2712097167969,1228.718994140625,88.74627685546875,118.7451171875
IMG_0048.mp4,1243,41.43333333333333,30.0,265,2,traffic_signs,0.706334114074707,2824.256591796875,1610.9879150390625,2892.99267578125,1653.2352294921875,2858.6246337890625,1632.111572265625,68.736083984375,42.247314453125
IMG_0048.mp4,1243,41.43333333333333,30.0,238,2,traffic_signs,0.8761869668960571,181.9020233154297,1048.0958251953125,360.4096374511719,1217.4725341796875,271.1558303833008,1132.7841796875,178.5076141357422,169.376708984375
IMG_0048.mp4,1243,41.43333333333333,30.0,310,2,traffic_signs,0.6805652379989624,223.20555114746094,893.4857177734375,388.4458312988281,1045.955322265625,305.82569122314453,969.7205200195312,165.2402801513672,152.4696044921875
IMG_0048.mp4,1244,41.46666666666667,30.0,214,2,traffic_signs,0.9193989634513855,3210.455810546875,1108.60400390625,3458.943603515625,1336.8212890625,3334.69970703125,1222.712646484375,248.48779296875,228.21728515625
IMG_0048.mp4,1244,41.46666666666667,30.0,289,2,traffic_signs,0.9399969577789307,1664.3837890625,855.5647583007812,1833.6829833984375,1104.1202392578125,1749.0333862304688,979.8424987792969,169.2991943359375,248.55548095703125
IMG_0048.mp4,1244,41.46666666666667,30.0,249,2,traffic_signs,0.7401455640792847,1583.8629150390625,1459.7083740234375,1620.517578125,1515.676513671875,1602.1902465820312,1487.6924438476562,36.6546630859375,55.9681396484375
IMG_0048.mp4,1244,41.46666666666667,30.0,234,2,traffic_signs,0.9277912378311157,953.5449829101562,1169.9796142578125,1042.81689453125,1290.48583984375,998.1809387207031,1230.2327270507812,89.27191162109375,120.5062255859375
IMG_0048.mp4,1244,41.46666666666667,30.0,265,2,traffic_signs,0.7377357482910156,2851.355224609375,1612.6650390625,2920.80322265625,1654.6455078125,2886.0792236328125,1633.6552734375,69.447998046875,41.98046875
IMG_0048.mp4,1244,41.46666666666667,30.0,238,2,traffic_signs,0.8673036098480225,201.5583038330078,1047.35302734375,380.7167053222656,1218.6646728515625,291.1375045776367,1133.0088500976562,179.1584014892578,171.3116455078125
IMG_0048.mp4,1244,41.46666666666667,30.0,310,2,traffic_signs,0.8241196870803833,243.34640502929688,894.7890014648438,408.0272216796875,1044.6513671875,325.6868133544922,969.7201843261719,164.68081665039062,149.86236572265625
IMG_0048.mp4,1245,41.5,30.0,214,2,traffic_signs,0.9425063133239746,3244.265625,1105.7694091796875,3496.45263671875,1336.2615966796875,3370.359130859375,1221.0155029296875,252.18701171875,230.4921875
IMG_0048.mp4,1245,41.5,30.0,289,2,traffic_signs,0.9380255937576294,1682.2552490234375,854.746337890625,1854.075439453125,1102.9212646484375,1768.1653442382812,978.8338012695312,171.8201904296875,248.1749267578125
IMG_0048.mp4,1245,41.5,30.0,249,2,traffic_signs,0.668650209903717,1609.50341796875,1462.07666015625,1648.089111328125,1517.99755859375,1628.7962646484375,1490.037109375,38.585693359375,55.9208984375
IMG_0048.mp4,1245,41.5,30.0,234,2,traffic_signs,0.9226429462432861,976.3780517578125,1172.682861328125,1065.78857421875,1292.2269287109375,1021.0833129882812,1232.4548950195312,89.4105224609375,119.5440673828125
IMG_0048.mp4,1245,41.5,30.0,265,2,traffic_signs,0.8821926116943359,2880.6025390625,1617.51318359375,2950.564453125,1657.4891357421875,2915.58349609375,1637.5011596679688,69.9619140625,39.9759521484375
IMG_0048.mp4,1245,41.5,30.0,238,2,traffic_signs,0.8893851041793823,222.5005645751953,1049.0579833984375,403.8282775878906,1220.5975341796875,313.16442108154297,1134.8277587890625,181.3277130126953,171.53955078125
IMG_0048.mp4,1245,41.5,30.0,310,2,traffic_signs,0.8101176619529724,258.80145263671875,896.7620849609375,431.1025695800781,1047.966796875,344.95201110839844,972.3644409179688,172.30111694335938,151.2047119140625
IMG_0048.mp4,1246,41.53333333333333,30.0,214,2,traffic_signs,0.9547395706176758,3279.34033203125,1103.0611572265625,3533.30615234375,1333.8787841796875,3406.3232421875,1218.469970703125,253.9658203125,230.817626953125
IMG_0048.mp4,1246,41.53333333333333,30.0,289,2,traffic_signs,0.9574175477027893,1700.60205078125,851.49755859375,1874.67236328125,1102.039794921875,1787.63720703125,976.7686767578125,174.0703125,250.542236328125
IMG_0048.mp4,1246,41.53333333333333,30.0,249,2,traffic_signs,0.337039977312088,1634.68798828125,1463.4686279296875,1677.4813232421875,1521.4853515625,1656.0846557617188,1492.4769897460938,42.7933349609375,58.0167236328125
IMG_0048.mp4,1246,41.53333333333333,30.0,234,2,traffic_signs,0.9218164682388306,999.851806640625,1175.142822265625,1088.341552734375,1294.059814453125,1044.0966796875,1234.601318359375,88.48974609375,118.9169921875
IMG_0048.mp4,1246,41.53333333333333,30.0,265,2,traffic_signs,0.8983767032623291,2911.942626953125,1621.8760986328125,2981.723388671875,1660.8482666015625,2946.8330078125,1641.3621826171875,69.78076171875,38.97216796875
IMG_0048.mp4,1246,41.53333333333333,30.0,238,2,traffic_signs,0.8662667870521545,243.58367919921875,1051.3055419921875,419.52899169921875,1222.5184326171875,331.55633544921875,1136.9119873046875,175.9453125,171.212890625
IMG_0048.mp4,1246,41.53333333333333,30.0,310,2,traffic_signs,0.8649210333824158,284.1473693847656,897.9205322265625,449.0585021972656,1052.970947265625,366.6029357910156,975.4457397460938,164.9111328125,155.0504150390625
IMG_0048.mp4,1246,41.53333333333333,30.0,292,2,traffic_signs,0.3288141191005707,2292.84326171875,1570.00146484375,2344.85888671875,1611.4140625,2318.85107421875,1590.707763671875,52.015625,41.41259765625
IMG_0048.mp4,1247,41.56666666666667,30.0,214,2,traffic_signs,0.9588639736175537,3315.159423828125,1100.0863037109375,3571.13525390625,1331.239990234375,3443.1473388671875,1215.6631469726562,255.975830078125,231.1536865234375
IMG_0048.mp4,1247,41.56666666666667,30.0,289,2,traffic_signs,0.9460791945457458,1720.1309814453125,847.7432861328125,1896.5462646484375,1101.14013671875,1808.338623046875,974.4417114257812,176.415283203125,253.3968505859375
IMG_0048.mp4,1247,41.56666666666667,30.0,249,2,traffic_signs,0.709130048751831,1660.3603515625,1465.8450927734375,1702.20703125,1523.066650390625,1681.28369140625,1494.4558715820312,41.8466796875,57.2215576171875
IMG_0048.mp4,1247,41.56666666666667,30.0,234,2,traffic_signs,0.915275514125824,1023.1912841796875,1176.72900390625,1114.5712890625,1295.3172607421875,1068.8812866210938,1236.0231323242188,91.3800048828125,118.5882568359375
IMG_0048.mp4,1247,41.56666666666667,30.0,265,2,traffic_signs,0.8884639143943787,2944.020263671875,1624.0167236328125,3013.302734375,1663.2872314453125,2978.6614990234375,1643.6519775390625,69.282470703125,39.2705078125
IMG_0048.mp4,1247,41.56666666666667,30.0,238,2,traffic_signs,0.8559664487838745,263.1998596191406,1053.8065185546875,455.21856689453125,1224.3843994140625,359.20921325683594,1139.095458984375,192.01870727539062,170.577880859375
IMG_0048.mp4,1247,41.56666666666667,30.0,310,2,traffic_signs,0.6737411022186279,297.33782958984375,897.7319946289062,474.6645812988281,1059.25146484375,386.00120544433594,978.4917297363281,177.32675170898438,161.51947021484375
IMG_0048.mp4,1248,41.6,30.0,214,2,traffic_signs,0.9561864137649536,3356.481689453125,1099.953857421875,3618.04638671875,1333.7421875,3487.2640380859375,1216.8480224609375,261.564697265625,233.788330078125
IMG_0048.mp4,1248,41.6,30.0,289,2,traffic_signs,0.9419330358505249,1743.2640380859375,849.9566650390625,1919.7620849609375,1101.480712890625,1831.5130615234375,975.7186889648438,176.498046875,251.5240478515625
IMG_0048.mp4,1248,41.6,30.0,249,2,traffic_signs,0.5845873355865479,1689.1357421875,1469.846923828125,1729.4010009765625,1527.88623046875,1709.2683715820312,1498.8665771484375,40.2652587890625,58.039306640625
IMG_0048.mp4,1248,41.6,30.0,234,2,traffic_signs,0.9144513607025146,1050.4654541015625,1180.2691650390625,1139.86572265625,1299.2587890625,1095.1655883789062,1239.7639770507812,89.4002685546875,118.9896240234375
IMG_0048.mp4,1248,41.6,30.0,265,2,traffic_signs,0.8855373859405518,2979.6728515625,1627.09228515625,3046.787109375,1668.793701171875,3013.22998046875,1647.9429931640625,67.1142578125,41.701416015625
IMG_0048.mp4,1248,41.6,30.0,238,2,traffic_signs,0.8990228772163391,288.3985290527344,1057.918212890625,468.526611328125,1228.2076416015625,378.4625701904297,1143.0629272460938,180.12808227539062,170.2894287109375
IMG_0048.mp4,1248,41.6,30.0,310,2,traffic_signs,0.900091290473938,330.357666015625,902.5062255859375,495.0566101074219,1062.523681640625,412.70713806152344,982.5149536132812,164.69894409179688,160.0174560546875
IMG_0048.mp4,1248,41.6,30.0,292,2,traffic_signs,0.4081416130065918,2348.96533203125,1574.73193359375,2407.525146484375,1620.4322509765625,2378.2452392578125,1597.5820922851562,58.559814453125,45.7003173828125
IMG_0048.mp4,1249,41.63333333333333,30.0,214,2,traffic_signs,0.9570223093032837,3394.440673828125,1095.805908203125,3663.741943359375,1331.8682861328125,3529.09130859375,1213.8370971679688,269.30126953125,236.0623779296875
IMG_0048.mp4,1249,41.63333333333333,30.0,289,2,traffic_signs,0.9449530243873596,1764.80810546875,848.1036376953125,1943.59130859375,1099.8963623046875,1854.19970703125,974.0,178.783203125,251.792724609375
IMG_0048.mp4,1249,41.63333333333333,30.0,234,2,traffic_signs,0.8866026401519775,1075.4222412109375,1181.5621337890625,1166.9957275390625,1300.6556396484375,1121.208984375,1241.10888671875,91.573486328125,119.093505859375
IMG_0048.mp4,1249,41.63333333333333,30.0,265,2,traffic_signs,0.8910205960273743,3009.5107421875,1631.8856201171875,3080.77294921875,1671.4984130859375,3045.141845703125,1651.6920166015625,71.26220703125,39.61279296875
IMG_0048.mp4,1249,41.63333333333333,30.0,238,2,traffic_signs,0.9070498943328857,309.7218322753906,1061.4974365234375,493.529052734375,1229.697021484375,401.6254425048828,1145.5972290039062,183.80722045898438,168.1995849609375
IMG_0048.mp4,1249,41.63333333333333,30.0,310,2,traffic_signs,0.9282332062721252,349.0685119628906,903.499755859375,520.8765869140625,1061.111572265625,434.97254943847656,982.3056640625,171.80807495117188,157.61181640625
IMG_0048.mp4,1250,41.666666666666664,30.0,214,2,traffic_signs,0.9567658305168152,3435.68603515625,1091.849609375,3713.471923828125,1329.46337890625,3574.5789794921875,1210.656494140625,277.785888671875,237.61376953125
IMG_0048.mp4,1250,41.666666666666664,30.0,289,2,traffic_signs,0.948025107383728,1789.29345703125,845.4207153320312,1970.0958251953125,1097.36279296875,1879.6946411132812,971.3917541503906,180.8023681640625,251.94207763671875
IMG_0048.mp4,1250,41.666666666666664,30.0,234,2,traffic_signs,0.8992470502853394,1102.9808349609375,1183.1121826171875,1195.9814453125,1302.260009765625,1149.4811401367188,1242.6860961914062,93.0006103515625,119.1478271484375
IMG_0048.mp4,1250,41.666666666666664,30.0,265,2,traffic_signs,0.9074137210845947,3044.55224609375,1630.19140625,3120.826904296875,1674.171630859375,3082.6895751953125,1652.1815185546875,76.274658203125,43.980224609375
IMG_0048.mp4,1250,41.666666666666664,30.0,238,2,traffic_signs,0.8910170197486877,336.157958984375,1062.0477294921875,516.1210327148438,1230.9324951171875,426.1394958496094,1146.4901123046875,179.96307373046875,168.884765625
IMG_0048.mp4,1250,41.666666666666664,30.0,310,2,traffic_signs,0.9115462303161621,377.644775390625,905.2222900390625,546.9566650390625,1061.2430419921875,462.30072021484375,983.232666015625,169.3118896484375,156.020751953125
IMG_0048.mp4,1251,41.7,30.0,214,2,traffic_signs,0.9630962610244751,3476.470458984375,1087.919677734375,3760.44873046875,1327.5096435546875,3618.4595947265625,1207.7146606445312,283.978271484375,239.5899658203125
IMG_0048.mp4,1251,41.7,30.0,289,2,traffic_signs,0.9523067474365234,1813.056884765625,841.2568969726562,1994.837646484375,1095.1591796875,1903.947265625,968.2080383300781,181.78076171875,253.90228271484375
IMG_0048.mp4,1251,41.7,30.0,234,2,traffic_signs,0.7847903966903687,1129.4525146484375,1182.8785400390625,1222.4722900390625,1303.87939453125,1175.96240234375,1243.3789672851562,93.019775390625,121.0008544921875
IMG_0048.mp4,1251,41.7,30.0,265,2,traffic_signs,0.8895623087882996,3078.6044921875,1631.1138916015625,3154.38916015625,1675.1334228515625,3116.496826171875,1653.1236572265625,75.78466796875,44.01953125
IMG_0048.mp4,1251,41.7,30.0,238,2,traffic_signs,0.8831437230110168,360.1552429199219,1065.1407470703125,542.4893798828125,1231.55810546875,451.3223114013672,1148.3494262695312,182.33413696289062,166.4173583984375
IMG_0048.mp4,1251,41.7,30.0,310,2,traffic_signs,0.9227465987205505,403.3050842285156,906.8474731445312,570.3258666992188,1062.9862060546875,486.8154754638672,984.9168395996094,167.02078247070312,156.13873291015625
IMG_0048.mp4,1251,41.7,30.0,292,2,traffic_signs,0.4736175537109375,2442.797119140625,1583.7940673828125,2498.466064453125,1628.796142578125,2470.631591796875,1606.2951049804688,55.6689453125,45.0020751953125
IMG_0048.mp4,1252,41.733333333333334,30.0,214,2,traffic_signs,0.959470808506012,3526.14599609375,1084.5028076171875,3818.138427734375,1328.4083251953125,3672.1422119140625,1206.45556640625,291.992431640625,243.905517578125
IMG_0048.mp4,1252,41.733333333333334,30.0,289,2,traffic_signs,0.9579989910125732,1837.4500732421875,841.8414306640625,2022.458984375,1095.6275634765625,1929.9545288085938,968.7344970703125,185.0089111328125,253.7861328125
IMG_0048.mp4,1252,41.733333333333334,30.0,234,2,traffic_signs,0.9052107334136963,1157.867431640625,1186.445556640625,1249.492919921875,1306.943603515625,1203.68017578125,1246.694580078125,91.62548828125,120.498046875
IMG_0048.mp4,1252,41.733333333333334,30.0,265,2,traffic_signs,0.8910880088806152,3116.64794921875,1635.3970947265625,3196.153076171875,1682.4110107421875,3156.4005126953125,1658.904052734375,79.505126953125,47.013916015625
IMG_0048.mp4,1252,41.733333333333334,30.0,238,2,traffic_signs,0.8978075385093689,384.6803894042969,1068.4822998046875,568.4259033203125,1237.1680908203125,476.5531463623047,1152.8251953125,183.74551391601562,168.685791015625
IMG_0048.mp4,1252,41.733333333333334,30.0,310,2,traffic_signs,0.8923952579498291,428.47772216796875,909.9601440429688,596.79150390625,1065.6514892578125,512.6346130371094,987.8058166503906,168.31378173828125,155.69134521484375
IMG_0048.mp4,1253,41.766666666666666,30.0,214,2,traffic_signs,0.9714778065681458,3574.699951171875,1079.9857177734375,3840.0,1329.20556640625,3707.3499755859375,1204.5956420898438,265.300048828125,249.2198486328125
IMG_0048.mp4,1253,41.766666666666666,30.0,289,2,traffic_signs,0.9482446312904358,1864.478759765625,838.8389282226562,2050.39306640625,1095.40283203125,1957.4359130859375,967.1208801269531,185.914306640625,256.56390380859375
IMG_0048.mp4,1253,41.766666666666666,30.0,234,2,traffic_signs,0.9253283143043518,1189.07568359375,1190.6217041015625,1278.6104736328125,1311.356689453125,1233.8430786132812,1250.9891967773438,89.5347900390625,120.7349853515625
IMG_0048.mp4,1253,41.766666666666666,30.0,265,2,traffic_signs,0.8841010332107544,3155.93212890625,1637.2900390625,3234.6591796875,1687.39453125,3195.295654296875,1662.34228515625,78.72705078125,50.1044921875
IMG_0048.mp4,1253,41.766666666666666,30.0,238,2,traffic_signs,0.9118786454200745,414.98358154296875,1072.907958984375,596.4894409179688,1240.6873779296875,505.73651123046875,1156.7976684570312,181.505859375,167.7794189453125
IMG_0048.mp4,1253,41.766666666666666,30.0,310,2,traffic_signs,0.9121233820915222,455.5597229003906,913.3024291992188,625.01123046875,1068.9107666015625,540.2854766845703,991.1065979003906,169.45150756835938,155.60833740234375
IMG_0048.mp4,1254,41.8,30.0,214,2,traffic_signs,0.9470281600952148,3624.94775390625,1073.447265625,3840.0,1326.5667724609375,3732.473876953125,1200.0070190429688,215.05224609375,253.1195068359375
IMG_0048.mp4,1254,41.8,30.0,289,2,traffic_signs,0.9468663334846497,1891.0084228515625,834.1102294921875,2079.854248046875,1091.7589111328125,1985.4313354492188,962.9345703125,188.8458251953125,257.648681640625
IMG_0048.mp4,1254,41.8,30.0,234,2,traffic_signs,0.9310982823371887,1216.44140625,1192.8873291015625,1308.08935546875,1313.102294921875,1262.265380859375,1252.9948120117188,91.64794921875,120.2149658203125
IMG_0048.mp4,1254,41.8,30.0,265,2,traffic_signs,0.8005225658416748,3193.953857421875,1641.9168701171875,3277.459716796875,1690.0484619140625,3235.706787109375,1665.982666015625,83.505859375,48.131591796875
IMG_0048.mp4,1254,41.8,30.0,238,2,traffic_signs,0.8980875015258789,442.5394287109375,1074.149169921875,627.06689453125,1241.42236328125,534.8031616210938,1157.7857666015625,184.5274658203125,167.273193359375
IMG_0048.mp4,1254,41.8,30.0,310,2,traffic_signs,0.8699589371681213,484.428955078125,915.0701904296875,654.8336791992188,1071.7369384765625,569.6313171386719,993.403564453125,170.40472412109375,156.666748046875
IMG_0048.mp4,1254,41.8,30.0,292,2,traffic_signs,0.27110016345977783,2540.52490234375,1596.641845703125,2603.69189453125,1641.9979248046875,2572.1083984375,1619.3198852539062,63.1669921875,45.3560791015625
IMG_0048.mp4,1255,41.833333333333336,30.0,214,2,traffic_signs,0.9103022217750549,3681.122314453125,1067.3873291015625,3840.0,1326.20166015625,3760.5611572265625,1196.7944946289062,158.877685546875,258.8143310546875
IMG_0048.mp4,1255,41.833333333333336,30.0,289,2,traffic_signs,0.9459797739982605,1920.908447265625,831.688232421875,2112.374755859375,1088.608642578125,2016.6416015625,960.1484375,191.46630859375,256.92041015625
IMG_0048.mp4,1255,41.833333333333336,30.0,234,2,traffic_signs,0.9253118634223938,1248.1219482421875,1194.7216796875,1339.9248046875,1315.29052734375,1294.0233764648438,1255.006103515625,91.8028564453125,120.56884765625
IMG_0048.mp4,1255,41.833333333333336,30.0,265,2,traffic_signs,0.726641058921814,3236.33349609375,1646.7088623046875,3321.203125,1694.485595703125,3278.768310546875,1670.5972290039062,84.86962890625,47.7767333984375
IMG_0048.mp4,1255,41.833333333333336,30.0,238,2,traffic_signs,0.918492317199707,471.5404052734375,1077.4168701171875,655.15087890625,1243.804443359375,563.3456420898438,1160.6106567382812,183.6104736328125,166.3875732421875
IMG_0048.mp4,1255,41.833333333333336,30.0,310,2,traffic_signs,0.9202109575271606,512.9717407226562,917.6360473632812,684.2597045898438,1074.7747802734375,598.61572265625,996.2054138183594,171.2879638671875,157.13873291015625
IMG_0048.mp4,1255,41.833333333333336,30.0,292,2,traffic_signs,0.43612128496170044,2576.5546875,1598.6458740234375,2639.8232421875,1645.5299072265625,2608.18896484375,1622.087890625,63.2685546875,46.884033203125
IMG_0048.mp4,1256,41.86666666666667,30.0,214,2,traffic_signs,0.9201849102973938,3731.08447265625,1071.3612060546875,3840.0,1319.665283203125,3785.542236328125,1195.5132446289062,108.91552734375,248.3040771484375
IMG_0048.mp4,1256,41.86666666666667,30.0,289,2,traffic_signs,0.9489237070083618,1945.784912109375,831.8853149414062,2141.45361328125,1087.6591796875,2043.6192626953125,959.7722473144531,195.668701171875,255.77386474609375
IMG_0048.mp4,1256,41.86666666666667,30.0,234,2,traffic_signs,0.9227450489997864,1277.092529296875,1197.454833984375,1366.86767578125,1319.2823486328125,1321.9801025390625,1258.3685913085938,89.775146484375,121.8275146484375
IMG_0048.mp4,1256,41.86666666666667,30.0,265,2,traffic_signs,0.5669265389442444,3278.686279296875,1652.912109375,3361.9296875,1700.2109375,3320.3079833984375,1676.5615234375,83.243408203125,47.298828125
IMG_0048.mp4,1256,41.86666666666667,30.0,238,2,traffic_signs,0.9019877910614014,498.7718200683594,1079.053466796875,681.1369018554688,1248.8731689453125,589.9543609619141,1163.9633178710938,182.36508178710938,169.8197021484375
IMG_0048.mp4,1256,41.86666666666667,30.0,310,2,traffic_signs,0.9059454202651978,539.9707641601562,918.6898193359375,711.4881591796875,1078.109130859375,625.7294616699219,998.3994750976562,171.51739501953125,159.4193115234375
IMG_0048.mp4,1257,41.9,30.0,289,2,traffic_signs,0.948814332485199,1972.9176025390625,823.672607421875,2173.746337890625,1085.4554443359375,2073.3319702148438,954.5640258789062,200.8287353515625,261.7828369140625
IMG_0048.mp4,1257,41.9,30.0,234,2,traffic_signs,0.9203127026557922,1307.25,1199.8165283203125,1397.790771484375,1321.7840576171875,1352.5203857421875,1260.80029296875,90.540771484375,121.967529296875
IMG_0048.mp4,1257,41.9,30.0,265,2,traffic_signs,0.5938917398452759,3322.582275390625,1656.559814453125,3406.798828125,1703.199462890625,3364.6905517578125,1679.879638671875,84.216552734375,46.6396484375
IMG_0048.mp4,1257,41.9,30.0,238,2,traffic_signs,0.8857779502868652,526.308349609375,1080.053955078125,711.1339721679688,1250.7337646484375,618.7211608886719,1165.3938598632812,184.82562255859375,170.6798095703125
IMG_0048.mp4,1257,41.9,30.0,310,2,traffic_signs,0.9121078848838806,567.9247436523438,920.2901000976562,741.6414794921875,1081.302490234375,654.7831115722656,1000.7962951660156,173.71673583984375,161.01239013671875
IMG_0048.mp4,1257,41.9,30.0,292,2,traffic_signs,0.4031720757484436,2649.877685546875,1606.4954833984375,2712.78759765625,1655.0501708984375,2681.3326416015625,1630.7728271484375,62.909912109375,48.5546875
IMG_0048.mp4,1258,41.93333333333333,30.0,289,2,traffic_signs,0.9359279274940491,2003.382080078125,810.5156860351562,2205.713134765625,1083.2734375,2104.547607421875,946.8945617675781,202.3310546875,272.75775146484375
IMG_0048.mp4,1258,41.93333333333333,30.0,234,2,traffic_signs,0.8861026763916016,1339.126953125,1202.611328125,1428.8616943359375,1325.052978515625,1383.9943237304688,1263.8321533203125,89.7347412109375,122.441650390625
IMG_0048.mp4,1258,41.93333333333333,30.0,238,2,traffic_signs,0.8949863910675049,556.7800903320312,1083.897705078125,740.0369262695312,1254.303955078125,648.4085083007812,1169.100830078125,183.2568359375,170.40625
IMG_0048.mp4,1258,41.93333333333333,30.0,310,2,traffic_signs,0.5767407417297363,598.03759765625,923.7161254882812,771.5695190429688,1084.16259765625,684.8035583496094,1003.9393615722656,173.53192138671875,160.44647216796875
IMG_0048.mp4,1259,41.96666666666667,30.0,289,2,traffic_signs,0.9411731958389282,2033.2415771484375,798.194580078125,2238.12548828125,1080.66064453125,2135.6835327148438,939.4276123046875,204.8839111328125,282.466064453125
IMG_0048.mp4,1259,41.96666666666667,30.0,234,2,traffic_signs,0.8269960284233093,1369.4659423828125,1204.0582275390625,1459.2410888671875,1328.0057373046875,1414.353515625,1266.031982421875,89.775146484375,123.947509765625
IMG_0048.mp4,1259,41.96666666666667,30.0,238,2,traffic_signs,0.8972449898719788,585.4365844726562,1086.373046875,771.04638671875,1255.780517578125,678.2414855957031,1171.0767822265625,185.60980224609375,169.407470703125
IMG_0048.mp4,1259,41.96666666666667,30.0,310,2,traffic_signs,0.9100654125213623,627.3341674804688,925.031005859375,800.3792724609375,1086.4730224609375,713.8567199707031,1005.7520141601562,173.04510498046875,161.4420166015625
IMG_0048.mp4,1260,42.0,30.0,289,2,traffic_signs,0.7659100294113159,2066.51220703125,789.3467407226562,2274.160400390625,1078.4364013671875,2170.3363037109375,933.8915710449219,207.648193359375,289.08966064453125
IMG_0048.mp4,1260,42.0,30.0,234,2,traffic_signs,0.9215474724769592,1402.1495361328125,1206.119384765625,1493.0079345703125,1330.1158447265625,1447.5787353515625,1268.1176147460938,90.8583984375,123.9964599609375
IMG_0048.mp4,1260,42.0,30.0,238,2,traffic_signs,0.9002406597137451,616.1414184570312,1089.4652099609375,800.8045043945312,1260.7154541015625,708.4729614257812,1175.09033203125,184.6630859375,171.250244140625
IMG_0048.mp4,1260,42.0,30.0,310,2,traffic_signs,0.9303210377693176,658.5787963867188,928.0451049804688,831.6166381835938,1090.2054443359375,745.0977172851562,1009.1252746582031,173.037841796875,162.16033935546875
IMG_0048.mp4,1261,42.03333333333333,30.0,289,2,traffic_signs,0.9561362862586975,2098.8330078125,785.7337646484375,2307.01806640625,1075.9915771484375,2202.925537109375,930.8626708984375,208.18505859375,290.2578125
IMG_0048.mp4,1261,42.03333333333333,30.0,234,2,traffic_signs,0.909970760345459,1434.1312255859375,1208.1009521484375,1526.073486328125,1331.36962890625,1480.1023559570312,1269.7352905273438,91.9422607421875,123.2686767578125
IMG_0048.mp4,1261,42.03333333333333,30.0,238,2,traffic_signs,0.911987841129303,646.1044311523438,1090.8033447265625,834.2942504882812,1264.0989990234375,740.1993408203125,1177.451171875,188.1898193359375,173.295654296875
IMG_0048.mp4,1261,42.03333333333333,30.0,310,2,traffic_signs,0.8899839520454407,689.1633911132812,930.4578247070312,862.30810546875,1091.8515625,775.7357482910156,1011.1546936035156,173.14471435546875,161.39373779296875
IMG_0048.mp4,1262,42.06666666666667,30.0,289,2,traffic_signs,0.9515264630317688,2132.3662109375,781.0760498046875,2344.037841796875,1074.808837890625,2238.2020263671875,927.9424438476562,211.671630859375,293.7327880859375
IMG_0048.mp4,1262,42.06666666666667,30.0,234,2,traffic_signs,0.8179185390472412,1468.0518798828125,1212.3653564453125,1556.9981689453125,1333.543212890625,1512.5250244140625,1272.9542846679688,88.9462890625,121.1778564453125
IMG_0048.mp4,1262,42.06666666666667,30.0,238,2,traffic_signs,0.91678386926651,678.27197265625,1092.3433837890625,866.16455078125,1267.1231689453125,772.21826171875,1179.7332763671875,187.892578125,174.77978515625
IMG_0048.mp4,1262,42.06666666666667,30.0,310,2,traffic_signs,0.9166178703308105,722.5225219726562,932.923828125,893.5277709960938,1093.31884765625,808.025146484375,1013.121337890625,171.0052490234375,160.39501953125
IMG_0048.mp4,1263,42.1,30.0,289,2,traffic_signs,0.9467982649803162,2166.22021484375,773.9578857421875,2381.623046875,1071.7734375,2273.921630859375,922.8656616210938,215.40283203125,297.8155517578125
IMG_0048.mp4,1263,42.1,30.0,234,2,traffic_signs,0.9194135665893555,1500.575439453125,1214.5367431640625,1591.5179443359375,1335.6715087890625,1546.0466918945312,1275.1041259765625,90.9425048828125,121.134765625
IMG_0048.mp4,1263,42.1,30.0,238,2,traffic_signs,0.9011549353599548,709.9033813476562,1093.9598388671875,899.1663208007812,1269.9981689453125,804.5348510742188,1181.97900390625,189.262939453125,176.038330078125
IMG_0048.mp4,1263,42.1,30.0,310,2,traffic_signs,0.896234393119812,755.8981323242188,933.1046142578125,927.0247802734375,1095.56884765625,841.4614562988281,1014.3367309570312,171.12664794921875,162.4642333984375
IMG_0048.mp4,1264,42.13333333333333,30.0,289,2,traffic_signs,0.9619354605674744,2202.689697265625,767.4082641601562,2419.092041015625,1068.96630859375,2310.890869140625,918.1872863769531,216.40234375,301.55804443359375
IMG_0048.mp4,1264,42.13333333333333,30.0,234,2,traffic_signs,0.9171109795570374,1534.486572265625,1218.603515625,1628.0489501953125,1340.28466796875,1581.2677612304688,1279.444091796875,93.5623779296875,121.68115234375
IMG_0048.mp4,1264,42.13333333333333,30.0,238,2,traffic_signs,0.9260440468788147,739.4132080078125,1097.6495361328125,931.7085571289062,1273.5750732421875,835.5608825683594,1185.6123046875,192.29534912109375,175.925537109375
IMG_0048.mp4,1264,42.13333333333333,30.0,310,2,traffic_signs,0.8341508507728577,794.4926147460938,935.7474975585938,959.0069580078125,1100.05224609375,876.7497863769531,1017.8998718261719,164.51434326171875,164.30474853515625
IMG_0048.mp4,1265,42.166666666666664,30.0,289,2,traffic_signs,0.9619235396385193,2238.2412109375,760.230224609375,2459.500732421875,1064.5301513671875,2348.8709716796875,912.3801879882812,221.259521484375,304.2999267578125
IMG_0048.mp4,1265,42.166666666666664,30.0,234,2,traffic_signs,0.8667101860046387,1569.6143798828125,1219.0845947265625,1661.4569091796875,1340.492431640625,1615.53564453125,1279.7885131835938,91.842529296875,121.4078369140625
IMG_0048.mp4,1265,42.166666666666664,30.0,238,2,traffic_signs,0.9117327928543091,770.2749633789062,1097.962646484375,965.43798828125,1274.389892578125,867.8564758300781,1186.17626953125,195.16302490234375,176.42724609375
IMG_0048.mp4,1265,42.166666666666664,30.0,310,2,traffic_signs,0.8181151747703552,827.3966674804688,935.1403198242188,993.01708984375,1100.131591796875,910.2068786621094,1017.6359558105469,165.62042236328125,164.99127197265625
IMG_0048.mp4,1266,42.2,30.0,289,2,traffic_signs,0.9543602466583252,2276.490966796875,754.4749145507812,2501.936767578125,1061.9521484375,2389.2138671875,908.2135314941406,225.44580078125,307.47723388671875
IMG_0048.mp4,1266,42.2,30.0,234,2,traffic_signs,0.9023442268371582,1605.01953125,1223.3441162109375,1697.9490966796875,1344.0838623046875,1651.4843139648438,1283.7139892578125,92.9295654296875,120.73974609375
IMG_0048.mp4,1266,42.2,30.0,238,2,traffic_signs,0.92083740234375,804.4194946289062,1099.6260986328125,998.8917846679688,1278.0653076171875,901.6556396484375,1188.845703125,194.4722900390625,178.439208984375
IMG_0048.mp4,1266,42.2,30.0,310,2,traffic_signs,0.829058825969696,858.872802734375,938.7905883789062,1028.901611328125,1106.5184326171875,943.88720703125,1022.6545104980469,170.02880859375,167.72784423828125
IMG_0048.mp4,1267,42.233333333333334,30.0,289,2,traffic_signs,0.9396541118621826,2312.587890625,746.6754150390625,2542.170166015625,1060.335693359375,2427.3790283203125,903.5055541992188,229.582275390625,313.6602783203125
IMG_0048.mp4,1267,42.233333333333334,30.0,234,2,traffic_signs,0.8814735412597656,1638.3922119140625,1226.97021484375,1730.7493896484375,1347.3516845703125,1684.57080078125,1287.1609497070312,92.357177734375,120.3814697265625
IMG_0048.mp4,1267,42.233333333333334,30.0,238,2,traffic_signs,0.9276860952377319,837.6047973632812,1101.895263671875,1032.9503173828125,1282.0177001953125,935.2775573730469,1191.9564819335938,195.34552001953125,180.1224365234375
IMG_0048.mp4,1267,42.233333333333334,30.0,310,2,traffic_signs,0.2615090608596802,891.9854736328125,943.4400024414062,1060.9312744140625,1110.4044189453125,976.4583740234375,1026.9222106933594,168.94580078125,166.96441650390625
IMG_0048.mp4,1268,42.266666666666666,30.0,289,2,traffic_signs,0.9242520928382874,2351.950927734375,735.23193359375,2585.47509765625,1056.99755859375,2468.7130126953125,896.11474609375,233.524169921875,321.765625
IMG_0048.mp4,1268,42.266666666666666,30.0,234,2,traffic_signs,0.90639328956604,1674.313720703125,1228.705810546875,1765.71435546875,1347.560791015625,1720.0140380859375,1288.13330078125,91.400634765625,118.85498046875
IMG_0048.mp4,1268,42.266666666666666,30.0,238,2,traffic_signs,0.9201080203056335,871.1770629882812,1102.635498046875,1066.248046875,1282.5452880859375,968.7125549316406,1192.5903930664062,195.07098388671875,179.9097900390625
IMG_0048.mp4,1269,42.3,30.0,289,2,traffic_signs,0.9239903688430786,2392.86962890625,730.2393798828125,2628.26953125,1054.22705078125,2510.569580078125,892.2332153320312,235.39990234375,323.9876708984375
IMG_0048.mp4,1269,42.3,30.0,234,2,traffic_signs,0.8913156390190125,1709.4193115234375,1230.8665771484375,1800.4244384765625,1348.6826171875,1754.921875,1289.7745971679688,91.005126953125,117.8160400390625
IMG_0048.mp4,1269,42.3,30.0,238,2,traffic_signs,0.930450439453125,904.761962890625,1106.3265380859375,1100.04443359375,1286.9962158203125,1002.4031982421875,1196.661376953125,195.282470703125,180.669677734375
IMG_0048.mp4,1269,42.3,30.0,322,2,traffic_signs,0.5689473152160645,27.43829345703125,1141.0899658203125,187.05487060546875,1247.3958740234375,107.24658203125,1194.242919921875,159.6165771484375,106.305908203125
IMG_0048.mp4,1269,42.3,30.0,310,2,traffic_signs,0.4563228189945221,959.021728515625,946.9442138671875,1128.1904296875,1115.063720703125,1043.6060791015625,1031.0039672851562,169.168701171875,168.1195068359375
IMG_0048.mp4,1270,42.333333333333336,30.0,289,2,traffic_signs,0.9278775453567505,2432.523681640625,726.4310913085938,2673.207275390625,1050.3785400390625,2552.865478515625,888.4048156738281,240.68359375,323.94744873046875
IMG_0048.mp4,1270,42.333333333333336,30.0,234,2,traffic_signs,0.8030257225036621,1745.264892578125,1231.9869384765625,1834.5648193359375,1353.28857421875,1789.9148559570312,1292.6377563476562,89.2999267578125,121.3016357421875
IMG_0048.mp4,1270,42.333333333333336,30.0,238,2,traffic_signs,0.9346259236335754,937.8718872070312,1111.1761474609375,1133.608642578125,1289.99658203125,1035.7402648925781,1200.5863647460938,195.73675537109375,178.8204345703125
IMG_0048.mp4,1271,42.36666666666667,30.0,289,2,traffic_signs,0.8611724972724915,2472.527587890625,717.6995239257812,2714.503662109375,1044.6279296875,2593.515625,881.1637268066406,241.97607421875,326.92840576171875
IMG_0048.mp4,1271,42.36666666666667,30.0,234,2,traffic_signs,0.5077827572822571,1779.18798828125,1233.12109375,1868.692626953125,1354.38037109375,1823.9403076171875,1293.750732421875,89.504638671875,121.25927734375
IMG_0048.mp4,1271,42.36666666666667,30.0,238,2,traffic_signs,0.7355362772941589,970.9783935546875,1111.3902587890625,1167.662353515625,1291.1964111328125,1069.3203735351562,1201.2933349609375,196.6839599609375,179.80615234375
IMG_0048.mp4,1271,42.36666666666667,30.0,322,2,traffic_signs,0.4152667820453644,116.82847595214844,1148.4080810546875,263.3752746582031,1256.94091796875,190.10187530517578,1202.6744995117188,146.5467987060547,108.5328369140625
IMG_0048.mp4,1272,42.4,30.0,289,2,traffic_signs,0.9322284460067749,2514.80615234375,710.3782348632812,2760.34765625,1038.996826171875,2637.576904296875,874.6875305175781,245.54150390625,328.61859130859375
IMG_0048.mp4,1272,42.4,30.0,234,2,traffic_signs,0.8920300006866455,1815.24951171875,1234.6422119140625,1907.28125,1358.0174560546875,1861.265380859375,1296.329833984375,92.03173828125,123.375244140625
IMG_0048.mp4,1272,42.4,30.0,238,2,traffic_signs,0.9270154237747192,1004.036865234375,1113.383056640625,1203.219970703125,1293.4779052734375,1103.62841796875,1203.4304809570312,199.18310546875,180.0948486328125
IMG_0048.mp4,1272,42.4,30.0,310,2,traffic_signs,0.2586306929588318,1055.20166015625,953.31494140625,1230.75927734375,1117.7659912109375,1142.98046875,1035.5404663085938,175.5576171875,164.4510498046875
IMG_0048.mp4,1273,42.43333333333333,30.0,289,2,traffic_signs,0.7616498470306396,2559.726318359375,699.1585693359375,2808.76025390625,1032.662841796875,2684.2432861328125,865.9107055664062,249.033935546875,333.5042724609375
IMG_0048.mp4,1273,42.43333333333333,30.0,234,2,traffic_signs,0.6530707478523254,1850.0269775390625,1238.3221435546875,1940.9197998046875,1360.8468017578125,1895.473388671875,1299.58447265625,90.892822265625,122.524658203125
IMG_0048.mp4,1273,42.43333333333333,30.0,238,2,traffic_signs,0.9241217374801636,1037.541015625,1116.991943359375,1236.6905517578125,1294.9097900390625,1137.1157836914062,1205.9508666992188,199.1495361328125,177.9178466796875
IMG_0048.mp4,1273,42.43333333333333,30.0,322,2,traffic_signs,0.5747050642967224,197.66355895996094,1156.408935546875,341.90875244140625,1269.4029541015625,269.7861557006836,1212.9059448242188,144.2451934814453,112.9940185546875
IMG_0048.mp4,1274,42.46666666666667,30.0,289,2,traffic_signs,0.6799485087394714,2603.041015625,690.92041015625,2852.14306640625,1030.4930419921875,2727.592041015625,860.7067260742188,249.10205078125,339.5726318359375
IMG_0048.mp4,1274,42.46666666666667,30.0,234,2,traffic_signs,0.8503413200378418,1887.608642578125,1239.6319580078125,1980.9276123046875,1365.9571533203125,1934.2681274414062,1302.7945556640625,93.3189697265625,126.3251953125
IMG_0048.mp4,1274,42.46666666666667,30.0,238,2,traffic_signs,0.9335102438926697,1068.6021728515625,1120.22900390625,1272.6971435546875,1296.4002685546875,1170.649658203125,1208.3146362304688,204.094970703125,176.1712646484375
IMG_0048.mp4,1275,42.5,30.0,289,2,traffic_signs,0.7471217513084412,2648.603759765625,678.1905517578125,2896.677001953125,1025.4556884765625,2772.640380859375,851.8231201171875,248.0732421875,347.26513671875
IMG_0048.mp4,1275,42.5,30.0,234,2,traffic_signs,0.8628478646278381,1923.8140869140625,1242.4781494140625,2018.7630615234375,1368.8983154296875,1971.28857421875,1305.688232421875,94.948974609375,126.420166015625
IMG_0048.mp4,1275,42.5,30.0,238,2,traffic_signs,0.8968771696090698,1108.615966796875,1121.9627685546875,1309.9053955078125,1297.6798095703125,1209.2606811523438,1209.8212890625,201.2894287109375,175.717041015625
IMG_0048.mp4,1276,42.53333333333333,30.0,289,2,traffic_signs,0.2727951109409332,2692.845703125,669.187744140625,2942.50439453125,1024.3544921875,2817.675048828125,846.7711181640625,249.65869140625,355.166748046875
IMG_0048.mp4,1276,42.53333333333333,30.0,234,2,traffic_signs,0.8943628072738647,1959.5399169921875,1245.9600830078125,2055.98779296875,1373.96630859375,2007.7638549804688,1309.9631958007812,96.4478759765625,128.0062255859375
IMG_0048.mp4,1276,42.53333333333333,30.0,238,2,traffic_signs,0.9331961274147034,1142.070556640625,1124.0596923828125,1342.2110595703125,1300.4029541015625,1242.1408081054688,1212.2313232421875,200.1405029296875,176.34326171875
IMG_0048.mp4,1277,42.56666666666667,30.0,234,2,traffic_signs,0.7998974919319153,1997.9674072265625,1250.3319091796875,2095.650390625,1378.023681640625,2046.8088989257812,1314.1777954101562,97.6829833984375,127.6917724609375
IMG_0048.mp4,1277,42.56666666666667,30.0,238,2,traffic_signs,0.8460657000541687,1178.9517822265625,1126.303466796875,1378.5970458984375,1307.811767578125,1278.7744140625,1217.0576171875,199.645263671875,181.50830078125
IMG_0048.mp4,1277,42.56666666666667,30.0,322,2,traffic_signs,0.28083503246307373,361.8808288574219,1172.51416015625,512.1507568359375,1291.455810546875,437.0157928466797,1231.9849853515625,150.26992797851562,118.941650390625
IMG_0048.mp4,1278,42.6,30.0,234,2,traffic_signs,0.8598729372024536,2034.3466796875,1252.956787109375,2131.86962890625,1378.4234619140625,2083.108154296875,1315.6901245117188,97.52294921875,125.4666748046875
IMG_0048.mp4,1278,42.6,30.0,238,2,traffic_signs,0.9274964332580566,1213.4056396484375,1128.4600830078125,1414.5177001953125,1309.5997314453125,1313.961669921875,1219.0299072265625,201.112060546875,181.1396484375
IMG_0048.mp4,1278,42.6,30.0,322,2,traffic_signs,0.36470913887023926,406.4896545410156,1177.5828857421875,541.1072387695312,1293.850830078125,473.79844665527344,1235.7168579101562,134.61758422851562,116.2679443359375
IMG_0048.mp4,1279,42.63333333333333,30.0,234,2,traffic_signs,0.855594277381897,2072.87158203125,1251.83447265625,2173.8662109375,1381.552001953125,2123.368896484375,1316.6932373046875,100.99462890625,129.717529296875
IMG_0048.mp4,1279,42.63333333333333,30.0,238,2,traffic_signs,0.9075584411621094,1251.893798828125,1132.9107666015625,1451.0623779296875,1312.522705078125,1351.4780883789062,1222.7167358398438,199.1685791015625,179.6119384765625
IMG_0048.mp4,1280,42.666666666666664,30.0,234,2,traffic_signs,0.8508560657501221,2111.98828125,1253.05712890625,2212.5029296875,1383.09619140625,2162.24560546875,1318.07666015625,100.5146484375,130.0390625
IMG_0048.mp4,1280,42.666666666666664,30.0,238,2,traffic_signs,0.9014908075332642,1287.85546875,1134.3018798828125,1486.259765625,1314.1248779296875,1387.0576171875,1224.21337890625,198.404296875,179.822998046875
IMG_0048.mp4,1280,42.666666666666664,30.0,322,2,traffic_signs,0.5160499215126038,486.4997863769531,1177.615234375,696.1971435546875,1300.71435546875,591.3484649658203,1239.164794921875,209.69735717773438,123.09912109375
IMG_0048.mp4,1281,42.7,30.0,234,2,traffic_signs,0.8840243816375732,2150.423583984375,1256.1517333984375,2254.41015625,1386.9503173828125,2202.4168701171875,1321.551025390625,103.986572265625,130.798583984375
IMG_0048.mp4,1281,42.7,30.0,238,2,traffic_signs,0.9167001247406006,1325.7730712890625,1137.8480224609375,1522.5367431640625,1318.110107421875,1424.1549072265625,1227.9790649414062,196.763671875,180.2620849609375
IMG_0048.mp4,1281,42.7,30.0,322,2,traffic_signs,0.28575241565704346,527.8651733398438,1187.8822021484375,738.9822387695312,1306.819091796875,633.4237060546875,1247.3506469726562,211.1170654296875,118.9368896484375
IMG_0048.mp4,1282,42.733333333333334,30.0,234,2,traffic_signs,0.8708105683326721,2190.771240234375,1256.41455078125,2294.545654296875,1388.557861328125,2242.658447265625,1322.4862060546875,103.7744140625,132.143310546875
IMG_0048.mp4,1282,42.733333333333334,30.0,238,2,traffic_signs,0.9309609532356262,1358.944580078125,1138.1505126953125,1557.9659423828125,1319.960205078125,1458.4552612304688,1229.0553588867188,199.0213623046875,181.8096923828125
IMG_0048.mp4,1282,42.733333333333334,30.0,322,2,traffic_signs,0.3818361759185791,563.3309326171875,1190.833251953125,790.2295532226562,1311.572265625,676.7802429199219,1251.2027587890625,226.89862060546875,120.739013671875
IMG_0048.mp4,1283,42.766666666666666,30.0,234,2,traffic_signs,0.8239637017250061,2232.336181640625,1261.069580078125,2335.123291015625,1390.9698486328125,2283.729736328125,1326.0197143554688,102.787109375,129.9002685546875
IMG_0048.mp4,1283,42.766666666666666,30.0,238,2,traffic_signs,0.9220150113105774,1399.228759765625,1140.7203369140625,1594.1663818359375,1322.4656982421875,1496.6975708007812,1231.593017578125,194.9376220703125,181.745361328125
IMG_0048.mp4,1283,42.766666666666666,30.0,322,2,traffic_signs,0.30445873737335205,601.7741088867188,1196.6180419921875,820.2981567382812,1315.8802490234375,711.0361328125,1256.2491455078125,218.5240478515625,119.26220703125
IMG_0048.mp4,1284,42.8,30.0,234,2,traffic_signs,0.3590538501739502,2275.118408203125,1270.9517822265625,2375.84912109375,1397.39599609375,2325.4837646484375,1334.1738891601562,100.730712890625,126.4442138671875
IMG_0048.mp4,1284,42.8,30.0,238,2,traffic_signs,0.9220465421676636,1441.2142333984375,1143.5216064453125,1633.522705078125,1327.3560791015625,1537.3684692382812,1235.4388427734375,192.3084716796875,183.83447265625
IMG_0048.mp4,1284,42.8,30.0,322,2,traffic_signs,0.8325811624526978,649.6310424804688,1198.867431640625,873.5116577148438,1321.03369140625,761.5713500976562,1259.9505615234375,223.880615234375,122.166259765625
IMG_0048.mp4,1285,42.833333333333336,30.0,234,2,traffic_signs,0.35420462489128113,2314.074462890625,1266.490234375,2416.85107421875,1398.489013671875,2365.4627685546875,1332.4896240234375,102.776611328125,131.998779296875
IMG_0048.mp4,1285,42.833333333333336,30.0,238,2,traffic_signs,0.9206721782684326,1473.6153564453125,1142.2479248046875,1664.3062744140625,1326.57275390625,1568.9608154296875,1234.4103393554688,190.69091796875,184.3248291015625
IMG_0048.mp4,1285,42.833333333333336,30.0,322,2,traffic_signs,0.7741086483001709,683.95849609375,1200.412841796875,902.3431396484375,1320.5321044921875,793.1508178710938,1260.4724731445312,218.3846435546875,120.1192626953125
IMG_0048.mp4,1286,42.86666666666667,30.0,234,2,traffic_signs,0.6041063666343689,2356.689453125,1274.36669921875,2462.89892578125,1403.111328125,2409.794189453125,1338.739013671875,106.20947265625,128.74462890625
IMG_0048.mp4,1286,42.86666666666667,30.0,238,2,traffic_signs,0.9292673468589783,1512.489013671875,1146.0205078125,1704.8074951171875,1332.7608642578125,1608.6482543945312,1239.3906860351562,192.3184814453125,186.7403564453125
IMG_0048.mp4,1286,42.86666666666667,30.0,322,2,traffic_signs,0.440601110458374,726.4337768554688,1207.103515625,945.967529296875,1327.9508056640625,836.2006530761719,1267.5271606445312,219.53375244140625,120.8472900390625
IMG_0048.mp4,1287,42.9,30.0,234,2,traffic_signs,0.5425705313682556,2398.971923828125,1276.174072265625,2505.141845703125,1404.1854248046875,2452.056884765625,1340.1797485351562,106.169921875,128.0113525390625
IMG_0048.mp4,1287,42.9,30.0,238,2,traffic_signs,0.39143386483192444,1554.0445556640625,1147.5755615234375,1743.9071044921875,1334.762939453125,1648.975830078125,1241.1692504882812,189.862548828125,187.1873779296875
IMG_0048.mp4,1287,42.9,30.0,322,2,traffic_signs,0.3975529074668884,772.4393310546875,1214.052490234375,992.4517211914062,1332.608154296875,882.4455261230469,1273.330322265625,220.01239013671875,118.5556640625
IMG_0048.mp4,1288,42.93333333333333,30.0,234,2,traffic_signs,0.694922149181366,2441.701416015625,1279.906982421875,2548.163330078125,1407.400146484375,2494.932373046875,1343.653564453125,106.4619140625,127.4931640625
IMG_0048.mp4,1288,42.93333333333333,30.0,238,2,traffic_signs,0.9004580974578857,1590.8310546875,1149.782470703125,1779.5008544921875,1339.721923828125,1685.1659545898438,1244.752197265625,188.6697998046875,189.939453125
IMG_0048.mp4,1288,42.93333333333333,30.0,322,2,traffic_signs,0.7130631804466248,812.3106689453125,1221.115478515625,1031.281494140625,1337.6170654296875,921.7960815429688,1279.3662719726562,218.9708251953125,116.5015869140625
IMG_0048.mp4,1289,42.96666666666667,30.0,234,2,traffic_signs,0.5963626503944397,2485.7802734375,1281.199462890625,2593.2626953125,1409.88671875,2539.521484375,1345.5430908203125,107.482421875,128.687255859375
IMG_0048.mp4,1289,42.96666666666667,30.0,238,2,traffic_signs,0.8917384147644043,1629.3780517578125,1153.5172119140625,1820.0970458984375,1342.9266357421875,1724.737548828125,1248.221923828125,190.718994140625,189.409423828125
IMG_0048.mp4,1289,42.96666666666667,30.0,322,2,traffic_signs,0.7179223895072937,855.447021484375,1226.3013916015625,1083.0123291015625,1342.8018798828125,969.2296752929688,1284.5516357421875,227.5653076171875,116.50048828125
IMG_0048.mp4,1289,42.96666666666667,30.0,329,2,traffic_signs,0.6007369756698608,3020.219970703125,1830.3250732421875,3139.264404296875,1859.0084228515625,3079.7421875,1844.666748046875,119.04443359375,28.683349609375
IMG_0048.mp4,1290,43.0,30.0,234,2,traffic_signs,0.7820507287979126,2529.0205078125,1280.282470703125,2638.85302734375,1412.3858642578125,2583.936767578125,1346.3341674804688,109.83251953125,132.1033935546875
IMG_0048.mp4,1290,43.0,30.0,238,2,traffic_signs,0.9233097434043884,1666.60302734375,1155.22705078125,1857.9066162109375,1344.942138671875,1762.2548217773438,1250.0845947265625,191.3035888671875,189.715087890625
IMG_0048.mp4,1290,43.0,30.0,322,2,traffic_signs,0.7507844567298889,895.1824951171875,1229.6033935546875,1112.5224609375,1347.3614501953125,1003.8524780273438,1288.482421875,217.3399658203125,117.758056640625
IMG_0048.mp4,1290,43.0,30.0,331,2,traffic_signs,0.36713123321533203,2527.91015625,1276.4915771484375,2639.067626953125,1414.36767578125,2583.4888916015625,1345.4296264648438,111.157470703125,137.8760986328125
IMG_0048.mp4,1291,43.03333333333333,30.0,234,2,traffic_signs,0.5847088694572449,2573.188720703125,1282.4130859375,2684.903564453125,1414.760986328125,2629.046142578125,1348.5870361328125,111.71484375,132.347900390625
IMG_0048.mp4,1291,43.03333333333333,30.0,238,2,traffic_signs,0.8969160318374634,1703.869384765625,1159.7001953125,1896.3348388671875,1348.404541015625,1800.1021118164062,1254.0523681640625,192.4654541015625,188.704345703125
IMG_0048.mp4,1291,43.03333333333333,30.0,322,2,traffic_signs,0.7053634524345398,934.5973510742188,1236.232666015625,1158.664794921875,1352.943359375,1046.6310729980469,1294.5880126953125,224.06744384765625,116.710693359375
IMG_0048.mp4,1291,43.03333333333333,30.0,331,2,traffic_signs,0.6845690608024597,2573.1357421875,1278.9608154296875,2684.998046875,1416.5928955078125,2629.06689453125,1347.77685546875,111.8623046875,137.632080078125
IMG_0048.mp4,1292,43.06666666666667,30.0,234,2,traffic_signs,0.7469609379768372,2617.499755859375,1284.8277587890625,2733.10595703125,1419.0413818359375,2675.3028564453125,1351.9345703125,115.606201171875,134.213623046875
IMG_0048.mp4,1292,43.06666666666667,30.0,238,2,traffic_signs,0.516564667224884,1744.2999267578125,1162.0340576171875,1932.0689697265625,1351.1978759765625,1838.1844482421875,1256.615966796875,187.76904296875,189.163818359375
IMG_0048.mp4,1292,43.06666666666667,30.0,322,2,traffic_signs,0.5603582859039307,973.6116333007812,1241.3408203125,1194.1708984375,1358.1632080078125,1083.8912658691406,1299.7520141601562,220.55926513671875,116.8223876953125
IMG_0048.mp4,1292,43.06666666666667,30.0,331,2,traffic_signs,0.5481618046760559,2618.363037109375,1281.547119140625,2733.125,1420.12890625,2675.7440185546875,1350.8380126953125,114.761962890625,138.581787109375
IMG_0048.mp4,1293,43.1,30.0,322,2,traffic_signs,0.4235261380672455,1012.2440795898438,1243.79931640625,1234.764404296875,1361.87158203125,1123.5042419433594,1302.83544921875,222.52032470703125,118.072265625
IMG_0048.mp4,1293,43.1,30.0,332,2,traffic_signs,0.4161509573459625,1006.75341796875,1242.612548828125,1224.8211669921875,1359.86962890625,1115.7872924804688,1301.2410888671875,218.0677490234375,117.257080078125
IMG_0048.mp4,1294,43.13333333333333,30.0,332,2,traffic_signs,0.793161153793335,1043.3165283203125,1246.0516357421875,1257.0711669921875,1362.926513671875,1150.19384765625,1304.4890747070312,213.754638671875,116.8748779296875
IMG_0048.mp4,1294,43.13333333333333,30.0,234,2,traffic_signs,0.47734999656677246,2709.458251953125,1283.909912109375,2827.759765625,1424.7435302734375,2768.6090087890625,1354.3267211914062,118.301513671875,140.8336181640625
IMG_0048.mp4,1294,43.13333333333333,30.0,238,2,traffic_signs,0.8111798763275146,1822.287109375,1185.1202392578125,2010.2513427734375,1351.1767578125,1916.2692260742188,1268.1484985351562,187.9642333984375,166.0565185546875
IMG_0048.mp4,1295,43.166666666666664,30.0,234,2,traffic_signs,0.40703022480010986,2756.877197265625,1285.0174560546875,2875.6357421875,1427.323486328125,2816.2564697265625,1356.1704711914062,118.758544921875,142.3060302734375
IMG_0048.mp4,1295,43.166666666666664,30.0,238,2,traffic_signs,0.8152050375938416,1858.3126220703125,1185.64013671875,2050.393310546875,1352.8961181640625,1954.3529663085938,1269.2681274414062,192.0806884765625,167.2559814453125
IMG_0048.mp4,1295,43.166666666666664,30.0,329,2,traffic_signs,0.36968982219696045,3318.76318359375,1863.322265625,3455.278076171875,1896.812255859375,3387.0206298828125,1880.0672607421875,136.514892578125,33.489990234375
IMG_0048.mp4,1296,43.2,30.0,234,2,traffic_signs,0.8759350776672363,2801.429931640625,1286.526611328125,2921.576171875,1432.7398681640625,2861.5030517578125,1359.6332397460938,120.146240234375,146.2132568359375
IMG_0048.mp4,1296,43.2,30.0,238,2,traffic_signs,0.42681029438972473,1891.1396484375,1179.571533203125,2089.92333984375,1358.75439453125,1990.531494140625,1269.1629638671875,198.78369140625,179.182861328125
IMG_0048.mp4,1296,43.2,30.0,329,2,traffic_signs,0.6008500456809998,3366.0498046875,1870.254150390625,3503.958251953125,1904.1380615234375,3435.0040283203125,1887.1961059570312,137.908447265625,33.8839111328125
IMG_0048.mp4,1297,43.233333333333334,30.0,234,2,traffic_signs,0.8974937796592712,2847.92919921875,1288.065185546875,2970.225341796875,1435.4293212890625,2909.0772705078125,1361.7472534179688,122.296142578125,147.3641357421875
IMG_0048.mp4,1297,43.233333333333334,30.0,238,2,traffic_signs,0.6670004725456238,1930.4505615234375,1190.8525390625,2131.142578125,1359.10595703125,2030.7965698242188,1274.979248046875,200.6920166015625,168.25341796875
IMG_0048.mp4,1297,43.233333333333334,30.0,329,2,traffic_signs,0.5226038694381714,3418.145263671875,1876.5042724609375,3555.46826171875,1908.44921875,3486.8067626953125,1892.4767456054688,137.322998046875,31.9449462890625
IMG_0048.mp4,1297,43.233333333333334,30.0,332,2,traffic_signs,0.7225744128227234,1161.2520751953125,1263.158203125,1291.93505859375,1376.8160400390625,1226.5935668945312,1319.9871215820312,130.6829833984375,113.6578369140625
IMG_0048.mp4,1298,43.266666666666666,30.0,234,2,traffic_signs,0.9149197936058044,2896.369384765625,1288.2662353515625,3020.983154296875,1437.80078125,2958.67626953125,1363.0335083007812,124.61376953125,149.5345458984375
IMG_0048.mp4,1298,43.266666666666666,30.0,238,2,traffic_signs,0.7463697791099548,1969.8389892578125,1189.4949951171875,2174.4443359375,1359.9769287109375,2072.1416625976562,1274.7359619140625,204.6053466796875,170.48193359375
IMG_0048.mp4,1298,43.266666666666666,30.0,332,2,traffic_signs,0.5826858282089233,1200.5498046875,1265.840087890625,1326.1650390625,1379.4619140625,1263.357421875,1322.6510009765625,125.615234375,113.621826171875
IMG_0048.mp4,1299,43.3,30.0,234,2,traffic_signs,0.906446635723114,2943.541748046875,1288.303466796875,3069.768798828125,1439.0777587890625,3006.6552734375,1363.6906127929688,126.22705078125,150.7742919921875
IMG_0048.mp4,1299,43.3,30.0,238,2,traffic_signs,0.889713704586029,2006.9600830078125,1183.66357421875,2212.92431640625,1360.8304443359375,2109.9421997070312,1272.2470092773438,205.9642333984375,177.1668701171875
IMG_0048.mp4,1299,43.3,30.0,332,2,traffic_signs,0.7559928894042969,1237.9373779296875,1268.3800048828125,1359.930908203125,1382.1500244140625,1298.9341430664062,1325.2650146484375,121.9935302734375,113.77001953125
IMG_0048.mp4,1300,43.333333333333336,30.0,234,2,traffic_signs,0.9171293377876282,2991.771484375,1289.1868896484375,3119.866455078125,1442.1434326171875,3055.8189697265625,1365.6651611328125,128.094970703125,152.95654296875
IMG_0048.mp4,1300,43.333333333333336,30.0,238,2,traffic_signs,0.7937108874320984,2043.295166015625,1173.38232421875,2252.470703125,1365.5338134765625,2147.8829345703125,1269.4580688476562,209.175537109375,192.1514892578125
IMG_0048.mp4,1300,43.333333333333336,30.0,332,2,traffic_signs,0.8405082821846008,1276.8675537109375,1273.73291015625,1395.793701171875,1385.805419921875,1336.3306274414062,1329.7691650390625,118.9261474609375,112.072509765625
IMG_0048.mp4,1301,43.36666666666667,30.0,234,2,traffic_signs,0.9168775677680969,3039.703369140625,1289.598876953125,3170.406005859375,1444.621337890625,3105.0546875,1367.110107421875,130.70263671875,155.0224609375
IMG_0048.mp4,1301,43.36666666666667,30.0,238,2,traffic_signs,0.9254271984100342,2080.511962890625,1175.523681640625,2293.634521484375,1366.599853515625,2187.0732421875,1271.061767578125,213.12255859375,191.076171875
IMG_0048.mp4,1301,43.36666666666667,30.0,332,2,traffic_signs,0.7938818335533142,1314.874267578125,1276.984619140625,1436.821533203125,1389.0648193359375,1375.847900390625,1333.0247192382812,121.947265625,112.0802001953125
IMG_0048.mp4,1302,43.4,30.0,234,2,traffic_signs,0.9205346703529358,3089.665283203125,1289.1099853515625,3223.89501953125,1446.434326171875,3156.7801513671875,1367.7721557617188,134.229736328125,157.3243408203125
IMG_0048.mp4,1302,43.4,30.0,238,2,traffic_signs,0.9083655476570129,2121.075439453125,1174.906005859375,2334.190673828125,1367.98388671875,2227.633056640625,1271.4449462890625,213.115234375,193.077880859375
IMG_0048.mp4,1302,43.4,30.0,332,2,traffic_signs,0.8004096746444702,1354.084716796875,1280.6871337890625,1472.61279296875,1391.095947265625,1413.3487548828125,1335.8915405273438,118.528076171875,110.4088134765625
IMG_0048.mp4,1303,43.43333333333333,30.0,234,2,traffic_signs,0.9152939915657043,3138.03369140625,1289.354736328125,3274.202392578125,1449.686767578125,3206.1180419921875,1369.520751953125,136.168701171875,160.33203125
IMG_0048.mp4,1303,43.43333333333333,30.0,238,2,traffic_signs,0.8885204792022705,2161.411376953125,1169.5810546875,2373.620849609375,1368.4307861328125,2267.51611328125,1269.0059204101562,212.20947265625,198.8497314453125
IMG_0048.mp4,1303,43.43333333333333,30.0,332,2,traffic_signs,0.8226215839385986,1389.31103515625,1283.2301025390625,1511.8245849609375,1393.1898193359375,1450.5678100585938,1338.2099609375,122.5135498046875,109.959716796875
IMG_0048.mp4,1304,43.46666666666667,30.0,234,2,traffic_signs,0.9210568070411682,3187.43603515625,1289.011474609375,3326.93505859375,1451.9224853515625,3257.185546875,1370.4669799804688,139.4990234375,162.9110107421875
IMG_0048.mp4,1304,43.46666666666667,30.0,238,2,traffic_signs,0.9166505336761475,2202.001708984375,1172.5048828125,2416.79541015625,1370.1846923828125,2309.3985595703125,1271.3447875976562,214.793701171875,197.6798095703125
IMG_0048.mp4,1304,43.46666666666667,30.0,332,2,traffic_signs,0.6044884920120239,1427.2197265625,1284.587890625,1548.2430419921875,1399.594970703125,1487.7313842773438,1342.0914306640625,121.0233154296875,115.007080078125
IMG_0048.mp4,1305,43.5,30.0,234,2,traffic_signs,0.9207805395126343,3237.242919921875,1290.6072998046875,3379.88525390625,1455.229736328125,3308.5640869140625,1372.9185180664062,142.642333984375,164.6224365234375
IMG_0048.mp4,1305,43.5,30.0,238,2,traffic_signs,0.9174708724021912,2242.210693359375,1176.63037109375,2458.067626953125,1372.188720703125,2350.13916015625,1274.4095458984375,215.85693359375,195.558349609375
IMG_0048.mp4,1305,43.5,30.0,332,2,traffic_signs,0.761447548866272,1466.418212890625,1287.578369140625,1585.5587158203125,1405.135009765625,1525.9884643554688,1346.356689453125,119.1405029296875,117.556640625
IMG_0048.mp4,1306,43.53333333333333,30.0,234,2,traffic_signs,0.9015488028526306,3288.570068359375,1290.07958984375,3434.30859375,1457.47314453125,3361.4393310546875,1373.7763671875,145.738525390625,167.3935546875
IMG_0048.mp4,1306,43.53333333333333,30.0,238,2,traffic_signs,0.927426815032959,2278.3388671875,1176.868896484375,2497.66162109375,1373.0615234375,2388.000244140625,1274.9652099609375,219.32275390625,196.192626953125
IMG_0048.mp4,1306,43.53333333333333,30.0,332,2,traffic_signs,0.7607904076576233,1503.0699462890625,1291.3448486328125,1621.4344482421875,1408.4774169921875,1562.252197265625,1349.9111328125,118.364501953125,117.132568359375
IMG_0048.mp4,1307,43.56666666666667,30.0,234,2,traffic_signs,0.8571433424949646,3340.220947265625,1290.5445556640625,3489.98388671875,1459.384033203125,3415.1024169921875,1374.9642944335938,149.762939453125,168.8394775390625
IMG_0048.mp4,1307,43.56666666666667,30.0,238,2,traffic_signs,0.7389852404594421,2317.528076171875,1176.7071533203125,2542.03125,1374.4581298828125,2429.7796630859375,1275.5826416015625,224.503173828125,197.7509765625
IMG_0048.mp4,1307,43.56666666666667,30.0,332,2,traffic_signs,0.8611946105957031,1539.58935546875,1295.6319580078125,1659.6744384765625,1411.3046875,1599.6318969726562,1353.4683227539062,120.0850830078125,115.6727294921875
IMG_0048.mp4,1308,43.6,30.0,234,2,traffic_signs,0.3789184093475342,3392.527587890625,1291.013427734375,3543.590087890625,1461.7071533203125,3468.058837890625,1376.3602905273438,151.0625,170.6937255859375
IMG_0048.mp4,1308,43.6,30.0,238,2,traffic_signs,0.4015559256076813,2360.2861328125,1202.65234375,2580.536376953125,1378.5478515625,2470.4112548828125,1290.60009765625,220.250244140625,175.8955078125
IMG_0048.mp4,1308,43.6,30.0,332,2,traffic_signs,0.8269668817520142,1576.7525634765625,1300.746826171875,1696.799072265625,1413.9803466796875,1636.7758178710938,1357.3635864257812,120.0465087890625,113.2335205078125
IMG_0048.mp4,1309,43.63333333333333,30.0,234,2,traffic_signs,0.9135034680366516,3447.5400390625,1292.147216796875,3600.216552734375,1463.961181640625,3523.8782958984375,1378.05419921875,152.676513671875,171.81396484375
IMG_0048.mp4,1309,43.63333333333333,30.0,332,2,traffic_signs,0.551325798034668,1615.314453125,1304.18701171875,1733.365966796875,1417.57080078125,1674.3402099609375,1360.87890625,118.051513671875,113.3837890625
IMG_0048.mp4,1310,43.666666666666664,30.0,234,2,traffic_signs,0.9003227949142456,3504.79443359375,1291.3475341796875,3658.0888671875,1464.7745361328125,3581.441650390625,1378.06103515625,153.29443359375,173.427001953125
IMG_0048.mp4,1310,43.666666666666664,30.0,332,2,traffic_signs,0.8454408049583435,1651.544677734375,1306.5111083984375,1769.958251953125,1419.8489990234375,1710.75146484375,1363.1800537109375,118.41357421875,113.337890625
IMG_0048.mp4,1311,43.7,30.0,234,2,traffic_signs,0.885948896408081,3558.237548828125,1291.010986328125,3709.734130859375,1465.928466796875,3633.98583984375,1378.4697265625,151.49658203125,174.91748046875
IMG_0048.mp4,1311,43.7,30.0,332,2,traffic_signs,0.839966893196106,1686.681884765625,1307.0283203125,1805.34375,1423.2030029296875,1746.0128173828125,1365.1156616210938,118.661865234375,116.1746826171875
IMG_0048.mp4,1311,43.7,30.0,238,2,traffic_signs,0.5298208594322205,2484.486083984375,1173.759521484375,2707.834716796875,1384.671142578125,2596.160400390625,1279.21533203125,223.3486328125,210.91162109375
IMG_0048.mp4,1312,43.733333333333334,30.0,234,2,traffic_signs,0.7227920889854431,3615.30908203125,1289.142333984375,3770.31005859375,1467.4317626953125,3692.8095703125,1378.2870483398438,155.0009765625,178.2894287109375
IMG_0048.mp4,1312,43.733333333333334,30.0,332,2,traffic_signs,0.7530220746994019,1721.16259765625,1309.4954833984375,1840.5054931640625,1426.8204345703125,1780.8340454101562,1368.157958984375,119.3428955078125,117.324951171875
IMG_0048.mp4,1312,43.733333333333334,30.0,238,2,traffic_signs,0.7964508533477783,2524.30029296875,1196.339599609375,2756.022216796875,1386.043701171875,2640.1612548828125,1291.191650390625,231.721923828125,189.7041015625
IMG_0048.mp4,1313,43.766666666666666,30.0,234,2,traffic_signs,0.7378032803535461,3668.94775390625,1290.0054931640625,3824.164306640625,1469.064453125,3746.5560302734375,1379.5349731445312,155.216552734375,179.0589599609375
IMG_0048.mp4,1313,43.766666666666666,30.0,332,2,traffic_signs,0.879159152507782,1757.54638671875,1313.150634765625,1875.67626953125,1430.47802734375,1816.611328125,1371.8143310546875,118.1298828125,117.327392578125
IMG_0048.mp4,1313,43.766666666666666,30.0,238,2,traffic_signs,0.9139687418937683,2560.605712890625,1183.2027587890625,2798.029541015625,1387.4307861328125,2679.317626953125,1285.3167724609375,237.423828125,204.22802734375
IMG_0048.mp4,1314,43.8,30.0,234,2,traffic_signs,0.480339914560318,3723.293212890625,1290.203857421875,3840.0,1471.9246826171875,3781.6466064453125,1381.0642700195312,116.706787109375,181.7208251953125
IMG_0048.mp4,1314,43.8,30.0,332,2,traffic_signs,0.8535236716270447,1789.3138427734375,1316.2061767578125,1908.2913818359375,1432.7437744140625,1848.8026123046875,1374.4749755859375,118.9775390625,116.53759765625
IMG_0048.mp4,1314,43.8,30.0,238,2,traffic_signs,0.8699079155921936,2600.21533203125,1184.9879150390625,2842.63525390625,1388.8590087890625,2721.42529296875,1286.9234619140625,242.419921875,203.87109375
IMG_0048.mp4,1315,43.833333333333336,30.0,332,2,traffic_signs,0.8799220323562622,1824.7703857421875,1318.8707275390625,1948.09326171875,1434.088134765625,1886.4318237304688,1376.4794311523438,123.3228759765625,115.2174072265625
IMG_0048.mp4,1315,43.833333333333336,30.0,238,2,traffic_signs,0.8598151803016663,2645.197509765625,1173.0052490234375,2885.352783203125,1390.350830078125,2765.275146484375,1281.6780395507812,240.1552734375,217.3455810546875
IMG_0048.mp4,1316,43.86666666666667,30.0,332,2,traffic_signs,0.7190157771110535,1858.4754638671875,1320.36181640625,1980.7696533203125,1435.742919921875,1919.62255859375,1378.0523681640625,122.294189453125,115.381103515625
IMG_0048.mp4,1316,43.86666666666667,30.0,238,2,traffic_signs,0.8400208950042725,2687.657470703125,1158.7945556640625,2928.732666015625,1389.6627197265625,2808.195068359375,1274.2286376953125,241.0751953125,230.8681640625
IMG_0048.mp4,1317,43.9,30.0,332,2,traffic_signs,0.6092933416366577,1891.03125,1322.944091796875,2015.0543212890625,1439.46826171875,1953.0427856445312,1381.2061767578125,124.0230712890625,116.524169921875
IMG_0048.mp4,1317,43.9,30.0,238,2,traffic_signs,0.6074517369270325,2734.437255859375,1153.1395263671875,2974.44873046875,1389.7647705078125,2854.4429931640625,1271.4521484375,240.011474609375,236.625244140625
IMG_0048.mp4,1318,43.93333333333333,30.0,332,2,traffic_signs,0.45499569177627563,1925.760498046875,1327.8070068359375,2051.645751953125,1441.205078125,1988.703125,1384.5060424804688,125.88525390625,113.3980712890625
IMG_0048.mp4,1318,43.93333333333333,30.0,238,2,traffic_signs,0.5956333875656128,2780.581298828125,1149.6669921875,3018.49755859375,1390.83203125,2899.5394287109375,1270.24951171875,237.916259765625,241.1650390625
IMG_0048.mp4,1318,43.93333333333333,30.0,340,2,traffic_signs,0.8466193079948425,2807.25146484375,932.0774536132812,3046.189697265625,1142.8292236328125,2926.7205810546875,1037.4533386230469,238.938232421875,210.75177001953125
IMG_0048.mp4,1319,43.96666666666667,30.0,332,2,traffic_signs,0.7760149836540222,1956.92236328125,1326.8341064453125,2086.808837890625,1441.8260498046875,2021.8656005859375,1384.330078125,129.886474609375,114.991943359375
IMG_0048.mp4,1319,43.96666666666667,30.0,340,2,traffic_signs,0.855553925037384,2843.8203125,927.0881958007812,3093.08837890625,1139.8858642578125,2968.454345703125,1033.4870300292969,249.26806640625,212.79766845703125
IMG_0048.mp4,1320,44.0,30.0,332,2,traffic_signs,0.5227377414703369,1989.87353515625,1328.4962158203125,2120.91015625,1447.3409423828125,2055.391845703125,1387.9185791015625,131.03662109375,118.8447265625
IMG_0048.mp4,1320,44.0,30.0,340,2,traffic_signs,0.6468082070350647,2886.14794921875,922.733642578125,3137.1953125,1138.619140625,3011.671630859375,1030.6763916015625,251.04736328125,215.885498046875
IMG_0048.mp4,1321,44.03333333333333,30.0,332,2,traffic_signs,0.35059627890586853,2021.738525390625,1328.98876953125,2150.55419921875,1450.3614501953125,2086.1463623046875,1389.6751098632812,128.815673828125,121.3726806640625
IMG_0048.mp4,1321,44.03333333333333,30.0,340,2,traffic_signs,0.9409965872764587,2921.052978515625,918.3107299804688,3177.84814453125,1136.52001953125,3049.4505615234375,1027.4153747558594,256.795166015625,218.20928955078125
IMG_0048.mp4,1322,44.06666666666667,30.0,332,2,traffic_signs,0.7655227780342102,2052.385986328125,1331.3135986328125,2186.843017578125,1454.81298828125,2119.614501953125,1393.0632934570312,134.45703125,123.4993896484375
IMG_0048.mp4,1322,44.06666666666667,30.0,340,2,traffic_signs,0.7617486715316772,2967.58154296875,915.7752685546875,3225.80224609375,1135.29248046875,3096.69189453125,1025.5338745117188,258.220703125,219.5172119140625
IMG_0048.mp4,1322,44.06666666666667,30.0,341,2,traffic_signs,0.7247354388237,3100.783935546875,15.913711547851562,3201.955322265625,100.47518920898438,3151.36962890625,58.19445037841797,101.17138671875,84.56147766113281
IMG_0048.mp4,1323,44.1,30.0,332,2,traffic_signs,0.4823637306690216,2085.620849609375,1331.7359619140625,2216.85986328125,1455.4771728515625,2151.2403564453125,1393.6065673828125,131.239013671875,123.7412109375
IMG_0048.mp4,1323,44.1,30.0,340,2,traffic_signs,0.8334611654281616,3005.904296875,910.3090209960938,3272.6376953125,1133.956787109375,3139.27099609375,1022.1329040527344,266.7333984375,223.64776611328125
IMG_0048.mp4,1325,44.166666666666664,30.0,332,2,traffic_signs,0.4699292778968811,2148.746826171875,1333.6148681640625,2280.2294921875,1458.263916015625,2214.4881591796875,1395.9393920898438,131.482666015625,124.6490478515625
IMG_0048.mp4,1325,44.166666666666664,30.0,340,2,traffic_signs,0.6003151535987854,3094.092041015625,898.3668823242188,3355.65087890625,1120.5743408203125,3224.8714599609375,1009.4706115722656,261.558837890625,222.20745849609375
IMG_0048.mp4,1326,44.2,30.0,332,2,traffic_signs,0.5947786569595337,2178.0869140625,1334.58203125,2309.238525390625,1459.191650390625,2243.6627197265625,1396.8868408203125,131.151611328125,124.609619140625
IMG_0048.mp4,1327,44.233333333333334,30.0,340,2,traffic_signs,0.844478189945221,3177.7607421875,881.6805419921875,3448.423095703125,1108.9727783203125,3313.0919189453125,995.32666015625,270.662353515625,227.292236328125
IMG_0048.mp4,1328,44.266666666666666,30.0,340,2,traffic_signs,0.6698705554008484,3216.425048828125,873.66357421875,3493.979736328125,1103.5650634765625,3355.202392578125,988.6143188476562,277.5546875,229.9014892578125
IMG_0048.mp4,1328,44.266666666666666,30.0,332,2,traffic_signs,0.25021034479141235,2241.1982421875,1337.6494140625,2370.743408203125,1462.8538818359375,2305.9708251953125,1400.2516479492188,129.545166015625,125.2044677734375
IMG_0048.mp4,1329,44.3,30.0,340,2,traffic_signs,0.8015861511230469,3261.462646484375,863.4471435546875,3543.969970703125,1096.1375732421875,3402.71630859375,979.7923583984375,282.50732421875,232.6904296875
IMG_0048.mp4,1330,44.333333333333336,30.0,340,2,traffic_signs,0.6099122166633606,3300.3876953125,853.1546020507812,3586.92431640625,1091.5152587890625,3443.656005859375,972.3349304199219,286.53662109375,238.36065673828125
IMG_0048.mp4,1330,44.333333333333336,30.0,332,2,traffic_signs,0.4441256523132324,2300.7744140625,1339.997802734375,2434.8701171875,1463.699462890625,2367.822265625,1401.8486328125,134.095703125,123.70166015625
IMG_0048.mp4,1331,44.36666666666667,30.0,340,2,traffic_signs,0.4142872989177704,3343.243408203125,845.2142944335938,3631.225830078125,1088.004150390625,3487.234619140625,966.6092224121094,287.982421875,242.78985595703125
IMG_0048.mp4,1332,44.4,30.0,348,2,traffic_signs,0.5232229828834534,3371.833251953125,1097.1815185546875,3664.546142578125,1373.7294921875,3518.189697265625,1235.4555053710938,292.712890625,276.5479736328125
IMG_0048.mp4,1332,44.4,30.0,332,2,traffic_signs,0.3353935778141022,2360.6005859375,1342.0037841796875,2495.348388671875,1466.397216796875,2427.9744873046875,1404.2005004882812,134.747802734375,124.3934326171875
IMG_0048.mp4,1333,44.43333333333333,30.0,348,2,traffic_signs,0.3173207938671112,3410.226318359375,1093.8448486328125,3709.119873046875,1372.1883544921875,3559.673095703125,1233.0166015625,298.8935546875,278.343505859375
IMG_0048.mp4,1333,44.43333333333333,30.0,332,2,traffic_signs,0.30849379301071167,2387.16943359375,1342.3831787109375,2523.22705078125,1468.6627197265625,2455.1982421875,1405.52294921875,136.0576171875,126.279541015625
IMG_0048.mp4,1334,44.46666666666667,30.0,348,2,traffic_signs,0.5180996060371399,3454.73779296875,1083.8570556640625,3759.80615234375,1368.794677734375,3607.27197265625,1226.3258666992188,305.068359375,284.9376220703125
IMG_0048.mp4,1334,44.46666666666667,30.0,332,2,traffic_signs,0.7091105580329895,2417.9697265625,1343.0281982421875,2553.9345703125,1470.85009765625,2485.9521484375,1406.9391479492188,135.96484375,127.8218994140625
IMG_0048.mp4,1335,44.5,30.0,348,2,traffic_signs,0.4408545196056366,3497.430419921875,1073.8511962890625,3809.36767578125,1365.502685546875,3653.3990478515625,1219.6769409179688,311.937255859375,291.6514892578125
IMG_0048.mp4,1335,44.5,30.0,332,2,traffic_signs,0.7736659049987793,2445.222900390625,1340.7999267578125,2582.1240234375,1470.221923828125,2513.6734619140625,1405.5109252929688,136.901123046875,129.4219970703125
IMG_0048.mp4,1336,44.53333333333333,30.0,348,2,traffic_signs,0.38837990164756775,3548.070068359375,1062.308837890625,3840.0,1365.4896240234375,3694.0350341796875,1213.8992309570312,291.929931640625,303.1807861328125
IMG_0048.mp4,1336,44.53333333333333,30.0,332,2,traffic_signs,0.8073630928993225,2474.48388671875,1341.7618408203125,2611.9765625,1471.669189453125,2543.230224609375,1406.7155151367188,137.49267578125,129.9073486328125
IMG_0048.mp4,1337,44.56666666666667,30.0,332,2,traffic_signs,0.7990279197692871,2502.560302734375,1342.4664306640625,2641.02197265625,1472.1246337890625,2571.7911376953125,1407.2955322265625,138.461669921875,129.658203125
IMG_0048.mp4,1338,44.6,30.0,332,2,traffic_signs,0.8666786551475525,2530.448486328125,1341.7894287109375,2670.402587890625,1473.634033203125,2600.425537109375,1407.7117309570312,139.9541015625,131.8446044921875
IMG_0048.mp4,1339,44.63333333333333,30.0,332,2,traffic_signs,0.8734015822410583,2560.74365234375,1340.5557861328125,2700.479248046875,1473.7049560546875,2630.6114501953125,1407.13037109375,139.735595703125,133.149169921875
IMG_0048.mp4,1340,44.666666666666664,30.0,332,2,traffic_signs,0.8600683808326721,2586.3955078125,1339.339111328125,2728.90234375,1473.792724609375,2657.64892578125,1406.56591796875,142.5068359375,134.45361328125
IMG_0048.mp4,1341,44.7,30.0,332,2,traffic_signs,0.8789032101631165,2614.093017578125,1339.1533203125,2754.94189453125,1474.223876953125,2684.5174560546875,1406.6885986328125,140.848876953125,135.070556640625
IMG_0048.mp4,1342,44.733333333333334,30.0,332,2,traffic_signs,0.5518249273300171,2639.990966796875,1337.0115966796875,2779.93017578125,1473.2801513671875,2709.9605712890625,1405.1458740234375,139.939208984375,136.2685546875
IMG_0048.mp4,1343,44.766666666666666,30.0,332,2,traffic_signs,0.8816211819648743,2667.258544921875,1337.1031494140625,2808.242431640625,1474.613525390625,2737.75048828125,1405.8583374023438,140.98388671875,137.5103759765625
IMG_0048.mp4,1344,44.8,30.0,332,2,traffic_signs,0.8713271617889404,2692.096435546875,1336.13720703125,2834.422607421875,1473.71240234375,2763.259521484375,1404.9248046875,142.326171875,137.5751953125
IMG_0048.mp4,1344,44.8,30.0,359,2,traffic_signs,0.8694371581077576,3111.81494140625,317.0329895019531,3196.28173828125,388.313232421875,3154.04833984375,352.67311096191406,84.466796875,71.28024291992188
IMG_0048.mp4,1345,44.833333333333336,30.0,332,2,traffic_signs,0.8212698698043823,2718.446044921875,1333.163330078125,2862.231689453125,1472.367919921875,2790.3388671875,1402.765625,143.78564453125,139.20458984375
IMG_0048.mp4,1345,44.833333333333336,30.0,359,2,traffic_signs,0.7289552092552185,3116.4921875,320.5128479003906,3200.780517578125,391.6629943847656,3158.6363525390625,356.0879211425781,84.288330078125,71.150146484375
IMG_0048.mp4,1346,44.86666666666667,30.0,332,2,traffic_signs,0.8341113924980164,2744.28125,1332.046630859375,2889.716064453125,1471.397705078125,2816.9986572265625,1401.72216796875,145.434814453125,139.35107421875
IMG_0048.mp4,1346,44.86666666666667,30.0,359,2,traffic_signs,0.6813972592353821,3114.207275390625,328.3247375488281,3199.275390625,396.4859619140625,3156.7413330078125,362.4053497314453,85.068115234375,68.16122436523438
IMG_0048.mp4,1347,44.9,30.0,332,2,traffic_signs,0.3917737901210785,2767.4775390625,1330.2938232421875,2914.73291015625,1471.54443359375,2841.105224609375,1400.9191284179688,147.25537109375,141.2506103515625
IMG_0048.mp4,1347,44.9,30.0,359,2,traffic_signs,0.8176855444908142,3111.89892578125,333.2976379394531,3197.892333984375,402.6815185546875,3154.8956298828125,367.9895782470703,85.993408203125,69.38388061523438
IMG_0048.mp4,1348,44.93333333333333,30.0,332,2,traffic_signs,0.7860661149024963,2793.58349609375,1328.5592041015625,2940.013671875,1470.18310546875,2866.798583984375,1399.3711547851562,146.43017578125,141.6239013671875
IMG_0048.mp4,1348,44.93333333333333,30.0,359,2,traffic_signs,0.7867846488952637,3111.788330078125,337.06591796875,3197.32958984375,407.35150146484375,3154.5589599609375,372.2087097167969,85.541259765625,70.28558349609375
IMG_0048.mp4,1349,44.96666666666667,30.0,332,2,traffic_signs,0.7612262964248657,2816.11328125,1327.003173828125,2964.468505859375,1467.6361083984375,2890.2908935546875,1397.3196411132812,148.355224609375,140.6329345703125
IMG_0048.mp4,1349,44.96666666666667,30.0,359,2,traffic_signs,0.8248397707939148,3112.15380859375,341.9320068359375,3195.728759765625,413.3555603027344,3153.9412841796875,377.64378356933594,83.574951171875,71.42355346679688
IMG_0048.mp4,1350,45.0,30.0,332,2,traffic_signs,0.8256965279579163,2840.2421875,1325.4844970703125,2989.27978515625,1465.9263916015625,2914.760986328125,1395.7054443359375,149.03759765625,140.44189453125
IMG_0048.mp4,1350,45.0,30.0,359,2,traffic_signs,0.6812935471534729,3113.232421875,345.6750793457031,3196.24072265625,416.73529052734375,3154.736572265625,381.20518493652344,83.00830078125,71.06021118164062
IMG_0048.mp4,1351,45.03333333333333,30.0,332,2,traffic_signs,0.790420651435852,2862.75830078125,1323.0438232421875,3013.650146484375,1464.76171875,2938.2042236328125,1393.9027709960938,150.891845703125,141.7178955078125
IMG_0048.mp4,1351,45.03333333333333,30.0,359,2,traffic_signs,0.713232696056366,3113.670166015625,348.6130065917969,3197.634521484375,420.4228515625,3155.65234375,384.51792907714844,83.96435546875,71.80984497070312
IMG_0048.mp4,1352,45.06666666666667,30.0,332,2,traffic_signs,0.7254738807678223,2886.663330078125,1320.30029296875,3036.164794921875,1462.834716796875,2961.4140625,1391.5675048828125,149.50146484375,142.534423828125
IMG_0048.mp4,1352,45.06666666666667,30.0,359,2,traffic_signs,0.7418903112411499,3114.0966796875,353.7698974609375,3198.4716796875,425.08203125,3156.2841796875,389.42596435546875,84.375,71.3121337890625
IMG_0048.mp4,1353,45.1,30.0,332,2,traffic_signs,0.8569971919059753,2907.671875,1317.1383056640625,3058.06201171875,1461.5003662109375,2982.866943359375,1389.3193359375,150.39013671875,144.362060546875
IMG_0048.mp4,1353,45.1,30.0,359,2,traffic_signs,0.6700643301010132,3115.75048828125,357.41986083984375,3200.824951171875,428.8918762207031,3158.2877197265625,393.15586853027344,85.074462890625,71.47201538085938
IMG_0048.mp4,1354,45.13333333333333,30.0,332,2,traffic_signs,0.8884193897247314,2929.0703125,1313.842529296875,3080.19873046875,1459.149658203125,3004.634521484375,1386.49609375,151.12841796875,145.30712890625
IMG_0048.mp4,1354,45.13333333333333,30.0,359,2,traffic_signs,0.6217403411865234,3119.006591796875,360.1493835449219,3204.7265625,431.72113037109375,3161.8665771484375,395.9352569580078,85.719970703125,71.57174682617188
IMG_0048.mp4,1355,45.166666666666664,30.0,332,2,traffic_signs,0.841399610042572,2950.056396484375,1310.83642578125,3101.67041015625,1456.689453125,3025.8634033203125,1383.762939453125,151.614013671875,145.85302734375
IMG_0048.mp4,1355,45.166666666666664,30.0,359,2,traffic_signs,0.5658770203590393,3122.45458984375,363.4969482421875,3207.702880859375,436.5025939941406,3165.0787353515625,399.99977111816406,85.248291015625,73.00564575195312
IMG_0048.mp4,1356,45.2,30.0,332,2,traffic_signs,0.7108847498893738,2968.55078125,1307.4644775390625,3120.60791015625,1455.4976806640625,3044.579345703125,1381.4810791015625,152.05712890625,148.033203125
IMG_0048.mp4,1356,45.2,30.0,359,2,traffic_signs,0.3497311472892761,3125.351318359375,367.4595031738281,3211.23828125,439.69427490234375,3168.2947998046875,403.57688903808594,85.886962890625,72.23477172851562
IMG_0048.mp4,1357,45.233333333333334,30.0,332,2,traffic_signs,0.7786677479743958,2990.051513671875,1305.3082275390625,3143.89599609375,1454.065673828125,3066.9737548828125,1379.6869506835938,153.844482421875,148.7574462890625
IMG_0048.mp4,1357,45.233333333333334,30.0,370,2,traffic_signs,0.6061023473739624,3097.593505859375,157.92465209960938,3194.88525390625,233.78575134277344,3146.2393798828125,195.8552017211914,97.291748046875,75.86109924316406
IMG_0048.mp4,1358,45.266666666666666,30.0,332,2,traffic_signs,0.8802815675735474,3008.8447265625,1302.4676513671875,3164.50537109375,1451.9229736328125,3086.675048828125,1377.1953125,155.66064453125,149.455322265625
IMG_0048.mp4,1358,45.266666666666666,30.0,370,2,traffic_signs,0.4823717176914215,3100.638916015625,160.86856079101562,3196.822265625,236.5624542236328,3148.7305908203125,198.71550750732422,96.183349609375,75.69389343261719
IMG_0048.mp4,1359,45.3,30.0,332,2,traffic_signs,0.8767416477203369,3030.09228515625,1299.2589111328125,3187.216552734375,1449.3289794921875,3108.6544189453125,1374.2939453125,157.124267578125,150.070068359375
IMG_0048.mp4,1359,45.3,30.0,370,2,traffic_signs,0.7625378966331482,3102.82861328125,164.407958984375,3198.4462890625,240.15213012695312,3150.637451171875,202.28004455566406,95.61767578125,75.74417114257812
IMG_0048.mp4,1360,45.333333333333336,30.0,332,2,traffic_signs,0.8534377813339233,3049.953857421875,1295.684326171875,3209.293701171875,1447.1776123046875,3129.623779296875,1371.4309692382812,159.33984375,151.4932861328125
IMG_0048.mp4,1360,45.333333333333336,30.0,370,2,traffic_signs,0.62303626537323,3105.967041015625,166.290771484375,3199.690673828125,244.3472137451172,3152.828857421875,205.3189926147461,93.7236328125,78.05644226074219
IMG_0048.mp4,1361,45.36666666666667,30.0,332,2,traffic_signs,0.8362950682640076,3069.587890625,1293.064208984375,3231.416015625,1445.170166015625,3150.501953125,1369.1171875,161.828125,152.10595703125
IMG_0048.mp4,1361,45.36666666666667,30.0,371,2,traffic_signs,0.46862831711769104,990.0205078125,1124.7005615234375,1259.127685546875,1843.0107421875,1124.5740966796875,1483.8556518554688,269.107177734375,718.3101806640625
IMG_0048.mp4,1362,45.4,30.0,332,2,traffic_signs,0.593023419380188,3092.543212890625,1289.343994140625,3253.41357421875,1441.722900390625,3172.9783935546875,1365.533447265625,160.870361328125,152.37890625
IMG_0048.mp4,1363,45.43333333333333,30.0,332,2,traffic_signs,0.8745043873786926,3112.50244140625,1285.7987060546875,3272.74951171875,1438.9490966796875,3192.6259765625,1362.3739013671875,160.2470703125,153.150390625
IMG_0048.mp4,1363,45.43333333333333,30.0,370,2,traffic_signs,0.3405704200267792,3114.295166015625,170.67478942871094,3213.652099609375,252.81930541992188,3163.9736328125,211.7470474243164,99.35693359375,82.14451599121094
IMG_0048.mp4,1364,45.46666666666667,30.0,332,2,traffic_signs,0.6912067532539368,3131.93212890625,1282.594482421875,3294.6708984375,1437.98779296875,3213.301513671875,1360.2911376953125,162.73876953125,155.393310546875
IMG_0048.mp4,1365,45.5,30.0,332,2,traffic_signs,0.32278433442115784,3150.695556640625,1279.5244140625,3315.436279296875,1435.25146484375,3233.06591796875,1357.387939453125,164.74072265625,155.72705078125
IMG_0048.mp4,1365,45.5,30.0,372,2,traffic_signs,0.39912575483322144,991.5380859375,1078.4697265625,1178.8182373046875,1880.81689453125,1085.1781616210938,1479.643310546875,187.2801513671875,802.34716796875
IMG_0048.mp4,1365,45.5,30.0,370,2,traffic_signs,0.44897642731666565,3121.698974609375,173.35821533203125,3221.221923828125,254.03514099121094,3171.46044921875,213.6966781616211,99.52294921875,80.67692565917969
IMG_0048.mp4,1366,45.53333333333333,30.0,372,2,traffic_signs,0.42458266019821167,994.4611206054688,1075.9361572265625,1177.46435546875,1870.9764404296875,1085.9627380371094,1473.456298828125,183.00323486328125,795.040283203125
IMG_0048.mp4,1366,45.53333333333333,30.0,370,2,traffic_signs,0.2538924217224121,3126.56982421875,172.03286743164062,3225.18994140625,253.7822723388672,3175.8798828125,212.9075698852539,98.6201171875,81.74940490722656
IMG_0048.mp4,1367,45.56666666666667,30.0,374,2,traffic_signs,0.6135063767433167,3223.78369140625,1.3260592222213745,3305.50146484375,45.59829330444336,3264.642578125,23.462176263332367,81.7177734375,44.272234082221985
IMG_0048.mp4,1369,45.63333333333333,30.0,332,2,traffic_signs,0.33637064695358276,3227.611328125,1267.3538818359375,3395.89990234375,1425.8094482421875,3311.755615234375,1346.5816650390625,168.28857421875,158.45556640625
IMG_0048.mp4,1374,45.8,30.0,332,2,traffic_signs,0.5556418895721436,3315.206787109375,1250.6915283203125,3491.07470703125,1415.872314453125,3403.1407470703125,1333.2819213867188,175.867919921875,165.1807861328125
IMG_0048.mp4,1381,46.03333333333333,30.0,385,2,traffic_signs,0.5933230519294739,3168.945556640625,1704.7998046875,3235.93896484375,1770.3814697265625,3202.4422607421875,1737.5906372070312,66.993408203125,65.5816650390625
IMG_0048.mp4,1382,46.06666666666667,30.0,385,2,traffic_signs,0.39649972319602966,3184.764892578125,1704.426025390625,3248.866455078125,1771.1104736328125,3216.815673828125,1737.7682495117188,64.1015625,66.6844482421875
IMG_0048.mp4,1383,46.1,30.0,385,2,traffic_signs,0.2807420790195465,3197.40966796875,1702.8231201171875,3260.79736328125,1767.984619140625,3229.103515625,1735.4038696289062,63.3876953125,65.1614990234375
IMG_0048.mp4,1384,46.13333333333333,30.0,385,2,traffic_signs,0.6553827524185181,3212.31396484375,1703.1925048828125,3276.411865234375,1769.2718505859375,3244.3629150390625,1736.232177734375,64.097900390625,66.079345703125
IMG_0048.mp4,1385,46.166666666666664,30.0,385,2,traffic_signs,0.48069101572036743,3225.912109375,1702.3837890625,3289.354736328125,1767.7623291015625,3257.6334228515625,1735.0730590820312,63.442626953125,65.3785400390625
IMG_0048.mp4,1386,46.2,30.0,385,2,traffic_signs,0.653191328048706,3238.599365234375,1700.621826171875,3303.619384765625,1768.62841796875,3271.109375,1734.6251220703125,65.02001953125,68.006591796875
IMG_0048.mp4,1386,46.2,30.0,389,2,traffic_signs,0.41936346888542175,3250.56591796875,1.1696854829788208,3352.03662109375,54.820552825927734,3301.30126953125,27.995119154453278,101.470703125,53.650867342948914
IMG_0048.mp4,1387,46.233333333333334,30.0,385,2,traffic_signs,0.6659761667251587,3252.871826171875,1700.694091796875,3318.216796875,1768.4573974609375,3285.5443115234375,1734.5757446289062,65.344970703125,67.7633056640625
IMG_0048.mp4,1387,46.233333333333334,30.0,389,2,traffic_signs,0.45652949810028076,3252.080078125,0.6249499917030334,3354.32470703125,54.39639663696289,3303.202392578125,27.510673314332962,102.24462890625,53.77144664525986
IMG_0048.mp4,1388,46.266666666666666,30.0,385,2,traffic_signs,0.8172902464866638,3264.544677734375,1700.0946044921875,3330.857666015625,1768.029052734375,3297.701171875,1734.0618286132812,66.31298828125,67.9344482421875
IMG_0048.mp4,1388,46.266666666666666,30.0,389,2,traffic_signs,0.4733743369579315,3251.255615234375,0.55186527967453,3352.8681640625,52.4558219909668,3302.0618896484375,26.503843635320663,101.612548828125,51.90395671129227
IMG_0048.mp4,1389,46.3,30.0,385,2,traffic_signs,0.7334123253822327,3277.4267578125,1699.948974609375,3343.0771484375,1767.955322265625,3310.251953125,1733.9521484375,65.650390625,68.00634765625
IMG_0048.mp4,1389,46.3,30.0,389,2,traffic_signs,0.5274146795272827,3249.127685546875,0.9288480877876282,3352.0986328125,50.56700897216797,3300.6131591796875,25.7479285299778,102.970947265625,49.63816088438034
IMG_0048.mp4,1390,46.333333333333336,30.0,385,2,traffic_signs,0.5456796288490295,3289.277099609375,1699.6826171875,3356.22216796875,1767.948486328125,3322.7496337890625,1733.8155517578125,66.945068359375,68.265869140625
IMG_0048.mp4,1390,46.333333333333336,30.0,389,2,traffic_signs,0.4029602110385895,3248.516357421875,1.2028088569641113,3350.10302734375,50.344017028808594,3299.3096923828125,25.773412942886353,101.586669921875,49.14120817184448
IMG_0048.mp4,1390,46.333333333333336,30.0,332,2,traffic_signs,0.5072399377822876,3574.349609375,1186.5616455078125,3782.452880859375,1368.4603271484375,3678.4012451171875,1277.510986328125,208.103271484375,181.898681640625
IMG_0048.mp4,1391,46.36666666666667,30.0,390,2,traffic_signs,0.6228736639022827,2715.98388671875,1052.6011962890625,2788.340087890625,1292.0369873046875,2752.1619873046875,1172.319091796875,72.356201171875,239.435791015625
IMG_0048.mp4,1391,46.36666666666667,30.0,332,2,traffic_signs,0.45792868733406067,3589.369140625,1184.260986328125,3796.99560546875,1364.3529052734375,3693.182373046875,1274.3069458007812,207.62646484375,180.0919189453125
IMG_0048.mp4,1392,46.4,30.0,390,2,traffic_signs,0.5408945083618164,2724.991943359375,1050.333740234375,2794.017822265625,1283.2017822265625,2759.5048828125,1166.7677612304688,69.02587890625,232.8680419921875
IMG_0048.mp4,1392,46.4,30.0,385,2,traffic_signs,0.6090846657752991,3313.70703125,1699.8583984375,3383.36669921875,1767.524658203125,3348.536865234375,1733.6915283203125,69.65966796875,67.666259765625
IMG_0048.mp4,1393,46.43333333333333,30.0,390,2,traffic_signs,0.7352553009986877,2733.787109375,1047.110595703125,2796.609375,1287.27880859375,2765.1982421875,1167.1947021484375,62.822265625,240.168212890625
IMG_0048.mp4,1394,46.46666666666667,30.0,390,2,traffic_signs,0.2955319285392761,2743.646240234375,1042.599609375,2801.456298828125,1298.19091796875,2772.55126953125,1170.395263671875,57.81005859375,255.59130859375
IMG_0048.mp4,1394,46.46666666666667,30.0,385,2,traffic_signs,0.48471400141716003,3338.0634765625,1699.766357421875,3405.91552734375,1768.5501708984375,3371.989501953125,1734.1582641601562,67.85205078125,68.7838134765625
IMG_0048.mp4,1395,46.5,30.0,390,2,traffic_signs,0.4378623366355896,2754.0771484375,1038.4251708984375,2807.63037109375,1301.31640625,2780.853759765625,1169.8707885742188,53.55322265625,262.8912353515625
IMG_0048.mp4,1395,46.5,30.0,385,2,traffic_signs,0.5962150692939758,3351.345458984375,1700.389892578125,3417.0068359375,1770.0889892578125,3384.1761474609375,1735.2394409179688,65.661376953125,69.6990966796875
IMG_0048.mp4,1396,46.53333333333333,30.0,390,2,traffic_signs,0.6782506108283997,2758.48779296875,1037.140625,2814.07470703125,1308.8028564453125,2786.28125,1172.9717407226562,55.5869140625,271.6622314453125
IMG_0048.mp4,1396,46.53333333333333,30.0,385,2,traffic_signs,0.773133397102356,3361.039794921875,1700.3179931640625,3428.5556640625,1769.7867431640625,3394.7977294921875,1735.0523681640625,67.515869140625,69.46875
IMG_0048.mp4,1397,46.56666666666667,30.0,385,2,traffic_signs,0.5797747373580933,3373.48974609375,1700.640380859375,3441.434814453125,1770.4034423828125,3407.4622802734375,1735.5219116210938,67.945068359375,69.7630615234375
IMG_0048.mp4,1399,46.63333333333333,30.0,385,2,traffic_signs,0.454325795173645,3394.74853515625,1700.642822265625,3461.285888671875,1768.9842529296875,3428.0172119140625,1734.8135375976562,66.537353515625,68.3414306640625
IMG_0048.mp4,1400,46.666666666666664,30.0,385,2,traffic_signs,0.6066859364509583,3406.862548828125,1700.9302978515625,3474.099365234375,1770.1168212890625,3440.48095703125,1735.5235595703125,67.23681640625,69.1865234375
IMG_0048.mp4,1400,46.666666666666664,30.0,390,2,traffic_signs,0.3052821457386017,2787.187744140625,1021.2523193359375,2846.3427734375,1324.106689453125,2816.7652587890625,1172.6795043945312,59.155029296875,302.8543701171875
IMG_0048.mp4,1401,46.7,30.0,385,2,traffic_signs,0.44905519485473633,3416.722900390625,1701.2120361328125,3482.684814453125,1770.574951171875,3449.703857421875,1735.8934936523438,65.9619140625,69.3629150390625
IMG_0048.mp4,1401,46.7,30.0,390,2,traffic_signs,0.357637494802475,2793.69970703125,1018.5518188476562,2851.447021484375,1318.9833984375,2822.5733642578125,1168.7676086425781,57.747314453125,300.43157958984375
IMG_0048.mp4,1402,46.733333333333334,30.0,385,2,traffic_signs,0.6388392448425293,3428.300537109375,1702.1419677734375,3494.56005859375,1772.791259765625,3461.4302978515625,1737.4666137695312,66.259521484375,70.6492919921875
IMG_0048.mp4,1403,46.766666666666666,30.0,390,2,traffic_signs,0.4429697096347809,2810.019775390625,1007.3746337890625,2867.11572265625,1300.52587890625,2838.5677490234375,1153.9502563476562,57.095947265625,293.1512451171875
IMG_0048.mp4,1404,46.8,30.0,385,2,traffic_signs,0.626886248588562,3449.377197265625,1703.43359375,3515.584228515625,1773.8414306640625,3482.480712890625,1738.6375122070312,66.20703125,70.4078369140625
IMG_0048.mp4,1405,46.833333333333336,30.0,385,2,traffic_signs,0.2925320565700531,3460.306640625,1704.9058837890625,3528.354248046875,1774.5406494140625,3494.3304443359375,1739.7232666015625,68.047607421875,69.634765625
IMG_0048.mp4,1405,46.833333333333336,30.0,390,2,traffic_signs,0.34396058320999146,2824.20166015625,1002.6885375976562,2882.6689453125,1296.23486328125,2853.435302734375,1149.4617004394531,58.46728515625,293.54632568359375
IMG_0048.mp4,1406,46.86666666666667,30.0,385,2,traffic_signs,0.5742124915122986,3471.039306640625,1704.93408203125,3537.128662109375,1775.338623046875,3504.083984375,1740.1363525390625,66.08935546875,70.404541015625
IMG_0048.mp4,1406,46.86666666666667,30.0,390,2,traffic_signs,0.512042224407196,2832.16064453125,997.6559448242188,2887.680419921875,1299.58935546875,2859.9205322265625,1148.6226501464844,55.519775390625,301.93341064453125
IMG_0048.mp4,1408,46.93333333333333,30.0,390,2,traffic_signs,0.3720731735229492,2845.54345703125,987.529052734375,2903.0751953125,1307.179931640625,2874.309326171875,1147.3544921875,57.53173828125,319.65087890625
IMG_0048.mp4,1409,46.96666666666667,30.0,390,2,traffic_signs,0.6627466082572937,2845.896728515625,985.4554443359375,2909.667724609375,1309.547607421875,2877.7822265625,1147.5015258789062,63.77099609375,324.0921630859375
IMG_0048.mp4,1409,46.96666666666667,30.0,385,2,traffic_signs,0.4725567400455475,3501.613037109375,1707.361572265625,3571.236083984375,1777.6368408203125,3536.424560546875,1742.4992065429688,69.623046875,70.2752685546875
IMG_0048.mp4,1410,47.0,30.0,390,2,traffic_signs,0.5632856488227844,2854.33984375,983.7738647460938,2916.457763671875,1310.6104736328125,2885.3988037109375,1147.1921691894531,62.117919921875,326.83660888671875
IMG_0048.mp4,1410,47.0,30.0,385,2,traffic_signs,0.5236477851867676,3513.117431640625,1709.20703125,3582.343994140625,1780.2186279296875,3547.730712890625,1744.7128295898438,69.2265625,71.0115966796875
IMG_0048.mp4,1411,47.03333333333333,30.0,385,2,traffic_signs,0.42096033692359924,3523.471435546875,1709.05078125,3592.70947265625,1782.0810546875,3558.0904541015625,1745.56591796875,69.238037109375,73.0302734375
IMG_0048.mp4,1413,47.1,30.0,385,2,traffic_signs,0.7010928988456726,3546.0009765625,1710.97021484375,3614.63623046875,1784.6610107421875,3580.318603515625,1747.8156127929688,68.63525390625,73.6907958984375
IMG_0048.mp4,1414,47.13333333333333,30.0,385,2,traffic_signs,0.4059623181819916,3556.021484375,1711.9840087890625,3625.500244140625,1785.168212890625,3590.7608642578125,1748.5761108398438,69.478759765625,73.1842041015625
IMG_0048.mp4,1414,47.13333333333333,30.0,390,2,traffic_signs,0.3003801703453064,2889.50927734375,968.5786743164062,2944.5966796875,1313.951171875,2917.052978515625,1141.2649230957031,55.08740234375,345.37249755859375
IMG_0048.mp4,1415,47.166666666666664,30.0,385,2,traffic_signs,0.5018813610076904,3568.447021484375,1712.2950439453125,3638.488037109375,1786.72021484375,3603.467529296875,1749.5076293945312,70.041015625,74.4251708984375
IMG_0048.mp4,1416,47.2,30.0,385,2,traffic_signs,0.46745213866233826,3578.045166015625,1712.1558837890625,3647.93798828125,1786.78564453125,3612.9915771484375,1749.4707641601562,69.892822265625,74.6297607421875
IMG_0048.mp4,1416,47.2,30.0,390,2,traffic_signs,0.6798216700553894,2901.046142578125,957.1324462890625,2961.607666015625,1270.19482421875,2931.326904296875,1113.6636352539062,60.5615234375,313.0623779296875
IMG_0048.mp4,1417,47.233333333333334,30.0,385,2,traffic_signs,0.6599916219711304,3587.741943359375,1713.2623291015625,3658.193359375,1787.4124755859375,3622.9676513671875,1750.33740234375,70.451416015625,74.150146484375
IMG_0048.mp4,1417,47.233333333333334,30.0,390,2,traffic_signs,0.5167129635810852,2905.210205078125,953.3186645507812,2968.62744140625,1275.2799072265625,2936.9188232421875,1114.2992858886719,63.417236328125,321.96124267578125
IMG_0048.mp4,1418,47.266666666666666,30.0,385,2,traffic_signs,0.5942054390907288,3598.770263671875,1713.7242431640625,3670.587646484375,1788.5858154296875,3634.678955078125,1751.155029296875,71.8173828125,74.861572265625
IMG_0048.mp4,1419,47.3,30.0,385,2,traffic_signs,0.6678366661071777,3607.060791015625,1714.0506591796875,3680.173583984375,1789.075927734375,3643.6171875,1751.5632934570312,73.11279296875,75.0252685546875
IMG_0048.mp4,1420,47.333333333333336,30.0,385,2,traffic_signs,0.4054349362850189,3617.490478515625,1715.30908203125,3691.4345703125,1791.1383056640625,3654.4625244140625,1753.2236938476562,73.944091796875,75.8292236328125
IMG_0048.mp4,1420,47.333333333333336,30.0,390,2,traffic_signs,0.3957824110984802,2924.48291015625,943.0759887695312,2990.3681640625,1290.334228515625,2957.425537109375,1116.7051086425781,65.88525390625,347.25823974609375
IMG_0048.mp4,1421,47.36666666666667,30.0,390,2,traffic_signs,0.28205007314682007,2932.58447265625,936.817626953125,2996.931396484375,1283.149658203125,2964.7579345703125,1109.983642578125,64.346923828125,346.33203125
IMG_0048.mp4,1422,47.4,30.0,385,2,traffic_signs,0.4305779039859772,3640.24560546875,1719.0655517578125,3711.53955078125,1795.4710693359375,3675.892578125,1757.268310546875,71.2939453125,76.405517578125
IMG_0048.mp4,1423,47.43333333333333,30.0,390,2,traffic_signs,0.25538671016693115,2943.305419921875,928.6939086914062,3010.499755859375,1268.33349609375,2976.902587890625,1098.5137023925781,67.1943359375,339.63958740234375
IMG_0048.mp4,1424,47.46666666666667,30.0,385,2,traffic_signs,0.31561070680618286,3663.7138671875,1721.011474609375,3735.649169921875,1797.3580322265625,3699.6815185546875,1759.1847534179688,71.935302734375,76.3465576171875
IMG_0048.mp4,1430,47.666666666666664,30.0,385,2,traffic_signs,0.5390896201133728,3735.071533203125,1730.9351806640625,3810.324462890625,1807.3807373046875,3772.697998046875,1769.157958984375,75.2529296875,76.445556640625
IMG_0048.mp4,1431,47.7,30.0,385,2,traffic_signs,0.7294232249259949,3748.798828125,1733.0091552734375,3824.523681640625,1808.60986328125,3786.6612548828125,1770.8095092773438,75.724853515625,75.6007080078125
IMG_0048.mp4,1432,47.733333333333334,30.0,385,2,traffic_signs,0.8726489543914795,3762.39990234375,1734.34765625,3837.173828125,1810.0771484375,3799.786865234375,1772.21240234375,74.77392578125,75.7294921875
IMG_0048.mp4,1433,47.766666666666666,30.0,385,2,traffic_signs,0.5472317934036255,3776.116943359375,1734.8302001953125,3840.0,1811.3270263671875,3808.0584716796875,1773.07861328125,63.883056640625,76.496826171875
IMG_0048.mp4,1435,47.833333333333336,30.0,385,2,traffic_signs,0.6387675404548645,3803.14306640625,1738.0223388671875,3840.0,1808.91015625,3821.571533203125,1773.4662475585938,36.85693359375,70.8878173828125
IMG_0048.mp4,1448,48.266666666666666,30.0,404,2,traffic_signs,0.37222740054130554,2100.45263671875,1610.8319091796875,2121.533203125,1637.1693115234375,2110.992919921875,1624.0006103515625,21.08056640625,26.33740234375
IMG_0048.mp4,1492,49.733333333333334,30.0,410,2,traffic_signs,0.752360999584198,5.691641807556152,1167.6552734375,103.4305648803711,1293.6966552734375,54.56110334396362,1230.6759643554688,97.73892307281494,126.0413818359375
IMG_0048.mp4,1493,49.766666666666666,30.0,410,2,traffic_signs,0.7157906293869019,11.388497352600098,1168.5557861328125,140.98568725585938,1299.2186279296875,76.18709230422974,1233.88720703125,129.59718990325928,130.662841796875
IMG_0048.mp4,1494,49.8,30.0,410,2,traffic_signs,0.9270517826080322,19.97661590576172,1172.784912109375,182.74737548828125,1303.2110595703125,101.36199569702148,1237.9979858398438,162.77075958251953,130.4261474609375
IMG_0048.mp4,1495,49.833333333333336,30.0,410,2,traffic_signs,0.9399684071540833,52.4823112487793,1176.6072998046875,221.06256103515625,1306.3023681640625,136.77243614196777,1241.454833984375,168.58024978637695,129.695068359375
IMG_0048.mp4,1496,49.86666666666667,30.0,410,2,traffic_signs,0.9498336911201477,91.82453155517578,1181.5543212890625,261.2291259765625,1310.1756591796875,176.52682876586914,1245.864990234375,169.40459442138672,128.621337890625
IMG_0048.mp4,1497,49.9,30.0,410,2,traffic_signs,0.9543511271476746,133.84954833984375,1182.3797607421875,302.31671142578125,1314.2586669921875,218.0831298828125,1248.3192138671875,168.4671630859375,131.87890625
IMG_0048.mp4,1498,49.93333333333333,30.0,410,2,traffic_signs,0.49466487765312195,171.4711456298828,1186.359130859375,341.25067138671875,1317.4774169921875,256.3609085083008,1251.9182739257812,169.77952575683594,131.1182861328125
IMG_0048.mp4,1499,49.96666666666667,30.0,410,2,traffic_signs,0.8672876358032227,213.67572021484375,1190.48828125,382.8492431640625,1321.816162109375,298.2624816894531,1256.1522216796875,169.17352294921875,131.327880859375
IMG_0048.mp4,1500,50.0,30.0,410,2,traffic_signs,0.9280250668525696,256.6134033203125,1193.285400390625,424.74932861328125,1325.094482421875,340.6813659667969,1259.18994140625,168.13592529296875,131.80908203125
IMG_0048.mp4,1500,50.0,30.0,413,1,traffic_lights,0.823974609375,7.838820457458496,420.41766357421875,171.44342041015625,1229.8580322265625,89.64112043380737,825.1378479003906,163.60459995269775,809.4403686523438
IMG_0048.mp4,1500,50.0,30.0,414,2,traffic_signs,0.7196963429450989,84.526611328125,1100.9251708984375,226.9335479736328,1189.1551513671875,155.7300796508789,1145.0401611328125,142.4069366455078,88.22998046875
IMG_0048.mp4,1501,50.03333333333333,30.0,410,2,traffic_signs,0.9198341965675354,296.1037902832031,1199.89306640625,462.46380615234375,1328.8204345703125,379.28379821777344,1264.3567504882812,166.36001586914062,128.9273681640625
IMG_0048.mp4,1501,50.03333333333333,30.0,413,1,traffic_lights,0.8576917052268982,10.900638580322266,447.7861328125,208.2679901123047,1236.6116943359375,109.58431434631348,842.1989135742188,197.36735153198242,788.8255615234375
IMG_0048.mp4,1501,50.03333333333333,30.0,414,2,traffic_signs,0.8856725096702576,126.93748474121094,1105.85400390625,265.6158447265625,1194.39404296875,196.27666473388672,1150.1240234375,138.67835998535156,88.5400390625
IMG_0048.mp4,1502,50.06666666666667,30.0,410,2,traffic_signs,0.9113067984580994,337.54986572265625,1204.6839599609375,502.4560546875,1332.620849609375,420.0029602050781,1268.6524047851562,164.90618896484375,127.9368896484375
IMG_0048.mp4,1502,50.06666666666667,30.0,413,1,traffic_lights,0.8132007122039795,15.422816276550293,499.038818359375,251.24163818359375,1238.590576171875,133.33222723007202,868.814697265625,235.81882190704346,739.5517578125
IMG_0048.mp4,1502,50.06666666666667,30.0,414,2,traffic_signs,0.45902568101882935,172.98641967773438,1112.357666015625,309.14892578125,1195.534912109375,241.0676727294922,1153.9462890625,136.16250610351562,83.17724609375
IMG_0048.mp4,1503,50.1,30.0,410,2,traffic_signs,0.9221272468566895,380.4334411621094,1208.0950927734375,543.2637939453125,1336.459716796875,461.84861755371094,1272.2774047851562,162.83035278320312,128.3646240234375
IMG_0048.mp4,1503,50.1,30.0,413,1,traffic_lights,0.3553088903427124,17.53435516357422,522.7525634765625,288.66534423828125,1248.0220947265625,153.09984970092773,885.3873291015625,271.13098907470703,725.26953125
IMG_0048.mp4,1503,50.1,30.0,414,2,traffic_signs,0.6637775301933289,213.9319610595703,1116.942138671875,356.57537841796875,1198.85498046875,285.25366973876953,1157.8985595703125,142.64341735839844,81.912841796875
IMG_0048.mp4,1503,50.1,30.0,417,2,traffic_signs,0.8326892256736755,206.6505126953125,1213.9205322265625,300.1042785644531,1273.846435546875,253.3773956298828,1243.8834838867188,93.45376586914062,59.9259033203125
IMG_0048.mp4,1504,50.13333333333333,30.0,410,2,traffic_signs,0.9090949296951294,420.8230285644531,1212.759033203125,585.0728759765625,1340.2213134765625,502.9479522705078,1276.4901733398438,164.24984741210938,127.4622802734375
IMG_0048.mp4,1504,50.13333333333333,30.0,414,2,traffic_signs,0.6421836018562317,256.44061279296875,1119.4588623046875,405.14349365234375,1204.6710205078125,330.79205322265625,1162.06494140625,148.702880859375,85.212158203125
IMG_0048.mp4,1504,50.13333333333333,30.0,417,2,traffic_signs,0.5846570730209351,248.54127502441406,1218.125732421875,343.0834655761719,1280.5460205078125,295.81237030029297,1249.3358764648438,94.54219055175781,62.4202880859375
IMG_0048.mp4,1505,50.166666666666664,30.0,410,2,traffic_signs,0.9224480390548706,461.84527587890625,1215.9755859375,626.98095703125,1344.6552734375,544.4131164550781,1280.3154296875,165.13568115234375,128.6796875
IMG_0048.mp4,1505,50.166666666666664,30.0,414,2,traffic_signs,0.8850715160369873,299.7172546386719,1123.62158203125,448.06561279296875,1216.3763427734375,373.8914337158203,1169.9989624023438,148.34835815429688,92.7547607421875
IMG_0048.mp4,1505,50.166666666666664,30.0,417,2,traffic_signs,0.35036808252334595,293.8285217285156,1222.5386962890625,385.87457275390625,1284.481201171875,339.85154724121094,1253.5099487304688,92.04605102539062,61.9425048828125
IMG_0048.mp4,1506,50.2,30.0,410,2,traffic_signs,0.9276990294456482,500.2637634277344,1219.017333984375,667.368896484375,1348.28564453125,583.8163299560547,1283.6514892578125,167.10513305664062,129.268310546875
IMG_0048.mp4,1506,50.2,30.0,414,2,traffic_signs,0.6259732246398926,340.7330627441406,1128.2237548828125,491.8408203125,1223.5902099609375,416.2869415283203,1175.906982421875,151.10775756835938,95.366455078125
IMG_0048.mp4,1507,50.233333333333334,30.0,410,2,traffic_signs,0.9328867197036743,538.8737182617188,1222.5445556640625,705.9198608398438,1351.995849609375,622.3967895507812,1287.2702026367188,167.046142578125,129.4512939453125
IMG_0048.mp4,1507,50.233333333333334,30.0,417,2,traffic_signs,0.3733503222465515,376.6064453125,1230.761474609375,473.1044616699219,1292.52685546875,424.85545349121094,1261.6441650390625,96.49801635742188,61.765380859375
IMG_0048.mp4,1508,50.266666666666666,30.0,410,2,traffic_signs,0.9420639276504517,581.5003662109375,1225.799072265625,744.5963745117188,1354.0850830078125,663.0483703613281,1289.9420776367188,163.09600830078125,128.2860107421875
IMG_0048.mp4,1508,50.266666666666666,30.0,419,1,traffic_lights,0.5904215574264526,10.593083381652832,558.4200439453125,177.5421142578125,1240.09423828125,94.06759881973267,899.2571411132812,166.94903087615967,681.6741943359375
IMG_0048.mp4,1508,50.266666666666666,30.0,417,2,traffic_signs,0.5094173550605774,420.7807312011719,1235.560791015625,515.6204833984375,1294.5018310546875,468.2006072998047,1265.0313110351562,94.83975219726562,58.9410400390625
IMG_0048.mp4,1508,50.266666666666666,30.0,414,2,traffic_signs,0.48879358172416687,424.7283020019531,1136.50439453125,567.4956665039062,1225.8282470703125,496.1119842529297,1181.1663208007812,142.76736450195312,89.3238525390625
IMG_0048.mp4,1509,50.3,30.0,410,2,traffic_signs,0.9437885880470276,622.1083374023438,1229.37744140625,785.1973876953125,1356.2772216796875,703.6528625488281,1292.8273315429688,163.08905029296875,126.8997802734375
IMG_0048.mp4,1509,50.3,30.0,417,2,traffic_signs,0.5849064588546753,460.8210754394531,1238.3883056640625,558.31103515625,1296.6473388671875,509.56605529785156,1267.517822265625,97.48995971679688,58.259033203125
IMG_0048.mp4,1509,50.3,30.0,414,2,traffic_signs,0.6073393225669861,465.9924621582031,1140.1712646484375,610.6380004882812,1230.00146484375,538.3152313232422,1185.0863647460938,144.64553833007812,89.8302001953125
IMG_0048.mp4,1510,50.333333333333336,30.0,414,2,traffic_signs,0.6630743741989136,509.4546813964844,1144.3675537109375,650.6546630859375,1236.3560791015625,580.0546722412109,1190.36181640625,141.19998168945312,91.988525390625
IMG_0048.mp4,1511,50.36666666666667,30.0,414,2,traffic_signs,0.8629753589630127,546.2496948242188,1148.6514892578125,696.9714965820312,1241.6004638671875,621.610595703125,1195.1259765625,150.7218017578125,92.948974609375
IMG_0048.mp4,1511,50.36666666666667,30.0,420,2,traffic_signs,0.5552775263786316,542.392822265625,1148.026123046875,691.7787475585938,1259.9088134765625,617.0857849121094,1203.9674682617188,149.38592529296875,111.8826904296875
IMG_0048.mp4,1511,50.36666666666667,30.0,410,2,traffic_signs,0.5816450119018555,704.9454345703125,1236.57958984375,866.4190063476562,1363.4761962890625,785.6822204589844,1300.0278930664062,161.47357177734375,126.8966064453125
IMG_0048.mp4,1512,50.4,30.0,410,2,traffic_signs,0.8708747625350952,746.529052734375,1239.7542724609375,906.9550170898438,1366.5523681640625,826.7420349121094,1303.1533203125,160.42596435546875,126.798095703125
IMG_0048.mp4,1512,50.4,30.0,417,2,traffic_signs,0.3080478310585022,587.38525390625,1250.16748046875,680.1929321289062,1309.0535888671875,633.7890930175781,1279.6105346679688,92.80767822265625,58.8861083984375
IMG_0048.mp4,1513,50.43333333333333,30.0,410,2,traffic_signs,0.9020693302154541,783.726806640625,1244.0791015625,944.3085327148438,1369.2310791015625,864.0176696777344,1306.6550903320312,160.58172607421875,125.1519775390625
IMG_0048.mp4,1513,50.43333333333333,30.0,414,2,traffic_signs,0.5548065900802612,632.44970703125,1156.6102294921875,779.5177612304688,1250.3238525390625,705.9837341308594,1203.467041015625,147.06805419921875,93.713623046875
IMG_0048.mp4,1513,50.43333333333333,30.0,420,2,traffic_signs,0.42333871126174927,627.3878173828125,1155.59375,782.3394165039062,1266.1361083984375,704.8636169433594,1210.8649291992188,154.95159912109375,110.5423583984375
IMG_0048.mp4,1514,50.46666666666667,30.0,410,2,traffic_signs,0.9133598208427429,820.6527709960938,1249.1148681640625,986.2642211914062,1372.6806640625,903.45849609375,1310.8977661132812,165.6114501953125,123.5657958984375
IMG_0048.mp4,1514,50.46666666666667,30.0,414,2,traffic_signs,0.5013494491577148,673.7593994140625,1160.2623291015625,819.5687866210938,1252.91357421875,746.6640930175781,1206.5879516601562,145.80938720703125,92.6512451171875
IMG_0048.mp4,1514,50.46666666666667,30.0,420,2,traffic_signs,0.29728052020072937,668.8612060546875,1159.82666015625,829.037841796875,1263.1771240234375,748.9495239257812,1211.5018920898438,160.1766357421875,103.3504638671875
IMG_0048.mp4,1515,50.5,30.0,410,2,traffic_signs,0.8924245834350586,862.0829467773438,1254.283935546875,1029.415771484375,1375.7269287109375,945.7493591308594,1315.0054321289062,167.33282470703125,121.4429931640625
IMG_0048.mp4,1515,50.5,30.0,414,2,traffic_signs,0.8435975313186646,713.7525634765625,1165.0128173828125,856.6572875976562,1257.131103515625,785.2049255371094,1211.0719604492188,142.90472412109375,92.1182861328125
IMG_0048.mp4,1515,50.5,30.0,417,2,traffic_signs,0.4300856292247772,713.0401611328125,1262.2774658203125,809.7301635742188,1319.684814453125,761.3851623535156,1290.9811401367188,96.69000244140625,57.4073486328125
IMG_0048.mp4,1516,50.53333333333333,30.0,410,2,traffic_signs,0.7674216628074646,905.3422241210938,1257.782958984375,1068.079345703125,1379.6571044921875,986.7107849121094,1318.7200317382812,162.73712158203125,121.8741455078125
IMG_0048.mp4,1516,50.53333333333333,30.0,414,2,traffic_signs,0.8334516882896423,756.2335815429688,1168.0570068359375,893.9075927734375,1263.6944580078125,825.0705871582031,1215.875732421875,137.67401123046875,95.637451171875
IMG_0048.mp4,1517,50.56666666666667,30.0,410,2,traffic_signs,0.8903548121452332,946.4891357421875,1259.914794921875,1108.955078125,1383.1461181640625,1027.7221069335938,1321.5304565429688,162.4659423828125,123.2313232421875
IMG_0048.mp4,1517,50.56666666666667,30.0,414,2,traffic_signs,0.7933257222175598,797.7286376953125,1170.8687744140625,936.1393432617188,1271.3148193359375,866.9339904785156,1221.091796875,138.41070556640625,100.446044921875
IMG_0048.mp4,1518,50.6,30.0,410,2,traffic_signs,0.9087570309638977,990.1881103515625,1261.8331298828125,1153.1651611328125,1386.7647705078125,1071.6766357421875,1324.2989501953125,162.97705078125,124.931640625
IMG_0048.mp4,1518,50.6,30.0,414,2,traffic_signs,0.9019980430603027,837.6607055664062,1174.267578125,980.3377075195312,1276.345703125,908.9992065429688,1225.306640625,142.677001953125,102.078125
IMG_0048.mp4,1519,50.63333333333333,30.0,410,2,traffic_signs,0.8497357368469238,1032.2689208984375,1264.56103515625,1192.0965576171875,1389.0023193359375,1112.1827392578125,1326.7816772460938,159.82763671875,124.4412841796875
IMG_0048.mp4,1519,50.63333333333333,30.0,414,2,traffic_signs,0.8669238090515137,879.7125854492188,1178.148681640625,1019.7802734375,1277.206787109375,949.7464294433594,1227.677734375,140.06768798828125,99.05810546875
IMG_0048.mp4,1519,50.63333333333333,30.0,425,1,traffic_lights,0.757735013961792,8.902509689331055,57.59688949584961,204.5655975341797,577.3806762695312,106.73405361175537,317.48878288269043,195.66308784484863,519.7837867736816
IMG_0048.mp4,1519,50.63333333333333,30.0,417,2,traffic_signs,0.4782998859882355,878.3922729492188,1278.279296875,964.6746215820312,1334.4798583984375,921.533447265625,1306.3795776367188,86.2823486328125,56.2005615234375
IMG_0048.mp4,1520,50.666666666666664,30.0,410,2,traffic_signs,0.9178727269172668,1074.6180419921875,1267.62451171875,1232.1409912109375,1392.5228271484375,1153.3795166015625,1330.0736694335938,157.52294921875,124.8983154296875
IMG_0048.mp4,1520,50.666666666666664,30.0,414,2,traffic_signs,0.6742832064628601,922.3989868164062,1180.7213134765625,1058.5726318359375,1277.9205322265625,990.4858093261719,1229.3209228515625,136.17364501953125,97.19921875
IMG_0048.mp4,1520,50.666666666666664,30.0,425,1,traffic_lights,0.5144610404968262,14.57913875579834,56.73741912841797,253.19186401367188,572.4649658203125,133.8855013847351,314.60119247436523,238.61272525787354,515.7275466918945
IMG_0048.mp4,1520,50.666666666666664,30.0,417,2,traffic_signs,0.5006756782531738,918.7220458984375,1280.3798828125,1009.6663208007812,1337.7109375,964.1941833496094,1309.04541015625,90.94427490234375,57.3310546875
IMG_0048.mp4,1521,50.7,30.0,410,2,traffic_signs,0.9260016083717346,1116.58642578125,1271.25146484375,1273.280517578125,1395.9622802734375,1194.9334716796875,1333.6068725585938,156.694091796875,124.7108154296875
IMG_0048.mp4,1521,50.7,30.0,414,2,traffic_signs,0.79591965675354,964.6802368164062,1183.7110595703125,1098.5018310546875,1286.8392333984375,1031.5910339355469,1235.275146484375,133.82159423828125,103.128173828125
IMG_0048.mp4,1521,50.7,30.0,425,1,traffic_lights,0.6061272025108337,13.221134185791016,56.13595962524414,297.8348083496094,581.6392211914062,155.5279712677002,318.8875904083252,284.61367416381836,525.5032615661621
IMG_0048.mp4,1521,50.7,30.0,417,2,traffic_signs,0.678320050239563,961.7711791992188,1285.042236328125,1049.3717041015625,1340.522705078125,1005.5714416503906,1312.782470703125,87.60052490234375,55.48046875
IMG_0048.mp4,1522,50.733333333333334,30.0,410,2,traffic_signs,0.9320749044418335,1154.75244140625,1274.619873046875,1314.0562744140625,1398.45947265625,1234.4043579101562,1336.5396728515625,159.3038330078125,123.839599609375
IMG_0048.mp4,1522,50.733333333333334,30.0,414,2,traffic_signs,0.8691067695617676,1003.5454711914062,1187.0230712890625,1141.326904296875,1290.4300537109375,1072.4361877441406,1238.7265625,137.78143310546875,103.406982421875
IMG_0048.mp4,1522,50.733333333333334,30.0,417,2,traffic_signs,0.6327926516532898,1004.0787963867188,1287.8031005859375,1090.463134765625,1342.6297607421875,1047.2709655761719,1315.2164306640625,86.38433837890625,54.82666015625
IMG_0048.mp4,1523,50.766666666666666,30.0,410,2,traffic_signs,0.8602557182312012,1195.3773193359375,1276.4176025390625,1355.1329345703125,1399.816650390625,1275.255126953125,1338.1171264648438,159.755615234375,123.3990478515625
IMG_0048.mp4,1523,50.766666666666666,30.0,414,2,traffic_signs,0.8680852651596069,1044.5828857421875,1189.4962158203125,1183.2652587890625,1289.529052734375,1113.924072265625,1239.5126342773438,138.682373046875,100.0328369140625
IMG_0048.mp4,1523,50.766666666666666,30.0,427,2,traffic_signs,0.5235428810119629,1190.93896484375,1273.2314453125,1354.9041748046875,1395.847412109375,1272.9215698242188,1334.5394287109375,163.9652099609375,122.615966796875
IMG_0048.mp4,1524,50.8,30.0,410,2,traffic_signs,0.8192873001098633,1235.28759765625,1278.91650390625,1395.843505859375,1402.0443115234375,1315.5655517578125,1340.4804077148438,160.555908203125,123.1278076171875
IMG_0048.mp4,1524,50.8,30.0,414,2,traffic_signs,0.8613342046737671,1087.9827880859375,1192.1168212890625,1223.9962158203125,1292.2115478515625,1155.989501953125,1242.1641845703125,136.013427734375,100.0947265625
IMG_0048.mp4,1525,50.833333333333336,30.0,410,2,traffic_signs,0.8201136589050293,1274.2386474609375,1282.1153564453125,1439.8284912109375,1405.7911376953125,1357.0335693359375,1343.9532470703125,165.58984375,123.67578125
IMG_0048.mp4,1525,50.833333333333336,30.0,414,2,traffic_signs,0.753732442855835,1130.7093505859375,1195.25634765625,1265.686767578125,1298.016357421875,1198.1980590820312,1246.6363525390625,134.9774169921875,102.760009765625
IMG_0048.mp4,1526,50.86666666666667,30.0,410,2,traffic_signs,0.43186575174331665,1317.1165771484375,1283.9466552734375,1480.3533935546875,1408.46240234375,1398.7349853515625,1346.2045288085938,163.23681640625,124.5157470703125
IMG_0048.mp4,1527,50.9,30.0,410,2,traffic_signs,0.860930860042572,1354.5042724609375,1285.816162109375,1522.159912109375,1411.1971435546875,1438.3320922851562,1348.5066528320312,167.6556396484375,125.3809814453125
IMG_0048.mp4,1527,50.9,30.0,414,2,traffic_signs,0.7370291948318481,1211.86474609375,1201.1033935546875,1350.98681640625,1301.368408203125,1281.42578125,1251.2359008789062,139.1220703125,100.2650146484375
IMG_0048.mp4,1528,50.93333333333333,30.0,410,2,traffic_signs,0.9177261590957642,1361.4879150390625,1288.06787109375,1567.1265869140625,1413.444091796875,1464.3072509765625,1350.7559814453125,205.638671875,125.376220703125
IMG_0048.mp4,1528,50.93333333333333,30.0,414,2,traffic_signs,0.793056845664978,1255.3900146484375,1204.08544921875,1391.6552734375,1305.9527587890625,1323.5226440429688,1255.0191040039062,136.2652587890625,101.8673095703125
IMG_0048.mp4,1529,50.96666666666667,30.0,410,2,traffic_signs,0.8981754779815674,1412.16259765625,1291.3736572265625,1608.8914794921875,1416.4580078125,1510.5270385742188,1353.9158325195312,196.7288818359375,125.0843505859375
IMG_0048.mp4,1529,50.96666666666667,30.0,414,2,traffic_signs,0.6915109753608704,1297.9173583984375,1207.054931640625,1434.3387451171875,1311.7310791015625,1366.1280517578125,1259.3930053710938,136.42138671875,104.6761474609375
IMG_0048.mp4,1529,50.96666666666667,30.0,425,1,traffic_lights,0.704395055770874,9.440061569213867,46.03900909423828,640.2313232421875,645.76123046875,324.8356924057007,345.90011978149414,630.7912616729736,599.7222213745117
IMG_0048.mp4,1530,51.0,30.0,410,2,traffic_signs,0.789678156375885,1465.0164794921875,1295.652587890625,1646.7288818359375,1418.656005859375,1555.8726806640625,1357.154296875,181.71240234375,123.00341796875
IMG_0048.mp4,1530,51.0,30.0,414,2,traffic_signs,0.8735830783843994,1334.6666259765625,1210.171142578125,1475.6583251953125,1310.96923828125,1405.1624755859375,1260.5701904296875,140.99169921875,100.798095703125
IMG_0048.mp4,1530,51.0,30.0,425,1,traffic_lights,0.5283684730529785,6.414300441741943,43.672122955322266,678.7806396484375,660.436767578125,342.5974700450897,352.05444526672363,672.3663392066956,616.7646446228027
IMG_0048.mp4,1531,51.03333333333333,30.0,410,2,traffic_signs,0.8974795937538147,1496.2535400390625,1298.6971435546875,1689.30908203125,1421.494873046875,1592.7813110351562,1360.0960083007812,193.0555419921875,122.7977294921875
IMG_0048.mp4,1531,51.03333333333333,30.0,414,2,traffic_signs,0.7570133209228516,1377.76708984375,1213.8443603515625,1518.0931396484375,1312.701416015625,1447.9301147460938,1263.2728881835938,140.3260498046875,98.8570556640625
IMG_0048.mp4,1531,51.03333333333333,30.0,425,1,traffic_lights,0.87343430519104,6.1002116203308105,43.951629638671875,728.369384765625,663.1430053710938,367.2347981929779,353.5473175048828,722.2691731452942,619.1913757324219
IMG_0048.mp4,1532,51.06666666666667,30.0,410,2,traffic_signs,0.8954447507858276,1545.001708984375,1301.1055908203125,1729.175537109375,1424.2042236328125,1637.088623046875,1362.6549072265625,184.173828125,123.0986328125
IMG_0048.mp4,1532,51.06666666666667,30.0,414,2,traffic_signs,0.8041441440582275,1420.774658203125,1215.425537109375,1556.4774169921875,1315.391845703125,1488.6260375976562,1265.40869140625,135.7027587890625,99.96630859375
IMG_0048.mp4,1532,51.06666666666667,30.0,425,1,traffic_lights,0.5293305516242981,3.8534576892852783,45.472843170166016,765.2704467773438,664.1796264648438,384.5619522333145,354.8262348175049,761.4169890880585,618.7067832946777
IMG_0048.mp4,1533,51.1,30.0,410,2,traffic_signs,0.9044037461280823,1557.392822265625,1302.7470703125,1770.4161376953125,1426.4007568359375,1663.9044799804688,1364.5739135742188,213.0233154296875,123.6536865234375
IMG_0048.mp4,1533,51.1,30.0,414,2,traffic_signs,0.9024890661239624,1457.968505859375,1217.592529296875,1597.778564453125,1321.723388671875,1527.87353515625,1269.657958984375,139.81005859375,104.130859375
IMG_0048.mp4,1533,51.1,30.0,425,1,traffic_lights,0.9256940484046936,3.6736061573028564,44.68644332885742,815.3671875,672.3317260742188,409.5203968286514,358.5090847015381,811.6935813426971,627.6452827453613
IMG_0048.mp4,1533,51.1,30.0,438,2,traffic_signs,0.8671295046806335,7.619429111480713,1177.7860107421875,183.58541870117188,1349.430908203125,95.6024239063263,1263.6084594726562,175.96598958969116,171.6448974609375
IMG_0048.mp4,1534,51.13333333333333,30.0,410,2,traffic_signs,0.87637859582901,1626.8883056640625,1305.9940185546875,1811.2396240234375,1428.53076171875,1719.06396484375,1367.2623901367188,184.351318359375,122.5367431640625
IMG_0048.mp4,1534,51.13333333333333,30.0,414,2,traffic_signs,0.8737931251525879,1499.0335693359375,1220.662841796875,1639.9129638671875,1319.95068359375,1569.4732666015625,1270.3067626953125,140.87939453125,99.287841796875
IMG_0048.mp4,1534,51.13333333333333,30.0,425,1,traffic_lights,0.9016124606132507,4.359521389007568,42.14479446411133,861.0637817382812,683.1884155273438,432.7116515636444,362.66660499572754,856.7042603492737,641.0436210632324
IMG_0048.mp4,1534,51.13333333333333,30.0,438,2,traffic_signs,0.654236376285553,12.193513870239258,1112.7437744140625,233.01071166992188,1358.501953125,122.60211277008057,1235.6228637695312,220.81719779968262,245.7581787109375
IMG_0048.mp4,1535,51.166666666666664,30.0,410,2,traffic_signs,0.9136962890625,1665.7781982421875,1308.13916015625,1851.9554443359375,1430.0689697265625,1758.8668212890625,1369.1040649414062,186.17724609375,121.9298095703125
IMG_0048.mp4,1535,51.166666666666664,30.0,414,2,traffic_signs,0.8953813910484314,1539.2769775390625,1224.125732421875,1676.6693115234375,1321.6766357421875,1607.97314453125,1272.9011840820312,137.392333984375,97.5509033203125
IMG_0048.mp4,1535,51.166666666666664,30.0,425,1,traffic_lights,0.6862582564353943,6.976693630218506,44.70751953125,904.346923828125,689.83203125,455.66180872917175,367.269775390625,897.3702301979065,645.12451171875
IMG_0048.mp4,1535,51.166666666666664,30.0,438,2,traffic_signs,0.7236259579658508,74.54869842529297,1170.741455078125,282.7273254394531,1357.312744140625,178.63801193237305,1264.027099609375,208.17862701416016,186.5712890625
IMG_0048.mp4,1536,51.2,30.0,410,2,traffic_signs,0.9154766798019409,1714.6361083984375,1309.3621826171875,1893.169677734375,1433.25048828125,1803.9028930664062,1371.3063354492188,178.5335693359375,123.8883056640625
IMG_0048.mp4,1536,51.2,30.0,414,2,traffic_signs,0.45371776819229126,1578.36181640625,1224.178466796875,1719.96728515625,1324.861572265625,1649.16455078125,1274.52001953125,141.60546875,100.68310546875
IMG_0048.mp4,1536,51.2,30.0,425,1,traffic_lights,0.5510097742080688,12.984718322753906,46.85266876220703,944.7274780273438,693.2704467773438,478.8560981750488,370.0615577697754,931.7427597045898,646.4177780151367
IMG_0048.mp4,1536,51.2,30.0,438,2,traffic_signs,0.7783648371696472,131.18511962890625,1207.7274169921875,330.42327880859375,1356.756103515625,230.80419921875,1282.2417602539062,199.2381591796875,149.0286865234375
IMG_0048.mp4,1537,51.233333333333334,30.0,410,2,traffic_signs,0.8880172371864319,1760.4083251953125,1313.1705322265625,1935.190185546875,1437.1141357421875,1847.7992553710938,1375.142333984375,174.7818603515625,123.943603515625
IMG_0048.mp4,1537,51.233333333333334,30.0,414,2,traffic_signs,0.7043946981430054,1622.5135498046875,1226.2896728515625,1762.2364501953125,1323.501220703125,1692.375,1274.8954467773438,139.722900390625,97.2115478515625
IMG_0048.mp4,1537,51.233333333333334,30.0,425,1,traffic_lights,0.4593290388584137,9.842387199401855,51.34611129760742,991.1270751953125,693.4883422851562,500.4847311973572,372.41722679138184,981.2846879959106,642.1422309875488
IMG_0048.mp4,1537,51.233333333333334,30.0,438,2,traffic_signs,0.8713666796684265,183.69244384765625,1217.3580322265625,377.630859375,1360.772216796875,280.6616516113281,1289.0651245117188,193.93841552734375,143.4141845703125
IMG_0048.mp4,1538,51.266666666666666,30.0,410,2,traffic_signs,0.8576597571372986,1807.164794921875,1314.979248046875,1973.58056640625,1440.3817138671875,1890.3726806640625,1377.6804809570312,166.415771484375,125.4024658203125
IMG_0048.mp4,1538,51.266666666666666,30.0,414,2,traffic_signs,0.6448901891708374,1664.1566162109375,1228.90380859375,1800.277099609375,1325.8397216796875,1732.2168579101562,1277.3717651367188,136.1204833984375,96.9359130859375
IMG_0048.mp4,1538,51.266666666666666,30.0,425,1,traffic_lights,0.41416895389556885,5.635213375091553,52.010581970214844,1037.824462890625,699.2845458984375,521.7298381328583,375.6475639343262,1032.1892495155334,647.2739639282227
IMG_0048.mp4,1538,51.266666666666666,30.0,438,2,traffic_signs,0.9181321263313293,230.0303497314453,1229.00341796875,421.293701171875,1364.0933837890625,325.66202545166016,1296.5484008789062,191.2633514404297,135.0899658203125
IMG_0048.mp4,1538,51.266666666666666,30.0,448,2,traffic_signs,0.43516111373901367,932.6239013671875,1751.7078857421875,1040.6119384765625,1801.6861572265625,986.617919921875,1776.697021484375,107.988037109375,49.978271484375
IMG_0048.mp4,1539,51.3,30.0,410,2,traffic_signs,0.8726854920387268,1844.048583984375,1316.01513671875,2011.7254638671875,1442.17822265625,1927.8870239257812,1379.0966796875,167.6768798828125,126.1630859375
IMG_0048.mp4,1539,51.3,30.0,414,2,traffic_signs,0.8367964029312134,1700.9212646484375,1230.5272216796875,1839.53125,1324.51806640625,1770.2262573242188,1277.5226440429688,138.6099853515625,93.9908447265625
IMG_0048.mp4,1539,51.3,30.0,438,2,traffic_signs,0.9337118268013,275.3258972167969,1232.885009765625,464.3745422363281,1366.463134765625,369.8502197265625,1299.674072265625,189.04864501953125,133.578125
IMG_0048.mp4,1540,51.333333333333336,30.0,410,2,traffic_signs,0.8805364370346069,1852.5460205078125,1316.76953125,2051.641845703125,1443.84033203125,1952.0939331054688,1380.304931640625,199.0958251953125,127.07080078125
IMG_0048.mp4,1540,51.333333333333336,30.0,414,2,traffic_signs,0.8080518245697021,1741.529296875,1232.6708984375,1878.12255859375,1324.576904296875,1809.825927734375,1278.6239013671875,136.59326171875,91.906005859375
IMG_0048.mp4,1540,51.333333333333336,30.0,438,2,traffic_signs,0.907444179058075,315.1357727050781,1236.493896484375,501.7060241699219,1370.422119140625,408.4208984375,1303.4580078125,186.57025146484375,133.92822265625
IMG_0048.mp4,1540,51.333333333333336,30.0,453,2,traffic_signs,0.41591334342956543,1743.2569580078125,1333.2685546875,1833.2669677734375,1390.344482421875,1788.261962890625,1361.8065185546875,90.010009765625,57.075927734375
IMG_0048.mp4,1541,51.36666666666667,30.0,410,2,traffic_signs,0.8974681496620178,1877.471435546875,1318.5389404296875,2090.550048828125,1447.2210693359375,1984.0107421875,1382.8800048828125,213.07861328125,128.68212890625
IMG_0048.mp4,1541,51.36666666666667,30.0,414,2,traffic_signs,0.5930715203285217,1780.648193359375,1235.6029052734375,1917.09912109375,1328.4991455078125,1848.8736572265625,1282.051025390625,136.450927734375,92.896240234375
IMG_0048.mp4,1541,51.36666666666667,30.0,438,2,traffic_signs,0.8295353055000305,359.365966796875,1240.4185791015625,547.1820678710938,1374.597412109375,453.2740173339844,1307.5079956054688,187.81610107421875,134.1788330078125
IMG_0048.mp4,1542,51.4,30.0,410,2,traffic_signs,0.9242545962333679,1939.4500732421875,1321.0960693359375,2130.326416015625,1448.6336669921875,2034.8882446289062,1384.8648681640625,190.8763427734375,127.53759765625
IMG_0048.mp4,1542,51.4,30.0,414,2,traffic_signs,0.809581458568573,1818.0068359375,1237.50244140625,1956.68359375,1327.5255126953125,1887.34521484375,1282.5139770507812,138.6767578125,90.0230712890625
IMG_0048.mp4,1542,51.4,30.0,438,2,traffic_signs,0.7215861082077026,405.0104064941406,1241.248779296875,593.6828002929688,1377.7640380859375,499.3466033935547,1309.5064086914062,188.67239379882812,136.5152587890625
IMG_0048.mp4,1542,51.4,30.0,456,1,traffic_lights,0.5291888117790222,13.393340110778809,44.426536560058594,639.0462646484375,1239.829833984375,326.21980237960815,642.1281852722168,625.6529245376587,1195.4032974243164
IMG_0048.mp4,1542,51.4,30.0,448,2,traffic_signs,0.4769710302352905,1097.1580810546875,1759.9755859375,1191.0023193359375,1808.511962890625,1144.0802001953125,1784.2437744140625,93.84423828125,48.536376953125
IMG_0048.mp4,1543,51.43333333333333,30.0,410,2,traffic_signs,0.811505138874054,1992.5882568359375,1323.6729736328125,2169.07373046875,1450.2659912109375,2080.8309936523438,1386.969482421875,176.4854736328125,126.593017578125
IMG_0048.mp4,1543,51.43333333333333,30.0,414,2,traffic_signs,0.7271232604980469,1859.3494873046875,1238.743408203125,1996.301025390625,1329.1103515625,1927.8252563476562,1283.9268798828125,136.9515380859375,90.366943359375
IMG_0048.mp4,1543,51.43333333333333,30.0,438,2,traffic_signs,0.8889192938804626,448.766845703125,1240.7589111328125,631.6685180664062,1380.1024169921875,540.2176818847656,1310.4306640625,182.90167236328125,139.343505859375
IMG_0048.mp4,1543,51.43333333333333,30.0,456,1,traffic_lights,0.2927062511444092,16.715251922607422,36.75695037841797,682.0350952148438,1270.0740966796875,349.3751735687256,653.4155235290527,665.3198432922363,1233.3171463012695
IMG_0048.mp4,1543,51.43333333333333,30.0,460,2,traffic_signs,0.5663579702377319,11.289834022521973,613.39697265625,319.715576171875,976.0677490234375,165.5027050971985,794.7323608398438,308.425742149353,362.6707763671875
IMG_0048.mp4,1544,51.46666666666667,30.0,410,2,traffic_signs,0.8525899052619934,2034.4932861328125,1325.373046875,2209.95849609375,1452.842041015625,2122.2258911132812,1389.1075439453125,175.4652099609375,127.468994140625
IMG_0048.mp4,1544,51.46666666666667,30.0,414,2,traffic_signs,0.8131935000419617,1899.10546875,1240.4776611328125,2032.8096923828125,1330.7196044921875,1965.9575805664062,1285.5986328125,133.7042236328125,90.241943359375
IMG_0048.mp4,1544,51.46666666666667,30.0,438,2,traffic_signs,0.8708261251449585,489.97918701171875,1246.4256591796875,671.5457763671875,1385.2471923828125,580.7624816894531,1315.83642578125,181.56658935546875,138.821533203125
IMG_0048.mp4,1544,51.46666666666667,30.0,460,2,traffic_signs,0.5336931943893433,15.581669807434082,613.4273681640625,355.7279052734375,982.5540161132812,185.6547875404358,797.9906921386719,340.1462354660034,369.12664794921875
IMG_0048.mp4,1545,51.5,30.0,410,2,traffic_signs,0.8863510489463806,2077.359619140625,1327.676513671875,2251.43798828125,1454.1876220703125,2164.3988037109375,1390.9320678710938,174.078369140625,126.5111083984375
IMG_0048.mp4,1545,51.5,30.0,414,2,traffic_signs,0.8771446347236633,1936.1068115234375,1242.40185546875,2073.58154296875,1337.91455078125,2004.8441772460938,1290.158203125,137.4747314453125,95.5126953125
IMG_0048.mp4,1545,51.5,30.0,438,2,traffic_signs,0.8889912962913513,534.7632446289062,1251.422119140625,715.8857421875,1388.5655517578125,625.3244934082031,1319.9938354492188,181.12249755859375,137.1434326171875
IMG_0048.mp4,1545,51.5,30.0,460,2,traffic_signs,0.7489308714866638,12.846881866455078,614.2283325195312,390.2749328613281,982.948486328125,201.5609073638916,798.5884094238281,377.42805099487305,368.72015380859375
IMG_0048.mp4,1545,51.5,30.0,456,1,traffic_lights,0.48362019658088684,15.514484405517578,37.36427688598633,761.7839965820312,1255.8094482421875,388.6492404937744,646.5868625640869,746.2695121765137,1218.4451713562012
IMG_0048.mp4,1546,51.53333333333333,30.0,410,2,traffic_signs,0.8888272643089294,2122.396240234375,1328.0496826171875,2290.497802734375,1455.1552734375,2206.447021484375,1391.6024780273438,168.1015625,127.1055908203125
IMG_0048.mp4,1546,51.53333333333333,30.0,414,2,traffic_signs,0.8976247906684875,1974.483154296875,1243.820068359375,2109.31201171875,1340.4437255859375,2041.8975830078125,1292.1318969726562,134.828857421875,96.6236572265625
IMG_0048.mp4,1546,51.53333333333333,30.0,438,2,traffic_signs,0.9058764576911926,577.3442993164062,1253.94189453125,758.7161865234375,1390.7880859375,668.0302429199219,1322.364990234375,181.37188720703125,136.84619140625
IMG_0048.mp4,1546,51.53333333333333,30.0,453,2,traffic_signs,0.27739277482032776,1977.714599609375,1346.17529296875,2062.53271484375,1403.3372802734375,2020.1236572265625,1374.7562866210938,84.818115234375,57.1619873046875
IMG_0048.mp4,1546,51.53333333333333,30.0,448,2,traffic_signs,0.3317520022392273,1255.771484375,1778.445556640625,1337.390380859375,1819.02197265625,1296.5809326171875,1798.7337646484375,81.618896484375,40.576416015625
IMG_0048.mp4,1547,51.56666666666667,30.0,410,2,traffic_signs,0.6523171663284302,2166.173583984375,1330.7010498046875,2329.029296875,1456.3590087890625,2247.6014404296875,1393.530029296875,162.855712890625,125.657958984375
IMG_0048.mp4,1547,51.56666666666667,30.0,414,2,traffic_signs,0.9089346528053284,2013.4881591796875,1243.111572265625,2149.072265625,1341.8203125,2081.2802124023438,1292.4659423828125,135.5841064453125,98.708740234375
IMG_0048.mp4,1547,51.56666666666667,30.0,438,2,traffic_signs,0.9039859175682068,618.5690307617188,1256.43408203125,793.553955078125,1392.1697998046875,706.0614929199219,1324.3019409179688,174.98492431640625,135.7357177734375
IMG_0048.mp4,1547,51.56666666666667,30.0,448,2,traffic_signs,0.35508689284324646,1296.64111328125,1780.3087158203125,1378.46240234375,1821.516845703125,1337.5517578125,1800.9127807617188,81.8212890625,41.2081298828125
IMG_0048.mp4,1547,51.56666666666667,30.0,460,2,traffic_signs,0.3529398441314697,42.46754455566406,610.572021484375,463.31683349609375,981.5088500976562,252.8921890258789,796.0404357910156,420.8492889404297,370.93682861328125
IMG_0048.mp4,1548,51.6,30.0,410,2,traffic_signs,0.4377642273902893,2208.192138671875,1333.58935546875,2368.774658203125,1459.239013671875,2288.4833984375,1396.4141845703125,160.58251953125,125.649658203125
IMG_0048.mp4,1548,51.6,30.0,414,2,traffic_signs,0.8584654927253723,2051.603515625,1246.651611328125,2186.72119140625,1344.3203125,2119.162353515625,1295.4859619140625,135.11767578125,97.668701171875
IMG_0048.mp4,1548,51.6,30.0,438,2,traffic_signs,0.9150476455688477,659.6815185546875,1262.6583251953125,839.2001342773438,1396.3023681640625,749.4408264160156,1329.4803466796875,179.51861572265625,133.64404296875
IMG_0048.mp4,1548,51.6,30.0,448,2,traffic_signs,0.336998850107193,1338.2811279296875,1782.7843017578125,1421.3533935546875,1824.9141845703125,1379.8172607421875,1803.8492431640625,83.072265625,42.1298828125
IMG_0048.mp4,1548,51.6,30.0,460,2,traffic_signs,0.3092421591281891,75.5023422241211,611.9702758789062,495.2091979980469,981.0702514648438,285.355770111084,796.520263671875,419.7068557739258,369.0999755859375
IMG_0048.mp4,1549,51.63333333333333,30.0,414,2,traffic_signs,0.5055727958679199,2093.23681640625,1247.8028564453125,2227.09619140625,1345.188232421875,2160.16650390625,1296.4955444335938,133.859375,97.3853759765625
IMG_0048.mp4,1549,51.63333333333333,30.0,438,2,traffic_signs,0.9274721145629883,695.5506591796875,1263.2298583984375,878.6722412109375,1398.1435546875,787.1114501953125,1330.6867065429688,183.12158203125,134.9136962890625
IMG_0048.mp4,1550,51.666666666666664,30.0,414,2,traffic_signs,0.5033413767814636,2130.9716796875,1250.3272705078125,2268.49169921875,1344.7442626953125,2199.731689453125,1297.5357666015625,137.52001953125,94.4169921875
IMG_0048.mp4,1550,51.666666666666664,30.0,438,2,traffic_signs,0.9014113545417786,737.2457275390625,1263.0885009765625,916.5723266601562,1399.82958984375,826.9090270996094,1331.4590454101562,179.32659912109375,136.7410888671875
IMG_0048.mp4,1550,51.666666666666664,30.0,410,2,traffic_signs,0.7774171829223633,2289.837890625,1335.0740966796875,2451.34423828125,1461.299072265625,2370.591064453125,1398.1865844726562,161.50634765625,126.2249755859375
IMG_0048.mp4,1551,51.7,30.0,414,2,traffic_signs,0.7130723595619202,2170.94921875,1251.57568359375,2308.4970703125,1347.006103515625,2239.72314453125,1299.2908935546875,137.5478515625,95.430419921875
IMG_0048.mp4,1551,51.7,30.0,438,2,traffic_signs,0.9187309741973877,776.9552001953125,1263.411376953125,956.34912109375,1402.5782470703125,866.6521606445312,1332.9948120117188,179.3939208984375,139.1668701171875
IMG_0048.mp4,1551,51.7,30.0,410,2,traffic_signs,0.8138321042060852,2327.0,1336.00048828125,2492.447509765625,1463.980224609375,2409.7237548828125,1399.9903564453125,165.447509765625,127.979736328125
IMG_0048.mp4,1551,51.7,30.0,453,2,traffic_signs,0.37237292528152466,2173.75341796875,1355.953125,2257.234130859375,1413.5546875,2215.4937744140625,1384.75390625,83.480712890625,57.6015625
IMG_0048.mp4,1552,51.733333333333334,30.0,414,2,traffic_signs,0.7728180885314941,2211.214599609375,1253.2867431640625,2347.667724609375,1352.824951171875,2279.441162109375,1303.0558471679688,136.453125,99.5382080078125
IMG_0048.mp4,1552,51.733333333333334,30.0,438,2,traffic_signs,0.9090951085090637,818.55224609375,1266.55712890625,998.2096557617188,1404.580810546875,908.3809509277344,1335.5689697265625,179.65740966796875,138.023681640625
IMG_0048.mp4,1552,51.733333333333334,30.0,410,2,traffic_signs,0.8369520306587219,2365.296142578125,1336.8135986328125,2531.39599609375,1464.47998046875,2448.3460693359375,1400.6467895507812,166.099853515625,127.6663818359375
IMG_0048.mp4,1552,51.733333333333334,30.0,453,2,traffic_signs,0.35199740529060364,2210.362060546875,1356.5611572265625,2296.370361328125,1414.8287353515625,2253.3662109375,1385.6949462890625,86.00830078125,58.267578125
IMG_0048.mp4,1552,51.733333333333334,30.0,448,2,traffic_signs,0.44825059175491333,1491.771240234375,1786.690673828125,1576.4559326171875,1831.866455078125,1534.1135864257812,1809.278564453125,84.6846923828125,45.17578125
IMG_0048.mp4,1553,51.766666666666666,30.0,414,2,traffic_signs,0.7725978493690491,2247.51953125,1254.3917236328125,2385.18603515625,1350.4638671875,2316.352783203125,1302.4277954101562,137.66650390625,96.0721435546875
IMG_0048.mp4,1553,51.766666666666666,30.0,438,2,traffic_signs,0.9309769868850708,860.0814819335938,1268.99609375,1039.646240234375,1406.4697265625,949.8638610839844,1337.73291015625,179.56475830078125,137.4736328125
IMG_0048.mp4,1553,51.766666666666666,30.0,410,2,traffic_signs,0.8937106132507324,2401.723388671875,1338.4437255859375,2570.224853515625,1465.8599853515625,2485.97412109375,1402.15185546875,168.50146484375,127.416259765625
IMG_0048.mp4,1553,51.766666666666666,30.0,453,2,traffic_signs,0.6532172560691833,2251.69921875,1358.73974609375,2335.8603515625,1415.8658447265625,2293.77978515625,1387.3027954101562,84.1611328125,57.1260986328125
IMG_0048.mp4,1553,51.766666666666666,30.0,481,2,traffic_signs,0.8061271905899048,3239.243896484375,491.2840270996094,3314.772705078125,574.6813354492188,3277.00830078125,532.9826812744141,75.52880859375,83.39730834960938
IMG_0048.mp4,1553,51.766666666666666,30.0,456,1,traffic_lights,0.4227257966995239,221.64064025878906,64.50823974609375,1054.9696044921875,1164.8172607421875,638.3051223754883,614.6627502441406,833.3289642333984,1100.3090209960938
IMG_0048.mp4,1554,51.8,30.0,414,2,traffic_signs,0.6349064111709595,2285.660400390625,1255.2855224609375,2423.3125,1348.14697265625,2354.4864501953125,1301.7162475585938,137.652099609375,92.8614501953125
IMG_0048.mp4,1554,51.8,30.0,438,2,traffic_signs,0.9262935519218445,893.17041015625,1271.84912109375,1080.08544921875,1410.2191162109375,986.6279296875,1341.0341186523438,186.9150390625,138.3699951171875
IMG_0048.mp4,1554,51.8,30.0,410,2,traffic_signs,0.8754417300224304,2440.75634765625,1339.75830078125,2609.24609375,1467.32861328125,2525.001220703125,1403.54345703125,168.48974609375,127.5703125
IMG_0048.mp4,1554,51.8,30.0,453,2,traffic_signs,0.5794227123260498,2289.49853515625,1358.70703125,2371.780517578125,1416.5123291015625,2330.6395263671875,1387.6096801757812,82.281982421875,57.8052978515625
IMG_0048.mp4,1554,51.8,30.0,481,2,traffic_signs,0.7025304436683655,3244.314208984375,499.9045104980469,3320.4580078125,582.3356323242188,3282.3861083984375,541.1200714111328,76.143798828125,82.43112182617188
IMG_0048.mp4,1555,51.833333333333336,30.0,414,2,traffic_signs,0.5633575320243835,2328.624267578125,1255.477783203125,2468.665771484375,1351.6837158203125,2398.64501953125,1303.5807495117188,140.04150390625,96.2059326171875
IMG_0048.mp4,1555,51.833333333333336,30.0,438,2,traffic_signs,0.8675723075866699,927.6657104492188,1272.85302734375,1114.7174072265625,1410.9620361328125,1021.1915588378906,1341.9075317382812,187.05169677734375,138.1090087890625
IMG_0048.mp4,1555,51.833333333333336,30.0,410,2,traffic_signs,0.8628160357475281,2488.834716796875,1343.0137939453125,2655.18701171875,1470.5474853515625,2572.0108642578125,1406.7806396484375,166.352294921875,127.53369140625
IMG_0048.mp4,1555,51.833333333333336,30.0,453,2,traffic_signs,0.6774152517318726,2330.701416015625,1360.5428466796875,2414.211669921875,1418.499755859375,2372.45654296875,1389.5213012695312,83.51025390625,57.9569091796875
IMG_0048.mp4,1555,51.833333333333336,30.0,481,2,traffic_signs,0.8298232555389404,3249.73828125,511.1604919433594,3327.401611328125,592.3095703125,3288.5699462890625,551.7350311279297,77.663330078125,81.14907836914062
IMG_0048.mp4,1555,51.833333333333336,30.0,456,1,traffic_lights,0.49937185645103455,298.00787353515625,57.377052307128906,1141.7552490234375,1137.9591064453125,719.8815612792969,597.6680793762207,843.7473754882812,1080.5820541381836
IMG_0048.mp4,1556,51.86666666666667,30.0,414,2,traffic_signs,0.7380590438842773,2363.9794921875,1255.5682373046875,2501.282470703125,1352.5355224609375,2432.6309814453125,1304.0518798828125,137.302978515625,96.96728515625
IMG_0048.mp4,1556,51.86666666666667,30.0,438,2,traffic_signs,0.843742847442627,966.8628540039062,1276.5018310546875,1149.2452392578125,1414.581298828125,1058.0540466308594,1345.5415649414062,182.38238525390625,138.0794677734375
IMG_0048.mp4,1556,51.86666666666667,30.0,410,2,traffic_signs,0.6387699246406555,2529.5068359375,1343.49462890625,2690.818115234375,1470.716064453125,2610.1624755859375,1407.1053466796875,161.311279296875,127.221435546875
IMG_0048.mp4,1556,51.86666666666667,30.0,453,2,traffic_signs,0.34827902913093567,2368.24365234375,1361.831787109375,2451.804931640625,1419.3902587890625,2410.0242919921875,1390.6110229492188,83.561279296875,57.5584716796875
IMG_0048.mp4,1556,51.86666666666667,30.0,481,2,traffic_signs,0.825563371181488,3252.014404296875,523.0138549804688,3327.875,605.0830078125,3289.9447021484375,564.0484313964844,75.860595703125,82.06915283203125
IMG_0048.mp4,1556,51.86666666666667,30.0,456,1,traffic_lights,0.3210568130016327,329.34942626953125,62.07032012939453,1173.30419921875,1145.8514404296875,751.3268127441406,603.960880279541,843.9547729492188,1083.781120300293
IMG_0048.mp4,1556,51.86666666666667,30.0,448,2,traffic_signs,0.42832398414611816,1644.224853515625,1801.6357421875,1729.015869140625,1845.2882080078125,1686.620361328125,1823.4619750976562,84.791015625,43.6524658203125
IMG_0048.mp4,1557,51.9,30.0,414,2,traffic_signs,0.5612720847129822,2402.6962890625,1257.583984375,2536.54052734375,1353.1805419921875,2469.618408203125,1305.3822631835938,133.84423828125,95.5965576171875
IMG_0048.mp4,1557,51.9,30.0,438,2,traffic_signs,0.9024931788444519,1007.6309204101562,1278.517822265625,1178.7811279296875,1415.8663330078125,1093.2060241699219,1347.1920776367188,171.15020751953125,137.3485107421875
IMG_0048.mp4,1557,51.9,30.0,410,2,traffic_signs,0.8176591992378235,2563.623779296875,1344.506103515625,2728.4775390625,1471.2303466796875,2646.0506591796875,1407.8682250976562,164.853759765625,126.7242431640625
IMG_0048.mp4,1557,51.9,30.0,453,2,traffic_signs,0.5072524547576904,2404.057861328125,1362.6993408203125,2487.94677734375,1420.8671875,2446.0023193359375,1391.7832641601562,83.888916015625,58.1678466796875
IMG_0048.mp4,1557,51.9,30.0,481,2,traffic_signs,0.8983315229415894,3253.13134765625,530.5244140625,3329.548095703125,614.7425537109375,3291.3397216796875,572.6334838867188,76.416748046875,84.2181396484375
IMG_0048.mp4,1557,51.9,30.0,448,2,traffic_signs,0.3615308403968811,1680.76025390625,1805.293212890625,1760.962158203125,1849.197509765625,1720.8612060546875,1827.245361328125,80.201904296875,43.904296875
IMG_0048.mp4,1558,51.93333333333333,30.0,414,2,traffic_signs,0.79803866147995,2439.74365234375,1258.035888671875,2577.4384765625,1353.625,2508.591064453125,1305.8304443359375,137.69482421875,95.589111328125
IMG_0048.mp4,1558,51.93333333333333,30.0,438,2,traffic_signs,0.7622108459472656,1042.78466796875,1279.5045166015625,1218.8095703125,1418.822509765625,1130.797119140625,1349.1635131835938,176.02490234375,139.3179931640625
IMG_0048.mp4,1558,51.93333333333333,30.0,410,2,traffic_signs,0.8640456795692444,2614.8798828125,1346.421142578125,2769.704833984375,1474.74755859375,2692.2923583984375,1410.5843505859375,154.824951171875,128.326416015625
IMG_0048.mp4,1558,51.93333333333333,30.0,453,2,traffic_signs,0.49507585167884827,2445.5390625,1365.14453125,2528.64697265625,1423.22119140625,2487.093017578125,1394.182861328125,83.10791015625,58.07666015625
IMG_0048.mp4,1558,51.93333333333333,30.0,481,2,traffic_signs,0.9021632671356201,3258.5888671875,537.0278930664062,3334.029052734375,622.303955078125,3296.3089599609375,579.6659240722656,75.440185546875,85.27606201171875
IMG_0048.mp4,1559,51.96666666666667,30.0,414,2,traffic_signs,0.7173329591751099,2476.1982421875,1258.346435546875,2618.73876953125,1351.9710693359375,2547.468505859375,1305.1587524414062,142.54052734375,93.6246337890625
IMG_0048.mp4,1559,51.96666666666667,30.0,438,2,traffic_signs,0.7476220726966858,1078.2928466796875,1282.5760498046875,1251.332275390625,1419.5615234375,1164.8125610351562,1351.0687866210938,173.0394287109375,136.9854736328125
IMG_0048.mp4,1559,51.96666666666667,30.0,410,2,traffic_signs,0.906078577041626,2653.314208984375,1346.7723388671875,2811.818359375,1477.4073486328125,2732.5662841796875,1412.08984375,158.504150390625,130.635009765625
IMG_0048.mp4,1559,51.96666666666667,30.0,453,2,traffic_signs,0.37808194756507874,2483.47412109375,1365.44287109375,2565.05615234375,1426.818603515625,2524.26513671875,1396.1307373046875,81.58203125,61.375732421875
IMG_0048.mp4,1559,51.96666666666667,30.0,481,2,traffic_signs,0.912811279296875,3264.295654296875,545.1784057617188,3338.575927734375,631.075927734375,3301.435791015625,588.1271667480469,74.2802734375,85.89752197265625
IMG_0048.mp4,1559,51.96666666666667,30.0,456,1,traffic_lights,0.28215184807777405,432.3402404785156,69.56595611572266,1282.652587890625,1159.66455078125,857.4964141845703,614.6152534484863,850.3123474121094,1090.0985946655273
IMG_0048.mp4,1560,52.0,30.0,414,2,traffic_signs,0.4291709363460541,2515.651611328125,1259.1485595703125,2662.36669921875,1354.83154296875,2589.0091552734375,1306.9900512695312,146.715087890625,95.6829833984375
IMG_0048.mp4,1560,52.0,30.0,438,2,traffic_signs,0.8523624539375305,1112.259765625,1284.226806640625,1289.6375732421875,1422.720458984375,1200.9486694335938,1353.4736328125,177.3778076171875,138.49365234375
IMG_0048.mp4,1560,52.0,30.0,410,2,traffic_signs,0.9116286635398865,2697.795654296875,1348.3104248046875,2855.013671875,1480.816650390625,2776.4046630859375,1414.5635375976562,157.218017578125,132.5062255859375
IMG_0048.mp4,1560,52.0,30.0,453,2,traffic_signs,0.6681339740753174,2521.922607421875,1368.21630859375,2603.8525390625,1428.30859375,2562.8875732421875,1398.262451171875,81.929931640625,60.09228515625
IMG_0048.mp4,1560,52.0,30.0,481,2,traffic_signs,0.6976857781410217,3273.6611328125,555.7999877929688,3347.24609375,639.3914184570312,3310.45361328125,597.595703125,73.5849609375,83.5914306640625
IMG_0048.mp4,1560,52.0,30.0,448,2,traffic_signs,0.3288966417312622,1791.6143798828125,1812.0726318359375,1868.202880859375,1854.61083984375,1829.9086303710938,1833.3417358398438,76.5885009765625,42.5382080078125
IMG_0048.mp4,1561,52.03333333333333,30.0,414,2,traffic_signs,0.8159856200218201,2553.921630859375,1259.7679443359375,2698.16455078125,1357.9969482421875,2626.0430908203125,1308.8824462890625,144.242919921875,98.22900390625
IMG_0048.mp4,1561,52.03333333333333,30.0,438,2,traffic_signs,0.9144892692565918,1150.48876953125,1286.135498046875,1326.333984375,1425.99072265625,1238.411376953125,1356.0631103515625,175.84521484375,139.855224609375
IMG_0048.mp4,1561,52.03333333333333,30.0,410,2,traffic_signs,0.9132351279258728,2739.01611328125,1349.908203125,2897.549560546875,1484.135009765625,2818.2828369140625,1417.0216064453125,158.533447265625,134.226806640625
IMG_0048.mp4,1561,52.03333333333333,30.0,453,2,traffic_signs,0.6354535222053528,2558.562744140625,1369.27587890625,2642.1708984375,1429.869384765625,2600.3668212890625,1399.5726318359375,83.608154296875,60.593505859375
IMG_0048.mp4,1561,52.03333333333333,30.0,481,2,traffic_signs,0.29842808842658997,3278.922119140625,565.3539428710938,3351.62060546875,648.9625244140625,3315.2713623046875,607.1582336425781,72.698486328125,83.60858154296875
IMG_0048.mp4,1562,52.06666666666667,30.0,414,2,traffic_signs,0.7491917014122009,2591.609375,1260.415771484375,2736.43115234375,1360.7359619140625,2664.020263671875,1310.5758666992188,144.82177734375,100.3201904296875
IMG_0048.mp4,1562,52.06666666666667,30.0,438,2,traffic_signs,0.9128434062004089,1183.3131103515625,1287.0985107421875,1360.269775390625,1427.715576171875,1271.7914428710938,1357.4070434570312,176.9566650390625,140.6170654296875
IMG_0048.mp4,1562,52.06666666666667,30.0,410,2,traffic_signs,0.9160992503166199,2778.41162109375,1352.7525634765625,2939.877197265625,1485.1817626953125,2859.1444091796875,1418.9671630859375,161.465576171875,132.42919921875
IMG_0048.mp4,1562,52.06666666666667,30.0,453,2,traffic_signs,0.6573593020439148,2596.92333984375,1369.7218017578125,2680.66357421875,1431.826904296875,2638.79345703125,1400.7743530273438,83.740234375,62.1051025390625
IMG_0048.mp4,1562,52.06666666666667,30.0,456,1,traffic_lights,0.2970428168773651,536.7284545898438,72.06253814697266,1385.033935546875,1162.3402099609375,960.8811950683594,617.2013740539551,848.3054809570312,1090.2776718139648
IMG_0048.mp4,1563,52.1,30.0,414,2,traffic_signs,0.8302863240242004,2628.8369140625,1259.948486328125,2775.387451171875,1360.4923095703125,2702.1121826171875,1310.2203979492188,146.550537109375,100.5438232421875
IMG_0048.mp4,1563,52.1,30.0,438,2,traffic_signs,0.848028838634491,1214.171630859375,1287.3919677734375,1390.8192138671875,1427.8262939453125,1302.4954223632812,1357.609130859375,176.6475830078125,140.434326171875
IMG_0048.mp4,1563,52.1,30.0,410,2,traffic_signs,0.8888766169548035,2821.85693359375,1354.28662109375,2981.130615234375,1486.4051513671875,2901.4937744140625,1420.3458862304688,159.273681640625,132.1185302734375
IMG_0048.mp4,1563,52.1,30.0,453,2,traffic_signs,0.5158978700637817,2634.471923828125,1371.280517578125,2721.64306640625,1434.3370361328125,2678.0574951171875,1402.8087768554688,87.171142578125,63.0565185546875
IMG_0048.mp4,1564,52.13333333333333,30.0,414,2,traffic_signs,0.8334063291549683,2669.303955078125,1260.4373779296875,2813.634033203125,1363.6136474609375,2741.468994140625,1312.0255126953125,144.330078125,103.17626953125
IMG_0048.mp4,1564,52.13333333333333,30.0,438,2,traffic_signs,0.8856387138366699,1246.3067626953125,1289.01953125,1428.232421875,1428.6942138671875,1337.2695922851562,1358.8568725585938,181.9256591796875,139.6746826171875
IMG_0048.mp4,1564,52.13333333333333,30.0,410,2,traffic_signs,0.8825023174285889,2857.618896484375,1353.049072265625,3019.177490234375,1487.4454345703125,2938.398193359375,1420.2472534179688,161.55859375,134.3963623046875
IMG_0048.mp4,1564,52.13333333333333,30.0,453,2,traffic_signs,0.3924194574356079,2676.2001953125,1372.9251708984375,2759.699462890625,1436.4671630859375,2717.9498291015625,1404.6961669921875,83.499267578125,63.5419921875
IMG_0048.mp4,1564,52.13333333333333,30.0,448,2,traffic_signs,0.38769859075546265,1933.7513427734375,1827.22412109375,2010.560791015625,1867.3720703125,1972.1560668945312,1847.298095703125,76.8094482421875,40.14794921875
IMG_0048.mp4,1565,52.166666666666664,30.0,414,2,traffic_signs,0.8095428943634033,2704.71435546875,1262.2462158203125,2850.0380859375,1363.134033203125,2777.376220703125,1312.6901245117188,145.32373046875,100.8878173828125
IMG_0048.mp4,1565,52.166666666666664,30.0,438,2,traffic_signs,0.9033533930778503,1275.388427734375,1294.301025390625,1465.5655517578125,1434.494873046875,1370.4769897460938,1364.39794921875,190.1771240234375,140.19384765625
IMG_0048.mp4,1565,52.166666666666664,30.0,410,2,traffic_signs,0.8521862626075745,2894.669677734375,1353.8818359375,3059.57666015625,1490.1259765625,2977.1231689453125,1422.00390625,164.906982421875,136.244140625
IMG_0048.mp4,1565,52.166666666666664,30.0,448,2,traffic_signs,0.4393075704574585,1967.146484375,1829.3251953125,2039.04150390625,1869.8489990234375,2003.093994140625,1849.5870971679688,71.89501953125,40.5238037109375
IMG_0048.mp4,1566,52.2,30.0,414,2,traffic_signs,0.7734934687614441,2742.246337890625,1263.041748046875,2889.90087890625,1360.09716796875,2816.0736083984375,1311.5694580078125,147.654541015625,97.055419921875
IMG_0048.mp4,1566,52.2,30.0,438,2,traffic_signs,0.5054925680160522,1299.95556640625,1291.8968505859375,1497.0426025390625,1433.8651123046875,1398.4990844726562,1362.8809814453125,197.0870361328125,141.96826171875
IMG_0048.mp4,1566,52.2,30.0,410,2,traffic_signs,0.9192782640457153,2936.1162109375,1353.7293701171875,3100.843994140625,1491.247314453125,3018.4801025390625,1422.4883422851562,164.727783203125,137.5179443359375
IMG_0048.mp4,1566,52.2,30.0,453,2,traffic_signs,0.584361732006073,2749.77099609375,1375.7406005859375,2833.066650390625,1438.38525390625,2791.4188232421875,1407.0629272460938,83.295654296875,62.6446533203125
IMG_0048.mp4,1567,52.233333333333334,30.0,414,2,traffic_signs,0.8375452756881714,2779.18017578125,1262.8629150390625,2924.61669921875,1359.3779296875,2851.8984375,1311.1204223632812,145.4365234375,96.5150146484375
IMG_0048.mp4,1567,52.233333333333334,30.0,438,2,traffic_signs,0.8461990356445312,1329.433837890625,1293.3497314453125,1525.97509765625,1434.0574951171875,1427.7044677734375,1363.70361328125,196.541259765625,140.707763671875
IMG_0048.mp4,1567,52.233333333333334,30.0,410,2,traffic_signs,0.9348882436752319,2977.12451171875,1354.3291015625,3141.4912109375,1493.4808349609375,3059.307861328125,1423.9049682617188,164.36669921875,139.1517333984375
IMG_0048.mp4,1567,52.233333333333334,30.0,453,2,traffic_signs,0.262685090303421,2788.685546875,1377.1729736328125,2871.879638671875,1439.3809814453125,2830.2825927734375,1408.2769775390625,83.194091796875,62.2080078125
IMG_0048.mp4,1567,52.233333333333334,30.0,448,2,traffic_signs,0.4741251468658447,2037.20947265625,1832.2276611328125,2110.89013671875,1873.0543212890625,2074.0498046875,1852.6409912109375,73.6806640625,40.82666015625
IMG_0048.mp4,1568,52.266666666666666,30.0,414,2,traffic_signs,0.7991837859153748,2816.669189453125,1263.593505859375,2959.678955078125,1358.349609375,2888.174072265625,1310.9715576171875,143.009765625,94.756103515625
IMG_0048.mp4,1568,52.266666666666666,30.0,438,2,traffic_signs,0.8997935652732849,1366.924072265625,1298.0081787109375,1561.37841796875,1438.3175048828125,1464.1512451171875,1368.162841796875,194.454345703125,140.309326171875
IMG_0048.mp4,1568,52.266666666666666,30.0,410,2,traffic_signs,0.9260121583938599,3018.676025390625,1355.72021484375,3178.6572265625,1494.3125,3098.6666259765625,1425.016357421875,159.981201171875,138.59228515625
IMG_0048.mp4,1568,52.266666666666666,30.0,453,2,traffic_signs,0.6802321672439575,2823.7138671875,1377.5626220703125,2910.798828125,1441.2421875,2867.25634765625,1409.4024047851562,87.0849609375,63.6795654296875
IMG_0048.mp4,1568,52.266666666666666,30.0,448,2,traffic_signs,0.44318100810050964,2071.13134765625,1834.3707275390625,2146.76904296875,1873.258056640625,2108.9501953125,1853.8143920898438,75.6376953125,38.8873291015625
IMG_0048.mp4,1569,52.3,30.0,414,2,traffic_signs,0.81612628698349,2850.701171875,1263.028564453125,2996.98583984375,1356.5433349609375,2923.843505859375,1309.7859497070312,146.28466796875,93.5147705078125
IMG_0048.mp4,1569,52.3,30.0,438,2,traffic_signs,0.41037604212760925,1395.7540283203125,1289.6649169921875,1587.9840087890625,1438.130126953125,1491.8690185546875,1363.8975219726562,192.22998046875,148.4652099609375
IMG_0048.mp4,1569,52.3,30.0,410,2,traffic_signs,0.9074037075042725,3051.5361328125,1354.4102783203125,3216.24853515625,1495.0133056640625,3133.892333984375,1424.7117919921875,164.71240234375,140.60302734375
IMG_0048.mp4,1570,52.333333333333336,30.0,414,2,traffic_signs,0.7725282907485962,2888.766357421875,1263.6239013671875,3037.207763671875,1354.835693359375,2962.987060546875,1309.2297973632812,148.44140625,91.2117919921875
IMG_0048.mp4,1570,52.333333333333336,30.0,438,2,traffic_signs,0.9031255841255188,1434.9737548828125,1296.0908203125,1619.9034423828125,1437.67041015625,1527.4385986328125,1366.880615234375,184.9296875,141.57958984375
IMG_0048.mp4,1570,52.333333333333336,30.0,410,2,traffic_signs,0.890389621257782,3089.857421875,1355.7264404296875,3257.51220703125,1496.450439453125,3173.684814453125,1426.0884399414062,167.65478515625,140.7239990234375
IMG_0048.mp4,1570,52.333333333333336,30.0,453,2,traffic_signs,0.6985213160514832,2894.3876953125,1379.154052734375,2983.17919921875,1441.7537841796875,2938.783447265625,1410.4539184570312,88.79150390625,62.5997314453125
IMG_0048.mp4,1570,52.333333333333336,30.0,448,2,traffic_signs,0.4843105375766754,2136.1484375,1836.3331298828125,2217.111572265625,1879.80224609375,2176.6300048828125,1858.0676879882812,80.963134765625,43.4691162109375
IMG_0048.mp4,1571,52.36666666666667,30.0,414,2,traffic_signs,0.43171361088752747,2921.9638671875,1263.6436767578125,3071.738037109375,1356.3209228515625,2996.8509521484375,1309.9822998046875,149.774169921875,92.67724609375
IMG_0048.mp4,1571,52.36666666666667,30.0,438,2,traffic_signs,0.9188120365142822,1463.0484619140625,1300.1932373046875,1648.28173828125,1439.3082275390625,1555.6651000976562,1369.750732421875,185.2332763671875,139.114990234375
IMG_0048.mp4,1571,52.36666666666667,30.0,410,2,traffic_signs,0.9208964705467224,3127.4833984375,1356.9559326171875,3297.67626953125,1496.9342041015625,3212.579833984375,1426.945068359375,170.19287109375,139.978271484375
IMG_0048.mp4,1571,52.36666666666667,30.0,453,2,traffic_signs,0.4793003797531128,2930.37744140625,1379.10498046875,3018.700927734375,1442.3431396484375,2974.5391845703125,1410.7240600585938,88.323486328125,63.2381591796875
IMG_0048.mp4,1572,52.4,30.0,414,2,traffic_signs,0.6725462079048157,2957.561767578125,1263.1673583984375,3108.59326171875,1352.810546875,3033.0775146484375,1307.9889526367188,151.031494140625,89.6431884765625
IMG_0048.mp4,1572,52.4,30.0,438,2,traffic_signs,0.8386657238006592,1483.82568359375,1297.966064453125,1678.09326171875,1439.9239501953125,1580.95947265625,1368.9450073242188,194.267578125,141.9578857421875
IMG_0048.mp4,1572,52.4,30.0,410,2,traffic_signs,0.9275530576705933,3166.22900390625,1357.3092041015625,3335.705322265625,1496.7200927734375,3250.9671630859375,1427.0146484375,169.476318359375,139.410888671875
IMG_0048.mp4,1572,52.4,30.0,453,2,traffic_signs,0.6760470271110535,2964.314453125,1378.331787109375,3055.14453125,1442.5120849609375,3009.7294921875,1410.4219360351562,90.830078125,64.1802978515625
IMG_0048.mp4,1573,52.43333333333333,30.0,414,2,traffic_signs,0.46920937299728394,2992.4501953125,1263.709716796875,3151.241455078125,1353.1778564453125,3071.8458251953125,1308.4437866210938,158.791259765625,89.4681396484375
IMG_0048.mp4,1573,52.43333333333333,30.0,438,2,traffic_signs,0.9199394583702087,1501.5723876953125,1302.7872314453125,1709.692138671875,1441.81787109375,1605.6322631835938,1372.3025512695312,208.1197509765625,139.0306396484375
IMG_0048.mp4,1573,52.43333333333333,30.0,410,2,traffic_signs,0.9240354299545288,3207.0322265625,1358.264892578125,3373.742919921875,1498.4442138671875,3290.3875732421875,1428.3545532226562,166.710693359375,140.1793212890625
IMG_0048.mp4,1573,52.43333333333333,30.0,453,2,traffic_signs,0.4690817594528198,2998.5859375,1380.5064697265625,3089.93896484375,1444.5845947265625,3044.262451171875,1412.5455322265625,91.35302734375,64.078125
IMG_0048.mp4,1574,52.46666666666667,30.0,414,2,traffic_signs,0.6743525862693787,3027.4013671875,1263.3109130859375,3185.8056640625,1352.90380859375,3106.603515625,1308.1073608398438,158.404296875,89.5928955078125
IMG_0048.mp4,1574,52.46666666666667,30.0,438,2,traffic_signs,0.879269003868103,1540.597412109375,1303.3519287109375,1735.5361328125,1442.42626953125,1638.0667724609375,1372.8890991210938,194.938720703125,139.0743408203125
IMG_0048.mp4,1574,52.46666666666667,30.0,410,2,traffic_signs,0.8466536402702332,3242.710205078125,1356.8238525390625,3410.438720703125,1498.895263671875,3326.574462890625,1427.8595581054688,167.728515625,142.0714111328125
IMG_0048.mp4,1574,52.46666666666667,30.0,453,2,traffic_signs,0.8347353935241699,3034.5185546875,1380.504638671875,3126.127197265625,1443.19921875,3080.3228759765625,1411.8519287109375,91.608642578125,62.694580078125
IMG_0048.mp4,1575,52.5,30.0,414,2,traffic_signs,0.6683599948883057,3059.784912109375,1262.0089111328125,3212.8232421875,1351.6512451171875,3136.3040771484375,1306.830078125,153.038330078125,89.642333984375
IMG_0048.mp4,1575,52.5,30.0,438,2,traffic_signs,0.919806718826294,1572.4791259765625,1305.068115234375,1756.10595703125,1442.297119140625,1664.2925415039062,1373.6826171875,183.6268310546875,137.22900390625
IMG_0048.mp4,1575,52.5,30.0,410,2,traffic_signs,0.8754962682723999,3277.45263671875,1356.7821044921875,3445.346923828125,1499.759521484375,3361.3997802734375,1428.2708129882812,167.894287109375,142.9774169921875
IMG_0048.mp4,1575,52.5,30.0,453,2,traffic_signs,0.7341221570968628,3067.3349609375,1380.5577392578125,3158.422119140625,1444.350830078125,3112.8785400390625,1412.4542846679688,91.087158203125,63.7930908203125
IMG_0048.mp4,1575,52.5,30.0,456,1,traffic_lights,0.8069432973861694,876.2010498046875,68.23181915283203,1795.285400390625,1225.0692138671875,1335.7432250976562,646.6505165100098,919.0843505859375,1156.8373947143555
IMG_0048.mp4,1576,52.53333333333333,30.0,414,2,traffic_signs,0.6837363243103027,3097.6904296875,1262.6790771484375,3251.111572265625,1353.9150390625,3174.4010009765625,1308.2970581054688,153.421142578125,91.2359619140625
IMG_0048.mp4,1576,52.53333333333333,30.0,438,2,traffic_signs,0.8400336503982544,1589.09423828125,1303.627197265625,1785.5177001953125,1442.4422607421875,1687.3059692382812,1373.0347290039062,196.4234619140625,138.8150634765625
IMG_0048.mp4,1576,52.53333333333333,30.0,410,2,traffic_signs,0.8900118470191956,3317.51318359375,1358.594970703125,3484.562255859375,1500.9339599609375,3401.0377197265625,1429.7644653320312,167.049072265625,142.3389892578125
IMG_0048.mp4,1576,52.53333333333333,30.0,453,2,traffic_signs,0.867893397808075,3103.223876953125,1381.390380859375,3196.5107421875,1443.949951171875,3149.8673095703125,1412.670166015625,93.286865234375,62.5595703125
IMG_0048.mp4,1576,52.53333333333333,30.0,456,1,traffic_lights,0.7611747980117798,903.4765014648438,75.7274169921875,1824.769287109375,1226.9093017578125,1364.1228942871094,651.318359375,921.2927856445312,1151.181884765625
IMG_0048.mp4,1577,52.56666666666667,30.0,414,2,traffic_signs,0.571261465549469,3128.697021484375,1261.4808349609375,3283.35400390625,1353.504638671875,3206.0255126953125,1307.4927368164062,154.656982421875,92.0238037109375
IMG_0048.mp4,1577,52.56666666666667,30.0,438,2,traffic_signs,0.8996515870094299,1627.430419921875,1306.9505615234375,1808.4072265625,1442.763916015625,1717.9188232421875,1374.8572387695312,180.976806640625,135.8133544921875
IMG_0048.mp4,1577,52.56666666666667,30.0,410,2,traffic_signs,0.7973577976226807,3352.0439453125,1359.7330322265625,3519.590087890625,1502.3826904296875,3435.8170166015625,1431.057861328125,167.546142578125,142.649658203125
IMG_0048.mp4,1577,52.56666666666667,30.0,453,2,traffic_signs,0.7608089447021484,3135.71044921875,1381.2607421875,3227.47119140625,1443.4515380859375,3181.5908203125,1412.3561401367188,91.7607421875,62.1907958984375
IMG_0048.mp4,1577,52.56666666666667,30.0,456,1,traffic_lights,0.7949395179748535,929.3871459960938,95.69110107421875,1837.98828125,1227.7288818359375,1383.6877136230469,661.7099914550781,908.6011352539062,1132.0377807617188
IMG_0048.mp4,1578,52.6,30.0,414,2,traffic_signs,0.36152830719947815,3160.9482421875,1260.375244140625,3309.144775390625,1351.9298095703125,3235.0465087890625,1306.1525268554688,148.196533203125,91.5545654296875
IMG_0048.mp4,1578,52.6,30.0,438,2,traffic_signs,0.8164207935333252,1646.131591796875,1304.263916015625,1830.3272705078125,1442.30859375,1738.2294311523438,1373.2862548828125,184.1956787109375,138.044677734375
IMG_0048.mp4,1578,52.6,30.0,410,2,traffic_signs,0.7056103348731995,3382.517333984375,1357.8741455078125,3552.6865234375,1501.9366455078125,3467.6019287109375,1429.9053955078125,170.169189453125,144.0625
IMG_0048.mp4,1578,52.6,30.0,453,2,traffic_signs,0.5734327435493469,3167.501220703125,1380.443359375,3259.483642578125,1442.543212890625,3213.492431640625,1411.4932861328125,91.982421875,62.099853515625
IMG_0048.mp4,1578,52.6,30.0,456,1,traffic_lights,0.7063450217247009,935.8152465820312,86.06925201416016,1870.59130859375,1207.108642578125,1403.2032775878906,646.5889472961426,934.7760620117188,1121.0393905639648
IMG_0048.mp4,1578,52.6,30.0,504,2,traffic_signs,0.6394639015197754,264.1104431152344,1300.5682373046875,322.8750305175781,1334.1148681640625,293.49273681640625,1317.341552734375,58.76458740234375,33.546630859375
IMG_0048.mp4,1579,52.63333333333333,30.0,414,2,traffic_signs,0.7830567359924316,3198.49560546875,1260.624267578125,3344.78173828125,1353.947509765625,3271.638671875,1307.285888671875,146.2861328125,93.3232421875
IMG_0048.mp4,1579,52.63333333333333,30.0,438,2,traffic_signs,0.7918075323104858,1672.8841552734375,1305.9447021484375,1854.1365966796875,1445.0299072265625,1763.5103759765625,1375.4873046875,181.25244140625,139.085205078125
IMG_0048.mp4,1579,52.63333333333333,30.0,410,2,traffic_signs,0.8310108780860901,3421.430419921875,1358.65185546875,3590.968505859375,1503.1328125,3506.199462890625,1430.892333984375,169.5380859375,144.48095703125
IMG_0048.mp4,1579,52.63333333333333,30.0,453,2,traffic_signs,0.8089668154716492,3205.146484375,1381.2613525390625,3294.84716796875,1442.8480224609375,3249.996826171875,1412.0546875,89.70068359375,61.586669921875
IMG_0048.mp4,1579,52.63333333333333,30.0,456,1,traffic_lights,0.7167299389839172,949.9904174804688,83.40890502929688,1902.5869140625,1198.3779296875,1426.2886657714844,640.8934173583984,952.5964965820312,1114.9690246582031
IMG_0048.mp4,1580,52.666666666666664,30.0,414,2,traffic_signs,0.6578912138938904,3227.07666015625,1259.3218994140625,3374.226806640625,1353.2685546875,3300.6517333984375,1306.2952270507812,147.150146484375,93.9466552734375
IMG_0048.mp4,1580,52.666666666666664,30.0,438,2,traffic_signs,0.5325140357017517,1685.298583984375,1303.032958984375,1874.1871337890625,1445.0208740234375,1779.7428588867188,1374.0269165039062,188.8885498046875,141.9879150390625
IMG_0048.mp4,1580,52.666666666666664,30.0,410,2,traffic_signs,0.8856848478317261,3455.740478515625,1356.4952392578125,3622.6796875,1501.9761962890625,3539.2100830078125,1429.2357177734375,166.939208984375,145.48095703125
IMG_0048.mp4,1580,52.666666666666664,30.0,453,2,traffic_signs,0.7676080465316772,3233.923828125,1380.295654296875,3322.794677734375,1442.869140625,3278.3592529296875,1411.5823974609375,88.870849609375,62.573486328125
IMG_0048.mp4,1580,52.666666666666664,30.0,456,1,traffic_lights,0.5935977697372437,960.6680908203125,89.01355743408203,1920.68701171875,1195.3330078125,1440.6775512695312,642.173282623291,960.0189208984375,1106.319450378418
IMG_0048.mp4,1581,52.7,30.0,410,2,traffic_signs,0.9411976933479309,3489.09814453125,1356.1258544921875,3655.76318359375,1504.12109375,3572.4306640625,1430.1234741210938,166.6650390625,147.9952392578125
IMG_0048.mp4,1581,52.7,30.0,453,2,traffic_signs,0.6774181723594666,3265.017578125,1380.6328125,3353.1650390625,1441.5218505859375,3309.09130859375,1411.0773315429688,88.1474609375,60.8890380859375
IMG_0048.mp4,1581,52.7,30.0,508,2,traffic_signs,0.7015265822410583,3082.94140625,431.18853759765625,3161.75732421875,514.1718139648438,3122.349365234375,472.68017578125,78.81591796875,82.9832763671875
IMG_0048.mp4,1582,52.733333333333334,30.0,410,2,traffic_signs,0.8805121183395386,3521.78271484375,1352.3226318359375,3691.78564453125,1504.202392578125,3606.7841796875,1428.2625122070312,170.0029296875,151.8797607421875
IMG_0048.mp4,1582,52.733333333333334,30.0,453,2,traffic_signs,0.7084962725639343,3298.069580078125,1380.5556640625,3387.22998046875,1442.0985107421875,3342.6497802734375,1411.3270874023438,89.160400390625,61.5428466796875
IMG_0048.mp4,1582,52.733333333333334,30.0,414,2,traffic_signs,0.43717479705810547,3287.633056640625,1257.400146484375,3441.72607421875,1359.0751953125,3364.6795654296875,1308.2376708984375,154.093017578125,101.675048828125
IMG_0048.mp4,1582,52.733333333333334,30.0,438,2,traffic_signs,0.6639710068702698,1712.9649658203125,1240.0301513671875,1913.8184814453125,1450.1181640625,1813.3917236328125,1345.0741577148438,200.853515625,210.0880126953125
IMG_0048.mp4,1583,52.766666666666666,30.0,410,2,traffic_signs,0.9046405553817749,3553.61083984375,1351.16650390625,3723.376220703125,1505.327880859375,3638.4935302734375,1428.2471923828125,169.765380859375,154.161376953125
IMG_0048.mp4,1583,52.766666666666666,30.0,453,2,traffic_signs,0.7874038815498352,3325.330810546875,1380.4622802734375,3415.732666015625,1442.7188720703125,3370.53173828125,1411.590576171875,90.40185546875,62.256591796875
IMG_0048.mp4,1583,52.766666666666666,30.0,414,2,traffic_signs,0.5669562816619873,3316.4833984375,1257.5439453125,3466.8603515625,1357.954345703125,3391.671875,1307.7491455078125,150.376953125,100.410400390625
IMG_0048.mp4,1583,52.766666666666666,30.0,438,2,traffic_signs,0.2579202950000763,1732.118408203125,1225.578125,1934.0634765625,1451.0716552734375,1833.0909423828125,1338.3248901367188,201.945068359375,225.4935302734375
IMG_0048.mp4,1584,52.8,30.0,410,2,traffic_signs,0.9084282517433167,3585.245361328125,1353.041748046875,3757.7666015625,1505.6500244140625,3671.5059814453125,1429.3458862304688,172.521240234375,152.6082763671875
IMG_0048.mp4,1584,52.8,30.0,453,2,traffic_signs,0.6518105864524841,3354.977783203125,1379.7974853515625,3444.724609375,1444.242919921875,3399.8511962890625,1412.0202026367188,89.746826171875,64.4454345703125
IMG_0048.mp4,1584,52.8,30.0,414,2,traffic_signs,0.2889229953289032,3346.26171875,1257.4326171875,3492.856689453125,1357.7171630859375,3419.5592041015625,1307.5748901367188,146.594970703125,100.2845458984375
IMG_0048.mp4,1584,52.8,30.0,438,2,traffic_signs,0.7804456949234009,1749.8104248046875,1221.2412109375,1951.8360595703125,1451.4669189453125,1850.8232421875,1336.3540649414062,202.025634765625,230.2257080078125
IMG_0048.mp4,1584,52.8,30.0,513,2,traffic_signs,0.706004798412323,3090.494140625,443.9327392578125,3168.306640625,525.1875,3129.400390625,484.56011962890625,77.8125,81.2547607421875
IMG_0048.mp4,1585,52.833333333333336,30.0,410,2,traffic_signs,0.8716880679130554,3616.505126953125,1352.0946044921875,3787.642333984375,1506.6787109375,3702.07373046875,1429.3866577148438,171.13720703125,154.5841064453125
IMG_0048.mp4,1585,52.833333333333336,30.0,453,2,traffic_signs,0.3977740406990051,3383.396728515625,1381.2110595703125,3470.75927734375,1444.349365234375,3427.0780029296875,1412.7802124023438,87.362548828125,63.1383056640625
IMG_0048.mp4,1585,52.833333333333336,30.0,513,2,traffic_signs,0.5925717353820801,3095.557861328125,446.3529052734375,3173.814697265625,528.0899658203125,3134.686279296875,487.221435546875,78.2568359375,81.737060546875
IMG_0048.mp4,1586,52.86666666666667,30.0,410,2,traffic_signs,0.8928298950195312,3643.2548828125,1352.0909423828125,3818.725830078125,1507.5743408203125,3730.9903564453125,1429.8326416015625,175.470947265625,155.4833984375
IMG_0048.mp4,1586,52.86666666666667,30.0,453,2,traffic_signs,0.4014693796634674,3411.153564453125,1381.6876220703125,3501.834716796875,1443.4505615234375,3456.494140625,1412.569091796875,90.68115234375,61.762939453125
IMG_0048.mp4,1586,52.86666666666667,30.0,513,2,traffic_signs,0.3405800461769104,3097.913818359375,449.8512878417969,3175.37060546875,533.0067138671875,3136.6422119140625,491.4290008544922,77.456787109375,83.15542602539062
IMG_0048.mp4,1586,52.86666666666667,30.0,414,2,traffic_signs,0.7436464428901672,3402.185302734375,1257.653076171875,3541.11474609375,1361.48876953125,3471.6500244140625,1309.5709228515625,138.929443359375,103.835693359375
IMG_0048.mp4,1586,52.86666666666667,30.0,438,2,traffic_signs,0.8057196736335754,1809.576416015625,1221.0623779296875,1991.275634765625,1453.46044921875,1900.426025390625,1337.2614135742188,181.69921875,232.3980712890625
IMG_0048.mp4,1587,52.9,30.0,410,2,traffic_signs,0.8249112963676453,3673.370361328125,1349.6522216796875,3840.0,1508.06103515625,3756.6851806640625,1428.8566284179688,166.629638671875,158.4088134765625
IMG_0048.mp4,1587,52.9,30.0,414,2,traffic_signs,0.47958722710609436,3431.23046875,1256.3675537109375,3575.949462890625,1364.6910400390625,3503.5899658203125,1310.529296875,144.718994140625,108.323486328125
IMG_0048.mp4,1587,52.9,30.0,438,2,traffic_signs,0.554790198802948,1828.7230224609375,1222.06640625,2012.311279296875,1453.59765625,1920.5171508789062,1337.83203125,183.5882568359375,231.53125
IMG_0048.mp4,1588,52.93333333333333,30.0,410,2,traffic_signs,0.9075925350189209,3705.931884765625,1345.13916015625,3840.0,1508.7222900390625,3772.9659423828125,1426.9307250976562,134.068115234375,163.5831298828125
IMG_0048.mp4,1588,52.93333333333333,30.0,414,2,traffic_signs,0.2833523452281952,3456.272705078125,1255.8790283203125,3604.278076171875,1365.5079345703125,3530.275390625,1310.6934814453125,148.00537109375,109.62890625
IMG_0048.mp4,1588,52.93333333333333,30.0,438,2,traffic_signs,0.6593085527420044,1841.5628662109375,1221.77734375,2029.788818359375,1452.8101806640625,1935.6758422851562,1337.2937622070312,188.2259521484375,231.0328369140625
IMG_0048.mp4,1588,52.93333333333333,30.0,519,2,traffic_signs,0.5420535206794739,522.5322875976562,1309.770751953125,572.2848510742188,1358.3487548828125,547.4085693359375,1334.0597534179688,49.7525634765625,48.5780029296875
IMG_0048.mp4,1588,52.93333333333333,30.0,453,2,traffic_signs,0.31587743759155273,3466.12451171875,1379.7535400390625,3558.725830078125,1445.7674560546875,3512.4251708984375,1412.760498046875,92.601318359375,66.013916015625
IMG_0048.mp4,1588,52.93333333333333,30.0,513,2,traffic_signs,0.5418395400047302,3108.4033203125,454.4324035644531,3185.81982421875,537.1994018554688,3147.111572265625,495.81590270996094,77.41650390625,82.76699829101562
IMG_0048.mp4,1589,52.96666666666667,30.0,410,2,traffic_signs,0.7822750210762024,3732.25146484375,1349.1533203125,3840.0,1508.828369140625,3786.125732421875,1428.9908447265625,107.74853515625,159.675048828125
IMG_0048.mp4,1589,52.96666666666667,30.0,414,2,traffic_signs,0.4181392788887024,3481.457275390625,1255.45849609375,3630.588134765625,1364.8162841796875,3556.022705078125,1310.1373901367188,149.130859375,109.3577880859375
IMG_0048.mp4,1589,52.96666666666667,30.0,438,2,traffic_signs,0.8029496669769287,1859.3182373046875,1224.3065185546875,2045.797119140625,1453.1854248046875,1952.5576782226562,1338.7459716796875,186.4788818359375,228.87890625
IMG_0048.mp4,1589,52.96666666666667,30.0,519,2,traffic_signs,0.4979526996612549,538.5250244140625,1304.583740234375,593.2476806640625,1359.2789306640625,565.8863525390625,1331.9313354492188,54.72265625,54.6951904296875
IMG_0048.mp4,1589,52.96666666666667,30.0,513,2,traffic_signs,0.7874101400375366,3117.361083984375,459.6429138183594,3194.740478515625,539.619140625,3156.05078125,499.6310272216797,77.37939453125,79.97622680664062
IMG_0048.mp4,1590,53.0,30.0,410,2,traffic_signs,0.38649317622184753,3759.76708984375,1356.5166015625,3840.0,1506.71533203125,3799.883544921875,1431.615966796875,80.23291015625,150.19873046875
IMG_0048.mp4,1590,53.0,30.0,414,2,traffic_signs,0.6800878047943115,3507.66845703125,1255.20703125,3654.853759765625,1365.9022216796875,3581.2611083984375,1310.5546264648438,147.185302734375,110.6951904296875
IMG_0048.mp4,1590,53.0,30.0,438,2,traffic_signs,0.7815831303596497,1877.0189208984375,1223.8948974609375,2064.38525390625,1454.977783203125,1970.7020874023438,1339.4363403320312,187.3663330078125,231.0828857421875
IMG_0048.mp4,1590,53.0,30.0,519,2,traffic_signs,0.47346892952919006,562.5384521484375,1306.02197265625,611.4409790039062,1360.6650390625,586.9897155761719,1333.343505859375,48.90252685546875,54.64306640625
IMG_0048.mp4,1590,53.0,30.0,513,2,traffic_signs,0.8008655905723572,3125.863525390625,463.1866760253906,3204.422119140625,543.3970336914062,3165.142822265625,503.29185485839844,78.55859375,80.21035766601562
IMG_0048.mp4,1590,53.0,30.0,453,2,traffic_signs,0.3026600182056427,3515.616455078125,1380.6341552734375,3608.583251953125,1447.88134765625,3562.099853515625,1414.2577514648438,92.966796875,67.2471923828125
IMG_0048.mp4,1591,53.03333333333333,30.0,414,2,traffic_signs,0.5901307463645935,3531.435546875,1254.2203369140625,3679.31689453125,1367.635498046875,3605.376220703125,1310.9279174804688,147.88134765625,113.4151611328125
IMG_0048.mp4,1591,53.03333333333333,30.0,438,2,traffic_signs,0.8873770833015442,1908.2056884765625,1225.7633056640625,2082.619873046875,1455.9241943359375,1995.4127807617188,1340.84375,174.4141845703125,230.160888671875
IMG_0048.mp4,1591,53.03333333333333,30.0,519,2,traffic_signs,0.3232315480709076,579.0167846679688,1303.7236328125,624.4684448242188,1360.3985595703125,601.7426147460938,1332.0610961914062,45.45166015625,56.6749267578125
IMG_0048.mp4,1591,53.03333333333333,30.0,513,2,traffic_signs,0.7971450686454773,3132.992919921875,465.64837646484375,3211.88623046875,546.0269775390625,3172.4395751953125,505.8376770019531,78.893310546875,80.37860107421875
IMG_0048.mp4,1591,53.03333333333333,30.0,526,1,traffic_lights,0.3744868338108063,1152.6243896484375,115.28356170654297,1616.7147216796875,889.1441040039062,1384.6695556640625,502.2138328552246,464.09033203125,773.8605422973633
IMG_0048.mp4,1592,53.06666666666667,30.0,414,2,traffic_signs,0.6094551682472229,3556.80078125,1254.6866455078125,3704.4697265625,1368.26513671875,3630.63525390625,1311.4758911132812,147.6689453125,113.5784912109375
IMG_0048.mp4,1592,53.06666666666667,30.0,438,2,traffic_signs,0.8853495121002197,1917.0364990234375,1226.6776123046875,2099.99560546875,1457.07373046875,2008.5160522460938,1341.8756713867188,182.9591064453125,230.3961181640625
IMG_0048.mp4,1592,53.06666666666667,30.0,513,2,traffic_signs,0.5395010113716125,3143.914306640625,468.20074462890625,3223.501953125,548.75341796875,3183.7081298828125,508.4770812988281,79.587646484375,80.55267333984375
IMG_0048.mp4,1592,53.06666666666667,30.0,453,2,traffic_signs,0.4246525168418884,3565.047119140625,1381.3070068359375,3657.75634765625,1448.3387451171875,3611.4017333984375,1414.8228759765625,92.709228515625,67.03173828125
IMG_0048.mp4,1593,53.1,30.0,414,2,traffic_signs,0.6736776232719421,3580.702880859375,1253.451904296875,3727.626220703125,1366.8416748046875,3654.16455078125,1310.1467895507812,146.92333984375,113.3897705078125
IMG_0048.mp4,1593,53.1,30.0,438,2,traffic_signs,0.8977935910224915,1932.5728759765625,1225.0855712890625,2116.226318359375,1457.7952880859375,2024.3995971679688,1341.4404296875,183.6534423828125,232.709716796875
IMG_0048.mp4,1593,53.1,30.0,513,2,traffic_signs,0.6623677015304565,3153.2548828125,469.4004821777344,3231.883544921875,551.2645263671875,3192.5692138671875,510.33250427246094,78.628662109375,81.86404418945312
IMG_0048.mp4,1594,53.13333333333333,30.0,414,2,traffic_signs,0.4959340989589691,3604.321533203125,1253.5672607421875,3750.076171875,1368.646240234375,3677.1988525390625,1311.1067504882812,145.754638671875,115.0789794921875
IMG_0048.mp4,1594,53.13333333333333,30.0,438,2,traffic_signs,0.9090325832366943,1952.048095703125,1227.2088623046875,2133.153564453125,1457.833740234375,2042.600830078125,1342.5213012695312,181.10546875,230.6248779296875
IMG_0048.mp4,1594,53.13333333333333,30.0,513,2,traffic_signs,0.7742627859115601,3164.466552734375,470.6968688964844,3243.05029296875,553.3599853515625,3203.7584228515625,512.0284271240234,78.583740234375,82.66311645507812
IMG_0048.mp4,1594,53.13333333333333,30.0,453,2,traffic_signs,0.3645569384098053,3613.5419921875,1380.707763671875,3705.7431640625,1449.660400390625,3659.642578125,1415.18408203125,92.201171875,68.95263671875
IMG_0048.mp4,1595,53.166666666666664,30.0,414,2,traffic_signs,0.3852304220199585,3629.036865234375,1253.0059814453125,3774.78173828125,1368.154296875,3701.9093017578125,1310.5801391601562,145.744873046875,115.1483154296875
IMG_0048.mp4,1595,53.166666666666664,30.0,438,2,traffic_signs,0.8736180663108826,1967.357666015625,1228.5076904296875,2149.970458984375,1459.2237548828125,2058.6640625,1343.86572265625,182.61279296875,230.716064453125
IMG_0048.mp4,1595,53.166666666666664,30.0,513,2,traffic_signs,0.45816779136657715,3174.585693359375,472.8885803222656,3253.23974609375,554.4927978515625,3213.9127197265625,513.6906890869141,78.654052734375,81.60421752929688
IMG_0048.mp4,1596,53.2,30.0,438,2,traffic_signs,0.8512133359909058,1981.9146728515625,1228.238525390625,2165.573486328125,1461.3416748046875,2073.7440795898438,1344.7901000976562,183.6588134765625,233.1031494140625
IMG_0048.mp4,1596,53.2,30.0,513,2,traffic_signs,0.7007574439048767,3180.754150390625,473.0694885253906,3260.54296875,556.1403198242188,3220.6485595703125,514.6049041748047,79.788818359375,83.07083129882812
IMG_0048.mp4,1597,53.233333333333334,30.0,438,2,traffic_signs,0.9097609519958496,2000.3067626953125,1229.0797119140625,2183.05224609375,1462.0670166015625,2091.6795043945312,1345.5733642578125,182.7454833984375,232.9873046875
IMG_0048.mp4,1597,53.233333333333334,30.0,513,2,traffic_signs,0.3413935601711273,3192.10693359375,475.53204345703125,3271.779296875,557.1651611328125,3231.943115234375,516.3486022949219,79.67236328125,81.63311767578125
IMG_0048.mp4,1597,53.233333333333334,30.0,414,2,traffic_signs,0.5666078329086304,3676.6396484375,1253.473876953125,3825.87646484375,1365.187744140625,3751.258056640625,1309.330810546875,149.23681640625,111.7138671875
IMG_0048.mp4,1598,53.266666666666666,30.0,438,2,traffic_signs,0.8928223848342896,2016.155517578125,1228.831298828125,2198.167236328125,1463.0372314453125,2107.161376953125,1345.9342651367188,182.01171875,234.2059326171875
IMG_0048.mp4,1598,53.266666666666666,30.0,513,2,traffic_signs,0.414277046918869,3199.45947265625,475.4653625488281,3280.192138671875,558.9888305664062,3239.8258056640625,517.2270965576172,80.732666015625,83.52346801757812
IMG_0048.mp4,1598,53.266666666666666,30.0,414,2,traffic_signs,0.3956412076950073,3699.005615234375,1253.8804931640625,3840.0,1362.4549560546875,3769.5028076171875,1308.167724609375,140.994384765625,108.574462890625
IMG_0048.mp4,1599,53.3,30.0,438,2,traffic_signs,0.8965739607810974,2029.6195068359375,1227.6474609375,2213.34326171875,1465.2315673828125,2121.4813842773438,1346.4395141601562,183.7237548828125,237.5841064453125
IMG_0048.mp4,1599,53.3,30.0,513,2,traffic_signs,0.47973477840423584,3209.076416015625,477.20562744140625,3289.254150390625,559.6876831054688,3249.165283203125,518.4466552734375,80.177734375,82.4820556640625
IMG_0048.mp4,1599,53.3,30.0,414,2,traffic_signs,0.6103985905647278,3721.058349609375,1251.180419921875,3840.0,1358.445556640625,3780.5291748046875,1304.81298828125,118.941650390625,107.26513671875
IMG_0048.mp4,1600,53.333333333333336,30.0,438,2,traffic_signs,0.9151259064674377,2042.6363525390625,1228.689208984375,2229.86181640625,1465.98388671875,2136.2490844726562,1347.3365478515625,187.2254638671875,237.294677734375
IMG_0048.mp4,1600,53.333333333333336,30.0,414,2,traffic_signs,0.39612770080566406,3744.856201171875,1252.17236328125,3840.0,1352.9688720703125,3792.4281005859375,1302.5706176757812,95.143798828125,100.7965087890625
IMG_0048.mp4,1601,53.36666666666667,30.0,438,2,traffic_signs,0.8807463645935059,2058.929931640625,1230.3590087890625,2241.933837890625,1466.935791015625,2150.431884765625,1348.6473999023438,183.00390625,236.5767822265625
IMG_0048.mp4,1601,53.36666666666667,30.0,414,2,traffic_signs,0.7511204481124878,3765.26904296875,1247.0245361328125,3840.0,1352.984130859375,3802.634521484375,1300.0043334960938,74.73095703125,105.9595947265625
IMG_0048.mp4,1601,53.36666666666667,30.0,513,2,traffic_signs,0.4176560342311859,3225.012939453125,480.5510559082031,3304.679931640625,564.6002807617188,3264.846435546875,522.5756683349609,79.6669921875,84.04922485351562
IMG_0048.mp4,1602,53.4,30.0,438,2,traffic_signs,0.8602727055549622,2073.22412109375,1228.6962890625,2256.456787109375,1468.34375,2164.8404541015625,1348.52001953125,183.232666015625,239.6474609375
IMG_0048.mp4,1602,53.4,30.0,534,2,traffic_signs,0.5461905002593994,778.3082275390625,1325.5909423828125,823.854248046875,1377.9608154296875,801.0812377929688,1351.77587890625,45.5460205078125,52.369873046875
IMG_0048.mp4,1603,53.43333333333333,30.0,438,2,traffic_signs,0.8463120460510254,2095.509765625,1230.849853515625,2273.026123046875,1470.6524658203125,2184.2679443359375,1350.7511596679688,177.516357421875,239.8026123046875
IMG_0048.mp4,1603,53.43333333333333,30.0,534,2,traffic_signs,0.33434614539146423,790.2916259765625,1328.9703369140625,840.23193359375,1379.167236328125,815.2617797851562,1354.0687866210938,49.9403076171875,50.1968994140625
IMG_0048.mp4,1604,53.46666666666667,30.0,438,2,traffic_signs,0.8580619692802429,2106.529052734375,1229.325439453125,2285.482421875,1469.52490234375,2196.0057373046875,1349.4251708984375,178.953369140625,240.199462890625
IMG_0048.mp4,1604,53.46666666666667,30.0,534,2,traffic_signs,0.43689441680908203,807.300537109375,1330.80712890625,854.0039672851562,1381.137939453125,830.6522521972656,1355.9725341796875,46.70343017578125,50.330810546875
IMG_0048.mp4,1605,53.5,30.0,438,2,traffic_signs,0.4728067219257355,2117.8310546875,1230.9183349609375,2298.972412109375,1469.6864013671875,2208.4017333984375,1350.3023681640625,181.141357421875,238.76806640625
IMG_0048.mp4,1607,53.56666666666667,30.0,438,2,traffic_signs,0.8179780840873718,2138.025146484375,1232.7308349609375,2322.047607421875,1473.22509765625,2230.036376953125,1352.9779663085938,184.0224609375,240.4942626953125
IMG_0048.mp4,1608,53.6,30.0,438,2,traffic_signs,0.8374876379966736,2145.3759765625,1230.3875732421875,2331.9521484375,1471.6138916015625,2238.6640625,1351.000732421875,186.576171875,241.226318359375
IMG_0048.mp4,1609,53.63333333333333,30.0,438,2,traffic_signs,0.8088851571083069,2155.134521484375,1231.0318603515625,2339.392578125,1472.85400390625,2247.2635498046875,1351.9429321289062,184.258056640625,241.8221435546875
IMG_0048.mp4,1610,53.666666666666664,30.0,438,2,traffic_signs,0.6892662048339844,2167.275390625,1229.3829345703125,2349.00146484375,1474.08544921875,2258.138427734375,1351.7341918945312,181.72607421875,244.7025146484375
IMG_0048.mp4,1612,53.733333333333334,30.0,438,2,traffic_signs,0.658638596534729,2192.5302734375,1233.3331298828125,2368.91162109375,1477.1474609375,2280.720947265625,1355.2402954101562,176.38134765625,243.8143310546875
IMG_0048.mp4,1613,53.766666666666666,30.0,438,2,traffic_signs,0.7907489538192749,2208.793701171875,1231.19775390625,2378.40087890625,1476.7989501953125,2293.5972900390625,1353.9983520507812,169.607177734375,245.6011962890625
IMG_0048.mp4,1614,53.8,30.0,438,2,traffic_signs,0.7275336980819702,2211.10546875,1229.542724609375,2385.099853515625,1477.1856689453125,2298.1026611328125,1353.3641967773438,173.994384765625,247.6429443359375
IMG_0048.mp4,1615,53.833333333333336,30.0,438,2,traffic_signs,0.7988028526306152,2212.69091796875,1230.1265869140625,2390.7314453125,1476.675537109375,2301.711181640625,1353.4010620117188,178.04052734375,246.5489501953125
IMG_0048.mp4,1616,53.86666666666667,30.0,438,2,traffic_signs,0.801063597202301,2214.07421875,1229.0947265625,2397.13134765625,1476.38330078125,2305.602783203125,1352.739013671875,183.05712890625,247.28857421875
IMG_0048.mp4,1617,53.9,30.0,438,2,traffic_signs,0.7798500061035156,2218.58642578125,1227.0113525390625,2402.534423828125,1476.345947265625,2310.5604248046875,1351.6786499023438,183.947998046875,249.3345947265625
IMG_0048.mp4,1618,53.93333333333333,30.0,438,2,traffic_signs,0.5092942714691162,2222.341064453125,1226.27978515625,2408.00537109375,1477.0823974609375,2315.1732177734375,1351.6810913085938,185.664306640625,250.8026123046875
IMG_0048.mp4,1619,53.96666666666667,30.0,438,2,traffic_signs,0.7686205506324768,2229.654541015625,1229.7420654296875,2417.005126953125,1478.031982421875,2323.329833984375,1353.8870239257812,187.3505859375,248.2899169921875
IMG_0048.mp4,1620,54.0,30.0,438,2,traffic_signs,0.8267055153846741,2234.953857421875,1229.7877197265625,2422.082763671875,1477.829345703125,2328.518310546875,1353.8085327148438,187.12890625,248.0416259765625
IMG_0048.mp4,1621,54.03333333333333,30.0,438,2,traffic_signs,0.8513664603233337,2240.738037109375,1227.1097412109375,2428.912353515625,1477.8291015625,2334.8251953125,1352.4694213867188,188.17431640625,250.7193603515625
IMG_0048.mp4,1622,54.06666666666667,30.0,438,2,traffic_signs,0.8322560787200928,2245.161376953125,1225.5906982421875,2431.845458984375,1478.43603515625,2338.50341796875,1352.0133666992188,186.68408203125,252.8453369140625
IMG_0048.mp4,1623,54.1,30.0,438,2,traffic_signs,0.7780930399894714,2249.902099609375,1225.7010498046875,2435.78662109375,1479.9210205078125,2342.8443603515625,1352.81103515625,185.884521484375,254.219970703125
IMG_0048.mp4,1624,54.13333333333333,30.0,438,2,traffic_signs,0.48644185066223145,2257.75048828125,1228.486083984375,2440.94091796875,1481.0408935546875,2349.345703125,1354.7634887695312,183.1904296875,252.5548095703125
IMG_0048.mp4,1624,54.13333333333333,30.0,542,2,traffic_signs,0.7317526936531067,970.9480590820312,1342.1856689453125,1011.458984375,1394.536865234375,991.2035217285156,1368.3612670898438,40.51092529296875,52.3511962890625
IMG_0048.mp4,1625,54.166666666666664,30.0,438,2,traffic_signs,0.8486983180046082,2257.134521484375,1227.236083984375,2444.504150390625,1479.628173828125,2350.8193359375,1353.43212890625,187.36962890625,252.39208984375
IMG_0048.mp4,1625,54.166666666666664,30.0,542,2,traffic_signs,0.4950851500034332,974.9532470703125,1340.839599609375,1013.9453735351562,1393.8438720703125,994.4493103027344,1367.3417358398438,38.99212646484375,53.0042724609375
IMG_0048.mp4,1626,54.2,30.0,438,2,traffic_signs,0.7383471727371216,2260.684326171875,1226.0184326171875,2448.751220703125,1480.0616455078125,2354.7177734375,1353.0400390625,188.06689453125,254.043212890625
IMG_0048.mp4,1626,54.2,30.0,542,2,traffic_signs,0.49324026703834534,979.4102783203125,1341.111083984375,1015.2086181640625,1392.519775390625,997.3094482421875,1366.8154296875,35.79833984375,51.40869140625
IMG_0048.mp4,1627,54.233333333333334,30.0,438,2,traffic_signs,0.4244387745857239,2266.34619140625,1225.0443115234375,2454.417236328125,1480.0208740234375,2360.3817138671875,1352.5325927734375,188.071044921875,254.9765625
IMG_0048.mp4,1628,54.266666666666666,30.0,438,2,traffic_signs,0.7527365684509277,2267.888427734375,1224.7200927734375,2458.754638671875,1479.6285400390625,2363.321533203125,1352.17431640625,190.8662109375,254.908447265625
IMG_0048.mp4,1629,54.3,30.0,438,2,traffic_signs,0.7927188277244568,2269.496826171875,1225.0159912109375,2464.453125,1479.45947265625,2366.9749755859375,1352.2377319335938,194.956298828125,254.4434814453125
IMG_0048.mp4,1629,54.3,30.0,542,2,traffic_signs,0.5202749371528625,995.6134643554688,1341.8189697265625,1034.08984375,1397.6280517578125,1014.8516540527344,1369.7235107421875,38.47637939453125,55.80908203125
IMG_0048.mp4,1630,54.333333333333336,30.0,438,2,traffic_signs,0.8698710203170776,2276.8125,1225.5186767578125,2469.588134765625,1480.3218994140625,2373.2003173828125,1352.9202880859375,192.775634765625,254.80322265625
IMG_0048.mp4,1630,54.333333333333336,30.0,542,2,traffic_signs,0.488072007894516,998.214599609375,1340.5721435546875,1037.0726318359375,1397.272705078125,1017.6436157226562,1368.9224243164062,38.8580322265625,56.7005615234375
IMG_0048.mp4,1631,54.36666666666667,30.0,438,2,traffic_signs,0.883917510509491,2277.0390625,1223.9901123046875,2471.965087890625,1480.011962890625,2374.5020751953125,1352.0010375976562,194.926025390625,256.0218505859375
IMG_0048.mp4,1631,54.36666666666667,30.0,542,2,traffic_signs,0.4902587831020355,999.7760009765625,1340.231689453125,1037.642578125,1397.058837890625,1018.7092895507812,1368.645263671875,37.8665771484375,56.8271484375
IMG_0048.mp4,1632,54.4,30.0,438,2,traffic_signs,0.8494237065315247,2285.13720703125,1223.5216064453125,2476.28662109375,1480.2237548828125,2380.7119140625,1351.8726806640625,191.1494140625,256.7021484375
IMG_0048.mp4,1632,54.4,30.0,542,2,traffic_signs,0.5047663450241089,1004.6571655273438,1340.6048583984375,1041.12890625,1397.7335205078125,1022.8930358886719,1369.169189453125,36.47174072265625,57.128662109375
IMG_0048.mp4,1633,54.43333333333333,30.0,438,2,traffic_signs,0.7970779538154602,2293.41796875,1223.191650390625,2478.10693359375,1480.0289306640625,2385.762451171875,1351.6102905273438,184.68896484375,256.8372802734375
IMG_0048.mp4,1633,54.43333333333333,30.0,542,2,traffic_signs,0.343477338552475,1011.764892578125,1345.1900634765625,1046.3331298828125,1399.630126953125,1029.0490112304688,1372.4100952148438,34.5682373046875,54.4400634765625
IMG_0048.mp4,1634,54.46666666666667,30.0,438,2,traffic_signs,0.8421328067779541,2296.022705078125,1220.32568359375,2478.72265625,1479.335693359375,2387.3726806640625,1349.8306884765625,182.699951171875,259.010009765625
IMG_0048.mp4,1635,54.5,30.0,438,2,traffic_signs,0.803838312625885,2298.460205078125,1218.51953125,2479.45751953125,1479.07080078125,2388.9588623046875,1348.795166015625,180.997314453125,260.55126953125
IMG_0048.mp4,1635,54.5,30.0,542,2,traffic_signs,0.6720173358917236,1023.0797729492188,1346.19384765625,1059.91552734375,1400.4752197265625,1041.4976501464844,1373.3345336914062,36.83575439453125,54.2813720703125
IMG_0048.mp4,1636,54.53333333333333,30.0,438,2,traffic_signs,0.8147993087768555,2299.585205078125,1217.370849609375,2480.85498046875,1478.4521484375,2390.2200927734375,1347.9114990234375,181.269775390625,261.081298828125
IMG_0048.mp4,1636,54.53333333333333,30.0,542,2,traffic_signs,0.6855672001838684,1027.389892578125,1349.392822265625,1063.3759765625,1401.2720947265625,1045.3829345703125,1375.3324584960938,35.986083984375,51.8792724609375
IMG_0048.mp4,1637,54.56666666666667,30.0,438,2,traffic_signs,0.8521472215652466,2298.69775390625,1217.219482421875,2484.45263671875,1478.2716064453125,2391.5751953125,1347.7455444335938,185.7548828125,261.0521240234375
IMG_0048.mp4,1637,54.56666666666667,30.0,542,2,traffic_signs,0.779107391834259,1028.200439453125,1348.4552001953125,1069.5201416015625,1400.810546875,1048.8602905273438,1374.6328735351562,41.3197021484375,52.3553466796875
IMG_0048.mp4,1638,54.6,30.0,438,2,traffic_signs,0.8571202754974365,2299.44140625,1216.62744140625,2487.587890625,1478.4290771484375,2393.5146484375,1347.5282592773438,188.146484375,261.8016357421875
IMG_0048.mp4,1638,54.6,30.0,542,2,traffic_signs,0.422342449426651,1031.8934326171875,1350.03515625,1070.863037109375,1400.7919921875,1051.3782348632812,1375.41357421875,38.9696044921875,50.7568359375
IMG_0048.mp4,1639,54.63333333333333,30.0,438,2,traffic_signs,0.7880839109420776,2302.6630859375,1216.49951171875,2489.619384765625,1479.0458984375,2396.1412353515625,1347.772705078125,186.956298828125,262.54638671875
IMG_0048.mp4,1639,54.63333333333333,30.0,542,2,traffic_signs,0.7044515013694763,1031.657958984375,1347.86669921875,1072.7789306640625,1401.0234375,1052.2184448242188,1374.445068359375,41.1209716796875,53.15673828125
IMG_0048.mp4,1640,54.666666666666664,30.0,438,2,traffic_signs,0.8132588267326355,2304.859130859375,1216.1815185546875,2491.195556640625,1478.34814453125,2398.02734375,1347.2648315429688,186.33642578125,262.1666259765625
IMG_0048.mp4,1641,54.7,30.0,438,2,traffic_signs,0.8280858397483826,2303.5283203125,1215.346435546875,2493.224609375,1478.40185546875,2398.37646484375,1346.8741455078125,189.6962890625,263.055419921875
IMG_0048.mp4,1642,54.733333333333334,30.0,438,2,traffic_signs,0.8459914922714233,2300.287109375,1214.5133056640625,2494.528564453125,1476.977294921875,2397.4078369140625,1345.7453002929688,194.241455078125,262.4639892578125
IMG_0048.mp4,1643,54.766666666666666,30.0,438,2,traffic_signs,0.8110989332199097,2303.17236328125,1214.478515625,2497.116455078125,1475.906005859375,2400.1444091796875,1345.1922607421875,193.944091796875,261.427490234375
IMG_0048.mp4,1644,54.8,30.0,438,2,traffic_signs,0.8461199998855591,2303.174072265625,1213.9967041015625,2498.231201171875,1475.42724609375,2400.70263671875,1344.7119750976562,195.05712890625,261.4305419921875
IMG_0048.mp4,1645,54.833333333333336,30.0,438,2,traffic_signs,0.8646138310432434,2304.41357421875,1214.0059814453125,2499.544921875,1475.2928466796875,2401.979248046875,1344.6494140625,195.13134765625,261.286865234375
IMG_0048.mp4,1646,54.86666666666667,30.0,438,2,traffic_signs,0.8772494792938232,2307.10791015625,1213.9947509765625,2501.6669921875,1475.1751708984375,2404.387451171875,1344.5849609375,194.55908203125,261.180419921875
IMG_0048.mp4,1647,54.9,30.0,438,2,traffic_signs,0.8480404019355774,2307.607666015625,1213.2318115234375,2502.486328125,1475.4163818359375,2405.0469970703125,1344.3240966796875,194.878662109375,262.1845703125
IMG_0048.mp4,1648,54.93333333333333,30.0,438,2,traffic_signs,0.6926959753036499,2307.38232421875,1211.978515625,2503.0771484375,1473.8983154296875,2405.229736328125,1342.9384155273438,195.69482421875,261.9197998046875
IMG_0048.mp4,1649,54.96666666666667,30.0,438,2,traffic_signs,0.8078948259353638,2305.426025390625,1211.752197265625,2503.960693359375,1473.62158203125,2404.693359375,1342.6868896484375,198.53466796875,261.869384765625
IMG_0048.mp4,1650,55.0,30.0,438,2,traffic_signs,0.782532811164856,2306.6298828125,1210.3458251953125,2503.66748046875,1472.135498046875,2405.148681640625,1341.2406616210938,197.03759765625,261.7896728515625
IMG_0048.mp4,1651,55.03333333333333,30.0,438,2,traffic_signs,0.8029488921165466,2307.387939453125,1209.16845703125,2504.700927734375,1471.222412109375,2406.04443359375,1340.1954345703125,197.31298828125,262.053955078125
IMG_0048.mp4,1652,55.06666666666667,30.0,438,2,traffic_signs,0.7348734736442566,2306.86962890625,1208.062744140625,2505.127685546875,1470.738525390625,2405.9986572265625,1339.400634765625,198.258056640625,262.67578125
IMG_0048.mp4,1653,55.1,30.0,438,2,traffic_signs,0.8361805081367493,2302.507080078125,1206.29541015625,2504.347412109375,1470.3367919921875,2403.42724609375,1338.3161010742188,201.84033203125,264.0413818359375
IMG_0048.mp4,1654,55.13333333333333,30.0,438,2,traffic_signs,0.8262536525726318,2303.003173828125,1204.87158203125,2504.763671875,1470.6650390625,2403.8834228515625,1337.768310546875,201.760498046875,265.79345703125
IMG_0048.mp4,1655,55.166666666666664,30.0,438,2,traffic_signs,0.854653537273407,2302.29638671875,1203.87548828125,2504.80712890625,1470.720703125,2403.5517578125,1337.298095703125,202.5107421875,266.84521484375
IMG_0048.mp4,1656,55.2,30.0,438,2,traffic_signs,0.8555976748466492,2302.19091796875,1203.135009765625,2504.419921875,1470.357177734375,2403.305419921875,1336.74609375,202.22900390625,267.22216796875
IMG_0048.mp4,1657,55.233333333333334,30.0,438,2,traffic_signs,0.808286190032959,2301.85595703125,1202.8944091796875,2504.889892578125,1469.9534912109375,2403.3729248046875,1336.4239501953125,203.033935546875,267.05908203125
IMG_0048.mp4,1658,55.266666666666666,30.0,438,2,traffic_signs,0.8649283647537231,2298.823486328125,1202.2828369140625,2504.083251953125,1468.281982421875,2401.453369140625,1335.2824096679688,205.259765625,265.9991455078125
IMG_0048.mp4,1659,55.3,30.0,438,2,traffic_signs,0.8861591815948486,2297.98291015625,1201.600830078125,2504.82275390625,1467.6611328125,2401.40283203125,1334.6309814453125,206.83984375,266.060302734375
IMG_0048.mp4,1660,55.333333333333336,30.0,438,2,traffic_signs,0.8900412917137146,2298.195556640625,1200.9830322265625,2505.036376953125,1467.571533203125,2401.615966796875,1334.2772827148438,206.8408203125,266.5885009765625
IMG_0048.mp4,1661,55.36666666666667,30.0,438,2,traffic_signs,0.9051967859268188,2295.208251953125,1200.144775390625,2504.37451171875,1466.857177734375,2399.7913818359375,1333.5009765625,209.166259765625,266.71240234375
IMG_0048.mp4,1662,55.4,30.0,438,2,traffic_signs,0.8942101001739502,2295.508056640625,1198.72412109375,2504.04345703125,1466.0382080078125,2399.7757568359375,1332.3811645507812,208.535400390625,267.3140869140625
IMG_0048.mp4,1663,55.43333333333333,30.0,438,2,traffic_signs,0.8916352391242981,2295.621337890625,1197.1796875,2502.4111328125,1465.43994140625,2399.0162353515625,1331.309814453125,206.789794921875,268.26025390625
IMG_0048.mp4,1663,55.43333333333333,30.0,548,1,traffic_lights,0.3061390817165375,1797.02783203125,428.1083984375,3291.047119140625,1531.7879638671875,2544.0374755859375,979.9481811523438,1494.019287109375,1103.6795654296875
IMG_0048.mp4,1664,55.46666666666667,30.0,438,2,traffic_signs,0.8869212865829468,2296.622314453125,1195.84619140625,2500.39892578125,1465.207763671875,2398.5106201171875,1330.5269775390625,203.776611328125,269.361572265625
IMG_0048.mp4,1664,55.46666666666667,30.0,548,1,traffic_lights,0.40376177430152893,1791.5421142578125,431.1378479003906,3287.40576171875,1530.03076171875,2539.4739379882812,980.5843048095703,1495.8636474609375,1098.8929138183594
IMG_0048.mp4,1665,55.5,30.0,438,2,traffic_signs,0.8970840573310852,2296.439208984375,1193.9134521484375,2498.955322265625,1464.76904296875,2397.697265625,1329.3412475585938,202.51611328125,270.8555908203125
IMG_0048.mp4,1665,55.5,30.0,548,1,traffic_lights,0.36757174134254456,1799.9212646484375,434.052978515625,3283.614013671875,1528.6319580078125,2541.7676391601562,981.3424682617188,1483.6927490234375,1094.5789794921875
IMG_0048.mp4,1666,55.53333333333333,30.0,438,2,traffic_signs,0.8957535028457642,2294.950439453125,1193.233154296875,2497.55419921875,1463.6070556640625,2396.2523193359375,1328.4201049804688,202.603759765625,270.3739013671875
IMG_0048.mp4,1666,55.53333333333333,30.0,548,1,traffic_lights,0.45259472727775574,1798.95556640625,437.2752685546875,3286.469970703125,1528.40185546875,2542.7127685546875,982.8385620117188,1487.514404296875,1091.1265869140625
IMG_0048.mp4,1667,55.56666666666667,30.0,438,2,traffic_signs,0.8888059258460999,2294.73046875,1192.2054443359375,2495.70361328125,1461.8736572265625,2395.217041015625,1327.03955078125,200.97314453125,269.668212890625
IMG_0048.mp4,1667,55.56666666666667,30.0,548,1,traffic_lights,0.5300476551055908,1793.249755859375,431.1421813964844,3288.843017578125,1527.1685791015625,2541.04638671875,979.1553802490234,1495.59326171875,1096.0263977050781
IMG_0048.mp4,1668,55.6,30.0,438,2,traffic_signs,0.8906658291816711,2294.835205078125,1191.63427734375,2494.189453125,1460.556396484375,2394.5123291015625,1326.0953369140625,199.354248046875,268.922119140625
IMG_0048.mp4,1668,55.6,30.0,548,1,traffic_lights,0.5663251876831055,1784.964111328125,430.63848876953125,3289.481201171875,1528.00732421875,2537.22265625,979.3229064941406,1504.51708984375,1097.3688354492188
IMG_0048.mp4,1668,55.6,30.0,550,2,traffic_signs,0.48968297243118286,1558.94482421875,1427.031005859375,1587.0096435546875,1465.2359619140625,1572.9772338867188,1446.1334838867188,28.0648193359375,38.2049560546875
IMG_0048.mp4,1669,55.63333333333333,30.0,438,2,traffic_signs,0.8970426321029663,2293.083740234375,1190.9715576171875,2492.472900390625,1460.347900390625,2392.7783203125,1325.6597290039062,199.38916015625,269.3763427734375
IMG_0048.mp4,1669,55.63333333333333,30.0,548,1,traffic_lights,0.5510182976722717,1775.2667236328125,433.6081848144531,3290.224609375,1529.50146484375,2532.7456665039062,981.5548248291016,1514.9578857421875,1095.8932800292969
IMG_0048.mp4,1669,55.63333333333333,30.0,550,2,traffic_signs,0.4196482002735138,1558.01513671875,1426.443359375,1585.869140625,1465.79150390625,1571.942138671875,1446.117431640625,27.85400390625,39.34814453125
IMG_0048.mp4,1670,55.666666666666664,30.0,438,2,traffic_signs,0.9026214480400085,2292.552490234375,1188.4244384765625,2492.458740234375,1459.594482421875,2392.505615234375,1324.0094604492188,199.90625,271.1700439453125
IMG_0048.mp4,1670,55.666666666666664,30.0,548,1,traffic_lights,0.630806565284729,1759.0150146484375,433.21099853515625,3289.424560546875,1531.5904541015625,2524.2197875976562,982.4007263183594,1530.4095458984375,1098.3794555664062
IMG_0048.mp4,1670,55.666666666666664,30.0,550,2,traffic_signs,0.4811931252479553,1558.2401123046875,1426.63330078125,1585.950439453125,1465.66748046875,1572.0952758789062,1446.150390625,27.7103271484375,39.0341796875
IMG_0048.mp4,1671,55.7,30.0,438,2,traffic_signs,0.9018496870994568,2291.404296875,1186.070068359375,2492.56103515625,1458.7906494140625,2391.982666015625,1322.4303588867188,201.15673828125,272.7205810546875
IMG_0048.mp4,1671,55.7,30.0,548,1,traffic_lights,0.5237548351287842,1745.74853515625,434.4730529785156,3290.478271484375,1535.794677734375,2518.1134033203125,985.1338653564453,1544.729736328125,1101.3216247558594
IMG_0048.mp4,1672,55.733333333333334,30.0,438,2,traffic_signs,0.9040197134017944,2290.29052734375,1184.2176513671875,2491.535888671875,1458.0882568359375,2390.9132080078125,1321.1529541015625,201.245361328125,273.87060546875
IMG_0048.mp4,1672,55.733333333333334,30.0,548,1,traffic_lights,0.41510435938835144,1731.63330078125,439.6153869628906,3291.95458984375,1538.9122314453125,2511.7939453125,989.2638092041016,1560.3212890625,1099.2968444824219
IMG_0048.mp4,1672,55.733333333333334,30.0,550,2,traffic_signs,0.39923471212387085,1556.69775390625,1425.99560546875,1584.5474853515625,1465.28955078125,1570.6226196289062,1445.642578125,27.8497314453125,39.2939453125
IMG_0048.mp4,1673,55.766666666666666,30.0,438,2,traffic_signs,0.9066869616508484,2291.015625,1182.3763427734375,2491.09326171875,1457.4837646484375,2391.054443359375,1319.9300537109375,200.07763671875,275.107421875
IMG_0048.mp4,1673,55.766666666666666,30.0,548,1,traffic_lights,0.2865164279937744,1716.4691162109375,440.9206848144531,3292.705078125,1539.973876953125,2504.5870971679688,990.4472808837891,1576.2359619140625,1099.0531921386719
IMG_0048.mp4,1673,55.766666666666666,30.0,550,2,traffic_signs,0.3654322326183319,1555.970458984375,1425.7601318359375,1583.7947998046875,1465.472412109375,1569.8826293945312,1445.6162719726562,27.8243408203125,39.7122802734375
IMG_0048.mp4,1674,55.8,30.0,438,2,traffic_signs,0.9174450039863586,2288.246826171875,1179.994873046875,2489.942626953125,1456.6177978515625,2389.0947265625,1318.3063354492188,201.69580078125,276.6229248046875
IMG_0048.mp4,1675,55.833333333333336,30.0,438,2,traffic_signs,0.9238439798355103,2286.501708984375,1178.7470703125,2488.402587890625,1455.6190185546875,2387.4521484375,1317.1830444335938,201.90087890625,276.8719482421875
IMG_0048.mp4,1675,55.833333333333336,30.0,550,2,traffic_signs,0.31874653697013855,1554.4722900390625,1425.3155517578125,1581.23388671875,1465.720947265625,1567.8530883789062,1445.5182495117188,26.7615966796875,40.4053955078125
IMG_0048.mp4,1676,55.86666666666667,30.0,438,2,traffic_signs,0.9299493432044983,2287.391357421875,1177.7799072265625,2487.13525390625,1454.579345703125,2387.2633056640625,1316.1796264648438,199.743896484375,276.7994384765625
IMG_0048.mp4,1676,55.86666666666667,30.0,550,2,traffic_signs,0.3214918375015259,1553.921875,1425.269287109375,1581.1356201171875,1465.97998046875,1567.5287475585938,1445.6246337890625,27.2137451171875,40.710693359375
IMG_0048.mp4,1677,55.9,30.0,438,2,traffic_signs,0.6955968141555786,2283.4482421875,1177.1737060546875,2484.47998046875,1453.921142578125,2383.964111328125,1315.5474243164062,201.03173828125,276.7474365234375
IMG_0048.mp4,1678,55.93333333333333,30.0,438,2,traffic_signs,0.897257387638092,2280.880615234375,1175.8824462890625,2481.908447265625,1453.227783203125,2381.39453125,1314.5551147460938,201.02783203125,277.3453369140625
IMG_0048.mp4,1678,55.93333333333333,30.0,554,2,traffic_signs,0.35197705030441284,173.0767822265625,1092.73193359375,266.90252685546875,1216.4451904296875,219.98965454101562,1154.5885620117188,93.82574462890625,123.7132568359375
IMG_0048.mp4,1679,55.96666666666667,30.0,438,2,traffic_signs,0.9078564643859863,2277.044677734375,1174.1522216796875,2478.56689453125,1451.685791015625,2377.8057861328125,1312.9190063476562,201.522216796875,277.5335693359375
IMG_0048.mp4,1679,55.96666666666667,30.0,554,2,traffic_signs,0.5813084244728088,152.99783325195312,1095.4385986328125,229.37840270996094,1211.8692626953125,191.18811798095703,1153.6539306640625,76.38056945800781,116.4306640625
IMG_0048.mp4,1680,56.0,30.0,438,2,traffic_signs,0.9124018549919128,2274.73193359375,1171.0692138671875,2475.307373046875,1450.53955078125,2375.0196533203125,1310.8043823242188,200.575439453125,279.4703369140625
IMG_0048.mp4,1680,56.0,30.0,554,2,traffic_signs,0.6301414370536804,145.85797119140625,1086.437744140625,246.6457977294922,1212.824951171875,196.25188446044922,1149.63134765625,100.78782653808594,126.38720703125
IMG_0048.mp4,1681,56.03333333333333,30.0,438,2,traffic_signs,0.9026814699172974,2275.106689453125,1170.38818359375,2473.752197265625,1449.6563720703125,2374.429443359375,1310.0222778320312,198.6455078125,279.2681884765625
IMG_0048.mp4,1681,56.03333333333333,30.0,556,2,traffic_signs,0.341558039188385,1400.3673095703125,1385.87646484375,1440.8773193359375,1422.333251953125,1420.622314453125,1404.1048583984375,40.510009765625,36.456787109375
IMG_0048.mp4,1682,56.06666666666667,30.0,438,2,traffic_signs,0.8997036218643188,2273.970703125,1168.612548828125,2471.951171875,1448.621337890625,2372.9609375,1308.616943359375,197.98046875,280.0087890625
IMG_0048.mp4,1682,56.06666666666667,30.0,557,0,auth_label,0.7159314155578613,0.0,2.500361680984497,171.11036682128906,746.4407958984375,85.55518341064453,374.470578789711,171.11036682128906,743.940434217453
IMG_0048.mp4,1683,56.1,30.0,438,2,traffic_signs,0.8946210145950317,2273.4033203125,1168.0264892578125,2471.26806640625,1448.678466796875,2372.335693359375,1308.3524780273438,197.86474609375,280.6519775390625
IMG_0048.mp4,1683,56.1,30.0,557,0,auth_label,0.25462406873703003,0.0,6.578804969787598,150.8856201171875,752.3422241210938,75.44281005859375,379.4605145454407,150.8856201171875,745.7634191513062
IMG_0048.mp4,1684,56.13333333333333,30.0,438,2,traffic_signs,0.8449540734291077,2273.04150390625,1167.0418701171875,2469.739013671875,1448.2041015625,2371.3902587890625,1307.6229858398438,196.697509765625,281.1622314453125
IMG_0048.mp4,1684,56.13333333333333,30.0,557,0,auth_label,0.5366028547286987,0.26661601662635803,11.037007331848145,129.3772430419922,760.2128295898438,64.82192952930927,385.62491846084595,129.11062702536583,749.1758222579956
IMG_0048.mp4,1684,56.13333333333333,30.0,554,2,traffic_signs,0.7153249382972717,152.7196807861328,1092.2457275390625,228.03866577148438,1208.56982421875,190.3791732788086,1150.4077758789062,75.31898498535156,116.3240966796875
IMG_0048.mp4,1685,56.166666666666664,30.0,438,2,traffic_signs,0.7631212472915649,2265.93701171875,1164.5340576171875,2469.67236328125,1445.108642578125,2367.8046875,1304.8213500976562,203.7353515625,280.5745849609375
IMG_0048.mp4,1686,56.2,30.0,438,2,traffic_signs,0.8913481831550598,2264.067138671875,1160.6221923828125,2467.777099609375,1443.092041015625,2365.922119140625,1301.8571166992188,203.7099609375,282.4698486328125
IMG_0048.mp4,1686,56.2,30.0,554,2,traffic_signs,0.2803119122982025,140.69882202148438,1086.5191650390625,217.099609375,1209.421630859375,178.8992156982422,1147.9703979492188,76.40078735351562,122.9024658203125
IMG_0048.mp4,1687,56.233333333333334,30.0,438,2,traffic_signs,0.8852179050445557,2260.6015625,1158.06005859375,2464.365966796875,1441.341796875,2362.4837646484375,1299.700927734375,203.764404296875,283.28173828125
IMG_0048.mp4,1687,56.233333333333334,30.0,554,2,traffic_signs,0.404190331697464,111.71925354003906,1071.646728515625,212.98170471191406,1206.04931640625,162.35047912597656,1138.8480224609375,101.262451171875,134.402587890625
IMG_0048.mp4,1688,56.266666666666666,30.0,438,2,traffic_signs,0.7801591157913208,2258.577392578125,1156.2041015625,2459.969482421875,1441.166259765625,2359.2734375,1298.6851806640625,201.39208984375,284.962158203125
IMG_0048.mp4,1688,56.266666666666666,30.0,554,2,traffic_signs,0.4002542197704315,98.39544677734375,1064.8966064453125,206.926025390625,1203.733642578125,152.66073608398438,1134.3151245117188,108.53057861328125,138.8370361328125
IMG_0048.mp4,1689,56.3,30.0,438,2,traffic_signs,0.7499452233314514,2256.566162109375,1155.593994140625,2456.595703125,1440.0714111328125,2356.5809326171875,1297.8327026367188,200.029541015625,284.4774169921875
IMG_0048.mp4,1690,56.333333333333336,30.0,438,2,traffic_signs,0.8016843795776367,2252.65185546875,1154.673828125,2453.699462890625,1438.3197021484375,2353.1756591796875,1296.4967651367188,201.047607421875,283.6458740234375
IMG_0048.mp4,1691,56.36666666666667,30.0,438,2,traffic_signs,0.8533935546875,2251.650146484375,1152.295166015625,2451.833984375,1437.312744140625,2351.7420654296875,1294.803955078125,200.183837890625,285.017578125
IMG_0048.mp4,1691,56.36666666666667,30.0,554,2,traffic_signs,0.5279191136360168,75.46265411376953,1061.6678466796875,188.02076721191406,1200.6837158203125,131.7417106628418,1131.17578125,112.55811309814453,139.015869140625
IMG_0048.mp4,1692,56.4,30.0,438,2,traffic_signs,0.8606268167495728,2251.635986328125,1149.4825439453125,2449.820068359375,1435.9683837890625,2350.72802734375,1292.7254638671875,198.18408203125,286.48583984375
IMG_0048.mp4,1693,56.43333333333333,30.0,438,2,traffic_signs,0.8680106997489929,2249.22802734375,1147.0050048828125,2446.7177734375,1433.5303955078125,2347.972900390625,1290.2677001953125,197.48974609375,286.525390625
IMG_0048.mp4,1694,56.46666666666667,30.0,438,2,traffic_signs,0.8750529885292053,2245.46923828125,1145.6734619140625,2443.620849609375,1431.5662841796875,2344.5450439453125,1288.619873046875,198.151611328125,285.892822265625
IMG_0048.mp4,1695,56.5,30.0,438,2,traffic_signs,0.8725586533546448,2243.83349609375,1145.759521484375,2441.02001953125,1428.9248046875,2342.4267578125,1287.3421630859375,197.1865234375,283.165283203125
IMG_0048.mp4,1696,56.53333333333333,30.0,438,2,traffic_signs,0.8915606737136841,2238.515380859375,1144.2724609375,2439.9853515625,1426.55908203125,2339.2503662109375,1285.415771484375,201.469970703125,282.28662109375
IMG_0048.mp4,1697,56.56666666666667,30.0,438,2,traffic_signs,0.9109464287757874,2233.6240234375,1141.51513671875,2438.78173828125,1423.41015625,2336.202880859375,1282.462646484375,205.15771484375,281.89501953125
IMG_0048.mp4,1698,56.6,30.0,438,2,traffic_signs,0.9289023876190186,2227.353271484375,1137.8323974609375,2436.371826171875,1421.6099853515625,2331.862548828125,1279.72119140625,209.0185546875,283.777587890625
IMG_0048.mp4,1698,56.6,30.0,561,2,traffic_signs,0.43430784344673157,28.288116455078125,1071.7431640625,82.90364074707031,1186.10791015625,55.59587860107422,1128.925537109375,54.61552429199219,114.36474609375
IMG_0048.mp4,1699,56.63333333333333,30.0,438,2,traffic_signs,0.7450976371765137,2216.934814453125,1134.173828125,2432.583251953125,1419.067626953125,2324.759033203125,1276.6207275390625,215.6484375,284.893798828125
IMG_0048.mp4,1699,56.63333333333333,30.0,561,2,traffic_signs,0.388932466506958,22.630373001098633,1070.220458984375,76.45243835449219,1186.3114013671875,49.54140567779541,1128.2659301757812,53.822065353393555,116.0909423828125
IMG_0048.mp4,1700,56.666666666666664,30.0,438,2,traffic_signs,0.925451397895813,2220.36669921875,1131.8673095703125,2431.7236328125,1419.4453125,2326.045166015625,1275.6563110351562,211.35693359375,287.5780029296875
IMG_0048.mp4,1700,56.666666666666664,30.0,561,2,traffic_signs,0.589877188205719,16.47193145751953,1068.969970703125,68.37564086914062,1183.951416015625,42.42378616333008,1126.460693359375,51.903709411621094,114.9814453125
IMG_0048.mp4,1700,56.666666666666664,30.0,554,2,traffic_signs,0.6273888945579529,60.339908599853516,1059.0499267578125,129.97813415527344,1189.2640380859375,95.15902137756348,1124.156982421875,69.63822555541992,130.214111328125
IMG_0048.mp4,1701,56.7,30.0,438,2,traffic_signs,0.6627565622329712,2216.863525390625,1129.9840087890625,2429.335693359375,1416.903076171875,2323.099609375,1273.4435424804688,212.47216796875,286.9190673828125
IMG_0048.mp4,1701,56.7,30.0,561,2,traffic_signs,0.5634593367576599,9.25036334991455,1067.1953125,64.2729721069336,1183.8341064453125,36.76166772842407,1125.5147094726562,55.02260875701904,116.6387939453125
IMG_0048.mp4,1701,56.7,30.0,554,2,traffic_signs,0.6287983655929565,52.21487045288086,1063.3240966796875,123.53123474121094,1187.4415283203125,87.8730525970459,1125.3828125,71.31636428833008,124.117431640625
IMG_0048.mp4,1702,56.733333333333334,30.0,438,2,traffic_signs,0.8288939595222473,2214.247314453125,1128.4322509765625,2428.218994140625,1415.9268798828125,2321.233154296875,1272.1795654296875,213.9716796875,287.49462890625
IMG_0048.mp4,1702,56.733333333333334,30.0,561,2,traffic_signs,0.39716970920562744,3.4157416820526123,1060.6982421875,62.806640625,1182.9288330078125,33.111191153526306,1121.8135375976562,59.39089894294739,122.2305908203125
IMG_0048.mp4,1702,56.733333333333334,30.0,554,2,traffic_signs,0.506864607334137,44.28800964355469,1059.9901123046875,117.3324203491211,1186.861083984375,80.81021499633789,1123.4255981445312,73.0444107055664,126.8709716796875
IMG_0048.mp4,1703,56.766666666666666,30.0,438,2,traffic_signs,0.6550412774085999,2210.978759765625,1127.1495361328125,2427.39501953125,1415.4984130859375,2319.1868896484375,1271.323974609375,216.416259765625,288.348876953125
IMG_0048.mp4,1703,56.766666666666666,30.0,554,2,traffic_signs,0.25704866647720337,44.69643020629883,1057.3367919921875,112.48331451416016,1184.9886474609375,78.58987236022949,1121.1627197265625,67.78688430786133,127.65185546875
IMG_0048.mp4,1704,56.8,30.0,438,2,traffic_signs,0.8143843412399292,2204.549560546875,1124.536865234375,2426.187744140625,1415.930419921875,2315.36865234375,1270.233642578125,221.63818359375,291.3935546875
IMG_0048.mp4,1704,56.8,30.0,554,2,traffic_signs,0.6647654175758362,39.24473571777344,1055.9281005859375,105.96421813964844,1184.064208984375,72.60447692871094,1119.9961547851562,66.719482421875,128.1361083984375
IMG_0048.mp4,1705,56.833333333333336,30.0,438,2,traffic_signs,0.8118390440940857,2198.414794921875,1122.4178466796875,2425.5634765625,1416.041259765625,2311.9891357421875,1269.2295532226562,227.148681640625,293.6234130859375
IMG_0048.mp4,1705,56.833333333333336,30.0,554,2,traffic_signs,0.5073344111442566,35.48686218261719,1058.958984375,100.8472900390625,1184.396240234375,68.16707611083984,1121.6776123046875,65.36042785644531,125.437255859375
IMG_0048.mp4,1705,56.833333333333336,30.0,561,2,traffic_signs,0.45980092883110046,0.0,1065.5906982421875,37.32451248168945,1171.85400390625,18.662256240844727,1118.7223510742188,37.32451248168945,106.2633056640625
IMG_0048.mp4,1706,56.86666666666667,30.0,438,2,traffic_signs,0.8843539357185364,2200.16162109375,1121.3543701171875,2424.54345703125,1414.680419921875,2312.3525390625,1268.0173950195312,224.3818359375,293.3260498046875
IMG_0048.mp4,1706,56.86666666666667,30.0,564,2,traffic_signs,0.4277106523513794,3396.829345703125,472.05645751953125,3483.531982421875,557.6026000976562,3440.1806640625,514.8295288085938,86.70263671875,85.546142578125
IMG_0048.mp4,1706,56.86666666666667,30.0,561,2,traffic_signs,0.43728628754615784,0.0,1055.8970947265625,33.42866516113281,1170.1080322265625,16.714332580566406,1113.0025634765625,33.42866516113281,114.2109375
IMG_0048.mp4,1707,56.9,30.0,438,2,traffic_signs,0.8777146935462952,2198.919189453125,1120.387939453125,2422.788818359375,1414.369384765625,2310.85400390625,1267.378662109375,223.86962890625,293.9814453125
IMG_0048.mp4,1707,56.9,30.0,564,2,traffic_signs,0.5281980633735657,3396.871826171875,470.3929138183594,3483.794189453125,556.550048828125,3440.3330078125,513.4714813232422,86.92236328125,86.15713500976562
IMG_0048.mp4,1708,56.93333333333333,30.0,438,2,traffic_signs,0.8489828705787659,2195.287109375,1118.4273681640625,2422.582275390625,1414.12255859375,2308.9346923828125,1266.2749633789062,227.295166015625,295.6951904296875
IMG_0048.mp4,1708,56.93333333333333,30.0,564,2,traffic_signs,0.5936205387115479,3397.783935546875,468.83984375,3485.059326171875,556.0650024414062,3441.421630859375,512.4524230957031,87.275390625,87.22515869140625
IMG_0048.mp4,1709,56.96666666666667,30.0,438,2,traffic_signs,0.8555954098701477,2186.74267578125,1116.0927734375,2420.6162109375,1413.956787109375,2303.679443359375,1265.0247802734375,233.87353515625,297.864013671875
IMG_0048.mp4,1709,56.96666666666667,30.0,564,2,traffic_signs,0.6159285306930542,3397.026123046875,468.0804748535156,3484.89599609375,555.6012573242188,3440.9610595703125,511.8408660888672,87.869873046875,87.52078247070312
IMG_0048.mp4,1710,57.0,30.0,438,2,traffic_signs,0.8623435497283936,2187.797119140625,1114.3260498046875,2418.73291015625,1413.615966796875,2303.2650146484375,1263.9710083007812,230.935791015625,299.2899169921875
IMG_0048.mp4,1710,57.0,30.0,564,2,traffic_signs,0.620864987373352,3398.167724609375,466.1475524902344,3485.776123046875,554.433837890625,3441.971923828125,510.2906951904297,87.6083984375,88.28628540039062
IMG_0048.mp4,1711,57.03333333333333,30.0,438,2,traffic_signs,0.8521679043769836,2186.27490234375,1112.16259765625,2417.6484375,1412.23193359375,2301.961669921875,1262.197265625,231.37353515625,300.0693359375
IMG_0048.mp4,1711,57.03333333333333,30.0,564,2,traffic_signs,0.673513650894165,3398.54150390625,464.4554138183594,3486.291748046875,553.3490600585938,3442.4166259765625,508.90223693847656,87.750244140625,88.89364624023438
IMG_0048.mp4,1712,57.06666666666667,30.0,438,2,traffic_signs,0.8787240386009216,2186.34228515625,1109.988525390625,2416.0126953125,1410.427490234375,2301.177490234375,1260.2080078125,229.67041015625,300.43896484375
IMG_0048.mp4,1712,57.06666666666667,30.0,564,2,traffic_signs,0.6348398327827454,3397.179443359375,463.8561096191406,3485.284423828125,552.6966552734375,3441.23193359375,508.27638244628906,88.10498046875,88.84054565429688
IMG_0048.mp4,1713,57.1,30.0,438,2,traffic_signs,0.8722180128097534,2187.11962890625,1108.4019775390625,2416.114990234375,1409.956298828125,2301.6173095703125,1259.1791381835938,228.995361328125,301.5543212890625
IMG_0048.mp4,1713,57.1,30.0,564,2,traffic_signs,0.49127838015556335,3397.844970703125,462.9703674316406,3486.56005859375,551.4657592773438,3442.2025146484375,507.2180633544922,88.715087890625,88.49539184570312
IMG_0048.mp4,1714,57.13333333333333,30.0,438,2,traffic_signs,0.897222638130188,2181.326171875,1107.608642578125,2415.41650390625,1409.1124267578125,2298.371337890625,1258.3605346679688,234.09033203125,301.5037841796875
IMG_0048.mp4,1714,57.13333333333333,30.0,564,2,traffic_signs,0.5497631430625916,3396.48779296875,462.660400390625,3485.224609375,551.1728515625,3440.856201171875,506.9166259765625,88.73681640625,88.512451171875
IMG_0048.mp4,1715,57.166666666666664,30.0,438,2,traffic_signs,0.8982804417610168,2181.606201171875,1106.4052734375,2414.55322265625,1408.4742431640625,2298.0797119140625,1257.4397583007812,232.947021484375,302.0689697265625
IMG_0048.mp4,1715,57.166666666666664,30.0,564,2,traffic_signs,0.5215905904769897,3395.48828125,462.4344787597656,3484.2314453125,551.0232543945312,3439.85986328125,506.72886657714844,88.7431640625,88.58877563476562
IMG_0048.mp4,1716,57.2,30.0,438,2,traffic_signs,0.8877569437026978,2180.885498046875,1104.011474609375,2415.114013671875,1407.8369140625,2297.999755859375,1255.9241943359375,234.228515625,303.825439453125
IMG_0048.mp4,1716,57.2,30.0,564,2,traffic_signs,0.6311654448509216,3395.83349609375,461.5841369628906,3484.27099609375,550.8197631835938,3440.05224609375,506.2019500732422,88.4375,89.23562622070312
IMG_0048.mp4,1716,57.2,30.0,565,2,traffic_signs,0.45169755816459656,342.63037109375,1417.2823486328125,381.8126525878906,1458.2618408203125,362.2215118408203,1437.7720947265625,39.182281494140625,40.9794921875
IMG_0048.mp4,1717,57.233333333333334,30.0,438,2,traffic_signs,0.9108572602272034,2181.61767578125,1101.26318359375,2413.88720703125,1406.767822265625,2297.75244140625,1254.0155029296875,232.26953125,305.504638671875
IMG_0048.mp4,1717,57.233333333333334,30.0,564,2,traffic_signs,0.5633714199066162,3394.26611328125,460.953125,3483.33349609375,550.3076782226562,3438.7998046875,505.6304016113281,89.0673828125,89.35455322265625
IMG_0048.mp4,1718,57.266666666666666,30.0,438,2,traffic_signs,0.9132775068283081,2183.75927734375,1099.126708984375,2414.389892578125,1405.876953125,2299.0745849609375,1252.5018310546875,230.630615234375,306.750244140625
IMG_0048.mp4,1718,57.266666666666666,30.0,564,2,traffic_signs,0.6484370231628418,3394.245361328125,459.1539611816406,3483.662353515625,548.9395751953125,3438.953857421875,504.04676818847656,89.4169921875,89.78561401367188
IMG_0048.mp4,1718,57.266666666666666,30.0,565,2,traffic_signs,0.3163095712661743,340.0257263183594,1419.0419921875,382.68701171875,1464.65869140625,361.3563690185547,1441.850341796875,42.661285400390625,45.61669921875
IMG_0048.mp4,1719,57.3,30.0,438,2,traffic_signs,0.9138132333755493,2185.5146484375,1098.1162109375,2414.814208984375,1404.26806640625,2300.1644287109375,1251.192138671875,229.299560546875,306.15185546875
IMG_0048.mp4,1719,57.3,30.0,564,2,traffic_signs,0.6429252028465271,3394.386962890625,459.0230407714844,3483.88232421875,548.61328125,3439.1346435546875,503.8181610107422,89.495361328125,89.59024047851562
IMG_0048.mp4,1720,57.333333333333336,30.0,438,2,traffic_signs,0.9153568148612976,2187.068115234375,1097.443603515625,2414.06689453125,1403.649169921875,2300.5675048828125,1250.54638671875,226.998779296875,306.20556640625
IMG_0048.mp4,1720,57.333333333333336,30.0,564,2,traffic_signs,0.5082010626792908,3392.397705078125,458.9510192871094,3482.0771484375,548.7559814453125,3437.2374267578125,503.85350036621094,89.679443359375,89.80496215820312
IMG_0048.mp4,1720,57.333333333333336,30.0,565,2,traffic_signs,0.4197862446308136,341.21685791015625,1420.2369384765625,381.24951171875,1458.4334716796875,361.2331848144531,1439.335205078125,40.03265380859375,38.196533203125
IMG_0048.mp4,1721,57.36666666666667,30.0,438,2,traffic_signs,0.9246389269828796,2187.933837890625,1096.04296875,2414.29833984375,1403.6861572265625,2301.1160888671875,1249.8645629882812,226.364501953125,307.6431884765625
IMG_0048.mp4,1721,57.36666666666667,30.0,564,2,traffic_signs,0.5625893473625183,3392.677734375,458.07598876953125,3482.229248046875,547.897705078125,3437.4534912109375,502.9868469238281,89.551513671875,89.82171630859375
IMG_0048.mp4,1722,57.4,30.0,438,2,traffic_signs,0.9278347492218018,2188.46044921875,1094.6063232421875,2414.085693359375,1402.1424560546875,2301.2730712890625,1248.3743896484375,225.625244140625,307.5361328125
IMG_0048.mp4,1722,57.4,30.0,564,2,traffic_signs,0.42654386162757874,3390.888671875,458.6346740722656,3480.435791015625,548.1434936523438,3435.6622314453125,503.3890838623047,89.547119140625,89.50881958007812
IMG_0048.mp4,1723,57.43333333333333,30.0,438,2,traffic_signs,0.9316266775131226,2188.879150390625,1092.5687255859375,2413.531982421875,1400.6553955078125,2301.20556640625,1246.612060546875,224.65283203125,308.086669921875
IMG_0048.mp4,1723,57.43333333333333,30.0,564,2,traffic_signs,0.4003317058086395,3389.00244140625,458.6682434082031,3479.449951171875,548.0263061523438,3434.2261962890625,503.34727478027344,90.447509765625,89.35806274414062
IMG_0048.mp4,1724,57.46666666666667,30.0,438,2,traffic_signs,0.9240683913230896,2189.981689453125,1089.82763671875,2414.880126953125,1400.5062255859375,2302.430908203125,1245.1669311523438,224.8984375,310.6785888671875
IMG_0048.mp4,1724,57.46666666666667,30.0,564,2,traffic_signs,0.463361531496048,3388.807373046875,458.7132263183594,3479.370849609375,547.812744140625,3434.089111328125,503.2629852294922,90.5634765625,89.09951782226562
IMG_0048.mp4,1725,57.5,30.0,438,2,traffic_signs,0.934485673904419,2189.789306640625,1088.17041015625,2414.76953125,1399.80126953125,2302.2794189453125,1243.98583984375,224.980224609375,311.630859375
IMG_0048.mp4,1725,57.5,30.0,564,2,traffic_signs,0.479266881942749,3386.839599609375,458.347900390625,3477.34716796875,548.5064086914062,3432.0933837890625,503.4271545410156,90.507568359375,90.15850830078125
IMG_0048.mp4,1726,57.53333333333333,30.0,438,2,traffic_signs,0.9330493211746216,2190.176025390625,1086.6151123046875,2415.039794921875,1399.5985107421875,2302.60791015625,1243.1068115234375,224.86376953125,312.9833984375
IMG_0048.mp4,1726,57.53333333333333,30.0,564,2,traffic_signs,0.45720773935317993,3386.29638671875,458.44207763671875,3476.576416015625,548.3101806640625,3431.4364013671875,503.3761291503906,90.280029296875,89.86810302734375
IMG_0048.mp4,1727,57.56666666666667,30.0,438,2,traffic_signs,0.9312047362327576,2190.957763671875,1085.6353759765625,2415.892333984375,1397.4130859375,2303.425048828125,1241.5242309570312,224.9345703125,311.7777099609375
IMG_0048.mp4,1727,57.56666666666667,30.0,564,2,traffic_signs,0.3068828284740448,3385.4267578125,459.3016357421875,3475.721923828125,548.4386596679688,3430.5743408203125,503.8701477050781,90.295166015625,89.13702392578125
IMG_0048.mp4,1728,57.6,30.0,438,2,traffic_signs,0.9318466782569885,2190.307373046875,1085.1966552734375,2415.346923828125,1394.8680419921875,2302.8271484375,1240.0323486328125,225.03955078125,309.67138671875
IMG_0048.mp4,1728,57.6,30.0,569,2,traffic_signs,0.44179293513298035,1548.626953125,1411.8011474609375,1574.809326171875,1456.2510986328125,1561.7181396484375,1434.026123046875,26.182373046875,44.449951171875
IMG_0048.mp4,1729,57.63333333333333,30.0,438,2,traffic_signs,0.930847704410553,2190.809326171875,1084.0335693359375,2415.41650390625,1390.657958984375,2303.1129150390625,1237.3457641601562,224.607177734375,306.6243896484375
IMG_0048.mp4,1729,57.63333333333333,30.0,569,2,traffic_signs,0.4780460000038147,1549.3724365234375,1411.7218017578125,1576.1656494140625,1455.8804931640625,1562.76904296875,1433.8011474609375,26.793212890625,44.15869140625
IMG_0048.mp4,1729,57.63333333333333,30.0,564,2,traffic_signs,0.29898014664649963,3381.957275390625,459.72894287109375,3473.330322265625,548.3855590820312,3427.643798828125,504.0572509765625,91.373046875,88.6566162109375
IMG_0048.mp4,1730,57.666666666666664,30.0,438,2,traffic_signs,0.9332295060157776,2191.33056640625,1082.175048828125,2416.345458984375,1385.3345947265625,2303.8380126953125,1233.7548217773438,225.014892578125,303.1595458984375
IMG_0048.mp4,1730,57.666666666666664,30.0,569,2,traffic_signs,0.3876434862613678,1551.597412109375,1411.4351806640625,1578.6263427734375,1455.947265625,1565.1118774414062,1433.6912231445312,27.0289306640625,44.5120849609375
IMG_0048.mp4,1730,57.666666666666664,30.0,564,2,traffic_signs,0.3368542790412903,3379.2392578125,459.2957763671875,3470.637939453125,548.5601806640625,3424.9385986328125,503.927978515625,91.398681640625,89.264404296875
IMG_0048.mp4,1731,57.7,30.0,438,2,traffic_signs,0.9420732259750366,2190.479248046875,1079.610595703125,2416.384033203125,1381.666748046875,2303.431640625,1230.638671875,225.90478515625,302.05615234375
IMG_0048.mp4,1731,57.7,30.0,569,2,traffic_signs,0.37675848603248596,1552.118408203125,1412.3907470703125,1579.609130859375,1456.9910888671875,1565.86376953125,1434.69091796875,27.49072265625,44.600341796875
IMG_0048.mp4,1731,57.7,30.0,564,2,traffic_signs,0.2845737636089325,3378.417724609375,459.3746032714844,3469.2744140625,547.9772338867188,3423.8460693359375,503.67591857910156,90.856689453125,88.60263061523438
IMG_0048.mp4,1732,57.733333333333334,30.0,438,2,traffic_signs,0.9447164535522461,2190.971435546875,1077.4228515625,2417.797607421875,1381.1607666015625,2304.384521484375,1229.2918090820312,226.826171875,303.7379150390625
IMG_0048.mp4,1732,57.733333333333334,30.0,569,2,traffic_signs,0.36151379346847534,1553.9239501953125,1412.9666748046875,1582.30029296875,1457.89697265625,1568.1121215820312,1435.4318237304688,28.3763427734375,44.9302978515625
IMG_0048.mp4,1732,57.733333333333334,30.0,564,2,traffic_signs,0.2582283318042755,3378.67822265625,459.5157165527344,3469.121826171875,547.5830078125,3423.9000244140625,503.5493621826172,90.443603515625,88.06729125976562
IMG_0048.mp4,1733,57.766666666666666,30.0,438,2,traffic_signs,0.9436606168746948,2190.501220703125,1075.5244140625,2417.256591796875,1380.5848388671875,2303.87890625,1228.0546264648438,226.75537109375,305.0604248046875
IMG_0048.mp4,1734,57.8,30.0,438,2,traffic_signs,0.8801230788230896,2191.42236328125,1074.2989501953125,2418.006591796875,1379.1646728515625,2304.7144775390625,1226.7318115234375,226.584228515625,304.86572265625
IMG_0048.mp4,1734,57.8,30.0,564,2,traffic_signs,0.2773720622062683,3377.776611328125,457.06182861328125,3467.20947265625,545.9552612304688,3422.4930419921875,501.508544921875,89.432861328125,88.8934326171875
IMG_0048.mp4,1735,57.833333333333336,30.0,438,2,traffic_signs,0.948839545249939,2191.569091796875,1073.6732177734375,2418.9619140625,1378.3232421875,2305.2655029296875,1225.9982299804688,227.392822265625,304.6500244140625
IMG_0048.mp4,1735,57.833333333333336,30.0,564,2,traffic_signs,0.38928645849227905,3377.72998046875,456.02008056640625,3466.870361328125,545.351318359375,3422.3001708984375,500.6856994628906,89.140380859375,89.33123779296875
IMG_0048.mp4,1736,57.86666666666667,30.0,438,2,traffic_signs,0.6994232535362244,2190.93505859375,1073.0384521484375,2417.8564453125,1377.3792724609375,2304.395751953125,1225.2088623046875,226.92138671875,304.3408203125
IMG_0048.mp4,1736,57.86666666666667,30.0,564,2,traffic_signs,0.528881311416626,3376.53564453125,454.89361572265625,3465.8603515625,544.6605834960938,3421.197998046875,499.777099609375,89.32470703125,89.7669677734375
IMG_0048.mp4,1737,57.9,30.0,438,2,traffic_signs,0.9318966865539551,2191.468505859375,1071.9686279296875,2418.689697265625,1375.974609375,2305.0791015625,1223.9716186523438,227.22119140625,304.0059814453125
IMG_0048.mp4,1737,57.9,30.0,564,2,traffic_signs,0.5964193940162659,3377.256591796875,455.1186828613281,3466.471923828125,544.4901123046875,3421.8642578125,499.8043975830078,89.21533203125,89.37142944335938
IMG_0048.mp4,1738,57.93333333333333,30.0,438,2,traffic_signs,0.928388774394989,2191.823486328125,1070.5574951171875,2418.697998046875,1374.1729736328125,2305.2607421875,1222.365234375,226.87451171875,303.615478515625
IMG_0048.mp4,1738,57.93333333333333,30.0,564,2,traffic_signs,0.5928288698196411,3375.428466796875,456.0927734375,3464.740966796875,544.9381713867188,3420.084716796875,500.5154724121094,89.3125,88.84539794921875
IMG_0048.mp4,1739,57.96666666666667,30.0,438,2,traffic_signs,0.9299555420875549,2191.384033203125,1068.8319091796875,2418.55029296875,1372.83154296875,2304.9671630859375,1220.8317260742188,227.166259765625,303.9996337890625
IMG_0048.mp4,1739,57.96666666666667,30.0,564,2,traffic_signs,0.5865927338600159,3373.092041015625,456.3900146484375,3462.670654296875,545.3978881835938,3417.88134765625,500.8939514160156,89.57861328125,89.00787353515625
IMG_0048.mp4,1740,58.0,30.0,438,2,traffic_signs,0.9431458711624146,2192.47119140625,1066.7120361328125,2420.345703125,1372.694580078125,2306.408447265625,1219.7033081054688,227.87451171875,305.9825439453125
IMG_0048.mp4,1740,58.0,30.0,564,2,traffic_signs,0.6690750122070312,3371.7939453125,457.10394287109375,3461.0302734375,545.4368286132812,3416.412109375,501.2703857421875,89.236328125,88.3328857421875
IMG_0048.mp4,1741,58.03333333333333,30.0,438,2,traffic_signs,0.9452521204948425,2192.79052734375,1065.1591796875,2420.636474609375,1371.5054931640625,2306.7135009765625,1218.3323364257812,227.845947265625,306.3463134765625
IMG_0048.mp4,1741,58.03333333333333,30.0,564,2,traffic_signs,0.5776240229606628,3367.289794921875,458.64117431640625,3456.653564453125,546.7008666992188,3411.9716796875,502.6710205078125,89.36376953125,88.0596923828125
IMG_0048.mp4,1742,58.06666666666667,30.0,438,2,traffic_signs,0.9416207075119019,2193.8935546875,1063.15234375,2423.235595703125,1370.5516357421875,2308.5645751953125,1216.8519897460938,229.342041015625,307.3992919921875
IMG_0048.mp4,1742,58.06666666666667,30.0,564,2,traffic_signs,0.6729862689971924,3365.443359375,459.0648498535156,3454.955078125,547.3363647460938,3410.19921875,503.2006072998047,89.51171875,88.27151489257812
IMG_0048.mp4,1743,58.1,30.0,438,2,traffic_signs,0.9353570938110352,2195.5048828125,1061.1845703125,2425.19091796875,1371.0548095703125,2310.347900390625,1216.1196899414062,229.68603515625,309.8702392578125
IMG_0048.mp4,1743,58.1,30.0,564,2,traffic_signs,0.579407811164856,3362.598876953125,460.3368835449219,3452.733154296875,548.6416015625,3407.666015625,504.48924255371094,90.13427734375,88.30471801757812
IMG_0048.mp4,1744,58.13333333333333,30.0,438,2,traffic_signs,0.9336445927619934,2195.785400390625,1059.10107421875,2425.2890625,1371.6363525390625,2310.5372314453125,1215.3687133789062,229.503662109375,312.5352783203125
IMG_0048.mp4,1744,58.13333333333333,30.0,564,2,traffic_signs,0.6631305813789368,3361.353515625,461.5364074707031,3450.715087890625,549.9104614257812,3406.0343017578125,505.7234344482422,89.361572265625,88.37405395507812
IMG_0048.mp4,1745,58.166666666666664,30.0,438,2,traffic_signs,0.930584192276001,2197.253662109375,1056.6478271484375,2426.75146484375,1371.340087890625,2312.0025634765625,1213.9939575195312,229.497802734375,314.6922607421875
IMG_0048.mp4,1745,58.166666666666664,30.0,564,2,traffic_signs,0.6678870320320129,3360.68310546875,462.3553771972656,3450.125,550.3131713867188,3405.404052734375,506.3342742919922,89.44189453125,87.95779418945312
IMG_0048.mp4,1746,58.2,30.0,438,2,traffic_signs,0.9341767430305481,2198.07421875,1054.053466796875,2427.934814453125,1371.806884765625,2313.0045166015625,1212.93017578125,229.860595703125,317.75341796875
IMG_0048.mp4,1746,58.2,30.0,564,2,traffic_signs,0.6573784351348877,3358.056884765625,463.4664611816406,3448.16943359375,551.0789794921875,3403.1131591796875,507.27272033691406,90.112548828125,87.61251831054688
IMG_0048.mp4,1747,58.233333333333334,30.0,438,2,traffic_signs,0.9320017695426941,2197.8857421875,1051.4918212890625,2428.160888671875,1371.2607421875,2313.0233154296875,1211.3762817382812,230.275146484375,319.7689208984375
IMG_0048.mp4,1747,58.233333333333334,30.0,564,2,traffic_signs,0.6078484654426575,3356.30126953125,463.87457275390625,3446.157470703125,551.6725463867188,3401.2293701171875,507.7735595703125,89.856201171875,87.7979736328125
IMG_0048.mp4,1748,58.266666666666666,30.0,438,2,traffic_signs,0.9314273595809937,2198.36474609375,1048.7679443359375,2429.76416015625,1370.063720703125,2314.064453125,1209.4158325195312,231.3994140625,321.2957763671875
IMG_0048.mp4,1748,58.266666666666666,30.0,564,2,traffic_signs,0.638611912727356,3355.87744140625,463.9119567871094,3446.008056640625,551.833740234375,3400.9427490234375,507.8728485107422,90.130615234375,87.92178344726562
IMG_0048.mp4,1748,58.266666666666666,30.0,570,2,traffic_signs,0.5065597295761108,663.3178100585938,1415.3221435546875,697.9640502929688,1459.699951171875,680.6409301757812,1437.5110473632812,34.646240234375,44.3778076171875
IMG_0048.mp4,1749,58.3,30.0,438,2,traffic_signs,0.9201111197471619,2198.1201171875,1046.8092041015625,2430.231689453125,1369.6630859375,2314.1759033203125,1208.2361450195312,232.111572265625,322.8538818359375
IMG_0048.mp4,1749,58.3,30.0,564,2,traffic_signs,0.6852194666862488,3354.608154296875,463.99139404296875,3444.3134765625,552.1463012695312,3399.4608154296875,508.06884765625,89.705322265625,88.1549072265625
IMG_0048.mp4,1749,58.3,30.0,570,2,traffic_signs,0.6817871928215027,664.3073120117188,1415.21826171875,698.8621826171875,1460.2210693359375,681.5847473144531,1437.7196655273438,34.55487060546875,45.0028076171875
IMG_0048.mp4,1750,58.333333333333336,30.0,438,2,traffic_signs,0.9311827421188354,2198.704345703125,1045.8385009765625,2431.271484375,1368.8218994140625,2314.9879150390625,1207.3302001953125,232.567138671875,322.9833984375
IMG_0048.mp4,1750,58.333333333333336,30.0,564,2,traffic_signs,0.7081446051597595,3354.750732421875,464.09283447265625,3444.2822265625,552.316650390625,3399.5164794921875,508.2047424316406,89.531494140625,88.22381591796875
IMG_0048.mp4,1750,58.333333333333336,30.0,570,2,traffic_signs,0.7392874956130981,665.189453125,1415.2479248046875,699.8803100585938,1460.28125,682.5348815917969,1437.7645874023438,34.69085693359375,45.0333251953125
IMG_0048.mp4,1751,58.36666666666667,30.0,438,2,traffic_signs,0.935625433921814,2199.9453125,1045.1475830078125,2432.776611328125,1367.841552734375,2316.3609619140625,1206.4945678710938,232.831298828125,322.6939697265625
IMG_0048.mp4,1751,58.36666666666667,30.0,564,2,traffic_signs,0.7546904683113098,3355.134765625,464.5082702636719,3444.466064453125,552.8598022460938,3399.8004150390625,508.6840362548828,89.331298828125,88.35153198242188
IMG_0048.mp4,1751,58.36666666666667,30.0,570,2,traffic_signs,0.6527567505836487,667.4635620117188,1415.8812255859375,701.5453491210938,1461.066162109375,684.5044555664062,1438.4736938476562,34.081787109375,45.1849365234375
IMG_0048.mp4,1752,58.4,30.0,438,2,traffic_signs,0.9238020181655884,2200.197265625,1043.0540771484375,2432.857666015625,1366.69921875,2316.5274658203125,1204.8766479492188,232.660400390625,323.6451416015625
IMG_0048.mp4,1752,58.4,30.0,564,2,traffic_signs,0.7336956262588501,3354.138671875,464.314208984375,3443.61474609375,553.0859985351562,3398.876708984375,508.7001037597656,89.47607421875,88.77178955078125
IMG_0048.mp4,1752,58.4,30.0,570,2,traffic_signs,0.6164602041244507,668.8849487304688,1416.068115234375,702.4342651367188,1460.873291015625,685.6596069335938,1438.470703125,33.54931640625,44.80517578125
IMG_0048.mp4,1753,58.43333333333333,30.0,438,2,traffic_signs,0.9288231730461121,2201.15185546875,1040.197021484375,2434.492431640625,1365.2569580078125,2317.8221435546875,1202.7269897460938,233.340576171875,325.0599365234375
IMG_0048.mp4,1753,58.43333333333333,30.0,564,2,traffic_signs,0.7267392873764038,3355.5224609375,464.4167175292969,3445.013427734375,552.8500366210938,3400.2679443359375,508.6333770751953,89.490966796875,88.43331909179688
IMG_0048.mp4,1753,58.43333333333333,30.0,570,2,traffic_signs,0.4181697964668274,670.53515625,1415.98291015625,704.1953735351562,1460.498779296875,687.3652648925781,1438.2408447265625,33.66021728515625,44.515869140625
IMG_0048.mp4,1754,58.46666666666667,30.0,438,2,traffic_signs,0.9257650375366211,2201.621337890625,1038.077880859375,2435.76953125,1364.80224609375,2318.6954345703125,1201.4400634765625,234.148193359375,326.724365234375
IMG_0048.mp4,1754,58.46666666666667,30.0,564,2,traffic_signs,0.7889580130577087,3354.8515625,464.6638488769531,3444.018798828125,553.494140625,3399.4351806640625,509.07899475097656,89.167236328125,88.83029174804688
IMG_0048.mp4,1754,58.46666666666667,30.0,570,2,traffic_signs,0.39651092886924744,672.6157836914062,1416.9510498046875,705.3685913085938,1460.77685546875,688.9921875,1438.8639526367188,32.7528076171875,43.8258056640625
IMG_0048.mp4,1754,58.46666666666667,30.0,569,2,traffic_signs,0.43169477581977844,1597.1263427734375,1416.846923828125,1623.88330078125,1461.24658203125,1610.5048217773438,1439.0467529296875,26.7569580078125,44.399658203125
IMG_0048.mp4,1755,58.5,30.0,438,2,traffic_signs,0.9418033957481384,2201.24169921875,1036.495849609375,2436.163330078125,1363.7554931640625,2318.7025146484375,1200.1256713867188,234.921630859375,327.2596435546875
IMG_0048.mp4,1755,58.5,30.0,564,2,traffic_signs,0.77443528175354,3353.867919921875,464.4004211425781,3442.392822265625,553.9004516601562,3398.13037109375,509.1504364013672,88.52490234375,89.50003051757812
IMG_0048.mp4,1755,58.5,30.0,570,2,traffic_signs,0.48715972900390625,673.6719360351562,1416.94140625,706.5847778320312,1461.37890625,690.1283569335938,1439.16015625,32.912841796875,44.4375
IMG_0048.mp4,1755,58.5,30.0,571,2,traffic_signs,0.5761093497276306,383.2945556640625,1433.6715087890625,417.4136047363281,1470.87890625,400.3540802001953,1452.2752075195312,34.119049072265625,37.2073974609375
IMG_0048.mp4,1755,58.5,30.0,569,2,traffic_signs,0.4194626212120056,1598.6282958984375,1416.8504638671875,1625.564697265625,1460.236083984375,1612.0964965820312,1438.5432739257812,26.9364013671875,43.3856201171875
IMG_0048.mp4,1756,58.53333333333333,30.0,438,2,traffic_signs,0.8454800844192505,2202.966552734375,1035.941162109375,2439.251220703125,1365.051025390625,2321.10888671875,1200.49609375,236.28466796875,329.10986328125
IMG_0048.mp4,1756,58.53333333333333,30.0,564,2,traffic_signs,0.7856065034866333,3353.782470703125,464.5924072265625,3442.13427734375,554.5282592773438,3397.9583740234375,509.5603332519531,88.351806640625,89.93585205078125
IMG_0048.mp4,1756,58.53333333333333,30.0,570,2,traffic_signs,0.3885471224784851,675.40673828125,1417.3404541015625,708.6442260742188,1462.32275390625,692.0254821777344,1439.8316040039062,33.23748779296875,44.9822998046875
IMG_0048.mp4,1756,58.53333333333333,30.0,571,2,traffic_signs,0.48721280694007874,384.75531005859375,1434.61474609375,419.2354736328125,1471.7747802734375,401.9953918457031,1453.1947631835938,34.48016357421875,37.1600341796875
IMG_0048.mp4,1756,58.53333333333333,30.0,569,2,traffic_signs,0.34939074516296387,1601.1173095703125,1416.8935546875,1628.7432861328125,1460.0745849609375,1614.9302978515625,1438.4840698242188,27.6259765625,43.1810302734375
IMG_0048.mp4,1757,58.56666666666667,30.0,438,2,traffic_signs,0.941102147102356,2203.687255859375,1034.4256591796875,2440.080322265625,1364.6292724609375,2321.8837890625,1199.5274658203125,236.39306640625,330.20361328125
IMG_0048.mp4,1757,58.56666666666667,30.0,564,2,traffic_signs,0.8021697402000427,3352.008544921875,464.8553161621094,3440.236083984375,555.091552734375,3396.122314453125,509.9734344482422,88.2275390625,90.23623657226562
IMG_0048.mp4,1757,58.56666666666667,30.0,570,2,traffic_signs,0.5852252244949341,676.412353515625,1417.176513671875,710.2124633789062,1463.760009765625,693.3124084472656,1440.46826171875,33.80010986328125,46.58349609375
IMG_0048.mp4,1758,58.6,30.0,438,2,traffic_signs,0.9396442174911499,2204.321533203125,1033.1422119140625,2441.69482421875,1363.6270751953125,2323.0081787109375,1198.3846435546875,237.373291015625,330.48486328125
IMG_0048.mp4,1758,58.6,30.0,564,2,traffic_signs,0.7937589883804321,3351.47314453125,464.8828430175781,3439.6552734375,554.8658447265625,3395.564208984375,509.8743438720703,88.18212890625,89.98300170898438
IMG_0048.mp4,1758,58.6,30.0,570,2,traffic_signs,0.49849653244018555,677.3641357421875,1417.26025390625,710.8076782226562,1464.1907958984375,694.0859069824219,1440.7255249023438,33.44354248046875,46.9305419921875
IMG_0048.mp4,1758,58.6,30.0,571,2,traffic_signs,0.49528375267982483,386.9578552246094,1435.66748046875,422.70684814453125,1472.4530029296875,404.8323516845703,1454.0602416992188,35.748992919921875,36.7855224609375
IMG_0048.mp4,1759,58.63333333333333,30.0,438,2,traffic_signs,0.9370355010032654,2206.165771484375,1030.587890625,2443.17529296875,1362.3348388671875,2324.6705322265625,1196.4613647460938,237.009521484375,331.7469482421875
IMG_0048.mp4,1759,58.63333333333333,30.0,564,2,traffic_signs,0.7786272764205933,3351.379150390625,465.3028259277344,3439.650390625,554.9041748046875,3395.5147705078125,510.10350036621094,88.271240234375,89.60134887695312
IMG_0048.mp4,1759,58.63333333333333,30.0,571,2,traffic_signs,0.2729308605194092,388.0694274902344,1436.3236083984375,424.234619140625,1472.9654541015625,406.1520233154297,1454.64453125,36.165191650390625,36.641845703125
IMG_0048.mp4,1760,58.666666666666664,30.0,438,2,traffic_signs,0.9441549181938171,2206.830078125,1027.7989501953125,2442.5849609375,1360.40576171875,2324.70751953125,1194.1023559570312,235.7548828125,332.6068115234375
IMG_0048.mp4,1760,58.666666666666664,30.0,564,2,traffic_signs,0.7914583086967468,3349.847900390625,465.9488525390625,3437.862548828125,555.2678833007812,3393.855224609375,510.6083679199219,88.0146484375,89.31903076171875
IMG_0048.mp4,1760,58.666666666666664,30.0,570,2,traffic_signs,0.30756211280822754,679.7691040039062,1417.8436279296875,713.1322021484375,1463.749755859375,696.4506530761719,1440.7966918945312,33.36309814453125,45.9061279296875
IMG_0048.mp4,1761,58.7,30.0,438,2,traffic_signs,0.9414747953414917,2207.929931640625,1025.5362548828125,2443.535400390625,1359.870361328125,2325.732666015625,1192.7033081054688,235.60546875,334.3341064453125
IMG_0048.mp4,1761,58.7,30.0,564,2,traffic_signs,0.7806740999221802,3350.16455078125,466.3056335449219,3438.181640625,555.3605346679688,3394.173095703125,510.8330841064453,88.01708984375,89.05490112304688
IMG_0048.mp4,1761,58.7,30.0,570,2,traffic_signs,0.28670498728752136,681.376220703125,1418.163330078125,715.2988891601562,1463.6732177734375,698.3375549316406,1440.9182739257812,33.92266845703125,45.5098876953125
IMG_0048.mp4,1761,58.7,30.0,571,2,traffic_signs,0.6144592761993408,391.377685546875,1435.4114990234375,427.33843994140625,1475.12158203125,409.3580627441406,1455.2665405273438,35.96075439453125,39.7100830078125
IMG_0048.mp4,1762,58.733333333333334,30.0,438,2,traffic_signs,0.9408718347549438,2208.582275390625,1023.6936645507812,2444.49365234375,1358.71630859375,2326.5379638671875,1191.2049865722656,235.911376953125,335.02264404296875
IMG_0048.mp4,1762,58.733333333333334,30.0,564,2,traffic_signs,0.7890608906745911,3349.746337890625,466.32611083984375,3437.744873046875,555.8917846679688,3393.74560546875,511.10894775390625,87.99853515625,89.565673828125
IMG_0048.mp4,1762,58.733333333333334,30.0,571,2,traffic_signs,0.5912616848945618,393.32061767578125,1435.3526611328125,428.0921325683594,1475.8516845703125,410.7063751220703,1455.6021728515625,34.771514892578125,40.4990234375
IMG_0048.mp4,1763,58.766666666666666,30.0,438,2,traffic_signs,0.9399679899215698,2209.767578125,1022.3916625976562,2444.33251953125,1357.0723876953125,2327.050048828125,1189.7320251464844,234.56494140625,334.68072509765625
IMG_0048.mp4,1763,58.766666666666666,30.0,564,2,traffic_signs,0.7856336236000061,3348.712158203125,466.8144226074219,3436.487060546875,556.2466430664062,3392.599609375,511.53053283691406,87.77490234375,89.43222045898438
IMG_0048.mp4,1763,58.766666666666666,30.0,571,2,traffic_signs,0.29241669178009033,394.1976013183594,1435.4925537109375,428.0531311035156,1476.427490234375,411.1253662109375,1455.9600219726562,33.85552978515625,40.9349365234375
IMG_0048.mp4,1764,58.8,30.0,438,2,traffic_signs,0.9392200112342834,2212.22119140625,1020.4241943359375,2445.21923828125,1356.4708251953125,2328.72021484375,1188.447509765625,232.998046875,336.046630859375
IMG_0048.mp4,1764,58.8,30.0,564,2,traffic_signs,0.7705621123313904,3349.979736328125,466.6712951660156,3437.793701171875,555.6994018554688,3393.88671875,511.1853485107422,87.81396484375,89.02810668945312
IMG_0048.mp4,1764,58.8,30.0,571,2,traffic_signs,0.3741190731525421,394.9754333496094,1435.2977294921875,428.9785461425781,1476.5223388671875,411.97698974609375,1455.9100341796875,34.00311279296875,41.224609375
IMG_0048.mp4,1765,58.833333333333336,30.0,438,2,traffic_signs,0.939009964466095,2213.6005859375,1019.2991943359375,2444.799072265625,1355.427734375,2329.1998291015625,1187.3634643554688,231.198486328125,336.1285400390625
IMG_0048.mp4,1765,58.833333333333336,30.0,564,2,traffic_signs,0.7756064534187317,3348.929443359375,466.86358642578125,3436.355224609375,555.2542114257812,3392.642333984375,511.05889892578125,87.42578125,88.390625
IMG_0048.mp4,1765,58.833333333333336,30.0,571,2,traffic_signs,0.3956645727157593,395.2860107421875,1434.8160400390625,429.2289733886719,1476.2520751953125,412.2574920654297,1455.5340576171875,33.942962646484375,41.43603515625
IMG_0048.mp4,1766,58.86666666666667,30.0,438,2,traffic_signs,0.937393069267273,2215.88818359375,1017.8649291992188,2445.10205078125,1354.5738525390625,2330.4951171875,1186.2193908691406,229.2138671875,336.70892333984375
IMG_0048.mp4,1766,58.86666666666667,30.0,564,2,traffic_signs,0.7605091333389282,3349.396728515625,466.11553955078125,3436.934326171875,554.5440673828125,3393.16552734375,510.3298034667969,87.53759765625,88.42852783203125
IMG_0048.mp4,1767,58.9,30.0,438,2,traffic_signs,0.9329344630241394,2218.174560546875,1017.1163330078125,2446.165771484375,1354.3526611328125,2332.170166015625,1185.7344970703125,227.9912109375,337.236328125
IMG_0048.mp4,1767,58.9,30.0,564,2,traffic_signs,0.7526957988739014,3350.03125,465.705810546875,3437.478759765625,554.2017822265625,3393.7550048828125,509.95379638671875,87.447509765625,88.4959716796875
IMG_0048.mp4,1768,58.93333333333333,30.0,438,2,traffic_signs,0.9341797232627869,2219.02587890625,1015.5737915039062,2446.115966796875,1351.3948974609375,2332.5709228515625,1183.4843444824219,227.090087890625,335.82110595703125
IMG_0048.mp4,1768,58.93333333333333,30.0,564,2,traffic_signs,0.7287858128547668,3349.138671875,465.1814270019531,3436.46484375,553.344482421875,3392.8017578125,509.26295471191406,87.326171875,88.16305541992188
IMG_0048.mp4,1769,58.96666666666667,30.0,438,2,traffic_signs,0.9326227903366089,2221.265380859375,1014.0460205078125,2447.100830078125,1350.373046875,2334.18310546875,1182.2095336914062,225.83544921875,336.3270263671875
IMG_0048.mp4,1769,58.96666666666667,30.0,564,2,traffic_signs,0.6782177090644836,3350.094970703125,464.39471435546875,3437.870361328125,552.700927734375,3393.982666015625,508.5478210449219,87.775390625,88.30621337890625
IMG_0048.mp4,1770,59.0,30.0,438,2,traffic_signs,0.9280534982681274,2224.52587890625,1012.2498168945312,2448.3798828125,1349.3883056640625,2336.452880859375,1180.8190612792969,223.85400390625,337.13848876953125
IMG_0048.mp4,1770,59.0,30.0,564,2,traffic_signs,0.7087181806564331,3350.256591796875,463.93255615234375,3438.095458984375,552.4015502929688,3394.176025390625,508.16705322265625,87.8388671875,88.468994140625
IMG_0048.mp4,1770,59.0,30.0,570,2,traffic_signs,0.25362905859947205,692.4912109375,1420.32763671875,725.388427734375,1463.4610595703125,708.9398193359375,1441.8943481445312,32.897216796875,43.1334228515625
IMG_0048.mp4,1771,59.03333333333333,30.0,438,2,traffic_signs,0.9285813570022583,2225.275634765625,1010.57861328125,2447.701416015625,1348.2091064453125,2336.488525390625,1179.3938598632812,222.42578125,337.6304931640625
IMG_0048.mp4,1771,59.03333333333333,30.0,564,2,traffic_signs,0.6817317008972168,3349.802001953125,462.82843017578125,3437.6689453125,551.7063598632812,3393.7354736328125,507.26739501953125,87.866943359375,88.8779296875
IMG_0048.mp4,1771,59.03333333333333,30.0,570,2,traffic_signs,0.39801520109176636,692.404541015625,1420.262451171875,725.8358154296875,1463.6016845703125,709.1201782226562,1441.9320678710938,33.4312744140625,43.3392333984375
IMG_0048.mp4,1772,59.06666666666667,30.0,438,2,traffic_signs,0.9090363383293152,2228.28662109375,1008.1466064453125,2449.558349609375,1347.2681884765625,2338.9224853515625,1177.7073974609375,221.271728515625,339.12158203125
IMG_0048.mp4,1772,59.06666666666667,30.0,564,2,traffic_signs,0.6187134385108948,3350.763916015625,462.23675537109375,3438.51904296875,550.9778442382812,3394.6414794921875,506.6072998046875,87.755126953125,88.7410888671875
IMG_0048.mp4,1772,59.06666666666667,30.0,570,2,traffic_signs,0.5279123783111572,693.6487426757812,1420.452392578125,727.7741088867188,1463.5517578125,710.71142578125,1442.0020751953125,34.1253662109375,43.099365234375
IMG_0048.mp4,1773,59.1,30.0,438,2,traffic_signs,0.9121941924095154,2228.686767578125,1005.0584106445312,2449.7568359375,1344.68701171875,2339.2218017578125,1174.8727111816406,221.070068359375,339.62860107421875
IMG_0048.mp4,1773,59.1,30.0,564,2,traffic_signs,0.6545222401618958,3350.29736328125,461.65228271484375,3438.529052734375,549.9588012695312,3394.4132080078125,505.8055419921875,88.231689453125,88.3065185546875
IMG_0048.mp4,1773,59.1,30.0,570,2,traffic_signs,0.4382714331150055,695.4043579101562,1420.6209716796875,729.4160766601562,1463.2613525390625,712.4102172851562,1441.941162109375,34.01171875,42.640380859375
IMG_0048.mp4,1774,59.13333333333333,30.0,438,2,traffic_signs,0.8947437405586243,2229.096923828125,1002.516357421875,2449.734130859375,1342.1182861328125,2339.41552734375,1172.3173217773438,220.63720703125,339.6019287109375
IMG_0048.mp4,1774,59.13333333333333,30.0,564,2,traffic_signs,0.6371445059776306,3350.515625,460.91949462890625,3438.912841796875,549.3005981445312,3394.7142333984375,505.11004638671875,88.397216796875,88.381103515625
IMG_0048.mp4,1774,59.13333333333333,30.0,570,2,traffic_signs,0.3498992621898651,696.2418823242188,1420.638671875,730.1968383789062,1463.17822265625,713.2193603515625,1441.908447265625,33.9549560546875,42.53955078125
IMG_0048.mp4,1775,59.166666666666664,30.0,438,2,traffic_signs,0.8807468414306641,2229.85791015625,1000.1647338867188,2450.830078125,1340.083251953125,2340.343994140625,1170.1239929199219,220.97216796875,339.91851806640625
IMG_0048.mp4,1775,59.166666666666664,30.0,564,2,traffic_signs,0.6197088956832886,3351.297119140625,460.3033447265625,3440.501708984375,548.2245483398438,3395.8994140625,504.2639465332031,89.20458984375,87.92120361328125
IMG_0048.mp4,1775,59.166666666666664,30.0,570,2,traffic_signs,0.43009909987449646,697.3630981445312,1420.9425048828125,731.2977905273438,1463.8629150390625,714.3304443359375,1442.4027099609375,33.9346923828125,42.92041015625
IMG_0048.mp4,1776,59.2,30.0,438,2,traffic_signs,0.9060736298561096,2221.58935546875,997.812255859375,2451.56591796875,1336.49658203125,2336.57763671875,1167.1544189453125,229.9765625,338.684326171875
IMG_0048.mp4,1776,59.2,30.0,564,2,traffic_signs,0.6713371872901917,3351.1240234375,459.2349853515625,3440.01513671875,547.4436645507812,3395.569580078125,503.3393249511719,88.89111328125,88.20867919921875
IMG_0048.mp4,1776,59.2,30.0,570,2,traffic_signs,0.52004075050354,697.5702514648438,1420.9515380859375,732.086669921875,1464.41015625,714.8284606933594,1442.6808471679688,34.51641845703125,43.4586181640625
IMG_0048.mp4,1777,59.233333333333334,30.0,438,2,traffic_signs,0.923406720161438,2218.6787109375,995.5149536132812,2451.256103515625,1333.7147216796875,2334.9674072265625,1164.6148376464844,232.577392578125,338.19976806640625
IMG_0048.mp4,1777,59.233333333333334,30.0,564,2,traffic_signs,0.7459114789962769,3351.76513671875,458.4985046386719,3439.722900390625,546.6300048828125,3395.7440185546875,502.5642547607422,87.957763671875,88.13150024414062
IMG_0048.mp4,1777,59.233333333333334,30.0,570,2,traffic_signs,0.3187466561794281,698.2393798828125,1421.4779052734375,732.4693603515625,1464.646240234375,715.3543701171875,1443.0620727539062,34.22998046875,43.1683349609375
IMG_0048.mp4,1778,59.266666666666666,30.0,438,2,traffic_signs,0.9208356142044067,2218.453857421875,993.9605712890625,2450.9521484375,1332.44775390625,2334.7030029296875,1163.2041625976562,232.498291015625,338.4871826171875
IMG_0048.mp4,1778,59.266666666666666,30.0,564,2,traffic_signs,0.7366670966148376,3352.446533203125,458.5758361816406,3440.681396484375,546.1383666992188,3396.56396484375,502.3571014404297,88.23486328125,87.56253051757812
IMG_0048.mp4,1778,59.266666666666666,30.0,570,2,traffic_signs,0.29732197523117065,697.31787109375,1421.478759765625,731.9708862304688,1464.7230224609375,714.6443786621094,1443.1008911132812,34.65301513671875,43.2442626953125
IMG_0048.mp4,1779,59.3,30.0,438,2,traffic_signs,0.9203342199325562,2217.729248046875,993.0687866210938,2450.379638671875,1330.9017333984375,2334.054443359375,1161.9852600097656,232.650390625,337.83294677734375
IMG_0048.mp4,1779,59.3,30.0,564,2,traffic_signs,0.7589085102081299,3351.09765625,458.6290283203125,3439.69677734375,546.1473388671875,3395.397216796875,502.38818359375,88.59912109375,87.518310546875
IMG_0048.mp4,1779,59.3,30.0,574,2,traffic_signs,0.3589164614677429,1115.7830810546875,1339.974365234375,1154.288330078125,1394.0303955078125,1135.0357055664062,1367.0023803710938,38.5052490234375,54.0560302734375
IMG_0048.mp4,1780,59.333333333333336,30.0,438,2,traffic_signs,0.9036187529563904,2218.662353515625,992.092529296875,2450.08984375,1330.968017578125,2334.3760986328125,1161.5302734375,231.427490234375,338.87548828125
IMG_0048.mp4,1780,59.333333333333336,30.0,564,2,traffic_signs,0.7113556861877441,3352.044189453125,458.2574768066406,3441.048828125,546.2365112304688,3396.5465087890625,502.2469940185547,89.004638671875,87.97903442382812
IMG_0048.mp4,1781,59.36666666666667,30.0,438,2,traffic_signs,0.9088902473449707,2218.88232421875,990.6853637695312,2450.610595703125,1329.44775390625,2334.7464599609375,1160.0665588378906,231.728271484375,338.76239013671875
IMG_0048.mp4,1781,59.36666666666667,30.0,564,2,traffic_signs,0.7007754445075989,3352.547119140625,459.0323791503906,3441.58544921875,546.824951171875,3397.0662841796875,502.9286651611328,89.038330078125,87.79257202148438
IMG_0048.mp4,1781,59.36666666666667,30.0,570,2,traffic_signs,0.4221551716327667,698.8014526367188,1421.5714111328125,734.3355102539062,1465.78564453125,716.5684814453125,1443.6785278320312,35.5340576171875,44.2142333984375
IMG_0048.mp4,1782,59.4,30.0,438,2,traffic_signs,0.9156889319419861,2216.797119140625,988.9854736328125,2450.229736328125,1328.96630859375,2333.513427734375,1158.9758911132812,233.4326171875,339.9808349609375
IMG_0048.mp4,1782,59.4,30.0,564,2,traffic_signs,0.7242046594619751,3352.23876953125,460.03076171875,3441.07958984375,547.7698974609375,3396.6591796875,503.90032958984375,88.8408203125,87.7391357421875
IMG_0048.mp4,1782,59.4,30.0,575,2,traffic_signs,0.4867274761199951,1645.3414306640625,1419.3819580078125,1670.84326171875,1464.8636474609375,1658.0923461914062,1442.122802734375,25.5018310546875,45.481689453125
IMG_0048.mp4,1783,59.43333333333333,30.0,438,2,traffic_signs,0.9073449969291687,2216.607666015625,987.2540893554688,2450.298583984375,1328.5377197265625,2333.453125,1157.8959045410156,233.69091796875,341.28363037109375
IMG_0048.mp4,1783,59.43333333333333,30.0,564,2,traffic_signs,0.6763510704040527,3353.40673828125,460.08477783203125,3442.73193359375,548.2144165039062,3398.0693359375,504.14959716796875,89.3251953125,88.129638671875
IMG_0048.mp4,1783,59.43333333333333,30.0,575,2,traffic_signs,0.4098627269268036,1646.7491455078125,1418.7806396484375,1672.88134765625,1463.419677734375,1659.8152465820312,1441.1001586914062,26.1322021484375,44.6390380859375
IMG_0048.mp4,1783,59.43333333333333,30.0,570,2,traffic_signs,0.32529425621032715,700.1325073242188,1421.2584228515625,736.1292724609375,1466.7835693359375,718.1308898925781,1444.02099609375,35.99676513671875,45.525146484375
IMG_0048.mp4,1784,59.46666666666667,30.0,438,2,traffic_signs,0.916957437992096,2215.180908203125,985.2032470703125,2450.1103515625,1327.99560546875,2332.6456298828125,1156.5994262695312,234.929443359375,342.7923583984375
IMG_0048.mp4,1784,59.46666666666667,30.0,564,2,traffic_signs,0.6899436712265015,3352.83642578125,460.8764343261719,3442.256103515625,549.4172973632812,3397.5462646484375,505.14686584472656,89.419677734375,88.54086303710938
IMG_0048.mp4,1784,59.46666666666667,30.0,575,2,traffic_signs,0.35603415966033936,1648.056640625,1418.7454833984375,1674.57568359375,1463.061767578125,1661.316162109375,1440.9036254882812,26.51904296875,44.3162841796875
IMG_0048.mp4,1785,59.5,30.0,438,2,traffic_signs,0.8955466747283936,2215.16943359375,981.5567016601562,2449.7822265625,1328.1041259765625,2332.475830078125,1154.8304138183594,234.61279296875,346.54742431640625
IMG_0048.mp4,1785,59.5,30.0,564,2,traffic_signs,0.684644877910614,3353.011962890625,460.32159423828125,3442.53564453125,549.072509765625,3397.7738037109375,504.6970520019531,89.523681640625,88.75091552734375
IMG_0048.mp4,1785,59.5,30.0,575,2,traffic_signs,0.3081386983394623,1648.7860107421875,1418.0765380859375,1676.1502685546875,1462.9031982421875,1662.4681396484375,1440.4898681640625,27.3642578125,44.82666015625
IMG_0048.mp4,1786,59.53333333333333,30.0,438,2,traffic_signs,0.8867774605751038,2216.15283203125,978.966064453125,2450.806640625,1328.6136474609375,2333.479736328125,1153.7898559570312,234.65380859375,349.6475830078125
IMG_0048.mp4,1786,59.53333333333333,30.0,564,2,traffic_signs,0.6831144094467163,3353.74658203125,460.2919616699219,3443.876953125,549.3238525390625,3398.811767578125,504.8079071044922,90.13037109375,89.03189086914062
IMG_0048.mp4,1786,59.53333333333333,30.0,575,2,traffic_signs,0.33430030941963196,1650.0928955078125,1418.0748291015625,1678.127685546875,1463.349609375,1664.1102905273438,1440.7122192382812,28.0347900390625,45.2747802734375
IMG_0048.mp4,1787,59.56666666666667,30.0,438,2,traffic_signs,0.8548922538757324,2216.994873046875,976.7445678710938,2450.966064453125,1328.7149658203125,2333.98046875,1152.7297668457031,233.97119140625,351.97039794921875
IMG_0048.mp4,1787,59.56666666666667,30.0,564,2,traffic_signs,0.6458883285522461,3353.425048828125,460.0801086425781,3443.5595703125,549.0780029296875,3398.4923095703125,504.5790557861328,90.134521484375,88.99789428710938
IMG_0048.mp4,1787,59.56666666666667,30.0,575,2,traffic_signs,0.3387187421321869,1650.8109130859375,1418.25732421875,1678.6912841796875,1462.5555419921875,1664.7510986328125,1440.4064331054688,27.88037109375,44.2982177734375
IMG_0048.mp4,1787,59.56666666666667,30.0,570,2,traffic_signs,0.25859659910202026,703.5711059570312,1420.5662841796875,739.9044189453125,1464.904052734375,721.7377624511719,1442.7351684570312,36.33331298828125,44.3377685546875
IMG_0048.mp4,1788,59.6,30.0,438,2,traffic_signs,0.8871052861213684,2216.9765625,974.4445190429688,2451.199462890625,1327.80126953125,2334.0880126953125,1151.1228942871094,234.222900390625,353.35675048828125
IMG_0048.mp4,1788,59.6,30.0,564,2,traffic_signs,0.6651080846786499,3354.650146484375,459.3819274902344,3445.270751953125,549.0101928710938,3399.96044921875,504.19606018066406,90.62060546875,89.62826538085938
IMG_0048.mp4,1788,59.6,30.0,570,2,traffic_signs,0.39709949493408203,703.6837158203125,1420.459228515625,740.2413940429688,1464.9691162109375,721.9625549316406,1442.7141723632812,36.55767822265625,44.5098876953125
IMG_0048.mp4,1789,59.63333333333333,30.0,438,2,traffic_signs,0.9004490971565247,2216.191650390625,972.003662109375,2451.34765625,1327.156982421875,2333.7696533203125,1149.580322265625,235.156005859375,355.1533203125
IMG_0048.mp4,1789,59.63333333333333,30.0,564,2,traffic_signs,0.6538106799125671,3354.74462890625,458.8014831542969,3445.91650390625,548.6592407226562,3400.33056640625,503.73036193847656,91.171875,89.85775756835938
IMG_0048.mp4,1789,59.63333333333333,30.0,570,2,traffic_signs,0.3193623423576355,704.1806030273438,1420.243408203125,739.6953125,1465.5672607421875,721.9379577636719,1442.9053344726562,35.51470947265625,45.3238525390625
IMG_0048.mp4,1790,59.666666666666664,30.0,438,2,traffic_signs,0.8975476622581482,2214.96484375,970.700439453125,2450.345947265625,1325.9808349609375,2332.6553955078125,1148.3406372070312,235.381103515625,355.2803955078125
IMG_0048.mp4,1790,59.666666666666664,30.0,564,2,traffic_signs,0.6608846783638,3353.980224609375,457.87176513671875,3445.41455078125,548.0494995117188,3399.6973876953125,502.96063232421875,91.434326171875,90.177734375
IMG_0048.mp4,1790,59.666666666666664,30.0,570,2,traffic_signs,0.474425733089447,704.256591796875,1420.328857421875,738.754638671875,1466.63330078125,721.505615234375,1443.4810791015625,34.498046875,46.304443359375
IMG_0048.mp4,1791,59.7,30.0,438,2,traffic_signs,0.9021416306495667,2215.736328125,969.0532836914062,2450.79443359375,1325.5089111328125,2333.265380859375,1147.2810974121094,235.05810546875,356.45562744140625
IMG_0048.mp4,1791,59.7,30.0,564,2,traffic_signs,0.5482911467552185,3355.661865234375,456.73291015625,3446.671142578125,547.26904296875,3401.16650390625,502.0009765625,91.00927734375,90.5361328125
IMG_0048.mp4,1791,59.7,30.0,570,2,traffic_signs,0.701468288898468,705.1130981445312,1420.134765625,740.2886962890625,1465.4415283203125,722.7008972167969,1442.7881469726562,35.17559814453125,45.3067626953125
IMG_0048.mp4,1792,59.733333333333334,30.0,438,2,traffic_signs,0.8848286867141724,2216.515380859375,967.3834228515625,2450.05126953125,1324.329345703125,2333.2833251953125,1145.8563842773438,233.535888671875,356.9459228515625
IMG_0048.mp4,1792,59.733333333333334,30.0,564,2,traffic_signs,0.6065294146537781,3354.76904296875,455.9118957519531,3446.097900390625,546.9196166992188,3400.4334716796875,501.41575622558594,91.328857421875,91.00772094726562
IMG_0048.mp4,1792,59.733333333333334,30.0,570,2,traffic_signs,0.7235845923423767,706.5833740234375,1420.2301025390625,742.0185546875,1465.1004638671875,724.3009643554688,1442.665283203125,35.4351806640625,44.870361328125
IMG_0048.mp4,1793,59.766666666666666,30.0,438,2,traffic_signs,0.8673982620239258,2216.58251953125,966.2968139648438,2448.51025390625,1323.2548828125,2332.54638671875,1144.7758483886719,231.927734375,356.95806884765625
IMG_0048.mp4,1793,59.766666666666666,30.0,564,2,traffic_signs,0.5397847890853882,3354.652099609375,455.20733642578125,3446.085693359375,546.4879150390625,3400.368896484375,500.8476257324219,91.43359375,91.28057861328125
IMG_0048.mp4,1793,59.766666666666666,30.0,570,2,traffic_signs,0.7728639841079712,706.2177734375,1419.64697265625,741.4693603515625,1464.3529052734375,723.8435668945312,1441.9999389648438,35.2515869140625,44.7059326171875
IMG_0048.mp4,1794,59.8,30.0,438,2,traffic_signs,0.6114150285720825,2220.7548828125,964.2850341796875,2448.71142578125,1323.267578125,2334.733154296875,1143.7763061523438,227.95654296875,358.9825439453125
IMG_0048.mp4,1794,59.8,30.0,564,2,traffic_signs,0.6985990405082703,3355.562744140625,454.33648681640625,3447.359130859375,545.9887084960938,3401.4609375,500.16259765625,91.79638671875,91.6522216796875
IMG_0048.mp4,1795,59.833333333333336,30.0,438,2,traffic_signs,0.866378903388977,2218.57666015625,962.2227783203125,2448.003173828125,1321.5423583984375,2333.2899169921875,1141.882568359375,229.426513671875,359.319580078125
IMG_0048.mp4,1795,59.833333333333336,30.0,564,2,traffic_signs,0.5109319090843201,3354.9306640625,453.3923645019531,3447.001708984375,545.4222412109375,3400.9661865234375,499.4073028564453,92.071044921875,92.02987670898438
IMG_0048.mp4,1796,59.86666666666667,30.0,438,2,traffic_signs,0.9106076955795288,2214.9892578125,960.8859252929688,2447.22119140625,1320.090576171875,2331.105224609375,1140.4882507324219,232.23193359375,359.20465087890625
IMG_0048.mp4,1797,59.9,30.0,438,2,traffic_signs,0.9175694584846497,2213.2353515625,958.4453125,2446.95751953125,1318.3865966796875,2330.096435546875,1138.4159545898438,233.72216796875,359.9412841796875
IMG_0048.mp4,1797,59.9,30.0,564,2,traffic_signs,0.4982433319091797,3355.291015625,451.34637451171875,3447.15087890625,543.4998168945312,3401.220947265625,497.423095703125,91.85986328125,92.1534423828125
IMG_0048.mp4,1798,59.93333333333333,30.0,438,2,traffic_signs,0.9233829379081726,2210.06787109375,955.0430908203125,2445.9072265625,1317.802734375,2327.987548828125,1136.4229125976562,235.83935546875,362.7596435546875
IMG_0048.mp4,1798,59.93333333333333,30.0,564,2,traffic_signs,0.5731619596481323,3354.714111328125,450.40155029296875,3446.52099609375,542.78271484375,3400.6175537109375,496.5921325683594,91.806884765625,92.38116455078125
IMG_0048.mp4,1799,59.96666666666667,30.0,438,2,traffic_signs,0.9198945164680481,2209.675048828125,952.9677124023438,2445.581298828125,1317.285400390625,2327.628173828125,1135.1265563964844,235.90625,364.31768798828125
IMG_0048.mp4,1799,59.96666666666667,30.0,564,2,traffic_signs,0.5696083307266235,3356.255126953125,448.89276123046875,3448.490966796875,541.638916015625,3402.373046875,495.2658386230469,92.23583984375,92.74615478515625
IMG_0048.mp4,1799,59.96666666666667,30.0,570,2,traffic_signs,0.6428687572479248,713.9935302734375,1417.9320068359375,744.2297973632812,1450.0140380859375,729.1116638183594,1433.9730224609375,30.23626708984375,32.08203125
IMG_0048.mp4,1800,60.0,30.0,438,2,traffic_signs,0.9231603741645813,2208.154296875,951.4591674804688,2444.27978515625,1316.4969482421875,2326.217041015625,1133.9780578613281,236.12548828125,365.03778076171875
IMG_0048.mp4,1800,60.0,30.0,564,2,traffic_signs,0.5518994331359863,3356.3681640625,448.3453674316406,3448.388671875,541.2100830078125,3402.37841796875,494.77772521972656,92.0205078125,92.86471557617188
IMG_0048.mp4,1800,60.0,30.0,576,2,traffic_signs,0.4555628299713135,678.1539306640625,1394.1783447265625,712.4930419921875,1437.0400390625,695.323486328125,1415.6091918945312,34.339111328125,42.8616943359375
IMG_0048.mp4,1800,60.0,30.0,570,2,traffic_signs,0.7513733506202698,713.2627563476562,1417.5814208984375,744.1277465820312,1451.7366943359375,728.6952514648438,1434.6590576171875,30.864990234375,34.1552734375
IMG_0048.mp4,1801,60.03333333333333,30.0,438,2,traffic_signs,0.919059693813324,2206.9697265625,950.1284790039062,2442.607177734375,1315.0535888671875,2324.7884521484375,1132.5910339355469,235.637451171875,364.92510986328125
IMG_0048.mp4,1801,60.03333333333333,30.0,564,2,traffic_signs,0.5765284895896912,3356.19287109375,447.31280517578125,3448.448974609375,541.3082275390625,3402.3209228515625,494.3105163574219,92.256103515625,93.99542236328125
IMG_0048.mp4,1801,60.03333333333333,30.0,570,2,traffic_signs,0.7704684734344482,710.2872314453125,1417.35888671875,743.4768676757812,1455.072021484375,726.8820495605469,1436.2154541015625,33.18963623046875,37.713134765625
IMG_0048.mp4,1802,60.06666666666667,30.0,438,2,traffic_signs,0.9168165326118469,2208.299072265625,948.0556640625,2442.097412109375,1314.2857666015625,2325.1982421875,1131.1707153320312,233.79833984375,366.2301025390625
IMG_0048.mp4,1802,60.06666666666667,30.0,564,2,traffic_signs,0.5815702080726624,3357.932861328125,446.30548095703125,3449.960693359375,539.9285888671875,3403.94677734375,493.1170349121094,92.02783203125,93.62310791015625
IMG_0048.mp4,1802,60.06666666666667,30.0,570,2,traffic_signs,0.7583765983581543,708.2169799804688,1417.6751708984375,743.3917846679688,1458.613037109375,725.8043823242188,1438.1441040039062,35.1748046875,40.9378662109375
IMG_0048.mp4,1803,60.1,30.0,438,2,traffic_signs,0.9271563291549683,2205.8720703125,945.4226684570312,2441.28271484375,1313.3350830078125,2323.577392578125,1129.3788757324219,235.41064453125,367.91241455078125
IMG_0048.mp4,1803,60.1,30.0,564,2,traffic_signs,0.5455372929573059,3357.025634765625,445.3519287109375,3449.419677734375,538.9884033203125,3403.22265625,492.170166015625,92.39404296875,93.636474609375
IMG_0048.mp4,1803,60.1,30.0,570,2,traffic_signs,0.7936768531799316,705.3699340820312,1417.513671875,742.9972534179688,1460.8931884765625,724.18359375,1439.2034301757812,37.6273193359375,43.3795166015625
IMG_0048.mp4,1804,60.13333333333333,30.0,438,2,traffic_signs,0.9015258550643921,2204.090576171875,942.3307495117188,2440.524658203125,1312.428466796875,2322.3076171875,1127.3796081542969,236.43408203125,370.09771728515625
IMG_0048.mp4,1804,60.13333333333333,30.0,564,2,traffic_signs,0.6158531904220581,3357.9404296875,444.36846923828125,3450.53857421875,537.5516967773438,3404.239501953125,490.9600830078125,92.59814453125,93.1832275390625
IMG_0048.mp4,1804,60.13333333333333,30.0,570,2,traffic_signs,0.7144144177436829,704.33447265625,1417.2423095703125,742.181396484375,1461.974853515625,723.2579345703125,1439.6085815429688,37.846923828125,44.7325439453125
IMG_0048.mp4,1805,60.166666666666664,30.0,438,2,traffic_signs,0.8630143404006958,2202.656982421875,940.8485107421875,2440.067626953125,1311.85986328125,2321.3623046875,1126.3541870117188,237.41064453125,371.0113525390625
IMG_0048.mp4,1805,60.166666666666664,30.0,564,2,traffic_signs,0.6470038294792175,3358.898681640625,443.5728759765625,3451.229248046875,536.467529296875,3405.06396484375,490.02020263671875,92.33056640625,92.8946533203125
IMG_0048.mp4,1805,60.166666666666664,30.0,570,2,traffic_signs,0.4870190918445587,704.9942626953125,1417.168701171875,742.1238403320312,1461.8912353515625,723.5590515136719,1439.5299682617188,37.12957763671875,44.7225341796875
IMG_0048.mp4,1806,60.2,30.0,438,2,traffic_signs,0.6525880694389343,2199.208740234375,940.1264038085938,2438.521728515625,1310.19189453125,2318.865234375,1125.1591491699219,239.31298828125,370.06549072265625
IMG_0048.mp4,1806,60.2,30.0,564,2,traffic_signs,0.626431941986084,3358.9423828125,442.8796081542969,3451.170654296875,535.7460327148438,3405.0565185546875,489.3128204345703,92.228271484375,92.86642456054688
IMG_0048.mp4,1806,60.2,30.0,570,2,traffic_signs,0.4891555607318878,704.1069946289062,1417.1126708984375,741.2567749023438,1461.5030517578125,722.681884765625,1439.307861328125,37.1497802734375,44.390380859375
IMG_0048.mp4,1806,60.2,30.0,577,2,traffic_signs,0.3490617275238037,2198.755615234375,940.80322265625,2439.655517578125,1309.78515625,2319.20556640625,1125.294189453125,240.89990234375,368.98193359375
IMG_0048.mp4,1806,60.2,30.0,578,2,traffic_signs,0.4743981659412384,1137.3050537109375,1140.224853515625,1192.35791015625,1192.7923583984375,1164.8314819335938,1166.5086059570312,55.0528564453125,52.5675048828125
IMG_0048.mp4,1807,60.233333333333334,30.0,438,2,traffic_signs,0.5709867477416992,2193.337158203125,940.56982421875,2438.018310546875,1306.0780029296875,2315.677734375,1123.3239135742188,244.68115234375,365.5081787109375
IMG_0048.mp4,1807,60.233333333333334,30.0,564,2,traffic_signs,0.6626216769218445,3359.641357421875,442.3349609375,3452.425537109375,534.2433471679688,3406.033447265625,488.2891540527344,92.7841796875,91.90838623046875
IMG_0048.mp4,1807,60.233333333333334,30.0,570,2,traffic_signs,0.4850732386112213,703.9522094726562,1417.3682861328125,741.076171875,1461.2686767578125,722.5141906738281,1439.3184814453125,37.12396240234375,43.900390625
IMG_0048.mp4,1807,60.233333333333334,30.0,577,2,traffic_signs,0.5206030607223511,2200.369384765625,940.3502807617188,2438.28466796875,1310.5537109375,2319.3270263671875,1125.4519958496094,237.915283203125,370.20343017578125
IMG_0048.mp4,1807,60.233333333333334,30.0,578,2,traffic_signs,0.34939149022102356,1142.8165283203125,1141.9315185546875,1195.615234375,1194.1710205078125,1169.2158813476562,1168.05126953125,52.7987060546875,52.239501953125
IMG_0048.mp4,1808,60.266666666666666,30.0,438,2,traffic_signs,0.6642636060714722,2190.4990234375,940.1719360351562,2436.459716796875,1304.323486328125,2313.4793701171875,1122.2477111816406,245.960693359375,364.15155029296875
IMG_0048.mp4,1808,60.266666666666666,30.0,564,2,traffic_signs,0.7203764915466309,3359.767333984375,441.80487060546875,3452.141845703125,533.7431030273438,3405.95458984375,487.77398681640625,92.37451171875,91.938232421875
IMG_0048.mp4,1808,60.266666666666666,30.0,570,2,traffic_signs,0.5262343287467957,704.0318603515625,1417.629150390625,740.7781982421875,1460.9364013671875,722.405029296875,1439.2827758789062,36.746337890625,43.3072509765625
IMG_0048.mp4,1808,60.266666666666666,30.0,577,2,traffic_signs,0.6444755792617798,2197.679931640625,939.561279296875,2435.351318359375,1309.2601318359375,2316.515625,1124.4107055664062,237.67138671875,369.6988525390625
IMG_0048.mp4,1808,60.266666666666666,30.0,578,2,traffic_signs,0.36751610040664673,1141.751220703125,1143.2884521484375,1197.0048828125,1194.8394775390625,1169.3780517578125,1169.06396484375,55.253662109375,51.551025390625
IMG_0048.mp4,1809,60.3,30.0,438,2,traffic_signs,0.8586460947990417,2188.93798828125,939.29833984375,2434.811767578125,1303.838623046875,2311.8748779296875,1121.5684814453125,245.873779296875,364.540283203125
IMG_0048.mp4,1809,60.3,30.0,564,2,traffic_signs,0.7113903164863586,3359.89306640625,440.9222717285156,3452.046630859375,533.1211547851562,3405.9698486328125,487.02171325683594,92.153564453125,92.19888305664062
IMG_0048.mp4,1809,60.3,30.0,570,2,traffic_signs,0.3872527778148651,703.9702758789062,1417.80322265625,740.2279663085938,1460.3065185546875,722.09912109375,1439.0548706054688,36.2576904296875,42.5032958984375
IMG_0048.mp4,1810,60.333333333333336,30.0,438,2,traffic_signs,0.8385308980941772,2188.3193359375,937.155517578125,2433.90234375,1303.2481689453125,2311.11083984375,1120.2018432617188,245.5830078125,366.0926513671875
IMG_0048.mp4,1810,60.333333333333336,30.0,564,2,traffic_signs,0.7267836332321167,3360.809326171875,439.4439697265625,3453.2509765625,531.4031982421875,3407.0301513671875,485.423583984375,92.441650390625,91.959228515625
IMG_0048.mp4,1810,60.333333333333336,30.0,570,2,traffic_signs,0.5154136419296265,703.5789184570312,1417.684814453125,739.3967895507812,1459.3546142578125,721.4878540039062,1438.5197143554688,35.81787109375,41.6697998046875
IMG_0048.mp4,1811,60.36666666666667,30.0,438,2,traffic_signs,0.896309494972229,2188.051025390625,934.4274291992188,2431.83837890625,1303.1126708984375,2309.9447021484375,1118.7700500488281,243.787353515625,368.68524169921875
IMG_0048.mp4,1811,60.36666666666667,30.0,564,2,traffic_signs,0.5108174681663513,3360.602783203125,438.98089599609375,3452.71337890625,530.1640014648438,3406.6580810546875,484.57244873046875,92.110595703125,91.18310546875
IMG_0048.mp4,1812,60.4,30.0,438,2,traffic_signs,0.9070807099342346,2187.505126953125,931.7991943359375,2430.7861328125,1304.0299072265625,2309.1456298828125,1117.91455078125,243.281005859375,372.230712890625
IMG_0048.mp4,1812,60.4,30.0,564,2,traffic_signs,0.6814432144165039,3361.27685546875,437.89642333984375,3453.967041015625,528.5684814453125,3407.6219482421875,483.2324523925781,92.690185546875,90.67205810546875
IMG_0048.mp4,1813,60.43333333333333,30.0,438,2,traffic_signs,0.916581928730011,2186.69580078125,929.38818359375,2430.15771484375,1303.829833984375,2308.4267578125,1116.6090087890625,243.4619140625,374.441650390625
IMG_0048.mp4,1813,60.43333333333333,30.0,564,2,traffic_signs,0.6252716183662415,3361.185791015625,436.7513122558594,3454.304443359375,527.3636474609375,3407.7451171875,482.05747985839844,93.11865234375,90.61233520507812
IMG_0048.mp4,1814,60.46666666666667,30.0,438,2,traffic_signs,0.9045522809028625,2185.974609375,927.7573852539062,2428.322998046875,1303.922607421875,2307.1488037109375,1115.8399963378906,242.348388671875,376.16522216796875
IMG_0048.mp4,1814,60.46666666666667,30.0,564,2,traffic_signs,0.5110007524490356,3360.0029296875,435.86138916015625,3453.168212890625,526.4913330078125,3406.5855712890625,481.1763610839844,93.165283203125,90.62994384765625
IMG_0048.mp4,1814,60.46666666666667,30.0,570,2,traffic_signs,0.4989047348499298,700.9952392578125,1417.868408203125,737.296142578125,1459.8525390625,719.1456909179688,1438.8604736328125,36.3009033203125,41.984130859375
IMG_0048.mp4,1815,60.5,30.0,438,2,traffic_signs,0.9075502753257751,2185.768310546875,926.1340942382812,2426.95849609375,1302.880126953125,2306.3634033203125,1114.5071105957031,241.190185546875,376.74603271484375
IMG_0048.mp4,1815,60.5,30.0,564,2,traffic_signs,0.5829327702522278,3361.310546875,434.812255859375,3454.108642578125,524.9822387695312,3407.7095947265625,479.8972473144531,92.798095703125,90.16998291015625
IMG_0048.mp4,1815,60.5,30.0,570,2,traffic_signs,0.6704517602920532,700.4218139648438,1417.539306640625,736.5432739257812,1459.3792724609375,718.4825439453125,1438.4592895507812,36.1214599609375,41.8399658203125
IMG_0048.mp4,1816,60.53333333333333,30.0,438,2,traffic_signs,0.9077435731887817,2184.59228515625,924.4780883789062,2425.318359375,1299.1124267578125,2304.955322265625,1111.7952575683594,240.72607421875,374.63433837890625
IMG_0048.mp4,1816,60.53333333333333,30.0,564,2,traffic_signs,0.4872945547103882,3360.68212890625,433.93994140625,3453.6865234375,524.3019409179688,3407.184326171875,479.1209411621094,93.00439453125,90.36199951171875
IMG_0048.mp4,1816,60.53333333333333,30.0,570,2,traffic_signs,0.6543878316879272,700.3970336914062,1417.273193359375,735.9653930664062,1459.4310302734375,718.1812133789062,1438.3521118164062,35.568359375,42.1578369140625
IMG_0048.mp4,1817,60.56666666666667,30.0,438,2,traffic_signs,0.9169461727142334,2182.592529296875,922.6620483398438,2423.1826171875,1297.05517578125,2302.8875732421875,1109.8586120605469,240.590087890625,374.39312744140625
IMG_0048.mp4,1817,60.56666666666667,30.0,564,2,traffic_signs,0.5359623432159424,3360.5439453125,433.8340759277344,3453.477783203125,523.7765502929688,3407.0108642578125,478.80531311035156,92.933837890625,89.94247436523438
IMG_0048.mp4,1817,60.56666666666667,30.0,570,2,traffic_signs,0.672845184803009,699.7398681640625,1417.041259765625,735.1764526367188,1460.10546875,717.4581604003906,1438.5733642578125,35.43658447265625,43.064208984375
IMG_0048.mp4,1818,60.6,30.0,438,2,traffic_signs,0.914152979850769,2180.309814453125,921.0442504882812,2421.7626953125,1296.6488037109375,2301.0362548828125,1108.8465270996094,241.452880859375,375.60455322265625
IMG_0048.mp4,1818,60.6,30.0,564,2,traffic_signs,0.5622396469116211,3360.63427734375,433.849609375,3453.706787109375,523.2960815429688,3407.1705322265625,478.5728454589844,93.072509765625,89.44647216796875
IMG_0048.mp4,1818,60.6,30.0,570,2,traffic_signs,0.6159967184066772,699.41162109375,1416.9754638671875,734.684326171875,1459.905517578125,717.0479736328125,1438.4404907226562,35.272705078125,42.9300537109375
IMG_0048.mp4,1819,60.63333333333333,30.0,438,2,traffic_signs,0.9268146753311157,2177.130615234375,920.2252197265625,2419.8935546875,1295.9688720703125,2298.5120849609375,1108.0970458984375,242.762939453125,375.74365234375
IMG_0048.mp4,1819,60.63333333333333,30.0,564,2,traffic_signs,0.44594115018844604,3360.585205078125,434.2732238769531,3452.503662109375,523.671630859375,3406.54443359375,478.97242736816406,91.91845703125,89.39840698242188
IMG_0048.mp4,1819,60.63333333333333,30.0,570,2,traffic_signs,0.6434183716773987,698.8133544921875,1417.23388671875,734.3049926757812,1460.3896484375,716.5591735839844,1438.811767578125,35.49163818359375,43.15576171875
IMG_0048.mp4,1820,60.666666666666664,30.0,438,2,traffic_signs,0.9282823204994202,2175.74609375,918.278076171875,2418.529541015625,1295.2806396484375,2297.1378173828125,1106.7793579101562,242.783447265625,377.0025634765625
IMG_0048.mp4,1820,60.666666666666664,30.0,570,2,traffic_signs,0.5326884388923645,698.074462890625,1417.355224609375,733.37744140625,1460.1900634765625,715.7259521484375,1438.7726440429688,35.302978515625,42.8348388671875
IMG_0048.mp4,1821,60.7,30.0,438,2,traffic_signs,0.928992509841919,2174.97119140625,917.1065063476562,2417.35595703125,1295.1405029296875,2296.16357421875,1106.1235046386719,242.384765625,378.03399658203125
IMG_0048.mp4,1821,60.7,30.0,570,2,traffic_signs,0.5793348550796509,697.0263061523438,1418.1165771484375,732.2736206054688,1460.1820068359375,714.6499633789062,1439.1492919921875,35.247314453125,42.0654296875
IMG_0048.mp4,1821,60.7,30.0,564,2,traffic_signs,0.2876443862915039,3360.1298828125,432.35064697265625,3452.985107421875,522.693115234375,3406.5574951171875,477.5218811035156,92.855224609375,90.34246826171875
IMG_0048.mp4,1822,60.733333333333334,30.0,438,2,traffic_signs,0.9289519786834717,2173.68896484375,916.5785522460938,2415.155029296875,1293.72119140625,2294.4219970703125,1105.1498718261719,241.466064453125,377.14263916015625
IMG_0048.mp4,1822,60.733333333333334,30.0,570,2,traffic_signs,0.3669383227825165,696.2063598632812,1417.26708984375,730.3823852539062,1459.8466796875,713.2943725585938,1438.556884765625,34.176025390625,42.57958984375
IMG_0048.mp4,1823,60.766666666666666,30.0,438,2,traffic_signs,0.9266193509101868,2172.865234375,916.3792114257812,2413.1337890625,1292.727783203125,2292.99951171875,1104.5534973144531,240.2685546875,376.34857177734375
IMG_0048.mp4,1823,60.766666666666666,30.0,570,2,traffic_signs,0.2829616963863373,695.332763671875,1416.937255859375,729.3095092773438,1459.8424072265625,712.3211364746094,1438.3898315429688,33.97674560546875,42.9051513671875
IMG_0048.mp4,1824,60.8,30.0,438,2,traffic_signs,0.9252009987831116,2171.21533203125,915.5809936523438,2411.121337890625,1292.449462890625,2291.1683349609375,1104.0152282714844,239.906005859375,376.86846923828125
IMG_0048.mp4,1824,60.8,30.0,570,2,traffic_signs,0.254962682723999,695.2058715820312,1417.0118408203125,728.7453002929688,1459.7874755859375,711.9755859375,1438.399658203125,33.5394287109375,42.775634765625
IMG_0048.mp4,1825,60.833333333333336,30.0,438,2,traffic_signs,0.9211024641990662,2169.617431640625,913.8858642578125,2408.43505859375,1290.890625,2289.0262451171875,1102.3882446289062,238.817626953125,377.0047607421875
IMG_0048.mp4,1825,60.833333333333336,30.0,570,2,traffic_signs,0.2919169068336487,694.5247192382812,1417.19384765625,727.9006958007812,1460.0299072265625,711.2127075195312,1438.6118774414062,33.3759765625,42.8360595703125
IMG_0048.mp4,1826,60.86666666666667,30.0,438,2,traffic_signs,0.9224482774734497,2167.484130859375,911.9693603515625,2406.25927734375,1289.365478515625,2286.8717041015625,1100.6674194335938,238.775146484375,377.3961181640625
IMG_0048.mp4,1826,60.86666666666667,30.0,570,2,traffic_signs,0.35739535093307495,693.1088256835938,1417.3321533203125,726.239990234375,1460.6376953125,709.6744079589844,1438.9849243164062,33.13116455078125,43.3055419921875
IMG_0048.mp4,1826,60.86666666666667,30.0,564,2,traffic_signs,0.5746968984603882,3360.813720703125,428.29412841796875,3453.53271484375,517.3159790039062,3407.1732177734375,472.8050537109375,92.718994140625,89.0218505859375
IMG_0048.mp4,1827,60.9,30.0,438,2,traffic_signs,0.9381495714187622,2164.624267578125,909.870849609375,2403.86474609375,1288.033935546875,2284.2445068359375,1098.952392578125,239.240478515625,378.1630859375
IMG_0048.mp4,1827,60.9,30.0,564,2,traffic_signs,0.3998434543609619,3359.656494140625,427.3233947753906,3451.895263671875,517.1343383789062,3405.77587890625,472.22886657714844,92.23876953125,89.81094360351562
IMG_0048.mp4,1828,60.93333333333333,30.0,438,2,traffic_signs,0.9209753274917603,2166.3173828125,906.3499145507812,2402.3447265625,1287.3133544921875,2284.3310546875,1096.8316345214844,236.02734375,380.96343994140625
IMG_0048.mp4,1828,60.93333333333333,30.0,564,2,traffic_signs,0.4702949523925781,3359.193359375,425.8153381347656,3452.435791015625,515.132080078125,3405.8145751953125,470.4737091064453,93.242431640625,89.31674194335938
IMG_0048.mp4,1829,60.96666666666667,30.0,438,2,traffic_signs,0.9310740232467651,2165.86572265625,904.5377197265625,2401.640380859375,1286.313720703125,2283.7530517578125,1095.4257202148438,235.774658203125,381.7760009765625
IMG_0048.mp4,1829,60.96666666666667,30.0,564,2,traffic_signs,0.5993456840515137,3359.47705078125,425.2437438964844,3453.20166015625,513.9351806640625,3406.33935546875,469.58946228027344,93.724609375,88.69143676757812
IMG_0048.mp4,1830,61.0,30.0,438,2,traffic_signs,0.9352140426635742,2163.085693359375,902.739990234375,2399.501953125,1285.134521484375,2281.2938232421875,1093.937255859375,236.416259765625,382.39453125
IMG_0048.mp4,1831,61.03333333333333,30.0,438,2,traffic_signs,0.9405889511108398,2159.919677734375,901.0591430664062,2397.16748046875,1284.9559326171875,2278.5435791015625,1093.0075378417969,237.247802734375,383.89678955078125
IMG_0048.mp4,1831,61.03333333333333,30.0,564,2,traffic_signs,0.6486673951148987,3359.67578125,422.3943176269531,3452.94189453125,512.0497436523438,3406.308837890625,467.22203063964844,93.26611328125,89.65542602539062
IMG_0048.mp4,1832,61.06666666666667,30.0,438,2,traffic_signs,0.7283165454864502,2153.94873046875,899.6170654296875,2395.080810546875,1282.6385498046875,2274.5147705078125,1091.1278076171875,241.132080078125,383.021484375
IMG_0048.mp4,1832,61.06666666666667,30.0,564,2,traffic_signs,0.5780428051948547,3358.6474609375,421.8204345703125,3451.534912109375,511.8706359863281,3405.0911865234375,466.8455352783203,92.887451171875,90.05020141601562
IMG_0048.mp4,1833,61.1,30.0,438,2,traffic_signs,0.9378688931465149,2151.334228515625,898.7838134765625,2393.29736328125,1283.0242919921875,2272.3157958984375,1090.904052734375,241.963134765625,384.240478515625
IMG_0048.mp4,1833,61.1,30.0,564,2,traffic_signs,0.5510997772216797,3358.44677734375,420.9634094238281,3451.08740234375,511.35577392578125,3404.76708984375,466.1595916748047,92.640625,90.39236450195312
IMG_0048.mp4,1834,61.13333333333333,30.0,438,2,traffic_signs,0.7502886056900024,2148.912353515625,897.2439575195312,2393.656005859375,1280.486572265625,2271.2841796875,1088.8652648925781,244.74365234375,383.24261474609375
IMG_0048.mp4,1834,61.13333333333333,30.0,564,2,traffic_signs,0.5475876331329346,3359.17724609375,420.21923828125,3451.77783203125,510.240234375,3405.4775390625,465.229736328125,92.6005859375,90.02099609375
IMG_0048.mp4,1835,61.166666666666664,30.0,438,2,traffic_signs,0.9322731494903564,2148.96923828125,894.948974609375,2391.241455078125,1282.9532470703125,2270.1053466796875,1088.9511108398438,242.272216796875,388.0042724609375
IMG_0048.mp4,1835,61.166666666666664,30.0,564,2,traffic_signs,0.7181666493415833,3357.5361328125,419.1568908691406,3450.6279296875,510.07733154296875,3404.08203125,464.6171112060547,93.091796875,90.92044067382812
IMG_0048.mp4,1836,61.2,30.0,438,2,traffic_signs,0.9234427809715271,2147.236083984375,893.5963134765625,2388.951904296875,1284.9044189453125,2268.093994140625,1089.2503662109375,241.7158203125,391.30810546875
IMG_0048.mp4,1836,61.2,30.0,564,2,traffic_signs,0.7115440964698792,3357.969482421875,418.3247375488281,3450.950439453125,509.33740234375,3404.4599609375,463.83106994628906,92.98095703125,91.01266479492188
IMG_0048.mp4,1837,61.233333333333334,30.0,438,2,traffic_signs,0.9276565313339233,2144.272705078125,892.3816528320312,2386.3447265625,1285.4345703125,2265.3087158203125,1088.9081115722656,242.072021484375,393.05291748046875
IMG_0048.mp4,1837,61.233333333333334,30.0,564,2,traffic_signs,0.6828398108482361,3357.4091796875,418.3880615234375,3450.71240234375,509.0428771972656,3404.060791015625,463.71546936035156,93.30322265625,90.65481567382812
IMG_0048.mp4,1837,61.233333333333334,30.0,570,2,traffic_signs,0.28214240074157715,679.63525390625,1416.878173828125,714.1226196289062,1461.410888671875,696.8789367675781,1439.14453125,34.48736572265625,44.53271484375
IMG_0048.mp4,1838,61.266666666666666,30.0,438,2,traffic_signs,0.9280737638473511,2141.862548828125,892.0333251953125,2382.4619140625,1283.152099609375,2262.1622314453125,1087.5927124023438,240.599365234375,391.1187744140625
IMG_0048.mp4,1838,61.266666666666666,30.0,564,2,traffic_signs,0.6347467303276062,3356.185302734375,418.47039794921875,3449.01708984375,509.1246337890625,3402.6011962890625,463.7975158691406,92.831787109375,90.65423583984375
IMG_0048.mp4,1839,61.3,30.0,438,2,traffic_signs,0.9337093234062195,2141.442626953125,891.1986083984375,2380.34716796875,1281.1103515625,2260.8948974609375,1086.1544799804688,238.904541015625,389.9117431640625
IMG_0048.mp4,1839,61.3,30.0,564,2,traffic_signs,0.6609921455383301,3356.90625,418.2397155761719,3449.923828125,508.8250427246094,3403.4150390625,463.5323791503906,93.017578125,90.5853271484375
IMG_0048.mp4,1840,61.333333333333336,30.0,438,2,traffic_signs,0.6159574389457703,2137.5029296875,890.0365600585938,2378.539794921875,1276.722900390625,2258.0213623046875,1083.3797302246094,241.036865234375,386.68634033203125
IMG_0048.mp4,1840,61.333333333333336,30.0,564,2,traffic_signs,0.6254745125770569,3356.34814453125,418.13629150390625,3449.3642578125,508.57183837890625,3402.856201171875,463.35406494140625,93.01611328125,90.435546875
IMG_0048.mp4,1841,61.36666666666667,30.0,438,2,traffic_signs,0.8985496759414673,2138.590087890625,886.6245727539062,2376.059814453125,1276.6153564453125,2257.324951171875,1081.6199645996094,237.4697265625,389.99078369140625
IMG_0048.mp4,1841,61.36666666666667,30.0,564,2,traffic_signs,0.5814358592033386,3356.307861328125,418.02557373046875,3449.4365234375,508.24346923828125,3402.8721923828125,463.134521484375,93.128662109375,90.2178955078125
IMG_0048.mp4,1842,61.4,30.0,438,2,traffic_signs,0.9014476537704468,2138.963623046875,884.3685913085938,2374.524169921875,1277.5389404296875,2256.743896484375,1080.9537658691406,235.560546875,393.17034912109375
IMG_0048.mp4,1842,61.4,30.0,564,2,traffic_signs,0.640430748462677,3357.379150390625,418.06573486328125,3450.09423828125,507.6299133300781,3403.7366943359375,462.8478240966797,92.715087890625,89.56417846679688
IMG_0048.mp4,1843,61.43333333333333,30.0,438,2,traffic_signs,0.8893386721611023,2133.0009765625,883.796875,2371.21044921875,1274.0611572265625,2252.105712890625,1078.9290161132812,238.20947265625,390.2642822265625
IMG_0048.mp4,1843,61.43333333333333,30.0,564,2,traffic_signs,0.598605751991272,3356.406005859375,418.1648864746094,3449.4853515625,507.52777099609375,3402.9456787109375,462.84632873535156,93.079345703125,89.36288452148438
IMG_0048.mp4,1843,61.43333333333333,30.0,570,2,traffic_signs,0.3232940435409546,673.77783203125,1417.9554443359375,706.6264038085938,1461.86328125,690.2021179199219,1439.9093627929688,32.84857177734375,43.9078369140625
IMG_0048.mp4,1844,61.46666666666667,30.0,438,2,traffic_signs,0.877415657043457,2130.231201171875,882.38623046875,2367.922119140625,1270.427001953125,2249.07666015625,1076.4066162109375,237.69091796875,388.040771484375
IMG_0048.mp4,1844,61.46666666666667,30.0,564,2,traffic_signs,0.6536612510681152,3356.81298828125,418.111083984375,3449.864990234375,507.4968566894531,3403.3389892578125,462.80397033691406,93.052001953125,89.38577270507812
IMG_0048.mp4,1845,61.5,30.0,438,2,traffic_signs,0.9040024280548096,2128.0283203125,881.6461181640625,2365.93798828125,1269.395751953125,2246.983154296875,1075.5209350585938,237.90966796875,387.7496337890625
IMG_0048.mp4,1845,61.5,30.0,564,2,traffic_signs,0.6449596285820007,3357.21044921875,417.5265808105469,3450.2158203125,506.9057922363281,3403.713134765625,462.2161865234375,93.00537109375,89.37921142578125
IMG_0048.mp4,1845,61.5,30.0,570,2,traffic_signs,0.3370792865753174,671.9061889648438,1418.88671875,704.614501953125,1461.518798828125,688.2603454589844,1440.2027587890625,32.70831298828125,42.632080078125
IMG_0048.mp4,1846,61.53333333333333,30.0,438,2,traffic_signs,0.9140312075614929,2125.2119140625,881.2818603515625,2364.16357421875,1268.136962890625,2244.687744140625,1074.7094116210938,238.95166015625,386.8551025390625
IMG_0048.mp4,1846,61.53333333333333,30.0,564,2,traffic_signs,0.5993814468383789,3356.466552734375,417.1287536621094,3449.6123046875,506.57861328125,3403.0394287109375,461.8536834716797,93.145751953125,89.44985961914062
IMG_0048.mp4,1846,61.53333333333333,30.0,570,2,traffic_signs,0.3763197958469391,669.606201171875,1419.225830078125,702.8887939453125,1462.15185546875,686.2474975585938,1440.6888427734375,33.2825927734375,42.926025390625
IMG_0048.mp4,1847,61.56666666666667,30.0,438,2,traffic_signs,0.9180585145950317,2123.7509765625,880.138427734375,2363.64501953125,1268.501708984375,2243.697998046875,1074.320068359375,239.89404296875,388.36328125
IMG_0048.mp4,1847,61.56666666666667,30.0,564,2,traffic_signs,0.3718097507953644,3359.076416015625,416.1297912597656,3451.712890625,505.4485778808594,3405.3946533203125,460.7891845703125,92.636474609375,89.31878662109375
IMG_0048.mp4,1847,61.56666666666667,30.0,570,2,traffic_signs,0.2753704786300659,668.7075805664062,1419.3194580078125,702.0786743164062,1462.0599365234375,685.3931274414062,1440.689697265625,33.37109375,42.740478515625
IMG_0048.mp4,1848,61.6,30.0,438,2,traffic_signs,0.9129420518875122,2121.363037109375,879.7468872070312,2362.677734375,1267.8863525390625,2242.0203857421875,1073.8166198730469,241.314697265625,388.13946533203125
IMG_0048.mp4,1849,61.63333333333333,30.0,438,2,traffic_signs,0.8943610787391663,2117.733154296875,878.211669921875,2360.4931640625,1268.827880859375,2239.1131591796875,1073.519775390625,242.760009765625,390.6162109375
IMG_0048.mp4,1849,61.63333333333333,30.0,564,2,traffic_signs,0.4612085223197937,3359.906982421875,415.2122802734375,3453.76318359375,503.2977294921875,3406.8350830078125,459.2550048828125,93.856201171875,88.08544921875
IMG_0048.mp4,1850,61.666666666666664,30.0,438,2,traffic_signs,0.8923321962356567,2116.4423828125,877.650390625,2359.460693359375,1268.435546875,2237.9515380859375,1073.04296875,243.018310546875,390.78515625
IMG_0048.mp4,1850,61.666666666666664,30.0,564,2,traffic_signs,0.4400925636291504,3362.777099609375,414.3208312988281,3456.373046875,502.3259582519531,3409.5750732421875,458.3233947753906,93.595947265625,88.005126953125
IMG_0048.mp4,1851,61.7,30.0,438,2,traffic_signs,0.8752267360687256,2114.313232421875,877.325439453125,2357.53125,1268.3184814453125,2235.9222412109375,1072.8219604492188,243.218017578125,390.9930419921875
IMG_0048.mp4,1851,61.7,30.0,564,2,traffic_signs,0.45660021901130676,3362.638916015625,412.9678039550781,3456.484619140625,501.48504638671875,3409.561767578125,457.22642517089844,93.845703125,88.51724243164062
IMG_0048.mp4,1852,61.733333333333334,30.0,438,2,traffic_signs,0.8988969326019287,2113.661376953125,876.3893432617188,2356.613037109375,1267.226318359375,2235.13720703125,1071.8078308105469,242.95166015625,390.83697509765625
IMG_0048.mp4,1852,61.733333333333334,30.0,564,2,traffic_signs,0.5651667714118958,3363.70654296875,411.1361999511719,3457.60595703125,500.0474853515625,3410.65625,455.5918426513672,93.8994140625,88.91128540039062
IMG_0048.mp4,1853,61.766666666666666,30.0,438,2,traffic_signs,0.8704316020011902,2112.31787109375,875.1956787109375,2356.24072265625,1267.5836181640625,2234.279296875,1071.3896484375,243.9228515625,392.387939453125
IMG_0048.mp4,1853,61.766666666666666,30.0,564,2,traffic_signs,0.5025338530540466,3363.854736328125,410.3280334472656,3457.576904296875,498.9874267578125,3410.7158203125,454.65773010253906,93.72216796875,88.65939331054688
IMG_0048.mp4,1854,61.8,30.0,438,2,traffic_signs,0.8542477488517761,2110.669921875,873.8614501953125,2355.4501953125,1267.388427734375,2233.06005859375,1070.6249389648438,244.7802734375,393.5269775390625
IMG_0048.mp4,1854,61.8,30.0,564,2,traffic_signs,0.5030226111412048,3361.65478515625,409.33697509765625,3455.878173828125,498.404052734375,3408.7664794921875,453.8705139160156,94.223388671875,89.06707763671875
IMG_0048.mp4,1855,61.833333333333336,30.0,438,2,traffic_signs,0.8664092421531677,2109.761474609375,872.9988403320312,2355.37548828125,1266.988037109375,2232.5684814453125,1069.9934387207031,245.614013671875,393.98919677734375
IMG_0048.mp4,1855,61.833333333333336,30.0,564,2,traffic_signs,0.4884466528892517,3361.5322265625,408.0108337402344,3456.4296875,497.6524353027344,3408.98095703125,452.8316345214844,94.8974609375,89.6416015625
IMG_0048.mp4,1856,61.86666666666667,30.0,438,2,traffic_signs,0.7602658867835999,2107.98095703125,871.3892211914062,2354.26318359375,1266.1285400390625,2231.1220703125,1068.7588806152344,246.2822265625,394.73931884765625
IMG_0048.mp4,1856,61.86666666666667,30.0,564,2,traffic_signs,0.5107498168945312,3360.645751953125,408.3435974121094,3453.918212890625,497.906005859375,3407.281982421875,453.1248016357422,93.2724609375,89.56240844726562
IMG_0048.mp4,1856,61.86666666666667,30.0,585,2,traffic_signs,0.35319438576698303,1645.60791015625,1419.926025390625,1673.84716796875,1466.462158203125,1659.7275390625,1443.194091796875,28.2392578125,46.5361328125
IMG_0048.mp4,1857,61.9,30.0,438,2,traffic_signs,0.6797139644622803,2105.72412109375,869.9126586914062,2352.19482421875,1263.5931396484375,2228.95947265625,1066.7528991699219,246.470703125,393.68048095703125
IMG_0048.mp4,1857,61.9,30.0,585,2,traffic_signs,0.39591068029403687,1645.0758056640625,1420.7698974609375,1672.87890625,1466.944580078125,1658.9773559570312,1443.8572387695312,27.8031005859375,46.1746826171875
IMG_0048.mp4,1858,61.93333333333333,30.0,438,2,traffic_signs,0.34757548570632935,2104.637939453125,868.4678344726562,2351.59619140625,1262.29296875,2228.1170654296875,1065.3804016113281,246.958251953125,393.82513427734375
IMG_0048.mp4,1858,61.93333333333333,30.0,585,2,traffic_signs,0.384109765291214,1644.8153076171875,1420.8701171875,1672.8116455078125,1467.1640625,1658.8134765625,1444.01708984375,27.996337890625,46.2939453125
IMG_0048.mp4,1859,61.96666666666667,30.0,438,2,traffic_signs,0.8581343293190002,2101.889404296875,866.5922241210938,2350.106689453125,1259.7257080078125,2225.998046875,1063.1589660644531,248.21728515625,393.13348388671875
IMG_0048.mp4,1859,61.96666666666667,30.0,585,2,traffic_signs,0.32174474000930786,1644.7889404296875,1421.5374755859375,1672.5103759765625,1467.6961669921875,1658.649658203125,1444.6168212890625,27.721435546875,46.15869140625
IMG_0048.mp4,1859,61.96666666666667,30.0,564,2,traffic_signs,0.4377751350402832,3358.0146484375,408.23895263671875,3451.120849609375,497.15264892578125,3404.5677490234375,452.69580078125,93.106201171875,88.9136962890625
IMG_0048.mp4,1860,62.0,30.0,438,2,traffic_signs,0.8223370313644409,2100.57177734375,865.007568359375,2347.83056640625,1259.67529296875,2224.201171875,1062.3414306640625,247.2587890625,394.667724609375
IMG_0048.mp4,1860,62.0,30.0,585,2,traffic_signs,0.33821573853492737,1643.9688720703125,1421.544677734375,1671.3189697265625,1467.41796875,1657.6439208984375,1444.4813232421875,27.35009765625,45.873291015625
IMG_0048.mp4,1861,62.03333333333333,30.0,438,2,traffic_signs,0.8517088890075684,2100.392578125,864.5476684570312,2345.993896484375,1259.68505859375,2223.1932373046875,1062.1163635253906,245.601318359375,395.13739013671875
IMG_0048.mp4,1861,62.03333333333333,30.0,564,2,traffic_signs,0.477489173412323,3357.142822265625,408.3131103515625,3449.599365234375,496.88037109375,3403.37109375,452.59674072265625,92.45654296875,88.5672607421875
IMG_0048.mp4,1862,62.06666666666667,30.0,438,2,traffic_signs,0.8621535301208496,2099.41796875,863.9423217773438,2344.27880859375,1260.883056640625,2221.848388671875,1062.4126892089844,244.86083984375,396.94073486328125
IMG_0048.mp4,1862,62.06666666666667,30.0,564,2,traffic_signs,0.5234376788139343,3355.005615234375,408.55242919921875,3447.09619140625,496.8768005371094,3401.0509033203125,452.71461486816406,92.090576171875,88.32437133789062
IMG_0048.mp4,1863,62.1,30.0,438,2,traffic_signs,0.840858519077301,2097.6552734375,863.0761108398438,2341.656494140625,1261.696044921875,2219.6558837890625,1062.3860778808594,244.001220703125,398.61993408203125
IMG_0048.mp4,1864,62.13333333333333,30.0,438,2,traffic_signs,0.8815081715583801,2094.79296875,863.1327514648438,2339.78271484375,1260.654296875,2217.287841796875,1061.8935241699219,244.98974609375,397.52154541015625
IMG_0048.mp4,1864,62.13333333333333,30.0,564,2,traffic_signs,0.5357600450515747,3353.507080078125,408.36187744140625,3445.291259765625,496.1887512207031,3399.399169921875,452.2753143310547,91.7841796875,87.82687377929688
IMG_0048.mp4,1865,62.166666666666664,30.0,438,2,traffic_signs,0.8928876519203186,2090.9794921875,862.2918090820312,2337.523193359375,1259.5211181640625,2214.2513427734375,1060.9064636230469,246.543701171875,397.22930908203125
IMG_0048.mp4,1865,62.166666666666664,30.0,564,2,traffic_signs,0.6731030941009521,3353.00634765625,408.2185974121094,3444.54541015625,495.993408203125,3398.77587890625,452.1060028076172,91.5390625,87.77481079101562
IMG_0048.mp4,1866,62.2,30.0,438,2,traffic_signs,0.8933870792388916,2089.656982421875,861.326904296875,2336.546875,1258.870849609375,2213.1019287109375,1060.098876953125,246.889892578125,397.5439453125
IMG_0048.mp4,1867,62.233333333333334,30.0,438,2,traffic_signs,0.8825293183326721,2087.845458984375,861.23095703125,2334.73486328125,1258.5501708984375,2211.2901611328125,1059.8905639648438,246.889404296875,397.3192138671875
IMG_0048.mp4,1867,62.233333333333334,30.0,564,2,traffic_signs,0.5294296741485596,3353.2177734375,407.99847412109375,3445.338134765625,495.96331787109375,3399.2779541015625,451.98089599609375,92.120361328125,87.96484375
IMG_0048.mp4,1868,62.266666666666666,30.0,438,2,traffic_signs,0.883651852607727,2085.915283203125,860.5142822265625,2332.91162109375,1257.752685546875,2209.4134521484375,1059.1334838867188,246.996337890625,397.2384033203125
IMG_0048.mp4,1869,62.3,30.0,438,2,traffic_signs,0.8952275514602661,2084.908203125,859.6414794921875,2332.048095703125,1258.006103515625,2208.4781494140625,1058.8237915039062,247.139892578125,398.3646240234375
IMG_0048.mp4,1869,62.3,30.0,564,2,traffic_signs,0.5020489692687988,3352.802490234375,406.38763427734375,3444.975341796875,493.6098327636719,3398.888916015625,449.9987335205078,92.1728515625,87.22219848632812
IMG_0048.mp4,1870,62.333333333333336,30.0,438,2,traffic_signs,0.8985641002655029,2083.0478515625,858.4342651367188,2330.733642578125,1257.9342041015625,2206.8907470703125,1058.1842346191406,247.685791015625,399.49993896484375
IMG_0048.mp4,1870,62.333333333333336,30.0,564,2,traffic_signs,0.5974923372268677,3351.972412109375,405.7215270996094,3443.47265625,493.1803894042969,3397.7225341796875,449.4509582519531,91.500244140625,87.4588623046875
IMG_0048.mp4,1871,62.36666666666667,30.0,438,2,traffic_signs,0.9036324620246887,2081.56298828125,857.5634765625,2329.77783203125,1256.47900390625,2205.67041015625,1057.021240234375,248.21484375,398.91552734375
IMG_0048.mp4,1871,62.36666666666667,30.0,564,2,traffic_signs,0.5859255790710449,3352.74658203125,404.2188415527344,3444.108642578125,491.5199890136719,3398.4276123046875,447.8694152832031,91.362060546875,87.3011474609375
IMG_0048.mp4,1872,62.4,30.0,438,2,traffic_signs,0.9117340445518494,2080.01025390625,857.1348266601562,2328.31591796875,1256.1085205078125,2204.1630859375,1056.6216735839844,248.3056640625,398.97369384765625
IMG_0048.mp4,1872,62.4,30.0,564,2,traffic_signs,0.5859600305557251,3353.1083984375,403.73931884765625,3444.656982421875,491.0680847167969,3398.8826904296875,447.40370178222656,91.548583984375,87.32876586914062
IMG_0048.mp4,1873,62.43333333333333,30.0,438,2,traffic_signs,0.9027140140533447,2077.437255859375,856.5094604492188,2326.248291015625,1256.71044921875,2201.8427734375,1056.6099548339844,248.81103515625,400.20098876953125
IMG_0048.mp4,1873,62.43333333333333,30.0,564,2,traffic_signs,0.6677492260932922,3352.22900390625,403.3603515625,3443.513427734375,490.6574401855469,3397.8712158203125,447.00889587402344,91.284423828125,87.29708862304688
IMG_0048.mp4,1874,62.46666666666667,30.0,438,2,traffic_signs,0.9077602624893188,2076.696533203125,855.2032470703125,2325.381103515625,1257.295166015625,2201.038818359375,1056.2492065429688,248.6845703125,402.0919189453125
IMG_0048.mp4,1874,62.46666666666667,30.0,564,2,traffic_signs,0.6742978692054749,3353.1826171875,401.9810791015625,3444.948486328125,489.6827697753906,3399.0655517578125,445.83192443847656,91.765869140625,87.70169067382812
IMG_0048.mp4,1875,62.5,30.0,438,2,traffic_signs,0.9121240377426147,2075.816162109375,854.0989990234375,2323.79443359375,1257.947021484375,2199.8052978515625,1056.0230102539062,247.978271484375,403.8480224609375
IMG_0048.mp4,1875,62.5,30.0,564,2,traffic_signs,0.6487288475036621,3352.7919921875,400.8676452636719,3444.369140625,488.7580871582031,3398.58056640625,444.8128662109375,91.5771484375,87.89044189453125
IMG_0048.mp4,1876,62.53333333333333,30.0,438,2,traffic_signs,0.8938288688659668,2074.361083984375,853.684326171875,2321.784912109375,1259.4334716796875,2198.072998046875,1056.5588989257812,247.423828125,405.7491455078125
IMG_0048.mp4,1876,62.53333333333333,30.0,564,2,traffic_signs,0.6828383803367615,3352.880615234375,398.7535400390625,3444.92333984375,487.4955139160156,3398.9019775390625,443.12452697753906,92.042724609375,88.74197387695312
IMG_0048.mp4,1877,62.56666666666667,30.0,438,2,traffic_signs,0.9016977548599243,2073.456298828125,853.6575317382812,2320.70703125,1260.036865234375,2197.0816650390625,1056.8471984863281,247.250732421875,406.37933349609375
IMG_0048.mp4,1877,62.56666666666667,30.0,564,2,traffic_signs,0.6872711777687073,3353.603759765625,397.6747741699219,3446.08837890625,486.751708984375,3399.8460693359375,442.21324157714844,92.484619140625,89.07693481445312
IMG_0048.mp4,1878,62.6,30.0,438,2,traffic_signs,0.9000531435012817,2071.986083984375,853.206787109375,2318.8447265625,1259.968994140625,2195.4154052734375,1056.587890625,246.858642578125,406.76220703125
IMG_0048.mp4,1878,62.6,30.0,564,2,traffic_signs,0.708490788936615,3353.221435546875,397.0180969238281,3445.76220703125,486.416015625,3399.4918212890625,441.71705627441406,92.540771484375,89.39791870117188
IMG_0048.mp4,1879,62.63333333333333,30.0,438,2,traffic_signs,0.9080747961997986,2070.276611328125,853.107666015625,2316.62255859375,1260.2677001953125,2193.4495849609375,1056.6876831054688,246.345947265625,407.1600341796875
IMG_0048.mp4,1879,62.63333333333333,30.0,564,2,traffic_signs,0.7195955514907837,3353.667236328125,395.6345520019531,3446.767822265625,485.9826965332031,3400.217529296875,440.8086242675781,93.1005859375,90.34814453125
IMG_0048.mp4,1880,62.666666666666664,30.0,438,2,traffic_signs,0.9157971739768982,2067.53955078125,853.3648681640625,2314.46630859375,1260.322265625,2191.0029296875,1056.8435668945312,246.9267578125,406.9573974609375
IMG_0048.mp4,1880,62.666666666666664,30.0,564,2,traffic_signs,0.7363048791885376,3353.736572265625,395.0670471191406,3446.934814453125,485.23516845703125,3400.335693359375,440.15110778808594,93.1982421875,90.16812133789062
IMG_0048.mp4,1881,62.7,30.0,438,2,traffic_signs,0.9187532663345337,2064.239990234375,852.9293212890625,2312.185546875,1260.1251220703125,2188.2127685546875,1056.5272216796875,247.945556640625,407.19580078125
IMG_0048.mp4,1881,62.7,30.0,564,2,traffic_signs,0.7539165019989014,3352.938720703125,394.5501403808594,3445.56689453125,484.6732482910156,3399.2528076171875,439.6116943359375,92.628173828125,90.12310791015625
IMG_0048.mp4,1882,62.733333333333334,30.0,438,2,traffic_signs,0.9250599145889282,2063.576416015625,852.4473266601562,2310.769775390625,1258.9117431640625,2187.173095703125,1055.6795349121094,247.193359375,406.46441650390625
IMG_0048.mp4,1882,62.733333333333334,30.0,564,2,traffic_signs,0.7438607215881348,3353.960205078125,393.91827392578125,3446.319580078125,484.05401611328125,3400.139892578125,438.98614501953125,92.359375,90.1357421875
IMG_0048.mp4,1883,62.766666666666666,30.0,438,2,traffic_signs,0.929559588432312,2063.662109375,852.2340698242188,2309.6201171875,1258.214599609375,2186.64111328125,1055.2243347167969,245.9580078125,405.98052978515625
IMG_0048.mp4,1883,62.766666666666666,30.0,564,2,traffic_signs,0.7661288380622864,3353.927978515625,393.5609436035156,3446.534423828125,483.70660400390625,3400.231201171875,438.63377380371094,92.6064453125,90.14566040039062
IMG_0048.mp4,1884,62.8,30.0,438,2,traffic_signs,0.9317599534988403,2063.3505859375,851.5123901367188,2307.8310546875,1258.105224609375,2185.5908203125,1054.8088073730469,244.48046875,406.59283447265625
IMG_0048.mp4,1884,62.8,30.0,564,2,traffic_signs,0.7522758841514587,3353.853271484375,393.0066833496094,3446.04931640625,483.18194580078125,3399.9512939453125,438.0943145751953,92.196044921875,90.17526245117188
IMG_0048.mp4,1885,62.833333333333336,30.0,438,2,traffic_signs,0.9305504560470581,2062.7919921875,851.2437744140625,2307.49755859375,1258.2945556640625,2185.144775390625,1054.7691650390625,244.70556640625,407.05078125
IMG_0048.mp4,1885,62.833333333333336,30.0,564,2,traffic_signs,0.7609363794326782,3354.595703125,393.0456237792969,3447.405029296875,483.07244873046875,3401.0003662109375,438.0590362548828,92.809326171875,90.02682495117188
IMG_0048.mp4,1886,62.86666666666667,30.0,438,2,traffic_signs,0.9394514560699463,2060.977783203125,850.611328125,2306.008544921875,1258.327392578125,2183.4931640625,1054.4693603515625,245.03076171875,407.716064453125
IMG_0048.mp4,1886,62.86666666666667,30.0,564,2,traffic_signs,0.6904799938201904,3353.768798828125,393.4861755371094,3445.71240234375,482.9728698730469,3399.7406005859375,438.2295227050781,91.943603515625,89.4866943359375
IMG_0048.mp4,1887,62.9,30.0,438,2,traffic_signs,0.9513710737228394,2058.244140625,849.6171875,2304.15087890625,1257.320556640625,2181.197509765625,1053.4688720703125,245.90673828125,407.703369140625
IMG_0048.mp4,1887,62.9,30.0,564,2,traffic_signs,0.7326316237449646,3353.7744140625,393.21575927734375,3445.449462890625,482.24871826171875,3399.6119384765625,437.73223876953125,91.675048828125,89.032958984375
IMG_0048.mp4,1888,62.93333333333333,30.0,438,2,traffic_signs,0.7982357740402222,2056.21435546875,848.1744995117188,2303.05126953125,1256.01904296875,2179.6328125,1052.0967712402344,246.8369140625,407.84454345703125
IMG_0048.mp4,1888,62.93333333333333,30.0,564,2,traffic_signs,0.7511299252510071,3354.036376953125,392.8516540527344,3445.02978515625,482.0962219238281,3399.5330810546875,437.47393798828125,90.993408203125,89.24456787109375
IMG_0048.mp4,1889,62.96666666666667,30.0,438,2,traffic_signs,0.9168074131011963,2054.611083984375,846.8184814453125,2300.98486328125,1254.3775634765625,2177.7979736328125,1050.5980224609375,246.373779296875,407.55908203125
IMG_0048.mp4,1889,62.96666666666667,30.0,564,2,traffic_signs,0.7294203639030457,3352.98681640625,392.6046447753906,3443.716796875,481.5244445800781,3398.351806640625,437.0645446777344,90.72998046875,88.9197998046875
IMG_0048.mp4,1890,63.0,30.0,438,2,traffic_signs,0.914300262928009,2054.1953125,846.0523071289062,2299.488037109375,1253.6456298828125,2176.8416748046875,1049.8489685058594,245.292724609375,407.59332275390625
IMG_0048.mp4,1890,63.0,30.0,564,2,traffic_signs,0.7240226864814758,3353.90478515625,392.4552917480469,3444.555419921875,480.9963684082031,3399.2301025390625,436.725830078125,90.650634765625,88.54107666015625
IMG_0048.mp4,1891,63.03333333333333,30.0,438,2,traffic_signs,0.9122546315193176,2053.14306640625,845.6746826171875,2298.32177734375,1253.6654052734375,2175.732421875,1049.6700439453125,245.1787109375,407.99072265625
IMG_0048.mp4,1891,63.03333333333333,30.0,564,2,traffic_signs,0.73396235704422,3353.047607421875,392.85821533203125,3443.77392578125,481.3808288574219,3398.4107666015625,437.11952209472656,90.726318359375,88.52261352539062
IMG_0048.mp4,1892,63.06666666666667,30.0,438,2,traffic_signs,0.9193379878997803,2051.571533203125,845.23828125,2295.869384765625,1253.5047607421875,2173.720458984375,1049.3715209960938,244.2978515625,408.2664794921875
IMG_0048.mp4,1892,63.06666666666667,30.0,564,2,traffic_signs,0.7095701098442078,3352.4658203125,392.665771484375,3443.2431640625,481.335693359375,3397.8544921875,437.000732421875,90.77734375,88.669921875
IMG_0048.mp4,1893,63.1,30.0,438,2,traffic_signs,0.9204773306846619,2051.234130859375,844.56103515625,2295.33349609375,1253.2515869140625,2173.2838134765625,1048.9063110351562,244.099365234375,408.6905517578125
IMG_0048.mp4,1893,63.1,30.0,564,2,traffic_signs,0.7319666147232056,3353.028564453125,392.153076171875,3444.310546875,480.5169982910156,3398.6695556640625,436.3350372314453,91.281982421875,88.36392211914062
IMG_0048.mp4,1894,63.13333333333333,30.0,438,2,traffic_signs,0.9211682081222534,2050.162841796875,844.2298583984375,2293.565673828125,1251.929931640625,2171.8642578125,1048.0798950195312,243.40283203125,407.7000732421875
IMG_0048.mp4,1894,63.13333333333333,30.0,564,2,traffic_signs,0.7077907919883728,3351.73291015625,391.5041809082031,3442.679443359375,480.1083679199219,3397.2061767578125,435.8062744140625,90.946533203125,88.60418701171875
IMG_0048.mp4,1895,63.166666666666664,30.0,438,2,traffic_signs,0.9138509631156921,2049.7470703125,842.571533203125,2292.6826171875,1252.2034912109375,2171.21484375,1047.3875122070312,242.935546875,409.6319580078125
IMG_0048.mp4,1895,63.166666666666664,30.0,564,2,traffic_signs,0.7046986222267151,3352.173095703125,390.7872009277344,3442.970458984375,479.3693542480469,3397.57177734375,435.0782775878906,90.79736328125,88.5821533203125
IMG_0048.mp4,1896,63.2,30.0,438,2,traffic_signs,0.9180358052253723,2048.763427734375,841.9177856445312,2291.990966796875,1252.314697265625,2170.377197265625,1047.1162414550781,243.2275390625,410.39691162109375
IMG_0048.mp4,1896,63.2,30.0,564,2,traffic_signs,0.7184292674064636,3352.588134765625,390.62738037109375,3443.317626953125,479.1888122558594,3397.952880859375,434.90809631347656,90.7294921875,88.56143188476562
IMG_0048.mp4,1897,63.233333333333334,30.0,438,2,traffic_signs,0.9130656719207764,2045.5682373046875,842.4816284179688,2290.086669921875,1251.89697265625,2167.8274536132812,1047.1893005371094,244.5184326171875,409.41534423828125
IMG_0048.mp4,1897,63.233333333333334,30.0,564,2,traffic_signs,0.6794319748878479,3351.761474609375,390.65411376953125,3442.139892578125,479.5092468261719,3396.95068359375,435.08168029785156,90.37841796875,88.85513305664062
IMG_0048.mp4,1898,63.266666666666666,30.0,438,2,traffic_signs,0.9163689613342285,2043.3916015625,842.4320678710938,2289.2099609375,1251.095703125,2166.30078125,1046.7638854980469,245.818359375,408.66363525390625
IMG_0048.mp4,1898,63.266666666666666,30.0,564,2,traffic_signs,0.6772310137748718,3352.2373046875,390.354248046875,3442.443359375,478.56170654296875,3397.34033203125,434.4579772949219,90.2060546875,88.20745849609375
IMG_0048.mp4,1899,63.3,30.0,438,2,traffic_signs,0.9190497398376465,2041.7230224609375,842.0437622070312,2287.095947265625,1250.0140380859375,2164.4094848632812,1046.0289001464844,245.3729248046875,407.97027587890625
IMG_0048.mp4,1899,63.3,30.0,564,2,traffic_signs,0.6245507001876831,3350.978271484375,390.673583984375,3440.976318359375,478.51708984375,3395.977294921875,434.5953369140625,89.998046875,87.843505859375
IMG_0048.mp4,1900,63.333333333333336,30.0,438,2,traffic_signs,0.9317942261695862,2040.0634765625,841.8818359375,2284.914794921875,1248.9224853515625,2162.4891357421875,1045.4021606445312,244.851318359375,407.0406494140625
IMG_0048.mp4,1900,63.333333333333336,30.0,564,2,traffic_signs,0.6148805618286133,3350.2216796875,390.1512756347656,3440.4296875,477.7932434082031,3395.32568359375,433.9722595214844,90.2080078125,87.6419677734375
IMG_0048.mp4,1901,63.36666666666667,30.0,438,2,traffic_signs,0.9311305284500122,2038.9683837890625,841.623046875,2284.26904296875,1248.767333984375,2161.6187133789062,1045.1951904296875,245.3006591796875,407.144287109375
IMG_0048.mp4,1901,63.36666666666667,30.0,564,2,traffic_signs,0.6039115190505981,3350.583984375,389.817626953125,3440.9052734375,477.2422790527344,3395.74462890625,433.5299530029297,90.3212890625,87.42465209960938
IMG_0048.mp4,1902,63.4,30.0,438,2,traffic_signs,0.932815670967102,2037.7222900390625,841.400146484375,2282.413330078125,1247.4998779296875,2160.0678100585938,1044.4500122070312,244.6910400390625,406.0997314453125
IMG_0048.mp4,1902,63.4,30.0,564,2,traffic_signs,0.6342196464538574,3349.557373046875,389.873291015625,3439.76904296875,477.12518310546875,3394.6632080078125,433.4992370605469,90.211669921875,87.25189208984375
IMG_0048.mp4,1903,63.43333333333333,30.0,438,2,traffic_signs,0.9320600032806396,2036.43017578125,840.6873779296875,2281.543701171875,1246.7901611328125,2158.9869384765625,1043.73876953125,245.113525390625,406.102783203125
IMG_0048.mp4,1903,63.43333333333333,30.0,564,2,traffic_signs,0.6373096704483032,3350.16259765625,389.2326354980469,3440.45947265625,476.8079833984375,3395.31103515625,433.0203094482422,90.296875,87.57534790039062
IMG_0048.mp4,1904,63.46666666666667,30.0,438,2,traffic_signs,0.9318714737892151,2035.4686279296875,840.1392822265625,2280.515380859375,1246.534912109375,2157.9920043945312,1043.3370971679688,245.0467529296875,406.3956298828125
IMG_0048.mp4,1904,63.46666666666667,30.0,564,2,traffic_signs,0.6176135540008545,3350.061279296875,388.99835205078125,3440.36669921875,476.6883239746094,3395.2139892578125,432.8433380126953,90.305419921875,87.68997192382812
IMG_0048.mp4,1904,63.46666666666667,30.0,591,2,traffic_signs,0.5575432777404785,617.6441040039062,1434.1343994140625,655.4187622070312,1479.7369384765625,636.5314331054688,1456.9356689453125,37.774658203125,45.6025390625
IMG_0048.mp4,1905,63.5,30.0,438,2,traffic_signs,0.9355242252349854,2032.650634765625,839.5933837890625,2279.000244140625,1245.7349853515625,2155.825439453125,1042.6641845703125,246.349609375,406.1416015625
IMG_0048.mp4,1905,63.5,30.0,564,2,traffic_signs,0.6547207236289978,3348.861328125,388.66278076171875,3439.372314453125,476.5740051269531,3394.1168212890625,432.61839294433594,90.510986328125,87.91122436523438
IMG_0048.mp4,1905,63.5,30.0,591,2,traffic_signs,0.3365359902381897,616.4677734375,1434.38330078125,653.4552001953125,1480.6431884765625,634.9614868164062,1457.5132446289062,36.9874267578125,46.2598876953125
IMG_0048.mp4,1906,63.53333333333333,30.0,438,2,traffic_signs,0.9252986907958984,2032.107177734375,839.1023559570312,2279.134033203125,1245.9825439453125,2155.62060546875,1042.5424499511719,247.02685546875,406.88018798828125
IMG_0048.mp4,1906,63.53333333333333,30.0,564,2,traffic_signs,0.6755357980728149,3349.22021484375,388.04779052734375,3439.956787109375,475.9430847167969,3394.5885009765625,431.9954376220703,90.736572265625,87.89529418945312
IMG_0048.mp4,1907,63.56666666666667,30.0,438,2,traffic_signs,0.9194866418838501,2030.6063232421875,838.0626220703125,2278.87939453125,1246.5408935546875,2154.7428588867188,1042.3017578125,248.2730712890625,408.478271484375
IMG_0048.mp4,1907,63.56666666666667,30.0,564,2,traffic_signs,0.6448753476142883,3348.430908203125,387.8387756347656,3438.828125,475.4178771972656,3393.6295166015625,431.6283264160156,90.397216796875,87.5791015625
IMG_0048.mp4,1908,63.6,30.0,438,2,traffic_signs,0.9246705174446106,2029.0877685546875,837.6629638671875,2277.693115234375,1246.0081787109375,2153.3904418945312,1041.8355712890625,248.6053466796875,408.34521484375
IMG_0048.mp4,1908,63.6,30.0,564,2,traffic_signs,0.5997236967086792,3348.507080078125,387.24603271484375,3438.949951171875,474.9447937011719,3393.728515625,431.0954132080078,90.44287109375,87.69876098632812
IMG_0048.mp4,1909,63.63333333333333,30.0,438,2,traffic_signs,0.9217682480812073,2028.1414794921875,836.8780517578125,2276.469482421875,1246.29150390625,2152.3054809570312,1041.5847778320312,248.3280029296875,409.4134521484375
IMG_0048.mp4,1909,63.63333333333333,30.0,564,2,traffic_signs,0.5853587985038757,3349.015380859375,386.8656921386719,3439.34130859375,474.7717590332031,3394.1783447265625,430.8187255859375,90.325927734375,87.90606689453125
IMG_0048.mp4,1909,63.63333333333333,30.0,592,2,traffic_signs,0.40074536204338074,2323.080322265625,402.6358337402344,2402.6865234375,921.1539306640625,2362.8834228515625,661.8948822021484,79.606201171875,518.5180969238281
IMG_0048.mp4,1910,63.666666666666664,30.0,438,2,traffic_signs,0.9234528541564941,2026.94287109375,836.3123168945312,2274.023681640625,1246.4068603515625,2150.4832763671875,1041.3595886230469,247.080810546875,410.09454345703125
IMG_0048.mp4,1910,63.666666666666664,30.0,564,2,traffic_signs,0.6005421280860901,3347.533935546875,386.8775939941406,3438.18115234375,474.92803955078125,3392.8575439453125,430.90281677246094,90.647216796875,88.05044555664062
IMG_0048.mp4,1910,63.666666666666664,30.0,592,2,traffic_signs,0.4695049226284027,2321.453369140625,401.16253662109375,2402.22119140625,912.4849243164062,2361.8372802734375,656.82373046875,80.767822265625,511.3223876953125
IMG_0048.mp4,1911,63.7,30.0,438,2,traffic_signs,0.9202737212181091,2027.177490234375,834.9700927734375,2272.30859375,1246.728759765625,2149.7430419921875,1040.8494262695312,245.131103515625,411.7586669921875
IMG_0048.mp4,1911,63.7,30.0,564,2,traffic_signs,0.6061456203460693,3347.45556640625,386.53460693359375,3438.41943359375,474.3274841308594,3392.9375,430.43104553222656,90.9638671875,87.79287719726562
IMG_0048.mp4,1911,63.7,30.0,592,2,traffic_signs,0.37616705894470215,2320.605712890625,401.9422912597656,2401.410888671875,916.4802856445312,2361.00830078125,659.2112884521484,80.80517578125,514.5379943847656
IMG_0048.mp4,1912,63.733333333333334,30.0,438,2,traffic_signs,0.9171754717826843,2027.082275390625,833.7518920898438,2271.243896484375,1246.9117431640625,2149.1630859375,1040.3318176269531,244.16162109375,413.15985107421875
IMG_0048.mp4,1912,63.733333333333334,30.0,564,2,traffic_signs,0.6162874698638916,3347.68701171875,386.4639587402344,3438.484619140625,474.2964782714844,3393.0858154296875,430.3802185058594,90.797607421875,87.83251953125
IMG_0048.mp4,1912,63.733333333333334,30.0,592,2,traffic_signs,0.33476847410202026,2320.503662109375,401.8724670410156,2400.17919921875,916.7510375976562,2360.3414306640625,659.3117523193359,79.675537109375,514.8785705566406
IMG_0048.mp4,1913,63.766666666666666,30.0,438,2,traffic_signs,0.9135216474533081,2026.7564697265625,832.9268188476562,2268.544921875,1246.8837890625,2147.6506958007812,1039.9053039550781,241.7884521484375,413.95697021484375
IMG_0048.mp4,1913,63.766666666666666,30.0,564,2,traffic_signs,0.5930383205413818,3346.5087890625,386.70758056640625,3437.2197265625,474.38934326171875,3391.8642578125,430.5484619140625,90.7109375,87.6817626953125
IMG_0048.mp4,1913,63.766666666666666,30.0,592,2,traffic_signs,0.5133040547370911,2318.123291015625,403.4567565917969,2399.691162109375,917.2579345703125,2358.9072265625,660.3573455810547,81.56787109375,513.8011779785156
IMG_0048.mp4,1914,63.8,30.0,438,2,traffic_signs,0.9102846384048462,2026.8841552734375,832.9415893554688,2267.491943359375,1246.0782470703125,2147.1880493164062,1039.5099182128906,240.6077880859375,413.13665771484375
IMG_0048.mp4,1914,63.8,30.0,564,2,traffic_signs,0.6364040970802307,3347.363525390625,386.47747802734375,3438.0498046875,474.2149658203125,3392.7066650390625,430.3462219238281,90.686279296875,87.73748779296875
IMG_0048.mp4,1914,63.8,30.0,592,2,traffic_signs,0.5393936038017273,2316.1689453125,401.2829284667969,2399.114013671875,918.3076782226562,2357.6414794921875,659.7953033447266,82.945068359375,517.0247497558594
IMG_0048.mp4,1915,63.833333333333336,30.0,438,2,traffic_signs,0.9208233952522278,2026.1260986328125,833.1007690429688,2267.16748046875,1245.9915771484375,2146.6467895507812,1039.5461730957031,241.0413818359375,412.89080810546875
IMG_0048.mp4,1915,63.833333333333336,30.0,564,2,traffic_signs,0.5384232401847839,3347.49560546875,386.9744567871094,3438.139404296875,474.3786315917969,3392.8175048828125,430.6765441894531,90.643798828125,87.4041748046875
IMG_0048.mp4,1915,63.833333333333336,30.0,592,2,traffic_signs,0.4273921549320221,2315.7734375,400.108154296875,2399.061767578125,916.84423828125,2357.4176025390625,658.4761962890625,83.288330078125,516.736083984375
IMG_0048.mp4,1916,63.86666666666667,30.0,438,2,traffic_signs,0.9216888546943665,2025.021484375,832.6932983398438,2265.895751953125,1246.32763671875,2145.4586181640625,1039.5104675292969,240.874267578125,413.63433837890625
IMG_0048.mp4,1916,63.86666666666667,30.0,564,2,traffic_signs,0.546610951423645,3347.1953125,386.6620788574219,3437.77490234375,474.4164123535156,3392.485107421875,430.53924560546875,90.57958984375,87.75433349609375
IMG_0048.mp4,1916,63.86666666666667,30.0,592,2,traffic_signs,0.4150184094905853,2315.1923828125,401.2210998535156,2398.290771484375,912.466064453125,2356.7415771484375,656.8435821533203,83.098388671875,511.2449645996094
IMG_0048.mp4,1917,63.9,30.0,438,2,traffic_signs,0.9240193367004395,2024.21337890625,832.2149047851562,2265.572265625,1246.69482421875,2144.892822265625,1039.4548645019531,241.35888671875,414.47991943359375
IMG_0048.mp4,1917,63.9,30.0,564,2,traffic_signs,0.6120340824127197,3347.579833984375,386.34515380859375,3438.451904296875,474.3096008300781,3393.015869140625,430.32737731933594,90.8720703125,87.96444702148438
IMG_0048.mp4,1917,63.9,30.0,592,2,traffic_signs,0.4727484881877899,2315.082275390625,398.46502685546875,2398.778564453125,908.5549926757812,2356.930419921875,653.510009765625,83.6962890625,510.0899658203125
IMG_0048.mp4,1918,63.93333333333333,30.0,438,2,traffic_signs,0.9265608787536621,2022.22705078125,831.523681640625,2264.3701171875,1246.6739501953125,2143.298583984375,1039.0988159179688,242.14306640625,415.1502685546875
IMG_0048.mp4,1918,63.93333333333333,30.0,564,2,traffic_signs,0.5601006150245667,3346.274169921875,386.89996337890625,3437.283447265625,474.650146484375,3391.77880859375,430.7750549316406,91.00927734375,87.75018310546875
IMG_0048.mp4,1919,63.96666666666667,30.0,438,2,traffic_signs,0.9317269325256348,2020.9893798828125,830.846435546875,2263.0361328125,1245.5745849609375,2142.0127563476562,1038.2105102539062,242.0467529296875,414.7281494140625
IMG_0048.mp4,1919,63.96666666666667,30.0,564,2,traffic_signs,0.5773832201957703,3346.37060546875,386.57696533203125,3437.45458984375,474.39715576171875,3391.91259765625,430.487060546875,91.083984375,87.8201904296875
IMG_0048.mp4,1920,64.0,30.0,438,2,traffic_signs,0.9292311072349548,2020.7303466796875,830.3450317382812,2262.556884765625,1245.295654296875,2141.6436157226562,1037.8203430175781,241.8265380859375,414.95062255859375
IMG_0048.mp4,1920,64.0,30.0,564,2,traffic_signs,0.6841579079627991,3346.987060546875,386.26739501953125,3437.887451171875,474.1300354003906,3392.437255859375,430.19871520996094,90.900390625,87.86264038085938
IMG_0048.mp4,1921,64.03333333333333,30.0,438,2,traffic_signs,0.9357232451438904,2019.5345458984375,830.5147705078125,2261.299072265625,1244.908935546875,2140.4168090820312,1037.7118530273438,241.7645263671875,414.3941650390625
IMG_0048.mp4,1921,64.03333333333333,30.0,564,2,traffic_signs,0.6024700403213501,3345.8720703125,386.6220397949219,3436.824951171875,474.3000183105469,3391.3485107421875,430.4610290527344,90.952880859375,87.677978515625
IMG_0048.mp4,1922,64.06666666666666,30.0,438,2,traffic_signs,0.9385533928871155,2019.174560546875,830.341796875,2260.8466796875,1244.89404296875,2140.0106201171875,1037.617919921875,241.672119140625,414.55224609375
IMG_0048.mp4,1922,64.06666666666666,30.0,564,2,traffic_signs,0.6930389404296875,3346.518310546875,386.1520080566406,3437.3828125,474.02911376953125,3391.9505615234375,430.09056091308594,90.864501953125,87.87710571289062
IMG_0048.mp4,1923,64.1,30.0,438,2,traffic_signs,0.9371243715286255,2018.86376953125,830.3733520507812,2260.560546875,1244.162841796875,2139.712158203125,1037.2680969238281,241.69677734375,413.78948974609375
IMG_0048.mp4,1923,64.1,30.0,564,2,traffic_signs,0.6207596659660339,3346.55322265625,386.191162109375,3437.437744140625,474.07904052734375,3391.9954833984375,430.1351013183594,90.884521484375,87.88787841796875
IMG_0048.mp4,1924,64.13333333333334,30.0,438,2,traffic_signs,0.9411889314651489,2017.2677001953125,830.2860717773438,2259.8779296875,1243.4461669921875,2138.5728149414062,1036.8661193847656,242.6102294921875,413.16009521484375
IMG_0048.mp4,1924,64.13333333333334,30.0,564,2,traffic_signs,0.6121901273727417,3346.313720703125,386.21820068359375,3437.044189453125,474.0390930175781,3391.678955078125,430.12864685058594,90.73046875,87.82089233398438
IMG_0048.mp4,1925,64.16666666666667,30.0,438,2,traffic_signs,0.9397898316383362,2017.288818359375,830.0589599609375,2259.734130859375,1243.423095703125,2138.511474609375,1036.7410278320312,242.4453125,413.3641357421875
IMG_0048.mp4,1925,64.16666666666667,30.0,564,2,traffic_signs,0.643187940120697,3347.073974609375,385.85552978515625,3437.739990234375,473.7664489746094,3392.406982421875,429.8109893798828,90.666015625,87.91091918945312
IMG_0048.mp4,1925,64.16666666666667,30.0,596,2,traffic_signs,0.3207511603832245,1374.59814453125,1431.064208984375,1403.82861328125,1462.0062255859375,1389.21337890625,1446.5352172851562,29.23046875,30.9420166015625
IMG_0048.mp4,1926,64.2,30.0,438,2,traffic_signs,0.939647376537323,2017.068359375,829.6240234375,2259.148681640625,1243.8641357421875,2138.1085205078125,1036.7440795898438,242.080322265625,414.2401123046875
IMG_0048.mp4,1926,64.2,30.0,564,2,traffic_signs,0.6546414494514465,3347.06201171875,385.74041748046875,3437.393310546875,473.7256164550781,3392.2276611328125,429.73301696777344,90.331298828125,87.98519897460938
IMG_0048.mp4,1927,64.23333333333333,30.0,438,2,traffic_signs,0.9383144378662109,2016.4151611328125,829.5028686523438,2258.459716796875,1244.5247802734375,2137.4374389648438,1037.0138244628906,242.0445556640625,415.02191162109375
IMG_0048.mp4,1927,64.23333333333333,30.0,564,2,traffic_signs,0.7441624402999878,3347.313232421875,385.46954345703125,3437.881591796875,473.3188171386719,3392.597412109375,429.39418029785156,90.568359375,87.84927368164062
IMG_0048.mp4,1928,64.26666666666667,30.0,438,2,traffic_signs,0.9376985430717468,2016.0615234375,830.512939453125,2258.6630859375,1244.307861328125,2137.3623046875,1037.410400390625,242.6015625,413.794921875
IMG_0048.mp4,1928,64.26666666666667,30.0,564,2,traffic_signs,0.7949548363685608,3348.27197265625,386.22998046875,3438.409423828125,473.57135009765625,3393.3406982421875,429.9006652832031,90.137451171875,87.34136962890625
IMG_0048.mp4,1930,64.33333333333333,30.0,438,2,traffic_signs,0.4742903411388397,2010.5283203125,828.6726684570312,2256.212646484375,1228.7423095703125,2133.3704833984375,1028.7074890136719,245.684326171875,400.06964111328125
IMG_0048.mp4,1931,64.36666666666666,30.0,438,2,traffic_signs,0.5108238458633423,2009.315673828125,828.7705688476562,2255.887451171875,1225.8818359375,2132.6015625,1027.3262023925781,246.57177734375,397.11126708984375
IMG_0048.mp4,1932,64.4,30.0,438,2,traffic_signs,0.5623676776885986,2007.915283203125,828.9008178710938,2255.160400390625,1224.5966796875,2131.537841796875,1026.7487487792969,247.2451171875,395.69586181640625
IMG_0048.mp4,1933,64.43333333333334,30.0,438,2,traffic_signs,0.6002389192581177,2008.45361328125,829.0557250976562,2255.571044921875,1223.4571533203125,2132.0123291015625,1026.2564392089844,247.117431640625,394.40142822265625
IMG_0048.mp4,1934,64.46666666666667,30.0,438,2,traffic_signs,0.5689953565597534,2009.13232421875,829.21826171875,2255.998291015625,1223.8165283203125,2132.5653076171875,1026.5173950195312,246.865966796875,394.5982666015625
IMG_0048.mp4,1935,64.5,30.0,438,2,traffic_signs,0.6223474740982056,2008.754150390625,829.534912109375,2255.667236328125,1221.653564453125,2132.210693359375,1025.59423828125,246.9130859375,392.11865234375
IMG_0048.mp4,1936,64.53333333333333,30.0,438,2,traffic_signs,0.5724639296531677,2009.0361328125,829.5982055664062,2256.333984375,1220.1162109375,2132.68505859375,1024.8572082519531,247.2978515625,390.51800537109375
IMG_0048.mp4,1937,64.56666666666666,30.0,438,2,traffic_signs,0.6038613319396973,2008.6983642578125,829.710693359375,2256.109619140625,1218.740966796875,2132.4039916992188,1024.225830078125,247.4112548828125,389.0302734375
IMG_0048.mp4,1938,64.6,30.0,438,2,traffic_signs,0.6053231954574585,2008.637939453125,829.6854248046875,2255.976806640625,1219.077392578125,2132.307373046875,1024.3814086914062,247.3388671875,389.3919677734375
IMG_0048.mp4,1939,64.63333333333334,30.0,438,2,traffic_signs,0.6086551547050476,2008.578857421875,829.8040771484375,2255.954833984375,1219.765625,2132.266845703125,1024.7848510742188,247.3759765625,389.9615478515625
IMG_0048.mp4,1940,64.66666666666667,30.0,438,2,traffic_signs,0.6372643113136292,2008.485595703125,829.765869140625,2255.84912109375,1220.437744140625,2132.1673583984375,1025.101806640625,247.363525390625,390.671875
IMG_0048.mp4,1941,64.7,30.0,438,2,traffic_signs,0.6550085544586182,2008.558837890625,829.6926879882812,2256.257080078125,1219.9818115234375,2132.407958984375,1024.8372497558594,247.6982421875,390.28912353515625
IMG_0048.mp4,1942,64.73333333333333,30.0,438,2,traffic_signs,0.6581562161445618,2008.443603515625,829.9148559570312,2256.350341796875,1221.0657958984375,2132.39697265625,1025.4903259277344,247.90673828125,391.15093994140625
IMG_0048.mp4,1943,64.76666666666667,30.0,438,2,traffic_signs,0.6597402691841125,2008.302978515625,829.6202392578125,2256.402099609375,1221.092041015625,2132.3525390625,1025.3561401367188,248.09912109375,391.4718017578125
IMG_0048.mp4,1944,64.8,30.0,438,2,traffic_signs,0.6980973482131958,2008.4068603515625,829.7408447265625,2256.98291015625,1220.59521484375,2132.6948852539062,1025.1680297851562,248.5760498046875,390.8543701171875
IMG_0048.mp4,1945,64.83333333333333,30.0,438,2,traffic_signs,0.6373723149299622,2008.4267578125,829.7849731445312,2256.883056640625,1222.5556640625,2132.6549072265625,1026.1703186035156,248.456298828125,392.77069091796875
IMG_0048.mp4,1946,64.86666666666666,30.0,438,2,traffic_signs,0.6237619519233704,2008.2281494140625,829.8057250976562,2256.848388671875,1223.5982666015625,2132.5382690429688,1026.7019958496094,248.6202392578125,393.79254150390625
IMG_0048.mp4,1953,65.1,30.0,438,2,traffic_signs,0.3037734627723694,2008.889404296875,830.2233276367188,2257.796142578125,1227.3543701171875,2133.3427734375,1028.7888488769531,248.90673828125,397.13104248046875
IMG_0048.mp4,1954,65.13333333333334,30.0,438,2,traffic_signs,0.3236445188522339,2008.9512939453125,829.6708374023438,2257.928955078125,1227.6533203125,2133.4401245117188,1028.6620788574219,248.9776611328125,397.98248291015625
IMG_0050.mp4,0,0.0,29.97002997002997,1,2,traffic_signs,0.9344937205314636,2406.264404296875,1377.7684326171875,2464.928466796875,1442.1773681640625,2435.596435546875,1409.972900390625,58.6640625,64.408935546875
IMG_0050.mp4,1,0.03336666666666667,29.97002997002997,1,2,traffic_signs,0.9361702799797058,2405.71728515625,1377.703125,2464.5380859375,1442.323486328125,2435.127685546875,1410.0133056640625,58.82080078125,64.620361328125
IMG_0050.mp4,2,0.06673333333333334,29.97002997002997,1,2,traffic_signs,0.9315199255943298,2406.056884765625,1377.6121826171875,2465.6123046875,1442.766357421875,2435.8345947265625,1410.1892700195312,59.555419921875,65.1541748046875
IMG_0050.mp4,3,0.10010000000000001,29.97002997002997,1,2,traffic_signs,0.9339718222618103,2405.30078125,1377.601806640625,2465.05029296875,1442.4757080078125,2435.175537109375,1410.0387573242188,59.74951171875,64.8739013671875
IMG_0050.mp4,4,0.13346666666666668,29.97002997002997,1,2,traffic_signs,0.9327620267868042,2405.35205078125,1377.6015625,2465.10888671875,1442.390869140625,2435.23046875,1409.9962158203125,59.7568359375,64.789306640625
IMG_0050.mp4,5,0.16683333333333333,29.97002997002997,1,2,traffic_signs,0.9299023151397705,2405.40478515625,1377.7265625,2465.409423828125,1442.7757568359375,2435.4071044921875,1410.2511596679688,60.004638671875,65.0491943359375
IMG_0050.mp4,6,0.20020000000000002,29.97002997002997,1,2,traffic_signs,0.9289284944534302,2404.8388671875,1377.772216796875,2464.683349609375,1442.8387451171875,2434.7611083984375,1410.3054809570312,59.844482421875,65.0665283203125
IMG_0050.mp4,7,0.23356666666666667,29.97002997002997,1,2,traffic_signs,0.9293960332870483,2405.144287109375,1377.849609375,2465.02294921875,1442.87646484375,2435.0836181640625,1410.363037109375,59.878662109375,65.02685546875
IMG_0050.mp4,8,0.26693333333333336,29.97002997002997,1,2,traffic_signs,0.9295738935470581,2404.958984375,1377.8538818359375,2464.67578125,1443.023681640625,2434.8173828125,1410.4387817382812,59.716796875,65.1697998046875
IMG_0050.mp4,9,0.3003,29.97002997002997,1,2,traffic_signs,0.9310005307197571,2404.57177734375,1377.95361328125,2463.888671875,1443.611572265625,2434.230224609375,1410.7825927734375,59.31689453125,65.657958984375
IMG_0050.mp4,10,0.33366666666666667,29.97002997002997,1,2,traffic_signs,0.9262125492095947,2405.250244140625,1378.599853515625,2464.3271484375,1444.3851318359375,2434.7886962890625,1411.4924926757812,59.076904296875,65.7852783203125
IMG_0050.mp4,11,0.3670333333333333,29.97002997002997,1,2,traffic_signs,0.9290866255760193,2404.500244140625,1378.7591552734375,2463.36865234375,1444.1607666015625,2433.9344482421875,1411.4599609375,58.868408203125,65.401611328125
IMG_0050.mp4,12,0.40040000000000003,29.97002997002997,1,2,traffic_signs,0.9252776503562927,2405.2236328125,1378.958740234375,2463.743896484375,1444.2078857421875,2434.4837646484375,1411.5833129882812,58.520263671875,65.2491455078125
IMG_0050.mp4,13,0.4337666666666667,29.97002997002997,1,2,traffic_signs,0.9259822964668274,2405.27783203125,1379.2513427734375,2463.7060546875,1444.6104736328125,2434.491943359375,1411.930908203125,58.42822265625,65.359130859375
IMG_0050.mp4,14,0.46713333333333334,29.97002997002997,1,2,traffic_signs,0.9285873174667358,2404.980712890625,1379.445556640625,2462.730712890625,1444.5361328125,2433.855712890625,1411.9908447265625,57.75,65.090576171875
IMG_0050.mp4,15,0.5005000000000001,29.97002997002997,1,2,traffic_signs,0.9275153279304504,2405.25537109375,1379.848876953125,2463.25390625,1445.3343505859375,2434.254638671875,1412.5916137695312,57.99853515625,65.4854736328125
IMG_0050.mp4,16,0.5338666666666667,29.97002997002997,1,2,traffic_signs,0.9294838905334473,2404.5498046875,1380.2713623046875,2462.720703125,1445.467529296875,2433.63525390625,1412.8694458007812,58.1708984375,65.1961669921875
IMG_0050.mp4,17,0.5672333333333334,29.97002997002997,1,2,traffic_signs,0.9318872094154358,2403.58056640625,1380.12841796875,2462.156494140625,1445.3994140625,2432.8685302734375,1412.763916015625,58.575927734375,65.27099609375
IMG_0050.mp4,18,0.6006,29.97002997002997,1,2,traffic_signs,0.9302937984466553,2403.68017578125,1380.2603759765625,2462.571533203125,1445.679931640625,2433.1258544921875,1412.9701538085938,58.891357421875,65.4195556640625
IMG_0050.mp4,19,0.6339666666666667,29.97002997002997,1,2,traffic_signs,0.9310911297798157,2403.848388671875,1380.4755859375,2462.625,1446.076904296875,2433.2366943359375,1413.2762451171875,58.776611328125,65.601318359375
IMG_0050.mp4,20,0.6673333333333333,29.97002997002997,1,2,traffic_signs,0.9163379073143005,2402.227783203125,1383.3128662109375,2460.788330078125,1447.74853515625,2431.508056640625,1415.5307006835938,58.560546875,64.4356689453125
IMG_0050.mp4,21,0.7007,29.97002997002997,1,2,traffic_signs,0.9076330661773682,2403.312744140625,1384.5439453125,2462.39453125,1448.774169921875,2432.8536376953125,1416.6590576171875,59.081787109375,64.230224609375
IMG_0050.mp4,22,0.7340666666666666,29.97002997002997,1,2,traffic_signs,0.4598861634731293,2398.91162109375,1383.5645751953125,2458.29248046875,1447.941650390625,2428.60205078125,1415.7531127929688,59.380859375,64.3770751953125
IMG_0050.mp4,23,0.7674333333333333,29.97002997002997,1,2,traffic_signs,0.9162894487380981,2401.40771484375,1384.7490234375,2461.525634765625,1448.4462890625,2431.4666748046875,1416.59765625,60.117919921875,63.697265625
IMG_0050.mp4,24,0.8008000000000001,29.97002997002997,1,2,traffic_signs,0.916824460029602,2398.85205078125,1387.2205810546875,2458.186767578125,1450.5382080078125,2428.5194091796875,1418.87939453125,59.334716796875,63.317626953125
IMG_0050.mp4,25,0.8341666666666667,29.97002997002997,1,2,traffic_signs,0.9129475951194763,2397.92724609375,1388.6192626953125,2456.647705078125,1452.1190185546875,2427.2874755859375,1420.369140625,58.720458984375,63.499755859375
IMG_0050.mp4,26,0.8675333333333334,29.97002997002997,1,2,traffic_signs,0.9128449559211731,2397.99951171875,1389.0048828125,2456.265869140625,1452.57861328125,2427.1326904296875,1420.791748046875,58.266357421875,63.57373046875
IMG_0050.mp4,27,0.9009,29.97002997002997,1,2,traffic_signs,0.7373166680335999,2394.964599609375,1388.1160888671875,2453.85009765625,1451.5665283203125,2424.4073486328125,1419.84130859375,58.885498046875,63.450439453125
IMG_0050.mp4,28,0.9342666666666667,29.97002997002997,1,2,traffic_signs,0.40770837664604187,2395.289306640625,1389.191650390625,2454.528076171875,1452.8131103515625,2424.90869140625,1421.0023803710938,59.23876953125,63.6214599609375
IMG_0050.mp4,29,0.9676333333333333,29.97002997002997,1,2,traffic_signs,0.9058237075805664,2392.67626953125,1389.80810546875,2451.888671875,1453.602294921875,2422.282470703125,1421.7052001953125,59.21240234375,63.794189453125
IMG_0050.mp4,30,1.0010000000000001,29.97002997002997,1,2,traffic_signs,0.904145359992981,2392.660888671875,1390.4296875,2451.55859375,1453.9093017578125,2422.1097412109375,1422.1694946289062,58.897705078125,63.4796142578125
IMG_0050.mp4,31,1.0343666666666667,29.97002997002997,1,2,traffic_signs,0.9123958945274353,2391.01025390625,1388.86474609375,2449.32861328125,1452.694091796875,2420.16943359375,1420.7794189453125,58.318359375,63.829345703125
IMG_0050.mp4,32,1.0677333333333334,29.97002997002997,1,2,traffic_signs,0.9136108756065369,2390.261474609375,1388.028564453125,2448.2958984375,1452.5987548828125,2419.2786865234375,1420.3136596679688,58.034423828125,64.5701904296875
IMG_0050.mp4,33,1.1011,29.97002997002997,1,2,traffic_signs,0.9157701134681702,2387.33447265625,1388.3018798828125,2446.263671875,1452.9151611328125,2416.799072265625,1420.6085205078125,58.92919921875,64.61328125
IMG_0050.mp4,34,1.1344666666666667,29.97002997002997,1,2,traffic_signs,0.9139367938041687,2385.510498046875,1388.890380859375,2444.18505859375,1453.5625,2414.8477783203125,1421.2264404296875,58.674560546875,64.672119140625
IMG_0050.mp4,35,1.1678333333333333,29.97002997002997,1,2,traffic_signs,0.9154336452484131,2384.351806640625,1388.729248046875,2442.71533203125,1453.3968505859375,2413.5335693359375,1421.0630493164062,58.363525390625,64.6676025390625
IMG_0050.mp4,36,1.2012,29.97002997002997,1,2,traffic_signs,0.9143414497375488,2382.564453125,1387.552734375,2441.11962890625,1452.6204833984375,2411.842041015625,1420.0866088867188,58.55517578125,65.0677490234375
IMG_0050.mp4,37,1.2345666666666666,29.97002997002997,1,2,traffic_signs,0.9121732711791992,2380.704345703125,1387.4749755859375,2439.346923828125,1452.4556884765625,2410.025634765625,1419.96533203125,58.642578125,64.980712890625
IMG_0050.mp4,38,1.2679333333333334,29.97002997002997,1,2,traffic_signs,0.9129313826560974,2378.003662109375,1387.2608642578125,2437.035888671875,1452.41748046875,2407.519775390625,1419.8391723632812,59.0322265625,65.1566162109375
IMG_0050.mp4,39,1.3013000000000001,29.97002997002997,1,2,traffic_signs,0.9185345768928528,2375.42138671875,1386.8720703125,2434.3876953125,1452.48095703125,2404.904541015625,1419.676513671875,58.96630859375,65.60888671875
IMG_0050.mp4,40,1.3346666666666667,29.97002997002997,1,2,traffic_signs,0.9179615378379822,2372.236083984375,1386.470458984375,2432.348876953125,1452.57080078125,2402.29248046875,1419.5206298828125,60.11279296875,66.100341796875
IMG_0050.mp4,41,1.3680333333333334,29.97002997002997,1,2,traffic_signs,0.8858361840248108,2369.8994140625,1386.5223388671875,2430.489501953125,1452.1846923828125,2400.1944580078125,1419.353515625,60.590087890625,65.662353515625
IMG_0050.mp4,42,1.4014,29.97002997002997,1,2,traffic_signs,0.9016255736351013,2367.901611328125,1386.0859375,2427.8408203125,1451.7852783203125,2397.8712158203125,1418.9356079101562,59.939208984375,65.6993408203125
IMG_0050.mp4,43,1.4347666666666667,29.97002997002997,1,2,traffic_signs,0.9097474813461304,2365.717041015625,1385.4224853515625,2425.201171875,1451.4461669921875,2395.4591064453125,1418.434326171875,59.484130859375,66.023681640625
IMG_0050.mp4,44,1.4681333333333333,29.97002997002997,1,2,traffic_signs,0.9101457595825195,2363.341796875,1385.4591064453125,2423.16357421875,1451.8359375,2393.252685546875,1418.6475219726562,59.82177734375,66.3768310546875
IMG_0050.mp4,45,1.5015,29.97002997002997,1,2,traffic_signs,0.9085950255393982,2359.950927734375,1384.33203125,2420.0751953125,1451.9735107421875,2390.0130615234375,1418.1527709960938,60.124267578125,67.6414794921875
IMG_0050.mp4,46,1.5348666666666666,29.97002997002997,1,2,traffic_signs,0.9087274670600891,2357.297119140625,1383.5587158203125,2417.477783203125,1451.612060546875,2387.387451171875,1417.5853881835938,60.1806640625,68.0533447265625
IMG_0050.mp4,47,1.5682333333333334,29.97002997002997,1,2,traffic_signs,0.909630298614502,2353.498291015625,1383.14892578125,2413.74560546875,1451.2801513671875,2383.6219482421875,1417.2145385742188,60.247314453125,68.1312255859375
IMG_0050.mp4,48,1.6016000000000001,29.97002997002997,1,2,traffic_signs,0.9048444032669067,2348.35693359375,1382.690185546875,2409.741455078125,1451.43310546875,2379.0491943359375,1417.0616455078125,61.384521484375,68.742919921875
IMG_0050.mp4,49,1.6349666666666667,29.97002997002997,1,2,traffic_signs,0.9173740744590759,2344.609375,1382.64990234375,2407.353759765625,1451.157958984375,2375.9815673828125,1416.9039306640625,62.744384765625,68.508056640625
IMG_0050.mp4,50,1.6683333333333334,29.97002997002997,1,2,traffic_signs,0.9189542531967163,2341.3671875,1382.077392578125,2404.246337890625,1450.616943359375,2372.8067626953125,1416.34716796875,62.879150390625,68.53955078125
IMG_0050.mp4,51,1.7017,29.97002997002997,1,2,traffic_signs,0.920859158039093,2337.81591796875,1381.618896484375,2401.339599609375,1450.1943359375,2369.5777587890625,1415.9066162109375,63.523681640625,68.575439453125
IMG_0050.mp4,52,1.7350666666666668,29.97002997002997,1,2,traffic_signs,0.9162204265594482,2333.6826171875,1381.2520751953125,2397.027587890625,1449.489501953125,2365.3551025390625,1415.3707885742188,63.344970703125,68.2374267578125
IMG_0050.mp4,53,1.7684333333333333,29.97002997002997,1,2,traffic_signs,0.9057493805885315,2329.94970703125,1380.5150146484375,2393.301025390625,1449.401611328125,2361.6253662109375,1414.9583129882812,63.351318359375,68.8865966796875
IMG_0050.mp4,54,1.8018,29.97002997002997,1,2,traffic_signs,0.9196223020553589,2324.855224609375,1380.2652587890625,2389.878173828125,1449.48388671875,2357.36669921875,1414.8745727539062,65.02294921875,69.2186279296875
IMG_0050.mp4,55,1.8351666666666666,29.97002997002997,1,2,traffic_signs,0.5393927097320557,2320.80419921875,1379.696044921875,2385.526611328125,1449.432861328125,2353.1654052734375,1414.564453125,64.722412109375,69.73681640625
IMG_0050.mp4,56,1.8685333333333334,29.97002997002997,1,2,traffic_signs,0.9155238270759583,2317.482421875,1378.0836181640625,2382.354736328125,1449.2008056640625,2349.9185791015625,1413.6422119140625,64.872314453125,71.1171875
IMG_0050.mp4,57,1.9019,29.97002997002997,1,2,traffic_signs,0.9250013828277588,2312.09765625,1376.7542724609375,2378.383544921875,1448.5330810546875,2345.2406005859375,1412.6436767578125,66.285888671875,71.77880859375
IMG_0050.mp4,58,1.9352666666666667,29.97002997002997,1,2,traffic_signs,0.9289721250534058,2308.034912109375,1376.16845703125,2374.00830078125,1448.0406494140625,2341.0216064453125,1412.1045532226562,65.973388671875,71.8721923828125
IMG_0050.mp4,59,1.9686333333333335,29.97002997002997,1,2,traffic_signs,0.936810314655304,2303.230712890625,1375.73095703125,2370.203857421875,1448.2109375,2336.71728515625,1411.970947265625,66.97314453125,72.47998046875
IMG_0050.mp4,60,2.0020000000000002,29.97002997002997,1,2,traffic_signs,0.9410107135772705,2297.9453125,1375.392578125,2365.5634765625,1447.7545166015625,2331.75439453125,1411.5735473632812,67.6181640625,72.3619384765625
IMG_0050.mp4,61,2.0353666666666665,29.97002997002997,1,2,traffic_signs,0.9135554432868958,2293.81396484375,1374.1171875,2360.7236328125,1447.0347900390625,2327.268798828125,1410.5759887695312,66.90966796875,72.9176025390625
IMG_0050.mp4,62,2.0687333333333333,29.97002997002997,1,2,traffic_signs,0.8992230296134949,2289.01220703125,1373.54443359375,2355.775634765625,1446.464111328125,2322.3939208984375,1410.0042724609375,66.763427734375,72.919677734375
IMG_0050.mp4,63,2.1021,29.97002997002997,1,2,traffic_signs,0.9217401742935181,2284.190673828125,1372.04541015625,2350.8291015625,1445.4942626953125,2317.5098876953125,1408.7698364257812,66.638427734375,73.4488525390625
IMG_0050.mp4,64,2.135466666666667,29.97002997002997,1,2,traffic_signs,0.9357287287712097,2279.52099609375,1371.5477294921875,2346.16943359375,1445.5047607421875,2312.84521484375,1408.5262451171875,66.6484375,73.95703125
IMG_0050.mp4,65,2.168833333333333,29.97002997002997,1,2,traffic_signs,0.9346916675567627,2274.66357421875,1370.875,2340.9794921875,1444.7303466796875,2307.821533203125,1407.8026733398438,66.31591796875,73.8553466796875
IMG_0050.mp4,66,2.2022,29.97002997002997,1,2,traffic_signs,0.9242312908172607,2269.75537109375,1370.3594970703125,2337.057861328125,1443.564208984375,2303.4066162109375,1406.9618530273438,67.302490234375,73.2047119140625
IMG_0050.mp4,67,2.2355666666666667,29.97002997002997,1,2,traffic_signs,0.9314941763877869,2264.265380859375,1368.587646484375,2332.06005859375,1442.8358154296875,2298.1627197265625,1405.7117309570312,67.794677734375,74.2481689453125
IMG_0050.mp4,68,2.2689333333333335,29.97002997002997,1,2,traffic_signs,0.9390255212783813,2258.1826171875,1366.55419921875,2326.708251953125,1443.070068359375,2292.4454345703125,1404.8121337890625,68.525634765625,76.515869140625
IMG_0050.mp4,69,2.3023000000000002,29.97002997002997,1,2,traffic_signs,0.9373148679733276,2251.574462890625,1364.7139892578125,2321.733154296875,1442.4261474609375,2286.65380859375,1403.570068359375,70.15869140625,77.712158203125
IMG_0050.mp4,70,2.3356666666666666,29.97002997002997,1,2,traffic_signs,0.9355002045631409,2245.435546875,1364.0582275390625,2316.224609375,1441.324462890625,2280.830078125,1402.6913452148438,70.7890625,77.2662353515625
IMG_0050.mp4,70,2.3356666666666666,29.97002997002997,5,2,traffic_signs,0.7150687575340271,683.6076049804688,1053.64892578125,738.8975830078125,1090.0692138671875,711.2525939941406,1071.8590698242188,55.28997802734375,36.4202880859375
IMG_0050.mp4,71,2.3690333333333333,29.97002997002997,1,2,traffic_signs,0.9324775338172913,2239.085693359375,1362.3388671875,2310.725341796875,1440.9034423828125,2274.905517578125,1401.6211547851562,71.6396484375,78.5645751953125
IMG_0050.mp4,72,2.4024,29.97002997002997,1,2,traffic_signs,0.936223566532135,2233.354248046875,1360.6248779296875,2305.10205078125,1440.484130859375,2269.2281494140625,1400.5545043945312,71.747802734375,79.8592529296875
IMG_0050.mp4,73,2.435766666666667,29.97002997002997,1,2,traffic_signs,0.9285575151443481,2227.12109375,1359.1400146484375,2298.173828125,1439.5091552734375,2262.6474609375,1399.3245849609375,71.052734375,80.369140625
IMG_0050.mp4,74,2.469133333333333,29.97002997002997,1,2,traffic_signs,0.9324442744255066,2219.610107421875,1358.381103515625,2292.615234375,1438.1322021484375,2256.1126708984375,1398.2566528320312,73.005126953125,79.7510986328125
IMG_0050.mp4,75,2.5025,29.97002997002997,1,2,traffic_signs,0.931159257888794,2212.92822265625,1357.256591796875,2287.503662109375,1437.7691650390625,2250.2159423828125,1397.5128784179688,74.575439453125,80.5125732421875
IMG_0050.mp4,76,2.5358666666666667,29.97002997002997,1,2,traffic_signs,0.9214980006217957,2205.732666015625,1355.3367919921875,2280.68701171875,1436.3531494140625,2243.2098388671875,1395.844970703125,74.954345703125,81.016357421875
IMG_0050.mp4,77,2.5692333333333335,29.97002997002997,1,2,traffic_signs,0.9116445779800415,2198.10205078125,1354.5230712890625,2273.6279296875,1436.1595458984375,2235.864990234375,1395.34130859375,75.52587890625,81.636474609375
IMG_0050.mp4,78,2.6026000000000002,29.97002997002997,1,2,traffic_signs,0.9260321855545044,2190.10205078125,1353.4105224609375,2267.478759765625,1435.0789794921875,2228.7904052734375,1394.2447509765625,77.376708984375,81.66845703125
IMG_0050.mp4,79,2.6359666666666666,29.97002997002997,1,2,traffic_signs,0.9084169268608093,2182.69189453125,1351.4658203125,2258.19775390625,1434.27978515625,2220.44482421875,1392.872802734375,75.505859375,82.81396484375
IMG_0050.mp4,80,2.6693333333333333,29.97002997002997,1,2,traffic_signs,0.9282850027084351,2176.218505859375,1349.8677978515625,2250.247802734375,1433.7423095703125,2213.233154296875,1391.8050537109375,74.029296875,83.87451171875
IMG_0050.mp4,81,2.7027,29.97002997002997,1,2,traffic_signs,0.9159733057022095,2165.757080078125,1346.4091796875,2243.87890625,1433.242431640625,2204.8179931640625,1389.8258056640625,78.121826171875,86.833251953125
IMG_0050.mp4,82,2.736066666666667,29.97002997002997,1,2,traffic_signs,0.9150025248527527,2157.222412109375,1344.6934814453125,2235.671875,1432.8341064453125,2196.4471435546875,1388.7637939453125,78.449462890625,88.140625
IMG_0050.mp4,83,2.769433333333333,29.97002997002997,1,2,traffic_signs,0.9222312569618225,2148.54931640625,1343.7906494140625,2227.850830078125,1432.500732421875,2188.2000732421875,1388.1456909179688,79.301513671875,88.7100830078125
IMG_0050.mp4,84,2.8028,29.97002997002997,1,2,traffic_signs,0.9172042608261108,2139.494140625,1341.3819580078125,2219.653564453125,1430.9581298828125,2179.5738525390625,1386.1700439453125,80.159423828125,89.576171875
IMG_0050.mp4,85,2.8361666666666667,29.97002997002997,1,2,traffic_signs,0.9232034683227539,2130.67236328125,1338.4495849609375,2212.011962890625,1429.5792236328125,2171.3421630859375,1384.014404296875,81.339599609375,91.129638671875
IMG_0050.mp4,86,2.8695333333333335,29.97002997002997,1,2,traffic_signs,0.9319441318511963,2120.561279296875,1335.68896484375,2202.722412109375,1429.142333984375,2161.641845703125,1382.4156494140625,82.1611328125,93.453369140625
IMG_0050.mp4,87,2.9029000000000003,29.97002997002997,1,2,traffic_signs,0.9210483431816101,2110.377685546875,1333.6590576171875,2193.99267578125,1428.3958740234375,2152.1851806640625,1381.0274658203125,83.614990234375,94.73681640625
IMG_0050.mp4,88,2.9362666666666666,29.97002997002997,1,2,traffic_signs,0.9198004007339478,2100.538330078125,1331.43896484375,2186.580078125,1426.2039794921875,2143.5592041015625,1378.8214721679688,86.041748046875,94.7650146484375
IMG_0050.mp4,89,2.9696333333333333,29.97002997002997,1,2,traffic_signs,0.8951584696769714,2089.164306640625,1328.7518310546875,2177.261962890625,1425.619873046875,2133.213134765625,1377.1858520507812,88.09765625,96.8680419921875
IMG_0050.mp4,90,3.003,29.97002997002997,1,2,traffic_signs,0.9055795669555664,2080.55029296875,1324.583740234375,2167.669921875,1424.1256103515625,2124.110107421875,1374.3546752929688,87.11962890625,99.5418701171875
IMG_0050.mp4,91,3.036366666666667,29.97002997002997,1,2,traffic_signs,0.8844388723373413,2068.21435546875,1321.2713623046875,2156.595947265625,1421.3433837890625,2112.4051513671875,1371.307373046875,88.381591796875,100.072021484375
IMG_0050.mp4,92,3.069733333333333,29.97002997002997,1,2,traffic_signs,0.8962525129318237,2057.53564453125,1319.2303466796875,2145.172607421875,1420.695556640625,2101.3541259765625,1369.9629516601562,87.636962890625,101.4652099609375
IMG_0050.mp4,93,3.1031,29.97002997002997,1,2,traffic_signs,0.891217052936554,2045.96044921875,1315.8436279296875,2135.492431640625,1417.7672119140625,2090.7264404296875,1366.805419921875,89.531982421875,101.923583984375
IMG_0050.mp4,94,3.1364666666666667,29.97002997002997,1,2,traffic_signs,0.8610753417015076,2034.52978515625,1313.9007568359375,2124.44189453125,1415.5382080078125,2079.48583984375,1364.719482421875,89.912109375,101.637451171875
IMG_0050.mp4,95,3.1698333333333335,29.97002997002997,1,2,traffic_signs,0.8795485496520996,2021.8638916015625,1310.8720703125,2112.00830078125,1413.297119140625,2066.9360961914062,1362.0845947265625,90.1444091796875,102.425048828125
IMG_0050.mp4,96,3.2032000000000003,29.97002997002997,1,2,traffic_signs,0.832588255405426,2005.826416015625,1307.3846435546875,2101.27685546875,1410.435791015625,2053.5516357421875,1358.9102172851562,95.450439453125,103.0511474609375
IMG_0050.mp4,97,3.2365666666666666,29.97002997002997,1,2,traffic_signs,0.8892455697059631,1989.5654296875,1303.9232177734375,2090.15283203125,1408.62353515625,2039.859130859375,1356.2733764648438,100.58740234375,104.7003173828125
IMG_0050.mp4,98,3.2699333333333334,29.97002997002997,1,2,traffic_signs,0.8961790800094604,1975.5465087890625,1300.13427734375,2078.54833984375,1407.6297607421875,2027.0474243164062,1353.8820190429688,103.0018310546875,107.4954833984375
IMG_0050.mp4,99,3.3033,29.97002997002997,1,2,traffic_signs,0.8987038731575012,1963.1353759765625,1296.4075927734375,2065.0498046875,1405.877685546875,2014.0925903320312,1351.1426391601562,101.9144287109375,109.4700927734375
IMG_0050.mp4,100,3.336666666666667,29.97002997002997,1,2,traffic_signs,0.902446448802948,1946.387939453125,1291.885498046875,2052.397705078125,1402.9510498046875,1999.392822265625,1347.4182739257812,106.009765625,111.0655517578125
IMG_0050.mp4,101,3.370033333333333,29.97002997002997,1,2,traffic_signs,0.8889147639274597,1931.1370849609375,1287.974365234375,2039.482666015625,1401.7220458984375,1985.3098754882812,1344.8482055664062,108.3455810546875,113.7476806640625
IMG_0050.mp4,102,3.4034,29.97002997002997,1,2,traffic_signs,0.8731880187988281,1916.2135009765625,1282.8170166015625,2023.28759765625,1398.3431396484375,1969.7505493164062,1340.580078125,107.0740966796875,115.526123046875
IMG_0050.mp4,103,3.4367666666666667,29.97002997002997,1,2,traffic_signs,0.8355713486671448,1898.47607421875,1277.6939697265625,2008.705078125,1396.8375244140625,1953.590576171875,1337.2657470703125,110.22900390625,119.1435546875
IMG_0050.mp4,104,3.4701333333333335,29.97002997002997,1,2,traffic_signs,0.7995221018791199,1880.8388671875,1274.27197265625,1992.412353515625,1394.7254638671875,1936.6256103515625,1334.4987182617188,111.573486328125,120.4534912109375
IMG_0050.mp4,105,3.5035000000000003,29.97002997002997,1,2,traffic_signs,0.7991294264793396,1863.8299560546875,1269.97509765625,1970.0477294921875,1392.9056396484375,1916.9388427734375,1331.4403686523438,106.2177734375,122.9305419921875
IMG_0050.mp4,106,3.5368666666666666,29.97002997002997,1,2,traffic_signs,0.8011472821235657,1845.0250244140625,1265.1649169921875,1952.08837890625,1390.58984375,1898.5567016601562,1327.8773803710938,107.0633544921875,125.4249267578125
IMG_0050.mp4,107,3.5702333333333334,29.97002997002997,1,2,traffic_signs,0.8544881939888,1827.1007080078125,1259.8031005859375,1933.6898193359375,1388.9971923828125,1880.395263671875,1324.400146484375,106.589111328125,129.194091796875
IMG_0050.mp4,108,3.6036,29.97002997002997,1,2,traffic_signs,0.405071884393692,1806.1724853515625,1254.7447509765625,1917.648681640625,1386.458740234375,1861.9105834960938,1320.6017456054688,111.4761962890625,131.7139892578125
IMG_0050.mp4,108,3.6036,29.97002997002997,10,2,traffic_signs,0.9366080164909363,1541.9722900390625,523.599853515625,1674.3489990234375,676.6975708007812,1608.16064453125,600.1487121582031,132.376708984375,153.09771728515625
IMG_0050.mp4,109,3.636966666666667,29.97002997002997,1,2,traffic_signs,0.5008660554885864,1785.672119140625,1249.21240234375,1900.7138671875,1385.616943359375,1843.1929931640625,1317.4146728515625,115.041748046875,136.404541015625
IMG_0050.mp4,109,3.636966666666667,29.97002997002997,10,2,traffic_signs,0.8814724087715149,1497.25732421875,491.4994812011719,1635.6348876953125,644.6011962890625,1566.4461059570312,568.0503387451172,138.3775634765625,153.10171508789062
IMG_0050.mp4,110,3.6703333333333332,29.97002997002997,1,2,traffic_signs,0.8090834021568298,1762.06640625,1244.551025390625,1884.31201171875,1383.2684326171875,1823.189208984375,1313.9097290039062,122.24560546875,138.7174072265625
IMG_0050.mp4,110,3.6703333333333332,29.97002997002997,10,2,traffic_signs,0.9073514938354492,1448.123046875,449.13970947265625,1589.3173828125,611.1866455078125,1518.72021484375,530.1631774902344,141.1943359375,162.04693603515625
IMG_0050.mp4,111,3.7037,29.97002997002997,1,2,traffic_signs,0.8881453275680542,1739.2001953125,1237.5340576171875,1862.8436279296875,1381.1409912109375,1801.0219116210938,1309.3375244140625,123.6434326171875,143.60693359375
IMG_0050.mp4,111,3.7037,29.97002997002997,10,2,traffic_signs,0.5201416611671448,1389.6143798828125,407.7535400390625,1542.452392578125,570.4729614257812,1466.0333862304688,489.1132507324219,152.8380126953125,162.71942138671875
IMG_0050.mp4,112,3.7370666666666668,29.97002997002997,1,2,traffic_signs,0.8872621655464172,1714.6005859375,1233.467529296875,1842.8857421875,1379.522216796875,1778.7431640625,1306.494873046875,128.28515625,146.0546875
IMG_0050.mp4,112,3.7370666666666668,29.97002997002997,10,2,traffic_signs,0.8060386776924133,1305.692626953125,359.4159851074219,1492.874267578125,530.0296020507812,1399.283447265625,444.72279357910156,187.181640625,170.61361694335938
IMG_0050.mp4,113,3.7704333333333335,29.97002997002997,1,2,traffic_signs,0.3826095759868622,1691.0457763671875,1228.7557373046875,1818.60302734375,1375.5330810546875,1754.8244018554688,1302.1444091796875,127.5572509765625,146.77734375
IMG_0050.mp4,113,3.7704333333333335,29.97002997002997,10,2,traffic_signs,0.8395592570304871,1255.5709228515625,314.9906921386719,1436.942626953125,465.9531555175781,1346.2567749023438,390.471923828125,181.3717041015625,150.96246337890625
IMG_0050.mp4,114,3.8038,29.97002997002997,1,2,traffic_signs,0.9173009395599365,1661.3272705078125,1223.230224609375,1801.396240234375,1373.5645751953125,1731.3617553710938,1298.3973999023438,140.0689697265625,150.3343505859375
IMG_0050.mp4,114,3.8038,29.97002997002997,10,2,traffic_signs,0.9150521755218506,1188.74755859375,255.9251708984375,1379.3837890625,418.93731689453125,1284.065673828125,337.4312438964844,190.63623046875,163.01214599609375
IMG_0050.mp4,115,3.8371666666666666,29.97002997002997,1,2,traffic_signs,0.8908306956291199,1631.471923828125,1216.4659423828125,1769.735107421875,1370.3187255859375,1700.603515625,1293.392333984375,138.26318359375,153.852783203125
IMG_0050.mp4,115,3.8371666666666666,29.97002997002997,10,2,traffic_signs,0.9328114986419678,1102.6864013671875,197.41537475585938,1310.7996826171875,369.07537841796875,1206.7430419921875,283.24537658691406,208.11328125,171.66000366210938
IMG_0050.mp4,116,3.8705333333333334,29.97002997002997,1,2,traffic_signs,0.9099156856536865,1601.7960205078125,1209.9129638671875,1739.438720703125,1366.10107421875,1670.6173706054688,1288.0070190429688,137.6427001953125,156.1881103515625
IMG_0050.mp4,116,3.8705333333333334,29.97002997002997,10,2,traffic_signs,0.8994731307029724,1025.1219482421875,129.10902404785156,1236.2122802734375,313.66375732421875,1130.6671142578125,221.38639068603516,211.09033203125,184.5547332763672
IMG_0050.mp4,117,3.9039,29.97002997002997,1,2,traffic_signs,0.8983858823776245,1566.892578125,1199.8048095703125,1709.534912109375,1361.635498046875,1638.2137451171875,1280.7201538085938,142.642333984375,161.8306884765625
IMG_0050.mp4,117,3.9039,29.97002997002997,10,2,traffic_signs,0.4996388256549835,929.0149536132812,47.2866325378418,1154.1727294921875,253.26882934570312,1041.5938415527344,150.27773094177246,225.15777587890625,205.98219680786133
IMG_0050.mp4,118,3.937266666666667,29.97002997002997,1,2,traffic_signs,0.7479504942893982,1534.4810791015625,1193.2110595703125,1680.55126953125,1359.519287109375,1607.5161743164062,1276.3651733398438,146.0701904296875,166.3082275390625
IMG_0050.mp4,119,3.9706333333333332,29.97002997002997,1,2,traffic_signs,0.898685872554779,1498.7486572265625,1183.4735107421875,1651.7803955078125,1357.1307373046875,1575.2645263671875,1270.3021240234375,153.03173828125,173.6572265625
IMG_0050.mp4,120,4.0040000000000004,29.97002997002997,1,2,traffic_signs,0.7447220087051392,1458.4859619140625,1173.5732421875,1614.3985595703125,1351.434814453125,1536.4422607421875,1262.5040283203125,155.91259765625,177.861572265625
IMG_0050.mp4,121,4.037366666666666,29.97002997002997,1,2,traffic_signs,0.8068930506706238,1418.7437744140625,1163.5936279296875,1574.3131103515625,1348.1978759765625,1496.5284423828125,1255.895751953125,155.5693359375,184.604248046875
IMG_0050.mp4,123,4.1041,29.97002997002997,1,0,auth_label,0.8140464425086975,1222.1580810546875,1134.7906494140625,1487.88427734375,1350.4395751953125,1355.0211791992188,1242.6151123046875,265.7261962890625,215.64892578125
IMG_0050.mp4,125,4.170833333333333,29.97002997002997,1,0,auth_label,0.6091148853302002,1167.2086181640625,1117.609130859375,1390.6990966796875,1340.24267578125,1278.953857421875,1228.9259033203125,223.490478515625,222.633544921875
IMG_0050.mp4,134,4.471133333333333,29.97002997002997,16,2,traffic_signs,0.33578920364379883,1725.504638671875,1264.202392578125,1751.43798828125,1308.6448974609375,1738.4713134765625,1286.4236450195312,25.933349609375,44.4425048828125
IMG_0050.mp4,135,4.5045,29.97002997002997,16,2,traffic_signs,0.35322391986846924,1723.3055419921875,1264.17236328125,1749.82421875,1308.835205078125,1736.5648803710938,1286.5037841796875,26.5186767578125,44.662841796875
IMG_0050.mp4,136,4.537866666666667,29.97002997002997,16,2,traffic_signs,0.38753774762153625,1720.7298583984375,1264.968505859375,1747.0509033203125,1308.2830810546875,1733.890380859375,1286.6257934570312,26.321044921875,43.3145751953125
IMG_0050.mp4,139,4.637966666666666,29.97002997002997,16,2,traffic_signs,0.2546822726726532,1717.4591064453125,1262.085693359375,1743.0120849609375,1306.0855712890625,1730.235595703125,1284.0856323242188,25.552978515625,43.9998779296875
IMG_0050.mp4,140,4.671333333333333,29.97002997002997,16,2,traffic_signs,0.2907788157463074,1715.48779296875,1263.0709228515625,1741.1990966796875,1305.2852783203125,1728.3434448242188,1284.1781005859375,25.7113037109375,42.21435546875
IMG_0050.mp4,141,4.7047,29.97002997002997,16,2,traffic_signs,0.5469671487808228,1712.9031982421875,1262.8895263671875,1739.3369140625,1304.5499267578125,1726.1200561523438,1283.7197265625,26.4337158203125,41.660400390625
IMG_0050.mp4,142,4.738066666666667,29.97002997002997,16,2,traffic_signs,0.5719106197357178,1711.3267822265625,1263.318115234375,1738.4866943359375,1303.893798828125,1724.90673828125,1283.60595703125,27.159912109375,40.57568359375
IMG_0050.mp4,143,4.771433333333333,29.97002997002997,16,2,traffic_signs,0.5585939288139343,1709.5926513671875,1263.1602783203125,1736.54150390625,1303.8477783203125,1723.0670776367188,1283.5040283203125,26.9488525390625,40.6875
IMG_0050.mp4,146,4.871533333333334,29.97002997002997,16,2,traffic_signs,0.503980815410614,1703.44873046875,1261.203125,1729.2442626953125,1303.169921875,1716.3464965820312,1282.1865234375,25.7955322265625,41.966796875
IMG_0050.mp4,147,4.9049000000000005,29.97002997002997,16,2,traffic_signs,0.318014532327652,1701.931884765625,1261.2906494140625,1726.9534912109375,1302.3656005859375,1714.4426879882812,1281.828125,25.0216064453125,41.074951171875
IMG_0050.mp4,148,4.938266666666666,29.97002997002997,16,2,traffic_signs,0.3523770570755005,1699.3779296875,1259.8028564453125,1724.7191162109375,1302.0721435546875,1712.0485229492188,1280.9375,25.3411865234375,42.269287109375
IMG_0050.mp4,149,4.971633333333333,29.97002997002997,16,2,traffic_signs,0.5941610932350159,1697.2733154296875,1260.04052734375,1723.2476806640625,1302.491943359375,1710.260498046875,1281.2662353515625,25.974365234375,42.451416015625
IMG_0050.mp4,150,5.005,29.97002997002997,16,2,traffic_signs,0.5574606657028198,1695.52978515625,1259.80322265625,1720.9140625,1301.843994140625,1708.221923828125,1280.8236083984375,25.38427734375,42.040771484375
IMG_0050.mp4,152,5.071733333333333,29.97002997002997,18,0,auth_label,0.6007134914398193,1050.8580322265625,1095.894287109375,1281.896728515625,1341.7928466796875,1166.3773803710938,1218.8435668945312,231.0386962890625,245.8985595703125
IMG_0050.mp4,153,5.1051,29.97002997002997,18,0,auth_label,0.49738967418670654,1062.8956298828125,1095.96923828125,1279.7283935546875,1340.1046142578125,1171.31201171875,1218.0369262695312,216.832763671875,244.1353759765625
IMG_0050.mp4,153,5.1051,29.97002997002997,16,2,traffic_signs,0.4446222484111786,1690.593017578125,1260.989013671875,1716.6402587890625,1302.0152587890625,1703.6166381835938,1281.5021362304688,26.0472412109375,41.0262451171875
IMG_0050.mp4,154,5.138466666666667,29.97002997002997,18,0,auth_label,0.514537513256073,1056.60986328125,1096.407958984375,1277.8758544921875,1339.5594482421875,1167.2428588867188,1217.9837036132812,221.2659912109375,243.1514892578125
IMG_0050.mp4,154,5.138466666666667,29.97002997002997,16,2,traffic_signs,0.5937696099281311,1689.46728515625,1261.0484619140625,1715.6461181640625,1300.8277587890625,1702.5567016601562,1280.9381103515625,26.1788330078125,39.779296875
IMG_0050.mp4,155,5.171833333333334,29.97002997002997,18,0,auth_label,0.7386637330055237,1042.9405517578125,1097.8707275390625,1274.884521484375,1338.028564453125,1158.9125366210938,1217.9496459960938,231.9439697265625,240.1578369140625
IMG_0050.mp4,155,5.171833333333334,29.97002997002997,16,2,traffic_signs,0.6237744688987732,1688.5042724609375,1261.39453125,1714.7960205078125,1300.58935546875,1701.650146484375,1280.991943359375,26.291748046875,39.19482421875
IMG_0050.mp4,156,5.2052000000000005,29.97002997002997,18,0,auth_label,0.9065746068954468,1036.8817138671875,1097.68896484375,1271.7601318359375,1339.2044677734375,1154.3209228515625,1218.4467163085938,234.87841796875,241.5155029296875
IMG_0050.mp4,156,5.2052000000000005,29.97002997002997,16,2,traffic_signs,0.6875472068786621,1687.5518798828125,1262.4033203125,1713.686279296875,1300.4312744140625,1700.6190795898438,1281.4172973632812,26.1343994140625,38.0279541015625
IMG_0050.mp4,157,5.238566666666666,29.97002997002997,18,0,auth_label,0.7232279181480408,1051.31103515625,1093.4654541015625,1270.37451171875,1341.715087890625,1160.8427734375,1217.5902709960938,219.0634765625,248.2496337890625
IMG_0050.mp4,157,5.238566666666666,29.97002997002997,16,2,traffic_signs,0.790554940700531,1686.37744140625,1262.413330078125,1713.245849609375,1300.873046875,1699.8116455078125,1281.6431884765625,26.868408203125,38.459716796875
IMG_0050.mp4,158,5.271933333333333,29.97002997002997,18,0,auth_label,0.3637891411781311,1046.566162109375,1092.1856689453125,1267.6778564453125,1341.832763671875,1157.1220092773438,1217.0092163085938,221.1116943359375,249.6470947265625
IMG_0050.mp4,158,5.271933333333333,29.97002997002997,16,2,traffic_signs,0.8202853798866272,1685.863037109375,1263.308837890625,1712.855712890625,1301.9158935546875,1699.359375,1282.6123657226562,26.99267578125,38.6070556640625
IMG_0050.mp4,159,5.3053,29.97002997002997,18,0,auth_label,0.7201672792434692,1042.1568603515625,1090.4510498046875,1264.383544921875,1341.5194091796875,1153.2702026367188,1215.9852294921875,222.2266845703125,251.068359375
IMG_0050.mp4,159,5.3053,29.97002997002997,16,2,traffic_signs,0.8156511187553406,1684.656005859375,1263.386962890625,1711.43994140625,1301.9268798828125,1698.0479736328125,1282.6569213867188,26.783935546875,38.5399169921875
IMG_0050.mp4,160,5.338666666666667,29.97002997002997,18,0,auth_label,0.3962250053882599,1052.369873046875,1089.908447265625,1262.48974609375,1341.73095703125,1157.4298095703125,1215.8197021484375,210.119873046875,251.822509765625
IMG_0050.mp4,160,5.338666666666667,29.97002997002997,16,2,traffic_signs,0.8099752068519592,1684.01513671875,1263.0643310546875,1711.0172119140625,1301.9351806640625,1697.5161743164062,1282.499755859375,27.0020751953125,38.870849609375
IMG_0050.mp4,161,5.372033333333333,29.97002997002997,18,0,auth_label,0.7647231817245483,1050.9398193359375,1086.98779296875,1260.3778076171875,1342.7916259765625,1155.6588134765625,1214.8897094726562,209.43798828125,255.8038330078125
IMG_0050.mp4,161,5.372033333333333,29.97002997002997,16,2,traffic_signs,0.8051103353500366,1683.3790283203125,1262.231689453125,1710.2742919921875,1302.03271484375,1696.82666015625,1282.1322021484375,26.895263671875,39.801025390625
IMG_0050.mp4,162,5.4054,29.97002997002997,18,0,auth_label,0.7505327463150024,1050.02587890625,1085.824462890625,1258.1519775390625,1344.1060791015625,1154.0889282226562,1214.9652709960938,208.1260986328125,258.2816162109375
IMG_0050.mp4,162,5.4054,29.97002997002997,16,2,traffic_signs,0.7945629358291626,1682.2723388671875,1261.8685302734375,1709.20263671875,1301.8221435546875,1695.7374877929688,1281.8453369140625,26.9302978515625,39.95361328125
IMG_0050.mp4,163,5.438766666666667,29.97002997002997,18,0,auth_label,0.8537728190422058,1035.888427734375,1085.470458984375,1256.8551025390625,1345.6795654296875,1146.3717651367188,1215.5750122070312,220.9666748046875,260.2091064453125
IMG_0050.mp4,163,5.438766666666667,29.97002997002997,16,2,traffic_signs,0.7389355897903442,1681.6622314453125,1262.5057373046875,1708.6893310546875,1302.504638671875,1695.17578125,1282.5051879882812,27.027099609375,39.9989013671875
IMG_0050.mp4,164,5.472133333333334,29.97002997002997,18,0,auth_label,0.8125076293945312,1025.6617431640625,1086.554931640625,1255.5654296875,1345.7767333984375,1140.6135864257812,1216.1658325195312,229.9036865234375,259.2218017578125
IMG_0050.mp4,164,5.472133333333334,29.97002997002997,16,2,traffic_signs,0.7428238391876221,1680.5638427734375,1262.5250244140625,1706.72021484375,1302.438232421875,1693.6420288085938,1282.4816284179688,26.1563720703125,39.9132080078125
IMG_0050.mp4,165,5.5055000000000005,29.97002997002997,18,0,auth_label,0.8735839128494263,1024.5894775390625,1084.458740234375,1253.6124267578125,1346.31103515625,1139.1009521484375,1215.3848876953125,229.02294921875,261.852294921875
IMG_0050.mp4,165,5.5055000000000005,29.97002997002997,16,2,traffic_signs,0.818516731262207,1679.552490234375,1262.539306640625,1706.031494140625,1302.806640625,1692.7919921875,1282.6729736328125,26.47900390625,40.267333984375
IMG_0050.mp4,166,5.538866666666666,29.97002997002997,18,0,auth_label,0.8996846079826355,1034.3331298828125,1081.2291259765625,1251.5228271484375,1347.164794921875,1142.927978515625,1214.1969604492188,217.189697265625,265.9356689453125
IMG_0050.mp4,166,5.538866666666666,29.97002997002997,16,2,traffic_signs,0.8395323157310486,1678.751708984375,1262.484375,1705.903076171875,1302.8890380859375,1692.327392578125,1282.6867065429688,27.1513671875,40.4046630859375
IMG_0050.mp4,167,5.572233333333333,29.97002997002997,18,0,auth_label,0.9056411385536194,1032.2174072265625,1080.1927490234375,1249.56689453125,1347.6217041015625,1140.8921508789062,1213.9072265625,217.3494873046875,267.428955078125
IMG_0050.mp4,167,5.572233333333333,29.97002997002997,16,2,traffic_signs,0.826738178730011,1677.22607421875,1262.265869140625,1704.32568359375,1303.033935546875,1690.77587890625,1282.64990234375,27.099609375,40.76806640625
IMG_0050.mp4,168,5.6056,29.97002997002997,18,0,auth_label,0.8690671324729919,1040.2939453125,1080.262939453125,1248.0838623046875,1348.130615234375,1144.1889038085938,1214.19677734375,207.7899169921875,267.86767578125
IMG_0050.mp4,168,5.6056,29.97002997002997,16,2,traffic_signs,0.8191831707954407,1676.84375,1261.790283203125,1703.6339111328125,1302.85546875,1690.2388305664062,1282.3228759765625,26.7901611328125,41.065185546875
IMG_0050.mp4,169,5.638966666666667,29.97002997002997,18,0,auth_label,0.8997232913970947,1020.5448608398438,1079.86376953125,1247.48779296875,1348.2589111328125,1134.0163269042969,1214.0613403320312,226.94293212890625,268.3951416015625
IMG_0050.mp4,169,5.638966666666667,29.97002997002997,16,2,traffic_signs,0.8263727426528931,1675.63623046875,1260.824462890625,1702.9322509765625,1302.8294677734375,1689.2842407226562,1281.8269653320312,27.2960205078125,42.0050048828125
IMG_0050.mp4,170,5.6723333333333334,29.97002997002997,18,0,auth_label,0.8286021947860718,1011.37890625,1081.9544677734375,1245.2904052734375,1348.489013671875,1128.3346557617188,1215.2217407226562,233.9114990234375,266.5345458984375
IMG_0050.mp4,170,5.6723333333333334,29.97002997002997,16,2,traffic_signs,0.8241861462593079,1674.1583251953125,1260.63671875,1701.5704345703125,1303.22216796875,1687.8643798828125,1281.929443359375,27.412109375,42.58544921875
IMG_0050.mp4,171,5.7057,29.97002997002997,18,0,auth_label,0.9019677042961121,1007.2332763671875,1078.056396484375,1243.7760009765625,1348.2017822265625,1125.504638671875,1213.1290893554688,236.542724609375,270.1453857421875
IMG_0050.mp4,171,5.7057,29.97002997002997,16,2,traffic_signs,0.8148972988128662,1673.7503662109375,1259.5762939453125,1701.037841796875,1303.0650634765625,1687.3941040039062,1281.3206787109375,27.2874755859375,43.48876953125
IMG_0050.mp4,172,5.739066666666667,29.97002997002997,18,0,auth_label,0.8803613781929016,1003.447509765625,1074.1400146484375,1241.982421875,1348.5489501953125,1122.7149658203125,1211.344482421875,238.534912109375,274.408935546875
IMG_0050.mp4,172,5.739066666666667,29.97002997002997,16,2,traffic_signs,0.8179354667663574,1673.0189208984375,1259.0445556640625,1700.4337158203125,1302.7259521484375,1686.726318359375,1280.88525390625,27.414794921875,43.681396484375
IMG_0050.mp4,173,5.772433333333334,29.97002997002997,18,0,auth_label,0.861538290977478,1003.9559326171875,1071.1636962890625,1240.9317626953125,1349.0030517578125,1122.44384765625,1210.0833740234375,236.975830078125,277.83935546875
IMG_0050.mp4,173,5.772433333333334,29.97002997002997,16,2,traffic_signs,0.8204334378242493,1672.939208984375,1258.4700927734375,1700.4315185546875,1302.4888916015625,1686.6853637695312,1280.4794921875,27.4923095703125,44.018798828125
IMG_0050.mp4,173,5.772433333333334,29.97002997002997,20,2,traffic_signs,0.8065617084503174,253.1947021484375,947.3720092773438,352.7389831542969,1023.257568359375,302.9668426513672,985.3147888183594,99.54428100585938,75.88555908203125
IMG_0050.mp4,174,5.8058000000000005,29.97002997002997,18,0,auth_label,0.7291899919509888,1004.5384521484375,1075.764892578125,1238.4217529296875,1349.4156494140625,1121.4801025390625,1212.5902709960938,233.88330078125,273.6507568359375
IMG_0050.mp4,174,5.8058000000000005,29.97002997002997,16,2,traffic_signs,0.8226886987686157,1671.9248046875,1258.349609375,1699.881591796875,1301.910888671875,1685.9031982421875,1280.1302490234375,27.956787109375,43.561279296875
IMG_0050.mp4,174,5.8058000000000005,29.97002997002997,20,2,traffic_signs,0.7729820013046265,243.45068359375,945.5228881835938,337.36614990234375,1020.479736328125,290.4084167480469,983.0013122558594,93.91546630859375,74.95684814453125
IMG_0050.mp4,175,5.839166666666666,29.97002997002997,18,0,auth_label,0.836178183555603,1011.9773559570312,1080.936279296875,1236.46728515625,1348.98583984375,1124.2223205566406,1214.9610595703125,224.48992919921875,268.049560546875
IMG_0050.mp4,175,5.839166666666666,29.97002997002997,16,2,traffic_signs,0.8211775422096252,1671.1300048828125,1258.4420166015625,1699.052490234375,1301.984130859375,1685.0912475585938,1280.2130737304688,27.9224853515625,43.5421142578125
IMG_0050.mp4,175,5.839166666666666,29.97002997002997,20,2,traffic_signs,0.7914037108421326,232.46585083007812,944.65087890625,320.4888610839844,1017.5713500976562,276.47735595703125,981.1111145019531,88.02301025390625,72.92047119140625
IMG_0050.mp4,176,5.872533333333333,29.97002997002997,18,0,auth_label,0.8521546721458435,1012.0286254882812,1078.223876953125,1235.2349853515625,1348.829345703125,1123.6318054199219,1213.526611328125,223.20635986328125,270.60546875
IMG_0050.mp4,176,5.872533333333333,29.97002997002997,16,2,traffic_signs,0.8079355359077454,1670.9993896484375,1258.3009033203125,1699.01806640625,1301.5179443359375,1685.0087280273438,1279.909423828125,28.0186767578125,43.217041015625
IMG_0050.mp4,177,5.9059,29.97002997002997,18,0,auth_label,0.8040088415145874,1013.1078491210938,1083.1998291015625,1232.93896484375,1347.9769287109375,1123.0234069824219,1215.58837890625,219.83111572265625,264.777099609375
IMG_0050.mp4,177,5.9059,29.97002997002997,16,2,traffic_signs,0.8120208382606506,1670.180419921875,1257.77783203125,1697.9403076171875,1301.1407470703125,1684.0603637695312,1279.4592895507812,27.7598876953125,43.3629150390625
IMG_0050.mp4,177,5.9059,29.97002997002997,20,2,traffic_signs,0.45138317346572876,196.3491973876953,937.6061401367188,286.7117614746094,1010.1148071289062,241.53047943115234,973.8604736328125,90.36256408691406,72.5086669921875
IMG_0050.mp4,178,5.939266666666667,29.97002997002997,18,0,auth_label,0.7413592338562012,1015.387451171875,1084.7921142578125,1232.01220703125,1348.470947265625,1123.6998291015625,1216.6315307617188,216.624755859375,263.6788330078125
IMG_0050.mp4,178,5.939266666666667,29.97002997002997,16,2,traffic_signs,0.8274755477905273,1669.6348876953125,1257.662353515625,1697.82666015625,1301.2763671875,1683.7307739257812,1279.4693603515625,28.1917724609375,43.614013671875
IMG_0050.mp4,179,5.9726333333333335,29.97002997002997,18,0,auth_label,0.6929908394813538,1015.508056640625,1083.8087158203125,1230.5052490234375,1348.7049560546875,1123.0066528320312,1216.2568359375,214.9971923828125,264.896240234375
IMG_0050.mp4,179,5.9726333333333335,29.97002997002997,16,2,traffic_signs,0.8038012385368347,1669.033935546875,1257.5848388671875,1697.42138671875,1300.916259765625,1683.2276611328125,1279.2505493164062,28.387451171875,43.3314208984375
IMG_0050.mp4,179,5.9726333333333335,29.97002997002997,20,2,traffic_signs,0.4943683445453644,163.90452575683594,929.93212890625,259.1575012207031,1006.2152099609375,211.53101348876953,968.0736694335938,95.25297546386719,76.2830810546875
IMG_0050.mp4,180,6.006,29.97002997002997,18,0,auth_label,0.6346102952957153,1011.5383911132812,1077.899658203125,1227.1990966796875,1347.701904296875,1119.3687438964844,1212.80078125,215.66070556640625,269.80224609375
IMG_0050.mp4,180,6.006,29.97002997002997,16,2,traffic_signs,0.7674902677536011,1668.87890625,1256.887939453125,1696.945556640625,1300.27490234375,1682.9122314453125,1278.5814208984375,28.066650390625,43.386962890625
IMG_0050.mp4,180,6.006,29.97002997002997,20,2,traffic_signs,0.3577505946159363,148.20103454589844,925.9486083984375,241.6890411376953,1003.3486328125,194.94503784179688,964.6486206054688,93.48800659179688,77.4000244140625
IMG_0050.mp4,181,6.039366666666667,29.97002997002997,18,0,auth_label,0.36652672290802,1009.8681030273438,1076.931640625,1224.3485107421875,1346.8240966796875,1117.1083068847656,1211.8778686523438,214.48040771484375,269.8924560546875
IMG_0050.mp4,181,6.039366666666667,29.97002997002997,16,2,traffic_signs,0.7411412000656128,1668.298095703125,1256.1845703125,1696.9637451171875,1300.0347900390625,1682.6309204101562,1278.1096801757812,28.6656494140625,43.8502197265625
IMG_0050.mp4,182,6.072733333333334,29.97002997002997,18,0,auth_label,0.46840792894363403,1005.5616455078125,1074.895751953125,1223.0379638671875,1346.577392578125,1114.2998046875,1210.736572265625,217.476318359375,271.681640625
IMG_0050.mp4,182,6.072733333333334,29.97002997002997,16,2,traffic_signs,0.6513063311576843,1667.8973388671875,1255.270263671875,1696.4312744140625,1299.5255126953125,1682.164306640625,1277.3978881835938,28.533935546875,44.2552490234375
IMG_0050.mp4,182,6.072733333333334,29.97002997002997,21,2,traffic_signs,0.5300918221473694,1023.1594848632812,1132.2760009765625,1071.084716796875,1191.291015625,1047.1221008300781,1161.7835083007812,47.92523193359375,59.0150146484375
IMG_0050.mp4,183,6.1061000000000005,29.97002997002997,18,0,auth_label,0.5763985514640808,996.8870239257812,1068.5838623046875,1221.7547607421875,1347.6900634765625,1109.3208923339844,1208.136962890625,224.86773681640625,279.106201171875
IMG_0050.mp4,183,6.1061000000000005,29.97002997002997,16,2,traffic_signs,0.5864964723587036,1666.367919921875,1253.8671875,1694.88427734375,1298.5908203125,1680.6260986328125,1276.22900390625,28.516357421875,44.7236328125
IMG_0050.mp4,184,6.139466666666666,29.97002997002997,18,0,auth_label,0.5965222120285034,991.8572387695312,1064.7091064453125,1220.4326171875,1347.303955078125,1106.1449279785156,1206.0065307617188,228.57537841796875,282.5948486328125
IMG_0050.mp4,184,6.139466666666666,29.97002997002997,16,2,traffic_signs,0.7509191632270813,1665.6890869140625,1253.3680419921875,1694.16455078125,1298.275634765625,1679.9268188476562,1275.8218383789062,28.4754638671875,44.9075927734375
IMG_0050.mp4,185,6.172833333333333,29.97002997002997,18,0,auth_label,0.6775727868080139,988.3345947265625,1064.062255859375,1218.779541015625,1348.1732177734375,1103.5570678710938,1206.1177368164062,230.4449462890625,284.1109619140625
IMG_0050.mp4,185,6.172833333333333,29.97002997002997,16,2,traffic_signs,0.8095192909240723,1665.0589599609375,1253.1378173828125,1693.9451904296875,1298.10888671875,1679.5020751953125,1275.6233520507812,28.88623046875,44.9710693359375
IMG_0050.mp4,186,6.2062,29.97002997002997,18,0,auth_label,0.7098681926727295,983.4578247070312,1066.6043701171875,1216.7266845703125,1348.5362548828125,1100.0922546386719,1207.5703125,233.26885986328125,281.931884765625
IMG_0050.mp4,186,6.2062,29.97002997002997,16,2,traffic_signs,0.827197253704071,1664.20068359375,1252.616455078125,1693.1807861328125,1297.892822265625,1678.6907348632812,1275.254638671875,28.9801025390625,45.2763671875
IMG_0050.mp4,186,6.2062,29.97002997002997,22,2,traffic_signs,0.4402041733264923,994.9638061523438,1124.4451904296875,1047.5994873046875,1184.8701171875,1021.2816467285156,1154.6576538085938,52.63568115234375,60.4249267578125
IMG_0050.mp4,187,6.239566666666667,29.97002997002997,18,0,auth_label,0.8051251769065857,972.3351440429688,1067.5670166015625,1215.6378173828125,1349.5506591796875,1093.9864807128906,1208.558837890625,243.30267333984375,281.983642578125
IMG_0050.mp4,187,6.239566666666667,29.97002997002997,16,2,traffic_signs,0.8036015629768372,1663.848388671875,1252.191650390625,1692.839111328125,1297.55712890625,1678.34375,1274.8743896484375,28.99072265625,45.365478515625
IMG_0050.mp4,188,6.2729333333333335,29.97002997002997,18,0,auth_label,0.9032329320907593,957.6610717773438,1075.1837158203125,1213.4442138671875,1348.72265625,1085.5526428222656,1211.9531860351562,255.78314208984375,273.5389404296875
IMG_0050.mp4,188,6.2729333333333335,29.97002997002997,16,2,traffic_signs,0.7978004813194275,1663.318115234375,1252.3192138671875,1692.0816650390625,1297.032470703125,1677.6998901367188,1274.6758422851562,28.7635498046875,44.7132568359375
IMG_0050.mp4,188,6.2729333333333335,29.97002997002997,23,2,traffic_signs,0.3907054364681244,1943.193115234375,1291.2952880859375,1976.7330322265625,1337.357177734375,1959.9630737304688,1314.3262329101562,33.5399169921875,46.0618896484375
IMG_0050.mp4,189,6.3063,29.97002997002997,18,0,auth_label,0.8969067931175232,950.4680786132812,1068.705810546875,1211.980224609375,1349.32568359375,1081.2241516113281,1209.0157470703125,261.51214599609375,280.619873046875
IMG_0050.mp4,189,6.3063,29.97002997002997,16,2,traffic_signs,0.8060073256492615,1662.6895751953125,1251.9827880859375,1691.725830078125,1296.82568359375,1677.2077026367188,1274.4042358398438,29.0362548828125,44.8428955078125
IMG_0050.mp4,189,6.3063,29.97002997002997,23,2,traffic_signs,0.3161071538925171,1944.0487060546875,1291.967529296875,1977.2034912109375,1337.152099609375,1960.6260986328125,1314.559814453125,33.15478515625,45.1845703125
IMG_0050.mp4,190,6.339666666666667,29.97002997002997,18,0,auth_label,0.9259315133094788,947.1460571289062,1066.6036376953125,1210.8212890625,1348.9769287109375,1078.9836730957031,1207.790283203125,263.67523193359375,282.373291015625
IMG_0050.mp4,190,6.339666666666667,29.97002997002997,16,2,traffic_signs,0.7987480163574219,1662.1854248046875,1251.7716064453125,1691.434326171875,1296.2169189453125,1676.8098754882812,1273.9942626953125,29.2489013671875,44.4453125
IMG_0050.mp4,190,6.339666666666667,29.97002997002997,23,2,traffic_signs,0.29987096786499023,1945.208984375,1292.8592529296875,1977.489990234375,1336.9381103515625,1961.3494873046875,1314.898681640625,32.281005859375,44.078857421875
IMG_0050.mp4,191,6.373033333333334,29.97002997002997,18,0,auth_label,0.8921090960502625,939.261962890625,1060.9443359375,1208.3333740234375,1349.520751953125,1073.7976684570312,1205.2325439453125,269.0714111328125,288.576416015625
IMG_0050.mp4,191,6.373033333333334,29.97002997002997,16,2,traffic_signs,0.8039963841438293,1661.3046875,1250.78515625,1691.0316162109375,1295.7421875,1676.1681518554688,1273.263671875,29.7269287109375,44.95703125
IMG_0050.mp4,191,6.373033333333334,29.97002997002997,23,2,traffic_signs,0.5175547003746033,1946.20361328125,1292.4942626953125,1978.9366455078125,1337.05322265625,1962.5701293945312,1314.7737426757812,32.7330322265625,44.5589599609375
IMG_0050.mp4,192,6.4064000000000005,29.97002997002997,18,0,auth_label,0.9522601366043091,934.0034790039062,1062.1278076171875,1208.4827880859375,1348.911376953125,1071.2431335449219,1205.5195922851562,274.47930908203125,286.7835693359375
IMG_0050.mp4,192,6.4064000000000005,29.97002997002997,16,2,traffic_signs,0.7889076471328735,1660.514892578125,1250.6435546875,1690.90576171875,1295.298095703125,1675.7103271484375,1272.9708251953125,30.390869140625,44.654541015625
IMG_0050.mp4,192,6.4064000000000005,29.97002997002997,23,2,traffic_signs,0.4514821171760559,1947.845947265625,1293.7279052734375,1979.5396728515625,1337.4881591796875,1963.6928100585938,1315.6080322265625,31.6937255859375,43.76025390625
IMG_0050.mp4,193,6.439766666666666,29.97002997002997,18,0,auth_label,0.9137136936187744,930.6453857421875,1064.7081298828125,1205.383056640625,1347.571533203125,1068.0142211914062,1206.1398315429688,274.7376708984375,282.8634033203125
IMG_0050.mp4,193,6.439766666666666,29.97002997002997,16,2,traffic_signs,0.7539075016975403,1659.486572265625,1249.4654541015625,1690.7103271484375,1294.70654296875,1675.0984497070312,1272.0859985351562,31.2237548828125,45.2410888671875
IMG_0050.mp4,193,6.439766666666666,29.97002997002997,23,2,traffic_signs,0.48959243297576904,1948.554931640625,1294.3399658203125,1979.61474609375,1337.4844970703125,1964.0848388671875,1315.9122314453125,31.059814453125,43.14453125
IMG_0050.mp4,194,6.473133333333333,29.97002997002997,18,0,auth_label,0.9458054900169373,925.4451293945312,1066.6251220703125,1204.9830322265625,1347.0445556640625,1065.2140808105469,1206.8348388671875,279.53790283203125,280.41943359375
IMG_0050.mp4,194,6.473133333333333,29.97002997002997,16,2,traffic_signs,0.7239384651184082,1658.8585205078125,1248.196044921875,1689.989013671875,1293.8792724609375,1674.4237670898438,1271.0376586914062,31.1304931640625,45.6832275390625
IMG_0050.mp4,194,6.473133333333333,29.97002997002997,23,2,traffic_signs,0.41697806119918823,1949.7197265625,1293.5670166015625,1982.0938720703125,1337.0518798828125,1965.9067993164062,1315.3094482421875,32.3741455078125,43.48486328125
IMG_0050.mp4,195,6.5065,29.97002997002997,18,0,auth_label,0.9174056053161621,921.9553833007812,1065.03564453125,1203.9283447265625,1346.2119140625,1062.9418640136719,1205.623779296875,281.97296142578125,281.17626953125
IMG_0050.mp4,195,6.5065,29.97002997002997,16,2,traffic_signs,0.750053346157074,1658.022705078125,1246.9559326171875,1689.1900634765625,1293.5391845703125,1673.6063842773438,1270.24755859375,31.1673583984375,46.583251953125
IMG_0050.mp4,195,6.5065,29.97002997002997,23,2,traffic_signs,0.5029881000518799,1951.2275390625,1294.5615234375,1983.2640380859375,1337.2535400390625,1967.2457885742188,1315.9075317382812,32.0364990234375,42.6920166015625
IMG_0050.mp4,195,6.5065,29.97002997002997,24,2,traffic_signs,0.7318835258483887,926.7078247070312,1108.5887451171875,993.5021362304688,1175.152099609375,960.10498046875,1141.8704223632812,66.7943115234375,66.5633544921875
IMG_0050.mp4,196,6.539866666666667,29.97002997002997,18,0,auth_label,0.8865549564361572,916.5255126953125,1066.7281494140625,1201.2135009765625,1345.4625244140625,1058.8695068359375,1206.0953369140625,284.68798828125,278.734375
IMG_0050.mp4,196,6.539866666666667,29.97002997002997,16,2,traffic_signs,0.7804975509643555,1656.4755859375,1246.02294921875,1687.9881591796875,1293.263916015625,1672.2318725585938,1269.6434326171875,31.5125732421875,47.240966796875
IMG_0050.mp4,196,6.539866666666667,29.97002997002997,24,2,traffic_signs,0.29327982664108276,919.9811401367188,1106.477783203125,987.1853637695312,1172.542236328125,953.583251953125,1139.510009765625,67.2042236328125,66.064453125
IMG_0050.mp4,197,6.5732333333333335,29.97002997002997,18,0,auth_label,0.8532648682594299,911.5874633789062,1062.142822265625,1199.2373046875,1345.29833984375,1055.4123840332031,1203.7205810546875,287.64984130859375,283.155517578125
IMG_0050.mp4,197,6.5732333333333335,29.97002997002997,16,2,traffic_signs,0.33838003873825073,1655.572998046875,1244.8941650390625,1687.2960205078125,1292.1634521484375,1671.4345092773438,1268.52880859375,31.7230224609375,47.269287109375
IMG_0050.mp4,197,6.5732333333333335,29.97002997002997,23,2,traffic_signs,0.3369081914424896,1954.23876953125,1291.3218994140625,1988.2109375,1336.3138427734375,1971.224853515625,1313.81787109375,33.97216796875,44.991943359375
IMG_0050.mp4,198,6.6066,29.97002997002997,18,0,auth_label,0.8583013415336609,907.72119140625,1055.1845703125,1197.9364013671875,1344.8712158203125,1052.8287963867188,1200.0278930664062,290.2152099609375,289.6866455078125
IMG_0050.mp4,198,6.6066,29.97002997002997,16,2,traffic_signs,0.781544029712677,1655.001220703125,1243.0906982421875,1687.0311279296875,1291.391845703125,1671.0161743164062,1267.2412719726562,32.0299072265625,48.3011474609375
IMG_0050.mp4,198,6.6066,29.97002997002997,23,2,traffic_signs,0.3477344512939453,1955.83642578125,1291.20556640625,1989.489013671875,1335.712158203125,1972.6627197265625,1313.4588623046875,33.652587890625,44.506591796875
IMG_0050.mp4,199,6.639966666666667,29.97002997002997,18,0,auth_label,0.8139462471008301,903.5394897460938,1051.9906005859375,1195.79345703125,1344.3587646484375,1049.6664733886719,1198.1746826171875,292.25396728515625,292.3681640625
IMG_0050.mp4,199,6.639966666666667,29.97002997002997,16,2,traffic_signs,0.8022320866584778,1654.05908203125,1242.093017578125,1686.311279296875,1290.94482421875,1670.1851806640625,1266.5189208984375,32.252197265625,48.851806640625
IMG_0050.mp4,199,6.639966666666667,29.97002997002997,23,2,traffic_signs,0.4050111770629883,1957.2310791015625,1290.7685546875,1991.378173828125,1335.6712646484375,1974.3046264648438,1313.2199096679688,34.1470947265625,44.9027099609375
IMG_0050.mp4,199,6.639966666666667,29.97002997002997,24,2,traffic_signs,0.731673538684845,896.1192626953125,1098.4996337890625,962.0653076171875,1168.1517333984375,929.09228515625,1133.32568359375,65.946044921875,69.652099609375
IMG_0050.mp4,200,6.673333333333334,29.97002997002997,18,0,auth_label,0.8133867979049683,899.0647583007812,1048.92431640625,1194.4239501953125,1344.333740234375,1046.7443542480469,1196.6290283203125,295.35919189453125,295.409423828125
IMG_0050.mp4,200,6.673333333333334,29.97002997002997,16,2,traffic_signs,0.7880759835243225,1653.2291259765625,1241.57568359375,1685.5753173828125,1290.392578125,1669.4022216796875,1265.984130859375,32.34619140625,48.81689453125
IMG_0050.mp4,200,6.673333333333334,29.97002997002997,23,2,traffic_signs,0.4781533181667328,1958.479248046875,1290.5289306640625,1993.51318359375,1335.4796142578125,1975.9962158203125,1313.0042724609375,35.033935546875,44.95068359375
IMG_0050.mp4,200,6.673333333333334,29.97002997002997,24,2,traffic_signs,0.7452635169029236,887.48681640625,1097.3935546875,952.8526000976562,1168.0841064453125,920.1697082519531,1132.7388305664062,65.36578369140625,70.6905517578125
IMG_0050.mp4,201,6.7067000000000005,29.97002997002997,18,0,auth_label,0.8484063148498535,892.1278686523438,1046.527099609375,1193.5450439453125,1344.602783203125,1042.8364562988281,1195.56494140625,301.41717529296875,298.07568359375
IMG_0050.mp4,201,6.7067000000000005,29.97002997002997,16,2,traffic_signs,0.7842736840248108,1653.038818359375,1240.984130859375,1685.1292724609375,1290.1710205078125,1669.0840454101562,1265.5775756835938,32.0904541015625,49.1868896484375
IMG_0050.mp4,201,6.7067000000000005,29.97002997002997,23,2,traffic_signs,0.5200995206832886,1959.944580078125,1290.3846435546875,1994.6741943359375,1335.432373046875,1977.3093872070312,1312.9085083007812,34.7296142578125,45.0477294921875
IMG_0050.mp4,201,6.7067000000000005,29.97002997002997,24,2,traffic_signs,0.46018749475479126,879.3695068359375,1095.2900390625,945.7794189453125,1168.2135009765625,912.574462890625,1131.7517700195312,66.409912109375,72.9234619140625
IMG_0050.mp4,202,6.740066666666666,29.97002997002997,18,0,auth_label,0.8652963042259216,886.9273681640625,1042.8831787109375,1191.626953125,1344.58740234375,1039.2771606445312,1193.7352905273438,304.6995849609375,301.7042236328125
IMG_0050.mp4,202,6.740066666666666,29.97002997002997,16,2,traffic_signs,0.8104817271232605,1652.410400390625,1239.8564453125,1685.109375,1289.447265625,1668.7598876953125,1264.65185546875,32.698974609375,49.5908203125
IMG_0050.mp4,202,6.740066666666666,29.97002997002997,23,2,traffic_signs,0.7205227017402649,1961.30078125,1289.7833251953125,1996.619873046875,1335.1295166015625,1978.9603271484375,1312.4564208984375,35.319091796875,45.34619140625
IMG_0050.mp4,202,6.740066666666666,29.97002997002997,24,2,traffic_signs,0.483181357383728,872.5014038085938,1092.256591796875,938.6748657226562,1163.9296875,905.588134765625,1128.0931396484375,66.1734619140625,71.673095703125
IMG_0050.mp4,203,6.773433333333333,29.97002997002997,18,0,auth_label,0.9001480340957642,885.6246948242188,1039.2381591796875,1190.5623779296875,1343.77685546875,1038.0935363769531,1191.5075073242188,304.93768310546875,304.5386962890625
IMG_0050.mp4,203,6.773433333333333,29.97002997002997,16,2,traffic_signs,0.813801646232605,1652.2171630859375,1238.3807373046875,1685.1593017578125,1288.1329345703125,1668.688232421875,1263.2568359375,32.942138671875,49.752197265625
IMG_0050.mp4,203,6.773433333333333,29.97002997002997,23,2,traffic_signs,0.7755607962608337,1963.21923828125,1288.705322265625,1998.421875,1334.6529541015625,1980.820556640625,1311.6791381835938,35.20263671875,45.9476318359375
IMG_0050.mp4,203,6.773433333333333,29.97002997002997,24,2,traffic_signs,0.2935391366481781,864.5151977539062,1089.124267578125,929.7448120117188,1158.1943359375,897.1300048828125,1123.6593017578125,65.2296142578125,69.070068359375
IMG_0050.mp4,204,6.8068,29.97002997002997,18,0,auth_label,0.9100456833839417,886.747802734375,1038.4437255859375,1189.6956787109375,1342.70361328125,1038.2217407226562,1190.5736694335938,302.9478759765625,304.2598876953125
IMG_0050.mp4,204,6.8068,29.97002997002997,16,2,traffic_signs,0.831106424331665,1651.98828125,1237.483154296875,1685.075927734375,1286.9830322265625,1668.5321044921875,1262.2330932617188,33.087646484375,49.4998779296875
IMG_0050.mp4,204,6.8068,29.97002997002997,23,2,traffic_signs,0.804801881313324,1965.0924072265625,1287.5792236328125,1999.75439453125,1333.7652587890625,1982.4234008789062,1310.6722412109375,34.6619873046875,46.18603515625
IMG_0050.mp4,205,6.840166666666667,29.97002997002997,18,0,auth_label,0.8707149624824524,882.2481689453125,1034.052490234375,1189.26171875,1342.339111328125,1035.7549438476562,1188.19580078125,307.0135498046875,308.28662109375
IMG_0050.mp4,205,6.840166666666667,29.97002997002997,16,2,traffic_signs,0.7892339825630188,1652.118896484375,1237.0404052734375,1684.8487548828125,1286.3724365234375,1668.4838256835938,1261.7064208984375,32.7298583984375,49.33203125
IMG_0050.mp4,205,6.840166666666667,29.97002997002997,23,2,traffic_signs,0.7424574494361877,1967.3394775390625,1288.451171875,2001.344970703125,1332.9666748046875,1984.3422241210938,1310.7089233398438,34.0054931640625,44.5155029296875
IMG_0050.mp4,205,6.840166666666667,29.97002997002997,24,2,traffic_signs,0.8336467742919922,848.4948120117188,1084.908203125,917.7174682617188,1153.122314453125,883.1061401367188,1119.0152587890625,69.22265625,68.214111328125
IMG_0050.mp4,206,6.8735333333333335,29.97002997002997,18,0,auth_label,0.9101717472076416,879.4486083984375,1030.400390625,1187.54443359375,1341.6451416015625,1033.4965209960938,1186.0227661132812,308.0958251953125,311.2447509765625
IMG_0050.mp4,206,6.8735333333333335,29.97002997002997,16,2,traffic_signs,0.7809375524520874,1651.1278076171875,1236.9615478515625,1684.14208984375,1286.067626953125,1667.6349487304688,1261.5145874023438,33.0142822265625,49.1060791015625
IMG_0050.mp4,206,6.8735333333333335,29.97002997002997,23,2,traffic_signs,0.6777032017707825,1969.4718017578125,1289.296875,2001.4434814453125,1332.9041748046875,1985.4576416015625,1311.1005249023438,31.9716796875,43.6072998046875
IMG_0050.mp4,206,6.8735333333333335,29.97002997002997,24,2,traffic_signs,0.7660647034645081,838.7057495117188,1082.79931640625,908.6921997070312,1151.586181640625,873.698974609375,1117.1927490234375,69.9864501953125,68.786865234375
IMG_0050.mp4,207,6.9069,29.97002997002997,18,0,auth_label,0.885930061340332,877.8233032226562,1026.988525390625,1186.15380859375,1341.2510986328125,1031.9885559082031,1184.1198120117188,308.33050537109375,314.2625732421875
IMG_0050.mp4,207,6.9069,29.97002997002997,16,2,traffic_signs,0.8179967999458313,1650.3927001953125,1235.5709228515625,1684.541259765625,1285.4410400390625,1667.4669799804688,1260.5059814453125,34.1485595703125,49.8701171875
IMG_0050.mp4,207,6.9069,29.97002997002997,23,2,traffic_signs,0.7685856223106384,1971.8226318359375,1289.9200439453125,2003.8558349609375,1333.2950439453125,1987.8392333984375,1311.6075439453125,32.033203125,43.375
IMG_0050.mp4,207,6.9069,29.97002997002997,24,2,traffic_signs,0.7455563545227051,831.4158325195312,1080.8408203125,901.45849609375,1149.112548828125,866.4371643066406,1114.9766845703125,70.04266357421875,68.271728515625
IMG_0050.mp4,208,6.940266666666667,29.97002997002997,18,0,auth_label,0.8753533363342285,876.6965942382812,1025.3841552734375,1186.1011962890625,1340.4366455078125,1031.3988952636719,1182.910400390625,309.40460205078125,315.052490234375
IMG_0050.mp4,208,6.940266666666667,29.97002997002997,16,2,traffic_signs,0.8247867226600647,1650.2337646484375,1234.1358642578125,1685.288330078125,1285.070068359375,1667.7610473632812,1259.6029663085938,35.0545654296875,50.9342041015625
IMG_0050.mp4,208,6.940266666666667,29.97002997002997,23,2,traffic_signs,0.7645288705825806,1974.235107421875,1289.9052734375,2005.8018798828125,1333.6881103515625,1990.0184936523438,1311.7966918945312,31.5667724609375,43.7828369140625
IMG_0050.mp4,208,6.940266666666667,29.97002997002997,24,2,traffic_signs,0.6804312467575073,826.3670654296875,1078.6298828125,897.2151489257812,1146.765869140625,861.7911071777344,1112.6978759765625,70.84808349609375,68.135986328125
IMG_0050.mp4,209,6.973633333333334,29.97002997002997,18,0,auth_label,0.8835210204124451,871.3621826171875,1024.899169921875,1184.040771484375,1340.734619140625,1027.7014770507812,1182.81689453125,312.6785888671875,315.83544921875
IMG_0050.mp4,209,6.973633333333334,29.97002997002997,16,2,traffic_signs,0.8526978492736816,1649.300537109375,1232.22705078125,1685.622802734375,1284.5689697265625,1667.461669921875,1258.3980102539062,36.322265625,52.3419189453125
IMG_0050.mp4,209,6.973633333333334,29.97002997002997,23,2,traffic_signs,0.43204936385154724,1976.3974609375,1288.9393310546875,2007.8065185546875,1332.779052734375,1992.1019897460938,1310.8591918945312,31.4090576171875,43.8397216796875
IMG_0050.mp4,209,6.973633333333334,29.97002997002997,24,2,traffic_signs,0.6307899951934814,818.0730590820312,1074.579833984375,889.2771606445312,1144.88671875,853.6751098632812,1109.7332763671875,71.2041015625,70.306884765625
IMG_0050.mp4,209,6.973633333333334,29.97002997002997,27,2,traffic_signs,0.4228575825691223,1884.2298583984375,1243.6356201171875,1902.9097900390625,1293.908935546875,1893.56982421875,1268.7722778320312,18.679931640625,50.2733154296875
IMG_0050.mp4,210,7.007000000000001,29.97002997002997,18,0,auth_label,0.9048716425895691,867.755615234375,1023.7572021484375,1182.9967041015625,1340.7161865234375,1025.3761596679688,1182.2366943359375,315.2410888671875,316.958984375
IMG_0050.mp4,210,7.007000000000001,29.97002997002997,16,2,traffic_signs,0.8585354089736938,1648.95361328125,1230.8673095703125,1685.3267822265625,1283.8017578125,1667.1401977539062,1257.3345336914062,36.3731689453125,52.9344482421875
IMG_0050.mp4,210,7.007000000000001,29.97002997002997,23,2,traffic_signs,0.5446807742118835,1978.550048828125,1286.383056640625,2011.3701171875,1330.8489990234375,1994.9600830078125,1308.6160278320312,32.820068359375,44.4659423828125
IMG_0050.mp4,210,7.007000000000001,29.97002997002997,24,2,traffic_signs,0.4948815703392029,810.5686645507812,1071.3206787109375,880.7985229492188,1142.3780517578125,845.68359375,1106.849365234375,70.2298583984375,71.057373046875
IMG_0050.mp4,210,7.007000000000001,29.97002997002997,27,2,traffic_signs,0.4126415252685547,1884.881591796875,1243.4095458984375,1903.73193359375,1293.5499267578125,1894.3067626953125,1268.479736328125,18.850341796875,50.140380859375
IMG_0050.mp4,211,7.040366666666666,29.97002997002997,18,0,auth_label,0.8767223954200745,863.9367065429688,1023.1364135742188,1181.773681640625,1340.847900390625,1022.8551940917969,1181.9921569824219,317.83697509765625,317.71148681640625
IMG_0050.mp4,211,7.040366666666666,29.97002997002997,16,2,traffic_signs,0.8550588488578796,1648.6068115234375,1230.6138916015625,1684.0546875,1283.098388671875,1666.3307495117188,1256.8561401367188,35.4478759765625,52.4844970703125
IMG_0050.mp4,211,7.040366666666666,29.97002997002997,23,2,traffic_signs,0.6695480346679688,1980.6094970703125,1284.6783447265625,2015.008544921875,1330.9473876953125,1997.8090209960938,1307.8128662109375,34.3990478515625,46.26904296875
IMG_0050.mp4,211,7.040366666666666,29.97002997002997,24,2,traffic_signs,0.6167721748352051,802.1655883789062,1067.7376708984375,873.4822998046875,1141.9310302734375,837.8239440917969,1104.8343505859375,71.31671142578125,74.193359375
IMG_0050.mp4,211,7.040366666666666,29.97002997002997,27,2,traffic_signs,0.3031497299671173,1885.123779296875,1242.1695556640625,1904.2332763671875,1292.9368896484375,1894.6785278320312,1267.55322265625,19.1094970703125,50.767333984375
IMG_0050.mp4,212,7.073733333333333,29.97002997002997,18,0,auth_label,0.8633543252944946,861.1569213867188,1021.6543579101562,1181.227783203125,1341.2021484375,1021.1923522949219,1181.4282531738281,320.07086181640625,319.54779052734375
IMG_0050.mp4,212,7.073733333333333,29.97002997002997,16,2,traffic_signs,0.840063750743866,1648.27587890625,1230.5335693359375,1682.753173828125,1282.3111572265625,1665.5145263671875,1256.42236328125,34.477294921875,51.777587890625
IMG_0050.mp4,212,7.073733333333333,29.97002997002997,23,2,traffic_signs,0.6866727471351624,1982.595947265625,1283.552734375,2018.221923828125,1330.98291015625,2000.408935546875,1307.267822265625,35.6259765625,47.43017578125
IMG_0050.mp4,212,7.073733333333333,29.97002997002997,24,2,traffic_signs,0.4269018769264221,794.2379150390625,1065.9705810546875,865.6919555664062,1140.16162109375,829.9649353027344,1103.0661010742188,71.45404052734375,74.1910400390625
IMG_0050.mp4,213,7.1071,29.97002997002997,18,0,auth_label,0.8414453268051147,856.3065185546875,1019.8284301757812,1180.4473876953125,1340.7669677734375,1018.376953125,1180.2976989746094,324.140869140625,320.93853759765625
IMG_0050.mp4,213,7.1071,29.97002997002997,16,2,traffic_signs,0.8347243070602417,1648.4501953125,1229.59814453125,1683.4788818359375,1281.4053955078125,1665.9645385742188,1255.5017700195312,35.0286865234375,51.8072509765625
IMG_0050.mp4,213,7.1071,29.97002997002997,23,2,traffic_signs,0.7931403517723083,1985.058349609375,1281.77783203125,2022.89697265625,1330.0382080078125,2003.9776611328125,1305.9080200195312,37.838623046875,48.2603759765625
IMG_0050.mp4,214,7.140466666666667,29.97002997002997,18,0,auth_label,0.7919804453849792,854.2681274414062,1017.4280395507812,1180.1190185546875,1341.1597900390625,1017.1935729980469,1179.2939147949219,325.85089111328125,323.73175048828125
IMG_0050.mp4,214,7.140466666666667,29.97002997002997,16,2,traffic_signs,0.8260162472724915,1648.729248046875,1228.644287109375,1683.9051513671875,1280.576171875,1666.3171997070312,1254.6102294921875,35.1759033203125,51.931884765625
IMG_0050.mp4,214,7.140466666666667,29.97002997002997,23,2,traffic_signs,0.8293404579162598,1987.406982421875,1278.498046875,2026.50146484375,1329.0526123046875,2006.9542236328125,1303.7753295898438,39.094482421875,50.5545654296875
IMG_0050.mp4,214,7.140466666666667,29.97002997002997,27,2,traffic_signs,0.38553592562675476,1886.5228271484375,1238.064697265625,1905.630615234375,1291.269287109375,1896.0767211914062,1264.6669921875,19.1077880859375,53.20458984375
IMG_0050.mp4,215,7.1738333333333335,29.97002997002997,18,0,auth_label,0.7919211983680725,851.9623413085938,1014.7989501953125,1180.057861328125,1340.9761962890625,1016.0101013183594,1177.8875732421875,328.09552001953125,326.17724609375
IMG_0050.mp4,215,7.1738333333333335,29.97002997002997,16,2,traffic_signs,0.8170806765556335,1648.6466064453125,1227.726318359375,1683.8597412109375,1279.8726806640625,1666.253173828125,1253.7994995117188,35.213134765625,52.1463623046875
IMG_0050.mp4,215,7.1738333333333335,29.97002997002997,23,2,traffic_signs,0.8299056887626648,1988.709716796875,1278.302490234375,2027.5355224609375,1328.3409423828125,2008.1226196289062,1303.3217163085938,38.8258056640625,50.0384521484375
IMG_0050.mp4,215,7.1738333333333335,29.97002997002997,27,2,traffic_signs,0.3418963849544525,1886.200927734375,1236.226806640625,1905.8858642578125,1290.350341796875,1896.0433959960938,1263.28857421875,19.6849365234375,54.12353515625
IMG_0050.mp4,216,7.2072,29.97002997002997,18,0,auth_label,0.8115614056587219,849.9848022460938,1010.4295043945312,1182.1123046875,1339.63134765625,1016.0485534667969,1175.0304260253906,332.12750244140625,329.20184326171875
IMG_0050.mp4,216,7.2072,29.97002997002997,16,2,traffic_signs,0.7653456330299377,1648.76025390625,1226.633056640625,1683.749267578125,1278.765380859375,1666.2547607421875,1252.69921875,34.989013671875,52.13232421875
IMG_0050.mp4,216,7.2072,29.97002997002997,23,2,traffic_signs,0.7803723812103271,1991.4320068359375,1279.71337890625,2026.18896484375,1327.9161376953125,2008.8104858398438,1303.8147583007812,34.7569580078125,48.2027587890625
IMG_0050.mp4,216,7.2072,29.97002997002997,27,2,traffic_signs,0.31539949774742126,1886.7373046875,1234.7271728515625,1906.966796875,1289.918701171875,1896.85205078125,1262.3229370117188,20.2294921875,55.1915283203125
IMG_0050.mp4,217,7.240566666666667,29.97002997002997,18,0,auth_label,0.7021245360374451,849.4610595703125,1008.5156860351562,1184.2630615234375,1339.00390625,1016.862060546875,1173.7597961425781,334.802001953125,330.48822021484375
IMG_0050.mp4,217,7.240566666666667,29.97002997002997,16,2,traffic_signs,0.8322511315345764,1648.8782958984375,1225.4722900390625,1684.1600341796875,1277.706298828125,1666.5191650390625,1251.5892944335938,35.28173828125,52.2340087890625
IMG_0050.mp4,217,7.240566666666667,29.97002997002997,23,2,traffic_signs,0.7997632622718811,1994.23486328125,1280.571533203125,2026.4364013671875,1326.7607421875,2010.3356323242188,1303.6661376953125,32.2015380859375,46.189208984375
IMG_0050.mp4,217,7.240566666666667,29.97002997002997,27,2,traffic_signs,0.2848621606826782,1886.747314453125,1234.773193359375,1908.248291015625,1290.2745361328125,1897.497802734375,1262.5238647460938,21.5009765625,55.5013427734375
IMG_0050.mp4,218,7.273933333333334,29.97002997002997,18,0,auth_label,0.4181988835334778,848.2254028320312,1006.7764892578125,1184.9127197265625,1338.69775390625,1016.5690612792969,1172.7371215820312,336.68731689453125,331.9212646484375
IMG_0050.mp4,218,7.273933333333334,29.97002997002997,16,2,traffic_signs,0.7962421774864197,1649.5281982421875,1224.2552490234375,1685.4827880859375,1276.57861328125,1667.5054931640625,1250.4169311523438,35.95458984375,52.3233642578125
IMG_0050.mp4,218,7.273933333333334,29.97002997002997,23,2,traffic_signs,0.7690961360931396,1997.7701416015625,1280.4918212890625,2030.771240234375,1325.584228515625,2014.2706909179688,1303.0380249023438,33.0010986328125,45.0924072265625
IMG_0050.mp4,218,7.273933333333334,29.97002997002997,27,2,traffic_signs,0.5246953368186951,1887.6207275390625,1233.9349365234375,1909.927978515625,1289.900390625,1898.7743530273438,1261.9176635742188,22.3072509765625,55.9654541015625
IMG_0050.mp4,219,7.307300000000001,29.97002997002997,18,0,auth_label,0.3228095471858978,846.6057739257812,1004.76416015625,1185.2908935546875,1338.9432373046875,1015.9483337402344,1171.8536987304688,338.68511962890625,334.1790771484375
IMG_0050.mp4,219,7.307300000000001,29.97002997002997,16,2,traffic_signs,0.7758932113647461,1649.8001708984375,1222.8487548828125,1685.6942138671875,1275.5762939453125,1667.7471923828125,1249.2125244140625,35.89404296875,52.7275390625
IMG_0050.mp4,219,7.307300000000001,29.97002997002997,27,2,traffic_signs,0.581675112247467,1888.0726318359375,1233.55224609375,1910.4697265625,1288.72900390625,1899.2711791992188,1261.140625,22.3970947265625,55.1767578125
IMG_0050.mp4,220,7.3406666666666665,29.97002997002997,18,0,auth_label,0.48071205615997314,845.9928588867188,1004.20068359375,1183.7469482421875,1338.4261474609375,1014.8699035644531,1171.3134155273438,337.75408935546875,334.2254638671875
IMG_0050.mp4,220,7.3406666666666665,29.97002997002997,16,2,traffic_signs,0.7699922323226929,1650.5400390625,1221.8446044921875,1685.8297119140625,1274.765380859375,1668.1848754882812,1248.3049926757812,35.2896728515625,52.9207763671875
IMG_0050.mp4,220,7.3406666666666665,29.97002997002997,27,2,traffic_signs,0.5160410404205322,1888.483154296875,1231.3013916015625,1912.003662109375,1287.90380859375,1900.243408203125,1259.6026000976562,23.5205078125,56.6024169921875
IMG_0050.mp4,220,7.3406666666666665,29.97002997002997,23,2,traffic_signs,0.7012342214584351,2002.9296875,1278.0968017578125,2038.1029052734375,1324.14892578125,2020.5162963867188,1301.1228637695312,35.1732177734375,46.0521240234375
IMG_0050.mp4,221,7.374033333333333,29.97002997002997,18,0,auth_label,0.5741422772407532,844.4978637695312,1002.4755249023438,1182.544921875,1338.6131591796875,1013.5213928222656,1170.5443420410156,338.04705810546875,336.13763427734375
IMG_0050.mp4,221,7.374033333333333,29.97002997002997,16,2,traffic_signs,0.8157791495323181,1650.371826171875,1221.074462890625,1685.7755126953125,1274.598876953125,1668.0736694335938,1247.836669921875,35.4036865234375,53.5244140625
IMG_0050.mp4,221,7.374033333333333,29.97002997002997,27,2,traffic_signs,0.5213826298713684,1888.9619140625,1230.3070068359375,1913.208740234375,1287.052490234375,1901.0853271484375,1258.6797485351562,24.246826171875,56.7454833984375
IMG_0050.mp4,221,7.374033333333333,29.97002997002997,23,2,traffic_signs,0.8107949495315552,2005.2364501953125,1277.7431640625,2040.80615234375,1324.0196533203125,2023.0213012695312,1300.8814086914062,35.5697021484375,46.2764892578125
IMG_0050.mp4,221,7.374033333333333,29.97002997002997,24,2,traffic_signs,0.46505364775657654,716.0127563476562,1043.302978515625,800.7786865234375,1123.13818359375,758.3957214355469,1083.2205810546875,84.76593017578125,79.835205078125
IMG_0050.mp4,222,7.4074,29.97002997002997,18,0,auth_label,0.49179866909980774,842.419677734375,1000.28173828125,1183.6385498046875,1338.1881103515625,1013.0291137695312,1169.2349243164062,341.2188720703125,337.9063720703125
IMG_0050.mp4,222,7.4074,29.97002997002997,16,2,traffic_signs,0.779241144657135,1650.973388671875,1219.879150390625,1685.6240234375,1273.789794921875,1668.2987060546875,1246.83447265625,34.650634765625,53.91064453125
IMG_0050.mp4,222,7.4074,29.97002997002997,27,2,traffic_signs,0.5554860830307007,1889.9625244140625,1228.9112548828125,1914.39501953125,1284.768798828125,1902.1787719726562,1256.8400268554688,24.4324951171875,55.8575439453125
IMG_0050.mp4,222,7.4074,29.97002997002997,23,2,traffic_signs,0.8390343189239502,2008.0369873046875,1276.880615234375,2044.6900634765625,1324.0277099609375,2026.363525390625,1300.4541625976562,36.653076171875,47.1470947265625
IMG_0050.mp4,222,7.4074,29.97002997002997,24,2,traffic_signs,0.5154110193252563,711.8829956054688,1039.8758544921875,792.8268432617188,1120.247802734375,752.3549194335938,1080.0618286132812,80.94384765625,80.3719482421875
IMG_0050.mp4,223,7.440766666666667,29.97002997002997,18,0,auth_label,0.6333469152450562,842.241455078125,998.510498046875,1184.2352294921875,1338.410888671875,1013.2383422851562,1168.460693359375,341.9937744140625,339.900390625
IMG_0050.mp4,223,7.440766666666667,29.97002997002997,16,2,traffic_signs,0.8302291035652161,1652.6683349609375,1218.693603515625,1686.9822998046875,1273.23876953125,1669.8253173828125,1245.9661865234375,34.31396484375,54.545166015625
IMG_0050.mp4,223,7.440766666666667,29.97002997002997,27,2,traffic_signs,0.6494976878166199,1891.43701171875,1227.0269775390625,1915.8536376953125,1284.136962890625,1903.6453247070312,1255.5819702148438,24.4166259765625,57.1099853515625
IMG_0050.mp4,223,7.440766666666667,29.97002997002997,23,2,traffic_signs,0.8493756651878357,2012.1409912109375,1275.3548583984375,2048.651123046875,1323.841796875,2030.3960571289062,1299.5983276367188,36.5101318359375,48.4869384765625
IMG_0050.mp4,224,7.4741333333333335,29.97002997002997,18,0,auth_label,0.756131649017334,839.1315307617188,996.4111328125,1182.5909423828125,1338.81884765625,1010.8612365722656,1167.614990234375,343.45941162109375,342.40771484375
IMG_0050.mp4,224,7.4741333333333335,29.97002997002997,16,2,traffic_signs,0.824979841709137,1652.1007080078125,1217.419921875,1687.1201171875,1271.6561279296875,1669.6104125976562,1244.5380249023438,35.0194091796875,54.2362060546875
IMG_0050.mp4,224,7.4741333333333335,29.97002997002997,27,2,traffic_signs,0.6441048979759216,1891.306640625,1226.2159423828125,1915.7423095703125,1282.4996337890625,1903.5244750976562,1254.3577880859375,24.4356689453125,56.28369140625
IMG_0050.mp4,224,7.4741333333333335,29.97002997002997,23,2,traffic_signs,0.8520869016647339,2014.8170166015625,1275.7305908203125,2050.6640625,1323.916015625,2032.7405395507812,1299.8233032226562,35.8470458984375,48.1854248046875
IMG_0050.mp4,225,7.5075,29.97002997002997,18,0,auth_label,0.6831016540527344,837.0947265625,994.8921508789062,1183.3057861328125,1339.163818359375,1010.2002563476562,1167.0279846191406,346.2110595703125,344.27166748046875
IMG_0050.mp4,225,7.5075,29.97002997002997,16,2,traffic_signs,0.7921404838562012,1652.2122802734375,1215.6058349609375,1688.3675537109375,1270.6959228515625,1670.2899169921875,1243.15087890625,36.1552734375,55.090087890625
IMG_0050.mp4,225,7.5075,29.97002997002997,27,2,traffic_signs,0.6999759078025818,1892.2117919921875,1224.3046875,1917.1241455078125,1281.9534912109375,1904.66796875,1253.1290893554688,24.912353515625,57.6488037109375
IMG_0050.mp4,225,7.5075,29.97002997002997,23,2,traffic_signs,0.8570644855499268,2018.1658935546875,1276.1895751953125,2053.007080078125,1323.5831298828125,2035.5864868164062,1299.8863525390625,34.8411865234375,47.3935546875
IMG_0050.mp4,226,7.540866666666667,29.97002997002997,18,0,auth_label,0.670361340045929,835.2547607421875,994.1775512695312,1181.8858642578125,1338.98583984375,1008.5703125,1166.5816955566406,346.631103515625,344.80828857421875
IMG_0050.mp4,226,7.540866666666667,29.97002997002997,16,2,traffic_signs,0.8054473996162415,1652.368408203125,1214.4609375,1689.5491943359375,1269.8853759765625,1670.9588012695312,1242.1731567382812,37.1807861328125,55.4244384765625
IMG_0050.mp4,226,7.540866666666667,29.97002997002997,27,2,traffic_signs,0.713051438331604,1893.2039794921875,1222.7471923828125,1918.0816650390625,1282.0040283203125,1905.642822265625,1252.3756103515625,24.877685546875,59.2568359375
IMG_0050.mp4,226,7.540866666666667,29.97002997002997,23,2,traffic_signs,0.8396185636520386,2021.7020263671875,1275.6920166015625,2055.97900390625,1322.919189453125,2038.8405151367188,1299.3056030273438,34.2769775390625,47.2271728515625
IMG_0050.mp4,226,7.540866666666667,29.97002997002997,28,0,auth_label,0.39156532287597656,838.1348876953125,994.675048828125,1182.4749755859375,1332.1151123046875,1010.304931640625,1163.3950805664062,344.340087890625,337.4400634765625
IMG_0050.mp4,227,7.574233333333334,29.97002997002997,18,0,auth_label,0.5061171054840088,833.8755493164062,993.3201293945312,1180.8203125,1338.916015625,1007.3479309082031,1166.1180725097656,346.94476318359375,345.59588623046875
IMG_0050.mp4,227,7.574233333333334,29.97002997002997,16,2,traffic_signs,0.8079269528388977,1652.6650390625,1213.8319091796875,1690.4954833984375,1269.3509521484375,1671.5802612304688,1241.5914306640625,37.8304443359375,55.51904296875
IMG_0050.mp4,227,7.574233333333334,29.97002997002997,27,2,traffic_signs,0.5323909521102905,1894.3524169921875,1221.326416015625,1918.7520751953125,1280.7208251953125,1906.55224609375,1251.0236206054688,24.399658203125,59.3944091796875
IMG_0050.mp4,227,7.574233333333334,29.97002997002997,23,2,traffic_signs,0.4327929615974426,2024.494873046875,1274.0421142578125,2060.0029296875,1322.502197265625,2042.2489013671875,1298.2721557617188,35.508056640625,48.4600830078125
IMG_0050.mp4,227,7.574233333333334,29.97002997002997,28,0,auth_label,0.6729817390441895,836.3243408203125,993.2120971679688,1182.0343017578125,1332.32470703125,1009.1793212890625,1162.7684020996094,345.7099609375,339.11260986328125
IMG_0050.mp4,228,7.6076,29.97002997002997,16,2,traffic_signs,0.8238732814788818,1653.4840087890625,1214.163330078125,1690.3431396484375,1269.1395263671875,1671.91357421875,1241.6514282226562,36.859130859375,54.9761962890625
IMG_0050.mp4,228,7.6076,29.97002997002997,27,2,traffic_signs,0.5161188840866089,1895.801025390625,1220.40625,1920.3214111328125,1280.0814208984375,1908.0612182617188,1250.2438354492188,24.5203857421875,59.6751708984375
IMG_0050.mp4,228,7.6076,29.97002997002997,23,2,traffic_signs,0.8139979839324951,2027.6524658203125,1274.511962890625,2062.9423828125,1322.043701171875,2045.2974243164062,1298.27783203125,35.2899169921875,47.53173828125
IMG_0050.mp4,229,7.6409666666666665,29.97002997002997,16,2,traffic_signs,0.822827160358429,1653.9581298828125,1213.8839111328125,1690.0596923828125,1268.5830078125,1672.0089111328125,1241.2334594726562,36.1015625,54.6990966796875
IMG_0050.mp4,229,7.6409666666666665,29.97002997002997,27,2,traffic_signs,0.7126723527908325,1896.625,1216.229736328125,1921.0445556640625,1278.3831787109375,1908.8347778320312,1247.3064575195312,24.4195556640625,62.1534423828125
IMG_0050.mp4,229,7.6409666666666665,29.97002997002997,23,2,traffic_signs,0.8643190860748291,2030.7657470703125,1273.638671875,2067.691650390625,1322.6224365234375,2049.2286987304688,1298.1305541992188,36.9259033203125,48.9837646484375
IMG_0050.mp4,229,7.6409666666666665,29.97002997002997,18,0,auth_label,0.921973705291748,831.9159545898438,991.1699829101562,1180.2376708984375,1333.0546875,1006.0768127441406,1162.1123352050781,348.32171630859375,341.88470458984375
IMG_0050.mp4,230,7.674333333333333,29.97002997002997,16,2,traffic_signs,0.8347315788269043,1654.5308837890625,1213.5943603515625,1690.2974853515625,1268.1734619140625,1672.4141845703125,1240.8839111328125,35.7666015625,54.5791015625
IMG_0050.mp4,230,7.674333333333333,29.97002997002997,27,2,traffic_signs,0.6283227801322937,1897.4005126953125,1214.1328125,1922.16064453125,1277.2125244140625,1909.7805786132812,1245.6726684570312,24.7601318359375,63.0797119140625
IMG_0050.mp4,230,7.674333333333333,29.97002997002997,23,2,traffic_signs,0.7588655948638916,2034.55126953125,1272.63623046875,2070.972412109375,1322.0511474609375,2052.7618408203125,1297.3436889648438,36.421142578125,49.4149169921875
IMG_0050.mp4,230,7.674333333333333,29.97002997002997,18,0,auth_label,0.944786787033081,830.2265625,989.3820190429688,1179.519775390625,1331.2484130859375,1004.8731689453125,1160.3152160644531,349.293212890625,341.86639404296875
IMG_0050.mp4,231,7.7077,29.97002997002997,16,2,traffic_signs,0.8336099982261658,1654.172607421875,1212.6943359375,1688.767822265625,1266.974853515625,1671.47021484375,1239.8345947265625,34.59521484375,54.280517578125
IMG_0050.mp4,231,7.7077,29.97002997002997,27,2,traffic_signs,0.6759064197540283,1897.1737060546875,1212.441650390625,1923.0567626953125,1275.3114013671875,1910.115234375,1243.8765258789062,25.883056640625,62.8697509765625
IMG_0050.mp4,231,7.7077,29.97002997002997,23,2,traffic_signs,0.8771108984947205,2037.1954345703125,1272.5111083984375,2072.256103515625,1321.6937255859375,2054.7257690429688,1297.1024169921875,35.0606689453125,49.1826171875
IMG_0050.mp4,231,7.7077,29.97002997002997,18,0,auth_label,0.9553537964820862,827.7432250976562,986.99951171875,1177.6849365234375,1330.6109619140625,1002.7140808105469,1158.8052368164062,349.94171142578125,343.6114501953125
IMG_0050.mp4,232,7.741066666666667,29.97002997002997,16,2,traffic_signs,0.8360392451286316,1655.09814453125,1211.4473876953125,1689.4400634765625,1266.0565185546875,1672.2691040039062,1238.751953125,34.3419189453125,54.609130859375
IMG_0050.mp4,232,7.741066666666667,29.97002997002997,27,2,traffic_signs,0.7513862252235413,1897.8970947265625,1211.736328125,1924.379638671875,1275.170166015625,1911.1383666992188,1243.4532470703125,26.4825439453125,63.433837890625
IMG_0050.mp4,232,7.741066666666667,29.97002997002997,23,2,traffic_signs,0.8508312106132507,2041.163818359375,1273.05029296875,2073.699462890625,1320.867919921875,2057.431640625,1296.9591064453125,32.53564453125,47.817626953125
IMG_0050.mp4,232,7.741066666666667,29.97002997002997,18,0,auth_label,0.9729757905006409,827.9801025390625,985.472412109375,1177.7955322265625,1330.109619140625,1002.8878173828125,1157.791015625,349.8154296875,344.63720703125
IMG_0050.mp4,233,7.7744333333333335,29.97002997002997,16,2,traffic_signs,0.8378936052322388,1654.853271484375,1209.97119140625,1689.769775390625,1265.5235595703125,1672.3115234375,1237.7473754882812,34.91650390625,55.5523681640625
IMG_0050.mp4,233,7.7744333333333335,29.97002997002997,27,2,traffic_signs,0.8048964142799377,1897.903076171875,1209.129150390625,1924.78759765625,1274.8634033203125,1911.3453369140625,1241.9962768554688,26.884521484375,65.7342529296875
IMG_0050.mp4,233,7.7744333333333335,29.97002997002997,23,2,traffic_signs,0.8463597893714905,2044.6314697265625,1272.7501220703125,2077.8427734375,1320.4461669921875,2061.2371215820312,1296.59814453125,33.2113037109375,47.696044921875
IMG_0050.mp4,233,7.7744333333333335,29.97002997002997,18,0,auth_label,0.9751694202423096,825.7713012695312,985.1148681640625,1176.7716064453125,1329.81884765625,1001.2714538574219,1157.4668579101562,351.00030517578125,344.7039794921875
IMG_0050.mp4,234,7.8078,29.97002997002997,16,2,traffic_signs,0.8257170915603638,1655.1002197265625,1207.9556884765625,1690.1134033203125,1264.82763671875,1672.6068115234375,1236.3916625976562,35.01318359375,56.8719482421875
IMG_0050.mp4,234,7.8078,29.97002997002997,27,2,traffic_signs,0.7946865558624268,1897.81201171875,1208.4000244140625,1925.60546875,1273.9613037109375,1911.708740234375,1241.1806640625,27.79345703125,65.561279296875
IMG_0050.mp4,234,7.8078,29.97002997002997,23,2,traffic_signs,0.8241567015647888,2047.7808837890625,1272.669921875,2080.715087890625,1320.2196044921875,2064.2479858398438,1296.4447631835938,32.9342041015625,47.5496826171875
IMG_0050.mp4,234,7.8078,29.97002997002997,18,0,auth_label,0.970797061920166,822.4631958007812,984.748046875,1175.8138427734375,1329.7032470703125,999.1385192871094,1157.2256469726562,353.35064697265625,344.9552001953125
IMG_0050.mp4,235,7.841166666666667,29.97002997002997,16,2,traffic_signs,0.7693005204200745,1656.1192626953125,1205.4234619140625,1692.174072265625,1264.0887451171875,1674.1466674804688,1234.756103515625,36.0548095703125,58.665283203125
IMG_0050.mp4,235,7.841166666666667,29.97002997002997,27,2,traffic_signs,0.7709272503852844,1898.0849609375,1206.8980712890625,1927.05712890625,1272.193603515625,1912.571044921875,1239.5458374023438,28.97216796875,65.2955322265625
IMG_0050.mp4,235,7.841166666666667,29.97002997002997,23,2,traffic_signs,0.30789121985435486,2050.84912109375,1270.08544921875,2087.371826171875,1321.400146484375,2069.1104736328125,1295.7427978515625,36.522705078125,51.314697265625
IMG_0050.mp4,235,7.841166666666667,29.97002997002997,18,0,auth_label,0.9756787419319153,819.8213500976562,983.92431640625,1176.6812744140625,1329.135498046875,998.2513122558594,1156.5299072265625,356.85992431640625,345.211181640625
IMG_0050.mp4,236,7.874533333333334,29.97002997002997,16,2,traffic_signs,0.7853379845619202,1656.4144287109375,1205.3636474609375,1692.120849609375,1263.8328857421875,1674.2676391601562,1234.5982666015625,35.7064208984375,58.46923828125
IMG_0050.mp4,236,7.874533333333334,29.97002997002997,27,2,traffic_signs,0.7514652609825134,1898.3065185546875,1205.8028564453125,1927.8740234375,1270.898681640625,1913.0902709960938,1238.3507690429688,29.5675048828125,65.0958251953125
IMG_0050.mp4,236,7.874533333333334,29.97002997002997,23,2,traffic_signs,0.610451877117157,2054.229248046875,1268.3555908203125,2090.8525390625,1321.9571533203125,2072.5408935546875,1295.1563720703125,36.623291015625,53.6015625
IMG_0050.mp4,236,7.874533333333334,29.97002997002997,18,0,auth_label,0.9747793674468994,817.0020141601562,983.1602172851562,1175.787353515625,1328.91552734375,996.3946838378906,1156.0378723144531,358.78533935546875,345.75531005859375
IMG_0050.mp4,237,7.9079,29.97002997002997,16,2,traffic_signs,0.769267201423645,1657.0662841796875,1203.181640625,1693.7344970703125,1263.1295166015625,1675.400390625,1233.1555786132812,36.668212890625,59.9478759765625
IMG_0050.mp4,237,7.9079,29.97002997002997,27,2,traffic_signs,0.7786471843719482,1899.5948486328125,1205.0994873046875,1930.1021728515625,1270.15625,1914.8485107421875,1237.6278686523438,30.50732421875,65.0567626953125
IMG_0050.mp4,237,7.9079,29.97002997002997,23,2,traffic_signs,0.8466269969940186,2058.276123046875,1267.344482421875,2095.219970703125,1321.63134765625,2076.748046875,1294.4879150390625,36.94384765625,54.286865234375
IMG_0050.mp4,237,7.9079,29.97002997002997,18,0,auth_label,0.974665105342865,814.6897583007812,982.1448974609375,1176.0028076171875,1328.3076171875,995.3462829589844,1155.2262573242188,361.31304931640625,346.1627197265625
IMG_0050.mp4,238,7.9412666666666665,29.97002997002997,16,2,traffic_signs,0.7573205232620239,1657.2042236328125,1201.319580078125,1694.4407958984375,1262.7125244140625,1675.822509765625,1232.0160522460938,37.236572265625,61.3929443359375
IMG_0050.mp4,238,7.9412666666666665,29.97002997002997,27,2,traffic_signs,0.8329232335090637,1900.8692626953125,1204.5352783203125,1931.8515625,1268.798828125,1916.3604125976562,1236.6670532226562,30.9822998046875,64.2635498046875
IMG_0050.mp4,238,7.9412666666666665,29.97002997002997,23,2,traffic_signs,0.8340156078338623,2061.79443359375,1267.24755859375,2099.2509765625,1321.3209228515625,2080.522705078125,1294.2842407226562,37.45654296875,54.0733642578125
IMG_0050.mp4,238,7.9412666666666665,29.97002997002997,18,0,auth_label,0.9746668934822083,812.84423828125,980.5427856445312,1176.6875,1328.470703125,994.765869140625,1154.5067443847656,363.84326171875,347.92791748046875
IMG_0050.mp4,239,7.974633333333333,29.97002997002997,16,2,traffic_signs,0.7788872718811035,1657.392822265625,1202.2314453125,1692.529296875,1262.0791015625,1674.9610595703125,1232.1552734375,35.136474609375,59.84765625
IMG_0050.mp4,239,7.974633333333333,29.97002997002997,27,2,traffic_signs,0.8252108097076416,1901.4644775390625,1204.12353515625,1931.927490234375,1267.6287841796875,1916.6959838867188,1235.8761596679688,30.4630126953125,63.5052490234375
IMG_0050.mp4,239,7.974633333333333,29.97002997002997,23,2,traffic_signs,0.6789170503616333,2065.459716796875,1269.4769287109375,2100.118408203125,1320.626708984375,2082.7890625,1295.0518188476562,34.65869140625,51.1497802734375
IMG_0050.mp4,239,7.974633333333333,29.97002997002997,18,0,auth_label,0.9752852916717529,810.2420654296875,978.3899536132812,1176.607666015625,1328.9803466796875,993.4248657226562,1153.6851501464844,366.3656005859375,350.59039306640625
IMG_0050.mp4,240,8.008000000000001,29.97002997002997,16,2,traffic_signs,0.6533991098403931,1658.02099609375,1203.558837890625,1690.61669921875,1260.2467041015625,1674.31884765625,1231.9027709960938,32.595703125,56.6878662109375
IMG_0050.mp4,240,8.008000000000001,29.97002997002997,27,2,traffic_signs,0.8493096232414246,1901.5469970703125,1201.93017578125,1932.4083251953125,1267.1907958984375,1916.9776611328125,1234.5604858398438,30.861328125,65.2606201171875
IMG_0050.mp4,240,8.008000000000001,29.97002997002997,23,2,traffic_signs,0.7584764361381531,2068.177490234375,1269.8536376953125,2102.808837890625,1320.8963623046875,2085.4931640625,1295.375,34.63134765625,51.042724609375
IMG_0050.mp4,240,8.008000000000001,29.97002997002997,18,0,auth_label,0.9758686423301697,808.7547607421875,976.5696411132812,1177.208740234375,1328.8974609375,992.9817504882812,1152.7335510253906,368.4539794921875,352.32781982421875
IMG_0050.mp4,241,8.041366666666667,29.97002997002997,16,2,traffic_signs,0.5123244524002075,1657.8546142578125,1202.2335205078125,1691.4158935546875,1259.9173583984375,1674.63525390625,1231.075439453125,33.561279296875,57.683837890625
IMG_0050.mp4,241,8.041366666666667,29.97002997002997,27,2,traffic_signs,0.8745366334915161,1900.9769287109375,1199.00439453125,1934.6619873046875,1267.9432373046875,1917.8194580078125,1233.4738159179688,33.68505859375,68.9388427734375
IMG_0050.mp4,241,8.041366666666667,29.97002997002997,23,2,traffic_signs,0.7631607055664062,2071.240966796875,1266.1771240234375,2110.037353515625,1321.3763427734375,2090.63916015625,1293.7767333984375,38.79638671875,55.19921875
IMG_0050.mp4,241,8.041366666666667,29.97002997002997,18,0,auth_label,0.9747281670570374,807.39990234375,975.9057006835938,1177.139892578125,1328.8028564453125,992.2698974609375,1152.3542785644531,369.739990234375,352.89715576171875
IMG_0050.mp4,242,8.074733333333333,29.97002997002997,16,2,traffic_signs,0.5798031091690063,1657.8487548828125,1200.1705322265625,1692.4034423828125,1259.1729736328125,1675.1260986328125,1229.6717529296875,34.5546875,59.00244140625
IMG_0050.mp4,242,8.074733333333333,29.97002997002997,27,2,traffic_signs,0.8905617594718933,1901.9166259765625,1199.1727294921875,1934.6490478515625,1267.273193359375,1918.2828369140625,1233.2229614257812,32.732421875,68.1004638671875
IMG_0050.mp4,242,8.074733333333333,29.97002997002997,23,2,traffic_signs,0.8064210414886475,2074.22314453125,1264.7349853515625,2116.0732421875,1321.244384765625,2095.148193359375,1292.9896850585938,41.85009765625,56.5093994140625
IMG_0050.mp4,242,8.074733333333333,29.97002997002997,18,0,auth_label,0.9765803217887878,804.3078002929688,973.4005737304688,1177.6407470703125,1328.511962890625,990.9742736816406,1150.9562683105469,373.33294677734375,355.11138916015625
IMG_0050.mp4,243,8.1081,29.97002997002997,16,2,traffic_signs,0.7219144105911255,1656.334716796875,1200.2177734375,1690.7275390625,1258.0126953125,1673.5311279296875,1229.115234375,34.392822265625,57.794921875
IMG_0050.mp4,243,8.1081,29.97002997002997,27,2,traffic_signs,0.8905359506607056,1901.4581298828125,1198.6453857421875,1933.9053955078125,1266.3255615234375,1917.6817626953125,1232.4854736328125,32.447265625,67.68017578125
IMG_0050.mp4,243,8.1081,29.97002997002997,23,2,traffic_signs,0.8307104706764221,2076.727294921875,1260.8812255859375,2120.107666015625,1320.8160400390625,2098.41748046875,1290.8486328125,43.38037109375,59.934814453125
IMG_0050.mp4,243,8.1081,29.97002997002997,18,0,auth_label,0.9765927195549011,801.97265625,972.4983520507812,1176.00732421875,1328.223388671875,988.989990234375,1150.3608703613281,374.03466796875,355.72503662109375
IMG_0050.mp4,244,8.141466666666666,29.97002997002997,16,2,traffic_signs,0.6104695796966553,1655.759033203125,1199.57861328125,1690.76708984375,1256.912841796875,1673.2630615234375,1228.2457275390625,35.008056640625,57.334228515625
IMG_0050.mp4,244,8.141466666666666,29.97002997002997,27,2,traffic_signs,0.876171886920929,1901.6943359375,1196.7396240234375,1934.705078125,1265.4161376953125,1918.19970703125,1231.077880859375,33.0107421875,68.676513671875
IMG_0050.mp4,244,8.141466666666666,29.97002997002997,23,2,traffic_signs,0.8734704852104187,2080.881103515625,1261.3740234375,2123.927734375,1319.416015625,2102.4044189453125,1290.39501953125,43.046630859375,58.0419921875
IMG_0050.mp4,244,8.141466666666666,29.97002997002997,18,0,auth_label,0.9772696495056152,799.5294189453125,971.2653198242188,1175.5682373046875,1328.364990234375,987.548828125,1149.8151550292969,376.038818359375,357.09967041015625
IMG_0050.mp4,245,8.174833333333334,29.97002997002997,16,2,traffic_signs,0.5729895234107971,1655.6317138671875,1197.864013671875,1689.563720703125,1255.7548828125,1672.5977172851562,1226.8094482421875,33.9320068359375,57.890869140625
IMG_0050.mp4,245,8.174833333333334,29.97002997002997,27,2,traffic_signs,0.6701412796974182,1901.83984375,1195.635009765625,1936.246337890625,1264.9571533203125,1919.0430908203125,1230.2960815429688,34.406494140625,69.3221435546875
IMG_0050.mp4,245,8.174833333333334,29.97002997002997,23,2,traffic_signs,0.8688336610794067,2084.522705078125,1263.23681640625,2126.4228515625,1318.867431640625,2105.4727783203125,1291.0521240234375,41.900146484375,55.630615234375
IMG_0050.mp4,245,8.174833333333334,29.97002997002997,18,0,auth_label,0.9775649309158325,796.7838745117188,970.2007446289062,1173.96435546875,1327.8851318359375,985.3741149902344,1149.0429382324219,377.18048095703125,357.68438720703125
IMG_0050.mp4,246,8.2082,29.97002997002997,16,2,traffic_signs,0.43321630358695984,1655.5587158203125,1196.8909912109375,1688.539306640625,1253.94384765625,1672.0490112304688,1225.4174194335938,32.9805908203125,57.0528564453125
IMG_0050.mp4,246,8.2082,29.97002997002997,27,2,traffic_signs,0.49020177125930786,1902.470458984375,1193.9495849609375,1937.147705078125,1264.391845703125,1919.80908203125,1229.1707153320312,34.67724609375,70.4422607421875
IMG_0050.mp4,246,8.2082,29.97002997002997,23,2,traffic_signs,0.8733019232749939,2088.72900390625,1264.794189453125,2128.394287109375,1319.2138671875,2108.5616455078125,1292.0040283203125,39.665283203125,54.419677734375
IMG_0050.mp4,246,8.2082,29.97002997002997,18,0,auth_label,0.9781363606452942,794.9993896484375,968.9119262695312,1172.83447265625,1327.69970703125,983.9169311523438,1148.3058166503906,377.8350830078125,358.78778076171875
IMG_0050.mp4,246,8.2082,29.97002997002997,33,2,traffic_signs,0.4736720025539398,1902.1075439453125,1193.800537109375,1937.194580078125,1264.5885009765625,1919.6510620117188,1229.1945190429688,35.0870361328125,70.7879638671875
IMG_0050.mp4,247,8.241566666666667,29.97002997002997,16,2,traffic_signs,0.42043983936309814,1654.826416015625,1195.7662353515625,1688.4859619140625,1252.4656982421875,1671.6561889648438,1224.115966796875,33.6595458984375,56.699462890625
IMG_0050.mp4,247,8.241566666666667,29.97002997002997,27,2,traffic_signs,0.7580237984657288,1902.037109375,1191.6822509765625,1937.498291015625,1263.794189453125,1919.7677001953125,1227.7382202148438,35.461181640625,72.1119384765625
IMG_0050.mp4,247,8.241566666666667,29.97002997002997,23,2,traffic_signs,0.6936187148094177,2092.8544921875,1261.72802734375,2134.434326171875,1318.9398193359375,2113.6444091796875,1290.3339233398438,41.579833984375,57.2117919921875
IMG_0050.mp4,247,8.241566666666667,29.97002997002997,18,0,auth_label,0.9781681895256042,793.0117797851562,966.9535522460938,1172.0684814453125,1327.5372314453125,982.5401306152344,1147.2453918457031,379.05670166015625,360.58367919921875
IMG_0050.mp4,248,8.274933333333333,29.97002997002997,16,2,traffic_signs,0.4122024178504944,1655.5057373046875,1195.849609375,1687.4246826171875,1251.0267333984375,1671.4652099609375,1223.4381713867188,31.9189453125,55.1771240234375
IMG_0050.mp4,248,8.274933333333333,29.97002997002997,27,2,traffic_signs,0.7151674628257751,1901.830322265625,1187.4990234375,1939.0362548828125,1263.513671875,1920.4332885742188,1225.50634765625,37.2059326171875,76.0146484375
IMG_0050.mp4,248,8.274933333333333,29.97002997002997,23,2,traffic_signs,0.864146888256073,2096.1201171875,1261.0316162109375,2139.030517578125,1318.681640625,2117.5753173828125,1289.8566284179688,42.910400390625,57.6500244140625
IMG_0050.mp4,248,8.274933333333333,29.97002997002997,18,0,auth_label,0.9786930084228516,791.2720336914062,964.5850219726562,1173.144775390625,1328.527587890625,982.2084045410156,1146.5563049316406,381.87274169921875,363.94256591796875
IMG_0050.mp4,248,8.274933333333333,29.97002997002997,33,2,traffic_signs,0.3975626230239868,1903.098876953125,1186.7711181640625,1939.0174560546875,1263.2579345703125,1921.0581665039062,1225.0145263671875,35.9185791015625,76.48681640625
IMG_0050.mp4,249,8.308300000000001,29.97002997002997,16,2,traffic_signs,0.5550909042358398,1655.417724609375,1195.58740234375,1686.1697998046875,1249.86328125,1670.7937622070312,1222.725341796875,30.7520751953125,54.27587890625
IMG_0050.mp4,249,8.308300000000001,29.97002997002997,27,2,traffic_signs,0.34969931840896606,1901.8582763671875,1186.8736572265625,1938.6746826171875,1261.863037109375,1920.2664794921875,1224.3683471679688,36.81640625,74.9893798828125
IMG_0050.mp4,249,8.308300000000001,29.97002997002997,23,2,traffic_signs,0.8785784244537354,2099.09375,1260.8372802734375,2142.355224609375,1318.907470703125,2120.7244873046875,1289.8723754882812,43.261474609375,58.0701904296875
IMG_0050.mp4,249,8.308300000000001,29.97002997002997,18,0,auth_label,0.978325366973877,788.656494140625,962.4977416992188,1172.04443359375,1328.4991455078125,980.3504638671875,1145.4984436035156,383.387939453125,366.00140380859375
IMG_0050.mp4,249,8.308300000000001,29.97002997002997,33,2,traffic_signs,0.3287699222564697,1903.0836181640625,1186.4034423828125,1937.925537109375,1261.542724609375,1920.5045776367188,1223.9730834960938,34.8419189453125,75.1392822265625
IMG_0050.mp4,250,8.341666666666667,29.97002997002997,16,2,traffic_signs,0.4083796441555023,1654.7685546875,1195.5205078125,1684.48779296875,1248.140380859375,1669.628173828125,1221.8304443359375,29.71923828125,52.619873046875
IMG_0050.mp4,250,8.341666666666667,29.97002997002997,27,2,traffic_signs,0.7949144244194031,1901.0682373046875,1185.8927001953125,1938.0560302734375,1260.1767578125,1919.5621337890625,1223.0347290039062,36.98779296875,74.2840576171875
IMG_0050.mp4,250,8.341666666666667,29.97002997002997,23,2,traffic_signs,0.8950085043907166,2102.182861328125,1260.2154541015625,2145.033203125,1317.688232421875,2123.6080322265625,1288.9518432617188,42.850341796875,57.4727783203125
IMG_0050.mp4,250,8.341666666666667,29.97002997002997,18,0,auth_label,0.9779781103134155,787.4448852539062,960.9854125976562,1172.1649169921875,1328.322998046875,979.8049011230469,1144.6542053222656,384.72003173828125,367.33758544921875
IMG_0050.mp4,250,8.341666666666667,29.97002997002997,33,2,traffic_signs,0.3477834463119507,1902.288330078125,1185.6923828125,1937.422119140625,1259.8668212890625,1919.855224609375,1222.7796020507812,35.1337890625,74.1744384765625
IMG_0050.mp4,250,8.341666666666667,29.97002997002997,35,2,traffic_signs,0.6055692434310913,1668.9476318359375,1148.6585693359375,1708.1175537109375,1195.28515625,1688.5325927734375,1171.9718627929688,39.169921875,46.6265869140625
IMG_0050.mp4,250,8.341666666666667,29.97002997002997,36,2,traffic_signs,0.4006938338279724,1165.0263671875,1166.220947265625,1183.9857177734375,1214.7806396484375,1174.5060424804688,1190.5007934570312,18.9593505859375,48.5596923828125
IMG_0050.mp4,251,8.375033333333333,29.97002997002997,16,2,traffic_signs,0.7047157287597656,1655.207275390625,1194.287109375,1686.3221435546875,1246.399169921875,1670.7647094726562,1220.3431396484375,31.1148681640625,52.112060546875
IMG_0050.mp4,251,8.375033333333333,29.97002997002997,23,2,traffic_signs,0.8748357892036438,2105.855712890625,1260.640625,2147.009521484375,1316.7584228515625,2126.4326171875,1288.6995239257812,41.15380859375,56.1177978515625
IMG_0050.mp4,251,8.375033333333333,29.97002997002997,18,0,auth_label,0.9787597060203552,784.1844482421875,960.3014526367188,1171.9990234375,1328.320068359375,978.0917358398438,1144.3107604980469,387.8145751953125,368.01861572265625
IMG_0050.mp4,251,8.375033333333333,29.97002997002997,35,2,traffic_signs,0.6314906477928162,1668.654296875,1147.0623779296875,1708.212890625,1193.99755859375,1688.43359375,1170.5299682617188,39.55859375,46.9351806640625
IMG_0050.mp4,251,8.375033333333333,29.97002997002997,36,2,traffic_signs,0.25073376297950745,1165.839111328125,1167.297607421875,1184.412353515625,1215.1033935546875,1175.125732421875,1191.2005004882812,18.5732421875,47.8057861328125
IMG_0050.mp4,252,8.4084,29.97002997002997,16,2,traffic_signs,0.7146492004394531,1655.858154296875,1193.97265625,1686.2030029296875,1245.4676513671875,1671.0305786132812,1219.7201538085938,30.3448486328125,51.4949951171875
IMG_0050.mp4,252,8.4084,29.97002997002997,23,2,traffic_signs,0.8455297350883484,2110.8125,1261.9473876953125,2151.29248046875,1317.6661376953125,2131.052490234375,1289.8067626953125,40.47998046875,55.71875
IMG_0050.mp4,252,8.4084,29.97002997002997,18,0,auth_label,0.979251503944397,781.4639282226562,959.4042358398438,1170.9010009765625,1328.6292724609375,976.1824645996094,1144.0167541503906,389.43707275390625,369.22503662109375
IMG_0050.mp4,252,8.4084,29.97002997002997,35,2,traffic_signs,0.6992902755737305,1669.387939453125,1146.0458984375,1708.0589599609375,1192.0164794921875,1688.7234497070312,1169.0311889648438,38.6710205078125,45.9705810546875
IMG_0050.mp4,252,8.4084,29.97002997002997,27,2,traffic_signs,0.8727964162826538,1902.301025390625,1183.3375244140625,1939.414794921875,1257.3028564453125,1920.85791015625,1220.3201904296875,37.11376953125,73.96533203125
IMG_0050.mp4,253,8.441766666666666,29.97002997002997,16,2,traffic_signs,0.720885694026947,1655.4031982421875,1193.495849609375,1685.7462158203125,1244.2056884765625,1670.57470703125,1218.8507690429688,30.343017578125,50.7098388671875
IMG_0050.mp4,253,8.441766666666666,29.97002997002997,23,2,traffic_signs,0.7736097574234009,2115.31494140625,1258.9342041015625,2158.420654296875,1318.1732177734375,2136.8677978515625,1288.5537109375,43.105712890625,59.239013671875
IMG_0050.mp4,253,8.441766666666666,29.97002997002997,18,0,auth_label,0.9791443943977356,778.8121948242188,958.7574462890625,1170.32666015625,1329.1270751953125,974.5694274902344,1143.9422607421875,391.51446533203125,370.36962890625
IMG_0050.mp4,253,8.441766666666666,29.97002997002997,35,2,traffic_signs,0.7030523419380188,1668.6953125,1143.50146484375,1708.1053466796875,1190.491943359375,1688.4003295898438,1166.9967041015625,39.4100341796875,46.990478515625
IMG_0050.mp4,253,8.441766666666666,29.97002997002997,27,2,traffic_signs,0.8152291774749756,1901.3402099609375,1181.171630859375,1939.3890380859375,1254.095703125,1920.3646240234375,1217.6336669921875,38.048828125,72.924072265625
IMG_0050.mp4,254,8.475133333333334,29.97002997002997,16,2,traffic_signs,0.6704610586166382,1655.228271484375,1192.3408203125,1686.3758544921875,1243.135009765625,1670.8020629882812,1217.7379150390625,31.1475830078125,50.794189453125
IMG_0050.mp4,254,8.475133333333334,29.97002997002997,23,2,traffic_signs,0.8810415267944336,2119.233154296875,1257.84619140625,2164.564697265625,1318.0057373046875,2141.89892578125,1287.9259643554688,45.33154296875,60.1595458984375
IMG_0050.mp4,254,8.475133333333334,29.97002997002997,18,0,auth_label,0.9789126515388489,775.8165893554688,956.4439086914062,1169.63427734375,1329.8363037109375,972.7254333496094,1143.1401062011719,393.81768798828125,373.39239501953125
IMG_0050.mp4,254,8.475133333333334,29.97002997002997,35,2,traffic_signs,0.6661291122436523,1668.2760009765625,1141.7900390625,1708.2569580078125,1188.83837890625,1688.2664794921875,1165.314208984375,39.98095703125,47.04833984375
IMG_0050.mp4,254,8.475133333333334,29.97002997002997,27,2,traffic_signs,0.879915177822113,1901.5809326171875,1178.4903564453125,1940.1007080078125,1251.845947265625,1920.8408203125,1215.1681518554688,38.519775390625,73.3555908203125
IMG_0050.mp4,255,8.5085,29.97002997002997,16,2,traffic_signs,0.7033244371414185,1654.4024658203125,1191.6492919921875,1685.38623046875,1242.970458984375,1669.8943481445312,1217.3098754882812,30.9837646484375,51.3211669921875
IMG_0050.mp4,255,8.5085,29.97002997002997,23,2,traffic_signs,0.8911612629890442,2122.3876953125,1257.6129150390625,2169.852783203125,1318.300048828125,2146.1202392578125,1287.9564819335938,47.465087890625,60.6871337890625
IMG_0050.mp4,255,8.5085,29.97002997002997,18,0,auth_label,0.9795103669166565,773.923828125,954.1275024414062,1168.8232421875,1329.275634765625,971.37353515625,1141.7015686035156,394.8994140625,375.14813232421875
IMG_0050.mp4,255,8.5085,29.97002997002997,35,2,traffic_signs,0.6652343273162842,1667.62890625,1139.7232666015625,1707.85791015625,1187.4735107421875,1687.743408203125,1163.598388671875,40.22900390625,47.750244140625
IMG_0050.mp4,255,8.5085,29.97002997002997,27,2,traffic_signs,0.8728383183479309,1900.4305419921875,1176.2283935546875,1940.7738037109375,1250.1060791015625,1920.6021728515625,1213.167236328125,40.34326171875,73.877685546875
IMG_0050.mp4,256,8.541866666666667,29.97002997002997,16,2,traffic_signs,0.6985817551612854,1654.021728515625,1190.7818603515625,1684.360595703125,1242.3602294921875,1669.191162109375,1216.571044921875,30.3388671875,51.578369140625
IMG_0050.mp4,256,8.541866666666667,29.97002997002997,23,2,traffic_signs,0.9087806344032288,2127.193115234375,1257.8880615234375,2173.658935546875,1317.290771484375,2150.426025390625,1287.5894165039062,46.4658203125,59.4027099609375
IMG_0050.mp4,256,8.541866666666667,29.97002997002997,18,0,auth_label,0.9797132015228271,771.9518432617188,952.98779296875,1168.16064453125,1329.5950927734375,970.0562438964844,1141.2914428710938,396.20880126953125,376.6072998046875
IMG_0050.mp4,256,8.541866666666667,29.97002997002997,35,2,traffic_signs,0.6206013560295105,1666.67529296875,1138.1158447265625,1706.84619140625,1185.7811279296875,1686.7607421875,1161.948486328125,40.1708984375,47.665283203125
IMG_0050.mp4,256,8.541866666666667,29.97002997002997,27,2,traffic_signs,0.8794296979904175,1899.3995361328125,1174.6710205078125,1941.07470703125,1249.73193359375,1920.2371215820312,1212.2014770507812,41.6751708984375,75.0609130859375
IMG_0050.mp4,257,8.575233333333333,29.97002997002997,16,2,traffic_signs,0.7402618527412415,1653.3887939453125,1188.9561767578125,1684.0408935546875,1241.1392822265625,1668.71484375,1215.0477294921875,30.652099609375,52.18310546875
IMG_0050.mp4,257,8.575233333333333,29.97002997002997,23,2,traffic_signs,0.8888777494430542,2130.294921875,1258.9669189453125,2175.382080078125,1316.43798828125,2152.8385009765625,1287.7024536132812,45.087158203125,57.4710693359375
IMG_0050.mp4,257,8.575233333333333,29.97002997002997,18,0,auth_label,0.9798567891120911,770.9337158203125,952.5422973632812,1169.0953369140625,1329.785888671875,970.0145263671875,1141.1640930175781,398.16162109375,377.24359130859375
IMG_0050.mp4,257,8.575233333333333,29.97002997002997,35,2,traffic_signs,0.4846949577331543,1664.90380859375,1136.173095703125,1705.879638671875,1184.6085205078125,1685.3917236328125,1160.3908081054688,40.975830078125,48.4354248046875
IMG_0050.mp4,257,8.575233333333333,29.97002997002997,27,2,traffic_signs,0.8834161758422852,1899.2794189453125,1172.087890625,1940.7642822265625,1249.02685546875,1920.0218505859375,1210.557373046875,41.48486328125,76.93896484375
IMG_0050.mp4,258,8.608600000000001,29.97002997002997,16,2,traffic_signs,0.7349861264228821,1653.039794921875,1188.3031005859375,1683.737060546875,1240.07470703125,1668.388427734375,1214.1889038085938,30.697265625,51.7716064453125
IMG_0050.mp4,258,8.608600000000001,29.97002997002997,23,2,traffic_signs,0.8838883638381958,2134.550048828125,1259.37255859375,2180.1669921875,1317.206787109375,2157.3585205078125,1288.2896728515625,45.616943359375,57.834228515625
IMG_0050.mp4,258,8.608600000000001,29.97002997002997,18,0,auth_label,0.9797520041465759,768.171630859375,950.4112548828125,1168.9466552734375,1330.2396240234375,968.5591430664062,1140.325439453125,400.7750244140625,379.828369140625
IMG_0050.mp4,258,8.608600000000001,29.97002997002997,35,2,traffic_signs,0.3765765428543091,1664.324462890625,1133.52294921875,1705.8079833984375,1183.5218505859375,1685.0662231445312,1158.5223999023438,41.4835205078125,49.9989013671875
IMG_0050.mp4,258,8.608600000000001,29.97002997002997,27,2,traffic_signs,0.8866549730300903,1899.965087890625,1171.1243896484375,1940.7620849609375,1247.756103515625,1920.3635864257812,1209.4402465820312,40.7969970703125,76.6317138671875
IMG_0050.mp4,259,8.641966666666667,29.97002997002997,16,2,traffic_signs,0.764762282371521,1651.9737548828125,1188.4854736328125,1682.571533203125,1238.85107421875,1667.2726440429688,1213.6682739257812,30.5977783203125,50.3656005859375
IMG_0050.mp4,259,8.641966666666667,29.97002997002997,23,2,traffic_signs,0.8644404411315918,2138.74853515625,1256.52099609375,2187.049072265625,1316.61279296875,2162.8988037109375,1286.56689453125,48.300537109375,60.091796875
IMG_0050.mp4,259,8.641966666666667,29.97002997002997,18,0,auth_label,0.9796621799468994,765.08349609375,948.57177734375,1168.0181884765625,1329.6610107421875,966.5508422851562,1139.1163940429688,402.9346923828125,381.0892333984375
IMG_0050.mp4,259,8.641966666666667,29.97002997002997,35,2,traffic_signs,0.4034719467163086,1665.2821044921875,1131.620849609375,1705.66845703125,1181.2530517578125,1685.4752807617188,1156.4369506835938,40.3863525390625,49.6322021484375
IMG_0050.mp4,259,8.641966666666667,29.97002997002997,27,2,traffic_signs,0.88660728931427,1898.8485107421875,1168.5615234375,1942.0693359375,1246.722900390625,1920.4589233398438,1207.6422119140625,43.2208251953125,78.161376953125
IMG_0050.mp4,260,8.675333333333333,29.97002997002997,16,2,traffic_signs,0.7814461588859558,1650.941650390625,1187.4832763671875,1682.4927978515625,1238.9261474609375,1666.7172241210938,1213.2047119140625,31.5511474609375,51.44287109375
IMG_0050.mp4,260,8.675333333333333,29.97002997002997,23,2,traffic_signs,0.8856533169746399,2142.78466796875,1255.1842041015625,2191.935791015625,1316.66357421875,2167.3602294921875,1285.9238891601562,49.151123046875,61.4793701171875
IMG_0050.mp4,260,8.675333333333333,29.97002997002997,18,0,auth_label,0.9799813628196716,760.4623413085938,946.7471923828125,1168.0255126953125,1330.0272216796875,964.2439270019531,1138.38720703125,407.56317138671875,383.280029296875
IMG_0050.mp4,260,8.675333333333333,29.97002997002997,35,2,traffic_signs,0.3744713068008423,1665.486328125,1129.6798095703125,1705.7449951171875,1179.996337890625,1685.6156616210938,1154.8380737304688,40.2586669921875,50.3165283203125
IMG_0050.mp4,260,8.675333333333333,29.97002997002997,27,2,traffic_signs,0.8710426092147827,1898.4351806640625,1164.9547119140625,1943.3975830078125,1245.9556884765625,1920.9163818359375,1205.4552001953125,44.96240234375,81.0009765625
IMG_0050.mp4,260,8.675333333333333,29.97002997002997,40,2,traffic_signs,0.5053553581237793,1134.9522705078125,1178.16650390625,1162.2662353515625,1213.4873046875,1148.6092529296875,1195.826904296875,27.31396484375,35.32080078125
IMG_0050.mp4,261,8.7087,29.97002997002997,16,2,traffic_signs,0.7572720050811768,1650.68701171875,1186.86865234375,1681.8521728515625,1238.2896728515625,1666.2695922851562,1212.5791625976562,31.1651611328125,51.4210205078125
IMG_0050.mp4,261,8.7087,29.97002997002997,23,2,traffic_signs,0.9086151123046875,2145.90380859375,1254.0023193359375,2195.618408203125,1316.5853271484375,2170.7611083984375,1285.2938232421875,49.714599609375,62.5830078125
IMG_0050.mp4,261,8.7087,29.97002997002997,18,0,auth_label,0.9798887372016907,758.017333984375,944.455810546875,1166.4940185546875,1330.331298828125,962.2556762695312,1137.3935546875,408.4766845703125,385.87548828125
IMG_0050.mp4,261,8.7087,29.97002997002997,35,2,traffic_signs,0.49031710624694824,1665.931396484375,1127.9876708984375,1705.835205078125,1178.835693359375,1685.88330078125,1153.4116821289062,39.90380859375,50.8480224609375
IMG_0050.mp4,261,8.7087,29.97002997002997,27,2,traffic_signs,0.8762665390968323,1898.5986328125,1162.2926025390625,1942.991455078125,1244.3104248046875,1920.7950439453125,1203.301513671875,44.392822265625,82.017822265625
IMG_0050.mp4,261,8.7087,29.97002997002997,40,2,traffic_signs,0.2837364375591278,1137.7891845703125,1178.7630615234375,1165.436767578125,1212.6397705078125,1151.6129760742188,1195.701416015625,27.6475830078125,33.876708984375
IMG_0050.mp4,261,8.7087,29.97002997002997,41,2,traffic_signs,0.6605618596076965,2434.665771484375,1272.6419677734375,2455.483642578125,1332.36767578125,2445.07470703125,1302.5048217773438,20.81787109375,59.7257080078125
IMG_0050.mp4,262,8.742066666666666,29.97002997002997,16,2,traffic_signs,0.7462883591651917,1650.21923828125,1186.5283203125,1680.259033203125,1237.38232421875,1665.2391357421875,1211.955322265625,30.039794921875,50.85400390625
IMG_0050.mp4,262,8.742066666666666,29.97002997002997,23,2,traffic_signs,0.894750714302063,2150.54736328125,1254.624755859375,2197.8359375,1315.7901611328125,2174.191650390625,1285.2074584960938,47.28857421875,61.1654052734375
IMG_0050.mp4,262,8.742066666666666,29.97002997002997,18,0,auth_label,0.9804100394248962,757.1214599609375,942.623779296875,1165.463623046875,1329.8538818359375,961.2925415039062,1136.2388305664062,408.3421630859375,387.2301025390625
IMG_0050.mp4,262,8.742066666666666,29.97002997002997,35,2,traffic_signs,0.5729089975357056,1666.1806640625,1126.701171875,1705.547119140625,1178.0098876953125,1685.8638916015625,1152.3555297851562,39.366455078125,51.3087158203125
IMG_0050.mp4,262,8.742066666666666,29.97002997002997,27,2,traffic_signs,0.9063736796379089,1898.5263671875,1160.443359375,1944.3563232421875,1243.156494140625,1921.4413452148438,1201.7999267578125,45.8299560546875,82.713134765625
IMG_0050.mp4,262,8.742066666666666,29.97002997002997,41,2,traffic_signs,0.6655300855636597,2442.153076171875,1272.2640380859375,2460.97021484375,1330.403076171875,2451.5616455078125,1301.3335571289062,18.817138671875,58.1390380859375
IMG_0050.mp4,263,8.775433333333334,29.97002997002997,16,2,traffic_signs,0.7256662845611572,1649.7572021484375,1184.0205078125,1679.3319091796875,1235.6651611328125,1664.5445556640625,1209.8428344726562,29.57470703125,51.6446533203125
IMG_0050.mp4,263,8.775433333333334,29.97002997002997,23,2,traffic_signs,0.8791710734367371,2154.902099609375,1254.547119140625,2200.80126953125,1315.2391357421875,2177.8516845703125,1284.8931274414062,45.899169921875,60.6920166015625
IMG_0050.mp4,263,8.775433333333334,29.97002997002997,18,0,auth_label,0.9747922420501709,754.9817504882812,940.1265869140625,1164.0281982421875,1329.6883544921875,959.5049743652344,1134.907470703125,409.04644775390625,389.561767578125
IMG_0050.mp4,263,8.775433333333334,29.97002997002997,35,2,traffic_signs,0.5749847888946533,1665.5699462890625,1125.0025634765625,1705.2347412109375,1176.539794921875,1685.40234375,1150.7711791992188,39.664794921875,51.5372314453125
IMG_0050.mp4,263,8.775433333333334,29.97002997002997,27,2,traffic_signs,0.8707977533340454,1898.2095947265625,1157.455810546875,1944.874755859375,1241.947021484375,1921.5421752929688,1199.701416015625,46.6651611328125,84.4912109375
IMG_0050.mp4,263,8.775433333333334,29.97002997002997,41,2,traffic_signs,0.7227855920791626,2448.663818359375,1271.77978515625,2469.396240234375,1330.5184326171875,2459.030029296875,1301.1491088867188,20.732421875,58.7386474609375
IMG_0050.mp4,263,8.775433333333334,29.97002997002997,42,2,traffic_signs,0.45658063888549805,355.74285888671875,1072.1578369140625,417.6492919921875,1125.7613525390625,386.6960754394531,1098.9595947265625,61.90643310546875,53.603515625
IMG_0050.mp4,263,8.775433333333334,29.97002997002997,40,2,traffic_signs,0.3759869933128357,1145.9002685546875,1178.623291015625,1172.987060546875,1212.3297119140625,1159.4436645507812,1195.4765014648438,27.0867919921875,33.7064208984375
IMG_0050.mp4,264,8.8088,29.97002997002997,16,2,traffic_signs,0.7345895171165466,1649.426513671875,1181.0640869140625,1678.5108642578125,1234.2559814453125,1663.9686889648438,1207.6600341796875,29.0843505859375,53.19189453125
IMG_0050.mp4,264,8.8088,29.97002997002997,23,2,traffic_signs,0.7302115559577942,2159.934326171875,1252.5919189453125,2208.564453125,1315.5430908203125,2184.2493896484375,1284.0675048828125,48.630126953125,62.951171875
IMG_0050.mp4,264,8.8088,29.97002997002997,18,0,auth_label,0.9769414067268372,752.3483276367188,937.6893310546875,1162.298583984375,1330.0609130859375,957.3234558105469,1133.8751220703125,409.95025634765625,392.37158203125
IMG_0050.mp4,264,8.8088,29.97002997002997,35,2,traffic_signs,0.6545625329017639,1665.0238037109375,1123.327392578125,1704.786376953125,1174.9964599609375,1684.9050903320312,1149.1619262695312,39.7625732421875,51.6690673828125
IMG_0050.mp4,264,8.8088,29.97002997002997,27,2,traffic_signs,0.861355721950531,1896.9912109375,1154.3253173828125,1946.0245361328125,1239.8836669921875,1921.5078735351562,1197.1044921875,49.0333251953125,85.558349609375
IMG_0050.mp4,264,8.8088,29.97002997002997,41,2,traffic_signs,0.7613388895988464,2454.96484375,1269.1722412109375,2476.923583984375,1329.6751708984375,2465.9442138671875,1299.4237060546875,21.958740234375,60.5029296875
IMG_0050.mp4,264,8.8088,29.97002997002997,42,2,traffic_signs,0.3173200786113739,354.42999267578125,1072.213623046875,413.87872314453125,1126.150634765625,384.15435791015625,1099.18212890625,59.44873046875,53.93701171875
IMG_0050.mp4,265,8.842166666666667,29.97002997002997,16,2,traffic_signs,0.756679892539978,1648.7347412109375,1180.607666015625,1677.31591796875,1233.23876953125,1663.0253295898438,1206.9232177734375,28.5811767578125,52.631103515625
IMG_0050.mp4,265,8.842166666666667,29.97002997002997,23,2,traffic_signs,0.8768052458763123,2164.08154296875,1251.592041015625,2213.952392578125,1315.4578857421875,2189.0169677734375,1283.5249633789062,49.870849609375,63.8658447265625
IMG_0050.mp4,265,8.842166666666667,29.97002997002997,18,0,auth_label,0.9791790246963501,749.0626220703125,936.7683715820312,1161.9217529296875,1330.7723388671875,955.4921875,1133.7703552246094,412.859130859375,394.00396728515625
IMG_0050.mp4,265,8.842166666666667,29.97002997002997,35,2,traffic_signs,0.7601996064186096,1664.691162109375,1121.2113037109375,1704.4613037109375,1173.67919921875,1684.5762329101562,1147.4452514648438,39.7701416015625,52.4678955078125
IMG_0050.mp4,265,8.842166666666667,29.97002997002997,27,2,traffic_signs,0.6814489960670471,1897.130615234375,1152.1036376953125,1944.513427734375,1238.098876953125,1920.822021484375,1195.1012573242188,47.3828125,85.9952392578125
IMG_0050.mp4,265,8.842166666666667,29.97002997002997,41,2,traffic_signs,0.6594728231430054,2462.570068359375,1268.3175048828125,2484.339111328125,1328.441162109375,2473.45458984375,1298.3793334960938,21.76904296875,60.1236572265625
IMG_0050.mp4,265,8.842166666666667,29.97002997002997,42,2,traffic_signs,0.5830032825469971,352.69122314453125,1072.431640625,411.1551818847656,1126.813232421875,381.92320251464844,1099.6224365234375,58.463958740234375,54.381591796875
IMG_0050.mp4,266,8.875533333333333,29.97002997002997,16,2,traffic_signs,0.7737809419631958,1647.00341796875,1179.121337890625,1675.5877685546875,1232.8966064453125,1661.2955932617188,1206.0089721679688,28.5843505859375,53.7752685546875
IMG_0050.mp4,266,8.875533333333333,29.97002997002997,23,2,traffic_signs,0.9023072719573975,2167.52734375,1250.8275146484375,2217.396240234375,1315.0462646484375,2192.4617919921875,1282.9368896484375,49.868896484375,64.21875
IMG_0050.mp4,266,8.875533333333333,29.97002997002997,18,0,auth_label,0.9778609871864319,744.1377563476562,934.5485229492188,1160.36572265625,1331.219970703125,952.2517395019531,1132.8842468261719,416.22796630859375,396.67144775390625
IMG_0050.mp4,266,8.875533333333333,29.97002997002997,35,2,traffic_signs,0.7993165850639343,1663.94287109375,1118.7139892578125,1703.6331787109375,1172.084228515625,1683.7880249023438,1145.3991088867188,39.6903076171875,53.3702392578125
IMG_0050.mp4,266,8.875533333333333,29.97002997002997,27,2,traffic_signs,0.8450670838356018,1896.142333984375,1150.0791015625,1944.66064453125,1236.1737060546875,1920.4014892578125,1193.1264038085938,48.518310546875,86.0946044921875
IMG_0050.mp4,266,8.875533333333333,29.97002997002997,41,2,traffic_signs,0.7299454212188721,2469.090087890625,1266.7462158203125,2490.567626953125,1327.1376953125,2479.828857421875,1296.9419555664062,21.4775390625,60.3914794921875
IMG_0050.mp4,266,8.875533333333333,29.97002997002997,42,2,traffic_signs,0.49030977487564087,351.2179870605469,1071.6551513671875,408.4783935546875,1125.751708984375,379.8481903076172,1098.7034301757812,57.260406494140625,54.0965576171875
IMG_0050.mp4,267,8.908900000000001,29.97002997002997,16,2,traffic_signs,0.7726956605911255,1645.633544921875,1177.4630126953125,1674.6812744140625,1232.63525390625,1660.1574096679688,1205.0491333007812,29.0477294921875,55.1722412109375
IMG_0050.mp4,267,8.908900000000001,29.97002997002997,23,2,traffic_signs,0.9105305671691895,2171.595947265625,1250.69189453125,2219.64892578125,1314.704345703125,2195.6224365234375,1282.6981201171875,48.052978515625,64.012451171875
IMG_0050.mp4,267,8.908900000000001,29.97002997002997,18,0,auth_label,0.9724048376083374,740.418212890625,932.3760986328125,1159.2537841796875,1331.532470703125,949.8359985351562,1131.9542846679688,418.8355712890625,399.1563720703125
IMG_0050.mp4,267,8.908900000000001,29.97002997002997,35,2,traffic_signs,0.8393713235855103,1662.4080810546875,1116.7220458984375,1702.5184326171875,1170.357666015625,1682.4632568359375,1143.5398559570312,40.1103515625,53.6356201171875
IMG_0050.mp4,267,8.908900000000001,29.97002997002997,27,2,traffic_signs,0.8395047187805176,1894.1900634765625,1146.6468505859375,1945.9859619140625,1233.3529052734375,1920.0880126953125,1189.9998779296875,51.7958984375,86.7060546875
IMG_0050.mp4,267,8.908900000000001,29.97002997002997,41,2,traffic_signs,0.7433457970619202,2475.790283203125,1264.7379150390625,2498.516845703125,1328.5003662109375,2487.153564453125,1296.619140625,22.7265625,63.762451171875
IMG_0050.mp4,267,8.908900000000001,29.97002997002997,42,2,traffic_signs,0.3487078547477722,349.734375,1072.108154296875,408.4806823730469,1125.015380859375,379.10752868652344,1098.561767578125,58.746307373046875,52.9072265625
IMG_0050.mp4,268,8.942266666666667,29.97002997002997,16,2,traffic_signs,0.6640352010726929,1644.5377197265625,1175.6817626953125,1673.2921142578125,1231.5062255859375,1658.9149169921875,1203.593994140625,28.75439453125,55.824462890625
IMG_0050.mp4,268,8.942266666666667,29.97002997002997,23,2,traffic_signs,0.9125285744667053,2175.07373046875,1249.661376953125,2223.441162109375,1313.11279296875,2199.2574462890625,1281.3870849609375,48.367431640625,63.451416015625
IMG_0050.mp4,268,8.942266666666667,29.97002997002997,18,0,auth_label,0.9659140706062317,736.2405395507812,930.41943359375,1159.44921875,1331.683349609375,947.8448791503906,1131.0513916015625,423.20867919921875,401.263916015625
IMG_0050.mp4,268,8.942266666666667,29.97002997002997,35,2,traffic_signs,0.8293855786323547,1659.8958740234375,1114.14306640625,1701.0782470703125,1167.76416015625,1680.487060546875,1140.95361328125,41.182373046875,53.62109375
IMG_0050.mp4,268,8.942266666666667,29.97002997002997,27,2,traffic_signs,0.9117513298988342,1892.3671875,1143.8548583984375,1943.676513671875,1229.231201171875,1918.0218505859375,1186.5430297851562,51.309326171875,85.3763427734375
IMG_0050.mp4,268,8.942266666666667,29.97002997002997,41,2,traffic_signs,0.8371173143386841,2481.19482421875,1262.8245849609375,2503.6357421875,1327.648681640625,2492.415283203125,1295.2366333007812,22.44091796875,64.8240966796875
IMG_0050.mp4,268,8.942266666666667,29.97002997002997,42,2,traffic_signs,0.33147183060646057,348.0133972167969,1071.424560546875,407.514404296875,1124.51123046875,377.76390075683594,1097.9678955078125,59.501007080078125,53.086669921875
IMG_0050.mp4,269,8.975633333333333,29.97002997002997,23,2,traffic_signs,0.9123154282569885,2179.487060546875,1249.4132080078125,2228.65673828125,1313.0516357421875,2204.0718994140625,1281.232421875,49.169677734375,63.638427734375
IMG_0050.mp4,269,8.975633333333333,29.97002997002997,18,0,auth_label,0.9161866903305054,731.3088989257812,928.2974243164062,1157.3514404296875,1331.7750244140625,944.3301696777344,1130.0362243652344,426.04254150390625,403.47760009765625
IMG_0050.mp4,269,8.975633333333333,29.97002997002997,35,2,traffic_signs,0.6902449727058411,1657.8004150390625,1111.2108154296875,1699.88232421875,1166.1964111328125,1678.8413696289062,1138.70361328125,42.0819091796875,54.985595703125
IMG_0050.mp4,269,8.975633333333333,29.97002997002997,27,2,traffic_signs,0.9042997360229492,1890.2294921875,1140.1912841796875,1942.3016357421875,1226.5274658203125,1916.2655639648438,1183.359375,52.0721435546875,86.336181640625
IMG_0050.mp4,269,8.975633333333333,29.97002997002997,41,2,traffic_signs,0.8725440502166748,2488.032958984375,1261.5228271484375,2510.453369140625,1327.7012939453125,2499.2431640625,1294.612060546875,22.42041015625,66.178466796875
IMG_0050.mp4,270,9.009,29.97002997002997,23,2,traffic_signs,0.8952863216400146,2183.76708984375,1248.543212890625,2231.184814453125,1312.804931640625,2207.4759521484375,1280.674072265625,47.417724609375,64.26171875
IMG_0050.mp4,270,9.009,29.97002997002997,18,0,auth_label,0.7704956531524658,726.1393432617188,926.56689453125,1155.8126220703125,1331.99609375,940.9759826660156,1129.281494140625,429.67327880859375,405.42919921875
IMG_0050.mp4,270,9.009,29.97002997002997,35,2,traffic_signs,0.28359147906303406,1655.88623046875,1107.6689453125,1698.0570068359375,1164.828125,1676.9716186523438,1136.24853515625,42.1707763671875,57.1591796875
IMG_0050.mp4,270,9.009,29.97002997002997,27,2,traffic_signs,0.9110400676727295,1889.546142578125,1136.2384033203125,1940.914306640625,1225.2135009765625,1915.230224609375,1180.7259521484375,51.3681640625,88.97509765625
IMG_0050.mp4,270,9.009,29.97002997002997,41,2,traffic_signs,0.8366554379463196,2493.858154296875,1259.1932373046875,2517.86865234375,1326.9180908203125,2505.8634033203125,1293.0556640625,24.010498046875,67.724853515625
IMG_0050.mp4,271,9.042366666666666,29.97002997002997,23,2,traffic_signs,0.5918179154396057,2187.76025390625,1246.177734375,2234.9326171875,1311.42333984375,2211.346435546875,1278.800537109375,47.17236328125,65.24560546875
IMG_0050.mp4,271,9.042366666666666,29.97002997002997,18,0,auth_label,0.9570041298866272,721.4852294921875,923.5478515625,1153.1328125,1328.866943359375,937.3090209960938,1126.2073974609375,431.6475830078125,405.319091796875
IMG_0050.mp4,271,9.042366666666666,29.97002997002997,35,2,traffic_signs,0.41407474875450134,1654.3853759765625,1104.45263671875,1696.951416015625,1163.245361328125,1675.6683959960938,1133.8489990234375,42.5660400390625,58.792724609375
IMG_0050.mp4,271,9.042366666666666,29.97002997002997,27,2,traffic_signs,0.9116644263267517,1888.5784912109375,1133.0028076171875,1940.8350830078125,1223.0474853515625,1914.706787109375,1178.025146484375,52.256591796875,90.044677734375
IMG_0050.mp4,271,9.042366666666666,29.97002997002997,41,2,traffic_signs,0.8622825741767883,2500.40771484375,1256.6527099609375,2526.22705078125,1328.5736083984375,2513.3173828125,1292.6131591796875,25.8193359375,71.9208984375
IMG_0050.mp4,272,9.075733333333334,29.97002997002997,23,2,traffic_signs,0.8742878437042236,2192.469970703125,1245.2803955078125,2239.056640625,1311.3160400390625,2215.7633056640625,1278.2982177734375,46.586669921875,66.03564453125
IMG_0050.mp4,272,9.075733333333334,29.97002997002997,18,0,auth_label,0.9699773788452148,718.2591552734375,919.9371948242188,1152.2091064453125,1327.799072265625,935.234130859375,1123.8681335449219,433.949951171875,407.86187744140625
IMG_0050.mp4,272,9.075733333333334,29.97002997002997,35,2,traffic_signs,0.316493958234787,1654.3497314453125,1100.979248046875,1695.675537109375,1161.36767578125,1675.0126342773438,1131.1734619140625,41.3258056640625,60.388427734375
IMG_0050.mp4,272,9.075733333333334,29.97002997002997,27,2,traffic_signs,0.8805131316184998,1886.9246826171875,1131.1976318359375,1942.203369140625,1221.25830078125,1914.5640258789062,1176.2279663085938,55.2786865234375,90.0606689453125
IMG_0050.mp4,272,9.075733333333334,29.97002997002997,41,2,traffic_signs,0.8573136329650879,2509.206787109375,1255.7242431640625,2534.09228515625,1329.092529296875,2521.6495361328125,1292.4083862304688,24.885498046875,73.3682861328125
IMG_0050.mp4,273,9.1091,29.97002997002997,23,2,traffic_signs,0.890446126461029,2196.81884765625,1244.5155029296875,2241.40966796875,1309.9642333984375,2219.1142578125,1277.2398681640625,44.5908203125,65.44873046875
IMG_0050.mp4,273,9.1091,29.97002997002997,18,0,auth_label,0.9719251394271851,713.808349609375,916.651611328125,1151.3082275390625,1327.4154052734375,932.5582885742188,1122.0335083007812,437.4998779296875,410.7637939453125
IMG_0050.mp4,273,9.1091,29.97002997002997,35,2,traffic_signs,0.6250541806221008,1653.2755126953125,1096.9124755859375,1694.938232421875,1158.387939453125,1674.1068725585938,1127.6502075195312,41.6627197265625,61.4754638671875
IMG_0050.mp4,273,9.1091,29.97002997002997,27,2,traffic_signs,0.8832642436027527,1885.153076171875,1129.072998046875,1938.63818359375,1219.289794921875,1911.8956298828125,1174.181396484375,53.485107421875,90.216796875
IMG_0050.mp4,273,9.1091,29.97002997002997,41,2,traffic_signs,0.8768541216850281,2516.268310546875,1254.2996826171875,2541.817138671875,1327.787109375,2529.042724609375,1291.0433959960938,25.548828125,73.4874267578125
IMG_0050.mp4,274,9.142466666666667,29.97002997002997,23,2,traffic_signs,0.8938457369804382,2200.688720703125,1244.104736328125,2246.109130859375,1309.638427734375,2223.39892578125,1276.87158203125,45.42041015625,65.53369140625
IMG_0050.mp4,274,9.142466666666667,29.97002997002997,18,0,auth_label,0.9737074971199036,709.15478515625,914.9254150390625,1149.8333740234375,1328.4111328125,929.4940795898438,1121.6682739257812,440.6785888671875,413.4857177734375
IMG_0050.mp4,274,9.142466666666667,29.97002997002997,35,2,traffic_signs,0.348562091588974,1650.5906982421875,1093.67236328125,1692.9766845703125,1157.7320556640625,1671.78369140625,1125.7022094726562,42.385986328125,64.0596923828125
IMG_0050.mp4,274,9.142466666666667,29.97002997002997,27,2,traffic_signs,0.8955758213996887,1881.6419677734375,1125.9072265625,1936.7364501953125,1217.17333984375,1909.189208984375,1171.540283203125,55.094482421875,91.26611328125
IMG_0050.mp4,274,9.142466666666667,29.97002997002997,41,2,traffic_signs,0.8909112215042114,2522.5537109375,1252.4727783203125,2549.30517578125,1327.8236083984375,2535.929443359375,1290.148193359375,26.75146484375,75.350830078125
IMG_0050.mp4,275,9.175833333333333,29.97002997002997,23,2,traffic_signs,0.8796588778495789,2204.3173828125,1243.5289306640625,2249.80322265625,1309.6473388671875,2227.060302734375,1276.588134765625,45.48583984375,66.118408203125
IMG_0050.mp4,275,9.175833333333333,29.97002997002997,18,0,auth_label,0.9724944829940796,705.1505126953125,912.6874389648438,1148.4141845703125,1329.1986083984375,926.7823486328125,1120.9430236816406,443.263671875,416.51116943359375
IMG_0050.mp4,275,9.175833333333333,29.97002997002997,35,2,traffic_signs,0.28155991435050964,1647.6634521484375,1092.5130615234375,1690.922119140625,1155.755859375,1669.2927856445312,1124.1344604492188,43.2586669921875,63.2427978515625
IMG_0050.mp4,275,9.175833333333333,29.97002997002997,27,2,traffic_signs,0.9098209142684937,1879.0167236328125,1121.4595947265625,1935.6737060546875,1214.8341064453125,1907.34521484375,1168.1468505859375,56.656982421875,93.37451171875
IMG_0050.mp4,275,9.175833333333333,29.97002997002997,41,2,traffic_signs,0.9045357704162598,2529.49853515625,1251.2642822265625,2556.534423828125,1326.6884765625,2543.0164794921875,1288.9763793945312,27.035888671875,75.4241943359375
IMG_0050.mp4,276,9.209200000000001,29.97002997002997,23,2,traffic_signs,0.8826169967651367,2209.442626953125,1242.3975830078125,2254.154296875,1309.537841796875,2231.7984619140625,1275.9677124023438,44.711669921875,67.1402587890625
IMG_0050.mp4,276,9.209200000000001,29.97002997002997,18,0,auth_label,0.9742879867553711,702.9354248046875,910.45849609375,1146.878662109375,1329.6429443359375,924.9070434570312,1120.0507202148438,443.9432373046875,419.1844482421875
IMG_0050.mp4,276,9.209200000000001,29.97002997002997,27,2,traffic_signs,0.9055983424186707,1877.6787109375,1118.35302734375,1935.728515625,1212.0576171875,1906.70361328125,1165.205322265625,58.0498046875,93.70458984375
IMG_0050.mp4,276,9.209200000000001,29.97002997002997,41,2,traffic_signs,0.8898744583129883,2538.0458984375,1249.26904296875,2565.205810546875,1326.339111328125,2551.6258544921875,1287.8040771484375,27.159912109375,77.070068359375
IMG_0050.mp4,277,9.242566666666667,29.97002997002997,23,2,traffic_signs,0.8017110824584961,2212.251953125,1238.977783203125,2259.63232421875,1307.5687255859375,2235.942138671875,1273.2732543945312,47.38037109375,68.5909423828125
IMG_0050.mp4,277,9.242566666666667,29.97002997002997,18,0,auth_label,0.973879337310791,699.8277587890625,907.4569091796875,1145.774658203125,1327.3887939453125,922.8012084960938,1117.4228515625,445.9468994140625,419.931884765625
IMG_0050.mp4,277,9.242566666666667,29.97002997002997,27,2,traffic_signs,0.8951923847198486,1874.4649658203125,1113.526123046875,1933.02587890625,1209.3758544921875,1903.7454223632812,1161.4509887695312,58.5609130859375,95.8497314453125
IMG_0050.mp4,277,9.242566666666667,29.97002997002997,41,2,traffic_signs,0.8984612226486206,2545.7978515625,1247.3829345703125,2572.72412109375,1324.62841796875,2559.260986328125,1286.0056762695312,26.92626953125,77.2454833984375
IMG_0050.mp4,278,9.275933333333333,29.97002997002997,23,2,traffic_signs,0.8738071322441101,2216.873291015625,1238.0333251953125,2266.238037109375,1306.91748046875,2241.5556640625,1272.4754028320312,49.36474609375,68.8841552734375
IMG_0050.mp4,278,9.275933333333333,29.97002997002997,18,0,auth_label,0.9667105674743652,697.4978637695312,905.3941040039062,1145.4051513671875,1326.9481201171875,921.4515075683594,1116.1711120605469,447.90728759765625,421.55401611328125
IMG_0050.mp4,278,9.275933333333333,29.97002997002997,27,2,traffic_signs,0.9093315601348877,1871.649169921875,1108.6221923828125,1930.17041015625,1206.1583251953125,1900.9097900390625,1157.3902587890625,58.521240234375,97.5361328125
IMG_0050.mp4,278,9.275933333333333,29.97002997002997,41,2,traffic_signs,0.8061730861663818,2554.674560546875,1245.8865966796875,2580.860107421875,1322.175048828125,2567.767333984375,1284.0308227539062,26.185546875,76.2884521484375
IMG_0050.mp4,279,9.3093,29.97002997002997,23,2,traffic_signs,0.9078124165534973,2222.925537109375,1238.0596923828125,2273.088134765625,1305.8831787109375,2248.0068359375,1271.971435546875,50.16259765625,67.823486328125
IMG_0050.mp4,279,9.3093,29.97002997002997,18,0,auth_label,0.9696844220161438,695.3884887695312,905.21337890625,1143.87158203125,1326.7099609375,919.6300354003906,1115.961669921875,448.48309326171875,421.49658203125
IMG_0050.mp4,279,9.3093,29.97002997002997,27,2,traffic_signs,0.9022870659828186,1868.232421875,1104.267333984375,1929.0723876953125,1204.1319580078125,1898.6524047851562,1154.1996459960938,60.8399658203125,99.8646240234375
IMG_0050.mp4,279,9.3093,29.97002997002997,41,2,traffic_signs,0.8938562870025635,2563.032470703125,1245.251708984375,2588.75,1321.478759765625,2575.8912353515625,1283.365234375,25.717529296875,76.22705078125
IMG_0050.mp4,280,9.342666666666666,29.97002997002997,23,2,traffic_signs,0.8916533589363098,2226.209228515625,1237.654052734375,2276.850830078125,1305.2850341796875,2251.530029296875,1271.4695434570312,50.6416015625,67.6309814453125
IMG_0050.mp4,280,9.342666666666666,29.97002997002997,18,0,auth_label,0.9776320457458496,690.71728515625,903.7479858398438,1141.46240234375,1326.5999755859375,916.08984375,1115.1739807128906,450.7451171875,422.85198974609375
IMG_0050.mp4,280,9.342666666666666,29.97002997002997,27,2,traffic_signs,0.9252320528030396,1865.339111328125,1098.861572265625,1927.466552734375,1202.4718017578125,1896.40283203125,1150.6666870117188,62.12744140625,103.6102294921875
IMG_0050.mp4,280,9.342666666666666,29.97002997002997,41,2,traffic_signs,0.8713399767875671,2569.635498046875,1242.7603759765625,2595.69140625,1318.5421142578125,2582.6634521484375,1280.6512451171875,26.055908203125,75.78173828125
IMG_0050.mp4,281,9.376033333333334,29.97002997002997,23,2,traffic_signs,0.4074415862560272,2231.516845703125,1237.9183349609375,2280.546875,1304.1474609375,2256.0318603515625,1271.0328979492188,49.030029296875,66.2291259765625
IMG_0050.mp4,281,9.376033333333334,29.97002997002997,18,0,auth_label,0.9777389168739319,685.9102172851562,903.4767456054688,1141.4364013671875,1326.9852294921875,913.6733093261719,1115.2309875488281,455.52618408203125,423.50848388671875
IMG_0050.mp4,281,9.376033333333334,29.97002997002997,27,2,traffic_signs,0.910454273223877,1864.1773681640625,1094.4871826171875,1927.2572021484375,1200.3692626953125,1895.71728515625,1147.42822265625,63.079833984375,105.882080078125
IMG_0050.mp4,281,9.376033333333334,29.97002997002997,41,2,traffic_signs,0.8605278730392456,2578.395751953125,1239.86767578125,2604.2666015625,1316.925048828125,2591.3311767578125,1278.3963623046875,25.870849609375,77.057373046875
IMG_0050.mp4,281,9.376033333333334,29.97002997002997,49,2,traffic_signs,0.6684418320655823,1617.0391845703125,1072.958984375,1680.3177490234375,1212.9312744140625,1648.678466796875,1142.9451293945312,63.278564453125,139.9722900390625
IMG_0050.mp4,281,9.376033333333334,29.97002997002997,50,2,traffic_signs,0.6152815818786621,1201.9315185546875,1179.8970947265625,1229.4134521484375,1215.0537109375,1215.6724853515625,1197.4754028320312,27.48193359375,35.1566162109375
IMG_0050.mp4,282,9.4094,29.97002997002997,23,2,traffic_signs,0.9101800322532654,2234.27978515625,1232.335205078125,2287.903564453125,1304.6129150390625,2261.0916748046875,1268.4740600585938,53.623779296875,72.2777099609375
IMG_0050.mp4,282,9.4094,29.97002997002997,18,0,auth_label,0.9772123694419861,680.7486572265625,901.878662109375,1140.79248046875,1328.884765625,910.7705688476562,1115.3817138671875,460.0438232421875,427.006103515625
IMG_0050.mp4,282,9.4094,29.97002997002997,27,2,traffic_signs,0.9112476706504822,1860.4437255859375,1091.292236328125,1925.9287109375,1197.3546142578125,1893.1862182617188,1144.3234252929688,65.4849853515625,106.0623779296875
IMG_0050.mp4,282,9.4094,29.97002997002997,41,2,traffic_signs,0.8779287338256836,2585.46435546875,1238.3538818359375,2610.91845703125,1315.8839111328125,2598.19140625,1277.118896484375,25.4541015625,77.530029296875
IMG_0050.mp4,282,9.4094,29.97002997002997,49,2,traffic_signs,0.6178436875343323,1615.45361328125,1068.9288330078125,1676.942626953125,1207.8089599609375,1646.1981201171875,1138.368896484375,61.489013671875,138.880126953125
IMG_0050.mp4,282,9.4094,29.97002997002997,50,2,traffic_signs,0.679809033870697,1202.589599609375,1178.958740234375,1230.0762939453125,1213.685302734375,1216.3329467773438,1196.322021484375,27.4866943359375,34.7265625
IMG_0050.mp4,283,9.442766666666667,29.97002997002997,23,2,traffic_signs,0.9091838002204895,2238.238525390625,1229.4368896484375,2292.9189453125,1303.679443359375,2265.5787353515625,1266.5581665039062,54.680419921875,74.2425537109375
IMG_0050.mp4,283,9.442766666666667,29.97002997002997,18,0,auth_label,0.9798546433448792,675.3499755859375,898.748779296875,1139.2767333984375,1329.1092529296875,907.3133544921875,1113.9290161132812,463.9267578125,430.3604736328125
IMG_0050.mp4,283,9.442766666666667,29.97002997002997,27,2,traffic_signs,0.9247562289237976,1857.333740234375,1087.1234130859375,1925.2325439453125,1194.5601806640625,1891.2831420898438,1140.841796875,67.8988037109375,107.436767578125
IMG_0050.mp4,283,9.442766666666667,29.97002997002997,41,2,traffic_signs,0.8862718939781189,2594.5107421875,1235.177978515625,2620.555908203125,1315.39013671875,2607.5333251953125,1275.2840576171875,26.045166015625,80.212158203125
IMG_0050.mp4,283,9.442766666666667,29.97002997002997,50,2,traffic_signs,0.6168164014816284,1203.8360595703125,1173.8731689453125,1235.849609375,1213.4932861328125,1219.8428344726562,1193.6832275390625,32.0135498046875,39.6201171875
IMG_0050.mp4,283,9.442766666666667,29.97002997002997,16,2,traffic_signs,0.4973736107349396,1613.1207275390625,1147.210205078125,1641.8228759765625,1204.8197021484375,1627.4718017578125,1176.0149536132812,28.7021484375,57.6094970703125
IMG_0050.mp4,284,9.476133333333333,29.97002997002997,23,2,traffic_signs,0.9038372039794922,2242.333984375,1229.8677978515625,2292.28955078125,1302.0113525390625,2267.311767578125,1265.9395751953125,49.95556640625,72.1435546875
IMG_0050.mp4,284,9.476133333333333,29.97002997002997,18,0,auth_label,0.9807968139648438,670.3558959960938,895.8931884765625,1136.7200927734375,1328.825439453125,903.5379943847656,1112.3593139648438,466.36419677734375,432.9322509765625
IMG_0050.mp4,284,9.476133333333333,29.97002997002997,27,2,traffic_signs,0.920712411403656,1854.24658203125,1082.8240966796875,1925.091796875,1190.9285888671875,1889.669189453125,1136.8763427734375,70.84521484375,108.1044921875
IMG_0050.mp4,284,9.476133333333333,29.97002997002997,41,2,traffic_signs,0.6117380857467651,2603.0869140625,1233.5179443359375,2629.336181640625,1313.522705078125,2616.2115478515625,1273.5203247070312,26.249267578125,80.0047607421875
IMG_0050.mp4,284,9.476133333333333,29.97002997002997,50,2,traffic_signs,0.45745816826820374,1208.762939453125,1177.1424560546875,1241.42529296875,1213.2635498046875,1225.0941162109375,1195.2030029296875,32.662353515625,36.12109375
IMG_0050.mp4,284,9.476133333333333,29.97002997002997,16,2,traffic_signs,0.37872686982154846,1611.4432373046875,1143.0057373046875,1641.823974609375,1202.74365234375,1626.6336059570312,1172.8746948242188,30.3807373046875,59.7379150390625
IMG_0050.mp4,285,9.509500000000001,29.97002997002997,23,2,traffic_signs,0.897887647151947,2246.486572265625,1229.1474609375,2300.580078125,1301.89990234375,2273.5333251953125,1265.523681640625,54.093505859375,72.75244140625
IMG_0050.mp4,285,9.509500000000001,29.97002997002997,18,0,auth_label,0.9800424575805664,664.863037109375,893.6610107421875,1132.9932861328125,1328.978759765625,898.9281616210938,1111.3198852539062,468.1302490234375,435.3177490234375
IMG_0050.mp4,285,9.509500000000001,29.97002997002997,27,2,traffic_signs,0.91294926404953,1848.5460205078125,1079.0218505859375,1919.87646484375,1187.4058837890625,1884.2112426757812,1133.2138671875,71.3304443359375,108.384033203125
IMG_0050.mp4,285,9.509500000000001,29.97002997002997,41,2,traffic_signs,0.8858843445777893,2610.914794921875,1231.4229736328125,2637.0595703125,1310.58642578125,2623.9871826171875,1271.0046997070312,26.144775390625,79.1634521484375
IMG_0050.mp4,285,9.509500000000001,29.97002997002997,50,2,traffic_signs,0.3858748972415924,1214.8131103515625,1180.02001953125,1245.8638916015625,1214.522705078125,1230.3385009765625,1197.2713623046875,31.05078125,34.502685546875
IMG_0050.mp4,285,9.509500000000001,29.97002997002997,16,2,traffic_signs,0.3680543005466461,1607.7108154296875,1141.4344482421875,1638.7293701171875,1203.7713623046875,1623.2200927734375,1172.6029052734375,31.0185546875,62.3369140625
IMG_0050.mp4,286,9.542866666666667,29.97002997002997,23,2,traffic_signs,0.9026680588722229,2250.6923828125,1228.220703125,2304.776611328125,1300.7674560546875,2277.7344970703125,1264.4940795898438,54.084228515625,72.5467529296875
IMG_0050.mp4,286,9.542866666666667,29.97002997002997,18,0,auth_label,0.9804250597953796,660.5184936523438,891.4970703125,1129.5433349609375,1328.313720703125,895.0309143066406,1109.9053955078125,469.02484130859375,436.816650390625
IMG_0050.mp4,286,9.542866666666667,29.97002997002997,27,2,traffic_signs,0.899111807346344,1843.1636962890625,1073.848388671875,1915.99169921875,1183.700927734375,1879.5776977539062,1128.774658203125,72.8280029296875,109.8525390625
IMG_0050.mp4,286,9.542866666666667,29.97002997002997,41,2,traffic_signs,0.8766816258430481,2620.03076171875,1228.60400390625,2646.06103515625,1308.451416015625,2633.0458984375,1268.5277099609375,26.0302734375,79.847412109375
IMG_0050.mp4,286,9.542866666666667,29.97002997002997,35,2,traffic_signs,0.551957905292511,1614.5074462890625,1060.010498046875,1666.150634765625,1124.45458984375,1640.3290405273438,1092.2325439453125,51.6431884765625,64.444091796875
IMG_0050.mp4,287,9.576233333333333,29.97002997002997,23,2,traffic_signs,0.844378650188446,2254.87548828125,1224.4412841796875,2309.806396484375,1299.4049072265625,2282.3409423828125,1261.923095703125,54.930908203125,74.963623046875
IMG_0050.mp4,287,9.576233333333333,29.97002997002997,18,0,auth_label,0.9790117144584656,656.3893432617188,889.3629150390625,1126.308349609375,1327.9261474609375,891.3488464355469,1108.64453125,469.91900634765625,438.563232421875
IMG_0050.mp4,287,9.576233333333333,29.97002997002997,27,2,traffic_signs,0.9134520292282104,1839.0169677734375,1068.98779296875,1912.4471435546875,1181.1474609375,1875.7320556640625,1125.067626953125,73.43017578125,112.15966796875
IMG_0050.mp4,287,9.576233333333333,29.97002997002997,41,2,traffic_signs,0.7415879964828491,2627.691650390625,1225.4549560546875,2654.200439453125,1305.950439453125,2640.946044921875,1265.7026977539062,26.5087890625,80.4954833984375
IMG_0050.mp4,287,9.576233333333333,29.97002997002997,35,2,traffic_signs,0.4930803179740906,1609.14501953125,1055.19384765625,1662.923828125,1121.8134765625,1636.034423828125,1088.503662109375,53.77880859375,66.61962890625
IMG_0050.mp4,287,9.576233333333333,29.97002997002997,42,2,traffic_signs,0.5896466970443726,286.2560729980469,1053.051025390625,346.8420715332031,1107.251708984375,316.549072265625,1080.1513671875,60.58599853515625,54.20068359375
IMG_0050.mp4,287,9.576233333333333,29.97002997002997,50,2,traffic_signs,0.3510172665119171,1224.574951171875,1170.4781494140625,1254.836669921875,1215.2540283203125,1239.705810546875,1192.8660888671875,30.26171875,44.77587890625
IMG_0050.mp4,287,9.576233333333333,29.97002997002997,16,2,traffic_signs,0.6817542910575867,1604.005126953125,1139.1552734375,1661.1949462890625,1206.700927734375,1632.6000366210938,1172.9281005859375,57.1898193359375,67.545654296875
IMG_0050.mp4,288,9.6096,29.97002997002997,23,2,traffic_signs,0.9212844371795654,2259.031005859375,1222.4849853515625,2314.75244140625,1297.9517822265625,2286.8917236328125,1260.2183837890625,55.721435546875,75.466796875
IMG_0050.mp4,288,9.6096,29.97002997002997,18,0,auth_label,0.9776608943939209,653.794677734375,887.0242919921875,1124.102294921875,1327.58203125,888.948486328125,1107.3031616210938,470.3076171875,440.5577392578125
IMG_0050.mp4,288,9.6096,29.97002997002997,27,2,traffic_signs,0.8976945281028748,1834.9169921875,1063.0625,1908.7039794921875,1177.3214111328125,1871.8104858398438,1120.1919555664062,73.7869873046875,114.2589111328125
IMG_0050.mp4,288,9.6096,29.97002997002997,41,2,traffic_signs,0.8556946516036987,2635.64794921875,1223.6689453125,2662.2265625,1304.105224609375,2648.937255859375,1263.8870849609375,26.57861328125,80.436279296875
IMG_0050.mp4,288,9.6096,29.97002997002997,16,2,traffic_signs,0.5553589463233948,1602.6053466796875,1134.3599853515625,1665.93701171875,1204.6925048828125,1634.2711791992188,1169.5262451171875,63.3316650390625,70.33251953125
IMG_0050.mp4,289,9.642966666666666,29.97002997002997,23,2,traffic_signs,0.9149761199951172,2264.600341796875,1221.220703125,2319.72705078125,1296.93701171875,2292.1636962890625,1259.078857421875,55.126708984375,75.71630859375
IMG_0050.mp4,289,9.642966666666666,29.97002997002997,18,0,auth_label,0.9755064249038696,653.1740112304688,884.9325561523438,1122.5078125,1328.2132568359375,887.8409118652344,1106.5729064941406,469.33380126953125,443.28070068359375
IMG_0050.mp4,289,9.642966666666666,29.97002997002997,27,2,traffic_signs,0.9014701843261719,1831.26220703125,1058.13134765625,1905.921142578125,1173.118408203125,1868.5916748046875,1115.6248779296875,74.658935546875,114.987060546875
IMG_0050.mp4,289,9.642966666666666,29.97002997002997,41,2,traffic_signs,0.871577799320221,2643.689697265625,1219.837890625,2671.430908203125,1304.6793212890625,2657.560302734375,1262.2586059570312,27.7412109375,84.8414306640625
IMG_0050.mp4,289,9.642966666666666,29.97002997002997,49,2,traffic_signs,0.43193504214286804,1596.82373046875,1065.0567626953125,1668.273681640625,1199.6583251953125,1632.5487060546875,1132.3575439453125,71.449951171875,134.6015625
IMG_0050.mp4,289,9.642966666666666,29.97002997002997,42,2,traffic_signs,0.5890276432037354,276.9293212890625,1051.56005859375,339.4283752441406,1107.29736328125,308.17884826660156,1079.4287109375,62.499053955078125,55.7373046875
IMG_0050.mp4,290,9.676333333333334,29.97002997002997,23,2,traffic_signs,0.9214586019515991,2268.874267578125,1221.0516357421875,2324.768310546875,1295.72412109375,2296.8212890625,1258.3878784179688,55.89404296875,74.6724853515625
IMG_0050.mp4,290,9.676333333333334,29.97002997002997,18,0,auth_label,0.9759516716003418,648.7105712890625,883.0023193359375,1119.3365478515625,1329.1917724609375,884.0235595703125,1106.0970458984375,470.6259765625,446.189453125
IMG_0050.mp4,290,9.676333333333334,29.97002997002997,27,2,traffic_signs,0.9071229100227356,1825.52880859375,1051.4168701171875,1902.955322265625,1170.096923828125,1864.2420654296875,1110.7568969726562,77.426513671875,118.6800537109375
IMG_0050.mp4,290,9.676333333333334,29.97002997002997,41,2,traffic_signs,0.8644144535064697,2652.832763671875,1217.172607421875,2679.31591796875,1301.8109130859375,2666.0743408203125,1259.4917602539062,26.483154296875,84.6383056640625
IMG_0050.mp4,290,9.676333333333334,29.97002997002997,49,2,traffic_signs,0.45335593819618225,1593.4727783203125,1061.6455078125,1666.5968017578125,1198.5428466796875,1630.0347900390625,1130.0941772460938,73.1240234375,136.8973388671875
IMG_0050.mp4,290,9.676333333333334,29.97002997002997,42,2,traffic_signs,0.8019466996192932,271.81048583984375,1049.636962890625,334.9595642089844,1105.5804443359375,303.38502502441406,1077.6087036132812,63.149078369140625,55.9434814453125
IMG_0050.mp4,291,9.7097,29.97002997002997,23,2,traffic_signs,0.9150946140289307,2273.106201171875,1219.27490234375,2328.748779296875,1295.021240234375,2300.927490234375,1257.1480712890625,55.642578125,75.746337890625
IMG_0050.mp4,291,9.7097,29.97002997002997,18,0,auth_label,0.9761818647384644,646.6102905273438,881.4078369140625,1117.5184326171875,1329.1024169921875,882.0643615722656,1105.255126953125,470.90814208984375,447.694580078125
IMG_0050.mp4,291,9.7097,29.97002997002997,27,2,traffic_signs,0.9095049500465393,1819.6353759765625,1045.291015625,1900.1339111328125,1166.65869140625,1859.8846435546875,1105.974853515625,80.49853515625,121.36767578125
IMG_0050.mp4,291,9.7097,29.97002997002997,41,2,traffic_signs,0.7920351028442383,2661.214599609375,1213.486083984375,2688.601806640625,1302.7850341796875,2674.908203125,1258.1355590820312,27.38720703125,89.2989501953125
IMG_0050.mp4,291,9.7097,29.97002997002997,42,2,traffic_signs,0.7329936623573303,268.61993408203125,1049.5855712890625,331.08807373046875,1104.864013671875,299.85400390625,1077.2247924804688,62.4681396484375,55.2784423828125
IMG_0050.mp4,291,9.7097,29.97002997002997,35,2,traffic_signs,0.27452918887138367,1595.7332763671875,1037.8021240234375,1653.0322265625,1107.155029296875,1624.3827514648438,1072.4785766601562,57.2989501953125,69.3529052734375
IMG_0050.mp4,292,9.743066666666667,29.97002997002997,23,2,traffic_signs,0.770989716053009,2276.841064453125,1214.480712890625,2334.953369140625,1293.8115234375,2305.897216796875,1254.1461181640625,58.1123046875,79.330810546875
IMG_0050.mp4,292,9.743066666666667,29.97002997002997,18,0,auth_label,0.975714385509491,639.4931030273438,879.1596069335938,1116.797119140625,1329.3104248046875,878.1451110839844,1104.2350158691406,477.30401611328125,450.15081787109375
IMG_0050.mp4,292,9.743066666666667,29.97002997002997,27,2,traffic_signs,0.8257043361663818,1813.4249267578125,1040.250244140625,1897.3448486328125,1162.1771240234375,1855.3848876953125,1101.2136840820312,83.919921875,121.9268798828125
IMG_0050.mp4,292,9.743066666666667,29.97002997002997,41,2,traffic_signs,0.864569365978241,2670.150390625,1210.046142578125,2697.71240234375,1298.326171875,2683.931396484375,1254.1861572265625,27.56201171875,88.280029296875
IMG_0050.mp4,292,9.743066666666667,29.97002997002997,35,2,traffic_signs,0.44783496856689453,1592.4263916015625,1036.382080078125,1650.65478515625,1104.6304931640625,1621.5405883789062,1070.5062866210938,58.2283935546875,68.2484130859375
IMG_0050.mp4,293,9.776433333333333,29.97002997002997,23,2,traffic_signs,0.8734995722770691,2281.166015625,1213.3905029296875,2338.872802734375,1292.9287109375,2310.0194091796875,1253.1596069335938,57.706787109375,79.5382080078125
IMG_0050.mp4,293,9.776433333333333,29.97002997002997,18,0,auth_label,0.9796350598335266,631.70703125,877.3566284179688,1116.21826171875,1330.7374267578125,873.962646484375,1104.0470275878906,484.51123046875,453.38079833984375
IMG_0050.mp4,293,9.776433333333333,29.97002997002997,27,2,traffic_signs,0.9226486682891846,1808.3145751953125,1034.9383544921875,1893.0509033203125,1158.1654052734375,1850.6827392578125,1096.5518798828125,84.736328125,123.22705078125
IMG_0050.mp4,293,9.776433333333333,29.97002997002997,41,2,traffic_signs,0.8162543773651123,2678.211669921875,1207.8363037109375,2706.253173828125,1297.736328125,2692.232421875,1252.7863159179688,28.04150390625,89.9000244140625
IMG_0050.mp4,293,9.776433333333333,29.97002997002997,35,2,traffic_signs,0.34814101457595825,1588.507080078125,1033.3623046875,1648.3524169921875,1103.4822998046875,1618.4297485351562,1068.4223022460938,59.8453369140625,70.1199951171875
IMG_0050.mp4,293,9.776433333333333,29.97002997002997,59,2,traffic_signs,0.6143194437026978,835.8754272460938,1141.45751953125,874.0149536132812,1170.73193359375,854.9451904296875,1156.0947265625,38.1395263671875,29.2744140625
IMG_0050.mp4,293,9.776433333333333,29.97002997002997,16,2,traffic_signs,0.2690085470676422,1600.1890869140625,1124.1453857421875,1657.8790283203125,1194.721923828125,1629.0340576171875,1159.4336547851562,57.68994140625,70.5765380859375
IMG_0050.mp4,293,9.776433333333333,29.97002997002997,42,2,traffic_signs,0.5794968605041504,261.1557922363281,1046.6461181640625,324.61114501953125,1103.6500244140625,292.8834686279297,1075.1480712890625,63.455352783203125,57.00390625
IMG_0050.mp4,294,9.809800000000001,29.97002997002997,23,2,traffic_signs,0.9015543460845947,2286.533935546875,1214.4388427734375,2339.11962890625,1291.1436767578125,2312.8267822265625,1252.791259765625,52.585693359375,76.704833984375
IMG_0050.mp4,294,9.809800000000001,29.97002997002997,18,0,auth_label,0.9800712466239929,625.3050537109375,875.2666625976562,1115.7333984375,1330.988037109375,870.5192260742188,1103.1273498535156,490.4283447265625,455.72137451171875
IMG_0050.mp4,294,9.809800000000001,29.97002997002997,27,2,traffic_signs,0.9145602583885193,1803.447998046875,1029.875244140625,1889.814208984375,1154.6435546875,1846.631103515625,1092.2593994140625,86.3662109375,124.768310546875
IMG_0050.mp4,294,9.809800000000001,29.97002997002997,41,2,traffic_signs,0.56028151512146,2689.721923828125,1205.0494384765625,2717.488525390625,1295.60595703125,2703.605224609375,1250.3276977539062,27.7666015625,90.5565185546875
IMG_0050.mp4,294,9.809800000000001,29.97002997002997,59,2,traffic_signs,0.3454402983188629,838.9569702148438,1142.036865234375,875.3717651367188,1171.6522216796875,857.1643676757812,1156.8445434570312,36.414794921875,29.6153564453125
IMG_0050.mp4,294,9.809800000000001,29.97002997002997,42,2,traffic_signs,0.769904375076294,258.14959716796875,1046.1087646484375,324.65301513671875,1103.79541015625,291.40130615234375,1074.9520874023438,66.50341796875,57.6866455078125
IMG_0050.mp4,294,9.809800000000001,29.97002997002997,49,2,traffic_signs,0.356527715921402,1584.049560546875,1094.5582275390625,1655.2586669921875,1193.091796875,1619.6541137695312,1143.8250122070312,71.2091064453125,98.5335693359375
IMG_0050.mp4,295,9.843166666666667,29.97002997002997,23,2,traffic_signs,0.9038810133934021,2292.86279296875,1215.176025390625,2342.21435546875,1289.27294921875,2317.53857421875,1252.2244873046875,49.3515625,74.096923828125
IMG_0050.mp4,295,9.843166666666667,29.97002997002997,18,0,auth_label,0.9793857336044312,621.9629516601562,871.877685546875,1114.833740234375,1330.7967529296875,868.3983459472656,1101.3372192382812,492.87078857421875,458.9190673828125
IMG_0050.mp4,295,9.843166666666667,29.97002997002997,27,2,traffic_signs,0.9164263010025024,1796.2996826171875,1023.9559936523438,1887.083251953125,1152.106201171875,1841.6914672851562,1088.0310974121094,90.7835693359375,128.15020751953125
IMG_0050.mp4,295,9.843166666666667,29.97002997002997,41,2,traffic_signs,0.8345990180969238,2700.76806640625,1201.1634521484375,2727.985595703125,1292.7901611328125,2714.3768310546875,1246.976806640625,27.217529296875,91.626708984375
IMG_0050.mp4,295,9.843166666666667,29.97002997002997,59,2,traffic_signs,0.6490116119384766,847.9891357421875,1143.4974365234375,885.8717041015625,1172.4976806640625,866.930419921875,1157.99755859375,37.882568359375,29.000244140625
IMG_0050.mp4,295,9.843166666666667,29.97002997002997,42,2,traffic_signs,0.9013915061950684,256.1499328613281,1045.4749755859375,324.72314453125,1103.5780029296875,290.43653869628906,1074.5264892578125,68.57321166992188,58.10302734375
IMG_0050.mp4,295,9.843166666666667,29.97002997002997,49,2,traffic_signs,0.45766711235046387,1583.5277099609375,1103.164794921875,1652.76708984375,1191.18359375,1618.1473999023438,1147.1741943359375,69.2393798828125,88.018798828125
IMG_0050.mp4,296,9.876533333333333,29.97002997002997,23,2,traffic_signs,0.8773800730705261,2297.425048828125,1214.727294921875,2344.04345703125,1287.9637451171875,2320.7342529296875,1251.3455200195312,46.618408203125,73.2364501953125
IMG_0050.mp4,296,9.876533333333333,29.97002997002997,18,0,auth_label,0.9793819189071655,618.8818359375,871.09326171875,1112.5975341796875,1330.2406005859375,865.7396850585938,1100.6669311523438,493.7156982421875,459.1473388671875
IMG_0050.mp4,296,9.876533333333333,29.97002997002997,27,2,traffic_signs,0.9118470549583435,1790.41455078125,1016.898193359375,1882.9305419921875,1148.468017578125,1836.6725463867188,1082.68310546875,92.5159912109375,131.56982421875
IMG_0050.mp4,296,9.876533333333333,29.97002997002997,41,2,traffic_signs,0.5806602239608765,2710.15673828125,1199.0966796875,2739.334716796875,1291.088134765625,2724.7457275390625,1245.0924072265625,29.177978515625,91.991455078125
IMG_0050.mp4,296,9.876533333333333,29.97002997002997,59,2,traffic_signs,0.6487956047058105,855.2576904296875,1144.30029296875,892.5577392578125,1173.24658203125,873.90771484375,1158.7734375,37.300048828125,28.9462890625
IMG_0050.mp4,296,9.876533333333333,29.97002997002997,42,2,traffic_signs,0.8813531398773193,252.66134643554688,1045.915771484375,321.8356628417969,1103.5870361328125,287.2485046386719,1074.7514038085938,69.17431640625,57.6712646484375
IMG_0050.mp4,296,9.876533333333333,29.97002997002997,49,2,traffic_signs,0.28061193227767944,1580.1939697265625,1097.228759765625,1650.3280029296875,1188.8050537109375,1615.260986328125,1143.0169067382812,70.134033203125,91.5762939453125
IMG_0050.mp4,297,9.9099,29.97002997002997,23,2,traffic_signs,0.7727052569389343,2302.3671875,1213.8265380859375,2349.821044921875,1287.9534912109375,2326.0941162109375,1250.8900146484375,47.453857421875,74.126953125
IMG_0050.mp4,297,9.9099,29.97002997002997,18,0,auth_label,0.9791151285171509,615.7899169921875,871.1697387695312,1109.2769775390625,1330.3265380859375,862.533447265625,1100.7481384277344,493.487060546875,459.15679931640625
IMG_0050.mp4,297,9.9099,29.97002997002997,27,2,traffic_signs,0.8993045091629028,1782.7435302734375,1011.1500244140625,1877.8558349609375,1144.8743896484375,1830.2996826171875,1078.01220703125,95.1123046875,133.724365234375
IMG_0050.mp4,297,9.9099,29.97002997002997,41,2,traffic_signs,0.7130491137504578,2721.3388671875,1196.23828125,2749.921875,1286.673583984375,2735.63037109375,1241.4559326171875,28.5830078125,90.435302734375
IMG_0050.mp4,297,9.9099,29.97002997002997,59,2,traffic_signs,0.623214066028595,859.5811767578125,1144.7589111328125,898.1257934570312,1173.602783203125,878.8534851074219,1159.1808471679688,38.54461669921875,28.8438720703125
IMG_0050.mp4,297,9.9099,29.97002997002997,42,2,traffic_signs,0.910892128944397,250.24964904785156,1045.2967529296875,320.7758483886719,1103.7078857421875,285.5127487182617,1074.5023193359375,70.52619934082031,58.4111328125
IMG_0050.mp4,297,9.9099,29.97002997002997,49,2,traffic_signs,0.2732074558734894,1577.626953125,1096.7608642578125,1648.5997314453125,1187.1710205078125,1613.1133422851562,1141.9659423828125,70.9727783203125,90.41015625
IMG_0050.mp4,297,9.9099,29.97002997002997,64,2,traffic_signs,0.5399026870727539,1562.702392578125,1008.7638549804688,1648.250244140625,1192.222900390625,1605.476318359375,1100.4933776855469,85.5478515625,183.45904541015625
IMG_0050.mp4,298,9.943266666666666,29.97002997002997,23,2,traffic_signs,0.8950796127319336,2306.562744140625,1210.6307373046875,2360.798583984375,1287.033203125,2333.6806640625,1248.8319702148438,54.23583984375,76.4024658203125
IMG_0050.mp4,298,9.943266666666666,29.97002997002997,18,0,auth_label,0.9771741032600403,611.6378173828125,873.8396606445312,1106.245849609375,1329.1951904296875,858.9418334960938,1101.5174255371094,494.6080322265625,455.35552978515625
IMG_0050.mp4,298,9.943266666666666,29.97002997002997,27,2,traffic_signs,0.9106587767601013,1776.7294921875,1005.7599487304688,1872.9351806640625,1141.3153076171875,1824.8323364257812,1073.5376281738281,96.2056884765625,135.55535888671875
IMG_0050.mp4,298,9.943266666666666,29.97002997002997,41,2,traffic_signs,0.522443950176239,2731.571533203125,1193.6014404296875,2760.125732421875,1284.2430419921875,2745.8486328125,1238.9222412109375,28.55419921875,90.6416015625
IMG_0050.mp4,298,9.943266666666666,29.97002997002997,59,2,traffic_signs,0.4169076979160309,863.2590942382812,1145.9656982421875,901.83154296875,1174.4803466796875,882.5453186035156,1160.2230224609375,38.57244873046875,28.5146484375
IMG_0050.mp4,298,9.943266666666666,29.97002997002997,42,2,traffic_signs,0.8050746917724609,247.93313598632812,1044.4715576171875,318.8404235839844,1103.273193359375,283.38677978515625,1073.8723754882812,70.90728759765625,58.8016357421875
IMG_0050.mp4,298,9.943266666666666,29.97002997002997,64,2,traffic_signs,0.35092246532440186,1561.492431640625,1005.5679321289062,1644.9998779296875,1191.0281982421875,1603.2461547851562,1098.2980651855469,83.5074462890625,185.46026611328125
IMG_0050.mp4,299,9.976633333333334,29.97002997002997,23,2,traffic_signs,0.9152293801307678,2312.393798828125,1209.7742919921875,2361.52099609375,1285.15283203125,2336.9573974609375,1247.4635620117188,49.127197265625,75.3785400390625
IMG_0050.mp4,299,9.976633333333334,29.97002997002997,18,0,auth_label,0.9744691848754883,608.4966430664062,875.8287963867188,1104.5721435546875,1328.903076171875,856.5343933105469,1102.3659362792969,496.07550048828125,453.07427978515625
IMG_0050.mp4,299,9.976633333333334,29.97002997002997,27,2,traffic_signs,0.8800047039985657,1770.4569091796875,998.0235595703125,1868.8133544921875,1136.996337890625,1819.6351318359375,1067.5099487304688,98.3564453125,138.9727783203125
IMG_0050.mp4,299,9.976633333333334,29.97002997002997,41,2,traffic_signs,0.8455824851989746,2743.699951171875,1189.3804931640625,2772.3232421875,1281.0572509765625,2758.0115966796875,1235.2188720703125,28.623291015625,91.6767578125
IMG_0050.mp4,299,9.976633333333334,29.97002997002997,59,2,traffic_signs,0.6683447957038879,878.845703125,1148.7796630859375,912.9638061523438,1174.8580322265625,895.9047546386719,1161.81884765625,34.11810302734375,26.078369140625
IMG_0050.mp4,299,9.976633333333334,29.97002997002997,42,2,traffic_signs,0.7686388492584229,247.0966339111328,1044.659912109375,316.80352783203125,1103.300537109375,281.95008087158203,1073.980224609375,69.70689392089844,58.640625
IMG_0050.mp4,299,9.976633333333334,29.97002997002997,49,2,traffic_signs,0.3871725797653198,1577.1275634765625,1098.4681396484375,1643.4488525390625,1183.951171875,1610.2882080078125,1141.2096557617188,66.3212890625,85.4830322265625
IMG_0050.mp4,300,10.01,29.97002997002997,23,2,traffic_signs,0.8806312680244446,2318.744384765625,1207.492919921875,2367.808837890625,1283.8553466796875,2343.276611328125,1245.6741333007812,49.064453125,76.3624267578125
IMG_0050.mp4,300,10.01,29.97002997002997,18,0,auth_label,0.9665300250053406,604.6903686523438,876.8018798828125,1103.0147705078125,1327.453369140625,853.8525695800781,1102.1276245117188,498.32440185546875,450.6514892578125
IMG_0050.mp4,300,10.01,29.97002997002997,27,2,traffic_signs,0.8844007253646851,1763.9329833984375,991.5125122070312,1862.6258544921875,1133.2254638671875,1813.2794189453125,1062.3689880371094,98.69287109375,141.71295166015625
IMG_0050.mp4,300,10.01,29.97002997002997,41,2,traffic_signs,0.742636501789093,2754.71435546875,1187.3643798828125,2784.843994140625,1283.6265869140625,2769.7791748046875,1235.4954833984375,30.129638671875,96.26220703125
IMG_0050.mp4,300,10.01,29.97002997002997,59,2,traffic_signs,0.6482412815093994,882.2129516601562,1150.5413818359375,916.2037353515625,1174.947998046875,899.2083435058594,1162.7446899414062,33.99078369140625,24.4066162109375
IMG_0050.mp4,300,10.01,29.97002997002997,42,2,traffic_signs,0.8684608340263367,246.21585083007812,1044.84716796875,318.6282653808594,1103.58642578125,282.42205810546875,1074.216796875,72.41241455078125,58.7392578125
IMG_0050.mp4,300,10.01,29.97002997002997,49,2,traffic_signs,0.6942603588104248,1578.5904541015625,1101.1630859375,1640.0682373046875,1182.0947265625,1609.329345703125,1141.62890625,61.477783203125,80.931640625
IMG_0050.mp4,301,10.043366666666667,29.97002997002997,23,2,traffic_signs,0.8905339241027832,2323.5869140625,1206.0333251953125,2371.58544921875,1282.774658203125,2347.586181640625,1244.4039916992188,47.99853515625,76.7413330078125
IMG_0050.mp4,301,10.043366666666667,29.97002997002997,18,0,auth_label,0.966866135597229,599.4146728515625,877.0132446289062,1101.214111328125,1327.6590576171875,850.3143920898438,1102.3361511230469,501.7994384765625,450.64581298828125
IMG_0050.mp4,301,10.043366666666667,29.97002997002997,27,2,traffic_signs,0.8328506350517273,1754.258544921875,984.4027099609375,1855.0894775390625,1129.4588623046875,1804.6740112304688,1056.9307861328125,100.8309326171875,145.05615234375
IMG_0050.mp4,301,10.043366666666667,29.97002997002997,41,2,traffic_signs,0.8295596837997437,2763.980712890625,1183.4417724609375,2795.73828125,1284.1868896484375,2779.8594970703125,1233.8143310546875,31.757568359375,100.7451171875
IMG_0050.mp4,301,10.043366666666667,29.97002997002997,59,2,traffic_signs,0.6921026706695557,884.3921508789062,1150.469482421875,913.2925415039062,1176.369873046875,898.8423461914062,1163.419677734375,28.900390625,25.900390625
IMG_0050.mp4,301,10.043366666666667,29.97002997002997,42,2,traffic_signs,0.8898910880088806,243.88369750976562,1044.159423828125,315.78033447265625,1103.847900390625,279.83201599121094,1074.003662109375,71.89663696289062,59.6884765625
IMG_0050.mp4,301,10.043366666666667,29.97002997002997,49,2,traffic_signs,0.28505516052246094,1575.850830078125,1100.459228515625,1636.8428955078125,1180.971435546875,1606.3468627929688,1140.71533203125,60.9920654296875,80.51220703125
IMG_0050.mp4,302,10.076733333333333,29.97002997002997,23,2,traffic_signs,0.9035402536392212,2329.153076171875,1205.3648681640625,2376.8623046875,1282.5572509765625,2353.0076904296875,1243.9610595703125,47.709228515625,77.1923828125
IMG_0050.mp4,302,10.076733333333333,29.97002997002997,18,0,auth_label,0.9638903737068176,593.45947265625,876.3013916015625,1100.3624267578125,1328.6917724609375,846.9109497070312,1102.49658203125,506.9029541015625,452.390380859375
IMG_0050.mp4,302,10.076733333333333,29.97002997002997,27,2,traffic_signs,0.8575925827026367,1747.0457763671875,977.289794921875,1849.6490478515625,1126.3565673828125,1798.347412109375,1051.8231811523438,102.603271484375,149.0667724609375
IMG_0050.mp4,302,10.076733333333333,29.97002997002997,41,2,traffic_signs,0.8767806887626648,2776.177490234375,1182.5626220703125,2807.889892578125,1281.963134765625,2792.03369140625,1232.2628784179688,31.71240234375,99.4005126953125
IMG_0050.mp4,302,10.076733333333333,29.97002997002997,59,2,traffic_signs,0.7625765800476074,890.3245239257812,1152.0576171875,915.7918701171875,1178.4405517578125,903.0581970214844,1165.2490844726562,25.46734619140625,26.3829345703125
IMG_0050.mp4,302,10.076733333333333,29.97002997002997,42,2,traffic_signs,0.875668466091156,242.9209747314453,1044.4703369140625,314.0239562988281,1104.240234375,278.4724655151367,1074.3552856445312,71.10298156738281,59.7698974609375
IMG_0050.mp4,302,10.076733333333333,29.97002997002997,49,2,traffic_signs,0.7147645354270935,1570.2677001953125,1097.7186279296875,1634.2734375,1180.9969482421875,1602.2705688476562,1139.3577880859375,64.0057373046875,83.2783203125
IMG_0050.mp4,302,10.076733333333333,29.97002997002997,70,2,traffic_signs,0.5203542709350586,1290.4583740234375,1185.3115234375,1314.9888916015625,1217.847900390625,1302.7236328125,1201.5797119140625,24.530517578125,32.536376953125
IMG_0050.mp4,303,10.110100000000001,29.97002997002997,23,2,traffic_signs,0.9155060648918152,2333.720703125,1202.461669921875,2379.685302734375,1280.97119140625,2356.7030029296875,1241.7164306640625,45.964599609375,78.509521484375
IMG_0050.mp4,303,10.110100000000001,29.97002997002997,18,0,auth_label,0.9494777917861938,588.9689331054688,876.3638305664062,1101.4251708984375,1328.365478515625,845.1970520019531,1102.3646545410156,512.4562377929688,452.00164794921875
IMG_0050.mp4,303,10.110100000000001,29.97002997002997,27,2,traffic_signs,0.4594019949436188,1738.8736572265625,970.5637817382812,1845.764404296875,1121.4527587890625,1792.3190307617188,1046.0082702636719,106.8907470703125,150.88897705078125
IMG_0050.mp4,303,10.110100000000001,29.97002997002997,41,2,traffic_signs,0.8891029357910156,2786.605224609375,1178.571533203125,2820.964111328125,1279.4407958984375,2803.78466796875,1229.0061645507812,34.35888671875,100.8692626953125
IMG_0050.mp4,303,10.110100000000001,29.97002997002997,59,2,traffic_signs,0.48869967460632324,898.1389770507812,1153.1151123046875,920.76025390625,1179.016845703125,909.4496154785156,1166.0659790039062,22.62127685546875,25.9017333984375
IMG_0050.mp4,303,10.110100000000001,29.97002997002997,42,2,traffic_signs,0.922876238822937,243.18826293945312,1044.187744140625,315.3816223144531,1105.2593994140625,279.2849426269531,1074.7235717773438,72.193359375,61.0716552734375
IMG_0050.mp4,303,10.110100000000001,29.97002997002997,49,2,traffic_signs,0.8181431293487549,1566.5703125,1095.9630126953125,1631.1768798828125,1178.4388427734375,1598.8735961914062,1137.200927734375,64.6065673828125,82.475830078125
IMG_0050.mp4,303,10.110100000000001,29.97002997002997,70,2,traffic_signs,0.4758817255496979,1291.4583740234375,1185.241943359375,1319.3985595703125,1218.08056640625,1305.428466796875,1201.6612548828125,27.940185546875,32.838623046875
IMG_0050.mp4,304,10.143466666666667,29.97002997002997,23,2,traffic_signs,0.9039354920387268,2340.645751953125,1198.4217529296875,2386.714111328125,1279.8101806640625,2363.679931640625,1239.115966796875,46.068359375,81.388427734375
IMG_0050.mp4,304,10.143466666666667,29.97002997002997,18,0,auth_label,0.9530585408210754,585.412109375,874.7990112304688,1098.382568359375,1327.8836669921875,841.8973388671875,1101.3413391113281,512.970458984375,453.08465576171875
IMG_0050.mp4,304,10.143466666666667,29.97002997002997,27,2,traffic_signs,0.6595578789710999,1730.5550537109375,963.07470703125,1843.4124755859375,1115.943603515625,1786.9837646484375,1039.5091552734375,112.857421875,152.868896484375
IMG_0050.mp4,304,10.143466666666667,29.97002997002997,41,2,traffic_signs,0.33468911051750183,2799.6982421875,1173.599853515625,2836.743408203125,1279.9168701171875,2818.2208251953125,1226.7583618164062,37.045166015625,106.3170166015625
IMG_0050.mp4,304,10.143466666666667,29.97002997002997,42,2,traffic_signs,0.9256936311721802,242.406005859375,1044.116455078125,314.4353332519531,1105.3675537109375,278.42066955566406,1074.7420043945312,72.02932739257812,61.2510986328125
IMG_0050.mp4,304,10.143466666666667,29.97002997002997,49,2,traffic_signs,0.8232150077819824,1568.8260498046875,1094.0433349609375,1629.0318603515625,1175.5947265625,1598.928955078125,1134.8190307617188,60.205810546875,81.5513916015625
IMG_0050.mp4,304,10.143466666666667,29.97002997002997,70,2,traffic_signs,0.7094661593437195,1295.595703125,1185.0206298828125,1325.9630126953125,1218.428955078125,1310.7793579101562,1201.7247924804688,30.3673095703125,33.4083251953125
IMG_0050.mp4,304,10.143466666666667,29.97002997002997,35,2,traffic_signs,0.5484257340431213,1538.679931640625,982.6102905273438,1610.5430908203125,1067.5662841796875,1574.6115112304688,1025.0882873535156,71.8631591796875,84.95599365234375
IMG_0050.mp4,305,10.176833333333333,29.97002997002997,23,2,traffic_signs,0.8871859908103943,2344.971923828125,1198.44580078125,2393.715576171875,1278.7762451171875,2369.34375,1238.6110229492188,48.74365234375,80.3304443359375
IMG_0050.mp4,305,10.176833333333333,29.97002997002997,18,0,auth_label,0.9482638239860535,580.0948486328125,867.26025390625,1097.7469482421875,1328.985107421875,838.9208984375,1098.1226806640625,517.652099609375,461.724853515625
IMG_0050.mp4,305,10.176833333333333,29.97002997002997,27,2,traffic_signs,0.8722249865531921,1720.16943359375,957.168212890625,1836.305908203125,1112.21484375,1778.2376708984375,1034.6915283203125,116.136474609375,155.046630859375
IMG_0050.mp4,305,10.176833333333333,29.97002997002997,42,2,traffic_signs,0.9118222594261169,238.3828125,1043.9749755859375,310.68035888671875,1105.1497802734375,274.5315856933594,1074.5623779296875,72.29754638671875,61.1748046875
IMG_0050.mp4,305,10.176833333333333,29.97002997002997,49,2,traffic_signs,0.7750539183616638,1568.7064208984375,1090.7703857421875,1625.757568359375,1172.39794921875,1597.2319946289062,1131.5841674804688,57.0511474609375,81.6275634765625
IMG_0050.mp4,305,10.176833333333333,29.97002997002997,70,2,traffic_signs,0.7807424664497375,1298.4364013671875,1185.427734375,1328.6219482421875,1219.1290283203125,1313.5291748046875,1202.2783813476562,30.185546875,33.7012939453125
IMG_0050.mp4,305,10.176833333333333,29.97002997002997,35,2,traffic_signs,0.4365612864494324,1533.8035888671875,980.1124267578125,1605.2647705078125,1063.896728515625,1569.5341796875,1022.0045776367188,71.461181640625,83.7843017578125
IMG_0050.mp4,305,10.176833333333333,29.97002997002997,59,2,traffic_signs,0.5743010640144348,913.3641357421875,1155.981689453125,939.0274047851562,1181.28466796875,926.1957702636719,1168.6331787109375,25.66326904296875,25.302978515625
IMG_0050.mp4,306,10.2102,29.97002997002997,23,2,traffic_signs,0.8307592272758484,2350.811279296875,1191.7119140625,2403.966796875,1279.5843505859375,2377.3890380859375,1235.6481323242188,53.155517578125,87.8724365234375
IMG_0050.mp4,306,10.2102,29.97002997002997,18,0,auth_label,0.9640476107597351,579.2024536132812,863.4782104492188,1099.9779052734375,1329.907958984375,839.5901794433594,1096.6930847167969,520.7754516601562,466.42974853515625
IMG_0050.mp4,306,10.2102,29.97002997002997,27,2,traffic_signs,0.9086179733276367,1713.879150390625,947.3875122070312,1829.5333251953125,1111.2099609375,1771.7062377929688,1029.2987365722656,115.6541748046875,163.82244873046875
IMG_0050.mp4,306,10.2102,29.97002997002997,42,2,traffic_signs,0.8933475613594055,238.82481384277344,1045.3114013671875,311.31744384765625,1106.1322021484375,275.07112884521484,1075.7218017578125,72.49263000488281,60.82080078125
IMG_0050.mp4,306,10.2102,29.97002997002997,49,2,traffic_signs,0.8246499300003052,1563.884765625,1087.98046875,1622.316650390625,1171.1962890625,1593.1007080078125,1129.58837890625,58.431884765625,83.2158203125
IMG_0050.mp4,306,10.2102,29.97002997002997,70,2,traffic_signs,0.6996788382530212,1304.1514892578125,1186.4317626953125,1334.149169921875,1220.9378662109375,1319.1503295898438,1203.684814453125,29.9976806640625,34.506103515625
IMG_0050.mp4,306,10.2102,29.97002997002997,35,2,traffic_signs,0.7008216381072998,1530.543212890625,979.4550170898438,1598.1285400390625,1061.5643310546875,1564.3358764648438,1020.5096740722656,67.5853271484375,82.10931396484375
IMG_0050.mp4,306,10.2102,29.97002997002997,41,2,traffic_signs,0.3514115810394287,2823.085693359375,1166.949462890625,2862.079345703125,1274.8880615234375,2842.58251953125,1220.9187622070312,38.99365234375,107.9385986328125
IMG_0050.mp4,307,10.243566666666666,29.97002997002997,23,2,traffic_signs,0.8999976515769958,2358.138671875,1195.017333984375,2404.372314453125,1278.4117431640625,2381.2554931640625,1236.7145385742188,46.233642578125,83.3944091796875
IMG_0050.mp4,307,10.243566666666666,29.97002997002997,18,0,auth_label,0.9753885865211487,577.1639404296875,861.1026000976562,1101.5289306640625,1331.041259765625,839.346435546875,1096.0719299316406,524.364990234375,469.93865966796875
IMG_0050.mp4,307,10.243566666666666,29.97002997002997,27,2,traffic_signs,0.9072110056877136,1705.406982421875,940.9346313476562,1821.3795166015625,1107.193359375,1763.3932495117188,1024.0639953613281,115.9725341796875,166.25872802734375
IMG_0050.mp4,307,10.243566666666666,29.97002997002997,42,2,traffic_signs,0.9100819230079651,241.5291290283203,1047.033203125,311.8149108886719,1106.3731689453125,276.6720199584961,1076.7031860351562,70.28578186035156,59.3399658203125
IMG_0050.mp4,307,10.243566666666666,29.97002997002997,49,2,traffic_signs,0.7926083207130432,1569.1927490234375,1084.3385009765625,1619.77685546875,1165.349365234375,1594.4848022460938,1124.8439331054688,50.5841064453125,81.0108642578125
IMG_0050.mp4,307,10.243566666666666,29.97002997002997,70,2,traffic_signs,0.8362066149711609,1310.765869140625,1187.531005859375,1340.15576171875,1220.943359375,1325.4608154296875,1204.2371826171875,29.389892578125,33.412353515625
IMG_0050.mp4,307,10.243566666666666,29.97002997002997,35,2,traffic_signs,0.39081382751464844,1524.625,978.4640502929688,1594.511474609375,1058.8154296875,1559.5682373046875,1018.6397399902344,69.886474609375,80.35137939453125
IMG_0050.mp4,307,10.243566666666666,29.97002997002997,41,2,traffic_signs,0.641818642616272,2837.236572265625,1164.2764892578125,2874.81201171875,1274.3914794921875,2856.0242919921875,1219.333984375,37.575439453125,110.114990234375
IMG_0050.mp4,308,10.276933333333334,29.97002997002997,23,2,traffic_signs,0.8745602369308472,2365.214599609375,1195.540771484375,2415.52783203125,1277.3814697265625,2390.3712158203125,1236.4611206054688,50.313232421875,81.8406982421875
IMG_0050.mp4,308,10.276933333333334,29.97002997002997,18,0,auth_label,0.9780705571174622,573.8471069335938,859.3964233398438,1102.6746826171875,1330.2877197265625,838.2608947753906,1094.8420715332031,528.8275756835938,470.89129638671875
IMG_0050.mp4,308,10.276933333333334,29.97002997002997,27,2,traffic_signs,0.8883403539657593,1694.651611328125,934.1218872070312,1816.56396484375,1098.530517578125,1755.6077880859375,1016.3262023925781,121.912353515625,164.40863037109375
IMG_0050.mp4,308,10.276933333333334,29.97002997002997,42,2,traffic_signs,0.9158183932304382,242.35910034179688,1047.440673828125,312.5424499511719,1107.144287109375,277.4507751464844,1077.29248046875,70.183349609375,59.70361328125
IMG_0050.mp4,308,10.276933333333334,29.97002997002997,49,2,traffic_signs,0.6954103708267212,1566.4141845703125,1080.7979736328125,1618.109375,1163.0673828125,1592.2617797851562,1121.9326782226562,51.6951904296875,82.2694091796875
IMG_0050.mp4,308,10.276933333333334,29.97002997002997,70,2,traffic_signs,0.8327637910842896,1316.3082275390625,1188.0614013671875,1345.28076171875,1220.9224853515625,1330.7944946289062,1204.491943359375,28.9725341796875,32.861083984375
IMG_0050.mp4,308,10.276933333333334,29.97002997002997,35,2,traffic_signs,0.36409223079681396,1519.156494140625,974.2410888671875,1592.92724609375,1054.9508056640625,1556.0418701171875,1014.595947265625,73.770751953125,80.709716796875
IMG_0050.mp4,308,10.276933333333334,29.97002997002997,41,2,traffic_signs,0.8472386598587036,2852.46240234375,1159.43603515625,2890.074462890625,1272.1856689453125,2871.2684326171875,1215.8108520507812,37.612060546875,112.7496337890625
IMG_0050.mp4,309,10.3103,29.97002997002997,23,2,traffic_signs,0.8785105347633362,2370.65478515625,1195.423583984375,2421.8818359375,1275.4561767578125,2396.268310546875,1235.4398803710938,51.22705078125,80.0325927734375
IMG_0050.mp4,309,10.3103,29.97002997002997,18,0,auth_label,0.9639682769775391,571.9223022460938,858.496337890625,1102.274169921875,1329.39404296875,837.0982360839844,1093.9451904296875,530.3518676757812,470.897705078125
IMG_0050.mp4,309,10.3103,29.97002997002997,27,2,traffic_signs,0.8935883641242981,1687.2547607421875,927.1317749023438,1809.12841796875,1091.3114013671875,1748.1915893554688,1009.2215881347656,121.8736572265625,164.17962646484375
IMG_0050.mp4,309,10.3103,29.97002997002997,42,2,traffic_signs,0.6130191683769226,243.5330810546875,1047.4581298828125,314.46966552734375,1107.81005859375,279.0013732910156,1077.6340942382812,70.93658447265625,60.3519287109375
IMG_0050.mp4,309,10.3103,29.97002997002997,49,2,traffic_signs,0.8313282132148743,1550.7659912109375,1078.888427734375,1615.3699951171875,1164.1151123046875,1583.0679931640625,1121.5017700195312,64.60400390625,85.2266845703125
IMG_0050.mp4,309,10.3103,29.97002997002997,70,2,traffic_signs,0.8368557691574097,1321.6748046875,1188.61083984375,1351.93994140625,1220.8072509765625,1336.807373046875,1204.7090454101562,30.26513671875,32.1964111328125
IMG_0050.mp4,309,10.3103,29.97002997002997,41,2,traffic_signs,0.6103255152702332,2864.117431640625,1155.1287841796875,2903.5966796875,1269.7113037109375,2883.8570556640625,1212.4200439453125,39.479248046875,114.58251953125
IMG_0050.mp4,310,10.343666666666667,29.97002997002997,23,2,traffic_signs,0.8738217353820801,2379.016357421875,1192.158447265625,2428.7421875,1274.63671875,2403.8792724609375,1233.3975830078125,49.725830078125,82.478271484375
IMG_0050.mp4,310,10.343666666666667,29.97002997002997,18,0,auth_label,0.8698552846908569,566.58251953125,857.007080078125,1103.86669921875,1329.418701171875,835.224609375,1093.212890625,537.2841796875,472.41162109375
IMG_0050.mp4,310,10.343666666666667,29.97002997002997,27,2,traffic_signs,0.9438884854316711,1678.4000244140625,921.028564453125,1804.099365234375,1085.2308349609375,1741.2496948242188,1003.1296997070312,125.6993408203125,164.2022705078125
IMG_0050.mp4,310,10.343666666666667,29.97002997002997,42,2,traffic_signs,0.8628528714179993,244.58787536621094,1047.1748046875,316.1801452636719,1108.01171875,280.3840103149414,1077.59326171875,71.59226989746094,60.8369140625
IMG_0050.mp4,310,10.343666666666667,29.97002997002997,49,2,traffic_signs,0.7913345694541931,1544.339599609375,1078.1260986328125,1614.0062255859375,1163.5233154296875,1579.1729125976562,1120.82470703125,69.6666259765625,85.397216796875
IMG_0050.mp4,310,10.343666666666667,29.97002997002997,70,2,traffic_signs,0.7478603720664978,1328.2152099609375,1189.92724609375,1358.7034912109375,1222.09326171875,1343.4593505859375,1206.01025390625,30.48828125,32.166015625
IMG_0050.mp4,310,10.343666666666667,29.97002997002997,41,2,traffic_signs,0.744306206703186,2881.145751953125,1148.6060791015625,2923.2802734375,1270.4271240234375,2902.2130126953125,1209.5166015625,42.134521484375,121.821044921875
IMG_0050.mp4,311,10.377033333333333,29.97002997002997,23,2,traffic_signs,0.8464230895042419,2386.362060546875,1192.5390625,2437.38623046875,1273.5162353515625,2411.8741455078125,1233.0276489257812,51.024169921875,80.9771728515625
IMG_0050.mp4,311,10.377033333333333,29.97002997002997,18,0,auth_label,0.8628113865852356,554.0117797851562,856.8306274414062,1103.1402587890625,1330.5758056640625,828.5760192871094,1093.7032165527344,549.1284790039062,473.74517822265625
IMG_0050.mp4,311,10.377033333333333,29.97002997002997,27,2,traffic_signs,0.9403014779090881,1666.407958984375,914.1632080078125,1798.3670654296875,1080.783203125,1732.3875122070312,997.4732055664062,131.9591064453125,166.6199951171875
IMG_0050.mp4,311,10.377033333333333,29.97002997002997,42,2,traffic_signs,0.7948321104049683,245.74415588378906,1046.85546875,317.20904541015625,1108.541015625,281.47660064697266,1077.6982421875,71.46488952636719,61.685546875
IMG_0050.mp4,311,10.377033333333333,29.97002997002997,49,2,traffic_signs,0.7602257132530212,1540.4945068359375,1075.93115234375,1611.0093994140625,1161.6015625,1575.751953125,1118.766357421875,70.514892578125,85.67041015625
IMG_0050.mp4,311,10.377033333333333,29.97002997002997,70,2,traffic_signs,0.7873283624649048,1335.44384765625,1190.7864990234375,1365.9381103515625,1222.0621337890625,1350.6909790039062,1206.42431640625,30.4942626953125,31.275634765625
IMG_0050.mp4,311,10.377033333333333,29.97002997002997,41,2,traffic_signs,0.7696875333786011,2896.1630859375,1144.7991943359375,2938.072265625,1264.0166015625,2917.11767578125,1204.4078979492188,41.9091796875,119.2174072265625
IMG_0050.mp4,312,10.410400000000001,29.97002997002997,23,2,traffic_signs,0.8340149521827698,2394.4599609375,1191.5848388671875,2445.5546875,1272.608642578125,2420.00732421875,1232.0967407226562,51.0947265625,81.0238037109375
IMG_0050.mp4,312,10.410400000000001,29.97002997002997,18,0,auth_label,0.532680332660675,565.0641479492188,857.2222900390625,1102.6395263671875,1332.5657958984375,833.8518371582031,1094.89404296875,537.5753784179688,475.343505859375
IMG_0050.mp4,312,10.410400000000001,29.97002997002997,27,2,traffic_signs,0.926825225353241,1656.1551513671875,904.6011352539062,1792.0848388671875,1075.035400390625,1724.1199951171875,989.8182678222656,135.9296875,170.43426513671875
IMG_0050.mp4,312,10.410400000000001,29.97002997002997,42,2,traffic_signs,0.5255759358406067,247.22705078125,1046.678955078125,318.0797424316406,1110.2926025390625,282.6533966064453,1078.4857788085938,70.85269165039062,63.6136474609375
IMG_0050.mp4,312,10.410400000000001,29.97002997002997,49,2,traffic_signs,0.7560954093933105,1533.2384033203125,1073.3536376953125,1608.907958984375,1159.4842529296875,1571.0731811523438,1116.4189453125,75.6695556640625,86.130615234375
IMG_0050.mp4,312,10.410400000000001,29.97002997002997,70,2,traffic_signs,0.7829241752624512,1341.165283203125,1191.826416015625,1373.7327880859375,1222.4599609375,1357.4490356445312,1207.1431884765625,32.5675048828125,30.633544921875
IMG_0050.mp4,312,10.410400000000001,29.97002997002997,41,2,traffic_signs,0.4004058837890625,2912.780517578125,1142.148681640625,2955.957763671875,1260.8502197265625,2934.369140625,1201.4994506835938,43.17724609375,118.7015380859375
IMG_0050.mp4,313,10.443766666666667,29.97002997002997,23,2,traffic_signs,0.8227838277816772,2403.229248046875,1188.32763671875,2452.997802734375,1272.542236328125,2428.113525390625,1230.4349365234375,49.7685546875,84.214599609375
IMG_0050.mp4,313,10.443766666666667,29.97002997002997,18,0,auth_label,0.9436340928077698,565.0494995117188,858.2055053710938,1106.88623046875,1331.994140625,835.9678649902344,1095.0998229980469,541.8367309570312,473.78863525390625
IMG_0050.mp4,313,10.443766666666667,29.97002997002997,27,2,traffic_signs,0.9284810423851013,1648.7672119140625,896.3569946289062,1786.681640625,1068.55419921875,1717.7244262695312,982.4555969238281,137.9144287109375,172.19720458984375
IMG_0050.mp4,313,10.443766666666667,29.97002997002997,49,2,traffic_signs,0.7490248680114746,1529.736572265625,1069.446044921875,1608.2415771484375,1158.30712890625,1568.9890747070312,1113.8765869140625,78.5050048828125,88.861083984375
IMG_0050.mp4,313,10.443766666666667,29.97002997002997,70,2,traffic_signs,0.7648866176605225,1348.6053466796875,1192.56396484375,1381.739013671875,1223.2442626953125,1365.1721801757812,1207.9041137695312,33.1336669921875,30.6802978515625
IMG_0050.mp4,314,10.477133333333333,29.97002997002997,23,2,traffic_signs,0.8681637644767761,2411.34521484375,1188.5401611328125,2461.480712890625,1270.7333984375,2436.4129638671875,1229.6367797851562,50.135498046875,82.1932373046875
IMG_0050.mp4,314,10.477133333333333,29.97002997002997,18,0,auth_label,0.9429194331169128,560.714599609375,859.9027099609375,1107.29541015625,1331.650634765625,834.0050048828125,1095.7766723632812,546.580810546875,471.7479248046875
IMG_0050.mp4,314,10.477133333333333,29.97002997002997,27,2,traffic_signs,0.9296494126319885,1640.13916015625,890.1129150390625,1779.2286376953125,1063.07421875,1709.6838989257812,976.5935668945312,139.0894775390625,172.9613037109375
IMG_0050.mp4,314,10.477133333333333,29.97002997002997,49,2,traffic_signs,0.8319031000137329,1522.72412109375,1065.517578125,1604.6163330078125,1156.097900390625,1563.6702270507812,1110.8077392578125,81.8922119140625,90.580322265625
IMG_0050.mp4,314,10.477133333333333,29.97002997002997,70,2,traffic_signs,0.7285725474357605,1354.0438232421875,1192.91943359375,1385.5611572265625,1223.9661865234375,1369.802490234375,1208.4428100585938,31.517333984375,31.0467529296875
IMG_0050.mp4,315,10.5105,29.97002997002997,23,2,traffic_signs,0.8851706385612488,2419.76611328125,1185.967041015625,2471.064697265625,1270.038818359375,2445.4154052734375,1228.0029296875,51.298583984375,84.07177734375
IMG_0050.mp4,315,10.5105,29.97002997002997,18,0,auth_label,0.5381687879562378,514.0313720703125,863.6871948242188,1111.5804443359375,1332.053955078125,812.805908203125,1097.8705749511719,597.549072265625,468.36676025390625
IMG_0050.mp4,315,10.5105,29.97002997002997,27,2,traffic_signs,0.9020125269889832,1631.55029296875,880.2376098632812,1773.3597412109375,1057.2325439453125,1702.4550170898438,968.7350769042969,141.8094482421875,176.99493408203125
IMG_0050.mp4,315,10.5105,29.97002997002997,49,2,traffic_signs,0.7892495393753052,1520.5909423828125,1061.270263671875,1603.849853515625,1153.099365234375,1562.2203979492188,1107.184814453125,83.2589111328125,91.8291015625
IMG_0050.mp4,316,10.543866666666666,29.97002997002997,23,2,traffic_signs,0.8041799664497375,2429.44873046875,1181.1058349609375,2479.057861328125,1265.6982421875,2454.2532958984375,1223.4020385742188,49.609130859375,84.5924072265625
IMG_0050.mp4,316,10.543866666666666,29.97002997002997,18,0,auth_label,0.8919796347618103,539.732666015625,864.094970703125,1113.382568359375,1332.29638671875,826.5576171875,1098.1956787109375,573.64990234375,468.201416015625
IMG_0050.mp4,316,10.543866666666666,29.97002997002997,27,2,traffic_signs,0.9417007565498352,1617.3653564453125,869.943359375,1764.5172119140625,1050.0458984375,1690.9412841796875,959.99462890625,147.15185546875,180.1025390625
IMG_0050.mp4,316,10.543866666666666,29.97002997002997,49,2,traffic_signs,0.7346630692481995,1512.637939453125,1054.52587890625,1602.598388671875,1150.2657470703125,1557.6181640625,1102.3958129882812,89.96044921875,95.7398681640625
IMG_0050.mp4,316,10.543866666666666,29.97002997002997,70,2,traffic_signs,0.25890955328941345,1372.1470947265625,1194.1702880859375,1401.7303466796875,1225.4041748046875,1386.938720703125,1209.7872314453125,29.583251953125,31.23388671875
IMG_0050.mp4,317,10.577233333333334,29.97002997002997,23,2,traffic_signs,0.8551054000854492,2438.918701171875,1178.206787109375,2490.629638671875,1265.772216796875,2464.774169921875,1221.989501953125,51.7109375,87.5654296875
IMG_0050.mp4,317,10.577233333333334,29.97002997002997,18,0,auth_label,0.5515337586402893,500.1022644042969,856.5737915039062,1115.988525390625,1334.0316162109375,808.0453948974609,1095.3027038574219,615.8862609863281,477.45782470703125
IMG_0050.mp4,317,10.577233333333334,29.97002997002997,27,2,traffic_signs,0.9275773763656616,1605.2781982421875,858.7274169921875,1757.3568115234375,1042.4908447265625,1681.3175048828125,950.609130859375,152.07861328125,183.763427734375
IMG_0050.mp4,317,10.577233333333334,29.97002997002997,49,2,traffic_signs,0.7578548789024353,1510.1090087890625,1051.5074462890625,1600.4130859375,1148.7027587890625,1555.2610473632812,1100.1051025390625,90.3040771484375,97.1953125
IMG_0050.mp4,318,10.6106,29.97002997002997,23,2,traffic_signs,0.8328607082366943,2449.856689453125,1174.1597900390625,2500.796142578125,1263.821044921875,2475.326416015625,1218.9904174804688,50.939453125,89.6612548828125
IMG_0050.mp4,318,10.6106,29.97002997002997,18,0,auth_label,0.6223613619804382,549.0369873046875,852.7147216796875,1116.2939453125,1337.796875,832.6654663085938,1095.2557983398438,567.2569580078125,485.0821533203125
IMG_0050.mp4,318,10.6106,29.97002997002997,27,2,traffic_signs,0.9329990744590759,1595.4901123046875,848.7525024414062,1750.720947265625,1036.831298828125,1673.1055297851562,942.7919006347656,155.2308349609375,188.07879638671875
IMG_0050.mp4,318,10.6106,29.97002997002997,49,2,traffic_signs,0.7589816451072693,1507.7972412109375,1050.1170654296875,1598.09716796875,1147.6885986328125,1552.9472045898438,1098.90283203125,90.2999267578125,97.571533203125
IMG_0050.mp4,318,10.6106,29.97002997002997,88,0,auth_label,0.4381091892719269,519.1226196289062,849.0161743164062,1118.203857421875,1336.7884521484375,818.6632385253906,1092.9023132324219,599.0812377929688,487.77227783203125
IMG_0050.mp4,319,10.643966666666667,29.97002997002997,23,2,traffic_signs,0.8845979571342468,2457.944580078125,1175.090576171875,2510.5234375,1262.48291015625,2484.2340087890625,1218.7867431640625,52.578857421875,87.392333984375
IMG_0050.mp4,319,10.643966666666667,29.97002997002997,18,0,auth_label,0.2822243869304657,566.9334716796875,852.2105712890625,1116.5582275390625,1339.9859619140625,841.745849609375,1096.0982666015625,549.624755859375,487.775390625
IMG_0050.mp4,319,10.643966666666667,29.97002997002997,27,2,traffic_signs,0.9456048607826233,1584.9462890625,838.8087768554688,1740.9180908203125,1031.8077392578125,1662.9321899414062,935.3082580566406,155.9718017578125,192.99896240234375
IMG_0050.mp4,319,10.643966666666667,29.97002997002997,49,2,traffic_signs,0.8221566081047058,1504.3953857421875,1047.735107421875,1593.95166015625,1146.64404296875,1549.1735229492188,1097.1895751953125,89.5562744140625,98.908935546875
IMG_0050.mp4,319,10.643966666666667,29.97002997002997,88,0,auth_label,0.7415503859519958,519.2990112304688,849.7139282226562,1119.7781982421875,1337.6636962890625,819.5386047363281,1093.6888122558594,600.4791870117188,487.94976806640625
IMG_0050.mp4,320,10.677333333333333,29.97002997002997,23,2,traffic_signs,0.8999443650245667,2469.03271484375,1175.2606201171875,2522.146484375,1261.173095703125,2495.589599609375,1218.2168579101562,53.11376953125,85.9124755859375
IMG_0050.mp4,320,10.677333333333333,29.97002997002997,18,0,auth_label,0.7508608102798462,577.29443359375,850.4721069335938,1117.5870361328125,1340.497802734375,847.4407348632812,1095.4849548339844,540.2926025390625,490.02569580078125
IMG_0050.mp4,320,10.677333333333333,29.97002997002997,27,2,traffic_signs,0.9215255379676819,1572.0469970703125,827.881591796875,1733.071533203125,1023.9424438476562,1652.5592651367188,925.9120178222656,161.0245361328125,196.06085205078125
IMG_0050.mp4,320,10.677333333333333,29.97002997002997,49,2,traffic_signs,0.8420840501785278,1501.9364013671875,1043.8438720703125,1592.33984375,1144.6309814453125,1547.1381225585938,1094.2374267578125,90.4034423828125,100.787109375
IMG_0050.mp4,320,10.677333333333333,29.97002997002997,88,0,auth_label,0.4674842655658722,532.4301147460938,848.8265991210938,1120.3909912109375,1337.387939453125,826.4105529785156,1093.1072692871094,587.9608764648438,488.56134033203125
IMG_0050.mp4,321,10.710700000000001,29.97002997002997,23,2,traffic_signs,0.8917022943496704,2478.790771484375,1174.5665283203125,2531.601806640625,1259.3662109375,2505.1962890625,1216.9663696289062,52.81103515625,84.7996826171875
IMG_0050.mp4,321,10.710700000000001,29.97002997002997,18,0,auth_label,0.9323556423187256,579.3164672851562,848.7526245117188,1116.32470703125,1341.50048828125,847.8205871582031,1095.1265563964844,537.0082397460938,492.74786376953125
IMG_0050.mp4,321,10.710700000000001,29.97002997002997,27,2,traffic_signs,0.5920494198799133,1553.99560546875,818.8800048828125,1721.0369873046875,1017.0723876953125,1637.5162963867188,917.9761962890625,167.0413818359375,198.1923828125
IMG_0050.mp4,321,10.710700000000001,29.97002997002997,49,2,traffic_signs,0.8532683253288269,1497.7230224609375,1040.3829345703125,1588.7916259765625,1142.4189453125,1543.25732421875,1091.4009399414062,91.068603515625,102.0360107421875
IMG_0050.mp4,322,10.744066666666667,29.97002997002997,23,2,traffic_signs,0.8959977626800537,2489.539794921875,1172.1448974609375,2545.479248046875,1258.86279296875,2517.509521484375,1215.5038452148438,55.939453125,86.7178955078125
IMG_0050.mp4,322,10.744066666666667,29.97002997002997,18,0,auth_label,0.797920286655426,581.3824462890625,847.93408203125,1117.802734375,1342.6810302734375,849.5925903320312,1095.3075561523438,536.4202880859375,494.7469482421875
IMG_0050.mp4,322,10.744066666666667,29.97002997002997,49,2,traffic_signs,0.8748557567596436,1493.377197265625,1035.7640380859375,1583.2352294921875,1140.8001708984375,1538.3062133789062,1088.2821044921875,89.8580322265625,105.0361328125
IMG_0050.mp4,323,10.777433333333333,29.97002997002997,23,2,traffic_signs,0.9175704717636108,2499.573974609375,1169.532470703125,2555.232666015625,1258.12451171875,2527.4033203125,1213.8284912109375,55.65869140625,88.592041015625
IMG_0050.mp4,323,10.777433333333333,29.97002997002997,18,0,auth_label,0.9665920734405518,577.8899536132812,847.18408203125,1120.1007080078125,1341.3199462890625,848.9953308105469,1094.2520141601562,542.2107543945312,494.1358642578125
IMG_0050.mp4,323,10.777433333333333,29.97002997002997,49,2,traffic_signs,0.40633851289749146,1484.4652099609375,1028.3946533203125,1575.57958984375,1138.75732421875,1530.0223999023438,1083.5759887695312,91.1143798828125,110.3626708984375
IMG_0050.mp4,323,10.777433333333333,29.97002997002997,27,2,traffic_signs,0.3390997052192688,1467.86865234375,800.4859008789062,1700.8218994140625,1005.323486328125,1584.3452758789062,902.9046936035156,232.9532470703125,204.83758544921875
IMG_0050.mp4,324,10.8108,29.97002997002997,23,2,traffic_signs,0.9072016477584839,2510.6083984375,1167.2528076171875,2567.614013671875,1256.4627685546875,2539.1112060546875,1211.8577880859375,57.005615234375,89.2099609375
IMG_0050.mp4,324,10.8108,29.97002997002997,18,0,auth_label,0.5953722596168518,577.6376953125,846.0485229492188,1124.1510009765625,1345.10693359375,850.8943481445312,1095.5777282714844,546.5133056640625,499.05841064453125
IMG_0050.mp4,324,10.8108,29.97002997002997,49,2,traffic_signs,0.8248795866966248,1490.1209716796875,1026.0462646484375,1566.27197265625,1135.7490234375,1528.1964721679688,1080.8976440429688,76.1510009765625,109.7027587890625
IMG_0050.mp4,324,10.8108,29.97002997002997,27,2,traffic_signs,0.8936344385147095,1450.3289794921875,783.779052734375,1689.64306640625,995.2808227539062,1569.9860229492188,889.5299377441406,239.3140869140625,211.50177001953125
IMG_0050.mp4,325,10.844166666666666,29.97002997002997,23,2,traffic_signs,0.9079380631446838,2521.95849609375,1164.9874267578125,2575.79541015625,1254.862060546875,2548.876953125,1209.9247436523438,53.8369140625,89.8746337890625
IMG_0050.mp4,325,10.844166666666666,29.97002997002997,18,0,auth_label,0.9707124829292297,577.9017944335938,844.1001586914062,1127.817626953125,1349.1217041015625,852.8597106933594,1096.6109313964844,549.9158325195312,505.02154541015625
IMG_0050.mp4,325,10.844166666666666,29.97002997002997,49,2,traffic_signs,0.30351704359054565,1487.572998046875,1022.386474609375,1557.0550537109375,1129.1290283203125,1522.3140258789062,1075.7577514648438,69.4820556640625,106.7425537109375
IMG_0050.mp4,325,10.844166666666666,29.97002997002997,27,2,traffic_signs,0.5418152213096619,1438.7950439453125,771.3247680664062,1679.440673828125,987.5308837890625,1559.1178588867188,879.4278259277344,240.6456298828125,216.20611572265625
IMG_0050.mp4,326,10.877533333333334,29.97002997002997,23,2,traffic_signs,0.8828648328781128,2533.455078125,1160.396240234375,2588.583984375,1253.7904052734375,2561.01953125,1207.0933227539062,55.12890625,93.3941650390625
IMG_0050.mp4,326,10.877533333333334,29.97002997002997,18,0,auth_label,0.9584078788757324,580.05078125,844.4871826171875,1130.3463134765625,1351.6119384765625,855.1985473632812,1098.049560546875,550.2955322265625,507.124755859375
IMG_0050.mp4,326,10.877533333333334,29.97002997002997,27,2,traffic_signs,0.9335667490959167,1433.824951171875,743.7601928710938,1666.9197998046875,980.24853515625,1550.3723754882812,862.0043640136719,233.0948486328125,236.48834228515625
IMG_0050.mp4,327,10.9109,29.97002997002997,23,2,traffic_signs,0.8834067583084106,2545.991943359375,1157.7716064453125,2601.073486328125,1251.901123046875,2573.53271484375,1204.8363647460938,55.08154296875,94.1295166015625
IMG_0050.mp4,327,10.9109,29.97002997002997,18,0,auth_label,0.9356696605682373,582.4419555664062,844.248291015625,1134.7501220703125,1353.1448974609375,858.5960388183594,1098.6965942382812,552.3081665039062,508.8966064453125
IMG_0050.mp4,327,10.9109,29.97002997002997,27,2,traffic_signs,0.9207738637924194,1430.582763671875,726.0287475585938,1653.596923828125,974.8245239257812,1542.08984375,850.4266357421875,223.01416015625,248.7957763671875
IMG_0050.mp4,327,10.9109,29.97002997002997,49,2,traffic_signs,0.8927776217460632,1510.83544921875,1016.6382446289062,1572.6331787109375,1126.00341796875,1541.7343139648438,1071.3208312988281,61.7977294921875,109.36517333984375
IMG_0050.mp4,328,10.944266666666667,29.97002997002997,23,2,traffic_signs,0.9242633581161499,2558.441650390625,1151.869140625,2614.714599609375,1248.7059326171875,2586.578125,1200.2875366210938,56.27294921875,96.8367919921875
IMG_0050.mp4,328,10.944266666666667,29.97002997002997,18,0,auth_label,0.8089011311531067,586.8171997070312,843.6973266601562,1135.4561767578125,1354.7103271484375,861.1366882324219,1099.2038269042969,548.6389770507812,511.01300048828125
IMG_0050.mp4,328,10.944266666666667,29.97002997002997,27,2,traffic_signs,0.8931188583374023,1422.185791015625,705.74365234375,1640.375732421875,966.5975341796875,1531.28076171875,836.1705932617188,218.18994140625,260.8538818359375
IMG_0050.mp4,328,10.944266666666667,29.97002997002997,49,2,traffic_signs,0.898211658000946,1506.489013671875,1012.1248168945312,1573.934326171875,1125.1407470703125,1540.211669921875,1068.6327819824219,67.4453125,113.01593017578125
IMG_0050.mp4,329,10.977633333333333,29.97002997002997,23,2,traffic_signs,0.7183563709259033,2572.91650390625,1150.8851318359375,2628.4169921875,1245.5184326171875,2600.666748046875,1198.2017822265625,55.50048828125,94.63330078125
IMG_0050.mp4,329,10.977633333333333,29.97002997002997,18,0,auth_label,0.9019511938095093,585.35693359375,843.3075561523438,1140.5108642578125,1354.382568359375,862.9338989257812,1098.8450622558594,555.1539306640625,511.07501220703125
IMG_0050.mp4,329,10.977633333333333,29.97002997002997,27,2,traffic_signs,0.9211189150810242,1405.1390380859375,686.7371826171875,1626.5828857421875,955.8312377929688,1515.8609619140625,821.2842102050781,221.44384765625,269.09405517578125
IMG_0050.mp4,329,10.977633333333333,29.97002997002997,49,2,traffic_signs,0.8788530826568604,1495.6221923828125,1007.869140625,1572.05517578125,1121.291748046875,1533.8386840820312,1064.5804443359375,76.4329833984375,113.422607421875
IMG_0050.mp4,330,11.011000000000001,29.97002997002997,23,2,traffic_signs,0.8799774050712585,2586.6806640625,1148.3642578125,2643.354248046875,1243.873291015625,2615.0174560546875,1196.1187744140625,56.673583984375,95.509033203125
IMG_0050.mp4,330,11.011000000000001,29.97002997002997,18,0,auth_label,0.9411720633506775,586.8416137695312,842.8006591796875,1145.005859375,1354.35595703125,865.9237365722656,1098.5783081054688,558.1642456054688,511.5552978515625
IMG_0050.mp4,330,11.011000000000001,29.97002997002997,27,2,traffic_signs,0.8714361190795898,1384.9046630859375,668.318115234375,1612.453857421875,940.6032104492188,1498.6792602539062,804.4606628417969,227.5491943359375,272.28509521484375
IMG_0050.mp4,330,11.011000000000001,29.97002997002997,49,2,traffic_signs,0.879453718662262,1481.23828125,1003.3536987304688,1571.19140625,1120.13037109375,1526.21484375,1061.7420349121094,89.953125,116.77667236328125
IMG_0050.mp4,331,11.044366666666667,29.97002997002997,23,2,traffic_signs,0.8877826929092407,2600.16162109375,1145.12841796875,2655.353759765625,1239.5496826171875,2627.7576904296875,1192.3390502929688,55.192138671875,94.4212646484375
IMG_0050.mp4,331,11.044366666666667,29.97002997002997,18,0,auth_label,0.9700025320053101,591.8576049804688,842.2000122070312,1147.185791015625,1354.0777587890625,869.5216979980469,1098.1388854980469,555.3281860351562,511.87774658203125
IMG_0050.mp4,331,11.044366666666667,29.97002997002997,27,2,traffic_signs,0.7981734275817871,1360.8079833984375,649.9243774414062,1598.8426513671875,919.4484252929688,1479.8253173828125,784.6864013671875,238.03466796875,269.5240478515625
IMG_0050.mp4,331,11.044366666666667,29.97002997002997,49,2,traffic_signs,0.8725004196166992,1465.9090576171875,997.0638427734375,1568.3240966796875,1116.9764404296875,1517.1165771484375,1057.0201416015625,102.4150390625,119.91259765625
IMG_0050.mp4,331,11.044366666666667,29.97002997002997,105,2,traffic_signs,0.5279192924499512,915.148681640625,1141.6043701171875,949.1017456054688,1174.708984375,932.1252136230469,1158.1566772460938,33.95306396484375,33.1046142578125
IMG_0050.mp4,332,11.077733333333333,29.97002997002997,23,2,traffic_signs,0.857537031173706,2614.579833984375,1139.5185546875,2671.1083984375,1238.1993408203125,2642.8441162109375,1188.8589477539062,56.528564453125,98.6807861328125
IMG_0050.mp4,332,11.077733333333333,29.97002997002997,18,0,auth_label,0.9794378280639648,595.760986328125,841.654296875,1147.633544921875,1355.023193359375,871.697265625,1098.3387451171875,551.87255859375,513.368896484375
IMG_0050.mp4,332,11.077733333333333,29.97002997002997,27,2,traffic_signs,0.5407376885414124,1338.671142578125,630.7993774414062,1583.4822998046875,900.0940551757812,1461.0767211914062,765.4467163085938,244.8111572265625,269.294677734375
IMG_0050.mp4,332,11.077733333333333,29.97002997002997,49,2,traffic_signs,0.865780770778656,1461.4383544921875,993.8602294921875,1565.730712890625,1113.6658935546875,1513.5845336914062,1053.7630615234375,104.2923583984375,119.8056640625
IMG_0050.mp4,333,11.1111,29.97002997002997,23,2,traffic_signs,0.9112512469291687,2627.707763671875,1137.1654052734375,2688.42333984375,1235.234130859375,2658.0655517578125,1186.1997680664062,60.715576171875,98.0687255859375
IMG_0050.mp4,333,11.1111,29.97002997002997,18,0,auth_label,0.979587197303772,597.4603881835938,841.0634155273438,1147.734619140625,1355.5087890625,872.5975036621094,1098.2861022949219,550.2742309570312,514.4453735351562
IMG_0050.mp4,333,11.1111,29.97002997002997,27,2,traffic_signs,0.6321946382522583,1309.2474365234375,609.7562866210938,1567.3466796875,878.4466552734375,1438.2970581054688,744.1014709472656,258.0992431640625,268.69036865234375
IMG_0050.mp4,333,11.1111,29.97002997002997,49,2,traffic_signs,0.9072402119636536,1460.7408447265625,990.1563110351562,1563.061279296875,1109.173583984375,1511.9010620117188,1049.6649475097656,102.3204345703125,119.01727294921875
IMG_0050.mp4,334,11.144466666666666,29.97002997002997,23,2,traffic_signs,0.9052767753601074,2642.368896484375,1134.8199462890625,2702.78662109375,1232.6658935546875,2672.5777587890625,1183.742919921875,60.417724609375,97.845947265625
IMG_0050.mp4,334,11.144466666666666,29.97002997002997,18,0,auth_label,0.9799129962921143,600.9032592773438,840.8007202148438,1150.6580810546875,1356.200927734375,875.7806701660156,1098.5008239746094,549.7548217773438,515.4002075195312
IMG_0050.mp4,334,11.144466666666666,29.97002997002997,27,2,traffic_signs,0.7444931268692017,1281.991943359375,586.3010864257812,1550.767578125,863.1005859375,1416.3797607421875,724.7008361816406,268.775634765625,276.79949951171875
IMG_0050.mp4,334,11.144466666666666,29.97002997002997,49,2,traffic_signs,0.9027543067932129,1455.7879638671875,986.4605102539062,1562.14794921875,1104.662109375,1508.9679565429688,1045.5613098144531,106.3599853515625,118.20159912109375
IMG_0050.mp4,335,11.177833333333334,29.97002997002997,23,2,traffic_signs,0.9186276197433472,2657.57373046875,1128.44677734375,2718.5859375,1231.8016357421875,2688.079833984375,1180.1242065429688,61.01220703125,103.3548583984375
IMG_0050.mp4,335,11.177833333333334,29.97002997002997,18,0,auth_label,0.9646298289299011,601.3915405273438,842.0731811523438,1157.2239990234375,1359.3455810546875,879.3077697753906,1100.7093811035156,555.8324584960938,517.2723999023438
IMG_0050.mp4,335,11.177833333333334,29.97002997002997,27,2,traffic_signs,0.28903597593307495,1251.4619140625,561.00537109375,1531.3155517578125,849.826171875,1391.3887329101562,705.415771484375,279.8536376953125,288.82080078125
IMG_0050.mp4,335,11.177833333333334,29.97002997002997,49,2,traffic_signs,0.8700631856918335,1449.749755859375,981.7369995117188,1559.68310546875,1101.0771484375,1504.7164306640625,1041.4070739746094,109.933349609375,119.34014892578125
IMG_0050.mp4,336,11.2112,29.97002997002997,23,2,traffic_signs,0.905305027961731,2672.70947265625,1125.2900390625,2736.106201171875,1230.493896484375,2704.4078369140625,1177.8919677734375,63.396728515625,105.203857421875
IMG_0050.mp4,336,11.2112,29.97002997002997,18,0,auth_label,0.9761533737182617,607.1731567382812,843.5146484375,1160.880126953125,1360.4080810546875,884.0266418457031,1101.9613647460938,553.7069702148438,516.8934326171875
IMG_0050.mp4,336,11.2112,29.97002997002997,49,2,traffic_signs,0.9061765670776367,1447.528564453125,978.7786865234375,1557.6744384765625,1098.893310546875,1502.6015014648438,1038.8359985351562,110.1458740234375,120.1146240234375
IMG_0050.mp4,337,11.244566666666667,29.97002997002997,23,2,traffic_signs,0.9038267731666565,2689.29052734375,1121.3106689453125,2752.36669921875,1226.3525390625,2720.82861328125,1173.8316040039062,63.076171875,105.0418701171875
IMG_0050.mp4,337,11.244566666666667,29.97002997002997,18,0,auth_label,0.9800149202346802,607.7129516601562,842.02978515625,1160.0015869140625,1361.8040771484375,883.8572692871094,1101.9169311523438,552.2886352539062,519.7742919921875
IMG_0050.mp4,337,11.244566666666667,29.97002997002997,49,2,traffic_signs,0.9080570340156555,1441.83251953125,973.9984741210938,1553.367431640625,1097.8466796875,1497.5999755859375,1035.9225769042969,111.534912109375,123.84820556640625
IMG_0050.mp4,338,11.277933333333333,29.97002997002997,23,2,traffic_signs,0.8661690354347229,2706.14404296875,1115.8896484375,2769.945068359375,1224.40625,2738.0445556640625,1170.14794921875,63.801025390625,108.5166015625
IMG_0050.mp4,338,11.277933333333333,29.97002997002997,18,0,auth_label,0.9777052998542786,608.6593017578125,844.7891845703125,1160.105712890625,1362.899169921875,884.3825073242188,1103.8441772460938,551.4464111328125,518.1099853515625
IMG_0050.mp4,338,11.277933333333333,29.97002997002997,49,2,traffic_signs,0.915114164352417,1433.7286376953125,967.994873046875,1549.9810791015625,1094.3076171875,1491.8548583984375,1031.1512451171875,116.25244140625,126.312744140625
IMG_0050.mp4,338,11.277933333333333,29.97002997002997,111,2,traffic_signs,0.7776486277580261,1565.1331787109375,1219.5634765625,1597.7364501953125,1253.576416015625,1581.434814453125,1236.5699462890625,32.603271484375,34.012939453125
IMG_0050.mp4,338,11.277933333333333,29.97002997002997,112,2,traffic_signs,0.4608966112136841,2751.040283203125,1062.287353515625,2817.170166015625,1114.63330078125,2784.105224609375,1088.4603271484375,66.1298828125,52.345947265625
IMG_0050.mp4,339,11.311300000000001,29.97002997002997,23,2,traffic_signs,0.475536584854126,2724.456787109375,1107.452392578125,2791.359619140625,1221.6534423828125,2757.908203125,1164.5529174804688,66.90283203125,114.2010498046875
IMG_0050.mp4,339,11.311300000000001,29.97002997002997,18,0,auth_label,0.9783339500427246,610.3633422851562,842.5492553710938,1164.2840576171875,1365.0985107421875,887.3236999511719,1103.8238830566406,553.9207153320312,522.5492553710938
IMG_0050.mp4,339,11.311300000000001,29.97002997002997,49,2,traffic_signs,0.9198083281517029,1430.9617919921875,962.2409057617188,1546.9410400390625,1090.941650390625,1488.951416015625,1026.5912780761719,115.979248046875,128.70074462890625
IMG_0050.mp4,339,11.311300000000001,29.97002997002997,111,2,traffic_signs,0.8304371237754822,1572.9718017578125,1221.7315673828125,1605.127685546875,1255.51171875,1589.0497436523438,1238.6216430664062,32.1558837890625,33.7801513671875
IMG_0050.mp4,339,11.311300000000001,29.97002997002997,113,2,traffic_signs,0.6117972731590271,1253.045654296875,1208.1212158203125,1277.5762939453125,1238.1982421875,1265.3109741210938,1223.1597290039062,24.5306396484375,30.0770263671875
IMG_0050.mp4,340,11.344666666666667,29.97002997002997,23,2,traffic_signs,0.9014227986335754,2742.805419921875,1101.9461669921875,2811.99267578125,1216.2947998046875,2777.3990478515625,1159.1204833984375,69.187255859375,114.3486328125
IMG_0050.mp4,340,11.344666666666667,29.97002997002997,18,0,auth_label,0.9659984707832336,609.8897705078125,843.853515625,1168.512451171875,1368.931396484375,889.2011108398438,1106.3924560546875,558.6226806640625,525.077880859375
IMG_0050.mp4,340,11.344666666666667,29.97002997002997,49,2,traffic_signs,0.7216058373451233,1426.8660888671875,956.3250122070312,1543.5833740234375,1086.675048828125,1485.2247314453125,1021.5000305175781,116.71728515625,130.35003662109375
IMG_0050.mp4,340,11.344666666666667,29.97002997002997,111,2,traffic_signs,0.8355737328529358,1580.6949462890625,1222.19873046875,1614.8333740234375,1257.0904541015625,1597.76416015625,1239.6445922851562,34.138427734375,34.8917236328125
IMG_0050.mp4,340,11.344666666666667,29.97002997002997,112,2,traffic_signs,0.3852662146091461,2786.360595703125,1047.98974609375,2858.626708984375,1097.3382568359375,2822.49365234375,1072.6640014648438,72.26611328125,49.3485107421875
IMG_0050.mp4,341,11.378033333333333,29.97002997002997,23,2,traffic_signs,0.9011713862419128,2761.7119140625,1099.53759765625,2834.027587890625,1211.3121337890625,2797.8697509765625,1155.4248657226562,72.315673828125,111.7745361328125
IMG_0050.mp4,341,11.378033333333333,29.97002997002997,18,0,auth_label,0.9681086540222168,617.8694458007812,843.1331176757812,1166.9239501953125,1369.934326171875,892.3966979980469,1106.5337219238281,549.0545043945312,526.8012084960938
IMG_0050.mp4,341,11.378033333333333,29.97002997002997,49,2,traffic_signs,0.9118668437004089,1422.685546875,950.7906494140625,1541.9725341796875,1081.2586669921875,1482.3290405273438,1016.024658203125,119.2869873046875,130.468017578125
IMG_0050.mp4,341,11.378033333333333,29.97002997002997,111,2,traffic_signs,0.564679741859436,1590.198486328125,1221.939453125,1625.7401123046875,1257.7232666015625,1607.9692993164062,1239.8313598632812,35.5416259765625,35.7838134765625
IMG_0050.mp4,341,11.378033333333333,29.97002997002997,115,2,traffic_signs,0.5239860415458679,2069.380859375,1231.798095703125,2109.61181640625,1285.6878662109375,2089.496337890625,1258.7429809570312,40.23095703125,53.8897705078125
IMG_0050.mp4,342,11.4114,29.97002997002997,23,2,traffic_signs,0.9086781740188599,2780.81884765625,1093.6356201171875,2854.97509765625,1210.3106689453125,2817.89697265625,1151.97314453125,74.15625,116.675048828125
IMG_0050.mp4,342,11.4114,29.97002997002997,18,0,auth_label,0.6626076102256775,628.0906982421875,838.3909912109375,1149.081787109375,1367.08642578125,888.5862426757812,1102.7387084960938,520.9910888671875,528.6954345703125
IMG_0050.mp4,342,11.4114,29.97002997002997,49,2,traffic_signs,0.7691673040390015,1415.28466796875,945.5263671875,1538.8505859375,1077.466796875,1477.067626953125,1011.49658203125,123.56591796875,131.9404296875
IMG_0050.mp4,342,11.4114,29.97002997002997,111,2,traffic_signs,0.8481246829032898,1598.584716796875,1221.5823974609375,1633.8575439453125,1259.4349365234375,1616.2211303710938,1240.5086669921875,35.2728271484375,37.8525390625
IMG_0050.mp4,342,11.4114,29.97002997002997,115,2,traffic_signs,0.33232712745666504,2082.30078125,1231.1419677734375,2119.553955078125,1284.1661376953125,2100.9273681640625,1257.654052734375,37.253173828125,53.024169921875
IMG_0050.mp4,342,11.4114,29.97002997002997,112,2,traffic_signs,0.37672457098960876,2834.8056640625,1034.6383056640625,2902.559814453125,1093.774658203125,2868.6827392578125,1064.2064819335938,67.754150390625,59.1363525390625
IMG_0050.mp4,343,11.444766666666666,29.97002997002997,23,2,traffic_signs,0.8960613012313843,2801.62890625,1088.39453125,2878.300537109375,1205.5810546875,2839.9647216796875,1146.98779296875,76.671630859375,117.1865234375
IMG_0050.mp4,343,11.444766666666666,29.97002997002997,49,2,traffic_signs,0.6077041029930115,1410.2218017578125,942.0867309570312,1537.802001953125,1075.1854248046875,1474.0119018554688,1008.6360778808594,127.5802001953125,133.09869384765625
IMG_0050.mp4,343,11.444766666666666,29.97002997002997,111,2,traffic_signs,0.8618367910385132,1607.7381591796875,1223.4129638671875,1645.077392578125,1261.5455322265625,1626.4077758789062,1242.479248046875,37.3392333984375,38.132568359375
IMG_0050.mp4,343,11.444766666666666,29.97002997002997,118,2,traffic_signs,0.47778114676475525,2882.255126953125,1151.2764892578125,2947.5537109375,1206.1533203125,2914.9044189453125,1178.7149047851562,65.298583984375,54.8768310546875
IMG_0050.mp4,344,11.478133333333334,29.97002997002997,23,2,traffic_signs,0.8742885589599609,2824.218017578125,1081.2386474609375,2901.931884765625,1203.536865234375,2863.074951171875,1142.3877563476562,77.7138671875,122.2982177734375
IMG_0050.mp4,344,11.478133333333334,29.97002997002997,49,2,traffic_signs,0.35232028365135193,1405.8330078125,938.025390625,1535.7755126953125,1072.18017578125,1470.8042602539062,1005.102783203125,129.9425048828125,134.15478515625
IMG_0050.mp4,344,11.478133333333334,29.97002997002997,111,2,traffic_signs,0.8179357051849365,1618.45166015625,1225.6016845703125,1655.0638427734375,1262.770263671875,1636.7577514648438,1244.1859741210938,36.6121826171875,37.1685791015625
IMG_0050.mp4,344,11.478133333333334,29.97002997002997,118,2,traffic_signs,0.535450279712677,2905.00244140625,1147.6090087890625,2971.673095703125,1203.2230224609375,2938.3377685546875,1175.416015625,66.670654296875,55.614013671875
IMG_0050.mp4,344,11.478133333333334,29.97002997002997,18,0,auth_label,0.9305568337440491,639.2884521484375,840.3236083984375,1174.8717041015625,1369.1544189453125,907.080078125,1104.739013671875,535.583251953125,528.830810546875
IMG_0050.mp4,344,11.478133333333334,29.97002997002997,112,2,traffic_signs,0.5391265749931335,2895.698486328125,1026.3731689453125,2950.621337890625,1075.692138671875,2923.159912109375,1051.0326538085938,54.9228515625,49.3189697265625
IMG_0050.mp4,345,11.5115,29.97002997002997,23,2,traffic_signs,0.8782792687416077,2846.078369140625,1074.515869140625,2926.107421875,1200.3673095703125,2886.0928955078125,1137.4415893554688,80.029052734375,125.8514404296875
IMG_0050.mp4,345,11.5115,29.97002997002997,49,2,traffic_signs,0.4412434995174408,1398.5111083984375,931.4683227539062,1532.2559814453125,1069.0106201171875,1465.383544921875,1000.2394714355469,133.744873046875,137.54229736328125
IMG_0050.mp4,345,11.5115,29.97002997002997,111,2,traffic_signs,0.8358132839202881,1628.3966064453125,1226.6971435546875,1665.863037109375,1263.203857421875,1647.1298217773438,1244.9505004882812,37.4664306640625,36.5067138671875
IMG_0050.mp4,345,11.5115,29.97002997002997,118,2,traffic_signs,0.45634517073631287,2933.19287109375,1143.1551513671875,2997.136474609375,1197.043212890625,2965.1646728515625,1170.0991821289062,63.943603515625,53.8880615234375
IMG_0050.mp4,345,11.5115,29.97002997002997,112,2,traffic_signs,0.5035001635551453,2916.57373046875,1017.8565063476562,2976.29248046875,1063.8775634765625,2946.43310546875,1040.8670349121094,59.71875,46.02105712890625
IMG_0050.mp4,346,11.544866666666667,29.97002997002997,23,2,traffic_signs,0.7906010746955872,2869.3486328125,1068.9580078125,2949.084716796875,1196.2926025390625,2909.2166748046875,1132.6253051757812,79.736083984375,127.3345947265625
IMG_0050.mp4,346,11.544866666666667,29.97002997002997,49,2,traffic_signs,0.8682951331138611,1392.0118408203125,923.7638549804688,1530.938232421875,1064.4588623046875,1461.4750366210938,994.1113586425781,138.9263916015625,140.69500732421875
IMG_0050.mp4,346,11.544866666666667,29.97002997002997,111,2,traffic_signs,0.8194559216499329,1639.9556884765625,1228.0135498046875,1679.1463623046875,1264.761962890625,1659.551025390625,1246.3877563476562,39.190673828125,36.7484130859375
IMG_0050.mp4,346,11.544866666666667,29.97002997002997,112,2,traffic_signs,0.5047427415847778,2928.585205078125,1006.3130493164062,3006.231201171875,1051.5311279296875,2967.408203125,1028.9220886230469,77.64599609375,45.21807861328125
IMG_0050.mp4,346,11.544866666666667,29.97002997002997,18,0,auth_label,0.7083669304847717,636.6895141601562,841.103515625,1191.40380859375,1372.7879638671875,914.0466613769531,1106.9457397460938,554.7142944335938,531.6844482421875
IMG_0050.mp4,347,11.578233333333333,29.97002997002997,23,2,traffic_signs,0.8493683338165283,2892.0625,1060.8685302734375,2976.6435546875,1193.8638916015625,2934.35302734375,1127.3662109375,84.5810546875,132.995361328125
IMG_0050.mp4,347,11.578233333333333,29.97002997002997,49,2,traffic_signs,0.8881157040596008,1383.65576171875,918.472412109375,1526.065673828125,1060.4935302734375,1454.8607177734375,989.4829711914062,142.409912109375,142.0211181640625
IMG_0050.mp4,347,11.578233333333333,29.97002997002997,111,2,traffic_signs,0.8449951410293579,1650.715087890625,1229.473876953125,1688.550537109375,1265.60888671875,1669.6328125,1247.5413818359375,37.83544921875,36.135009765625
IMG_0050.mp4,347,11.578233333333333,29.97002997002997,112,2,traffic_signs,0.5554700493812561,2949.3125,996.8633422851562,3031.47509765625,1044.8826904296875,2990.393798828125,1020.8730163574219,82.16259765625,48.01934814453125
IMG_0050.mp4,347,11.578233333333333,29.97002997002997,122,2,traffic_signs,0.416668564081192,1522.2452392578125,1267.600341796875,1555.476806640625,1310.3050537109375,1538.8610229492188,1288.9526977539062,33.2315673828125,42.7047119140625
IMG_0050.mp4,347,11.578233333333333,29.97002997002997,124,2,traffic_signs,0.40122121572494507,1915.47998046875,1269.147216796875,1941.343994140625,1297.9989013671875,1928.4119873046875,1283.5730590820312,25.864013671875,28.8516845703125
IMG_0050.mp4,347,11.578233333333333,29.97002997002997,18,0,auth_label,0.7205278873443604,620.8775634765625,842.6504516601562,1195.7034912109375,1375.491943359375,908.29052734375,1109.0711975097656,574.825927734375,532.8414916992188
IMG_0050.mp4,348,11.611600000000001,29.97002997002997,23,2,traffic_signs,0.7808123826980591,2917.679443359375,1052.7127685546875,3007.584228515625,1188.7608642578125,2962.6318359375,1120.73681640625,89.90478515625,136.048095703125
IMG_0050.mp4,348,11.611600000000001,29.97002997002997,49,2,traffic_signs,0.8817045092582703,1378.867431640625,913.4754638671875,1522.9560546875,1057.6409912109375,1450.9117431640625,985.5582275390625,144.088623046875,144.16552734375
IMG_0050.mp4,348,11.611600000000001,29.97002997002997,111,2,traffic_signs,0.693381667137146,1662.0606689453125,1231.3294677734375,1699.70263671875,1267.3907470703125,1680.8816528320312,1249.360107421875,37.6419677734375,36.061279296875
IMG_0050.mp4,348,11.611600000000001,29.97002997002997,112,2,traffic_signs,0.8185552954673767,2972.654541015625,987.5103149414062,3062.03369140625,1036.8092041015625,3017.3441162109375,1012.1597595214844,89.379150390625,49.29888916015625
IMG_0050.mp4,348,11.611600000000001,29.97002997002997,124,2,traffic_signs,0.40954533219337463,1928.8724365234375,1271.636962890625,1955.2794189453125,1299.2222900390625,1942.075927734375,1285.4296264648438,26.406982421875,27.5853271484375
IMG_0050.mp4,349,11.644966666666667,29.97002997002997,23,2,traffic_signs,0.8240898251533508,2944.373779296875,1046.77294921875,3034.913818359375,1178.3602294921875,2989.643798828125,1112.5665893554688,90.5400390625,131.5872802734375
IMG_0050.mp4,349,11.644966666666667,29.97002997002997,49,2,traffic_signs,0.89402174949646,1373.856689453125,907.8001098632812,1521.04541015625,1052.9267578125,1447.4510498046875,980.3634338378906,147.188720703125,145.12664794921875
IMG_0050.mp4,349,11.644966666666667,29.97002997002997,111,2,traffic_signs,0.8442269563674927,1674.7677001953125,1232.319091796875,1712.840576171875,1267.599609375,1693.8041381835938,1249.9593505859375,38.0728759765625,35.280517578125
IMG_0050.mp4,349,11.644966666666667,29.97002997002997,112,2,traffic_signs,0.5543003678321838,3007.6630859375,978.489013671875,3095.34716796875,1027.5634765625,3051.505126953125,1003.0262451171875,87.68408203125,49.074462890625
IMG_0050.mp4,349,11.644966666666667,29.97002997002997,124,2,traffic_signs,0.5202242732048035,1943.9451904296875,1273.0380859375,1969.5770263671875,1300.767822265625,1956.7611083984375,1286.9029541015625,25.6318359375,27.729736328125
IMG_0050.mp4,349,11.644966666666667,29.97002997002997,122,2,traffic_signs,0.38180044293403625,1544.8956298828125,1274.1727294921875,1573.67822265625,1311.3446044921875,1559.2869262695312,1292.7586669921875,28.7825927734375,37.171875
IMG_0050.mp4,349,11.644966666666667,29.97002997002997,18,0,auth_label,0.4813464879989624,656.3255615234375,817.5020751953125,1206.50732421875,1379.955322265625,931.4164428710938,1098.7286987304688,550.1817626953125,562.4532470703125
IMG_0050.mp4,350,11.678333333333333,29.97002997002997,23,2,traffic_signs,0.7622096538543701,2970.9794921875,1039.1759033203125,3068.3564453125,1178.9091796875,3019.66796875,1109.0425415039062,97.376953125,139.7332763671875
IMG_0050.mp4,350,11.678333333333333,29.97002997002997,49,2,traffic_signs,0.8994385004043579,1367.396728515625,901.3245849609375,1517.4801025390625,1048.870361328125,1442.4384155273438,975.0974731445312,150.0833740234375,147.5457763671875
IMG_0050.mp4,350,11.678333333333333,29.97002997002997,111,2,traffic_signs,0.8153316974639893,1685.241455078125,1233.1195068359375,1723.505615234375,1269.6417236328125,1704.37353515625,1251.380615234375,38.26416015625,36.522216796875
IMG_0050.mp4,350,11.678333333333333,29.97002997002997,112,2,traffic_signs,0.618945300579071,3032.451171875,966.4466552734375,3126.3994140625,1019.6923217773438,3079.42529296875,993.0694885253906,93.9482421875,53.24566650390625
IMG_0050.mp4,350,11.678333333333333,29.97002997002997,122,2,traffic_signs,0.5829591751098633,1554.3638916015625,1274.4434814453125,1583.1439208984375,1313.47216796875,1568.75390625,1293.9578247070312,28.780029296875,39.0286865234375
IMG_0050.mp4,351,11.7117,29.97002997002997,23,2,traffic_signs,0.295049786567688,2999.207763671875,1029.4832763671875,3106.006103515625,1178.228271484375,3052.60693359375,1103.8557739257812,106.79833984375,148.7449951171875
IMG_0050.mp4,351,11.7117,29.97002997002997,49,2,traffic_signs,0.9029515981674194,1362.5286865234375,896.4745483398438,1516.561767578125,1044.9744873046875,1439.5452270507812,970.7245178222656,154.0330810546875,148.49993896484375
IMG_0050.mp4,351,11.7117,29.97002997002997,111,2,traffic_signs,0.8642509579658508,1697.5345458984375,1234.667236328125,1737.1053466796875,1272.4981689453125,1717.3199462890625,1253.5827026367188,39.57080078125,37.8309326171875
IMG_0050.mp4,351,11.7117,29.97002997002997,112,2,traffic_signs,0.7842627763748169,3082.779296875,961.4153442382812,3164.664306640625,1010.4400024414062,3123.7218017578125,985.9276733398438,81.885009765625,49.024658203125
IMG_0050.mp4,351,11.7117,29.97002997002997,122,2,traffic_signs,0.3974023163318634,1563.459228515625,1274.4796142578125,1595.711181640625,1317.090087890625,1579.585205078125,1295.7848510742188,32.251953125,42.6104736328125
IMG_0050.mp4,351,11.7117,29.97002997002997,18,0,auth_label,0.344016432762146,670.1082153320312,801.5767822265625,1223.83984375,1380.7406005859375,946.9740295410156,1091.15869140625,553.7316284179688,579.163818359375
IMG_0050.mp4,352,11.745066666666666,29.97002997002997,23,2,traffic_signs,0.5075230002403259,3031.8134765625,1022.7432250976562,3134.654296875,1169.4501953125,3083.23388671875,1096.0967102050781,102.8408203125,146.70697021484375
IMG_0050.mp4,352,11.745066666666666,29.97002997002997,49,2,traffic_signs,0.8518815636634827,1356.987060546875,890.487060546875,1514.777587890625,1042.0196533203125,1435.88232421875,966.2533569335938,157.79052734375,151.5325927734375
IMG_0050.mp4,352,11.745066666666666,29.97002997002997,111,2,traffic_signs,0.8399830460548401,1708.984375,1236.9923095703125,1747.6026611328125,1272.9124755859375,1728.2935180664062,1254.952392578125,38.6182861328125,35.920166015625
IMG_0050.mp4,352,11.745066666666666,29.97002997002997,18,0,auth_label,0.4343453049659729,674.21826171875,818.819580078125,1232.810302734375,1380.10009765625,953.5142822265625,1099.4598388671875,558.592041015625,561.280517578125
IMG_0050.mp4,353,11.778433333333334,29.97002997002997,23,2,traffic_signs,0.28047555685043335,3063.0732421875,1014.3489990234375,3174.41162109375,1166.8497314453125,3118.742431640625,1090.599365234375,111.33837890625,152.500732421875
IMG_0050.mp4,353,11.778433333333334,29.97002997002997,49,2,traffic_signs,0.9162482023239136,1351.949951171875,880.8092651367188,1511.2484130859375,1036.7855224609375,1431.5991821289062,958.7973937988281,159.2984619140625,155.97625732421875
IMG_0050.mp4,353,11.778433333333334,29.97002997002997,111,2,traffic_signs,0.8705620765686035,1721.546875,1237.2012939453125,1761.3994140625,1274.0845947265625,1741.47314453125,1255.6429443359375,39.8525390625,36.88330078125
IMG_0050.mp4,353,11.778433333333334,29.97002997002997,18,0,auth_label,0.6526545286178589,682.155029296875,830.4683837890625,1237.553466796875,1379.9486083984375,959.854248046875,1105.20849609375,555.3984375,549.480224609375
IMG_0050.mp4,353,11.778433333333334,29.97002997002997,112,2,traffic_signs,0.6732974052429199,3156.573486328125,937.0564575195312,3241.86572265625,991.0184326171875,3199.2196044921875,964.0374450683594,85.292236328125,53.96197509765625
IMG_0050.mp4,354,11.8118,29.97002997002997,49,2,traffic_signs,0.9146062135696411,1346.817626953125,873.1322631835938,1507.1328125,1032.0224609375,1426.9752197265625,952.5773620605469,160.315185546875,158.89019775390625
IMG_0050.mp4,354,11.8118,29.97002997002997,111,2,traffic_signs,0.48273390531539917,1733.79345703125,1239.2366943359375,1772.7408447265625,1274.91845703125,1753.2671508789062,1257.0775756835938,38.9473876953125,35.6817626953125
IMG_0050.mp4,354,11.8118,29.97002997002997,18,0,auth_label,0.911003053188324,689.3748168945312,872.4486694335938,1245.4329833984375,1377.9158935546875,967.4039001464844,1125.1822814941406,556.0581665039062,505.46722412109375
IMG_0050.mp4,355,11.845166666666668,29.97002997002997,49,2,traffic_signs,0.9130211472511292,1338.747314453125,865.9688110351562,1501.6419677734375,1027.0,1420.1946411132812,946.4844055175781,162.8946533203125,161.03118896484375
IMG_0050.mp4,355,11.845166666666668,29.97002997002997,111,2,traffic_signs,0.8639054298400879,1745.452880859375,1240.5989990234375,1784.75537109375,1277.1234130859375,1765.1041259765625,1258.8612060546875,39.302490234375,36.5244140625
IMG_0050.mp4,355,11.845166666666668,29.97002997002997,18,0,auth_label,0.5194671750068665,691.8256225585938,858.9624633789062,1233.329345703125,1379.1461181640625,962.5774841308594,1119.0542907714844,541.5037231445312,520.1836547851562
IMG_0050.mp4,355,11.845166666666668,29.97002997002997,23,2,traffic_signs,0.8934866786003113,3127.069091796875,997.74462890625,3254.6953125,1155.87841796875,3190.8822021484375,1076.8115234375,127.626220703125,158.1337890625
IMG_0050.mp4,356,11.878533333333333,29.97002997002997,49,2,traffic_signs,0.9118814468383789,1332.0911865234375,857.7123413085938,1497.3594970703125,1023.8582153320312,1414.725341796875,940.7852783203125,165.268310546875,166.1458740234375
IMG_0050.mp4,356,11.878533333333333,29.97002997002997,111,2,traffic_signs,0.7550208568572998,1757.8983154296875,1242.5733642578125,1797.3953857421875,1279.0213623046875,1777.6468505859375,1260.79736328125,39.4970703125,36.447998046875
IMG_0050.mp4,356,11.878533333333333,29.97002997002997,18,0,auth_label,0.47938644886016846,697.0757446289062,825.2852172851562,1216.0009765625,1382.8485107421875,956.5383605957031,1104.0668640136719,518.9252319335938,557.5632934570312
IMG_0050.mp4,356,11.878533333333333,29.97002997002997,23,2,traffic_signs,0.4031687378883362,3162.79150390625,984.399658203125,3294.38671875,1151.71923828125,3228.589111328125,1068.0594482421875,131.59521484375,167.319580078125
IMG_0050.mp4,357,11.911900000000001,29.97002997002997,49,2,traffic_signs,0.9288121461868286,1322.5745849609375,847.2164916992188,1490.68359375,1018.610107421875,1406.6290893554688,932.9132995605469,168.1090087890625,171.39361572265625
IMG_0050.mp4,357,11.911900000000001,29.97002997002997,111,2,traffic_signs,0.8585420250892639,1769.5128173828125,1242.9971923828125,1808.927001953125,1280.970703125,1789.2199096679688,1261.9839477539062,39.4141845703125,37.9735107421875
IMG_0050.mp4,357,11.911900000000001,29.97002997002997,18,0,auth_label,0.5871144533157349,702.2556762695312,829.0421142578125,1201.25048828125,1383.714599609375,951.7530822753906,1106.3783569335938,498.99481201171875,554.6724853515625
IMG_0050.mp4,357,11.911900000000001,29.97002997002997,23,2,traffic_signs,0.9183469414710999,3196.892578125,976.568359375,3332.6240234375,1146.8231201171875,3264.75830078125,1061.6957397460938,135.7314453125,170.2547607421875
IMG_0050.mp4,357,11.911900000000001,29.97002997002997,122,2,traffic_signs,0.42244309186935425,1627.644287109375,1286.1666259765625,1654.261962890625,1327.26123046875,1640.953125,1306.7139282226562,26.61767578125,41.0946044921875
IMG_0050.mp4,358,11.945266666666667,29.97002997002997,49,2,traffic_signs,0.9105796217918396,1313.25830078125,837.2158203125,1485.0789794921875,1010.6336059570312,1399.1686401367188,923.9247131347656,171.8206787109375,173.41778564453125
IMG_0050.mp4,358,11.945266666666667,29.97002997002997,111,2,traffic_signs,0.4273352026939392,1781.137451171875,1243.1712646484375,1820.593505859375,1282.03857421875,1800.865478515625,1262.6049194335938,39.4560546875,38.8673095703125
IMG_0050.mp4,358,11.945266666666667,29.97002997002997,18,0,auth_label,0.8228279948234558,709.53125,842.7947998046875,1197.9539794921875,1383.7291259765625,953.7426147460938,1113.261962890625,488.4227294921875,540.934326171875
IMG_0050.mp4,358,11.945266666666667,29.97002997002997,23,2,traffic_signs,0.9482722878456116,3237.745361328125,977.0006103515625,3372.44970703125,1137.8680419921875,3305.0975341796875,1057.434326171875,134.704345703125,160.867431640625
IMG_0050.mp4,358,11.945266666666667,29.97002997002997,122,2,traffic_signs,0.41099175810813904,1639.1856689453125,1285.08984375,1668.5916748046875,1328.262451171875,1653.888671875,1306.6761474609375,29.406005859375,43.172607421875
IMG_0050.mp4,359,11.978633333333333,29.97002997002997,49,2,traffic_signs,0.916686475276947,1302.8466796875,829.4495239257812,1481.2890625,1002.7667846679688,1392.06787109375,916.108154296875,178.4423828125,173.3172607421875
IMG_0050.mp4,359,11.978633333333333,29.97002997002997,111,2,traffic_signs,0.849831759929657,1793.5303955078125,1244.624755859375,1833.823974609375,1283.431640625,1813.6771850585938,1264.0281982421875,40.2935791015625,38.806884765625
IMG_0050.mp4,359,11.978633333333333,29.97002997002997,18,0,auth_label,0.4757483899593353,713.802490234375,844.3917846679688,1195.9847412109375,1385.2518310546875,954.8936157226562,1114.8218078613281,482.1822509765625,540.8600463867188
IMG_0050.mp4,359,11.978633333333333,29.97002997002997,23,2,traffic_signs,0.4631842076778412,3276.2216796875,990.3724365234375,3416.90625,1133.9393310546875,3346.56396484375,1062.1558837890625,140.6845703125,143.56689453125
IMG_0050.mp4,359,11.978633333333333,29.97002997002997,122,2,traffic_signs,0.31962844729423523,1648.834228515625,1286.4810791015625,1678.852294921875,1330.68017578125,1663.84326171875,1308.5806274414062,30.01806640625,44.1990966796875
IMG_0050.mp4,360,12.012,29.97002997002997,49,2,traffic_signs,0.9203879237174988,1294.1844482421875,819.3920288085938,1475.730224609375,996.9376831054688,1384.9573364257812,908.1648559570312,181.5457763671875,177.545654296875
IMG_0050.mp4,360,12.012,29.97002997002997,111,2,traffic_signs,0.7712950706481934,1807.138427734375,1246.3162841796875,1845.34423828125,1284.8238525390625,1826.2413330078125,1265.570068359375,38.205810546875,38.507568359375
IMG_0050.mp4,360,12.012,29.97002997002997,18,0,auth_label,0.9182902574539185,725.2691040039062,852.0344848632812,1241.7449951171875,1380.9466552734375,983.5070495605469,1116.4905700683594,516.4758911132812,528.9121704101562
IMG_0050.mp4,360,12.012,29.97002997002997,122,2,traffic_signs,0.25873905420303345,1661.328857421875,1289.34130859375,1690.6795654296875,1334.6190185546875,1676.0042114257812,1311.9801635742188,29.3507080078125,45.2777099609375
IMG_0050.mp4,360,12.012,29.97002997002997,129,2,traffic_signs,0.6670322418212891,2310.1630859375,1236.6431884765625,2358.955322265625,1297.0223388671875,2334.5592041015625,1266.832763671875,48.792236328125,60.379150390625
IMG_0050.mp4,361,12.045366666666666,29.97002997002997,49,2,traffic_signs,0.9253187775611877,1286.2083740234375,811.218017578125,1468.7757568359375,988.3223266601562,1377.4920654296875,899.7701721191406,182.5673828125,177.10430908203125
IMG_0050.mp4,361,12.045366666666666,29.97002997002997,111,2,traffic_signs,0.7639665007591248,1817.7142333984375,1248.15283203125,1857.3558349609375,1286.1759033203125,1837.5350341796875,1267.1643676757812,39.6416015625,38.0230712890625
IMG_0050.mp4,361,12.045366666666666,29.97002997002997,18,0,auth_label,0.9284817576408386,732.7484130859375,854.911865234375,1270.2301025390625,1382.9119873046875,1001.4892578125,1118.9119262695312,537.481689453125,528.0001220703125
IMG_0050.mp4,361,12.045366666666666,29.97002997002997,129,2,traffic_signs,0.3036786615848541,2323.974609375,1236.582763671875,2372.806396484375,1297.2646484375,2348.3905029296875,1266.9237060546875,48.831787109375,60.681884765625
IMG_0050.mp4,362,12.078733333333334,29.97002997002997,49,2,traffic_signs,0.9254733324050903,1278.3900146484375,802.8150634765625,1461.207275390625,977.2699584960938,1369.7986450195312,890.0425109863281,182.8172607421875,174.45489501953125
IMG_0050.mp4,362,12.078733333333334,29.97002997002997,111,2,traffic_signs,0.6903038620948792,1831.6324462890625,1249.0469970703125,1870.4193115234375,1286.49072265625,1851.02587890625,1267.7688598632812,38.786865234375,37.4437255859375
IMG_0050.mp4,362,12.078733333333334,29.97002997002997,18,0,auth_label,0.9360954761505127,741.2918701171875,849.2552490234375,1276.306884765625,1384.797119140625,1008.7993774414062,1117.0261840820312,535.0150146484375,535.5418701171875
IMG_0050.mp4,362,12.078733333333334,29.97002997002997,122,2,traffic_signs,0.3147028684616089,1684.115966796875,1289.610595703125,1716.6649169921875,1336.2056884765625,1700.3904418945312,1312.9081420898438,32.5489501953125,46.5950927734375
IMG_0050.mp4,363,12.1121,29.97002997002997,111,2,traffic_signs,0.8138864636421204,1841.946533203125,1248.975830078125,1881.901611328125,1286.584716796875,1861.924072265625,1267.7802734375,39.955078125,37.60888671875
IMG_0050.mp4,363,12.1121,29.97002997002997,18,0,auth_label,0.9706761837005615,745.0570068359375,849.9786376953125,1291.8438720703125,1386.6746826171875,1018.450439453125,1118.32666015625,546.786865234375,536.696044921875
IMG_0050.mp4,363,12.1121,29.97002997002997,122,2,traffic_signs,0.6010480523109436,1691.6021728515625,1290.7861328125,1726.7637939453125,1336.8885498046875,1709.1829833984375,1313.8373413085938,35.16162109375,46.1024169921875
IMG_0050.mp4,364,12.145466666666668,29.97002997002997,111,2,traffic_signs,0.7020235657691956,1852.0299072265625,1250.8798828125,1891.619140625,1287.7103271484375,1871.8245239257812,1269.2951049804688,39.5892333984375,36.8304443359375
IMG_0050.mp4,364,12.145466666666668,29.97002997002997,18,0,auth_label,0.9797381162643433,751.6669311523438,848.9027099609375,1302.5950927734375,1386.4940185546875,1027.1310119628906,1117.6983642578125,550.9281616210938,537.59130859375
IMG_0050.mp4,364,12.145466666666668,29.97002997002997,122,2,traffic_signs,0.7502984404563904,1700.2567138671875,1291.38134765625,1736.2474365234375,1338.1968994140625,1718.2520751953125,1314.7891235351562,35.99072265625,46.8155517578125
IMG_0050.mp4,364,12.145466666666668,29.97002997002997,129,2,traffic_signs,0.39296454191207886,2362.6240234375,1236.349365234375,2416.561767578125,1298.944580078125,2389.5928955078125,1267.64697265625,53.937744140625,62.59521484375
IMG_0050.mp4,364,12.145466666666668,29.97002997002997,49,2,traffic_signs,0.9445801973342896,1258.07470703125,784.3119506835938,1444.24365234375,961.4103393554688,1351.1591796875,872.8611450195312,186.1689453125,177.098388671875
IMG_0050.mp4,365,12.178833333333333,29.97002997002997,111,2,traffic_signs,0.7547612190246582,1868.2113037109375,1251.7679443359375,1905.40966796875,1288.87353515625,1886.8104858398438,1270.3207397460938,37.1983642578125,37.1055908203125
IMG_0050.mp4,365,12.178833333333333,29.97002997002997,18,0,auth_label,0.9734194874763489,756.6257934570312,843.7291259765625,1304.254150390625,1390.0794677734375,1030.4399719238281,1116.904296875,547.6283569335938,546.350341796875
IMG_0050.mp4,365,12.178833333333333,29.97002997002997,122,2,traffic_signs,0.7630102038383484,1714.4232177734375,1292.2940673828125,1747.2066650390625,1340.576171875,1730.81494140625,1316.4351196289062,32.783447265625,48.2821044921875
IMG_0050.mp4,365,12.178833333333333,29.97002997002997,133,2,traffic_signs,0.5009913444519043,2156.554443359375,1295.082275390625,2185.716064453125,1322.16650390625,2171.13525390625,1308.6243896484375,29.16162109375,27.084228515625
IMG_0050.mp4,365,12.178833333333333,29.97002997002997,129,2,traffic_signs,0.38435572385787964,2379.72705078125,1236.456298828125,2431.45947265625,1306.331298828125,2405.59326171875,1271.393798828125,51.732421875,69.875
IMG_0050.mp4,365,12.178833333333333,29.97002997002997,49,2,traffic_signs,0.9328302145004272,1246.8026123046875,770.9798583984375,1435.0494384765625,955.1790771484375,1340.926025390625,863.0794677734375,188.246826171875,184.19921875
IMG_0050.mp4,366,12.212200000000001,29.97002997002997,111,2,traffic_signs,0.6139994859695435,1880.2554931640625,1252.875,1919.540771484375,1289.57080078125,1899.8981323242188,1271.222900390625,39.2852783203125,36.69580078125
IMG_0050.mp4,366,12.212200000000001,29.97002997002997,18,0,auth_label,0.9168484807014465,762.548828125,849.5908203125,1307.1759033203125,1395.4044189453125,1034.8623657226562,1122.4976196289062,544.6270751953125,545.8135986328125
IMG_0050.mp4,366,12.212200000000001,29.97002997002997,129,2,traffic_signs,0.4749760031700134,2396.875,1234.8363037109375,2449.80517578125,1302.4295654296875,2423.340087890625,1268.6329345703125,52.93017578125,67.59326171875
IMG_0050.mp4,366,12.212200000000001,29.97002997002997,49,2,traffic_signs,0.9309925436973572,1236.599365234375,759.9201049804688,1427.6942138671875,945.993896484375,1332.1467895507812,852.9570007324219,191.0948486328125,186.07379150390625
IMG_0050.mp4,367,12.245566666666667,29.97002997002997,111,2,traffic_signs,0.4179786741733551,1895.2061767578125,1253.0283203125,1933.511962890625,1291.875244140625,1914.3590698242188,1272.4517822265625,38.3057861328125,38.846923828125
IMG_0050.mp4,367,12.245566666666667,29.97002997002997,18,0,auth_label,0.8096376657485962,762.996337890625,840.9628295898438,1304.733642578125,1396.450439453125,1033.864990234375,1118.7066345214844,541.7373046875,555.4876098632812
IMG_0050.mp4,367,12.245566666666667,29.97002997002997,129,2,traffic_signs,0.5869162082672119,2411.388427734375,1232.6019287109375,2466.56298828125,1304.572021484375,2438.9757080078125,1268.5869750976562,55.174560546875,71.9700927734375
IMG_0050.mp4,367,12.245566666666667,29.97002997002997,49,2,traffic_signs,0.9219824075698853,1227.776611328125,752.8690185546875,1417.448974609375,937.417724609375,1322.61279296875,845.1433715820312,189.67236328125,184.5487060546875
IMG_0050.mp4,367,12.245566666666667,29.97002997002997,135,2,traffic_signs,0.8173696994781494,1057.123291015625,661.141845703125,1166.6595458984375,724.1088256835938,1111.8914184570312,692.6253356933594,109.5362548828125,62.96697998046875
IMG_0050.mp4,367,12.245566666666667,29.97002997002997,122,2,traffic_signs,0.35356777906417847,1738.8818359375,1293.187744140625,1769.114501953125,1341.7813720703125,1753.9981689453125,1317.4845581054688,30.232666015625,48.5936279296875
IMG_0050.mp4,367,12.245566666666667,29.97002997002997,133,2,traffic_signs,0.6808837652206421,2187.43310546875,1297.2518310546875,2217.441650390625,1325.1732177734375,2202.4373779296875,1311.2125244140625,30.008544921875,27.92138671875
IMG_0050.mp4,368,12.278933333333333,29.97002997002997,111,2,traffic_signs,0.46612098813056946,1909.402587890625,1255.35693359375,1948.407958984375,1292.4764404296875,1928.9052734375,1273.9166870117188,39.00537109375,37.1195068359375
IMG_0050.mp4,368,12.278933333333333,29.97002997002997,18,0,auth_label,0.48715242743492126,746.4226684570312,834.952392578125,1297.7838134765625,1404.631103515625,1022.1032409667969,1119.791748046875,551.3611450195312,569.6787109375
IMG_0050.mp4,368,12.278933333333333,29.97002997002997,49,2,traffic_signs,0.9172675609588623,1217.5126953125,740.4283447265625,1408.7352294921875,925.1551513671875,1313.1239624023438,832.791748046875,191.2225341796875,184.726806640625
IMG_0050.mp4,369,12.3123,29.97002997002997,111,2,traffic_signs,0.7909095287322998,1921.211669921875,1256.832763671875,1959.7061767578125,1293.63232421875,1940.4589233398438,1275.2325439453125,38.4945068359375,36.799560546875
IMG_0050.mp4,369,12.3123,29.97002997002997,18,0,auth_label,0.7154580354690552,759.59619140625,836.7744140625,1285.671875,1400.9473876953125,1022.634033203125,1118.8609008789062,526.07568359375,564.1729736328125
IMG_0050.mp4,369,12.3123,29.97002997002997,49,2,traffic_signs,0.9396119117736816,1201.1304931640625,724.4673461914062,1396.7276611328125,914.8109130859375,1298.9290771484375,819.6391296386719,195.59716796875,190.34356689453125
IMG_0050.mp4,370,12.345666666666666,29.97002997002997,111,2,traffic_signs,0.8073095083236694,1935.057373046875,1258.141845703125,1972.378173828125,1295.008544921875,1953.7177734375,1276.5751953125,37.32080078125,36.86669921875
IMG_0050.mp4,370,12.345666666666666,29.97002997002997,18,0,auth_label,0.41517412662506104,761.426025390625,836.9203491210938,1274.8048095703125,1398.4661865234375,1018.1154174804688,1117.6932678222656,513.3787841796875,561.5458374023438
IMG_0050.mp4,370,12.345666666666666,29.97002997002997,49,2,traffic_signs,0.933803379535675,1192.8736572265625,715.3555297851562,1385.5001220703125,903.76708984375,1289.1868896484375,809.5613098144531,192.62646484375,188.41156005859375
IMG_0050.mp4,370,12.345666666666666,29.97002997002997,129,2,traffic_signs,0.5607833862304688,2460.0546875,1231.599609375,2517.220947265625,1308.17236328125,2488.6378173828125,1269.885986328125,57.166259765625,76.57275390625
IMG_0050.mp4,370,12.345666666666666,29.97002997002997,133,2,traffic_signs,0.4662935137748718,2231.559814453125,1300.666015625,2262.611328125,1330.8607177734375,2247.0855712890625,1315.7633666992188,31.051513671875,30.1947021484375
IMG_0050.mp4,371,12.379033333333334,29.97002997002997,111,2,traffic_signs,0.8167543411254883,1947.107177734375,1259.08837890625,1984.4342041015625,1295.056640625,1965.7706909179688,1277.072509765625,37.3270263671875,35.96826171875
IMG_0050.mp4,371,12.379033333333334,29.97002997002997,49,2,traffic_signs,0.9212609529495239,1180.360107421875,706.2769775390625,1374.2042236328125,895.8414306640625,1277.2821655273438,801.0592041015625,193.8441162109375,189.564453125
IMG_0050.mp4,371,12.379033333333334,29.97002997002997,129,2,traffic_signs,0.5045186281204224,2476.085693359375,1231.8446044921875,2529.367431640625,1307.803466796875,2502.7265625,1269.8240356445312,53.28173828125,75.9588623046875
IMG_0050.mp4,372,12.4124,29.97002997002997,111,2,traffic_signs,0.8184188008308411,1962.310546875,1259.8179931640625,1999.33740234375,1296.056884765625,1980.823974609375,1277.9374389648438,37.02685546875,36.2388916015625
IMG_0050.mp4,372,12.4124,29.97002997002997,49,2,traffic_signs,0.9465379118919373,1165.251953125,691.5369873046875,1364.2821044921875,886.4635620117188,1264.7670288085938,789.0002746582031,199.0301513671875,194.92657470703125
IMG_0050.mp4,372,12.4124,29.97002997002997,129,2,traffic_signs,0.4525640606880188,2492.393310546875,1231.1495361328125,2547.54248046875,1308.2642822265625,2519.9678955078125,1269.7069091796875,55.149169921875,77.11474609375
IMG_0050.mp4,372,12.4124,29.97002997002997,18,0,auth_label,0.7277695536613464,790.051513671875,834.1548461914062,1284.48681640625,1391.4224853515625,1037.2691650390625,1112.7886657714844,494.435302734375,557.2676391601562
IMG_0050.mp4,373,12.445766666666668,29.97002997002997,111,2,traffic_signs,0.7762401700019836,1974.0506591796875,1261.8487548828125,2010.5601806640625,1297.8551025390625,1992.305419921875,1279.8519287109375,36.509521484375,36.00634765625
IMG_0050.mp4,373,12.445766666666668,29.97002997002997,49,2,traffic_signs,0.9267001152038574,1143.4605712890625,675.3394165039062,1354.02978515625,878.6217041015625,1248.7451782226562,776.9805603027344,210.5692138671875,203.28228759765625
IMG_0050.mp4,373,12.445766666666668,29.97002997002997,129,2,traffic_signs,0.7603445649147034,2507.961181640625,1232.67919921875,2566.51904296875,1307.2381591796875,2537.2401123046875,1269.9586791992188,58.557861328125,74.5589599609375
IMG_0050.mp4,374,12.479133333333333,29.97002997002997,111,2,traffic_signs,0.6805773973464966,1987.2451171875,1262.5643310546875,2025.61083984375,1299.7882080078125,2006.427978515625,1281.17626953125,38.36572265625,37.223876953125
IMG_0050.mp4,375,12.512500000000001,29.97002997002997,111,2,traffic_signs,0.5376948118209839,2000.6650390625,1264.2020263671875,2037.6822509765625,1300.7718505859375,2019.1736450195312,1282.4869384765625,37.0172119140625,36.56982421875
IMG_0050.mp4,376,12.545866666666667,29.97002997002997,111,2,traffic_signs,0.8305780291557312,2013.921630859375,1264.989990234375,2052.260986328125,1304.1102294921875,2033.09130859375,1284.5501098632812,38.33935546875,39.1202392578125
IMG_0050.mp4,376,12.545866666666667,29.97002997002997,18,0,auth_label,0.6348212361335754,824.9970092773438,798.9801635742188,1344.3759765625,1407.085205078125,1084.6864929199219,1103.0326843261719,519.3789672851562,608.1050415039062
IMG_0050.mp4,376,12.545866666666667,29.97002997002997,49,2,traffic_signs,0.29096946120262146,1100.486083984375,640.1671752929688,1314.8380126953125,837.9946899414062,1207.6620483398438,739.0809326171875,214.3519287109375,197.8275146484375
IMG_0050.mp4,377,12.579233333333333,29.97002997002997,111,2,traffic_signs,0.5518593788146973,2026.643798828125,1267.5469970703125,2064.649658203125,1306.7474365234375,2045.646728515625,1287.147216796875,38.005859375,39.200439453125
IMG_0050.mp4,377,12.579233333333333,29.97002997002997,49,2,traffic_signs,0.4894542694091797,1075.66015625,659.22314453125,1289.1982421875,821.1815795898438,1182.42919921875,740.2023620605469,213.5380859375,161.95843505859375
IMG_0050.mp4,378,12.6126,29.97002997002997,111,2,traffic_signs,0.6319637298583984,2039.35205078125,1268.5509033203125,2078.80224609375,1308.3822021484375,2059.0771484375,1288.466552734375,39.4501953125,39.831298828125
IMG_0050.mp4,378,12.6126,29.97002997002997,143,2,traffic_signs,0.4625501036643982,1488.2725830078125,1214.1463623046875,1521.093017578125,1243.5260009765625,1504.6828002929688,1228.836181640625,32.8204345703125,29.379638671875
IMG_0050.mp4,379,12.645966666666666,29.97002997002997,111,2,traffic_signs,0.6342292428016663,2052.201416015625,1269.636962890625,2091.544677734375,1308.845458984375,2071.873046875,1289.2412109375,39.34326171875,39.20849609375
IMG_0050.mp4,379,12.645966666666666,29.97002997002997,143,2,traffic_signs,0.4229356348514557,1498.7529296875,1216.7911376953125,1532.223388671875,1245.5469970703125,1515.4881591796875,1231.1690673828125,33.470458984375,28.755859375
IMG_0050.mp4,379,12.645966666666666,29.97002997002997,133,2,traffic_signs,0.6023231744766235,2362.477294921875,1312.9290771484375,2400.189208984375,1344.443359375,2381.333251953125,1328.6862182617188,37.7119140625,31.5142822265625
IMG_0050.mp4,379,12.645966666666666,29.97002997002997,18,0,auth_label,0.5136106014251709,796.7489624023438,849.3737182617188,1381.1749267578125,1408.0184326171875,1088.9619445800781,1128.6960754394531,584.4259643554688,558.6447143554688
IMG_0050.mp4,380,12.679333333333334,29.97002997002997,111,2,traffic_signs,0.7842104434967041,2063.703369140625,1270.17138671875,2103.1904296875,1310.39892578125,2083.4468994140625,1290.28515625,39.487060546875,40.2275390625
IMG_0050.mp4,380,12.679333333333334,29.97002997002997,143,2,traffic_signs,0.6286950707435608,1507.810302734375,1217.790771484375,1542.83544921875,1246.908935546875,1525.3228759765625,1232.349853515625,35.025146484375,29.1181640625
IMG_0050.mp4,380,12.679333333333334,29.97002997002997,133,2,traffic_signs,0.6356450915336609,2375.619140625,1313.9915771484375,2414.547119140625,1345.573486328125,2395.0831298828125,1329.7825317382812,38.927978515625,31.5819091796875
IMG_0050.mp4,380,12.679333333333334,29.97002997002997,18,0,auth_label,0.5738628506660461,799.5761108398438,834.7233276367188,1386.0777587890625,1412.861083984375,1092.8269348144531,1123.7922058105469,586.5016479492188,578.1377563476562
IMG_0050.mp4,380,12.679333333333334,29.97002997002997,122,2,traffic_signs,0.46698492765426636,1887.741943359375,1308.09228515625,1918.7335205078125,1361.8719482421875,1903.2377319335938,1334.9821166992188,30.9915771484375,53.7796630859375
IMG_0050.mp4,381,12.7127,29.97002997002997,111,2,traffic_signs,0.6583846807479858,2075.416748046875,1271.723876953125,2115.281982421875,1311.7415771484375,2095.349365234375,1291.7327270507812,39.865234375,40.0177001953125
IMG_0050.mp4,381,12.7127,29.97002997002997,143,2,traffic_signs,0.5295903086662292,1520.670654296875,1220.2332763671875,1555.1536865234375,1248.1036376953125,1537.9121704101562,1234.16845703125,34.4830322265625,27.870361328125
IMG_0050.mp4,381,12.7127,29.97002997002997,122,2,traffic_signs,0.6314451694488525,1898.494873046875,1309.9593505859375,1930.0296630859375,1363.6728515625,1914.2622680664062,1336.8161010742188,31.5347900390625,53.7135009765625
IMG_0050.mp4,382,12.746066666666668,29.97002997002997,111,2,traffic_signs,0.6367771625518799,2085.955810546875,1271.3472900390625,2126.482666015625,1312.0487060546875,2106.21923828125,1291.697998046875,40.52685546875,40.701416015625
IMG_0050.mp4,382,12.746066666666668,29.97002997002997,143,2,traffic_signs,0.6245433688163757,1532.1783447265625,1222.1099853515625,1564.2607421875,1249.4578857421875,1548.2195434570312,1235.783935546875,32.0823974609375,27.347900390625
IMG_0050.mp4,383,12.779433333333333,29.97002997002997,111,2,traffic_signs,0.5124133229255676,2098.56884765625,1273.041015625,2138.52392578125,1312.61474609375,2118.54638671875,1292.827880859375,39.955078125,39.57373046875
IMG_0050.mp4,383,12.779433333333333,29.97002997002997,143,2,traffic_signs,0.7494471073150635,1538.895751953125,1218.3775634765625,1576.2615966796875,1251.8009033203125,1557.5786743164062,1235.0892333984375,37.3658447265625,33.42333984375
IMG_0050.mp4,383,12.779433333333333,29.97002997002997,147,2,traffic_signs,0.8787962794303894,435.6304626464844,228.87979125976562,667.0672607421875,394.8714294433594,551.3488616943359,311.8756103515625,231.43679809570312,165.99163818359375
IMG_0050.mp4,383,12.779433333333333,29.97002997002997,133,2,traffic_signs,0.25059986114501953,2418.010986328125,1318.5843505859375,2457.274169921875,1350.7972412109375,2437.642578125,1334.6907958984375,39.26318359375,32.212890625
IMG_0050.mp4,383,12.779433333333333,29.97002997002997,18,0,auth_label,0.910859227180481,840.0466918945312,833.0951538085938,1408.1513671875,1423.7879638671875,1124.0990295410156,1128.4415588378906,568.1046752929688,590.6928100585938
IMG_0050.mp4,383,12.779433333333333,29.97002997002997,122,2,traffic_signs,0.5808677673339844,1920.94287109375,1308.5257568359375,1954.764404296875,1364.8837890625,1937.8536376953125,1336.7047729492188,33.821533203125,56.3580322265625
IMG_0050.mp4,384,12.812800000000001,29.97002997002997,111,2,traffic_signs,0.7321357727050781,2105.464111328125,1272.535400390625,2146.351806640625,1312.6510009765625,2125.907958984375,1292.5932006835938,40.8876953125,40.1156005859375
IMG_0050.mp4,384,12.812800000000001,29.97002997002997,143,2,traffic_signs,0.7000910639762878,1549.590576171875,1221.2811279296875,1582.582763671875,1252.7640380859375,1566.086669921875,1237.0225830078125,32.9921875,31.48291015625
IMG_0050.mp4,384,12.812800000000001,29.97002997002997,18,0,auth_label,0.8445513248443604,837.8893432617188,970.9299926757812,1398.7659912109375,1417.1658935546875,1118.3276672363281,1194.0479431152344,560.8766479492188,446.23590087890625
IMG_0050.mp4,384,12.812800000000001,29.97002997002997,122,2,traffic_signs,0.7047452330589294,1926.853759765625,1307.920166015625,1961.6279296875,1365.3043212890625,1944.2408447265625,1336.6122436523438,34.774169921875,57.3841552734375
IMG_0050.mp4,385,12.846166666666667,29.97002997002997,111,2,traffic_signs,0.7178624868392944,2118.71435546875,1273.7325439453125,2159.821044921875,1313.4940185546875,2139.2677001953125,1293.61328125,41.106689453125,39.761474609375
IMG_0050.mp4,385,12.846166666666667,29.97002997002997,143,2,traffic_signs,0.7974764108657837,1560.5545654296875,1223.0167236328125,1593.575439453125,1252.85107421875,1577.0650024414062,1237.9338989257812,33.0208740234375,29.8343505859375
IMG_0050.mp4,385,12.846166666666667,29.97002997002997,18,0,auth_label,0.8495761752128601,861.5122680664062,863.3779296875,1406.82763671875,1431.0430908203125,1134.1699523925781,1147.2105102539062,545.3153686523438,567.6651611328125
IMG_0050.mp4,385,12.846166666666667,29.97002997002997,122,2,traffic_signs,0.33020782470703125,1937.4541015625,1308.60546875,1971.68212890625,1368.3485107421875,1954.568115234375,1338.4769897460938,34.22802734375,59.7430419921875
IMG_0050.mp4,386,12.879533333333333,29.97002997002997,111,2,traffic_signs,0.8175216913223267,2131.522216796875,1274.0751953125,2173.5732421875,1314.1343994140625,2152.5477294921875,1294.1047973632812,42.051025390625,40.0592041015625
IMG_0050.mp4,386,12.879533333333333,29.97002997002997,143,2,traffic_signs,0.7663172483444214,1570.0728759765625,1224.991943359375,1604.4617919921875,1255.3753662109375,1587.267333984375,1240.1836547851562,34.388916015625,30.3834228515625
IMG_0050.mp4,386,12.879533333333333,29.97002997002997,18,0,auth_label,0.8180350065231323,870.1585693359375,835.0657348632812,1410.9404296875,1434.91162109375,1140.5494995117188,1134.9886779785156,540.7818603515625,599.8458862304688
IMG_0050.mp4,386,12.879533333333333,29.97002997002997,122,2,traffic_signs,0.6514889597892761,1947.6605224609375,1311.49951171875,1981.38330078125,1370.1253662109375,1964.5219116210938,1340.8124389648438,33.7227783203125,58.6258544921875
IMG_0050.mp4,387,12.9129,29.97002997002997,111,2,traffic_signs,0.8424459099769592,2143.869384765625,1275.5550537109375,2185.841064453125,1316.259765625,2164.855224609375,1295.9074096679688,41.9716796875,40.7047119140625
IMG_0050.mp4,387,12.9129,29.97002997002997,143,2,traffic_signs,0.6601569652557373,1580.2086181640625,1226.768798828125,1614.30810546875,1257.190185546875,1597.2583618164062,1241.9794921875,34.0994873046875,30.42138671875
IMG_0050.mp4,387,12.9129,29.97002997002997,18,0,auth_label,0.9758644700050354,873.75244140625,829.0939331054688,1418.1947021484375,1436.8214111328125,1145.9735717773438,1132.9576721191406,544.4422607421875,607.7274780273438
IMG_0050.mp4,387,12.9129,29.97002997002997,122,2,traffic_signs,0.7674981355667114,1956.641357421875,1313.1617431640625,1990.1400146484375,1372.2435302734375,1973.3906860351562,1342.70263671875,33.4986572265625,59.081787109375
IMG_0050.mp4,388,12.946266666666666,29.97002997002997,111,2,traffic_signs,0.8328580856323242,2153.310791015625,1275.2012939453125,2195.493408203125,1316.115234375,2174.402099609375,1295.6582641601562,42.1826171875,40.9139404296875
IMG_0050.mp4,388,12.946266666666666,29.97002997002997,143,2,traffic_signs,0.676358163356781,1584.15576171875,1224.928955078125,1622.0313720703125,1259.49658203125,1603.0935668945312,1242.2127685546875,37.8756103515625,34.567626953125
IMG_0050.mp4,388,12.946266666666666,29.97002997002997,18,0,auth_label,0.9286053776741028,874.9603881835938,824.6551513671875,1421.8985595703125,1438.068115234375,1148.4294738769531,1131.3616333007812,546.9381713867188,613.4129638671875
IMG_0050.mp4,388,12.946266666666666,29.97002997002997,122,2,traffic_signs,0.7980194687843323,1965.2569580078125,1313.7181396484375,1999.944091796875,1372.208740234375,1982.6005249023438,1342.9634399414062,34.6871337890625,58.4906005859375
IMG_0050.mp4,389,12.979633333333334,29.97002997002997,111,2,traffic_signs,0.8128985166549683,2165.79833984375,1276.9774169921875,2208.68603515625,1318.23779296875,2187.2421875,1297.6076049804688,42.8876953125,41.2603759765625
IMG_0050.mp4,389,12.979633333333334,29.97002997002997,143,2,traffic_signs,0.4681159555912018,1597.4588623046875,1227.9698486328125,1634.125244140625,1261.498046875,1615.7920532226562,1244.7339477539062,36.6663818359375,33.5281982421875
IMG_0050.mp4,389,12.979633333333334,29.97002997002997,18,0,auth_label,0.9797852635383606,916.1681518554688,823.127685546875,1428.606201171875,1442.5677490234375,1172.3871765136719,1132.8477172851562,512.4380493164062,619.4400634765625
IMG_0050.mp4,389,12.979633333333334,29.97002997002997,122,2,traffic_signs,0.5487301349639893,1975.731201171875,1316.789794921875,2009.22021484375,1373.1441650390625,1992.4757080078125,1344.9669799804688,33.489013671875,56.3543701171875
IMG_0050.mp4,390,13.013,29.97002997002997,111,2,traffic_signs,0.534876823425293,2175.481689453125,1276.0865478515625,2218.167724609375,1317.925537109375,2196.82470703125,1297.0060424804688,42.68603515625,41.8389892578125
IMG_0050.mp4,390,13.013,29.97002997002997,143,2,traffic_signs,0.492995947599411,1607.877685546875,1229.0479736328125,1641.312255859375,1260.2825927734375,1624.594970703125,1244.665283203125,33.4345703125,31.234619140625
IMG_0050.mp4,390,13.013,29.97002997002997,18,0,auth_label,0.9801734685897827,904.33203125,819.3366088867188,1431.4488525390625,1441.2432861328125,1167.8904418945312,1130.2899475097656,527.1168212890625,621.9066772460938
IMG_0050.mp4,390,13.013,29.97002997002997,122,2,traffic_signs,0.6743866801261902,1982.6251220703125,1316.8907470703125,2014.644287109375,1373.3546142578125,1998.6347045898438,1345.1226806640625,32.0191650390625,56.4638671875
IMG_0050.mp4,391,13.046366666666668,29.97002997002997,111,2,traffic_signs,0.3674945831298828,2188.114990234375,1276.9039306640625,2230.623046875,1319.5648193359375,2209.3690185546875,1298.234375,42.508056640625,42.660888671875
IMG_0050.mp4,391,13.046366666666668,29.97002997002997,143,2,traffic_signs,0.6139153242111206,1618.675048828125,1231.6024169921875,1652.4627685546875,1261.2806396484375,1635.5689086914062,1246.4415283203125,33.7877197265625,29.67822265625
IMG_0050.mp4,391,13.046366666666668,29.97002997002997,18,0,auth_label,0.9736133813858032,884.7013549804688,814.9467163085938,1439.5223388671875,1441.3939208984375,1162.1118469238281,1128.1703186035156,554.8209838867188,626.4472045898438
IMG_0050.mp4,391,13.046366666666668,29.97002997002997,122,2,traffic_signs,0.5328493714332581,1992.1075439453125,1317.4666748046875,2024.748291015625,1378.2008056640625,2008.4279174804688,1347.833740234375,32.6407470703125,60.734130859375
IMG_0050.mp4,392,13.079733333333333,29.97002997002997,111,2,traffic_signs,0.7332968711853027,2198.6728515625,1277.170166015625,2241.4765625,1319.8624267578125,2220.07470703125,1298.5162963867188,42.8037109375,42.6922607421875
IMG_0050.mp4,392,13.079733333333333,29.97002997002997,143,2,traffic_signs,0.4220275580883026,1626.6375732421875,1232.6385498046875,1660.909912109375,1261.4283447265625,1643.7737426757812,1247.033447265625,34.2723388671875,28.789794921875
IMG_0050.mp4,392,13.079733333333333,29.97002997002997,18,0,auth_label,0.9776256680488586,876.6436157226562,811.8041381835938,1441.8692626953125,1441.885009765625,1159.2564392089844,1126.8445739746094,565.2256469726562,630.0808715820312
IMG_0050.mp4,392,13.079733333333333,29.97002997002997,157,2,traffic_signs,0.543205738067627,2015.48095703125,1202.9754638671875,2069.668212890625,1300.7757568359375,2042.5745849609375,1251.8756103515625,54.187255859375,97.80029296875
IMG_0050.mp4,393,13.113100000000001,29.97002997002997,111,2,traffic_signs,0.6335081458091736,2208.330810546875,1278.03515625,2251.53662109375,1320.1514892578125,2229.9337158203125,1299.0933227539062,43.205810546875,42.1163330078125
IMG_0050.mp4,393,13.113100000000001,29.97002997002997,143,2,traffic_signs,0.6447128057479858,1633.9129638671875,1231.586669921875,1668.8780517578125,1261.78955078125,1651.3955078125,1246.6881103515625,34.965087890625,30.202880859375
IMG_0050.mp4,393,13.113100000000001,29.97002997002997,18,0,auth_label,0.9688679575920105,870.2405395507812,807.0454711914062,1443.7462158203125,1441.078369140625,1156.9933776855469,1124.0619201660156,573.5056762695312,634.0328979492188
IMG_0050.mp4,394,13.146466666666667,29.97002997002997,111,2,traffic_signs,0.837163507938385,2219.4560546875,1278.373046875,2263.736083984375,1320.392333984375,2241.5960693359375,1299.3826904296875,44.280029296875,42.019287109375
IMG_0050.mp4,394,13.146466666666667,29.97002997002997,143,2,traffic_signs,0.4700670540332794,1643.10009765625,1232.1112060546875,1677.1265869140625,1263.323974609375,1660.1133422851562,1247.7175903320312,34.0264892578125,31.2127685546875
IMG_0050.mp4,394,13.146466666666667,29.97002997002997,18,0,auth_label,0.9767076373100281,868.1464233398438,801.6510009765625,1446.6175537109375,1439.3629150390625,1157.3819885253906,1120.5069580078125,578.4711303710938,637.7119140625
IMG_0050.mp4,394,13.146466666666667,29.97002997002997,122,2,traffic_signs,0.4415867030620575,2018.8275146484375,1317.7708740234375,2050.84130859375,1375.77294921875,2034.8344116210938,1346.7719116210938,32.0137939453125,58.0020751953125
IMG_0050.mp4,395,13.179833333333333,29.97002997002997,111,2,traffic_signs,0.839779794216156,2229.368896484375,1276.5455322265625,2273.691650390625,1320.2767333984375,2251.5302734375,1298.4111328125,44.32275390625,43.731201171875
IMG_0050.mp4,395,13.179833333333333,29.97002997002997,143,2,traffic_signs,0.5809107422828674,1649.9603271484375,1230.687744140625,1684.0235595703125,1265.16064453125,1666.991943359375,1247.9241943359375,34.063232421875,34.472900390625
IMG_0050.mp4,395,13.179833333333333,29.97002997002997,18,0,auth_label,0.9842560887336731,869.8345947265625,800.7593383789062,1450.1451416015625,1438.6864013671875,1159.9898681640625,1119.7228698730469,580.310546875,637.9270629882812
IMG_0050.mp4,395,13.179833333333333,29.97002997002997,122,2,traffic_signs,0.3971532881259918,2027.38525390625,1316.19140625,2060.399169921875,1374.728759765625,2043.8922119140625,1345.4600830078125,33.013916015625,58.537353515625
IMG_0050.mp4,395,13.179833333333333,29.97002997002997,157,2,traffic_signs,0.7892078161239624,2037.89111328125,1199.00927734375,2097.793701171875,1293.0399169921875,2067.8424072265625,1246.0245971679688,59.902587890625,94.0306396484375
IMG_0050.mp4,396,13.2132,29.97002997002997,111,2,traffic_signs,0.8277600407600403,2241.365966796875,1278.294677734375,2284.90478515625,1320.364013671875,2263.1353759765625,1299.329345703125,43.538818359375,42.0693359375
IMG_0050.mp4,396,13.2132,29.97002997002997,143,2,traffic_signs,0.6908864378929138,1657.84033203125,1230.893798828125,1691.2498779296875,1265.9853515625,1674.5451049804688,1248.4395751953125,33.4095458984375,35.091552734375
IMG_0050.mp4,396,13.2132,29.97002997002997,18,0,auth_label,0.9836665391921997,867.772216796875,798.0182495117188,1454.508056640625,1437.8609619140625,1161.14013671875,1117.9396057128906,586.73583984375,639.8427124023438
IMG_0050.mp4,396,13.2132,29.97002997002997,157,2,traffic_signs,0.6618505120277405,2044.934814453125,1197.025390625,2094.020751953125,1292.7091064453125,2069.477783203125,1244.8672485351562,49.0859375,95.6837158203125
IMG_0050.mp4,397,13.246566666666666,29.97002997002997,111,2,traffic_signs,0.8152667880058289,2251.70654296875,1278.162841796875,2295.1962890625,1320.671875,2273.451416015625,1299.4173583984375,43.48974609375,42.509033203125
IMG_0050.mp4,397,13.246566666666666,29.97002997002997,143,2,traffic_signs,0.5240529179573059,1655.674072265625,1220.8514404296875,1696.1072998046875,1268.46533203125,1675.8906860351562,1244.6583862304688,40.4332275390625,47.6138916015625
IMG_0050.mp4,397,13.246566666666666,29.97002997002997,18,0,auth_label,0.9834275841712952,865.0343017578125,793.54248046875,1457.421630859375,1437.465087890625,1161.2279663085938,1115.5037841796875,592.3873291015625,643.922607421875
IMG_0050.mp4,397,13.246566666666666,29.97002997002997,157,2,traffic_signs,0.8038415908813477,2052.106201171875,1194.62548828125,2111.081298828125,1295.052978515625,2081.59375,1244.8392333984375,58.97509765625,100.427490234375
IMG_0050.mp4,397,13.246566666666666,29.97002997002997,122,2,traffic_signs,0.43643859028816223,2042.58056640625,1317.0902099609375,2075.453369140625,1386.7437744140625,2059.0169677734375,1351.9169921875,32.872802734375,69.653564453125
IMG_0050.mp4,398,13.279933333333334,29.97002997002997,111,2,traffic_signs,0.8040273785591125,2262.276611328125,1276.4368896484375,2306.849609375,1320.5047607421875,2284.5631103515625,1298.4708251953125,44.572998046875,44.06787109375
IMG_0050.mp4,398,13.279933333333334,29.97002997002997,143,2,traffic_signs,0.5146564245223999,1669.22314453125,1223.6912841796875,1704.5693359375,1266.29443359375,1686.896240234375,1244.9928588867188,35.34619140625,42.6031494140625
IMG_0050.mp4,398,13.279933333333334,29.97002997002997,18,0,auth_label,0.982417643070221,862.9260864257812,787.7499389648438,1458.7310791015625,1435.7916259765625,1160.8285827636719,1111.7707824707031,595.8049926757812,648.0416870117188
IMG_0050.mp4,398,13.279933333333334,29.97002997002997,157,2,traffic_signs,0.6477638483047485,2060.53271484375,1188.5823974609375,2119.277587890625,1292.618408203125,2089.9051513671875,1240.6004028320312,58.744873046875,104.0360107421875
IMG_0050.mp4,399,13.3133,29.97002997002997,111,2,traffic_signs,0.7611019611358643,2272.08642578125,1277.2879638671875,2316.244384765625,1321.081787109375,2294.1654052734375,1299.1848754882812,44.157958984375,43.7938232421875
IMG_0050.mp4,399,13.3133,29.97002997002997,18,0,auth_label,0.9829709529876709,858.25341796875,780.8345336914062,1459.3065185546875,1435.74365234375,1158.7799682617188,1108.2890930175781,601.0531005859375,654.9091186523438
IMG_0050.mp4,399,13.3133,29.97002997002997,157,2,traffic_signs,0.34199634194374084,2066.981689453125,1185.28955078125,2119.030029296875,1290.4844970703125,2093.005859375,1237.8870239257812,52.04833984375,105.1949462890625
IMG_0050.mp4,400,13.346666666666668,29.97002997002997,111,2,traffic_signs,0.6033333539962769,2284.08642578125,1277.5352783203125,2327.1357421875,1321.3392333984375,2305.611083984375,1299.437255859375,43.04931640625,43.803955078125
IMG_0050.mp4,400,13.346666666666668,29.97002997002997,18,0,auth_label,0.9813962578773499,857.2061767578125,774.958984375,1459.5020751953125,1434.886474609375,1158.3541259765625,1104.9227294921875,602.2958984375,659.927490234375
IMG_0050.mp4,400,13.346666666666668,29.97002997002997,143,2,traffic_signs,0.7420573234558105,1673.9439697265625,1211.0565185546875,1712.44873046875,1269.3797607421875,1693.1963500976562,1240.2181396484375,38.5047607421875,58.3232421875
IMG_0050.mp4,401,13.380033333333333,29.97002997002997,111,2,traffic_signs,0.8388633131980896,2294.184326171875,1275.756591796875,2337.488037109375,1320.2943115234375,2315.836181640625,1298.0254516601562,43.3037109375,44.5377197265625
IMG_0050.mp4,401,13.380033333333333,29.97002997002997,18,0,auth_label,0.980002760887146,854.9437866210938,766.2940673828125,1460.402587890625,1434.3314208984375,1157.6731872558594,1100.312744140625,605.4588012695312,668.037353515625
IMG_0050.mp4,401,13.380033333333333,29.97002997002997,143,2,traffic_signs,0.5558804869651794,1677.985595703125,1206.578857421875,1712.76025390625,1268.5928955078125,1695.3729248046875,1237.5858764648438,34.774658203125,62.0140380859375
IMG_0050.mp4,402,13.413400000000001,29.97002997002997,111,2,traffic_signs,0.8115182518959045,2304.1884765625,1275.3526611328125,2347.296630859375,1319.125244140625,2325.7425537109375,1297.2389526367188,43.108154296875,43.7725830078125
IMG_0050.mp4,402,13.413400000000001,29.97002997002997,18,0,auth_label,0.9723770022392273,849.4556274414062,757.1827392578125,1459.2291259765625,1433.7376708984375,1154.3423767089844,1095.460205078125,609.7734985351562,676.554931640625
IMG_0050.mp4,402,13.413400000000001,29.97002997002997,143,2,traffic_signs,0.5816534757614136,1683.5452880859375,1202.887451171875,1714.71435546875,1268.3544921875,1699.1298217773438,1235.6209716796875,31.1690673828125,65.467041015625
IMG_0050.mp4,402,13.413400000000001,29.97002997002997,157,2,traffic_signs,0.2744280993938446,2091.31591796875,1175.4066162109375,2145.016357421875,1289.379638671875,2118.1661376953125,1232.3931274414062,53.700439453125,113.9730224609375
IMG_0050.mp4,403,13.446766666666667,29.97002997002997,111,2,traffic_signs,0.8612334132194519,2313.2568359375,1276.3377685546875,2357.121337890625,1319.1240234375,2335.1890869140625,1297.7308959960938,43.864501953125,42.7862548828125
IMG_0050.mp4,403,13.446766666666667,29.97002997002997,18,0,auth_label,0.5947384238243103,846.656982421875,747.4522705078125,1457.358642578125,1435.9095458984375,1152.0078125,1091.680908203125,610.70166015625,688.457275390625
IMG_0050.mp4,403,13.446766666666667,29.97002997002997,143,2,traffic_signs,0.510365903377533,1689.073974609375,1203.1806640625,1720.679931640625,1267.2518310546875,1704.876953125,1235.2162475585938,31.60595703125,64.0711669921875
IMG_0050.mp4,404,13.480133333333333,29.97002997002997,111,2,traffic_signs,0.8280952572822571,2323.43701171875,1277.0677490234375,2364.56005859375,1319.759033203125,2343.99853515625,1298.4133911132812,41.123046875,42.6912841796875
IMG_0050.mp4,404,13.480133333333333,29.97002997002997,18,0,auth_label,0.3230898082256317,840.9791259765625,744.4258422851562,1458.2686767578125,1434.709228515625,1149.6239013671875,1089.5675354003906,617.28955078125,690.2833862304688
IMG_0050.mp4,405,13.5135,29.97002997002997,111,2,traffic_signs,0.6943163871765137,2333.105224609375,1277.3646240234375,2373.785888671875,1319.33544921875,2353.445556640625,1298.3500366210938,40.6806640625,41.9708251953125
IMG_0050.mp4,405,13.5135,29.97002997002997,18,0,auth_label,0.9506663680076599,835.7191772460938,739.7879638671875,1456.600341796875,1434.4033203125,1146.1597595214844,1087.0956420898438,620.8811645507812,694.6153564453125
IMG_0050.mp4,406,13.546866666666666,29.97002997002997,111,2,traffic_signs,0.8422000408172607,2342.871826171875,1277.87548828125,2383.035400390625,1320.62451171875,2362.95361328125,1299.25,40.16357421875,42.7490234375
IMG_0050.mp4,406,13.546866666666666,29.97002997002997,18,0,auth_label,0.9361945986747742,830.3020629882812,735.731201171875,1453.017822265625,1434.6275634765625,1141.6599426269531,1085.1793823242188,622.7157592773438,698.8963623046875
IMG_0050.mp4,407,13.580233333333334,29.97002997002997,111,2,traffic_signs,0.7952212691307068,2351.481689453125,1278.369140625,2393.61328125,1322.4576416015625,2372.5474853515625,1300.4133911132812,42.131591796875,44.0885009765625
IMG_0050.mp4,407,13.580233333333334,29.97002997002997,18,0,auth_label,0.9779416918754578,823.2074584960938,730.0269165039062,1452.613037109375,1437.014892578125,1137.9102478027344,1083.5209045410156,629.4055786132812,706.9879760742188
IMG_0050.mp4,408,13.6136,29.97002997002997,111,2,traffic_signs,0.7871507406234741,2360.503662109375,1279.080078125,2403.29345703125,1323.1466064453125,2381.8985595703125,1301.1133422851562,42.789794921875,44.0665283203125
IMG_0050.mp4,408,13.6136,29.97002997002997,18,0,auth_label,0.9723426103591919,815.4473266601562,726.0360107421875,1450.84716796875,1436.9132080078125,1133.1472473144531,1081.474609375,635.3998413085938,710.877197265625
IMG_0050.mp4,409,13.646966666666668,29.97002997002997,111,2,traffic_signs,0.8056674599647522,2368.734619140625,1278.96435546875,2411.559326171875,1323.0972900390625,2390.14697265625,1301.0308227539062,42.82470703125,44.1329345703125
IMG_0050.mp4,409,13.646966666666668,29.97002997002997,18,0,auth_label,0.9730797410011292,809.9838256835938,719.973876953125,1447.7142333984375,1437.2408447265625,1128.8490295410156,1078.6073608398438,637.7304077148438,717.2669677734375
IMG_0050.mp4,410,13.680333333333333,29.97002997002997,111,2,traffic_signs,0.8086851239204407,2375.779296875,1279.67138671875,2418.826416015625,1324.2623291015625,2397.3028564453125,1301.9668579101562,43.047119140625,44.5909423828125
IMG_0050.mp4,410,13.680333333333333,29.97002997002997,18,0,auth_label,0.9710162878036499,801.1176147460938,713.46044921875,1440.4263916015625,1438.7734375,1120.7720031738281,1076.116943359375,639.3087768554688,725.31298828125
IMG_0050.mp4,410,13.680333333333333,29.97002997002997,164,2,traffic_signs,0.520405650138855,1759.972412109375,1229.4622802734375,1789.5750732421875,1267.689453125,1774.7737426757812,1248.5758666992188,29.6026611328125,38.2271728515625
IMG_0050.mp4,411,13.713700000000001,29.97002997002997,111,2,traffic_signs,0.8522290587425232,2383.005859375,1280.5927734375,2426.455810546875,1327.0980224609375,2404.7308349609375,1303.8453979492188,43.449951171875,46.5052490234375
IMG_0050.mp4,411,13.713700000000001,29.97002997002997,18,0,auth_label,0.976491391658783,799.0159912109375,706.4859008789062,1435.3876953125,1439.953857421875,1117.2018432617188,1073.2198791503906,636.3717041015625,733.4679565429688
IMG_0050.mp4,411,13.713700000000001,29.97002997002997,164,2,traffic_signs,0.7103554606437683,1762.6051025390625,1230.8094482421875,1794.520263671875,1268.933349609375,1778.5626831054688,1249.8713989257812,31.9151611328125,38.1239013671875
IMG_0050.mp4,412,13.747066666666667,29.97002997002997,111,2,traffic_signs,0.8056591749191284,2390.142822265625,1281.6427001953125,2433.111328125,1326.924560546875,2411.6270751953125,1304.2836303710938,42.968505859375,45.2818603515625
IMG_0050.mp4,412,13.747066666666667,29.97002997002997,18,0,auth_label,0.9693446755409241,793.4363403320312,698.5243530273438,1425.0633544921875,1443.205078125,1109.2498474121094,1070.8647155761719,631.6270141601562,744.6807250976562
IMG_0050.mp4,413,13.780433333333333,29.97002997002997,111,2,traffic_signs,0.7871280908584595,2397.1435546875,1281.5032958984375,2440.1904296875,1327.3751220703125,2418.6669921875,1304.439208984375,43.046875,45.871826171875
IMG_0050.mp4,413,13.780433333333333,29.97002997002997,18,0,auth_label,0.9804304242134094,779.6837768554688,687.8702392578125,1419.902099609375,1445.5062255859375,1099.7929382324219,1066.688232421875,640.2183227539062,757.635986328125
IMG_0050.mp4,414,13.8138,29.97002997002997,111,2,traffic_signs,0.5515152215957642,2403.341796875,1280.876708984375,2446.5068359375,1327.281982421875,2424.92431640625,1304.079345703125,43.1650390625,46.4052734375
IMG_0050.mp4,414,13.8138,29.97002997002997,18,0,auth_label,0.9773998856544495,766.3062133789062,677.7344970703125,1412.3345947265625,1446.1123046875,1089.3204040527344,1061.9234008789062,646.0283813476562,768.3778076171875
IMG_0050.mp4,415,13.847166666666666,29.97002997002997,111,2,traffic_signs,0.6810731887817383,2410.031005859375,1280.846923828125,2453.555419921875,1327.6380615234375,2431.793212890625,1304.2424926757812,43.5244140625,46.7911376953125
IMG_0050.mp4,415,13.847166666666666,29.97002997002997,18,0,auth_label,0.9777815341949463,755.2057495117188,669.2635498046875,1406.959228515625,1444.6102294921875,1081.0824890136719,1056.9368896484375,651.7534790039062,775.3466796875
IMG_0050.mp4,415,13.847166666666666,29.97002997002997,164,2,traffic_signs,0.4221768379211426,1780.393798828125,1228.03271484375,1810.17822265625,1268.167236328125,1795.2860107421875,1248.0999755859375,29.784423828125,40.134521484375
IMG_0050.mp4,416,13.880533333333334,29.97002997002997,111,2,traffic_signs,0.7506177425384521,2417.712158203125,1281.2767333984375,2460.4638671875,1327.8577880859375,2439.0880126953125,1304.5672607421875,42.751708984375,46.5810546875
IMG_0050.mp4,416,13.880533333333334,29.97002997002997,18,0,auth_label,0.8920233249664307,740.1171875,659.2117309570312,1399.0869140625,1438.833740234375,1069.60205078125,1049.0227355957031,658.9697265625,779.6220092773438
IMG_0050.mp4,417,13.9139,29.97002997002997,111,2,traffic_signs,0.7086402177810669,2422.723388671875,1280.34423828125,2466.295166015625,1327.5841064453125,2444.50927734375,1303.9641723632812,43.57177734375,47.2398681640625
IMG_0050.mp4,417,13.9139,29.97002997002997,18,0,auth_label,0.4387708902359009,728.5684204101562,648.385009765625,1388.77734375,1436.3829345703125,1058.6728820800781,1042.3839721679688,660.2089233398438,787.9979248046875
IMG_0050.mp4,418,13.947266666666668,29.97002997002997,111,2,traffic_signs,0.7447217702865601,2430.084228515625,1280.355712890625,2472.1904296875,1327.2197265625,2451.1373291015625,1303.7877197265625,42.106201171875,46.864013671875
IMG_0050.mp4,418,13.947266666666668,29.97002997002997,18,0,auth_label,0.263656884431839,711.2412109375,638.4515991210938,1378.8724365234375,1433.8681640625,1045.0568237304688,1036.1598815917969,667.6312255859375,795.4165649414062
IMG_0050.mp4,419,13.980633333333333,29.97002997002997,111,2,traffic_signs,0.6263665556907654,2436.40185546875,1279.916015625,2478.901611328125,1326.242919921875,2457.6517333984375,1303.0794677734375,42.499755859375,46.326904296875
IMG_0050.mp4,419,13.980633333333333,29.97002997002997,18,0,auth_label,0.6907269358634949,697.448486328125,629.4967651367188,1369.5946044921875,1435.4425048828125,1033.5215454101562,1032.4696350097656,672.1461181640625,805.9457397460938
IMG_0050.mp4,420,14.014000000000001,29.97002997002997,111,2,traffic_signs,0.5886032581329346,2442.465576171875,1279.768798828125,2483.48486328125,1325.791748046875,2462.9752197265625,1302.7802734375,41.019287109375,46.02294921875
IMG_0050.mp4,420,14.014000000000001,29.97002997002997,18,0,auth_label,0.8153499960899353,681.8577270507812,618.9252319335938,1359.53759765625,1436.6903076171875,1020.6976623535156,1027.8077697753906,677.6798706054688,817.7650756835938
IMG_0050.mp4,420,14.014000000000001,29.97002997002997,171,2,traffic_signs,0.36809042096138,2177.596435546875,1128.6885986328125,2230.634765625,1473.9298095703125,2204.1156005859375,1301.3092041015625,53.038330078125,345.2412109375
IMG_0050.mp4,421,14.047366666666667,29.97002997002997,111,2,traffic_signs,0.6776850819587708,2448.0146484375,1279.0833740234375,2490.59521484375,1326.36767578125,2469.304931640625,1302.7255249023438,42.58056640625,47.2843017578125
IMG_0050.mp4,421,14.047366666666667,29.97002997002997,18,0,auth_label,0.8010757565498352,664.8359985351562,608.7072143554688,1352.8577880859375,1436.060791015625,1008.8468933105469,1022.3840026855469,688.0217895507812,827.3535766601562
IMG_0050.mp4,421,14.047366666666667,29.97002997002997,164,2,traffic_signs,0.38369664549827576,1800.603759765625,1228.416015625,1830.6795654296875,1265.2503662109375,1815.6416625976562,1246.8331909179688,30.0758056640625,36.8343505859375
IMG_0050.mp4,422,14.080733333333333,29.97002997002997,111,2,traffic_signs,0.7081791162490845,2453.20947265625,1278.461669921875,2495.689697265625,1326.8924560546875,2474.4495849609375,1302.6770629882812,42.480224609375,48.4307861328125
IMG_0050.mp4,422,14.080733333333333,29.97002997002997,18,0,auth_label,0.8675200939178467,639.948974609375,594.5364990234375,1340.3836669921875,1431.0927734375,990.1663208007812,1012.8146362304688,700.4346923828125,836.5562744140625
IMG_0050.mp4,422,14.080733333333333,29.97002997002997,164,2,traffic_signs,0.6810476779937744,1802.428466796875,1228.677490234375,1833.5533447265625,1265.13916015625,1817.9909057617188,1246.9083251953125,31.1248779296875,36.461669921875
IMG_0050.mp4,423,14.1141,29.97002997002997,111,2,traffic_signs,0.7045831084251404,2459.387451171875,1278.32421875,2502.35546875,1326.7911376953125,2480.8714599609375,1302.5576782226562,42.968017578125,48.4669189453125
IMG_0050.mp4,423,14.1141,29.97002997002997,18,0,auth_label,0.9319626688957214,622.2840576171875,586.9705810546875,1329.20751953125,1430.4964599609375,975.7457885742188,1008.7335205078125,706.9234619140625,843.52587890625
IMG_0050.mp4,423,14.1141,29.97002997002997,164,2,traffic_signs,0.5293914675712585,1806.02490234375,1229.2098388671875,1837.71484375,1265.786865234375,1821.869873046875,1247.4983520507812,31.68994140625,36.5770263671875
IMG_0050.mp4,423,14.1141,29.97002997002997,174,2,traffic_signs,0.6137388348579407,1768.3575439453125,1188.018310546875,1789.671630859375,1238.5362548828125,1779.0145874023438,1213.2772827148438,21.3140869140625,50.5179443359375
IMG_0050.mp4,424,14.147466666666666,29.97002997002997,111,2,traffic_signs,0.5999279022216797,2464.51611328125,1277.1021728515625,2506.890380859375,1325.129150390625,2485.7032470703125,1301.1156616210938,42.374267578125,48.0269775390625
IMG_0050.mp4,424,14.147466666666666,29.97002997002997,18,0,auth_label,0.8984683156013489,604.4519653320312,578.7418823242188,1309.035400390625,1426.505859375,956.7436828613281,1002.6238708496094,704.5834350585938,847.7639770507812
IMG_0050.mp4,424,14.147466666666666,29.97002997002997,164,2,traffic_signs,0.5600073337554932,1807.431640625,1227.2960205078125,1839.098388671875,1264.5537109375,1823.2650146484375,1245.9248657226562,31.666748046875,37.2576904296875
IMG_0050.mp4,424,14.147466666666666,29.97002997002997,174,2,traffic_signs,0.6907559037208557,1769.341796875,1187.2034912109375,1791.5150146484375,1241.9605712890625,1780.4284057617188,1214.58203125,22.1732177734375,54.757080078125
IMG_0050.mp4,425,14.180833333333334,29.97002997002997,111,2,traffic_signs,0.6649925112724304,2469.635986328125,1275.816162109375,2513.288818359375,1324.309326171875,2491.46240234375,1300.062744140625,43.65283203125,48.4931640625
IMG_0050.mp4,425,14.180833333333334,29.97002997002997,164,2,traffic_signs,0.4593307077884674,1810.7882080078125,1226.2552490234375,1840.6717529296875,1263.8587646484375,1825.72998046875,1245.0570068359375,29.883544921875,37.603515625
IMG_0050.mp4,425,14.180833333333334,29.97002997002997,174,2,traffic_signs,0.716010570526123,1769.77880859375,1186.4476318359375,1793.3094482421875,1246.8499755859375,1781.5441284179688,1216.6488037109375,23.5306396484375,60.40234375
IMG_0050.mp4,426,14.2142,29.97002997002997,111,2,traffic_signs,0.2762540578842163,2473.9453125,1274.9776611328125,2517.708984375,1323.304443359375,2495.8271484375,1299.1410522460938,43.763671875,48.3267822265625
IMG_0050.mp4,426,14.2142,29.97002997002997,164,2,traffic_signs,0.6758032441139221,1810.9854736328125,1225.2685546875,1840.671142578125,1262.9647216796875,1825.8283081054688,1244.1166381835938,29.6856689453125,37.6961669921875
IMG_0050.mp4,426,14.2142,29.97002997002997,174,2,traffic_signs,0.762561023235321,1768.0118408203125,1186.308837890625,1793.466552734375,1255.876708984375,1780.7391967773438,1221.0927734375,25.4547119140625,69.56787109375
IMG_0050.mp4,426,14.2142,29.97002997002997,18,0,auth_label,0.8129485249519348,562.9554443359375,562.8853149414062,1270.0238037109375,1425.130859375,916.4896240234375,994.0080871582031,707.068359375,862.2455444335938
IMG_0050.mp4,427,14.247566666666668,29.97002997002997,111,2,traffic_signs,0.7192016839981079,2476.64697265625,1274.442626953125,2520.685791015625,1323.29296875,2498.6663818359375,1298.8677978515625,44.038818359375,48.850341796875
IMG_0050.mp4,427,14.247566666666668,29.97002997002997,164,2,traffic_signs,0.526228666305542,1811.5626220703125,1224.8604736328125,1841.429443359375,1262.6092529296875,1826.4960327148438,1243.73486328125,29.8668212890625,37.748779296875
IMG_0050.mp4,427,14.247566666666668,29.97002997002997,174,2,traffic_signs,0.7561523914337158,1768.4752197265625,1186.225341796875,1794.02001953125,1260.2388916015625,1781.2476196289062,1223.2321166992188,25.5447998046875,74.0135498046875
IMG_0050.mp4,428,14.280933333333333,29.97002997002997,111,2,traffic_signs,0.7918034195899963,2481.86181640625,1274.445068359375,2525.867431640625,1323.72265625,2503.8646240234375,1299.0838623046875,44.005615234375,49.277587890625
IMG_0050.mp4,428,14.280933333333333,29.97002997002997,164,2,traffic_signs,0.6496615409851074,1813.701171875,1224.27197265625,1843.889892578125,1262.1890869140625,1828.7955322265625,1243.2305297851562,30.188720703125,37.9171142578125
IMG_0050.mp4,428,14.280933333333333,29.97002997002997,174,2,traffic_signs,0.8023161888122559,1769.367919921875,1185.6177978515625,1795.104736328125,1261.85205078125,1782.236328125,1223.7349243164062,25.73681640625,76.2342529296875
IMG_0050.mp4,428,14.280933333333333,29.97002997002997,176,2,traffic_signs,0.5363792777061462,1969.745361328125,1099.4051513671875,2035.5509033203125,1244.793701171875,2002.6481323242188,1172.0994262695312,65.8055419921875,145.3885498046875
IMG_0050.mp4,429,14.314300000000001,29.97002997002997,111,2,traffic_signs,0.7803184390068054,2484.697265625,1273.0247802734375,2529.521728515625,1323.13134765625,2507.1094970703125,1298.0780639648438,44.824462890625,50.1065673828125
IMG_0050.mp4,429,14.314300000000001,29.97002997002997,164,2,traffic_signs,0.6681507229804993,1813.912109375,1222.0335693359375,1844.5789794921875,1260.9041748046875,1829.2455444335938,1241.4688720703125,30.6668701171875,38.87060546875
IMG_0050.mp4,429,14.314300000000001,29.97002997002997,174,2,traffic_signs,0.7819998860359192,1768.1893310546875,1184.3973388671875,1794.6607666015625,1264.608154296875,1781.425048828125,1224.5027465820312,26.471435546875,80.2108154296875
IMG_0050.mp4,429,14.314300000000001,29.97002997002997,176,2,traffic_signs,0.25309017300605774,1969.0723876953125,1092.3797607421875,2034.5477294921875,1243.246337890625,2001.81005859375,1167.8130493164062,65.475341796875,150.8665771484375
IMG_0050.mp4,430,14.347666666666667,29.97002997002997,111,2,traffic_signs,0.8249056339263916,2487.81689453125,1272.6180419921875,2533.704833984375,1322.128173828125,2510.7608642578125,1297.3731079101562,45.887939453125,49.5101318359375
IMG_0050.mp4,430,14.347666666666667,29.97002997002997,164,2,traffic_signs,0.7543564438819885,1812.9600830078125,1220.773193359375,1844.5709228515625,1259.4691162109375,1828.7655029296875,1240.1211547851562,31.61083984375,38.6959228515625
IMG_0050.mp4,430,14.347666666666667,29.97002997002997,174,2,traffic_signs,0.7576905488967896,1765.94482421875,1183.8599853515625,1792.9298095703125,1265.3406982421875,1779.4373168945312,1224.600341796875,26.9849853515625,81.480712890625
IMG_0050.mp4,430,14.347666666666667,29.97002997002997,176,2,traffic_signs,0.46030759811401367,1966.2490234375,1084.4102783203125,2033.210693359375,1243.966064453125,1999.7298583984375,1164.1881713867188,66.961669921875,159.5557861328125
IMG_0050.mp4,431,14.381033333333333,29.97002997002997,111,2,traffic_signs,0.8279925584793091,2490.823486328125,1271.86083984375,2537.928955078125,1321.7794189453125,2514.376220703125,1296.8201293945312,47.10546875,49.9185791015625
IMG_0050.mp4,431,14.381033333333333,29.97002997002997,164,2,traffic_signs,0.7808720469474792,1812.7586669921875,1220.3563232421875,1844.782470703125,1258.6341552734375,1828.7705688476562,1239.4952392578125,32.0238037109375,38.27783203125
IMG_0050.mp4,431,14.381033333333333,29.97002997002997,174,2,traffic_signs,0.7152299880981445,1761.4400634765625,1181.9857177734375,1790.2860107421875,1270.1436767578125,1775.863037109375,1226.064697265625,28.845947265625,88.157958984375
IMG_0050.mp4,431,14.381033333333333,29.97002997002997,176,2,traffic_signs,0.5095597505569458,1960.5496826171875,1067.6258544921875,2033.3123779296875,1244.9305419921875,1996.9310302734375,1156.2781982421875,72.7626953125,177.3046875
IMG_0050.mp4,432,14.4144,29.97002997002997,111,2,traffic_signs,0.424921452999115,2493.4345703125,1270.835693359375,2541.10009765625,1320.70458984375,2517.267333984375,1295.7701416015625,47.66552734375,49.868896484375
IMG_0050.mp4,432,14.4144,29.97002997002997,164,2,traffic_signs,0.7925609946250916,1813.0819091796875,1219.438720703125,1844.69287109375,1257.4375,1828.8873901367188,1238.4381103515625,31.6109619140625,37.998779296875
IMG_0050.mp4,432,14.4144,29.97002997002997,174,2,traffic_signs,0.7916183471679688,1760.2841796875,1179.5057373046875,1788.380126953125,1271.104736328125,1774.3321533203125,1225.3052368164062,28.095947265625,91.5989990234375
IMG_0050.mp4,432,14.4144,29.97002997002997,176,2,traffic_signs,0.40207889676094055,1956.703857421875,1065.3897705078125,2033.713134765625,1241.007080078125,1995.20849609375,1153.1984252929688,77.00927734375,175.6173095703125
IMG_0050.mp4,432,14.4144,29.97002997002997,179,2,traffic_signs,0.6114374995231628,2110.353759765625,1068.173583984375,2218.91552734375,1227.3731689453125,2164.6346435546875,1147.7733764648438,108.561767578125,159.1995849609375
IMG_0050.mp4,433,14.447766666666666,29.97002997002997,111,2,traffic_signs,0.8422737717628479,2496.031494140625,1269.97265625,2544.682861328125,1320.3243408203125,2520.357177734375,1295.1484985351562,48.6513671875,50.3516845703125
IMG_0050.mp4,433,14.447766666666666,29.97002997002997,164,2,traffic_signs,0.7916055917739868,1814.1661376953125,1217.814697265625,1844.987060546875,1255.3372802734375,1829.5765991210938,1236.5759887695312,30.8209228515625,37.5225830078125
IMG_0050.mp4,433,14.447766666666666,29.97002997002997,174,2,traffic_signs,0.7287111282348633,1760.3817138671875,1176.3070068359375,1788.5760498046875,1270.7100830078125,1774.4788818359375,1223.508544921875,28.1943359375,94.403076171875
IMG_0050.mp4,433,14.447766666666666,29.97002997002997,176,2,traffic_signs,0.7609217166900635,1952.3135986328125,1065.8082275390625,2036.215576171875,1239.11767578125,1994.2645874023438,1152.4629516601562,83.9019775390625,173.3094482421875
IMG_0050.mp4,433,14.447766666666666,29.97002997002997,179,2,traffic_signs,0.5657697319984436,2103.8046875,1062.7579345703125,2215.323486328125,1237.6995849609375,2159.5640869140625,1150.228759765625,111.518798828125,174.941650390625
IMG_0050.mp4,434,14.481133333333334,29.97002997002997,111,2,traffic_signs,0.8276028633117676,2498.916259765625,1269.1328125,2548.27490234375,1319.576171875,2523.5955810546875,1294.3544921875,49.358642578125,50.443359375
IMG_0050.mp4,434,14.481133333333334,29.97002997002997,164,2,traffic_signs,0.7981354594230652,1813.4288330078125,1217.1676025390625,1843.67431640625,1254.862060546875,1828.5515747070312,1236.0148315429688,30.2454833984375,37.6944580078125
IMG_0050.mp4,434,14.481133333333334,29.97002997002997,174,2,traffic_signs,0.6989663243293762,1759.57861328125,1171.6787109375,1786.662353515625,1269.76025390625,1773.1204833984375,1220.719482421875,27.083740234375,98.08154296875
IMG_0050.mp4,434,14.481133333333334,29.97002997002997,176,2,traffic_signs,0.6036847829818726,1946.8912353515625,1071.2672119140625,2031.7799072265625,1235.438720703125,1989.3355712890625,1153.3529663085938,84.888671875,164.1715087890625
IMG_0050.mp4,434,14.481133333333334,29.97002997002997,179,2,traffic_signs,0.5201310515403748,2098.673095703125,1056.8265380859375,2209.450927734375,1266.9937744140625,2154.06201171875,1161.91015625,110.77783203125,210.167236328125
IMG_0050.mp4,434,14.481133333333334,29.97002997002997,184,2,traffic_signs,0.39324742555618286,2017.5401611328125,1296.646484375,2042.5877685546875,1321.8414306640625,2030.06396484375,1309.2439575195312,25.047607421875,25.1949462890625
IMG_0050.mp4,435,14.5145,29.97002997002997,111,2,traffic_signs,0.7663636207580566,2502.650634765625,1267.5750732421875,2552.199462890625,1317.8258056640625,2527.425048828125,1292.700439453125,49.548828125,50.250732421875
IMG_0050.mp4,435,14.5145,29.97002997002997,164,2,traffic_signs,0.8079920411109924,1812.699951171875,1214.801025390625,1842.9698486328125,1253.9124755859375,1827.8348999023438,1234.3567504882812,30.2698974609375,39.1114501953125
IMG_0050.mp4,435,14.5145,29.97002997002997,174,2,traffic_signs,0.7221128940582275,1756.619384765625,1168.178466796875,1785.67041015625,1270.2227783203125,1771.1448974609375,1219.2006225585938,29.051025390625,102.0443115234375
IMG_0050.mp4,435,14.5145,29.97002997002997,184,2,traffic_signs,0.45233842730522156,2016.8023681640625,1295.6201171875,2044.25830078125,1321.23974609375,2030.5303344726562,1308.429931640625,27.4559326171875,25.61962890625
IMG_0050.mp4,436,14.547866666666668,29.97002997002997,111,2,traffic_signs,0.784699559211731,2505.194091796875,1266.1932373046875,2554.788818359375,1316.134521484375,2529.991455078125,1291.1638793945312,49.5947265625,49.9412841796875
IMG_0050.mp4,436,14.547866666666668,29.97002997002997,164,2,traffic_signs,0.8230346441268921,1812.2508544921875,1213.0814208984375,1842.535400390625,1252.39794921875,1827.3931274414062,1232.7396850585938,30.2845458984375,39.3165283203125
IMG_0050.mp4,436,14.547866666666668,29.97002997002997,174,2,traffic_signs,0.8125043511390686,1751.47509765625,1164.66650390625,1784.958251953125,1265.91796875,1768.2166748046875,1215.292236328125,33.483154296875,101.25146484375
IMG_0050.mp4,436,14.547866666666668,29.97002997002997,184,2,traffic_signs,0.37152624130249023,2019.6072998046875,1295.765380859375,2047.4012451171875,1319.6485595703125,2033.5042724609375,1307.7069702148438,27.7939453125,23.8831787109375
IMG_0050.mp4,436,14.547866666666668,29.97002997002997,179,2,traffic_signs,0.7628358006477356,2089.532470703125,1042.8660888671875,2189.43408203125,1255.23828125,2139.4832763671875,1149.0521850585938,99.901611328125,212.3721923828125
IMG_0050.mp4,437,14.581233333333333,29.97002997002997,111,2,traffic_signs,0.8233451843261719,2508.046630859375,1264.7574462890625,2557.2080078125,1314.1224365234375,2532.6273193359375,1289.43994140625,49.161376953125,49.364990234375
IMG_0050.mp4,437,14.581233333333333,29.97002997002997,164,2,traffic_signs,0.8170751333236694,1811.2762451171875,1210.960205078125,1841.7879638671875,1250.668212890625,1826.5321044921875,1230.814208984375,30.51171875,39.7080078125
IMG_0050.mp4,437,14.581233333333333,29.97002997002997,174,2,traffic_signs,0.5729517340660095,1750.8607177734375,1164.8250732421875,1783.6060791015625,1257.8389892578125,1767.2333984375,1211.33203125,32.745361328125,93.013916015625
IMG_0050.mp4,437,14.581233333333333,29.97002997002997,190,2,traffic_signs,0.8186055421829224,2186.172607421875,1292.5499267578125,2252.036376953125,1380.0001220703125,2219.1044921875,1336.2750244140625,65.86376953125,87.4501953125
IMG_0050.mp4,437,14.581233333333333,29.97002997002997,179,2,traffic_signs,0.8737018704414368,2081.843994140625,1033.3577880859375,2186.814453125,1261.0413818359375,2134.3292236328125,1147.1995849609375,104.970458984375,227.68359375
IMG_0050.mp4,438,14.614600000000001,29.97002997002997,111,2,traffic_signs,0.845613420009613,2510.273681640625,1262.7330322265625,2559.48828125,1312.5152587890625,2534.8809814453125,1287.6241455078125,49.214599609375,49.7822265625
IMG_0050.mp4,438,14.614600000000001,29.97002997002997,164,2,traffic_signs,0.8206841349601746,1810.412353515625,1208.3221435546875,1840.996337890625,1249.62890625,1825.704345703125,1228.9755249023438,30.583984375,41.3067626953125
IMG_0050.mp4,438,14.614600000000001,29.97002997002997,174,2,traffic_signs,0.8019594550132751,1749.457275390625,1164.5120849609375,1781.9320068359375,1256.7335205078125,1765.6946411132812,1210.622802734375,32.4747314453125,92.221435546875
IMG_0050.mp4,438,14.614600000000001,29.97002997002997,190,2,traffic_signs,0.8417608141899109,2183.629638671875,1291.1505126953125,2250.458984375,1378.0618896484375,2217.0443115234375,1334.606201171875,66.829345703125,86.911376953125
IMG_0050.mp4,438,14.614600000000001,29.97002997002997,179,2,traffic_signs,0.8941220045089722,2076.235595703125,1026.000732421875,2185.10693359375,1256.209716796875,2130.6712646484375,1141.105224609375,108.871337890625,230.208984375
IMG_0050.mp4,438,14.614600000000001,29.97002997002997,176,2,traffic_signs,0.48506370186805725,1925.73779296875,1073.90283203125,1996.106201171875,1198.72265625,1960.9219970703125,1136.312744140625,70.368408203125,124.81982421875
IMG_0050.mp4,439,14.647966666666667,29.97002997002997,111,2,traffic_signs,0.8730136156082153,2512.6044921875,1261.758544921875,2562.01708984375,1311.7044677734375,2537.310791015625,1286.7315063476562,49.41259765625,49.9459228515625
IMG_0050.mp4,439,14.647966666666667,29.97002997002997,164,2,traffic_signs,0.7846231460571289,1808.678466796875,1206.6187744140625,1839.9649658203125,1248.1959228515625,1824.3217163085938,1227.4073486328125,31.2864990234375,41.5771484375
IMG_0050.mp4,439,14.647966666666667,29.97002997002997,174,2,traffic_signs,0.8261383771896362,1747.0533447265625,1162.510009765625,1780.2327880859375,1257.6290283203125,1763.64306640625,1210.0695190429688,33.179443359375,95.1190185546875
IMG_0050.mp4,439,14.647966666666667,29.97002997002997,190,2,traffic_signs,0.9029995799064636,2181.273681640625,1290.8056640625,2248.8837890625,1375.3037109375,2215.0787353515625,1333.0546875,67.610107421875,84.498046875
IMG_0050.mp4,439,14.647966666666667,29.97002997002997,179,2,traffic_signs,0.9058940410614014,2068.337158203125,1020.2317504882812,2180.345458984375,1247.9976806640625,2124.34130859375,1134.1147155761719,112.00830078125,227.76593017578125
IMG_0050.mp4,439,14.647966666666667,29.97002997002997,176,2,traffic_signs,0.520759105682373,1918.932373046875,1072.413818359375,1991.2418212890625,1196.5875244140625,1955.0870971679688,1134.5006713867188,72.3094482421875,124.1737060546875
IMG_0050.mp4,440,14.681333333333333,29.97002997002997,111,2,traffic_signs,0.8640254735946655,2513.140869140625,1261.2655029296875,2563.264892578125,1311.7413330078125,2538.202880859375,1286.50341796875,50.1240234375,50.475830078125
IMG_0050.mp4,440,14.681333333333333,29.97002997002997,164,2,traffic_signs,0.7781520485877991,1805.8626708984375,1205.066650390625,1838.28759765625,1247.7510986328125,1822.0751342773438,1226.4088745117188,32.4249267578125,42.6844482421875
IMG_0050.mp4,440,14.681333333333333,29.97002997002997,174,2,traffic_signs,0.84925377368927,1743.236083984375,1162.007080078125,1777.9886474609375,1256.73486328125,1760.6123657226562,1209.3709716796875,34.7525634765625,94.727783203125
IMG_0050.mp4,440,14.681333333333333,29.97002997002997,190,2,traffic_signs,0.8986296653747559,2177.808349609375,1290.009765625,2246.42919921875,1372.456787109375,2212.1187744140625,1331.2332763671875,68.620849609375,82.447021484375
IMG_0050.mp4,440,14.681333333333333,29.97002997002997,179,2,traffic_signs,0.7443798780441284,2059.11474609375,1013.5126342773438,2175.734375,1236.975830078125,2117.424560546875,1125.2442321777344,116.61962890625,223.46319580078125
IMG_0050.mp4,440,14.681333333333333,29.97002997002997,176,2,traffic_signs,0.45762407779693604,1913.11474609375,1070.28955078125,1989.3843994140625,1192.6201171875,1951.2495727539062,1131.454833984375,76.2696533203125,122.33056640625
IMG_0050.mp4,441,14.7147,29.97002997002997,111,2,traffic_signs,0.8606337904930115,2515.509765625,1260.39306640625,2565.361328125,1311.5086669921875,2540.435546875,1285.9508666992188,49.8515625,51.1156005859375
IMG_0050.mp4,441,14.7147,29.97002997002997,164,2,traffic_signs,0.34498944878578186,1803.6788330078125,1203.6519775390625,1836.582275390625,1247.8873291015625,1820.1305541992188,1225.7696533203125,32.9034423828125,44.2353515625
IMG_0050.mp4,441,14.7147,29.97002997002997,174,2,traffic_signs,0.8427778482437134,1739.8702392578125,1159.557373046875,1777.0411376953125,1257.181884765625,1758.4556884765625,1208.36962890625,37.1708984375,97.62451171875
IMG_0050.mp4,441,14.7147,29.97002997002997,190,2,traffic_signs,0.7608317136764526,2175.14306640625,1288.9345703125,2243.058349609375,1373.990966796875,2209.1007080078125,1331.4627685546875,67.915283203125,85.056396484375
IMG_0050.mp4,441,14.7147,29.97002997002997,179,2,traffic_signs,0.8862466216087341,2050.047607421875,1009.541748046875,2172.4130859375,1220.3116455078125,2111.2303466796875,1114.9266967773438,122.365478515625,210.7698974609375
IMG_0050.mp4,441,14.7147,29.97002997002997,176,2,traffic_signs,0.6147155165672302,1915.2947998046875,1068.58251953125,1976.6536865234375,1166.1190185546875,1945.9742431640625,1117.3507690429688,61.35888671875,97.5364990234375
IMG_0050.mp4,442,14.748066666666666,29.97002997002997,111,2,traffic_signs,0.8266038298606873,2516.685546875,1259.264404296875,2565.81298828125,1310.455810546875,2541.249267578125,1284.860107421875,49.12744140625,51.19140625
IMG_0050.mp4,442,14.748066666666666,29.97002997002997,164,2,traffic_signs,0.7392910122871399,1802.8404541015625,1203.70458984375,1835.083740234375,1245.8336181640625,1818.9620971679688,1224.7691040039062,32.2432861328125,42.1290283203125
IMG_0050.mp4,442,14.748066666666666,29.97002997002997,174,2,traffic_signs,0.8816818594932556,1736.214111328125,1159.7471923828125,1773.117919921875,1256.128662109375,1754.666015625,1207.9379272460938,36.90380859375,96.3814697265625
IMG_0050.mp4,442,14.748066666666666,29.97002997002997,179,2,traffic_signs,0.7313575148582458,2045.1829833984375,1005.717529296875,2166.650146484375,1211.1182861328125,2105.9165649414062,1108.4179077148438,121.4671630859375,205.4007568359375
IMG_0050.mp4,442,14.748066666666666,29.97002997002997,176,2,traffic_signs,0.7371498346328735,1905.19970703125,1062.4962158203125,1967.642578125,1157.2056884765625,1936.421142578125,1109.8509521484375,62.44287109375,94.70947265625
IMG_0050.mp4,443,14.781433333333334,29.97002997002997,111,2,traffic_signs,0.8815610408782959,2517.775390625,1259.2088623046875,2567.06201171875,1309.9632568359375,2542.418701171875,1284.5860595703125,49.28662109375,50.75439453125
IMG_0050.mp4,443,14.781433333333334,29.97002997002997,164,2,traffic_signs,0.7181078195571899,1801.7861328125,1203.4783935546875,1833.4072265625,1244.547119140625,1817.5966796875,1224.0127563476562,31.62109375,41.0687255859375
IMG_0050.mp4,443,14.781433333333334,29.97002997002997,174,2,traffic_signs,0.8879454731941223,1733.0296630859375,1158.6236572265625,1768.809326171875,1255.65478515625,1750.9194946289062,1207.1392211914062,35.7796630859375,97.0311279296875
IMG_0050.mp4,443,14.781433333333334,29.97002997002997,179,2,traffic_signs,0.9470088481903076,2032.498046875,999.35888671875,2157.96923828125,1223.1968994140625,2095.233642578125,1111.2778930664062,125.47119140625,223.8380126953125
IMG_0050.mp4,444,14.8148,29.97002997002997,111,2,traffic_signs,0.8531832098960876,2518.28076171875,1258.937744140625,2568.373291015625,1310.0159912109375,2543.3270263671875,1284.4768676757812,50.092529296875,51.0782470703125
IMG_0050.mp4,444,14.8148,29.97002997002997,164,2,traffic_signs,0.7671595811843872,1799.7503662109375,1203.649658203125,1831.7412109375,1243.7945556640625,1815.7457885742188,1223.7221069335938,31.9908447265625,40.1448974609375
IMG_0050.mp4,444,14.8148,29.97002997002997,174,2,traffic_signs,0.8888170123100281,1729.4324951171875,1159.01611328125,1764.4573974609375,1254.4505615234375,1746.9449462890625,1206.7333374023438,35.02490234375,95.4344482421875
IMG_0050.mp4,444,14.8148,29.97002997002997,179,2,traffic_signs,0.9382741451263428,2020.2506103515625,991.0218505859375,2149.04296875,1226.5521240234375,2084.6467895507812,1108.7869873046875,128.7923583984375,235.5302734375
IMG_0050.mp4,444,14.8148,29.97002997002997,190,2,traffic_signs,0.33813977241516113,2167.103759765625,1287.2701416015625,2235.741943359375,1374.5145263671875,2201.4228515625,1330.892333984375,68.63818359375,87.244384765625
IMG_0050.mp4,445,14.848166666666668,29.97002997002997,111,2,traffic_signs,0.8630216121673584,2517.572998046875,1258.6944580078125,2568.78466796875,1310.194091796875,2543.1788330078125,1284.4442749023438,51.211669921875,51.4996337890625
IMG_0050.mp4,445,14.848166666666668,29.97002997002997,164,2,traffic_signs,0.7661632895469666,1792.4046630859375,1202.8431396484375,1828.186279296875,1243.9244384765625,1810.2954711914062,1223.3837890625,35.7816162109375,41.081298828125
IMG_0050.mp4,445,14.848166666666668,29.97002997002997,174,2,traffic_signs,0.8773117065429688,1725.3819580078125,1157.794921875,1759.681884765625,1254.2891845703125,1742.5319213867188,1206.0420532226562,34.2999267578125,96.4942626953125
IMG_0050.mp4,445,14.848166666666668,29.97002997002997,179,2,traffic_signs,0.9534837603569031,2009.5262451171875,979.8677978515625,2140.572998046875,1232.16455078125,2075.0496215820312,1106.0161743164062,131.0467529296875,252.2967529296875
IMG_0050.mp4,445,14.848166666666668,29.97002997002997,190,2,traffic_signs,0.5931566953659058,2163.69677734375,1286.8408203125,2231.431884765625,1372.911865234375,2197.5643310546875,1329.8763427734375,67.735107421875,86.071044921875
IMG_0050.mp4,446,14.881533333333334,29.97002997002997,111,2,traffic_signs,0.7822600603103638,2517.604248046875,1258.0556640625,2569.9228515625,1310.470703125,2543.7635498046875,1284.26318359375,52.318603515625,52.4150390625
IMG_0050.mp4,446,14.881533333333334,29.97002997002997,164,2,traffic_signs,0.7752475738525391,1788.7523193359375,1202.1148681640625,1826.270263671875,1244.449462890625,1807.5112915039062,1223.2821655273438,37.5179443359375,42.3345947265625
IMG_0050.mp4,446,14.881533333333334,29.97002997002997,174,2,traffic_signs,0.8541043400764465,1721.3521728515625,1157.23779296875,1757.3912353515625,1253.6248779296875,1739.3717041015625,1205.4313354492188,36.0390625,96.3870849609375
IMG_0050.mp4,446,14.881533333333334,29.97002997002997,179,2,traffic_signs,0.9279285073280334,1999.02880859375,974.4080200195312,2131.43701171875,1238.211669921875,2065.23291015625,1106.3098449707031,132.408203125,263.80364990234375
IMG_0050.mp4,447,14.9149,29.97002997002997,111,2,traffic_signs,0.8574107885360718,2518.116943359375,1256.9283447265625,2570.82763671875,1309.8023681640625,2544.4722900390625,1283.3653564453125,52.710693359375,52.8740234375
IMG_0050.mp4,447,14.9149,29.97002997002997,164,2,traffic_signs,0.7544221878051758,1787.205810546875,1202.5181884765625,1823.7933349609375,1244.0953369140625,1805.4995727539062,1223.3067626953125,36.5875244140625,41.5771484375
IMG_0050.mp4,447,14.9149,29.97002997002997,174,2,traffic_signs,0.5752816200256348,1718.2420654296875,1154.732177734375,1755.0863037109375,1252.2052001953125,1736.6641845703125,1203.4686889648438,36.84423828125,97.4730224609375
IMG_0050.mp4,447,14.9149,29.97002997002997,179,2,traffic_signs,0.8915941119194031,1991.757080078125,965.89306640625,2119.872802734375,1218.2882080078125,2055.81494140625,1092.0906372070312,128.11572265625,252.3951416015625
IMG_0050.mp4,447,14.9149,29.97002997002997,190,2,traffic_signs,0.47379133105278015,2157.647705078125,1284.2171630859375,2227.22265625,1451.847412109375,2192.4351806640625,1368.0322875976562,69.574951171875,167.6302490234375
IMG_0050.mp4,448,14.948266666666667,29.97002997002997,111,2,traffic_signs,0.856238067150116,2517.244873046875,1256.129150390625,2570.309814453125,1309.783935546875,2543.77734375,1282.95654296875,53.06494140625,53.65478515625
IMG_0050.mp4,448,14.948266666666667,29.97002997002997,164,2,traffic_signs,0.7712879776954651,1785.52099609375,1202.22412109375,1821.3173828125,1242.60498046875,1803.419189453125,1222.41455078125,35.79638671875,40.380859375
IMG_0050.mp4,448,14.948266666666667,29.97002997002997,174,2,traffic_signs,0.8809669017791748,1714.00439453125,1152.7587890625,1751.0155029296875,1250.2645263671875,1732.5099487304688,1201.5116577148438,37.0111083984375,97.5057373046875
IMG_0050.mp4,448,14.948266666666667,29.97002997002997,179,2,traffic_signs,0.6403347849845886,2000.7474365234375,967.1817016601562,2108.035888671875,1203.7030029296875,2054.3916625976562,1085.4423522949219,107.2884521484375,236.52130126953125
IMG_0050.mp4,448,14.948266666666667,29.97002997002997,190,2,traffic_signs,0.6456077694892883,2153.3994140625,1282.7598876953125,2221.992919921875,1467.3319091796875,2187.6961669921875,1375.0458984375,68.593505859375,184.572021484375
IMG_0050.mp4,448,14.948266666666667,29.97002997002997,184,2,traffic_signs,0.5093653798103333,2027.5731201171875,1293.6412353515625,2055.1513671875,1321.3360595703125,2041.3622436523438,1307.4886474609375,27.5782470703125,27.69482421875
IMG_0050.mp4,449,14.981633333333333,29.97002997002997,111,2,traffic_signs,0.890315592288971,2519.119140625,1255.4747314453125,2573.42431640625,1310.0045166015625,2546.271728515625,1282.7396240234375,54.30517578125,54.52978515625
IMG_0050.mp4,449,14.981633333333333,29.97002997002997,164,2,traffic_signs,0.7174773812294006,1786.0474853515625,1201.60986328125,1819.2493896484375,1242.8931884765625,1802.6484375,1222.2515258789062,33.201904296875,41.2833251953125
IMG_0050.mp4,449,14.981633333333333,29.97002997002997,174,2,traffic_signs,0.8654595017433167,1712.187744140625,1151.75830078125,1748.05419921875,1248.4013671875,1730.1209716796875,1200.079833984375,35.866455078125,96.64306640625
IMG_0050.mp4,449,14.981633333333333,29.97002997002997,190,2,traffic_signs,0.7014824748039246,2151.297119140625,1279.409423828125,2218.8271484375,1475.1390380859375,2185.0621337890625,1377.2742309570312,67.530029296875,195.7296142578125
IMG_0050.mp4,449,14.981633333333333,29.97002997002997,202,2,traffic_signs,0.7450414299964905,59.548336029052734,541.2800903320312,401.7890319824219,725.0418090820312,230.6686840057373,633.1609497070312,342.24069595336914,183.76171875
IMG_0050.mp4,449,14.981633333333333,29.97002997002997,184,2,traffic_signs,0.32343873381614685,2029.4864501953125,1293.6173095703125,2055.543212890625,1321.289306640625,2042.5148315429688,1307.4533081054688,26.0567626953125,27.6719970703125
IMG_0050.mp4,450,15.015,29.97002997002997,111,2,traffic_signs,0.892876148223877,2518.915771484375,1254.2952880859375,2573.6669921875,1309.39111328125,2546.2913818359375,1281.8432006835938,54.751220703125,55.0958251953125
IMG_0050.mp4,450,15.015,29.97002997002997,164,2,traffic_signs,0.38784947991371155,1785.155517578125,1199.590087890625,1816.244384765625,1239.657958984375,1800.699951171875,1219.6240234375,31.0888671875,40.06787109375
IMG_0050.mp4,450,15.015,29.97002997002997,174,2,traffic_signs,0.8579236268997192,1708.052490234375,1149.9359130859375,1743.8218994140625,1247.825439453125,1725.9371948242188,1198.8806762695312,35.7694091796875,97.8895263671875
IMG_0050.mp4,450,15.015,29.97002997002997,190,2,traffic_signs,0.8583843111991882,2147.492431640625,1278.1842041015625,2215.713134765625,1477.0516357421875,2181.602783203125,1377.617919921875,68.220703125,198.867431640625
IMG_0050.mp4,450,15.015,29.97002997002997,202,2,traffic_signs,0.8916711807250977,22.900798797607422,522.96826171875,350.6590576171875,711.0263061523438,186.77992820739746,616.9972839355469,327.7582588195801,188.05804443359375
IMG_0050.mp4,450,15.015,29.97002997002997,184,2,traffic_signs,0.46802860498428345,2029.141845703125,1292.974853515625,2055.681396484375,1320.27294921875,2042.41162109375,1306.6239013671875,26.53955078125,27.298095703125
IMG_0050.mp4,450,15.015,29.97002997002997,203,2,traffic_signs,0.6888712048530579,1810.3310546875,982.2916259765625,1902.33154296875,1260.6654052734375,1856.331298828125,1121.478515625,92.00048828125,278.373779296875
IMG_0050.mp4,450,15.015,29.97002997002997,179,2,traffic_signs,0.43033772706985474,1989.875732421875,952.2056884765625,2089.55126953125,1206.5321044921875,2039.7135009765625,1079.368896484375,99.675537109375,254.326416015625
IMG_0050.mp4,451,15.048366666666666,29.97002997002997,111,2,traffic_signs,0.8970810174942017,2519.642822265625,1253.0931396484375,2574.203125,1308.1953125,2546.9229736328125,1280.6442260742188,54.560302734375,55.1021728515625
IMG_0050.mp4,451,15.048366666666666,29.97002997002997,164,2,traffic_signs,0.5138519406318665,1781.9716796875,1199.314697265625,1812.667724609375,1238.8160400390625,1797.3197021484375,1219.0653686523438,30.696044921875,39.5013427734375
IMG_0050.mp4,451,15.048366666666666,29.97002997002997,174,2,traffic_signs,0.8709239363670349,1703.61865234375,1147.0780029296875,1740.166259765625,1246.860107421875,1721.8924560546875,1196.9690551757812,36.547607421875,99.7821044921875
IMG_0050.mp4,451,15.048366666666666,29.97002997002997,190,2,traffic_signs,0.8101562857627869,2145.003662109375,1276.240478515625,2213.771728515625,1477.6365966796875,2179.3876953125,1376.9385375976562,68.76806640625,201.3961181640625
IMG_0050.mp4,451,15.048366666666666,29.97002997002997,184,2,traffic_signs,0.5621506571769714,2029.4530029296875,1292.076904296875,2055.79736328125,1319.9478759765625,2042.6251831054688,1306.0123901367188,26.3443603515625,27.8709716796875
IMG_0050.mp4,451,15.048366666666666,29.97002997002997,203,2,traffic_signs,0.8198390007019043,1799.7230224609375,986.9866333007812,1895.6773681640625,1248.3568115234375,1847.7001953125,1117.6717224121094,95.954345703125,261.37017822265625
IMG_0050.mp4,452,15.081733333333334,29.97002997002997,111,2,traffic_signs,0.8938272595405579,2521.176025390625,1252.0245361328125,2575.762451171875,1307.424072265625,2548.46923828125,1279.7243041992188,54.58642578125,55.3995361328125
IMG_0050.mp4,452,15.081733333333334,29.97002997002997,164,2,traffic_signs,0.5079841613769531,1778.4320068359375,1198.154052734375,1807.7286376953125,1237.3154296875,1793.080322265625,1217.7347412109375,29.296630859375,39.161376953125
IMG_0050.mp4,452,15.081733333333334,29.97002997002997,174,2,traffic_signs,0.8922459483146667,1699.44384765625,1147.130126953125,1737.0762939453125,1245.81982421875,1718.2600708007812,1196.4749755859375,37.6324462890625,98.689697265625
IMG_0050.mp4,452,15.081733333333334,29.97002997002997,190,2,traffic_signs,0.4893898665904999,2142.51904296875,1272.7113037109375,2210.310791015625,1479.111572265625,2176.4149169921875,1375.9114379882812,67.791748046875,206.4002685546875
IMG_0050.mp4,452,15.081733333333334,29.97002997002997,184,2,traffic_signs,0.6721940636634827,2029.722412109375,1291.127685546875,2057.432373046875,1319.9613037109375,2043.577392578125,1305.5444946289062,27.7099609375,28.8336181640625
IMG_0050.mp4,452,15.081733333333334,29.97002997002997,203,2,traffic_signs,0.6986188888549805,1788.800537109375,986.3889770507812,1889.011962890625,1218.5660400390625,1838.90625,1102.4775085449219,100.21142578125,232.17706298828125
IMG_0050.mp4,453,15.1151,29.97002997002997,111,2,traffic_signs,0.8960095643997192,2520.841064453125,1251.4195556640625,2575.004150390625,1306.73046875,2547.922607421875,1279.0750122070312,54.1630859375,55.3109130859375
IMG_0050.mp4,453,15.1151,29.97002997002997,174,2,traffic_signs,0.9048348665237427,1693.2176513671875,1146.76904296875,1732.4654541015625,1245.060791015625,1712.841552734375,1195.9149169921875,39.247802734375,98.291748046875
IMG_0050.mp4,453,15.1151,29.97002997002997,190,2,traffic_signs,0.3748798668384552,2135.732177734375,1271.464111328125,2207.177490234375,1432.8167724609375,2171.454833984375,1352.1404418945312,71.4453125,161.3526611328125
IMG_0050.mp4,453,15.1151,29.97002997002997,184,2,traffic_signs,0.6922307014465332,2029.37548828125,1291.3790283203125,2056.365234375,1320.1123046875,2042.870361328125,1305.7456665039062,26.98974609375,28.7332763671875
IMG_0050.mp4,453,15.1151,29.97002997002997,203,2,traffic_signs,0.6820966601371765,1777.380126953125,971.1689453125,1875.722412109375,1221.9527587890625,1826.55126953125,1096.5608520507812,98.34228515625,250.7838134765625
IMG_0050.mp4,454,15.148466666666668,29.97002997002997,111,2,traffic_signs,0.8959264755249023,2522.330810546875,1251.5086669921875,2576.3505859375,1306.923095703125,2549.3406982421875,1279.2158813476562,54.019775390625,55.4144287109375
IMG_0050.mp4,454,15.148466666666668,29.97002997002997,174,2,traffic_signs,0.8948954939842224,1688.8406982421875,1146.5079345703125,1728.34228515625,1245.2767333984375,1708.5914916992188,1195.892333984375,39.5015869140625,98.768798828125
IMG_0050.mp4,454,15.148466666666668,29.97002997002997,190,2,traffic_signs,0.3534030318260193,2131.603759765625,1269.8182373046875,2205.4658203125,1409.9974365234375,2168.5347900390625,1339.9078369140625,73.862060546875,140.17919921875
IMG_0050.mp4,454,15.148466666666668,29.97002997002997,184,2,traffic_signs,0.5037669539451599,2029.36083984375,1292.5858154296875,2056.540771484375,1320.890625,2042.9508056640625,1306.7382202148438,27.179931640625,28.3048095703125
IMG_0050.mp4,454,15.148466666666668,29.97002997002997,203,2,traffic_signs,0.923041820526123,1761.1544189453125,949.7808837890625,1868.7724609375,1235.4964599609375,1814.9634399414062,1092.638671875,107.6180419921875,285.715576171875
IMG_0050.mp4,454,15.148466666666668,29.97002997002997,179,2,traffic_signs,0.6372902989387512,1904.4149169921875,920.017578125,2041.3211669921875,1161.51513671875,1972.8680419921875,1040.766357421875,136.90625,241.49755859375
IMG_0050.mp4,455,15.181833333333334,29.97002997002997,111,2,traffic_signs,0.8908936977386475,2521.510498046875,1252.3629150390625,2575.47705078125,1306.63671875,2548.4937744140625,1279.4998168945312,53.966552734375,54.2738037109375
IMG_0050.mp4,455,15.181833333333334,29.97002997002997,174,2,traffic_signs,0.9099718332290649,1682.7459716796875,1145.7095947265625,1723.3551025390625,1244.7955322265625,1703.050537109375,1195.2525634765625,40.609130859375,99.0859375
IMG_0050.mp4,455,15.181833333333334,29.97002997002997,184,2,traffic_signs,0.45487627387046814,2028.867431640625,1293.3775634765625,2056.180419921875,1321.1422119140625,2042.52392578125,1307.2598876953125,27.31298828125,27.7646484375
IMG_0050.mp4,455,15.181833333333334,29.97002997002997,203,2,traffic_signs,0.8588818311691284,1749.4383544921875,932.2498168945312,1853.9349365234375,1237.275146484375,1801.6866455078125,1084.7624816894531,104.49658203125,305.02532958984375
IMG_0050.mp4,455,15.181833333333334,29.97002997002997,179,2,traffic_signs,0.42031654715538025,1895.04931640625,901.645263671875,2026.2923583984375,1158.368896484375,1960.6708374023438,1030.007080078125,131.2430419921875,256.7236328125
IMG_0050.mp4,456,15.2152,29.97002997002997,111,2,traffic_signs,0.9038472175598145,2521.835693359375,1252.4307861328125,2576.234375,1306.982177734375,2549.0350341796875,1279.7064819335938,54.398681640625,54.5513916015625
IMG_0050.mp4,456,15.2152,29.97002997002997,174,2,traffic_signs,0.884726881980896,1678.30126953125,1147.7388916015625,1717.782958984375,1244.4898681640625,1698.0421142578125,1196.1143798828125,39.481689453125,96.7509765625
IMG_0050.mp4,456,15.2152,29.97002997002997,184,2,traffic_signs,0.6475059390068054,2028.452880859375,1293.925537109375,2055.8857421875,1322.2406005859375,2042.1693115234375,1308.0830688476562,27.432861328125,28.3150634765625
IMG_0050.mp4,456,15.2152,29.97002997002997,203,2,traffic_signs,0.26703011989593506,1734.2841796875,915.208251953125,1842.7225341796875,1214.8756103515625,1788.5033569335938,1065.0419311523438,108.4383544921875,299.6673583984375
IMG_0050.mp4,456,15.2152,29.97002997002997,179,2,traffic_signs,0.3070785403251648,1889.77392578125,893.33056640625,2012.2520751953125,1149.588134765625,1951.0130004882812,1021.4593505859375,122.4781494140625,256.257568359375
IMG_0050.mp4,456,15.2152,29.97002997002997,206,2,traffic_signs,0.5088932514190674,3082.6650390625,1335.7464599609375,3137.232421875,1392.2811279296875,3109.94873046875,1364.0137939453125,54.5673828125,56.53466796875
IMG_0050.mp4,456,15.2152,29.97002997002997,164,2,traffic_signs,0.35970455408096313,1764.2718505859375,1197.1727294921875,1798.45361328125,1238.8919677734375,1781.3627319335938,1218.0323486328125,34.1817626953125,41.71923828125
IMG_0050.mp4,456,15.2152,29.97002997002997,190,2,traffic_signs,0.3381790220737457,2120.369384765625,1267.754150390625,2198.1513671875,1471.484619140625,2159.2603759765625,1369.619384765625,77.781982421875,203.73046875
IMG_0050.mp4,457,15.248566666666667,29.97002997002997,111,2,traffic_signs,0.9090816974639893,2522.01025390625,1252.277587890625,2576.1494140625,1306.9390869140625,2549.079833984375,1279.6083374023438,54.13916015625,54.6614990234375
IMG_0050.mp4,457,15.248566666666667,29.97002997002997,174,2,traffic_signs,0.8901315927505493,1673.1253662109375,1145.5108642578125,1713.011962890625,1244.37744140625,1693.0686645507812,1194.9441528320312,39.8865966796875,98.8665771484375
IMG_0050.mp4,457,15.248566666666667,29.97002997002997,184,2,traffic_signs,0.5147922039031982,2027.794677734375,1293.818359375,2055.150390625,1321.9639892578125,2041.4725341796875,1307.8911743164062,27.355712890625,28.1456298828125
IMG_0050.mp4,457,15.248566666666667,29.97002997002997,203,2,traffic_signs,0.8602129220962524,1720.707763671875,915.1051635742188,1826.4459228515625,1195.532958984375,1773.5768432617188,1055.3190612792969,105.7381591796875,280.42779541015625
IMG_0050.mp4,457,15.248566666666667,29.97002997002997,179,2,traffic_signs,0.8880116939544678,1882.774658203125,882.3062133789062,1995.9415283203125,1134.413330078125,1939.3580932617188,1008.3597717285156,113.1668701171875,252.10711669921875
IMG_0050.mp4,457,15.248566666666667,29.97002997002997,164,2,traffic_signs,0.2849595248699188,1759.7281494140625,1196.4248046875,1795.751953125,1237.9791259765625,1777.7400512695312,1217.2019653320312,36.0238037109375,41.5543212890625
IMG_0050.mp4,458,15.281933333333333,29.97002997002997,111,2,traffic_signs,0.9074313044548035,2521.3037109375,1251.3489990234375,2575.835693359375,1306.5650634765625,2548.5697021484375,1278.95703125,54.531982421875,55.216064453125
IMG_0050.mp4,458,15.281933333333333,29.97002997002997,174,2,traffic_signs,0.8717320561408997,1667.8597412109375,1144.4271240234375,1709.4320068359375,1242.9217529296875,1688.6458740234375,1193.6744384765625,41.572265625,98.49462890625
IMG_0050.mp4,458,15.281933333333333,29.97002997002997,203,2,traffic_signs,0.6924490928649902,1709.40869140625,897.8406982421875,1818.26171875,1166.969970703125,1763.835205078125,1032.4053344726562,108.85302734375,269.1292724609375
IMG_0050.mp4,458,15.281933333333333,29.97002997002997,164,2,traffic_signs,0.4279898405075073,1755.3900146484375,1195.251953125,1792.902099609375,1237.0347900390625,1774.1460571289062,1216.1433715820312,37.5120849609375,41.7828369140625
IMG_0050.mp4,458,15.281933333333333,29.97002997002997,190,2,traffic_signs,0.7234216332435608,2108.596923828125,1266.9815673828125,2189.58251953125,1415.593994140625,2149.0897216796875,1341.2877807617188,80.985595703125,148.6124267578125
IMG_0050.mp4,459,15.3153,29.97002997002997,111,2,traffic_signs,0.9064995050430298,2521.023193359375,1250.405517578125,2575.9404296875,1306.1474609375,2548.4818115234375,1278.2764892578125,54.917236328125,55.741943359375
IMG_0050.mp4,459,15.3153,29.97002997002997,174,2,traffic_signs,0.7921142578125,1662.2362060546875,1145.84765625,1706.1357421875,1241.671142578125,1684.1859741210938,1193.7593994140625,43.8995361328125,95.823486328125
IMG_0050.mp4,459,15.3153,29.97002997002997,203,2,traffic_signs,0.49677640199661255,1690.346923828125,885.242919921875,1805.4637451171875,1145.296875,1747.9053344726562,1015.2698974609375,115.1168212890625,260.053955078125
IMG_0050.mp4,459,15.3153,29.97002997002997,164,2,traffic_signs,0.49717622995376587,1752.1424560546875,1193.717529296875,1789.683349609375,1237.3280029296875,1770.9129028320312,1215.5227661132812,37.5408935546875,43.6104736328125
IMG_0050.mp4,459,15.3153,29.97002997002997,190,2,traffic_signs,0.8687962293624878,2103.509765625,1266.5474853515625,2184.023681640625,1387.7548828125,2143.7667236328125,1327.1511840820312,80.513916015625,121.2073974609375
IMG_0050.mp4,459,15.3153,29.97002997002997,184,2,traffic_signs,0.5051425099372864,2026.1319580078125,1294.13232421875,2052.72265625,1321.4871826171875,2039.4273071289062,1307.8097534179688,26.5906982421875,27.3548583984375
IMG_0050.mp4,460,15.348666666666666,29.97002997002997,111,2,traffic_signs,0.9022586345672607,2519.857421875,1249.4952392578125,2575.602783203125,1305.2259521484375,2547.7301025390625,1277.360595703125,55.745361328125,55.730712890625
IMG_0050.mp4,460,15.348666666666666,29.97002997002997,190,2,traffic_signs,0.4824386239051819,2096.57568359375,1264.8927001953125,2178.784912109375,1407.579833984375,2137.6802978515625,1336.2362670898438,82.209228515625,142.6871337890625
IMG_0050.mp4,460,15.348666666666666,29.97002997002997,184,2,traffic_signs,0.33982399106025696,2025.5146484375,1294.939208984375,2052.2431640625,1320.4354248046875,2038.87890625,1307.6873168945312,26.728515625,25.4962158203125
IMG_0050.mp4,461,15.382033333333334,29.97002997002997,111,2,traffic_signs,0.9062631130218506,2518.806396484375,1247.3292236328125,2575.573974609375,1303.44482421875,2547.190185546875,1275.3870239257812,56.767578125,56.1156005859375
IMG_0050.mp4,461,15.382033333333334,29.97002997002997,190,2,traffic_signs,0.3908731937408447,2089.572509765625,1263.1103515625,2173.362060546875,1415.6163330078125,2131.46728515625,1339.3633422851562,83.78955078125,152.5059814453125
IMG_0050.mp4,461,15.382033333333334,29.97002997002997,208,2,traffic_signs,0.41058284044265747,2088.4189453125,1257.7015380859375,2171.556884765625,1480.96630859375,2129.9879150390625,1369.3339233398438,83.137939453125,223.2647705078125
IMG_0050.mp4,461,15.382033333333334,29.97002997002997,206,2,traffic_signs,0.36738064885139465,3102.714599609375,1335.3038330078125,3153.78076171875,1392.2982177734375,3128.2476806640625,1363.801025390625,51.066162109375,56.994384765625
IMG_0050.mp4,462,15.4154,29.97002997002997,111,2,traffic_signs,0.8988317251205444,2519.047119140625,1245.299560546875,2576.66845703125,1301.47216796875,2547.8577880859375,1273.3858642578125,57.621337890625,56.172607421875
IMG_0050.mp4,462,15.4154,29.97002997002997,208,2,traffic_signs,0.8117958307266235,2084.569091796875,1257.577880859375,2165.6123046875,1479.719482421875,2125.0906982421875,1368.648681640625,81.043212890625,222.1416015625
IMG_0050.mp4,463,15.448766666666668,29.97002997002997,111,2,traffic_signs,0.9155197143554688,2519.017822265625,1242.953857421875,2576.2939453125,1300.5870361328125,2547.6558837890625,1271.7704467773438,57.276123046875,57.6331787109375
IMG_0050.mp4,463,15.448766666666668,29.97002997002997,208,2,traffic_signs,0.9148626327514648,2077.901123046875,1256.2294921875,2156.12060546875,1477.8958740234375,2117.0108642578125,1367.0626831054688,78.219482421875,221.6663818359375
IMG_0050.mp4,464,15.482133333333334,29.97002997002997,111,2,traffic_signs,0.9118378162384033,2519.33251953125,1240.530029296875,2576.438232421875,1297.96142578125,2547.8853759765625,1269.2457275390625,57.105712890625,57.431396484375
IMG_0050.mp4,464,15.482133333333334,29.97002997002997,208,2,traffic_signs,0.8204687833786011,2072.298583984375,1251.0228271484375,2152.9111328125,1477.8092041015625,2112.6048583984375,1364.416015625,80.612548828125,226.786376953125
IMG_0050.mp4,464,15.482133333333334,29.97002997002997,164,2,traffic_signs,0.5956482887268066,1733.9715576171875,1182.4951171875,1767.94775390625,1229.287353515625,1750.9596557617188,1205.8912353515625,33.9761962890625,46.792236328125
IMG_0050.mp4,465,15.5155,29.97002997002997,111,2,traffic_signs,0.9127104878425598,2519.8779296875,1237.3258056640625,2576.693115234375,1294.424560546875,2548.2855224609375,1265.8751831054688,56.815185546875,57.0987548828125
IMG_0050.mp4,465,15.5155,29.97002997002997,208,2,traffic_signs,0.890408992767334,2066.27392578125,1247.9617919921875,2148.19921875,1477.215087890625,2107.236572265625,1362.5884399414062,81.92529296875,229.2532958984375
IMG_0050.mp4,465,15.5155,29.97002997002997,164,2,traffic_signs,0.8402550220489502,1731.236572265625,1180.187744140625,1763.8160400390625,1226.4815673828125,1747.5263061523438,1203.3346557617188,32.5794677734375,46.2938232421875
IMG_0050.mp4,466,15.548866666666667,29.97002997002997,111,2,traffic_signs,0.9225582480430603,2519.614501953125,1235.171875,2577.46337890625,1291.95654296875,2548.5389404296875,1263.564208984375,57.848876953125,56.78466796875
IMG_0050.mp4,466,15.548866666666667,29.97002997002997,208,2,traffic_signs,0.903079628944397,2059.675048828125,1243.815673828125,2144.055419921875,1475.031494140625,2101.865234375,1359.423583984375,84.38037109375,231.2158203125
IMG_0050.mp4,466,15.548866666666667,29.97002997002997,164,2,traffic_signs,0.855161726474762,1728.15966796875,1178.146484375,1761.34326171875,1223.2852783203125,1744.75146484375,1200.7158813476562,33.18359375,45.1387939453125
IMG_0050.mp4,467,15.582233333333333,29.97002997002997,111,2,traffic_signs,0.9191313982009888,2519.10400390625,1233.609619140625,2577.72802734375,1290.8170166015625,2548.416015625,1262.2133178710938,58.6240234375,57.2073974609375
IMG_0050.mp4,467,15.582233333333333,29.97002997002997,208,2,traffic_signs,0.9389453530311584,2053.103271484375,1242.0616455078125,2136.9208984375,1473.00537109375,2095.0120849609375,1357.5335083007812,83.817626953125,230.9437255859375
IMG_0050.mp4,467,15.582233333333333,29.97002997002997,164,2,traffic_signs,0.851603627204895,1723.5849609375,1176.6114501953125,1757.9273681640625,1222.0399169921875,1740.7561645507812,1199.32568359375,34.3424072265625,45.428466796875
IMG_0050.mp4,467,15.582233333333333,29.97002997002997,206,2,traffic_signs,0.6410588026046753,3122.866943359375,1326.069091796875,3184.360595703125,1386.52587890625,3153.61376953125,1356.2974853515625,61.49365234375,60.456787109375
IMG_0050.mp4,468,15.6156,29.97002997002997,111,2,traffic_signs,0.9189885854721069,2519.087890625,1231.9305419921875,2577.67431640625,1289.8548583984375,2548.381103515625,1260.8927001953125,58.58642578125,57.92431640625
IMG_0050.mp4,468,15.6156,29.97002997002997,208,2,traffic_signs,0.9208347201347351,2047.4442138671875,1237.5445556640625,2128.6279296875,1474.9915771484375,2088.0360717773438,1356.26806640625,81.1837158203125,237.447021484375
IMG_0050.mp4,468,15.6156,29.97002997002997,164,2,traffic_signs,0.8457468748092651,1719.8045654296875,1175.5782470703125,1753.728271484375,1220.4124755859375,1736.7664184570312,1197.995361328125,33.9237060546875,44.834228515625
IMG_0050.mp4,468,15.6156,29.97002997002997,206,2,traffic_signs,0.29343047738075256,3125.831787109375,1326.2520751953125,3187.8505859375,1386.442626953125,3156.8411865234375,1356.3473510742188,62.018798828125,60.1905517578125
IMG_0050.mp4,468,15.6156,29.97002997002997,174,2,traffic_signs,0.8982293605804443,1612.6832275390625,1114.0008544921875,1656.1103515625,1222.720458984375,1634.3967895507812,1168.3606567382812,43.4271240234375,108.7196044921875
IMG_0050.mp4,468,15.6156,29.97002997002997,203,2,traffic_signs,0.46699944138526917,1574.0281982421875,682.4940185546875,1756.3966064453125,996.5081787109375,1665.21240234375,839.5010986328125,182.368408203125,314.01416015625
IMG_0050.mp4,469,15.648966666666666,29.97002997002997,111,2,traffic_signs,0.9253256320953369,2519.55419921875,1230.2572021484375,2578.456787109375,1288.8507080078125,2549.0054931640625,1259.553955078125,58.902587890625,58.593505859375
IMG_0050.mp4,469,15.648966666666666,29.97002997002997,208,2,traffic_signs,0.91600501537323,2039.7412109375,1233.9083251953125,2123.948486328125,1475.1207275390625,2081.8448486328125,1354.5145263671875,84.207275390625,241.21240234375
IMG_0050.mp4,469,15.648966666666666,29.97002997002997,164,2,traffic_signs,0.85947585105896,1715.7525634765625,1173.3450927734375,1750.577392578125,1219.5703125,1733.1649780273438,1196.4577026367188,34.8248291015625,46.2252197265625
IMG_0050.mp4,469,15.648966666666666,29.97002997002997,174,2,traffic_signs,0.9119609594345093,1607.307373046875,1111.7059326171875,1651.476806640625,1219.56005859375,1629.39208984375,1165.6329956054688,44.16943359375,107.8541259765625
IMG_0050.mp4,469,15.648966666666666,29.97002997002997,203,2,traffic_signs,0.8170782327651978,1552.653564453125,663.0551147460938,1734.8062744140625,1000.0309448242188,1643.7299194335938,831.5430297851562,182.1527099609375,336.975830078125
IMG_0050.mp4,470,15.682333333333334,29.97002997002997,111,2,traffic_signs,0.924956202507019,2519.568359375,1227.512939453125,2578.66845703125,1287.9068603515625,2549.118408203125,1257.7098999023438,59.10009765625,60.3939208984375
IMG_0050.mp4,470,15.682333333333334,29.97002997002997,208,2,traffic_signs,0.9234545826911926,2030.9686279296875,1232.236572265625,2119.712890625,1474.025634765625,2075.3407592773438,1353.131103515625,88.7442626953125,241.7890625
IMG_0050.mp4,470,15.682333333333334,29.97002997002997,164,2,traffic_signs,0.8802174925804138,1710.9566650390625,1170.5771484375,1746.956787109375,1219.0211181640625,1728.9567260742188,1194.7991333007812,36.0001220703125,48.4439697265625
IMG_0050.mp4,470,15.682333333333334,29.97002997002997,174,2,traffic_signs,0.8863039612770081,1601.37744140625,1104.588134765625,1645.6510009765625,1216.38427734375,1623.5142211914062,1160.4862060546875,44.2735595703125,111.796142578125
IMG_0050.mp4,470,15.682333333333334,29.97002997002997,203,2,traffic_signs,0.4925036132335663,1546.41064453125,638.1489868164062,1706.3414306640625,969.4558715820312,1626.3760375976562,803.8024291992188,159.9307861328125,331.306884765625
IMG_0050.mp4,471,15.7157,29.97002997002997,111,2,traffic_signs,0.921704113483429,2520.237060546875,1225.760986328125,2579.8759765625,1287.1171875,2550.0565185546875,1256.4390869140625,59.638916015625,61.356201171875
IMG_0050.mp4,471,15.7157,29.97002997002997,208,2,traffic_signs,0.9186612367630005,2024.5836181640625,1228.7166748046875,2116.407470703125,1474.4161376953125,2070.4955444335938,1351.56640625,91.8238525390625,245.699462890625
IMG_0050.mp4,471,15.7157,29.97002997002997,164,2,traffic_signs,0.8913944959640503,1708.995361328125,1168.299560546875,1744.46728515625,1217.0390625,1726.7313232421875,1192.6693115234375,35.471923828125,48.739501953125
IMG_0050.mp4,471,15.7157,29.97002997002997,174,2,traffic_signs,0.9075545072555542,1596.6265869140625,1103.0394287109375,1642.075927734375,1214.3070068359375,1619.3512573242188,1158.6732177734375,45.4493408203125,111.267578125
IMG_0050.mp4,471,15.7157,29.97002997002997,203,2,traffic_signs,0.9311197996139526,1500.96533203125,605.8056030273438,1671.0919189453125,982.0728149414062,1586.0286254882812,793.939208984375,170.1265869140625,376.2672119140625
IMG_0050.mp4,472,15.749066666666668,29.97002997002997,111,2,traffic_signs,0.9115604758262634,2520.206298828125,1223.220458984375,2579.775634765625,1285.1810302734375,2549.990966796875,1254.2007446289062,59.5693359375,61.9605712890625
IMG_0050.mp4,472,15.749066666666668,29.97002997002997,208,2,traffic_signs,0.9217288494110107,2016.375244140625,1225.2818603515625,2109.365966796875,1473.477294921875,2062.87060546875,1349.3795776367188,92.99072265625,248.1954345703125
IMG_0050.mp4,472,15.749066666666668,29.97002997002997,164,2,traffic_signs,0.8872783184051514,1703.7137451171875,1165.5135498046875,1740.3829345703125,1214.514404296875,1722.04833984375,1190.0139770507812,36.669189453125,49.0008544921875
IMG_0050.mp4,472,15.749066666666668,29.97002997002997,174,2,traffic_signs,0.9033423662185669,1588.6378173828125,1101.374267578125,1637.1824951171875,1211.2628173828125,1612.91015625,1156.3185424804688,48.544677734375,109.8885498046875
IMG_0050.mp4,472,15.749066666666668,29.97002997002997,203,2,traffic_signs,0.8743920922279358,1471.0872802734375,575.244384765625,1620.914306640625,982.4859619140625,1546.0007934570312,778.8651733398438,149.8270263671875,407.2415771484375
IMG_0050.mp4,473,15.782433333333334,29.97002997002997,111,2,traffic_signs,0.905417799949646,2520.732421875,1221.292236328125,2580.80078125,1283.6287841796875,2550.7666015625,1252.4605102539062,60.068359375,62.3365478515625
IMG_0050.mp4,473,15.782433333333334,29.97002997002997,208,2,traffic_signs,0.917343258857727,2010.21240234375,1222.909423828125,2104.24951171875,1473.4349365234375,2057.23095703125,1348.1721801757812,94.037109375,250.5255126953125
IMG_0050.mp4,473,15.782433333333334,29.97002997002997,164,2,traffic_signs,0.8753878474235535,1700.3402099609375,1162.42724609375,1737.3642578125,1213.7752685546875,1718.8522338867188,1188.1012573242188,37.0240478515625,51.3480224609375
IMG_0050.mp4,473,15.782433333333334,29.97002997002997,174,2,traffic_signs,0.7819533348083496,1583.3353271484375,1098.86572265625,1632.57177734375,1209.4708251953125,1607.9535522460938,1154.1682739257812,49.2364501953125,110.6051025390625
IMG_0050.mp4,473,15.782433333333334,29.97002997002997,203,2,traffic_signs,0.9491752982139587,1444.496337890625,706.7435302734375,1578.8363037109375,969.6035766601562,1511.6663208007812,838.1735534667969,134.3399658203125,262.86004638671875
IMG_0050.mp4,474,15.8158,29.97002997002997,111,2,traffic_signs,0.9067900776863098,2520.727294921875,1218.9638671875,2581.350830078125,1281.6710205078125,2551.0390625,1250.3174438476562,60.62353515625,62.7071533203125
IMG_0050.mp4,474,15.8158,29.97002997002997,208,2,traffic_signs,0.9139108061790466,2003.4110107421875,1220.661376953125,2097.14990234375,1473.1077880859375,2050.2804565429688,1346.8845825195312,93.7388916015625,252.4464111328125
IMG_0050.mp4,474,15.8158,29.97002997002997,164,2,traffic_signs,0.8674507737159729,1696.9124755859375,1159.8438720703125,1733.906982421875,1212.0673828125,1715.4097290039062,1185.9556274414062,36.9945068359375,52.2235107421875
IMG_0050.mp4,474,15.8158,29.97002997002997,174,2,traffic_signs,0.9149419665336609,1578.4681396484375,1095.1531982421875,1626.5147705078125,1206.09814453125,1602.491455078125,1150.6256713867188,48.046630859375,110.9449462890625
IMG_0050.mp4,474,15.8158,29.97002997002997,203,2,traffic_signs,0.9417245388031006,1415.841796875,760.3040161132812,1548.6693115234375,958.7166748046875,1482.2555541992188,859.5103454589844,132.8275146484375,198.41265869140625
IMG_0050.mp4,475,15.849166666666667,29.97002997002997,111,2,traffic_signs,0.8970885872840881,2520.974853515625,1217.203369140625,2581.93896484375,1280.1988525390625,2551.4569091796875,1248.7011108398438,60.964111328125,62.9954833984375
IMG_0050.mp4,475,15.849166666666667,29.97002997002997,208,2,traffic_signs,0.9413251876831055,1996.5576171875,1219.2264404296875,2090.527099609375,1473.33349609375,2043.5423583984375,1346.2799682617188,93.969482421875,254.1070556640625
IMG_0050.mp4,475,15.849166666666667,29.97002997002997,164,2,traffic_signs,0.8887401223182678,1693.31640625,1158.4560546875,1729.8076171875,1210.122314453125,1711.56201171875,1184.2891845703125,36.4912109375,51.666259765625
IMG_0050.mp4,475,15.849166666666667,29.97002997002997,174,2,traffic_signs,0.9079646468162537,1572.5655517578125,1093.1171875,1620.8822021484375,1205.4788818359375,1596.723876953125,1149.2980346679688,48.316650390625,112.3616943359375
IMG_0050.mp4,475,15.849166666666667,29.97002997002997,203,2,traffic_signs,0.9523565769195557,1392.169677734375,760.1663818359375,1522.57861328125,947.7147216796875,1457.3741455078125,853.9405517578125,130.408935546875,187.54833984375
IMG_0050.mp4,476,15.882533333333333,29.97002997002997,111,2,traffic_signs,0.9063425064086914,2521.95263671875,1214.4254150390625,2584.829833984375,1278.5013427734375,2553.3912353515625,1246.46337890625,62.877197265625,64.075927734375
IMG_0050.mp4,476,15.882533333333333,29.97002997002997,208,2,traffic_signs,0.9194222092628479,1987.82861328125,1216.0733642578125,2085.06396484375,1472.9100341796875,2036.4462890625,1344.49169921875,97.2353515625,256.836669921875
IMG_0050.mp4,476,15.882533333333333,29.97002997002997,164,2,traffic_signs,0.8880219459533691,1690.5489501953125,1156.9580078125,1726.8502197265625,1206.91552734375,1708.6995849609375,1181.936767578125,36.30126953125,49.95751953125
IMG_0050.mp4,476,15.882533333333333,29.97002997002997,174,2,traffic_signs,0.9155569076538086,1567.107421875,1089.8486328125,1614.9755859375,1203.1961669921875,1591.04150390625,1146.5223999023438,47.8681640625,113.3475341796875
IMG_0050.mp4,476,15.882533333333333,29.97002997002997,203,2,traffic_signs,0.9351415634155273,1366.9400634765625,749.7149658203125,1500.6844482421875,938.7328491210938,1433.812255859375,844.2239074707031,133.744384765625,189.01788330078125
IMG_0050.mp4,477,15.9159,29.97002997002997,111,2,traffic_signs,0.6165934205055237,2522.76513671875,1213.3258056640625,2586.28662109375,1277.8255615234375,2554.52587890625,1245.57568359375,63.521484375,64.499755859375
IMG_0050.mp4,477,15.9159,29.97002997002997,208,2,traffic_signs,0.9258387088775635,1979.048095703125,1212.3231201171875,2079.680419921875,1473.9490966796875,2029.3642578125,1343.1361083984375,100.63232421875,261.6259765625
IMG_0050.mp4,477,15.9159,29.97002997002997,164,2,traffic_signs,0.9001237750053406,1687.756103515625,1156.37939453125,1723.544921875,1204.6451416015625,1705.6505126953125,1180.5122680664062,35.788818359375,48.2657470703125
IMG_0050.mp4,477,15.9159,29.97002997002997,174,2,traffic_signs,0.9136625528335571,1562.6771240234375,1088.56884765625,1609.56884765625,1199.93408203125,1586.1229858398438,1144.25146484375,46.8917236328125,111.365234375
IMG_0050.mp4,477,15.9159,29.97002997002997,203,2,traffic_signs,0.9378461241722107,1339.660888671875,731.784912109375,1477.5765380859375,927.5720825195312,1408.6187133789062,829.6784973144531,137.9156494140625,195.78717041015625
IMG_0050.mp4,477,15.9159,29.97002997002997,206,2,traffic_signs,0.34324851632118225,3171.009033203125,1319.2978515625,3241.349365234375,1381.469482421875,3206.17919921875,1350.3836669921875,70.34033203125,62.171630859375
IMG_0050.mp4,478,15.949266666666666,29.97002997002997,111,2,traffic_signs,0.8853483200073242,2523.6162109375,1211.3006591796875,2587.71484375,1275.8873291015625,2555.66552734375,1243.593994140625,64.0986328125,64.586669921875
IMG_0050.mp4,478,15.949266666666666,29.97002997002997,208,2,traffic_signs,0.9173735976219177,1971.5164794921875,1208.8626708984375,2074.10498046875,1473.1976318359375,2022.8107299804688,1341.0301513671875,102.5885009765625,264.3349609375
IMG_0050.mp4,478,15.949266666666666,29.97002997002997,164,2,traffic_signs,0.6030457019805908,1685.507080078125,1155.396484375,1721.6568603515625,1204.1595458984375,1703.5819702148438,1179.7780151367188,36.1497802734375,48.7630615234375
IMG_0050.mp4,478,15.949266666666666,29.97002997002997,174,2,traffic_signs,0.9222778677940369,1557.678466796875,1085.7001953125,1604.507568359375,1196.7294921875,1581.093017578125,1141.21484375,46.8291015625,111.029296875
IMG_0050.mp4,478,15.949266666666666,29.97002997002997,203,2,traffic_signs,0.9295781254768372,1311.4163818359375,708.5899047851562,1454.6798095703125,917.2579956054688,1383.048095703125,812.9239501953125,143.263427734375,208.6680908203125
IMG_0050.mp4,478,15.949266666666666,29.97002997002997,206,2,traffic_signs,0.43933504819869995,3177.58349609375,1319.0626220703125,3246.5712890625,1379.5977783203125,3212.077392578125,1349.3302001953125,68.98779296875,60.53515625
IMG_0050.mp4,479,15.982633333333334,29.97002997002997,111,2,traffic_signs,0.8909710049629211,2525.583251953125,1209.08935546875,2589.26611328125,1274.7860107421875,2557.4246826171875,1241.9376831054688,63.682861328125,65.6966552734375
IMG_0050.mp4,479,15.982633333333334,29.97002997002997,208,2,traffic_signs,0.9323725700378418,1965.346923828125,1205.1654052734375,2067.720703125,1471.4154052734375,2016.5338134765625,1338.2904052734375,102.373779296875,266.25
IMG_0050.mp4,479,15.982633333333334,29.97002997002997,164,2,traffic_signs,0.7781182527542114,1683.0076904296875,1154.5096435546875,1716.2667236328125,1202.242919921875,1699.63720703125,1178.3762817382812,33.259033203125,47.7332763671875
IMG_0050.mp4,479,15.982633333333334,29.97002997002997,174,2,traffic_signs,0.9323326349258423,1553.2825927734375,1082.0574951171875,1599.7103271484375,1195.8436279296875,1576.4964599609375,1138.9505615234375,46.427734375,113.7861328125
IMG_0050.mp4,479,15.982633333333334,29.97002997002997,203,2,traffic_signs,0.9501202702522278,1283.39453125,692.3090209960938,1434.6375732421875,904.5553588867188,1359.0160522460938,798.4321899414062,151.2430419921875,212.246337890625
IMG_0050.mp4,480,16.016000000000002,29.97002997002997,111,2,traffic_signs,0.8802726864814758,2526.69140625,1207.1810302734375,2590.633056640625,1272.7122802734375,2558.6622314453125,1239.9466552734375,63.941650390625,65.53125
IMG_0050.mp4,480,16.016000000000002,29.97002997002997,208,2,traffic_signs,0.9293570518493652,1957.798828125,1202.3607177734375,2061.7978515625,1469.4794921875,2009.79833984375,1335.9201049804688,103.9990234375,267.1187744140625
IMG_0050.mp4,480,16.016000000000002,29.97002997002997,164,2,traffic_signs,0.8613845705986023,1680.457275390625,1152.52392578125,1712.3172607421875,1200.4830322265625,1696.3872680664062,1176.5034790039062,31.8599853515625,47.9591064453125
IMG_0050.mp4,480,16.016000000000002,29.97002997002997,174,2,traffic_signs,0.9328575730323792,1547.065185546875,1076.817138671875,1595.103515625,1194.10498046875,1571.0843505859375,1135.4610595703125,48.038330078125,117.287841796875
IMG_0050.mp4,480,16.016000000000002,29.97002997002997,203,2,traffic_signs,0.9522237181663513,1252.52880859375,680.3124389648438,1410.8585205078125,891.6002807617188,1331.6936645507812,785.9563598632812,158.3297119140625,211.287841796875
IMG_0050.mp4,481,16.049366666666668,29.97002997002997,111,2,traffic_signs,0.8652418255805969,2527.825927734375,1205.66943359375,2592.682861328125,1269.0933837890625,2560.25439453125,1237.3814086914062,64.85693359375,63.4239501953125
IMG_0050.mp4,481,16.049366666666668,29.97002997002997,208,2,traffic_signs,0.7404534220695496,1950.0877685546875,1195.49609375,2056.6220703125,1469.148681640625,2003.3549194335938,1332.3223876953125,106.5343017578125,273.652587890625
IMG_0050.mp4,481,16.049366666666668,29.97002997002997,164,2,traffic_signs,0.8800230026245117,1677.550048828125,1149.607421875,1711.137451171875,1198.5352783203125,1694.34375,1174.0713500976562,33.58740234375,48.9278564453125
IMG_0050.mp4,481,16.049366666666668,29.97002997002997,174,2,traffic_signs,0.9247040152549744,1540.828125,1073.5665283203125,1590.455078125,1190.8465576171875,1565.6416015625,1132.20654296875,49.626953125,117.280029296875
IMG_0050.mp4,481,16.049366666666668,29.97002997002997,203,2,traffic_signs,0.9450302124023438,1215.160888671875,663.3858642578125,1384.490234375,877.732666015625,1299.8255615234375,770.5592651367188,169.329345703125,214.3468017578125
IMG_0050.mp4,482,16.082733333333334,29.97002997002997,111,2,traffic_signs,0.8959915637969971,2529.723388671875,1204.6304931640625,2594.993896484375,1267.01611328125,2562.358642578125,1235.8233032226562,65.2705078125,62.3856201171875
IMG_0050.mp4,482,16.082733333333334,29.97002997002997,208,2,traffic_signs,0.9134119153022766,1942.3226318359375,1191.3502197265625,2052.7734375,1468.4901123046875,1997.5480346679688,1329.920166015625,110.4508056640625,277.139892578125
IMG_0050.mp4,482,16.082733333333334,29.97002997002997,164,2,traffic_signs,0.8809903860092163,1675.2674560546875,1148.3128662109375,1709.167236328125,1196.423583984375,1692.2173461914062,1172.3682250976562,33.8997802734375,48.1107177734375
IMG_0050.mp4,482,16.082733333333334,29.97002997002997,174,2,traffic_signs,0.9211863875389099,1535.5291748046875,1071.590576171875,1586.1461181640625,1189.236572265625,1560.837646484375,1130.41357421875,50.616943359375,117.64599609375
IMG_0050.mp4,482,16.082733333333334,29.97002997002997,203,2,traffic_signs,0.9422211647033691,1180.9920654296875,645.4874267578125,1359.44580078125,863.8833618164062,1270.2189331054688,754.6853942871094,178.4537353515625,218.39593505859375
IMG_0050.mp4,483,16.1161,29.97002997002997,111,2,traffic_signs,0.8849877715110779,2530.85791015625,1202.851806640625,2597.047607421875,1265.5845947265625,2563.9527587890625,1234.2182006835938,66.189697265625,62.7327880859375
IMG_0050.mp4,483,16.1161,29.97002997002997,208,2,traffic_signs,0.8850632309913635,1934.8349609375,1188.490478515625,2046.4052734375,1469.7940673828125,1990.6201171875,1329.1422729492188,111.5703125,281.3035888671875
IMG_0050.mp4,483,16.1161,29.97002997002997,164,2,traffic_signs,0.8722142577171326,1672.7001953125,1147.5904541015625,1706.523681640625,1195.024169921875,1689.6119384765625,1171.3073120117188,33.823486328125,47.4337158203125
IMG_0050.mp4,483,16.1161,29.97002997002997,174,2,traffic_signs,0.8942084312438965,1530.5289306640625,1069.878173828125,1582.1806640625,1187.456787109375,1556.3547973632812,1128.66748046875,51.6517333984375,117.57861328125
IMG_0050.mp4,483,16.1161,29.97002997002997,203,2,traffic_signs,0.9482132196426392,1146.8818359375,626.0433959960938,1332.3804931640625,852.8240966796875,1239.6311645507812,739.4337463378906,185.4986572265625,226.78070068359375
IMG_0050.mp4,483,16.1161,29.97002997002997,206,2,traffic_signs,0.7446120977401733,3214.1376953125,1314.7127685546875,3287.304931640625,1379.4378662109375,3250.7213134765625,1347.0753173828125,73.167236328125,64.72509765625
IMG_0050.mp4,484,16.149466666666665,29.97002997002997,111,2,traffic_signs,0.8980976343154907,2531.751953125,1201.2308349609375,2598.50048828125,1263.5679931640625,2565.126220703125,1232.3994140625,66.74853515625,62.337158203125
IMG_0050.mp4,484,16.149466666666665,29.97002997002997,208,2,traffic_signs,0.8975091576576233,1926.4373779296875,1185.104248046875,2042.8668212890625,1469.3902587890625,1984.652099609375,1327.2472534179688,116.429443359375,284.2860107421875
IMG_0050.mp4,484,16.149466666666665,29.97002997002997,164,2,traffic_signs,0.870770275592804,1669.7752685546875,1146.7962646484375,1704.1214599609375,1193.999267578125,1686.9483642578125,1170.3977661132812,34.34619140625,47.2030029296875
IMG_0050.mp4,484,16.149466666666665,29.97002997002997,174,2,traffic_signs,0.9387636780738831,1525.2230224609375,1066.742919921875,1577.4229736328125,1188.9166259765625,1551.322998046875,1127.8297729492188,52.199951171875,122.1737060546875
IMG_0050.mp4,484,16.149466666666665,29.97002997002997,203,2,traffic_signs,0.9540318846702576,1101.314453125,585.0697631835938,1305.5831298828125,836.597900390625,1203.4487915039062,710.8338317871094,204.2686767578125,251.52813720703125
IMG_0050.mp4,484,16.149466666666665,29.97002997002997,206,2,traffic_signs,0.8440369367599487,3221.41455078125,1314.472900390625,3295.66748046875,1379.587158203125,3258.541015625,1347.030029296875,74.2529296875,65.1142578125
IMG_0050.mp4,485,16.182833333333335,29.97002997002997,111,2,traffic_signs,0.6806570291519165,2533.29150390625,1200.298583984375,2599.996826171875,1262.6607666015625,2566.6441650390625,1231.4796752929688,66.705322265625,62.3621826171875
IMG_0050.mp4,485,16.182833333333335,29.97002997002997,208,2,traffic_signs,0.9210900068283081,1918.3028564453125,1181.856201171875,2033.6649169921875,1469.519287109375,1975.98388671875,1325.687744140625,115.362060546875,287.6630859375
IMG_0050.mp4,485,16.182833333333335,29.97002997002997,164,2,traffic_signs,0.8849521279335022,1666.531982421875,1145.770263671875,1701.78271484375,1192.9005126953125,1684.1573486328125,1169.3353881835938,35.250732421875,47.1302490234375
IMG_0050.mp4,485,16.182833333333335,29.97002997002997,174,2,traffic_signs,0.8259962201118469,1519.35546875,1063.9805908203125,1570.9478759765625,1186.725341796875,1545.1516723632812,1125.3529663085938,51.5924072265625,122.7447509765625
IMG_0050.mp4,485,16.182833333333335,29.97002997002997,203,2,traffic_signs,0.9406155347824097,1074.112548828125,582.8875732421875,1271.2598876953125,819.6365356445312,1172.6862182617188,701.2620544433594,197.1473388671875,236.74896240234375
IMG_0050.mp4,485,16.182833333333335,29.97002997002997,206,2,traffic_signs,0.5650805234909058,3228.29541015625,1314.889892578125,3303.3408203125,1380.7294921875,3265.818115234375,1347.8096923828125,75.04541015625,65.839599609375
IMG_0050.mp4,486,16.2162,29.97002997002997,111,2,traffic_signs,0.8698464632034302,2533.968017578125,1198.999755859375,2601.510498046875,1261.6544189453125,2567.7392578125,1230.3270874023438,67.54248046875,62.6546630859375
IMG_0050.mp4,486,16.2162,29.97002997002997,208,2,traffic_signs,0.8688338398933411,1908.3187255859375,1178.480224609375,2024.5372314453125,1468.7620849609375,1966.427978515625,1323.6211547851562,116.218505859375,290.2818603515625
IMG_0050.mp4,486,16.2162,29.97002997002997,164,2,traffic_signs,0.901808500289917,1662.596435546875,1142.652587890625,1699.72900390625,1190.8609619140625,1681.1627197265625,1166.7567749023438,37.132568359375,48.2083740234375
IMG_0050.mp4,486,16.2162,29.97002997002997,174,2,traffic_signs,0.9436789155006409,1514.55712890625,1063.046875,1566.4580078125,1184.708740234375,1540.507568359375,1123.8778076171875,51.90087890625,121.661865234375
IMG_0050.mp4,486,16.2162,29.97002997002997,203,2,traffic_signs,0.9021571278572083,1042.169677734375,563.1585083007812,1240.242919921875,802.9105834960938,1141.206298828125,683.0345458984375,198.0732421875,239.7520751953125
IMG_0050.mp4,487,16.249566666666666,29.97002997002997,111,2,traffic_signs,0.894306480884552,2535.1357421875,1196.153076171875,2604.584716796875,1261.50341796875,2569.8602294921875,1228.8282470703125,69.448974609375,65.350341796875
IMG_0050.mp4,487,16.249566666666666,29.97002997002997,208,2,traffic_signs,0.8800505995750427,1899.58984375,1174.6131591796875,2016.46630859375,1469.9271240234375,1958.028076171875,1322.2701416015625,116.87646484375,295.31396484375
IMG_0050.mp4,487,16.249566666666666,29.97002997002997,164,2,traffic_signs,0.4563489258289337,1659.78955078125,1140.0614013671875,1697.1851806640625,1188.982666015625,1678.4873657226562,1164.5220336914062,37.3956298828125,48.9212646484375
IMG_0050.mp4,487,16.249566666666666,29.97002997002997,174,2,traffic_signs,0.8763513565063477,1509.722900390625,1061.9044189453125,1561.5838623046875,1181.98388671875,1535.6533813476562,1121.9441528320312,51.8609619140625,120.0794677734375
IMG_0050.mp4,487,16.249566666666666,29.97002997002997,203,2,traffic_signs,0.8212120532989502,998.9356689453125,545.695068359375,1200.9403076171875,784.5910034179688,1099.93798828125,665.1430358886719,202.004638671875,238.89593505859375
IMG_0050.mp4,488,16.282933333333332,29.97002997002997,111,2,traffic_signs,0.9195168614387512,2538.3681640625,1194.471435546875,2608.7958984375,1261.726318359375,2573.58203125,1228.098876953125,70.427734375,67.2548828125
IMG_0050.mp4,488,16.282933333333332,29.97002997002997,208,2,traffic_signs,0.9360083341598511,1887.841552734375,1172.015380859375,2009.505615234375,1468.8018798828125,1948.673583984375,1320.4086303710938,121.6640625,296.7864990234375
IMG_0050.mp4,488,16.282933333333332,29.97002997002997,164,2,traffic_signs,0.8947113752365112,1657.916015625,1138.758544921875,1695.1580810546875,1187.3575439453125,1676.5370483398438,1163.0580444335938,37.2420654296875,48.5989990234375
IMG_0050.mp4,488,16.282933333333332,29.97002997002997,174,2,traffic_signs,0.9396806359291077,1503.1502685546875,1057.9051513671875,1556.751708984375,1181.9769287109375,1529.9509887695312,1119.9410400390625,53.6014404296875,124.07177734375
IMG_0050.mp4,488,16.282933333333332,29.97002997002997,203,2,traffic_signs,0.8695905804634094,940.8885498046875,499.21978759765625,1166.6912841796875,766.968994140625,1053.7899169921875,633.0943908691406,225.802734375,267.74920654296875
IMG_0050.mp4,489,16.316300000000002,29.97002997002997,111,2,traffic_signs,0.9233036637306213,2539.523193359375,1192.932861328125,2610.781494140625,1261.933349609375,2575.15234375,1227.43310546875,71.25830078125,69.00048828125
IMG_0050.mp4,489,16.316300000000002,29.97002997002997,208,2,traffic_signs,0.9533635973930359,1878.7672119140625,1169.0426025390625,2003.2982177734375,1470.3841552734375,1941.03271484375,1319.71337890625,124.531005859375,301.341552734375
IMG_0050.mp4,489,16.316300000000002,29.97002997002997,164,2,traffic_signs,0.8914042711257935,1654.9072265625,1138.0738525390625,1692.1343994140625,1187.99072265625,1673.5208129882812,1163.0322875976562,37.2271728515625,49.9168701171875
IMG_0050.mp4,489,16.316300000000002,29.97002997002997,174,2,traffic_signs,0.9382252097129822,1498.1427001953125,1055.7904052734375,1550.929443359375,1181.051025390625,1524.5360717773438,1118.4207153320312,52.7867431640625,125.2606201171875
IMG_0050.mp4,489,16.316300000000002,29.97002997002997,203,2,traffic_signs,0.4352554678916931,891.498046875,471.91796875,1136.2666015625,749.4630126953125,1013.88232421875,610.6904907226562,244.7685546875,277.5450439453125
IMG_0050.mp4,490,16.349666666666668,29.97002997002997,111,2,traffic_signs,0.9204726815223694,2542.6162109375,1191.8795166015625,2613.949951171875,1261.191650390625,2578.2830810546875,1226.5355834960938,71.333740234375,69.3121337890625
IMG_0050.mp4,490,16.349666666666668,29.97002997002997,208,2,traffic_signs,0.927542507648468,1869.9224853515625,1167.0391845703125,1997.4930419921875,1472.305419921875,1933.707763671875,1319.6723022460938,127.570556640625,305.2662353515625
IMG_0050.mp4,490,16.349666666666668,29.97002997002997,164,2,traffic_signs,0.886355459690094,1649.8856201171875,1138.0848388671875,1688.7818603515625,1187.8116455078125,1669.333740234375,1162.9482421875,38.896240234375,49.726806640625
IMG_0050.mp4,490,16.349666666666668,29.97002997002997,174,2,traffic_signs,0.9341951608657837,1492.9505615234375,1053.83251953125,1546.210693359375,1180.2901611328125,1519.5806274414062,1117.0613403320312,53.2601318359375,126.4576416015625
IMG_0050.mp4,490,16.349666666666668,29.97002997002997,206,2,traffic_signs,0.3115663528442383,3274.16162109375,1318.3394775390625,3347.681396484375,1384.98779296875,3310.9215087890625,1351.6636352539062,73.519775390625,66.6483154296875
IMG_0050.mp4,491,16.383033333333334,29.97002997002997,111,2,traffic_signs,0.9247539639472961,2544.10986328125,1191.4149169921875,2616.459716796875,1261.2000732421875,2580.2847900390625,1226.3074951171875,72.349853515625,69.78515625
IMG_0050.mp4,491,16.383033333333334,29.97002997002997,208,2,traffic_signs,0.9425751566886902,1859.9423828125,1164.3994140625,1988.5625,1473.35546875,1924.25244140625,1318.87744140625,128.6201171875,308.9560546875
IMG_0050.mp4,491,16.383033333333334,29.97002997002997,164,2,traffic_signs,0.887216329574585,1647.535888671875,1137.0899658203125,1686.162109375,1187.933349609375,1666.8489990234375,1162.5116577148438,38.626220703125,50.8433837890625
IMG_0050.mp4,491,16.383033333333334,29.97002997002997,174,2,traffic_signs,0.9346957206726074,1487.062255859375,1052.109130859375,1541.1953125,1177.33203125,1514.1287841796875,1114.7205810546875,54.133056640625,125.222900390625
IMG_0050.mp4,492,16.4164,29.97002997002997,111,2,traffic_signs,0.9284937977790833,2547.374755859375,1190.8594970703125,2621.4990234375,1261.5194091796875,2584.4368896484375,1226.189453125,74.124267578125,70.659912109375
IMG_0050.mp4,492,16.4164,29.97002997002997,208,2,traffic_signs,0.9376574754714966,1851.144775390625,1159.0806884765625,1982.20947265625,1476.8536376953125,1916.6771240234375,1317.9671630859375,131.064697265625,317.77294921875
IMG_0050.mp4,492,16.4164,29.97002997002997,164,2,traffic_signs,0.8889868855476379,1646.9705810546875,1137.3974609375,1685.0994873046875,1187.317138671875,1666.0350341796875,1162.3572998046875,38.12890625,49.919677734375
IMG_0050.mp4,492,16.4164,29.97002997002997,174,2,traffic_signs,0.8213212490081787,1483.5037841796875,1051.065185546875,1538.37646484375,1176.9912109375,1510.9401245117188,1114.0281982421875,54.8726806640625,125.926025390625
IMG_0050.mp4,493,16.449766666666665,29.97002997002997,111,2,traffic_signs,0.9278337359428406,2550.486328125,1189.89599609375,2626.218505859375,1261.650390625,2588.3524169921875,1225.773193359375,75.732177734375,71.75439453125
IMG_0050.mp4,493,16.449766666666665,29.97002997002997,208,2,traffic_signs,0.919407308101654,1839.6318359375,1153.7294921875,1973.2120361328125,1479.580810546875,1906.4219360351562,1316.6551513671875,133.5802001953125,325.851318359375
IMG_0050.mp4,493,16.449766666666665,29.97002997002997,164,2,traffic_signs,0.8863064646720886,1645.453857421875,1137.28125,1683.864013671875,1187.5789794921875,1664.658935546875,1162.4301147460938,38.41015625,50.2977294921875
IMG_0050.mp4,493,16.449766666666665,29.97002997002997,174,2,traffic_signs,0.9333171844482422,1478.8114013671875,1049.2547607421875,1535.0821533203125,1175.335205078125,1506.94677734375,1112.2949829101562,56.270751953125,126.0804443359375
IMG_0050.mp4,493,16.449766666666665,29.97002997002997,206,2,traffic_signs,0.5780888795852661,3302.3125,1321.71728515625,3381.02490234375,1390.0283203125,3341.668701171875,1355.872802734375,78.71240234375,68.31103515625
IMG_0050.mp4,494,16.483133333333335,29.97002997002997,111,2,traffic_signs,0.9268016815185547,2552.217041015625,1188.8135986328125,2629.111328125,1261.7103271484375,2590.6641845703125,1225.261962890625,76.894287109375,72.896728515625
IMG_0050.mp4,494,16.483133333333335,29.97002997002997,208,2,traffic_signs,0.9560000896453857,1827.2535400390625,1149.788330078125,1965.0618896484375,1480.8157958984375,1896.15771484375,1315.3020629882812,137.808349609375,331.0274658203125
IMG_0050.mp4,494,16.483133333333335,29.97002997002997,164,2,traffic_signs,0.8812932372093201,1642.7071533203125,1136.6927490234375,1681.4176025390625,1187.61669921875,1662.0623779296875,1162.1547241210938,38.71044921875,50.9239501953125
IMG_0050.mp4,494,16.483133333333335,29.97002997002997,174,2,traffic_signs,0.9382191300392151,1473.72314453125,1047.475341796875,1529.869140625,1173.578857421875,1501.796142578125,1110.527099609375,56.14599609375,126.103515625
IMG_0050.mp4,494,16.483133333333335,29.97002997002997,206,2,traffic_signs,0.40091919898986816,3312.005126953125,1321.169677734375,3389.745849609375,1390.1702880859375,3350.87548828125,1355.6699829101562,77.74072265625,69.0006103515625
IMG_0050.mp4,495,16.5165,29.97002997002997,111,2,traffic_signs,0.917613685131073,2554.5048828125,1188.1719970703125,2632.090576171875,1261.65380859375,2593.2977294921875,1224.9129028320312,77.585693359375,73.4818115234375
IMG_0050.mp4,495,16.5165,29.97002997002997,208,2,traffic_signs,0.9090545177459717,1819.435791015625,1145.2655029296875,1953.1883544921875,1483.9586181640625,1886.3120727539062,1314.612060546875,133.7525634765625,338.693115234375
IMG_0050.mp4,495,16.5165,29.97002997002997,164,2,traffic_signs,0.8943365812301636,1641.48779296875,1137.11767578125,1681.177001953125,1187.2860107421875,1661.3323974609375,1162.2018432617188,39.689208984375,50.1683349609375
IMG_0050.mp4,495,16.5165,29.97002997002997,174,2,traffic_signs,0.9321109652519226,1470.41259765625,1046.3702392578125,1525.8211669921875,1172.701904296875,1498.1168823242188,1109.5360717773438,55.4085693359375,126.3316650390625
IMG_0050.mp4,495,16.5165,29.97002997002997,206,2,traffic_signs,0.7020441293716431,3320.394775390625,1323.391845703125,3402.22314453125,1391.591064453125,3361.3089599609375,1357.491455078125,81.828369140625,68.19921875
IMG_0050.mp4,496,16.549866666666667,29.97002997002997,111,2,traffic_signs,0.9228020310401917,2559.090087890625,1187.128662109375,2636.12060546875,1261.850830078125,2597.6053466796875,1224.48974609375,77.030517578125,74.72216796875
IMG_0050.mp4,496,16.549866666666667,29.97002997002997,208,2,traffic_signs,0.7579202055931091,1810.2877197265625,1139.099853515625,1947.5426025390625,1485.235107421875,1878.9151611328125,1312.16748046875,137.2548828125,346.13525390625
IMG_0050.mp4,496,16.549866666666667,29.97002997002997,164,2,traffic_signs,0.8965516686439514,1640.1397705078125,1135.2252197265625,1680.477783203125,1185.3101806640625,1660.3087768554688,1160.2677001953125,40.3380126953125,50.0849609375
IMG_0050.mp4,496,16.549866666666667,29.97002997002997,174,2,traffic_signs,0.9327482581138611,1464.6357421875,1044.51904296875,1521.73583984375,1171.6495361328125,1493.185791015625,1108.0842895507812,57.10009765625,127.1304931640625
IMG_0050.mp4,496,16.549866666666667,29.97002997002997,206,2,traffic_signs,0.3676367998123169,3330.95751953125,1323.3209228515625,3417.5107421875,1392.5958251953125,3374.234130859375,1357.9583740234375,86.55322265625,69.27490234375
IMG_0050.mp4,497,16.583233333333332,29.97002997002997,111,2,traffic_signs,0.9214097857475281,2560.86962890625,1185.6884765625,2638.4697265625,1260.5440673828125,2599.669677734375,1223.1162719726562,77.60009765625,74.8555908203125
IMG_0050.mp4,497,16.583233333333332,29.97002997002997,208,2,traffic_signs,0.8646778464317322,1797.2276611328125,1137.248046875,1938.6531982421875,1488.031494140625,1867.9404296875,1312.6397705078125,141.425537109375,350.783447265625
IMG_0050.mp4,497,16.583233333333332,29.97002997002997,164,2,traffic_signs,0.8998438715934753,1638.8726806640625,1133.82275390625,1679.4095458984375,1183.2137451171875,1659.14111328125,1158.5182495117188,40.536865234375,49.3909912109375
IMG_0050.mp4,497,16.583233333333332,29.97002997002997,174,2,traffic_signs,0.9202731251716614,1460.19921875,1042.6982421875,1517.078857421875,1169.6953125,1488.6390380859375,1106.19677734375,56.879638671875,126.9970703125
IMG_0050.mp4,497,16.583233333333332,29.97002997002997,206,2,traffic_signs,0.6490029096603394,3341.36376953125,1324.3323974609375,3427.34326171875,1393.0614013671875,3384.353515625,1358.6968994140625,85.9794921875,68.72900390625
IMG_0050.mp4,498,16.616600000000002,29.97002997002997,111,2,traffic_signs,0.930383026599884,2563.036865234375,1184.4725341796875,2643.859375,1259.9449462890625,2603.4481201171875,1222.208740234375,80.822509765625,75.472412109375
IMG_0050.mp4,498,16.616600000000002,29.97002997002997,208,2,traffic_signs,0.9462146162986755,1784.7802734375,1135.0308837890625,1933.059326171875,1488.8861083984375,1858.9197998046875,1311.95849609375,148.279052734375,353.855224609375
IMG_0050.mp4,498,16.616600000000002,29.97002997002997,164,2,traffic_signs,0.9036529064178467,1638.3248291015625,1133.3218994140625,1677.8935546875,1181.14453125,1658.1091918945312,1157.2332153320312,39.5687255859375,47.8226318359375
IMG_0050.mp4,498,16.616600000000002,29.97002997002997,174,2,traffic_signs,0.835817277431488,1455.4071044921875,1042.678466796875,1514.300048828125,1167.94970703125,1484.8535766601562,1105.3140869140625,58.8929443359375,125.271240234375
IMG_0050.mp4,498,16.616600000000002,29.97002997002997,206,2,traffic_signs,0.4401971399784088,3351.730224609375,1324.1171875,3439.736572265625,1393.2215576171875,3395.7333984375,1358.6693725585938,88.00634765625,69.1043701171875
IMG_0050.mp4,499,16.649966666666668,29.97002997002997,111,2,traffic_signs,0.9344897270202637,2566.858154296875,1183.5013427734375,2649.654052734375,1259.845458984375,2608.256103515625,1221.6734008789062,82.7958984375,76.3441162109375
IMG_0050.mp4,499,16.649966666666668,29.97002997002997,208,2,traffic_signs,0.9620096683502197,1774.5367431640625,1130.0479736328125,1924.94775390625,1490.54541015625,1849.7422485351562,1310.2966918945312,150.4110107421875,360.4974365234375
IMG_0050.mp4,499,16.649966666666668,29.97002997002997,164,2,traffic_signs,0.89144366979599,1637.55224609375,1132.6961669921875,1675.924072265625,1179.983642578125,1656.7381591796875,1156.3399047851562,38.371826171875,47.2874755859375
IMG_0050.mp4,499,16.649966666666668,29.97002997002997,174,2,traffic_signs,0.8901031613349915,1450.7850341796875,1038.8348388671875,1510.739013671875,1167.3641357421875,1480.7620239257812,1103.0994873046875,59.9539794921875,128.529296875
IMG_0050.mp4,499,16.649966666666668,29.97002997002997,206,2,traffic_signs,0.4824588894844055,3364.3251953125,1325.6544189453125,3453.944580078125,1395.3839111328125,3409.1348876953125,1360.5191650390625,89.619384765625,69.7294921875
IMG_0050.mp4,500,16.683333333333334,29.97002997002997,111,2,traffic_signs,0.9384725093841553,2571.2841796875,1182.7894287109375,2654.842041015625,1260.27392578125,2613.0631103515625,1221.5316772460938,83.557861328125,77.4844970703125
IMG_0050.mp4,500,16.683333333333334,29.97002997002997,208,2,traffic_signs,0.9626093506813049,1764.84716796875,1123.61328125,1917.0743408203125,1491.916015625,1840.9607543945312,1307.7646484375,152.2271728515625,368.302734375
IMG_0050.mp4,500,16.683333333333334,29.97002997002997,164,2,traffic_signs,0.4176587760448456,1636.9132080078125,1131.969482421875,1675.12841796875,1179.8162841796875,1656.0208129882812,1155.8928833007812,38.2152099609375,47.8468017578125
IMG_0050.mp4,500,16.683333333333334,29.97002997002997,174,2,traffic_signs,0.7599596381187439,1447.4876708984375,1036.7872314453125,1507.248046875,1166.550048828125,1477.3678588867188,1101.6686401367188,59.7603759765625,129.7628173828125
IMG_0050.mp4,501,16.7167,29.97002997002997,111,2,traffic_signs,0.5078821778297424,2575.17431640625,1181.4468994140625,2658.17041015625,1259.889892578125,2616.67236328125,1220.6683959960938,82.99609375,78.4429931640625
IMG_0050.mp4,501,16.7167,29.97002997002997,208,2,traffic_signs,0.9599703550338745,1752.683837890625,1119.3057861328125,1911.405517578125,1493.5068359375,1832.044677734375,1306.4063110351562,158.7216796875,374.2010498046875
IMG_0050.mp4,501,16.7167,29.97002997002997,164,2,traffic_signs,0.9219983220100403,1635.9375,1131.3145751953125,1674.39013671875,1180.87548828125,1655.163818359375,1156.0950317382812,38.45263671875,49.5609130859375
IMG_0050.mp4,501,16.7167,29.97002997002997,174,2,traffic_signs,0.9047013521194458,1442.9833984375,1035.047119140625,1503.0037841796875,1165.64404296875,1472.9935913085938,1100.3455810546875,60.0203857421875,130.596923828125
IMG_0050.mp4,501,16.7167,29.97002997002997,206,2,traffic_signs,0.3435114920139313,3389.298583984375,1326.661376953125,3481.92724609375,1398.6168212890625,3435.6129150390625,1362.6390991210938,92.628662109375,71.9554443359375
IMG_0050.mp4,502,16.750066666666665,29.97002997002997,111,2,traffic_signs,0.9342356324195862,2580.516357421875,1179.85693359375,2664.637939453125,1258.9295654296875,2622.5771484375,1219.3932495117188,84.12158203125,79.0726318359375
IMG_0050.mp4,502,16.750066666666665,29.97002997002997,208,2,traffic_signs,0.9565289616584778,1741.875732421875,1116.08349609375,1902.8697509765625,1494.1395263671875,1822.3727416992188,1305.1115112304688,160.9940185546875,378.0560302734375
IMG_0050.mp4,502,16.750066666666665,29.97002997002997,164,2,traffic_signs,0.9212304949760437,1635.0316162109375,1130.53076171875,1674.5059814453125,1181.3961181640625,1654.768798828125,1155.9634399414062,39.474365234375,50.8653564453125
IMG_0050.mp4,502,16.750066666666665,29.97002997002997,174,2,traffic_signs,0.8791859149932861,1439.3995361328125,1033.839599609375,1499.9412841796875,1165.5455322265625,1469.67041015625,1099.6925659179688,60.541748046875,131.7059326171875
IMG_0050.mp4,503,16.783433333333335,29.97002997002997,111,2,traffic_signs,0.9313256144523621,2584.727783203125,1178.81884765625,2670.517822265625,1257.982666015625,2627.622802734375,1218.4007568359375,85.7900390625,79.163818359375
IMG_0050.mp4,503,16.783433333333335,29.97002997002997,208,2,traffic_signs,0.9561095833778381,1729.3681640625,1113.8056640625,1894.6142578125,1494.9849853515625,1811.9912109375,1304.3953247070312,165.24609375,381.1793212890625
IMG_0050.mp4,503,16.783433333333335,29.97002997002997,164,2,traffic_signs,0.9087254405021667,1633.8907470703125,1130.89404296875,1673.6065673828125,1180.1783447265625,1653.7486572265625,1155.5361938476562,39.7158203125,49.2843017578125
IMG_0050.mp4,503,16.783433333333335,29.97002997002997,174,2,traffic_signs,0.37885454297065735,1434.7227783203125,1033.1041259765625,1496.9639892578125,1163.680419921875,1465.8433837890625,1098.3922729492188,62.2412109375,130.5762939453125
IMG_0050.mp4,504,16.8168,29.97002997002997,111,2,traffic_signs,0.9166588187217712,2588.570556640625,1177.3360595703125,2676.952880859375,1257.2236328125,2632.76171875,1217.2798461914062,88.38232421875,79.8875732421875
IMG_0050.mp4,504,16.8168,29.97002997002997,208,2,traffic_signs,0.9675889015197754,1719.63720703125,1107.9813232421875,1883.8863525390625,1499.21630859375,1801.7617797851562,1303.5988159179688,164.2491455078125,391.2349853515625
IMG_0050.mp4,504,16.8168,29.97002997002997,164,2,traffic_signs,0.9088681936264038,1633.8306884765625,1130.46484375,1672.8643798828125,1180.549072265625,1653.3475341796875,1155.5069580078125,39.03369140625,50.084228515625
IMG_0050.mp4,504,16.8168,29.97002997002997,174,2,traffic_signs,0.5059520602226257,1431.9925537109375,1033.0150146484375,1494.7196044921875,1163.699951171875,1463.3560791015625,1098.3574829101562,62.72705078125,130.6849365234375
IMG_0050.mp4,504,16.8168,29.97002997002997,206,2,traffic_signs,0.37054407596588135,3430.88037109375,1329.1220703125,3531.111328125,1400.672607421875,3480.995849609375,1364.8973388671875,100.23095703125,71.550537109375
IMG_0050.mp4,505,16.850166666666667,29.97002997002997,111,2,traffic_signs,0.7544991970062256,2594.178955078125,1176.110595703125,2683.25537109375,1256.7672119140625,2638.7171630859375,1216.4389038085938,89.076416015625,80.6566162109375
IMG_0050.mp4,505,16.850166666666667,29.97002997002997,208,2,traffic_signs,0.9490933418273926,1706.4915771484375,1102.83154296875,1875.2891845703125,1501.1536865234375,1790.890380859375,1301.9926147460938,168.797607421875,398.3221435546875
IMG_0050.mp4,505,16.850166666666667,29.97002997002997,164,2,traffic_signs,0.9121270179748535,1635.2232666015625,1131.2164306640625,1674.652587890625,1181.0140380859375,1654.9379272460938,1156.115234375,39.4293212890625,49.797607421875
IMG_0050.mp4,505,16.850166666666667,29.97002997002997,174,2,traffic_signs,0.8914370536804199,1431.0421142578125,1032.9798583984375,1495.3062744140625,1163.90673828125,1463.1741943359375,1098.4432983398438,64.26416015625,130.9268798828125
IMG_0050.mp4,506,16.883533333333332,29.97002997002997,111,2,traffic_signs,0.9208597540855408,2599.380126953125,1175.52880859375,2687.26318359375,1256.33447265625,2643.3216552734375,1215.931640625,87.883056640625,80.8056640625
IMG_0050.mp4,506,16.883533333333332,29.97002997002997,208,2,traffic_signs,0.9498317241668701,1691.09814453125,1098.1822509765625,1866.7127685546875,1502.3746337890625,1778.9054565429688,1300.2784423828125,175.6146240234375,404.1923828125
IMG_0050.mp4,506,16.883533333333332,29.97002997002997,164,2,traffic_signs,0.898172914981842,1633.974365234375,1130.6080322265625,1672.69091796875,1180.84228515625,1653.3326416015625,1155.7251586914062,38.716552734375,50.2342529296875
IMG_0050.mp4,506,16.883533333333332,29.97002997002997,174,2,traffic_signs,0.9301132559776306,1425.550048828125,1030.9542236328125,1490.7020263671875,1161.9901123046875,1458.1260375976562,1096.47216796875,65.1519775390625,131.035888671875
IMG_0050.mp4,507,16.916900000000002,29.97002997002997,111,2,traffic_signs,0.9122672080993652,2607.013916015625,1174.7357177734375,2697.635498046875,1256.634033203125,2652.32470703125,1215.6848754882812,90.62158203125,81.8983154296875
IMG_0050.mp4,507,16.916900000000002,29.97002997002997,208,2,traffic_signs,0.9517313838005066,1679.6412353515625,1092.6893310546875,1859.2559814453125,1504.894287109375,1769.4486083984375,1298.7918090820312,179.61474609375,412.2049560546875
IMG_0050.mp4,507,16.916900000000002,29.97002997002997,164,2,traffic_signs,0.8647139072418213,1635.8564453125,1130.5257568359375,1673.942138671875,1180.5828857421875,1654.8992919921875,1155.5543212890625,38.085693359375,50.05712890625
IMG_0050.mp4,507,16.916900000000002,29.97002997002997,174,2,traffic_signs,0.9282321929931641,1424.5078125,1028.8302001953125,1489.8316650390625,1162.0587158203125,1457.1697387695312,1095.4444580078125,65.3238525390625,133.228515625
IMG_0050.mp4,508,16.950266666666668,29.97002997002997,111,2,traffic_signs,0.9142897129058838,2612.15087890625,1172.6783447265625,2703.458740234375,1256.27490234375,2657.8048095703125,1214.4766235351562,91.307861328125,83.5965576171875
IMG_0050.mp4,508,16.950266666666668,29.97002997002997,208,2,traffic_signs,0.9604113101959229,1667.03662109375,1087.4547119140625,1848.7244873046875,1506.8931884765625,1757.8805541992188,1297.1739501953125,181.6878662109375,419.4384765625
IMG_0050.mp4,508,16.950266666666668,29.97002997002997,164,2,traffic_signs,0.6436786651611328,1635.76513671875,1129.2974853515625,1671.46142578125,1179.205078125,1653.61328125,1154.2512817382812,35.6962890625,49.9075927734375
IMG_0050.mp4,508,16.950266666666668,29.97002997002997,174,2,traffic_signs,0.9326465129852295,1419.908203125,1026.6151123046875,1486.3878173828125,1161.272216796875,1453.1480102539062,1093.9436645507812,66.4796142578125,134.6571044921875
IMG_0050.mp4,509,16.983633333333334,29.97002997002997,111,2,traffic_signs,0.9256313443183899,2619.706787109375,1170.4459228515625,2713.24755859375,1255.1298828125,2666.4771728515625,1212.7879028320312,93.540771484375,84.6839599609375
IMG_0050.mp4,509,16.983633333333334,29.97002997002997,208,2,traffic_signs,0.9471997022628784,1655.89111328125,1080.7283935546875,1840.5064697265625,1505.748291015625,1748.1987915039062,1293.2383422851562,184.6153564453125,425.0198974609375
IMG_0050.mp4,509,16.983633333333334,29.97002997002997,174,2,traffic_signs,0.9095914363861084,1420.1907958984375,1025.3016357421875,1486.3690185546875,1159.9808349609375,1453.2799072265625,1092.6412353515625,66.17822265625,134.67919921875
IMG_0050.mp4,510,17.017,29.97002997002997,111,2,traffic_signs,0.9094146490097046,2628.51611328125,1169.08349609375,2721.56005859375,1255.270751953125,2675.0380859375,1212.1771240234375,93.0439453125,86.187255859375
IMG_0050.mp4,510,17.017,29.97002997002997,208,2,traffic_signs,0.9532406330108643,1641.2691650390625,1075.05224609375,1832.7459716796875,1507.6800537109375,1737.007568359375,1291.3661499023438,191.476806640625,432.6278076171875
IMG_0050.mp4,510,17.017,29.97002997002997,174,2,traffic_signs,0.9350970387458801,1418.41064453125,1023.3636474609375,1485.0540771484375,1159.16455078125,1451.7323608398438,1091.2640991210938,66.6434326171875,135.8009033203125
IMG_0050.mp4,511,17.050366666666665,29.97002997002997,111,2,traffic_signs,0.9264751672744751,2635.205810546875,1167.4749755859375,2730.609375,1255.595703125,2682.9075927734375,1211.5353393554688,95.403564453125,88.1207275390625
IMG_0050.mp4,511,17.050366666666665,29.97002997002997,208,2,traffic_signs,0.9401240944862366,1628.1292724609375,1071.821044921875,1824.05322265625,1511.208984375,1726.0912475585938,1291.5150146484375,195.9239501953125,439.387939453125
IMG_0050.mp4,511,17.050366666666665,29.97002997002997,174,2,traffic_signs,0.9257870316505432,1415.2608642578125,1020.9212646484375,1483.632568359375,1157.40234375,1449.4467163085938,1089.1618041992188,68.3717041015625,136.4810791015625
IMG_0050.mp4,512,17.083733333333335,29.97002997002997,111,2,traffic_signs,0.921592116355896,2644.630615234375,1167.313232421875,2740.625,1255.29052734375,2692.6278076171875,1211.3018798828125,95.994384765625,87.977294921875
IMG_0050.mp4,512,17.083733333333335,29.97002997002997,208,2,traffic_signs,0.9472235441207886,1618.223876953125,1068.4969482421875,1818.0115966796875,1513.6944580078125,1718.1177368164062,1291.095703125,199.7877197265625,445.197509765625
IMG_0050.mp4,512,17.083733333333335,29.97002997002997,174,2,traffic_signs,0.9312587976455688,1415.36181640625,1019.8826293945312,1484.714111328125,1156.701904296875,1450.0379638671875,1088.2922668457031,69.352294921875,136.81927490234375
IMG_0050.mp4,512,17.083733333333335,29.97002997002997,221,2,traffic_signs,0.7826833724975586,1823.7445068359375,1241.1123046875,1844.0611572265625,1268.624755859375,1833.90283203125,1254.8685302734375,20.316650390625,27.512451171875
IMG_0050.mp4,513,17.1171,29.97002997002997,111,2,traffic_signs,0.920153796672821,2650.234619140625,1165.239990234375,2749.08935546875,1254.2034912109375,2699.6619873046875,1209.7217407226562,98.854736328125,88.9635009765625
IMG_0050.mp4,513,17.1171,29.97002997002997,208,2,traffic_signs,0.848108172416687,1600.12841796875,1060.6546630859375,1808.203369140625,1516.5301513671875,1704.1658935546875,1288.5924072265625,208.074951171875,455.87548828125
IMG_0050.mp4,513,17.1171,29.97002997002997,174,2,traffic_signs,0.9275190234184265,1411.758544921875,1018.0784301757812,1481.9752197265625,1155.9979248046875,1446.8668823242188,1087.0381774902344,70.2166748046875,137.91949462890625
IMG_0050.mp4,513,17.1171,29.97002997002997,221,2,traffic_signs,0.8369811773300171,1826.83447265625,1241.943603515625,1847.3397216796875,1270.8206787109375,1837.0870971679688,1256.3821411132812,20.5052490234375,28.8770751953125
IMG_0050.mp4,513,17.1171,29.97002997002997,206,2,traffic_signs,0.2962043285369873,3599.51611328125,1340.146484375,3707.2392578125,1417.019775390625,3653.377685546875,1378.5831298828125,107.72314453125,76.873291015625
IMG_0050.mp4,514,17.150466666666667,29.97002997002997,111,2,traffic_signs,0.930814802646637,2659.117431640625,1163.75048828125,2760.630859375,1254.1563720703125,2709.8741455078125,1208.9534301757812,101.513427734375,90.4058837890625
IMG_0050.mp4,514,17.150466666666667,29.97002997002997,208,2,traffic_signs,0.9485843181610107,1589.3544921875,1055.130859375,1798.46337890625,1517.60302734375,1693.908935546875,1286.366943359375,209.10888671875,462.47216796875
IMG_0050.mp4,514,17.150466666666667,29.97002997002997,174,2,traffic_signs,0.9201720952987671,1411.9661865234375,1016.9595336914062,1482.4935302734375,1155.0716552734375,1447.2298583984375,1086.0155944824219,70.52734375,138.11212158203125
IMG_0050.mp4,514,17.150466666666667,29.97002997002997,221,2,traffic_signs,0.8288488984107971,1833.090576171875,1243.125,1854.749755859375,1271.630126953125,1843.920166015625,1257.3775634765625,21.6591796875,28.505126953125
IMG_0050.mp4,514,17.150466666666667,29.97002997002997,206,2,traffic_signs,0.33233967423439026,3619.8076171875,1339.5030517578125,3735.810302734375,1418.3853759765625,3677.8089599609375,1378.9442138671875,116.002685546875,78.88232421875
IMG_0050.mp4,515,17.183833333333332,29.97002997002997,111,2,traffic_signs,0.9201792478561401,2666.564453125,1162.16796875,2768.788818359375,1253.7559814453125,2717.6766357421875,1207.9619750976562,102.224365234375,91.5880126953125
IMG_0050.mp4,515,17.183833333333332,29.97002997002997,208,2,traffic_signs,0.9551630616188049,1576.359375,1049.1441650390625,1788.8299560546875,1519.7025146484375,1682.5946655273438,1284.42333984375,212.4705810546875,470.558349609375
IMG_0050.mp4,515,17.183833333333332,29.97002997002997,174,2,traffic_signs,0.9004001021385193,1410.9677734375,1014.2279663085938,1481.5526123046875,1154.3243408203125,1446.2601928710938,1084.2761535644531,70.5848388671875,140.09637451171875
IMG_0050.mp4,515,17.183833333333332,29.97002997002997,221,2,traffic_signs,0.4318650960922241,1838.128173828125,1243.9984130859375,1858.976318359375,1272.7159423828125,1848.55224609375,1258.357177734375,20.84814453125,28.717529296875
IMG_0050.mp4,515,17.183833333333332,29.97002997002997,206,2,traffic_signs,0.3896678686141968,3642.53857421875,1340.4703369140625,3758.318359375,1420.4473876953125,3700.428466796875,1380.4588623046875,115.77978515625,79.97705078125
IMG_0050.mp4,516,17.217200000000002,29.97002997002997,111,2,traffic_signs,0.9202324748039246,2674.486083984375,1160.83447265625,2780.20458984375,1254.1884765625,2727.3453369140625,1207.511474609375,105.718505859375,93.35400390625
IMG_0050.mp4,516,17.217200000000002,29.97002997002997,208,2,traffic_signs,0.9466951489448547,1564.0174560546875,1041.6912841796875,1778.1285400390625,1523.6463623046875,1671.072998046875,1282.6688232421875,214.111083984375,481.955078125
IMG_0050.mp4,516,17.217200000000002,29.97002997002997,174,2,traffic_signs,0.8514203429222107,1409.7344970703125,1012.3612670898438,1480.7606201171875,1154.0369873046875,1445.24755859375,1083.1991271972656,71.026123046875,141.67572021484375
IMG_0050.mp4,516,17.217200000000002,29.97002997002997,221,2,traffic_signs,0.8373792171478271,1844.1763916015625,1245.408203125,1865.6024169921875,1274.9039306640625,1854.889404296875,1260.1560668945312,21.426025390625,29.4957275390625
IMG_0050.mp4,517,17.250566666666668,29.97002997002997,111,2,traffic_signs,0.923681378364563,2685.3154296875,1160.3111572265625,2790.92822265625,1254.0921630859375,2738.121826171875,1207.20166015625,105.61279296875,93.781005859375
IMG_0050.mp4,517,17.250566666666668,29.97002997002997,208,2,traffic_signs,0.9539529085159302,1548.704345703125,1033.5865478515625,1769.7066650390625,1521.8751220703125,1659.2055053710938,1277.7308349609375,221.0023193359375,488.28857421875
IMG_0050.mp4,517,17.250566666666668,29.97002997002997,174,2,traffic_signs,0.8195353150367737,1409.3770751953125,1010.7949829101562,1480.9256591796875,1153.98095703125,1445.1513671875,1082.3879699707031,71.548583984375,143.18597412109375
IMG_0050.mp4,517,17.250566666666668,29.97002997002997,221,2,traffic_signs,0.5406131148338318,1850.05126953125,1247.4583740234375,1868.792724609375,1274.362548828125,1859.4219970703125,1260.9104614257812,18.741455078125,26.9041748046875
IMG_0050.mp4,518,17.283933333333334,29.97002997002997,111,2,traffic_signs,0.9232724905014038,2693.625732421875,1158.674560546875,2802.22900390625,1253.75146484375,2747.9273681640625,1206.2130126953125,108.603271484375,95.076904296875
IMG_0050.mp4,518,17.283933333333334,29.97002997002997,208,2,traffic_signs,0.9424564838409424,1534.478759765625,1023.4971923828125,1759.888916015625,1530.31298828125,1647.183837890625,1276.9050903320312,225.41015625,506.8157958984375
IMG_0050.mp4,518,17.283933333333334,29.97002997002997,174,2,traffic_signs,0.8966152667999268,1409.2559814453125,1009.6148681640625,1481.1676025390625,1153.9429931640625,1445.2117919921875,1081.7789306640625,71.91162109375,144.328125
IMG_0050.mp4,518,17.283933333333334,29.97002997002997,221,2,traffic_signs,0.7780464887619019,1855.4622802734375,1248.43701171875,1873.7259521484375,1275.2755126953125,1864.5941162109375,1261.8562622070312,18.263671875,26.8385009765625
IMG_0050.mp4,518,17.283933333333334,29.97002997002997,206,2,traffic_signs,0.6648604273796082,3712.94677734375,1345.1533203125,3834.565185546875,1425.6278076171875,3773.7559814453125,1385.3905639648438,121.618408203125,80.4744873046875
IMG_0050.mp4,519,17.3173,29.97002997002997,111,2,traffic_signs,0.9209511876106262,2704.606201171875,1157.7222900390625,2813.17626953125,1253.88232421875,2758.8912353515625,1205.8023071289062,108.570068359375,96.1600341796875
IMG_0050.mp4,519,17.3173,29.97002997002997,208,2,traffic_signs,0.9562296867370605,1521.1409912109375,1017.5008544921875,1748.7662353515625,1536.891845703125,1634.95361328125,1277.1963500976562,227.625244140625,519.3909912109375
IMG_0050.mp4,519,17.3173,29.97002997002997,174,2,traffic_signs,0.9107158184051514,1409.4801025390625,1009.6146240234375,1482.1273193359375,1154.2681884765625,1445.8037109375,1081.94140625,72.647216796875,144.653564453125
IMG_0050.mp4,519,17.3173,29.97002997002997,221,2,traffic_signs,0.5568509697914124,1861.7952880859375,1250.802490234375,1878.920166015625,1276.82470703125,1870.3577270507812,1263.8135986328125,17.1248779296875,26.022216796875
IMG_0050.mp4,520,17.350666666666665,29.97002997002997,111,2,traffic_signs,0.9147765636444092,2713.984130859375,1156.090576171875,2823.47607421875,1253.60302734375,2768.7301025390625,1204.8468017578125,109.491943359375,97.512451171875
IMG_0050.mp4,520,17.350666666666665,29.97002997002997,208,2,traffic_signs,0.9439646601676941,1499.7520751953125,1009.2625122070312,1738.7137451171875,1533.5089111328125,1619.23291015625,1271.3857116699219,238.961669921875,524.2463989257812
IMG_0050.mp4,520,17.350666666666665,29.97002997002997,174,2,traffic_signs,0.8861770033836365,1408.082275390625,1008.794677734375,1481.3402099609375,1153.9498291015625,1444.7112426757812,1081.3722534179688,73.2579345703125,145.1551513671875
IMG_0050.mp4,520,17.350666666666665,29.97002997002997,206,2,traffic_signs,0.6097554564476013,3763.15673828125,1344.8785400390625,3840.0,1428.138916015625,3801.578369140625,1386.5087280273438,76.84326171875,83.2603759765625
IMG_0050.mp4,521,17.384033333333335,29.97002997002997,111,2,traffic_signs,0.9220336675643921,2722.233154296875,1154.748779296875,2835.024658203125,1253.365966796875,2778.62890625,1204.057373046875,112.79150390625,98.6171875
IMG_0050.mp4,521,17.384033333333335,29.97002997002997,208,2,traffic_signs,0.9242177605628967,1484.852294921875,1000.8639526367188,1729.7103271484375,1542.7191162109375,1607.2813110351562,1271.7915344238281,244.8580322265625,541.8551635742188
IMG_0050.mp4,521,17.384033333333335,29.97002997002997,174,2,traffic_signs,0.8293188810348511,1408.0953369140625,1008.998291015625,1480.4637451171875,1154.352783203125,1444.279541015625,1081.675537109375,72.368408203125,145.3544921875
IMG_0050.mp4,521,17.384033333333335,29.97002997002997,206,2,traffic_signs,0.538349986076355,3787.498779296875,1345.626708984375,3840.0,1427.8388671875,3813.7493896484375,1386.7327880859375,52.501220703125,82.212158203125
IMG_0050.mp4,522,17.4174,29.97002997002997,111,2,traffic_signs,0.9189666509628296,2733.16455078125,1154.5328369140625,2848.23046875,1253.281494140625,2790.697509765625,1203.9071655273438,115.06591796875,98.7486572265625
IMG_0050.mp4,522,17.4174,29.97002997002997,208,2,traffic_signs,0.9181426763534546,1467.5989990234375,993.0440673828125,1716.59765625,1547.401123046875,1592.0983276367188,1270.2225952148438,248.9986572265625,554.3570556640625
IMG_0050.mp4,522,17.4174,29.97002997002997,174,2,traffic_signs,0.7211413979530334,1406.8192138671875,1007.9737548828125,1480.430908203125,1153.4698486328125,1443.6250610351562,1080.7218017578125,73.6116943359375,145.49609375
IMG_0050.mp4,523,17.450766666666667,29.97002997002997,111,2,traffic_signs,0.9306082725524902,2743.27490234375,1153.1722412109375,2858.560546875,1251.5147705078125,2800.917724609375,1202.343505859375,115.28564453125,98.342529296875
IMG_0050.mp4,523,17.450766666666667,29.97002997002997,208,2,traffic_signs,0.8932477235794067,1447.1419677734375,985.82958984375,1704.3070068359375,1541.3656005859375,1575.7244873046875,1263.5975952148438,257.1650390625,555.5360107421875
IMG_0050.mp4,523,17.450766666666667,29.97002997002997,174,2,traffic_signs,0.4237790107727051,1406.273681640625,1006.9262084960938,1478.6029052734375,1152.0621337890625,1442.4382934570312,1079.4941711425781,72.3292236328125,145.13592529296875
IMG_0050.mp4,524,17.484133333333332,29.97002997002997,111,2,traffic_signs,0.913741946220398,2754.20263671875,1151.8892822265625,2872.080810546875,1251.5924072265625,2813.1417236328125,1201.7408447265625,117.878173828125,99.703125
IMG_0050.mp4,524,17.484133333333332,29.97002997002997,208,2,traffic_signs,0.7891041040420532,1421.178955078125,976.0928344726562,1686.603515625,1546.9112548828125,1553.8912353515625,1261.5020446777344,265.424560546875,570.8184204101562
IMG_0050.mp4,524,17.484133333333332,29.97002997002997,227,2,traffic_signs,0.5598280429840088,2115.00146484375,1044.93505859375,2164.842529296875,1138.944580078125,2139.9219970703125,1091.9398193359375,49.841064453125,94.009521484375
IMG_0050.mp4,525,17.517500000000002,29.97002997002997,111,2,traffic_signs,0.7990919351577759,2765.101318359375,1148.6214599609375,2883.517822265625,1250.689208984375,2824.3095703125,1199.6553344726562,118.41650390625,102.0677490234375
IMG_0050.mp4,525,17.517500000000002,29.97002997002997,208,2,traffic_signs,0.8589228987693787,1405.57861328125,970.1146850585938,1675.4012451171875,1549.4757080078125,1540.4899291992188,1259.7951965332031,269.8226318359375,579.3610229492188
IMG_0050.mp4,525,17.517500000000002,29.97002997002997,227,2,traffic_signs,0.7241478562355042,2117.89404296875,1042.3973388671875,2169.579345703125,1138.5880126953125,2143.7366943359375,1090.49267578125,51.685302734375,96.190673828125
IMG_0050.mp4,525,17.517500000000002,29.97002997002997,228,2,traffic_signs,0.8882629871368408,1676.0391845703125,1130.8138427734375,1713.2568359375,1181.7459716796875,1694.6480102539062,1156.2799072265625,37.2176513671875,50.93212890625
IMG_0050.mp4,526,17.550866666666668,29.97002997002997,111,2,traffic_signs,0.690088152885437,2776.439697265625,1146.8203125,2897.56396484375,1249.3277587890625,2837.0018310546875,1198.0740356445312,121.124267578125,102.5074462890625
IMG_0050.mp4,526,17.550866666666668,29.97002997002997,208,2,traffic_signs,0.8491030335426331,1393.43994140625,964.6860961914062,1668.3214111328125,1544.4146728515625,1530.8806762695312,1254.5503845214844,274.8814697265625,579.7285766601562
IMG_0050.mp4,526,17.550866666666668,29.97002997002997,227,2,traffic_signs,0.7932922840118408,2120.94091796875,1038.6256103515625,2178.13671875,1133.6259765625,2149.538818359375,1086.1257934570312,57.19580078125,95.0003662109375
IMG_0050.mp4,526,17.550866666666668,29.97002997002997,228,2,traffic_signs,0.9007261991500854,1678.6885986328125,1130.94140625,1716.6214599609375,1182.161865234375,1697.655029296875,1156.5516357421875,37.932861328125,51.220458984375
IMG_0050.mp4,527,17.584233333333334,29.97002997002997,111,2,traffic_signs,0.6187410950660706,2788.413818359375,1145.1259765625,2911.611572265625,1246.796630859375,2850.0126953125,1195.9613037109375,123.19775390625,101.670654296875
IMG_0050.mp4,527,17.584233333333334,29.97002997002997,227,2,traffic_signs,0.8260142803192139,2124.605712890625,1035.6737060546875,2182.49365234375,1129.338134765625,2153.5496826171875,1082.5059204101562,57.887939453125,93.6644287109375
IMG_0050.mp4,527,17.584233333333334,29.97002997002997,228,2,traffic_signs,0.9117883443832397,1682.352294921875,1131.6414794921875,1720.6285400390625,1182.559326171875,1701.4904174804688,1157.1004028320312,38.2762451171875,50.9178466796875
IMG_0050.mp4,528,17.6176,29.97002997002997,111,2,traffic_signs,0.896882176399231,2800.820068359375,1144.1038818359375,2925.176025390625,1246.885498046875,2862.998046875,1195.4946899414062,124.35595703125,102.7816162109375
IMG_0050.mp4,528,17.6176,29.97002997002997,227,2,traffic_signs,0.35483917593955994,2127.094482421875,1033.686767578125,2185.3232421875,1125.279052734375,2156.2088623046875,1079.48291015625,58.228759765625,91.59228515625
IMG_0050.mp4,528,17.6176,29.97002997002997,228,2,traffic_signs,0.9079984426498413,1685.8839111328125,1131.8702392578125,1724.21533203125,1184.7398681640625,1705.0496215820312,1158.3050537109375,38.3314208984375,52.86962890625
IMG_0050.mp4,528,17.6176,29.97002997002997,208,2,traffic_signs,0.7398995161056519,1361.735107421875,947.9202880859375,1643.894287109375,1539.716796875,1502.814697265625,1243.8185424804688,282.1591796875,591.7965087890625
IMG_0050.mp4,529,17.650966666666665,29.97002997002997,111,2,traffic_signs,0.8690621256828308,2811.65185546875,1141.9864501953125,2940.61767578125,1246.472412109375,2876.134765625,1194.2294311523438,128.9658203125,104.4859619140625
IMG_0050.mp4,529,17.650966666666665,29.97002997002997,228,2,traffic_signs,0.9186109304428101,1689.832275390625,1132.295166015625,1729.402587890625,1187.4464111328125,1709.617431640625,1159.8707885742188,39.5703125,55.1512451171875
IMG_0050.mp4,529,17.650966666666665,29.97002997002997,208,2,traffic_signs,0.6960870623588562,1343.3798828125,941.7202758789062,1628.539306640625,1505.921142578125,1485.9595947265625,1223.8207092285156,285.159423828125,564.2008666992188
IMG_0050.mp4,530,17.684333333333335,29.97002997002997,111,2,traffic_signs,0.9076101779937744,2825.321044921875,1139.27978515625,2957.306396484375,1245.8060302734375,2891.313720703125,1192.5429077148438,131.9853515625,106.5262451171875
IMG_0050.mp4,530,17.684333333333335,29.97002997002997,228,2,traffic_signs,0.9142094850540161,1693.6640625,1132.2747802734375,1733.181640625,1188.0599365234375,1713.4228515625,1160.1673583984375,39.517578125,55.78515625
IMG_0050.mp4,530,17.684333333333335,29.97002997002997,227,2,traffic_signs,0.37988418340682983,2133.840087890625,1033.0045166015625,2186.81591796875,1123.109619140625,2160.3280029296875,1078.0570678710938,52.975830078125,90.1051025390625
IMG_0050.mp4,531,17.7177,29.97002997002997,111,2,traffic_signs,0.8629013299942017,2838.72705078125,1138.06396484375,2972.4287109375,1245.9952392578125,2905.577880859375,1192.0296020507812,133.70166015625,107.9312744140625
IMG_0050.mp4,531,17.7177,29.97002997002997,228,2,traffic_signs,0.9112875461578369,1698.1468505859375,1132.5111083984375,1737.302001953125,1188.1976318359375,1717.7244262695312,1160.3543701171875,39.1551513671875,55.6865234375
IMG_0050.mp4,531,17.7177,29.97002997002997,227,2,traffic_signs,0.5684754252433777,2138.112060546875,1034.17333984375,2191.04736328125,1118.7738037109375,2164.5797119140625,1076.4735717773438,52.935302734375,84.6004638671875
IMG_0050.mp4,532,17.751066666666667,29.97002997002997,111,2,traffic_signs,0.9147336483001709,2853.235595703125,1136.0267333984375,2988.80517578125,1245.4398193359375,2921.0203857421875,1190.7332763671875,135.569580078125,109.4130859375
IMG_0050.mp4,532,17.751066666666667,29.97002997002997,228,2,traffic_signs,0.9172890186309814,1703.997802734375,1133.8265380859375,1742.5904541015625,1189.0948486328125,1723.2941284179688,1161.460693359375,38.5926513671875,55.268310546875
IMG_0050.mp4,532,17.751066666666667,29.97002997002997,231,2,traffic_signs,0.6528826951980591,2571.28076171875,1356.158447265625,2607.108642578125,1388.1876220703125,2589.1947021484375,1372.1730346679688,35.827880859375,32.0291748046875
IMG_0050.mp4,533,17.784433333333332,29.97002997002997,111,2,traffic_signs,0.892626166343689,2868.107666015625,1134.5845947265625,3006.49072265625,1244.7352294921875,2937.2991943359375,1189.659912109375,138.383056640625,110.150634765625
IMG_0050.mp4,533,17.784433333333332,29.97002997002997,228,2,traffic_signs,0.9093419909477234,1709.48486328125,1134.3343505859375,1747.5340576171875,1191.006103515625,1728.5094604492188,1162.6702270507812,38.0491943359375,56.6717529296875
IMG_0050.mp4,534,17.817800000000002,29.97002997002997,111,2,traffic_signs,0.6787642240524292,2881.366943359375,1133.0714111328125,3024.180419921875,1244.85400390625,2952.773681640625,1188.9627075195312,142.8134765625,111.7825927734375
IMG_0050.mp4,534,17.817800000000002,29.97002997002997,228,2,traffic_signs,0.9118218421936035,1714.8919677734375,1134.108642578125,1753.3057861328125,1191.81201171875,1734.098876953125,1162.9603271484375,38.413818359375,57.703369140625
IMG_0050.mp4,534,17.817800000000002,29.97002997002997,231,2,traffic_signs,0.370358943939209,2593.996337890625,1360.9141845703125,2628.078125,1389.854248046875,2611.0372314453125,1375.3842163085938,34.081787109375,28.9400634765625
IMG_0050.mp4,535,17.851166666666668,29.97002997002997,111,2,traffic_signs,0.7664177417755127,2898.378662109375,1131.2672119140625,3043.148681640625,1244.6588134765625,2970.763671875,1187.9630126953125,144.77001953125,113.3916015625
IMG_0050.mp4,535,17.851166666666668,29.97002997002997,228,2,traffic_signs,0.9039258360862732,1720.4361572265625,1134.379150390625,1759.05322265625,1193.0242919921875,1739.7446899414062,1163.7017211914062,38.6170654296875,58.6451416015625
IMG_0050.mp4,536,17.884533333333334,29.97002997002997,111,2,traffic_signs,0.7199517488479614,2913.69091796875,1128.6068115234375,3062.40283203125,1245.9456787109375,2988.046875,1187.2762451171875,148.7119140625,117.3388671875
IMG_0050.mp4,536,17.884533333333334,29.97002997002997,228,2,traffic_signs,0.9159230589866638,1726.1500244140625,1135.36083984375,1765.3109130859375,1193.8380126953125,1745.73046875,1164.5994262695312,39.160888671875,58.4771728515625
IMG_0050.mp4,536,17.884533333333334,29.97002997002997,232,2,traffic_signs,0.48324212431907654,2915.538818359375,1129.2442626953125,3063.65380859375,1245.3338623046875,2989.5963134765625,1187.2890625,148.114990234375,116.089599609375
IMG_0050.mp4,536,17.884533333333334,29.97002997002997,231,2,traffic_signs,0.572536051273346,2618.178955078125,1365.1070556640625,2652.2880859375,1393.42822265625,2635.2335205078125,1379.2676391601562,34.109130859375,28.3211669921875
IMG_0050.mp4,537,17.9179,29.97002997002997,228,2,traffic_signs,0.90928715467453,1732.1202392578125,1135.331298828125,1772.3648681640625,1196.628173828125,1752.2425537109375,1165.979736328125,40.24462890625,61.296875
IMG_0050.mp4,537,17.9179,29.97002997002997,231,2,traffic_signs,0.5871420502662659,2632.364501953125,1367.57958984375,2666.390869140625,1395.384765625,2649.377685546875,1381.482177734375,34.0263671875,27.80517578125
IMG_0050.mp4,538,17.951266666666665,29.97002997002997,228,2,traffic_signs,0.915550708770752,1737.0050048828125,1136.3990478515625,1778.4835205078125,1197.3973388671875,1757.7442626953125,1166.898193359375,41.478515625,60.998291015625
IMG_0050.mp4,538,17.951266666666665,29.97002997002997,231,2,traffic_signs,0.7506052255630493,2644.565185546875,1368.946044921875,2678.642333984375,1396.6834716796875,2661.603759765625,1382.8147583007812,34.0771484375,27.7374267578125
IMG_0050.mp4,538,17.951266666666665,29.97002997002997,174,2,traffic_signs,0.4724312722682953,1428.75048828125,1043.3890380859375,1509.04443359375,1158.3690185546875,1468.8974609375,1100.8790283203125,80.2939453125,114.97998046875
IMG_0050.mp4,538,17.951266666666665,29.97002997002997,111,2,traffic_signs,0.8876773715019226,2950.7734375,1123.4837646484375,3102.921875,1245.73291015625,3026.84765625,1184.6083374023438,152.1484375,122.2491455078125
IMG_0050.mp4,539,17.984633333333335,29.97002997002997,228,2,traffic_signs,0.9065143465995789,1744.923095703125,1136.65380859375,1785.218017578125,1197.8338623046875,1765.070556640625,1167.2438354492188,40.294921875,61.1800537109375
IMG_0050.mp4,539,17.984633333333335,29.97002997002997,231,2,traffic_signs,0.7579142451286316,2657.927734375,1370.787353515625,2692.419921875,1400.4820556640625,2675.173828125,1385.6347045898438,34.4921875,29.6947021484375
IMG_0050.mp4,539,17.984633333333335,29.97002997002997,174,2,traffic_signs,0.5877639055252075,1429.5755615234375,1009.342041015625,1517.260009765625,1159.5408935546875,1473.4177856445312,1084.4414672851562,87.6844482421875,150.1988525390625
IMG_0050.mp4,539,17.984633333333335,29.97002997002997,111,2,traffic_signs,0.8090118765830994,2970.2353515625,1122.630126953125,3124.937255859375,1245.95361328125,3047.5863037109375,1184.2918701171875,154.701904296875,123.323486328125
IMG_0050.mp4,540,18.018,29.97002997002997,228,2,traffic_signs,0.9104816317558289,1752.4537353515625,1136.6815185546875,1792.4014892578125,1198.294677734375,1772.4276123046875,1167.4880981445312,39.94775390625,61.6131591796875
IMG_0050.mp4,540,18.018,29.97002997002997,231,2,traffic_signs,0.771963357925415,2671.2333984375,1372.0921630859375,2707.22509765625,1403.5528564453125,2689.229248046875,1387.822509765625,35.99169921875,31.460693359375
IMG_0050.mp4,540,18.018,29.97002997002997,174,2,traffic_signs,0.45087337493896484,1434.375,1046.5174560546875,1517.974853515625,1159.22802734375,1476.1749267578125,1102.8727416992188,83.599853515625,112.7105712890625
IMG_0050.mp4,540,18.018,29.97002997002997,111,2,traffic_signs,0.8965854048728943,2990.38427734375,1119.6510009765625,3146.81884765625,1246.123291015625,3068.6015625,1182.8871459960938,156.4345703125,126.4722900390625
IMG_0050.mp4,541,18.051366666666667,29.97002997002997,228,2,traffic_signs,0.906529426574707,1758.810791015625,1136.917724609375,1799.1168212890625,1199.7969970703125,1778.9638061523438,1168.3573608398438,40.3060302734375,62.8792724609375
IMG_0050.mp4,541,18.051366666666667,29.97002997002997,231,2,traffic_signs,0.8186845779418945,2684.743408203125,1373.1077880859375,2721.3857421875,1406.1986083984375,2703.0645751953125,1389.6531982421875,36.642333984375,33.0908203125
IMG_0050.mp4,541,18.051366666666667,29.97002997002997,174,2,traffic_signs,0.755407452583313,1438.567138671875,1067.2391357421875,1518.72412109375,1159.22119140625,1478.6456298828125,1113.2301635742188,80.156982421875,91.9820556640625
IMG_0050.mp4,541,18.051366666666667,29.97002997002997,111,2,traffic_signs,0.794279158115387,3007.776123046875,1116.636962890625,3169.26806640625,1245.0684814453125,3088.5220947265625,1180.8527221679688,161.491943359375,128.4315185546875
IMG_0050.mp4,541,18.051366666666667,29.97002997002997,235,2,traffic_signs,0.5190778374671936,940.5230102539062,1058.6171875,1000.4857177734375,1105.9429931640625,970.5043640136719,1082.2800903320312,59.96270751953125,47.3258056640625
IMG_0050.mp4,541,18.051366666666667,29.97002997002997,236,2,traffic_signs,0.5138874053955078,1455.5269775390625,999.8829345703125,1527.1507568359375,1080.433349609375,1491.3388671875,1040.1581420898438,71.623779296875,80.5504150390625
IMG_0050.mp4,542,18.084733333333332,29.97002997002997,228,2,traffic_signs,0.8998690247535706,1766.406494140625,1137.929443359375,1806.9168701171875,1200.3868408203125,1786.6616821289062,1169.1581420898438,40.5103759765625,62.4573974609375
IMG_0050.mp4,542,18.084733333333332,29.97002997002997,231,2,traffic_signs,0.7558618187904358,2698.81640625,1375.780029296875,2738.215576171875,1405.9954833984375,2718.5159912109375,1390.8877563476562,39.399169921875,30.2154541015625
IMG_0050.mp4,542,18.084733333333332,29.97002997002997,174,2,traffic_signs,0.8150119185447693,1442.6011962890625,1073.5223388671875,1521.4620361328125,1159.59912109375,1482.0316162109375,1116.5607299804688,78.86083984375,86.0767822265625
IMG_0050.mp4,542,18.084733333333332,29.97002997002997,111,2,traffic_signs,0.9149945974349976,3029.32080078125,1113.52685546875,3196.55029296875,1244.1148681640625,3112.935546875,1178.8208618164062,167.2294921875,130.5880126953125
IMG_0050.mp4,542,18.084733333333332,29.97002997002997,235,2,traffic_signs,0.6070136427879333,947.9332885742188,1060.4178466796875,1007.6537475585938,1109.56787109375,977.7935180664062,1084.9928588867188,59.720458984375,49.1500244140625
IMG_0050.mp4,542,18.084733333333332,29.97002997002997,236,2,traffic_signs,0.847043514251709,1460.9365234375,1000.33837890625,1532.730712890625,1078.3712158203125,1496.8336181640625,1039.3547973632812,71.794189453125,78.0328369140625
IMG_0050.mp4,543,18.118100000000002,29.97002997002997,228,2,traffic_signs,0.9044128060340881,1774.5113525390625,1138.59912109375,1814.38330078125,1201.8101806640625,1794.4473266601562,1170.2046508789062,39.8719482421875,63.2110595703125
IMG_0050.mp4,543,18.118100000000002,29.97002997002997,231,2,traffic_signs,0.5667377710342407,2714.109130859375,1377.7686767578125,2753.635009765625,1407.5341796875,2733.8720703125,1392.6514282226562,39.52587890625,29.7655029296875
IMG_0050.mp4,543,18.118100000000002,29.97002997002997,174,2,traffic_signs,0.8160679340362549,1447.4998779296875,1076.12451171875,1525.4688720703125,1160.981201171875,1486.484375,1118.5528564453125,77.968994140625,84.856689453125
IMG_0050.mp4,543,18.118100000000002,29.97002997002997,111,2,traffic_signs,0.9085341095924377,3052.86328125,1112.368896484375,3222.38671875,1243.78955078125,3137.625,1178.0792236328125,169.5234375,131.420654296875
IMG_0050.mp4,543,18.118100000000002,29.97002997002997,236,2,traffic_signs,0.8477188944816589,1464.4991455078125,1000.2886352539062,1537.587890625,1078.442138671875,1501.0435180664062,1039.3653869628906,73.0887451171875,78.15350341796875
IMG_0050.mp4,544,18.151466666666668,29.97002997002997,228,2,traffic_signs,0.8859132528305054,1782.2635498046875,1139.883544921875,1821.932373046875,1203.849853515625,1802.0979614257812,1171.86669921875,39.6688232421875,63.96630859375
IMG_0050.mp4,544,18.151466666666668,29.97002997002997,231,2,traffic_signs,0.8190147876739502,2729.150634765625,1380.631103515625,2769.5322265625,1409.4854736328125,2749.3414306640625,1395.0582885742188,40.381591796875,28.8543701171875
IMG_0050.mp4,544,18.151466666666668,29.97002997002997,174,2,traffic_signs,0.8618599772453308,1452.23681640625,1076.2808837890625,1530.951416015625,1161.802490234375,1491.5941162109375,1119.0416870117188,78.714599609375,85.5216064453125
IMG_0050.mp4,544,18.151466666666668,29.97002997002997,111,2,traffic_signs,0.9187324643135071,3075.093017578125,1109.415283203125,3248.5234375,1242.9488525390625,3161.8082275390625,1176.1820678710938,173.430419921875,133.5335693359375
IMG_0050.mp4,544,18.151466666666668,29.97002997002997,236,2,traffic_signs,0.7952800989151001,1468.2562255859375,1000.2037963867188,1543.26513671875,1078.3209228515625,1505.7606811523438,1039.2623596191406,75.0089111328125,78.11712646484375
IMG_0050.mp4,544,18.151466666666668,29.97002997002997,238,2,traffic_signs,0.5680884718894958,2392.601318359375,1348.2891845703125,2425.173583984375,1371.4979248046875,2408.887451171875,1359.8935546875,32.572265625,23.208740234375
IMG_0050.mp4,545,18.184833333333334,29.97002997002997,228,2,traffic_signs,0.9021568298339844,1790.330322265625,1141.5709228515625,1830.20361328125,1204.857177734375,1810.2669677734375,1173.2140502929688,39.873291015625,63.2862548828125
IMG_0050.mp4,545,18.184833333333334,29.97002997002997,231,2,traffic_signs,0.8320299386978149,2745.136962890625,1383.234130859375,2786.0751953125,1411.665771484375,2765.6060791015625,1397.449951171875,40.938232421875,28.431640625
IMG_0050.mp4,545,18.184833333333334,29.97002997002997,174,2,traffic_signs,0.805128276348114,1456.5726318359375,1075.730712890625,1536.1121826171875,1161.6331787109375,1496.3424072265625,1118.6819458007812,79.53955078125,85.9024658203125
IMG_0050.mp4,545,18.184833333333334,29.97002997002997,111,2,traffic_signs,0.919615626335144,3099.407470703125,1107.9287109375,3275.49560546875,1241.7880859375,3187.4515380859375,1174.8583984375,176.088134765625,133.859375
IMG_0050.mp4,545,18.184833333333334,29.97002997002997,236,2,traffic_signs,0.7500756978988647,1472.302978515625,999.9046630859375,1548.077880859375,1079.0269775390625,1510.1904296875,1039.4658203125,75.77490234375,79.122314453125
IMG_0050.mp4,545,18.184833333333334,29.97002997002997,238,2,traffic_signs,0.26787903904914856,2404.64404296875,1349.451904296875,2438.045654296875,1373.2635498046875,2421.3448486328125,1361.3577270507812,33.401611328125,23.8116455078125
IMG_0050.mp4,546,18.2182,29.97002997002997,228,2,traffic_signs,0.9109727740287781,1798.8343505859375,1142.7095947265625,1838.9669189453125,1205.6072998046875,1818.900634765625,1174.158447265625,40.132568359375,62.897705078125
IMG_0050.mp4,546,18.2182,29.97002997002997,231,2,traffic_signs,0.8714210391044617,2760.11181640625,1385.6319580078125,2801.497802734375,1413.7401123046875,2780.8048095703125,1399.68603515625,41.385986328125,28.108154296875
IMG_0050.mp4,546,18.2182,29.97002997002997,174,2,traffic_signs,0.8317152857780457,1461.1768798828125,1076.279541015625,1542.92041015625,1163.0372314453125,1502.0486450195312,1119.6583862304688,81.7435302734375,86.7576904296875
IMG_0050.mp4,546,18.2182,29.97002997002997,111,2,traffic_signs,0.9276081323623657,3120.97314453125,1104.5318603515625,3305.47314453125,1241.18408203125,3213.22314453125,1172.8579711914062,184.5,136.6522216796875
IMG_0050.mp4,546,18.2182,29.97002997002997,236,2,traffic_signs,0.6918906569480896,1478.580078125,998.9515991210938,1554.3262939453125,1081.632568359375,1516.4531860351562,1040.2920837402344,75.7462158203125,82.68096923828125
IMG_0050.mp4,546,18.2182,29.97002997002997,238,2,traffic_signs,0.447147399187088,2415.78759765625,1352.518798828125,2449.0498046875,1377.116455078125,2432.418701171875,1364.817626953125,33.26220703125,24.59765625
IMG_0050.mp4,547,18.251566666666665,29.97002997002997,228,2,traffic_signs,0.8990548849105835,1807.5347900390625,1144.5467529296875,1847.746337890625,1207.1612548828125,1827.6405639648438,1175.85400390625,40.2115478515625,62.614501953125
IMG_0050.mp4,547,18.251566666666665,29.97002997002997,231,2,traffic_signs,0.8802860975265503,2778.380126953125,1389.81591796875,2819.4248046875,1417.1612548828125,2798.9024658203125,1403.4885864257812,41.044677734375,27.3453369140625
IMG_0050.mp4,547,18.251566666666665,29.97002997002997,174,2,traffic_signs,0.5604351758956909,1467.799072265625,1070.3116455078125,1549.599609375,1163.9337158203125,1508.6993408203125,1117.1226806640625,81.800537109375,93.6220703125
IMG_0050.mp4,547,18.251566666666665,29.97002997002997,111,2,traffic_signs,0.9212363958358765,3149.43798828125,1101.4774169921875,3333.838134765625,1240.9302978515625,3241.6380615234375,1171.203857421875,184.400146484375,139.452880859375
IMG_0050.mp4,547,18.251566666666665,29.97002997002997,236,2,traffic_signs,0.5244731903076172,1485.5408935546875,999.8658447265625,1559.81591796875,1082.02978515625,1522.6784057617188,1040.9478149414062,74.2750244140625,82.1639404296875
IMG_0050.mp4,548,18.284933333333335,29.97002997002997,228,2,traffic_signs,0.9005749225616455,1817.1298828125,1144.7701416015625,1857.292236328125,1208.297119140625,1837.2110595703125,1176.5336303710938,40.162353515625,63.5269775390625
IMG_0050.mp4,548,18.284933333333335,29.97002997002997,231,2,traffic_signs,0.8686811327934265,2793.829345703125,1392.4134521484375,2838.57470703125,1417.46044921875,2816.2020263671875,1404.9369506835938,44.745361328125,25.0469970703125
IMG_0050.mp4,548,18.284933333333335,29.97002997002997,174,2,traffic_signs,0.8702815175056458,1473.9197998046875,1023.605712890625,1563.7926025390625,1165.8494873046875,1518.856201171875,1094.7276000976562,89.872802734375,142.2437744140625
IMG_0050.mp4,548,18.284933333333335,29.97002997002997,111,2,traffic_signs,0.9372131824493408,3174.981689453125,1096.906494140625,3365.990966796875,1240.7794189453125,3270.486328125,1168.8429565429688,191.00927734375,143.8729248046875
IMG_0050.mp4,548,18.284933333333335,29.97002997002997,238,2,traffic_signs,0.33679357171058655,2445.752685546875,1356.911865234375,2477.6259765625,1379.1204833984375,2461.6893310546875,1368.0161743164062,31.873291015625,22.2086181640625
IMG_0050.mp4,549,18.3183,29.97002997002997,228,2,traffic_signs,0.7745752334594727,1827.481201171875,1145.83740234375,1867.1712646484375,1207.9619140625,1847.3262329101562,1176.899658203125,39.6900634765625,62.12451171875
IMG_0050.mp4,549,18.3183,29.97002997002997,231,2,traffic_signs,0.8771758675575256,2812.691162109375,1394.995361328125,2857.76611328125,1419.4639892578125,2835.2286376953125,1407.2296752929688,45.074951171875,24.4686279296875
IMG_0050.mp4,549,18.3183,29.97002997002997,174,2,traffic_signs,0.8686903119087219,1480.939453125,1006.065673828125,1573.17333984375,1168.3079833984375,1527.056396484375,1087.1868286132812,92.23388671875,162.2423095703125
IMG_0050.mp4,549,18.3183,29.97002997002997,111,2,traffic_signs,0.9238123893737793,3204.5224609375,1093.030029296875,3398.306884765625,1238.9039306640625,3301.4146728515625,1165.9669799804688,193.784423828125,145.8739013671875
IMG_0050.mp4,550,18.351666666666667,29.97002997002997,228,2,traffic_signs,0.776823878288269,1835.9404296875,1146.735107421875,1876.0159912109375,1209.8446044921875,1855.9782104492188,1178.2898559570312,40.0755615234375,63.1094970703125
IMG_0050.mp4,550,18.351666666666667,29.97002997002997,231,2,traffic_signs,0.8509119153022766,2830.638916015625,1396.2635498046875,2874.8564453125,1421.9527587890625,2852.7476806640625,1409.108154296875,44.217529296875,25.689208984375
IMG_0050.mp4,550,18.351666666666667,29.97002997002997,174,2,traffic_signs,0.8573262095451355,1487.0458984375,998.3480224609375,1581.5103759765625,1169.4454345703125,1534.2781372070312,1083.896728515625,94.4644775390625,171.097412109375
IMG_0050.mp4,550,18.351666666666667,29.97002997002997,111,2,traffic_signs,0.9457274079322815,3229.23779296875,1090.7537841796875,3431.398193359375,1238.5352783203125,3330.3179931640625,1164.64453125,202.160400390625,147.781494140625
IMG_0050.mp4,550,18.351666666666667,29.97002997002997,238,2,traffic_signs,0.2739464044570923,2472.388427734375,1361.2171630859375,2507.8759765625,1384.9359130859375,2490.1322021484375,1373.0765380859375,35.487548828125,23.71875
IMG_0050.mp4,551,18.385033333333332,29.97002997002997,228,2,traffic_signs,0.9093335866928101,1845.4869384765625,1147.6396484375,1886.631103515625,1210.8636474609375,1866.0590209960938,1179.2516479492188,41.1441650390625,63.2239990234375
IMG_0050.mp4,551,18.385033333333332,29.97002997002997,231,2,traffic_signs,0.8016692996025085,2849.511962890625,1399.4808349609375,2893.487060546875,1425.91552734375,2871.49951171875,1412.6981811523438,43.97509765625,26.4346923828125
IMG_0050.mp4,551,18.385033333333332,29.97002997002997,174,2,traffic_signs,0.8670051693916321,1493.0015869140625,996.0718383789062,1589.8780517578125,1171.1422119140625,1541.4398193359375,1083.6070251464844,96.87646484375,175.07037353515625
IMG_0050.mp4,551,18.385033333333332,29.97002997002997,111,2,traffic_signs,0.9351721405982971,3260.09814453125,1088.429931640625,3465.767333984375,1236.0426025390625,3362.9327392578125,1162.2362670898438,205.669189453125,147.6126708984375
IMG_0050.mp4,552,18.418400000000002,29.97002997002997,228,2,traffic_signs,0.9113237857818604,1856.4512939453125,1147.4649658203125,1896.647216796875,1211.1727294921875,1876.5492553710938,1179.31884765625,40.1959228515625,63.707763671875
IMG_0050.mp4,552,18.418400000000002,29.97002997002997,231,2,traffic_signs,0.5763992667198181,2868.75048828125,1401.4239501953125,2913.587158203125,1427.3428955078125,2891.1688232421875,1414.3834228515625,44.836669921875,25.9189453125
IMG_0050.mp4,552,18.418400000000002,29.97002997002997,174,2,traffic_signs,0.8758169412612915,1501.623046875,994.002197265625,1597.64404296875,1172.175048828125,1549.633544921875,1083.088623046875,96.02099609375,178.1728515625
IMG_0050.mp4,552,18.418400000000002,29.97002997002997,111,2,traffic_signs,0.9312552809715271,3292.622314453125,1084.680419921875,3501.647216796875,1234.7322998046875,3397.134765625,1159.7063598632812,209.02490234375,150.0518798828125
IMG_0050.mp4,553,18.451766666666668,29.97002997002997,228,2,traffic_signs,0.8982148170471191,1867.56396484375,1148.3438720703125,1909.592529296875,1211.4110107421875,1888.5782470703125,1179.87744140625,42.028564453125,63.067138671875
IMG_0050.mp4,553,18.451766666666668,29.97002997002997,174,2,traffic_signs,0.8615943193435669,1509.7279052734375,993.4638061523438,1607.4130859375,1173.1817626953125,1558.5704956054688,1083.3227844238281,97.6851806640625,179.71795654296875
IMG_0050.mp4,553,18.451766666666668,29.97002997002997,111,2,traffic_signs,0.9318310022354126,3326.5517578125,1080.3746337890625,3541.554931640625,1233.8245849609375,3434.0533447265625,1157.099609375,215.003173828125,153.449951171875
IMG_0050.mp4,553,18.451766666666668,29.97002997002997,238,2,traffic_signs,0.45546090602874756,2517.339599609375,1369.0826416015625,2556.077392578125,1391.683837890625,2536.70849609375,1380.3832397460938,38.73779296875,22.6011962890625
IMG_0050.mp4,554,18.485133333333334,29.97002997002997,228,2,traffic_signs,0.8603554964065552,1877.51513671875,1150.1934814453125,1919.278564453125,1215.2213134765625,1898.3968505859375,1182.7073974609375,41.763427734375,65.02783203125
IMG_0050.mp4,554,18.485133333333334,29.97002997002997,174,2,traffic_signs,0.8785837888717651,1516.1396484375,995.3428344726562,1615.3028564453125,1176.015625,1565.7212524414062,1085.6792297363281,99.1632080078125,180.67279052734375
IMG_0050.mp4,554,18.485133333333334,29.97002997002997,238,2,traffic_signs,0.3938486576080322,2533.2373046875,1372.246826171875,2569.214599609375,1395.4248046875,2551.2259521484375,1383.8358154296875,35.977294921875,23.177978515625
IMG_0050.mp4,554,18.485133333333334,29.97002997002997,231,2,traffic_signs,0.40842950344085693,2906.84130859375,1405.8377685546875,2951.510009765625,1433.71728515625,2929.1756591796875,1419.7775268554688,44.668701171875,27.8795166015625
IMG_0050.mp4,555,18.5185,29.97002997002997,228,2,traffic_signs,0.89518141746521,1889.3486328125,1150.94140625,1932.406494140625,1216.220947265625,1910.8775634765625,1183.5811767578125,43.057861328125,65.279541015625
IMG_0050.mp4,555,18.5185,29.97002997002997,174,2,traffic_signs,0.8897259831428528,1526.406494140625,996.1080322265625,1624.535400390625,1176.38671875,1575.470947265625,1086.2473754882812,98.12890625,180.2786865234375
IMG_0050.mp4,555,18.5185,29.97002997002997,238,2,traffic_signs,0.6631487011909485,2552.123046875,1374.0458984375,2588.08935546875,1397.493896484375,2570.106201171875,1385.7698974609375,35.96630859375,23.447998046875
IMG_0050.mp4,556,18.551866666666665,29.97002997002997,228,2,traffic_signs,0.7275425791740417,1898.947998046875,1150.3377685546875,1941.862548828125,1216.984375,1920.4052734375,1183.6610717773438,42.91455078125,66.6466064453125
IMG_0050.mp4,556,18.551866666666665,29.97002997002997,174,2,traffic_signs,0.8688585162162781,1534.0545654296875,996.3441162109375,1631.392578125,1175.9781494140625,1582.7235717773438,1086.1611328125,97.3380126953125,179.634033203125
IMG_0050.mp4,556,18.551866666666665,29.97002997002997,238,2,traffic_signs,0.5325906276702881,2567.56298828125,1375.1033935546875,2604.898681640625,1399.7843017578125,2586.2308349609375,1387.44384765625,37.335693359375,24.680908203125
IMG_0050.mp4,556,18.551866666666665,29.97002997002997,231,2,traffic_signs,0.5505622625350952,2948.20849609375,1407.407958984375,2993.96826171875,1438.0576171875,2971.08837890625,1422.7327880859375,45.759765625,30.649658203125
IMG_0050.mp4,557,18.585233333333335,29.97002997002997,228,2,traffic_signs,0.8757131099700928,1910.0931396484375,1151.248291015625,1954.3389892578125,1216.8221435546875,1932.216064453125,1184.0352172851562,44.245849609375,65.5738525390625
IMG_0050.mp4,557,18.585233333333335,29.97002997002997,174,2,traffic_signs,0.8619828224182129,1542.7144775390625,997.7661743164062,1639.7528076171875,1177.515625,1591.233642578125,1087.6408996582031,97.038330078125,179.74945068359375
IMG_0050.mp4,557,18.585233333333335,29.97002997002997,238,2,traffic_signs,0.48545172810554504,2586.09619140625,1377.8536376953125,2622.343505859375,1402.188720703125,2604.2198486328125,1390.0211791992188,36.247314453125,24.3350830078125
IMG_0050.mp4,557,18.585233333333335,29.97002997002997,231,2,traffic_signs,0.5755239725112915,2968.877685546875,1408.8507080078125,3016.023193359375,1439.66259765625,2992.450439453125,1424.2566528320312,47.1455078125,30.8118896484375
IMG_0050.mp4,558,18.6186,29.97002997002997,228,2,traffic_signs,0.9123818278312683,1919.4166259765625,1154.1697998046875,1964.2706298828125,1217.3406982421875,1941.8436279296875,1185.7552490234375,44.85400390625,63.1708984375
IMG_0050.mp4,558,18.6186,29.97002997002997,174,2,traffic_signs,0.8775174617767334,1549.318115234375,997.8374633789062,1646.017333984375,1179.160400390625,1597.667724609375,1088.4989318847656,96.69921875,181.32293701171875
IMG_0050.mp4,558,18.6186,29.97002997002997,238,2,traffic_signs,0.4615303575992584,2601.13232421875,1381.03662109375,2641.182373046875,1408.1986083984375,2621.1573486328125,1394.6176147460938,40.050048828125,27.1619873046875
IMG_0050.mp4,558,18.6186,29.97002997002997,231,2,traffic_signs,0.8446593284606934,2991.832275390625,1412.40625,3035.482177734375,1443.736328125,3013.6572265625,1428.0712890625,43.64990234375,31.330078125
IMG_0050.mp4,558,18.6186,29.97002997002997,241,2,traffic_signs,0.44791895151138306,1100.1517333984375,1088.3016357421875,1164.60791015625,1144.26220703125,1132.3798217773438,1116.2819213867188,64.4561767578125,55.9605712890625
IMG_0050.mp4,559,18.651966666666667,29.97002997002997,228,2,traffic_signs,0.9119077920913696,1930.6907958984375,1155.0452880859375,1976.7283935546875,1219.291259765625,1953.7095947265625,1187.1682739257812,46.03759765625,64.2459716796875
IMG_0050.mp4,559,18.651966666666667,29.97002997002997,174,2,traffic_signs,0.8827366232872009,1557.54541015625,998.3054809570312,1655.77587890625,1180.596923828125,1606.66064453125,1089.4512023925781,98.23046875,182.29144287109375
IMG_0050.mp4,559,18.651966666666667,29.97002997002997,231,2,traffic_signs,0.8146010041236877,3012.5810546875,1416.4034423828125,3058.48486328125,1447.843017578125,3035.532958984375,1432.1232299804688,45.90380859375,31.4395751953125
IMG_0050.mp4,559,18.651966666666667,29.97002997002997,241,2,traffic_signs,0.8243535757064819,1111.9486083984375,1091.398193359375,1174.7080078125,1146.0545654296875,1143.3283081054688,1118.7263793945312,62.7593994140625,54.6563720703125
IMG_0050.mp4,560,18.685333333333332,29.97002997002997,228,2,traffic_signs,0.87757408618927,1942.5194091796875,1155.3043212890625,1987.5330810546875,1220.3006591796875,1965.0262451171875,1187.802490234375,45.013671875,64.996337890625
IMG_0050.mp4,560,18.685333333333332,29.97002997002997,174,2,traffic_signs,0.9079976677894592,1563.4893798828125,999.386474609375,1663.638427734375,1180.353759765625,1613.5639038085938,1089.8701171875,100.1490478515625,180.96728515625
IMG_0050.mp4,560,18.685333333333332,29.97002997002997,231,2,traffic_signs,0.8006976246833801,3034.210693359375,1418.295654296875,3080.996337890625,1451.5521240234375,3057.603515625,1434.9238891601562,46.78564453125,33.2564697265625
IMG_0050.mp4,560,18.685333333333332,29.97002997002997,241,2,traffic_signs,0.893395721912384,1121.99853515625,1092.7021484375,1184.049072265625,1148.7950439453125,1153.0238037109375,1120.7485961914062,62.050537109375,56.0928955078125
IMG_0050.mp4,560,18.685333333333332,29.97002997002997,238,2,traffic_signs,0.5822367668151855,2634.940673828125,1384.88525390625,2676.655517578125,1411.219970703125,2655.798095703125,1398.0526123046875,41.71484375,26.334716796875
IMG_0050.mp4,561,18.718700000000002,29.97002997002997,228,2,traffic_signs,0.9053723216056824,1954.7550048828125,1155.9810791015625,1999.785400390625,1221.1246337890625,1977.2702026367188,1188.5528564453125,45.0303955078125,65.1435546875
IMG_0050.mp4,561,18.718700000000002,29.97002997002997,174,2,traffic_signs,0.9063724875450134,1574.0445556640625,1000.0592651367188,1673.54443359375,1181.001708984375,1623.7944946289062,1090.5304870605469,99.4998779296875,180.94244384765625
IMG_0050.mp4,561,18.718700000000002,29.97002997002997,231,2,traffic_signs,0.8777078986167908,3055.028564453125,1420.5833740234375,3103.8974609375,1453.545166015625,3079.4630126953125,1437.0642700195312,48.868896484375,32.9617919921875
IMG_0050.mp4,561,18.718700000000002,29.97002997002997,241,2,traffic_signs,0.9085313677787781,1134.9674072265625,1096.08935546875,1195.9063720703125,1150.1181640625,1165.4368896484375,1123.103759765625,60.93896484375,54.02880859375
IMG_0050.mp4,561,18.718700000000002,29.97002997002997,238,2,traffic_signs,0.49949291348457336,2651.912353515625,1387.23046875,2693.599365234375,1413.85791015625,2672.755859375,1400.544189453125,41.68701171875,26.62744140625
IMG_0050.mp4,562,18.752066666666668,29.97002997002997,228,2,traffic_signs,0.9190015196800232,1967.2569580078125,1157.203857421875,2010.7113037109375,1223.3626708984375,1988.984130859375,1190.2832641601562,43.454345703125,66.1588134765625
IMG_0050.mp4,562,18.752066666666668,29.97002997002997,174,2,traffic_signs,0.9052033424377441,1581.03955078125,1000.1831665039062,1682.4578857421875,1182.6453857421875,1631.7487182617188,1091.4142761230469,101.4183349609375,182.46221923828125
IMG_0050.mp4,562,18.752066666666668,29.97002997002997,231,2,traffic_signs,0.7770838737487793,3076.661865234375,1423.5443115234375,3127.693603515625,1456.292724609375,3102.177734375,1439.9185180664062,51.03173828125,32.7484130859375
IMG_0050.mp4,562,18.752066666666668,29.97002997002997,241,2,traffic_signs,0.9105303883552551,1148.6959228515625,1095.973388671875,1206.847412109375,1150.3026123046875,1177.7716674804688,1123.1380004882812,58.1514892578125,54.3292236328125
IMG_0050.mp4,562,18.752066666666668,29.97002997002997,238,2,traffic_signs,0.4716431796550751,2667.67529296875,1388.9273681640625,2706.157958984375,1414.079345703125,2686.9166259765625,1401.5033569335938,38.482666015625,25.1519775390625
IMG_0050.mp4,563,18.785433333333334,29.97002997002997,228,2,traffic_signs,0.9092251658439636,1978.4429931640625,1158.425048828125,2022.423828125,1223.0078125,2000.4334106445312,1190.7164306640625,43.9808349609375,64.582763671875
IMG_0050.mp4,563,18.785433333333334,29.97002997002997,174,2,traffic_signs,0.9030331373214722,1589.299560546875,1000.8511352539062,1691.7900390625,1182.7747802734375,1640.5447998046875,1091.8129577636719,102.490478515625,181.92364501953125
IMG_0050.mp4,563,18.785433333333334,29.97002997002997,231,2,traffic_signs,0.8597554564476013,3100.091796875,1427.0372314453125,3151.158203125,1460.0604248046875,3125.625,1443.548828125,51.06640625,33.023193359375
IMG_0050.mp4,563,18.785433333333334,29.97002997002997,241,2,traffic_signs,0.9070672988891602,1157.8560791015625,1099.0472412109375,1217.477783203125,1153.143310546875,1187.6669311523438,1126.0952758789062,59.6217041015625,54.0960693359375
IMG_0050.mp4,563,18.785433333333334,29.97002997002997,238,2,traffic_signs,0.5616440773010254,2685.76904296875,1391.67041015625,2723.260986328125,1415.3009033203125,2704.5150146484375,1403.4856567382812,37.491943359375,23.6304931640625
IMG_0050.mp4,564,18.8188,29.97002997002997,228,2,traffic_signs,0.9317957758903503,1990.3040771484375,1159.945068359375,2034.5823974609375,1224.4925537109375,2012.4432373046875,1192.2188110351562,44.2783203125,64.5474853515625
IMG_0050.mp4,564,18.8188,29.97002997002997,174,2,traffic_signs,0.9033122062683105,1599.1915283203125,1001.5054931640625,1701.40185546875,1183.88134765625,1650.2966918945312,1092.6934204101562,102.2103271484375,182.3758544921875
IMG_0050.mp4,564,18.8188,29.97002997002997,231,2,traffic_signs,0.8972069025039673,3122.787841796875,1428.761962890625,3175.797119140625,1463.66455078125,3149.29248046875,1446.2132568359375,53.00927734375,34.902587890625
IMG_0050.mp4,564,18.8188,29.97002997002997,241,2,traffic_signs,0.8500073552131653,1170.42626953125,1101.431884765625,1230.71533203125,1154.98974609375,1200.57080078125,1128.2108154296875,60.2890625,53.557861328125
IMG_0050.mp4,564,18.8188,29.97002997002997,238,2,traffic_signs,0.6699772477149963,2703.969970703125,1394.0455322265625,2741.65771484375,1418.5516357421875,2722.8138427734375,1406.298583984375,37.687744140625,24.506103515625
IMG_0050.mp4,565,18.852166666666665,29.97002997002997,228,2,traffic_signs,0.9245173335075378,2001.372314453125,1161.2982177734375,2047.888671875,1225.4866943359375,2024.6304931640625,1193.3924560546875,46.516357421875,64.1884765625
IMG_0050.mp4,565,18.852166666666665,29.97002997002997,174,2,traffic_signs,0.9038015604019165,1608.6192626953125,1002.3902587890625,1711.5943603515625,1184.938232421875,1660.1068115234375,1093.6642456054688,102.97509765625,182.5479736328125
IMG_0050.mp4,565,18.852166666666665,29.97002997002997,231,2,traffic_signs,0.906158983707428,3146.78955078125,1430.2564697265625,3201.91259765625,1465.41064453125,3174.35107421875,1447.8335571289062,55.123046875,35.1541748046875
IMG_0050.mp4,565,18.852166666666665,29.97002997002997,241,2,traffic_signs,0.8895230293273926,1182.3123779296875,1103.4229736328125,1242.8216552734375,1158.0098876953125,1212.5670166015625,1130.7164306640625,60.50927734375,54.5869140625
IMG_0050.mp4,565,18.852166666666665,29.97002997002997,238,2,traffic_signs,0.26272526383399963,2721.38671875,1397.625244140625,2758.863525390625,1421.45654296875,2740.1251220703125,1409.5408935546875,37.476806640625,23.831298828125
IMG_0050.mp4,566,18.885533333333335,29.97002997002997,228,2,traffic_signs,0.9307436347007751,2015.220947265625,1162.5184326171875,2060.092529296875,1227.9720458984375,2037.65673828125,1195.2452392578125,44.87158203125,65.45361328125
IMG_0050.mp4,566,18.885533333333335,29.97002997002997,174,2,traffic_signs,0.8959794044494629,1619.7537841796875,1002.6296997070312,1721.1005859375,1185.906982421875,1670.4271850585938,1094.2683410644531,101.3468017578125,183.27728271484375
IMG_0050.mp4,566,18.885533333333335,29.97002997002997,231,2,traffic_signs,0.8532081842422485,3171.994384765625,1432.711669921875,3226.31787109375,1468.7574462890625,3199.1561279296875,1450.7345581054688,54.323486328125,36.0457763671875
IMG_0050.mp4,566,18.885533333333335,29.97002997002997,241,2,traffic_signs,0.8524801135063171,1193.5377197265625,1104.1348876953125,1255.3272705078125,1161.8583984375,1224.4324951171875,1132.9966430664062,61.78955078125,57.7235107421875
IMG_0050.mp4,567,18.9189,29.97002997002997,228,2,traffic_signs,0.9091758131980896,2027.121826171875,1164.3125,2073.472412109375,1230.6055908203125,2050.297119140625,1197.4590454101562,46.3505859375,66.2930908203125
IMG_0050.mp4,567,18.9189,29.97002997002997,174,2,traffic_signs,0.8960018157958984,1628.6051025390625,1002.2888793945312,1730.743896484375,1189.353759765625,1679.6744995117188,1095.8213195800781,102.1387939453125,187.06488037109375
IMG_0050.mp4,567,18.9189,29.97002997002997,231,2,traffic_signs,0.8859172463417053,3197.880126953125,1437.2003173828125,3251.26416015625,1472.5479736328125,3224.5721435546875,1454.8741455078125,53.384033203125,35.34765625
IMG_0050.mp4,567,18.9189,29.97002997002997,241,2,traffic_signs,0.8996335864067078,1204.833740234375,1106.5977783203125,1266.5257568359375,1164.5887451171875,1235.6797485351562,1135.59326171875,61.6920166015625,57.990966796875
IMG_0050.mp4,568,18.952266666666667,29.97002997002997,228,2,traffic_signs,0.5974379181861877,2040.833251953125,1165.85400390625,2087.12890625,1231.792236328125,2063.9810791015625,1198.8231201171875,46.295654296875,65.938232421875
IMG_0050.mp4,568,18.952266666666667,29.97002997002997,174,2,traffic_signs,0.8800581693649292,1640.308837890625,1003.2772827148438,1743.1666259765625,1193.3331298828125,1691.7377319335938,1098.3052062988281,102.8577880859375,190.05584716796875
IMG_0050.mp4,568,18.952266666666667,29.97002997002997,231,2,traffic_signs,0.8772143721580505,3222.408447265625,1439.964599609375,3278.291259765625,1476.165283203125,3250.349853515625,1458.06494140625,55.8828125,36.20068359375
IMG_0050.mp4,568,18.952266666666667,29.97002997002997,241,2,traffic_signs,0.9161485433578491,1218.272705078125,1110.38720703125,1280.3690185546875,1167.1849365234375,1249.3208618164062,1138.7860717773438,62.0963134765625,56.7977294921875
IMG_0050.mp4,568,18.952266666666667,29.97002997002997,238,2,traffic_signs,0.293317973613739,2781.913330078125,1404.5994873046875,2818.733642578125,1428.297119140625,2800.323486328125,1416.4483032226562,36.8203125,23.6976318359375
IMG_0050.mp4,569,18.985633333333332,29.97002997002997,228,2,traffic_signs,0.9097052812576294,2053.90576171875,1167.306884765625,2100.25341796875,1233.8560791015625,2077.07958984375,1200.5814819335938,46.34765625,66.5491943359375
IMG_0050.mp4,569,18.985633333333332,29.97002997002997,174,2,traffic_signs,0.8731234669685364,1651.1568603515625,1001.977294921875,1753.3768310546875,1194.590087890625,1702.266845703125,1098.28369140625,102.219970703125,192.61279296875
IMG_0050.mp4,569,18.985633333333332,29.97002997002997,231,2,traffic_signs,0.8748607039451599,3250.90576171875,1443.4117431640625,3306.281982421875,1479.5306396484375,3278.5938720703125,1461.47119140625,55.376220703125,36.118896484375
IMG_0050.mp4,569,18.985633333333332,29.97002997002997,241,2,traffic_signs,0.9165233969688416,1230.7169189453125,1112.729736328125,1292.70654296875,1168.531982421875,1261.7117309570312,1140.630859375,61.9896240234375,55.80224609375
IMG_0050.mp4,569,18.985633333333332,29.97002997002997,238,2,traffic_signs,0.390364408493042,2802.04638671875,1407.47265625,2839.276123046875,1433.0684814453125,2820.6612548828125,1420.2705688476562,37.229736328125,25.5958251953125
IMG_0050.mp4,570,19.019000000000002,29.97002997002997,228,2,traffic_signs,0.7164042592048645,2067.416015625,1168.682373046875,2113.6201171875,1235.67333984375,2090.51806640625,1202.1778564453125,46.2041015625,66.990966796875
IMG_0050.mp4,570,19.019000000000002,29.97002997002997,174,2,traffic_signs,0.8896285891532898,1662.6845703125,1003.98095703125,1765.0174560546875,1195.0289306640625,1713.8510131835938,1099.5049438476562,102.3328857421875,191.0479736328125
IMG_0050.mp4,570,19.019000000000002,29.97002997002997,231,2,traffic_signs,0.8538597226142883,3278.566162109375,1445.6826171875,3334.192138671875,1480.9530029296875,3306.379150390625,1463.3178100585938,55.6259765625,35.2703857421875
IMG_0050.mp4,570,19.019000000000002,29.97002997002997,241,2,traffic_signs,0.9238341450691223,1243.5538330078125,1114.48681640625,1306.7943115234375,1171.3980712890625,1275.174072265625,1142.9424438476562,63.240478515625,56.9112548828125
IMG_0050.mp4,571,19.052366666666668,29.97002997002997,228,2,traffic_signs,0.905239462852478,2081.6240234375,1170.1912841796875,2129.150634765625,1236.744873046875,2105.3873291015625,1203.4680786132812,47.526611328125,66.5535888671875
IMG_0050.mp4,571,19.052366666666668,29.97002997002997,174,2,traffic_signs,0.8910120129585266,1671.967529296875,1004.938232421875,1777.3974609375,1195.6827392578125,1724.6824951171875,1100.3104858398438,105.429931640625,190.7445068359375
IMG_0050.mp4,571,19.052366666666668,29.97002997002997,231,2,traffic_signs,0.8630268573760986,3307.422119140625,1448.5404052734375,3366.20361328125,1484.882080078125,3336.8128662109375,1466.7112426757812,58.781494140625,36.3416748046875
IMG_0050.mp4,571,19.052366666666668,29.97002997002997,241,2,traffic_signs,0.9280253052711487,1257.523681640625,1116.9647216796875,1319.8233642578125,1172.8336181640625,1288.6735229492188,1144.899169921875,62.2996826171875,55.868896484375
IMG_0050.mp4,572,19.085733333333334,29.97002997002997,228,2,traffic_signs,0.9117545485496521,2095.540771484375,1172.530517578125,2143.742431640625,1238.4166259765625,2119.6416015625,1205.4735717773438,48.20166015625,65.8861083984375
IMG_0050.mp4,572,19.085733333333334,29.97002997002997,174,2,traffic_signs,0.8997204899787903,1684.1143798828125,1004.570068359375,1790.1578369140625,1197.3514404296875,1737.1361083984375,1100.9607543945312,106.04345703125,192.7813720703125
IMG_0050.mp4,572,19.085733333333334,29.97002997002997,231,2,traffic_signs,0.91946941614151,3336.78857421875,1451.011474609375,3396.99658203125,1490.36865234375,3366.892578125,1470.6900634765625,60.2080078125,39.357177734375
IMG_0050.mp4,572,19.085733333333334,29.97002997002997,241,2,traffic_signs,0.9275805354118347,1271.6583251953125,1119.04150390625,1334.0823974609375,1176.2230224609375,1302.870361328125,1147.6322631835938,62.424072265625,57.1815185546875
IMG_0050.mp4,573,19.1191,29.97002997002997,228,2,traffic_signs,0.788011372089386,2109.98876953125,1174.190185546875,2158.3623046875,1239.8408203125,2134.175537109375,1207.0155029296875,48.37353515625,65.650634765625
IMG_0050.mp4,573,19.1191,29.97002997002997,174,2,traffic_signs,0.902515709400177,1695.29052734375,1004.2767944335938,1801.316650390625,1198.05810546875,1748.3035888671875,1101.1674499511719,106.026123046875,193.78131103515625
IMG_0050.mp4,573,19.1191,29.97002997002997,231,2,traffic_signs,0.8598650693893433,3365.4765625,1454.93798828125,3426.27392578125,1493.876220703125,3395.875244140625,1474.4071044921875,60.79736328125,38.938232421875
IMG_0050.mp4,573,19.1191,29.97002997002997,241,2,traffic_signs,0.926443338394165,1285.5838623046875,1121.0679931640625,1347.45166015625,1178.7747802734375,1316.5177612304688,1149.92138671875,61.8677978515625,57.706787109375
IMG_0050.mp4,574,19.152466666666665,29.97002997002997,228,2,traffic_signs,0.8922408819198608,2125.724853515625,1174.54296875,2174.270751953125,1240.853515625,2149.997802734375,1207.6982421875,48.5458984375,66.310546875
IMG_0050.mp4,574,19.152466666666665,29.97002997002997,174,2,traffic_signs,0.9072288274765015,1708.19384765625,1005.5970458984375,1813.959716796875,1199.3095703125,1761.0767822265625,1102.4533081054688,105.765869140625,193.7125244140625
IMG_0050.mp4,574,19.152466666666665,29.97002997002997,231,2,traffic_signs,0.8541725873947144,3396.478271484375,1458.3568115234375,3458.243408203125,1497.1494140625,3427.36083984375,1477.7531127929688,61.76513671875,38.7926025390625
IMG_0050.mp4,574,19.152466666666665,29.97002997002997,241,2,traffic_signs,0.7734154462814331,1299.207275390625,1122.6495361328125,1361.0751953125,1181.3258056640625,1330.1412353515625,1151.9876708984375,61.867919921875,58.67626953125
IMG_0050.mp4,575,19.185833333333335,29.97002997002997,228,2,traffic_signs,0.8528084754943848,2140.1298828125,1175.30517578125,2189.41650390625,1242.3759765625,2164.773193359375,1208.840576171875,49.28662109375,67.07080078125
IMG_0050.mp4,575,19.185833333333335,29.97002997002997,174,2,traffic_signs,0.8949857950210571,1720.1348876953125,1005.6761474609375,1826.9940185546875,1201.33837890625,1773.564453125,1103.5072631835938,106.859130859375,195.6622314453125
IMG_0050.mp4,575,19.185833333333335,29.97002997002997,231,2,traffic_signs,0.8990664482116699,3427.4560546875,1460.8232421875,3490.384521484375,1500.444580078125,3458.9202880859375,1480.6339111328125,62.928466796875,39.621337890625
IMG_0050.mp4,575,19.185833333333335,29.97002997002997,241,2,traffic_signs,0.563136100769043,1313.63427734375,1125.175537109375,1375.188232421875,1181.9403076171875,1344.4112548828125,1153.5579223632812,61.553955078125,56.7647705078125
IMG_0050.mp4,576,19.2192,29.97002997002997,228,2,traffic_signs,0.8718026280403137,2155.783447265625,1177.37548828125,2205.569091796875,1246.1578369140625,2180.67626953125,1211.7666625976562,49.78564453125,68.7823486328125
IMG_0050.mp4,576,19.2192,29.97002997002997,174,2,traffic_signs,0.8888723254203796,1733.55224609375,1005.6053466796875,1841.6868896484375,1203.4620361328125,1787.6195678710938,1104.53369140625,108.1346435546875,197.856689453125
IMG_0050.mp4,576,19.2192,29.97002997002997,231,2,traffic_signs,0.7150821685791016,3458.185302734375,1466.3607177734375,3522.12744140625,1504.705322265625,3490.1563720703125,1485.5330200195312,63.942138671875,38.3446044921875
IMG_0050.mp4,576,19.2192,29.97002997002997,241,2,traffic_signs,0.9301640391349792,1329.632080078125,1127.7562255859375,1392.055908203125,1183.880859375,1360.843994140625,1155.8185424804688,62.423828125,56.1246337890625
IMG_0050.mp4,577,19.252566666666667,29.97002997002997,228,2,traffic_signs,0.9007583856582642,2172.1220703125,1178.7281494140625,2223.4541015625,1248.77392578125,2197.7880859375,1213.7510375976562,51.33203125,70.0457763671875
IMG_0050.mp4,577,19.252566666666667,29.97002997002997,174,2,traffic_signs,0.543222963809967,1746.618896484375,1008.2365112304688,1855.9456787109375,1206.1370849609375,1801.2822875976562,1107.1867980957031,109.3267822265625,197.90057373046875
IMG_0050.mp4,577,19.252566666666667,29.97002997002997,231,2,traffic_signs,0.7364213466644287,3492.675537109375,1470.1317138671875,3556.689208984375,1508.936279296875,3524.682373046875,1489.5339965820312,64.013671875,38.8045654296875
IMG_0050.mp4,577,19.252566666666667,29.97002997002997,241,2,traffic_signs,0.9304869771003723,1346.010986328125,1131.6666259765625,1407.8751220703125,1187.484619140625,1376.9430541992188,1159.5756225585938,61.8641357421875,55.8179931640625
IMG_0050.mp4,578,19.285933333333332,29.97002997002997,228,2,traffic_signs,0.8793899416923523,2187.251220703125,1180.2447509765625,2239.03515625,1249.779296875,2213.1431884765625,1215.0120239257812,51.783935546875,69.5345458984375
IMG_0050.mp4,578,19.285933333333332,29.97002997002997,174,2,traffic_signs,0.8928921818733215,1758.8343505859375,1010.075439453125,1869.2093505859375,1206.1400146484375,1814.0218505859375,1108.1077270507812,110.375,196.0645751953125
IMG_0050.mp4,578,19.285933333333332,29.97002997002997,231,2,traffic_signs,0.8760720491409302,3526.728271484375,1472.64990234375,3591.869384765625,1513.3970947265625,3559.298828125,1493.0234985351562,65.14111328125,40.7471923828125
IMG_0050.mp4,578,19.285933333333332,29.97002997002997,241,2,traffic_signs,0.9331958889961243,1360.136474609375,1133.746826171875,1423.1595458984375,1191.2728271484375,1391.6480102539062,1162.5098266601562,63.0230712890625,57.5260009765625
IMG_0050.mp4,579,19.319300000000002,29.97002997002997,228,2,traffic_signs,0.9072262048721313,2202.771240234375,1182.0118408203125,2255.5361328125,1251.0318603515625,2229.1536865234375,1216.5218505859375,52.764892578125,69.02001953125
IMG_0050.mp4,579,19.319300000000002,29.97002997002997,174,2,traffic_signs,0.8980402946472168,1768.521484375,1009.3870239257812,1881.6353759765625,1206.4114990234375,1825.0784301757812,1107.8992614746094,113.1138916015625,197.02447509765625
IMG_0050.mp4,579,19.319300000000002,29.97002997002997,231,2,traffic_signs,0.2927302420139313,3565.288330078125,1479.3775634765625,3631.927490234375,1519.4072265625,3598.60791015625,1499.3923950195312,66.63916015625,40.0296630859375
IMG_0050.mp4,579,19.319300000000002,29.97002997002997,241,2,traffic_signs,0.9248202443122864,1371.28466796875,1136.0855712890625,1434.6524658203125,1193.8687744140625,1402.9685668945312,1164.9771728515625,63.3677978515625,57.783203125
IMG_0050.mp4,580,19.352666666666668,29.97002997002997,228,2,traffic_signs,0.90386563539505,2219.661376953125,1183.087890625,2273.228271484375,1252.05810546875,2246.44482421875,1217.572998046875,53.56689453125,68.97021484375
IMG_0050.mp4,580,19.352666666666668,29.97002997002997,174,2,traffic_signs,0.8756797313690186,1785.1142578125,1009.2279663085938,1895.5697021484375,1207.6859130859375,1840.3419799804688,1108.4569396972656,110.4554443359375,198.45794677734375
IMG_0050.mp4,580,19.352666666666668,29.97002997002997,231,2,traffic_signs,0.6091518402099609,3600.5791015625,1481.8067626953125,3667.49462890625,1523.3009033203125,3634.036865234375,1502.5538330078125,66.91552734375,41.494140625
IMG_0050.mp4,580,19.352666666666668,29.97002997002997,241,2,traffic_signs,0.9251267313957214,1386.71826171875,1138.8662109375,1450.6673583984375,1195.5992431640625,1418.6928100585938,1167.2327270507812,63.9490966796875,56.7330322265625
IMG_0050.mp4,581,19.386033333333334,29.97002997002997,228,2,traffic_signs,0.8806183338165283,2235.75634765625,1185.08056640625,2290.322998046875,1254.2288818359375,2263.0396728515625,1219.6547241210938,54.566650390625,69.1483154296875
IMG_0050.mp4,581,19.386033333333334,29.97002997002997,174,2,traffic_signs,0.7620500326156616,1798.0009765625,1011.3748779296875,1910.609130859375,1209.037841796875,1854.3050537109375,1110.2063598632812,112.608154296875,197.6629638671875
IMG_0050.mp4,581,19.386033333333334,29.97002997002997,241,2,traffic_signs,0.9142427444458008,1403.259521484375,1140.89404296875,1467.0614013671875,1197.902099609375,1435.1604614257812,1169.3980712890625,63.8018798828125,57.008056640625
IMG_0050.mp4,582,19.4194,29.97002997002997,228,2,traffic_signs,0.7391244769096375,2252.368896484375,1186.31201171875,2307.421630859375,1255.98095703125,2279.895263671875,1221.146484375,55.052734375,69.6689453125
IMG_0050.mp4,582,19.4194,29.97002997002997,174,2,traffic_signs,0.8664211630821228,1812.115234375,1012.777587890625,1926.5098876953125,1210.1424560546875,1869.3125610351562,1111.4600219726562,114.3946533203125,197.3648681640625
IMG_0050.mp4,582,19.4194,29.97002997002997,241,2,traffic_signs,0.9224867224693298,1420.052978515625,1143.1839599609375,1483.122314453125,1201.2674560546875,1451.587646484375,1172.2257080078125,63.0693359375,58.08349609375
IMG_0050.mp4,583,19.452766666666665,29.97002997002997,228,2,traffic_signs,0.8387910723686218,2268.747314453125,1188.0472412109375,2325.016357421875,1258.29248046875,2296.8818359375,1223.1698608398438,56.26904296875,70.2452392578125
IMG_0050.mp4,583,19.452766666666665,29.97002997002997,174,2,traffic_signs,0.8877220749855042,1827.169189453125,1013.388671875,1940.8546142578125,1212.604736328125,1884.0119018554688,1112.9967041015625,113.6854248046875,199.216064453125
IMG_0050.mp4,583,19.452766666666665,29.97002997002997,241,2,traffic_signs,0.9189571738243103,1434.3507080078125,1144.7369384765625,1497.2916259765625,1202.8890380859375,1465.8211669921875,1173.81298828125,62.94091796875,58.152099609375
IMG_0050.mp4,584,19.486133333333335,29.97002997002997,228,2,traffic_signs,0.8759978413581848,2286.720458984375,1190.8824462890625,2344.387451171875,1260.2845458984375,2315.553955078125,1225.58349609375,57.6669921875,69.402099609375
IMG_0050.mp4,584,19.486133333333335,29.97002997002997,174,2,traffic_signs,0.879024088382721,1841.580078125,1014.7322387695312,1956.229736328125,1214.9603271484375,1898.9049072265625,1114.8462829589844,114.649658203125,200.22808837890625
IMG_0050.mp4,584,19.486133333333335,29.97002997002997,241,2,traffic_signs,0.9166062474250793,1448.340087890625,1146.7794189453125,1511.3077392578125,1205.7391357421875,1479.8239135742188,1176.25927734375,62.9676513671875,58.959716796875
IMG_0050.mp4,584,19.486133333333335,29.97002997002997,238,2,traffic_signs,0.46968963742256165,3156.659423828125,1454.917236328125,3206.828369140625,1484.0013427734375,3181.743896484375,1469.4592895507812,50.1689453125,29.0841064453125
IMG_0050.mp4,585,19.5195,29.97002997002997,228,2,traffic_signs,0.8846238255500793,2305.11572265625,1191.602294921875,2362.343994140625,1262.4609375,2333.7298583984375,1227.0316162109375,57.228271484375,70.858642578125
IMG_0050.mp4,585,19.5195,29.97002997002997,174,2,traffic_signs,0.9133102893829346,1857.9296875,1016.3997802734375,1972.668701171875,1215.6533203125,1915.2991943359375,1116.0265502929688,114.739013671875,199.2535400390625
IMG_0050.mp4,585,19.5195,29.97002997002997,241,2,traffic_signs,0.9023228883743286,1464.2041015625,1150.1187744140625,1527.272705078125,1208.34130859375,1495.7384033203125,1179.2300415039062,63.068603515625,58.2225341796875
IMG_0050.mp4,585,19.5195,29.97002997002997,238,2,traffic_signs,0.2622615694999695,3186.072509765625,1457.7191162109375,3233.773681640625,1487.1961669921875,3209.923095703125,1472.4576416015625,47.701171875,29.47705078125
IMG_0050.mp4,586,19.552866666666667,29.97002997002997,228,2,traffic_signs,0.8802358508110046,2324.549560546875,1191.9224853515625,2382.277099609375,1264.440673828125,2353.413330078125,1228.1815795898438,57.7275390625,72.5181884765625
IMG_0050.mp4,586,19.552866666666667,29.97002997002997,174,2,traffic_signs,0.9002929925918579,1874.76416015625,1015.2918701171875,1987.8431396484375,1219.465087890625,1931.3036499023438,1117.3784790039062,113.0789794921875,204.1732177734375
IMG_0050.mp4,586,19.552866666666667,29.97002997002997,241,2,traffic_signs,0.8711758255958557,1481.6500244140625,1153.15087890625,1545.06982421875,1211.447265625,1513.3599243164062,1182.299072265625,63.4197998046875,58.29638671875
IMG_0050.mp4,587,19.586233333333332,29.97002997002997,228,2,traffic_signs,0.8610486388206482,2341.861328125,1193.1826171875,2400.778564453125,1265.7196044921875,2371.3199462890625,1229.4511108398438,58.917236328125,72.5369873046875
IMG_0050.mp4,587,19.586233333333332,29.97002997002997,174,2,traffic_signs,0.8753613829612732,1888.0174560546875,1018.42138671875,2001.70068359375,1222.5399169921875,1944.8590698242188,1120.4806518554688,113.6832275390625,204.1185302734375
IMG_0050.mp4,587,19.586233333333332,29.97002997002997,241,2,traffic_signs,0.9228524565696716,1497.3731689453125,1154.5882568359375,1559.7244873046875,1212.2664794921875,1528.548828125,1183.4273681640625,62.351318359375,57.67822265625
IMG_0050.mp4,588,19.619600000000002,29.97002997002997,228,2,traffic_signs,0.9231092929840088,2358.974609375,1193.326171875,2418.359130859375,1267.1343994140625,2388.6668701171875,1230.2302856445312,59.384521484375,73.8082275390625
IMG_0050.mp4,588,19.619600000000002,29.97002997002997,174,2,traffic_signs,0.9096413850784302,1901.5694580078125,1015.9963989257812,2015.2039794921875,1222.5606689453125,1958.38671875,1119.2785339355469,113.634521484375,206.56427001953125
IMG_0050.mp4,588,19.619600000000002,29.97002997002997,241,2,traffic_signs,0.9271331429481506,1510.8077392578125,1156.0048828125,1573.7247314453125,1213.2838134765625,1542.2662353515625,1184.6443481445312,62.9169921875,57.2789306640625
IMG_0050.mp4,589,19.652966666666668,29.97002997002997,228,2,traffic_signs,0.918861448764801,2377.623291015625,1194.9473876953125,2437.84814453125,1269.137451171875,2407.7357177734375,1232.0424194335938,60.224853515625,74.1900634765625
IMG_0050.mp4,589,19.652966666666668,29.97002997002997,174,2,traffic_signs,0.895194947719574,1916.343505859375,1018.4642333984375,2030.850341796875,1225.3975830078125,1973.596923828125,1121.930908203125,114.5068359375,206.933349609375
IMG_0050.mp4,589,19.652966666666668,29.97002997002997,241,2,traffic_signs,0.4876883924007416,1525.8638916015625,1159.7181396484375,1591.0098876953125,1217.6778564453125,1558.4368896484375,1188.697998046875,65.14599609375,57.959716796875
IMG_0050.mp4,590,19.686333333333334,29.97002997002997,228,2,traffic_signs,0.9026168584823608,2397.40087890625,1195.71923828125,2458.492919921875,1270.4842529296875,2427.9468994140625,1233.1017456054688,61.092041015625,74.7650146484375
IMG_0050.mp4,590,19.686333333333334,29.97002997002997,174,2,traffic_signs,0.8872498273849487,1932.333251953125,1018.423583984375,2047.666259765625,1227.9725341796875,1989.999755859375,1123.1980590820312,115.3330078125,209.5489501953125
IMG_0050.mp4,590,19.686333333333334,29.97002997002997,241,2,traffic_signs,0.921181321144104,1543.3170166015625,1161.1785888671875,1606.25,1219.5682373046875,1574.7835083007812,1190.3734130859375,62.9329833984375,58.3896484375
IMG_0050.mp4,591,19.7197,29.97002997002997,228,2,traffic_signs,0.8330819010734558,2417.06396484375,1197.390625,2477.47998046875,1272.3612060546875,2447.27197265625,1234.8759155273438,60.416015625,74.9705810546875
IMG_0050.mp4,591,19.7197,29.97002997002997,174,2,traffic_signs,0.9000985622406006,1947.86474609375,1018.2880249023438,2064.394775390625,1229.1883544921875,2006.1297607421875,1123.7381896972656,116.530029296875,210.90032958984375
IMG_0050.mp4,591,19.7197,29.97002997002997,241,2,traffic_signs,0.9235017895698547,1559.8419189453125,1163.824462890625,1622.6171875,1223.061279296875,1591.2295532226562,1193.44287109375,62.7752685546875,59.23681640625
IMG_0050.mp4,592,19.753066666666665,29.97002997002997,228,2,traffic_signs,0.8806415796279907,2435.389892578125,1198.8695068359375,2497.69482421875,1275.424560546875,2466.5423583984375,1237.1470336914062,62.304931640625,76.5550537109375
IMG_0050.mp4,592,19.753066666666665,29.97002997002997,174,2,traffic_signs,0.9022782444953918,1965.9415283203125,1018.0054321289062,2079.940673828125,1229.727783203125,2022.9411010742188,1123.8666076660156,113.9991455078125,211.72235107421875
IMG_0050.mp4,592,19.753066666666665,29.97002997002997,241,2,traffic_signs,0.9205283522605896,1575.6171875,1166.5059814453125,1636.31298828125,1226.034423828125,1605.965087890625,1196.2702026367188,60.69580078125,59.5284423828125
IMG_0050.mp4,593,19.786433333333335,29.97002997002997,228,2,traffic_signs,0.8952267169952393,2459.82177734375,1200.366943359375,2522.13525390625,1277.0692138671875,2490.978515625,1238.7180786132812,62.3134765625,76.7022705078125
IMG_0050.mp4,593,19.786433333333335,29.97002997002997,174,2,traffic_signs,0.9043139815330505,1988.130859375,1019.897216796875,2101.735107421875,1232.2752685546875,2044.9329833984375,1126.0862426757812,113.604248046875,212.3780517578125
IMG_0050.mp4,593,19.786433333333335,29.97002997002997,241,2,traffic_signs,0.9183002710342407,1599.7503662109375,1169.7962646484375,1660.58642578125,1229.9583740234375,1630.1683959960938,1199.8773193359375,60.8360595703125,60.162109375
IMG_0050.mp4,594,19.8198,29.97002997002997,228,2,traffic_signs,0.921104371547699,2475.9580078125,1201.1500244140625,2539.092041015625,1278.5687255859375,2507.5250244140625,1239.859375,63.134033203125,77.418701171875
IMG_0050.mp4,594,19.8198,29.97002997002997,174,2,traffic_signs,0.9047137498855591,1999.25048828125,1019.6810913085938,2114.031982421875,1232.1383056640625,2056.6412353515625,1125.9096984863281,114.781494140625,212.45721435546875
IMG_0050.mp4,594,19.8198,29.97002997002997,241,2,traffic_signs,0.9401298761367798,1608.8106689453125,1171.3883056640625,1671.5548095703125,1231.885009765625,1640.1827392578125,1201.6366577148438,62.744140625,60.4967041015625
IMG_0050.mp4,595,19.853166666666667,29.97002997002997,228,2,traffic_signs,0.918796956539154,2495.055419921875,1201.232177734375,2559.064453125,1279.8206787109375,2527.0599365234375,1240.5264282226562,64.009033203125,78.5885009765625
IMG_0050.mp4,595,19.853166666666667,29.97002997002997,174,2,traffic_signs,0.9039293527603149,2013.918212890625,1019.1446533203125,2128.888427734375,1233.7611083984375,2071.4033203125,1126.452880859375,114.97021484375,214.616455078125
IMG_0050.mp4,595,19.853166666666667,29.97002997002997,241,2,traffic_signs,0.9303165674209595,1623.141845703125,1172.1092529296875,1684.683837890625,1232.4671630859375,1653.912841796875,1202.2882080078125,61.5419921875,60.35791015625
IMG_0050.mp4,596,19.886533333333333,29.97002997002997,228,2,traffic_signs,0.9068812727928162,2514.937744140625,1202.12451171875,2580.2880859375,1279.859375,2547.6129150390625,1240.991943359375,65.350341796875,77.73486328125
IMG_0050.mp4,596,19.886533333333333,29.97002997002997,174,2,traffic_signs,0.8950151205062866,2032.8033447265625,1019.4910278320312,2147.146484375,1235.4437255859375,2089.9749145507812,1127.4673767089844,114.3431396484375,215.95269775390625
IMG_0050.mp4,596,19.886533333333333,29.97002997002997,241,2,traffic_signs,0.92972332239151,1639.206298828125,1174.4876708984375,1699.951904296875,1234.0491943359375,1669.5791015625,1204.2684326171875,60.74560546875,59.5615234375
IMG_0050.mp4,597,19.919900000000002,29.97002997002997,228,2,traffic_signs,0.917787492275238,2533.568359375,1204.8189697265625,2598.22998046875,1282.348388671875,2565.899169921875,1243.5836791992188,64.66162109375,77.5294189453125
IMG_0050.mp4,597,19.919900000000002,29.97002997002997,174,2,traffic_signs,0.9048058390617371,2051.61669921875,1023.2738037109375,2165.505615234375,1237.7086181640625,2108.5611572265625,1130.4912109375,113.888916015625,214.434814453125
IMG_0050.mp4,597,19.919900000000002,29.97002997002997,241,2,traffic_signs,0.9260579347610474,1658.0849609375,1178.9552001953125,1719.201904296875,1238.177978515625,1688.6434326171875,1208.5665893554688,61.116943359375,59.2227783203125
IMG_0050.mp4,598,19.953266666666668,29.97002997002997,228,2,traffic_signs,0.7037232518196106,2554.942626953125,1207.191162109375,2621.4951171875,1285.3035888671875,2588.2188720703125,1246.2473754882812,66.552490234375,78.1124267578125
IMG_0050.mp4,598,19.953266666666668,29.97002997002997,174,2,traffic_signs,0.9061338305473328,2070.9375,1025.035888671875,2182.255615234375,1239.2447509765625,2126.5965576171875,1132.1403198242188,111.318115234375,214.2088623046875
IMG_0050.mp4,598,19.953266666666668,29.97002997002997,241,2,traffic_signs,0.9261256456375122,1676.722412109375,1182.4500732421875,1740.2431640625,1241.4295654296875,1708.4827880859375,1211.9398193359375,63.520751953125,58.9794921875
IMG_0050.mp4,599,19.986633333333334,29.97002997002997,228,2,traffic_signs,0.9250074625015259,2577.96826171875,1208.3704833984375,2646.082763671875,1286.270263671875,2612.0255126953125,1247.3203735351562,68.114501953125,77.8997802734375
IMG_0050.mp4,599,19.986633333333334,29.97002997002997,174,2,traffic_signs,0.9003593921661377,2087.83984375,1024.623291015625,2202.687744140625,1240.89990234375,2145.2637939453125,1132.7615966796875,114.847900390625,216.276611328125
IMG_0050.mp4,599,19.986633333333334,29.97002997002997,241,2,traffic_signs,0.916235625743866,1695.26318359375,1184.8677978515625,1756.8660888671875,1244.0726318359375,1726.0646362304688,1214.47021484375,61.6029052734375,59.204833984375
IMG_0050.mp4,600,20.02,29.97002997002997,228,2,traffic_signs,0.8782841563224792,2600.8291015625,1209.330322265625,2673.39306640625,1288.156005859375,2637.111083984375,1248.7431640625,72.56396484375,78.82568359375
IMG_0050.mp4,600,20.02,29.97002997002997,174,2,traffic_signs,0.9101240634918213,2107.238037109375,1023.9291381835938,2220.99853515625,1242.4649658203125,2164.1182861328125,1133.1970520019531,113.760498046875,218.53582763671875
IMG_0050.mp4,600,20.02,29.97002997002997,241,2,traffic_signs,0.9253671765327454,1712.5316162109375,1186.5791015625,1775.2000732421875,1245.4671630859375,1743.8658447265625,1216.0231323242188,62.66845703125,58.8880615234375
IMG_0050.mp4,601,20.053366666666665,29.97002997002997,228,2,traffic_signs,0.5272982120513916,2624.51806640625,1210.1776123046875,2698.47119140625,1289.679931640625,2661.49462890625,1249.9287719726562,73.953125,79.5023193359375
IMG_0050.mp4,601,20.053366666666665,29.97002997002997,174,2,traffic_signs,0.8976772427558899,2125.86474609375,1024.6456298828125,2241.747314453125,1245.055419921875,2183.8060302734375,1134.8505249023438,115.882568359375,220.4097900390625
IMG_0050.mp4,601,20.053366666666665,29.97002997002997,241,2,traffic_signs,0.9302692413330078,1729.47021484375,1188.1905517578125,1793.1876220703125,1247.6181640625,1761.3289184570312,1217.9043579101562,63.7174072265625,59.4276123046875
IMG_0050.mp4,602,20.086733333333335,29.97002997002997,228,2,traffic_signs,0.8992010354995728,2646.989501953125,1211.3492431640625,2720.0400390625,1292.38427734375,2683.5147705078125,1251.8667602539062,73.050537109375,81.0350341796875
IMG_0050.mp4,602,20.086733333333335,29.97002997002997,174,2,traffic_signs,0.872236967086792,2145.65625,1024.51123046875,2260.841064453125,1248.5308837890625,2203.2486572265625,1136.5210571289062,115.184814453125,224.0196533203125
IMG_0050.mp4,602,20.086733333333335,29.97002997002997,241,2,traffic_signs,0.7248494029045105,1746.645263671875,1190.8763427734375,1807.98046875,1251.4775390625,1777.3128662109375,1221.1769409179688,61.335205078125,60.6011962890625
IMG_0050.mp4,603,20.1201,29.97002997002997,228,2,traffic_signs,0.894232451915741,2674.64306640625,1211.7032470703125,2748.958251953125,1294.144287109375,2711.8006591796875,1252.9237670898438,74.315185546875,82.4410400390625
IMG_0050.mp4,603,20.1201,29.97002997002997,174,2,traffic_signs,0.865325391292572,2164.733154296875,1022.7911376953125,2282.33349609375,1250.5667724609375,2223.5333251953125,1136.678955078125,117.600341796875,227.775634765625
IMG_0050.mp4,603,20.1201,29.97002997002997,241,2,traffic_signs,0.9029633402824402,1765.701171875,1192.5697021484375,1827.0894775390625,1253.835693359375,1796.3953247070312,1223.2026977539062,61.3883056640625,61.2659912109375
IMG_0050.mp4,604,20.153466666666667,29.97002997002997,228,2,traffic_signs,0.8776417970657349,2695.755126953125,1211.7862548828125,2769.724365234375,1295.057373046875,2732.73974609375,1253.4218139648438,73.96923828125,83.2711181640625
IMG_0050.mp4,604,20.153466666666667,29.97002997002997,174,2,traffic_signs,0.6265774965286255,2180.672607421875,1098.517333984375,2293.71240234375,1246.8675537109375,2237.1925048828125,1172.6924438476562,113.039794921875,148.3502197265625
IMG_0050.mp4,604,20.153466666666667,29.97002997002997,241,2,traffic_signs,0.585808515548706,1779.7154541015625,1193.5250244140625,1841.1612548828125,1255.7181396484375,1810.4383544921875,1224.62158203125,61.44580078125,62.193115234375
IMG_0050.mp4,605,20.186833333333333,29.97002997002997,228,2,traffic_signs,0.8989822268486023,2724.539306640625,1211.484375,2798.247802734375,1296.2828369140625,2761.3935546875,1253.8836059570312,73.70849609375,84.7984619140625
IMG_0050.mp4,605,20.186833333333333,29.97002997002997,174,2,traffic_signs,0.8529201745986938,2200.30322265625,1037.4764404296875,2318.82275390625,1247.7265625,2259.56298828125,1142.6015014648438,118.51953125,210.2501220703125
IMG_0050.mp4,605,20.186833333333333,29.97002997002997,241,2,traffic_signs,0.9301883578300476,1797.754150390625,1194.2890625,1858.9232177734375,1256.750244140625,1828.3386840820312,1225.5196533203125,61.1690673828125,62.461181640625
IMG_0050.mp4,606,20.220200000000002,29.97002997002997,228,2,traffic_signs,0.8647708296775818,2745.81640625,1213.741455078125,2822.514892578125,1297.761962890625,2784.1656494140625,1255.751708984375,76.698486328125,84.0205078125
IMG_0050.mp4,606,20.220200000000002,29.97002997002997,174,2,traffic_signs,0.7001641392707825,2216.702880859375,1096.1319580078125,2334.249755859375,1248.102294921875,2275.476318359375,1172.1171264648438,117.546875,151.9703369140625
IMG_0050.mp4,606,20.220200000000002,29.97002997002997,241,2,traffic_signs,0.9238225221633911,1813.781982421875,1196.3798828125,1874.1131591796875,1258.3885498046875,1843.9475708007812,1227.3842163085938,60.3311767578125,62.0086669921875
IMG_0050.mp4,607,20.253566666666668,29.97002997002997,228,2,traffic_signs,0.9120730757713318,2770.6484375,1213.46728515625,2847.360107421875,1299.532470703125,2809.0042724609375,1256.4998779296875,76.711669921875,86.065185546875
IMG_0050.mp4,607,20.253566666666668,29.97002997002997,174,2,traffic_signs,0.6590889692306519,2234.345703125,1128.306884765625,2352.109375,1247.327392578125,2293.2275390625,1187.817138671875,117.763671875,119.0205078125
IMG_0050.mp4,607,20.253566666666668,29.97002997002997,241,2,traffic_signs,0.9229530096054077,1829.0531005859375,1198.3397216796875,1890.7890625,1259.788330078125,1859.9210815429688,1229.0640258789062,61.7359619140625,61.4486083984375
IMG_0050.mp4,607,20.253566666666668,29.97002997002997,253,2,traffic_signs,0.7110137343406677,2248.590576171875,1021.5280151367188,2364.126708984375,1134.8106689453125,2306.358642578125,1078.1693420410156,115.5361328125,113.28265380859375
IMG_0050.mp4,608,20.286933333333334,29.97002997002997,228,2,traffic_signs,0.9019353985786438,2798.5263671875,1213.57666015625,2877.118408203125,1301.3448486328125,2837.8223876953125,1257.4607543945312,78.592041015625,87.7681884765625
IMG_0050.mp4,608,20.286933333333334,29.97002997002997,174,2,traffic_signs,0.7645148038864136,2251.72021484375,1136.38330078125,2373.79443359375,1246.658203125,2312.75732421875,1191.520751953125,122.07421875,110.27490234375
IMG_0050.mp4,608,20.286933333333334,29.97002997002997,241,2,traffic_signs,0.9228315353393555,1847.313232421875,1200.4005126953125,1911.1451416015625,1262.5426025390625,1879.2291870117188,1231.4715576171875,63.8319091796875,62.14208984375
IMG_0050.mp4,608,20.286933333333334,29.97002997002997,253,2,traffic_signs,0.6857271194458008,2268.765380859375,1023.0020141601562,2385.225830078125,1132.3360595703125,2326.99560546875,1077.6690368652344,116.46044921875,109.33404541015625
IMG_0050.mp4,609,20.3203,29.97002997002997,228,2,traffic_signs,0.9059112668037415,2823.052734375,1213.9530029296875,2906.67236328125,1300.852294921875,2864.862548828125,1257.4026489257812,83.61962890625,86.8992919921875
IMG_0050.mp4,609,20.3203,29.97002997002997,174,2,traffic_signs,0.7912862300872803,2270.87646484375,1137.6566162109375,2393.50927734375,1247.4739990234375,2332.19287109375,1192.5653076171875,122.6328125,109.8173828125
IMG_0050.mp4,609,20.3203,29.97002997002997,241,2,traffic_signs,0.9105437397956848,1864.2490234375,1201.8292236328125,1929.14208984375,1265.180908203125,1896.695556640625,1233.5050659179688,64.89306640625,63.3516845703125
IMG_0050.mp4,609,20.3203,29.97002997002997,253,2,traffic_signs,0.8278705477714539,2285.37158203125,1020.0657958984375,2407.1025390625,1131.6470947265625,2346.237060546875,1075.8564453125,121.73095703125,111.581298828125
IMG_0050.mp4,610,20.353666666666665,29.97002997002997,228,2,traffic_signs,0.8921380639076233,2850.270751953125,1215.21337890625,2935.9814453125,1301.2032470703125,2893.1260986328125,1258.2083129882812,85.710693359375,85.9898681640625
IMG_0050.mp4,610,20.353666666666665,29.97002997002997,174,2,traffic_signs,0.6497923731803894,2291.445068359375,1137.91259765625,2415.099365234375,1249.1383056640625,2353.272216796875,1193.5254516601562,123.654296875,111.2257080078125
IMG_0050.mp4,610,20.353666666666665,29.97002997002997,241,2,traffic_signs,0.9288749098777771,1882.2071533203125,1204.7291259765625,1946.303955078125,1266.3802490234375,1914.2555541992188,1235.5546875,64.0968017578125,61.651123046875
IMG_0050.mp4,610,20.353666666666665,29.97002997002997,253,2,traffic_signs,0.7931280136108398,2304.509521484375,1018.5673828125,2428.94873046875,1131.183837890625,2366.7291259765625,1074.8756103515625,124.439208984375,112.616455078125
IMG_0050.mp4,611,20.387033333333335,29.97002997002997,228,2,traffic_signs,0.8531436324119568,2882.200927734375,1215.062255859375,2970.421142578125,1304.0574951171875,2926.31103515625,1259.5598754882812,88.22021484375,88.9952392578125
IMG_0050.mp4,611,20.387033333333335,29.97002997002997,174,2,traffic_signs,0.7020963430404663,2312.75439453125,1137.319580078125,2437.4482421875,1249.397705078125,2375.101318359375,1193.358642578125,124.69384765625,112.078125
IMG_0050.mp4,611,20.387033333333335,29.97002997002997,241,2,traffic_signs,0.9341262578964233,1899.422607421875,1206.0384521484375,1964.1190185546875,1266.842529296875,1931.7708129882812,1236.4404907226562,64.6964111328125,60.8040771484375
IMG_0050.mp4,611,20.387033333333335,29.97002997002997,253,2,traffic_signs,0.8127514123916626,2327.48876953125,1016.3862915039062,2452.960693359375,1129.5157470703125,2390.2247314453125,1072.9510192871094,125.471923828125,113.12945556640625
IMG_0050.mp4,612,20.4204,29.97002997002997,228,2,traffic_signs,0.7557646036148071,2906.254150390625,1214.1400146484375,2997.545654296875,1303.442626953125,2951.89990234375,1258.7913208007812,91.29150390625,89.3026123046875
IMG_0050.mp4,612,20.4204,29.97002997002997,174,2,traffic_signs,0.8708025217056274,2329.263916015625,1136.391357421875,2457.81201171875,1249.002685546875,2393.5379638671875,1192.697021484375,128.548095703125,112.611328125
IMG_0050.mp4,612,20.4204,29.97002997002997,241,2,traffic_signs,0.9368026852607727,1916.2947998046875,1207.66162109375,1981.6767578125,1267.9490966796875,1948.9857788085938,1237.8053588867188,65.3819580078125,60.2874755859375
IMG_0050.mp4,612,20.4204,29.97002997002997,253,2,traffic_signs,0.7597305774688721,2345.4072265625,1016.6602172851562,2472.523193359375,1130.5732421875,2408.9652099609375,1073.6167297363281,127.115966796875,113.91302490234375
IMG_0050.mp4,613,20.453766666666667,29.97002997002997,228,2,traffic_signs,0.5925084352493286,2937.096923828125,1214.77099609375,3025.73828125,1308.06494140625,2981.4176025390625,1261.41796875,88.641357421875,93.2939453125
IMG_0050.mp4,613,20.453766666666667,29.97002997002997,174,2,traffic_signs,0.9015339016914368,2351.003662109375,1136.560546875,2480.76806640625,1249.239501953125,2415.8858642578125,1192.9000244140625,129.764404296875,112.678955078125
IMG_0050.mp4,613,20.453766666666667,29.97002997002997,241,2,traffic_signs,0.9162887334823608,1933.6871337890625,1208.7965087890625,2000.5115966796875,1269.7386474609375,1967.099365234375,1239.267578125,66.824462890625,60.942138671875
IMG_0050.mp4,613,20.453766666666667,29.97002997002997,253,2,traffic_signs,0.8473959565162659,2369.580078125,1017.7686157226562,2493.63134765625,1130.3153076171875,2431.605712890625,1074.0419616699219,124.05126953125,112.54669189453125
IMG_0050.mp4,614,20.487133333333333,29.97002997002997,228,2,traffic_signs,0.676613450050354,2968.602294921875,1214.2022705078125,3056.001708984375,1309.7720947265625,3012.302001953125,1261.9871826171875,87.3994140625,95.56982421875
IMG_0050.mp4,614,20.487133333333333,29.97002997002997,174,2,traffic_signs,0.8875727653503418,2373.28173828125,1134.3214111328125,2503.419189453125,1249.0501708984375,2438.3504638671875,1191.685791015625,130.137451171875,114.728759765625
IMG_0050.mp4,614,20.487133333333333,29.97002997002997,241,2,traffic_signs,0.9303191900253296,1950.0513916015625,1209.115966796875,2017.0054931640625,1271.036376953125,1983.5284423828125,1240.076171875,66.9541015625,61.92041015625
IMG_0050.mp4,614,20.487133333333333,29.97002997002997,253,2,traffic_signs,0.7556093335151672,2392.398681640625,1014.9813842773438,2516.613037109375,1129.55712890625,2454.505859375,1072.2692565917969,124.21435546875,114.57574462890625
IMG_0050.mp4,615,20.520500000000002,29.97002997002997,228,2,traffic_signs,0.6150607466697693,2994.87646484375,1213.3704833984375,3080.167724609375,1309.6787109375,3037.5220947265625,1261.5245971679688,85.291259765625,96.3082275390625
IMG_0050.mp4,615,20.520500000000002,29.97002997002997,174,2,traffic_signs,0.9008071422576904,2393.255615234375,1132.314453125,2525.080322265625,1250.2637939453125,2459.16796875,1191.2891235351562,131.82470703125,117.9493408203125
IMG_0050.mp4,615,20.520500000000002,29.97002997002997,241,2,traffic_signs,0.9381531476974487,1968.87744140625,1209.8067626953125,2034.2620849609375,1271.9342041015625,2001.5697631835938,1240.8704833984375,65.3846435546875,62.12744140625
IMG_0050.mp4,615,20.520500000000002,29.97002997002997,253,2,traffic_signs,0.8586145043373108,2411.366943359375,1014.012451171875,2538.899658203125,1128.833984375,2475.13330078125,1071.4232177734375,127.53271484375,114.821533203125
IMG_0050.mp4,616,20.553866666666668,29.97002997002997,174,2,traffic_signs,0.8450633883476257,2415.51171875,1131.5130615234375,2548.41455078125,1251.2220458984375,2481.963134765625,1191.3675537109375,132.90283203125,119.708984375
IMG_0050.mp4,616,20.553866666666668,29.97002997002997,241,2,traffic_signs,0.9265977740287781,1985.359375,1211.2122802734375,2052.532470703125,1273.342041015625,2018.9459228515625,1242.2771606445312,67.173095703125,62.1297607421875
IMG_0050.mp4,616,20.553866666666668,29.97002997002997,253,2,traffic_signs,0.5788032412528992,2432.90625,1012.7340698242188,2561.236572265625,1127.8760986328125,2497.0714111328125,1070.3050842285156,128.330322265625,115.14202880859375
IMG_0050.mp4,617,20.587233333333334,29.97002997002997,174,2,traffic_signs,0.7705237865447998,2435.36474609375,1131.23779296875,2571.51025390625,1251.6376953125,2503.4375,1191.437744140625,136.1455078125,120.39990234375
IMG_0050.mp4,617,20.587233333333334,29.97002997002997,241,2,traffic_signs,0.929949939250946,2002.26416015625,1213.067626953125,2069.502685546875,1275.7684326171875,2035.8834228515625,1244.4180297851562,67.238525390625,62.7008056640625
IMG_0050.mp4,617,20.587233333333334,29.97002997002997,253,2,traffic_signs,0.8288974761962891,2450.15966796875,1012.1783447265625,2584.91015625,1127.160400390625,2517.534912109375,1069.6693725585938,134.75048828125,114.9820556640625
IMG_0050.mp4,618,20.6206,29.97002997002997,174,2,traffic_signs,0.5578937530517578,2456.931396484375,1128.04638671875,2595.0498046875,1251.40966796875,2525.9906005859375,1189.72802734375,138.118408203125,123.36328125
IMG_0050.mp4,618,20.6206,29.97002997002997,241,2,traffic_signs,0.94141685962677,2017.495361328125,1211.9737548828125,2085.914794921875,1276.2769775390625,2051.705078125,1244.1253662109375,68.41943359375,64.30322265625
IMG_0050.mp4,618,20.6206,29.97002997002997,253,2,traffic_signs,0.7360144257545471,2470.512451171875,1007.7742309570312,2610.0673828125,1123.58447265625,2540.2899169921875,1065.6793518066406,139.554931640625,115.81024169921875
IMG_0050.mp4,618,20.6206,29.97002997002997,228,2,traffic_signs,0.7201359272003174,3085.416015625,1211.659423828125,3174.898681640625,1311.980224609375,3130.1573486328125,1261.81982421875,89.482666015625,100.32080078125
IMG_0050.mp4,619,20.653966666666665,29.97002997002997,174,2,traffic_signs,0.7370541095733643,2477.099365234375,1126.1680908203125,2617.726806640625,1252.2581787109375,2547.4130859375,1189.213134765625,140.62744140625,126.090087890625
IMG_0050.mp4,619,20.653966666666665,29.97002997002997,241,2,traffic_signs,0.9398593306541443,2035.818603515625,1213.1136474609375,2104.156005859375,1276.92236328125,2069.9873046875,1245.0180053710938,68.33740234375,63.8087158203125
IMG_0050.mp4,619,20.653966666666665,29.97002997002997,253,2,traffic_signs,0.6000217795372009,2492.655517578125,1006.9564208984375,2635.320556640625,1120.956298828125,2563.988037109375,1063.9563598632812,142.6650390625,113.9998779296875
IMG_0050.mp4,619,20.653966666666665,29.97002997002997,256,2,traffic_signs,0.34192273020744324,2478.039306640625,1125.6065673828125,2619.059326171875,1252.555908203125,2548.54931640625,1189.0812377929688,141.02001953125,126.9493408203125
IMG_0050.mp4,619,20.653966666666665,29.97002997002997,228,2,traffic_signs,0.39411985874176025,3116.568115234375,1212.4261474609375,3207.230224609375,1312.1072998046875,3161.899169921875,1262.2667236328125,90.662109375,99.68115234375
IMG_0050.mp4,620,20.687333333333335,29.97002997002997,174,2,traffic_signs,0.4672018885612488,2498.7666015625,1124.8427734375,2641.418212890625,1250.767822265625,2570.0924072265625,1187.8052978515625,142.651611328125,125.925048828125
IMG_0050.mp4,620,20.687333333333335,29.97002997002997,241,2,traffic_signs,0.9342193603515625,2053.0810546875,1213.825439453125,2120.1357421875,1278.0687255859375,2086.6083984375,1245.9470825195312,67.0546875,64.2432861328125
IMG_0050.mp4,620,20.687333333333335,29.97002997002997,253,2,traffic_signs,0.7586103081703186,2515.900390625,1003.3490600585938,2657.9345703125,1116.5899658203125,2586.91748046875,1059.9695129394531,142.0341796875,113.24090576171875
IMG_0050.mp4,620,20.687333333333335,29.97002997002997,256,2,traffic_signs,0.8382400870323181,2500.21142578125,1123.034912109375,2641.760498046875,1251.5540771484375,2570.9859619140625,1187.2944946289062,141.549072265625,128.5191650390625
IMG_0050.mp4,621,20.7207,29.97002997002997,174,2,traffic_signs,0.880871593952179,2519.47998046875,1122.3555908203125,2664.9599609375,1250.7357177734375,2592.219970703125,1186.545654296875,145.47998046875,128.380126953125
IMG_0050.mp4,621,20.7207,29.97002997002997,241,2,traffic_signs,0.4398857355117798,2069.75537109375,1213.619140625,2138.305908203125,1279.0133056640625,2104.0306396484375,1246.3162231445312,68.550537109375,65.3941650390625
IMG_0050.mp4,621,20.7207,29.97002997002997,253,2,traffic_signs,0.724768340587616,2534.991455078125,1000.4091186523438,2678.764404296875,1114.2489013671875,2606.8779296875,1057.3290100097656,143.77294921875,113.83978271484375
IMG_0050.mp4,621,20.7207,29.97002997002997,257,2,traffic_signs,0.5530680418014526,2532.1923828125,1001.8242797851562,2674.202880859375,1117.376220703125,2603.1976318359375,1059.6002502441406,142.010498046875,115.55194091796875
IMG_0050.mp4,622,20.754066666666667,29.97002997002997,174,2,traffic_signs,0.9105491638183594,2542.012939453125,1119.8875732421875,2687.75439453125,1250.5972900390625,2614.8836669921875,1185.242431640625,145.741455078125,130.709716796875
IMG_0050.mp4,622,20.754066666666667,29.97002997002997,241,2,traffic_signs,0.9357074499130249,2085.1416015625,1213.9481201171875,2154.812744140625,1280.0537109375,2119.9771728515625,1247.0009155273438,69.671142578125,66.1055908203125
IMG_0050.mp4,622,20.754066666666667,29.97002997002997,253,2,traffic_signs,0.6430093050003052,2558.46533203125,998.8701171875,2700.142333984375,1110.213623046875,2629.3038330078125,1054.5418701171875,141.677001953125,111.343505859375
IMG_0050.mp4,623,20.787433333333333,29.97002997002997,174,2,traffic_signs,0.8925029039382935,2564.82275390625,1117.1129150390625,2710.991455078125,1250.2158203125,2637.9071044921875,1183.6643676757812,146.168701171875,133.1029052734375
IMG_0050.mp4,623,20.787433333333333,29.97002997002997,241,2,traffic_signs,0.8007685542106628,2102.844482421875,1214.73828125,2172.19677734375,1280.017578125,2137.5206298828125,1247.3779296875,69.352294921875,65.279296875
IMG_0050.mp4,623,20.787433333333333,29.97002997002997,253,2,traffic_signs,0.7199729681015015,2581.625732421875,994.788330078125,2726.564208984375,1107.7978515625,2654.094970703125,1051.2930908203125,144.9384765625,113.009521484375
IMG_0050.mp4,624,20.820800000000002,29.97002997002997,174,2,traffic_signs,0.9227938055992126,2588.935546875,1114.7021484375,2735.60986328125,1249.693115234375,2662.272705078125,1182.1976318359375,146.67431640625,134.990966796875
IMG_0050.mp4,624,20.820800000000002,29.97002997002997,241,2,traffic_signs,0.9360396862030029,2119.100341796875,1214.7633056640625,2190.026611328125,1280.767578125,2154.5634765625,1247.7654418945312,70.92626953125,66.0042724609375
IMG_0050.mp4,624,20.820800000000002,29.97002997002997,253,2,traffic_signs,0.8034432530403137,2604.86572265625,991.7554931640625,2751.043701171875,1105.765869140625,2677.9547119140625,1048.7606811523438,146.177978515625,114.0103759765625
IMG_0050.mp4,624,20.820800000000002,29.97002997002997,259,2,traffic_signs,0.6841049194335938,2606.153564453125,990.973876953125,2749.141845703125,1110.93896484375,2677.647705078125,1050.9564208984375,142.98828125,119.965087890625
IMG_0050.mp4,625,20.854166666666668,29.97002997002997,174,2,traffic_signs,0.9102591872215271,2612.952392578125,1111.6353759765625,2761.1162109375,1248.6748046875,2687.0343017578125,1180.1550903320312,148.163818359375,137.0394287109375
IMG_0050.mp4,625,20.854166666666668,29.97002997002997,241,2,traffic_signs,0.9256014823913574,2134.5,1215.07275390625,2207.292236328125,1280.987548828125,2170.8961181640625,1248.0301513671875,72.792236328125,65.914794921875
IMG_0050.mp4,625,20.854166666666668,29.97002997002997,253,2,traffic_signs,0.7731777429580688,2626.94580078125,987.32080078125,2773.70556640625,1102.90185546875,2700.32568359375,1045.111328125,146.759765625,115.5810546875
IMG_0050.mp4,625,20.854166666666668,29.97002997002997,259,2,traffic_signs,0.8321803212165833,2625.656494140625,987.0671997070312,2771.994384765625,1108.8665771484375,2698.825439453125,1047.9668884277344,146.337890625,121.79937744140625
IMG_0050.mp4,626,20.887533333333334,29.97002997002997,174,2,traffic_signs,0.9065148234367371,2637.2138671875,1110.251708984375,2785.64990234375,1247.990234375,2711.431884765625,1179.1209716796875,148.43603515625,137.738525390625
IMG_0050.mp4,626,20.887533333333334,29.97002997002997,241,2,traffic_signs,0.9256329536437988,2150.910400390625,1215.942138671875,2222.958984375,1282.4122314453125,2186.9346923828125,1249.1771850585938,72.048583984375,66.4700927734375
IMG_0050.mp4,626,20.887533333333334,29.97002997002997,253,2,traffic_signs,0.44295555353164673,2650.12060546875,983.6357421875,2795.689453125,1099.76611328125,2722.905029296875,1041.700927734375,145.56884765625,116.13037109375
IMG_0050.mp4,626,20.887533333333334,29.97002997002997,259,2,traffic_signs,0.7573151588439941,2649.526123046875,979.870361328125,2794.974365234375,1108.713623046875,2722.250244140625,1044.2919921875,145.4482421875,128.84326171875
IMG_0050.mp4,627,20.9209,29.97002997002997,174,2,traffic_signs,0.8997997641563416,2659.99462890625,1106.396728515625,2810.826904296875,1247.166748046875,2735.4107666015625,1176.78173828125,150.832275390625,140.77001953125
IMG_0050.mp4,627,20.9209,29.97002997002997,241,2,traffic_signs,0.931154191493988,2167.018798828125,1217.139892578125,2238.743408203125,1282.3057861328125,2202.881103515625,1249.7228393554688,71.724609375,65.1658935546875
IMG_0050.mp4,627,20.9209,29.97002997002997,253,2,traffic_signs,0.7038139700889587,2675.006591796875,979.8208618164062,2820.41552734375,1098.07421875,2747.7110595703125,1038.9475402832031,145.408935546875,118.25335693359375
IMG_0050.mp4,627,20.9209,29.97002997002997,259,2,traffic_signs,0.8181695342063904,2672.814453125,977.2645263671875,2818.8134765625,1106.150146484375,2745.81396484375,1041.7073364257812,145.9990234375,128.8856201171875
IMG_0050.mp4,628,20.954266666666665,29.97002997002997,174,2,traffic_signs,0.9022181630134583,2684.841064453125,1102.6688232421875,2837.5283203125,1245.396484375,2761.1846923828125,1174.0326538085938,152.687255859375,142.7276611328125
IMG_0050.mp4,628,20.954266666666665,29.97002997002997,241,2,traffic_signs,0.9268511533737183,2182.853515625,1216.4716796875,2255.262451171875,1283.1141357421875,2219.0579833984375,1249.7929077148438,72.408935546875,66.6424560546875
IMG_0050.mp4,628,20.954266666666665,29.97002997002997,253,2,traffic_signs,0.569554328918457,2697.2421875,978.77099609375,2847.980224609375,1094.0694580078125,2772.6112060546875,1036.4202270507812,150.738037109375,115.2984619140625
IMG_0050.mp4,628,20.954266666666665,29.97002997002997,259,2,traffic_signs,0.7344728708267212,2696.356201171875,976.37353515625,2845.57177734375,1104.2640380859375,2770.9639892578125,1040.3187866210938,149.215576171875,127.8905029296875
IMG_0050.mp4,629,20.987633333333335,29.97002997002997,174,2,traffic_signs,0.9096238017082214,2708.3994140625,1099.5728759765625,2862.947265625,1244.1953125,2785.67333984375,1171.8840942382812,154.5478515625,144.6224365234375
IMG_0050.mp4,629,20.987633333333335,29.97002997002997,241,2,traffic_signs,0.9252914190292358,2198.768310546875,1215.798828125,2271.675537109375,1283.8404541015625,2235.221923828125,1249.8196411132812,72.9072265625,68.0416259765625
IMG_0050.mp4,629,20.987633333333335,29.97002997002997,253,2,traffic_signs,0.42717474699020386,2725.356201171875,979.9090576171875,2874.2333984375,1089.05908203125,2799.7947998046875,1034.4840698242188,148.877197265625,109.1500244140625
IMG_0050.mp4,629,20.987633333333335,29.97002997002997,259,2,traffic_signs,0.43461817502975464,2722.340087890625,979.5357666015625,2871.50927734375,1099.475341796875,2796.9246826171875,1039.5055541992188,149.169189453125,119.9395751953125
IMG_0050.mp4,630,21.021,29.97002997002997,174,2,traffic_signs,0.8851659297943115,2732.30615234375,1096.954833984375,2888.409912109375,1242.926025390625,2810.3580322265625,1169.9404296875,156.103759765625,145.97119140625
IMG_0050.mp4,630,21.021,29.97002997002997,241,2,traffic_signs,0.9319973587989807,2214.752197265625,1215.740234375,2287.8671875,1283.283935546875,2251.3096923828125,1249.5120849609375,73.114990234375,67.543701171875
IMG_0050.mp4,631,21.054366666666667,29.97002997002997,174,2,traffic_signs,0.8844655156135559,2757.19921875,1094.2210693359375,2913.45556640625,1241.4088134765625,2835.327392578125,1167.81494140625,156.25634765625,147.187744140625
IMG_0050.mp4,631,21.054366666666667,29.97002997002997,241,2,traffic_signs,0.9228256344795227,2231.530517578125,1215.8509521484375,2304.504150390625,1283.708740234375,2268.017333984375,1249.7798461914062,72.9736328125,67.8577880859375
IMG_0050.mp4,632,21.087733333333333,29.97002997002997,174,2,traffic_signs,0.9115399718284607,2781.99658203125,1093.6265869140625,2940.825439453125,1238.1986083984375,2861.4110107421875,1165.91259765625,158.828857421875,144.572021484375
IMG_0050.mp4,632,21.087733333333333,29.97002997002997,241,2,traffic_signs,0.9181416034698486,2246.84228515625,1216.1700439453125,2320.136474609375,1284.452880859375,2283.4893798828125,1250.3114624023438,73.294189453125,68.2828369140625
IMG_0050.mp4,632,21.087733333333333,29.97002997002997,253,2,traffic_signs,0.6790737509727478,2793.719970703125,954.9490356445312,2955.76611328125,1081.8658447265625,2874.7430419921875,1018.4074401855469,162.046142578125,126.91680908203125
IMG_0050.mp4,633,21.121100000000002,29.97002997002997,174,2,traffic_signs,0.8794896006584167,2806.859130859375,1090.3216552734375,2968.8388671875,1237.109375,2887.8489990234375,1163.7155151367188,161.979736328125,146.7877197265625
IMG_0050.mp4,633,21.121100000000002,29.97002997002997,241,2,traffic_signs,0.9292393922805786,2264.81201171875,1216.6671142578125,2337.71875,1284.3453369140625,2301.265380859375,1250.5062255859375,72.90673828125,67.67822265625
IMG_0050.mp4,633,21.121100000000002,29.97002997002997,253,2,traffic_signs,0.4220682978630066,2818.95458984375,947.9911499023438,2984.62548828125,1078.9013671875,2901.7900390625,1013.4462585449219,165.6708984375,130.91021728515625
IMG_0050.mp4,633,21.121100000000002,29.97002997002997,259,2,traffic_signs,0.30672746896743774,2817.380859375,948.6883544921875,2983.82470703125,1080.286865234375,2900.602783203125,1014.4876098632812,166.44384765625,131.5985107421875
IMG_0050.mp4,634,21.154466666666668,29.97002997002997,174,2,traffic_signs,0.8871151804924011,2832.57177734375,1086.087646484375,2998.459228515625,1234.549072265625,2915.5155029296875,1160.318359375,165.887451171875,148.46142578125
IMG_0050.mp4,634,21.154466666666668,29.97002997002997,241,2,traffic_signs,0.929616391658783,2279.9931640625,1216.85400390625,2353.614501953125,1284.275634765625,2316.8038330078125,1250.5648193359375,73.621337890625,67.421630859375
IMG_0050.mp4,635,21.187833333333334,29.97002997002997,174,2,traffic_signs,0.8745794892311096,2862.54052734375,1083.8369140625,3031.193115234375,1231.721435546875,2946.8668212890625,1157.7791748046875,168.652587890625,147.884521484375
IMG_0050.mp4,635,21.187833333333334,29.97002997002997,241,2,traffic_signs,0.9242562651634216,2295.368896484375,1215.8052978515625,2369.6044921875,1284.346435546875,2332.4866943359375,1250.0758666992188,74.235595703125,68.5411376953125
IMG_0050.mp4,635,21.187833333333334,29.97002997002997,253,2,traffic_signs,0.6161681413650513,2868.71337890625,936.1085815429688,3039.5419921875,1070.328857421875,2954.127685546875,1003.2187194824219,170.82861328125,134.22027587890625
IMG_0050.mp4,636,21.2212,29.97002997002997,174,2,traffic_signs,0.9184027314186096,2885.44091796875,1078.1636962890625,3056.636474609375,1228.6588134765625,2971.0386962890625,1153.4112548828125,171.195556640625,150.4951171875
IMG_0050.mp4,636,21.2212,29.97002997002997,241,2,traffic_signs,0.933219850063324,2311.713623046875,1216.1903076171875,2386.491943359375,1284.9710693359375,2349.102783203125,1250.5806884765625,74.7783203125,68.78076171875
IMG_0050.mp4,637,21.254566666666665,29.97002997002997,174,2,traffic_signs,0.9289309978485107,2911.381103515625,1074.8734130859375,3088.325439453125,1226.4306640625,2999.853271484375,1150.6520385742188,176.9443359375,151.5572509765625
IMG_0050.mp4,637,21.254566666666665,29.97002997002997,241,2,traffic_signs,0.9196519255638123,2328.155029296875,1216.2008056640625,2403.5205078125,1284.8121337890625,2365.8377685546875,1250.5064697265625,75.365478515625,68.611328125
IMG_0050.mp4,638,21.287933333333335,29.97002997002997,174,2,traffic_signs,0.8656450510025024,2938.17041015625,1073.9173583984375,3119.292236328125,1222.7017822265625,3028.7313232421875,1148.3095703125,181.121826171875,148.784423828125
IMG_0050.mp4,638,21.287933333333335,29.97002997002997,241,2,traffic_signs,0.9192886352539062,2346.14794921875,1214.324462890625,2419.639404296875,1286.0723876953125,2382.8936767578125,1250.1984252929688,73.491455078125,71.7479248046875
IMG_0050.mp4,639,21.3213,29.97002997002997,174,2,traffic_signs,0.9228784441947937,2966.018310546875,1071.8814697265625,3147.5302734375,1220.94580078125,3056.7742919921875,1146.4136352539062,181.511962890625,149.0643310546875
IMG_0050.mp4,639,21.3213,29.97002997002997,241,2,traffic_signs,0.925156831741333,2360.9169921875,1214.3892822265625,2434.2802734375,1284.7755126953125,2397.5986328125,1249.5823974609375,73.36328125,70.38623046875
IMG_0050.mp4,640,21.354666666666667,29.97002997002997,174,2,traffic_signs,0.723028838634491,2989.3525390625,1074.0030517578125,3180.717529296875,1218.58056640625,3085.0350341796875,1146.2918090820312,191.364990234375,144.5775146484375
IMG_0050.mp4,640,21.354666666666667,29.97002997002997,241,2,traffic_signs,0.9311796426773071,2377.30859375,1213.613525390625,2450.997314453125,1284.84912109375,2414.1529541015625,1249.2313232421875,73.688720703125,71.235595703125
IMG_0050.mp4,641,21.388033333333333,29.97002997002997,174,2,traffic_signs,0.8814710974693298,3016.808837890625,1060.130859375,3213.7431640625,1216.0213623046875,3115.2760009765625,1138.0761108398438,196.934326171875,155.8905029296875
IMG_0050.mp4,641,21.388033333333333,29.97002997002997,241,2,traffic_signs,0.9253853559494019,2393.156494140625,1212.0933837890625,2465.96923828125,1285.1435546875,2429.5628662109375,1248.6184692382812,72.812744140625,73.0501708984375
IMG_0050.mp4,642,21.421400000000002,29.97002997002997,174,2,traffic_signs,0.9382871389389038,3042.1845703125,1048.872314453125,3243.773193359375,1213.363525390625,3142.9788818359375,1131.117919921875,201.588623046875,164.4912109375
IMG_0050.mp4,642,21.421400000000002,29.97002997002997,241,2,traffic_signs,0.9222262501716614,2407.8388671875,1210.8740234375,2482.601806640625,1284.5738525390625,2445.2203369140625,1247.7239379882812,74.762939453125,73.6998291015625
IMG_0050.mp4,643,21.454766666666668,29.97002997002997,174,2,traffic_signs,0.8908567428588867,3069.29638671875,1041.6021728515625,3277.5712890625,1208.870849609375,3173.433837890625,1125.2365112304688,208.27490234375,167.2686767578125
IMG_0050.mp4,643,21.454766666666668,29.97002997002997,241,2,traffic_signs,0.92044997215271,2423.212890625,1210.7457275390625,2498.27783203125,1283.7984619140625,2460.745361328125,1247.2720947265625,75.06494140625,73.052734375
IMG_0050.mp4,644,21.488133333333334,29.97002997002997,174,2,traffic_signs,0.934123694896698,3097.02978515625,1037.7342529296875,3307.663330078125,1206.19287109375,3202.3465576171875,1121.9635620117188,210.633544921875,168.4586181640625
IMG_0050.mp4,644,21.488133333333334,29.97002997002997,241,2,traffic_signs,0.9198623895645142,2438.52734375,1209.765869140625,2514.81103515625,1285.068115234375,2476.669189453125,1247.4169921875,76.28369140625,75.30224609375
IMG_0050.mp4,645,21.5215,29.97002997002997,174,2,traffic_signs,0.9144840836524963,3124.563720703125,1027.08251953125,3341.30859375,1203.0633544921875,3232.9361572265625,1115.0729370117188,216.744873046875,175.9808349609375
IMG_0050.mp4,645,21.5215,29.97002997002997,241,2,traffic_signs,0.9303497076034546,2453.452392578125,1209.1717529296875,2530.23291015625,1283.5185546875,2491.8426513671875,1246.3451538085938,76.780517578125,74.3468017578125
IMG_0050.mp4,646,21.554866666666666,29.97002997002997,174,2,traffic_signs,0.8429045677185059,3152.381591796875,1033.151123046875,3371.92236328125,1199.955322265625,3262.1519775390625,1116.55322265625,219.540771484375,166.80419921875
IMG_0050.mp4,646,21.554866666666666,29.97002997002997,241,2,traffic_signs,0.9230562448501587,2468.62353515625,1208.1246337890625,2544.583984375,1283.05029296875,2506.603759765625,1245.5874633789062,75.96044921875,74.9256591796875
IMG_0050.mp4,647,21.588233333333335,29.97002997002997,174,2,traffic_signs,0.7626463770866394,3181.0517578125,1036.7880859375,3390.099365234375,1198.40771484375,3285.5755615234375,1117.597900390625,209.047607421875,161.61962890625
IMG_0050.mp4,647,21.588233333333335,29.97002997002997,241,2,traffic_signs,0.9259542226791382,2481.757568359375,1207.2979736328125,2560.48681640625,1283.125244140625,2521.1221923828125,1245.2116088867188,78.729248046875,75.8272705078125
IMG_0050.mp4,648,21.6216,29.97002997002997,174,2,traffic_signs,0.4025036692619324,3205.783203125,1035.127197265625,3407.943115234375,1196.255615234375,3306.8631591796875,1115.69140625,202.159912109375,161.12841796875
IMG_0050.mp4,648,21.6216,29.97002997002997,241,2,traffic_signs,0.9349524974822998,2497.208740234375,1206.6337890625,2575.790283203125,1281.59814453125,2536.49951171875,1244.115966796875,78.58154296875,74.96435546875
IMG_0050.mp4,649,21.654966666666667,29.97002997002997,241,2,traffic_signs,0.9270960688591003,2512.214111328125,1204.89111328125,2589.941650390625,1279.4906005859375,2551.077880859375,1242.1908569335938,77.7275390625,74.5994873046875
IMG_0050.mp4,650,21.688333333333333,29.97002997002997,241,2,traffic_signs,0.9138231873512268,2527.46044921875,1204.2286376953125,2604.92724609375,1279.4976806640625,2566.19384765625,1241.8631591796875,77.466796875,75.26904296875
IMG_0050.mp4,651,21.721700000000002,29.97002997002997,241,2,traffic_signs,0.9198105931282043,2542.072509765625,1203.3370361328125,2619.418701171875,1278.778076171875,2580.74560546875,1241.0575561523438,77.34619140625,75.4410400390625
IMG_0050.mp4,652,21.755066666666668,29.97002997002997,241,2,traffic_signs,0.9207542538642883,2556.295654296875,1202.5133056640625,2635.4482421875,1278.7689208984375,2595.8719482421875,1240.64111328125,79.152587890625,76.255615234375
IMG_0050.mp4,653,21.788433333333334,29.97002997002997,241,2,traffic_signs,0.9260899424552917,2569.169189453125,1201.195068359375,2648.9345703125,1277.448974609375,2609.0518798828125,1239.322021484375,79.765380859375,76.25390625
IMG_0050.mp4,654,21.8218,29.97002997002997,241,2,traffic_signs,0.921187698841095,2583.970947265625,1200.7313232421875,2663.4404296875,1277.05078125,2623.7056884765625,1238.8910522460938,79.469482421875,76.3194580078125
IMG_0050.mp4,655,21.855166666666666,29.97002997002997,241,2,traffic_signs,0.9130237102508545,2596.9111328125,1200.2628173828125,2679.510009765625,1276.848876953125,2638.2105712890625,1238.5558471679688,82.598876953125,76.5860595703125
IMG_0050.mp4,656,21.888533333333335,29.97002997002997,241,2,traffic_signs,0.9310716986656189,2610.71044921875,1198.56640625,2691.201904296875,1275.2677001953125,2650.9561767578125,1236.9170532226562,80.491455078125,76.7012939453125
IMG_0050.mp4,656,21.888533333333335,29.97002997002997,260,2,traffic_signs,0.6700790524482727,1574.52783203125,1093.8720703125,1711.453125,1281.330810546875,1642.990478515625,1187.6014404296875,136.92529296875,187.458740234375
IMG_0050.mp4,657,21.9219,29.97002997002997,241,2,traffic_signs,0.880059540271759,2625.63525390625,1196.1107177734375,2707.02294921875,1274.3687744140625,2666.3291015625,1235.23974609375,81.3876953125,78.258056640625
IMG_0050.mp4,658,21.955266666666667,29.97002997002997,241,2,traffic_signs,0.9123293161392212,2640.781982421875,1193.509033203125,2722.35302734375,1272.42626953125,2681.5675048828125,1232.9676513671875,81.571044921875,78.917236328125
IMG_0050.mp4,658,21.955266666666667,29.97002997002997,260,2,traffic_signs,0.7714884281158447,1566.5181884765625,1058.427001953125,1720.0008544921875,1532.288818359375,1643.259521484375,1295.35791015625,153.482666015625,473.86181640625
IMG_0050.mp4,659,21.988633333333333,29.97002997002997,241,2,traffic_signs,0.9080142378807068,2654.465087890625,1191.1866455078125,2738.612060546875,1270.9970703125,2696.53857421875,1231.0918579101562,84.14697265625,79.8104248046875
IMG_0050.mp4,659,21.988633333333333,29.97002997002997,260,2,traffic_signs,0.6460488438606262,1563.87939453125,1049.322265625,1723.219482421875,1585.3359375,1643.5494384765625,1317.3291015625,159.340087890625,536.013671875
IMG_0050.mp4,660,22.022000000000002,29.97002997002997,241,2,traffic_signs,0.8983626961708069,2668.450439453125,1190.1319580078125,2754.44384765625,1271.28662109375,2711.4471435546875,1230.7092895507812,85.993408203125,81.1546630859375
IMG_0050.mp4,660,22.022000000000002,29.97002997002997,260,2,traffic_signs,0.6428509950637817,1566.8961181640625,1046.5172119140625,1726.326904296875,1582.855712890625,1646.6115112304688,1314.6864624023438,159.4307861328125,536.3385009765625
IMG_0050.mp4,660,22.022000000000002,29.97002997002997,264,2,traffic_signs,0.4072967767715454,2653.94677734375,1291.63525390625,2696.598388671875,1330.477783203125,2675.2725830078125,1311.0565185546875,42.651611328125,38.842529296875
IMG_0050.mp4,661,22.055366666666668,29.97002997002997,241,2,traffic_signs,0.922147274017334,2681.324951171875,1189.0577392578125,2768.8662109375,1270.99609375,2725.0955810546875,1230.0269165039062,87.541259765625,81.9383544921875
IMG_0050.mp4,661,22.055366666666668,29.97002997002997,260,2,traffic_signs,0.6988113522529602,1567.437255859375,1048.2425537109375,1727.1265869140625,1570.501220703125,1647.2819213867188,1309.3718872070312,159.6893310546875,522.2586669921875
IMG_0050.mp4,661,22.055366666666668,29.97002997002997,264,2,traffic_signs,0.2578563094139099,2667.04443359375,1292.4754638671875,2709.740966796875,1330.081787109375,2688.3927001953125,1311.2786254882812,42.696533203125,37.6063232421875
IMG_0050.mp4,662,22.088733333333334,29.97002997002997,241,2,traffic_signs,0.91310054063797,2695.05859375,1187.169921875,2783.13720703125,1270.1063232421875,2739.097900390625,1228.6381225585938,88.07861328125,82.9364013671875
IMG_0050.mp4,662,22.088733333333334,29.97002997002997,260,2,traffic_signs,0.46926435828208923,1565.437744140625,1040.1195068359375,1730.8336181640625,1608.761962890625,1648.1356811523438,1324.4407348632812,165.3958740234375,568.6424560546875
IMG_0050.mp4,663,22.1221,29.97002997002997,241,2,traffic_signs,0.9065346121788025,2707.668212890625,1186.3638916015625,2794.668212890625,1268.49951171875,2751.168212890625,1227.4317016601562,87.0,82.1356201171875
IMG_0050.mp4,663,22.1221,29.97002997002997,260,2,traffic_signs,0.8423483967781067,1562.8370361328125,1034.8243408203125,1734.2581787109375,1591.7667236328125,1648.547607421875,1313.2955322265625,171.421142578125,556.9423828125
IMG_0050.mp4,664,22.155466666666666,29.97002997002997,241,2,traffic_signs,0.910399854183197,2722.70703125,1186.6314697265625,2809.23681640625,1268.160400390625,2765.971923828125,1227.3959350585938,86.52978515625,81.5289306640625
IMG_0050.mp4,664,22.155466666666666,29.97002997002997,260,2,traffic_signs,0.34800219535827637,1559.2021484375,1034.063232421875,1737.9171142578125,1591.557373046875,1648.5596313476562,1312.810302734375,178.7149658203125,557.494140625
IMG_0050.mp4,664,22.155466666666666,29.97002997002997,264,2,traffic_signs,0.47629302740097046,2703.56689453125,1289.5677490234375,2750.051513671875,1329.6585693359375,2726.8092041015625,1309.6131591796875,46.484619140625,40.0908203125
IMG_0050.mp4,665,22.188833333333335,29.97002997002997,241,2,traffic_signs,0.9139686226844788,2736.08349609375,1185.0421142578125,2823.891357421875,1267.9605712890625,2779.9874267578125,1226.5013427734375,87.807861328125,82.91845703125
IMG_0050.mp4,665,22.188833333333335,29.97002997002997,260,2,traffic_signs,0.4607722759246826,1555.9346923828125,1027.3287353515625,1738.67626953125,1605.935546875,1647.3054809570312,1316.6321411132812,182.7415771484375,578.6068115234375
IMG_0050.mp4,665,22.188833333333335,29.97002997002997,264,2,traffic_signs,0.367092102766037,2715.998046875,1290.16845703125,2757.587646484375,1328.9637451171875,2736.7928466796875,1309.5661010742188,41.589599609375,38.7952880859375
IMG_0050.mp4,666,22.2222,29.97002997002997,241,2,traffic_signs,0.9157119393348694,2748.014892578125,1184.3125,2836.843994140625,1267.7218017578125,2792.429443359375,1226.0171508789062,88.8291015625,83.4093017578125
IMG_0050.mp4,666,22.2222,29.97002997002997,260,2,traffic_signs,0.6837695837020874,1550.939208984375,1019.0167236328125,1736.7725830078125,1665.71923828125,1643.8558959960938,1342.3679809570312,185.8333740234375,646.7025146484375
IMG_0050.mp4,666,22.2222,29.97002997002997,264,2,traffic_signs,0.27201613783836365,2727.386474609375,1289.4801025390625,2770.819580078125,1328.2958984375,2749.10302734375,1308.8880004882812,43.43310546875,38.8157958984375
IMG_0050.mp4,667,22.255566666666667,29.97002997002997,241,2,traffic_signs,0.9137074947357178,2760.286376953125,1182.87158203125,2848.892333984375,1266.8973388671875,2804.58935546875,1224.8844604492188,88.60595703125,84.0257568359375
IMG_0050.mp4,667,22.255566666666667,29.97002997002997,260,2,traffic_signs,0.8307072520256042,1551.9412841796875,1017.3304443359375,1740.221435546875,1654.1181640625,1646.0813598632812,1335.7243041992188,188.2801513671875,636.7877197265625
IMG_0050.mp4,667,22.255566666666667,29.97002997002997,264,2,traffic_signs,0.3132566511631012,2739.149169921875,1289.2515869140625,2782.12451171875,1327.42822265625,2760.6368408203125,1308.3399047851562,42.975341796875,38.1766357421875
IMG_0050.mp4,668,22.288933333333333,29.97002997002997,241,2,traffic_signs,0.9117301106452942,2773.138916015625,1182.9127197265625,2859.9443359375,1266.0770263671875,2816.5416259765625,1224.494873046875,86.805419921875,83.164306640625
IMG_0050.mp4,668,22.288933333333333,29.97002997002997,260,2,traffic_signs,0.8881849050521851,1551.8056640625,1013.8634033203125,1741.1551513671875,1653.73974609375,1646.4804077148438,1333.8015747070312,189.3494873046875,639.8763427734375
IMG_0050.mp4,669,22.322300000000002,29.97002997002997,241,2,traffic_signs,0.9008304476737976,2784.274658203125,1181.5789794921875,2874.02197265625,1265.837158203125,2829.1483154296875,1223.7080688476562,89.747314453125,84.2581787109375
IMG_0050.mp4,669,22.322300000000002,29.97002997002997,260,2,traffic_signs,0.9052466154098511,1550.454345703125,1010.5517578125,1742.6207275390625,1649.1614990234375,1646.5375366210938,1329.8566284179688,192.1663818359375,638.6097412109375
IMG_0050.mp4,670,22.355666666666668,29.97002997002997,241,2,traffic_signs,0.909655749797821,2795.973876953125,1180.125732421875,2885.448974609375,1264.85302734375,2840.71142578125,1222.4893798828125,89.47509765625,84.727294921875
IMG_0050.mp4,670,22.355666666666668,29.97002997002997,260,2,traffic_signs,0.892360270023346,1548.840087890625,1007.2904052734375,1743.4329833984375,1644.74072265625,1646.1365356445312,1326.0155639648438,194.5928955078125,637.4503173828125
IMG_0050.mp4,671,22.389033333333334,29.97002997002997,241,2,traffic_signs,0.9161048531532288,2805.9267578125,1178.171142578125,2895.83935546875,1262.6309814453125,2850.883056640625,1220.4010620117188,89.91259765625,84.4598388671875
IMG_0050.mp4,671,22.389033333333334,29.97002997002997,260,2,traffic_signs,0.897127628326416,1546.4263916015625,1005.3768920898438,1743.91943359375,1636.8802490234375,1645.1729125976562,1321.1285705566406,197.4930419921875,631.5033569335938
IMG_0050.mp4,672,22.4224,29.97002997002997,241,2,traffic_signs,0.650759756565094,2817.116943359375,1175.336181640625,2907.447998046875,1261.216552734375,2862.282470703125,1218.2763671875,90.3310546875,85.88037109375
IMG_0050.mp4,672,22.4224,29.97002997002997,260,2,traffic_signs,0.9121764302253723,1544.63818359375,1001.7271728515625,1744.0125732421875,1642.2056884765625,1644.3253784179688,1321.9664306640625,199.3743896484375,640.478515625
IMG_0050.mp4,673,22.455766666666666,29.97002997002997,241,2,traffic_signs,0.8613030910491943,2828.162109375,1173.3736572265625,2921.634033203125,1257.662353515625,2874.8980712890625,1215.5180053710938,93.471923828125,84.2886962890625
IMG_0050.mp4,673,22.455766666666666,29.97002997002997,260,2,traffic_signs,0.781977653503418,1542.4755859375,994.6796875,1739.1353759765625,1677.900390625,1640.8054809570312,1336.2900390625,196.6597900390625,683.220703125
IMG_0050.mp4,673,22.455766666666666,29.97002997002997,267,2,traffic_signs,0.5769028663635254,2692.20947265625,1407.3675537109375,2727.822265625,1440.45068359375,2710.015869140625,1423.9091186523438,35.61279296875,33.0831298828125
IMG_0050.mp4,674,22.489133333333335,29.97002997002997,241,2,traffic_signs,0.9079649448394775,2839.921142578125,1171.5294189453125,2931.95361328125,1256.6015625,2885.9373779296875,1214.0654907226562,92.032470703125,85.0721435546875
IMG_0050.mp4,674,22.489133333333335,29.97002997002997,260,2,traffic_signs,0.8959939479827881,1541.10009765625,994.166015625,1734.44140625,1682.9224853515625,1637.770751953125,1338.5442504882812,193.34130859375,688.7564697265625
IMG_0050.mp4,675,22.5225,29.97002997002997,241,2,traffic_signs,0.876987874507904,2850.372802734375,1169.8197021484375,2943.438720703125,1257.9010009765625,2896.90576171875,1213.8603515625,93.06591796875,88.081298828125
IMG_0050.mp4,675,22.5225,29.97002997002997,260,2,traffic_signs,0.8828898072242737,1540.7823486328125,1001.6422729492188,1732.0224609375,1672.1483154296875,1636.4024047851562,1336.8952941894531,191.2401123046875,670.5060424804688
IMG_0050.mp4,676,22.555866666666667,29.97002997002997,241,2,traffic_signs,0.6815630793571472,2861.800537109375,1165.205810546875,2953.275390625,1258.5819091796875,2907.5379638671875,1211.8938598632812,91.474853515625,93.3760986328125
IMG_0050.mp4,676,22.555866666666667,29.97002997002997,260,2,traffic_signs,0.9026773571968079,1539.21533203125,992.951171875,1728.82666015625,1635.088134765625,1634.02099609375,1314.0196533203125,189.611328125,642.136962890625
IMG_0050.mp4,677,22.589233333333333,29.97002997002997,241,2,traffic_signs,0.8110486268997192,2872.078857421875,1162.5150146484375,2965.726806640625,1255.8353271484375,2918.90283203125,1209.1751708984375,93.64794921875,93.3203125
IMG_0050.mp4,677,22.589233333333333,29.97002997002997,260,2,traffic_signs,0.7973896861076355,1536.374755859375,991.0311279296875,1726.2957763671875,1604.8699951171875,1631.3352661132812,1297.9505615234375,189.9210205078125,613.8388671875
IMG_0050.mp4,678,22.622600000000002,29.97002997002997,241,2,traffic_signs,0.8127345442771912,2882.569091796875,1161.5133056640625,2977.52783203125,1252.12939453125,2930.0484619140625,1206.8213500976562,94.958740234375,90.6160888671875
IMG_0050.mp4,678,22.622600000000002,29.97002997002997,260,2,traffic_signs,0.7669118642807007,1532.352783203125,981.2838745117188,1725.617431640625,1572.653564453125,1628.985107421875,1276.9687194824219,193.2646484375,591.3696899414062
IMG_0050.mp4,678,22.622600000000002,29.97002997002997,267,2,traffic_signs,0.35534921288490295,2738.600830078125,1405.962890625,2775.35498046875,1441.9736328125,2756.9779052734375,1423.96826171875,36.754150390625,36.0107421875
IMG_0050.mp4,679,22.655966666666668,29.97002997002997,241,2,traffic_signs,0.8895218968391418,2892.37451171875,1159.7894287109375,2988.9140625,1249.67724609375,2940.644287109375,1204.7333374023438,96.53955078125,89.8878173828125
IMG_0050.mp4,679,22.655966666666668,29.97002997002997,260,2,traffic_signs,0.7899271845817566,1526.39306640625,977.31494140625,1723.525146484375,1555.4833984375,1624.9591064453125,1266.399169921875,197.132080078125,578.16845703125
IMG_0050.mp4,679,22.655966666666668,29.97002997002997,268,2,traffic_signs,0.3767969012260437,398.706787109375,729.9420776367188,568.6234130859375,1043.2801513671875,483.66510009765625,886.6111145019531,169.9166259765625,313.33807373046875
IMG_0050.mp4,680,22.689333333333334,29.97002997002997,241,2,traffic_signs,0.5769179463386536,2901.704833984375,1157.512451171875,2999.836181640625,1248.20703125,2950.7705078125,1202.8597412109375,98.13134765625,90.694580078125
IMG_0050.mp4,680,22.689333333333334,29.97002997002997,260,2,traffic_signs,0.9037553071975708,1525.3253173828125,971.820068359375,1721.322021484375,1554.5712890625,1623.3236694335938,1263.1956787109375,195.9967041015625,582.751220703125
IMG_0050.mp4,681,22.7227,29.97002997002997,241,2,traffic_signs,0.8767718076705933,2912.662353515625,1155.79345703125,3011.16064453125,1247.8665771484375,2961.9114990234375,1201.8300170898438,98.498291015625,92.0731201171875
IMG_0050.mp4,681,22.7227,29.97002997002997,260,2,traffic_signs,0.8626026511192322,1520.2674560546875,968.9346923828125,1718.2821044921875,1550.5687255859375,1619.2747802734375,1259.751708984375,198.0146484375,581.634033203125
IMG_0050.mp4,681,22.7227,29.97002997002997,268,2,traffic_signs,0.5503162741661072,401.7684326171875,731.1748046875,553.379150390625,1047.4354248046875,477.57379150390625,889.3051147460938,151.6107177734375,316.2606201171875
IMG_0050.mp4,682,22.756066666666666,29.97002997002997,241,2,traffic_signs,0.6987267136573792,2921.759521484375,1156.2269287109375,3021.238037109375,1247.0416259765625,2971.498779296875,1201.63427734375,99.478515625,90.814697265625
IMG_0050.mp4,682,22.756066666666666,29.97002997002997,260,2,traffic_signs,0.8958393931388855,1516.1756591796875,963.4762573242188,1716.109130859375,1538.205810546875,1616.1423950195312,1250.8410339355469,199.9334716796875,574.7295532226562
IMG_0050.mp4,682,22.756066666666666,29.97002997002997,268,2,traffic_signs,0.3405173122882843,390.4774475097656,740.104248046875,544.8212890625,1050.2413330078125,467.6493682861328,895.1727905273438,154.34384155273438,310.1370849609375
IMG_0050.mp4,683,22.789433333333335,29.97002997002997,241,2,traffic_signs,0.8599657416343689,2933.21044921875,1154.701904296875,3033.7138671875,1244.7620849609375,2983.462158203125,1199.7319946289062,100.50341796875,90.0601806640625
IMG_0050.mp4,683,22.789433333333335,29.97002997002997,260,2,traffic_signs,0.8987548351287842,1510.061279296875,956.373291015625,1713.008056640625,1530.2803955078125,1611.53466796875,1243.3268432617188,202.94677734375,573.9071044921875
IMG_0050.mp4,683,22.789433333333335,29.97002997002997,268,2,traffic_signs,0.3433338701725006,374.4886474609375,739.3555297851562,534.2904052734375,1050.9678955078125,454.3895263671875,895.1617126464844,159.8017578125,311.61236572265625
IMG_0050.mp4,684,22.8228,29.97002997002997,241,2,traffic_signs,0.8011731505393982,2944.51025390625,1152.39501953125,3044.689208984375,1243.4931640625,2994.5997314453125,1197.944091796875,100.178955078125,91.09814453125
IMG_0050.mp4,684,22.8228,29.97002997002997,260,2,traffic_signs,0.9355126619338989,1505.792724609375,953.7183227539062,1709.37646484375,1524.875,1607.5845947265625,1239.2966613769531,203.583740234375,571.1566772460938
IMG_0050.mp4,684,22.8228,29.97002997002997,268,2,traffic_signs,0.5997568964958191,358.635498046875,736.6142578125,526.8889770507812,1055.2030029296875,442.7622375488281,895.9086303710938,168.25347900390625,318.5887451171875
IMG_0050.mp4,685,22.856166666666667,29.97002997002997,241,2,traffic_signs,0.7088388800621033,2955.764892578125,1153.456787109375,3054.64013671875,1242.9278564453125,3005.2025146484375,1198.1923217773438,98.875244140625,89.4710693359375
IMG_0050.mp4,685,22.856166666666667,29.97002997002997,260,2,traffic_signs,0.8579171895980835,1499.2900390625,949.8762817382812,1700.9456787109375,1546.9527587890625,1600.1178588867188,1248.4145202636719,201.6556396484375,597.0764770507812
IMG_0050.mp4,685,22.856166666666667,29.97002997002997,268,2,traffic_signs,0.5743575692176819,340.5450439453125,735.9766845703125,519.051025390625,1059.0601806640625,429.79803466796875,897.5184326171875,178.5059814453125,323.08349609375
IMG_0050.mp4,686,22.889533333333333,29.97002997002997,241,2,traffic_signs,0.6322701573371887,2965.645751953125,1150.36474609375,3065.98095703125,1243.2022705078125,3015.8133544921875,1196.7835083007812,100.335205078125,92.8375244140625
IMG_0050.mp4,686,22.889533333333333,29.97002997002997,260,2,traffic_signs,0.9339280724525452,1491.031005859375,937.5420532226562,1694.4443359375,1555.2513427734375,1592.7376708984375,1246.3966979980469,203.413330078125,617.7092895507812
IMG_0050.mp4,687,22.922900000000002,29.97002997002997,241,2,traffic_signs,0.41281813383102417,2976.009521484375,1152.80224609375,3075.442138671875,1242.7999267578125,3025.725830078125,1197.8010864257812,99.4326171875,89.9976806640625
IMG_0050.mp4,687,22.922900000000002,29.97002997002997,260,2,traffic_signs,0.9127416610717773,1479.0732421875,930.0996704101562,1689.1259765625,1553.903564453125,1584.099609375,1242.0016174316406,210.052734375,623.8038940429688
IMG_0050.mp4,688,22.956266666666668,29.97002997002997,260,2,traffic_signs,0.8527523875236511,1467.9971923828125,927.542724609375,1681.7244873046875,1552.240966796875,1574.86083984375,1239.891845703125,213.727294921875,624.6982421875
IMG_0050.mp4,688,22.956266666666668,29.97002997002997,267,2,traffic_signs,0.38420411944389343,2820.373779296875,1408.531494140625,2860.666015625,1448.5098876953125,2840.5198974609375,1428.5206909179688,40.292236328125,39.9783935546875
IMG_0050.mp4,689,22.989633333333334,29.97002997002997,260,2,traffic_signs,0.8661672472953796,1459.1207275390625,930.0897216796875,1673.97998046875,1546.93359375,1566.5503540039062,1238.5116577148438,214.8592529296875,616.8438720703125
IMG_0050.mp4,689,22.989633333333334,29.97002997002997,267,2,traffic_signs,0.35474997758865356,2827.66845703125,1408.625244140625,2868.907470703125,1448.25,2848.2879638671875,1428.4376220703125,41.239013671875,39.624755859375
IMG_0050.mp4,690,23.023,29.97002997002997,260,2,traffic_signs,0.8516895174980164,1449.0726318359375,917.2546997070312,1668.03662109375,1533.2620849609375,1558.5546264648438,1225.2583923339844,218.9639892578125,616.0073852539062
IMG_0050.mp4,691,23.056366666666666,29.97002997002997,260,2,traffic_signs,0.4289960563182831,1441.314697265625,933.6829223632812,1660.735595703125,1530.79296875,1551.025146484375,1232.2379455566406,219.4208984375,597.1100463867188
IMG_0050.mp4,691,23.056366666666666,29.97002997002997,267,2,traffic_signs,0.4373073875904083,2842.376220703125,1410.080810546875,2884.369873046875,1449.9783935546875,2863.373046875,1430.0296020507812,41.99365234375,39.8975830078125
IMG_0050.mp4,693,23.1231,29.97002997002997,260,2,traffic_signs,0.8040647506713867,1422.6483154296875,926.063232421875,1638.8385009765625,1543.62353515625,1530.743408203125,1234.8433837890625,216.190185546875,617.560302734375
IMG_0050.mp4,693,23.1231,29.97002997002997,267,2,traffic_signs,0.47180140018463135,2857.259521484375,1411.41015625,2897.7099609375,1450.7393798828125,2877.4847412109375,1431.0747680664062,40.450439453125,39.3292236328125
IMG_0050.mp4,694,23.156466666666667,29.97002997002997,260,2,traffic_signs,0.793196976184845,1411.427490234375,918.3798828125,1621.0814208984375,1554.7427978515625,1516.2544555664062,1236.5613403320312,209.6539306640625,636.3629150390625
IMG_0050.mp4,694,23.156466666666667,29.97002997002997,267,2,traffic_signs,0.30409684777259827,2864.533447265625,1411.9207763671875,2905.601806640625,1451.5108642578125,2885.067626953125,1431.7158203125,41.068359375,39.590087890625
IMG_0050.mp4,695,23.189833333333333,29.97002997002997,260,2,traffic_signs,0.6777175664901733,1401.510498046875,909.8577270507812,1609.7205810546875,1551.716064453125,1505.6155395507812,1230.7868957519531,208.2100830078125,641.8583374023438
IMG_0050.mp4,696,23.223200000000002,29.97002997002997,260,2,traffic_signs,0.7395231127738953,1392.5433349609375,890.5233764648438,1605.41796875,1535.6395263671875,1498.9806518554688,1213.0814514160156,212.8746337890625,645.1161499023438
IMG_0050.mp4,696,23.223200000000002,29.97002997002997,267,2,traffic_signs,0.3549022078514099,2879.7236328125,1412.70703125,2919.552490234375,1452.8001708984375,2899.6380615234375,1432.7536010742188,39.828857421875,40.0931396484375
IMG_0050.mp4,697,23.256566666666668,29.97002997002997,260,2,traffic_signs,0.5134710669517517,1380.895751953125,890.232421875,1597.8804931640625,1569.52197265625,1489.3881225585938,1229.877197265625,216.9847412109375,679.28955078125
IMG_0050.mp4,697,23.256566666666668,29.97002997002997,241,2,traffic_signs,0.4555765688419342,3071.491943359375,1125.094482421875,3180.746826171875,1232.4105224609375,3126.119384765625,1178.7525024414062,109.2548828125,107.3160400390625
IMG_0050.mp4,698,23.289933333333334,29.97002997002997,260,2,traffic_signs,0.5066006183624268,1368.346923828125,891.3377685546875,1587.7381591796875,1570.5316162109375,1478.0425415039062,1230.9346923828125,219.3912353515625,679.19384765625
IMG_0050.mp4,698,23.289933333333334,29.97002997002997,241,2,traffic_signs,0.3590945303440094,3077.50048828125,1124.830322265625,3192.7900390625,1230.126220703125,3135.145263671875,1177.478271484375,115.28955078125,105.2958984375
IMG_0050.mp4,699,23.3233,29.97002997002997,260,2,traffic_signs,0.8685566782951355,1356.0867919921875,889.6637573242188,1578.657470703125,1574.81396484375,1467.3721313476562,1232.2388610839844,222.5706787109375,685.1502075195312
IMG_0050.mp4,699,23.3233,29.97002997002997,241,2,traffic_signs,0.5614243149757385,3087.177490234375,1124.0096435546875,3205.372314453125,1227.7586669921875,3146.27490234375,1175.8841552734375,118.19482421875,103.7490234375
IMG_0050.mp4,700,23.356666666666666,29.97002997002997,260,2,traffic_signs,0.9106093645095825,1346.5853271484375,866.7777709960938,1569.9808349609375,1521.0892333984375,1458.2830810546875,1193.9335021972656,223.3955078125,654.3114624023438
IMG_0050.mp4,700,23.356666666666666,29.97002997002997,241,2,traffic_signs,0.4049712121486664,3097.3447265625,1119.0096435546875,3218.32861328125,1227.3990478515625,3157.836669921875,1173.204345703125,120.98388671875,108.389404296875
IMG_0050.mp4,700,23.356666666666666,29.97002997002997,267,2,traffic_signs,0.287975549697876,2908.52099609375,1415.5106201171875,2949.013671875,1456.5247802734375,2928.767333984375,1436.0177001953125,40.49267578125,41.01416015625
IMG_0050.mp4,701,23.390033333333335,29.97002997002997,260,2,traffic_signs,0.44209539890289307,1334.78662109375,873.299072265625,1556.590576171875,1476.9127197265625,1445.6885986328125,1175.1058959960938,221.803955078125,603.6136474609375
IMG_0050.mp4,702,23.4234,29.97002997002997,267,2,traffic_signs,0.28116700053215027,2923.179931640625,1417.1390380859375,2965.2919921875,1457.8404541015625,2944.2359619140625,1437.48974609375,42.112060546875,40.701416015625
IMG_0050.mp4,703,23.456766666666667,29.97002997002997,267,2,traffic_signs,0.5364651679992676,2929.427978515625,1417.8258056640625,2970.6943359375,1458.319091796875,2950.0611572265625,1438.0724487304688,41.266357421875,40.4932861328125
IMG_0050.mp4,704,23.490133333333333,29.97002997002997,267,2,traffic_signs,0.3394530713558197,2936.38720703125,1419.5494384765625,2978.703125,1459.534912109375,2957.545166015625,1439.5421752929688,42.31591796875,39.9854736328125
IMG_0050.mp4,705,23.523500000000002,29.97002997002997,267,2,traffic_signs,0.3823559582233429,2943.212646484375,1420.1220703125,2984.50146484375,1460.2491455078125,2963.8570556640625,1440.1856079101562,41.288818359375,40.1270751953125
IMG_0050.mp4,706,23.556866666666668,29.97002997002997,267,2,traffic_signs,0.4000871181488037,2949.898193359375,1419.7908935546875,2990.58349609375,1460.1094970703125,2970.2408447265625,1439.9501953125,40.685302734375,40.318603515625
IMG_0050.mp4,706,23.556866666666668,29.97002997002997,270,2,traffic_signs,0.6645807027816772,329.20281982421875,859.3856201171875,505.1494445800781,988.6142578125,417.17613220214844,923.9999389648438,175.94662475585938,129.2286376953125
IMG_0050.mp4,707,23.590233333333334,29.97002997002997,270,2,traffic_signs,0.3721817135810852,324.1878967285156,861.1703491210938,502.7336730957031,990.49609375,413.4607849121094,925.8332214355469,178.5457763671875,129.32574462890625
IMG_0050.mp4,712,23.757066666666667,29.97002997002997,272,2,traffic_signs,0.4383941888809204,506.24896240234375,981.4847412109375,571.877685546875,1034.6314697265625,539.0633239746094,1008.05810546875,65.62872314453125,53.146728515625
IMG_0050.mp4,713,23.790433333333333,29.97002997002997,272,2,traffic_signs,0.6273198127746582,507.3673400878906,981.4830322265625,574.1568603515625,1035.8577880859375,540.7621002197266,1008.67041015625,66.78952026367188,54.374755859375
IMG_0050.mp4,713,23.790433333333333,29.97002997002997,267,2,traffic_signs,0.5372000336647034,2996.727783203125,1423.1141357421875,3042.516357421875,1467.6683349609375,3019.6220703125,1445.3912353515625,45.78857421875,44.55419921875
IMG_0050.mp4,714,23.823800000000002,29.97002997002997,272,2,traffic_signs,0.7989760041236877,508.4150085449219,982.5825805664062,575.9854125976562,1036.610595703125,542.2002105712891,1009.5965881347656,67.57040405273438,54.02801513671875
IMG_0050.mp4,714,23.823800000000002,29.97002997002997,267,2,traffic_signs,0.49700072407722473,3004.022705078125,1425.0093994140625,3049.974853515625,1468.3631591796875,3026.998779296875,1446.686279296875,45.9521484375,43.353759765625
IMG_0050.mp4,715,23.857166666666668,29.97002997002997,272,2,traffic_signs,0.8696673512458801,512.0460205078125,983.617919921875,578.4701538085938,1037.341064453125,545.2580871582031,1010.4794921875,66.42413330078125,53.72314453125
IMG_0050.mp4,715,23.857166666666668,29.97002997002997,267,2,traffic_signs,0.4713679850101471,3014.01171875,1427.41748046875,3059.400390625,1470.1832275390625,3036.7060546875,1448.8003540039062,45.388671875,42.7657470703125
IMG_0050.mp4,716,23.890533333333334,29.97002997002997,272,2,traffic_signs,0.548436164855957,513.8115844726562,985.1286010742188,580.0570678710938,1037.906494140625,546.934326171875,1011.5175476074219,66.2454833984375,52.77789306640625
IMG_0050.mp4,716,23.890533333333334,29.97002997002997,267,2,traffic_signs,0.6359561681747437,3021.01171875,1428.90869140625,3066.93310546875,1472.997802734375,3043.972412109375,1450.9532470703125,45.92138671875,44.089111328125
IMG_0050.mp4,717,23.9239,29.97002997002997,272,2,traffic_signs,0.7772924304008484,516.7188720703125,987.2598266601562,582.5263671875,1039.6483154296875,549.6226196289062,1013.4540710449219,65.8074951171875,52.38848876953125
IMG_0050.mp4,717,23.9239,29.97002997002997,267,2,traffic_signs,0.6848167777061462,3027.04443359375,1430.81396484375,3074.350341796875,1474.784423828125,3050.6973876953125,1452.7991943359375,47.305908203125,43.970458984375
IMG_0050.mp4,718,23.957266666666666,29.97002997002997,272,2,traffic_signs,0.49616938829421997,520.379638671875,989.6122436523438,583.3721313476562,1041.177978515625,551.8758850097656,1015.3951110839844,62.99249267578125,51.56573486328125
IMG_0050.mp4,718,23.957266666666666,29.97002997002997,267,2,traffic_signs,0.7500821352005005,3035.023681640625,1432.220703125,3081.25341796875,1476.109130859375,3058.1385498046875,1454.1649169921875,46.229736328125,43.888427734375
IMG_0050.mp4,719,23.990633333333335,29.97002997002997,272,2,traffic_signs,0.6661511063575745,521.792236328125,990.23681640625,582.7811279296875,1042.132080078125,552.2866821289062,1016.1844482421875,60.9888916015625,51.895263671875
IMG_0050.mp4,719,23.990633333333335,29.97002997002997,267,2,traffic_signs,0.6415443420410156,3042.232177734375,1432.90478515625,3087.111328125,1477.093017578125,3064.6717529296875,1454.9989013671875,44.879150390625,44.188232421875
IMG_0050.mp4,720,24.024,29.97002997002997,272,2,traffic_signs,0.7341368198394775,524.4481201171875,992.4471435546875,585.3252563476562,1043.8367919921875,554.8866882324219,1018.1419677734375,60.87713623046875,51.3896484375
IMG_0050.mp4,720,24.024,29.97002997002997,267,2,traffic_signs,0.39335963129997253,3048.975341796875,1433.89794921875,3096.28271484375,1478.1719970703125,3072.6290283203125,1456.0349731445312,47.307373046875,44.2740478515625
IMG_0050.mp4,721,24.057366666666667,29.97002997002997,272,2,traffic_signs,0.8159846067428589,525.8431396484375,993.1607666015625,586.39453125,1044.363037109375,556.1188354492188,1018.7619018554688,60.5513916015625,51.2022705078125
IMG_0050.mp4,721,24.057366666666667,29.97002997002997,267,2,traffic_signs,0.3714352548122406,3056.9833984375,1434.367431640625,3103.785400390625,1479.706298828125,3080.3843994140625,1457.036865234375,46.802001953125,45.3388671875
IMG_0050.mp4,721,24.057366666666667,29.97002997002997,274,2,traffic_signs,0.3909537196159363,629.743896484375,1061.466552734375,692.109130859375,1104.971923828125,660.926513671875,1083.21923828125,62.365234375,43.50537109375
IMG_0050.mp4,722,24.090733333333333,29.97002997002997,272,2,traffic_signs,0.8392726182937622,524.8721313476562,993.7702026367188,587.8115844726562,1044.7547607421875,556.3418579101562,1019.2624816894531,62.939453125,50.98455810546875
IMG_0050.mp4,722,24.090733333333333,29.97002997002997,267,2,traffic_signs,0.6097465753555298,3065.474365234375,1435.291015625,3111.029052734375,1480.369873046875,3088.251708984375,1457.8304443359375,45.5546875,45.078857421875
IMG_0050.mp4,722,24.090733333333333,29.97002997002997,274,2,traffic_signs,0.45314085483551025,630.6942138671875,1061.914306640625,694.384033203125,1105.9415283203125,662.5391235351562,1083.9279174804688,63.6898193359375,44.0272216796875
IMG_0050.mp4,723,24.124100000000002,29.97002997002997,272,2,traffic_signs,0.8017788529396057,526.546630859375,994.3839721679688,589.72314453125,1045.04541015625,558.1348876953125,1019.7146911621094,63.176513671875,50.66143798828125
IMG_0050.mp4,723,24.124100000000002,29.97002997002997,267,2,traffic_signs,0.353549599647522,3073.2998046875,1437.2554931640625,3120.367431640625,1481.0941162109375,3096.8336181640625,1459.1748046875,47.067626953125,43.838623046875
IMG_0050.mp4,723,24.124100000000002,29.97002997002997,274,2,traffic_signs,0.5351638793945312,632.1154174804688,1064.3831787109375,695.0819702148438,1106.616455078125,663.5986938476562,1085.4998168945312,62.966552734375,42.2332763671875
IMG_0050.mp4,724,24.157466666666668,29.97002997002997,272,2,traffic_signs,0.7123731374740601,526.6513061523438,995.0914916992188,591.0547485351562,1044.6085205078125,558.85302734375,1019.8500061035156,64.4034423828125,49.51702880859375
IMG_0050.mp4,724,24.157466666666668,29.97002997002997,267,2,traffic_signs,0.3116031885147095,3080.874267578125,1438.930908203125,3128.350830078125,1482.51171875,3104.612548828125,1460.7213134765625,47.4765625,43.580810546875
IMG_0050.mp4,724,24.157466666666668,29.97002997002997,274,2,traffic_signs,0.42476770281791687,632.599853515625,1067.189208984375,693.9064331054688,1107.0946044921875,663.2531433105469,1087.1419067382812,61.30657958984375,39.9053955078125
IMG_0050.mp4,725,24.190833333333334,29.97002997002997,272,2,traffic_signs,0.7009064555168152,529.5504760742188,996.57470703125,594.4052124023438,1044.3218994140625,561.9778442382812,1020.4483032226562,64.854736328125,47.7471923828125
IMG_0050.mp4,725,24.190833333333334,29.97002997002997,267,2,traffic_signs,0.6393108367919922,3088.767822265625,1440.257080078125,3137.2236328125,1483.8883056640625,3112.9957275390625,1462.0726928710938,48.455810546875,43.6312255859375
IMG_0050.mp4,725,24.190833333333334,29.97002997002997,274,2,traffic_signs,0.2734723389148712,636.675537109375,1068.51318359375,700.3477172851562,1108.189453125,668.5116271972656,1088.351318359375,63.67218017578125,39.67626953125
IMG_0050.mp4,726,24.2242,29.97002997002997,272,2,traffic_signs,0.7569177746772766,528.87353515625,997.0132446289062,596.02685546875,1044.72802734375,562.4501953125,1020.8706359863281,67.1533203125,47.71478271484375
IMG_0050.mp4,727,24.257566666666666,29.97002997002997,272,2,traffic_signs,0.7202944755554199,528.320068359375,997.1517944335938,596.4547119140625,1045.4022216796875,562.3873901367188,1021.2770080566406,68.1346435546875,48.25042724609375
IMG_0050.mp4,727,24.257566666666666,29.97002997002997,267,2,traffic_signs,0.5161579251289368,3107.240478515625,1441.6390380859375,3154.5966796875,1486.85693359375,3130.9185791015625,1464.2479858398438,47.356201171875,45.2178955078125
IMG_0050.mp4,728,24.290933333333335,29.97002997002997,272,2,traffic_signs,0.5812315940856934,530.020263671875,997.7053833007812,600.1778564453125,1046.8751220703125,565.0990600585938,1022.2902526855469,70.1575927734375,49.16973876953125
IMG_0050.mp4,728,24.290933333333335,29.97002997002997,267,2,traffic_signs,0.6433791518211365,3116.908447265625,1442.44873046875,3164.9658203125,1487.0330810546875,3140.9371337890625,1464.7409057617188,48.057373046875,44.5843505859375
IMG_0050.mp4,729,24.3243,29.97002997002997,272,2,traffic_signs,0.5422365069389343,533.6266479492188,998.3489379882812,603.2667846679688,1047.534912109375,568.4467163085938,1022.9419250488281,69.64013671875,49.18597412109375
IMG_0050.mp4,729,24.3243,29.97002997002997,267,2,traffic_signs,0.5645979046821594,3126.91845703125,1443.7662353515625,3173.964599609375,1488.9864501953125,3150.4415283203125,1466.3763427734375,47.046142578125,45.22021484375
IMG_0050.mp4,730,24.357666666666667,29.97002997002997,267,2,traffic_signs,0.6684200167655945,3135.70849609375,1443.6336669921875,3182.9833984375,1489.1171875,3159.345947265625,1466.3754272460938,47.27490234375,45.4835205078125
IMG_0050.mp4,731,24.391033333333333,29.97002997002997,267,2,traffic_signs,0.5766276121139526,3145.12060546875,1444.265625,3194.121826171875,1489.2139892578125,3169.6212158203125,1466.7398071289062,49.001220703125,44.9483642578125
IMG_0050.mp4,738,24.6246,29.97002997002997,274,2,traffic_signs,0.4763857424259186,682.0517578125,1081.3004150390625,731.1787719726562,1121.4969482421875,706.6152648925781,1101.398681640625,49.12701416015625,40.196533203125
IMG_0050.mp4,738,24.6246,29.97002997002997,267,2,traffic_signs,0.558109700679779,3221.04931640625,1453.945556640625,3271.10693359375,1497.3834228515625,3246.078125,1475.6644897460938,50.0576171875,43.4378662109375
IMG_0050.mp4,739,24.657966666666667,29.97002997002997,274,2,traffic_signs,0.6989384293556213,683.6597290039062,1079.770263671875,736.80224609375,1123.1107177734375,710.2309875488281,1101.4404907226562,53.14251708984375,43.3404541015625
IMG_0050.mp4,739,24.657966666666667,29.97002997002997,267,2,traffic_signs,0.6102597713470459,3235.71630859375,1455.211181640625,3287.887939453125,1500.7587890625,3261.8021240234375,1477.9849853515625,52.171630859375,45.547607421875
IMG_0050.mp4,739,24.657966666666667,29.97002997002997,272,2,traffic_signs,0.6555554866790771,579.6295166015625,1003.4337768554688,643.2891845703125,1057.7763671875,611.4593505859375,1030.6050720214844,63.65966796875,54.34259033203125
IMG_0050.mp4,740,24.691333333333333,29.97002997002997,274,2,traffic_signs,0.4194318354129791,689.8466186523438,1078.431396484375,742.096435546875,1123.6376953125,715.9715270996094,1101.0345458984375,52.24981689453125,45.206298828125
IMG_0050.mp4,740,24.691333333333333,29.97002997002997,267,2,traffic_signs,0.32171568274497986,3248.428466796875,1456.579345703125,3301.489990234375,1502.933837890625,3274.959228515625,1479.756591796875,53.0615234375,46.3544921875
IMG_0050.mp4,740,24.691333333333333,29.97002997002997,272,2,traffic_signs,0.6105725169181824,582.5429077148438,1003.0252075195312,645.2448120117188,1058.51708984375,613.8938598632812,1030.7711486816406,62.701904296875,55.49188232421875
IMG_0050.mp4,741,24.724700000000002,29.97002997002997,274,2,traffic_signs,0.827111005783081,695.9481811523438,1078.528076171875,748.5687255859375,1123.4599609375,722.2584533691406,1100.9940185546875,52.62054443359375,44.931884765625
IMG_0050.mp4,741,24.724700000000002,29.97002997002997,272,2,traffic_signs,0.39218413829803467,586.126220703125,1003.4332275390625,654.7708129882812,1058.61572265625,620.4485168457031,1031.0244750976562,68.64459228515625,55.1824951171875
IMG_0050.mp4,742,24.758066666666668,29.97002997002997,274,2,traffic_signs,0.8355377912521362,701.1027221679688,1078.482421875,754.7320556640625,1124.305419921875,727.9173889160156,1101.3939208984375,53.62933349609375,45.822998046875
IMG_0050.mp4,742,24.758066666666668,29.97002997002997,272,2,traffic_signs,0.33769840002059937,590.757568359375,1005.7786865234375,660.6481323242188,1057.0506591796875,625.7028503417969,1031.4146728515625,69.89056396484375,51.27197265625
IMG_0050.mp4,742,24.758066666666668,29.97002997002997,267,2,traffic_signs,0.34993529319763184,3272.694091796875,1459.1732177734375,3330.15234375,1505.2445068359375,3301.4232177734375,1482.2088623046875,57.458251953125,46.0712890625
IMG_0050.mp4,743,24.791433333333334,29.97002997002997,274,2,traffic_signs,0.475736141204834,705.7415771484375,1078.8607177734375,761.8602294921875,1124.4544677734375,733.8009033203125,1101.6575927734375,56.11865234375,45.59375
IMG_0050.mp4,744,24.8248,29.97002997002997,274,2,traffic_signs,0.7785397171974182,717.582275390625,1079.461181640625,771.1547241210938,1124.2899169921875,744.3684997558594,1101.8755493164062,53.57244873046875,44.8287353515625
IMG_0050.mp4,744,24.8248,29.97002997002997,272,2,traffic_signs,0.27398043870925903,600.1126098632812,1009.6856079101562,672.8372192382812,1059.36572265625,636.4749145507812,1034.5256652832031,72.724609375,49.68011474609375
IMG_0050.mp4,744,24.8248,29.97002997002997,267,2,traffic_signs,0.6108784079551697,3301.02587890625,1462.4632568359375,3360.31396484375,1507.5711669921875,3330.669921875,1485.0172119140625,59.2880859375,45.10791015625
IMG_0050.mp4,745,24.858166666666666,29.97002997002997,274,2,traffic_signs,0.6956850290298462,723.2191162109375,1081.49609375,778.3707275390625,1124.231201171875,750.794921875,1102.8636474609375,55.151611328125,42.735107421875
IMG_0050.mp4,746,24.891533333333335,29.97002997002997,274,2,traffic_signs,0.7844735383987427,730.9053344726562,1084.9525146484375,784.8251953125,1125.6614990234375,757.8652648925781,1105.3070068359375,53.91986083984375,40.708984375
IMG_0050.mp4,747,24.9249,29.97002997002997,274,2,traffic_signs,0.7187818288803101,742.5722045898438,1086.612548828125,793.1089477539062,1127.6405029296875,767.840576171875,1107.1265258789062,50.5367431640625,41.0279541015625
IMG_0050.mp4,748,24.958266666666667,29.97002997002997,274,2,traffic_signs,0.7795077562332153,748.1904907226562,1088.9854736328125,800.3113403320312,1128.5281982421875,774.2509155273438,1108.7568359375,52.120849609375,39.542724609375
IMG_0050.mp4,748,24.958266666666667,29.97002997002997,280,1,traffic_lights,0.33582374453544617,0.0,68.59796142578125,180.03858947753906,659.97021484375,90.01929473876953,364.2840881347656,180.03858947753906,591.3722534179688
IMG_0050.mp4,749,24.991633333333333,29.97002997002997,274,2,traffic_signs,0.6585075855255127,753.1647338867188,1091.429443359375,808.1983032226562,1128.94970703125,780.6815185546875,1110.1895751953125,55.0335693359375,37.520263671875
IMG_0050.mp4,749,24.991633333333333,29.97002997002997,280,1,traffic_lights,0.8106474280357361,0.0,74.89051818847656,199.17434692382812,669.9457397460938,99.58717346191406,372.41812896728516,199.17434692382812,595.0552215576172
IMG_0050.mp4,749,24.991633333333333,29.97002997002997,267,2,traffic_signs,0.35871702432632446,3388.95654296875,1470.7054443359375,3450.387939453125,1517.9827880859375,3419.6722412109375,1494.3441162109375,61.431396484375,47.27734375
IMG_0050.mp4,750,25.025000000000002,29.97002997002997,274,2,traffic_signs,0.3229691684246063,760.0272216796875,1090.702392578125,815.7481689453125,1128.62109375,787.8876953125,1109.6617431640625,55.720947265625,37.918701171875
IMG_0050.mp4,752,25.091733333333334,29.97002997002997,280,1,traffic_lights,0.28605344891548157,1.0056209564208984,83.23625183105469,240.4175262451172,677.2293701171875,120.71157360076904,380.2328109741211,239.4119052886963,593.9931182861328
IMG_0050.mp4,752,25.091733333333334,29.97002997002997,274,2,traffic_signs,0.32238805294036865,782.6502075195312,1097.3787841796875,834.3652954101562,1131.117431640625,808.5077514648438,1114.2481079101562,51.715087890625,33.7386474609375
IMG_0050.mp4,753,25.1251,29.97002997002997,274,2,traffic_signs,0.25737571716308594,789.9344482421875,1097.609619140625,842.1725463867188,1133.6348876953125,816.0534973144531,1115.6222534179688,52.23809814453125,36.0252685546875
IMG_0050.mp4,754,25.158466666666666,29.97002997002997,281,2,traffic_signs,0.5500556230545044,15.834488868713379,910.503173828125,205.74551391601562,1021.3175659179688,110.7900013923645,965.9103698730469,189.91102504730225,110.81439208984375
IMG_0050.mp4,754,25.158466666666666,29.97002997002997,280,1,traffic_lights,0.33317261934280396,1.6204406023025513,58.508331298828125,273.1757507324219,685.1980590820312,137.3980956673622,371.8531951904297,271.5553101301193,626.6897277832031
IMG_0050.mp4,755,25.191833333333335,29.97002997002997,281,2,traffic_signs,0.7956429123878479,42.15925598144531,911.5884399414062,226.0691680908203,1034.5745849609375,134.1142120361328,973.0815124511719,183.909912109375,122.98614501953125
IMG_0050.mp4,755,25.191833333333335,29.97002997002997,280,1,traffic_lights,0.58626389503479,6.614766597747803,55.60750961303711,289.9664611816406,679.0108642578125,148.2906138896942,367.3091869354248,283.3516945838928,623.4033546447754
IMG_0050.mp4,756,25.2252,29.97002997002997,280,1,traffic_lights,0.4114202857017517,2.9663517475128174,48.09904098510742,295.9046325683594,676.809814453125,149.4354921579361,362.4544277191162,292.93828082084656,628.7107734680176
IMG_0050.mp4,756,25.2252,29.97002997002997,274,2,traffic_signs,0.5554785132408142,818.1830444335938,1102.9278564453125,871.45068359375,1139.8533935546875,844.8168640136719,1121.390625,53.26763916015625,36.925537109375
IMG_0050.mp4,757,25.258566666666667,29.97002997002997,280,1,traffic_lights,0.2990613281726837,1.9913266897201538,56.60905456542969,308.4213562011719,683.2675170898438,155.20634144544601,369.9382858276367,306.4300295114517,626.6584625244141
IMG_0050.mp4,757,25.258566666666667,29.97002997002997,283,2,traffic_signs,0.532745897769928,3539.83935546875,889.713623046875,3652.09521484375,967.2598876953125,3595.96728515625,928.4867553710938,112.255859375,77.5462646484375
IMG_0050.mp4,757,25.258566666666667,29.97002997002997,274,2,traffic_signs,0.3284015357494354,827.0282592773438,1102.1934814453125,883.3497924804688,1138.8082275390625,855.1890258789062,1120.5008544921875,56.321533203125,36.61474609375
IMG_0050.mp4,757,25.258566666666667,29.97002997002997,267,2,traffic_signs,0.418261855840683,3556.24560546875,1487.9007568359375,3623.205078125,1534.8123779296875,3589.725341796875,1511.3565673828125,66.95947265625,46.91162109375
IMG_0050.mp4,758,25.291933333333333,29.97002997002997,280,1,traffic_lights,0.48463818430900574,4.383014678955078,53.18914031982422,323.9878234863281,678.9148559570312,164.1854190826416,366.05199813842773,319.60480880737305,625.725715637207
IMG_0050.mp4,758,25.291933333333333,29.97002997002997,283,2,traffic_signs,0.38770684599876404,3539.327392578125,891.6057739257812,3652.524658203125,966.639404296875,3595.926025390625,929.1225891113281,113.197265625,75.03363037109375
IMG_0050.mp4,758,25.291933333333333,29.97002997002997,274,2,traffic_signs,0.400261789560318,839.878173828125,1102.035888671875,895.3501586914062,1139.111328125,867.6141662597656,1120.5736083984375,55.47198486328125,37.075439453125
IMG_0050.mp4,759,25.325300000000002,29.97002997002997,274,2,traffic_signs,0.27295762300491333,847.380615234375,1102.7342529296875,905.7368774414062,1139.705322265625,876.5587463378906,1121.2197875976562,58.35626220703125,36.9710693359375
IMG_0050.mp4,761,25.392033333333334,29.97002997002997,274,2,traffic_signs,0.3797241151332855,867.6868286132812,1102.6917724609375,930.2308349609375,1142.7955322265625,898.9588317871094,1122.74365234375,62.54400634765625,40.103759765625
IMG_0050.mp4,762,25.4254,29.97002997002997,274,2,traffic_signs,0.6941655874252319,880.7299194335938,1096.3692626953125,942.9053955078125,1144.158447265625,911.8176574707031,1120.2638549804688,62.17547607421875,47.7891845703125
IMG_0050.mp4,763,25.458766666666666,29.97002997002997,274,2,traffic_signs,0.7844884991645813,891.8833618164062,1098.8690185546875,954.81298828125,1146.5247802734375,923.3481750488281,1122.6968994140625,62.92962646484375,47.65576171875
IMG_0050.mp4,764,25.492133333333335,29.97002997002997,274,2,traffic_signs,0.7414733171463013,901.882080078125,1102.5443115234375,966.5761108398438,1148.1141357421875,934.2290954589844,1125.3292236328125,64.69403076171875,45.56982421875
IMG_0050.mp4,765,25.5255,29.97002997002997,274,2,traffic_signs,0.46562832593917847,912.7263793945312,1104.8497314453125,977.7974243164062,1149.13818359375,945.2619018554688,1126.9939575195312,65.071044921875,44.2884521484375
IMG_0050.mp4,766,25.558866666666667,29.97002997002997,274,2,traffic_signs,0.4432092308998108,924.8262939453125,1105.9276123046875,990.5326538085938,1149.9638671875,957.6794738769531,1127.9457397460938,65.70635986328125,44.0362548828125
IMG_0050.mp4,767,25.592233333333333,29.97002997002997,274,2,traffic_signs,0.8335251808166504,938.3545532226562,1104.416748046875,1003.910888671875,1150.65283203125,971.1327209472656,1127.5347900390625,65.55633544921875,46.236083984375
IMG_0050.mp4,768,25.625600000000002,29.97002997002997,274,2,traffic_signs,0.7701742053031921,950.15869140625,1105.216552734375,1017.4952392578125,1153.1822509765625,983.8269653320312,1129.1994018554688,67.3365478515625,47.9656982421875
IMG_0050.mp4,769,25.658966666666668,29.97002997002997,274,2,traffic_signs,0.8053005933761597,962.5752563476562,1104.384765625,1029.9549560546875,1154.3841552734375,996.2651062011719,1129.3844604492188,67.37969970703125,49.9993896484375
IMG_0050.mp4,770,25.692333333333334,29.97002997002997,274,2,traffic_signs,0.8037006855010986,977.4393920898438,1105.092529296875,1044.6361083984375,1156.7928466796875,1011.0377502441406,1130.9426879882812,67.19671630859375,51.7003173828125
IMG_0050.mp4,771,25.7257,29.97002997002997,274,2,traffic_signs,0.8211429715156555,989.070556640625,1106.4925537109375,1058.406494140625,1158.6754150390625,1023.738525390625,1132.583984375,69.3359375,52.182861328125
IMG_0050.mp4,772,25.759066666666666,29.97002997002997,274,2,traffic_signs,0.8301376104354858,1002.7133178710938,1112.6690673828125,1068.8511962890625,1161.2288818359375,1035.7822570800781,1136.948974609375,66.13787841796875,48.559814453125
IMG_0050.mp4,772,25.759066666666666,29.97002997002997,292,1,traffic_lights,0.34094932675361633,3.1389129161834717,46.421165466308594,532.9927978515625,721.8534545898438,268.065855383873,384.1373100280762,529.853884935379,675.4322891235352
IMG_0050.mp4,773,25.792433333333335,29.97002997002997,274,2,traffic_signs,0.8792517781257629,1016.854248046875,1110.77392578125,1087.75,1162.97705078125,1052.3021240234375,1136.87548828125,70.895751953125,52.203125
IMG_0050.mp4,773,25.792433333333335,29.97002997002997,293,1,traffic_lights,0.6628808975219727,4.213762283325195,352.9755554199219,122.18120574951172,991.8855590820312,63.19748401641846,672.4305572509766,117.96744346618652,638.9100036621094
IMG_0050.mp4,774,25.8258,29.97002997002997,274,2,traffic_signs,0.866869330406189,1033.0509033203125,1107.752685546875,1105.43994140625,1164.1243896484375,1069.2454223632812,1135.9385375976562,72.3890380859375,56.3717041015625
IMG_0050.mp4,774,25.8258,29.97002997002997,293,1,traffic_lights,0.566193163394928,6.946711540222168,363.6571044921875,151.9196319580078,989.4447631835938,79.43317174911499,676.5509338378906,144.97292041778564,625.7876586914062
IMG_0050.mp4,775,25.859166666666667,29.97002997002997,274,2,traffic_signs,0.8924152851104736,1046.637451171875,1106.3704833984375,1118.9716796875,1166.1334228515625,1082.8045654296875,1136.251953125,72.334228515625,59.762939453125
IMG_0050.mp4,775,25.859166666666667,29.97002997002997,293,1,traffic_lights,0.6106580495834351,6.290547847747803,359.2099304199219,178.9885711669922,995.2715454101562,92.63955950737,677.2407379150391,172.69802331924438,636.0616149902344
IMG_0050.mp4,775,25.859166666666667,29.97002997002997,292,1,traffic_lights,0.6272435188293457,3.1786928176879883,46.833465576171875,584.7750854492188,738.0950927734375,293.97688913345337,392.4642791748047,581.5963926315308,691.2616271972656
IMG_0050.mp4,776,25.892533333333333,29.97002997002997,274,2,traffic_signs,0.87392657995224,1061.37841796875,1112.5360107421875,1133.4542236328125,1167.6910400390625,1097.4163208007812,1140.113525390625,72.0758056640625,55.155029296875
IMG_0050.mp4,777,25.925900000000002,29.97002997002997,274,2,traffic_signs,0.9034650325775146,1076.4708251953125,1110.2275390625,1147.3509521484375,1170.3037109375,1111.910888671875,1140.265625,70.880126953125,60.076171875
IMG_0050.mp4,777,25.925900000000002,29.97002997002997,295,2,traffic_signs,0.43547314405441284,976.872314453125,1052.0494384765625,1046.00048828125,1106.147216796875,1011.4364013671875,1079.0983276367188,69.128173828125,54.0977783203125
IMG_0050.mp4,778,25.959266666666668,29.97002997002997,274,2,traffic_signs,0.5949488878250122,1091.846435546875,1110.5081787109375,1162.839599609375,1171.7669677734375,1127.343017578125,1141.1375732421875,70.9931640625,61.2587890625
IMG_0050.mp4,778,25.959266666666668,29.97002997002997,295,2,traffic_signs,0.45250922441482544,992.9181518554688,1053.8497314453125,1061.2005615234375,1107.32177734375,1027.0593566894531,1080.5857543945312,68.28240966796875,53.4720458984375
IMG_0050.mp4,779,25.992633333333334,29.97002997002997,274,2,traffic_signs,0.8930400013923645,1107.5650634765625,1112.0010986328125,1179.0516357421875,1172.013427734375,1143.308349609375,1142.0072631835938,71.486572265625,60.0123291015625
IMG_0050.mp4,779,25.992633333333334,29.97002997002997,295,2,traffic_signs,0.5397724509239197,1011.9945068359375,1057.0972900390625,1077.509765625,1110.1663818359375,1044.7521362304688,1083.6318359375,65.5152587890625,53.069091796875
IMG_0050.mp4,780,26.026,29.97002997002997,274,2,traffic_signs,0.8930720686912537,1121.57861328125,1114.23779296875,1194.0340576171875,1173.7783203125,1157.8063354492188,1144.008056640625,72.4554443359375,59.54052734375
IMG_0050.mp4,780,26.026,29.97002997002997,295,2,traffic_signs,0.6509302854537964,1028.1572265625,1058.197021484375,1091.5877685546875,1111.383544921875,1059.8724975585938,1084.790283203125,63.4305419921875,53.1865234375
IMG_0050.mp4,781,26.059366666666666,29.97002997002997,274,2,traffic_signs,0.8804552555084229,1137.9019775390625,1118.056640625,1207.9564208984375,1174.4808349609375,1172.92919921875,1146.2687377929688,70.054443359375,56.4241943359375
IMG_0050.mp4,781,26.059366666666666,29.97002997002997,295,2,traffic_signs,0.6439518332481384,1048.15673828125,1060.8831787109375,1109.294677734375,1111.7418212890625,1078.7257080078125,1086.3125,61.137939453125,50.858642578125
IMG_0050.mp4,782,26.092733333333335,29.97002997002997,274,2,traffic_signs,0.888382077217102,1153.4893798828125,1120.33984375,1223.8712158203125,1175.9266357421875,1188.6802978515625,1148.1332397460938,70.3818359375,55.5867919921875
IMG_0050.mp4,782,26.092733333333335,29.97002997002997,295,2,traffic_signs,0.701532244682312,1064.6732177734375,1062.6849365234375,1125.288818359375,1114.228271484375,1094.9810180664062,1088.4566040039062,60.6156005859375,51.5433349609375
IMG_0050.mp4,783,26.1261,29.97002997002997,274,2,traffic_signs,0.8993282318115234,1168.5675048828125,1119.997802734375,1240.63623046875,1178.26318359375,1204.6018676757812,1149.1304931640625,72.0687255859375,58.265380859375
IMG_0050.mp4,783,26.1261,29.97002997002997,295,2,traffic_signs,0.46869921684265137,1082.0047607421875,1065.626953125,1144.81982421875,1114.9757080078125,1113.4122924804688,1090.3013305664062,62.8150634765625,49.3487548828125
IMG_0050.mp4,784,26.159466666666667,29.97002997002997,274,2,traffic_signs,0.8754583597183228,1184.46240234375,1124.173095703125,1254.4595947265625,1179.588623046875,1219.4609985351562,1151.880859375,69.9971923828125,55.41552734375
IMG_0050.mp4,784,26.159466666666667,29.97002997002997,295,2,traffic_signs,0.4082260727882385,1097.33447265625,1069.2843017578125,1158.720947265625,1117.12890625,1128.0277099609375,1093.2066040039062,61.386474609375,47.8446044921875
IMG_0050.mp4,785,26.192833333333333,29.97002997002997,274,2,traffic_signs,0.8761279582977295,1201.6798095703125,1127.2529296875,1271.8638916015625,1181.4559326171875,1236.7718505859375,1154.3544311523438,70.18408203125,54.2030029296875
IMG_0050.mp4,785,26.192833333333333,29.97002997002997,295,2,traffic_signs,0.6190872192382812,1113.736083984375,1070.74853515625,1175.993408203125,1119.5928955078125,1144.86474609375,1095.1707153320312,62.25732421875,48.8443603515625
IMG_0050.mp4,786,26.226200000000002,29.97002997002997,274,2,traffic_signs,0.89544677734375,1217.668212890625,1128.8424072265625,1287.355712890625,1184.40625,1252.511962890625,1156.6243286132812,69.6875,55.5638427734375
IMG_0050.mp4,786,26.226200000000002,29.97002997002997,295,2,traffic_signs,0.4725187420845032,1129.4171142578125,1071.332275390625,1190.1265869140625,1120.297119140625,1159.7718505859375,1095.814697265625,60.70947265625,48.96484375
IMG_0050.mp4,787,26.259566666666668,29.97002997002997,274,2,traffic_signs,0.899816632270813,1232.0821533203125,1130.233154296875,1303.221435546875,1186.3902587890625,1267.6517944335938,1158.3117065429688,71.1392822265625,56.1571044921875
IMG_0050.mp4,787,26.259566666666668,29.97002997002997,295,2,traffic_signs,0.3283170759677887,1145.66748046875,1073.6455078125,1202.0042724609375,1122.0430908203125,1173.8358764648438,1097.8442993164062,56.3367919921875,48.3975830078125
IMG_0050.mp4,788,26.292933333333334,29.97002997002997,274,2,traffic_signs,0.8916880488395691,1247.459716796875,1132.190673828125,1317.918701171875,1188.72412109375,1282.689208984375,1160.4573974609375,70.458984375,56.533447265625
IMG_0050.mp4,789,26.3263,29.97002997002997,274,2,traffic_signs,0.9081131219863892,1261.1729736328125,1131.4627685546875,1332.816650390625,1190.788818359375,1296.9948120117188,1161.1257934570312,71.6436767578125,59.3260498046875
IMG_0050.mp4,790,26.359666666666666,29.97002997002997,274,2,traffic_signs,0.905014157295227,1276.6820068359375,1131.635009765625,1347.2796630859375,1191.7943115234375,1311.9808349609375,1161.7146606445312,70.59765625,60.1593017578125
IMG_0050.mp4,790,26.359666666666666,29.97002997002997,295,2,traffic_signs,0.3445161283016205,1192.5284423828125,1079.905517578125,1253.23095703125,1131.3985595703125,1222.8796997070312,1105.6520385742188,60.7025146484375,51.4930419921875
IMG_0050.mp4,791,26.393033333333335,29.97002997002997,274,2,traffic_signs,0.9135229587554932,1292.6173095703125,1132.159423828125,1362.4364013671875,1193.1480712890625,1327.52685546875,1162.6537475585938,69.819091796875,60.9886474609375
IMG_0050.mp4,791,26.393033333333335,29.97002997002997,295,2,traffic_signs,0.4083155691623688,1208.9615478515625,1083.455810546875,1271.2347412109375,1132.759765625,1240.09814453125,1108.1077880859375,62.273193359375,49.303955078125
IMG_0050.mp4,792,26.4264,29.97002997002997,274,2,traffic_signs,0.9154212474822998,1306.4918212890625,1132.438232421875,1378.933837890625,1195.5546875,1342.7128295898438,1163.9964599609375,72.4420166015625,63.116455078125
IMG_0050.mp4,792,26.4264,29.97002997002997,295,2,traffic_signs,0.7074629068374634,1225.1058349609375,1084.982666015625,1288.120361328125,1137.67578125,1256.6130981445312,1111.3292236328125,63.0145263671875,52.693115234375
IMG_0050.mp4,793,26.459766666666667,29.97002997002997,274,2,traffic_signs,0.9114589691162109,1321.0728759765625,1135.272216796875,1393.459228515625,1197.8358154296875,1357.2660522460938,1166.5540161132812,72.3863525390625,62.5635986328125
IMG_0050.mp4,793,26.459766666666667,29.97002997002997,295,2,traffic_signs,0.7373582124710083,1239.2794189453125,1087.35986328125,1300.3275146484375,1138.85302734375,1269.803466796875,1113.1064453125,61.048095703125,51.4931640625
IMG_0050.mp4,794,26.493133333333333,29.97002997002997,274,2,traffic_signs,0.9046074748039246,1336.3304443359375,1137.198486328125,1410.2330322265625,1199.7867431640625,1373.28173828125,1168.4926147460938,73.902587890625,62.5882568359375
IMG_0050.mp4,794,26.493133333333333,29.97002997002997,295,2,traffic_signs,0.5827293992042542,1254.3216552734375,1089.3167724609375,1317.656005859375,1140.9697265625,1285.9888305664062,1115.1432495117188,63.3343505859375,51.6529541015625
IMG_0050.mp4,795,26.526500000000002,29.97002997002997,274,2,traffic_signs,0.8940148949623108,1351.364013671875,1138.5096435546875,1423.763671875,1201.4749755859375,1387.5638427734375,1169.9923095703125,72.399658203125,62.96533203125
IMG_0050.mp4,795,26.526500000000002,29.97002997002997,295,2,traffic_signs,0.4494939148426056,1269.80322265625,1092.794677734375,1336.7384033203125,1142.8065185546875,1303.2708129882812,1117.8005981445312,66.9351806640625,50.0118408203125
IMG_0050.mp4,796,26.559866666666668,29.97002997002997,274,2,traffic_signs,0.8910197615623474,1367.7779541015625,1140.533935546875,1439.2354736328125,1203.7132568359375,1403.5067138671875,1172.1235961914062,71.45751953125,63.1793212890625
IMG_0050.mp4,796,26.559866666666668,29.97002997002997,295,2,traffic_signs,0.3763945698738098,1285.4044189453125,1095.0244140625,1351.766845703125,1142.416259765625,1318.5856323242188,1118.7203369140625,66.3624267578125,47.391845703125
IMG_0050.mp4,797,26.593233333333334,29.97002997002997,274,2,traffic_signs,0.8970205783843994,1381.95654296875,1142.10595703125,1456.923583984375,1205.3907470703125,1419.4400634765625,1173.7483520507812,74.967041015625,63.2847900390625
IMG_0050.mp4,797,26.593233333333334,29.97002997002997,295,2,traffic_signs,0.6074019074440002,1301.761474609375,1097.2308349609375,1368.6102294921875,1144.9227294921875,1335.1858520507812,1121.0767822265625,66.8487548828125,47.69189453125
IMG_0050.mp4,798,26.6266,29.97002997002997,274,2,traffic_signs,0.9150370955467224,1396.335205078125,1142.873291015625,1469.3719482421875,1205.856689453125,1432.8535766601562,1174.364990234375,73.0367431640625,62.9833984375
IMG_0050.mp4,798,26.6266,29.97002997002997,295,2,traffic_signs,0.6093831658363342,1318.2080078125,1097.9967041015625,1384.9864501953125,1145.8302001953125,1351.5972290039062,1121.9134521484375,66.7784423828125,47.83349609375
IMG_0050.mp4,799,26.659966666666666,29.97002997002997,274,2,traffic_signs,0.9136831164360046,1411.5306396484375,1144.9212646484375,1483.8677978515625,1207.0323486328125,1447.69921875,1175.976806640625,72.337158203125,62.111083984375
IMG_0050.mp4,799,26.659966666666666,29.97002997002997,295,2,traffic_signs,0.7387725114822388,1333.0440673828125,1099.3394775390625,1399.502197265625,1148.3009033203125,1366.2731323242188,1123.8201904296875,66.4581298828125,48.96142578125
IMG_0050.mp4,800,26.693333333333335,29.97002997002997,274,2,traffic_signs,0.8670265078544617,1428.550537109375,1146.9918212890625,1498.5531005859375,1209.5850830078125,1463.5518188476562,1178.2884521484375,70.0025634765625,62.59326171875
IMG_0050.mp4,800,26.693333333333335,29.97002997002997,295,2,traffic_signs,0.4329640865325928,1350.61181640625,1100.9356689453125,1416.2232666015625,1151.4251708984375,1383.4175415039062,1126.180419921875,65.6114501953125,50.489501953125
IMG_0050.mp4,801,26.7267,29.97002997002997,274,2,traffic_signs,0.9089532494544983,1443.268310546875,1149.9244384765625,1513.6007080078125,1211.4527587890625,1478.4345092773438,1180.6885986328125,70.3323974609375,61.5283203125
IMG_0050.mp4,801,26.7267,29.97002997002997,295,2,traffic_signs,0.46198612451553345,1367.92138671875,1102.49658203125,1434.47314453125,1152.8563232421875,1401.197265625,1127.6764526367188,66.5517578125,50.3597412109375
IMG_0050.mp4,802,26.760066666666667,29.97002997002997,274,2,traffic_signs,0.9167371392250061,1458.5106201171875,1150.825927734375,1527.892333984375,1212.9229736328125,1493.2014770507812,1181.8744506835938,69.3817138671875,62.0970458984375
IMG_0050.mp4,802,26.760066666666667,29.97002997002997,295,2,traffic_signs,0.33966580033302307,1383.2918701171875,1103.4324951171875,1450.1285400390625,1154.09521484375,1416.710205078125,1128.7638549804688,66.836669921875,50.6627197265625
IMG_0050.mp4,803,26.793433333333333,29.97002997002997,274,2,traffic_signs,0.9134438633918762,1475.5084228515625,1152.852783203125,1544.50927734375,1214.4271240234375,1510.0088500976562,1183.6399536132812,69.0008544921875,61.5743408203125
IMG_0050.mp4,803,26.793433333333333,29.97002997002997,295,2,traffic_signs,0.7349446415901184,1399.3560791015625,1104.876220703125,1466.28564453125,1155.6419677734375,1432.8208618164062,1130.2590942382812,66.9295654296875,50.7657470703125
IMG_0050.mp4,803,26.793433333333333,29.97002997002997,299,2,traffic_signs,0.5349330306053162,610.1832275390625,1008.0384521484375,717.6476440429688,1071.6080322265625,663.9154357910156,1039.8232421875,107.46441650390625,63.569580078125
IMG_0050.mp4,804,26.826800000000002,29.97002997002997,274,2,traffic_signs,0.9141268134117126,1490.33203125,1154.6734619140625,1558.93212890625,1216.1312255859375,1524.632080078125,1185.40234375,68.60009765625,61.457763671875
IMG_0050.mp4,804,26.826800000000002,29.97002997002997,295,2,traffic_signs,0.7427764534950256,1415.4752197265625,1107.0789794921875,1478.0626220703125,1158.4190673828125,1446.7689208984375,1132.7490234375,62.58740234375,51.340087890625
IMG_0050.mp4,804,26.826800000000002,29.97002997002997,299,2,traffic_signs,0.5692295432090759,632.7695922851562,1010.2182006835938,734.023193359375,1074.2841796875,683.3963928222656,1042.2511901855469,101.25360107421875,64.06597900390625
IMG_0050.mp4,805,26.860166666666668,29.97002997002997,274,2,traffic_signs,0.9217308759689331,1503.73681640625,1155.6319580078125,1573.0968017578125,1217.58642578125,1538.4168090820312,1186.6091918945312,69.3599853515625,61.9544677734375
IMG_0050.mp4,805,26.860166666666668,29.97002997002997,295,2,traffic_signs,0.7604547142982483,1429.985595703125,1108.4774169921875,1491.323974609375,1159.70166015625,1460.65478515625,1134.0895385742188,61.33837890625,51.2242431640625
IMG_0050.mp4,805,26.860166666666668,29.97002997002997,299,2,traffic_signs,0.7859495878219604,651.6382446289062,1011.0814819335938,751.4987182617188,1078.7972412109375,701.5684814453125,1044.9393615722656,99.8604736328125,67.71575927734375
IMG_0050.mp4,806,26.893533333333334,29.97002997002997,274,2,traffic_signs,0.912320077419281,1518.9393310546875,1156.589599609375,1587.5103759765625,1219.525146484375,1553.224853515625,1188.057373046875,68.571044921875,62.935546875
IMG_0050.mp4,806,26.893533333333334,29.97002997002997,295,2,traffic_signs,0.7585359215736389,1444.842041015625,1110.2354736328125,1504.8570556640625,1163.7686767578125,1474.8495483398438,1137.0020751953125,60.0150146484375,53.533203125
IMG_0050.mp4,806,26.893533333333334,29.97002997002997,299,2,traffic_signs,0.7993575930595398,670.5997314453125,1012.664306640625,769.2166748046875,1081.0994873046875,719.908203125,1046.8818969726562,98.616943359375,68.4351806640625
IMG_0050.mp4,807,26.9269,29.97002997002997,274,2,traffic_signs,0.9200458526611328,1534.30029296875,1158.9881591796875,1601.299560546875,1221.488525390625,1567.7999267578125,1190.2383422851562,66.999267578125,62.5003662109375
IMG_0050.mp4,807,26.9269,29.97002997002997,295,2,traffic_signs,0.8184971809387207,1458.7052001953125,1113.3802490234375,1521.5220947265625,1165.86376953125,1490.1136474609375,1139.6220092773438,62.81689453125,52.4835205078125
IMG_0050.mp4,807,26.9269,29.97002997002997,299,2,traffic_signs,0.7902987003326416,692.1101684570312,1016.6824340820312,789.2047119140625,1084.98681640625,740.6574401855469,1050.8346252441406,97.09454345703125,68.30438232421875
IMG_0050.mp4,808,26.960266666666666,29.97002997002997,274,2,traffic_signs,0.9194109439849854,1548.796875,1159.6851806640625,1616.3592529296875,1223.7645263671875,1582.5780639648438,1191.724853515625,67.5623779296875,64.079345703125
IMG_0050.mp4,808,26.960266666666666,29.97002997002997,295,2,traffic_signs,0.7961629629135132,1475.0391845703125,1115.164794921875,1537.304931640625,1166.7774658203125,1506.1720581054688,1140.9711303710938,62.2657470703125,51.6126708984375
IMG_0050.mp4,808,26.960266666666666,29.97002997002997,299,2,traffic_signs,0.8099781274795532,712.1805419921875,1019.21826171875,804.8961791992188,1086.367919921875,758.5383605957031,1052.7930908203125,92.71563720703125,67.149658203125
IMG_0050.mp4,809,26.993633333333335,29.97002997002997,274,2,traffic_signs,0.9119510054588318,1562.9365234375,1160.671630859375,1629.526611328125,1225.3779296875,1596.2315673828125,1193.0247802734375,66.590087890625,64.706298828125
IMG_0050.mp4,809,26.993633333333335,29.97002997002997,295,2,traffic_signs,0.8301262259483337,1489.922119140625,1116.6212158203125,1550.9859619140625,1167.6561279296875,1520.4540405273438,1142.138671875,61.0638427734375,51.034912109375
IMG_0050.mp4,809,26.993633333333335,29.97002997002997,299,2,traffic_signs,0.518413782119751,733.6646728515625,1022.9368896484375,816.5460205078125,1088.76123046875,775.1053466796875,1055.8490600585938,82.88134765625,65.8243408203125
IMG_0050.mp4,809,26.993633333333335,29.97002997002997,303,2,traffic_signs,0.5304994583129883,799.712646484375,1102.3546142578125,849.5148315429688,1153.5938720703125,824.6137390136719,1127.9742431640625,49.80218505859375,51.2392578125
IMG_0050.mp4,810,27.027,29.97002997002997,274,2,traffic_signs,0.9108810424804688,1578.3558349609375,1162.4462890625,1644.7015380859375,1226.737548828125,1611.5286865234375,1194.5919189453125,66.345703125,64.291259765625
IMG_0050.mp4,810,27.027,29.97002997002997,295,2,traffic_signs,0.8421279788017273,1503.3056640625,1117.905029296875,1564.41455078125,1168.9810791015625,1533.860107421875,1143.4430541992188,61.10888671875,51.0760498046875
IMG_0050.mp4,810,27.027,29.97002997002997,299,2,traffic_signs,0.7880284190177917,752.0554809570312,1024.82763671875,831.1329956054688,1091.0574951171875,791.59423828125,1057.9425659179688,79.0775146484375,66.2298583984375
IMG_0050.mp4,810,27.027,29.97002997002997,303,2,traffic_signs,0.3279762864112854,815.4517211914062,1107.1988525390625,866.7063598632812,1154.6949462890625,841.0790405273438,1130.9468994140625,51.254638671875,47.49609375
IMG_0050.mp4,811,27.060366666666667,29.97002997002997,274,2,traffic_signs,0.9108842611312866,1594.422119140625,1165.478271484375,1659.7806396484375,1228.8104248046875,1627.1013793945312,1197.1443481445312,65.3585205078125,63.3321533203125
IMG_0050.mp4,811,27.060366666666667,29.97002997002997,295,2,traffic_signs,0.8237525224685669,1520.7197265625,1119.9930419921875,1580.706298828125,1175.43359375,1550.7130126953125,1147.7133178710938,59.986572265625,55.4405517578125
IMG_0050.mp4,811,27.060366666666667,29.97002997002997,299,2,traffic_signs,0.6211145520210266,772.1788330078125,1032.982421875,845.0110473632812,1094.06689453125,808.5949401855469,1063.524658203125,72.83221435546875,61.08447265625
IMG_0050.mp4,811,27.060366666666667,29.97002997002997,303,2,traffic_signs,0.6573215126991272,829.814453125,1102.7606201171875,889.0307006835938,1157.9544677734375,859.4225769042969,1130.3575439453125,59.21624755859375,55.19384765625
IMG_0050.mp4,811,27.060366666666667,29.97002997002997,304,2,traffic_signs,0.39251941442489624,772.1295776367188,851.68798828125,951.136962890625,1008.5851440429688,861.6332702636719,930.1365661621094,179.00738525390625,156.89715576171875
IMG_0050.mp4,812,27.093733333333333,29.97002997002997,274,2,traffic_signs,0.911403238773346,1607.6285400390625,1165.47265625,1674.607177734375,1229.962646484375,1641.1178588867188,1197.7176513671875,66.9786376953125,64.489990234375
IMG_0050.mp4,812,27.093733333333333,29.97002997002997,295,2,traffic_signs,0.8316782712936401,1535.6580810546875,1120.823486328125,1595.7481689453125,1177.544921875,1565.703125,1149.1842041015625,60.090087890625,56.721435546875
IMG_0050.mp4,812,27.093733333333333,29.97002997002997,299,2,traffic_signs,0.3909197747707367,791.08837890625,1030.5887451171875,862.3928833007812,1096.5745849609375,826.7406311035156,1063.5816650390625,71.30450439453125,65.98583984375
IMG_0050.mp4,812,27.093733333333333,29.97002997002997,303,2,traffic_signs,0.6505691409111023,844.1253051757812,1102.2259521484375,903.8248901367188,1159.3193359375,873.97509765625,1130.7726440429688,59.6995849609375,57.0933837890625
IMG_0050.mp4,813,27.127100000000002,29.97002997002997,274,2,traffic_signs,0.6400399208068848,1620.5177001953125,1166.729248046875,1688.85498046875,1230.6143798828125,1654.6863403320312,1198.6718139648438,68.3372802734375,63.8851318359375
IMG_0050.mp4,813,27.127100000000002,29.97002997002997,295,2,traffic_signs,0.8547524213790894,1549.1142578125,1122.55859375,1608.98828125,1179.94873046875,1579.05126953125,1151.253662109375,59.8740234375,57.39013671875
IMG_0050.mp4,813,27.127100000000002,29.97002997002997,299,2,traffic_signs,0.6825228929519653,808.3756103515625,1031.9036865234375,884.5890502929688,1097.900634765625,846.4823303222656,1064.9021606445312,76.21343994140625,65.9969482421875
IMG_0050.mp4,813,27.127100000000002,29.97002997002997,303,2,traffic_signs,0.2603898048400879,854.5778198242188,1102.2662353515625,920.7011108398438,1160.5052490234375,887.6394653320312,1131.3857421875,66.123291015625,58.239013671875
IMG_0050.mp4,813,27.127100000000002,29.97002997002997,304,2,traffic_signs,0.27176135778427124,794.662841796875,852.4302978515625,961.2012329101562,1012.5553588867188,877.9320373535156,932.4928283691406,166.53839111328125,160.12506103515625
IMG_0050.mp4,814,27.160466666666668,29.97002997002997,274,2,traffic_signs,0.9226801991462708,1636.1700439453125,1167.653564453125,1703.7777099609375,1231.8021240234375,1669.973876953125,1199.7278442382812,67.607666015625,64.1485595703125
IMG_0050.mp4,814,27.160466666666668,29.97002997002997,295,2,traffic_signs,0.7982242703437805,1565.009521484375,1125.00634765625,1625.02392578125,1184.15185546875,1595.0167236328125,1154.5791015625,60.014404296875,59.1455078125
IMG_0050.mp4,814,27.160466666666668,29.97002997002997,299,2,traffic_signs,0.47292855381965637,826.4943237304688,1033.3349609375,908.7669067382812,1101.2906494140625,867.630615234375,1067.3128051757812,82.2725830078125,67.9556884765625
IMG_0050.mp4,814,27.160466666666668,29.97002997002997,303,2,traffic_signs,0.5656446218490601,868.4158325195312,1099.8702392578125,940.5512084960938,1163.2210693359375,904.4835205078125,1131.545654296875,72.1353759765625,63.350830078125
IMG_0050.mp4,814,27.160466666666668,29.97002997002997,304,2,traffic_signs,0.7350226640701294,808.7559204101562,855.0347900390625,980.7935791015625,1016.06640625,894.7747497558594,935.5505981445312,172.03765869140625,161.0316162109375
IMG_0050.mp4,815,27.193833333333334,29.97002997002997,274,2,traffic_signs,0.9206945300102234,1650.12646484375,1169.55419921875,1716.8026123046875,1233.06396484375,1683.4645385742188,1201.30908203125,66.6761474609375,63.509765625
IMG_0050.mp4,815,27.193833333333334,29.97002997002997,295,2,traffic_signs,0.7895591259002686,1579.214599609375,1127.2322998046875,1638.0582275390625,1185.5823974609375,1608.6364135742188,1156.4073486328125,58.8436279296875,58.35009765625
IMG_0050.mp4,815,27.193833333333334,29.97002997002997,299,2,traffic_signs,0.5205637216567993,844.6365966796875,1038.073974609375,923.2141723632812,1103.6123046875,883.9253845214844,1070.8431396484375,78.57757568359375,65.538330078125
IMG_0050.mp4,815,27.193833333333334,29.97002997002997,303,2,traffic_signs,0.7449250221252441,883.377197265625,1101.3818359375,954.947021484375,1165.361328125,919.162109375,1133.37158203125,71.56982421875,63.9794921875
IMG_0050.mp4,815,27.193833333333334,29.97002997002997,304,2,traffic_signs,0.7528051137924194,820.7056884765625,855.1713256835938,995.8320922851562,1015.555419921875,908.2688903808594,935.3633728027344,175.12640380859375,160.38409423828125
IMG_0050.mp4,816,27.2272,29.97002997002997,274,2,traffic_signs,0.9150647521018982,1665.041015625,1171.39111328125,1732.637939453125,1235.2330322265625,1698.8394775390625,1203.3120727539062,67.596923828125,63.8419189453125
IMG_0050.mp4,816,27.2272,29.97002997002997,295,2,traffic_signs,0.8562436699867249,1593.52978515625,1128.74755859375,1652.302001953125,1185.5533447265625,1622.9158935546875,1157.1504516601562,58.772216796875,56.8057861328125
IMG_0050.mp4,816,27.2272,29.97002997002997,299,2,traffic_signs,0.2595564126968384,861.9336547851562,1040.9661865234375,947.774169921875,1104.8338623046875,904.8539123535156,1072.9000244140625,85.84051513671875,63.86767578125
IMG_0050.mp4,816,27.2272,29.97002997002997,303,2,traffic_signs,0.4938848316669464,893.5596923828125,1101.4786376953125,972.51220703125,1168.1724853515625,933.0359497070312,1134.8255615234375,78.9525146484375,66.69384765625
IMG_0050.mp4,816,27.2272,29.97002997002997,304,2,traffic_signs,0.7901776432991028,832.66552734375,855.6605224609375,1007.917236328125,1012.3472900390625,920.2913818359375,934.00390625,175.251708984375,156.686767578125
IMG_0050.mp4,817,27.260566666666666,29.97002997002997,274,2,traffic_signs,0.9136041402816772,1681.18115234375,1173.6591796875,1747.0982666015625,1236.227294921875,1714.1397094726562,1204.9432373046875,65.9171142578125,62.568115234375
IMG_0050.mp4,817,27.260566666666666,29.97002997002997,295,2,traffic_signs,0.8616660237312317,1610.773681640625,1129.8128662109375,1667.8642578125,1187.9246826171875,1639.3189697265625,1158.8687744140625,57.090576171875,58.11181640625
IMG_0050.mp4,817,27.260566666666666,29.97002997002997,303,2,traffic_signs,0.42647048830986023,904.1687622070312,1087.1422119140625,991.7227783203125,1170.6231689453125,947.9457702636719,1128.8826904296875,87.55401611328125,83.48095703125
IMG_0050.mp4,817,27.260566666666666,29.97002997002997,304,2,traffic_signs,0.7963829040527344,842.6107788085938,856.94140625,1022.4376831054688,1014.1463012695312,932.5242309570312,935.5438537597656,179.826904296875,157.20489501953125
IMG_0050.mp4,818,27.293933333333335,29.97002997002997,274,2,traffic_signs,0.9216135144233704,1694.7818603515625,1175.2158203125,1761.540771484375,1237.962158203125,1728.1613159179688,1206.5889892578125,66.7589111328125,62.746337890625
IMG_0050.mp4,818,27.293933333333335,29.97002997002997,295,2,traffic_signs,0.7492121458053589,1623.7994384765625,1130.7391357421875,1681.0709228515625,1187.4281005859375,1652.4351806640625,1159.0836181640625,57.271484375,56.68896484375
IMG_0050.mp4,818,27.293933333333335,29.97002997002997,303,2,traffic_signs,0.593873143196106,922.5424194335938,1095.64794921875,1007.5614013671875,1172.413818359375,965.0519104003906,1134.0308837890625,85.01898193359375,76.765869140625
IMG_0050.mp4,818,27.293933333333335,29.97002997002997,304,2,traffic_signs,0.7773546576499939,855.1685791015625,858.0660400390625,1033.7906494140625,1017.30908203125,944.4796142578125,937.6875610351562,178.6220703125,159.2430419921875
IMG_0050.mp4,819,27.3273,29.97002997002997,274,2,traffic_signs,0.9160872101783752,1710.1016845703125,1176.2794189453125,1777.2265625,1239.5679931640625,1743.6641235351562,1207.9237060546875,67.1248779296875,63.28857421875
IMG_0050.mp4,819,27.3273,29.97002997002997,295,2,traffic_signs,0.8148768544197083,1638.1556396484375,1131.2530517578125,1695.385986328125,1188.6007080078125,1666.7708129882812,1159.9268798828125,57.2303466796875,57.34765625
IMG_0050.mp4,819,27.3273,29.97002997002997,304,2,traffic_signs,0.7911677956581116,866.0693359375,857.1398315429688,1045.717041015625,1017.7757568359375,955.8931884765625,937.4577941894531,179.647705078125,160.63592529296875
IMG_0050.mp4,820,27.360666666666667,29.97002997002997,274,2,traffic_signs,0.9221510291099548,1725.4464111328125,1179.2969970703125,1790.5147705078125,1240.96630859375,1757.9805908203125,1210.1316528320312,65.068359375,61.6693115234375
IMG_0050.mp4,820,27.360666666666667,29.97002997002997,295,2,traffic_signs,0.823489248752594,1652.822509765625,1132.8480224609375,1711.1444091796875,1189.0948486328125,1681.9834594726562,1160.971435546875,58.3218994140625,56.246826171875
IMG_0050.mp4,820,27.360666666666667,29.97002997002997,304,2,traffic_signs,0.8434314131736755,879.4295654296875,858.561279296875,1061.78955078125,1022.9797973632812,970.6095581054688,940.7705383300781,182.3599853515625,164.41851806640625
IMG_0050.mp4,821,27.394033333333333,29.97002997002997,274,2,traffic_signs,0.9204578399658203,1740.723876953125,1180.0565185546875,1806.2449951171875,1242.406005859375,1773.4844360351562,1211.2312622070312,65.5211181640625,62.3494873046875
IMG_0050.mp4,821,27.394033333333333,29.97002997002997,295,2,traffic_signs,0.8406108021736145,1668.2176513671875,1134.88134765625,1727.726806640625,1191.1104736328125,1697.9722290039062,1162.9959106445312,59.5091552734375,56.2291259765625
IMG_0050.mp4,821,27.394033333333333,29.97002997002997,304,2,traffic_signs,0.807188868522644,890.85791015625,859.9074096679688,1075.6300048828125,1020.6319580078125,983.2439575195312,940.2696838378906,184.7720947265625,160.72454833984375
IMG_0050.mp4,822,27.427400000000002,29.97002997002997,274,2,traffic_signs,0.9178748726844788,1756.359130859375,1180.3251953125,1821.5452880859375,1243.796630859375,1788.9522094726562,1212.0609130859375,65.1861572265625,63.471435546875
IMG_0050.mp4,822,27.427400000000002,29.97002997002997,295,2,traffic_signs,0.8677046895027161,1683.828857421875,1137.690185546875,1740.70556640625,1192.9686279296875,1712.2672119140625,1165.3294067382812,56.876708984375,55.2784423828125
IMG_0050.mp4,822,27.427400000000002,29.97002997002997,304,2,traffic_signs,0.8193637728691101,904.3065185546875,860.4019165039062,1087.9075927734375,1019.4635009765625,996.1070556640625,939.9327087402344,183.60107421875,159.06158447265625
IMG_0050.mp4,823,27.460766666666668,29.97002997002997,274,2,traffic_signs,0.9165205955505371,1768.8310546875,1180.7589111328125,1834.989990234375,1245.2200927734375,1801.9105224609375,1212.989501953125,66.158935546875,64.461181640625
IMG_0050.mp4,823,27.460766666666668,29.97002997002997,295,2,traffic_signs,0.8360178470611572,1697.151123046875,1138.58935546875,1753.9964599609375,1193.1258544921875,1725.5737915039062,1165.8576049804688,56.8453369140625,54.5364990234375
IMG_0050.mp4,823,27.460766666666668,29.97002997002997,304,2,traffic_signs,0.8227361440658569,915.34716796875,859.7628173828125,1098.60107421875,1018.2677001953125,1006.97412109375,939.0152587890625,183.25390625,158.5048828125
IMG_0050.mp4,824,27.494133333333334,29.97002997002997,274,2,traffic_signs,0.9222172498703003,1785.49267578125,1182.3370361328125,1849.88330078125,1246.651611328125,1817.68798828125,1214.4943237304688,64.390625,64.3145751953125
IMG_0050.mp4,824,27.494133333333334,29.97002997002997,295,2,traffic_signs,0.8481255769729614,1712.0899658203125,1140.7418212890625,1769.8935546875,1195.427490234375,1740.9917602539062,1168.0846557617188,57.8035888671875,54.6856689453125
IMG_0050.mp4,824,27.494133333333334,29.97002997002997,304,2,traffic_signs,0.8831445574760437,927.2391357421875,859.4357299804688,1112.43603515625,1017.3018798828125,1019.8375854492188,938.3688049316406,185.1968994140625,157.86614990234375
IMG_0050.mp4,825,27.5275,29.97002997002997,274,2,traffic_signs,0.9231962561607361,1799.088623046875,1183.8702392578125,1864.0799560546875,1249.03515625,1831.5842895507812,1216.4526977539062,64.9913330078125,65.1649169921875
IMG_0050.mp4,825,27.5275,29.97002997002997,295,2,traffic_signs,0.8863954544067383,1726.720947265625,1141.47802734375,1784.3504638671875,1196.0506591796875,1755.5357055664062,1168.7643432617188,57.6295166015625,54.5726318359375
IMG_0050.mp4,825,27.5275,29.97002997002997,304,2,traffic_signs,0.8219014406204224,937.5428466796875,861.4181518554688,1124.8468017578125,1017.67041015625,1031.19482421875,939.5442810058594,187.303955078125,156.25225830078125
IMG_0050.mp4,826,27.560866666666666,29.97002997002997,274,2,traffic_signs,0.919306755065918,1813.7730712890625,1185.837158203125,1878.5626220703125,1250.8128662109375,1846.1678466796875,1218.3250122070312,64.78955078125,64.9757080078125
IMG_0050.mp4,826,27.560866666666666,29.97002997002997,295,2,traffic_signs,0.8687978386878967,1741.3486328125,1142.6644287109375,1799.5924072265625,1197.9014892578125,1770.4705200195312,1170.282958984375,58.2437744140625,55.237060546875
IMG_0050.mp4,826,27.560866666666666,29.97002997002997,304,2,traffic_signs,0.8155480623245239,948.1221313476562,861.0739135742188,1138.15185546875,1017.6157836914062,1043.1369934082031,939.3448486328125,190.02972412109375,156.5418701171875
IMG_0050.mp4,826,27.560866666666666,29.97002997002997,306,0,auth_label,0.6748852729797363,202.02224731445312,904.9725341796875,726.2330322265625,1068.7965087890625,464.1276397705078,986.884521484375,524.2107849121094,163.823974609375
IMG_0050.mp4,827,27.594233333333335,29.97002997002997,274,2,traffic_signs,0.9209110140800476,1828.911865234375,1186.9947509765625,1893.769775390625,1251.9677734375,1861.3408203125,1219.4812622070312,64.85791015625,64.9730224609375
IMG_0050.mp4,827,27.594233333333335,29.97002997002997,295,2,traffic_signs,0.8478527665138245,1756.6842041015625,1143.8907470703125,1814.226806640625,1199.5220947265625,1785.4555053710938,1171.7064208984375,57.5426025390625,55.63134765625
IMG_0050.mp4,827,27.594233333333335,29.97002997002997,304,2,traffic_signs,0.8439931869506836,960.6235961914062,859.7454223632812,1148.22314453125,1015.0928344726562,1054.4233703613281,937.4191284179688,187.59954833984375,155.347412109375
IMG_0050.mp4,827,27.594233333333335,29.97002997002997,306,0,auth_label,0.6107856035232544,204.61109924316406,911.7964477539062,764.9542846679688,1071.896484375,484.7826919555664,991.8464660644531,560.3431854248047,160.10003662109375
IMG_0050.mp4,828,27.6276,29.97002997002997,274,2,traffic_signs,0.9158629775047302,1842.58642578125,1188.3857421875,1906.794677734375,1252.485595703125,1874.6905517578125,1220.4356689453125,64.208251953125,64.099853515625
IMG_0050.mp4,828,27.6276,29.97002997002997,295,2,traffic_signs,0.8768739104270935,1769.4515380859375,1145.3582763671875,1825.95166015625,1201.3538818359375,1797.7015991210938,1173.3560791015625,56.5001220703125,55.99560546875
IMG_0050.mp4,828,27.6276,29.97002997002997,304,2,traffic_signs,0.859007716178894,970.0452270507812,859.8441772460938,1156.28857421875,1014.4447631835938,1063.1669006347656,937.1444702148438,186.24334716796875,154.6005859375
IMG_0050.mp4,829,27.660966666666667,29.97002997002997,274,2,traffic_signs,0.9327117204666138,1857.5865478515625,1189.7955322265625,1922.0513916015625,1254.3125,1889.8189697265625,1222.0540161132812,64.46484375,64.5169677734375
IMG_0050.mp4,829,27.660966666666667,29.97002997002997,295,2,traffic_signs,0.8865873217582703,1784.4202880859375,1146.838134765625,1841.4532470703125,1204.6026611328125,1812.936767578125,1175.7203979492188,57.032958984375,57.7645263671875
IMG_0050.mp4,829,27.660966666666667,29.97002997002997,304,2,traffic_signs,0.907704770565033,981.617431640625,859.7345581054688,1169.2320556640625,1015.4370727539062,1075.4247436523438,937.5858154296875,187.6146240234375,155.7025146484375
IMG_0050.mp4,830,27.694333333333333,29.97002997002997,274,2,traffic_signs,0.9237054586410522,1871.122314453125,1190.567138671875,1936.2996826171875,1254.8021240234375,1903.7109985351562,1222.6846313476562,65.1773681640625,64.2349853515625
IMG_0050.mp4,830,27.694333333333333,29.97002997002997,295,2,traffic_signs,0.8748120069503784,1799.2510986328125,1146.53271484375,1855.6773681640625,1205.1439208984375,1827.4642333984375,1175.8383178710938,56.42626953125,58.6112060546875
IMG_0050.mp4,830,27.694333333333333,29.97002997002997,304,2,traffic_signs,0.8480648398399353,990.71826171875,859.774658203125,1178.425048828125,1016.248779296875,1084.5716552734375,938.01171875,187.706787109375,156.47412109375
IMG_0050.mp4,831,27.727700000000002,29.97002997002997,274,2,traffic_signs,0.926828920841217,1883.9505615234375,1191.692626953125,1949.0660400390625,1254.8582763671875,1916.50830078125,1223.2754516601562,65.115478515625,63.1656494140625
IMG_0050.mp4,831,27.727700000000002,29.97002997002997,295,2,traffic_signs,0.8817980885505676,1812.56640625,1148.383056640625,1868.208740234375,1205.3489990234375,1840.3875732421875,1176.8660278320312,55.642333984375,56.9659423828125
IMG_0050.mp4,831,27.727700000000002,29.97002997002997,304,2,traffic_signs,0.8582573533058167,999.4801635742188,859.414306640625,1186.259521484375,1018.0374145507812,1092.8698425292969,938.7258605957031,186.77935791015625,158.62310791015625
IMG_0050.mp4,832,27.761066666666668,29.97002997002997,274,2,traffic_signs,0.9226223826408386,1898.7685546875,1192.1680908203125,1966.0889892578125,1256.07861328125,1932.4287719726562,1224.1233520507812,67.3204345703125,63.9105224609375
IMG_0050.mp4,832,27.761066666666668,29.97002997002997,295,2,traffic_signs,0.8838357329368591,1827.536865234375,1149.34716796875,1883.6063232421875,1207.1810302734375,1855.5715942382812,1178.2640991210938,56.0694580078125,57.8338623046875
IMG_0050.mp4,832,27.761066666666668,29.97002997002997,304,2,traffic_signs,0.8680098056793213,1010.1981811523438,859.0120849609375,1197.656005859375,1018.8828125,1103.9270935058594,938.9474487304688,187.45782470703125,159.8707275390625
IMG_0050.mp4,833,27.794433333333334,29.97002997002997,274,2,traffic_signs,0.922234296798706,1912.667236328125,1193.6136474609375,1978.3551025390625,1257.2357177734375,1945.5111694335938,1225.4246826171875,65.6878662109375,63.6220703125
IMG_0050.mp4,833,27.794433333333334,29.97002997002997,295,2,traffic_signs,0.8789594769477844,1839.652099609375,1150.1033935546875,1897.0001220703125,1206.799560546875,1868.3261108398438,1178.4514770507812,57.3480224609375,56.6961669921875
IMG_0050.mp4,833,27.794433333333334,29.97002997002997,304,2,traffic_signs,0.8809205293655396,1018.2732543945312,858.5136108398438,1206.921630859375,1018.520751953125,1112.5974426269531,938.5171813964844,188.64837646484375,160.00714111328125
IMG_0050.mp4,834,27.8278,29.97002997002997,274,2,traffic_signs,0.9182705283164978,1925.4940185546875,1194.5552978515625,1993.1949462890625,1258.3150634765625,1959.344482421875,1226.4351806640625,67.700927734375,63.759765625
IMG_0050.mp4,834,27.8278,29.97002997002997,295,2,traffic_signs,0.8898610472679138,1853.868408203125,1151.6868896484375,1910.0205078125,1206.840576171875,1881.9444580078125,1179.2637329101562,56.152099609375,55.1536865234375
IMG_0050.mp4,834,27.8278,29.97002997002997,304,2,traffic_signs,0.8915071487426758,1027.4193115234375,858.88134765625,1216.3970947265625,1018.6593627929688,1121.908203125,938.7703552246094,188.977783203125,159.77801513671875
IMG_0050.mp4,835,27.861166666666666,29.97002997002997,274,2,traffic_signs,0.9134697318077087,1939.0272216796875,1196.6683349609375,2007.585693359375,1259.77587890625,1973.3064575195312,1228.2221069335938,68.5584716796875,63.1075439453125
IMG_0050.mp4,835,27.861166666666666,29.97002997002997,295,2,traffic_signs,0.8930069208145142,1867.02685546875,1152.85009765625,1924.0467529296875,1209.483154296875,1895.5368041992188,1181.1666259765625,57.0198974609375,56.633056640625
IMG_0050.mp4,835,27.861166666666666,29.97002997002997,304,2,traffic_signs,0.8765832185745239,1038.23583984375,858.4964599609375,1226.3656005859375,1019.3364868164062,1132.3007202148438,938.9164733886719,188.1297607421875,160.84002685546875
IMG_0050.mp4,836,27.894533333333335,29.97002997002997,274,2,traffic_signs,0.9155185222625732,1954.3155517578125,1199.11669921875,2021.0428466796875,1261.3084716796875,1987.67919921875,1230.2125854492188,66.727294921875,62.1917724609375
IMG_0050.mp4,836,27.894533333333335,29.97002997002997,295,2,traffic_signs,0.9055336117744446,1880.6650390625,1153.2164306640625,1937.7406005859375,1209.689208984375,1909.2028198242188,1181.4528198242188,57.0755615234375,56.4727783203125
IMG_0050.mp4,836,27.894533333333335,29.97002997002997,304,2,traffic_signs,0.8701043128967285,1047.0399169921875,857.5389404296875,1235.62646484375,1019.6295166015625,1141.3331909179688,938.584228515625,188.5865478515625,162.090576171875
IMG_0050.mp4,836,27.894533333333335,29.97002997002997,307,2,traffic_signs,0.8368966579437256,213.74957275390625,439.1853942871094,388.7474670410156,715.4280395507812,301.24851989746094,577.3067169189453,174.99789428710938,276.2426452636719
IMG_0050.mp4,837,27.9279,29.97002997002997,274,2,traffic_signs,0.9231192469596863,1966.9080810546875,1199.6763916015625,2035.2198486328125,1261.8275146484375,2001.06396484375,1230.751953125,68.311767578125,62.151123046875
IMG_0050.mp4,837,27.9279,29.97002997002997,295,2,traffic_signs,0.530358612537384,1893.5911865234375,1153.5938720703125,1951.7188720703125,1211.6568603515625,1922.655029296875,1182.6253662109375,58.127685546875,58.06298828125
IMG_0050.mp4,837,27.9279,29.97002997002997,304,2,traffic_signs,0.8908387422561646,1056.7908935546875,856.5011596679688,1245.6082763671875,1019.0313720703125,1151.1995849609375,937.7662658691406,188.8173828125,162.53021240234375
IMG_0050.mp4,837,27.9279,29.97002997002997,307,2,traffic_signs,0.9472538232803345,217.51773071289062,436.9521789550781,396.7411804199219,713.9077758789062,307.12945556640625,575.4299774169922,179.22344970703125,276.9555969238281
IMG_0050.mp4,838,27.961266666666667,29.97002997002997,274,2,traffic_signs,0.9216834306716919,1978.8458251953125,1199.9658203125,2049.1357421875,1263.7657470703125,2013.9907836914062,1231.8657836914062,70.2899169921875,63.7999267578125
IMG_0050.mp4,838,27.961266666666667,29.97002997002997,295,2,traffic_signs,0.8878682851791382,1907.697998046875,1154.4669189453125,1964.1192626953125,1211.2254638671875,1935.9086303710938,1182.84619140625,56.4212646484375,56.758544921875
IMG_0050.mp4,838,27.961266666666667,29.97002997002997,304,2,traffic_signs,0.8899211883544922,1065.6275634765625,856.0433959960938,1254.9501953125,1019.037109375,1160.2888793945312,937.5402526855469,189.3226318359375,162.99371337890625
IMG_0050.mp4,838,27.961266666666667,29.97002997002997,307,2,traffic_signs,0.9444677829742432,218.98329162597656,434.8264465332031,402.2889099121094,710.4820556640625,310.63610076904297,572.6542510986328,183.3056182861328,275.6556091308594
IMG_0050.mp4,839,27.994633333333333,29.97002997002997,274,2,traffic_signs,0.9302562475204468,1992.262451171875,1200.2515869140625,2062.649658203125,1264.9759521484375,2027.4560546875,1232.61376953125,70.38720703125,64.724365234375
IMG_0050.mp4,839,27.994633333333333,29.97002997002997,295,2,traffic_signs,0.8980394601821899,1920.0621337890625,1155.1617431640625,1976.168212890625,1212.4556884765625,1948.1151733398438,1183.8087158203125,56.1060791015625,57.2939453125
IMG_0050.mp4,839,27.994633333333333,29.97002997002997,304,2,traffic_signs,0.9004287123680115,1074.712158203125,856.0504150390625,1263.6988525390625,1019.4431762695312,1169.2055053710938,937.7467956542969,188.9866943359375,163.39276123046875
IMG_0050.mp4,839,27.994633333333333,29.97002997002997,307,2,traffic_signs,0.9461585879325867,222.51243591308594,431.90887451171875,406.771728515625,708.486328125,314.64208221435547,570.1976013183594,184.25929260253906,276.57745361328125
IMG_0050.mp4,840,28.028000000000002,29.97002997002997,274,2,traffic_signs,0.915715217590332,2006.3106689453125,1201.9427490234375,2075.822265625,1265.8072509765625,2041.0664672851562,1233.875,69.5115966796875,63.864501953125
IMG_0050.mp4,840,28.028000000000002,29.97002997002997,295,2,traffic_signs,0.8728561997413635,1933.509521484375,1156.2449951171875,1990.472900390625,1212.5478515625,1961.9912109375,1184.3964233398438,56.96337890625,56.3028564453125
IMG_0050.mp4,840,28.028000000000002,29.97002997002997,304,2,traffic_signs,0.8947188854217529,1082.518798828125,855.654541015625,1271.7176513671875,1020.6525268554688,1177.1182250976562,938.1535339355469,189.1988525390625,164.99798583984375
IMG_0050.mp4,840,28.028000000000002,29.97002997002997,307,2,traffic_signs,0.9517597556114197,224.49578857421875,429.30914306640625,409.80877685546875,707.6227416992188,317.15228271484375,568.4659423828125,185.31298828125,278.3135986328125
IMG_0050.mp4,841,28.061366666666668,29.97002997002997,274,2,traffic_signs,0.9132528305053711,2020.637451171875,1202.751708984375,2089.203857421875,1267.279296875,2054.920654296875,1235.0155029296875,68.56640625,64.527587890625
IMG_0050.mp4,841,28.061366666666668,29.97002997002997,295,2,traffic_signs,0.8964471220970154,1946.710693359375,1157.44189453125,2003.5255126953125,1213.989990234375,1975.1181030273438,1185.7159423828125,56.8148193359375,56.548095703125
IMG_0050.mp4,841,28.061366666666668,29.97002997002997,304,2,traffic_signs,0.884554386138916,1090.3516845703125,854.0928955078125,1279.653076171875,1020.3778686523438,1185.0023803710938,937.2353820800781,189.3013916015625,166.28497314453125
IMG_0050.mp4,841,28.061366666666668,29.97002997002997,307,2,traffic_signs,0.9561161994934082,224.7085723876953,426.785888671875,414.0160217285156,707.0384521484375,319.36229705810547,566.9121704101562,189.3074493408203,280.2525634765625
IMG_0050.mp4,842,28.094733333333334,29.97002997002997,274,2,traffic_signs,0.9281038045883179,2033.357666015625,1204.3060302734375,2102.071533203125,1268.780029296875,2067.714599609375,1236.5430297851562,68.7138671875,64.4739990234375
IMG_0050.mp4,842,28.094733333333334,29.97002997002997,295,2,traffic_signs,0.8716460466384888,1959.662353515625,1158.7008056640625,2016.49072265625,1214.46826171875,1988.0765380859375,1186.5845336914062,56.828369140625,55.7674560546875
IMG_0050.mp4,842,28.094733333333334,29.97002997002997,304,2,traffic_signs,0.8825903534889221,1099.9832763671875,852.9447631835938,1289.3106689453125,1019.6764526367188,1194.64697265625,936.3106079101562,189.327392578125,166.731689453125
IMG_0050.mp4,842,28.094733333333334,29.97002997002997,307,2,traffic_signs,0.9584720730781555,227.61036682128906,424.45391845703125,418.36199951171875,705.6256103515625,322.9861831665039,565.0397644042969,190.7516326904297,281.17169189453125
IMG_0050.mp4,842,28.094733333333334,29.97002997002997,308,1,traffic_lights,0.5938672423362732,705.576904296875,183.47760009765625,1948.9195556640625,1267.3411865234375,1327.2482299804688,725.4093933105469,1243.3426513671875,1083.8635864257812
IMG_0050.mp4,843,28.1281,29.97002997002997,274,2,traffic_signs,0.9174957871437073,2047.8302001953125,1205.105224609375,2116.824462890625,1270.4327392578125,2082.3273315429688,1237.7689819335938,68.9942626953125,65.3275146484375
IMG_0050.mp4,843,28.1281,29.97002997002997,295,2,traffic_signs,0.8950138688087463,1973.030029296875,1159.9075927734375,2030.5894775390625,1218.0157470703125,2001.8097534179688,1188.961669921875,57.5594482421875,58.108154296875
IMG_0050.mp4,843,28.1281,29.97002997002997,304,2,traffic_signs,0.8943386077880859,1107.9439697265625,851.9329833984375,1298.0423583984375,1018.6367797851562,1202.9931640625,935.2848815917969,190.098388671875,166.70379638671875
IMG_0050.mp4,843,28.1281,29.97002997002997,307,2,traffic_signs,0.9544805884361267,229.55552673339844,420.6671142578125,420.8312072753906,702.2921142578125,325.19336700439453,561.4796142578125,191.2756805419922,281.625
IMG_0050.mp4,843,28.1281,29.97002997002997,308,1,traffic_lights,0.34368452429771423,709.4974975585938,180.84408569335938,1952.0003662109375,1269.8603515625,1330.7489318847656,725.3522186279297,1242.5028686523438,1089.0162658691406
IMG_0050.mp4,844,28.161466666666666,29.97002997002997,274,2,traffic_signs,0.9265938401222229,2061.9091796875,1205.66259765625,2130.397705078125,1271.746337890625,2096.1534423828125,1238.7044677734375,68.488525390625,66.083740234375
IMG_0050.mp4,844,28.161466666666666,29.97002997002997,295,2,traffic_signs,0.8765265345573425,1986.0855712890625,1161.0594482421875,2044.52880859375,1217.9510498046875,2015.3071899414062,1189.5052490234375,58.4432373046875,56.8916015625
IMG_0050.mp4,844,28.161466666666666,29.97002997002997,304,2,traffic_signs,0.9118026494979858,1116.049072265625,851.49853515625,1306.5550537109375,1019.0759887695312,1211.3020629882812,935.2872619628906,190.5059814453125,167.57745361328125
IMG_0050.mp4,844,28.161466666666666,29.97002997002997,307,2,traffic_signs,0.9462655186653137,231.50502014160156,416.49017333984375,424.3870849609375,697.5894775390625,327.94605255126953,557.0398254394531,192.88206481933594,281.09930419921875
IMG_0050.mp4,844,28.161466666666666,29.97002997002997,308,1,traffic_lights,0.48919978737831116,722.146484375,182.07786560058594,1967.7489013671875,1273.66015625,1344.9476928710938,727.869010925293,1245.6024169921875,1091.582290649414
IMG_0050.mp4,845,28.194833333333335,29.97002997002997,274,2,traffic_signs,0.8560535907745361,2075.64501953125,1205.9412841796875,2144.14453125,1273.155029296875,2109.894775390625,1239.5481567382812,68.49951171875,67.2137451171875
IMG_0050.mp4,845,28.194833333333335,29.97002997002997,295,2,traffic_signs,0.8806267380714417,2000.0189208984375,1161.8839111328125,2058.592529296875,1220.4637451171875,2029.3057250976562,1191.173828125,58.5736083984375,58.579833984375
IMG_0050.mp4,845,28.194833333333335,29.97002997002997,304,2,traffic_signs,0.9122863411903381,1123.756591796875,851.2120971679688,1316.7041015625,1019.3368530273438,1220.2303466796875,935.2744750976562,192.947509765625,168.124755859375
IMG_0050.mp4,845,28.194833333333335,29.97002997002997,307,2,traffic_signs,0.9460983872413635,232.69369506835938,413.9967041015625,429.0721435546875,691.2620849609375,330.88291931152344,552.62939453125,196.37844848632812,277.265380859375
IMG_0050.mp4,845,28.194833333333335,29.97002997002997,308,1,traffic_lights,0.37608280777931213,736.07275390625,189.5936279296875,1960.2327880859375,1273.20556640625,1348.1527709960938,731.3995971679688,1224.1600341796875,1083.6119384765625
IMG_0050.mp4,846,28.2282,29.97002997002997,274,2,traffic_signs,0.9306811690330505,2089.30126953125,1207.563232421875,2158.08740234375,1274.534423828125,2123.6943359375,1241.048828125,68.7861328125,66.97119140625
IMG_0050.mp4,846,28.2282,29.97002997002997,295,2,traffic_signs,0.8326081037521362,2012.3524169921875,1163.4761962890625,2071.013427734375,1221.6878662109375,2041.6829223632812,1192.58203125,58.6610107421875,58.211669921875
IMG_0050.mp4,846,28.2282,29.97002997002997,304,2,traffic_signs,0.8874635100364685,1134.6878662109375,850.1817626953125,1325.1202392578125,1019.4708862304688,1229.904052734375,934.8263244628906,190.432373046875,169.28912353515625
IMG_0050.mp4,846,28.2282,29.97002997002997,307,2,traffic_signs,0.952262818813324,237.99942016601562,410.9486389160156,435.5845642089844,689.4362182617188,336.7919921875,550.1924285888672,197.58514404296875,278.4875793457031
IMG_0050.mp4,847,28.261566666666667,29.97002997002997,274,2,traffic_signs,0.9188854098320007,2102.2216796875,1208.1923828125,2171.868896484375,1275.6685791015625,2137.0452880859375,1241.9304809570312,69.647216796875,67.4761962890625
IMG_0050.mp4,847,28.261566666666667,29.97002997002997,295,2,traffic_signs,0.8907641172409058,2026.90576171875,1164.899658203125,2084.934814453125,1221.765625,2055.9202880859375,1193.3326416015625,58.029052734375,56.865966796875
IMG_0050.mp4,847,28.261566666666667,29.97002997002997,304,2,traffic_signs,0.888756275177002,1143.41845703125,848.8015747070312,1332.8074951171875,1019.0149536132812,1238.1129760742188,933.9082641601562,189.3890380859375,170.21337890625
IMG_0050.mp4,847,28.261566666666667,29.97002997002997,307,2,traffic_signs,0.9552023410797119,239.9822235107422,407.71612548828125,440.0936279296875,685.172607421875,340.03792572021484,546.4443664550781,200.1114044189453,277.45648193359375
IMG_0050.mp4,847,28.261566666666667,29.97002997002997,308,1,traffic_lights,0.3568786382675171,745.70751953125,205.99639892578125,1940.1407470703125,1276.476318359375,1342.9241333007812,741.2363586425781,1194.4332275390625,1070.4799194335938
IMG_0050.mp4,848,28.294933333333333,29.97002997002997,274,2,traffic_signs,0.9186773300170898,2116.39208984375,1209.005859375,2185.55615234375,1276.60205078125,2150.97412109375,1242.803955078125,69.1640625,67.59619140625
IMG_0050.mp4,848,28.294933333333333,29.97002997002997,295,2,traffic_signs,0.9048993587493896,2039.2249755859375,1164.870849609375,2097.5556640625,1222.355224609375,2068.3903198242188,1193.613037109375,58.3306884765625,57.484375
IMG_0050.mp4,848,28.294933333333333,29.97002997002997,304,2,traffic_signs,0.9060550928115845,1152.2965087890625,846.4973754882812,1340.3428955078125,1016.5891723632812,1246.3197021484375,931.5432739257812,188.04638671875,170.091796875
IMG_0050.mp4,848,28.294933333333333,29.97002997002997,307,2,traffic_signs,0.9551997184753418,239.87936401367188,403.41986083984375,442.8653259277344,681.8858032226562,341.3723449707031,542.65283203125,202.9859619140625,278.4659423828125
IMG_0050.mp4,848,28.294933333333333,29.97002997002997,309,2,traffic_signs,0.44754844903945923,1355.0943603515625,1122.6446533203125,1440.114013671875,1222.86474609375,1397.6041870117188,1172.7546997070312,85.0196533203125,100.2200927734375
IMG_0050.mp4,848,28.294933333333333,29.97002997002997,308,1,traffic_lights,0.43104255199432373,779.9646606445312,214.15354919433594,2013.7620849609375,1276.382080078125,1396.8633728027344,745.2678146362305,1233.7974243164062,1062.228530883789
IMG_0050.mp4,849,28.328300000000002,29.97002997002997,274,2,traffic_signs,0.9264933466911316,2132.035888671875,1209.4300537109375,2200.056396484375,1276.8187255859375,2166.046142578125,1243.1243896484375,68.0205078125,67.388671875
IMG_0050.mp4,849,28.328300000000002,29.97002997002997,295,2,traffic_signs,0.8936201333999634,2053.760498046875,1165.5084228515625,2112.38818359375,1223.9705810546875,2083.0743408203125,1194.739501953125,58.627685546875,58.462158203125
IMG_0050.mp4,849,28.328300000000002,29.97002997002997,304,2,traffic_signs,0.9159474968910217,1161.606201171875,845.6747436523438,1350.32958984375,1016.9847412109375,1255.9678955078125,931.3297424316406,188.723388671875,171.30999755859375
IMG_0050.mp4,849,28.328300000000002,29.97002997002997,307,2,traffic_signs,0.962011992931366,242.44093322753906,400.2002868652344,448.519287109375,679.7489624023438,345.48011016845703,539.9746246337891,206.07835388183594,279.5486755371094
IMG_0050.mp4,849,28.328300000000002,29.97002997002997,308,1,traffic_lights,0.42536661028862,797.7052001953125,215.28839111328125,2034.818115234375,1278.547607421875,1416.2616577148438,746.9179992675781,1237.1129150390625,1063.2592163085938
IMG_0050.mp4,850,28.361666666666668,29.97002997002997,274,2,traffic_signs,0.9201682209968567,2144.824951171875,1209.8895263671875,2213.96826171875,1277.791748046875,2179.3966064453125,1243.8406372070312,69.143310546875,67.9022216796875
IMG_0050.mp4,850,28.361666666666668,29.97002997002997,295,2,traffic_signs,0.8994235992431641,2066.926513671875,1166.3133544921875,2123.782958984375,1224.1002197265625,2095.354736328125,1195.206787109375,56.8564453125,57.786865234375
IMG_0050.mp4,850,28.361666666666668,29.97002997002997,304,2,traffic_signs,0.9166820645332336,1167.2288818359375,843.6992797851562,1359.1138916015625,1016.7443237304688,1263.17138671875,930.2218017578125,191.885009765625,173.0450439453125
IMG_0050.mp4,850,28.361666666666668,29.97002997002997,307,2,traffic_signs,0.961444079875946,240.34518432617188,396.3882141113281,450.1496276855469,678.1826171875,345.2474060058594,537.2854156494141,209.804443359375,281.7944030761719
IMG_0050.mp4,850,28.361666666666668,29.97002997002997,308,1,traffic_lights,0.2521135210990906,796.7940063476562,207.9951171875,2031.5025634765625,1278.2677001953125,1414.1482849121094,743.1314086914062,1234.7085571289062,1070.2725830078125
IMG_0050.mp4,850,28.361666666666668,29.97002997002997,309,2,traffic_signs,0.44988471269607544,1376.296142578125,1112.0235595703125,1464.639892578125,1226.102783203125,1420.468017578125,1169.0631713867188,88.34375,114.0792236328125
IMG_0050.mp4,851,28.395033333333334,29.97002997002997,274,2,traffic_signs,0.9126878380775452,2160.45068359375,1211.521484375,2229.02587890625,1278.49755859375,2194.73828125,1245.009521484375,68.5751953125,66.97607421875
IMG_0050.mp4,851,28.395033333333334,29.97002997002997,295,2,traffic_signs,0.8949058651924133,2080.3212890625,1166.7491455078125,2138.62646484375,1224.8067626953125,2109.473876953125,1195.7779541015625,58.30517578125,58.0576171875
IMG_0050.mp4,851,28.395033333333334,29.97002997002997,304,2,traffic_signs,0.9146194458007812,1176.67041015625,842.9028930664062,1367.953125,1016.1550903320312,1272.311767578125,929.5289916992188,191.28271484375,173.252197265625
IMG_0050.mp4,851,28.395033333333334,29.97002997002997,307,2,traffic_signs,0.9519069790840149,240.18789672851562,391.50128173828125,458.1177978515625,677.0419311523438,349.15284729003906,534.2716064453125,217.92990112304688,285.5406494140625
IMG_0050.mp4,851,28.395033333333334,29.97002997002997,308,1,traffic_lights,0.3070242404937744,807.1621704101562,211.66464233398438,2016.972412109375,1281.1185302734375,1412.0672912597656,746.3915863037109,1209.8102416992188,1069.4538879394531
IMG_0050.mp4,851,28.395033333333334,29.97002997002997,309,2,traffic_signs,0.4975121319293976,1387.6234130859375,1107.43603515625,1478.2386474609375,1228.5823974609375,1432.9310302734375,1168.0092163085938,90.615234375,121.1463623046875
IMG_0050.mp4,852,28.4284,29.97002997002997,274,2,traffic_signs,0.9239364862442017,2172.6787109375,1212.10693359375,2243.901611328125,1279.3388671875,2208.2901611328125,1245.722900390625,71.222900390625,67.23193359375
IMG_0050.mp4,852,28.4284,29.97002997002997,295,2,traffic_signs,0.900282084941864,2094.88525390625,1167.878662109375,2152.06884765625,1227.8902587890625,2123.47705078125,1197.8844604492188,57.18359375,60.0115966796875
IMG_0050.mp4,852,28.4284,29.97002997002997,304,2,traffic_signs,0.8555505275726318,1184.999755859375,841.8795166015625,1375.2440185546875,1016.3215942382812,1280.1218872070312,929.1005554199219,190.2442626953125,174.44207763671875
IMG_0050.mp4,852,28.4284,29.97002997002997,307,2,traffic_signs,0.960248589515686,241.7493438720703,387.1358947753906,463.512939453125,676.77099609375,352.63114166259766,531.9534454345703,221.7635955810547,289.6351013183594
IMG_0050.mp4,852,28.4284,29.97002997002997,308,1,traffic_lights,0.4161157011985779,816.09814453125,214.84739685058594,2034.439453125,1288.949462890625,1425.268798828125,751.8984298706055,1218.34130859375,1074.102066040039
IMG_0050.mp4,852,28.4284,29.97002997002997,309,2,traffic_signs,0.6564264297485352,1401.7579345703125,1109.780029296875,1489.072021484375,1230.5994873046875,1445.4149780273438,1170.1897583007812,87.3140869140625,120.8194580078125
IMG_0050.mp4,853,28.461766666666666,29.97002997002997,274,2,traffic_signs,0.9227073788642883,2186.494384765625,1212.6710205078125,2257.777587890625,1280.2423095703125,2222.135986328125,1246.4566650390625,71.283203125,67.5712890625
IMG_0050.mp4,853,28.461766666666666,29.97002997002997,295,2,traffic_signs,0.9114906787872314,2106.450439453125,1168.0419921875,2165.14111328125,1228.5482177734375,2135.7957763671875,1198.2951049804688,58.690673828125,60.5062255859375
IMG_0050.mp4,853,28.461766666666666,29.97002997002997,304,2,traffic_signs,0.9415690302848816,1190.27294921875,840.4459228515625,1383.642333984375,1015.287841796875,1286.9576416015625,927.8668823242188,193.369384765625,174.8419189453125
IMG_0050.mp4,853,28.461766666666666,29.97002997002997,307,2,traffic_signs,0.9579038023948669,241.08416748046875,381.852783203125,465.6700744628906,675.3482666015625,353.3771209716797,528.6005249023438,224.58590698242188,293.4954833984375
IMG_0050.mp4,853,28.461766666666666,29.97002997002997,308,1,traffic_lights,0.4211500287055969,821.2822875976562,219.97401428222656,2025.5313720703125,1291.7833251953125,1423.4068298339844,755.8786697387695,1204.2490844726562,1071.809310913086
IMG_0050.mp4,853,28.461766666666666,29.97002997002997,309,2,traffic_signs,0.43813851475715637,1413.0645751953125,1110.127197265625,1501.2940673828125,1231.62646484375,1457.1793212890625,1170.8768310546875,88.2294921875,121.499267578125
IMG_0050.mp4,854,28.495133333333335,29.97002997002997,274,2,traffic_signs,0.8953759670257568,2200.3818359375,1214.234375,2271.990234375,1280.612060546875,2236.18603515625,1247.4232177734375,71.6083984375,66.377685546875
IMG_0050.mp4,854,28.495133333333335,29.97002997002997,295,2,traffic_signs,0.9105758666992188,2121.368896484375,1168.626220703125,2180.859375,1229.3486328125,2151.1141357421875,1198.9874267578125,59.490478515625,60.722412109375
IMG_0050.mp4,854,28.495133333333335,29.97002997002997,304,2,traffic_signs,0.9406244158744812,1199.5155029296875,838.4283447265625,1394.3546142578125,1014.0697631835938,1296.93505859375,926.2490539550781,194.839111328125,175.64141845703125
IMG_0050.mp4,854,28.495133333333335,29.97002997002997,307,2,traffic_signs,0.9564672708511353,244.7030029296875,378.9639892578125,471.3151550292969,674.059326171875,358.0090789794922,526.5116577148438,226.61215209960938,295.0953369140625
IMG_0050.mp4,854,28.495133333333335,29.97002997002997,308,1,traffic_lights,0.30902209877967834,823.859130859375,227.69964599609375,2006.2958984375,1295.29736328125,1415.0775146484375,761.4985046386719,1182.436767578125,1067.5977172851562
IMG_0050.mp4,854,28.495133333333335,29.97002997002997,309,2,traffic_signs,0.6854935884475708,1428.240478515625,1110.9608154296875,1514.6328125,1231.93603515625,1471.4366455078125,1171.4484252929688,86.392333984375,120.9752197265625
IMG_0050.mp4,855,28.5285,29.97002997002997,274,2,traffic_signs,0.9196019172668457,2213.470703125,1214.7454833984375,2284.2802734375,1281.3944091796875,2248.87548828125,1248.0699462890625,70.8095703125,66.64892578125
IMG_0050.mp4,855,28.5285,29.97002997002997,295,2,traffic_signs,0.9050251841545105,2134.150390625,1168.7833251953125,2192.96728515625,1230.5625,2163.558837890625,1199.6729125976562,58.81689453125,61.7791748046875
IMG_0050.mp4,855,28.5285,29.97002997002997,304,2,traffic_signs,0.9450793266296387,1207.7054443359375,836.6475219726562,1401.59130859375,1013.405517578125,1304.6483764648438,925.0265197753906,193.8858642578125,176.75799560546875
IMG_0050.mp4,855,28.5285,29.97002997002997,307,2,traffic_signs,0.9610610604286194,244.2360382080078,375.7768859863281,473.8045959472656,670.7537231445312,359.0203170776367,523.2653045654297,229.5685577392578,294.9768371582031
IMG_0050.mp4,855,28.5285,29.97002997002997,308,1,traffic_lights,0.4123494625091553,818.7921142578125,238.0546875,2026.0186767578125,1300.253662109375,1422.4053955078125,769.1541748046875,1207.2265625,1062.198974609375
IMG_0050.mp4,855,28.5285,29.97002997002997,309,2,traffic_signs,0.5930135250091553,1438.3936767578125,1109.054931640625,1526.75927734375,1232.8206787109375,1482.5764770507812,1170.9378051757812,88.3656005859375,123.7657470703125
IMG_0050.mp4,856,28.561866666666667,29.97002997002997,274,2,traffic_signs,0.9004387259483337,2228.134765625,1215.666259765625,2298.105712890625,1281.916748046875,2263.1202392578125,1248.79150390625,69.970947265625,66.25048828125
IMG_0050.mp4,856,28.561866666666667,29.97002997002997,295,2,traffic_signs,0.909477174282074,2148.363037109375,1169.190673828125,2207.916748046875,1230.9517822265625,2178.139892578125,1200.0712280273438,59.5537109375,61.7611083984375
IMG_0050.mp4,856,28.561866666666667,29.97002997002997,304,2,traffic_signs,0.942849338054657,1213.1143798828125,835.4022827148438,1410.9307861328125,1013.0383911132812,1312.0225830078125,924.2203369140625,197.81640625,177.6361083984375
IMG_0050.mp4,856,28.561866666666667,29.97002997002997,307,2,traffic_signs,0.9668220281600952,244.6471405029297,372.0590515136719,477.4801025390625,666.9529418945312,361.0636215209961,519.5059967041016,232.8329620361328,294.8938903808594
IMG_0050.mp4,856,28.561866666666667,29.97002997002997,308,1,traffic_lights,0.4696943759918213,867.6907958984375,229.1481475830078,2101.13623046875,1294.401611328125,1484.4135131835938,761.7748794555664,1233.4454345703125,1065.2534637451172
IMG_0050.mp4,856,28.561866666666667,29.97002997002997,309,2,traffic_signs,0.7039069533348083,1448.8466796875,1110.7626953125,1537.256103515625,1233.5819091796875,1493.0513916015625,1172.1723022460938,88.409423828125,122.8192138671875
IMG_0050.mp4,857,28.595233333333333,29.97002997002997,274,2,traffic_signs,0.3420571982860565,2244.031494140625,1216.7166748046875,2312.388427734375,1283.0191650390625,2278.2099609375,1249.867919921875,68.35693359375,66.302490234375
IMG_0050.mp4,857,28.595233333333333,29.97002997002997,295,2,traffic_signs,0.915391743183136,2161.626953125,1169.076416015625,2221.969970703125,1231.78759765625,2191.7984619140625,1200.4320068359375,60.343017578125,62.711181640625
IMG_0050.mp4,857,28.595233333333333,29.97002997002997,304,2,traffic_signs,0.9296423196792603,1219.5440673828125,833.6449584960938,1418.3369140625,1011.4462280273438,1318.9404907226562,922.5455932617188,198.7928466796875,177.80126953125
IMG_0050.mp4,857,28.595233333333333,29.97002997002997,307,2,traffic_signs,0.965526282787323,242.8807373046875,368.1934814453125,480.5942687988281,663.9490356445312,361.7375030517578,516.0712585449219,237.71353149414062,295.75555419921875
IMG_0050.mp4,857,28.595233333333333,29.97002997002997,308,1,traffic_lights,0.5126346945762634,878.6121215820312,225.7430419921875,2101.02392578125,1287.0008544921875,1489.8180236816406,756.3719482421875,1222.4118041992188,1061.2578125
IMG_0050.mp4,857,28.595233333333333,29.97002997002997,309,2,traffic_signs,0.7087223529815674,1458.7469482421875,1110.8662109375,1549.47216796875,1234.50537109375,1504.1095581054688,1172.685791015625,90.7252197265625,123.63916015625
IMG_0050.mp4,858,28.628600000000002,29.97002997002997,274,2,traffic_signs,0.9056669473648071,2257.982421875,1217.260498046875,2326.224365234375,1283.456298828125,2292.1033935546875,1250.3583984375,68.241943359375,66.19580078125
IMG_0050.mp4,858,28.628600000000002,29.97002997002997,295,2,traffic_signs,0.9081286787986755,2174.19921875,1169.59765625,2235.02783203125,1231.5042724609375,2204.613525390625,1200.5509643554688,60.82861328125,61.9066162109375
IMG_0050.mp4,858,28.628600000000002,29.97002997002997,304,2,traffic_signs,0.9171334505081177,1227.5147705078125,832.1451416015625,1425.2738037109375,1010.4226684570312,1326.394287109375,921.2839050292969,197.759033203125,178.27752685546875
IMG_0050.mp4,858,28.628600000000002,29.97002997002997,307,2,traffic_signs,0.9689396023750305,241.28973388671875,365.09075927734375,483.3468017578125,660.7091674804688,362.3182678222656,512.8999633789062,242.05706787109375,295.618408203125
IMG_0050.mp4,858,28.628600000000002,29.97002997002997,308,1,traffic_lights,0.32186585664749146,882.3096313476562,223.72369384765625,2089.110595703125,1286.09375,1485.7101135253906,754.9087219238281,1206.8009643554688,1062.3700561523438
IMG_0050.mp4,858,28.628600000000002,29.97002997002997,309,2,traffic_signs,0.7001467347145081,1471.5135498046875,1113.8885498046875,1560.6937255859375,1234.7486572265625,1516.1036376953125,1174.318603515625,89.18017578125,120.860107421875
IMG_0050.mp4,859,28.661966666666668,29.97002997002997,274,2,traffic_signs,0.9176865816116333,2270.010009765625,1217.220458984375,2340.4501953125,1285.0709228515625,2305.2301025390625,1251.1456909179688,70.440185546875,67.8504638671875
IMG_0050.mp4,859,28.661966666666668,29.97002997002997,295,2,traffic_signs,0.9020673036575317,2188.2802734375,1170.307861328125,2249.2275390625,1232.68798828125,2218.75390625,1201.4979248046875,60.947265625,62.380126953125
IMG_0050.mp4,859,28.661966666666668,29.97002997002997,304,2,traffic_signs,0.9196189045906067,1237.75927734375,830.8839721679688,1434.6798095703125,1010.6192016601562,1336.2195434570312,920.7515869140625,196.9205322265625,179.7352294921875
IMG_0050.mp4,859,28.661966666666668,29.97002997002997,307,2,traffic_signs,0.9633035063743591,243.6192169189453,361.88153076171875,488.8984069824219,659.2088012695312,366.2588119506836,510.545166015625,245.27919006347656,297.3272705078125
IMG_0050.mp4,859,28.661966666666668,29.97002997002997,308,1,traffic_lights,0.6425231099128723,898.25341796875,227.25445556640625,2126.238525390625,1291.060546875,1512.2459716796875,759.1575012207031,1227.985107421875,1063.8060913085938
IMG_0050.mp4,859,28.661966666666668,29.97002997002997,309,2,traffic_signs,0.5941244959831238,1481.7620849609375,1113.8485107421875,1573.2203369140625,1235.779052734375,1527.4912109375,1174.8137817382812,91.458251953125,121.9305419921875
IMG_0050.mp4,860,28.695333333333334,29.97002997002997,274,2,traffic_signs,0.9029805660247803,2285.188720703125,1217.746337890625,2353.67529296875,1286.599609375,2319.4320068359375,1252.1729736328125,68.486572265625,68.853271484375
IMG_0050.mp4,860,28.695333333333334,29.97002997002997,295,2,traffic_signs,0.9108909368515015,2201.0693359375,1170.9188232421875,2261.68115234375,1234.1583251953125,2231.375244140625,1202.53857421875,60.61181640625,63.239501953125
IMG_0050.mp4,860,28.695333333333334,29.97002997002997,304,2,traffic_signs,0.9236831665039062,1247.2962646484375,828.4053344726562,1442.8629150390625,1009.8078002929688,1345.07958984375,919.1065673828125,195.566650390625,181.4024658203125
IMG_0050.mp4,860,28.695333333333334,29.97002997002997,307,2,traffic_signs,0.9469445943832397,244.14927673339844,356.7499694824219,489.23651123046875,656.1260986328125,366.6928939819336,506.4380340576172,245.0872344970703,299.3761291503906
IMG_0050.mp4,860,28.695333333333334,29.97002997002997,308,1,traffic_lights,0.7080035209655762,909.3995361328125,228.26730346679688,2104.528564453125,1292.1278076171875,1506.9640502929688,760.1975555419922,1195.1290283203125,1063.8605041503906
IMG_0050.mp4,860,28.695333333333334,29.97002997002997,309,2,traffic_signs,0.5940191745758057,1497.5,1116.93115234375,1584.6923828125,1237.4267578125,1541.09619140625,1177.178955078125,87.1923828125,120.49560546875
IMG_0050.mp4,860,28.695333333333334,29.97002997002997,311,2,traffic_signs,0.4708375632762909,370.14361572265625,990.4306030273438,449.81396484375,1061.3829345703125,409.9787902832031,1025.9067687988281,79.67034912109375,70.95233154296875
IMG_0050.mp4,861,28.7287,29.97002997002997,274,2,traffic_signs,0.898929238319397,2299.587646484375,1219.524658203125,2366.551513671875,1286.571044921875,2333.069580078125,1253.0478515625,66.9638671875,67.04638671875
IMG_0050.mp4,861,28.7287,29.97002997002997,295,2,traffic_signs,0.9029834866523743,2215.113525390625,1171.7467041015625,2275.063720703125,1233.2269287109375,2245.088623046875,1202.48681640625,59.9501953125,61.480224609375
IMG_0050.mp4,861,28.7287,29.97002997002997,304,2,traffic_signs,0.9382814764976501,1255.2462158203125,826.1561279296875,1451.97216796875,1009.1607666015625,1353.6091918945312,917.658447265625,196.7259521484375,183.004638671875
IMG_0050.mp4,861,28.7287,29.97002997002997,307,2,traffic_signs,0.955616295337677,244.14016723632812,351.16632080078125,492.1953125,652.6991577148438,368.16773986816406,501.9327392578125,248.05514526367188,301.5328369140625
IMG_0050.mp4,861,28.7287,29.97002997002997,308,1,traffic_lights,0.6924054026603699,933.2681884765625,231.5863037109375,2064.60009765625,1288.5633544921875,1498.9341430664062,760.0748291015625,1131.3319091796875,1056.97705078125
IMG_0050.mp4,861,28.7287,29.97002997002997,309,2,traffic_signs,0.34687718749046326,1509.0341796875,1118.0670166015625,1596.104248046875,1238.5296630859375,1552.5692138671875,1178.29833984375,87.070068359375,120.462646484375
IMG_0050.mp4,862,28.762066666666666,29.97002997002997,274,2,traffic_signs,0.8809014558792114,2315.63330078125,1220.5098876953125,2382.648681640625,1287.46826171875,2349.1409912109375,1253.9890747070312,67.015380859375,66.9583740234375
IMG_0050.mp4,862,28.762066666666666,29.97002997002997,295,2,traffic_signs,0.9027574062347412,2228.234130859375,1171.7423095703125,2288.81591796875,1233.6739501953125,2258.5250244140625,1202.7081298828125,60.581787109375,61.931640625
IMG_0050.mp4,862,28.762066666666666,29.97002997002997,304,2,traffic_signs,0.9386085271835327,1259.1666259765625,824.1192016601562,1459.731689453125,1008.0098876953125,1359.4491577148438,916.0645446777344,200.5650634765625,183.89068603515625
IMG_0050.mp4,862,28.762066666666666,29.97002997002997,307,2,traffic_signs,0.9575507640838623,244.68089294433594,346.10821533203125,494.3280944824219,649.2156982421875,369.5044937133789,497.6619567871094,249.64720153808594,303.10748291015625
IMG_0050.mp4,862,28.762066666666666,29.97002997002997,308,1,traffic_lights,0.6848243474960327,940.529052734375,232.4664306640625,2058.996826171875,1288.230224609375,1499.762939453125,760.3483276367188,1118.4677734375,1055.7637939453125
IMG_0050.mp4,862,28.762066666666666,29.97002997002997,309,2,traffic_signs,0.7087517976760864,1525.1558837890625,1120.7872314453125,1611.014892578125,1239.2979736328125,1568.0853881835938,1180.0426025390625,85.8590087890625,118.5107421875
IMG_0050.mp4,863,28.795433333333335,29.97002997002997,274,2,traffic_signs,0.8952029943466187,2329.093017578125,1221.8729248046875,2396.5556640625,1288.1822509765625,2362.8243408203125,1255.027587890625,67.462646484375,66.309326171875
IMG_0050.mp4,863,28.795433333333335,29.97002997002997,295,2,traffic_signs,0.8978122472763062,2241.465087890625,1173.5279541015625,2300.8173828125,1233.3486328125,2271.1412353515625,1203.4382934570312,59.352294921875,59.8206787109375
IMG_0050.mp4,863,28.795433333333335,29.97002997002997,304,2,traffic_signs,0.9283948540687561,1266.309326171875,822.5210571289062,1466.533447265625,1006.7324829101562,1366.42138671875,914.6267700195312,200.22412109375,184.21142578125
IMG_0050.mp4,863,28.795433333333335,29.97002997002997,307,2,traffic_signs,0.9554558396339417,243.531005859375,341.88751220703125,497.1275634765625,644.7568969726562,370.32928466796875,493.32220458984375,253.5965576171875,302.869384765625
IMG_0050.mp4,863,28.795433333333335,29.97002997002997,308,1,traffic_lights,0.7287315726280212,937.3421630859375,231.10263061523438,2093.8193359375,1293.912109375,1515.5807495117188,762.5073699951172,1156.4771728515625,1062.8094787597656
IMG_0050.mp4,863,28.795433333333335,29.97002997002997,309,2,traffic_signs,0.3539040684700012,1539.844970703125,1125.8785400390625,1621.3753662109375,1239.8709716796875,1580.6101684570312,1182.874755859375,81.5303955078125,113.992431640625
IMG_0050.mp4,864,28.8288,29.97002997002997,274,2,traffic_signs,0.9069148898124695,2344.454345703125,1223.3770751953125,2411.47509765625,1289.50146484375,2377.9647216796875,1256.4392700195312,67.020751953125,66.1243896484375
IMG_0050.mp4,864,28.8288,29.97002997002997,295,2,traffic_signs,0.9151694774627686,2255.498779296875,1174.3739013671875,2315.783447265625,1233.3431396484375,2285.64111328125,1203.8585205078125,60.28466796875,58.96923828125
IMG_0050.mp4,864,28.8288,29.97002997002997,304,2,traffic_signs,0.9253242015838623,1275.3985595703125,820.9971313476562,1475.73828125,1004.390869140625,1375.5684204101562,912.6940002441406,200.3397216796875,183.39373779296875
IMG_0050.mp4,864,28.8288,29.97002997002997,307,2,traffic_signs,0.9537092447280884,242.90000915527344,337.0507507324219,499.81109619140625,641.4767456054688,371.35555267333984,489.2637481689453,256.9110870361328,304.4259948730469
IMG_0050.mp4,864,28.8288,29.97002997002997,308,1,traffic_lights,0.6664602160453796,980.2035522460938,222.9879608154297,2174.686279296875,1292.8167724609375,1577.4449157714844,757.9023666381836,1194.4827270507812,1069.8288116455078
IMG_0050.mp4,864,28.8288,29.97002997002997,309,2,traffic_signs,0.747704267501831,1549.02880859375,1123.84033203125,1634.930908203125,1241.60205078125,1591.9798583984375,1182.72119140625,85.902099609375,117.76171875
IMG_0050.mp4,865,28.862166666666667,29.97002997002997,274,2,traffic_signs,0.8947197794914246,2360.8681640625,1223.5889892578125,2427.14453125,1290.227783203125,2394.00634765625,1256.9083862304688,66.2763671875,66.6387939453125
IMG_0050.mp4,865,28.862166666666667,29.97002997002997,295,2,traffic_signs,0.9026139378547668,2269.927490234375,1174.7156982421875,2331.92529296875,1233.761474609375,2300.9263916015625,1204.2385864257812,61.997802734375,59.0457763671875
IMG_0050.mp4,865,28.862166666666667,29.97002997002997,304,2,traffic_signs,0.9288621544837952,1283.4755859375,818.423828125,1483.7314453125,1003.2808837890625,1383.603515625,910.8523559570312,200.255859375,184.8570556640625
IMG_0050.mp4,865,28.862166666666667,29.97002997002997,307,2,traffic_signs,0.9544829726219177,240.39669799804688,332.15216064453125,500.1799621582031,637.6353759765625,370.288330078125,484.8937683105469,259.78326416015625,305.48321533203125
IMG_0050.mp4,865,28.862166666666667,29.97002997002997,308,1,traffic_lights,0.7286689877510071,989.1100463867188,220.64456176757812,2145.447509765625,1288.9803466796875,1567.2787780761719,754.8124542236328,1156.3374633789062,1068.3357849121094
IMG_0050.mp4,865,28.862166666666667,29.97002997002997,309,2,traffic_signs,0.553752064704895,1557.5400390625,1121.887451171875,1645.3245849609375,1242.568115234375,1601.4323120117188,1182.227783203125,87.7845458984375,120.6806640625
IMG_0050.mp4,866,28.895533333333333,29.97002997002997,274,2,traffic_signs,0.9137182831764221,2373.75,1224.3179931640625,2441.22412109375,1290.9700927734375,2407.487060546875,1257.64404296875,67.47412109375,66.652099609375
IMG_0050.mp4,866,28.895533333333333,29.97002997002997,295,2,traffic_signs,0.9004895687103271,2283.093505859375,1175.0025634765625,2345.220458984375,1234.1112060546875,2314.156982421875,1204.556884765625,62.126953125,59.108642578125
IMG_0050.mp4,866,28.895533333333333,29.97002997002997,304,2,traffic_signs,0.9310526847839355,1290.388916015625,815.7333374023438,1491.758056640625,1001.9427490234375,1391.073486328125,908.8380432128906,201.369140625,186.20941162109375
IMG_0050.mp4,866,28.895533333333333,29.97002997002997,307,2,traffic_signs,0.953153669834137,238.34556579589844,328.2956237792969,502.8595275878906,636.9492797851562,370.60254669189453,482.62245178222656,264.5139617919922,308.6536560058594
IMG_0050.mp4,866,28.895533333333333,29.97002997002997,308,1,traffic_lights,0.7576262354850769,999.4293212890625,223.1112518310547,2144.36865234375,1287.8834228515625,1571.8989868164062,755.4973373413086,1144.9393310546875,1064.7721710205078
IMG_0050.mp4,866,28.895533333333333,29.97002997002997,309,2,traffic_signs,0.8211933374404907,1567.7506103515625,1124.396240234375,1657.308349609375,1242.315185546875,1612.5294799804688,1183.355712890625,89.5577392578125,117.9189453125
IMG_0050.mp4,867,28.928900000000002,29.97002997002997,274,2,traffic_signs,0.908149003982544,2388.6201171875,1225.9306640625,2457.021240234375,1292.6041259765625,2422.8206787109375,1259.2673950195312,68.401123046875,66.6734619140625
IMG_0050.mp4,867,28.928900000000002,29.97002997002997,295,2,traffic_signs,0.8996794819831848,2296.955810546875,1175.708251953125,2359.154052734375,1234.4691162109375,2328.054931640625,1205.0886840820312,62.1982421875,58.7608642578125
IMG_0050.mp4,867,28.928900000000002,29.97002997002997,304,2,traffic_signs,0.9340021014213562,1299.0792236328125,813.6224365234375,1500.38037109375,1000.663818359375,1399.7297973632812,907.1431274414062,201.3011474609375,187.0413818359375
IMG_0050.mp4,867,28.928900000000002,29.97002997002997,307,2,traffic_signs,0.9528041481971741,236.01260375976562,322.8583679199219,506.6258239746094,634.7503662109375,371.3192138671875,478.8043670654297,270.61322021484375,311.8919982910156
IMG_0050.mp4,867,28.928900000000002,29.97002997002997,308,1,traffic_lights,0.8102584481239319,998.9478759765625,228.45628356933594,2118.027099609375,1286.692626953125,1558.4874877929688,757.5744552612305,1119.0792236328125,1058.236343383789
IMG_0050.mp4,867,28.928900000000002,29.97002997002997,309,2,traffic_signs,0.7565821409225464,1576.9185791015625,1122.6231689453125,1669.01123046875,1243.9425048828125,1622.9649047851562,1183.2828369140625,92.0926513671875,121.3193359375
IMG_0050.mp4,868,28.962266666666668,29.97002997002997,274,2,traffic_signs,0.9040869474411011,2404.0263671875,1227.3365478515625,2471.71435546875,1293.69091796875,2437.870361328125,1260.5137329101562,67.68798828125,66.3543701171875
IMG_0050.mp4,868,28.962266666666668,29.97002997002997,295,2,traffic_signs,0.8697074055671692,2311.085693359375,1176.9765625,2373.3583984375,1235.5556640625,2342.2220458984375,1206.26611328125,62.272705078125,58.5791015625
IMG_0050.mp4,868,28.962266666666668,29.97002997002997,304,2,traffic_signs,0.9368596076965332,1305.46484375,811.2236328125,1507.4061279296875,1000.5673217773438,1406.4354858398438,905.8954772949219,201.9412841796875,189.34368896484375
IMG_0050.mp4,868,28.962266666666668,29.97002997002997,307,2,traffic_signs,0.9500287771224976,233.33798217773438,315.7234191894531,507.32879638671875,631.8568725585938,370.33338928222656,473.79014587402344,273.9908142089844,316.1334533691406
IMG_0050.mp4,868,28.962266666666668,29.97002997002997,308,1,traffic_lights,0.7363748550415039,1016.1608276367188,225.59173583984375,2139.572509765625,1293.1009521484375,1577.8666687011719,759.3463439941406,1123.4116821289062,1067.5092163085938
IMG_0050.mp4,868,28.962266666666668,29.97002997002997,309,2,traffic_signs,0.8012924194335938,1586.382080078125,1122.54736328125,1679.49560546875,1244.517822265625,1632.9388427734375,1183.5325927734375,93.113525390625,121.970458984375
IMG_0050.mp4,869,28.995633333333334,29.97002997002997,274,2,traffic_signs,0.9120010733604431,2418.09033203125,1226.5428466796875,2485.18896484375,1295.5533447265625,2451.6396484375,1261.048095703125,67.0986328125,69.010498046875
IMG_0050.mp4,869,28.995633333333334,29.97002997002997,295,2,traffic_signs,0.7787379026412964,2321.779052734375,1177.6693115234375,2384.539306640625,1234.2266845703125,2353.1591796875,1205.947998046875,62.76025390625,56.557373046875
IMG_0050.mp4,869,28.995633333333334,29.97002997002997,304,2,traffic_signs,0.9334874749183655,1313.863037109375,809.6582641601562,1516.0196533203125,1000.7373657226562,1414.9413452148438,905.1978149414062,202.1566162109375,191.0791015625
IMG_0050.mp4,869,28.995633333333334,29.97002997002997,307,2,traffic_signs,0.9507777094841003,233.11196899414062,310.2832336425781,511.62109375,630.2515869140625,372.3665313720703,470.2674102783203,278.5091247558594,319.9683532714844
IMG_0050.mp4,869,28.995633333333334,29.97002997002997,308,1,traffic_lights,0.8099414110183716,1028.931396484375,224.02793884277344,2136.26953125,1294.408935546875,1582.6004638671875,759.2184371948242,1107.338134765625,1070.3809967041016
IMG_0050.mp4,869,28.995633333333334,29.97002997002997,309,2,traffic_signs,0.5988225340843201,1599.09326171875,1120.4686279296875,1690.957275390625,1246.6748046875,1645.0252685546875,1183.5717163085938,91.864013671875,126.2061767578125
IMG_0050.mp4,870,29.029,29.97002997002997,274,2,traffic_signs,0.8929360508918762,2432.37939453125,1227.2769775390625,2500.021728515625,1297.443359375,2466.2005615234375,1262.3601684570312,67.642333984375,70.1663818359375
IMG_0050.mp4,870,29.029,29.97002997002997,295,2,traffic_signs,0.6375096440315247,2337.215576171875,1176.7457275390625,2400.89453125,1234.2113037109375,2369.0550537109375,1205.478515625,63.678955078125,57.465576171875
IMG_0050.mp4,870,29.029,29.97002997002997,304,2,traffic_signs,0.9308995604515076,1322.428955078125,806.7623291015625,1522.9749755859375,1000.475830078125,1422.7019653320312,903.6190795898438,200.5460205078125,193.7135009765625
IMG_0050.mp4,870,29.029,29.97002997002997,307,2,traffic_signs,0.9606642723083496,229.13612365722656,302.154541015625,512.4921264648438,627.0382080078125,370.81412506103516,464.59637451171875,283.3560028076172,324.8836669921875
IMG_0050.mp4,870,29.029,29.97002997002997,308,1,traffic_lights,0.7612161636352539,1025.71728515625,223.21629333496094,2181.9375,1298.651611328125,1603.827392578125,760.933952331543,1156.22021484375,1075.435317993164
IMG_0050.mp4,870,29.029,29.97002997002997,309,2,traffic_signs,0.8067014217376709,1613.0050048828125,1122.5789794921875,1703.8360595703125,1246.2396240234375,1658.4205322265625,1184.4093017578125,90.8310546875,123.66064453125
IMG_0050.mp4,870,29.029,29.97002997002997,315,2,traffic_signs,0.48074764013290405,2338.768798828125,1177.0648193359375,2402.43115234375,1235.96484375,2370.5999755859375,1206.5148315429688,63.662353515625,58.9000244140625
IMG_0050.mp4,871,29.062366666666666,29.97002997002997,274,2,traffic_signs,0.9154999852180481,2446.856689453125,1228.5340576171875,2515.8974609375,1297.7135009765625,2481.3770751953125,1263.123779296875,69.040771484375,69.179443359375
IMG_0050.mp4,871,29.062366666666666,29.97002997002997,304,2,traffic_signs,0.9324135780334473,1328.3780517578125,804.5420532226562,1529.5792236328125,999.9449462890625,1428.9786376953125,902.2434997558594,201.201171875,195.40289306640625
IMG_0050.mp4,871,29.062366666666666,29.97002997002997,307,2,traffic_signs,0.6367213726043701,226.15927124023438,295.9686584472656,513.8169555664062,623.538818359375,369.9881134033203,459.7537384033203,287.6576843261719,327.5701599121094
IMG_0050.mp4,871,29.062366666666666,29.97002997002997,308,1,traffic_lights,0.7755117416381836,1020.9874267578125,225.6139678955078,2186.593505859375,1299.3284912109375,1603.7904663085938,762.4712295532227,1165.6060791015625,1073.7145233154297
IMG_0050.mp4,871,29.062366666666666,29.97002997002997,309,2,traffic_signs,0.7444846034049988,1624.762939453125,1121.6563720703125,1713.7579345703125,1248.76904296875,1669.2604370117188,1185.2127075195312,88.9949951171875,127.1126708984375
IMG_0050.mp4,871,29.062366666666666,29.97002997002997,316,2,traffic_signs,0.8537563681602478,564.8681030273438,1015.2250366210938,636.1338500976562,1085.077880859375,600.5009765625,1050.1514587402344,71.2657470703125,69.85284423828125
IMG_0050.mp4,872,29.095733333333335,29.97002997002997,274,2,traffic_signs,0.9075976014137268,2461.404541015625,1229.33203125,2530.762451171875,1298.3448486328125,2496.08349609375,1263.8384399414062,69.35791015625,69.0128173828125
IMG_0050.mp4,872,29.095733333333335,29.97002997002997,304,2,traffic_signs,0.9366555213928223,1336.58154296875,802.0514526367188,1537.6011962890625,998.9276733398438,1437.0913696289062,900.4895629882812,201.0196533203125,196.876220703125
IMG_0050.mp4,872,29.095733333333335,29.97002997002997,307,2,traffic_signs,0.9416074156761169,225.4113006591797,289.5850524902344,515.6703491210938,621.764404296875,370.5408248901367,455.6747283935547,290.25904846191406,332.1793518066406
IMG_0050.mp4,872,29.095733333333335,29.97002997002997,309,2,traffic_signs,0.8004026412963867,1636.8013916015625,1123.4285888671875,1724.727783203125,1248.998291015625,1680.7645874023438,1186.2134399414062,87.9263916015625,125.5697021484375
IMG_0050.mp4,872,29.095733333333335,29.97002997002997,316,2,traffic_signs,0.777666449546814,579.0991821289062,1019.7235717773438,653.4461669921875,1086.9713134765625,616.2726745605469,1053.3474426269531,74.34698486328125,67.24774169921875
IMG_0050.mp4,872,29.095733333333335,29.97002997002997,295,2,traffic_signs,0.8548151850700378,2364.3388671875,1177.5155029296875,2428.994873046875,1233.1107177734375,2396.6668701171875,1205.3131103515625,64.656005859375,55.59521484375
IMG_0050.mp4,873,29.1291,29.97002997002997,274,2,traffic_signs,0.8972763419151306,2475.616943359375,1229.040283203125,2545.428466796875,1298.3463134765625,2510.522705078125,1263.6932983398438,69.8115234375,69.3060302734375
IMG_0050.mp4,873,29.1291,29.97002997002997,304,2,traffic_signs,0.9338418841362,1342.8455810546875,799.921142578125,1544.369384765625,996.4881591796875,1443.6074829101562,898.2046508789062,201.5238037109375,196.5670166015625
IMG_0050.mp4,873,29.1291,29.97002997002997,307,2,traffic_signs,0.9284850358963013,219.21409606933594,284.42791748046875,517.0692749023438,618.04638671875,368.14168548583984,451.2371520996094,297.8551788330078,333.61846923828125
IMG_0050.mp4,873,29.1291,29.97002997002997,309,2,traffic_signs,0.6847066283226013,1650.7296142578125,1126.2991943359375,1736.3587646484375,1249.1796875,1693.544189453125,1187.7394409179688,85.629150390625,122.8804931640625
IMG_0050.mp4,873,29.1291,29.97002997002997,316,2,traffic_signs,0.8205821514129639,595.8145141601562,1022.5985717773438,667.9036865234375,1089.15380859375,631.8591003417969,1055.8761901855469,72.08917236328125,66.55523681640625
IMG_0050.mp4,873,29.1291,29.97002997002997,295,2,traffic_signs,0.879565417766571,2378.21728515625,1177.0692138671875,2441.9912109375,1235.87255859375,2410.104248046875,1206.4708862304688,63.77392578125,58.8033447265625
IMG_0050.mp4,873,29.1291,29.97002997002997,308,1,traffic_lights,0.6729496717453003,1083.2340087890625,226.14251708984375,2219.185791015625,1292.851318359375,1651.2098999023438,759.4969177246094,1135.9517822265625,1066.7088012695312
IMG_0050.mp4,874,29.162466666666667,29.97002997002997,274,2,traffic_signs,0.9142794609069824,2487.905029296875,1228.3223876953125,2560.605712890625,1299.0723876953125,2524.25537109375,1263.6973876953125,72.70068359375,70.75
IMG_0050.mp4,874,29.162466666666667,29.97002997002997,304,2,traffic_signs,0.9295265674591064,1348.5106201171875,796.7884521484375,1552.0491943359375,993.3275756835938,1450.2799072265625,895.0580139160156,203.53857421875,196.53912353515625
IMG_0050.mp4,874,29.162466666666667,29.97002997002997,307,2,traffic_signs,0.9271029233932495,209.20474243164062,278.2369689941406,517.1063842773438,613.5402221679688,363.1555633544922,445.8885955810547,307.9016418457031,335.3032531738281
IMG_0050.mp4,874,29.162466666666667,29.97002997002997,309,2,traffic_signs,0.8213365077972412,1659.5496826171875,1126.8587646484375,1747.9361572265625,1249.4697265625,1703.742919921875,1188.1642456054688,88.386474609375,122.6109619140625
IMG_0050.mp4,874,29.162466666666667,29.97002997002997,316,2,traffic_signs,0.5367836356163025,610.6035766601562,1023.9677124023438,681.919189453125,1090.290771484375,646.2613830566406,1057.1292419433594,71.31561279296875,66.32305908203125
IMG_0050.mp4,874,29.162466666666667,29.97002997002997,295,2,traffic_signs,0.8459022641181946,2390.1337890625,1176.9862060546875,2453.7626953125,1234.9852294921875,2421.9482421875,1205.9857177734375,63.62890625,57.9990234375
IMG_0050.mp4,874,29.162466666666667,29.97002997002997,308,1,traffic_lights,0.5849522948265076,1100.247802734375,227.2786102294922,2256.6884765625,1295.7257080078125,1678.4681396484375,761.5021591186523,1156.440673828125,1068.4470977783203
IMG_0050.mp4,875,29.195833333333333,29.97002997002997,274,2,traffic_signs,0.8996596932411194,2502.7314453125,1228.2745361328125,2575.634765625,1299.90478515625,2539.18310546875,1264.0896606445312,72.9033203125,71.6302490234375
IMG_0050.mp4,875,29.195833333333333,29.97002997002997,304,2,traffic_signs,0.9376752972602844,1353.6417236328125,793.6644287109375,1560.269287109375,991.9609985351562,1456.9555053710938,892.8127136230469,206.6275634765625,198.29656982421875
IMG_0050.mp4,875,29.195833333333333,29.97002997002997,307,2,traffic_signs,0.9194736480712891,204.92434692382812,271.8575134277344,517.8054809570312,608.1149291992188,361.3649139404297,439.98622131347656,312.8811340332031,336.2574157714844
IMG_0050.mp4,875,29.195833333333333,29.97002997002997,309,2,traffic_signs,0.8433582782745361,1668.6348876953125,1125.076904296875,1759.4677734375,1250.989501953125,1714.0513305664062,1188.033203125,90.8328857421875,125.91259765625
IMG_0050.mp4,875,29.195833333333333,29.97002997002997,316,2,traffic_signs,0.35207971930503845,626.5068359375,1025.946044921875,698.2946166992188,1092.343017578125,662.4007263183594,1059.14453125,71.78778076171875,66.39697265625
IMG_0050.mp4,875,29.195833333333333,29.97002997002997,295,2,traffic_signs,0.859941840171814,2404.772705078125,1177.9384765625,2470.328857421875,1237.7310791015625,2437.55078125,1207.8347778320312,65.55615234375,59.7926025390625
IMG_0050.mp4,875,29.195833333333333,29.97002997002997,308,1,traffic_lights,0.6298245787620544,1096.287109375,231.3325958251953,2243.682861328125,1297.0345458984375,1669.9849853515625,764.1835708618164,1147.395751953125,1065.7019500732422
IMG_0050.mp4,876,29.229200000000002,29.97002997002997,274,2,traffic_signs,0.9078284502029419,2515.90478515625,1228.0377197265625,2589.539306640625,1300.3546142578125,2552.7220458984375,1264.1961669921875,73.634521484375,72.31689453125
IMG_0050.mp4,876,29.229200000000002,29.97002997002997,304,2,traffic_signs,0.9239152073860168,1358.5855712890625,790.5960693359375,1566.2916259765625,990.4283447265625,1462.4385986328125,890.51220703125,207.7060546875,199.832275390625
IMG_0050.mp4,876,29.229200000000002,29.97002997002997,307,2,traffic_signs,0.9387199282646179,201.72360229492188,266.18841552734375,517.447021484375,603.00927734375,359.58531188964844,434.5988464355469,315.7234191894531,336.82086181640625
IMG_0050.mp4,876,29.229200000000002,29.97002997002997,309,2,traffic_signs,0.581983745098114,1676.56005859375,1123.9468994140625,1767.6868896484375,1254.175048828125,1722.1234741210938,1189.0609741210938,91.1268310546875,130.2281494140625
IMG_0050.mp4,876,29.229200000000002,29.97002997002997,316,2,traffic_signs,0.797546923160553,641.9815063476562,1026.0791015625,712.1029663085938,1095.3453369140625,677.042236328125,1060.7122192382812,70.1214599609375,69.2662353515625
IMG_0050.mp4,876,29.229200000000002,29.97002997002997,295,2,traffic_signs,0.8508733510971069,2417.814208984375,1178.634765625,2483.7548828125,1237.4090576171875,2450.7845458984375,1208.0219116210938,65.940673828125,58.7742919921875
IMG_0050.mp4,876,29.229200000000002,29.97002997002997,308,1,traffic_lights,0.726506233215332,1080.896240234375,236.84051513671875,2246.346923828125,1298.7139892578125,1663.62158203125,767.7772521972656,1165.45068359375,1061.8734741210938
IMG_0050.mp4,877,29.262566666666668,29.97002997002997,274,2,traffic_signs,0.9051507711410522,2529.245361328125,1229.913818359375,2603.67578125,1301.6392822265625,2566.4605712890625,1265.7765502929688,74.430419921875,71.7254638671875
IMG_0050.mp4,877,29.262566666666668,29.97002997002997,304,2,traffic_signs,0.9237027168273926,1366.3492431640625,787.9840087890625,1573.4559326171875,989.853515625,1469.902587890625,888.9187622070312,207.106689453125,201.8695068359375
IMG_0050.mp4,877,29.262566666666668,29.97002997002997,307,2,traffic_signs,0.9368395805358887,197.3579559326172,254.278564453125,518.2644653320312,599.103759765625,357.8112106323242,426.691162109375,320.90650939941406,344.8251953125
IMG_0050.mp4,877,29.262566666666668,29.97002997002997,309,2,traffic_signs,0.7577391862869263,1689.08544921875,1126.1719970703125,1778.153564453125,1254.22705078125,1733.6195068359375,1190.1995239257812,89.068115234375,128.0550537109375
IMG_0050.mp4,877,29.262566666666668,29.97002997002997,316,2,traffic_signs,0.41205519437789917,656.161376953125,1028.6812744140625,727.875732421875,1096.9730224609375,692.0185546875,1062.8271484375,71.71435546875,68.291748046875
IMG_0050.mp4,877,29.262566666666668,29.97002997002997,295,2,traffic_signs,0.8523803949356079,2430.604736328125,1178.988525390625,2496.47802734375,1238.87890625,2463.5413818359375,1208.9337158203125,65.873291015625,59.890380859375
IMG_0050.mp4,877,29.262566666666668,29.97002997002997,308,1,traffic_lights,0.8102157711982727,1065.1798095703125,239.48007202148438,2224.12451171875,1301.300048828125,1644.6521606445312,770.3900604248047,1158.9447021484375,1061.8199768066406
IMG_0050.mp4,878,29.295933333333334,29.97002997002997,274,2,traffic_signs,0.9118146300315857,2545.368408203125,1230.7576904296875,2618.56689453125,1301.96142578125,2581.9676513671875,1266.3595581054688,73.198486328125,71.2037353515625
IMG_0050.mp4,878,29.295933333333334,29.97002997002997,304,2,traffic_signs,0.9327902793884277,1372.755859375,785.2916870117188,1580.98583984375,988.1344604492188,1476.870849609375,886.7130737304688,208.22998046875,202.8427734375
IMG_0050.mp4,878,29.295933333333334,29.97002997002997,307,2,traffic_signs,0.9378916621208191,191.4993133544922,246.06210327148438,517.7055053710938,593.8735961914062,354.60240936279297,419.9678497314453,326.20619201660156,347.8114929199219
IMG_0050.mp4,878,29.295933333333334,29.97002997002997,309,2,traffic_signs,0.7101581692695618,1701.6190185546875,1126.367431640625,1790.467041015625,1254.1617431640625,1746.0430297851562,1190.2645874023438,88.8480224609375,127.7943115234375
IMG_0050.mp4,878,29.295933333333334,29.97002997002997,316,2,traffic_signs,0.8358931541442871,671.1146850585938,1031.112060546875,742.7345581054688,1098.2376708984375,706.9246215820312,1064.6748657226562,71.619873046875,67.1256103515625
IMG_0050.mp4,878,29.295933333333334,29.97002997002997,295,2,traffic_signs,0.8678187131881714,2444.72314453125,1179.1968994140625,2510.413818359375,1237.1793212890625,2477.5684814453125,1208.1881103515625,65.690673828125,57.982421875
IMG_0050.mp4,878,29.295933333333334,29.97002997002997,308,1,traffic_lights,0.8440431356430054,1077.3878173828125,239.7318572998047,2232.856689453125,1302.36279296875,1655.1222534179688,771.0473251342773,1155.4688720703125,1062.6309356689453
IMG_0050.mp4,879,29.3293,29.97002997002997,274,2,traffic_signs,0.9141702651977539,2559.359130859375,1230.4952392578125,2631.615966796875,1301.9234619140625,2595.487548828125,1266.2093505859375,72.2568359375,71.42822265625
IMG_0050.mp4,879,29.3293,29.97002997002997,304,2,traffic_signs,0.9459561109542847,1376.3740234375,782.1011352539062,1586.7412109375,985.7843627929688,1481.5576171875,883.9427490234375,210.3671875,203.6832275390625
IMG_0050.mp4,879,29.3293,29.97002997002997,307,2,traffic_signs,0.9237062931060791,184.61180114746094,235.09463500976562,516.1033935546875,589.1390991210938,350.3575973510742,412.1168670654297,331.49159240722656,354.0444641113281
IMG_0050.mp4,879,29.3293,29.97002997002997,309,2,traffic_signs,0.3833010494709015,1713.3848876953125,1128.8516845703125,1800.3824462890625,1253.7271728515625,1756.8836669921875,1191.2894287109375,86.99755859375,124.87548828125
IMG_0050.mp4,879,29.3293,29.97002997002997,316,2,traffic_signs,0.8246402144432068,686.107666015625,1031.56005859375,755.7474365234375,1099.6708984375,720.9275512695312,1065.615478515625,69.6397705078125,68.11083984375
IMG_0050.mp4,879,29.3293,29.97002997002997,295,2,traffic_signs,0.862241268157959,2457.53564453125,1179.7244873046875,2524.224365234375,1237.8504638671875,2490.8800048828125,1208.7874755859375,66.688720703125,58.1259765625
IMG_0050.mp4,879,29.3293,29.97002997002997,308,1,traffic_lights,0.859545886516571,1094.24560546875,235.55355834960938,2231.704833984375,1297.6912841796875,1662.9752197265625,766.6224212646484,1137.459228515625,1062.1377258300781
IMG_0050.mp4,880,29.362666666666666,29.97002997002997,274,2,traffic_signs,0.8932877779006958,2574.432373046875,1230.296875,2647.99755859375,1303.30029296875,2611.2149658203125,1266.798583984375,73.565185546875,73.00341796875
IMG_0050.mp4,880,29.362666666666666,29.97002997002997,304,2,traffic_signs,0.9366844892501831,1382.9490966796875,778.5986938476562,1594.45947265625,982.11767578125,1488.7042846679688,880.3581848144531,211.5103759765625,203.51898193359375
IMG_0050.mp4,880,29.362666666666666,29.97002997002997,307,2,traffic_signs,0.8278564214706421,179.5717315673828,228.50860595703125,516.048583984375,584.9757080078125,347.8101577758789,406.7421569824219,336.4768524169922,356.46710205078125
IMG_0050.mp4,880,29.362666666666666,29.97002997002997,309,2,traffic_signs,0.6833284497261047,1722.4248046875,1127.4573974609375,1810.66845703125,1255.9764404296875,1766.546630859375,1191.7169189453125,88.24365234375,128.51904296875
IMG_0050.mp4,880,29.362666666666666,29.97002997002997,316,2,traffic_signs,0.6743186116218567,700.0252685546875,1031.8115234375,769.364501953125,1100.9398193359375,734.6948852539062,1066.3756713867188,69.3392333984375,69.1282958984375
IMG_0050.mp4,880,29.362666666666666,29.97002997002997,295,2,traffic_signs,0.8476855158805847,2472.398193359375,1180.321044921875,2538.962158203125,1239.43896484375,2505.68017578125,1209.8800048828125,66.56396484375,59.117919921875
IMG_0050.mp4,880,29.362666666666666,29.97002997002997,308,1,traffic_lights,0.8074741363525391,1094.99951171875,234.42393493652344,2243.669677734375,1304.2657470703125,1669.3345947265625,769.344841003418,1148.670166015625,1069.841812133789
IMG_0050.mp4,881,29.396033333333335,29.97002997002997,274,2,traffic_signs,0.9166146516799927,2589.203369140625,1230.365966796875,2663.98779296875,1304.0828857421875,2626.5955810546875,1267.2244262695312,74.784423828125,73.7169189453125
IMG_0050.mp4,881,29.396033333333335,29.97002997002997,304,2,traffic_signs,0.935430645942688,1389.3238525390625,774.74462890625,1599.8836669921875,979.6220092773438,1494.603759765625,877.1833190917969,210.559814453125,204.87738037109375
IMG_0050.mp4,881,29.396033333333335,29.97002997002997,307,2,traffic_signs,0.6317422986030579,170.6269989013672,223.47747802734375,513.46630859375,577.9810180664062,342.0466537475586,400.729248046875,342.8393096923828,354.5035400390625
IMG_0050.mp4,881,29.396033333333335,29.97002997002997,309,2,traffic_signs,0.7136565446853638,1731.515625,1130.1134033203125,1822.0313720703125,1255.864990234375,1776.7734985351562,1192.9891967773438,90.5157470703125,125.7515869140625
IMG_0050.mp4,881,29.396033333333335,29.97002997002997,316,2,traffic_signs,0.790759801864624,713.7286376953125,1032.1676025390625,780.282470703125,1102.0408935546875,747.0055541992188,1067.104248046875,66.5538330078125,69.873291015625
IMG_0050.mp4,881,29.396033333333335,29.97002997002997,295,2,traffic_signs,0.843268632888794,2486.726318359375,1180.5836181640625,2550.736083984375,1239.3779296875,2518.731201171875,1209.9807739257812,64.009765625,58.7943115234375
IMG_0050.mp4,881,29.396033333333335,29.97002997002997,321,2,traffic_signs,0.5711678266525269,1066.13916015625,1151.282958984375,1103.6966552734375,1178.1038818359375,1084.9179077148438,1164.6934204101562,37.5574951171875,26.8209228515625
IMG_0050.mp4,882,29.4294,29.97002997002997,274,2,traffic_signs,0.9067587852478027,2600.5419921875,1231.4840087890625,2676.871826171875,1305.050537109375,2638.7069091796875,1268.2672729492188,76.329833984375,73.5665283203125
IMG_0050.mp4,882,29.4294,29.97002997002997,304,2,traffic_signs,0.9276226758956909,1395.5224609375,772.0375366210938,1604.8616943359375,977.4379272460938,1500.1920776367188,874.7377319335938,209.3392333984375,205.400390625
IMG_0050.mp4,882,29.4294,29.97002997002997,309,2,traffic_signs,0.7777011394500732,1742.75537109375,1130.448974609375,1832.47607421875,1255.9945068359375,1787.61572265625,1193.2217407226562,89.720703125,125.5455322265625
IMG_0050.mp4,882,29.4294,29.97002997002997,316,2,traffic_signs,0.45683664083480835,727.2608642578125,1033.6697998046875,795.224609375,1103.1453857421875,761.2427368164062,1068.4075927734375,67.9637451171875,69.4755859375
IMG_0050.mp4,882,29.4294,29.97002997002997,295,2,traffic_signs,0.8501278758049011,2497.96337890625,1180.3037109375,2564.890625,1240.3787841796875,2531.427001953125,1210.3412475585938,66.92724609375,60.0750732421875
IMG_0050.mp4,882,29.4294,29.97002997002997,321,2,traffic_signs,0.5619974136352539,1078.7467041015625,1150.607177734375,1113.55517578125,1179.5479736328125,1096.1509399414062,1165.0775756835938,34.8084716796875,28.9407958984375
IMG_0050.mp4,882,29.4294,29.97002997002997,308,1,traffic_lights,0.8706238865852356,1137.9844970703125,237.9603271484375,2252.096923828125,1299.5081787109375,1695.0407104492188,768.7342529296875,1114.1124267578125,1061.5478515625
IMG_0050.mp4,883,29.462766666666667,29.97002997002997,274,2,traffic_signs,0.9156297445297241,2616.619873046875,1230.580322265625,2692.626220703125,1305.9788818359375,2654.623046875,1268.2796020507812,76.00634765625,75.3985595703125
IMG_0050.mp4,883,29.462766666666667,29.97002997002997,304,2,traffic_signs,0.9316167831420898,1399.6470947265625,767.652099609375,1612.878173828125,976.4189453125,1506.2626342773438,872.0355224609375,213.2310791015625,208.766845703125
IMG_0050.mp4,883,29.462766666666667,29.97002997002997,309,2,traffic_signs,0.8573112487792969,1752.47802734375,1129.705078125,1843.5150146484375,1256.0748291015625,1797.9965209960938,1192.8899536132812,91.0369873046875,126.3697509765625
IMG_0050.mp4,883,29.462766666666667,29.97002997002997,316,2,traffic_signs,0.6552026271820068,739.9784545898438,1031.1800537109375,808.0638427734375,1104.76416015625,774.0211486816406,1067.9721069335938,68.08538818359375,73.5841064453125
IMG_0050.mp4,883,29.462766666666667,29.97002997002997,295,2,traffic_signs,0.8564184904098511,2512.737548828125,1181.2342529296875,2580.726318359375,1240.9791259765625,2546.73193359375,1211.106689453125,67.98876953125,59.744873046875
IMG_0050.mp4,883,29.462766666666667,29.97002997002997,321,2,traffic_signs,0.5311839580535889,1091.7828369140625,1150.6968994140625,1128.5958251953125,1180.78271484375,1110.1893310546875,1165.7398071289062,36.81298828125,30.0858154296875
IMG_0050.mp4,883,29.462766666666667,29.97002997002997,308,1,traffic_lights,0.8302457332611084,1143.2601318359375,239.12698364257812,2270.282470703125,1301.4775390625,1706.7713012695312,770.3022613525391,1127.0223388671875,1062.3505554199219
IMG_0050.mp4,883,29.462766666666667,29.97002997002997,307,2,traffic_signs,0.49396440386772156,155.6280975341797,204.24005126953125,512.8610229492188,568.535888671875,334.2445602416992,386.3879699707031,357.23292541503906,364.29583740234375
IMG_0050.mp4,884,29.496133333333333,29.97002997002997,274,2,traffic_signs,0.9258614182472229,2630.1005859375,1231.2008056640625,2706.774169921875,1307.1923828125,2668.4373779296875,1269.1965942382812,76.673583984375,75.9915771484375
IMG_0050.mp4,884,29.496133333333333,29.97002997002997,304,2,traffic_signs,0.9282411336898804,1402.8985595703125,764.2839965820312,1618.28857421875,975.3944702148438,1510.5935668945312,869.8392333984375,215.3900146484375,211.1104736328125
IMG_0050.mp4,884,29.496133333333333,29.97002997002997,309,2,traffic_signs,0.8217675685882568,1761.5272216796875,1131.558349609375,1852.795654296875,1256.820068359375,1807.1614379882812,1194.189208984375,91.2684326171875,125.26171875
IMG_0050.mp4,884,29.496133333333333,29.97002997002997,316,2,traffic_signs,0.4962228238582611,753.977783203125,1034.463623046875,818.9470825195312,1105.5582275390625,786.4624328613281,1070.0109252929688,64.96929931640625,71.0946044921875
IMG_0050.mp4,884,29.496133333333333,29.97002997002997,295,2,traffic_signs,0.865917444229126,2526.147216796875,1181.272705078125,2592.6181640625,1242.1353759765625,2559.3826904296875,1211.7040405273438,66.470947265625,60.8626708984375
IMG_0050.mp4,884,29.496133333333333,29.97002997002997,321,2,traffic_signs,0.4913722574710846,1105.2919921875,1150.5404052734375,1140.9403076171875,1182.3609619140625,1123.1161499023438,1166.45068359375,35.6483154296875,31.820556640625
IMG_0050.mp4,884,29.496133333333333,29.97002997002997,308,1,traffic_lights,0.8708220720291138,1147.5208740234375,239.50743103027344,2278.900390625,1306.5982666015625,1713.2106323242188,773.052848815918,1131.3795166015625,1067.090835571289
IMG_0050.mp4,885,29.529500000000002,29.97002997002997,274,2,traffic_signs,0.9320253133773804,2644.521728515625,1230.597412109375,2721.759033203125,1307.887939453125,2683.140380859375,1269.24267578125,77.2373046875,77.29052734375
IMG_0050.mp4,885,29.529500000000002,29.97002997002997,304,2,traffic_signs,0.9279349446296692,1406.8984375,760.556396484375,1624.7138671875,973.3526000976562,1515.80615234375,866.9544982910156,217.8154296875,212.79620361328125
IMG_0050.mp4,885,29.529500000000002,29.97002997002997,309,2,traffic_signs,0.8318768739700317,1771.2584228515625,1130.8287353515625,1861.107177734375,1257.0716552734375,1816.1828002929688,1193.9501953125,89.8487548828125,126.242919921875
IMG_0050.mp4,885,29.529500000000002,29.97002997002997,316,2,traffic_signs,0.3978520333766937,765.9302368164062,1035.2606201171875,832.6322021484375,1106.1785888671875,799.2812194824219,1070.7196044921875,66.70196533203125,70.91796875
IMG_0050.mp4,885,29.529500000000002,29.97002997002997,295,2,traffic_signs,0.8734418749809265,2538.397216796875,1181.377197265625,2605.686767578125,1240.379150390625,2572.0419921875,1210.878173828125,67.28955078125,59.001953125
IMG_0050.mp4,885,29.529500000000002,29.97002997002997,321,2,traffic_signs,0.2884461581707001,1116.8516845703125,1153.89111328125,1153.9423828125,1184.225341796875,1135.3970336914062,1169.0582275390625,37.0906982421875,30.334228515625
IMG_0050.mp4,885,29.529500000000002,29.97002997002997,308,1,traffic_lights,0.9046043753623962,1158.74609375,235.6943817138672,2285.101318359375,1303.8953857421875,1721.9237060546875,769.7948837280273,1126.355224609375,1068.2010040283203
IMG_0050.mp4,885,29.529500000000002,29.97002997002997,307,2,traffic_signs,0.2945134937763214,145.11203002929688,186.0851287841797,506.1624755859375,556.4664306640625,325.6372528076172,371.2757797241211,361.0504455566406,370.3813018798828
IMG_0050.mp4,886,29.562866666666668,29.97002997002997,274,2,traffic_signs,0.942927896976471,2659.06689453125,1230.6361083984375,2735.468505859375,1308.364990234375,2697.2677001953125,1269.5005493164062,76.401611328125,77.7288818359375
IMG_0050.mp4,886,29.562866666666668,29.97002997002997,304,2,traffic_signs,0.931526780128479,1412.561279296875,757.2019653320312,1629.8433837890625,970.5913696289062,1521.2023315429688,863.8966674804688,217.2821044921875,213.389404296875
IMG_0050.mp4,886,29.562866666666668,29.97002997002997,309,2,traffic_signs,0.7705084681510925,1780.116943359375,1132.7138671875,1872.2049560546875,1258.1519775390625,1826.1609497070312,1195.4329223632812,92.0880126953125,125.4381103515625
IMG_0050.mp4,886,29.562866666666668,29.97002997002997,316,2,traffic_signs,0.6478297710418701,779.4291381835938,1038.2857666015625,845.8196411132812,1107.6986083984375,812.6243896484375,1072.9921875,66.3905029296875,69.412841796875
IMG_0050.mp4,886,29.562866666666668,29.97002997002997,295,2,traffic_signs,0.8841935992240906,2552.123046875,1180.7301025390625,2620.681884765625,1240.7047119140625,2586.4024658203125,1210.7174072265625,68.558837890625,59.974609375
IMG_0050.mp4,886,29.562866666666668,29.97002997002997,321,2,traffic_signs,0.4871104061603546,1129.332763671875,1154.0469970703125,1164.2999267578125,1185.454345703125,1146.8163452148438,1169.7506713867188,34.9671630859375,31.4073486328125
IMG_0050.mp4,886,29.562866666666668,29.97002997002997,308,1,traffic_lights,0.9089725613594055,1162.7445068359375,234.13369750976562,2290.1904296875,1307.190673828125,1726.4674682617188,770.6621856689453,1127.4459228515625,1073.0569763183594
IMG_0050.mp4,887,29.596233333333334,29.97002997002997,274,2,traffic_signs,0.9128355383872986,2674.180908203125,1234.21875,2748.11572265625,1308.6302490234375,2711.1483154296875,1271.4244995117188,73.934814453125,74.4114990234375
IMG_0050.mp4,887,29.596233333333334,29.97002997002997,304,2,traffic_signs,0.9396263360977173,1417.1859130859375,753.7794799804688,1634.544677734375,969.3862915039062,1525.8652954101562,861.5828857421875,217.3587646484375,215.6068115234375
IMG_0050.mp4,887,29.596233333333334,29.97002997002997,309,2,traffic_signs,0.7829313278198242,1793.078369140625,1133.8406982421875,1881.631103515625,1258.8382568359375,1837.354736328125,1196.3394775390625,88.552734375,124.99755859375
IMG_0050.mp4,887,29.596233333333334,29.97002997002997,316,2,traffic_signs,0.6582176089286804,793.1011352539062,1039.265625,857.0783081054688,1110.38720703125,825.0897216796875,1074.826416015625,63.9771728515625,71.12158203125
IMG_0050.mp4,887,29.596233333333334,29.97002997002997,295,2,traffic_signs,0.8661386966705322,2564.220703125,1180.8536376953125,2632.58447265625,1241.0689697265625,2598.402587890625,1210.9613037109375,68.36376953125,60.21533203125
IMG_0050.mp4,887,29.596233333333334,29.97002997002997,321,2,traffic_signs,0.29914209246635437,1142.3795166015625,1154.2822265625,1176.977294921875,1186.252197265625,1159.6784057617188,1170.2672119140625,34.5977783203125,31.969970703125
IMG_0050.mp4,887,29.596233333333334,29.97002997002997,308,1,traffic_lights,0.93996262550354,1178.7540283203125,238.27540588378906,2301.823974609375,1307.6993408203125,1740.2890014648438,772.9873733520508,1123.0699462890625,1069.4239349365234
IMG_0050.mp4,888,29.6296,29.97002997002997,274,2,traffic_signs,0.9335625171661377,2687.924560546875,1232.2447509765625,2764.094482421875,1309.6866455078125,2726.009521484375,1270.9656982421875,76.169921875,77.44189453125
IMG_0050.mp4,888,29.6296,29.97002997002997,304,2,traffic_signs,0.94118332862854,1421.392578125,749.3760375976562,1639.8887939453125,965.069091796875,1530.6406860351562,857.2225646972656,218.4962158203125,215.69305419921875
IMG_0050.mp4,888,29.6296,29.97002997002997,309,2,traffic_signs,0.5888242125511169,1805.2314453125,1135.5445556640625,1893.5653076171875,1258.4100341796875,1849.3983764648438,1196.977294921875,88.3338623046875,122.865478515625
IMG_0050.mp4,888,29.6296,29.97002997002997,316,2,traffic_signs,0.7081414461135864,803.4232788085938,1040.8638916015625,866.793701171875,1110.5902099609375,835.1084899902344,1075.72705078125,63.37042236328125,69.726318359375
IMG_0050.mp4,888,29.6296,29.97002997002997,295,2,traffic_signs,0.8591844439506531,2578.4580078125,1180.9144287109375,2644.777099609375,1240.6085205078125,2611.6175537109375,1210.761474609375,66.319091796875,59.694091796875
IMG_0050.mp4,888,29.6296,29.97002997002997,321,2,traffic_signs,0.6187505125999451,1152.33203125,1153.9537353515625,1187.47900390625,1186.7684326171875,1169.905517578125,1170.361083984375,35.14697265625,32.814697265625
IMG_0050.mp4,888,29.6296,29.97002997002997,308,1,traffic_lights,0.9039945006370544,1198.0247802734375,234.144775390625,2320.231689453125,1310.34619140625,1759.1282348632812,772.2454833984375,1122.2069091796875,1076.201416015625
IMG_0050.mp4,889,29.662966666666666,29.97002997002997,274,2,traffic_signs,0.9168142080307007,2701.98095703125,1232.126708984375,2778.8359375,1310.3399658203125,2740.408447265625,1271.2333374023438,76.85498046875,78.2132568359375
IMG_0050.mp4,889,29.662966666666666,29.97002997002997,304,2,traffic_signs,0.9370253682136536,1425.1805419921875,743.7733154296875,1644.9908447265625,962.4605712890625,1535.085693359375,853.116943359375,219.810302734375,218.687255859375
IMG_0050.mp4,889,29.662966666666666,29.97002997002997,309,2,traffic_signs,0.8072968125343323,1814.446044921875,1135.2576904296875,1901.88623046875,1258.3760986328125,1858.1661376953125,1196.81689453125,87.440185546875,123.118408203125
IMG_0050.mp4,889,29.662966666666666,29.97002997002997,316,2,traffic_signs,0.6232845783233643,817.0272216796875,1042.47900390625,874.7974853515625,1111.819580078125,845.912353515625,1077.1492919921875,57.770263671875,69.340576171875
IMG_0050.mp4,889,29.662966666666666,29.97002997002997,295,2,traffic_signs,0.8500338792800903,2592.677734375,1181.4559326171875,2659.599853515625,1242.8963623046875,2626.1387939453125,1212.1761474609375,66.922119140625,61.4404296875
IMG_0050.mp4,889,29.662966666666666,29.97002997002997,321,2,traffic_signs,0.33458539843559265,1165.0479736328125,1156.247314453125,1202.23388671875,1188.5950927734375,1183.6409301757812,1172.4212036132812,37.1859130859375,32.3477783203125
IMG_0050.mp4,889,29.662966666666666,29.97002997002997,308,1,traffic_lights,0.8634898662567139,1220.3765869140625,228.94967651367188,2329.0595703125,1313.888916015625,1774.7180786132812,771.4192962646484,1108.6829833984375,1084.9392395019531
IMG_0050.mp4,890,29.696333333333335,29.97002997002997,274,2,traffic_signs,0.840969443321228,2715.478759765625,1233.018798828125,2792.617431640625,1310.0543212890625,2754.048095703125,1271.5365600585938,77.138671875,77.0355224609375
IMG_0050.mp4,890,29.696333333333335,29.97002997002997,304,2,traffic_signs,0.9251524806022644,1428.9256591796875,739.658447265625,1649.4169921875,957.0492553710938,1539.1713256835938,848.3538513183594,220.4913330078125,217.39080810546875
IMG_0050.mp4,890,29.696333333333335,29.97002997002997,309,2,traffic_signs,0.85105961561203,1822.1468505859375,1134.46044921875,1908.66064453125,1258.36474609375,1865.4037475585938,1196.41259765625,86.5137939453125,123.904296875
IMG_0050.mp4,890,29.696333333333335,29.97002997002997,316,2,traffic_signs,0.7398761510848999,827.9261474609375,1043.7060546875,885.7217407226562,1111.767578125,856.8239440917969,1077.73681640625,57.79559326171875,68.0615234375
IMG_0050.mp4,890,29.696333333333335,29.97002997002997,295,2,traffic_signs,0.8157293796539307,2604.792724609375,1182.1942138671875,2673.25244140625,1245.134521484375,2639.0225830078125,1213.6643676757812,68.459716796875,62.9403076171875
IMG_0050.mp4,890,29.696333333333335,29.97002997002997,321,2,traffic_signs,0.3142756521701813,1176.7510986328125,1156.9903564453125,1210.9766845703125,1189.16259765625,1193.8638916015625,1173.0764770507812,34.2255859375,32.1722412109375
IMG_0050.mp4,890,29.696333333333335,29.97002997002997,308,1,traffic_lights,0.777180016040802,1234.93017578125,225.9696807861328,2337.37158203125,1318.1297607421875,1786.15087890625,772.0497207641602,1102.44140625,1092.1600799560547
IMG_0050.mp4,891,29.7297,29.97002997002997,274,2,traffic_signs,0.9002229571342468,2729.623046875,1235.7802734375,2807.724609375,1310.0260009765625,2768.673828125,1272.9031372070312,78.1015625,74.2457275390625
IMG_0050.mp4,891,29.7297,29.97002997002997,304,2,traffic_signs,0.9151520133018494,1434.483154296875,735.9708251953125,1654.7626953125,952.1287231445312,1544.6229248046875,844.0497741699219,220.279541015625,216.15789794921875
IMG_0050.mp4,891,29.7297,29.97002997002997,309,2,traffic_signs,0.7780619263648987,1830.216796875,1135.4432373046875,1919.637451171875,1259.8748779296875,1874.9271240234375,1197.6590576171875,89.420654296875,124.431640625
IMG_0050.mp4,891,29.7297,29.97002997002997,295,2,traffic_signs,0.8599120378494263,2618.701171875,1182.7706298828125,2688.066162109375,1245.9208984375,2653.3836669921875,1214.3457641601562,69.364990234375,63.1502685546875
IMG_0050.mp4,891,29.7297,29.97002997002997,308,1,traffic_lights,0.5886712670326233,1242.513916015625,224.49867248535156,2352.8505859375,1326.8927001953125,1797.6822509765625,775.695686340332,1110.336669921875,1102.394027709961
IMG_0050.mp4,892,29.763066666666667,29.97002997002997,274,2,traffic_signs,0.9069676995277405,2744.718505859375,1238.086181640625,2822.908935546875,1310.9278564453125,2783.813720703125,1274.5070190429688,78.1904296875,72.8416748046875
IMG_0050.mp4,892,29.763066666666667,29.97002997002997,304,2,traffic_signs,0.9140269160270691,1438.733154296875,731.395263671875,1659.325927734375,949.0567626953125,1549.029541015625,840.2260131835938,220.5927734375,217.6614990234375
IMG_0050.mp4,892,29.763066666666667,29.97002997002997,309,2,traffic_signs,0.7742249965667725,1840.479736328125,1136.8831787109375,1929.1021728515625,1260.486572265625,1884.7909545898438,1198.6848754882812,88.6224365234375,123.6033935546875
IMG_0050.mp4,892,29.763066666666667,29.97002997002997,295,2,traffic_signs,0.8333386182785034,2630.7099609375,1182.9927978515625,2700.827392578125,1245.577392578125,2665.7686767578125,1214.2850952148438,70.117431640625,62.5845947265625
IMG_0050.mp4,892,29.763066666666667,29.97002997002997,308,1,traffic_lights,0.6385151743888855,1282.166259765625,225.2764129638672,2369.003662109375,1319.21923828125,1825.5849609375,772.2478256225586,1086.83740234375,1093.9428253173828
IMG_0050.mp4,892,29.763066666666667,29.97002997002997,316,2,traffic_signs,0.3436996042728424,850.3973999023438,1046.515869140625,906.062744140625,1112.9129638671875,878.2300720214844,1079.7144165039062,55.66534423828125,66.3970947265625
IMG_0050.mp4,892,29.763066666666667,29.97002997002997,321,2,traffic_signs,0.5923435091972351,1199.4884033203125,1157.3770751953125,1231.486328125,1192.760498046875,1215.4873657226562,1175.0687866210938,31.9979248046875,35.3834228515625
IMG_0050.mp4,893,29.796433333333333,29.97002997002997,274,2,traffic_signs,0.8937342166900635,2759.057373046875,1238.189697265625,2837.5556640625,1311.62744140625,2798.3065185546875,1274.9085693359375,78.498291015625,73.437744140625
IMG_0050.mp4,893,29.796433333333333,29.97002997002997,304,2,traffic_signs,0.45752403140068054,1441.8203125,727.8038330078125,1664.0064697265625,947.3326416015625,1552.9133911132812,837.5682373046875,222.1861572265625,219.52880859375
IMG_0050.mp4,893,29.796433333333333,29.97002997002997,309,2,traffic_signs,0.6606329083442688,1848.5330810546875,1136.412109375,1939.26123046875,1260.2445068359375,1893.8971557617188,1198.3283081054688,90.7281494140625,123.8323974609375
IMG_0050.mp4,893,29.796433333333333,29.97002997002997,295,2,traffic_signs,0.8696766495704651,2643.343017578125,1182.2694091796875,2715.435302734375,1244.316650390625,2679.38916015625,1213.2930297851562,72.09228515625,62.0472412109375
IMG_0050.mp4,893,29.796433333333333,29.97002997002997,308,1,traffic_lights,0.6224679350852966,1303.9407958984375,229.62196350097656,2376.72314453125,1314.693603515625,1840.3319702148438,772.1577835083008,1072.7823486328125,1085.0716400146484
IMG_0050.mp4,894,29.8298,29.97002997002997,274,2,traffic_signs,0.905672550201416,2774.812744140625,1236.1680908203125,2853.187255859375,1311.8421630859375,2814.0,1274.005126953125,78.37451171875,75.674072265625
IMG_0050.mp4,894,29.8298,29.97002997002997,304,2,traffic_signs,0.9354075789451599,1444.8365478515625,723.204833984375,1669.0177001953125,943.9168090820312,1556.9271240234375,833.5608215332031,224.18115234375,220.71197509765625
IMG_0050.mp4,894,29.8298,29.97002997002997,309,2,traffic_signs,0.8340350985527039,1857.8131103515625,1136.6116943359375,1948.8154296875,1260.989990234375,1903.3142700195312,1198.8008422851562,91.0023193359375,124.3782958984375
IMG_0050.mp4,894,29.8298,29.97002997002997,295,2,traffic_signs,0.8640748262405396,2656.82177734375,1182.246826171875,2729.1728515625,1248.362548828125,2692.997314453125,1215.3046875,72.35107421875,66.11572265625
IMG_0050.mp4,894,29.8298,29.97002997002997,308,1,traffic_lights,0.7825762033462524,1330.5302734375,228.73582458496094,2383.6484375,1316.2274169921875,1857.08935546875,772.4816207885742,1053.1181640625,1087.4915924072266
IMG_0050.mp4,894,29.8298,29.97002997002997,321,2,traffic_signs,0.28406834602355957,1223.54833984375,1163.6663818359375,1256.8236083984375,1194.0,1240.1859741210938,1178.8331909179688,33.2752685546875,30.3336181640625
IMG_0050.mp4,895,29.863166666666668,29.97002997002997,274,2,traffic_signs,0.8775237202644348,2788.209228515625,1235.954345703125,2868.064208984375,1312.2901611328125,2828.13671875,1274.1222534179688,79.85498046875,76.3358154296875
IMG_0050.mp4,895,29.863166666666668,29.97002997002997,304,2,traffic_signs,0.9224878549575806,1446.58056640625,718.5906372070312,1672.5196533203125,940.9578247070312,1559.5501098632812,829.7742309570312,225.9390869140625,222.3671875
IMG_0050.mp4,895,29.863166666666668,29.97002997002997,309,2,traffic_signs,0.8384819030761719,1866.3370361328125,1138.0667724609375,1956.110107421875,1261.9398193359375,1911.2235717773438,1200.0032958984375,89.7730712890625,123.873046875
IMG_0050.mp4,895,29.863166666666668,29.97002997002997,295,2,traffic_signs,0.8560804128646851,2669.961669921875,1182.17919921875,2739.779541015625,1247.9622802734375,2704.87060546875,1215.0707397460938,69.81787109375,65.7830810546875
IMG_0050.mp4,895,29.863166666666668,29.97002997002997,308,1,traffic_lights,0.8596683740615845,1347.8236083984375,225.30886840820312,2392.322021484375,1316.208740234375,1870.0728149414062,770.7588043212891,1044.4984130859375,1090.8998718261719
IMG_0050.mp4,895,29.863166666666668,29.97002997002997,323,2,traffic_signs,0.7048762440681458,2571.522216796875,1255.566162109375,2660.38623046875,1305.4765625,2615.9542236328125,1280.5213623046875,88.864013671875,49.910400390625
IMG_0050.mp4,895,29.863166666666668,29.97002997002997,316,2,traffic_signs,0.46211886405944824,884.4354858398438,1051.4771728515625,926.1901245117188,1116.5074462890625,905.3128051757812,1083.9923095703125,41.754638671875,65.0302734375
IMG_0050.mp4,896,29.896533333333334,29.97002997002997,274,2,traffic_signs,0.8694295883178711,2801.48291015625,1235.02685546875,2883.177734375,1312.03369140625,2842.330322265625,1273.5302734375,81.69482421875,77.0068359375
IMG_0050.mp4,896,29.896533333333334,29.97002997002997,304,2,traffic_signs,0.9288584589958191,1449.62060546875,714.076416015625,1676.7855224609375,938.6212768554688,1563.2030639648438,826.3488464355469,227.1649169921875,224.54486083984375
IMG_0050.mp4,896,29.896533333333334,29.97002997002997,309,2,traffic_signs,0.7818266749382019,1872.481201171875,1138.9923095703125,1966.429931640625,1263.8468017578125,1919.45556640625,1201.4195556640625,93.94873046875,124.8544921875
IMG_0050.mp4,896,29.896533333333334,29.97002997002997,295,2,traffic_signs,0.829146683216095,2681.974853515625,1182.3228759765625,2755.195556640625,1249.1019287109375,2718.585205078125,1215.71240234375,73.220703125,66.779052734375
IMG_0050.mp4,896,29.896533333333334,29.97002997002997,308,1,traffic_lights,0.8181343674659729,1362.3092041015625,227.44973754882812,2424.150390625,1322.0999755859375,1893.2297973632812,774.7748565673828,1061.8411865234375,1094.6502380371094
IMG_0050.mp4,896,29.896533333333334,29.97002997002997,323,2,traffic_signs,0.6490709185600281,2579.60791015625,1257.135498046875,2666.654052734375,1305.8323974609375,2623.1309814453125,1281.4839477539062,87.046142578125,48.6968994140625
IMG_0050.mp4,897,29.9299,29.97002997002997,274,2,traffic_signs,0.9051554799079895,2818.59521484375,1235.4488525390625,2899.6064453125,1312.491943359375,2859.100830078125,1273.9703979492188,81.01123046875,77.0430908203125
IMG_0050.mp4,897,29.9299,29.97002997002997,304,2,traffic_signs,0.9324988126754761,1450.95751953125,710.349853515625,1680.3927001953125,936.142333984375,1565.6751098632812,823.24609375,229.4351806640625,225.79248046875
IMG_0050.mp4,897,29.9299,29.97002997002997,309,2,traffic_signs,0.8118453621864319,1882.9791259765625,1139.9031982421875,1975.5191650390625,1263.668701171875,1929.2491455078125,1201.7859497070312,92.5400390625,123.7655029296875
IMG_0050.mp4,897,29.9299,29.97002997002997,295,2,traffic_signs,0.8799788951873779,2696.670654296875,1181.8935546875,2768.336669921875,1247.143798828125,2732.503662109375,1214.5186767578125,71.666015625,65.250244140625
IMG_0050.mp4,897,29.9299,29.97002997002997,308,1,traffic_lights,0.8028339743614197,1356.4051513671875,224.11630249023438,2443.236083984375,1327.949462890625,1899.8206176757812,776.0328826904297,1086.8309326171875,1103.8331604003906
IMG_0050.mp4,897,29.9299,29.97002997002997,321,2,traffic_signs,0.43342259526252747,1254.5692138671875,1167.0301513671875,1284.7086181640625,1197.001220703125,1269.638916015625,1182.0156860351562,30.139404296875,29.9710693359375
IMG_0050.mp4,898,29.963266666666666,29.97002997002997,274,2,traffic_signs,0.7639826536178589,2829.09619140625,1233.18505859375,2914.927490234375,1313.9285888671875,2872.0118408203125,1273.5568237304688,85.831298828125,80.7435302734375
IMG_0050.mp4,898,29.963266666666666,29.97002997002997,304,2,traffic_signs,0.9377354383468628,1453.502197265625,706.326171875,1684.206787109375,932.2638549804688,1568.8544921875,819.2950134277344,230.70458984375,225.93768310546875
IMG_0050.mp4,898,29.963266666666666,29.97002997002997,309,2,traffic_signs,0.8744450211524963,1891.3289794921875,1139.4072265625,1985.5338134765625,1263.4482421875,1938.431396484375,1201.427734375,94.204833984375,124.041015625
IMG_0050.mp4,898,29.963266666666666,29.97002997002997,295,2,traffic_signs,0.8677716255187988,2708.253173828125,1181.7003173828125,2781.248779296875,1246.8548583984375,2744.7509765625,1214.277587890625,72.99560546875,65.154541015625
IMG_0050.mp4,898,29.963266666666666,29.97002997002997,308,1,traffic_lights,0.625575602054596,1361.394775390625,227.06427001953125,2454.97314453125,1328.5570068359375,1908.1839599609375,777.8106384277344,1093.578369140625,1101.4927368164062
IMG_0050.mp4,898,29.963266666666666,29.97002997002997,326,2,traffic_signs,0.61872398853302,1168.369384765625,1110.4439697265625,1224.1390380859375,1172.65673828125,1196.2542114257812,1141.5503540039062,55.7696533203125,62.2127685546875
IMG_0050.mp4,898,29.963266666666666,29.97002997002997,321,2,traffic_signs,0.2984727919101715,1264.9619140625,1168.6575927734375,1298.0682373046875,1199.0340576171875,1281.5150756835938,1183.8458251953125,33.1063232421875,30.37646484375
IMG_0050.mp4,899,29.996633333333335,29.97002997002997,274,2,traffic_signs,0.8976095914840698,2847.096923828125,1235.22998046875,2929.758056640625,1313.96875,2888.427490234375,1274.599365234375,82.6611328125,78.73876953125
IMG_0050.mp4,899,29.996633333333335,29.97002997002997,304,2,traffic_signs,0.9448274374008179,1456.5657958984375,701.6513061523438,1688.545166015625,928.5803833007812,1572.5554809570312,815.1158447265625,231.9793701171875,226.9290771484375
IMG_0050.mp4,899,29.996633333333335,29.97002997002997,309,2,traffic_signs,0.8243517279624939,1902.3831787109375,1140.8084716796875,1994.399658203125,1263.3399658203125,1948.3914184570312,1202.07421875,92.0164794921875,122.531494140625
IMG_0050.mp4,899,29.996633333333335,29.97002997002997,295,2,traffic_signs,0.8549708724021912,2722.0244140625,1182.06689453125,2793.2724609375,1245.4769287109375,2757.6484375,1213.7719116210938,71.248046875,63.4100341796875
IMG_0050.mp4,899,29.996633333333335,29.97002997002997,308,1,traffic_lights,0.6740643382072449,1366.21826171875,230.14865112304688,2461.443115234375,1328.124755859375,1913.8306884765625,779.1367034912109,1095.224853515625,1097.9761047363281
IMG_0050.mp4,900,30.03,29.97002997002997,274,2,traffic_signs,0.8958747982978821,2860.322998046875,1237.755859375,2943.575927734375,1314.437255859375,2901.949462890625,1276.0965576171875,83.2529296875,76.681396484375
IMG_0050.mp4,900,30.03,29.97002997002997,304,2,traffic_signs,0.9458117485046387,1458.1671142578125,696.6903686523438,1691.0289306640625,928.91162109375,1574.5980224609375,812.8009948730469,232.86181640625,232.22125244140625
IMG_0050.mp4,900,30.03,29.97002997002997,309,2,traffic_signs,0.8392742276191711,1911.540771484375,1140.6175537109375,2001.4442138671875,1263.6265869140625,1956.4924926757812,1202.1220703125,89.9034423828125,123.009033203125
IMG_0050.mp4,900,30.03,29.97002997002997,295,2,traffic_signs,0.8522292375564575,2734.27294921875,1182.219970703125,2806.29833984375,1246.256103515625,2770.28564453125,1214.238037109375,72.025390625,64.0361328125
IMG_0050.mp4,900,30.03,29.97002997002997,308,1,traffic_lights,0.7264627814292908,1361.8216552734375,233.0618896484375,2469.53076171875,1326.9864501953125,1915.6762084960938,780.024169921875,1107.7091064453125,1093.924560546875
IMG_0050.mp4,900,30.03,29.97002997002997,323,2,traffic_signs,0.43001094460487366,2626.63916015625,1259.36083984375,2709.104248046875,1308.0701904296875,2667.8717041015625,1283.7155151367188,82.465087890625,48.7093505859375
IMG_0050.mp4,900,30.03,29.97002997002997,326,2,traffic_signs,0.7193335890769958,1186.9644775390625,1112.6488037109375,1243.984375,1173.57080078125,1215.4744262695312,1143.1098022460938,57.0198974609375,60.9219970703125
IMG_0050.mp4,901,30.063366666666667,29.97002997002997,274,2,traffic_signs,0.8741230368614197,2874.40673828125,1237.930419921875,2956.626708984375,1314.158935546875,2915.5167236328125,1276.044677734375,82.219970703125,76.228515625
IMG_0050.mp4,901,30.063366666666667,29.97002997002997,304,2,traffic_signs,0.9473939538002014,1459.9527587890625,691.0977172851562,1694.7454833984375,927.660888671875,1577.34912109375,809.3793029785156,234.792724609375,236.56317138671875
IMG_0050.mp4,901,30.063366666666667,29.97002997002997,309,2,traffic_signs,0.7597006559371948,1918.402587890625,1139.9036865234375,2010.88525390625,1263.9759521484375,1964.6439208984375,1201.9398193359375,92.482666015625,124.072265625
IMG_0050.mp4,901,30.063366666666667,29.97002997002997,295,2,traffic_signs,0.8682324290275574,2746.91845703125,1182.136962890625,2821.278076171875,1246.2156982421875,2784.0982666015625,1214.1763305664062,74.359619140625,64.0787353515625
IMG_0050.mp4,901,30.063366666666667,29.97002997002997,308,1,traffic_lights,0.7920243740081787,1364.810302734375,231.34495544433594,2474.926513671875,1329.453125,1919.868408203125,780.399040222168,1110.1162109375,1098.108169555664
IMG_0050.mp4,901,30.063366666666667,29.97002997002997,326,2,traffic_signs,0.4575064182281494,1195.2021484375,1113.782470703125,1247.150390625,1174.6392822265625,1221.17626953125,1144.2108764648438,51.9482421875,60.8568115234375
IMG_0050.mp4,902,30.096733333333333,29.97002997002997,274,2,traffic_signs,0.8914560675621033,2892.269287109375,1239.0977783203125,2973.136474609375,1314.324462890625,2932.702880859375,1276.7111206054688,80.8671875,75.2266845703125
IMG_0050.mp4,902,30.096733333333333,29.97002997002997,304,2,traffic_signs,0.9433011412620544,1461.736328125,685.576904296875,1697.9884033203125,924.5494995117188,1579.8623657226562,805.0632019042969,236.2520751953125,238.97259521484375
IMG_0050.mp4,902,30.096733333333333,29.97002997002997,309,2,traffic_signs,0.8399803042411804,1927.6380615234375,1140.7823486328125,2018.6143798828125,1265.224365234375,1973.126220703125,1203.0033569335938,90.976318359375,124.4420166015625
IMG_0050.mp4,902,30.096733333333333,29.97002997002997,295,2,traffic_signs,0.8500450849533081,2761.098388671875,1182.2413330078125,2833.785888671875,1247.2823486328125,2797.442138671875,1214.7618408203125,72.6875,65.041015625
IMG_0050.mp4,902,30.096733333333333,29.97002997002997,308,1,traffic_lights,0.6874781847000122,1362.295166015625,226.56407165527344,2488.520263671875,1338.6414794921875,1925.40771484375,782.6027755737305,1126.22509765625,1112.077407836914
IMG_0050.mp4,902,30.096733333333333,29.97002997002997,326,2,traffic_signs,0.4299311339855194,1206.646728515625,1114.552734375,1259.00830078125,1175.6748046875,1232.8275146484375,1145.11376953125,52.361572265625,61.1220703125
IMG_0050.mp4,902,30.096733333333333,29.97002997002997,323,2,traffic_signs,0.29347604513168335,2652.73828125,1260.72509765625,2740.236083984375,1309.5234375,2696.4871826171875,1285.124267578125,87.497802734375,48.79833984375
IMG_0050.mp4,903,30.1301,29.97002997002997,274,2,traffic_signs,0.8427101373672485,2904.067138671875,1240.8551025390625,2982.764404296875,1315.3712158203125,2943.415771484375,1278.1131591796875,78.697265625,74.51611328125
IMG_0050.mp4,903,30.1301,29.97002997002997,304,2,traffic_signs,0.9350349307060242,1461.77880859375,679.5266723632812,1699.0428466796875,920.1652221679688,1580.4108276367188,799.845947265625,237.2640380859375,240.6385498046875
IMG_0050.mp4,903,30.1301,29.97002997002997,309,2,traffic_signs,0.8387138843536377,1935.3480224609375,1140.4989013671875,2024.5478515625,1266.818115234375,1979.9479370117188,1203.6585083007812,89.1998291015625,126.3192138671875
IMG_0050.mp4,903,30.1301,29.97002997002997,295,2,traffic_signs,0.8439925909042358,2772.541748046875,1182.0947265625,2846.472900390625,1247.982177734375,2809.50732421875,1215.0384521484375,73.93115234375,65.887451171875
IMG_0050.mp4,903,30.1301,29.97002997002997,308,1,traffic_lights,0.25594624876976013,1366.4893798828125,259.8548889160156,2512.7841796875,1350.2357177734375,1939.6367797851562,805.0453033447266,1146.2947998046875,1090.3808288574219
IMG_0050.mp4,903,30.1301,29.97002997002997,328,1,traffic_lights,0.4962204098701477,972.4646606445312,125.63201904296875,2055.076904296875,1217.2481689453125,1513.7707824707031,671.4400939941406,1082.6122436523438,1091.6161499023438
IMG_0050.mp4,904,30.163466666666668,29.97002997002997,274,2,traffic_signs,0.8856250047683716,2918.617919921875,1239.190673828125,2999.85693359375,1316.457763671875,2959.2374267578125,1277.82421875,81.239013671875,77.26708984375
IMG_0050.mp4,904,30.163466666666668,29.97002997002997,304,2,traffic_signs,0.9360350966453552,1463.932373046875,673.0418090820312,1701.8016357421875,913.29541015625,1582.8670043945312,793.1686096191406,237.8692626953125,240.25360107421875
IMG_0050.mp4,904,30.163466666666668,29.97002997002997,309,2,traffic_signs,0.7435864210128784,1943.2376708984375,1140.35888671875,2036.0164794921875,1266.3135986328125,1989.6270751953125,1203.3362426757812,92.77880859375,125.9547119140625
IMG_0050.mp4,904,30.163466666666668,29.97002997002997,295,2,traffic_signs,0.7842634916305542,2786.2880859375,1181.4044189453125,2859.833984375,1246.7760009765625,2823.06103515625,1214.0902099609375,73.5458984375,65.37158203125
IMG_0050.mp4,904,30.163466666666668,29.97002997002997,328,1,traffic_lights,0.6164132952690125,974.6074829101562,131.1772918701172,2068.605712890625,1219.221923828125,1521.6065979003906,675.1996078491211,1093.9982299804688,1088.0446319580078
IMG_0050.mp4,905,30.196833333333334,29.97002997002997,274,2,traffic_signs,0.8762584328651428,2934.349365234375,1239.3548583984375,3014.401611328125,1316.0428466796875,2974.37548828125,1277.6988525390625,80.05224609375,76.68798828125
IMG_0050.mp4,905,30.196833333333334,29.97002997002997,304,2,traffic_signs,0.945254921913147,1464.01806640625,666.9424438476562,1703.5113525390625,908.466796875,1583.7647094726562,787.7046203613281,239.4932861328125,241.52435302734375
IMG_0050.mp4,905,30.196833333333334,29.97002997002997,309,2,traffic_signs,0.85155189037323,1952.804931640625,1140.7418212890625,2043.25048828125,1266.130126953125,1998.0277099609375,1203.4359741210938,90.445556640625,125.3883056640625
IMG_0050.mp4,905,30.196833333333334,29.97002997002997,295,2,traffic_signs,0.8694009184837341,2798.458251953125,1181.3582763671875,2873.0234375,1248.4998779296875,2835.7408447265625,1214.9290771484375,74.565185546875,67.1416015625
IMG_0050.mp4,905,30.196833333333334,29.97002997002997,328,1,traffic_lights,0.7942855954170227,971.3460083007812,137.41075134277344,2083.104248046875,1217.77734375,1527.2251281738281,677.5940475463867,1111.7582397460938,1080.3665924072266
IMG_0050.mp4,905,30.196833333333334,29.97002997002997,326,2,traffic_signs,0.37210115790367126,1229.9586181640625,1116.2479248046875,1279.319091796875,1178.083740234375,1254.6388549804688,1147.1658325195312,49.3604736328125,61.8358154296875
IMG_0050.mp4,905,30.196833333333334,29.97002997002997,308,1,traffic_lights,0.8236811757087708,1363.612060546875,242.06729125976562,2538.43505859375,1338.8245849609375,1951.0235595703125,790.4459381103516,1174.822998046875,1096.7572937011719
IMG_0050.mp4,906,30.2302,29.97002997002997,274,2,traffic_signs,0.8969495892524719,2944.474365234375,1240.9302978515625,3025.0927734375,1316.6572265625,2984.7835693359375,1278.7937622070312,80.618408203125,75.7269287109375
IMG_0050.mp4,906,30.2302,29.97002997002997,304,2,traffic_signs,0.9513498544692993,1464.993408203125,662.748046875,1703.999755859375,907.1008911132812,1584.49658203125,784.9244689941406,239.00634765625,244.35284423828125
IMG_0050.mp4,906,30.2302,29.97002997002997,309,2,traffic_signs,0.8543079495429993,1958.13525390625,1139.581787109375,2048.733642578125,1267.8443603515625,2003.4344482421875,1203.7130737304688,90.598388671875,128.2625732421875
IMG_0050.mp4,906,30.2302,29.97002997002997,295,2,traffic_signs,0.8503153920173645,2807.30712890625,1180.8848876953125,2881.708251953125,1247.6844482421875,2844.5076904296875,1214.28466796875,74.401123046875,66.799560546875
IMG_0050.mp4,906,30.2302,29.97002997002997,328,1,traffic_lights,0.8968914747238159,980.6265869140625,126.84574127197266,2091.360595703125,1215.417236328125,1535.9935913085938,671.1314888000488,1110.7340087890625,1088.5714950561523
IMG_0050.mp4,906,30.2302,29.97002997002997,326,2,traffic_signs,0.5389732718467712,1238.6602783203125,1116.8836669921875,1289.5780029296875,1178.818115234375,1264.119140625,1147.8508911132812,50.917724609375,61.9344482421875
IMG_0050.mp4,906,30.2302,29.97002997002997,308,1,traffic_lights,0.84689861536026,1372.5133056640625,231.74246215820312,2544.115966796875,1337.9483642578125,1958.3146362304688,784.8454132080078,1171.6026611328125,1106.2059020996094
IMG_0050.mp4,907,30.263566666666666,29.97002997002997,274,2,traffic_signs,0.9032021164894104,2960.16455078125,1240.0125732421875,3043.9189453125,1317.5250244140625,3002.041748046875,1278.768798828125,83.75439453125,77.512451171875
IMG_0050.mp4,907,30.263566666666666,29.97002997002997,304,2,traffic_signs,0.9513788819313049,1465.9404296875,656.2427978515625,1706.521728515625,904.0923461914062,1586.2310791015625,780.1675720214844,240.581298828125,247.84954833984375
IMG_0050.mp4,907,30.263566666666666,29.97002997002997,309,2,traffic_signs,0.6804408431053162,1965.5107421875,1138.9664306640625,2060.999755859375,1268.2138671875,2013.2552490234375,1203.5901489257812,95.489013671875,129.2474365234375
IMG_0050.mp4,907,30.263566666666666,29.97002997002997,295,2,traffic_signs,0.8674654960632324,2821.660400390625,1180.5692138671875,2897.798095703125,1248.532958984375,2859.729248046875,1214.5510864257812,76.1376953125,67.9637451171875
IMG_0050.mp4,907,30.263566666666666,29.97002997002997,328,1,traffic_lights,0.8906291723251343,984.5695190429688,124.26287078857422,2103.403564453125,1213.5404052734375,1543.9865417480469,668.9016380310059,1118.8340454101562,1089.2775344848633
IMG_0050.mp4,907,30.263566666666666,29.97002997002997,308,1,traffic_lights,0.8683690428733826,1378.2916259765625,226.4853515625,2550.38671875,1336.5325927734375,1964.3391723632812,781.5089721679688,1172.0950927734375,1110.0472412109375
IMG_0050.mp4,908,30.296933333333335,29.97002997002997,274,2,traffic_signs,0.8639233708381653,2973.390625,1241.3818359375,3056.430908203125,1317.9962158203125,3014.9107666015625,1279.6890258789062,83.040283203125,76.6143798828125
IMG_0050.mp4,908,30.296933333333335,29.97002997002997,304,2,traffic_signs,0.9562413096427917,1466.1082763671875,648.3944702148438,1708.12890625,900.25048828125,1587.1185913085938,774.3224792480469,242.0206298828125,251.85601806640625
IMG_0050.mp4,908,30.296933333333335,29.97002997002997,309,2,traffic_signs,0.8675271272659302,1974.1287841796875,1140.2633056640625,2067.359130859375,1267.4053955078125,2020.7439575195312,1203.8343505859375,93.2303466796875,127.14208984375
IMG_0050.mp4,908,30.296933333333335,29.97002997002997,295,2,traffic_signs,0.8648976683616638,2833.78369140625,1180.1737060546875,2909.182861328125,1247.810791015625,2871.4832763671875,1213.9922485351562,75.399169921875,67.6370849609375
IMG_0050.mp4,908,30.296933333333335,29.97002997002997,328,1,traffic_lights,0.8256926536560059,974.886962890625,124.45980072021484,2113.429931640625,1215.729736328125,1544.158447265625,670.0947685241699,1138.54296875,1091.2699356079102
IMG_0050.mp4,908,30.296933333333335,29.97002997002997,308,1,traffic_lights,0.874717116355896,1376.2696533203125,229.652587890625,2559.864990234375,1334.2354736328125,1968.0673217773438,781.9440307617188,1183.5953369140625,1104.5828857421875
IMG_0050.mp4,909,30.3303,29.97002997002997,274,2,traffic_signs,0.8632435202598572,2988.3994140625,1240.79345703125,3073.606689453125,1317.8876953125,3031.0030517578125,1279.340576171875,85.207275390625,77.09423828125
IMG_0050.mp4,909,30.3303,29.97002997002997,304,2,traffic_signs,0.9548528790473938,1465.97119140625,641.4060668945312,1710.1077880859375,895.7922973632812,1588.0394897460938,768.5991821289062,244.1365966796875,254.38623046875
IMG_0050.mp4,909,30.3303,29.97002997002997,309,2,traffic_signs,0.8518403172492981,1980.740234375,1139.467529296875,2076.57177734375,1268.7181396484375,2028.656005859375,1204.0928344726562,95.83154296875,129.2506103515625
IMG_0050.mp4,909,30.3303,29.97002997002997,295,2,traffic_signs,0.8166359663009644,2846.941162109375,1180.6217041015625,2920.897216796875,1248.2977294921875,2883.919189453125,1214.459716796875,73.9560546875,67.676025390625
IMG_0050.mp4,909,30.3303,29.97002997002997,328,1,traffic_lights,0.7378946542739868,973.6552124023438,124.46855926513672,2121.8759765625,1216.3050537109375,1547.7655944824219,670.3868064880371,1148.2207641601562,1091.8364944458008
IMG_0050.mp4,909,30.3303,29.97002997002997,308,1,traffic_lights,0.8337116837501526,1379.3343505859375,230.8209991455078,2565.138671875,1333.9400634765625,1972.2365112304688,782.3805313110352,1185.8043212890625,1103.1190643310547
IMG_0050.mp4,910,30.363666666666667,29.97002997002997,274,2,traffic_signs,0.7891996502876282,2999.592529296875,1240.5732421875,3088.701171875,1318.098388671875,3044.1468505859375,1279.3358154296875,89.108642578125,77.525146484375
IMG_0050.mp4,910,30.363666666666667,29.97002997002997,304,2,traffic_signs,0.9485117793083191,1466.1597900390625,634.4584350585938,1711.7996826171875,891.1588745117188,1588.979736328125,762.8086547851562,245.639892578125,256.700439453125
IMG_0050.mp4,910,30.363666666666667,29.97002997002997,309,2,traffic_signs,0.796501100063324,1988.6822509765625,1141.7679443359375,2086.544189453125,1267.95703125,2037.6132202148438,1204.8624877929688,97.8619384765625,126.1890869140625
IMG_0050.mp4,910,30.363666666666667,29.97002997002997,295,2,traffic_signs,0.8106774091720581,2859.705322265625,1180.135498046875,2932.517333984375,1249.0673828125,2896.111328125,1214.6014404296875,72.81201171875,68.931884765625
IMG_0050.mp4,910,30.363666666666667,29.97002997002997,328,1,traffic_lights,0.6197826862335205,974.8049926757812,131.6628875732422,2133.670654296875,1212.257080078125,1554.2378234863281,671.9599838256836,1158.8656616210938,1080.5941925048828
IMG_0050.mp4,910,30.363666666666667,29.97002997002997,308,1,traffic_lights,0.7262239456176758,1375.8092041015625,234.05819702148438,2580.458984375,1338.3563232421875,1978.1340942382812,786.2072601318359,1204.6497802734375,1104.2981262207031
IMG_0050.mp4,911,30.397033333333333,29.97002997002997,274,2,traffic_signs,0.8341649770736694,3014.39599609375,1238.1749267578125,3103.114013671875,1318.71875,3058.7550048828125,1278.4468383789062,88.718017578125,80.5438232421875
IMG_0050.mp4,911,30.397033333333333,29.97002997002997,304,2,traffic_signs,0.9463685750961304,1464.4840087890625,627.470703125,1712.334228515625,885.3344116210938,1588.4091186523438,756.4025573730469,247.8502197265625,257.86370849609375
IMG_0050.mp4,911,30.397033333333333,29.97002997002997,309,2,traffic_signs,0.832674503326416,1997.0439453125,1141.8421630859375,2090.657958984375,1266.98681640625,2043.8509521484375,1204.4144897460938,93.614013671875,125.1446533203125
IMG_0050.mp4,911,30.397033333333333,29.97002997002997,295,2,traffic_signs,0.6892792582511902,2871.82373046875,1181.062744140625,2943.9248046875,1251.9737548828125,2907.874267578125,1216.5182495117188,72.10107421875,70.9110107421875
IMG_0050.mp4,911,30.397033333333333,29.97002997002997,328,1,traffic_lights,0.44531410932540894,965.1401977539062,160.50982666015625,2138.481201171875,1211.88525390625,1551.8106994628906,686.1975402832031,1173.3410034179688,1051.3754272460938
IMG_0050.mp4,911,30.397033333333333,29.97002997002997,308,1,traffic_lights,0.6614248752593994,1362.28076171875,244.19996643066406,2580.5927734375,1342.29931640625,1971.436767578125,793.249641418457,1218.31201171875,1098.099349975586
IMG_0050.mp4,912,30.4304,29.97002997002997,274,2,traffic_signs,0.7334906458854675,3027.7158203125,1237.78173828125,3120.120361328125,1318.8731689453125,3073.9180908203125,1278.3274536132812,92.404541015625,81.0914306640625
IMG_0050.mp4,912,30.4304,29.97002997002997,304,2,traffic_signs,0.9417890310287476,1463.71533203125,621.4325561523438,1714.3682861328125,880.9028930664062,1589.0418090820312,751.167724609375,250.6529541015625,259.4703369140625
IMG_0050.mp4,912,30.4304,29.97002997002997,309,2,traffic_signs,0.8680128455162048,2005.14990234375,1140.3231201171875,2097.215087890625,1268.54248046875,2051.1824951171875,1204.4328002929688,92.065185546875,128.2193603515625
IMG_0050.mp4,912,30.4304,29.97002997002997,295,2,traffic_signs,0.699754536151886,2885.18310546875,1180.1651611328125,2956.820556640625,1249.14404296875,2921.0018310546875,1214.6546020507812,71.637451171875,68.9788818359375
IMG_0050.mp4,912,30.4304,29.97002997002997,308,1,traffic_lights,0.5978863835334778,1357.7427978515625,247.58969116210938,2580.19970703125,1350.124755859375,1968.9712524414062,798.8572235107422,1222.4569091796875,1102.5350646972656
IMG_0050.mp4,912,30.4304,29.97002997002997,307,2,traffic_signs,0.6593950986862183,12.604887008666992,27.41876220703125,262.2105407714844,341.70751953125,137.40771389007568,184.56314086914062,249.60565376281738,314.28875732421875
IMG_0050.mp4,913,30.463766666666668,29.97002997002997,274,2,traffic_signs,0.8479857444763184,3043.510498046875,1240.265380859375,3132.33984375,1319.76513671875,3087.9251708984375,1280.0152587890625,88.829345703125,79.499755859375
IMG_0050.mp4,913,30.463766666666668,29.97002997002997,304,2,traffic_signs,0.9413811564445496,1462.1304931640625,614.5055541992188,1713.891357421875,876.746826171875,1588.0109252929688,745.6261901855469,251.7608642578125,262.24127197265625
IMG_0050.mp4,913,30.463766666666668,29.97002997002997,309,2,traffic_signs,0.8589223027229309,2011.8917236328125,1139.4605712890625,2102.155029296875,1270.0277099609375,2057.0233764648438,1204.744140625,90.2633056640625,130.567138671875
IMG_0050.mp4,913,30.463766666666668,29.97002997002997,295,2,traffic_signs,0.8352649211883545,2895.422607421875,1180.2686767578125,2971.314208984375,1247.72607421875,2933.368408203125,1213.9973754882812,75.8916015625,67.4573974609375
IMG_0050.mp4,913,30.463766666666668,29.97002997002997,308,1,traffic_lights,0.5630149245262146,1365.4114990234375,241.21852111816406,2595.11962890625,1348.9039306640625,1980.2655639648438,795.0612258911133,1229.7081298828125,1107.6854095458984
IMG_0050.mp4,913,30.463766666666668,29.97002997002997,328,1,traffic_lights,0.2921692132949829,970.62353515625,165.78274536132812,2155.51708984375,1215.35107421875,1563.0703125,690.5669097900391,1184.8935546875,1049.5683288574219
IMG_0050.mp4,914,30.497133333333334,29.97002997002997,274,2,traffic_signs,0.8797406554222107,3052.294189453125,1241.69189453125,3143.624267578125,1319.3232421875,3097.959228515625,1280.507568359375,91.330078125,77.63134765625
IMG_0050.mp4,914,30.497133333333334,29.97002997002997,304,2,traffic_signs,0.8602706789970398,1461.1602783203125,608.0250244140625,1712.84375,872.1298217773438,1587.0020141601562,740.0774230957031,251.6834716796875,264.10479736328125
IMG_0050.mp4,914,30.497133333333334,29.97002997002997,309,2,traffic_signs,0.8580617308616638,2017.795654296875,1141.3514404296875,2110.075927734375,1270.3460693359375,2063.935791015625,1205.8487548828125,92.2802734375,128.99462890625
IMG_0050.mp4,914,30.497133333333334,29.97002997002997,295,2,traffic_signs,0.855851948261261,2905.569580078125,1178.493896484375,2981.41357421875,1245.9716796875,2943.4915771484375,1212.2327880859375,75.843994140625,67.477783203125
IMG_0050.mp4,914,30.497133333333334,29.97002997002997,308,1,traffic_lights,0.29820936918258667,1372.4632568359375,222.25025939941406,2596.110107421875,1357.4591064453125,1984.2866821289062,789.8546829223633,1223.6468505859375,1135.2088470458984
IMG_0050.mp4,914,30.497133333333334,29.97002997002997,328,1,traffic_lights,0.422995924949646,958.7208862304688,119.21878814697266,2160.258544921875,1219.3363037109375,1559.4897155761719,669.2775459289551,1201.5376586914062,1100.1175155639648
IMG_0050.mp4,914,30.497133333333334,29.97002997002997,307,2,traffic_signs,0.3153143525123596,5.688805103302002,21.46487045288086,218.85568237304688,313.689453125,112.27224373817444,167.57716178894043,213.16687726974487,292.22458267211914
IMG_0050.mp4,915,30.5305,29.97002997002997,274,2,traffic_signs,0.8291193246841431,3067.157958984375,1240.6822509765625,3156.580078125,1318.4300537109375,3111.8690185546875,1279.55615234375,89.422119140625,77.747802734375
IMG_0050.mp4,915,30.5305,29.97002997002997,304,2,traffic_signs,0.9554904699325562,1459.1158447265625,598.6256713867188,1713.05322265625,866.0266723632812,1586.0845336914062,732.326171875,253.9373779296875,267.4010009765625
IMG_0050.mp4,915,30.5305,29.97002997002997,309,2,traffic_signs,0.8781124949455261,2025.580078125,1141.07568359375,2118.7392578125,1270.9403076171875,2072.15966796875,1206.0079956054688,93.1591796875,129.8646240234375
IMG_0050.mp4,915,30.5305,29.97002997002997,295,2,traffic_signs,0.848223090171814,2919.43115234375,1177.02880859375,2996.803955078125,1245.00146484375,2958.1175537109375,1211.01513671875,77.372802734375,67.97265625
IMG_0050.mp4,915,30.5305,29.97002997002997,328,1,traffic_lights,0.6231803894042969,956.9591674804688,100.99945831298828,2164.559326171875,1221.7186279296875,1560.7592468261719,661.3590431213379,1207.6001586914062,1120.7191696166992
IMG_0050.mp4,916,30.563866666666666,29.97002997002997,274,2,traffic_signs,0.8210816979408264,3081.94970703125,1236.2291259765625,3169.185791015625,1317.4310302734375,3125.5677490234375,1276.830078125,87.236083984375,81.201904296875
IMG_0050.mp4,916,30.563866666666666,29.97002997002997,304,2,traffic_signs,0.9592574834823608,1455.8291015625,588.3499145507812,1711.7615966796875,859.5203857421875,1583.7953491210938,723.9351501464844,255.9324951171875,271.17047119140625
IMG_0050.mp4,916,30.563866666666666,29.97002997002997,309,2,traffic_signs,0.8827456831932068,2032.9056396484375,1140.173828125,2126.138916015625,1271.5177001953125,2079.5222778320312,1205.8457641601562,93.2332763671875,131.3438720703125
IMG_0050.mp4,916,30.563866666666666,29.97002997002997,295,2,traffic_signs,0.8432160019874573,2932.42138671875,1176.309814453125,3009.7880859375,1243.6455078125,2971.104736328125,1209.9776611328125,77.36669921875,67.335693359375
IMG_0050.mp4,916,30.563866666666666,29.97002997002997,328,1,traffic_lights,0.7582026124000549,969.9019165039062,98.3870849609375,2166.028076171875,1223.25244140625,1567.9649963378906,660.8197631835938,1196.1261596679688,1124.8653564453125
IMG_0050.mp4,917,30.597233333333335,29.97002997002997,274,2,traffic_signs,0.8671051859855652,3095.676513671875,1236.2418212890625,3186.375732421875,1318.146484375,3141.026123046875,1277.1941528320312,90.69921875,81.9046630859375
IMG_0050.mp4,917,30.597233333333335,29.97002997002997,304,2,traffic_signs,0.9583864212036133,1453.883544921875,579.6004028320312,1711.671142578125,854.6718139648438,1582.77734375,717.1361083984375,257.78759765625,275.0714111328125
IMG_0050.mp4,917,30.597233333333335,29.97002997002997,309,2,traffic_signs,0.8451635241508484,2038.735595703125,1141.9818115234375,2135.059326171875,1271.2205810546875,2086.8974609375,1206.6011962890625,96.32373046875,129.23876953125
IMG_0050.mp4,917,30.597233333333335,29.97002997002997,295,2,traffic_signs,0.8241465091705322,2944.60693359375,1175.4312744140625,3024.550537109375,1243.9793701171875,2984.5787353515625,1209.705322265625,79.943603515625,68.548095703125
IMG_0050.mp4,917,30.597233333333335,29.97002997002997,328,1,traffic_lights,0.759575605392456,986.1721801757812,106.2340316772461,2173.29443359375,1227.8089599609375,1579.7333068847656,667.0214958190918,1187.1222534179688,1121.5749282836914
IMG_0050.mp4,917,30.597233333333335,29.97002997002997,307,2,traffic_signs,0.5831231474876404,0.5379341244697571,19.939579010009766,156.56423950195312,271.7855224609375,78.55108681321144,145.86255073547363,156.02630537748337,251.84594345092773
IMG_0050.mp4,918,30.6306,29.97002997002997,274,2,traffic_signs,0.8507554531097412,3108.72412109375,1232.43408203125,3203.519287109375,1318.18701171875,3156.1217041015625,1275.310546875,94.795166015625,85.7529296875
IMG_0050.mp4,918,30.6306,29.97002997002997,304,2,traffic_signs,0.9514490962028503,1450.1943359375,570.2060546875,1710.694091796875,849.0177612304688,1580.4442138671875,709.6119079589844,260.499755859375,278.81170654296875
IMG_0050.mp4,918,30.6306,29.97002997002997,309,2,traffic_signs,0.8843652606010437,2047.211669921875,1142.061279296875,2141.736083984375,1271.0546875,2094.473876953125,1206.5579833984375,94.5244140625,128.993408203125
IMG_0050.mp4,918,30.6306,29.97002997002997,295,2,traffic_signs,0.8568165302276611,2958.505126953125,1174.33642578125,3037.481201171875,1244.5067138671875,2997.9931640625,1209.4215698242188,78.97607421875,70.1702880859375
IMG_0050.mp4,918,30.6306,29.97002997002997,328,1,traffic_lights,0.686686635017395,995.77685546875,108.03487396240234,2180.123046875,1231.743408203125,1587.949951171875,669.8891410827637,1184.34619140625,1123.7085342407227
IMG_0050.mp4,918,30.6306,29.97002997002997,308,1,traffic_lights,0.47105664014816284,1429.327392578125,211.57276916503906,2635.05908203125,1356.41552734375,2032.1932373046875,783.9941482543945,1205.731689453125,1144.842758178711
IMG_0050.mp4,919,30.663966666666667,29.97002997002997,274,2,traffic_signs,0.8518248796463013,3122.796142578125,1233.252685546875,3221.36474609375,1317.821044921875,3172.0804443359375,1275.536865234375,98.568603515625,84.568359375
IMG_0050.mp4,919,30.663966666666667,29.97002997002997,304,2,traffic_signs,0.9459429383277893,1446.4141845703125,562.2953491210938,1709.3382568359375,843.1272583007812,1577.876220703125,702.7113037109375,262.924072265625,280.8319091796875
IMG_0050.mp4,919,30.663966666666667,29.97002997002997,309,2,traffic_signs,0.8866026401519775,2053.481689453125,1139.6102294921875,2147.58935546875,1272.5748291015625,2100.5355224609375,1206.092529296875,94.107666015625,132.964599609375
IMG_0050.mp4,919,30.663966666666667,29.97002997002997,295,2,traffic_signs,0.8307445645332336,2970.506103515625,1172.869140625,3052.0517578125,1243.19189453125,3011.2789306640625,1208.030517578125,81.545654296875,70.32275390625
IMG_0050.mp4,919,30.663966666666667,29.97002997002997,328,1,traffic_lights,0.41682735085487366,1002.2640380859375,113.27831268310547,2186.921142578125,1233.1275634765625,1594.5925903320312,673.202938079834,1184.6571044921875,1119.849250793457
IMG_0050.mp4,919,30.663966666666667,29.97002997002997,308,1,traffic_lights,0.5205433368682861,1439.729736328125,207.7755126953125,2645.880126953125,1353.1195068359375,2042.804931640625,780.447509765625,1206.150390625,1145.343994140625
IMG_0050.mp4,920,30.697333333333333,29.97002997002997,274,2,traffic_signs,0.8647045493125916,3139.655029296875,1234.3638916015625,3234.863037109375,1317.6226806640625,3187.259033203125,1275.9932861328125,95.2080078125,83.2587890625
IMG_0050.mp4,920,30.697333333333333,29.97002997002997,304,2,traffic_signs,0.9561173319816589,1442.841064453125,552.4888305664062,1708.451416015625,836.732177734375,1575.646240234375,694.6105041503906,265.6103515625,284.24334716796875
IMG_0050.mp4,920,30.697333333333333,29.97002997002997,309,2,traffic_signs,0.795863151550293,2059.988525390625,1138.317138671875,2155.833740234375,1272.8775634765625,2107.9111328125,1205.5973510742188,95.84521484375,134.5604248046875
IMG_0050.mp4,920,30.697333333333333,29.97002997002997,295,2,traffic_signs,0.8518003225326538,2982.194091796875,1172.7442626953125,3061.4384765625,1242.0633544921875,3021.8162841796875,1207.40380859375,79.244384765625,69.319091796875
IMG_0050.mp4,920,30.697333333333333,29.97002997002997,308,1,traffic_lights,0.4373510479927063,1444.020263671875,206.18434143066406,2653.799072265625,1355.6702880859375,2048.90966796875,780.9273147583008,1209.77880859375,1149.4859466552734
IMG_0050.mp4,921,30.7307,29.97002997002997,274,2,traffic_signs,0.85951167345047,3153.232666015625,1234.4814453125,3246.48388671875,1318.1832275390625,3199.8582763671875,1276.3323364257812,93.251220703125,83.7017822265625
IMG_0050.mp4,921,30.7307,29.97002997002997,304,2,traffic_signs,0.9565365314483643,1439.630615234375,543.3972778320312,1704.9110107421875,830.4468383789062,1572.2708129882812,686.9220581054688,265.2803955078125,287.049560546875
IMG_0050.mp4,921,30.7307,29.97002997002997,309,2,traffic_signs,0.8756852149963379,2065.493896484375,1140.43896484375,2161.279052734375,1272.3218994140625,2113.386474609375,1206.3804321289062,95.78515625,131.8829345703125
IMG_0050.mp4,921,30.7307,29.97002997002997,295,2,traffic_signs,0.8095357418060303,2992.72607421875,1171.3077392578125,3073.623046875,1242.7086181640625,3033.174560546875,1207.0081787109375,80.89697265625,71.40087890625
IMG_0050.mp4,921,30.7307,29.97002997002997,308,1,traffic_lights,0.4014747738838196,1453.432373046875,206.41661071777344,2665.988037109375,1357.39306640625,2059.710205078125,781.9048385620117,1212.5556640625,1150.9764556884766
IMG_0050.mp4,921,30.7307,29.97002997002997,333,2,traffic_signs,0.5359746813774109,791.103759765625,1062.7799072265625,828.4379272460938,1090.068115234375,809.7708435058594,1076.4240112304688,37.33416748046875,27.2882080078125
IMG_0050.mp4,921,30.7307,29.97002997002997,328,1,traffic_lights,0.4873311221599579,1032.69482421875,113.17573547363281,2202.59375,1233.0885009765625,1617.644287109375,673.1321182250977,1169.89892578125,1119.9127655029297
IMG_0050.mp4,922,30.76406666666667,29.97002997002997,274,2,traffic_signs,0.8448728919029236,3166.244140625,1242.1583251953125,3263.196044921875,1318.4234619140625,3214.7200927734375,1280.2908935546875,96.951904296875,76.26513671875
IMG_0050.mp4,922,30.76406666666667,29.97002997002997,304,2,traffic_signs,0.9564000964164734,1434.5662841796875,533.567138671875,1702.0810546875,823.7981567382812,1568.3236694335938,678.6826477050781,267.5147705078125,290.23101806640625
IMG_0050.mp4,922,30.76406666666667,29.97002997002997,309,2,traffic_signs,0.8848361968994141,2071.182373046875,1140.921142578125,2169.451171875,1272.769287109375,2120.3167724609375,1206.84521484375,98.268798828125,131.84814453125
IMG_0050.mp4,922,30.76406666666667,29.97002997002997,295,2,traffic_signs,0.8621247410774231,3005.088623046875,1170.0697021484375,3084.3154296875,1243.388671875,3044.7020263671875,1206.7291870117188,79.226806640625,73.3189697265625
IMG_0050.mp4,922,30.76406666666667,29.97002997002997,333,2,traffic_signs,0.6545913815498352,800.30224609375,1062.528564453125,838.05029296875,1090.48583984375,819.17626953125,1076.5072021484375,37.748046875,27.957275390625
IMG_0050.mp4,922,30.76406666666667,29.97002997002997,328,1,traffic_lights,0.28066545724868774,1038.7967529296875,111.66867065429688,2207.6376953125,1234.27783203125,1623.2172241210938,672.9732513427734,1168.8409423828125,1122.6091613769531
IMG_0050.mp4,923,30.797433333333334,29.97002997002997,274,2,traffic_signs,0.8125049471855164,3181.03466796875,1243.355712890625,3276.4755859375,1318.347900390625,3228.755126953125,1280.851806640625,95.44091796875,74.9921875
IMG_0050.mp4,923,30.797433333333334,29.97002997002997,304,2,traffic_signs,0.9588911533355713,1429.3089599609375,523.9353637695312,1699.7467041015625,817.2884521484375,1564.52783203125,670.6119079589844,270.437744140625,293.35308837890625
IMG_0050.mp4,923,30.797433333333334,29.97002997002997,309,2,traffic_signs,0.8812606930732727,2078.2177734375,1138.4566650390625,2175.488037109375,1273.5252685546875,2126.8529052734375,1205.990966796875,97.270263671875,135.068603515625
IMG_0050.mp4,923,30.797433333333334,29.97002997002997,295,2,traffic_signs,0.8753924369812012,3015.830078125,1168.3011474609375,3096.39697265625,1242.2626953125,3056.113525390625,1205.2819213867188,80.56689453125,73.9615478515625
IMG_0050.mp4,924,30.8308,29.97002997002997,274,2,traffic_signs,0.831225574016571,3192.394287109375,1242.4989013671875,3289.5908203125,1318.065185546875,3240.9925537109375,1280.2820434570312,97.196533203125,75.5662841796875
IMG_0050.mp4,924,30.8308,29.97002997002997,304,2,traffic_signs,0.9299346208572388,1422.7923583984375,515.06689453125,1696.4849853515625,811.1168823242188,1559.638671875,663.0918884277344,273.692626953125,296.04998779296875
IMG_0050.mp4,924,30.8308,29.97002997002997,309,2,traffic_signs,0.8097892999649048,2084.105224609375,1140.2252197265625,2183.64013671875,1272.1944580078125,2133.8726806640625,1206.2098388671875,99.534912109375,131.96923828125
IMG_0050.mp4,924,30.8308,29.97002997002997,295,2,traffic_signs,0.8701119422912598,3026.223876953125,1167.8116455078125,3106.249755859375,1240.51220703125,3066.23681640625,1204.1619262695312,80.02587890625,72.7005615234375
IMG_0050.mp4,925,30.864166666666666,29.97002997002997,274,2,traffic_signs,0.8102519512176514,3206.14697265625,1245.0035400390625,3301.471923828125,1318.82470703125,3253.8094482421875,1281.9141235351562,95.324951171875,73.8211669921875
IMG_0050.mp4,925,30.864166666666666,29.97002997002997,304,2,traffic_signs,0.9389335513114929,1417.7381591796875,502.9372863769531,1694.1488037109375,804.3953857421875,1555.9434814453125,653.6663360595703,276.41064453125,301.4580993652344
IMG_0050.mp4,925,30.864166666666666,29.97002997002997,309,2,traffic_signs,0.8633089065551758,2090.66064453125,1140.4593505859375,2188.416259765625,1271.915771484375,2139.5384521484375,1206.1875610351562,97.755615234375,131.4564208984375
IMG_0050.mp4,925,30.864166666666666,29.97002997002997,295,2,traffic_signs,0.8681859374046326,3037.88916015625,1167.22607421875,3120.787841796875,1241.1175537109375,3079.3385009765625,1204.1718139648438,82.898681640625,73.8914794921875
IMG_0050.mp4,926,30.897533333333335,29.97002997002997,274,2,traffic_signs,0.7110997438430786,3217.912841796875,1242.5972900390625,3307.830078125,1318.1474609375,3262.8714599609375,1280.3723754882812,89.917236328125,75.5501708984375
IMG_0050.mp4,926,30.897533333333335,29.97002997002997,304,2,traffic_signs,0.9389755129814148,1411.212890625,491.3953552246094,1691.5687255859375,795.7716674804688,1551.3908081054688,643.5835113525391,280.3558349609375,304.3763122558594
IMG_0050.mp4,926,30.897533333333335,29.97002997002997,309,2,traffic_signs,0.8741194605827332,2097.035400390625,1139.9315185546875,2193.150146484375,1272.9114990234375,2145.0927734375,1206.4215087890625,96.11474609375,132.97998046875
IMG_0050.mp4,926,30.897533333333335,29.97002997002997,295,2,traffic_signs,0.8731247186660767,3048.499755859375,1166.1646728515625,3130.81689453125,1241.228515625,3089.6583251953125,1203.6965942382812,82.317138671875,75.0638427734375
IMG_0050.mp4,926,30.897533333333335,29.97002997002997,335,2,traffic_signs,0.5006604194641113,1204.625,1045.62548828125,1233.7763671875,1092.8916015625,1219.20068359375,1069.258544921875,29.1513671875,47.26611328125
IMG_0050.mp4,927,30.9309,29.97002997002997,274,2,traffic_signs,0.7697446346282959,3230.73193359375,1234.8779296875,3331.339599609375,1318.7645263671875,3281.0357666015625,1276.8212280273438,100.607666015625,83.8865966796875
IMG_0050.mp4,927,30.9309,29.97002997002997,304,2,traffic_signs,0.9564868807792664,1404.8699951171875,479.2861328125,1686.955078125,786.3214721679688,1545.9125366210938,632.8038024902344,282.0850830078125,307.03533935546875
IMG_0050.mp4,927,30.9309,29.97002997002997,309,2,traffic_signs,0.8792529702186584,2102.25048828125,1137.257080078125,2197.56591796875,1274.3560791015625,2149.908203125,1205.8065795898438,95.3154296875,137.0989990234375
IMG_0050.mp4,927,30.9309,29.97002997002997,295,2,traffic_signs,0.8823196291923523,3058.879150390625,1166.3704833984375,3142.0283203125,1240.881591796875,3100.4537353515625,1203.6260375976562,83.149169921875,74.5111083984375
IMG_0050.mp4,927,30.9309,29.97002997002997,336,2,traffic_signs,0.7042507529258728,2965.545166015625,1273.8675537109375,3051.85546875,1321.761474609375,3008.7003173828125,1297.8145141601562,86.310302734375,47.8939208984375
IMG_0050.mp4,928,30.964266666666667,29.97002997002997,274,2,traffic_signs,0.7976736426353455,3242.332763671875,1231.227294921875,3350.466064453125,1318.69970703125,3296.3994140625,1274.9635009765625,108.13330078125,87.472412109375
IMG_0050.mp4,928,30.964266666666667,29.97002997002997,304,2,traffic_signs,0.9589328169822693,1398.773193359375,468.7796630859375,1682.5791015625,779.3088989257812,1540.6761474609375,624.0442810058594,283.805908203125,310.52923583984375
IMG_0050.mp4,928,30.964266666666667,29.97002997002997,309,2,traffic_signs,0.513435959815979,2108.532958984375,1137.6142578125,2204.1005859375,1273.29736328125,2156.3167724609375,1205.455810546875,95.567626953125,135.68310546875
IMG_0050.mp4,928,30.964266666666667,29.97002997002997,295,2,traffic_signs,0.8891800045967102,3070.643310546875,1165.7164306640625,3154.173583984375,1239.1304931640625,3112.408447265625,1202.4234619140625,83.5302734375,73.4140625
IMG_0050.mp4,928,30.964266666666667,29.97002997002997,336,2,traffic_signs,0.5792319178581238,2986.735107421875,1274.674072265625,3062.934326171875,1321.2677001953125,3024.834716796875,1297.9708862304688,76.19921875,46.5936279296875
IMG_0050.mp4,929,30.997633333333333,29.97002997002997,274,2,traffic_signs,0.6975330710411072,3257.363525390625,1231.1085205078125,3362.336181640625,1318.2181396484375,3309.849853515625,1274.663330078125,104.97265625,87.109619140625
IMG_0050.mp4,929,30.997633333333333,29.97002997002997,304,2,traffic_signs,0.9513011574745178,1389.647216796875,455.5624694824219,1676.3167724609375,770.851806640625,1532.9819946289062,613.2071380615234,286.6695556640625,315.2893371582031
IMG_0050.mp4,929,30.997633333333333,29.97002997002997,309,2,traffic_signs,0.8652335405349731,2113.447265625,1137.276123046875,2208.25732421875,1272.830322265625,2160.852294921875,1205.05322265625,94.81005859375,135.55419921875
IMG_0050.mp4,929,30.997633333333333,29.97002997002997,295,2,traffic_signs,0.8852046132087708,3082.40087890625,1164.726318359375,3164.603759765625,1238.8134765625,3123.5023193359375,1201.7698974609375,82.202880859375,74.087158203125
IMG_0050.mp4,929,30.997633333333333,29.97002997002997,336,2,traffic_signs,0.6515040993690491,2990.927978515625,1274.3585205078125,3069.802490234375,1321.438232421875,3030.365234375,1297.8983764648438,78.87451171875,47.0797119140625
IMG_0050.mp4,929,30.997633333333333,29.97002997002997,338,2,traffic_signs,0.4513671398162842,1216.132080078125,1047.4466552734375,1244.9478759765625,1092.1251220703125,1230.5399780273438,1069.785888671875,28.8157958984375,44.678466796875
IMG_0050.mp4,930,31.031,29.97002997002997,274,2,traffic_signs,0.7292875647544861,3271.13037109375,1230.8531494140625,3371.867431640625,1317.4500732421875,3321.4989013671875,1274.151611328125,100.737060546875,86.596923828125
IMG_0050.mp4,930,31.031,29.97002997002997,304,2,traffic_signs,0.9512010812759399,1380.4169921875,443.05889892578125,1670.2203369140625,761.30419921875,1525.3186645507812,602.1815490722656,289.8033447265625,318.24530029296875
IMG_0050.mp4,930,31.031,29.97002997002997,309,2,traffic_signs,0.9030243158340454,2118.010009765625,1136.8482666015625,2213.0693359375,1272.31005859375,2165.5396728515625,1204.5791625976562,95.059326171875,135.4617919921875
IMG_0050.mp4,930,31.031,29.97002997002997,295,2,traffic_signs,0.8988690376281738,3092.733154296875,1163.299072265625,3174.517333984375,1237.2734375,3133.625244140625,1200.2862548828125,81.7841796875,73.974365234375
IMG_0050.mp4,930,31.031,29.97002997002997,336,2,traffic_signs,0.564534604549408,2991.21435546875,1273.79052734375,3077.85498046875,1323.3031005859375,3034.53466796875,1298.5468139648438,86.640625,49.5125732421875
IMG_0050.mp4,931,31.06436666666667,29.97002997002997,274,2,traffic_signs,0.7796638011932373,3285.698486328125,1238.3052978515625,3371.377197265625,1315.5169677734375,3328.537841796875,1276.9111328125,85.6787109375,77.211669921875
IMG_0050.mp4,931,31.06436666666667,29.97002997002997,304,2,traffic_signs,0.8893315196037292,1370.7447509765625,429.76617431640625,1663.512939453125,752.4293212890625,1517.1288452148438,591.0977478027344,292.7681884765625,322.66314697265625
IMG_0050.mp4,931,31.06436666666667,29.97002997002997,309,2,traffic_signs,0.8964006900787354,2124.32421875,1136.6571044921875,2217.947509765625,1272.9591064453125,2171.1358642578125,1204.80810546875,93.623291015625,136.302001953125
IMG_0050.mp4,931,31.06436666666667,29.97002997002997,295,2,traffic_signs,0.8841137290000916,3104.75927734375,1162.6656494140625,3186.774169921875,1237.2667236328125,3145.7667236328125,1199.9661865234375,82.014892578125,74.60107421875
IMG_0050.mp4,931,31.06436666666667,29.97002997002997,336,2,traffic_signs,0.6257333755493164,3008.30712890625,1274.6025390625,3088.66015625,1323.6796875,3048.483642578125,1299.14111328125,80.35302734375,49.0771484375
IMG_0050.mp4,932,31.097733333333334,29.97002997002997,274,2,traffic_signs,0.5014605522155762,3294.218017578125,1238.7322998046875,3387.3955078125,1314.972412109375,3340.8067626953125,1276.8523559570312,93.177490234375,76.2401123046875
IMG_0050.mp4,932,31.097733333333334,29.97002997002997,304,2,traffic_signs,0.350710391998291,1359.5140380859375,417.7183837890625,1656.226806640625,742.5678100585938,1507.8704223632812,580.1430969238281,296.7127685546875,324.84942626953125
IMG_0050.mp4,932,31.097733333333334,29.97002997002997,309,2,traffic_signs,0.9002447128295898,2128.089111328125,1134.94580078125,2222.4033203125,1272.907470703125,2175.2462158203125,1203.9266357421875,94.314208984375,137.961669921875
IMG_0050.mp4,932,31.097733333333334,29.97002997002997,295,2,traffic_signs,0.8514844179153442,3113.71875,1161.4814453125,3195.313720703125,1238.7958984375,3154.5162353515625,1200.138671875,81.594970703125,77.314453125
IMG_0050.mp4,932,31.097733333333334,29.97002997002997,336,2,traffic_signs,0.4285239279270172,3019.59130859375,1274.1578369140625,3095.412109375,1323.8114013671875,3057.501708984375,1298.984619140625,75.82080078125,49.653564453125
IMG_0050.mp4,933,31.1311,29.97002997002997,274,2,traffic_signs,0.5635043978691101,3307.33740234375,1244.698974609375,3399.013671875,1314.0670166015625,3353.175537109375,1279.3829956054688,91.67626953125,69.3680419921875
IMG_0050.mp4,933,31.1311,29.97002997002997,304,2,traffic_signs,0.9507978558540344,1351.246337890625,401.3369140625,1649.59619140625,734.3372802734375,1500.4212646484375,567.8370971679688,298.349853515625,333.0003662109375
IMG_0050.mp4,933,31.1311,29.97002997002997,309,2,traffic_signs,0.8926444053649902,2132.42236328125,1133.265380859375,2227.19775390625,1271.913330078125,2179.81005859375,1202.58935546875,94.775390625,138.64794921875
IMG_0050.mp4,933,31.1311,29.97002997002997,295,2,traffic_signs,0.7994409203529358,3125.529296875,1160.6868896484375,3207.57666015625,1240.0435791015625,3166.552978515625,1200.365234375,82.04736328125,79.356689453125
IMG_0050.mp4,934,31.164466666666666,29.97002997002997,304,2,traffic_signs,0.9391210675239563,1339.4757080078125,386.9553527832031,1643.0899658203125,724.9642333984375,1491.2828369140625,555.9597930908203,303.6142578125,338.0088806152344
IMG_0050.mp4,934,31.164466666666666,29.97002997002997,309,2,traffic_signs,0.8267824053764343,2137.093505859375,1134.0164794921875,2231.727783203125,1269.9163818359375,2184.41064453125,1201.9664306640625,94.63427734375,135.89990234375
IMG_0050.mp4,934,31.164466666666666,29.97002997002997,295,2,traffic_signs,0.8414949178695679,3134.293212890625,1159.8184814453125,3215.1767578125,1238.8294677734375,3174.7349853515625,1199.323974609375,80.883544921875,79.010986328125
IMG_0050.mp4,935,31.197833333333335,29.97002997002997,304,2,traffic_signs,0.855906069278717,1328.3096923828125,373.34796142578125,1636.9346923828125,713.6270141601562,1482.6221923828125,543.4874877929688,308.625,340.279052734375
IMG_0050.mp4,935,31.197833333333335,29.97002997002997,309,2,traffic_signs,0.8824011087417603,2141.403076171875,1134.6484375,2236.061767578125,1269.048828125,2188.732421875,1201.8486328125,94.65869140625,134.400390625
IMG_0050.mp4,935,31.197833333333335,29.97002997002997,295,2,traffic_signs,0.5717695951461792,3145.7490234375,1158.8154296875,3225.548828125,1240.322021484375,3185.64892578125,1199.5687255859375,79.7998046875,81.506591796875
IMG_0050.mp4,935,31.197833333333335,29.97002997002997,274,2,traffic_signs,0.2547387480735779,3330.900146484375,1248.5623779296875,3423.875244140625,1313.750732421875,3377.3876953125,1281.1565551757812,92.97509765625,65.1883544921875
IMG_0050.mp4,936,31.2312,29.97002997002997,304,2,traffic_signs,0.9491970539093018,1315.07177734375,355.73089599609375,1627.7674560546875,703.5321044921875,1471.4196166992188,529.6315002441406,312.6956787109375,347.80120849609375
IMG_0050.mp4,936,31.2312,29.97002997002997,309,2,traffic_signs,0.8630736470222473,2148.09375,1135.3260498046875,2239.89453125,1267.923828125,2193.994140625,1201.6249389648438,91.80078125,132.5977783203125
IMG_0050.mp4,936,31.2312,29.97002997002997,295,2,traffic_signs,0.5757606625556946,3156.458740234375,1157.9156494140625,3235.988525390625,1240.638916015625,3196.2236328125,1199.2772827148438,79.52978515625,82.7232666015625
IMG_0050.mp4,936,31.2312,29.97002997002997,341,2,traffic_signs,0.628964900970459,1155.97607421875,1067.896240234375,1197.921142578125,1135.017578125,1176.9486083984375,1101.4569091796875,41.945068359375,67.121337890625
IMG_0050.mp4,937,31.264566666666667,29.97002997002997,304,2,traffic_signs,0.9510402679443359,1303.39208984375,339.4021301269531,1618.812744140625,691.4821166992188,1461.1024169921875,515.4421234130859,315.420654296875,352.0799865722656
IMG_0050.mp4,937,31.264566666666667,29.97002997002997,309,2,traffic_signs,0.8745800256729126,2151.705810546875,1133.2552490234375,2245.10791015625,1267.57470703125,2198.4068603515625,1200.4149780273438,93.402099609375,134.3194580078125
IMG_0050.mp4,937,31.264566666666667,29.97002997002997,295,2,traffic_signs,0.8437586426734924,3167.62158203125,1156.4031982421875,3251.261962890625,1237.6837158203125,3209.4417724609375,1197.04345703125,83.640380859375,81.280517578125
IMG_0050.mp4,937,31.264566666666667,29.97002997002997,341,2,traffic_signs,0.43622374534606934,1153.475830078125,1069.689453125,1199.769287109375,1135.0509033203125,1176.62255859375,1102.3701782226562,46.29345703125,65.3614501953125
IMG_0050.mp4,937,31.264566666666667,29.97002997002997,274,2,traffic_signs,0.3497549295425415,3355.125732421875,1247.1490478515625,3439.116943359375,1311.95947265625,3397.121337890625,1279.5542602539062,83.9912109375,64.8104248046875
IMG_0050.mp4,938,31.297933333333333,29.97002997002997,304,2,traffic_signs,0.9285911917686462,1291.0914306640625,323.29632568359375,1607.0848388671875,681.4476318359375,1449.088134765625,502.3719787597656,315.993408203125,358.15130615234375
IMG_0050.mp4,938,31.297933333333333,29.97002997002997,309,2,traffic_signs,0.8067135810852051,2154.61279296875,1132.3843994140625,2250.528076171875,1268.5126953125,2202.5704345703125,1200.4485473632812,95.915283203125,136.1282958984375
IMG_0050.mp4,938,31.297933333333333,29.97002997002997,295,2,traffic_signs,0.8657006621360779,3178.943603515625,1155.3988037109375,3265.46923828125,1235.34130859375,3222.2064208984375,1195.3700561523438,86.525634765625,79.9425048828125
IMG_0050.mp4,938,31.297933333333333,29.97002997002997,341,2,traffic_signs,0.8553451895713806,1157.30712890625,1068.9561767578125,1203.7430419921875,1134.96044921875,1180.5250854492188,1101.9583129882812,46.4359130859375,66.0042724609375
IMG_0050.mp4,938,31.297933333333333,29.97002997002997,274,2,traffic_signs,0.4321267902851105,3366.877685546875,1248.30126953125,3459.198486328125,1311.6944580078125,3413.0380859375,1279.9978637695312,92.32080078125,63.3931884765625
IMG_0050.mp4,939,31.3313,29.97002997002997,304,2,traffic_signs,0.9285933971405029,1278.0753173828125,306.5668029785156,1597.25,668.3548583984375,1437.6626586914062,487.46083068847656,319.1746826171875,361.7880554199219
IMG_0050.mp4,939,31.3313,29.97002997002997,309,2,traffic_signs,0.40650081634521484,2157.875,1130.0120849609375,2255.080322265625,1267.99755859375,2206.4776611328125,1199.0048217773438,97.205322265625,137.9854736328125
IMG_0050.mp4,939,31.3313,29.97002997002997,295,2,traffic_signs,0.8494524359703064,3189.25146484375,1153.5703125,3275.40185546875,1234.06005859375,3232.32666015625,1193.815185546875,86.150390625,80.48974609375
IMG_0050.mp4,939,31.3313,29.97002997002997,341,2,traffic_signs,0.8607064485549927,1160.4742431640625,1068.9505615234375,1207.0849609375,1135.78125,1183.7796020507812,1102.3659057617188,46.6107177734375,66.8306884765625
IMG_0050.mp4,939,31.3313,29.97002997002997,274,2,traffic_signs,0.8649703860282898,3382.347900390625,1248.125732421875,3479.230224609375,1311.9185791015625,3430.7890625,1280.0221557617188,96.88232421875,63.7928466796875
IMG_0050.mp4,940,31.36466666666667,29.97002997002997,304,2,traffic_signs,0.9307329654693604,1263.5328369140625,289.1932067871094,1587.0098876953125,657.6548461914062,1425.2713623046875,473.4240264892578,323.47705078125,368.4616394042969
IMG_0050.mp4,940,31.36466666666667,29.97002997002997,309,2,traffic_signs,0.8104463815689087,2161.599609375,1130.09716796875,2259.361328125,1266.9642333984375,2210.48046875,1198.5307006835938,97.76171875,136.8670654296875
IMG_0050.mp4,940,31.36466666666667,29.97002997002997,295,2,traffic_signs,0.769522488117218,3199.470947265625,1151.11328125,3288.83740234375,1233.3499755859375,3244.1541748046875,1192.2316284179688,89.366455078125,82.2366943359375
IMG_0050.mp4,940,31.36466666666667,29.97002997002997,341,2,traffic_signs,0.8643775582313538,1162.606201171875,1067.71875,1209.63330078125,1135.62890625,1186.1197509765625,1101.673828125,47.027099609375,67.91015625
IMG_0050.mp4,940,31.36466666666667,29.97002997002997,274,2,traffic_signs,0.5063416361808777,3389.240478515625,1246.0615234375,3488.6259765625,1311.0279541015625,3438.9332275390625,1278.5447387695312,99.385498046875,64.9664306640625
IMG_0050.mp4,940,31.36466666666667,29.97002997002997,344,2,traffic_signs,0.4679214656352997,1252.19287109375,1045.8673095703125,1282.08251953125,1090.4898681640625,1267.1376953125,1068.1785888671875,29.8896484375,44.62255859375
IMG_0050.mp4,941,31.398033333333334,29.97002997002997,304,2,traffic_signs,0.544609785079956,1252.3055419921875,268.5993957519531,1575.9703369140625,645.5941162109375,1414.137939453125,457.0967559814453,323.664794921875,376.9947204589844
IMG_0050.mp4,941,31.398033333333334,29.97002997002997,309,2,traffic_signs,0.7842375636100769,2166.46533203125,1129.9681396484375,2263.716552734375,1266.6817626953125,2215.0909423828125,1198.324951171875,97.251220703125,136.713623046875
IMG_0050.mp4,941,31.398033333333334,29.97002997002997,295,2,traffic_signs,0.7801761031150818,3209.78466796875,1149.986083984375,3299.563720703125,1232.3426513671875,3254.6741943359375,1191.1643676757812,89.779052734375,82.3565673828125
IMG_0050.mp4,941,31.398033333333334,29.97002997002997,341,2,traffic_signs,0.8240968585014343,1165.6710205078125,1067.676025390625,1213.06982421875,1134.7890625,1189.3704223632812,1101.2325439453125,47.3988037109375,67.113037109375
IMG_0050.mp4,941,31.398033333333334,29.97002997002997,274,2,traffic_signs,0.2570383548736572,3402.46484375,1244.249267578125,3511.575927734375,1310.52294921875,3457.0203857421875,1277.3861083984375,109.111083984375,66.273681640625
IMG_0050.mp4,942,31.4314,29.97002997002997,304,2,traffic_signs,0.9166886806488037,1237.6846923828125,249.69557189941406,1563.9090576171875,631.8442993164062,1400.796875,440.76993560791016,326.224365234375,382.1487274169922
IMG_0050.mp4,942,31.4314,29.97002997002997,309,2,traffic_signs,0.7270112037658691,2170.010498046875,1128.4571533203125,2268.887451171875,1265.29541015625,2219.448974609375,1196.8762817382812,98.876953125,136.8382568359375
IMG_0050.mp4,942,31.4314,29.97002997002997,295,2,traffic_signs,0.6294136643409729,3220.082763671875,1148.996337890625,3310.59228515625,1231.40576171875,3265.3375244140625,1190.2010498046875,90.509521484375,82.409423828125
IMG_0050.mp4,942,31.4314,29.97002997002997,341,2,traffic_signs,0.7676942944526672,1167.072509765625,1069.7081298828125,1216.03173828125,1133.9808349609375,1191.5521240234375,1101.844482421875,48.959228515625,64.272705078125
IMG_0050.mp4,943,31.464766666666666,29.97002997002997,304,2,traffic_signs,0.9156934022903442,1221.46533203125,232.54849243164062,1551.4931640625,617.9880981445312,1386.479248046875,425.26829528808594,330.02783203125,385.4396057128906
IMG_0050.mp4,943,31.464766666666666,29.97002997002997,309,2,traffic_signs,0.729320228099823,2172.45556640625,1128.488525390625,2274.8310546875,1264.64990234375,2223.643310546875,1196.5692138671875,102.37548828125,136.161376953125
IMG_0050.mp4,943,31.464766666666666,29.97002997002997,295,2,traffic_signs,0.5389723181724548,3232.328857421875,1147.681640625,3319.0048828125,1228.37255859375,3275.6668701171875,1188.027099609375,86.676025390625,80.69091796875
IMG_0050.mp4,943,31.464766666666666,29.97002997002997,341,2,traffic_signs,0.7474547028541565,1168.869140625,1071.5487060546875,1217.8631591796875,1133.256103515625,1193.3661499023438,1102.4024047851562,48.9940185546875,61.7073974609375
IMG_0050.mp4,944,31.498133333333335,29.97002997002997,304,2,traffic_signs,0.9158762693405151,1206.9837646484375,212.81570434570312,1538.951904296875,605.08203125,1372.9678344726562,408.94886779785156,331.9681396484375,392.2663269042969
IMG_0050.mp4,944,31.498133333333335,29.97002997002997,309,2,traffic_signs,0.6272457838058472,2178.2255859375,1127.946533203125,2278.680908203125,1264.4298095703125,2228.4532470703125,1196.1881713867188,100.455322265625,136.4832763671875
IMG_0050.mp4,944,31.498133333333335,29.97002997002997,295,2,traffic_signs,0.5865545272827148,3242.189208984375,1145.3709716796875,3323.952880859375,1227.40478515625,3283.071044921875,1186.3878784179688,81.763671875,82.0338134765625
IMG_0050.mp4,944,31.498133333333335,29.97002997002997,341,2,traffic_signs,0.7129579782485962,1171.23193359375,1072.509521484375,1220.72265625,1133.1090087890625,1195.977294921875,1102.8092651367188,49.49072265625,60.5994873046875
IMG_0050.mp4,945,31.5315,29.97002997002997,304,2,traffic_signs,0.7464836835861206,1188.26611328125,192.16004943847656,1526.279541015625,589.8714599609375,1357.2728271484375,391.01575469970703,338.013427734375,397.71141052246094
IMG_0050.mp4,945,31.5315,29.97002997002997,309,2,traffic_signs,0.26103758811950684,2181.2158203125,1126.3055419921875,2282.356689453125,1263.9334716796875,2231.7862548828125,1195.1195068359375,101.140869140625,137.6279296875
IMG_0050.mp4,945,31.5315,29.97002997002997,341,2,traffic_signs,0.7877292037010193,1173.2779541015625,1072.0157470703125,1222.4749755859375,1133.5987548828125,1197.87646484375,1102.8072509765625,49.197021484375,61.5830078125
IMG_0050.mp4,946,31.564866666666667,29.97002997002997,304,2,traffic_signs,0.6835899353027344,1166.2901611328125,172.78854370117188,1510.3785400390625,580.8412475585938,1338.3343505859375,376.8148956298828,344.08837890625,408.0527038574219
IMG_0050.mp4,946,31.564866666666667,29.97002997002997,309,2,traffic_signs,0.43397045135498047,2187.37744140625,1126.58349609375,2284.153076171875,1263.187255859375,2235.7652587890625,1194.8853759765625,96.775634765625,136.603759765625
IMG_0050.mp4,946,31.564866666666667,29.97002997002997,341,2,traffic_signs,0.8348902463912964,1174.5137939453125,1069.95751953125,1222.715576171875,1133.66015625,1198.6146850585938,1101.808837890625,48.2017822265625,63.70263671875
IMG_0050.mp4,947,31.598233333333333,29.97002997002997,309,2,traffic_signs,0.6069303750991821,2192.25341796875,1126.59326171875,2286.066650390625,1262.56201171875,2239.1600341796875,1194.57763671875,93.813232421875,135.96875
IMG_0050.mp4,947,31.598233333333333,29.97002997002997,341,2,traffic_signs,0.5052581429481506,1177.6041259765625,1071.17333984375,1221.08740234375,1134.0556640625,1199.3457641601562,1102.614501953125,43.4832763671875,62.88232421875
IMG_0050.mp4,947,31.598233333333333,29.97002997002997,295,2,traffic_signs,0.5838930606842041,3275.8681640625,1142.2562255859375,3367.414794921875,1222.52783203125,3321.6414794921875,1182.3920288085938,91.546630859375,80.2716064453125
IMG_0050.mp4,948,31.6316,29.97002997002997,309,2,traffic_signs,0.46576806902885437,2193.765625,1125.1529541015625,2289.78173828125,1261.386962890625,2241.773681640625,1193.2699584960938,96.01611328125,136.2340087890625
IMG_0050.mp4,948,31.6316,29.97002997002997,295,2,traffic_signs,0.5743611454963684,3285.693603515625,1141.351806640625,3375.1328125,1220.661865234375,3330.4132080078125,1181.0068359375,89.439208984375,79.31005859375
IMG_0050.mp4,949,31.66496666666667,29.97002997002997,309,2,traffic_signs,0.5006411075592041,2194.322509765625,1121.46826171875,2293.239990234375,1260.00439453125,2243.78125,1190.736328125,98.91748046875,138.5361328125
IMG_0050.mp4,949,31.66496666666667,29.97002997002997,295,2,traffic_signs,0.45012563467025757,3293.56640625,1140.34912109375,3387.48388671875,1220.9349365234375,3340.525146484375,1180.6420288085938,93.91748046875,80.5858154296875
IMG_0050.mp4,950,31.698333333333334,29.97002997002997,295,2,traffic_signs,0.6033661961555481,3301.711181640625,1138.4781494140625,3397.02587890625,1219.275146484375,3349.3685302734375,1178.8766479492188,95.314697265625,80.7969970703125
IMG_0050.mp4,950,31.698333333333334,29.97002997002997,350,2,traffic_signs,0.5920282602310181,1272.96728515625,1042.114013671875,1303.5465087890625,1088.2989501953125,1288.2568969726562,1065.2064819335938,30.5792236328125,46.1849365234375
IMG_0050.mp4,951,31.7317,29.97002997002997,295,2,traffic_signs,0.53947514295578,3307.562744140625,1135.90185546875,3401.58203125,1215.1805419921875,3354.5723876953125,1175.5411987304688,94.019287109375,79.2786865234375
IMG_0050.mp4,951,31.7317,29.97002997002997,350,2,traffic_signs,0.6123099327087402,1276.123779296875,1041.87158203125,1305.2557373046875,1088.5882568359375,1290.6897583007812,1065.2299194335938,29.1319580078125,46.7166748046875
IMG_0050.mp4,951,31.7317,29.97002997002997,309,2,traffic_signs,0.4685039818286896,2200.171630859375,1123.4775390625,2299.6015625,1260.487548828125,2249.8865966796875,1191.9825439453125,99.429931640625,137.010009765625
IMG_0050.mp4,952,31.765066666666666,29.97002997002997,295,2,traffic_signs,0.563133716583252,3316.5234375,1133.92626953125,3411.87255859375,1212.0101318359375,3364.197998046875,1172.9682006835938,95.34912109375,78.0838623046875
IMG_0050.mp4,952,31.765066666666666,29.97002997002997,350,2,traffic_signs,0.579971969127655,1277.0103759765625,1040.579345703125,1307.5208740234375,1086.6240234375,1292.265625,1063.6016845703125,30.510498046875,46.044677734375
IMG_0050.mp4,952,31.765066666666666,29.97002997002997,309,2,traffic_signs,0.36415889859199524,2204.44677734375,1122.2310791015625,2302.728515625,1259.34375,2253.587646484375,1190.7874145507812,98.28173828125,137.1126708984375
IMG_0050.mp4,952,31.765066666666666,29.97002997002997,341,2,traffic_signs,0.7234203219413757,1191.151123046875,1070.515869140625,1234.31689453125,1132.955078125,1212.7340087890625,1101.7354736328125,43.165771484375,62.439208984375
IMG_0050.mp4,953,31.798433333333335,29.97002997002997,295,2,traffic_signs,0.5486730337142944,3325.023193359375,1132.639892578125,3420.990966796875,1206.634521484375,3373.007080078125,1169.63720703125,95.9677734375,73.99462890625
IMG_0050.mp4,953,31.798433333333335,29.97002997002997,350,2,traffic_signs,0.5160198211669922,1278.1861572265625,1040.7012939453125,1308.521240234375,1087.4246826171875,1293.3536987304688,1064.06298828125,30.3350830078125,46.723388671875
IMG_0050.mp4,953,31.798433333333335,29.97002997002997,309,2,traffic_signs,0.687563419342041,2206.023193359375,1120.742919921875,2305.509033203125,1258.9317626953125,2255.76611328125,1189.8373413085938,99.48583984375,138.1888427734375
IMG_0050.mp4,953,31.798433333333335,29.97002997002997,341,2,traffic_signs,0.8462741374969482,1189.9627685546875,1069.0224609375,1235.6676025390625,1133.75341796875,1212.815185546875,1101.387939453125,45.704833984375,64.73095703125
IMG_0050.mp4,954,31.8318,29.97002997002997,350,2,traffic_signs,0.4526236057281494,1279.04296875,1040.65478515625,1309.7698974609375,1086.17822265625,1294.4064331054688,1063.41650390625,30.7269287109375,45.5234375
IMG_0050.mp4,954,31.8318,29.97002997002997,309,2,traffic_signs,0.8843103647232056,2207.26220703125,1119.9122314453125,2307.189697265625,1258.094482421875,2257.2259521484375,1189.0033569335938,99.927490234375,138.1822509765625
IMG_0050.mp4,954,31.8318,29.97002997002997,341,2,traffic_signs,0.8301910161972046,1189.8388671875,1067.16552734375,1237.034912109375,1133.8892822265625,1213.4368896484375,1100.5274047851562,47.196044921875,66.7237548828125
IMG_0050.mp4,955,31.865166666666667,29.97002997002997,350,2,traffic_signs,0.338941752910614,1279.962158203125,1040.0252685546875,1310.6473388671875,1084.869140625,1295.3047485351562,1062.4472045898438,30.6851806640625,44.8438720703125
IMG_0050.mp4,955,31.865166666666667,29.97002997002997,309,2,traffic_signs,0.8713502287864685,2209.39208984375,1118.6900634765625,2308.39794921875,1258.2763671875,2258.89501953125,1188.4832153320312,99.005859375,139.5863037109375
IMG_0050.mp4,955,31.865166666666667,29.97002997002997,341,2,traffic_signs,0.8336697816848755,1190.412841796875,1066.2442626953125,1238.1988525390625,1133.531494140625,1214.3058471679688,1099.8878784179688,47.7860107421875,67.2872314453125
IMG_0050.mp4,955,31.865166666666667,29.97002997002997,295,2,traffic_signs,0.6289886832237244,3346.78076171875,1129.280517578125,3449.798828125,1200.0196533203125,3398.289794921875,1164.6500854492188,103.01806640625,70.7391357421875
IMG_0050.mp4,956,31.898533333333333,29.97002997002997,350,2,traffic_signs,0.3140595853328705,1280.7506103515625,1040.06298828125,1311.3094482421875,1084.901123046875,1296.030029296875,1062.4820556640625,30.558837890625,44.838134765625
IMG_0050.mp4,956,31.898533333333333,29.97002997002997,309,2,traffic_signs,0.849676251411438,2211.8818359375,1117.0609130859375,2309.3271484375,1257.911376953125,2260.6044921875,1187.4861450195312,97.4453125,140.8504638671875
IMG_0050.mp4,956,31.898533333333333,29.97002997002997,341,2,traffic_signs,0.8247438073158264,1190.938232421875,1065.8111572265625,1239.1912841796875,1133.2952880859375,1215.0647583007812,1099.55322265625,48.2530517578125,67.484130859375
IMG_0050.mp4,956,31.898533333333333,29.97002997002997,295,2,traffic_signs,0.3983594477176666,3355.37158203125,1127.649169921875,3451.94677734375,1197.386474609375,3403.6591796875,1162.517822265625,96.5751953125,69.7373046875
IMG_0050.mp4,957,31.9319,29.97002997002997,350,2,traffic_signs,0.33823099732398987,1282.179443359375,1039.8546142578125,1313.3551025390625,1085.1485595703125,1297.7672729492188,1062.5015869140625,31.1756591796875,45.2939453125
IMG_0050.mp4,957,31.9319,29.97002997002997,309,2,traffic_signs,0.8046424388885498,2214.0673828125,1114.36279296875,2313.367919921875,1258.364990234375,2263.7176513671875,1186.3638916015625,99.300537109375,144.002197265625
IMG_0050.mp4,957,31.9319,29.97002997002997,341,2,traffic_signs,0.8251519203186035,1191.9649658203125,1065.0538330078125,1241.3521728515625,1133.2088623046875,1216.6585693359375,1099.13134765625,49.38720703125,68.155029296875
IMG_0050.mp4,957,31.9319,29.97002997002997,351,1,traffic_lights,0.37842026352882385,3284.34912109375,388.41845703125,3838.53515625,1417.3272705078125,3561.442138671875,902.8728637695312,554.18603515625,1028.9088134765625
IMG_0050.mp4,958,31.96526666666667,29.97002997002997,350,2,traffic_signs,0.3113980293273926,1284.3778076171875,1039.341552734375,1315.642822265625,1085.9417724609375,1300.0103149414062,1062.6416625976562,31.2650146484375,46.6002197265625
IMG_0050.mp4,958,31.96526666666667,29.97002997002997,309,2,traffic_signs,0.7619748115539551,2215.186767578125,1112.784423828125,2316.805908203125,1257.8721923828125,2265.996337890625,1185.3283081054688,101.619140625,145.0877685546875
IMG_0050.mp4,958,31.96526666666667,29.97002997002997,341,2,traffic_signs,0.8297123312950134,1193.65478515625,1064.9644775390625,1243.302978515625,1132.81494140625,1218.4788818359375,1098.8897094726562,49.648193359375,67.8504638671875
IMG_0050.mp4,958,31.96526666666667,29.97002997002997,351,1,traffic_lights,0.44058337807655334,3290.330810546875,394.80908203125,3838.884521484375,1403.6304931640625,3564.607666015625,899.2197875976562,548.5537109375,1008.8214111328125
IMG_0050.mp4,958,31.96526666666667,29.97002997002997,295,2,traffic_signs,0.492904394865036,3375.169189453125,1123.7049560546875,3463.94482421875,1193.4830322265625,3419.5570068359375,1158.593994140625,88.775634765625,69.778076171875
IMG_0050.mp4,959,31.998633333333334,29.97002997002997,309,2,traffic_signs,0.738425612449646,2216.168701171875,1109.673095703125,2318.2958984375,1257.22705078125,2267.2322998046875,1183.4500732421875,102.127197265625,147.553955078125
IMG_0050.mp4,959,31.998633333333334,29.97002997002997,341,2,traffic_signs,0.8267292976379395,1193.0938720703125,1064.3160400390625,1242.94775390625,1132.1649169921875,1218.0208129882812,1098.240478515625,49.8538818359375,67.848876953125
IMG_0050.mp4,959,31.998633333333334,29.97002997002997,351,1,traffic_lights,0.34672293066978455,3294.28369140625,404.70428466796875,3839.202392578125,1411.09326171875,3566.7430419921875,907.8987731933594,544.918701171875,1006.3889770507812
IMG_0050.mp4,960,32.032000000000004,29.97002997002997,309,2,traffic_signs,0.775138258934021,2217.70849609375,1106.2532958984375,2323.195068359375,1256.5467529296875,2270.4517822265625,1181.4000244140625,105.486572265625,150.29345703125
IMG_0050.mp4,960,32.032000000000004,29.97002997002997,341,2,traffic_signs,0.829045295715332,1193.9403076171875,1063.4271240234375,1243.8968505859375,1132.141357421875,1218.9185791015625,1097.7842407226562,49.95654296875,68.7142333984375
IMG_0050.mp4,960,32.032000000000004,29.97002997002997,351,1,traffic_lights,0.5168776512145996,3294.301025390625,324.15948486328125,3839.783935546875,1390.0084228515625,3567.04248046875,857.0839538574219,545.48291015625,1065.8489379882812
IMG_0050.mp4,960,32.032000000000004,29.97002997002997,295,2,traffic_signs,0.27439749240875244,3390.919921875,1120.1312255859375,3468.560791015625,1191.92724609375,3429.7403564453125,1156.0292358398438,77.640869140625,71.7960205078125
IMG_0050.mp4,961,32.06536666666667,29.97002997002997,309,2,traffic_signs,0.7961481213569641,2219.42724609375,1103.6302490234375,2325.9541015625,1255.533203125,2272.690673828125,1179.5817260742188,106.52685546875,151.9029541015625
IMG_0050.mp4,961,32.06536666666667,29.97002997002997,341,2,traffic_signs,0.8408414721488953,1193.8338623046875,1062.5450439453125,1244.019775390625,1131.6260986328125,1218.9268188476562,1097.0855712890625,50.1859130859375,69.0810546875
IMG_0050.mp4,961,32.06536666666667,29.97002997002997,351,1,traffic_lights,0.5341922640800476,3311.175048828125,380.0051574707031,3840.0,1383.60107421875,3575.5875244140625,881.8031158447266,528.824951171875,1003.5959167480469
IMG_0050.mp4,961,32.06536666666667,29.97002997002997,295,2,traffic_signs,0.3016614019870758,3398.917724609375,1118.6964111328125,3469.589599609375,1189.9002685546875,3434.253662109375,1154.29833984375,70.671875,71.203857421875
IMG_0050.mp4,961,32.06536666666667,29.97002997002997,350,2,traffic_signs,0.3148529529571533,1286.9376220703125,1037.09130859375,1316.8760986328125,1086.373291015625,1301.9068603515625,1061.7322998046875,29.9384765625,49.281982421875
IMG_0050.mp4,962,32.098733333333335,29.97002997002997,309,2,traffic_signs,0.686409056186676,2223.266845703125,1100.5469970703125,2328.7080078125,1254.666748046875,2275.9874267578125,1177.6068725585938,105.441162109375,154.1197509765625
IMG_0050.mp4,962,32.098733333333335,29.97002997002997,341,2,traffic_signs,0.8360694050788879,1195.23388671875,1061.9552001953125,1244.4742431640625,1131.194091796875,1219.8540649414062,1096.5746459960938,49.2403564453125,69.2388916015625
IMG_0050.mp4,962,32.098733333333335,29.97002997002997,351,1,traffic_lights,0.36919811367988586,3321.9208984375,403.1408386230469,3840.0,1386.1927490234375,3580.96044921875,894.6667938232422,518.0791015625,983.0519104003906
IMG_0050.mp4,963,32.1321,29.97002997002997,309,2,traffic_signs,0.3087772727012634,2228.71484375,1103.5572509765625,2332.2412109375,1253.97119140625,2280.47802734375,1178.7642211914062,103.5263671875,150.4139404296875
IMG_0050.mp4,963,32.1321,29.97002997002997,341,2,traffic_signs,0.8319956660270691,1197.4190673828125,1060.8509521484375,1245.8389892578125,1130.67822265625,1221.6290283203125,1095.7645874023438,48.419921875,69.8272705078125
IMG_0050.mp4,963,32.1321,29.97002997002997,351,1,traffic_lights,0.5677564740180969,3330.600830078125,339.9198913574219,3840.0,1373.834716796875,3585.3004150390625,856.8773040771484,509.399169921875,1033.9148254394531
IMG_0050.mp4,964,32.16546666666667,29.97002997002997,309,2,traffic_signs,0.6885735392570496,2231.2373046875,1105.4075927734375,2333.956787109375,1253.19140625,2282.5970458984375,1179.2994995117188,102.719482421875,147.7838134765625
IMG_0050.mp4,964,32.16546666666667,29.97002997002997,341,2,traffic_signs,0.8277573585510254,1197.08056640625,1059.5877685546875,1245.0606689453125,1130.203125,1221.0706176757812,1094.8954467773438,47.9801025390625,70.6153564453125
IMG_0050.mp4,964,32.16546666666667,29.97002997002997,351,1,traffic_lights,0.2885138690471649,3335.333251953125,316.45654296875,3840.0,1374.328125,3587.6666259765625,845.392333984375,504.666748046875,1057.87158203125
IMG_0050.mp4,965,32.19883333333333,29.97002997002997,309,2,traffic_signs,0.7788646817207336,2234.18212890625,1106.599365234375,2337.260498046875,1252.9468994140625,2285.7213134765625,1179.7731323242188,103.078369140625,146.3475341796875
IMG_0050.mp4,965,32.19883333333333,29.97002997002997,341,2,traffic_signs,0.8188625574111938,1198.838623046875,1059.0062255859375,1246.7861328125,1129.624267578125,1222.8123779296875,1094.3152465820312,47.947509765625,70.6180419921875
IMG_0050.mp4,966,32.2322,29.97002997002997,309,2,traffic_signs,0.7570095062255859,2236.607421875,1105.6881103515625,2339.6767578125,1252.6998291015625,2288.14208984375,1179.1939697265625,103.0693359375,147.01171875
IMG_0050.mp4,966,32.2322,29.97002997002997,341,2,traffic_signs,0.8007321953773499,1198.7813720703125,1058.9312744140625,1246.4498291015625,1128.732666015625,1222.6156005859375,1093.8319702148438,47.66845703125,69.8013916015625
IMG_0050.mp4,967,32.265566666666665,29.97002997002997,309,2,traffic_signs,0.6418752074241638,2237.985107421875,1105.2735595703125,2341.335205078125,1252.4898681640625,2289.66015625,1178.8817138671875,103.35009765625,147.21630859375
IMG_0050.mp4,967,32.265566666666665,29.97002997002997,341,2,traffic_signs,0.8482406735420227,1198.8997802734375,1059.1014404296875,1245.7325439453125,1128.519775390625,1222.316162109375,1093.8106079101562,46.832763671875,69.4183349609375
IMG_0050.mp4,968,32.29893333333333,29.97002997002997,309,2,traffic_signs,0.5747451186180115,2239.494384765625,1104.7366943359375,2345.287353515625,1251.088623046875,2292.390869140625,1177.9126586914062,105.79296875,146.3519287109375
IMG_0050.mp4,968,32.29893333333333,29.97002997002997,341,2,traffic_signs,0.8627383708953857,1200.0328369140625,1059.6171875,1246.6953125,1128.64697265625,1223.3640747070312,1094.132080078125,46.6624755859375,69.02978515625
IMG_0050.mp4,968,32.29893333333333,29.97002997002997,351,1,traffic_lights,0.3321937024593353,3369.087646484375,398.49853515625,3840.0,1404.8927001953125,3604.5438232421875,901.6956176757812,470.912353515625,1006.3941650390625
IMG_0050.mp4,969,32.332300000000004,29.97002997002997,309,2,traffic_signs,0.3704150915145874,2240.138916015625,1104.1885986328125,2347.527587890625,1250.2396240234375,2293.833251953125,1177.214111328125,107.388671875,146.051025390625
IMG_0050.mp4,969,32.332300000000004,29.97002997002997,341,2,traffic_signs,0.8853936195373535,1200.3575439453125,1059.377685546875,1247.099609375,1128.189208984375,1223.7285766601562,1093.783447265625,46.7420654296875,68.8115234375
IMG_0050.mp4,969,32.332300000000004,29.97002997002997,351,1,traffic_lights,0.5216774940490723,3374.694580078125,398.69500732421875,3840.0,1398.3486328125,3607.3472900390625,898.5218200683594,465.305419921875,999.6536254882812
IMG_0050.mp4,970,32.36566666666667,29.97002997002997,309,2,traffic_signs,0.2521841824054718,2241.203125,1103.2197265625,2350.34375,1249.830810546875,2295.7734375,1176.5252685546875,109.140625,146.611083984375
IMG_0050.mp4,970,32.36566666666667,29.97002997002997,341,2,traffic_signs,0.8543075323104858,1200.4459228515625,1058.5035400390625,1247.54638671875,1127.7515869140625,1223.9961547851562,1093.1275634765625,47.1004638671875,69.248046875
IMG_0050.mp4,970,32.36566666666667,29.97002997002997,351,1,traffic_lights,0.7105521559715271,3384.190673828125,390.7018127441406,3840.0,1391.7218017578125,3612.0953369140625,891.2118072509766,455.809326171875,1001.0199890136719
IMG_0050.mp4,970,32.36566666666667,29.97002997002997,350,2,traffic_signs,0.7072110176086426,1292.158935546875,1033.673828125,1319.6458740234375,1086.499755859375,1305.9024047851562,1060.0867919921875,27.4869384765625,52.825927734375
IMG_0050.mp4,971,32.399033333333335,29.97002997002997,309,2,traffic_signs,0.41104090213775635,2248.021728515625,1104.835205078125,2353.359130859375,1250.2110595703125,2300.6904296875,1177.5231323242188,105.33740234375,145.3758544921875
IMG_0050.mp4,971,32.399033333333335,29.97002997002997,341,2,traffic_signs,0.782389223575592,1198.9346923828125,1057.0115966796875,1246.26025390625,1126.7784423828125,1222.5974731445312,1091.89501953125,47.3255615234375,69.766845703125
IMG_0050.mp4,971,32.399033333333335,29.97002997002997,351,1,traffic_lights,0.8434897065162659,3391.86376953125,390.1148986816406,3840.0,1388.4144287109375,3615.931884765625,889.2646636962891,448.13623046875,998.2995300292969
IMG_0050.mp4,971,32.399033333333335,29.97002997002997,350,2,traffic_signs,0.5405735969543457,1289.5806884765625,1035.0269775390625,1313.7847900390625,1088.3172607421875,1301.6827392578125,1061.672119140625,24.2041015625,53.290283203125
IMG_0050.mp4,972,32.4324,29.97002997002997,309,2,traffic_signs,0.42407748103141785,2252.232177734375,1104.9378662109375,2354.699951171875,1250.8502197265625,2303.466064453125,1177.89404296875,102.4677734375,145.912353515625
IMG_0050.mp4,972,32.4324,29.97002997002997,341,2,traffic_signs,0.7848132252693176,1197.5933837890625,1055.69580078125,1245.2386474609375,1126.357666015625,1221.416015625,1091.0267333984375,47.645263671875,70.661865234375
IMG_0050.mp4,972,32.4324,29.97002997002997,351,1,traffic_lights,0.6667876243591309,3399.2734375,384.0088195800781,3840.0,1381.5150146484375,3619.63671875,882.7619171142578,440.7265625,997.5061950683594
IMG_0050.mp4,973,32.46576666666667,29.97002997002997,309,2,traffic_signs,0.3742004930973053,2255.214111328125,1104.6112060546875,2356.526123046875,1251.013916015625,2305.8701171875,1177.8125610351562,101.31201171875,146.4027099609375
IMG_0050.mp4,973,32.46576666666667,29.97002997002997,341,2,traffic_signs,0.7846587896347046,1199.6685791015625,1056.1356201171875,1247.630859375,1126.784912109375,1223.6497192382812,1091.4602661132812,47.9622802734375,70.6492919921875
IMG_0050.mp4,973,32.46576666666667,29.97002997002997,351,1,traffic_lights,0.2502829134464264,3408.1201171875,380.5199890136719,3840.0,1376.0753173828125,3624.06005859375,878.2976531982422,431.8798828125,995.5553283691406
IMG_0050.mp4,974,32.49913333333333,29.97002997002997,309,2,traffic_signs,0.43289437890052795,2255.86865234375,1103.1097412109375,2358.084228515625,1251.2587890625,2306.9764404296875,1177.1842651367188,102.215576171875,148.1490478515625
IMG_0050.mp4,974,32.49913333333333,29.97002997002997,341,2,traffic_signs,0.793361246585846,1200.1710205078125,1055.9481201171875,1248.4736328125,1126.6341552734375,1224.3223266601562,1091.2911376953125,48.3026123046875,70.68603515625
IMG_0050.mp4,975,32.5325,29.97002997002997,309,2,traffic_signs,0.46331822872161865,2251.75634765625,1098.75390625,2359.583740234375,1252.2100830078125,2305.6700439453125,1175.4819946289062,107.827392578125,153.4561767578125
IMG_0050.mp4,975,32.5325,29.97002997002997,341,2,traffic_signs,0.7301645874977112,1199.7308349609375,1055.8387451171875,1248.701904296875,1126.5546875,1224.2163696289062,1091.1967163085938,48.9710693359375,70.7159423828125
IMG_0050.mp4,976,32.565866666666665,29.97002997002997,309,2,traffic_signs,0.5263094902038574,2250.6005859375,1097.2755126953125,2361.209716796875,1252.2918701171875,2305.9051513671875,1174.78369140625,110.609130859375,155.016357421875
IMG_0050.mp4,976,32.565866666666665,29.97002997002997,341,2,traffic_signs,0.5982910990715027,1199.989501953125,1055.4771728515625,1248.193115234375,1126.0762939453125,1224.09130859375,1090.7767333984375,48.20361328125,70.59912109375
IMG_0050.mp4,976,32.565866666666665,29.97002997002997,361,2,traffic_signs,0.40530160069465637,2254.515625,1101.52197265625,2359.644775390625,1250.3489990234375,2307.0802001953125,1175.9354858398438,105.129150390625,148.8270263671875
IMG_0050.mp4,977,32.59923333333333,29.97002997002997,309,2,traffic_signs,0.5460352301597595,2250.878173828125,1096.6060791015625,2362.034912109375,1252.0758056640625,2306.45654296875,1174.3409423828125,111.15673828125,155.4697265625
IMG_0050.mp4,977,32.59923333333333,29.97002997002997,341,2,traffic_signs,0.5722795128822327,1199.8583984375,1054.7547607421875,1243.736572265625,1125.686279296875,1221.7974853515625,1090.2205200195312,43.878173828125,70.9315185546875
IMG_0050.mp4,977,32.59923333333333,29.97002997002997,361,2,traffic_signs,0.3953256607055664,2255.68115234375,1101.5650634765625,2360.66259765625,1249.970703125,2308.171875,1175.7678833007812,104.9814453125,148.4056396484375
IMG_0050.mp4,978,32.632600000000004,29.97002997002997,309,2,traffic_signs,0.7038067579269409,2251.47509765625,1094.4539794921875,2363.091064453125,1251.6162109375,2307.2830810546875,1173.0350952148438,111.615966796875,157.1622314453125
IMG_0050.mp4,978,32.632600000000004,29.97002997002997,361,2,traffic_signs,0.26370272040367126,2256.222412109375,1099.8917236328125,2361.291259765625,1249.248046875,2308.7568359375,1174.5698852539062,105.06884765625,149.3563232421875
IMG_0050.mp4,979,32.66596666666667,29.97002997002997,309,2,traffic_signs,0.7452455759048462,2252.57080078125,1093.6807861328125,2365.2333984375,1250.837646484375,2308.902099609375,1172.2592163085938,112.66259765625,157.1568603515625
IMG_0050.mp4,979,32.66596666666667,29.97002997002997,361,2,traffic_signs,0.2599545121192932,2256.409912109375,1099.2574462890625,2363.358642578125,1248.431396484375,2309.88427734375,1173.8444213867188,106.94873046875,149.1739501953125
IMG_0050.mp4,980,32.699333333333335,29.97002997002997,309,2,traffic_signs,0.8083885908126831,2252.783203125,1091.752197265625,2365.108154296875,1250.49462890625,2308.9456787109375,1171.1234130859375,112.324951171875,158.742431640625
IMG_0050.mp4,981,32.7327,29.97002997002997,309,2,traffic_signs,0.7893292307853699,2255.140380859375,1090.115966796875,2366.328857421875,1249.600341796875,2310.734619140625,1169.858154296875,111.1884765625,159.484375
IMG_0050.mp4,982,32.76606666666667,29.97002997002997,309,2,traffic_signs,0.8493106365203857,2255.482177734375,1089.131591796875,2367.636962890625,1248.948974609375,2311.5595703125,1169.040283203125,112.15478515625,159.8173828125
IMG_0050.mp4,983,32.79943333333333,29.97002997002997,309,2,traffic_signs,0.8686515688896179,2254.779296875,1087.750732421875,2368.535888671875,1248.183349609375,2311.6575927734375,1167.967041015625,113.756591796875,160.4326171875
IMG_0050.mp4,984,32.8328,29.97002997002997,309,2,traffic_signs,0.8602185845375061,2255.560791015625,1086.795654296875,2369.83544921875,1247.211669921875,2312.6981201171875,1167.003662109375,114.274658203125,160.416015625
IMG_0050.mp4,985,32.866166666666665,29.97002997002997,309,2,traffic_signs,0.8757383823394775,2255.61376953125,1085.4739990234375,2370.496826171875,1246.55029296875,2313.0552978515625,1166.0121459960938,114.883056640625,161.0762939453125
IMG_0050.mp4,986,32.89953333333333,29.97002997002997,309,2,traffic_signs,0.8952817320823669,2255.63232421875,1083.9249267578125,2371.975341796875,1245.6490478515625,2313.8038330078125,1164.7869873046875,116.343017578125,161.72412109375
IMG_0050.mp4,986,32.89953333333333,29.97002997002997,362,2,traffic_signs,0.34860777854919434,2255.69580078125,1084.1639404296875,2366.771240234375,1243.0233154296875,2311.2335205078125,1163.5936279296875,111.075439453125,158.859375
IMG_0050.mp4,987,32.932900000000004,29.97002997002997,309,2,traffic_signs,0.8983942270278931,2257.441650390625,1082.103515625,2373.625732421875,1245.087158203125,2315.53369140625,1163.5953369140625,116.18408203125,162.983642578125
IMG_0050.mp4,987,32.932900000000004,29.97002997002997,362,2,traffic_signs,0.3828870356082916,2257.6513671875,1083.068115234375,2368.772216796875,1242.7159423828125,2313.2117919921875,1162.8920288085938,111.120849609375,159.6478271484375
IMG_0050.mp4,988,32.96626666666667,29.97002997002997,309,2,traffic_signs,0.9142583012580872,2257.961669921875,1080.6788330078125,2374.8623046875,1244.3670654296875,2316.4119873046875,1162.52294921875,116.900634765625,163.688232421875
IMG_0050.mp4,988,32.96626666666667,29.97002997002997,362,2,traffic_signs,0.34498974680900574,2258.35302734375,1082.0377197265625,2370.80859375,1241.8221435546875,2314.580810546875,1161.929931640625,112.45556640625,159.784423828125
IMG_0050.mp4,989,32.999633333333335,29.97002997002997,309,2,traffic_signs,0.9218916893005371,2258.37255859375,1079.906005859375,2376.322021484375,1243.2216796875,2317.3472900390625,1161.5638427734375,117.949462890625,163.315673828125
IMG_0050.mp4,989,32.999633333333335,29.97002997002997,362,2,traffic_signs,0.3162895441055298,2258.452392578125,1081.0172119140625,2373.32958984375,1240.544677734375,2315.8909912109375,1160.7809448242188,114.877197265625,159.5274658203125
IMG_0050.mp4,990,33.033,29.97002997002997,309,2,traffic_signs,0.918283224105835,2260.396484375,1079.646484375,2377.942626953125,1241.8701171875,2319.1695556640625,1160.75830078125,117.546142578125,162.2236328125
IMG_0050.mp4,990,33.033,29.97002997002997,362,2,traffic_signs,0.4560030698776245,2259.9306640625,1080.9639892578125,2375.567626953125,1238.6904296875,2317.7491455078125,1159.8272094726562,115.636962890625,157.7264404296875
IMG_0050.mp4,991,33.06636666666667,29.97002997002997,309,2,traffic_signs,0.9180847406387329,2261.101318359375,1079.0028076171875,2378.114501953125,1240.6517333984375,2319.60791015625,1159.8272705078125,117.01318359375,161.64892578125
IMG_0050.mp4,991,33.06636666666667,29.97002997002997,362,2,traffic_signs,0.503201425075531,2260.513671875,1080.2401123046875,2375.99853515625,1237.071533203125,2318.256103515625,1158.6558227539062,115.48486328125,156.8314208984375
IMG_0050.mp4,991,33.06636666666667,29.97002997002997,341,2,traffic_signs,0.65435391664505,1180.1490478515625,1051.5369873046875,1229.5880126953125,1122.674072265625,1204.8685302734375,1087.1055297851562,49.43896484375,71.1370849609375
IMG_0050.mp4,992,33.09973333333333,29.97002997002997,309,2,traffic_signs,0.9201575517654419,2262.191650390625,1077.99658203125,2378.545654296875,1239.8114013671875,2320.36865234375,1158.9039916992188,116.35400390625,161.8148193359375
IMG_0050.mp4,992,33.09973333333333,29.97002997002997,362,2,traffic_signs,0.3682793378829956,2261.457763671875,1079.1175537109375,2376.69970703125,1235.8306884765625,2319.0787353515625,1157.47412109375,115.241943359375,156.713134765625
IMG_0050.mp4,992,33.09973333333333,29.97002997002997,341,2,traffic_signs,0.7111279368400574,1179.4664306640625,1050.8282470703125,1229.323486328125,1123.5057373046875,1204.3949584960938,1087.1669921875,49.8570556640625,72.677490234375
IMG_0050.mp4,993,33.1331,29.97002997002997,309,2,traffic_signs,0.9211373329162598,2262.515380859375,1076.8023681640625,2379.041748046875,1238.9283447265625,2320.778564453125,1157.8653564453125,116.5263671875,162.1259765625
IMG_0050.mp4,993,33.1331,29.97002997002997,362,2,traffic_signs,0.28378885984420776,2261.4541015625,1078.1036376953125,2377.474365234375,1234.5980224609375,2319.4642333984375,1156.350830078125,116.020263671875,156.494384765625
IMG_0050.mp4,993,33.1331,29.97002997002997,341,2,traffic_signs,0.7620680332183838,1179.2384033203125,1049.9036865234375,1227.6883544921875,1123.2518310546875,1203.46337890625,1086.5777587890625,48.449951171875,73.34814453125
IMG_0050.mp4,994,33.166466666666665,29.97002997002997,309,2,traffic_signs,0.9214268922805786,2262.64404296875,1075.9107666015625,2378.712890625,1238.39599609375,2320.678466796875,1157.1533813476562,116.06884765625,162.4852294921875
IMG_0050.mp4,994,33.166466666666665,29.97002997002997,362,2,traffic_signs,0.2779727578163147,2261.306396484375,1077.5240478515625,2377.44287109375,1233.7213134765625,2319.3746337890625,1155.6226806640625,116.136474609375,156.197265625
IMG_0050.mp4,994,33.166466666666665,29.97002997002997,341,2,traffic_signs,0.727713406085968,1175.5028076171875,1049.5303955078125,1224.0274658203125,1120.9969482421875,1199.76513671875,1085.263671875,48.524658203125,71.466552734375
IMG_0050.mp4,995,33.19983333333333,29.97002997002997,309,2,traffic_signs,0.8982475399971008,2264.651611328125,1075.45068359375,2378.832275390625,1237.4163818359375,2321.741943359375,1156.4335327148438,114.1806640625,161.9656982421875
IMG_0050.mp4,995,33.19983333333333,29.97002997002997,362,2,traffic_signs,0.2503673732280731,2263.517822265625,1077.8104248046875,2377.09130859375,1232.4935302734375,2320.3045654296875,1155.1519775390625,113.573486328125,154.68310546875
IMG_0050.mp4,995,33.19983333333333,29.97002997002997,341,2,traffic_signs,0.7681205868721008,1174.9625244140625,1049.859619140625,1223.3228759765625,1118.689697265625,1199.1427001953125,1084.274658203125,48.3603515625,68.830078125
IMG_0050.mp4,996,33.233200000000004,29.97002997002997,309,2,traffic_signs,0.8231220245361328,2265.21826171875,1074.888671875,2378.789306640625,1236.7115478515625,2322.0037841796875,1155.8001098632812,113.571044921875,161.8228759765625
IMG_0050.mp4,996,33.233200000000004,29.97002997002997,341,2,traffic_signs,0.8407526016235352,1173.8577880859375,1050.0177001953125,1222.369384765625,1118.2373046875,1198.1135864257812,1084.1275024414062,48.5115966796875,68.2196044921875
IMG_0050.mp4,997,33.26656666666667,29.97002997002997,309,2,traffic_signs,0.843565046787262,2264.082275390625,1074.3599853515625,2377.267578125,1236.321533203125,2320.6749267578125,1155.3407592773438,113.185302734375,161.9615478515625
IMG_0050.mp4,997,33.26656666666667,29.97002997002997,341,2,traffic_signs,0.8552621006965637,1172.50732421875,1049.2860107421875,1220.7265625,1118.5233154296875,1196.616943359375,1083.9046630859375,48.21923828125,69.2373046875
IMG_0050.mp4,998,33.299933333333335,29.97002997002997,309,2,traffic_signs,0.9290307760238647,2263.878662109375,1072.8262939453125,2377.4072265625,1236.1422119140625,2320.6429443359375,1154.4842529296875,113.528564453125,163.31591796875
IMG_0050.mp4,998,33.299933333333335,29.97002997002997,341,2,traffic_signs,0.8635045886039734,1170.7503662109375,1049.159423828125,1218.92919921875,1117.7943115234375,1194.8397827148438,1083.4768676757812,48.1788330078125,68.6348876953125
IMG_0050.mp4,999,33.3333,29.97002997002997,309,2,traffic_signs,0.9370179176330566,2262.718994140625,1071.0439453125,2376.620849609375,1234.94189453125,2319.669921875,1152.992919921875,113.90185546875,163.89794921875
IMG_0050.mp4,999,33.3333,29.97002997002997,341,2,traffic_signs,0.8188113570213318,1168.0738525390625,1049.3922119140625,1216.043212890625,1117.154052734375,1192.0585327148438,1083.2731323242188,47.9693603515625,67.7618408203125
IMG_0050.mp4,1000,33.36666666666667,29.97002997002997,309,2,traffic_signs,0.9328846335411072,2263.5244140625,1069.7877197265625,2377.163818359375,1234.0623779296875,2320.3441162109375,1151.925048828125,113.639404296875,164.274658203125
IMG_0050.mp4,1000,33.36666666666667,29.97002997002997,341,2,traffic_signs,0.7241418361663818,1166.6448974609375,1048.6505126953125,1214.1265869140625,1117.540283203125,1190.3857421875,1083.0953979492188,47.481689453125,68.8897705078125
IMG_0050.mp4,1001,33.40003333333333,29.97002997002997,309,2,traffic_signs,0.9331176280975342,2263.062744140625,1069.0211181640625,2377.02734375,1234.04248046875,2320.0450439453125,1151.5317993164062,113.964599609375,165.0213623046875
IMG_0050.mp4,1001,33.40003333333333,29.97002997002997,341,2,traffic_signs,0.7526726722717285,1164.25341796875,1047.3707275390625,1211.653076171875,1117.4022216796875,1187.9532470703125,1082.386474609375,47.399658203125,70.031494140625
IMG_0050.mp4,1002,33.4334,29.97002997002997,309,2,traffic_signs,0.9294627904891968,2262.73046875,1067.501953125,2376.964599609375,1233.246337890625,2319.8475341796875,1150.3741455078125,114.234130859375,165.744384765625
IMG_0050.mp4,1002,33.4334,29.97002997002997,341,2,traffic_signs,0.7122345566749573,1161.2979736328125,1046.2576904296875,1208.5023193359375,1117.2763671875,1184.900146484375,1081.7670288085938,47.204345703125,71.0186767578125
IMG_0050.mp4,1003,33.466766666666665,29.97002997002997,309,2,traffic_signs,0.9273481965065002,2262.982177734375,1066.968017578125,2377.265380859375,1232.85546875,2320.123779296875,1149.9117431640625,114.283203125,165.887451171875
IMG_0050.mp4,1003,33.466766666666665,29.97002997002997,341,2,traffic_signs,0.5976356267929077,1158.060302734375,1045.9600830078125,1206.043701171875,1118.0343017578125,1182.052001953125,1081.9971923828125,47.9833984375,72.07421875
IMG_0050.mp4,1004,33.50013333333333,29.97002997002997,309,2,traffic_signs,0.930553138256073,2262.4423828125,1065.5052490234375,2376.9150390625,1232.018798828125,2319.6787109375,1148.7620239257812,114.47265625,166.5135498046875
IMG_0050.mp4,1004,33.50013333333333,29.97002997002997,341,2,traffic_signs,0.8304276466369629,1153.58154296875,1041.3370361328125,1203.0028076171875,1117.3726806640625,1178.2921752929688,1079.3548583984375,49.4212646484375,76.03564453125
IMG_0050.mp4,1005,33.533500000000004,29.97002997002997,309,2,traffic_signs,0.9261376857757568,2262.239501953125,1063.9588623046875,2377.231201171875,1231.3978271484375,2319.7353515625,1147.6783447265625,114.99169921875,167.43896484375
IMG_0050.mp4,1005,33.533500000000004,29.97002997002997,341,2,traffic_signs,0.48163047432899475,1151.5552978515625,1040.8707275390625,1200.2259521484375,1115.7169189453125,1175.890625,1078.2938232421875,48.670654296875,74.84619140625
IMG_0050.mp4,1006,33.56686666666667,29.97002997002997,309,2,traffic_signs,0.9248179197311401,2260.926513671875,1061.6534423828125,2377.198486328125,1230.7633056640625,2319.0625,1146.2083740234375,116.27197265625,169.10986328125
IMG_0050.mp4,1006,33.56686666666667,29.97002997002997,341,2,traffic_signs,0.36451637744903564,1149.0758056640625,1041.724365234375,1198.2650146484375,1113.87890625,1173.67041015625,1077.8016357421875,49.189208984375,72.154541015625
IMG_0050.mp4,1007,33.600233333333335,29.97002997002997,309,2,traffic_signs,0.9258213639259338,2260.132568359375,1059.802978515625,2376.4931640625,1229.1341552734375,2318.3128662109375,1144.4685668945312,116.360595703125,169.3311767578125
IMG_0050.mp4,1007,33.600233333333335,29.97002997002997,341,2,traffic_signs,0.7226266264915466,1144.92333984375,1039.1458740234375,1195.9102783203125,1113.4503173828125,1170.4168090820312,1076.298095703125,50.9869384765625,74.304443359375
IMG_0050.mp4,1008,33.6336,29.97002997002997,309,2,traffic_signs,0.9236261248588562,2260.103515625,1058.133544921875,2376.427001953125,1228.0428466796875,2318.2652587890625,1143.0881958007812,116.323486328125,169.9093017578125
IMG_0050.mp4,1008,33.6336,29.97002997002997,341,2,traffic_signs,0.7811905145645142,1141.3466796875,1037.680908203125,1193.73486328125,1113.634765625,1167.540771484375,1075.6578369140625,52.38818359375,75.953857421875
IMG_0050.mp4,1009,33.66696666666667,29.97002997002997,309,2,traffic_signs,0.9240114092826843,2258.902587890625,1056.9658203125,2375.85205078125,1227.4376220703125,2317.3773193359375,1142.2017211914062,116.949462890625,170.4718017578125
IMG_0050.mp4,1009,33.66696666666667,29.97002997002997,341,2,traffic_signs,0.6013091802597046,1137.5025634765625,1036.7860107421875,1190.6607666015625,1111.3951416015625,1164.0816650390625,1074.090576171875,53.158203125,74.609130859375
IMG_0050.mp4,1010,33.70033333333333,29.97002997002997,309,2,traffic_signs,0.9248668551445007,2257.612548828125,1056.1292724609375,2375.520263671875,1227.3455810546875,2316.56640625,1141.7374267578125,117.90771484375,171.21630859375
IMG_0050.mp4,1010,33.70033333333333,29.97002997002997,341,2,traffic_signs,0.7553216218948364,1135.2862548828125,1035.8602294921875,1186.640625,1110.69091796875,1160.9634399414062,1073.2755737304688,51.3543701171875,74.8306884765625
IMG_0050.mp4,1011,33.7337,29.97002997002997,309,2,traffic_signs,0.9255325794219971,2256.815185546875,1055.6219482421875,2375.2099609375,1226.721923828125,2316.0125732421875,1141.1719360351562,118.394775390625,171.0999755859375
IMG_0050.mp4,1011,33.7337,29.97002997002997,341,2,traffic_signs,0.7862063646316528,1133.6407470703125,1033.663818359375,1183.5579833984375,1111.320556640625,1158.599365234375,1072.4921875,49.917236328125,77.65673828125
IMG_0050.mp4,1012,33.767066666666665,29.97002997002997,309,2,traffic_signs,0.9260580539703369,2254.9931640625,1055.09423828125,2373.719482421875,1226.5155029296875,2314.3563232421875,1140.8048706054688,118.726318359375,171.4212646484375
IMG_0050.mp4,1012,33.767066666666665,29.97002997002997,341,2,traffic_signs,0.7507407069206238,1130.4027099609375,1034.4296875,1180.420166015625,1111.7196044921875,1155.4114379882812,1073.0746459960938,50.0174560546875,77.2899169921875
IMG_0050.mp4,1013,33.80043333333333,29.97002997002997,309,2,traffic_signs,0.9230486750602722,2254.187744140625,1054.8497314453125,2373.20654296875,1226.1640625,2313.6971435546875,1140.5068969726562,119.018798828125,171.3143310546875
IMG_0050.mp4,1013,33.80043333333333,29.97002997002997,341,2,traffic_signs,0.6512368321418762,1128.1778564453125,1034.310302734375,1177.1629638671875,1112.4476318359375,1152.67041015625,1073.3789672851562,48.985107421875,78.1373291015625
IMG_0050.mp4,1014,33.833800000000004,29.97002997002997,309,2,traffic_signs,0.9223790168762207,2253.40478515625,1053.6136474609375,2372.59326171875,1225.8658447265625,2312.9990234375,1139.73974609375,119.1884765625,172.252197265625
IMG_0050.mp4,1014,33.833800000000004,29.97002997002997,341,2,traffic_signs,0.8049366474151611,1126.289306640625,1034.354736328125,1174.09765625,1112.02490234375,1150.1934814453125,1073.1898193359375,47.808349609375,77.670166015625
IMG_0050.mp4,1015,33.86716666666667,29.97002997002997,309,2,traffic_signs,0.9197084307670593,2252.111328125,1051.38671875,2370.914794921875,1225.22900390625,2311.5130615234375,1138.307861328125,118.803466796875,173.84228515625
IMG_0050.mp4,1015,33.86716666666667,29.97002997002997,341,2,traffic_signs,0.8314757943153381,1123.6473388671875,1034.78369140625,1171.2813720703125,1111.4354248046875,1147.46435546875,1073.1095581054688,47.634033203125,76.6517333984375
IMG_0050.mp4,1016,33.900533333333335,29.97002997002997,309,2,traffic_signs,0.9208288192749023,2251.307373046875,1049.9427490234375,2370.199951171875,1224.7109375,2310.753662109375,1137.3268432617188,118.892578125,174.7681884765625
IMG_0050.mp4,1016,33.900533333333335,29.97002997002997,341,2,traffic_signs,0.8593220114707947,1121.52197265625,1035.3748779296875,1168.0416259765625,1111.087646484375,1144.7817993164062,1073.2312622070312,46.5196533203125,75.7127685546875
IMG_0050.mp4,1016,33.900533333333335,29.97002997002997,366,2,traffic_signs,0.38855209946632385,888.1609497070312,1051.947509765625,909.4472045898438,1078.9056396484375,898.8040771484375,1065.4265747070312,21.2862548828125,26.9581298828125
IMG_0050.mp4,1017,33.9339,29.97002997002997,309,2,traffic_signs,0.9230871200561523,2250.339111328125,1048.3206787109375,2370.072998046875,1224.187255859375,2310.2060546875,1136.2539672851562,119.73388671875,175.8665771484375
IMG_0050.mp4,1017,33.9339,29.97002997002997,341,2,traffic_signs,0.8537532687187195,1118.705078125,1035.2471923828125,1165.1551513671875,1109.2379150390625,1141.9301147460938,1072.2425537109375,46.4500732421875,73.99072265625
IMG_0050.mp4,1018,33.96726666666667,29.97002997002997,309,2,traffic_signs,0.9230679273605347,2249.52734375,1046.6719970703125,2370.21630859375,1223.1771240234375,2309.871826171875,1134.924560546875,120.68896484375,176.505126953125
IMG_0050.mp4,1018,33.96726666666667,29.97002997002997,341,2,traffic_signs,0.8707559108734131,1115.357177734375,1034.6875,1162.00732421875,1108.3892822265625,1138.6822509765625,1071.5383911132812,46.650146484375,73.7017822265625
IMG_0050.mp4,1019,34.00063333333333,29.97002997002997,309,2,traffic_signs,0.9213538765907288,2249.390380859375,1045.4769287109375,2370.2841796875,1222.39892578125,2309.8372802734375,1133.9379272460938,120.893798828125,176.9219970703125
IMG_0050.mp4,1019,34.00063333333333,29.97002997002997,341,2,traffic_signs,0.8315257430076599,1112.1591796875,1035.3677978515625,1158.971923828125,1107.6947021484375,1135.5655517578125,1071.53125,46.812744140625,72.326904296875
IMG_0050.mp4,1020,34.034,29.97002997002997,309,2,traffic_signs,0.9213050603866577,2248.4306640625,1044.893798828125,2369.10205078125,1222.0618896484375,2308.766357421875,1133.4778442382812,120.67138671875,177.1680908203125
IMG_0050.mp4,1020,34.034,29.97002997002997,341,2,traffic_signs,0.8349870443344116,1108.0203857421875,1035.737060546875,1155.4942626953125,1107.1368408203125,1131.75732421875,1071.4369506835938,47.473876953125,71.3997802734375
IMG_0050.mp4,1021,34.067366666666665,29.97002997002997,309,2,traffic_signs,0.9193987250328064,2247.25634765625,1045.224853515625,2367.76416015625,1221.3189697265625,2307.51025390625,1133.2719116210938,120.5078125,176.0941162109375
IMG_0050.mp4,1021,34.067366666666665,29.97002997002997,341,2,traffic_signs,0.6376535296440125,1104.51025390625,1036.697509765625,1151.1549072265625,1105.438720703125,1127.8325805664062,1071.068115234375,46.6446533203125,68.7412109375
IMG_0050.mp4,1021,34.067366666666665,29.97002997002997,367,2,traffic_signs,0.44522425532341003,1209.4503173828125,1004.8026123046875,1242.6024169921875,1053.74755859375,1226.0263671875,1029.2750854492188,33.152099609375,48.9449462890625
IMG_0050.mp4,1022,34.10073333333333,29.97002997002997,309,2,traffic_signs,0.9187648892402649,2246.203369140625,1044.6278076171875,2367.072998046875,1220.859375,2306.63818359375,1132.7435913085938,120.86962890625,176.2315673828125
IMG_0050.mp4,1022,34.10073333333333,29.97002997002997,341,2,traffic_signs,0.8386992812156677,1102.34033203125,1036.4268798828125,1147.3154296875,1103.9781494140625,1124.827880859375,1070.2025146484375,44.97509765625,67.55126953125
IMG_0050.mp4,1022,34.10073333333333,29.97002997002997,367,2,traffic_signs,0.28446564078330994,1206.492919921875,1004.6489868164062,1239.6617431640625,1053.749267578125,1223.0773315429688,1029.1991271972656,33.1688232421875,49.10028076171875
IMG_0050.mp4,1023,34.134100000000004,29.97002997002997,309,2,traffic_signs,0.913463830947876,2243.33642578125,1043.289794921875,2365.093994140625,1219.8409423828125,2304.2152099609375,1131.5653686523438,121.757568359375,176.5511474609375
IMG_0050.mp4,1023,34.134100000000004,29.97002997002997,341,2,traffic_signs,0.8566075563430786,1097.8062744140625,1035.52001953125,1143.669921875,1104.0228271484375,1120.7380981445312,1069.7714233398438,45.8636474609375,68.5028076171875
IMG_0050.mp4,1023,34.134100000000004,29.97002997002997,367,2,traffic_signs,0.5546101331710815,1202.8306884765625,1002.383544921875,1235.8289794921875,1054.1656494140625,1219.329833984375,1028.2745971679688,32.998291015625,51.7821044921875
IMG_0050.mp4,1024,34.16746666666667,29.97002997002997,309,2,traffic_signs,0.9167966842651367,2242.010498046875,1040.563720703125,2363.81884765625,1219.1474609375,2302.9146728515625,1129.8555908203125,121.808349609375,178.583740234375
IMG_0050.mp4,1024,34.16746666666667,29.97002997002997,341,2,traffic_signs,0.8527800440788269,1094.6351318359375,1034.51171875,1140.5123291015625,1103.633544921875,1117.57373046875,1069.0726318359375,45.877197265625,69.121826171875
IMG_0050.mp4,1024,34.16746666666667,29.97002997002997,367,2,traffic_signs,0.41357141733169556,1201.746826171875,1001.0235595703125,1233.0869140625,1053.340576171875,1217.4168701171875,1027.1820678710938,31.340087890625,52.3170166015625
IMG_0050.mp4,1024,34.16746666666667,29.97002997002997,366,2,traffic_signs,0.5786158442497253,863.0640869140625,1046.538818359375,884.712158203125,1073.694580078125,873.8881225585938,1060.11669921875,21.6480712890625,27.15576171875
IMG_0050.mp4,1025,34.200833333333335,29.97002997002997,309,2,traffic_signs,0.9202967286109924,2241.277099609375,1035.6536865234375,2362.197509765625,1218.09765625,2301.7373046875,1126.8756713867188,120.92041015625,182.4439697265625
IMG_0050.mp4,1025,34.200833333333335,29.97002997002997,341,2,traffic_signs,0.8648071885108948,1090.395263671875,1033.5458984375,1137.5946044921875,1103.499267578125,1113.9949340820312,1068.5225830078125,47.1993408203125,69.953369140625
IMG_0050.mp4,1025,34.200833333333335,29.97002997002997,366,2,traffic_signs,0.6184784770011902,860.227783203125,1045.958740234375,882.1941528320312,1072.763427734375,871.2109680175781,1059.361083984375,21.96636962890625,26.8046875
IMG_0050.mp4,1026,34.2342,29.97002997002997,309,2,traffic_signs,0.923931896686554,2239.73681640625,1034.1729736328125,2359.281494140625,1217.366455078125,2299.5091552734375,1125.7697143554688,119.544677734375,183.1934814453125
IMG_0050.mp4,1026,34.2342,29.97002997002997,341,2,traffic_signs,0.8623876571655273,1086.4501953125,1033.0050048828125,1135.246826171875,1103.1488037109375,1110.8485107421875,1068.076904296875,48.796630859375,70.143798828125
IMG_0050.mp4,1026,34.2342,29.97002997002997,366,2,traffic_signs,0.4291016757488251,856.1537475585938,1045.37255859375,877.7510986328125,1071.06201171875,866.9524230957031,1058.21728515625,21.59735107421875,25.689453125
IMG_0050.mp4,1027,34.26756666666667,29.97002997002997,309,2,traffic_signs,0.9248605370521545,2239.243896484375,1032.3975830078125,2358.225341796875,1217.16162109375,2298.734619140625,1124.7796020507812,118.9814453125,184.7640380859375
IMG_0050.mp4,1027,34.26756666666667,29.97002997002997,341,2,traffic_signs,0.8687111735343933,1083.943359375,1033.2821044921875,1132.561279296875,1103.7449951171875,1108.2523193359375,1068.5135498046875,48.617919921875,70.462890625
IMG_0050.mp4,1027,34.26756666666667,29.97002997002997,366,2,traffic_signs,0.25892046093940735,854.3817749023438,1045.3509521484375,875.5021362304688,1071.0426025390625,864.9419555664062,1058.19677734375,21.120361328125,25.691650390625
IMG_0050.mp4,1028,34.30093333333333,29.97002997002997,309,2,traffic_signs,0.9250922799110413,2237.396484375,1031.755859375,2356.56591796875,1215.26708984375,2296.981201171875,1123.511474609375,119.16943359375,183.51123046875
IMG_0050.mp4,1028,34.30093333333333,29.97002997002997,341,2,traffic_signs,0.8332051038742065,1079.9478759765625,1032.244384765625,1128.1651611328125,1103.0333251953125,1104.0565185546875,1067.6388549804688,48.21728515625,70.7889404296875
IMG_0050.mp4,1029,34.3343,29.97002997002997,309,2,traffic_signs,0.9267573356628418,2237.034423828125,1031.23486328125,2355.914306640625,1213.0992431640625,2296.474365234375,1122.1670532226562,118.8798828125,181.8643798828125
IMG_0050.mp4,1029,34.3343,29.97002997002997,341,2,traffic_signs,0.8467971682548523,1077.1820068359375,1031.641357421875,1124.2188720703125,1102.0732421875,1100.700439453125,1066.8572998046875,47.036865234375,70.431884765625
IMG_0050.mp4,1030,34.367666666666665,29.97002997002997,309,2,traffic_signs,0.927163302898407,2236.5791015625,1030.7130126953125,2355.514404296875,1211.1768798828125,2296.0467529296875,1120.9449462890625,118.935302734375,180.4638671875
IMG_0050.mp4,1030,34.367666666666665,29.97002997002997,341,2,traffic_signs,0.8639212846755981,1074.2177734375,1031.358154296875,1120.475830078125,1100.7918701171875,1097.3468017578125,1066.0750122070312,46.258056640625,69.4337158203125
IMG_0050.mp4,1031,34.40103333333333,29.97002997002997,309,2,traffic_signs,0.924039900302887,2234.02099609375,1030.7606201171875,2354.380859375,1209.791748046875,2294.200927734375,1120.2761840820312,120.35986328125,179.0311279296875
IMG_0050.mp4,1031,34.40103333333333,29.97002997002997,341,2,traffic_signs,0.8481335043907166,1070.64599609375,1031.0902099609375,1116.2530517578125,1099.47119140625,1093.4495239257812,1065.2807006835938,45.6070556640625,68.3809814453125
IMG_0050.mp4,1032,34.434400000000004,29.97002997002997,309,2,traffic_signs,0.9253740310668945,2232.749267578125,1030.12744140625,2354.266845703125,1208.948486328125,2293.508056640625,1119.5379638671875,121.517578125,178.821044921875
IMG_0050.mp4,1032,34.434400000000004,29.97002997002997,341,2,traffic_signs,0.8481201529502869,1067.8330078125,1030.973388671875,1111.9281005859375,1099.625732421875,1089.8805541992188,1065.299560546875,44.0950927734375,68.65234375
IMG_0050.mp4,1033,34.46776666666667,29.97002997002997,309,2,traffic_signs,0.9282698035240173,2230.8818359375,1029.3125,2353.46875,1208.57373046875,2292.17529296875,1118.943115234375,122.5869140625,179.26123046875
IMG_0050.mp4,1033,34.46776666666667,29.97002997002997,341,2,traffic_signs,0.8324906826019287,1063.1986083984375,1030.2803955078125,1108.1336669921875,1099.2352294921875,1085.6661376953125,1064.7578125,44.93505859375,68.954833984375
IMG_0050.mp4,1033,34.46776666666667,29.97002997002997,366,2,traffic_signs,0.2543511986732483,834.3084716796875,1041.0111083984375,855.6427001953125,1068.488037109375,844.9755859375,1054.7495727539062,21.334228515625,27.4769287109375
IMG_0050.mp4,1034,34.501133333333335,29.97002997002997,309,2,traffic_signs,0.9225449562072754,2229.046142578125,1026.7882080078125,2351.791015625,1208.40625,2290.4185791015625,1117.5972290039062,122.744873046875,181.6180419921875
IMG_0050.mp4,1034,34.501133333333335,29.97002997002997,341,2,traffic_signs,0.836444616317749,1058.7503662109375,1029.4013671875,1104.4373779296875,1099.1396484375,1081.5938720703125,1064.2705078125,45.68701171875,69.73828125
IMG_0050.mp4,1034,34.501133333333335,29.97002997002997,366,2,traffic_signs,0.26391616463661194,830.9474487304688,1039.850341796875,852.9815673828125,1068.2760009765625,841.9645080566406,1054.0631713867188,22.03411865234375,28.4256591796875
IMG_0050.mp4,1035,34.5345,29.97002997002997,309,2,traffic_signs,0.7353609800338745,2226.769287109375,1024.7403564453125,2349.975830078125,1207.6041259765625,2288.37255859375,1116.1722412109375,123.20654296875,182.86376953125
IMG_0050.mp4,1035,34.5345,29.97002997002997,341,2,traffic_signs,0.8237661719322205,1054.9853515625,1027.75927734375,1100.5933837890625,1098.03173828125,1077.7893676757812,1062.8955078125,45.6080322265625,70.2724609375
IMG_0050.mp4,1036,34.56786666666667,29.97002997002997,309,2,traffic_signs,0.9040277004241943,2224.599609375,1023.501220703125,2348.150634765625,1206.517822265625,2286.3751220703125,1115.009521484375,123.551025390625,183.0166015625
IMG_0050.mp4,1036,34.56786666666667,29.97002997002997,341,2,traffic_signs,0.7786241769790649,1050.9739990234375,1026.885009765625,1097.8045654296875,1096.9080810546875,1074.3892822265625,1061.8965454101562,46.83056640625,70.0230712890625
IMG_0050.mp4,1036,34.56786666666667,29.97002997002997,366,2,traffic_signs,0.2694854438304901,823.291748046875,1038.6636962890625,846.8408813476562,1067.3228759765625,835.0663146972656,1052.9932861328125,23.54913330078125,28.6591796875
IMG_0050.mp4,1037,34.60123333333333,29.97002997002997,309,2,traffic_signs,0.6855468153953552,2223.024169921875,1022.4231567382812,2346.03369140625,1206.2470703125,2284.5289306640625,1114.3351135253906,123.009521484375,183.82391357421875
IMG_0050.mp4,1037,34.60123333333333,29.97002997002997,341,2,traffic_signs,0.7891678214073181,1045.1700439453125,1025.6314697265625,1093.5306396484375,1098.4937744140625,1069.350341796875,1062.0626220703125,48.360595703125,72.8623046875
IMG_0050.mp4,1038,34.6346,29.97002997002997,309,2,traffic_signs,0.4246845841407776,2222.3310546875,1020.2440795898438,2343.882568359375,1205.5936279296875,2283.1068115234375,1112.9188537597656,121.551513671875,185.34954833984375
IMG_0050.mp4,1038,34.6346,29.97002997002997,341,2,traffic_signs,0.6158877611160278,1040.5657958984375,1022.6394653320312,1089.6627197265625,1098.361083984375,1065.1142578125,1060.5002746582031,49.096923828125,75.72161865234375
IMG_0050.mp4,1038,34.6346,29.97002997002997,366,2,traffic_signs,0.3643256425857544,816.8824462890625,1037.037353515625,841.883544921875,1067.4598388671875,829.3829956054688,1052.2485961914062,25.0010986328125,30.4224853515625
IMG_0050.mp4,1039,34.667966666666665,29.97002997002997,309,2,traffic_signs,0.7234268188476562,2220.497802734375,1019.4994506835938,2341.35595703125,1204.2249755859375,2280.9268798828125,1111.8622131347656,120.858154296875,184.72552490234375
IMG_0050.mp4,1039,34.667966666666665,29.97002997002997,341,2,traffic_signs,0.6433466076850891,1035.2181396484375,1021.2866821289062,1084.8095703125,1098.4683837890625,1060.0138549804688,1059.8775329589844,49.5914306640625,77.18170166015625
IMG_0050.mp4,1039,34.667966666666665,29.97002997002997,366,2,traffic_signs,0.47306692600250244,811.4237060546875,1036.5137939453125,836.0256958007812,1067.7508544921875,823.7247009277344,1052.13232421875,24.60198974609375,31.237060546875
IMG_0050.mp4,1040,34.70133333333333,29.97002997002997,309,2,traffic_signs,0.6622714996337891,2218.320068359375,1019.4473266601562,2339.766845703125,1203.29150390625,2279.04345703125,1111.3694152832031,121.44677734375,183.84417724609375
IMG_0050.mp4,1040,34.70133333333333,29.97002997002997,341,2,traffic_signs,0.7263270020484924,1031.7164306640625,1020.4489135742188,1081.0255126953125,1097.0244140625,1056.3709716796875,1058.7366638183594,49.30908203125,76.57550048828125
IMG_0050.mp4,1040,34.70133333333333,29.97002997002997,366,2,traffic_signs,0.6021602749824524,808.1780395507812,1035.23681640625,832.1146850585938,1067.81640625,820.1463623046875,1051.526611328125,23.9366455078125,32.57958984375
IMG_0050.mp4,1041,34.734700000000004,29.97002997002997,309,2,traffic_signs,0.9222226142883301,2216.6806640625,1017.0233154296875,2337.67431640625,1201.2655029296875,2277.177490234375,1109.1444091796875,120.99365234375,184.2421875
IMG_0050.mp4,1041,34.734700000000004,29.97002997002997,341,2,traffic_signs,0.5466230511665344,1028.5643310546875,1019.6212768554688,1077.8502197265625,1094.8721923828125,1053.207275390625,1057.2467346191406,49.285888671875,75.25091552734375
IMG_0050.mp4,1041,34.734700000000004,29.97002997002997,366,2,traffic_signs,0.6538702249526978,804.3279418945312,1034.404296875,829.5531005859375,1066.2818603515625,816.9405212402344,1050.3430786132812,25.22515869140625,31.8775634765625
IMG_0050.mp4,1042,34.76806666666667,29.97002997002997,309,2,traffic_signs,0.9216287732124329,2214.2900390625,1013.1968383789062,2334.25146484375,1198.4173583984375,2274.270751953125,1105.8070983886719,119.96142578125,185.22052001953125
IMG_0050.mp4,1042,34.76806666666667,29.97002997002997,341,2,traffic_signs,0.8747310042381287,1025.068115234375,1017.4063110351562,1074.6705322265625,1093.5198974609375,1049.8693237304688,1055.4631042480469,49.6024169921875,76.11358642578125
IMG_0050.mp4,1042,34.76806666666667,29.97002997002997,366,2,traffic_signs,0.6845159530639648,799.306884765625,1033.984619140625,825.4583740234375,1065.736572265625,812.3826293945312,1049.860595703125,26.1514892578125,31.751953125
IMG_0050.mp4,1043,34.801433333333335,29.97002997002997,309,2,traffic_signs,0.918083906173706,2212.265869140625,1010.953125,2332.309326171875,1196.2655029296875,2272.28759765625,1103.6093139648438,120.04345703125,185.3123779296875
IMG_0050.mp4,1043,34.801433333333335,29.97002997002997,341,2,traffic_signs,0.8723278045654297,1022.173828125,1017.2025756835938,1071.9368896484375,1092.7401123046875,1047.0553588867188,1054.9713439941406,49.7630615234375,75.53753662109375
IMG_0050.mp4,1043,34.801433333333335,29.97002997002997,366,2,traffic_signs,0.5728492736816406,797.2348022460938,1033.464599609375,822.8695678710938,1065.025146484375,810.0521850585938,1049.244873046875,25.634765625,31.560546875
IMG_0050.mp4,1044,34.8348,29.97002997002997,309,2,traffic_signs,0.9189021587371826,2208.3134765625,1008.9539794921875,2330.771240234375,1196.210205078125,2269.5423583984375,1102.5820922851562,122.457763671875,187.2562255859375
IMG_0050.mp4,1044,34.8348,29.97002997002997,341,2,traffic_signs,0.8765568733215332,1017.895263671875,1015.5081176757812,1068.608642578125,1091.2303466796875,1043.251953125,1053.3692321777344,50.71337890625,75.72222900390625
IMG_0050.mp4,1044,34.8348,29.97002997002997,366,2,traffic_signs,0.7300386428833008,793.03662109375,1033.0120849609375,818.594970703125,1064.057861328125,805.8157958984375,1048.5349731445312,25.558349609375,31.0457763671875
IMG_0050.mp4,1045,34.86816666666667,29.97002997002997,309,2,traffic_signs,0.9206352233886719,2204.891845703125,1008.2120971679688,2328.9541015625,1195.98974609375,2266.9229736328125,1102.1009216308594,124.062255859375,187.77764892578125
IMG_0050.mp4,1045,34.86816666666667,29.97002997002997,341,2,traffic_signs,0.8720496892929077,1013.7527465820312,1014.2985229492188,1063.7122802734375,1091.1591796875,1038.7325134277344,1052.7288513183594,49.95953369140625,76.86065673828125
IMG_0050.mp4,1045,34.86816666666667,29.97002997002997,366,2,traffic_signs,0.7088884711265564,790.0281372070312,1032.6767578125,814.7938842773438,1063.090576171875,802.4110107421875,1047.8836669921875,24.7657470703125,30.413818359375
IMG_0050.mp4,1046,34.90153333333333,29.97002997002997,309,2,traffic_signs,0.9230524897575378,2202.208984375,1007.6095581054688,2327.72705078125,1195.5723876953125,2264.968017578125,1101.5909729003906,125.51806640625,187.96282958984375
IMG_0050.mp4,1046,34.90153333333333,29.97002997002997,341,2,traffic_signs,0.8667754530906677,1009.374755859375,1012.9099731445312,1059.5806884765625,1090.9410400390625,1034.4777221679688,1051.9255065917969,50.2059326171875,78.03106689453125
IMG_0050.mp4,1046,34.90153333333333,29.97002997002997,366,2,traffic_signs,0.5782144665718079,786.385498046875,1032.1214599609375,811.6624145507812,1062.2725830078125,799.0239562988281,1047.197021484375,25.27691650390625,30.151123046875
IMG_0050.mp4,1047,34.9349,29.97002997002997,309,2,traffic_signs,0.9227606058120728,2198.5830078125,1007.3770751953125,2325.484375,1194.1229248046875,2262.03369140625,1100.75,126.9013671875,186.745849609375
IMG_0050.mp4,1047,34.9349,29.97002997002997,341,2,traffic_signs,0.8685134053230286,1004.4990234375,1011.1326904296875,1054.5164794921875,1089.0423583984375,1029.5077514648438,1050.0875244140625,50.0174560546875,77.90966796875
IMG_0050.mp4,1047,34.9349,29.97002997002997,366,2,traffic_signs,0.5535594820976257,781.6401977539062,1030.519775390625,808.4354858398438,1061.320068359375,795.037841796875,1045.919921875,26.7952880859375,30.80029296875
IMG_0050.mp4,1048,34.968266666666665,29.97002997002997,309,2,traffic_signs,0.9242132902145386,2197.812744140625,1006.73291015625,2324.29248046875,1193.53857421875,2261.0526123046875,1100.1357421875,126.479736328125,186.8056640625
IMG_0050.mp4,1048,34.968266666666665,29.97002997002997,341,2,traffic_signs,0.8693712949752808,1001.787353515625,1010.2576904296875,1051.0135498046875,1088.039306640625,1026.4004516601562,1049.1484985351562,49.2261962890625,77.7816162109375
IMG_0050.mp4,1048,34.968266666666665,29.97002997002997,366,2,traffic_signs,0.3655877411365509,780.1316528320312,1029.620361328125,806.96044921875,1060.8829345703125,793.5460510253906,1045.2516479492188,26.82879638671875,31.2625732421875
IMG_0050.mp4,1049,35.00163333333333,29.97002997002997,309,2,traffic_signs,0.9240922331809998,2197.09375,1005.9868774414062,2322.0771484375,1192.3243408203125,2259.58544921875,1099.1556091308594,124.9833984375,186.33746337890625
IMG_0050.mp4,1049,35.00163333333333,29.97002997002997,341,2,traffic_signs,0.8861843943595886,996.4210205078125,1009.9970092773438,1047.3419189453125,1088.1175537109375,1021.8814697265625,1049.0572814941406,50.9208984375,78.12054443359375
IMG_0050.mp4,1049,35.00163333333333,29.97002997002997,366,2,traffic_signs,0.3491751551628113,775.7515869140625,1029.1585693359375,802.4965209960938,1061.0850830078125,789.1240539550781,1045.121826171875,26.74493408203125,31.926513671875
IMG_0050.mp4,1050,35.035000000000004,29.97002997002997,309,2,traffic_signs,0.9248902797698975,2195.93896484375,1004.4324951171875,2320.104736328125,1191.115234375,2258.0218505859375,1097.7738647460938,124.165771484375,186.6827392578125
IMG_0050.mp4,1050,35.035000000000004,29.97002997002997,341,2,traffic_signs,0.888100266456604,992.55126953125,1009.8272705078125,1042.88134765625,1087.6778564453125,1017.71630859375,1048.7525634765625,50.330078125,77.8505859375
IMG_0050.mp4,1050,35.035000000000004,29.97002997002997,378,2,traffic_signs,0.43628591299057007,1377.236083984375,1081.8880615234375,1430.0919189453125,1160.251953125,1403.6640014648438,1121.0700073242188,52.8558349609375,78.3638916015625
IMG_0050.mp4,1051,35.06836666666667,29.97002997002997,309,2,traffic_signs,0.9194125533103943,2194.904052734375,1001.9586181640625,2319.5615234375,1190.5897216796875,2257.2327880859375,1096.274169921875,124.657470703125,188.631103515625
IMG_0050.mp4,1051,35.06836666666667,29.97002997002997,341,2,traffic_signs,0.8762063980102539,988.8744506835938,1007.34326171875,1039.42236328125,1087.407470703125,1014.1484069824219,1047.3753662109375,50.54791259765625,80.064208984375
IMG_0050.mp4,1052,35.101733333333335,29.97002997002997,309,2,traffic_signs,0.9172323346138,2192.1884765625,1000.6925048828125,2317.031982421875,1190.531494140625,2254.6102294921875,1095.6119995117188,124.843505859375,189.8389892578125
IMG_0050.mp4,1052,35.101733333333335,29.97002997002997,341,2,traffic_signs,0.7684352993965149,983.6900634765625,1005.411865234375,1035.1851806640625,1083.8599853515625,1009.4376220703125,1044.6359252929688,51.4951171875,78.4481201171875
IMG_0050.mp4,1053,35.1351,29.97002997002997,309,2,traffic_signs,0.9190695881843567,2191.43505859375,999.439453125,2314.295166015625,1190.749755859375,2252.8651123046875,1095.0946044921875,122.860107421875,191.310302734375
IMG_0050.mp4,1053,35.1351,29.97002997002997,341,2,traffic_signs,0.8565731644630432,980.9251098632812,1004.517822265625,1031.064453125,1081.4635009765625,1005.9947814941406,1042.9906616210938,50.13934326171875,76.9456787109375
IMG_0050.mp4,1054,35.16846666666667,29.97002997002997,309,2,traffic_signs,0.9195165634155273,2189.8203125,999.2603149414062,2311.501708984375,1190.351806640625,2250.6610107421875,1094.8060607910156,121.681396484375,191.09149169921875
IMG_0050.mp4,1054,35.16846666666667,29.97002997002997,341,2,traffic_signs,0.8408408761024475,977.8624267578125,1003.2286376953125,1027.6358642578125,1080.150390625,1002.7491455078125,1041.6895141601562,49.7734375,76.9217529296875
IMG_0050.mp4,1055,35.20183333333333,29.97002997002997,309,2,traffic_signs,0.9164688587188721,2188.126953125,998.8125610351562,2309.1591796875,1187.595458984375,2248.64306640625,1093.2040100097656,121.0322265625,188.78289794921875
IMG_0050.mp4,1055,35.20183333333333,29.97002997002997,341,2,traffic_signs,0.8831116557121277,972.1597290039062,1003.2720947265625,1023.3049926757812,1080.5147705078125,997.7323608398438,1041.8934326171875,51.145263671875,77.24267578125
IMG_0050.mp4,1056,35.2352,29.97002997002997,309,2,traffic_signs,0.9190130829811096,2187.269287109375,998.7800903320312,2308.531494140625,1185.8299560546875,2247.900390625,1092.3050231933594,121.26220703125,187.04986572265625
IMG_0050.mp4,1056,35.2352,29.97002997002997,341,2,traffic_signs,0.8705934286117554,968.7723388671875,1004.102783203125,1019.012451171875,1079.955810546875,993.8923950195312,1042.029296875,50.2401123046875,75.85302734375
IMG_0050.mp4,1057,35.268566666666665,29.97002997002997,309,2,traffic_signs,0.9145455956459045,2184.1005859375,998.8360595703125,2307.1318359375,1183.9647216796875,2245.6162109375,1091.400390625,123.03125,185.128662109375
IMG_0050.mp4,1057,35.268566666666665,29.97002997002997,341,2,traffic_signs,0.8841696977615356,963.4234619140625,1001.735107421875,1015.021728515625,1080.8695068359375,989.2225952148438,1041.3023071289062,51.5982666015625,79.1343994140625
IMG_0050.mp4,1057,35.268566666666665,29.97002997002997,378,2,traffic_signs,0.5748232007026672,1358.543212890625,1077.722412109375,1418.6265869140625,1158.0164794921875,1388.5848999023438,1117.8694458007812,60.0833740234375,80.2940673828125
IMG_0050.mp4,1058,35.30193333333333,29.97002997002997,309,2,traffic_signs,0.9141097664833069,2181.6162109375,998.5809936523438,2305.59814453125,1182.4293212890625,2243.607177734375,1090.5051574707031,123.98193359375,183.84832763671875
IMG_0050.mp4,1058,35.30193333333333,29.97002997002997,341,2,traffic_signs,0.6192354559898376,958.9436645507812,1000.4066772460938,1009.814208984375,1079.9354248046875,984.3789367675781,1040.1710510253906,50.87054443359375,79.52874755859375
IMG_0050.mp4,1059,35.335300000000004,29.97002997002997,309,2,traffic_signs,0.9174507260322571,2180.061279296875,998.1214599609375,2304.11767578125,1181.8887939453125,2242.0894775390625,1090.005126953125,124.056396484375,183.767333984375
IMG_0050.mp4,1059,35.335300000000004,29.97002997002997,341,2,traffic_signs,0.8745619058609009,955.9552001953125,999.4715576171875,1006.1559448242188,1079.335205078125,981.0555725097656,1039.4033813476562,50.20074462890625,79.8636474609375
IMG_0050.mp4,1059,35.335300000000004,29.97002997002997,378,2,traffic_signs,0.2946125566959381,1352.7694091796875,1081.08056640625,1412.562255859375,1156.0870361328125,1382.6658325195312,1118.5838012695312,59.7928466796875,75.0064697265625
IMG_0050.mp4,1060,35.36866666666667,29.97002997002997,309,2,traffic_signs,0.918586254119873,2178.737548828125,995.7567138671875,2301.591552734375,1181.667236328125,2240.16455078125,1088.7119750976562,122.85400390625,185.9105224609375
IMG_0050.mp4,1060,35.36866666666667,29.97002997002997,341,2,traffic_signs,0.8966764211654663,952.0513305664062,999.2223510742188,1002.4576416015625,1079.11474609375,977.2544860839844,1039.1685485839844,50.40631103515625,79.89239501953125
IMG_0050.mp4,1060,35.36866666666667,29.97002997002997,378,2,traffic_signs,0.3979467749595642,1349.6639404296875,1083.16845703125,1408.228271484375,1154.9534912109375,1378.9461059570312,1119.0609741210938,58.5643310546875,71.7850341796875
IMG_0050.mp4,1061,35.402033333333335,29.97002997002997,309,2,traffic_signs,0.9218013286590576,2177.25732421875,992.7544555664062,2299.080322265625,1182.0699462890625,2238.1688232421875,1087.4122009277344,121.822998046875,189.31549072265625
IMG_0050.mp4,1061,35.402033333333335,29.97002997002997,341,2,traffic_signs,0.8977991342544556,948.4971313476562,1002.0300903320312,998.716796875,1078.3277587890625,973.6069641113281,1040.1789245605469,50.21966552734375,76.29766845703125
IMG_0050.mp4,1062,35.4354,29.97002997002997,309,2,traffic_signs,0.9260373115539551,2173.954833984375,990.0133056640625,2297.265869140625,1182.7586669921875,2235.6103515625,1086.385986328125,123.31103515625,192.745361328125
IMG_0050.mp4,1062,35.4354,29.97002997002997,341,2,traffic_signs,0.8907586932182312,943.3080444335938,999.8939208984375,994.4842529296875,1077.684326171875,968.8961486816406,1038.7891235351562,51.17620849609375,77.7904052734375
IMG_0050.mp4,1062,35.4354,29.97002997002997,378,2,traffic_signs,0.3440178334712982,1344.677001953125,1081.1434326171875,1403.9083251953125,1154.459716796875,1374.2926635742188,1117.8015747070312,59.2313232421875,73.3162841796875
IMG_0050.mp4,1063,35.46876666666667,29.97002997002997,309,2,traffic_signs,0.9313641786575317,2170.298828125,988.075439453125,2295.3828125,1184.3990478515625,2232.8408203125,1086.2372436523438,125.083984375,196.3236083984375
IMG_0050.mp4,1063,35.46876666666667,29.97002997002997,341,2,traffic_signs,0.823335587978363,937.5062866210938,998.6681518554688,988.985595703125,1078.1114501953125,963.2459411621094,1038.3898010253906,51.47930908203125,79.44329833984375
IMG_0050.mp4,1064,35.50213333333333,29.97002997002997,309,2,traffic_signs,0.9109267592430115,2168.510498046875,987.0733032226562,2293.504638671875,1184.1954345703125,2231.007568359375,1085.6343688964844,124.994140625,197.12213134765625
IMG_0050.mp4,1064,35.50213333333333,29.97002997002997,341,2,traffic_signs,0.8669759631156921,934.2175903320312,999.6467895507812,984.8434448242188,1076.8974609375,959.530517578125,1038.2721252441406,50.6258544921875,77.25067138671875
IMG_0050.mp4,1065,35.5355,29.97002997002997,309,2,traffic_signs,0.9356055855751038,2166.743408203125,984.8916625976562,2289.981201171875,1184.0179443359375,2228.3623046875,1084.4548034667969,123.23779296875,199.12628173828125
IMG_0050.mp4,1065,35.5355,29.97002997002997,341,2,traffic_signs,0.8609431385993958,930.8828125,998.2947998046875,980.74462890625,1075.78173828125,955.813720703125,1037.0382690429688,49.86181640625,77.4869384765625
IMG_0050.mp4,1066,35.568866666666665,29.97002997002997,309,2,traffic_signs,0.923897922039032,2164.913330078125,983.007568359375,2286.817626953125,1183.0020751953125,2225.865478515625,1083.0048217773438,121.904296875,199.9945068359375
IMG_0050.mp4,1066,35.568866666666665,29.97002997002997,341,2,traffic_signs,0.8616770505905151,926.5084228515625,996.654052734375,977.2042846679688,1074.15380859375,951.8563537597656,1035.4039306640625,50.69586181640625,77.499755859375
IMG_0050.mp4,1066,35.568866666666665,29.97002997002997,366,2,traffic_signs,0.4698333740234375,711.1560668945312,1021.5750732421875,735.47607421875,1048.10400390625,723.3160705566406,1034.8395385742188,24.32000732421875,26.5289306640625
IMG_0050.mp4,1066,35.568866666666665,29.97002997002997,378,2,traffic_signs,0.5440466403961182,1334.4931640625,1081.8543701171875,1393.705078125,1153.2242431640625,1364.09912109375,1117.539306640625,59.2119140625,71.369873046875
IMG_0050.mp4,1067,35.60223333333333,29.97002997002997,309,2,traffic_signs,0.9182024002075195,2163.9404296875,981.4835815429688,2284.81787109375,1181.6185302734375,2224.379150390625,1081.5510559082031,120.87744140625,200.13494873046875
IMG_0050.mp4,1067,35.60223333333333,29.97002997002997,341,2,traffic_signs,0.8366557359695435,921.9733276367188,993.7627563476562,974.1808471679688,1074.2919921875,948.0770874023438,1034.0273742675781,52.20751953125,80.52923583984375
IMG_0050.mp4,1067,35.60223333333333,29.97002997002997,366,2,traffic_signs,0.2564559280872345,708.6096801757812,1020.5350952148438,733.6444702148438,1047.8511962890625,721.1270751953125,1034.1931457519531,25.0347900390625,27.31610107421875
IMG_0050.mp4,1067,35.60223333333333,29.97002997002997,378,2,traffic_signs,0.7159482836723328,1331.7926025390625,1081.26611328125,1391.48876953125,1153.1322021484375,1361.6406860351562,1117.1991577148438,59.6961669921875,71.8660888671875
IMG_0050.mp4,1068,35.635600000000004,29.97002997002997,309,2,traffic_signs,0.917061984539032,2159.839111328125,980.2716064453125,2283.306884765625,1181.9998779296875,2221.572998046875,1081.1357421875,123.4677734375,201.728271484375
IMG_0050.mp4,1068,35.635600000000004,29.97002997002997,341,2,traffic_signs,0.5723070502281189,917.5050048828125,992.7822875976562,970.040771484375,1074.6455078125,943.7728881835938,1033.7138977050781,52.5357666015625,81.86322021484375
IMG_0050.mp4,1068,35.635600000000004,29.97002997002997,366,2,traffic_signs,0.29461121559143066,704.0582885742188,1020.1549072265625,729.40966796875,1048.21728515625,716.7339782714844,1034.1860961914062,25.35137939453125,28.0623779296875
IMG_0050.mp4,1068,35.635600000000004,29.97002997002997,378,2,traffic_signs,0.29426902532577515,1328.9012451171875,1080.297119140625,1385.067626953125,1152.565673828125,1356.9844360351562,1116.431396484375,56.1663818359375,72.2685546875
IMG_0050.mp4,1069,35.66896666666667,29.97002997002997,309,2,traffic_signs,0.920581579208374,2156.234130859375,978.182373046875,2281.696533203125,1180.2904052734375,2218.96533203125,1079.2363891601562,125.46240234375,202.1080322265625
IMG_0050.mp4,1069,35.66896666666667,29.97002997002997,341,2,traffic_signs,0.8734683990478516,912.3273315429688,990.3259887695312,966.529052734375,1075.56298828125,939.4281921386719,1032.9444885253906,54.20172119140625,85.23699951171875
IMG_0050.mp4,1069,35.66896666666667,29.97002997002997,366,2,traffic_signs,0.3226521611213684,699.9091796875,1021.4296264648438,724.320068359375,1047.6982421875,712.1146240234375,1034.5639343261719,24.410888671875,26.26861572265625
IMG_0050.mp4,1070,35.702333333333335,29.97002997002997,309,2,traffic_signs,0.9269314408302307,2153.836669921875,976.1810302734375,2279.952392578125,1178.92041015625,2216.89453125,1077.5507202148438,126.11572265625,202.7393798828125
IMG_0050.mp4,1070,35.702333333333335,29.97002997002997,341,2,traffic_signs,0.8185303211212158,908.2966918945312,990.4476928710938,962.48779296875,1074.580322265625,935.3922424316406,1032.5140075683594,54.19110107421875,84.13262939453125
IMG_0050.mp4,1071,35.7357,29.97002997002997,309,2,traffic_signs,0.9276917576789856,2151.033935546875,975.32568359375,2276.1875,1177.698974609375,2213.6107177734375,1076.5123291015625,125.153564453125,202.373291015625
IMG_0050.mp4,1071,35.7357,29.97002997002997,341,2,traffic_signs,0.4866078794002533,903.8580322265625,989.5724487304688,958.6478271484375,1073.762451171875,931.2529296875,1031.6674499511719,54.789794921875,84.19000244140625
IMG_0050.mp4,1072,35.76906666666667,29.97002997002997,309,2,traffic_signs,0.9309098124504089,2150.0615234375,975.2081909179688,2273.460693359375,1175.276123046875,2211.7611083984375,1075.2421569824219,123.399169921875,200.06793212890625
IMG_0050.mp4,1072,35.76906666666667,29.97002997002997,341,2,traffic_signs,0.892603874206543,899.2379150390625,988.3636474609375,954.9224853515625,1072.990966796875,927.0802001953125,1030.6773071289062,55.6845703125,84.6273193359375
IMG_0050.mp4,1073,35.80243333333333,29.97002997002997,309,2,traffic_signs,0.9364461898803711,2147.210205078125,974.5778198242188,2271.190185546875,1172.3009033203125,2209.2001953125,1073.4393615722656,123.97998046875,197.72308349609375
IMG_0050.mp4,1073,35.80243333333333,29.97002997002997,341,2,traffic_signs,0.8454682230949402,893.9293212890625,987.3325805664062,950.0220336914062,1073.78173828125,921.9756774902344,1030.5571594238281,56.09271240234375,86.44915771484375
IMG_0050.mp4,1074,35.8358,29.97002997002997,309,2,traffic_signs,0.937315821647644,2144.064453125,974.4197998046875,2268.1962890625,1169.99853515625,2206.13037109375,1072.2091674804688,124.1318359375,195.5787353515625
IMG_0050.mp4,1074,35.8358,29.97002997002997,341,2,traffic_signs,0.8446599245071411,888.26953125,987.3017578125,944.6495361328125,1074.1820068359375,916.4595336914062,1030.7418823242188,56.3800048828125,86.8802490234375
IMG_0050.mp4,1075,35.869166666666665,29.97002997002997,309,2,traffic_signs,0.9252469539642334,2142.9443359375,973.6643676757812,2266.299560546875,1169.4217529296875,2204.6219482421875,1071.5430603027344,123.355224609375,195.75738525390625
IMG_0050.mp4,1075,35.869166666666665,29.97002997002997,341,2,traffic_signs,0.888475775718689,885.5830078125,987.1300659179688,940.637451171875,1072.602294921875,913.1102294921875,1029.8661804199219,55.054443359375,85.47222900390625
IMG_0050.mp4,1075,35.869166666666665,29.97002997002997,378,2,traffic_signs,0.5330706238746643,1309.5504150390625,1078.8004150390625,1367.02783203125,1152.36083984375,1338.2891235351562,1115.5806274414062,57.4774169921875,73.5604248046875
IMG_0050.mp4,1076,35.90253333333333,29.97002997002997,309,2,traffic_signs,0.8378798961639404,2139.266845703125,973.09130859375,2262.60302734375,1168.7041015625,2200.9349365234375,1070.897705078125,123.336181640625,195.61279296875
IMG_0050.mp4,1076,35.90253333333333,29.97002997002997,341,2,traffic_signs,0.8705957531929016,880.9615478515625,988.1732177734375,935.422607421875,1071.01123046875,908.1920776367188,1029.5922241210938,54.4610595703125,82.8380126953125
IMG_0050.mp4,1076,35.90253333333333,29.97002997002997,378,2,traffic_signs,0.6640632748603821,1305.643798828125,1079.0325927734375,1364.71044921875,1152.4532470703125,1335.1771240234375,1115.742919921875,59.066650390625,73.420654296875
IMG_0050.mp4,1077,35.935900000000004,29.97002997002997,309,2,traffic_signs,0.94504714012146,2136.816162109375,971.4846801757812,2260.582275390625,1167.540283203125,2198.69921875,1069.5124816894531,123.76611328125,196.05560302734375
IMG_0050.mp4,1077,35.935900000000004,29.97002997002997,341,2,traffic_signs,0.8642248511314392,877.1070556640625,988.2940063476562,930.2080688476562,1069.9437255859375,903.6575622558594,1029.1188659667969,53.10101318359375,81.64971923828125
IMG_0050.mp4,1077,35.935900000000004,29.97002997002997,378,2,traffic_signs,0.6631282567977905,1303.061279296875,1078.3753662109375,1359.5965576171875,1151.83544921875,1331.3289184570312,1115.1054077148438,56.5352783203125,73.4600830078125
IMG_0050.mp4,1078,35.96926666666667,29.97002997002997,309,2,traffic_signs,0.9420960545539856,2135.49658203125,969.9344482421875,2259.723876953125,1166.999755859375,2197.6102294921875,1068.4671020507812,124.227294921875,197.0653076171875
IMG_0050.mp4,1078,35.96926666666667,29.97002997002997,341,2,traffic_signs,0.8524069786071777,872.2074584960938,985.4252319335938,926.6467895507812,1069.0286865234375,899.4271240234375,1027.2269592285156,54.4393310546875,83.60345458984375
IMG_0050.mp4,1078,35.96926666666667,29.97002997002997,378,2,traffic_signs,0.7863888740539551,1300.8255615234375,1078.416748046875,1357.7276611328125,1150.8128662109375,1329.276611328125,1114.6148071289062,56.902099609375,72.3961181640625
IMG_0050.mp4,1079,36.002633333333335,29.97002997002997,309,2,traffic_signs,0.9347017407417297,2133.549560546875,966.9494018554688,2258.324951171875,1166.280029296875,2195.937255859375,1066.6147155761719,124.775390625,199.33062744140625
IMG_0050.mp4,1079,36.002633333333335,29.97002997002997,341,2,traffic_signs,0.8453800082206726,866.5774536132812,983.8193969726562,922.02197265625,1069.01220703125,894.2997131347656,1026.4158020019531,55.44451904296875,85.19281005859375
IMG_0050.mp4,1079,36.002633333333335,29.97002997002997,378,2,traffic_signs,0.5308467149734497,1298.2537841796875,1078.9261474609375,1353.5269775390625,1149.886962890625,1325.890380859375,1114.4065551757812,55.273193359375,70.9608154296875
IMG_0050.mp4,1080,36.036,29.97002997002997,309,2,traffic_signs,0.9334941506385803,2133.1279296875,964.7808227539062,2257.6533203125,1165.3944091796875,2195.390625,1065.0876159667969,124.525390625,200.61358642578125
IMG_0050.mp4,1080,36.036,29.97002997002997,341,2,traffic_signs,0.8039219975471497,863.4756469726562,984.7080688476562,917.472900390625,1068.3675537109375,890.4742736816406,1026.5378112792969,53.99725341796875,83.65948486328125
IMG_0050.mp4,1080,36.036,29.97002997002997,378,2,traffic_signs,0.7019866704940796,1296.3736572265625,1079.2271728515625,1353.5072021484375,1149.0892333984375,1324.9404296875,1114.158203125,57.133544921875,69.862060546875
IMG_0050.mp4,1081,36.06936666666667,29.97002997002997,309,2,traffic_signs,0.9330331683158875,2131.0546875,963.1088256835938,2255.508056640625,1165.0166015625,2193.2813720703125,1064.0627136230469,124.453369140625,201.90777587890625
IMG_0050.mp4,1081,36.06936666666667,29.97002997002997,341,2,traffic_signs,0.8485069870948792,859.1905517578125,983.5496826171875,912.9719848632812,1066.7374267578125,886.0812683105469,1025.1435546875,53.78143310546875,83.187744140625
IMG_0050.mp4,1081,36.06936666666667,29.97002997002997,378,2,traffic_signs,0.602486252784729,1294.26416015625,1079.084716796875,1352.32763671875,1148.7657470703125,1323.2958984375,1113.9252319335938,58.0634765625,69.6810302734375
IMG_0050.mp4,1082,36.10273333333333,29.97002997002997,309,2,traffic_signs,0.9330742359161377,2129.006591796875,962.1602783203125,2252.239013671875,1163.9859619140625,2190.622802734375,1063.0731201171875,123.232421875,201.82568359375
IMG_0050.mp4,1082,36.10273333333333,29.97002997002997,341,2,traffic_signs,0.8477132320404053,855.2733764648438,982.8404541015625,908.795654296875,1065.9781494140625,882.0345153808594,1024.4093017578125,53.52227783203125,83.1376953125
IMG_0050.mp4,1082,36.10273333333333,29.97002997002997,378,2,traffic_signs,0.6847735643386841,1291.0025634765625,1077.72265625,1345.3935546875,1148.45458984375,1318.1980590820312,1113.088623046875,54.3909912109375,70.73193359375
IMG_0050.mp4,1083,36.1361,29.97002997002997,309,2,traffic_signs,0.9366189241409302,2126.47607421875,961.4857177734375,2250.11083984375,1164.457275390625,2188.29345703125,1062.9714965820312,123.634765625,202.9715576171875
IMG_0050.mp4,1083,36.1361,29.97002997002997,341,2,traffic_signs,0.8526092171669006,850.5099487304688,981.9060668945312,905.529296875,1065.19580078125,878.0196228027344,1023.5509338378906,55.01934814453125,83.28973388671875
IMG_0050.mp4,1083,36.1361,29.97002997002997,378,2,traffic_signs,0.7678529024124146,1289.5335693359375,1077.031982421875,1345.48193359375,1148.679443359375,1317.5077514648438,1112.855712890625,55.9483642578125,71.6474609375
IMG_0050.mp4,1084,36.169466666666665,29.97002997002997,309,2,traffic_signs,0.9409409165382385,2122.646240234375,961.0819091796875,2247.8076171875,1163.7249755859375,2185.2269287109375,1062.4034423828125,125.161376953125,202.64306640625
IMG_0050.mp4,1084,36.169466666666665,29.97002997002997,341,2,traffic_signs,0.8300793170928955,844.0482177734375,980.4744873046875,899.7171630859375,1065.1685791015625,871.8826904296875,1022.821533203125,55.6689453125,84.694091796875
IMG_0050.mp4,1084,36.169466666666665,29.97002997002997,378,2,traffic_signs,0.7660749554634094,1285.7117919921875,1077.9000244140625,1342.856201171875,1149.021484375,1314.2839965820312,1113.4607543945312,57.1444091796875,71.1214599609375
IMG_0050.mp4,1084,36.169466666666665,29.97002997002997,366,2,traffic_signs,0.4186214506626129,635.8258056640625,1017.5656127929688,664.0109252929688,1043.9810791015625,649.9183654785156,1030.7733459472656,28.18511962890625,26.41546630859375
IMG_0050.mp4,1085,36.20283333333333,29.97002997002997,309,2,traffic_signs,0.945881187915802,2120.68701171875,960.4078979492188,2246.132568359375,1164.013916015625,2183.4097900390625,1062.2109069824219,125.445556640625,203.60601806640625
IMG_0050.mp4,1085,36.20283333333333,29.97002997002997,341,2,traffic_signs,0.7717971801757812,840.3475341796875,980.79345703125,894.83740234375,1066.756591796875,867.5924682617188,1023.7750244140625,54.4898681640625,85.963134765625
IMG_0050.mp4,1085,36.20283333333333,29.97002997002997,378,2,traffic_signs,0.807686984539032,1283.0672607421875,1077.822509765625,1342.033447265625,1149.981201171875,1312.5503540039062,1113.90185546875,58.9661865234375,72.15869140625
IMG_0050.mp4,1086,36.236200000000004,29.97002997002997,309,2,traffic_signs,0.9290297031402588,2119.0654296875,958.876708984375,2243.0986328125,1162.71435546875,2181.08203125,1060.7955322265625,124.033203125,203.837646484375
IMG_0050.mp4,1086,36.236200000000004,29.97002997002997,341,2,traffic_signs,0.7007086873054504,837.1791381835938,981.28564453125,890.4227905273438,1065.3326416015625,863.8009643554688,1023.3091430664062,53.24365234375,84.0469970703125
IMG_0050.mp4,1086,36.236200000000004,29.97002997002997,378,2,traffic_signs,0.7613347768783569,1280.032958984375,1077.768310546875,1340.1224365234375,1151.0167236328125,1310.0776977539062,1114.3925170898438,60.0894775390625,73.2484130859375
IMG_0050.mp4,1087,36.26956666666667,29.97002997002997,309,2,traffic_signs,0.9355656504631042,2116.349853515625,957.4758911132812,2239.5244140625,1161.90234375,2177.9371337890625,1059.6891174316406,123.174560546875,204.42645263671875
IMG_0050.mp4,1087,36.26956666666667,29.97002997002997,341,2,traffic_signs,0.7419582605361938,833.2179565429688,980.2852172851562,885.840576171875,1062.656494140625,859.5292663574219,1021.4708557128906,52.62261962890625,82.37127685546875
IMG_0050.mp4,1087,36.26956666666667,29.97002997002997,378,2,traffic_signs,0.7782856822013855,1276.82666015625,1077.4501953125,1337.104248046875,1151.3648681640625,1306.9654541015625,1114.4075317382812,60.277587890625,73.9146728515625
IMG_0050.mp4,1088,36.302933333333335,29.97002997002997,309,2,traffic_signs,0.9357365965843201,2113.44482421875,956.1315307617188,2237.106689453125,1160.9771728515625,2175.2757568359375,1058.5543518066406,123.661865234375,204.84564208984375
IMG_0050.mp4,1088,36.302933333333335,29.97002997002997,341,2,traffic_signs,0.8169894218444824,829.33154296875,979.5194091796875,882.4539184570312,1060.8416748046875,855.8927307128906,1020.1805419921875,53.12237548828125,81.322265625
IMG_0050.mp4,1088,36.302933333333335,29.97002997002997,378,2,traffic_signs,0.7384631633758545,1274.7398681640625,1077.425048828125,1334.8206787109375,1151.64794921875,1304.7802734375,1114.5364990234375,60.080810546875,74.222900390625
IMG_0050.mp4,1089,36.3363,29.97002997002997,309,2,traffic_signs,0.9356346130371094,2110.579833984375,954.5177001953125,2234.898193359375,1160.9100341796875,2172.739013671875,1057.7138671875,124.318359375,206.392333984375
IMG_0050.mp4,1089,36.3363,29.97002997002997,341,2,traffic_signs,0.8198553919792175,823.0718994140625,978.145263671875,878.173828125,1060.7586669921875,850.6228637695312,1019.4519653320312,55.1019287109375,82.6134033203125
IMG_0050.mp4,1089,36.3363,29.97002997002997,378,2,traffic_signs,0.5744348764419556,1271.8402099609375,1077.545166015625,1332.0631103515625,1152.3031005859375,1301.95166015625,1114.9241333007812,60.222900390625,74.7579345703125
IMG_0050.mp4,1089,36.3363,29.97002997002997,366,2,traffic_signs,0.2944473326206207,618.1124267578125,1016.5634155273438,644.918701171875,1043.1800537109375,631.5155639648438,1029.8717346191406,26.8062744140625,26.61663818359375
IMG_0050.mp4,1090,36.36966666666667,29.97002997002997,309,2,traffic_signs,0.9352099895477295,2108.22119140625,952.5142822265625,2232.703125,1160.7869873046875,2170.462158203125,1056.650634765625,124.48193359375,208.272705078125
IMG_0050.mp4,1090,36.36966666666667,29.97002997002997,341,2,traffic_signs,0.802087128162384,818.218017578125,977.8182373046875,872.7654418945312,1062.005126953125,845.4917297363281,1019.9116821289062,54.54742431640625,84.1868896484375
IMG_0050.mp4,1090,36.36966666666667,29.97002997002997,378,2,traffic_signs,0.4456362724304199,1269.65576171875,1077.64208984375,1330.558837890625,1152.5528564453125,1300.1072998046875,1115.0974731445312,60.903076171875,74.9107666015625
IMG_0050.mp4,1090,36.36966666666667,29.97002997002997,366,2,traffic_signs,0.3290431499481201,614.3963623046875,1015.4129028320312,641.5034790039062,1042.3648681640625,627.9499206542969,1028.8888854980469,27.10711669921875,26.95196533203125
IMG_0050.mp4,1091,36.40303333333333,29.97002997002997,309,2,traffic_signs,0.9347414374351501,2106.86328125,950.289794921875,2231.473876953125,1160.232421875,2169.1685791015625,1055.2611083984375,124.610595703125,209.942626953125
IMG_0050.mp4,1091,36.40303333333333,29.97002997002997,341,2,traffic_signs,0.7335634827613831,815.2489624023438,977.5911254882812,868.8173217773438,1060.8975830078125,842.0331420898438,1019.2443542480469,53.568359375,83.30645751953125
IMG_0050.mp4,1091,36.40303333333333,29.97002997002997,366,2,traffic_signs,0.264336496591568,611.4984130859375,1014.7393188476562,639.9995727539062,1041.4063720703125,625.7489929199219,1028.0728454589844,28.50115966796875,26.66705322265625
IMG_0050.mp4,1092,36.4364,29.97002997002997,309,2,traffic_signs,0.9362537264823914,2105.563720703125,948.6213989257812,2229.189453125,1159.20703125,2167.3765869140625,1053.9142150878906,123.625732421875,210.58563232421875
IMG_0050.mp4,1092,36.4364,29.97002997002997,341,2,traffic_signs,0.6504451632499695,812.1686401367188,977.558349609375,864.6953735351562,1059.5579833984375,838.4320068359375,1018.5581665039062,52.5267333984375,81.9996337890625
IMG_0050.mp4,1092,36.4364,29.97002997002997,378,2,traffic_signs,0.6083927750587463,1265.6922607421875,1077.6015625,1327.0606689453125,1151.8997802734375,1296.37646484375,1114.7506713867188,61.368408203125,74.2982177734375
IMG_0050.mp4,1093,36.469766666666665,29.97002997002997,309,2,traffic_signs,0.9364286065101624,2103.885009765625,948.4912109375,2227.298828125,1158.42333984375,2165.5919189453125,1053.457275390625,123.413818359375,209.93212890625
IMG_0050.mp4,1093,36.469766666666665,29.97002997002997,341,2,traffic_signs,0.7333496809005737,809.4613647460938,977.9591064453125,860.9592895507812,1058.2718505859375,835.2103271484375,1018.115478515625,51.4979248046875,80.312744140625
IMG_0050.mp4,1093,36.469766666666665,29.97002997002997,378,2,traffic_signs,0.371933251619339,1263.2412109375,1075.5986328125,1322.8719482421875,1151.2862548828125,1293.0565795898438,1113.4424438476562,59.6307373046875,75.6876220703125
IMG_0050.mp4,1094,36.50313333333333,29.97002997002997,309,2,traffic_signs,0.9359512329101562,2102.154052734375,948.9052734375,2225.921142578125,1157.1053466796875,2164.03759765625,1053.0053100585938,123.76708984375,208.2000732421875
IMG_0050.mp4,1094,36.50313333333333,29.97002997002997,341,2,traffic_signs,0.7603479027748108,805.9467163085938,978.298828125,858.4921875,1058.682373046875,832.2194519042969,1018.4906005859375,52.54547119140625,80.383544921875
IMG_0050.mp4,1094,36.50313333333333,29.97002997002997,378,2,traffic_signs,0.3751882016658783,1260.904541015625,1074.7513427734375,1317.4901123046875,1150.573974609375,1289.1973266601562,1112.6626586914062,56.5855712890625,75.8226318359375
IMG_0050.mp4,1095,36.536500000000004,29.97002997002997,309,2,traffic_signs,0.9333524703979492,2100.3671875,949.0056762695312,2223.7138671875,1156.069091796875,2162.04052734375,1052.5373840332031,123.3466796875,207.06341552734375
IMG_0050.mp4,1095,36.536500000000004,29.97002997002997,341,2,traffic_signs,0.8547306656837463,800.6787109375,977.5259399414062,854.993408203125,1058.24853515625,827.8360595703125,1017.8872375488281,54.314697265625,80.72259521484375
IMG_0050.mp4,1095,36.536500000000004,29.97002997002997,378,2,traffic_signs,0.28055623173713684,1256.6468505859375,1074.3875732421875,1307.0150146484375,1149.35693359375,1281.8309326171875,1111.8722534179688,50.3681640625,74.9693603515625
IMG_0050.mp4,1096,36.56986666666667,29.97002997002997,309,2,traffic_signs,0.9329811334609985,2099.360595703125,948.6445922851562,2222.56689453125,1155.16845703125,2160.9637451171875,1051.9065246582031,123.206298828125,206.52386474609375
IMG_0050.mp4,1096,36.56986666666667,29.97002997002997,341,2,traffic_signs,0.8328350186347961,797.4615478515625,976.6641845703125,851.6655883789062,1057.9517822265625,824.5635681152344,1017.3079833984375,54.20404052734375,81.28759765625
IMG_0050.mp4,1097,36.603233333333336,29.97002997002997,309,2,traffic_signs,0.9325485229492188,2097.547607421875,948.5032958984375,2221.10986328125,1154.68359375,2159.3287353515625,1051.5934448242188,123.562255859375,206.1802978515625
IMG_0050.mp4,1097,36.603233333333336,29.97002997002997,341,2,traffic_signs,0.7916055917739868,794.3143920898438,976.3234252929688,848.1723022460938,1058.4381103515625,821.2433471679688,1017.3807678222656,53.85791015625,82.11468505859375
IMG_0050.mp4,1097,36.603233333333336,29.97002997002997,378,2,traffic_signs,0.3617804944515228,1251.9521484375,1073.4378662109375,1299.73046875,1148.603759765625,1275.84130859375,1111.0208129882812,47.7783203125,75.1658935546875
IMG_0050.mp4,1098,36.6366,29.97002997002997,309,2,traffic_signs,0.9314611554145813,2095.333984375,947.06787109375,2218.01220703125,1152.9879150390625,2156.673095703125,1050.0278930664062,122.67822265625,205.9200439453125
IMG_0050.mp4,1098,36.6366,29.97002997002997,341,2,traffic_signs,0.8225831985473633,791.7429809570312,975.4808959960938,844.4745483398438,1057.322998046875,818.1087646484375,1016.4019470214844,52.7315673828125,81.84210205078125
IMG_0050.mp4,1098,36.6366,29.97002997002997,378,2,traffic_signs,0.5135455131530762,1249.9794921875,1072.6717529296875,1301.06982421875,1148.4400634765625,1275.524658203125,1110.555908203125,51.09033203125,75.768310546875
IMG_0050.mp4,1099,36.66996666666667,29.97002997002997,309,2,traffic_signs,0.930870771408081,2094.224365234375,945.64404296875,2215.5615234375,1152.5721435546875,2154.8929443359375,1049.1080932617188,121.337158203125,206.9281005859375
IMG_0050.mp4,1099,36.66996666666667,29.97002997002997,341,2,traffic_signs,0.633591890335083,789.9949340820312,976.1848754882812,842.3013305664062,1055.614501953125,816.1481323242188,1015.8996887207031,52.306396484375,79.42962646484375
IMG_0050.mp4,1099,36.66996666666667,29.97002997002997,378,2,traffic_signs,0.46751174330711365,1248.953369140625,1072.1094970703125,1303.9622802734375,1148.65234375,1276.4578247070312,1110.3809204101562,55.0089111328125,76.5428466796875
IMG_0050.mp4,1100,36.70333333333333,29.97002997002997,309,2,traffic_signs,0.9304128885269165,2092.31884765625,943.7103271484375,2213.860107421875,1151.9698486328125,2153.0894775390625,1047.840087890625,121.541259765625,208.259521484375
IMG_0050.mp4,1100,36.70333333333333,29.97002997002997,341,2,traffic_signs,0.7949144840240479,785.7290649414062,975.0322875976562,839.1467895507812,1054.7364501953125,812.4379272460938,1014.8843688964844,53.417724609375,79.70416259765625
IMG_0050.mp4,1101,36.7367,29.97002997002997,309,2,traffic_signs,0.9291146397590637,2090.930908203125,942.1790161132812,2212.4365234375,1151.8577880859375,2151.6837158203125,1047.0184020996094,121.505615234375,209.67877197265625
IMG_0050.mp4,1101,36.7367,29.97002997002997,341,2,traffic_signs,0.8461020588874817,782.4195556640625,975.3468627929688,835.6713256835938,1054.164306640625,809.0454406738281,1014.7555847167969,53.25177001953125,78.81744384765625
IMG_0050.mp4,1101,36.7367,29.97002997002997,378,2,traffic_signs,0.49994850158691406,1245.4794921875,1074.1470947265625,1289.484375,1146.48388671875,1267.48193359375,1110.3154907226562,44.0048828125,72.3367919921875
IMG_0050.mp4,1102,36.770066666666665,29.97002997002997,309,2,traffic_signs,0.9259527921676636,2089.572265625,940.5337524414062,2211.849853515625,1150.165771484375,2150.7110595703125,1045.3497619628906,122.277587890625,209.63201904296875
IMG_0050.mp4,1102,36.770066666666665,29.97002997002997,341,2,traffic_signs,0.8652047514915466,778.07763671875,974.228515625,832.5007934570312,1053.916259765625,805.2892150878906,1014.0723876953125,54.42315673828125,79.687744140625
IMG_0050.mp4,1102,36.770066666666665,29.97002997002997,378,2,traffic_signs,0.5904353857040405,1243.7978515625,1074.499267578125,1286.026123046875,1146.1427001953125,1264.9119873046875,1110.3209838867188,42.228271484375,71.6434326171875
IMG_0050.mp4,1103,36.80343333333333,29.97002997002997,309,2,traffic_signs,0.9243660569190979,2087.8671875,940.5044555664062,2210.081298828125,1149.39697265625,2148.9742431640625,1044.9507141113281,122.214111328125,208.89251708984375
IMG_0050.mp4,1103,36.80343333333333,29.97002997002997,341,2,traffic_signs,0.8319554328918457,773.2026977539062,970.9146118164062,828.199462890625,1054.56298828125,800.7010803222656,1012.7388000488281,54.99676513671875,83.64837646484375
IMG_0050.mp4,1103,36.80343333333333,29.97002997002997,378,2,traffic_signs,0.6557866930961609,1241.91748046875,1074.3857421875,1282.08544921875,1145.846923828125,1262.00146484375,1110.1163330078125,40.16796875,71.461181640625
IMG_0050.mp4,1104,36.836800000000004,29.97002997002997,309,2,traffic_signs,0.9236281514167786,2086.974365234375,940.3635864257812,2208.31298828125,1148.564453125,2147.6436767578125,1044.4640197753906,121.338623046875,208.20086669921875
IMG_0050.mp4,1104,36.836800000000004,29.97002997002997,341,2,traffic_signs,0.8367972373962402,769.9885864257812,968.4949340820312,824.625244140625,1054.610595703125,797.3069152832031,1011.5527648925781,54.63665771484375,86.11566162109375
IMG_0050.mp4,1104,36.836800000000004,29.97002997002997,378,2,traffic_signs,0.6022299528121948,1240.5076904296875,1074.09716796875,1286.7615966796875,1146.46484375,1263.6346435546875,1110.281005859375,46.25390625,72.36767578125
IMG_0050.mp4,1105,36.87016666666667,29.97002997002997,309,2,traffic_signs,0.9204017519950867,2085.201416015625,939.247802734375,2206.7880859375,1147.5107421875,2145.9947509765625,1043.3792724609375,121.586669921875,208.262939453125
IMG_0050.mp4,1105,36.87016666666667,29.97002997002997,341,2,traffic_signs,0.832309365272522,766.5267944335938,968.8136596679688,821.4666748046875,1053.709228515625,793.9967346191406,1011.2614440917969,54.93988037109375,84.89556884765625
IMG_0050.mp4,1105,36.87016666666667,29.97002997002997,378,2,traffic_signs,0.5248925089836121,1238.666015625,1073.28369140625,1289.7279052734375,1146.6868896484375,1264.1969604492188,1109.9852905273438,51.0618896484375,73.4031982421875
IMG_0050.mp4,1106,36.903533333333336,29.97002997002997,309,2,traffic_signs,0.9184324145317078,2083.04150390625,938.5403442382812,2204.87841796875,1146.7120361328125,2143.9599609375,1042.6261901855469,121.8369140625,208.17169189453125
IMG_0050.mp4,1106,36.903533333333336,29.97002997002997,341,2,traffic_signs,0.7591070532798767,763.5570678710938,969.030517578125,818.240966796875,1052.586669921875,790.8990173339844,1010.80859375,54.68389892578125,83.55615234375
IMG_0050.mp4,1106,36.903533333333336,29.97002997002997,378,2,traffic_signs,0.3957521617412567,1236.170654296875,1072.5526123046875,1287.145263671875,1145.596435546875,1261.657958984375,1109.0745239257812,50.974609375,73.0438232421875
IMG_0050.mp4,1107,36.9369,29.97002997002997,309,2,traffic_signs,0.920799195766449,2081.03955078125,936.9867553710938,2203.21728515625,1146.4837646484375,2142.12841796875,1041.7352600097656,122.177734375,209.49700927734375
IMG_0050.mp4,1107,36.9369,29.97002997002997,341,2,traffic_signs,0.8012756109237671,760.5993041992188,968.3745727539062,815.2908325195312,1051.5943603515625,787.945068359375,1009.9844665527344,54.6915283203125,83.21978759765625
IMG_0050.mp4,1107,36.9369,29.97002997002997,378,2,traffic_signs,0.4654541313648224,1234.2576904296875,1071.91259765625,1283.272705078125,1144.2001953125,1258.7651977539062,1108.056396484375,49.0150146484375,72.28759765625
IMG_0050.mp4,1108,36.97026666666667,29.97002997002997,309,2,traffic_signs,0.922664999961853,2079.135009765625,935.153564453125,2201.645263671875,1146.9561767578125,2140.39013671875,1041.0548706054688,122.51025390625,211.8026123046875
IMG_0050.mp4,1108,36.97026666666667,29.97002997002997,341,2,traffic_signs,0.7907175421714783,757.8342895507812,967.6906127929688,812.356201171875,1051.931640625,785.0952453613281,1009.8111267089844,54.52191162109375,84.24102783203125
IMG_0050.mp4,1108,36.97026666666667,29.97002997002997,378,2,traffic_signs,0.5444059371948242,1231.93798828125,1071.6246337890625,1281.5076904296875,1143.7645263671875,1256.7228393554688,1107.694580078125,49.5697021484375,72.139892578125
IMG_0050.mp4,1109,37.00363333333333,29.97002997002997,309,2,traffic_signs,0.9261530637741089,2077.20263671875,933.17919921875,2199.87060546875,1146.740234375,2138.53662109375,1039.959716796875,122.66796875,213.56103515625
IMG_0050.mp4,1109,37.00363333333333,29.97002997002997,341,2,traffic_signs,0.7819241285324097,753.915283203125,968.092529296875,809.2544555664062,1051.19970703125,781.5848693847656,1009.6461181640625,55.33917236328125,83.107177734375
IMG_0050.mp4,1109,37.00363333333333,29.97002997002997,378,2,traffic_signs,0.36970892548561096,1229.2379150390625,1070.6917724609375,1276.4307861328125,1143.881591796875,1252.8343505859375,1107.2866821289062,47.19287109375,73.1898193359375
IMG_0050.mp4,1110,37.037,29.97002997002997,309,2,traffic_signs,0.9339917898178101,2075.2607421875,931.8602294921875,2198.886962890625,1145.739990234375,2137.0738525390625,1038.8001098632812,123.626220703125,213.8797607421875
IMG_0050.mp4,1110,37.037,29.97002997002997,341,2,traffic_signs,0.8275402188301086,751.5974731445312,967.845458984375,807.6718139648438,1050.908935546875,779.6346435546875,1009.377197265625,56.0743408203125,83.0634765625
IMG_0050.mp4,1110,37.037,29.97002997002997,378,2,traffic_signs,0.2820080816745758,1228.279052734375,1069.3203125,1277.5185546875,1144.741455078125,1252.8988037109375,1107.0308837890625,49.239501953125,75.421142578125
IMG_0050.mp4,1111,37.070366666666665,29.97002997002997,309,2,traffic_signs,0.9418327808380127,2072.877197265625,930.6779174804688,2197.03076171875,1145.3507080078125,2134.9539794921875,1038.0143127441406,124.153564453125,214.67279052734375
IMG_0050.mp4,1111,37.070366666666665,29.97002997002997,341,2,traffic_signs,0.8221530318260193,746.8704223632812,966.7501831054688,804.135498046875,1051.8170166015625,775.5029602050781,1009.2835998535156,57.26507568359375,85.06683349609375
IMG_0050.mp4,1112,37.10373333333333,29.97002997002997,309,2,traffic_signs,0.94326251745224,2071.559814453125,929.7059936523438,2195.850341796875,1144.15966796875,2133.705078125,1036.9328308105469,124.29052734375,214.45367431640625
IMG_0050.mp4,1112,37.10373333333333,29.97002997002997,341,2,traffic_signs,0.7689804434776306,744.4496459960938,967.3939819335938,801.0502319335938,1051.8460693359375,772.7499389648438,1009.6200256347656,56.6005859375,84.45208740234375
IMG_0050.mp4,1113,37.137100000000004,29.97002997002997,309,2,traffic_signs,0.9430948495864868,2071.6962890625,929.7589111328125,2197.3056640625,1142.5885009765625,2134.5009765625,1036.1737060546875,125.609375,212.82958984375
IMG_0050.mp4,1113,37.137100000000004,29.97002997002997,341,2,traffic_signs,0.4964686334133148,744.8059692382812,966.2764282226562,804.602294921875,1051.876708984375,774.7041320800781,1009.0765686035156,59.79632568359375,85.60028076171875
IMG_0050.mp4,1113,37.137100000000004,29.97002997002997,378,2,traffic_signs,0.5435890555381775,1226.7767333984375,1067.6741943359375,1290.0418701171875,1145.234619140625,1258.4093017578125,1106.4544067382812,63.26513671875,77.5604248046875
IMG_0050.mp4,1114,37.17046666666667,29.97002997002997,309,2,traffic_signs,0.9484418630599976,2066.93115234375,927.70263671875,2192.70703125,1139.684814453125,2129.819091796875,1033.6937255859375,125.77587890625,211.982177734375
IMG_0050.mp4,1114,37.17046666666667,29.97002997002997,378,2,traffic_signs,0.4537215828895569,1222.665283203125,1066.8828125,1288.6766357421875,1145.993896484375,1255.6709594726562,1106.4383544921875,66.0113525390625,79.111083984375
IMG_0050.mp4,1115,37.203833333333336,29.97002997002997,309,2,traffic_signs,0.9498578906059265,2068.401123046875,927.0210571289062,2192.73291015625,1139.140869140625,2130.5670166015625,1033.0809631347656,124.331787109375,212.11981201171875
IMG_0050.mp4,1116,37.2372,29.97002997002997,309,2,traffic_signs,0.9446962475776672,2062.841064453125,926.071044921875,2186.041259765625,1138.4412841796875,2124.441162109375,1032.2561645507812,123.2001953125,212.3702392578125
IMG_0050.mp4,1116,37.2372,29.97002997002997,341,2,traffic_signs,0.3303665518760681,731.1768188476562,967.3118896484375,787.4275512695312,1049.4461669921875,759.3021850585938,1008.3790283203125,56.250732421875,82.13427734375
IMG_0050.mp4,1116,37.2372,29.97002997002997,378,2,traffic_signs,0.2691188454627991,1217.7113037109375,1068.86376953125,1281.9654541015625,1146.6761474609375,1249.83837890625,1107.7699584960938,64.254150390625,77.8123779296875
IMG_0050.mp4,1117,37.27056666666667,29.97002997002997,309,2,traffic_signs,0.9462252855300903,2064.130859375,925.5715942382812,2187.01318359375,1138.0999755859375,2125.572021484375,1031.8357849121094,122.88232421875,212.52838134765625
IMG_0050.mp4,1117,37.27056666666667,29.97002997002997,341,2,traffic_signs,0.29008418321609497,732.2660522460938,968.688720703125,786.8756103515625,1049.086181640625,759.5708312988281,1008.887451171875,54.60955810546875,80.3974609375
IMG_0050.mp4,1118,37.30393333333333,29.97002997002997,309,2,traffic_signs,0.9476980566978455,2060.44140625,924.1782836914062,2182.766357421875,1135.904296875,2121.6038818359375,1030.0412902832031,122.324951171875,211.72601318359375
IMG_0050.mp4,1118,37.30393333333333,29.97002997002997,341,2,traffic_signs,0.2728702127933502,725.7232666015625,964.88671875,782.6470336914062,1048.354248046875,754.1851501464844,1006.6204833984375,56.92376708984375,83.467529296875
IMG_0050.mp4,1119,37.3373,29.97002997002997,309,2,traffic_signs,0.9509152173995972,2059.794921875,923.058349609375,2181.789794921875,1135.412353515625,2120.7923583984375,1029.2353515625,121.994873046875,212.35400390625
IMG_0050.mp4,1120,37.370666666666665,29.97002997002997,309,2,traffic_signs,0.7882354259490967,2057.9599609375,921.7424926757812,2179.647216796875,1134.4971923828125,2118.8035888671875,1028.1198425292969,121.687255859375,212.75469970703125
IMG_0050.mp4,1121,37.40403333333333,29.97002997002997,309,2,traffic_signs,0.9518038630485535,2055.15283203125,920.0563354492188,2177.40478515625,1134.306640625,2116.27880859375,1027.1814880371094,122.251953125,214.25030517578125
IMG_0050.mp4,1121,37.40403333333333,29.97002997002997,341,2,traffic_signs,0.3113265633583069,718.717041015625,961.3717041015625,774.2423095703125,1047.3482666015625,746.4796752929688,1004.3599853515625,55.5252685546875,85.9765625
IMG_0050.mp4,1122,37.437400000000004,29.97002997002997,309,2,traffic_signs,0.9478870630264282,2055.182373046875,918.2880249023438,2176.9326171875,1133.5125732421875,2116.0574951171875,1025.9002990722656,121.750244140625,215.22454833984375
IMG_0050.mp4,1122,37.437400000000004,29.97002997002997,341,2,traffic_signs,0.25824806094169617,717.45068359375,960.781982421875,772.7896728515625,1046.6278076171875,745.1201782226562,1003.7048950195312,55.3389892578125,85.8458251953125
IMG_0050.mp4,1123,37.47076666666667,29.97002997002997,309,2,traffic_signs,0.9419068098068237,2053.331787109375,916.4539184570312,2175.370361328125,1132.5738525390625,2114.35107421875,1024.5138854980469,122.03857421875,216.11993408203125
IMG_0050.mp4,1124,37.504133333333336,29.97002997002997,309,2,traffic_signs,0.9381948113441467,2053.026123046875,915.05029296875,2174.945556640625,1131.6517333984375,2113.98583984375,1023.3510131835938,121.91943359375,216.6014404296875
IMG_0050.mp4,1125,37.5375,29.97002997002997,309,2,traffic_signs,0.938723623752594,2050.474853515625,913.7317504882812,2173.044921875,1130.08203125,2111.7598876953125,1021.9068908691406,122.570068359375,216.35028076171875
IMG_0050.mp4,1126,37.57086666666667,29.97002997002997,309,2,traffic_signs,0.9378717541694641,2049.736572265625,912.6181030273438,2172.59375,1127.93505859375,2111.1651611328125,1020.2765808105469,122.857177734375,215.31695556640625
IMG_0050.mp4,1127,37.60423333333333,29.97002997002997,309,2,traffic_signs,0.9359198808670044,2048.6982421875,910.1040649414062,2172.033203125,1126.3052978515625,2110.36572265625,1018.2046813964844,123.3349609375,216.20123291015625
IMG_0050.mp4,1128,37.6376,29.97002997002997,309,2,traffic_signs,0.9390262365341187,2047.7752685546875,908.05908203125,2171.03076171875,1125.2640380859375,2109.4030151367188,1016.6615600585938,123.2554931640625,217.2049560546875
IMG_0050.mp4,1129,37.670966666666665,29.97002997002997,309,2,traffic_signs,0.9399784207344055,2047.631591796875,906.97509765625,2170.70849609375,1124.37646484375,2109.1700439453125,1015.67578125,123.076904296875,217.4013671875
IMG_0050.mp4,1130,37.70433333333333,29.97002997002997,309,2,traffic_signs,0.9397103190422058,2046.1695556640625,906.0036010742188,2168.382080078125,1123.587890625,2107.2758178710938,1014.7957458496094,122.2125244140625,217.58428955078125
IMG_0050.mp4,1131,37.737700000000004,29.97002997002997,309,2,traffic_signs,0.9402983784675598,2046.0511474609375,905.5751953125,2167.83154296875,1122.817138671875,2106.9413452148438,1014.1961669921875,121.7803955078125,217.241943359375
IMG_0050.mp4,1132,37.77106666666667,29.97002997002997,309,2,traffic_signs,0.9388893246650696,2044.96240234375,904.467041015625,2166.287841796875,1121.5050048828125,2105.6251220703125,1012.9860229492188,121.325439453125,217.0379638671875
IMG_0050.mp4,1133,37.804433333333336,29.97002997002997,309,2,traffic_signs,0.9386107921600342,2043.4857177734375,903.6255493164062,2164.6044921875,1120.142822265625,2104.0451049804688,1011.8841857910156,121.1187744140625,216.51727294921875
IMG_0050.mp4,1134,37.8378,29.97002997002997,309,2,traffic_signs,0.937488317489624,2042.769775390625,902.6332397460938,2163.75634765625,1119.1221923828125,2103.2630615234375,1010.8777160644531,120.986572265625,216.48895263671875
IMG_0050.mp4,1135,37.87116666666667,29.97002997002997,309,2,traffic_signs,0.936353862285614,2042.107421875,902.3118896484375,2163.168212890625,1118.9853515625,2102.6378173828125,1010.6486206054688,121.060791015625,216.6734619140625
IMG_0050.mp4,1136,37.90453333333333,29.97002997002997,309,2,traffic_signs,0.9367653131484985,2038.302734375,900.2583618164062,2160.772216796875,1117.3922119140625,2099.5374755859375,1008.8252868652344,122.469482421875,217.13385009765625
IMG_0050.mp4,1137,37.9379,29.97002997002997,309,2,traffic_signs,0.9368186593055725,2039.03173828125,899.6176147460938,2161.191162109375,1116.5377197265625,2100.1114501953125,1008.0776672363281,122.159423828125,216.92010498046875
